CalculateIndicators/WaterTemperature/Data/CTD_NYOS/20231005_C19.cnv
* Sea-Bird SBE 9 Data File:
* FileName = C:\Seabird 9 CTD\Data\2023\202309_offshore\20231005_C19.hex
* Software Version Seasave V 7.23.2
* Temperature SN = 4590
* Conductivity SN = 3228
* Number of Bytes Per Scan = 44
* Number of Voltage Words = 5
* Number of Scans Averaged by the Deck Unit = 1
* NMEA Latitude = 40 53.48 N
* NMEA Longitude = 072 12.49 W
* NMEA UTC (Time) = Oct 05 2023  04:05:14
* NMEA baud rate = 4800
** Ship: seawolf
** Station: 11.1
** Operator: tcm
# nquan = 18
# nvalues = 7132                        
# units = specified
# name 0 = latitude: Latitude [deg]
# name 1 = longitude: Longitude [deg]
# name 2 = prDM: Pressure, Digiquartz [db]
# name 3 = depSM: Depth [salt water, m]
# name 4 = t090C: Temperature [ITS-90, deg C]
# name 5 = sal00: Salinity, Practical [PSU]
# name 6 = ph: pH
# name 7 = flECO-AFL: Fluorescence, WET Labs ECO-AFL/FL [mg/m^3]
# name 8 = cpar: CPAR/Corrected Irradiance [%]
# name 9 = density00: Density [density, kg/m^3]
# name 10 = potemp090C: Potential Temperature [ITS-90, deg C]
# name 11 = sigma-é00: Density [sigma-theta, kg/m^3]
# name 12 = sbeox0Mg/L: Oxygen, SBE 43 [mg/l]
# name 13 = sbox0Mm/Kg: Oxygen, SBE 43 [umol/kg]
# name 14 = oxsolMg/L: Oxygen Saturation, Garcia & Gordon [mg/l]
# name 15 = oxsolMm/Kg: Oxygen Saturation, Garcia & Gordon [umol/kg]
# name 16 = sbeox0PS: Oxygen, SBE 43 [% saturation]
# name 17 = flag:  0.000e+00
# span 0 =   40.89132,   40.89170       
# span 1 =  -72.20828,  -72.20812       
# span 2 =      1.986,     19.951       
# span 3 =      1.970,     19.795       
# span 4 =    17.3064,    18.9262       
# span 5 =    31.1052,    31.4662       
# span 6 =      7.864,      7.936       
# span 7 =     0.4446,     2.0294       
# span 8 = 5.0640e-11, 9.9999e+04       
# span 9 =  1022.0892,  1022.8207       
# span 10 =    17.3032,    18.9258      
# span 11 =    22.0893,    22.7335      
# span 12 =     6.8711,     8.3383      
# span 13 =    209.955,    254.863      
# span 14 =    7.71649,    7.94537      
# span 15 =  235.91941,  242.77698      
# span 16 =     86.522,    106.147      
# span 17 = 0.0000e+00, 0.0000e+00      
# interval = seconds: 0.0416667
# start_time = Oct 05 2023 04:05:18 [System UTC, first data scan.]
# bad_flag = -9.990e-29
*END*
[from data line 4825]
   40.89158  -72.20818      5.670      5.626    17.9316    31.2473      7.909     1.5728 5.0640e-11  1022.4420    17.9307    22.4169     7.9042    241.594    7.85982  240.23809    100.565 0.0000e+00
   40.89158  -72.20818      5.661      5.617    17.9319    31.2469      7.909     1.5862 9.9999e+04  1022.4412    17.9310    22.4166     7.9043    241.597    7.86021  240.24967    100.561 0.0000e+00
   40.89158  -72.20818      5.639      5.596    17.9318    31.2469      7.909     1.5728 5.0640e-11  1022.4410    17.9308    22.4165     7.9090    241.741    7.86029  240.25206    100.620 0.0000e+00
   40.89158  -72.20818      5.610      5.567    17.9309    31.2469      7.909     1.5728 5.0640e-11  1022.4412    17.9300    22.4167     7.9045    241.603    7.86033  240.25314    100.562 0.0000e+00
   40.89158  -72.20818      5.598      5.555    17.9300    31.2471      7.909     1.5862 5.0640e-11  1022.4417    17.9291    22.4172     7.9041    241.590    7.86040  240.25490    100.556 0.0000e+00
   40.89158  -72.20818      5.590      5.546    17.9293    31.2476      7.909     1.5862 5.0640e-11  1022.4423    17.9284    22.4177     7.9080    241.710    7.86035  240.25354    100.606 0.0000e+00
   40.89158  -72.20818      5.558      5.515    17.9293    31.2481      7.909     1.5728 5.0640e-11  1022.4423    17.9284    22.4181     7.9028    241.552    7.86034  240.25335    100.541 0.0000e+00
   40.89158  -72.20818      5.539      5.496    17.9292    31.2486      7.909     1.5728 5.0640e-11  1022.4428    17.9283    22.4185     7.9064    241.660    7.86031  240.25222    100.586 -9.990e-29
   40.89158  -72.20818      5.538      5.495    17.9299    31.2491      7.909     1.5728 5.0640e-11  1022.4432    17.9289    22.4188     7.9055    241.632    7.86029  240.25156    100.575 -9.990e-29
   40.89158  -72.20818      5.499      5.456    17.9311    31.2491      7.909     1.5728 5.0640e-11  1022.4429    17.9302    22.4188     7.9048    241.612    7.86030  240.25174    100.566 -9.990e-29
   40.89158  -72.20818      5.498      5.455    17.9316    31.2491      7.909     1.5862 5.0640e-11  1022.4431    17.9307    22.4186     7.9085    241.726    7.86021  240.24919    100.615 -9.990e-29
   40.89158  -72.20818      5.458      5.416    17.9328    31.2489      7.909     1.5862 5.0640e-11  1022.4417    17.9319    22.4179     7.9078    241.703    7.86010  240.24578    100.607 -9.990e-29
   40.89158  -72.20818      5.457      5.414    17.9338    31.2482      7.909     1.5593 5.0640e-11  1022.4409    17.9329    22.4171     7.9068    241.675    7.86003  240.24371    100.596 -9.990e-29
   40.89158  -72.20818      5.437      5.395    17.9349    31.2482      7.909     1.4922 5.0640e-11  1022.4402    17.9340    22.4167     7.9062    241.654    7.85998  240.24232    100.588 0.0000e+00
   40.89158  -72.20818      5.406      5.364    17.9364    31.2481      7.909     1.4653 5.0640e-11  1022.4401    17.9355    22.4165     7.9058    241.641    7.85993  240.24083    100.583 0.0000e+00
   40.89158  -72.20818      5.388      5.346    17.9377    31.2481      7.909     1.4653 5.0640e-11  1022.4401    17.9368    22.4162     7.9051    241.623    7.85987  240.23883    100.576 0.0000e+00
   40.89158  -72.20818      5.375      5.334    17.9394    31.2481      7.909     1.4653 5.0640e-11  1022.4393    17.9385    22.4157     7.9090    241.740    7.85977  240.23593    100.626 0.0000e+00
   40.89158  -72.20818      5.356      5.315    17.9404    31.2477      7.909     1.4788 5.0640e-11  1022.4386    17.9395    22.4151     7.9085    241.726    7.85977  240.23592    100.620 0.0000e+00
   40.89158  -72.20818      5.336      5.294    17.9413    31.2474      7.909     1.4788 5.0640e-11  1022.4378    17.9404    22.4146     7.9078    241.703    7.85974  240.23496    100.611 0.0000e+00
   40.89158  -72.20818      5.307      5.266    17.9425    31.2472      7.909     1.4653 5.0640e-11  1022.4376    17.9416    22.4143     7.9073    241.688    7.85970  240.23393    100.605 0.0000e+00
   40.89158  -72.20818      5.294      5.253    17.9432    31.2472      7.909     1.4788 9.9999e+04  1022.4371    17.9423    22.4142     7.9066    241.668    7.85964  240.23214    100.598 0.0000e+00
   40.89158  -72.20818      5.266      5.225    17.9427    31.2472      7.909     1.4653 5.0640e-11  1022.4373    17.9418    22.4143     7.9058    241.642    7.85962  240.23152    100.587 0.0000e+00
   40.89158  -72.20818      5.255      5.214    17.9414    31.2472      7.909     1.4653 5.0640e-11  1022.4378    17.9406    22.4145     7.9053    241.628    7.85970  240.23403    100.580 0.0000e+00
   40.89158  -72.20818      5.226      5.185    17.9415    31.2472      7.909     1.4788 5.0640e-11  1022.4374    17.9406    22.4145     7.9094    241.753    7.85978  240.23658    100.631 -9.990e-29
   40.89158  -72.20818      5.224      5.184    17.9421    31.2472      7.909     1.4653 5.0640e-11  1022.4369    17.9412    22.4143     7.9091    241.744    7.85994  240.24126    100.626 -9.990e-29
   40.89158  -72.20818      5.184      5.144    17.9421    31.2472      7.909     1.4653 5.0640e-11  1022.4368    17.9413    22.4145     7.9086    241.727    7.86000  240.24261    100.618 0.0000e+00
   40.89158  -72.20818      5.173      5.133    17.9410    31.2478      7.909     1.4788 5.0640e-11  1022.4378    17.9401    22.4152     7.9081    241.712    7.85987  240.23820    100.613 0.0000e+00
   40.89158  -72.20818      5.145      5.105    17.9397    31.2483      7.909     1.4788 5.0640e-11  1022.4386    17.9389    22.4157     7.9064    241.660    7.85918  240.21725    100.601 -9.990e-29
   40.89158  -72.20818      5.143      5.103    17.9401    31.2484      7.909     1.4653 5.0640e-11  1022.4381    17.9392    22.4158     7.9000    241.465    7.85819  240.18736    100.532 -9.990e-29
   40.89158  -72.20818      5.103      5.064    17.9395    31.2485      7.909     1.4653 5.0640e-11  1022.4382    17.9387    22.4160     7.9030    241.557    7.85735  240.16200    100.581 0.0000e+00
   40.89158  -72.20818      5.083      5.043    17.9387    31.2488      7.909     1.4653 5.0640e-11  1022.4387    17.9378    22.4164     7.9014    241.509    7.85675  240.14464    100.568 0.0000e+00
   40.89158  -72.20818      5.072      5.032    17.9377    31.2488      7.909     1.4653 5.0640e-11  1022.4391    17.9368    22.4167     7.9005    241.484    7.85663  240.14168    100.559 0.0000e+00
   40.89158  -72.20818      5.052      5.013    17.9371    31.2488      7.909     1.4788 5.0640e-11  1022.4393    17.9363    22.4166     7.8998    241.462    7.85677  240.14570    100.548 0.0000e+00
   40.89158  -72.20818      5.022      4.983    17.9384    31.2480      7.909     1.4788 5.0640e-11  1022.4379    17.9375    22.4159     7.8990    241.438    7.85695  240.15143    100.536 0.0000e+00
   40.89158  -72.20818      5.003      4.964    17.9390    31.2472      7.909     1.4788 5.0640e-11  1022.4367    17.9382    22.4152     7.8982    241.411    7.85719  240.15858    100.522 0.0000e+00
   40.89158  -72.20818      4.981      4.942    17.9384    31.2468      7.909     1.4788 5.0640e-11  1022.4368    17.9375    22.4149     7.9024    241.541    7.85716  240.15723    100.576 0.0000e+00
   40.89158  -72.20818      4.962      4.923    17.9382    31.2466      7.909     1.4788 5.0640e-11  1022.4364    17.9373    22.4148     7.8968    241.368    7.85670  240.14369    100.510 0.0000e+00
   40.89158  -72.20818      4.941      4.903    17.9378    31.2465      7.909     1.5056 5.0640e-11  1022.4365    17.9370    22.4148     7.8958    241.339    7.85636  240.13348    100.502 0.0000e+00
   40.89158  -72.20818      4.911      4.873    17.9377    31.2465      7.909     1.5325 5.0640e-11  1022.4363    17.9369    22.4148     7.8994    241.450    7.85604  240.12383    100.552 0.0000e+00
   40.89158  -72.20818      4.901      4.863    17.9380    31.2465      7.909     1.5459 5.0640e-11  1022.4363    17.9372    22.4147     7.8942    241.289    7.85592  240.12012    100.487 0.0000e+00
   40.89158  -72.20818      4.870      4.832    17.9386    31.2466      7.909     1.5325 5.0640e-11  1022.4355    17.9377    22.4149     7.8932    241.261    7.85595  240.12099    100.475 0.0000e+00
   40.89158  -72.20818      4.850      4.813    17.9369    31.2473      7.909     1.5325 9.9999e+04  1022.4370    17.9361    22.4157     7.8967    241.367    7.85583  240.11733    100.520 0.0000e+00
   40.89164  -72.20816      4.830      4.792    17.9356    31.2481      7.909     1.5325 5.0640e-11  1022.4380    17.9348    22.4166     7.8961    241.348    7.85553  240.10768    100.516 0.0000e+00
   40.89164  -72.20816      4.809      4.772    17.9346    31.2488      7.909     1.5459 5.0640e-11  1022.4383    17.9338    22.4173     7.8948    241.307    7.85464  240.08048    100.511 0.0000e+00
   40.89164  -72.20816      4.789      4.752    17.9344    31.2492      7.909     1.5325 5.0640e-11  1022.4389    17.9336    22.4179     7.8932    241.260    7.85368  240.05103    100.504 0.0000e+00
   40.89164  -72.20816      4.760      4.723    17.9349    31.2492      7.909     1.5325 5.0640e-11  1022.4397    17.9341    22.4179     7.8912    241.198    7.85231  240.00961    100.495 0.0000e+00
   40.89164  -72.20816      4.749      4.712    17.9376    31.2492      7.914     1.5325 5.0640e-11  1022.4381    17.9368    22.4170     7.8936    241.271    7.85078  239.96366    100.545 0.0000e+00
   40.89164  -72.20816      4.719      4.682    17.9401    31.2477      7.914     1.5325 9.9999e+04  1022.4355    17.9393    22.4155     7.8922    241.233    7.84950  239.92627    100.544 0.0000e+00
   40.89164  -72.20816      4.698      4.662    17.9399    31.2473      7.909     1.5325 9.9999e+04  1022.4345    17.9391    22.4148     7.8914    241.208    7.84878  239.90492    100.543 0.0000e+00
   40.89164  -72.20816      4.677      4.641    17.9371    31.2473      7.909     1.5325 9.9999e+04  1022.4356    17.9363    22.4151     7.8907    241.187    7.84827  239.89013    100.540 0.0000e+00
   40.89164  -72.20816      4.658      4.622    17.9365    31.2473      7.909     1.5459 9.9999e+04  1022.4359    17.9357    22.4158     7.8948    241.312    7.84802  239.88261    100.596 0.0000e+00
   40.89164  -72.20816      4.628      4.592    17.9357    31.2481      7.909     1.5325 9.9999e+04  1022.4370    17.9350    22.4166     7.8903    241.175    7.84777  239.87492    100.542 0.0000e+00
   40.89164  -72.20816      4.617      4.581    17.9351    31.2488      7.909     1.5325 9.9999e+04  1022.4377    17.9343    22.4171     7.8940    241.288    7.84734  239.86181    100.595 0.0000e+00
   40.89164  -72.20816      4.587      4.551    17.9354    31.2491      7.914     1.5325 9.9999e+04  1022.4374    17.9346    22.4173     7.8933    241.265    7.84681  239.84561    100.592 0.0000e+00
   40.89164  -72.20816      4.577      4.542    17.9354    31.2493      7.909     1.5325 9.9999e+04  1022.4375    17.9346    22.4175     7.8974    241.392    7.84621  239.82731    100.653 0.0000e+00
   40.89164  -72.20816      4.547      4.512    17.9354    31.2497      7.914     1.5325 9.9999e+04  1022.4379    17.9346    22.4179     7.8921    241.231    7.84567  239.81081    100.592 0.0000e+00
   40.89164  -72.20816      4.526      4.491    17.9354    31.2498      7.909     1.5325 9.9999e+04  1022.4381    17.9347    22.4181     7.8916    241.213    7.84524  239.79762    100.590 0.0000e+00
   40.89164  -72.20816      4.506      4.471    17.9354    31.2498      7.914     1.5325 9.9999e+04  1022.4379    17.9347    22.4180     7.8912    241.203    7.84519  239.79576    100.587 0.0000e+00
   40.89164  -72.20816      4.486      4.452    17.9361    31.2498      7.914     1.5325 9.9999e+04  1022.4374    17.9353    22.4177     7.8953    241.327    7.84490  239.78726    100.642 0.0000e+00
   40.89164  -72.20816      4.455      4.420    17.9370    31.2495      7.909     1.5325 9.9999e+04  1022.4367    17.9362    22.4173     7.8955    241.334    7.84474  239.78277    100.647 0.0000e+00
   40.89164  -72.20816      4.435      4.401    17.9375    31.2493      7.914     1.5325 9.9999e+04  1022.4365    17.9367    22.4171     7.8956    241.337    7.84454  239.77713    100.651 0.0000e+00
   40.89164  -72.20816      4.415      4.381    17.9378    31.2493      7.914     1.5593 9.9999e+04  1022.4362    17.9371    22.4169     7.9003    241.481    7.84441  239.77290    100.712 0.0000e+00
   40.89164  -72.20816      4.394      4.360    17.9382    31.2493      7.914     1.5996 9.9999e+04  1022.4359    17.9375    22.4168     7.9005    241.486    7.84409  239.76336    100.719 0.0000e+00
   40.89164  -72.20816      4.375      4.341    17.9385    31.2494      7.914     1.6131 9.9999e+04  1022.4360    17.9378    22.4169     7.9003    241.481    7.84357  239.74750    100.723 0.0000e+00
   40.89164  -72.20816      4.334      4.300    17.9391    31.2496      7.914     1.5996 9.9999e+04  1022.4359    17.9384    22.4170     7.8995    241.459    7.84261  239.71873    100.726 -9.990e-29
   40.89164  -72.20816      4.334      4.300    17.9390    31.2496      7.914     1.5996 9.9999e+04  1022.4361    17.9383    22.4170     7.9038    241.589    7.84166  239.69001    100.792 -9.990e-29
   40.89164  -72.20816      4.313      4.280    17.9392    31.2496      7.914     1.5996 9.9999e+04  1022.4359    17.9385    22.4169     7.9039    241.592    7.84091  239.66732    100.803 0.0000e+00
   40.89164  -72.20816      4.273      4.240    17.9396    31.2495      7.914     1.5996 9.9999e+04  1022.4354    17.9389    22.4167     7.9040    241.597    7.84037  239.65117    100.812 0.0000e+00
   40.89164  -72.20816      4.264      4.231    17.9401    31.2492      7.914     1.5996 9.9999e+04  1022.4350    17.9393    22.4164     7.9045    241.612    7.84020  239.64641    100.820 0.0000e+00
   40.89164  -72.20816      4.243      4.210    17.9403    31.2489      7.914     1.5996 9.9999e+04  1022.4347    17.9396    22.4162     7.9097    241.771    7.84024  239.64809    100.886 0.0000e+00
   40.89164  -72.20816      4.211      4.179    17.9399    31.2489      7.914     1.5996 9.9999e+04  1022.4343    17.9392    22.4160     7.9153    241.941    7.84037  239.65239    100.955 0.0000e+00
   40.89164  -72.20816      4.183      4.150    17.9394    31.2489      7.914     1.5996 9.9999e+04  1022.4342    17.9387    22.4162     7.9163    241.973    7.84035  239.65104    100.969 0.0000e+00
   40.89164  -72.20816      4.162      4.130    17.9382    31.2494      7.914     1.5996 9.9999e+04  1022.4347    17.9375    22.4169     7.9163    241.973    7.83909  239.61188    100.986 0.0000e+00
   40.89164  -72.20816      4.151      4.119    17.9373    31.2508      7.914     1.5996 9.9999e+04  1022.4361    17.9366    22.4181     7.9190    242.054    7.83595  239.51622    101.059 0.0000e+00
   40.89164  -72.20816      4.121      4.089    17.9373    31.2527      7.914     1.6131 9.9999e+04  1022.4380    17.9367    22.4192     7.9119    241.845    7.82771  239.27232    101.075 0.0000e+00
   40.89164  -72.20816      4.091      4.059    17.9414    31.2527      7.918     1.5996 9.9999e+04  1022.4380    17.9408    22.4192     7.9141    241.911    7.82405  239.15953    101.150 0.0000e+00
   40.89164  -72.20816      4.081      4.049    17.9482    31.2527      7.914     1.6131 9.9999e+04  1022.4360    17.9475    22.4180     7.9181    242.033    7.82200  239.09485    101.229 0.0000e+00
   40.89164  -72.20816      4.040      4.008    17.9540    31.2525      7.918     1.5996 9.9999e+04  1022.4340    17.9533    22.4157     7.9185    242.045    7.82103  239.06633    101.246 0.0000e+00
   40.89164  -72.20816      4.030      3.999    17.9591    31.2502      7.918     1.5996 9.9999e+04  1022.4301    17.9584    22.4129     7.9199    242.089    7.82090  239.06391    101.265 0.0000e+00
