CalculateIndicators/WaterTemperature/Data/CTD_NYOS/20230515_C05.cnv
* Sea-Bird SBE 9 Data File:
* FileName = C:\Seabird 9 CTD\Data\2023\202305_offshore\20230515_C05.hex
* Software Version Seasave V 7.23.2
* Temperature SN = 4590
* Conductivity SN = 3228
* Number of Bytes Per Scan = 44
* Number of Voltage Words = 5
* Number of Scans Averaged by the Deck Unit = 1
* NMEA Latitude = 39 50.64 N
* NMEA Longitude = 072 54.40 W
* NMEA UTC (Time) = May 15 2023  16:51:13
* NMEA baud rate = 4800
** Ship: Seawolf
** Station: 8.4
** Operator: TCM
# nquan = 18
# nvalues = 13780                       
# units = specified
# name 0 = latitude: Latitude [deg]
# name 1 = longitude: Longitude [deg]
# name 2 = prDM: Pressure, Digiquartz [db]
# name 3 = depSM: Depth [salt water, m]
# name 4 = t090C: Temperature [ITS-90, deg C]
# name 5 = sal00: Salinity, Practical [PSU]
# name 6 = ph: pH
# name 7 = flECO-AFL: Fluorescence, WET Labs ECO-AFL/FL [mg/m^3]
# name 8 = cpar: CPAR/Corrected Irradiance [%]
# name 9 = density00: Density [density, kg/m^3]
# name 10 = potemp090C: Potential Temperature [ITS-90, deg C]
# name 11 = sigma-é00: Density [sigma-theta, kg/m^3]
# name 12 = sbeox0Mg/L: Oxygen, SBE 43 [mg/l]
# name 13 = sbox0Mm/Kg: Oxygen, SBE 43 [umol/kg]
# name 14 = oxsolMg/L: Oxygen Saturation, Garcia & Gordon [mg/l]
# name 15 = oxsolMm/Kg: Oxygen Saturation, Garcia & Gordon [umol/kg]
# name 16 = sbeox0PS: Oxygen, SBE 43 [% saturation]
# name 17 = flag:  0.000e+00
# span 0 =   39.84378,   39.84412       
# span 1 =  -72.90682,  -72.90542       
# span 2 =      0.587,     56.102       
# span 3 =      0.583,     55.665       
# span 4 =     7.2982,    13.6570       
# span 5 =     3.1322,    33.1015       
# span 6 =      7.839,      8.067       
# span 7 =    -0.6971,     2.1772       
# span 8 = 1.2033e-02, 1.2764e+02       
# span 9 =  1001.4367,  1026.0951       
# span 10 =     7.2940,    13.6567      
# span 11 =     1.5776,    25.8496      
# span 12 =     8.4120,    10.8984      
# span 13 =    256.322,    340.063      
# span 14 =    8.48478,   10.24581      
# span 15 =  258.83988,  319.67913      
# span 16 =     87.043,    112.982      
# span 17 = 0.0000e+00, 0.0000e+00      
# interval = seconds: 0.0416667
# start_time = May 15 2023 16:51:15 [System UTC, first data scan.]
# bad_flag = -9.990e-29
*END*
[from data line 10212]
   39.84384  -72.90574     14.526     14.414    12.5950    32.6418      8.048     0.6057 4.9159e+00  1024.7100    12.5931    24.6453     9.3543    285.294    8.66507  264.27319    107.954 -9.990e-29
   39.84384  -72.90574     14.534     14.422    12.5936    32.6418      8.048     0.6057 4.9159e+00  1024.7103    12.5917    24.6456     9.3540    285.284    8.66514  264.27588    107.949 -9.990e-29
   39.84384  -72.90574     14.506     14.395    12.5918    32.6421      8.048     0.6057 4.9258e+00  1024.7112    12.5899    24.6465     9.3537    285.277    8.66532  264.28139    107.945 -9.990e-29
   39.84384  -72.90574     14.506     14.395    12.5895    32.6429      8.048     0.6057 4.9397e+00  1024.7128    12.5876    24.6475     9.3537    285.275    8.66557  264.28867    107.941 -9.990e-29
   39.84384  -72.90574     14.503     14.392    12.5884    32.6433      8.048     0.6057 4.9258e+00  1024.7129    12.5866    24.6481     9.3533    285.265    8.66562  264.29004    107.936 -9.990e-29
   39.84384  -72.90574     14.495     14.384    12.5876    32.6437      8.048     0.6057 4.9397e+00  1024.7130    12.5857    24.6485     9.3528    285.249    8.66544  264.28488    107.932 -9.990e-29
   39.84384  -72.90574     14.473     14.362    12.5876    32.6452      8.048     0.6192 4.9536e+00  1024.7132    12.5857    24.6497     9.3525    285.239    8.66541  264.28398    107.929 -9.990e-29
   39.84384  -72.90574     14.486     14.374    12.5861    32.6483      8.048     0.6326 4.9536e+00  1024.7167    12.5842    24.6524     9.3470    285.072    8.66557  264.28893    107.864 -9.990e-29
   39.84384  -72.90574     14.462     14.351    12.5851    32.6524      8.048     0.6326 4.9536e+00  1024.7209    12.5832    24.6557     9.3518    285.217    8.66578  264.29537    107.916 -9.990e-29
   39.84384  -72.90574     14.465     14.354    12.5856    32.6558      8.048     0.6326 4.9536e+00  1024.7234    12.5837    24.6582     9.3465    285.055    8.66599  264.30173    107.852 -9.990e-29
   39.84384  -72.90574     14.453     14.342    12.5874    32.6580      8.048     0.6326 4.9536e+00  1024.7244    12.5855    24.6596     9.3510    285.194    8.66600  264.30191    107.905 -9.990e-29
   39.84384  -72.90574     14.455     14.344    12.5893    32.6585      8.048     0.6326 4.9536e+00  1024.7255    12.5874    24.6601     9.3508    285.186    8.66586  264.29747    107.903 -9.990e-29
   39.84384  -72.90574     14.453     14.342    12.5932    32.6585      8.048     0.6326 4.9258e+00  1024.7244    12.5913    24.6596     9.3451    285.014    8.66568  264.29187    107.840 -9.990e-29
   39.84384  -72.90574     14.444     14.333    12.5972    32.6585      8.048     0.6326 4.9258e+00  1024.7230    12.5953    24.6582     9.3499    285.159    8.66576  264.29492    107.894 -9.990e-29
   39.84384  -72.90574     14.435     14.324    12.6007    32.6570      8.048     0.6326 4.9080e+00  1024.7211    12.5988    24.6564     9.3503    285.172    8.66618  264.30748    107.894 -9.990e-29
   39.84384  -72.90574     14.442     14.331    12.6037    32.6552      8.048     0.6326 4.8844e+00  1024.7187    12.6018    24.6545     9.3454    285.022    8.66652  264.31775    107.833 -9.990e-29
   39.84384  -72.90574     14.425     14.314    12.6056    32.6532      8.048     0.6326 4.8805e+00  1024.7174    12.6037    24.6526     9.3451    285.012    8.66675  264.32456    107.827 -9.990e-29
   39.84384  -72.90574     14.432     14.321    12.6067    32.6505      8.048     0.6326 4.8805e+00  1024.7148    12.6048    24.6503     9.3441    284.981    8.66689  264.32891    107.813 -9.990e-29
   39.84384  -72.90574     14.435     14.324    12.6060    32.6476      8.048     0.6192 4.8531e+00  1024.7119    12.6042    24.6482     9.3491    285.134    8.66704  264.33297    107.869 -9.990e-29
   39.84384  -72.90574     14.432     14.321    12.6030    32.6460      8.048     0.6326 4.8258e+00  1024.7107    12.6011    24.6472     9.3492    285.138    8.66701  264.33190    107.871 -9.990e-29
   39.84384  -72.90574     14.435     14.324    12.6001    32.6460      8.048     0.6326 4.8394e+00  1024.7120    12.5982    24.6475     9.3492    285.138    8.66686  264.32736    107.873 -9.990e-29
   39.84384  -72.90574     14.432     14.321    12.5990    32.6460      8.048     0.6326 4.8123e+00  1024.7127    12.5971    24.6481     9.3492    285.139    8.66672  264.32286    107.875 -9.990e-29
   39.84384  -72.90574     14.435     14.324    12.5980    32.6464      8.048     0.6326 4.7853e+00  1024.7133    12.5961    24.6486     9.3493    285.142    8.66660  264.31932    107.878 -9.990e-29
   39.84384  -72.90574     14.442     14.331    12.5977    32.6464      8.048     0.6326 4.7988e+00  1024.7132    12.5958    24.6487     9.3495    285.146    8.66648  264.31579    107.881 -9.990e-29
   39.84384  -72.90574     14.435     14.324    12.5970    32.6464      8.048     0.6326 4.7718e+00  1024.7130    12.5951    24.6488     9.3550    285.315    8.66642  264.31433    107.945 -9.990e-29
   39.84384  -72.90574     14.444     14.333    12.5957    32.6468      8.048     0.6326 4.7584e+00  1024.7140    12.5938    24.6493     9.3499    285.160    8.66642  264.31477    107.887 -9.990e-29
   39.84384  -72.90574     14.453     14.342    12.5952    32.6472      8.048     0.6326 4.7584e+00  1024.7142    12.5933    24.6498     9.3503    285.171    8.66648  264.31686    107.890 -9.990e-29
   39.84384  -72.90574     14.444     14.333    12.5946    32.6478      8.048     0.6326 4.7451e+00  1024.7149    12.5928    24.6504     9.3507    285.184    8.66657  264.31936    107.894 -9.990e-29
   39.84384  -72.90574     14.453     14.342    12.5943    32.6485      8.048     0.6326 4.7317e+00  1024.7156    12.5925    24.6509     9.3512    285.199    8.66673  264.32424    107.898 -9.990e-29
   39.84384  -72.90574     14.465     14.354    12.5943    32.6493      8.048     0.6192 4.7317e+00  1024.7159    12.5925    24.6515     9.3510    285.194    8.66682  264.32695    107.894 -9.990e-29
   39.84384  -72.90574     14.473     14.362    12.5943    32.6502      8.048     0.6192 4.7317e+00  1024.7173    12.5925    24.6522     9.3507    285.185    8.66684  264.32733    107.891 -9.990e-29
   39.84390  -72.90590     14.475     14.363    12.5952    32.6506      8.048     0.6057 4.7184e+00  1024.7176    12.5933    24.6526     9.3566    285.363    8.66696  264.33094    107.957 -9.990e-29
   39.84390  -72.90590     14.483     14.372    12.5968    32.6506      8.048     0.6057 4.7184e+00  1024.7173    12.5949    24.6524     9.3523    285.233    8.66703  264.33316    107.907 -9.990e-29
   39.84390  -72.90590     14.486     14.374    12.5985    32.6506      8.048     0.6057 4.7184e+00  1024.7166    12.5966    24.6518     9.3527    285.246    8.66707  264.33440    107.911 -9.990e-29
   39.84390  -72.90590     14.492     14.381    12.5997    32.6500      8.048     0.6057 4.7184e+00  1024.7160    12.5978    24.6511     9.3532    285.261    8.66715  264.33688    107.916 -9.990e-29
   39.84390  -72.90590     14.506     14.395    12.6005    32.6489      8.048     0.6057 4.7317e+00  1024.7149    12.5986    24.6501     9.3538    285.278    8.66725  264.33975    107.921 -9.990e-29
   39.84390  -72.90590     14.506     14.395    12.6014    32.6476      8.048     0.6057 4.7147e+00  1024.7136    12.5995    24.6490     9.3543    285.295    8.66731  264.34155    107.926 -9.990e-29
   39.84390  -72.90590     14.523     14.411    12.6012    32.6463      8.048     0.6057 4.7279e+00  1024.7129    12.5993    24.6480     9.3550    285.316    8.66749  264.34726    107.932 -9.990e-29
   39.84390  -72.90590     14.526     14.414    12.6012    32.6463      8.048     0.6057 4.7279e+00  1024.7114    12.5993    24.6472     9.3556    285.334    8.66758  264.34982    107.938 -9.990e-29
   39.84390  -72.90590     14.534     14.422    12.6005    32.6463      8.048     0.6057 4.7279e+00  1024.7116    12.5986    24.6472     9.3616    285.518    8.66769  264.35321    108.006 -9.990e-29
   39.84390  -72.90590     14.546     14.434    12.5995    32.6463      8.048     0.6057 4.7279e+00  1024.7129    12.5976    24.6482     9.3629    285.557    8.66780  264.35654    108.020 -9.990e-29
   39.84390  -72.90590     14.543     14.432    12.5992    32.6484      8.048     0.6057 4.7279e+00  1024.7145    12.5973    24.6498     9.3642    285.597    8.66792  264.35981    108.033 -9.990e-29
   39.84390  -72.90590     14.556     14.444    12.6000    32.6509      8.048     0.6057 4.7279e+00  1024.7173    12.5981    24.6516     9.3655    285.635    8.66800  264.36208    108.047 -9.990e-29
   39.84390  -72.90590     14.574     14.462    12.6034    32.6528      8.048     0.6057 4.7413e+00  1024.7179    12.6015    24.6526     9.3667    285.672    8.66806  264.36364    108.060 -9.990e-29
   39.84390  -72.90590     14.567     14.455    12.6062    32.6528      8.048     0.6057 4.7413e+00  1024.7184    12.6043    24.6528     9.3673    285.690    8.66809  264.36479    108.066 -9.990e-29
   39.84390  -72.90590     14.564     14.452    12.6089    32.6528      8.048     0.6057 4.7413e+00  1024.7178    12.6070    24.6522     9.3631    285.562    8.66813  264.36580    108.018 -9.990e-29
   39.84390  -72.90590     14.597     14.485    12.6116    32.6527      8.048     0.6057 4.7413e+00  1024.7161    12.6097    24.6510     9.3636    285.577    8.66808  264.36419    108.024 -9.990e-29
   39.84390  -72.90590     14.597     14.485    12.6138    32.6515      8.048     0.6057 4.7413e+00  1024.7147    12.6119    24.6496     9.3636    285.576    8.66810  264.36527    108.023 -9.990e-29
   39.84390  -72.90590     14.604     14.492    12.6144    32.6502      8.048     0.6057 4.7546e+00  1024.7138    12.6125    24.6485     9.3695    285.757    8.66815  264.36666    108.091 -9.990e-29
   39.84390  -72.90590     14.607     14.494    12.6146    32.6490      8.048     0.6057 4.7546e+00  1024.7123    12.6127    24.6476     9.3701    285.777    8.66823  264.36930    108.098 -9.990e-29
   39.84390  -72.90590     14.604     14.492    12.6138    32.6488      8.048     0.6057 4.7546e+00  1024.7120    12.6119    24.6473     9.3655    285.635    8.66836  264.37333    108.042 -9.990e-29
   39.84390  -72.90590     14.627     14.515    12.6122    32.6487      8.048     0.6057 4.7546e+00  1024.7129    12.6103    24.6475     9.3708    285.797    8.66844  264.37571    108.103 -9.990e-29
   39.84390  -72.90590     14.615     14.503    12.6118    32.6486      8.048     0.6057 4.7546e+00  1024.7134    12.6099    24.6477     9.3713    285.811    8.66840  264.37420    108.108 -9.990e-29
   39.84390  -72.90590     14.627     14.515    12.6129    32.6486      8.048     0.6057 4.7546e+00  1024.7128    12.6110    24.6476     9.3717    285.822    8.66832  264.37149    108.114 -9.990e-29
   39.84390  -72.90590     14.637     14.524    12.6131    32.6483      8.048     0.6057 4.7546e+00  1024.7128    12.6112    24.6473     9.3719    285.831    8.66820  264.36759    108.119 -9.990e-29
   39.84390  -72.90588     14.625     14.512    12.6124    32.6478      8.048     0.6057 4.7546e+00  1024.7123    12.6105    24.6470     9.3669    285.678    8.66812  264.36532    108.062 -9.990e-29
   39.84390  -72.90588     14.637     14.524    12.6116    32.6478      8.048     0.6057 4.7413e+00  1024.7117    12.6097    24.6469     9.3658    285.644    8.66791  264.35892    108.052 -9.990e-29
   39.84390  -72.90588     14.645     14.533    12.6102    32.6478      8.048     0.6057 4.7413e+00  1024.7127    12.6082    24.6472     9.3654    285.631    8.66771  264.35277    108.049 -9.990e-29
   39.84390  -72.90588     14.637     14.524    12.6099    32.6483      8.048     0.6057 4.7413e+00  1024.7132    12.6080    24.6478     9.3695    285.758    8.66747  264.34569    108.100 -9.990e-29
   39.84390  -72.90588     14.645     14.533    12.6104    32.6483      8.048     0.6057 4.7279e+00  1024.7138    12.6085    24.6480     9.3645    285.604    8.66741  264.34425    108.042 -9.990e-29
   39.84390  -72.90588     14.648     14.535    12.6114    32.6483      8.048     0.6057 4.7147e+00  1024.7137    12.6095    24.6477     9.3643    285.599    8.66752  264.34780    108.039 -9.990e-29
   39.84390  -72.90588     14.648     14.535    12.6116    32.6476      8.048     0.6057 4.7147e+00  1024.7120    12.6097    24.6471     9.3688    285.736    8.66759  264.35014    108.090 -9.990e-29
   39.84390  -72.90588     14.645     14.533    12.6094    32.6476      8.048     0.6057 4.6882e+00  1024.7121    12.6075    24.6470     9.3639    285.586    8.66771  264.35345    108.032 -9.990e-29
   39.84390  -72.90588     14.648     14.535    12.6074    32.6476      8.048     0.6057 4.6750e+00  1024.7128    12.6055    24.6475     9.3637    285.582    8.66788  264.35870    108.028 -9.990e-29
   39.84390  -72.90588     14.655     14.542    12.6059    32.6478      8.048     0.6057 4.6750e+00  1024.7138    12.6040    24.6481     9.3630    285.557    8.66804  264.36368    108.017 -9.990e-29
   39.84390  -72.90588     14.648     14.535    12.6050    32.6484      8.048     0.6057 4.6488e+00  1024.7140    12.6031    24.6488     9.3621    285.531    8.66817  264.36759    108.005 -9.990e-29
   39.84390  -72.90588     14.645     14.533    12.6039    32.6492      8.048     0.6057 4.6357e+00  1024.7152    12.6020    24.6496     9.3665    285.667    8.66831  264.37185    108.055 -9.990e-29
   39.84390  -72.90588     14.648     14.535    12.6037    32.6501      8.048     0.6057 4.6357e+00  1024.7161    12.6018    24.6503     9.3616    285.516    8.66849  264.37721    107.996 -9.990e-29
   39.84390  -72.90588     14.645     14.533    12.6044    32.6506      8.048     0.6057 4.6097e+00  1024.7162    12.6025    24.6508     9.3612    285.504    8.66853  264.37832    107.991 -9.990e-29
   39.84390  -72.90588     14.637     14.524    12.6050    32.6506      8.048     0.6057 4.6097e+00  1024.7164    12.6031    24.6508     9.3607    285.487    8.66844  264.37471    107.986 -9.990e-29
   39.84390  -72.90588     14.637     14.524    12.6059    32.6506      8.048     0.6057 4.5968e+00  1024.7159    12.6040    24.6504     9.3598    285.459    8.66802  264.36081    107.981 -9.990e-29
   39.84390  -72.90588     14.636     14.523    12.6067    32.6499      8.048     0.6057 4.5839e+00  1024.7153    12.6048    24.6497     9.3584    285.414    8.66715  264.33332    107.975 -9.990e-29
   39.84390  -72.90588     14.637     14.524    12.6074    32.6489      8.048     0.6057 4.5839e+00  1024.7141    12.6055    24.6487     9.3567    285.364    8.66611  264.30125    107.969 -9.990e-29
   39.84390  -72.90588     14.625     14.512    12.6077    32.6478      8.048     0.6057 4.5710e+00  1024.7131    12.6058    24.6478     9.3558    285.336    8.66508  264.27074    107.971 -9.990e-29
   39.84390  -72.90588     14.627     14.515    12.6077    32.6469      8.048     0.6057 4.5710e+00  1024.7122    12.6058    24.6472     9.3492    285.136    8.66436  264.25011    107.904 -9.990e-29
   39.84390  -72.90588     14.625     14.512    12.6074    32.6469      8.048     0.6057 4.5581e+00  1024.7120    12.6055    24.6471     9.3530    285.253    8.66394  264.23745    107.953 -9.990e-29
   39.84390  -72.90588     14.618     14.505    12.6062    32.6469      8.048     0.6057 4.5581e+00  1024.7129    12.6043    24.6474     9.3519    285.221    8.66333  264.21914    107.948 -9.990e-29
   39.84390  -72.90588     14.618     14.505    12.6057    32.6471      8.048     0.6057 4.5581e+00  1024.7130    12.6038    24.6477     9.3510    285.192    8.66283  264.20495    107.943 -9.990e-29
   39.84390  -72.90588     14.615     14.503    12.6056    32.6472      8.048     0.6057 4.5581e+00  1024.7132    12.6037    24.6479     9.3505    285.179    8.66278  264.20439    107.939 -9.990e-29
