CalculateIndicators/WaterTemperature/Data/CTD_NYOS/20230515_C08B.cnv
* Sea-Bird SBE 9 Data File:
* FileName = C:\Seabird 9 CTD\Data\2023\202305_offshore\20230515_C09.hex
* Software Version Seasave V 7.23.2
* Temperature SN = 4590
* Conductivity SN = 3228
* Number of Bytes Per Scan = 44
* Number of Voltage Words = 5
* Number of Scans Averaged by the Deck Unit = 1
* NMEA Latitude = 39 06.89 N
* NMEA Longitude = 072 24.92 W
* NMEA UTC (Time) = May 16 2023  02:52:46
* NMEA baud rate = 4800
** Ship: seawolf
** Station: 8.7
** Operator: TDK
# nquan = 18
# nvalues = 603                         
# units = specified
# name 0 = latitude: Latitude [deg]
# name 1 = longitude: Longitude [deg]
# name 2 = prDM: Pressure, Digiquartz [db]
# name 3 = depSM: Depth [salt water, m]
# name 4 = t090C: Temperature [ITS-90, deg C]
# name 5 = sal00: Salinity, Practical [PSU]
# name 6 = ph: pH
# name 7 = flECO-AFL: Fluorescence, WET Labs ECO-AFL/FL [mg/m^3]
# name 8 = cpar: CPAR/Corrected Irradiance [%]
# name 9 = density00: Density [density, kg/m^3]
# name 10 = potemp090C: Potential Temperature [ITS-90, deg C]
# name 11 = sigma-100: Density [sigma-1, kg/m^3 ]
# name 12 = sbeox0Mg/L: Oxygen, SBE 43 [mg/l]
# name 13 = sbox0Mm/Kg: Oxygen, SBE 43 [umol/kg]
# name 14 = oxsolMg/L: Oxygen Saturation, Garcia & Gordon [mg/l]
# name 15 = oxsolMm/Kg: Oxygen Saturation, Garcia & Gordon [umol/kg]
# name 16 = sbeox0PS: Oxygen, SBE 43 [% saturation]
# name 17 = flag: flag
# span 0 =   39.11497,   39.11818       
# span 1 =  -72.41533,  -72.40152       
# span 2 =      3.000,    304.000       
# span 3 =      2.977,    301.473       
# span 4 =     9.4749,    14.7145       
# span 5 =    33.4401,    35.8176       
# span 6 =      7.820,      8.096       
# span 7 =    -0.0863,     1.1517       
# span 8 = -5.516e+03, 1.0094e+05       
# span 9 =  1025.1841,  1028.6101       
# span 10 =     9.4715,    14.6989      
# span 11 =    29.5719,    31.6944      
# span 12 =     1.9915,     9.6445      
# span 13 =     60.625,    293.820      
# span 14 =    8.15044,    9.22132      
# span 15 =  248.12505,  280.91734      
# span 16 =     24.144,    109.307      
# span 17 = 0.0000e+00, 0.0000e+00      
# interval = decibars: 1                
# start_time = May 16 2023 02:52:45 [System UTC, first data scan.]
# bad_flag = -9.990e-29
*END*
   39.11497  -72.41533      3.000      2.977    13.1276    33.4697 -9.990e-29     0.2863 3.4397e+00  1025.1956    13.1272    29.5839     9.1550    279.069    8.53019  260.02382    107.324 0.0000e+00
   39.11499  -72.41530      4.000      3.970    13.1238    33.4706 -9.990e-29     0.2967 -1.180e-01  1025.2015    13.1232    29.5854     9.1565    279.115    8.52988  260.01462    107.346 0.0000e+00
   39.11499  -72.41528      5.000      4.962    13.1267    33.4700 -9.990e-29     0.2741 5.0640e-11  1025.2050    13.1260    29.5844     9.1478    278.850    8.52972  260.00977    107.246 0.0000e+00
   39.11500  -72.41525      6.000      5.955    13.1275    33.4698 -9.990e-29     0.2758 5.0640e-11  1025.2091    13.1267    29.5841     9.1268    278.211    8.53080  260.04217    106.987 0.0000e+00
   39.11500  -72.41524      7.000      6.947    13.1237    33.4707 -9.990e-29     0.2584 5.0640e-11  1025.2151    13.1228    29.5857     9.1454    278.777    8.52989  260.01455    107.216 0.0000e+00
   39.11500  -72.41522      8.000      7.939    13.1270    33.4704 -9.990e-29     0.2738 5.0640e-11  1025.2186    13.1259    29.5847     9.1538    279.034    8.53024  260.02525    107.311 0.0000e+00
   39.11501  -72.41518      9.000      8.932    13.1212    33.4716 -9.990e-29     0.2724 5.0640e-11  1025.2252    13.1200    29.5869     9.1759    279.706    8.53108  260.05047    107.558 0.0000e+00
   39.11500  -72.41517     10.000      9.924    13.1208    33.4708 -9.990e-29     0.2819 5.0640e-11  1025.2293    13.1195    29.5865     9.1737    279.638    8.53483  260.16294    107.486 0.0000e+00
   39.11501  -72.41515     11.000     10.916    13.1017    33.4691 -9.990e-29     0.2825 5.0640e-11  1025.2362    13.1002    29.5894     9.1650    279.370    8.53885  260.28411    107.333 0.0000e+00
   39.11502  -72.41512     12.000     11.909    13.0797    33.4789      8.085     0.2862 5.0640e-11  1025.2526    13.0780    29.6017     9.2020    280.496    8.54750  260.54502    107.657 0.0000e+00
   39.11504  -72.41511     13.000     12.901    13.0213    33.4741      8.086     0.2868 5.0640e-11  1025.2648    13.0195    29.6106     9.2254    281.202    8.57732  261.44837    107.555 0.0000e+00
   39.11505  -72.41508     14.000     13.893    12.7994    33.4601      8.089     0.3130 5.0640e-11  1025.3019    12.7975    29.6477     9.2863    283.040    8.62823  262.98307    107.627 0.0000e+00
   39.11502  -72.41506     15.000     14.886    12.5735    33.4771      8.092     0.3360 5.0640e-11  1025.3642    12.5715    29.7098     9.4103    286.815    8.63645  263.22755    108.961 0.0000e+00
   39.11502  -72.41504     16.000     15.878    12.5201    33.4942      8.095     0.3865 5.0640e-11  1025.3922    12.5180    29.7343     9.4414    287.760    8.63750  263.25829    109.307 0.0000e+00
   39.11502  -72.41502     17.000     16.871    12.5078    33.5020      8.096     0.3686 5.0640e-11  1025.4051    12.5056    29.7429     9.4171    287.017    8.63749  263.25595    109.026 0.0000e+00
   39.11503  -72.41502     18.000     17.863    12.5083    33.5087 -9.990e-29     0.3799 5.0640e-11  1025.4148    12.5059    29.7481     9.4223    287.176    8.63651  263.22520    109.099 0.0000e+00
   39.11505  -72.41499     19.000     18.855    12.5150    33.5159      8.095     0.3781 5.0640e-11  1025.4235    12.5125    29.7522     9.4275    287.326    8.63759  263.25065    109.145 0.0000e+00
   39.11505  -72.41498     20.000     19.847    12.5065    33.5348      8.096     0.3529 5.0640e-11  1025.4442    12.5039    29.7685     9.4177    287.017    8.64116  263.35071    108.986 0.0000e+00
   39.11503  -72.41495     21.000     20.840    12.4244    33.6354      8.096     0.3890 5.0640e-11  1025.5426    12.4216    29.8633     9.4199    287.032    8.67670  264.38601    108.566 0.0000e+00
   39.11503  -72.41492     22.000     21.832    12.2117    33.8003      8.096     0.3457 5.0640e-11  1025.7159    12.2088    30.0352     9.3952    286.253    8.71746  265.60476    107.774 0.0000e+00
   39.11504  -72.41491     23.000     22.824    12.0116    33.8160      8.093     0.3763 5.0640e-11  1025.7710    12.0086    30.0896     9.3806    285.804    8.73720  266.20186    107.364 0.0000e+00
   39.11504  -72.41490     24.000     23.817    11.8685    33.8136      8.092     0.4690 5.0640e-11  1025.8003    11.8655    30.1174     9.4043    286.525    8.75009  266.59232    107.477 0.0000e+00
   39.11504  -72.41488     25.000     24.809    11.8006    33.8076      8.089     0.5361 5.0640e-11  1025.8128    11.7974    30.1268     9.4295    287.291    8.76392  267.01341    107.594 0.0000e+00
   39.11503  -72.41486     26.000     25.801    11.6987    33.7845      8.089     0.5527 5.0640e-11  1025.8185    11.6955    30.1301     9.4375    287.530    8.82206  268.78070    106.976 0.0000e+00
   39.11503  -72.41484     27.000     26.794    11.4238    33.7393      8.087     0.6115 5.0640e-11  1025.8381    11.4205    30.1511     9.4583    288.158    8.87948  270.52344    106.519 0.0000e+00
 -9.990e-29  -72.41483     28.000     27.786    11.1824    33.7057      8.083     0.6235 5.0640e-11  1025.8616    11.1790    30.1752     9.4339    287.412    8.87937  270.51851    106.245 0.0000e+00
   39.11504  -72.41481     29.000     28.778    11.1393    33.7119      8.078     0.6936 5.0640e-11  1025.8785    11.1358    30.1885     9.5013    289.468    8.89245  270.91761    106.848 0.0000e+00
   39.11506  -72.41480     30.000     29.770    11.0725    33.6690      8.078     0.7538 5.0640e-11  1025.8610    11.0688    30.1681     9.4724    288.584    8.92918  272.03418    106.084 0.0000e+00
   39.11504  -72.41478     31.000     30.763    10.9095    33.6556      8.075     0.7523 5.0640e-11  1025.8841    10.9058    30.1901     9.5118    289.785    8.95221  272.73643    106.251 0.0000e+00
 -9.990e-29  -72.41475     32.000     31.755    10.7753    33.6195      8.074     0.7711 5.0640e-11  1025.8850    10.7715    30.1895     9.5345    290.475    8.99365  273.99772    106.014 0.0000e+00
 -9.990e-29  -72.41475     33.000     32.747    10.5713    33.6006      8.070     0.8333 5.0640e-11  1025.9113    10.5675    30.2156     9.5603    291.257    9.01375  274.60776    106.063 0.0000e+00
   39.11505  -72.41473     34.000     33.739    10.4128    33.5627      8.067     0.8561 5.0640e-11  1025.9124    10.4089    30.2157     9.6261    293.250    9.13195  278.19504    105.415 0.0000e+00
   39.11504  -72.41471     35.000     34.732     9.9823    33.4932      8.062     0.9006 5.0640e-11  1025.9387     9.9784    30.2469     9.5281    290.252    9.17755  279.57160    103.820 0.0000e+00
   39.11504  -72.41468     36.000     35.724     9.6712    33.5306      8.038     0.9690 5.0640e-11  1026.0229     9.6672    30.3328     9.3813    285.776    9.17634  279.53054    102.234 0.0000e+00
   39.11505  -72.41468     37.000     36.716     9.6468    33.5526      8.025     0.9621 5.0640e-11  1026.0485     9.6427    30.3543     9.2396    281.457    9.17375  279.44980    100.718 0.0000e+00
   39.11505  -72.41465     38.000     37.708     9.6842    33.5669      8.017     0.9170 5.0640e-11  1026.0581     9.6800    30.3585     9.0871    276.807    9.16688  279.23714     99.130 0.0000e+00
   39.11505  -72.41464     39.000     38.701     9.6945    33.5865      8.012     0.9230 5.0640e-11  1026.0763     9.6902    30.3718     9.0223    274.832    9.16316  279.12133     98.463 0.0000e+00
   39.11505  -72.41462     40.000     39.693     9.7146    33.6033      8.005     0.8891 5.0640e-11  1026.0903     9.7102    30.3807     8.8695    270.172    9.14551  278.58021     96.982 0.0000e+00
   39.11505  -72.41460     41.000     40.685     9.7885    33.6354      8.002     0.8920 5.0640e-11  1026.1080     9.7839    30.3922     8.8082    268.301    9.12688  278.00938     96.508 0.0000e+00
   39.11506  -72.41459     42.000     41.677     9.8645    33.6631      7.999     0.9268 5.0640e-11  1026.1213     9.8597    30.3992     8.7405    266.237    9.09562  277.05296     96.096 0.0000e+00
   39.11506  -72.41458     43.000     42.670    10.0145    33.7139      7.997     0.9241 5.0640e-11  1026.1401    10.0096    30.4100     8.6668    263.987    9.06746  276.19200     95.581 0.0000e+00
   39.11506  -72.41455     44.000     43.662    10.1275    33.7525      8.000     0.8118 5.0640e-11  1026.1553    10.1225    30.4181     8.6189    262.525    9.01906  274.71388     95.563 0.0000e+00
   39.11506  -72.41454     45.000     44.654    10.2791    33.8470      8.000     0.7062 5.0640e-11  1026.2079    10.2739    30.4625     8.5756    261.204    8.89873  271.04521     96.368 0.0000e+00
   39.11506  -72.41454     46.000     45.646    10.7395    34.0018      8.003     0.6006 5.0640e-11  1026.2526    10.7340    30.4923     8.6526    263.552    8.96540  273.07879     96.511 0.0000e+00
   39.11506  -72.41450     47.000     46.638    10.9518    34.0173      8.012     0.3758 5.0640e-11  1026.2313    10.9461    30.4621     8.5024    258.960    8.88116  270.49681     95.737 0.0000e+00
 -9.990e-29  -72.41448     48.000     47.631    11.1026    34.0684      8.016     0.2797 5.0640e-11  1026.2474    11.0967    30.4704     8.4402    257.066    8.81674  268.53451     95.729 0.0000e+00
   39.11508  -72.41447     49.000     48.623    11.3166    34.1200      8.021     0.2550 5.0640e-11  1026.2520    11.3105    30.4660     8.4199    256.449    8.78098  267.44535     95.889 0.0000e+00
   39.11506  -72.41446     50.000     49.615    11.5759    34.1942      8.030     0.2420 6.6563e+04  1026.2678    11.5696    30.4718     8.4088    256.104    8.71634  265.47088     96.472 0.0000e+00
   39.11506  -72.41444     51.000     50.607    11.7129    34.2418      8.033     0.2293 9.9390e+04  1026.2837    11.7065    30.4803     8.4297    256.743    8.70812  265.22302     96.803 0.0000e+00
   39.11507  -72.41441     52.000     51.599    11.8650    34.2901      8.035     0.2177 8.0346e+04  1026.2975    11.8584    30.4863     8.3805    255.236    8.68523  264.51626     96.491 0.0000e+00
   39.11506  -72.41440     53.000     52.591    11.9546    34.3181      8.037     0.1993 -5.299e+03  1026.3060    11.9478    30.4884     8.2887    252.436    8.59311  261.70540     96.458 0.0000e+00
   39.11508  -72.41440     54.000     53.584    12.0409    34.3731      8.036     0.1831 5.0640e-11  1026.3352    12.0339    30.5112     8.3909    255.555    8.63562  263.00675     97.167 0.0000e+00
   39.11506  -72.41437     55.000     54.576    12.4104    34.5217      8.039     0.1642 5.0640e-11  1026.3886    12.4032    30.5521     8.3078    253.011    8.58379  261.41707     96.784 0.0000e+00
   39.11507  -72.41436     56.000     55.568    12.5480    34.5197      8.043     0.1535 5.0640e-11  1026.3611    12.5405    30.5176     8.2726    251.936    8.58680  261.50645     96.340 0.0000e+00
   39.11507  -72.41436     57.000     56.560    12.5019    34.5294      8.042     0.1563 5.0640e-11  1026.3821    12.4944    30.5350     8.1821    249.181    8.58924  261.57967     95.260 0.0000e+00
   39.11507  -72.41432     58.000     57.552    12.4654    34.5388      8.033     0.1365 5.0640e-11  1026.4010    12.4577    30.5501     8.0746    245.897    8.57293  261.07230     94.187 0.0000e+00
   39.11507  -72.41432     59.000     58.544    12.4985    34.5804      8.030     0.0975 5.0640e-11  1026.4313    12.4907    30.5750     8.0306    244.548    8.54492  260.21002     93.981 0.0000e+00
   39.11508  -72.41431     60.000     59.536    12.6332    34.6691      8.025     0.0762 5.0640e-11  1026.4780    12.6252    30.6143     7.9332    241.579    8.52304  259.54071     93.079 0.0000e+00
   39.11508  -72.41430     61.000     60.528    12.7848    34.7323      8.019     0.0482 5.0640e-11  1026.5012    12.7766    30.6297     7.8046    237.653    8.47386  258.03130     92.103 0.0000e+00
   39.11508  -72.41429     62.000     61.521    12.9358    34.8012      8.021     0.0411 5.0640e-11  1026.5294    12.9274    30.6503     7.7827    236.985    8.44953  257.29018     92.108 0.0000e+00
   39.11508  -72.41427     63.000     62.513    13.0952    34.8790      8.018     0.0438 5.0640e-11  1026.5616    13.0866    30.6747     7.6833    233.953    8.40727  255.99698     91.388 0.0000e+00
   39.11508  -72.41426     64.000     63.505    13.3844    34.9958      8.018     0.0472 5.0640e-11  1026.5974    13.3755    30.7001     7.6574    233.165    8.36964  254.85217     91.490 0.0000e+00
   39.11507  -72.41425     65.000     64.497    13.5709    35.0327      8.024     0.0453 5.0640e-11  1026.5916    13.5617    30.6863     7.6749    233.696    8.38151  255.21262     91.569 0.0000e+00
   39.11507  -72.41424     66.000     65.489    13.4955    35.0154      8.022     0.0414 5.0640e-11  1026.5984    13.4862    30.6901     7.6498    232.931    8.44200  257.05284     90.616 0.0000e+00
   39.11506  -72.41422     67.000     66.481    13.3241    34.9598      8.018     0.0172 -9.990e-29  1026.5949    13.3147    30.6856     7.5844    230.934    8.46484  257.74091     89.599 0.0000e+00
   39.11508  -72.41421     68.000     67.473    13.0902    34.9263      8.013     0.0410 -9.990e-29  1026.6211    13.0808    30.7118     7.5579    230.128    8.46176  257.64832     89.319 0.0000e+00
   39.11508  -72.41420     69.000     68.465    13.0231    34.9351      8.009     0.0458 -9.990e-29  1026.6462    13.0136    30.7336     7.5420    229.643    8.46364  257.70377     89.111 0.0000e+00
   39.11508  -72.41420     70.000     69.458    13.0460    34.9481      8.006     0.0318 -9.990e-29  1026.6563    13.0364    30.7388     7.4964    228.254    8.46496  257.74411     88.558 0.0000e+00
   39.11508  -72.41416     71.000     70.449    13.0695    34.9553      8.004     0.0250 5.0640e-11  1026.6613    13.0597    30.7389     7.4981    228.304    8.45114  257.32183     88.723 0.0000e+00
   39.11509  -72.41415     72.000     71.442    13.1297    34.9759      8.004     0.0091 5.0640e-11  1026.6699    13.1197    30.7418     7.5094    228.647    8.44894  257.25470     88.879 0.0000e+00
   39.11510  -72.41413     73.000     72.434    13.1334    34.9756      8.004     0.0189 5.0640e-11  1026.6730    13.1234    30.7404     7.4841    227.874    8.43798  256.91837     88.695 0.0000e+00
   39.11510  -72.41410     74.000     73.426    13.1987    35.0128      8.006     0.0286 5.0640e-11  1026.6931    13.1884    30.7547     7.4864    227.944    8.41317  256.16094     88.985 0.0000e+00
   39.11510  -72.41410     75.000     74.418    13.2945    35.0463      8.009     0.0072 5.0640e-11  1026.7040    13.2841    30.7593     7.4773    227.666    8.41413  256.19014     88.866 0.0000e+00
   39.11511  -72.41409     76.000     75.410    13.3163    35.0532      8.008     0.0239 5.0640e-11  1026.7091    13.3058    30.7595     7.4415    226.570    8.38112  255.17864     88.789 0.0000e+00
   39.11512  -72.41408     77.000     76.402    13.4260    35.1221      8.008     0.0015 5.0640e-11  1026.7446    13.4152    30.7882     7.4503    226.835    8.35722  254.44882     89.148 0.0000e+00
   39.11512  -72.41406     78.000     77.394    13.5704    35.1586      8.011     0.0013 5.0640e-11  1026.7469    13.5593    30.7833     7.4104    225.619    8.34747  254.14981     88.774 0.0000e+00
   39.11512  -72.41404     79.000     78.386    13.6790    35.2038      8.013    -0.0081 5.0640e-11  1026.7639    13.6678    30.7937     7.3903    225.002    8.31632  253.19637     88.865 0.0000e+00
   39.11512  -72.41403     80.000     79.378    13.8092    35.2631      8.011    -0.0122 5.0640e-11  1026.7869    13.7978    30.8096     7.3419    223.528    8.30043  252.71042     88.452 0.0000e+00
   39.11512  -72.41401     81.000     80.370    13.9044    35.2953      8.011    -0.0121 5.0640e-11  1026.7959    13.8928    30.8124     7.2592    221.010    8.29631  252.58454     87.499 0.0000e+00
   39.11514  -72.41400     82.000     81.362    13.9221    35.3037 -9.990e-29    -0.0154 5.0640e-11  1026.8032    13.9103    30.8149     7.2310    220.150    8.29014  252.39667     87.224 0.0000e+00
