CalculateIndicators/WaterTemperature/Data/CTD_NYOS/20231004_C13.cnv
* Sea-Bird SBE 9 Data File:
* FileName = C:\Seabird 9 CTD\Data\2023\202309_offshore\20231004_C13.hex
* Software Version Seasave V 7.23.2
* Temperature SN = 4590
* Conductivity SN = 3228
* Number of Bytes Per Scan = 44
* Number of Voltage Words = 5
* Number of Scans Averaged by the Deck Unit = 1
* NMEA Latitude = 39 46.54 N
* NMEA Longitude = 072 23.52 W
* NMEA UTC (Time) = Oct 04 2023  12:51:15
* NMEA baud rate = 4800
** Ship: seawolf
** Station: 9.5
** Operator: TDK
# nquan = 18
# nvalues = 18378                       
# units = specified
# name 0 = latitude: Latitude [deg]
# name 1 = longitude: Longitude [deg]
# name 2 = prDM: Pressure, Digiquartz [db]
# name 3 = depSM: Depth [salt water, m]
# name 4 = t090C: Temperature [ITS-90, deg C]
# name 5 = sal00: Salinity, Practical [PSU]
# name 6 = ph: pH
# name 7 = flECO-AFL: Fluorescence, WET Labs ECO-AFL/FL [mg/m^3]
# name 8 = cpar: CPAR/Corrected Irradiance [%]
# name 9 = density00: Density [density, kg/m^3]
# name 10 = potemp090C: Potential Temperature [ITS-90, deg C]
# name 11 = sigma-é00: Density [sigma-theta, kg/m^3]
# name 12 = sbeox0Mg/L: Oxygen, SBE 43 [mg/l]
# name 13 = sbox0Mm/Kg: Oxygen, SBE 43 [umol/kg]
# name 14 = oxsolMg/L: Oxygen Saturation, Garcia & Gordon [mg/l]
# name 15 = oxsolMm/Kg: Oxygen Saturation, Garcia & Gordon [umol/kg]
# name 16 = sbeox0PS: Oxygen, SBE 43 [% saturation]
# name 17 = flag:  0.000e+00
# span 0 =   39.77566,   39.77610       
# span 1 =  -72.39346,  -72.39200       
# span 2 =      1.920,     83.533       
# span 3 =      1.906,     82.878       
# span 4 =    10.0958,    18.3753       
# span 5 =    32.0945,    33.1438       
# span 6 =      7.711,      8.019       
# span 7 =    -0.0389,     0.2297       
# span 8 = 5.0089e-14, 5.6173e+00       
# span 9 =  1023.5967,  1025.7894       
# span 10 =    10.0880,    18.3718      
# span 11 =    23.5878,    25.4138      
# span 12 =     5.5419,     7.4145      
# span 13 =    168.925,    226.366      
# span 14 =    7.70970,    9.12369      
# span 15 =  235.35077,  278.07013      
# span 16 =     60.941,     94.962      
# span 17 = 0.0000e+00, 0.0000e+00      
# interval = seconds: 0.0416667
# start_time = Oct 04 2023 12:51:16 [System UTC, first data scan.]
# bad_flag = -9.990e-29
*END*
[from data line 5548]
   39.77582  -72.39252     81.215     80.579    10.1295    33.0507      7.726     0.0013 5.0589e-14  1025.7767    10.1203    25.4099     5.7669    175.754    9.11014  277.64195     63.302 0.0000e+00
   39.77582  -72.39252     81.210     80.573    10.1297    33.0507      7.731    -0.0121 5.0640e-14  1025.7763    10.1205    25.4099     5.7663    175.735    9.10986  277.63356     63.297 0.0000e+00
   39.77582  -72.39252     81.183     80.547    10.1298    33.0506      7.726    -0.0121 5.0640e-14  1025.7760    10.1206    25.4098     5.7656    175.714    9.10950  277.62275     63.292 0.0000e+00
   39.77582  -72.39252     81.168     80.532    10.1298    33.0506      7.731    -0.0121 5.0690e-14  1025.7761    10.1206    25.4098     5.7649    175.692    9.10911  277.61113     63.287 0.0000e+00
   39.77582  -72.39252     81.153     80.517    10.1300    33.0505      7.726    -0.0121 5.0690e-14  1025.7760    10.1208    25.4097     5.7709    175.875    9.10889  277.60488     63.354 0.0000e+00
   39.77582  -72.39252     81.128     80.492    10.1301    33.0505      7.726    -0.0121 5.0741e-14  1025.7756    10.1209    25.4096     5.7711    175.882    9.10877  277.60124     63.358 0.0000e+00
   39.77582  -72.39252     81.111     80.476    10.1301    33.0505      7.726    -0.0121 5.0741e-14  1025.7756    10.1209    25.4096     5.7714    175.890    9.10873  277.60014     63.361 0.0000e+00
   39.77582  -72.39252     81.092     80.456    10.1303    33.0505      7.726    -0.0121 5.0792e-14  1025.7755    10.1211    25.4096     5.7659    175.722    9.10873  277.60024     63.300 -9.990e-29
   39.77582  -72.39252     81.096     80.460    10.1303    33.0505      7.726     0.0013 5.0792e-14  1025.7756    10.1211    25.4096     5.7712    175.884    9.10877  277.60130     63.358 -9.990e-29
   39.77582  -72.39252     81.081     80.445    10.1307    33.0507      7.731    -0.0121 5.0843e-14  1025.7755    10.1215    25.4097     5.7656    175.713    9.10869  277.59891     63.297 0.0000e+00
   39.77582  -72.39252     81.056     80.421    10.1306    33.0507      7.731     0.0013 5.0843e-14  1025.7759    10.1214    25.4099     5.7706    175.866    9.10836  277.58898     63.355 0.0000e+00
   39.77582  -72.39252     81.050     80.415    10.1313    33.0507      7.726    -0.0121 5.0894e-14  1025.7760    10.1221    25.4098     5.7705    175.863    9.10797  277.57741     63.356 0.0000e+00
   39.77582  -72.39252     81.020     80.385    10.1324    33.0505      7.726    -0.0121 5.0894e-14  1025.7749    10.1232    25.4093     5.7705    175.862    9.10768  277.56893     63.358 0.0000e+00
   39.77582  -72.39252     81.005     80.370    10.1333    33.0499      7.730    -0.0121 5.0945e-14  1025.7740    10.1241    25.4087     5.7705    175.863    9.10751  277.56359     63.359 0.0000e+00
   39.77582  -72.39252     80.978     80.344    10.1334    33.0496      7.730    -0.0121 5.0997e-14  1025.7737    10.1242    25.4084     5.7704    175.862    9.10734  277.55868     63.360 0.0000e+00
   39.77582  -72.39252     80.953     80.319    10.1334    33.0495      7.726    -0.0121 5.1048e-14  1025.7736    10.1242    25.4082     5.7704    175.860    9.10714  277.55272     63.361 0.0000e+00
   39.77582  -72.39252     80.927     80.293    10.1339    33.0494      7.726    -0.0121 5.1048e-14  1025.7733    10.1247    25.4081     5.7702    175.856    9.10685  277.54436     63.361 0.0000e+00
   39.77582  -72.39252     80.916     80.282    10.1340    33.0494      7.730    -0.0121 5.1100e-14  1025.7730    10.1248    25.4080     5.7709    175.878    9.10677  277.54222     63.370 0.0000e+00
   39.77582  -72.39252     80.902     80.268    10.1344    33.0494      7.726     0.0013 5.1151e-14  1025.7731    10.1252    25.4081     5.7711    175.883    9.10700  277.54907     63.370 0.0000e+00
   39.77582  -72.39252     80.885     80.252    10.1346    33.0494      7.726     0.0013 5.1151e-14  1025.7732    10.1254    25.4081     5.7712    175.886    9.10717  277.55401     63.370 0.0000e+00
   39.77582  -72.39252     80.870     80.236    10.1352    33.0494      7.726    -0.0121 5.1203e-14  1025.7731    10.1261    25.4081     5.7712    175.885    9.10721  277.55477     63.370 0.0000e+00
   39.77582  -72.39252     80.855     80.221    10.1354    33.0494      7.726    -0.0121 5.1255e-14  1025.7727    10.1262    25.4079     5.7709    175.877    9.10695  277.54625     63.369 0.0000e+00
   39.77582  -72.39252     80.834     80.201    10.1356    33.0492      7.730     0.0013 5.1255e-14  1025.7724    10.1264    25.4077     5.7705    175.863    9.10644  277.53099     63.367 0.0000e+00
   39.77582  -72.39252     80.819     80.186    10.1356    33.0491      7.726     0.0148 5.1307e-14  1025.7724    10.1264    25.4076     5.7707    175.871    9.10590  277.51514     63.374 0.0000e+00
   39.77582  -72.39252     80.783     80.150    10.1362    33.0490      7.726     0.0013 5.1359e-14  1025.7719    10.1271    25.4075     5.7710    175.879    9.10533  277.49838     63.380 0.0000e+00
   39.77582  -72.39252     80.768     80.135    10.1366    33.0490      7.726     0.0013 5.1411e-14  1025.7717    10.1274    25.4074     5.7705    175.866    9.10491  277.48602     63.378 0.0000e+00
   39.77582  -72.39252     80.741     80.109    10.1365    33.0489      7.726     0.0013 5.1411e-14  1025.7718    10.1273    25.4074     5.7710    175.879    9.10467  277.47905     63.385 0.0000e+00
   39.77582  -72.39252     80.722     80.089    10.1364    33.0489      7.730     0.0013 5.1463e-14  1025.7719    10.1273    25.4073     5.7706    175.868    9.10435  277.46984     63.383 0.0000e+00
   39.77582  -72.39252     80.696     80.063    10.1370    33.0485      7.726     0.0013 5.1515e-14  1025.7708    10.1279    25.4069     5.7702    175.857    9.10414  277.46374     63.380 0.0000e+00
   39.77582  -72.39252     80.669     80.037    10.1370    33.0485      7.730     0.0013 5.1568e-14  1025.7707    10.1279    25.4068     5.7698    175.845    9.10391  277.45710     63.378 0.0000e+00
   39.77582  -72.39252     80.660     80.028    10.1372    33.0485      7.726     0.0013 5.1568e-14  1025.7710    10.1281    25.4069     5.7694    175.832    9.10364  277.44902     63.374 0.0000e+00
   39.77582  -72.39252     80.625     79.993    10.1374    33.0484      7.726     0.0013 5.1620e-14  1025.7708    10.1283    25.4069     5.7690    175.819    9.10348  277.44434     63.371 0.0000e+00
   39.77582  -72.39252     80.597     79.966    10.1380    33.0483      7.726     0.0148 5.1620e-14  1025.7702    10.1289    25.4067     5.7686    175.807    9.10336  277.44079     63.367 0.0000e+00
   39.77582  -72.39252     80.588     79.956    10.1380    33.0481      7.726     0.0013 5.1673e-14  1025.7701    10.1289    25.4065     5.7681    175.794    9.10327  277.43833     63.363 0.0000e+00
   39.77582  -72.39252     80.542     79.911    10.1384    33.0481      7.726     0.0013 5.1726e-14  1025.7698    10.1293    25.4064     5.7677    175.782    9.10328  277.43856     63.359 0.0000e+00
   39.77582  -72.39252     80.536     79.905    10.1384    33.0481      7.726     0.0013 5.1779e-14  1025.7700    10.1292    25.4063     5.7680    175.789    9.10308  277.43269     63.363 0.0000e+00
   39.77582  -72.39252     80.527     79.896    10.1387    33.0480      7.730     0.0148 5.1779e-14  1025.7694    10.1296    25.4063     5.7739    175.971    9.10285  277.42608     63.430 0.0000e+00
   39.77582  -72.39252     80.502     79.871    10.1387    33.0480      7.726     0.0013 5.1832e-14  1025.7698    10.1296    25.4063     5.7807    176.177    9.10269  277.42165     63.505 0.0000e+00
   39.77582  -72.39252     80.444     79.813    10.1387    33.0479      7.726     0.0013 5.1885e-14  1025.7693    10.1296    25.4062     5.7758    176.028    9.10254  277.41738     63.452 0.0000e+00
   39.77584  -72.39260     80.403     79.773    10.1392    33.0477      7.726     0.0013 5.1885e-14  1025.7686    10.1301    25.4060     5.7759    176.032    9.10245  277.41476     63.454 0.0000e+00
   39.77584  -72.39260     80.347     79.717    10.1387    33.0477      7.726     0.0013 5.1938e-14  1025.7686    10.1296    25.4060     5.7711    175.885    9.10255  277.41783     63.401 0.0000e+00
   39.77584  -72.39260     80.290     79.661    10.1389    33.0477      7.726     0.0013 5.1991e-14  1025.7683    10.1297    25.4060     5.7763    176.045    9.10268  277.42173     63.457 0.0000e+00
   39.77584  -72.39260     80.248     79.620    10.1384    33.0478      7.730     0.0013 5.1991e-14  1025.7683    10.1293    25.4061     5.7715    175.898    9.10285  277.42637     63.403 0.0000e+00
   39.77584  -72.39260     80.214     79.585    10.1384    33.0480      7.726     0.0148 5.2045e-14  1025.7682    10.1293    25.4062     5.7709    175.879    9.10293  277.42875     63.396 0.0000e+00
   39.77584  -72.39260     80.167     79.538    10.1384    33.0482      7.726     0.0013 5.2098e-14  1025.7682    10.1293    25.4065     5.7766    176.052    9.10278  277.42425     63.460 0.0000e+00
   39.77584  -72.39260     80.146     79.518    10.1387    33.0486      7.726     0.0013 5.2098e-14  1025.7683    10.1296    25.4067     5.7764    176.048    9.10256  277.41795     63.460 0.0000e+00
   39.77584  -72.39260     80.101     79.474    10.1385    33.0486      7.726    -0.0121 5.2152e-14  1025.7686    10.1295    25.4068     5.7770    176.066    9.10237  277.41225     63.467 0.0000e+00
   39.77584  -72.39260     80.053     79.426    10.1394    33.0486      7.726    -0.0255 5.2152e-14  1025.7679    10.1303    25.4067     5.7776    176.084    9.10224  277.40828     63.475 0.0000e+00
   39.77584  -72.39260     80.034     79.407    10.1405    33.0485      7.726    -0.0255 5.2206e-14  1025.7676    10.1315    25.4063     5.7774    176.077    9.10211  277.40481     63.473 0.0000e+00
   39.77584  -72.39260     79.998     79.371    10.1422    33.0481      7.726    -0.0255 5.2206e-14  1025.7667    10.1331    25.4057     5.7771    176.070    9.10204  277.40269     63.471 0.0000e+00
   39.77584  -72.39260     79.971     79.345    10.1440    33.0477      7.726    -0.0255 5.2260e-14  1025.7662    10.1349    25.4050     5.7711    175.886    9.10203  277.40284     63.405 0.0000e+00
   39.77584  -72.39260     79.930     79.304    10.1463    33.0468      7.726    -0.0255 5.2260e-14  1025.7648    10.1372    25.4041     5.7759    176.031    9.10206  277.40360     63.457 0.0000e+00
   39.77584  -72.39260     79.910     79.284    10.1478    33.0459      7.726    -0.0255 5.2314e-14  1025.7634    10.1387    25.4031     5.7697    175.844    9.10204  277.40294     63.389 0.0000e+00
   39.77584  -72.39260     79.874     79.249    10.1485    33.0453      7.726    -0.0255 5.2314e-14  1025.7629    10.1394    25.4025     5.7752    176.010    9.10211  277.40488     63.449 0.0000e+00
   39.77584  -72.39260     79.827     79.202    10.1488    33.0451      7.726    -0.0121 5.2368e-14  1025.7623    10.1397    25.4023     5.7756    176.024    9.10223  277.40874     63.453 0.0000e+00
   39.77584  -72.39260     79.797     79.172    10.1488    33.0449      7.730    -0.0255 5.2368e-14  1025.7622    10.1397    25.4021     5.7761    176.038    9.10241  277.41442     63.457 0.0000e+00
   39.77584  -72.39260     79.766     79.141    10.1486    33.0449      7.730    -0.0255 5.2368e-14  1025.7620    10.1396    25.4021     5.7758    176.030    9.10273  277.42427     63.452 0.0000e+00
   39.77584  -72.39260     79.732     79.107    10.1490    33.0449      7.730    -0.0255 5.2422e-14  1025.7619    10.1399    25.4020     5.7822    176.225    9.10330  277.44135     63.518 0.0000e+00
   39.77584  -72.39260     79.694     79.070    10.1506    33.0448      7.726    -0.0255 5.2422e-14  1025.7616    10.1415    25.4017     5.7829    176.245    9.10403  277.46281     63.520 0.0000e+00
   39.77584  -72.39260     79.643     79.019    10.1528    33.0442      7.726    -0.0255 5.2476e-14  1025.7604    10.1437    25.4009     5.7843    176.286    9.10478  277.48472     63.530 0.0000e+00
   39.77584  -72.39260     79.622     78.998    10.1546    33.0435      7.726    -0.0255 5.2476e-14  1025.7591    10.1455    25.4001     5.7797    176.146    9.10535  277.50148     63.476 0.0000e+00
   39.77584  -72.39260     79.588     78.964    10.1556    33.0429      7.726    -0.0255 5.2476e-14  1025.7585    10.1465    25.3994     5.7857    176.330    9.10575  277.51304     63.539 0.0000e+00
   39.77584  -72.39260     79.550     78.927    10.1565    33.0424      7.726    -0.0121 5.2476e-14  1025.7579    10.1475    25.3988     5.7865    176.354    9.10594  277.51800     63.547 0.0000e+00
   39.77582  -72.39252     79.529     78.906    10.1577    33.0417      7.726    -0.0255 5.2476e-14  1025.7571    10.1487    25.3980     5.7813    176.195    9.10586  277.51523     63.490 0.0000e+00
   39.77582  -72.39252     79.489     78.867    10.1595    33.0407      7.726    -0.0255 5.2531e-14  1025.7557    10.1505    25.3971     5.7869    176.366    9.10583  277.51446     63.552 0.0000e+00
   39.77582  -72.39252     79.455     78.832    10.1603    33.0407      7.730    -0.0255 5.2531e-14  1025.7543    10.1513    25.3963     5.7817    176.206    9.10585  277.51523     63.494 0.0000e+00
   39.77582  -72.39252     79.427     78.805    10.1593    33.0407      7.726    -0.0255 5.2531e-14  1025.7540    10.1503    25.3963     5.7814    176.198    9.10588  277.51625     63.491 0.0000e+00
   39.77582  -72.39252     79.406     78.784    10.1580    33.0407      7.726    -0.0255 5.2531e-14  1025.7553    10.1490    25.3973     5.7810    176.187    9.10575  277.51268     63.488 0.0000e+00
   39.77582  -72.39252     79.366     78.744    10.1570    33.0425      7.726    -0.0255 5.2531e-14  1025.7573    10.1480    25.3988     5.7807    176.176    9.10570  277.51138     63.484 0.0000e+00
   39.77582  -72.39252     79.345     78.724    10.1579    33.0425      7.726    -0.0255 5.2585e-14  1025.7584    10.1489    25.3995     5.7803    176.164    9.10567  277.51067     63.480 0.0000e+00
   39.77582  -72.39252     79.299     78.678    10.1605    33.0425      7.726    -0.0121 5.2585e-14  1025.7576    10.1515    25.3991     5.7857    176.328    9.10566  277.51032     63.539 0.0000e+00
   39.77582  -72.39252     79.294     78.673    10.1638    33.0423      7.730    -0.0121 5.2585e-14  1025.7554    10.1548    25.3975     5.7860    176.338    9.10568  277.51080     63.543 0.0000e+00
   39.77582  -72.39252     79.262     78.641    10.1673    33.0404      7.730     0.0013 5.2585e-14  1025.7531    10.1583    25.3955     5.7862    176.344    9.10565  277.51003     63.545 0.0000e+00
   39.77582  -72.39252     79.243     78.622    10.1701    33.0386      7.726    -0.0121 5.2585e-14  1025.7508    10.1611    25.3936     5.7863    176.348    9.10561  277.50868     63.547 0.0000e+00
   39.77582  -72.39252     79.211     78.590    10.1716    33.0372      7.730     0.0013 5.2585e-14  1025.7497    10.1625    25.3922     5.7864    176.352    9.10559  277.50831     63.548 0.0000e+00
   39.77582  -72.39252     79.208     78.588    10.1735    33.0358      7.726    -0.0121 5.2585e-14  1025.7483    10.1645    25.3908     5.7865    176.353    9.10558  277.50797     63.549 0.0000e+00
   39.77582  -72.39252     79.180     78.560    10.1752    33.0344      7.730    -0.0121 5.2585e-14  1025.7464    10.1662    25.3894     5.7865    176.354    9.10567  277.51056     63.549 0.0000e+00
   39.77582  -72.39252     79.171     78.551    10.1765    33.0332      7.726     0.0013 5.2585e-14  1025.7456    10.1675    25.3882     5.7866    176.357    9.10591  277.51774     63.548 0.0000e+00
   39.77582  -72.39252     79.150     78.530    10.1783    33.0322      7.730    -0.0121 5.2531e-14  1025.7442    10.1693    25.3872     5.7867    176.358    9.10615  277.52473     63.547 0.0000e+00
   39.77582  -72.39252     79.139     78.519    10.1793    33.0314      7.726    -0.0121 5.2531e-14  1025.7434    10.1703    25.3864     5.7867    176.358    9.10647  277.53394     63.545 0.0000e+00
