CalculateIndicators/WaterTemperature/Data/CTD_NYOS/20231003_C06.cnv
* Sea-Bird SBE 9 Data File:
* FileName = C:\Seabird 9 CTD\Data\2023\202309_offshore\20231003_C06.hex
* Software Version Seasave V 7.23.2
* Temperature SN = 4590
* Conductivity SN = 3228
* Number of Bytes Per Scan = 44
* Number of Voltage Words = 5
* Number of Scans Averaged by the Deck Unit = 1
* NMEA Latitude = 39 35.93 N
* NMEA Longitude = 072 44.90 W
* NMEA UTC (Time) = Oct 03 2023  17:38:18
* NMEA baud rate = 4800
** Ship: seawolf
** Station: 8.5
** Operator: TDK
# nquan = 18
# nvalues = 15641                       
# units = specified
# name 0 = latitude: Latitude [deg]
# name 1 = longitude: Longitude [deg]
# name 2 = prDM: Pressure, Digiquartz [db]
# name 3 = depSM: Depth [salt water, m]
# name 4 = t090C: Temperature [ITS-90, deg C]
# name 5 = sal00: Salinity, Practical [PSU]
# name 6 = ph: pH
# name 7 = flECO-AFL: Fluorescence, WET Labs ECO-AFL/FL [mg/m^3]
# name 8 = cpar: CPAR/Corrected Irradiance [%]
# name 9 = density00: Density [density, kg/m^3]
# name 10 = potemp090C: Potential Temperature [ITS-90, deg C]
# name 11 = sigma-é00: Density [sigma-theta, kg/m^3]
# name 12 = sbeox0Mg/L: Oxygen, SBE 43 [mg/l]
# name 13 = sbox0Mm/Kg: Oxygen, SBE 43 [umol/kg]
# name 14 = oxsolMg/L: Oxygen Saturation, Garcia & Gordon [mg/l]
# name 15 = oxsolMm/Kg: Oxygen Saturation, Garcia & Gordon [umol/kg]
# name 16 = sbeox0PS: Oxygen, SBE 43 [% saturation]
# name 17 = flag:  0.000e+00
# span 0 =   39.59882,   39.59898       
# span 1 =  -72.74882,  -72.74832       
# span 2 =      1.215,     66.391       
# span 3 =      1.206,     65.874       
# span 4 =    10.9029,    19.7470       
# span 5 =    32.4834,    33.4821       
# span 6 =      7.656,      8.043       
# span 7 =    -0.0255,     0.6595       
# span 8 = 2.9113e-02, 7.5624e+00       
# span 9 =  1023.4728,  1025.3030       
# span 10 =    10.8964,    19.7467      
# span 11 =    23.4696,    25.0065      
# span 12 =     4.3783,     7.2189      
# span 13 =    133.511,    220.387      
# span 14 =    7.50764,    8.98530      
# span 15 =  229.23317,  273.95987      
# span 16 =     49.481,     95.639      
# span 17 = 0.0000e+00, 0.0000e+00      
# interval = seconds: 0.0416667
# start_time = Oct 03 2023 17:38:21 [System UTC, first data scan.]
# bad_flag = -9.990e-29
*END*
[from data line 3699]
   39.59892  -72.74846     65.676     65.165    10.9676    32.7144      7.714 -9.990e-29 3.1941e-02  1025.2988    10.9598    25.0032     4.8821    148.846    8.96758  273.40523     54.441 -9.990e-29
   39.59892  -72.74846     65.669     65.158    10.9684    32.7139      7.709     0.0685 3.1842e-02  1025.2981    10.9606    25.0027     4.8821    148.847    8.96756  273.40472     54.442 -9.990e-29
   39.59892  -72.74846     65.676     65.165    10.9691    32.7134      7.714     0.0685 3.1842e-02  1025.2975    10.9613    25.0022     4.8821    148.847    8.96748  273.40249     54.443 -9.990e-29
   39.59892  -72.74846     65.655     65.144    10.9689    32.7131      7.714     0.0685 3.1842e-02  1025.2973    10.9611    25.0019     4.8822    148.849    8.96746  273.40187     54.443 -9.990e-29
   39.59892  -72.74846     65.659     65.148    10.9694    32.7128      7.714     0.0685 3.1915e-02  1025.2970    10.9616    25.0017     4.8822    148.850    8.96747  273.40235     54.444 -9.990e-29
   39.59892  -72.74846     65.645     65.134    10.9696    32.7127      7.714     0.0685 3.1915e-02  1025.2965    10.9618    25.0014     4.8823    148.852    8.96749  273.40293     54.444 -9.990e-29
   39.59892  -72.74846     65.638     65.127    10.9698    32.7127      7.714     0.0685 3.2015e-02  1025.2966    10.9619    25.0014     4.8823    148.854    8.96748  273.40279     54.445 -9.990e-29
   39.59892  -72.74846     65.634     65.123    10.9698    32.7127      7.714     0.0685 3.2188e-02  1025.2967    10.9619    25.0015     4.8824    148.856    8.96749  273.40303     54.446 -9.990e-29
   39.59892  -72.74846     65.614     65.103    10.9694    32.7127      7.714     0.0819 3.2288e-02  1025.2969    10.9616    25.0016     4.8817    148.835    8.96751  273.40370     54.438 -9.990e-29
   39.59892  -72.74846     65.618     65.107    10.9698    32.7127      7.714     0.0954 3.2288e-02  1025.2968    10.9620    25.0015     4.8817    148.836    8.96749  273.40315     54.438 -9.990e-29
   39.59892  -72.74846     65.604     65.093    10.9699    32.7127      7.714     0.0954 3.2389e-02  1025.2961    10.9621    25.0013     4.8818    148.837    8.96751  273.40368     54.438 -9.990e-29
   39.59892  -72.74846     65.597     65.086    10.9699    32.7127      7.714     0.0954 3.2463e-02  1025.2965    10.9621    25.0013     4.8819    148.839    8.96759  273.40614     54.439 -9.990e-29
   39.59892  -72.74846     65.583     65.073    10.9699    32.7128      7.709     0.0819 3.2463e-02  1025.2964    10.9621    25.0015     4.8818    148.839    8.96754  273.40455     54.439 -9.990e-29
   39.59892  -72.74846     65.583     65.073    10.9696    32.7129      7.714     0.0819 3.2436e-02  1025.2970    10.9618    25.0018     4.8818    148.839    8.96750  273.40337     54.439 -9.990e-29
   39.59892  -72.74846     65.578     65.067    10.9694    32.7129      7.714     0.0954 3.2537e-02  1025.2969    10.9616    25.0018     4.8819    148.840    8.96749  273.40313     54.440 -9.990e-29
   39.59892  -72.74846     65.573     65.063    10.9698    32.7129      7.714     0.0819 3.2537e-02  1025.2965    10.9620    25.0017     4.8876    149.013    8.96754  273.40439     54.503 -9.990e-29
   39.59892  -72.74844     65.557     65.047    10.9696    32.7129      7.714     0.0819 3.2537e-02  1025.2965    10.9618    25.0017     4.8826    148.862    8.96750  273.40329     54.448 -9.990e-29
   39.59892  -72.74844     65.543     65.033    10.9692    32.7128      7.714     0.0819 3.2638e-02  1025.2968    10.9614    25.0016     4.8826    148.862    8.96752  273.40376     54.448 -9.990e-29
   39.59892  -72.74844     65.543     65.033    10.9699    32.7125      7.714     0.0819 3.2611e-02  1025.2960    10.9621    25.0013     4.8762    148.667    8.96751  273.40337     54.377 -9.990e-29
   39.59892  -72.74844     65.526     65.016    10.9701    32.7120      7.709     0.0819 3.2611e-02  1025.2955    10.9623    25.0009     4.8755    148.646    8.96749  273.40291     54.369 -9.990e-29
   39.59892  -72.74844     65.522     65.012    10.9703    32.7119      7.714     0.0954 3.2815e-02  1025.2951    10.9625    25.0007     4.8748    148.625    8.96751  273.40338     54.361 -9.990e-29
   39.59892  -72.74844     65.515     65.005    10.9704    32.7119      7.714     0.0954 3.2788e-02  1025.2955    10.9626    25.0007     4.8798    148.776    8.96745  273.40185     54.417 -9.990e-29
   39.59892  -72.74844     65.492     64.982    10.9704    32.7118      7.714     0.0954 3.2992e-02  1025.2956    10.9626    25.0007     4.8798    148.778    8.96745  273.40184     54.417 -9.990e-29
   39.59892  -72.74844     65.495     64.985    10.9706    32.7119      7.714     0.0819 3.3300e-02  1025.2950    10.9628    25.0007     4.8799    148.779    8.96742  273.40074     54.418 -9.990e-29
   39.59892  -72.74844     65.481     64.971    10.9704    32.7119      7.714     0.0954 3.3404e-02  1025.2952    10.9626    25.0007     4.8799    148.780    8.96739  273.39976     54.419 -9.990e-29
   39.59892  -72.74844     65.471     64.961    10.9704    32.7120      7.714     0.0819 3.3404e-02  1025.2952    10.9626    25.0009     4.8800    148.783    8.96744  273.40149     54.419 -9.990e-29
   39.59892  -72.74844     65.464     64.955    10.9703    32.7123      7.714     0.0954 3.3404e-02  1025.2955    10.9625    25.0012     4.8800    148.784    8.96738  273.39973     54.420 -9.990e-29
   39.59892  -72.74844     65.450     64.941    10.9699    32.7128      7.714     0.0819 3.3404e-02  1025.2962    10.9621    25.0016     4.8801    148.786    8.96744  273.40135     54.420 -9.990e-29
   39.59892  -72.74844     65.443     64.934    10.9698    32.7130      7.714     0.0819 3.3376e-02  1025.2960    10.9620    25.0018     4.8801    148.786    8.96736  273.39909     54.421 -9.990e-29
   39.59892  -72.74844     65.430     64.920    10.9696    32.7132      7.714     0.0819 3.3376e-02  1025.2962    10.9618    25.0020     4.8802    148.789    8.96739  273.40014     54.422 -9.990e-29
   39.59892  -72.74844     65.420     64.911    10.9691    32.7134      7.714     0.0819 3.3376e-02  1025.2966    10.9613    25.0022     4.8859    148.962    8.96739  273.39989     54.485 -9.990e-29
   39.59892  -72.74844     65.424     64.915    10.9689    32.7135      7.714     0.0819 3.3376e-02  1025.2964    10.9611    25.0023     4.8866    148.985    8.96737  273.39926     54.493 -9.990e-29
   39.59892  -72.74844     65.399     64.890    10.9686    32.7137      7.714     0.0819 3.3376e-02  1025.2967    10.9608    25.0025     4.8817    148.834    8.96736  273.39902     54.439 -9.990e-29
   39.59892  -72.74844     65.403     64.894    10.9686    32.7137      7.714     0.0685 3.3480e-02  1025.2969    10.9608    25.0026     4.8817    148.834    8.96735  273.39864     54.438 -9.990e-29
   39.59892  -72.74844     65.378     64.870    10.9684    32.7137      7.714     0.0685 3.3480e-02  1025.2969    10.9606    25.0026     4.8817    148.834    8.96734  273.39840     54.439 -9.990e-29
   39.59892  -72.74844     65.371     64.863    10.9687    32.7135      7.714     0.0685 3.3556e-02  1025.2965    10.9610    25.0023     4.8816    148.833    8.96727  273.39624     54.438 -9.990e-29
   39.59892  -72.74844     65.369     64.860    10.9691    32.7130      7.709     0.0685 3.3765e-02  1025.2958    10.9613    25.0018     4.8816    148.832    8.96726  273.39586     54.438 -9.990e-29
   39.59892  -72.74844     65.341     64.832    10.9696    32.7128      7.714     0.0685 3.3765e-02  1025.2951    10.9618    25.0015     4.8760    148.661    8.96729  273.39678     54.376 -9.990e-29
   39.59892  -72.74844     65.358     64.849    10.9696    32.7127      7.714     0.0685 3.3660e-02  1025.2956    10.9618    25.0015     4.8753    148.640    8.96726  273.39601     54.368 -9.990e-29
   39.59892  -72.74844     65.338     64.830    10.9699    32.7127      7.714     0.0685 3.3556e-02  1025.2955    10.9621    25.0015     4.8747    148.620    8.96726  273.39601     54.361 -9.990e-29
   39.59892  -72.74846     65.331     64.823    10.9701    32.7126      7.714     0.0685 3.3556e-02  1025.2952    10.9623    25.0014     4.8804    148.796    8.96728  273.39676     54.425 -9.990e-29
   39.59892  -72.74846     65.318     64.809    10.9703    32.7124      7.714     0.0685 3.3660e-02  1025.2948    10.9625    25.0012     4.8806    148.800    8.96732  273.39773     54.426 -9.990e-29
   39.59892  -72.74846     65.311     64.802    10.9699    32.7124      7.714     0.0685 3.3660e-02  1025.2951    10.9621    25.0012     4.8807    148.805    8.96736  273.39897     54.428 -9.990e-29
   39.59892  -72.74846     65.297     64.789    10.9699    32.7123      7.714     0.0685 3.3660e-02  1025.2948    10.9621    25.0011     4.8801    148.787    8.96741  273.40064     54.421 -9.990e-29
   39.59892  -72.74846     65.290     64.782    10.9703    32.7122      7.714     0.0685 3.3869e-02  1025.2947    10.9625    25.0010     4.8802    148.789    8.96740  273.40051     54.422 -9.990e-29
   39.59892  -72.74846     65.276     64.768    10.9703    32.7122      7.714     0.0685 3.4080e-02  1025.2946    10.9625    25.0010     4.8803    148.793    8.96747  273.40245     54.423 -9.990e-29
   39.59892  -72.74846     65.276     64.768    10.9704    32.7122      7.714     0.0685 3.4185e-02  1025.2946    10.9626    25.0010     4.8804    148.796    8.96749  273.40295     54.424 -9.990e-29
   39.59892  -72.74846     65.259     64.752    10.9706    32.7122      7.714     0.0685 3.4157e-02  1025.2944    10.9628    25.0010     4.8806    148.800    8.96752  273.40398     54.425 -9.990e-29
   39.59892  -72.74846     65.255     64.747    10.9711    32.7122      7.714     0.0685 3.4263e-02  1025.2945    10.9633    25.0010     4.8806    148.801    8.96747  273.40245     54.426 -9.990e-29
   39.59892  -72.74846     65.239     64.731    10.9711    32.7122      7.714     0.0685 3.4263e-02  1025.2947    10.9633    25.0009     4.8807    148.804    8.96748  273.40263     54.427 -9.990e-29
   39.59892  -72.74846     65.246     64.738    10.9717    32.7120      7.714     0.0685 3.4263e-02  1025.2939    10.9640    25.0006     4.8808    148.807    8.96747  273.40238     54.428 -9.990e-29
   39.59892  -72.74846     65.229     64.721    10.9719    32.7116      7.714     0.0685 3.4157e-02  1025.2936    10.9641    25.0003     4.8809    148.811    8.96755  273.40483     54.429 -9.990e-29
   39.59892  -72.74846     65.215     64.708    10.9719    32.7112      7.714     0.0685 3.4052e-02  1025.2934    10.9641    25.0000     4.8810    148.814    8.96755  273.40477     54.430 -9.990e-29
   39.59892  -72.74846     65.218     64.710    10.9720    32.7109      7.714     0.0685 3.4052e-02  1025.2928    10.9643    24.9997     4.8811    148.817    8.96756  273.40489     54.431 -9.990e-29
   39.59892  -72.74846     65.204     64.697    10.9720    32.7107      7.709     0.0685 3.4157e-02  1025.2928    10.9643    24.9995     4.8756    148.648    8.96759  273.40574     54.369 -9.990e-29
   39.59892  -72.74846     65.194     64.687    10.9720    32.7107      7.714     0.0685 3.4157e-02  1025.2927    10.9643    24.9995     4.8807    148.803    8.96763  273.40697     54.425 -9.990e-29
   39.59892  -72.74846     65.188     64.680    10.9719    32.7106      7.714     0.0685 3.4157e-02  1025.2927    10.9641    24.9995     4.8808    148.807    8.96767  273.40837     54.427 -9.990e-29
   39.59892  -72.74846     65.185     64.677    10.9720    32.7106      7.709     0.0819 3.4263e-02  1025.2926    10.9643    24.9995     4.8809    148.810    8.96766  273.40800     54.428 -9.990e-29
   39.59892  -72.74846     65.167     64.660    10.9719    32.7106      7.714     0.0685 3.4369e-02  1025.2926    10.9642    24.9995     4.8810    148.814    8.96766  273.40775     54.429 -9.990e-29
   39.59892  -72.74846     65.174     64.666    10.9716    32.7105      7.709     0.0819 3.4475e-02  1025.2926    10.9638    24.9994     4.8755    148.646    8.96768  273.40848     54.368 -9.990e-29
   39.59892  -72.74846     65.157     64.650    10.9719    32.7105      7.714     0.0819 3.4475e-02  1025.2922    10.9642    24.9993     4.8806    148.801    8.96771  273.40921     54.424 -9.990e-29
   39.59892  -72.74846     65.143     64.636    10.9720    32.7105      7.709     0.0819 3.4475e-02  1025.2923    10.9643    24.9993     4.8808    148.806    8.96771  273.40921     54.426 -9.990e-29
   39.59892  -72.74846     65.157     64.650    10.9720    32.7106      7.714     0.0685 3.4475e-02  1025.2925    10.9643    24.9994     4.8809    148.810    8.96771  273.40947     54.428 -9.990e-29
   39.59892  -72.74846     65.143     64.636    10.9717    32.7108      7.714     0.0819 3.4369e-02  1025.2927    10.9640    24.9996     4.8811    148.815    8.96775  273.41063     54.429 -9.990e-29
   39.59892  -72.74846     65.136     64.629    10.9719    32.7109      7.714     0.0685 3.4263e-02  1025.2927    10.9642    24.9998     4.8820    148.842    8.96771  273.40946     54.439 -9.990e-29
   39.59892  -72.74846     65.132     64.625    10.9717    32.7111      7.709     0.0819 3.4263e-02  1025.2929    10.9640    24.9999     4.8765    148.675    8.96767  273.40824     54.378 -9.990e-29
   39.59892  -72.74846     65.106     64.599    10.9717    32.7112      7.709     0.0819 3.4263e-02  1025.2929    10.9640    25.0000     4.8760    148.660    8.96767  273.40838     54.373 -9.990e-29
   39.59892  -72.74846     65.132     64.625    10.9719    32.7112      7.714     0.0819 3.4475e-02  1025.2928    10.9642    25.0000     4.8747    148.622    8.96767  273.40836     54.359 -9.990e-29
   39.59892  -72.74846     65.123     64.616    10.9717    32.7112      7.714     0.0819 3.4475e-02  1025.2930    10.9640    25.0000     4.8735    148.586    8.96767  273.40838     54.346 -9.990e-29
   39.59892  -72.74846     65.116     64.609    10.9720    32.7112      7.709     0.0819 3.4475e-02  1025.2928    10.9643    24.9999     4.8780    148.720    8.96768  273.40862     54.395 -9.990e-29
   39.59892  -72.74846     65.102     64.595    10.9720    32.7112      7.709     0.0819 3.4475e-02  1025.2927    10.9643    24.9999     4.8726    148.556    8.96772  273.40996     54.334 -9.990e-29
   39.59892  -72.74846     65.106     64.599    10.9722    32.7112      7.709     0.0819 3.4475e-02  1025.2928    10.9645    24.9999     4.8721    148.540    8.96766  273.40807     54.329 -9.990e-29
   39.59892  -72.74846     65.102     64.595    10.9724    32.7111      7.709     0.0819 3.4475e-02  1025.2927    10.9647    24.9998     4.8772    148.698    8.96763  273.40707     54.387 -9.990e-29
   39.59892  -72.74846     65.106     64.599    10.9722    32.7109      7.714     0.0819 3.4369e-02  1025.2925    10.9645    24.9996     4.8719    148.534    8.96763  273.40708     54.327 -9.990e-29
   39.59892  -72.74846     65.102     64.595    10.9727    32.7106      7.709     0.0685 3.4369e-02  1025.2919    10.9650    24.9994     4.8770    148.693    8.96760  273.40634     54.385 -9.990e-29
   39.59892  -72.74846     65.095     64.588    10.9722    32.7106      7.709     0.0819 3.4369e-02  1025.2925    10.9645    24.9994     4.8717    148.530    8.96758  273.40562     54.326 -9.990e-29
   39.59892  -72.74846     65.081     64.575    10.9727    32.7106      7.714     0.0819 3.4369e-02  1025.2921    10.9650    24.9994     4.8769    148.689    8.96758  273.40561     54.384 -9.990e-29
   39.59892  -72.74846     65.095     64.588    10.9726    32.7106      7.709     0.0819 3.4263e-02  1025.2921    10.9648    24.9994     4.8773    148.699    8.96760  273.40633     54.388 -9.990e-29
   39.59892  -72.74846     65.092     64.586    10.9726    32.7107      7.709     0.0819 3.4263e-02  1025.2921    10.9648    24.9995     4.8720    148.537    8.96758  273.40560     54.329 -9.990e-29
