CalculateIndicators/WaterTemperature/Data/CTD_NYOS/20231004_C13.cnv
* Sea-Bird SBE 9 Data File:
* FileName = C:\Seabird 9 CTD\Data\2023\202309_offshore\20231004_C13.hex
* Software Version Seasave V 7.23.2
* Temperature SN = 4590
* Conductivity SN = 3228
* Number of Bytes Per Scan = 44
* Number of Voltage Words = 5
* Number of Scans Averaged by the Deck Unit = 1
* NMEA Latitude = 39 46.54 N
* NMEA Longitude = 072 23.52 W
* NMEA UTC (Time) = Oct 04 2023  12:51:15
* NMEA baud rate = 4800
** Ship: seawolf
** Station: 9.5
** Operator: TDK
# nquan = 18
# nvalues = 18378                       
# units = specified
# name 0 = latitude: Latitude [deg]
# name 1 = longitude: Longitude [deg]
# name 2 = prDM: Pressure, Digiquartz [db]
# name 3 = depSM: Depth [salt water, m]
# name 4 = t090C: Temperature [ITS-90, deg C]
# name 5 = sal00: Salinity, Practical [PSU]
# name 6 = ph: pH
# name 7 = flECO-AFL: Fluorescence, WET Labs ECO-AFL/FL [mg/m^3]
# name 8 = cpar: CPAR/Corrected Irradiance [%]
# name 9 = density00: Density [density, kg/m^3]
# name 10 = potemp090C: Potential Temperature [ITS-90, deg C]
# name 11 = sigma-é00: Density [sigma-theta, kg/m^3]
# name 12 = sbeox0Mg/L: Oxygen, SBE 43 [mg/l]
# name 13 = sbox0Mm/Kg: Oxygen, SBE 43 [umol/kg]
# name 14 = oxsolMg/L: Oxygen Saturation, Garcia & Gordon [mg/l]
# name 15 = oxsolMm/Kg: Oxygen Saturation, Garcia & Gordon [umol/kg]
# name 16 = sbeox0PS: Oxygen, SBE 43 [% saturation]
# name 17 = flag:  0.000e+00
# span 0 =   39.77566,   39.77610       
# span 1 =  -72.39346,  -72.39200       
# span 2 =      1.920,     83.533       
# span 3 =      1.906,     82.878       
# span 4 =    10.0958,    18.3753       
# span 5 =    32.0945,    33.1438       
# span 6 =      7.711,      8.019       
# span 7 =    -0.0389,     0.2297       
# span 8 = 5.0089e-14, 5.6173e+00       
# span 9 =  1023.5967,  1025.7894       
# span 10 =    10.0880,    18.3718      
# span 11 =    23.5878,    25.4138      
# span 12 =     5.5419,     7.4145      
# span 13 =    168.925,    226.366      
# span 14 =    7.70970,    9.12369      
# span 15 =  235.35077,  278.07013      
# span 16 =     60.941,     94.962      
# span 17 = 0.0000e+00, 0.0000e+00      
# interval = seconds: 0.0416667
# start_time = Oct 04 2023 12:51:16 [System UTC, first data scan.]
# bad_flag = -9.990e-29
*END*
[from data line 5146]
   39.77580  -72.39248     83.202     82.550    10.1305    33.0503      7.731    -0.0121 5.1100e-14  1025.7849    10.1210    25.4095     5.7535    175.345    9.11196  277.69664     63.143 -9.990e-29
   39.77580  -72.39248     83.223     82.571    10.1305    33.0504      7.731    -0.0255 5.1151e-14  1025.7851    10.1211    25.4095     5.7536    175.346    9.11195  277.69610     63.143 -9.990e-29
   39.77580  -72.39248     83.230     82.577    10.1306    33.0505      7.731    -0.0255 5.1151e-14  1025.7851    10.1212    25.4096     5.7537    175.349    9.11195  277.69637     63.144 -9.990e-29
   39.77580  -72.39248     83.234     82.582    10.1303    33.0505      7.731    -0.0255 5.1151e-14  1025.7855    10.1209    25.4097     5.7604    175.553    9.11197  277.69700     63.217 -9.990e-29
   39.77580  -72.39248     83.244     82.591    10.1306    33.0505      7.731    -0.0255 5.1151e-14  1025.7854    10.1212    25.4096     5.7555    175.404    9.11191  277.69517     63.164 -9.990e-29
   39.77580  -72.39248     83.240     82.587    10.1306    33.0503      7.731    -0.0255 5.1151e-14  1025.7850    10.1212    25.4094     5.7556    175.409    9.11190  277.69478     63.166 -9.990e-29
   39.77580  -72.39248     83.254     82.601    10.1308    33.0500      7.731    -0.0121 5.1203e-14  1025.7848    10.1214    25.4091     5.7559    175.416    9.11193  277.69568     63.169 -9.990e-29
   39.77580  -72.39248     83.254     82.601    10.1310    33.0500      7.731    -0.0255 5.1203e-14  1025.7845    10.1215    25.4090     5.7569    175.447    9.11189  277.69466     63.180 -9.990e-29
   39.77580  -72.39248     83.261     82.608    10.1306    33.0500      7.731    -0.0255 5.1203e-14  1025.7849    10.1212    25.4091     5.7572    175.457    9.11193  277.69567     63.183 -9.990e-29
   39.77584  -72.39258     83.265     82.612    10.1307    33.0501      7.731    -0.0121 5.1203e-14  1025.7850    10.1213    25.4093     5.7575    175.467    9.11188  277.69428     63.187 -9.990e-29
   39.77584  -72.39258     83.274     82.621    10.1303    33.0502      7.731    -0.0121 5.1203e-14  1025.7854    10.1209    25.4095     5.7579    175.479    9.11190  277.69463     63.191 -9.990e-29
   39.77584  -72.39258     83.281     82.628    10.1301    33.0502      7.731     0.0013 5.1255e-14  1025.7853    10.1207    25.4095     5.7583    175.492    9.11192  277.69541     63.196 -9.990e-29
   39.77584  -72.39258     83.274     82.621    10.1300    33.0502      7.731    -0.0121 5.1255e-14  1025.7852    10.1205    25.4095     5.7646    175.681    9.11192  277.69540     63.264 -9.990e-29
   39.77584  -72.39258     83.286     82.632    10.1300    33.0503      7.731    -0.0121 5.1307e-14  1025.7853    10.1205    25.4096     5.7600    175.541    9.11190  277.69461     63.214 -9.990e-29
   39.77584  -72.39258     83.291     82.638    10.1296    33.0504      7.731    -0.0121 5.1307e-14  1025.7856    10.1202    25.4097     5.7604    175.555    9.11190  277.69488     63.219 -9.990e-29
   39.77584  -72.39258     83.295     82.642    10.1296    33.0504      7.731    -0.0121 5.1307e-14  1025.7855    10.1202    25.4097     5.7602    175.547    9.11194  277.69581     63.216 -9.990e-29
   39.77584  -72.39258     83.295     82.642    10.1299    33.0504      7.731    -0.0121 5.1307e-14  1025.7855    10.1204    25.4097     5.7606    175.562    9.11189  277.69449     63.221 -9.990e-29
   39.77584  -72.39258     83.312     82.659    10.1296    33.0504      7.731    -0.0121 5.1359e-14  1025.7859    10.1202    25.4097     5.7604    175.554    9.11193  277.69556     63.218 -9.990e-29
   39.77584  -72.39258     83.295     82.642    10.1296    33.0504      7.731     0.0013 5.1359e-14  1025.7856    10.1202    25.4097     5.7667    175.747    9.11191  277.69514     63.288 -9.990e-29
   39.77584  -72.39258     83.305     82.652    10.1295    33.0504      7.731    -0.0121 5.1411e-14  1025.7855    10.1200    25.4096     5.7615    175.587    9.11195  277.69607     63.230 -9.990e-29
   39.77584  -72.39258     83.312     82.658    10.1293    33.0504      7.731     0.0013 5.1411e-14  1025.7855    10.1199    25.4096     5.7620    175.602    9.11193  277.69556     63.236 -9.990e-29
   39.77584  -72.39258     83.316     82.663    10.1293    33.0505      7.731    -0.0121 5.1411e-14  1025.7858    10.1198    25.4098     5.7683    175.795    9.11190  277.69485     63.305 -9.990e-29
   39.77584  -72.39258     83.316     82.663    10.1290    33.0508      7.731    -0.0121 5.1411e-14  1025.7862    10.1195    25.4101     5.7639    175.660    9.11191  277.69500     63.256 -9.990e-29
   39.77584  -72.39258     83.312     82.658    10.1290    33.0511      7.731    -0.0121 5.1463e-14  1025.7863    10.1196    25.4103     5.7637    175.654    9.11190  277.69475     63.254 -9.990e-29
   39.77584  -72.39258     83.316     82.663    10.1288    33.0513      7.731     0.0013 5.1463e-14  1025.7866    10.1194    25.4105     5.7634    175.647    9.11185  277.69348     63.252 -9.990e-29
   39.77584  -72.39258     83.326     82.672    10.1292    33.0513      7.731    -0.0121 5.1463e-14  1025.7866    10.1197    25.4106     5.7632    175.641    9.11183  277.69271     63.250 -9.990e-29
   39.77584  -72.39258     83.312     82.658    10.1292    33.0513      7.731    -0.0121 5.1515e-14  1025.7865    10.1197    25.4105     5.7631    175.635    9.11183  277.69271     63.248 -9.990e-29
   39.77584  -72.39258     83.326     82.672    10.1293    33.0511      7.731    -0.0121 5.1515e-14  1025.7863    10.1198    25.4103     5.7628    175.628    9.11177  277.69108     63.246 -9.990e-29
   39.77584  -72.39258     83.316     82.663    10.1295    33.0510      7.731    -0.0121 5.1515e-14  1025.7862    10.1200    25.4102     5.7627    175.625    9.11190  277.69476     63.244 -9.990e-29
   39.77584  -72.39258     83.312     82.658    10.1296    33.0510      7.731    -0.0121 5.1568e-14  1025.7861    10.1202    25.4101     5.7625    175.619    9.11186  277.69375     63.242 -9.990e-29
   39.77584  -72.39258     83.326     82.672    10.1298    33.0510      7.731    -0.0121 5.1568e-14  1025.7858    10.1203    25.4100     5.7624    175.615    9.11197  277.69685     63.240 -9.990e-29
   39.77584  -72.39258     83.316     82.663    10.1295    33.0510      7.731    -0.0121 5.1568e-14  1025.7862    10.1201    25.4101     5.7622    175.609    9.11196  277.69687     63.238 -9.990e-29
   39.77584  -72.39258     83.322     82.668    10.1296    33.0511      7.731    -0.0121 5.1568e-14  1025.7864    10.1202    25.4103     5.7678    175.780    9.11199  277.69762     63.299 -9.990e-29
   39.77580  -72.39250     83.305     82.652    10.1298    33.0511      7.731    -0.0121 5.1620e-14  1025.7862    10.1203    25.4103     5.7634    175.647    9.11209  277.70075     63.250 -9.990e-29
   39.77580  -72.39250     83.316     82.663    10.1298    33.0511      7.731    -0.0121 5.1620e-14  1025.7864    10.1203    25.4102     5.7633    175.643    9.11218  277.70321     63.248 -9.990e-29
   39.77580  -72.39250     83.322     82.668    10.1301    33.0509      7.731    -0.0121 5.1620e-14  1025.7858    10.1207    25.4100     5.7631    175.637    9.11221  277.70424     63.246 -9.990e-29
   39.77580  -72.39250     83.305     82.652    10.1298    33.0509      7.731    -0.0121 5.1620e-14  1025.7858    10.1203    25.4099     5.7630    175.634    9.11230  277.70699     63.244 -9.990e-29
   39.77580  -72.39250     83.305     82.652    10.1301    33.0509      7.731    -0.0121 5.1620e-14  1025.7858    10.1207    25.4100     5.7686    175.805    9.11231  277.70727     63.306 -9.990e-29
   39.77580  -72.39250     83.312     82.658    10.1299    33.0509      7.731     0.0013 5.1620e-14  1025.7863    10.1204    25.4101     5.7692    175.822    9.11236  277.70854     63.312 -9.990e-29
   39.77580  -72.39250     83.305     82.652    10.1303    33.0509      7.731    -0.0121 5.1620e-14  1025.7860    10.1208    25.4101     5.7697    175.838    9.11236  277.70869     63.317 -9.990e-29
   39.77580  -72.39250     83.274     82.621    10.1303    33.0509      7.731    -0.0121 5.1673e-14  1025.7857    10.1209    25.4100     5.7644    175.677    9.11239  277.70963     63.259 -9.990e-29
   39.77580  -72.39250     83.326     82.672    10.1303    33.0508      7.731     0.0013 5.1673e-14  1025.7860    10.1208    25.4099     5.7641    175.668    9.11239  277.70936     63.256 -9.990e-29
   39.77580  -72.39250     83.302     82.649    10.1308    33.0508      7.731    -0.0121 5.1673e-14  1025.7854    10.1213    25.4097     5.7639    175.660    9.11243  277.71065     63.253 -9.990e-29
   39.77580  -72.39250     83.285     82.632    10.1306    33.0508      7.731     0.0013 5.1673e-14  1025.7854    10.1212    25.4097     5.7636    175.652    9.11246  277.71154     63.250 -9.990e-29
   39.77580  -72.39250     83.295     82.642    10.1305    33.0509      7.731    -0.0121 5.1673e-14  1025.7859    10.1210    25.4099     5.7691    175.819    9.11244  277.71091     63.310 -9.990e-29
   39.77580  -72.39250     83.281     82.628    10.1306    33.0509      7.731    -0.0121 5.1673e-14  1025.7859    10.1212    25.4100     5.7646    175.681    9.11247  277.71186     63.260 -9.990e-29
   39.77580  -72.39250     83.295     82.642    10.1305    33.0509      7.731     0.0013 5.1673e-14  1025.7858    10.1211    25.4099     5.7643    175.672    9.11244  277.71105     63.257 -9.990e-29
   39.77580  -72.39250     83.274     82.621    10.1305    33.0507      7.731    -0.0121 5.1673e-14  1025.7856    10.1210    25.4098     5.7640    175.663    9.11242  277.71039     63.254 -9.990e-29
   39.77580  -72.39250     83.281     82.628    10.1308    33.0506      7.731     0.0013 5.1726e-14  1025.7854    10.1213    25.4097     5.7637    175.655    9.11243  277.71053     63.251 -9.990e-29
   39.77580  -72.39250     83.265     82.612    10.1308    33.0506      7.731    -0.0121 5.1726e-14  1025.7855    10.1213    25.4097     5.7635    175.647    9.11248  277.71212     63.248 -9.990e-29
   39.77580  -72.39250     83.274     82.621    10.1308    33.0506      7.731    -0.0121 5.1726e-14  1025.7855    10.1213    25.4096     5.7689    175.813    9.11241  277.71003     63.308 -9.990e-29
   39.77580  -72.39250     83.251     82.598    10.1308    33.0504      7.731     0.0013 5.1726e-14  1025.7851    10.1214    25.4095     5.7693    175.827    9.11241  277.71015     63.313 -9.990e-29
   39.77580  -72.39250     83.265     82.612    10.1311    33.0503      7.731    -0.0121 5.1726e-14  1025.7851    10.1217    25.4094     5.7647    175.687    9.11239  277.70939     63.263 -9.990e-29
   39.77580  -72.39250     83.254     82.601    10.1312    33.0502      7.731    -0.0121 5.1726e-14  1025.7850    10.1218    25.4093     5.7644    175.677    9.11236  277.70864     63.259 -9.990e-29
   39.77580  -72.39250     83.251     82.598    10.1311    33.0501 -9.990e-29    -0.0121 5.1726e-14  1025.7848    10.1217    25.4092     5.7641    175.668    9.11241  277.71018     63.256 -9.990e-29
   39.77580  -72.39250     83.254     82.601    10.1313    33.0501 -9.990e-29    -0.0121 5.1726e-14  1025.7848    10.1218    25.4092     5.7638    175.658    9.11240  277.70966     63.252 -9.990e-29
   39.77580  -72.39250     83.244     82.591    10.1311    33.0501 -9.990e-29     0.0013 5.1726e-14  1025.7848    10.1217    25.4091     5.7635    175.648    9.11238  277.70916     63.249 -9.990e-29
   39.77584  -72.39258     83.240     82.587    10.1315    33.0501 -9.990e-29     0.0013 5.1726e-14  1025.7844    10.1220    25.4091     5.7632    175.639    9.11241  277.70990     63.246 -9.990e-29
   39.77584  -72.39258     83.234     82.581    10.1311    33.0502 -9.990e-29    -0.0121 5.1726e-14  1025.7852    10.1217    25.4093     5.7687    175.806    9.11242  277.71040     63.306 -9.990e-29
   39.77584  -72.39258     83.244     82.591    10.1311    33.0503 -9.990e-29    -0.0255 5.1726e-14  1025.7849    10.1217    25.4094     5.7633    175.641    9.11238  277.70901     63.247 -9.990e-29
   39.77584  -72.39258     83.230     82.577    10.1311    33.0504 -9.990e-29    -0.0389 5.1726e-14  1025.7849    10.1217    25.4094     5.7629    175.630    9.11235  277.70821     63.243 -9.990e-29
   39.77584  -72.39258     83.223     82.570    10.1310    33.0506 -9.990e-29    -0.0255 5.1726e-14  1025.7854    10.1216    25.4096     5.7691    175.821    9.11238  277.70929     63.311 -9.990e-29
   39.77584  -72.39258     83.234     82.581    10.1311    33.0507 -9.990e-29    -0.0389 5.1726e-14  1025.7851    10.1217    25.4097     5.7638    175.658    9.11243  277.71080     63.252 -9.990e-29
   39.77584  -72.39258     83.219     82.566    10.1308    33.0507 -9.990e-29    -0.0389 5.1726e-14  1025.7854    10.1214    25.4097     5.7692    175.823    9.11242  277.71056     63.312 -9.990e-29
   39.77584  -72.39258     83.223     82.570    10.1311    33.0507 -9.990e-29    -0.0389 5.1726e-14  1025.7852    10.1217    25.4096     5.7638    175.659    9.11244  277.71106     63.252 -9.990e-29
   39.77584  -72.39258     83.213     82.561    10.1310    33.0506 -9.990e-29    -0.0389 5.1726e-14  1025.7851    10.1215    25.4096     5.7635    175.648    9.11248  277.71213     63.248 -9.990e-29
   39.77584  -72.39258     83.230     82.577    10.1311    33.0506 -9.990e-29    -0.0389 5.1726e-14  1025.7850    10.1217    25.4096     5.7631    175.636    9.11247  277.71200     63.244 -9.990e-29
   39.77584  -72.39258     83.223     82.570    10.1308    33.0506 -9.990e-29    -0.0255 5.1726e-14  1025.7854    10.1214    25.4097     5.7636    175.651    9.11256  277.71460     63.249 -9.990e-29
   39.77584  -72.39258     83.213     82.561    10.1310    33.0506 -9.990e-29    -0.0255 5.1779e-14  1025.7851    10.1215    25.4097     5.7632    175.639    9.11251  277.71302     63.245 -9.990e-29
   39.77584  -72.39258     83.209     82.557    10.1310    33.0506 -9.990e-29    -0.0255 5.1779e-14  1025.7852    10.1216    25.4096     5.7629    175.629    9.11254  277.71408     63.241 -9.990e-29
   39.77584  -72.39258     83.223     82.570    10.1311    33.0505 -9.990e-29    -0.0255 5.1779e-14  1025.7850    10.1217    25.4095     5.7633    175.642    9.11252  277.71352     63.246 -9.990e-29
   39.77584  -72.39258     83.223     82.570    10.1311    33.0504 -9.990e-29    -0.0389 5.1779e-14  1025.7851    10.1217    25.4094     5.7688    175.809    9.11253  277.71390     63.306 -9.990e-29
   39.77584  -72.39258     83.209     82.557    10.1315    33.0504 -9.990e-29    -0.0255 5.1779e-14  1025.7846    10.1220    25.4093     5.7634    175.646    9.11256  277.71458     63.247 -9.990e-29
   39.77584  -72.39258     83.223     82.570    10.1315    33.0503 -9.990e-29    -0.0389 5.1779e-14  1025.7850    10.1220    25.4093     5.7631    175.635    9.11256  277.71444     63.243 -9.990e-29
   39.77584  -72.39258     83.223     82.570    10.1315    33.0503 -9.990e-29    -0.0255 5.1779e-14  1025.7850    10.1220    25.4093     5.7685    175.801    9.11257  277.71470     63.303 -9.990e-29
   39.77584  -72.39258     83.219     82.566    10.1319    33.0502 -9.990e-29    -0.0255 5.1779e-14  1025.7845    10.1225    25.4091     5.7631    175.635    9.11253  277.71368     63.243 -9.990e-29
   39.77584  -72.39258     83.213     82.561    10.1313    33.0502 -9.990e-29    -0.0389 5.1779e-14  1025.7846    10.1219    25.4091     5.7685    175.800    9.11252  277.71328     63.303 -9.990e-29
   39.77584  -72.39258     83.234     82.581    10.1314    33.0501 -9.990e-29    -0.0255 5.1779e-14  1025.7848    10.1219    25.4092     5.7688    175.810    9.11253  277.71365     63.306 -9.990e-29
   39.77584  -72.39258     83.230     82.577    10.1308    33.0501 -9.990e-29    -0.0389 5.1779e-14  1025.7851    10.1214    25.4093     5.7691    175.819    9.11250  277.71276     63.310 -9.990e-29
   39.77584  -72.39258     83.223     82.570    10.1310    33.0501 -9.990e-29    -0.0255 5.1779e-14  1025.7846    10.1215    25.4092     5.7694    175.828    9.11251  277.71309     63.313 -9.990e-29
