CalculateIndicators/WaterTemperature/Data/CTD_NYOS/20230515_C01.cnv
* Sea-Bird SBE 9 Data File:
* FileName = C:\Seabird 9 CTD\Data\2023\202305_offshore\20230515_C01.hex
* Software Version Seasave V 7.23.2
* Temperature SN = 4590
* Conductivity SN = 3228
* Number of Bytes Per Scan = 44
* Number of Voltage Words = 5
* Number of Scans Averaged by the Deck Unit = 1
* NMEA Latitude = 40 57.56 N
* NMEA Longitude = 073 34.88 W
* NMEA UTC (Time) = May 15 2023  01:20:01
* NMEA baud rate = 4800
** Ship: Seawolf
** Station: LIS_ARIG
** Operator: TDK
# nquan = 18
# nvalues = 8276                        
# units = specified
# name 0 = latitude: Latitude [deg]
# name 1 = longitude: Longitude [deg]
# name 2 = prDM: Pressure, Digiquartz [db]
# name 3 = depSM: Depth [salt water, m]
# name 4 = t090C: Temperature [ITS-90, deg C]
# name 5 = sal00: Salinity, Practical [PSU]
# name 6 = ph: pH
# name 7 = flECO-AFL: Fluorescence, WET Labs ECO-AFL/FL [mg/m^3]
# name 8 = cpar: CPAR/Corrected Irradiance [%]
# name 9 = density00: Density [density, kg/m^3]
# name 10 = potemp090C: Potential Temperature [ITS-90, deg C]
# name 11 = sigma-é00: Density [sigma-theta, kg/m^3]
# name 12 = sbeox0Mg/L: Oxygen, SBE 43 [mg/l]
# name 13 = sbox0Mm/Kg: Oxygen, SBE 43 [umol/kg]
# name 14 = oxsolMg/L: Oxygen Saturation, Garcia & Gordon [mg/l]
# name 15 = oxsolMm/Kg: Oxygen Saturation, Garcia & Gordon [umol/kg]
# name 16 = sbeox0PS: Oxygen, SBE 43 [% saturation]
# name 17 = flag:  0.000e+00
# span 0 =   40.95932,   40.95950       
# span 1 =  -73.58186,  -73.58130       
# span 2 =      1.899,     14.074       
# span 3 =      1.884,     13.965       
# span 4 =    10.9066,    15.1122       
# span 5 =    25.4819,    26.6257       
# span 6 =      7.771,      8.179       
# span 7 =     1.0893,     2.5532       
# span 8 = 5.0640e-11, 9.9999e+04       
# span 9 =  1018.6454,  1020.3426       
# span 10 =    10.9051,    15.1116      
# span 11 =    18.6425,    20.2786      
# span 12 =     7.8762,    11.3547      
# span 13 =    241.243,    348.108      
# span 14 =    8.60439,    9.33439      
# span 15 =  263.96867,  285.90605      
# span 16 =     84.388,    128.729      
# span 17 = 0.0000e+00, 0.0000e+00      
# interval = seconds: 0.0416667
# start_time = May 15 2023 01:20:03 [System UTC, first data scan.]
# bad_flag = -9.990e-29
*END*
[from data line 2252]
   40.95942  -73.58158     14.003     13.894    10.9188    26.6169      7.776     1.3176 -9.990e-29  1020.3344    10.9173    20.2707     7.9102    242.286    9.33192  285.83275     84.765 -9.990e-29
   40.95942  -73.58158     14.001     13.892    10.9185    26.6171      7.776     1.3176 -9.990e-29  1020.3344    10.9170    20.2708     7.9111    242.313    9.33197  285.83447     84.774 -9.990e-29
   40.95942  -73.58158     14.003     13.894    10.9182    26.6172      7.776     1.3042 -9.990e-29  1020.3347    10.9167    20.2710     7.9112    242.316    9.33197  285.83426     84.775 -9.990e-29
   40.95942  -73.58158     14.001     13.892    10.9182    26.6174      7.776     1.2773 -9.990e-29  1020.3348    10.9167    20.2712     7.9120    242.342    9.33199  285.83507     84.784 -9.990e-29
   40.95942  -73.58158     14.003     13.894    10.9179    26.6174      7.776     1.2773 -9.990e-29  1020.3350    10.9163    20.2712     7.9122    242.347    9.33204  285.83649     84.785 -9.990e-29
   40.95942  -73.58158     14.001     13.892    10.9183    26.6174      7.776     1.2773 -9.990e-29  1020.3348    10.9168    20.2712     7.9124    242.352    9.33209  285.83801     84.787 -9.990e-29
   40.95942  -73.58158     14.003     13.894    10.9184    26.6174      7.776     1.2773 -9.990e-29  1020.3349    10.9169    20.2711     7.9125    242.356    9.33210  285.83821     84.788 -9.990e-29
   40.95942  -73.58158     14.001     13.892    10.9187    26.6174      7.776     1.2773 -9.990e-29  1020.3346    10.9172    20.2710     7.9126    242.360    9.33211  285.83835     84.789 -9.990e-29
   40.95942  -73.58158     14.003     13.894    10.9192    26.6173      7.776     1.2773 -9.990e-29  1020.3346    10.9177    20.2709     7.9186    242.542    9.33211  285.83846     84.853 -9.990e-29
   40.95942  -73.58158     14.001     13.892    10.9195    26.6172      7.776     1.2773 -9.990e-29  1020.3344    10.9180    20.2708     7.9136    242.389    9.33212  285.83872     84.799 -9.990e-29
   40.95942  -73.58158     14.003     13.894    10.9197    26.6170      7.776     1.2773 -9.990e-29  1020.3343    10.9182    20.2705     7.9136    242.391    9.33210  285.83821     84.800 -9.990e-29
   40.95942  -73.58158     13.991     13.882    10.9204    26.6167      7.776     1.2773 -9.990e-29  1020.3338    10.9188    20.2703     7.9137    242.394    9.33209  285.83786     84.801 -9.990e-29
   40.95942  -73.58158     14.003     13.894    10.9202    26.6165      7.776     1.2773 -9.990e-29  1020.3337    10.9186    20.2700     7.9139    242.398    9.33213  285.83932     84.802 -9.990e-29
   40.95942  -73.58158     14.001     13.892    10.9205    26.6163      7.776     1.2773 -9.990e-29  1020.3335    10.9190    20.2699     7.9139    242.399    9.33208  285.83751     84.803 -9.990e-29
   40.95942  -73.58158     14.003     13.894    10.9204    26.6163      7.776     1.2773 -9.990e-29  1020.3336    10.9188    20.2699     7.9140    242.403    9.33214  285.83944     84.804 -9.990e-29
   40.95942  -73.58158     14.001     13.892    10.9202    26.6162      7.776     1.2773 -9.990e-29  1020.3336    10.9186    20.2699     7.9199    242.585    9.33213  285.83906     84.868 -9.990e-29
   40.95942  -73.58158     14.003     13.894    10.9202    26.6162      7.776     1.2773 -9.990e-29  1020.3334    10.9186    20.2698     7.9207    242.608    9.33211  285.83849     84.876 -9.990e-29
   40.95942  -73.58158     14.001     13.892    10.9199    26.6162      7.776     1.2773 -9.990e-29  1020.3333    10.9183    20.2698     7.9157    242.453    9.33213  285.83917     84.822 -9.990e-29
   40.95942  -73.58158     13.994     13.885    10.9192    26.6163      7.776     1.2773 -9.990e-29  1020.3337    10.9177    20.2701     7.9157    242.455    9.33215  285.83980     84.822 -9.990e-29
   40.95942  -73.58158     14.001     13.892    10.9188    26.6166      7.776     1.2773 -9.990e-29  1020.3341    10.9173    20.2704     7.9157    242.454    9.33207  285.83737     84.822 -9.990e-29
   40.95942  -73.58158     14.003     13.894    10.9183    26.6169      7.776     1.2773 -9.990e-29  1020.3345    10.9168    20.2706     7.9157    242.456    9.33209  285.83801     84.823 -9.990e-29
   40.95942  -73.58158     14.001     13.892    10.9184    26.6169      7.776     1.2773 -9.990e-29  1020.3343    10.9169    20.2707     7.9157    242.455    9.33205  285.83665     84.823 -9.990e-29
   40.95942  -73.58158     13.994     13.885    10.9185    26.6169      7.776     1.2773 -9.990e-29  1020.3342    10.9170    20.2707     7.9158    242.457    9.33210  285.83833     84.823 -9.990e-29
   40.95948  -73.58146     14.001     13.892    10.9185    26.6169      7.776     1.2773 -9.990e-29  1020.3346    10.9170    20.2707     7.9158    242.458    9.33209  285.83812     84.824 -9.990e-29
   40.95948  -73.58146     14.003     13.894    10.9187    26.6169      7.776     1.2773 -9.990e-29  1020.3343    10.9172    20.2707     7.9158    242.458    9.33207  285.83737     84.824 -9.990e-29
   40.95948  -73.58146     14.001     13.892    10.9185    26.6169      7.776     1.2773 -9.990e-29  1020.3344    10.9170    20.2707     7.9151    242.437    9.33209  285.83786     84.816 -9.990e-29
   40.95948  -73.58146     13.994     13.885    10.9187    26.6169      7.776     1.2773 -9.990e-29  1020.3342    10.9172    20.2707     7.9151    242.436    9.33207  285.83749     84.816 -9.990e-29
   40.95948  -73.58146     14.001     13.892    10.9187    26.6170      7.776     1.2773 -9.990e-29  1020.3345    10.9172    20.2707     7.9152    242.439    9.33215  285.83981     84.816 -9.990e-29
   40.95948  -73.58146     13.994     13.885    10.9187    26.6170      7.776     1.2773 -9.990e-29  1020.3344    10.9172    20.2707     7.9152    242.438    9.33213  285.83905     84.816 -9.990e-29
   40.95948  -73.58146     14.001     13.892    10.9192    26.6170      7.776     1.2773 -9.990e-29  1020.3342    10.9177    20.2707     7.9151    242.438    9.33212  285.83871     84.816 -9.990e-29
   40.95948  -73.58146     14.003     13.894    10.9195    26.6170      7.776     1.2773 -9.990e-29  1020.3344    10.9180    20.2707     7.9151    242.436    9.33206  285.83702     84.816 -9.990e-29
   40.95948  -73.58146     13.991     13.882    10.9197    26.6170      7.776     1.2773 -9.990e-29  1020.3343    10.9182    20.2707     7.9151    242.437    9.33212  285.83874     84.816 -9.990e-29
   40.95948  -73.58146     13.994     13.885    10.9202    26.6170      7.776     1.2773 -9.990e-29  1020.3342    10.9186    20.2705     7.9151    242.437    9.33211  285.83835     84.816 -9.990e-29
   40.95948  -73.58146     14.012     13.903    10.9204    26.6168      7.776     1.2773 -9.990e-29  1020.3341    10.9188    20.2703     7.9152    242.438    9.33214  285.83957     84.816 -9.990e-29
   40.95948  -73.58146     13.994     13.885    10.9210    26.6166      7.776     1.2773 -9.990e-29  1020.3335    10.9195    20.2700     7.9152    242.439    9.33216  285.83996     84.816 -9.990e-29
   40.95948  -73.58146     14.001     13.892    10.9214    26.6164      7.776     1.2773 -9.990e-29  1020.3335    10.9199    20.2698     7.9144    242.415    9.33212  285.83886     84.808 -9.990e-29
   40.95948  -73.58146     13.994     13.885    10.9217    26.6163      7.776     1.2773 -9.990e-29  1020.3333    10.9201    20.2697     7.9144    242.414    9.33214  285.83946     84.808 -9.990e-29
   40.95948  -73.58146     14.001     13.892    10.9220    26.6161      7.776     1.2773 -9.990e-29  1020.3332    10.9205    20.2695     7.9143    242.413    9.33214  285.83933     84.807 -9.990e-29
   40.95948  -73.58146     13.994     13.885    10.9225    26.6160      7.776     1.2773 -9.990e-29  1020.3329    10.9210    20.2694     7.9136    242.390    9.33217  285.84021     84.799 -9.990e-29
   40.95948  -73.58146     14.001     13.892    10.9226    26.6160      7.776     1.2773 -9.990e-29  1020.3331    10.9210    20.2693     7.9135    242.388    9.33217  285.84018     84.798 -9.990e-29
   40.95948  -73.58146     14.003     13.894    10.9228    26.6158      7.776     1.2773 -9.990e-29  1020.3328    10.9213    20.2691     7.9127    242.362    9.33212  285.83871     84.790 -9.990e-29
   40.95948  -73.58146     13.991     13.882    10.9230    26.6157      7.776     1.2773 -9.990e-29  1020.3325    10.9215    20.2690     7.9126    242.361    9.33218  285.84069     84.789 -9.990e-29
   40.95948  -73.58146     14.003     13.894    10.9226    26.6157      7.776     1.2773 -9.990e-29  1020.3329    10.9210    20.2691     7.9125    242.356    9.33213  285.83910     84.788 -9.990e-29
   40.95948  -73.58146     13.991     13.882    10.9223    26.6156      7.776     1.2773 -9.990e-29  1020.3327    10.9208    20.2691     7.9066    242.177    9.33216  285.83995     84.725 -9.990e-29
   40.95948  -73.58146     14.003     13.894    10.9220    26.6156      7.776     1.2773 -9.990e-29  1020.3327    10.9205    20.2691     7.9116    242.328    9.33210  285.83823     84.778 -9.990e-29
   40.95948  -73.58146     13.991     13.882    10.9218    26.6156      7.776     1.2773 -9.990e-29  1020.3328    10.9203    20.2692     7.9116    242.329    9.33215  285.83974     84.778 -9.990e-29
   40.95948  -73.58146     13.994     13.885    10.9217    26.6157      7.776     1.2773 -9.990e-29  1020.3328    10.9202    20.2693     7.9114    242.324    9.33208  285.83762     84.777 -9.990e-29
   40.95940  -73.58158     14.001     13.892    10.9213    26.6159      7.776     1.2773 -9.990e-29  1020.3333    10.9198    20.2695     7.9114    242.324    9.33211  285.83848     84.776 -9.990e-29
   40.95940  -73.58158     13.994     13.885    10.9212    26.6160 -9.990e-29     1.2773 -9.990e-29  1020.3331    10.9196    20.2696     7.9055    242.143    9.33210  285.83825     84.713 -9.990e-29
   40.95940  -73.58158     14.001     13.892    10.9209    26.6160 -9.990e-29     1.2773 -9.990e-29  1020.3333    10.9193    20.2696     7.9106    242.298    9.33212  285.83886     84.767 -9.990e-29
   40.95940  -73.58158     14.003     13.894    10.9209    26.6161 -9.990e-29     1.2773 -9.990e-29  1020.3333    10.9194    20.2697     7.9048    242.120    9.33213  285.83911     84.705 -9.990e-29
   40.95940  -73.58158     14.001     13.892    10.9207    26.6162 -9.990e-29     1.2907 -9.990e-29  1020.3335    10.9191    20.2698     7.9098    242.274    9.33207  285.83727     84.759 -9.990e-29
   40.95940  -73.58158     13.984     13.875    10.9205    26.6162 -9.990e-29     1.3042 -9.990e-29  1020.3334    10.9190    20.2698     7.9040    242.096    9.33207  285.83730     84.697 -9.990e-29
   40.95940  -73.58158     14.001     13.892    10.9202    26.6162 -9.990e-29     1.3042 -9.990e-29  1020.3335    10.9187    20.2699     7.9091    242.254    9.33211  285.83847     84.752 -9.990e-29
   40.95940  -73.58158     13.994     13.885    10.9202    26.6163 -9.990e-29     1.3042 -9.990e-29  1020.3335    10.9186    20.2700     7.9033    242.076    9.33210  285.83833     84.690 -9.990e-29
   40.95940  -73.58158     14.001     13.892    10.9200    26.6164 -9.990e-29     1.3042 -9.990e-29  1020.3340    10.9185    20.2702     7.9027    242.055    9.33209  285.83802     84.683 -9.990e-29
   40.95940  -73.58158     13.994     13.885    10.9200    26.6164 -9.990e-29     1.3042 -9.990e-29  1020.3339    10.9185    20.2702     7.9020    242.036    9.33209  285.83798     84.676 -9.990e-29
   40.95940  -73.58158     13.991     13.882    10.9200    26.6164 -9.990e-29     1.3042 -9.990e-29  1020.3337    10.9185    20.2701     7.9022    242.040    9.33207  285.83738     84.677 -9.990e-29
   40.95940  -73.58158     13.994     13.885    10.9202    26.6163 -9.990e-29     1.3042 -9.990e-29  1020.3335    10.9186    20.2700     7.9074    242.202    9.33208  285.83774     84.734 -9.990e-29
   40.95940  -73.58158     13.991     13.882    10.9202    26.6163 -9.990e-29     1.3042 -9.990e-29  1020.3337    10.9186    20.2700     7.9018    242.028    9.33206  285.83690     84.674 -9.990e-29
   40.95940  -73.58158     13.994     13.885    10.9200    26.6163 -9.990e-29     1.3042 -9.990e-29  1020.3335    10.9185    20.2700     7.9013    242.013    9.33208  285.83762     84.668 -9.990e-29
   40.95940  -73.58158     14.001     13.892    10.9202    26.6165 -9.990e-29     1.3042 -9.990e-29  1020.3338    10.9186    20.2701     7.9008    241.998    9.33205  285.83678     84.663 -9.990e-29
   40.95940  -73.58158     13.984     13.875    10.9199    26.6165 -9.990e-29     1.3042 -9.990e-29  1020.3338    10.9183    20.2701     7.9003    241.984    9.33205  285.83678     84.658 -9.990e-29
   40.95940  -73.58158     14.001     13.892    10.9200    26.6165 -9.990e-29     1.3042 -9.990e-29  1020.3337    10.9185    20.2701     7.8999    241.971    9.33204  285.83655     84.654 -9.990e-29
   40.95940  -73.58158     13.994     13.885    10.9200    26.6164 -9.990e-29     1.3042 -9.990e-29  1020.3338    10.9185    20.2701     7.9002    241.981    9.33203  285.83614     84.657 -9.990e-29
   40.95940  -73.58158     13.991     13.882    10.9200    26.6164 -9.990e-29     1.3042 -9.990e-29  1020.3336    10.9185    20.2701     7.9007    241.994    9.33204  285.83661     84.662 -9.990e-29
   40.95940  -73.58158     13.994     13.885    10.9199    26.6163 -9.990e-29     1.3042 -9.990e-29  1020.3337    10.9183    20.2700     7.9004    241.985    9.33201  285.83568     84.659 -9.990e-29
   40.95940  -73.58158     13.991     13.882    10.9204    26.6163 -9.990e-29     1.3042 -9.990e-29  1020.3334    10.9188    20.2700     7.9001    241.978    9.33202  285.83591     84.656 -9.990e-29
   40.95940  -73.58158     14.003     13.894    10.9202    26.6163 -9.990e-29     1.3042 -9.990e-29  1020.3335    10.9187    20.2700     7.8999    241.970    9.33196  285.83411     84.654 -9.990e-29
   40.95940  -73.58158     13.981     13.873    10.9204    26.6163 -9.990e-29     1.3042 -9.990e-29  1020.3336    10.9188    20.2700     7.8997    241.965    9.33199  285.83483     84.652 -9.990e-29
   40.95940  -73.58158     13.994     13.885    10.9202    26.6162 -9.990e-29     1.3042 -9.990e-29  1020.3335    10.9186    20.2699     7.8995    241.959    9.33195  285.83365     84.650 -9.990e-29
   40.95940  -73.58158     14.001     13.892    10.9202    26.6162 -9.990e-29     1.3042 -9.990e-29  1020.3335    10.9187    20.2699     7.8994    241.956    9.33196  285.83387     84.649 -9.990e-29
   40.95940  -73.58158     13.994     13.885    10.9204    26.6162 -9.990e-29     1.3042 -9.990e-29  1020.3334    10.9188    20.2699     7.8993    241.952    9.33193  285.83326     84.648 -9.990e-29
   40.95940  -73.58158     13.991     13.882    10.9202    26.6162 -9.990e-29     1.3042 -9.990e-29  1020.3337    10.9186    20.2699     7.8993    241.951    9.33196  285.83398     84.647 -9.990e-29
   40.95940  -73.58158     13.994     13.885    10.9204    26.6162 -9.990e-29     1.3042 -9.990e-29  1020.3334    10.9188    20.2699     7.8992    241.949    9.33193  285.83302     84.647 -9.990e-29
   40.95940  -73.58158     14.001     13.892    10.9199    26.6163 -9.990e-29     1.3042 -9.990e-29  1020.3337    10.9183    20.2700     7.8992    241.949    9.33192  285.83286     84.647 -9.990e-29
   40.95940  -73.58158     13.994     13.885    10.9200    26.6164 -9.990e-29     1.2907 -9.990e-29  1020.3337    10.9185    20.2701     7.8992    241.950    9.33192  285.83297     84.647 -9.990e-29
   40.95940  -73.58158     14.001     13.892    10.9200    26.6164 -9.990e-29     1.2907 -9.990e-29  1020.3338    10.9185    20.2701     7.8993    241.951    9.33188  285.83171     84.648 -9.990e-29
   40.95940  -73.58158     13.994     13.885    10.9204    26.6165 -9.990e-29     1.2907 -9.990e-29  1020.3335    10.9188    20.2702     7.8993    241.953    9.33186  285.83107     84.649 -9.990e-29
