CalculateIndicators/WaterTemperature/Data/CTD_NYOS/20230515_C08.cnv
* Sea-Bird SBE 9 Data File:
* FileName = C:\Seabird 9 CTD\Data\2023\202305_offshore\20230515_C08.hex
* Software Version Seasave V 7.23.2
* Temperature SN = 4590
* Conductivity SN = 3228
* Number of Bytes Per Scan = 44
* Number of Voltage Words = 5
* Number of Scans Averaged by the Deck Unit = 1
* NMEA Latitude = 39 07.16 N
* NMEA Longitude = 072 23.96 W
* NMEA UTC (Time) = May 16 2023  02:03:04
* NMEA baud rate = 4800
** Ship: seawolf
** Station: 8.7
** Operator: TDK
# nquan = 18
# nvalues = 18898                       
# units = specified
# name 0 = latitude: Latitude [deg]
# name 1 = longitude: Longitude [deg]
# name 2 = prDM: Pressure, Digiquartz [db]
# name 3 = depSM: Depth [salt water, m]
# name 4 = t090C: Temperature [ITS-90, deg C]
# name 5 = sal00: Salinity, Practical [PSU]
# name 6 = ph: pH
# name 7 = flECO-AFL: Fluorescence, WET Labs ECO-AFL/FL [mg/m^3]
# name 8 = cpar: CPAR/Corrected Irradiance [%]
# name 9 = density00: Density [density, kg/m^3]
# name 10 = potemp090C: Potential Temperature [ITS-90, deg C]
# name 11 = sigma-é00: Density [sigma-theta, kg/m^3]
# name 12 = sbeox0Mg/L: Oxygen, SBE 43 [mg/l]
# name 13 = sbox0Mm/Kg: Oxygen, SBE 43 [umol/kg]
# name 14 = oxsolMg/L: Oxygen Saturation, Garcia & Gordon [mg/l]
# name 15 = oxsolMm/Kg: Oxygen Saturation, Garcia & Gordon [umol/kg]
# name 16 = sbeox0PS: Oxygen, SBE 43 [% saturation]
# name 17 = flag:  0.000e+00
# span 0 =   39.11946,   39.12106       
# span 1 =  -72.39946,  -72.39282       
# span 2 =      2.119,    102.790       
# span 3 =      2.103,    101.985       
# span 4 =     9.5594,    14.7550       
# span 5 =    33.3963,    35.6406       
# span 6 =      7.991,      8.096       
# span 7 =    -0.0927,     1.2101       
# span 8 = 5.0640e-11, 9.9999e+04       
# span 9 =  1025.1736,  1026.9772       
# span 10 =     9.5553,    14.7396      
# span 11 =    25.1528,    26.5325      
# span 12 =     6.9400,     9.5623      
# span 13 =    211.273,    291.316      
# span 14 =    8.14271,    9.20122      
# span 15 =  247.88862,  280.30153      
# span 16 =     84.358,    109.446      
# span 17 = 0.0000e+00, 0.0000e+00      
# interval = seconds: 0.0416667
# start_time = May 16 2023 02:03:03 [System UTC, first data scan.]
# bad_flag = -9.990e-29
*END*
[from data line 11900]
   39.12052  -72.39530     61.555     61.079    12.7869    34.6935 -9.990e-29     0.0954 9.9999e+04  1026.4733    12.7786    26.1995     7.9657    242.575    8.52518  259.61378     93.437 -9.990e-29
   39.12052  -72.39530     61.526     61.050    12.7869    34.6935 -9.990e-29     0.1088 9.9999e+04  1026.4732    12.7786    26.1995     7.9655    242.569    8.52514  259.61246     93.435 -9.990e-29
   39.12052  -72.39530     61.515     61.039    12.7872    34.6935 -9.990e-29     0.0954 9.9999e+04  1026.4730    12.7789    26.1995     7.9658    242.579    8.52503  259.60901     93.440 -9.990e-29
   39.12052  -72.39530     61.515     61.039    12.7869    34.6934 -9.990e-29     0.1088 9.9999e+04  1026.4732    12.7786    26.1994     7.9662    242.590    8.52497  259.60730     93.445 -9.990e-29
   39.12052  -72.39530     61.495     61.020    12.7871    34.6932 -9.990e-29     0.1088 9.9999e+04  1026.4726    12.7788    26.1993     7.9666    242.604    8.52493  259.60596     93.451 -9.990e-29
   39.12052  -72.39530     61.463     60.988    12.7869    34.6931 -9.990e-29     0.0954 9.9999e+04  1026.4725    12.7786    26.1992     7.9670    242.615    8.52487  259.60421     93.456 -9.990e-29
   39.12052  -72.39530     61.463     60.988    12.7869    34.6930 -9.990e-29     0.1088 9.9999e+04  1026.4726    12.7786    26.1992     7.9674    242.629    8.52486  259.60429     93.461 -9.990e-29
   39.12052  -72.39530     61.463     60.988    12.7867    34.6928 -9.990e-29     0.0954 9.9999e+04  1026.4724    12.7784    26.1991     7.9673    242.624    8.52491  259.60594     93.459 -9.990e-29
   39.12052  -72.39530     61.412     60.938    12.7867    34.6925 -9.990e-29     0.0954 9.9999e+04  1026.4720    12.7784    26.1988     7.9724    242.781    8.52498  259.60804     93.518 -9.990e-29
   39.12052  -72.39530     61.393     60.918    12.7863    34.6921 -9.990e-29     0.0954 9.9999e+04  1026.4715    12.7780    26.1986     7.9682    242.653    8.52509  259.61132     93.468 -9.990e-29
   39.12052  -72.39530     61.393     60.918    12.7860    34.6916 -9.990e-29     0.0954 9.9999e+04  1026.4715    12.7777    26.1982     7.9686    242.664    8.52508  259.61120     93.472 -9.990e-29
   39.12052  -72.39530     61.372     60.898    12.7859    34.6911 -9.990e-29     0.0954 9.9999e+04  1026.4706    12.7777    26.1978     7.9690    242.678    8.52514  259.61307     93.477 -9.990e-29
   39.12052  -72.39530     61.331     60.857    12.7854    34.6906 -9.990e-29     0.0954 9.9999e+04  1026.4703    12.7771    26.1976     7.9694    242.688    8.52513  259.61256     93.481 -9.990e-29
   39.12052  -72.39530     61.321     60.847    12.7849    34.6904 -9.990e-29     0.0954 9.9999e+04  1026.4701    12.7766    26.1975     7.9691    242.682    8.52516  259.61356     93.478 -9.990e-29
   39.12052  -72.39530     61.300     60.826    12.7846    34.6904 -9.990e-29     0.0954 9.9999e+04  1026.4701    12.7763    26.1976     7.9696    242.694    8.52522  259.61551     93.482 -9.990e-29
   39.12052  -72.39530     61.280     60.806    12.7840    34.6904 -9.990e-29     0.1088 9.9999e+04  1026.4703    12.7758    26.1977     7.9699    242.705    8.52522  259.61540     93.486 -9.990e-29
   39.12052  -72.39530     61.249     60.776    12.7839    34.6905 -9.990e-29     0.0954 9.9999e+04  1026.4701    12.7756    26.1978     7.9696    242.697    8.52523  259.61566     93.483 -9.990e-29
   39.12052  -72.39530     61.228     60.755    12.7835    34.6907 -9.990e-29     0.0954 9.9999e+04  1026.4704    12.7753    26.1980     7.9692    242.684    8.52517  259.61384     93.479 -9.990e-29
   39.12052  -72.39530     61.198     60.725    12.7836    34.6908 -9.990e-29     0.0954 9.9999e+04  1026.4701    12.7753    26.1981     7.9689    242.673    8.52518  259.61416     93.475 -9.990e-29
   39.12052  -72.39530     61.187     60.714    12.7832    34.6908 -9.990e-29     0.0954 9.9999e+04  1026.4705    12.7749    26.1983     7.9690    242.678    8.52512  259.61205     93.477 -9.990e-29
   39.12052  -72.39530     61.177     60.704    12.7832    34.6908 -9.990e-29     0.0954 9.9999e+04  1026.4706    12.7749    26.1983     7.9693    242.686    8.52511  259.61182     93.480 -9.990e-29
   39.12052  -72.39530     61.157     60.684    12.7832    34.6908 -9.990e-29     0.0954 9.9999e+04  1026.4701    12.7750    26.1982     7.9688    242.671    8.52508  259.61095     93.475 -9.990e-29
   39.12052  -72.39530     61.147     60.674    12.7830    34.6906 -9.990e-29     0.0954 9.9999e+04  1026.4699    12.7748    26.1981     7.9690    242.677    8.52504  259.60983     93.478 -9.990e-29
   39.12052  -72.39528     61.116     60.644    12.7827    34.6906 -9.990e-29     0.1088 9.9999e+04  1026.4700    12.7745    26.1981     7.9692    242.682    8.52502  259.60894     93.480 -9.990e-29
   39.12052  -72.39528     61.085     60.613    12.7827    34.6906 -9.990e-29     0.0954 9.9999e+04  1026.4696    12.7745    26.1981     7.9693    242.687    8.52497  259.60774     93.482 -9.990e-29
   39.12052  -72.39528     61.075     60.603    12.7825    34.6906 -9.990e-29     0.1088 9.9999e+04  1026.4697    12.7743    26.1981     7.9690    242.676    8.52500  259.60864     93.478 -9.990e-29
   39.12052  -72.39528     61.065     60.593    12.7822    34.6906 -9.990e-29     0.0954 9.9999e+04  1026.4698    12.7740    26.1982     7.9685    242.662    8.52499  259.60814     93.472 -9.990e-29
   39.12052  -72.39528     61.054     60.582    12.7824    34.6908 -9.990e-29     0.1088 9.9999e+04  1026.4697    12.7741    26.1983     7.9687    242.668    8.52499  259.60848     93.475 -9.990e-29
   39.12052  -72.39528     61.034     60.562    12.7821    34.6908 -9.990e-29     0.0954 9.9999e+04  1026.4702    12.7738    26.1986     7.9683    242.655    8.52504  259.60963     93.469 -9.990e-29
   39.12052  -72.39528     61.024     60.552    12.7822    34.6908 -9.990e-29     0.1088 9.9999e+04  1026.4701    12.7740    26.1986     7.9684    242.658    8.52499  259.60813     93.471 -9.990e-29
   39.12052  -72.39528     61.003     60.532    12.7824    34.6908 -9.990e-29     0.0954 9.9999e+04  1026.4696    12.7741    26.1984     7.9679    242.644    8.52504  259.60974     93.465 -9.990e-29
   39.12052  -72.39528     61.003     60.532    12.7824    34.6905 -9.990e-29     0.1088 9.9999e+04  1026.4694    12.7742    26.1982     7.9680    242.646    8.52499  259.60835     93.466 -9.990e-29
   39.12052  -72.39528     60.993     60.522    12.7822    34.6902 -9.990e-29     0.0954 9.9999e+04  1026.4692    12.7740    26.1980     7.9682    242.652    8.52504  259.60973     93.468 -9.990e-29
   39.12052  -72.39528     60.982     60.511    12.7819    34.6899 -9.990e-29     0.0954 9.9999e+04  1026.4688    12.7737    26.1977     7.9676    242.635    8.52501  259.60881     93.462 -9.990e-29
   39.12052  -72.39528     60.973     60.501    12.7817    34.6899 -9.990e-29     0.0954 9.9999e+04  1026.4687    12.7735    26.1977     7.9671    242.618    8.52500  259.60857     93.455 -9.990e-29
   39.12052  -72.39528     60.982     60.511    12.7815    34.6899 -9.990e-29     0.0954 9.9999e+04  1026.4691    12.7733    26.1978     7.9671    242.619    8.52499  259.60819     93.456 -9.990e-29
   39.12052  -72.39528     60.963     60.492    12.7815    34.6900 -9.990e-29     0.0954 9.9999e+04  1026.4689    12.7733    26.1978     7.9671    242.620    8.52497  259.60771     93.457 -9.990e-29
   39.12052  -72.39528     60.963     60.492    12.7815    34.6902 -9.990e-29     0.0954 9.9999e+04  1026.4690    12.7733    26.1980     7.9613    242.442    8.52494  259.60661     93.388 -9.990e-29
   39.12052  -72.39528     60.963     60.492    12.7815    34.6905 -9.990e-29     0.1088 9.9999e+04  1026.4695    12.7733    26.1983     7.9607    242.425    8.52496  259.60731     93.382 -9.990e-29
   39.12052  -72.39528     60.952     60.481    12.7815    34.6905 -9.990e-29     0.0954 9.9999e+04  1026.4696    12.7733    26.1984     7.9648    242.549    8.52494  259.60679     93.429 -9.990e-29
   39.12052  -72.39528     60.963     60.492    12.7817    34.6905 -9.990e-29     0.1088 9.9999e+04  1026.4697    12.7735    26.1984     7.9648    242.550    8.52494  259.60678     93.430 -9.990e-29
   39.12052  -72.39528     60.952     60.481    12.7815    34.6904 -9.990e-29     0.0954 9.9999e+04  1026.4693    12.7733    26.1982     7.9649    242.553    8.52493  259.60650     93.431 -9.990e-29
   39.12052  -72.39528     60.973     60.501    12.7818    34.6902 -9.990e-29     0.1088 9.9999e+04  1026.4688    12.7736    26.1980     7.9650    242.555    8.52493  259.60660     93.432 -9.990e-29
   39.12052  -72.39528     60.963     60.492    12.7815    34.6902 -9.990e-29     0.1088 9.9999e+04  1026.4691    12.7733    26.1980     7.9598    242.396    8.52497  259.60781     93.370 -9.990e-29
   39.12052  -72.39528     60.973     60.501    12.7815    34.6902 -9.990e-29     0.0954 9.9999e+04  1026.4691    12.7733    26.1980     7.9586    242.359    8.52492  259.60621     93.356 -9.990e-29
   39.12052  -72.39528     60.982     60.511    12.7814    34.6904 -9.990e-29     0.1088 9.9999e+04  1026.4693    12.7731    26.1981     7.9574    242.323    8.52492  259.60589     93.343 -9.990e-29
   39.12052  -72.39528     60.982     60.511    12.7815    34.6909 -9.990e-29     0.1088 9.9999e+04  1026.4694    12.7733    26.1986     7.9568    242.305    8.52487  259.60432     93.336 -9.990e-29
   39.12052  -72.39528     60.993     60.522    12.7812    34.6919 -9.990e-29     0.0954 9.9999e+04  1026.4707    12.7730    26.1993     7.9563    242.291    8.52486  259.60409     93.331 -9.990e-29
   39.12052  -72.39528     60.982     60.511    12.7818    34.6928 -9.990e-29     0.0954 9.9999e+04  1026.4715    12.7736    26.2000     7.9612    242.438    8.52492  259.60605     93.387 -9.990e-29
   39.12052  -72.39528     61.003     60.532    12.7820    34.6933 -9.990e-29     0.0954 9.9999e+04  1026.4717    12.7738    26.2003     7.9613    242.444    8.52498  259.60837     93.388 -9.990e-29
   39.12052  -72.39528     61.024     60.552    12.7826    34.6933 -9.990e-29     0.1088 9.9999e+04  1026.4719    12.7744    26.2004     7.9616    242.451    8.52512  259.61251     93.390 -9.990e-29
   39.12052  -72.39528     61.014     60.543    12.7830    34.6933 -9.990e-29     0.0954 9.9999e+04  1026.4715    12.7748    26.2002     7.9566    242.300    8.52527  259.61730     93.330 -9.990e-29
   39.12052  -72.39528     61.054     60.582    12.7832    34.6932 -9.990e-29     0.1088 9.9999e+04  1026.4717    12.7750    26.2000     7.9616    242.451    8.52538  259.62084     93.387 -9.990e-29
   39.12052  -72.39528     61.045     60.573    12.7837    34.6928 -9.990e-29     0.1088 9.9999e+04  1026.4712    12.7755    26.1996     7.9565    242.297    8.52548  259.62346     93.326 -9.990e-29
   39.12052  -72.39528     61.075     60.603    12.7840    34.6921 -9.990e-29     0.0954 9.9999e+04  1026.4706    12.7758    26.1991     7.9613    242.444    8.52547  259.62309     93.383 -9.990e-29
   39.12052  -72.39528     61.075     60.603    12.7839    34.6916 -9.990e-29     0.1088 9.9999e+04  1026.4702    12.7757    26.1988     7.9615    242.449    8.52547  259.62307     93.385 -9.990e-29
   39.12052  -72.39528     61.096     60.623    12.7835    34.6913 -9.990e-29     0.0954 9.9999e+04  1026.4702    12.7753    26.1986     7.9618    242.457    8.52552  259.62464     93.388 -9.990e-29
   39.12052  -72.39528     61.105     60.633    12.7831    34.6910 -9.990e-29     0.0954 9.9999e+04  1026.4701    12.7748    26.1984     7.9627    242.487    8.52564  259.62865     93.398 -9.990e-29
   39.12052  -72.39528     61.116     60.644    12.7832    34.6908 -9.990e-29     0.0954 9.9999e+04  1026.4699    12.7749    26.1982     7.9631    242.496    8.52574  259.63155     93.400 -9.990e-29
   39.12052  -72.39528     61.136     60.663    12.7828    34.6907 -9.990e-29     0.0954 9.9999e+04  1026.4700    12.7746    26.1981     7.9633    242.505    8.52581  259.63385     93.403 -9.990e-29
   39.12052  -72.39528     61.136     60.663    12.7829    34.6906 -9.990e-29     0.0954 9.9999e+04  1026.4701    12.7746    26.1981     7.9636    242.513    8.52588  259.63575     93.405 -9.990e-29
   39.12052  -72.39528     61.168     60.695    12.7828    34.6905 -9.990e-29     0.1088 9.9999e+04  1026.4699    12.7746    26.1981     7.9639    242.521    8.52595  259.63810     93.407 -9.990e-29
   39.12052  -72.39528     61.187     60.714    12.7824    34.6905 -9.990e-29     0.0954 9.9999e+04  1026.4703    12.7742    26.1981     7.9641    242.529    8.52598  259.63885     93.410 -9.990e-29
   39.12052  -72.39528     61.208     60.735    12.7825    34.6905 -9.990e-29     0.1088 9.9999e+04  1026.4701    12.7743    26.1981     7.9644    242.537    8.52602  259.64036     93.413 -9.990e-29
   39.12052  -72.39528     61.228     60.755    12.7824    34.6905 -9.990e-29     0.1088 9.9999e+04  1026.4704    12.7742    26.1981     7.9647    242.546    8.52610  259.64257     93.415 -9.990e-29
   39.12052  -72.39528     61.219     60.746    12.7827    34.6908 -9.990e-29     0.0954 9.9999e+04  1026.4704    12.7745    26.1983     7.9649    242.553    8.52610  259.64244     93.418 -9.990e-29
   39.12052  -72.39528     61.208     60.735    12.7824    34.6913 -9.990e-29     0.1088 9.9999e+04  1026.4710    12.7741    26.1987     7.9651    242.558    8.52615  259.64421     93.419 -9.990e-29
   39.12052  -72.39528     61.177     60.704    12.7827    34.6916 -9.990e-29     0.0954 9.9999e+04  1026.4709    12.7745    26.1989     7.9654    242.568    8.52618  259.64500     93.423 -9.990e-29
   39.12052  -72.39528     61.177     60.704    12.7827    34.6918 -9.990e-29     0.1088 9.9999e+04  1026.4710    12.7745    26.1991     7.9657    242.576    8.52622  259.64612     93.426 -9.990e-29
   39.12052  -72.39528     61.116     60.644    12.7827    34.6918 -9.990e-29     0.0954 9.9999e+04  1026.4711    12.7745    26.1992     7.9660    242.585    8.52621  259.64581     93.429 -9.990e-29
   39.12052  -72.39528     61.105     60.633    12.7830    34.6918 -9.990e-29     0.0954 9.9999e+04  1026.4708    12.7748    26.1991     7.9661    242.590    8.52621  259.64581     93.431 -9.990e-29
   39.12054  -72.39526     61.075     60.603    12.7832    34.6918 -9.990e-29     0.0954 9.9999e+04  1026.4706    12.7750    26.1990     7.9663    242.596    8.52617  259.64459     93.434 -9.990e-29
   39.12054  -72.39526     61.054     60.582    12.7836    34.6916 -9.990e-29     0.0954 9.9999e+04  1026.4701    12.7753    26.1988     7.9665    242.602    8.52616  259.64419     93.436 -9.990e-29
   39.12054  -72.39526     61.054     60.582    12.7834    34.6915 -9.990e-29     0.0954 9.9999e+04  1026.4702    12.7751    26.1987     7.9668    242.611    8.52622  259.64632     93.439 -9.990e-29
   39.12054  -72.39526     61.054     60.582    12.7834    34.6915 -9.990e-29     0.1088 9.9999e+04  1026.4703    12.7752    26.1987     7.9670    242.618    8.52623  259.64633     93.442 -9.990e-29
   39.12054  -72.39526     61.054     60.582    12.7835    34.6915 -9.990e-29     0.1088 9.9999e+04  1026.4699    12.7753    26.1987     7.9672    242.623    8.52621  259.64590     93.444 -9.990e-29
   39.12054  -72.39526     61.054     60.582    12.7832    34.6915 -9.990e-29     0.0954 9.9999e+04  1026.4702    12.7750    26.1987     7.9675    242.630    8.52623  259.64640     93.446 -9.990e-29
   39.12054  -72.39526     61.045     60.573    12.7834    34.6916 -9.990e-29     0.1088 9.9999e+04  1026.4703    12.7752    26.1988     7.9676    242.636    8.52622  259.64618     93.449 -9.990e-29
   39.12054  -72.39526     61.045     60.573    12.7832    34.6916 -9.990e-29     0.1088 9.9999e+04  1026.4702    12.7750    26.1988     7.9679    242.644    8.52624  259.64667     93.452 -9.990e-29
