CalculateIndicators/WaterTemperature/Data/CTD_NYOS/20230516_C14.cnv
* Sea-Bird SBE 9 Data File:
* FileName = C:\Seabird 9 CTD\Data\2023\202305_offshore\20230516_C14.hex
* Software Version Seasave V 7.23.2
* Temperature SN = 4590
* Conductivity SN = 3228
* Number of Bytes Per Scan = 44
* Number of Voltage Words = 5
* Number of Scans Averaged by the Deck Unit = 1
* NMEA Latitude = 39 59.49 N
* NMEA Longitude = 072 32.03 W
* NMEA UTC (Time) = May 16 2023  17:33:19
* NMEA baud rate = 4800
** Ship: Seawolf
** Station: 9.4
** Operator: tcm
# nquan = 18
# nvalues = 12248                       
# units = specified
# name 0 = latitude: Latitude [deg]
# name 1 = longitude: Longitude [deg]
# name 2 = prDM: Pressure, Digiquartz [db]
# name 3 = depSM: Depth [salt water, m]
# name 4 = t090C: Temperature [ITS-90, deg C]
# name 5 = sal00: Salinity, Practical [PSU]
# name 6 = ph: pH
# name 7 = flECO-AFL: Fluorescence, WET Labs ECO-AFL/FL [mg/m^3]
# name 8 = cpar: CPAR/Corrected Irradiance [%]
# name 9 = density00: Density [density, kg/m^3]
# name 10 = potemp090C: Potential Temperature [ITS-90, deg C]
# name 11 = sigma-é00: Density [sigma-theta, kg/m^3]
# name 12 = sbeox0Mg/L: Oxygen, SBE 43 [mg/l]
# name 13 = sbox0Mm/Kg: Oxygen, SBE 43 [umol/kg]
# name 14 = oxsolMg/L: Oxygen Saturation, Garcia & Gordon [mg/l]
# name 15 = oxsolMm/Kg: Oxygen Saturation, Garcia & Gordon [umol/kg]
# name 16 = sbeox0PS: Oxygen, SBE 43 [% saturation]
# name 17 = flag:  0.000e+00
# span 0 =   39.99154,   39.99214       
# span 1 =  -72.53382,  -72.53210       
# span 2 =      1.396,     61.369       
# span 3 =      1.386,     60.890       
# span 4 =     6.9952,    13.4044       
# span 5 =    32.3528,    32.9264       
# span 6 =      7.854,      8.086       
# span 7 =    -0.2136,     2.0966       
# span 8 = 1.8508e-02, 1.1150e+02       
# span 9 =  1024.2559,  1026.0441       
# span 10 =     6.9910,    13.4041      
# span 11 =    24.2609,    25.7801      
# span 12 =     8.5499,     9.9621      
# span 13 =    260.479,    303.667      
# span 14 =    8.53906,    9.78351      
# span 15 =  260.52269,  298.06026      
# span 16 =     87.400,    111.292      
# span 17 = 0.0000e+00, 0.0000e+00      
# interval = seconds: 0.0416667
# start_time = May 16 2023 17:33:19 [System UTC, first data scan.]
# bad_flag = -9.990e-29
*END*
[from data line 9408]
   39.99202  -72.53252     14.758     14.645    13.1133    32.3931 -9.990e-29     0.3505 9.0931e+00  1024.4181    13.1113    24.3522     8.9828    274.042    8.59208  262.12140    104.548 -9.990e-29
   39.99202  -72.53252     14.750     14.637    13.1128    32.3931 -9.990e-29     0.3505 9.0931e+00  1024.4179    13.1108    24.3523     8.9828    274.040    8.59219  262.12474    104.546 -9.990e-29
   39.99202  -72.53252     14.768     14.654    13.1123    32.3934 -9.990e-29     0.3505 9.1187e+00  1024.4182    13.1103    24.3526     8.9834    274.060    8.59239  262.13077    104.551 -9.990e-29
   39.99202  -72.53252     14.771     14.657    13.1116    32.3941 -9.990e-29     0.3505 9.1444e+00  1024.4194    13.1096    24.3532     8.9834    274.060    8.59259  262.13671    104.548 -9.990e-29
   39.99202  -72.53252     14.792     14.678    13.1125    32.3942 -9.990e-29     0.3640 9.1701e+00  1024.4196    13.1105    24.3535     8.9840    274.077    8.59277  262.14205    104.553 -9.990e-29
   39.99202  -72.53252     14.778     14.664    13.1133    32.3942 -9.990e-29     0.3640 9.1960e+00  1024.4191    13.1113    24.3533     8.9847    274.098    8.59302  262.14965    104.558 -9.990e-29
   39.99202  -72.53252     14.780     14.667    13.1134    32.3944 -9.990e-29     0.3640 9.2739e+00  1024.4188    13.1115    24.3531     8.9794    273.938    8.59327  262.15689    104.494 -9.990e-29
   39.99202  -72.53252     14.798     14.684    13.1133    32.3944 -9.990e-29     0.3640 9.3000e+00  1024.4189    13.1113    24.3531     8.9847    274.099    8.59348  262.16314    104.553 -9.990e-29
   39.99202  -72.53252     14.811     14.697    13.1136    32.3943 -9.990e-29     0.3640 9.3262e+00  1024.4193    13.1116    24.3531     8.9848    274.102    8.59377  262.17176    104.550 -9.990e-29
   39.99202  -72.53252     14.809     14.695    13.1141    32.3943 -9.990e-29     0.3640 9.4052e+00  1024.4190    13.1121    24.3530     8.9794    273.938    8.59394  262.17680    104.486 -9.990e-29
   39.99202  -72.53252     14.811     14.697    13.1143    32.3943 -9.990e-29     0.3640 9.4504e+00  1024.4189    13.1123    24.3529     8.9841    274.081    8.59418  262.18417    104.537 -9.990e-29
   39.99202  -72.53252     14.819     14.705    13.1144    32.3942 -9.990e-29     0.3640 9.4504e+00  1024.4189    13.1125    24.3528     8.9788    273.918    8.59441  262.19108    104.473 -9.990e-29
   39.99202  -72.53252     14.831     14.717    13.1148    32.3940 -9.990e-29     0.3640 9.5037e+00  1024.4186    13.1128    24.3526     8.9779    273.891    8.59443  262.19126    104.462 -9.990e-29
   39.99202  -72.53252     14.829     14.715    13.1150    32.3937 -9.990e-29     0.3640 9.5305e+00  1024.4184    13.1130    24.3524     8.9768    273.855    8.59419  262.18376    104.452 -9.990e-29
   39.99202  -72.53252     14.852     14.738    13.1141    32.3935 -9.990e-29     0.3640 9.5573e+00  1024.4186    13.1122    24.3523     8.9760    273.833    8.59377  262.17090    104.448 -9.990e-29
   39.99202  -72.53252     14.852     14.738    13.1139    32.3935 -9.990e-29     0.3640 9.5842e+00  1024.4182    13.1119    24.3522     8.9755    273.816    8.59348  262.16227    104.445 -9.990e-29
   39.99202  -72.53252     14.849     14.735    13.1131    32.3935 -9.990e-29     0.3640 9.6112e+00  1024.4186    13.1111    24.3524     8.9802    273.961    8.59320  262.15402    104.504 -9.990e-29
   39.99202  -72.53252     14.873     14.758    13.1128    32.3938 -9.990e-29     0.3640 9.6383e+00  1024.4191    13.1108    24.3528     8.9750    273.800    8.59289  262.14455    104.446 -9.990e-29
   39.99202  -72.53252     14.870     14.755    13.1128    32.3942 -9.990e-29     0.3640 9.6846e+00  1024.4193    13.1108    24.3531     8.9745    273.786    8.59262  262.13675    104.444 -9.990e-29
   39.99202  -72.53252     14.892     14.777    13.1125    32.3945 -9.990e-29     0.3640 9.7667e+00  1024.4199    13.1105    24.3533     8.9741    273.774    8.59244  262.13151    104.442 -9.990e-29
   39.99202  -72.53252     14.880     14.765    13.1126    32.3947 -9.990e-29     0.3640 9.7667e+00  1024.4197    13.1106    24.3535     8.9738    273.765    8.59230  262.12734    104.440 -9.990e-29
   39.99202  -72.53252     14.903     14.788    13.1125    32.3950 -9.990e-29     0.3640 9.7392e+00  1024.4204    13.1105    24.3537     8.9736    273.760    8.59226  262.12643    104.438 -9.990e-29
   39.99202  -72.53252     14.903     14.788    13.1125    32.3950 -9.990e-29     0.3640 9.7392e+00  1024.4204    13.1105    24.3538     8.9735    273.756    8.59225  262.12636    104.437 -9.990e-29
   39.99202  -72.53252     14.910     14.795    13.1126    32.3950 -9.990e-29     0.3640 9.7392e+00  1024.4202    13.1106    24.3538     8.9737    273.762    8.59248  262.13317    104.436 -9.990e-29
   39.99202  -72.53252     14.922     14.807    13.1125    32.3949 -9.990e-29     0.3640 9.7119e+00  1024.4202    13.1105    24.3537     8.9738    273.765    8.59264  262.13786    104.436 -9.990e-29
   39.99202  -72.53252     14.941     14.826    13.1126    32.3949 -9.990e-29     0.3640 9.6223e+00  1024.4203    13.1106    24.3537     8.9737    273.764    8.59263  262.13760    104.435 -9.990e-29
   39.99202  -72.53252     14.933     14.818    13.1128    32.3948 -9.990e-29     0.3640 9.5953e+00  1024.4202    13.1108    24.3536     8.9738    273.765    8.59266  262.13823    104.435 -9.990e-29
   39.99202  -72.53252     14.961     14.846    13.1128    32.3948 -9.990e-29     0.3640 9.5414e+00  1024.4203    13.1108    24.3535     8.9737    273.763    8.59263  262.13720    104.435 -9.990e-29
   39.99202  -72.53252     14.963     14.848    13.1131    32.3947 -9.990e-29     0.3505 9.4613e+00  1024.4200    13.1111    24.3535     8.9684    273.600    8.59250  262.13349    104.374 -9.990e-29
   39.99202  -72.53252     14.973     14.858    13.1128    32.3947 -9.990e-29     0.3505 9.4347e+00  1024.4204    13.1107    24.3535     8.9677    273.580    8.59238  262.12985    104.368 -9.990e-29
   39.99202  -72.53252     14.981     14.866    13.1126    32.3947 -9.990e-29     0.3505 9.4347e+00  1024.4205    13.1106    24.3535     8.9672    273.564    8.59233  262.12848    104.362 -9.990e-29
   39.99202  -72.53252     15.003     14.888    13.1131    32.3947 -9.990e-29     0.3505 9.3029e+00  1024.4198    13.1111    24.3534     8.9667    273.548    8.59224  262.12608    104.358 -9.990e-29
   39.99202  -72.53252     15.012     14.896    13.1123    32.3947 -9.990e-29     0.3505 9.2248e+00  1024.4204    13.1103    24.3535     8.9715    273.697    8.59222  262.12544    104.415 -9.990e-29
   39.99202  -72.53252     15.024     14.908    13.1119    32.3949 -9.990e-29     0.3505 9.2248e+00  1024.4208    13.1099    24.3537     8.9718    273.706    8.59225  262.12666    104.418 -9.990e-29
   39.99202  -72.53252     15.032     14.917    13.1121    32.3949 -9.990e-29     0.3505 9.1216e+00  1024.4210    13.1101    24.3538     8.9668    273.552    8.59220  262.12491    104.359 -9.990e-29
   39.99202  -72.53252     15.045     14.929    13.1125    32.3949 -9.990e-29     0.3505 9.0704e+00  1024.4209    13.1104    24.3538     8.9665    273.544    8.59221  262.12568    104.356 -9.990e-29
   39.99202  -72.53252     15.065     14.949    13.1126    32.3947 -9.990e-29     0.3505 9.0704e+00  1024.4209    13.1106    24.3536     8.9664    273.540    8.59229  262.12796    104.354 -9.990e-29
   39.99202  -72.53252     15.072     14.956    13.1125    32.3942 -9.990e-29     0.3505 8.9942e+00  1024.4203    13.1104    24.3532     8.9661    273.533    8.59224  262.12635    104.352 -9.990e-29
   39.99202  -72.53252     15.096     14.979    13.1116    32.3942 -9.990e-29     0.3505 8.9689e+00  1024.4201    13.1096    24.3531     8.9652    273.504    8.59206  262.12091    104.343 -9.990e-29
   39.99202  -72.53252     15.104     14.988    13.1094    32.3942 -9.990e-29     0.3505 8.9438e+00  1024.4207    13.1074    24.3537     8.9644    273.481    8.59204  262.12024    104.334 -9.990e-29
   39.99202  -72.53252     15.126     15.009    13.1079    32.3950 -9.990e-29     0.3505 8.9438e+00  1024.4223    13.1059    24.3546     8.9637    273.458    8.59201  262.11932    104.326 -9.990e-29
   39.99202  -72.53252     15.135     15.019    13.1072    32.3953 -9.990e-29     0.3505 8.9186e+00  1024.4233    13.1052    24.3554     8.9629    273.435    8.59190  262.11617    104.318 -9.990e-29
   39.99202  -72.53252     15.144     15.027    13.1072    32.3953 -9.990e-29     0.3505 8.9186e+00  1024.4234    13.1052    24.3555     8.9628    273.432    8.59187  262.11514    104.318 -9.990e-29
   39.99202  -72.53252     15.166     15.049    13.1072    32.3953 -9.990e-29     0.3505 8.9689e+00  1024.4224    13.1052    24.3552     8.9622    273.412    8.59181  262.11345    104.311 -9.990e-29
   39.99202  -72.53252     15.174     15.057    13.1052    32.3953 -9.990e-29     0.3505 9.0449e+00  1024.4228    13.1032    24.3553     8.9673    273.568    8.59161  262.10746    104.372 -9.990e-29
   39.99202  -72.53252     15.186     15.069    13.1035    32.3953 -9.990e-29     0.3505 9.0449e+00  1024.4233    13.1015    24.3558     8.9626    273.425    8.59156  262.10579    104.319 -9.990e-29
   39.99202  -72.53252     15.197     15.080    13.1017    32.3959 -9.990e-29     0.3505 9.0704e+00  1024.4244    13.0997    24.3566     8.9621    273.412    8.59160  262.10748    104.313 -9.990e-29
   39.99202  -72.53252     15.215     15.098    13.0999    32.3966 -9.990e-29     0.3505 9.1216e+00  1024.4254    13.0979    24.3575     8.9619    273.403    8.59178  262.11261    104.307 -9.990e-29
   39.99202  -72.53252     15.228     15.110    13.0987    32.3972 -9.990e-29     0.3505 9.1216e+00  1024.4264    13.0966    24.3582     8.9668    273.555    8.59193  262.11731    104.364 -9.990e-29
   39.99202  -72.53252     15.234     15.117    13.0981    32.3975 -9.990e-29     0.3505 9.1216e+00  1024.4263    13.0961    24.3586     8.9677    273.580    8.59197  262.11853    104.373 -9.990e-29
   39.99202  -72.53252     15.258     15.140    13.0968    32.3977 -9.990e-29     0.3505 9.0960e+00  1024.4271    13.0948    24.3590     8.9686    273.609    8.59212  262.12298    104.382 -9.990e-29
   39.99202  -72.53252     15.267     15.150    13.0957    32.3980 -9.990e-29     0.3505 9.0960e+00  1024.4274    13.0937    24.3595     8.9696    273.640    8.59227  262.12765    104.392 -9.990e-29
   39.99202  -72.53252     15.266     15.149    13.0945    32.3985 -9.990e-29     0.3640 9.0960e+00  1024.4282    13.0924    24.3600     8.9706    273.669    8.59237  262.13075    104.402 -9.990e-29
   39.99202  -72.53252     15.288     15.170    13.0929    32.3989 -9.990e-29     0.3640 9.0960e+00  1024.4288    13.0909    24.3606     8.9714    273.695    8.59235  262.12984    104.412 -9.990e-29
   39.99202  -72.53252     15.296     15.179    13.0914    32.3993 -9.990e-29     0.3640 9.0704e+00  1024.4295    13.0894    24.3612     8.9722    273.717    8.59221  262.12552    104.422 -9.990e-29
   39.99202  -72.53252     15.298     15.180    13.0902    32.3998 -9.990e-29     0.3640 9.0704e+00  1024.4300    13.0881    24.3619     8.9776    273.881    8.59202  262.11972    104.487 -9.990e-29
   39.99202  -72.53252     15.318     15.200    13.0883    32.4003 -9.990e-29     0.3640 9.0704e+00  1024.4311    13.0862    24.3626     8.9735    273.758    8.59180  262.11307    104.443 -9.990e-29
   39.99202  -72.53252     15.316     15.198    13.0873    32.4007 -9.990e-29     0.3640 9.0704e+00  1024.4315    13.0852    24.3632     8.9744    273.785    8.59174  262.11148    104.454 -9.990e-29
   39.99202  -72.53252     15.339     15.221    13.0857    32.4011 -9.990e-29     0.3640 9.0704e+00  1024.4322    13.0837    24.3638     8.9799    273.955    8.59170  262.11043    104.519 -9.990e-29
   39.99202  -72.53252     15.327     15.209    13.0844    32.4017 -9.990e-29     0.3640 9.0449e+00  1024.4325    13.0824    24.3644     8.9815    274.002    8.59171  262.11064    104.537 -9.990e-29
   39.99202  -72.53252     15.349     15.230    13.0839    32.4027 -9.990e-29     0.3640 9.0449e+00  1024.4338    13.0818    24.3653     8.9824    274.031    8.59175  262.11195    104.547 -9.990e-29
   39.99202  -72.53252     15.339     15.221    13.0847    32.4037 -9.990e-29     0.3640 9.0195e+00  1024.4348    13.0827    24.3659     8.9833    274.057    8.59175  262.11179    104.557 -9.990e-29
   39.99202  -72.53252     15.347     15.229    13.0871    32.4037 -9.990e-29     0.3640 8.9942e+00  1024.4345    13.0850    24.3659     8.9841    274.081    8.59166  262.10913    104.567 -9.990e-29
   39.99202  -72.53252     15.349     15.230    13.0888    32.4037 -9.990e-29     0.3640 8.9942e+00  1024.4339    13.0868    24.3655     8.9849    274.106    8.59167  262.10931    104.577 -9.990e-29
   39.99202  -72.53252     15.358     15.240    13.0904    32.4037 -9.990e-29     0.3640 8.9689e+00  1024.4335    13.0884    24.3649     8.9856    274.127    8.59154  262.10539    104.587 -9.990e-29
   39.99202  -72.53252     15.347     15.229    13.0923    32.4032 -9.990e-29     0.3640 8.9942e+00  1024.4328    13.0902    24.3641     8.9870    274.169    8.59151  262.10448    104.603 -9.990e-29
   39.99202  -72.53252     15.358     15.240    13.0942    32.4023 -9.990e-29     0.3640 8.9942e+00  1024.4315    13.0921    24.3631     8.9877    274.191    8.59145  262.10270    104.612 -9.990e-29
   39.99202  -72.53252     15.347     15.229    13.0955    32.4014 -9.990e-29     0.3640 8.9942e+00  1024.4305    13.0934    24.3622     8.9831    274.050    8.59137  262.10026    104.559 -9.990e-29
   39.99202  -72.53252     15.358     15.240    13.0965    32.4006 -9.990e-29     0.3640 9.0195e+00  1024.4298    13.0944    24.3613     8.9885    274.216    8.59136  262.10010    104.623 -9.990e-29
   39.99202  -72.53252     15.349     15.230    13.0970    32.3997 -9.990e-29     0.3640 8.9942e+00  1024.4290    13.0949    24.3606     8.9841    274.080    8.59144  262.10222    104.570 -9.990e-29
   39.99202  -72.53252     15.336     15.218    13.0973    32.3994 -9.990e-29     0.3640 8.9942e+00  1024.4281    13.0953    24.3601     8.9894    274.244    8.59141  262.10133    104.633 -9.990e-29
   39.99202  -72.53252     15.339     15.221    13.0961    32.3994 -9.990e-29     0.3640 8.9942e+00  1024.4283    13.0940    24.3601     8.9901    274.265    8.59134  262.09986    104.641 -9.990e-29
   39.99202  -72.53252     15.339     15.221    13.0950    32.3994 -9.990e-29     0.3640 8.9689e+00  1024.4290    13.0929    24.3606     8.9910    274.291    8.59151  262.10472    104.650 -9.990e-29
   39.99202  -72.53252     15.327     15.209    13.0948    32.4000 -9.990e-29     0.3640 8.9689e+00  1024.4295    13.0928    24.3611     8.9917    274.314    8.59157  262.10646    104.657 -9.990e-29
   39.99202  -72.53252     15.318     15.200    13.0945    32.4005 -9.990e-29     0.3640 8.9438e+00  1024.4300    13.0924    24.3615     8.9924    274.335    8.59160  262.10735    104.665 -9.990e-29
   39.99202  -72.53252     15.296     15.179    13.0945    32.4005 -9.990e-29     0.3640 8.8686e+00  1024.4302    13.0925    24.3617     8.9878    274.194    8.59162  262.10812    104.611 -9.990e-29
   39.99202  -72.53252     15.288     15.170    13.0953    32.4005 -9.990e-29     0.3640 8.8014e+00  1024.4299    13.0932    24.3615     8.9880    274.200    8.59176  262.11233    104.611 -9.990e-29
   39.99202  -72.53252     15.277     15.160    13.0962    32.4002 -9.990e-29     0.3640 8.8014e+00  1024.4292    13.0941    24.3611     8.9927    274.344    8.59183  262.11436    104.666 -9.990e-29
   39.99202  -72.53252     15.255     15.138    13.0966    32.3995 -9.990e-29     0.3640 8.7448e+00  1024.4285    13.0946    24.3604     8.9927    274.342    8.59182  262.11381    104.665 -9.990e-29
