CalculateIndicators/WaterTemperature/Data/CTD_NYOS/20231005_C19.cnv
* Sea-Bird SBE 9 Data File:
* FileName = C:\Seabird 9 CTD\Data\2023\202309_offshore\20231005_C19.hex
* Software Version Seasave V 7.23.2
* Temperature SN = 4590
* Conductivity SN = 3228
* Number of Bytes Per Scan = 44
* Number of Voltage Words = 5
* Number of Scans Averaged by the Deck Unit = 1
* NMEA Latitude = 40 53.48 N
* NMEA Longitude = 072 12.49 W
* NMEA UTC (Time) = Oct 05 2023  04:05:14
* NMEA baud rate = 4800
** Ship: seawolf
** Station: 11.1
** Operator: tcm
# nquan = 18
# nvalues = 7132                        
# units = specified
# name 0 = latitude: Latitude [deg]
# name 1 = longitude: Longitude [deg]
# name 2 = prDM: Pressure, Digiquartz [db]
# name 3 = depSM: Depth [salt water, m]
# name 4 = t090C: Temperature [ITS-90, deg C]
# name 5 = sal00: Salinity, Practical [PSU]
# name 6 = ph: pH
# name 7 = flECO-AFL: Fluorescence, WET Labs ECO-AFL/FL [mg/m^3]
# name 8 = cpar: CPAR/Corrected Irradiance [%]
# name 9 = density00: Density [density, kg/m^3]
# name 10 = potemp090C: Potential Temperature [ITS-90, deg C]
# name 11 = sigma-é00: Density [sigma-theta, kg/m^3]
# name 12 = sbeox0Mg/L: Oxygen, SBE 43 [mg/l]
# name 13 = sbox0Mm/Kg: Oxygen, SBE 43 [umol/kg]
# name 14 = oxsolMg/L: Oxygen Saturation, Garcia & Gordon [mg/l]
# name 15 = oxsolMm/Kg: Oxygen Saturation, Garcia & Gordon [umol/kg]
# name 16 = sbeox0PS: Oxygen, SBE 43 [% saturation]
# name 17 = flag:  0.000e+00
# span 0 =   40.89132,   40.89170       
# span 1 =  -72.20828,  -72.20812       
# span 2 =      1.986,     19.951       
# span 3 =      1.970,     19.795       
# span 4 =    17.3064,    18.9262       
# span 5 =    31.1052,    31.4662       
# span 6 =      7.864,      7.936       
# span 7 =     0.4446,     2.0294       
# span 8 = 5.0640e-11, 9.9999e+04       
# span 9 =  1022.0892,  1022.8207       
# span 10 =    17.3032,    18.9258      
# span 11 =    22.0893,    22.7335      
# span 12 =     6.8711,     8.3383      
# span 13 =    209.955,    254.863      
# span 14 =    7.71649,    7.94537      
# span 15 =  235.91941,  242.77698      
# span 16 =     86.522,    106.147      
# span 17 = 0.0000e+00, 0.0000e+00      
# interval = seconds: 0.0416667
# start_time = Oct 05 2023 04:05:18 [System UTC, first data scan.]
# bad_flag = -9.990e-29
*END*
[from data line 4181]
   40.89162  -72.20816      7.179      7.123    17.8917    31.2559 -9.990e-29     1.6399 -9.990e-29  1022.4646    17.8905    22.4331     7.7805    237.812    7.86473  240.38502     98.929 -9.990e-29
   40.89162  -72.20816      7.181      7.125    17.8921    31.2557 -9.990e-29     1.6534 -9.990e-29  1022.4644    17.8909    22.4329     7.7801    237.798    7.86467  240.38341     98.925 -9.990e-29
   40.89162  -72.20816      7.168      7.113    17.8928    31.2556 -9.990e-29     1.6534 -9.990e-29  1022.4637    17.8916    22.4327     7.7802    237.801    7.86472  240.38493     98.925 -9.990e-29
   40.89162  -72.20816      7.179      7.123    17.8922    31.2556 -9.990e-29     1.6534 -9.990e-29  1022.4644    17.8910    22.4328     7.7849    237.947    7.86472  240.38498     98.986 -9.990e-29
   40.89162  -72.20816      7.179      7.123    17.8921    31.2556 -9.990e-29     1.6668 -9.990e-29  1022.4643    17.8909    22.4328     7.7808    237.819    7.86476  240.38617     98.932 -9.990e-29
   40.89162  -72.20816      7.171      7.115    17.8928    31.2556 -9.990e-29     1.6534 -9.990e-29  1022.4640    17.8916    22.4326     7.7855    237.963    7.86477  240.38632     98.992 -9.990e-29
   40.89162  -72.20816      7.179      7.123    17.8933    31.2555 -9.990e-29     1.6668 -9.990e-29  1022.4640    17.8921    22.4324     7.7855    237.963    7.86476  240.38598     98.992 -9.990e-29
   40.89162  -72.20816      7.168      7.113    17.8941    31.2553 -9.990e-29     1.6534 -9.990e-29  1022.4635    17.8929    22.4322     7.7906    238.120    7.86478  240.38669     99.057 -9.990e-29
   40.89162  -72.20816      7.171      7.115    17.8947    31.2551 -9.990e-29     1.6534 -9.990e-29  1022.4633    17.8935    22.4318     7.7867    238.002    7.86478  240.38693     99.008 -9.990e-29
   40.89162  -72.20816      7.168      7.113    17.8955    31.2549 -9.990e-29     1.6668 -9.990e-29  1022.4628    17.8943    22.4315     7.7871    238.013    7.86480  240.38751     99.012 -9.990e-29
   40.89162  -72.20816      7.168      7.113    17.8959    31.2547 -9.990e-29     1.6668 -9.990e-29  1022.4627    17.8947    22.4312     7.7922    238.167    7.86480  240.38722     99.077 -9.990e-29
   40.89162  -72.20816      7.168      7.113    17.8966    31.2544 -9.990e-29     1.6534 -9.990e-29  1022.4621    17.8954    22.4309     7.7882    238.047    7.86479  240.38700     99.026 -9.990e-29
   40.89162  -72.20816      7.161      7.106    17.8969    31.2544 -9.990e-29     1.6668 -9.990e-29  1022.4621    17.8957    22.4308     7.7885    238.056    7.86480  240.38721     99.030 -9.990e-29
   40.89162  -72.20816      7.168      7.113    17.8973    31.2544 -9.990e-29     1.6534 -9.990e-29  1022.4622    17.8961    22.4306     7.7934    238.206    7.86476  240.38609     99.093 -9.990e-29
   40.89162  -72.20816      7.159      7.103    17.8978    31.2542 -9.990e-29     1.6534 -9.990e-29  1022.4617    17.8966    22.4304     7.7895    238.084    7.86478  240.38666     99.042 -9.990e-29
   40.89162  -72.20816      7.161      7.106    17.8981    31.2539 -9.990e-29     1.6534 -9.990e-29  1022.4614    17.8969    22.4301     7.7944    238.236    7.86482  240.38790     99.105 -9.990e-29
   40.89162  -72.20816      7.159      7.103    17.8986    31.2537 -9.990e-29     1.6534 -9.990e-29  1022.4613    17.8974    22.4299     7.7950    238.253    7.86479  240.38686     99.112 -9.990e-29
   40.89162  -72.20816      7.159      7.103    17.8985    31.2535 -9.990e-29     1.6668 -9.990e-29  1022.4609    17.8973    22.4297     7.7955    238.268    7.86467  240.38326     99.120 -9.990e-29
   40.89162  -72.20816      7.150      7.095    17.8981    31.2533 -9.990e-29     1.6534 -9.990e-29  1022.4609    17.8969    22.4296     7.8006    238.425    7.86456  240.37982     99.187 -9.990e-29
   40.89162  -72.20816      7.159      7.103    17.8978    31.2532      7.904     1.6668 -9.990e-29  1022.4608    17.8966    22.4296     7.8014    238.450    7.86444  240.37654     99.198 -9.990e-29
   40.89162  -72.20816      7.148      7.092    17.8973    31.2532      7.904     1.6668 -9.990e-29  1022.4611    17.8961    22.4298     7.8022    238.475    7.86437  240.37429     99.210 -9.990e-29
   40.89162  -72.20816      7.148      7.092    17.8969    31.2532      7.904     1.6534 -9.990e-29  1022.4613    17.8957    22.4299     7.8030    238.498    7.86431  240.37265     99.220 -9.990e-29
   40.89162  -72.20816      7.150      7.095    17.8967    31.2533      7.904     1.6534 -9.990e-29  1022.4611    17.8955    22.4300     7.7991    238.380    7.86436  240.37428     99.170 -9.990e-29
   40.89162  -72.20816      7.138      7.083    17.8964    31.2536      7.904     1.6534 -9.990e-29  1022.4615    17.8952    22.4303     7.8042    238.534    7.86442  240.37594     99.234 -9.990e-29
   40.89162  -72.20816      7.148      7.092    17.8960    31.2540      7.904     1.5459 -9.990e-29  1022.4620    17.8949    22.4306     7.8002    238.414    7.86450  240.37843     99.183 -9.990e-29
   40.89162  -72.20816      7.141      7.085    17.8960    31.2540      7.904     1.4788 -9.990e-29  1022.4622    17.8949    22.4308     7.8051    238.564    7.86453  240.37910     99.245 -9.990e-29
   40.89162  -72.20816      7.138      7.083    17.8966    31.2540      7.904     1.4788 -9.990e-29  1022.4619    17.8954    22.4307     7.8058    238.583    7.86454  240.37947     99.253 -9.990e-29
   40.89162  -72.20816      7.138      7.083    17.8967    31.2540      7.904     1.4788 -9.990e-29  1022.4618    17.8955    22.4305     7.8064    238.602    7.86465  240.38269     99.259 -9.990e-29
   40.89162  -72.20816      7.131      7.076    17.8969    31.2540      7.904     1.4922 -9.990e-29  1022.4615    17.8957    22.4304     7.8069    238.618    7.86469  240.38410     99.265 -9.990e-29
   40.89162  -72.20816      7.128      7.073    17.8971    31.2540      7.904     1.4788 -9.990e-29  1022.4616    17.8959    22.4304     7.8074    238.634    7.86477  240.38635     99.271 -9.990e-29
   40.89162  -72.20816      7.138      7.083    17.8973    31.2540      7.904     1.4788 -9.990e-29  1022.4617    17.8961    22.4303     7.8078    238.646    7.86479  240.38720     99.275 -9.990e-29
   40.89162  -72.20816      7.128      7.073    17.8976    31.2540      7.904     1.4788 -9.990e-29  1022.4614    17.8964    22.4303     7.8129    238.801    7.86485  240.38892     99.339 -9.990e-29
   40.89162  -72.20816      7.120      7.065    17.8973    31.2542      7.904     1.4788 -9.990e-29  1022.4617    17.8961    22.4305     7.8137    238.825    7.86494  240.39161     99.348 -9.990e-29
   40.89162  -72.20816      7.117      7.062    17.8973    31.2544      7.904     1.4788 -9.990e-29  1022.4620    17.8961    22.4306     7.8139    238.832    7.86503  240.39427     99.350 -9.990e-29
   40.89162  -72.20816      7.117      7.062    17.8976    31.2544      7.904     1.4788 -9.990e-29  1022.4617    17.8964    22.4306     7.8145    238.849    7.86510  240.39600     99.357 -9.990e-29
   40.89162  -72.20816      7.110      7.055    17.8981    31.2544      7.904     1.4788 -9.990e-29  1022.4615    17.8969    22.4305     7.8148    238.858    7.86495  240.39149     99.362 -9.990e-29
   40.89162  -72.20816      7.108      7.052    17.8983    31.2544      7.904     1.4788 -9.990e-29  1022.4616    17.8971    22.4304     7.8150    238.866    7.86483  240.38797     99.367 -9.990e-29
   40.89162  -72.20816      7.108      7.052    17.8986    31.2544      7.909     1.4788 -9.990e-29  1022.4614    17.8975    22.4304     7.8148    238.860    7.86478  240.38677     99.365 -9.990e-29
   40.89162  -72.20816      7.110      7.055    17.8992    31.2545      7.904     1.4788 -9.990e-29  1022.4615    17.8980    22.4303     7.8150    238.867    7.86479  240.38710     99.368 -9.990e-29
   40.89162  -72.20816      7.087      7.032    17.9000    31.2545      7.904     1.4788 -9.990e-29  1022.4612    17.8988    22.4302     7.8153    238.874    7.86487  240.38962     99.369 -9.990e-29
   40.89162  -72.20816      7.098      7.043    17.9007    31.2545      7.904     1.4922 -9.990e-29  1022.4611    17.8996    22.4299     7.8155    238.879    7.86500  240.39314     99.370 -9.990e-29
   40.89162  -72.20816      7.098      7.043    17.9019    31.2543      7.904     1.4788 -9.990e-29  1022.4607    17.9007    22.4294     7.8202    239.024    7.86506  240.39518     99.430 -9.990e-29
   40.89162  -72.20816      7.080      7.025    17.9035    31.2538      7.904     1.4788 -9.990e-29  1022.4597    17.9023    22.4288     7.8112    238.750    7.86514  240.39764     99.315 -9.990e-29
   40.89162  -72.20816      7.087      7.032    17.9045    31.2533      7.904     1.4788 -9.990e-29  1022.4590    17.9033    22.4281     7.8154    238.879    7.86525  240.40109     99.367 -9.990e-29
   40.89162  -72.20816      7.087      7.032    17.9051    31.2528      7.904     1.4788 -9.990e-29  1022.4586    17.9039    22.4276     7.8200    239.018    7.86533  240.40304     99.424 -9.990e-29
   40.89162  -72.20816      7.080      7.025    17.9052    31.2525      7.904     1.4922 -9.990e-29  1022.4582    17.9041    22.4273     7.8201    239.021    7.86532  240.40290     99.425 -9.990e-29
   40.89162  -72.20816      7.077      7.022    17.9052    31.2523      7.904     1.4788 -9.990e-29  1022.4580    17.9040    22.4272     7.8250    239.169    7.86544  240.40651     99.485 -9.990e-29
   40.89162  -72.20816      7.068      7.013    17.9051    31.2522      7.904     1.4788 -9.990e-29  1022.4582    17.9039    22.4271     7.8255    239.184    7.86559  240.41126     99.490 -9.990e-29
   40.89162  -72.20816      7.069      7.014    17.9053    31.2521      7.904     1.5593 -9.990e-29  1022.4578    17.9042    22.4270     7.8212    239.054    7.86578  240.41711     99.433 -9.990e-29
   40.89162  -72.20816      7.068      7.013    17.9058    31.2520      7.904     1.6534 -9.990e-29  1022.4576    17.9046    22.4268     7.8211    239.053    7.86600  240.42353     99.430 -9.990e-29
   40.89162  -72.20816      7.068      7.013    17.9053    31.2520      7.904     1.6668 -9.990e-29  1022.4579    17.9042    22.4268     7.8163    238.903    7.86619  240.42918     99.365 -9.990e-29
   40.89162  -72.20816      7.068      7.013    17.9054    31.2520      7.904     1.6668 -9.990e-29  1022.4578    17.9042    22.4269     7.8203    239.025    7.86638  240.43501     99.414 -9.990e-29
   40.89162  -72.20816      7.060      7.005    17.9050    31.2520      7.904     1.6534 -9.990e-29  1022.4580    17.9039    22.4270     7.8205    239.031    7.86666  240.44325     99.413 -9.990e-29
   40.89162  -72.20816      7.057      7.002    17.9051    31.2520      7.904     1.6534 -9.990e-29  1022.4578    17.9039    22.4270     7.8248    239.162    7.86687  240.44962     99.465 -9.990e-29
   40.89162  -72.20816      7.047      6.992    17.9050    31.2520      7.904     1.6668 -9.990e-29  1022.4581    17.9039    22.4270     7.8205    239.031    7.86709  240.45610     99.407 -9.990e-29
   40.89162  -72.20816      7.060      7.005    17.9051    31.2517      7.904     1.6668 -9.990e-29  1022.4577    17.9039    22.4268     7.8203    239.026    7.86727  240.46138     99.403 -9.990e-29
   40.89162  -72.20816      7.047      6.992    17.9052    31.2516      7.909     1.6534 -9.990e-29  1022.4572    17.9040    22.4265     7.8253    239.177    7.86748  240.46770     99.463 -9.990e-29
   40.89162  -72.20816      7.047      6.992    17.9051    31.2516      7.904     1.6534 -9.990e-29  1022.4572    17.9039    22.4265     7.8206    239.036    7.86761  240.47145     99.403 -9.990e-29
   40.89162  -72.20816      7.050      6.995    17.9049    31.2516      7.904     1.6534 -9.990e-29  1022.4578    17.9037    22.4267     7.8202    239.023    7.86774  240.47521     99.396 -9.990e-29
   40.89162  -72.20816      7.047      6.992    17.9050    31.2518      7.909     1.6534 -9.990e-29  1022.4576    17.9039    22.4268     7.8202    239.021    7.86785  240.47849     99.394 -9.990e-29
   40.89162  -72.20816      7.047      6.992    17.9049    31.2518      7.904     1.6534 -9.990e-29  1022.4578    17.9037    22.4268     7.8195    239.001    7.86790  240.47991     99.385 -9.990e-29
   40.89162  -72.20816      7.039      6.984    17.9052    31.2520      7.909     1.6534 -9.990e-29  1022.4576    17.9040    22.4270     7.8235    239.124    7.86798  240.48242     99.435 -9.990e-29
   40.89156  -72.20820      7.047      6.992    17.9049    31.2522      7.904     1.6668 -9.990e-29  1022.4580    17.9037    22.4272     7.8189    238.984    7.86804  240.48422     99.376 -9.990e-29
   40.89156  -72.20820      7.047      6.992    17.9045    31.2524      7.904     1.6534 -9.990e-29  1022.4584    17.9033    22.4274     7.8228    239.102    7.86814  240.48705     99.424 -9.990e-29
   40.89156  -72.20820      7.039      6.984    17.9047    31.2524      7.904     1.6534 -9.990e-29  1022.4584    17.9035    22.4275     7.8182    238.960    7.86830  240.49190     99.363 -9.990e-29
   40.89156  -72.20820      7.036      6.982    17.9055    31.2524      7.904     1.6668 -9.990e-29  1022.4581    17.9043    22.4273     7.8224    239.090    7.86842  240.49556     99.415 -9.990e-29
   40.89156  -72.20820      7.057      7.002    17.9063    31.2523      7.904     1.6534 -9.990e-29  1022.4580    17.9051    22.4268     7.8175    238.940    7.86848  240.49718     99.353 -9.990e-29
   40.89156  -72.20820      7.036      6.982    17.9074    31.2518      7.904     1.6668 -9.990e-29  1022.4568    17.9062    22.4264     7.8221    239.078    7.86856  240.49956     99.409 -9.990e-29
   40.89156  -72.20820      7.050      6.995    17.9078    31.2515      7.904     1.6534 -9.990e-29  1022.4569    17.9066    22.4260     7.8222    239.083    7.86859  240.50042     99.411 -9.990e-29
   40.89156  -72.20820      7.057      7.002    17.9083    31.2513      7.904     1.6534 -9.990e-29  1022.4565    17.9072    22.4257     7.8223    239.086    7.86865  240.50224     99.411 -9.990e-29
   40.89156  -72.20820      7.047      6.992    17.9081    31.2513      7.909     1.6534 -9.990e-29  1022.4563    17.9069    22.4256     7.8224    239.089    7.86873  240.50487     99.411 -9.990e-29
   40.89156  -72.20820      7.059      7.005    17.9077    31.2513      7.904     1.6534 -9.990e-29  1022.4566    17.9065    22.4258     7.8220    239.077    7.86883  240.50770     99.405 -9.990e-29
   40.89156  -72.20820      7.057      7.002    17.9069    31.2514      7.904     1.7071 -9.990e-29  1022.4571    17.9058    22.4260     7.8220    239.076    7.86893  240.51080     99.404 -9.990e-29
   40.89156  -72.20820      7.057      7.002    17.9068    31.2515      7.904     1.8548 -9.990e-29  1022.4571    17.9056    22.4262     7.8214    239.057    7.86896  240.51164     99.395 -9.990e-29
   40.89156  -72.20820      7.069      7.014    17.9067    31.2515      7.904     1.9220 -9.990e-29  1022.4572    17.9055    22.4263     7.8212    239.052    7.86904  240.51412     99.392 -9.990e-29
   40.89156  -72.20820      7.068      7.013    17.9059    31.2515      7.904     1.9085 -9.990e-29  1022.4576    17.9047    22.4265     7.8209    239.044    7.86906  240.51465     99.388 -9.990e-29
   40.89156  -72.20820      7.077      7.022    17.9057    31.2515      7.904     1.9085 -9.990e-29  1022.4574    17.9045    22.4265     7.8159    238.890    7.86910  240.51557     99.324 -9.990e-29
   40.89156  -72.20820      7.080      7.025    17.9052    31.2515      7.904     1.9085 -9.990e-29  1022.4575    17.9041    22.4265     7.8198    239.009    7.86912  240.51640     99.373 -9.990e-29
   40.89156  -72.20820      7.077      7.022    17.9050    31.2515      7.904     1.9085 -9.990e-29  1022.4576    17.9038    22.4266     7.8194    238.996    7.86916  240.51766     99.367 -9.990e-29
   40.89156  -72.20820      7.087      7.032    17.9047    31.2516      7.909     1.9085 -9.990e-29  1022.4576    17.9035    22.4268     7.8189    238.982    7.86919  240.51851     99.361 -9.990e-29
