CalculateIndicators/WaterTemperature/Data/CTD_NYOS/20230515_C03.cnv
* Sea-Bird SBE 9 Data File:
* FileName = C:\Seabird 9 CTD\Data\2023\202305_offshore\20230515_C03.hex
* Software Version Seasave V 7.23.2
* Temperature SN = 4590
* Conductivity SN = 3228
* Number of Bytes Per Scan = 44
* Number of Voltage Words = 5
* Number of Scans Averaged by the Deck Unit = 1
* NMEA Latitude = 40 17.89 N
* NMEA Longitude = 073 13.30 W
* NMEA UTC (Time) = May 15 2023  12:19:49
* NMEA baud rate = 4800
** Ship: Seawolf
** Station: 8.2
** Operator: TCM
# nquan = 18
# nvalues = 10901                       
# units = specified
# name 0 = latitude: Latitude [deg]
# name 1 = longitude: Longitude [deg]
# name 2 = prDM: Pressure, Digiquartz [db]
# name 3 = depSM: Depth [salt water, m]
# name 4 = t090C: Temperature [ITS-90, deg C]
# name 5 = sal00: Salinity, Practical [PSU]
# name 6 = ph: pH
# name 7 = flECO-AFL: Fluorescence, WET Labs ECO-AFL/FL [mg/m^3]
# name 8 = cpar: CPAR/Corrected Irradiance [%]
# name 9 = density00: Density [density, kg/m^3]
# name 10 = potemp090C: Potential Temperature [ITS-90, deg C]
# name 11 = sigma-é00: Density [sigma-theta, kg/m^3]
# name 12 = sbeox0Mg/L: Oxygen, SBE 43 [mg/l]
# name 13 = sbox0Mm/Kg: Oxygen, SBE 43 [umol/kg]
# name 14 = oxsolMg/L: Oxygen Saturation, Garcia & Gordon [mg/l]
# name 15 = oxsolMm/Kg: Oxygen Saturation, Garcia & Gordon [umol/kg]
# name 16 = sbeox0PS: Oxygen, SBE 43 [% saturation]
# name 17 = flag:  0.000e+00
# span 0 =   40.29692,   40.29818       
# span 1 =  -73.22186,  -73.22166       
# span 2 =      2.105,     32.728       
# span 3 =      2.089,     32.474       
# span 4 =     7.0899,    13.8549       
# span 5 =    30.8702,    32.5234       
# span 6 =      7.791,      8.039       
# span 7 =     0.1088,     1.9220       
# span 8 = 8.0626e-02, 3.5556e+01       
# span 9 =  1023.0399,  1025.5784       
# span 10 =     7.0870,    13.8545      
# span 11 =    23.0293,    25.4295      
# span 12 =     8.0131,     9.5978      
# span 13 =    244.279,    292.696      
# span 14 =    8.54018,    9.78861      
# span 15 =  260.87641,  298.31321      
# span 16 =     82.643,    106.187      
# span 17 = 0.0000e+00, 0.0000e+00      
# interval = seconds: 0.0416667
# start_time = May 15 2023 12:19:51 [System UTC, first data scan.]
# bad_flag = -9.990e-29
*END*
[from data line 10694]
   40.29710  -73.22184      2.530      2.510    13.8542    30.8735 -9.990e-29     0.3237 8.9439e+00  1023.0413    13.8539    23.0301     9.0271    275.751    8.54034  260.88122    105.700 -9.990e-29
   40.29710  -73.22184      2.530      2.510    13.8539    30.8736 -9.990e-29     0.3237 8.8438e+00  1023.0414    13.8535    23.0300     9.0319    275.897    8.54030  260.88001    105.756 -9.990e-29
   40.29710  -73.22184      2.520      2.501    13.8540    30.8736 -9.990e-29     0.3237 8.7539e+00  1023.0411    13.8537    23.0300     9.0263    275.726    8.54033  260.88099    105.690 -9.990e-29
   40.29710  -73.22184      2.530      2.510    13.8537    30.8736 -9.990e-29     0.3237 8.5350e+00  1023.0414    13.8533    23.0301     9.0259    275.714    8.54034  260.88110    105.686 -9.990e-29
   40.29710  -73.22184      2.530      2.510    13.8539    30.8737 -9.990e-29     0.3237 8.4482e+00  1023.0415    13.8535    23.0303     9.0307    275.860    8.54032  260.88055    105.742 -9.990e-29
 -9.990e-29  -73.22184      2.531      2.512    13.8535    30.8738 -9.990e-29     0.3237 8.3772e+00  1023.0417    13.8532    23.0304     9.0256    275.705    8.54032  260.88054    105.682 -9.990e-29
   40.29692  -73.22184      2.520      2.501    13.8537    30.8738 -9.990e-29     0.3237 8.1533e+00  1023.0417    13.8533    23.0304     9.0252    275.691    8.54029  260.87978    105.677 -9.990e-29
   40.29692  -73.22184      2.530      2.510    13.8537    30.8739 -9.990e-29     0.3237 8.0394e+00  1023.0416    13.8533    23.0304     9.0247    275.677    8.54030  260.88020    105.672 -9.990e-29
   40.29692  -73.22184      2.520      2.501    13.8535    30.8739 -9.990e-29     0.3237 8.0477e+00  1023.0416    13.8532    23.0304     9.0243    275.664    8.54030  260.87999    105.667 -9.990e-29
   40.29692  -73.22184      2.530      2.510    13.8537    30.8738 -9.990e-29     0.3237 8.0025e+00  1023.0416    13.8533    23.0304     9.0238    275.651    8.54030  260.87999    105.662 -9.990e-29
   40.29692  -73.22184      2.520      2.501    13.8535    30.8738 -9.990e-29     0.3237 7.9800e+00  1023.0418    13.8532    23.0304     9.0234    275.637    8.54029  260.87965    105.657 -9.990e-29
   40.29692  -73.22184      2.530      2.510    13.8537    30.8738 -9.990e-29     0.3237 8.0025e+00  1023.0415    13.8533    23.0303     9.0229    275.623    8.54028  260.87932    105.652 -9.990e-29
   40.29692  -73.22184      2.539      2.520    13.8539    30.8738 -9.990e-29     0.3237 8.1387e+00  1023.0414    13.8535    23.0303     9.0225    275.610    8.54028  260.87932    105.647 -9.990e-29
   40.29692  -73.22184      2.530      2.510    13.8535    30.8737 -9.990e-29     0.3237 8.2308e+00  1023.0418    13.8532    23.0303     9.0168    275.437    8.54025  260.87855    105.580 -9.990e-29
   40.29692  -73.22184      2.530      2.510    13.8535    30.8738 -9.990e-29     0.3237 8.2308e+00  1023.0416    13.8532    23.0303     9.0211    275.566    8.54025  260.87844    105.630 -9.990e-29
   40.29692  -73.22184      2.539      2.520    13.8537    30.8738 -9.990e-29     0.3237 8.4181e+00  1023.0415    13.8533    23.0303     9.0155    275.396    8.54029  260.87965    105.564 -9.990e-29
   40.29692  -73.22184      2.539      2.520    13.8535    30.8738 -9.990e-29     0.3237 8.5944e+00  1023.0417    13.8532    23.0304     9.0145    275.366    8.54029  260.87986    105.553 -9.990e-29
   40.29692  -73.22184      2.541      2.521    13.8537    30.8739 -9.990e-29     0.3237 8.6275e+00  1023.0417    13.8533    23.0304     9.0136    275.339    8.54033  260.88084    105.542 -9.990e-29
   40.29692  -73.22184      2.550      2.531    13.8535    30.8739 -9.990e-29     0.3237 8.7743e+00  1023.0419    13.8532    23.0304     9.0127    275.311    8.54032  260.88062    105.531 -9.990e-29
   40.29692  -73.22184      2.550      2.531    13.8537    30.8739 -9.990e-29     0.3237 8.9237e+00  1023.0418    13.8533    23.0304     9.0124    275.301    8.54029  260.87975    105.528 -9.990e-29
   40.29692  -73.22184      2.550      2.531    13.8539    30.8738 -9.990e-29     0.3237 8.9396e+00  1023.0417    13.8535    23.0303     9.0116    275.276    8.54031  260.88029    105.518 -9.990e-29
   40.29692  -73.22184      2.550      2.531    13.8539    30.8737 -9.990e-29     0.3237 9.0917e+00  1023.0416    13.8535    23.0302     9.0108    275.252    8.54033  260.88106    105.508 -9.990e-29
   40.29692  -73.22184      2.570      2.550    13.8539    30.8737 -9.990e-29     0.3237 9.3248e+00  1023.0414    13.8535    23.0301     9.0099    275.226    8.54028  260.87942    105.499 -9.990e-29
   40.29692  -73.22184      2.560      2.540    13.8539    30.8737 -9.990e-29     0.3237 9.3774e+00  1023.0416    13.8535    23.0301     9.0092    275.202    8.54028  260.87932    105.490 -9.990e-29
   40.29692  -73.22184      2.570      2.550    13.8539    30.8737 -9.990e-29     0.3237 9.5639e+00  1023.0416    13.8535    23.0302     9.0085    275.181    8.54032  260.88073    105.481 -9.990e-29
   40.29692  -73.22184      2.570      2.550    13.8537    30.8737 -9.990e-29     0.3237 9.9378e+00  1023.0418    13.8533    23.0302     9.0077    275.158    8.54030  260.87997    105.473 -9.990e-29
   40.29692  -73.22184      2.590      2.570    13.8539    30.8737 -9.990e-29     0.3237 1.0079e+01  1023.0417    13.8535    23.0302     9.0070    275.136    8.54030  260.87997    105.465 -9.990e-29
   40.29692  -73.22184      2.581      2.561    13.8539    30.8737 -9.990e-29     0.3237 1.0164e+01  1023.0416    13.8535    23.0302     9.0064    275.117    8.54031  260.88041    105.457 -9.990e-29
   40.29692  -73.22184      2.590      2.570    13.8539    30.8737 -9.990e-29     0.3237 1.0542e+01  1023.0420    13.8535    23.0302     9.0057    275.097    8.54030  260.88018    105.449 -9.990e-29
   40.29710  -73.22184      2.582      2.562    13.8540    30.8737 -9.990e-29     0.3237 1.0651e+01  1023.0417    13.8537    23.0302     9.0057    275.096    8.54030  260.87997    105.449 -9.990e-29
   40.29710  -73.22184      2.600      2.580    13.8540    30.8736 -9.990e-29     0.3237 1.0771e+01  1023.0417    13.8537    23.0301     9.0051    275.079    8.54034  260.88106    105.442 -9.990e-29
   40.29710  -73.22184      2.600      2.580    13.8539    30.8735 -9.990e-29     0.3237 1.1394e+01  1023.0417    13.8535    23.0300     9.0052    275.081    8.54034  260.88117    105.443 -9.990e-29
   40.29710  -73.22184      2.600      2.580    13.8540    30.8735 -9.990e-29     0.3237 1.1720e+01  1023.0415    13.8537    23.0300     9.0052    275.082    8.54030  260.88018    105.444 -9.990e-29
   40.29710  -73.22184      2.600      2.580    13.8540    30.8735 -9.990e-29     0.3237 1.1720e+01  1023.0416    13.8537    23.0301     9.0054    275.087    8.54030  260.88008    105.446 -9.990e-29
   40.29710  -73.22184      2.611      2.591    13.8537    30.8736 -9.990e-29     0.3237 1.1621e+01  1023.0417    13.8533    23.0302     9.0056    275.092    8.54029  260.87963    105.448 -9.990e-29
   40.29710  -73.22184      2.611      2.591    13.8535    30.8738 -9.990e-29     0.3237 1.1568e+01  1023.0421    13.8532    23.0303     9.0058    275.100    8.54032  260.88050    105.451 -9.990e-29
   40.29710  -73.22184      2.611      2.591    13.8535    30.8738 -9.990e-29     0.3237 1.1568e+01  1023.0422    13.8532    23.0304     9.0061    275.109    8.54032  260.88051    105.454 -9.990e-29
   40.29710  -73.22184      2.611      2.591    13.8537    30.8738 -9.990e-29     0.3237 1.2066e+01  1023.0420    13.8533    23.0304     9.0012    274.960    8.54030  260.88018    105.397 -9.990e-29
   40.29710  -73.22184      2.611      2.591    13.8539    30.8738 -9.990e-29     0.3237 1.2480e+01  1023.0419    13.8535    23.0303     9.0010    274.954    8.54030  260.87995    105.395 -9.990e-29
   40.29710  -73.22184      2.621      2.600    13.8539    30.8738 -9.990e-29     0.3237 1.2503e+01  1023.0420    13.8535    23.0303     9.0009    274.951    8.54029  260.87985    105.394 -9.990e-29
   40.29710  -73.22184      2.612      2.592    13.8537    30.8738 -9.990e-29     0.3237 1.2433e+01  1023.0421    13.8533    23.0303     9.0009    274.949    8.54027  260.87918    105.393 -9.990e-29
   40.29710  -73.22184      2.611      2.591    13.8540    30.8738 -9.990e-29     0.3237 1.2328e+01  1023.0419    13.8537    23.0303     9.0004    274.934    8.54030  260.88017    105.387 -9.990e-29
   40.29710  -73.22184      2.621      2.600    13.8539    30.8738 -9.990e-29     0.3237 1.2328e+01  1023.0420    13.8535    23.0302     8.9999    274.918    8.54030  260.87995    105.381 -9.990e-29
   40.29710  -73.22184      2.611      2.591    13.8540    30.8737 -9.990e-29     0.3237 1.1720e+01  1023.0418    13.8537    23.0302     9.0000    274.922    8.54031  260.88027    105.383 -9.990e-29
   40.29710  -73.22184      2.611      2.591    13.8539    30.8737 -9.990e-29     0.3237 1.0985e+01  1023.0419    13.8535    23.0302     9.0002    274.930    8.54032  260.88071    105.385 -9.990e-29
   40.29710  -73.22184      2.621      2.600    13.8540    30.8737 -9.990e-29     0.3103 1.0771e+01  1023.0420    13.8537    23.0302     9.0005    274.939    8.54033  260.88114    105.389 -9.990e-29
   40.29710  -73.22184      2.600      2.580    13.8540    30.8737 -9.990e-29     0.2968 1.0632e+01  1023.0416    13.8537    23.0301     9.0009    274.950    8.54033  260.88092    105.393 -9.990e-29
   40.29710  -73.22184      2.611      2.591    13.8540    30.8737 -9.990e-29     0.2968 1.0261e+01  1023.0417    13.8537    23.0301     9.0007    274.943    8.54030  260.88014    105.390 -9.990e-29
   40.29710  -73.22184      2.611      2.591    13.8539    30.8737 -9.990e-29     0.2968 1.0146e+01  1023.0419    13.8535    23.0302     9.0006    274.940    8.54032  260.88091    105.389 -9.990e-29
   40.29710  -73.22184      2.600      2.580    13.8540    30.8738 -9.990e-29     0.2968 1.0193e+01  1023.0419    13.8537    23.0303     9.0005    274.939    8.54037  260.88211    105.388 -9.990e-29
   40.29710  -73.22184      2.590      2.570    13.8539    30.8738 -9.990e-29     0.2968 1.0366e+01  1023.0419    13.8535    23.0303     9.0011    274.957    8.54038  260.88264    105.395 -9.990e-29
   40.29710  -73.22184      2.592      2.572    13.8539    30.8738 -9.990e-29     0.2968 1.0454e+01  1023.0418    13.8535    23.0302     9.0012    274.959    8.54040  260.88298    105.396 -9.990e-29
   40.29710  -73.22184      2.590      2.570    13.8540    30.8736 -9.990e-29     0.2968 1.0502e+01  1023.0416    13.8537    23.0301     9.0013    274.962    8.54040  260.88319    105.396 -9.990e-29
   40.29692  -73.22184      2.581      2.561    13.8540    30.8736 -9.990e-29     0.2968 1.0863e+01  1023.0416    13.8537    23.0301     8.9969    274.827    8.54045  260.88461    105.344 -9.990e-29
   40.29692  -73.22184      2.581      2.561    13.8542    30.8735 -9.990e-29     0.2968 1.1016e+01  1023.0415    13.8539    23.0300     8.9965    274.817    8.54047  260.88525    105.340 -9.990e-29
   40.29692  -73.22184      2.560      2.540    13.8542    30.8735 -9.990e-29     0.2968 1.1016e+01  1023.0412    13.8539    23.0299     9.0015    274.969    8.54050  260.88613    105.398 -9.990e-29
   40.29692  -73.22184      2.570      2.550    13.8542    30.8735 -9.990e-29     0.2968 1.0621e+01  1023.0414    13.8539    23.0300     8.9966    274.820    8.54046  260.88493    105.341 -9.990e-29
   40.29692  -73.22184      2.560      2.540    13.8540    30.8737 -9.990e-29     0.2968 1.0424e+01  1023.0418    13.8537    23.0302     8.9965    274.815    8.54049  260.88579    105.339 -9.990e-29
   40.29692  -73.22184      2.560      2.540    13.8542    30.8737 -9.990e-29     0.2968 1.0385e+01  1023.0415    13.8539    23.0302     8.9964    274.813    8.54049  260.88558    105.339 -9.990e-29
   40.29692  -73.22184      2.550      2.531    13.8542    30.8738 -9.990e-29     0.2968 1.0414e+01  1023.0416    13.8539    23.0302     8.9964    274.813    8.54048  260.88557    105.338 -9.990e-29
   40.29692  -73.22184      2.550      2.531    13.8542    30.8738 -9.990e-29     0.2968 1.0443e+01  1023.0416    13.8539    23.0302     8.9965    274.814    8.54048  260.88524    105.339 -9.990e-29
   40.29692  -73.22184      2.539      2.520    13.8544    30.8738 -9.990e-29     0.2968 1.0454e+01  1023.0414    13.8540    23.0302     8.9966    274.817    8.54044  260.88435    105.341 -9.990e-29
   40.29692  -73.22184      2.541      2.521    13.8544    30.8737 -9.990e-29     0.2968 1.0966e+01  1023.0415    13.8540    23.0302     8.9962    274.806    8.54045  260.88458    105.336 -9.990e-29
   40.29692  -73.22184      2.550      2.531    13.8542    30.8736 -9.990e-29     0.2968 1.1459e+01  1023.0414    13.8539    23.0301     8.9912    274.654    8.54043  260.88392    105.278 -9.990e-29
   40.29692  -73.22184      2.539      2.520    13.8542    30.8735 -9.990e-29     0.2968 1.1556e+01  1023.0413    13.8539    23.0300     8.9956    274.787    8.54041  260.88337    105.330 -9.990e-29
   40.29692  -73.22184      2.539      2.520    13.8540    30.8735 -9.990e-29     0.2968 1.2075e+01  1023.0413    13.8537    23.0300     8.9954    274.783    8.54045  260.88446    105.327 -9.990e-29
   40.29692  -73.22184      2.539      2.520    13.8540    30.8735 -9.990e-29     0.2968 1.2846e+01  1023.0414    13.8537    23.0300     8.9952    274.777    8.54041  260.88325    105.326 -9.990e-29
   40.29692  -73.22184      2.539      2.520    13.8542    30.8734 -9.990e-29     0.2968 1.3028e+01  1023.0413    13.8539    23.0299     8.9951    274.773    8.54040  260.88293    105.324 -9.990e-29
   40.29692  -73.22184      2.539      2.520    13.8542    30.8734 -9.990e-29     0.2968 1.4016e+01  1023.0411    13.8539    23.0299     8.9951    274.771    8.54039  260.88281    105.324 -9.990e-29
   40.29692  -73.22184      2.539      2.520    13.8540    30.8734 -9.990e-29     0.3103 1.6269e+01  1023.0412    13.8537    23.0300     8.9951    274.773    8.54043  260.88390    105.324 -9.990e-29
   40.29692  -73.22184      2.539      2.520    13.8542    30.8736 -9.990e-29     0.3371 1.6983e+01  1023.0415    13.8539    23.0301     8.9952    274.775    8.54045  260.88455    105.324 -9.990e-29
   40.29692  -73.22184      2.539      2.520    13.8542    30.8736 -9.990e-29     0.3371 1.7031e+01  1023.0415    13.8539    23.0301     8.9953    274.779    8.54050  260.88608    105.325 -9.990e-29
   40.29692  -73.22184      2.539      2.520    13.8540    30.8736 -9.990e-29     0.3371 1.7223e+01  1023.0413    13.8537    23.0301     8.9954    274.783    8.54049  260.88596    105.327 -9.990e-29
   40.29692  -73.22184      2.539      2.520    13.8542    30.8736 -9.990e-29     0.3371 1.7272e+01  1023.0412    13.8539    23.0301     8.9956    274.789    8.54048  260.88542    105.329 -9.990e-29
   40.29692  -73.22184      2.530      2.510    13.8540    30.8736 -9.990e-29     0.3371 1.7223e+01  1023.0416    13.8537    23.0302     8.9959    274.796    8.54048  260.88554    105.332 -9.990e-29
   40.29692  -73.22184      2.552      2.532    13.8540    30.8736 -9.990e-29     0.3371 1.6605e+01  1023.0415    13.8537    23.0301     8.9962    274.805    8.54048  260.88532    105.335 -9.990e-29
   40.29692  -73.22184      2.539      2.520    13.8542    30.8736 -9.990e-29     0.3371 1.6373e+01  1023.0412    13.8539    23.0300     8.9913    274.656    8.54049  260.88565    105.278 -9.990e-29
   40.29708  -73.22184      2.539      2.520    13.8542    30.8736 -9.990e-29     0.3371 1.6190e+01  1023.0412    13.8539    23.0300     8.9910    274.649    8.54041  260.88314    105.277 -9.990e-29
   40.29708  -73.22184      2.530      2.510    13.8539    30.8736 -9.990e-29     0.3371 1.4266e+01  1023.0416    13.8535    23.0302     8.9909    274.646    8.54040  260.88303    105.275 -9.990e-29
