CalculateIndicators/WaterTemperature/Data/CTD_NYOS/20230516_C09A.cnv
* Sea-Bird SBE 9 Data File:
* FileName = C:\Seabird 9 CTD\Data\2023\202305_offshore\20230516_C10.hex
* Software Version Seasave V 7.23.2
* Temperature SN = 4590
* Conductivity SN = 3228
* Number of Bytes Per Scan = 44
* Number of Voltage Words = 5
* Number of Scans Averaged by the Deck Unit = 1
* NMEA Latitude = 39 19.93 N
* NMEA Longitude = 072 03.57 W
* NMEA UTC (Time) = May 16 2023  07:19:14
* NMEA baud rate = 4800
** Ship: Seawolf
** Station: 9.7
** Operator: TDK
# nquan = 18
# nvalues = 204                         
# units = specified
# name 0 = latitude: Latitude [deg]
# name 1 = longitude: Longitude [deg]
# name 2 = prDM: Pressure, Digiquartz [db]
# name 3 = depSM: Depth [salt water, m]
# name 4 = t090C: Temperature [ITS-90, deg C]
# name 5 = sal00: Salinity, Practical [PSU]
# name 6 = ph: pH
# name 7 = flECO-AFL: Fluorescence, WET Labs ECO-AFL/FL [mg/m^3]
# name 8 = cpar: CPAR/Corrected Irradiance [%]
# name 9 = density00: Density [density, kg/m^3]
# name 10 = potemp090C: Potential Temperature [ITS-90, deg C]
# name 11 = sigma-100: Density [sigma-1, kg/m^3 ]
# name 12 = sbeox0Mg/L: Oxygen, SBE 43 [mg/l]
# name 13 = sbox0Mm/Kg: Oxygen, SBE 43 [umol/kg]
# name 14 = oxsolMg/L: Oxygen Saturation, Garcia & Gordon [mg/l]
# name 15 = oxsolMm/Kg: Oxygen Saturation, Garcia & Gordon [umol/kg]
# name 16 = sbeox0PS: Oxygen, SBE 43 [% saturation]
# name 17 = flag: flag
# span 0 =   39.33218,   39.33394       
# span 1 =  -72.05962,  -72.05376       
# span 2 =      1.000,    103.000       
# span 3 =      0.992,    102.192       
# span 4 =    13.6990,    15.0799       
# span 5 =    34.0692,    35.6885       
# span 6 =      8.024,      8.097       
# span 7 =    -0.0797,     1.3575       
# span 8 = -2.320e+04, 1.0898e+05       
# span 9 =  1025.4840,  1026.9414       
# span 10 =    13.6897,    15.0644      
# span 11 =    29.8578,    30.8390      
# span 12 =     7.1050,     8.4693      
# span 13 =    216.303,    258.083      
# span 14 =    8.08752,    8.35537      
# span 15 =  246.21666,  254.62142      
# span 16 =     87.335,    101.743      
# span 17 = 0.0000e+00, 0.0000e+00      
# interval = decibars: 1                
# start_time = May 16 2023 07:19:13 [System UTC, first data scan.]
# bad_flag = -9.990e-29
*END*
[from data line 161]
   39.33344  -72.05546     43.000     42.669    14.4756    35.1899      8.058     0.5970 5.0640e-11  1026.4237    14.4693    30.5984     7.6920    234.240    8.19678  249.61170     93.842 0.0000e+00
   39.33345  -72.05545     42.000     41.677    14.5600    35.1779      8.067     0.8276 5.0640e-11  1026.3917    14.5538    30.5694     7.8515    239.099    8.18255  249.17970     95.955 0.0000e+00
   39.33344  -72.05543     41.000     40.684    14.5932    35.1928      8.069     0.8676 8.9905e+04  1026.3916    14.5871    30.5731     7.8646    239.500    8.16073  248.51784     96.371 0.0000e+00
   39.33346  -72.05540     40.000     39.692    14.7401    35.2091      8.073     1.1962 7.8589e+04  1026.3678    14.7341    30.5509     7.8931    240.369    8.15494  248.34335     96.789 0.0000e+00
   39.33346  -72.05538     39.000     38.700    14.7924    35.2170      8.075     1.3575 -8.077e+02  1026.3580    14.7866    30.5445     7.8910    240.310    8.13794  247.83021     96.965 0.0000e+00
   39.33347  -72.05539     38.000     37.708    14.8677    35.2205      8.081     1.2361 3.6091e+04  1026.3396    14.8620    30.5292     7.9662    242.600    8.13622  247.77901     97.910 0.0000e+00
   39.33348  -72.05537     37.000     36.715    14.9293    35.2170      8.086     0.9261 1.0841e+05  1026.3190    14.9237    30.5120     8.0532    245.253    8.13246  247.66634     99.026 0.0000e+00
   39.33348  -72.05534     36.000     35.723    14.9394    35.2172 -9.990e-29     0.8280 9.9999e+04  1026.3124    14.9340    30.5096     8.0519    245.215    8.13135  247.63439     99.023 0.0000e+00
   39.33348  -72.05533     35.000     34.731    14.9512    35.2111      8.089     0.7425 6.2566e+04  1026.3008    14.9459    30.5022     8.0688    245.729    8.13198  247.65349     99.223 0.0000e+00
   39.33357  -72.05516     34.000     33.739    14.9389    35.1848      8.088     0.5126 -1.185e+04  1026.2787    14.9338    30.4849     8.1140    247.108    8.13598  247.77848     99.729 0.0000e+00
   39.33363  -72.05491     33.000     32.747    14.9318    35.1741      8.092     0.5109 5.0640e-11  1026.2677    14.9269    30.4784     8.1317    247.653    8.14011  247.90935     99.897 0.0000e+00
   39.33364  -72.05488     32.000     31.754    14.9263    35.1618      8.094     0.4979 5.0640e-11  1026.2550    14.9215    30.4703     8.1543    248.346    8.14584  248.08775    100.104 0.0000e+00
   39.33364  -72.05488     31.000     30.762    14.9000    35.1292      8.096     0.4448 5.0640e-11  1026.2310    14.8953    30.4515     8.2089    250.010    8.14774  248.14656    100.751 0.0000e+00
   39.33364  -72.05486     30.000     29.770    14.8872    35.1197 -9.990e-29     0.4114 5.0640e-11  1026.2222    14.8827    30.4473     8.2200    250.349    8.15023  248.22410    100.856 0.0000e+00
   39.33366  -72.05484     29.000     28.778    14.8756    35.1054 -9.990e-29     0.3713 5.0640e-11  1026.2093    14.8712    30.4391     8.2233    250.448    8.15002  248.21807    100.899 0.0000e+00
   39.33366  -72.05483     28.000     27.785    14.8750    35.1043 -9.990e-29     0.3715 5.0640e-11  1026.2042    14.8708    30.4384     8.2313    250.698    8.15947  248.50935    100.881 0.0000e+00
   39.33366  -72.05481     27.000     26.793    14.8247    35.0690      8.096     0.3697 5.0640e-11  1026.1834    14.8206    30.4232     8.2262    250.544    8.16648  248.72422    100.731 0.0000e+00
   39.33367  -72.05480     26.000     25.801    14.7975    35.0573      8.096     0.3410 5.2908e+04  1026.1760    14.7936    30.4207     8.2577    251.505    8.17584  249.01241    101.001 0.0000e+00
   39.33368  -72.05479     25.000     24.808    14.7180    35.0063      8.096     0.3180 9.7730e+04  1026.1493    14.7142    30.4002     8.2500    251.282    8.19111  249.48770    100.719 0.0000e+00
   39.33368  -72.05478     24.000     23.816    14.6493    34.9293      8.097     0.3215 2.0086e+02  1026.1007    14.6457    30.3578     8.2680    251.837    8.20839  250.02259    100.726 0.0000e+00
   39.33368  -72.05475     23.000     22.824    14.5993    34.8924      8.097     0.2653 2.3412e+04  1026.0784    14.5959    30.3409     8.2848    252.350    8.20866  250.03009    100.928 0.0000e+00
   39.33370  -72.05474     22.000     21.832    14.5836    34.8755      8.097     0.2643 -1.285e+03  1026.0643    14.5804    30.3317     8.2942    252.639    8.21407  250.19734    100.976 0.0000e+00
   39.33370  -72.05473     21.000     20.839    14.5686    34.8687      8.097     0.2726 5.0640e-11  1026.0579    14.5654    30.3300     8.2963    252.700    8.21363  250.18350    101.006 0.0000e+00
   39.33370  -72.05470     20.000     19.847    14.5596    34.8636      8.097     0.2437 1.0898e+05  1026.0515    14.5567    30.3283     8.3071    253.033    8.21906  250.35256    101.071 0.0000e+00
   39.33370  -72.05468     19.000     18.855    14.5447    34.8529      8.097     0.2327 9.9999e+04  1026.0420    14.5419    30.3235     8.3052    252.977    8.21896  250.34829    101.050 0.0000e+00
   39.33370  -72.05470     18.000     17.862    14.5351    34.8390      8.097     0.2319 9.9999e+04  1026.0289    14.5325    30.3151     8.3275    253.657    8.21845  250.33574    101.327 0.0000e+00
   39.33376  -72.05429     17.000     16.870    14.4951    34.7506      8.096     0.1779 1.6383e+04  1025.9645    14.4926    30.2564     8.2959    252.707    8.22830  250.64770    100.822 0.0000e+00
 -9.990e-29  -72.05403     16.000     15.878    14.3638    34.6212      8.093     0.1471 1.5632e+02  1025.8886    14.3615    30.1881     8.3625    254.776    8.28995  252.56664    100.875 0.0000e+00
 -9.990e-29 -9.990e-29     15.000     14.886    14.2379    34.4980      8.094     0.1182 5.0640e-11  1025.8158    14.2357    30.1229     8.4098    256.255    8.33774  254.05868    100.864 0.0000e+00
   39.33388  -72.05398     14.000     13.893    14.0349    34.2437      8.090     0.1017 5.0640e-11  1025.6575    14.0329    29.9745     8.4417    257.229    8.33689  254.03486    101.257 0.0000e+00
   39.33388  -72.05397     13.000     12.901    14.0037    34.1891      8.088     0.0816 5.0640e-11  1025.6183    14.0018    29.9406     8.4693    258.083    8.34939  254.43002    101.436 0.0000e+00
   39.33388  -72.05394     12.000     11.908    13.9859    34.1442 -9.990e-29     0.0825 5.0640e-11  1025.5819    13.9842    29.9093     8.4531    257.596    8.35270  254.53621    101.202 0.0000e+00
   39.33390  -72.05394     11.000     10.916    13.9719    34.1099 -9.990e-29     0.0765 5.0640e-11  1025.5544    13.9703    29.8867     8.4437    257.311    8.35377  254.57055    101.077 0.0000e+00
   39.33390  -72.05390     10.000      9.924    13.9588    34.0766      8.085     0.0746 5.0640e-11  1025.5266    13.9574    29.8638     8.4429    257.290    8.35468  254.60016    101.056 0.0000e+00
   39.33390  -72.05390      9.000      8.931    13.9612    34.0797      8.085     0.0730 5.0640e-11  1025.5241    13.9599    29.8657     8.4574    257.730    8.35507  254.61192    101.225 0.0000e+00
   39.33390  -72.05388      8.000      7.939    13.9587    34.0752      8.085     0.0620 5.0640e-11  1025.5167    13.9576    29.8627     8.4491    257.476    8.35508  254.61226    101.125 0.0000e+00
   39.33392  -72.05384      7.000      6.947    13.9562    34.0726      8.085     0.0558 5.0640e-11  1025.5108    13.9552    29.8614     8.4582    257.753    8.35537  254.62142    101.230 0.0000e+00
   39.33392  -72.05384      6.000      5.954    13.9553    34.0724      8.085     0.0593 5.0640e-11  1025.5063    13.9545    29.8613     8.4426    257.278    8.35536  254.62106    101.044 0.0000e+00
   39.33392  -72.05383      5.000      4.962    13.9546    34.0724      8.085     0.0704 5.5966e+04  1025.5020    13.9539    29.8615     8.4486    257.461    8.35525  254.61749    101.117 0.0000e+00
   39.33393  -72.05381      4.000      3.970    13.9556    34.0722 -9.990e-29     0.0553 7.2773e+02  1025.4972    13.9550    29.8611     8.4448    257.348    8.35531  254.61955    101.071 0.0000e+00
   39.33393  -72.05381      3.000      2.977    13.9551    34.0722 -9.990e-29     0.0619 2.1216e+00  1025.4928    13.9546    29.8612     8.4296    256.883    8.35537  254.62139    100.888 0.0000e+00
   39.33394  -72.05377      2.000      1.985    13.9547    34.0722      8.084     0.0598 7.7378e+00  1025.4884    13.9544    29.8612     8.4404    257.212    8.35535  254.62066    101.018 0.0000e+00
   39.33394  -72.05376      1.000      0.992    13.9544    34.0721      8.082     0.0531 1.3232e+01  1025.4840    13.9543    29.8611     8.4368    257.101    8.35536  254.62087    100.974 0.0000e+00
