CalculateIndicators/WaterTemperature/Data/CTD_NYOS/20230517_C24.cnv
* Sea-Bird SBE 9 Data File:
* FileName = C:\Seabird 9 CTD\Data\2023\202305_offshore\20230517_C24.hex
* Software Version Seasave V 7.23.2
* Temperature SN = 4590
* Conductivity SN = 3228
* Number of Bytes Per Scan = 44
* Number of Voltage Words = 5
* Number of Scans Averaged by the Deck Unit = 1
* NMEA Latitude = 39 31.89 N
* NMEA Longitude = 071 44.65 W
* NMEA UTC (Time) = May 17 2023  23:56:29
* NMEA baud rate = 4800
** Ship: Seawolf
** Station: 10.7
** Operator: TDK
# nquan = 18
# nvalues = 17705                       
# units = specified
# name 0 = latitude: Latitude [deg]
# name 1 = longitude: Longitude [deg]
# name 2 = prDM: Pressure, Digiquartz [db]
# name 3 = depSM: Depth [salt water, m]
# name 4 = t090C: Temperature [ITS-90, deg C]
# name 5 = sal00: Salinity, Practical [PSU]
# name 6 = ph: pH
# name 7 = flECO-AFL: Fluorescence, WET Labs ECO-AFL/FL [mg/m^3]
# name 8 = cpar: CPAR/Corrected Irradiance [%]
# name 9 = density00: Density [density, kg/m^3]
# name 10 = potemp090C: Potential Temperature [ITS-90, deg C]
# name 11 = sigma-é00: Density [sigma-theta, kg/m^3]
# name 12 = sbeox0Mg/L: Oxygen, SBE 43 [mg/l]
# name 13 = sbox0Mm/Kg: Oxygen, SBE 43 [umol/kg]
# name 14 = oxsolMg/L: Oxygen Saturation, Garcia & Gordon [mg/l]
# name 15 = oxsolMm/Kg: Oxygen Saturation, Garcia & Gordon [umol/kg]
# name 16 = sbeox0PS: Oxygen, SBE 43 [% saturation]
# name 17 = flag:  0.000e+00
# span 0 =   39.53160,   39.53186       
# span 1 =  -71.74418,  -71.74216       
# span 2 =      1.758,    102.076       
# span 3 =      1.744,    101.273       
# span 4 =    12.5667,    15.1144       
# span 5 =    34.0688,    35.7189       
# span 6 =      8.041,      8.127       
# span 7 =    -0.1061,     0.6460       
# span 8 = 7.2342e-12, 9.9999e+04       
# span 9 =  1025.3431,  1026.9571       
# span 10 =    12.5629,    15.0995      
# span 11 =    25.3321,    26.5778      
# span 12 =     6.9554,     8.9515      
# span 13 =    211.747,    272.654      
# span 14 =    8.08096,    8.58515      
# span 15 =  246.01341,  261.51067      
# span 16 =     85.951,    105.052      
# span 17 = 0.0000e+00, 0.0000e+00      
# interval = seconds: 0.0416667
# start_time = May 17 2023 23:56:31 [System UTC, first data scan.]
# bad_flag = -9.990e-29
*END*
[from data line 403]
   39.53164  -71.74410      4.649      4.614    14.6432    34.0713      8.115     0.0551 1.9905e+01  1025.3539    14.6425    25.3333     8.1873    249.537    8.24091  251.16910     99.350 0.0000e+00
   39.53164  -71.74410      4.670      4.634    14.6434    34.0712      8.115     0.0551 1.9848e+01  1025.3536    14.6427    25.3332     8.1921    249.681    8.24095  251.17024     99.407 0.0000e+00
   39.53164  -71.74410      4.700      4.664    14.6430    34.0712      8.115     0.0685 1.9963e+01  1025.3542    14.6423    25.3333     8.1874    249.538    8.24097  251.17092     99.350 0.0000e+00
   39.53164  -71.74410      4.740      4.704    14.6430    34.0711      8.115     0.0551 1.9905e+01  1025.3544    14.6423    25.3332     8.1921    249.681    8.24096  251.17060     99.407 0.0000e+00
   39.53164  -71.74410      4.770      4.734    14.6430    34.0706      8.115     0.0551 1.9848e+01  1025.3539    14.6423    25.3329     8.1873    249.536    8.24093  251.16981     99.350 0.0000e+00
   39.53164  -71.74410      4.801      4.764    14.6430    34.0702      8.115     0.0551 1.9848e+01  1025.3535    14.6423    25.3326     8.1871    249.529    8.24097  251.17094     99.346 0.0000e+00
   39.53164  -71.74410      4.821      4.784    14.6422    34.0701      8.115     0.0551 1.9790e+01  1025.3538    14.6415    25.3325     8.1869    249.523    8.24097  251.17107     99.344 0.0000e+00
   39.53164  -71.74410      4.851      4.814    14.6420    34.0701      8.115     0.0551 1.9790e+01  1025.3540    14.6413    25.3326     8.1867    249.517    8.24099  251.17151     99.341 0.0000e+00
   39.53164  -71.74410      4.891      4.854    14.6418    34.0701      8.115     0.0551 1.9848e+01  1025.3544    14.6411    25.3327     8.1865    249.511    8.24098  251.17132     99.339 0.0000e+00
   39.53164  -71.74410      4.923      4.885    14.6417    34.0701      8.115     0.0551 1.9790e+01  1025.3546    14.6409    25.3328     8.1914    249.659    8.24098  251.17126     99.398 0.0000e+00
   39.53164  -71.74410      4.942      4.904    14.6415    34.0701      8.115     0.0551 1.9790e+01  1025.3548    14.6408    25.3328     8.1867    249.518    8.24099  251.17159     99.342 0.0000e+00
   39.53164  -71.74410      4.972      4.934    14.6413    34.0699      8.115     0.0551 1.9848e+01  1025.3545    14.6406    25.3326     8.1816    249.361    8.24097  251.17114     99.279 0.0000e+00
   39.53164  -71.74410      5.004      4.966    14.6411    34.0699      8.115     0.0551 1.9790e+01  1025.3544    14.6404    25.3325     8.1810    249.342    8.24100  251.17172     99.271 0.0000e+00
   39.53164  -71.74410      5.034      4.996    14.6406    34.0699      8.115     0.0551 1.9676e+01  1025.3551    14.6399    25.3328     8.1804    249.324    8.24100  251.17174     99.265 0.0000e+00
   39.53164  -71.74410      5.064      5.026    14.6405    34.0701      8.115     0.0551 1.9619e+01  1025.3554    14.6397    25.3330     8.1848    249.459    8.24095  251.17030     99.319 0.0000e+00
   39.53164  -71.74410      5.074      5.035    14.6401    34.0704      8.115     0.0551 1.9562e+01  1025.3556    14.6394    25.3333     8.1848    249.460    8.24097  251.17096     99.319 0.0000e+00
   39.53164  -71.74410      5.104      5.065    14.6401    34.0707      8.115     0.0551 1.9449e+01  1025.3560    14.6394    25.3335     8.1749    249.156    8.24098  251.17134     99.198 0.0000e+00
   39.53164  -71.74410      5.125      5.086    14.6403    34.0707      8.115     0.0551 1.9449e+01  1025.3565    14.6395    25.3337     8.1789    249.279    8.24099  251.17166     99.247 0.0000e+00
   39.53164  -71.74410      5.155      5.116    14.6403    34.0707      8.115     0.0551 1.9393e+01  1025.3567    14.6395    25.3336     8.1779    249.250    8.24097  251.17109     99.235 0.0000e+00
   39.53164  -71.74410      5.185      5.146    14.6406    34.0704      8.115     0.0551 1.9225e+01  1025.3560    14.6399    25.3332     8.1821    249.375    8.24100  251.17180     99.285 0.0000e+00
   39.53164  -71.74410      5.216      5.176    14.6406    34.0699      8.115     0.0551 1.9170e+01  1025.3557    14.6399    25.3329     8.1822    249.379    8.24098  251.17121     99.287 0.0000e+00
   39.53164  -71.74410      5.236      5.196    14.6401    34.0699      8.115     0.0551 1.9114e+01  1025.3559    14.6394    25.3329     8.1768    249.215    8.24095  251.17035     99.221 0.0000e+00
   39.53164  -71.74410      5.266      5.226    14.6398    34.0699      8.115     0.0551 1.8949e+01  1025.3564    14.6390    25.3330     8.1765    249.205    8.24098  251.17104     99.217 0.0000e+00
   39.53164  -71.74410      5.297      5.256    14.6396    34.0700      8.115     0.0551 1.8894e+01  1025.3564    14.6388    25.3331     8.1712    249.044    8.24095  251.17027     99.154 0.0000e+00
   39.53164  -71.74410      5.317      5.277    14.6395    34.0702      8.115     0.0551 1.8894e+01  1025.3568    14.6387    25.3333     8.1749    249.157    8.24099  251.17160     99.198 0.0000e+00
   39.53164  -71.74410      5.348      5.307    14.6395    34.0704      8.115     0.0551 1.8622e+01  1025.3572    14.6387    25.3335     8.1697    248.999    8.24097  251.17082     99.135 0.0000e+00
   39.53164  -71.74410      5.367      5.326    14.6396    34.0705      8.115     0.0551 1.8514e+01  1025.3572    14.6388    25.3335     8.1735    249.115    8.24100  251.17172     99.181 0.0000e+00
   39.53164  -71.74410      5.389      5.348    14.6396    34.0705      8.115     0.0551 1.8514e+01  1025.3573    14.6388    25.3336     8.1734    249.111    8.24097  251.17083     99.180 0.0000e+00
   39.53164  -71.74410      5.429      5.387    14.6395    34.0705      8.115     0.0551 1.8300e+01  1025.3578    14.6387    25.3336     8.1733    249.109    8.24097  251.17087     99.179 0.0000e+00
   39.53164  -71.74410      5.438      5.397    14.6396    34.0706      8.115     0.0551 1.8142e+01  1025.3574    14.6388    25.3335     8.1683    248.956    8.24097  251.17104     99.118 0.0000e+00
   39.53164  -71.74410      5.459      5.417    14.6395    34.0706      8.115     0.0551 1.8142e+01  1025.3577    14.6387    25.3335     8.1728    249.094    8.24097  251.17083     99.173 0.0000e+00
   39.53164  -71.74410      5.499      5.457    14.6395    34.0706      8.115     0.0551 1.7984e+01  1025.3579    14.6386    25.3336     8.1679    248.943    8.24094  251.17004     99.113 0.0000e+00
   39.53164  -71.74410      5.521      5.479    14.6396    34.0708      8.115     0.0551 1.7828e+01  1025.3582    14.6388    25.3338     8.1725    249.084    8.24093  251.16972     99.170 0.0000e+00
   39.53164  -71.74410      5.559      5.517    14.6398    34.0709      8.115     0.0551 1.7828e+01  1025.3585    14.6390    25.3339     8.1727    249.090    8.24094  251.16993     99.172 0.0000e+00
   39.53164  -71.74410      5.570      5.528    14.6401    34.0709      8.115     0.0551 1.7673e+01  1025.3585    14.6393    25.3339     8.1730    249.098    8.24094  251.17004     99.175 0.0000e+00
   39.53164  -71.74410      5.610      5.567    14.6401    34.0709      8.115     0.0551 1.7469e+01  1025.3586    14.6393    25.3337     8.1683    248.956    8.24096  251.17065     99.118 0.0000e+00
   39.53164  -71.74410      5.632      5.589    14.6401    34.0704      8.115     0.0551 1.7418e+01  1025.3582    14.6393    25.3333     8.1675    248.932    8.24095  251.17031     99.109 0.0000e+00
   39.53164  -71.74410      5.651      5.608    14.6401    34.0703      8.115     0.0551 1.7368e+01  1025.3578    14.6393    25.3331     8.1724    249.081    8.24094  251.17011     99.168 0.0000e+00
   39.53164  -71.74410      5.681      5.638    14.6398    34.0703      8.115     0.0416 1.7267e+01  1025.3583    14.6390    25.3332     8.1729    249.095    8.24095  251.17011     99.174 0.0000e+00
   39.53164  -71.74410      5.692      5.649    14.6398    34.0703      8.115     0.0416 1.7167e+01  1025.3586    14.6390    25.3334     8.1733    249.110    8.24094  251.17011     99.180 0.0000e+00
   39.53164  -71.74410      5.732      5.689    14.6398    34.0705      8.115     0.0416 1.7167e+01  1025.3588    14.6390    25.3335     8.1689    248.974    8.24094  251.16997     99.126 0.0000e+00
   39.53164  -71.74410      5.753      5.709    14.6395    34.0705      8.115     0.0416 1.7117e+01  1025.3592    14.6386    25.3336     8.1684    248.959    8.24092  251.16953     99.120 0.0000e+00
   39.53164  -71.74410      5.782      5.738    14.6396    34.0705      8.115     0.0416 1.7117e+01  1025.3590    14.6388    25.3336     8.1685    248.963    8.24096  251.17056     99.121 0.0000e+00
   39.53164  -71.74410      5.813      5.769    14.6395    34.0705      8.115     0.0416 1.7117e+01  1025.3593    14.6386    25.3336     8.1682    248.952    8.24096  251.17067     99.117 0.0000e+00
   39.53164  -71.74410      5.823      5.779    14.6396    34.0705      8.115     0.0416 1.7067e+01  1025.3593    14.6388    25.3336     8.1678    248.941    8.24093  251.16976     99.113 0.0000e+00
   39.53164  -71.74410      5.855      5.810    14.6395    34.0704      8.115     0.0416 1.7018e+01  1025.3594    14.6386    25.3335     8.1681    248.950    8.24095  251.17014     99.116 0.0000e+00
   39.53164  -71.74410      5.874      5.829    14.6395    34.0704      8.115     0.0416 1.7067e+01  1025.3590    14.6386    25.3334     8.1735    249.114    8.24095  251.17054     99.181 0.0000e+00
   39.53164  -71.74410      5.905      5.860    14.6393    34.0704      8.115     0.0551 1.7067e+01  1025.3598    14.6384    25.3335     8.1694    248.988    8.24094  251.17004     99.131 0.0000e+00
   39.53164  -71.74410      5.914      5.869    14.6395    34.0703      8.115     0.0416 1.7067e+01  1025.3597    14.6386    25.3336     8.1698    249.003    8.24096  251.17063     99.137 0.0000e+00
   39.53164  -71.74410      5.936      5.890    14.6393    34.0703      8.115     0.0416 1.6919e+01  1025.3597    14.6384    25.3335     8.1698    249.001    8.24093  251.16958     99.137 0.0000e+00
   39.53164  -71.74410      5.974      5.929    14.6393    34.0701      8.115     0.0416 1.6919e+01  1025.3596    14.6384    25.3333     8.1754    249.171    8.24095  251.17017     99.204 0.0000e+00
   39.53164  -71.74410      5.987      5.941    14.6393    34.0700      8.115     0.0416 1.4804e+01  1025.3598    14.6384    25.3333     8.1710    249.037    8.24095  251.17018     99.151 0.0000e+00
   39.53164  -71.74410      6.004      5.959    14.6395    34.0700      8.115     0.0416 1.6870e+01  1025.3598    14.6386    25.3332     8.1766    249.208    8.24093  251.16959     99.219 0.0000e+00
   39.53164  -71.74410      6.017      5.971    14.6393    34.0699      8.115     0.0416 1.6870e+01  1025.3597    14.6384    25.3332     8.1723    249.077    8.24092  251.16929     99.167 0.0000e+00
   39.53164  -71.74410      6.036      5.990    14.6393    34.0698      8.115     0.0416 1.6821e+01  1025.3598    14.6384    25.3331     8.1775    249.236    8.24092  251.16951     99.230 0.0000e+00
   39.53164  -71.74410      6.057      6.010    14.6393    34.0698      8.115     0.0416 1.6870e+01  1025.3597    14.6384    25.3330     8.1782    249.258    8.24092  251.16931     99.239 0.0000e+00
   39.53164  -71.74410      6.086      6.039    14.6393    34.0698      8.115     0.0416 1.6723e+01  1025.3599    14.6384    25.3331     8.1740    249.130    8.24095  251.17011     99.188 0.0000e+00
   39.53164  -71.74410      6.098      6.051    14.6391    34.0699      8.115     0.0416 1.6578e+01  1025.3604    14.6382    25.3332     8.1743    249.138    8.24093  251.16964     99.191 0.0000e+00
   39.53164  -71.74410      6.106      6.060    14.6391    34.0699      8.115     0.0416 1.6578e+01  1025.3603    14.6382    25.3332     8.1802    249.318    8.24094  251.17009     99.263 0.0000e+00
   39.53164  -71.74410      6.138      6.091    14.6393    34.0700      8.115     0.0416 1.6481e+01  1025.3602    14.6384    25.3332     8.1811    249.347    8.24097  251.17080     99.274 -9.990e-29
   39.53164  -71.74410      6.136      6.090    14.6391    34.0700      8.115     0.0416 1.6338e+01  1025.3603    14.6382    25.3332     8.1815    249.357    8.24094  251.17005     99.278 -9.990e-29
   39.53164  -71.74410      6.168      6.121    14.6391    34.0700      8.115     0.0416 1.4296e+01  1025.3605    14.6382    25.3333     8.1868    249.521    8.24095  251.17016     99.344 0.0000e+00
   39.53164  -71.74410      6.178      6.130    14.6393    34.0701      8.115     0.0416 1.6196e+01  1025.3607    14.6384    25.3333     8.1777    249.243    8.24093  251.16954     99.233 0.0000e+00
   39.53164  -71.74410      6.198      6.151    14.6393    34.0701      8.115     0.0416 1.6055e+01  1025.3605    14.6384    25.3333     8.1831    249.408    8.24093  251.16954     99.299 0.0000e+00
   39.53164  -71.74410      6.208      6.160    14.6391    34.0701      8.115     0.0416 1.6008e+01  1025.3608    14.6382    25.3333     8.1891    249.591    8.24097  251.17107     99.371 -9.990e-29
   39.53164  -71.74410      6.209      6.162    14.6391    34.0700      8.115     0.0551 1.5961e+01  1025.3607    14.6382    25.3332     8.1846    249.453    8.24106  251.17384     99.315 -9.990e-29
   39.53164  -71.74410      6.227      6.180    14.6393    34.0700      8.115     0.0416 1.5776e+01  1025.3606    14.6384    25.3332     8.1901    249.621    8.24119  251.17802     99.380 0.0000e+00
   39.53164  -71.74410      6.249      6.201    14.6391    34.0700      8.115     0.0416 1.5684e+01  1025.3608    14.6382    25.3332     8.1861    249.499    8.24130  251.18124     99.330 -9.990e-29
   39.53164  -71.74410      6.248      6.200    14.6393    34.0700      8.115     0.0416 1.5639e+01  1025.3606    14.6384    25.3332     8.1871    249.529    8.24136  251.18281     99.342 -9.990e-29
   39.53164  -71.74410      6.260      6.212    14.6393    34.0702      8.115     0.0416 1.5502e+01  1025.3611    14.6384    25.3333     8.1831    249.406    8.24140  251.18421     99.292 -9.990e-29
   39.53164  -71.74410      6.248      6.200    14.6391    34.0702      8.115     0.0416 1.5412e+01  1025.3611    14.6382    25.3334     8.1880    249.556    8.24142  251.18458     99.351 -9.990e-29
   39.53164  -71.74410      6.300      6.252    14.6393    34.0702      8.115     0.0416 1.5412e+01  1025.3613    14.6384    25.3334     8.1934    249.722    8.24143  251.18497     99.417 -9.990e-29
   39.53164  -71.74410      6.278      6.230    14.6391    34.0701      8.115     0.0416 1.5367e+01  1025.3610    14.6382    25.3333     8.1938    249.734    8.24147  251.18600     99.422 -9.990e-29
   39.53164  -71.74410      6.310      6.261    14.6393    34.0701      8.115     0.0416 1.5322e+01  1025.3611    14.6384    25.3332     8.1947    249.761    8.24144  251.18522     99.433 -9.990e-29
   39.53164  -71.74410      6.299      6.250    14.6391    34.0701      8.115     0.0416 1.5322e+01  1025.3611    14.6382    25.3332     8.1950    249.770    8.24143  251.18474     99.437 -9.990e-29
   39.53164  -71.74410      6.319      6.271    14.6393    34.0701      8.115     0.0416 1.5233e+01  1025.3611    14.6384    25.3333     8.1908    249.641    8.24139  251.18379     99.386 -9.990e-29
   39.53164  -71.74410      6.321      6.272    14.6391    34.0701      8.115     0.0551 1.5100e+01  1025.3615    14.6382    25.3334     8.1911    249.650    8.24137  251.18290     99.390 -9.990e-29
   39.53164  -71.74410      6.319      6.271    14.6393    34.0701      8.115     0.0416 1.5056e+01  1025.3610    14.6384    25.3333     8.1963    249.810    8.24133  251.18181     99.454 -9.990e-29
   39.53164  -71.74410      6.330      6.282    14.6393    34.0700      8.115     0.0416 1.5056e+01  1025.3612    14.6384    25.3332     8.1966    249.819    8.24137  251.18316     99.457 0.0000e+00
