CalculateIndicators/WaterTemperature/Data/CTD_NYOS/20231003_C08.cnv
* Sea-Bird SBE 9 Data File:
* FileName = C:\Seabird 9 CTD\Data\2023\202309_offshore\20231003_C08.hex
* Software Version Seasave V 7.23.2
* Temperature SN = 4590
* Conductivity SN = 3228
* Number of Bytes Per Scan = 44
* Number of Voltage Words = 5
* Number of Scans Averaged by the Deck Unit = 1
* NMEA Latitude = 39 06.83 N
* NMEA Longitude = 072 25.28 W
* NMEA UTC (Time) = Oct 03 2023  23:05:03
* NMEA baud rate = 4800
** Ship: seawolf
** Station: 8.7
** Operator: TCM
# nquan = 18
# nvalues = 19590                       
# units = specified
# name 0 = latitude: Latitude [deg]
# name 1 = longitude: Longitude [deg]
# name 2 = prDM: Pressure, Digiquartz [db]
# name 3 = depSM: Depth [salt water, m]
# name 4 = t090C: Temperature [ITS-90, deg C]
# name 5 = sal00: Salinity, Practical [PSU]
# name 6 = ph: pH
# name 7 = flECO-AFL: Fluorescence, WET Labs ECO-AFL/FL [mg/m^3]
# name 8 = cpar: CPAR/Corrected Irradiance [%]
# name 9 = density00: Density [density, kg/m^3]
# name 10 = potemp090C: Potential Temperature [ITS-90, deg C]
# name 11 = sigma-é00: Density [sigma-theta, kg/m^3]
# name 12 = sbeox0Mg/L: Oxygen, SBE 43 [mg/l]
# name 13 = sbox0Mm/Kg: Oxygen, SBE 43 [umol/kg]
# name 14 = oxsolMg/L: Oxygen Saturation, Garcia & Gordon [mg/l]
# name 15 = oxsolMm/Kg: Oxygen Saturation, Garcia & Gordon [umol/kg]
# name 16 = sbeox0PS: Oxygen, SBE 43 [% saturation]
# name 17 = flag:  0.000e+00
# span 0 =   39.11372,   39.11396       
# span 1 =  -72.42284,  -72.42132       
# span 2 =      1.423,    103.184       
# span 3 =      1.412,    102.376       
# span 4 =    14.2904,    23.8625       
# span 5 =    34.0934,    35.8689       
# span 6 =      7.848,      8.077       
# span 7 =    -0.0927,     0.6863       
# span 8 = 5.0640e-11, 9.9999e+04       
# span 9 =  1023.7511,  1027.1665       
# span 10 =    14.2813,    23.8621      
# span 11 =    23.7317,    26.7120      
# span 12 =     4.9295,     6.7602      
# span 13 =    150.056,    206.044      
# span 14 =    6.90119,    8.26280      
# span 15 =  210.66304,  251.68516      
# span 16 =     60.966,     94.937      
# span 17 = 0.0000e+00, 0.0000e+00      
# interval = seconds: 0.0416667
# start_time = Oct 03 2023 23:05:05 [System UTC, first data scan.]
# bad_flag = -9.990e-29
*END*
[from data line 5870]
   39.11392  -72.42182    101.877    101.079    14.4830    35.7643      7.859    -0.0524 9.9999e+04  1027.1265    14.4679    26.6779     5.2439    159.617    8.17647  248.87894     64.135 -9.990e-29
   39.11392  -72.42182    101.886    101.089    14.4831    35.7644      7.859    -0.0524 9.9999e+04  1027.1269    14.4680    26.6780     5.2438    159.615    8.17642  248.87764     64.134 0.0000e+00
   39.11392  -72.42182    101.896    101.099    14.4831    35.7644      7.859    -0.0524 9.9999e+04  1027.1271    14.4680    26.6780     5.2436    159.607    8.17643  248.87838     64.131 -9.990e-29
   39.11392  -72.42182    101.877    101.079    14.4835    35.7645      7.859    -0.0658 9.9999e+04  1027.1264    14.4684    26.6779     5.2482    159.746    8.17642  248.87801     64.187 -9.990e-29
   39.11392  -72.42182    101.886    101.089    14.4838    35.7644      7.859    -0.0658 9.9999e+04  1027.1265    14.4687    26.6778     5.2430    159.591    8.17652  248.88123     64.123 -9.990e-29
   39.11394  -72.42182    101.877    101.079    14.4840    35.7644      7.859    -0.0792 9.9999e+04  1027.1267    14.4689    26.6778     5.2472    159.717    8.17655  248.88203     64.174 -9.990e-29
   39.11394  -72.42182    101.877    101.079    14.4842    35.7643      7.859    -0.0792 9.9999e+04  1027.1264    14.4690    26.6776     5.2421    159.563    8.17650  248.88048     64.112 -9.990e-29
   39.11394  -72.42182    101.866    101.068    14.4847    35.7643      7.859    -0.0792 9.9999e+04  1027.1259    14.4696    26.6775     5.2464    159.691    8.17639  248.87693     64.165 -9.990e-29
   39.11394  -72.42182    101.856    101.059    14.4848    35.7642      7.859    -0.0792 9.9999e+04  1027.1262    14.4697    26.6775     5.2459    159.678    8.17632  248.87470     64.160 -9.990e-29
   39.11394  -72.42182    101.856    101.059    14.4848    35.7642      7.859    -0.0792 9.9999e+04  1027.1261    14.4697    26.6773     5.2453    159.657    8.17622  248.87167     64.153 -9.990e-29
   39.11394  -72.42182    101.845    101.048    14.4847    35.7642      7.859    -0.0792 9.9999e+04  1027.1256    14.4696    26.6771     5.2494    159.784    8.17610  248.86810     64.204 -9.990e-29
   39.11394  -72.42182    101.834    101.037    14.4845    35.7642      7.859    -0.0658 9.9999e+04  1027.1248    14.4694    26.6771     5.2444    159.632    8.17605  248.86631     64.144 -9.990e-29
   39.11394  -72.42182    101.845    101.048    14.4842    35.7651      7.859    -0.0658 9.9999e+04  1027.1265    14.4690    26.6781     5.2482    159.747    8.17597  248.86405     64.190 -9.990e-29
   39.11394  -72.42182    101.835    101.038    14.4852    35.7671      7.859    -0.0792 9.9999e+04  1027.1285    14.4701    26.6794     5.2479    159.738    8.17601  248.86558     64.186 -9.990e-29
   39.11394  -72.42182    101.814    101.017    14.4872    35.7682      7.859    -0.0792 9.9999e+04  1027.1290    14.4721    26.6800     5.2474    159.722    8.17605  248.86668     64.180 -9.990e-29
   39.11394  -72.42182    101.825    101.028    14.4891    35.7688      7.859    -0.0658 9.9999e+04  1027.1277    14.4740    26.6801     5.2472    159.717    8.17602  248.86561     64.178 -9.990e-29
   39.11394  -72.42182    101.814    101.017    14.4901    35.7701      7.859    -0.0792 9.9999e+04  1027.1292    14.4750    26.6808     5.2468    159.705    8.17594  248.86313     64.174 -9.990e-29
   39.11394  -72.42182    101.804    101.008    14.4919    35.7711      7.859    -0.0792 9.9999e+04  1027.1306    14.4768    26.6815     5.2462    159.687    8.17583  248.85992     64.167 -9.990e-29
   39.11394  -72.42182    101.793    100.997    14.4944    35.7711      7.859    -0.0792 9.9999e+04  1027.1302    14.4792    26.6813     5.2453    159.658    8.17549  248.84873     64.159 -9.990e-29
   39.11394  -72.42182    101.784    100.987    14.4966    35.7711      7.859    -0.0792 9.9999e+04  1027.1286    14.4815    26.6802     5.2440    159.618    8.17493  248.83143     64.147 -9.990e-29
   39.11394  -72.42182    101.773    100.976    14.4977    35.7697      7.859    -0.0792 9.9999e+04  1027.1270    14.4826    26.6789     5.2426    159.575    8.17441  248.81497     64.134 -9.990e-29
   39.11394  -72.42182    101.763    100.966    14.4986    35.7682      7.859    -0.0792 9.9999e+04  1027.1260    14.4835    26.6776     5.2463    159.689    8.17352  248.78683     64.187 -9.990e-29
   39.11394  -72.42182    101.753    100.957    14.4992    35.7662      7.859    -0.0792 9.9999e+04  1027.1244    14.4841    26.6758     5.2453    159.658    8.17251  248.75514     64.183 -9.990e-29
   39.11394  -72.42182    101.753    100.957    14.4992    35.7636      7.859    -0.0658 9.9999e+04  1027.1216    14.4841    26.6739     5.2441    159.621    8.17151  248.72485     64.176 -9.990e-29
   39.11394  -72.42182    101.732    100.936    14.4977    35.7616      7.859    -0.0792 9.9999e+04  1027.1199    14.4826    26.6726     5.2435    159.603    8.17074  248.70226     64.174 -9.990e-29
   39.11394  -72.42182    101.732    100.936    14.4961    35.7608      7.859    -0.0658 9.9999e+04  1027.1203    14.4810    26.6723     5.2429    159.585    8.17030  248.68973     64.170 -9.990e-29
   39.11394  -72.42182    101.721    100.925    14.4950    35.7605      7.859    -0.0792 9.9999e+04  1027.1205    14.4799    26.6723     5.2423    159.568    8.17006  248.68356     64.165 -9.990e-29
   39.11394  -72.42182    101.711    100.915    14.4938    35.7601      7.859    -0.0792 9.9999e+04  1027.1201    14.4787    26.6723     5.2418    159.552    8.17017  248.68813     64.158 -9.990e-29
   39.11394  -72.42182    101.700    100.904    14.4923    35.7601      7.859    -0.0658 9.9999e+04  1027.1201    14.4772    26.6724     5.2464    159.693    8.17065  248.70374     64.210 -9.990e-29
   39.11394  -72.42182    101.691    100.895    14.4910    35.7601      7.859    -0.0524 9.9999e+04  1027.1205    14.4759    26.6727     5.2412    159.536    8.17104  248.71620     64.144 -9.990e-29
   39.11394  -72.42182    101.681    100.885    14.4896    35.7604      7.859    -0.0658 9.9999e+04  1027.1210    14.4745    26.6734     5.2454    159.664    8.17141  248.72806     64.192 -9.990e-29
   39.11394  -72.42182    101.681    100.885    14.4889    35.7618      7.859    -0.0658 9.9999e+04  1027.1218    14.4738    26.6746     5.2456    159.669    8.17188  248.74297     64.190 -9.990e-29
   39.11394  -72.42182    101.670    100.874    14.4882    35.7645      7.859    -0.0658 9.9999e+04  1027.1242    14.4731    26.6767     5.2404    159.512    8.17220  248.75210     64.125 -9.990e-29
   39.11394  -72.42182    101.659    100.863    14.4889    35.7679      7.859    -0.0658 9.9999e+04  1027.1274    14.4738    26.6792     5.2446    159.638    8.17233  248.75545     64.175 -9.990e-29
   39.11394  -72.42182    101.649    100.853    14.4908    35.7707      7.859    -0.0524 9.9999e+04  1027.1297    14.4757    26.6810     5.2439    159.617    8.17223  248.75167     64.167 -9.990e-29
   39.11394  -72.42182    101.639    100.844    14.4932    35.7707      7.859    -0.0658 9.9999e+04  1027.1298    14.4781    26.6815     5.2436    159.608    8.17213  248.74841     64.165 -9.990e-29
   39.11394  -72.42182    101.628    100.833    14.4955    35.7707      7.859    -0.0524 9.9999e+04  1027.1287    14.4805    26.6808     5.2434    159.602    8.17231  248.75460     64.160 -9.990e-29
   39.11394  -72.42182    101.628    100.833    14.4974    35.7704      7.859    -0.0658 9.9999e+04  1027.1271    14.4823    26.6796     5.2432    159.595    8.17267  248.76617     64.155 -9.990e-29
   39.11394  -72.42182    101.618    100.823    14.4986    35.7693      7.859    -0.0658 9.9999e+04  1027.1256    14.4835    26.6785     5.2428    159.586    8.17313  248.78014     64.147 -9.990e-29
   39.11394  -72.42182    101.607    100.812    14.4987    35.7687      7.859    -0.0524 9.9999e+04  1027.1252    14.4836    26.6778     5.2424    159.573    8.17359  248.79447     64.138 -9.990e-29
   39.11394  -72.42182    101.598    100.802    14.4996    35.7687      7.859    -0.0658 9.9999e+04  1027.1247    14.4845    26.6775     5.2419    159.556    8.17410  248.80988     64.128 -9.990e-29
   39.11394  -72.42182    101.598    100.802    14.5003    35.7687      7.859    -0.0658 9.9999e+04  1027.1249    14.4852    26.6775     5.2461    159.686    8.17449  248.82117     64.177 -9.990e-29
   39.11394  -72.42182    101.588    100.793    14.5011    35.7692      7.859    -0.0658 9.9999e+04  1027.1252    14.4860    26.6777     5.2412    159.537    8.17481  248.83089     64.115 -9.990e-29
   39.11394  -72.42182    101.577    100.782    14.5018    35.7697      7.859    -0.0658 9.9999e+04  1027.1253    14.4867    26.6779     5.2408    159.523    8.17520  248.84277     64.106 -9.990e-29
   39.11394  -72.42182    101.567    100.772    14.5030    35.7701      7.859    -0.0658 9.9999e+04  1027.1254    14.4879    26.6781     5.2407    159.521    8.17550  248.85187     64.103 -9.990e-29
   39.11394  -72.42182    101.556    100.761    14.5038    35.7705      7.859    -0.0658 9.9999e+04  1027.1254    14.4887    26.6781     5.2451    159.653    8.17585  248.86219     64.153 -9.990e-29
   39.11394  -72.42182    101.566    100.771    14.5052    35.7705      7.859    -0.0658 9.9999e+04  1027.1255    14.4901    26.6780     5.2454    159.662    8.17621  248.87329     64.154 -9.990e-29
   39.11394  -72.42182    101.546    100.751    14.5062    35.7705      7.859    -0.0658 9.9999e+04  1027.1252    14.4911    26.6777     5.2399    159.495    8.17651  248.88227     64.085 -9.990e-29
   39.11394  -72.42182    101.546    100.751    14.5072    35.7700      7.859    -0.0658 9.9999e+04  1027.1246    14.4921    26.6770     5.2444    159.632    8.17678  248.89036     64.137 -9.990e-29
   39.11394  -72.42182    101.536    100.742    14.5081    35.7688      7.859    -0.0658 9.9999e+04  1027.1231    14.4930    26.6760     5.2442    159.628    8.17702  248.89723     64.134 -9.990e-29
   39.11394  -72.42182    101.525    100.731    14.5084    35.7677      7.859    -0.0658 9.9999e+04  1027.1219    14.4933    26.6750     5.2439    159.618    8.17716  248.90151     64.129 -9.990e-29
   39.11394  -72.42182    101.525    100.731    14.5088    35.7668      7.859    -0.0658 9.9999e+04  1027.1212    14.4937    26.6743     5.2435    159.605    8.17729  248.90526     64.123 -9.990e-29
   39.11394  -72.42182    101.514    100.720    14.5084    35.7668      7.859    -0.0792 9.9999e+04  1027.1206    14.4933    26.6739     5.2384    159.450    8.17733  248.90618     64.060 -9.990e-29
   39.11392  -72.42182    101.516    100.721    14.5081    35.7668      7.859    -0.0792 9.9999e+04  1027.1210    14.4930    26.6741     5.2423    159.568    8.17747  248.91044     64.107 -9.990e-29
   39.11392  -72.42182    101.516    100.721    14.5080    35.7674      7.859    -0.0792 9.9999e+04  1027.1220    14.4929    26.6748     5.2421    159.563    8.17757  248.91353     64.104 -9.990e-29
   39.11392  -72.42182    101.505    100.710    14.5084    35.7681      7.859    -0.0792 9.9999e+04  1027.1224    14.4933    26.6753     5.2413    159.537    8.17769  248.91739     64.092 -9.990e-29
   39.11392  -72.42182    101.505    100.710    14.5088    35.7686      7.859    -0.0792 9.9999e+04  1027.1226    14.4937    26.6755     5.2409    159.525    8.17780  248.92054     64.087 -9.990e-29
   39.11392  -72.42182    101.495    100.700    14.5093    35.7688      7.859    -0.0792 9.9999e+04  1027.1227    14.4942    26.6757     5.2354    159.357    8.17786  248.92236     64.019 -9.990e-29
   39.11392  -72.42182    101.505    100.710    14.5099    35.7688      7.859    -0.0658 9.9999e+04  1027.1227    14.4949    26.6757     5.2393    159.478    8.17803  248.92769     64.066 -9.990e-29
   39.11392  -72.42182    101.495    100.700    14.5101    35.7688      7.859    -0.0792 9.9999e+04  1027.1230    14.4950    26.6757     5.2394    159.479    8.17827  248.93548     64.064 -9.990e-29
   39.11392  -72.42182    101.495    100.700    14.5108    35.7687      7.859    -0.0792 9.9999e+04  1027.1224    14.4957    26.6752     5.2387    159.460    8.17852  248.94299     64.055 -9.990e-29
   39.11392  -72.42182    101.495    100.700    14.5110    35.7683      7.859    -0.0792 9.9999e+04  1027.1213    14.4959    26.6747     5.2385    159.454    8.17864  248.94608     64.051 -9.990e-29
   39.11392  -72.42182    101.484    100.689    14.5108    35.7683      7.859    -0.0792 9.9999e+04  1027.1212    14.4957    26.6746     5.2381    159.441    8.17860  248.94456     64.047 -9.990e-29
   39.11392  -72.42182    101.495    100.700    14.5106    35.7683      7.859    -0.0792 9.9999e+04  1027.1221    14.4955    26.6749     5.2377    159.429    8.17863  248.94525     64.042 -9.990e-29
   39.11392  -72.42182    101.484    100.689    14.5111    35.7689      7.859    -0.0792 9.9999e+04  1027.1219    14.4961    26.6753     5.2372    159.413    8.17863  248.94526     64.036 -9.990e-29
   39.11392  -72.42182    101.495    100.700    14.5115    35.7705      7.859    -0.0792 9.9999e+04  1027.1226    14.4964    26.6764     5.2366    159.395    8.17862  248.94503     64.028 -9.990e-29
   39.11392  -72.42182    101.495    100.700    14.5123    35.7732      7.859    -0.0792 9.9999e+04  1027.1256    14.4972    26.6783     5.2310    159.223    8.17866  248.94616     63.959 -9.990e-29
   39.11392  -72.42182    101.484    100.689    14.5149    35.7766      7.859    -0.0792 9.9999e+04  1027.1271    14.4998    26.6805     5.2348    159.340    8.17870  248.94765     64.005 -9.990e-29
   39.11392  -72.42182    101.495    100.700    14.5169    35.7809      7.859    -0.0792 9.9999e+04  1027.1296    14.5018    26.6832     5.2341    159.318    8.17876  248.94929     63.996 -9.990e-29
   39.11392  -72.42182    101.495    100.700    14.5203    35.7860      7.859    -0.0792 9.9999e+04  1027.1339    14.5052    26.6864     5.2282    159.137    8.17867  248.94670     63.924 -9.990e-29
   39.11392  -72.42182    101.504    100.710    14.5248    35.7891      7.859    -0.0658 9.9999e+04  1027.1373    14.5097    26.6885     5.2324    159.265    8.17868  248.94653     63.976 -9.990e-29
   39.11392  -72.42182    101.495    100.700    14.5308    35.7891      7.859    -0.0792 9.9999e+04  1027.1362    14.5157    26.6880     5.2319    159.252    8.17859  248.94355     63.971 -9.990e-29
   39.11392  -72.42182    101.504    100.710    14.5364    35.7891      7.859    -0.0792 9.9999e+04  1027.1328    14.5213    26.6855     5.2264    159.083    8.17840  248.93732     63.905 -9.990e-29
   39.11392  -72.42182    101.504    100.710    14.5402    35.7857      7.859    -0.0792 9.9999e+04  1027.1293    14.5251    26.6821     5.2304    159.204    8.17826  248.93371     63.955 -9.990e-29
   39.11392  -72.42182    101.516    100.721    14.5429    35.7809      7.859    -0.0792 9.9999e+04  1027.1256    14.5278    26.6779     5.2300    159.193    8.17839  248.93789     63.949 -9.990e-29
   39.11392  -72.42182    101.516    100.721    14.5446    35.7751      7.859    -0.0792 5.0640e-11  1027.1194    14.5295    26.6732     5.2296    159.181    8.17854  248.94295     63.943 -9.990e-29
   39.11392  -72.42182    101.524    100.729    14.5434    35.7700      7.859    -0.0792 5.0640e-11  1027.1153    14.5283    26.6693     5.2292    159.169    8.17878  248.95031     63.936 -9.990e-29
   39.11394  -72.42182    101.525    100.731    14.5417    35.7662      7.859    -0.0792 9.9999e+04  1027.1139    14.5266    26.6666     5.2242    159.019    8.17899  248.95710     63.874 -9.990e-29
   39.11394  -72.42182    101.536    100.742    14.5407    35.7630      7.859    -0.0792 9.9999e+04  1027.1111    14.5256    26.6644     5.2283    159.141    8.17917  248.96248     63.922 -9.990e-29
