CalculateIndicators/WaterTemperature/Data/CTD_NYOS/20230516_C10_2.cnv
* Sea-Bird SBE 9 Data File:
* FileName = C:\Seabird 9 CTD\Data\2023\202305_offshore\20230516_C10_2.hex
* Software Version Seasave V 7.23.2
* Temperature SN = 4590
* Conductivity SN = 3228
* Number of Bytes Per Scan = 44
* Number of Voltage Words = 5
* Number of Scans Averaged by the Deck Unit = 1
* NMEA Latitude = 39 19.60 N
* NMEA Longitude = 072 04.59 W
* NMEA UTC (Time) = May 16 2023  06:40:41
* NMEA baud rate = 4800
** Ship: seawolf
** Station: 9.7
** Operator: TDK
# nquan = 18
# nvalues = 10961                       
# units = specified
# name 0 = latitude: Latitude [deg]
# name 1 = longitude: Longitude [deg]
# name 2 = prDM: Pressure, Digiquartz [db]
# name 3 = depSM: Depth [salt water, m]
# name 4 = t090C: Temperature [ITS-90, deg C]
# name 5 = sal00: Salinity, Practical [PSU]
# name 6 = ph: pH
# name 7 = flECO-AFL: Fluorescence, WET Labs ECO-AFL/FL [mg/m^3]
# name 8 = cpar: CPAR/Corrected Irradiance [%]
# name 9 = density00: Density [density, kg/m^3]
# name 10 = potemp090C: Potential Temperature [ITS-90, deg C]
# name 11 = sigma-é00: Density [sigma-theta, kg/m^3]
# name 12 = sbeox0Mg/L: Oxygen, SBE 43 [mg/l]
# name 13 = sbox0Mm/Kg: Oxygen, SBE 43 [umol/kg]
# name 14 = oxsolMg/L: Oxygen Saturation, Garcia & Gordon [mg/l]
# name 15 = oxsolMm/Kg: Oxygen Saturation, Garcia & Gordon [umol/kg]
# name 16 = sbeox0PS: Oxygen, SBE 43 [% saturation]
# name 17 = flag:  0.000e+00
# span 0 =   39.32666,   39.32784       
# span 1 =  -72.07650,  -72.07332       
# span 2 =      0.221,    103.056       
# span 3 =      0.219,    102.247       
# span 4 =    13.8218,    15.1531       
# span 5 =     1.7799,    35.7187       
# span 6 =      8.018,      8.094       
# span 7 =    -0.2136,     4.6753       
# span 8 = 5.0640e-11, 9.9999e+04       
# span 9 =  1000.5150,  1026.9479       
# span 10 =    13.8218,    15.1375      
# span 11 =     0.5916,    26.4960      
# span 12 =     7.0869,    10.3380      
# span 13 =    215.753,    322.900      
# span 14 =    8.07470,   10.23538      
# span 15 =  245.82460,  319.69622      
# span 16 =     83.226,    101.417      
# span 17 = 0.0000e+00, 0.0000e+00      
# interval = seconds: 0.0416667
# start_time = May 16 2023 06:40:42 [System UTC, first data scan.]
# bad_flag = -9.990e-29
*END*
[from data line 3860]
   39.32712  -72.07530    102.590    101.785    15.1409    35.7138 -9.990e-29    -0.0658 5.0640e-11  1026.9455    15.1252    26.4947     7.1200    216.761    8.07630  245.87356     88.160 -9.990e-29
   39.32712  -72.07530    102.571    101.766    15.1412    35.7137 -9.990e-29    -0.0792 5.0640e-11  1026.9451    15.1255    26.4946     7.1205    216.777    8.07633  245.87450     88.166 -9.990e-29
   39.32712  -72.07530    102.539    101.734    15.1411    35.7137 -9.990e-29    -0.0792 5.0640e-11  1026.9450    15.1254    26.4946     7.1205    216.775    8.07634  245.87468     88.165 -9.990e-29
   39.32712  -72.07530    102.529    101.725    15.1412    35.7137 -9.990e-29    -0.0792 5.0640e-11  1026.9450    15.1255    26.4946     7.1204    216.772    8.07630  245.87349     88.164 -9.990e-29
   39.32712  -72.07530    102.488    101.683    15.1413    35.7136 -9.990e-29    -0.0792 5.0640e-11  1026.9449    15.1256    26.4945     7.1204    216.773    8.07638  245.87611     88.164 -9.990e-29
   39.32712  -72.07530    102.457    101.653    15.1414    35.7136 -9.990e-29    -0.0792 5.0640e-11  1026.9445    15.1257    26.4944     7.1204    216.772    8.07639  245.87648     88.163 -9.990e-29
   39.32712  -72.07530    102.435    101.631    15.1414    35.7136 -9.990e-29    -0.0792 5.0640e-11  1026.9443    15.1258    26.4944     7.1203    216.770    8.07639  245.87646     88.162 -9.990e-29
   39.32712  -72.07530    102.395    101.591    15.1414    35.7136 -9.990e-29    -0.0792 5.0640e-11  1026.9444    15.1257    26.4945     7.1203    216.769    8.07640  245.87669     88.162 -9.990e-29
   39.32712  -72.07530    102.364    101.561    15.1416    35.7137 -9.990e-29    -0.0792 5.0640e-11  1026.9441    15.1259    26.4945     7.1203    216.769    8.07646  245.87846     88.161 -9.990e-29
   39.32712  -72.07530    102.343    101.540    15.1416    35.7138 -9.990e-29    -0.0792 5.0640e-11  1026.9442    15.1260    26.4946     7.1203    216.769    8.07655  245.88116     88.160 -9.990e-29
   39.32712  -72.07530    102.292    101.489    15.1417    35.7139 -9.990e-29    -0.0792 5.0640e-11  1026.9440    15.1261    26.4946     7.1203    216.769    8.07660  245.88273     88.160 -9.990e-29
   39.32712  -72.07530    102.261    101.459    15.1421    35.7139 -9.990e-29    -0.0792 5.0640e-11  1026.9437    15.1265    26.4946     7.1203    216.769    8.07663  245.88369     88.159 -9.990e-29
   39.32712  -72.07530    102.240    101.438    15.1419    35.7140 -9.990e-29    -0.0792 5.0640e-11  1026.9437    15.1263    26.4946     7.1203    216.768    8.07666  245.88470     88.159 -9.990e-29
   39.32712  -72.07530    102.208    101.406    15.1421    35.7140 -9.990e-29    -0.0792 5.0640e-11  1026.9437    15.1265    26.4947     7.1202    216.767    8.07667  245.88503     88.158 -9.990e-29
   39.32712  -72.07530    102.178    101.376    15.1421    35.7140 -9.990e-29    -0.0792 5.0640e-11  1026.9436    15.1264    26.4947     7.1202    216.766    8.07671  245.88605     88.157 -9.990e-29
   39.32712  -72.07530    102.147    101.346    15.1423    35.7140 -9.990e-29    -0.0792 5.0640e-11  1026.9433    15.1267    26.4946     7.1201    216.765    8.07671  245.88602     88.157 -9.990e-29
   39.32712  -72.07530    102.127    101.325    15.1424    35.7138 -9.990e-29    -0.0792 5.0640e-11  1026.9429    15.1268    26.4944     7.1201    216.764    8.07672  245.88657     88.156 -9.990e-29
   39.32712  -72.07530    102.075    101.274    15.1426    35.7137 -9.990e-29    -0.0792 5.0640e-11  1026.9428    15.1270    26.4943     7.1201    216.764    8.07680  245.88880     88.155 -9.990e-29
   39.32712  -72.07530    102.043    101.243    15.1426    35.7137 -9.990e-29    -0.0792 5.0640e-11  1026.9424    15.1270    26.4942     7.1151    216.612    8.07682  245.88942     88.093 -9.990e-29
   39.32712  -72.07530    102.045    101.244    15.1426    35.7137 -9.990e-29    -0.0792 5.0640e-11  1026.9425    15.1270    26.4942     7.1190    216.730    8.07684  245.89013     88.141 -9.990e-29
   39.32712  -72.07530    101.982    101.182    15.1426    35.7137 -9.990e-29    -0.0792 5.0640e-11  1026.9421    15.1270    26.4943     7.1189    216.728    8.07682  245.88957     88.140 -9.990e-29
   39.32712  -72.07530    101.952    101.152    15.1424    35.7140 -9.990e-29    -0.0792 5.0640e-11  1026.9422    15.1268    26.4945     7.1190    216.729    8.07690  245.89194     88.140 -9.990e-29
   39.32712  -72.07530    101.941    101.141    15.1424    35.7147 -9.990e-29    -0.0792 5.0640e-11  1026.9428    15.1269    26.4951     7.1189    216.727    8.07689  245.89156     88.139 -9.990e-29
   39.32712  -72.07530    101.889    101.090    15.1429    35.7154 -9.990e-29    -0.0792 5.0640e-11  1026.9435    15.1273    26.4955     7.1189    216.727    8.07695  245.89347     88.139 -9.990e-29
   39.32712  -72.07530    101.857    101.058    15.1438    35.7156 -9.990e-29    -0.0792 5.0640e-11  1026.9431    15.1282    26.4956     7.1189    216.725    8.07694  245.89310     88.138 -9.990e-29
   39.32712  -72.07530    101.849    101.050    15.1443    35.7156 -9.990e-29    -0.0658 5.0640e-11  1026.9428    15.1288    26.4954     7.1138    216.573    8.07694  245.89323     88.076 -9.990e-29
   39.32712  -72.07530    101.807    101.008    15.1448    35.7156 -9.990e-29    -0.0658 5.0640e-11  1026.9425    15.1292    26.4952     7.1133    216.556    8.07694  245.89298     88.069 -9.990e-29
   39.32712  -72.07530    101.777    100.978    15.1450    35.7154 -9.990e-29    -0.0658 5.0640e-11  1026.9419    15.1294    26.4950     7.1122    216.522    8.07692  245.89241     88.056 -9.990e-29
   39.32712  -72.07530    101.743    100.945    15.1450    35.7152 -9.990e-29    -0.0658 5.0640e-11  1026.9420    15.1294    26.4949     7.1111    216.488    8.07691  245.89201     88.042 -9.990e-29
   39.32712  -72.07530    101.756    100.958    15.1453    35.7150 -9.990e-29    -0.0658 5.0640e-11  1026.9415    15.1298    26.4947     7.1100    216.455    8.07688  245.89133     88.029 -9.990e-29
   39.32712  -72.07530    101.714    100.916    15.1450    35.7148 -9.990e-29    -0.0658 5.0640e-11  1026.9415    15.1294    26.4946     7.1094    216.438    8.07687  245.89096     88.022 -9.990e-29
   39.32712  -72.07530    101.705    100.907    15.1452    35.7147 -9.990e-29    -0.0658 5.0640e-11  1026.9413    15.1296    26.4945     7.1089    216.423    8.07688  245.89125     88.016 -9.990e-29
   39.32712  -72.07530    101.684    100.886    15.1452    35.7146 -9.990e-29    -0.0658 5.0640e-11  1026.9410    15.1296    26.4944     7.1084    216.408    8.07687  245.89088     88.010 -9.990e-29
   39.32712  -72.07530    101.682    100.885    15.1448    35.7145 -9.990e-29    -0.0658 5.0640e-11  1026.9412    15.1292    26.4944     7.1129    216.543    8.07684  245.89017     88.065 -9.990e-29
   39.32712  -72.07530    101.653    100.856    15.1448    35.7144 -9.990e-29    -0.0658 5.0640e-11  1026.9407    15.1293    26.4943     7.1080    216.394    8.07683  245.88964     88.004 -9.990e-29
   39.32712  -72.07530    101.653    100.856    15.1446    35.7142 -9.990e-29    -0.0658 5.0640e-11  1026.9407    15.1291    26.4942     7.1080    216.396    8.07683  245.88964     88.005 -9.990e-29
   39.32712  -72.07530    101.642    100.845    15.1443    35.7142 -9.990e-29    -0.0658 5.0640e-11  1026.9406    15.1288    26.4942     7.1082    216.400    8.07684  245.89016     88.007 -9.990e-29
   39.32712  -72.07530    101.641    100.843    15.1442    35.7142 -9.990e-29    -0.0658 5.0640e-11  1026.9405    15.1287    26.4942     7.1078    216.388    8.07682  245.88931     88.002 -9.990e-29
   39.32712  -72.07530    101.621    100.824    15.1440    35.7144 -9.990e-29    -0.0658 5.0640e-11  1026.9407    15.1284    26.4945     7.1074    216.377    8.07684  245.88993     87.998 -9.990e-29
   39.32712  -72.07530    101.621    100.824    15.1438    35.7150 -9.990e-29    -0.0658 5.0640e-11  1026.9415    15.1282    26.4950     7.1071    216.367    8.07685  245.89029     87.993 -9.990e-29
   39.32712  -72.07530    101.632    100.835    15.1439    35.7153 -9.990e-29    -0.0658 5.0640e-11  1026.9420    15.1284    26.4953     7.1067    216.357    8.07681  245.88915     87.989 -9.990e-29
   39.32712  -72.07530    101.621    100.824    15.1443    35.7153 -9.990e-29    -0.0658 5.0640e-11  1026.9417    15.1288    26.4953     7.1070    216.364    8.07682  245.88949     87.992 -9.990e-29
   39.32712  -72.07530    101.631    100.834    15.1442    35.7153 -9.990e-29    -0.0658 5.0640e-11  1026.9416    15.1287    26.4951     7.1067    216.357    8.07683  245.88968     87.989 -9.990e-29
   39.32712  -72.07530    101.632    100.835    15.1441    35.7151 -9.990e-29    -0.0658 5.0640e-11  1026.9413    15.1286    26.4950     7.1021    216.215    8.07684  245.88986     87.932 -9.990e-29
   39.32712  -72.07530    101.621    100.824    15.1445    35.7150 -9.990e-29    -0.0658 5.0640e-11  1026.9412    15.1289    26.4950     7.1014    216.194    8.07686  245.89066     87.923 -9.990e-29
   39.32712  -72.07530    101.642    100.845    15.1441    35.7150 -9.990e-29    -0.0658 5.0640e-11  1026.9417    15.1286    26.4950     7.1013    216.190    8.07682  245.88961     87.921 -9.990e-29
   39.32712  -72.07530    101.652    100.854    15.1442    35.7148 -9.990e-29    -0.0658 5.0640e-11  1026.9415    15.1287    26.4948     7.1062    216.340    8.07684  245.88995     87.983 -9.990e-29
   39.32712  -72.07532    101.653    100.856    15.1445    35.7147 -9.990e-29    -0.0658 5.0640e-11  1026.9408    15.1290    26.4946     7.1068    216.357    8.07686  245.89067     87.989 -9.990e-29
   39.32712  -72.07532    101.673    100.875    15.1443    35.7146 -9.990e-29    -0.0658 5.0640e-11  1026.9413    15.1288    26.4946     7.1068    216.358    8.07684  245.89015     87.990 -9.990e-29
   39.32712  -72.07532    101.684    100.886    15.1441    35.7146 -9.990e-29    -0.0658 5.0640e-11  1026.9415    15.1285    26.4947     7.1019    216.208    8.07686  245.89064     87.929 -9.990e-29
   39.32712  -72.07532    101.684    100.886    15.1441    35.7146 -9.990e-29    -0.0792 5.0640e-11  1026.9413    15.1286    26.4946     7.1064    216.347    8.07688  245.89122     87.985 -9.990e-29
   39.32712  -72.07532    101.703    100.905    15.1445    35.7144 -9.990e-29    -0.0792 5.0640e-11  1026.9411    15.1289    26.4945     7.1065    216.350    8.07688  245.89147     87.986 -9.990e-29
   39.32712  -72.07532    101.714    100.916    15.1440    35.7143 -9.990e-29    -0.0792 5.0640e-11  1026.9412    15.1284    26.4944     7.1017    216.202    8.07685  245.89039     87.926 -9.990e-29
   39.32712  -72.07532    101.735    100.937    15.1439    35.7143 -9.990e-29    -0.0792 5.0640e-11  1026.9412    15.1284    26.4945     7.1013    216.192    8.07683  245.88986     87.922 -9.990e-29
   39.32712  -72.07532    101.735    100.937    15.1438    35.7143 -9.990e-29    -0.0792 5.0640e-11  1026.9416    15.1282    26.4945     7.1010    216.183    8.07686  245.89057     87.918 -9.990e-29
   39.32712  -72.07532    101.764    100.966    15.1438    35.7142 -9.990e-29    -0.0792 5.0640e-11  1026.9416    15.1282    26.4945     7.1008    216.175    8.07686  245.89073     87.915 -9.990e-29
   39.32712  -72.07532    101.777    100.978    15.1436    35.7140 -9.990e-29    -0.0792 5.0640e-11  1026.9413    15.1280    26.4944     7.1055    216.320    8.07687  245.89098     87.974 -9.990e-29
   39.32712  -72.07532    101.786    100.988    15.1431    35.7138 -9.990e-29    -0.0792 5.0640e-11  1026.9413    15.1276    26.4942     7.1009    216.178    8.07685  245.89038     87.917 -9.990e-29
   39.32712  -72.07532    101.807    101.008    15.1427    35.7137 -9.990e-29    -0.0792 5.0640e-11  1026.9416    15.1272    26.4942     7.1057    216.324    8.07683  245.88966     87.976 -9.990e-29
   39.32712  -72.07532    101.828    101.029    15.1426    35.7136 -9.990e-29    -0.0792 5.0640e-11  1026.9415    15.1270    26.4941     7.1011    216.185    8.07682  245.88956     87.920 -9.990e-29
   39.32712  -72.07532    101.847    101.048    15.1426    35.7136 -9.990e-29    -0.0792 5.0640e-11  1026.9413    15.1270    26.4941     7.1060    216.333    8.07680  245.88877     87.980 -9.990e-29
   39.32712  -72.07532    101.859    101.059    15.1423    35.7136 -9.990e-29    -0.0792 5.0640e-11  1026.9419    15.1267    26.4943     7.1065    216.348    8.07681  245.88919     87.986 -9.990e-29
   39.32712  -72.07532    101.879    101.080    15.1421    35.7136 -9.990e-29    -0.0792 5.0640e-11  1026.9420    15.1265    26.4944     7.1019    216.210    8.07676  245.88746     87.930 -9.990e-29
   39.32712  -72.07532    101.889    101.090    15.1421    35.7136 -9.990e-29    -0.0792 5.0640e-11  1026.9420    15.1265    26.4943     7.1069    216.360    8.07672  245.88622     87.992 -9.990e-29
   39.32712  -72.07532    101.910    101.110    15.1421    35.7135 -9.990e-29    -0.0792 5.0640e-11  1026.9418    15.1265    26.4943     7.1024    216.226    8.07672  245.88644     87.937 -9.990e-29
   39.32712  -72.07532    101.929    101.130    15.1416    35.7134 -9.990e-29    -0.0792 5.0640e-11  1026.9422    15.1260    26.4942     7.1025    216.228    8.07672  245.88639     87.938 -9.990e-29
   39.32712  -72.07532    101.940    101.141    15.1416    35.7134 -9.990e-29    -0.0792 5.0640e-11  1026.9419    15.1260    26.4942     7.1076    216.383    8.07674  245.88705     88.001 -9.990e-29
   39.32712  -72.07532    101.972    101.172    15.1414    35.7134 -9.990e-29    -0.0792 5.0640e-11  1026.9422    15.1258    26.4942     7.1027    216.234    8.07671  245.88604     87.941 -9.990e-29
   39.32712  -72.07532    101.982    101.182    15.1414    35.7134 -9.990e-29    -0.0792 5.0640e-11  1026.9424    15.1258    26.4944     7.1078    216.390    8.07672  245.88637     88.004 -9.990e-29
   39.32712  -72.07532    102.003    101.203    15.1408    35.7134 -9.990e-29    -0.0792 5.0640e-11  1026.9428    15.1252    26.4945     7.1086    216.412    8.07672  245.88633     88.013 -9.990e-29
   39.32712  -72.07532    102.022    101.222    15.1411    35.7134 -9.990e-29    -0.0792 5.0640e-11  1026.9425    15.1255    26.4943     7.1093    216.434    8.07672  245.88621     88.022 -9.990e-29
   39.32714  -72.07528    102.045    101.244    15.1408    35.7134 -9.990e-29    -0.0792 5.0640e-11  1026.9423    15.1252    26.4942     7.1050    216.305    8.07668  245.88533     87.970 -9.990e-29
   39.32714  -72.07528    102.054    101.254    15.1408    35.7134 -9.990e-29    -0.0792 5.0640e-11  1026.9427    15.1252    26.4943     7.1103    216.464    8.07668  245.88520     88.035 -9.990e-29
   39.32714  -72.07528    102.075    101.274    15.1408    35.7134 -9.990e-29    -0.0792 5.0640e-11  1026.9427    15.1252    26.4945     7.1111    216.489    8.07668  245.88520     88.045 -9.990e-29
   39.32714  -72.07528    102.096    101.295    15.1407    35.7136 -9.990e-29    -0.0524 5.0640e-11  1026.9432    15.1251    26.4947     7.1064    216.347    8.07668  245.88517     87.987 -9.990e-29
   39.32714  -72.07528    102.117    101.315    15.1406    35.7139 -9.990e-29    -0.0524 5.0640e-11  1026.9437    15.1250    26.4948     7.1062    216.340    8.07671  245.88614     87.984 -9.990e-29
   39.32714  -72.07528    102.115    101.314    15.1408    35.7139 -9.990e-29    -0.0524 5.0640e-11  1026.9433    15.1252    26.4948     7.1060    216.335    8.07672  245.88632     87.982 -9.990e-29
   39.32714  -72.07528    102.147    101.346    15.1409    35.7139 -9.990e-29    -0.0524 5.0640e-11  1026.9435    15.1253    26.4948     7.1108    216.481    8.07673  245.88666     88.041 -9.990e-29
   39.32714  -72.07528    102.168    101.366    15.1410    35.7139 -9.990e-29    -0.0524 5.0640e-11  1026.9436    15.1254    26.4948     7.1112    216.491    8.07672  245.88629     88.045 -9.990e-29
