CalculateIndicators/WaterTemperature/Data/CTD_NYOS/20231005_C19.cnv
* Sea-Bird SBE 9 Data File:
* FileName = C:\Seabird 9 CTD\Data\2023\202309_offshore\20231005_C19.hex
* Software Version Seasave V 7.23.2
* Temperature SN = 4590
* Conductivity SN = 3228
* Number of Bytes Per Scan = 44
* Number of Voltage Words = 5
* Number of Scans Averaged by the Deck Unit = 1
* NMEA Latitude = 40 53.48 N
* NMEA Longitude = 072 12.49 W
* NMEA UTC (Time) = Oct 05 2023  04:05:14
* NMEA baud rate = 4800
** Ship: seawolf
** Station: 11.1
** Operator: tcm
# nquan = 18
# nvalues = 7132                        
# units = specified
# name 0 = latitude: Latitude [deg]
# name 1 = longitude: Longitude [deg]
# name 2 = prDM: Pressure, Digiquartz [db]
# name 3 = depSM: Depth [salt water, m]
# name 4 = t090C: Temperature [ITS-90, deg C]
# name 5 = sal00: Salinity, Practical [PSU]
# name 6 = ph: pH
# name 7 = flECO-AFL: Fluorescence, WET Labs ECO-AFL/FL [mg/m^3]
# name 8 = cpar: CPAR/Corrected Irradiance [%]
# name 9 = density00: Density [density, kg/m^3]
# name 10 = potemp090C: Potential Temperature [ITS-90, deg C]
# name 11 = sigma-é00: Density [sigma-theta, kg/m^3]
# name 12 = sbeox0Mg/L: Oxygen, SBE 43 [mg/l]
# name 13 = sbox0Mm/Kg: Oxygen, SBE 43 [umol/kg]
# name 14 = oxsolMg/L: Oxygen Saturation, Garcia & Gordon [mg/l]
# name 15 = oxsolMm/Kg: Oxygen Saturation, Garcia & Gordon [umol/kg]
# name 16 = sbeox0PS: Oxygen, SBE 43 [% saturation]
# name 17 = flag:  0.000e+00
# span 0 =   40.89132,   40.89170       
# span 1 =  -72.20828,  -72.20812       
# span 2 =      1.986,     19.951       
# span 3 =      1.970,     19.795       
# span 4 =    17.3064,    18.9262       
# span 5 =    31.1052,    31.4662       
# span 6 =      7.864,      7.936       
# span 7 =     0.4446,     2.0294       
# span 8 = 5.0640e-11, 9.9999e+04       
# span 9 =  1022.0892,  1022.8207       
# span 10 =    17.3032,    18.9258      
# span 11 =    22.0893,    22.7335      
# span 12 =     6.8711,     8.3383      
# span 13 =    209.955,    254.863      
# span 14 =    7.71649,    7.94537      
# span 15 =  235.91941,  242.77698      
# span 16 =     86.522,    106.147      
# span 17 = 0.0000e+00, 0.0000e+00      
# interval = seconds: 0.0416667
# start_time = Oct 05 2023 04:05:18 [System UTC, first data scan.]
# bad_flag = -9.990e-29
*END*
[from data line 6272]
   40.89162  -72.20816      2.208      2.191    18.8432    31.2102      7.892     1.3176 -9.990e-29  1022.1754    18.8428    22.1662     7.7568    237.149    7.72704  236.23735    100.386 -9.990e-29
   40.89162  -72.20816      2.218      2.201    18.8423    31.2114      7.897     1.3176 2.2938e+00  1022.1772    18.8419    22.1672     7.7570    237.154    7.72721  236.24236    100.386 -9.990e-29
   40.89162  -72.20816      2.218      2.201    18.8425    31.2123      7.897     1.3310 2.2756e+00  1022.1781    18.8421    22.1681     7.7572    237.160    7.72739  236.24809    100.386 -9.990e-29
   40.89162  -72.20816      2.229      2.211    18.8442    31.2123      7.897     1.3444 2.0971e+00  1022.1783    18.8439    22.1681     7.7575    237.169    7.72763  236.25520    100.387 -9.990e-29
   40.89162  -72.20816      2.219      2.202    18.8464    31.2123      7.897     1.3444 -9.990e-29  1022.1770    18.8460    22.1672     7.7575    237.168    7.72788  236.26297    100.383 -9.990e-29
   40.89162  -72.20816      2.208      2.191    18.8472    31.2111      7.897     1.3444 1.9578e+00  1022.1753    18.8469    22.1661     7.7573    237.163    7.72804  236.26771    100.379 -9.990e-29
   40.89162  -72.20816      2.229      2.211    18.8465    31.2111      7.897     1.3444 2.3485e+00  1022.1747    18.8461    22.1658     7.7576    237.172    7.72820  236.27235    100.381 -9.990e-29
   40.89162  -72.20816      2.218      2.201    18.8446    31.2110      7.897     1.3444 2.7252e+00  1022.1762    18.8442    22.1662     7.7575    237.167    7.72830  236.27524    100.377 -9.990e-29
   40.89162  -72.20816      2.229      2.211    18.8448    31.2108      7.897     1.3444 2.8031e+00  1022.1767    18.8444    22.1667     7.7573    237.160    7.72834  236.27637    100.374 -9.990e-29
   40.89162  -72.20816      2.218      2.201    18.8446    31.2110      7.897     1.3444 2.2036e+00  1022.1762    18.8442    22.1666     7.7570    237.153    7.72834  236.27607    100.371 -9.990e-29
   40.89162  -72.20816      2.218      2.201    18.8446    31.2110      7.897     1.3444 -9.990e-29  1022.1756    18.8442    22.1663     7.7568    237.147    7.72835  236.27642    100.369 -9.990e-29
   40.89162  -72.20816      2.229      2.211    18.8444    31.2110      7.892     1.3444 1.3686e+00  1022.1762    18.8441    22.1665     7.7616    237.292    7.72824  236.27325    100.431 -9.990e-29
   40.89162  -72.20816      2.240      2.222    18.8448    31.2115      7.897     1.3444 -9.990e-29  1022.1766    18.8444    22.1670     7.7621    237.310    7.72816  236.27073    100.440 -9.990e-29
   40.89162  -72.20816      2.229      2.211    18.8442    31.2122      7.897     1.3444 2.6099e+00  1022.1774    18.8439    22.1675     7.7625    237.321    7.72828  236.27443    100.443 -9.990e-29
   40.89162  -72.20816      2.229      2.211    18.8441    31.2122      7.897     1.3444 2.8819e+00  1022.1779    18.8437    22.1679     7.7632    237.342    7.72826  236.27407    100.452 -9.990e-29
   40.89162  -72.20816      2.229      2.211    18.8448    31.2122      7.897     1.3444 2.8031e+00  1022.1775    18.8444    22.1677     7.7589    237.210    7.72829  236.27465    100.396 -9.990e-29
   40.89162  -72.20816      2.238      2.221    18.8456    31.2122      7.897     1.3579 2.5719e+00  1022.1771    18.8453    22.1672     7.7634    237.347    7.72828  236.27428    100.454 -9.990e-29
   40.89162  -72.20816      2.229      2.211    18.8464    31.2117      7.897     1.3444 2.4966e+00  1022.1763    18.8460    22.1666     7.7636    237.354    7.72822  236.27235    100.458 -9.990e-29
   40.89162  -72.20816      2.238      2.221    18.8470    31.2116      7.897     1.3444 2.6865e+00  1022.1756    18.8466    22.1661     7.7643    237.374    7.72818  236.27112    100.467 -9.990e-29
   40.89162  -72.20816      2.229      2.211    18.8474    31.2116      7.897     1.3444 3.7650e+00  1022.1753    18.8470    22.1660     7.7645    237.381    7.72810  236.26875    100.471 -9.990e-29
   40.89162  -72.20816      2.238      2.221    18.8470    31.2116      7.897     1.3444 4.2709e+00  1022.1761    18.8466    22.1663     7.7651    237.401    7.72802  236.26628    100.480 -9.990e-29
   40.89162  -72.20816      2.229      2.211    18.8472    31.2119      7.897     1.3444 4.2472e+00  1022.1765    18.8468    22.1666     7.7653    237.407    7.72787  236.26182    100.485 -9.990e-29
   40.89162  -72.20816      2.229      2.211    18.8477    31.2119      7.897     1.3444 3.7650e+00  1022.1766    18.8473    22.1666     7.7655    237.413    7.72774  236.25820    100.489 -9.990e-29
   40.89162  -72.20816      2.229      2.211    18.8484    31.2119      7.897     1.3444 3.5452e+00  1022.1762    18.8480    22.1662     7.7709    237.577    7.72777  236.25911    100.558 -9.990e-29
   40.89162  -72.20816      2.229      2.211    18.8498    31.2117      7.897     1.3444 3.5452e+00  1022.1750    18.8494    22.1657     7.7671    237.461    7.72784  236.26114    100.508 -9.990e-29
   40.89162  -72.20816      2.229      2.211    18.8501    31.2117      7.897     1.3444 4.9361e+00  1022.1749    18.8498    22.1654     7.7675    237.473    7.72786  236.26193    100.512 -9.990e-29
   40.89162  -72.20816      2.229      2.211    18.8502    31.2117      7.897     1.3310 6.0193e+00  1022.1754    18.8498    22.1656     7.7724    237.624    7.72791  236.26342    100.576 -9.990e-29
   40.89162  -72.20816      2.229      2.211    18.8503    31.2120      7.897     1.3042 6.1635e+00  1022.1756    18.8500    22.1658     7.7733    237.650    7.72804  236.26718    100.585 -9.990e-29
   40.89162  -72.20816      2.218      2.201    18.8507    31.2123 -9.990e-29     1.2907 5.8489e+00  1022.1756    18.8503    22.1660     7.7698    237.545    7.72805  236.26737    100.541 -9.990e-29
   40.89162  -72.20816      2.219      2.202    18.8510    31.2126 -9.990e-29     1.2907 5.5988e+00  1022.1760    18.8506    22.1662     7.7699    237.548    7.72783  236.26097    100.545 -9.990e-29
   40.89162  -72.20816      2.229      2.211    18.8514    31.2126 -9.990e-29     1.2907 5.5714e+00  1022.1763    18.8510    22.1662     7.7751    237.706    7.72769  236.25663    100.614 -9.990e-29
   40.89162  -72.20816      2.218      2.201    18.8526    31.2126 -9.990e-29     1.2907 6.1635e+00  1022.1755    18.8522    22.1658     7.7763    237.742    7.72771  236.25745    100.628 -9.990e-29
   40.89162  -72.20816      2.208      2.191    18.8529    31.2122 -9.990e-29     1.2907 -9.990e-29  1022.1750    18.8525    22.1653     7.7776    237.781    7.72785  236.26165    100.643 -9.990e-29
   40.89162  -72.20816      2.218      2.201    18.8537    31.2117 -9.990e-29     1.2907 7.1675e+00  1022.1745    18.8533    22.1648     7.7785    237.809    7.72802  236.26639    100.653 -9.990e-29
   40.89162  -72.20816      2.218      2.201    18.8547    31.2110 -9.990e-29     1.2907 7.2635e+00  1022.1737    18.8543    22.1641     7.7793    237.833    7.72812  236.26957    100.662 -9.990e-29
   40.89162  -72.20816      2.218      2.201    18.8555    31.2105 -9.990e-29     1.2907 7.4906e+00  1022.1730    18.8552    22.1635     7.7795    237.842    7.72814  236.27057    100.665 -9.990e-29
   40.89162  -72.20816      2.208      2.191    18.8554    31.2102 -9.990e-29     1.2907 7.5234e+00  1022.1728    18.8550    22.1633     7.7758    237.727    7.72830  236.27523    100.614 -9.990e-29
   40.89162  -72.20816      2.197      2.180    18.8552    31.2100 -9.990e-29     1.2907 7.1994e+00  1022.1729    18.8548    22.1632     7.7807    237.877    7.72840  236.27782    100.677 -9.990e-29
   40.89162  -72.20816      2.219      2.202    18.8552    31.2098 -9.990e-29     1.2907 6.3687e+00  1022.1726    18.8548    22.1630     7.7765    237.750    7.72820  236.27181    100.626 -9.990e-29
   40.89162  -72.20816      2.218      2.201    18.8553    31.2096 -9.990e-29     1.2907 6.1055e+00  1022.1724    18.8550    22.1628     7.7807    237.876    7.72794  236.26381    100.682 -9.990e-29
   40.89162  -72.20816      2.208      2.191    18.8552    31.2096 -9.990e-29     1.2907 6.1925e+00  1022.1723    18.8548    22.1628     7.7807    237.877    7.72779  236.25960    100.684 -9.990e-29
   40.89162  -72.20816      2.208      2.191    18.8545    31.2096 -9.990e-29     1.2907 6.5781e+00  1022.1726    18.8542    22.1629     7.7761    237.737    7.72768  236.25635    100.627 -9.990e-29
   40.89162  -72.20816      2.218      2.201    18.8538    31.2096 -9.990e-29     1.2907 6.7301e+00  1022.1727    18.8534    22.1632     7.7758    237.729    7.72769  236.25682    100.623 -9.990e-29
   40.89162  -72.20816      2.218      2.201    18.8528    31.2098 -9.990e-29     1.2907 6.6386e+00  1022.1733    18.8524    22.1635     7.7757    237.724    7.72781  236.26065    100.619 -9.990e-29
   40.89162  -72.20816      2.208      2.191    18.8521    31.2098 -9.990e-29     1.2907 5.8208e+00  1022.1736    18.8517    22.1638     7.7750    237.704    7.72794  236.26454    100.609 -9.990e-29
   40.89162  -72.20816      2.197      2.180    18.8521    31.2098 -9.990e-29     1.2907 5.4085e+00  1022.1732    18.8517    22.1638     7.7749    237.700    7.72815  236.27113    100.605 -9.990e-29
   40.89162  -72.20816      2.209      2.192    18.8517    31.2098 -9.990e-29     1.2907 5.4355e+00  1022.1733    18.8514    22.1638     7.7747    237.695    7.72838  236.27779    100.600 -9.990e-29
   40.89162  -72.20816      2.208      2.191    18.8511    31.2097 -9.990e-29     1.2907 6.3984e+00  1022.1735    18.8507    22.1640     7.7744    237.685    7.72846  236.28007    100.595 -9.990e-29
   40.89162  -72.20816      2.208      2.191    18.8500    31.2097 -9.990e-29     1.2907 7.0408e+00  1022.1742    18.8496    22.1643     7.7741    237.674    7.72851  236.28181    100.589 -9.990e-29
   40.89162  -72.20816      2.208      2.191    18.8490    31.2097 -9.990e-29     1.2907 7.1357e+00  1022.1743    18.8486    22.1645     7.7738    237.665    7.72864  236.28568    100.584 -9.990e-29
   40.89162  -72.20816      2.208      2.191    18.8479    31.2093 -9.990e-29     1.2907 5.8771e+00  1022.1740    18.8475    22.1645     7.7733    237.652    7.72866  236.28632    100.578 -9.990e-29
   40.89162  -72.20816      2.197      2.180    18.8464    31.2093 -9.990e-29     1.3176 4.9106e+00  1022.1742    18.8460    22.1647     7.7682    237.496    7.72862  236.28497    100.513 -9.990e-29
   40.89162  -72.20816      2.208      2.191    18.8446    31.2093 -9.990e-29     1.3176 -9.990e-29  1022.1746    18.8442    22.1650     7.7719    237.610    7.72861  236.28482    100.561 -9.990e-29
   40.89162  -72.20816      2.208      2.191    18.8436    31.2093 -9.990e-29     1.3176 5.6538e+00  1022.1748    18.8432    22.1654     7.7715    237.597    7.72869  236.28711    100.555 -9.990e-29
   40.89162  -72.20816      2.197      2.180    18.8422    31.2098 -9.990e-29     1.3176 6.7608e+00  1022.1758    18.8418    22.1661     7.7711    237.584    7.72877  236.28946    100.548 -9.990e-29
   40.89162  -72.20816      2.199      2.181    18.8413    31.2104 -9.990e-29     1.3176 7.0093e+00  1022.1765    18.8409    22.1669     7.7661    237.430    7.72884  236.29130    100.482 -9.990e-29
   40.89162  -72.20816      2.197      2.180    18.8408    31.2111 -9.990e-29     1.3176 6.3391e+00  1022.1772    18.8404    22.1675     7.7653    237.406    7.72894  236.29466    100.470 -9.990e-29
   40.89162  -72.20816      2.197      2.180    18.8406    31.2117 -9.990e-29     1.3176 5.3548e+00  1022.1777    18.8402    22.1681     7.7645    237.381    7.72907  236.29843    100.458 -9.990e-29
   40.89162  -72.20816      2.197      2.180    18.8402    31.2117 -9.990e-29     1.3176 5.1170e+00  1022.1784    18.8399    22.1684     7.7636    237.356    7.72917  236.30162    100.446 -9.990e-29
   40.89168  -72.20814      2.197      2.180    18.8411    31.2117 -9.990e-29     1.3176 5.3816e+00  1022.1778    18.8407    22.1682     7.7627    237.328    7.72919  236.30206    100.434 -9.990e-29
   40.89168  -72.20814      2.197      2.180    18.8418    31.2116 -9.990e-29     1.3176 6.0480e+00  1022.1774    18.8414    22.1678     7.7622    237.311    7.72916  236.30116    100.428 -9.990e-29
   40.89168  -72.20814      2.188      2.171    18.8413    31.2116 -9.990e-29     1.3176 6.2509e+00  1022.1768    18.8409    22.1674     7.7617    237.297    7.72915  236.30077    100.421 -9.990e-29
   40.89168  -72.20814      2.188      2.171    18.8415    31.2116 -9.990e-29     1.3176 6.1635e+00  1022.1765    18.8411    22.1674     7.7612    237.279    7.72905  236.29762    100.415 -9.990e-29
   40.89168  -72.20814      2.189      2.172    18.8410    31.2118 -9.990e-29     1.3176 5.7928e+00  1022.1775    18.8406    22.1680     7.7652    237.404    7.72900  236.29615    100.469 -9.990e-29
   40.89168  -72.20814      2.188      2.171    18.8406    31.2124 -9.990e-29     1.3176 5.6262e+00  1022.1785    18.8402    22.1685     7.7601    237.248    7.72894  236.29420    100.404 -9.990e-29
   40.89168  -72.20814      2.188      2.171    18.8411    31.2127 -9.990e-29     1.3176 5.5988e+00  1022.1782    18.8407    22.1686     7.7596    237.233    7.72889  236.29296    100.398 -9.990e-29
   40.89168  -72.20814      2.188      2.171    18.8415    31.2127 -9.990e-29     1.3176 -9.990e-29  1022.1780    18.8411    22.1686     7.7593    237.221    7.72893  236.29410    100.392 -9.990e-29
   40.89168  -72.20814      2.178      2.161    18.8418    31.2127 -9.990e-29     1.3176 5.1956e+00  1022.1783    18.8414    22.1685     7.7589    237.210    7.72897  236.29545    100.387 -9.990e-29
   40.89168  -72.20814      2.178      2.161    18.8425    31.2125 -9.990e-29     1.3176 5.2220e+00  1022.1778    18.8421    22.1682     7.7586    237.200    7.72905  236.29782    100.382 -9.990e-29
   40.89168  -72.20814      2.178      2.161    18.8437    31.2121 -9.990e-29     1.3176 5.9622e+00  1022.1771    18.8433    22.1676     7.7581    237.187    7.72901  236.29660    100.377 -9.990e-29
   40.89168  -72.20814      2.178      2.161    18.8448    31.2116 -9.990e-29     1.3176 6.4579e+00  1022.1763    18.8444    22.1671     7.7577    237.173    7.72892  236.29373    100.372 -9.990e-29
   40.89168  -72.20814      2.178      2.161    18.8446    31.2114 -9.990e-29     1.3176 6.4878e+00  1022.1763    18.8442    22.1668     7.7619    237.303    7.72890  236.29325    100.427 -9.990e-29
   40.89168  -72.20814      2.168      2.151    18.8442    31.2112 -9.990e-29     1.3176 5.5988e+00  1022.1762    18.8439    22.1667     7.7578    237.177    7.72889  236.29315    100.374 -9.990e-29
   40.89168  -72.20814      2.178      2.161    18.8441    31.2111 -9.990e-29     1.3176 4.9874e+00  1022.1762    18.8437    22.1667     7.7576    237.171    7.72898  236.29565    100.370 -9.990e-29
   40.89168  -72.20814      2.178      2.161    18.8439    31.2111 -9.990e-29     1.3176 4.8851e+00  1022.1759    18.8435    22.1667     7.7620    237.305    7.72906  236.29826    100.426 -9.990e-29
   40.89168  -72.20814      2.167      2.150    18.8429    31.2111 -9.990e-29     1.2639 5.4355e+00  1022.1765    18.8425    22.1669     7.7626    237.324    7.72916  236.30115    100.433 -9.990e-29
   40.89168  -72.20814      2.178      2.161    18.8427    31.2111 -9.990e-29     1.2370 6.0193e+00  1022.1769    18.8423    22.1670     7.7587    237.203    7.72921  236.30275    100.381 -9.990e-29
   40.89168  -72.20814      2.178      2.161    18.8442    31.2111 -9.990e-29     1.2370 -9.990e-29  1022.1763    18.8439    22.1668     7.7630    237.336    7.72922  236.30276    100.437 -9.990e-29
   40.89168  -72.20814      2.178      2.161    18.8453    31.2112 -9.990e-29     1.2370 5.2220e+00  1022.1758    18.8449    22.1665     7.7631    237.340    7.72919  236.30168    100.439 -9.990e-29
