CalculateIndicators/WaterTemperature/Data/CTD_NYOS/20230516_C09A.cnv
* Sea-Bird SBE 9 Data File:
* FileName = C:\Seabird 9 CTD\Data\2023\202305_offshore\20230516_C10.hex
* Software Version Seasave V 7.23.2
* Temperature SN = 4590
* Conductivity SN = 3228
* Number of Bytes Per Scan = 44
* Number of Voltage Words = 5
* Number of Scans Averaged by the Deck Unit = 1
* NMEA Latitude = 39 19.93 N
* NMEA Longitude = 072 03.57 W
* NMEA UTC (Time) = May 16 2023  07:19:14
* NMEA baud rate = 4800
** Ship: Seawolf
** Station: 9.7
** Operator: TDK
# nquan = 18
# nvalues = 204                         
# units = specified
# name 0 = latitude: Latitude [deg]
# name 1 = longitude: Longitude [deg]
# name 2 = prDM: Pressure, Digiquartz [db]
# name 3 = depSM: Depth [salt water, m]
# name 4 = t090C: Temperature [ITS-90, deg C]
# name 5 = sal00: Salinity, Practical [PSU]
# name 6 = ph: pH
# name 7 = flECO-AFL: Fluorescence, WET Labs ECO-AFL/FL [mg/m^3]
# name 8 = cpar: CPAR/Corrected Irradiance [%]
# name 9 = density00: Density [density, kg/m^3]
# name 10 = potemp090C: Potential Temperature [ITS-90, deg C]
# name 11 = sigma-100: Density [sigma-1, kg/m^3 ]
# name 12 = sbeox0Mg/L: Oxygen, SBE 43 [mg/l]
# name 13 = sbox0Mm/Kg: Oxygen, SBE 43 [umol/kg]
# name 14 = oxsolMg/L: Oxygen Saturation, Garcia & Gordon [mg/l]
# name 15 = oxsolMm/Kg: Oxygen Saturation, Garcia & Gordon [umol/kg]
# name 16 = sbeox0PS: Oxygen, SBE 43 [% saturation]
# name 17 = flag: flag
# span 0 =   39.33218,   39.33394       
# span 1 =  -72.05962,  -72.05376       
# span 2 =      1.000,    103.000       
# span 3 =      0.992,    102.192       
# span 4 =    13.6990,    15.0799       
# span 5 =    34.0692,    35.6885       
# span 6 =      8.024,      8.097       
# span 7 =    -0.0797,     1.3575       
# span 8 = -2.320e+04, 1.0898e+05       
# span 9 =  1025.4840,  1026.9414       
# span 10 =    13.6897,    15.0644      
# span 11 =    29.8578,    30.8390      
# span 12 =     7.1050,     8.4693      
# span 13 =    216.303,    258.083      
# span 14 =    8.08752,    8.35537      
# span 15 =  246.21666,  254.62142      
# span 16 =     87.335,    101.743      
# span 17 = 0.0000e+00, 0.0000e+00      
# interval = decibars: 1                
# start_time = May 16 2023 07:19:13 [System UTC, first data scan.]
# bad_flag = -9.990e-29
*END*
   39.33218  -72.05962      2.000      1.985    13.9597    34.0692      8.081 -9.990e-29 1.0511e+05  1025.4851    13.9594    29.8578     8.4328    256.980    8.35461  254.59892    100.935 0.0000e+00
   39.33219  -72.05958      3.000      2.977    13.9597    34.0696      8.081     0.0727 6.5824e+04  1025.4899    13.9592    29.8582     8.4237    256.704    8.35457  254.59784    100.827 0.0000e+00
   39.33220  -72.05953      4.000      3.970    13.9599    34.0697      8.081     0.0506 5.7999e+03  1025.4944    13.9593    29.8582     8.4197    256.584    8.35452  254.59625    100.781 0.0000e+00
   39.33220  -72.05951      5.000      4.962    13.9601    34.0700      8.081     0.0727 5.0640e-11  1025.4990    13.9594    29.8584     8.4342    257.025    8.35456  254.59723    100.954 0.0000e+00
   39.33220  -72.05949      6.000      5.954    13.9599    34.0709      8.081     0.0771 5.0640e-11  1025.5042    13.9590    29.8592     8.4196    256.579    8.35465  254.59968    100.777 0.0000e+00
   39.33222  -72.05948      7.000      6.947    13.9602    34.0721      8.081     0.0687 5.0640e-11  1025.5096    13.9592    29.8601     8.4317    256.946    8.35408  254.58238    100.928 0.0000e+00
   39.33222  -72.05944      8.000      7.939    13.9620    34.0726      8.081     0.0794 5.0640e-11  1025.5140    13.9609    29.8600     8.4572    257.725    8.35374  254.57172    101.239 0.0000e+00
   39.33223  -72.05943      9.000      8.931    13.9634    34.0735      8.081     0.0776 5.0640e-11  1025.5189    13.9621    29.8605     8.4498    257.498    8.35344  254.56195    101.153 0.0000e+00
   39.33223  -72.05942     10.000      9.924    13.9642    34.0763      8.081     0.0621 5.0640e-11  1025.5253    13.9628    29.8624     8.4418    257.255    8.35366  254.56935    101.055 0.0000e+00
   39.33222  -72.05942     11.000     10.916    13.9641    34.0732      8.081     0.0749 5.0640e-11  1025.5274    13.9625    29.8601     8.4360    257.065    8.34432  254.27039    101.099 0.0000e+00
   39.33224  -72.05940     12.000     11.908    13.9760    34.1195      8.081     0.0622 5.0640e-11  1025.5652    13.9743    29.8929     8.4362    257.059    8.33338  253.92639    101.234 0.0000e+00
   39.33224  -72.05939     13.000     12.901    14.0517    34.2643      8.083     0.0803 5.0640e-11  1025.6659    14.0498    29.9869     8.4338    256.949    8.28936  252.54985    101.743 0.0000e+00
   39.33224  -72.05936     14.000     13.893    14.2483    34.5099      8.085     0.0922 5.0640e-11  1025.8187    14.2462    30.1299     8.3951    255.744    8.25320  251.42222    101.719 0.0000e+00
   39.33224  -72.05934     15.000     14.885    14.3972    34.6568      8.088     0.1545 5.0640e-11  1025.9041    14.3950    30.2073     8.3250    253.589    8.22113  250.42657    101.263 0.0000e+00
 -9.990e-29 -9.990e-29     16.000     15.878    14.5526    34.7934      8.091     0.1492 5.0640e-11  1025.9812    14.5502    30.2761     8.2877    252.449    8.21476  250.22786    100.888 0.0000e+00
   39.33226  -72.05930     17.000     16.870    14.5708    34.8163      8.092     0.1763 5.0640e-11  1025.9992    14.5683    30.2893     8.2780    252.147    8.21604  250.26109    100.754 0.0000e+00
   39.33226  -72.05928     18.000     17.862    14.5510    34.8462      8.092     0.1836 5.0640e-11  1026.0311    14.5483    30.3169     8.3083    253.071    8.21382  250.19189    101.151 0.0000e+00
   39.33227  -72.05928     19.000     18.855    14.5612    34.8532      8.092     0.2234 5.0640e-11  1026.0386    14.5584    30.3197     8.2933    252.611    8.21287  250.16254    100.979 0.0000e+00
   39.33227  -72.05928     20.000     19.847    14.5664    34.8560 -9.990e-29     0.2420 5.0640e-11  1026.0442    14.5634    30.3208     8.2940    252.633    8.21259  250.15402    100.991 0.0000e+00
   39.33228  -72.05926     21.000     20.839    14.5704    34.8588      8.092     0.2492 5.0640e-11  1026.0498    14.5673    30.3220     8.3038    252.931    8.21147  250.11909    101.124 0.0000e+00
 -9.990e-29  -72.05925     22.000     21.832    14.5725    34.8614      8.092     0.2176 5.0640e-11  1026.0559    14.5692    30.3235     8.2938    252.626    8.21152  250.12063    101.002 0.0000e+00
   39.33230  -72.05923     23.000     22.824    14.5746    34.8643      8.092     0.2344 5.0640e-11  1026.0621    14.5713    30.3253     8.2950    252.661    8.21010  250.07446    101.034 0.0000e+00
   39.33230  -72.05922     24.000     23.816    14.5780    34.8736      8.092     0.2221 -9.990e-29  1026.0731    14.5745    30.3317     8.2986    252.765    8.20736  249.98603    101.112 0.0000e+00
   39.33230  -72.05920     25.000     24.808    14.5822    34.8968      8.092     0.2380 -9.990e-29  1026.0944    14.5785    30.3484     8.2907    252.522    8.20608  249.94598    101.031 0.0000e+00
   39.33231  -72.05918     26.000     25.801    14.5957    34.9231      8.092     0.2576 9.9999e+04  1026.1163    14.5919    30.3655     8.2950    252.638    8.17969  249.12620    101.410 0.0000e+00
   39.33232 -9.990e-29     27.000     26.793    14.6039    34.9576 -9.990e-29     0.2678 9.9999e+04  1026.1454    14.5999    30.3898     8.3085    253.049    8.17358  248.94049    101.650 0.0000e+00
   39.33232  -72.05914     28.000     27.785    14.7248    35.0375      8.092     0.3041 9.9999e+04  1026.1855    14.7207    30.4228     8.2724    251.949    8.17074  248.85343    101.244 0.0000e+00
   39.33232  -72.05914     29.000     28.777    14.7776    35.0553      8.092     0.3306 -9.990e-29  1026.1920    14.7733    30.4239     8.2350    250.807    8.15515  248.37528    100.979 0.0000e+00
   39.33232  -72.05913     30.000     29.770    14.8206    35.0778      8.091     0.3193 5.0640e-11  1026.2046    14.8161    30.4312     8.2160    250.227    8.14977  248.21120    100.812 0.0000e+00
   39.33234  -72.05911     31.000     30.762    14.8829    35.1025 -9.990e-29     0.3412 5.0640e-11  1026.2141    14.8783    30.4350     8.2114    250.087    8.14619  248.10135    100.800 0.0000e+00
   39.33234  -72.05908     32.000     31.754    14.8974    35.1097 -9.990e-29     0.3530 5.0640e-11  1026.2211    14.8926    30.4373     8.2158    250.220    8.14620  248.10162    100.854 0.0000e+00
   39.33236  -72.05907     33.000     32.746    14.8965    35.1105 -9.990e-29     0.3710 5.0640e-11  1026.2263    14.8916    30.4381     8.2036    249.849    8.14555  248.08019    100.713 0.0000e+00
   39.33235  -72.05906     34.000     33.739    14.8960    35.1160 -9.990e-29     0.3643 5.0640e-11  1026.2351    14.8909    30.4425     8.2041    249.863    8.14532  248.07298    100.722 0.0000e+00
   39.33236  -72.05904     35.000     34.731    14.8999    35.1226 -9.990e-29     0.3963 5.0640e-11  1026.2437    14.8947    30.4466     8.1986    249.691    8.14236  247.97974    100.690 0.0000e+00
   39.33237  -72.05903     36.000     35.723    14.9115    35.1431      8.091     0.4018 5.0640e-11  1026.2615    14.9061    30.4597     8.1763    249.009    8.13228  247.66680    100.542 0.0000e+00
   39.33238 -9.990e-29     37.000     36.716    14.9470    35.1764      8.091     0.4235 5.0640e-11  1026.2838    14.9415    30.4767     8.1331    247.689    8.12815  247.53847    100.061 0.0000e+00
   39.33238 -9.990e-29     38.000     37.708    14.9746    35.2021      8.087     0.4950 5.0640e-11  1026.3020    14.9689    30.4898     8.0920    246.436    8.13029  247.60086     99.530 0.0000e+00
   39.33238  -72.05898     39.000     38.700    14.9615    35.2166      8.086     0.5950 5.0640e-11  1026.3205    14.9556    30.5040     8.0591    245.432    8.13340  247.69391     99.087 0.0000e+00
   39.33238  -72.05897     40.000     39.692    14.9223    35.2135      8.082     0.8051 5.0640e-11  1026.3312    14.9163    30.5111     8.0396    244.831    8.15276  248.27811     98.612 0.0000e+00
   39.33240  -72.05894     41.000     40.684    14.8136    35.2061      8.081     0.8269 5.0640e-11  1026.3536    14.8075    30.5310     7.9724    242.781    8.16116  248.52965     97.687 0.0000e+00
   39.33240  -72.05894     42.000     41.676    14.8151    35.2251      8.075     1.0155 5.0640e-11  1026.3725    14.8088    30.5454     7.8790    239.938    8.15991  248.49173     96.558 0.0000e+00
   39.33241  -72.05892     43.000     42.669    14.7342    35.1982      8.069     1.1159 5.0640e-11  1026.3737    14.7278    30.5438     7.8380    238.684    8.19416  249.52835     95.654 0.0000e+00
   39.33242  -72.05890     44.000     43.661    14.5772    35.1846      8.067     0.9901 5.0640e-11  1026.4020    14.5706    30.5705     7.7932    237.316    8.20925  249.98458     94.932 0.0000e+00
   39.33242  -72.05889     45.000     44.653    14.4975    35.1907      8.058     0.7247 5.0640e-11  1026.4284    14.4909    30.5939     7.7084    234.734    8.21146  250.05167     93.874 0.0000e+00
   39.33242  -72.05888     46.000     45.645    14.4648    35.1863      8.055     0.6497 5.0640e-11  1026.4365    14.4580    30.5982     7.6838    233.982    8.21649  250.20239     93.517 0.0000e+00
   39.33243  -72.05885     47.000     46.637    14.4389    35.1908      8.055     0.5455 5.0640e-11  1026.4500    14.4319    30.6077     7.6793    233.843    8.21833  250.25674     93.441 0.0000e+00
   39.33244  -72.05884     48.000     47.630    14.4376    35.1968 -9.990e-29     0.5226 5.0640e-11  1026.4594    14.4306    30.6127     7.6514    232.992    8.21711  250.21944     93.115 0.0000e+00
   39.33244  -72.05883     49.000     48.622    14.4348    35.2040 -9.990e-29     0.4961 5.0640e-11  1026.4700    14.4276    30.6189     7.6226    232.114    8.21671  250.20672     92.769 0.0000e+00
   39.33244  -72.05884     50.000     49.614    14.4540    35.2119 -9.990e-29     0.4729 5.0640e-11  1026.4765    14.4466    30.6206     7.6123    231.800    8.21965  250.29529     92.610 0.0000e+00
   39.33244  -72.05882     51.000     50.606    14.4312    35.2062 -9.990e-29     0.4623 7.8576e+04  1026.4813    14.4237    30.6214     7.6054    231.590    8.21949  250.28939     92.529 0.0000e+00
   39.33245  -72.05879     52.000     51.598    14.4181    35.2121      8.050     0.4608 9.5012e+04  1026.4932    14.4104    30.6291     7.5809    230.842    8.21823  250.25024     92.244 0.0000e+00
   39.33245  -72.05879     53.000     52.590    14.4235    35.2167      8.046     0.4065 -2.485e+02  1026.5000    14.4157    30.6314     7.5747    230.655    8.21685  250.20782     92.185 0.0000e+00
   39.33246  -72.05876     54.000     53.582    14.4297    35.2202      8.046     0.4010 5.0640e-11  1026.5058    14.4217    30.6326     7.5636    230.317    8.21338  250.10197     92.089 0.0000e+00
   39.33246  -72.05876     55.000     54.575    14.4498    35.2270 -9.990e-29     0.4119 5.0640e-11  1026.5111    14.4417    30.6332     7.5488    229.863    8.20667  249.89669     91.983 0.0000e+00
   39.33246  -72.05876     56.000     55.567    14.4744    35.2377      8.046     0.4076 5.0640e-11  1026.5185    14.4661    30.6356     7.5549    230.052    8.19802  249.63353     92.156 0.0000e+00
   39.33246  -72.05874     57.000     56.559    14.5093    35.2530      8.046     0.3681 5.0640e-11  1026.5273    14.5008    30.6393     7.5441    229.720    8.19812  249.63653     92.022 0.0000e+00
   39.33248  -72.05873     58.000     57.551    14.5379    35.2558      8.046     0.3578 5.0640e-11  1026.5276    14.5294    30.6347     7.5140    228.804    8.19159  249.43622     91.728 0.0000e+00
 -9.990e-29  -72.05871     59.000     58.543    14.5633    35.2713      8.046     0.3357 5.0640e-11  1026.5385    14.5545    30.6407     7.5456    229.768    8.22848  250.56289     91.701 0.0000e+00
 -9.990e-29  -72.05870     60.000     59.535    14.4875    35.2291      8.046     0.3420 5.0640e-11  1026.5262    14.4787    30.6255     7.4884    228.015    8.28573  252.29156     90.377 0.0000e+00
   39.33250  -72.05868     61.000     60.527    14.0963    35.1831      8.039     0.2725 5.0640e-11  1026.5797    14.0875    30.6818     7.4580    227.089    8.28916  252.39738     89.973 0.0000e+00
   39.33250  -72.05867     62.000     61.519    14.0023    35.1637 -9.990e-29     0.2752 5.0640e-11  1026.5889    13.9934    30.6883     7.4739    227.570    8.31437  253.16304     89.891 0.0000e+00
   39.33250  -72.05865     63.000     62.511    13.8731    35.1399 -9.990e-29     0.2376 5.0640e-11  1026.6023    13.8640    30.6998     7.4887    228.021    8.32881  253.60215     89.913 0.0000e+00
   39.33251  -72.05864     64.000     63.504    13.8023    35.1225 -9.990e-29     0.2292 5.0640e-11  1026.6084    13.7932    30.7028     7.4762    227.640    8.33930  253.91976     89.650 0.0000e+00
   39.33252  -72.05863     65.000     64.496    13.7319    35.1156 -9.990e-29     0.2001 5.0640e-11  1026.6221    13.7227    30.7134     7.4823    227.826    8.34412  254.06560     89.672 0.0000e+00
   39.33252  -72.05862     66.000     65.488    13.6990    35.1117 -9.990e-29     0.1924 5.0640e-11  1026.6305    13.6897    30.7180     7.4706    227.468    8.34271  254.02199     89.547 0.0000e+00
   39.33252  -72.05860     67.000     66.480    13.7052    35.1182 -9.990e-29     0.1593 5.0640e-11  1026.6387    13.6957    30.7216     7.4566    227.040    8.33915  253.91335     89.416 0.0000e+00
   39.33252  -72.05858     68.000     67.472    13.7261    35.1253      8.026     0.1707 5.0640e-11  1026.6442    13.7165    30.7223     7.4539    226.957    8.33290  253.72218     89.451 0.0000e+00
   39.33254  -72.05857     69.000     68.464    13.7564    35.1363      8.025     0.1504 5.0640e-11  1026.6509    13.7466    30.7239     7.4486    226.794    8.31952  253.31257     89.531 0.0000e+00
   39.33254  -72.05854     70.000     69.456    13.8216    35.1660      8.027     0.1506 5.0640e-11  1026.6646    13.8116    30.7319     7.4489    226.802    8.30761  252.94888     89.663 0.0000e+00
   39.33254  -72.05854     71.000     70.448    13.8809    35.1858      8.029     0.1230 5.0640e-11  1026.6719    13.8707    30.7336     7.4432    226.630    8.30284  252.80291     89.647 0.0000e+00
   39.33255  -72.05852     72.000     71.440    13.9250    35.2060      8.029     0.1051 5.0640e-11  1026.6826    13.9147    30.7390     7.4339    226.345    8.29515  252.56759     89.618 0.0000e+00
   39.33255  -72.05850     73.000     72.432    13.9744    35.2355      8.029     0.1068 5.0640e-11  1026.6994    13.9638    30.7503     7.4404    226.541    8.28074  252.12691     89.852 0.0000e+00
   39.33256  -72.05849     74.000     73.424    14.0216    35.2477      8.029     0.0859 5.0640e-11  1026.7032    14.0110    30.7488     7.4331    226.318    8.28106  252.13670     89.760 0.0000e+00
   39.33257  -72.05847     75.000     74.416    14.0342    35.2498      8.029     0.0687 6.0795e+04  1026.7067    14.0234    30.7476     7.4306    226.241    8.28084  252.12843     89.732 0.0000e+00
   39.33257  -72.05846     76.000     75.408    14.0344    35.2588      8.029     0.0738 9.9528e+04  1026.7180    14.0234    30.7545     7.4362    226.409    8.27751  252.02454     89.836 0.0000e+00
   39.33257  -72.05845     77.000     76.400    14.0437    35.2710      8.029     0.0599 9.9999e+04  1026.7298    14.0326    30.7617     7.4459    226.701    8.26544  251.65420     90.085 0.0000e+00
   39.33258  -72.05843     78.000     77.392    14.0715    35.2905      8.030     0.0426 9.3552e+04  1026.7438    14.0602    30.7706     7.4558    227.005    8.26219  251.55505     90.241 0.0000e+00
   39.33258  -72.05843     79.000     78.384    14.1245    35.3083      8.032     0.0347 -7.054e+02  1026.7503    14.1131    30.7717     7.4365    226.411    8.24348  250.98122     90.211 0.0000e+00
   39.33259  -72.05841     80.000     79.376    14.2214    35.3590      8.030     0.0347 5.0640e-11  1026.7735    14.2097    30.7886     7.3711    224.418    8.22228  250.33182     89.647 0.0000e+00
   39.33258  -72.05842     81.000     80.369    14.3163    35.4049      8.028    -0.0119 5.0640e-11  1026.7927    14.3044    30.8014     7.2942    222.073    8.17804  248.98099     89.193 0.0000e+00
