CalculateIndicators/WaterTemperature/Data/CTD_NYOS/20231004_C10.cnv
* Sea-Bird SBE 9 Data File:
* FileName = C:\Seabird 9 CTD\Data\2023\202309_offshore\20231004_C10.hex
* Software Version Seasave V 7.23.2
* Temperature SN = 4590
* Conductivity SN = 3228
* Number of Bytes Per Scan = 44
* Number of Voltage Words = 5
* Number of Scans Averaged by the Deck Unit = 1
* NMEA Latitude = 39 19.31 N
* NMEA Longitude = 072 05.19 W
* NMEA UTC (Time) = Oct 04 2023  03:26:22
* NMEA baud rate = 4800
** Ship: seawolf
** Station: 9.7
** Operator: TCM
# nquan = 18
# nvalues = 17562                       
# units = specified
# name 0 = latitude: Latitude [deg]
# name 1 = longitude: Longitude [deg]
# name 2 = prDM: Pressure, Digiquartz [db]
# name 3 = depSM: Depth [salt water, m]
# name 4 = t090C: Temperature [ITS-90, deg C]
# name 5 = sal00: Salinity, Practical [PSU]
# name 6 = ph: pH
# name 7 = flECO-AFL: Fluorescence, WET Labs ECO-AFL/FL [mg/m^3]
# name 8 = cpar: CPAR/Corrected Irradiance [%]
# name 9 = density00: Density [density, kg/m^3]
# name 10 = potemp090C: Potential Temperature [ITS-90, deg C]
# name 11 = sigma-é00: Density [sigma-theta, kg/m^3]
# name 12 = sbeox0Mg/L: Oxygen, SBE 43 [mg/l]
# name 13 = sbox0Mm/Kg: Oxygen, SBE 43 [umol/kg]
# name 14 = oxsolMg/L: Oxygen Saturation, Garcia & Gordon [mg/l]
# name 15 = oxsolMm/Kg: Oxygen Saturation, Garcia & Gordon [umol/kg]
# name 16 = sbeox0PS: Oxygen, SBE 43 [% saturation]
# name 17 = flag:  0.000e+00
# span 0 =   39.32040,   39.32190       
# span 1 =  -72.08818,  -72.08660       
# span 2 =      2.088,    101.591       
# span 3 =      2.072,    100.794       
# span 4 =    14.3892,    23.2316       
# span 5 =    34.1329,    35.9096       
# span 6 =      7.848,      8.074       
# span 7 =    -0.0927,     0.4849       
# span 8 = 5.0640e-11, 9.9999e+04       
# span 9 =  1024.0665,  1027.1412       
# span 10 =    14.3742,    23.2306      
# span 11 =    24.0374,    26.6933      
# span 12 =     4.8780,     6.7656      
# span 13 =    148.485,    206.270      
# span 14 =    6.96926,    8.22708      
# span 15 =  212.67168,  250.59505      
# span 16 =     60.468,     94.726      
# span 17 = 0.0000e+00, 0.0000e+00      
# interval = seconds: 0.0416667
# start_time = Oct 04 2023 03:26:23 [System UTC, first data scan.]
# bad_flag = -9.990e-29
*END*
[from data line 11257]
   39.32106  -72.08756     51.739     51.340    14.6835    34.8613      7.863     0.2162 -9.990e-29  1026.1719    14.6758    25.9357     5.7127    174.019    8.18474  249.32279     69.797 0.0000e+00
   39.32106  -72.08756     51.728     51.329    14.6712    34.8490      7.863     0.2162 -9.990e-29  1026.1551    14.6635    25.9294     5.7194    174.223    8.18397  249.29921     69.885 0.0000e+00
   39.32106  -72.08756     51.698     51.299    14.6512    34.8362      7.863     0.2162 -9.990e-29  1026.1474    14.6435    25.9233     5.7258    174.418    8.18256  249.25576     69.975 0.0000e+00
   39.32106  -72.08756     51.668     51.269    14.6322    34.8362      7.864     0.2162 -9.990e-29  1026.1486    14.6245    25.9233     5.7324    174.621    8.18055  249.19551     70.074 0.0000e+00
   39.32106  -72.08756     51.647     51.248    14.6170    34.8362      7.864     0.2162 -9.990e-29  1026.1547    14.6093    25.9285     5.7339    174.667    8.17885  249.14414     70.107 0.0000e+00
   39.32106  -72.08756     51.611     51.212    14.6058    34.8414      7.864     0.2162 -9.990e-29  1026.1642    14.5982    25.9366     5.7397    174.844    8.17608  249.06035     70.202 0.0000e+00
   39.32106  -72.08756     51.586     51.188    14.5991    34.8522      7.864     0.2162 -9.990e-29  1026.1721    14.5915    25.9464     5.7451    175.009    8.17251  248.95492     70.297 0.0000e+00
   39.32106  -72.08756     51.556     51.158    14.5971    34.8648      7.864     0.2162 -9.990e-29  1026.1868    14.5895    25.9566     5.7512    175.199    8.16996  248.88069     70.395 0.0000e+00
   39.32106  -72.08756     51.525     51.127    14.6012    34.8719      7.864     0.2162 -9.990e-29  1026.1943    14.5935    25.9627     5.7541    175.289    8.16877  248.84740     70.440 0.0000e+00
   39.32106  -72.08756     51.505     51.107    14.6043    34.8719      7.864     0.2162 -9.990e-29  1026.1908    14.5966    25.9630     5.7666    175.671    8.16844  248.83822     70.596 0.0000e+00
   39.32106  -72.08756     51.463     51.066    14.6056    34.8727      7.864     0.2028 -9.990e-29  1026.1875    14.5980    25.9607     5.7701    175.777    8.16780  248.82044     70.644 0.0000e+00
   39.32106  -72.08756     51.443     51.045    14.6065    34.8727      7.864     0.1894 -9.990e-29  1026.1842    14.5989    25.9593     5.7779    176.019    8.16779  248.82328     70.740 0.0000e+00
   39.32106  -72.08756     51.412     51.015    14.6068    34.8727      7.864     0.1759 -9.990e-29  1026.1855    14.5992    25.9609     5.7820    176.144    8.16857  248.84894     70.783 0.0000e+00
   39.32106  -72.08756     51.382     50.985    14.6088    34.8804      7.864     0.1759 -9.990e-29  1026.1913    14.6012    25.9666     5.7908    176.409    8.16952  248.87467     70.883 0.0000e+00
   39.32106  -72.08756     51.351     50.955    14.6110    34.8833      7.864     0.1759 -9.990e-29  1026.2032    14.6034    25.9736     5.7981    176.628    8.16774  248.81615     70.987 0.0000e+00
   39.32106  -72.08756     51.321     50.925    14.6135    34.8833      7.864     0.1759 -9.990e-29  1026.2086    14.6060    25.9750     5.8041    176.811    8.16437  248.71351     71.090 0.0000e+00
   39.32106  -72.08756     51.280     50.884    14.6165    34.8833      7.864     0.1759 -9.990e-29  1026.1949    14.6089    25.9673     5.8104    177.005    8.16143  248.62652     71.193 0.0000e+00
   39.32106  -72.08756     51.259     50.863    14.6178    34.8704      7.864     0.1625 -9.990e-29  1026.1783    14.6102    25.9572     5.8176    177.227    8.15978  248.57980     71.296 0.0000e+00
   39.32102  -72.08760     51.208     50.812    14.6155    34.8704      7.864     0.1759 -9.990e-29  1026.1745    14.6079    25.9533     5.8263    177.494    8.16002  248.59065     71.400 0.0000e+00
   39.32102  -72.08760     51.161     50.766    14.6142    34.8704      7.864     0.1759 -9.990e-29  1026.1808    14.6067    25.9573     5.8354    177.775    8.16102  248.62279     71.504 0.0000e+00
   39.32102  -72.08760     51.157     50.762    14.6132    34.8809      7.864     0.1759 -9.990e-29  1026.1909    14.6057    25.9658     5.8397    177.902    8.16201  248.65071     71.547 0.0000e+00
   39.32102  -72.08760     51.106     50.711    14.6144    34.8936      7.864     0.1759 -9.990e-29  1026.2015    14.6068    25.9754     5.8520    178.278    8.16152  248.63625     71.702 0.0000e+00
   39.32102  -72.08760     51.066     50.671    14.6177    34.9023      7.864     0.1759 -9.990e-29  1026.2112    14.6101    25.9829     5.8553    178.379    8.16172  248.64317     71.741 0.0000e+00
   39.32102  -72.08760     51.034     50.640    14.6230    34.9023      7.864     0.1759 -9.990e-29  1026.2144    14.6155    25.9848     5.8638    178.639    8.16233  248.66213     71.840 0.0000e+00
   39.32102  -72.08760     51.003     50.610    14.6289    34.9023      7.864     0.1759 -9.990e-29  1026.2073    14.6214    25.9792     5.8723    178.896    8.16300  248.68152     71.938 0.0000e+00
   39.32102  -72.08760     50.952     50.559    14.6344    34.8894      7.864     0.1759 -9.990e-29  1026.1933    14.6268    25.9681     5.8852    179.289    8.16320  248.68559     72.095 0.0000e+00
   39.32102  -72.08760     50.922     50.529    14.6391    34.8740      7.863     0.1759 -9.990e-29  1026.1794    14.6316    25.9549     5.8881    179.375    8.16289  248.67519     72.132 0.0000e+00
   39.32102  -72.08760     50.871     50.478    14.6444    34.8590      7.859     0.1759 -9.990e-29  1026.1657    14.6368    25.9422     5.8948    179.578    8.16199  248.64612     72.222 0.0000e+00
   39.32102  -72.08760     50.834     50.441    14.6513    34.8470      7.863     0.1759 -9.990e-29  1026.1534    14.6438    25.9316     5.9002    179.741    8.15978  248.57454     72.309 0.0000e+00
   39.32102  -72.08760     50.799     50.407    14.6581    34.8395      7.863     0.1759 -9.990e-29  1026.1468    14.6506    25.9245     5.9054    179.898    8.15687  248.48587     72.398 0.0000e+00
   39.32102  -72.08760     50.759     50.367    14.6628    34.8357      7.863     0.1759 -9.990e-29  1026.1437    14.6552    25.9205     5.9104    180.051    8.15413  248.40321     72.483 0.0000e+00
   39.32102  -72.08760     50.729     50.337    14.6669    34.8337      7.863     0.1759 -9.990e-29  1026.1413    14.6594    25.9181     5.9156    180.211    8.15134  248.31753     72.573 0.0000e+00
   39.32102  -72.08760     50.667     50.275    14.6695    34.8337      7.863     0.1759 -9.990e-29  1026.1398    14.6619    25.9167     5.9194    180.325    8.14769  248.20801     72.651 0.0000e+00
   39.32102  -72.08760     50.636     50.245    14.6722    34.8337      7.863     0.1759 -9.990e-29  1026.1389    14.6647    25.9161     5.9233    180.446    8.14404  248.10033     72.731 0.0000e+00
   39.32102  -72.08760     50.585     50.194    14.6751    34.8341      7.863     0.1759 -9.990e-29  1026.1389    14.6676    25.9164     5.9222    180.418    8.14082  248.00630     72.747 0.0000e+00
   39.32102  -72.08760     50.548     50.157    14.6786    34.8341      7.863     0.1894 -9.990e-29  1026.1409    14.6711    25.9171     5.9264    180.548    8.13826  247.93263     72.821 0.0000e+00
   39.32102  -72.08760     50.494     50.104    14.6825    34.8341      7.863     0.1894 -9.990e-29  1026.1409    14.6750    25.9162     5.9358    180.838    8.13650  247.88303     72.953 0.0000e+00
   39.32102  -72.08760     50.462     50.072    14.6857    34.8322      7.863     0.1894 -9.990e-29  1026.1356    14.6782    25.9127     5.9371    180.883    8.13608  247.87697     72.973 0.0000e+00
   39.32102  -72.08760     50.411     50.022    14.6893    34.8274      7.863     0.1894 -9.990e-29  1026.1296    14.6818    25.9082     5.9491    181.256    8.13785  247.94062     73.105 0.0000e+00
   39.32102  -72.08760     50.360     49.971    14.6938    34.8272      7.863     0.1894 -9.990e-29  1026.1256    14.6863    25.9050     5.9527    181.368    8.14108  248.04325     73.120 0.0000e+00
   39.32102  -72.08760     50.313     49.925    14.6986    34.8272      7.863     0.1894 -9.990e-29  1026.1250    14.6911    25.9041     5.9616    181.637    8.14501  248.16163     73.193 0.0000e+00
   39.32102  -72.08760     50.279     49.890    14.7032    34.8272      7.863     0.1894 -9.990e-29  1026.1263    14.6957    25.9051     5.9658    181.763    8.14905  248.28174     73.208 0.0000e+00
   39.32106  -72.08756     50.227     49.840    14.7061    34.8290      7.863     0.1894 -9.990e-29  1026.1292    14.6986    25.9067     5.9794    182.177    8.15286  248.39472     73.342 0.0000e+00
   39.32106  -72.08756     50.187     49.800    14.7093    34.8290      7.863     0.1894 5.0640e-11  1026.1302    14.7018    25.9064     5.9879    182.430    8.15613  248.49009     73.415 0.0000e+00
   39.32106  -72.08756     50.146     49.759    14.7188    34.8290      7.863     0.1894 5.0640e-11  1026.1248    14.7114    25.9027     5.9961    182.679    8.15902  248.57415     73.491 0.0000e+00
   39.32106  -72.08756     50.098     49.711    14.7319    34.8245      7.863     0.1894 5.0640e-11  1026.1175    14.7244    25.8969     6.0038    182.910    8.16167  248.65259     73.561 0.0000e+00
   39.32106  -72.08756     50.044     49.657    14.7443    34.8204      7.863     0.1894 5.0640e-11  1026.1104    14.7368    25.8915     6.0064    182.988    8.16407  248.72308     73.571 0.0000e+00
   39.32106  -72.08756     50.013     49.627    14.7492    34.8185      7.863     0.1894 5.0640e-11  1026.1080    14.7417    25.8883     6.0133    183.196    8.16605  248.77898     73.638 0.0000e+00
   39.32106  -72.08756     49.962     49.577    14.7514    34.8185      7.863     0.1894 5.0640e-11  1026.1066    14.7439    25.8869     6.0190    183.366    8.16703  248.80377     73.699 0.0000e+00
   39.32106  -72.08756     49.925     49.540    14.7558    34.8185      7.868     0.1894 5.0640e-11  1026.1062    14.7484    25.8866     6.0236    183.499    8.16636  248.77645     73.761 0.0000e+00
   39.32106  -72.08756     49.870     49.485    14.7631    34.8202      7.868     0.1894 5.0640e-11  1026.1078    14.7557    25.8862     6.0272    183.607    8.16450  248.71555     73.822 0.0000e+00
   39.32106  -72.08756     49.830     49.445    14.7759    34.8202      7.863     0.1894 5.0640e-11  1026.1037    14.7684    25.8844     6.0311    183.729    8.16300  248.67380     73.884 0.0000e+00
   39.32106  -72.08756     49.788     49.404    14.7859    34.8202      7.868     0.1894 5.0640e-11  1026.1022    14.7785    25.8816     6.0403    184.011    8.16168  248.63589     74.008 0.0000e+00
   39.32106  -72.08756     49.740     49.356    14.8027    34.8183      7.868     0.1894 5.0640e-11  1026.0989    14.7953    25.8760     6.0451    184.160    8.16103  248.61895     74.073 0.0000e+00
   39.32106  -72.08756     49.707     49.323    14.8275    34.8106      7.868     0.1894 5.0640e-11  1026.0858    14.8201    25.8657     6.0510    184.344    8.16165  248.64511     74.139 0.0000e+00
   39.32106  -72.08756     49.667     49.283    14.8475    34.7994      7.868     0.1894 5.0640e-11  1026.0708    14.8400    25.8531     6.0526    184.393    8.16284  248.68185     74.148 0.0000e+00
   39.32106  -72.08756     49.635     49.252    14.8587    34.7893      7.867     0.1894 5.0640e-11  1026.0583    14.8513    25.8428     6.0588    184.579    8.16396  248.71339     74.214 0.0000e+00
   39.32106  -72.08756     49.577     49.194    14.8616    34.7817      7.867     0.1894 5.0640e-11  1026.0552    14.8542    25.8355     6.0586    184.571    8.16392  248.70655     74.212 0.0000e+00
   39.32106  -72.08756     49.544     49.162    14.8680    34.7732      7.867     0.1894 5.0640e-11  1026.0475    14.8606    25.8277     6.0620    184.670    8.16198  248.64291     74.271 0.0000e+00
   39.32106  -72.08756     49.514     49.131    14.8727    34.7678      7.867     0.2028 5.0640e-11  1026.0348    14.8653    25.8193     6.0640    184.732    8.15904  248.55261     74.323 0.0000e+00
   39.32106  -72.08756     49.475     49.093    14.8714    34.7678      7.867     0.2297 5.0640e-11  1026.0262    14.8640    25.8165     6.0667    184.815    8.15679  248.48685     74.376 0.0000e+00
   39.32106  -72.08756     49.431     49.049    14.8608    34.7678      7.872     0.2297 5.0640e-11  1026.0402    14.8534    25.8238     6.0649    184.762    8.15573  248.45999     74.363 0.0000e+00
   39.32106  -72.08756     49.400     49.019    14.8645    34.7812      7.867     0.2297 5.0640e-11  1026.0574    14.8571    25.8331     6.0684    184.875    8.15571  248.46404     74.407 0.0000e+00
   39.32106  -72.08756     49.360     48.979    14.8836    34.7812      7.867     0.2297 5.0640e-11  1026.0570    14.8762    25.8343     6.0729    185.013    8.15655  248.49265     74.454 0.0000e+00
   39.32106  -72.08756     49.342     48.962    14.9043    34.7812      7.872     0.2297 5.0640e-11  1026.0459    14.8969    25.8263     6.0778    185.164    8.15781  248.53231     74.503 0.0000e+00
   39.32106  -72.08756     49.298     48.918    14.9191    34.7688      7.872     0.2297 5.0640e-11  1026.0309    14.9117    25.8140     6.0825    185.305    8.15853  248.55155     74.554 0.0000e+00
   39.32100  -72.08760     49.289     48.908    14.9232    34.7557      7.872     0.2297 5.0640e-11  1026.0162    14.9158    25.8028     6.0865    185.421    8.15813  248.53267     74.606 0.0000e+00
   39.32100  -72.08760     49.240     48.860    14.9199    34.7491      7.872     0.2297 5.0640e-11  1026.0093    14.9126    25.7980     6.0855    185.390    8.15779  248.51932     74.598 0.0000e+00
   39.32100  -72.08760     49.228     48.848    14.9108    34.7491      7.872     0.2297 5.0640e-11  1026.0189    14.9034    25.7988     6.0945    185.665    8.15802  248.52965     74.705 0.0000e+00
   39.32100  -72.08760     49.196     48.816    14.9145    34.7490      7.872     0.2297 5.0640e-11  1026.0163    14.9071    25.7990     6.0931    185.621    8.15754  248.51312     74.693 0.0000e+00
   39.32100  -72.08760     49.168     48.789    14.9143    34.7491      7.872     0.2297 5.0640e-11  1026.0135    14.9069    25.7976     6.0956    185.695    8.15555  248.44693     74.742 0.0000e+00
   39.32100  -72.08760     49.145     48.766    14.9115    34.7491      7.872     0.2297 5.0640e-11  1026.0118    14.9041    25.7977     6.0915    185.568    8.15210  248.34017     74.723 0.0000e+00
   39.32100  -72.08760     49.115     48.736    14.9060    34.7500      7.872     0.2297 5.0640e-11  1026.0161    14.8987    25.8013     6.0919    185.582    8.14869  248.24024     74.759 0.0000e+00
   39.32100  -72.08760     49.108     48.729    14.9018    34.7565      7.872     0.2297 5.0640e-11  1026.0243    14.8945    25.8069     6.0937    185.644    8.14703  248.19923     74.796 0.0000e+00
   39.32100  -72.08760     49.075     48.696    14.9023    34.7644      7.877     0.2297 5.0640e-11  1026.0277    14.8949    25.8130     6.0973    185.760    8.14668  248.19593     74.844 0.0000e+00
   39.32100  -72.08760     49.064     48.685    14.9047    34.7760      7.877     0.2297 5.0640e-11  1026.0349    14.8974    25.8213     6.0958    185.711    8.14628  248.18072     74.829 0.0000e+00
   39.32100  -72.08760     49.046     48.667    14.9111    34.7899      7.877     0.2297 5.0640e-11  1026.0514    14.9038    25.8302     6.1030    185.928    8.14493  248.13498     74.930 0.0000e+00
   39.32100  -72.08760     49.024     48.645    14.9271    34.7988      7.877     0.2297 5.0640e-11  1026.0526    14.9197    25.8342     6.1003    185.845    8.14286  248.07058     74.916 0.0000e+00
   39.32100  -72.08760     49.012     48.634    14.9441    34.8024      7.877     0.2297 5.0640e-11  1026.0487    14.9367    25.8339     6.1022    185.903    8.14081  248.00988     74.958 0.0000e+00
