CalculateIndicators/WaterTemperature/Data/CTD_NYOS/20231002_C01.cnv
* Sea-Bird SBE 9 Data File:
* FileName = C:\Seabird 9 CTD\Data\2023\202309_offshore\20231002_C01.hex
* Software Version Seasave V 7.23.2
* Temperature SN = 4590
* Conductivity SN = 3228
* Number of Bytes Per Scan = 44
* Number of Voltage Words = 5
* Number of Scans Averaged by the Deck Unit = 1
* NMEA Latitude = 40 57.68 N
* NMEA Longitude = 073 34.80 W
* NMEA UTC (Time) = Oct 02 2023  21:29:41
* NMEA baud rate = 4800
** Ship: seawolf
** Station: LIS-ARIG
** Operator: SW
# nquan = 18
# nvalues = 10505                       
# units = specified
# name 0 = latitude: Latitude [deg]
# name 1 = longitude: Longitude [deg]
# name 2 = prDM: Pressure, Digiquartz [db]
# name 3 = depSM: Depth [salt water, m]
# name 4 = t090C: Temperature [ITS-90, deg C]
# name 5 = sal00: Salinity, Practical [PSU]
# name 6 = ph: pH
# name 7 = flECO-AFL: Fluorescence, WET Labs ECO-AFL/FL [mg/m^3]
# name 8 = cpar: CPAR/Corrected Irradiance [%]
# name 9 = density00: Density [density, kg/m^3]
# name 10 = potemp090C: Potential Temperature [ITS-90, deg C]
# name 11 = sigma-é00: Density [sigma-theta, kg/m^3]
# name 12 = sbeox0Mg/L: Oxygen, SBE 43 [mg/l]
# name 13 = sbox0Mm/Kg: Oxygen, SBE 43 [umol/kg]
# name 14 = oxsolMg/L: Oxygen Saturation, Garcia & Gordon [mg/l]
# name 15 = oxsolMm/Kg: Oxygen Saturation, Garcia & Gordon [umol/kg]
# name 16 = sbeox0PS: Oxygen, SBE 43 [% saturation]
# name 17 = flag:  0.000e+00
# span 0 =   40.96132,   40.96226       
# span 1 =  -73.58006,  -73.57906       
# span 2 =      1.788,     13.480       
# span 3 =      1.774,     13.375       
# span 4 =    18.7983,    19.9451       
# span 5 =    25.7101,    26.2117       
# span 6 =      7.612,      7.857       
# span 7 =     0.4177,     3.4800       
# span 8 = 2.1034e-02, 4.8857e+01       
# span 9 =  1017.8032,  1018.4263       
# span 10 =    18.7961,    19.9446      
# span 11 =    17.7961,    18.3673      
# span 12 =     6.7649,     8.9303      
# span 13 =    207.596,    274.167      
# span 14 =    7.80927,    7.97269      
# span 15 =  239.75086,  244.69566      
# span 16 =     84.893,    114.329      
# span 17 = 0.0000e+00, 0.0000e+00      
# interval = seconds: 0.0416667
# start_time = Oct 02 2023 21:29:44 [System UTC, first data scan.]
# bad_flag = -9.990e-29
*END*
[from data line 8764]
   40.96208  -73.57932      2.324      2.306    19.9148    25.9661 -9.990e-29     2.9965 1.3482e+01  1017.9180    19.9144    17.9078     8.8990    273.204    7.81416  239.89937    113.883 -9.990e-29
   40.96208  -73.57932      2.334      2.316    19.9144    25.9661 -9.990e-29     2.9965 1.3482e+01  1017.9181    19.9140    17.9078     8.8989    273.202    7.81416  239.89922    113.882 -9.990e-29
   40.96208  -73.57932      2.334      2.316    19.9147    25.9661 -9.990e-29     2.9965 1.3354e+01  1017.9179    19.9142    17.9078     8.8988    273.198    7.81416  239.89930    113.880 -9.990e-29
   40.96208  -73.57932      2.315      2.297    19.9143    25.9661 -9.990e-29     2.9965 1.3020e+01  1017.9179    19.9139    17.9078     8.8987    273.195    7.81420  239.90047    113.878 -9.990e-29
   40.96208  -73.57932      2.324      2.306    19.9139    25.9661 -9.990e-29     2.9965 1.2947e+01  1017.9180    19.9135    17.9079     8.9035    273.343    7.81417  239.89958    113.941 -9.990e-29
   40.96208  -73.57932      2.324      2.306    19.9138    25.9663 -9.990e-29     2.9965 1.3020e+01  1017.9183    19.9134    17.9081     8.8990    273.205    7.81413  239.89827    113.884 -9.990e-29
   40.96208  -73.57932      2.324      2.306    19.9136    25.9665 -9.990e-29     2.9965 1.3339e+01  1017.9186    19.9132    17.9083     8.8992    273.209    7.81410  239.89719    113.886 -9.990e-29
   40.96208  -73.57932      2.315      2.297    19.9135    25.9665 -9.990e-29     2.9696 1.3452e+01  1017.9184    19.9131    17.9083     8.8992    273.210    7.81399  239.89407    113.888 -9.990e-29
   40.96208  -73.57932      2.315      2.297    19.9138    25.9666 -9.990e-29     2.7816 1.3265e+01  1017.9185    19.9134    17.9084     8.8988    273.197    7.81385  239.89007    113.884 -9.990e-29
   40.96208  -73.57932      2.315      2.297    19.9138    25.9666 -9.990e-29     2.7010 1.2204e+01  1017.9187    19.9134    17.9085     8.8987    273.195    7.81368  239.88510    113.886 -9.990e-29
   40.96208  -73.57932      2.315      2.297    19.9139    25.9666 -9.990e-29     2.7010 1.1766e+01  1017.9184    19.9135    17.9083     8.8987    273.196    7.81365  239.88423    113.887 -9.990e-29
   40.96208  -73.57932      2.304      2.286    19.9141    25.9664 -9.990e-29     2.7010 1.1733e+01  1017.9183    19.9137    17.9081     8.8989    273.200    7.81372  239.88624    113.888 -9.990e-29
   40.96208  -73.57932      2.304      2.286    19.9141    25.9659 -9.990e-29     2.7144 1.1700e+01  1017.9179    19.9137    17.9077     8.8986    273.192    7.81380  239.88826    113.883 -9.990e-29
   40.96208  -73.57932      2.315      2.297    19.9146    25.9653 -9.990e-29     2.7144 1.1700e+01  1017.9173    19.9142    17.9072     8.8986    273.192    7.81379  239.88789    113.883 -9.990e-29
   40.96208  -73.57932      2.294      2.276    19.9145    25.9648 -9.990e-29     2.7144 1.1700e+01  1017.9167    19.9141    17.9068     8.8986    273.191    7.81377  239.88684    113.883 -9.990e-29
   40.96216  -73.57918      2.305      2.287    19.9141    25.9648 -9.990e-29     2.7144 1.1407e+01  1017.9166    19.9137    17.9067     8.8984    273.187    7.81367  239.88383    113.883 -9.990e-29
   40.96216  -73.57918      2.294      2.276    19.9141    25.9648 -9.990e-29     2.7144 1.1217e+01  1017.9169    19.9137    17.9069     8.8982    273.181    7.81352  239.87935    113.883 -9.990e-29
   40.96216  -73.57918      2.294      2.276    19.9138    25.9649 -9.990e-29     2.7144 1.1236e+01  1017.9170    19.9134    17.9071     8.8974    273.157    7.81323  239.87093    113.876 -9.990e-29
   40.96216  -73.57918      2.294      2.276    19.9129    25.9651 -9.990e-29     2.7144 1.1331e+01  1017.9176    19.9125    17.9074     8.8966    273.132    7.81294  239.86235    113.870 -9.990e-29
   40.96216  -73.57918      2.285      2.267    19.9128    25.9653 -9.990e-29     2.7144 1.1427e+01  1017.9176    19.9124    17.9076     8.8961    273.115    7.81255  239.85094    113.869 -9.990e-29
   40.96216  -73.57918      2.285      2.267    19.9129    25.9654 -9.990e-29     2.7144 1.1427e+01  1017.9176    19.9125    17.9077     8.8956    273.101    7.81225  239.84216    113.867 -9.990e-29
   40.96216  -73.57918      2.294      2.276    19.9125    25.9656 -9.990e-29     2.7144 1.1395e+01  1017.9179    19.9121    17.9078     8.8999    273.233    7.81207  239.83735    113.924 -9.990e-29
   40.96216  -73.57918      2.285      2.267    19.9125    25.9658 -9.990e-29     2.7144 1.1363e+01  1017.9181    19.9121    17.9080     8.8954    273.096    7.81203  239.83638    113.868 -9.990e-29
   40.96216  -73.57918      2.285      2.267    19.9125    25.9659 -9.990e-29     2.7010 1.1363e+01  1017.9181    19.9121    17.9081     8.8952    273.091    7.81203  239.83662    113.865 -9.990e-29
   40.96216  -73.57918      2.285      2.267    19.9126    25.9662 -9.990e-29     2.7144 1.1655e+01  1017.9182    19.9122    17.9083     8.8996    273.225    7.81201  239.83607    113.922 -9.990e-29
   40.96216  -73.57918      2.275      2.257    19.9125    25.9666 -9.990e-29     2.7144 1.2225e+01  1017.9186    19.9121    17.9086     8.8951    273.088    7.81198  239.83552    113.865 -9.990e-29
   40.96216  -73.57918      2.285      2.267    19.9127    25.9669 -9.990e-29     2.7144 1.2399e+01  1017.9189    19.9123    17.9088     8.8949    273.083    7.81210  239.83894    113.861 -9.990e-29
   40.96216  -73.57918      2.285      2.267    19.9126    25.9670 -9.990e-29     2.7144 1.2434e+01  1017.9190    19.9122    17.9089     8.9000    273.238    7.81237  239.84703    113.922 -9.990e-29
   40.96216  -73.57918      2.274      2.256    19.9127    25.9671 -9.990e-29     2.7144 1.2525e+01  1017.9189    19.9123    17.9090     8.8958    273.109    7.81267  239.85575    113.864 -9.990e-29
   40.96216  -73.57918      2.285      2.267    19.9127    25.9672 -9.990e-29     2.7144 1.2583e+01  1017.9190    19.9123    17.9090     8.8958    273.109    7.81294  239.86390    113.860 -9.990e-29
   40.96216  -73.57918      2.275      2.257    19.9126    25.9672 -9.990e-29     2.7144 1.2869e+01  1017.9191    19.9122    17.9091     8.8957    273.106    7.81315  239.86988    113.856 -9.990e-29
   40.96216  -73.57918      2.274      2.256    19.9125    25.9672 -9.990e-29     2.7144 1.4265e+01  1017.9191    19.9121    17.9092     8.8956    273.103    7.81339  239.87701    113.851 -9.990e-29
   40.96216  -73.57918      2.274      2.256    19.9127    25.9672 -9.990e-29     2.7681 1.4922e+01  1017.9191    19.9123    17.9092     8.8955    273.099    7.81359  239.88304    113.847 -9.990e-29
   40.96216  -73.57918      2.274      2.256    19.9125    25.9672 -9.990e-29     2.8219 1.4797e+01  1017.9192    19.9121    17.9091     8.8999    273.233    7.81371  239.88660    113.901 -9.990e-29
   40.96216  -73.57918      2.274      2.256    19.9129    25.9671 -9.990e-29     2.8219 1.3348e+01  1017.9187    19.9125    17.9090     8.8954    273.094    7.81381  239.88963    113.842 -9.990e-29
   40.96216  -73.57918      2.285      2.267    19.9131    25.9670 -9.990e-29     2.8219 1.2654e+01  1017.9189    19.9127    17.9089     8.8950    273.083    7.81386  239.89129    113.836 -9.990e-29
   40.96216  -73.57918      2.264      2.246    19.9128    25.9670 -9.990e-29     2.8219 1.2676e+01  1017.9188    19.9124    17.9089     8.8991    273.210    7.81383  239.89023    113.890 -9.990e-29
   40.96216  -73.57918      2.285      2.267    19.9129    25.9669 -9.990e-29     2.8219 1.3676e+01  1017.9189    19.9125    17.9088     8.8991    273.208    7.81385  239.89093    113.888 -9.990e-29
   40.96216  -73.57918      2.264      2.246    19.9129    25.9667 -9.990e-29     2.8219 1.4346e+01  1017.9184    19.9125    17.9087     8.8995    273.221    7.81397  239.89428    113.892 -9.990e-29
   40.96208  -73.57932      2.285      2.267    19.9125    25.9667 -9.990e-29     2.8219 1.4427e+01  1017.9186    19.9121    17.9087     8.8996    273.223    7.81415  239.89955    113.891 -9.990e-29
   40.96208  -73.57932      2.275      2.257    19.9120    25.9667 -9.990e-29     2.8219 1.4042e+01  1017.9188    19.9116    17.9088     8.8954    273.095    7.81435  239.90529    113.835 -9.990e-29
   40.96208  -73.57932      2.274      2.256    19.9116    25.9670 -9.990e-29     2.8219 1.3744e+01  1017.9190    19.9112    17.9091     8.8955    273.096    7.81450  239.90977    113.833 -9.990e-29
   40.96208  -73.57932      2.274      2.256    19.9115    25.9672 -9.990e-29     2.8219 1.3705e+01  1017.9192    19.9111    17.9093     8.8954    273.094    7.81457  239.91171    113.831 -9.990e-29
   40.96208  -73.57932      2.274      2.256    19.9111    25.9675 -9.990e-29     2.8219 1.3514e+01  1017.9197    19.9108    17.9096     8.8948    273.075    7.81454  239.91065    113.824 -9.990e-29
   40.96208  -73.57932      2.274      2.256    19.9111    25.9677 -9.990e-29     2.8219 1.3288e+01  1017.9196    19.9107    17.9098     8.8945    273.068    7.81448  239.90883    113.821 -9.990e-29
   40.96208  -73.57932      2.275      2.257    19.9110    25.9679 -9.990e-29     2.8219 1.3213e+01  1017.9203    19.9106    17.9101     8.8943    273.060    7.81439  239.90623    113.819 -9.990e-29
   40.96208  -73.57932      2.274      2.256    19.9111    25.9679 -9.990e-29     2.8219 1.3125e+01  1017.9202    19.9108    17.9101     8.8945    273.066    7.81435  239.90500    113.823 -9.990e-29
   40.96208  -73.57932      2.285      2.267    19.9116    25.9680 -9.990e-29     2.8219 1.2905e+01  1017.9198    19.9112    17.9099     8.8989    273.201    7.81430  239.90345    113.880 -9.990e-29
   40.96208  -73.57932      2.274      2.256    19.9115    25.9680 -9.990e-29     2.8219 1.2833e+01  1017.9197    19.9111    17.9098     8.8991    273.207    7.81426  239.90223    113.883 -9.990e-29
   40.96208  -73.57932      2.285      2.267    19.9115    25.9680 -9.990e-29     2.8219 1.2905e+01  1017.9198    19.9111    17.9100     8.8993    273.213    7.81423  239.90168    113.885 -9.990e-29
   40.96208  -73.57932      2.285      2.267    19.9113    25.9683 -9.990e-29     2.8219 1.3037e+01  1017.9204    19.9109    17.9103     8.8994    273.218    7.81419  239.90027    113.888 -9.990e-29
   40.96208  -73.57932      2.274      2.256    19.9110    25.9686 -9.990e-29     2.8219 1.3097e+01  1017.9205    19.9106    17.9105     8.8950    273.081    7.81419  239.90027    113.831 -9.990e-29
   40.96208  -73.57932      2.285      2.267    19.9111    25.9688 -9.990e-29     2.8219 1.3171e+01  1017.9207    19.9107    17.9107     8.8948    273.075    7.81419  239.90030    113.829 -9.990e-29
   40.96208  -73.57932      2.285      2.267    19.9113    25.9688 -9.990e-29     2.8219 1.3508e+01  1017.9208    19.9109    17.9107     8.8949    273.080    7.81417  239.89986    113.831 -9.990e-29
   40.96208  -73.57932      2.285      2.267    19.9115    25.9688 -9.990e-29     2.8219 1.3685e+01  1017.9208    19.9111    17.9106     8.8993    273.214    7.81413  239.89840    113.888 -9.990e-29
   40.96208  -73.57932      2.285      2.267    19.9123    25.9686 -9.990e-29     2.8219 1.3748e+01  1017.9204    19.9119    17.9101     8.8948    273.077    7.81411  239.89793    113.831 -9.990e-29
   40.96208  -73.57932      2.294      2.276    19.9136    25.9679 -9.990e-29     2.9965 1.4125e+01  1017.9193    19.9132    17.9093     8.8946    273.070    7.81407  239.89674    113.828 -9.990e-29
   40.96208  -73.57932      2.294      2.276    19.9150    25.9675 -9.990e-29     3.3725 1.4285e+01  1017.9183    19.9146    17.9086     8.8943    273.062    7.81404  239.89605    113.825 -9.990e-29
   40.96208  -73.57932      2.285      2.267    19.9153    25.9675 -9.990e-29     3.4800 1.4285e+01  1017.9181    19.9149    17.9084     8.8987    273.196    7.81400  239.89507    113.881 -9.990e-29
   40.96208  -73.57932      2.294      2.276    19.9147    25.9675 -9.990e-29     3.4665 1.3565e+01  1017.9186    19.9143    17.9088     8.8989    273.202    7.81402  239.89564    113.884 -9.990e-29
   40.96208  -73.57932      2.294      2.276    19.9138    25.9684 -9.990e-29     3.4531 1.3092e+01  1017.9197    19.9134    17.9098     8.8944    273.065    7.81403  239.89591    113.826 -9.990e-29
   40.96208  -73.57932      2.294      2.276    19.9134    25.9696 -9.990e-29     3.4397 1.3055e+01  1017.9209    19.9130    17.9107     8.8988    273.200    7.81407  239.89686    113.882 -9.990e-29
   40.96208  -73.57932      2.294      2.276    19.9132    25.9699 -9.990e-29     3.4531 1.3129e+01  1017.9217    19.9128    17.9112     8.8944    273.064    7.81412  239.89841    113.825 -9.990e-29
   40.96216  -73.57918      2.294      2.276    19.9139    25.9699 -9.990e-29     3.4531 1.3166e+01  1017.9215    19.9135    17.9111     8.8942    273.057    7.81415  239.89930    113.821 -9.990e-29
   40.96216  -73.57918      2.304      2.286    19.9151    25.9699 -9.990e-29     3.4531 1.3203e+01  1017.9208    19.9147    17.9104     8.8985    273.190    7.81413  239.89879    113.877 -9.990e-29
   40.96216  -73.57918      2.294      2.277    19.9174    25.9689 -9.990e-29     3.4531 1.3315e+01  1017.9193    19.9170    17.9091     8.8987    273.195    7.81417  239.89995    113.879 -9.990e-29
   40.96216  -73.57918      2.304      2.286    19.9199    25.9674 -9.990e-29     3.4397 1.3428e+01  1017.9177    19.9195    17.9074     8.8988    273.200    7.81421  239.90126    113.880 -9.990e-29
   40.96216  -73.57918      2.304      2.286    19.9232    25.9656 -9.990e-29     3.4397 1.3442e+01  1017.9153    19.9228    17.9053     8.8989    273.203    7.81424  239.90229    113.881 -9.990e-29
   40.96216  -73.57918      2.304      2.286    19.9258    25.9638 -9.990e-29     3.4531 1.3404e+01  1017.9133    19.9254    17.9033     8.8990    273.204    7.81423  239.90174    113.882 -9.990e-29
   40.96216  -73.57918      2.304      2.286    19.9276    25.9620 -9.990e-29     3.4531 1.3367e+01  1017.9114    19.9272    17.9015     8.8990    273.206    7.81422  239.90164    113.882 -9.990e-29
   40.96216  -73.57918      2.294      2.277    19.9285    25.9604 -9.990e-29     3.4531 1.3329e+01  1017.9098    19.9281    17.8999     8.8949    273.079    7.81425  239.90253    113.829 -9.990e-29
   40.96216  -73.57918      2.304      2.286    19.9288    25.9591 -9.990e-29     3.4531 1.3556e+01  1017.9089    19.9284    17.8988     8.8991    273.210    7.81425  239.90247    113.884 -9.990e-29
   40.96216  -73.57918      2.294      2.277    19.9293    25.9580 -9.990e-29     3.4531 1.4046e+01  1017.9079    19.9289    17.8979     8.8992    273.212    7.81428  239.90337    113.884 -9.990e-29
   40.96216  -73.57918      2.304      2.286    19.9298    25.9580 -9.990e-29     3.4531 1.4165e+01  1017.9070    19.9294    17.8974     8.8996    273.224    7.81426  239.90286    113.890 -9.990e-29
   40.96216  -73.57918      2.294      2.277    19.9290    25.9580 -9.990e-29     3.4397 1.4180e+01  1017.9073    19.9286    17.8977     8.8997    273.226    7.81428  239.90351    113.890 -9.990e-29
   40.96216  -73.57918      2.304      2.286    19.9267    25.9585 -9.990e-29     3.4397 1.4340e+01  1017.9089    19.9263    17.8989     8.8997    273.225    7.81427  239.90313    113.890 -9.990e-29
   40.96216  -73.57918      2.294      2.277    19.9241    25.9598 -9.990e-29     3.4531 1.4356e+01  1017.9109    19.9237    17.9005     8.9000    273.235    7.81420  239.90117    113.895 -9.990e-29
   40.96216  -73.57918      2.294      2.277    19.9220    25.9609 -9.990e-29     3.4531 1.4195e+01  1017.9120    19.9216    17.9019     8.8999    273.233    7.81414  239.89957    113.895 -9.990e-29
   40.96216  -73.57918      2.304      2.286    19.9202    25.9619 -9.990e-29     3.4531 1.3010e+01  1017.9133    19.9198    17.9031     8.8998    273.231    7.81409  239.89794    113.895 -9.990e-29
   40.96216  -73.57918      2.285      2.267    19.9183    25.9626 -9.990e-29     3.4531 1.2485e+01  1017.9144    19.9179    17.9041     8.9045    273.373    7.81414  239.89954    113.953 -9.990e-29
