CalculateIndicators/WaterTemperature/Data/CTD_NYOS/20230517_C24.cnv
* Sea-Bird SBE 9 Data File:
* FileName = C:\Seabird 9 CTD\Data\2023\202305_offshore\20230517_C24.hex
* Software Version Seasave V 7.23.2
* Temperature SN = 4590
* Conductivity SN = 3228
* Number of Bytes Per Scan = 44
* Number of Voltage Words = 5
* Number of Scans Averaged by the Deck Unit = 1
* NMEA Latitude = 39 31.89 N
* NMEA Longitude = 071 44.65 W
* NMEA UTC (Time) = May 17 2023  23:56:29
* NMEA baud rate = 4800
** Ship: Seawolf
** Station: 10.7
** Operator: TDK
# nquan = 18
# nvalues = 17705                       
# units = specified
# name 0 = latitude: Latitude [deg]
# name 1 = longitude: Longitude [deg]
# name 2 = prDM: Pressure, Digiquartz [db]
# name 3 = depSM: Depth [salt water, m]
# name 4 = t090C: Temperature [ITS-90, deg C]
# name 5 = sal00: Salinity, Practical [PSU]
# name 6 = ph: pH
# name 7 = flECO-AFL: Fluorescence, WET Labs ECO-AFL/FL [mg/m^3]
# name 8 = cpar: CPAR/Corrected Irradiance [%]
# name 9 = density00: Density [density, kg/m^3]
# name 10 = potemp090C: Potential Temperature [ITS-90, deg C]
# name 11 = sigma-é00: Density [sigma-theta, kg/m^3]
# name 12 = sbeox0Mg/L: Oxygen, SBE 43 [mg/l]
# name 13 = sbox0Mm/Kg: Oxygen, SBE 43 [umol/kg]
# name 14 = oxsolMg/L: Oxygen Saturation, Garcia & Gordon [mg/l]
# name 15 = oxsolMm/Kg: Oxygen Saturation, Garcia & Gordon [umol/kg]
# name 16 = sbeox0PS: Oxygen, SBE 43 [% saturation]
# name 17 = flag:  0.000e+00
# span 0 =   39.53160,   39.53186       
# span 1 =  -71.74418,  -71.74216       
# span 2 =      1.758,    102.076       
# span 3 =      1.744,    101.273       
# span 4 =    12.5667,    15.1144       
# span 5 =    34.0688,    35.7189       
# span 6 =      8.041,      8.127       
# span 7 =    -0.1061,     0.6460       
# span 8 = 7.2342e-12, 9.9999e+04       
# span 9 =  1025.3431,  1026.9571       
# span 10 =    12.5629,    15.0995      
# span 11 =    25.3321,    26.5778      
# span 12 =     6.9554,     8.9515      
# span 13 =    211.747,    272.654      
# span 14 =    8.08096,    8.58515      
# span 15 =  246.01341,  261.51067      
# span 16 =     85.951,    105.052      
# span 17 = 0.0000e+00, 0.0000e+00      
# interval = seconds: 0.0416667
# start_time = May 17 2023 23:56:31 [System UTC, first data scan.]
# bad_flag = -9.990e-29
*END*
[from data line 17287]
   39.53186  -71.74228      2.364      2.346    14.6425    34.0751 -9.990e-29     0.0551 2.0322e+01  1025.3468    14.6422    25.3364     8.1930    249.707    8.24026  251.14841     99.426 -9.990e-29
   39.53186  -71.74228      2.375      2.357    14.6425    34.0751 -9.990e-29     0.0551 2.0322e+01  1025.3468    14.6422    25.3364     8.1981    249.864    8.24028  251.14895     99.489 -9.990e-29
   39.53186  -71.74228      2.375      2.357    14.6423    34.0751 -9.990e-29     0.0551 2.0322e+01  1025.3470    14.6420    25.3365     8.1983    249.868    8.24027  251.14884     99.490 -9.990e-29
   39.53186  -71.74228      2.375      2.357    14.6423    34.0751 -9.990e-29     0.0551 2.0385e+01  1025.3472    14.6420    25.3365     8.1939    249.736    8.24028  251.14904     99.437 -9.990e-29
   39.53186  -71.74228      2.385      2.366    14.6427    34.0752 -9.990e-29     0.0551 2.0639e+01  1025.3466    14.6423    25.3363     8.1990    249.892    8.24023  251.14767     99.500 -9.990e-29
   39.53186  -71.74228      2.375      2.357    14.6423    34.0752 -9.990e-29     0.0551 2.1485e+01  1025.3469    14.6420    25.3363     8.1942    249.744    8.24025  251.14804     99.441 -9.990e-29
   39.53186  -71.74228      2.386      2.368    14.6425    34.0751 -9.990e-29     0.0551 2.1752e+01  1025.3469    14.6422    25.3364     8.1944    249.750    8.24026  251.14847     99.443 -9.990e-29
   39.53186  -71.74228      2.396      2.377    14.6423    34.0751 -9.990e-29     0.0551 2.1618e+01  1025.3472    14.6420    25.3365     8.1990    249.891    8.24028  251.14905     99.499 -9.990e-29
   39.53186  -71.74228      2.385      2.366    14.6425    34.0751 -9.990e-29     0.0551 2.0768e+01  1025.3467    14.6422    25.3364     8.1991    249.895    8.24026  251.14859     99.501 -9.990e-29
   39.53186  -71.74228      2.396      2.377    14.6423    34.0750 -9.990e-29     0.0551 2.0385e+01  1025.3469    14.6420    25.3363     8.1943    249.747    8.24029  251.14960     99.442 -9.990e-29
   39.53186  -71.74228      2.385      2.366    14.6423    34.0750 -9.990e-29     0.0551 2.0385e+01  1025.3468    14.6420    25.3363     8.1944    249.752    8.24032  251.15030     99.443 -9.990e-29
   39.53186  -71.74228      2.385      2.366    14.6422    34.0749 -9.990e-29     0.0551 2.0197e+01  1025.3469    14.6418    25.3363     8.1946    249.757    8.24031  251.14998     99.445 -9.990e-29
   39.53186  -71.74228      2.396      2.377    14.6425    34.0748 -9.990e-29     0.0551 2.0134e+01  1025.3467    14.6422    25.3362     8.1942    249.744    8.24028  251.14918     99.441 -9.990e-29
   39.53186  -71.74228      2.375      2.357    14.6423    34.0748 -9.990e-29     0.0685 2.0072e+01  1025.3467    14.6420    25.3362     8.1938    249.734    8.24029  251.14945     99.436 -9.990e-29
   39.53186  -71.74228      2.385      2.366    14.6422    34.0748 -9.990e-29     0.0551 2.1287e+01  1025.3467    14.6418    25.3362     8.1934    249.722    8.24029  251.14951     99.431 -9.990e-29
   39.53186  -71.74228      2.385      2.366    14.6418    34.0749 -9.990e-29     0.0551 2.2225e+01  1025.3468    14.6415    25.3363     8.1981    249.862    8.24027  251.14883     99.488 -9.990e-29
   39.53186  -71.74228      2.364      2.346    14.6415    34.0750 -9.990e-29     0.0551 2.2294e+01  1025.3470    14.6411    25.3364     8.1988    249.884    8.24028  251.14920     99.496 -9.990e-29
   39.53186  -71.74228      2.375      2.357    14.6417    34.0751 -9.990e-29     0.0551 2.1485e+01  1025.3470    14.6413    25.3366     8.1989    249.889    8.24030  251.14979     99.498 -9.990e-29
   39.53186  -71.74228      2.354      2.336    14.6415    34.0752 -9.990e-29     0.0551 2.0703e+01  1025.3471    14.6411    25.3367     8.1991    249.894    8.24034  251.15082     99.499 -9.990e-29
   39.53186  -71.74228      2.364      2.346    14.6413    34.0752 -9.990e-29     0.0551 2.0576e+01  1025.3471    14.6410    25.3367     8.1947    249.761    8.24032  251.15035     99.447 -9.990e-29
   39.53186  -71.74228      2.345      2.327    14.6411    34.0752 -9.990e-29     0.0551 2.0197e+01  1025.3472    14.6408    25.3367     8.1943    249.749    8.24035  251.15119     99.442 -9.990e-29
   39.53186  -71.74228      2.335      2.317    14.6413    34.0752 -9.990e-29     0.0551 1.9701e+01  1025.3470    14.6410    25.3367     8.1939    249.737    8.24036  251.15169     99.437 -9.990e-29
   39.53186  -71.74228      2.324      2.306    14.6413    34.0753 -9.990e-29     0.0416 1.9579e+01  1025.3469    14.6410    25.3367     8.1991    249.894    8.24037  251.15185     99.499 -9.990e-29
   39.53186  -71.74228      2.303      2.286    14.6411    34.0753 -9.990e-29     0.0416 1.9824e+01  1025.3470    14.6408    25.3367     8.1998    249.915    8.24040  251.15269     99.507 -9.990e-29
   39.53186  -71.74228      2.303      2.286    14.6413    34.0753 -9.990e-29     0.0416 2.0197e+01  1025.3470    14.6410    25.3367     8.1949    249.766    8.24038  251.15230     99.448 -9.990e-29
   39.53186  -71.74228      2.273      2.256    14.6415    34.0752 -9.990e-29     0.0416 2.0385e+01  1025.3466    14.6412    25.3366     8.1945    249.754    8.24040  251.15289     99.443 -9.990e-29
   39.53186  -71.74228      2.264      2.246    14.6417    34.0752 -9.990e-29     0.0416 2.0197e+01  1025.3465    14.6413    25.3366     8.1941    249.741    8.24042  251.15336     99.438 -9.990e-29
   39.53186  -71.74228      2.243      2.226    14.6415    34.0752 -9.990e-29     0.0416 1.9701e+01  1025.3467    14.6412    25.3366     8.1942    249.745    8.24040  251.15278     99.440 -9.990e-29
   39.53186  -71.74228      2.233      2.216    14.6417    34.0751 -9.990e-29     0.0416 1.9518e+01  1025.3463    14.6413    25.3365     8.1944    249.750    8.24040  251.15279     99.441 -9.990e-29
   39.53186  -71.74228      2.213      2.196    14.6417    34.0751 -9.990e-29     0.0416 1.9337e+01  1025.3463    14.6413    25.3365     8.1946    249.755    8.24039  251.15236     99.444 -9.990e-29
   39.53186  -71.74228      2.183      2.166    14.6417    34.0751 -9.990e-29     0.0416 1.8337e+01  1025.3463    14.6413    25.3364     8.1942    249.746    8.24044  251.15385     99.439 -9.990e-29
   39.53186  -71.74228      2.183      2.166    14.6422    34.0751 -9.990e-29     0.0416 1.7939e+01  1025.3458    14.6418    25.3364     8.1938    249.734    8.24039  251.15236     99.435 -9.990e-29
   39.53186  -71.74228      2.152      2.136    14.6417    34.0751 -9.990e-29     0.0416 1.7827e+01  1025.3460    14.6413    25.3365     8.1935    249.723    8.24042  251.15326     99.431 -9.990e-29
   39.53186  -71.74228      2.141      2.125    14.6418    34.0752 -9.990e-29     0.0416 1.6686e+01  1025.3461    14.6415    25.3366     8.1932    249.714    8.24043  251.15382     99.427 -9.990e-29
   39.53186  -71.74228      2.122      2.106    14.6417    34.0752 -9.990e-29     0.0416 1.6114e+01  1025.3461    14.6413    25.3366     8.1928    249.701    8.24039  251.15247     99.422 -9.990e-29
   39.53186  -71.74228      2.122      2.106    14.6420    34.0752 -9.990e-29     0.0416 1.6114e+01  1025.3457    14.6417    25.3366     8.1930    249.708    8.24042  251.15326     99.424 -9.990e-29
   39.53186  -71.74228      2.092      2.076    14.6417    34.0752 -9.990e-29     0.0416 1.8452e+01  1025.3459    14.6414    25.3366     8.1877    249.546    8.24042  251.15338     99.360 -9.990e-29
   39.53186  -71.74228      2.081      2.065    14.6418    34.0752 -9.990e-29     0.0416 2.0134e+01  1025.3457    14.6415    25.3366     8.1918    249.671    8.24039  251.15236     99.410 -9.990e-29
   39.53186  -71.74228      2.081      2.065    14.6418    34.0752 -9.990e-29     0.0416 2.0449e+01  1025.3458    14.6415    25.3366     8.1871    249.527    8.24042  251.15328     99.353 -9.990e-29
   39.53186  -71.74228      2.062      2.046    14.6420    34.0753 -9.990e-29     0.0416 2.0703e+01  1025.3457    14.6417    25.3367     8.1868    249.519    8.24040  251.15251     99.350 -9.990e-29
   39.53186  -71.74228      2.051      2.035    14.6418    34.0753 -9.990e-29     0.0416 2.1026e+01  1025.3460    14.6415    25.3367     8.1866    249.512    8.24038  251.15203     99.347 -9.990e-29
   39.53186  -71.74228      2.041      2.026    14.6420    34.0753 -9.990e-29     0.0416 2.1091e+01  1025.3455    14.6417    25.3366     8.1864    249.508    8.24038  251.15215     99.345 -9.990e-29
   39.53186  -71.74228      2.041      2.025    14.6418    34.0753 -9.990e-29     0.0416 1.9458e+01  1025.3457    14.6415    25.3366     8.1858    249.487    8.24038  251.15214     99.337 -9.990e-29
   39.53186  -71.74228      2.041      2.025    14.6418    34.0752 -9.990e-29     0.0416 1.7715e+01  1025.3456    14.6415    25.3366     8.1851    249.467    8.24035  251.15113     99.329 -9.990e-29
   39.53186  -71.74228      2.022      2.006    14.6418    34.0751 -9.990e-29     0.0416 1.7275e+01  1025.3455    14.6415    25.3365     8.1845    249.448    8.24037  251.15200     99.322 -9.990e-29
   39.53186  -71.74228      2.020      2.005    14.6420    34.0751 -9.990e-29     0.0551 1.7549e+01  1025.3451    14.6417    25.3364     8.1838    249.429    8.24034  251.15076     99.314 -9.990e-29
   39.53186  -71.74228      2.030      2.015    14.6418    34.0751 -9.990e-29     0.0551 1.7939e+01  1025.3456    14.6415    25.3365     8.1833    249.412    8.24038  251.15203     99.307 -9.990e-29
   39.53186  -71.74228      2.000      1.985    14.6420    34.0753 -9.990e-29     0.0551 1.8052e+01  1025.3453    14.6417    25.3366     8.1828    249.396    8.24038  251.15216     99.301 -9.990e-29
   39.53186  -71.74228      2.030      2.015    14.6418    34.0754 -9.990e-29     0.0551 1.7996e+01  1025.3458    14.6415    25.3367     8.1822    249.378    8.24036  251.15156     99.294 -9.990e-29
   39.53186  -71.74228      2.020      2.005    14.6418    34.0754 -9.990e-29     0.0551 1.7883e+01  1025.3456    14.6415    25.3367     8.1867    249.516    8.24037  251.15183     99.349 -9.990e-29
   39.53186  -71.74228      2.020      2.005    14.6418    34.0754 -9.990e-29     0.0551 1.7771e+01  1025.3456    14.6415    25.3367     8.1823    249.381    8.24038  251.15204     99.295 -9.990e-29
   39.53186  -71.74228      2.000      1.985    14.6418    34.0753 -9.990e-29     0.0551 1.7939e+01  1025.3454    14.6415    25.3366     8.1824    249.383    8.24036  251.15157     99.296 -9.990e-29
   39.53186  -71.74228      2.020      2.005    14.6422    34.0752 -9.990e-29     0.0551 1.8452e+01  1025.3453    14.6419    25.3365     8.1869    249.523    8.24038  251.15211     99.352 -9.990e-29
   39.53186  -71.74228      2.020      2.005    14.6420    34.0752 -9.990e-29     0.0551 1.8743e+01  1025.3456    14.6417    25.3365     8.1876    249.544    8.24038  251.15222     99.360 -9.990e-29
   39.53186  -71.74228      2.020      2.005    14.6420    34.0752 -9.990e-29     0.0551 1.8743e+01  1025.3454    14.6417    25.3365     8.1878    249.549    8.24041  251.15323     99.361 -9.990e-29
   39.53186  -71.74228      2.011      1.995    14.6418    34.0751 -9.990e-29     0.0551 1.8626e+01  1025.3455    14.6415    25.3365     8.1879    249.554    8.24043  251.15360     99.363 -9.990e-29
   39.53186  -71.74228      2.030      2.015    14.6420    34.0751 -9.990e-29     0.0551 1.8626e+01  1025.3454    14.6417    25.3364     8.1886    249.574    8.24039  251.15237     99.371 -9.990e-29
   39.53186  -71.74228      2.030      2.015    14.6418    34.0751 -9.990e-29     0.0551 1.8626e+01  1025.3453    14.6415    25.3364     8.1893    249.595    8.24040  251.15273     99.380 -9.990e-29
   39.53186  -71.74228      2.030      2.015    14.6417    34.0751 -9.990e-29     0.0551 1.9886e+01  1025.3454    14.6414    25.3365     8.1945    249.753    8.24038  251.15215     99.443 -9.990e-29
   39.53186  -71.74228      2.041      2.025    14.6417    34.0752 -9.990e-29     0.0551 2.0703e+01  1025.3456    14.6414    25.3365     8.1902    249.621    8.24038  251.15215     99.391 -9.990e-29
   39.53186  -71.74228      2.041      2.025    14.6418    34.0752 -9.990e-29     0.0551 2.0832e+01  1025.3455    14.6415    25.3366     8.1903    249.627    8.24040  251.15270     99.393 -9.990e-29
   39.53186  -71.74228      2.062      2.046    14.6417    34.0752 -9.990e-29     0.0551 2.1156e+01  1025.3459    14.6414    25.3366     8.1905    249.631    8.24041  251.15294     99.394 -9.990e-29
   39.53186  -71.74228      2.051      2.035    14.6418    34.0751 -9.990e-29     0.0551 2.1485e+01  1025.3454    14.6415    25.3365     8.1906    249.636    8.24040  251.15269     99.396 -9.990e-29
   39.53186  -71.74228      2.071      2.055    14.6420    34.0751 -9.990e-29     0.0551 2.1552e+01  1025.3454    14.6417    25.3364     8.1958    249.793    8.24039  251.15237     99.459 -9.990e-29
   39.53186  -71.74228      2.071      2.055    14.6418    34.0751 -9.990e-29     0.0551 2.2157e+01  1025.3457    14.6415    25.3365     8.1920    249.679    8.24042  251.15328     99.413 -9.990e-29
   39.53186  -71.74228      2.081      2.065    14.6417    34.0751 -9.990e-29     0.0551 2.2848e+01  1025.3459    14.6414    25.3366     8.1927    249.700    8.24039  251.15236     99.422 -9.990e-29
   39.53186  -71.74228      2.092      2.076    14.6415    34.0751 -9.990e-29     0.0551 2.2989e+01  1025.3459    14.6412    25.3366     8.1935    249.723    8.24040  251.15269     99.431 -9.990e-29
   39.53186  -71.74228      2.101      2.085    14.6417    34.0751 -9.990e-29     0.0551 2.2157e+01  1025.3457    14.6413    25.3366     8.1943    249.746    8.24041  251.15323     99.440 -9.990e-29
   39.53186  -71.74228      2.101      2.085    14.6413    34.0751 -9.990e-29     0.0551 2.0703e+01  1025.3462    14.6410    25.3366     8.1944    249.752    8.24038  251.15204     99.443 -9.990e-29
   39.53186  -71.74228      2.111      2.095    14.6415    34.0751 -9.990e-29     0.0551 2.0322e+01  1025.3456    14.6412    25.3365     8.1947    249.759    8.24040  251.15258     99.445 -9.990e-29
   39.53186  -71.74228      2.122      2.106    14.6413    34.0751 -9.990e-29     0.0416 2.0072e+01  1025.3460    14.6410    25.3366     8.1949    249.766    8.24040  251.15280     99.448 -9.990e-29
   39.53186  -71.74228      2.111      2.095    14.6410    34.0751 -9.990e-29     0.0416 1.9217e+01  1025.3464    14.6407    25.3367     8.1957    249.791    8.24042  251.15338     99.457 -9.990e-29
   39.53186  -71.74228      2.141      2.125    14.6413    34.0751 -9.990e-29     0.0416 1.8860e+01  1025.3458    14.6410    25.3366     8.1965    249.815    8.24041  251.15324     99.467 -9.990e-29
   39.53186  -71.74228      2.141      2.125    14.6411    34.0751 -9.990e-29     0.0416 1.8860e+01  1025.3460    14.6408    25.3366     8.1968    249.823    8.24041  251.15301     99.470 -9.990e-29
   39.53186  -71.74228      2.132      2.115    14.6410    34.0751 -9.990e-29     0.0416 1.8685e+01  1025.3462    14.6407    25.3366     8.1970    249.831    8.24040  251.15281     99.474 -9.990e-29
   39.53186  -71.74228      2.152      2.136    14.6411    34.0751 -9.990e-29     0.0416 1.8568e+01  1025.3461    14.6408    25.3366     8.2023    249.992    8.24041  251.15296     99.538 -9.990e-29
   39.53186  -71.74228      2.154      2.137    14.6411    34.0751 -9.990e-29     0.0416 1.8510e+01  1025.3461    14.6408    25.3367     8.1981    249.864    8.24042  251.15329     99.487 -9.990e-29
   39.53186  -71.74228      2.162      2.145    14.6411    34.0752 -9.990e-29     0.0416 1.8337e+01  1025.3463    14.6408    25.3368     8.1983    249.871    8.24040  251.15270     99.489 -9.990e-29
   39.53186  -71.74228      2.152      2.136    14.6408    34.0752 -9.990e-29     0.0416 1.8166e+01  1025.3464    14.6405    25.3368     8.2036    250.031    8.24041  251.15286     99.553 -9.990e-29
