CalculateIndicators/WaterTemperature/Data/CTD_NYOS/20230515_C03.cnv
* Sea-Bird SBE 9 Data File:
* FileName = C:\Seabird 9 CTD\Data\2023\202305_offshore\20230515_C03.hex
* Software Version Seasave V 7.23.2
* Temperature SN = 4590
* Conductivity SN = 3228
* Number of Bytes Per Scan = 44
* Number of Voltage Words = 5
* Number of Scans Averaged by the Deck Unit = 1
* NMEA Latitude = 40 17.89 N
* NMEA Longitude = 073 13.30 W
* NMEA UTC (Time) = May 15 2023  12:19:49
* NMEA baud rate = 4800
** Ship: Seawolf
** Station: 8.2
** Operator: TCM
# nquan = 18
# nvalues = 10901                       
# units = specified
# name 0 = latitude: Latitude [deg]
# name 1 = longitude: Longitude [deg]
# name 2 = prDM: Pressure, Digiquartz [db]
# name 3 = depSM: Depth [salt water, m]
# name 4 = t090C: Temperature [ITS-90, deg C]
# name 5 = sal00: Salinity, Practical [PSU]
# name 6 = ph: pH
# name 7 = flECO-AFL: Fluorescence, WET Labs ECO-AFL/FL [mg/m^3]
# name 8 = cpar: CPAR/Corrected Irradiance [%]
# name 9 = density00: Density [density, kg/m^3]
# name 10 = potemp090C: Potential Temperature [ITS-90, deg C]
# name 11 = sigma-é00: Density [sigma-theta, kg/m^3]
# name 12 = sbeox0Mg/L: Oxygen, SBE 43 [mg/l]
# name 13 = sbox0Mm/Kg: Oxygen, SBE 43 [umol/kg]
# name 14 = oxsolMg/L: Oxygen Saturation, Garcia & Gordon [mg/l]
# name 15 = oxsolMm/Kg: Oxygen Saturation, Garcia & Gordon [umol/kg]
# name 16 = sbeox0PS: Oxygen, SBE 43 [% saturation]
# name 17 = flag:  0.000e+00
# span 0 =   40.29692,   40.29818       
# span 1 =  -73.22186,  -73.22166       
# span 2 =      2.105,     32.728       
# span 3 =      2.089,     32.474       
# span 4 =     7.0899,    13.8549       
# span 5 =    30.8702,    32.5234       
# span 6 =      7.791,      8.039       
# span 7 =     0.1088,     1.9220       
# span 8 = 8.0626e-02, 3.5556e+01       
# span 9 =  1023.0399,  1025.5784       
# span 10 =     7.0870,    13.8545      
# span 11 =    23.0293,    25.4295      
# span 12 =     8.0131,     9.5978      
# span 13 =    244.279,    292.696      
# span 14 =    8.54018,    9.78861      
# span 15 =  260.87641,  298.31321      
# span 16 =     82.643,    106.187      
# span 17 = 0.0000e+00, 0.0000e+00      
# interval = seconds: 0.0416667
# start_time = May 15 2023 12:19:51 [System UTC, first data scan.]
# bad_flag = -9.990e-29
*END*
[from data line 8443]
   40.29732  -73.22184      7.168      7.113    13.7918    30.8809 -9.990e-29     0.6057 5.5372e+00  1023.0803    13.7908    23.0484     9.0269    275.741    8.54869  261.13216    105.594 -9.990e-29
   40.29732  -73.22184      7.168      7.113    13.7919    30.8809 -9.990e-29     0.6057 5.5528e+00  1023.0797    13.7909    23.0481     9.0274    275.756    8.54861  261.12975    105.601 -9.990e-29
   40.29732  -73.22184      7.141      7.086    13.7912    30.8809 -9.990e-29     0.6057 5.5372e+00  1023.0799    13.7903    23.0483     9.0280    275.773    8.54853  261.12733    105.609 0.0000e+00
   40.29732  -73.22184      7.119      7.064    13.7902    30.8811 -9.990e-29     0.6057 5.5528e+00  1023.0806    13.7892    23.0488     9.0280    275.772    8.54846  261.12545    105.609 0.0000e+00
   40.29732  -73.22184      7.108      7.053    13.7892    30.8817 -9.990e-29     0.6057 5.5471e+00  1023.0812    13.7882    23.0494     9.0332    275.934    8.54842  261.12423    105.672 0.0000e+00
   40.29732  -73.22184      7.090      7.035    13.7885    30.8822 -9.990e-29     0.6057 5.5627e+00  1023.0816    13.7876    23.0500     9.0345    275.973    8.54842  261.12433    105.686 0.0000e+00
   40.29732  -73.22184      7.068      7.013    13.7880    30.8829 -9.990e-29     0.6057 5.5784e+00  1023.0821    13.7871    23.0507     9.0353    275.995    8.54845  261.12519    105.695 0.0000e+00
   40.29732  -73.22184      7.049      6.994    13.7877    30.8836 -9.990e-29     0.6057 5.5941e+00  1023.0829    13.7867    23.0513     9.0366    276.036    8.54848  261.12626    105.710 0.0000e+00
   40.29732  -73.22184      7.027      6.972    13.7878    30.8841 -9.990e-29     0.6057 5.6516e+00  1023.0830    13.7869    23.0516     9.0374    276.061    8.54856  261.12835    105.719 0.0000e+00
   40.29732  -73.22184      7.017      6.963    13.7877    30.8843 -9.990e-29     0.6057 5.6675e+00  1023.0832    13.7867    23.0518     9.0382    276.084    8.54857  261.12877    105.727 0.0000e+00
   40.29732  -73.22184      6.999      6.945    13.7882    30.8845 -9.990e-29     0.5923 5.6835e+00  1023.0830    13.7872    23.0519     9.0389    276.106    8.54858  261.12918    105.736 0.0000e+00
   40.29732  -73.22184      6.976      6.922    13.7885    30.8845 -9.990e-29     0.5923 5.7803e+00  1023.0832    13.7876    23.0520     9.0449    276.289    8.54862  261.13027    105.805 0.0000e+00
   40.29732  -73.22184      6.948      6.895    13.7889    30.8845 -9.990e-29     0.5923 5.8353e+00  1023.0829    13.7879    23.0518     9.0462    276.331    8.54869  261.13235    105.820 0.0000e+00
   40.29732  -73.22184      6.936      6.882    13.7895    30.8845 -9.990e-29     0.5923 5.8353e+00  1023.0824    13.7886    23.0516     9.0422    276.209    8.54866  261.13130    105.774 0.0000e+00
   40.29732  -73.22184      6.915      6.862    13.7900    30.8844 -9.990e-29     0.5923 5.9346e+00  1023.0823    13.7891    23.0514     9.0429    276.229    8.54864  261.13079    105.782 0.0000e+00
   40.29732  -73.22184      6.897      6.844    13.7907    30.8842 -9.990e-29     0.5923 5.9743e+00  1023.0818    13.7898    23.0512     9.0435    276.246    8.54854  261.12772    105.790 0.0000e+00
   40.29732  -73.22184      6.875      6.822    13.7911    30.8842 -9.990e-29     0.5923 5.9805e+00  1023.0818    13.7901    23.0510     9.0493    276.425    8.54851  261.12693    105.859 0.0000e+00
   40.29732  -73.22184      6.856      6.803    13.7917    30.8841 -9.990e-29     0.5923 6.0249e+00  1023.0815    13.7908    23.0509     9.0453    276.301    8.54844  261.12484    105.812 0.0000e+00
   40.29732  -73.22184      6.834      6.781    13.7924    30.8841 -9.990e-29     0.5923 6.0589e+00  1023.0810    13.7915    23.0507     9.0505    276.461    8.54842  261.12406    105.873 0.0000e+00
   40.29732  -73.22184      6.815      6.762    13.7929    30.8841 -9.990e-29     0.5923 6.0589e+00  1023.0809    13.7920    23.0505     9.0458    276.317    8.54835  261.12198    105.819 0.0000e+00
   40.29732  -73.22184      6.796      6.743    13.7934    30.8840 -9.990e-29     0.5923 6.1275e+00  1023.0808    13.7925    23.0505     9.0464    276.334    8.54833  261.12131    105.826 0.0000e+00
   40.29732  -73.22184      6.774      6.721    13.7941    30.8840 -9.990e-29     0.5923 6.2097e+00  1023.0806    13.7932    23.0503     9.0515    276.492    8.54830  261.12031    105.887 0.0000e+00
   40.29732  -73.22184      6.765      6.713    13.7951    30.8839 -9.990e-29     0.5923 6.2161e+00  1023.0803    13.7942    23.0500     9.0519    276.503    8.54818  261.11674    105.893 0.0000e+00
   40.29732  -73.22184      6.734      6.682    13.7964    30.8835 -9.990e-29     0.5923 6.2512e+00  1023.0794    13.7955    23.0494     9.0528    276.530    8.54801  261.11169    105.905 0.0000e+00
   40.29714  -73.22184      6.713      6.661    13.7970    30.8831 -9.990e-29     0.5923 6.2799e+00  1023.0787    13.7961    23.0490     9.0536    276.555    8.54781  261.10561    105.917 -9.990e-29
   40.29714  -73.22184      6.715      6.663    13.7973    30.8829 -9.990e-29     0.5923 6.2670e+00  1023.0786    13.7964    23.0488     9.0536    276.557    8.54750  261.09650    105.921 -9.990e-29
   40.29714  -73.22184      6.672      6.620    13.7972    30.8829 -9.990e-29     0.5923 6.2318e+00  1023.0786    13.7962    23.0488     9.0485    276.401    8.54728  261.08964    105.864 0.0000e+00
   40.29714  -73.22184      6.664      6.612    13.7971    30.8827 -9.990e-29     0.5923 6.1621e+00  1023.0784    13.7962    23.0487     9.0488    276.409    8.54719  261.08695    105.869 0.0000e+00
   40.29714  -73.22184      6.642      6.590    13.7972    30.8827 -9.990e-29     0.5923 6.1511e+00  1023.0779    13.7962    23.0486     9.0485    276.399    8.54713  261.08517    105.866 0.0000e+00
   40.29714  -73.22184      6.633      6.582    13.7973    30.8827 -9.990e-29     0.5923 6.1511e+00  1023.0781    13.7964    23.0487     9.0533    276.548    8.54705  261.08312    105.923 0.0000e+00
   40.29714  -73.22184      6.611      6.560    13.7969    30.8830 -9.990e-29     0.5923 6.1166e+00  1023.0785    13.7960    23.0490     9.0484    276.397    8.54705  261.08322    105.866 0.0000e+00
   40.29714  -73.22184      6.594      6.543    13.7966    30.8830 -9.990e-29     0.5923 6.1166e+00  1023.0786    13.7957    23.0490     9.0481    276.388    8.54710  261.08478    105.861 0.0000e+00
   40.29714  -73.22184      6.561      6.510    13.7968    30.8830 -9.990e-29     0.5923 6.1229e+00  1023.0780    13.7959    23.0490     9.0530    276.537    8.54712  261.08558    105.918 -9.990e-29
   40.29714  -73.22184      6.561      6.510    13.7968    30.8830 -9.990e-29     0.5923 6.0715e+00  1023.0783    13.7959    23.0491     9.0531    276.540    8.54706  261.08354    105.920 -9.990e-29
   40.29714  -73.22184      6.533      6.483    13.7970    30.8830 -9.990e-29     0.5654 6.0544e+00  1023.0785    13.7961    23.0490     9.0531    276.540    8.54697  261.08032    105.922 0.0000e+00
   40.29714  -73.22184      6.511      6.461    13.7978    30.8828 -9.990e-29     0.5520 6.0777e+00  1023.0774    13.7969    23.0487     9.0529    276.535    8.54678  261.07450    105.922 0.0000e+00
   40.29714  -73.22184      6.501      6.451    13.7981    30.8826 -9.990e-29     0.5520 6.1638e+00  1023.0774    13.7973    23.0484     9.0475    276.369    8.54653  261.06699    105.861 0.0000e+00
   40.29714  -73.22184      6.481      6.431    13.7979    30.8826 -9.990e-29     0.5520 6.2051e+00  1023.0771    13.7970    23.0484     9.0465    276.341    8.54624  261.05823    105.854 0.0000e+00
   40.29714  -73.22184      6.462      6.412    13.7978    30.8825 -9.990e-29     0.5520 6.2290e+00  1023.0773    13.7969    23.0485     9.0456    276.313    8.54597  261.05017    105.847 0.0000e+00
   40.29714  -73.22184      6.440      6.390    13.7978    30.8826 -9.990e-29     0.5520 6.3708e+00  1023.0773    13.7969    23.0485     9.0447    276.286    8.54573  261.04314    105.839 0.0000e+00
   40.29714  -73.22184      6.431      6.382    13.7978    30.8826 -9.990e-29     0.5520 6.4362e+00  1023.0768    13.7969    23.0484     9.0439    276.260    8.54555  261.03792    105.831 0.0000e+00
   40.29714  -73.22184      6.409      6.360    13.7976    30.8827 -9.990e-29     0.5520 6.4543e+00  1023.0770    13.7968    23.0485     9.0431    276.237    8.54549  261.03636    105.823 0.0000e+00
   40.29714  -73.22184      6.389      6.340    13.7979    30.8831 -9.990e-29     0.5520 6.5944e+00  1023.0774    13.7971    23.0487     9.0423    276.212    8.54539  261.03327    105.815 0.0000e+00
   40.29714  -73.22184      6.371      6.322    13.7987    30.8833 -9.990e-29     0.5520 6.7067e+00  1023.0773    13.7978    23.0488     9.0416    276.191    8.54543  261.03478    105.806 0.0000e+00
   40.29714  -73.22184      6.359      6.310    13.7999    30.8833 -9.990e-29     0.5520 6.7445e+00  1023.0770    13.7990    23.0486     9.0408    276.167    8.54540  261.03377    105.798 0.0000e+00
   40.29714  -73.22184      6.350      6.301    13.8008    30.8833 -9.990e-29     0.5520 6.8522e+00  1023.0769    13.7999    23.0484     9.0349    275.985    8.54541  261.03425    105.728 0.0000e+00
   40.29714  -73.22184      6.319      6.270    13.8019    30.8830 -9.990e-29     0.5520 7.0082e+00  1023.0764    13.8010    23.0479     9.0388    276.104    8.54547  261.03613    105.772 0.0000e+00
   40.29714  -73.22184      6.309      6.260    13.8030    30.8823 -9.990e-29     0.5520 7.0550e+00  1023.0752    13.8021    23.0472     9.0380    276.081    8.54549  261.03656    105.763 0.0000e+00
   40.29730  -73.22184      6.288      6.240    13.8039    30.8817 -9.990e-29     0.5520 7.0154e+00  1023.0741    13.8030    23.0465     9.0371    276.055    8.54548  261.03632    105.754 0.0000e+00
   40.29730  -73.22184      6.269      6.221    13.8042    30.8815 -9.990e-29     0.5520 6.9565e+00  1023.0745    13.8033    23.0463     9.0312    275.872    8.54554  261.03805    105.683 0.0000e+00
   40.29730  -73.22184      6.257      6.209    13.8048    30.8813 -9.990e-29     0.5520 6.9369e+00  1023.0740    13.8039    23.0460     9.0350    275.990    8.54562  261.04043    105.727 0.0000e+00
   40.29730  -73.22184      6.228      6.180    13.8053    30.8809 -9.990e-29     0.5520 6.9565e+00  1023.0734    13.8044    23.0456     9.0342    275.965    8.54566  261.04184    105.717 -9.990e-29
   40.29730  -73.22184      6.227      6.179    13.8057    30.8806 -9.990e-29     0.5520 6.9833e+00  1023.0728    13.8048    23.0453     9.0333    275.939    8.54568  261.04238    105.706 -9.990e-29
   40.29730  -73.22184      6.198      6.150    13.8056    30.8804 -9.990e-29     0.5520 6.9906e+00  1023.0729    13.8048    23.0452     9.0330    275.928    8.54569  261.04246    105.703 0.0000e+00
   40.29730  -73.22184      6.177      6.129    13.8055    30.8803 -9.990e-29     0.5520 7.0300e+00  1023.0726    13.8047    23.0451     9.0328    275.923    8.54579  261.04573    105.699 0.0000e+00
   40.29730  -73.22184      6.158      6.110    13.8054    30.8803 -9.990e-29     0.5520 7.1170e+00  1023.0723    13.8046    23.0451     9.0325    275.914    8.54583  261.04702    105.695 -9.990e-29
   40.29730  -73.22184      6.156      6.109    13.8048    30.8803 -9.990e-29     0.5520 7.1571e+00  1023.0729    13.8040    23.0453     9.0323    275.906    8.54587  261.04814    105.692 -9.990e-29
   40.29730  -73.22184      6.128      6.080    13.8048    30.8803      8.030     0.5520 7.1698e+00  1023.0728    13.8039    23.0453     9.0321    275.900    8.54597  261.05129    105.688 0.0000e+00
   40.29730  -73.22184      6.106      6.059    13.8048    30.8803      8.030     0.5654 7.3744e+00  1023.0723    13.8040    23.0453     9.0320    275.897    8.54617  261.05751    105.684 0.0000e+00
   40.29730  -73.22184      6.097      6.050    13.8046    30.8805      8.030     0.5789 7.4578e+00  1023.0724    13.8037    23.0454     9.0319    275.893    8.54636  261.06313    105.681 0.0000e+00
   40.29730  -73.22184      6.075      6.029    13.8039    30.8809      8.030     0.5789 7.4866e+00  1023.0731    13.8031    23.0458     9.0323    275.907    8.54653  261.06793    105.684 0.0000e+00
   40.29730  -73.22184      6.056      6.009    13.8040    30.8809      8.030     0.5789 7.6570e+00  1023.0732    13.8032    23.0460     9.0275    275.761    8.54665  261.07157    105.627 0.0000e+00
   40.29730  -73.22184      6.034      5.988    13.8042    30.8809      8.030     0.5789 7.7954e+00  1023.0728    13.8034    23.0459     9.0321    275.901    8.54679  261.07567    105.678 0.0000e+00
   40.29730  -73.22184      6.026      5.979    13.8048    30.8809      8.030     0.5789 7.8036e+00  1023.0725    13.8040    23.0457     9.0319    275.895    8.54683  261.07692    105.676 0.0000e+00
   40.29730  -73.22184      6.004      5.958    13.8051    30.8809      8.030     0.5789 8.0262e+00  1023.0722    13.8043    23.0456     9.0317    275.889    8.54690  261.07897    105.673 0.0000e+00
   40.29730  -73.22184      5.975      5.929    13.8054    30.8809      8.030     0.5789 8.1943e+00  1023.0723    13.8045    23.0457     9.0322    275.905    8.54701  261.08242    105.677 0.0000e+00
   40.29730  -73.22184      5.954      5.909    13.8054    30.8811      8.030     0.5789 8.2492e+00  1023.0723    13.8046    23.0458     9.0321    275.899    8.54708  261.08420    105.674 0.0000e+00
   40.29730  -73.22184      5.945      5.899    13.8058    30.8813      8.030     0.5789 8.2578e+00  1023.0723    13.8050    23.0458     9.0326    275.914    8.54716  261.08677    105.679 0.0000e+00
   40.29730  -73.22184      5.923      5.877    13.8059    30.8813      8.030     0.5789 8.2810e+00  1023.0723    13.8051    23.0458     9.0324    275.909    8.54716  261.08671    105.677 0.0000e+00
   40.29730  -73.22184      5.905      5.859    13.8061    30.8814      8.030     0.5789 8.2897e+00  1023.0720    13.8053    23.0459     9.0322    275.904    8.54721  261.08817    105.675 0.0000e+00
   40.29730  -73.22184      5.873      5.828    13.8065    30.8814      8.030     0.5789 8.3600e+00  1023.0724    13.8057    23.0459     9.0327    275.919    8.54728  261.09006    105.679 0.0000e+00
   40.29730  -73.22184      5.854      5.809    13.8076    30.8814      8.030     0.5789 8.4546e+00  1023.0718    13.8068    23.0456     9.0333    275.935    8.54735  261.09215    105.685 0.0000e+00
   40.29714  -73.22184      5.843      5.798    13.8089    30.8812      8.030     0.5789 8.4695e+00  1023.0712    13.8081    23.0451     9.0337    275.949    8.54736  261.09262    105.690 0.0000e+00
   40.29714  -73.22184      5.813      5.768    13.8108    30.8808      8.030     0.5789 8.5805e+00  1023.0701    13.8101    23.0445     9.0342    275.965    8.54740  261.09370    105.696 0.0000e+00
   40.29714  -73.22184      5.781      5.737    13.8121    30.8805      8.030     0.5789 8.8751e+00  1023.0699    13.8113    23.0441     9.0347    275.981    8.54740  261.09374    105.702 0.0000e+00
   40.29714  -73.22184      5.773      5.729    13.8127    30.8802      8.030     0.5789 8.9503e+00  1023.0694    13.8119    23.0436     9.0346    275.975    8.54730  261.09077    105.701 0.0000e+00
   40.29714  -73.22184      5.741      5.697    13.8132    30.8797      8.030     0.5789 9.0516e+00  1023.0687    13.8125    23.0431     9.0345    275.974    8.54731  261.09109    105.700 0.0000e+00
   40.29714  -73.22184      5.711      5.667    13.8139    30.8791      8.030     0.5789 9.3887e+00  1023.0679    13.8131    23.0425     9.0345    275.973    8.54736  261.09255    105.699 0.0000e+00
   40.29714  -73.22184      5.702      5.658    13.8141    30.8787      8.030     0.5789 9.5117e+00  1023.0674    13.8133    23.0422     9.0351    275.990    8.54737  261.09271    105.706 0.0000e+00
