CalculateIndicators/WaterTemperature/Data/CTD_NYOS/20230517_C21.cnv
* Sea-Bird SBE 9 Data File:
* FileName = C:\Seabird 9 CTD\Data\2023\202305_offshore\20230517_C21.hex
* Software Version Seasave V 7.23.2
* Temperature SN = 4590
* Conductivity SN = 3228
* Number of Bytes Per Scan = 44
* Number of Voltage Words = 5
* Number of Scans Averaged by the Deck Unit = 1
* NMEA Latitude = 40 09.15 N
* NMEA Longitude = 072 11.21 W
* NMEA UTC (Time) = May 17 2023  14:32:34
* NMEA baud rate = 4800
** Ship: Seawolf
** Station: 10.4
** Operator: TCM
# nquan = 18
# nvalues = 14882                       
# units = specified
# name 0 = latitude: Latitude [deg]
# name 1 = longitude: Longitude [deg]
# name 2 = prDM: Pressure, Digiquartz [db]
# name 3 = depSM: Depth [salt water, m]
# name 4 = t090C: Temperature [ITS-90, deg C]
# name 5 = sal00: Salinity, Practical [PSU]
# name 6 = ph: pH
# name 7 = flECO-AFL: Fluorescence, WET Labs ECO-AFL/FL [mg/m^3]
# name 8 = cpar: CPAR/Corrected Irradiance [%]
# name 9 = density00: Density [density, kg/m^3]
# name 10 = potemp090C: Potential Temperature [ITS-90, deg C]
# name 11 = sigma-é00: Density [sigma-theta, kg/m^3]
# name 12 = sbeox0Mg/L: Oxygen, SBE 43 [mg/l]
# name 13 = sbox0Mm/Kg: Oxygen, SBE 43 [umol/kg]
# name 14 = oxsolMg/L: Oxygen Saturation, Garcia & Gordon [mg/l]
# name 15 = oxsolMm/Kg: Oxygen Saturation, Garcia & Gordon [umol/kg]
# name 16 = sbeox0PS: Oxygen, SBE 43 [% saturation]
# name 17 = flag:  0.000e+00
# span 0 =   40.14944,   40.15252       
# span 1 =  -72.19002,  -72.18682       
# span 2 =      1.976,     64.930       
# span 3 =      1.960,     64.422       
# span 4 =     6.3184,    13.3110       
# span 5 =    31.9648,    32.9723       
# span 6 =      7.869,      8.065       
# span 7 =     0.0954,     0.7400       
# span 8 = 5.3696e-04, 2.7457e+01       
# span 9 =  1023.9748,  1026.1530       
# span 10 =     6.3159,    13.3102      
# span 11 =    23.9814,    25.8554      
# span 12 =     8.3774,     9.6807      
# span 13 =    255.201,    294.966      
# span 14 =    8.57728,    9.95512      
# span 15 =  261.76468,  303.32313      
# span 16 =     85.190,    106.490      
# span 17 = 0.0000e+00, 0.0000e+00      
# interval = seconds: 0.0416667
# start_time = May 17 2023 14:32:37 [System UTC, first data scan.]
# bad_flag = -9.990e-29
*END*
[from data line 12865]
   40.14980  -72.18948     10.642     10.560    13.2909    31.9750 -9.990e-29     0.2700 4.7629e+00  1024.0411    13.2895    23.9936     8.6582    264.234    8.58054  261.86275    100.906 -9.990e-29
   40.14980  -72.18948     10.622     10.540    13.2912    31.9747 -9.990e-29     0.2700 4.8168e+00  1024.0405    13.2898    23.9933     8.6582    264.232    8.58056  261.86319    100.905 -9.990e-29
   40.14980  -72.18948     10.591     10.510    13.2906    31.9747 -9.990e-29     0.2700 4.8577e+00  1024.0404    13.2892    23.9933     8.6580    264.228    8.58051  261.86165    100.904 -9.990e-29
   40.14980  -72.18948     10.571     10.489    13.2902    31.9747 -9.990e-29     0.2700 4.8714e+00  1024.0407    13.2888    23.9934     8.6578    264.220    8.58043  261.85934    100.902 -9.990e-29
   40.14980  -72.18948     10.552     10.470    13.2898    31.9747 -9.990e-29     0.2700 4.9127e+00  1024.0405    13.2883    23.9936     8.6581    264.231    8.58038  261.85786    100.906 -9.990e-29
   40.14980  -72.18948     10.531     10.450    13.2894    31.9749 -9.990e-29     0.2700 4.9265e+00  1024.0407    13.2880    23.9938     8.6579    264.223    8.58037  261.85748    100.904 -9.990e-29
   40.14980  -72.18948     10.501     10.420    13.2889    31.9752 -9.990e-29     0.2700 4.9404e+00  1024.0407    13.2875    23.9941     8.6576    264.214    8.58035  261.85689    100.900 -9.990e-29
   40.14980  -72.18948     10.501     10.420    13.2884    31.9755 -9.990e-29     0.2700 4.9543e+00  1024.0415    13.2870    23.9944     8.6631    264.382    8.58031  261.85579    100.965 -9.990e-29
   40.14980  -72.18948     10.480     10.399    13.2887    31.9758 -9.990e-29     0.2700 4.9683e+00  1024.0414    13.2873    23.9946     8.6580    264.226    8.58025  261.85403    100.906 -9.990e-29
   40.14980  -72.18948     10.470     10.390    13.2887    31.9758 -9.990e-29     0.2700 4.9823e+00  1024.0413    13.2873    23.9946     8.6633    264.390    8.58020  261.85249    100.969 -9.990e-29
   40.14980  -72.18948     10.459     10.379    13.2887    31.9758 -9.990e-29     0.2700 4.9878e+00  1024.0413    13.2873    23.9946     8.6634    264.390    8.58011  261.84973    100.970 -9.990e-29
   40.14980  -72.18948     10.476     10.395    13.2889    31.9758 -9.990e-29     0.2700 4.9878e+00  1024.0414    13.2875    23.9946     8.6633    264.389    8.58006  261.84824    100.970 -9.990e-29
   40.14980  -72.18948     10.480     10.399    13.2891    31.9757 -9.990e-29     0.2700 4.9878e+00  1024.0411    13.2877    23.9945     8.6580    264.225    8.58001  261.84682    100.908 -9.990e-29
   40.14980  -72.18948     10.450     10.369    13.2890    31.9756 -9.990e-29     0.2700 4.9878e+00  1024.0411    13.2876    23.9944     8.6625    264.363    8.57997  261.84571    100.961 -9.990e-29
   40.14980  -72.18948     10.470     10.390    13.2892    31.9754 -9.990e-29     0.2700 4.9878e+00  1024.0408    13.2878    23.9942     8.6622    264.356    8.57992  261.84415    100.959 -9.990e-29
   40.14980  -72.18948     10.470     10.390    13.2894    31.9752 -9.990e-29     0.2700 4.9878e+00  1024.0407    13.2880    23.9940     8.6626    264.368    8.57992  261.84415    100.964 -9.990e-29
   40.14980  -72.18948     10.480     10.399    13.2892    31.9752 -9.990e-29     0.2700 4.9794e+00  1024.0408    13.2878    23.9940     8.6622    264.356    8.57987  261.84256    100.960 -9.990e-29
   40.14980  -72.18948     10.459     10.379    13.2895    31.9752 -9.990e-29     0.2700 4.9654e+00  1024.0405    13.2881    23.9941     8.6625    264.365    8.57989  261.84339    100.963 -9.990e-29
   40.14980  -72.18950     10.439     10.358    13.2892    31.9754 -9.990e-29     0.2700 4.9514e+00  1024.0410    13.2878    23.9942     8.6627    264.372    8.57992  261.84427    100.965 -9.990e-29
   40.14980  -72.18950     10.429     10.349    13.2899    31.9754 -9.990e-29     0.2700 4.9514e+00  1024.0405    13.2885    23.9942     8.6628    264.375    8.57991  261.84393    100.967 -9.990e-29
   40.14980  -72.18950     10.409     10.328    13.2894    31.9754 -9.990e-29     0.2700 4.9375e+00  1024.0407    13.2880    23.9941     8.6624    264.360    8.57994  261.84470    100.961 -9.990e-29
   40.14980  -72.18950     10.429     10.349    13.2895    31.9754 -9.990e-29     0.2700 4.9431e+00  1024.0404    13.2881    23.9941     8.6618    264.342    8.57998  261.84602    100.953 -9.990e-29
   40.14980  -72.18950     10.450     10.369    13.2889    31.9756 -9.990e-29     0.2700 4.9292e+00  1024.0410    13.2875    23.9944     8.6617    264.339    8.57994  261.84490    100.953 -9.990e-29
   40.14980  -72.18950     10.480     10.399    13.2890    31.9756 -9.990e-29     0.2700 4.9292e+00  1024.0415    13.2876    23.9946     8.6616    264.336    8.57995  261.84534    100.951 -9.990e-29
   40.14980  -72.18950     10.459     10.379    13.2896    31.9756 -9.990e-29     0.2700 4.9292e+00  1024.0414    13.2882    23.9945     8.6667    264.492    8.57994  261.84489    101.011 -9.990e-29
   40.14980  -72.18950     10.450     10.369    13.2901    31.9756 -9.990e-29     0.2700 4.9347e+00  1024.0406    13.2887    23.9942     8.6670    264.503    8.57996  261.84553    101.015 -9.990e-29
   40.14980  -72.18950     10.439     10.358    13.2901    31.9756 -9.990e-29     0.2700 4.9208e+00  1024.0406    13.2887    23.9941     8.6673    264.511    8.57996  261.84553    101.018 -9.990e-29
   40.14980  -72.18950     10.439     10.358    13.2904    31.9756 -9.990e-29     0.2700 4.9208e+00  1024.0407    13.2890    23.9941     8.6675    264.519    8.58001  261.84683    101.020 -9.990e-29
   40.14980  -72.18950     10.459     10.379    13.2902    31.9755 -9.990e-29     0.2700 4.9264e+00  1024.0410    13.2888    23.9941     8.6624    264.362    8.58000  261.84660    100.961 -9.990e-29
   40.14980  -72.18950     10.459     10.379    13.2912    31.9755 -9.990e-29     0.2700 4.9264e+00  1024.0405    13.2898    23.9939     8.6672    264.506    8.57998  261.84604    101.016 -9.990e-29
   40.14980  -72.18950     10.470     10.390    13.2916    31.9752 -9.990e-29     0.2700 4.9180e+00  1024.0402    13.2902    23.9936     8.6672    264.507    8.58001  261.84702    101.016 -9.990e-29
   40.14980  -72.18950     10.480     10.399    13.2919    31.9751 -9.990e-29     0.2700 4.9319e+00  1024.0401    13.2905    23.9935     8.6672    264.507    8.58009  261.84920    101.015 -9.990e-29
   40.14980  -72.18950     10.501     10.420    13.2919    31.9751 -9.990e-29     0.2700 4.9180e+00  1024.0404    13.2905    23.9934     8.6670    264.502    8.58005  261.84797    101.013 -9.990e-29
   40.14980  -72.18950     10.531     10.450    13.2926    31.9749 -9.990e-29     0.2700 4.9236e+00  1024.0402    13.2912    23.9932     8.6674    264.513    8.58001  261.84685    101.018 -9.990e-29
   40.14980  -72.18950     10.541     10.459    13.2931    31.9745 -9.990e-29     0.2700 4.9236e+00  1024.0397    13.2917    23.9928     8.6677    264.524    8.58004  261.84771    101.022 -9.990e-29
 -9.990e-29 -9.990e-29     10.552     10.470    13.2933    31.9742 -9.990e-29 -9.990e-29 4.9097e+00  1024.0393    13.2918    23.9925     8.6680    264.533    8.58002  261.84726    101.026 -9.990e-29
 -9.990e-29 -9.990e-29     10.571     10.489    13.2926    31.9742 -9.990e-29 -9.990e-29 4.8959e+00  1024.0396    13.2912    23.9925     8.6729    264.682    8.58002  261.84713    101.082 -9.990e-29
 -9.990e-29 -9.990e-29     10.601     10.519    13.2919    31.9742 -9.990e-29 -9.990e-29 4.8877e+00  1024.0399    13.2905    23.9928     8.6684    264.544    8.58001  261.84700    101.030 -9.990e-29
 -9.990e-29 -9.990e-29     10.622     10.540    13.2914    31.9746 -9.990e-29 -9.990e-29 4.8739e+00  1024.0406    13.2900    23.9932     8.6737    264.705    8.57996  261.84544    101.092 -9.990e-29
 -9.990e-29 -9.990e-29     10.642     10.560    13.2914    31.9749 -9.990e-29 -9.990e-29 4.8466e+00  1024.0409    13.2900    23.9934     8.6691    264.565    8.58001  261.84696    101.038 -9.990e-29
 -9.990e-29 -9.990e-29     10.663     10.581    13.2911    31.9751 -9.990e-29 -9.990e-29 4.8330e+00  1024.0412    13.2897    23.9936     8.6691    264.566    8.58008  261.84893    101.038 -9.990e-29
 -9.990e-29 -9.990e-29     10.682     10.600    13.2912    31.9751 -9.990e-29 -9.990e-29 4.8330e+00  1024.0412    13.2898    23.9936     8.6690    264.564    8.58006  261.84847    101.037 -9.990e-29
 -9.990e-29 -9.990e-29     10.712     10.630    13.2913    31.9751 -9.990e-29 -9.990e-29 4.7977e+00  1024.0414    13.2898    23.9936     8.6742    264.721    8.58012  261.85004    101.097 -9.990e-29
 -9.990e-29 -9.990e-29     10.723     10.641    13.2912    31.9751 -9.990e-29 -9.990e-29 4.7842e+00  1024.0417    13.2898    23.9936     8.6693    264.571    8.58003  261.84733    101.040 -9.990e-29
 -9.990e-29 -9.990e-29     10.733     10.650    13.2913    31.9752 -9.990e-29 -9.990e-29 4.7842e+00  1024.0412    13.2898    23.9936     8.6691    264.564    8.58007  261.84864    101.037 -9.990e-29
 -9.990e-29 -9.990e-29     10.754     10.671    13.2911    31.9752 -9.990e-29 -9.990e-29 4.7574e+00  1024.0416    13.2896    23.9936     8.6688    264.556    8.58008  261.84906    101.034 -9.990e-29
 -9.990e-29 -9.990e-29     10.763     10.680    13.2909    31.9753 -9.990e-29 -9.990e-29 4.7440e+00  1024.0419    13.2895    23.9938     8.6736    264.703    8.58001  261.84682    101.091 -9.990e-29
 -9.990e-29 -9.990e-29     10.774     10.691    13.2912    31.9753 -9.990e-29 -9.990e-29 4.7307e+00  1024.0420    13.2898    23.9938     8.6685    264.546    8.57998  261.84580    101.031 -9.990e-29
 -9.990e-29 -9.990e-29     10.780     10.697    13.2916    31.9754 -9.990e-29 -9.990e-29 4.7174e+00  1024.0415    13.2901    23.9937     8.6679    264.530    8.57991  261.84381    101.026 -9.990e-29
 -9.990e-29 -9.990e-29     10.784     10.701    13.2914    31.9754 -9.990e-29 -9.990e-29 4.7041e+00  1024.0418    13.2900    23.9937     8.6674    264.513    8.57989  261.84313    101.020 -9.990e-29
 -9.990e-29 -9.990e-29     10.805     10.721    13.2916    31.9754 -9.990e-29 -9.990e-29 4.7041e+00  1024.0421    13.2901    23.9938     8.6667    264.494    8.57983  261.84152    101.013 -9.990e-29
 -9.990e-29 -9.990e-29     10.814     10.731    13.2921    31.9754 -9.990e-29 -9.990e-29 4.6988e+00  1024.0419    13.2906    23.9937     8.6609    264.315    8.57984  261.84173    100.945 -9.990e-29
 -9.990e-29 -9.990e-29     10.825     10.742    13.2924    31.9754 -9.990e-29 -9.990e-29 4.6856e+00  1024.0418    13.2909    23.9936     8.6649    264.437    8.57985  261.84193    100.991 -9.990e-29
 -9.990e-29 -9.990e-29     10.835     10.751    13.2924    31.9752 -9.990e-29 -9.990e-29 4.6988e+00  1024.0419    13.2910    23.9935     8.6590    264.256    8.57987  261.84270    100.922 -9.990e-29
 -9.990e-29 -9.990e-29     10.844     10.761    13.2927    31.9750 -9.990e-29 -9.990e-29 4.6856e+00  1024.0414    13.2913    23.9933     8.6630    264.380    8.57997  261.84561    100.968 -9.990e-29
 -9.990e-29 -9.990e-29     10.844     10.761    13.2929    31.9749 -9.990e-29 -9.990e-29 4.6988e+00  1024.0415    13.2915    23.9931     8.6571    264.199    8.58005  261.84823    100.898 -9.990e-29
 -9.990e-29 -9.990e-29     10.855     10.772    13.2933    31.9748 -9.990e-29 -9.990e-29 4.6856e+00  1024.0414    13.2918    23.9930     8.6564    264.179    8.58016  261.85136    100.889 -9.990e-29
 -9.990e-29 -9.990e-29     10.855     10.772    13.2936    31.9747 -9.990e-29 -9.990e-29 4.6804e+00  1024.0412    13.2921    23.9928     8.6550    264.136    8.58015  261.85123    100.872 -9.990e-29
 -9.990e-29 -9.990e-29     10.865     10.781    13.2941    31.9747 -9.990e-29 -9.990e-29 4.6936e+00  1024.0412    13.2927    23.9927     8.6543    264.114    8.58021  261.85277    100.864 -9.990e-29
 -9.990e-29 -9.990e-29     10.855     10.772    13.2944    31.9744 -9.990e-29 -9.990e-29 4.6804e+00  1024.0410    13.2930    23.9924     8.6535    264.090    8.58022  261.85317    100.854 -9.990e-29
 -9.990e-29 -9.990e-29     10.855     10.772    13.2949    31.9743 -9.990e-29 -9.990e-29 4.6936e+00  1024.0403    13.2935    23.9921     8.6526    264.062    8.58010  261.84941    100.845 -9.990e-29
 -9.990e-29 -9.990e-29     10.844     10.761    13.2951    31.9742 -9.990e-29 -9.990e-29 4.6883e+00  1024.0403    13.2937    23.9921     8.6511    264.017    8.58004  261.84768    100.828 -9.990e-29
 -9.990e-29 -9.990e-29     10.844     10.761    13.2953    31.9741 -9.990e-29 -9.990e-29 4.7015e+00  1024.0406    13.2938    23.9921     8.6502    263.990    8.58000  261.84657    100.819 -9.990e-29
 -9.990e-29 -9.990e-29     10.844     10.761    13.2953    31.9741 -9.990e-29 -9.990e-29 4.6962e+00  1024.0406    13.2938    23.9921     8.6494    263.964    8.57994  261.84481    100.809 -9.990e-29
 -9.990e-29 -9.990e-29     10.835     10.751    13.2958    31.9740 -9.990e-29 -9.990e-29 4.7095e+00  1024.0400    13.2943    23.9919     8.6485    263.938    8.57992  261.84424    100.800 -9.990e-29
 -9.990e-29 -9.990e-29     10.840     10.757    13.2956    31.9738 -9.990e-29 -9.990e-29 4.7227e+00  1024.0400    13.2942    23.9917     8.6477    263.913    8.57990  261.84352    100.790 -9.990e-29
 -9.990e-29 -9.990e-29     10.825     10.742    13.2955    31.9737 -9.990e-29 -9.990e-29 4.7227e+00  1024.0400    13.2940    23.9916     8.6469    263.888    8.57991  261.84399    100.781 -9.990e-29
 -9.990e-29 -9.990e-29     10.805     10.721    13.2956    31.9736 -9.990e-29 -9.990e-29 4.7441e+00  1024.0396    13.2942    23.9916     8.6460    263.862    8.57988  261.84315    100.771 -9.990e-29
 -9.990e-29 -9.990e-29     10.805     10.721    13.2955    31.9735 -9.990e-29 -9.990e-29 4.7441e+00  1024.0397    13.2940    23.9915     8.6452    263.836    8.57985  261.84224    100.761 -9.990e-29
 -9.990e-29 -9.990e-29     10.784     10.701    13.2953    31.9734 -9.990e-29 -9.990e-29 4.7387e+00  1024.0395    13.2938    23.9915     8.6392    263.653    8.57992  261.84417    100.691 -9.990e-29
 -9.990e-29 -9.990e-29     10.774     10.691    13.2955    31.9734 -9.990e-29 -9.990e-29 4.7655e+00  1024.0395    13.2940    23.9914     8.6431    263.771    8.57992  261.84403    100.736 -9.990e-29
 -9.990e-29 -9.990e-29     10.754     10.671    13.2955    31.9734 -9.990e-29 -9.990e-29 4.7655e+00  1024.0392    13.2940    23.9914     8.6370    263.585    8.57990  261.84346    100.665 -9.990e-29
 -9.990e-29 -9.990e-29     10.754     10.671    13.2955    31.9734 -9.990e-29 -9.990e-29 4.7655e+00  1024.0394    13.2940    23.9914     8.6356    263.544    8.57992  261.84399    100.649 -9.990e-29
 -9.990e-29 -9.990e-29     10.733     10.650    13.2953    31.9734 -9.990e-29 -9.990e-29 4.7789e+00  1024.0395    13.2938    23.9914     8.6401    263.681    8.57988  261.84293    100.702 -9.990e-29
 -9.990e-29 -9.990e-29     10.712     10.630    13.2955    31.9734 -9.990e-29 -9.990e-29 4.8059e+00  1024.0390    13.2940    23.9914     8.6400    263.679    8.57989  261.84330    100.701 -9.990e-29
 -9.990e-29 -9.990e-29     10.682     10.600    13.2951    31.9734 -9.990e-29 -9.990e-29 4.8005e+00  1024.0391    13.2937    23.9915     8.6399    263.675    8.57986  261.84234    100.700 -9.990e-29
 -9.990e-29 -9.990e-29     10.673     10.590    13.2951    31.9734 -9.990e-29 -9.990e-29 4.8005e+00  1024.0392    13.2937    23.9915     8.6398    263.672    8.57983  261.84125    100.699 -9.990e-29
 -9.990e-29 -9.990e-29     10.663     10.581    13.2953    31.9734 -9.990e-29 -9.990e-29 4.8276e+00  1024.0389    13.2939    23.9915     8.6339    263.490    8.57976  261.83942    100.630 -9.990e-29
 -9.990e-29 -9.990e-29     10.631     10.549    13.2951    31.9734 -9.990e-29 -9.990e-29 4.8276e+00  1024.0388    13.2937    23.9915     8.6333    263.472    8.57976  261.83918    100.624 -9.990e-29
