CalculateIndicators/WaterTemperature/Data/CTD_NYOS/20230516_C15.cnv
* Sea-Bird SBE 9 Data File:
* FileName = C:\Seabird 9 CTD\Data\2023\202305_offshore\20230516_C15.hex
* Software Version Seasave V 7.23.2
* Temperature SN = 4590
* Conductivity SN = 3228
* Number of Bytes Per Scan = 44
* Number of Voltage Words = 5
* Number of Scans Averaged by the Deck Unit = 1
* NMEA Latitude = 40 13.41 N
* NMEA Longitude = 072 40.86 W
* NMEA UTC (Time) = May 16 2023  20:29:31
* NMEA baud rate = 4800
** Ship: Seawolf
** Station: 9.3
** Operator: tcm
# nquan = 18
# nvalues = 11861                       
# units = specified
# name 0 = latitude: Latitude [deg]
# name 1 = longitude: Longitude [deg]
# name 2 = prDM: Pressure, Digiquartz [db]
# name 3 = depSM: Depth [salt water, m]
# name 4 = t090C: Temperature [ITS-90, deg C]
# name 5 = sal00: Salinity, Practical [PSU]
# name 6 = ph: pH
# name 7 = flECO-AFL: Fluorescence, WET Labs ECO-AFL/FL [mg/m^3]
# name 8 = cpar: CPAR/Corrected Irradiance [%]
# name 9 = density00: Density [density, kg/m^3]
# name 10 = potemp090C: Potential Temperature [ITS-90, deg C]
# name 11 = sigma-é00: Density [sigma-theta, kg/m^3]
# name 12 = sbeox0Mg/L: Oxygen, SBE 43 [mg/l]
# name 13 = sbox0Mm/Kg: Oxygen, SBE 43 [umol/kg]
# name 14 = oxsolMg/L: Oxygen Saturation, Garcia & Gordon [mg/l]
# name 15 = oxsolMm/Kg: Oxygen Saturation, Garcia & Gordon [umol/kg]
# name 16 = sbeox0PS: Oxygen, SBE 43 [% saturation]
# name 17 = flag:  0.000e+00
# span 0 =   40.22350,   40.22568       
# span 1 =  -72.68110,  -72.67896       
# span 2 =      1.567,     53.299       
# span 3 =      1.555,     52.882       
# span 4 =     6.8142,    13.7524       
# span 5 =    31.8536,    32.8828       
# span 6 =      7.845,      8.087       
# span 7 =     0.0013,     6.7706       
# span 8 = 7.5257e-03, 5.5546e+01       
# span 9 =  1023.8192,  1026.0082       
# span 10 =     6.8110,    13.7519      
# span 11 =    23.8084,    25.7750      
# span 12 =     8.3964,    10.3794      
# span 13 =    255.799,    316.402      
# span 14 =    8.50607,    9.82684      
# span 15 =  259.63667,  299.38480      
# span 16 =     85.556,    112.481      
# span 17 = 0.0000e+00, 0.0000e+00      
# interval = seconds: 0.0416667
# start_time = May 16 2023 20:29:29 [System UTC, first data scan.]
# bad_flag = -9.990e-29
*END*
[from data line 4342]
   40.22430  -72.68034     45.713     45.357     6.8651    32.8739 -9.990e-29     0.0148 3.2673e-02  1025.9727     6.8611    25.7627     8.4243    256.652    9.81524  299.02715     85.829 -9.990e-29
   40.22430  -72.68034     45.673     45.317     6.8652    32.8739 -9.990e-29     0.0013 3.2673e-02  1025.9724     6.8612    25.7627     8.4300    256.825    9.81518  299.02529     85.887 -9.990e-29
   40.22430  -72.68034     45.611     45.255     6.8649    32.8739 -9.990e-29     0.0013 3.2673e-02  1025.9722     6.8608    25.7627     8.4240    256.641    9.81524  299.02713     85.825 -9.990e-29
   40.22430  -72.68034     45.550     45.195     6.8651    32.8739 -9.990e-29     0.0013 3.2673e-02  1025.9719     6.8610    25.7627     8.4233    256.621    9.81526  299.02769     85.818 -9.990e-29
   40.22430  -72.68034     45.529     45.174     6.8652    32.8740 -9.990e-29     0.0013 3.2785e-02  1025.9719     6.8612    25.7628     8.4227    256.601    9.81530  299.02892     85.812 -9.990e-29
   40.22430  -72.68034     45.448     45.094     6.8651    32.8740 -9.990e-29     0.0282 3.3467e-02  1025.9716     6.8611    25.7628     8.4284    256.777    9.81536  299.03070     85.870 -9.990e-29
   40.22430  -72.68034     45.408     45.054     6.8652    32.8740 -9.990e-29     0.0282 3.3812e-02  1025.9714     6.8612    25.7628     8.4297    256.815    9.81537  299.03105     85.882 0.0000e+00
   40.22430  -72.68034     45.357     45.003     6.8656    32.8740 -9.990e-29     0.0282 3.3812e-02  1025.9709     6.8616    25.7628     8.4300    256.824    9.81544  299.03297     85.885 0.0000e+00
   40.22430  -72.68034     45.306     44.953     6.8654    32.8740 -9.990e-29     0.0282 3.4747e-02  1025.9709     6.8614    25.7629     8.4238    256.636    9.81541  299.03221     85.822 0.0000e+00
   40.22430  -72.68034     45.204     44.851     6.8653    32.8740 -9.990e-29     0.0282 3.5103e-02  1025.9705     6.8614    25.7629     8.4241    256.644    9.81544  299.03294     85.825 0.0000e+00
   40.22430  -72.68034     45.152     44.801     6.8654    32.8740 -9.990e-29     0.0282 3.5223e-02  1025.9701     6.8614    25.7628     8.4297    256.817    9.81541  299.03217     85.883 0.0000e+00
   40.22430  -72.68034     45.071     44.720     6.8656    32.8740 -9.990e-29     0.0282 3.5704e-02  1025.9696     6.8616    25.7628     8.4246    256.659    9.81542  299.03230     85.830 0.0000e+00
   40.22430  -72.68034     44.999     44.649     6.8653    32.8740 -9.990e-29     0.0282 3.6068e-02  1025.9694     6.8614    25.7628     8.4312    256.862    9.81542  299.03241     85.898 0.0000e+00
   40.22430  -72.68034     44.937     44.587     6.8657    32.8740 -9.990e-29     0.0416 3.6190e-02  1025.9690     6.8618    25.7628     8.4315    256.871    9.81547  299.03390     85.900 0.0000e+00
   40.22430  -72.68034     44.867     44.517     6.8653    32.8740 -9.990e-29     0.0282 3.6435e-02  1025.9689     6.8614    25.7628     8.4317    256.875    9.81539  299.03163     85.902 0.0000e+00
   40.22430  -72.68034     44.774     44.426     6.8652    32.8739 -9.990e-29     0.0282 3.6682e-02  1025.9685     6.8613    25.7628     8.4320    256.885    9.81551  299.03515     85.904 0.0000e+00
   40.22430  -72.68034     44.703     44.354     6.8658    32.8737 -9.990e-29     0.0282 3.6682e-02  1025.9677     6.8619    25.7626     8.4257    256.695    9.81550  299.03478     85.841 0.0000e+00
   40.22430  -72.68034     44.642     44.294     6.8654    32.8735 -9.990e-29     0.0282 3.7179e-02  1025.9672     6.8614    25.7624     8.4250    256.673    9.81552  299.03541     85.834 0.0000e+00
   40.22430  -72.68034     44.551     44.204     6.8654    32.8733 -9.990e-29     0.0282 3.7875e-02  1025.9667     6.8615    25.7622     8.4242    256.649    9.81553  299.03594     85.826 0.0000e+00
   40.22430  -72.68034     44.489     44.142     6.8649    32.8731 -9.990e-29     0.0282 3.8002e-02  1025.9664     6.8609    25.7622     8.4299    256.822    9.81563  299.03880     85.883 0.0000e+00
   40.22430  -72.68034     44.398     44.052     6.8644    32.8728 -9.990e-29     0.0282 3.8514e-02  1025.9659     6.8605    25.7619     8.4236    256.631    9.81560  299.03804     85.819 0.0000e+00
   40.22430  -72.68034     44.326     43.981     6.8642    32.8725 -9.990e-29     0.0282 3.9689e-02  1025.9649     6.8603    25.7617     8.4292    256.801    9.81566  299.03969     85.875 0.0000e+00
   40.22430  -72.68034     44.254     43.909     6.8638    32.8725 -9.990e-29     0.0282 4.0024e-02  1025.9648     6.8599    25.7617     8.4293    256.803    9.81564  299.03915     85.876 0.0000e+00
   40.22430  -72.68034     44.152     43.808     6.8634    32.8725 -9.990e-29     0.0282 4.0157e-02  1025.9646     6.8595    25.7618     8.4294    256.806    9.81566  299.03973     85.877 0.0000e+00
   40.22430  -72.68034     44.071     43.727     6.8632    32.8726 -9.990e-29     0.0282 4.0694e-02  1025.9644     6.8594    25.7620     8.4294    256.807    9.81569  299.04077     85.877 0.0000e+00
   40.22430  -72.68034     43.980     43.637     6.8633    32.8726 -9.990e-29     0.0282 4.0901e-02  1025.9640     6.8594    25.7621     8.4231    256.613    9.81574  299.04214     85.812 0.0000e+00
   40.22430  -72.68034     43.897     43.555     6.8629    32.8727 -9.990e-29     0.0282 4.1173e-02  1025.9636     6.8590    25.7620     8.4220    256.582    9.81570  299.04101     85.802 0.0000e+00
   40.22430  -72.68034     43.826     43.485     6.8628    32.8727 -9.990e-29     0.0282 4.2416e-02  1025.9631     6.8590    25.7620     8.4211    256.553    9.81567  299.03999     85.792 0.0000e+00
   40.22430  -72.68034     43.683     43.343     6.8622    32.8726 -9.990e-29     0.0282 4.3196e-02  1025.9628     6.8583    25.7621     8.4275    256.747    9.81569  299.04082     85.857 -9.990e-29
   40.22430  -72.68034     43.704     43.363     6.8618    32.8726 -9.990e-29     0.0282 4.3196e-02  1025.9630     6.8579    25.7621     8.4274    256.745    9.81564  299.03932     85.857 -9.990e-29
   40.22430  -72.68034     43.611     43.272     6.8620    32.8725 -9.990e-29     0.0148 4.3845e-02  1025.9621     6.8582    25.7620     8.4283    256.772    9.81563  299.03881     85.866 0.0000e+00
   40.22430  -72.68034     43.520     43.181     6.8620    32.8725 -9.990e-29     0.0148 4.4134e-02  1025.9617     6.8581    25.7619     8.4283    256.772    9.81564  299.03903     85.866 0.0000e+00
   40.22430  -72.68034     43.459     43.121     6.8618    32.8725 -9.990e-29     0.0148 4.4279e-02  1025.9616     6.8580    25.7620     8.4281    256.767    9.81559  299.03759     85.864 0.0000e+00
   40.22430  -72.68034     43.377     43.039     6.8621    32.8726 -9.990e-29     0.0148 4.5534e-02  1025.9613     6.8583    25.7622     8.4279    256.762    9.81553  299.03554     85.863 0.0000e+00
   40.22430  -72.68034     43.285     42.948     6.8618    32.8726 -9.990e-29     0.0148 4.6434e-02  1025.9610     6.8580    25.7622     8.4213    256.559    9.81541  299.03200     85.796 0.0000e+00
   40.22430  -72.68034     43.225     42.888     6.8618    32.8726 -9.990e-29     0.0148 4.6668e-02  1025.9606     6.8580    25.7622     8.4212    256.555    9.81541  299.03197     85.795 0.0000e+00
   40.22430  -72.68034     43.163     42.827     6.8616    32.8726 -9.990e-29     0.0148 4.7433e-02  1025.9605     6.8578    25.7621     8.4274    256.744    9.81536  299.03039     85.859 0.0000e+00
   40.22430  -72.68034     43.092     42.757     6.8617    32.8725 -9.990e-29     0.0148 4.8053e-02  1025.9598     6.8579    25.7620     8.4282    256.770    9.81538  299.03122     85.867 0.0000e+00
   40.22430  -72.68034     43.018     42.683     6.8616    32.8725 -9.990e-29     0.0282 4.8295e-02  1025.9594     6.8578    25.7620     8.4290    256.795    9.81536  299.03072     85.876 0.0000e+00
   40.22430  -72.68034     42.949     42.614     6.8610    32.8725 -9.990e-29     0.0148 4.9083e-02  1025.9596     6.8572    25.7621     8.4299    256.822    9.81542  299.03237     85.884 0.0000e+00
   40.22430  -72.68034     42.867     42.534     6.8617    32.8725 -9.990e-29     0.0282 5.0133e-02  1025.9586     6.8579    25.7621     8.4298    256.818    9.81542  299.03262     85.883 0.0000e+00
   40.22430  -72.68034     42.816     42.483     6.8610    32.8726 -9.990e-29     0.0148 5.0295e-02  1025.9589     6.8572    25.7622     8.4297    256.816    9.81552  299.03544     85.881 0.0000e+00
   40.22430  -72.68034     42.756     42.423     6.8612    32.8727 -9.990e-29     0.0282 5.0711e-02  1025.9585     6.8574    25.7623     8.4305    256.840    9.81553  299.03582     85.889 0.0000e+00
   40.22430  -72.68034     42.705     42.372     6.8613    32.8727 -9.990e-29     0.0148 5.1534e-02  1025.9585     6.8575    25.7623     8.4302    256.831    9.81548  299.03419     85.887 0.0000e+00
   40.22430  -72.68034     42.633     42.301     6.8615    32.8727 -9.990e-29     0.0148 5.1700e-02  1025.9579     6.8577    25.7623     8.4299    256.822    9.81545  299.03300     85.884 0.0000e+00
   40.22428  -72.68034     42.579     42.248     6.8615    32.8727 -9.990e-29     0.0148 5.2126e-02  1025.9580     6.8577    25.7623     8.4305    256.841    9.81537  299.03084     85.891 0.0000e+00
   40.22428  -72.68034     42.561     42.230     6.8618    32.8726 -9.990e-29     0.0148 5.3481e-02  1025.9574     6.8580    25.7622     8.4313    256.864    9.81544  299.03296     85.898 0.0000e+00
   40.22428  -72.68034     42.510     42.179     6.8617    32.8725 -9.990e-29     0.0148 5.3921e-02  1025.9573     6.8579    25.7621     8.4320    256.885    9.81547  299.03401     85.905 0.0000e+00
   40.22428  -72.68034     42.459     42.129     6.8613    32.8723 -9.990e-29     0.0148 5.4093e-02  1025.9569     6.8575    25.7620     8.4318    256.879    9.81556  299.03695     85.902 0.0000e+00
   40.22428  -72.68034     42.408     42.078     6.8617    32.8722 -9.990e-29     0.0148 5.5239e-02  1025.9564     6.8579    25.7619     8.4316    256.873    9.81570  299.04118     85.899 0.0000e+00
   40.22428  -72.68034     42.368     42.038     6.8613    32.8722 -9.990e-29     0.0282 5.5593e-02  1025.9564     6.8576    25.7619     8.4322    256.892    9.81576  299.04306     85.905 0.0000e+00
   40.22428  -72.68034     42.324     41.994     6.8612    32.8722 -9.990e-29     0.0148 5.5593e-02  1025.9565     6.8574    25.7619     8.4319    256.884    9.81588  299.04676     85.901 0.0000e+00
   40.22428  -72.68034     42.287     41.957     6.8612    32.8722 -9.990e-29     0.0148 5.6228e-02  1025.9557     6.8575    25.7619     8.4316    256.874    9.81597  299.04940     85.897 0.0000e+00
   40.22428  -72.68034     42.255     41.926     6.8608    32.8722 -9.990e-29     0.0282 5.6407e-02  1025.9560     6.8571    25.7619     8.4312    256.861    9.81600  299.05025     85.892 0.0000e+00
   40.22428  -72.68034     42.224     41.896     6.8607    32.8724 -9.990e-29     0.0282 5.6587e-02  1025.9561     6.8570    25.7621     8.4317    256.878    9.81608  299.05252     85.897 0.0000e+00
   40.22428  -72.68034     42.194     41.866     6.8604    32.8725 -9.990e-29     0.0282 5.6869e-02  1025.9560     6.8567    25.7622     8.4322    256.892    9.81608  299.05258     85.902 0.0000e+00
   40.22428  -72.68034     42.182     41.853     6.8605    32.8725 -9.990e-29     0.0282 5.7232e-02  1025.9559     6.8568    25.7623     8.4325    256.901    9.81590  299.04709     85.907 0.0000e+00
   40.22428  -72.68034     42.164     41.836     6.8604    32.8725 -9.990e-29     0.0282 5.7232e-02  1025.9558     6.8567    25.7623     8.4319    256.883    9.81582  299.04453     85.901 0.0000e+00
   40.22428  -72.68034     42.143     41.815     6.8605    32.8726 -9.990e-29     0.0282 5.8253e-02  1025.9558     6.8568    25.7624     8.4314    256.866    9.81580  299.04379     85.896 0.0000e+00
   40.22428  -72.68034     42.122     41.795     6.8604    32.8726 -9.990e-29     0.0282 5.8997e-02  1025.9559     6.8567    25.7624     8.4317    256.876    9.81574  299.04219     85.899 0.0000e+00
   40.22428  -72.68034     42.092     41.764     6.8605    32.8726 -9.990e-29     0.0282 5.9184e-02  1025.9555     6.8568    25.7623     8.4311    256.858    9.81575  299.04262     85.893 0.0000e+00
   40.22428  -72.68034     42.069     41.741     6.8602    32.8725 -9.990e-29     0.0282 5.9479e-02  1025.9556     6.8565    25.7622     8.4315    256.871    9.81586  299.04592     85.897 0.0000e+00
   40.22428  -72.68034     42.062     41.734     6.8607    32.8724 -9.990e-29     0.0282 5.9479e-02  1025.9551     6.8570    25.7621     8.4319    256.882    9.81587  299.04613     85.900 0.0000e+00
   40.22428  -72.68034     42.052     41.725     6.8602    32.8724 -9.990e-29     0.0282 5.9479e-02  1025.9552     6.8564    25.7621     8.4322    256.890    9.81580  299.04388     85.904 -9.990e-29
   40.22428  -72.68034     42.052     41.725     6.8602    32.8724 -9.990e-29     0.0282 5.9586e-02  1025.9552     6.8565    25.7622     8.4325    256.901    9.81583  299.04482     85.907 -9.990e-29
   40.22428  -72.68034     42.080     41.752     6.8600    32.8724 -9.990e-29     0.0282 5.9210e-02  1025.9556     6.8563    25.7622     8.4318    256.879    9.81575  299.04246     85.900 -9.990e-29
   40.22428  -72.68034     42.082     41.755     6.8601    32.8724 -9.990e-29     0.0282 5.9023e-02  1025.9553     6.8563    25.7622     8.4311    256.858    9.81575  299.04238     85.894 -9.990e-29
   40.22428  -72.68034     42.082     41.755     6.8596    32.8724 -9.990e-29     0.0282 5.9210e-02  1025.9555     6.8559    25.7622     8.4303    256.833    9.81567  299.03994     85.886 -9.990e-29
   40.22428  -72.68034     42.071     41.744     6.8597    32.8724 -9.990e-29     0.0282 5.9586e-02  1025.9554     6.8560    25.7623     8.4304    256.837    9.81561  299.03801     85.888 -9.990e-29
   40.22430  -72.68034     42.071     41.744     6.8594    32.8724 -9.990e-29     0.0282 5.9775e-02  1025.9556     6.8557    25.7623     8.4359    257.006    9.81555  299.03633     85.945 -9.990e-29
   40.22430  -72.68034     42.059     41.732     6.8595    32.8723 -9.990e-29     0.0282 5.9586e-02  1025.9554     6.8558    25.7622     8.4305    256.841    9.81544  299.03313     85.891 -9.990e-29
   40.22430  -72.68034     42.113     41.785     6.8596    32.8721 -9.990e-29     0.0282 5.9506e-02  1025.9553     6.8559    25.7620     8.4306    256.844    9.81539  299.03131     85.892 -9.990e-29
   40.22430  -72.68034     42.103     41.775     6.8594    32.8721 -9.990e-29     0.0282 5.9317e-02  1025.9553     6.8557    25.7620     8.4307    256.847    9.81540  299.03171     85.893 -9.990e-29
   40.22430  -72.68034     42.113     41.785     6.8592    32.8721 -9.990e-29     0.0282 5.9317e-02  1025.9554     6.8555    25.7621     8.4308    256.849    9.81533  299.02979     85.894 -9.990e-29
   40.22430  -72.68034     42.110     41.782     6.8592    32.8721 -9.990e-29     0.0282 5.9506e-02  1025.9557     6.8555    25.7621     8.4300    256.825    9.81542  299.03254     85.885 -9.990e-29
   40.22430  -72.68034     42.143     41.815     6.8595    32.8721 -9.990e-29     0.0282 5.9506e-02  1025.9554     6.8558    25.7620     8.4291    256.798    9.81544  299.03324     85.876 -9.990e-29
   40.22430  -72.68034     42.143     41.815     6.8594    32.8722 -9.990e-29     0.0282 5.9506e-02  1025.9555     6.8557    25.7620     8.4283    256.773    9.81556  299.03702     85.867 -9.990e-29
   40.22430  -72.68034     42.154     41.826     6.8596    32.8722 -9.990e-29     0.0282 5.9317e-02  1025.9556     6.8559    25.7622     8.4283    256.774    9.81562  299.03857     85.867 -9.990e-29
   40.22430  -72.68034     42.164     41.836     6.8595    32.8726 -9.990e-29     0.0282 5.9130e-02  1025.9560     6.8558    25.7624     8.4284    256.776    9.81567  299.04018     85.867 -9.990e-29
   40.22430  -72.68034     42.222     41.893     6.8592    32.8729 -9.990e-29     0.0282 5.9130e-02  1025.9569     6.8555    25.7626     8.4284    256.775    9.81564  299.03917     85.867 -9.990e-29
