CalculateIndicators/WaterTemperature/Data/CTD_NYOS/20230517_C23A.cnv
* Sea-Bird SBE 9 Data File:
* FileName = C:\Seabird 9 CTD\Data\2023\202305_offshore\20230517_C25A.hex
* Software Version Seasave V 7.23.2
* Temperature SN = 4590
* Conductivity SN = 3228
* Number of Bytes Per Scan = 44
* Number of Voltage Words = 5
* Number of Scans Averaged by the Deck Unit = 1
* NMEA Latitude = 39 44.02 N
* NMEA Longitude = 071 25.33 W
* NMEA UTC (Time) = May 18 2023  04:38:35
* NMEA baud rate = 4800
** Ship: Seawolf
** Station: 11.7
** Operator: TDK
# nquan = 18
# nvalues = 203                         
# units = specified
# name 0 = latitude: Latitude [deg]
# name 1 = longitude: Longitude [deg]
# name 2 = prDM: Pressure, Digiquartz [db]
# name 3 = depSM: Depth [salt water, m]
# name 4 = t090C: Temperature [ITS-90, deg C]
# name 5 = sal00: Salinity, Practical [PSU]
# name 6 = ph: pH
# name 7 = flECO-AFL: Fluorescence, WET Labs ECO-AFL/FL [mg/m^3]
# name 8 = cpar: CPAR/Corrected Irradiance [%]
# name 9 = density00: Density [density, kg/m^3]
# name 10 = potemp090C: Potential Temperature [ITS-90, deg C]
# name 11 = sigma-100: Density [sigma-1, kg/m^3 ]
# name 12 = sbeox0Mg/L: Oxygen, SBE 43 [mg/l]
# name 13 = sbox0Mm/Kg: Oxygen, SBE 43 [umol/kg]
# name 14 = oxsolMg/L: Oxygen Saturation, Garcia & Gordon [mg/l]
# name 15 = oxsolMm/Kg: Oxygen Saturation, Garcia & Gordon [umol/kg]
# name 16 = sbeox0PS: Oxygen, SBE 43 [% saturation]
# name 17 = flag: flag
# span 0 =   39.73320,   39.73379       
# span 1 =  -71.42488,  -71.42222       
# span 2 =      2.000,    103.000       
# span 3 =      1.985,    102.188       
# span 4 =    12.8739,    14.4494       
# span 5 =    33.5994,    35.2491       
# span 6 =      8.009,      8.144       
# span 7 =    -0.0891,     0.9530       
# span 8 = -4.422e+04, 1.0332e+05       
# span 9 =  1025.2342,  1027.0086       
# span 10 =    12.8615,    14.4476      
# span 11 =    29.6205,    30.9444      
# span 12 =     6.7559,     8.6597      
# span 13 =    205.665,    263.961      
# span 14 =    8.27387,    8.48488      
# span 15 =  252.17278,  258.30801      
# span 16 =     80.023,    102.362      
# span 17 = 0.0000e+00, 0.0000e+00      
# interval = decibars: 1                
# start_time = May 18 2023 04:38:37 [System UTC, first data scan.]
# bad_flag = -9.990e-29
*END*
[from data line 161]
   39.73337  -71.42411     43.000     42.667    13.8560    34.8785 -9.990e-29     0.4940 -9.990e-29  1026.3149    13.8499    30.5027     8.3959    255.697    8.33141  253.73406    100.774 0.0000e+00
   39.73338  -71.42409     42.000     41.675    13.8530    34.8637      8.123     0.3550 3.6842e+04  1026.2997    13.8470    30.4921     8.4049    255.981    8.34036  254.01442    100.774 0.0000e+00
   39.73338  -71.42410     41.000     40.683    13.8470    34.8603      8.124     0.3511 1.4881e+04  1026.2939    13.8412    30.4909     8.4107    256.165    8.35333  254.41845    100.687 0.0000e+00
   39.73337  -71.42415     40.000     39.691    13.7970    34.7906      8.126     0.2864 1.9644e+04  1026.2459    13.7913    30.4486     8.4284    256.704    8.35341  254.42072    100.897 0.0000e+00
   39.73333  -71.42435     39.000     38.698    13.7541    34.7437      8.130     0.2014 7.5267e+04  1026.2142    13.7486    30.4224     8.4795    258.267    8.36566  254.79915    101.361 0.0000e+00
   39.73330  -71.42441     38.000     37.706    13.6848    34.6915      8.131     0.2028 -9.990e-29  1026.1838    13.6795    30.3981     8.5078    259.141    8.40885  256.12621    101.177 0.0000e+00
   39.73331  -71.42438     37.000     36.714    13.5257    34.6094      8.130     0.1544 -9.990e-29  1026.1490    13.5206    30.3711     8.5004    258.916    8.40829  256.11066    101.095 0.0000e+00
   39.73332  -71.42436     36.000     35.722    13.4866    34.5813      8.129     0.1754 5.0640e-11  1026.1306    13.4815    30.3581     8.5138    259.328    8.41032  256.17491    101.231 0.0000e+00
   39.73332  -71.42436     35.000     34.730    13.4841    34.5777 -9.990e-29     0.1521 5.0640e-11  1026.1239    13.4792    30.3559     8.5073    259.130    8.41057  256.18337    101.150 0.0000e+00
   39.73332  -71.42436     34.000     33.737    13.4802    34.5687 -9.990e-29     0.1492 5.0640e-11  1026.1132    13.4755    30.3498     8.5015    258.954    8.41153  256.21451    101.069 0.0000e+00
   39.73332  -71.42437     33.000     32.745    13.4774    34.5566 -9.990e-29     0.1376 5.0640e-11  1026.1000    13.4728    30.3411     8.5233    259.625    8.41364  256.28286    101.304 0.0000e+00
   39.73332  -71.42440     32.000     31.753    13.4751    34.5290      8.129     0.1315 1.0222e+05  1026.0747    13.4706    30.3205     8.5233    259.635    8.41150  256.23005    101.329 0.0000e+00
   39.73332  -71.42440     31.000     30.761    13.4874    34.4916      8.129     0.1300 6.1322e+04  1026.0388    13.4831    30.2890     8.5018    259.028    8.38019  255.32199    101.451 0.0000e+00
   39.73331  -71.42444     30.000     29.769    13.5040    34.4635      8.129     0.1092 9.9319e+04  1026.0092    13.4999    30.2638     8.5004    259.001    8.36639  254.91798    101.602 0.0000e+00
   39.73331  -71.42442     29.000     28.776    13.6968    34.3312      8.129     0.1049 5.4634e+04  1025.8626    13.6927    30.1188     8.4874    258.615    8.35514  254.58528    101.583 0.0000e+00
   39.73330  -71.42440     28.000     27.784    13.8899    34.2211      8.128     0.0879 4.9916e+04  1025.7329    13.8859    29.9907     8.4160    256.446    8.34631  254.32243    100.835 0.0000e+00
   39.73330  -71.42444     27.000     26.792    13.9906    34.1921 -9.990e-29     0.0900 -5.314e+03  1025.6850    13.9867    29.9456     8.3564    254.653    8.32290  253.62959    100.404 0.0000e+00
   39.73330  -71.42444     26.000     25.800    14.0748    34.1552 -9.990e-29     0.0880 6.4869e+04  1025.6345    14.0711    29.8982     8.3459    254.330    8.32248  253.61701    100.281 0.0000e+00
   39.73323  -71.42467     25.000     24.808    14.1468    34.1222 -9.990e-29     0.0761 -2.754e+03  1025.5893    14.1432    29.8564     8.3239    253.664    8.31903  253.51633    100.058 0.0000e+00
   39.73322  -71.42470     24.000     23.815    14.1565    34.1120 -9.990e-29     0.0795 -1.022e+02  1025.5750    14.1530    29.8464     8.3254    253.721    8.30946  253.23468    100.192 0.0000e+00
   39.73322  -71.42470     23.000     22.823    14.1781    34.1010      8.126     0.0596 5.0640e-11  1025.5575    14.1748    29.8329     8.3159    253.434    8.30619  253.13831    100.117 0.0000e+00
   39.73322  -71.42470     22.000     21.831    14.2392    34.0723      8.126     0.0681 5.0640e-11  1025.5180    14.2360    29.7969     8.3030    253.043    8.30289  253.04009    100.001 0.0000e+00
   39.73322  -71.42472     21.000     20.839    14.2739    34.0606      8.126     0.0610 5.0640e-11  1025.4971    14.2709    29.7799     8.2820    252.405    8.29944  252.93645     99.790 0.0000e+00
   39.73322  -71.42472     20.000     19.846    14.2778    34.0620 -9.990e-29 -9.990e-29 5.0640e-11  1025.4930    14.2749    29.7801     8.2781    252.290    8.29278  252.73673     99.824 0.0000e+00
   39.73322  -71.42474     19.000     18.854    14.3042    34.0585 -9.990e-29 -9.990e-29 5.0640e-11  1025.4803    14.3014    29.7714     8.2548    251.581    8.29062  252.67235     99.568 0.0000e+00
   39.73322  -71.42474     18.000     17.862    14.3311    34.0553 -9.990e-29 -9.990e-29 5.0640e-11  1025.4675    14.3285    29.7626     8.2557    251.613    8.29004  252.65767     99.586 0.0000e+00
   39.73322  -71.42474     17.000     16.869    14.3479    34.0463 -9.990e-29     0.0447 5.0640e-11  1025.4526    14.3455    29.7518     8.2558    251.614    8.29029  252.66577     99.584 0.0000e+00
   39.73322  -71.42477     16.000     15.877    14.3537    34.0329 -9.990e-29     0.0279 5.0640e-11  1025.4366    14.3514    29.7402     8.2722    252.119    8.28789  252.59592     99.811 0.0000e+00
   39.73322  -71.42478     15.000     14.885    14.3508    34.0286      8.126     0.0449 5.0640e-11  1025.4295    14.3486    29.7376     8.2718    252.107    8.28262  252.43704     99.869 0.0000e+00
   39.73321  -71.42481     14.000     13.893    14.3727    34.0219      8.126 -9.990e-29 5.0640e-11  1025.4152    14.3707    29.7273     8.2598    251.743    8.27684  252.26240     99.794 0.0000e+00
   39.73320  -71.42479     13.000     12.900    14.4053    34.0222      8.126 -9.990e-29 5.0640e-11  1025.4040    14.4034    29.7200     8.2587    251.711    8.27387  252.17278     99.817 0.0000e+00
   39.73320  -71.42481     12.000     11.908    14.4494    34.0222      8.125     0.0407 5.0640e-11  1025.3903    14.4476    29.7099     8.2618    251.811    8.31143  253.32438     99.403 0.0000e+00
   39.73320  -71.42486     11.000     10.915    14.4156    34.0008      8.125     0.0372 4.3902e+04  1025.3766    14.4140    29.7014     8.2985    252.936    8.38007  255.42068     99.027 0.0000e+00
   39.73320  -71.42486     10.000      9.923    14.2311    33.9102      8.126     0.0590 9.9398e+04  1025.3395    14.2297    29.6728     8.3053    253.145    8.40045  256.04556     98.867 0.0000e+00
   39.73320  -71.42482      9.000      8.931    13.9408    33.8274      8.129     0.1045 9.9999e+04  1025.3346    13.9395    29.6782     8.3877    255.656    8.41621  256.52616     99.661 0.0000e+00
   39.73320  -71.42483      8.000      7.939    13.7404    33.7554      8.134     0.1759 2.4545e+04  1025.3151    13.7393    29.6675     8.5117    259.437    8.40662  256.23378    101.250 0.0000e+00
   39.73320  -71.42484      7.000      6.946    13.7677    33.7603      8.135     0.2278 -1.562e+03  1025.3085    13.7667    29.6648     8.5253    259.855    8.43267  257.03114    101.099 0.0000e+00
   39.73320  -71.42484      6.000      5.954    13.7363    33.7459      8.137     0.2036 5.0640e-11  1025.2996    13.7355    29.6610     8.5022    259.152    8.43856  257.21098    100.755 0.0000e+00
   39.73320  -71.42484      5.000      4.962    13.6142    33.7032      8.138     0.2388 5.0640e-11  1025.2870    13.6135    29.6554     8.5311    260.031    8.44146  257.29911    101.062 0.0000e+00
   39.73320  -71.42488      4.000      3.969    13.5669    33.6891      8.138     0.2484 5.0640e-11  1025.2812    13.5663    29.6551     8.5678    261.150    8.44359  257.36472    101.471 0.0000e+00
   39.73320  -71.42486      3.000      2.977    13.5565    33.6830      8.138     0.2794 5.0640e-11  1025.2742    13.5561    29.6527     8.5946    261.969    8.44474  257.40001    101.775 0.0000e+00
   39.73320  -71.42487      2.000      1.985    13.5645    33.6832      8.138     0.2493 5.0640e-11  1025.2681    13.5642    29.6509     8.5740    261.339    8.44512  257.41189    101.526 0.0000e+00
