CalculateIndicators/WaterTemperature/Data/CTD_NYOS/20230518_C25.cnv
* Sea-Bird SBE 9 Data File:
* FileName = C:\Seabird 9 CTD\Data\2023\202305_offshore\20230518_C27.hex
* Software Version Seasave V 7.23.2
* Temperature SN = 4590
* Conductivity SN = 3228
* Number of Bytes Per Scan = 44
* Number of Voltage Words = 5
* Number of Scans Averaged by the Deck Unit = 1
* NMEA Latitude = 40 07.05 N
* NMEA Longitude = 071 40.36 W
* NMEA UTC (Time) = May 18 2023  11:34:06
* NMEA baud rate = 4800
** Ship: Seawolf
** Station: 11.5
** Operator: tcm
# nquan = 18
# nvalues = 160                         
# units = specified
# name 0 = latitude: Latitude [deg]
# name 1 = longitude: Longitude [deg]
# name 2 = prDM: Pressure, Digiquartz [db]
# name 3 = depSM: Depth [salt water, m]
# name 4 = t090C: Temperature [ITS-90, deg C]
# name 5 = sal00: Salinity, Practical [PSU]
# name 6 = ph: pH
# name 7 = flECO-AFL: Fluorescence, WET Labs ECO-AFL/FL [mg/m^3]
# name 8 = cpar: CPAR/Corrected Irradiance [%]
# name 9 = density00: Density [density, kg/m^3]
# name 10 = potemp090C: Potential Temperature [ITS-90, deg C]
# name 11 = sigma-100: Density [sigma-1, kg/m^3 ]
# name 12 = sbeox0Mg/L: Oxygen, SBE 43 [mg/l]
# name 13 = sbox0Mm/Kg: Oxygen, SBE 43 [umol/kg]
# name 14 = oxsolMg/L: Oxygen Saturation, Garcia & Gordon [mg/l]
# name 15 = oxsolMm/Kg: Oxygen Saturation, Garcia & Gordon [umol/kg]
# name 16 = sbeox0PS: Oxygen, SBE 43 [% saturation]
# name 17 = flag: flag
# span 0 =   40.11733,   40.11769       
# span 1 =  -71.67630,  -71.67277       
# span 2 =      2.000,     82.000       
# span 3 =      1.985,     81.355       
# span 4 =     7.0851,    11.6397       
# span 5 =    33.0164,    33.1509       
# span 6 =      7.878,      8.203       
# span 7 =    -0.0404,     1.4448       
# span 8 = -2.537e-07, 6.5490e+01       
# span 9 =  1025.1809,  1026.2987       
# span 10 =     7.0815,    11.6392      
# span 11 =    29.6036,    30.4540      
# span 12 =     8.0831,     9.7452      
# span 13 =    246.219,    297.064      
# span 14 =    8.82018,    9.75199      
# span 15 =  268.86706,  297.06235      
# span 16 =     83.306,    110.358      
# span 17 = 0.0000e+00, 0.0000e+00      
# interval = decibars: 1                
# start_time = May 18 2023 11:34:08 [System UTC, first data scan.]
# bad_flag = -9.990e-29
*END*
[from data line 81]
   40.11735  -71.67422     80.000     79.371     7.2834    33.1492      7.887    -0.0204 1.5468e-13  1026.2895     7.2760    30.4532     8.1029    246.822    9.70296  295.55993     83.510 0.0000e+00
   40.11736  -71.67428     79.000     78.379     7.2818    33.1489 -9.990e-29 -9.990e-29 1.1033e-13  1026.2849     7.2745    30.4532     8.0859    246.302    9.70332  295.57099     83.331 0.0000e+00
   40.11736  -71.67428     78.000     77.387     7.2815    33.1489      7.888    -0.0121 1.1936e-13  1026.2803     7.2743    30.4533     8.0843    246.253    9.70397  295.59068     83.309 0.0000e+00
   40.11736  -71.67428     77.000     76.395     7.2783    33.1475      7.888    -0.0111 1.5633e-13  1026.2751     7.2713    30.4527     8.0954    246.591    9.70503  295.62337     83.414 0.0000e+00
   40.11738  -71.67430     76.000     75.403     7.2738    33.1460      7.888    -0.0157 1.0127e-13  1026.2699     7.2668    30.4522     8.1080    246.978    9.70562  295.64124     83.540 0.0000e+00
   40.11735  -71.67430     75.000     74.411     7.2724    33.1458      7.888    -0.0055 1.2698e-13  1026.2654     7.2655    30.4523     8.1137    247.149    9.70561  295.64100     83.598 0.0000e+00
   40.11736  -71.67432     74.000     73.419     7.2720    33.1457      7.889    -0.0249 9.8337e-14  1026.2608     7.2652    30.4523     8.1077    246.969    9.71475  295.92080     83.458 0.0000e+00
   40.11736  -71.67432     73.000     72.427     7.2567    33.1369      7.888    -0.0250 1.7922e-13  1026.2513     7.2500    30.4478     8.1006    246.753    9.71436  295.90904     83.388 0.0000e+00
   40.11735  -71.67435     72.000     71.435     7.1703    33.1106 -9.990e-29    -0.0252 1.2201e-13  1026.2381     7.1638    30.4412     8.1293    247.628    9.73758  296.61928     83.483 0.0000e+00
   40.11736  -71.67434     71.000     70.443     7.1372    33.1025      7.887    -0.0105 1.3849e-13  1026.2318     7.1307    30.4402     8.1541    248.384    9.74233  296.76430     83.697 0.0000e+00
   40.11736  -71.67434     70.000     69.451     7.1331    33.1013      7.884    -0.0252 1.5753e-13  1026.2268     7.1267    30.4399     8.1503    248.269    9.74108  296.72580     83.669 0.0000e+00
   40.11736  -71.67435     69.000     68.459     7.1237    33.0979      7.882    -0.0123 1.2336e-13  1026.2208     7.1174    30.4387     8.1414    247.998    9.74137  296.73451     83.576 0.0000e+00
   40.11736  -71.67437     68.000     67.467     7.1177    33.0968 -9.990e-29    -0.0165 1.0509e-13  1026.2162     7.1115    30.4388     8.1331    247.744    9.74368  296.80578     83.470 0.0000e+00
   40.11737  -71.67441     67.000     66.475     7.1130    33.0951 -9.990e-29    -0.0159 9.8632e-14  1026.2109     7.1069    30.4382     8.1364    247.845    9.74426  296.82365     83.499 0.0000e+00
   40.11736  -71.67441     66.000     65.483     7.1132    33.0951 -9.990e-29    -0.0115 1.1567e-13  1026.2063     7.1073    30.4382     8.1318    247.705    9.74428  296.82417     83.452 0.0000e+00
   40.11736  -71.67443     65.000     64.491     7.1130    33.0945 -9.990e-29    -0.0183 1.0303e-13  1026.2013     7.1071    30.4378     8.1396    247.942    9.74453  296.83185     83.529 0.0000e+00
   40.11737  -71.67445     64.000     63.499     7.1113    33.0936      7.882    -0.0188 1.0418e-13  1026.1962     7.1055    30.4373     8.1551    248.416    9.74494  296.84439     83.686 0.0000e+00
   40.11737 -9.990e-29     63.000     62.507     7.1107    33.0936      7.882    -0.0237 1.7483e-13  1026.1917     7.1050    30.4374     8.1565    248.457    9.74502  296.84685     83.699 0.0000e+00
   40.11736 -9.990e-29     62.000     61.515     7.1104    33.0934      7.882    -0.0035 1.2239e-13  1026.1870     7.1048    30.4372     8.1528    248.345    9.74533  296.85649     83.658 0.0000e+00
   40.11736  -71.67450     61.000     60.523     7.1097    33.0931      7.882    -0.0098 1.2495e-13  1026.1822     7.1042    30.4371     8.1538    248.376    9.74537  296.85757     83.668 0.0000e+00
   40.11736  -71.67452     60.000     59.531     7.1085    33.0928      7.882     0.0176 1.0716e-13  1026.1776     7.1031    30.4371     8.1502    248.267    9.74646  296.89079     83.622 0.0000e+00
   40.11736  -71.67451     59.000     58.539     7.1068    33.0924      7.882    -0.0214 8.3924e-14  1026.1728     7.1015    30.4370     8.1486    248.218    9.74644  296.89035     83.606 0.0000e+00
   40.11737  -71.67452     58.000     57.547     7.1049    33.0918      7.882    -0.0203 9.3239e-14  1026.1681     7.0996    30.4369     8.1463    248.148    9.74713  296.91138     83.576 0.0000e+00
   40.11738  -71.67456     57.000     56.555     7.1019    33.0909 -9.990e-29    -0.0167 8.6318e-14  1026.1632     7.0968    30.4366     8.1390    247.925    9.74776  296.93049     83.496 0.0000e+00
   40.11739  -71.67456     56.000     55.563     7.0954    33.0898 -9.990e-29    -0.0064 1.5362e-13  1026.1587     7.0904    30.4368     8.1313    247.691    9.74930  296.97779     83.404 0.0000e+00
   40.11740  -71.67456     55.000     54.571     7.0903    33.0879 -9.990e-29    -0.0033 1.4592e-13  1026.1533     7.0853    30.4361     8.1222    247.414    9.74842  296.95177     83.318 0.0000e+00
   40.11740  -71.67456     54.000     53.579     7.0961    33.0866      7.880    -0.0104 1.7322e-13  1026.1469     7.0912    30.4341     8.1387    247.916    9.74824  296.94628     83.489 0.0000e+00
   40.11740  -71.67459     53.000     52.587     7.1018    33.0851      7.878     0.0024 -9.990e-29  1026.1402     7.0970    30.4320     8.1854    249.343    9.74982  296.99634     83.955 0.0000e+00
   40.11740  -71.67460     52.000     51.595     7.1017    33.0843      7.878     0.0013 -9.990e-29  1026.1352     7.0969    30.4315     8.1862    249.365    9.75044  297.01493     83.957 0.0000e+00
   40.11739  -71.67462     51.000     50.602     7.0939    33.0779      7.882     0.0109 1.7738e-13  1026.1265     7.0893    30.4277     8.2230    250.487    9.75053  297.01791     84.334 0.0000e+00
   40.11746  -71.67487     50.000     49.610     7.0991    33.0712      7.892     0.1215 9.1829e-06  1026.1160     7.0946    30.4216     8.4110    256.217    9.74753  296.92886     86.289 0.0000e+00
   40.11746  -71.67488     49.000     48.618     7.1035    33.0699      7.892     0.1537 7.7995e-04  1026.1097     7.0991    30.4199     8.4126    256.265    9.74578  296.87671     86.320 0.0000e+00
   40.11745  -71.67490     48.000     47.626     7.1163    33.0695      7.892     0.4938 2.2719e-03  1026.1032     7.1119    30.4176     8.4353    256.959    9.72914  296.37172     86.702 0.0000e+00
   40.11747  -71.67492     47.000     46.634     7.2432    33.0754      7.892     1.0647 4.5091e-03  1026.0856     7.2389    30.4017     8.4425    257.180    9.70894  295.75921     86.956 0.0000e+00
   40.11748  -71.67494     46.000     45.642     7.2967    33.0719      7.892     0.8564 6.1989e-03  1026.0709     7.2925    30.3904     8.3858    255.455    9.68880  295.14857     86.552 0.0000e+00
   40.11749  -71.67495     45.000     44.650     7.3518    33.0757      7.894     0.7377 8.0654e-03  1026.0616     7.3476    30.3844     8.4204    256.510    9.68484  295.02914     86.944 0.0000e+00
   40.11750  -71.67498     44.000     43.658     7.4544    33.0849      7.900     0.6114 9.7186e-03  1026.0498     7.4503    30.3748     8.4221    256.566    9.63564  293.53278     87.407 0.0000e+00
   40.11750  -71.67498     43.000     42.665     7.5852    33.1023      7.908     0.4972 1.2347e-02  1026.0400     7.5812    30.3665     8.4441    257.236    9.60716  292.66707     87.894 0.0000e+00
   40.11749  -71.67499     42.000     41.674     7.7803    33.1136      7.936     0.4880 1.6618e-02  1026.0165     7.7763    30.3432     8.5106    259.268    9.58581  292.02422     88.783 0.0000e+00
   40.11750  -71.67502     41.000     40.681     7.8314    33.0991      7.943     0.4950 2.0257e-02  1025.9933     7.8275    30.3234     8.5712    261.122    9.57870  291.81679     89.482 0.0000e+00
   40.11750  -71.67502     40.000     39.689     7.8660    33.0821      7.949     0.5777 2.3417e-02  1025.9705     7.8622    30.3045     8.6270    262.826    9.55484  291.09164     90.292 0.0000e+00
   40.11746  -71.67502     39.000     38.697     8.0731    33.0902      7.952     0.6712 2.8904e-02  1025.9423     8.0693    30.2763     8.6266    262.856    9.37424  285.63650     92.019 0.0000e+00
   40.11748  -71.67504     38.000     37.705     8.6962    33.0930      7.973     0.7429 3.4584e-02  1025.8468     8.6923    30.1716     8.8813    270.605    9.38806  286.04563     94.612 0.0000e+00
   40.11749  -71.67506     37.000     36.713     9.0987    33.0510      8.003     0.8357 4.1859e-02  1025.7481     9.0948    30.0690     8.9635    273.155    9.22382  281.08791     97.180 0.0000e+00
   40.11750  -71.67508     36.000     35.721     9.8571    33.0422      8.085     1.1156 5.6057e-02  1025.6109     9.8531    29.9204     9.3000    283.425    9.14509  278.70413    101.696 0.0000e+00
   40.11749  -71.67531     35.000     34.729    10.3684    33.0370      8.128     1.2099 1.9072e-01  1025.5155    10.3643    29.8189     9.4182    287.045    9.04590  275.69923    104.114 0.0000e+00
   40.11752  -71.67530     34.000     33.736    10.5278    33.0457      8.142     1.1822 2.3003e-01  1025.4905    10.5238    29.7951     9.4688    288.599    8.99959  274.29952    105.213 0.0000e+00
   40.11751  -71.67531     33.000     32.744    10.6368    33.0435      8.146     1.2124 2.8381e-01  1025.4649    10.6329    29.7717     9.4958    289.429    8.98320  273.80441    105.707 0.0000e+00
   40.11752  -71.67530     32.000     31.752    10.9012    33.0428      8.154     1.1611 3.1772e-01  1025.4138    10.8974    29.7197     9.5638    291.509    8.94690  272.70487    106.895 0.0000e+00
   40.11751  -71.67533     31.000     30.760    10.9487    33.0527      8.159     1.2378 3.6878e-01  1025.4087    10.9450    29.7181     9.5777    291.933    8.94241  272.56918    107.105 0.0000e+00
   40.11750  -71.67536     30.000     29.768    11.0558    33.0579      8.167     1.1981 2.4191e-01  1025.3889    11.0523    29.7006     9.5832    292.114    8.89351  271.08953    107.755 0.0000e+00
   40.11752  -71.67533     29.000     28.776    11.2171    33.0599      8.173     1.2639 3.4234e-01  1025.3571    11.2136    29.6700     9.6258    293.411    8.88147  270.72438    108.380 0.0000e+00
   40.11752  -71.67534     28.000     27.783    11.3609    33.0665      8.178     1.2277 2.8714e-01  1025.3314    11.3575    29.6458     9.6263    293.435    8.85644  269.96801    108.692 0.0000e+00
   40.11752  -71.67535     27.000     26.791    11.4471    33.0706      8.184     1.2040 6.2325e-01  1025.3143    11.4438    29.6315     9.6510    294.191    8.84342  269.57183    109.133 0.0000e+00
   40.11752  -71.67538     26.000     25.799    11.5264    33.0772      8.187     1.1388 3.8363e-01  1025.3011    11.5232    29.6210     9.6681    294.713    8.82864  269.12481    109.508 0.0000e+00
   40.11750  -71.67542     25.000     24.807    11.5908    33.0780      8.189     1.0974 6.6222e-01  1025.2852    11.5877    29.6084     9.6529    294.249    8.83152  269.21156    109.300 0.0000e+00
   40.11755  -71.67560     24.000     23.814    11.5917    33.0798      8.201     1.1594 9.2967e-01  1025.2819    11.5887    29.6095     9.6667    294.672    8.82941  269.14738    109.483 0.0000e+00
   40.11755  -71.67561     23.000     22.822    11.5912    33.0796 -9.990e-29     1.1461 1.4185e+00  1025.2773    11.5884    29.6094     9.6755    294.940    8.82901  269.13518    109.588 0.0000e+00
   40.11755  -71.67562     22.000     21.830    11.5930    33.0797 -9.990e-29     1.1776 1.7863e+00  1025.2725    11.5903    29.6091     9.6630    294.559    8.82785  269.10002    109.461 0.0000e+00
   40.11756  -71.67562     21.000     20.838    11.5991    33.0809 -9.990e-29     1.1665 2.0859e+00  1025.2678    11.5965    29.6087     9.6860    295.259    8.82718  269.07950    109.729 0.0000e+00
   40.11756  -71.67564     20.000     19.846    11.6027    33.0812 -9.990e-29     1.2531 2.6237e+00  1025.2629    11.6002    29.6082     9.6839    295.195    8.82722  269.08093    109.705 0.0000e+00
   40.11755  -71.67566     19.000     18.853    11.6018    33.0809 -9.990e-29     1.1592 3.0226e+00  1025.2583    11.5995    29.6081     9.6868    295.285    8.82767  269.09452    109.733 0.0000e+00
   40.11756  -71.67566     18.000     17.861    11.5998    33.0805      8.203     1.2118 3.4043e+00  1025.2539    11.5976    29.6082     9.6655    294.635    8.82760  269.09244    109.492 0.0000e+00
   40.11757  -71.67568     17.000     16.869    11.5992    33.0803      8.203     1.2295 4.2609e+00  1025.2494    11.5971    29.6082     9.6974    295.607    8.82795  269.10312    109.849 0.0000e+00
   40.11757  -71.67569     16.000     15.877    11.5974    33.0800 -9.990e-29     1.2521 5.3985e+00  1025.2449    11.5954    29.6082     9.6880    295.320    8.82796  269.10340    109.742 0.0000e+00
   40.11757  -71.67569     15.000     14.884    11.5982    33.0800      8.203     1.2541 5.9000e+00  1025.2403    11.5964    29.6081     9.6970    295.595    8.82790  269.10164    109.845 0.0000e+00
   40.11757  -71.67570     14.000     13.892    11.5989    33.0801      8.203     1.2391 6.2624e+00  1025.2357    11.5972    29.6079     9.7016    295.734    8.82782  269.09929    109.898 0.0000e+00
   40.11756  -71.67573     13.000     12.900    11.5989    33.0803      8.203     1.2299 9.4120e+00  1025.2314    11.5972    29.6081     9.6867    295.280    8.82811  269.10798    109.726 0.0000e+00
   40.11757  -71.67573     12.000     11.908    11.5967    33.0797      8.203     1.1769 9.2410e+00  1025.2268    11.5952    29.6081     9.6738    294.887    8.82901  269.13537    109.568 0.0000e+00
   40.11757  -71.67574     11.000     10.915    11.5936    33.0790      8.203     1.2478 1.3287e+01  1025.2224    11.5922    29.6082     9.7080    295.931    8.82897  269.13430    109.956 0.0000e+00
   40.11759  -71.67587     10.000      9.923    11.5896    33.0778      8.203     1.1851 1.6185e+01  1025.2176    11.5884    29.6080     9.7242    296.424    8.83000  269.16572    110.127 0.0000e+00
   40.11760  -71.67601      9.000      8.931    11.5841    33.0764      8.203     1.1991 2.0486e+01  1025.2130    11.5830    29.6080     9.7278    296.533    8.83098  269.19553    110.155 0.0000e+00
   40.11761  -71.67604      8.000      7.939    11.5838    33.0758      8.203     1.1582 2.5130e+01  1025.2081    11.5828    29.6076     9.7187    296.257    8.83073  269.18811    110.056 0.0000e+00
   40.11761  -71.67607      7.000      6.946    11.5848    33.0760      8.203     1.1122 3.0107e+01  1025.2036    11.5839    29.6076     9.7240    296.418    8.83036  269.17705    110.120 0.0000e+00
   40.11762  -71.67610      6.000      5.954    11.5861    33.0762      8.203     1.0102 3.1448e+01  1025.1990    11.5854    29.6074     9.7410    296.935    8.83050  269.18137    110.310 0.0000e+00
   40.11763  -71.67610      5.000      4.962    11.5855    33.0758      8.203     0.9028 4.8604e+01  1025.1942    11.5849    29.6071     9.7452    297.064    8.83055  269.18291    110.358 0.0000e+00
   40.11763  -71.67611      4.000      3.969    11.5919    33.0767      8.203     0.7851 4.7117e+01  1025.1893    11.5914    29.6065     9.7349    296.751    8.82965  269.15541    110.253 0.0000e+00
   40.11762  -71.67614      3.000      2.977    11.6030    33.0778      8.203     0.6746 6.5490e+01  1025.1836    11.6027    29.6050     9.6988    295.650    8.82573  269.03621    109.892 0.0000e+00
   40.11769  -71.67630      2.000      1.985    11.6101    33.0818      8.201     0.5143 4.1656e+01  1025.1809    11.6099    29.6067     9.7027    295.767    8.82656  269.06109    109.926 0.0000e+00
