CalculateIndicators/WaterTemperature/Data/CTD_NYOS/20230516_C16.cnv
* Sea-Bird SBE 9 Data File:
* FileName = C:\Seabird 9 CTD\Data\2023\202305_offshore\20230516_C16.hex
* Software Version Seasave V 7.23.2
* Temperature SN = 4590
* Conductivity SN = 3228
* Number of Bytes Per Scan = 44
* Number of Voltage Words = 5
* Number of Scans Averaged by the Deck Unit = 1
* NMEA Latitude = 40 25.93 N
* NMEA Longitude = 072 49.56 W
* NMEA UTC (Time) = May 16 2023  23:27:59
* NMEA baud rate = 4800
** Ship: Seawolf
** Station: 9.2
** Operator: TDK
# nquan = 18
# nvalues = 12750                       
# units = specified
# name 0 = latitude: Latitude [deg]
# name 1 = longitude: Longitude [deg]
# name 2 = prDM: Pressure, Digiquartz [db]
# name 3 = depSM: Depth [salt water, m]
# name 4 = t090C: Temperature [ITS-90, deg C]
# name 5 = sal00: Salinity, Practical [PSU]
# name 6 = ph: pH
# name 7 = flECO-AFL: Fluorescence, WET Labs ECO-AFL/FL [mg/m^3]
# name 8 = cpar: CPAR/Corrected Irradiance [%]
# name 9 = density00: Density [density, kg/m^3]
# name 10 = potemp090C: Potential Temperature [ITS-90, deg C]
# name 11 = sigma-é00: Density [sigma-theta, kg/m^3]
# name 12 = sbeox0Mg/L: Oxygen, SBE 43 [mg/l]
# name 13 = sbox0Mm/Kg: Oxygen, SBE 43 [umol/kg]
# name 14 = oxsolMg/L: Oxygen Saturation, Garcia & Gordon [mg/l]
# name 15 = oxsolMm/Kg: Oxygen Saturation, Garcia & Gordon [umol/kg]
# name 16 = sbeox0PS: Oxygen, SBE 43 [% saturation]
# name 17 = flag:  0.000e+00
# span 0 =   40.43216,   40.43402       
# span 1 =  -72.82598,  -72.82236       
# span 2 =      1.589,     40.534       
# span 3 =      1.577,     40.218       
# span 4 =     6.7690,    13.6497       
# span 5 =    30.9740,    32.8163       
# span 6 =      7.845,      8.077       
# span 7 =     0.0551,     4.7022       
# span 8 = 9.5546e-13, 3.9481e+01       
# span 9 =  1022.9546,  1025.8191       
# span 10 =     6.7656,    13.6480      
# span 11 =    23.0468,    25.6533      
# span 12 =     8.3968,    10.0304      
# span 13 =    255.879,    305.746      
# span 14 =    8.55482,    9.84832      
# span 15 =  261.23375,  300.07654      
# span 16 =     86.203,    107.952      
# span 17 = 0.0000e+00, 0.0000e+00      
# interval = seconds: 0.0416667
# start_time = May 16 2023 23:27:58 [System UTC, first data scan.]
# bad_flag = -9.990e-29
*END*
[from data line 2895]
   40.43266 -9.990e-29     38.461     38.161     6.7714    32.6910      7.850     0.0954 1.0128e-12  1025.8078     6.7680    25.6309     8.5068    259.199    9.84784  300.05869     86.383 0.0000e+00
   40.43266 -9.990e-29     38.436     38.136     6.7716    32.6908      7.855     0.0954 1.0128e-12  1025.8073     6.7682    25.6308     8.5077    259.224    9.84777  300.05666     86.392 0.0000e+00
   40.43266 -9.990e-29     38.430     38.131     6.7716    32.6906      7.850     0.0954 1.0128e-12  1025.8072     6.7682    25.6306     8.5087    259.255    9.84784  300.05882     86.401 0.0000e+00
   40.43266 -9.990e-29     38.419     38.120     6.7714    32.6904      7.850     0.0954 1.0128e-12  1025.8070     6.7680    25.6304     8.5096    259.284    9.84782  300.05823     86.411 0.0000e+00
   40.43266 -9.990e-29     38.406     38.106     6.7714    32.6904      7.850     0.0954 1.0128e-12  1025.8068     6.7680    25.6304     8.5097    259.285    9.84783  300.05855     86.411 0.0000e+00
   40.43266  -72.82520     38.400     38.101     6.7711    32.6904 -9.990e-29     0.0954 1.0128e-12  1025.8069     6.7677    25.6305     8.5097    259.286    9.84785  300.05890     86.412 0.0000e+00
   40.43266  -72.82520     38.379     38.080     6.7708    32.6905 -9.990e-29     0.0954 1.0128e-12  1025.8072     6.7674    25.6307     8.5042    259.120    9.84779  300.05730     86.357 -9.990e-29
   40.43266  -72.82520     38.385     38.086     6.7706    32.6905 -9.990e-29     0.0954 1.0128e-12  1025.8071     6.7672    25.6307     8.5108    259.320    9.84783  300.05844     86.423 -9.990e-29
   40.43266  -72.82520     38.368     38.069     6.7707    32.6905 -9.990e-29     0.0954 1.0128e-12  1025.8069     6.7674    25.6307     8.5065    259.189    9.84781  300.05757     86.380 0.0000e+00
   40.43266  -72.82520     38.359     38.060     6.7703    32.6906 -9.990e-29     0.0819 1.0128e-12  1025.8070     6.7669    25.6307     8.5132    259.394    9.84783  300.05849     86.448 0.0000e+00
   40.43266  -72.82520     38.355     38.056     6.7704    32.6907 -9.990e-29     0.0819 1.0128e-12  1025.8071     6.7671    25.6308     8.5071    259.207    9.84784  300.05863     86.385 0.0000e+00
   40.43266  -72.82520     38.349     38.050     6.7704    32.6908 -9.990e-29     0.0819 1.0128e-12  1025.8073     6.7671    25.6309     8.5074    259.217    9.84779  300.05728     86.389 -9.990e-29
   40.43266  -72.82520     38.359     38.060     6.7703    32.6908 -9.990e-29     0.0819 1.0128e-12  1025.8071     6.7669    25.6309     8.5069    259.201    9.84779  300.05724     86.384 -9.990e-29
   40.43266  -72.82520     38.334     38.035     6.7701    32.6908 -9.990e-29     0.0819 1.0128e-12  1025.8073     6.7667    25.6309     8.5065    259.187    9.84787  300.05957     86.379 -9.990e-29
   40.43266  -72.82520     38.338     38.039     6.7701    32.6908 -9.990e-29     0.0819 1.0128e-12  1025.8071     6.7667    25.6309     8.5123    259.366    9.84782  300.05806     86.439 -9.990e-29
   40.43266  -72.82520     38.338     38.039     6.7703    32.6908 -9.990e-29     0.0819 1.0128e-12  1025.8069     6.7669    25.6309     8.5064    259.186    9.84780  300.05747     86.379 -9.990e-29
   40.43266  -72.82520     38.355     38.056     6.7699    32.6908 -9.990e-29     0.0819 1.0128e-12  1025.8073     6.7666    25.6310     8.5060    259.174    9.84786  300.05943     86.374 -9.990e-29
   40.43266  -72.82520     38.368     38.069     6.7700    32.6909 -9.990e-29     0.0819 1.0128e-12  1025.8075     6.7666    25.6311     8.5130    259.387    9.84789  300.06025     86.445 -9.990e-29
   40.43266  -72.82520     38.400     38.101     6.7701    32.6909 -9.990e-29     0.0819 1.0128e-12  1025.8074     6.7667    25.6310     8.5135    259.403    9.84780  300.05752     86.451 -9.990e-29
   40.43266  -72.82520     38.395     38.095     6.7704    32.6910 -9.990e-29     0.0819 1.0128e-12  1025.8076     6.7671    25.6310     8.5078    259.228    9.84787  300.05950     86.392 -9.990e-29
   40.43266  -72.82520     38.389     38.090     6.7704    32.6910 -9.990e-29     0.0819 1.0128e-12  1025.8074     6.7671    25.6311     8.5139    259.413    9.84787  300.05963     86.454 -9.990e-29
   40.43266  -72.82520     38.389     38.090     6.7703    32.6910 -9.990e-29     0.0819 1.0128e-12  1025.8076     6.7669    25.6312     8.5081    259.236    9.84784  300.05849     86.395 -9.990e-29
   40.43266  -72.82520     38.415     38.116     6.7703    32.6910 -9.990e-29     0.0819 1.0128e-12  1025.8078     6.7669    25.6312     8.5078    259.227    9.84784  300.05862     86.392 -9.990e-29
   40.43266  -72.82520     38.430     38.131     6.7706    32.6910 -9.990e-29     0.0819 1.0128e-12  1025.8076     6.7672    25.6311     8.5139    259.415    9.84786  300.05921     86.454 -9.990e-29
   40.43266  -72.82520     38.446     38.146     6.7704    32.6909 -9.990e-29     0.0819 1.0335e-12  1025.8077     6.7671    25.6310     8.5082    259.241    9.84784  300.05874     86.397 -9.990e-29
   40.43266  -72.82520     38.461     38.161     6.7704    32.6907 -9.990e-29     0.0819 1.0128e-12  1025.8075     6.7671    25.6308     8.5079    259.233    9.84780  300.05736     86.394 -9.990e-29
   40.43266  -72.82520     38.481     38.182     6.7704    32.6905 -9.990e-29     0.0819 1.0335e-12  1025.8076     6.7671    25.6307     8.5077    259.226    9.84775  300.05575     86.393 -9.990e-29
   40.43266  -72.82520     38.508     38.208     6.7705    32.6905 -9.990e-29     0.0819 1.0335e-12  1025.8075     6.7671    25.6307     8.5076    259.222    9.84775  300.05588     86.391 -9.990e-29
   40.43266  -72.82518     38.532     38.232     6.7703    32.6905 -9.990e-29     0.0819 1.0335e-12  1025.8078     6.7669    25.6307     8.5074    259.216    9.84768  300.05352     86.390 -9.990e-29
   40.43266  -72.82518     38.552     38.251     6.7701    32.6906 -9.990e-29     0.0819 1.0335e-12  1025.8079     6.7667    25.6308     8.5073    259.214    9.84767  300.05320     86.389 -9.990e-29
   40.43266  -72.82518     38.548     38.247     6.7704    32.6906 -9.990e-29     0.0819 1.0335e-12  1025.8079     6.7670    25.6309     8.5136    259.406    9.84758  300.05088     86.454 -9.990e-29
   40.43266  -72.82518     38.593     38.292     6.7704    32.6906 -9.990e-29     0.0819 1.0335e-12  1025.8083     6.7670    25.6309     8.5081    259.237    9.84751  300.04865     86.398 -9.990e-29
   40.43266  -72.82518     38.623     38.322     6.7706    32.6906 -9.990e-29     0.0819 1.0335e-12  1025.8082     6.7672    25.6308     8.5081    259.237    9.84751  300.04878     86.398 -9.990e-29
   40.43266  -72.82518     38.650     38.348     6.7706    32.6905 -9.990e-29     0.0819 1.0335e-12  1025.8083     6.7672    25.6307     8.5145    259.433    9.84751  300.04875     86.464 -9.990e-29
   40.43266  -72.82518     38.695     38.394     6.7704    32.6905 -9.990e-29     0.0819 1.0335e-12  1025.8085     6.7670    25.6307     8.5082    259.241    9.84755  300.04995     86.399 -9.990e-29
   40.43266  -72.82518     38.716     38.414     6.7703    32.6904 -9.990e-29     0.0819 1.0335e-12  1025.8086     6.7669    25.6306     8.5146    259.436    9.84752  300.04885     86.464 -9.990e-29
   40.43266  -72.82518     38.741     38.439     6.7703    32.6903 -9.990e-29     0.0819 1.0335e-12  1025.8086     6.7669    25.6305     8.5083    259.242    9.84755  300.04989     86.400 -9.990e-29
   40.43266  -72.82518     38.777     38.474     6.7701    32.6901 -9.990e-29     0.0819 1.0335e-12  1025.8086     6.7667    25.6304     8.5136    259.406    9.84748  300.04760     86.455 -9.990e-29
   40.43266  -72.82518     38.772     38.470     6.7701    32.6900 -9.990e-29     0.0819 1.0335e-12  1025.8085     6.7667    25.6303     8.5135    259.403    9.84739  300.04484     86.455 -9.990e-29
   40.43266  -72.82518     38.797     38.495     6.7703    32.6900 -9.990e-29     0.0819 1.0335e-12  1025.8084     6.7669    25.6303     8.5080    259.236    9.84738  300.04450     86.399 -9.990e-29
   40.43266  -72.82518     38.837     38.535     6.7701    32.6900 -9.990e-29     0.0819 1.0335e-12  1025.8088     6.7667    25.6304     8.5080    259.235    9.84731  300.04259     86.399 -9.990e-29
   40.43266  -72.82518     38.863     38.561     6.7698    32.6901 -9.990e-29     0.0819 1.0335e-12  1025.8092     6.7664    25.6305     8.5080    259.233    9.84724  300.04042     86.400 -9.990e-29
   40.43266  -72.82518     38.869     38.566     6.7698    32.6901 -9.990e-29     0.0819 1.0335e-12  1025.8094     6.7664    25.6306     8.5081    259.237    9.84727  300.04153     86.400 -9.990e-29
   40.43266  -72.82518     38.894     38.591     6.7701    32.6901 -9.990e-29     0.0819 1.0335e-12  1025.8091     6.7667    25.6305     8.5146    259.435    9.84726  300.04112     86.467 -9.990e-29
   40.43266  -72.82518     38.930     38.626     6.7698    32.6899 -9.990e-29     0.0819 1.0335e-12  1025.8092     6.7664    25.6303     8.5157    259.469    9.84729  300.04193     86.478 -9.990e-29
   40.43266  -72.82518     38.939     38.636     6.7699    32.6899 -9.990e-29     0.0819 1.0335e-12  1025.8091     6.7665    25.6301     8.5158    259.472    9.84728  300.04162     86.479 -9.990e-29
   40.43266  -72.82518     38.975     38.671     6.7701    32.6899 -9.990e-29     0.0819 1.0335e-12  1025.8090     6.7667    25.6301     8.5158    259.472    9.84725  300.04074     86.479 -9.990e-29
   40.43266  -72.82518     39.011     38.707     6.7701    32.6899 -9.990e-29     0.0819 1.0335e-12  1025.8096     6.7667    25.6303     8.5159    259.474    9.84730  300.04215     86.479 -9.990e-29
   40.43266  -72.82518     39.017     38.712     6.7696    32.6899 -9.990e-29     0.0819 1.0335e-12  1025.8099     6.7662    25.6304     8.5168    259.503    9.84731  300.04265     86.489 -9.990e-29
   40.43266  -72.82518     39.041     38.737     6.7701    32.6899 -9.990e-29     0.0819 1.0335e-12  1025.8096     6.7667    25.6303     8.5114    259.339    9.84732  300.04294     86.434 -9.990e-29
   40.43266  -72.82518     39.072     38.767     6.7698    32.6899 -9.990e-29     0.0819 1.0335e-12  1025.8097     6.7664    25.6303     8.5115    259.340    9.84732  300.04282     86.434 -9.990e-29
   40.43266  -72.82518     39.088     38.784     6.7698    32.6899 -9.990e-29     0.0819 1.0335e-12  1025.8100     6.7664    25.6303     8.5116    259.344    9.84737  300.04452     86.435 -9.990e-29
   40.43266  -72.82518     39.103     38.799     6.7698    32.6900 -9.990e-29     0.0819 1.0335e-12  1025.8099     6.7664    25.6304     8.5182    259.544    9.84742  300.04623     86.501 -9.990e-29
   40.43266  -72.82518     39.138     38.833     6.7696    32.6900 -9.990e-29     0.0819 1.0335e-12  1025.8105     6.7662    25.6304     8.5192    259.577    9.84744  300.04652     86.512 -9.990e-29
   40.43266  -72.82518     39.134     38.829     6.7699    32.6900 -9.990e-29     0.0819 1.0335e-12  1025.8101     6.7665    25.6304     8.5203    259.610    9.84744  300.04636     86.523 -9.990e-29
   40.43266  -72.82518     39.138     38.833     6.7698    32.6900 -9.990e-29     0.0819 1.0335e-12  1025.8101     6.7664    25.6304     8.5203    259.610    9.84737  300.04441     86.524 -9.990e-29
   40.43266  -72.82518     39.174     38.868     6.7698    32.6900 -9.990e-29     0.0819 1.0335e-12  1025.8106     6.7664    25.6304     8.5215    259.645    9.84744  300.04630     86.535 -9.990e-29
   40.43266  -72.82518     39.194     38.889     6.7698    32.6899 -9.990e-29     0.0819 1.0335e-12  1025.8104     6.7664    25.6303     8.5215    259.645    9.84741  300.04552     86.535 -9.990e-29
   40.43266  -72.82518     39.179     38.874     6.7698    32.6899 -9.990e-29     0.0954 1.0335e-12  1025.8103     6.7664    25.6302     8.5224    259.674    9.84738  300.04457     86.545 -9.990e-29
   40.43266  -72.82518     39.194     38.889     6.7700    32.6899 -9.990e-29     0.0954 1.0335e-12  1025.8103     6.7666    25.6302     8.5160    259.479    9.84733  300.04312     86.481 -9.990e-29
   40.43266  -72.82518     39.221     38.915     6.7699    32.6899 -9.990e-29     0.0954 1.0335e-12  1025.8106     6.7665    25.6303     8.5151    259.450    9.84733  300.04309     86.471 -9.990e-29
   40.43266  -72.82518     39.204     38.898     6.7696    32.6899 -9.990e-29     0.0954 1.0335e-12  1025.8105     6.7662    25.6304     8.5205    259.616    9.84733  300.04291     86.526 -9.990e-29
   40.43266  -72.82518     39.210     38.904     6.7698    32.6900 -9.990e-29     0.0954 1.0335e-12  1025.8106     6.7664    25.6305     8.5205    259.615    9.84731  300.04250     86.526 -9.990e-29
   40.43266  -72.82518     39.225     38.919     6.7698    32.6901 -9.990e-29     0.0954 1.0335e-12  1025.8109     6.7664    25.6305     8.5150    259.447    9.84726  300.04096     86.471 -9.990e-29
   40.43266  -72.82518     39.215     38.909     6.7696    32.6901 -9.990e-29     0.0954 1.0335e-12  1025.8106     6.7662    25.6305     8.5203    259.611    9.84723  300.04008     86.525 -9.990e-29
   40.43266  -72.82518     39.200     38.894     6.7695    32.6901 -9.990e-29     0.0954 1.0128e-12  1025.8106     6.7660    25.6305     8.5203    259.610    9.84727  300.04143     86.525 -9.990e-29
   40.43266  -72.82518     39.204     38.898     6.7699    32.6901 -9.990e-29     0.0954 1.0128e-12  1025.8104     6.7665    25.6305     8.5213    259.638    9.84731  300.04254     86.534 -9.990e-29
   40.43266  -72.82518     39.200     38.894     6.7695    32.6902 -9.990e-29     0.0954 1.0128e-12  1025.8109     6.7660    25.6306     8.5222    259.667    9.84737  300.04440     86.543 -9.990e-29
   40.43266  -72.82518     39.185     38.879     6.7695    32.6902 -9.990e-29     0.0954 1.0128e-12  1025.8108     6.7660    25.6307     8.5158    259.473    9.84749  300.04817     86.477 -9.990e-29
   40.43266  -72.82518     39.179     38.874     6.7696    32.6902 -9.990e-29     0.0954 1.0128e-12  1025.8108     6.7662    25.6306     8.5222    259.666    9.84753  300.04928     86.541 -9.990e-29
   40.43266  -72.82518     39.174     38.868     6.7698    32.6903 -9.990e-29     0.0954 1.0128e-12  1025.8102     6.7664    25.6305     8.5221    259.664    9.84756  300.05016     86.540 -9.990e-29
   40.43266  -72.82518     39.149     38.844     6.7696    32.6903 -9.990e-29     0.0954 1.0128e-12  1025.8104     6.7662    25.6305     8.5219    259.659    9.84754  300.04953     86.539 -9.990e-29
   40.43266  -72.82518     39.134     38.829     6.7696    32.6903 -9.990e-29     0.0954 1.0128e-12  1025.8105     6.7662    25.6307     8.5228    259.686    9.84761  300.05163     86.547 -9.990e-29
   40.43266  -72.82518     39.113     38.808     6.7698    32.6904 -9.990e-29     0.0954 1.0128e-12  1025.8104     6.7664    25.6308     8.5226    259.680    9.84760  300.05138     86.545 -9.990e-29
   40.43266  -72.82518     39.098     38.793     6.7699    32.6906 -9.990e-29     0.0954 1.0128e-12  1025.8105     6.7665    25.6308     8.5225    259.675    9.84765  300.05296     86.543 -9.990e-29
   40.43266  -72.82518     39.072     38.767     6.7699    32.6908 -9.990e-29     0.0954 1.0128e-12  1025.8104     6.7665    25.6309     8.5221    259.665    9.84759  300.05110     86.540 -9.990e-29
   40.43266  -72.82516     39.056     38.752     6.7701    32.6908 -9.990e-29     0.0819 1.0128e-12  1025.8108     6.7667    25.6311     8.5219    259.657    9.84762  300.05193     86.537 -9.990e-29
   40.43266  -72.82516     39.032     38.727     6.7701    32.6908 -9.990e-29     0.0954 1.0128e-12  1025.8108     6.7667    25.6311     8.5216    259.648    9.84765  300.05297     86.534 -9.990e-29
   40.43266  -72.82516     39.011     38.707     6.7707    32.6906 -9.990e-29     0.0954 1.0128e-12  1025.8098     6.7673    25.6307     8.5212    259.635    9.84764  300.05248     86.530 -9.990e-29
