CalculateIndicators/WaterTemperature/Data/CTD_NYOS/20230515_C04.cnv
* Sea-Bird SBE 9 Data File:
* FileName = C:\Seabird 9 CTD\Data\2023\202305_offshore\20230515_C04.hex
* Software Version Seasave V 7.23.2
* Temperature SN = 4590
* Conductivity SN = 3228
* Number of Bytes Per Scan = 44
* Number of Voltage Words = 5
* Number of Scans Averaged by the Deck Unit = 1
* NMEA Latitude = 40 04.79 N
* NMEA Longitude = 073 04.04 W
* NMEA UTC (Time) = May 15 2023  14:34:09
* NMEA baud rate = 4800
** Ship: Seawolf
** Station: 8.3
** Operator: SJW
# nquan = 18
# nvalues = 9706                        
# units = specified
# name 0 = latitude: Latitude [deg]
# name 1 = longitude: Longitude [deg]
# name 2 = prDM: Pressure, Digiquartz [db]
# name 3 = depSM: Depth [salt water, m]
# name 4 = t090C: Temperature [ITS-90, deg C]
# name 5 = sal00: Salinity, Practical [PSU]
# name 6 = ph: pH
# name 7 = flECO-AFL: Fluorescence, WET Labs ECO-AFL/FL [mg/m^3]
# name 8 = cpar: CPAR/Corrected Irradiance [%]
# name 9 = density00: Density [density, kg/m^3]
# name 10 = potemp090C: Potential Temperature [ITS-90, deg C]
# name 11 = sigma-é00: Density [sigma-theta, kg/m^3]
# name 12 = sbeox0Mg/L: Oxygen, SBE 43 [mg/l]
# name 13 = sbox0Mm/Kg: Oxygen, SBE 43 [umol/kg]
# name 14 = oxsolMg/L: Oxygen Saturation, Garcia & Gordon [mg/l]
# name 15 = oxsolMm/Kg: Oxygen Saturation, Garcia & Gordon [umol/kg]
# name 16 = sbeox0PS: Oxygen, SBE 43 [% saturation]
# name 17 = flag:  0.000e+00
# span 0 =   40.07954,   40.07984       
# span 1 =  -73.06740,  -73.06642       
# span 2 =      1.833,     39.499       
# span 3 =      1.819,     39.193       
# span 4 =     6.5791,    13.5173       
# span 5 =    31.7184,    32.8866       
# span 6 =      7.793,      8.064       
# span 7 =    -0.0121,    48.4336       
# span 8 = 1.0790e-01, 8.3755e+01       
# span 9 =  1023.7736,  1025.9617       
# span 10 =     6.5767,    13.5170      
# span 11 =    23.7567,    25.7807      
# span 12 =     8.3115,    10.4696      
# span 13 =    253.215,    318.985      
# span 14 =    8.55264,    9.88477      
# span 15 =  261.06641,  301.15329      
# span 16 =     84.269,    110.104      
# span 17 = 0.0000e+00, 0.0000e+00      
# interval = seconds: 0.0416667
# start_time = May 15 2023 14:34:10 [System UTC, first data scan.]
# bad_flag = -9.990e-29
*END*
[from data line 81]
   40.07978  -73.06724      2.210      2.193    13.4787    31.7524 -9.990e-29     0.0282 4.5247e+01  1023.7939    13.4784    23.7840     8.7769    267.910    8.55916  261.26388    102.544 -9.990e-29
   40.07978  -73.06724      2.208      2.191    13.4789    31.7523 -9.990e-29     0.0282 5.0491e+01  1023.7937    13.4786    23.7839     8.7767    267.903    8.55915  261.26355    102.541 -9.990e-29
   40.07978  -73.06724      2.208      2.191    13.4790    31.7521 -9.990e-29     0.0282 5.1452e+01  1023.7935    13.4787    23.7837     8.7817    268.056    8.55920  261.26498    102.599 -9.990e-29
   40.07978  -73.06724      2.188      2.171    13.4790    31.7521 -9.990e-29     0.0416 5.1308e+01  1023.7933    13.4787    23.7836     8.7820    268.065    8.55925  261.26642    102.602 -9.990e-29
   40.07978  -73.06724      2.178      2.161    13.4790    31.7521 -9.990e-29     0.0282 5.1452e+01  1023.7932    13.4787    23.7837     8.7769    267.912    8.55926  261.26664    102.543 -9.990e-29
   40.07978  -73.06724      2.168      2.152    13.4786    31.7524 -9.990e-29     0.0416 5.1597e+01  1023.7937    13.4783    23.7839     8.7771    267.916    8.55926  261.26685    102.545 -9.990e-29
   40.07978  -73.06724      2.157      2.141    13.4787    31.7526 -9.990e-29     0.0416 4.8639e+01  1023.7939    13.4784    23.7841     8.7825    268.081    8.55930  261.26797    102.608 -9.990e-29
   40.07978  -73.06724      2.148      2.131    13.4786    31.7527 -9.990e-29     0.0282 4.4616e+01  1023.7938    13.4783    23.7842     8.7831    268.100    8.55927  261.26696    102.615 -9.990e-29
   40.07978  -73.06724      2.137      2.120    13.4786    31.7527 -9.990e-29     0.0416 4.3501e+01  1023.7937    13.4783    23.7843     8.7837    268.118    8.55922  261.26566    102.623 -9.990e-29
   40.07978  -73.06724      2.127      2.111    13.4782    31.7527 -9.990e-29     0.0282 4.1088e+01  1023.7938    13.4779    23.7843     8.7849    268.155    8.55927  261.26707    102.636 -9.990e-29
   40.07984  -73.06740      2.107      2.090    13.4786    31.7527 -9.990e-29     0.0416 3.5930e+01  1023.7935    13.4783    23.7843     8.7854    268.171    8.55924  261.26620    102.643 -9.990e-29
   40.07984  -73.06740      2.097      2.081    13.4784    31.7527 -9.990e-29     0.0282 3.4225e+01  1023.7939    13.4781    23.7843     8.7860    268.187    8.55927  261.26709    102.649 -9.990e-29
   40.07984  -73.06740      2.089      2.073    13.4789    31.7527 -9.990e-29     0.0416 3.6542e+01  1023.7933    13.4786    23.7842     8.7864    268.200    8.55927  261.26707    102.653 -9.990e-29
   40.07984  -73.06740      2.076      2.060    13.4789    31.7527 -9.990e-29     0.0282 4.6147e+01  1023.7936    13.4786    23.7842     8.7874    268.231    8.55928  261.26730    102.665 -9.990e-29
   40.07984  -73.06740      2.056      2.040    13.4789    31.7526 -9.990e-29     0.0416 5.0633e+01  1023.7932    13.4786    23.7840     8.7878    268.242    8.55926  261.26675    102.670 -9.990e-29
   40.07984  -73.06740      2.036      2.021    13.4794    31.7526 -9.990e-29     0.0282 5.2963e+01  1023.7928    13.4791    23.7839     8.7881    268.253    8.55933  261.26872    102.673 -9.990e-29
   40.07984  -73.06740      2.025      2.010    13.4792    31.7526 -9.990e-29     0.0282 7.1494e+01  1023.7932    13.4789    23.7840     8.7936    268.421    8.55934  261.26928    102.737 -9.990e-29
   40.07984  -73.06740      1.995      1.980    13.4795    31.7526 -9.990e-29     0.0416 8.2285e+01  1023.7928    13.4793    23.7840     8.7893    268.287    8.55940  261.27081    102.686 -9.990e-29
   40.07984  -73.06740      1.995      1.980    13.4795    31.7526 -9.990e-29     0.0416 8.2054e+01  1023.7929    13.4793    23.7839     8.7893    268.289    8.55932  261.26840    102.687 -9.990e-29
   40.07984  -73.06740      1.965      1.950    13.4795    31.7525 -9.990e-29     0.0282 6.5527e+01  1023.7926    13.4793    23.7838     8.7895    268.293    8.55933  261.26895    102.688 -9.990e-29
   40.07984  -73.06740      1.965      1.950    13.4795    31.7525 -9.990e-29     0.0416 5.7368e+01  1023.7926    13.4793    23.7838     8.7895    268.293    8.55929  261.26762    102.689 -9.990e-29
   40.07984  -73.06740      1.944      1.930    13.4794    31.7525 -9.990e-29     0.0416 5.6567e+01  1023.7927    13.4791    23.7838     8.7947    268.454    8.55934  261.26904    102.750 -9.990e-29
   40.07984  -73.06740      1.914      1.900    13.4797    31.7525 -9.990e-29     0.0282 4.5046e+01  1023.7921    13.4795    23.7838     8.7900    268.309    8.55931  261.26817    102.695 -9.990e-29
   40.07984  -73.06740      1.914      1.900    13.4795    31.7525 -9.990e-29     0.0282 3.7522e+01  1023.7926    13.4793    23.7839     8.7905    268.324    8.55930  261.26795    102.701 -9.990e-29
   40.07984  -73.06740      1.905      1.890    13.4795    31.7525 -9.990e-29     0.0416 3.6277e+01  1023.7925    13.4793    23.7838     8.7903    268.319    8.55929  261.26751    102.699 -9.990e-29
   40.07984  -73.06740      1.884      1.870    13.4797    31.7521 -9.990e-29     0.0282 4.5941e+01  1023.7917    13.4795    23.7835     8.7900    268.311    8.55924  261.26597    102.697 -9.990e-29
   40.07984  -73.06740      1.865      1.850    13.4792    31.7518 -9.990e-29     0.0282 5.8017e+01  1023.7917    13.4790    23.7834     8.7899    268.306    8.55929  261.26762    102.694 -9.990e-29
   40.07984  -73.06740      1.865      1.850    13.4789    31.7518 -9.990e-29     0.0282 6.1028e+01  1023.7918    13.4786    23.7834     8.7895    268.294    8.55921  261.26510    102.690 -9.990e-29
   40.07984  -73.06740      1.854      1.840    13.4790    31.7518 -9.990e-29     0.0282 5.3927e+01  1023.7914    13.4788    23.7834     8.7892    268.284    8.55922  261.26555    102.686 -9.990e-29
   40.07984  -73.06740      1.854      1.840    13.4784    31.7519 -9.990e-29     0.0416 4.5046e+01  1023.7918    13.4781    23.7837     8.7888    268.273    8.55924  261.26621    102.682 -9.990e-29
   40.07984  -73.06740      1.844      1.830    13.4780    31.7523 -9.990e-29     0.0416 4.2943e+01  1023.7924    13.4778    23.7840     8.7884    268.260    8.55926  261.26665    102.677 -9.990e-29
   40.07984  -73.06740      1.836      1.822    13.4786    31.7527 -9.990e-29     0.0282 4.0709e+01  1023.7923    13.4783    23.7842     8.7826    268.085    8.55926  261.26665    102.610 -9.990e-29
   40.07984  -73.06740      1.833      1.819    13.4787    31.7530 -9.990e-29     0.0416 3.5670e+01  1023.7926    13.4785    23.7844     8.7868    268.214    8.55932  261.26873    102.658 -9.990e-29
   40.07984  -73.06740      1.844      1.830    13.4790    31.7531 -9.990e-29     0.0282 3.4101e+01  1023.7929    13.4788    23.7845     8.7863    268.196    8.55932  261.26851    102.652 -9.990e-29
   40.07984  -73.06740      1.844      1.830    13.4792    31.7531 -9.990e-29     0.0282 3.7871e+01  1023.7927    13.4790    23.7844     8.7805    268.020    8.55937  261.27006    102.583 -9.990e-29
   40.07984  -73.06740      1.833      1.819    13.4795    31.7531 -9.990e-29     0.0282 5.3518e+01  1023.7925    13.4793    23.7843     8.7845    268.142    8.55936  261.26983    102.630 -9.990e-29
   40.07984  -73.06740      1.844      1.830    13.4799    31.7529 -9.990e-29     0.0282 6.1079e+01  1023.7923    13.4796    23.7841     8.7786    267.963    8.55940  261.27093    102.561 -9.990e-29
   40.07984  -73.06740      1.854      1.840    13.4801    31.7529 -9.990e-29     0.0416 5.8556e+01  1023.7923    13.4798    23.7841     8.7826    268.083    8.55942  261.27165    102.607 -9.990e-29
   40.07984  -73.06740      1.865      1.850    13.4801    31.7529 -9.990e-29     0.0282 4.2618e+01  1023.7925    13.4798    23.7840     8.7766    267.901    8.55944  261.27203    102.537 -9.990e-29
   40.07984  -73.06740      1.865      1.850    13.4802    31.7527 -9.990e-29     0.0282 3.6614e+01  1023.7922    13.4800    23.7839     8.7805    268.018    8.55944  261.27214    102.582 -9.990e-29
   40.07984  -73.06740      1.874      1.860    13.4806    31.7525 -9.990e-29     0.0282 3.6002e+01  1023.7920    13.4803    23.7837     8.7744    267.835    8.55948  261.27328    102.511 -9.990e-29
   40.07984  -73.06740      1.884      1.870    13.4806    31.7525 -9.990e-29     0.0416 3.0157e+01  1023.7919    13.4803    23.7836     8.7783    267.952    8.55953  261.27482    102.556 -9.990e-29
   40.07984  -73.06740      1.895      1.880    13.4804    31.7525 -9.990e-29     0.0416 2.7101e+01  1023.7921    13.4802    23.7837     8.7727    267.783    8.55952  261.27450    102.491 -9.990e-29
   40.07984  -73.06740      1.905      1.890    13.4806    31.7525 -9.990e-29     0.0416 2.6874e+01  1023.7921    13.4803    23.7837     8.7718    267.756    8.55951  261.27416    102.481 -9.990e-29
   40.07984  -73.06740      1.914      1.900    13.4806    31.7525 -9.990e-29     0.0416 4.9051e+01  1023.7922    13.4803    23.7837     8.7710    267.729    8.55951  261.27426    102.470 -9.990e-29
   40.07984  -73.06740      1.925      1.910    13.4804    31.7525 -9.990e-29     0.0416 7.5629e+01  1023.7922    13.4801    23.7837     8.7706    267.719    8.55947  261.27295    102.467 -9.990e-29
   40.07984  -73.06740      1.935      1.920    13.4804    31.7525 -9.990e-29     0.0282 8.0455e+01  1023.7924    13.4801    23.7837     8.7698    267.692    8.55944  261.27218    102.457 -9.990e-29
   40.07984  -73.06740      1.944      1.930    13.4806    31.7523 -9.990e-29     0.0416 4.6499e+01  1023.7923    13.4803    23.7835     8.7689    267.666    8.55944  261.27207    102.447 -9.990e-29
   40.07984  -73.06740      1.955      1.940    13.4804    31.7520 -9.990e-29     0.0282 2.6648e+01  1023.7918    13.4801    23.7833     8.7680    267.639    8.55943  261.27180    102.437 -9.990e-29
   40.07984  -73.06740      1.955      1.940    13.4804    31.7520 -9.990e-29     0.0416 2.3699e+01  1023.7920    13.4801    23.7833     8.7672    267.614    8.55945  261.27247    102.427 -9.990e-29
   40.07984  -73.06740      1.965      1.950    13.4801    31.7520 -9.990e-29     0.0282 3.1660e+01  1023.7923    13.4798    23.7834     8.7663    267.587    8.55942  261.27152    102.417 -9.990e-29
   40.07984  -73.06740      1.976      1.961    13.4799    31.7521 -9.990e-29     0.0282 4.6147e+01  1023.7921    13.4796    23.7834     8.7661    267.579    8.55942  261.27135    102.414 -9.990e-29
   40.07984  -73.06740      1.987      1.972    13.4797    31.7522 -9.990e-29     0.0282 5.0633e+01  1023.7925    13.4795    23.7835     8.7659    267.573    8.55942  261.27165    102.412 -9.990e-29
   40.07984  -73.06740      1.976      1.961    13.4797    31.7522 -9.990e-29     0.0416 5.3864e+01  1023.7924    13.4795    23.7836     8.7650    267.547    8.55938  261.27015    102.402 -9.990e-29
   40.07984  -73.06740      1.995      1.980    13.4795    31.7522 -9.990e-29     0.0416 6.2169e+01  1023.7924    13.4793    23.7837     8.7642    267.522    8.55938  261.27016    102.393 -9.990e-29
   40.07984  -73.06740      1.986      1.970    13.4795    31.7524 -9.990e-29     0.0416 6.5213e+01  1023.7928    13.4793    23.7837     8.7692    267.674    8.55933  261.26873    102.452 -9.990e-29
   40.07984  -73.06740      1.995      1.980    13.4799    31.7524 -9.990e-29     0.0416 6.4847e+01  1023.7925    13.4796    23.7837     8.7643    267.525    8.55929  261.26742    102.395 -9.990e-29
   40.07984  -73.06740      1.986      1.970    13.4795    31.7525 -9.990e-29     0.0282 6.4303e+01  1023.7927    13.4793    23.7838     8.7641    267.520    8.55927  261.26687    102.393 -9.990e-29
   40.07984  -73.06740      1.995      1.980    13.4797    31.7525 -9.990e-29     0.0282 6.4122e+01  1023.7927    13.4795    23.7838     8.7692    267.675    8.55926  261.26666    102.453 -9.990e-29
   40.07984  -73.06740      2.006      1.991    13.4795    31.7525 -9.990e-29     0.0416 5.8605e+01  1023.7928    13.4793    23.7839     8.7697    267.689    8.55927  261.26699    102.458 -9.990e-29
   40.07984  -73.06740      1.986      1.970    13.4795    31.7525 -9.990e-29     0.0416 3.2931e+01  1023.7927    13.4793    23.7839     8.7649    267.543    8.55930  261.26776    102.402 -9.990e-29
   40.07984  -73.06740      1.995      1.980    13.4795    31.7525 -9.990e-29     0.0282 2.5141e+01  1023.7927    13.4793    23.7839     8.7700    267.699    8.55927  261.26711    102.462 -9.990e-29
   40.07984  -73.06740      2.006      1.991    13.4795    31.7525 -9.990e-29     0.0282 2.5568e+01  1023.7930    13.4793    23.7839     8.7705    267.714    8.55932  261.26842    102.467 -9.990e-29
   40.07984  -73.06740      1.995      1.980    13.4792    31.7524 -9.990e-29     0.0416 3.9982e+01  1023.7929    13.4789    23.7839     8.7709    267.728    8.55928  261.26733    102.473 -9.990e-29
   40.07984  -73.06740      1.986      1.970    13.4794    31.7524 -9.990e-29     0.0416 5.0919e+01  1023.7922    13.4791    23.7838     8.7714    267.742    8.55927  261.26712    102.478 -9.990e-29
   40.07984  -73.06740      1.986      1.970    13.4789    31.7524 -9.990e-29     0.0282 5.2371e+01  1023.7928    13.4786    23.7838     8.7725    267.775    8.55930  261.26777    102.491 -9.990e-29
   40.07984  -73.06740      1.995      1.980    13.4794    31.7524 -9.990e-29     0.0416 6.2696e+01  1023.7926    13.4791    23.7838     8.7678    267.632    8.55935  261.26930    102.435 -9.990e-29
   40.07984  -73.06740      1.995      1.980    13.4792    31.7525 -9.990e-29     0.0282 7.1553e+01  1023.7928    13.4789    23.7839     8.7677    267.631    8.55936  261.26987    102.435 -9.990e-29
   40.07984  -73.06740      1.995      1.980    13.4794    31.7526 -9.990e-29     0.0416 7.3181e+01  1023.7930    13.4791    23.7841     8.7678    267.631    8.55941  261.27131    102.434 -9.990e-29
   40.07984  -73.06740      1.987      1.972    13.4790    31.7526 -9.990e-29     0.0416 5.6027e+01  1023.7932    13.4788    23.7841     8.7730    267.791    8.55942  261.27187    102.495 -9.990e-29
   40.07984  -73.06740      1.986      1.970    13.4794    31.7527 -9.990e-29     0.0282 4.3257e+01  1023.7927    13.4791    23.7840     8.7742    267.828    8.55947  261.27307    102.509 -9.990e-29
   40.07984  -73.06740      1.986      1.970    13.4794    31.7527 -9.990e-29     0.0416 4.1007e+01  1023.7928    13.4791    23.7840     8.7696    267.687    8.55950  261.27399    102.455 -9.990e-29
   40.07984  -73.06740      1.995      1.980    13.4794    31.7527 -9.990e-29     0.0416 3.8874e+01  1023.7930    13.4791    23.7840     8.7697    267.689    8.55954  261.27542    102.455 -9.990e-29
   40.07984  -73.06740      1.986      1.970    13.4797    31.7527 -9.990e-29     0.0416 3.5529e+01  1023.7928    13.4795    23.7840     8.7750    267.853    8.55960  261.27719    102.517 -9.990e-29
   40.07984  -73.06740      1.995      1.980    13.4794    31.7527 -9.990e-29     0.0416 3.4767e+01  1023.7930    13.4791    23.7840     8.7705    267.713    8.55962  261.27773    102.463 -9.990e-29
   40.07984  -73.06740      1.986      1.970    13.4799    31.7525 -9.990e-29     0.0954 3.3614e+01  1023.7927    13.4796    23.7839     8.7706    267.717    8.55966  261.27894    102.464 -9.990e-29
   40.07984  -73.06740      1.995      1.980    13.4799    31.7523 -9.990e-29     0.1222 3.1420e+01  1023.7926    13.4796    23.7837     8.7707    267.721    8.55970  261.28004    102.465 -9.990e-29
   40.07984  -73.06740      1.995      1.980    13.4799    31.7522 -9.990e-29     0.1222 3.0833e+01  1023.7923    13.4796    23.7836     8.7709    267.727    8.55976  261.28196    102.467 -9.990e-29
   40.07984  -73.06740      1.995      1.980    13.4797    31.7522 -9.990e-29     0.1222 2.8902e+01  1023.7925    13.4795    23.7836     8.7710    267.731    8.55973  261.28104    102.469 -9.990e-29
