CalculateIndicators/WaterTemperature/Data/CTD_NYOS/20230517_C19.cnv
* Sea-Bird SBE 9 Data File:
* FileName = C:\Seabird 9 CTD\Data\2023\202305_offshore\20230517_C19.hex
* Software Version Seasave V 7.23.2
* Temperature SN = 4590
* Conductivity SN = 3228
* Number of Bytes Per Scan = 44
* Number of Voltage Words = 5
* Number of Scans Averaged by the Deck Unit = 1
* NMEA Latitude = 40 33.00 N
* NMEA Longitude = 072 27.13 W
* NMEA UTC (Time) = May 17 2023  10:01:23
* NMEA baud rate = 4800
** Ship: Seawolf
** Station: 10.2
** Operator: TDK
# nquan = 18
# nvalues = 12235                       
# units = specified
# name 0 = latitude: Latitude [deg]
# name 1 = longitude: Longitude [deg]
# name 2 = prDM: Pressure, Digiquartz [db]
# name 3 = depSM: Depth [salt water, m]
# name 4 = t090C: Temperature [ITS-90, deg C]
# name 5 = sal00: Salinity, Practical [PSU]
# name 6 = ph: pH
# name 7 = flECO-AFL: Fluorescence, WET Labs ECO-AFL/FL [mg/m^3]
# name 8 = cpar: CPAR/Corrected Irradiance [%]
# name 9 = density00: Density [density, kg/m^3]
# name 10 = potemp090C: Potential Temperature [ITS-90, deg C]
# name 11 = sigma-é00: Density [sigma-theta, kg/m^3]
# name 12 = sbeox0Mg/L: Oxygen, SBE 43 [mg/l]
# name 13 = sbox0Mm/Kg: Oxygen, SBE 43 [umol/kg]
# name 14 = oxsolMg/L: Oxygen Saturation, Garcia & Gordon [mg/l]
# name 15 = oxsolMm/Kg: Oxygen Saturation, Garcia & Gordon [umol/kg]
# name 16 = sbeox0PS: Oxygen, SBE 43 [% saturation]
# name 17 = flag:  0.000e+00
# span 0 =   40.54836,   40.55000       
# span 1 =  -72.45238,  -72.45208       
# span 2 =      1.620,     40.368       
# span 3 =      1.608,     40.052       
# span 4 =     6.5519,    12.8999       
# span 5 =    31.2760,    32.6577       
# span 6 =      7.850,      8.019       
# span 7 =     0.0148,     0.7266       
# span 8 = 1.0128e-12, 4.9860e+01       
# span 9 =  1023.5386,  1025.7552       
# span 10 =     6.5490,    12.8985      
# span 11 =    23.5368,    25.5905      
# span 12 =     8.3635,     9.6747      
# span 13 =    254.923,    295.010      
# span 14 =    8.68713,    9.90591      
# span 15 =  265.23146,  301.84079      
# span 16 =     84.867,    106.451      
# span 17 = 0.0000e+00, 0.0000e+00      
# interval = seconds: 0.0416667
# start_time = May 17 2023 10:01:26 [System UTC, first data scan.]
# bad_flag = -9.990e-29
*END*
[from data line 8443]
   40.54894  -72.45214     15.240     15.122    11.0879    31.8052      8.011     0.5252 2.4873e+00  1024.3295    11.0861    24.2694     9.4707    289.016    8.90117  271.63518    106.399 -9.990e-29
   40.54894  -72.45214     15.210     15.092    11.0854    31.8052      8.011     0.5252 2.5235e+00  1024.3356    11.0836    24.2697     9.4727    289.073    8.90163  271.64726    106.415 -9.990e-29
   40.54894  -72.45214     15.198     15.080    11.0811    31.8050      8.011     0.5252 2.5455e+00  1024.3477    11.0793    24.2744     9.4672    288.908    8.90098  271.62718    106.362 -9.990e-29
   40.54894  -72.45214     15.159     15.042    11.0845    31.8050      8.011     0.5252 2.5455e+00  1024.3443    11.0828    24.2753     9.4673    288.910    8.90071  271.62017    106.365 -9.990e-29
   40.54894  -72.45214     15.137     15.020    11.0875    31.8050      8.011     0.5252 2.5825e+00  1024.3421    11.0858    24.2725     9.4678    288.929    8.90128  271.63907    106.365 -9.990e-29
   40.54894  -72.45214     15.089     14.972    11.1051    31.8034      8.011     0.5252 2.6050e+00  1024.3354    11.1033    24.2687     9.4601    288.690    8.90387  271.71736    106.247 -9.990e-29
   40.54894  -72.45214     15.075     14.958    11.1270    31.8023      8.011     0.5252 2.6050e+00  1024.3351    11.1252    24.2635     9.4628    288.771    8.90692  271.80820    106.241 -9.990e-29
   40.54894  -72.45214     15.048     14.931    11.1642    31.7952      8.011     0.5252 2.6505e+00  1024.3263    11.1624    24.2524     9.4595    288.669    8.90936  271.88166    106.175 -9.990e-29
   40.54894  -72.45214     15.017     14.901    11.2044    31.7793      8.011     0.5252 2.6813e+00  1024.3000    11.2026    24.2348     9.4565    288.577    8.91239  271.97286    106.105 -9.990e-29
   40.54894  -72.45214     14.984     14.868    11.2171    31.7630      8.011     0.5252 2.6891e+00  1024.2809    11.2154    24.2193     9.4536    288.487    8.91523  272.05739    106.039 -9.990e-29
   40.54894  -72.45214     14.957     14.841    11.2132    31.7573      8.011     0.5252 2.7125e+00  1024.2762    11.2114    24.2125     9.4492    288.348    8.91701  272.10901    105.968 -9.990e-29
   40.54894  -72.45214     14.933     14.818    11.2133    31.7557      8.011     0.5252 2.7440e+00  1024.2791    11.2115    24.2121     9.4438    288.181    8.91821  272.14399    105.893 -9.990e-29
   40.54894  -72.45214     14.906     14.790    11.2256    31.7552      8.011     0.5252 2.7519e+00  1024.2835    11.2238    24.2108     9.4433    288.165    8.91915  272.17162    105.876 -9.990e-29
   40.54894  -72.45214     14.873     14.758    11.2580    31.7524      8.011     0.5252 2.7678e+00  1024.2727    11.2562    24.2028     9.4381    288.010    8.92054  272.21558    105.802 -9.990e-29
   40.54894  -72.45214     14.855     14.740    11.2868    31.7412      8.011     0.5252 2.7919e+00  1024.2549    11.2850    24.1902     9.4306    287.779    8.92417  272.32659    105.674 -9.990e-29
   40.54894  -72.45214     14.832     14.717    11.2971    31.7307      8.011     0.5252 2.8080e+00  1024.2428    11.2953    24.1800     9.4336    287.870    8.92804  272.44204    105.663 -9.990e-29
   40.54894  -72.45214     14.804     14.689    11.2931    31.7244      8.011     0.5252 2.8161e+00  1024.2406    11.2913    24.1748     9.4297    287.750    8.93027  272.50967    105.593 -9.990e-29
   40.54894  -72.45214     14.782     14.668    11.2893    31.7244      8.011     0.5252 2.8406e+00  1024.2383    11.2875    24.1729     9.4225    287.535    8.93470  272.64784    105.460 -9.990e-29
   40.54894  -72.45214     14.764     14.650    11.2846    31.7244      8.011     0.5252 2.8488e+00  1024.2366    11.2829    24.1747     9.4241    287.578    8.94170  272.85756    105.395 -9.990e-29
   40.54894  -72.45214     14.731     14.617    11.2773    31.7329      8.011     0.5252 2.8570e+00  1024.2454    11.2755    24.1838     9.4241    287.575    8.94806  273.04834    105.320 -9.990e-29
   40.54894  -72.45214     14.713     14.599    11.2713    31.7487      8.011     0.5252 2.8818e+00  1024.2693    11.2696    24.1962     9.4248    287.592    8.95501  273.25536    105.247 -9.990e-29
   40.54894  -72.45214     14.690     14.576    11.2813    31.7598      8.011     0.5252 2.8901e+00  1024.2713    11.2795    24.2033     9.4235    287.543    8.95949  273.38596    105.179 -9.990e-29
   40.54894  -72.45214     14.672     14.558    11.2979    31.7598      8.011     0.4849 2.8985e+00  1024.2710    11.2961    24.2058     9.4148    287.275    8.96247  273.47279    105.047 -9.990e-29
   40.54894  -72.45214     14.642     14.528    11.3319    31.7598      8.011     0.4714 2.9152e+00  1024.2816    11.3301    24.2013     9.4099    287.117    8.96429  273.52034    104.971 -9.990e-29
   40.54894  -72.45214     14.629     14.516    11.4049    31.7564      8.010     0.4714 2.9320e+00  1024.2524    11.4032    24.1803     9.4009    286.843    8.96260  273.46811    104.891 -9.990e-29
   40.54894  -72.45214     14.623     14.509    11.4642    31.7275      8.010     0.4714 2.9320e+00  1024.2092    11.4624    24.1488     9.3883    286.460    8.96246  273.46833    104.751 -9.990e-29
   40.54894  -72.45214     14.599     14.486    11.4892    31.7026      8.010     0.4714 2.9575e+00  1024.1809    11.4874    24.1233     9.3776    286.134    8.96434  273.52495    104.610 -9.990e-29
   40.54894  -72.45214     14.572     14.459    11.5063    31.6876      8.010     0.4714 2.9660e+00  1024.1753    11.5045    24.1068     9.3757    286.073    8.96443  273.52516    104.588 -9.990e-29
   40.54894  -72.45214     14.558     14.445    11.5451    31.6759      8.010     0.4714 2.9746e+00  1024.1560    11.5433    24.0925     9.3626    285.676    8.96370  273.50388    104.450 -9.990e-29
   40.54894  -72.45214     14.541     14.429    11.5689    31.6651      8.010     0.4714 2.9832e+00  1024.1440    11.5671    24.0790     9.3510    285.324    8.96456  273.53151    104.311 -9.990e-29
   40.54894  -72.45214     14.528     14.415    11.5985    31.6559      8.010     0.4714 2.9832e+00  1024.1321    11.5968    24.0667     9.3406    285.007    8.96667  273.59573    104.171 -9.990e-29
   40.54894  -72.45214     14.500     14.388    11.6295    31.6483      8.010     0.4714 2.9918e+00  1024.1183    11.6277    24.0562     9.3366    284.882    8.96964  273.68619    104.091 0.0000e+00
   40.54894  -72.45214     14.497     14.385    11.6448    31.6433      8.009     0.4714 2.9918e+00  1024.1137    11.6430    24.0489     9.3333    284.781    8.97349  273.80229    104.010 0.0000e+00
   40.54894  -72.45214     14.479     14.367    11.6589    31.6404      8.009     0.4714 3.0004e+00  1024.1078    11.6571    24.0442     9.3263    284.566    8.97787  273.93483    103.881 0.0000e+00
   40.54894  -72.45214     14.457     14.345    11.6667    31.6382      8.009     0.4714 3.0004e+00  1024.1065    11.6649    24.0405     9.3199    284.370    8.98358  274.10834    103.744 -9.990e-29
   40.54894  -72.45214     14.457     14.345    11.6772    31.6348      8.009     0.4714 3.0090e+00  1024.1021    11.6754    24.0362     9.3158    284.245    8.99146  274.34736    103.608 -9.990e-29
   40.54894  -72.45214     14.430     14.318    11.6876    31.6299      8.009     0.4714 3.0177e+00  1024.0948    11.6858    24.0309     9.3183    284.318    9.00085  274.63109    103.527 -9.990e-29
   40.54894  -72.45214     14.437     14.325    11.6913    31.6256      8.009     0.4714 3.0177e+00  1024.0902    11.6895    24.0268     9.3175    284.292    9.01242  274.98258    103.386 -9.990e-29
   40.54894  -72.45214     14.419     14.307    11.6897    31.6244      8.009     0.4714 3.0177e+00  1024.0887    11.6880    24.0252     9.3264    284.558    9.02759  275.44152    103.310 0.0000e+00
   40.54894  -72.45214     14.407     14.295    11.6850    31.6244      8.009     0.4714 2.9751e+00  1024.0899    11.6832    24.0257     9.3322    284.731    9.04522  275.97382    103.173 0.0000e+00
   40.54894  -72.45214     14.398     14.287    11.6802    31.6244      8.009     0.4714 2.9751e+00  1024.0918    11.6785    24.0275     9.3392    284.936    9.06379  276.53246    103.039 -9.990e-29
   40.54894  -72.45214     14.396     14.284    11.6760    31.6263      8.009     0.4714 2.9751e+00  1024.0947    11.6742    24.0297     9.3490    285.224    9.08040  277.02758    102.959 -9.990e-29
   40.54894  -72.45214     14.379     14.268    11.6723    31.6278      8.009     0.4714 2.9666e+00  1024.0964    11.6706    24.0316     9.3500    285.243    9.09414  277.43642    102.814 -9.990e-29
   40.54894  -72.45214     14.386     14.274    11.6690    31.6289      8.009     0.4714 2.9666e+00  1024.0978    11.6673    24.0330     9.3498    285.225    9.10601  277.78836    102.677 -9.990e-29
   40.54894  -72.45214     14.379     14.268    11.6655    31.6298      8.009     0.4714 2.9666e+00  1024.0988    11.6638    24.0344     9.3521    285.287    9.11555  278.07055    102.595 0.0000e+00
   40.54894  -72.45214     14.365     14.254    11.6608    31.6304      8.009     0.4714 2.9580e+00  1024.1007    11.6591    24.0357     9.3470    285.123    9.12336  278.30223    102.451 -9.990e-29
   40.54894  -72.45214     14.368     14.257    11.6561    31.6304      8.009     0.4714 2.9580e+00  1024.1014    11.6543    24.0367     9.3466    285.107    9.13012  278.50324    102.371 -9.990e-29
   40.54894  -72.45214     14.365     14.254    11.6498    31.6307      8.009     0.4714 2.9580e+00  1024.1007    11.6480    24.0380     9.3461    285.085    9.13572  278.66940    102.302 -9.990e-29
   40.54892  -72.45214     14.368     14.257    11.6406    31.6336      8.009     0.4714 2.9495e+00  1024.1053    11.6389    24.0414     9.3326    284.671    9.13978  278.78820    102.110 -9.990e-29
   40.54892  -72.45214     14.365     14.254    11.6359    31.6359      8.010     0.4714 2.9495e+00  1024.1121    11.6342    24.0453     9.3281    284.527    9.14247  278.86356    102.031 -9.990e-29
   40.54892  -72.45214     14.368     14.257    11.6388    31.6359      8.010     0.4714 2.9495e+00  1024.1131    11.6370    24.0462     9.3190    284.241    9.14509  278.93646    101.902 -9.990e-29
   40.54892  -72.45214     14.365     14.254    11.6418    31.6359      8.009     0.4714 2.9326e+00  1024.1084    11.6400    24.0438     9.3099    283.958    9.14806  279.02218    101.769 -9.990e-29
   40.54892  -72.45214     14.368     14.257    11.6409    31.6353      8.009     0.4714 2.9242e+00  1024.1029    11.6392    24.0416     9.3069    283.863    9.15093  279.10663    101.704 -9.990e-29
   40.54892  -72.45214     14.376     14.265    11.6271    31.6353      8.010     0.4714 2.9242e+00  1024.1059    11.6253    24.0435     9.2988    283.614    9.15323  279.17419    101.590 -9.990e-29
   40.54892  -72.45214     14.379     14.268    11.6091    31.6353      8.010     0.4714 2.9157e+00  1024.1140    11.6073    24.0486     9.2948    283.489    9.15486  279.22162    101.528 -9.990e-29
   40.54892  -72.45214     14.376     14.265    11.5954    31.6387      8.010     0.4714 2.9074e+00  1024.1185    11.5936    24.0540     9.2800    283.037    9.15596  279.25338    101.355 -9.990e-29
   40.54892  -72.45214     14.398     14.287    11.5787    31.6425      8.010     0.4714 2.8990e+00  1024.1234    11.5770    24.0598     9.2700    282.730    9.15693  279.28105    101.235 -9.990e-29
   40.54892 -9.990e-29     14.407     14.295    11.5619    31.6485      8.010     0.4714 2.8907e+00  1024.1313    11.5601    24.0672     9.2598    282.418    9.15778  279.30524    101.114 -9.990e-29
   40.54892 -9.990e-29     14.407     14.295    11.5495    31.6559      8.010     0.4714 2.8741e+00  1024.1412    11.5478    24.0752     9.2435    281.917    9.15830  279.31871    100.930 -9.990e-29
   40.54892 -9.990e-29     14.430     14.318    11.5412    31.6597      8.005     0.4714 2.8741e+00  1024.1480    11.5395    24.0813     9.2377    281.738    9.15856  279.32457    100.864 -9.990e-29
   40.54892 -9.990e-29     14.437     14.325    11.5354    31.6597      8.010     0.4714 2.8576e+00  1024.1514    11.5336    24.0835     9.2268    281.405    9.15877  279.32961    100.743 -9.990e-29
   40.54892 -9.990e-29     14.449     14.337    11.5304    31.6597      8.010     0.4714 2.8411e+00  1024.1461    11.5287    24.0827     9.2168    281.099    9.15898  279.33522    100.631 -9.990e-29
   40.54892 -9.990e-29     14.467     14.355    11.5129    31.6583      8.010     0.4714 2.8330e+00  1024.1451    11.5112    24.0837     9.2010    280.617    9.15909  279.33837    100.458 -9.990e-29
   40.54892 -9.990e-29     14.479     14.367    11.4901    31.6575      8.010     0.4714 2.8248e+00  1024.1556    11.4884    24.0876     9.1833    280.079    9.15866  279.32622    100.270 -9.990e-29
   40.54892 -9.990e-29     14.507     14.395    11.4786    31.6556      8.010     0.4714 2.8086e+00  1024.1573    11.4768    24.0887     9.1753    279.838    9.15628  279.25604    100.208 -9.990e-29
   40.54892 -9.990e-29     14.521     14.408    11.4609    31.6556      8.010     0.4714 2.8005e+00  1024.1460    11.4591    24.0890     9.1559    279.249    9.15300  279.15970    100.032 -9.990e-29
   40.54892 -9.990e-29     14.548     14.436    11.4213    31.6556      8.010     0.4714 2.7924e+00  1024.1605    11.4196    24.0963     9.1420    278.828    9.15065  279.09114     99.906 -9.990e-29
   40.54892 -9.990e-29     14.551     14.438    11.3856    31.6624      8.010     0.4714 2.7684e+00  1024.1732    11.3838    24.1101     9.1293    278.441    9.14909  279.04608     99.783 -9.990e-29
   40.54892 -9.990e-29     14.578     14.466    11.3450    31.6768      8.011     0.4714 2.7604e+00  1024.1914    11.3433    24.1276     9.1108    277.877    9.14717  278.98776     99.602 -9.990e-29
   40.54892 -9.990e-29     14.591     14.478    11.3147    31.6951      8.011     0.4714 2.7604e+00  1024.2148    11.3130    24.1472     9.1024    277.624    9.14428  278.90129     99.542 -9.990e-29
   40.54892 -9.990e-29     14.620     14.506    11.2947    31.7158      8.011     0.4714 2.7366e+00  1024.2301    11.2930    24.1672     9.0909    277.277    9.14283  278.86055     99.432 -9.990e-29
   40.54892 -9.990e-29     14.642     14.528    11.2752    31.7348      8.011     0.4714 2.7209e+00  1024.2601    11.2734    24.1841     9.0821    277.009    9.14428  278.90558     99.320 -9.990e-29
   40.54892 -9.990e-29     14.660     14.546    11.2827    31.7355      8.011     0.4714 2.7209e+00  1024.2623    11.2809    24.1895     9.0737    276.750    9.14568  278.94578     99.213 -9.990e-29
   40.54892 -9.990e-29     14.683     14.569    11.2890    31.7368      8.011     0.4714 2.6897e+00  1024.2466    11.2872    24.1859     9.0640    276.456    9.14547  278.94018     99.109 -9.990e-29
   40.54892 -9.990e-29     14.711     14.597    11.2790    31.7379      8.011     0.4714 2.6665e+00  1024.2490    11.2772    24.1854     9.0551    276.182    9.14617  278.96112     99.004 -9.990e-29
   40.54892 -9.990e-29     14.734     14.620    11.2752    31.7368      8.011     0.4714 2.6665e+00  1024.2585    11.2734    24.1882     9.0517    276.080    9.14706  278.98752     98.958 -9.990e-29
   40.54892 -9.990e-29     14.753     14.639    11.2800    31.7355      8.011     0.4714 2.6435e+00  1024.2551    11.2782    24.1878     9.0448    275.868    9.14815  279.02007     98.870 -9.990e-29
   40.54892 -9.990e-29     14.792     14.677    11.2775    31.7340      8.011     0.4714 2.6207e+00  1024.2505    11.2757    24.1854     9.0431    275.815    9.14895  279.04360     98.843 -9.990e-29
   40.54892 -9.990e-29     14.825     14.710    11.2673    31.7307      8.011     0.4714 2.6132e+00  1024.2503    11.2655    24.1846     9.0358    275.593    9.14950  279.05944     98.758 -9.990e-29
