CalculateIndicators/WaterTemperature/Data/CTD_NYOS/20230517_C21.cnv
* Sea-Bird SBE 9 Data File:
* FileName = C:\Seabird 9 CTD\Data\2023\202305_offshore\20230517_C21.hex
* Software Version Seasave V 7.23.2
* Temperature SN = 4590
* Conductivity SN = 3228
* Number of Bytes Per Scan = 44
* Number of Voltage Words = 5
* Number of Scans Averaged by the Deck Unit = 1
* NMEA Latitude = 40 09.15 N
* NMEA Longitude = 072 11.21 W
* NMEA UTC (Time) = May 17 2023  14:32:34
* NMEA baud rate = 4800
** Ship: Seawolf
** Station: 10.4
** Operator: TCM
# nquan = 18
# nvalues = 14882                       
# units = specified
# name 0 = latitude: Latitude [deg]
# name 1 = longitude: Longitude [deg]
# name 2 = prDM: Pressure, Digiquartz [db]
# name 3 = depSM: Depth [salt water, m]
# name 4 = t090C: Temperature [ITS-90, deg C]
# name 5 = sal00: Salinity, Practical [PSU]
# name 6 = ph: pH
# name 7 = flECO-AFL: Fluorescence, WET Labs ECO-AFL/FL [mg/m^3]
# name 8 = cpar: CPAR/Corrected Irradiance [%]
# name 9 = density00: Density [density, kg/m^3]
# name 10 = potemp090C: Potential Temperature [ITS-90, deg C]
# name 11 = sigma-é00: Density [sigma-theta, kg/m^3]
# name 12 = sbeox0Mg/L: Oxygen, SBE 43 [mg/l]
# name 13 = sbox0Mm/Kg: Oxygen, SBE 43 [umol/kg]
# name 14 = oxsolMg/L: Oxygen Saturation, Garcia & Gordon [mg/l]
# name 15 = oxsolMm/Kg: Oxygen Saturation, Garcia & Gordon [umol/kg]
# name 16 = sbeox0PS: Oxygen, SBE 43 [% saturation]
# name 17 = flag:  0.000e+00
# span 0 =   40.14944,   40.15252       
# span 1 =  -72.19002,  -72.18682       
# span 2 =      1.976,     64.930       
# span 3 =      1.960,     64.422       
# span 4 =     6.3184,    13.3110       
# span 5 =    31.9648,    32.9723       
# span 6 =      7.869,      8.065       
# span 7 =     0.0954,     0.7400       
# span 8 = 5.3696e-04, 2.7457e+01       
# span 9 =  1023.9748,  1026.1530       
# span 10 =     6.3159,    13.3102      
# span 11 =    23.9814,    25.8554      
# span 12 =     8.3774,     9.6807      
# span 13 =    255.201,    294.966      
# span 14 =    8.57728,    9.95512      
# span 15 =  261.76468,  303.32313      
# span 16 =     85.190,    106.490      
# span 17 = 0.0000e+00, 0.0000e+00      
# interval = seconds: 0.0416667
# start_time = May 17 2023 14:32:37 [System UTC, first data scan.]
# bad_flag = -9.990e-29
*END*
[from data line 3940]
   40.15170  -72.18778     63.998     63.497     6.7511    32.9684      7.874     0.4580 1.5151e-03  1026.1466     6.7455    25.8526     8.4000    255.888    9.83328  299.55008     85.424 -9.990e-29
   40.15170  -72.18778     64.059     63.557     6.7513    32.9684      7.869     0.4580 1.5136e-03  1026.1468     6.7457    25.8525     8.4057    256.063    9.83334  299.55167     85.482 -9.990e-29
   40.15170  -72.18778     64.109     63.607     6.7515    32.9682      7.869     0.4580 1.5451e-03  1026.1464     6.7459    25.8522     8.4059    256.068    9.83328  299.54990     85.484 -9.990e-29
   40.15170  -72.18778     64.142     63.640     6.7511    32.9682      7.869     0.4580 1.6088e-03  1026.1466     6.7455    25.8522     8.4051    256.044    9.83329  299.55038     85.476 -9.990e-29
   40.15170  -72.18778     64.152     63.649     6.7511    32.9682      7.869     0.4714 1.6088e-03  1026.1470     6.7455    25.8524     8.3990    255.857    9.83336  299.55258     85.413 -9.990e-29
   40.15170  -72.18778     64.190     63.688     6.7513    32.9683      7.874     0.5252 1.4807e-03  1026.1475     6.7457    25.8525     8.4037    256.000    9.83341  299.55421     85.460 -9.990e-29
   40.15170  -72.18778     64.212     63.710     6.7516    32.9683      7.869     0.5520 1.2510e-03  1026.1472     6.7460    25.8524     8.4029    255.976    9.83341  299.55397     85.452 -9.990e-29
   40.15170  -72.18778     64.254     63.751     6.7515    32.9683      7.874     0.5520 1.1913e-03  1026.1475     6.7459    25.8523     8.4029    255.976    9.83329  299.55038     85.453 -9.990e-29
   40.15170  -72.18778     64.282     63.778     6.7521    32.9682      7.869     0.5520 1.2211e-03  1026.1473     6.7465    25.8523     8.4030    255.979    9.83325  299.54922     85.455 -9.990e-29
   40.15170  -72.18778     64.295     63.792     6.7518    32.9682      7.869     0.5520 1.2498e-03  1026.1477     6.7462    25.8523     8.4031    255.984    9.83329  299.55033     85.456 -9.990e-29
   40.15170  -72.18778     64.333     63.829     6.7518    32.9681      7.869     0.5520 1.2648e-03  1026.1476     6.7462    25.8521     8.4023    255.957    9.83327  299.54977     85.447 -9.990e-29
   40.15170  -72.18778     64.347     63.843     6.7518    32.9680      7.869     0.5520 1.2648e-03  1026.1474     6.7462    25.8520     8.4023    255.958    9.83321  299.54778     85.448 -9.990e-29
   40.15170  -72.18778     64.377     63.873     6.7516    32.9680      7.874     0.5520 1.2798e-03  1026.1478     6.7460    25.8521     8.4023    255.959    9.83317  299.54668     85.449 -9.990e-29
   40.15170  -72.18778     64.416     63.911     6.7520    32.9680      7.869     0.5520 1.2786e-03  1026.1478     6.7463    25.8521     8.4025    255.963    9.83322  299.54816     85.450 -9.990e-29
   40.15170  -72.18778     64.428     63.924     6.7520    32.9682      7.869     0.5520 1.2635e-03  1026.1480     6.7463    25.8522     8.4026    255.967    9.83325  299.54918     85.451 -9.990e-29
   40.15170  -72.18778     64.449     63.944     6.7521    32.9685      7.869     0.5520 1.0719e-03  1026.1484     6.7465    25.8524     8.4027    255.970    9.83327  299.54990     85.452 -9.990e-29
   40.15170  -72.18778     64.467     63.962     6.7521    32.9687      7.869     0.5520 9.8586e-04  1026.1488     6.7465    25.8526     8.4028    255.973    9.83328  299.55003     85.452 -9.990e-29
   40.15170  -72.18778     64.489     63.984     6.7523    32.9688      7.874     0.5520 9.7165e-04  1026.1488     6.7466    25.8526     8.4028    255.974    9.83326  299.54915     85.453 -9.990e-29
   40.15170  -72.18778     64.518     64.013     6.7526    32.9688      7.874     0.5520 9.9913e-04  1026.1488     6.7470    25.8526     8.4029    255.976    9.83322  299.54828     85.454 -9.990e-29
   40.15170  -72.18778     64.551     64.046     6.7526    32.9688      7.869     0.5520 1.0277e-03  1026.1490     6.7470    25.8527     8.3966    255.784    9.83325  299.54915     85.390 -9.990e-29
   40.15170  -72.18778     64.561     64.055     6.7526    32.9688      7.869     0.5520 1.0277e-03  1026.1493     6.7470    25.8527     8.4022    255.956    9.83332  299.55147     85.447 -9.990e-29
   40.15170  -72.18778     64.589     64.083     6.7531    32.9688      7.869     0.5520 1.0277e-03  1026.1491     6.7474    25.8526     8.3960    255.765    9.83334  299.55202     85.382 -9.990e-29
   40.15170  -72.18778     64.591     64.085     6.7529    32.9688      7.869     0.5520 1.0421e-03  1026.1492     6.7473    25.8526     8.3951    255.740    9.83334  299.55205     85.374 -9.990e-29
   40.15170  -72.18778     64.609     64.103     6.7528    32.9687      7.869     0.5520 1.0421e-03  1026.1492     6.7471    25.8525     8.3934    255.688    9.83335  299.55239     85.357 -9.990e-29
   40.15170  -72.18778     64.612     64.106     6.7528    32.9686      7.874     0.5520 8.1718e-04  1026.1491     6.7471    25.8524     8.3991    255.861    9.83340  299.55371     85.414 -9.990e-29
   40.15170  -72.18778     64.640     64.133     6.7526    32.9686      7.869     0.5520 5.7599e-04  1026.1490     6.7470    25.8523     8.3993    255.866    9.83337  299.55291     85.416 -9.990e-29
   40.15170  -72.18778     64.663     64.157     6.7526    32.9686      7.874     0.5520 5.3696e-04  1026.1492     6.7470    25.8523     8.3996    255.875    9.83346  299.55559     85.418 -9.990e-29
   40.15170  -72.18778     64.663     64.157     6.7528    32.9687      7.869     0.5654 6.2854e-04  1026.1493     6.7471    25.8526     8.3997    255.880    9.83345  299.55525     85.420 -9.990e-29
   40.15170  -72.18778     64.671     64.165     6.7528    32.9693      7.869     0.5520 7.6252e-04  1026.1500     6.7471    25.8530     8.3999    255.885    9.83339  299.55356     85.422 -9.990e-29
   40.15170  -72.18778     64.674     64.168     6.7531    32.9697      7.869     0.4849 8.1718e-04  1026.1505     6.7474    25.8533     8.3937    255.698    9.83344  299.55496     85.359 -9.990e-29
   40.15170  -72.18778     64.702     64.195     6.7531    32.9697      7.869     0.4311 8.4474e-04  1026.1506     6.7474    25.8533     8.3995    255.872    9.83346  299.55575     85.417 -9.990e-29
   40.15170  -72.18778     64.705     64.198     6.7537    32.9697      7.869     0.4311 9.1433e-04  1026.1500     6.7481    25.8532     8.3997    255.879    9.83349  299.55674     85.419 -9.990e-29
   40.15170  -72.18778     64.714     64.208     6.7534    32.9697      7.869     0.4311 9.4244e-04  1026.1505     6.7478    25.8532     8.3936    255.692    9.83351  299.55695     85.357 -9.990e-29
   40.15170  -72.18778     64.712     64.205     6.7537    32.9697      7.869     0.4311 9.5749e-04  1026.1503     6.7481    25.8532     8.3993    255.866    9.83345  299.55549     85.415 -9.990e-29
   40.15170  -72.18778     64.705     64.198     6.7539    32.9697      7.869     0.4311 1.0431e-03  1026.1503     6.7482    25.8532     8.3932    255.680    9.83346  299.55562     85.353 -9.990e-29
   40.15170  -72.18778     64.702     64.195     6.7537    32.9697      7.874     0.4311 1.0864e-03  1026.1505     6.7481    25.8532     8.3926    255.662    9.83351  299.55702     85.347 -9.990e-29
   40.15170  -72.18778     64.714     64.208     6.7539    32.9697      7.869     0.4311 1.0575e-03  1026.1502     6.7482    25.8532     8.3984    255.838    9.83350  299.55690     85.406 -9.990e-29
   40.15170  -72.18778     64.723     64.216     6.7539    32.9697      7.869     0.4311 8.4640e-04  1026.1504     6.7482    25.8532     8.3923    255.653    9.83347  299.55588     85.344 -9.990e-29
   40.15170  -72.18778     64.714     64.208     6.7539    32.9697      7.874     0.4311 7.3687e-04  1026.1504     6.7482    25.8532     8.3918    255.637    9.83350  299.55683     85.339 -9.990e-29
   40.15170  -72.18780     64.714     64.208     6.7539    32.9695      7.869     0.4311 7.3759e-04  1026.1502     6.7482    25.8530     8.3912    255.621    9.83346  299.55560     85.333 -9.990e-29
   40.15170  -72.18780     64.691     64.184     6.7541    32.9692      7.869     0.4311 7.7841e-04  1026.1497     6.7484    25.8527     8.3908    255.608    9.83350  299.55679     85.329 -9.990e-29
   40.15170  -72.18780     64.684     64.177     6.7539    32.9692      7.869     0.4311 8.0582e-04  1026.1495     6.7482    25.8526     8.3904    255.595    9.83351  299.55706     85.324 -9.990e-29
   40.15170  -72.18780     64.681     64.175     6.7537    32.9692      7.869     0.4311 8.0661e-04  1026.1497     6.7481    25.8527     8.3964    255.778    9.83349  299.55657     85.386 -9.990e-29
   40.15170  -72.18780     64.705     64.198     6.7537    32.9692      7.874     0.4311 8.6195e-04  1026.1500     6.7481    25.8527     8.3969    255.795    9.83346  299.55564     85.391 -9.990e-29
   40.15170  -72.18780     64.674     64.168     6.7541    32.9692      7.869     0.4311 9.0387e-04  1026.1495     6.7484    25.8527     8.3975    255.812    9.83345  299.55517     85.397 -9.990e-29
   40.15170  -72.18780     64.660     64.154     6.7537    32.9692      7.869     0.4311 9.1882e-04  1026.1496     6.7481    25.8528     8.3981    255.831    9.83350  299.55681     85.403 -9.990e-29
   40.15170  -72.18780     64.633     64.127     6.7537    32.9694      7.869     0.4311 1.0050e-03  1026.1497     6.7481    25.8529     8.3987    255.848    9.83348  299.55634     85.409 -9.990e-29
   40.15170  -72.18780     64.630     64.124     6.7537    32.9696      7.874     0.4311 1.1064e-03  1026.1501     6.7481    25.8531     8.3993    255.866    9.83349  299.55662     85.415 -9.990e-29
   40.15170  -72.18780     64.612     64.106     6.7539    32.9697      7.869     0.4311 1.1221e-03  1026.1499     6.7482    25.8533     8.3999    255.884    9.83351  299.55698     85.421 -9.990e-29
   40.15170  -72.18780     64.609     64.103     6.7536    32.9697      7.869     0.4311 1.1812e-03  1026.1502     6.7479    25.8533     8.3994    255.870    9.83348  299.55643     85.416 -9.990e-29
   40.15170  -72.18780     64.582     64.076     6.7539    32.9697      7.869     0.4311 1.2874e-03  1026.1499     6.7483    25.8532     8.3936    255.694    9.83355  299.55831     85.357 -9.990e-29
   40.15170  -72.18780     64.540     64.035     6.7541    32.9693      7.869     0.4311 1.3025e-03  1026.1491     6.7484    25.8528     8.3932    255.682    9.83354  299.55815     85.353 -9.990e-29
   40.15170  -72.18780     64.548     64.043     6.7539    32.9691      7.869     0.4311 1.3945e-03  1026.1488     6.7483    25.8525     8.3930    255.673    9.83358  299.55927     85.350 -9.990e-29
   40.15170  -72.18780     64.521     64.016     6.7537    32.9691      7.869     0.4311 1.5847e-03  1026.1485     6.7481    25.8525     8.3916    255.633    9.83355  299.55827     85.337 -9.990e-29
   40.15170  -72.18780     64.507     64.002     6.7536    32.9691      7.869     0.4177 1.6490e-03  1026.1489     6.7479    25.8527     8.3978    255.820    9.83355  299.55842     85.399 -9.990e-29
   40.15170  -72.18780     64.470     63.965     6.7539    32.9695      7.869     0.4177 1.6184e-03  1026.1492     6.7483    25.8530     8.3984    255.840    9.83355  299.55841     85.406 -9.990e-29
   40.15170  -72.18780     64.438     63.933     6.7541    32.9696      7.869     0.4177 1.4909e-03  1026.1491     6.7484    25.8531     8.3991    255.861    9.83357  299.55886     85.413 -9.990e-29
   40.15170  -72.18780     64.416     63.911     6.7539    32.9696      7.869     0.4177 1.4439e-03  1026.1490     6.7483    25.8531     8.3998    255.883    9.83364  299.56126     85.419 -9.990e-29
   40.15170  -72.18780     64.387     63.882     6.7541    32.9696      7.869     0.4177 1.4767e-03  1026.1486     6.7484    25.8531     8.3942    255.711    9.83371  299.56337     85.361 -9.990e-29
   40.15170  -72.18780     64.366     63.862     6.7542    32.9696      7.874     0.4177 1.6685e-03  1026.1488     6.7486    25.8530     8.3940    255.704    9.83373  299.56391     85.359 -9.990e-29
   40.15170  -72.18780     64.323     63.819     6.7545    32.9695 -9.990e-29     0.4177 1.7835e-03  1026.1482     6.7489    25.8530     8.3937    255.698    9.83370  299.56301     85.357 -9.990e-29
   40.15170  -72.18780     64.295     63.792     6.7542    32.9694 -9.990e-29     0.4177 1.8019e-03  1026.1483     6.7486    25.8529     8.3935    255.691    9.83366  299.56157     85.355 -9.990e-29
   40.15170  -72.18780     64.262     63.759     6.7542    32.9694 -9.990e-29     0.4177 1.7357e-03  1026.1478     6.7486    25.8527     8.3933    255.686    9.83358  299.55923     85.354 -9.990e-29
   40.15170  -72.18778     64.233     63.730     6.7542    32.9694 -9.990e-29     0.4177 1.7192e-03  1026.1474     6.7486    25.8527     8.3933    255.685    9.83363  299.56075     85.353 -9.990e-29
   40.15170  -72.18778     64.203     63.700     6.7541    32.9695 -9.990e-29     0.4177 1.7192e-03  1026.1477     6.7484    25.8529     8.3933    255.686    9.83369  299.56279     85.353 -9.990e-29
   40.15170  -72.18778     64.160     63.657     6.7539    32.9695 -9.990e-29     0.4177 1.7521e-03  1026.1482     6.7483    25.8532     8.3932    255.682    9.83357  299.55887     85.353 -9.990e-29
   40.15170  -72.18778     64.121     63.619     6.7542    32.9695 -9.990e-29     0.4177 1.7870e-03  1026.1475     6.7486    25.8530     8.3868    255.487    9.83352  299.55752     85.288 -9.990e-29
   40.15170  -72.18778     64.091     63.589     6.7542    32.9694 -9.990e-29     0.4177 1.7870e-03  1026.1470     6.7486    25.8528     8.3924    255.657    9.83351  299.55693     85.345 -9.990e-29
   40.15170  -72.18778     64.067     63.566     6.7539    32.9691 -9.990e-29     0.4177 1.9385e-03  1026.1469     6.7483    25.8526     8.3915    255.630    9.83346  299.55550     85.336 -9.990e-29
   40.15170  -72.18778     64.019     63.518     6.7539    32.9689 -9.990e-29     0.4177 2.1113e-03  1026.1465     6.7483    25.8525     8.3918    255.638    9.83354  299.55809     85.338 -9.990e-29
   40.15170  -72.18778     63.977     63.476     6.7541    32.9687 -9.990e-29     0.4177 2.1464e-03  1026.1459     6.7484    25.8523     8.3911    255.618    9.83369  299.56308     85.330 -9.990e-29
   40.15170  -72.18778     63.944     63.443     6.7539    32.9687 -9.990e-29     0.4177 2.0763e-03  1026.1460     6.7483    25.8523     8.3904    255.597    9.83376  299.56514     85.323 -9.990e-29
   40.15170  -72.18778     63.905     63.405     6.7537    32.9687 -9.990e-29     0.4177 1.9555e-03  1026.1459     6.7481    25.8523     8.3897    255.575    9.83383  299.56719     85.315 -9.990e-29
   40.15170  -72.18778     63.865     63.365     6.7539    32.9687 -9.990e-29     0.4177 1.9045e-03  1026.1455     6.7483    25.8523     8.3899    255.581    9.83381  299.56632     85.317 -9.990e-29
   40.15170  -72.18778     63.821     63.321     6.7534    32.9688 -9.990e-29     0.4177 2.0763e-03  1026.1456     6.7478    25.8524     8.3902    255.589    9.83382  299.56656     85.320 -9.990e-29
   40.15170  -72.18778     63.782     63.283     6.7534    32.9688 -9.990e-29     0.4177 2.4880e-03  1026.1455     6.7478    25.8525     8.3905    255.598    9.83382  299.56664     85.323 -9.990e-29
   40.15170  -72.18778     63.763     63.264     6.7537    32.9688 -9.990e-29     0.4177 2.6383e-03  1026.1453     6.7481    25.8525     8.3909    255.611    9.83389  299.56916     85.326 -9.990e-29
   40.15170  -72.18778     63.730     63.231     6.7536    32.9687 -9.990e-29     0.4177 2.6004e-03  1026.1450     6.7480    25.8524     8.3914    255.628    9.83407  299.57462     85.330 -9.990e-29
   40.15170  -72.18778     63.691     63.192     6.7534    32.9687 -9.990e-29     0.4177 2.4141e-03  1026.1449     6.7479    25.8524     8.3847    255.421    9.83428  299.58121     85.259 -9.990e-29
   40.15170  -72.18778     63.629     63.131     6.7534    32.9687 -9.990e-29     0.4177 2.3410e-03  1026.1443     6.7479    25.8524     8.3907    255.605    9.83439  299.58442     85.320 -9.990e-29
