CalculateIndicators/WaterTemperature/Data/CTD_NYOS/20230518_C31.cnv
* Sea-Bird SBE 9 Data File:
* FileName = C:\Seabird 9 CTD\Data\2023\202305_offshore\20230518_C31.hex
* Software Version Seasave V 7.23.2
* Temperature SN = 4590
* Conductivity SN = 3228
* Number of Bytes Per Scan = 44
* Number of Voltage Words = 5
* Number of Scans Averaged by the Deck Unit = 1
* NMEA Latitude = 40 53.51 N
* NMEA Longitude = 072 12.16 W
* NMEA UTC (Time) = May 18 2023  20:43:15
* NMEA baud rate = 4800
** Ship: Seawolf
** Station: 11.1
** Operator: sjw
# nquan = 18
# nvalues = 7109                        
# units = specified
# name 0 = latitude: Latitude [deg]
# name 1 = longitude: Longitude [deg]
# name 2 = prDM: Pressure, Digiquartz [db]
# name 3 = depSM: Depth [salt water, m]
# name 4 = t090C: Temperature [ITS-90, deg C]
# name 5 = sal00: Salinity, Practical [PSU]
# name 6 = ph: pH
# name 7 = flECO-AFL: Fluorescence, WET Labs ECO-AFL/FL [mg/m^3]
# name 8 = cpar: CPAR/Corrected Irradiance [%]
# name 9 = density00: Density [density, kg/m^3]
# name 10 = potemp090C: Potential Temperature [ITS-90, deg C]
# name 11 = sigma-é00: Density [sigma-theta, kg/m^3]
# name 12 = sbeox0Mg/L: Oxygen, SBE 43 [mg/l]
# name 13 = sbox0Mm/Kg: Oxygen, SBE 43 [umol/kg]
# name 14 = oxsolMg/L: Oxygen Saturation, Garcia & Gordon [mg/l]
# name 15 = oxsolMm/Kg: Oxygen Saturation, Garcia & Gordon [umol/kg]
# name 16 = sbeox0PS: Oxygen, SBE 43 [% saturation]
# name 17 = flag:  0.000e+00
# span 0 =   40.89194,   40.89234       
# span 1 =  -72.20276,  -72.20244       
# span 2 =      1.575,     20.526       
# span 3 =      1.562,     20.366       
# span 4 =    10.5257,    11.9603       
# span 5 =    31.3360,    31.5989       
# span 6 =      7.966,      8.015       
# span 7 =    -0.0121,     1.2773       
# span 8 = 6.3668e-01, 2.3514e+02       
# span 9 =  1023.7805,  1024.3024       
# span 10 =    10.5234,    11.9601      
# span 11 =    23.7735,    24.2102      
# span 12 =     8.5046,     8.9203      
# span 13 =    259.492,    272.269      
# span 14 =    8.85623,    9.11854      
# span 15 =  270.33405,  278.22290      
# span 16 =     93.287,    100.281      
# span 17 = 0.0000e+00, 0.0000e+00      
# interval = seconds: 0.0416667
# start_time = May 18 2023 20:43:16 [System UTC, first data scan.]
# bad_flag = -9.990e-29
*END*
[from data line 724]
   40.89196  -72.20272      8.849      8.780    11.7557    31.3524 -9.990e-29     0.3371 9.7039e+00  1023.8396    11.7546    23.8018     8.8793    271.027    8.91620  272.15212     99.587 0.0000e+00
   40.89196  -72.20272      8.862      8.793    11.7498    31.3524 -9.990e-29     0.3371 9.6767e+00  1023.8439    11.7487    23.8031     8.8861    271.234    8.91690  272.17392     99.655 0.0000e+00
   40.89196  -72.20272      8.889      8.820    11.7504    31.3540 -9.990e-29     0.3371 9.6666e+00  1023.8443    11.7493    23.8046     8.8888    271.319    8.91834  272.21860     99.669 -9.990e-29
   40.89196  -72.20272      8.889      8.820    11.7502    31.3557 -9.990e-29     0.3371 9.6565e+00  1023.8460    11.7491    23.8059     8.8869    271.258    8.92048  272.28246     99.624 -9.990e-29
   40.89196  -72.20272      8.919      8.850    11.7519    31.3574 -9.990e-29     0.3371 9.6023e+00  1023.8475    11.7508    23.8069     8.8938    271.466    8.92111  272.30093     99.693 -9.990e-29
   40.89196  -72.20272      8.919      8.850    11.7557    31.3574 -9.990e-29     0.3371 9.5754e+00  1023.8479    11.7546    23.8070     8.8892    271.327    8.92141  272.30950     99.639 -9.990e-29
   40.89196  -72.20272      8.940      8.871    11.7609    31.3574 -9.990e-29     0.3505 9.5754e+00  1023.8466    11.7598    23.8057     8.8897    271.342    8.92186  272.32348     99.639 -9.990e-29
   40.89196  -72.20272      8.933      8.864    11.7652    31.3558 -9.990e-29     0.3371 9.5485e+00  1023.8431    11.7641    23.8037     8.8912    271.387    8.92262  272.34645     99.648 -9.990e-29
   40.89196  -72.20272      8.950      8.880    11.7648    31.3540 -9.990e-29     0.3505 9.4850e+00  1023.8423    11.7637    23.8024     8.8971    271.567    8.92288  272.35370     99.711 -9.990e-29
   40.89196  -72.20272      8.950      8.880    11.7620    31.3530 -9.990e-29     0.3371 9.4751e+00  1023.8412    11.7609    23.8023     8.8975    271.578    8.92252  272.34262     99.719 -9.990e-29
   40.89196  -72.20272      8.970      8.901    11.7537    31.3523 -9.990e-29     0.3237 9.4919e+00  1023.8447    11.7526    23.8028     8.8924    271.422    8.92220  272.33286     99.666 0.0000e+00
   40.89196  -72.20272      9.000      8.931    11.7476    31.3511 -9.990e-29     0.3237 9.5554e+00  1023.8422    11.7465    23.8031     8.8924    271.422    8.92209  272.32921     99.667 0.0000e+00
   40.89196  -72.20272      9.031      8.961    11.7365    31.3509 -9.990e-29     0.3237 9.5654e+00  1023.8438    11.7354    23.8044     8.8924    271.425    8.92205  272.32836     99.668 0.0000e+00
   40.89196  -72.20272      9.042      8.971    11.7321    31.3509 -9.990e-29     0.3237 9.5286e+00  1023.8504    11.7310    23.8054     8.8921    271.413    8.92220  272.33307     99.662 0.0000e+00
   40.89196  -72.20272      9.065      8.995    11.7358    31.3471 -9.990e-29     0.3237 9.4653e+00  1023.8434    11.7346    23.8030     8.8983    271.603    8.92268  272.34822     99.726 0.0000e+00
   40.89196  -72.20272      9.082      9.011    11.7237    31.3468 -9.990e-29     0.3237 9.4653e+00  1023.8372    11.7226    23.8010     8.8940    271.472    8.92371  272.37976     99.667 0.0000e+00
   40.89196  -72.20272      9.093      9.022    11.7063    31.3468 -9.990e-29     0.3237 9.4485e+00  1023.8443    11.7052    23.8035     8.8943    271.482    8.92453  272.40397     99.662 0.0000e+00
   40.89196  -72.20272      9.132      9.061    11.7041    31.3465 -9.990e-29     0.3237 9.4122e+00  1023.8503    11.7030    23.8074     8.8996    271.641    8.92474  272.40968     99.718 0.0000e+00
   40.89196  -72.20272      9.142      9.071    11.7024    31.3465 -9.990e-29     0.3237 9.4024e+00  1023.8512    11.7013    23.8088     8.8941    271.474    8.92469  272.40803     99.657 -9.990e-29
   40.89196  -72.20272      9.142      9.071    11.6977    31.3468 -9.990e-29     0.3237 9.3926e+00  1023.8484    11.6966    23.8088     8.8935    271.456    8.92469  272.40751     99.651 -9.990e-29
   40.89196  -72.20272      9.204      9.132    11.6863    31.3478 -9.990e-29     0.3237 9.4989e+00  1023.8502    11.6852    23.8104     8.8926    271.427    8.92430  272.39609     99.644 0.0000e+00
   40.89196  -72.20272      9.244      9.172    11.6759    31.3492 -9.990e-29     0.3237 9.5256e+00  1023.8561    11.6748    23.8140     8.8920    271.410    8.92431  272.39697     99.638 0.0000e+00
   40.89196  -72.20272      9.257      9.186    11.6725    31.3524 -9.990e-29     0.3237 9.5624e+00  1023.8599    11.6714    23.8173     8.8924    271.422    8.92454  272.40365     99.640 0.0000e+00
   40.89196  -72.20272      9.274      9.202    11.6725    31.3535 -9.990e-29     0.3237 9.6807e+00  1023.8616    11.6714    23.8188     8.8875    271.275    8.92504  272.42043     99.580 0.0000e+00
   40.89196  -72.20272      9.295      9.222    11.6734    31.3537 -9.990e-29     0.3237 9.7353e+00  1023.8602    11.6722    23.8187     8.8946    271.492    8.92694  272.47821     99.638 0.0000e+00
   40.89196  -72.20272      9.315      9.243    11.6695    31.3540 -9.990e-29     0.3237 9.7525e+00  1023.8594    11.6684    23.8190     8.8965    271.549    8.92848  272.52447     99.642 0.0000e+00
   40.89196  -72.20272      9.334      9.262    11.6652    31.3548 -9.990e-29     0.3237 9.7525e+00  1023.8631    11.6641    23.8203     8.8978    271.587    8.92939  272.55150     99.646 0.0000e+00
   40.89196  -72.20272      9.366      9.293    11.6672    31.3564 -9.990e-29     0.3237 9.7627e+00  1023.8639    11.6660    23.8217     8.8987    271.614    8.92994  272.56771     99.650 0.0000e+00
   40.89196  -72.20272      9.376      9.303    11.6684    31.3578 -9.990e-29     0.3237 9.7627e+00  1023.8648    11.6672    23.8224     8.8931    271.444    8.93024  272.57644     99.585 0.0000e+00
   40.89196  -72.20272      9.406      9.333    11.6715    31.3581 -9.990e-29     0.3237 9.7079e+00  1023.8654    11.6704    23.8225     8.8931    271.444    8.93054  272.58571     99.581 0.0000e+00
   40.89196  -72.20272      9.427      9.353    11.6757    31.3581 -9.990e-29     0.3237 9.6064e+00  1023.8644    11.6746    23.8219     8.8936    271.459    8.93124  272.60728     99.579 0.0000e+00
   40.89196  -72.20272      9.440      9.367    11.6788    31.3581 -9.990e-29     0.3237 9.5964e+00  1023.8632    11.6777    23.8209     8.8942    271.478    8.93202  272.63047     99.577 0.0000e+00
   40.89196  -72.20272      9.487      9.413    11.6811    31.3571 -9.990e-29     0.3237 9.5355e+00  1023.8632    11.6799    23.8198     8.8942    271.477    8.93217  272.63463     99.575 0.0000e+00
   40.89196  -72.20272      9.497      9.423    11.6831    31.3548 -9.990e-29     0.3237 9.4289e+00  1023.8609    11.6820    23.8179     8.8941    271.472    8.93208  272.63175     99.574 0.0000e+00
   40.89196  -72.20272      9.517      9.443    11.6805    31.3542 -9.990e-29     0.3505 9.3760e+00  1023.8562    11.6793    23.8172     8.8932    271.446    8.93198  272.62892     99.566 0.0000e+00
   40.89196  -72.20272      9.538      9.464    11.6722    31.3542 -9.990e-29     0.3774 9.2875e+00  1023.8645    11.6710    23.8185     8.8989    271.619    8.93213  272.63324     99.628 0.0000e+00
   40.89196  -72.20272      9.559      9.484    11.6752    31.3534 -9.990e-29     0.3774 9.1321e+00  1023.8614    11.6740    23.8188     8.8941    271.472    8.93214  272.63333     99.574 0.0000e+00
   40.89196  -72.20272      9.578      9.503    11.6719    31.3529 -9.990e-29     0.3774 9.1064e+00  1023.8609    11.6707    23.8181     8.8934    271.450    8.93204  272.63048     99.567 0.0000e+00
   40.89196  -72.20272      9.598      9.524    11.6692    31.3516 -9.990e-29     0.3774 9.0809e+00  1023.8614    11.6680    23.8176     8.8929    271.436    8.93219  272.63504     99.560 0.0000e+00
   40.89196  -72.20270      9.619      9.544    11.6674    31.3499 -9.990e-29     0.3774 9.0046e+00  1023.8594    11.6662    23.8168     8.8925    271.423    8.93232  272.63911     99.554 0.0000e+00
   40.89196  -72.20270      9.649      9.574    11.6613    31.3499 -9.990e-29     0.3774 8.9793e+00  1023.8595    11.6601    23.8168     8.8921    271.411    8.93246  272.64319     99.548 0.0000e+00
   40.89196  -72.20270      9.659      9.584    11.6554    31.3499 -9.990e-29     0.3774 8.9289e+00  1023.8612    11.6542    23.8182     8.8915    271.393    8.93237  272.64043     99.542 0.0000e+00
   40.89196  -72.20270      9.689      9.614    11.6505    31.3508 -9.990e-29     0.3774 8.7302e+00  1023.8643    11.6493    23.8201     8.8909    271.376    8.93232  272.63905     99.537 0.0000e+00
   40.89196  -72.20270      9.710      9.634    11.6483    31.3521 -9.990e-29     0.3774 8.6505e+00  1023.8653    11.6471    23.8216     8.8849    271.192    8.93229  272.63803     99.470 0.0000e+00
   40.89196  -72.20270      9.740      9.664    11.6466    31.3532 -9.990e-29     0.3774 8.6595e+00  1023.8666    11.6454    23.8227     8.8839    271.161    8.93235  272.64015     99.458 0.0000e+00
   40.89196  -72.20270      9.774      9.699    11.6465    31.3532 -9.990e-29     0.3774 8.5626e+00  1023.8684    11.6453    23.8234     8.8895    271.331    8.93266  272.64984     99.516 0.0000e+00
   40.89196  -72.20270      9.801      9.724    11.6481    31.3532 -9.990e-29     0.3774 8.5057e+00  1023.8672    11.6469    23.8230     8.8898    271.343    8.93331  272.66944     99.513 0.0000e+00
   40.89196  -72.20270      9.842      9.765    11.6475    31.3520 -9.990e-29     0.3774 8.4818e+00  1023.8661    11.6463    23.8219     8.8897    271.338    8.93340  272.67184     99.511 0.0000e+00
   40.89196  -72.20270      9.851      9.775    11.6451    31.3499 -9.990e-29     0.3774 8.4106e+00  1023.8652    11.6439    23.8207     8.8894    271.328    8.93332  272.66972     99.508 -9.990e-29
   40.89196  -72.20270      9.842      9.765    11.6423    31.3473 -9.990e-29     0.3774 8.3782e+00  1023.8635    11.6411    23.8193     8.8895    271.331    8.93361  272.67829     99.506 -9.990e-29
   40.89196  -72.20270      9.872      9.795    11.6361    31.3473 -9.990e-29     0.3774 8.3547e+00  1023.8609    11.6349    23.8193     8.8846    271.181    8.93370  272.68085     99.450 0.0000e+00
   40.89196  -72.20270      9.913      9.836    11.6236    31.3473 -9.990e-29     0.3908 8.2294e+00  1023.8666    11.6224    23.8218     8.8846    271.183    8.93382  272.68464     99.449 0.0000e+00
   40.89196  -72.20270      9.933      9.855    11.6191    31.3497 -9.990e-29     0.3774 8.0917e+00  1023.8705    11.6178    23.8249     8.8840    271.164    8.93389  272.68671     99.442 0.0000e+00
   40.89196  -72.20270      9.974      9.896    11.6172    31.3510 -9.990e-29     0.3774 8.0690e+00  1023.8718    11.6160    23.8266     8.8896    271.335    8.93386  272.68575     99.505 0.0000e+00
   40.89196  -72.20270      9.993      9.915    11.6149    31.3514 -9.990e-29     0.3774 7.9787e+00  1023.8721    11.6137    23.8274     8.8841    271.167    8.93377  272.68316     99.444 -9.990e-29
   40.89196  -72.20270      9.983      9.906    11.6109    31.3520 -9.990e-29     0.3774 7.8452e+00  1023.8728    11.6097    23.8283     8.8838    271.157    8.93391  272.68752     99.439 -9.990e-29
   40.89196  -72.20270     10.004      9.926    11.6089    31.3533 -9.990e-29     0.3774 7.8012e+00  1023.8749    11.6077    23.8295     8.8834    271.145    8.93401  272.69047     99.433 0.0000e+00
   40.89196  -72.20270     10.025      9.947    11.6104    31.3545 -9.990e-29     0.3774 7.8012e+00  1023.8757    11.6092    23.8304     8.8837    271.155    8.93411  272.69381     99.436 0.0000e+00
   40.89196  -72.20270     10.065      9.986    11.6119    31.3549 -9.990e-29     0.3908 7.8012e+00  1023.8761    11.6107    23.8308     8.8843    271.173    8.93434  272.70059     99.440 0.0000e+00
   40.89196  -72.20270     10.095     10.016    11.6124    31.3549 -9.990e-29     0.4043 7.8012e+00  1023.8765    11.6112    23.8308     8.8789    271.007    8.93463  272.70936     99.376 0.0000e+00
   40.89196  -72.20270     10.106     10.027    11.6128    31.3549 -9.990e-29     0.4043 7.8012e+00  1023.8760    11.6115    23.8304     8.8837    271.154    8.93470  272.71140     99.429 0.0000e+00
   40.89196  -72.20270     10.125     10.046    11.6122    31.3537 -9.990e-29     0.4043 7.8150e+00  1023.8755    11.6110    23.8295     8.8835    271.149    8.93462  272.70855     99.428 0.0000e+00
   40.89196  -72.20270     10.155     10.076    11.6106    31.3521 -9.990e-29     0.4043 7.8150e+00  1023.8736    11.6094    23.8285     8.8778    270.975    8.93456  272.70677     99.365 0.0000e+00
   40.89198  -72.20270     10.166     10.087    11.6057    31.3521 -9.990e-29     0.4043 7.8452e+00  1023.8731    11.6045    23.8285     8.8778    270.973    8.93446  272.70384     99.365 0.0000e+00
   40.89198  -72.20270     10.206     10.127    11.6008    31.3521 -9.990e-29     0.4043 7.9563e+00  1023.8758    11.5996    23.8301     8.8771    270.952    8.93433  272.69982     99.359 0.0000e+00
   40.89198  -72.20270     10.227     10.147    11.5987    31.3542 -9.990e-29     0.4043 8.0237e+00  1023.8788    11.5975    23.8322     8.8766    270.936    8.93425  272.69730     99.354 0.0000e+00
   40.89198  -72.20270     10.247     10.168    11.5985    31.3559 -9.990e-29     0.4043 8.0154e+00  1023.8800    11.5973    23.8336     8.8768    270.945    8.93414  272.69413     99.359 0.0000e+00
   40.89198  -72.20270     10.257     10.177    11.5982    31.3559 -9.990e-29     0.4043 8.1978e+00  1023.8810    11.5970    23.8340     8.8763    270.928    8.93387  272.68560     99.356 0.0000e+00
   40.89198  -72.20270     10.298     10.218    11.6006    31.3559 -9.990e-29     0.4043 8.2992e+00  1023.8799    11.5993    23.8334     8.8758    270.913    8.93354  272.67560     99.353 0.0000e+00
   40.89198  -72.20270     10.318     10.237    11.6012    31.3546 -9.990e-29     0.4043 8.3312e+00  1023.8782    11.5999    23.8323     8.8808    271.067    8.93317  272.66448     99.414 0.0000e+00
   40.89198  -72.20270     10.348     10.267    11.5999    31.3525 -9.990e-29     0.4043 8.3634e+00  1023.8788    11.5987    23.8309     8.8814    271.084    8.93307  272.66191     99.421 0.0000e+00
   40.89198  -72.20270     10.368     10.288    11.5991    31.3496 -9.990e-29     0.4043 8.3634e+00  1023.8742    11.5978    23.8291     8.8767    270.943    8.93322  272.66671     99.368 0.0000e+00
   40.89198  -72.20270     10.389     10.308    11.5897    31.3496 -9.990e-29     0.4043 8.3634e+00  1023.8743    11.5885    23.8289     8.8818    271.096    8.93328  272.66825     99.423 0.0000e+00
   40.89198  -72.20270     10.410     10.329    11.5811    31.3496 -9.990e-29     0.4043 8.2320e+00  1023.8774    11.5798    23.8307     8.8769    270.947    8.93312  272.66335     99.370 0.0000e+00
   40.89198  -72.20270     10.450     10.368    11.5755    31.3502 -9.990e-29     0.4043 8.0942e+00  1023.8805    11.5743    23.8332     8.8768    270.945    8.93285  272.65511     99.373 -9.990e-29
   40.89198  -72.20270     10.450     10.368    11.5721    31.3518 -9.990e-29     0.4043 8.0715e+00  1023.8825    11.5709    23.8351     8.8769    270.948    8.93264  272.64879     99.376 -9.990e-29
   40.89198  -72.20270     10.500     10.419    11.5702    31.3526      8.014     0.4043 8.0036e+00  1023.8839    11.5689    23.8363     8.8772    270.956    8.93254  272.64575     99.380 -9.990e-29
   40.89198  -72.20270     10.500     10.419    11.5686    31.3528      8.014     0.4043 7.9223e+00  1023.8843    11.5673    23.8368     8.8768    270.945    8.93240  272.64153     99.378 -9.990e-29
   40.89198  -72.20270     10.531     10.449    11.5654    31.3529      8.010     0.4043 7.8919e+00  1023.8837    11.5641    23.8371     8.8765    270.936    8.93224  272.63686     99.376 0.0000e+00
   40.89198  -72.20270     10.551     10.469    11.5610    31.3530      8.014     0.4043 7.7735e+00  1023.8853    11.5598    23.8380     8.8766    270.938    8.93243  272.64268     99.375 -9.990e-29
