CalculateIndicators/WaterTemperature/Data/CTD_NYOS/20230518_C25.cnv
* Sea-Bird SBE 9 Data File:
* FileName = C:\Seabird 9 CTD\Data\2023\202305_offshore\20230518_C27.hex
* Software Version Seasave V 7.23.2
* Temperature SN = 4590
* Conductivity SN = 3228
* Number of Bytes Per Scan = 44
* Number of Voltage Words = 5
* Number of Scans Averaged by the Deck Unit = 1
* NMEA Latitude = 40 07.05 N
* NMEA Longitude = 071 40.36 W
* NMEA UTC (Time) = May 18 2023  11:34:06
* NMEA baud rate = 4800
** Ship: Seawolf
** Station: 11.5
** Operator: tcm
# nquan = 18
# nvalues = 160                         
# units = specified
# name 0 = latitude: Latitude [deg]
# name 1 = longitude: Longitude [deg]
# name 2 = prDM: Pressure, Digiquartz [db]
# name 3 = depSM: Depth [salt water, m]
# name 4 = t090C: Temperature [ITS-90, deg C]
# name 5 = sal00: Salinity, Practical [PSU]
# name 6 = ph: pH
# name 7 = flECO-AFL: Fluorescence, WET Labs ECO-AFL/FL [mg/m^3]
# name 8 = cpar: CPAR/Corrected Irradiance [%]
# name 9 = density00: Density [density, kg/m^3]
# name 10 = potemp090C: Potential Temperature [ITS-90, deg C]
# name 11 = sigma-100: Density [sigma-1, kg/m^3 ]
# name 12 = sbeox0Mg/L: Oxygen, SBE 43 [mg/l]
# name 13 = sbox0Mm/Kg: Oxygen, SBE 43 [umol/kg]
# name 14 = oxsolMg/L: Oxygen Saturation, Garcia & Gordon [mg/l]
# name 15 = oxsolMm/Kg: Oxygen Saturation, Garcia & Gordon [umol/kg]
# name 16 = sbeox0PS: Oxygen, SBE 43 [% saturation]
# name 17 = flag: flag
# span 0 =   40.11733,   40.11769       
# span 1 =  -71.67630,  -71.67277       
# span 2 =      2.000,     82.000       
# span 3 =      1.985,     81.355       
# span 4 =     7.0851,    11.6397       
# span 5 =    33.0164,    33.1509       
# span 6 =      7.878,      8.203       
# span 7 =    -0.0404,     1.4448       
# span 8 = -2.537e-07, 6.5490e+01       
# span 9 =  1025.1809,  1026.2987       
# span 10 =     7.0815,    11.6392      
# span 11 =    29.6036,    30.4540      
# span 12 =     8.0831,     9.7452      
# span 13 =    246.219,    297.064      
# span 14 =    8.82018,    9.75199      
# span 15 =  268.86706,  297.06235      
# span 16 =     83.306,    110.358      
# span 17 = 0.0000e+00, 0.0000e+00      
# interval = decibars: 1                
# start_time = May 18 2023 11:34:08 [System UTC, first data scan.]
# bad_flag = -9.990e-29
*END*
   40.11747  -71.67277      3.000      2.977    11.6380    33.0864 -9.990e-29     0.5254 2.5595e+01  1025.1838    11.6376    29.6045     9.6311    293.585    8.82018  268.86706    109.193 0.0000e+00
   40.11746  -71.67284      4.000      3.969    11.6397    33.0855 -9.990e-29     0.5341 2.2263e+01  1025.1874    11.6392    29.6036     9.6304    293.565    8.82142  268.90453    109.171 0.0000e+00
   40.11747  -71.67287      5.000      4.962    11.6322    33.0848 -9.990e-29     0.6042 1.7936e+01  1025.1927    11.6316    29.6045     9.6407    293.880    8.82174  268.91439    109.284 0.0000e+00
   40.11748  -71.67288      6.000      5.954    11.6302    33.0853 -9.990e-29     0.6966 1.4249e+01  1025.1980    11.6294    29.6054     9.6540    294.285    8.82148  268.90663    109.438 0.0000e+00
   40.11746  -71.67289      7.000      6.946    11.6287    33.0847 -9.990e-29     0.8565 1.0685e+01  1025.2023    11.6278    29.6053     9.6588    294.429    8.82555  269.02992    109.441 0.0000e+00
   40.11746  -71.67290      8.000      7.939    11.6130    33.0833 -9.990e-29     0.9340 9.0251e+00  1025.2086    11.6120    29.6075     9.6498    294.154    8.83048  269.17941    109.278 0.0000e+00
   40.11745  -71.67292      9.000      8.931    11.5885    33.0812 -9.990e-29     1.0738 6.2606e+00  1025.2158    11.5874    29.6107     9.6440    293.975    8.83454  269.30196    109.162 0.0000e+00
   40.11747  -71.67292     10.000      9.923    11.5553    33.0791      8.193     1.1443 5.6637e+00  1025.2250    11.5540    29.6161     9.6586    294.420    8.85255  269.84745    109.106 0.0000e+00
   40.11748  -71.67293     11.000     10.915    11.4566    33.0710      8.192     1.2228 4.8047e+00  1025.2410    11.4553    29.6297     9.6768    294.970    8.86742  270.29798    109.128 0.0000e+00
   40.11748  -71.67296     12.000     11.908    11.3852    33.0696      8.186     1.3361 3.8382e+00  1025.2576    11.3837    29.6432     9.6817    295.116    8.87638  270.56918    109.072 0.0000e+00
   40.11746  -71.67297     13.000     12.900    11.3279    33.0690      8.184     1.2939 3.1136e+00  1025.2720    11.3263    29.6544     9.6824    295.133    8.90514  271.44008    108.729 0.0000e+00
   40.11748  -71.67296     14.000     13.892    11.2359    33.0609      8.181     1.3146 2.8621e+00  1025.2872    11.2342    29.6670     9.6510    294.162    8.94496  272.64355    107.893 0.0000e+00
   40.11746  -71.67299     15.000     14.884    11.0361    33.0554      8.172     1.2194 2.0231e+00  1025.3225    11.0343    29.7020     9.5979    292.545    8.94576  272.66819    107.290 0.0000e+00
   40.11748  -71.67300     16.000     15.877    10.9555    33.0529      8.167     1.3957 1.9072e+00  1025.3400    10.9536    29.7166     9.6593    294.399    9.02946  275.20321    106.975 0.0000e+00
   40.11748  -71.67300     17.000     16.869    10.8148    33.0450      8.162     1.3447 1.5240e+00  1025.3629    10.8128    29.7380     9.5590    291.341    9.00983  274.60189    106.095 0.0000e+00
   40.11748  -71.67301     18.000     17.861    10.5811    33.0319      8.155     1.2030 1.2156e+00  1025.3976    10.5790    29.7731     9.4899    289.238    9.02735  275.13934    105.126 0.0000e+00
   40.11748  -71.67302     19.000     18.853    10.3765    33.0430      8.142     1.2893 1.0624e+00  1025.4465    10.3743    29.8218     9.5035    289.634    9.09947  277.32104    104.440 0.0000e+00
   40.11747  -71.67303     20.000     19.846    10.2749    33.0425      8.130     1.1989 8.0254e-01  1025.4684    10.2726    29.8413     9.4565    288.195    9.11850  277.89591    103.707 0.0000e+00
   40.11746  -71.67304     21.000     20.838    10.0650    33.0164      8.123     1.1512 7.4767e-01  1025.4867    10.0626    29.8597     9.4715    288.627    9.24096  281.60286    102.495 0.0000e+00
   40.11744  -71.67306     22.000     21.830     9.8064    33.0332      8.110     1.1540 6.2660e-01  1025.5484     9.8039    29.9223     9.3651    285.372    9.26999  282.47432    101.026 0.0000e+00
   40.11745  -71.67307     23.000     22.822     9.3206    33.0377      8.083     1.1229 4.8803e-01  1025.6347     9.3182    30.0145     9.2036    280.418    9.40759  286.63425     97.849 0.0000e+00
   40.11746  -71.67308     24.000     23.815     8.5248    33.0355      8.052     1.0539 4.0685e-01  1025.7625     8.5224    30.1552     8.9550    272.812    9.55126  290.97811     93.761 0.0000e+00
   40.11745  -71.67310     25.000     24.807     7.9563    33.1054      7.981     0.7695 3.1786e-01  1025.9071     7.9538    30.3074     8.6814    264.476    9.56573  291.41724     90.755 0.0000e+00
   40.11744  -71.67312     26.000     25.799     7.9060    33.0926      7.968     0.6506 2.8701e-01  1025.9088     7.9035    30.3057     8.7161    265.530    9.58851  292.10943     90.901 0.0000e+00
   40.11745 -9.990e-29     27.000     26.791     7.7935    33.0907      7.962     0.6139 2.6180e-01  1025.9282     7.7909    30.3232     8.7197    265.634    9.59773  292.38373     90.851 0.0000e+00
   40.11744  -71.67315     28.000     27.783     7.7765    33.1091      7.957     0.5950 1.9854e-01  1025.9498     7.7738    30.3404     8.6729    264.209    9.59640  292.34268     90.376 0.0000e+00
   40.11742  -71.67318     29.000     28.775     7.7945    33.1015      7.957     0.5145 1.7230e-01  1025.9454     7.7917    30.3311     8.6495    263.492    9.61899  293.02735     89.921 0.0000e+00
   40.11742  -71.67318     30.000     29.768     7.7149    33.1091      7.954     0.5308 1.5072e-01  1025.9673     7.7121    30.3502     8.6401    263.207    9.64690  293.87641     89.564 0.0000e+00
   40.11743  -71.67318     31.000     30.760     7.5118    33.0865      7.941     0.5250 1.2657e-01  1025.9831     7.5089    30.3662     8.5200    259.544    9.68032  294.88926     88.014 0.0000e+00
   40.11744  -71.67318     32.000     31.752     7.3442    33.0752      7.917     0.6842 1.3165e-01  1026.0025     7.3413    30.3849     8.5014    258.974    9.71468  295.93231     87.511 0.0000e+00
   40.11744  -71.67318     33.000     32.744     7.2960    33.0758      7.906     0.7870 1.7518e-01  1026.0142     7.2929    30.3931     8.4652    257.870    9.71672  295.99380     87.120 0.0000e+00
   40.11742  -71.67320     34.000     33.736     7.2468    33.0774      7.898     0.9498 2.1328e-01  1026.0270     7.2437    30.4025     8.4359    256.976    9.71836  296.04351     86.804 0.0000e+00
   40.11742  -71.67323     35.000     34.729     7.2107    33.0718      7.895     0.9540 1.0672e-01  1026.0322     7.2075    30.4039     8.4329    256.884    9.74499  296.85173     86.536 0.0000e+00
   40.11742  -71.67324     36.000     35.721     7.1298    33.0675      7.890     1.4448 1.1402e-01  1026.0445     7.1266    30.4136     8.4359    256.974    9.74860  296.96081     86.535 0.0000e+00
   40.11742  -71.67325     37.000     36.713     7.1017    33.0709      7.899     0.8033 1.2248e-01  1026.0556     7.0984    30.4207     8.5359    260.019    9.74985  296.99863     87.549 0.0000e+00
   40.11743  -71.67325     38.000     37.705     7.0917    33.0709      7.905     0.1506 8.9170e-02  1026.0616     7.0883    30.4224     8.5759    261.237    9.75123  297.03999     87.947 0.0000e+00
   40.11740  -71.67328     39.000     38.697     7.0880    33.0729      7.906     0.0434 9.4681e-02  1026.0683     7.0845    30.4245     8.5465    260.343    9.75199  297.06235     87.639 0.0000e+00
   40.11742  -71.67329     40.000     39.689     7.0851    33.0750      7.902     0.0266 8.0506e-02  1026.0749     7.0815    30.4266     8.4711    258.043    9.75120  297.03782     86.872 0.0000e+00
   40.11741  -71.67330     41.000     40.681     7.0882    33.0796      7.898     0.0106 7.5386e-02  1026.0827     7.0845    30.4297     8.3757    255.138    9.74901  296.97021     85.914 0.0000e+00
 -9.990e-29 -9.990e-29     42.000     41.674     7.0970    33.0851      7.890     0.0075 6.5219e-02  1026.0904     7.0932    30.4327     8.2648    251.760    9.74657  296.89544     84.797 0.0000e+00
   40.11742  -71.67332     43.000     42.666     7.1034    33.0872      7.886     0.0202 5.3150e-02  1026.0958     7.0995    30.4333     8.2079    250.023    9.74691  296.90567     84.210 0.0000e+00
   40.11742  -71.67332     44.000     43.658     7.1037    33.0881 -9.990e-29     0.0046 4.8405e-02  1026.1010     7.0997    30.4339     8.1822    249.241    9.74758  296.92564     83.941 0.0000e+00
   40.11741  -71.67334     45.000     44.650     7.1013    33.0884      7.881    -0.0102 4.1526e-02  1026.1063     7.0972    30.4346     8.1714    248.914    9.74855  296.95499     83.822 0.0000e+00
   40.11742  -71.67338     46.000     45.642     7.0943    33.0884      7.881    -0.0150 3.2960e-02  1026.1118     7.0902    30.4357     8.1623    248.637    9.74776  296.93040     83.736 0.0000e+00
   40.11741  -71.67337     47.000     46.634     7.0967    33.0931      7.881     0.0075 2.7992e-02  1026.1198     7.0925    30.4390     8.1540    248.380    9.74574  296.86876     83.667 0.0000e+00
   40.11740  -71.67338     48.000     47.626     7.1060    33.0937      7.882     0.0101 2.3244e-02  1026.1235     7.1016    30.4380     8.1630    248.658    9.74559  296.86424     83.761 0.0000e+00
   40.11741  -71.67337     49.000     48.618     7.1071    33.0939      7.882    -0.0118 1.8019e-02  1026.1281     7.1027    30.4380     8.1736    248.979    9.74558  296.86405     83.870 0.0000e+00
   40.11739  -71.67339     50.000     49.610     7.1081    33.0938      7.882     0.0024 1.4835e-02  1026.1325     7.1036    30.4378     8.1704    248.883    9.74512  296.84982     83.841 0.0000e+00
   40.11742  -71.67339     51.000     50.602     7.1094    33.0939      7.882    -0.0113 1.0139e-02  1026.1371     7.1048    30.4377     8.1611    248.598    9.74509  296.84892     83.746 0.0000e+00
 -9.990e-29  -71.67342     52.000     51.595     7.1104    33.0941      7.882    -0.0051 7.3173e-03  1026.1416     7.1057    30.4376     8.1748    249.017    9.74458  296.83340     83.891 0.0000e+00
 -9.990e-29  -71.67344     53.000     52.587     7.1115    33.0941      7.882    -0.0116 4.7353e-03  1026.1460     7.1067    30.4375     8.1731    248.964    9.74449  296.83065     83.874 0.0000e+00
   40.11742  -71.67345     54.000     53.579     7.1123    33.0943      7.882    -0.0117 1.5416e-03  1026.1507     7.1074    30.4376     8.1728    248.955    9.74444  296.82929     83.871 0.0000e+00
   40.11742  -71.67346     55.000     54.571     7.1128    33.0946 -9.990e-29    -0.0105 9.8855e-06  1026.1554     7.1078    30.4377     8.1571    248.478    9.74415  296.82033     83.713 0.0000e+00
   40.11743  -71.67349     56.000     55.563     7.1133    33.0946 -9.990e-29    -0.0130 -2.537e-07  1026.1599     7.1083    30.4376     8.1713    248.909    9.74383  296.81055     83.861 0.0000e+00
 -9.990e-29  -71.67350     57.000     56.555     7.1142    33.0948 -9.990e-29    -0.0055 1.9365e-13  1026.1646     7.1090    30.4377     8.1723    248.939    9.74352  296.80106     83.874 0.0000e+00
   40.11742  -71.67350     58.000     57.547     7.1173    33.0955 -9.990e-29    -0.0164 1.6729e-13  1026.1693     7.1121    30.4377     8.1609    248.592    9.74312  296.78901     83.761 0.0000e+00
   40.11739  -71.67350     59.000     58.539     7.1184    33.0959 -9.990e-29    -0.0123 1.8735e-13  1026.1741     7.1131    30.4379     8.1580    248.505    9.74303  296.78599     83.732 0.0000e+00
   40.11740  -71.67353     60.000     59.531     7.1181    33.0957 -9.990e-29    -0.0035 1.5782e-13  1026.1786     7.1126    30.4378     8.1578    248.499    9.74286  296.78102     83.731 0.0000e+00
   40.11741  -71.67354     61.000     60.523     7.1189    33.0961      7.881    -0.0152 1.5519e-13  1026.1833     7.1133    30.4380     8.1601    248.567    9.74271  296.77620     83.756 0.0000e+00
   40.11741  -71.67355     62.000     61.515     7.1201    33.0968      7.881    -0.0200 1.6796e-13  1026.1883     7.1145    30.4384     8.1591    248.535    9.74222  296.76116     83.749 0.0000e+00
   40.11741  -71.67356     63.000     62.507     7.1223    33.0975 -9.990e-29    -0.0272 1.9499e-13  1026.1931     7.1166    30.4386     8.1487    248.221    9.74144  296.73725     83.650 0.0000e+00
   40.11736  -71.67357     64.000     63.499     7.1239    33.0982 -9.990e-29    -0.0212 1.8885e-13  1026.1981     7.1181    30.4389     8.1306    247.670    9.74160  296.74229     83.463 0.0000e+00
   40.11738  -71.67359     65.000     64.491     7.1245    33.0983 -9.990e-29    -0.0114 1.9287e-13  1026.2027     7.1186    30.4389     8.1329    247.739    9.74071  296.71510     83.494 0.0000e+00
   40.11736  -71.67360     66.000     65.483     7.1267    33.0991 -9.990e-29    -0.0188 1.9356e-13  1026.2076     7.1207    30.4392     8.1408    247.979    9.74081  296.71799     83.574 0.0000e+00
   40.11740  -71.67362     67.000     66.475     7.1283    33.0999      7.878    -0.0196 7.7827e-14  1026.2126     7.1222    30.4396     8.1383    247.903    9.73692  296.59907     83.582 0.0000e+00
   40.11736  -71.67362     68.000     67.467     7.1398    33.1030      7.878    -0.0055 6.9890e-14  1026.2180     7.1337    30.4401     8.1445    248.092    9.73619  296.57685     83.652 0.0000e+00
   40.11742  -71.67364     69.000     68.459     7.1501    33.1096      7.879    -0.0077 8.1436e-14  1026.2264     7.1439    30.4436     8.1278    247.581    9.71085  295.80124     83.699 0.0000e+00
   40.11742  -71.67364     70.000     69.451     7.2067    33.1301      7.882    -0.0249 6.5606e-14  1026.2393     7.2004    30.4506     8.1425    248.029    9.71068  295.79659     83.851 0.0000e+00
   40.11737  -71.67366     71.000     70.443     7.2574    33.1424      7.883    -0.0269 8.7646e-14  1026.2465     7.2508    30.4520     8.1191    247.315    9.70649  295.66809     83.646 0.0000e+00
   40.11740  -71.67366     72.000     71.435     7.2712    33.1450 -9.990e-29    -0.0375 6.5773e-14  1026.2512     7.2646    30.4518     8.1049    246.883    9.70526  295.63026     83.511 0.0000e+00
   40.11740  -71.67367     73.000     72.427     7.2735    33.1458 -9.990e-29    -0.0276 1.3736e-13  1026.2560     7.2668    30.4521     8.0973    246.649    9.70470  295.61302     83.437 0.0000e+00
   40.11737  -71.67370     74.000     73.419     7.2769    33.1478 -9.990e-29    -0.0114 7.5528e-14  1026.2617     7.2701    30.4531     8.1150    247.191    9.70335  295.57210     83.631 0.0000e+00
   40.11738  -71.67370     75.000     74.411     7.2808    33.1491      7.887    -0.0314 1.4870e-13  1026.2669     7.2739    30.4536     8.1140    247.158    9.70414  295.59605     83.614 0.0000e+00
   40.11738  -71.67373     76.000     75.403     7.2840    33.1500      7.887    -0.0316 9.9342e-14  1026.2717     7.2770    30.4537     8.1023    246.801    9.70245  295.54417     83.507 0.0000e+00
   40.11738  -71.67376     77.000     76.395     7.2863    33.1508      7.887    -0.0182 1.8464e-13  1026.2766     7.2792    30.4540     8.0955    246.595    9.70227  295.53857     83.439 0.0000e+00
   40.11736  -71.67377     78.000     77.387     7.2874    33.1509      7.887    -0.0179 1.8969e-13  1026.2811     7.2802    30.4539     8.0904    246.441    9.70192  295.52808     83.390 0.0000e+00
   40.11737  -71.67376     79.000     78.379     7.2875    33.1509      7.887    -0.0217 1.1830e-13  1026.2845     7.2802    30.4539     8.0897    246.417    9.70193  295.52842     83.382 0.0000e+00
   40.11736  -71.67379     80.000     79.371     7.2865    33.1506      7.887    -0.0298 1.2302e-13  1026.2902     7.2791    30.4538     8.0953    246.591    9.70216  295.53514     83.439 0.0000e+00
   40.11735  -71.67384     81.000     80.363     7.2867    33.1506      7.887    -0.0156 9.5657e-14  1026.2947     7.2792    30.4538     8.0923    246.498    9.70206  295.53219     83.408 0.0000e+00
   40.11733  -71.67406     82.000     81.355     7.2822    33.1492      7.887    -0.0404 5.4410e-14  1026.2987     7.2747    30.4534     8.0831    246.219    9.70297  295.56031     83.306 0.0000e+00
