CalculateIndicators/WaterTemperature/Data/CTD_NYOS/20230516_C09A.cnv
* Sea-Bird SBE 9 Data File:
* FileName = C:\Seabird 9 CTD\Data\2023\202305_offshore\20230516_C10.hex
* Software Version Seasave V 7.23.2
* Temperature SN = 4590
* Conductivity SN = 3228
* Number of Bytes Per Scan = 44
* Number of Voltage Words = 5
* Number of Scans Averaged by the Deck Unit = 1
* NMEA Latitude = 39 19.93 N
* NMEA Longitude = 072 03.57 W
* NMEA UTC (Time) = May 16 2023  07:19:14
* NMEA baud rate = 4800
** Ship: Seawolf
** Station: 9.7
** Operator: TDK
# nquan = 18
# nvalues = 204                         
# units = specified
# name 0 = latitude: Latitude [deg]
# name 1 = longitude: Longitude [deg]
# name 2 = prDM: Pressure, Digiquartz [db]
# name 3 = depSM: Depth [salt water, m]
# name 4 = t090C: Temperature [ITS-90, deg C]
# name 5 = sal00: Salinity, Practical [PSU]
# name 6 = ph: pH
# name 7 = flECO-AFL: Fluorescence, WET Labs ECO-AFL/FL [mg/m^3]
# name 8 = cpar: CPAR/Corrected Irradiance [%]
# name 9 = density00: Density [density, kg/m^3]
# name 10 = potemp090C: Potential Temperature [ITS-90, deg C]
# name 11 = sigma-100: Density [sigma-1, kg/m^3 ]
# name 12 = sbeox0Mg/L: Oxygen, SBE 43 [mg/l]
# name 13 = sbox0Mm/Kg: Oxygen, SBE 43 [umol/kg]
# name 14 = oxsolMg/L: Oxygen Saturation, Garcia & Gordon [mg/l]
# name 15 = oxsolMm/Kg: Oxygen Saturation, Garcia & Gordon [umol/kg]
# name 16 = sbeox0PS: Oxygen, SBE 43 [% saturation]
# name 17 = flag: flag
# span 0 =   39.33218,   39.33394       
# span 1 =  -72.05962,  -72.05376       
# span 2 =      1.000,    103.000       
# span 3 =      0.992,    102.192       
# span 4 =    13.6990,    15.0799       
# span 5 =    34.0692,    35.6885       
# span 6 =      8.024,      8.097       
# span 7 =    -0.0797,     1.3575       
# span 8 = -2.320e+04, 1.0898e+05       
# span 9 =  1025.4840,  1026.9414       
# span 10 =    13.6897,    15.0644      
# span 11 =    29.8578,    30.8390      
# span 12 =     7.1050,     8.4693      
# span 13 =    216.303,    258.083      
# span 14 =    8.08752,    8.35537      
# span 15 =  246.21666,  254.62142      
# span 16 =     87.335,    101.743      
# span 17 = 0.0000e+00, 0.0000e+00      
# interval = decibars: 1                
# start_time = May 16 2023 07:19:13 [System UTC, first data scan.]
# bad_flag = -9.990e-29
*END*
[from data line 81]
 -9.990e-29 -9.990e-29     83.000     82.352    14.5611    35.4919      8.028    -0.0241 5.0640e-11  1026.8156    14.5488    30.8108     7.2664    221.226    8.17403  248.86052     88.896 0.0000e+00
   39.33260  -72.05837     84.000     83.345    14.6170    35.5076      8.029    -0.0148 5.0640e-11  1026.8201    14.6045    30.8099     7.2714    221.377    8.16508  248.58628     89.055 0.0000e+00
   39.33260  -72.05836     85.000     84.337    14.6414    35.5160      8.029    -0.0256 5.0640e-11  1026.8256    14.6287    30.8105     7.2749    221.485    8.16207  248.49400     89.131 0.0000e+00
   39.33260  -72.05835     86.000     85.328    14.6525    35.5211      8.029    -0.0285 5.0640e-11  1026.8315    14.6397    30.8118     7.2674    221.256    8.16042  248.44380     89.057 0.0000e+00
   39.33262  -72.05832     87.000     86.320    14.6732    35.5320      8.027    -0.0407 5.0640e-11  1026.8399    14.6602    30.8154     7.2233    219.912    8.15398  248.24582     88.586 0.0000e+00
   39.33260 -9.990e-29     88.000     87.312    14.7010    35.5513      8.027    -0.0388 5.0640e-11  1026.8532    14.6878    30.8237     7.1569    217.888    8.12650  247.40518     88.069 0.0000e+00
   39.33261 -9.990e-29     89.000     88.304    14.7885    35.5917      8.024    -0.0502 5.0640e-11  1026.8693    14.7751    30.8337     7.1223    216.834    8.11817  247.15315     87.733 0.0000e+00
   39.33262  -72.05828     90.000     89.296    14.8832    35.6203      8.026    -0.0655 5.0640e-11  1026.8751    14.8696    30.8334     7.1121    216.524    8.11695  247.11555     87.621 0.0000e+00
   39.33262  -72.05828     91.000     90.288    14.9175    35.6251      8.026    -0.0686 5.0640e-11  1026.8755    14.9038    30.8288     7.1205    216.779    8.11264  246.98382     87.771 0.0000e+00
   39.33262  -72.05828     92.000     91.280    14.9410    35.6373      8.026    -0.0797 5.0640e-11  1026.8841    14.9271    30.8326     7.1401    217.376    8.10479  246.74433     88.098 0.0000e+00
   39.33262  -72.05828     93.000     92.272    14.9652    35.6459      8.026    -0.0637 5.0640e-11  1026.8898    14.9511    30.8334     7.1244    216.898    8.10324  246.69710     87.921 0.0000e+00
   39.33263  -72.05824     94.000     93.264    14.9908    35.6535      8.026    -0.0574 5.0640e-11  1026.8945    14.9766    30.8332     7.1261    216.948    8.09922  246.57399     87.985 0.0000e+00
   39.33264  -72.05824     95.000     94.256    15.0164    35.6654      8.026    -0.0777 5.0640e-11  1026.9023    15.0020    30.8362     7.1256    216.933    8.09636  246.48696     88.010 0.0000e+00
   39.33266  -72.05822     96.000     95.248    15.0326    35.6687      8.027    -0.0647 8.8098e+04  1026.9057    15.0180    30.8349     7.1317    217.117    8.09451  246.43025     88.105 0.0000e+00
   39.33265  -72.05821     97.000     96.240    15.0400    35.6731      8.025    -0.0658 9.9909e+04  1026.9119    15.0253    30.8365     7.1291    217.038    8.09390  246.41185     88.079 0.0000e+00
   39.33265  -72.05819     98.000     97.232    15.0470    35.6743      8.026    -0.0658 9.9999e+04  1026.9156    15.0321    30.8358     7.1223    216.831    8.09226  246.36131     88.013 0.0000e+00
   39.33266  -72.05818     99.000     98.224    15.0516    35.6775      8.026    -0.0658 9.9999e+04  1026.9216    15.0365    30.8372     7.1298    217.061    8.09034  246.30301     88.128 0.0000e+00
   39.33266  -72.05818    100.000     99.216    15.0623    35.6810      8.026    -0.0654 9.9999e+04  1026.9262    15.0471    30.8373     7.1105    216.473    8.09006  246.29442     87.892 0.0000e+00
   39.33266  -72.05816    101.000    100.208    15.0736    35.6854      8.027    -0.0596 9.9999e+04  1026.9316    15.0582    30.8380     7.1349    217.215    8.08752  246.21666     88.221 0.0000e+00
   39.33268  -72.05812    102.000    101.200    15.0799    35.6876      8.027    -0.0737 8.8367e+04  1026.9363    15.0644    30.8382     7.1221    216.825    8.08757  246.21845     88.062 0.0000e+00
   39.33273  -72.05786    103.000    102.192    15.0799    35.6885 -9.990e-29    -0.0598 -2.320e+04  1026.9414    15.0642    30.8390     7.1050    216.303    8.08841  246.24369     87.841 0.0000e+00
   39.33272  -72.05790    102.000    101.199    15.0783    35.6875 -9.990e-29    -0.0710 5.0640e-11  1026.9365    15.0627    30.8385     7.1142    216.585    8.08830  246.24039     87.957 0.0000e+00
   39.33281  -72.05767    101.000    100.208    15.0761    35.6869 -9.990e-29    -0.0586 5.0640e-11  1026.9321    15.0607    30.8386     7.1194    216.742    8.08935  246.27229     88.009 0.0000e+00
   39.33292  -72.05737    100.000     99.216    15.0689    35.6837 -9.990e-29    -0.0525 5.0640e-11  1026.9268    15.0537    30.8378     7.1253    216.923    8.09126  246.33074     88.062 0.0000e+00
   39.33292  -72.05735     99.000     98.224    15.0604    35.6810      8.030    -0.0544 5.0640e-11  1026.9223    15.0453    30.8378     7.1280    217.006    8.09273  246.37550     88.079 0.0000e+00
   39.33294  -72.05734     98.000     97.232    15.0524    35.6776      8.030    -0.0657 5.0640e-11  1026.9170    15.0375    30.8370     7.1248    216.909    8.09510  246.44829     88.014 0.0000e+00
   39.33294  -72.05732     97.000     96.240    15.0476    35.6765      8.030    -0.0787 5.0640e-11  1026.9128    15.0329    30.8373     7.1189    216.728    8.09644  246.48885     87.926 0.0000e+00
   39.33294  -72.05730     96.000     95.248    15.0338    35.6716      8.030    -0.0787 5.0640e-11  1026.9077    15.0192    30.8368     7.1295    217.053    8.09990  246.59432     88.020 0.0000e+00
   39.33294  -72.05729     95.000     94.256    15.0280    35.6694      8.030    -0.0792 5.0640e-11  1026.9029    15.0136    30.8365     7.1492    217.654    8.10507  246.75313     88.207 0.0000e+00
   39.33294  -72.05728     94.000     93.264    15.0035    35.6599      8.030    -0.0661 5.0640e-11  1026.8965    14.9893    30.8350     7.1382    217.316    8.10875  246.86474     88.031 0.0000e+00
   39.33296  -72.05726     93.000     92.272    14.9618    35.6436      8.030    -0.0558 5.0640e-11  1026.8888    14.9477    30.8325     7.1322    217.135    8.11847  247.16193     87.851 0.0000e+00
   39.33296 -9.990e-29     92.000     91.280    14.9460    35.6374      8.030    -0.0626 -9.990e-29  1026.8831    14.9321    30.8314     7.1339    217.187    8.12022  247.21481     87.854 0.0000e+00
   39.33296 -9.990e-29     91.000     90.288    14.8981    35.6243      8.029    -0.0615 5.0640e-11  1026.8795    14.8844    30.8331     7.1336    217.179    8.12881  247.47687     87.757 0.0000e+00
 -9.990e-29 -9.990e-29     90.000     89.296    14.8361    35.5970      8.026    -0.0640 5.0640e-11  1026.8678    14.8225    30.8270     7.1229    216.855    8.15582  248.30282     87.335 0.0000e+00
 -9.990e-29 -9.990e-29     89.000     88.304    14.7274    35.5515      8.027    -0.0768 5.0640e-11  1026.8517    14.7140    30.8173     7.1482    217.628    8.16203  248.49309     87.579 0.0000e+00
 -9.990e-29  -72.05720     88.000     87.312    14.6921    35.5402      8.028    -0.0778 5.0640e-11  1026.8464    14.6790    30.8171     7.2149    219.658    8.16312  248.52587     88.384 0.0000e+00
   39.33300  -72.05715     87.000     86.320    14.6611    35.5253      8.031    -0.0327 5.0640e-11  1026.8373    14.6482    30.8130     7.2749    221.484    8.16629  248.62333     89.084 0.0000e+00
   39.33300  -72.05714     86.000     85.328    14.6567    35.5232      8.032    -0.0381 5.0640e-11  1026.8322    14.6439    30.8124     7.2724    221.409    8.16855  248.69215     89.029 0.0000e+00
   39.33300  -72.05714     85.000     84.336    14.6373    35.5171      8.032    -0.0266 5.0640e-11  1026.8274    14.6246    30.8124     7.2749    221.484    8.17133  248.77724     89.029 0.0000e+00
   39.33301 -9.990e-29     84.000     83.344    14.6121    35.5045 -9.990e-29    -0.0208 5.0640e-11  1026.8187    14.5996    30.8086     7.2936    222.057    8.19632  249.54055     88.986 0.0000e+00
   39.33302 -9.990e-29     83.000     82.353    14.5636    35.4849 -9.990e-29    -0.0229 5.0640e-11  1026.8097    14.5513    30.8049     7.3003    222.260    8.21708  250.17317     88.843 0.0000e+00
   39.33302  -72.05710     82.000     81.360    14.4674    35.4540      8.032    -0.0209 5.0640e-11  1026.8024    14.4553    30.8038     7.2967    222.156    8.23304  250.66285     88.628 0.0000e+00
   39.33304  -72.05707     81.000     80.369    14.2527    35.3660      8.033    -0.0007 5.0640e-11  1026.7766    14.2409    30.7866     7.3605    224.103    8.26034  251.49953     89.106 0.0000e+00
   39.33302 -9.990e-29     80.000     79.376    14.1999    35.3341      8.033     0.0153 5.0640e-11  1026.7586    14.1882    30.7741     7.3927    225.084    8.27460  251.93603     89.342 0.0000e+00
   39.33302 -9.990e-29     79.000     78.384    14.1473    35.3145      8.033     0.0277 5.0640e-11  1026.7504    14.1358    30.7714     7.4191    225.887    8.27582  251.97275     89.647 0.0000e+00
   39.33304  -72.05704     78.000     77.392    14.0786    35.2840      8.033     0.0354 5.0640e-11  1026.7366    14.0673    30.7634     7.4427    226.609    8.27753  252.02644     89.915 0.0000e+00
   39.33304  -72.05702     77.000     76.400    14.0529    35.2710 -9.990e-29     0.0322 -9.990e-29  1026.7279    14.0417    30.7596     7.4391    226.500    8.28016  252.10821     89.843 0.0000e+00
   39.33304  -72.05701     76.000     75.408    14.0408    35.2579      8.033     0.0481 9.9999e+04  1026.7159    14.0298    30.7523     7.4297    226.214    8.28375  252.21835     89.690 0.0000e+00
   39.33305  -72.05699     75.000     74.416    14.0228    35.2470      8.033     0.0773 9.9999e+04  1026.7069    14.0120    30.7481     7.4257    226.094    8.28746  252.33149     89.602 0.0000e+00
   39.33306  -72.05696     74.000     73.424    13.9984    35.2372      8.031     0.0928 6.8369e+04  1026.7001    13.9877    30.7462     7.4316    226.278    8.30094  252.74631     89.528 0.0000e+00
 -9.990e-29  -72.05696     73.000     72.432    13.9803    35.2278      8.031     0.0655 3.7269e+02  1026.6923    13.9698    30.7432     7.4429    226.621    8.31505  253.17539     89.512 0.0000e+00
   39.33308  -72.05695     72.000     71.440    13.9145    35.1974      8.029     0.0768 7.3096e+04  1026.6779    13.9042    30.7346     7.4331    226.322    8.31839  253.27828     89.357 0.0000e+00
   39.33308  -72.05692     71.000     70.448    13.8220    35.1583      8.030     0.1054 9.9731e+04  1026.6629    13.8119    30.7258     7.4573    227.061    8.33457  253.77086     89.475 0.0000e+00
   39.33311  -72.05681     70.000     69.456    13.8042    35.1524      8.029     0.1214 5.2336e+04  1026.6578    13.7942    30.7255     7.4387    226.492    8.32658  253.52774     89.336 0.0000e+00
   39.33325  -72.05625     69.000     68.464    13.7464    35.1333      8.025     0.1319 -6.231e+03  1026.6506    13.7366    30.7239     7.4415    226.581    8.34238  254.01166     89.201 0.0000e+00
   39.33324  -72.05628     68.000     67.472    13.7062    35.1200      8.024     0.1550 5.0640e-11  1026.6443    13.6966    30.7228     7.4461    226.722    8.34121  253.97565     89.269 0.0000e+00
   39.33324  -72.05628     67.000     66.480    13.7056    35.1200      8.024     0.1608 5.0640e-11  1026.6400    13.6961    30.7229     7.4435    226.643    8.33797  253.87816     89.272 0.0000e+00
   39.33324  -72.05627     66.000     65.488    13.7156    35.1217      8.025     0.1463 5.0640e-11  1026.6348    13.7062    30.7219     7.4447    226.680    8.33714  253.85307     89.296 0.0000e+00
   39.33326  -72.05624     65.000     64.496    13.7446    35.1248 -9.990e-29     0.1882 5.0640e-11  1026.6267    13.7354    30.7177     7.4504    226.854    8.32810  253.57935     89.460 0.0000e+00
   39.33326  -72.05624     64.000     63.504    13.7556    35.1241      8.025     0.1749 5.0640e-11  1026.6193    13.7465    30.7145     7.4406    226.555    8.31686  253.23574     89.464 0.0000e+00
   39.33325  -72.05623     63.000     62.512    13.7936    35.1306      8.028     0.1985 5.0640e-11  1026.6117    13.7846    30.7107     7.4370    226.447    8.30867  252.98889     89.509 0.0000e+00
   39.33324  -72.05620     62.000     61.520    13.9141    35.1604      8.030     0.2038 5.0640e-11  1026.6053    13.9052    30.7064     7.4089    225.588    8.22714  250.50252     90.054 0.0000e+00
   39.33326  -72.05620     61.000     60.527    13.9845    35.1784      8.029     0.1975 5.0640e-11  1026.5993    13.9757    30.7034     7.4072    225.551    8.19858  249.64947     90.347 0.0000e+00
   39.33326  -72.05619     60.000     59.535    14.2172    35.2220      8.036     0.2182 3.2519e+04  1026.5791    14.2084    30.6833     7.4692    227.438    8.19948  249.67629     91.093 0.0000e+00
   39.33326  -72.05616     59.000     58.543    14.5823    35.2758      8.041     0.2790 9.9479e+04  1026.5376    14.5735    30.6394     7.4669    227.371    8.18741  249.31148     91.200 0.0000e+00
   39.33326  -72.05615     58.000     57.551    14.5972    35.2741      8.043     0.3000 9.9999e+04  1026.5289    14.5886    30.6348     7.4743    227.598    8.18856  249.34636     91.278 0.0000e+00
   39.33326  -72.05612     57.000     56.559    14.5832    35.2625 -9.990e-29     0.3662 -9.990e-29  1026.5185    14.5747    30.6292     7.5272    229.207    8.19681  249.59832     91.830 0.0000e+00
   39.33328  -72.05612     56.000     55.567    14.5580    35.2520 -9.990e-29     0.3997 -9.990e-29  1026.5113    14.5497    30.6269     7.5209    229.016    8.19882  249.65946     91.731 0.0000e+00
   39.33328  -72.05610     55.000     54.575    14.5383    35.2476      8.046     0.3848 5.0640e-11  1026.5079    14.5302    30.6283     7.5130    228.777    8.19950  249.68013     91.628 0.0000e+00
   39.33328  -72.05609     54.000     53.582    14.5277    35.2446      8.046     0.4054 5.0640e-11  1026.5034    14.5197    30.6284     7.5479    229.839    8.20269  249.77805     92.017 0.0000e+00
   39.33328  -72.05607     53.000     52.590    14.5225    35.2422      8.046     0.3937 8.0090e+04  1026.4983    14.5147    30.6277     7.5496    229.890    8.20762  249.92805     91.982 0.0000e+00
   39.33328  -72.05605     52.000     51.598    14.4977    35.2337      8.046     0.4163 9.9867e+04  1026.4926    14.4901    30.6270     7.5478    229.835    8.20885  249.96548     91.947 0.0000e+00
   39.33328  -72.05604     51.000     50.606    14.4765    35.2272      8.046     0.4228 9.9999e+04  1026.4878    14.4689    30.6270     7.5570    230.116    8.21196  250.06042     92.024 0.0000e+00
   39.33330  -72.05598     50.000     49.614    14.4547    35.2200      8.046     0.4283 4.5229e+04  1026.4824    14.4474    30.6265     7.5662    230.397    8.21438  250.13409     92.109 0.0000e+00
   39.33340  -72.05557     49.000     48.622    14.4737    35.2233 -9.990e-29     0.4420 1.0777e+03  1026.4764    14.4665    30.6245     7.5816    230.867    8.21161  250.04997     92.328 0.0000e+00
   39.33341  -72.05554     48.000     47.630    14.4637    35.2206 -9.990e-29     0.4967 5.0640e-11  1026.4721    14.4566    30.6248     7.5824    230.890    8.20958  249.98891     92.360 0.0000e+00
   39.33342  -72.05552     47.000     46.637    14.4808    35.2197 -9.990e-29     0.5224 5.0640e-11  1026.4633    14.4738    30.6201     7.5890    231.095    8.20658  249.89972     92.475 0.0000e+00
   39.33344  -72.05551     46.000     45.645    14.4930    35.2182 -9.990e-29     0.5054 5.0640e-11  1026.4551    14.4862    30.6161     7.6152    231.892    8.21004  250.00628     92.755 0.0000e+00
   39.33344  -72.05549     45.000     44.653    14.4800    35.2046      8.053     0.5214 5.0640e-11  1026.4429    14.4734    30.6087     7.6496    232.941    8.21355  250.11370     93.134 0.0000e+00
