CalculateIndicators/WaterTemperature/Data/CTD_NYOS/20230518_C27.cnv
* Sea-Bird SBE 9 Data File:
* FileName = C:\Seabird 9 CTD\Data\2023\202305_offshore\20230518_C27.hex
* Software Version Seasave V 7.23.2
* Temperature SN = 4590
* Conductivity SN = 3228
* Number of Bytes Per Scan = 44
* Number of Voltage Words = 5
* Number of Scans Averaged by the Deck Unit = 1
* NMEA Latitude = 40 07.05 N
* NMEA Longitude = 071 40.36 W
* NMEA UTC (Time) = May 18 2023  11:34:06
* NMEA baud rate = 4800
** Ship: Seawolf
** Station: 11.5
** Operator: tcm
# nquan = 18
# nvalues = 18466                       
# units = specified
# name 0 = latitude: Latitude [deg]
# name 1 = longitude: Longitude [deg]
# name 2 = prDM: Pressure, Digiquartz [db]
# name 3 = depSM: Depth [salt water, m]
# name 4 = t090C: Temperature [ITS-90, deg C]
# name 5 = sal00: Salinity, Practical [PSU]
# name 6 = ph: pH
# name 7 = flECO-AFL: Fluorescence, WET Labs ECO-AFL/FL [mg/m^3]
# name 8 = cpar: CPAR/Corrected Irradiance [%]
# name 9 = density00: Density [density, kg/m^3]
# name 10 = potemp090C: Potential Temperature [ITS-90, deg C]
# name 11 = sigma-é00: Density [sigma-theta, kg/m^3]
# name 12 = sbeox0Mg/L: Oxygen, SBE 43 [mg/l]
# name 13 = sbox0Mm/Kg: Oxygen, SBE 43 [umol/kg]
# name 14 = oxsolMg/L: Oxygen Saturation, Garcia & Gordon [mg/l]
# name 15 = oxsolMm/Kg: Oxygen Saturation, Garcia & Gordon [umol/kg]
# name 16 = sbeox0PS: Oxygen, SBE 43 [% saturation]
# name 17 = flag:  0.000e+00
# span 0 =   40.11734,   40.11770       
# span 1 =  -71.67634,  -71.67266       
# span 2 =      2.144,     81.600       
# span 3 =      2.128,     80.958       
# span 4 =     7.0837,    11.6441       
# span 5 =    32.9234,    33.1893       
# span 6 =      7.877,      8.203       
# span 7 =    -0.0389,     1.8548       
# span 8 = 6.2441e-14, 1.5029e+02       
# span 9 =  1025.1789,  1026.2973       
# span 10 =     7.0801,    11.6437      
# span 11 =    25.1633,    25.9267      
# span 12 =     8.0722,     9.7570      
# span 13 =    245.885,    297.422      
# span 14 =    8.81912,    9.75209      
# span 15 =  268.83485,  297.06543      
# span 16 =     83.189,    110.487      
# span 17 = 0.0000e+00, 0.0000e+00      
# interval = seconds: 0.0416667
# start_time = May 18 2023 11:34:08 [System UTC, first data scan.]
# bad_flag = -9.990e-29
*END*
[from data line 4503]
 -9.990e-29  -71.67366     70.631     70.077     7.2540    33.1352      7.887    -0.0255 1.8150e-13  1026.2391     7.2475    25.9162     8.1254    247.506    9.71158  295.82341     83.667 -9.990e-29
 -9.990e-29  -71.67366     70.641     70.087     7.2525    33.1352      7.887    -0.0389 1.8150e-13  1026.2393     7.2460    25.9161     8.1198    247.335    9.71141  295.81849     83.610 -9.990e-29
 -9.990e-29  -71.67366     70.641     70.087     7.2514    33.1352      7.887    -0.0389 1.8216e-13  1026.2396     7.2449    25.9166     8.1196    247.330    9.71129  295.81466     83.610 -9.990e-29
 -9.990e-29  -71.67366     70.641     70.087     7.2507    33.1360      7.882    -0.0389 1.8216e-13  1026.2411     7.2442    25.9173     8.1124    247.110    9.71133  295.81627     83.535 -9.990e-29
 -9.990e-29  -71.67364     70.652     70.098     7.2504    33.1367      7.887    -0.0389 1.8216e-13  1026.2413     7.2439    25.9179     8.1115    247.083    9.71136  295.81715     83.526 -9.990e-29
 -9.990e-29  -71.67364     70.652     70.098     7.2501    33.1376      7.882    -0.0255 1.8216e-13  1026.2417     7.2436    25.9186     8.1170    247.251    9.71136  295.81715     83.582 -9.990e-29
 -9.990e-29  -71.67364     70.652     70.098     7.2503    33.1391      7.882    -0.0255 1.8216e-13  1026.2434     7.2438    25.9197     8.1171    247.255    9.71136  295.81728     83.584 -9.990e-29
 -9.990e-29  -71.67364     70.652     70.097     7.2515    33.1392      7.882    -0.0255 1.8216e-13  1026.2447     7.2450    25.9205     8.1173    247.262    9.71140  295.81846     83.586 -9.990e-29
 -9.990e-29  -71.67364     70.652     70.097     7.2530    33.1392      7.882    -0.0389 1.8281e-13  1026.2441     7.2465    25.9203     8.1176    247.271    9.71147  295.82081     83.588 -9.990e-29
 -9.990e-29  -71.67364     70.652     70.097     7.2538    33.1392      7.887    -0.0389 1.8281e-13  1026.2429     7.2473    25.9195     8.1180    247.280    9.71152  295.82212     83.591 -9.990e-29
 -9.990e-29  -71.67364     70.665     70.111     7.2539    33.1378      7.887    -0.0389 1.8281e-13  1026.2420     7.2474    25.9183     8.1183    247.291    9.71156  295.82344     83.594 0.0000e+00
 -9.990e-29  -71.67364     70.671     70.117     7.2534    33.1362      7.882    -0.0389 1.8281e-13  1026.2407     7.2469    25.9171     8.1188    247.306    9.71173  295.82888     83.598 -9.990e-29
 -9.990e-29  -71.67364     70.652     70.097     7.2526    33.1347      7.882    -0.0389 1.8281e-13  1026.2389     7.2461    25.9160     8.1194    247.324    9.71196  295.83596     83.602 -9.990e-29
 -9.990e-29  -71.67364     70.671     70.117     7.2517    33.1347      7.882    -0.0255 1.8281e-13  1026.2389     7.2452    25.9157     8.1200    247.343    9.71216  295.84212     83.606 -9.990e-29
 -9.990e-29  -71.67364     70.661     70.107     7.2506    33.1347      7.882    -0.0121 1.8281e-13  1026.2393     7.2441    25.9163     8.1205    247.358    9.71220  295.84298     83.611 -9.990e-29
 -9.990e-29  -71.67364     70.671     70.117     7.2497    33.1360      7.882    -0.0121 1.8281e-13  1026.2408     7.2433    25.9174     8.1211    247.375    9.71227  295.84505     83.616 0.0000e+00
 -9.990e-29  -71.67364     70.682     70.128     7.2496    33.1374      7.882    -0.0121 1.8281e-13  1026.2427     7.2431    25.9185     8.1153    247.200    9.71230  295.84607     83.557 -9.990e-29
 -9.990e-29  -71.67364     70.671     70.117     7.2504    33.1380      7.882    -0.0121 1.8281e-13  1026.2428     7.2439    25.9190     8.1150    247.190    9.71228  295.84527     83.554 -9.990e-29
 -9.990e-29  -71.67364     70.671     70.117     7.2506    33.1380      7.882    -0.0121 1.8281e-13  1026.2425     7.2441    25.9189     8.1211    247.376    9.71230  295.84608     83.616 -9.990e-29
 -9.990e-29  -71.67364     70.682     70.128     7.2510    33.1380      7.887    -0.0121 1.8216e-13  1026.2422     7.2445    25.9188     8.1157    247.212    9.71250  295.85226     83.559 -9.990e-29
 -9.990e-29  -71.67364     70.671     70.117     7.2510    33.1380      7.882     0.0013 1.7831e-13  1026.2425     7.2445    25.9188     8.1147    247.183    9.71263  295.85660     83.548 -9.990e-29
 -9.990e-29  -71.67364     70.682     70.128     7.2512    33.1380      7.887    -0.0121 1.6824e-13  1026.2425     7.2447    25.9188     8.1139    247.157    9.71282  295.86213     83.538 -9.990e-29
 -9.990e-29  -71.67364     70.671     70.117     7.2514    33.1378      7.887    -0.0121 1.5116e-13  1026.2423     7.2449    25.9186     8.1129    247.129    9.71288  295.86412     83.528 -9.990e-29
 -9.990e-29  -71.67364     70.682     70.128     7.2510    33.1378      7.882    -0.0121 1.3119e-13  1026.2417     7.2445    25.9184     8.1184    247.295    9.71299  295.86738     83.583 -9.990e-29
 -9.990e-29  -71.67364     70.671     70.117     7.2505    33.1378      7.882    -0.0121 1.1179e-13  1026.2419     7.2441    25.9187     8.1131    247.133    9.71305  295.86906     83.528 -9.990e-29
 -9.990e-29  -71.67364     70.675     70.121     7.2505    33.1388      7.887    -0.0121 9.5727e-14  1026.2434     7.2441    25.9195     8.1123    247.109    9.71313  295.87158     83.519 -9.990e-29
 -9.990e-29  -71.67364     70.671     70.117     7.2514    33.1388      7.882    -0.0121 8.3980e-14  1026.2438     7.2449    25.9199     8.1187    247.305    9.71312  295.87115     83.585 -9.990e-29
 -9.990e-29  -71.67364     70.671     70.117     7.2523    33.1388      7.882    -0.0121 7.6150e-14  1026.2437     7.2458    25.9198     8.1124    247.112    9.71297  295.86609     83.522 -9.990e-29
 -9.990e-29  -71.67366     70.671     70.117     7.2528    33.1386      7.882    -0.0121 7.1424e-14  1026.2427     7.2463    25.9191     8.1177    247.273    9.71268  295.85706     83.579 -9.990e-29
 -9.990e-29  -71.67366     70.661     70.107     7.2528    33.1375      7.882    -0.0121 6.8617e-14  1026.2415     7.2463    25.9183     8.1125    247.113    9.71260  295.85480     83.525 -9.990e-29
 -9.990e-29  -71.67366     70.671     70.117     7.2521    33.1375      7.882    -0.0121 6.6984e-14  1026.2412     7.2456    25.9180     8.1129    247.128    9.71279  295.86169     83.528 -9.990e-29
 -9.990e-29  -71.67366     70.652     70.097     7.2517    33.1374      7.887    -0.0121 6.5851e-14  1026.2417     7.2452    25.9182     8.1126    247.119    9.71313  295.87193     83.522 -9.990e-29
 -9.990e-29  -71.67366     70.661     70.107     7.2514    33.1373      7.882    -0.0121 6.5173e-14  1026.2421     7.2449    25.9184     8.1130    247.131    9.71309  295.87009     83.527 -9.990e-29
 -9.990e-29  -71.67366     70.661     70.107     7.2515    33.1373      7.887    -0.0121 6.4757e-14  1026.2418     7.2450    25.9183     8.1134    247.140    9.71291  295.86422     83.532 -9.990e-29
 -9.990e-29  -71.67366     70.661     70.107     7.2514    33.1372      7.882    -0.0121 6.4509e-14  1026.2417     7.2449    25.9182     8.1137    247.151    9.71270  295.85777     83.537 -9.990e-29
 -9.990e-29  -71.67366     70.652     70.097     7.2510    33.1372      7.882     0.0013 6.4345e-14  1026.2416     7.2445    25.9182     8.1132    247.136    9.71249  295.85073     83.534 -9.990e-29
 -9.990e-29  -71.67366     70.640     70.086     7.2509    33.1372      7.887    -0.0121 6.4264e-14  1026.2417     7.2444    25.9182     8.1125    247.114    9.71202  295.83627     83.531 -9.990e-29
 -9.990e-29  -71.67366     70.640     70.086     7.2507    33.1367      7.882    -0.0121 6.4264e-14  1026.2419     7.2443    25.9178     8.1117    247.090    9.71143  295.81799     83.528 -9.990e-29
 -9.990e-29  -71.67366     70.640     70.086     7.2507    33.1350      7.882    -0.0121 6.4264e-14  1026.2403     7.2442    25.9166     8.1110    247.069    9.71091  295.80199     83.525 -9.990e-29
 -9.990e-29  -71.67366     70.640     70.086     7.2496    33.1329      7.882    -0.0121 6.4345e-14  1026.2377     7.2431    25.9151     8.1105    247.052    9.71044  295.78772     83.523 -9.990e-29
 -9.990e-29  -71.67366     70.634     70.080     7.2471    33.1317      7.882    -0.0121 6.4345e-14  1026.2374     7.2407    25.9142     8.1100    247.036    9.71002  295.77473     83.522 -9.990e-29
 -9.990e-29  -71.67366     70.620     70.066     7.2454    33.1317      7.882    -0.0121 6.4427e-14  1026.2371     7.2389    25.9142     8.1094    247.018    9.70948  295.75823     83.520 -9.990e-29
 -9.990e-29  -71.67366     70.620     70.066     7.2439    33.1317      7.882    -0.0121 6.4509e-14  1026.2377     7.2374    25.9148     8.1089    247.004    9.70903  295.74448     83.520 -9.990e-29
 -9.990e-29  -71.67366     70.610     70.056     7.2428    33.1330      7.882    -0.0121 6.4509e-14  1026.2392     7.2363    25.9160     8.1084    246.989    9.70850  295.72818     83.519 -9.990e-29
 -9.990e-29  -71.67366     70.610     70.056     7.2431    33.1349      7.882    -0.0121 6.4591e-14  1026.2406     7.2366    25.9175     8.1080    246.977    9.70803  295.71398     83.519 -9.990e-29
 -9.990e-29  -71.67366     70.600     70.047     7.2436    33.1369      7.887    -0.0121 6.4591e-14  1026.2427     7.2371    25.9190     8.1078    246.969    9.70767  295.70317     83.519 -9.990e-29
 -9.990e-29  -71.67366     70.589     70.036     7.2449    33.1382      7.882    -0.0121 6.4591e-14  1026.2434     7.2384    25.9199     8.1077    246.966    9.70745  295.69697     83.520 -9.990e-29
 -9.990e-29  -71.67366     70.600     70.047     7.2461    33.1384      7.882    -0.0121 6.4674e-14  1026.2436     7.2397    25.9201     8.1077    246.969    9.70736  295.69409     83.522 -9.990e-29
 -9.990e-29  -71.67366     70.580     70.026     7.2472    33.1384      7.887    -0.0121 6.4674e-14  1026.2432     7.2407    25.9199     8.1088    246.999    9.70721  295.68957     83.533 -9.990e-29
 -9.990e-29  -71.67366     70.580     70.026     7.2481    33.1384      7.887    -0.0121 6.4757e-14  1026.2427     7.2416    25.9195     8.1098    247.032    9.70703  295.68395     83.546 -9.990e-29
 -9.990e-29  -71.67366     70.568     70.015     7.2487    33.1380      7.887    -0.0121 6.4757e-14  1026.2423     7.2423    25.9191     8.1100    247.037    9.70684  295.67813     83.549 -9.990e-29
 -9.990e-29  -71.67366     70.559     70.005     7.2487    33.1375      7.882    -0.0121 6.4757e-14  1026.2417     7.2423    25.9187     8.1101    247.040    9.70654  295.66877     83.553 -9.990e-29
 -9.990e-29  -71.67366     70.549     69.996     7.2487    33.1372      7.887    -0.0121 6.4839e-14  1026.2415     7.2422    25.9185     8.1094    247.018    9.70631  295.66206     83.547 -9.990e-29
 -9.990e-29  -71.67366     70.549     69.996     7.2487    33.1370      7.882    -0.0121 6.4839e-14  1026.2413     7.2423    25.9183     8.1087    246.999    9.70622  295.65924     83.542 -9.990e-29
 -9.990e-29  -71.67366     70.538     69.985     7.2487    33.1367      7.882    -0.0121 6.4923e-14  1026.2412     7.2423    25.9182     8.1091    247.008    9.70609  295.65547     83.546 -9.990e-29
 -9.990e-29  -71.67366     70.538     69.985     7.2487    33.1365      7.882    -0.0121 6.4923e-14  1026.2408     7.2423    25.9179     8.1094    247.020    9.70600  295.65295     83.551 -9.990e-29
 -9.990e-29  -71.67366     70.528     69.975     7.2485    33.1363      7.882    -0.0121 6.5006e-14  1026.2406     7.2420    25.9178     8.1099    247.034    9.70594  295.65116     83.556 -9.990e-29
 -9.990e-29  -71.67366     70.528     69.975     7.2481    33.1363      7.887    -0.0121 6.5090e-14  1026.2411     7.2416    25.9178     8.1104    247.050    9.70593  295.65085     83.561 -9.990e-29
 -9.990e-29  -71.67366     70.521     69.968     7.2481    33.1359      7.882    -0.0121 6.5257e-14  1026.2406     7.2416    25.9176     8.1110    247.068    9.70594  295.65125     83.567 -9.990e-29
 -9.990e-29  -71.67366     70.508     69.955     7.2476    33.1351      7.887    -0.0121 6.5766e-14  1026.2398     7.2411    25.9171     8.1116    247.085    9.70590  295.65004     83.574 -9.990e-29
 -9.990e-29  -71.67366     70.528     69.975     7.2469    33.1349      7.887    -0.0121 6.6631e-14  1026.2393     7.2404    25.9166     8.1123    247.107    9.70593  295.65091     83.581 -9.990e-29
 -9.990e-29  -71.67366     70.517     69.964     7.2460    33.1349      7.882    -0.0121 6.8156e-14  1026.2392     7.2395    25.9166     8.1129    247.127    9.70593  295.65071     83.588 -9.990e-29
 -9.990e-29  -71.67366     70.508     69.955     7.2455    33.1349      7.882    -0.0121 7.0235e-14  1026.2400     7.2391    25.9171     8.1137    247.151    9.70594  295.65107     83.595 -9.990e-29
 -9.990e-29  -71.67366     70.517     69.964     7.2451    33.1353      7.882    -0.0121 7.2863e-14  1026.2406     7.2386    25.9175     8.1145    247.174    9.70596  295.65183     83.603 -9.990e-29
 -9.990e-29  -71.67366     70.508     69.955     7.2449    33.1353      7.882    -0.0121 7.6035e-14  1026.2406     7.2384    25.9177     8.1089    247.005    9.70589  295.64953     83.547 -9.990e-29
 -9.990e-29  -71.67366     70.517     69.964     7.2450    33.1353      7.882    -0.0121 7.9372e-14  1026.2406     7.2385    25.9177     8.1142    247.167    9.70588  295.64919     83.601 -9.990e-29
 -9.990e-29  -71.67366     70.517     69.964     7.2449    33.1351      7.887    -0.0121 8.2745e-14  1026.2407     7.2384    25.9174     8.1140    247.159    9.70570  295.64373     83.600 -9.990e-29
 -9.990e-29  -71.67366     70.517     69.964     7.2444    33.1344      7.882    -0.0121 8.5976e-14  1026.2397     7.2379    25.9169     8.1149    247.186    9.70570  295.64362     83.610 -9.990e-29
 -9.990e-29  -71.67366     70.517     69.964     7.2441    33.1338      7.882    -0.0121 8.8686e-14  1026.2389     7.2376    25.9165     8.1211    247.375    9.70562  295.64117     83.674 -9.990e-29
 -9.990e-29  -71.67366     70.538     69.985     7.2431    33.1336      7.882    -0.0121 9.0915e-14  1026.2396     7.2366    25.9164     8.1155    247.206    9.70553  295.63879     83.618 -9.990e-29
 -9.990e-29  -71.67366     70.538     69.985     7.2429    33.1336      7.882     0.0013 9.2408e-14  1026.2392     7.2365    25.9164     8.1155    247.205    9.70559  295.64036     83.617 -9.990e-29
 -9.990e-29  -71.67366     70.559     70.005     7.2425    33.1336      7.882    -0.0121 9.3431e-14  1026.2394     7.2360    25.9164     8.1154    247.201    9.70550  295.63778     83.616 -9.990e-29
 -9.990e-29  -71.67366     70.559     70.005     7.2421    33.1336      7.887    -0.0121 9.3777e-14  1026.2396     7.2357    25.9166     8.1163    247.228    9.70551  295.63796     83.625 -9.990e-29
 -9.990e-29  -71.67366     70.580     70.026     7.2417    33.1340      7.882    -0.0121 9.3777e-14  1026.2400     7.2352    25.9170     8.1162    247.228    9.70556  295.63952     83.625 -9.990e-29
 -9.990e-29  -71.67366     70.589     70.036     7.2415    33.1348      7.882     0.0013 9.3604e-14  1026.2407     7.2350    25.9176     8.1225    247.418    9.70555  295.63926     83.689 -9.990e-29
 -9.990e-29  -71.67366     70.610     70.056     7.2418    33.1351      7.887    -0.0121 9.3259e-14  1026.2418     7.2353    25.9183     8.1180    247.282    9.70556  295.63947     83.643 -9.990e-29
 -9.990e-29  -71.67366     70.631     70.077     7.2428    33.1351      7.887    -0.0121 9.2917e-14  1026.2426     7.2363    25.9186     8.1179    247.279    9.70552  295.63831     83.643 -9.990e-29
 -9.990e-29  -71.67366     70.640     70.086     7.2434    33.1351      7.882    -0.0121 9.2747e-14  1026.2419     7.2369    25.9176     8.1188    247.305    9.70544  295.63578     83.652 -9.990e-29
 -9.990e-29  -71.67366     70.665     70.111     7.2437    33.1346      7.882    -0.0121 9.2747e-14  1026.2386     7.2373    25.9163     8.1188    247.304    9.70542  295.63530     83.652 -9.990e-29
