CalculateIndicators/WaterTemperature/Data/CTD_NYOS/20231005_C18.cnv
* Sea-Bird SBE 9 Data File:
* FileName = C:\Seabird 9 CTD\Data\2023\202309_offshore\20231005_C18.hex
* Software Version Seasave V 7.23.2
* Temperature SN = 4590
* Conductivity SN = 3228
* Number of Bytes Per Scan = 44
* Number of Voltage Words = 5
* Number of Scans Averaged by the Deck Unit = 1
* NMEA Latitude = 40 46.52 N
* NMEA Longitude = 072 34.66 W
* NMEA UTC (Time) = Oct 05 2023  01:36:13
* NMEA baud rate = 4800
** Ship: seawolf
** Station: 10.1
** Operator: sjw
# nquan = 18
# nvalues = 6882                        
# units = specified
# name 0 = latitude: Latitude [deg]
# name 1 = longitude: Longitude [deg]
# name 2 = prDM: Pressure, Digiquartz [db]
# name 3 = depSM: Depth [salt water, m]
# name 4 = t090C: Temperature [ITS-90, deg C]
# name 5 = sal00: Salinity, Practical [PSU]
# name 6 = ph: pH
# name 7 = flECO-AFL: Fluorescence, WET Labs ECO-AFL/FL [mg/m^3]
# name 8 = cpar: CPAR/Corrected Irradiance [%]
# name 9 = density00: Density [density, kg/m^3]
# name 10 = potemp090C: Potential Temperature [ITS-90, deg C]
# name 11 = sigma-é00: Density [sigma-theta, kg/m^3]
# name 12 = sbeox0Mg/L: Oxygen, SBE 43 [mg/l]
# name 13 = sbox0Mm/Kg: Oxygen, SBE 43 [umol/kg]
# name 14 = oxsolMg/L: Oxygen Saturation, Garcia & Gordon [mg/l]
# name 15 = oxsolMm/Kg: Oxygen Saturation, Garcia & Gordon [umol/kg]
# name 16 = sbeox0PS: Oxygen, SBE 43 [% saturation]
# name 17 = flag:  0.000e+00
# span 0 =   40.77542,   40.77550       
# span 1 =  -72.57790,  -72.57766       
# span 2 =      2.004,     18.743       
# span 3 =      1.989,     18.597       
# span 4 =    17.4878,    19.0119       
# span 5 =    31.0120,    31.5783       
# span 6 =      7.786,      7.966       
# span 7 =     0.4714,     1.8145       
# span 8 = 5.0640e-11, 9.9999e+04       
# span 9 =  1022.0041,  1022.8587       
# span 10 =    17.4848,    19.0115      
# span 11 =    21.9912,    22.7764      
# span 12 =     5.6879,     8.5558      
# span 13 =    173.795,    261.568      
# span 14 =    7.71119,    7.91232      
# span 15 =  235.79137,  241.75702      
# span 16 =     71.920,    110.653      
# span 17 = 0.0000e+00, 0.0000e+00      
# interval = seconds: 0.0416667
# start_time = Oct 05 2023 01:36:15 [System UTC, first data scan.]
# bad_flag = -9.990e-29
*END*
[from data line 2332]
   40.77546  -72.57778     18.357     18.214    17.5045    31.5670      7.795     0.5923 5.0640e-11  1022.8440    17.5015    22.7637     5.8333    178.236    7.90977  241.68317     73.748 -9.990e-29
   40.77546  -72.57778     18.347     18.204    17.5047    31.5670      7.790     0.5923 5.0640e-11  1022.8441    17.5017    22.7638     5.8332    178.233    7.90981  241.68415     73.746 -9.990e-29
   40.77546  -72.57778     18.347     18.204    17.5044    31.5672      7.790     0.5789 9.9999e+04  1022.8443    17.5014    22.7639     5.8379    178.376    7.90983  241.68475     73.805 -9.990e-29
   40.77546  -72.57778     18.347     18.204    17.5042    31.5674      7.795     0.5923 5.0640e-11  1022.8446    17.5012    22.7641     5.8378    178.374    7.90983  241.68474     73.804 -9.990e-29
   40.77546  -72.57778     18.336     18.193    17.5042    31.5674      7.790     0.6057 5.0640e-11  1022.8446    17.5012    22.7641     5.8335    178.243    7.90989  241.68661     73.749 -9.990e-29
   40.77546  -72.57778     18.336     18.193    17.5040    31.5674      7.795     0.6057 9.9999e+04  1022.8444    17.5010    22.7641     5.8382    178.387    7.90989  241.68663     73.809 -9.990e-29
   40.77546  -72.57778     18.336     18.193    17.5040    31.5675      7.790     0.6057 5.0640e-11  1022.8447    17.5010    22.7642     5.8335    178.242    7.90993  241.68769     73.749 -9.990e-29
   40.77546  -72.57778     18.336     18.193    17.5040    31.5676      7.790     0.6057 5.0640e-11  1022.8448    17.5010    22.7644     5.8335    178.243    7.90996  241.68858     73.749 -9.990e-29
   40.77546  -72.57778     18.326     18.184    17.5039    31.5676      7.790     0.6057 5.0640e-11  1022.8449    17.5009    22.7644     5.8379    178.376    7.90999  241.68946     73.804 -9.990e-29
   40.77546  -72.57778     18.326     18.184    17.5040    31.5676      7.790     0.6057 9.9999e+04  1022.8446    17.5010    22.7643     5.8336    178.247    7.90999  241.68943     73.750 -9.990e-29
   40.77546  -72.57778     18.317     18.174    17.5042    31.5676      7.790     0.6057 9.9999e+04  1022.8444    17.5012    22.7642     5.8338    178.250    7.91001  241.69001     73.752 -9.990e-29
   40.77546  -72.57778     18.326     18.184    17.5042    31.5676      7.790     0.6057 9.9999e+04  1022.8444    17.5012    22.7642     5.8334    178.239    7.90998  241.68927     73.747 -9.990e-29
   40.77546  -72.57778     18.317     18.174    17.5042    31.5675      7.790     0.6057 9.9999e+04  1022.8446    17.5012    22.7643     5.8330    178.228    7.90992  241.68764     73.743 -9.990e-29
   40.77546  -72.57778     18.317     18.174    17.5042    31.5675      7.795     0.6057 5.0640e-11  1022.8446    17.5012    22.7643     5.8332    178.232    7.90988  241.68624     73.745 -9.990e-29
   40.77546  -72.57778     18.306     18.163    17.5042    31.5674      7.790     0.6057 5.0640e-11  1022.8443    17.5012    22.7642     5.8286    178.094    7.90987  241.68590     73.688 -9.990e-29
   40.77544  -72.57776     18.306     18.163    17.5042    31.5674      7.795     0.6057 5.0640e-11  1022.8444    17.5012    22.7641     5.8332    178.233    7.90987  241.68596     73.746 -9.990e-29
   40.77544  -72.57776     18.296     18.154    17.5044    31.5673      7.795     0.6057 5.0640e-11  1022.8441    17.5014    22.7640     5.8287    178.097    7.90987  241.68605     73.690 -9.990e-29
   40.77544  -72.57776     18.296     18.154    17.5044    31.5672      7.790     0.6057 5.0640e-11  1022.8442    17.5014    22.7639     5.8329    178.224    7.90984  241.68524     73.742 -9.990e-29
   40.77544  -72.57776     18.296     18.154    17.5049    31.5671      7.795     0.6057 5.0640e-11  1022.8437    17.5019    22.7638     5.8328    178.222    7.90988  241.68625     73.741 -9.990e-29
   40.77544  -72.57776     18.285     18.143    17.5044    31.5671      7.790     0.6057 5.0640e-11  1022.8442    17.5014    22.7638     5.8328    178.222    7.90995  241.68826     73.740 -9.990e-29
   40.77544  -72.57776     18.275     18.133    17.5047    31.5671      7.790     0.6057 5.0640e-11  1022.8438    17.5017    22.7638     5.8233    177.932    7.91001  241.69020     73.620 -9.990e-29
   40.77544  -72.57776     18.275     18.133    17.5044    31.5671      7.790     0.6057 9.9999e+04  1022.8441    17.5014    22.7638     5.8272    178.050    7.91005  241.69104     73.668 -9.990e-29
   40.77544  -72.57776     18.275     18.133    17.5044    31.5671      7.790     0.6057 9.9999e+04  1022.8438    17.5014    22.7638     5.8268    178.037    7.91003  241.69069     73.663 -9.990e-29
   40.77544  -72.57776     18.275     18.133    17.5044    31.5671      7.790     0.6057 9.9999e+04  1022.8441    17.5014    22.7639     5.8267    178.036    7.90987  241.68600     73.664 -9.990e-29
   40.77544  -72.57776     18.255     18.113    17.5044    31.5671      7.790     0.6057 5.0640e-11  1022.8440    17.5014    22.7639     5.8263    178.022    7.90966  241.68005     73.660 -9.990e-29
   40.77544  -72.57776     18.255     18.113    17.5046    31.5671      7.790     0.6057 5.0640e-11  1022.8438    17.5016    22.7638     5.8259    178.011    7.90954  241.67636     73.657 -9.990e-29
   40.77544  -72.57776     18.255     18.113    17.5049    31.5671      7.790     0.6057 5.0640e-11  1022.8437    17.5019    22.7637     5.8256    178.002    7.90945  241.67379     73.654 -9.990e-29
   40.77544  -72.57776     18.255     18.113    17.5049    31.5670      7.790     0.6192 9.9999e+04  1022.8437    17.5019    22.7637     5.8254    177.994    7.90940  241.67225     73.651 -9.990e-29
   40.77544  -72.57776     18.235     18.094    17.5049    31.5668      7.795     0.6460 5.0640e-11  1022.8435    17.5019    22.7635     5.8204    177.844    7.90937  241.67160     73.589 -9.990e-29
   40.77544  -72.57776     18.235     18.094    17.5053    31.5666      7.790     0.6595 5.0640e-11  1022.8431    17.5023    22.7633     5.8200    177.829    7.90947  241.67448     73.582 -9.990e-29
   40.77544  -72.57776     18.224     18.083    17.5053    31.5664      7.790     0.6595 9.9999e+04  1022.8429    17.5023    22.7632     5.8195    177.816    7.90960  241.67826     73.576 -9.990e-29
   40.77544  -72.57776     18.235     18.094    17.5054    31.5664      7.790     0.6595 9.9999e+04  1022.8432    17.5024    22.7631     5.8191    177.804    7.90967  241.68014     73.570 -9.990e-29
   40.77544  -72.57776     18.215     18.073    17.5058    31.5662      7.790     0.6595 9.9999e+04  1022.8427    17.5028    22.7629     5.8188    177.792    7.90968  241.68050     73.565 -9.990e-29
   40.77544  -72.57776     18.215     18.073    17.5061    31.5661      7.790     0.6595 9.9999e+04  1022.8423    17.5031    22.7627     5.8185    177.783    7.90973  241.68202     73.561 -9.990e-29
   40.77544  -72.57776     18.204     18.062    17.5060    31.5661      7.790     0.6595 5.0640e-11  1022.8425    17.5030    22.7627     5.8182    177.775    7.90969  241.68080     73.558 -9.990e-29
   40.77544  -72.57776     18.204     18.062    17.5058    31.5661      7.795     0.6595 5.0640e-11  1022.8426    17.5028    22.7627     5.8179    177.768    7.90971  241.68118     73.555 -9.990e-29
   40.77544  -72.57776     18.194     18.053    17.5061    31.5659      7.790     0.6595 5.0640e-11  1022.8422    17.5031    22.7625     5.8178    177.763    7.90974  241.68227     73.553 -9.990e-29
   40.77544  -72.57776     18.194     18.053    17.5063    31.5657      7.795     0.6595 5.0640e-11  1022.8421    17.5033    22.7623     5.8177    177.760    7.90976  241.68266     73.551 -9.990e-29
   40.77544  -72.57776     18.185     18.043    17.5068    31.5655      7.795     0.6595 5.0640e-11  1022.8418    17.5038    22.7620     5.8177    177.760    7.90979  241.68377     73.550 -9.990e-29
   40.77544  -72.57776     18.185     18.043    17.5072    31.5652      7.790     0.6595 9.9999e+04  1022.8415    17.5042    22.7618     5.8177    177.759    7.90976  241.68263     73.551 -9.990e-29
   40.77544  -72.57776     18.185     18.043    17.5076    31.5650      7.790     0.6595 9.9999e+04  1022.8412    17.5046    22.7615     5.8177    177.760    7.90972  241.68165     73.551 -9.990e-29
   40.77544  -72.57776     18.174     18.032    17.5079    31.5647      7.790     0.6595 5.0640e-11  1022.8407    17.5049    22.7613     5.8225    177.908    7.90968  241.68053     73.613 -9.990e-29
   40.77544  -72.57776     18.164     18.023    17.5077    31.5645      7.790     0.6595 5.0640e-11  1022.8408    17.5047    22.7611     5.8226    177.910    7.90961  241.67862     73.614 -9.990e-29
   40.77544  -72.57776     18.174     18.032    17.5082    31.5644      7.790     0.6595 5.0640e-11  1022.8406    17.5052    22.7610     5.8181    177.771    7.90966  241.67981     73.557 -9.990e-29
   40.77544  -72.57776     18.164     18.023    17.5084    31.5643      7.790     0.6595 5.0640e-11  1022.8405    17.5054    22.7608     5.8184    177.780    7.90975  241.68237     73.559 -9.990e-29
   40.77544  -72.57776     18.154     18.013    17.5084    31.5643      7.790     0.6595 5.0640e-11  1022.8403    17.5054    22.7608     5.8187    177.791    7.90986  241.68572     73.563 -9.990e-29
   40.77544  -72.57776     18.154     18.013    17.5082    31.5642      7.790     0.6595 5.0640e-11  1022.8405    17.5052    22.7606     5.8187    177.790    7.91005  241.69120     73.561 -9.990e-29
   40.77544  -72.57776     18.143     18.002    17.5092    31.5640      7.790     0.6595 5.0640e-11  1022.8398    17.5062    22.7604     5.8234    177.933    7.91014  241.69346     73.619 -9.990e-29
   40.77544  -72.57776     18.154     18.013    17.5094    31.5640      7.790     0.6595 5.0640e-11  1022.8394    17.5064    22.7602     5.8195    177.816    7.91020  241.69551     73.570 -9.990e-29
   40.77544  -72.57776     18.143     18.002    17.5090    31.5640      7.790     0.6595 5.0640e-11  1022.8397    17.5061    22.7603     5.8196    177.816    7.91028  241.69762     73.570 -9.990e-29
   40.77544  -72.57776     18.134     17.993    17.5087    31.5643      7.790     0.6595 5.0640e-11  1022.8402    17.5058    22.7607     5.8196    177.817    7.91029  241.69797     73.570 -9.990e-29
   40.77544  -72.57776     18.154     18.013    17.5086    31.5645      7.790     0.6460 5.0640e-11  1022.8407    17.5056    22.7609     5.8201    177.833    7.91033  241.69896     73.576 -9.990e-29
   40.77544  -72.57776     18.143     18.002    17.5082    31.5646      7.790     0.6326 5.0640e-11  1022.8406    17.5052    22.7610     5.8207    177.851    7.91036  241.69987     73.583 -9.990e-29
   40.77544  -72.57776     18.134     17.993    17.5084    31.5646      7.790     0.6326 5.0640e-11  1022.8402    17.5054    22.7610     5.8209    177.856    7.91035  241.69974     73.585 -9.990e-29
   40.77544  -72.57776     18.154     18.013    17.5079    31.5647      7.790     0.6326 5.0640e-11  1022.8409    17.5049    22.7612     5.8216    177.877    7.91039  241.70073     73.594 -9.990e-29
   40.77544  -72.57776     18.134     17.993    17.5076    31.5650      7.790     0.6326 5.0640e-11  1022.8410    17.5047    22.7614     5.8218    177.885    7.91042  241.70174     73.597 -9.990e-29
   40.77544  -72.57776     18.134     17.993    17.5075    31.5650      7.790     0.6326 5.0640e-11  1022.8409    17.5045    22.7615     5.8221    177.894    7.91040  241.70114     73.601 -9.990e-29
   40.77544  -72.57776     18.134     17.993    17.5073    31.5650      7.790     0.6326 9.9999e+04  1022.8413    17.5044    22.7616     5.8230    177.920    7.91050  241.70438     73.611 -9.990e-29
   40.77544  -72.57776     18.154     18.013    17.5073    31.5650      7.790     0.6326 5.0640e-11  1022.8411    17.5044    22.7615     5.8234    177.932    7.91051  241.70436     73.616 -9.990e-29
   40.77544  -72.57776     18.134     17.993    17.5075    31.5647      7.790     0.6326 5.0640e-11  1022.8410    17.5045    22.7612     5.8238    177.945    7.91052  241.70482     73.621 -9.990e-29
   40.77544  -72.57776     18.134     17.993    17.5082    31.5643      7.790     0.6326 5.0640e-11  1022.8401    17.5052    22.7608     5.8195    177.815    7.91055  241.70549     73.567 -9.990e-29
   40.77544  -72.57776     18.134     17.993    17.5086    31.5641      7.790     0.6326 5.0640e-11  1022.8399    17.5056    22.7606     5.8196    177.817    7.91057  241.70621     73.567 -9.990e-29
   40.77544  -72.57776     18.143     18.002    17.5085    31.5641      7.790     0.6192 9.9999e+04  1022.8402    17.5055    22.7606     5.8245    177.966    7.91055  241.70551     73.629 -9.990e-29
   40.77544  -72.57776     18.143     18.002    17.5086    31.5641      7.790     0.6326 9.9999e+04  1022.8400    17.5056    22.7605     5.8199    177.826    7.91062  241.70777     73.571 -9.990e-29
   40.77544  -72.57776     18.143     18.002    17.5086    31.5641      7.790     0.6192 5.0640e-11  1022.8400    17.5056    22.7605     5.8201    177.832    7.91062  241.70759     73.573 -9.990e-29
   40.77544  -72.57776     18.154     18.013    17.5087    31.5641      7.790     0.6326 5.0640e-11  1022.8400    17.5057    22.7606     5.8199    177.826    7.91062  241.70756     73.571 -9.990e-29
   40.77544  -72.57776     18.143     18.002    17.5084    31.5644      7.790     0.6326 5.0640e-11  1022.8404    17.5054    22.7609     5.8201    177.834    7.91059  241.70668     73.574 -9.990e-29
   40.77544  -72.57776     18.154     18.013    17.5079    31.5646      7.790     0.6326 5.0640e-11  1022.8407    17.5049    22.7611     5.8158    177.700    7.91063  241.70781     73.519 -9.990e-29
   40.77544  -72.57776     18.164     18.023    17.5073    31.5646 -9.990e-29     0.6192 5.0640e-11  1022.8410    17.5044    22.7614     5.8157    177.699    7.91063  241.70809     73.518 -9.990e-29
   40.77544  -72.57776     18.164     18.023    17.5070    31.5646 -9.990e-29     0.6326 5.0640e-11  1022.8415    17.5040    22.7616     5.8196    177.818    7.91069  241.70982     73.567 -9.990e-29
   40.77544  -72.57776     18.164     18.023    17.5071    31.5646 -9.990e-29     0.6326 5.0640e-11  1022.8413    17.5042    22.7612     5.8197    177.821    7.91079  241.71255     73.567 -9.990e-29
   40.77544  -72.57776     18.164     18.023    17.5087    31.5637 -9.990e-29     0.6326 9.9999e+04  1022.8397    17.5057    22.7601     5.8199    177.824    7.91081  241.71322     73.568 -9.990e-29
   40.77544  -72.57776     18.173     18.032    17.5104    31.5626 -9.990e-29     0.6326 5.0640e-11  1022.8385    17.5075    22.7590     5.8200    177.830    7.91088  241.71524     73.570 -9.990e-29
   40.77544  -72.57776     18.173     18.032    17.5115    31.5619 -9.990e-29     0.6192 9.9999e+04  1022.8377    17.5085    22.7582     5.8202    177.835    7.91092  241.71626     73.572 -9.990e-29
   40.77544  -72.57776     18.184     18.043    17.5122    31.5615 -9.990e-29     0.6192 5.0640e-11  1022.8373    17.5092    22.7577     5.8204    177.841    7.91091  241.71608     73.574 -9.990e-29
   40.77544  -72.57776     18.194     18.053    17.5125    31.5615 -9.990e-29     0.6192 5.0640e-11  1022.8373    17.5095    22.7574     5.8206    177.847    7.91090  241.71563     73.577 -9.990e-29
   40.77544  -72.57776     18.194     18.053    17.5129    31.5615 -9.990e-29     0.6863 5.0640e-11  1022.8367    17.5099    22.7574     5.8162    177.712    7.91093  241.71656     73.521 -9.990e-29
   40.77544  -72.57776     18.204     18.062    17.5120    31.5615 -9.990e-29     0.7400 5.0640e-11  1022.8375    17.5090    22.7578     5.8203    177.838    7.91092  241.71617     73.573 -9.990e-29
   40.77544  -72.57776     18.204     18.062    17.5109    31.5621 -9.990e-29     0.7535 9.9999e+04  1022.8383    17.5079    22.7585     5.8202    177.835    7.91095  241.71718     73.571 -9.990e-29
   40.77544  -72.57776     18.215     18.073    17.5103    31.5626 -9.990e-29     0.7535 5.0640e-11  1022.8390    17.5073    22.7590     5.8201    177.831    7.91094  241.71689     73.570 -9.990e-29
