CalculateIndicators/WaterTemperature/Data/CTD_NYOS/20230515_C08A.cnv
* Sea-Bird SBE 9 Data File:
* FileName = C:\Seabird 9 CTD\Data\2023\202305_offshore\20230515_C08.hex
* Software Version Seasave V 7.23.2
* Temperature SN = 4590
* Conductivity SN = 3228
* Number of Bytes Per Scan = 44
* Number of Voltage Words = 5
* Number of Scans Averaged by the Deck Unit = 1
* NMEA Latitude = 39 07.16 N
* NMEA Longitude = 072 23.96 W
* NMEA UTC (Time) = May 16 2023  02:03:04
* NMEA baud rate = 4800
** Ship: seawolf
** Station: 8.7
** Operator: TDK
# nquan = 18
# nvalues = 202                         
# units = specified
# name 0 = latitude: Latitude [deg]
# name 1 = longitude: Longitude [deg]
# name 2 = prDM: Pressure, Digiquartz [db]
# name 3 = depSM: Depth [salt water, m]
# name 4 = t090C: Temperature [ITS-90, deg C]
# name 5 = sal00: Salinity, Practical [PSU]
# name 6 = ph: pH
# name 7 = flECO-AFL: Fluorescence, WET Labs ECO-AFL/FL [mg/m^3]
# name 8 = cpar: CPAR/Corrected Irradiance [%]
# name 9 = density00: Density [density, kg/m^3]
# name 10 = potemp090C: Potential Temperature [ITS-90, deg C]
# name 11 = sigma-100: Density [sigma-1, kg/m^3 ]
# name 12 = sbeox0Mg/L: Oxygen, SBE 43 [mg/l]
# name 13 = sbox0Mm/Kg: Oxygen, SBE 43 [umol/kg]
# name 14 = oxsolMg/L: Oxygen Saturation, Garcia & Gordon [mg/l]
# name 15 = oxsolMm/Kg: Oxygen Saturation, Garcia & Gordon [umol/kg]
# name 16 = sbeox0PS: Oxygen, SBE 43 [% saturation]
# name 17 = flag: flag
# span 0 =   39.11948,   39.12101       
# span 1 =  -72.39935,  -72.39316       
# span 2 =      2.000,    103.000       
# span 3 =      1.985,    102.193       
# span 4 =     9.5979,    14.7525       
# span 5 =    33.4132,    35.6390       
# span 6 =      7.995,      8.095       
# span 7 =    -0.0825,     1.1120       
# span 8 = -3.159e+04, 1.0640e+05       
# span 9 =  1025.1802,  1026.9784       
# span 10 =     9.5939,    14.7372      
# span 11 =    29.5679,    30.8819      
# span 12 =     6.9636,     9.5357      
# span 13 =    211.994,    290.503      
# span 14 =    8.14337,    9.19749      
# span 15 =  247.90919,  280.18244      
# span 16 =     85.513,    109.254      
# span 17 = 0.0000e+00, 0.0000e+00      
# interval = decibars: 1                
# start_time = May 16 2023 02:03:03 [System UTC, first data scan.]
# bad_flag = -9.990e-29
*END*
   39.11948  -72.39935      3.000      2.977    12.9991    33.4170      8.083     0.3148 2.4150e-01  1025.1802    12.9987    29.5714     9.2161    280.936    8.55507  260.78630    107.727 0.0000e+00
   39.11948  -72.39935      4.000      3.970    12.9979    33.4175 -9.990e-29     0.3276 -1.712e-04  1025.1854    12.9974    29.5722     9.2225    281.132    8.55504  260.78564    107.802 0.0000e+00
   39.11950  -72.39932      5.000      4.962    12.9991    33.4172 -9.990e-29     0.3217 5.0640e-11  1025.1894    12.9985    29.5717     9.2233    281.157    8.55501  260.78467    107.812 0.0000e+00
   39.11950  -72.39930      6.000      5.954    12.9981    33.4173 -9.990e-29     0.3127 5.0640e-11  1025.1941    12.9973    29.5720     9.2171    280.968    8.55477  260.77744    107.743 0.0000e+00
   39.11950  -72.39927      7.000      6.947    13.0006    33.4172 -9.990e-29     0.3159 5.0640e-11  1025.1981    12.9996    29.5714     9.2319    281.420    8.55369  260.74469    107.929 0.0000e+00
   39.11950  -72.39927      8.000      7.939    13.0133    33.4172 -9.990e-29     0.3184 5.0640e-11  1025.2001    13.0122    29.5687     9.2271    281.271    8.55355  260.74066    107.874 0.0000e+00
   39.11952  -72.39923      9.000      8.932    13.0020    33.4133      8.084     0.3142 5.0640e-11  1025.2035    13.0008    29.5679     9.2321    281.424    8.56121  260.97200    107.837 0.0000e+00
   39.11952  -72.39923     10.000      9.924    12.9039    33.4190      8.085     0.3158 5.0640e-11  1025.2323    12.9025    29.5941     9.2571    282.178    8.57604  261.41863    107.941 0.0000e+00
   39.11952  -72.39920     11.000     10.916    12.8714    33.4211      8.085 -9.990e-29 5.0640e-11  1025.2446    12.8700    29.6026     9.3023    283.555    8.58475  261.68191    108.358 0.0000e+00
   39.11952  -72.39918     12.000     11.909    12.8106    33.4238      8.085     0.3361 5.0640e-11  1025.2630    12.8090    29.6177     9.3141    283.908    8.59836  262.09120    108.324 0.0000e+00
   39.11953  -72.39917     13.000     12.901    12.7531    33.4273      8.085     0.3382 5.0640e-11  1025.2815    12.7513    29.6328     9.3325    284.465    8.60960  262.42981    108.397 0.0000e+00
   39.11954  -72.39913     14.000     13.893    12.6585    33.4366      8.087     0.3456 5.0640e-11  1025.3117    12.6567    29.6603     9.3572    285.215    8.61774  262.67423    108.581 0.0000e+00
   39.11954  -72.39912     15.000     14.886    12.6288    33.4365      8.090     0.3465 5.0640e-11  1025.3219    12.6269    29.6667     9.3770    285.811    8.63270  263.12498    108.622 0.0000e+00
   39.11954  -72.39910     16.000     15.878    12.5391    33.4441      8.090 -9.990e-29 5.0640e-11  1025.3495    12.5369    29.6916     9.3965    286.403    8.63691  263.25108    108.795 0.0000e+00
   39.11956  -72.39907     17.000     16.870    12.5257    33.4482      8.091     0.3710 5.0640e-11  1025.3600    12.5234    29.6978     9.4242    287.242    8.64358  263.45036    109.031 0.0000e+00
   39.11956  -72.39904     18.000     17.863    12.4897    33.4579      8.091     0.3647 5.0640e-11  1025.3789    12.4874    29.7130     9.4195    287.095    8.64731  263.56081    108.929 0.0000e+00
   39.11956  -72.39904     19.000     18.855    12.4542    33.4788      8.091     0.3968 5.0640e-11  1025.4065    12.4517    29.7366     9.4245    287.241    8.65200  263.69641    108.929 0.0000e+00
   39.11958  -72.39899     20.000     19.847    12.4336    33.4991 -9.990e-29     0.3855 3.6915e+04  1025.4309    12.4310    29.7568     9.4480    287.954    8.64781  263.56496    109.254 0.0000e+00
   39.11958  -72.39898     21.000     20.840    12.4521    33.5249 -9.990e-29     0.4164 1.0120e+05  1025.4515    12.4493    29.7724     9.4356    287.572    8.64520  263.48315    109.142 0.0000e+00
   39.11957  -72.39896     22.000     21.832    12.4604    33.5411      8.091     0.4160 8.4271e+04  1025.4671    12.4575    29.7833     9.4164    286.971    8.63904  263.28181    108.998 0.0000e+00
   39.11959  -72.39894     23.000     22.824    12.4716    33.6058      8.091     0.3975 5.5945e+03  1025.5194    12.4686    29.8305     9.3987    286.425    8.64506  263.45846    108.718 0.0000e+00
   39.11958  -72.39894     24.000     23.817    12.4424    33.6373      8.091     0.3723 5.0640e-11  1025.5542    12.4392    29.8611     9.3907    286.153    8.68188  264.55400    108.164 0.0000e+00
   39.11958  -72.39892     25.000     24.809    12.2788    33.6836      8.092     0.3515 5.0640e-11  1025.6262    12.2755    29.9315     9.3934    286.236    8.68391  264.61701    108.170 0.0000e+00
   39.11960  -72.39889     26.000     25.801    12.1621    33.6996      8.092     0.4278 5.0640e-11  1025.6653    12.1587    29.9684     9.4604    288.263    8.71917  265.67812    108.501 0.0000e+00
   39.11960  -72.39885     27.000     26.794    12.0145    33.7026      8.092     0.4793 5.0640e-11  1025.7000    12.0111    30.0015     9.4811    288.874    8.75609  266.78531    108.280 0.0000e+00
   39.11960  -72.39886     28.000     27.786    11.8654    33.7440      8.089     0.4848 5.0640e-11  1025.7650    11.8618    30.0646     9.4572    288.148    8.75183  266.65616    108.060 0.0000e+00
   39.11961  -72.39881     29.000     28.778    11.7980    33.7523      8.087     0.5461 5.0640e-11  1025.7885    11.7943    30.0850     9.4894    289.119    8.79653  268.00922    107.877 0.0000e+00
   39.11960  -72.39884     30.000     29.770    11.6867    33.7441      8.085     0.5649 5.0640e-11  1025.8070    11.6829    30.1013     9.4617    288.269    8.83790  269.26210    107.059 0.0000e+00
   39.11961  -72.39883     31.000     30.762    11.3781    33.7309      8.080     0.6183 5.0640e-11  1025.8583    11.3742    30.1543     9.4259    287.167    8.87706  270.44764    106.182 0.0000e+00
   39.11962  -72.39879     32.000     31.755    11.2023    33.7190      8.074     0.6635 5.0640e-11  1025.8857    11.1984    30.1809     9.4177    286.916    8.90177  271.19745    105.796 0.0000e+00
   39.11962  -72.39879     33.000     32.747    11.0639    33.7104      8.069     0.6914 5.0640e-11  1025.9087    11.0599    30.2022     9.4304    287.300    8.93116  272.09024    105.590 0.0000e+00
   39.11962  -72.39878     34.000     33.739    10.9058    33.6872      8.067     0.7323 5.0640e-11  1025.9238    10.9017    30.2162     9.4438    287.706    8.96096  272.99749    105.388 0.0000e+00
   39.11962  -72.39876     35.000     34.732    10.7519    33.6607      8.064     0.7538 5.0640e-11  1025.9350    10.7477    30.2262     9.4544    288.024    9.03849  275.35354    104.602 0.0000e+00
   39.11962  -72.39875     36.000     35.724    10.4952    33.6187      8.059     0.7743 5.0640e-11  1025.9512    10.4910    30.2434     9.4277    287.207    9.06797  276.24721    103.968 0.0000e+00
   39.11962  -72.39873     37.000     36.716    10.2306    33.5773      8.051     0.8579 5.0640e-11  1025.9687    10.2264    30.2622     9.4425    287.654    9.13687  278.34355    103.346 0.0000e+00
   39.11963  -72.39869     38.000     37.708     9.8253    33.5143      8.044     0.8893 5.0640e-11  1025.9934     9.8210    30.2912     9.3698    285.432    9.18389  279.76779    102.024 0.0000e+00
   39.11962  -72.39868     39.000     38.701     9.6601    33.5178      8.029     0.9456 5.0640e-11  1026.0285     9.6558    30.3252     9.3218    283.960    9.17910  279.61386    101.554 0.0000e+00
   39.11962  -72.39866     40.000     39.693     9.6407    33.5592      8.018     1.0016 9.0271e+04  1026.0683     9.6363    30.3606     9.1560    278.903    9.16286  279.11226     99.925 0.0000e+00
   39.11962  -72.39866     41.000     40.685     9.6898    33.5890      8.010     0.9700 9.9202e+04  1026.0880     9.6853    30.3746     9.0039    274.267    9.15687  278.92803     98.329 0.0000e+00
   39.11962  -72.39862     42.000     41.677     9.7434    33.6140      8.003     0.9570 9.9999e+04  1026.1033     9.7387    30.3840     8.8463    269.461    9.12517  277.95550     96.943 0.0000e+00
   39.11962  -72.39862     43.000     42.669     9.8320    33.6676      7.999     1.0013 -3.126e+03  1026.1346     9.8272    30.4086     8.7725    267.210    9.09259  276.96126     96.479 0.0000e+00
   39.11962  -72.39860     44.000     43.662     9.9699    33.7152      7.996     1.1120 5.0640e-11  1026.1533     9.9650    30.4196     8.7023    265.074    9.09736  277.10690     95.658 0.0000e+00
   39.11964  -72.39856     45.000     44.654    10.0556    33.7454      7.995     0.9608 5.0640e-11  1026.1669    10.0505    30.4268     8.6026    262.030    9.04799  275.59657     95.077 0.0000e+00
   39.11962  -72.39856     46.000     45.646    10.2120    33.7916      7.996     0.6973 5.0640e-11  1026.1811    10.2067    30.4330     8.5799    261.336    9.03837  275.30012     94.927 0.0000e+00
   39.11964  -72.39852     47.000     46.638    10.3138    33.8237      7.997     0.3272 5.0640e-11  1026.1927    10.3084    30.4377     8.4090    256.118    8.93172  272.03932     94.148 0.0000e+00
   39.11962  -72.39852     48.000     47.631    10.5092    33.9093      7.999     0.2399 5.0640e-11  1026.2299    10.5036    30.4659     8.4785    258.220    8.93787  272.21012     94.860 0.0000e+00
   39.11963  -72.39851     49.000     48.623    10.6734    34.0591      8.003     0.1741 5.0640e-11  1026.3224    10.6676    30.5495     8.0320    244.610    8.90951  271.33565     90.121 0.0000e+00
   39.11965  -72.39847     50.000     49.615    10.9005    34.0994      8.007     0.1861 5.0640e-11  1026.3155    10.8945    30.5334     7.9622    242.506    8.84363  269.35126     90.034 0.0000e+00
   39.11964  -72.39847     51.000     50.607    11.1877    34.1168      8.010     0.1542 5.0640e-11  1026.2837    11.1814    30.4913     8.3835    255.330    8.79891  267.98349     95.281 0.0000e+00
   39.11965  -72.39844     52.000     51.599    11.4160    34.1870      8.014     0.1325 5.0640e-11  1026.3010    11.4096    30.4992     8.3611    254.645    8.73846  266.13777     95.682 0.0000e+00
   39.11965  -72.39843     53.000     52.591    11.6191    34.2506      8.017     0.1553 5.0640e-11  1026.3173    11.6125    30.5067     8.3043    252.917    8.70823  265.21767     95.362 0.0000e+00
   39.11965  -72.39842     54.000     53.584    11.8543    34.3195      8.022     0.1624 5.0640e-11  1026.3302    11.8474    30.5102     8.2388    250.917    8.65973  263.73706     95.140 0.0000e+00
   39.11965  -72.39839     55.000     54.576    12.0631    34.4161      8.025     0.1836 5.0640e-11  1026.3708    12.0560    30.5416     8.2468    251.160    8.57845  261.25873     96.134 0.0000e+00
   39.11966  -72.39838     56.000     55.568    12.3751    34.5038      8.029     0.1874 5.0640e-11  1026.3824    12.3677    30.5423     8.2804    252.182    8.59720  261.82976     96.315 0.0000e+00
   39.11968  -72.39834     57.000     56.560    12.5120    34.5326      8.036     0.2119 5.0640e-11  1026.3819    12.5044    30.5346     8.2138    250.146    8.54986  260.38069     96.070 0.0000e+00
   39.11966  -72.39834     58.000     57.552    12.6902    34.6088      8.039     0.2117 5.0640e-11  1026.4115    12.6825    30.5560     8.1815    249.162    8.53975  260.07125     95.805 0.0000e+00
   39.11968  -72.39831     59.000     58.544    12.7193    34.6099      8.038     0.1939 5.0640e-11  1026.4106    12.7114    30.5500     8.1527    248.282    8.54566  260.24789     95.402 0.0000e+00
   39.11966  -72.39830     60.000     59.536    12.6965    34.6171      8.035     0.1763 5.0640e-11  1026.4252    12.6885    30.5606     8.0996    246.662    8.54959  260.36387     94.737 0.0000e+00
   39.11967  -72.39830     61.000     60.529    12.6625    34.6231      8.030     0.1299 4.4683e+04  1026.4409    12.6544    30.5725     8.0119    243.984    8.53371  259.87396     93.885 0.0000e+00
   39.11967  -72.39828     62.000     61.521    12.7105    34.6643      8.027     0.1012 9.8730e+04  1026.4680    12.7021    30.5940     7.9861    243.194    8.51658  259.34780     93.771 0.0000e+00
   39.11968  -72.39826     63.000     62.513    12.8413    34.7297      8.024     0.0759 8.1726e+04  1026.4967    12.8327    30.6153     7.8917    240.313    8.47503  258.07795     93.117 0.0000e+00
   39.11968 -9.990e-29     64.000     63.505    13.0256    34.8040      8.024     0.0652 -3.021e+03  1026.5219    13.0168    30.6323     7.8756    239.825    8.46456  257.75871     93.042 0.0000e+00
   39.11968  -72.39822     65.000     64.497    13.0909    34.8209      8.027     0.0669 5.0640e-11  1026.5261    13.0819    30.6308     7.8301    238.429    8.43920  256.97711     92.782 0.0000e+00
   39.11968  -72.39821     66.000     65.489    13.1748    34.8897      8.025     0.0726 5.0640e-11  1026.5669    13.1657    30.6652     7.7809    236.927    8.39721  255.69298     92.661 0.0000e+00
   39.11968  -72.39820     67.000     66.481    13.3791    34.9672      8.022     0.0729 5.0640e-11  1026.5894    13.3697    30.6791     7.7164    234.961    8.37116  254.89852     92.178 0.0000e+00
   39.11970  -72.39817     68.000     67.473    13.5812    35.0328      8.025     0.0628 5.0640e-11  1026.6031    13.5716    30.6843     7.7126    234.846    8.35220  254.32057     92.342 0.0000e+00
   39.11970  -72.39816     69.000     68.465    13.6804    35.0636      8.027     0.0579 5.0640e-11  1026.6103    13.6706    30.6851     7.7176    234.994    8.32988  253.63630     92.650 0.0000e+00
   39.11971  -72.39815     70.000     69.457    13.8024    35.1198      8.026     0.0518 5.0640e-11  1026.6337    13.7924    30.7016     7.6959    234.336    8.34582  254.12531     92.213 0.0000e+00
   39.11971  -72.39813     71.000     70.449    13.6722    35.0606      8.022     0.0467 5.0640e-11  1026.6186    13.6621    30.6848     7.6089    231.680    8.45046  257.30256     90.042 0.0000e+00
   39.11970  -72.39812     72.000     71.441    13.2837    34.9712      8.019     0.0408 5.0640e-11  1026.6342    13.2737    30.7035     7.5069    228.570    8.44549  257.14723     88.887 0.0000e+00
 -9.990e-29  -72.39810     73.000     72.434    13.1250    34.9678      8.009     0.0313 5.0640e-11  1026.6688    13.1149    30.7364     7.4762    227.635    8.43386  256.79548     88.645 0.0000e+00
 -9.990e-29  -72.39808     74.000     73.426    13.1301    34.9936      8.004     0.0415 5.0640e-11  1026.6923    13.1199    30.7552     7.4945    228.191    8.42150  256.41541     88.993 0.0000e+00
 -9.990e-29  -72.39808     75.000     74.418    13.2449    35.0459      8.004     0.0460 5.0640e-11  1026.7135    13.2345    30.7696     7.4790    227.714    8.41812  256.30844     88.844 0.0000e+00
   39.11972  -72.39804     76.000     75.410    13.3720    35.1020      8.006     0.0408 5.0640e-11  1026.7356    13.3614    30.7847     7.4253    226.072    8.36629  254.72317     88.752 0.0000e+00
   39.11974  -72.39804     77.000     76.402    13.4566    35.1294      8.004     0.0077 5.0640e-11  1026.7437    13.4457    30.7867     7.3879    224.933    8.36536  254.69390     88.315 0.0000e+00
   39.11973  -72.39803     78.000     77.394    13.5636    35.1729      8.004    -0.0016 5.0640e-11  1026.7596    13.5526    30.7960     7.3272    223.084    8.34722  254.13893     87.780 0.0000e+00
   39.11974  -72.39802     79.000     78.386    13.6579    35.2086      8.007    -0.0205 5.0640e-11  1026.7719    13.6467    30.8020     7.3107    222.579    8.33284  253.69944     87.733 0.0000e+00
   39.11975  -72.39800     80.000     79.378    13.7203    35.2317      8.005    -0.0256 5.0640e-11  1026.7812    13.7089    30.8057     7.2480    220.666    8.31246  253.07533     87.194 0.0000e+00
   39.11976  -72.39798     81.000     80.370    13.7894    35.2695      7.999    -0.0182 5.0640e-11  1026.8009    13.7778    30.8196     7.1899    218.897    8.30390  252.81451     86.584 0.0000e+00
 -9.990e-29  -72.39798     82.000     81.362    13.8968    35.3025      8.003    -0.0032 5.0640e-11  1026.8075    13.8850    30.8197     7.2008    219.230    8.29215  252.45625     86.839 0.0000e+00
