CalculateIndicators/WaterTemperature/Data/CTD_NYOS/20230515_C08A.cnv
* Sea-Bird SBE 9 Data File:
* FileName = C:\Seabird 9 CTD\Data\2023\202305_offshore\20230515_C08.hex
* Software Version Seasave V 7.23.2
* Temperature SN = 4590
* Conductivity SN = 3228
* Number of Bytes Per Scan = 44
* Number of Voltage Words = 5
* Number of Scans Averaged by the Deck Unit = 1
* NMEA Latitude = 39 07.16 N
* NMEA Longitude = 072 23.96 W
* NMEA UTC (Time) = May 16 2023  02:03:04
* NMEA baud rate = 4800
** Ship: seawolf
** Station: 8.7
** Operator: TDK
# nquan = 18
# nvalues = 202                         
# units = specified
# name 0 = latitude: Latitude [deg]
# name 1 = longitude: Longitude [deg]
# name 2 = prDM: Pressure, Digiquartz [db]
# name 3 = depSM: Depth [salt water, m]
# name 4 = t090C: Temperature [ITS-90, deg C]
# name 5 = sal00: Salinity, Practical [PSU]
# name 6 = ph: pH
# name 7 = flECO-AFL: Fluorescence, WET Labs ECO-AFL/FL [mg/m^3]
# name 8 = cpar: CPAR/Corrected Irradiance [%]
# name 9 = density00: Density [density, kg/m^3]
# name 10 = potemp090C: Potential Temperature [ITS-90, deg C]
# name 11 = sigma-100: Density [sigma-1, kg/m^3 ]
# name 12 = sbeox0Mg/L: Oxygen, SBE 43 [mg/l]
# name 13 = sbox0Mm/Kg: Oxygen, SBE 43 [umol/kg]
# name 14 = oxsolMg/L: Oxygen Saturation, Garcia & Gordon [mg/l]
# name 15 = oxsolMm/Kg: Oxygen Saturation, Garcia & Gordon [umol/kg]
# name 16 = sbeox0PS: Oxygen, SBE 43 [% saturation]
# name 17 = flag: flag
# span 0 =   39.11948,   39.12101       
# span 1 =  -72.39935,  -72.39316       
# span 2 =      2.000,    103.000       
# span 3 =      1.985,    102.193       
# span 4 =     9.5979,    14.7525       
# span 5 =    33.4132,    35.6390       
# span 6 =      7.995,      8.095       
# span 7 =    -0.0825,     1.1120       
# span 8 = -3.159e+04, 1.0640e+05       
# span 9 =  1025.1802,  1026.9784       
# span 10 =     9.5939,    14.7372      
# span 11 =    29.5679,    30.8819      
# span 12 =     6.9636,     9.5357      
# span 13 =    211.994,    290.503      
# span 14 =    8.14337,    9.19749      
# span 15 =  247.90919,  280.18244      
# span 16 =     85.513,    109.254      
# span 17 = 0.0000e+00, 0.0000e+00      
# interval = decibars: 1                
# start_time = May 16 2023 02:03:03 [System UTC, first data scan.]
# bad_flag = -9.990e-29
*END*
[from data line 81]
   39.11976  -72.39794     84.000     83.346    13.9508    35.3397      8.005    -0.0255 5.0640e-11  1026.8338    13.9387    30.8359     7.2436    220.532    8.28158  252.13299     87.467 0.0000e+00
   39.11978  -72.39792     85.000     84.338    13.9958    35.3424      8.003    -0.0168 5.0640e-11  1026.8308    13.9835    30.8277     7.1773    218.512    8.28333  252.18618     86.647 0.0000e+00
   39.11978  -72.39789     86.000     85.330    13.9976    35.3433      8.002    -0.0414 5.0640e-11  1026.8356    13.9852    30.8281     7.1402    217.377    8.26061  251.48800     86.436 0.0000e+00
   39.11977  -72.39789     87.000     86.322    14.0404    35.3774      8.002    -0.0475 5.0640e-11  1026.8572    14.0278    30.8444     7.1346    217.206    8.24997  251.16185     86.480 0.0000e+00
   39.11977  -72.39788     88.000     87.314    14.1904    35.4453      8.004    -0.0446 5.0640e-11  1026.8824    14.1775    30.8622     7.0925    215.925    8.21781  250.18210     86.307 0.0000e+00
   39.11977  -72.39786     89.000     88.306    14.3507    35.4849      8.006    -0.0442 5.0640e-11  1026.8825    14.3376    30.8549     7.1001    216.154    8.21559  250.11433     86.422 0.0000e+00
   39.11978  -72.39785     90.000     89.298    14.3500    35.4850      8.008    -0.0384 5.0640e-11  1026.8872    14.3368    30.8552     7.0971    216.064    8.20949  249.92797     86.450 0.0000e+00
   39.11978  -72.39782     91.000     90.290    14.3685    35.4947 -9.990e-29    -0.0603 5.0640e-11  1026.8951    14.3551    30.8583     7.0823    215.613    8.20415  249.76564     86.326 0.0000e+00
   39.11979  -72.39781     92.000     91.282    14.4214    35.5133 -9.990e-29    -0.0382 5.0640e-11  1026.9023    14.4078    30.8601     7.0619    214.988    8.19007  249.33495     86.225 0.0000e+00
   39.11979  -72.39781     93.000     92.274    14.4860    35.5413 -9.990e-29    -0.0398 5.0640e-11  1026.9144    14.4723    30.8666     7.0830    215.632    8.18350  249.13450     86.553 0.0000e+00
   39.11981  -72.39778     94.000     93.266    14.5318    35.5536 -9.990e-29    -0.0506 5.0640e-11  1026.9185    14.5179    30.8654     7.0762    215.424    8.17980  249.02227     86.508 0.0000e+00
   39.11980  -72.39777     95.000     94.258    14.5480    35.5580      8.010    -0.0453 5.0640e-11  1026.9227    14.5339    30.8650     7.0660    215.112    8.17685  248.93169     86.414 0.0000e+00
   39.11981  -72.39775     96.000     95.250    14.5613    35.5632      8.011    -0.0617 5.0640e-11  1026.9283    14.5471    30.8659     7.0576    214.857    8.16250  248.49261     86.464 0.0000e+00
   39.11982  -72.39774     97.000     96.242    14.6247    35.5928      8.010    -0.0639 5.0640e-11  1026.9416    14.6102    30.8735     7.0488    214.587    8.15163  248.16179     86.470 0.0000e+00
   39.11983  -72.39772     98.000     97.234    14.7183    35.6218      8.010    -0.0718 5.2819e+04  1026.9479    14.7036    30.8738     7.0001    213.106    8.14956  248.09816     85.896 0.0000e+00
   39.11983  -72.39771     99.000     98.226    14.7144    35.6226      8.009    -0.0778 6.4997e+04  1026.9539    14.6996    30.8754     6.9925    212.874    8.14521  247.96545     85.848 0.0000e+00
   39.11982  -72.39771    100.000     99.218    14.7371    35.6311      8.009    -0.0825 -2.589e+03  1026.9598    14.7220    30.8765     6.9903    212.807    8.14429  247.93727     85.831 0.0000e+00
   39.11984  -72.39769    101.000    100.210    14.7478    35.6344 -9.990e-29    -0.0740 9.5637e+04  1026.9645    14.7326    30.8766     6.9636    211.994    8.14337  247.90919     85.513 0.0000e+00
   39.11987  -72.39758    102.000    101.202    14.7525    35.6374      8.010    -0.0764 5.9546e+04  1026.9702    14.7372    30.8778     6.9723    212.259    8.14367  247.91817     85.616 0.0000e+00
   39.12011  -72.39682    103.000    102.193    14.7395    35.6386 -9.990e-29    -0.0807 -3.159e+04  1026.9784    14.7240    30.8819     6.9711    212.222    8.14377  247.92042     85.601 0.0000e+00
   39.12006  -72.39704    102.000    101.202    14.7479    35.6390 -9.990e-29    -0.0768 -9.990e-29  1026.9724    14.7326    30.8801     6.9751    212.343    8.14419  247.93352     85.645 0.0000e+00
   39.12005  -72.39697    101.000    100.210    14.7448    35.6383      8.017    -0.0633 4.0000e+04  1026.9682    14.7297    30.8803     6.9760    212.369    8.14436  247.93862     85.654 0.0000e+00
   39.12008  -72.39692    100.000     99.218    14.7467    35.6383      8.017    -0.0667 -1.330e+03  1026.9633    14.7316    30.8798     6.9685    212.144    8.14519  247.96426     85.554 0.0000e+00
   39.12008  -72.39689     99.000     98.226    14.7455    35.6374      8.017    -0.0764 5.0640e-11  1026.9584    14.7307    30.8793     6.9703    212.197    8.14872  248.07177     85.539 0.0000e+00
   39.12008  -72.39689     98.000     97.234    14.7261    35.6288      8.017    -0.0768 5.0640e-11  1026.9515    14.7114    30.8772     6.9791    212.465    8.15317  248.20869     85.599 0.0000e+00
   39.12008  -72.39687     97.000     96.242    14.7101    35.6201      8.017    -0.0691 5.0640e-11  1026.9441    14.6955    30.8745     6.9930    212.890    8.17193  248.78148     85.573 0.0000e+00
   39.12008  -72.39684     96.000     95.250    14.6582    35.5965      8.018    -0.0532 5.0640e-11  1026.9329    14.6439    30.8687     7.0198    213.707    8.17064  248.74261     85.915 0.0000e+00
   39.12009  -72.39683     95.000     94.258    14.5804    35.5715      8.018    -0.0592 5.0640e-11  1026.9258    14.5663    30.8674     7.0651    215.087    8.17869  248.98731     86.385 0.0000e+00
   39.12010  -72.39682     94.000     93.266    14.5653    35.5669      8.018    -0.0529 5.0640e-11  1026.9214    14.5513    30.8677     7.0579    214.867    8.18037  249.03928     86.278 0.0000e+00
   39.12011  -72.39680     93.000     92.274    14.5310    35.5522      8.018    -0.0524 -9.990e-29  1026.9132    14.5172    30.8646     7.0880    215.785    8.21209  250.00601     86.312 0.0000e+00
   39.12012  -72.39678     92.000     91.282    14.4099    35.5054      8.018    -0.0476 9.9999e+04  1026.8987    14.3963    30.8567     7.0869    215.753    8.21047  249.95786     86.316 0.0000e+00
   39.12012  -72.39676     91.000     90.290    14.3775    35.5025      8.019    -0.0365 9.9999e+04  1026.8994    14.3641    30.8624     7.1068    216.359    8.21549  250.11032     86.505 0.0000e+00
   39.12014  -72.39676     90.000     89.298    14.3641    35.4954      8.019    -0.0439 9.9999e+04  1026.8922    14.3509    30.8599     7.1070    216.363    8.21538  250.10737     86.508 0.0000e+00
   39.12013  -72.39672     89.000     88.306    14.3491    35.4927      8.019    -0.0635 1.8390e+04  1026.8890    14.3360    30.8614     7.1008    216.177    8.21898  250.21737     86.396 0.0000e+00
   39.12014  -72.39672     88.000     87.314    14.3408    35.4875 -9.990e-29    -0.0273 8.8614e+02  1026.8822    14.3279    30.8592     7.1112    216.492    8.21912  250.22151     86.520 0.0000e+00
   39.12014  -72.39670     87.000     86.322    14.3336    35.4851 -9.990e-29    -0.0540 5.0640e-11  1026.8776    14.3208    30.8591     7.1295    217.055    8.23825  250.80899     86.542 0.0000e+00
   39.12015  -72.39668     86.000     85.330    14.2864    35.4620 -9.990e-29    -0.0495 5.0640e-11  1026.8657    14.2738    30.8526     7.1231    216.859    8.25746  251.39425     86.263 0.0000e+00
   39.12016  -72.39667     85.000     84.338    14.1562    35.4063 -9.990e-29    -0.0302 5.0640e-11  1026.8461    14.1438    30.8399     7.1327    217.154    8.26956  251.76432     86.253 0.0000e+00
   39.12016  -72.39664     84.000     83.346    14.0587    35.3686 -9.990e-29    -0.0253 5.0640e-11  1026.8333    14.0466    30.8334     7.1376    217.305    8.28098  252.11342     86.193 0.0000e+00
   39.12016  -72.39663     83.000     82.354    14.0219    35.3531 -9.990e-29    -0.0359 5.0640e-11  1026.8247    14.0099    30.8299     7.1557    217.858    8.28649  252.28325     86.354 0.0000e+00
   39.12018  -72.39661     82.000     81.362    13.9600    35.3150 -9.990e-29    -0.0111 5.0640e-11  1026.8042    13.9482    30.8152     7.1920    218.964    8.33420  253.74036     86.294 0.0000e+00
   39.12018  -72.39660     81.000     80.370    13.8149    35.2646 -9.990e-29    -0.0121 2.4658e+04  1026.7907    13.8033    30.8089     7.2017    219.262    8.33323  253.71229     86.421 0.0000e+00
   39.12018  -72.39659     80.000     79.378    13.6906    35.2222 -9.990e-29    -0.0092 1.0265e+05  1026.7799    13.6792    30.8049     7.2946    222.091    8.34735  254.14305     87.388 0.0000e+00
   39.12018  -72.39657     79.000     78.386    13.6689    35.2153      8.016    -0.0041 6.3683e+03  1026.7748    13.6577    30.8047     7.3286    223.125    8.34830  254.17236     87.785 0.0000e+00
   39.12018  -72.39656     78.000     77.394    13.6492    35.2044      8.016    -0.0004 -1.026e+02  1026.7660    13.6382    30.8007     7.3339    223.293    8.37065  254.85671     87.615 0.0000e+00
   39.12020  -72.39653     77.000     76.402    13.5595    35.1626      8.017     0.0013 5.0640e-11  1026.7478    13.5487    30.7888     7.3239    222.988    8.37989  255.13934     87.398 0.0000e+00
   39.12020  -72.39652     76.000     75.410    13.4896    35.1396 -9.990e-29     0.0071 5.0640e-11  1026.7404    13.4789    30.7872     7.3612    224.123    8.37916  255.11712     87.851 0.0000e+00
   39.12020  -72.39650     75.000     74.418    13.4760    35.1261 -9.990e-29     0.0222 5.0640e-11  1026.7282    13.4655    30.7798     7.3717    224.447    8.39966  255.74579     87.762 0.0000e+00
   39.12020  -72.39649     74.000     73.426    13.4138    35.0974 -9.990e-29     0.0160 -9.990e-29  1026.7142    13.4034    30.7714     7.3880    224.948    8.43187  256.73032     87.620 0.0000e+00
   39.12020  -72.39645     73.000     72.433    13.3003    35.0440      8.018     0.0204 9.9999e+04  1026.6908    13.2902    30.7548     7.4137    225.726    8.41991  256.36343     88.049 0.0000e+00
   39.12021  -72.39645     72.000     71.442    13.2277    35.0165      8.016     0.0284 9.9999e+04  1026.6809    13.2177    30.7508     7.4611    227.177    8.45035  257.29617     88.294 0.0000e+00
   39.12022  -72.39643     71.000     70.449    13.1175    34.9789      8.017     0.0534 -7.526e+03  1026.6700    13.1077    30.7466     7.4612    227.178    8.40832  256.01599     88.736 0.0000e+00
   39.12022  -72.39643     70.000     69.457    13.1916    35.0035      8.019     0.0458 9.1411e+04  1026.6694    13.1819    30.7489     7.5176    228.902    8.40464  255.91226     89.445 0.0000e+00
   39.12031  -72.39608     69.000     68.465    13.6387    35.1009      8.032     0.0617 2.9403e+04  1026.6483    13.6290    30.7236     7.6126    231.792    8.35633  254.43724     91.101 0.0000e+00
   39.12038  -72.39582     68.000     67.473    13.6636    35.0702      8.035     0.0687 -8.550e+02  1026.6146    13.6540    30.6941     7.6560    233.118    8.36720  254.77487     91.500 0.0000e+00
   39.12037  -72.39581     67.000     66.481    13.5916    35.0485 -9.990e-29     0.0760 5.5912e+04  1026.6086    13.5822    30.6939     7.6953    234.322    8.38615  255.35877     91.762 0.0000e+00
   39.12039  -72.39579     66.000     65.489    13.5490    35.0209      8.035     0.0838 9.9932e+04  1026.5912    13.5397    30.6819     7.7045    234.595    8.40906  256.04921     91.621 0.0000e+00
   39.12039  -72.39577     65.000     64.497    13.4107    34.9636      8.034     0.0836 6.8782e+04  1026.5709    13.4016    30.6689     7.7204    235.092    8.42591  256.57437     91.627 0.0000e+00
   39.12038  -72.39576     64.000     63.505    13.2096    34.8871      8.032     0.1044 8.8318e+02  1026.5488    13.2008    30.6553     7.7579    236.237    8.46061  257.63421     91.695 0.0000e+00
   39.12039  -72.39572     63.000     62.513    13.0839    34.8304      8.037     0.0868 5.5934e+04  1026.5264    13.0752    30.6400     7.8374    238.662    8.47591  258.10480     92.467 0.0000e+00
   39.12039  -72.39570     62.000     61.521    13.0402    34.8068      8.037     0.0948 1.0063e+05  1026.5121    13.0317    30.6310     7.8817    240.013    8.49464  258.67941     92.784 0.0000e+00
   39.12040  -72.39567     61.000     60.529    12.8783    34.7392      8.038     0.0944 9.9999e+04  1026.4881    12.8700    30.6149     7.9367    241.693    8.51806  259.39602     93.175 0.0000e+00
   39.12049  -72.39535     60.000     59.536    12.7926    34.6958      8.038     0.1077 9.9999e+04  1026.4669    12.7845    30.6000     7.9719    242.765    8.52973  259.75463     93.460 0.0000e+00
   39.12053  -72.39522     59.000     58.544    12.7558    34.6705      8.041     0.1247 -4.709e+03  1026.4503    12.7479    30.5887     8.0156    244.102    8.53281  259.85431     93.938 0.0000e+00
   39.12054  -72.39518     58.000     57.552    12.7552    34.6529      8.044     0.1296 5.0640e-11  1026.4323    12.7474    30.5752     8.0782    246.012    8.53008  259.77528     94.702 0.0000e+00
   39.12054  -72.39518     57.000     56.560    12.7764    34.6327      8.049     0.1727 5.0640e-11  1026.4079    12.7687    30.5550     8.1682    248.759    8.54701  260.29485     95.567 0.0000e+00
   39.12056  -72.39517     56.000     55.568    12.6865    34.5847      8.050     0.2119 5.0640e-11  1026.3841    12.6790    30.5377     8.1937    249.537    8.56868  260.95643     95.624 0.0000e+00
   39.12056  -72.39514     55.000     54.576    12.5657    34.5473      8.048     0.2180 5.0640e-11  1026.3747    12.5584    30.5352     8.2670    251.774    8.62107  262.55726     95.893 0.0000e+00
   39.12056  -72.39513     54.000     53.584    12.4536    34.4808      8.044     0.2194 5.0640e-11  1026.3406    12.4464    30.5081     8.2082    249.978    8.63193  262.88220     95.092 0.0000e+00
   39.12056  -72.39512     53.000     52.591    12.2119    34.3898      8.040     0.2575 5.0640e-11  1026.3112    12.2050    30.4883     8.2121    250.105    8.69462  264.79897     94.451 0.0000e+00
   39.12057  -72.39509     52.000     51.599    11.9239    34.3264      8.035     0.2078 4.6678e+04  1026.3148    11.9172    30.5022     8.2530    251.351    8.73688  266.08833     94.461 0.0000e+00
   39.12057  -72.39506     51.000     50.607    11.7185    34.2500      8.028     0.2026 9.4947e+04  1026.2891    11.7120    30.4855     8.2473    251.178    8.76532  266.95568     94.090 0.0000e+00
   39.12058  -72.39503     50.000     49.615    11.4481    34.1716      8.024     0.2214 7.7675e+03  1026.2738    11.4419    30.4805     8.3268    253.609    8.84970  269.53525     94.091 0.0000e+00
   39.12059  -72.39503     49.000     48.623    11.1796    34.1038      8.020     0.1786 3.2442e+02  1026.2664    11.1736    30.4832     8.3825    255.314    8.89167  270.82122     94.274 0.0000e+00
   39.12060  -72.39501     48.000     47.631    11.0125    34.0433      8.016     0.1627 5.0640e-11  1026.2449    11.0067    30.4699     8.4244    256.588    8.93710  272.20384     94.263 0.0000e+00
   39.12059  -72.39499     47.000     46.638    10.8036    33.9808      8.013     0.1816 5.0640e-11  1026.2294    10.7980    30.4635     8.4245    256.598    8.96179  272.96130     94.005 0.0000e+00
   39.12061  -72.39497     46.000     45.646    10.6008    33.9037      8.007     0.1629 5.0640e-11  1026.2005    10.5954    30.4436     8.4617    257.732    9.02094  274.76624     93.801 0.0000e+00
   39.12062  -72.39493     45.000     44.654    10.3440    33.8337      8.004     0.2282 5.0640e-11  1026.1862    10.3388    30.4395     8.5102    259.212    9.04370  275.46258     94.100 0.0000e+00
   39.12062  -72.39490     44.000     43.662    10.2620    33.7967      8.002     0.2947 5.0640e-11  1026.1669    10.2570    30.4267     8.5358    259.998    9.06013  275.96768     94.213 0.0000e+00
