CalculateIndicators/WaterTemperature/Data/CTD_NYOS/20230516_C15.cnv
* Sea-Bird SBE 9 Data File:
* FileName = C:\Seabird 9 CTD\Data\2023\202305_offshore\20230516_C15.hex
* Software Version Seasave V 7.23.2
* Temperature SN = 4590
* Conductivity SN = 3228
* Number of Bytes Per Scan = 44
* Number of Voltage Words = 5
* Number of Scans Averaged by the Deck Unit = 1
* NMEA Latitude = 40 13.41 N
* NMEA Longitude = 072 40.86 W
* NMEA UTC (Time) = May 16 2023  20:29:31
* NMEA baud rate = 4800
** Ship: Seawolf
** Station: 9.3
** Operator: tcm
# nquan = 18
# nvalues = 11861                       
# units = specified
# name 0 = latitude: Latitude [deg]
# name 1 = longitude: Longitude [deg]
# name 2 = prDM: Pressure, Digiquartz [db]
# name 3 = depSM: Depth [salt water, m]
# name 4 = t090C: Temperature [ITS-90, deg C]
# name 5 = sal00: Salinity, Practical [PSU]
# name 6 = ph: pH
# name 7 = flECO-AFL: Fluorescence, WET Labs ECO-AFL/FL [mg/m^3]
# name 8 = cpar: CPAR/Corrected Irradiance [%]
# name 9 = density00: Density [density, kg/m^3]
# name 10 = potemp090C: Potential Temperature [ITS-90, deg C]
# name 11 = sigma-é00: Density [sigma-theta, kg/m^3]
# name 12 = sbeox0Mg/L: Oxygen, SBE 43 [mg/l]
# name 13 = sbox0Mm/Kg: Oxygen, SBE 43 [umol/kg]
# name 14 = oxsolMg/L: Oxygen Saturation, Garcia & Gordon [mg/l]
# name 15 = oxsolMm/Kg: Oxygen Saturation, Garcia & Gordon [umol/kg]
# name 16 = sbeox0PS: Oxygen, SBE 43 [% saturation]
# name 17 = flag:  0.000e+00
# span 0 =   40.22350,   40.22568       
# span 1 =  -72.68110,  -72.67896       
# span 2 =      1.567,     53.299       
# span 3 =      1.555,     52.882       
# span 4 =     6.8142,    13.7524       
# span 5 =    31.8536,    32.8828       
# span 6 =      7.845,      8.087       
# span 7 =     0.0013,     6.7706       
# span 8 = 7.5257e-03, 5.5546e+01       
# span 9 =  1023.8192,  1026.0082       
# span 10 =     6.8110,    13.7519      
# span 11 =    23.8084,    25.7750      
# span 12 =     8.3964,    10.3794      
# span 13 =    255.799,    316.402      
# span 14 =    8.50607,    9.82684      
# span 15 =  259.63667,  299.38480      
# span 16 =     85.556,    112.481      
# span 17 = 0.0000e+00, 0.0000e+00      
# interval = seconds: 0.0416667
# start_time = May 16 2023 20:29:29 [System UTC, first data scan.]
# bad_flag = -9.990e-29
*END*
[from data line 6111]
   40.22464  -72.68006     33.509     33.249     6.8483    32.8380 -9.990e-29     0.9549 2.0496e-01  1025.8916     6.8454    25.7372     8.5685    261.048    9.82443  299.31125     87.216 -9.990e-29
   40.22464  -72.68006     33.560     33.299     6.8472    32.8380 -9.990e-29     0.9415 2.0496e-01  1025.8903     6.8443    25.7366     8.5681    261.034    9.82370  299.28912     87.218 -9.990e-29
   40.22464  -72.68006     33.601     33.340     6.8448    32.8380 -9.990e-29     0.9549 2.0140e-01  1025.8901     6.8418    25.7365     8.5665    260.988    9.82288  299.26422     87.210 -9.990e-29
   40.22464  -72.68006     33.632     33.370     6.8420    32.8380 -9.990e-29     0.9549 1.9871e-01  1025.8917     6.8391    25.7374     8.5712    261.132    9.82203  299.23884     87.265 -9.990e-29
   40.22466  -72.68006     33.662     33.401     6.8400    32.8391 -9.990e-29     0.9549 1.9813e-01  1025.8935     6.8371    25.7385     8.5643    260.920    9.82142  299.22072     87.200 -9.990e-29
   40.22466  -72.68006     33.723     33.461     6.8388    32.8400 -9.990e-29     0.9549 1.9583e-01  1025.8942     6.8358    25.7394     8.5637    260.902    9.82086  299.20415     87.199 -9.990e-29
   40.22466  -72.68006     33.764     33.502     6.8373    32.8407 -9.990e-29     0.9549 1.9322e-01  1025.8953     6.8344    25.7401     8.5624    260.863    9.82063  299.19776     87.187 -9.990e-29
   40.22466  -72.68006     33.826     33.563     6.8365    32.8413 -9.990e-29     0.9549 1.9265e-01  1025.8963     6.8335    25.7407     8.5683    261.045    9.82041  299.19116     87.250 -9.990e-29
   40.22466  -72.68006     33.876     33.613     6.8355    32.8417 -9.990e-29     0.9415 1.8986e-01  1025.8967     6.8326    25.7411     8.5613    260.832    9.82005  299.18035     87.182 -9.990e-29
   40.22466  -72.68006     33.906     33.643     6.8349    32.8421 -9.990e-29     0.9549 1.8677e-01  1025.8972     6.8319    25.7416     8.5671    261.008    9.81976  299.17164     87.243 -9.990e-29
   40.22466  -72.68006     33.957     33.693     6.8342    32.8425 -9.990e-29     0.9415 1.8568e-01  1025.8981     6.8312    25.7420     8.5608    260.816    9.81927  299.15640     87.184 -9.990e-29
   40.22466  -72.68006     33.997     33.733     6.8339    32.8429 -9.990e-29     0.9549 1.8427e-01  1025.8985     6.8309    25.7424     8.5587    260.750    9.81850  299.13296     87.169 -9.990e-29
   40.22466  -72.68006     34.049     33.785     6.8331    32.8432 -9.990e-29     0.8341 1.8127e-01  1025.8992     6.8301    25.7426     8.5640    260.914    9.81799  299.11814     87.228 -9.990e-29
   40.22466  -72.68006     34.068     33.804     6.8331    32.8432 -9.990e-29     0.7400 1.8021e-01  1025.8991     6.8301    25.7427     8.5579    260.729    9.81793  299.11651     87.166 -9.990e-29
   40.22466  -72.68006     34.140     33.875     6.8328    32.8432 -9.990e-29     0.7132 1.7885e-01  1025.8994     6.8298    25.7427     8.5638    260.907    9.81802  299.11956     87.225 -9.990e-29
   40.22466  -72.68006     34.150     33.885     6.8325    32.8435 -9.990e-29     0.7266 1.7573e-01  1025.8997     6.8295    25.7430     8.5643    260.922    9.81829  299.12795     87.228 -9.990e-29
   40.22466  -72.68006     34.212     33.946     6.8322    32.8440 -9.990e-29     0.7266 1.7388e-01  1025.9007     6.8291    25.7434     8.5649    260.943    9.81884  299.14454     87.230 -9.990e-29
   40.22466  -72.68006     34.242     33.976     6.8328    32.8440 -9.990e-29     0.7266 1.7338e-01  1025.9011     6.8298    25.7437     8.5590    260.761    9.81916  299.15387     87.166 -9.990e-29
   40.22466  -72.68006     34.282     34.016     6.8331    32.8440 -9.990e-29     0.7266 1.7055e-01  1025.9014     6.8301    25.7434     8.5584    260.742    9.81945  299.16294     87.157 -9.990e-29
   40.22466  -72.68006     34.346     34.079     6.8338    32.8430 -9.990e-29     0.7266 1.6925e-01  1025.9004     6.8308    25.7425     8.5640    260.915    9.81970  299.17029     87.213 -9.990e-29
   40.22466  -72.68006     34.375     34.108     6.8334    32.8416 -9.990e-29     0.7266 1.6876e-01  1025.8989     6.8304    25.7415     8.5642    260.919    9.81992  299.17667     87.212 -9.990e-29
   40.22466  -72.68006     34.405     34.138     6.8315    32.8413 -9.990e-29     0.7266 1.6601e-01  1025.8987     6.8285    25.7411     8.5641    260.918    9.82003  299.17981     87.211 -9.990e-29
   40.22466  -72.68006     34.435     34.168     6.8295    32.8413 -9.990e-29     0.7266 1.6426e-01  1025.8992     6.8265    25.7413     8.5576    260.717    9.82002  299.17934     87.144 -9.990e-29
   40.22466  -72.68006     34.477     34.209     6.8276    32.8413 -9.990e-29     0.7266 1.6426e-01  1025.9001     6.8246    25.7420     8.5563    260.680    9.82001  299.17900     87.132 -9.990e-29
   40.22466  -72.68006     34.496     34.228     6.8260    32.8422 -9.990e-29     0.7266 1.6206e-01  1025.9012     6.8229    25.7429     8.5561    260.672    9.82002  299.17927     87.129 -9.990e-29
   40.22466  -72.68006     34.547     34.279     6.8243    32.8431 -9.990e-29     0.7266 1.6035e-01  1025.9028     6.8213    25.7438     8.5621    260.857    9.81999  299.17856     87.191 -9.990e-29
   40.22466  -72.68006     34.558     34.289     6.8237    32.8436 -9.990e-29     0.7266 1.6035e-01  1025.9030     6.8207    25.7443     8.5618    260.847    9.82004  299.18010     87.187 -9.990e-29
   40.22466  -72.68006     34.590     34.321     6.8234    32.8441 -9.990e-29     0.7266 1.5867e-01  1025.9035     6.8204    25.7447     8.5614    260.835    9.82007  299.18112     87.183 -9.990e-29
   40.22466  -72.68004     34.619     34.350     6.8227    32.8446 -9.990e-29     0.7266 1.5727e-01  1025.9043     6.8197    25.7451     8.5610    260.821    9.82012  299.18238     87.178 -9.990e-29
   40.22466  -72.68004     34.649     34.380     6.8224    32.8448 -9.990e-29     0.7266 1.5700e-01  1025.9044     6.8194    25.7453     8.5604    260.805    9.82014  299.18318     87.172 -9.990e-29
   40.22466  -72.68004     34.658     34.389     6.8223    32.8450 -9.990e-29     0.7266 1.5489e-01  1025.9047     6.8193    25.7455     8.5608    260.815    9.82017  299.18398     87.176 -9.990e-29
   40.22466  -72.68004     34.670     34.400     6.8221    32.8452 -9.990e-29     0.7266 1.5308e-01  1025.9051     6.8191    25.7457     8.5600    260.791    9.82006  299.18056     87.168 -9.990e-29
   40.22466  -72.68004     34.679     34.410     6.8221    32.8453 -9.990e-29     0.7266 1.5236e-01  1025.9051     6.8191    25.7458     8.5528    260.573    9.82003  299.17980     87.096 -9.990e-29
   40.22466  -72.68004     34.700     34.430     6.8222    32.8453 -9.990e-29     0.7266 1.5102e-01  1025.9052     6.8192    25.7458     8.5583    260.741    9.81993  299.17683     87.153 -9.990e-29
   40.22466  -72.68004     34.709     34.440     6.8223    32.8454 -9.990e-29     0.7266 1.4943e-01  1025.9051     6.8193    25.7459     8.5522    260.553    9.82003  299.17959     87.089 -9.990e-29
   40.22466  -72.68004     34.721     34.451     6.8219    32.8454 -9.990e-29     0.7266 1.4899e-01  1025.9056     6.8189    25.7459     8.5514    260.528    9.82000  299.17881     87.081 -9.990e-29
   40.22466  -72.68004     34.741     34.471     6.8221    32.8454 -9.990e-29     0.6192 1.4830e-01  1025.9054     6.8191    25.7458     8.5506    260.504    9.82000  299.17880     87.073 -9.990e-29
   40.22466  -72.68004     34.721     34.451     6.8221    32.8454 -9.990e-29     0.4714 1.4786e-01  1025.9053     6.8191    25.7458     8.5498    260.480    9.82002  299.17925     87.065 -9.990e-29
   40.22466  -72.68004     34.743     34.473     6.8223    32.8454 -9.990e-29     0.4177 1.4761e-01  1025.9055     6.8192    25.7460     8.5490    260.455    9.82001  299.17922     87.057 -9.990e-29
   40.22466  -72.68004     34.730     34.460     6.8218    32.8454 -9.990e-29     0.4177 1.4761e-01  1025.9059     6.8187    25.7460     8.5545    260.624    9.81998  299.17815     87.113 -9.990e-29
   40.22466  -72.68004     34.730     34.460     6.8224    32.8456 -9.990e-29     0.4311 1.4674e-01  1025.9051     6.8193    25.7459     8.5545    260.624    9.81987  299.17477     87.114 -9.990e-29
   40.22466  -72.68004     34.721     34.451     6.8221    32.8456 -9.990e-29     0.4311 1.4648e-01  1025.9053     6.8191    25.7459     8.5480    260.427    9.81969  299.16925     87.050 -9.990e-29
   40.22466  -72.68004     34.709     34.440     6.8221    32.8456 -9.990e-29     0.4311 1.4648e-01  1025.9054     6.8191    25.7460     8.5407    260.203    9.81958  299.16607     86.976 -9.990e-29
   40.22466  -72.68004     34.690     34.421     6.8221    32.8459 -9.990e-29     0.4311 1.4605e-01  1025.9055     6.8191    25.7463     8.5451    260.338    9.81940  299.16050     87.023 -9.990e-29
   40.22466  -72.68004     34.690     34.421     6.8227    32.8463 -9.990e-29     0.4311 1.4537e-01  1025.9058     6.8197    25.7465     8.5441    260.305    9.81915  299.15274     87.014 -9.990e-29
   40.22466  -72.68004     34.658     34.389     6.8234    32.8465 -9.990e-29     0.4311 1.4537e-01  1025.9062     6.8203    25.7465     8.5429    260.271    9.81886  299.14435     87.005 -9.990e-29
   40.22466  -72.68004     34.639     34.370     6.8250    32.8465 -9.990e-29     0.4311 1.4623e-01  1025.9051     6.8220    25.7463     8.5430    260.273    9.81877  299.14178     87.007 -9.990e-29
   40.22466  -72.68004     34.628     34.359     6.8263    32.8468 -9.990e-29     0.4311 1.4623e-01  1025.9051     6.8233    25.7464     8.5432    260.281    9.81886  299.14462     87.009 -9.990e-29
   40.22466  -72.68004     34.618     34.350     6.8278    32.8476 -9.990e-29     0.4311 1.4623e-01  1025.9060     6.8247    25.7468     8.5425    260.259    9.81885  299.14420     87.001 -9.990e-29
   40.22466  -72.68004     34.569     34.300     6.8307    32.8476 -9.990e-29     0.4311 1.4666e-01  1025.9061     6.8276    25.7470     8.5416    260.231    9.81869  299.13936     86.993 -9.990e-29
   40.22466  -72.68004     34.558     34.289     6.8344    32.8476 -9.990e-29     0.4311 1.4710e-01  1025.9054     6.8314    25.7463     8.5408    260.208    9.81867  299.13861     86.986 -9.990e-29
   40.22466  -72.68004     34.526     34.258     6.8385    32.8470 -9.990e-29     0.4311 1.4710e-01  1025.9037     6.8355    25.7451     8.5401    260.187    9.81871  299.13997     86.978 -9.990e-29
   40.22468  -72.68006     34.507     34.239     6.8416    32.8455 -9.990e-29     0.4311 1.4797e-01  1025.9020     6.8386    25.7435     8.5341    260.003    9.81881  299.14334     86.916 -9.990e-29
   40.22468  -72.68006     34.465     34.198     6.8446    32.8438 -9.990e-29     0.4311 1.4859e-01  1025.8999     6.8416    25.7418     8.5390    260.152    9.81893  299.14682     86.965 -9.990e-29
   40.22468  -72.68006     34.435     34.168     6.8462    32.8424 -9.990e-29     0.4311 1.4902e-01  1025.8979     6.8432    25.7404     8.5384    260.134    9.81901  299.14908     86.958 -9.990e-29
   40.22468  -72.68006     34.394     34.127     6.8472    32.8416 -9.990e-29     0.4311 1.4946e-01  1025.8975     6.8442    25.7395     8.5377    260.112    9.81897  299.14781     86.951 -9.990e-29
   40.22468  -72.68006     34.363     34.097     6.8490    32.8416 -9.990e-29     0.4311 1.5035e-01  1025.8966     6.8460    25.7389     8.5317    259.929    9.81898  299.14806     86.890 -9.990e-29
   40.22468  -72.68006     34.325     34.058     6.8505    32.8416 -9.990e-29     0.4311 1.5079e-01  1025.8958     6.8475    25.7387     8.5365    260.076    9.81897  299.14790     86.939 -9.990e-29
   40.22468  -72.68006     34.282     34.016     6.8521    32.8411 -9.990e-29     0.4311 1.5124e-01  1025.8968     6.8491    25.7388     8.5370    260.092    9.81908  299.15152     86.943 -9.990e-29
   40.22468  -72.68006     34.261     33.995     6.8555    32.8411 -9.990e-29     0.4311 1.5258e-01  1025.8964     6.8525    25.7384     8.5369    260.088    9.81949  299.16403     86.938 -9.990e-29
   40.22468  -72.68006     34.231     33.965     6.8582    32.8404 -9.990e-29     0.4446 1.5303e-01  1025.8944     6.8552    25.7373     8.5366    260.080    9.81978  299.17265     86.933 -9.990e-29
   40.22468  -72.68006     34.201     33.935     6.8591    32.8392 -9.990e-29     0.5520 1.5303e-01  1025.8927     6.8560    25.7362     8.5374    260.102    9.82005  299.18081     86.938 -9.990e-29
   40.22468  -72.68006     34.170     33.905     6.8587    32.8383 -9.990e-29     0.6057 1.5438e-01  1025.8924     6.8557    25.7355     8.5372    260.096    9.82039  299.19076     86.933 -9.990e-29
   40.22468  -72.68006     34.140     33.875     6.8578    32.8381 -9.990e-29     0.6057 1.5529e-01  1025.8917     6.8548    25.7352     8.5378    260.114    9.82049  299.19351     86.939 -9.990e-29
   40.22468  -72.68006     34.091     33.826     6.8553    32.8381 -9.990e-29     0.5923 1.5556e-01  1025.8918     6.8523    25.7355     8.5383    260.131    9.82052  299.19457     86.944 -9.990e-29
   40.22468  -72.68006     34.068     33.804     6.8537    32.8381 -9.990e-29     0.5923 1.5740e-01  1025.8926     6.8507    25.7359     8.5390    260.151    9.82063  299.19796     86.950 -9.990e-29
   40.22468  -72.68006     34.029     33.764     6.8524    32.8383 -9.990e-29     0.5923 1.5787e-01  1025.8925     6.8494    25.7363     8.5387    260.143    9.82071  299.20048     86.946 -9.990e-29
   40.22468  -72.68006     33.997     33.733     6.8513    32.8387 -9.990e-29     0.5923 1.5833e-01  1025.8926     6.8483    25.7368     8.5447    260.326    9.82078  299.20229     87.007 -9.990e-29
   40.22468  -72.68006     33.957     33.693     6.8500    32.8394 -9.990e-29     0.5923 1.5973e-01  1025.8935     6.8470    25.7375     8.5398    260.177    9.82075  299.20132     86.957 -9.990e-29
   40.22468  -72.68006     33.927     33.663     6.8493    32.8403 -9.990e-29     0.5923 1.6067e-01  1025.8940     6.8464    25.7382     8.5404    260.194    9.82071  299.19998     86.963 -9.990e-29
   40.22468  -72.68006     33.896     33.633     6.8491    32.8409 -9.990e-29     0.5923 1.6067e-01  1025.8947     6.8461    25.7387     8.5474    260.406    9.82064  299.19796     87.035 -9.990e-29
   40.22468  -72.68006     33.864     33.602     6.8492    32.8410 -9.990e-29     0.5923 1.6257e-01  1025.8945     6.8462    25.7389     8.5480    260.426    9.82072  299.20067     87.041 -9.990e-29
   40.22468  -72.68006     33.834     33.571     6.8492    32.8410 -9.990e-29     0.5923 1.6401e-01  1025.8942     6.8462    25.7389     8.5423    260.251    9.82075  299.20167     86.982 -9.990e-29
   40.22468  -72.68006     33.804     33.541     6.8492    32.8410 -9.990e-29     0.5923 1.6478e-01  1025.8942     6.8462    25.7388     8.5418    260.238    9.82072  299.20076     86.978 -9.990e-29
   40.22468  -72.68006     33.774     33.511     6.8492    32.8407 -9.990e-29     0.5923 1.6526e-01  1025.8937     6.8462    25.7386     8.5425    260.257    9.82074  299.20123     86.984 -9.990e-29
   40.22468  -72.68006     33.745     33.483     6.8492    32.8407 -9.990e-29     0.5923 1.6672e-01  1025.8932     6.8462    25.7385     8.5432    260.280    9.82084  299.20420     86.991 -9.990e-29
   40.22468  -72.68006     33.713     33.451     6.8487    32.8407 -9.990e-29     0.5923 1.6721e-01  1025.8937     6.8458    25.7386     8.5441    260.307    9.82106  299.21113     86.998 -9.990e-29
   40.22468  -72.68006     33.692     33.431     6.8487    32.8408 -9.990e-29     0.5923 1.6770e-01  1025.8934     6.8457    25.7387     8.5452    260.340    9.82145  299.22341     87.005 -9.990e-29
   40.22468  -72.68006     33.662     33.401     6.8485    32.8408 -9.990e-29     0.5923 1.6898e-01  1025.8934     6.8456    25.7387     8.5531    260.581    9.82226  299.24827     87.079 -9.990e-29
