CalculateIndicators/WaterTemperature/Data/CTD_NYOS/20230517_C21.cnv
* Sea-Bird SBE 9 Data File:
* FileName = C:\Seabird 9 CTD\Data\2023\202305_offshore\20230517_C21.hex
* Software Version Seasave V 7.23.2
* Temperature SN = 4590
* Conductivity SN = 3228
* Number of Bytes Per Scan = 44
* Number of Voltage Words = 5
* Number of Scans Averaged by the Deck Unit = 1
* NMEA Latitude = 40 09.15 N
* NMEA Longitude = 072 11.21 W
* NMEA UTC (Time) = May 17 2023  14:32:34
* NMEA baud rate = 4800
** Ship: Seawolf
** Station: 10.4
** Operator: TCM
# nquan = 18
# nvalues = 14882                       
# units = specified
# name 0 = latitude: Latitude [deg]
# name 1 = longitude: Longitude [deg]
# name 2 = prDM: Pressure, Digiquartz [db]
# name 3 = depSM: Depth [salt water, m]
# name 4 = t090C: Temperature [ITS-90, deg C]
# name 5 = sal00: Salinity, Practical [PSU]
# name 6 = ph: pH
# name 7 = flECO-AFL: Fluorescence, WET Labs ECO-AFL/FL [mg/m^3]
# name 8 = cpar: CPAR/Corrected Irradiance [%]
# name 9 = density00: Density [density, kg/m^3]
# name 10 = potemp090C: Potential Temperature [ITS-90, deg C]
# name 11 = sigma-é00: Density [sigma-theta, kg/m^3]
# name 12 = sbeox0Mg/L: Oxygen, SBE 43 [mg/l]
# name 13 = sbox0Mm/Kg: Oxygen, SBE 43 [umol/kg]
# name 14 = oxsolMg/L: Oxygen Saturation, Garcia & Gordon [mg/l]
# name 15 = oxsolMm/Kg: Oxygen Saturation, Garcia & Gordon [umol/kg]
# name 16 = sbeox0PS: Oxygen, SBE 43 [% saturation]
# name 17 = flag:  0.000e+00
# span 0 =   40.14944,   40.15252       
# span 1 =  -72.19002,  -72.18682       
# span 2 =      1.976,     64.930       
# span 3 =      1.960,     64.422       
# span 4 =     6.3184,    13.3110       
# span 5 =    31.9648,    32.9723       
# span 6 =      7.869,      8.065       
# span 7 =     0.0954,     0.7400       
# span 8 = 5.3696e-04, 2.7457e+01       
# span 9 =  1023.9748,  1026.1530       
# span 10 =     6.3159,    13.3102      
# span 11 =    23.9814,    25.8554      
# span 12 =     8.3774,     9.6807      
# span 13 =    255.201,    294.966      
# span 14 =    8.57728,    9.95512      
# span 15 =  261.76468,  303.32313      
# span 16 =     85.190,    106.490      
# span 17 = 0.0000e+00, 0.0000e+00      
# interval = seconds: 0.0416667
# start_time = May 17 2023 14:32:37 [System UTC, first data scan.]
# bad_flag = -9.990e-29
*END*
[from data line 403]
   40.15244  -72.18702      6.848      6.796    13.3010    31.9707      8.041     0.1625 5.7103e+00  1024.0186    13.3001    23.9882     8.6427    263.761    8.57948  261.83181    100.737 0.0000e+00
   40.15244  -72.18702      6.888      6.835    13.3017    31.9705      8.036     0.1625 5.7103e+00  1024.0188    13.3008    23.9879     8.6369    263.583    8.57951  261.83255    100.668 0.0000e+00
   40.15244  -72.18702      6.910      6.857    13.3033    31.9700      8.041     0.1625 5.6783e+00  1024.0181    13.3024    23.9873     8.6416    263.727    8.57954  261.83350    100.723 0.0000e+00
   40.15244  -72.18702      6.949      6.895    13.3042    31.9694      8.041     0.1625 5.6464e+00  1024.0172    13.3033    23.9866     8.6415    263.726    8.57948  261.83190    100.723 0.0000e+00
   40.15244  -72.18702      6.982      6.928    13.3046    31.9690      8.036     0.1625 5.6257e+00  1024.0173    13.3036    23.9862     8.6415    263.723    8.57940  261.82923    100.723 0.0000e+00
   40.15244  -72.18702      7.020      6.966    13.3055    31.9686      8.041     0.1625 5.5942e+00  1024.0171    13.3046    23.9857     8.6362    263.561    8.57930  261.82644    100.663 0.0000e+00
   40.15244  -72.18702      7.041      6.987    13.3059    31.9681      8.041     0.1625 5.5784e+00  1024.0165    13.3050    23.9852     8.6354    263.539    8.57914  261.82127    100.656 0.0000e+00
   40.15244  -72.18702      7.072      7.018    13.3057    31.9674      8.041     0.1625 5.5784e+00  1024.0164    13.3048    23.9847     8.6348    263.519    8.57901  261.81751    100.650 0.0000e+00
   40.15244  -72.18702      7.101      7.047    13.3056    31.9672      8.041     0.1625 5.5471e+00  1024.0157    13.3046    23.9842     8.6394    263.661    8.57889  261.81407    100.705 0.0000e+00
   40.15244  -72.18702      7.133      7.078    13.3045    31.9672      8.041     0.1625 5.5160e+00  1024.0153    13.3035    23.9842     8.6342    263.502    8.57885  261.81279    100.645 0.0000e+00
   40.15244  -72.18702      7.162      7.107    13.3027    31.9672      8.036     0.1625 5.5005e+00  1024.0168    13.3018    23.9851     8.6336    263.485    8.57875  261.80983    100.640 0.0000e+00
   40.15244  -72.18702      7.192      7.137    13.3016    31.9686      8.036     0.1625 5.4650e+00  1024.0188    13.3007    23.9862     8.6330    263.467    8.57864  261.80648    100.634 0.0000e+00
   40.15244  -72.18702      7.235      7.179    13.3026    31.9689      8.041     0.1625 5.4191e+00  1024.0196    13.3016    23.9868     8.6325    263.451    8.57854  261.80371    100.629 0.0000e+00
   40.15244  -72.18702      7.252      7.197    13.3037    31.9690      8.036     0.1625 5.4038e+00  1024.0189    13.3027    23.9865     8.6322    263.441    8.57859  261.80523    100.625 0.0000e+00
   40.15244  -72.18702      7.273      7.217    13.3042    31.9692      8.041     0.1625 5.3735e+00  1024.0181    13.3032    23.9862     8.6312    263.411    8.57863  261.80631    100.613 0.0000e+00
   40.15244  -72.18702      7.316      7.259    13.3041    31.9692      8.036     0.1625 5.3179e+00  1024.0190    13.3031    23.9863     8.6309    263.402    8.57870  261.80840    100.609 0.0000e+00
   40.15244  -72.18702      7.345      7.288    13.3047    31.9692      8.041     0.1625 5.2881e+00  1024.0192    13.3037    23.9863     8.6306    263.393    8.57874  261.80968    100.605 0.0000e+00
   40.15244  -72.18702      7.384      7.328    13.3056    31.9692      8.036     0.1625 5.2732e+00  1024.0190    13.3046    23.9862     8.6251    263.224    8.57879  261.81093    100.540 0.0000e+00
   40.15244  -72.18702      7.406      7.349    13.3062    31.9692      8.041     0.1491 5.1996e+00  1024.0191    13.3052    23.9861     8.6293    263.352    8.57862  261.80590    100.591 0.0000e+00
   40.15244  -72.18702      7.445      7.388    13.3067    31.9692      8.036     0.1491 5.1559e+00  1024.0192    13.3057    23.9859     8.6290    263.342    8.57853  261.80337    100.588 0.0000e+00
   40.15244  -72.18702      7.466      7.408    13.3079    31.9689      8.041     0.1491 5.1458e+00  1024.0187    13.3069    23.9854     8.6287    263.336    8.57856  261.80409    100.585 0.0000e+00
   40.15244  -72.18702      7.499      7.441    13.3086    31.9685      8.036     0.1491 5.0739e+00  1024.0184    13.3076    23.9850     8.6286    263.331    8.57858  261.80488    100.583 0.0000e+00
   40.15244  -72.18702      7.516      7.459    13.3092    31.9681      8.036     0.1491 5.0356e+00  1024.0179    13.3082    23.9846     8.6284    263.327    8.57861  261.80564    100.581 0.0000e+00
   40.15244  -72.18702      7.547      7.489    13.3090    31.9678      8.041     0.1491 5.0356e+00  1024.0181    13.3079    23.9843     8.6283    263.321    8.57857  261.80443    100.579 0.0000e+00
   40.15244  -72.18702      7.569      7.510    13.3092    31.9674      8.036     0.1491 4.9835e+00  1024.0177    13.3082    23.9840     8.6229    263.158    8.57859  261.80509    100.517 0.0000e+00
   40.15244  -72.18702      7.586      7.528    13.3090    31.9671      8.041     0.1491 4.9458e+00  1024.0177    13.3080    23.9838     8.6275    263.298    8.57859  261.80524    100.570 0.0000e+00
   40.15244  -72.18702      7.607      7.549    13.3090    31.9668      8.041     0.1491 4.9501e+00  1024.0174    13.3079    23.9836     8.6275    263.299    8.57864  261.80669    100.570 0.0000e+00
   40.15244  -72.18702      7.630      7.572    13.3084    31.9668      8.036     0.1491 4.9127e+00  1024.0173    13.3074    23.9835     8.6275    263.299    8.57867  261.80774    100.570 0.0000e+00
   40.15244  -72.18702      7.648      7.589    13.3080    31.9668      8.041     0.1491 4.8714e+00  1024.0179    13.3069    23.9837     8.6276    263.302    8.57874  261.80969    100.570 0.0000e+00
   40.15244  -72.18702      7.679      7.619    13.3072    31.9668      8.041     0.1491 4.8756e+00  1024.0181    13.3062    23.9839     8.6277    263.305    8.57880  261.81163    100.570 0.0000e+00
   40.15244  -72.18702      7.691      7.632    13.3066    31.9669      8.041     0.1491 4.8935e+00  1024.0184    13.3056    23.9842     8.6279    263.310    8.57888  261.81412    100.571 0.0000e+00
   40.15244  -72.18702      7.698      7.639    13.3060    31.9671      8.041     0.1491 4.8840e+00  1024.0186    13.3050    23.9844     8.6281    263.315    8.57894  261.81591    100.573 0.0000e+00
   40.15244  -72.18702      7.729      7.670    13.3054    31.9674      8.041     0.1491 4.8840e+00  1024.0193    13.3043    23.9847     8.6283    263.321    8.57902  261.81827    100.574 0.0000e+00
   40.15244  -72.18702      7.751      7.692    13.3052    31.9675      8.041     0.1491 4.8882e+00  1024.0196    13.3042    23.9850     8.6285    263.328    8.57908  261.82001    100.576 0.0000e+00
   40.15244  -72.18702      7.760      7.700    13.3054    31.9675      8.041     0.1491 4.8924e+00  1024.0195    13.3043    23.9850     8.6294    263.355    8.57915  261.82231    100.585 0.0000e+00
   40.15244  -72.18702      7.769      7.710    13.3046    31.9675      8.041     0.1491 4.9104e+00  1024.0195    13.3035    23.9850     8.6298    263.368    8.57935  261.82818    100.588 -9.990e-29
   40.15244  -72.18702      7.761      7.701    13.3040    31.9674      8.041     0.1491 4.9147e+00  1024.0199    13.3030    23.9850     8.6302    263.380    8.57948  261.83181    100.591 -9.990e-29
   40.15244  -72.18702      7.820      7.760    13.3042    31.9674      8.036     0.1491 4.9328e+00  1024.0195    13.3032    23.9850     8.6251    263.225    8.57938  261.82877    100.533 -9.990e-29
   40.15244  -72.18702      7.800      7.740    13.3033    31.9674      8.041     0.1491 4.9510e+00  1024.0200    13.3023    23.9851     8.6247    263.213    8.57923  261.82411    100.531 -9.990e-29
   40.15244  -72.18702      7.809      7.749    13.3027    31.9675      8.041     0.1491 4.9596e+00  1024.0200    13.3017    23.9853     8.6245    263.207    8.57923  261.82423    100.528 0.0000e+00
   40.15244  -72.18702      7.823      7.763    13.3016    31.9678      8.041     0.1491 4.9919e+00  1024.0208    13.3006    23.9857     8.6245    263.205    8.57929  261.82637    100.527 0.0000e+00
   40.15244  -72.18702      7.841      7.780    13.3017    31.9682      8.036     0.1625 5.0103e+00  1024.0210    13.3006    23.9862     8.6252    263.226    8.57944  261.83084    100.533 -9.990e-29
   40.15244  -72.18702      7.830      7.770    13.3010    31.9684      8.041     0.1625 5.0147e+00  1024.0216    13.2999    23.9865     8.6251    263.225    8.57942  261.83009    100.533 -9.990e-29
   40.15244  -72.18702      7.842      7.782    13.3009    31.9684      8.041     0.1625 5.0473e+00  1024.0217    13.2998    23.9866     8.6251    263.224    8.57937  261.82855    100.533 0.0000e+00
   40.15244  -72.18702      7.860      7.800    13.3008    31.9686      8.041     0.1625 5.0517e+00  1024.0213    13.2998    23.9866     8.6251    263.225    8.57931  261.82669    100.534 -9.990e-29
   40.15244  -72.18702      7.860      7.800    13.3001    31.9686      8.041     0.1625 5.0561e+00  1024.0217    13.2991    23.9866     8.6254    263.233    8.57943  261.83056    100.535 -9.990e-29
   40.15244  -72.18702      7.860      7.800    13.3000    31.9686      8.036     0.1625 5.0748e+00  1024.0217    13.2989    23.9868     8.6250    263.222    8.57952  261.83325    100.531 -9.990e-29
   40.15244  -72.18702      7.853      7.793    13.2995    31.9688      8.041     0.1625 5.0792e+00  1024.0222    13.2984    23.9870     8.6254    263.235    8.57971  261.83885    100.533 -9.990e-29
   40.15244  -72.18702      7.871      7.810    13.2995    31.9690      8.036     0.1625 5.0837e+00  1024.0222    13.2984    23.9872     8.6258    263.246    8.57980  261.84180    100.536 -9.990e-29
   40.15244  -72.18702      7.860      7.800    13.2991    31.9693      8.036     0.1625 5.0738e+00  1024.0226    13.2981    23.9874     8.6264    263.265    8.58007  261.85006    100.540 -9.990e-29
   40.15244  -72.18702      7.863      7.802    13.2990    31.9694      8.041     0.1625 5.0640e+00  1024.0226    13.2980    23.9875     8.6316    263.422    8.58022  261.85458    100.599 0.0000e+00
   40.15244  -72.18702      7.871      7.810    13.2993    31.9694      8.036     0.1625 5.0684e+00  1024.0225    13.2983    23.9875     8.6274    263.295    8.58035  261.85835    100.549 -9.990e-29
   40.15244  -72.18702      7.850      7.790    13.2997    31.9696      8.041     0.1625 5.0729e+00  1024.0227    13.2986    23.9875     8.6279    263.310    8.58042  261.86022    100.554 -9.990e-29
   40.15244  -72.18702      7.871      7.810    13.3003    31.9697      8.036     0.1625 5.0917e+00  1024.0224    13.2992    23.9875     8.6285    263.326    8.58047  261.86167    100.559 -9.990e-29
   40.15244  -72.18702      7.853      7.793    13.3010    31.9697      8.041     0.1625 5.0961e+00  1024.0227    13.3000    23.9876     8.6284    263.325    8.58055  261.86414    100.558 -9.990e-29
   40.15244  -72.18702      7.860      7.799    13.3016    31.9697      8.041     0.1625 5.1006e+00  1024.0228    13.3006    23.9875     8.6284    263.325    8.58060  261.86551    100.557 -9.990e-29
   40.15244  -72.18702      7.871      7.810    13.3026    31.9697      8.036     0.1625 5.1051e+00  1024.0221    13.3015    23.9872     8.6231    263.162    8.58057  261.86451    100.496 -9.990e-29
   40.15244  -72.18702      7.853      7.793    13.3029    31.9694      8.036     0.1625 5.1096e+00  1024.0218    13.3018    23.9868     8.6284    263.324    8.58059  261.86506    100.557 -9.990e-29
   40.15244  -72.18702      7.871      7.810    13.3036    31.9690      8.041     0.1625 5.1285e+00  1024.0215    13.3025    23.9864     8.6284    263.325    8.58053  261.86325    100.558 -9.990e-29
   40.15244  -72.18702      7.860      7.799    13.3044    31.9686      8.036     0.1625 5.1475e+00  1024.0208    13.3033    23.9859     8.6284    263.324    8.58042  261.85985    100.559 -9.990e-29
   40.15244  -72.18702      7.853      7.793    13.3049    31.9683      8.041     0.1625 5.1620e+00  1024.0207    13.3038    23.9856     8.6335    263.479    8.58019  261.85263    100.621 -9.990e-29
   40.15244  -72.18702      7.871      7.810    13.3048    31.9682      8.041     0.1625 5.1811e+00  1024.0202    13.3038    23.9854     8.6288    263.336    8.58004  261.84854    100.568 -9.990e-29
   40.15244  -72.18702      7.850      7.790    13.3045    31.9682      8.036     0.1625 5.2297e+00  1024.0205    13.3034    23.9855     8.6290    263.342    8.58009  261.85035    100.570 -9.990e-29
   40.15244  -72.18702      7.841      7.780    13.3041    31.9682      8.041     0.1625 5.2490e+00  1024.0207    13.3030    23.9857     8.6291    263.347    8.58014  261.85166    100.571 -9.990e-29
   40.15244  -72.18702      7.853      7.793    13.3039    31.9684      8.041     0.1625 5.2638e+00  1024.0207    13.3028    23.9858     8.6292    263.349    8.58002  261.84775    100.573 -9.990e-29
   40.15244  -72.18702      7.850      7.790    13.3034    31.9686      8.041     0.1625 5.2982e+00  1024.0213    13.3023    23.9860     8.6293    263.352    8.57992  261.84495    100.576 -9.990e-29
   40.15244  -72.18702      7.841      7.780    13.3044    31.9686      8.041     0.1625 5.3131e+00  1024.0210    13.3033    23.9860     8.6289    263.340    8.57991  261.84491    100.571 -9.990e-29
   40.15244  -72.18702      7.842      7.782    13.3049    31.9686      8.041     0.1625 5.3178e+00  1024.0208    13.3038    23.9858     8.6292    263.349    8.57998  261.84705    100.574 -9.990e-29
   40.15244  -72.18702      7.841      7.780    13.3048    31.9684      8.036     0.1625 5.3629e+00  1024.0206    13.3038    23.9856     8.6346    263.513    8.57988  261.84362    100.637 -9.990e-29
   40.15244  -72.18702      7.860      7.799    13.3048    31.9684      8.036     0.1625 5.3980e+00  1024.0205    13.3037    23.9856     8.6299    263.370    8.57964  261.83601    100.586 -9.990e-29
   40.15244  -72.18702      7.850      7.790    13.3045    31.9684      8.036     0.1625 5.3980e+00  1024.0208    13.3034    23.9857     8.6298    263.368    8.57933  261.82680    100.589 -9.990e-29
   40.15244  -72.18702      7.853      7.793    13.3048    31.9684      8.041     0.1625 5.4332e+00  1024.0207    13.3037    23.9857     8.6352    263.531    8.57914  261.82139    100.653 -9.990e-29
   40.15242  -72.18704      7.871      7.810    13.3045    31.9684      8.036     0.1625 5.4486e+00  1024.0211    13.3034    23.9856     8.6306    263.393    8.57899  261.81679    100.602 0.0000e+00
   40.15242  -72.18704      7.881      7.820    13.3048    31.9680      8.036     0.1625 5.4486e+00  1024.0203    13.3038    23.9854     8.6301    263.377    8.57881  261.81125    100.598 0.0000e+00
   40.15242  -72.18704      7.893      7.832    13.3046    31.9678      8.041     0.1625 5.4534e+00  1024.0203    13.3035    23.9852     8.6354    263.539    8.57860  261.80475    100.662 0.0000e+00
   40.15242  -72.18704      7.901      7.840    13.3044    31.9677      8.041     0.1625 5.4534e+00  1024.0205    13.3033    23.9852     8.6361    263.560    8.57841  261.79940    100.673 0.0000e+00
   40.15242  -72.18704      7.922      7.861    13.3041    31.9677      8.036     0.1625 5.4381e+00  1024.0205    13.3030    23.9852     8.6368    263.582    8.57825  261.79463    100.683 0.0000e+00
   40.15242  -72.18704      7.931      7.870    13.3037    31.9677      8.041     0.1625 5.4429e+00  1024.0207    13.3026    23.9853     8.6376    263.606    8.57813  261.79116    100.693 0.0000e+00
   40.15242  -72.18704      7.955      7.894    13.3032    31.9677      8.041     0.1625 5.4429e+00  1024.0209    13.3021    23.9854     8.6383    263.629    8.57800  261.78727    100.703 0.0000e+00
