CalculateIndicators/WaterTemperature/Data/CTD_NYOS/20231005_C18.cnv
* Sea-Bird SBE 9 Data File:
* FileName = C:\Seabird 9 CTD\Data\2023\202309_offshore\20231005_C18.hex
* Software Version Seasave V 7.23.2
* Temperature SN = 4590
* Conductivity SN = 3228
* Number of Bytes Per Scan = 44
* Number of Voltage Words = 5
* Number of Scans Averaged by the Deck Unit = 1
* NMEA Latitude = 40 46.52 N
* NMEA Longitude = 072 34.66 W
* NMEA UTC (Time) = Oct 05 2023  01:36:13
* NMEA baud rate = 4800
** Ship: seawolf
** Station: 10.1
** Operator: sjw
# nquan = 18
# nvalues = 6882                        
# units = specified
# name 0 = latitude: Latitude [deg]
# name 1 = longitude: Longitude [deg]
# name 2 = prDM: Pressure, Digiquartz [db]
# name 3 = depSM: Depth [salt water, m]
# name 4 = t090C: Temperature [ITS-90, deg C]
# name 5 = sal00: Salinity, Practical [PSU]
# name 6 = ph: pH
# name 7 = flECO-AFL: Fluorescence, WET Labs ECO-AFL/FL [mg/m^3]
# name 8 = cpar: CPAR/Corrected Irradiance [%]
# name 9 = density00: Density [density, kg/m^3]
# name 10 = potemp090C: Potential Temperature [ITS-90, deg C]
# name 11 = sigma-é00: Density [sigma-theta, kg/m^3]
# name 12 = sbeox0Mg/L: Oxygen, SBE 43 [mg/l]
# name 13 = sbox0Mm/Kg: Oxygen, SBE 43 [umol/kg]
# name 14 = oxsolMg/L: Oxygen Saturation, Garcia & Gordon [mg/l]
# name 15 = oxsolMm/Kg: Oxygen Saturation, Garcia & Gordon [umol/kg]
# name 16 = sbeox0PS: Oxygen, SBE 43 [% saturation]
# name 17 = flag:  0.000e+00
# span 0 =   40.77542,   40.77550       
# span 1 =  -72.57790,  -72.57766       
# span 2 =      2.004,     18.743       
# span 3 =      1.989,     18.597       
# span 4 =    17.4878,    19.0119       
# span 5 =    31.0120,    31.5783       
# span 6 =      7.786,      7.966       
# span 7 =     0.4714,     1.8145       
# span 8 = 5.0640e-11, 9.9999e+04       
# span 9 =  1022.0041,  1022.8587       
# span 10 =    17.4848,    19.0115      
# span 11 =    21.9912,    22.7764      
# span 12 =     5.6879,     8.5558      
# span 13 =    173.795,    261.568      
# span 14 =    7.71119,    7.91232      
# span 15 =  235.79137,  241.75702      
# span 16 =     71.920,    110.653      
# span 17 = 0.0000e+00, 0.0000e+00      
# interval = seconds: 0.0416667
# start_time = Oct 05 2023 01:36:15 [System UTC, first data scan.]
# bad_flag = -9.990e-29
*END*
[from data line 2011]
   40.77544  -72.57776     18.347     18.205    17.5030    31.5686      7.790     0.6326 5.0640e-11  1022.8457    17.5000    22.7652     5.8375    178.362    7.91077  241.71185     73.791 -9.990e-29
   40.77544  -72.57776     18.357     18.214    17.5026    31.5686      7.790     0.6326 9.9999e+04  1022.8456    17.4996    22.7654     5.8431    178.534    7.91079  241.71250     73.862 -9.990e-29
   40.77544  -72.57776     18.367     18.224    17.5022    31.5690      7.790     0.6326 5.0640e-11  1022.8463    17.4992    22.7659     5.8444    178.576    7.91089  241.71574     73.878 -9.990e-29
   40.77544  -72.57776     18.347     18.205    17.5013    31.5695      7.790     0.6326 5.0640e-11  1022.8469    17.4983    22.7663     5.8454    178.604    7.91100  241.71891     73.889 -9.990e-29
   40.77544  -72.57776     18.367     18.224    17.5011    31.5696      7.790     0.6326 9.9999e+04  1022.8472    17.4981    22.7667     5.8416    178.487    7.91115  241.72320     73.840 -9.990e-29
   40.77544  -72.57776     18.367     18.224    17.5009    31.5696      7.790     0.6326 5.0640e-11  1022.8475    17.4979    22.7667     5.8420    178.501    7.91127  241.72680     73.844 -9.990e-29
   40.77544  -72.57776     18.367     18.224    17.5015    31.5698      7.795     0.6326 5.0640e-11  1022.8468    17.4985    22.7665     5.8424    178.514    7.91135  241.72915     73.849 -9.990e-29
   40.77544  -72.57776     18.378     18.235    17.5016    31.5698      7.790     0.6326 9.9999e+04  1022.8469    17.4986    22.7664     5.8476    178.670    7.91136  241.72940     73.913 -9.990e-29
   40.77544  -72.57776     18.378     18.235    17.5015    31.5698      7.790     0.6729 5.0640e-11  1022.8471    17.4985    22.7666     5.8484    178.695    7.91141  241.73067     73.923 -9.990e-29
   40.77544  -72.57776     18.378     18.235    17.5006    31.5701      7.790     0.6863 5.0640e-11  1022.8476    17.4976    22.7671     5.8492    178.720    7.91144  241.73169     73.933 -9.990e-29
   40.77544  -72.57776     18.378     18.235    17.4999    31.5706      7.790     0.6863 5.0640e-11  1022.8481    17.4969    22.7675     5.8500    178.745    7.91153  241.73418     73.943 -9.990e-29
   40.77544  -72.57776     18.378     18.235    17.4994    31.5710      7.790     0.6863 5.0640e-11  1022.8486    17.4964    22.7680     5.8508    178.770    7.91161  241.73647     73.952 -9.990e-29
   40.77544  -72.57776     18.398     18.255    17.4990    31.5714      7.790     0.6863 5.0640e-11  1022.8489    17.4960    22.7684     5.8516    178.793    7.91169  241.73902     73.961 -9.990e-29
   40.77544  -72.57776     18.378     18.235    17.4986    31.5717      7.790     0.6863 9.9999e+04  1022.8494    17.4956    22.7687     5.8518    178.800    7.91167  241.73808     73.964 -9.990e-29
   40.77544  -72.57776     18.387     18.244    17.4983    31.5719      7.790     0.6863 5.0640e-11  1022.8495    17.4953    22.7689     5.8525    178.821    7.91169  241.73876     73.973 -9.990e-29
   40.77544  -72.57776     18.398     18.255    17.4982    31.5719      7.790     0.6863 5.0640e-11  1022.8498    17.4952    22.7691     5.8532    178.841    7.91173  241.73994     73.981 -9.990e-29
   40.77544  -72.57776     18.387     18.244    17.4980    31.5719      7.790     0.6863 5.0640e-11  1022.8498    17.4950    22.7691     5.8539    178.863    7.91187  241.74392     73.989 -9.990e-29
   40.77544  -72.57776     18.398     18.255    17.4985    31.5719      7.790     0.6863 5.0640e-11  1022.8493    17.4955    22.7690     5.8593    179.028    7.91194  241.74604     74.056 -9.990e-29
   40.77544  -72.57776     18.408     18.265    17.4983    31.5719      7.790     0.6863 5.0640e-11  1022.8497    17.4953    22.7690     5.8556    178.915    7.91197  241.74702     74.009 -9.990e-29
   40.77544  -72.57776     18.398     18.255    17.4982    31.5719      7.795     0.6863 9.9999e+04  1022.8498    17.4952    22.7690     5.8605    179.064    7.91205  241.74943     74.070 -9.990e-29
   40.77544  -72.57776     18.408     18.265    17.4987    31.5716      7.790     0.6863 5.0640e-11  1022.8493    17.4957    22.7687     5.8610    179.080    7.91209  241.75049     74.076 -9.990e-29
   40.77544  -72.57776     18.398     18.255    17.4990    31.5714      7.795     0.6863 9.9999e+04  1022.8490    17.4960    22.7684     5.8619    179.108    7.91215  241.75214     74.088 -9.990e-29
   40.77544  -72.57776     18.408     18.265    17.4992    31.5712      7.790     0.6729 5.0640e-11  1022.8490    17.4962    22.7682     5.8576    178.975    7.91215  241.75218     74.032 -9.990e-29
   40.77544  -72.57776     18.418     18.274    17.4996    31.5711      7.790     0.6863 5.0640e-11  1022.8487    17.4966    22.7681     5.8622    179.117    7.91217  241.75269     74.091 -9.990e-29
   40.77544  -72.57776     18.418     18.274    17.4992    31.5710      7.790     0.6729 5.0640e-11  1022.8490    17.4961    22.7681     5.8625    179.127    7.91223  241.75426     74.095 -9.990e-29
   40.77544  -72.57776     18.418     18.274    17.4996    31.5709      7.790     0.6863 5.0640e-11  1022.8486    17.4966    22.7680     5.8628    179.136    7.91232  241.75702     74.097 -9.990e-29
   40.77544  -72.57776     18.418     18.274    17.4996    31.5708      7.795     0.6863 5.0640e-11  1022.8486    17.4966    22.7679     5.8630    179.140    7.91230  241.75644     74.099 -9.990e-29
   40.77544  -72.57776     18.429     18.285    17.4997    31.5708      7.790     0.6863 5.0640e-11  1022.8487    17.4967    22.7679     5.8678    179.287    7.91223  241.75467     74.161 -9.990e-29
   40.77544  -72.57776     18.438     18.295    17.4999    31.5708      7.790     0.6863 5.0640e-11  1022.8486    17.4969    22.7677     5.8682    179.302    7.91221  241.75393     74.167 -9.990e-29
   40.77544  -72.57776     18.438     18.295    17.5004    31.5706      7.790     0.6729 9.9999e+04  1022.8480    17.4974    22.7675     5.8686    179.313    7.91216  241.75237     74.172 -9.990e-29
   40.77544  -72.57776     18.438     18.295    17.5003    31.5705      7.790     0.6863 5.0640e-11  1022.8484    17.4973    22.7674     5.8637    179.163    7.91212  241.75124     74.110 -9.990e-29
   40.77544  -72.57776     18.438     18.295    17.5006    31.5705      7.790     0.6863 5.0640e-11  1022.8481    17.4976    22.7674     5.8630    179.143    7.91209  241.75057     74.102 -9.990e-29
   40.77544  -72.57776     18.459     18.315    17.5006    31.5705      7.795     0.7132 5.0640e-11  1022.8484    17.4976    22.7673     5.8627    179.133    7.91205  241.74933     74.099 -9.990e-29
   40.77544  -72.57776     18.448     18.304    17.5009    31.5704      7.790     0.7400 5.0640e-11  1022.8479    17.4979    22.7672     5.8671    179.267    7.91197  241.74702     74.155 -9.990e-29
   40.77544  -72.57776     18.468     18.325    17.5008    31.5704      7.790     0.7400 5.0640e-11  1022.8482    17.4978    22.7672     5.8623    179.120    7.91185  241.74344     74.095 -9.990e-29
   40.77544  -72.57776     18.468     18.325    17.5008    31.5704      7.790     0.7400 5.0640e-11  1022.8482    17.4978    22.7672     5.8668    179.258    7.91152  241.73382     74.155 -9.990e-29
   40.77544  -72.57776     18.479     18.336    17.5007    31.5703      7.790     0.7400 5.0640e-11  1022.8482    17.4977    22.7672     5.8667    179.254    7.91139  241.73005     74.155 -9.990e-29
   40.77544  -72.57776     18.468     18.325    17.5009    31.5702      7.790     0.7400 5.0640e-11  1022.8480    17.4979    22.7671     5.8665    179.248    7.91135  241.72885     74.153 -9.990e-29
   40.77544  -72.57776     18.499     18.355    17.5008    31.5701      7.790     0.7400 5.0640e-11  1022.8480    17.4978    22.7670     5.8663    179.243    7.91139  241.73020     74.150 -9.990e-29
   40.77544  -72.57776     18.489     18.345    17.5008    31.5701      7.790     0.7266 5.0640e-11  1022.8480    17.4978    22.7670     5.8660    179.234    7.91139  241.73009     74.146 -9.990e-29
   40.77544  -72.57776     18.510     18.366    17.5009    31.5700      7.790     0.7400 5.0640e-11  1022.8482    17.4979    22.7669     5.8655    179.219    7.91122  241.72520     74.142 -9.990e-29
   40.77544  -72.57776     18.510     18.366    17.5011    31.5700      7.790     0.7400 5.0640e-11  1022.8478    17.4981    22.7669     5.8654    179.216    7.91105  241.72006     74.142 -9.990e-29
   40.77544  -72.57776     18.519     18.375    17.5010    31.5700      7.790     0.7400 5.0640e-11  1022.8481    17.4980    22.7669     5.8700    179.358    7.91093  241.71676     74.202 -9.990e-29
   40.77544  -72.57776     18.529     18.385    17.5009    31.5701      7.795     0.7400 9.9999e+04  1022.8482    17.4979    22.7670     5.8704    179.368    7.91091  241.71613     74.206 -9.990e-29
   40.77544  -72.57776     18.540     18.396    17.5009    31.5701      7.790     0.7400 9.9999e+04  1022.8483    17.4979    22.7670     5.8706    179.376    7.91089  241.71545     74.209 -9.990e-29
   40.77544  -72.57776     18.540     18.396    17.5009    31.5701      7.790     0.7400 5.0640e-11  1022.8482    17.4979    22.7670     5.8708    179.381    7.91088  241.71500     74.212 -9.990e-29
   40.77544  -72.57776     18.561     18.416    17.5009    31.5701      7.790     0.7400 5.0640e-11  1022.8483    17.4979    22.7670     5.8709    179.384    7.91084  241.71388     74.214 -9.990e-29
   40.77544  -72.57776     18.559     18.415    17.5009    31.5701      7.790     0.7400 9.9999e+04  1022.8483    17.4979    22.7670     5.8715    179.401    7.91089  241.71535     74.220 -9.990e-29
   40.77546  -72.57778     18.570     18.426    17.5007    31.5701      7.790     0.7266 5.0640e-11  1022.8485    17.4977    22.7670     5.8715    179.401    7.91090  241.71561     74.220 -9.990e-29
   40.77546  -72.57778     18.580     18.435    17.5006    31.5701      7.790     0.7400 5.0640e-11  1022.8485    17.4976    22.7671     5.8714    179.398    7.91087  241.71479     74.219 -9.990e-29
   40.77546  -72.57778     18.591     18.446    17.4999    31.5703      7.790     0.7400 5.0640e-11  1022.8486    17.4969    22.7674     5.8764    179.551    7.91083  241.71353     74.283 -9.990e-29
   40.77546  -72.57778     18.601     18.456    17.4990    31.5707      7.790     0.7400 5.0640e-11  1022.8493    17.4960    22.7679     5.8723    179.427    7.91081  241.71311     74.232 -9.990e-29
   40.77546  -72.57778     18.610     18.465    17.4979    31.5713      7.790     0.7400 5.0640e-11  1022.8502    17.4948    22.7686     5.8772    179.576    7.91078  241.71207     74.294 -9.990e-29
   40.77546  -72.57778     18.610     18.465    17.4968    31.5718      7.790     0.7400 5.0640e-11  1022.8510    17.4938    22.7692     5.8772    179.577    7.91071  241.70996     74.295 -9.990e-29
   40.77546  -72.57778     18.631     18.486    17.4964    31.5721      7.790     0.7400 9.9999e+04  1022.8511    17.4933    22.7695     5.8772    179.577    7.91068  241.70934     74.294 -9.990e-29
   40.77546  -72.57778     18.642     18.497    17.4961    31.5723      7.795     0.7266 5.0640e-11  1022.8516    17.4931    22.7698     5.8770    179.572    7.91060  241.70692     74.293 -9.990e-29
   40.77546  -72.57778     18.642     18.497    17.4958    31.5726      7.795     0.7266 5.0640e-11  1022.8518    17.4927    22.7701     5.8773    179.579    7.91058  241.70626     74.297 -9.990e-29
   40.77546  -72.57778     18.642     18.497    17.4954    31.5730      7.795     0.6998 5.0640e-11  1022.8522    17.4924    22.7706     5.8775    179.585    7.91056  241.70590     74.299 -9.990e-29
   40.77546  -72.57778     18.661     18.516    17.4947    31.5735      7.790     0.6998 5.0640e-11  1022.8527    17.4917    22.7711     5.8776    179.588    7.91053  241.70482     74.301 -9.990e-29
   40.77546  -72.57778     18.672     18.527    17.4940    31.5739      7.790     0.6998 5.0640e-11  1022.8536    17.4909    22.7715     5.8824    179.735    7.91054  241.70510     74.361 -9.990e-29
   40.77546  -72.57778     18.672     18.527    17.4934    31.5743      7.790     0.6998 5.0640e-11  1022.8537    17.4903    22.7719     5.8827    179.746    7.91051  241.70423     74.366 -9.990e-29
   40.77546  -72.57778     18.682     18.536    17.4934    31.5746      7.790     0.6998 5.0640e-11  1022.8542    17.4903    22.7722     5.8831    179.756    7.91051  241.70440     74.370 -9.990e-29
   40.77546  -72.57778     18.691     18.546    17.4932    31.5749      7.790     0.6998 5.0640e-11  1022.8544    17.4901    22.7725     5.8832    179.762    7.91048  241.70350     74.373 -9.990e-29
   40.77546  -72.57778     18.691     18.546    17.4929    31.5752      7.790     0.6998 9.9999e+04  1022.8546    17.4898    22.7729     5.8833    179.764    7.91042  241.70174     74.374 -9.990e-29
   40.77546  -72.57778     18.702     18.557    17.4918    31.5756      7.790     0.6863 9.9999e+04  1022.8553    17.4887    22.7734     5.8786    179.619    7.91037  241.70037     74.315 -9.990e-29
   40.77546  -72.57778     18.702     18.557    17.4912    31.5760      7.790     0.6998 5.0640e-11  1022.8558    17.4881    22.7738     5.8828    179.748    7.91032  241.69897     74.368 -9.990e-29
   40.77546  -72.57778     18.712     18.566    17.4908    31.5764      7.790     0.6998 5.0640e-11  1022.8564    17.4877    22.7743     5.8831    179.757    7.91029  241.69801     74.373 -9.990e-29
   40.77546  -72.57778     18.712     18.566    17.4902    31.5768      7.790     0.6998 5.0640e-11  1022.8565    17.4872    22.7747     5.8827    179.746    7.91010  241.69244     74.370 -9.990e-29
   40.77546  -72.57778     18.723     18.577    17.4898    31.5771      7.795     0.6998 5.0640e-11  1022.8572    17.4867    22.7750     5.8827    179.747    7.90991  241.68718     74.372 -9.990e-29
   40.77546  -72.57778     18.723     18.577    17.4894    31.5772      7.795     0.6998 5.0640e-11  1022.8572    17.4864    22.7752     5.8826    179.744    7.90967  241.68048     74.373 -9.990e-29
   40.77546  -72.57778     18.723     18.577    17.4894    31.5774      7.790     0.6998 5.0640e-11  1022.8573    17.4863    22.7754     5.8825    179.741    7.90953  241.67643     74.373 -9.990e-29
   40.77546  -72.57778     18.723     18.577    17.4891    31.5778      7.790     0.6863 5.0640e-11  1022.8578    17.4860    22.7757     5.8819    179.723    7.90944  241.67376     74.366 -9.990e-29
   40.77544  -72.57776     18.733     18.587    17.4885    31.5783      7.790     0.6998 9.9999e+04  1022.8584    17.4855    22.7762     5.8818    179.717    7.90941  241.67274     74.364 -9.990e-29
   40.77544  -72.57776     18.723     18.577    17.4878    31.5783      7.795     0.6998 9.9999e+04  1022.8587    17.4848    22.7764     5.8815    179.710    7.90941  241.67286     74.361 -9.990e-29
   40.77544  -72.57776     18.722     18.576    17.4880    31.5783      7.790     0.6998 5.0640e-11  1022.8585    17.4850    22.7762     5.8812    179.701    7.90941  241.67276     74.357 -9.990e-29
   40.77544  -72.57776     18.733     18.587    17.4887    31.5779      7.790     0.6998 9.9999e+04  1022.8578    17.4856    22.7759     5.8808    179.690    7.90944  241.67364     74.352 -9.990e-29
   40.77544  -72.57776     18.723     18.577    17.4889    31.5776      7.795     0.6998 5.0640e-11  1022.8577    17.4858    22.7756     5.8810    179.693    7.90958  241.67758     74.352 -9.990e-29
   40.77544  -72.57776     18.723     18.577    17.4894    31.5772      7.790     0.6998 9.9999e+04  1022.8572    17.4863    22.7752     5.8857    179.838    7.90965  241.67959     74.412 -9.990e-29
   40.77544  -72.57776     18.712     18.566    17.4898    31.5770      7.795     0.6998 5.0640e-11  1022.8568    17.4867    22.7749     5.8814    179.705    7.90972  241.68169     74.356 -9.990e-29
