CalculateIndicators/WaterTemperature/Data/CTD_NYOS/20231004_C15.cnv
* Sea-Bird SBE 9 Data File:
* FileName = C:\Seabird 9 CTD\Data\2023\202309_offshore\20231004_C15.hex
* Software Version Seasave V 7.23.2
* Temperature SN = 4590
* Conductivity SN = 3228
* Number of Bytes Per Scan = 44
* Number of Voltage Words = 5
* Number of Scans Averaged by the Deck Unit = 1
* NMEA Latitude = 40 13.10 N
* NMEA Longitude = 072 41.38 W
* NMEA UTC (Time) = Oct 04 2023  17:43:12
* NMEA baud rate = 4800
** Ship: seawolf
** Station: 9.3
** Operator: TDK
# nquan = 18
# nvalues = 14738                       
# units = specified
# name 0 = latitude: Latitude [deg]
# name 1 = longitude: Longitude [deg]
# name 2 = prDM: Pressure, Digiquartz [db]
# name 3 = depSM: Depth [salt water, m]
# name 4 = t090C: Temperature [ITS-90, deg C]
# name 5 = sal00: Salinity, Practical [PSU]
# name 6 = ph: pH
# name 7 = flECO-AFL: Fluorescence, WET Labs ECO-AFL/FL [mg/m^3]
# name 8 = cpar: CPAR/Corrected Irradiance [%]
# name 9 = density00: Density [density, kg/m^3]
# name 10 = potemp090C: Potential Temperature [ITS-90, deg C]
# name 11 = sigma-é00: Density [sigma-theta, kg/m^3]
# name 12 = sbeox0Mg/L: Oxygen, SBE 43 [mg/l]
# name 13 = sbox0Mm/Kg: Oxygen, SBE 43 [umol/kg]
# name 14 = oxsolMg/L: Oxygen Saturation, Garcia & Gordon [mg/l]
# name 15 = oxsolMm/Kg: Oxygen Saturation, Garcia & Gordon [umol/kg]
# name 16 = sbeox0PS: Oxygen, SBE 43 [% saturation]
# name 17 = flag:  0.000e+00
# span 0 =   40.21800,   40.21848       
# span 1 =  -72.68974,  -72.68854       
# span 2 =      1.962,     50.562       
# span 3 =      1.947,     50.168       
# span 4 =    16.2598,    18.5177       
# span 5 =    31.9677,    33.1841       
# span 6 =      7.881,      8.018       
# span 7 =     0.0551,     0.5520       
# span 8 = 1.4431e-01, 1.7090e+02       
# span 9 =  1022.9117,  1024.4409       
# span 10 =    16.2520,    18.5114      
# span 11 =    22.9043,    24.2060      
# span 12 =     5.6287,     7.7690      
# span 13 =    171.783,    237.287      
# span 14 =    7.68615,    8.04542      
# span 15 =  234.62849,  245.53942      
# span 16 =     70.043,     99.036      
# span 17 = 0.0000e+00, 0.0000e+00      
# interval = seconds: 0.0416667
# start_time = Oct 04 2023 17:43:11 [System UTC, first data scan.]
# bad_flag = -9.990e-29
*END*
[from data line 13669]
   40.21806  -72.68866      2.453      2.434    17.8041    32.0670      8.002     0.0954 5.9458e+01  1023.0854    17.8037    23.0745     7.7176    235.738    7.84387  239.59542     98.390 -9.990e-29
   40.21806  -72.68866      2.462      2.443    17.8060    32.0653      8.002     0.0954 6.0250e+01  1023.0832    17.8056    23.0728     7.7183    235.761    7.84392  239.59662     98.399 -9.990e-29
   40.21806  -72.68866      2.443      2.424    17.8068    32.0635      8.002     0.0954 6.0760e+01  1023.0822    17.8064    23.0711     7.7186    235.770    7.84398  239.59860     98.402 -9.990e-29
   40.21806  -72.68866      2.443      2.424    17.8077    32.0614      8.002     0.0954 6.1275e+01  1023.0796    17.8073    23.0694     7.7190    235.780    7.84408  239.60172     98.405 -9.990e-29
   40.21806  -72.68866      2.443      2.424    17.8081    32.0599      8.002     0.0954 6.6294e+01  1023.0782    17.8076    23.0682     7.7193    235.790    7.84420  239.60554     98.408 -9.990e-29
   40.21806  -72.68866      2.422      2.404    17.8070    32.0599      8.002     0.1088 6.8955e+01  1023.0781    17.8066    23.0679     7.7197    235.803    7.84443  239.61263     98.410 -9.990e-29
   40.21806  -72.68866      2.432      2.413    17.8057    32.0599      8.002     0.0954 6.8761e+01  1023.0791    17.8053    23.0686     7.7202    235.818    7.84475  239.62225     98.412 -9.990e-29
   40.21806  -72.68866      2.432      2.413    17.8042    32.0607      7.997     0.1088 4.3360e+01  1023.0801    17.8038    23.0695     7.7206    235.829    7.84497  239.62895     98.414 -9.990e-29
   40.21806  -72.68866      2.422      2.404    17.8032    32.0616      7.997     0.1088 3.1380e+01  1023.0812    17.8028    23.0705     7.7214    235.855    7.84526  239.63734     98.422 -9.990e-29
   40.21806  -72.68866      2.411      2.393    17.8022    32.0624      8.002     0.0954 2.9916e+01  1023.0820    17.8018    23.0713     7.7218    235.867    7.84552  239.64505     98.423 -9.990e-29
   40.21806  -72.68866      2.422      2.404    17.8019    32.0630      7.997     0.0954 2.6212e+01  1023.0825    17.8014    23.0719     7.7227    235.892    7.84578  239.65260     98.431 -9.990e-29
   40.21806  -72.68866      2.411      2.393    17.8013    32.0634      8.002     0.0954 2.2839e+01  1023.0831    17.8009    23.0723     7.7230    235.901    7.84599  239.65883     98.432 -9.990e-29
   40.21806  -72.68866      2.411      2.393    17.8013    32.0637      7.997     0.0954 2.2143e+01  1023.0831    17.8009    23.0726     7.7233    235.910    7.84619  239.66479     98.433 -9.990e-29
   40.21806  -72.68866      2.422      2.404    17.8010    32.0637      8.002     0.0954 2.7188e+01  1023.0833    17.8006    23.0726     7.7229    235.898    7.84619  239.66440     98.429 -9.990e-29
   40.21806  -72.68866      2.411      2.393    17.8012    32.0637      8.002     0.0954 3.5314e+01  1023.0830    17.8008    23.0726     7.7228    235.897    7.84612  239.66240     98.429 -9.990e-29
   40.21806  -72.68866      2.411      2.393    17.8010    32.0637      8.002     0.1088 3.7673e+01  1023.0832    17.8006    23.0725     7.7229    235.900    7.84618  239.66443     98.429 -9.990e-29
   40.21806  -72.68866      2.411      2.393    17.8012    32.0637      7.997     0.0954 3.5215e+01  1023.0830    17.8008    23.0725     7.7229    235.900    7.84620  239.66521     98.429 -9.990e-29
   40.21806  -72.68866      2.411      2.393    17.8012    32.0637      7.997     0.0954 3.1380e+01  1023.0830    17.8008    23.0726     7.7225    235.888    7.84626  239.66711     98.423 -9.990e-29
   40.21806  -72.68866      2.422      2.404    17.8012    32.0637      8.002     0.1088 3.0425e+01  1023.0834    17.8008    23.0727     7.7221    235.875    7.84634  239.66954     98.417 -9.990e-29
   40.21806  -72.68866      2.422      2.404    17.8011    32.0637      7.997     0.1222 2.8280e+01  1023.0834    17.8007    23.0726     7.7221    235.876    7.84649  239.67398     98.415 -9.990e-29
   40.21806  -72.68866      2.422      2.404    17.8013    32.0635      8.002     0.1222 2.2501e+01  1023.0830    17.8009    23.0724     7.7222    235.876    7.84662  239.67788     98.414 -9.990e-29
   40.21806  -72.68866      2.422      2.404    17.8016    32.0632      8.002     0.1357 2.0681e+01  1023.0827    17.8012    23.0722     7.7174    235.732    7.84672  239.68045     98.353 -9.990e-29
   40.21806  -72.68866      2.422      2.404    17.8013    32.0629      7.997     0.1357 2.2501e+01  1023.0827    17.8009    23.0720     7.7170    235.718    7.84684  239.68371     98.345 -9.990e-29
   40.21806  -72.68866      2.433      2.415    17.8012    32.0628      8.002     0.1222 3.4210e+01  1023.0822    17.8008    23.0718     7.7164    235.701    7.84686  239.68431     98.338 -9.990e-29
   40.21806  -72.68866      2.432      2.413    17.8006    32.0628      8.002     0.1222 4.0840e+01  1023.0824    17.8002    23.0718     7.7112    235.539    7.84684  239.68336     98.271 -9.990e-29
   40.21806  -72.68866      2.432      2.413    17.8001    32.0628      8.002     0.1222 4.1302e+01  1023.0827    17.7997    23.0722     7.7102    235.509    7.84685  239.68365     98.258 -9.990e-29
   40.21806  -72.68866      2.443      2.424    17.7991    32.0632      8.002     0.1222 4.2960e+01  1023.0835    17.7986    23.0727     7.7135    235.609    7.84687  239.68449     98.300 -9.990e-29
   40.21806  -72.68866      2.432      2.413    17.7986    32.0635      8.002     0.1222 4.3937e+01  1023.0839    17.7982    23.0731     7.7082    235.450    7.84690  239.68564     98.233 -9.990e-29
   40.21806  -72.68866      2.443      2.424    17.7984    32.0637      7.997     0.1222 4.4309e+01  1023.0839    17.7980    23.0733     7.7069    235.408    7.84697  239.68767     98.215 -9.990e-29
   40.21806  -72.68866      2.453      2.434    17.7980    32.0639      8.002     0.1357 5.2011e+01  1023.0843    17.7976    23.0735     7.7054    235.363    7.84692  239.68624     98.196 -9.990e-29
   40.21806  -72.68866      2.462      2.443    17.7980    32.0639      8.002     0.1222 5.7713e+01  1023.0842    17.7976    23.0736     7.7042    235.327    7.84671  239.67968     98.184 -9.990e-29
   40.21806  -72.68866      2.453      2.434    17.7975    32.0639      7.997     0.1222 5.8530e+01  1023.0847    17.7971    23.0736     7.7029    235.288    7.84641  239.67017     98.171 -9.990e-29
   40.21806  -72.68866      2.462      2.443    17.7977    32.0635      8.002     0.1222 7.0465e+01  1023.0842    17.7973    23.0733     7.7017    235.251    7.84613  239.66178     98.159 -9.990e-29
   40.21806  -72.68866      2.464      2.445    17.7975    32.0626      8.002     0.1222 8.2480e+01  1023.0833    17.7971    23.0727     7.7004    235.212    7.84578  239.65071     98.148 -9.990e-29
   40.21806  -72.68866      2.473      2.454    17.7967    32.0620      7.997     0.1357 8.4594e+01  1023.0828    17.7963    23.0724     7.7037    235.312    7.84529  239.63612     98.196 -9.990e-29
   40.21806  -72.68866      2.483      2.464    17.7956    32.0620      8.002     0.1222 7.4331e+01  1023.0834    17.7952    23.0726     7.6982    235.142    7.84486  239.62325     98.130 -9.990e-29
   40.21806  -72.68866      2.492      2.473    17.7944    32.0620      8.002     0.1222 6.4221e+01  1023.0840    17.7940    23.0728     7.6969    235.106    7.84453  239.61377     98.119 -9.990e-29
   40.21806  -72.68866      2.483      2.464    17.7933    32.0620      8.002     0.1222 6.2090e+01  1023.0838    17.7929    23.0731     7.6963    235.085    7.84426  239.60593     98.113 -9.990e-29
   40.21806  -72.68866      2.503      2.484    17.7923    32.0620      8.002     0.1222 5.2452e+01  1023.0843    17.7919    23.0734     7.6952    235.054    7.84406  239.59990     98.103 -9.990e-29
   40.21806  -72.68866      2.503      2.484    17.7915    32.0624      7.997     0.1357 3.9043e+01  1023.0848    17.7911    23.0740     7.6947    235.037    7.84384  239.59358     98.098 -9.990e-29
   40.21806  -72.68866      2.503      2.484    17.7901    32.0630      8.002     0.1357 3.5814e+01  1023.0856    17.7896    23.0747     7.6937    235.008    7.84369  239.58938     98.088 -9.990e-29
   40.21806  -72.68866      2.523      2.503    17.7894    32.0639      8.002     0.1222 3.0917e+01  1023.0866    17.7889    23.0755     7.6980    235.141    7.84362  239.58750     98.144 -9.990e-29
   40.21806  -72.68866      2.523      2.503    17.7887    32.0649      8.002     0.1222 2.0278e+01  1023.0876    17.7883    23.0764     7.6935    235.002    7.84362  239.58775     98.086 -9.990e-29
   40.21806  -72.68866      2.524      2.505    17.7885    32.0653      8.002     0.1088 1.7386e+01  1023.0884    17.7881    23.0771     7.6979    235.137    7.84359  239.58700     98.143 -9.990e-29
   40.21806  -72.68866      2.534      2.514    17.7885    32.0653      8.002     0.1088 2.0698e+01  1023.0885    17.7881    23.0771     7.6980    235.141    7.84351  239.58456     98.145 -9.990e-29
   40.21806  -72.68866      2.534      2.514    17.7890    32.0653      8.002     0.0954 4.0874e+01  1023.0876    17.7886    23.0768     7.6940    235.019    7.84350  239.58391     98.095 -9.990e-29
   40.21806  -72.68866      2.554      2.535    17.7889    32.0650      8.002     0.0954 5.3539e+01  1023.0876    17.7885    23.0765     7.6943    235.028    7.84348  239.58334     98.099 -9.990e-29
   40.21806  -72.68866      2.545      2.525    17.7887    32.0650      7.997     0.0954 5.6477e+01  1023.0873    17.7883    23.0764     7.6942    235.022    7.84341  239.58116     98.097 -9.990e-29
   40.21806  -72.68866      2.543      2.524    17.7884    32.0649      7.997     0.0954 8.0035e+01  1023.0878    17.7879    23.0766     7.6945    235.034    7.84337  239.58025     98.102 -9.990e-29
   40.21806  -72.68866      2.564      2.544    17.7880    32.0648      8.002     0.0954 9.5009e+01  1023.0882    17.7876    23.0768     7.6992    235.177    7.84338  239.58035     98.162 -9.990e-29
   40.21806  -72.68866      2.554      2.535    17.7877    32.0648      8.002     0.1088 9.5277e+01  1023.0880    17.7872    23.0767     7.6997    235.192    7.84342  239.58168     98.168 -9.990e-29
   40.21806  -72.68866      2.554      2.535    17.7871    32.0642      8.002     0.1088 7.3149e+01  1023.0878    17.7867    23.0764     7.7002    235.206    7.84342  239.58135     98.174 -9.990e-29
   40.21806  -72.68866      2.575      2.555    17.7868    32.0634      8.002     0.1088 6.2493e+01  1023.0869    17.7863    23.0760     7.7007    235.221    7.84343  239.58191     98.180 -9.990e-29
   40.21806  -72.68866      2.554      2.535    17.7854    32.0633      8.002     0.0954 6.1447e+01  1023.0868    17.7850    23.0759     7.7012    235.238    7.84346  239.58276     98.187 -9.990e-29
   40.21806  -72.68866      2.564      2.544    17.7833    32.0633      8.002     0.0954 3.4723e+01  1023.0872    17.7829    23.0762     7.7017    235.254    7.84346  239.58267     98.193 -9.990e-29
   40.21806  -72.68866      2.573      2.554    17.7816    32.0633      7.997     0.1088 2.1127e+01  1023.0882    17.7812    23.0770     7.7070    235.415    7.84352  239.58459     98.260 -9.990e-29
   40.21806  -72.68866      2.564      2.544    17.7795    32.0641      8.002     0.0954 1.9309e+01  1023.0891    17.7791    23.0781     7.7034    235.306    7.84361  239.58730     98.213 -9.990e-29
   40.21806  -72.68866      2.564      2.544    17.7773    32.0652      8.002     0.0954 2.3709e+01  1023.0908    17.7769    23.0794     7.7086    235.465    7.84359  239.58658     98.280 -9.990e-29
   40.21806  -72.68866      2.564      2.544    17.7752    32.0664      7.997     0.1088 2.9357e+01  1023.0921    17.7748    23.0808     7.7050    235.353    7.84359  239.58687     98.233 -9.990e-29
   40.21806  -72.68866      2.564      2.544    17.7735    32.0674      8.002     0.1088 3.0795e+01  1023.0933    17.7731    23.0820     7.7104    235.517    7.84371  239.59032     98.300 -9.990e-29
   40.21806  -72.68866      2.564      2.544    17.7718    32.0681      8.002     0.0954 3.4655e+01  1023.0944    17.7714    23.0829     7.7068    235.410    7.84383  239.59399     98.254 -9.990e-29
   40.21806  -72.68866      2.575      2.555    17.7717    32.0681      7.997     0.1088 4.2193e+01  1023.0949    17.7713    23.0833     7.7122    235.572    7.84388  239.59532     98.321 -9.990e-29
   40.21806  -72.68866      2.554      2.535    17.7723    32.0681      8.002     0.0954 4.4634e+01  1023.0945    17.7718    23.0832     7.7132    235.605    7.84391  239.59613     98.334 -9.990e-29
   40.21806  -72.68866      2.564      2.544    17.7721    32.0678      8.002     0.0954 4.2550e+01  1023.0939    17.7717    23.0827     7.7190    235.780    7.84392  239.59650     98.407 -9.990e-29
   40.21806  -72.68866      2.554      2.535    17.7723    32.0673      8.002     0.0954 3.8486e+01  1023.0931    17.7718    23.0823     7.7159    235.685    7.84400  239.59910     98.366 -9.990e-29
   40.21806  -72.68866      2.554      2.535    17.7717    32.0673      8.002     0.0954 3.7210e+01  1023.0935    17.7713    23.0823     7.7217    235.865    7.84417  239.60449     98.439 -9.990e-29
   40.21806  -72.68866      2.564      2.544    17.7713    32.0673      8.002     0.0954 4.0598e+01  1023.0935    17.7708    23.0825     7.7234    235.914    7.84436  239.61038     98.458 -9.990e-29
   40.21806  -72.68866      2.543      2.524    17.7702    32.0674      7.997     0.0954 5.4849e+01  1023.0939    17.7698    23.0828     7.7250    235.966    7.84458  239.61725     98.476 -9.990e-29
   40.21806  -72.68866      2.543      2.524    17.7691    32.0680      8.002     0.0954 6.1550e+01  1023.0945    17.7687    23.0835     7.7267    236.016    7.84484  239.62493     98.494 -9.990e-29
   40.21806  -72.68866      2.543      2.524    17.7683    32.0689      7.997     0.0954 6.0913e+01  1023.0953    17.7679    23.0845     7.7235    235.919    7.84497  239.62847     98.452 -9.990e-29
   40.21806  -72.68866      2.543      2.524    17.7669    32.0703      8.002     0.1088 5.5986e+01  1023.0971    17.7665    23.0858     7.7288    236.080    7.84503  239.63050     98.518 -9.990e-29
   40.21806  -72.68866      2.534      2.514    17.7663    32.0717      8.002     0.0954 5.3976e+01  1023.0983    17.7658    23.0870     7.7252    235.970    7.84521  239.63586     98.470 -9.990e-29
   40.21806  -72.68866      2.523      2.503    17.7661    32.0722      8.002     0.0954 5.3976e+01  1023.0992    17.7656    23.0878     7.7259    235.990    7.84544  239.64248     98.476 -9.990e-29
   40.21806  -72.68866      2.523      2.503    17.7659    32.0722      8.002     0.1088 5.3674e+01  1023.0995    17.7654    23.0880     7.7260    235.992    7.84555  239.64511     98.476 -9.990e-29
   40.21806  -72.68866      2.523      2.503    17.7661    32.0722      8.002     0.0954 5.3523e+01  1023.0986    17.7656    23.0875     7.7305    236.131    7.84549  239.64353     98.534 -9.990e-29
   40.21806  -72.68866      2.503      2.484    17.7662    32.0713      8.002     0.0954 5.3373e+01  1023.0976    17.7658    23.0868     7.7314    236.160    7.84562  239.64813     98.544 -9.990e-29
   40.21806  -72.68866      2.503      2.484    17.7661    32.0713      8.002     0.0954 4.8918e+01  1023.0970    17.7656    23.0864     7.7319    236.176    7.84587  239.65626     98.548 -9.990e-29
   40.21806  -72.68866      2.503      2.484    17.7664    32.0713      8.002     0.0954 4.5726e+01  1023.0969    17.7660    23.0864     7.7325    236.195    7.84623  239.66730     98.551 -9.990e-29
   40.21806  -72.68862      2.492      2.473    17.7673    32.0719      7.997     0.1088 4.5214e+01  1023.0979    17.7669    23.0869     7.7378    236.354    7.84659  239.67850     98.613 -9.990e-29
