CalculateIndicators/WaterTemperature/Data/CTD_NYOS/20231003_C06.cnv
* Sea-Bird SBE 9 Data File:
* FileName = C:\Seabird 9 CTD\Data\2023\202309_offshore\20231003_C06.hex
* Software Version Seasave V 7.23.2
* Temperature SN = 4590
* Conductivity SN = 3228
* Number of Bytes Per Scan = 44
* Number of Voltage Words = 5
* Number of Scans Averaged by the Deck Unit = 1
* NMEA Latitude = 39 35.93 N
* NMEA Longitude = 072 44.90 W
* NMEA UTC (Time) = Oct 03 2023  17:38:18
* NMEA baud rate = 4800
** Ship: seawolf
** Station: 8.5
** Operator: TDK
# nquan = 18
# nvalues = 15641                       
# units = specified
# name 0 = latitude: Latitude [deg]
# name 1 = longitude: Longitude [deg]
# name 2 = prDM: Pressure, Digiquartz [db]
# name 3 = depSM: Depth [salt water, m]
# name 4 = t090C: Temperature [ITS-90, deg C]
# name 5 = sal00: Salinity, Practical [PSU]
# name 6 = ph: pH
# name 7 = flECO-AFL: Fluorescence, WET Labs ECO-AFL/FL [mg/m^3]
# name 8 = cpar: CPAR/Corrected Irradiance [%]
# name 9 = density00: Density [density, kg/m^3]
# name 10 = potemp090C: Potential Temperature [ITS-90, deg C]
# name 11 = sigma-é00: Density [sigma-theta, kg/m^3]
# name 12 = sbeox0Mg/L: Oxygen, SBE 43 [mg/l]
# name 13 = sbox0Mm/Kg: Oxygen, SBE 43 [umol/kg]
# name 14 = oxsolMg/L: Oxygen Saturation, Garcia & Gordon [mg/l]
# name 15 = oxsolMm/Kg: Oxygen Saturation, Garcia & Gordon [umol/kg]
# name 16 = sbeox0PS: Oxygen, SBE 43 [% saturation]
# name 17 = flag:  0.000e+00
# span 0 =   39.59882,   39.59898       
# span 1 =  -72.74882,  -72.74832       
# span 2 =      1.215,     66.391       
# span 3 =      1.206,     65.874       
# span 4 =    10.9029,    19.7470       
# span 5 =    32.4834,    33.4821       
# span 6 =      7.656,      8.043       
# span 7 =    -0.0255,     0.6595       
# span 8 = 2.9113e-02, 7.5624e+00       
# span 9 =  1023.4728,  1025.3030       
# span 10 =    10.8964,    19.7467      
# span 11 =    23.4696,    25.0065      
# span 12 =     4.3783,     7.2189      
# span 13 =    133.511,    220.387      
# span 14 =    7.50764,    8.98530      
# span 15 =  229.23317,  273.95987      
# span 16 =     49.481,     95.639      
# span 17 = 0.0000e+00, 0.0000e+00      
# interval = seconds: 0.0416667
# start_time = Oct 03 2023 17:38:21 [System UTC, first data scan.]
# bad_flag = -9.990e-29
*END*
[from data line 15518]
   39.59896  -72.74876      2.246      2.229    19.5304    33.2332 -9.990e-29     0.0282 2.7655e+00  1023.5463    19.5300    23.5363     7.1732    219.010    7.53636  230.09926     95.181 -9.990e-29
   39.59896  -72.74876      2.259      2.241    19.5301    33.2333 -9.990e-29     0.0282 2.7577e+00  1023.5470    19.5296    23.5369     7.1734    219.018    7.53635  230.09891     95.184 -9.990e-29
   39.59896  -72.74876      2.257      2.240    19.5295    33.2333 -9.990e-29     0.0282 2.7500e+00  1023.5467    19.5291    23.5369     7.1733    219.013    7.53635  230.09873     95.182 -9.990e-29
   39.59896  -72.74876      2.246      2.229    19.5285    33.2333 -9.990e-29     0.0282 2.7500e+00  1023.5466    19.5281    23.5369     7.1780    219.157    7.53637  230.09965     95.244 -9.990e-29
   39.59896  -72.74876      2.257      2.240    19.5278    33.2330 -9.990e-29     0.0282 2.7500e+00  1023.5466    19.5274    23.5369     7.1790    219.187    7.53639  230.10033     95.257 -9.990e-29
   39.59896  -72.74876      2.257      2.240    19.5269    33.2326 -9.990e-29     0.0282 2.7811e+00  1023.5467    19.5265    23.5368     7.1796    219.206    7.53648  230.10301     95.264 -9.990e-29
   39.59896  -72.74876      2.257      2.240    19.5261    33.2323 -9.990e-29     0.0282 2.8047e+00  1023.5462    19.5257    23.5366     7.1797    219.211    7.53651  230.10411     95.266 -9.990e-29
   39.59896  -72.74876      2.257      2.240    19.5245    33.2323 -9.990e-29     0.0282 2.8047e+00  1023.5463    19.5241    23.5368     7.1799    219.216    7.53660  230.10678     95.267 -9.990e-29
   39.59896  -72.74876      2.246      2.229    19.5231    33.2323 -9.990e-29     0.0282 2.8308e+00  1023.5468    19.5227    23.5375     7.1800    219.219    7.53669  230.10934     95.267 -9.990e-29
   39.59896  -72.74876      2.259      2.241    19.5219    33.2338 -9.990e-29     0.0282 2.8548e+00  1023.5485    19.5215    23.5389     7.1808    219.243    7.53667  230.10875     95.278 -9.990e-29
   39.59896  -72.74876      2.237      2.220    19.5213    33.2358 -9.990e-29     0.0282 2.8629e+00  1023.5506    19.5209    23.5405     7.1856    219.389    7.53667  230.10845     95.342 -9.990e-29
   39.59896  -72.74876      2.246      2.229    19.5220    33.2378 -9.990e-29     0.0416 2.9034e+00  1023.5518    19.5216    23.5419     7.1814    219.262    7.53667  230.10848     95.286 -9.990e-29
   39.59896  -72.74876      2.246      2.229    19.5238    33.2393 -9.990e-29     0.0416 2.9446e+00  1023.5528    19.5234    23.5427     7.1812    219.256    7.53662  230.10686     95.285 -9.990e-29
   39.59896  -72.74876      2.246      2.229    19.5257    33.2401 -9.990e-29     0.0416 2.9446e+00  1023.5528    19.5253    23.5428     7.1814    219.261    7.53657  230.10533     95.287 -9.990e-29
   39.59896  -72.74876      2.246      2.229    19.5278    33.2405 -9.990e-29     0.0416 2.9446e+00  1023.5522    19.5274    23.5426     7.1860    219.402    7.53655  230.10477     95.349 -9.990e-29
   39.59896  -72.74876      2.246      2.229    19.5297    33.2405 -9.990e-29     0.0416 2.9363e+00  1023.5522    19.5293    23.5422     7.1862    219.407    7.53656  230.10520     95.351 -9.990e-29
   39.59896  -72.74876      2.246      2.229    19.5320    33.2405 -9.990e-29     0.0416 2.9305e+00  1023.5515    19.5316    23.5415     7.1866    219.420    7.53653  230.10443     95.357 -9.990e-29
   39.59896  -72.74876      2.246      2.229    19.5344    33.2398 -9.990e-29     0.0416 2.9058e+00  1023.5500    19.5340    23.5404     7.1874    219.444    7.53651  230.10378     95.367 -9.990e-29
   39.59896  -72.74876      2.228      2.211    19.5362    33.2389 -9.990e-29     0.0416 2.8388e+00  1023.5493    19.5358    23.5392     7.1882    219.468    7.53650  230.10352     95.378 -9.990e-29
   39.59896  -72.74876      2.237      2.220    19.5379    33.2375 -9.990e-29     0.0416 2.8228e+00  1023.5477    19.5375    23.5378     7.1885    219.479    7.53650  230.10346     95.383 -9.990e-29
   39.59896  -72.74876      2.227      2.210    19.5390    33.2355 -9.990e-29     0.0416 2.7991e+00  1023.5456    19.5386    23.5360     7.1888    219.487    7.53650  230.10320     95.386 -9.990e-29
   39.59896  -72.74876      2.227      2.210    19.5390    33.2335 -9.990e-29     0.0416 2.7291e+00  1023.5437    19.5386    23.5345     7.1886    219.481    7.53645  230.10176     95.384 -9.990e-29
   39.59896  -72.74876      2.216      2.199    19.5382    33.2325 -9.990e-29     0.0416 2.7061e+00  1023.5428    19.5378    23.5337     7.1839    219.337    7.53643  230.10128     95.322 -9.990e-29
   39.59896  -72.74876      2.206      2.190    19.5374    33.2325 -9.990e-29     0.0416 2.6909e+00  1023.5431    19.5370    23.5337     7.1832    219.317    7.53639  230.10018     95.314 -9.990e-29
   39.59896  -72.74876      2.206      2.190    19.5362    33.2325 -9.990e-29     0.0416 2.6384e+00  1023.5436    19.5358    23.5343     7.1829    219.307    7.53638  230.09955     95.309 -9.990e-29
   39.59896  -72.74876      2.186      2.169    19.5353    33.2332 -9.990e-29     0.0416 2.6162e+00  1023.5448    19.5349    23.5350     7.1825    219.295    7.53633  230.09812     95.305 -9.990e-29
   39.59896  -72.74876      2.197      2.180    19.5350    33.2339 -9.990e-29     0.0416 2.6089e+00  1023.5451    19.5346    23.5357     7.1825    219.294    7.53626  230.09573     95.306 -9.990e-29
   39.59896  -72.74876      2.178      2.161    19.5346    33.2345 -9.990e-29     0.0416 2.5942e+00  1023.5457    19.5342    23.5363     7.1820    219.280    7.53619  230.09340     95.301 -9.990e-29
   39.59896  -72.74876      2.167      2.150    19.5342    33.2353 -9.990e-29     0.0416 2.5797e+00  1023.5463    19.5339    23.5369     7.1811    219.252    7.53606  230.08957     95.290 -9.990e-29
   39.59896  -72.74882      2.167      2.150    19.5342    33.2362 -9.990e-29     0.0416 2.5797e+00  1023.5471    19.5339    23.5376     7.1801    219.222    7.53597  230.08694     95.278 -9.990e-29
   39.59896  -72.74882      2.146      2.130    19.5346    33.2369 -9.990e-29     0.0416 2.6384e+00  1023.5475    19.5342    23.5380     7.1791    219.191    7.53585  230.08348     95.266 -9.990e-29
   39.59896  -72.74882      2.146      2.130    19.5353    33.2369 -9.990e-29     0.0416 2.6834e+00  1023.5476    19.5349    23.5381     7.1781    219.162    7.53584  230.08336     95.253 -9.990e-29
   39.59896  -72.74882      2.135      2.119    19.5363    33.2369 -9.990e-29     0.0416 2.6834e+00  1023.5470    19.5360    23.5378     7.1779    219.154    7.53580  230.08213     95.250 -9.990e-29
   39.59896  -72.74882      2.125      2.109    19.5367    33.2367 -9.990e-29     0.0416 2.7368e+00  1023.5468    19.5363    23.5374     7.1772    219.135    7.53577  230.08140     95.242 -9.990e-29
   39.59896  -72.74882      2.125      2.109    19.5372    33.2358 -9.990e-29     0.0282 2.7991e+00  1023.5459    19.5368    23.5366     7.1765    219.113    7.53573  230.08019     95.233 -9.990e-29
   39.59896  -72.74882      2.105      2.089    19.5372    33.2347 -9.990e-29     0.0282 2.8149e+00  1023.5447    19.5368    23.5357     7.1766    219.116    7.53570  230.07934     95.235 -9.990e-29
   39.59896  -72.74882      2.105      2.089    19.5369    33.2347 -9.990e-29     0.0282 2.8228e+00  1023.5439    19.5365    23.5352     7.1759    219.093    7.53566  230.07777     95.226 -9.990e-29
   39.59896  -72.74882      2.096      2.080    19.5362    33.2347 -9.990e-29     0.0282 2.8468e+00  1023.5438    19.5358    23.5353     7.1752    219.071    7.53564  230.07752     95.216 -9.990e-29
   39.59896  -72.74882      2.095      2.079    19.5355    33.2352 -9.990e-29     0.0282 2.8548e+00  1023.5452    19.5351    23.5365     7.1748    219.059    7.53562  230.07663     95.211 -9.990e-29
   39.59896  -72.74882      2.075      2.059    19.5355    33.2373 -9.990e-29     0.0282 2.8468e+00  1023.5473    19.5351    23.5381     7.1743    219.046    7.53555  230.07484     95.207 -9.990e-29
   39.59896  -72.74882      2.085      2.070    19.5360    33.2391 -9.990e-29     0.0282 2.8228e+00  1023.5489    19.5356    23.5393     7.1740    219.035    7.53555  230.07484     95.201 -9.990e-29
   39.59896  -72.74882      2.075      2.059    19.5374    33.2393 -9.990e-29     0.0282 2.8228e+00  1023.5490    19.5370    23.5397     7.1739    219.035    7.53555  230.07484     95.201 -9.990e-29
   39.59896  -72.74882      2.075      2.059    19.5383    33.2393 -9.990e-29     0.0282 2.8047e+00  1023.5489    19.5379    23.5394     7.1735    219.021    7.53551  230.07366     95.196 -9.990e-29
   39.59896  -72.74882      2.065      2.049    19.5397    33.2393 -9.990e-29     0.0282 2.7522e+00  1023.5474    19.5393    23.5386     7.1731    219.008    7.53548  230.07272     95.191 -9.990e-29
   39.59896  -72.74882      2.065      2.049    19.5407    33.2384 -9.990e-29     0.0282 2.7291e+00  1023.5468    19.5403    23.5377     7.1726    218.993    7.53544  230.07142     95.185 -9.990e-29
   39.59896  -72.74882      2.065      2.049    19.5420    33.2375 -9.990e-29     0.0282 2.7138e+00  1023.5454    19.5416    23.5367     7.1721    218.978    7.53539  230.06986     95.179 -9.990e-29
   39.59896  -72.74882      2.065      2.049    19.5425    33.2366 -9.990e-29     0.0282 2.6661e+00  1023.5447    19.5421    23.5359     7.1716    218.962    7.53533  230.06809     95.172 -9.990e-29
   39.59896  -72.74882      2.066      2.050    19.5426    33.2359 -9.990e-29     0.0282 2.6437e+00  1023.5440    19.5423    23.5353     7.1710    218.945    7.53529  230.06690     95.166 -9.990e-29
   39.59896  -72.74882      2.055      2.040    19.5426    33.2356 -9.990e-29     0.0282 2.6362e+00  1023.5438    19.5423    23.5350     7.1709    218.941    7.53523  230.06496     95.165 -9.990e-29
   39.59896  -72.74882      2.075      2.059    19.5426    33.2355 -9.990e-29     0.0282 2.5848e+00  1023.5440    19.5423    23.5350     7.1703    218.923    7.53517  230.06316     95.158 -9.990e-29
   39.59896  -72.74882      2.065      2.049    19.5426    33.2353 -9.990e-29     0.0282 2.5559e+00  1023.5441    19.5423    23.5348     7.1698    218.907    7.53515  230.06256     95.151 -9.990e-29
   39.59896  -72.74882      2.065      2.049    19.5428    33.2348 -9.990e-29     0.0282 2.5487e+00  1023.5432    19.5425    23.5344     7.1692    218.889    7.53509  230.06092     95.144 -9.990e-29
   39.59896  -72.74882      2.075      2.059    19.5427    33.2345 -9.990e-29     0.0282 2.5201e+00  1023.5430    19.5424    23.5341     7.1690    218.884    7.53507  230.06021     95.142 -9.990e-29
   39.59896  -72.74876      2.065      2.049    19.5421    33.2343 -9.990e-29     0.0282 2.5010e+00  1023.5432    19.5417    23.5341     7.1644    218.742    7.53502  230.05873     95.081 -9.990e-29
   39.59896  -72.74876      2.075      2.059    19.5420    33.2340 -9.990e-29     0.0282 2.5010e+00  1023.5430    19.5416    23.5339     7.1682    218.859    7.53494  230.05634     95.133 -9.990e-29
   39.59896  -72.74876      2.085      2.070    19.5416    33.2340 -9.990e-29     0.0282 2.5797e+00  1023.5426    19.5412    23.5338     7.1680    218.853    7.53485  230.05339     95.131 -9.990e-29
   39.59896  -72.74876      2.075      2.059    19.5409    33.2340 -9.990e-29     0.0282 2.6384e+00  1023.5429    19.5405    23.5341     7.1678    218.847    7.53479  230.05179     95.130 -9.990e-29
   39.59896  -72.74876      2.096      2.080    19.5407    33.2344 -9.990e-29     0.0282 2.6533e+00  1023.5437    19.5404    23.5346     7.1676    218.842    7.53475  230.05059     95.128 -9.990e-29
   39.59896  -72.74876      2.085      2.070    19.5405    33.2351 -9.990e-29     0.0282 2.6758e+00  1023.5443    19.5402    23.5351     7.1675    218.837    7.53471  230.04938     95.126 -9.990e-29
   39.59896  -72.74876      2.095      2.079    19.5404    33.2356 -9.990e-29     0.0416 2.7061e+00  1023.5447    19.5400    23.5356     7.1677    218.845    7.53470  230.04893     95.130 -9.990e-29
   39.59896  -72.74876      2.105      2.089    19.5405    33.2359 -9.990e-29     0.0416 2.7061e+00  1023.5451    19.5402    23.5359     7.1675    218.839    7.53463  230.04686     95.128 -9.990e-29
   39.59896  -72.74876      2.105      2.089    19.5408    33.2359 -9.990e-29     0.0416 2.7445e+00  1023.5452    19.5404    23.5359     7.1674    218.834    7.53458  230.04553     95.126 -9.990e-29
   39.59896  -72.74876      2.105      2.089    19.5411    33.2359 -9.990e-29     0.0416 2.8070e+00  1023.5449    19.5407    23.5356     7.1672    218.830    7.53454  230.04421     95.125 -9.990e-29
   39.59896  -72.74876      2.125      2.109    19.5412    33.2355 -9.990e-29     0.0416 2.8308e+00  1023.5444    19.5409    23.5353     7.1720    218.974    7.53452  230.04388     95.188 -9.990e-29
   39.59896  -72.74876      2.125      2.109    19.5414    33.2355 -9.990e-29     0.0416 2.8629e+00  1023.5443    19.5411    23.5351     7.1726    218.994    7.53449  230.04302     95.197 -9.990e-29
   39.59896  -72.74876      2.125      2.109    19.5416    33.2355 -9.990e-29     0.0416 2.9671e+00  1023.5442    19.5412    23.5351     7.1688    218.878    7.53449  230.04276     95.147 -9.990e-29
   39.59896  -72.74876      2.135      2.119    19.5416    33.2355 -9.990e-29     0.0416 3.0007e+00  1023.5444    19.5412    23.5352     7.1736    219.023    7.53446  230.04211     95.210 -9.990e-29
   39.59896  -72.74876      2.147      2.131    19.5414    33.2358 -9.990e-29     0.0416 3.0176e+00  1023.5449    19.5411    23.5355     7.1698    218.907    7.53444  230.04151     95.160 -9.990e-29
   39.59896  -72.74876      2.146      2.130    19.5414    33.2359 -9.990e-29     0.0416 3.1038e+00  1023.5450    19.5411    23.5355     7.1701    218.918    7.53445  230.04163     95.164 -9.990e-29
   39.59896  -72.74876      2.156      2.139    19.5420    33.2359 -9.990e-29     0.0416 3.1389e+00  1023.5445    19.5416    23.5354     7.1704    218.928    7.53447  230.04236     95.169 -9.990e-29
   39.59896  -72.74876      2.156      2.139    19.5419    33.2359 -9.990e-29     0.0416 3.1301e+00  1023.5450    19.5415    23.5354     7.1753    219.075    7.53448  230.04254     95.233 -9.990e-29
   39.59896  -72.74876      2.186      2.169    19.5423    33.2360 -9.990e-29     0.0416 3.1213e+00  1023.5446    19.5419    23.5354     7.1712    218.951    7.53453  230.04416     95.178 -9.990e-29
   39.59896  -72.74876      2.176      2.160    19.5423    33.2362 -9.990e-29     0.0416 3.1125e+00  1023.5449    19.5419    23.5355     7.1712    218.951    7.53460  230.04637     95.177 -9.990e-29
   39.59896  -72.74876      2.197      2.180    19.5425    33.2367 -9.990e-29     0.0416 3.1038e+00  1023.5453    19.5421    23.5358     7.1712    218.953    7.53470  230.04958     95.176 -9.990e-29
   39.59896  -72.74876      2.197      2.180    19.5428    33.2373 -9.990e-29     0.0416 3.0091e+00  1023.5457    19.5424    23.5362     7.1757    219.090    7.53480  230.05237     95.235 -9.990e-29
   39.59896  -72.74876      2.206      2.190    19.5430    33.2379 -9.990e-29     0.0416 2.9588e+00  1023.5465    19.5426    23.5366 -9.990e-29 -9.990e-29 -9.990e-29 -9.990e-29 -9.990e-29 -9.990e-29
   39.59896  -72.74876      2.216      2.199    19.5439    33.2379 -9.990e-29     0.0416 2.9504e+00  1023.5464    19.5435    23.5367 -9.990e-29 -9.990e-29 -9.990e-29 -9.990e-29 -9.990e-29 -9.990e-29
   39.59898  -72.74882      2.217      2.200    19.5444    33.2379 -9.990e-29     0.0416 2.8149e+00  1023.5464    19.5440    23.5363 -9.990e-29 -9.990e-29 -9.990e-29 -9.990e-29 -9.990e-29 -9.990e-29
   39.59898  -72.74882      2.237      2.220    19.5459    33.2371 -9.990e-29     0.0416 2.7138e+00  1023.5448    19.5455    23.5354 -9.990e-29 -9.990e-29 -9.990e-29 -9.990e-29 -9.990e-29 -9.990e-29
