CalculateIndicators/WaterTemperature/Data/CTD_NYOS/20230516_C09B.cnv
* Sea-Bird SBE 9 Data File:
* FileName = C:\Seabird 9 CTD\Data\2023\202305_offshore\20230516_C11.hex
* Software Version Seasave V 7.23.2
* Temperature SN = 4590
* Conductivity SN = 3228
* Number of Bytes Per Scan = 44
* Number of Voltage Words = 5
* Number of Scans Averaged by the Deck Unit = 1
* NMEA Latitude = 39 19.48 N
* NMEA Longitude = 072 04.74 W
* NMEA UTC (Time) = May 16 2023  08:05:18
* NMEA baud rate = 4800
** Ship: Seawolf
** Station: 9.7
** Operator: TDK
# nquan = 18
# nvalues = 483                         
# units = specified
# name 0 = latitude: Latitude [deg]
# name 1 = longitude: Longitude [deg]
# name 2 = prDM: Pressure, Digiquartz [db]
# name 3 = depSM: Depth [salt water, m]
# name 4 = t090C: Temperature [ITS-90, deg C]
# name 5 = sal00: Salinity, Practical [PSU]
# name 6 = ph: pH
# name 7 = flECO-AFL: Fluorescence, WET Labs ECO-AFL/FL [mg/m^3]
# name 8 = cpar: CPAR/Corrected Irradiance [%]
# name 9 = density00: Density [density, kg/m^3]
# name 10 = potemp090C: Potential Temperature [ITS-90, deg C]
# name 11 = sigma-100: Density [sigma-1, kg/m^3 ]
# name 12 = sbeox0Mg/L: Oxygen, SBE 43 [mg/l]
# name 13 = sbox0Mm/Kg: Oxygen, SBE 43 [umol/kg]
# name 14 = oxsolMg/L: Oxygen Saturation, Garcia & Gordon [mg/l]
# name 15 = oxsolMm/Kg: Oxygen Saturation, Garcia & Gordon [umol/kg]
# name 16 = sbeox0PS: Oxygen, SBE 43 [% saturation]
# name 17 = flag: flag
# span 0 =   39.32472,   39.32850       
# span 1 =  -72.07899,  -72.06935       
# span 2 =      2.000,    304.000       
# span 3 =      1.985,    301.467       
# span 4 =    10.5931,    15.1107       
# span 5 =    34.0577,    37.6178       
# span 6 =      7.819,      8.091       
# span 7 =    -0.0872,     0.8326       
# span 8 = -8.164e+03, 1.0866e+05       
# span 9 =  1025.4683,  1030.1709       
# span 10 =    10.5553,    15.0930      
# span 11 =    29.8403,    33.2812      
# span 12 =     3.2018,     8.4368      
# span 13 =     97.535,    257.068      
# span 14 =    8.08689,    8.80957      
# span 15 =  246.21233,  267.87823      
# span 16 =     38.521,    102.073      
# span 17 = 0.0000e+00, 0.0000e+00      
# interval = decibars: 1                
# start_time = May 16 2023 08:05:18 [System UTC, first data scan.]
# bad_flag = -9.990e-29
*END*
 -9.990e-29  -72.07899      2.000      1.985    13.9978    34.0577      8.081 -9.990e-29 -9.990e-29  1025.4683    13.9976    29.8403     8.4352    257.059    8.34900  254.43224    101.033 0.0000e+00
   39.32472  -72.07896      3.000      2.977    13.9973    34.0582      8.080     0.0685 7.0833e+04  1025.4732    13.9968    29.8408     8.4117    256.343    8.34862  254.42020    100.756 0.0000e+00
   39.32474  -72.07886      4.000      3.970    13.9976    34.0595      8.079     0.0699 -1.611e+03  1025.4786    13.9971    29.8418     8.4124    256.363    8.34865  254.42119    100.763 0.0000e+00
   39.32474  -72.07885      5.000      4.962    13.9983    34.0588      8.080     0.0685 -9.990e-29  1025.4823    13.9976    29.8411     8.4134    256.394    8.34828  254.40971    100.780 0.0000e+00
   39.32474  -72.07884      6.000      5.954    14.0000    34.0605      8.081     0.0655 -9.990e-29  1025.4878    13.9991    29.8421     8.4303    256.911    8.34803  254.40243    100.986 0.0000e+00
   39.32474  -72.07883      7.000      6.947    14.0013    34.0602      8.081     0.0653 9.9999e+04  1025.4918    14.0003    29.8416     8.4146    256.430    8.34780  254.39536    100.800 0.0000e+00
   39.32476  -72.07881      8.000      7.939    14.0025    34.0606      8.080     0.0550 9.9999e+04  1025.4963    14.0013    29.8416     8.4199    256.593    8.34792  254.39918    100.862 0.0000e+00
   39.32476  -72.07879      9.000      8.931    14.0025    34.0594      8.080     0.0637 9.9999e+04  1025.4998    14.0012    29.8408     8.4307    256.922    8.34781  254.39540    100.993 0.0000e+00
   39.32476  -72.07878     10.000      9.924    14.0018    34.0590      8.080     0.0663 -9.990e-29  1025.5041    14.0003    29.8407     8.4154    256.454    8.34762  254.38946    100.812 0.0000e+00
   39.32476  -72.07876     11.000     10.916    14.0029    34.0626      8.080     0.0550 5.0640e-11  1025.5111    14.0014    29.8432     8.4128    256.375    8.34722  254.37661    100.786 0.0000e+00
 -9.990e-29  -72.07876     12.000     11.908    14.0061    34.0719 -9.990e-29 -9.990e-29 5.0640e-11  1025.5221    14.0044    29.8496     8.4124    256.334    8.32485  253.66632    101.052 0.0000e+00
 -9.990e-29  -72.07874     13.000     12.901    14.0148    34.1090 -9.990e-29 -9.990e-29 5.0640e-11  1025.5534    14.0129    29.8760     8.3945    255.766    8.29217  252.64937    101.233 0.0000e+00
   39.32478  -72.07872     14.000     13.893    14.0711    34.2488      8.080     0.0551 5.0640e-11  1025.6540    14.0691    29.9703     8.4368    257.068    8.30734  253.12391    101.558 0.0000e+00
   39.32478  -72.07872     15.000     14.885    14.2235    34.3999      8.083     0.0762 5.0640e-11  1025.7430    14.2213    30.0510     8.4219    256.596    8.28432  252.40479    101.662 0.0000e+00
   39.32478  -72.07872     16.000     15.878    14.2862    34.4900      8.084     0.0947 5.0640e-11  1025.8036    14.2838    30.1055     8.3859    255.453    8.21554  250.26470    102.073 0.0000e+00
   39.32478  -72.07872     17.000     16.870    14.4197    34.6359      8.087     0.0954 5.0640e-11  1025.8926    14.4172    30.1866     8.3739    255.093    8.22267  250.48683    101.839 0.0000e+00
   39.32478  -72.07868     18.000     17.862    14.5682    34.7491      8.089     0.1065 5.0640e-11  1025.9526    14.5655    30.2388     8.2989    252.804    8.22051  250.41533    100.954 0.0000e+00
   39.32478  -72.07868     19.000     18.855    14.5526    34.7819      8.090     0.1237 5.0640e-11  1025.9851    14.5498    30.2669     8.2858    252.388    8.21150  250.12648    100.904 0.0000e+00
   39.32478  -72.07868     20.000     19.847    14.5736    34.8192      8.090     0.1230 5.0640e-11  1026.0142    14.5707    30.2910     8.2988    252.785    8.21202  250.14247    101.056 0.0000e+00
   39.32479  -72.07867     21.000     20.839    14.5819    34.8265      8.090     0.1722 5.0640e-11  1026.0225    14.5788    30.2946     8.2947    252.662    8.21192  250.13946    101.008 0.0000e+00
   39.32480  -72.07864     22.000     21.832    14.5814    34.8295      8.091     0.1776 5.0640e-11  1026.0293    14.5781    30.2970     8.2878    252.451    8.21288  250.16818    100.913 0.0000e+00
   39.32480  -72.07864     23.000     22.824    14.5792    34.8299      8.091     0.1839 5.0640e-11  1026.0345    14.5758    30.2979     8.2999    252.819    8.21346  250.18562    101.053 0.0000e+00
   39.32480  -72.07862     24.000     23.816    14.5757    34.8307      8.091     0.1868 5.0640e-11  1026.0404    14.5722    30.2994     8.2907    252.537    8.21360  250.18973    100.938 0.0000e+00
   39.32480  -72.07860     25.000     24.808    14.5714    34.8308      8.091     0.1827 5.0640e-11  1026.0458    14.5678    30.3005     8.2989    252.786    8.21617  250.26508    101.007 0.0000e+00
   39.32481  -72.07859     26.000     25.801    14.5522    34.8271      8.090     0.1883 5.0640e-11  1026.0516    14.5484    30.3022     8.3065    253.005    8.21946  250.35493    101.059 0.0000e+00
   39.32482  -72.07858     27.000     26.793    14.5256    34.8600      8.090     0.1979 5.0640e-11  1026.0871    14.5216    30.3336     8.3012    252.843    8.22654  250.56819    100.908 0.0000e+00
   39.32483  -72.07854     28.000     27.785    14.4805    34.8941      8.088     0.2526 5.0640e-11  1026.1278    14.4764    30.3705     8.3117    253.159    8.21733  250.28531    101.148 0.0000e+00
   39.32483  -72.07853     29.000     28.777    14.5066    34.9111 -9.990e-29     0.3077 5.0640e-11  1026.1395    14.5023    30.3771     8.3127    253.188    8.20971  250.05210    101.254 0.0000e+00
   39.32484  -72.07851     30.000     29.770    14.5453    34.9254      8.090     0.3168 5.0640e-11  1026.1466    14.5409    30.3791     8.3026    252.880    8.20290  249.84205    101.216 0.0000e+00
   39.32484  -72.07849     31.000     30.762    14.6333    34.9810      8.091     0.3235 5.0640e-11  1026.1748    14.6287    30.4010     8.2932    252.580    8.16578  248.69894    101.561 0.0000e+00
   39.32484  -72.07846     32.000     31.754    14.7706    35.0677      8.091     0.2992 5.0640e-11  1026.2165    14.7658    30.4352     8.2527    251.342    8.15283  248.30099    101.224 0.0000e+00
 -9.990e-29  -72.07845     33.000     32.747    14.8537    35.1106      8.091     0.3397 5.0640e-11  1026.2358    14.8488    30.4484     8.2019    249.794    8.14156  247.95535    100.741 0.0000e+00
   39.32487  -72.07841     34.000     33.739    14.9339    35.1529 -9.990e-29     0.3810 5.0640e-11  1026.2551    14.9288    30.4616     8.1419    247.962    8.13021  247.60546    100.144 0.0000e+00
   39.32488  -72.07840     35.000     34.731    14.9602    35.1713 -9.990e-29     0.4371 5.0640e-11  1026.2681    14.9550    30.4696     8.1356    247.767    8.12823  247.54239    100.091 0.0000e+00
   39.32488  -72.07838     36.000     35.723    14.9498    35.1911      8.086     0.5103 5.0640e-11  1026.2899    14.9444    30.4871     8.0974    246.601    8.15146  248.24746     99.337 0.0000e+00
   39.32488  -72.07837     37.000     36.715    14.8361    35.1714      8.086     0.5594 5.0640e-11  1026.3043    14.8306    30.4992     8.1077    246.914    8.17045  248.82395     99.232 0.0000e+00
   39.32488  -72.07837     38.000     37.708    14.7476    35.1539      8.082     0.7062 5.0640e-11  1026.3146    14.7419    30.5067     8.1027    246.758    8.19312  249.51158     98.897 0.0000e+00
   39.32488  -72.07835     39.000     38.700    14.5782    35.1255      8.079     0.8326 5.0640e-11  1026.3340    14.5725    30.5249     8.0363    244.732    8.22647  250.52226     97.689 0.0000e+00
   39.32488  -72.07832     40.000     39.692    14.3938    35.0984      8.071     0.7417 5.0640e-11  1026.3574    14.3879    30.5473     7.9215    241.232    8.24335  251.03223     96.096 0.0000e+00
   39.32490  -72.07830     41.000     40.684    14.3114    35.0954      8.063     0.5728 5.0640e-11  1026.3771    14.3055    30.5641     7.8521    239.114    8.23793  250.86499     95.316 0.0000e+00
   39.32491  -72.07830     42.000     41.677    14.3438    35.1171      8.059     0.5323 5.0640e-11  1026.3914    14.3377    30.5734     7.7954    237.387    8.22913  250.59441     94.730 0.0000e+00
   39.32492  -72.07828     43.000     42.669    14.3699    35.1319      8.056     0.5436 5.0640e-11  1026.4015    14.3637    30.5785     7.7658    236.482    8.22461  250.45530     94.421 0.0000e+00
   39.32492  -72.07827     44.000     43.661    14.3931    35.1542      8.056     0.4799 5.0640e-11  1026.4184    14.3866    30.5904     7.7364    235.589    8.22232  250.38514     94.090 0.0000e+00
   39.32492  -72.07824     45.000     44.653    14.4037    35.1602      8.052     0.4682 5.0640e-11  1026.4251    14.3970    30.5925     7.6935    234.279    8.20842  249.95917     93.727 0.0000e+00
   39.32492  -72.07824     46.000     45.645    14.4358    35.1857 -9.990e-29     0.4220 5.0640e-11  1026.4424    14.4291    30.6046     7.6677    233.494    8.20607  249.88763     93.439 0.0000e+00
   39.32492  -72.07821     47.000     46.637    14.4918    35.1967      8.049     0.3880 5.0640e-11  1026.4431    14.4849    30.5999     7.6083    231.686    8.21197  250.06684     92.650 0.0000e+00
   39.32492  -72.07820     48.000     47.630    14.5150    35.2090      8.050     0.3853 -9.990e-29  1026.4521    14.5079    30.6039     7.6180    231.972    8.23726  250.82751     92.482 0.0000e+00
   39.32492  -72.07820     49.000     48.622    14.5211    35.1943      8.051     0.3610 -9.990e-29  1026.4441    14.5138    30.5915     7.5782    230.765    8.22623  250.49795     92.123 0.0000e+00
   39.32494  -72.07818     50.000     49.614    14.2707    35.1389      8.048     0.3779 9.9999e+04  1026.4588    14.2634    30.6066     7.5840    230.941    8.23817  250.85955     92.060 0.0000e+00
   39.32496  -72.07818     51.000     50.606    14.2351    35.1701      8.042     0.3490 9.9999e+04  1026.4956    14.2277    30.6395     7.5578    230.134    8.26887  251.78737     91.400 0.0000e+00
   39.32495  -72.07817     52.000     51.598    14.1351    35.1509      8.039     0.2715 7.5417e+04  1026.5066    14.1275    30.6479     7.5212    229.021    8.27371  251.93597     90.904 0.0000e+00
   39.32498  -72.07814     53.000     52.590    14.0327    35.1284      8.038     0.2530 -7.665e+02  1026.5152    14.0250    30.6541     7.5748    230.653    8.28886  252.39699     91.385 0.0000e+00
   39.32498  -72.07812     54.000     53.583    14.0356    35.1327      8.038     0.2487 5.0640e-11  1026.5226    14.0279    30.6570     7.5865    231.011    8.29020  252.43772     91.512 0.0000e+00
   39.32498  -72.07811     55.000     54.575    14.0065    35.1189      8.038     0.2878 5.0640e-11  1026.5224    13.9986    30.6529     7.5892    231.093    8.30621  252.92542     91.368 0.0000e+00
   39.32498  -72.07809     56.000     55.567    13.9182    35.0988      8.039     0.2699 5.0640e-11  1026.5300    13.9102    30.6578     7.6212    232.066    8.33292  253.73717     91.459 0.0000e+00
   39.32499  -72.07808     57.000     56.559    13.7826    35.0650      8.039     0.2784 5.0640e-11  1026.5368    13.7745    30.6629     7.6331    232.425    8.34642  254.14495     91.454 0.0000e+00
   39.32500  -72.07806     58.000     57.551    13.7012    35.0612      8.040     0.2737 5.0640e-11  1026.5553    13.6930    30.6785     7.6594    233.225    8.35594  254.43418     91.664 0.0000e+00
   39.32500  -72.07804     59.000     58.543    13.6571    35.0475 -9.990e-29     0.2561 5.0640e-11  1026.5584    13.6487    30.6780     7.6409    232.661    8.35757  254.48226     91.425 0.0000e+00
   39.32500  -72.07803     60.000     59.535    13.6469    35.0639      8.035     0.2550 5.0640e-11  1026.5777    13.6384    30.6929     7.6211    232.056    8.35360  254.36027     91.231 0.0000e+00
   39.32500  -72.07802     61.000     60.527    13.6643    35.0712      8.035     0.2225 5.0640e-11  1026.5840    13.6557    30.6944     7.5892    231.081    8.36499  254.70407     90.725 0.0000e+00
   39.32502  -72.07800     62.000     61.519    13.6052    35.0678      8.031     0.1808 5.0640e-11  1026.5983    13.5964    30.7054     7.5563    230.080    8.37334  254.95689     90.243 0.0000e+00
   39.32502  -72.07798     63.000     62.511    13.5392    35.0598      8.027     0.1731 5.0640e-11  1026.6101    13.5304    30.7141     7.5403    229.592    8.38364  255.26985     89.941 0.0000e+00
 -9.990e-29  -72.07796     64.000     63.504    13.4848    35.0495      8.026     0.1409 5.0640e-11  1026.6180    13.4758    30.7186     7.5309    229.305    8.38930  255.44151     89.768 0.0000e+00
   39.32504  -72.07795     65.000     64.496    13.4553    35.0453      8.024     0.1226 5.0640e-11  1026.6253    13.4462    30.7219     7.5197    228.956    8.39170  255.50797     89.608 0.0000e+00
   39.32504  -72.07794     66.000     65.488    13.3649    35.0247      8.021     0.1236 5.0640e-11  1026.6322    13.3557    30.7262     7.4091    225.582    8.31045  253.02497     89.154 0.0000e+00
   39.32504  -72.07793     67.000     66.480    13.6790    35.1807      8.016     0.0635 5.0640e-11  1026.6927    13.6695    30.7757     7.3813    224.737    8.30529  252.87073     88.874 0.0000e+00
   39.32505  -72.07790     68.000     67.472    13.9317    35.2379 -9.990e-29     0.0538 5.0640e-11  1026.6880    13.9219    30.7617     7.3485    223.739    8.30006  252.71138     88.535 0.0000e+00
   39.32504  -72.07789     69.000     68.464    13.9252    35.2380      8.025     0.0219 5.0640e-11  1026.6939    13.9153    30.7633     7.3488    223.749    8.29673  252.61029     88.575 0.0000e+00
   39.32504  -72.07788     70.000     69.456    13.9405    35.2432      8.025     0.0284 5.0640e-11  1026.6991    13.9304    30.7638     7.3555    223.951    8.29320  252.50293     88.693 0.0000e+00
   39.32505  -72.07787     71.000     70.448    13.9648    35.2523      8.025     0.0282 5.0640e-11  1026.7057    13.9545    30.7655     7.3559    223.963    8.28453  252.23662     88.791 0.0000e+00
 -9.990e-29  -72.07785     72.000     71.440    14.1023    35.2955      8.024     0.0316 5.0640e-11  1026.7142    14.0919    30.7669     7.3297    223.163    8.23950  250.86186     88.959 0.0000e+00
 -9.990e-29  -72.07784     73.000     72.432    14.2262    35.3540      8.025     0.0243 5.0640e-11  1026.7374    14.2155    30.7833     7.3212    222.901    8.21659  250.16116     89.103 0.0000e+00
   39.32508  -72.07782     74.000     73.424    14.3254    35.3889      8.026     0.0070 5.0640e-11  1026.7474    14.3146    30.7869     7.2951    222.107    8.20295  249.74735     88.932 0.0000e+00
   39.32509  -72.07780     75.000     74.416    14.4556    35.4262      8.027     0.0292 5.0640e-11  1026.7525    14.4445    30.7851     7.2550    220.883    8.19014  249.35571     88.582 0.0000e+00
   39.32509  -72.07779     76.000     75.408    14.5236    35.4610      8.025     0.0282 5.0640e-11  1026.7691    14.5123    30.7959     7.2494    220.714    8.18692  249.25582     88.549 0.0000e+00
   39.32510  -72.07777     77.000     76.400    14.5396    35.4635      8.024     0.0043 5.0640e-11  1026.7718    14.5282    30.7940     7.2255    219.983    8.17988  249.04065     88.332 0.0000e+00
   39.32510  -72.07776     78.000     77.392    14.5992    35.4912 -9.990e-29     0.0429 5.0640e-11  1026.7847    14.5876    30.8012     7.2102    219.517    8.17355  248.84670     88.214 0.0000e+00
   39.32512  -72.07774     79.000     78.384    14.6159    35.4988 -9.990e-29     0.0231 5.0640e-11  1026.7913    14.6042    30.8031     7.1905    218.917    8.17656  248.93748     87.941 0.0000e+00
   39.32512  -72.07772     80.000     79.377    14.6017    35.4949      8.022     0.0264 5.0640e-11  1026.7958    14.5898    30.8035     7.1790    218.568    8.17440  248.87164     87.823 0.0000e+00
   39.32514  -72.07771     81.000     80.368    14.6221    35.5153      8.022     0.0261 5.0640e-11  1026.8119    14.6100    30.8147     7.1809    218.624    8.16492  248.58166     87.948 0.0000e+00
