CalculateIndicators/WaterTemperature/Data/CTD_NYOS/20230517_C25A.cnv
* Sea-Bird SBE 9 Data File:
* FileName = C:\Seabird 9 CTD\Data\2023\202305_offshore\20230517_C25A.hex
* Software Version Seasave V 7.23.2
* Temperature SN = 4590
* Conductivity SN = 3228
* Number of Bytes Per Scan = 44
* Number of Voltage Words = 5
* Number of Scans Averaged by the Deck Unit = 1
* NMEA Latitude = 39 44.02 N
* NMEA Longitude = 071 25.33 W
* NMEA UTC (Time) = May 18 2023  04:38:35
* NMEA baud rate = 4800
** Ship: Seawolf
** Station: 11.7
** Operator: TDK
# nquan = 18
# nvalues = 16419                       
# units = specified
# name 0 = latitude: Latitude [deg]
# name 1 = longitude: Longitude [deg]
# name 2 = prDM: Pressure, Digiquartz [db]
# name 3 = depSM: Depth [salt water, m]
# name 4 = t090C: Temperature [ITS-90, deg C]
# name 5 = sal00: Salinity, Practical [PSU]
# name 6 = ph: pH
# name 7 = flECO-AFL: Fluorescence, WET Labs ECO-AFL/FL [mg/m^3]
# name 8 = cpar: CPAR/Corrected Irradiance [%]
# name 9 = density00: Density [density, kg/m^3]
# name 10 = potemp090C: Potential Temperature [ITS-90, deg C]
# name 11 = sigma-é00: Density [sigma-theta, kg/m^3]
# name 12 = sbeox0Mg/L: Oxygen, SBE 43 [mg/l]
# name 13 = sbox0Mm/Kg: Oxygen, SBE 43 [umol/kg]
# name 14 = oxsolMg/L: Oxygen Saturation, Garcia & Gordon [mg/l]
# name 15 = oxsolMm/Kg: Oxygen Saturation, Garcia & Gordon [umol/kg]
# name 16 = sbeox0PS: Oxygen, SBE 43 [% saturation]
# name 17 = flag:  0.000e+00
# span 0 =   39.73318,   39.73380       
# span 1 =  -71.42518,  -71.42216       
# span 2 =      1.870,    102.630       
# span 3 =      1.856,    101.821       
# span 4 =    12.8702,    14.4582       
# span 5 =    33.5979,    35.2541       
# span 6 =      8.005,      8.144       
# span 7 =    -0.1061,     0.9549       
# span 8 = 5.0640e-11, 9.9999e+04       
# span 9 =  1025.2346,  1027.0145       
# span 10 =    12.8578,    14.4565      
# span 11 =    25.2246,    26.5612      
# span 12 =     6.7348,     8.6746      
# span 13 =    205.020,    264.414      
# span 14 =    8.27335,    8.48677      
# span 15 =  252.15699,  258.36426      
# span 16 =     79.910,    102.782      
# span 17 = 0.0000e+00, 0.0000e+00      
# interval = seconds: 0.0416667
# start_time = May 18 2023 04:38:37 [System UTC, first data scan.]
# bad_flag = -9.990e-29
*END*
[from data line 9166]
   39.73346  -71.42376     61.510     61.031    13.0691    34.9774      8.051     0.1625 9.9999e+04  1026.6363    13.0607    26.3632     7.4941    228.179    8.45844  257.54216     88.599 0.0000e+00
   39.73346  -71.42376     61.480     61.001    13.0701    34.9771      8.047     0.1625 9.9999e+04  1026.6357    13.0616    26.3628     7.4994    228.342    8.45850  257.54383     88.661 0.0000e+00
   39.73346  -71.42376     61.459     60.981    13.0710    34.9768      8.051     0.1625 9.9999e+04  1026.6351    13.0625    26.3623     7.4946    228.195    8.45844  257.54205     88.605 0.0000e+00
   39.73346  -71.42376     61.429     60.951    13.0720    34.9764      8.051     0.1625 9.9999e+04  1026.6346    13.0635    26.3619     7.4997    228.349    8.45851  257.54435     88.664 0.0000e+00
   39.73346  -71.42376     61.418     60.940    13.0728    34.9760      8.047     0.1625 9.9999e+04  1026.6339    13.0643    26.3614     7.4998    228.353    8.45848  257.54346     88.666 0.0000e+00
   39.73346  -71.42376     61.387     60.909    13.0733    34.9757      8.051     0.1625 9.9999e+04  1026.6335    13.0649    26.3610     7.5050    228.512    8.45851  257.54424     88.727 0.0000e+00
   39.73346  -71.42376     61.367     60.889    13.0740    34.9756      8.051     0.1625 9.9999e+04  1026.6330    13.0656    26.3608     7.5060    228.543    8.45851  257.54444     88.739 0.0000e+00
   39.73346  -71.42376     61.357     60.879    13.0741    34.9754      8.051     0.1625 9.9999e+04  1026.6333    13.0657    26.3606     7.5062    228.548    8.45846  257.54271     88.742 0.0000e+00
   39.73346  -71.42376     61.315     60.838    13.0750    34.9751      8.047     0.1625 9.9999e+04  1026.6321    13.0666    26.3602     7.5062    228.547    8.45842  257.54147     88.742 0.0000e+00
   39.73346  -71.42376     61.306     60.828    13.0750    34.9748      8.051     0.1625 9.9999e+04  1026.6321    13.0666    26.3599     7.5060    228.542    8.45844  257.54228     88.739 0.0000e+00
   39.73346  -71.42376     61.285     60.808    13.0756    34.9747      8.051     0.1625 9.9999e+04  1026.6319    13.0672    26.3598     7.5061    228.546    8.45836  257.53998     88.742 0.0000e+00
   39.73346  -71.42376     61.255     60.778    13.0758    34.9747      8.051     0.1625 9.9999e+04  1026.6316    13.0674    26.3597     7.5113    228.704    8.45828  257.53773     88.804 -9.990e-29
   39.73346  -71.42376     61.255     60.778    13.0758    34.9747      8.051     0.1759 9.9999e+04  1026.6317    13.0674    26.3597     7.5065    228.558    8.45825  257.53681     88.748 -9.990e-29
   39.73346  -71.42376     61.213     60.737    13.0763    34.9746      8.051     0.1894 9.9999e+04  1026.6313    13.0679    26.3595     7.5114    228.707    8.45820  257.53563     88.806 -9.990e-29
   39.73346  -71.42376     61.213     60.737    13.0770    34.9744      8.051     0.1894 9.9999e+04  1026.6311    13.0686    26.3593     7.5114    228.708    8.45810  257.53280     88.807 -9.990e-29
   39.73346  -71.42376     61.192     60.716    13.0779    34.9741      8.051     0.1894 9.9999e+04  1026.6304    13.0694    26.3589     7.5114    228.706    8.45811  257.53342     88.806 0.0000e+00
   39.73346  -71.42376     61.162     60.686    13.0785    34.9738      8.051     0.1894 9.9999e+04  1026.6301    13.0701    26.3586     7.5116    228.715    8.45803  257.53118     88.811 0.0000e+00
   39.73346  -71.42376     61.152     60.676    13.0789    34.9736      8.051     0.1894 9.9999e+04  1026.6296    13.0705    26.3583     7.5118    228.720    8.45798  257.52968     88.813 0.0000e+00
   39.73346  -71.42376     61.141     60.665    13.0790    34.9733      8.051     0.1894 9.9999e+04  1026.6294    13.0706    26.3580     7.5116    228.716    8.45786  257.52634     88.813 0.0000e+00
   39.73346  -71.42376     61.122     60.646    13.0789    34.9730      8.051     0.1894 9.9999e+04  1026.6291    13.0705    26.3578     7.5114    228.708    8.45779  257.52423     88.810 0.0000e+00
   39.73346  -71.42376     61.101     60.626    13.0790    34.9728      8.051     0.1894 9.9999e+04  1026.6289    13.0706    26.3576     7.5161    228.853    8.45768  257.52105     88.868 0.0000e+00
   39.73342  -71.42382     61.090     60.615    13.0794    34.9727      8.051     0.1894 9.9999e+04  1026.6286    13.0710    26.3574     7.5161    228.852    8.45759  257.51830     88.868 0.0000e+00
   39.73342  -71.42382     61.071     60.595    13.0795    34.9725      8.051     0.1894 9.9999e+04  1026.6283    13.0712    26.3573     7.5157    228.839    8.45731  257.50978     88.866 0.0000e+00
   39.73342  -71.42382     61.039     60.564    13.0795    34.9725      8.051     0.1894 9.9999e+04  1026.6282    13.0711    26.3573     7.5157    228.838    8.45698  257.49950     88.869 -9.990e-29
   39.73342  -71.42382     61.039     60.564    13.0798    34.9724      8.051     0.1894 9.9999e+04  1026.6282    13.0715    26.3572     7.5154    228.831    8.45663  257.48901     88.870 -9.990e-29
   39.73342  -71.42382     60.999     60.524    13.0800    34.9724      8.051     0.1894 9.9999e+04  1026.6277    13.0716    26.3571     7.5152    228.824    8.45647  257.48448     88.869 -9.990e-29
   39.73342  -71.42382     60.999     60.524    13.0798    34.9724      8.051     0.1894 9.9999e+04  1026.6278    13.0715    26.3571     7.5201    228.973    8.45641  257.48284     88.928 -9.990e-29
   39.73342  -71.42382     60.968     60.494    13.0795    34.9724      8.051     0.1894 9.9999e+04  1026.6279    13.0712    26.3572     7.5150    228.818    8.45640  257.48259     88.867 0.0000e+00
   39.73342  -71.42382     60.937     60.462    13.0794    34.9725      8.051     0.1894 9.9999e+04  1026.6277    13.0710    26.3573     7.5195    228.957    8.45639  257.48245     88.921 0.0000e+00
   39.73342  -71.42382     60.927     60.453    13.0790    34.9726      8.051     0.1894 9.9999e+04  1026.6282    13.0707    26.3575     7.5192    228.946    8.45627  257.47865     88.918 0.0000e+00
   39.73342  -71.42382     60.906     60.432    13.0794    34.9726      8.051     0.1894 9.9999e+04  1026.6276    13.0710    26.3575     7.5185    228.926    8.45605  257.47175     88.913 0.0000e+00
   39.73342  -71.42382     60.865     60.391    13.0792    34.9726      8.051     0.1894 9.9999e+04  1026.6276    13.0708    26.3575     7.5184    228.922    8.45595  257.46876     88.913 -9.990e-29
   39.73342  -71.42382     60.866     60.392    13.0794    34.9726      8.051     0.1894 9.9999e+04  1026.6278    13.0710    26.3575     7.5181    228.914    8.45585  257.46581     88.910 -9.990e-29
   39.73342  -71.42382     60.825     60.351    13.0794    34.9724      8.051     0.1894 9.9999e+04  1026.6272    13.0710    26.3573     7.5177    228.901    8.45576  257.46334     88.906 0.0000e+00
   39.73342  -71.42382     60.794     60.321    13.0790    34.9723      8.051     0.1894 9.9999e+04  1026.6270    13.0707    26.3572     7.5171    228.883    8.45568  257.46118     88.900 0.0000e+00
   39.73342  -71.42382     60.783     60.310    13.0785    34.9723      8.051     0.1894 9.9999e+04  1026.6273    13.0702    26.3572     7.5163    228.860    8.45564  257.45978     88.892 0.0000e+00
   39.73342  -71.42382     60.743     60.270    13.0785    34.9723      8.051     0.1759 9.9999e+04  1026.6266    13.0702    26.3572     7.5213    229.012    8.45561  257.45918     88.951 0.0000e+00
   39.73342  -71.42382     60.711     60.239    13.0780    34.9723      8.051     0.1625 9.9999e+04  1026.6271    13.0697    26.3574     7.5163    228.860    8.45569  257.46162     88.891 0.0000e+00
   39.73342  -71.42382     60.692     60.220    13.0782    34.9724      8.051     0.1625 9.9999e+04  1026.6269    13.0699    26.3575     7.5153    228.830    8.45587  257.46728     88.877 0.0000e+00
   39.73342  -71.42382     60.651     60.178    13.0784    34.9724      8.051     0.1491 9.9999e+04  1026.6266    13.0700    26.3575     7.5251    229.126    8.45593  257.46883     88.992 0.0000e+00
   39.73342  -71.42382     60.620     60.148    13.0782    34.9724      8.051     0.1625 9.9999e+04  1026.6267    13.0698    26.3574     7.5202    228.977    8.45599  257.47063     88.933 0.0000e+00
   39.73342  -71.42382     60.590     60.118    13.0787    34.9721      8.051     0.1625 9.9999e+04  1026.6259    13.0704    26.3572     7.5144    228.802    8.45599  257.47055     88.865 0.0000e+00
   39.73342  -71.42382     60.548     60.077    13.0785    34.9721      8.051     0.1625 9.9999e+04  1026.6259    13.0702    26.3572     7.5132    228.764    8.45600  257.47067     88.850 0.0000e+00
   39.73342  -71.42382     60.518     60.047    13.0785    34.9721      8.051     0.1625 9.9999e+04  1026.6259    13.0702    26.3572     7.5118    228.720    8.45600  257.47083     88.833 0.0000e+00
   39.73342  -71.42382     60.487     60.017    13.0785    34.9721      8.051     0.1625 9.9999e+04  1026.6258    13.0702    26.3571     7.5155    228.833    8.45606  257.47250     88.877 0.0000e+00
   39.73342  -71.42382     60.435     59.965    13.0789    34.9718      8.051     0.1625 9.9999e+04  1026.6251    13.0705    26.3569     7.5149    228.817    8.45605  257.47220     88.871 0.0000e+00
   39.73342  -71.42382     60.405     59.934    13.0789    34.9716      8.051     0.1625 9.9999e+04  1026.6245    13.0706    26.3567     7.5142    228.796    8.45603  257.47166     88.863 0.0000e+00
   39.73342  -71.42382     60.374     59.904    13.0784    34.9716      8.051     0.1625 9.9999e+04  1026.6251    13.0701    26.3567     7.5188    228.934    8.45613  257.47485     88.915 0.0000e+00
   39.73342  -71.42382     60.323     59.853    13.0790    34.9714      8.051     0.1625 9.9999e+04  1026.6242    13.0707    26.3566     7.5192    228.946    8.45631  257.48039     88.918 0.0000e+00
   39.73342  -71.42382     60.283     59.814    13.0787    34.9712      8.051     0.1625 9.9999e+04  1026.6241    13.0704    26.3564     7.5136    228.775    8.45647  257.48532     88.850 0.0000e+00
   39.73342  -71.42382     60.241     59.773    13.0792    34.9710      8.051     0.1625 9.9999e+04  1026.6234    13.0709    26.3562     7.5183    228.921    8.45668  257.49195     88.904 0.0000e+00
   39.73342  -71.42382     60.211     59.742    13.0787    34.9709      8.051     0.1625 9.9999e+04  1026.6236    13.0704    26.3562     7.5125    228.742    8.45690  257.49841     88.832 0.0000e+00
   39.73342  -71.42382     60.149     59.681    13.0789    34.9709      8.051     0.1625 9.9999e+04  1026.6232    13.0706    26.3562     7.5169    228.876    8.45702  257.50193     88.883 0.0000e+00
   39.73342  -71.42382     60.118     59.651    13.0789    34.9707      8.051     0.1625 9.9999e+04  1026.6228    13.0706    26.3560     7.5113    228.705    8.45716  257.50620     88.815 0.0000e+00
   39.73342  -71.42382     60.077     59.609    13.0789    34.9705      8.051     0.1625 9.9999e+04  1026.6225    13.0706    26.3558     7.5108    228.691    8.45733  257.51120     88.808 0.0000e+00
   39.73342  -71.42382     60.037     59.570    13.0792    34.9705      8.051     0.1625 9.9999e+04  1026.6222    13.0710    26.3558     7.5206    228.989    8.45735  257.51180     88.924 0.0000e+00
   39.73342  -71.42382     59.976     59.509    13.0794    34.9705      8.051     0.1625 9.9999e+04  1026.6221    13.0711    26.3558     7.5158    228.843    8.45744  257.51430     88.866 0.0000e+00
   39.73342  -71.42382     59.925     59.459    13.0792    34.9703      8.051     0.1625 9.9999e+04  1026.6219    13.0710    26.3555     7.5102    228.673    8.45748  257.51556     88.800 0.0000e+00
   39.73342  -71.42382     59.853     59.387    13.0800    34.9698      8.051     0.1491 9.9999e+04  1026.6206    13.0718    26.3551     7.5144    228.801    8.45755  257.51750     88.849 0.0000e+00
   39.73342  -71.42382     59.802     59.337    13.0805    34.9691      8.051     0.1625 9.9999e+04  1026.6200    13.0723    26.3545     7.5191    228.943    8.45760  257.51906     88.903 0.0000e+00
   39.73342  -71.42382     59.770     59.305    13.0810    34.9684      8.051     0.1625 9.9999e+04  1026.6191    13.0728    26.3538     7.5196    228.958    8.45760  257.51913     88.909 0.0000e+00
   39.73342  -71.42382     59.740     59.275    13.0815    34.9675      8.051     0.1894 9.9999e+04  1026.6182    13.0733    26.3530     7.5193    228.950    8.45764  257.52003     88.906 -9.990e-29
   39.73342  -71.42382     59.740     59.275    13.0824    34.9666      8.051     0.1894 9.9999e+04  1026.6174    13.0742    26.3521     7.5195    228.956    8.45764  257.52012     88.908 -9.990e-29
   39.73342  -71.42382     59.740     59.275    13.0827    34.9655      8.051     0.1894 9.9999e+04  1026.6163    13.0745    26.3511     7.5196    228.959    8.45766  257.52067     88.909 -9.990e-29
   39.73342  -71.42382     59.751     59.286    13.0835    34.9644      8.051     0.1894 9.9999e+04  1026.6153    13.0753    26.3502     7.5248    229.117    8.45769  257.52153     88.970 -9.990e-29
   39.73342  -71.42382     59.770     59.305    13.0841    34.9636      8.051     0.1894 9.9999e+04  1026.6147    13.0758    26.3494     7.5252    229.130    8.45771  257.52225     88.975 -9.990e-29
   39.73342  -71.42382     59.751     59.286    13.0849    34.9629      8.051     0.1894 9.9999e+04  1026.6139    13.0767    26.3487     7.5203    228.980    8.45778  257.52424     88.916 0.0000e+00
   39.73342  -71.42382     59.730     59.265    13.0856    34.9623      8.051     0.1894 9.9999e+04  1026.6132    13.0774    26.3481     7.5250    229.123    8.45774  257.52288     88.972 0.0000e+00
   39.73342  -71.42382     59.720     59.256    13.0864    34.9623      8.051     0.1894 9.9999e+04  1026.6125    13.0782    26.3477     7.5250    229.122    8.45774  257.52277     88.972 -9.990e-29
   39.73344  -71.42376     59.720     59.256    13.0867    34.9623      8.051     0.1894 9.9999e+04  1026.6128    13.0785    26.3479     7.5255    229.137    8.45777  257.52383     88.977 -9.990e-29
   39.73344  -71.42376     59.709     59.245    13.0880    34.9631      8.051     0.1894 9.9999e+04  1026.6134    13.0798    26.3483     7.5258    229.146    8.45775  257.52318     88.981 -9.990e-29
   39.73344  -71.42376     59.719     59.254    13.0896    34.9631      8.051     0.1894 9.9999e+04  1026.6138    13.0814    26.3485     7.5312    229.311    8.45776  257.52311     89.045 -9.990e-29
   39.73344  -71.42376     59.709     59.245    13.0916    34.9631      8.051     0.1894 9.9999e+04  1026.6134    13.0834    26.3482     7.5318    229.329    8.45773  257.52235     89.052 0.0000e+00
   39.73344  -71.42376     59.700     59.235    13.0928    34.9631      8.051     0.1894 9.9999e+04  1026.6125    13.0846    26.3474     7.5323    229.345    8.45773  257.52237     89.058 0.0000e+00
   39.73344  -71.42376     59.689     59.224    13.0936    34.9621      8.051     0.1894 9.9999e+04  1026.6112    13.0853    26.3465     7.5326    229.355    8.45773  257.52229     89.062 0.0000e+00
   39.73344  -71.42376     59.669     59.205    13.0939    34.9620      8.051     0.1894 9.9999e+04  1026.6103    13.0857    26.3458     7.5387    229.539    8.45773  257.52231     89.134 0.0000e+00
   39.73344  -71.42376     59.637     59.173    13.0939    34.9620      8.051     0.1894 9.9999e+04  1026.6102    13.0857    26.3458     7.5341    229.398    8.45771  257.52150     89.079 0.0000e+00
   39.73344  -71.42376     59.618     59.154    13.0943    34.9620      8.051     0.1894 9.9999e+04  1026.6109    13.0861    26.3461     7.5398    229.572    8.45769  257.52111     89.147 0.0000e+00
   39.73344  -71.42376     59.597     59.134    13.0954    34.9620      8.051     0.1894 9.9999e+04  1026.6111    13.0872    26.3463     7.5408    229.602    8.45768  257.52071     89.159 0.0000e+00
   39.73344  -71.42376     59.586     59.123    13.0960    34.9620      8.051     0.1894 9.9999e+04  1026.6108    13.0878    26.3461     7.5468    229.785    8.45767  257.52013     89.230 0.0000e+00
