CalculateIndicators/WaterTemperature/Data/CTD_NYOS/20230517_C22B.cnv
* Sea-Bird SBE 9 Data File:
* FileName = C:\Seabird 9 CTD\Data\2023\202305_offshore\20230517_C24B.hex
* Software Version Seasave V 7.23.2
* Temperature SN = 4590
* Conductivity SN = 3228
* Number of Bytes Per Scan = 44
* Number of Voltage Words = 5
* Number of Scans Averaged by the Deck Unit = 1
* NMEA Latitude = 39 31.93 N
* NMEA Longitude = 071 44.24 W
* NMEA UTC (Time) = May 18 2023  00:37:02
* NMEA baud rate = 4800
** Ship: Seawolf
** Station: 10.7
** Operator: TDK
# nquan = 18
# nvalues = 606                         
# units = specified
# name 0 = latitude: Latitude [deg]
# name 1 = longitude: Longitude [deg]
# name 2 = prDM: Pressure, Digiquartz [db]
# name 3 = depSM: Depth [salt water, m]
# name 4 = t090C: Temperature [ITS-90, deg C]
# name 5 = sal00: Salinity, Practical [PSU]
# name 6 = ph: pH
# name 7 = flECO-AFL: Fluorescence, WET Labs ECO-AFL/FL [mg/m^3]
# name 8 = cpar: CPAR/Corrected Irradiance [%]
# name 9 = density00: Density [density, kg/m^3]
# name 10 = potemp090C: Potential Temperature [ITS-90, deg C]
# name 11 = sigma-100: Density [sigma-1, kg/m^3 ]
# name 12 = sbeox0Mg/L: Oxygen, SBE 43 [mg/l]
# name 13 = sbox0Mm/Kg: Oxygen, SBE 43 [umol/kg]
# name 14 = oxsolMg/L: Oxygen Saturation, Garcia & Gordon [mg/l]
# name 15 = oxsolMm/Kg: Oxygen Saturation, Garcia & Gordon [umol/kg]
# name 16 = sbeox0PS: Oxygen, SBE 43 [% saturation]
# name 17 = flag: flag
# span 0 =   39.53195,   39.53234       
# span 1 =  -71.73736,  -71.73205       
# span 2 =      1.000,    304.000       
# span 3 =      0.993,    301.462       
# span 4 =    10.4516,    15.1461       
# span 5 =    34.0817,    35.7734       
# span 6 =      7.852,      8.130       
# span 7 =    -0.1069,     0.6135       
# span 8 = -2.238e+04, 1.0336e+05       
# span 9 =  1025.3568,  1028.5194       
# span 10 =    10.4150,    15.1309      
# span 11 =    29.7125,    31.6015      
# span 12 =     4.2281,     8.7695      
# span 13 =    128.644,    267.137      
# span 14 =    8.07468,    8.91490      
# span 15 =  245.81960,  271.22813      
# span 16 =     47.831,    103.853      
# span 17 = 0.0000e+00, 0.0000e+00      
# interval = decibars: 1                
# start_time = May 18 2023 00:37:05 [System UTC, first data scan.]
# bad_flag = -9.990e-29
*END*
[from data line 563]
   39.53195  -71.73229     43.000     42.668    13.2799    34.8633      8.097     0.2228 5.0640e-11  1026.4227    13.2739    30.6211     7.9778    242.942    8.45718  257.53952     94.332 0.0000e+00
   39.53196  -71.73229     42.000     41.676    13.1118    34.7919      8.098     0.2630 5.0640e-11  1026.3971    13.1060    30.6035     8.0290    244.510    8.48105  258.27601     94.670 0.0000e+00
   39.53198  -71.73233     41.000     40.684    13.0444    34.7536      8.098     0.3167 5.0640e-11  1026.3759    13.0388    30.5883     8.0636    245.567    8.45814  257.58102     95.336 0.0000e+00
   39.53196  -71.73229     40.000     39.691    13.0311    34.7294      8.102     0.4543 5.0640e-11  1026.3559    13.0256    30.5732     8.1485    248.154    8.42988  256.72407     96.662 0.0000e+00
   39.53197  -71.73231     39.000     38.699    13.2487    34.7550      8.109     0.5564 5.0640e-11  1026.3271    13.2433    30.5446     8.2423    251.020    8.39360  255.62798     98.197 0.0000e+00
   39.53198  -71.73234     38.000     37.707    13.5573    34.7765      8.119     0.5672 5.0640e-11  1026.2760    13.5520    30.4921     8.2510    251.286    8.38048  255.22909     98.455 0.0000e+00
   39.53198  -71.73234     37.000     36.715    13.5703    34.7858      8.121     0.5008 5.0640e-11  1026.2759    13.5651    30.4961     8.2837    252.284    8.38390  255.33416     98.805 0.0000e+00
   39.53197  -71.73229     36.000     35.723    13.5862    34.7909      8.124     0.4785 5.0640e-11  1026.2723    13.5812    30.4966     8.3059    252.959    8.39427  255.65139     98.947 0.0000e+00
   39.53197  -71.73229     35.000     34.730    13.5347    34.7680      8.128     0.4742 5.0640e-11  1026.2607    13.5297    30.4905     8.3455    254.171    8.41404  256.25694     99.186 0.0000e+00
   39.53197  -71.73228     34.000     33.738    13.4271    34.7201      8.129     0.4935 5.0640e-11  1026.2414    13.4223    30.4779     8.4417    257.107    8.44733  257.27781     99.934 0.0000e+00
   39.53197  -71.73228     33.000     32.746    13.2997    34.6525      8.130     0.4782 5.0640e-11  1026.2104    13.2951    30.4542     8.4926    258.659    8.46892  257.93821    100.280 0.0000e+00
   39.53198  -71.73230     32.000     31.754    13.1703    34.5997      8.129     0.4270 5.0640e-11  1026.1915    13.1659    30.4425     8.5685    260.978    8.45883  257.63882    101.297 0.0000e+00
   39.53198  -71.73229     31.000     30.761    13.0753    34.5504      8.128     0.4053 5.0640e-11  1026.1672    13.0710    30.4247     8.5941    261.773    8.41271  256.24780    102.156 0.0000e+00
   39.53198  -71.73228     30.000     29.769    13.1252    34.5537      8.129     0.4043 5.0640e-11  1026.1565    13.1211    30.4176     8.6390    263.140    8.39157  255.60375    102.949 0.0000e+00
   39.53196  -71.73222     29.000     28.777    13.3874    34.5661      8.129     0.3369 5.0640e-11  1026.1072    13.3834    30.3676     8.6557    263.652    8.39041  255.57174    103.162 0.0000e+00
   39.53196  -71.73220     28.000     27.785    13.6757    34.5889      8.129     0.2969 5.0640e-11  1026.0618    13.6718    30.3212     8.5562    260.652    8.37685  255.18704    102.141 0.0000e+00
   39.53196  -71.73224     27.000     26.793    13.8172    34.5977      8.128     0.2543 5.0640e-11  1026.0347    13.8134    30.2958     8.5565    260.670    8.39157  255.64573    101.965 0.0000e+00
   39.53196  -71.73224     26.000     25.800    13.7237    34.4628      8.129     0.2167 5.0640e-11  1025.9455    13.7200    30.2137     8.5019    259.024    8.37049  255.02088    101.570 0.0000e+00
   39.53196  -71.73219     25.000     24.808    13.6499    34.3920      8.128     0.2126 5.0640e-11  1025.9016    13.6464    30.1760     8.5342    260.029    8.32701  253.71636    102.489 0.0000e+00
   39.53196  -71.73219     24.000     23.816    13.9619    34.3161      8.123     0.1838 5.0640e-11  1025.7733    13.9585    30.0469     8.4985    258.951    8.30690  253.11187    102.306 0.0000e+00
   39.53196  -71.73220     23.000     22.823    14.1628    34.3148 -9.990e-29     0.1432 5.0640e-11  1025.7260    14.1595    30.0004     8.3586    254.687    8.29024  252.60470    100.824 0.0000e+00
   39.53197  -71.73219     22.000     21.831    14.2194    34.3154 -9.990e-29     0.1226 5.0640e-11  1025.7097    14.2162    29.9874     8.3423    254.196    8.27726  252.21292    100.786 0.0000e+00
   39.53196  -71.73217     21.000     20.839    14.3148    34.3278      8.121     0.1187 5.0640e-11  1025.6949    14.3118    29.9752     8.2977    252.840    8.25974  251.68185    100.460 0.0000e+00
   39.53196  -71.73218     20.000     19.847    14.4126    34.3324      8.121     0.1005 5.0640e-11  1025.6728    14.4097    29.9557     8.2848    252.453    8.24492  251.23683    100.484 0.0000e+00
   39.53196  -71.73218     19.000     18.854    14.5020    34.3363      8.120     0.1027 5.0640e-11  1025.6523    14.4992    29.9379     8.2695    251.990    8.24259  251.16859    100.327 0.0000e+00
   39.53196  -71.73217     18.000     17.862    14.5327    34.3285      8.118     0.0898 5.0640e-11  1025.6357    14.5300    29.9252     8.2303    250.793    8.23962  251.07788     99.886 0.0000e+00
   39.53196  -71.73213     17.000     16.870    14.5819    34.3205      8.117     0.0937 5.0640e-11  1025.6142    14.5794    29.9073     8.2076    250.112    8.22296  250.57879     99.814 0.0000e+00
   39.53196  -71.73212     16.000     15.877    14.6234    34.3152      8.116     0.0744 5.0640e-11  1025.5969    14.6211    29.8937     8.2099    250.183    8.22107  250.52204     99.865 0.0000e+00
   39.53196  -71.73212     15.000     14.885    14.6610    34.3111 -9.990e-29     0.0602 5.0640e-11  1025.5811    14.6588    29.8816     8.2051    250.037    8.21835  250.44085     99.839 0.0000e+00
   39.53196  -71.73216     14.000     13.893    14.7052    34.3036 -9.990e-29     0.0523 5.0640e-11  1025.5615    14.7031    29.8658     8.1688    248.933    8.21574  250.36270     99.429 0.0000e+00
   39.53196  -71.73215     13.000     12.901    14.7190    34.3009      8.115     0.0413 5.0640e-11  1025.5518    14.7171    29.8602     8.1596    248.653    8.21397  250.31057     99.338 0.0000e+00
   39.53196  -71.73214     12.000     11.908    14.7326    34.2969      8.115     0.0475 5.0640e-11  1025.5413    14.7308    29.8539     8.1766    249.186    8.21852  250.46225     99.491 0.0000e+00
   39.53196  -71.73210     11.000     10.916    14.7437    34.2774      8.115     0.0549 5.0640e-11  1025.5193    14.7421    29.8362     8.1874    249.523    8.22479  250.66178     99.546 0.0000e+00
   39.53198  -71.73214     10.000      9.924    14.7163    34.2013 -9.990e-29     0.0496 5.0640e-11  1025.4621    14.7149    29.7844     8.1742    249.124    8.22932  250.80326     99.330 0.0000e+00
   39.53196  -71.73210      9.000      8.931    14.6904    34.1553 -9.990e-29     0.0654 5.0640e-11  1025.4281    14.6891    29.7556     8.1831    249.398    8.23624  251.01833     99.355 0.0000e+00
   39.53196  -71.73214      8.000      7.939    14.6587    34.1221 -9.990e-29     0.0621 5.0640e-11  1025.4047    14.6575    29.7375     8.1875    249.534    8.23728  251.05040     99.396 0.0000e+00
   39.53196  -71.73214      7.000      6.946    14.6475    34.1154 -9.990e-29     0.0618 9.8652e+04  1025.3974    14.6465    29.7348     8.2014    249.959    8.23962  251.12337     99.536 0.0000e+00
   39.53196  -71.73206      6.000      5.954    14.6416    34.1065 -9.990e-29     0.0613 7.1207e+04  1025.3874    14.6407    29.7294     8.1995    249.900    8.24102  251.16595     99.496 0.0000e+00
   39.53196  -71.73209      5.000      4.962    14.6325    34.1012 -9.990e-29     0.0600 8.4409e+04  1025.3808    14.6318    29.7274     8.1978    249.850    8.24169  251.18676     99.468 0.0000e+00
   39.53196  -71.73205      4.000      3.970    14.6267    34.1003 -9.990e-29     0.0623 4.1147e+03  1025.3769    14.6261    29.7281     8.1946    249.752    8.24293  251.22435     99.414 0.0000e+00
   39.53196  -71.73210      3.000      2.977    14.6200    34.0975 -9.990e-29     0.0506 5.0640e-11  1025.3717    14.6196    29.7274     8.1983    249.865    8.24320  251.23243     99.456 0.0000e+00
   39.53196  -71.73211      2.000      1.985    14.6205    34.0985 -9.990e-29     0.0489 2.9094e+00  1025.3680    14.6202    29.7281     8.1898    249.605    8.24261  251.21446     99.359 0.0000e+00
   39.53196  -71.73209      1.000      0.993    14.6146    34.0950 -9.990e-29     0.0601 9.7613e+00  1025.3615    14.6145    29.7261     8.1813    249.347    8.24319  251.23288     99.249 0.0000e+00
