CalculateIndicators/WaterTemperature/Data/CTD_NYOS/20230518_C30.cnv
* Sea-Bird SBE 9 Data File:
* FileName = C:\Seabird 9 CTD\Data\2023\202305_offshore\20230518_C30.hex
* Software Version Seasave V 7.23.2
* Temperature SN = 4590
* Conductivity SN = 3228
* Number of Bytes Per Scan = 44
* Number of Voltage Words = 5
* Number of Scans Averaged by the Deck Unit = 1
* NMEA Latitude = 40 40.99 N
* NMEA Longitude = 072 03.52 W
* NMEA UTC (Time) = May 18 2023  18:24:38
* NMEA baud rate = 4800
** Ship: Seawolf
** Station: 11.2
** Operator: TCM
# nquan = 18
# nvalues = 10151                       
# units = specified
# name 0 = latitude: Latitude [deg]
# name 1 = longitude: Longitude [deg]
# name 2 = prDM: Pressure, Digiquartz [db]
# name 3 = depSM: Depth [salt water, m]
# name 4 = t090C: Temperature [ITS-90, deg C]
# name 5 = sal00: Salinity, Practical [PSU]
# name 6 = ph: pH
# name 7 = flECO-AFL: Fluorescence, WET Labs ECO-AFL/FL [mg/m^3]
# name 8 = cpar: CPAR/Corrected Irradiance [%]
# name 9 = density00: Density [density, kg/m^3]
# name 10 = potemp090C: Potential Temperature [ITS-90, deg C]
# name 11 = sigma-é00: Density [sigma-theta, kg/m^3]
# name 12 = sbeox0Mg/L: Oxygen, SBE 43 [mg/l]
# name 13 = sbox0Mm/Kg: Oxygen, SBE 43 [umol/kg]
# name 14 = oxsolMg/L: Oxygen Saturation, Garcia & Gordon [mg/l]
# name 15 = oxsolMm/Kg: Oxygen Saturation, Garcia & Gordon [umol/kg]
# name 16 = sbeox0PS: Oxygen, SBE 43 [% saturation]
# name 17 = flag:  0.000e+00
# span 0 =   40.68268,   40.68330       
# span 1 =  -72.05880,  -72.05874       
# span 2 =      1.829,     46.148       
# span 3 =      1.815,     45.786       
# span 4 =     6.7659,    12.9190       
# span 5 =    31.2057,    32.8149       
# span 6 =      7.879,      8.124       
# span 7 =    -0.0121,     0.9147       
# span 8 = 4.4492e-02, 3.1036e+02       
# span 9 =  1023.5461,  1025.9328       
# span 10 =     6.7625,    12.9183      
# span 11 =    23.5302,    25.7285      
# span 12 =     8.1073,     9.5589      
# span 13 =    247.005,    291.337      
# span 14 =    8.68283,    9.84095      
# span 15 =  265.09783,  299.82120      
# span 16 =     82.409,    106.126      
# span 17 = 0.0000e+00, 0.0000e+00      
# interval = seconds: 0.0416667
# start_time = May 18 2023 18:24:40 [System UTC, first data scan.]
# bad_flag = -9.990e-29
*END*
[from data line 6191]
   40.68296  -72.05876     20.365     20.207    10.3520    32.7177      8.113     0.6057 1.9448e+00  1025.2035    10.3497    25.1114     9.4838    289.121    9.07792  276.74628    104.471 0.0000e+00
   40.68296  -72.05876     20.355     20.197    10.3535    32.7170      8.113     0.6057 1.9362e+00  1025.2025    10.3512    25.1107     9.4777    288.934    9.07778  276.74216    104.406 0.0000e+00
   40.68296  -72.05876     20.344     20.186    10.3547    32.7165      8.113     0.6057 1.9365e+00  1025.2014    10.3524    25.1100     9.4765    288.897    9.07769  276.73919    104.393 0.0000e+00
   40.68296  -72.05876     20.333     20.175    10.3545    32.7165      8.113     0.6057 1.9440e+00  1025.2012    10.3522    25.1098     9.4753    288.862    9.07772  276.74019    104.380 0.0000e+00
   40.68296  -72.05876     20.304     20.147    10.3535    32.7164      8.113     0.6192 1.9478e+00  1025.2020    10.3512    25.1101     9.4741    288.825    9.07778  276.74199    104.366 0.0000e+00
   40.68296  -72.05876     20.293     20.136    10.3537    32.7164      8.113     0.6192 1.9495e+00  1025.2021    10.3514    25.1102     9.4782    288.950    9.07758  276.73569    104.414 0.0000e+00
   40.68296  -72.05876     20.263     20.106    10.3547    32.7164      8.113     0.6326 1.9747e+00  1025.2017    10.3523    25.1099     9.4722    288.766    9.07730  276.72765    104.350 -9.990e-29
   40.68296  -72.05876     20.263     20.106    10.3561    32.7160      8.113     0.6326 2.0033e+00  1025.2004    10.3538    25.1094     9.4710    288.731    9.07700  276.71808    104.341 -9.990e-29
   40.68296  -72.05876     20.242     20.085    10.3552    32.7160      8.113     0.6326 2.0398e+00  1025.2007    10.3529    25.1093     9.4745    288.838    9.07582  276.68238    104.393 0.0000e+00
   40.68296  -72.05876     20.223     20.066    10.3550    32.7159      8.113     0.6326 2.1070e+00  1025.2008    10.3527    25.1096     9.4728    288.787    9.07455  276.64421    104.389 0.0000e+00
   40.68296  -72.05876     20.212     20.055    10.3553    32.7158      8.113     0.6326 2.1823e+00  1025.2012    10.3530    25.1096     9.4711    288.735    9.07334  276.60802    104.384 0.0000e+00
   40.68296  -72.05876     20.182     20.025    10.3567    32.7157      8.113     0.6326 2.2678e+00  1025.2002    10.3544    25.1091     9.4645    288.532    9.07282  276.59291    104.317 -9.990e-29
   40.68296  -72.05876     20.182     20.025    10.3568    32.7152      8.113     0.6326 2.3810e+00  1025.1996    10.3545    25.1086     9.4628    288.481    9.07239  276.58031    104.303 -9.990e-29
   40.68296  -72.05876     20.161     20.005    10.3573    32.7149      8.113     0.6326 2.4906e+00  1025.1993    10.3550    25.1083     9.4619    288.456    9.07209  276.57162    104.297 0.0000e+00
   40.68296  -72.05876     20.142     19.985    10.3579    32.7149      8.113     0.6326 2.6109e+00  1025.1986    10.3556    25.1080     9.4657    288.570    9.07153  276.55484    104.345 0.0000e+00
   40.68296  -72.05876     20.131     19.974    10.3571    32.7149      8.113     0.6326 2.7455e+00  1025.1989    10.3548    25.1082     9.4581    288.341    9.07047  276.52327    104.274 0.0000e+00
   40.68296  -72.05876     20.121     19.965    10.3561    32.7152      8.113     0.6326 2.8706e+00  1025.1997    10.3538    25.1087     9.4561    288.281    9.06932  276.48907    104.265 0.0000e+00
   40.68296  -72.05876     20.101     19.944    10.3554    32.7156      8.113     0.6326 2.9873e+00  1025.1999    10.3531    25.1092     9.4542    288.223    9.06825  276.45701    104.256 0.0000e+00
   40.68296  -72.05876     20.081     19.925    10.3550    32.7158      8.113     0.6326 3.0922e+00  1025.2001    10.3527    25.1095     9.4579    288.337    9.06717  276.42477    104.309 0.0000e+00
   40.68296  -72.05876     20.069     19.913    10.3545    32.7160      8.113     0.6326 3.1777e+00  1025.2003    10.3522    25.1097     9.4572    288.316    9.06662  276.40890    104.308 0.0000e+00
   40.68286  -72.05876     20.061     19.905    10.3549    32.7163      8.113     0.6326 3.2538e+00  1025.2000    10.3526    25.1099     9.4572    288.317    9.06676  276.41310    104.306 0.0000e+00
   40.68286  -72.05876     20.040     19.884    10.3540    32.7167      8.113     0.6326 3.3142e+00  1025.2011    10.3517    25.1103     9.4561    288.282    9.06595  276.38815    104.303 0.0000e+00
   40.68286  -72.05876     20.030     19.875    10.3545    32.7167      8.113     0.6326 3.3714e+00  1025.2010    10.3522    25.1103     9.4538    288.212    9.06418  276.33452    104.298 0.0000e+00
   40.68286  -72.05876     20.010     19.854    10.3556    32.7167      8.113     0.6326 3.3959e+00  1025.2002    10.3533    25.1100     9.4514    288.140    9.06236  276.28011    104.293 0.0000e+00
   40.68286  -72.05876     19.989     19.834    10.3565    32.7163      8.113     0.6326 3.4203e+00  1025.2001    10.3542    25.1096     9.4495    288.083    9.06104  276.24077    104.287 -9.990e-29
   40.68286  -72.05876     19.988     19.832    10.3581    32.7157      8.109     0.6326 3.4447e+00  1025.1989    10.3558    25.1089     9.4484    288.051    9.06048  276.22399    104.282 -9.990e-29
   40.68286  -72.05876     19.959     19.804    10.3585    32.7151      8.113     0.6326 3.4494e+00  1025.1983    10.3563    25.1084     9.4478    288.033    9.06040  276.22215    104.276 0.0000e+00
   40.68286  -72.05876     19.949     19.794    10.3586    32.7149      8.113     0.6326 3.4490e+00  1025.1979    10.3563    25.1081     9.4468    288.003    9.06005  276.21238    104.269 0.0000e+00
   40.68286  -72.05876     19.929     19.774    10.3581    32.7149      8.113     0.6326 3.4434e+00  1025.1982    10.3559    25.1081     9.4471    288.012    9.06086  276.23613    104.263 0.0000e+00
   40.68286  -72.05876     19.918     19.763    10.3586    32.7148      8.113     0.5923 3.4186e+00  1025.1980    10.3564    25.1079     9.4482    288.045    9.06243  276.28314    104.257 0.0000e+00
   40.68286  -72.05876     19.908     19.753    10.3597    32.7145      8.113     0.5654 3.3846e+00  1025.1972    10.3574    25.1076     9.4555    288.265    9.06382  276.32327    104.322 0.0000e+00
   40.68286  -72.05876     19.887     19.733    10.3603    32.7142      8.113     0.5654 3.3424e+00  1025.1972    10.3580    25.1073     9.4542    288.224    9.06206  276.26873    104.327 0.0000e+00
   40.68286  -72.05876     19.876     19.722    10.3614    32.7139      8.113     0.5654 3.2743e+00  1025.1965    10.3592    25.1069     9.4516    288.145    9.05922  276.18300    104.331 0.0000e+00
   40.68286  -72.05876     19.857     19.703    10.3622    32.7135      8.113     0.5654 3.1961e+00  1025.1959    10.3599    25.1065     9.4502    288.105    9.05755  276.13397    104.335 0.0000e+00
   40.68286  -72.05876     19.836     19.682    10.3629    32.7133      8.113     0.5654 3.1230e+00  1025.1958    10.3606    25.1061     9.4493    288.076    9.05628  276.09497    104.339 0.0000e+00
   40.68286  -72.05876     19.827     19.673    10.3640    32.7133      8.113     0.5654 3.0379e+00  1025.1951    10.3618    25.1056     9.4472    288.015    9.05412  276.02953    104.342 0.0000e+00
   40.68286  -72.05876     19.817     19.663    10.3659    32.7133      8.113     0.5654 2.9352e+00  1025.1944    10.3636    25.1053     9.4463    287.987    9.05299  275.99556    104.345 0.0000e+00
   40.68286  -72.05876     19.796     19.643    10.3673    32.7136      8.113     0.5654 2.8405e+00  1025.1947    10.3651    25.1054     9.4453    287.956    9.05182  275.96029    104.347 0.0000e+00
   40.68286  -72.05876     19.787     19.633    10.3712    32.7136      8.113     0.5654 2.7601e+00  1025.1956    10.3689    25.1053     9.4503    288.111    9.05108  275.93865    104.411 0.0000e+00
   40.68286  -72.05876     19.765     19.611    10.3781    32.7136      8.113     0.5654 2.6595e+00  1025.1935    10.3758    25.1039     9.4454    287.962    9.05032  275.91566    104.366 0.0000e+00
   40.68286  -72.05876     19.746     19.592    10.3838    32.7119      8.113     0.5654 2.5872e+00  1025.1910    10.3815    25.1015     9.4447    287.941    9.04898  275.87586    104.374 -9.990e-29
   40.68286  -72.05876     19.746     19.592    10.3891    32.7094      8.113     0.5654 2.5176e+00  1025.1878    10.3869    25.0986     9.4495    288.089    9.04814  275.85188    104.436 -9.990e-29
   40.68286  -72.05876     19.725     19.572    10.3945    32.7065      8.108     0.5654 2.4476e+00  1025.1845    10.3922    25.0955     9.4497    288.094    9.04766  275.83814    104.443 0.0000e+00
   40.68286  -72.05876     19.706     19.552    10.3984    32.7038      8.113     0.5654 2.3928e+00  1025.1812    10.3961    25.0928     9.4506    288.122    9.04791  275.84541    104.451 0.0000e+00
   40.68294  -72.05876     19.695     19.542    10.4011    32.7018      8.113     0.5654 2.3472e+00  1025.1791    10.3988    25.0906     9.4574    288.328    9.04841  275.85991    104.520 0.0000e+00
   40.68294  -72.05876     19.685     19.532    10.4040    32.7003      8.113     0.5654 2.3015e+00  1025.1781    10.4018    25.0890     9.4580    288.348    9.04797  275.84617    104.532 0.0000e+00
   40.68294  -72.05876     19.664     19.512    10.4069    32.6987      8.113     0.5654 2.2657e+00  1025.1761    10.4046    25.0874     9.4535    288.210    9.04743  275.82984    104.488 -9.990e-29
   40.68294  -72.05876     19.663     19.510    10.4082    32.6980      8.113     0.5654 2.2391e+00  1025.1740    10.4059    25.0863     9.4597    288.398    9.04700  275.81753    104.561 -9.990e-29
   40.68294  -72.05876     19.655     19.502    10.4075    32.6980      8.113     0.5654 2.2211e+00  1025.1750    10.4052    25.0862     9.4621    288.473    9.04771  275.83886    104.580 0.0000e+00
   40.68294  -72.05876     19.644     19.491    10.4080    32.6980      8.113     0.5654 2.2230e+00  1025.1753    10.4057    25.0865     9.4581    288.351    9.04784  275.84178    104.535 0.0000e+00
   40.68294  -72.05876     19.624     19.472    10.4085    32.6982      8.113     0.5654 2.2699e+00  1025.1751    10.4062    25.0866     9.4571    288.320    9.04696  275.81534    104.534 0.0000e+00
   40.68294  -72.05876     19.613     19.461    10.4083    32.6984      8.113     0.5654 2.3788e+00  1025.1752    10.4061    25.0868     9.4619    288.465    9.04625  275.79407    104.595 0.0000e+00
   40.68294  -72.05876     19.604     19.451    10.4078    32.6984      8.113     0.5654 2.5659e+00  1025.1756    10.4056    25.0870     9.4616    288.456    9.04555  275.77315    104.599 -9.990e-29
   40.68294  -72.05876     19.604     19.451    10.4088    32.6985      8.113     0.5654 2.8506e+00  1025.1756    10.4066    25.0867     9.4667    288.612    9.04472  275.74845    104.665 -9.990e-29
   40.68294  -72.05876     19.573     19.421    10.4107    32.6986      8.113     0.5654 3.2366e+00  1025.1739    10.4085    25.0864     9.4623    288.480    9.04439  275.73887    104.621 0.0000e+00
   40.68294  -72.05876     19.562     19.410    10.4117    32.6985      8.113     0.5654 3.7149e+00  1025.1752    10.4094    25.0863     9.4690    288.684    9.04516  275.76267    104.686 -9.990e-29
   40.68294  -72.05876     19.562     19.410    10.4176    32.6984      8.113     0.5654 4.1593e+00  1025.1745    10.4153    25.0856     9.4711    288.748    9.04638  275.79930    104.695 -9.990e-29
   40.68294  -72.05876     19.543     19.391    10.4244    32.6981      8.113     0.5654 4.3596e+00  1025.1723    10.4221    25.0838     9.4677    288.642    9.04717  275.82264    104.648 0.0000e+00
   40.68294  -72.05876     19.532     19.380    10.4311    32.6963      8.113     0.5654 4.2083e+00  1025.1695    10.4289    25.0815     9.4792    288.993    9.04688  275.81408    104.778 0.0000e+00
   40.68294  -72.05876     19.523     19.371    10.4344    32.6943      8.113     0.5654 3.8865e+00  1025.1672    10.4322    25.0792     9.4804    289.032    9.04642  275.80105    104.797 0.0000e+00
   40.68294  -72.05876     19.502     19.350    10.4373    32.6923      8.108     0.5654 3.5061e+00  1025.1649    10.4350    25.0771     9.4702    288.720    9.04660  275.80687    104.682 0.0000e+00
   40.68294  -72.05876     19.492     19.341    10.4394    32.6906      8.113     0.5654 3.1462e+00  1025.1630    10.4372    25.0753     9.4813    289.058    9.04698  275.81771    104.801 0.0000e+00
   40.68294  -72.05876     19.481     19.330    10.4424    32.6891      8.113     0.5654 2.8582e+00  1025.1620    10.4402    25.0735     9.4878    289.256    9.04719  275.82315    104.870 0.0000e+00
   40.68294  -72.05876     19.472     19.320    10.4485    32.6873      8.113     0.5654 2.6416e+00  1025.1591    10.4463    25.0712     9.4837    289.130    9.04692  275.81428    104.828 0.0000e+00
   40.68294  -72.05876     19.461     19.309    10.4549    32.6853      8.113     0.5654 2.4907e+00  1025.1563    10.4527    25.0686     9.4890    289.291    9.04638  275.79801    104.892 0.0000e+00
   40.68294  -72.05876     19.450     19.298    10.4609    32.6835      8.113     0.5654 2.4007e+00  1025.1539    10.4587    25.0662     9.4837    289.131    9.04607  275.78896    104.838 -9.990e-29
   40.68294  -72.05876     19.451     19.300    10.4669    32.6815      8.113     0.5654 2.3453e+00  1025.1517    10.4647    25.0638     9.4837    289.132    9.04624  275.79430    104.836 -9.990e-29
   40.68294  -72.05876     19.441     19.290    10.4707    32.6797      8.113     0.5654 2.3028e+00  1025.1484    10.4684    25.0617     9.4851    289.174    9.04708  275.82010    104.842 0.0000e+00
   40.68294  -72.05876     19.421     19.270    10.4702    32.6796      8.113     0.5654 2.2824e+00  1025.1479    10.4679    25.0608     9.4861    289.205    9.04774  275.83950    104.845 0.0000e+00
   40.68294  -72.05876     19.390     19.240    10.4735    32.6796      8.113     0.5654 2.2770e+00  1025.1492    10.4713    25.0606     9.4918    289.378    9.04766  275.83657    104.909 0.0000e+00
   40.68294  -72.05876     19.349     19.199    10.4826    32.6791      8.113     0.5654 2.2629e+00  1025.1473    10.4804    25.0593     9.4865    289.217    9.04740  275.82879    104.854 0.0000e+00
   40.68294  -72.05876     19.330     19.180    10.4925    32.6780      8.113     0.5654 2.2593e+00  1025.1438    10.4903    25.0567     9.4866    289.218    9.04764  275.83544    104.852 0.0000e+00
   40.68294  -72.05876     19.298     19.148    10.5000    32.6761      8.113     0.5654 2.2661e+00  1025.1404    10.4978    25.0541     9.4918    289.376    9.04754  275.83163    104.910 0.0000e+00
   40.68294  -72.05876     19.289     19.139    10.5032    32.6744      8.113     0.5654 2.2665e+00  1025.1391    10.5009    25.0520     9.4855    289.184    9.04681  275.80928    104.849 0.0000e+00
   40.68294  -72.05876     19.268     19.118    10.5042    32.6723      8.113     0.5654 2.2646e+00  1025.1372    10.5019    25.0500     9.4840    289.137    9.04611  275.78835    104.840 0.0000e+00
   40.68294  -72.05876     19.238     19.088    10.5072    32.6723      8.113     0.5654 2.2818e+00  1025.1334    10.5050    25.0489     9.4881    289.265    9.04552  275.77066    104.893 0.0000e+00
   40.68294  -72.05876     19.228     19.079    10.5023    32.6723      8.113     0.5654 2.2927e+00  1025.1362    10.5001    25.0503     9.4985    289.582    9.04500  275.75540    105.014 0.0000e+00
   40.68294  -72.05876     19.207     19.058    10.4935    32.6759      8.113     0.5654 2.2927e+00  1025.1396    10.4913    25.0545     9.4872    289.238    9.04422  275.73208    104.898 0.0000e+00
   40.68294  -72.05876     19.176     19.027    10.4836    32.6816      8.113     0.5520 2.3101e+00  1025.1485    10.4814    25.0597     9.4799    289.014    9.04339  275.70719    104.826 0.0000e+00
   40.68294  -72.05876     19.156     19.008    10.4910    32.6834      8.113     0.5386 2.3232e+00  1025.1513    10.4888    25.0620     9.4785    288.974    9.04297  275.69507    104.817 0.0000e+00
