CalculateIndicators/WaterTemperature/Data/CTD_NYOS/20230517_C25A.cnv
* Sea-Bird SBE 9 Data File:
* FileName = C:\Seabird 9 CTD\Data\2023\202305_offshore\20230517_C25A.hex
* Software Version Seasave V 7.23.2
* Temperature SN = 4590
* Conductivity SN = 3228
* Number of Bytes Per Scan = 44
* Number of Voltage Words = 5
* Number of Scans Averaged by the Deck Unit = 1
* NMEA Latitude = 39 44.02 N
* NMEA Longitude = 071 25.33 W
* NMEA UTC (Time) = May 18 2023  04:38:35
* NMEA baud rate = 4800
** Ship: Seawolf
** Station: 11.7
** Operator: TDK
# nquan = 18
# nvalues = 16419                       
# units = specified
# name 0 = latitude: Latitude [deg]
# name 1 = longitude: Longitude [deg]
# name 2 = prDM: Pressure, Digiquartz [db]
# name 3 = depSM: Depth [salt water, m]
# name 4 = t090C: Temperature [ITS-90, deg C]
# name 5 = sal00: Salinity, Practical [PSU]
# name 6 = ph: pH
# name 7 = flECO-AFL: Fluorescence, WET Labs ECO-AFL/FL [mg/m^3]
# name 8 = cpar: CPAR/Corrected Irradiance [%]
# name 9 = density00: Density [density, kg/m^3]
# name 10 = potemp090C: Potential Temperature [ITS-90, deg C]
# name 11 = sigma-é00: Density [sigma-theta, kg/m^3]
# name 12 = sbeox0Mg/L: Oxygen, SBE 43 [mg/l]
# name 13 = sbox0Mm/Kg: Oxygen, SBE 43 [umol/kg]
# name 14 = oxsolMg/L: Oxygen Saturation, Garcia & Gordon [mg/l]
# name 15 = oxsolMm/Kg: Oxygen Saturation, Garcia & Gordon [umol/kg]
# name 16 = sbeox0PS: Oxygen, SBE 43 [% saturation]
# name 17 = flag:  0.000e+00
# span 0 =   39.73318,   39.73380       
# span 1 =  -71.42518,  -71.42216       
# span 2 =      1.870,    102.630       
# span 3 =      1.856,    101.821       
# span 4 =    12.8702,    14.4582       
# span 5 =    33.5979,    35.2541       
# span 6 =      8.005,      8.144       
# span 7 =    -0.1061,     0.9549       
# span 8 = 5.0640e-11, 9.9999e+04       
# span 9 =  1025.2346,  1027.0145       
# span 10 =    12.8578,    14.4565      
# span 11 =    25.2246,    26.5612      
# span 12 =     6.7348,     8.6746      
# span 13 =    205.020,    264.414      
# span 14 =    8.27335,    8.48677      
# span 15 =  252.15699,  258.36426      
# span 16 =     79.910,    102.782      
# span 17 = 0.0000e+00, 0.0000e+00      
# interval = seconds: 0.0416667
# start_time = May 18 2023 04:38:37 [System UTC, first data scan.]
# bad_flag = -9.990e-29
*END*
[from data line 5066]
   39.73360  -71.42310    101.857    101.054    13.1571    35.2453      8.009    -0.0792 5.0640e-11  1027.0058    13.1430    26.5539     6.7549    205.635    8.43488  256.77625     80.083 -9.990e-29
   39.73360  -71.42310    101.847    101.044    13.1575    35.2477      8.009    -0.0792 5.0640e-11  1027.0076    13.1434    26.5557     6.7494    205.467    8.43508  256.78198     80.016 -9.990e-29
   39.73360  -71.42310    101.826    101.024    13.1590    35.2477      8.009    -0.0792 5.0640e-11  1027.0090    13.1449    26.5567     6.7490    205.453    8.43506  256.78107     80.011 -9.990e-29
   39.73360  -71.42310    101.836    101.033    13.1610    35.2477      8.009    -0.0792 5.0640e-11  1027.0086    13.1469    26.5560     6.7485    205.437    8.43485  256.77416     80.007 -9.990e-29
   39.73360  -71.42310    101.817    101.014    13.1618    35.2460      8.009    -0.0792 5.0640e-11  1027.0051    13.1477    26.5539     6.7479    205.418    8.43449  256.76316     80.003 -9.990e-29
   39.73360  -71.42310    101.796    100.993    13.1603    35.2460      8.009    -0.0792 5.0640e-11  1027.0019    13.1462    26.5522     6.7473    205.401    8.43413  256.75220     80.000 -9.990e-29
   39.73360  -71.42310    101.805    101.003    13.1575    35.2460      8.009    -0.0927 5.0640e-11  1027.0028    13.1434    26.5526     6.7470    205.393    8.43404  256.75010     79.997 -9.990e-29
   39.73360  -71.42310    101.774    100.971    13.1571    35.2461      8.009    -0.0927 5.0640e-11  1027.0062    13.1430    26.5545     6.7463    205.371    8.43411  256.75289     79.988 -9.990e-29
   39.73360  -71.42310    101.805    101.003    13.1592    35.2484      8.009    -0.0927 5.0640e-11  1027.0082    13.1451    26.5561     6.7516    205.535    8.43443  256.76275     80.049 -9.990e-29
   39.73360  -71.42310    101.785    100.982    13.1607    35.2495      8.009    -0.0927 5.0640e-11  1027.0081    13.1466    26.5567     6.7470    205.395    8.43461  256.76808     79.992 -9.990e-29
   39.73360  -71.42310    101.765    100.963    13.1617    35.2495      8.009    -0.0927 5.0640e-11  1027.0079    13.1476    26.5566     6.7470    205.393    8.43459  256.76686     79.992 -9.990e-29
   39.73360  -71.42310    101.785    100.982    13.1628    35.2495      8.009    -0.0792 5.0640e-11  1027.0076    13.1487    26.5563     6.7520    205.543    8.43425  256.75579     80.054 -9.990e-29
   39.73360  -71.42310    101.764    100.962    13.1634    35.2492      8.009    -0.0792 5.0640e-11  1027.0071    13.1493    26.5558     6.7470    205.394    8.43389  256.74474     79.999 -9.990e-29
   39.73360  -71.42310    101.765    100.963    13.1639    35.2487      8.009    -0.0927 5.0640e-11  1027.0064    13.1498    26.5554     6.7468    205.386    8.43351  256.73283     80.000 -9.990e-29
   39.73360  -71.42310    101.765    100.963    13.1641    35.2478      8.009    -0.0927 5.0640e-11  1027.0066    13.1500    26.5547     6.7460    205.361    8.43314  256.72174     79.994 -9.990e-29
   39.73360  -71.42310    101.765    100.963    13.1642    35.2455      8.009    -0.0927 5.0640e-11  1027.0050    13.1501    26.5529     6.7461    205.364    8.43309  256.72083     79.995 -9.990e-29
   39.73360  -71.42310    101.753    100.951    13.1632    35.2421      8.009    -0.0927 5.0640e-11  1027.0005    13.1491    26.5505     6.7463    205.372    8.43312  256.72184     79.998 -9.990e-29
   39.73360  -71.42310    101.744    100.942    13.1598    35.2421      8.009    -0.0927 5.0640e-11  1026.9991    13.1457    26.5495     6.7517    205.536    8.43301  256.71856     80.063 -9.990e-29
   39.73360  -71.42310    101.754    100.952    13.1578    35.2421      8.009    -0.0792 5.0640e-11  1027.0014    13.1437    26.5508     6.7475    205.408    8.43319  256.72497     80.011 -9.990e-29
   39.73360  -71.42310    101.744    100.942    13.1566    35.2441      8.009    -0.0927 5.0640e-11  1027.0047    13.1426    26.5531     6.7482    205.429    8.43360  256.73752     80.015 -9.990e-29
   39.73360  -71.42310    101.753    100.951    13.1570    35.2465      8.009    -0.0927 5.0640e-11  1027.0066    13.1429    26.5550     6.7481    205.426    8.43382  256.74393     80.012 -9.990e-29
   39.73360  -71.42310    101.744    100.942    13.1578    35.2478      8.009    -0.0792 5.0640e-11  1027.0073    13.1437    26.5559     6.7485    205.440    8.43387  256.74519     80.017 -9.990e-29
   39.73360  -71.42310    101.744    100.942    13.1586    35.2484      8.009    -0.0927 5.0640e-11  1027.0075    13.1445    26.5562     6.7489    205.449    8.43370  256.73923     80.022 -9.990e-29
   39.73360  -71.42310    101.744    100.942    13.1597    35.2484      8.009    -0.0927 5.0640e-11  1027.0073    13.1456    26.5561     6.7481    205.424    8.43288  256.71320     80.021 -9.990e-29
   39.73360  -71.42310    101.743    100.941    13.1605    35.2484      8.009    -0.0927 5.0640e-11  1027.0071    13.1464    26.5558     6.7530    205.574    8.43189  256.68292     80.089 -9.990e-29
   39.73360  -71.42310    101.744    100.942    13.1613    35.2474      8.009    -0.0927 5.0640e-11  1027.0067    13.1472    26.5549     6.7478    205.415    8.43129  256.66496     80.032 -9.990e-29
   39.73360  -71.42310    101.724    100.922    13.1615    35.2452      8.009    -0.0927 5.0640e-11  1027.0044    13.1474    26.5533     6.7477    205.414    8.43128  256.66605     80.032 -9.990e-29
   39.73360  -71.42310    101.744    100.942    13.1595    35.2430      8.009    -0.0927 5.0640e-11  1027.0018    13.1454    26.5518     6.7487    205.444    8.43171  256.67956     80.039 -9.990e-29
   39.73360  -71.42310    101.732    100.930    13.1570    35.2430      8.009    -0.0792 5.0640e-11  1027.0022    13.1429    26.5515     6.7548    205.632    8.43201  256.68871     80.109 -9.990e-29
   39.73360  -71.42310    101.744    100.942    13.1561    35.2430      8.009    -0.0792 5.0640e-11  1027.0030    13.1420    26.5524     6.7563    205.675    8.43216  256.69285     80.125 -9.990e-29
   39.73360  -71.42310    101.733    100.931    13.1558    35.2430      8.009    -0.0792 5.0640e-11  1027.0056    13.1417    26.5535     6.7566    205.683    8.43170  256.67773     80.133 -9.990e-29
   39.73360  -71.42310    101.724    100.922    13.1575    35.2430      8.009    -0.0658 5.0640e-11  1027.0057    13.1434    26.5531     6.7565    205.682    8.43084  256.65073     80.141 -9.990e-29
   39.73360  -71.42310    101.732    100.930    13.1576    35.2408      8.009    -0.0792 5.0640e-11  1027.0017    13.1436    26.5508     6.7565    205.682    8.43004  256.62612     80.148 -9.990e-29
   39.73360  -71.42310    101.733    100.931    13.1540    35.2368      8.009    -0.0792 5.0640e-11  1026.9986    13.1399    26.5482     6.7567    205.687    8.42940  256.60685     80.156 -9.990e-29
   39.73360  -71.42310    101.724    100.922    13.1498    35.2340      8.009    -0.0792 5.0640e-11  1026.9969    13.1357    26.5468     6.7570    205.696    8.42896  256.59353     80.164 -9.990e-29
   39.73360  -71.42310    101.724    100.922    13.1457    35.2340      8.009    -0.0792 5.0640e-11  1026.9975    13.1316    26.5468     6.7573    205.706    8.42854  256.58118     80.172 -9.990e-29
   39.73360  -71.42310    101.732    100.930    13.1428    35.2340      8.009    -0.0658 5.0640e-11  1026.9986    13.1288    26.5479     6.7578    205.721    8.42827  256.57348     80.180 -9.990e-29
   39.73360  -71.42310    101.712    100.911    13.1398    35.2354      8.009    -0.0792 5.0640e-11  1027.0005    13.1258    26.5498     6.7585    205.741    8.42826  256.57343     80.188 -9.990e-29
   39.73360  -71.42310    101.724    100.922    13.1383    35.2377      8.009    -0.0658 5.0640e-11  1027.0036    13.1242    26.5518     6.7585    205.744    8.42828  256.57390     80.189 -9.990e-29
   39.73360  -71.42310    101.724    100.922    13.1390    35.2383      8.009    -0.0792 5.0640e-11  1027.0047    13.1249    26.5530     6.7591    205.762    8.42821  256.57179     80.197 -9.990e-29
   39.73360  -71.42310    101.722    100.920    13.1393    35.2383      8.009    -0.0792 5.0640e-11  1027.0046    13.1252    26.5530     6.7597    205.778    8.42805  256.56699     80.204 -9.990e-29
   39.73360  -71.42310    101.712    100.911    13.1393    35.2383      8.009    -0.0658 5.0640e-11  1027.0031    13.1252    26.5524     6.7655    205.955    8.42794  256.56346     80.274 -9.990e-29
   39.73360  -71.42310    101.712    100.911    13.1386    35.2374      8.009    -0.0792 5.0640e-11  1027.0024    13.1246    26.5517     6.7614    205.832    8.42788  256.56178     80.227 -9.990e-29
   39.73360  -71.42310    101.712    100.911    13.1376    35.2369      8.009    -0.0792 5.0640e-11  1027.0027    13.1236    26.5515     6.7613    205.828    8.42772  256.55707     80.227 -9.990e-29
   39.73360  -71.42310    101.711    100.909    13.1370    35.2363      8.009    -0.0792 5.0640e-11  1027.0022    13.1229    26.5512     6.7612    205.826    8.42766  256.55510     80.227 -9.990e-29
   39.73360  -71.42310    101.703    100.901    13.1363    35.2357      8.009    -0.0792 5.0640e-11  1027.0016    13.1222    26.5509     6.7670    206.001    8.42756  256.55220     80.296 -9.990e-29
   39.73360  -71.42310    101.712    100.911    13.1356    35.2355      8.009    -0.0658 5.0640e-11  1027.0020    13.1216    26.5508     6.7682    206.037    8.42758  256.55267     80.310 -9.990e-29
   39.73360  -71.42310    101.703    100.901    13.1358    35.2355      8.009    -0.0792 5.0640e-11  1027.0015    13.1217    26.5506     6.7693    206.070    8.42751  256.55052     80.323 -9.990e-29
   39.73360  -71.42310    101.690    100.889    13.1349    35.2355      8.009    -0.0792 5.0640e-11  1027.0008    13.1209    26.5507     6.7697    206.083    8.42742  256.54780     80.329 -9.990e-29
   39.73360  -71.42310    101.703    100.901    13.1334    35.2359      8.009    -0.0792 5.0640e-11  1027.0021    13.1194    26.5516     6.7655    205.954    8.42739  256.54684     80.279 -9.990e-29
   39.73360  -71.42310    101.693    100.891    13.1327    35.2380      8.009    -0.0792 5.0640e-11  1027.0042    13.1187    26.5532     6.7705    206.108    8.42733  256.54517     80.340 -9.990e-29
   39.73360  -71.42310    101.682    100.880    13.1331    35.2399      8.009    -0.0792 5.0640e-11  1027.0063    13.1190    26.5546     6.7709    206.119    8.42733  256.54537     80.344 -9.990e-29
   39.73360  -71.42310    101.690    100.889    13.1349    35.2399      8.009    -0.0792 5.0640e-11  1027.0065    13.1209    26.5549     6.7712    206.130    8.42732  256.54504     80.348 -9.990e-29
   39.73360  -71.42310    101.682    100.880    13.1373    35.2399      8.009    -0.0792 5.0640e-11  1027.0054    13.1232    26.5540     6.7715    206.139    8.42736  256.54611     80.352 -9.990e-29
   39.73360  -71.42310    101.672    100.871    13.1386    35.2378      8.009    -0.0792 5.0640e-11  1027.0030    13.1246    26.5522     6.7717    206.145    8.42731  256.54470     80.354 -9.990e-29
   39.73360  -71.42310    101.672    100.871    13.1391    35.2356      8.009    -0.0792 5.0640e-11  1027.0005    13.1251    26.5503     6.7719    206.150    8.42730  256.54436     80.357 -9.990e-29
   39.73360  -71.42310    101.681    100.879    13.1378    35.2356      8.009    -0.0792 5.0640e-11  1026.9996    13.1237    26.5496     6.7720    206.155    8.42730  256.54453     80.358 -9.990e-29
   39.73360  -71.42310    101.661    100.860    13.1365    35.2356      8.009    -0.0792 5.0640e-11  1027.0005    13.1224    26.5505     6.7783    206.347    8.42773  256.55822     80.429 -9.990e-29
   39.73360  -71.42310    101.661    100.860    13.1355    35.2378      8.009    -0.0658 5.0640e-11  1027.0035    13.1214    26.5525     6.7743    206.225    8.42840  256.57888     80.375 -9.990e-29
   39.73360  -71.42310    101.661    100.860    13.1365    35.2405      8.009    -0.0658 5.0640e-11  1027.0058    13.1224    26.5545     6.7747    206.238    8.42892  256.59462     80.375 -9.990e-29
   39.73360  -71.42310    101.660    100.858    13.1380    35.2425      8.009    -0.0792 5.0640e-11  1027.0068    13.1239    26.5557     6.7751    206.249    8.42873  256.58783     80.382 -9.990e-29
   39.73360  -71.42310    101.640    100.839    13.1398    35.2425      8.009    -0.0792 5.0640e-11  1027.0074    13.1257    26.5560     6.7748    206.237    8.42838  256.57695     80.380 -9.990e-29
   39.73360  -71.42310    101.651    100.850    13.1422    35.2425      8.009    -0.0792 5.0640e-11  1027.0064    13.1281    26.5552     6.7746    206.232    8.42833  256.57570     80.378 -9.990e-29
   39.73360  -71.42310    101.640    100.839    13.1433    35.2416      8.009    -0.0792 5.0640e-11  1027.0039    13.1293    26.5540     6.7796    206.385    8.42833  256.57567     80.438 -9.990e-29
   39.73360  -71.42310    101.650    100.849    13.1430    35.2407      8.009    -0.0792 5.0640e-11  1027.0043    13.1289    26.5533     6.7747    206.235    8.42831  256.57485     80.380 -9.990e-29
   39.73360  -71.42310    101.640    100.839    13.1437    35.2395      8.009    -0.0792 5.0640e-11  1027.0040    13.1296    26.5523     6.7795    206.383    8.42824  256.57255     80.438 -9.990e-29
   39.73360  -71.42310    101.631    100.829    13.1440    35.2374      8.009    -0.0792 5.0640e-11  1027.0004    13.1300    26.5507     6.7750    206.245    8.42809  256.56805     80.386 -9.990e-29
   39.73360  -71.42310    101.639    100.838    13.1420    35.2374      8.009    -0.0792 5.0640e-11  1027.0000    13.1279    26.5500     6.7745    206.230    8.42800  256.56538     80.381 -9.990e-29
   39.73360  -71.42310    101.631    100.829    13.1405    35.2374      8.009    -0.0658 5.0640e-11  1027.0009    13.1264    26.5506     6.7740    206.216    8.42803  256.56672     80.375 -9.990e-29
   39.73360  -71.42310    101.631    100.829    13.1398    35.2384      8.009    -0.0658 5.0640e-11  1027.0019    13.1258    26.5522     6.7737    206.204    8.42818  256.57113     80.369 -9.990e-29
   39.73360  -71.42310    101.631    100.829    13.1395    35.2420      8.009    -0.0792 5.0640e-11  1027.0054    13.1254    26.5548     6.7731    206.188    8.42825  256.57322     80.362 -9.990e-29
   39.73360  -71.42310    101.639    100.838    13.1425    35.2460      8.009    -0.0792 5.0640e-11  1027.0092    13.1285    26.5574     6.7724    206.166    8.42814  256.56981     80.355 -9.990e-29
   39.73360  -71.42310    101.631    100.829    13.1474    35.2460      8.009    -0.0792 5.0640e-11  1027.0103    13.1333    26.5582     6.7717    206.144    8.42808  256.56785     80.347 -9.990e-29
   39.73360  -71.42310    101.631    100.829    13.1514    35.2460      8.009    -0.0792 5.0640e-11  1027.0082    13.1373    26.5567     6.7716    206.140    8.42807  256.56770     80.345 -9.990e-29
   39.73360  -71.42310    101.640    100.839    13.1531    35.2437      8.009    -0.0792 5.0640e-11  1027.0036    13.1390    26.5539     6.7708    206.116    8.42803  256.56623     80.336 -9.990e-29
   39.73360  -71.42310    101.639    100.838    13.1514    35.2430      8.009    -0.0792 5.0640e-11  1027.0019    13.1373    26.5520     6.7698    206.087    8.42787  256.56124     80.327 -9.990e-29
   39.73360  -71.42310    101.640    100.839    13.1501    35.2430      8.009    -0.0792 5.0640e-11  1027.0013    13.1360    26.5519     6.7689    206.060    8.42782  256.55986     80.317 -9.990e-29
   39.73360  -71.42310    101.651    100.850    13.1484    35.2430      8.009    -0.0792 5.0640e-11  1027.0037    13.1343    26.5538     6.7687    206.054    8.42788  256.56199     80.313 -9.990e-29
   39.73360  -71.42310    101.640    100.839    13.1492    35.2472      8.009    -0.0658 5.0640e-11  1027.0080    13.1352    26.5569     6.7684    206.045    8.42794  256.56346     80.310 -9.990e-29
