CalculateIndicators/WaterTemperature/Data/CTD_NYOS/20230515_C04.cnv
* Sea-Bird SBE 9 Data File:
* FileName = C:\Seabird 9 CTD\Data\2023\202305_offshore\20230515_C04.hex
* Software Version Seasave V 7.23.2
* Temperature SN = 4590
* Conductivity SN = 3228
* Number of Bytes Per Scan = 44
* Number of Voltage Words = 5
* Number of Scans Averaged by the Deck Unit = 1
* NMEA Latitude = 40 04.79 N
* NMEA Longitude = 073 04.04 W
* NMEA UTC (Time) = May 15 2023  14:34:09
* NMEA baud rate = 4800
** Ship: Seawolf
** Station: 8.3
** Operator: SJW
# nquan = 18
# nvalues = 9706                        
# units = specified
# name 0 = latitude: Latitude [deg]
# name 1 = longitude: Longitude [deg]
# name 2 = prDM: Pressure, Digiquartz [db]
# name 3 = depSM: Depth [salt water, m]
# name 4 = t090C: Temperature [ITS-90, deg C]
# name 5 = sal00: Salinity, Practical [PSU]
# name 6 = ph: pH
# name 7 = flECO-AFL: Fluorescence, WET Labs ECO-AFL/FL [mg/m^3]
# name 8 = cpar: CPAR/Corrected Irradiance [%]
# name 9 = density00: Density [density, kg/m^3]
# name 10 = potemp090C: Potential Temperature [ITS-90, deg C]
# name 11 = sigma-é00: Density [sigma-theta, kg/m^3]
# name 12 = sbeox0Mg/L: Oxygen, SBE 43 [mg/l]
# name 13 = sbox0Mm/Kg: Oxygen, SBE 43 [umol/kg]
# name 14 = oxsolMg/L: Oxygen Saturation, Garcia & Gordon [mg/l]
# name 15 = oxsolMm/Kg: Oxygen Saturation, Garcia & Gordon [umol/kg]
# name 16 = sbeox0PS: Oxygen, SBE 43 [% saturation]
# name 17 = flag:  0.000e+00
# span 0 =   40.07954,   40.07984       
# span 1 =  -73.06740,  -73.06642       
# span 2 =      1.833,     39.499       
# span 3 =      1.819,     39.193       
# span 4 =     6.5791,    13.5173       
# span 5 =    31.7184,    32.8866       
# span 6 =      7.793,      8.064       
# span 7 =    -0.0121,    48.4336       
# span 8 = 1.0790e-01, 8.3755e+01       
# span 9 =  1023.7736,  1025.9617       
# span 10 =     6.5767,    13.5170      
# span 11 =    23.7567,    25.7807      
# span 12 =     8.3115,    10.4696      
# span 13 =    253.215,    318.985      
# span 14 =    8.55264,    9.88477      
# span 15 =  261.06641,  301.15329      
# span 16 =     84.269,    110.104      
# span 17 = 0.0000e+00, 0.0000e+00      
# interval = seconds: 0.0416667
# start_time = May 15 2023 14:34:10 [System UTC, first data scan.]
# bad_flag = -9.990e-29
*END*
[from data line 7237]
   40.07964  -73.06676     10.797     10.714    13.0626    31.7787      7.986     0.2431 3.1875e+00  1023.9344    13.0612    23.8864     8.8486    270.076    8.61766  263.02794    102.680 0.0000e+00
   40.07964  -73.06676     10.777     10.695    13.0591    31.7791      7.986     0.2431 3.1965e+00  1023.9356    13.0577    23.8877     8.8475    270.044    8.61671  263.00055    102.678 0.0000e+00
   40.07964  -73.06676     10.766     10.684    13.0552    31.7804      7.981     0.2431 3.2055e+00  1023.9373    13.0538    23.8894     8.8465    270.017    8.61588  262.97653    102.677 0.0000e+00
   40.07964  -73.06676     10.742     10.659    13.0520    31.7820      7.986     0.2431 3.2029e+00  1023.9395    13.0506    23.8911     8.8460    270.001    8.61531  262.96038    102.677 0.0000e+00
   40.07964  -73.06676     10.727     10.644    13.0508    31.7831      7.986     0.2431 3.2119e+00  1023.9405    13.0494    23.8922     8.8463    270.011    8.61548  262.96576    102.679 0.0000e+00
   40.07964  -73.06676     10.706     10.624    13.0504    31.7835      7.981     0.2431 3.2119e+00  1023.9406    13.0489    23.8928     8.8467    270.024    8.61625  262.98926    102.675 0.0000e+00
   40.07964  -73.06676     10.696     10.614    13.0495    31.7837      7.986     0.2431 3.2119e+00  1023.9409    13.0481    23.8931     8.8475    270.046    8.61725  263.01947    102.671 0.0000e+00
   40.07964  -73.06676     10.665     10.583    13.0490    31.7839      7.986     0.2431 3.2300e+00  1023.9407    13.0476    23.8934     8.8487    270.083    8.61807  263.04469    102.676 0.0000e+00
   40.07964  -73.06676     10.655     10.573    13.0478    31.7843      7.986     0.2431 3.2300e+00  1023.9415    13.0464    23.8939     8.8553    270.285    8.61896  263.07102    102.742 0.0000e+00
   40.07964  -73.06676     10.634     10.553    13.0465    31.7849      7.986     0.2431 3.2300e+00  1023.9418    13.0451    23.8946     8.8520    270.183    8.61982  263.09662    102.694 0.0000e+00
   40.07964  -73.06676     10.625     10.543    13.0453    31.7858      7.986     0.2431 3.2300e+00  1023.9426    13.0439    23.8955     8.8533    270.222    8.62053  263.11729    102.700 0.0000e+00
   40.07964  -73.06676     10.595     10.513    13.0436    31.7872      7.981     0.2431 3.2391e+00  1023.9442    13.0422    23.8968     8.8544    270.253    8.62093  263.12853    102.708 0.0000e+00
   40.07964  -73.06676     10.574     10.493    13.0425    31.7885      7.981     0.2431 3.2391e+00  1023.9459    13.0411    23.8980     8.8606    270.444    8.62120  263.13623    102.777 0.0000e+00
   40.07964  -73.06676     10.564     10.483    13.0431    31.7886      7.986     0.2431 3.2391e+00  1023.9458    13.0417    23.8982     8.8622    270.490    8.62139  263.14171    102.793 0.0000e+00
   40.07964  -73.06676     10.544     10.463    13.0436    31.7886      7.981     0.2431 3.2482e+00  1023.9448    13.0422    23.8980     8.8631    270.519    8.62157  263.14688    102.801 0.0000e+00
   40.07964  -73.06676     10.529     10.448    13.0436    31.7888      7.981     0.2431 3.2482e+00  1023.9447    13.0422    23.8980     8.8639    270.543    8.62160  263.14757    102.810 0.0000e+00
   40.07964  -73.06676     10.493     10.412    13.0438    31.7890      7.986     0.2431 3.2456e+00  1023.9452    13.0424    23.8983     8.8649    270.573    8.62176  263.15223    102.820 -9.990e-29
   40.07964  -73.06676     10.493     10.412    13.0449    31.7894      7.986     0.2431 3.2456e+00  1023.9456    13.0435    23.8983     8.8664    270.619    8.62181  263.15370    102.837 -9.990e-29
   40.07964  -73.06676     10.472     10.392    13.0463    31.7894      7.986     0.2431 3.2456e+00  1023.9445    13.0449    23.8981     8.8672    270.644    8.62176  263.15199    102.847 0.0000e+00
   40.07964  -73.06676     10.453     10.373    13.0473    31.7899      7.981     0.2431 3.2456e+00  1023.9445    13.0459    23.8983     8.8680    270.669    8.62168  263.14945    102.857 0.0000e+00
   40.07964  -73.06676     10.423     10.343    13.0473    31.7913      7.986     0.2431 3.2365e+00  1023.9459    13.0459    23.8993     8.8688    270.692    8.62152  263.14452    102.868 0.0000e+00
   40.07964  -73.06676     10.412     10.332    13.0478    31.7931      7.981     0.2431 3.2365e+00  1023.9469    13.0465    23.9007     8.8749    270.878    8.62140  263.14110    102.940 0.0000e+00
   40.07964  -73.06676     10.391     10.311    13.0490    31.7957      7.986     0.2431 3.2365e+00  1023.9484    13.0476    23.9024     8.8709    270.756    8.62116  263.13365    102.897 0.0000e+00
   40.07964  -73.06676     10.372     10.292    13.0514    31.7957      7.981     0.2431 3.2365e+00  1023.9518    13.0500    23.9035     8.8718    270.783    8.62107  263.13120    102.908 0.0000e+00
   40.07964  -73.06676     10.361     10.281    13.0594    31.7957      7.981     0.2431 3.2365e+00  1023.9501    13.0580    23.9022     8.8727    270.811    8.62098  263.12858    102.920 0.0000e+00
   40.07964  -73.06676     10.321     10.242    13.0690    31.7957      7.986     0.2431 3.2365e+00  1023.9442    13.0677    23.8988     8.8731    270.823    8.62098  263.12878    102.924 0.0000e+00
   40.07964  -73.06676     10.300     10.221    13.0743    31.7932      7.986     0.2431 3.2365e+00  1023.9407    13.0730    23.8957     8.8741    270.855    8.62101  263.12940    102.936 0.0000e+00
   40.07964  -73.06676     10.280     10.201    13.0784    31.7923      7.986     0.2431 3.2456e+00  1023.9394    13.0770    23.8943     8.8804    271.047    8.62097  263.12774    103.010 0.0000e+00
   40.07964  -73.06676     10.260     10.182    13.0790    31.7921      7.986     0.2431 3.2456e+00  1023.9402    13.0777    23.8936     8.8814    271.076    8.62088  263.12481    103.022 0.0000e+00
   40.07964  -73.06676     10.229     10.150    13.0819    31.7912      7.981     0.2431 3.2456e+00  1023.9386    13.0805    23.8924     8.8829    271.122    8.62078  263.12170    103.040 0.0000e+00
   40.07964  -73.06674     10.210     10.131    13.0873    31.7894      7.986     0.2431 3.2548e+00  1023.9360    13.0859    23.8901     8.8790    271.004    8.62058  263.11573    102.998 0.0000e+00
   40.07964  -73.06674     10.199     10.120    13.0920    31.7868      7.981     0.2431 3.2548e+00  1023.9330    13.0906    23.8873     8.8843    271.166    8.62021  263.10483    103.064 0.0000e+00
   40.07964  -73.06674     10.179     10.101    13.0962    31.7839      7.981     0.2431 3.2639e+00  1023.9293    13.0948    23.8842     8.8795    271.018    8.61968  263.08893    103.014 0.0000e+00
   40.07964  -73.06674     10.138     10.060    13.0990    31.7814      7.986     0.2431 3.2731e+00  1023.9262    13.0977    23.8817     8.8852    271.194    8.61916  263.07341    103.087 0.0000e+00
   40.07964  -73.06674     10.117     10.040    13.1008    31.7798      7.981     0.2431 3.2731e+00  1023.9254    13.0995    23.8799     8.8857    271.210    8.61873  263.06081    103.098 0.0000e+00
   40.07964  -73.06674     10.098     10.020    13.1039    31.7779      7.986     0.2431 3.2824e+00  1023.9239    13.1025    23.8779     8.8811    271.070    8.61846  263.05267    103.048 0.0000e+00
   40.07964  -73.06674     10.073      9.996    13.1091    31.7752      7.981     0.2431 3.2916e+00  1023.9190    13.1077    23.8752     8.8812    271.072    8.61820  263.04496    103.052 0.0000e+00
   40.07964  -73.06674     10.047      9.970    13.1094    31.7752      7.986     0.2431 3.3009e+00  1023.9170    13.1081    23.8741     8.8807    271.056    8.61793  263.03693    103.049 0.0000e+00
   40.07964  -73.06674     10.027      9.950    13.1039    31.7752      7.986     0.2431 3.3009e+00  1023.9202    13.1025    23.8756     8.8855    271.203    8.61776  263.03166    103.107 0.0000e+00
   40.07964  -73.06674      9.996      9.920    13.0990    31.7768      7.981     0.2431 3.3195e+00  1023.9230    13.0977    23.8778     8.8862    271.225    8.61760  263.02713    103.117 0.0000e+00
   40.07964  -73.06674      9.976      9.899    13.0974    31.7784      7.981     0.2431 3.3289e+00  1023.9241    13.0961    23.8795     8.8863    271.227    8.61742  263.02159    103.120 0.0000e+00
   40.07964  -73.06674      9.946      9.869    13.0970    31.7804      7.981     0.2431 3.3382e+00  1023.9248    13.0957    23.8812     8.8856    271.206    8.61718  263.01408    103.115 0.0000e+00
   40.07964  -73.06674      9.925      9.849    13.0963    31.7839      7.981     0.2431 3.3571e+00  1023.9275    13.0950    23.8839     8.8853    271.197    8.61678  263.00179    103.116 0.0000e+00
   40.07964  -73.06674      9.895      9.819    13.0966    31.7889      7.986     0.2431 3.3666e+00  1023.9323    13.0953    23.8875     8.8847    271.180    8.61620  262.98462    103.116 0.0000e+00
   40.07964  -73.06674      9.875      9.799    13.0993    31.7892      7.981     0.2431 3.3760e+00  1023.9362    13.0980    23.8897     8.8844    271.170    8.61587  262.97506    103.116 0.0000e+00
   40.07964  -73.06674      9.844      9.768    13.1094    31.7892      7.981     0.2431 3.3979e+00  1023.9344    13.1081    23.8884     8.8838    271.155    8.61543  262.96215    103.115 0.0000e+00
   40.07964  -73.06674      9.814      9.738    13.1217    31.7892      7.981     0.2431 3.4170e+00  1023.9282    13.1204    23.8833     8.8834    271.141    8.61509  262.95223    103.114 0.0000e+00
   40.07964  -73.06674      9.804      9.729    13.1333    31.7825      7.981     0.2431 3.4170e+00  1023.9198    13.1319    23.8759     8.8780    270.976    8.61509  262.95174    103.052 0.0000e+00
   40.07964  -73.06674      9.757      9.682    13.1432    31.7751      7.981     0.2297 3.4363e+00  1023.9109    13.1419    23.8683     8.8825    271.113    8.61504  262.94974    103.104 0.0000e+00
   40.07964  -73.06674      9.743      9.668    13.1504    31.7685      7.985     0.2162 3.4557e+00  1023.9045    13.1491    23.8617     8.8765    270.930    8.61460  262.93655    103.040 0.0000e+00
   40.07964  -73.06674      9.702      9.628    13.1566    31.7631      7.981     0.2162 3.4557e+00  1023.8991    13.1554    23.8564     8.8805    271.054    8.61423  262.92589    103.092 0.0000e+00
   40.07964  -73.06674      9.682      9.607    13.1612    31.7590      7.981     0.2162 3.4752e+00  1023.8946    13.1599    23.8526     8.8802    271.044    8.61417  262.92412    103.088 0.0000e+00
   40.07964  -73.06674      9.662      9.588    13.1610    31.7565      7.981     0.2162 3.4850e+00  1023.8927    13.1597    23.8505     8.8745    270.870    8.61408  262.92183    103.023 0.0000e+00
   40.07964  -73.06674      9.611      9.537    13.1570    31.7554      7.981     0.2162 3.4948e+00  1023.8926    13.1557    23.8502     8.8733    270.835    8.61391  262.91699    103.012 0.0000e+00
   40.07964  -73.06674      9.602      9.528    13.1512    31.7554      7.981     0.2162 3.5047e+00  1023.8939    13.1500    23.8509     8.8722    270.801    8.61376  262.91249    103.000 0.0000e+00
   40.07964  -73.06674      9.581      9.507    13.1469    31.7554      7.985     0.2162 3.5245e+00  1023.8939    13.1456    23.8519     8.8765    270.931    8.61375  262.91223    103.050 0.0000e+00
   40.07964  -73.06674      9.540      9.467    13.1415    31.7563      7.981     0.2162 3.5344e+00  1023.8960    13.1402    23.8538     8.8759    270.912    8.61362  262.90796    103.044 0.0000e+00
   40.07964  -73.06674      9.510      9.437    13.1359    31.7588      7.981     0.2162 3.5444e+00  1023.8987    13.1347    23.8568     8.8705    270.748    8.61339  262.90099    102.985 0.0000e+00
   40.07964  -73.06674      9.489      9.416    13.1306    31.7623      7.981     0.2162 3.5673e+00  1023.9032    13.1293    23.8605     8.8692    270.710    8.61323  262.89618    102.972 0.0000e+00
   40.07964  -73.06674      9.459      9.386    13.1272    31.7657      7.986     0.2162 3.5773e+00  1023.9065    13.1260    23.8638     8.8679    270.668    8.61304  262.89019    102.959 0.0000e+00
   40.07964  -73.06674      9.429      9.356    13.1249    31.7682      7.981     0.2162 3.5874e+00  1023.9088    13.1237    23.8662     8.8664    270.623    8.61273  262.88129    102.945 0.0000e+00
   40.07964  -73.06674      9.398      9.326    13.1235    31.7697      7.981     0.2162 3.6178e+00  1023.9099    13.1223    23.8676     8.8656    270.599    8.61251  262.87471    102.938 0.0000e+00
   40.07964  -73.06674      9.378      9.306    13.1223    31.7706      7.981     0.2162 3.6382e+00  1023.9105    13.1211    23.8685     8.8648    270.575    8.61229  262.86791    102.932 0.0000e+00
   40.07964  -73.06674      9.338      9.266    13.1220    31.7712      7.981     0.2162 3.6382e+00  1023.9108    13.1208    23.8692     8.8641    270.555    8.61220  262.86544    102.925 0.0000e+00
   40.07964  -73.06674      9.328      9.256    13.1208    31.7721      7.986     0.2162 3.6794e+00  1023.9118    13.1196    23.8701     8.8635    270.537    8.61216  262.86433    102.919 0.0000e+00
   40.07964  -73.06674      9.297      9.225    13.1202    31.7730      7.986     0.2162 3.7002e+00  1023.9126    13.1189    23.8709     8.8629    270.518    8.61209  262.86239    102.913 0.0000e+00
   40.07964  -73.06674      9.257      9.185    13.1203    31.7736      7.981     0.2162 3.6898e+00  1023.9127    13.1191    23.8714     8.8624    270.502    8.61209  262.86260    102.906 0.0000e+00
   40.07964  -73.06674      9.247      9.176    13.1206    31.7738      7.981     0.2162 3.7346e+00  1023.9132    13.1193    23.8716     8.8619    270.486    8.61213  262.86375    102.900 0.0000e+00
   40.07964  -73.06674      9.220      9.149    13.1215    31.7738      7.986     0.2162 3.7557e+00  1023.9128    13.1203    23.8716     8.8612    270.467    8.61205  262.86122    102.893 0.0000e+00
   40.07964  -73.06674      9.185      9.115    13.1223    31.7738      7.981     0.2162 3.7663e+00  1023.9121    13.1211    23.8712     8.8605    270.444    8.61189  262.85631    102.887 0.0000e+00
   40.07964  -73.06674      9.155      9.085    13.1237    31.7735      7.986     0.2162 3.7875e+00  1023.9117    13.1225    23.8707     8.8604    270.443    8.61176  262.85245    102.888 0.0000e+00
   40.07964  -73.06674      9.134      9.064    13.1244    31.7730      7.986     0.2162 3.7982e+00  1023.9110    13.1232    23.8701     8.8598    270.422    8.61164  262.84851    102.881 0.0000e+00
   40.07964  -73.06674      9.115      9.045    13.1252    31.7730      7.981     0.2162 3.8196e+00  1023.9100    13.1240    23.8697     8.8591    270.401    8.61147  262.84345    102.875 0.0000e+00
   40.07964  -73.06674      9.085      9.015    13.1252    31.7730      7.981     0.2162 3.8304e+00  1023.9097    13.1240    23.8697     8.8585    270.383    8.61141  262.84141    102.869 0.0000e+00
   40.07964  -73.06674      9.055      8.985    13.1246    31.7734      7.981     0.2162 3.8520e+00  1023.9108    13.1234    23.8703     8.8578    270.362    8.61124  262.83662    102.863 0.0000e+00
   40.07964  -73.06674      9.023      8.954    13.1245    31.7745      7.986     0.2162 3.8660e+00  1023.9115    13.1233    23.8711     8.8571    270.342    8.61114  262.83390    102.857 0.0000e+00
   40.07964  -73.06674      9.013      8.944    13.1247    31.7754      7.986     0.2162 3.8660e+00  1023.9123    13.1235    23.8718     8.8570    270.338    8.61092  262.82715    102.858 0.0000e+00
   40.07964  -73.06674      8.973      8.904    13.1250    31.7754      7.981     0.2162 3.8878e+00  1023.9126    13.1238    23.8721     8.8570    270.337    8.61076  262.82229    102.859 0.0000e+00
   40.07964  -73.06674      8.956      8.887    13.1264    31.7754      7.981     0.2162 3.8988e+00  1023.9118    13.1252    23.8717     8.8567    270.330    8.61043  262.81242    102.861 0.0000e+00
