CalculateIndicators/WaterTemperature/Data/CTD_NYOS/20230515_C01.cnv
* Sea-Bird SBE 9 Data File:
* FileName = C:\Seabird 9 CTD\Data\2023\202305_offshore\20230515_C01.hex
* Software Version Seasave V 7.23.2
* Temperature SN = 4590
* Conductivity SN = 3228
* Number of Bytes Per Scan = 44
* Number of Voltage Words = 5
* Number of Scans Averaged by the Deck Unit = 1
* NMEA Latitude = 40 57.56 N
* NMEA Longitude = 073 34.88 W
* NMEA UTC (Time) = May 15 2023  01:20:01
* NMEA baud rate = 4800
** Ship: Seawolf
** Station: LIS_ARIG
** Operator: TDK
# nquan = 18
# nvalues = 8276                        
# units = specified
# name 0 = latitude: Latitude [deg]
# name 1 = longitude: Longitude [deg]
# name 2 = prDM: Pressure, Digiquartz [db]
# name 3 = depSM: Depth [salt water, m]
# name 4 = t090C: Temperature [ITS-90, deg C]
# name 5 = sal00: Salinity, Practical [PSU]
# name 6 = ph: pH
# name 7 = flECO-AFL: Fluorescence, WET Labs ECO-AFL/FL [mg/m^3]
# name 8 = cpar: CPAR/Corrected Irradiance [%]
# name 9 = density00: Density [density, kg/m^3]
# name 10 = potemp090C: Potential Temperature [ITS-90, deg C]
# name 11 = sigma-é00: Density [sigma-theta, kg/m^3]
# name 12 = sbeox0Mg/L: Oxygen, SBE 43 [mg/l]
# name 13 = sbox0Mm/Kg: Oxygen, SBE 43 [umol/kg]
# name 14 = oxsolMg/L: Oxygen Saturation, Garcia & Gordon [mg/l]
# name 15 = oxsolMm/Kg: Oxygen Saturation, Garcia & Gordon [umol/kg]
# name 16 = sbeox0PS: Oxygen, SBE 43 [% saturation]
# name 17 = flag:  0.000e+00
# span 0 =   40.95932,   40.95950       
# span 1 =  -73.58186,  -73.58130       
# span 2 =      1.899,     14.074       
# span 3 =      1.884,     13.965       
# span 4 =    10.9066,    15.1122       
# span 5 =    25.4819,    26.6257       
# span 6 =      7.771,      8.179       
# span 7 =     1.0893,     2.5532       
# span 8 = 5.0640e-11, 9.9999e+04       
# span 9 =  1018.6454,  1020.3426       
# span 10 =    10.9051,    15.1116      
# span 11 =    18.6425,    20.2786      
# span 12 =     7.8762,    11.3547      
# span 13 =    241.243,    348.108      
# span 14 =    8.60439,    9.33439      
# span 15 =  263.96867,  285.90605      
# span 16 =     84.388,    128.729      
# span 17 = 0.0000e+00, 0.0000e+00      
# interval = seconds: 0.0416667
# start_time = May 15 2023 01:20:03 [System UTC, first data scan.]
# bad_flag = -9.990e-29
*END*
[from data line 5789]
   40.95942  -73.58168      1.989      1.974    15.0143    25.5306 -9.990e-29     1.6399 9.9999e+04  1018.6922    15.0140    18.6830    11.0362    338.562    8.62080  264.46279    128.019 -9.990e-29
   40.95942  -73.58168      1.989      1.974    15.0151    25.5306 -9.990e-29     1.6399 4.2472e+00  1018.6917    15.0148    18.6826    11.0360    338.554    8.62053  264.45496    128.020 -9.990e-29
   40.95942  -73.58168      1.989      1.974    15.0171    25.5300 -9.990e-29     1.6399 9.9999e+04  1018.6908    15.0168    18.6819    11.0361    338.557    8.62051  264.45434    128.021 -9.990e-29
   40.95942  -73.58168      1.989      1.974    15.0190    25.5294 -9.990e-29     1.6399 7.8905e+00  1018.6897    15.0187    18.6811    11.0357    338.547    8.62058  264.45672    128.016 -9.990e-29
   40.95942  -73.58168      1.980      1.964    15.0200    25.5290 -9.990e-29     1.6399 9.9999e+04  1018.6893    15.0198    18.6805    11.0358    338.549    8.62052  264.45500    128.018 -9.990e-29
   40.95942  -73.58168      1.980      1.964    15.0205    25.5287 -9.990e-29     1.6399 9.9999e+04  1018.6889    15.0203    18.6802    11.0358    338.551    8.62043  264.45269    128.020 -9.990e-29
   40.95942  -73.58168      1.980      1.964    15.0207    25.5285 -9.990e-29     1.6399 9.9999e+04  1018.6889    15.0204    18.6799    11.0413    338.718    8.62048  264.45380    128.082 -9.990e-29
   40.95942  -73.58168      1.970      1.955    15.0212    25.5283 -9.990e-29     1.6399 4.3903e+00  1018.6886    15.0209    18.6796    11.0419    338.738    8.62040  264.45144    128.091 -9.990e-29
   40.95942  -73.58168      1.970      1.955    15.0216    25.5279 -9.990e-29     1.6399 9.9999e+04  1018.6880    15.0213    18.6793    11.0426    338.759    8.62037  264.45037    128.099 -9.990e-29
   40.95942  -73.58168      1.970      1.955    15.0214    25.5274 -9.990e-29     1.6399 9.9999e+04  1018.6880    15.0211    18.6790    11.0382    338.622    8.62037  264.45009    128.047 -9.990e-29
   40.95942  -73.58168      1.959      1.944    15.0215    25.5267 -9.990e-29     1.6399 9.9999e+04  1018.6871    15.0213    18.6784    11.0384    338.629    8.62039  264.45051    128.050 -9.990e-29
   40.95942  -73.58168      1.972      1.956    15.0212    25.5259 -9.990e-29     1.6399 5.8771e+00  1018.6864    15.0209    18.6779    11.0385    338.633    8.62033  264.44863    128.053 -9.990e-29
   40.95942  -73.58168      1.959      1.944    15.0204    25.5259 -9.990e-29     1.6399 3.7650e+00  1018.6861    15.0201    18.6777    11.0438    338.794    8.62015  264.44300    128.116 -9.990e-29
   40.95942  -73.58168      1.950      1.934    15.0188    25.5259 -9.990e-29     1.6399 1.9235e+00  1018.6869    15.0186    18.6782    11.0392    338.653    8.62000  264.43855    128.065 -9.990e-29
   40.95942  -73.58168      1.959      1.944    15.0176    25.5263 -9.990e-29     1.6399 9.9999e+04  1018.6876    15.0174    18.6789    11.0443    338.809    8.61971  264.42954    128.128 -9.990e-29
   40.95942  -73.58168      1.950      1.934    15.0169    25.5270 -9.990e-29     1.6399 9.9999e+04  1018.6881    15.0167    18.6796    11.0449    338.829    8.61959  264.42596    128.138 -9.990e-29
   40.95942  -73.58168      1.950      1.934    15.0158    25.5279 -9.990e-29     1.6399 9.9999e+04  1018.6895    15.0155    18.6804    11.0455    338.846    8.61935  264.41891    128.147 -9.990e-29
   40.95942  -73.58168      1.950      1.934    15.0159    25.5279 -9.990e-29     1.6399 9.9999e+04  1018.6899    15.0157    18.6807    11.0459    338.858    8.61902  264.40899    128.157 -9.990e-29
   40.95942  -73.58168      1.950      1.935    15.0175    25.5279 -9.990e-29     1.6399 3.0017e+00  1018.6893    15.0172    18.6803    11.0462    338.868    8.61866  264.39816    128.166 -9.990e-29
   40.95942  -73.58168      1.950      1.935    15.0192    25.5276 -9.990e-29     1.6399 5.2484e+00  1018.6881    15.0189    18.6796    11.0467    338.884    8.61840  264.39070    128.175 -9.990e-29
   40.95942  -73.58168      1.940      1.925    15.0199    25.5269 -9.990e-29     1.6399 6.1635e+00  1018.6874    15.0196    18.6789    11.0472    338.902    8.61822  264.38534    128.185 -9.990e-29
   40.95942  -73.58168      1.950      1.935    15.0200    25.5264 -9.990e-29     1.6399 5.3816e+00  1018.6873    15.0198    18.6784    11.0484    338.937    8.61847  264.39295    128.194 -9.990e-29
   40.95942  -73.58168      1.950      1.935    15.0209    25.5257 -9.990e-29     1.6399 2.7445e+00  1018.6864    15.0206    18.6778    11.0498    338.980    8.61889  264.40557    128.204 -9.990e-29
   40.95942  -73.58168      1.950      1.935    15.0212    25.5249 -9.990e-29     1.6399 9.9999e+04  1018.6858    15.0209    18.6770    11.0510    339.015    8.61914  264.41291    128.214 -9.990e-29
   40.95942  -73.58168      1.950      1.935    15.0217    25.5241 -9.990e-29     1.6399 9.9999e+04  1018.6847    15.0214    18.6763    11.0519    339.045    8.61927  264.41669    128.224 -9.990e-29
   40.95942  -73.58168      1.941      1.926    15.0217    25.5241 -9.990e-29     1.6399 2.4036e+00  1018.6843    15.0214    18.6761    11.0523    339.056    8.61937  264.41957    128.227 -9.990e-29
   40.95942  -73.58168      1.950      1.935    15.0209    25.5241 -9.990e-29     1.6399 9.9999e+04  1018.6852    15.0206    18.6766    11.0532    339.083    8.61941  264.42097    128.236 -9.990e-29
   40.95942  -73.58168      1.959      1.944    15.0202    25.5253 -9.990e-29     1.6399 2.6673e+00  1018.6857    15.0199    18.6777    11.0540    339.109    8.61945  264.42206    128.245 -9.990e-29
   40.95942  -73.58168      1.940      1.925    15.0175    25.5274 -9.990e-29     1.6399 9.9999e+04  1018.6883    15.0172    18.6797    11.0543    339.117    8.61948  264.42332    128.248 -9.990e-29
   40.95942  -73.58168      1.950      1.935    15.0149    25.5296 -9.990e-29     1.6399 9.9999e+04  1018.6913    15.0147    18.6817    11.0545    339.122    8.61946  264.42261    128.250 -9.990e-29
   40.95942  -73.58168      1.950      1.935    15.0153    25.5296 -9.990e-29     1.6399 3.9453e+00  1018.6919    15.0150    18.6824    11.0547    339.130    8.61950  264.42409    128.252 -9.990e-29
   40.95942  -73.58168      1.950      1.935    15.0175    25.5296 -9.990e-29     1.6399 9.9999e+04  1018.6909    15.0172    18.6818    11.0550    339.139    8.61960  264.42714    128.254 -9.990e-29
   40.95942  -73.58168      1.950      1.935    15.0200    25.5290 -9.990e-29     1.6399 6.7301e+00  1018.6890    15.0198    18.6806    11.0554    339.150    8.61977  264.43240    128.256 -9.990e-29
   40.95942  -73.58168      1.950      1.935    15.0205    25.5280 -9.990e-29     1.6399 9.9999e+04  1018.6881    15.0203    18.6797    11.0552    339.146    8.62002  264.43993    128.251 -9.990e-29
   40.95942  -73.58168      1.950      1.935    15.0194    25.5276 -9.990e-29     1.6399 6.2802e+00  1018.6881    15.0191    18.6795    11.0555    339.154    8.62017  264.44430    128.252 -9.990e-29
   40.95942  -73.58168      1.940      1.925    15.0178    25.5276 -9.990e-29     1.6399 5.5988e+00  1018.6882    15.0176    18.6796    11.0558    339.163    8.62035  264.44977    128.252 -9.990e-29
   40.95942  -73.58168      1.950      1.935    15.0161    25.5276 -9.990e-29     1.6399 5.4355e+00  1018.6884    15.0158    18.6799    11.0554    339.152    8.62051  264.45481    128.246 -9.990e-29
   40.95942  -73.58168      1.950      1.935    15.0143    25.5276 -9.990e-29     1.6399 4.5358e+00  1018.6892    15.0140    18.6805    11.0607    339.312    8.62052  264.45492    128.306 -9.990e-29
   40.95942  -73.58168      1.940      1.925    15.0132    25.5283 -9.990e-29     1.6399 3.2476e+00  1018.6900    15.0130    18.6812    11.0559    339.166    8.62051  264.45452    128.251 -9.990e-29
   40.95942  -73.58168      1.941      1.926    15.0122    25.5288 -9.990e-29     1.6399 2.9017e+00  1018.6907    15.0119    18.6818    11.0553    339.149    8.62059  264.45693    128.243 -9.990e-29
   40.95942  -73.58168      1.940      1.925    15.0115    25.5292 -9.990e-29     1.6399 3.4375e+00  1018.6909    15.0112    18.6822    11.0548    339.132    8.62072  264.46116    128.235 -9.990e-29
   40.95942  -73.58168      1.929      1.914    15.0110    25.5295 -9.990e-29     1.6399 4.8091e+00  1018.6912    15.0107    18.6826    11.0548    339.133    8.62087  264.46551    128.233 -9.990e-29
   40.95942  -73.58168      1.940      1.925    15.0105    25.5299 -9.990e-29     1.6399 9.9999e+04  1018.6917    15.0102    18.6830    11.0548    339.132    8.62101  264.46979    128.231 -9.990e-29
   40.95942  -73.58168      1.940      1.925    15.0102    25.5303 -9.990e-29     1.6399 9.9999e+04  1018.6923    15.0099    18.6834    11.0550    339.138    8.62134  264.47945    128.228 -9.990e-29
   40.95942  -73.58168      1.929      1.914    15.0102    25.5303 -9.990e-29     1.6399 3.6763e+00  1018.6923    15.0099    18.6835    11.0602    339.297    8.62153  264.48463    128.286 -9.990e-29
   40.95942  -73.58168      1.940      1.925    15.0105    25.5303 -9.990e-29     1.6399 9.9999e+04  1018.6923    15.0102    18.6834    11.0606    339.307    8.62158  264.48624    128.289 -9.990e-29
   40.95942  -73.58168      1.929      1.914    15.0112    25.5300 -9.990e-29     1.6399 9.9999e+04  1018.6916    15.0109    18.6830    11.0608    339.315    8.62163  264.48761    128.291 -9.990e-29
   40.95942  -73.58168      1.940      1.925    15.0117    25.5298 -9.990e-29     1.6399 9.9999e+04  1018.6914    15.0114    18.6827    11.0608    339.315    8.62151  264.48432    128.293 -9.990e-29
   40.95942  -73.58168      1.940      1.925    15.0120    25.5294 -9.990e-29     1.6399 9.9999e+04  1018.6913    15.0117    18.6822    11.0557    339.157    8.62148  264.48363    128.234 -9.990e-29
   40.95942  -73.58168      1.940      1.925    15.0140    25.5287 -9.990e-29     1.6399 1.1850e+00  1018.6899    15.0137    18.6815    11.0550    339.139    8.62139  264.48100    128.228 -9.990e-29
   40.95942  -73.58168      1.940      1.925    15.0141    25.5282 -9.990e-29     1.6399 5.1170e+00  1018.6898    15.0138    18.6811    11.0546    339.125    8.62139  264.48146    128.223 -9.990e-29
   40.95942  -73.58168      1.950      1.935    15.0137    25.5276 -9.990e-29     1.6399 8.6957e+00  1018.6897    15.0135    18.6806    11.0542    339.113    8.62147  264.48430    128.217 -9.990e-29
   40.95942  -73.58168      1.950      1.935    15.0146    25.5267 -9.990e-29     1.6265 9.1745e+00  1018.6883    15.0143    18.6797    11.0541    339.111    8.62183  264.49537    128.211 -9.990e-29
   40.95942  -73.58168      1.961      1.945    15.0154    25.5267 -9.990e-29     1.6399 9.9999e+04  1018.6873    15.0152    18.6792    11.0491    338.956    8.62237  264.51138    128.144 -9.990e-29
   40.95942  -73.58168      1.959      1.944    15.0149    25.5267 -9.990e-29     1.6399 6.7608e+00  1018.6881    15.0147    18.6794    11.0487    338.943    8.62289  264.52708    128.132 -9.990e-29
   40.95942  -73.58168      1.959      1.944    15.0151    25.5269 -9.990e-29     1.6399 6.6386e+00  1018.6886    15.0148    18.6799    11.0487    338.943    8.62330  264.53912    128.126 -9.990e-29
   40.95942  -73.58168      1.959      1.944    15.0151    25.5275 -9.990e-29     1.6399 4.9874e+00  1018.6891    15.0148    18.6804    11.0485    338.939    8.62358  264.54764    128.120 -9.990e-29
   40.95942  -73.58168      1.970      1.955    15.0149    25.5282 -9.990e-29     1.6399 3.4589e+00  1018.6897    15.0147    18.6809    11.0486    338.941    8.62400  264.56008    128.115 -9.990e-29
   40.95942  -73.58168      1.970      1.955    15.0146    25.5289 -9.990e-29     1.6399 9.9999e+04  1018.6903    15.0143    18.6814    11.0480    338.920    8.62429  264.56874    128.103 -9.990e-29
   40.95942  -73.58168      1.970      1.955    15.0148    25.5295 -9.990e-29     1.6265 4.1766e+00  1018.6907    15.0145    18.6819    11.0473    338.899    8.62454  264.57612    128.091 -9.990e-29
   40.95942  -73.58168      1.980      1.965    15.0156    25.5300 -9.990e-29     1.6399 5.9622e+00  1018.6911    15.0153    18.6821    11.0465    338.874    8.62471  264.58049    128.080 -9.990e-29
   40.95942  -73.58168      1.980      1.965    15.0163    25.5303 -9.990e-29     1.6399 6.5178e+00  1018.6913    15.0160    18.6822    11.0455    338.843    8.62432  264.56785    128.074 -9.990e-29
   40.95936  -73.58174      1.980      1.965    15.0180    25.5303 -9.990e-29     1.6399 6.1925e+00  1018.6908    15.0177    18.6820    11.0438    338.790    8.62377  264.55101    128.062 -9.990e-29
   40.95936  -73.58174      1.970      1.955    15.0187    25.5303 -9.990e-29     1.6399 9.9999e+04  1018.6907    15.0184    18.6817    11.0430    338.766    8.62350  264.54286    128.057 -9.990e-29
   40.95936  -73.58174      1.980      1.965    15.0202    25.5299 -9.990e-29     1.6399 5.4355e+00  1018.6900    15.0199    18.6811    11.0368    338.577    8.62308  264.53087    127.992 -9.990e-29
   40.95936  -73.58174      1.989      1.974    15.0222    25.5292 -9.990e-29     1.6399 5.0909e+00  1018.6892    15.0219    18.6801    11.0358    338.545    8.62296  264.52775    127.981 -9.990e-29
   40.95936  -73.58174      1.970      1.955    15.0246    25.5283 -9.990e-29     1.6399 3.8772e+00  1018.6878    15.0243    18.6790    11.0400    338.677    8.62292  264.52673    128.031 -9.990e-29
   40.95936  -73.58174      1.991      1.975    15.0265    25.5271 -9.990e-29     1.6399 3.4589e+00  1018.6865    15.0262    18.6778    11.0398    338.670    8.62294  264.52753    128.028 -9.990e-29
   40.95936  -73.58174      1.980      1.965    15.0279    25.5268 -9.990e-29     1.6399 9.9999e+04  1018.6854    15.0276    18.6770    11.0341    338.496    8.62283  264.52398    127.964 -9.990e-29
   40.95936  -73.58174      1.980      1.965    15.0265    25.5268 -9.990e-29     1.6399 3.0828e+00  1018.6856    15.0262    18.6771    11.0384    338.626    8.62266  264.51865    128.016 -9.990e-29
   40.95936  -73.58174      1.989      1.974    15.0238    25.5268 -9.990e-29     1.6399 2.9415e+00  1018.6869    15.0235    18.6780    11.0327    338.453    8.62250  264.51350    127.953 -9.990e-29
   40.95936  -73.58174      1.980      1.965    15.0221    25.5276 -9.990e-29     1.6399 2.9216e+00  1018.6880    15.0218    18.6789    11.0369    338.581    8.62225  264.50578    128.005 -9.990e-29
   40.95936  -73.58174      1.980      1.965    15.0212    25.5281 -9.990e-29     1.6399 9.9999e+04  1018.6884    15.0209    18.6795    11.0362    338.560    8.62183  264.49245    128.003 -9.990e-29
   40.95936  -73.58174      1.970      1.955    15.0205    25.5284 -9.990e-29     1.6399 2.5530e+00  1018.6888    15.0203    18.6799    11.0354    338.533    8.62126  264.47510    128.002 -9.990e-29
   40.95936  -73.58174      1.980      1.965    15.0202    25.5284 -9.990e-29     1.6399 2.5342e+00  1018.6891    15.0199    18.6801    11.0397    338.666    8.62065  264.45676    128.061 -9.990e-29
   40.95936  -73.58174      1.980      1.965    15.0200    25.5284 -9.990e-29     1.6399 9.9999e+04  1018.6891    15.0198    18.6800    11.0342    338.497    8.62006  264.43899    128.006 -9.990e-29
   40.95936  -73.58174      1.970      1.955    15.0200    25.5280 -9.990e-29     1.6399 9.9999e+04  1018.6885    15.0198    18.6797    11.0387    338.637    8.61961  264.42586    128.065 -9.990e-29
   40.95936  -73.58174      1.959      1.944    15.0204    25.5275 -9.990e-29     1.6399 5.8489e+00  1018.6879    15.0201    18.6792    11.0387    338.636    8.61921  264.41385    128.070 -9.990e-29
   40.95936  -73.58174      1.970      1.955    15.0202    25.5271 -9.990e-29     1.6399 6.9467e+00  1018.6877    15.0199    18.6789    11.0385    338.632    8.61874  264.39994    128.076 -9.990e-29
   40.95936  -73.58174      1.959      1.944    15.0199    25.5268 -9.990e-29     1.6399 8.3392e+00  1018.6872    15.0196    18.6787    11.0384    338.629    8.61829  264.38662    128.081 -9.990e-29
