CalculateIndicators/WaterTemperature/Data/CTD_NYOS/20230518_C24_r2.cnv
* Sea-Bird SBE 9 Data File:
* FileName = C:\Seabird 9 CTD\Data\2023\202305_offshore\20230518_C26_r2.hex
* Software Version Seasave V 7.23.2
* Temperature SN = 4590
* Conductivity SN = 3228
* Number of Bytes Per Scan = 44
* Number of Voltage Words = 5
* Number of Scans Averaged by the Deck Unit = 1
* NMEA Latitude = 39 55.39 N
* NMEA Longitude = 071 32.80 W
* NMEA UTC (Time) = May 18 2023  08:52:34
* NMEA baud rate = 4800
** Ship: Seawolf
** Station: 11.6
** Operator: TDK
# nquan = 18
# nvalues = 350                         
# units = specified
# name 0 = latitude: Latitude [deg]
# name 1 = longitude: Longitude [deg]
# name 2 = prDM: Pressure, Digiquartz [db]
# name 3 = depSM: Depth [salt water, m]
# name 4 = t090C: Temperature [ITS-90, deg C]
# name 5 = sal00: Salinity, Practical [PSU]
# name 6 = ph: pH
# name 7 = flECO-AFL: Fluorescence, WET Labs ECO-AFL/FL [mg/m^3]
# name 8 = cpar: CPAR/Corrected Irradiance [%]
# name 9 = density00: Density [density, kg/m^3]
# name 10 = potemp090C: Potential Temperature [ITS-90, deg C]
# name 11 = sigma-100: Density [sigma-1, kg/m^3 ]
# name 12 = sbeox0Mg/L: Oxygen, SBE 43 [mg/l]
# name 13 = sbox0Mm/Kg: Oxygen, SBE 43 [umol/kg]
# name 14 = oxsolMg/L: Oxygen Saturation, Garcia & Gordon [mg/l]
# name 15 = oxsolMm/Kg: Oxygen Saturation, Garcia & Gordon [umol/kg]
# name 16 = sbeox0PS: Oxygen, SBE 43 [% saturation]
# name 17 = flag: flag
# span 0 =   39.92038,   39.92329       
# span 1 =  -71.55463,  -71.54680       
# span 2 =      2.000,    177.000       
# span 3 =      1.985,    175.570       
# span 4 =     8.0801,    13.9365       
# span 5 =    32.9741,    35.6356       
# span 6 =      7.914,      8.165       
# span 7 =    -0.0948,     1.4602       
# span 8 = -6.547e+03, 1.0110e+05       
# span 9 =  1024.9926,  1027.5264       
# span 10 =     8.0752,    13.9154      
# span 11 =    29.3991,    31.1218      
# span 12 =     5.7662,     9.6353      
# span 13 =    175.504,    293.678      
# span 14 =    8.27795,    9.50749      
# span 15 =  251.96289,  289.57630      
# span 16 =     69.235,    107.946      
# span 17 = 0.0000e+00, 0.0000e+00      
# interval = decibars: 1                
# start_time = May 18 2023 08:52:35 [System UTC, first data scan.]
# bad_flag = -9.990e-29
*END*
[from data line 161]
   39.92237  -71.54916    164.000    162.680    13.6645    35.5835      7.988    -0.0756 -2.170e+03  1027.4382    13.6411    31.0908     5.8622    178.429    8.32400  253.35924     70.425 0.0000e+00
 -9.990e-29  -71.54917    165.000    163.672    13.6739    35.5912      7.986    -0.0673 5.0640e-11  1027.4466    13.6503    31.0947     5.8474    177.979    8.32328  253.33707     70.254 0.0000e+00
   39.92234  -71.54919    166.000    164.663    13.6774    35.5945      7.988    -0.0731 5.0640e-11  1027.4528    13.6537    31.0964     5.8811    179.003    8.32498  253.38848     70.644 0.0000e+00
   39.92235  -71.54923    167.000    165.655    13.6653    35.5910      7.987    -0.0723 5.0640e-11  1027.4571    13.6414    31.0965     5.8646    178.500    8.32585  253.41465     70.438 0.0000e+00
   39.92234  -71.54925    168.000    166.646    13.6599    35.5931      7.985    -0.0702 5.0640e-11  1027.4644    13.6359    31.0994     5.8476    177.984    8.32828  253.48804     70.214 0.0000e+00
   39.92234  -71.54926    169.000    167.638    13.6425    35.5914 -9.990e-29    -0.0774 5.0640e-11  1027.4712    13.6184    31.1021     5.8162    177.028    8.32802  253.47978     69.839 0.0000e+00
   39.92232  -71.54928    170.000    168.629    13.6565    35.6002 -9.990e-29    -0.0678 5.0640e-11  1027.4795    13.6322    31.1057     5.8170    177.051    8.32740  253.45876     69.854 0.0000e+00
   39.92232  -71.54930    171.000    169.621    13.6664    35.6060 -9.990e-29    -0.0635 5.0640e-11  1027.4863    13.6419    31.1079     5.8445    177.888    8.32762  253.46478     70.183 0.0000e+00
   39.92232  -71.54931    172.000    170.612    13.6495    35.6083 -9.990e-29    -0.0558 5.0640e-11  1027.4960    13.6249    31.1135     5.8164    177.033    8.32766  253.46607     69.845 0.0000e+00
   39.92231  -71.54934    173.000    171.604    13.6467    35.6092 -9.990e-29 -9.990e-29 5.0640e-11  1027.5018    13.6220    31.1149     5.7872    176.142    8.32753  253.46112     69.495 0.0000e+00
   39.92232  -71.54935    174.000    172.595    13.6451    35.6135 -9.990e-29    -0.0723 5.3770e+04  1027.5099    13.6203    31.1186     5.7913    176.267    8.32651  253.42964     69.552 0.0000e+00
 -9.990e-29  -71.54937    175.000    173.587    13.6515    35.6184 -9.990e-29    -0.0668 7.2575e+04  1027.5167    13.6266    31.1209     5.7963    176.418    8.32664  253.43343     69.611 0.0000e+00
   39.92229  -71.54940    176.000    174.578    13.6504    35.6184      7.984    -0.0832 3.3585e+04  1027.5215    13.6253    31.1212     5.7891    176.199    8.32682  253.43889     69.523 0.0000e+00
   39.92227  -71.54954    177.000    175.570    13.6508    35.6192 -9.990e-29    -0.0525 -9.990e-29  1027.5264    13.6256    31.1218     5.7767    175.821    8.32703  253.44527     69.372 0.0000e+00
   39.92228  -71.54948    176.000    174.578    13.6497    35.6179 -9.990e-29    -0.0553 5.0640e-11  1027.5212    13.6245    31.1210     5.7969    176.437    8.32673  253.43632     69.618 0.0000e+00
   39.92222  -71.54971    175.000    173.587    13.6469    35.6139      7.984    -0.0694 5.0640e-11  1027.5142    13.6219    31.1185     5.7832    176.021    8.32759  253.46295     69.446 0.0000e+00
   39.92212  -71.54991    174.000    172.595    13.6430    35.6098 -9.990e-29    -0.0729 5.0640e-11  1027.5075    13.6181    31.1163     5.7662    175.504    8.32851  253.49203     69.235 0.0000e+00
   39.92212  -71.54994    173.000    171.604    13.6451    35.6083 -9.990e-29    -0.0657 5.0640e-11  1027.5015    13.6204    31.1146     5.7773    175.842    8.32813  253.48144     69.371 0.0000e+00
   39.92212  -71.54994    172.000    170.612    13.6477    35.6085 -9.990e-29    -0.0666 5.0640e-11  1027.4966    13.6232    31.1141     5.7803    175.933    8.32829  253.48637     69.405 0.0000e+00
   39.92212  -71.54994    171.000    169.621    13.6469    35.6046      7.984    -0.0718 5.0640e-11  1027.4893    13.6225    31.1112     5.7892    176.203    8.32845  253.49150     69.511 0.0000e+00
   39.92212  -71.54995    170.000    168.629    13.6442    35.6000      7.984    -0.0733 -9.990e-29  1027.4819    13.6199    31.1083     5.7920    176.289    8.32716  253.45332     69.555 0.0000e+00
   39.92212  -71.54998    169.000    167.638    13.6518    35.6000      7.984    -0.0718 -9.990e-29  1027.4758    13.6276    31.1065     5.8030    176.627    8.32859  253.49759     69.676 0.0000e+00
   39.92212  -71.54998    168.000    166.646    13.6479    35.5914      7.984    -0.0719 9.9999e+04  1027.4656    13.6239    31.1008     5.8203    177.152    8.32572  253.41135     69.907 0.0000e+00
   39.92210  -71.55000    167.000    165.655    13.6512    35.5903 -9.990e-29    -0.0664 9.9999e+04  1027.4596    13.6274    31.0992     5.8175    177.068    8.32205  253.29995     69.904 0.0000e+00
   39.92210  -71.55002    166.000    164.663    13.6759    35.5934 -9.990e-29    -0.0741 2.7686e+04  1027.4524    13.6522    31.0960     5.8637    178.474    8.32172  253.29006     70.462 0.0000e+00
   39.92210  -71.55004    165.000    163.671    13.6852    35.5938 -9.990e-29    -0.0775 -9.990e-29  1027.4462    13.6616    31.0941     5.8939    179.393    8.32030  253.24742     70.837 0.0000e+00
   39.92210  -71.55005    164.000    162.680    13.6790    35.5917 -9.990e-29    -0.0714 -9.990e-29  1027.4414    13.6556    31.0938     5.8843    179.105    8.31610  253.12056     70.759 0.0000e+00
   39.92210  -71.55007    163.000    161.688    13.7097    35.5961      7.988    -0.0855 9.9999e+04  1027.4340    13.6864    31.0902     5.9160    180.066    8.31274  253.01891     71.167 0.0000e+00
   39.92208  -71.55008    162.000    160.697    13.7442    35.5999      7.993    -0.0794 9.9999e+04  1027.4251    13.7210    31.0852     6.0114    182.972    8.30957  252.92272     72.343 0.0000e+00
   39.92209  -71.55010    161.000    159.705    13.7531    35.6008      7.993    -0.0796 9.9999e+04  1027.4195    13.7300    31.0838     6.0394    183.825    8.31041  252.94831     72.673 0.0000e+00
   39.92209  -71.55011    160.000    158.714    13.7565    35.6014 -9.990e-29    -0.0765 -9.990e-29  1027.4149    13.7335    31.0836     6.0323    183.609    8.31077  252.95891     72.584 0.0000e+00
   39.92208  -71.55014    159.000    157.722    13.7546    35.6002      7.997    -0.0793 5.0640e-11  1027.4098    13.7319    31.0829     6.0252    183.393    8.31395  253.05566     72.471 0.0000e+00
   39.92208  -71.55014    158.000    156.731    13.7405    35.5983      7.997    -0.0804 5.0640e-11  1027.4070    13.7178    31.0848     6.0087    182.888    8.31524  253.09452     72.261 0.0000e+00
   39.92206  -71.55014    157.000    155.739    13.7316    35.5960      7.997    -0.0806 5.0640e-11  1027.4026    13.7091    31.0850     5.9826    182.095    8.31051  252.95051     71.988 0.0000e+00
   39.92206  -71.55018    156.000    154.747    13.7528    35.6036      7.997    -0.0678 3.9021e+04  1027.3994    13.7304    31.0858     6.0205    183.250    8.30672  252.83525     72.478 0.0000e+00
   39.92205  -71.55020    155.000    153.756    13.7695    35.6079 -9.990e-29    -0.0794 1.0110e+05  1027.3949    13.7473    31.0854     6.0617    184.504    8.30655  252.83007     72.975 0.0000e+00
   39.92204  -71.55020    154.000    152.764    13.7730    35.6093      7.997    -0.0702 9.9999e+04  1027.3908    13.7509    31.0857     6.0582    184.395    8.30408  252.75476     72.954 0.0000e+00
   39.92204  -71.55022    153.000    151.772    13.7886    35.6135      7.998    -0.0702 9.9999e+04  1027.3863    13.7666    31.0853     6.0626    184.531    8.30174  252.68378     73.028 0.0000e+00
   39.92204  -71.55022    152.000    150.781    13.7963    35.6151      8.000    -0.0742 9.9999e+04  1027.3814    13.7744    31.0847     6.0908    185.389    8.30010  252.63391     73.382 0.0000e+00
   39.92203  -71.55024    151.000    149.789    13.8081    35.6177      8.002    -0.0772 -2.890e+03  1027.3766    13.7864    31.0840     6.1198    186.273    8.29456  252.46585     73.781 0.0000e+00
   39.92203  -71.55025    150.000    148.798    13.8526    35.6259      8.006    -0.0717 5.0640e-11  1027.3689    13.8309    31.0800     6.1791    188.079    8.28999  252.32742     74.538 0.0000e+00
   39.92203  -71.55025    149.000    147.806    13.8650    35.6266      8.006    -0.0744 5.0640e-11  1027.3624    13.8436    31.0777     6.2578    190.471    8.28907  252.29961     75.494 0.0000e+00
   39.92202  -71.55026    148.000    146.814    13.8689    35.6274      8.008    -0.0903 5.0640e-11  1027.3578    13.8475    31.0774     6.2504    190.249    8.28849  252.28213     75.411 0.0000e+00
   39.92202  -71.55029    147.000    145.823    13.8726    35.6278      8.009    -0.0700 5.0640e-11  1027.3529    13.8514    31.0769     6.2658    190.717    8.28825  252.27474     75.599 0.0000e+00
   39.92202  -71.55032    146.000    144.831    13.8777    35.6291 -9.990e-29    -0.0695 5.0640e-11  1027.3483    13.8567    31.0766     6.2620    190.601    8.28236  252.09656     75.606 0.0000e+00
   39.92202  -71.55032    145.000    143.840    13.8916    35.6311 -9.990e-29    -0.0699 5.0640e-11  1027.3425    13.8707    31.0749     6.2890    191.422    8.28176  252.07861     75.937 0.0000e+00
   39.92201  -71.55034    144.000    142.848    13.9099    35.6321      8.013    -0.0802 5.0640e-11  1027.3349    13.8891    31.0715     6.3422    193.042    8.28095  252.05396     76.588 0.0000e+00
   39.92199  -71.55036    143.000    141.856    13.9203    35.6329      8.015    -0.0780 5.0640e-11  1027.3289    13.8996    31.0697     6.3601    193.589    8.28025  252.03335     76.811 0.0000e+00
   39.92200  -71.55038    142.000    140.865    13.9230    35.6319      8.015    -0.0760 5.0640e-11  1027.3231    13.9025    31.0683     6.3712    193.924    8.28034  252.03603     76.943 0.0000e+00
   39.92199  -71.55039    141.000    139.873    13.9232    35.6308 -9.990e-29    -0.0836 5.0640e-11  1027.3177    13.9029    31.0673     6.3835    194.302    8.28214  252.09136     77.076 0.0000e+00
   39.92198  -71.55040    140.000    138.881    13.9153    35.6236 -9.990e-29    -0.0847 5.0640e-11  1027.3094    13.8951    31.0636     6.3934    194.602    8.28673  252.23204     77.152 0.0000e+00
   39.92198  -71.55042    139.000    137.889    13.8963    35.6168 -9.990e-29    -0.0840 5.0640e-11  1027.3038    13.8762    31.0627     6.3747    194.035    8.28777  252.26346     76.917 0.0000e+00
   39.92197  -71.55044    138.000    136.898    13.8917    35.6162 -9.990e-29    -0.0842 5.0640e-11  1027.3000    13.8717    31.0634     6.3390    192.947    8.28764  252.25976     76.488 0.0000e+00
 -9.990e-29  -71.55044    137.000    135.906    13.8842    35.6131 -9.990e-29    -0.0769 5.0640e-11  1027.2947    13.8644    31.0626     6.3329    192.763    8.29113  252.36660     76.382 0.0000e+00
   39.92195  -71.55046    136.000    134.914    13.8618    35.6004      8.016    -0.0834 5.0640e-11  1027.2852    13.8422    31.0580     6.3218    192.425    8.29828  252.58665     76.182 0.0000e+00
   39.92195  -71.55047    135.000    133.923    13.8304    35.5839      8.016    -0.0816 5.0640e-11  1027.2746    13.8110    31.0524     6.2995    191.749    8.30758  252.87280     75.828 0.0000e+00
   39.92194  -71.55048    134.000    132.931    13.7892    35.5555      8.014    -0.0708 5.0640e-11  1027.2569    13.7700    31.0400     6.3110    192.102    8.31398  253.06990     75.909 0.0000e+00
   39.92193 -9.990e-29    133.000    131.939    13.7465    35.5288      8.012    -0.0759 5.0640e-11  1027.2409    13.7275    31.0292     6.3196    192.363    8.31931  253.23324     75.963 0.0000e+00
   39.92192  -71.55052    132.000    130.948    13.7234    35.5186      8.011    -0.0754 5.0640e-11  1027.2334    13.7046    31.0266     6.3191    192.352    8.33278  253.64638     75.835 0.0000e+00
   39.92192  -71.55052    131.000    129.956    13.6819    35.4965 -9.990e-29    -0.0820 -9.990e-29  1027.2207    13.6632    31.0191     6.3005    191.788    8.35283  254.26087     75.430 0.0000e+00
   39.92191  -71.55055    130.000    128.964    13.5555    35.4388 -9.990e-29    -0.0822 9.9999e+04  1027.1982    13.5371    31.0034     6.3225    192.458    8.36829  254.73231     75.553 0.0000e+00
   39.92190  -71.55056    129.000    127.973    13.4322    35.3961 -9.990e-29    -0.0676 9.9999e+04  1027.1863    13.4141    30.9982     6.2952    191.627    8.38193  255.14808     75.104 0.0000e+00
   39.92188  -71.55058    128.000    126.981    13.3858    35.3796      8.007    -0.0764 9.9999e+04  1027.1790    13.3679    30.9962     6.2975    191.701    8.41210  256.07054     74.863 0.0000e+00
   39.92188  -71.55059    127.000    125.989    13.2931    35.3370      8.004    -0.0679 9.9999e+04  1027.1607    13.2754    30.9841     6.2876    191.398    8.40187  255.75668     74.836 0.0000e+00
   39.92165  -71.55103    126.000    124.997    13.3549    35.3598      8.003    -0.0548 -6.547e+03  1027.1615    13.3373    30.9882     6.2864    191.365    8.43029  256.62535     74.570 0.0000e+00
   39.92166  -71.55106    125.000    124.006    13.2043    35.2879      8.003    -0.0544 5.0640e-11  1027.1318    13.1870    30.9659     6.2963    191.668    8.43856  256.88086     74.613 0.0000e+00
   39.92164  -71.55109    124.000    123.014    13.0449    35.2334      8.000    -0.0690 5.0640e-11  1027.1182    13.0278    30.9597     6.3686    193.872    8.45107  257.26727     75.358 0.0000e+00
   39.92164  -71.55110    123.000    122.022    13.0372    35.2153      8.000    -0.0713 5.0640e-11  1027.1011    13.0202    30.9473     6.4517    196.403    8.44863  257.19514     76.363 0.0000e+00
   39.92163  -71.55110    122.000    121.030    13.0559    35.2140      8.001    -0.0709 5.0640e-11  1027.0920    13.0391    30.9423     6.4959    197.749    8.44732  257.15589     76.898 0.0000e+00
   39.92162  -71.55112    121.000    120.038    13.0704    35.2111      8.004    -0.0741 5.0640e-11  1027.0822    13.0537    30.9367     6.5231    198.579    8.44703  257.14732     77.224 0.0000e+00
   39.92162  -71.55113    120.000    119.047    13.0709    35.2107      8.006    -0.0651 5.0640e-11  1027.0774    13.0543    30.9363     6.5253    198.646    8.44657  257.13382     77.254 0.0000e+00
   39.92160  -71.55116    119.000    118.055    13.0775    35.2093      8.007    -0.0699 5.0640e-11  1027.0705    13.0611    30.9338     6.5217    198.538    8.44411  257.06088     77.234 0.0000e+00
   39.92160  -71.55116    118.000    117.063    13.0831    35.2068      8.008    -0.0654 5.0640e-11  1027.0629    13.0668    30.9305     6.5316    198.840    8.44363  257.04645     77.356 0.0000e+00
   39.92158  -71.55118    117.000    116.071    13.0961    35.2027      8.009    -0.0773 5.0640e-11  1027.0527    13.0799    30.9245     6.5672    199.924    8.44212  257.00297     77.791 0.0000e+00
   39.92157  -71.55120    116.000    115.080    13.1171    35.2023 -9.990e-29    -0.0722 5.0640e-11  1027.0438    13.1011    30.9197     6.5897    200.613    8.44560  257.11197     78.025 0.0000e+00
   39.92157  -71.55120    115.000    114.088    13.1105    35.1821      8.013    -0.0711 5.0640e-11  1027.0249    13.0946    30.9054     6.6478    202.382    8.45047  257.26229     78.667 0.0000e+00
   39.92156  -71.55122    114.000    113.096    13.0778    35.1604      8.014    -0.0756 5.0640e-11  1027.0104    13.0621    30.8961     6.7168    204.488    8.46434  257.68897     79.355 0.0000e+00
   39.92154  -71.55124    113.000    112.104    13.0113    35.1228      8.015    -0.0687 5.0640e-11  1026.9903    12.9958    30.8818     6.7499    205.497    8.45332  257.35535     79.850 0.0000e+00
   39.92155  -71.55125    112.000    111.112    13.1097    35.1325      8.016    -0.0625 5.0640e-11  1026.9731    13.0942    30.8672     6.8488    208.509    8.40512  255.89142     81.484 0.0000e+00
   39.92154  -71.55128    111.000    110.121    13.3592    35.1822      8.028    -0.0514 5.0640e-11  1026.9559    13.3436    30.8499     7.0191    213.696    8.38391  255.24783     83.721 0.0000e+00
