CalculateIndicators/WaterTemperature/Data/CTD_NYOS/20231003_C05.cnv
* Sea-Bird SBE 9 Data File:
* FileName = C:\Seabird 9 CTD\Data\2023\202309_offshore\20231003_C05.hex
* Software Version Seasave V 7.23.2
* Temperature SN = 4590
* Conductivity SN = 3228
* Number of Bytes Per Scan = 44
* Number of Voltage Words = 5
* Number of Scans Averaged by the Deck Unit = 1
* NMEA Latitude = 39 50.53 N
* NMEA Longitude = 072 54.71 W
* NMEA UTC (Time) = Oct 03 2023  14:53:59
* NMEA baud rate = 4800
** Ship: seawolf
** Station: 8.4
** Operator: TDK
# nquan = 18
# nvalues = 15506                       
# units = specified
# name 0 = latitude: Latitude [deg]
# name 1 = longitude: Longitude [deg]
# name 2 = prDM: Pressure, Digiquartz [db]
# name 3 = depSM: Depth [salt water, m]
# name 4 = t090C: Temperature [ITS-90, deg C]
# name 5 = sal00: Salinity, Practical [PSU]
# name 6 = ph: pH
# name 7 = flECO-AFL: Fluorescence, WET Labs ECO-AFL/FL [mg/m^3]
# name 8 = cpar: CPAR/Corrected Irradiance [%]
# name 9 = density00: Density [density, kg/m^3]
# name 10 = potemp090C: Potential Temperature [ITS-90, deg C]
# name 11 = sigma-é00: Density [sigma-theta, kg/m^3]
# name 12 = sbeox0Mg/L: Oxygen, SBE 43 [mg/l]
# name 13 = sbox0Mm/Kg: Oxygen, SBE 43 [umol/kg]
# name 14 = oxsolMg/L: Oxygen Saturation, Garcia & Gordon [mg/l]
# name 15 = oxsolMm/Kg: Oxygen Saturation, Garcia & Gordon [umol/kg]
# name 16 = sbeox0PS: Oxygen, SBE 43 [% saturation]
# name 17 = flag:  0.000e+00
# span 0 =   39.84216,   39.84276       
# span 1 =  -72.91340,  -72.91182       
# span 2 =      1.471,     59.518       
# span 3 =      1.460,     59.054       
# span 4 =    12.3185,    18.6750       
# span 5 =    32.5841,    33.4744       
# span 6 =      7.711,      8.022       
# span 7 =    -0.0524,     0.4446       
# span 8 = 5.4409e-02, 2.6505e+02       
# span 9 =  1023.6363,  1025.0046       
# span 10 =    12.3113,    18.6695      
# span 11 =    23.6287,    24.7801      
# span 12 =     4.7014,     7.4189      
# span 13 =    143.386,    226.487      
# span 14 =    7.65293,    8.71604      
# span 15 =  233.58354,  265.80496      
# span 16 =     54.308,     95.866      
# span 17 = 0.0000e+00, 0.0000e+00      
# interval = seconds: 0.0416667
# start_time = Oct 03 2023 14:54:00 [System UTC, first data scan.]
# bad_flag = -9.990e-29
*END*
[from data line 6754]
   39.84246  -72.91250     44.148     43.806    15.4621    33.0694      7.856     0.1625 4.3997e-01  1024.5791    15.4554    24.3849     5.7195    174.489    8.12454  247.86046     70.398 -9.990e-29
   39.84246  -72.91250     44.129     43.787    15.4694    33.0608      7.856     0.1625 4.3997e-01  1024.5685    15.4627    24.3766     5.7208    174.528    8.12486  247.87009     70.411 -9.990e-29
   39.84246  -72.91250     44.129     43.787    15.4713    33.0558      7.856     0.1625 4.3959e-01  1024.5648    15.4646    24.3721     5.7216    174.552    8.12460  247.85983     70.423 -9.990e-29
   39.84246  -72.91250     44.108     43.766    15.4723    33.0540      7.856     0.1625 4.4084e-01  1024.5652    15.4656    24.3702     5.7267    174.704    8.12357  247.82517     70.495 -9.990e-29
   39.84246  -72.91250     44.087     43.746    15.4745    33.0540      7.856     0.1625 4.4209e-01  1024.5630    15.4678    24.3689     5.7266    174.698    8.12160  247.76143     70.511 -9.990e-29
   39.84246  -72.91250     44.078     43.736    15.4742    33.0540      7.856     0.1625 4.4209e-01  1024.5604    15.4675    24.3684     5.7260    174.676    8.11908  247.68016     70.525 -9.990e-29
   39.84246  -72.91250     44.057     43.715    15.4709    33.0544      7.852     0.1625 4.4335e-01  1024.5638    15.4643    24.3708     5.7298    174.793    8.11614  247.58915     70.598 -9.990e-29
   39.84246  -72.91250     44.046     43.704    15.4706    33.0604      7.856     0.1625 4.4499e-01  1024.5693    15.4639    24.3753     5.7293    174.776    8.11336  247.50462     70.615 -9.990e-29
   39.84246  -72.91250     44.027     43.685    15.4733    33.0688      7.856     0.1625 4.4461e-01  1024.5737    15.4667    24.3813     5.7290    174.768    8.11114  247.43918     70.631 -9.990e-29
   39.84246  -72.91250     44.016     43.674    15.4767    33.0790      7.856     0.1625 4.4625e-01  1024.5839    15.4701    24.3881     5.7293    174.784    8.11007  247.41220     70.645 -9.990e-29
   39.84246  -72.91250     43.987     43.646    15.4852    33.0867      7.852     0.1625 4.4713e-01  1024.5895    15.4786    24.3926     5.7305    174.825    8.11028  247.42608     70.657 -9.990e-29
   39.84246  -72.91250     43.976     43.635    15.4944    33.0902      7.856     0.1625 4.4713e-01  1024.5866    15.4878    24.3935     5.7367    175.017    8.11075  247.44438     70.730 -9.990e-29
   39.84246  -72.91250     43.945     43.605    15.5003    33.0922      7.856     0.1625 4.4840e-01  1024.5877    15.4936    24.3933     5.7431    175.212    8.11096  247.45018     70.807 -9.990e-29
   39.84246  -72.91250     43.934     43.594    15.5098    33.0937      7.856     0.1625 4.4967e-01  1024.5867    15.5031    24.3925     5.7448    175.262    8.11100  247.44966     70.827 -9.990e-29
   39.84246  -72.91250     43.925     43.584    15.5195    33.0937      7.852     0.1625 4.4967e-01  1024.5840    15.5128    24.3909     5.7469    175.324    8.11101  247.44984     70.853 -9.990e-29
   39.84246  -72.91250     43.883     43.543    15.5296    33.0937      7.856     0.1625 4.5095e-01  1024.5834    15.5229    24.3888     5.7483    175.368    8.11111  247.45324     70.869 -9.990e-29
   39.84246  -72.91250     43.874     43.533    15.5417    33.0934      7.856     0.1625 4.5223e-01  1024.5790    15.5350    24.3856     5.7498    175.415    8.11157  247.46857     70.884 -9.990e-29
   39.84246  -72.91250     43.853     43.513    15.5511    33.0934      7.856     0.1625 4.5351e-01  1024.5742    15.5444    24.3822     5.7514    175.465    8.11237  247.49491     70.896 -9.990e-29
   39.84246  -72.91250     43.822     43.483    15.5572    33.0934      7.856     0.1625 4.5223e-01  1024.5721    15.5506    24.3804     5.7571    175.638    8.11298  247.51310     70.961 -9.990e-29
   39.84246  -72.91250     43.802     43.462    15.5637    33.0940      7.851     0.1625 4.5480e-01  1024.5733    15.5570    24.3805     5.7583    175.675    8.11310  247.51486     70.975 -9.990e-29
   39.84246  -72.91250     43.781     43.442    15.5747    33.0967      7.851     0.1625 4.5609e-01  1024.5756    15.5680    24.3803     5.7590    175.695    8.11278  247.50297     70.987 0.0000e+00
   39.84246  -72.91250     43.760     43.421    15.5889    33.0975      7.856     0.1625 4.5609e-01  1024.5703    15.5823    24.3783     5.7646    175.864    8.11259  247.49667     71.057 0.0000e+00
   39.84246  -72.91250     43.730     43.391    15.5986    33.0981      7.851     0.1625 4.5738e-01  1024.5681    15.5919    24.3765     5.7657    175.901    8.11276  247.50339     71.070 0.0000e+00
   39.84246  -72.91250     43.700     43.361    15.6073    33.0988      7.851     0.1491 4.5738e-01  1024.5689    15.6007    24.3756     5.7667    175.931    8.11294  247.50965     71.081 0.0000e+00
   39.84246  -72.91250     43.690     43.351    15.6170    33.0988      7.856     0.1491 4.5908e-01  1024.5673    15.6104    24.3739     5.7723    176.100    8.11294  247.50836     71.149 0.0000e+00
   39.84246  -72.91250     43.660     43.321    15.6265    33.0988      7.856     0.1491 4.6038e-01  1024.5636    15.6198    24.3706     5.7787    176.297    8.11371  247.53503     71.221 0.0000e+00
   39.84246  -72.91250     43.649     43.310    15.6366    33.0953      7.856     0.1491 4.6299e-01  1024.5587    15.6299    24.3657     5.7810    176.370    8.11528  247.58754     71.235 0.0000e+00
   39.84246  -72.91250     43.628     43.290    15.6475    33.0902      7.856     0.1357 4.6299e-01  1024.5522    15.6409    24.3595     5.7837    176.454    8.11700  247.64190     71.254 0.0000e+00
   39.84246  -72.91250     43.598     43.260    15.6575    33.0844      7.856     0.1491 4.6471e-01  1024.5438    15.6509    24.3532     5.7868    176.553    8.11965  247.72635     71.269 0.0000e+00
   39.84246  -72.91250     43.577     43.239    15.6622    33.0800      7.856     0.1491 4.6602e-01  1024.5391    15.6556    24.3486     5.7945    176.790    8.12280  247.82552     71.337 0.0000e+00
   39.84246  -72.91250     43.558     43.220    15.6640    33.0787      7.856     0.1491 4.6642e-01  1024.5374    15.6573    24.3464     5.7975    176.879    8.12512  247.89433     71.353 0.0000e+00
   39.84246  -72.91250     43.546     43.209    15.6645    33.0787      7.856     0.1491 4.6775e-01  1024.5371    15.6578    24.3461     5.8050    177.106    8.12724  247.95527     71.427 0.0000e+00
   39.84246  -72.91250     43.516     43.179    15.6646    33.0787      7.856     0.1491 4.6948e-01  1024.5386    15.6580    24.3467     5.8032    177.051    8.12980  248.03436     71.382 0.0000e+00
   39.84244  -72.91254     43.495     43.158    15.6655    33.0799      7.856     0.1491 4.6948e-01  1024.5389    15.6589    24.3476     5.8105    177.275    8.13242  248.11523     71.449 0.0000e+00
   39.84244  -72.91254     43.486     43.149    15.6653    33.0810      7.856     0.1491 4.6988e-01  1024.5401    15.6587    24.3483     5.8127    177.341    8.13447  248.17482     71.458 0.0000e+00
   39.84244  -72.91254     43.465     43.128    15.6664    33.0810      7.856     0.1491 4.7296e-01  1024.5401    15.6597    24.3489     5.8197    177.554    8.13669  248.24145     71.525 0.0000e+00
   39.84244  -72.91254     43.444     43.108    15.6659    33.0810      7.856     0.1491 4.7296e-01  1024.5421    15.6592    24.3486     5.8228    177.649    8.13929  248.32249     71.540 -9.990e-29
   39.84244  -72.91254     43.444     43.108    15.6694    33.0780      7.856     0.1491 4.7337e-01  1024.5386    15.6628    24.3452     5.8256    177.736    8.14191  248.40318     71.551 -9.990e-29
   39.84244  -72.91254     43.414     43.077    15.6732    33.0717      7.856     0.1491 4.7553e-01  1024.5285    15.6665    24.3400     5.8280    177.806    8.14422  248.47207     71.560 -9.990e-29
   39.84244  -72.91254     43.414     43.077    15.6703    33.0717      7.856     0.1491 4.7676e-01  1024.5261    15.6637    24.3380     5.8299    177.862    8.14631  248.53328     71.565 -9.990e-29
   39.84244  -72.91254     43.404     43.068    15.6642    33.0717      7.856     0.1491 4.7801e-01  1024.5308    15.6575    24.3411     5.8363    178.055    8.14816  248.58763     71.627 0.0000e+00
   39.84244  -72.91254     43.384     43.047    15.6596    33.0781      7.856     0.1491 4.8187e-01  1024.5379    15.6529    24.3471     5.8379    178.103    8.14993  248.64037     71.631 -9.990e-29
   39.84244  -72.91254     43.384     43.047    15.6573    33.0839      7.856     0.1491 4.8706e-01  1024.5467    15.6506    24.3527     5.8441    178.295    8.15177  248.69633     71.692 -9.990e-29
   39.84244  -72.91254     43.374     43.038    15.6606    33.0839      7.856     0.1491 4.9226e-01  1024.5483    15.6539    24.3540     5.8462    178.358    8.15366  248.75378     71.701 -9.990e-29
   39.84244  -72.91254     43.374     43.038    15.6662    33.0839      7.856     0.1491 4.9936e-01  1024.5418    15.6595    24.3507     5.8480    178.411    8.15547  248.80836     71.706 -9.990e-29
   39.84244  -72.91254     43.374     43.038    15.6678    33.0790      7.856     0.1491 5.0807e-01  1024.5357    15.6611    24.3466     5.8493    178.449    8.15707  248.85554     71.708 -9.990e-29
   39.84244  -72.91254     43.353     43.017    15.6653    33.0790      7.856     0.1491 5.1952e-01  1024.5343    15.6587    24.3453     5.8500    178.471    8.15837  248.89323     71.706 -9.990e-29
   39.84244  -72.91254     43.371     43.035    15.6623    33.0790      7.856     0.1357 5.2993e-01  1024.5379    15.6556    24.3467     5.8509    178.495    8.15944  248.92415     71.707 -9.990e-29
   39.84244  -72.91254     43.353     43.017    15.6606    33.0801      7.860     0.1357 5.3971e-01  1024.5398    15.6539    24.3487     5.8513    178.508    8.16043  248.95306     71.703 -9.990e-29
   39.84244  -72.91254     43.353     43.017    15.6590    33.0843      7.860     0.1357 5.4824e-01  1024.5393    15.6524    24.3523     5.8564    178.664    8.16140  248.98220     71.758 -9.990e-29
   39.84244  -72.91254     43.374     43.038    15.6567    33.0948      7.860     0.1357 5.5703e-01  1024.5495    15.6500    24.3606     5.8567    178.672    8.16221  249.00601     71.754 -9.990e-29
   39.84244  -72.91254     43.363     43.027    15.6574    33.1115      7.860     0.1357 5.6554e-01  1024.5633    15.6508    24.3732     5.8514    178.509    8.16260  249.01592     71.686 -9.990e-29
   39.84244  -72.91254     43.374     43.038    15.6632    33.1318      7.860     0.1357 5.7491e-01  1024.5784    15.6565    24.3876     5.8507    178.485    8.16280  249.02045     71.675 -9.990e-29
   39.84244  -72.91254     43.384     43.047    15.6711    33.1509      7.860     0.1357 5.8459e-01  1024.5959    15.6645    24.4003     5.8496    178.452    8.16295  249.02438     71.660 -9.990e-29
   39.84244  -72.91254     43.384     43.047    15.6858    33.1549      7.860     0.1357 5.9397e-01  1024.6018    15.6791    24.4066     5.8483    178.411    8.16309  249.02835     71.643 -9.990e-29
   39.84244  -72.91254     43.393     43.057    15.7025    33.1549      7.860     0.1357 6.0169e-01  1024.5998    15.6958    24.4045     5.8473    178.383    8.16342  249.03901     71.629 -9.990e-29
   39.84244  -72.91254     43.414     43.077    15.7187    33.1549      7.860     0.1357 6.0458e-01  1024.5905    15.7121    24.3935     5.8463    178.353    8.16394  249.05601     71.612 -9.990e-29
   39.84246  -72.91250     43.425     43.088    15.7334    33.1328      7.860     0.1357 6.0590e-01  1024.5675    15.7267    24.3735     5.8451    178.314    8.16441  249.07000     71.592 -9.990e-29
   39.84246  -72.91250     43.435     43.098    15.7438    33.1062      7.860     0.1357 6.0221e-01  1024.5361    15.7371    24.3510     5.8433    178.260    8.16459  249.07446     71.569 -9.990e-29
   39.84246  -72.91250     43.455     43.119    15.7470    33.0888      7.860     0.1357 5.9934e-01  1024.5202    15.7404    24.3367     5.8413    178.198    8.16470  249.07763     71.543 -9.990e-29
   39.84246  -72.91250     43.476     43.139    15.7448    33.0888      7.860     0.1357 5.9188e-01  1024.5230    15.7381    24.3340     5.8397    178.149    8.16498  249.08609     71.521 -9.990e-29
   39.84246  -72.91250     43.476     43.139    15.7421    33.0881      7.860     0.1357 5.8333e-01  1024.5297    15.7354    24.3366     5.8385    178.111    8.16530  249.09488     71.503 -9.990e-29
   39.84246  -72.91250     43.506     43.169    15.7416    33.0873      7.860     0.1357 5.7661e-01  1024.5310    15.7349    24.3381     5.8318    177.908    8.16534  249.09496     71.422 -9.990e-29
   39.84246  -72.91250     43.537     43.199    15.7414    33.0873      7.860     0.1357 5.6784e-01  1024.5301    15.7347    24.3363     5.8293    177.829    8.16508  249.08664     71.392 -9.990e-29
   39.84246  -72.91250     43.546     43.209    15.7412    33.0812      7.865     0.1357 5.5759e-01  1024.5236    15.7345    24.3317     5.8313    177.892    8.16462  249.07235     71.422 -9.990e-29
   39.84246  -72.91250     43.567     43.229    15.7395    33.0812      7.865     0.1357 5.4810e-01  1024.5159    15.7328    24.3279     5.8287    177.812    8.16410  249.05606     71.394 -9.990e-29
   39.84246  -72.91250     43.598     43.260    15.7353    33.0812      7.860     0.1357 5.3734e-01  1024.5180    15.7286    24.3289     5.8259    177.726    8.16360  249.04061     71.364 -9.990e-29
   39.84246  -72.91250     43.618     43.280    15.7315    33.0825      7.860     0.1357 5.2450e-01  1024.5265    15.7248    24.3345     5.8235    177.653    8.16318  249.02786     71.339 -9.990e-29
   39.84246  -72.91250     43.639     43.301    15.7302    33.0887      7.865     0.1357 5.1364e-01  1024.5351    15.7235    24.3403     5.8208    177.572    8.16263  249.01105     71.311 -9.990e-29
   39.84246  -72.91250     43.669     43.331    15.7303    33.0887      7.865     0.1357 5.0369e-01  1024.5376    15.7236    24.3419     5.8131    177.337    8.16223  248.99864     71.220 -9.990e-29
   39.84246  -72.91250     43.700     43.361    15.7320    33.0887      7.865     0.1357 4.9451e-01  1024.5306    15.7253    24.3395     5.8102    177.247    8.16170  248.98285     71.189 -9.990e-29
   39.84246  -72.91250     43.720     43.381    15.7318    33.0859      7.865     0.1357 4.8743e-01  1024.5284    15.7251    24.3374     5.8070    177.150    8.16101  248.96180     71.155 -9.990e-29
   39.84246  -72.91250     43.741     43.402    15.7302    33.0819      7.865     0.1491 4.8268e-01  1024.5331    15.7235    24.3345     5.8036    177.047    8.16030  248.93990     71.121 -9.990e-29
   39.84246  -72.91250     43.771     43.432    15.7303    33.0693      7.865     0.1491 4.7750e-01  1024.5208    15.7236    24.3250     5.8006    176.954    8.15941  248.91236     71.091 -9.990e-29
   39.84246  -72.91250     43.802     43.462    15.7288    33.0506      7.865     0.1491 4.7458e-01  1024.5008    15.7221    24.3114     5.7979    176.871    8.15839  248.88143     71.066 -9.990e-29
   39.84246  -72.91250     43.832     43.492    15.7218    33.0324      7.865     0.1491 4.7118e-01  1024.4933    15.7151    24.2988     5.7950    176.784    8.15735  248.85028     71.040 -9.990e-29
   39.84246  -72.91250     43.853     43.513    15.7121    33.0147      7.865     0.1491 4.6862e-01  1024.4786    15.7053    24.2874     5.7918    176.686    8.15594  248.80573     71.014 -9.990e-29
   39.84246  -72.91250     43.883     43.543    15.6988    33.0063      7.865     0.1491 4.6740e-01  1024.4659    15.6921    24.2808     5.7879    176.567    8.15367  248.73516     70.986 -9.990e-29
   39.84246  -72.91250     43.904     43.563    15.6821    33.0047      7.865     0.1491 4.6700e-01  1024.4750    15.6754    24.2841     5.7794    176.305    8.15116  248.65792     70.902 -9.990e-29
   39.84246  -72.91250     43.945     43.604    15.6645    33.0024      7.860     0.1491 4.6487e-01  1024.4901    15.6578    24.2908     5.7802    176.331    8.14876  248.58495     70.934 -9.990e-29
