CalculateIndicators/WaterTemperature/Data/CTD_NYOS/20231004_C10.cnv
* Sea-Bird SBE 9 Data File:
* FileName = C:\Seabird 9 CTD\Data\2023\202309_offshore\20231004_C10.hex
* Software Version Seasave V 7.23.2
* Temperature SN = 4590
* Conductivity SN = 3228
* Number of Bytes Per Scan = 44
* Number of Voltage Words = 5
* Number of Scans Averaged by the Deck Unit = 1
* NMEA Latitude = 39 19.31 N
* NMEA Longitude = 072 05.19 W
* NMEA UTC (Time) = Oct 04 2023  03:26:22
* NMEA baud rate = 4800
** Ship: seawolf
** Station: 9.7
** Operator: TCM
# nquan = 18
# nvalues = 17562                       
# units = specified
# name 0 = latitude: Latitude [deg]
# name 1 = longitude: Longitude [deg]
# name 2 = prDM: Pressure, Digiquartz [db]
# name 3 = depSM: Depth [salt water, m]
# name 4 = t090C: Temperature [ITS-90, deg C]
# name 5 = sal00: Salinity, Practical [PSU]
# name 6 = ph: pH
# name 7 = flECO-AFL: Fluorescence, WET Labs ECO-AFL/FL [mg/m^3]
# name 8 = cpar: CPAR/Corrected Irradiance [%]
# name 9 = density00: Density [density, kg/m^3]
# name 10 = potemp090C: Potential Temperature [ITS-90, deg C]
# name 11 = sigma-é00: Density [sigma-theta, kg/m^3]
# name 12 = sbeox0Mg/L: Oxygen, SBE 43 [mg/l]
# name 13 = sbox0Mm/Kg: Oxygen, SBE 43 [umol/kg]
# name 14 = oxsolMg/L: Oxygen Saturation, Garcia & Gordon [mg/l]
# name 15 = oxsolMm/Kg: Oxygen Saturation, Garcia & Gordon [umol/kg]
# name 16 = sbeox0PS: Oxygen, SBE 43 [% saturation]
# name 17 = flag:  0.000e+00
# span 0 =   39.32040,   39.32190       
# span 1 =  -72.08818,  -72.08660       
# span 2 =      2.088,    101.591       
# span 3 =      2.072,    100.794       
# span 4 =    14.3892,    23.2316       
# span 5 =    34.1329,    35.9096       
# span 6 =      7.848,      8.074       
# span 7 =    -0.0927,     0.4849       
# span 8 = 5.0640e-11, 9.9999e+04       
# span 9 =  1024.0665,  1027.1412       
# span 10 =    14.3742,    23.2306      
# span 11 =    24.0374,    26.6933      
# span 12 =     4.8780,     6.7656      
# span 13 =    148.485,    206.270      
# span 14 =    6.96926,    8.22708      
# span 15 =  212.67168,  250.59505      
# span 16 =     60.468,     94.726      
# span 17 = 0.0000e+00, 0.0000e+00      
# interval = seconds: 0.0416667
# start_time = Oct 04 2023 03:26:23 [System UTC, first data scan.]
# bad_flag = -9.990e-29
*END*
[from data line 8443]
 -9.990e-29  -72.08732     81.486     80.851    15.2487    35.7499      7.857 -9.990e-29 5.0640e-11  1026.8555    15.2362    26.4979     5.0721    154.414    8.05773  245.30738     62.947 -9.990e-29
 -9.990e-29  -72.08732     81.491     80.856    15.2485    35.7503      7.852 -9.990e-29 5.0640e-11  1026.8564    15.2360    26.4982     5.0725    154.425    8.05777  245.30846     62.952 -9.990e-29
 -9.990e-29  -72.08732     81.497     80.861    15.2485    35.7505      7.852 -9.990e-29 5.0640e-11  1026.8563    15.2360    26.4984     5.0728    154.436    8.05777  245.30836     62.956 -9.990e-29
 -9.990e-29  -72.08732     81.522     80.886    15.2485    35.7505      7.852 -9.990e-29 5.0640e-11  1026.8563    15.2360    26.4984     5.0776    154.582    8.05776  245.30836     63.015 -9.990e-29
 -9.990e-29  -72.08732     81.518     80.882    15.2485    35.7506      7.852 -9.990e-29 5.0640e-11  1026.8565    15.2360    26.4985     5.0736    154.459    8.05776  245.30814     62.965 -9.990e-29
 -9.990e-29  -72.08732     81.522     80.886    15.2485    35.7509      7.852 -9.990e-29 5.0640e-11  1026.8566    15.2360    26.4987     5.0734    154.454    8.05774  245.30760     62.963 -9.990e-29
 -9.990e-29  -72.08732     81.537     80.901    15.2482    35.7511      7.852 -9.990e-29 5.0640e-11  1026.8570    15.2357    26.4989     5.0782    154.600    8.05775  245.30793     63.023 -9.990e-29
 -9.990e-29  -72.08732     81.543     80.907    15.2485    35.7513      7.852 -9.990e-29 5.0640e-11  1026.8573    15.2360    26.4990     5.0736    154.460    8.05773  245.30748     62.966 -9.990e-29
 -9.990e-29  -72.08732     81.554     80.918    15.2489    35.7515      7.857 -9.990e-29 5.0640e-11  1026.8571    15.2364    26.4991     5.0735    154.455    8.05776  245.30826     62.964 -9.990e-29
 -9.990e-29  -72.08732     81.558     80.922    15.2487    35.7515      7.852 -9.990e-29 5.0640e-11  1026.8575    15.2362    26.4991     5.0733    154.449    8.05773  245.30706     62.961 -9.990e-29
 -9.990e-29  -72.08732     81.563     80.927    15.2492    35.7515      7.857 -9.990e-29 5.0640e-11  1026.8572    15.2367    26.4990     5.0731    154.443    8.05768  245.30562     62.959 -9.990e-29
 -9.990e-29  -72.08732     81.569     80.933    15.2494    35.7514      7.852 -9.990e-29 5.0640e-11  1026.8570    15.2369    26.4989     5.0729    154.437    8.05766  245.30507     62.957 -9.990e-29
 -9.990e-29  -72.08732     81.584     80.948    15.2496    35.7513      7.852 -9.990e-29 5.0640e-11  1026.8571    15.2370    26.4988     5.0782    154.598    8.05764  245.30453     63.023 -9.990e-29
 -9.990e-29  -72.08732     81.579     80.943    15.2496    35.7511      7.857 -9.990e-29 5.0640e-11  1026.8568    15.2370    26.4986     5.0791    154.627    8.05773  245.30726     63.034 -9.990e-29
 -9.990e-29  -72.08732     81.594     80.958    15.2496    35.7511      7.852 -9.990e-29 5.0640e-11  1026.8569    15.2370    26.4986     5.0745    154.488    8.05776  245.30824     62.977 -9.990e-29
 -9.990e-29  -72.08732     81.599     80.963    15.2496    35.7511      7.852 -9.990e-29 5.0640e-11  1026.8570    15.2370    26.4986     5.0744    154.483    8.05779  245.30890     62.975 -9.990e-29
 -9.990e-29  -72.08732     81.605     80.969    15.2499    35.7511      7.852 -9.990e-29 5.0640e-11  1026.8567    15.2374    26.4986     5.0792    154.628    8.05782  245.30996     63.034 -9.990e-29
 -9.990e-29  -72.08732     81.609     80.973    15.2498    35.7511      7.857 -9.990e-29 5.0640e-11  1026.8572    15.2372    26.4986     5.0800    154.655    8.05783  245.31039     63.045 -9.990e-29
 -9.990e-29  -72.08732     81.624     80.988    15.2499    35.7511      7.857 -9.990e-29 5.0640e-11  1026.8571    15.2374    26.4986     5.0803    154.665    8.05783  245.31018     63.049 -9.990e-29
 -9.990e-29  -72.08732     81.620     80.984    15.2501    35.7511      7.857 -9.990e-29 5.0640e-11  1026.8569    15.2376    26.4985     5.0807    154.674    8.05786  245.31094     63.052 -9.990e-29
 -9.990e-29  -72.08732     81.624     80.988    15.2503    35.7510      7.852 -9.990e-29 5.0640e-11  1026.8569    15.2377    26.4984     5.0804    154.667    8.05788  245.31170     63.049 -9.990e-29
 -9.990e-29  -72.08732     81.630     80.993    15.2503    35.7510      7.852 -9.990e-29 5.0640e-11  1026.8568    15.2377    26.4984     5.0807    154.675    8.05792  245.31288     63.052 -9.990e-29
 -9.990e-29  -72.08732     81.635     80.999    15.2503    35.7510      7.857 -9.990e-29 5.0640e-11  1026.8569    15.2377    26.4984     5.0760    154.532    8.05800  245.31516     62.993 -9.990e-29
 -9.990e-29  -72.08732     81.651     81.014    15.2503    35.7510      7.857 -9.990e-29 5.0640e-11  1026.8571    15.2377    26.4983     5.0757    154.524    8.05804  245.31626     62.990 -9.990e-29
 -9.990e-29  -72.08736     81.645     81.009    15.2503    35.7510      7.857 -9.990e-29 5.0640e-11  1026.8566    15.2377    26.4983     5.0755    154.515    8.05808  245.31776     62.986 -9.990e-29
 -9.990e-29  -72.08736     81.651     81.014    15.2501    35.7510      7.857 -9.990e-29 5.0640e-11  1026.8571    15.2376    26.4984     5.0801    154.656    8.05808  245.31765     63.043 -9.990e-29
 -9.990e-29  -72.08736     81.656     81.020    15.2503    35.7510      7.857 -9.990e-29 5.0640e-11  1026.8569    15.2377    26.4984     5.0803    154.663    8.05812  245.31874     63.046 -9.990e-29
 -9.990e-29  -72.08736     81.660     81.024    15.2504    35.7510      7.852 -9.990e-29 5.0640e-11  1026.8571    15.2379    26.4984     5.0805    154.668    8.05813  245.31895     63.048 -9.990e-29
 -9.990e-29  -72.08736     81.677     81.040    15.2504    35.7510      7.857 -9.990e-29 5.0640e-11  1026.8573    15.2379    26.4984     5.0812    154.689    8.05813  245.31894     63.056 -9.990e-29
 -9.990e-29  -72.08736     81.671     81.035    15.2504    35.7509      7.857 -9.990e-29 5.0640e-11  1026.8569    15.2379    26.4983     5.0813    154.694    8.05817  245.32014     63.058 -9.990e-29
 -9.990e-29  -72.08736     81.677     81.040    15.2504    35.7508      7.857 -9.990e-29 5.0640e-11  1026.8568    15.2379    26.4982     5.0766    154.550    8.05826  245.32285     62.998 -9.990e-29
 -9.990e-29  -72.08736     81.671     81.035    15.2504    35.7507      7.857 -9.990e-29 5.0640e-11  1026.8570    15.2379    26.4981     5.0811    154.688    8.05827  245.32317     63.055 -9.990e-29
 -9.990e-29  -72.08736     81.687     81.050    15.2504    35.7507      7.852 -9.990e-29 5.0640e-11  1026.8566    15.2379    26.4980     5.0812    154.690    8.05824  245.32240     63.056 -9.990e-29
 -9.990e-29  -72.08736     81.692     81.055    15.2506    35.7507      7.857 -9.990e-29 5.0640e-11  1026.8566    15.2381    26.4980     5.0763    154.541    8.05814  245.31924     62.996 -9.990e-29
 -9.990e-29  -72.08736     81.677     81.040    15.2504    35.7506      7.852 -9.990e-29 5.0640e-11  1026.8569    15.2379    26.4982     5.0807    154.676    8.05809  245.31780     63.051 -9.990e-29
 -9.990e-29  -72.08736     81.702     81.065    15.2504    35.7506      7.852 -9.990e-29 5.0640e-11  1026.8570    15.2379    26.4982     5.0808    154.678    8.05807  245.31725     63.052 -9.990e-29
 -9.990e-29  -72.08736     81.687     81.050    15.2503    35.7506      7.852 -9.990e-29 5.0640e-11  1026.8570    15.2377    26.4981     5.0808    154.678    8.05803  245.31615     63.052 -9.990e-29
 -9.990e-29  -72.08736     81.702     81.065    15.2504    35.7503      7.852 -9.990e-29 5.0640e-11  1026.8563    15.2379    26.4978     5.0808    154.678    8.05800  245.31517     63.053 -9.990e-29
 -9.990e-29  -72.08736     81.696     81.059    15.2501    35.7503      7.857 -9.990e-29 5.0640e-11  1026.8566    15.2376    26.4977     5.0808    154.678    8.05803  245.31633     63.053 -9.990e-29
 -9.990e-29  -72.08736     81.712     81.074    15.2503    35.7503      7.852 -9.990e-29 5.0640e-11  1026.8566    15.2377    26.4978     5.0758    154.527    8.05802  245.31589     62.991 -9.990e-29
 -9.990e-29  -72.08736     81.707     81.070    15.2499    35.7503      7.857 -9.990e-29 5.0640e-11  1026.8569    15.2374    26.4979     5.0807    154.676    8.05800  245.31524     63.052 -9.990e-29
 -9.990e-29  -72.08736     81.712     81.074    15.2499    35.7504      7.852 -9.990e-29 5.0640e-11  1026.8569    15.2374    26.4980     5.0807    154.675    8.05796  245.31415     63.052 -9.990e-29
 -9.990e-29  -72.08736     81.717     81.080    15.2501    35.7504      7.857 -9.990e-29 5.0640e-11  1026.8565    15.2375    26.4980     5.0806    154.673    8.05795  245.31381     63.051 -9.990e-29
 -9.990e-29  -72.08736     81.712     81.074    15.2496    35.7505      7.852 -9.990e-29 5.0640e-11  1026.8571    15.2370    26.4981     5.0805    154.671    8.05795  245.31390     63.050 -9.990e-29
 -9.990e-29  -72.08736     81.717     81.080    15.2498    35.7506      7.852 -9.990e-29 5.0640e-11  1026.8571    15.2372    26.4982     5.0810    154.685    8.05796  245.31431     63.056 -9.990e-29
 -9.990e-29  -72.08736     81.712     81.074    15.2496    35.7506      7.857 -9.990e-29 5.0640e-11  1026.8570    15.2370    26.4982     5.0809    154.682    8.05800  245.31560     63.054 -9.990e-29
 -9.990e-29  -72.08736     81.717     81.080    15.2494    35.7507      7.857 -9.990e-29 5.0640e-11  1026.8572    15.2368    26.4983     5.0808    154.678    8.05795  245.31389     63.053 -9.990e-29
 -9.990e-29  -72.08736     81.712     81.074    15.2494    35.7509      7.857 -9.990e-29 5.0640e-11  1026.8575    15.2368    26.4985     5.0806    154.672    8.05788  245.31171     63.051 -9.990e-29
 -9.990e-29  -72.08736     81.717     81.080    15.2496    35.7509      7.852 -9.990e-29 5.0640e-11  1026.8573    15.2370    26.4985     5.0809    154.682    8.05777  245.30814     63.056 -9.990e-29
 -9.990e-29  -72.08736     81.723     81.085    15.2494    35.7509      7.852 -9.990e-29 5.0640e-11  1026.8572    15.2368    26.4985     5.0807    154.674    8.05768  245.30531     63.054 -9.990e-29
 -9.990e-29  -72.08736     81.707     81.070    15.2492    35.7510      7.857 -9.990e-29 5.0640e-11  1026.8576    15.2367    26.4986     5.0804    154.667    8.05758  245.30246     63.052 -9.990e-29
 -9.990e-29  -72.08736     81.723     81.085    15.2494    35.7510      7.852 -9.990e-29 5.0640e-11  1026.8573    15.2368    26.4986     5.0802    154.660    8.05754  245.30135     63.049 -9.990e-29
 -9.990e-29  -72.08736     81.717     81.080    15.2494    35.7510      7.857 -9.990e-29 5.0640e-11  1026.8574    15.2368    26.4986     5.0805    154.669    8.05751  245.30047     63.053 -9.990e-29
 -9.990e-29  -72.08736     81.712     81.074    15.2494    35.7510      7.852 -9.990e-29 5.0640e-11  1026.8576    15.2368    26.4986     5.0801    154.658    8.05733  245.29484     63.050 -9.990e-29
 -9.990e-29  -72.08736     81.717     81.080    15.2494    35.7510      7.852 -9.990e-29 5.0640e-11  1026.8575    15.2368    26.4986     5.0798    154.649    8.05722  245.29177     63.047 -9.990e-29
 -9.990e-29  -72.08736     81.712     81.074    15.2496    35.7510      7.857 -9.990e-29 5.0640e-11  1026.8572    15.2370    26.4986     5.0801    154.657    8.05722  245.29185     63.050 -9.990e-29
 -9.990e-29  -72.08736     81.717     81.080    15.2492    35.7512      7.857 -9.990e-29 5.0640e-11  1026.8577    15.2367    26.4987     5.0848    154.799    8.05724  245.29247     63.108 -9.990e-29
   39.32124 -9.990e-29     81.702     81.065    15.2494    35.7512      7.852 -9.990e-29 5.0640e-11  1026.8578    15.2368    26.4988     5.0850    154.807    8.05730  245.29452     63.111 -9.990e-29
   39.32124 -9.990e-29     81.707     81.070    15.2498    35.7512      7.857 -9.990e-29 5.0640e-11  1026.8575    15.2372    26.4987     5.0803    154.662    8.05733  245.29525     63.051 -9.990e-29
   39.32124 -9.990e-29     81.702     81.065    15.2499    35.7512      7.852 -9.990e-29 5.0640e-11  1026.8574    15.2374    26.4986     5.0848    154.800    8.05727  245.29342     63.108 -9.990e-29
   39.32124 -9.990e-29     81.707     81.070    15.2501    35.7512      7.857 -9.990e-29 5.0640e-11  1026.8572    15.2375    26.4985     5.0799    154.652    8.05727  245.29320     63.048 -9.990e-29
   39.32124 -9.990e-29     81.692     81.055    15.2496    35.7512      7.852 -9.990e-29 5.0640e-11  1026.8572    15.2370    26.4986     5.0849    154.803    8.05715  245.28963     63.110 -9.990e-29
   39.32124 -9.990e-29     81.687     81.050    15.2492    35.7511      7.852 -9.990e-29 5.0640e-11  1026.8576    15.2367    26.4988     5.0854    154.817    8.05698  245.28409     63.118 -9.990e-29
   39.32124 -9.990e-29     81.702     81.065    15.2490    35.7511      7.852 -9.990e-29 5.0640e-11  1026.8578    15.2365    26.4988     5.0804    154.665    8.05685  245.28008     63.057 -9.990e-29
   39.32124 -9.990e-29     81.687     81.050    15.2490    35.7512      7.852 -9.990e-29 5.0640e-11  1026.8572    15.2365    26.4987     5.0847    154.797    8.05668  245.27487     63.111 -9.990e-29
   39.32124 -9.990e-29     81.671     81.035    15.2489    35.7512      7.852 -9.990e-29 5.0640e-11  1026.8573    15.2363    26.4987     5.0851    154.808    8.05647  245.26886     63.118 -9.990e-29
   39.32124 -9.990e-29     81.677     81.040    15.2489    35.7512      7.852 -9.990e-29 5.0640e-11  1026.8575    15.2363    26.4989     5.0854    154.820    8.05632  245.26459     63.124 -9.990e-29
   39.32124 -9.990e-29     81.671     81.035    15.2485    35.7514      7.852 -9.990e-29 5.0640e-11  1026.8579    15.2360    26.4991     5.0809    154.683    8.05625  245.26280     63.068 -9.990e-29
   39.32124 -9.990e-29     81.666     81.029    15.2484    35.7515      7.852 -9.990e-29 5.0640e-11  1026.8579    15.2358    26.4992     5.0809    154.681    8.05623  245.26224     63.067 -9.990e-29
   39.32124 -9.990e-29     81.651     81.014    15.2482    35.7517      7.857 -9.990e-29 5.0640e-11  1026.8577    15.2357    26.4994     5.0808    154.677    8.05616  245.25975     63.067 -9.990e-29
   39.32124 -9.990e-29     81.645     81.008    15.2475    35.7519      7.852 -9.990e-29 5.0640e-11  1026.8583    15.2350    26.4996     5.0806    154.673    8.05601  245.25488     63.066 -9.990e-29
   39.32124 -9.990e-29     81.651     81.014    15.2472    35.7521      7.852 -9.990e-29 5.0640e-11  1026.8586    15.2347    26.4999     5.0799    154.652    8.05585  245.25041     63.059 -9.990e-29
   39.32124 -9.990e-29     81.635     80.999    15.2470    35.7521      7.857 -9.990e-29 5.0640e-11  1026.8583    15.2345    26.5000     5.0792    154.631    8.05577  245.24820     63.051 -9.990e-29
   39.32124 -9.990e-29     81.620     80.984    15.2469    35.7523      7.852 -9.990e-29 5.0640e-11  1026.8587    15.2343    26.5002     5.0785    154.610    8.05568  245.24547     63.043 -9.990e-29
   39.32124 -9.990e-29     81.624     80.988    15.2465    35.7526      7.857 -9.990e-29 5.0640e-11  1026.8590    15.2340    26.5004     5.0784    154.605    8.05566  245.24472     63.041 -9.990e-29
   39.32124 -9.990e-29     81.609     80.973    15.2465    35.7526      7.857 -9.990e-29 5.0640e-11  1026.8588    15.2340    26.5004     5.0782    154.601    8.05561  245.24326     63.040 -9.990e-29
   39.32124 -9.990e-29     81.605     80.969    15.2465    35.7526      7.852 -9.990e-29 5.0640e-11  1026.8588    15.2340    26.5004     5.0781    154.597    8.05560  245.24313     63.038 -9.990e-29
   39.32124 -9.990e-29     81.579     80.942    15.2463    35.7525      7.852 -9.990e-29 5.0640e-11  1026.8587    15.2338    26.5004     5.0780    154.594    8.05564  245.24430     63.037 -9.990e-29
   39.32124 -9.990e-29     81.584     80.948    15.2458    35.7525      7.852 -9.990e-29 5.0640e-11  1026.8587    15.2333    26.5005     5.0828    154.741    8.05565  245.24465     63.096 -9.990e-29
