CalculateIndicators/WaterTemperature/Data/CTD_NYOS/20230516_C13.cnv
* Sea-Bird SBE 9 Data File:
* FileName = C:\Seabird 9 CTD\Data\2023\202305_offshore\20230516_C13.hex
* Software Version Seasave V 7.23.2
* Temperature SN = 4590
* Conductivity SN = 3228
* Number of Bytes Per Scan = 44
* Number of Voltage Words = 5
* Number of Scans Averaged by the Deck Unit = 1
* NMEA Latitude = 39 46.23 N
* NMEA Longitude = 072 22.91 W
* NMEA UTC (Time) = May 16 2023  14:33:52
* NMEA baud rate = 4800
** Ship: Seawolf
** Station: 9.5
** Operator: tcm
# nquan = 18
# nvalues = 17648                       
# units = specified
# name 0 = latitude: Latitude [deg]
# name 1 = longitude: Longitude [deg]
# name 2 = prDM: Pressure, Digiquartz [db]
# name 3 = depSM: Depth [salt water, m]
# name 4 = t090C: Temperature [ITS-90, deg C]
# name 5 = sal00: Salinity, Practical [PSU]
# name 6 = ph: pH
# name 7 = flECO-AFL: Fluorescence, WET Labs ECO-AFL/FL [mg/m^3]
# name 8 = cpar: CPAR/Corrected Irradiance [%]
# name 9 = density00: Density [density, kg/m^3]
# name 10 = potemp090C: Potential Temperature [ITS-90, deg C]
# name 11 = sigma-é00: Density [sigma-theta, kg/m^3]
# name 12 = sbeox0Mg/L: Oxygen, SBE 43 [mg/l]
# name 13 = sbox0Mm/Kg: Oxygen, SBE 43 [umol/kg]
# name 14 = oxsolMg/L: Oxygen Saturation, Garcia & Gordon [mg/l]
# name 15 = oxsolMm/Kg: Oxygen Saturation, Garcia & Gordon [umol/kg]
# name 16 = sbeox0PS: Oxygen, SBE 43 [% saturation]
# name 17 = flag:  0.000e+00
# span 0 =   39.76956,   39.77056       
# span 1 =  -72.38196,  -72.37898       
# span 2 =      1.481,     82.469       
# span 3 =      1.470,     81.823       
# span 4 =     7.1204,    12.6263       
# span 5 =    32.5645,    33.1993       
# span 6 =      7.834,      8.110       
# span 7 =    -0.3479,     1.1564       
# span 8 = 4.2341e-14, 1.0824e+02       
# span 9 =  1024.5707,  1026.3308       
# span 10 =     7.1160,    12.6256      
# span 11 =    24.5807,    25.9550      
# span 12 =     8.2860,    10.0200      
# span 13 =    252.392,    305.411      
# span 14 =    8.66653,    9.74144      
# span 15 =  264.33176,  296.73378      
# span 16 =     85.478,    112.283      
# span 17 = 0.0000e+00, 0.0000e+00      
# interval = seconds: 0.0416667
# start_time = May 16 2023 14:33:52 [System UTC, first data scan.]
# bad_flag = -9.990e-29
*END*
[from data line 4905]
   39.77032  -72.38118     82.006     81.363     7.3414    33.1976      7.858    -0.0255 4.2734e-14  1026.3285     7.3338    25.9534     8.3293    253.709    9.68706  295.06692     85.983 -9.990e-29
   39.77032  -72.38118     82.011     81.369     7.3414    33.1976      7.858    -0.0255 4.2698e-14  1026.3284     7.3338    25.9533     8.3288    253.693    9.68704  295.06617     85.978 -9.990e-29
   39.77032  -72.38118     81.975     81.333     7.3414    33.1976      7.853    -0.0255 4.2698e-14  1026.3282     7.3338    25.9533     8.3283    253.679    9.68707  295.06706     85.973 -9.990e-29
   39.77032  -72.38118     81.960     81.318     7.3411    33.1975      7.858    -0.0255 4.2698e-14  1026.3286     7.3335    25.9535     8.3287    253.690    9.68701  295.06515     85.978 -9.990e-29
   39.77032  -72.38118     81.945     81.303     7.3411    33.1975      7.853    -0.0255 4.2698e-14  1026.3287     7.3335    25.9535     8.3281    253.674    9.68700  295.06494     85.972 -9.990e-29
   39.77032  -72.38118     81.930     81.287     7.3412    33.1975      7.853    -0.0255 4.2698e-14  1026.3281     7.3336    25.9534     8.3276    253.657    9.68702  295.06558     85.966 -9.990e-29
   39.77032  -72.38118     81.903     81.261     7.3411    33.1975      7.858    -0.0255 4.2662e-14  1026.3280     7.3335    25.9533     8.3280    253.669    9.68706  295.06693     85.970 -9.990e-29
   39.77032  -72.38118     81.877     81.235     7.3412    33.1975      7.853    -0.0255 4.2662e-14  1026.3280     7.3336    25.9533     8.3282    253.677    9.68701  295.06551     85.973 -9.990e-29
   39.77032  -72.38118     81.873     81.231     7.3411    33.1975      7.858    -0.0255 4.2662e-14  1026.3279     7.3335    25.9534     8.3349    253.881    9.68705  295.06662     86.042 -9.990e-29
   39.77032  -72.38118     81.841     81.200     7.3409    33.1975      7.858    -0.0255 4.2662e-14  1026.3280     7.3333    25.9534     8.3289    253.699    9.68708  295.06751     85.980 -9.990e-29
   39.77032  -72.38118     81.816     81.175     7.3409    33.1975      7.853    -0.0255 4.2626e-14  1026.3278     7.3333    25.9534     8.3283    253.678    9.68710  295.06802     85.973 -9.990e-29
   39.77032  -72.38118     81.790     81.149     7.3409    33.1975      7.858    -0.0255 4.2626e-14  1026.3274     7.3333    25.9534     8.3339    253.849    9.68712  295.06863     86.030 -9.990e-29
   39.77032  -72.38118     81.755     81.114     7.3406    33.1975      7.853    -0.0255 4.2626e-14  1026.3277     7.3330    25.9534     8.3350    253.882    9.68712  295.06870     86.042 -9.990e-29
   39.77032  -72.38118     81.738     81.098     7.3407    33.1975      7.858    -0.0255 4.2626e-14  1026.3273     7.3331    25.9534     8.3297    253.722    9.68713  295.06894     85.988 -9.990e-29
   39.77032  -72.38118     81.702     81.062     7.3404    33.1975      7.858    -0.0255 4.2626e-14  1026.3274     7.3328    25.9535     8.3289    253.698    9.68714  295.06946     85.979 -9.990e-29
   39.77032  -72.38118     81.678     81.037     7.3407    33.1976      7.853    -0.0121 4.2590e-14  1026.3271     7.3332    25.9535     8.3290    253.700    9.68712  295.06874     85.980 -9.990e-29
   39.77032  -72.38118     81.642     81.002     7.3406    33.1976      7.853    -0.0255 4.2590e-14  1026.3272     7.3330    25.9535     8.3291    253.703    9.68713  295.06906     85.981 -9.990e-29
   39.77032  -72.38118     81.615     80.976     7.3407    33.1976      7.858    -0.0255 4.2590e-14  1026.3268     7.3332    25.9535     8.3292    253.707    9.68718  295.07052     85.982 -9.990e-29
   39.77032  -72.38118     81.585     80.945     7.3407    33.1976      7.858    -0.0255 4.2590e-14  1026.3268     7.3332    25.9535     8.3293    253.709    9.68712  295.06880     85.983 -9.990e-29
   39.77032  -72.38118     81.560     80.921     7.3409    33.1976      7.853    -0.0255 4.2590e-14  1026.3265     7.3333    25.9535     8.3294    253.712    9.68712  295.06853     85.984 -9.990e-29
   39.77032  -72.38118     81.524     80.885     7.3407    33.1976      7.858    -0.0255 4.2590e-14  1026.3267     7.3332    25.9535     8.3294    253.714    9.68710  295.06810     85.985 -9.990e-29
   39.77032  -72.38118     81.497     80.859     7.3409    33.1976      7.858    -0.0255 4.2554e-14  1026.3264     7.3333    25.9535     8.3286    253.687    9.68707  295.06717     85.976 -9.990e-29
   39.77032  -72.38118     81.461     80.823     7.3411    33.1975      7.853    -0.0255 4.2554e-14  1026.3259     7.3335    25.9533     8.3277    253.660    9.68711  295.06842     85.967 -9.990e-29
   39.77032  -72.38118     81.431     80.793     7.3409    33.1975      7.858    -0.0255 4.2554e-14  1026.3259     7.3333    25.9533     8.3277    253.662    9.68712  295.06862     85.967 -9.990e-29
   39.77032  -72.38118     81.406     80.768     7.3411    33.1975      7.858    -0.0255 4.2554e-14  1026.3256     7.3335    25.9534     8.3278    253.663    9.68715  295.06935     85.967 -9.990e-29
   39.77032  -72.38118     81.369     80.731     7.3407    33.1975      7.858    -0.0255 4.2554e-14  1026.3259     7.3332    25.9535     8.3278    253.664    9.68714  295.06925     85.968 -9.990e-29
   39.77032  -72.38118     81.334     80.697     7.3409    33.1976      7.858    -0.0255 4.2554e-14  1026.3258     7.3333    25.9535     8.3278    253.664    9.68713  295.06897     85.968 -9.990e-29
   39.77032  -72.38118     81.308     80.670     7.3411    33.1977      7.858    -0.0255 4.2554e-14  1026.3251     7.3335    25.9534     8.3278    253.665    9.68714  295.06928     85.968 -9.990e-29
   39.77032  -72.38118     81.277     80.640     7.3409    33.1977      7.858    -0.0255 4.2554e-14  1026.3253     7.3333    25.9534     8.3278    253.665    9.68711  295.06836     85.968 -9.990e-29
   39.77032  -72.38118     81.251     80.614     7.3409    33.1977      7.853    -0.0255 4.2554e-14  1026.3254     7.3334    25.9535     8.3279    253.665    9.68710  295.06809     85.968 -9.990e-29
   39.77032  -72.38118     81.215     80.578     7.3412    33.1978      7.858    -0.0255 4.2554e-14  1026.3249     7.3337    25.9536     8.3342    253.859    9.68713  295.06891     86.034 -9.990e-29
   39.77032  -72.38118     81.200     80.563     7.3409    33.1979      7.858    -0.0255 4.2554e-14  1026.3253     7.3333    25.9536     8.3278    253.665    9.68712  295.06864     85.968 -9.990e-29
   39.77032  -72.38118     81.164     80.528     7.3414    33.1979      7.858    -0.0255 4.2554e-14  1026.3248     7.3339    25.9536     8.3268    253.635    9.68713  295.06881     85.958 -9.990e-29
   39.77032  -72.38118     81.154     80.518     7.3412    33.1979      7.853    -0.0255 4.2554e-14  1026.3250     7.3337    25.9536     8.3267    253.631    9.68707  295.06710     85.957 -9.990e-29
   39.77032  -72.38118     81.118     80.482     7.3412    33.1978      7.858    -0.0255 4.2554e-14  1026.3248     7.3337    25.9536     8.3266    253.629    9.68710  295.06806     85.956 -9.990e-29
   39.77032  -72.38118     81.101     80.466     7.3414    33.1978      7.853    -0.0121 4.2554e-14  1026.3244     7.3339    25.9534     8.3265    253.626    9.68709  295.06780     85.955 -9.990e-29
   39.77032  -72.38118     81.071     80.435     7.3415    33.1978      7.853    -0.0255 4.2554e-14  1026.3242     7.3340    25.9534     8.3265    253.624    9.68712  295.06876     85.954 -9.990e-29
   39.77032  -72.38118     81.046     80.411     7.3414    33.1978      7.858    -0.0255 4.2554e-14  1026.3245     7.3339    25.9536     8.3327    253.814    9.68714  295.06938     86.018 -9.990e-29
   39.77032  -72.38118     81.040     80.405     7.3414    33.1978      7.853    -0.0389 4.2554e-14  1026.3244     7.3339    25.9536     8.3271    253.644    9.68709  295.06764     85.961 -9.990e-29
   39.77032  -72.38118     81.010     80.375     7.3415    33.1978      7.858    -0.0389 4.2554e-14  1026.3241     7.3340    25.9536     8.3270    253.640    9.68710  295.06780     85.960 -9.990e-29
   39.77032  -72.38118     80.995     80.360     7.3412    33.1978      7.853    -0.0255 4.2554e-14  1026.3243     7.3337    25.9535     8.3269    253.636    9.68708  295.06747     85.959 -9.990e-29
   39.77032  -72.38118     80.978     80.343     7.3415    33.1978      7.858    -0.0389 4.2554e-14  1026.3237     7.3340    25.9535     8.3330    253.823    9.68709  295.06761     86.022 -9.990e-29
   39.77032  -72.38118     80.968     80.334     7.3412    33.1978      7.853    -0.0389 4.2554e-14  1026.3241     7.3337    25.9535     8.3338    253.846    9.68708  295.06758     86.030 -9.990e-29
   39.77032  -72.38118     80.953     80.319     7.3414    33.1978      7.858    -0.0389 4.2554e-14  1026.3241     7.3339    25.9536     8.3282    253.677    9.68711  295.06826     85.972 -9.990e-29
   39.77032  -72.38118     80.938     80.304     7.3412    33.1978      7.858    -0.0255 4.2554e-14  1026.3239     7.3337    25.9536     8.3271    253.642    9.68709  295.06785     85.960 -9.990e-29
   39.77032  -72.38118     80.934     80.299     7.3412    33.1977      7.858    -0.0255 4.2554e-14  1026.3238     7.3337    25.9535     8.3268    253.633    9.68707  295.06704     85.958 -9.990e-29
   39.77032  -72.38118     80.927     80.293     7.3411    33.1977      7.853    -0.0255 4.2554e-14  1026.3237     7.3336    25.9535     8.3266    253.626    9.68711  295.06830     85.955 -9.990e-29
   39.77032  -72.38118     80.917     80.283     7.3411    33.1977      7.858    -0.0389 4.2554e-14  1026.3237     7.3336    25.9535     8.3263    253.618    9.68708  295.06745     85.953 -9.990e-29
   39.77032  -72.38118     80.913     80.279     7.3409    33.1977      7.858    -0.0389 4.2554e-14  1026.3238     7.3334    25.9535     8.3260    253.610    9.68706  295.06697     85.950 -9.990e-29
   39.77032  -72.38118     80.896     80.262     7.3411    33.1977      7.858    -0.0255 4.2554e-14  1026.3235     7.3336    25.9535     8.3320    253.793    9.68706  295.06667     86.012 -9.990e-29
   39.77032  -72.38118     80.906     80.272     7.3409    33.1977      7.858    -0.0389 4.2554e-14  1026.3237     7.3334    25.9535     8.3264    253.620    9.68701  295.06538     85.954 -9.990e-29
   39.77032  -72.38118     80.902     80.268     7.3411    33.1977      7.853    -0.0255 4.2554e-14  1026.3239     7.3336    25.9536     8.3260    253.610    9.68698  295.06430     85.951 -9.990e-29
   39.77032  -72.38118     80.906     80.272     7.3412    33.1977      7.858    -0.0389 4.2554e-14  1026.3236     7.3337    25.9535     8.3257    253.601    9.68699  295.06473     85.948 -9.990e-29
   39.77032  -72.38118     80.896     80.262     7.3411    33.1977      7.853    -0.0255 4.2590e-14  1026.3237     7.3336    25.9535     8.3255    253.593    9.68701  295.06512     85.945 -9.990e-29
   39.77032  -72.38118     80.923     80.288     7.3409    33.1976      7.858    -0.0389 4.2590e-14  1026.3238     7.3334    25.9534     8.3314    253.773    9.68694  295.06330     86.006 -9.990e-29
   39.77032  -72.38118     80.887     80.253     7.3412    33.1976      7.853    -0.0255 4.2590e-14  1026.3233     7.3337    25.9534     8.3258    253.602    9.68701  295.06543     85.948 -9.990e-29
   39.77032  -72.38118     80.906     80.272     7.3409    33.1976      7.858    -0.0389 4.2590e-14  1026.3238     7.3334    25.9534     8.3254    253.591    9.68701  295.06537     85.944 -9.990e-29
   39.77032  -72.38118     80.923     80.288     7.3409    33.1976      7.853    -0.0389 4.2590e-14  1026.3236     7.3334    25.9534     8.3324    253.802    9.68703  295.06580     86.016 -9.990e-29
   39.77030  -72.38118     80.917     80.283     7.3407    33.1976      7.858    -0.0389 4.2590e-14  1026.3237     7.3332    25.9534     8.3266    253.628    9.68699  295.06480     85.957 -9.990e-29
   39.77030  -72.38118     80.938     80.304     7.3407    33.1976      7.858    -0.0389 4.2590e-14  1026.3236     7.3332    25.9534     8.3263    253.618    9.68702  295.06560     85.953 -9.990e-29
   39.77030  -72.38118     80.943     80.309     7.3406    33.1975      7.858    -0.0255 4.2590e-14  1026.3240     7.3331    25.9534     8.3269    253.636    9.68700  295.06494     85.959 -9.990e-29
   39.77030  -72.38118     80.959     80.324     7.3407    33.1975      7.853    -0.0255 4.2626e-14  1026.3236     7.3332    25.9534     8.3275    253.656    9.68700  295.06495     85.966 -9.990e-29
   39.77030  -72.38118     80.968     80.334     7.3406    33.1975      7.853    -0.0121 4.2626e-14  1026.3238     7.3331    25.9534     8.3272    253.647    9.68695  295.06364     85.963 -9.990e-29
   39.77030  -72.38118     80.985     80.350     7.3406    33.1976      7.858    -0.0121 4.2626e-14  1026.3242     7.3331    25.9535     8.3270    253.640    9.68701  295.06532     85.961 -9.990e-29
   39.77030  -72.38118     81.010     80.375     7.3406    33.1976      7.858    -0.0121 4.2626e-14  1026.3242     7.3331    25.9535     8.3267    253.632    9.68700  295.06496     85.958 -9.990e-29
   39.77030  -72.38118     81.010     80.375     7.3404    33.1976      7.853    -0.0121 4.2626e-14  1026.3241     7.3329    25.9535     8.3265    253.624    9.68702  295.06561     85.955 -9.990e-29
   39.77030  -72.38118     81.036     80.401     7.3406    33.1977      7.853    -0.0121 4.2626e-14  1026.3244     7.3331    25.9536     8.3262    253.617    9.68704  295.06621     85.952 -9.990e-29
   39.77030  -72.38118     81.061     80.426     7.3406    33.1979      7.858    -0.0121 4.2626e-14  1026.3246     7.3331    25.9537     8.3260    253.608    9.68703  295.06591     85.950 -9.990e-29
   39.77030  -72.38118     81.071     80.435     7.3406    33.1979      7.858    -0.0121 4.2662e-14  1026.3248     7.3331    25.9538     8.3256    253.597    9.68695  295.06363     85.947 -9.990e-29
   39.77030  -72.38118     81.097     80.462     7.3407    33.1979      7.853    -0.0121 4.2662e-14  1026.3249     7.3332    25.9538     8.3254    253.590    9.68697  295.06408     85.944 -9.990e-29
   39.77030  -72.38118     81.101     80.466     7.3406    33.1979      7.853     0.0013 4.2662e-14  1026.3248     7.3331    25.9537     8.3251    253.581    9.68694  295.06328     85.941 -9.990e-29
   39.77030  -72.38118     81.148     80.512     7.3406    33.1979      7.858    -0.0121 4.2662e-14  1026.3249     7.3331    25.9537     8.3248    253.574    9.68698  295.06451     85.939 -9.990e-29
   39.77030  -72.38118     81.154     80.518     7.3404    33.1978      7.853     0.0013 4.2662e-14  1026.3252     7.3329    25.9537     8.3245    253.565    9.68695  295.06335     85.936 -9.990e-29
   39.77030  -72.38118     81.194     80.558     7.3406    33.1977      7.858    -0.0121 4.2662e-14  1026.3249     7.3331    25.9536     8.3243    253.557    9.68695  295.06334     85.933 -9.990e-29
   39.77030  -72.38118     81.211     80.574     7.3406    33.1976      7.858    -0.0121 4.2662e-14  1026.3251     7.3331    25.9535     8.3241    253.550    9.68700  295.06487     85.930 -9.990e-29
   39.77030  -72.38118     81.224     80.588     7.3406    33.1976      7.858    -0.0121 4.2662e-14  1026.3251     7.3331    25.9534     8.3238    253.541    9.68698  295.06443     85.927 -9.990e-29
   39.77030  -72.38118     81.256     80.620     7.3407    33.1976      7.853    -0.0121 4.2662e-14  1026.3252     7.3332    25.9534     8.3235    253.532    9.68697  295.06406     85.924 -9.990e-29
   39.77030  -72.38118     81.272     80.635     7.3407    33.1977      7.858    -0.0121 4.2698e-14  1026.3253     7.3332    25.9536     8.3233    253.526    9.68704  295.06617     85.922 -9.990e-29
   39.77030  -72.38118     81.296     80.659     7.3404    33.1977      7.858    -0.0121 4.2698e-14  1026.3260     7.3329    25.9537     8.3230    253.517    9.68699  295.06465     85.919 -9.990e-29
