CalculateIndicators/WaterTemperature/Data/CTD_NYOS/20231005_C19.cnv
* Sea-Bird SBE 9 Data File:
* FileName = C:\Seabird 9 CTD\Data\2023\202309_offshore\20231005_C19.hex
* Software Version Seasave V 7.23.2
* Temperature SN = 4590
* Conductivity SN = 3228
* Number of Bytes Per Scan = 44
* Number of Voltage Words = 5
* Number of Scans Averaged by the Deck Unit = 1
* NMEA Latitude = 40 53.48 N
* NMEA Longitude = 072 12.49 W
* NMEA UTC (Time) = Oct 05 2023  04:05:14
* NMEA baud rate = 4800
** Ship: seawolf
** Station: 11.1
** Operator: tcm
# nquan = 18
# nvalues = 7132                        
# units = specified
# name 0 = latitude: Latitude [deg]
# name 1 = longitude: Longitude [deg]
# name 2 = prDM: Pressure, Digiquartz [db]
# name 3 = depSM: Depth [salt water, m]
# name 4 = t090C: Temperature [ITS-90, deg C]
# name 5 = sal00: Salinity, Practical [PSU]
# name 6 = ph: pH
# name 7 = flECO-AFL: Fluorescence, WET Labs ECO-AFL/FL [mg/m^3]
# name 8 = cpar: CPAR/Corrected Irradiance [%]
# name 9 = density00: Density [density, kg/m^3]
# name 10 = potemp090C: Potential Temperature [ITS-90, deg C]
# name 11 = sigma-é00: Density [sigma-theta, kg/m^3]
# name 12 = sbeox0Mg/L: Oxygen, SBE 43 [mg/l]
# name 13 = sbox0Mm/Kg: Oxygen, SBE 43 [umol/kg]
# name 14 = oxsolMg/L: Oxygen Saturation, Garcia & Gordon [mg/l]
# name 15 = oxsolMm/Kg: Oxygen Saturation, Garcia & Gordon [umol/kg]
# name 16 = sbeox0PS: Oxygen, SBE 43 [% saturation]
# name 17 = flag:  0.000e+00
# span 0 =   40.89132,   40.89170       
# span 1 =  -72.20828,  -72.20812       
# span 2 =      1.986,     19.951       
# span 3 =      1.970,     19.795       
# span 4 =    17.3064,    18.9262       
# span 5 =    31.1052,    31.4662       
# span 6 =      7.864,      7.936       
# span 7 =     0.4446,     2.0294       
# span 8 = 5.0640e-11, 9.9999e+04       
# span 9 =  1022.0892,  1022.8207       
# span 10 =    17.3032,    18.9258      
# span 11 =    22.0893,    22.7335      
# span 12 =     6.8711,     8.3383      
# span 13 =    209.955,    254.863      
# span 14 =    7.71649,    7.94537      
# span 15 =  235.91941,  242.77698      
# span 16 =     86.522,    106.147      
# span 17 = 0.0000e+00, 0.0000e+00      
# interval = seconds: 0.0416667
# start_time = Oct 05 2023 04:05:18 [System UTC, first data scan.]
# bad_flag = -9.990e-29
*END*
[from data line 3217]
   40.89154  -72.20822      9.631      9.556    17.5463    31.3225      7.892     0.8609 9.9999e+04  1022.6086    17.5448    22.5664     7.4377    227.300    7.91607  241.92048     93.957 0.0000e+00
   40.89154  -72.20822      9.611      9.536    17.5450    31.3230      7.892     0.8609 9.9999e+04  1022.6093    17.5434    22.5670     7.4370    227.279    7.91598  241.91757     93.949 0.0000e+00
   40.89154  -72.20822      9.590      9.515    17.5446    31.3233      7.892     0.8609 9.9999e+04  1022.6096    17.5430    22.5673     7.4313    227.106    7.91575  241.91068     93.880 0.0000e+00
   40.89154  -72.20822      9.571      9.496    17.5450    31.3234      7.892     0.8609 9.9999e+04  1022.6093    17.5434    22.5674     7.4345    227.204    7.91543  241.90109     93.924 0.0000e+00
   40.89154  -72.20822      9.540      9.466    17.5451    31.3234      7.892     0.8609 9.9999e+04  1022.6090    17.5436    22.5674     7.4335    227.174    7.91526  241.89613     93.914 0.0000e+00
   40.89154  -72.20822      9.529      9.455    17.5446    31.3236      7.892     0.8609 9.9999e+04  1022.6094    17.5430    22.5676     7.4325    227.143    7.91514  241.89252     93.902 0.0000e+00
   40.89154  -72.20822      9.509      9.435    17.5444    31.3236      7.892     0.8475 9.9999e+04  1022.6096    17.5429    22.5678     7.4365    227.266    7.91494  241.88679     93.955 0.0000e+00
   40.89154  -72.20822      9.479      9.405    17.5446    31.3236      7.892     0.8475 9.9999e+04  1022.6096    17.5430    22.5678     7.4314    227.111    7.91470  241.87998     93.894 0.0000e+00
   40.89154  -72.20822      9.469      9.395    17.5455    31.3235      7.892     0.8609 9.9999e+04  1022.6091    17.5439    22.5673     7.4356    227.238    7.91479  241.88287     93.946 0.0000e+00
   40.89154  -72.20822      9.439      9.365    17.5474    31.3229      7.892     0.8609 9.9999e+04  1022.6076    17.5458    22.5665     7.4309    227.096    7.91515  241.89358     93.883 0.0000e+00
   40.89154  -72.20822      9.418      9.345    17.5484    31.3223      7.892     0.8609 9.9999e+04  1022.6069    17.5469    22.5658     7.4305    227.083    7.91552  241.90438     93.873 0.0000e+00
   40.89154  -72.20822      9.408      9.335    17.5489    31.3218      7.896     0.8609 9.9999e+04  1022.6065    17.5474    22.5653     7.4350    227.219    7.91563  241.90749     93.928 0.0000e+00
   40.89154  -72.20822      9.378      9.305    17.5496    31.3214      7.896     0.8609 9.9999e+04  1022.6058    17.5481    22.5649     7.4303    227.074    7.91560  241.90625     93.869 0.0000e+00
   40.89154  -72.20822      9.358      9.285    17.5496    31.3212      7.896     0.8609 9.9999e+04  1022.6056    17.5481    22.5646     7.4342    227.195    7.91526  241.89595     93.923 0.0000e+00
   40.89154  -72.20822      9.348      9.275    17.5498    31.3212      7.892     0.9147 9.9999e+04  1022.6055    17.5483    22.5646     7.4331    227.161    7.91465  241.87751     93.916 0.0000e+00
   40.89154  -72.20822      9.307      9.234    17.5496    31.3212      7.896     0.9952 9.9999e+04  1022.6054    17.5481    22.5646     7.4278    226.998    7.91415  241.86265     93.854 -9.990e-29
   40.89154  -72.20822      9.307      9.234    17.5494    31.3214      7.896     1.0221 9.9999e+04  1022.6055    17.5479    22.5648     7.4315    227.114    7.91382  241.85298     93.906 -9.990e-29
   40.89154  -72.20822      9.281      9.209    17.5491    31.3218      7.896     1.0087 9.9999e+04  1022.6059    17.5476    22.5652     7.4311    227.101    7.91361  241.84690     93.903 0.0000e+00
   40.89154  -72.20822      9.256      9.184    17.5493    31.3222      7.892     1.0221 9.9999e+04  1022.6062    17.5478    22.5654     7.4264    226.957    7.91343  241.84161     93.845 0.0000e+00
   40.89154  -72.20822      9.246      9.174    17.5493    31.3222      7.896     1.0087 9.9999e+04  1022.6061    17.5478    22.5655     7.4302    227.074    7.91327  241.83668     93.896 0.0000e+00
   40.89154  -72.20822      9.226      9.154    17.5494    31.3222      7.892     1.0087 9.9999e+04  1022.6060    17.5479    22.5654     7.4296    227.056    7.91304  241.83000     93.891 0.0000e+00
   40.89154  -72.20822      9.205      9.134    17.5501    31.3221      7.896     1.0087 9.9999e+04  1022.6055    17.5486    22.5652     7.4296    227.055    7.91294  241.82698     93.892 0.0000e+00
   40.89154  -72.20822      9.195      9.124    17.5505    31.3220      7.896     1.0221 9.9999e+04  1022.6053    17.5490    22.5650     7.4296    227.055    7.91294  241.82707     93.892 0.0000e+00
   40.89154  -72.20822      9.165      9.094    17.5510    31.3220      7.896     1.0087 9.9999e+04  1022.6047    17.5495    22.5648     7.4296    227.055    7.91298  241.82826     93.891 0.0000e+00
   40.89154  -72.20822      9.154      9.083    17.5505    31.3220      7.896     1.0087 9.9999e+04  1022.6047    17.5490    22.5651     7.4343    227.198    7.91298  241.82844     93.950 0.0000e+00
   40.89154  -72.20822      9.135      9.064    17.5487    31.3228      7.896     1.0221 9.9999e+04  1022.6061    17.5473    22.5660     7.4299    227.064    7.91297  241.82821     93.895 0.0000e+00
   40.89154  -72.20822      9.124      9.053    17.5472    31.3236      7.896     1.0087 9.9999e+04  1022.6072    17.5457    22.5670     7.4302    227.073    7.91299  241.82892     93.898 0.0000e+00
   40.89154  -72.20822      9.105      9.034    17.5467    31.3241      7.896     1.0087 5.0640e-11  1022.6076    17.5452    22.5675     7.4348    227.216    7.91310  241.83234     93.956 0.0000e+00
   40.89154  -72.20822      9.094      9.023    17.5460    31.3243      7.896     1.0087 9.9999e+04  1022.6074    17.5445    22.5678     7.4309    227.097    7.91325  241.83684     93.905 0.0000e+00
   40.89154  -72.20822      9.074      9.004    17.5446    31.3247      7.896     1.0087 9.9999e+04  1022.6082    17.5431    22.5685     7.4307    227.090    7.91328  241.83777     93.902 0.0000e+00
   40.89154  -72.20822      9.054      8.983    17.5429    31.3254      7.896     1.0087 9.9999e+04  1022.6090    17.5414    22.5694     7.4310    227.097    7.91337  241.84046     93.904 -9.990e-29
   40.89154  -72.20822      9.054      8.983    17.5410    31.3261      7.896     1.0087 9.9999e+04  1022.6099    17.5395    22.5704     7.4313    227.106    7.91350  241.84436     93.906 -9.990e-29
   40.89154  -72.20822      9.023      8.953    17.5389    31.3272      7.896     1.0087 5.0640e-11  1022.6111    17.5374    22.5716     7.4357    227.242    7.91355  241.84561     93.961 -9.990e-29
   40.89154  -72.20822      9.026      8.956    17.5375    31.3283      7.896     1.0087 5.0640e-11  1022.6128    17.5360    22.5727     7.4361    227.256    7.91347  241.84316     93.968 -9.990e-29
   40.89154  -72.20822      9.003      8.933    17.5382    31.3283      7.896     1.0087 5.0640e-11  1022.6129    17.5367    22.5730     7.4364    227.264    7.91324  241.83607     93.974 0.0000e+00
   40.89154  -72.20822      8.982      8.912    17.5394    31.3283      7.896     1.0087 5.0640e-11  1022.6119    17.5380    22.5727     7.4320    227.130    7.91312  241.83270     93.920 -9.990e-29
   40.89154  -72.20822      8.982      8.912    17.5401    31.3281      7.896     1.0087 5.0640e-11  1022.6117    17.5387    22.5722     7.4366    227.271    7.91301  241.82958     93.980 -9.990e-29
   40.89154  -72.20822      8.962      8.892    17.5413    31.3277      7.896     1.0087 5.0640e-11  1022.6107    17.5399    22.5715     7.4364    227.263    7.91283  241.82403     93.979 0.0000e+00
   40.89154  -72.20822      8.952      8.882    17.5424    31.3272      7.896     1.0087 9.9999e+04  1022.6101    17.5409    22.5709     7.4362    227.257    7.91274  241.82174     93.977 0.0000e+00
   40.89154  -72.20822      8.942      8.873    17.5434    31.3268      7.896     1.0087 5.0640e-11  1022.6095    17.5420    22.5703     7.4365    227.268    7.91281  241.82386     93.981 -9.990e-29
   40.89154  -72.20822      8.942      8.873    17.5437    31.3262      7.896     1.0087 5.0640e-11  1022.6091    17.5423    22.5697     7.4364    227.264    7.91290  241.82654     93.978 -9.990e-29
   40.89154  -72.20822      8.922      8.852    17.5446    31.3254      7.896     1.0087 9.9999e+04  1022.6079    17.5431    22.5691     7.4368    227.277    7.91315  241.83410     93.981 0.0000e+00
   40.89160  -72.20820      8.901      8.832    17.5448    31.3254      7.896     1.0221 9.9999e+04  1022.6074    17.5433    22.5687     7.4373    227.291    7.91346  241.84326     93.983 -9.990e-29
   40.89160  -72.20820      8.901      8.832    17.5436    31.3254      7.896     1.0087 5.0640e-11  1022.6075    17.5421    22.5691     7.4376    227.301    7.91370  241.85024     93.984 -9.990e-29
   40.89160  -72.20820      8.891      8.822    17.5417    31.3260      7.896     1.0087 5.0640e-11  1022.6094    17.5402    22.5700     7.4375    227.297    7.91399  241.85900     93.979 0.0000e+00
   40.89160  -72.20820      8.885      8.816    17.5411    31.3263      7.901     1.0087 5.0640e-11  1022.6101    17.5397    22.5706     7.4378    227.307    7.91430  241.86805     93.980 0.0000e+00
   40.89160  -72.20820      8.871      8.802    17.5417    31.3263      7.896     1.0087 5.0640e-11  1022.6096    17.5402    22.5706     7.4379    227.310    7.91447  241.87283     93.979 0.0000e+00
   40.89160  -72.20820      8.861      8.792    17.5422    31.3266      7.901     1.0087 5.0640e-11  1022.6091    17.5408    22.5703     7.4376    227.299    7.91419  241.86391     93.978 0.0000e+00
   40.89160  -72.20820      8.850      8.782    17.5425    31.3266      7.901     1.0087 9.9999e+04  1022.6086    17.5411    22.5701     7.4370    227.281    7.91365  241.84699     93.977 -9.990e-29
   40.89160  -72.20820      8.850      8.782    17.5429    31.3263      7.901     1.0087 9.9999e+04  1022.6091    17.5414    22.5702     7.4364    227.260    7.91308  241.82863     93.976 -9.990e-29
   40.89160  -72.20820      8.841      8.772    17.5441    31.3263      7.896     1.0087 5.0640e-11  1022.6094    17.5427    22.5701     7.4352    227.223    7.91198  241.79467     93.974 0.0000e+00
   40.89160  -72.20820      8.831      8.762    17.5465    31.3263      7.896     1.0087 5.0640e-11  1022.6081    17.5451    22.5693     7.4328    227.151    7.91020  241.74146     93.964 0.0000e+00
   40.89160  -72.20820      8.820      8.752    17.5481    31.3256      7.896     1.0087 9.9999e+04  1022.6067    17.5466    22.5684     7.4301    227.070    7.90768  241.66603     93.960 -9.990e-29
   40.89160  -72.20820      8.820      8.752    17.5487    31.3251      7.896     1.0221 9.9999e+04  1022.6067    17.5473    22.5677     7.4272    226.983    7.90492  241.58392     93.956 -9.990e-29
   40.89160  -72.20820      8.790      8.722    17.5503    31.3242      7.896     1.0221 9.9999e+04  1022.6056    17.5489    22.5667     7.4251    226.923    7.90314  241.53168     93.951 -9.990e-29
   40.89160  -72.20820      8.814      8.746    17.5526    31.3229      7.896     1.0087 5.0640e-11  1022.6035    17.5511    22.5655     7.4245    226.906    7.90242  241.51141     93.953 -9.990e-29
   40.89160  -72.20820      8.780      8.712    17.5522    31.3229      7.901     1.0087 9.9999e+04  1022.6028    17.5508    22.5649     7.4243    226.899    7.90255  241.51693     93.948 -9.990e-29
   40.89160  -72.20820      8.780      8.712    17.5498    31.3229      7.896     1.0087 5.0640e-11  1022.6035    17.5484    22.5654     7.4302    227.082    7.90381  241.55597     94.008 -9.990e-29
   40.89160  -72.20820      8.780      8.712    17.5470    31.3232      7.901     1.0087 5.0640e-11  1022.6051    17.5456    22.5666     7.4318    227.128    7.90544  241.60413     94.008 -9.990e-29
   40.89160  -72.20820      8.760      8.691    17.5458    31.3245      7.901     1.0221 5.0640e-11  1022.6064    17.5444    22.5678     7.4309    227.099    7.90458  241.57605     94.007 -9.990e-29
   40.89160  -72.20820      8.760      8.691    17.5457    31.3257      7.901     1.0087 5.0640e-11  1022.6074    17.5442    22.5687     7.4289    227.039    7.90214  241.50193     94.011 -9.990e-29
   40.89160  -72.20820      8.750      8.682    17.5474    31.3257      7.901     1.0087 5.0640e-11  1022.6081    17.5459    22.5690     7.4267    226.973    7.90006  241.43957     94.008 0.0000e+00
   40.89160  -72.20820      8.739      8.671    17.5514    31.3257      7.901     1.0087 5.0640e-11  1022.6072    17.5499    22.5682     7.4251    226.925    7.89814  241.38169     94.011 0.0000e+00
   40.89160  -72.20820      8.729      8.661    17.5553    31.3252      7.901     0.9684 5.0640e-11  1022.6046    17.5539    22.5665     7.4232    226.867    7.89590  241.31483     94.013 -9.990e-29
   40.89160  -72.20820      8.729      8.661    17.5581    31.3238      7.901     0.9549 5.0640e-11  1022.6025    17.5567    22.5647     7.4211    226.805    7.89404  241.25954     94.009 -9.990e-29
   40.89160  -72.20820      8.713      8.645    17.5596    31.3228      7.901     0.9549 5.0640e-11  1022.6016    17.5582    22.5635     7.4199    226.772    7.89273  241.22117     94.010 -9.990e-29
   40.89160  -72.20820      8.720      8.652    17.5612    31.3221      7.901     0.9549 9.9999e+04  1022.6005    17.5597    22.5626     7.4189    226.740    7.89154  241.18584     94.010 -9.990e-29
   40.89160  -72.20820      8.699      8.631    17.5622    31.3216      7.901     0.9549 5.0640e-11  1022.6002    17.5608    22.5619     7.4173    226.694    7.89037  241.15172     94.005 0.0000e+00
   40.89160  -72.20820      8.678      8.611    17.5640    31.3211      7.901     0.9549 5.0640e-11  1022.5991    17.5625    22.5612     7.4214    226.819    7.88972  241.13309     94.064 -9.990e-29
   40.89160  -72.20820      8.688      8.621    17.5648    31.3206      7.901     0.9549 9.9999e+04  1022.5985    17.5634    22.5606     7.4213    226.819    7.88928  241.12035     94.069 -9.990e-29
   40.89160  -72.20820      8.678      8.611    17.5648    31.3204      7.901     0.9549 5.0640e-11  1022.5984    17.5634    22.5604     7.4213    226.817    7.88887  241.10876     94.072 0.0000e+00
   40.89160  -72.20820      8.658      8.591    17.5646    31.3201      7.901     0.9549 5.0640e-11  1022.5982    17.5632    22.5602     7.4220    226.841    7.88941  241.12588     94.076 0.0000e+00
   40.89160  -72.20820      8.648      8.581    17.5646    31.3198      7.901     0.9549 5.0640e-11  1022.5980    17.5632    22.5600     7.4237    226.890    7.89090  241.17047     94.079 -9.990e-29
   40.89160  -72.20820      8.652      8.585    17.5650    31.3195      7.901     0.9549 5.0640e-11  1022.5974    17.5636    22.5597     7.4254    226.942    7.89205  241.20461     94.087 -9.990e-29
   40.89160  -72.20820      8.628      8.561    17.5648    31.3193      7.901     0.9549 5.0640e-11  1022.5973    17.5634    22.5596     7.4263    226.971    7.89294  241.23112     94.088 0.0000e+00
   40.89160  -72.20820      8.618      8.551    17.5641    31.3192      7.901     0.9684 5.0640e-11  1022.5973    17.5627    22.5597     7.4320    227.142    7.89383  241.25761     94.149 0.0000e+00
   40.89160  -72.20820      8.608      8.541    17.5631    31.3191      7.901     0.9549 5.0640e-11  1022.5976    17.5617    22.5597     7.4337    227.195    7.89474  241.28489     94.161 0.0000e+00
   40.89160  -72.20820      8.597      8.531    17.5630    31.3191      7.901     0.9549 5.0640e-11  1022.5973    17.5616    22.5597     7.4354    227.245    7.89606  241.32439     94.166 0.0000e+00
   40.89160  -72.20820      8.577      8.510    17.5626    31.3191      7.901     0.9549 9.9999e+04  1022.5970    17.5612    22.5598     7.4372    227.300    7.89767  241.37215     94.170 -9.990e-29
