CalculateIndicators/WaterTemperature/Data/CTD_NYOS/20230516_C10.cnv
* Sea-Bird SBE 9 Data File:
* FileName = C:\Seabird 9 CTD\Data\2023\202305_offshore\20230516_C10.hex
* Software Version Seasave V 7.23.2
* Temperature SN = 4590
* Conductivity SN = 3228
* Number of Bytes Per Scan = 44
* Number of Voltage Words = 5
* Number of Scans Averaged by the Deck Unit = 1
* NMEA Latitude = 39 19.93 N
* NMEA Longitude = 072 03.57 W
* NMEA UTC (Time) = May 16 2023  07:19:14
* NMEA baud rate = 4800
** Ship: Seawolf
** Station: 9.7
** Operator: TDK
# nquan = 18
# nvalues = 20090                       
# units = specified
# name 0 = latitude: Latitude [deg]
# name 1 = longitude: Longitude [deg]
# name 2 = prDM: Pressure, Digiquartz [db]
# name 3 = depSM: Depth [salt water, m]
# name 4 = t090C: Temperature [ITS-90, deg C]
# name 5 = sal00: Salinity, Practical [PSU]
# name 6 = ph: pH
# name 7 = flECO-AFL: Fluorescence, WET Labs ECO-AFL/FL [mg/m^3]
# name 8 = cpar: CPAR/Corrected Irradiance [%]
# name 9 = density00: Density [density, kg/m^3]
# name 10 = potemp090C: Potential Temperature [ITS-90, deg C]
# name 11 = sigma-é00: Density [sigma-theta, kg/m^3]
# name 12 = sbeox0Mg/L: Oxygen, SBE 43 [mg/l]
# name 13 = sbox0Mm/Kg: Oxygen, SBE 43 [umol/kg]
# name 14 = oxsolMg/L: Oxygen Saturation, Garcia & Gordon [mg/l]
# name 15 = oxsolMm/Kg: Oxygen Saturation, Garcia & Gordon [umol/kg]
# name 16 = sbeox0PS: Oxygen, SBE 43 [% saturation]
# name 17 = flag:  0.000e+00
# span 0 =   39.33216,   39.33410       
# span 1 =  -72.05964,  -72.05324       
# span 2 =      1.011,    103.047       
# span 3 =      1.003,    102.238       
# span 4 =    13.6892,    15.0873       
# span 5 =    33.9797,    35.6931       
# span 6 =      8.021,      8.098       
# span 7 =    -0.0927,     1.3713       
# span 8 = 5.0640e-11, 9.9999e+04       
# span 9 =  1025.3211,  1026.9463       
# span 10 =    13.6797,    15.0717      
# span 11 =    25.3573,    26.4938      
# span 12 =     7.0852,     8.4816      
# span 13 =    215.703,    258.460      
# span 14 =    8.08672,    8.36666      
# span 15 =  246.19258,  255.00764      
# span 16 =     87.150,    102.032      
# span 17 = 0.0000e+00, 0.0000e+00      
# interval = seconds: 0.0416667
# start_time = May 16 2023 07:19:13 [System UTC, first data scan.]
# bad_flag = -9.990e-29
*END*
[from data line 11016]
   39.33328  -72.05606     52.521     52.115    14.5203    35.2411      8.046     0.3774 9.9999e+04  1026.4958    14.5126    26.2642     7.5536    230.014    8.20751  249.92440     92.033 0.0000e+00
   39.33328  -72.05606     52.470     52.064    14.5196    35.2403      8.046     0.3774 9.9999e+04  1026.4949    14.5119    26.2637     7.5539    230.023    8.20759  249.92715     92.036 0.0000e+00
   39.33328  -72.05606     52.440     52.034    14.5191    35.2403      8.046     0.3774 9.9999e+04  1026.4945    14.5114    26.2636     7.5542    230.031    8.20769  249.93037     92.038 0.0000e+00
   39.33328  -72.05606     52.409     52.004    14.5183    35.2403      8.046     0.3774 9.9999e+04  1026.4950    14.5105    26.2638     7.5546    230.042    8.20792  249.93716     92.040 0.0000e+00
   39.33328  -72.05606     52.368     51.963    14.5179    35.2403      8.046     0.3774 9.9999e+04  1026.4952    14.5102    26.2641     7.5547    230.047    8.20795  249.93829     92.041 0.0000e+00
   39.33328  -72.05606     52.328     51.923    14.5176    35.2403      8.046     0.3774 9.9999e+04  1026.4950    14.5098    26.2642     7.5548    230.048    8.20798  249.93870     92.042 0.0000e+00
   39.33328  -72.05606     52.297     51.893    14.5174    35.2403      8.046     0.3774 9.9999e+04  1026.4948    14.5097    26.2642     7.5547    230.047    8.20794  249.93737     92.042 0.0000e+00
   39.33328  -72.05606     52.277     51.873    14.5169    35.2403      8.046     0.3640 9.9999e+04  1026.4947    14.5092    26.2643     7.5546    230.043    8.20786  249.93501     92.041 0.0000e+00
   39.33328  -72.05606     52.226     51.822    14.5166    35.2402      8.046     0.3774 9.9999e+04  1026.4949    14.5089    26.2642     7.5545    230.039    8.20782  249.93377     92.040 0.0000e+00
   39.33328  -72.05606     52.195     51.792    14.5171    35.2398      8.046     0.3774 9.9999e+04  1026.4940    14.5094    26.2638     7.5593    230.185    8.20773  249.93126     92.099 0.0000e+00
   39.33328  -72.05606     52.174     51.771    14.5167    35.2397      8.046     0.3774 9.9999e+04  1026.4933    14.5090    26.2635     7.5546    230.043    8.20779  249.93283     92.042 0.0000e+00
   39.33328  -72.05606     52.154     51.751    14.5162    35.2397      8.046     0.3774 9.9999e+04  1026.4935    14.5085    26.2636     7.5543    230.032    8.20769  249.92959     92.039 0.0000e+00
   39.33328  -72.05606     52.123     51.721    14.5162    35.2397      8.046     0.3774 9.9999e+04  1026.4936    14.5085    26.2639     7.5539    230.021    8.20762  249.92767     92.035 0.0000e+00
   39.33328  -72.05606     52.093     51.690    14.5159    35.2401      8.046     0.3908 9.9999e+04  1026.4944    14.5082    26.2644     7.5535    230.009    8.20760  249.92707     92.031 -9.990e-29
   39.33328  -72.05606     52.093     51.690    14.5161    35.2401      8.046     0.4177 9.9999e+04  1026.4946    14.5084    26.2644     7.5531    229.997    8.20758  249.92633     92.026 -9.990e-29
   39.33328  -72.05606     52.065     51.663    14.5166    35.2401      8.046     0.4177 9.9999e+04  1026.4936    14.5089    26.2641     7.5525    229.980    8.20746  249.92251     92.020 0.0000e+00
   39.33328  -72.05606     52.052     51.649    14.5162    35.2396      8.046     0.4177 9.9999e+04  1026.4934    14.5085    26.2639     7.5569    230.114    8.20735  249.91910     92.075 0.0000e+00
   39.33328  -72.05606     52.031     51.629    14.5156    35.2388      8.046     0.4177 9.9999e+04  1026.4935    14.5079    26.2634     7.5575    230.130    8.20731  249.91813     92.082 -9.990e-29
   39.33328  -72.05606     52.031     51.629    14.5156    35.2371      8.046     0.4043 9.9999e+04  1026.4916    14.5079    26.2622     7.5574    230.128    8.20732  249.91833     92.081 -9.990e-29
   39.33328  -72.05606     52.011     51.610    14.5145    35.2354      8.046     0.4177 9.9999e+04  1026.4898    14.5069    26.2611     7.5573    230.124    8.20733  249.91887     92.080 -9.990e-29
   39.33328  -72.05606     52.021     51.619    14.5130    35.2348      8.046     0.4177 9.9999e+04  1026.4896    14.5053    26.2608     7.5521    229.966    8.20737  249.92014     92.016 -9.990e-29
   39.33328  -72.05606     52.011     51.610    14.5115    35.2347      8.046     0.4177 9.9999e+04  1026.4909    14.5038    26.2611     7.5519    229.962    8.20745  249.92283     92.013 -9.990e-29
   39.33328  -72.05606     52.011     51.610    14.5106    35.2344      8.046     0.4177 9.9999e+04  1026.4913    14.5029    26.2611     7.5513    229.941    8.20759  249.92709     92.003 -9.990e-29
   39.33328  -72.05606     52.000     51.599    14.5093    35.2327      8.046     0.4043 9.9999e+04  1026.4895    14.5016    26.2601     7.5504    229.917    8.20767  249.92950     91.993 -9.990e-29
   39.33328  -72.05606     52.000     51.599    14.5072    35.2306      8.046     0.4177 9.9999e+04  1026.4876    14.4996    26.2589     7.5553    230.063    8.20781  249.93377     92.050 -9.990e-29
   39.33328  -72.05606     52.000     51.599    14.5052    35.2293      8.046     0.4177 9.9999e+04  1026.4874    14.4975    26.2582     7.5504    229.916    8.20784  249.93480     91.990 -9.990e-29
   39.33328  -72.05606     52.011     51.610    14.5032    35.2280      8.046     0.4177 9.9999e+04  1026.4879    14.4955    26.2578     7.5501    229.905    8.20790  249.93645     91.985 -9.990e-29
   39.33328  -72.05606     52.011     51.610    14.5010    35.2259      8.046     0.4177 9.9999e+04  1026.4860    14.4934    26.2566     7.5542    230.032    8.20805  249.94135     92.034 -9.990e-29
   39.33328  -72.05606     52.011     51.610    14.4979    35.2236      8.046     0.4043 9.9999e+04  1026.4843    14.4902    26.2555     7.5494    229.886    8.20825  249.94733     91.974 -9.990e-29
   39.33328  -72.05606     52.021     51.619    14.4947    35.2234      8.046     0.4177 9.9999e+04  1026.4840    14.4870    26.2552     7.5489    229.871    8.20831  249.94899     91.967 -9.990e-29
   39.33328  -72.05606     52.031     51.629    14.4916    35.2234      8.046     0.4177 9.9999e+04  1026.4850    14.4840    26.2559     7.5484    229.855    8.20833  249.94968     91.960 -9.990e-29
   39.33328  -72.05606     52.021     51.619    14.4881    35.2234      8.046     0.4177 9.9999e+04  1026.4866    14.4804    26.2573     7.5479    229.840    8.20844  249.95321     91.953 -9.990e-29
   39.33328  -72.05606     52.046     51.644    14.4854    35.2247      8.046     0.4177 9.9999e+04  1026.4887    14.4777    26.2589     7.5475    229.826    8.20858  249.95735     91.946 -9.990e-29
   39.33328  -72.05606     52.042     51.640    14.4838    35.2259      8.046     0.4177 9.9999e+04  1026.4900    14.4761    26.2602     7.5470    229.813    8.20876  249.96286     91.939 -9.990e-29
   39.33328  -72.05606     52.063     51.660    14.4831    35.2269      8.046     0.4177 9.9999e+04  1026.4909    14.4755    26.2611     7.5414    229.642    8.20884  249.96532     91.870 -9.990e-29
   39.33328  -72.05606     52.063     51.660    14.4826    35.2276      8.046     0.4177 9.9999e+04  1026.4914    14.4750    26.2618     7.5459    229.779    8.20893  249.96771     91.923 -9.990e-29
   39.33328  -72.05606     52.072     51.670    14.4818    35.2282      8.046     0.4177 9.9999e+04  1026.4922    14.4741    26.2624     7.5453    229.761    8.20898  249.96938     91.915 -9.990e-29
   39.33328  -72.05606     52.093     51.690    14.4814    35.2287      8.046     0.4177 9.9999e+04  1026.4927    14.4738    26.2629     7.5447    229.740    8.20898  249.96917     91.907 -9.990e-29
   39.33328  -72.05606     52.082     51.679    14.4813    35.2292      8.046     0.4177 9.9999e+04  1026.4932    14.4736    26.2633     7.5439    229.718    8.20896  249.96867     91.899 -9.990e-29
   39.33328  -72.05606     52.093     51.690    14.4813    35.2296      8.046     0.4043 9.9999e+04  1026.4935    14.4736    26.2636     7.5488    229.868    8.20898  249.96931     91.958 -9.990e-29
   39.33328  -72.05606     52.114     51.711    14.4814    35.2298      8.046     0.4177 9.9999e+04  1026.4937    14.4738    26.2638     7.5443    229.729    8.20908  249.97254     91.902 -9.990e-29
   39.33328  -72.05606     52.114     51.711    14.4816    35.2299      8.046     0.4177 9.9999e+04  1026.4936    14.4739    26.2638     7.5442    229.726    8.20912  249.97357     91.900 -9.990e-29
   39.33328  -72.05606     52.114     51.711    14.4820    35.2306      8.046     0.4177 9.9999e+04  1026.4934    14.4743    26.2642     7.5440    229.719    8.20907  249.97197     91.898 -9.990e-29
   39.33328  -72.05606     52.123     51.721    14.4821    35.2315      8.046     0.4177 9.9999e+04  1026.4956    14.4744    26.2649     7.5482    229.848    8.20903  249.97072     91.950 -9.990e-29
   39.33328  -72.05606     52.133     51.730    14.4837    35.2315      8.046     0.4177 9.9999e+04  1026.4950    14.4760    26.2649     7.5435    229.706    8.20905  249.97136     91.893 -9.990e-29
   39.33328  -72.05606     52.133     51.730    14.4842    35.2315      8.046     0.4177 9.9999e+04  1026.4943    14.4765    26.2645     7.5485    229.856    8.20916  249.97502     91.952 -9.990e-29
   39.33328  -72.05606     52.144     51.741    14.4845    35.2311      8.046     0.4177 9.9999e+04  1026.4942    14.4768    26.2641     7.5438    229.714    8.20920  249.97592     91.894 -9.990e-29
   39.33328  -72.05606     52.144     51.741    14.4848    35.2308      8.046     0.4043 9.9999e+04  1026.4939    14.4772    26.2638     7.5486    229.859    8.20918  249.97555     91.953 -9.990e-29
   39.33328  -72.05606     52.154     51.751    14.4847    35.2301      8.046     0.4177 9.9999e+04  1026.4936    14.4770    26.2633     7.5489    229.869    8.20922  249.97678     91.956 -9.990e-29
   39.33328  -72.05606     52.154     51.751    14.4847    35.2290      8.046     0.4177 9.9999e+04  1026.4923    14.4770    26.2625     7.5441    229.724    8.20922  249.97665     91.898 -9.990e-29
   39.33328  -72.05606     52.144     51.741    14.4843    35.2282      8.046     0.4177 9.9999e+04  1026.4917    14.4766    26.2620     7.5438    229.713    8.20912  249.97371     91.895 -9.990e-29
   39.33328  -72.05606     52.144     51.741    14.4830    35.2282      8.046     0.4177 9.9999e+04  1026.4919    14.4753    26.2620     7.5436    229.707    8.20920  249.97598     91.891 -9.990e-29
   39.33328  -72.05606     52.163     51.760    14.4828    35.2282      8.046     0.4177 9.9999e+04  1026.4919    14.4751    26.2622     7.5483    229.852    8.20921  249.97638     91.949 -9.990e-29
   39.33328  -72.05606     52.158     51.755    14.4823    35.2288      8.046     0.4043 9.9999e+04  1026.4930    14.4746    26.2628     7.5436    229.707    8.20924  249.97715     91.891 -9.990e-29
   39.33328  -72.05606     52.144     51.741    14.4823    35.2295      8.046     0.4043 9.9999e+04  1026.4935    14.4746    26.2633     7.5433    229.698    8.20922  249.97668     91.888 -9.990e-29
   39.33328  -72.05606     52.144     51.741    14.4826    35.2300      8.046     0.4177 9.9999e+04  1026.4937    14.4749    26.2636     7.5430    229.691    8.20929  249.97882     91.884 -9.990e-29
   39.33328  -72.05606     52.133     51.730    14.4828    35.2300      8.046     0.4177 9.9999e+04  1026.4938    14.4751    26.2637     7.5427    229.682    8.20930  249.97891     91.880 -9.990e-29
   39.33328  -72.05606     52.133     51.730    14.4835    35.2301      8.046     0.4177 9.9999e+04  1026.4933    14.4758    26.2636     7.5425    229.673    8.20930  249.97901     91.877 -9.990e-29
   39.33328  -72.05606     52.114     51.711    14.4831    35.2302      8.046     0.4043 9.9999e+04  1026.4933    14.4755    26.2637     7.5428    229.682    8.20932  249.97957     91.880 -9.990e-29
   39.33328  -72.05606     52.103     51.700    14.4835    35.2306      8.046     0.4177 9.9999e+04  1026.4939    14.4758    26.2639     7.5425    229.674    8.20934  249.98002     91.877 -9.990e-29
   39.33328  -72.05606     52.093     51.690    14.4838    35.2308      8.046     0.4177 9.9999e+04  1026.4939    14.4761    26.2640     7.5422    229.665    8.20931  249.97943     91.874 -9.990e-29
   39.33328  -72.05606     52.063     51.660    14.4840    35.2311      8.046     0.4177 9.9999e+04  1026.4936    14.4763    26.2642     7.5419    229.658    8.20932  249.97953     91.871 -9.990e-29
   39.33328  -72.05606     52.063     51.660    14.4838    35.2316      8.046     0.4311 9.9999e+04  1026.4944    14.4761    26.2646     7.5417    229.649    8.20931  249.97927     91.867 -9.990e-29
   39.33328  -72.05606     52.042     51.640    14.4843    35.2318      8.046     0.4446 9.9999e+04  1026.4947    14.4767    26.2649     7.5415    229.643    8.20937  249.98107     91.864 0.0000e+00
   39.33328  -72.05606     52.011     51.610    14.4850    35.2318      8.046     0.4446 9.9999e+04  1026.4945    14.4773    26.2649     7.5412    229.635    8.20940  249.98228     91.861 0.0000e+00
   39.33328  -72.05606     51.991     51.589    14.4855    35.2318      8.046     0.4446 9.9999e+04  1026.4936    14.4779    26.2645     7.5415    229.645    8.20939  249.98182     91.865 0.0000e+00
   39.33328  -72.05606     51.960     51.559    14.4855    35.2313      8.046     0.4311 9.9999e+04  1026.4933    14.4779    26.2641     7.5419    229.656    8.20946  249.98384     91.868 0.0000e+00
   39.33328  -72.05604     51.949     51.548    14.4855    35.2308      8.046     0.4446 9.9999e+04  1026.4931    14.4779    26.2637     7.5422    229.667    8.20945  249.98362     91.873 0.0000e+00
   39.33328  -72.05604     51.929     51.527    14.4857    35.2302      8.046     0.4446 9.9999e+04  1026.4920    14.4780    26.2632     7.5427    229.680    8.20951  249.98539     91.877 0.0000e+00
   39.33328  -72.05604     51.898     51.497    14.4852    35.2297      8.046     0.4446 9.9999e+04  1026.4919    14.4775    26.2629     7.5426    229.676    8.20957  249.98729     91.875 0.0000e+00
   39.33328  -72.05604     51.877     51.477    14.4845    35.2292      8.046     0.4446 9.9999e+04  1026.4915    14.4769    26.2626     7.5424    229.671    8.20959  249.98796     91.873 0.0000e+00
   39.33328  -72.05604     51.842     51.441    14.4843    35.2287      8.046     0.4446 9.9999e+04  1026.4907    14.4767    26.2623     7.5423    229.667    8.20961  249.98864     91.871 0.0000e+00
   39.33328  -72.05604     51.807     51.407    14.4835    35.2285      8.046     0.4446 9.9999e+04  1026.4907    14.4758    26.2623     7.5421    229.663    8.20967  249.99021     91.869 0.0000e+00
   39.33328  -72.05604     51.786     51.386    14.4831    35.2284      8.046     0.4311 9.9999e+04  1026.4910    14.4755    26.2624     7.5425    229.675    8.20967  249.99031     91.874 0.0000e+00
   39.33328  -72.05604     51.756     51.356    14.4830    35.2281      8.046     0.4446 9.9999e+04  1026.4905    14.4753    26.2622     7.5424    229.671    8.20969  249.99099     91.872 0.0000e+00
   39.33328  -72.05604     51.715     51.315    14.4823    35.2277      8.046     0.4311 9.9999e+04  1026.4898    14.4747    26.2620     7.5423    229.669    8.20975  249.99298     91.870 0.0000e+00
   39.33328  -72.05604     51.694     51.294    14.4811    35.2274      8.046     0.4446 9.9999e+04  1026.4900    14.4735    26.2619     7.5427    229.681    8.20976  249.99318     91.875 0.0000e+00
   39.33328  -72.05604     51.654     51.255    14.4808    35.2274      8.046     0.4311 9.9999e+04  1026.4899    14.4731    26.2621     7.5426    229.679    8.20980  249.99432     91.874 0.0000e+00
   39.33328  -72.05604     51.622     51.223    14.4804    35.2274      8.046     0.4446 9.9999e+04  1026.4902    14.4728    26.2622     7.5425    229.676    8.20984  249.99543     91.872 0.0000e+00
