CalculateIndicators/WaterTemperature/Data/CTD_NYOS/20231004_C16.cnv
* Sea-Bird SBE 9 Data File:
* FileName = C:\Seabird 9 CTD\Data\2023\202309_offshore\20231004_C16.hex
* Software Version Seasave V 7.23.2
* Temperature SN = 4590
* Conductivity SN = 3228
* Number of Bytes Per Scan = 44
* Number of Voltage Words = 5
* Number of Scans Averaged by the Deck Unit = 1
* NMEA Latitude = 40 25.96 N
* NMEA Longitude = 072 49.68 W
* NMEA UTC (Time) = Oct 04 2023  20:34:24
* NMEA baud rate = 4800
** Ship: seawolf
** Station: 9.2
** Operator: TDK
# nquan = 18
# nvalues = 11580                       
# units = specified
# name 0 = latitude: Latitude [deg]
# name 1 = longitude: Longitude [deg]
# name 2 = prDM: Pressure, Digiquartz [db]
# name 3 = depSM: Depth [salt water, m]
# name 4 = t090C: Temperature [ITS-90, deg C]
# name 5 = sal00: Salinity, Practical [PSU]
# name 6 = ph: pH
# name 7 = flECO-AFL: Fluorescence, WET Labs ECO-AFL/FL [mg/m^3]
# name 8 = cpar: CPAR/Corrected Irradiance [%]
# name 9 = density00: Density [density, kg/m^3]
# name 10 = potemp090C: Potential Temperature [ITS-90, deg C]
# name 11 = sigma-é00: Density [sigma-theta, kg/m^3]
# name 12 = sbeox0Mg/L: Oxygen, SBE 43 [mg/l]
# name 13 = sbox0Mm/Kg: Oxygen, SBE 43 [umol/kg]
# name 14 = oxsolMg/L: Oxygen Saturation, Garcia & Gordon [mg/l]
# name 15 = oxsolMm/Kg: Oxygen Saturation, Garcia & Gordon [umol/kg]
# name 16 = sbeox0PS: Oxygen, SBE 43 [% saturation]
# name 17 = flag:  0.000e+00
# span 0 =   40.43272,   40.43314       
# span 1 =  -72.82800,  -72.82686       
# span 2 =      1.934,     35.509       
# span 3 =      1.919,     35.233       
# span 4 =    17.3220,    19.2642       
# span 5 =    31.7975,    31.9449       
# span 6 =      7.943,      8.001       
# span 7 =     0.2028,     1.4653       
# span 8 = 6.6129e-02, 6.3474e+01       
# span 9 =  1022.5711,  1023.2213       
# span 10 =    17.3163,    19.2638      
# span 11 =    22.5707,    23.0669      
# span 12 =     6.9108,     7.8572      
# span 13 =    211.096,    240.051      
# span 14 =    7.63657,    7.92333      
# span 15 =  233.37762,  242.00735      
# span 16 =     87.261,    101.625      
# span 17 = 0.0000e+00, 0.0000e+00      
# interval = seconds: 0.0416667
# start_time = Oct 04 2023 20:34:24 [System UTC, first data scan.]
# bad_flag = -9.990e-29
*END*
[from data line 9488]
   40.43304  -72.82716      2.386      2.368    19.0429    31.8817      7.988     0.3640 9.2083e+00  1022.6392    19.0425    22.6288     7.7587    237.097    7.66933  234.36546    101.165 -9.990e-29
   40.43304  -72.82716      2.386      2.368    19.0416    31.8817      7.988     0.3774 9.2864e+00  1022.6394    19.0411    22.6294     7.7581    237.077    7.66919  234.36139    101.159 -9.990e-29
   40.43304  -72.82716      2.388      2.369    19.0393    31.8823      7.988     0.3774 9.6593e+00  1022.6407    19.0389    22.6303     7.7621    237.199    7.66914  234.35982    101.212 -9.990e-29
   40.43304  -72.82716      2.386      2.368    19.0367    31.8829      7.988     0.3774 9.8237e+00  1022.6419    19.0362    22.6314     7.7574    237.058    7.66920  234.36174    101.151 -9.990e-29
   40.43304  -72.82716      2.377      2.358    19.0342    31.8832      7.988     0.3774 9.8514e+00  1022.6430    19.0338    22.6322     7.7569    237.042    7.66918  234.36116    101.144 -9.990e-29
   40.43304  -72.82716      2.386      2.368    19.0333    31.8832      7.988     0.3774 1.0019e+01  1022.6429    19.0329    22.6325     7.7563    237.025    7.66915  234.36021    101.137 -9.990e-29
   40.43304  -72.82716      2.386      2.368    19.0327    31.8832      7.988     0.3774 1.0132e+01  1022.6431    19.0323    22.6325     7.7558    237.009    7.66916  234.36054    101.130 -9.990e-29
   40.43304  -72.82716      2.377      2.358    19.0325    31.8832      7.988     0.3774 1.0132e+01  1022.6426    19.0321    22.6324     7.7554    236.998    7.66929  234.36457    101.123 -9.990e-29
   40.43304  -72.82716      2.386      2.368    19.0323    31.8832      7.988     0.3774 1.0599e+01  1022.6428    19.0319    22.6324     7.7556    237.004    7.66957  234.37330    101.122 -9.990e-29
   40.43304  -72.82716      2.377      2.358    19.0327    31.8832      7.988     0.3774 1.0901e+01  1022.6429    19.0323    22.6326     7.7514    236.873    7.66994  234.38424    101.062 -9.990e-29
   40.43304  -72.82716      2.377      2.358    19.0323    31.8836      7.988     0.3774 1.0944e+01  1022.6435    19.0319    22.6330     7.7556    237.002    7.67005  234.38752    101.115 -9.990e-29
   40.43304  -72.82716      2.377      2.358    19.0327    31.8842      7.988     0.3774 1.0404e+01  1022.6436    19.0323    22.6334     7.7557    237.004    7.67016  234.39054    101.115 -9.990e-29
   40.43304  -72.82716      2.367      2.349    19.0328    31.8849      7.988     0.3774 9.9179e+00  1022.6441    19.0324    22.6338     7.7512    236.866    7.67022  234.39277    101.055 -9.990e-29
   40.43304  -72.82716      2.377      2.358    19.0330    31.8849      7.988     0.3774 9.8345e+00  1022.6450    19.0326    22.6343     7.7511    236.865    7.67056  234.40309    101.050 -9.990e-29
   40.43304  -72.82716      2.367      2.349    19.0337    31.8849      7.988     0.3908 9.4814e+00  1022.6447    19.0333    22.6342     7.7512    236.867    7.67100  234.41592    101.045 -9.990e-29
   40.43304  -72.82716      2.356      2.338    19.0341    31.8848      7.988     0.3774 9.0641e+00  1022.6439    19.0337    22.6335     7.7557    237.004    7.67126  234.42391    101.101 -9.990e-29
   40.43304  -72.82716      2.367      2.349    19.0347    31.8838      7.988     0.3774 8.9880e+00  1022.6428    19.0343    22.6327     7.7557    237.004    7.67155  234.43318    101.097 -9.990e-29
   40.43304  -72.82716      2.357      2.339    19.0346    31.8834      7.988     0.3774 9.0897e+00  1022.6420    19.0342    22.6322     7.7562    237.020    7.67199  234.44629    101.098 -9.990e-29
   40.43304  -72.82716      2.356      2.338    19.0335    31.8834      7.988     0.3774 9.2444e+00  1022.6425    19.0331    22.6323     7.7566    237.030    7.67223  234.45274    101.099 -9.990e-29
   40.43304  -72.82716      2.356      2.338    19.0323    31.8834      7.988     0.3774 9.3067e+00  1022.6431    19.0319    22.6329     7.7566    237.031    7.67212  234.44898    101.101 -9.990e-29
   40.43304  -72.82716      2.337      2.319    19.0306    31.8836      7.988     0.3774 9.4918e+00  1022.6440    19.0302    22.6336     7.7518    236.884    7.67175  234.43759    101.044 -9.990e-29
   40.43304  -72.82716      2.356      2.338    19.0292    31.8836      7.988     0.3774 1.0013e+01  1022.6448    19.0288    22.6340     7.7517    236.881    7.67143  234.42781    101.046 -9.990e-29
   40.43304  -72.82716      2.337      2.319    19.0292    31.8836      7.988     0.3774 1.0212e+01  1022.6441    19.0288    22.6337     7.7512    236.864    7.67106  234.41694    101.044 -9.990e-29
   40.43304  -72.82716      2.337      2.319    19.0297    31.8829      7.988     0.3908 1.0098e+01  1022.6431    19.0293    22.6332     7.7512    236.865    7.67080  234.40912    101.048 -9.990e-29
   40.43304  -72.82716      2.337      2.319    19.0299    31.8827      7.988     0.3774 9.5992e+00  1022.6430    19.0295    22.6330     7.7509    236.857    7.67061  234.40373    101.047 -9.990e-29
   40.43304  -72.82716      2.326      2.308    19.0299    31.8827      7.988     0.3640 9.4386e+00  1022.6430    19.0295    22.6330     7.7503    236.838    7.67047  234.39952    101.040 -9.990e-29
   40.43304  -72.82716      2.326      2.308    19.0295    31.8827      7.988     0.3640 9.4386e+00  1022.6433    19.0291    22.6330     7.7450    236.676    7.67020  234.39126    100.975 -9.990e-29
   40.43304  -72.82716      2.326      2.308    19.0297    31.8825      7.988     0.3640 9.6640e+00  1022.6429    19.0293    22.6329     7.7489    236.796    7.66996  234.38400    101.029 -9.990e-29
   40.43304  -72.82716      2.327      2.309    19.0295    31.8825      7.988     0.3640 9.7733e+00  1022.6429    19.0291    22.6328     7.7487    236.792    7.66981  234.37941    101.029 -9.990e-29
   40.43304  -72.82716      2.316      2.298    19.0297    31.8825      7.988     0.3640 9.8561e+00  1022.6427    19.0293    22.6329     7.7487    236.792    7.66973  234.37735    101.030 -9.990e-29
   40.43304  -72.82716      2.316      2.298    19.0290    31.8828      7.988     0.3640 1.1767e+01  1022.6432    19.0286    22.6333     7.7484    236.782    7.66972  234.37725    101.026 -9.990e-29
   40.43304  -72.82716      2.305      2.287    19.0285    31.8835      7.988     0.3640 1.3168e+01  1022.6438    19.0281    22.6339     7.7527    236.913    7.66977  234.37877    101.081 -9.990e-29
   40.43304  -72.82716      2.316      2.298    19.0283    31.8841      7.988     0.3640 1.3354e+01  1022.6447    19.0279    22.6344     7.7488    236.793    7.66989  234.38236    101.029 -9.990e-29
   40.43304  -72.82716      2.307      2.289    19.0285    31.8844      7.988     0.3640 1.1441e+01  1022.6448    19.0281    22.6347     7.7491    236.803    7.67005  234.38758    101.031 -9.990e-29
   40.43304  -72.82716      2.316      2.298    19.0286    31.8844      7.988     0.3640 1.0080e+01  1022.6449    19.0282    22.6347     7.7490    236.801    7.67024  234.39327    101.027 -9.990e-29
   40.43304  -72.82716      2.305      2.287    19.0288    31.8844      7.988     0.3640 9.8839e+00  1022.6446    19.0284    22.6345     7.7448    236.672    7.67037  234.39713    100.971 -9.990e-29
   40.43304  -72.82716      2.305      2.287    19.0293    31.8844      7.988     0.3774 1.0694e+01  1022.6443    19.0289    22.6344     7.7494    236.811    7.67050  234.40112    101.028 -9.990e-29
   40.43304  -72.82716      2.296      2.278    19.0295    31.8844      7.988     0.3774 1.1635e+01  1022.6445    19.0291    22.6343     7.7497    236.822    7.67058  234.40332    101.032 -9.990e-29
   40.43304  -72.82716      2.305      2.287    19.0304    31.8842      7.988     0.3640 1.1833e+01  1022.6439    19.0300    22.6341     7.7497    236.821    7.67065  234.40530    101.030 -9.990e-29
   40.43304  -72.82716      2.297      2.279    19.0304    31.8842      7.988     0.3640 1.1249e+01  1022.6439    19.0300    22.6340     7.7495    236.815    7.67057  234.40292    101.029 -9.990e-29
   40.43304  -72.82716      2.305      2.287    19.0302    31.8842      7.988     0.3640 1.0426e+01  1022.6439    19.0298    22.6340     7.7448    236.671    7.67049  234.40028    100.969 -9.990e-29
   40.43304  -72.82716      2.296      2.278    19.0297    31.8845      7.988     0.3640 1.0223e+01  1022.6443    19.0293    22.6343     7.7488    236.795    7.67040  234.39781    101.023 -9.990e-29
   40.43304  -72.82716      2.296      2.278    19.0299    31.8848      7.988     0.3640 9.9396e+00  1022.6446    19.0295    22.6346     7.7492    236.806    7.67038  234.39709    101.028 -9.990e-29
   40.43304  -72.82716      2.296      2.278    19.0304    31.8851      7.988     0.3640 9.2387e+00  1022.6448    19.0300    22.6346     7.7492    236.806    7.67039  234.39705    101.028 -9.990e-29
   40.43304  -72.82716      2.297      2.279    19.0313    31.8851      7.988     0.3640 9.0331e+00  1022.6443    19.0309    22.6345     7.7492    236.804    7.67028  234.39399    101.028 -9.990e-29
   40.43304  -72.82716      2.305      2.287    19.0318    31.8851      7.988     0.3640 9.2387e+00  1022.6444    19.0314    22.6343     7.7496    236.817    7.67022  234.39233    101.034 -9.990e-29
   40.43304  -72.82716      2.296      2.278    19.0325    31.8851      7.988     0.3640 1.0109e+01  1022.6445    19.0321    22.6341     7.7496    236.817    7.67014  234.38995    101.036 -9.990e-29
   40.43304  -72.82716      2.305      2.287    19.0342    31.8847      7.988     0.3640 1.0456e+01  1022.6433    19.0338    22.6335     7.7501    236.832    7.67010  234.38861    101.042 -9.990e-29
   40.43304  -72.82716      2.296      2.278    19.0353    31.8843      7.988     0.3640 1.0485e+01  1022.6427    19.0349    22.6329     7.7506    236.850    7.67012  234.38915    101.050 -9.990e-29
   40.43304  -72.82716      2.305      2.287    19.0361    31.8842      7.988     0.3640 1.0675e+01  1022.6426    19.0357    22.6326     7.7508    236.855    7.67011  234.38910    101.052 -9.990e-29
   40.43304  -72.82716      2.297      2.279    19.0365    31.8842      7.988     0.3640 1.0784e+01  1022.6425    19.0361    22.6325     7.7510    236.861    7.67013  234.38963    101.054 -9.990e-29
   40.43304  -72.82716      2.296      2.278    19.0361    31.8841      7.988     0.3640 1.0766e+01  1022.6424    19.0357    22.6324     7.7471    236.742    7.67017  234.39085    101.003 -9.990e-29
   40.43304  -72.82716      2.316      2.298    19.0363    31.8840      7.988     0.3640 1.0063e+01  1022.6424    19.0359    22.6323     7.7469    236.737    7.67016  234.39067    101.001 -9.990e-29
   40.43304  -72.82716      2.296      2.278    19.0367    31.8838      7.988     0.3640 9.6474e+00  1022.6420    19.0363    22.6321     7.7514    236.873    7.67016  234.39077    101.059 -9.990e-29
   40.43304  -72.82716      2.305      2.287    19.0365    31.8835      7.988     0.3640 9.6203e+00  1022.6422    19.0361    22.6319     7.7472    236.745    7.67021  234.39219    101.004 -9.990e-29
   40.43304  -72.82716      2.307      2.289    19.0360    31.8828      7.988     0.3640 9.7185e+00  1022.6415    19.0356    22.6316     7.7472    236.745    7.67026  234.39372    101.003 -9.990e-29
   40.43304  -72.82716      2.316      2.298    19.0344    31.8828      7.988     0.3774 9.7733e+00  1022.6410    19.0340    22.6315     7.7472    236.744    7.67027  234.39417    101.003 -9.990e-29
   40.43304  -72.82716      2.305      2.287    19.0316    31.8828      7.988     0.3640 9.7733e+00  1022.6422    19.0312    22.6321     7.7472    236.746    7.67034  234.39611    101.003 -9.990e-29
   40.43304  -72.82716      2.316      2.298    19.0307    31.8828      7.988     0.3640 1.1155e+01  1022.6428    19.0303    22.6329     7.7468    236.733    7.67028  234.39414    100.998 -9.990e-29
   40.43308  -72.82702      2.316      2.298    19.0295    31.8829      7.988     0.3640 1.2767e+01  1022.6441    19.0291    22.6334     7.7423    236.596    7.67029  234.39477    100.939 -9.990e-29
   40.43308  -72.82702      2.307      2.289    19.0293    31.8831      7.988     0.3640 1.3131e+01  1022.6435    19.0289    22.6336     7.7421    236.590    7.67039  234.39755    100.935 -9.990e-29
   40.43308  -72.82702      2.316      2.298    19.0273    31.8831      7.988     0.3640 1.4489e+01  1022.6434    19.0268    22.6339     7.7414    236.566    7.67030  234.39490    100.926 -9.990e-29
   40.43308  -72.82702      2.305      2.287    19.0237    31.8829      7.988     0.3640 1.6771e+01  1022.6453    19.0233    22.6346     7.7453    236.687    7.67034  234.39621    100.977 -9.990e-29
   40.43308  -72.82702      2.305      2.287    19.0222    31.8829      7.988     0.3640 1.7444e+01  1022.6451    19.0218    22.6348     7.7407    236.545    7.67045  234.39970    100.915 -9.990e-29
   40.43308  -72.82702      2.305      2.287    19.0208    31.8829      7.988     0.3640 1.4720e+01  1022.6439    19.0204    22.6349     7.7407    236.545    7.67061  234.40446    100.913 -9.990e-29
   40.43308  -72.82702      2.305      2.287    19.0175    31.8829      7.988     0.3640 1.0386e+01  1022.6453    19.0171    22.6362     7.7362    236.407    7.67076  234.40883    100.853 -9.990e-29
   40.43308  -72.82702      2.307      2.289    19.0145    31.8854      7.988     0.3640 9.3330e+00  1022.6491    19.0141    22.6386     7.7405    236.540    7.67102  234.41650    100.906 -9.990e-29
   40.43308  -72.82702      2.305      2.287    19.0143    31.8879      7.988     0.3640 9.7078e+00  1022.6514    19.0139    22.6405     7.7409    236.551    7.67137  234.42723    100.906 -9.990e-29
   40.43308  -72.82702      2.296      2.278    19.0166    31.8887      7.988     0.3640 1.0852e+01  1022.6516    19.0162    22.6411     7.7414    236.568    7.67184  234.44164    100.907 -9.990e-29
   40.43308  -72.82702      2.296      2.278    19.0189    31.8887      7.988     0.3640 1.1320e+01  1022.6510    19.0185    22.6407     7.7418    236.580    7.67255  234.46292    100.903 -9.990e-29
   40.43308  -72.82702      2.296      2.278    19.0217    31.8887      7.988     0.3640 1.1545e+01  1022.6497    19.0213    22.6397     7.7417    236.577    7.67276  234.46894    100.899 -9.990e-29
   40.43308  -72.82702      2.286      2.268    19.0237    31.8879      7.988     0.3774 1.2847e+01  1022.6486    19.0233    22.6385     7.7413    236.562    7.67251  234.46093    100.896 -9.990e-29
   40.43308  -72.82702      2.286      2.268    19.0255    31.8871      7.988     0.3640 1.3514e+01  1022.6470    19.0251    22.6374     7.7359    236.399    7.67198  234.44435    100.834 -9.990e-29
   40.43308  -72.82702      2.296      2.278    19.0265    31.8866      7.988     0.3908 1.3628e+01  1022.6467    19.0261    22.6367     7.7392    236.499    7.67128  234.42243    100.886 -9.990e-29
   40.43308  -72.82702      2.265      2.248    19.0285    31.8866      7.988     0.3908 1.5380e+01  1022.6460    19.0281    22.6362     7.7379    236.458    7.67008  234.38597    100.884 -9.990e-29
   40.43308  -72.82702      2.286      2.268    19.0300    31.8865      7.988     0.4043 1.6501e+01  1022.6459    19.0296    22.6359     7.7363    236.411    7.66903  234.35501    100.877 -9.990e-29
   40.43308  -72.82702      2.265      2.248    19.0311    31.8865      7.988     0.4043 1.6640e+01  1022.6456    19.0307    22.6356     7.7313    236.259    7.66868  234.34539    100.817 -9.990e-29
   40.43308  -72.82702      2.265      2.248    19.0318    31.8860      7.988     0.3908 1.4870e+01  1022.6449    19.0314    22.6351     7.7355    236.388    7.66873  234.34800    100.870 -9.990e-29
   40.43308  -72.82702      2.265      2.248    19.0321    31.8855      7.988     0.4043 1.3767e+01  1022.6442    19.0317    22.6346     7.7358    236.397    7.66902  234.35739    100.870 -9.990e-29
