CalculateIndicators/WaterTemperature/Data/CTD_NYOS/20230517_C18.cnv
* Sea-Bird SBE 9 Data File:
* FileName = C:\Seabird 9 CTD\Data\2023\202305_offshore\20230517_C18.hex
* Software Version Seasave V 7.23.2
* Temperature SN = 4590
* Conductivity SN = 3228
* Number of Bytes Per Scan = 44
* Number of Voltage Words = 5
* Number of Scans Averaged by the Deck Unit = 1
* NMEA Latitude = 40 46.55 N
* NMEA Longitude = 072 34.45 W
* NMEA UTC (Time) = May 17 2023  06:57:41
* NMEA baud rate = 4800
** Ship: Seawolf
** Station: 10.1
** Operator: TDK
# nquan = 18
# nvalues = 8897                        
# units = specified
# name 0 = latitude: Latitude [deg]
# name 1 = longitude: Longitude [deg]
# name 2 = prDM: Pressure, Digiquartz [db]
# name 3 = depSM: Depth [salt water, m]
# name 4 = t090C: Temperature [ITS-90, deg C]
# name 5 = sal00: Salinity, Practical [PSU]
# name 6 = ph: pH
# name 7 = flECO-AFL: Fluorescence, WET Labs ECO-AFL/FL [mg/m^3]
# name 8 = cpar: CPAR/Corrected Irradiance [%]
# name 9 = density00: Density [density, kg/m^3]
# name 10 = potemp090C: Potential Temperature [ITS-90, deg C]
# name 11 = sigma-é00: Density [sigma-theta, kg/m^3]
# name 12 = sbeox0Mg/L: Oxygen, SBE 43 [mg/l]
# name 13 = sbox0Mm/Kg: Oxygen, SBE 43 [umol/kg]
# name 14 = oxsolMg/L: Oxygen Saturation, Garcia & Gordon [mg/l]
# name 15 = oxsolMm/Kg: Oxygen Saturation, Garcia & Gordon [umol/kg]
# name 16 = sbeox0PS: Oxygen, SBE 43 [% saturation]
# name 17 = flag:  0.000e+00
# span 0 =   40.77582,   40.77638       
# span 1 =  -72.57424,  -72.57362       
# span 2 =      1.622,     19.322       
# span 3 =      1.609,     19.172       
# span 4 =     9.2381,    10.6717       
# span 5 =    31.6519,    32.0100       
# span 6 =      7.918,      7.962       
# span 7 =     0.5923,     0.9415       
# span 8 = 5.0640e-11, 9.9999e+04       
# span 9 =  1024.2384,  1024.8254       
# span 10 =     9.2360,    10.6707      
# span 11 =    24.2297,    24.7409      
# span 12 =     8.4609,     8.9104      
# span 13 =    258.024,    271.797      
# span 14 =    9.08632,    9.35643      
# span 15 =  277.23399,  285.34349      
# span 16 =     90.449,     97.568      
# span 17 = 0.0000e+00, 0.0000e+00      
# interval = seconds: 0.0416667
# start_time = May 17 2023 06:57:45 [System UTC, first data scan.]
# bad_flag = -9.990e-29
*END*
[from data line 8764]
   40.77638  -72.57364      2.552      2.532    10.6524    31.6572      7.961     0.8072 5.0640e-11  1024.2453    10.6521    24.2337     8.8541    270.147    9.08996  277.34423     97.405 -9.990e-29
   40.77638  -72.57364      2.520      2.501    10.6523    31.6572      7.956     0.7938 5.0640e-11  1024.2452    10.6520    24.2338     8.8545    270.159    9.09002  277.34581     97.409 -9.990e-29
   40.77638  -72.57364      2.501      2.482    10.6524    31.6572      7.961     0.7938 5.0640e-11  1024.2449    10.6521    24.2337     8.8547    270.167    9.08997  277.34463     97.412 -9.990e-29
   40.77638  -72.57364      2.480      2.461    10.6521    31.6572      7.961     0.7938 5.0640e-11  1024.2450    10.6518    24.2337     8.8551    270.177    9.09001  277.34547     97.415 -9.990e-29
   40.77638  -72.57364      2.471      2.452    10.6522    31.6572      7.961     0.7938 5.0640e-11  1024.2448    10.6520    24.2337     8.8552    270.183    9.08994  277.34353     97.418 -9.990e-29
   40.77638  -72.57364      2.441      2.422    10.6519    31.6573      7.956     0.8072 5.0640e-11  1024.2448    10.6516    24.2339     8.8555    270.191    9.08997  277.34431     97.421 -9.990e-29
   40.77638  -72.57364      2.430      2.411    10.6518    31.6575      7.961     0.7938 5.0640e-11  1024.2452    10.6515    24.2341     8.8557    270.198    9.08998  277.34471     97.423 -9.990e-29
   40.77638  -72.57364      2.399      2.381    10.6518    31.6576      7.961     0.7938 1.8026e-01  1024.2448    10.6515    24.2341     8.8559    270.204    9.09000  277.34548     97.425 -9.990e-29
   40.77638  -72.57364      2.380      2.362    10.6514    31.6577      7.961     0.7938 4.4448e-01  1024.2451    10.6512    24.2342     8.8561    270.208    9.08999  277.34501     97.427 -9.990e-29
   40.77638  -72.57364      2.369      2.351    10.6518    31.6577      7.961     0.7938 5.0973e-01  1024.2450    10.6515    24.2342     8.8570    270.235    9.09000  277.34535     97.436 -9.990e-29
   40.77638  -72.57364      2.349      2.330    10.6516    31.6577      7.961     0.7938 6.9736e-01  1024.2447    10.6513    24.2342     8.8628    270.413    9.09005  277.34675     97.500 -9.990e-29
   40.77638  -72.57364      2.329      2.311    10.6516    31.6576      7.961     0.7938 1.0660e+00  1024.2447    10.6513    24.2341     8.8636    270.438    9.09009  277.34828     97.508 -9.990e-29
   40.77638  -72.57364      2.298      2.280    10.6519    31.6576      7.956     0.7938 1.1252e+00  1024.2442    10.6517    24.2340     8.8588    270.290    9.09017  277.35071     97.454 -9.990e-29
   40.77638  -72.57364      2.267      2.250    10.6518    31.6576      7.961     0.7938 3.4198e-01  1024.2443    10.6515    24.2341     8.8588    270.291    9.09022  277.35219     97.454 -9.990e-29
   40.77638  -72.57364      2.237      2.220    10.6516    31.6576      7.961     0.7938 5.0640e-11  1024.2442    10.6514    24.2341     8.8587    270.289    9.09021  277.35154     97.453 -9.990e-29
   40.77632  -72.57372      2.228      2.210    10.6519    31.6576      7.956     0.8072 5.0640e-11  1024.2440    10.6517    24.2341     8.8586    270.284    9.09014  277.34949     97.452 -9.990e-29
   40.77632  -72.57372      2.207      2.190    10.6519    31.6577      7.961     0.7938 5.0640e-11  1024.2442    10.6517    24.2342     8.8585    270.281    9.09015  277.34988     97.451 -9.990e-29
   40.77632  -72.57372      2.177      2.160    10.6518    31.6577      7.961     0.7938 5.0640e-11  1024.2441    10.6515    24.2342     8.8583    270.275    9.09011  277.34863     97.449 -9.990e-29
   40.77632  -72.57372      2.167      2.150    10.6521    31.6577      7.961     0.7938 5.0640e-11  1024.2440    10.6519    24.2342     8.8581    270.269    9.09010  277.34841     97.447 -9.990e-29
   40.77632  -72.57372      2.137      2.120    10.6523    31.6577      7.956     0.7938 5.0640e-11  1024.2439    10.6520    24.2342     8.8579    270.263    9.09012  277.34869     97.445 -9.990e-29
   40.77632  -72.57372      2.105      2.089    10.6526    31.6575      7.961     0.7669 5.0640e-11  1024.2433    10.6524    24.2339     8.8576    270.255    9.09008  277.34764     97.443 -9.990e-29
   40.77632  -72.57372      2.096      2.080    10.6526    31.6575      7.961     0.7535 5.0640e-11  1024.2430    10.6524    24.2338     8.8573    270.246    9.09005  277.34665     97.440 -9.990e-29
   40.77632  -72.57372      2.086      2.070    10.6524    31.6575      7.961     0.7535 2.6661e-01  1024.2434    10.6522    24.2339     8.8570    270.238    9.09007  277.34743     97.436 -9.990e-29
   40.77632  -72.57372      2.045      2.029    10.6526    31.6575      7.961     0.7535 3.8015e-01  1024.2430    10.6524    24.2339     8.8568    270.229    9.09012  277.34896     97.433 -9.990e-29
   40.77632  -72.57372      2.026      2.010    10.6526    31.6575      7.961     0.7535 4.0578e-01  1024.2431    10.6524    24.2339     8.8565    270.220    9.09017  277.35044     97.429 -9.990e-29
   40.77632  -72.57372      2.015      1.999    10.6524    31.6574      7.961     0.7535 8.2194e-01  1024.2429    10.6522    24.2338     8.8561    270.209    9.09019  277.35109     97.425 -9.990e-29
   40.77632  -72.57372      1.984      1.969    10.6523    31.6574      7.961     0.7535 1.1103e+00  1024.2426    10.6521    24.2337     8.8557    270.198    9.09025  277.35282     97.420 -9.990e-29
   40.77632  -72.57372      1.975      1.960    10.6521    31.6574      7.961     0.7535 1.1401e+00  1024.2428    10.6519    24.2339     8.8496    270.011    9.09024  277.35259     97.353 -9.990e-29
   40.77632  -72.57372      1.945      1.930    10.6519    31.6574      7.961     0.7535 1.4944e+00  1024.2429    10.6517    24.2340     8.8484    269.974    9.09020  277.35116     97.340 -9.990e-29
   40.77632  -72.57372      1.934      1.919    10.6521    31.6574      7.956     0.7535 1.8049e+00  1024.2425    10.6519    24.2339     8.8528    270.109    9.09016  277.35015     97.389 -9.990e-29
   40.77632  -72.57372      1.914      1.900    10.6521    31.6574      7.961     0.7535 1.8554e+00  1024.2425    10.6519    24.2338     8.8524    270.095    9.09018  277.35074     97.384 -9.990e-29
   40.77632  -72.57372      1.894      1.879    10.6521    31.6574      7.956     0.7535 2.1857e+00  1024.2421    10.6519    24.2338     8.8525    270.100    9.09011  277.34854     97.386 -9.990e-29
   40.77632  -72.57372      1.873      1.859    10.6519    31.6574      7.961     0.7535 2.5719e+00  1024.2425    10.6517    24.2339     8.8528    270.107    9.09011  277.34874     97.389 -9.990e-29
   40.77632  -72.57372      1.864      1.849    10.6519    31.6576      7.956     0.7535 2.6673e+00  1024.2424    10.6517    24.2341     8.8465    269.917    9.09008  277.34761     97.321 -9.990e-29
   40.77632  -72.57372      1.864      1.849    10.6518    31.6576      7.961     0.7535 2.7640e+00  1024.2428    10.6516    24.2342     8.8510    270.054    9.09013  277.34920     97.370 -9.990e-29
   40.77632  -72.57372      1.833      1.819    10.6521    31.6576      7.956     0.7669 2.9017e+00  1024.2425    10.6519    24.2341     8.8505    270.037    9.09013  277.34933     97.363 -9.990e-29
   40.77632  -72.57372      1.822      1.808    10.6522    31.6575      7.956     0.7535 2.9415e+00  1024.2420    10.6520    24.2340     8.8441    269.844    9.09006  277.34725     97.295 -9.990e-29
   40.77632  -72.57372      1.822      1.808    10.6519    31.6575      7.956     0.7535 3.5019e+00  1024.2423    10.6517    24.2340     8.8429    269.805    9.09009  277.34814     97.280 -9.990e-29
   40.77632  -72.57372      1.822      1.808    10.6518    31.6575      7.961     0.7535 4.9106e+00  1024.2423    10.6516    24.2340     8.8416    269.765    9.09010  277.34821     97.266 -9.990e-29
   40.77638  -72.57364      1.813      1.799    10.6518    31.6575      7.956     0.7535 5.4355e+00  1024.2418    10.6516    24.2339     8.8410    269.748    9.09010  277.34839     97.260 -9.990e-29
   40.77638  -72.57364      1.803      1.789    10.6513    31.6575      7.961     0.7535 4.7087e+00  1024.2423    10.6510    24.2341     8.8397    269.709    9.09011  277.34853     97.246 -9.990e-29
   40.77638  -72.57364      1.803      1.789    10.6516    31.6578      7.961     0.7535 2.4036e+00  1024.2424    10.6514    24.2343     8.8391    269.691    9.09004  277.34650     97.240 -9.990e-29
   40.77638  -72.57364      1.803      1.789    10.6519    31.6578      7.961     0.7535 1.6721e+00  1024.2426    10.6517    24.2344     8.8386    269.675    9.09004  277.34661     97.234 -9.990e-29
   40.77638  -72.57364      1.803      1.789    10.6521    31.6578      7.961     0.7535 6.5653e-01  1024.2425    10.6519    24.2343     8.8381    269.661    9.09005  277.34687     97.229 -9.990e-29
   40.77638  -72.57364      1.803      1.789    10.6524    31.6578      7.961     0.7535 5.0640e-11  1024.2423    10.6522    24.2342     8.8378    269.649    9.09010  277.34852     97.224 -9.990e-29
   40.77638  -72.57364      1.813      1.799    10.6526    31.6578      7.961     0.7535 5.0640e-11  1024.2423    10.6524    24.2341     8.8373    269.636    9.09010  277.34826     97.219 -9.990e-29
   40.77638  -72.57364      1.822      1.808    10.6529    31.6578      7.961     0.7535 1.0075e+00  1024.2422    10.6527    24.2341     8.8369    269.623    9.09009  277.34800     97.215 -9.990e-29
   40.77638  -72.57364      1.813      1.799    10.6529    31.6578      7.961     0.7535 5.3816e+00  1024.2424    10.6527    24.2340     8.8365    269.612    9.09008  277.34762     97.211 -9.990e-29
   40.77638  -72.57364      1.843      1.829    10.6531    31.6577      7.961     0.7535 7.6224e+00  1024.2421    10.6529    24.2339     8.8362    269.601    9.09006  277.34722     97.207 -9.990e-29
   40.77638  -72.57364      1.843      1.829    10.6528    31.6577      7.956     0.7535 7.4252e+00  1024.2423    10.6526    24.2338     8.8359    269.591    9.09006  277.34710     97.204 -9.990e-29
   40.77638  -72.57364      1.873      1.859    10.6531    31.6577      7.956     0.7535 6.6083e+00  1024.2421    10.6529    24.2338     8.8355    269.581    9.09001  277.34568     97.200 -9.990e-29
   40.77638  -72.57364      1.883      1.868    10.6528    31.6575      7.956     0.7535 6.3391e+00  1024.2426    10.6526    24.2339     8.8296    269.400    9.09001  277.34572     97.135 -9.990e-29
   40.77638  -72.57364      1.903      1.889    10.6531    31.6575      7.961     0.7535 6.3097e+00  1024.2426    10.6529    24.2339     8.8343    269.544    9.08997  277.34433     97.187 -9.990e-29
   40.77638  -72.57364      1.945      1.930    10.6531    31.6575      7.961     0.7535 6.2509e+00  1024.2425    10.6529    24.2338     8.8341    269.539    9.08999  277.34506     97.185 -9.990e-29
   40.77638  -72.57364      1.975      1.960    10.6531    31.6575      7.956     0.7535 6.2217e+00  1024.2425    10.6529    24.2337     8.8283    269.362    9.09001  277.34573     97.121 -9.990e-29
   40.77638  -72.57364      1.984      1.969    10.6529    31.6575      7.961     0.7535 6.1345e+00  1024.2427    10.6527    24.2338     8.8332    269.510    9.09001  277.34564     97.175 -9.990e-29
   40.77638  -72.57364      2.015      1.999    10.6529    31.6575      7.961     0.7535 3.4589e+00  1024.2430    10.6527    24.2339     8.8332    269.509    9.09003  277.34612     97.174 -9.990e-29
   40.77638  -72.57364      2.045      2.029    10.6528    31.6575      7.961     0.7535 2.1147e+00  1024.2434    10.6525    24.2340     8.8332    269.509    9.09007  277.34743     97.174 -9.990e-29
   40.77638  -72.57364      2.066      2.050    10.6526    31.6575      7.961     0.7535 1.9578e+00  1024.2433    10.6524    24.2339     8.8332    269.509    9.09007  277.34765     97.174 -9.990e-29
   40.77638  -72.57364      2.096      2.080    10.6526    31.6572      7.956     0.7535 2.6481e+00  1024.2429    10.6524    24.2336     8.8339    269.532    9.09004  277.34650     97.182 -9.990e-29
   40.77638  -72.57364      2.137      2.120    10.6522    31.6572      7.961     0.7535 3.2685e+00  1024.2430    10.6520    24.2335     8.8348    269.559    9.09008  277.34787     97.192 -9.990e-29
   40.77638  -72.57364      2.167      2.150    10.6519    31.6572      7.961     0.7535 3.3737e+00  1024.2434    10.6517    24.2337     8.8350    269.565    9.09013  277.34929     97.193 -9.990e-29
   40.77638  -72.57364      2.197      2.180    10.6518    31.6577      7.961     0.7535 3.1032e+00  1024.2441    10.6515    24.2341     8.8352    269.570    9.09011  277.34858     97.195 -9.990e-29
   40.77638  -72.57364      2.228      2.210    10.6519    31.6577      7.961     0.7535 2.8227e+00  1024.2447    10.6517    24.2343     8.8297    269.402    9.09007  277.34754     97.135 -9.990e-29
   40.77638  -72.57364      2.258      2.240    10.6521    31.6578      7.961     0.7535 2.7445e+00  1024.2442    10.6518    24.2342     8.8292    269.389    9.09008  277.34755     97.130 -9.990e-29
   40.77638  -72.57364      2.278      2.261    10.6523    31.6579      7.961     0.7535 1.8385e+00  1024.2444    10.6520    24.2341     8.8345    269.550    9.09009  277.34801     97.188 -9.990e-29
   40.77638  -72.57364      2.309      2.291    10.6523    31.6579      7.956     0.7535 5.8924e-01  1024.2446    10.6520    24.2342     8.8349    269.562    9.09009  277.34789     97.193 -9.990e-29
   40.77638  -72.57364      2.339      2.321    10.6521    31.6579      7.956     0.7669 2.9159e-01  1024.2451    10.6518    24.2343     8.8353    269.573    9.09008  277.34761     97.197 -9.990e-29
   40.77638  -72.57364      2.369      2.351    10.6524    31.6579      7.961     0.7535 4.7964e-02  1024.2448    10.6521    24.2342     8.8301    269.415    9.09014  277.34948     97.139 -9.990e-29
   40.77638  -72.57364      2.399      2.381    10.6526    31.6576      7.961     0.7400 5.0640e-11  1024.2449    10.6523    24.2340     8.8298    269.406    9.09008  277.34770     97.137 -9.990e-29
   40.77638  -72.57364      2.430      2.411    10.6526    31.6574      7.961     0.7400 5.0640e-11  1024.2447    10.6523    24.2339     8.8354    269.576    9.09011  277.34878     97.197 -9.990e-29
   40.77638  -72.57364      2.460      2.441    10.6524    31.6573      7.956     0.7535 5.0640e-11  1024.2447    10.6521    24.2337     8.8359    269.592    9.09009  277.34801     97.204 -9.990e-29
   40.77638  -72.57364      2.480      2.461    10.6521    31.6573      7.956     0.7400 5.0640e-11  1024.2450    10.6518    24.2337     8.8365    269.612    9.09010  277.34821     97.211 -9.990e-29
   40.77638  -72.57364      2.520      2.501    10.6521    31.6573      7.961     0.7400 5.0640e-11  1024.2449    10.6518    24.2338     8.8372    269.631    9.09010  277.34813     97.218 -9.990e-29
   40.77638  -72.57364      2.531      2.512    10.6516    31.6575      7.956     0.7400 7.1105e-01  1024.2456    10.6513    24.2340     8.8321    269.478    9.09005  277.34680     97.163 -9.990e-29
   40.77638  -72.57364      2.552      2.532    10.6516    31.6577      7.961     0.7400 1.3530e+00  1024.2457    10.6513    24.2342     8.8379    269.653    9.09008  277.34768     97.225 -9.990e-29
   40.77638  -72.57364      2.572      2.553    10.6517    31.6579      7.961     0.7400 1.4627e+00  1024.2461    10.6515    24.2344     8.8322    269.479    9.09004  277.34642     97.163 -9.990e-29
   40.77638  -72.57364      2.582      2.562    10.6519    31.6579      7.961     0.7400 2.6673e+00  1024.2460    10.6516    24.2344     8.8315    269.458    9.09000  277.34533     97.156 -9.990e-29
   40.77638  -72.57364      2.601      2.581    10.6518    31.6579      7.961     0.7400 4.1766e+00  1024.2462    10.6515    24.2343     8.8316    269.462    9.09001  277.34566     97.157 -9.990e-29
   40.77638  -72.57364      2.622      2.602    10.6523    31.6578      7.961     0.7400 4.5358e+00  1024.2460    10.6520    24.2342     8.8318    269.468    9.09005  277.34679     97.159 -9.990e-29
