CalculateIndicators/WaterTemperature/Data/CTD_NYOS/20231003_C02.cnv
* Sea-Bird SBE 9 Data File:
* FileName = C:\Seabird 9 CTD\Data\2023\202309_offshore\20231003_C02.hex
* Software Version Seasave V 7.23.2
* Temperature SN = 4590
* Conductivity SN = 3228
* Number of Bytes Per Scan = 44
* Number of Voltage Words = 5
* Number of Scans Averaged by the Deck Unit = 1
* NMEA Latitude = 40 34.19 N
* NMEA Longitude = 073 24.30 W
* NMEA UTC (Time) = Oct 03 2023  06:38:05
* NMEA baud rate = 4800
** Ship: seawolf
** Station: 8.1
** Operator: SW
# nquan = 18
# nvalues = 7107                        
# units = specified
# name 0 = latitude: Latitude [deg]
# name 1 = longitude: Longitude [deg]
# name 2 = prDM: Pressure, Digiquartz [db]
# name 3 = depSM: Depth [salt water, m]
# name 4 = t090C: Temperature [ITS-90, deg C]
# name 5 = sal00: Salinity, Practical [PSU]
# name 6 = ph: pH
# name 7 = flECO-AFL: Fluorescence, WET Labs ECO-AFL/FL [mg/m^3]
# name 8 = cpar: CPAR/Corrected Irradiance [%]
# name 9 = density00: Density [density, kg/m^3]
# name 10 = potemp090C: Potential Temperature [ITS-90, deg C]
# name 11 = sigma-é00: Density [sigma-theta, kg/m^3]
# name 12 = sbeox0Mg/L: Oxygen, SBE 43 [mg/l]
# name 13 = sbox0Mm/Kg: Oxygen, SBE 43 [umol/kg]
# name 14 = oxsolMg/L: Oxygen Saturation, Garcia & Gordon [mg/l]
# name 15 = oxsolMm/Kg: Oxygen Saturation, Garcia & Gordon [umol/kg]
# name 16 = sbeox0PS: Oxygen, SBE 43 [% saturation]
# name 17 = flag:  0.000e+00
# span 0 =   40.56976,   40.56992       
# span 1 =  -73.40510,  -73.40460       
# span 2 =      1.621,     14.149       
# span 3 =      1.608,     14.040       
# span 4 =    18.0134,    18.4338       
# span 5 =    30.4500,    30.8234       
# span 6 =      7.816,      7.907       
# span 7 =     0.9684,     1.5728       
# span 8 = 5.0640e-11, 9.9999e+04       
# span 9 =  1021.7012,  1022.1183       
# span 10 =    18.0120,    18.4334      
# span 11 =    21.6912,    22.0564      
# span 12 =     6.8621,     8.2413      
# span 13 =    209.821,    252.072      
# span 14 =    7.82272,    7.88217      
# span 15 =  239.27092,  241.05551      
# span 16 =     87.298,    105.320      
# span 17 = 0.0000e+00, 0.0000e+00      
# interval = seconds: 0.0416667
# start_time = Oct 03 2023 06:38:07 [System UTC, first data scan.]
# bad_flag = -9.990e-29
*END*
 -9.990e-29 -9.990e-29      2.224      2.207    18.2772    30.4912 -9.990e-29     1.3310 9.3536e-01  1021.7657    18.2768    21.7558     8.0283    245.547    7.84779  240.02501    102.300 -9.990e-29
 -9.990e-29 -9.990e-29      2.224      2.207    18.2784    30.4909 -9.990e-29     1.3310 1.1103e+00  1021.7652    18.2780    21.7554     8.0286    245.554    7.84811  240.03421    102.300 -9.990e-29
 -9.990e-29 -9.990e-29      2.245      2.227    18.2789    30.4901 -9.990e-29     1.3310 9.9999e+04  1021.7648    18.2785    21.7546     8.0286    245.554    7.84828  240.03888    102.298 0.0000e+00
 -9.990e-29 -9.990e-29      2.254      2.237    18.2797    30.4887 -9.990e-29     1.3310 9.9999e+04  1021.7632    18.2793    21.7534     8.0285    245.550    7.84838  240.04123    102.295 -9.990e-29
 -9.990e-29 -9.990e-29      2.254      2.237    18.2799    30.4871 -9.990e-29     1.3310 1.2152e+00  1021.7616    18.2795    21.7521     8.0281    245.538    7.84830  240.03832    102.291 -9.990e-29
 -9.990e-29 -9.990e-29      2.254      2.237    18.2794    30.4860 -9.990e-29     1.3310 3.4198e-01  1021.7608    18.2790    21.7513     8.0274    245.514    7.84792  240.02618    102.287 -9.990e-29
 -9.990e-29 -9.990e-29      2.284      2.267    18.2785    30.4860 -9.990e-29     1.3310 8.3641e-02  1021.7610    18.2781    21.7512     8.0262    245.478    7.84722  240.00412    102.281 -9.990e-29
 -9.990e-29 -9.990e-29      2.276      2.259    18.2775    30.4860 -9.990e-29     1.3310 2.0476e-01  1021.7612    18.2771    21.7515     8.0244    245.423    7.84639  239.97878    102.269 -9.990e-29
 -9.990e-29 -9.990e-29      2.295      2.278    18.2765    30.4861 -9.990e-29     1.3310 8.0794e-01  1021.7623    18.2761    21.7521     8.0226    245.370    7.84571  239.95888    102.255 0.0000e+00
 -9.990e-29 -9.990e-29      2.305      2.287    18.2756    30.4861 -9.990e-29     1.3444 1.1103e+00  1021.7630    18.2752    21.7525     8.0216    245.339    7.84536  239.94951    102.246 0.0000e+00
 -9.990e-29 -9.990e-29      2.315      2.297    18.2751    30.4861 -9.990e-29     1.3310 1.0808e+00  1021.7625    18.2747    21.7525     8.0206    245.311    7.84518  239.94492    102.236 -9.990e-29
 -9.990e-29 -9.990e-29      2.315      2.297    18.2744    30.4860 -9.990e-29     1.3310 7.9398e-01  1021.7625    18.2740    21.7525     8.0197    245.282    7.84505  239.94120    102.226 -9.990e-29
 -9.990e-29 -9.990e-29      2.335      2.317    18.2735    30.4858 -9.990e-29     1.3310 6.5653e-01  1021.7632    18.2731    21.7526     8.0189    245.260    7.84479  239.93307    102.220 -9.990e-29
 -9.990e-29 -9.990e-29      2.326      2.308    18.2730    30.4858 -9.990e-29     1.3310 3.6739e-01  1021.7624    18.2726    21.7524     8.0177    245.222    7.84454  239.92524    102.208 -9.990e-29
 -9.990e-29 -9.990e-29      2.345      2.327    18.2723    30.4858 -9.990e-29     1.3310 8.6066e-04  1021.7621    18.2719    21.7524     8.0166    245.187    7.84440  239.92152    102.195 -9.990e-29
 -9.990e-29 -9.990e-29      2.346      2.328    18.2709    30.4860 -9.990e-29     1.3310 5.0640e-11  1021.7634    18.2705    21.7533     8.0159    245.167    7.84441  239.92197    102.186 -9.990e-29
 -9.990e-29 -9.990e-29      2.356      2.338    18.2699    30.4873 -9.990e-29     1.3310 5.0640e-11  1021.7652    18.2695    21.7545     8.0153    245.148    7.84446  239.92390    102.177 0.0000e+00
 -9.990e-29 -9.990e-29      2.365      2.347    18.2697    30.4882 -9.990e-29     1.3310 5.0640e-11  1021.7658    18.2693    21.7553     8.0147    245.132    7.84469  239.93151    102.168 -9.990e-29
 -9.990e-29 -9.990e-29      2.365      2.347    18.2695    30.4888 -9.990e-29     1.3444 5.0640e-11  1021.7662    18.2691    21.7558     8.0144    245.121    7.84511  239.94407    102.157 -9.990e-29
   40.56992 -9.990e-29      2.365      2.347    18.2693    30.4888 -9.990e-29     1.3310 5.0640e-11  1021.7668    18.2689    21.7561     8.0138    245.104    7.84545  239.95380    102.146 -9.990e-29
   40.56992 -9.990e-29      2.376      2.358    18.2695    30.4888 -9.990e-29     1.3310 5.0640e-11  1021.7668    18.2691    21.7561     8.0083    244.934    7.84551  239.95508    102.075 0.0000e+00
   40.56992 -9.990e-29      2.386      2.368    18.2700    30.4891 -9.990e-29     1.3310 5.0640e-11  1021.7659    18.2696    21.7558     8.0122    245.053    7.84562  239.95919    102.123 -9.990e-29
   40.56992 -9.990e-29      2.386      2.368    18.2697    30.4891 -9.990e-29     1.3310 5.0640e-11  1021.7660    18.2693    21.7558     8.0120    245.049    7.84602  239.97204    102.116 -9.990e-29
   40.56992 -9.990e-29      2.387      2.369    18.2693    30.4891 -9.990e-29     1.3310 5.0640e-11  1021.7666    18.2689    21.7561     8.0119    245.047    7.84651  239.98703    102.108 -9.990e-29
   40.56992 -9.990e-29      2.386      2.368    18.2695    30.4891 -9.990e-29     1.3310 5.0640e-11  1021.7670    18.2691    21.7563     8.0122    245.052    7.84688  239.99680    102.106 -9.990e-29
   40.56992 -9.990e-29      2.407      2.388    18.2699    30.4893 -9.990e-29     1.3713 5.0640e-11  1021.7667    18.2695    21.7561     8.0116    245.033    7.84694  239.99818    102.098 -9.990e-29
   40.56992 -9.990e-29      2.407      2.388    18.2701    30.4893 -9.990e-29     1.4116 5.0640e-11  1021.7662    18.2697    21.7560     8.0110    245.016    7.84703  240.00108    102.089 -9.990e-29
   40.56992 -9.990e-29      2.407      2.388    18.2699    30.4893 -9.990e-29     1.4385 5.0640e-11  1021.7665    18.2695    21.7561     8.0108    245.011    7.84714  240.00445    102.086 -9.990e-29
   40.56992 -9.990e-29      2.407      2.388    18.2700    30.4898 -9.990e-29     1.4250 5.0640e-11  1021.7671    18.2696    21.7565     8.0108    245.009    7.84736  240.01127    102.082 -9.990e-29
   40.56992 -9.990e-29      2.416      2.398    18.2707    30.4902 -9.990e-29     1.4250 5.0640e-11  1021.7672    18.2703    21.7567     8.0109    245.015    7.84781  240.02545    102.079 -9.990e-29
   40.56992 -9.990e-29      2.418      2.399    18.2714    30.4902 -9.990e-29     1.4250 9.9999e+04  1021.7675    18.2710    21.7567     8.0113    245.027    7.84850  240.04678    102.075 -9.990e-29
   40.56992 -9.990e-29      2.416      2.398    18.2724    30.4902 -9.990e-29     1.4250 5.0640e-11  1021.7672    18.2720    21.7564     8.0070    244.895    7.84920  240.06786    102.011 -9.990e-29
   40.56992 -9.990e-29      2.426      2.407    18.2735    30.4898 -9.990e-29     1.4250 5.0640e-11  1021.7665    18.2731    21.7557     8.0115    245.031    7.84975  240.08383    102.061 0.0000e+00
   40.56992 -9.990e-29      2.437      2.418    18.2745    30.4887 -9.990e-29     1.4250 5.0640e-11  1021.7652    18.2741    21.7546     8.0116    245.033    7.85017  240.09610    102.056 -9.990e-29
   40.56992 -9.990e-29      2.426      2.407    18.2751    30.4877 -9.990e-29     1.4250 9.9999e+04  1021.7640    18.2747    21.7537     8.0116    245.031    7.85052  240.10604    102.051 -9.990e-29
   40.56992 -9.990e-29      2.447      2.428    18.2752    30.4871 -9.990e-29     1.4250 5.0640e-11  1021.7638    18.2748    21.7532     8.0119    245.041    7.85079  240.11402    102.052 -9.990e-29
   40.56992 -9.990e-29      2.447      2.428    18.2752    30.4867 -9.990e-29     1.4250 5.0640e-11  1021.7638    18.2748    21.7529     8.0118    245.040    7.85114  240.12446    102.047 -9.990e-29
   40.56992 -9.990e-29      2.448      2.429    18.2749    30.4860 -9.990e-29     1.4250 5.0640e-11  1021.7632    18.2745    21.7524     8.0122    245.051    7.85146  240.13398    102.047 -9.990e-29
   40.56992 -9.990e-29      2.456      2.437    18.2747    30.4851 -9.990e-29     1.4250 5.0640e-11  1021.7625    18.2743    21.7518     8.0125    245.058    7.85168  240.14062    102.048 0.0000e+00
   40.56992 -9.990e-29      2.467      2.448    18.2739    30.4844 -9.990e-29     1.4250 5.0640e-11  1021.7621    18.2734    21.7515     8.0127    245.066    7.85190  240.14690    102.048 0.0000e+00
   40.56992 -9.990e-29      2.477      2.458    18.2724    30.4844 -9.990e-29     1.4250 5.0640e-11  1021.7622    18.2720    21.7515     8.0129    245.072    7.85209  240.15255    102.049 -9.990e-29
   40.56992 -9.990e-29      2.477      2.458    18.2712    30.4844 -9.990e-29     1.4250 5.0640e-11  1021.7622    18.2708    21.7519     8.0084    244.933    7.85220  240.15564    101.989 -9.990e-29
   40.56992 -9.990e-29      2.488      2.469    18.2693    30.4847 -9.990e-29     1.4250 5.0640e-11  1021.7638    18.2689    21.7527     8.0126    245.060    7.85208  240.15134    102.044 0.0000e+00
   40.56992 -9.990e-29      2.497      2.478    18.2681    30.4847 -9.990e-29     1.4250 5.0640e-11  1021.7650    18.2676    21.7534     8.0120    245.040    7.85143  240.13097    102.044 0.0000e+00
   40.56992 -9.990e-29      2.508      2.489    18.2671    30.4847 -9.990e-29     1.4250 5.0640e-11  1021.7642    18.2667    21.7534     8.0111    245.016    7.85060  240.10630    102.045 0.0000e+00
   40.56992 -9.990e-29      2.518      2.499    18.2662    30.4848 -9.990e-29     1.4250 5.0640e-11  1021.7639    18.2658    21.7534     8.0109    245.010    7.85037  240.09949    102.045 0.0000e+00
   40.56992 -9.990e-29      2.528      2.508    18.2643    30.4848 -9.990e-29     1.4385 9.9999e+04  1021.7651    18.2639    21.7541     8.0105    244.997    7.84989  240.08524    102.046 0.0000e+00
   40.56992 -9.990e-29      2.537      2.518    18.2621    30.4853 -9.990e-29     1.4250 4.0578e-01  1021.7661    18.2616    21.7551     8.0099    244.980    7.84933  240.06842    102.046 0.0000e+00
   40.56992 -9.990e-29      2.558      2.538    18.2596    30.4863 -9.990e-29     1.4250 9.9999e+04  1021.7670    18.2592    21.7564     8.0094    244.964    7.84877  240.05141    102.047 0.0000e+00
   40.56992 -9.990e-29      2.569      2.549    18.2567    30.4882 -9.990e-29     1.4250 9.9999e+04  1021.7696    18.2563    21.7585     8.0088    244.946    7.84815  240.03311    102.047 -9.990e-29
   40.56992 -9.990e-29      2.569      2.549    18.2548    30.4907 -9.990e-29     1.4116 9.9999e+04  1021.7720    18.2543    21.7608     8.0087    244.945    7.84803  240.03056    102.047 -9.990e-29
   40.56992 -9.990e-29      2.589      2.569    18.2532    30.4934 -9.990e-29     1.4116 9.9999e+04  1021.7746    18.2528    21.7631     8.0094    244.967    7.84868  240.05060    102.048 0.0000e+00
   40.56992 -9.990e-29      2.609      2.588    18.2529    30.4964 -9.990e-29     1.3982 9.9999e+04  1021.7768    18.2525    21.7654     8.0103    244.993    7.84946  240.07435    102.049 0.0000e+00
   40.56992 -9.990e-29      2.618      2.598    18.2544    30.4997 -9.990e-29     1.3982 9.9999e+04  1021.7790    18.2540    21.7676     8.0112    245.022    7.85038  240.10228    102.049 0.0000e+00
   40.56992 -9.990e-29      2.629      2.609    18.2575    30.5009 -9.990e-29     1.3982 9.9999e+04  1021.7821    18.2571    21.7692     8.0122    245.050    7.85121  240.12711    102.050 0.0000e+00
   40.56992 -9.990e-29      2.648      2.628    18.2627    30.5009 -9.990e-29     1.3982 9.9999e+04  1021.7818    18.2623    21.7686     8.0128    245.069    7.85181  240.14483    102.050 0.0000e+00
   40.56992 -9.990e-29      2.659      2.639    18.2685    30.5009 -9.990e-29     1.3982 9.9999e+04  1021.7777    18.2680    21.7656     8.0132    245.081    7.85217  240.15505    102.051 0.0000e+00
   40.56992 -9.990e-29      2.680      2.659    18.2724    30.4966 -9.990e-29     1.3982 9.9999e+04  1021.7728    18.2720    21.7613     8.0134    245.087    7.85233  240.15970    102.051 -9.990e-29
   40.56992 -9.990e-29      2.680      2.659    18.2754    30.4929 -9.990e-29     1.3982 9.9999e+04  1021.7679    18.2750    21.7578     8.0135    245.089    7.85238  240.16088    102.052 -9.990e-29
   40.56992 -9.990e-29      2.699      2.678    18.2765    30.4924 -9.990e-29     1.3982 9.9999e+04  1021.7673    18.2760    21.7564     8.0136    245.091    7.85240  240.16157    102.053 0.0000e+00
   40.56992 -9.990e-29      2.710      2.689    18.2775    30.4922 -9.990e-29     1.3982 9.9999e+04  1021.7688    18.2770    21.7565     8.0090    244.950    7.85243  240.16233    101.993 0.0000e+00
   40.56992 -9.990e-29      2.720      2.699    18.2789    30.4916 -9.990e-29     1.3982 9.9999e+04  1021.7692    18.2784    21.7563     8.0085    244.937    7.85239  240.16139    101.989 0.0000e+00
   40.56992 -9.990e-29      2.741      2.719    18.2806    30.4911 -9.990e-29     1.3982 9.9999e+04  1021.7669    18.2802    21.7551     8.0082    244.927    7.85239  240.16129    101.984 -9.990e-29
   40.56992 -9.990e-29      2.741      2.719    18.2811    30.4892 -9.990e-29     1.3982 9.9999e+04  1021.7655    18.2807    21.7535     8.0078    244.915    7.85236  240.16020    101.980 -9.990e-29
   40.56992 -9.990e-29      2.760      2.738    18.2815    30.4873 -9.990e-29     1.3982 9.9999e+04  1021.7639    18.2810    21.7520     8.0028    244.761    7.85232  240.15908    101.916 0.0000e+00
   40.56992 -9.990e-29      2.771      2.749    18.2806    30.4873 -9.990e-29     1.3982 9.9999e+04  1021.7623    18.2801    21.7511     8.0067    244.880    7.85226  240.15737    101.967 0.0000e+00
   40.56992 -9.990e-29      2.780      2.759    18.2780    30.4873 -9.990e-29     1.3982 9.9999e+04  1021.7626    18.2775    21.7517     8.0064    244.871    7.85221  240.15590    101.963 -9.990e-29
   40.56992 -9.990e-29      2.780      2.759    18.2745    30.4866 -9.990e-29     1.3982 9.9999e+04  1021.7663    18.2741    21.7535     8.0062    244.865    7.85225  240.15725    101.960 -9.990e-29
   40.56992 -9.990e-29      2.791      2.770    18.2733    30.4866 -9.990e-29     1.3982 9.9999e+04  1021.7686    18.2729    21.7545     8.0060    244.859    7.85228  240.15814    101.957 0.0000e+00
   40.56992 -9.990e-29      2.801      2.779    18.2736    30.4866 -9.990e-29     1.3982 9.9999e+04  1021.7659    18.2732    21.7533     8.0054    244.840    7.85232  240.15953    101.949 0.0000e+00
   40.56992 -9.990e-29      2.811      2.789    18.2726    30.4866 -9.990e-29     1.3982 9.9999e+04  1021.7623    18.2722    21.7519     8.0005    244.690    7.85232  240.15932    101.887 -9.990e-29
   40.56992 -9.990e-29      2.811      2.789    18.2692    30.4866 -9.990e-29     1.3982 9.9999e+04  1021.7634    18.2687    21.7528     7.9997    244.668    7.85221  240.15532    101.879 -9.990e-29
   40.56992 -9.990e-29      2.822      2.800    18.2648    30.4874 -9.990e-29     1.3982 9.9999e+04  1021.7691    18.2644    21.7556     7.9989    244.642    7.85194  240.14729    101.872 -9.990e-29
   40.56992 -9.990e-29      2.811      2.789    18.2638    30.4896 -9.990e-29     1.3982 9.9999e+04  1021.7709    18.2633    21.7578     7.9980    244.614    7.85155  240.13575    101.865 -9.990e-29
   40.56992 -9.990e-29      2.822      2.800    18.2631    30.4896 -9.990e-29     1.3982 9.9999e+04  1021.7712    18.2626    21.7585     7.9973    244.593    7.85135  240.12988    101.859 -9.990e-29
   40.56992 -9.990e-29      2.822      2.800    18.2626    30.4896 -9.990e-29     1.3847 9.9999e+04  1021.7709    18.2621    21.7582     7.9921    244.433    7.85126  240.12752    101.793 -9.990e-29
   40.56992 -9.990e-29      2.822      2.800    18.2615    30.4883 -9.990e-29     1.3847 9.9999e+04  1021.7701    18.2611    21.7575     7.9912    244.406    7.85121  240.12584    101.783 -9.990e-29
   40.56992 -9.990e-29      2.831      2.809    18.2593    30.4864 -9.990e-29     1.3847 9.9999e+04  1021.7688    18.2588    21.7566     7.9903    244.380    7.85113  240.12306    101.773 -9.990e-29
   40.56992 -9.990e-29      2.831      2.809    18.2555    30.4864 -9.990e-29     1.3847 9.9999e+04  1021.7677    18.2550    21.7564     7.9893    244.347    7.85081  240.11305    101.763 -9.990e-29
   40.56992 -9.990e-29      2.822      2.800    18.2507    30.4864 -9.990e-29     1.3847 9.9999e+04  1021.7692    18.2502    21.7576     7.9882    244.315    7.85044  240.10167    101.755 -9.990e-29
