CalculateIndicators/WaterTemperature/Data/CTD_NYOS/20231003_C08.cnv
* Sea-Bird SBE 9 Data File:
* FileName = C:\Seabird 9 CTD\Data\2023\202309_offshore\20231003_C08.hex
* Software Version Seasave V 7.23.2
* Temperature SN = 4590
* Conductivity SN = 3228
* Number of Bytes Per Scan = 44
* Number of Voltage Words = 5
* Number of Scans Averaged by the Deck Unit = 1
* NMEA Latitude = 39 06.83 N
* NMEA Longitude = 072 25.28 W
* NMEA UTC (Time) = Oct 03 2023  23:05:03
* NMEA baud rate = 4800
** Ship: seawolf
** Station: 8.7
** Operator: TCM
# nquan = 18
# nvalues = 19590                       
# units = specified
# name 0 = latitude: Latitude [deg]
# name 1 = longitude: Longitude [deg]
# name 2 = prDM: Pressure, Digiquartz [db]
# name 3 = depSM: Depth [salt water, m]
# name 4 = t090C: Temperature [ITS-90, deg C]
# name 5 = sal00: Salinity, Practical [PSU]
# name 6 = ph: pH
# name 7 = flECO-AFL: Fluorescence, WET Labs ECO-AFL/FL [mg/m^3]
# name 8 = cpar: CPAR/Corrected Irradiance [%]
# name 9 = density00: Density [density, kg/m^3]
# name 10 = potemp090C: Potential Temperature [ITS-90, deg C]
# name 11 = sigma-é00: Density [sigma-theta, kg/m^3]
# name 12 = sbeox0Mg/L: Oxygen, SBE 43 [mg/l]
# name 13 = sbox0Mm/Kg: Oxygen, SBE 43 [umol/kg]
# name 14 = oxsolMg/L: Oxygen Saturation, Garcia & Gordon [mg/l]
# name 15 = oxsolMm/Kg: Oxygen Saturation, Garcia & Gordon [umol/kg]
# name 16 = sbeox0PS: Oxygen, SBE 43 [% saturation]
# name 17 = flag:  0.000e+00
# span 0 =   39.11372,   39.11396       
# span 1 =  -72.42284,  -72.42132       
# span 2 =      1.423,    103.184       
# span 3 =      1.412,    102.376       
# span 4 =    14.2904,    23.8625       
# span 5 =    34.0934,    35.8689       
# span 6 =      7.848,      8.077       
# span 7 =    -0.0927,     0.6863       
# span 8 = 5.0640e-11, 9.9999e+04       
# span 9 =  1023.7511,  1027.1665       
# span 10 =    14.2813,    23.8621      
# span 11 =    23.7317,    26.7120      
# span 12 =     4.9295,     6.7602      
# span 13 =    150.056,    206.044      
# span 14 =    6.90119,    8.26280      
# span 15 =  210.66304,  251.68516      
# span 16 =     60.966,     94.937      
# span 17 = 0.0000e+00, 0.0000e+00      
# interval = seconds: 0.0416667
# start_time = Oct 03 2023 23:05:05 [System UTC, first data scan.]
# bad_flag = -9.990e-29
*END*
[from data line 13749]
   39.11378  -72.42238     39.741     39.436    21.8177    35.0634      8.002     0.6057 9.9999e+04  1024.4897    21.8099    24.3199     6.4764    197.568    7.19089  219.36446     90.064 -9.990e-29
   39.11378  -72.42238     39.745     39.440    21.8162    35.0476      8.002     0.6057 5.0640e-11  1024.4787    21.8084    24.3084     6.4789    197.639    7.19073  219.35236     90.101 -9.990e-29
   39.11378  -72.42238     39.745     39.440    21.8094    35.0321      8.002     0.6326 9.9999e+04  1024.4662    21.8016    24.2990     6.4771    197.579    7.18965  219.31426     90.090 -9.990e-29
   39.11378  -72.42238     39.741     39.436    21.7923    35.0321      8.002     0.6595 5.0640e-11  1024.4593    21.7845    24.2966     6.4709    197.389    7.18829  219.27219     90.020 -9.990e-29
   39.11378  -72.42238     39.745     39.440    21.7646    35.0321      8.002     0.6729 5.0640e-11  1024.4722    21.7568    24.3047     6.4694    197.348    7.18779  219.26190     90.005 -9.990e-29
   39.11378  -72.42238     39.750     39.445    21.7431    35.0366      8.002     0.6729 9.9999e+04  1024.4915    21.7353    24.3183     6.4748    197.529    7.19061  219.36498     90.046 -9.990e-29
   39.11378  -72.42238     39.755     39.449    21.7320    35.0407      8.002     0.6729 9.9999e+04  1024.5045    21.7243    24.3279     6.4745    197.532    7.19602  219.54586     89.973 -9.990e-29
   39.11378  -72.42238     39.761     39.456    21.7281    35.0407      8.002     0.6729 5.0640e-11  1024.5016    21.7203    24.3299     6.4782    197.644    7.20124  219.70463     89.959 -9.990e-29
   39.11378  -72.42238     39.755     39.449    21.7202    35.0407      8.002     0.6729 9.9999e+04  1024.4968    21.7124    24.3295     6.4856    197.866    7.20579  219.83905     90.005 -9.990e-29
   39.11378  -72.42238     39.766     39.460    21.7078    35.0402      8.002     0.6729 9.9999e+04  1024.5022    21.7001    24.3320     6.4896    197.987    7.21047  219.98028     90.002 -9.990e-29
   39.11378  -72.42238     39.761     39.456    21.6972    35.0401      8.002     0.6729 5.0640e-11  1024.5091    21.6894    24.3346     6.4939    198.119    7.21546  220.13199     90.000 -9.990e-29
   39.11378  -72.42238     39.775     39.470    21.6901    35.0284      8.002     0.6729 5.0640e-11  1024.5106    21.6824    24.3278     6.4985    198.258    7.22058  220.28885     89.999 -9.990e-29
   39.11378  -72.42238     39.781     39.475    21.6861    34.9921      8.002     0.6729 9.9999e+04  1024.4838    21.6783    24.3021     6.5032    198.405    7.22587  220.45252     89.999 -9.990e-29
   39.11378  -72.42238     39.775     39.470    21.6799    34.9401      8.002     0.6729 9.9999e+04  1024.4242    21.6721    24.2663     6.5077    198.539    7.23082  220.60102     89.999 -9.990e-29
   39.11378  -72.42238     39.792     39.486    21.6523    34.9252      8.007     0.6729 9.9999e+04  1024.3984    21.6445    24.2467     6.5115    198.646    7.23451  220.70425     90.006 -9.990e-29
   39.11378  -72.42238     39.785     39.479    21.6058    34.9252      8.007     0.6729 5.0640e-11  1024.4175    21.5980    24.2565     6.5141    198.720    7.23730  220.78060     90.008 -9.990e-29
   39.11378  -72.42238     39.796     39.490    21.5560    34.9252      8.007     0.6729 5.0640e-11  1024.4551    21.5483    24.2859     6.5211    198.927    7.23954  220.84424     90.076 -9.990e-29
   39.11378  -72.42238     39.801     39.496    21.5127    34.9554      8.007     0.6729 5.0640e-11  1024.4941    21.5050    24.3201     6.5195    198.877    7.24142  220.89885     90.031 -9.990e-29
   39.11378  -72.42238     39.806     39.500    21.4819    34.9841      8.007     0.6729 9.9999e+04  1024.5247    21.4742    24.3506     6.5264    199.089    7.24350  220.96249     90.101 -9.990e-29
   39.11378  -72.42238     39.822     39.516    21.4603    35.0069      8.007     0.6729 5.0640e-11  1024.5502    21.4526    24.3742     6.5299    199.196    7.24602  221.04102     90.117 -9.990e-29
   39.11378  -72.42238     39.817     39.511    21.4464    35.0215      8.007     0.6729 9.9999e+04  1024.5645    21.4387    24.3897     6.5336    199.308    7.24874  221.12385     90.134 -9.990e-29
   39.11378  -72.42238     39.832     39.526    21.4356    35.0283      8.007     0.6729 5.0640e-11  1024.5713    21.4279    24.3984     6.5370    199.411    7.25111  221.19395     90.152 -9.990e-29
   39.11384  -72.42228     39.826     39.520    21.4234    35.0305      8.007     0.6729 9.9999e+04  1024.5747    21.4157    24.4033     6.5357    199.367    7.25290  221.24504     90.111 -9.990e-29
   39.11384  -72.42228     39.836     39.530    21.4117    35.0314      8.007     0.6729 9.9999e+04  1024.5779    21.4040    24.4071     6.5426    199.574    7.25455  221.29262     90.186 -9.990e-29
   39.11384  -72.42228     39.852     39.546    21.4017    35.0353      8.008     0.6729 5.0640e-11  1024.5802    21.3940    24.4126     6.5420    199.558    7.25698  221.36884     90.147 -9.990e-29
   39.11384  -72.42228     39.857     39.551    21.3951    35.0530      8.008     0.6729 9.9999e+04  1024.5864    21.3874    24.4279     6.5506    199.825    7.26047  221.47869     90.223 -9.990e-29
   39.11384  -72.42228     39.862     39.556    21.3891    35.0888      8.008     0.6729 5.0640e-11  1024.6301    21.3814    24.4558     6.5508    199.832    7.26409  221.58965     90.181 -9.990e-29
   39.11384  -72.42228     39.868     39.562    21.3951    35.1240      8.008     0.6729 5.0640e-11  1024.6641    21.3874    24.4813     6.5547    199.949    7.26730  221.68547     90.195 -9.990e-29
   39.11384  -72.42228     39.868     39.562    21.4091    35.1303      8.008     0.6729 5.0640e-11  1024.6684    21.4014    24.4912     6.5538    199.917    7.26988  221.76081     90.150 -9.990e-29
   39.11384  -72.42228     39.883     39.577    21.4230    35.1303      8.007     0.6729 5.0640e-11  1024.6628    21.4153    24.4877     6.5565    199.999    7.27210  221.82594     90.160 -9.990e-29
   39.11384  -72.42228     39.898     39.592    21.4374    35.1303      8.007     0.6729 5.0640e-11  1024.6519    21.4296    24.4752     6.5589    200.069    7.27421  221.88825     90.167 -9.990e-29
   39.11384  -72.42228     39.894     39.588    21.4540    35.1095      8.007     0.6729 5.0640e-11  1024.6277    21.4462    24.4553     6.5572    200.014    7.27609  221.94336     90.120 -9.990e-29
   39.11384  -72.42228     39.898     39.592    21.4681    35.0859      8.007     0.6729 5.0640e-11  1024.6012    21.4604    24.4341     6.5589    200.064    7.27767  221.98941     90.123 -9.990e-29
   39.11384  -72.42228     39.917     39.611    21.4745    35.0674      8.007     0.6729 5.0640e-11  1024.5865    21.4667    24.4179     6.5603    200.106    7.27892  222.02515     90.128 -9.990e-29
   39.11384  -72.42228     39.924     39.618    21.4768    35.0523      8.007     0.6729 9.9999e+04  1024.5793    21.4690    24.4055     6.5573    200.012    7.27987  222.05271     90.074 -9.990e-29
   39.11384  -72.42228     39.928     39.622    21.4785    35.0523      8.007     0.6729 5.0640e-11  1024.5598    21.4708    24.3958     6.5537    199.902    7.28092  222.08420     90.012 -9.990e-29
   39.11384  -72.42228     39.934     39.627    21.4756    35.0523      8.007     0.6595 9.9999e+04  1024.5546    21.4679    24.4007     6.5543    199.920    7.28212  222.12140     90.005 -9.990e-29
   39.11384  -72.42228     39.949     39.642    21.4593    35.0723      8.007     0.6729 9.9999e+04  1024.5997    21.4515    24.4246     6.5546    199.932    7.28339  222.16050     89.994 -9.990e-29
   39.11384  -72.42228     39.945     39.638    21.4504    35.1017      8.007     0.6729 9.9999e+04  1024.6304    21.4427    24.4486     6.5465    199.684    7.28475  222.20166     89.866 -9.990e-29
   39.11384  -72.42228     39.968     39.661    21.4547    35.1180      8.007     0.6729 5.0640e-11  1024.6333    21.4469    24.4608     6.5504    199.803    7.28619  222.24553     89.902 -9.990e-29
   39.11384  -72.42228     39.968     39.661    21.4607    35.1237      8.007     0.6729 9.9999e+04  1024.6402    21.4529    24.4662     6.5464    199.681    7.28794  222.29927     89.825 -9.990e-29
   39.11384  -72.42228     39.975     39.668    21.4688    35.1237      8.007     0.6729 5.0640e-11  1024.6433    21.4611    24.4664     6.5421    199.550    7.28970  222.35301     89.745 -9.990e-29
   39.11384  -72.42228     40.000     39.693    21.4803    35.1237      8.007     0.6729 9.9999e+04  1024.6340    21.4725    24.4585     6.5417    199.537    7.29123  222.39879     89.720 -9.990e-29
   39.11384  -72.42228     39.985     39.678    21.4920    35.1237      8.007     0.6729 9.9999e+04  1024.6129    21.4842    24.4479     6.5368    199.384    7.29243  222.43346     89.638 -9.990e-29
   39.11384  -72.42228     40.010     39.702    21.4991    35.1237      8.007     0.6729 5.0640e-11  1024.6091    21.4913    24.4460     6.5314    199.217    7.29338  222.46048     89.552 -9.990e-29
   39.11384  -72.42228     40.019     39.712    21.5010    35.1134      8.007     0.6729 9.9999e+04  1024.6306    21.4932    24.4530     6.5295    199.160    7.29415  222.48250     89.517 -9.990e-29
   39.11378  -72.42240     40.026     39.719    21.5084    35.1134      8.007     0.6729 5.0640e-11  1024.6382    21.5007    24.4515     6.5278    199.105    7.29450  222.49115     89.489 -9.990e-29
   39.11378  -72.42240     40.040     39.733    21.5219    35.1119      8.007     0.6729 5.0640e-11  1024.6018    21.5142    24.4353     6.5216    198.915    7.29456  222.49116     89.404 -9.990e-29
   39.11378  -72.42240     40.047     39.739    21.5260    35.1119      8.007     0.6729 5.0640e-11  1024.5790    21.5182    24.4269     6.5149    198.710    7.29465  222.49385     89.310 -9.990e-29
   39.11378  -72.42240     40.051     39.744    21.5140    35.1119      8.007     0.6729 9.9999e+04  1024.6130    21.5062    24.4394     6.5125    198.640    7.29505  222.50713     89.273 -9.990e-29
   39.11378  -72.42240     40.070     39.763    21.5124    35.1119      8.007     0.6595 5.0640e-11  1024.6369    21.5046    24.4550     6.5065    198.455    7.29554  222.52225     89.184 -9.990e-29
   39.11378  -72.42240     40.077     39.770    21.5207    35.1119      8.007     0.6595 9.9999e+04  1024.6399    21.5129    24.4536     6.5043    198.388    7.29577  222.52793     89.152 -9.990e-29
   39.11378  -72.42240     40.091     39.783    21.5331    35.0963      8.007     0.6460 5.0640e-11  1024.6168    21.5253    24.4236     6.5017    198.308    7.29574  222.52635     89.117 -9.990e-29
   39.11378  -72.42240     40.101     39.793    21.5442    35.0243      8.002     0.6595 9.9999e+04  1024.5369    21.5364    24.3678     6.4993    198.235    7.29570  222.52498     89.084 -9.990e-29
   39.11378  -72.42240     40.117     39.809    21.5353    34.9555      8.003     0.6595 5.0640e-11  1024.4625    21.5275    24.3187     6.4932    198.048    7.29575  222.52653     89.000 -9.990e-29
   39.11378  -72.42240     40.121     39.813    21.4978    34.9252      8.007     0.6595 9.9999e+04  1024.4657    21.4900    24.3035     6.4867    197.849    7.29597  222.53381     88.908 -9.990e-29
   39.11378  -72.42240     40.138     39.830    21.4587    34.9210      8.003     0.6595 5.0640e-11  1024.4855    21.4510    24.3101     6.4844    197.779    7.29625  222.54251     88.872 -9.990e-29
   39.11378  -72.42240     40.152     39.843    21.4237    34.9180      8.003     0.6595 9.9999e+04  1024.4924    21.4160    24.3177     6.4827    197.728    7.29662  222.55374     88.845 -9.990e-29
   39.11378  -72.42240     40.163     39.854    21.3879    34.9087      8.003     0.6595 9.9999e+04  1024.4958    21.3801    24.3204     6.4769    197.552    7.29696  222.56430     88.762 -9.990e-29
   39.11378  -72.42240     40.179     39.871    21.3539    34.8939      8.003     0.6595 9.9999e+04  1024.4923    21.3462    24.3186     6.4710    197.371    7.29733  222.57561     88.676 -9.990e-29
   39.11378  -72.42240     40.203     39.894    21.3212    34.8939      8.003     0.6595 5.0640e-11  1024.4824    21.3135    24.3188     6.4736    197.452    7.29773  222.58758     88.707 -9.990e-29
   39.11378  -72.42240     40.210     39.901    21.2828    34.8939      8.003     0.6595 9.9999e+04  1024.4938    21.2750    24.3334     6.4682    197.285    7.29809  222.59873     88.628 -9.990e-29
   39.11378  -72.42240     40.223     39.915    21.2408    34.9143      8.004     0.6595 5.0640e-11  1024.5371    21.2330    24.3643     6.4625    197.112    7.29835  222.60643     88.547 -9.990e-29
   39.11378  -72.42240     40.233     39.924    21.2059    34.9465      8.004     0.6595 5.0640e-11  1024.5780    21.1982    24.3978     6.4610    197.065    7.29856  222.61186     88.524 -9.990e-29
   39.11378  -72.42240     40.261     39.952    21.1817    34.9687      8.004     0.6595 9.9999e+04  1024.6008    21.1740    24.4217     6.4596    197.024    7.29865  222.61405     88.505 -9.990e-29
   39.11378  -72.42240     40.284     39.975    21.1645    34.9687      8.004     0.6595 5.0640e-11  1024.6123    21.1568    24.4337     6.4586    196.990    7.29837  222.60352     88.494 -9.990e-29
   39.11378  -72.42240     40.284     39.975    21.1502    34.9687      7.999     0.6595 5.0640e-11  1024.6123    21.1424    24.4360     6.4525    196.802    7.29736  222.57074     88.422 -9.990e-29
   39.11378  -72.42240     40.312     40.002    21.1359    34.9668      7.999     0.6595 5.0640e-11  1024.6046    21.1281    24.4341     6.4509    196.753    7.29623  222.53517     88.414 -9.990e-29
   39.11378  -72.42240     40.326     40.016    21.1172    34.9668      8.004     0.6460 5.0640e-11  1024.6047    21.1095    24.4357     6.4496    196.714    7.29511  222.50119     88.410 -9.990e-29
   39.11378  -72.42240     40.356     40.046    21.0969    34.9668      7.999     0.6595 5.0640e-11  1024.6153    21.0892    24.4441     6.4444    196.554    7.29405  222.46991     88.351 -9.990e-29
   39.11378  -72.42240     40.363     40.053    21.0783    34.9673      8.000     0.6595 5.0640e-11  1024.6318    21.0706    24.4557     6.4436    196.532    7.29332  222.44808     88.350 -9.990e-29
   39.11378  -72.42240     40.386     40.076    21.0624    34.9673      8.000     0.6595 9.9999e+04  1024.6440    21.0547    24.4622     6.4428    196.508    7.29260  222.42589     88.348 -9.990e-29
   39.11378  -72.42240     40.407     40.097    21.0493    34.9673      8.000     0.6595 5.0640e-11  1024.6349    21.0416    24.4583     6.4428    196.508    7.29203  222.40872     88.354 -9.990e-29
   39.11378  -72.42240     40.423     40.113    21.0315    34.9501      8.000     0.6595 9.9999e+04  1024.6190    21.0238    24.4502     6.4429    196.511    7.29167  222.39758     88.360 -9.990e-29
   39.11378  -72.42240     40.437     40.127    21.0077    34.9487      8.000     0.6595 9.9999e+04  1024.6166    21.0000    24.4484     6.4432    196.518    7.29080  222.36829     88.375 -9.990e-29
   39.11378  -72.42240     40.465     40.154    20.9816    34.9487      8.000     0.6326 9.9999e+04  1024.6275    20.9739    24.4558     6.4421    196.482    7.28838  222.29247     88.389 -9.990e-29
   39.11378  -72.42240     40.479     40.168    20.9580    34.9487      8.000     0.6192 5.0640e-11  1024.6431    20.9503    24.4679     6.4400    196.415    7.28448  222.17034     88.407 -9.990e-29
   39.11378  -72.42240     40.509     40.198    20.9383    34.9569      8.000     0.6192 9.9999e+04  1024.6552    20.9305    24.4797     6.4329    196.200    7.27987  222.03096     88.366 -9.990e-29
   39.11378  -72.42240     40.526     40.214    20.9205    34.9639      8.000     0.6192 5.0640e-11  1024.6642    20.9128    24.4899     6.4315    196.163    7.27691  221.94723     88.383 -9.990e-29
   39.11378  -72.42240     40.539     40.228    20.9039    34.9711      8.000     0.6192 5.0640e-11  1024.6741    20.8962    24.4999     6.4324    196.193    7.27624  221.93241     88.402 -9.990e-29
