CalculateIndicators/WaterTemperature/Data/CTD_NYOS/20230518_C24_r2.cnv
* Sea-Bird SBE 9 Data File:
* FileName = C:\Seabird 9 CTD\Data\2023\202305_offshore\20230518_C26_r2.hex
* Software Version Seasave V 7.23.2
* Temperature SN = 4590
* Conductivity SN = 3228
* Number of Bytes Per Scan = 44
* Number of Voltage Words = 5
* Number of Scans Averaged by the Deck Unit = 1
* NMEA Latitude = 39 55.39 N
* NMEA Longitude = 071 32.80 W
* NMEA UTC (Time) = May 18 2023  08:52:34
* NMEA baud rate = 4800
** Ship: Seawolf
** Station: 11.6
** Operator: TDK
# nquan = 18
# nvalues = 350                         
# units = specified
# name 0 = latitude: Latitude [deg]
# name 1 = longitude: Longitude [deg]
# name 2 = prDM: Pressure, Digiquartz [db]
# name 3 = depSM: Depth [salt water, m]
# name 4 = t090C: Temperature [ITS-90, deg C]
# name 5 = sal00: Salinity, Practical [PSU]
# name 6 = ph: pH
# name 7 = flECO-AFL: Fluorescence, WET Labs ECO-AFL/FL [mg/m^3]
# name 8 = cpar: CPAR/Corrected Irradiance [%]
# name 9 = density00: Density [density, kg/m^3]
# name 10 = potemp090C: Potential Temperature [ITS-90, deg C]
# name 11 = sigma-100: Density [sigma-1, kg/m^3 ]
# name 12 = sbeox0Mg/L: Oxygen, SBE 43 [mg/l]
# name 13 = sbox0Mm/Kg: Oxygen, SBE 43 [umol/kg]
# name 14 = oxsolMg/L: Oxygen Saturation, Garcia & Gordon [mg/l]
# name 15 = oxsolMm/Kg: Oxygen Saturation, Garcia & Gordon [umol/kg]
# name 16 = sbeox0PS: Oxygen, SBE 43 [% saturation]
# name 17 = flag: flag
# span 0 =   39.92038,   39.92329       
# span 1 =  -71.55463,  -71.54680       
# span 2 =      2.000,    177.000       
# span 3 =      1.985,    175.570       
# span 4 =     8.0801,    13.9365       
# span 5 =    32.9741,    35.6356       
# span 6 =      7.914,      8.165       
# span 7 =    -0.0948,     1.4602       
# span 8 = -6.547e+03, 1.0110e+05       
# span 9 =  1024.9926,  1027.5264       
# span 10 =     8.0752,    13.9154      
# span 11 =    29.3991,    31.1218      
# span 12 =     5.7662,     9.6353      
# span 13 =    175.504,    293.678      
# span 14 =    8.27795,    9.50749      
# span 15 =  251.96289,  289.57630      
# span 16 =     69.235,    107.946      
# span 17 = 0.0000e+00, 0.0000e+00      
# interval = decibars: 1                
# start_time = May 18 2023 08:52:35 [System UTC, first data scan.]
# bad_flag = -9.990e-29
*END*
[from data line 322]
   39.92053  -71.55430     29.000     28.776     8.4584    33.2216      7.964     0.6586 5.0584e+01  1025.9410     8.4555    30.3110     8.4817    258.395    9.38630  285.95409     90.362 0.0000e+00
   39.92053  -71.55429     28.000     27.784     8.5288    33.2311      7.967     0.7024 5.0585e-11  1025.9338     8.5260    30.3067     8.5064    259.147    9.36357  285.26079     90.846 0.0000e+00
   39.92054  -71.55429     27.000     26.792     8.7474    33.2433      7.982     0.8162 4.9894e-11  1025.9053     8.7446    30.2779     8.6097    262.301    9.34827  284.80118     92.100 0.0000e+00
   39.92052  -71.55432     26.000     25.799     8.8940    33.2457      7.997     0.9186 5.0677e-11  1025.8797     8.8913    30.2537     8.7621    266.943    9.34303  284.64135     93.782 0.0000e+00
   39.92052  -71.55433     25.000     24.807     8.9366    33.2485      8.003     0.9158 4.9557e-11  1025.8706     8.9340    30.2481     8.7671    267.099    9.32947  284.23231     93.972 0.0000e+00
   39.92054  -71.55432     24.000     23.815     8.9587    33.2504      8.005     1.0071 4.8801e-11  1025.8639     8.9562    30.2455     8.7482    266.541    9.29242  283.12109     94.144 0.0000e+00
   39.92054  -71.55435     23.000     22.823     9.1137    33.2294      8.017     1.0351 5.0591e-11  1025.8188     9.1113    30.2017     8.8598    269.954    9.27259  282.52995     95.549 0.0000e+00
   39.92051  -71.55436     22.000     21.830     9.2933    33.1673      8.023     1.0962 4.7611e-11  1025.7370     9.2909    30.1209     9.1802    279.732    9.22392  281.06480     99.528 0.0000e+00
   39.92048  -71.55438     21.000     20.838     9.4892    33.1360      8.027     1.1034 4.9914e-11  1025.6760     9.4869    30.0605     9.2651    282.361    9.09287  277.11209    101.894 0.0000e+00
   39.92050  -71.55438     20.000     19.846     9.9506    33.1120      8.043     1.2366 5.0678e-11  1025.5779     9.9484    29.9572     9.3972    286.408    9.03819  275.46718    103.972 0.0000e+00
   39.92048  -71.55440     19.000     18.854    10.5065    33.0471      8.085     1.2104 5.0640e-11  1025.4272    10.5043    29.7997     9.5663    291.577    8.98619  273.89509    106.456 0.0000e+00
   39.92047  -71.55442     18.000     17.861    10.7361    33.0441      8.099     1.2980 5.0640e-11  1025.3806    10.7340    29.7528     9.5451    290.959    8.90682  271.50128    107.167 0.0000e+00
   39.92048  -71.55443     17.000     16.869    11.2006    33.0172      8.119     1.2802 4.7435e-11  1025.2727    11.1985    29.6401     9.5472    291.037    8.86347  270.19565    107.713 0.0000e+00
   39.92048  -71.55444     16.000     15.877    11.3837    32.9978      8.125     1.2767 4.9556e-11  1025.2201    11.3817    29.5884     9.5406    290.836    8.86200  270.14989    107.657 0.0000e+00
   39.92046  -71.55444     15.000     14.885    11.4439    32.9976      8.136     1.2955 2.3114e+04  1025.2045    11.4420    29.5760     9.5100    289.909    8.84735  269.70782    107.490 0.0000e+00
   39.92044  -71.55448     14.000     13.892    11.6557    32.9943      8.147     1.3310 3.2740e+01  1025.1584    11.6539    29.5301     9.4910    289.348    8.79238  268.04871    107.946 0.0000e+00
   39.92044  -71.55448     13.000     12.900    11.6928    32.9907      8.148     1.3167 5.0640e-11  1025.1445    11.6912    29.5200     9.4688    288.673    8.77940  267.65553    107.852 0.0000e+00
   39.92044  -71.55448     12.000     11.908    11.7477    32.9910      8.150     1.2808 5.0640e-11  1025.1303    11.7462    29.5091     9.4509    288.132    8.77092  267.40127    107.753 0.0000e+00
   39.92041  -71.55451     11.000     10.915    11.9736    32.9822      8.149     1.1494 4.6815e-11  1025.0766    11.9722    29.4554     9.3454    284.923    8.74246  266.54123    106.897 0.0000e+00
   39.92041  -71.55452     10.000      9.923    12.0693    32.9806      8.149     1.1050 4.5906e-11  1025.0533    12.0680    29.4347     9.3469    284.976    8.72865  266.12563    107.083 0.0000e+00
   39.92042  -71.55452      9.000      8.931    12.1183    32.9758      8.149     1.1133 4.8955e-11  1025.0356    12.1171    29.4204     9.3361    284.644    8.72779  266.09912    106.969 0.0000e+00
   39.92044  -71.55452      8.000      7.939    12.1613    32.9746      8.149     1.0611 4.9736e-11  1025.0220    12.1603    29.4105     9.2943    283.372    8.72737  266.08627    106.496 0.0000e+00
   39.92040  -71.55455      7.000      6.946    12.1745    32.9746      8.148     1.0007 4.9541e-11  1025.0150    12.1736    29.4077     9.2830    283.026    8.72607  266.04684    106.382 0.0000e+00
   39.92039  -71.55457      6.000      5.954    12.1802    32.9761      8.148     1.0255 5.2815e-01  1025.0106    12.1795    29.4076     9.2862    283.124    8.72358  265.97133    106.449 0.0000e+00
   39.92040  -71.55456      5.000      4.962    12.1898    32.9766      8.148     0.9917 2.7752e+00  1025.0047    12.1891    29.4060     9.2910    283.270    8.72324  265.96099    106.508 0.0000e+00
   39.92040  -71.55458      4.000      3.969    12.1960    32.9766      8.148     1.0051 5.4416e+00  1024.9990    12.1955    29.4047     9.2680    282.569    8.72371  265.97509    106.239 0.0000e+00
   39.92038  -71.55460      3.000      2.977    12.1923    32.9773      8.148     0.9672 7.7556e+00  1024.9957    12.1919    29.4059     9.2745    282.768    8.72352  265.96912    106.316 0.0000e+00
   39.92038  -71.55463      2.000      1.985    12.1924    32.9791      8.153     1.0276 2.5173e+01  1024.9926    12.1921    29.4073     9.2746    282.770    8.72333  265.96322    106.319 0.0000e+00
