CalculateIndicators/WaterTemperature/Data/CTD_NYOS/20231004_C10.cnv
* Sea-Bird SBE 9 Data File:
* FileName = C:\Seabird 9 CTD\Data\2023\202309_offshore\20231004_C10.hex
* Software Version Seasave V 7.23.2
* Temperature SN = 4590
* Conductivity SN = 3228
* Number of Bytes Per Scan = 44
* Number of Voltage Words = 5
* Number of Scans Averaged by the Deck Unit = 1
* NMEA Latitude = 39 19.31 N
* NMEA Longitude = 072 05.19 W
* NMEA UTC (Time) = Oct 04 2023  03:26:22
* NMEA baud rate = 4800
** Ship: seawolf
** Station: 9.7
** Operator: TCM
# nquan = 18
# nvalues = 17562                       
# units = specified
# name 0 = latitude: Latitude [deg]
# name 1 = longitude: Longitude [deg]
# name 2 = prDM: Pressure, Digiquartz [db]
# name 3 = depSM: Depth [salt water, m]
# name 4 = t090C: Temperature [ITS-90, deg C]
# name 5 = sal00: Salinity, Practical [PSU]
# name 6 = ph: pH
# name 7 = flECO-AFL: Fluorescence, WET Labs ECO-AFL/FL [mg/m^3]
# name 8 = cpar: CPAR/Corrected Irradiance [%]
# name 9 = density00: Density [density, kg/m^3]
# name 10 = potemp090C: Potential Temperature [ITS-90, deg C]
# name 11 = sigma-é00: Density [sigma-theta, kg/m^3]
# name 12 = sbeox0Mg/L: Oxygen, SBE 43 [mg/l]
# name 13 = sbox0Mm/Kg: Oxygen, SBE 43 [umol/kg]
# name 14 = oxsolMg/L: Oxygen Saturation, Garcia & Gordon [mg/l]
# name 15 = oxsolMm/Kg: Oxygen Saturation, Garcia & Gordon [umol/kg]
# name 16 = sbeox0PS: Oxygen, SBE 43 [% saturation]
# name 17 = flag:  0.000e+00
# span 0 =   39.32040,   39.32190       
# span 1 =  -72.08818,  -72.08660       
# span 2 =      2.088,    101.591       
# span 3 =      2.072,    100.794       
# span 4 =    14.3892,    23.2316       
# span 5 =    34.1329,    35.9096       
# span 6 =      7.848,      8.074       
# span 7 =    -0.0927,     0.4849       
# span 8 = 5.0640e-11, 9.9999e+04       
# span 9 =  1024.0665,  1027.1412       
# span 10 =    14.3742,    23.2306      
# span 11 =    24.0374,    26.6933      
# span 12 =     4.8780,     6.7656      
# span 13 =    148.485,    206.270      
# span 14 =    6.96926,    8.22708      
# span 15 =  212.67168,  250.59505      
# span 16 =     60.468,     94.726      
# span 17 = 0.0000e+00, 0.0000e+00      
# interval = seconds: 0.0416667
# start_time = Oct 04 2023 03:26:23 [System UTC, first data scan.]
# bad_flag = -9.990e-29
*END*
[from data line 3458]
   39.32164  -72.08686     67.627     67.102    15.1793    35.5627 -9.990e-29     0.0013 5.0640e-11  1026.6646    15.1690    26.3678     5.2486    159.802    8.07815  245.95331     64.973 -9.990e-29
   39.32164  -72.08686     67.642     67.117    15.1778    35.5628 -9.990e-29     0.0013 5.0640e-11  1026.6662    15.1674    26.3690     5.2444    159.675    8.07812  245.95218     64.921 -9.990e-29
   39.32164  -72.08686     67.627     67.102    15.1766    35.5644 -9.990e-29     0.0148 5.0640e-11  1026.6673    15.1662    26.3704     5.2442    159.667    8.07807  245.95035     64.918 -9.990e-29
   39.32164  -72.08686     67.637     67.112    15.1754    35.5665 -9.990e-29     0.0148 5.0640e-11  1026.6692    15.1651    26.3723     5.2439    159.660    8.07803  245.94905     64.916 -9.990e-29
   39.32164  -72.08686     67.637     67.112    15.1747    35.5692 -9.990e-29     0.0013 5.0640e-11  1026.6719    15.1644    26.3745     5.2486    159.804    8.07802  245.94864     64.974 -9.990e-29
   39.32164  -72.08686     67.637     67.112    15.1744    35.5713 -9.990e-29     0.0013 5.0640e-11  1026.6743    15.1640    26.3762     5.2440    159.663    8.07799  245.94753     64.917 -9.990e-29
   39.32164  -72.08686     67.637     67.112    15.1752    35.5722 -9.990e-29     0.0148 5.0640e-11  1026.6743    15.1648    26.3768     5.2438    159.656    8.07792  245.94564     64.915 -9.990e-29
   39.32164  -72.08686     67.642     67.117    15.1759    35.5723 -9.990e-29     0.0148 5.0640e-11  1026.6740    15.1656    26.3767     5.2437    159.652    8.07793  245.94572     64.914 -9.990e-29
   39.32164  -72.08686     67.637     67.112    15.1764    35.5723 -9.990e-29     0.0148 5.0640e-11  1026.6736    15.1661    26.3766     5.2439    159.660    8.07771  245.93838     64.919 -9.990e-29
   39.32164  -72.08686     67.658     67.132    15.1758    35.5723 -9.990e-29     0.0148 5.0640e-11  1026.6741    15.1655    26.3768     5.2437    159.653    8.07749  245.93113     64.918 -9.990e-29
   39.32164  -72.08686     67.658     67.132    15.1754    35.5722 -9.990e-29     0.0282 5.0640e-11  1026.6746    15.1650    26.3768     5.2436    159.648    8.07736  245.92725     64.917 -9.990e-29
   39.32164  -72.08686     67.658     67.132    15.1752    35.5719 -9.990e-29     0.0148 5.0640e-11  1026.6740    15.1649    26.3765     5.2484    159.795    8.07722  245.92285     64.978 -9.990e-29
   39.32164  -72.08686     67.678     67.153    15.1755    35.5710 -9.990e-29     0.0282 5.0640e-11  1026.6731    15.1652    26.3758     5.2438    159.656    8.07708  245.91858     64.922 -9.990e-29
   39.32164  -72.08686     67.678     67.153    15.1759    35.5703 -9.990e-29     0.0148 5.0640e-11  1026.6726    15.1656    26.3752     5.2437    159.652    8.07689  245.91263     64.922 -9.990e-29
   39.32164  -72.08686     67.673     67.147    15.1759    35.5693 -9.990e-29     0.0148 5.0640e-11  1026.6722    15.1656    26.3744     5.2436    159.649    8.07676  245.90870     64.922 -9.990e-29
   39.32164  -72.08686     67.678     67.153    15.1760    35.5677 -9.990e-29     0.0148 5.0640e-11  1026.6708    15.1657    26.3731     5.2441    159.665    8.07669  245.90642     64.929 0.0000e+00
   39.32164  -72.08686     67.699     67.174    15.1759    35.5649 -9.990e-29     0.0282 5.0640e-11  1026.6694    15.1655    26.3709     5.2441    159.665    8.07656  245.90274     64.930 -9.990e-29
   39.32164  -72.08686     67.699     67.174    15.1763    35.5600 -9.990e-29     0.0148 5.0640e-11  1026.6659    15.1659    26.3672     5.2442    159.669    8.07660  245.90398     64.931 -9.990e-29
   39.32164  -72.08686     67.709     67.183    15.1755    35.5533 -9.990e-29     0.0148 5.0640e-11  1026.6590    15.1652    26.3622     5.2443    159.671    8.07655  245.90285     64.933 -9.990e-29
   39.32164  -72.08686     67.709     67.183    15.1739    35.5533 -9.990e-29     0.0282 5.0640e-11  1026.6531    15.1635    26.3591     5.2494    159.826    8.07657  245.90329     64.995 -9.990e-29
   39.32164  -72.08686     67.730     67.204    15.1711    35.5533 -9.990e-29     0.0148 5.0640e-11  1026.6568    15.1608    26.3608     5.2502    159.850    8.07673  245.90853     65.004 0.0000e+00
   39.32164  -72.08686     67.745     67.219    15.1687    35.5569 -9.990e-29     0.0282 5.0640e-11  1026.6634    15.1584    26.3662     5.2461    159.725    8.07700  245.91753     64.951 0.0000e+00
   39.32164  -72.08686     67.750     67.224    15.1681    35.5662 -9.990e-29     0.0148 5.0640e-11  1026.6702    15.1578    26.3736     5.2464    159.737    8.07733  245.92796     64.953 0.0000e+00
   39.32164  -72.08686     67.770     67.243    15.1683    35.5770 -9.990e-29     0.0148 5.0640e-11  1026.6808    15.1579    26.3819     5.2469    159.750    8.07769  245.93883     64.955 0.0000e+00
   39.32164  -72.08686     67.790     67.264    15.1692    35.5858 -9.990e-29     0.0148 5.0640e-11  1026.6887    15.1588    26.3885     5.2472    159.761    8.07793  245.94605     64.958 -9.990e-29
   39.32164  -72.08686     67.790     67.264    15.1713    35.5905 -9.990e-29     0.0148 5.0640e-11  1026.6909    15.1609    26.3918     5.2476    159.772    8.07816  245.95266     64.960 -9.990e-29
   39.32164  -72.08686     67.821     67.294    15.1729    35.5914 -9.990e-29     0.0282 5.0640e-11  1026.6911    15.1625    26.3926     5.2480    159.783    8.07833  245.95720     64.964 0.0000e+00
   39.32164  -72.08686     67.832     67.305    15.1742    35.5914 -9.990e-29     0.0148 5.0640e-11  1026.6906    15.1638    26.3923     5.2488    159.809    8.07841  245.95911     64.974 0.0000e+00
   39.32164  -72.08686     67.858     67.331    15.1757    35.5914 -9.990e-29     0.0282 5.0640e-11  1026.6896    15.1653    26.3915     5.2486    159.802    8.07844  245.95973     64.971 0.0000e+00
   39.32164  -72.08686     67.872     67.345    15.1766    35.5909 -9.990e-29     0.0148 5.0640e-11  1026.6890    15.1662    26.3909     5.2484    159.796    8.07850  245.96128     64.968 0.0000e+00
   39.32164  -72.08686     67.893     67.366    15.1773    35.5909 -9.990e-29     0.0148 5.0640e-11  1026.6888    15.1669    26.3905     5.2488    159.807    8.07857  245.96314     64.972 0.0000e+00
   39.32164  -72.08686     67.913     67.386    15.1776    35.5909 -9.990e-29     0.0148 5.0640e-11  1026.6885    15.1672    26.3904     5.2491    159.816    8.07854  245.96212     64.976 0.0000e+00
   39.32164  -72.08686     67.934     67.407    15.1773    35.5906 -9.990e-29     0.0282 5.0640e-11  1026.6895    15.1669    26.3907     5.2489    159.808    8.07848  245.95979     64.973 0.0000e+00
   39.32164  -72.08686     67.955     67.427    15.1774    35.5906 -9.990e-29     0.0148 5.0640e-11  1026.6897    15.1671    26.3907     5.2437    159.651    8.07844  245.95833     64.910 0.0000e+00
   39.32164  -72.08686     67.985     67.458    15.1777    35.5905 -9.990e-29     0.0282 5.0640e-11  1026.6890    15.1674    26.3903     5.2484    159.795    8.07838  245.95646     64.969 0.0000e+00
   39.32164  -72.08686     67.995     67.467    15.1781    35.5898 -9.990e-29     0.0282 5.0640e-11  1026.6886    15.1677    26.3897     5.2488    159.806    8.07831  245.95398     64.974 0.0000e+00
   39.32164  -72.08686     68.032     67.504    15.1785    35.5892 -9.990e-29     0.0282 5.0640e-11  1026.6880    15.1681    26.3891     5.2486    159.801    8.07825  245.95217     64.972 0.0000e+00
   39.32164  -72.08686     68.057     67.529    15.1782    35.5892 -9.990e-29     0.0148 5.0640e-11  1026.6877    15.1678    26.3888     5.2484    159.793    8.07811  245.94769     64.970 0.0000e+00
   39.32164  -72.08686     68.078     67.549    15.1776    35.5892 -9.990e-29     0.0282 5.0640e-11  1026.6879    15.1672    26.3890     5.2482    159.787    8.07798  245.94323     64.969 0.0000e+00
   39.32164  -72.08686     68.118     67.589    15.1764    35.5892 -9.990e-29     0.0148 5.0640e-11  1026.6889    15.1660    26.3896     5.2480    159.782    8.07793  245.94223     64.967 0.0000e+00
   39.32164  -72.08686     68.149     67.619    15.1752    35.5899 -9.990e-29     0.0148 5.0640e-11  1026.6900    15.1648    26.3904     5.2429    159.627    8.07790  245.94102     64.904 0.0000e+00
   39.32164  -72.08686     68.180     67.651    15.1742    35.5906 -9.990e-29     0.0148 5.0640e-11  1026.6909    15.1637    26.3912     5.2422    159.605    8.07779  245.93750     64.896 0.0000e+00
   39.32164  -72.08686     68.200     67.670    15.1735    35.5913 -9.990e-29     0.0148 -9.990e-29  1026.6914    15.1631    26.3919     5.2421    159.600    8.07767  245.93374     64.896 0.0000e+00
   39.32164  -72.08686     68.251     67.721    15.1722    35.5921 -9.990e-29     0.0148 -9.990e-29  1026.6929    15.1618    26.3928     5.2415    159.584    8.07771  245.93531     64.888 0.0000e+00
   39.32164  -72.08686     68.272     67.742    15.1716    35.5928 -9.990e-29     0.0282 -9.990e-29  1026.6936    15.1612    26.3935     5.2415    159.584    8.07772  245.93606     64.888 0.0000e+00
   39.32164  -72.08686     68.313     67.783    15.1710    35.5935 -9.990e-29     0.0148 -9.990e-29  1026.6942    15.1605    26.3941     5.2410    159.568    8.07773  245.93609     64.882 0.0000e+00
   39.32164  -72.08686     68.355     67.824    15.1703    35.5942 -9.990e-29     0.0282 -9.990e-29  1026.6953    15.1599    26.3948     5.2405    159.552    8.07769  245.93475     64.876 0.0000e+00
   39.32164  -72.08686     68.381     67.850    15.1699    35.5951 -9.990e-29     0.0148 -9.990e-29  1026.6959    15.1594    26.3956     5.2356    159.404    8.07766  245.93394     64.816 0.0000e+00
   39.32164  -72.08686     68.425     67.894    15.1696    35.5963 -9.990e-29     0.0148 -9.990e-29  1026.6972    15.1592    26.3966     5.2396    159.526    8.07767  245.93414     64.865 0.0000e+00
   39.32164  -72.08686     68.457     67.925    15.1693    35.5977 -9.990e-29     0.0282 -9.990e-29  1026.6986    15.1588    26.3978     5.2397    159.529    8.07758  245.93139     64.867 0.0000e+00
   39.32164  -72.08686     68.497     67.965    15.1690    35.5992 -9.990e-29     0.0148 -9.990e-29  1026.7002    15.1586    26.3989     5.2393    159.517    8.07749  245.92809     64.863 0.0000e+00
   39.32164  -72.08686     68.539     68.006    15.1689    35.6002 -9.990e-29     0.0282 -9.990e-29  1026.7012    15.1585    26.3997     5.2340    159.356    8.07743  245.92661     64.798 0.0000e+00
   39.32164  -72.08686     68.569     68.037    15.1689    35.6006 -9.990e-29     0.0282 -9.990e-29  1026.7015    15.1585    26.4001     5.2382    159.482    8.07743  245.92677     64.849 0.0000e+00
   39.32164  -72.08686     68.611     68.078    15.1692    35.6008 -9.990e-29     0.0148 -9.990e-29  1026.7016    15.1587    26.4002     5.2335    159.341    8.07743  245.92665     64.792 0.0000e+00
   39.32164  -72.08686     68.651     68.118    15.1696    35.6013 -9.990e-29     0.0282 -9.990e-29  1026.7016    15.1591    26.4005     5.2378    159.470    8.07748  245.92862     64.844 0.0000e+00
   39.32164  -72.08686     68.702     68.168    15.1691    35.6027 -9.990e-29     0.0148 -9.990e-29  1026.7031    15.1586    26.4016     5.2327    159.317    8.07757  245.93158     64.781 0.0000e+00
   39.32164  -72.08686     68.743     68.210    15.1695    35.6050 -9.990e-29     0.0013 -9.990e-29  1026.7056    15.1590    26.4033     5.2321    159.298    8.07761  245.93300     64.773 0.0000e+00
   39.32164  -72.08686     68.785     68.251    15.1701    35.6070 -9.990e-29     0.0013 -9.990e-29  1026.7076    15.1596    26.4047     5.2315    159.281    8.07766  245.93416     64.766 0.0000e+00
   39.32164  -72.08686     68.825     68.291    15.1708    35.6080 -9.990e-29     0.0013 -9.990e-29  1026.7079    15.1603    26.4054     5.2310    159.263    8.07761  245.93252     64.759 0.0000e+00
   39.32164  -72.08686     68.867     68.332    15.1716    35.6085 -9.990e-29     0.0013 -9.990e-29  1026.7082    15.1611    26.4056     5.2304    159.246    8.07756  245.93101     64.752 0.0000e+00
   39.32164  -72.08686     68.908     68.373    15.1724    35.6089 -9.990e-29     0.0013 -9.990e-29  1026.7085    15.1618    26.4058     5.2305    159.248    8.07757  245.93117     64.753 0.0000e+00
   39.32164  -72.08686     68.948     68.413    15.1734    35.6095 -9.990e-29     0.0013 -9.990e-29  1026.7089    15.1628    26.4061     5.2251    159.085    8.07757  245.93123     64.687 0.0000e+00
   39.32164  -72.08686     68.999     68.463    15.1738    35.6102 -9.990e-29     0.0013 -9.990e-29  1026.7098    15.1633    26.4064     5.2292    159.208    8.07752  245.92961     64.737 0.0000e+00
   39.32164  -72.08686     69.041     68.505    15.1742    35.6102 -9.990e-29     0.0013 -9.990e-29  1026.7101    15.1637    26.4065     5.2288    159.198    8.07749  245.92860     64.733 0.0000e+00
   39.32164  -72.08686     69.092     68.555    15.1750    35.6102 -9.990e-29     0.0013 -9.990e-29  1026.7100    15.1645    26.4063     5.2285    159.189    8.07746  245.92757     64.730 0.0000e+00
   39.32162  -72.08690     69.134     68.597    15.1750    35.6097 -9.990e-29     0.0013 -9.990e-29  1026.7097    15.1644    26.4057     5.2283    159.183    8.07745  245.92766     64.727 0.0000e+00
   39.32162  -72.08690     69.174     68.636    15.1757    35.6087 -9.990e-29     0.0013 -9.990e-29  1026.7087    15.1651    26.4050     5.2282    159.178    8.07749  245.92877     64.725 0.0000e+00
   39.32162  -72.08690     69.204     68.667    15.1757    35.6076 -9.990e-29     0.0013 -9.990e-29  1026.7086    15.1651    26.4041     5.2281    159.176    8.07756  245.93129     64.724 0.0000e+00
   39.32162  -72.08690     69.255     68.717    15.1753    35.6055 -9.990e-29     0.0013 -9.990e-29  1026.7074    15.1648    26.4025     5.2285    159.189    8.07750  245.92996     64.729 0.0000e+00
   39.32162  -72.08690     69.276     68.738    15.1750    35.6026 -9.990e-29     0.0148 -9.990e-29  1026.7041    15.1645    26.4004     5.2290    159.205    8.07749  245.93016     64.736 0.0000e+00
   39.32162  -72.08690     69.338     68.800    15.1737    35.6007 -9.990e-29     0.0013 -9.990e-29  1026.7029    15.1631    26.3991     5.2290    159.205    8.07741  245.92785     64.736 0.0000e+00
   39.32162  -72.08690     69.369     68.830    15.1714    35.6007 -9.990e-29     0.0148 -9.990e-29  1026.7036    15.1608    26.3991     5.2291    159.206    8.07735  245.92585     64.737 0.0000e+00
   39.32162  -72.08690     69.410     68.871    15.1696    35.6007 -9.990e-29     0.0013 -9.990e-29  1026.7048    15.1590    26.4000     5.2292    159.210    8.07733  245.92524     64.739 0.0000e+00
   39.32162  -72.08690     69.441     68.901    15.1678    35.6020 -9.990e-29     0.0013 -9.990e-29  1026.7064    15.1572    26.4014     5.2294    159.215    8.07732  245.92482     64.741 0.0000e+00
   39.32162  -72.08690     69.492     68.952    15.1661    35.6039 -9.990e-29     0.0013 -9.990e-29  1026.7085    15.1555    26.4032     5.2246    159.071    8.07730  245.92434     64.683 0.0000e+00
   39.32162  -72.08690     69.543     69.003    15.1649    35.6060 -9.990e-29     0.0148 -9.990e-29  1026.7109    15.1542    26.4052     5.2294    159.215    8.07736  245.92623     64.741 0.0000e+00
   39.32162  -72.08690     69.567     69.026    15.1640    35.6078 -9.990e-29     0.0013 -9.990e-29  1026.7128    15.1534    26.4068     5.2297    159.226    8.07744  245.92878     64.745 0.0000e+00
   39.32162  -72.08690     69.594     69.054    15.1634    35.6091 -9.990e-29     0.0013 -9.990e-29  1026.7137    15.1528    26.4079     5.2302    159.242    8.07761  245.93444     64.750 0.0000e+00
   39.32162  -72.08690     69.645     69.104    15.1626    35.6103 -9.990e-29     0.0013 -9.990e-29  1026.7149    15.1520    26.4090     5.2307    159.258    8.07780  245.94112     64.755 0.0000e+00
