CalculateIndicators/WaterTemperature/Data/CTD_NYOS/20231003_C08.cnv
* Sea-Bird SBE 9 Data File:
* FileName = C:\Seabird 9 CTD\Data\2023\202309_offshore\20231003_C08.hex
* Software Version Seasave V 7.23.2
* Temperature SN = 4590
* Conductivity SN = 3228
* Number of Bytes Per Scan = 44
* Number of Voltage Words = 5
* Number of Scans Averaged by the Deck Unit = 1
* NMEA Latitude = 39 06.83 N
* NMEA Longitude = 072 25.28 W
* NMEA UTC (Time) = Oct 03 2023  23:05:03
* NMEA baud rate = 4800
** Ship: seawolf
** Station: 8.7
** Operator: TCM
# nquan = 18
# nvalues = 19590                       
# units = specified
# name 0 = latitude: Latitude [deg]
# name 1 = longitude: Longitude [deg]
# name 2 = prDM: Pressure, Digiquartz [db]
# name 3 = depSM: Depth [salt water, m]
# name 4 = t090C: Temperature [ITS-90, deg C]
# name 5 = sal00: Salinity, Practical [PSU]
# name 6 = ph: pH
# name 7 = flECO-AFL: Fluorescence, WET Labs ECO-AFL/FL [mg/m^3]
# name 8 = cpar: CPAR/Corrected Irradiance [%]
# name 9 = density00: Density [density, kg/m^3]
# name 10 = potemp090C: Potential Temperature [ITS-90, deg C]
# name 11 = sigma-é00: Density [sigma-theta, kg/m^3]
# name 12 = sbeox0Mg/L: Oxygen, SBE 43 [mg/l]
# name 13 = sbox0Mm/Kg: Oxygen, SBE 43 [umol/kg]
# name 14 = oxsolMg/L: Oxygen Saturation, Garcia & Gordon [mg/l]
# name 15 = oxsolMm/Kg: Oxygen Saturation, Garcia & Gordon [umol/kg]
# name 16 = sbeox0PS: Oxygen, SBE 43 [% saturation]
# name 17 = flag:  0.000e+00
# span 0 =   39.11372,   39.11396       
# span 1 =  -72.42284,  -72.42132       
# span 2 =      1.423,    103.184       
# span 3 =      1.412,    102.376       
# span 4 =    14.2904,    23.8625       
# span 5 =    34.0934,    35.8689       
# span 6 =      7.848,      8.077       
# span 7 =    -0.0927,     0.6863       
# span 8 = 5.0640e-11, 9.9999e+04       
# span 9 =  1023.7511,  1027.1665       
# span 10 =    14.2813,    23.8621      
# span 11 =    23.7317,    26.7120      
# span 12 =     4.9295,     6.7602      
# span 13 =    150.056,    206.044      
# span 14 =    6.90119,    8.26280      
# span 15 =  210.66304,  251.68516      
# span 16 =     60.966,     94.937      
# span 17 = 0.0000e+00, 0.0000e+00      
# interval = seconds: 0.0416667
# start_time = Oct 03 2023 23:05:05 [System UTC, first data scan.]
# bad_flag = -9.990e-29
*END*
[from data line 12463]
   39.11382  -72.42228     47.068     46.706    17.4730    34.6628      7.920     0.5252 9.9999e+04  1025.3550    17.4652    25.1418     6.4736    197.360    7.66996  233.83203     84.402 -9.990e-29
   39.11382  -72.42228     47.068     46.706    17.4678    34.7296      7.920     0.5117 9.9999e+04  1025.4031    17.4599    25.1942     6.4771    197.466    7.66974  233.82519     84.450 -9.990e-29
   39.11382  -72.42228     47.058     46.696    17.4818    34.7903      7.920     0.5252 9.9999e+04  1025.4464    17.4739    25.2373     6.4759    197.428    7.66941  233.81413     84.438 0.0000e+00
   39.11382  -72.42228     47.037     46.675    17.5134    34.8437      7.920     0.5117 5.0640e-11  1025.4855    17.5055    25.2700     6.4741    197.373    7.66839  233.78284     84.426 -9.990e-29
   39.11382  -72.42228     47.036     46.674    17.5740    34.8820      7.919     0.5117 9.9999e+04  1025.5005    17.5660    25.2865     6.4714    197.293    7.66695  233.74005     84.407 -9.990e-29
   39.11382  -72.42228     47.017     46.655    17.6422    34.8820      7.919     0.5252 9.9999e+04  1025.5010    17.6342    25.2830     6.4695    197.236    7.66631  233.72347     84.389 -9.990e-29
   39.11382  -72.42228     47.026     46.665    17.7107    34.8820      7.919     0.5252 5.0640e-11  1025.4703    17.7028    25.2597     6.4689    197.220    7.66713  233.75032     84.372 -9.990e-29
   39.11382  -72.42228     47.007     46.645    17.7647    34.8601      7.919     0.5117 9.9999e+04  1025.4274    17.7567    25.2261     6.4727    197.333    7.66758  233.76271     84.416 0.0000e+00
   39.11382  -72.42228     46.996     46.634    17.8048    34.8342      7.919     0.5252 9.9999e+04  1025.3946    17.7968    25.1960     6.4752    197.409    7.66660  233.73152     84.460 0.0000e+00
   39.11382  -72.42228     46.986     46.625    17.8363    34.8159      7.919     0.5252 9.9999e+04  1025.3776    17.8283    25.1738     6.4683    197.196    7.66478  233.67311     84.390 -9.990e-29
   39.11382  -72.42228     46.997     46.636    17.8645    34.7993      7.923     0.5117 9.9999e+04  1025.3608    17.8565    25.1542     6.4650    197.096    7.66234  233.59697     84.374 -9.990e-29
   39.11382  -72.42228     46.966     46.604    17.8882    34.7797      7.918     0.5117 5.0640e-11  1025.3367    17.8802    25.1336     6.4669    197.153    7.66088  233.55357     84.414 -9.990e-29
   39.11386  -72.42218     46.977     46.615    17.9040    34.7611      7.918     0.5117 9.9999e+04  1025.3157    17.8960    25.1154     6.4656    197.114    7.66053  233.54394     84.401 -9.990e-29
   39.11386  -72.42218     46.955     46.593    17.9130    34.7491      7.918     0.5252 9.9999e+04  1025.3044    17.9050    25.1038     6.4644    197.079    7.66015  233.53381     84.390 -9.990e-29
   39.11386  -72.42218     46.956     46.595    17.9176    34.7469      7.923     0.5117 9.9999e+04  1025.3010    17.9096    25.0988     6.4630    197.038    7.65997  233.53062     84.374 -9.990e-29
   39.11386  -72.42218     46.935     46.574    17.9207    34.7465      7.923     0.5252 5.0640e-11  1025.3018    17.9127    25.0980     6.4667    197.153    7.66075  233.55719     84.413 -9.990e-29
   39.11386  -72.42218     46.935     46.574    17.9252    34.7450      7.923     0.5117 9.9999e+04  1025.3038    17.9172    25.0984     6.4674    197.173    7.66270  233.61532     84.401 -9.990e-29
   39.11386  -72.42218     46.926     46.565    17.9316    34.7450      7.923     0.5117 9.9999e+04  1025.3036    17.9236    25.0967     6.4672    197.166    7.66406  233.65386     84.384 0.0000e+00
   39.11386  -72.42218     46.915     46.554    17.9380    34.7408      7.923     0.5117 9.9999e+04  1025.2971    17.9300    25.0912     6.4712    197.284    7.66474  233.67294     84.428 0.0000e+00
   39.11386  -72.42218     46.905     46.544    17.9398    34.7303      7.923     0.5252 5.0640e-11  1025.2869    17.9318    25.0827     6.4655    197.111    7.66491  233.67591     84.353 0.0000e+00
   39.11386  -72.42218     46.894     46.533    17.9382    34.7303      7.923     0.5117 9.9999e+04  1025.2739    17.9302    25.0770     6.4681    197.191    7.66481  233.67337     84.387 0.0000e+00
   39.11386  -72.42218     46.875     46.514    17.9295    34.7303      7.923     0.5252 9.9999e+04  1025.2804    17.9216    25.0802     6.4666    197.149    7.66524  233.69069     84.363 0.0000e+00
   39.11386  -72.42218     46.854     46.493    17.9261    34.7364      7.923     0.5252 9.9999e+04  1025.2959    17.9181    25.0894     6.4664    197.146    7.66704  233.74977     84.341 -9.990e-29
   39.11386  -72.42218     46.864     46.503    17.9314    34.7463      7.923     0.5520 9.9999e+04  1025.3041    17.9235    25.0960     6.4711    197.291    7.66952  233.82711     84.375 -9.990e-29
   39.11386  -72.42218     46.844     46.484    17.9403    34.7509      7.923     0.5654 9.9999e+04  1025.3016    17.9323    25.0976     6.4720    197.318    7.67225  233.91160     84.356 0.0000e+00
   39.11386  -72.42218     46.822     46.462    17.9513    34.7514      7.923     0.5789 9.9999e+04  1025.3006    17.9433    25.0973     6.4726    197.336    7.67458  233.98104     84.339 0.0000e+00
   39.11386  -72.42218     46.812     46.452    17.9632    34.7514      7.923     0.5789 9.9999e+04  1025.3033    17.9552    25.0952     6.4749    197.396    7.67373  233.94524     84.377 -9.990e-29
   39.11386  -72.42218     46.812     46.452    17.9790    34.7514      7.923     0.5654 5.0640e-11  1025.2932    17.9710    25.0890     6.4647    197.079    7.66908  233.79640     84.295 -9.990e-29
   39.11386  -72.42218     46.782     46.422    17.9916    34.7458      7.923     0.5789 9.9999e+04  1025.2823    17.9836    25.0819     6.4648    197.083    7.66558  233.69049     84.335 -9.990e-29
   39.11386  -72.42218     46.782     46.422    17.9981    34.7430      7.923     0.5789 9.9999e+04  1025.2812    17.9902    25.0777     6.4632    197.036    7.66523  233.68142     84.318 -9.990e-29
   39.11386  -72.42218     46.771     46.411    18.0047    34.7419      7.923     0.5654 5.0640e-11  1025.2786    17.9967    25.0752     6.4621    197.004    7.66532  233.68514     84.303 0.0000e+00
   39.11386  -72.42218     46.742     46.382    18.0116    34.7412      7.923     0.5654 9.9999e+04  1025.2759    18.0037    25.0729     6.4655    197.109    7.66549  233.69360     84.345 -9.990e-29
   39.11386  -72.42218     46.741     46.381    18.0191    34.7398      7.923     0.5654 5.0640e-11  1025.2755    18.0111    25.0701     6.4654    197.110    7.66636  233.72322     84.335 -9.990e-29
   39.11386  -72.42218     46.721     46.362    18.0250    34.7340      7.923     0.5654 5.0640e-11  1025.2706    18.0170    25.0641     6.4651    197.099    7.66723  233.74819     84.321 0.0000e+00
   39.11386  -72.42218     46.701     46.341    18.0310    34.7235      7.922     0.5654 9.9999e+04  1025.2568    18.0230    25.0547     6.4640    197.063    7.66695  233.73751     84.310 0.0000e+00
   39.11386  -72.42218     46.690     46.330    18.0362    34.7186      7.922     0.5654 9.9999e+04  1025.2456    18.0282    25.0471     6.4625    197.019    7.66609  233.71091     84.300 0.0000e+00
   39.11386  -72.42218     46.670     46.311    18.0413    34.7186      7.922     0.5654 5.0640e-11  1025.2471    18.0333    25.0453     6.4607    196.963    7.66506  233.67947     84.288 0.0000e+00
   39.11386  -72.42218     46.659     46.300    18.0495    34.7165      7.922     0.5789 9.9999e+04  1025.2510    18.0415    25.0460     6.4585    196.896    7.66387  233.64245     84.273 0.0000e+00
   39.11386  -72.42218     46.639     46.280    18.0608    34.7165      7.922     0.5789 9.9999e+04  1025.2497    18.0528    25.0442     6.4565    196.835    7.66265  233.60507     84.260 0.0000e+00
   39.11386  -72.42218     46.629     46.270    18.0721    34.7165      7.922     0.5654 9.9999e+04  1025.2409    18.0641    25.0396     6.4547    196.779    7.66138  233.56564     84.250 0.0000e+00
   39.11386  -72.42218     46.598     46.240    18.0783    34.7165      7.922     0.5789 9.9999e+04  1025.2372    18.0703    25.0360     6.4572    196.855    7.65995  233.52339     84.298 0.0000e+00
   39.11386  -72.42218     46.589     46.230    18.0847    34.7165      7.922     0.5654 9.9999e+04  1025.2349    18.0767    25.0365     6.4557    196.812    7.65906  233.49816     84.288 0.0000e+00
   39.11386  -72.42218     46.568     46.210    18.0837    34.7254      7.922     0.5654 9.9999e+04  1025.2433    18.0757    25.0431     6.4545    196.776    7.65871  233.48867     84.276 0.0000e+00
   39.11386  -72.42218     46.547     46.189    18.0819    34.7385      7.922     0.5789 -9.990e-29  1025.2580    18.0740    25.0527     6.4533    196.742    7.65869  233.48984     84.261 0.0000e+00
   39.11386  -72.42218     46.527     46.169    18.0888    34.7489      7.922     0.5654 9.9999e+04  1025.2648    18.0808    25.0595     6.4526    196.725    7.65946  233.51779     84.244 0.0000e+00
   39.11386  -72.42218     46.517     46.159    18.0983    34.7509      7.922     0.5789 9.9999e+04  1025.2651    18.0903    25.0614     6.4534    196.751    7.66160  233.58805     84.230 0.0000e+00
   39.11386  -72.42218     46.485     46.128    18.1056    34.7509      7.922     0.5654 -9.990e-29  1025.2640    18.0976    25.0595     6.4557    196.823    7.66525  233.70124     84.220 0.0000e+00
   39.11386  -72.42218     46.476     46.118    18.1149    34.7509      7.922     0.5386 9.9999e+04  1025.2563    18.1069    25.0553     6.4577    196.886    7.66883  233.81147     84.207 0.0000e+00
   39.11386  -72.42218     46.455     46.098    18.1204    34.7509      7.922     0.5117 9.9999e+04  1025.2521    18.1124    25.0521     6.4639    197.075    7.67209  233.91032     84.252 0.0000e+00
   39.11386  -72.42218     46.425     46.067    18.1215    34.7509      7.922     0.4983 9.9999e+04  1025.2526    18.1135    25.0521     6.4662    197.143    7.67530  234.00758     84.246 0.0000e+00
   39.11386  -72.42218     46.405     46.048    18.1219    34.7495      7.922     0.4983 9.9999e+04  1025.2571    18.1139    25.0537     6.4684    197.211    7.67818  234.09529     84.244 0.0000e+00
   39.11386  -72.42218     46.394     46.037    18.1280    34.7495      7.922     0.5117 9.9999e+04  1025.2577    18.1200    25.0532     6.4659    197.136    7.68111  234.18617     84.179 0.0000e+00
   39.11386  -72.42218     46.364     46.007    18.1389    34.7495      7.922     0.5117 -9.990e-29  1025.2526    18.1309    25.0481     6.4678    197.197    7.68453  234.29268     84.167 0.0000e+00
   39.11386  -72.42218     46.343     45.987    18.1478    34.7408      7.922     0.4983 9.9999e+04  1025.2394    18.1399    25.0401     6.4742    197.390    7.68792  234.39423     84.213 0.0000e+00
   39.11386  -72.42218     46.322     45.966    18.1456    34.7408      7.922     0.5117 9.9999e+04  1025.2316    18.1377    25.0352     6.4747    197.394    7.68941  234.42677     84.203 0.0000e+00
   39.11386  -72.42218     46.292     45.936    18.1408    34.7408      7.922     0.4983 9.9999e+04  1025.2368    18.1328    25.0373     6.4713    197.273    7.68656  234.31820     84.190 0.0000e+00
   39.11386  -72.42218     46.262     45.906    18.1442    34.7472      7.922     0.5117 -9.990e-29  1025.2438    18.1362    25.0443     6.4689    197.188    7.67921  234.08154     84.239 -9.990e-29
   39.11386  -72.42218     46.262     45.906    18.1509    34.7605      7.927     0.5117 -9.990e-29  1025.2564    18.1429    25.0528     6.4661    197.105    7.67071  233.82476     84.296 -9.990e-29
   39.11386  -72.42218     46.220     45.865    18.1636    34.7675      7.922     0.4983 9.9999e+04  1025.2632    18.1556    25.0577     6.4602    196.932    7.66418  233.63359     84.291 0.0000e+00
   39.11386  -72.42218     46.201     45.846    18.1745    34.7675      7.922     0.5117 9.9999e+04  1025.2584    18.1665    25.0566     6.4565    196.828    7.66043  233.52858     84.284 0.0000e+00
   39.11380  -72.42228     46.169     45.814    18.1784    34.7675      7.927     0.5117 9.9999e+04  1025.2536    18.1705    25.0519     6.4511    196.670    7.65962  233.51410     84.222 0.0000e+00
   39.11380  -72.42228     46.160     45.804    18.1831    34.7603      7.922     0.5117 -9.990e-29  1025.2474    18.1752    25.0453     6.4517    196.698    7.66122  233.57408     84.212 0.0000e+00
   39.11380  -72.42228     46.129     45.774    18.1879    34.7501      7.922     0.5117 9.9999e+04  1025.2375    18.1800    25.0369     6.4538    196.771    7.66467  233.69054     84.201 0.0000e+00
   39.11380  -72.42228     46.108     45.754    18.1878    34.7485      7.922     0.4983 -9.990e-29  1025.2248    18.1798    25.0310     6.4568    196.867    7.66939  233.83816     84.190 0.0000e+00
   39.11380  -72.42228     46.078     45.724    18.1734    34.7485      7.927     0.4983 9.9999e+04  1025.2303    18.1655    25.0332     6.4577    196.884    7.67114  233.87947     84.182 0.0000e+00
   39.11380  -72.42228     46.057     45.703    18.1603    34.7485      7.922     0.4983 9.9999e+04  1025.2426    18.1524    25.0413     6.4551    196.792    7.66898  233.79818     84.172 0.0000e+00
   39.11380  -72.42228     46.027     45.673    18.1529    34.7569      7.927     0.5117 -9.990e-29  1025.2506    18.1450    25.0496     6.4516    196.680    7.66598  233.69911     84.160 0.0000e+00
   39.11380  -72.42228     46.006     45.652    18.1486    34.7569      7.927     0.4983 9.9999e+04  1025.2593    18.1406    25.0544     6.4532    196.726    7.66313  233.61195     84.211 0.0000e+00
   39.11380  -72.42228     45.986     45.632    18.1498    34.7569      7.922     0.4983 9.9999e+04  1025.2575    18.1419    25.0511     6.4460    196.508    7.66100  233.54788     84.141 0.0000e+00
   39.11380  -72.42228     45.965     45.611    18.1538    34.7415      7.922     0.4983 9.9999e+04  1025.2396    18.1459    25.0388     6.4424    196.397    7.65776  233.44883     84.129 0.0000e+00
   39.11380  -72.42228     45.935     45.581    18.1499    34.7217      7.922     0.4983 9.9999e+04  1025.2199    18.1420    25.0248     6.4332    196.120    7.65365  233.32410     84.055 0.0000e+00
   39.11380  -72.42228     45.915     45.562    18.1368    34.7127      7.927     0.5117 -9.990e-29  1025.2134    18.1289    25.0159     6.4332    196.120    7.64992  233.21302     84.095 0.0000e+00
   39.11380  -72.42228     45.895     45.541    18.1219    34.7127      7.927     0.5252 9.9999e+04  1025.2074    18.1141    25.0145     6.4302    196.032    7.64735  233.13730     84.084 0.0000e+00
   39.11380  -72.42228     45.864     45.511    18.1050    34.7127      7.927     0.5252 9.9999e+04  1025.2135    18.0972    25.0271     6.4234    195.826    7.64566  233.08824     84.014 0.0000e+00
   39.11380  -72.42228     45.843     45.491    18.0937    34.7460      7.927     0.5252 -9.990e-29  1025.2574    18.0859    25.0537     6.4213    195.763    7.64472  233.06143     83.996 0.0000e+00
   39.11380  -72.42228     45.823     45.470    18.1111    34.7783      7.922     0.5386 9.9999e+04  1025.2885    18.1032    25.0760     6.4244    195.860    7.64417  233.04491     84.044 0.0000e+00
   39.11380  -72.42228     45.802     45.450    18.1345    34.7800      7.927     0.5252 9.9999e+04  1025.2845    18.1266    25.0821     6.4227    195.809    7.64337  233.02139     84.030 0.0000e+00
   39.11380  -72.42228     45.781     45.429    18.1390    34.7800      7.927     0.5252 9.9999e+04  1025.2781    18.1312    25.0783     6.4215    195.772    7.64271  233.00253     84.021 0.0000e+00
   39.11380  -72.42228     45.751     45.399    18.1404    34.7800      7.927     0.5252 9.9999e+04  1025.2730    18.1325    25.0708     6.4207    195.747    7.64261  233.00020     84.012 0.0000e+00
