CalculateIndicators/WaterTemperature/Data/CTD_NYOS/20230516_C12.cnv
* Sea-Bird SBE 9 Data File:
* FileName = C:\Seabird 9 CTD\Data\2023\202305_offshore\20230516_C12.hex
* Software Version Seasave V 7.23.2
* Temperature SN = 4590
* Conductivity SN = 3228
* Number of Bytes Per Scan = 44
* Number of Voltage Words = 5
* Number of Scans Averaged by the Deck Unit = 1
* NMEA Latitude = 39 32.71 N
* NMEA Longitude = 072 14.46 W
* NMEA UTC (Time) = May 16 2023  11:23:32
* NMEA baud rate = 4800
** Ship: Seawolf
** Station: 9.6
** Operator: tcm
# nquan = 18
# nvalues = 20771                       
# units = specified
# name 0 = latitude: Latitude [deg]
# name 1 = longitude: Longitude [deg]
# name 2 = prDM: Pressure, Digiquartz [db]
# name 3 = depSM: Depth [salt water, m]
# name 4 = t090C: Temperature [ITS-90, deg C]
# name 5 = sal00: Salinity, Practical [PSU]
# name 6 = ph: pH
# name 7 = flECO-AFL: Fluorescence, WET Labs ECO-AFL/FL [mg/m^3]
# name 8 = cpar: CPAR/Corrected Irradiance [%]
# name 9 = density00: Density [density, kg/m^3]
# name 10 = potemp090C: Potential Temperature [ITS-90, deg C]
# name 11 = sigma-é00: Density [sigma-theta, kg/m^3]
# name 12 = sbeox0Mg/L: Oxygen, SBE 43 [mg/l]
# name 13 = sbox0Mm/Kg: Oxygen, SBE 43 [umol/kg]
# name 14 = oxsolMg/L: Oxygen Saturation, Garcia & Gordon [mg/l]
# name 15 = oxsolMm/Kg: Oxygen Saturation, Garcia & Gordon [umol/kg]
# name 16 = sbeox0PS: Oxygen, SBE 43 [% saturation]
# name 17 = flag:  0.000e+00
# span 0 =   39.54474,   39.54524       
# span 1 =  -72.24114,  -72.23738       
# span 2 =      1.378,    134.809       
# span 3 =      1.368,    133.738       
# span 4 =     8.6638,    14.8684       
# span 5 =    32.9647,    35.6887       
# span 6 =      7.920,      8.141       
# span 7 =    -0.1061,     1.4519       
# span 8 = 6.8064e-14, 1.0432e+01       
# span 9 =  1024.9431,  1027.2786       
# span 10 =     8.6593,    14.8548      
# span 11 =    24.9489,    26.6850      
# span 12 =     6.3290,    10.2067      
# span 13 =    192.644,    311.012      
# span 14 =    8.12411,    9.38389      
# span 15 =  247.32745,  285.82268      
# span 16 =     76.856,    113.610      
# span 17 = 0.0000e+00, 0.0000e+00      
# interval = seconds: 0.0416667
# start_time = May 16 2023 11:23:31 [System UTC, first data scan.]
# bad_flag = -9.990e-29
*END*
[from data line 4181]
   39.54508  -72.24038     99.730     98.946    14.7816    35.6268      8.017 -9.990e-29 7.6150e-14  1026.9455    14.7666    26.5067     7.0750    215.388    8.13478  247.65078     86.972 0.0000e+00
   39.54508  -72.24038     99.759     98.975    14.7815    35.6269      8.022 -9.990e-29 7.6150e-14  1026.9459    14.7665    26.5068     7.0803    215.547    8.13480  247.65114     87.037 0.0000e+00
   39.54508  -72.24038     99.802     99.017    14.7818    35.6269      8.017 -9.990e-29 7.6150e-14  1026.9457    14.7668    26.5068     7.0804    215.553    8.13479  247.65104     87.039 0.0000e+00
   39.54508  -72.24038     99.820     99.035    14.7818    35.6269      8.017 -9.990e-29 7.6265e-14  1026.9459    14.7668    26.5068     7.0806    215.558    8.13479  247.65102     87.041 0.0000e+00
   39.54508  -72.24038     99.864     99.079    14.7818    35.6269      8.017 -9.990e-29 7.6265e-14  1026.9464    14.7668    26.5068     7.0807    215.562    8.13478  247.65070     87.043 0.0000e+00
   39.54508  -72.24038     99.892     99.107    14.7819    35.6269      8.022 -9.990e-29 7.6265e-14  1026.9462    14.7669    26.5067     7.0759    215.414    8.13480  247.65136     86.983 0.0000e+00
   39.54508  -72.24038     99.925     99.140    14.7818    35.6269      8.022 -9.990e-29 7.6265e-14  1026.9462    14.7668    26.5066     7.0811    215.573    8.13485  247.65295     87.046 0.0000e+00
   39.54508  -72.24038     99.978     99.192    14.7820    35.6269      8.022 -9.990e-29 7.6265e-14  1026.9464    14.7669    26.5067     7.0812    215.577    8.13487  247.65369     87.048 0.0000e+00
   39.54508  -72.24038     99.996     99.210    14.7818    35.6274      8.022 -9.990e-29 7.6265e-14  1026.9473    14.7668    26.5071     7.0818    215.595    8.13480  247.65159     87.056 0.0000e+00
   39.54508  -72.24038    100.039     99.253    14.7821    35.6274      8.017 -9.990e-29 7.6380e-14  1026.9478    14.7671    26.5074     7.0825    215.615    8.13479  247.65117     87.064 0.0000e+00
   39.54508  -72.24038    100.078     99.291    14.7825    35.6274      8.022 -9.990e-29 7.6380e-14  1026.9478    14.7674    26.5071     7.0825    215.617    8.13477  247.65064     87.065 0.0000e+00
   39.54508  -72.24038    100.121     99.334    14.7824    35.6269      8.022 -9.990e-29 7.6380e-14  1026.9470    14.7673    26.5066     7.0826    215.620    8.13479  247.65118     87.066 0.0000e+00
   39.54508  -72.24038    100.153     99.365    14.7821    35.6269      8.022 -9.990e-29 7.6380e-14  1026.9466    14.7671    26.5063     7.0826    215.619    8.13473  247.64919     87.066 0.0000e+00
   39.54508  -72.24038    100.201     99.414    14.7816    35.6269      8.022 -9.990e-29 7.6380e-14  1026.9472    14.7666    26.5065     7.0826    215.619    8.13469  247.64778     87.067 0.0000e+00
   39.54508  -72.24038    100.235     99.447    14.7816    35.6275      8.022 -9.990e-29 7.6380e-14  1026.9481    14.7666    26.5072     7.0825    215.617    8.13461  247.64537     87.067 0.0000e+00
   39.54508  -72.24038    100.294     99.506    14.7820    35.6285      8.022 -9.990e-29 7.6380e-14  1026.9495    14.7669    26.5080     7.0824    215.612    8.13445  247.64039     87.067 0.0000e+00
   39.54508  -72.24038    100.328     99.539    14.7827    35.6286      8.022 -9.990e-29 7.6380e-14  1026.9501    14.7676    26.5083     7.0822    215.607    8.13432  247.63663     87.066 0.0000e+00
   39.54508  -72.24038    100.369     99.580    14.7831    35.6289      8.022 -9.990e-29 7.6380e-14  1026.9498    14.7681    26.5080     7.0821    215.603    8.13424  247.63410     87.065 0.0000e+00
   39.54508  -72.24038    100.418     99.628    14.7840    35.6289      8.017 -9.990e-29 7.6380e-14  1026.9491    14.7689    26.5077     7.0875    215.769    8.13420  247.63295     87.132 0.0000e+00
   39.54508  -72.24038    100.462     99.672    14.7840    35.6289 -9.990e-29    -0.0658 7.6380e-14  1026.9497    14.7689    26.5078     7.0880    215.782    8.13421  247.63337     87.138 0.0000e+00
   39.54508  -72.24038    100.503     99.712    14.7845    35.6289 -9.990e-29    -0.0658 7.6380e-14  1026.9508    14.7694    26.5083     7.0834    215.643    8.13428  247.63577     87.081 0.0000e+00
   39.54508  -72.24038    100.553     99.762    14.7854    35.6289 -9.990e-29    -0.0658 7.6380e-14  1026.9513    14.7703    26.5082     7.0883    215.793    8.13440  247.63954     87.140 0.0000e+00
   39.54508  -72.24038    100.596     99.805    14.7863    35.6288 -9.990e-29    -0.0658 7.6380e-14  1026.9500    14.7712    26.5074     7.0838    215.656    8.13459  247.64537     87.083 0.0000e+00
   39.54508  -72.24038    100.634     99.843    14.7859    35.6276 -9.990e-29    -0.0658 7.6380e-14  1026.9487    14.7708    26.5065     7.0888    215.807    8.13481  247.65202     87.141 0.0000e+00
   39.54508  -72.24038    100.668     99.876    14.7854    35.6276 -9.990e-29    -0.0658 7.6380e-14  1026.9488    14.7703    26.5062     7.0892    215.819    8.13497  247.65678     87.144 0.0000e+00
   39.54508  -72.24038    100.730     99.938    14.7850    35.6276 -9.990e-29    -0.0658 7.6380e-14  1026.9498    14.7699    26.5066     7.0894    215.827    8.13506  247.65937     87.147 0.0000e+00
   39.54508  -72.24038    100.769     99.977    14.7850    35.6284 -9.990e-29    -0.0658 7.6380e-14  1026.9502    14.7699    26.5072     7.0897    215.834    8.13513  247.66134     87.149 0.0000e+00
   39.54508  -72.24038    100.802    100.010    14.7852    35.6296 -9.990e-29    -0.0658 7.6380e-14  1026.9517    14.7701    26.5080     7.0898    215.838    8.13515  247.66221     87.150 0.0000e+00
   39.54508  -72.24038    100.854    100.061    14.7859    35.6309 -9.990e-29    -0.0658 7.6380e-14  1026.9527    14.7708    26.5089     7.0899    215.841    8.13518  247.66290     87.151 0.0000e+00
   39.54508  -72.24038    100.894    100.101    14.7871    35.6322 -9.990e-29    -0.0658 7.6380e-14  1026.9537    14.7719    26.5097     7.0899    215.840    8.13514  247.66173     87.151 0.0000e+00
   39.54508  -72.24038    100.934    100.141    14.7883    35.6327 -9.990e-29    -0.0658 7.6380e-14  1026.9547    14.7731    26.5102     7.0897    215.835    8.13497  247.65622     87.151 0.0000e+00
   39.54508  -72.24038    100.966    100.172    14.7898    35.6327 -9.990e-29    -0.0658 7.6380e-14  1026.9546    14.7746    26.5100     7.0894    215.825    8.13470  247.64764     87.150 0.0000e+00
   39.54508  -72.24038    101.018    100.223    14.7911    35.6327 -9.990e-29    -0.0658 7.6380e-14  1026.9539    14.7759    26.5092     7.0890    215.814    8.13439  247.63817     87.149 0.0000e+00
   39.54508  -72.24038    101.048    100.253    14.7919    35.6315 -9.990e-29    -0.0658 7.6265e-14  1026.9526    14.7767    26.5082     7.0886    215.800    8.13406  247.62813     87.147 0.0000e+00
   39.54508  -72.24038    101.090    100.295    14.7922    35.6304 -9.990e-29    -0.0658 7.6265e-14  1026.9522    14.7770    26.5072     7.0882    215.788    8.13385  247.62176     87.144 0.0000e+00
   39.54508  -72.24038    101.122    100.326    14.7922    35.6304 -9.990e-29    -0.0658 7.6265e-14  1026.9507    14.7769    26.5066     7.0884    215.795    8.13373  247.61810     87.148 0.0000e+00
   39.54508  -72.24038    101.161    100.365    14.7913    35.6304 -9.990e-29    -0.0658 7.6265e-14  1026.9513    14.7761    26.5071     7.0936    215.954    8.13364  247.61551     87.214 0.0000e+00
   39.54508  -72.24038    101.194    100.398    14.7913    35.6324 -9.990e-29    -0.0658 7.6265e-14  1026.9539    14.7761    26.5089     7.0888    215.807    8.13358  247.61348     87.155 0.0000e+00
   39.54508  -72.24038    101.215    100.419    14.7922    35.6354 -9.990e-29    -0.0658 7.6265e-14  1026.9569    14.7770    26.5109     7.0883    215.792    8.13341  247.60830     87.150 0.0000e+00
   39.54508  -72.24038    101.255    100.459    14.7944    35.6375 -9.990e-29    -0.0658 7.6265e-14  1026.9581    14.7792    26.5123     7.0933    215.945    8.13321  247.60236     87.214 0.0000e+00
   39.54508  -72.24038    101.274    100.478    14.7966    35.6379 -9.990e-29    -0.0658 7.6265e-14  1026.9587    14.7814    26.5126     7.0890    215.814    8.13325  247.60418     87.161 0.0000e+00
   39.54508  -72.24038    101.297    100.500    14.7990    35.6379 -9.990e-29    -0.0658 7.6265e-14  1026.9581    14.7837    26.5121     7.0895    215.831    8.13373  247.61959     87.162 0.0000e+00
   39.54508  -72.24038    101.338    100.541    14.8010    35.6379 -9.990e-29    -0.0524 7.6265e-14  1026.9569    14.7857    26.5112     7.0947    215.989    8.13445  247.64230     87.218 0.0000e+00
   39.54508  -72.24038    101.359    100.562    14.8019    35.6371 -9.990e-29    -0.0524 7.6265e-14  1026.9562    14.7866    26.5103     7.0911    215.880    8.13538  247.67084     87.164 0.0000e+00
   39.54508  -72.24038    101.388    100.591    14.8027    35.6366 -9.990e-29    -0.0524 7.6265e-14  1026.9555    14.7875    26.5097     7.0971    216.060    8.13637  247.70068     87.226 0.0000e+00
   39.54508  -72.24038    101.399    100.602    14.8034    35.6364 -9.990e-29    -0.0524 7.6380e-14  1026.9553    14.7881    26.5094     7.0981    216.092    8.13698  247.71834     87.233 0.0000e+00
   39.54508  -72.24038    101.431    100.633    14.8040    35.6363 -9.990e-29    -0.0524 7.6380e-14  1026.9556    14.7888    26.5092     7.0941    215.968    8.13752  247.73489     87.177 0.0000e+00
   39.54508  -72.24038    101.441    100.643    14.8046    35.6361 -9.990e-29    -0.0524 7.6380e-14  1026.9553    14.7893    26.5089     7.0996    216.137    8.13821  247.75615     87.238 0.0000e+00
   39.54508  -72.24038    101.460    100.662    14.8053    35.6357 -9.990e-29    -0.0524 7.6380e-14  1026.9546    14.7900    26.5086     7.1005    216.163    8.13875  247.77154     87.243 0.0000e+00
   39.54508  -72.24038    101.483    100.684    14.8051    35.6354 -9.990e-29    -0.0524 7.6380e-14  1026.9550    14.7898    26.5083     7.1005    216.163    8.13897  247.77811     87.240 0.0000e+00
   39.54508  -72.24038    101.492    100.694    14.8054    35.6351 -9.990e-29    -0.0524 7.6380e-14  1026.9544    14.7901    26.5080     7.1011    216.181    8.13932  247.78877     87.244 0.0000e+00
   39.54508  -72.24038    101.513    100.715    14.8054    35.6349 -9.990e-29    -0.0524 7.6265e-14  1026.9544    14.7902    26.5078     7.1016    216.195    8.13958  247.79648     87.247 0.0000e+00
   39.54508  -72.24038    101.521    100.723    14.8054    35.6348 -9.990e-29    -0.0524 7.6265e-14  1026.9545    14.7902    26.5078     7.1020    216.208    8.13982  247.80353     87.250 0.0000e+00
   39.54508  -72.24038    101.534    100.735    14.8054    35.6347 -9.990e-29    -0.0524 7.6265e-14  1026.9543    14.7902    26.5077     7.1023    216.219    8.14003  247.80960     87.252 0.0000e+00
   39.54508  -72.24038    101.544    100.745    14.8051    35.6346 -9.990e-29    -0.0524 7.6265e-14  1026.9545    14.7898    26.5076     7.1021    216.210    8.14023  247.81564     87.246 0.0000e+00
   39.54508  -72.24038    101.555    100.756    14.8051    35.6346 -9.990e-29    -0.0524 7.6150e-14  1026.9542    14.7898    26.5076     7.1022    216.215    8.14037  247.81989     87.247 -9.990e-29
   39.54508  -72.24038    101.553    100.755    14.8054    35.6346 -9.990e-29    -0.0524 7.6150e-14  1026.9543    14.7902    26.5076     7.1073    216.370    8.14046  247.82250     87.309 -9.990e-29
   39.54508  -72.24038    101.576    100.777    14.8054    35.6347 -9.990e-29    -0.0524 7.6150e-14  1026.9546    14.7902    26.5076     7.1078    216.386    8.14051  247.82380     87.314 -9.990e-29
   39.54508  -72.24038    101.564    100.766    14.8056    35.6347 -9.990e-29    -0.0524 7.6150e-14  1026.9544    14.7903    26.5076     7.1033    216.247    8.14056  247.82526     87.258 -9.990e-29
   39.54508  -72.24038    101.585    100.786    14.8054    35.6349 -9.990e-29    -0.0524 7.6150e-14  1026.9546    14.7901    26.5078     7.1032    216.245    8.14069  247.82936     87.256 -9.990e-29
   39.54508  -72.24038    101.563    100.764    14.8056    35.6353 -9.990e-29    -0.0524 7.6150e-14  1026.9550    14.7903    26.5081     7.1032    216.244    8.14089  247.83560     87.253 -9.990e-29
   39.54508  -72.24038    101.585    100.786    14.8058    35.6356 -9.990e-29    -0.0524 7.6150e-14  1026.9553    14.7905    26.5083     7.1084    216.403    8.14138  247.85132     87.311 -9.990e-29
   39.54510  -72.24034    101.585    100.786    14.8062    35.6360 -9.990e-29    -0.0524 7.6035e-14  1026.9553    14.7910    26.5085     7.1094    216.434    8.14226  247.87908     87.314 -9.990e-29
   39.54510  -72.24034    101.585    100.786    14.8070    35.6365 -9.990e-29    -0.0524 7.6035e-14  1026.9558    14.7917    26.5087     7.1053    216.310    8.14314  247.90564     87.255 -9.990e-29
   39.54510  -72.24034    101.594    100.794    14.8076    35.6365 -9.990e-29    -0.0524 7.6035e-14  1026.9559    14.7923    26.5087     7.1107    216.476    8.14411  247.93552     87.312 -9.990e-29
   39.54510  -72.24034    101.585    100.786    14.8083    35.6365 -9.990e-29    -0.0524 7.6035e-14  1026.9554    14.7930    26.5085     7.1119    216.512    8.14537  247.97398     87.313 -9.990e-29
   39.54510  -72.24034    101.585    100.786    14.8086    35.6361 -9.990e-29    -0.0524 7.6035e-14  1026.9550    14.7934    26.5080     7.1130    216.543    8.14652  248.00853     87.313 -9.990e-29
   39.54510  -72.24034    101.595    100.796    14.8088    35.6354 -9.990e-29    -0.0524 7.5922e-14  1026.9545    14.7935    26.5075     7.1142    216.579    8.14733  248.03220     87.319 -9.990e-29
   39.54510  -72.24034    101.585    100.786    14.8086    35.6346 -9.990e-29    -0.0524 7.5922e-14  1026.9538    14.7934    26.5070     7.1151    216.608    8.14792  248.04905     87.325 -9.990e-29
   39.54510  -72.24034    101.574    100.775    14.8081    35.6340 -9.990e-29    -0.0524 7.5922e-14  1026.9534    14.7928    26.5066     7.1153    216.612    8.14828  248.05967     87.322 -9.990e-29
   39.54510  -72.24034    101.585    100.786    14.8071    35.6336 -9.990e-29    -0.0524 7.5808e-14  1026.9531    14.7918    26.5065     7.1158    216.627    8.14852  248.06644     87.326 -9.990e-29
   39.54510  -72.24034    101.575    100.777    14.8056    35.6336 -9.990e-29    -0.0524 7.5808e-14  1026.9538    14.7903    26.5067     7.1156    216.622    8.14868  248.07084     87.323 -9.990e-29
   39.54510  -72.24034    101.575    100.777    14.8048    35.6336 -9.990e-29    -0.0524 7.5808e-14  1026.9537    14.7895    26.5070     7.1210    216.785    8.14881  248.07472     87.387 -9.990e-29
   39.54510  -72.24034    101.574    100.775    14.8040    35.6338 -9.990e-29    -0.0524 7.5808e-14  1026.9542    14.7888    26.5072     7.1167    216.655    8.14893  248.07802     87.333 -9.990e-29
   39.54510  -72.24034    101.564    100.766    14.8036    35.6339 -9.990e-29    -0.0524 7.5808e-14  1026.9544    14.7883    26.5074     7.1219    216.812    8.14899  248.07976     87.396 -9.990e-29
   39.54510  -72.24034    101.575    100.777    14.8036    35.6340 -9.990e-29    -0.0524 7.5808e-14  1026.9541    14.7883    26.5075     7.1175    216.678    8.14905  248.08150     87.341 -9.990e-29
   39.54510  -72.24034    101.575    100.777    14.8032    35.6343 -9.990e-29    -0.0524 7.5808e-14  1026.9546    14.7880    26.5078     7.1175    216.677    8.14906  248.08167     87.341 -9.990e-29
   39.54510  -72.24034    101.574    100.775    14.8032    35.6352 -9.990e-29    -0.0524 7.5808e-14  1026.9552    14.7879    26.5085     7.1224    216.828    8.14909  248.08249     87.402 -9.990e-29
   39.54510  -72.24034    101.575    100.777    14.8037    35.6366 -9.990e-29    -0.0524 7.5695e-14  1026.9564    14.7885    26.5094     7.1179    216.689    8.14915  248.08434     87.345 -9.990e-29
   39.54510  -72.24034    101.585    100.786    14.8049    35.6380 -9.990e-29    -0.0524 7.5695e-14  1026.9574    14.7896    26.5103     7.1177    216.685    8.14922  248.08658     87.342 0.0000e+00
