CalculateIndicators/WaterTemperature/Data/CTD_NYOS/20231004_C13.cnv
* Sea-Bird SBE 9 Data File:
* FileName = C:\Seabird 9 CTD\Data\2023\202309_offshore\20231004_C13.hex
* Software Version Seasave V 7.23.2
* Temperature SN = 4590
* Conductivity SN = 3228
* Number of Bytes Per Scan = 44
* Number of Voltage Words = 5
* Number of Scans Averaged by the Deck Unit = 1
* NMEA Latitude = 39 46.54 N
* NMEA Longitude = 072 23.52 W
* NMEA UTC (Time) = Oct 04 2023  12:51:15
* NMEA baud rate = 4800
** Ship: seawolf
** Station: 9.5
** Operator: TDK
# nquan = 18
# nvalues = 18378                       
# units = specified
# name 0 = latitude: Latitude [deg]
# name 1 = longitude: Longitude [deg]
# name 2 = prDM: Pressure, Digiquartz [db]
# name 3 = depSM: Depth [salt water, m]
# name 4 = t090C: Temperature [ITS-90, deg C]
# name 5 = sal00: Salinity, Practical [PSU]
# name 6 = ph: pH
# name 7 = flECO-AFL: Fluorescence, WET Labs ECO-AFL/FL [mg/m^3]
# name 8 = cpar: CPAR/Corrected Irradiance [%]
# name 9 = density00: Density [density, kg/m^3]
# name 10 = potemp090C: Potential Temperature [ITS-90, deg C]
# name 11 = sigma-é00: Density [sigma-theta, kg/m^3]
# name 12 = sbeox0Mg/L: Oxygen, SBE 43 [mg/l]
# name 13 = sbox0Mm/Kg: Oxygen, SBE 43 [umol/kg]
# name 14 = oxsolMg/L: Oxygen Saturation, Garcia & Gordon [mg/l]
# name 15 = oxsolMm/Kg: Oxygen Saturation, Garcia & Gordon [umol/kg]
# name 16 = sbeox0PS: Oxygen, SBE 43 [% saturation]
# name 17 = flag:  0.000e+00
# span 0 =   39.77566,   39.77610       
# span 1 =  -72.39346,  -72.39200       
# span 2 =      1.920,     83.533       
# span 3 =      1.906,     82.878       
# span 4 =    10.0958,    18.3753       
# span 5 =    32.0945,    33.1438       
# span 6 =      7.711,      8.019       
# span 7 =    -0.0389,     0.2297       
# span 8 = 5.0089e-14, 5.6173e+00       
# span 9 =  1023.5967,  1025.7894       
# span 10 =    10.0880,    18.3718      
# span 11 =    23.5878,    25.4138      
# span 12 =     5.5419,     7.4145      
# span 13 =    168.925,    226.366      
# span 14 =    7.70970,    9.12369      
# span 15 =  235.35077,  278.07013      
# span 16 =     60.941,     94.962      
# span 17 = 0.0000e+00, 0.0000e+00      
# interval = seconds: 0.0416667
# start_time = Oct 04 2023 12:51:16 [System UTC, first data scan.]
# bad_flag = -9.990e-29
*END*
[from data line 14553]
   39.77604  -72.39322     20.127     19.972    18.3535    33.0755 -9.990e-29     0.1088 2.9968e+00  1023.8007    18.3501    23.7128     7.2591    221.596    7.71222  235.42763     94.125 -9.990e-29
   39.77604  -72.39322     20.116     19.961    18.3537    33.0751 -9.990e-29     0.1088 2.9968e+00  1023.8001    18.3502    23.7125     7.2596    221.609    7.71224  235.42828     94.130 -9.990e-29
   39.77604  -72.39322     20.116     19.961    18.3535    33.0747 -9.990e-29     0.1088 3.0053e+00  1023.8000    18.3501    23.7123     7.2599    221.620    7.71220  235.42698     94.136 -9.990e-29
   39.77604  -72.39322     20.105     19.950    18.3537    33.0744 -9.990e-29     0.1088 3.0167e+00  1023.7996    18.3502    23.7121     7.2599    221.621    7.71225  235.42856     94.135 -9.990e-29
   39.77604  -72.39322     20.096     19.942    18.3535    33.0743 -9.990e-29     0.1088 3.0167e+00  1023.7994    18.3501    23.7120     7.2599    221.620    7.71226  235.42890     94.135 -9.990e-29
   39.77604  -72.39322     20.085     19.931    18.3535    33.0743 -9.990e-29     0.1088 3.0167e+00  1023.7995    18.3500    23.7120     7.2603    221.633    7.71230  235.43032     94.139 -9.990e-29
   39.77604  -72.39322     20.085     19.931    18.3533    33.0743 -9.990e-29     0.1222 3.0252e+00  1023.7995    18.3499    23.7121     7.2603    221.633    7.71236  235.43232     94.139 -9.990e-29
   39.77604  -72.39322     20.084     19.930    18.3531    33.0745 -9.990e-29     0.1088 3.0252e+00  1023.7998    18.3497    23.7122     7.2603    221.633    7.71246  235.43498     94.138 -9.990e-29
   39.77604  -72.39322     20.076     19.921    18.3529    33.0745 -9.990e-29     0.1088 3.0252e+00  1023.7998    18.3495    23.7123     7.2606    221.641    7.71239  235.43270     94.142 -9.990e-29
   39.77604  -72.39322     20.065     19.910    18.3528    33.0745 -9.990e-29     0.1088 3.0167e+00  1023.7998    18.3494    23.7124     7.2609    221.651    7.71237  235.43197     94.147 -9.990e-29
   39.77604  -72.39322     20.065     19.910    18.3525    33.0746 -9.990e-29     0.1088 3.0167e+00  1023.8000    18.3490    23.7125     7.2658    221.800    7.71231  235.43025     94.211 -9.990e-29
   39.77604  -72.39322     20.065     19.910    18.3518    33.0749 -9.990e-29     0.1088 3.0082e+00  1023.8003    18.3483    23.7127     7.2619    221.682    7.71228  235.42937     94.161 -9.990e-29
   39.77604  -72.39322     20.054     19.900    18.3516    33.0751 -9.990e-29     0.1222 3.0112e+00  1023.8004    18.3481    23.7130     7.2623    221.692    7.71228  235.42945     94.165 -9.990e-29
   39.77604  -72.39322     20.055     19.901    18.3516    33.0754 -9.990e-29     0.1222 3.0112e+00  1023.8005    18.3481    23.7133     7.2671    221.841    7.71225  235.42851     94.229 -9.990e-29
   39.77604  -72.39322     20.046     19.891    18.3513    33.0758 -9.990e-29     0.1088 3.0112e+00  1023.8014    18.3478    23.7137     7.2633    221.724    7.71228  235.42937     94.179 -9.990e-29
   39.77604  -72.39322     20.055     19.901    18.3514    33.0759 -9.990e-29     0.1222 3.0027e+00  1023.8011    18.3480    23.7138     7.2682    221.872    7.71222  235.42768     94.242 -9.990e-29
   39.77604  -72.39322     20.043     19.889    18.3514    33.0759 -9.990e-29     0.1222 3.0027e+00  1023.8009    18.3480    23.7138     7.2643    221.754    7.71225  235.42852     94.192 -9.990e-29
   39.77604  -72.39322     20.046     19.891    18.3514    33.0761 -9.990e-29     0.1357 2.9943e+00  1023.8013    18.3480    23.7139     7.2646    221.764    7.71229  235.42986     94.195 -9.990e-29
   39.77604  -72.39322     20.046     19.891    18.3516    33.0761 -9.990e-29     0.1357 2.9859e+00  1023.8014    18.3481    23.7140     7.2649    221.774    7.71232  235.43068     94.199 -9.990e-29
   39.77604  -72.39322     20.046     19.891    18.3516    33.0761 -9.990e-29     0.1222 2.9775e+00  1023.8015    18.3481    23.7140     7.2652    221.782    7.71231  235.43030     94.203 -9.990e-29
   39.77604  -72.39322     20.046     19.891    18.3517    33.0761 -9.990e-29     0.1222 2.9859e+00  1023.8012    18.3483    23.7139     7.2656    221.793    7.71235  235.43156     94.207 -9.990e-29
   39.77604  -72.39322     20.043     19.889    18.3516    33.0759 -9.990e-29     0.1357 2.9691e+00  1023.8009    18.3481    23.7137     7.2658    221.800    7.71230  235.43025     94.210 -9.990e-29
   39.77604  -72.39322     20.046     19.891    18.3514    33.0759 -9.990e-29     0.1222 2.9637e+00  1023.8011    18.3480    23.7137     7.2661    221.809    7.71232  235.43053     94.214 -9.990e-29
   39.77604  -72.39322     20.035     19.880    18.3514    33.0758 -9.990e-29     0.1222 2.9637e+00  1023.8010    18.3480    23.7136     7.2613    221.664    7.71232  235.43074     94.153 -9.990e-29
   39.77604  -72.39322     20.046     19.891    18.3516    33.0758 -9.990e-29     0.1222 2.9637e+00  1023.8008    18.3481    23.7136     7.2654    221.786    7.71231  235.43024     94.205 -9.990e-29
   39.77604  -72.39322     20.043     19.889    18.3514    33.0758 -9.990e-29     0.1357 2.9554e+00  1023.8009    18.3480    23.7137     7.2606    221.640    7.71231  235.43023     94.143 -9.990e-29
   39.77604  -72.39322     20.046     19.891    18.3514    33.0762 -9.990e-29     0.1222 2.9554e+00  1023.8011    18.3480    23.7140     7.2604    221.636    7.71231  235.43037     94.141 -9.990e-29
   39.77604  -72.39322     20.046     19.891    18.3516    33.0769 -9.990e-29     0.1222 2.9554e+00  1023.8018    18.3481    23.7144     7.2598    221.618    7.71231  235.43025     94.133 -9.990e-29
   39.77604  -72.39322     20.065     19.910    18.3517    33.0769 -9.990e-29     0.1222 2.9554e+00  1023.8027    18.3483    23.7147     7.2639    221.741    7.71231  235.43025     94.185 -9.990e-29
   39.77604  -72.39322     20.046     19.891    18.3528    33.0769 -9.990e-29     0.1357 2.9554e+00  1023.8021    18.3494    23.7142     7.2591    221.595    7.71229  235.42988     94.124 -9.990e-29
   39.77604  -72.39322     20.063     19.909    18.3537    33.0759 -9.990e-29     0.1222 2.9583e+00  1023.8003    18.3502    23.7133     7.2585    221.577    7.71230  235.43001     94.116 -9.990e-29
   39.77604  -72.39322     20.055     19.901    18.3537    33.0757 -9.990e-29     0.1222 2.9583e+00  1023.7995    18.3502    23.7126     7.2583    221.572    7.71229  235.42960     94.114 -9.990e-29
   39.77604  -72.39322     20.065     19.910    18.3537    33.0757 -9.990e-29     0.1222 2.9500e+00  1023.7999    18.3502    23.7126     7.2628    221.707    7.71226  235.42879     94.172 -9.990e-29
   39.77604  -72.39322     20.065     19.910    18.3540    33.0757 -9.990e-29     0.1357 2.9583e+00  1023.8005    18.3506    23.7129     7.2579    221.560    7.71220  235.42676     94.110 -9.990e-29
   39.77602  -72.39314     20.076     19.921    18.3546    33.0762 -9.990e-29     0.1357 2.9500e+00  1023.8006    18.3511    23.7132     7.2619    221.682    7.71216  235.42579     94.162 -9.990e-29
   39.77602  -72.39314     20.074     19.920    18.3547    33.0764 -9.990e-29     0.1222 2.9500e+00  1023.8010    18.3512    23.7134     7.2617    221.676    7.71213  235.42473     94.160 -9.990e-29
   39.77602  -72.39314     20.085     19.931    18.3549    33.0766 -9.990e-29     0.1222 2.9529e+00  1023.8008    18.3515    23.7134     7.2615    221.668    7.71208  235.42297     94.158 -9.990e-29
   39.77602  -72.39314     20.085     19.931    18.3551    33.0767 -9.990e-29     0.1222 2.9529e+00  1023.8011    18.3516    23.7134     7.2612    221.658    7.71195  235.41924     94.155 -9.990e-29
   39.77602  -72.39314     20.096     19.942    18.3554    33.0768 -9.990e-29     0.1222 2.9529e+00  1023.8009    18.3520    23.7134     7.2563    221.510    7.71192  235.41815     94.092 -9.990e-29
   39.77602  -72.39314     20.094     19.939    18.3559    33.0768 -9.990e-29     0.1222 2.9529e+00  1023.8008    18.3525    23.7133     7.2602    221.629    7.71187  235.41654     94.143 -9.990e-29
   39.77602  -72.39314     20.096     19.942    18.3561    33.0769 -9.990e-29     0.1222 2.9446e+00  1023.8009    18.3527    23.7133     7.2599    221.621    7.71184  235.41560     94.140 -9.990e-29
   39.77602  -72.39314     20.106     19.951    18.3568    33.0771 -9.990e-29     0.1357 2.9475e+00  1023.8006    18.3534    23.7134     7.2555    221.486    7.71184  235.41561     94.083 -9.990e-29
   39.77602  -72.39314     20.127     19.972    18.3568    33.0777 -9.990e-29     0.1222 2.9475e+00  1023.8015    18.3534    23.7138     7.2548    221.464    7.71179  235.41423     94.074 -9.990e-29
   39.77602  -72.39314     20.114     19.960    18.3571    33.0785 -9.990e-29     0.1222 2.9475e+00  1023.8021    18.3537    23.7143     7.2592    221.597    7.71177  235.41355     94.131 -9.990e-29
   39.77602  -72.39314     20.136     19.982    18.3575    33.0785 -9.990e-29     0.1222 2.9475e+00  1023.8025    18.3540    23.7144     7.2593    221.601    7.71171  235.41198     94.133 -9.990e-29
   39.77602  -72.39314     20.136     19.982    18.3582    33.0785 -9.990e-29     0.1222 2.9422e+00  1023.8018    18.3548    23.7142     7.2545    221.454    7.71173  235.41263     94.070 -9.990e-29
   39.77602  -72.39314     20.136     19.982    18.3587    33.0783 -9.990e-29     0.1222 2.9256e+00  1023.8016    18.3552    23.7138     7.2584    221.574    7.71173  235.41267     94.122 -9.990e-29
 -9.990e-29  -72.39314     20.146     19.991    18.3589    33.0780      8.009     0.1357 2.9174e+00  1023.8012    18.3554    23.7134     7.2581    221.566    7.71174  235.41291     94.118 -9.990e-29
 -9.990e-29  -72.39314     20.156     20.001    18.3594    33.0777      8.009     0.1222 2.9174e+00  1023.8010    18.3560    23.7131     7.2583    221.571    7.71173  235.41269     94.120 -9.990e-29
 -9.990e-29  -72.39314     20.167     20.012    18.3594    33.0776      8.009     0.1222 2.9121e+00  1023.8007    18.3560    23.7130     7.2585    221.576    7.71176  235.41353     94.122 -9.990e-29
 -9.990e-29  -72.39314     20.167     20.012    18.3595    33.0775      8.009     0.1222 2.9121e+00  1023.8011    18.3561    23.7129     7.2586    221.581    7.71174  235.41300     94.124 -9.990e-29
 -9.990e-29  -72.39314     20.178     20.022    18.3594    33.0771      8.009     0.1222 2.9121e+00  1023.8006    18.3560    23.7126     7.2588    221.587    7.71179  235.41456     94.126 -9.990e-29
 -9.990e-29  -72.39314     20.186     20.031    18.3596    33.0764      8.009     0.1357 2.8958e+00  1023.8001    18.3561    23.7122     7.2590    221.593    7.71184  235.41602     94.128 -9.990e-29
 -9.990e-29  -72.39314     20.187     20.032    18.3595    33.0763      8.009     0.1222 2.8876e+00  1023.7995    18.3561    23.7118     7.2592    221.600    7.71189  235.41751     94.130 -9.990e-29
 -9.990e-29  -72.39314     20.197     20.042    18.3593    33.0763      8.009     0.1222 2.8905e+00  1023.7993    18.3558    23.7118     7.2594    221.605    7.71190  235.41779     94.132 -9.990e-29
 -9.990e-29  -72.39314     20.208     20.053    18.3584    33.0763      8.009     0.1357 2.8824e+00  1023.8001    18.3549    23.7123     7.2641    221.749    7.71187  235.41710     94.194 -9.990e-29
 -9.990e-29  -72.39314     20.216     20.061    18.3583    33.0772      8.009     0.1357 2.8662e+00  1023.8014    18.3549    23.7130     7.2601    221.626    7.71189  235.41749     94.142 -9.990e-29
 -9.990e-29  -72.39314     20.227     20.072    18.3582    33.0774      8.009     0.1222 2.8662e+00  1023.8020    18.3547    23.7135     7.2602    221.630    7.71187  235.41701     94.144 -9.990e-29
 -9.990e-29  -72.39322     20.227     20.072    18.3587    33.0774      8.009     0.1222 2.8610e+00  1023.8016    18.3553    23.7133     7.2604    221.635    7.71190  235.41806     94.145 -9.990e-29
 -9.990e-29  -72.39322     20.238     20.083    18.3593    33.0774      8.009     0.1222 2.8690e+00  1023.8009    18.3558    23.7130     7.2609    221.652    7.71187  235.41691     94.153 -9.990e-29
 -9.990e-29  -72.39322     20.256     20.100    18.3592    33.0774      8.009     0.1222 2.8690e+00  1023.8011    18.3557    23.7128     7.2657    221.799    7.71191  235.41821     94.215 -9.990e-29
 -9.990e-29  -72.39322     20.248     20.092    18.3594    33.0773      8.009     0.1357 2.8610e+00  1023.8010    18.3559    23.7129     7.2618    221.677    7.71196  235.41991     94.162 -9.990e-29
 -9.990e-29  -72.39322     20.269     20.113    18.3591    33.0773      8.009     0.1222 2.8638e+00  1023.8015    18.3556    23.7129     7.2624    221.695    7.71199  235.42085     94.170 -9.990e-29
 -9.990e-29  -72.39322     20.269     20.113    18.3595    33.0773      8.009     0.1222 2.8558e+00  1023.8012    18.3561    23.7129     7.2625    221.700    7.71201  235.42129     94.172 -9.990e-29
 -9.990e-29  -72.39322     20.269     20.113    18.3594    33.0771      8.009     0.1357 2.8558e+00  1023.8010    18.3559    23.7127     7.2632    221.719    7.71204  235.42201     94.179 -9.990e-29
 -9.990e-29  -72.39322     20.286     20.130    18.3593    33.0769      8.009     0.1357 2.8397e+00  1023.8009    18.3558    23.7125     7.2633    221.725    7.71205  235.42242     94.182 -9.990e-29
 -9.990e-29  -72.39322     20.289     20.133    18.3591    33.0768      8.009     0.1357 2.8346e+00  1023.8009    18.3556    23.7125     7.2635    221.731    7.71206  235.42302     94.184 -9.990e-29
 -9.990e-29  -72.39322     20.289     20.133    18.3592    33.0767      8.009     0.1357 2.8426e+00  1023.8008    18.3557    23.7125     7.2638    221.739    7.71217  235.42635     94.186 -9.990e-29
 -9.990e-29  -72.39322     20.319     20.163    18.3589    33.0767      8.009     0.1357 2.8266e+00  1023.8010    18.3554    23.7125     7.2641    221.747    7.71227  235.42939     94.189 -9.990e-29
 -9.990e-29  -72.39322     20.307     20.151    18.3593    33.0767      8.009     0.1357 2.8266e+00  1023.8008    18.3558    23.7125     7.2689    221.894    7.71232  235.43082     94.250 -9.990e-29
 -9.990e-29  -72.39322     20.308     20.152    18.3590    33.0769      8.009     0.1357 2.8294e+00  1023.8012    18.3555    23.7126     7.2695    221.913    7.71236  235.43189     94.258 -9.990e-29
 -9.990e-29  -72.39322     20.329     20.173    18.3589    33.0771      8.009     0.1357 2.8215e+00  1023.8015    18.3554    23.7128     7.2655    221.791    7.71240  235.43325     94.205 -9.990e-29
 -9.990e-29  -72.39322     20.329     20.173    18.3591    33.0771      8.009     0.1357 2.8135e+00  1023.8013    18.3556    23.7128     7.2651    221.780    7.71233  235.43111     94.201 -9.990e-29
 -9.990e-29  -72.39322     20.328     20.171    18.3591    33.0771      8.009     0.1357 2.8135e+00  1023.8013    18.3556    23.7128     7.2653    221.783    7.71234  235.43123     94.203 -9.990e-29
 -9.990e-29  -72.39322     20.340     20.184    18.3590    33.0771      8.009     0.1357 2.8056e+00  1023.8014    18.3555    23.7128     7.2695    221.913    7.71233  235.43091     94.258 -9.990e-29
 -9.990e-29  -72.39322     20.350     20.193    18.3591    33.0771      8.009     0.1357 2.8056e+00  1023.8014    18.3556    23.7127     7.2695    221.912    7.71222  235.42762     94.259 -9.990e-29
 -9.990e-29  -72.39322     20.348     20.192    18.3591    33.0771      8.009     0.1357 2.8084e+00  1023.8014    18.3556    23.7127     7.2649    221.771    7.71218  235.42628     94.200 -9.990e-29
 -9.990e-29  -72.39322     20.359     20.203    18.3592    33.0772      8.009     0.1357 2.8006e+00  1023.8014    18.3557    23.7128     7.2649    221.773    7.71220  235.42695     94.200 -9.990e-29
 -9.990e-29  -72.39322     20.359     20.203    18.3589    33.0774      8.009     0.1357 2.8006e+00  1023.8020    18.3554    23.7130     7.2645    221.760    7.71220  235.42677     94.195 -9.990e-29
 -9.990e-29  -72.39322     20.359     20.203    18.3591    33.0775      8.009     0.1357 2.8006e+00  1023.8018    18.3556    23.7131     7.2640    221.745    7.71213  235.42506     94.189 -9.990e-29
