CalculateIndicators/WaterTemperature/Data/CTD_NYOS/20230516_C09B.cnv
* Sea-Bird SBE 9 Data File:
* FileName = C:\Seabird 9 CTD\Data\2023\202305_offshore\20230516_C11.hex
* Software Version Seasave V 7.23.2
* Temperature SN = 4590
* Conductivity SN = 3228
* Number of Bytes Per Scan = 44
* Number of Voltage Words = 5
* Number of Scans Averaged by the Deck Unit = 1
* NMEA Latitude = 39 19.48 N
* NMEA Longitude = 072 04.74 W
* NMEA UTC (Time) = May 16 2023  08:05:18
* NMEA baud rate = 4800
** Ship: Seawolf
** Station: 9.7
** Operator: TDK
# nquan = 18
# nvalues = 483                         
# units = specified
# name 0 = latitude: Latitude [deg]
# name 1 = longitude: Longitude [deg]
# name 2 = prDM: Pressure, Digiquartz [db]
# name 3 = depSM: Depth [salt water, m]
# name 4 = t090C: Temperature [ITS-90, deg C]
# name 5 = sal00: Salinity, Practical [PSU]
# name 6 = ph: pH
# name 7 = flECO-AFL: Fluorescence, WET Labs ECO-AFL/FL [mg/m^3]
# name 8 = cpar: CPAR/Corrected Irradiance [%]
# name 9 = density00: Density [density, kg/m^3]
# name 10 = potemp090C: Potential Temperature [ITS-90, deg C]
# name 11 = sigma-100: Density [sigma-1, kg/m^3 ]
# name 12 = sbeox0Mg/L: Oxygen, SBE 43 [mg/l]
# name 13 = sbox0Mm/Kg: Oxygen, SBE 43 [umol/kg]
# name 14 = oxsolMg/L: Oxygen Saturation, Garcia & Gordon [mg/l]
# name 15 = oxsolMm/Kg: Oxygen Saturation, Garcia & Gordon [umol/kg]
# name 16 = sbeox0PS: Oxygen, SBE 43 [% saturation]
# name 17 = flag: flag
# span 0 =   39.32472,   39.32850       
# span 1 =  -72.07899,  -72.06935       
# span 2 =      2.000,    304.000       
# span 3 =      1.985,    301.467       
# span 4 =    10.5931,    15.1107       
# span 5 =    34.0577,    37.6178       
# span 6 =      7.819,      8.091       
# span 7 =    -0.0872,     0.8326       
# span 8 = -8.164e+03, 1.0866e+05       
# span 9 =  1025.4683,  1030.1709       
# span 10 =    10.5553,    15.0930      
# span 11 =    29.8403,    33.2812      
# span 12 =     3.2018,     8.4368      
# span 13 =     97.535,    257.068      
# span 14 =    8.08689,    8.80957      
# span 15 =  246.21233,  267.87823      
# span 16 =     38.521,    102.073      
# span 17 = 0.0000e+00, 0.0000e+00      
# interval = decibars: 1                
# start_time = May 16 2023 08:05:18 [System UTC, first data scan.]
# bad_flag = -9.990e-29
*END*
[from data line 81]
   39.32514  -72.07765     83.000     82.353    14.6586    35.5239 -9.990e-29     0.0247 5.0640e-11  1026.8190    14.6462    30.8124     7.1504    217.693    8.16098  248.46082     87.617 0.0000e+00
   39.32514  -72.07766     84.000     83.345    14.6772    35.5366 -9.990e-29     0.0247 5.0640e-11  1026.8292    14.6647    30.8178     7.1507    217.702    8.15588  248.30461     87.676 0.0000e+00
   39.32515  -72.07766     85.000     84.337    14.6929    35.5427 -9.990e-29     0.0153 5.0640e-11  1026.8350    14.6802    30.8188     7.1269    216.976    8.15678  248.33223     87.373 0.0000e+00
   39.32516  -72.07765     86.000     85.329    14.7050    35.5467 -9.990e-29    -0.0029 5.0640e-11  1026.8398    14.6921    30.8191     7.1242    216.894    8.15291  248.21327     87.382 0.0000e+00
   39.32516  -72.07764     87.000     86.321    14.7118    35.5496 -9.990e-29     0.0286 5.0640e-11  1026.8449    14.6988    30.8197     7.1190    216.734    8.14612  248.00510     87.391 0.0000e+00
   39.32516  -72.07762     88.000     87.313    14.7294    35.5647 -9.990e-29     0.0136 5.0640e-11  1026.8572    14.7162    30.8271     7.1023    216.226    8.14405  247.94167     87.208 0.0000e+00
   39.32517  -72.07761     89.000     88.304    14.7630    35.5759 -9.990e-29     0.0048 5.0640e-11  1026.8628    14.7496    30.8278     7.0968    216.060    8.14049  247.83326     87.180 0.0000e+00
   39.32518  -72.07760     90.000     89.296    14.7871    35.5856 -9.990e-29     0.0243 5.0640e-11  1026.8694    14.7736    30.8295     7.0852    215.704    8.13140  247.55534     87.134 0.0000e+00
   39.32518  -72.07759     91.000     90.288    14.8205    35.5981      8.022    -0.0029 5.0640e-11  1026.8759    14.8069    30.8309     7.0604    214.953    8.13170  247.56653     86.826 0.0000e+00
   39.32519  -72.07756     92.000     91.280    14.8378    35.5935      8.022    -0.0173 5.0640e-11  1026.8732    14.8239    30.8236     6.5042    198.018    8.12846  247.46909     80.016 0.0000e+00
   39.32520  -72.07756     93.000     92.272    14.8574    35.5820      8.021    -0.0008 5.0640e-11  1026.8644    14.8434    30.8102     6.2187    189.323    8.12456  247.34606     76.542 0.0000e+00
   39.32520  -72.07755     94.000     93.264    14.8726    35.6150      8.021    -0.0118 5.0640e-11  1026.8910    14.8584    30.8319     6.8846    209.595    8.12461  247.34657     84.737 0.0000e+00
   39.32521  -72.07753     95.000     94.256    14.8715    35.6258      8.021    -0.0164 5.0640e-11  1026.9039    14.8572    30.8404     6.9736    212.301    8.12533  247.36204     85.826 0.0000e+00
   39.32522 -9.990e-29     96.000     95.248    14.8571    35.6652      8.021    -0.0236 5.0640e-11  1026.9420    14.8426    30.8740     6.8785    209.399    8.12040  247.20510     84.707 0.0000e+00
   39.32522 -9.990e-29     97.000     96.240    14.8705    35.6951      8.021    -0.0346 5.0640e-11  1026.9665    14.8559    30.8938     6.9682    212.133    8.11776  247.12754     85.839 0.0000e+00
   39.32522  -72.07748     98.000     97.232    14.8862    35.6943      8.021    -0.0340 5.0640e-11  1026.9668    14.8714    30.8895     6.9714    212.232    8.11697  247.10534     85.887 0.0000e+00
   39.32524  -72.07746     99.000     98.224    14.9122    35.6695 -9.990e-29    -0.0349 5.0640e-11  1026.9463    14.8972    30.8643     7.0019    213.162    8.11382  247.01247     86.296 0.0000e+00
   39.32524  -72.07746    100.000     99.216    14.9181    35.6663 -9.990e-29    -0.0352 5.0640e-11  1026.9470    14.9030    30.8605     6.9892    212.772    8.11105  246.92479     86.169 0.0000e+00
   39.32524  -72.07745    101.000    100.208    14.9266    35.6792 -9.990e-29    -0.0475 2.5277e+04  1026.9595    14.9114    30.8684     6.9699    212.186    8.11023  246.90099     85.940 0.0000e+00
   39.32526  -72.07743    102.000    101.200    14.9497    35.6830      8.021    -0.0354 1.0866e+05  1026.9618    14.9342    30.8659     6.9886    212.742    8.09788  246.51140     86.301 0.0000e+00
   39.32526  -72.07742    103.000    102.192    14.9539    35.7084      8.021    -0.0370 -9.990e-29  1026.9848    14.9383    30.8843     6.9892    212.766    8.09647  246.47415     86.324 0.0000e+00
   39.32526  -72.07742    104.000    103.183    14.9688    35.7702      8.023    -0.0361 -9.990e-29  1027.0336    14.9530    30.9281     6.9940    212.915    8.09538  246.44376     86.395 0.0000e+00
   39.32526  -72.07740    105.000    104.175    15.0182    35.7414      8.026    -0.0496 5.0640e-11  1027.0047    15.0023    30.8942     6.9973    213.023    8.09246  246.36254     86.467 0.0000e+00
   39.32526  -72.07738    106.000    105.167    15.0585    35.7047      8.025    -0.0800 5.0640e-11  1026.9719    15.0423    30.8565     7.0419    214.384    8.09140  246.33326     87.030 0.0000e+00
   39.32526  -72.07738    107.000    106.159    15.0578    35.7068      8.025    -0.0759 5.0640e-11  1026.9782    15.0415    30.8585     7.0042    213.233    8.09212  246.35464     86.556 0.0000e+00
   39.32526  -72.07738    108.000    107.151    15.0566    35.6963 -9.990e-29    -0.0641 5.0640e-11  1026.9747    15.0401    30.8507     6.6796    203.351    8.09301  246.38120     82.535 0.0000e+00
   39.32528  -72.07734    109.000    108.143    15.0432    35.6873      8.025    -0.0443 5.0640e-11  1026.9752    15.0266    30.8470     5.4644    166.359    8.09443  246.42572     67.509 0.0000e+00
   39.32528  -72.07733    110.000    109.135    15.0427    35.6854      8.024    -0.0397 5.0640e-11  1026.9783    15.0260    30.8458     5.3619    163.238    8.09459  246.43092     66.241 0.0000e+00
   39.32529  -72.07731    111.000    110.127    15.0410    35.6832      8.024    -0.0489 5.0640e-11  1026.9814    15.0241    30.8445     5.2016    158.358    8.09471  246.43496     64.260 0.0000e+00
   39.32530 -9.990e-29    112.000    111.119    15.0387    35.6791      8.023    -0.0525 5.0640e-11  1026.9832    15.0217    30.8420     4.9246    149.927    8.09429  246.42480     60.841 0.0000e+00
   39.32530 -9.990e-29    113.000    112.110    15.0440    35.6721      8.024    -0.0406 5.0640e-11  1026.9809    15.0269    30.8353     4.8485    147.609    8.09453  246.43206     59.899 0.0000e+00
   39.32532  -72.07728    114.000    113.102    15.0466    35.6664      8.025    -0.0591 5.0640e-11  1026.9805    15.0293    30.8305     4.7312    144.042    8.08946  246.28677     58.485 0.0000e+00
   39.32532  -72.07728    115.000    114.094    15.0928    35.6259      8.025    -0.0552 5.0640e-11  1026.9433    15.0753    30.7884     4.7299    144.005    8.08689  246.21233     58.488 0.0000e+00
   39.32532  -72.07725    116.000    115.086    15.1107    35.6160      8.025    -0.0552 5.0640e-11  1026.9361    15.0930    30.7766     4.9841    151.737    8.09167  246.34599     61.595 0.0000e+00
   39.32533  -72.07724    117.000    116.078    15.0696    35.6599      8.024    -0.0413 5.0640e-11  1026.9836    15.0518    30.8201     4.9725    151.381    8.09545  246.45409     61.424 0.0000e+00
   39.32535  -72.07723    118.000    117.070    15.0299    35.6953      8.023    -0.0595 5.0640e-11  1027.0241    15.0119    30.8567     4.9140    149.590    8.10448  246.71252     60.633 0.0000e+00
   39.32535  -72.07722    119.000    118.061    14.9776    35.7411 -9.990e-29    -0.0640 5.0640e-11  1027.0755    14.9595    30.9042     4.8325    147.105    8.10716  246.78914     59.608 0.0000e+00
   39.32536  -72.07719    120.000    119.053    14.9165    35.7939      8.021    -0.0659 5.0640e-11  1027.1342    14.8983    30.9592     4.7970    146.035    8.12393  247.31594     59.047 0.0000e+00
   39.32537  -72.07720    121.000    120.045    14.8941    35.7290      8.021    -0.0780 5.0640e-11  1027.0944    14.8757    30.9158     6.2186    189.316    8.12879  247.46894     76.501 0.0000e+00
   39.32538  -72.07718    122.000    121.037    14.8497    35.6420      8.021    -0.0724 5.0640e-11  1027.0409    14.8313    30.8591     7.0513    214.667    8.12885  247.47176     86.744 0.0000e+00
   39.32538  -72.07715    123.000    122.029    14.8399    35.6463      8.021    -0.0771 5.0640e-11  1027.0507    14.8214    30.8646     6.2102    189.064    8.12953  247.49700     76.390 0.0000e+00
   39.32540  -72.07714    124.000    123.020    14.8453    35.6206      8.020    -0.0821 5.0640e-11  1027.0341    14.8266    30.8437     6.4787    197.238    8.12993  247.50969     79.689 0.0000e+00
   39.32540  -72.07712    125.000    124.012    14.8440    35.6118      8.017    -0.0827 5.0640e-11  1027.0321    14.8251    30.8374     6.3031    191.891    8.12932  247.48872     77.535 0.0000e+00
   39.32542  -72.07710    126.000    125.004    14.8429    35.6300      8.017    -0.0813 5.0640e-11  1027.0507    14.8239    30.8515     5.4569    166.128    8.12833  247.45541     67.135 0.0000e+00
   39.32542  -72.07709    127.000    125.996    14.8434    35.6339      8.017    -0.0766 5.0640e-11  1027.0581    14.8242    30.8545     5.3054    161.516    8.12815  247.44948     65.272 0.0000e+00
   39.32544  -72.07708    128.000    126.988    14.8445    35.6447      8.017    -0.0736 5.0640e-11  1027.0706    14.8252    30.8625     4.9516    150.741    8.12788  247.43945     60.920 0.0000e+00
 -9.990e-29  -72.07708    129.000    127.979    14.8437    35.6498      8.017    -0.0660 5.0640e-11  1027.0791    14.8242    30.8666     4.8158    146.607    8.12815  247.44621     59.248 0.0000e+00
   39.32546  -72.07706    130.000    128.971    14.8382    35.6594      8.017    -0.0596 5.0640e-11  1027.0921    14.8186    30.8753     4.6388    141.220    8.12895  247.46807     57.066 0.0000e+00
   39.32545  -72.07706    131.000    129.963    14.8310    35.6687 -9.990e-29    -0.0775 5.0640e-11  1027.1053    14.8112    30.8842     4.5092    137.270    8.12981  247.49207     55.465 0.0000e+00
   39.32546  -72.07705    132.000    130.955    14.8227    35.6780 -9.990e-29    -0.0739 5.0640e-11  1027.1188    14.8028    30.8933     4.3938    133.758    8.13072  247.51771     54.040 0.0000e+00
   39.32546  -72.07704    133.000    131.947    14.8168    35.6842      8.016    -0.0639 5.0640e-11  1027.1293    14.7967    30.8994     4.3200    131.510    8.13137  247.53635     53.128 0.0000e+00
   39.32546  -72.07703    134.000    132.938    14.8078    35.6927      8.013    -0.0593 5.0640e-11  1027.1422    14.7876    30.9081     4.2223    128.536    8.13243  247.56675     51.920 0.0000e+00
   39.32547  -72.07701    135.000    133.930    14.7993    35.7002      8.012    -0.0660 5.0640e-11  1027.1544    14.7789    30.9160     4.1398    126.023    8.13342  247.59515     50.899 0.0000e+00
   39.32548  -72.07699    136.000    134.922    14.7914    35.7067 -9.990e-29    -0.0602 5.0640e-11  1027.1655    14.7709    30.9228     4.0679    123.833    8.13438  247.62281     50.009 0.0000e+00
   39.32548  -72.07698    137.000    135.913    14.7848    35.7118      8.012    -0.0659 5.0640e-11  1027.1753    14.7642    30.9283     4.0194    122.356    8.13534  247.65046     49.407 0.0000e+00
   39.32550  -72.07698    138.000    136.905    14.7811    35.7145      8.011 -9.990e-29 5.0640e-11  1027.1827    14.7603    30.9313     3.9898    121.455    8.13584  247.66492     49.040 0.0000e+00
   39.32550  -72.07698    139.000    137.897    14.7660    35.7253      8.010    -0.0617 5.0640e-11  1027.1988    14.7451    30.9432     3.8992    118.694    8.13782  247.72264     47.914 0.0000e+00
   39.32550 -9.990e-29    140.000    138.889    14.7615    35.7278      8.010    -0.0592 5.0640e-11  1027.2061    14.7404    30.9462     3.8815    118.157    8.13860  247.74548     47.693 0.0000e+00
   39.32550  -72.07693    141.000    139.880    14.7517    35.7339      8.009    -0.0593 5.0640e-11  1027.2174    14.7305    30.9532     3.8673    117.722    8.13990  247.78317     47.510 0.0000e+00
   39.32550  -72.07692    142.000    140.872    14.7398    35.7412 -9.990e-29    -0.0576 5.0640e-11  1027.2301    14.7185    30.9617     3.8826    118.186    8.14213  247.84835     47.685 0.0000e+00
   39.32551  -72.07691    143.000    141.864    14.7296    35.7471      8.008    -0.0581 5.0640e-11  1027.2413    14.7081    30.9686     3.9587    120.503    8.14369  247.89494     48.610 0.0000e+00
   39.32552  -72.07690    144.000    142.856    14.7117    35.7539      8.008    -0.0665 5.0640e-11  1027.2549    14.6900    30.9781     4.2114    128.195    8.14687  247.99207     51.693 0.0000e+00
   39.32553  -72.07688    145.000    143.847    14.6958    35.7453      8.008    -0.0647 5.0640e-11  1027.2562    14.6741    30.9753     4.5057    137.154    8.14941  248.06993     55.288 0.0000e+00
   39.32554  -72.07688    146.000    144.839    14.6840    35.7395      8.008    -0.0688 5.0640e-11  1027.2588    14.6621    30.9737     4.6671    142.067    8.15183  248.14289     57.252 0.0000e+00
   39.32554  -72.07686    147.000    145.831    14.6656    35.7409      8.006    -0.0598 5.0640e-11  1027.2683    14.6436    30.9791     4.7482    144.534    8.15528  248.24272     58.223 0.0000e+00
   39.32554  -72.07684    148.000    146.822    14.6449    35.7554 -9.990e-29    -0.0604 5.0640e-11  1027.2885    14.6228    30.9952     4.7357    144.149    8.15768  248.31134     58.052 0.0000e+00
   39.32556  -72.07683    149.000    147.814    14.6248    35.7730 -9.990e-29    -0.0608 5.0640e-11  1027.3109    14.6025    31.0134     4.6788    142.415    8.15861  248.33710     57.348 0.0000e+00
   39.32556  -72.07682    150.000    148.806    14.6084    35.7921 -9.990e-29    -0.0682 -9.990e-29  1027.3338    14.5860    31.0320     4.5225    137.658    8.15966  248.36577     55.426 0.0000e+00
   39.32556  -72.07680    151.000    149.797    14.6067    35.7952 -9.990e-29    -0.0759 -9.990e-29  1027.3409    14.5841    31.0347     4.4691    136.031    8.15991  248.37265     54.769 0.0000e+00
   39.32557  -72.07677    152.000    150.789    14.5999    35.8029 -9.990e-29    -0.0641 9.9999e+04  1027.3527    14.5772    31.0422     4.3657    132.884    8.15982  248.36998     53.502 0.0000e+00
   39.32558  -72.07676    153.000    151.781    14.5995    35.8040      7.999    -0.0713 9.9999e+04  1027.3581    14.5767    31.0432     4.2524    129.436    8.16034  248.38529     52.111 0.0000e+00
 -9.990e-29  -72.07675    154.000    152.772    14.5976    35.8053      7.998    -0.0705 9.9999e+04  1027.3640    14.5746    31.0447     4.2151    128.300    8.16087  248.40058     51.650 0.0000e+00
   39.32560  -72.07673    155.000    153.764    14.5870    35.8126      7.996    -0.0550 3.3003e+04  1027.3764    14.5638    31.0528     4.1239    125.520    8.16270  248.45385     50.521 0.0000e+00
   39.32560  -72.07672    156.000    154.756    14.5798    35.8176 -9.990e-29    -0.0433 -2.399e+02  1027.3862    14.5565    31.0584     4.0931    124.585    8.16378  248.48523     50.138 0.0000e+00
   39.32560  -72.07671    157.000    155.747    14.5765    35.8198 -9.990e-29    -0.0434 5.0640e-11  1027.3930    14.5530    31.0609     4.0765    124.077    8.16430  248.50023     49.930 0.0000e+00
   39.32560  -72.07670    158.000    156.739    14.5676    35.8254      7.996    -0.0563 5.0640e-11  1027.4038    14.5440    31.0673     4.0349    122.810    8.16555  248.53672     49.413 0.0000e+00
   39.32560  -72.07670    159.000    157.731    14.5477    35.8375      7.996    -0.0667 5.0640e-11  1027.4219    14.5240    31.0813     3.9654    120.693    8.16823  248.61491     48.546 0.0000e+00
   39.32560  -72.07670    160.000    158.722    14.5435    35.8400      7.999    -0.0634 5.0640e-11  1027.4292    14.5196    31.0843     3.9538    120.339    8.16880  248.63181     48.401 0.0000e+00
   39.32561  -72.07669    161.000    159.714    14.5343    35.8451      7.999    -0.0579 5.0640e-11  1027.4396    14.5103    31.0904     3.9282    119.562    8.17003  248.66791     48.081 0.0000e+00
