CalculateIndicators/WaterTemperature/Data/CTD_NYOS/20231004_C13.cnv
* Sea-Bird SBE 9 Data File:
* FileName = C:\Seabird 9 CTD\Data\2023\202309_offshore\20231004_C13.hex
* Software Version Seasave V 7.23.2
* Temperature SN = 4590
* Conductivity SN = 3228
* Number of Bytes Per Scan = 44
* Number of Voltage Words = 5
* Number of Scans Averaged by the Deck Unit = 1
* NMEA Latitude = 39 46.54 N
* NMEA Longitude = 072 23.52 W
* NMEA UTC (Time) = Oct 04 2023  12:51:15
* NMEA baud rate = 4800
** Ship: seawolf
** Station: 9.5
** Operator: TDK
# nquan = 18
# nvalues = 18378                       
# units = specified
# name 0 = latitude: Latitude [deg]
# name 1 = longitude: Longitude [deg]
# name 2 = prDM: Pressure, Digiquartz [db]
# name 3 = depSM: Depth [salt water, m]
# name 4 = t090C: Temperature [ITS-90, deg C]
# name 5 = sal00: Salinity, Practical [PSU]
# name 6 = ph: pH
# name 7 = flECO-AFL: Fluorescence, WET Labs ECO-AFL/FL [mg/m^3]
# name 8 = cpar: CPAR/Corrected Irradiance [%]
# name 9 = density00: Density [density, kg/m^3]
# name 10 = potemp090C: Potential Temperature [ITS-90, deg C]
# name 11 = sigma-é00: Density [sigma-theta, kg/m^3]
# name 12 = sbeox0Mg/L: Oxygen, SBE 43 [mg/l]
# name 13 = sbox0Mm/Kg: Oxygen, SBE 43 [umol/kg]
# name 14 = oxsolMg/L: Oxygen Saturation, Garcia & Gordon [mg/l]
# name 15 = oxsolMm/Kg: Oxygen Saturation, Garcia & Gordon [umol/kg]
# name 16 = sbeox0PS: Oxygen, SBE 43 [% saturation]
# name 17 = flag:  0.000e+00
# span 0 =   39.77566,   39.77610       
# span 1 =  -72.39346,  -72.39200       
# span 2 =      1.920,     83.533       
# span 3 =      1.906,     82.878       
# span 4 =    10.0958,    18.3753       
# span 5 =    32.0945,    33.1438       
# span 6 =      7.711,      8.019       
# span 7 =    -0.0389,     0.2297       
# span 8 = 5.0089e-14, 5.6173e+00       
# span 9 =  1023.5967,  1025.7894       
# span 10 =    10.0880,    18.3718      
# span 11 =    23.5878,    25.4138      
# span 12 =     5.5419,     7.4145      
# span 13 =    168.925,    226.366      
# span 14 =    7.70970,    9.12369      
# span 15 =  235.35077,  278.07013      
# span 16 =     60.941,     94.962      
# span 17 = 0.0000e+00, 0.0000e+00      
# interval = seconds: 0.0416667
# start_time = Oct 04 2023 12:51:16 [System UTC, first data scan.]
# bad_flag = -9.990e-29
*END*
[from data line 4825]
   39.77584 -9.990e-29     82.782     82.132    10.1331    33.0502      7.735    -0.0121 5.1568e-14  1025.7824    10.1237    25.4090     5.7748    175.992    9.11199  277.69762     63.376 -9.990e-29
   39.77584 -9.990e-29     82.788     82.139    10.1328    33.0501      7.735    -0.0121 5.1515e-14  1025.7827    10.1234    25.4090     5.7733    175.948    9.11197  277.69699     63.360 -9.990e-29
   39.77584 -9.990e-29     82.793     82.143    10.1326    33.0501      7.731     0.0013 5.1515e-14  1025.7824    10.1232    25.4090     5.7727    175.929    9.11205  277.69936     63.352 -9.990e-29
   39.77584 -9.990e-29     82.788     82.139    10.1323    33.0501      7.735    -0.0121 5.1515e-14  1025.7827    10.1229    25.4090     5.7720    175.908    9.11205  277.69924     63.345 -9.990e-29
   39.77584 -9.990e-29     82.813     82.164    10.1323    33.0499      7.731    -0.0121 5.1463e-14  1025.7826    10.1229    25.4088     5.7771    176.063    9.11206  277.69974     63.401 -9.990e-29
   39.77584 -9.990e-29     82.813     82.164    10.1323    33.0495      7.735     0.0013 5.1463e-14  1025.7822    10.1229    25.4085     5.7771    176.064    9.11207  277.69999     63.401 -9.990e-29
   39.77584 -9.990e-29     82.819     82.170    10.1319    33.0495      7.731    -0.0121 5.1463e-14  1025.7819    10.1225    25.4083     5.7714    175.889    9.11212  277.70141     63.338 -9.990e-29
   39.77584 -9.990e-29     82.823     82.174    10.1317    33.0495      7.735    -0.0121 5.1463e-14  1025.7820    10.1223    25.4084     5.7706    175.866    9.11208  277.70014     63.329 -9.990e-29
   39.77584 -9.990e-29     82.823     82.174    10.1313    33.0497      7.731    -0.0121 5.1411e-14  1025.7823    10.1219    25.4088     5.7699    175.843    9.11211  277.70103     63.321 -9.990e-29
   39.77584 -9.990e-29     82.840     82.190    10.1308    33.0504      7.731    -0.0121 5.1411e-14  1025.7835    10.1214    25.4095     5.7691    175.820    9.11207  277.70003     63.313 -9.990e-29
   39.77584 -9.990e-29     82.844     82.194    10.1310    33.0510      7.735    -0.0121 5.1411e-14  1025.7839    10.1216    25.4100     5.7742    175.974    9.11213  277.70187     63.368 -9.990e-29
   39.77584 -9.990e-29     82.849     82.200    10.1308    33.0513      7.731    -0.0121 5.1359e-14  1025.7842    10.1214    25.4102     5.7684    175.798    9.11215  277.70240     63.304 -9.990e-29
   39.77584 -9.990e-29     82.844     82.194    10.1310    33.0513      7.735    -0.0121 5.1359e-14  1025.7843    10.1216    25.4103     5.7676    175.774    9.11215  277.70239     63.296 -9.990e-29
   39.77584 -9.990e-29     82.865     82.215    10.1315    33.0513      7.731     0.0013 5.1307e-14  1025.7839    10.1221    25.4101     5.7669    175.751    9.11219  277.70356     63.287 -9.990e-29
   39.77584 -9.990e-29     82.870     82.220    10.1313    33.0510      7.735    -0.0121 5.1307e-14  1025.7839    10.1219    25.4099     5.7661    175.729    9.11228  277.70608     63.279 -9.990e-29
   39.77584 -9.990e-29     82.865     82.215    10.1314    33.0508      7.731     0.0013 5.1307e-14  1025.7835    10.1220    25.4097     5.7653    175.704    9.11221  277.70410     63.270 -9.990e-29
   39.77584 -9.990e-29     82.884     82.234    10.1315    33.0506      7.735     0.0013 5.1255e-14  1025.7837    10.1221    25.4095     5.7645    175.680    9.11221  277.70425     63.262 -9.990e-29
   39.77584 -9.990e-29     82.891     82.241    10.1315    33.0504      7.731     0.0148 5.1255e-14  1025.7833    10.1221    25.4094     5.7695    175.832    9.11219  277.70348     63.316 -9.990e-29
   39.77584 -9.990e-29     82.895     82.245    10.1313    33.0504      7.735     0.0013 5.1255e-14  1025.7834    10.1219    25.4093     5.7695    175.830    9.11219  277.70368     63.316 -9.990e-29
   39.77584 -9.990e-29     82.901     82.251    10.1313    33.0504      7.731     0.0013 5.1203e-14  1025.7834    10.1219    25.4094     5.7694    175.828    9.11221  277.70414     63.315 -9.990e-29
   39.77584 -9.990e-29     82.905     82.255    10.1311    33.0504      7.731     0.0013 5.1203e-14  1025.7839    10.1217    25.4095     5.7700    175.847    9.11219  277.70345     63.322 -9.990e-29
   39.77584 -9.990e-29     82.916     82.266    10.1311    33.0505      7.731     0.0013 5.1203e-14  1025.7837    10.1217    25.4095     5.7649    175.693    9.11222  277.70441     63.266 -9.990e-29
   39.77584 -9.990e-29     82.921     82.271    10.1315    33.0505      7.731     0.0148 5.1203e-14  1025.7834    10.1221    25.4094     5.7657    175.715    9.11222  277.70454     63.274 -9.990e-29
   39.77584 -9.990e-29     82.935     82.285    10.1310    33.0504      7.735     0.0013 5.1203e-14  1025.7840    10.1216    25.4095     5.7665    175.739    9.11222  277.70455     63.283 -9.990e-29
   39.77584 -9.990e-29     82.935     82.285    10.1311    33.0504      7.735     0.0013 5.1151e-14  1025.7838    10.1217    25.4095     5.7673    175.765    9.11224  277.70492     63.292 -9.990e-29
   39.77584 -9.990e-29     82.942     82.292    10.1311    33.0502      7.735     0.0013 5.1151e-14  1025.7835    10.1217    25.4093     5.7682    175.793    9.11223  277.70467     63.302 -9.990e-29
   39.77584 -9.990e-29     82.956     82.306    10.1310    33.0502      7.735     0.0013 5.1151e-14  1025.7836    10.1216    25.4093     5.7692    175.822    9.11218  277.70301     63.313 -9.990e-29
   39.77584 -9.990e-29     82.963     82.313    10.1310    33.0502      7.731     0.0013 5.1100e-14  1025.7837    10.1216    25.4093     5.7694    175.829    9.11215  277.70207     63.316 -9.990e-29
   39.77584 -9.990e-29     82.956     82.306    10.1306    33.0502      7.731     0.0013 5.1100e-14  1025.7838    10.1212    25.4093     5.7697    175.839    9.11218  277.70323     63.319 -9.990e-29
   39.77584 -9.990e-29     82.977     82.326    10.1306    33.0502      7.735     0.0013 5.1100e-14  1025.7836    10.1212    25.4093     5.7701    175.849    9.11220  277.70389     63.322 -9.990e-29
   39.77584 -9.990e-29     82.973     82.322    10.1305    33.0502      7.731     0.0013 5.1100e-14  1025.7836    10.1211    25.4093     5.7704    175.860    9.11220  277.70402     63.326 -9.990e-29
   39.77584 -9.990e-29     82.988     82.337    10.1305    33.0503      7.731     0.0148 5.1048e-14  1025.7840    10.1211    25.4094     5.7766    176.048    9.11224  277.70507     63.394 -9.990e-29
   39.77584 -9.990e-29     82.988     82.337    10.1301    33.0504      7.731     0.0013 5.1048e-14  1025.7841    10.1207    25.4096     5.7720    175.908    9.11229  277.70666     63.343 -9.990e-29
   39.77584 -9.990e-29     83.003     82.352    10.1301    33.0504      7.731     0.0148 5.1048e-14  1025.7841    10.1207    25.4096     5.7724    175.920    9.11227  277.70600     63.347 -9.990e-29
   39.77584 -9.990e-29     82.998     82.347    10.1298    33.0505      7.735     0.0013 5.1048e-14  1025.7842    10.1204    25.4097     5.7729    175.934    9.11231  277.70720     63.352 -9.990e-29
   39.77584 -9.990e-29     83.018     82.367    10.1300    33.0507      7.731     0.0013 5.1048e-14  1025.7846    10.1206    25.4099     5.7725    175.924    9.11227  277.70594     63.349 -9.990e-29
   39.77584 -9.990e-29     83.014     82.363    10.1298    33.0508      7.731     0.0013 5.1048e-14  1025.7847    10.1204    25.4100     5.7730    175.940    9.11233  277.70763     63.354 -9.990e-29
   39.77584 -9.990e-29     83.028     82.377    10.1300    33.0509      7.731     0.0013 5.1048e-14  1025.7846    10.1206    25.4100     5.7727    175.930    9.11229  277.70657     63.351 -9.990e-29
   39.77584 -9.990e-29     83.024     82.373    10.1299    33.0509      7.731     0.0013 5.1048e-14  1025.7848    10.1205    25.4101     5.7725    175.923    9.11232  277.70735     63.348 -9.990e-29
   39.77584 -9.990e-29     83.039     82.388    10.1300    33.0509      7.731     0.0013 5.1048e-14  1025.7849    10.1206    25.4102     5.7722    175.913    9.11227  277.70596     63.345 -9.990e-29
   39.77584 -9.990e-29     83.039     82.388    10.1303    33.0508      7.731    -0.0121 5.1048e-14  1025.7848    10.1209    25.4099     5.7719    175.906    9.11232  277.70748     63.342 -9.990e-29
   39.77584 -9.990e-29     83.056     82.405    10.1305    33.0505      7.735    -0.0121 5.1048e-14  1025.7842    10.1211    25.4097     5.7724    175.921    9.11232  277.70748     63.348 -9.990e-29
   39.77584 -9.990e-29     83.049     82.398    10.1306    33.0503      7.731    -0.0121 5.1048e-14  1025.7843    10.1212    25.4095     5.7722    175.913    9.11229  277.70654     63.345 -9.990e-29
   39.77584 -9.990e-29     83.059     82.407    10.1310    33.0503      7.731    -0.0121 5.1048e-14  1025.7839    10.1216    25.4094     5.7719    175.905    9.11226  277.70559     63.342 -9.990e-29
   39.77584 -9.990e-29     83.066     82.414    10.1306    33.0503      7.731     0.0013 5.1048e-14  1025.7842    10.1212    25.4094     5.7717    175.898    9.11229  277.70648     63.339 -9.990e-29
   39.77584 -9.990e-29     83.070     82.418    10.1304    33.0504      7.731    -0.0121 5.1048e-14  1025.7846    10.1210    25.4095     5.7656    175.714    9.11228  277.70622     63.273 -9.990e-29
   39.77584 -9.990e-29     83.079     82.428    10.1306    33.0505      7.731     0.0013 5.1048e-14  1025.7843    10.1212    25.4096     5.7704    175.860    9.11227  277.70586     63.326 -9.990e-29
   39.77584 -9.990e-29     83.086     82.435    10.1306    33.0505      7.731    -0.0121 5.1048e-14  1025.7847    10.1212    25.4096     5.7702    175.853    9.11224  277.70503     63.324 -9.990e-29
   39.77584 -9.990e-29     83.090     82.439    10.1306    33.0505      7.731    -0.0121 5.1048e-14  1025.7846    10.1212    25.4096     5.7700    175.846    9.11224  277.70496     63.321 -9.990e-29
   39.77584 -9.990e-29     83.090     82.439    10.1308    33.0504      7.731     0.0013 5.1048e-14  1025.7844    10.1214    25.4095     5.7698    175.839    9.11223  277.70454     63.319 -9.990e-29
   39.77584 -9.990e-29     83.107     82.455    10.1305    33.0504      7.735    -0.0121 5.1048e-14  1025.7843    10.1211    25.4094     5.7694    175.830    9.11210  277.70065     63.316 -9.990e-29
   39.77584 -9.990e-29     83.111     82.460    10.1305    33.0504      7.735    -0.0121 5.1048e-14  1025.7844    10.1211    25.4095     5.7692    175.824    9.11211  277.70106     63.314 -9.990e-29
   39.77584 -9.990e-29     83.121     82.469    10.1303    33.0503      7.731    -0.0121 5.1048e-14  1025.7847    10.1209    25.4096     5.7690    175.816    9.11206  277.69960     63.312 -9.990e-29
   39.77584 -9.990e-29     83.117     82.465    10.1302    33.0503      7.731     0.0013 5.1048e-14  1025.7848    10.1208    25.4096     5.7695    175.832    9.11200  277.69768     63.318 -9.990e-29
   39.77584 -9.990e-29     83.131     82.479    10.1301    33.0503      7.731    -0.0121 5.1048e-14  1025.7846    10.1207    25.4095     5.7701    175.850    9.11196  277.69650     63.324 -9.990e-29
   39.77584 -9.990e-29     83.131     82.479    10.1303    33.0503      7.731     0.0013 5.1100e-14  1025.7846    10.1209    25.4095     5.7700    175.846    9.11200  277.69782     63.323 -9.990e-29
   39.77584 -9.990e-29     83.138     82.486    10.1301    33.0503      7.731    -0.0121 5.1100e-14  1025.7847    10.1207    25.4095     5.7698    175.841    9.11199  277.69754     63.321 -9.990e-29
   39.77584 -9.990e-29     83.151     82.499    10.1303    33.0503      7.735    -0.0121 5.1100e-14  1025.7847    10.1209    25.4095     5.7697    175.836    9.11201  277.69820     63.319 -9.990e-29
   39.77584 -9.990e-29     83.147     82.495    10.1300    33.0503      7.731    -0.0121 5.1100e-14  1025.7848    10.1205    25.4095     5.7695    175.831    9.11198  277.69716     63.318 -9.990e-29
   39.77584 -9.990e-29     83.163     82.510    10.1300    33.0503      7.731    -0.0121 5.1100e-14  1025.7847    10.1205    25.4095     5.7701    175.851    9.11203  277.69860     63.324 -9.990e-29
   39.77584 -9.990e-29     83.163     82.510    10.1299    33.0503      7.731    -0.0121 5.1100e-14  1025.7849    10.1205    25.4095     5.7700    175.847    9.11202  277.69848     63.323 -9.990e-29
   39.77584 -9.990e-29     83.179     82.527    10.1298    33.0503      7.735    -0.0121 5.1151e-14  1025.7847    10.1204    25.4096     5.7698    175.841    9.11190  277.69493     63.322 -9.990e-29
   39.77584 -9.990e-29     83.182     82.530    10.1292    33.0505      7.731     0.0013 5.1151e-14  1025.7854    10.1197    25.4098     5.7697    175.838    9.11192  277.69524     63.320 -9.990e-29
   39.77584 -9.990e-29     83.182     82.530    10.1295    33.0507      7.731    -0.0121 5.1151e-14  1025.7853    10.1200    25.4099     5.7695    175.833    9.11187  277.69392     63.319 -9.990e-29
   39.77584 -9.990e-29     83.199     82.546    10.1295    33.0507      7.731    -0.0255 5.1151e-14  1025.7854    10.1200    25.4100     5.7694    175.828    9.11183  277.69259     63.318 -9.990e-29
   39.77584 -9.990e-29     83.203     82.550    10.1295    33.0507      7.731    -0.0255 5.1151e-14  1025.7857    10.1200    25.4100     5.7692    175.823    9.11178  277.69107     63.316 -9.990e-29
   39.77584 -9.990e-29     83.203     82.550    10.1296    33.0507      7.731    -0.0255 5.1203e-14  1025.7853    10.1202    25.4099     5.7698    175.842    9.11167  277.68804     63.323 -9.990e-29
   39.77584 -9.990e-29     83.219     82.567    10.1295    33.0506      7.735    -0.0255 5.1203e-14  1025.7855    10.1200    25.4099     5.7705    175.861    9.11159  277.68544     63.331 -9.990e-29
   39.77584 -9.990e-29     83.214     82.561    10.1297    33.0505      7.731    -0.0255 5.1203e-14  1025.7852    10.1203    25.4098     5.7712    175.882    9.11155  277.68443     63.339 -9.990e-29
   39.77584 -9.990e-29     83.235     82.582    10.1295    33.0505      7.731    -0.0255 5.1203e-14  1025.7855    10.1200    25.4098     5.7719    175.904    9.11151  277.68310     63.347 -9.990e-29
   39.77584 -9.990e-29     83.240     82.587    10.1295    33.0505      7.731    -0.0255 5.1203e-14  1025.7854    10.1200    25.4098     5.7719    175.906    9.11157  277.68495     63.347 -9.990e-29
   39.77584 -9.990e-29     83.244     82.591    10.1295    33.0506      7.731    -0.0255 5.1203e-14  1025.7854    10.1200    25.4099     5.7719    175.905    9.11153  277.68368     63.347 -9.990e-29
   39.77584 -9.990e-29     83.254     82.601    10.1293    33.0508      7.731    -0.0255 5.1203e-14  1025.7858    10.1199    25.4100     5.7777    176.082    9.11157  277.68481     63.411 -9.990e-29
   39.77584 -9.990e-29     83.261     82.608    10.1293    33.0510      7.731    -0.0255 5.1255e-14  1025.7859    10.1199    25.4102     5.7727    175.928    9.11158  277.68547     63.355 -9.990e-29
   39.77584 -9.990e-29     83.265     82.612    10.1295    33.0510      7.731    -0.0255 5.1255e-14  1025.7861    10.1200    25.4103     5.7726    175.927    9.11158  277.68534     63.355 -9.990e-29
   39.77584  -72.39258     83.275     82.622    10.1297    33.0510      7.731    -0.0255 5.1255e-14  1025.7860    10.1203    25.4102     5.7726    175.925    9.11153  277.68376     63.354 -9.990e-29
   39.77584  -72.39258     83.282     82.629    10.1296    33.0508      7.731    -0.0255 5.1255e-14  1025.7858    10.1202    25.4100     5.7726    175.925    9.11158  277.68547     63.354 -9.990e-29
   39.77584  -72.39258     83.286     82.633    10.1296    33.0505      7.735    -0.0255 5.1255e-14  1025.7856    10.1202    25.4098     5.7725    175.923    9.11154  277.68440     63.354 -9.990e-29
   39.77584  -72.39258     83.296     82.642    10.1296    33.0503      7.731    -0.0255 5.1255e-14  1025.7855    10.1202    25.4096     5.7725    175.922    9.11154  277.68440     63.353 -9.990e-29
