CalculateIndicators/WaterTemperature/Data/CTD_NYOS/20230516_C10_2.cnv
* Sea-Bird SBE 9 Data File:
* FileName = C:\Seabird 9 CTD\Data\2023\202305_offshore\20230516_C10_2.hex
* Software Version Seasave V 7.23.2
* Temperature SN = 4590
* Conductivity SN = 3228
* Number of Bytes Per Scan = 44
* Number of Voltage Words = 5
* Number of Scans Averaged by the Deck Unit = 1
* NMEA Latitude = 39 19.60 N
* NMEA Longitude = 072 04.59 W
* NMEA UTC (Time) = May 16 2023  06:40:41
* NMEA baud rate = 4800
** Ship: seawolf
** Station: 9.7
** Operator: TDK
# nquan = 18
# nvalues = 10961                       
# units = specified
# name 0 = latitude: Latitude [deg]
# name 1 = longitude: Longitude [deg]
# name 2 = prDM: Pressure, Digiquartz [db]
# name 3 = depSM: Depth [salt water, m]
# name 4 = t090C: Temperature [ITS-90, deg C]
# name 5 = sal00: Salinity, Practical [PSU]
# name 6 = ph: pH
# name 7 = flECO-AFL: Fluorescence, WET Labs ECO-AFL/FL [mg/m^3]
# name 8 = cpar: CPAR/Corrected Irradiance [%]
# name 9 = density00: Density [density, kg/m^3]
# name 10 = potemp090C: Potential Temperature [ITS-90, deg C]
# name 11 = sigma-é00: Density [sigma-theta, kg/m^3]
# name 12 = sbeox0Mg/L: Oxygen, SBE 43 [mg/l]
# name 13 = sbox0Mm/Kg: Oxygen, SBE 43 [umol/kg]
# name 14 = oxsolMg/L: Oxygen Saturation, Garcia & Gordon [mg/l]
# name 15 = oxsolMm/Kg: Oxygen Saturation, Garcia & Gordon [umol/kg]
# name 16 = sbeox0PS: Oxygen, SBE 43 [% saturation]
# name 17 = flag:  0.000e+00
# span 0 =   39.32666,   39.32784       
# span 1 =  -72.07650,  -72.07332       
# span 2 =      0.221,    103.056       
# span 3 =      0.219,    102.247       
# span 4 =    13.8218,    15.1531       
# span 5 =     1.7799,    35.7187       
# span 6 =      8.018,      8.094       
# span 7 =    -0.2136,     4.6753       
# span 8 = 5.0640e-11, 9.9999e+04       
# span 9 =  1000.5150,  1026.9479       
# span 10 =    13.8218,    15.1375      
# span 11 =     0.5916,    26.4960      
# span 12 =     7.0869,    10.3380      
# span 13 =    215.753,    322.900      
# span 14 =    8.07470,   10.23538      
# span 15 =  245.82460,  319.69622      
# span 16 =     83.226,    101.417      
# span 17 = 0.0000e+00, 0.0000e+00      
# interval = seconds: 0.0416667
# start_time = May 16 2023 06:40:42 [System UTC, first data scan.]
# bad_flag = -9.990e-29
*END*
[from data line 563]
   39.32678  -72.07632    102.286    101.484    15.1508    35.7172 -9.990e-29    -0.0658 5.0640e-11  1026.9445    15.1351    26.4952     7.1095    216.439    8.07522  245.84045     88.040 -9.990e-29
   39.32678  -72.07632    102.296    101.493    15.1506    35.7170 -9.990e-29    -0.0658 5.0640e-11  1026.9444    15.1350    26.4951     7.1146    216.597    8.07520  245.83991     88.105 -9.990e-29
   39.32678  -72.07632    102.286    101.484    15.1506    35.7170 -9.990e-29    -0.0524 5.0640e-11  1026.9444    15.1350    26.4951     7.1154    216.621    8.07520  245.83992     88.114 -9.990e-29
   39.32678  -72.07632    102.286    101.484    15.1506    35.7170 -9.990e-29    -0.0658 5.0640e-11  1026.9443    15.1350    26.4951     7.1162    216.644    8.07522  245.84036     88.124 -9.990e-29
   39.32678  -72.07632    102.295    101.492    15.1506    35.7171 -9.990e-29    -0.0658 5.0640e-11  1026.9444    15.1350    26.4952     7.1170    216.669    8.07524  245.84124     88.134 -9.990e-29
   39.32678  -72.07632    102.286    101.484    15.1506    35.7172 -9.990e-29    -0.0658 5.0640e-11  1026.9446    15.1350    26.4952     7.1178    216.692    8.07522  245.84058     88.143 -9.990e-29
   39.32678  -72.07632    102.296    101.493    15.1506    35.7172 -9.990e-29    -0.0658 5.0640e-11  1026.9446    15.1350    26.4952     7.1185    216.715    8.07522  245.84048     88.153 -9.990e-29
   39.32678  -72.07632    102.286    101.484    15.1506    35.7172 -9.990e-29    -0.0658 5.0640e-11  1026.9444    15.1350    26.4952     7.1193    216.739    8.07521  245.84016     88.163 -9.990e-29
   39.32676  -72.07630    102.286    101.484    15.1504    35.7173 -9.990e-29    -0.0658 5.0640e-11  1026.9446    15.1348    26.4953     7.1196    216.747    8.07523  245.84093     88.165 -9.990e-29
   39.32676  -72.07630    102.286    101.484    15.1506    35.7173 -9.990e-29    -0.0658 5.0640e-11  1026.9447    15.1350    26.4953     7.1203    216.770    8.07524  245.84107     88.175 -9.990e-29
   39.32676  -72.07630    102.285    101.482    15.1506    35.7173 -9.990e-29    -0.0658 5.0640e-11  1026.9445    15.1350    26.4953     7.1205    216.776    8.07525  245.84137     88.177 -9.990e-29
   39.32676  -72.07630    102.275    101.473    15.1506    35.7173 -9.990e-29    -0.0658 5.0640e-11  1026.9446    15.1350    26.4953     7.1207    216.782    8.07524  245.84105     88.180 -9.990e-29
   39.32676  -72.07630    102.265    101.463    15.1506    35.7172 -9.990e-29    -0.0658 5.0640e-11  1026.9444    15.1350    26.4952     7.1209    216.787    8.07525  245.84152     88.182 -9.990e-29
   39.32676  -72.07630    102.265    101.463    15.1506    35.7172 -9.990e-29    -0.0658 5.0640e-11  1026.9443    15.1350    26.4952     7.1210    216.790    8.07521  245.84040     88.183 -9.990e-29
   39.32676  -72.07630    102.254    101.452    15.1506    35.7172 -9.990e-29    -0.0658 5.0640e-11  1026.9443    15.1350    26.4952     7.1211    216.795    8.07525  245.84153     88.185 -9.990e-29
   39.32676  -72.07630    102.245    101.442    15.1504    35.7172 -9.990e-29    -0.0792 5.0640e-11  1026.9444    15.1348    26.4953     7.1212    216.797    8.07524  245.84117     88.186 -9.990e-29
   39.32676  -72.07630    102.245    101.442    15.1506    35.7174 -9.990e-29    -0.0792 5.0640e-11  1026.9445    15.1350    26.4954     7.1213    216.800    8.07523  245.84097     88.187 -9.990e-29
   39.32676  -72.07630    102.233    101.431    15.1504    35.7174 -9.990e-29    -0.0792 5.0640e-11  1026.9446    15.1348    26.4955     7.1213    216.800    8.07521  245.84014     88.187 -9.990e-29
   39.32676  -72.07630    102.224    101.422    15.1506    35.7174 -9.990e-29    -0.0792 5.0640e-11  1026.9445    15.1350    26.4954     7.1213    216.801    8.07520  245.83978     88.188 -9.990e-29
   39.32676  -72.07630    102.224    101.422    15.1506    35.7173 -9.990e-29    -0.0792 5.0640e-11  1026.9443    15.1350    26.4952     7.1208    216.783    8.07517  245.83893     88.181 -9.990e-29
   39.32676  -72.07630    102.214    101.412    15.1508    35.7173 -9.990e-29    -0.0792 5.0640e-11  1026.9438    15.1351    26.4952     7.1207    216.782    8.07517  245.83902     88.180 -9.990e-29
   39.32676  -72.07630    102.193    101.391    15.1504    35.7172 -9.990e-29    -0.0658 5.0640e-11  1026.9445    15.1348    26.4952     7.1201    216.764    8.07519  245.83978     88.173 -9.990e-29
   39.32676  -72.07630    102.193    101.391    15.1508    35.7172 -9.990e-29    -0.0792 5.0640e-11  1026.9440    15.1351    26.4952     7.1195    216.744    8.07519  245.83947     88.165 -9.990e-29
   39.32676  -72.07630    102.192    101.390    15.1504    35.7172 -9.990e-29    -0.0792 5.0640e-11  1026.9442    15.1348    26.4952     7.1187    216.722    8.07516  245.83870     88.156 -9.990e-29
   39.32676  -72.07630    102.172    101.371    15.1504    35.7172 -9.990e-29    -0.0792 5.0640e-11  1026.9442    15.1348    26.4952     7.1180    216.699    8.07516  245.83881     88.147 -9.990e-29
   39.32676  -72.07630    102.172    101.371    15.1506    35.7171 -9.990e-29    -0.0792 5.0640e-11  1026.9438    15.1350    26.4952     7.1177    216.691    8.07514  245.83816     88.144 -9.990e-29
   39.32676  -72.07630    102.161    101.360    15.1504    35.7171 -9.990e-29    -0.0792 5.0640e-11  1026.9440    15.1348    26.4952     7.1175    216.684    8.07516  245.83882     88.141 -9.990e-29
   39.32676  -72.07630    102.152    101.350    15.1504    35.7171 -9.990e-29    -0.0792 5.0640e-11  1026.9439    15.1348    26.4952     7.1122    216.524    8.07516  245.83882     88.076 -9.990e-29
   39.32676  -72.07630    102.142    101.340    15.1504    35.7171 -9.990e-29    -0.0792 5.0640e-11  1026.9439    15.1348    26.4952     7.1158    216.634    8.07517  245.83903     88.120 -9.990e-29
   39.32676  -72.07630    102.140    101.339    15.1504    35.7171 -9.990e-29    -0.0792 5.0640e-11  1026.9440    15.1348    26.4952     7.1156    216.626    8.07524  245.84114     88.116 -9.990e-29
   39.32676  -72.07630    102.142    101.340    15.1506    35.7171 -9.990e-29    -0.0792 5.0640e-11  1026.9436    15.1350    26.4951     7.1152    216.614    8.07521  245.84034     88.112 -9.990e-29
   39.32676  -72.07630    102.131    101.329    15.1506    35.7171 -9.990e-29    -0.0792 5.0640e-11  1026.9435    15.1350    26.4951     7.1148    216.601    8.07518  245.83934     88.107 -9.990e-29
   39.32678  -72.07630    102.121    101.320    15.1506    35.7172 -9.990e-29    -0.0792 5.0640e-11  1026.9439    15.1350    26.4952     7.1144    216.590    8.07519  245.83949     88.102 -9.990e-29
   39.32678  -72.07630    102.121    101.320    15.1504    35.7172 -9.990e-29    -0.0792 5.0640e-11  1026.9439    15.1348    26.4953     7.1140    216.578    8.07522  245.84067     88.097 -9.990e-29
   39.32678  -72.07630    102.110    101.309    15.1506    35.7172 -9.990e-29    -0.0792 5.0640e-11  1026.9437    15.1350    26.4952     7.1136    216.564    8.07520  245.84002     88.091 -9.990e-29
   39.32678  -72.07630    102.110    101.309    15.1506    35.7172 -9.990e-29    -0.0792 5.0640e-11  1026.9437    15.1350    26.4952     7.1131    216.549    8.07520  245.83979     88.086 -9.990e-29
   39.32678  -72.07630    102.110    101.309    15.1506    35.7172 -9.990e-29    -0.0792 5.0640e-11  1026.9437    15.1350    26.4952     7.1132    216.552    8.07521  245.84032     88.086 -9.990e-29
   39.32678 -9.990e-29    102.121    101.320    15.1506    35.7172 -9.990e-29    -0.0792 5.0640e-11  1026.9438    15.1350    26.4952     7.1127    216.536    8.07518  245.83946     88.080 -9.990e-29
   39.32678 -9.990e-29    102.100    101.299    15.1508    35.7173 -9.990e-29    -0.0792 5.0640e-11  1026.9437    15.1352    26.4953     7.1127    216.538    8.07520  245.83979     88.081 -9.990e-29
   39.32678 -9.990e-29    102.100    101.299    15.1504    35.7173 -9.990e-29    -0.0792 5.0640e-11  1026.9439    15.1348    26.4953     7.1127    216.539    8.07521  245.84032     88.081 -9.990e-29
   39.32678 -9.990e-29    102.110    101.309    15.1506    35.7173 -9.990e-29    -0.0792 5.0640e-11  1026.9439    15.1350    26.4953     7.1078    216.390    8.07521  245.84042     88.020 -9.990e-29
   39.32678 -9.990e-29    102.100    101.299    15.1506    35.7171 -9.990e-29    -0.0792 5.0640e-11  1026.9436    15.1350    26.4952     7.1074    216.375    8.07519  245.83957     88.015 -9.990e-29
   39.32678 -9.990e-29    102.110    101.309    15.1504    35.7171 -9.990e-29    -0.0792 5.0640e-11  1026.9438    15.1348    26.4952     7.1118    216.512    8.07518  245.83923     88.070 -9.990e-29
   39.32678 -9.990e-29    102.100    101.299    15.1508    35.7171 -9.990e-29    -0.0792 5.0640e-11  1026.9435    15.1352    26.4952     7.1119    216.514    8.07516  245.83858     88.072 -9.990e-29
   39.32678 -9.990e-29    102.110    101.309    15.1504    35.7170 -9.990e-29    -0.0792 5.0640e-11  1026.9438    15.1348    26.4951     7.1120    216.517    8.07518  245.83922     88.073 -9.990e-29
   39.32678 -9.990e-29    102.110    101.309    15.1506    35.7170 -9.990e-29    -0.0792 5.0640e-11  1026.9433    15.1350    26.4950     7.1121    216.520    8.07520  245.83987     88.074 -9.990e-29
   39.32678 -9.990e-29    102.120    101.318    15.1506    35.7170 -9.990e-29    -0.0792 5.0640e-11  1026.9432    15.1350    26.4950     7.1122    216.523    8.07520  245.83987     88.075 -9.990e-29
   39.32678 -9.990e-29    102.110    101.309    15.1503    35.7170 -9.990e-29    -0.0792 5.0640e-11  1026.9441    15.1346    26.4952     7.1123    216.525    8.07519  245.83963     88.076 -9.990e-29
   39.32678 -9.990e-29    102.121    101.320    15.1504    35.7170 -9.990e-29    -0.0792 5.0640e-11  1026.9436    15.1348    26.4951     7.1123    216.527    8.07517  245.83887     88.077 -9.990e-29
   39.32678 -9.990e-29    102.131    101.329    15.1506    35.7171 -9.990e-29    -0.0792 5.0640e-11  1026.9435    15.1350    26.4951     7.1119    216.512    8.07516  245.83866     88.071 -9.990e-29
   39.32678 -9.990e-29    102.131    101.329    15.1504    35.7170 -9.990e-29    -0.0792 5.0640e-11  1026.9439    15.1348    26.4952     7.1119    216.513    8.07511  245.83713     88.072 -9.990e-29
   39.32678 -9.990e-29    102.121    101.320    15.1503    35.7170 -9.990e-29    -0.0792 5.0640e-11  1026.9441    15.1346    26.4953     7.1119    216.515    8.07512  245.83744     88.072 -9.990e-29
   39.32678 -9.990e-29    102.150    101.349    15.1503    35.7171 -9.990e-29    -0.0792 5.0640e-11  1026.9438    15.1346    26.4952     7.1120    216.517    8.07514  245.83810     88.073 -9.990e-29
   39.32678 -9.990e-29    102.142    101.340    15.1504    35.7171 -9.990e-29    -0.0792 5.0640e-11  1026.9436    15.1348    26.4952     7.1121    216.519    8.07514  245.83798     88.074 -9.990e-29
   39.32678 -9.990e-29    102.142    101.340    15.1503    35.7171 -9.990e-29    -0.0792 5.0640e-11  1026.9441    15.1346    26.4952     7.1122    216.521    8.07514  245.83808     88.075 -9.990e-29
   39.32678 -9.990e-29    102.161    101.360    15.1504    35.7171 -9.990e-29    -0.0792 5.0640e-11  1026.9439    15.1348    26.4952     7.1172    216.674    8.07514  245.83820     88.137 -9.990e-29
   39.32678 -9.990e-29    102.172    101.371    15.1503    35.7171 -9.990e-29    -0.0792 5.0640e-11  1026.9440    15.1346    26.4952     7.1178    216.692    8.07516  245.83893     88.144 -9.990e-29
   39.32678 -9.990e-29    102.172    101.371    15.1502    35.7171 -9.990e-29    -0.0792 5.0640e-11  1026.9441    15.1346    26.4952     7.1183    216.709    8.07516  245.83883     88.151 -9.990e-29
   39.32678 -9.990e-29    102.182    101.380    15.1503    35.7171 -9.990e-29    -0.0792 5.0640e-11  1026.9439    15.1346    26.4952     7.1188    216.724    8.07514  245.83819     88.157 -9.990e-29
   39.32678 -9.990e-29    102.193    101.391    15.1503    35.7170 -9.990e-29    -0.0792 5.0640e-11  1026.9441    15.1346    26.4952     7.1193    216.740    8.07516  245.83862     88.164 -9.990e-29
   39.32678 -9.990e-29    102.193    101.391    15.1501    35.7170 -9.990e-29    -0.0792 5.0640e-11  1026.9443    15.1344    26.4953     7.1149    216.603    8.07516  245.83871     88.108 -9.990e-29
   39.32678 -9.990e-29    102.203    101.401    15.1504    35.7170 -9.990e-29    -0.0792 5.0640e-11  1026.9440    15.1348    26.4952     7.1198    216.753    8.07514  245.83818     88.169 -9.990e-29
   39.32678 -9.990e-29    102.214    101.412    15.1502    35.7170 -9.990e-29    -0.0792 5.0640e-11  1026.9440    15.1346    26.4951     7.1202    216.767    8.07516  245.83863     88.175 -9.990e-29
   39.32678 -9.990e-29    102.214    101.412    15.1503    35.7170 -9.990e-29    -0.0658 5.0640e-11  1026.9441    15.1346    26.4951     7.1157    216.629    8.07514  245.83807     88.119 -9.990e-29
   39.32678 -9.990e-29    102.233    101.431    15.1503    35.7172 -9.990e-29    -0.0658 5.0640e-11  1026.9443    15.1346    26.4953     7.1206    216.777    8.07513  245.83764     88.179 -9.990e-29
   39.32678 -9.990e-29    102.224    101.422    15.1502    35.7174 -9.990e-29    -0.0658 5.0640e-11  1026.9447    15.1346    26.4955     7.1210    216.790    8.07513  245.83785     88.184 -9.990e-29
   39.32678 -9.990e-29    102.233    101.431    15.1504    35.7174 -9.990e-29    -0.0658 5.0640e-11  1026.9444    15.1348    26.4955     7.1214    216.802    8.07511  245.83710     88.189 -9.990e-29
   39.32678 -9.990e-29    102.244    101.442    15.1504    35.7174 -9.990e-29    -0.0658 5.0640e-11  1026.9448    15.1348    26.4955     7.1217    216.813    8.07512  245.83753     88.194 -9.990e-29
   39.32678 -9.990e-29    102.244    101.442    15.1506    35.7173 -9.990e-29    -0.0658 5.0640e-11  1026.9444    15.1350    26.4953     7.1221    216.824    8.07510  245.83699     88.198 -9.990e-29
   39.32678 -9.990e-29    102.244    101.442    15.1506    35.7171 -9.990e-29    -0.0658 5.0640e-11  1026.9441    15.1350    26.4952     7.1224    216.834    8.07510  245.83699     88.202 -9.990e-29
   39.32678 -9.990e-29    102.254    101.452    15.1504    35.7171 -9.990e-29    -0.0658 5.0640e-11  1026.9446    15.1348    26.4952     7.1227    216.843    8.07510  245.83699     88.206 -9.990e-29
   39.32678 -9.990e-29    102.254    101.452    15.1508    35.7171 -9.990e-29    -0.0658 5.0640e-11  1026.9442    15.1351    26.4951     7.1181    216.702    8.07513  245.83787     88.148 -9.990e-29
   39.32678 -9.990e-29    102.265    101.463    15.1508    35.7170 -9.990e-29    -0.0658 5.0640e-11  1026.9442    15.1351    26.4950     7.1228    216.844    8.07509  245.83655     88.207 -9.990e-29
   39.32678 -9.990e-29    102.265    101.463    15.1509    35.7170 -9.990e-29    -0.0658 5.0640e-11  1026.9441    15.1353    26.4950     7.1181    216.702    8.07509  245.83646     88.149 -9.990e-29
   39.32678 -9.990e-29    102.275    101.472    15.1508    35.7170 -9.990e-29    -0.0658 5.0640e-11  1026.9442    15.1351    26.4951     7.1178    216.694    8.07511  245.83733     88.145 -9.990e-29
   39.32678 -9.990e-29    102.265    101.463    15.1506    35.7170 -9.990e-29    -0.0658 5.0640e-11  1026.9446    15.1350    26.4952     7.1176    216.686    8.07511  245.83711     88.142 -9.990e-29
   39.32678 -9.990e-29    102.265    101.463    15.1508    35.7170 -9.990e-29    -0.0658 5.0640e-11  1026.9441    15.1351    26.4951     7.1168    216.662    8.07513  245.83788     88.132 -9.990e-29
   39.32678 -9.990e-29    102.275    101.472    15.1502    35.7170 -9.990e-29    -0.0658 5.0640e-11  1026.9445    15.1346    26.4951     7.1165    216.653    8.07510  245.83700     88.129 -9.990e-29
   39.32678 -9.990e-29    102.265    101.463    15.1504    35.7170 -9.990e-29    -0.0658 5.0640e-11  1026.9443    15.1348    26.4950     7.1162    216.645    8.07514  245.83810     88.125 -9.990e-29
   39.32678 -9.990e-29    102.254    101.452    15.1508    35.7170 -9.990e-29    -0.0658 5.0640e-11  1026.9439    15.1351    26.4950     7.1159    216.636    8.07512  245.83744     88.121 -9.990e-29
