CalculateIndicators/WaterTemperature/Data/CTD_NYOS/20230517_C18.cnv
* Sea-Bird SBE 9 Data File:
* FileName = C:\Seabird 9 CTD\Data\2023\202305_offshore\20230517_C18.hex
* Software Version Seasave V 7.23.2
* Temperature SN = 4590
* Conductivity SN = 3228
* Number of Bytes Per Scan = 44
* Number of Voltage Words = 5
* Number of Scans Averaged by the Deck Unit = 1
* NMEA Latitude = 40 46.55 N
* NMEA Longitude = 072 34.45 W
* NMEA UTC (Time) = May 17 2023  06:57:41
* NMEA baud rate = 4800
** Ship: Seawolf
** Station: 10.1
** Operator: TDK
# nquan = 18
# nvalues = 8897                        
# units = specified
# name 0 = latitude: Latitude [deg]
# name 1 = longitude: Longitude [deg]
# name 2 = prDM: Pressure, Digiquartz [db]
# name 3 = depSM: Depth [salt water, m]
# name 4 = t090C: Temperature [ITS-90, deg C]
# name 5 = sal00: Salinity, Practical [PSU]
# name 6 = ph: pH
# name 7 = flECO-AFL: Fluorescence, WET Labs ECO-AFL/FL [mg/m^3]
# name 8 = cpar: CPAR/Corrected Irradiance [%]
# name 9 = density00: Density [density, kg/m^3]
# name 10 = potemp090C: Potential Temperature [ITS-90, deg C]
# name 11 = sigma-é00: Density [sigma-theta, kg/m^3]
# name 12 = sbeox0Mg/L: Oxygen, SBE 43 [mg/l]
# name 13 = sbox0Mm/Kg: Oxygen, SBE 43 [umol/kg]
# name 14 = oxsolMg/L: Oxygen Saturation, Garcia & Gordon [mg/l]
# name 15 = oxsolMm/Kg: Oxygen Saturation, Garcia & Gordon [umol/kg]
# name 16 = sbeox0PS: Oxygen, SBE 43 [% saturation]
# name 17 = flag:  0.000e+00
# span 0 =   40.77582,   40.77638       
# span 1 =  -72.57424,  -72.57362       
# span 2 =      1.622,     19.322       
# span 3 =      1.609,     19.172       
# span 4 =     9.2381,    10.6717       
# span 5 =    31.6519,    32.0100       
# span 6 =      7.918,      7.962       
# span 7 =     0.5923,     0.9415       
# span 8 = 5.0640e-11, 9.9999e+04       
# span 9 =  1024.2384,  1024.8254       
# span 10 =     9.2360,    10.6707      
# span 11 =    24.2297,    24.7409      
# span 12 =     8.4609,     8.9104      
# span 13 =    258.024,    271.797      
# span 14 =    9.08632,    9.35643      
# span 15 =  277.23399,  285.34349      
# span 16 =     90.449,     97.568      
# span 17 = 0.0000e+00, 0.0000e+00      
# interval = seconds: 0.0416667
# start_time = May 17 2023 06:57:45 [System UTC, first data scan.]
# bad_flag = -9.990e-29
*END*
[from data line 5629]
   40.77620  -72.57388      5.094      5.055    10.6012    31.6607      7.952     0.7669 5.0640e-11  1024.2681    10.6006    24.2452     8.8616    270.372    9.09935  277.62688     97.387 -9.990e-29
   40.77620  -72.57388      5.113      5.074    10.6012    31.6600      7.952     0.7535 5.0640e-11  1024.2678    10.6006    24.2446     8.8557    270.192    9.09918  277.62187     97.324 -9.990e-29
   40.77620  -72.57388      5.064      5.025    10.6010    31.6598      7.952     0.7535 5.0640e-11  1024.2668    10.6004    24.2441     8.8553    270.182    9.09899  277.61631     97.322 0.0000e+00
   40.77620  -72.57388      5.053      5.014    10.6005    31.6598      7.952     0.7535 5.0640e-11  1024.2661    10.6000    24.2441     8.8541    270.145    9.09881  277.61078     97.311 0.0000e+00
   40.77620  -72.57388      5.034      4.995    10.5997    31.6598      7.952     0.7535 5.0640e-11  1024.2674    10.5991    24.2448     8.8536    270.129    9.09863  277.60535     97.307 0.0000e+00
   40.77620  -72.57388      5.013      4.974    10.5984    31.6608      7.957     0.7535 5.0640e-11  1024.2688    10.5978    24.2457     8.8578    270.256    9.09835  277.59698     97.356 0.0000e+00
   40.77628  -72.57382      4.983      4.944    10.5977    31.6615      7.952     0.7535 5.0640e-11  1024.2690    10.5972    24.2464     8.8577    270.256    9.09822  277.59337     97.357 0.0000e+00
   40.77628  -72.57382      4.972      4.933    10.5971    31.6619      7.952     0.7535 5.0640e-11  1024.2693    10.5965    24.2468     8.8576    270.251    9.09809  277.58954     97.356 0.0000e+00
   40.77628  -72.57382      4.953      4.914    10.5964    31.6621      7.952     0.7535 5.0640e-11  1024.2693    10.5958    24.2471     8.8518    270.075    9.09809  277.58955     97.293 0.0000e+00
   40.77628  -72.57382      4.921      4.883    10.5958    31.6627      7.952     0.7535 5.0640e-11  1024.2698    10.5952    24.2477     8.8566    270.222    9.09816  277.59152     97.345 0.0000e+00
   40.77628  -72.57382      4.911      4.873    10.5950    31.6634      7.952     0.7535 5.0640e-11  1024.2708    10.5945    24.2483     8.8562    270.210    9.09813  277.59044     97.341 0.0000e+00
   40.77628  -72.57382      4.881      4.843    10.5949    31.6639      7.952     0.7535 5.0640e-11  1024.2709    10.5943    24.2488     8.8558    270.198    9.09817  277.59218     97.336 0.0000e+00
   40.77628  -72.57382      4.860      4.823    10.5950    31.6642      7.957     0.7535 5.0640e-11  1024.2707    10.5945    24.2490     8.8557    270.196    9.09862  277.60584     97.331 0.0000e+00
   40.77628  -72.57382      4.851      4.813    10.5951    31.6646      7.952     0.7535 5.0640e-11  1024.2714    10.5945    24.2492     8.8558    270.198    9.09937  277.62807     97.324 0.0000e+00
   40.77628  -72.57382      4.821      4.783    10.5959    31.6647      7.952     0.7669 5.0640e-11  1024.2710    10.5953    24.2493     8.8557    270.194    9.10000  277.64714     97.315 0.0000e+00
   40.77628  -72.57382      4.800      4.763    10.5959    31.6647      7.952     0.7938 5.0640e-11  1024.2712    10.5953    24.2493     8.8561    270.206    9.10057  277.66402     97.314 0.0000e+00
   40.77628  -72.57382      4.779      4.742    10.5966    31.6647      7.952     0.8206 5.0640e-11  1024.2707    10.5960    24.2491     8.8561    270.206    9.10082  277.67113     97.312 0.0000e+00
   40.77628  -72.57382      4.760      4.723    10.5971    31.6643      7.957     0.8206 5.0640e-11  1024.2701    10.5965    24.2487     8.8557    270.191    9.10071  277.66765     97.307 0.0000e+00
   40.77628  -72.57382      4.740      4.703    10.5972    31.6639      7.952     0.8072 5.0640e-11  1024.2697    10.5967    24.2484     8.8489    269.987    9.10016  277.65134     97.239 0.0000e+00
   40.77628  -72.57382      4.730      4.693    10.5977    31.6638      7.957     0.8072 5.0640e-11  1024.2694    10.5972    24.2481     8.8471    269.932    9.09963  277.63610     97.225 0.0000e+00
   40.77628  -72.57382      4.698      4.662    10.5989    31.6637      7.952     0.8072 5.0640e-11  1024.2693    10.5983    24.2479     8.8465    269.912    9.09952  277.63266     97.219 0.0000e+00
   40.77628  -72.57382      4.689      4.652    10.6004    31.6634      7.957     0.8072 5.0640e-11  1024.2688    10.5999    24.2473     8.8450    269.868    9.09939  277.62904     97.204 0.0000e+00
   40.77628  -72.57382      4.668      4.632    10.6029    31.6628      7.952     0.8072 5.0640e-11  1024.2674    10.6023    24.2466     8.8500    270.020    9.09937  277.62863     97.259 0.0000e+00
   40.77628  -72.57382      4.649      4.613    10.6039    31.6624      7.952     0.8072 5.0640e-11  1024.2671    10.6033    24.2460     8.8495    270.004    9.09955  277.63361     97.252 0.0000e+00
   40.77628  -72.57382      4.638      4.602    10.6050    31.6620      7.957     0.8072 5.0640e-11  1024.2664    10.6045    24.2456     8.8440    269.835    9.09977  277.64000     97.189 0.0000e+00
   40.77628  -72.57382      4.619      4.583    10.6058    31.6617      7.952     0.8072 5.0640e-11  1024.2661    10.6053    24.2451     8.8432    269.812    9.09982  277.64134     97.180 0.0000e+00
   40.77628  -72.57382      4.608      4.572    10.6070    31.6614      7.952     0.8072 5.0640e-11  1024.2655    10.6065    24.2448     8.8424    269.788    9.09990  277.64367     97.171 0.0000e+00
   40.77628  -72.57382      4.587      4.551    10.6070    31.6611      7.957     0.8072 5.0640e-11  1024.2653    10.6064    24.2445     8.8416    269.762    9.09993  277.64442     97.161 -9.990e-29
   40.77628  -72.57382      4.587      4.551    10.6074    31.6611      7.952     0.8206 5.0640e-11  1024.2647    10.6068    24.2443     8.8406    269.733    9.09989  277.64351     97.151 -9.990e-29
   40.77628  -72.57382      4.568      4.532    10.6075    31.6611      7.952     0.8072 5.0640e-11  1024.2650    10.6069    24.2444     8.8398    269.707    9.09997  277.64602     97.140 0.0000e+00
   40.77622  -72.57388      4.547      4.512    10.6073    31.6614      7.952     0.8206 5.0640e-11  1024.2651    10.6068    24.2447     8.8387    269.673    9.09987  277.64284     97.130 0.0000e+00
   40.77622  -72.57388      4.538      4.502    10.6070    31.6614      7.952     0.8206 5.0640e-11  1024.2659    10.6065    24.2450     8.8381    269.655    9.09957  277.63353     97.126 -9.990e-29
   40.77622  -72.57388      4.538      4.502    10.6080    31.6614      7.952     0.8072 5.0640e-11  1024.2653    10.6074    24.2448     8.8365    269.607    9.09902  277.61676     97.115 -9.990e-29
   40.77622  -72.57388      4.506      4.471    10.6082    31.6613      7.957     0.8072 5.0640e-11  1024.2648    10.6077    24.2445     8.8347    269.554    9.09836  277.59684     97.103 -9.990e-29
   40.77622  -72.57388      4.517      4.482    10.6088    31.6613      7.952     0.8072 5.0640e-11  1024.2644    10.6083    24.2443     8.8274    269.329    9.09777  277.57922     97.028 -9.990e-29
   40.77622  -72.57388      4.496      4.461    10.6086    31.6613      7.952     0.8072 5.0640e-11  1024.2646    10.6081    24.2445     8.8248    269.252    9.09705  277.55780     97.008 0.0000e+00
   40.77622  -72.57388      4.487      4.452    10.6089    31.6614      7.952     0.8206 5.0640e-11  1024.2652    10.6083    24.2447     8.8223    269.175    9.09637  277.53768     96.987 0.0000e+00
   40.77622  -72.57388      4.476      4.441    10.6100    31.6614      7.952     0.8072 5.0640e-11  1024.2651    10.6095    24.2446     8.8257    269.279    9.09592  277.52410     97.029 -9.990e-29
   40.77622  -72.57388      4.476      4.441    10.6112    31.6614      7.952     0.8072 5.0640e-11  1024.2641    10.6107    24.2440     8.8192    269.083    9.09554  277.51269     96.962 -9.990e-29
   40.77622  -72.57388      4.456      4.422    10.6120    31.6608      7.952     0.8072 5.0640e-11  1024.2637    10.6114    24.2435     8.8234    269.210    9.09509  277.49945     97.013 -9.990e-29
   40.77622  -72.57388      4.456      4.422    10.6128    31.6603      7.952     0.7938 5.0640e-11  1024.2631    10.6123    24.2430     8.8163    268.993    9.09475  277.48910     96.938 -9.990e-29
   40.77622  -72.57388      4.445      4.411    10.6130    31.6598      7.952     0.8072 5.0640e-11  1024.2623    10.6125    24.2426     8.8206    269.125    9.09450  277.48165     96.989 -9.990e-29
   40.77622  -72.57388      4.445      4.411    10.6125    31.6594      7.952     0.7938 5.0640e-11  1024.2626    10.6119    24.2423     8.8201    269.108    9.09429  277.47530     96.985 -9.990e-29
   40.77622  -72.57388      4.436      4.401    10.6120    31.6588      7.952     0.7938 5.0640e-11  1024.2620    10.6115    24.2418     8.8129    268.891    9.09394  277.46466     96.910 0.0000e+00
   40.77622  -72.57388      4.415      4.381    10.6111    31.6588      7.957     0.7938 5.0640e-11  1024.2607    10.6106    24.2417     8.8173    269.025    9.09371  277.45797     96.961 -9.990e-29
   40.77622  -72.57388      4.436      4.401    10.6076    31.6588      7.952     0.7938 5.0640e-11  1024.2624    10.6071    24.2426     8.8168    269.010    9.09358  277.45443     96.957 -9.990e-29
   40.77622  -72.57388      4.415      4.381    10.6052    31.6602      7.952     0.8072 5.0640e-11  1024.2639    10.6047    24.2441     8.8172    269.022    9.09357  277.45433     96.961 -9.990e-29
   40.77622  -72.57388      4.415      4.381    10.6039    31.6618      7.952     0.7938 5.0640e-11  1024.2658    10.6034    24.2456     8.8168    269.009    9.09346  277.45107     96.957 -9.990e-29
   40.77622  -72.57388      4.406      4.371    10.6035    31.6630      7.952     0.8072 5.0640e-11  1024.2670    10.6030    24.2465     8.8166    269.002    9.09352  277.45269     96.954 -9.990e-29
   40.77622  -72.57388      4.406      4.371    10.6045    31.6631      7.957     0.7938 5.0640e-11  1024.2666    10.6040    24.2466     8.8113    268.842    9.09351  277.45265     96.897 -9.990e-29
   40.77622  -72.57388      4.415      4.381    10.6055    31.6631      7.952     0.7938 5.0640e-11  1024.2663    10.6050    24.2464     8.8161    268.990    9.09366  277.45709     96.948 -9.990e-29
   40.77622  -72.57388      4.395      4.361    10.6065    31.6631      7.952     0.7938 5.0640e-11  1024.2658    10.6060    24.2462     8.8160    268.984    9.09372  277.45908     96.946 -9.990e-29
   40.77622  -72.57388      4.395      4.361    10.6071    31.6631      7.957     0.7938 5.0640e-11  1024.2663    10.6066    24.2460     8.8158    268.980    9.09385  277.46307     96.943 -9.990e-29
   40.77622  -72.57388      4.395      4.361    10.6089    31.6627      7.952     0.7938 5.0640e-11  1024.2653    10.6083    24.2454     8.8157    268.977    9.09400  277.46754     96.940 -9.990e-29
   40.77622  -72.57388      4.406      4.371    10.6098    31.6619      7.952     0.7938 5.0640e-11  1024.2644    10.6093    24.2446     8.8163    268.996    9.09410  277.47042     96.946 -9.990e-29
   40.77622  -72.57388      4.385      4.351    10.6107    31.6615      7.952     0.7938 5.0640e-11  1024.2636    10.6102    24.2441     8.8171    269.018    9.09432  277.47720     96.951 -9.990e-29
   40.77622  -72.57388      4.395      4.361    10.6106    31.6614      7.952     0.8072 5.0640e-11  1024.2639    10.6101    24.2441     8.8179    269.042    9.09456  277.48408     96.958 -9.990e-29
   40.77622  -72.57388      4.385      4.351    10.6101    31.6614      7.952     0.7938 5.0640e-11  1024.2643    10.6096    24.2442     8.8235    269.213    9.09465  277.48701     97.018 -9.990e-29
   40.77622  -72.57388      4.385      4.351    10.6103    31.6611      7.952     0.7938 5.0640e-11  1024.2641    10.6098    24.2440     8.8193    269.084    9.09481  277.49155     96.970 -9.990e-29
   40.77622  -72.57388      4.385      4.351    10.6106    31.6610      7.952     0.8072 5.0640e-11  1024.2628    10.6101    24.2435     8.8256    269.277    9.09489  277.49404     97.039 -9.990e-29
   40.77622  -72.57388      4.395      4.361    10.6085    31.6610      7.952     0.7938 5.0640e-11  1024.2626    10.6080    24.2437     8.8270    269.319    9.09496  277.49610     97.053 -9.990e-29
   40.77622  -72.57388      4.375      4.341    10.6042    31.6610      7.952     0.7938 5.0640e-11  1024.2648    10.6037    24.2449     8.8225    269.184    9.09490  277.49418     97.005 -9.990e-29
   40.77622  -72.57388      4.375      4.341    10.6007    31.6623      7.952     0.7938 5.0640e-11  1024.2660    10.6002    24.2464     8.8288    269.374    9.09485  277.49252     97.074 -9.990e-29
   40.77622  -72.57388      4.375      4.341    10.5972    31.6637      7.952     0.7803 5.0640e-11  1024.2682    10.5967    24.2480     8.8300    269.412    9.09477  277.49002     97.089 -9.990e-29
   40.77622  -72.57388      4.375      4.341    10.5956    31.6637      7.957     0.7535 5.0640e-11  1024.2694    10.5951    24.2491     8.8312    269.450    9.09469  277.48787     97.103 -9.990e-29
   40.77622  -72.57388      4.364      4.331    10.5961    31.6637      7.957     0.7535 5.0640e-11  1024.2695    10.5956    24.2490     8.8327    269.496    9.09485  277.49259     97.118 -9.990e-29
   40.77622  -72.57388      4.364      4.331    10.5994    31.6636      7.957     0.7535 5.0640e-11  1024.2677    10.5989    24.2477     8.8341    269.537    9.09488  277.49363     97.133 -9.990e-29
   40.77622  -72.57388      4.355      4.321    10.6027    31.6621      7.952     0.7535 5.0640e-11  1024.2653    10.6022    24.2462     8.8347    269.556    9.09491  277.49426     97.139 0.0000e+00
   40.77622  -72.57388      4.345      4.311    10.6035    31.6610      7.952     0.7535 5.0640e-11  1024.2645    10.6030    24.2450     8.8353    269.573    9.09489  277.49348     97.146 -9.990e-29
   40.77622  -72.57388      4.345      4.311    10.6044    31.6610      7.957     0.7535 5.0640e-11  1024.2638    10.6039    24.2445     8.8358    269.587    9.09484  277.49218     97.151 -9.990e-29
   40.77622  -72.57388      4.314      4.280    10.6045    31.6610      7.957     0.7535 5.0640e-11  1024.2634    10.6040    24.2445     8.8363    269.603    9.09484  277.49204     97.157 -9.990e-29
   40.77622  -72.57388      4.324      4.291    10.6032    31.6613      7.952     0.7535 5.0640e-11  1024.2649    10.6027    24.2453     8.8375    269.641    9.09486  277.49279     97.171 -9.990e-29
   40.77622  -72.57388      4.304      4.271    10.6017    31.6624      7.952     0.7535 5.0640e-11  1024.2660    10.6012    24.2464     8.8387    269.678    9.09485  277.49238     97.184 0.0000e+00
   40.77622  -72.57388      4.294      4.261    10.6012    31.6632      7.952     0.7669 5.0640e-11  1024.2667    10.6007    24.2471     8.8336    269.521    9.09487  277.49313     97.127 0.0000e+00
   40.77622  -72.57388      4.274      4.241    10.6007    31.6634      7.952     0.7535 5.0640e-11  1024.2669    10.6002    24.2475     8.8390    269.687    9.09489  277.49362     97.187 0.0000e+00
   40.77622  -72.57388      4.264      4.231    10.6005    31.6634      7.952     0.7535 5.0640e-11  1024.2670    10.6000    24.2475     8.8337    269.524    9.09476  277.48950     97.129 0.0000e+00
   40.77622  -72.57388      4.243      4.211    10.6009    31.6636      7.952     0.7535 5.0640e-11  1024.2664    10.6004    24.2473     8.8390    269.687    9.09471  277.48797     97.189 0.0000e+00
   40.77622  -72.57388      4.223      4.190    10.6005    31.6636      7.952     0.7535 5.0640e-11  1024.2662    10.6000    24.2473     8.8394    269.698    9.09463  277.48587     97.194 0.0000e+00
   40.77628  -72.57382      4.193      4.160    10.6009    31.6637      7.952     0.7535 5.0640e-11  1024.2664    10.6004    24.2475     8.8397    269.709    9.09457  277.48396     97.198 0.0000e+00
