CalculateIndicators/WaterTemperature/Data/CTD_NYOS/20231003_C02.cnv
* Sea-Bird SBE 9 Data File:
* FileName = C:\Seabird 9 CTD\Data\2023\202309_offshore\20231003_C02.hex
* Software Version Seasave V 7.23.2
* Temperature SN = 4590
* Conductivity SN = 3228
* Number of Bytes Per Scan = 44
* Number of Voltage Words = 5
* Number of Scans Averaged by the Deck Unit = 1
* NMEA Latitude = 40 34.19 N
* NMEA Longitude = 073 24.30 W
* NMEA UTC (Time) = Oct 03 2023  06:38:05
* NMEA baud rate = 4800
** Ship: seawolf
** Station: 8.1
** Operator: SW
# nquan = 18
# nvalues = 7107                        
# units = specified
# name 0 = latitude: Latitude [deg]
# name 1 = longitude: Longitude [deg]
# name 2 = prDM: Pressure, Digiquartz [db]
# name 3 = depSM: Depth [salt water, m]
# name 4 = t090C: Temperature [ITS-90, deg C]
# name 5 = sal00: Salinity, Practical [PSU]
# name 6 = ph: pH
# name 7 = flECO-AFL: Fluorescence, WET Labs ECO-AFL/FL [mg/m^3]
# name 8 = cpar: CPAR/Corrected Irradiance [%]
# name 9 = density00: Density [density, kg/m^3]
# name 10 = potemp090C: Potential Temperature [ITS-90, deg C]
# name 11 = sigma-é00: Density [sigma-theta, kg/m^3]
# name 12 = sbeox0Mg/L: Oxygen, SBE 43 [mg/l]
# name 13 = sbox0Mm/Kg: Oxygen, SBE 43 [umol/kg]
# name 14 = oxsolMg/L: Oxygen Saturation, Garcia & Gordon [mg/l]
# name 15 = oxsolMm/Kg: Oxygen Saturation, Garcia & Gordon [umol/kg]
# name 16 = sbeox0PS: Oxygen, SBE 43 [% saturation]
# name 17 = flag:  0.000e+00
# span 0 =   40.56976,   40.56992       
# span 1 =  -73.40510,  -73.40460       
# span 2 =      1.621,     14.149       
# span 3 =      1.608,     14.040       
# span 4 =    18.0134,    18.4338       
# span 5 =    30.4500,    30.8234       
# span 6 =      7.816,      7.907       
# span 7 =     0.9684,     1.5728       
# span 8 = 5.0640e-11, 9.9999e+04       
# span 9 =  1021.7012,  1022.1183       
# span 10 =    18.0120,    18.4334      
# span 11 =    21.6912,    22.0564      
# span 12 =     6.8621,     8.2413      
# span 13 =    209.821,    252.072      
# span 14 =    7.82272,    7.88217      
# span 15 =  239.27092,  241.05551      
# span 16 =     87.298,    105.320      
# span 17 = 0.0000e+00, 0.0000e+00      
# interval = seconds: 0.0416667
# start_time = Oct 03 2023 06:38:07 [System UTC, first data scan.]
# bad_flag = -9.990e-29
*END*
[from data line 5307]
   40.56980  -73.40470      2.179      2.163    18.3924    30.4817 -9.990e-29     1.3444 -9.990e-29  1021.7313    18.3920    21.7213     8.1809    250.222    7.82884  239.45505    104.497 -9.990e-29
   40.56980  -73.40470      2.189      2.172    18.3945    30.4817 -9.990e-29     1.3444 -9.990e-29  1021.7312    18.3941    21.7207     8.1778    250.130    7.82897  239.45885    104.456 -9.990e-29
   40.56980  -73.40470      2.200      2.183    18.3978    30.4811 -9.990e-29     1.3310 -9.990e-29  1021.7288    18.3974    21.7190     8.1832    250.294    7.82902  239.46028    104.524 -9.990e-29
   40.56980  -73.40470      2.219      2.202    18.4003    30.4790 -9.990e-29     1.3310 -9.990e-29  1021.7264    18.3999    21.7168     8.1844    250.330    7.82914  239.46418    104.537 -9.990e-29
   40.56980  -73.40470      2.219      2.202    18.4023    30.4772 -9.990e-29     1.3310 -9.990e-29  1021.7241    18.4019    21.7149     8.1901    250.504    7.82919  239.46553    104.610 -9.990e-29
   40.56980  -73.40470      2.219      2.202    18.4034    30.4761 -9.990e-29     1.3310 -9.990e-29  1021.7230    18.4030    21.7137     8.1916    250.549    7.82926  239.46743    104.627 -9.990e-29
   40.56980  -73.40470      2.249      2.232    18.4044    30.4756 -9.990e-29     1.3310 -9.990e-29  1021.7230    18.4040    21.7131     8.1882    250.446    7.82926  239.46732    104.585 -9.990e-29
   40.56980  -73.40470      2.249      2.232    18.4052    30.4751 -9.990e-29     1.3310 -9.990e-29  1021.7226    18.4048    21.7126     8.1938    250.616    7.82929  239.46833    104.655 -9.990e-29
   40.56980  -73.40470      2.259      2.242    18.4059    30.4744 -9.990e-29     1.3310 -9.990e-29  1021.7217    18.4055    21.7118     8.1945    250.639    7.82925  239.46685    104.665 -9.990e-29
   40.56980  -73.40470      2.280      2.262    18.4069    30.4737 -9.990e-29     1.3310 -9.990e-29  1021.7209    18.4065    21.7111     8.1952    250.660    7.82922  239.46612    104.674 -9.990e-29
   40.56980  -73.40470      2.280      2.262    18.4074    30.4733 -9.990e-29     1.3310 -9.990e-29  1021.7206    18.4071    21.7106     8.1912    250.538    7.82923  239.46640    104.623 -9.990e-29
   40.56980  -73.40470      2.291      2.273    18.4077    30.4728 -9.990e-29     1.3310 -9.990e-29  1021.7203    18.4073    21.7102     8.1960    250.685    7.82923  239.46648    104.685 -9.990e-29
   40.56980  -73.40470      2.300      2.283    18.4079    30.4721 -9.990e-29     1.3310 -9.990e-29  1021.7198    18.4075    21.7096     8.1919    250.559    7.82924  239.46657    104.632 -9.990e-29
   40.56980  -73.40470      2.321      2.303    18.4083    30.4714 -9.990e-29     1.3310 -9.990e-29  1021.7190    18.4079    21.7090     8.1966    250.702    7.82923  239.46619    104.692 -9.990e-29
   40.56980  -73.40470      2.321      2.303    18.4081    30.4709 -9.990e-29     1.3310 -9.990e-29  1021.7188    18.4077    21.7087     8.1970    250.714    7.82920  239.46558    104.697 -9.990e-29
   40.56980  -73.40470      2.330      2.312    18.4078    30.4706 -9.990e-29     1.3310 -9.990e-29  1021.7187    18.4074    21.7085     8.1973    250.725    7.82924  239.46663    104.701 -9.990e-29
   40.56986  -73.40484      2.330      2.312    18.4077    30.4702 -9.990e-29     1.3310 -9.990e-29  1021.7184    18.4073    21.7082     8.1976    250.733    7.82924  239.46682    104.705 -9.990e-29
   40.56986  -73.40484      2.351      2.333    18.4073    30.4697 -9.990e-29     1.3310 -9.990e-29  1021.7183    18.4069    21.7080     8.2025    250.882    7.82928  239.46782    104.767 -9.990e-29
   40.56986  -73.40484      2.361      2.342    18.4069    30.4697 -9.990e-29     1.3310 -9.990e-29  1021.7177    18.4065    21.7078     8.1983    250.755    7.82926  239.46720    104.714 -9.990e-29
   40.56986  -73.40484      2.362      2.344    18.4059    30.4697 -9.990e-29     1.3310 -9.990e-29  1021.7182    18.4055    21.7081     8.1984    250.757    7.82928  239.46773    104.714 -9.990e-29
   40.56986  -73.40484      2.361      2.342    18.4044    30.4700 -9.990e-29     1.3310 -9.990e-29  1021.7188    18.4040    21.7089     8.1983    250.755    7.82928  239.46772    104.713 -9.990e-29
   40.56986  -73.40484      2.372      2.353    18.4029    30.4713 -9.990e-29     1.3310 -9.990e-29  1021.7204    18.4025    21.7101     8.1982    250.753    7.82929  239.46826    104.712 -9.990e-29
   40.56986  -73.40484      2.381      2.363    18.4018    30.4725 -9.990e-29     1.3310 -9.990e-29  1021.7222    18.4014    21.7113     8.1981    250.748    7.82931  239.46878    104.710 -9.990e-29
   40.56986  -73.40484      2.391      2.372    18.4017    30.4732 -9.990e-29     1.3310 -9.990e-29  1021.7224    18.4013    21.7119     8.1931    250.597    7.82931  239.46855    104.647 -9.990e-29
   40.56986  -73.40484      2.391      2.372    18.4017    30.4736 -9.990e-29     1.3310 -9.990e-29  1021.7227    18.4013    21.7122     8.1971    250.717    7.82931  239.46859    104.697 -9.990e-29
   40.56986  -73.40484      2.391      2.372    18.4016    30.4739 -9.990e-29     1.3310 -9.990e-29  1021.7229    18.4012    21.7125     8.1967    250.705    7.82928  239.46788    104.692 -9.990e-29
   40.56986  -73.40484      2.391      2.372    18.4015    30.4742 -9.990e-29     1.3176 -9.990e-29  1021.7233    18.4011    21.7127     8.1962    250.691    7.82928  239.46779    104.687 -9.990e-29
   40.56986  -73.40484      2.413      2.394    18.4023    30.4745 -9.990e-29     1.3176 -9.990e-29  1021.7233    18.4019    21.7128     8.1957    250.674    7.82925  239.46690    104.680 -9.990e-29
   40.56986  -73.40484      2.402      2.383    18.4029    30.4745 -9.990e-29     1.3176 -9.990e-29  1021.7235    18.4025    21.7128     8.1951    250.657    7.82928  239.46755    104.673 -9.990e-29
   40.56986  -73.40484      2.391      2.372    18.4036    30.4745 -9.990e-29     1.3176 -9.990e-29  1021.7233    18.4032    21.7127     8.1945    250.637    7.82927  239.46725    104.664 -9.990e-29
   40.56986  -73.40484      2.412      2.393    18.4043    30.4743 -9.990e-29     1.3176 -9.990e-29  1021.7228    18.4039    21.7123     8.1937    250.613    7.82922  239.46573    104.655 -9.990e-29
   40.56986  -73.40484      2.402      2.383    18.4046    30.4739 -9.990e-29     1.3176 -9.990e-29  1021.7222    18.4042    21.7118     8.1886    250.459    7.82919  239.46484    104.591 -9.990e-29
   40.56986  -73.40484      2.402      2.383    18.4049    30.4735 -9.990e-29     1.3176 -9.990e-29  1021.7219    18.4045    21.7115     8.1920    250.562    7.82917  239.46417    104.634 -9.990e-29
   40.56986  -73.40484      2.402      2.383    18.4050    30.4732 -9.990e-29     1.3176 -9.990e-29  1021.7217    18.4045    21.7112     8.1915    250.546    7.82910  239.46205    104.629 -9.990e-29
   40.56986  -73.40484      2.392      2.374    18.4050    30.4728 -9.990e-29     1.3176 -9.990e-29  1021.7213    18.4046    21.7109     8.1905    250.515    7.82906  239.46076    104.616 -9.990e-29
   40.56986  -73.40484      2.391      2.372    18.4046    30.4724 -9.990e-29     1.3176 -9.990e-29  1021.7211    18.4042    21.7106     8.1899    250.497    7.82900  239.45932    104.609 -9.990e-29
   40.56986  -73.40484      2.391      2.372    18.4044    30.4720 -9.990e-29     1.3176 -9.990e-29  1021.7208    18.4039    21.7104     8.1845    250.332    7.82893  239.45709    104.542 -9.990e-29
   40.56986  -73.40484      2.391      2.372    18.4037    30.4717 -9.990e-29     1.3176 -9.990e-29  1021.7208    18.4033    21.7103     8.1833    250.296    7.82886  239.45497    104.528 -9.990e-29
   40.56986  -73.40484      2.381      2.363    18.4035    30.4713 -9.990e-29     1.3176 -9.990e-29  1021.7206    18.4031    21.7101     8.1868    250.403    7.82881  239.45366    104.573 -9.990e-29
   40.56986  -73.40484      2.372      2.353    18.4031    30.4708 -9.990e-29     1.3176 -9.990e-29  1021.7203    18.4027    21.7099     8.1860    250.378    7.82876  239.45215    104.563 -9.990e-29
   40.56986  -73.40484      2.372      2.353    18.4024    30.4703 -9.990e-29     1.3176 -9.990e-29  1021.7199    18.4020    21.7096     8.1851    250.352    7.82869  239.44990    104.553 -9.990e-29
   40.56986  -73.40484      2.361      2.342    18.4017    30.4699 -9.990e-29     1.3176 -9.990e-29  1021.7196    18.4013    21.7095     8.1800    250.196    7.82868  239.44958    104.488 -9.990e-29
   40.56986  -73.40484      2.352      2.334    18.4002    30.4698 -9.990e-29     1.3176 -9.990e-29  1021.7200    18.3998    21.7097     8.1791    250.168    7.82862  239.44784    104.477 -9.990e-29
   40.56986  -73.40484      2.340      2.322    18.3989    30.4698 -9.990e-29     1.3176 -9.990e-29  1021.7203    18.3985    21.7100     8.1782    250.142    7.82863  239.44835    104.466 -9.990e-29
   40.56986  -73.40484      2.340      2.322    18.3974    30.4698 -9.990e-29     1.3176 -9.990e-29  1021.7205    18.3970    21.7103     8.1773    250.114    7.82862  239.44813    104.454 -9.990e-29
   40.56986  -73.40484      2.330      2.312    18.3959    30.4698 -9.990e-29     1.3176 -9.990e-29  1021.7205    18.3955    21.7106     8.1764    250.086    7.82862  239.44818    104.443 -9.990e-29
   40.56986  -73.40484      2.321      2.303    18.3940    30.4702 -9.990e-29     1.3176 -9.990e-29  1021.7213    18.3936    21.7115     8.1754    250.056    7.82857  239.44650    104.431 -9.990e-29
   40.56986  -73.40484      2.300      2.282    18.3921    30.4715 -9.990e-29     1.3176 -9.990e-29  1021.7231    18.3917    21.7129     8.1745    250.027    7.82859  239.44721    104.419 -9.990e-29
   40.56986  -73.40484      2.310      2.292    18.3907    30.4726 -9.990e-29     1.3176 -9.990e-29  1021.7247    18.3903    21.7141     8.1694    249.870    7.82863  239.44855    104.352 -9.990e-29
   40.56986  -73.40484      2.280      2.262    18.3898    30.4732 -9.990e-29     1.3176 -9.990e-29  1021.7249    18.3894    21.7148     8.1684    249.841    7.82862  239.44812    104.340 -9.990e-29
   40.56986  -73.40484      2.281      2.263    18.3895    30.4733 -9.990e-29     1.3176 -9.990e-29  1021.7250    18.3891    21.7151     8.1671    249.800    7.82863  239.44847    104.323 -9.990e-29
   40.56986  -73.40484      2.270      2.252    18.3886    30.4735 -9.990e-29     1.3176 -9.990e-29  1021.7252    18.3882    21.7154     8.1661    249.772    7.82862  239.44807    104.311 -9.990e-29
   40.56986  -73.40484      2.249      2.232    18.3881    30.4739 -9.990e-29     1.3176 -9.990e-29  1021.7257    18.3877    21.7158     8.1653    249.745    7.82865  239.44897    104.300 -9.990e-29
   40.56986  -73.40484      2.249      2.232    18.3876    30.4744 -9.990e-29     1.3176 -9.990e-29  1021.7260    18.3872    21.7162     8.1648    249.731    7.82864  239.44866    104.294 -9.990e-29
   40.56986  -73.40484      2.240      2.222    18.3874    30.4748 -9.990e-29     1.3176 -9.990e-29  1021.7264    18.3870    21.7166     8.1644    249.719    7.82865  239.44906    104.289 -9.990e-29
   40.56986  -73.40484      2.219      2.202    18.3870    30.4752 -9.990e-29     1.3176 -9.990e-29  1021.7267    18.3867    21.7169     8.1636    249.694    7.82865  239.44884    104.279 -9.990e-29
   40.56986  -73.40484      2.219      2.202    18.3872    30.4754 -9.990e-29     1.3176 -9.990e-29  1021.7269    18.3869    21.7171     8.1679    249.827    7.82866  239.44934    104.334 -9.990e-29
   40.56986  -73.40484      2.189      2.172    18.3874    30.4754 -9.990e-29     1.3176 -9.990e-29  1021.7268    18.3870    21.7172     8.1680    249.830    7.82868  239.44982    104.335 -9.990e-29
   40.56986  -73.40484      2.199      2.182    18.3874    30.4754 -9.990e-29     1.3176 -9.990e-29  1021.7267    18.3870    21.7171     8.1682    249.833    7.82869  239.45032    104.336 -9.990e-29
   40.56986  -73.40484      2.170      2.153    18.3874    30.4754 -9.990e-29     1.3176 -9.990e-29  1021.7265    18.3870    21.7171     8.1633    249.684    7.82878  239.45314    104.273 -9.990e-29
   40.56986  -73.40484      2.179      2.162    18.3874    30.4754 -9.990e-29     1.3176 -9.990e-29  1021.7265    18.3870    21.7171     8.1678    249.822    7.82890  239.45670    104.329 -9.990e-29
   40.56986  -73.40484      2.148      2.131    18.3874    30.4754 -9.990e-29     1.3176 -9.990e-29  1021.7266    18.3870    21.7171     8.1677    249.818    7.82905  239.46136    104.325 -9.990e-29
   40.56986  -73.40484      2.159      2.142    18.3876    30.4754 -9.990e-29     1.3176 -9.990e-29  1021.7265    18.3872    21.7171     8.1679    249.826    7.82916  239.46466    104.327 -9.990e-29
   40.56986  -73.40484      2.138      2.122    18.3872    30.4754 -9.990e-29     1.3176 -9.990e-29  1021.7267    18.3869    21.7171     8.1683    249.836    7.82930  239.46900    104.329 -9.990e-29
   40.56986  -73.40484      2.128      2.112    18.3874    30.4754 -9.990e-29     1.3176 -9.990e-29  1021.7262    18.3870    21.7171     8.1686    249.846    7.82941  239.47205    104.332 -9.990e-29
   40.56986  -73.40484      2.117      2.101    18.3870    30.4754 -9.990e-29     1.3176 -9.990e-29  1021.7265    18.3867    21.7172     8.1688    249.853    7.82944  239.47306    104.335 -9.990e-29
   40.56986  -73.40484      2.117      2.101    18.3872    30.4755 -9.990e-29     1.3176 -9.990e-29  1021.7264    18.3868    21.7172     8.1696    249.876    7.82951  239.47496    104.343 -9.990e-29
   40.56986  -73.40484      2.108      2.092    18.3870    30.4756 -9.990e-29     1.3176 -9.990e-29  1021.7265    18.3867    21.7173     8.1698    249.884    7.82951  239.47504    104.347 -9.990e-29
   40.56986  -73.40484      2.087      2.071    18.3870    30.4756 -9.990e-29     1.3176 -9.990e-29  1021.7264    18.3867    21.7173     8.1701    249.893    7.82955  239.47596    104.350 -9.990e-29
   40.56986  -73.40484      2.109      2.093    18.3869    30.4757 -9.990e-29     1.3176 -9.990e-29  1021.7266    18.3865    21.7174     8.1705    249.904    7.82957  239.47668    104.354 -9.990e-29
   40.56986  -73.40484      2.098      2.082    18.3867    30.4758 -9.990e-29     1.3176 -9.990e-29  1021.7267    18.3864    21.7176     8.1709    249.915    7.82965  239.47913    104.358 -9.990e-29
   40.56986  -73.40484      2.087      2.071    18.3867    30.4759 -9.990e-29     1.3176 -9.990e-29  1021.7269    18.3863    21.7177     8.1713    249.928    7.82974  239.48210    104.362 -9.990e-29
   40.56986  -73.40484      2.078      2.062    18.3867    30.4759 -9.990e-29     1.3176 -9.990e-29  1021.7267    18.3864    21.7176     8.1759    250.069    7.82978  239.48317    104.420 -9.990e-29
   40.56986  -73.40484      2.078      2.062    18.3869    30.4759 -9.990e-29     1.3176 -9.990e-29  1021.7267    18.3865    21.7176     8.1767    250.095    7.82987  239.48606    104.430 -9.990e-29
   40.56986  -73.40484      2.087      2.071    18.3869    30.4760 -9.990e-29     1.3176 -9.990e-29  1021.7268    18.3865    21.7176     8.1729    249.978    7.82993  239.48778    104.380 -9.990e-29
   40.56986  -73.40484      2.078      2.062    18.3870    30.4762 -9.990e-29     1.3176 -9.990e-29  1021.7268    18.3867    21.7178     8.1733    249.990    7.82998  239.48912    104.385 -9.990e-29
   40.56986  -73.40484      2.087      2.071    18.3867    30.4764 -9.990e-29     1.3176 -9.990e-29  1021.7274    18.3863    21.7180     8.1783    250.143    7.82998  239.48887    104.449 -9.990e-29
   40.56986  -73.40484      2.087      2.071    18.3869    30.4765 -9.990e-29     1.3176 -9.990e-29  1021.7270    18.3865    21.7180     8.1791    250.166    7.82995  239.48768    104.459 -9.990e-29
   40.56986  -73.40484      2.087      2.071    18.3870    30.4767 -9.990e-29     1.3176 -9.990e-29  1021.7274    18.3867    21.7181     8.1798    250.187    7.82987  239.48531    104.469 -9.990e-29
