CalculateIndicators/WaterTemperature/Data/CTD_NYOS/20230517_C24.cnv
* Sea-Bird SBE 9 Data File:
* FileName = C:\Seabird 9 CTD\Data\2023\202305_offshore\20230517_C24.hex
* Software Version Seasave V 7.23.2
* Temperature SN = 4590
* Conductivity SN = 3228
* Number of Bytes Per Scan = 44
* Number of Voltage Words = 5
* Number of Scans Averaged by the Deck Unit = 1
* NMEA Latitude = 39 31.89 N
* NMEA Longitude = 071 44.65 W
* NMEA UTC (Time) = May 17 2023  23:56:29
* NMEA baud rate = 4800
** Ship: Seawolf
** Station: 10.7
** Operator: TDK
# nquan = 18
# nvalues = 17705                       
# units = specified
# name 0 = latitude: Latitude [deg]
# name 1 = longitude: Longitude [deg]
# name 2 = prDM: Pressure, Digiquartz [db]
# name 3 = depSM: Depth [salt water, m]
# name 4 = t090C: Temperature [ITS-90, deg C]
# name 5 = sal00: Salinity, Practical [PSU]
# name 6 = ph: pH
# name 7 = flECO-AFL: Fluorescence, WET Labs ECO-AFL/FL [mg/m^3]
# name 8 = cpar: CPAR/Corrected Irradiance [%]
# name 9 = density00: Density [density, kg/m^3]
# name 10 = potemp090C: Potential Temperature [ITS-90, deg C]
# name 11 = sigma-é00: Density [sigma-theta, kg/m^3]
# name 12 = sbeox0Mg/L: Oxygen, SBE 43 [mg/l]
# name 13 = sbox0Mm/Kg: Oxygen, SBE 43 [umol/kg]
# name 14 = oxsolMg/L: Oxygen Saturation, Garcia & Gordon [mg/l]
# name 15 = oxsolMm/Kg: Oxygen Saturation, Garcia & Gordon [umol/kg]
# name 16 = sbeox0PS: Oxygen, SBE 43 [% saturation]
# name 17 = flag:  0.000e+00
# span 0 =   39.53160,   39.53186       
# span 1 =  -71.74418,  -71.74216       
# span 2 =      1.758,    102.076       
# span 3 =      1.744,    101.273       
# span 4 =    12.5667,    15.1144       
# span 5 =    34.0688,    35.7189       
# span 6 =      8.041,      8.127       
# span 7 =    -0.1061,     0.6460       
# span 8 = 7.2342e-12, 9.9999e+04       
# span 9 =  1025.3431,  1026.9571       
# span 10 =    12.5629,    15.0995      
# span 11 =    25.3321,    26.5778      
# span 12 =     6.9554,     8.9515      
# span 13 =    211.747,    272.654      
# span 14 =    8.08096,    8.58515      
# span 15 =  246.01341,  261.51067      
# span 16 =     85.951,    105.052      
# span 17 = 0.0000e+00, 0.0000e+00      
# interval = seconds: 0.0416667
# start_time = May 17 2023 23:56:31 [System UTC, first data scan.]
# bad_flag = -9.990e-29
*END*
[from data line 2171]
   39.53166  -71.74382     43.333     42.999    13.1871    34.7816      8.102     0.5654 8.4399e-12  1026.3795    13.1811    26.1871     8.0981    246.599    8.41659  256.29650     96.216 0.0000e+00
   39.53166  -71.74382     43.354     43.019    13.1864    34.7816      8.102     0.5654 8.4399e-12  1026.3794    13.1804    26.1872     8.0986    246.612    8.41636  256.28952     96.224 0.0000e+00
   39.53166  -71.74382     43.395     43.060    13.1854    34.7815      8.098     0.5654 7.2342e-12  1026.3802    13.1794    26.1875     8.0941    246.477    8.41621  256.28521     96.173 0.0000e+00
   39.53166  -71.74382     43.415     43.079    13.1841    34.7815      8.098     0.5654 8.4399e-12  1026.3809    13.1781    26.1879     8.0946    246.492    8.41612  256.28268     96.180 0.0000e+00
   39.53166  -71.74382     43.464     43.129    13.1830    34.7815      8.102     0.5520 7.2342e-12  1026.3811    13.1770    26.1880     8.0954    246.516    8.41604  256.28019     96.190 0.0000e+00
   39.53166  -71.74382     43.486     43.151    13.1819    34.7806      8.098     0.5654 7.2342e-12  1026.3808    13.1759    26.1876     8.0906    246.372    8.41598  256.27843     96.134 0.0000e+00
   39.53166  -71.74382     43.517     43.181    13.1800    34.7790      8.102     0.5654 8.4399e-12  1026.3801    13.1740    26.1867     8.0908    246.376    8.41593  256.27695     96.137 0.0000e+00
   39.53166  -71.74382     43.547     43.211    13.1778    34.7773      8.098     0.5520 8.4399e-12  1026.3784    13.1718    26.1858     8.0912    246.388    8.41588  256.27539     96.142 0.0000e+00
   39.53166  -71.74382     43.598     43.261    13.1744    34.7773      8.098     0.5654 8.4399e-12  1026.3787    13.1684    26.1858     8.0919    246.411    8.41590  256.27624     96.151 0.0000e+00
   39.53166  -71.74382     43.609     43.272    13.1711    34.7773      8.098     0.5654 8.4399e-12  1026.3802    13.1651    26.1869     8.0871    246.265    8.41591  256.27644     96.093 0.0000e+00
   39.53166  -71.74382     43.649     43.312    13.1681    34.7785      8.098     0.5654 8.4399e-12  1026.3826    13.1621    26.1886     8.0872    246.268    8.41596  256.27827     96.094 0.0000e+00
   39.53166  -71.74382     43.681     43.344    13.1657    34.7801      8.098     0.5654 8.4399e-12  1026.3843    13.1597    26.1903     8.0877    246.283    8.41612  256.28326     96.098 0.0000e+00
   39.53166  -71.74382     43.721     43.383    13.1635    34.7818      8.098     0.5520 7.2342e-12  1026.3858    13.1575    26.1920     8.0832    246.145    8.41616  256.28448     96.044 0.0000e+00
   39.53166  -71.74382     43.742     43.404    13.1620    34.7851      8.098     0.5654 7.2342e-12  1026.3873    13.1560    26.1949     8.0836    246.157    8.41627  256.28770     96.047 0.0000e+00
   39.53166  -71.74382     43.772     43.434    13.1609    34.7920      8.098     0.5520 7.2342e-12  1026.3933    13.1548    26.2003     8.0784    246.000    8.41633  256.28927     95.985 0.0000e+00
   39.53166  -71.74382     43.823     43.485    13.1625    34.8009      8.098     0.5654 7.2342e-12  1026.4034    13.1565    26.2068     8.0782    245.992    8.41634  256.28970     95.982 0.0000e+00
   39.53166  -71.74382     43.844     43.505    13.1676    34.8076      8.098     0.5654 7.2342e-12  1026.4074    13.1615    26.2113     8.0775    245.970    8.41630  256.28828     95.974 0.0000e+00
   39.53166  -71.74382     43.874     43.535    13.1725    34.8106      8.098     0.5654 8.4399e-12  1026.4087    13.1664    26.2126     8.0718    245.799    8.41621  256.28565     95.908 0.0000e+00
   39.53166  -71.74382     43.904     43.565    13.1773    34.8114      8.098     0.5654 8.4399e-12  1026.4067    13.1713    26.2123     8.0712    245.779    8.41622  256.28573     95.900 0.0000e+00
   39.53166  -71.74382     43.946     43.606    13.1805    34.8148      8.098     0.5386 8.4399e-12  1026.4048    13.1745    26.2141     8.0657    245.611    8.41624  256.28668     95.834 0.0000e+00
   39.53166  -71.74382     43.967     43.627    13.1837    34.8263      8.098     0.5117 8.4399e-12  1026.4140    13.1777    26.2221     8.0651    245.594    8.41633  256.28928     95.827 0.0000e+00
   39.53166  -71.74382     44.007     43.667    13.1911    34.8449      8.098     0.4849 8.4399e-12  1026.4308    13.1851    26.2349     8.0648    245.586    8.41639  256.29127     95.823 0.0000e+00
   39.53166  -71.74382     44.037     43.697    13.2039    34.8644      8.098     0.4849 7.2342e-12  1026.4455    13.1979    26.2476     8.0591    245.411    8.41642  256.29226     95.754 0.0000e+00
   39.53166  -71.74382     44.078     43.738    13.2199    34.8783      8.097     0.4849 8.4399e-12  1026.4560    13.2138    26.2553     8.0531    245.227    8.41648  256.29394     95.682 0.0000e+00
   39.53166  -71.74382     44.109     43.768    13.2376    34.8783      8.097     0.4849 7.2342e-12  1026.4540    13.2315    26.2557     8.0460    245.012    8.41635  256.28969     95.600 0.0000e+00
   39.53166  -71.74382     44.139     43.798    13.2513    34.8783      8.097     0.4983 7.2342e-12  1026.4470    13.2452    26.2508     8.0445    244.968    8.41627  256.28747     95.583 0.0000e+00
   39.53166  -71.74382     44.180     43.839    13.2612    34.8749      8.097     0.4849 7.2342e-12  1026.4398    13.2551    26.2447     8.0428    244.916    8.41618  256.28461     95.564 0.0000e+00
   39.53166  -71.74382     44.211     43.869    13.2686    34.8749      8.097     0.4983 7.2342e-12  1026.4340    13.2625    26.2405     8.0363    244.717    8.41613  256.28307     95.487 0.0000e+00
   39.53166  -71.74382     44.241     43.899    13.2736    34.8749      8.097     0.4849 7.2342e-12  1026.4341    13.2675    26.2404     8.0295    244.510    8.41603  256.27985     95.408 0.0000e+00
   39.53166  -71.74382     44.283     43.940    13.2794    34.8787 -9.990e-29     0.4849 7.2342e-12  1026.4409    13.2733    26.2435     8.0220    244.280    8.41597  256.27790     95.319 0.0000e+00
   39.53166  -71.74382     44.313     43.971    13.2876    34.8838 -9.990e-29     0.4983 7.2342e-12  1026.4445    13.2814    26.2460     8.0194    244.202    8.41592  256.27640     95.289 0.0000e+00
   39.53166  -71.74382     44.343     44.001    13.2953    34.8838      8.093     0.4983 7.2342e-12  1026.4433    13.2891    26.2457     8.0173    244.137    8.41589  256.27549     95.264 0.0000e+00
   39.53166  -71.74382     44.374     44.031    13.3012    34.8838 -9.990e-29     0.4983 7.2342e-12  1026.4404    13.2950    26.2436     8.0103    243.925    8.41584  256.27406     95.181 0.0000e+00
   39.53166  -71.74382     44.415     44.072    13.3061    34.8841 -9.990e-29     0.4849 7.2342e-12  1026.4375    13.2999    26.2415     8.0031    243.707    8.41574  256.27086     95.097 0.0000e+00
   39.53166  -71.74382     44.445     44.102    13.3094    34.8841      8.092     0.4983 7.2342e-12  1026.4369    13.3032    26.2411     7.9953    243.468    8.41572  256.27058     95.004 0.0000e+00
   39.53166  -71.74382     44.476     44.132    13.3128    34.8857 -9.990e-29     0.4983 7.2342e-12  1026.4398    13.3067    26.2423     7.9924    243.381    8.41568  256.26935     94.971 0.0000e+00
   39.53166  -71.74382     44.506     44.162    13.3171    34.8880 -9.990e-29     0.4849 7.2342e-12  1026.4419    13.3109    26.2434     7.9849    243.150    8.41564  256.26786     94.881 0.0000e+00
   39.53166  -71.74382     44.536     44.192    13.3208    34.8880      8.092     0.4849 7.2342e-12  1026.4413    13.3146    26.2431     7.9869    243.214    8.41563  256.26783     94.906 0.0000e+00
   39.53166  -71.74382     44.568     44.224    13.3242    34.8880      8.092     0.4849 7.2342e-12  1026.4394    13.3180    26.2419     7.9745    242.834    8.41565  256.26827     94.758 0.0000e+00
   39.53166  -71.74382     44.608     44.264    13.3264    34.8872      8.092     0.4983 7.2342e-12  1026.4383    13.3202    26.2408     7.9659    242.572    8.41563  256.26800     94.656 0.0000e+00
   39.53166  -71.74382     44.629     44.284    13.3281    34.8872      8.092     0.4983 7.2342e-12  1026.4379    13.3219    26.2402     7.9629    242.482    8.41561  256.26720     94.621 0.0000e+00
   39.53166  -71.74382     44.659     44.314    13.3297    34.8872      8.092     0.4983 7.2342e-12  1026.4379    13.3235    26.2400     7.9553    242.250    8.41560  256.26674     94.530 0.0000e+00
   39.53166  -71.74382     44.690     44.344    13.3314    34.8885 -9.990e-29     0.4983 7.2342e-12  1026.4380    13.3252    26.2407     7.9476    242.015    8.41558  256.26612     94.439 0.0000e+00
   39.53166  -71.74382     44.721     44.376    13.3329    34.8909      8.092     0.4849 7.2342e-12  1026.4410    13.3267    26.2422     7.9450    241.938    8.41559  256.26662     94.409 0.0000e+00
   39.53166  -71.74382     44.732     44.387    13.3357    34.8930      8.092     0.3640 7.2342e-12  1026.4422    13.3295    26.2433     7.9373    241.701    8.41561  256.26730     94.316 0.0000e+00
   39.53166  -71.74382     44.761     44.415    13.3383    34.8942      8.092     0.2968 7.2342e-12  1026.4423    13.3321    26.2437     7.9346    241.620    8.41564  256.26793     94.284 0.0000e+00
   39.53166  -71.74382     44.792     44.446    13.3404    34.8942 -9.990e-29     0.2968 7.2342e-12  1026.4426    13.3341    26.2436     7.9273    241.397    8.41562  256.26747     94.197 0.0000e+00
   39.53166  -71.74382     44.803     44.457    13.3427    34.8942      8.092     0.2968 7.2342e-12  1026.4419    13.3364    26.2431     7.9199    241.173    8.41561  256.26689     94.110 0.0000e+00
   39.53166  -71.74382     44.822     44.476    13.3447    34.8940      8.092     0.2968 7.2342e-12  1026.4410    13.3385    26.2423     7.9126    240.949    8.41560  256.26663     94.023 0.0000e+00
   39.53166  -71.74382     44.854     44.507    13.3461    34.8934      8.092     0.2968 7.2342e-12  1026.4406    13.3399    26.2415     7.9105    240.885    8.41563  256.26778     93.997 0.0000e+00
   39.53166  -71.74382     44.873     44.526    13.3474    34.8927      8.092     0.2968 7.2342e-12  1026.4395    13.3411    26.2407     7.9038    240.682    8.41568  256.26923     93.918 -9.990e-29
   39.53166  -71.74382     44.873     44.526    13.3480    34.8922      8.092     0.2968 7.2342e-12  1026.4390    13.3418    26.2401     7.9017    240.618    8.41565  256.26828     93.893 -9.990e-29
   39.53166  -71.74382     44.915     44.567    13.3485    34.8920      8.092     0.2968 7.2342e-12  1026.4390    13.3423    26.2399     7.8950    240.415    8.41564  256.26794     93.814 -9.990e-29
   39.53166  -71.74382     44.915     44.567    13.3488    34.8919      8.092     0.2968 7.2342e-12  1026.4390    13.3426    26.2397     7.8936    240.372    8.41565  256.26811     93.797 -9.990e-29
   39.53166  -71.74382     44.935     44.588    13.3492    34.8917      8.092     0.2968 7.2342e-12  1026.4388    13.3430    26.2396     7.8871    240.173    8.41568  256.26922     93.719 0.0000e+00
   39.53166  -71.74382     44.946     44.599    13.3496    34.8914      8.092     0.2968 7.2342e-12  1026.4387    13.3433    26.2393     7.8858    240.133    8.41569  256.26946     93.703 0.0000e+00
   39.53166  -71.74382     44.956     44.609    13.3495    34.8911      8.092     0.2968 7.2342e-12  1026.4385    13.3433    26.2390     7.8799    239.952    8.41566  256.26862     93.633 0.0000e+00
   39.53166  -71.74382     44.966     44.618    13.3497    34.8905      8.092     0.3103 7.2342e-12  1026.4380    13.3434    26.2385     7.8740    239.775    8.41562  256.26727     93.564 -9.990e-29
   39.53166  -71.74382     44.966     44.618    13.3497    34.8898      8.092     0.2968 7.2342e-12  1026.4372    13.3434    26.2380     7.8728    239.738    8.41554  256.26494     93.551 -9.990e-29
   39.53166  -71.74382     44.986     44.639    13.3489    34.8894      8.092     0.2968 7.2342e-12  1026.4372    13.3426    26.2377     7.8672    239.567    8.41558  256.26633     93.483 -9.990e-29
   39.53166  -71.74382     44.986     44.639    13.3487    34.8894      8.092     0.2968 8.4399e-12  1026.4372    13.3424    26.2377     7.8669    239.558    8.41566  256.26883     93.479 -9.990e-29
   39.53166  -71.74382     44.996     44.648    13.3480    34.8894      8.092     0.2968 8.4399e-12  1026.4374    13.3418    26.2379     7.8615    239.394    8.41578  256.27251     93.414 -9.990e-29
   39.53166  -71.74382     44.996     44.648    13.3475    34.8897      8.092     0.2968 7.2342e-12  1026.4379    13.3413    26.2383     7.8614    239.390    8.41585  256.27445     93.412 -9.990e-29
   39.53166  -71.74382     45.007     44.659    13.3473    34.8901      8.092     0.2968 7.2342e-12  1026.4383    13.3411    26.2387     7.8612    239.386    8.41583  256.27393     93.410 -9.990e-29
   39.53166  -71.74382     44.996     44.648    13.3474    34.8905      8.092     0.2968 7.2342e-12  1026.4387    13.3411    26.2390     7.8565    239.240    8.41570  256.26959     93.355 -9.990e-29
   39.53166  -71.74382     45.007     44.659    13.3479    34.8905      8.092     0.2968 8.4399e-12  1026.4386    13.3416    26.2391     7.8517    239.095    8.41547  256.26238     93.301 0.0000e+00
   39.53166  -71.74382     45.017     44.669    13.3478    34.8905      8.092     0.2968 8.4399e-12  1026.4389    13.3415    26.2389     7.8517    239.094    8.41529  256.25674     93.303 -9.990e-29
   39.53166  -71.74382     45.007     44.659    13.3479    34.8901      8.092     0.2968 7.2342e-12  1026.4382    13.3416    26.2386     7.8472    238.957    8.41510  256.25084     93.251 -9.990e-29
   39.53166  -71.74382     45.007     44.659    13.3475    34.8897      8.092     0.2968 8.4399e-12  1026.4379    13.3413    26.2383     7.8526    239.121    8.41498  256.24695     93.317 -9.990e-29
   39.53166  -71.74382     45.007     44.659    13.3474    34.8897      8.092     0.2968 8.4399e-12  1026.4375    13.3411    26.2381     7.8489    239.008    8.41484  256.24282     93.274 -9.990e-29
   39.53166  -71.74382     45.007     44.659    13.3471    34.8897      8.092     0.2834 7.2342e-12  1026.4376    13.3409    26.2382     7.8504    239.055    8.41467  256.23764     93.294 -9.990e-29
   39.53166  -71.74382     44.996     44.648    13.3467    34.8897      8.092     0.2968 8.4399e-12  1026.4380    13.3404    26.2385     7.8469    238.948    8.41456  256.23419     93.254 -9.990e-29
   39.53166  -71.74382     44.996     44.648    13.3472    34.8903      8.092     0.2834 7.2342e-12  1026.4385    13.3409    26.2389     7.8481    238.986    8.41453  256.23348     93.269 -9.990e-29
   39.53166  -71.74382     44.986     44.639    13.3475    34.8908 -9.990e-29     0.2968 7.2342e-12  1026.4387    13.3412    26.2392     7.8494    239.023    8.41444  256.23071     93.284 -9.990e-29
   39.53166  -71.74382     44.997     44.650    13.3479    34.8911      8.092     0.2968 8.4399e-12  1026.4391    13.3416    26.2394     7.8461    238.925    8.41443  256.23052     93.246 -9.990e-29
   39.53166  -71.74382     44.986     44.639    13.3482    34.8914      8.092     0.2968 8.4399e-12  1026.4389    13.3419    26.2394     7.8481    238.986    8.41440  256.22959     93.270 -9.990e-29
   39.53166  -71.74382     44.975     44.628    13.3487    34.8917      8.092     0.2834 7.2342e-12  1026.4390    13.3424    26.2396     7.8449    238.889    8.41433  256.22755     93.233 -9.990e-29
   39.53166  -71.74382     44.975     44.628    13.3488    34.8920      8.092     0.2968 7.2342e-12  1026.4395    13.3426    26.2398     7.8465    238.937    8.41436  256.22865     93.251 -9.990e-29
   39.53166  -71.74382     44.966     44.618    13.3492    34.8922      8.092     0.2968 7.2342e-12  1026.4392    13.3430    26.2400     7.8480    238.984    8.41433  256.22758     93.270 -9.990e-29
   39.53166  -71.74382     44.975     44.628    13.3492    34.8923      8.092     0.2834 8.4399e-12  1026.4396    13.3430    26.2401     7.8502    239.049    8.41433  256.22741     93.296 -9.990e-29
