CalculateIndicators/WaterTemperature/Data/CTD_NYOS/20230515_C06.cnv
* Sea-Bird SBE 9 Data File:
* FileName = C:\Seabird 9 CTD\Data\2023\202305_offshore\20230515_C06.hex
* Software Version Seasave V 7.23.2
* Temperature SN = 4590
* Conductivity SN = 3228
* Number of Bytes Per Scan = 44
* Number of Voltage Words = 5
* Number of Scans Averaged by the Deck Unit = 1
* NMEA Latitude = 39 36.60 N
* NMEA Longitude = 072 44.60 W
* NMEA UTC (Time) = May 15 2023  20:13:19
* NMEA baud rate = 4800
** Ship: seawolf
** Station: 8.5
** Operator: SJW
# nquan = 18
# nvalues = 14172                       
# units = specified
# name 0 = latitude: Latitude [deg]
# name 1 = longitude: Longitude [deg]
# name 2 = prDM: Pressure, Digiquartz [db]
# name 3 = depSM: Depth [salt water, m]
# name 4 = t090C: Temperature [ITS-90, deg C]
# name 5 = sal00: Salinity, Practical [PSU]
# name 6 = ph: pH
# name 7 = flECO-AFL: Fluorescence, WET Labs ECO-AFL/FL [mg/m^3]
# name 8 = cpar: CPAR/Corrected Irradiance [%]
# name 9 = density00: Density [density, kg/m^3]
# name 10 = potemp090C: Potential Temperature [ITS-90, deg C]
# name 11 = sigma-é00: Density [sigma-theta, kg/m^3]
# name 12 = sbeox0Mg/L: Oxygen, SBE 43 [mg/l]
# name 13 = sbox0Mm/Kg: Oxygen, SBE 43 [umol/kg]
# name 14 = oxsolMg/L: Oxygen Saturation, Garcia & Gordon [mg/l]
# name 15 = oxsolMm/Kg: Oxygen Saturation, Garcia & Gordon [umol/kg]
# name 16 = sbeox0PS: Oxygen, SBE 43 [% saturation]
# name 17 = flag:  0.000e+00
# span 0 =   39.61000,   39.61020       
# span 1 =  -72.74354,  -72.74076       
# span 2 =      1.822,     65.817       
# span 3 =      1.808,     65.304       
# span 4 =     6.7415,    13.7486       
# span 5 =    32.5240,    33.1232       
# span 6 =      7.849,      8.086       
# span 7 =    -0.0524,     1.4250       
# span 8 = 4.9022e-14, 1.2245e+02       
# span 9 =  1024.5037,  1026.2109       
# span 10 =     6.7384,    13.7483      
# span 11 =    24.4844,    25.9110      
# span 12 =     8.5032,    10.2773      
# span 13 =    259.018,    313.211      
# span 14 =    8.45988,    9.84136      
# span 15 =  258.05346,  299.81434      
# span 16 =     87.507,    114.122      
# span 17 = 0.0000e+00, 0.0000e+00      
# interval = seconds: 0.0416667
# start_time = May 15 2023 20:13:18 [System UTC, first data scan.]
# bad_flag = -9.990e-29
*END*
[from data line 10292]
   39.61014  -72.74144     17.783     17.646    12.3362    32.7522 -9.990e-29     0.8475 2.5851e+00  1024.8616    12.3339    24.7815     9.4695    288.778    8.67695  264.60939    109.134 0.0000e+00
   39.61014  -72.74144     17.752     17.616    12.3320    32.7483 -9.990e-29     0.8475 2.5898e+00  1024.8575    12.3297    24.7787     9.4682    288.738    8.67539  264.56243    109.138 0.0000e+00
   39.61014  -72.74144     17.722     17.586    12.3268    32.7483 -9.990e-29     0.8475 2.6019e+00  1024.8541    12.3245    24.7775     9.4670    288.705    8.67396  264.51969    109.143 0.0000e+00
   39.61014  -72.74144     17.692     17.556    12.3201    32.7483 -9.990e-29     0.8475 2.5994e+00  1024.8570    12.3178    24.7802     9.4656    288.661    8.67275  264.48406    109.141 -9.990e-29
   39.61014  -72.74144     17.701     17.566    12.3158    32.7551 -9.990e-29     0.8475 2.5969e+00  1024.8654    12.3135    24.7863     9.4645    288.629    8.67183  264.45704    109.140 -9.990e-29
   39.61014  -72.74144     17.692     17.556    12.3178    32.7629 -9.990e-29     0.8475 2.6115e+00  1024.8747    12.3155    24.7920     9.4645    288.632    8.67133  264.44247    109.147 0.0000e+00
   39.61014  -72.74144     17.671     17.536    12.3276    32.7629 -9.990e-29     0.8475 2.6189e+00  1024.8742    12.3253    24.7935     9.4643    288.625    8.67109  264.43610    109.147 0.0000e+00
   39.61014  -72.74144     17.650     17.515    12.3340    32.7629 -9.990e-29     0.8475 2.6189e+00  1024.8710    12.3317    24.7911     9.4648    288.641    8.67091  264.43081    109.156 0.0000e+00
   39.61014  -72.74144     17.630     17.495    12.3388    32.7605      8.059     0.8475 2.6263e+00  1024.8660    12.3366    24.7870     9.4646    288.637    8.67068  264.42451    109.157 0.0000e+00
   39.61014  -72.74144     17.611     17.476    12.3405    32.7554      8.059     0.8475 2.6263e+00  1024.8607    12.3382    24.7829     9.4653    288.657    8.67056  264.42160    109.165 0.0000e+00
   39.61014  -72.74144     17.600     17.465    12.3379    32.7539      8.059     0.8475 2.6337e+00  1024.8573    12.3357    24.7802     9.4709    288.829    8.67065  264.42524    109.229 -9.990e-29
   39.61014  -72.74144     17.600     17.465    12.3331    32.7539      8.059     0.8475 2.6411e+00  1024.8570    12.3309    24.7802     9.4721    288.868    8.67048  264.42065    109.246 -9.990e-29
   39.61014  -72.74144     17.569     17.435    12.3285    32.7539      8.059     0.8475 2.6411e+00  1024.8609    12.3262    24.7833     9.4722    288.872    8.66984  264.40124    109.255 0.0000e+00
   39.61014  -72.74144     17.560     17.425    12.3273    32.7604      8.059     0.8475 2.6486e+00  1024.8663    12.3251    24.7885     9.4726    288.882    8.66937  264.38727    109.265 0.0000e+00
   39.61014  -72.74144     17.539     17.405    12.3293    32.7688      8.059     0.8475 2.6560e+00  1024.8737    12.3270    24.7946     9.4741    288.929    8.66942  264.38999    109.282 0.0000e+00
   39.61014  -72.74144     17.528     17.394    12.3355    32.7688      8.059     0.8475 2.6560e+00  1024.8814    12.3333    24.7979     9.4761    288.995    8.67048  264.42496    109.292 0.0000e+00
   39.61014  -72.74144     17.499     17.365    12.3474    32.7688      8.059     0.8475 2.6560e+00  1024.8758    12.3451    24.7939     9.4797    289.106    8.67285  264.49827    109.304 -9.990e-29
   39.61014  -72.74144     17.499     17.365    12.3599    32.7617      8.059     0.8475 2.6710e+00  1024.8617    12.3577    24.7841     9.4901    289.422    8.67586  264.59003    109.385 -9.990e-29
   39.61014  -72.74144     17.478     17.344    12.3669    32.7506      8.059     0.8475 2.6786e+00  1024.8503    12.3647    24.7740     9.4950    289.570    8.67875  264.67726    109.405 0.0000e+00
   39.61014  -72.74144     17.458     17.324    12.3722    32.7427      8.059     0.8475 2.6786e+00  1024.8428    12.3699    24.7670     9.4992    289.695    8.68106  264.74489    109.424 0.0000e+00
   39.61014  -72.74144     17.448     17.314    12.3732    32.7427      8.059     0.8609 2.6861e+00  1024.8397    12.3709    24.7644     9.5024    289.787    8.68247  264.78343    109.443 0.0000e+00
   39.61014  -72.74144     17.437     17.303    12.3681    32.7427      8.059     0.8609 2.7013e+00  1024.8431    12.3659    24.7658     9.5046    289.852    8.68312  264.80069    109.461 0.0000e+00
   39.61014  -72.74144     17.428     17.294    12.3630    32.7444      8.059     0.8609 2.7089e+00  1024.8470    12.3607    24.7695     9.5064    289.907    8.68348  264.81079    109.477 0.0000e+00
   39.61016  -72.74144     17.418     17.284    12.3601    32.7487      8.059     0.8609 2.7165e+00  1024.8521    12.3579    24.7732     9.5083    289.963    8.68387  264.82203    109.493 0.0000e+00
   39.61016  -72.74144     17.407     17.273    12.3604    32.7500      8.059     0.8609 2.7319e+00  1024.8552    12.3582    24.7750     9.5096    290.002    8.68385  264.82078    109.509 0.0000e+00
   39.61016  -72.74144     17.397     17.264    12.3638    32.7502      8.059     0.8609 2.7292e+00  1024.8517    12.3615    24.7741     9.5108    290.040    8.68378  264.81843    109.524 -9.990e-29
   39.61016  -72.74144     17.397     17.264    12.3648    32.7510      8.059     0.8609 2.7369e+00  1024.8485    12.3625    24.7739     9.5112    290.051    8.68354  264.81125    109.531 -9.990e-29
   39.61016  -72.74144     17.386     17.253    12.3624    32.7554      8.059     0.8609 2.7524e+00  1024.8530    12.3602    24.7782     9.5163    290.208    8.68287  264.79003    109.599 0.0000e+00
   39.61016  -72.74144     17.377     17.243    12.3614    32.7669      8.059     0.8609 2.7601e+00  1024.8646    12.3592    24.7870     9.5162    290.202    8.68175  264.75540    109.612 0.0000e+00
   39.61016  -72.74144     17.367     17.234    12.3644    32.7749      8.059     0.8609 2.7601e+00  1024.8771    12.3622    24.7954     9.5161    290.201    8.68078  264.72586    109.623 0.0000e+00
   39.61016  -72.74144     17.346     17.213    12.3738    32.7749      8.059     0.8609 2.7757e+00  1024.8812    12.3716    24.7966     9.5116    290.062    8.68065  264.72202    109.572 -9.990e-29
   39.61016  -72.74144     17.356     17.223    12.3922    32.7749      8.058     0.8609 2.7835e+00  1024.8675    12.3900    24.7882     9.5112    290.049    8.68002  264.70328    109.575 -9.990e-29
   39.61016  -72.74144     17.346     17.213    12.4047    32.7622      8.058     0.8609 2.7835e+00  1024.8505    12.4024    24.7762     9.5106    290.031    8.67930  264.68085    109.577 0.0000e+00
   39.61016  -72.74144     17.337     17.204    12.4070    32.7527      8.058     0.8609 2.7887e+00  1024.8428    12.4047    24.7678     9.5096    290.002    8.67830  264.65099    109.579 -9.990e-29
   39.61016  -72.74144     17.337     17.204    12.4098    32.7510      8.058     0.8609 2.7965e+00  1024.8405    12.4076    24.7637     9.5090    289.984    8.67766  264.63268    109.580 -9.990e-29
   39.61016  -72.74144     17.326     17.193    12.4130    32.7510      8.058     0.8609 2.7965e+00  1024.8377    12.4108    24.7625     9.5089    289.982    8.67754  264.62953    109.580 -9.990e-29
   39.61016  -72.74144     17.326     17.193    12.4114    32.7510      8.058     0.8609 2.8044e+00  1024.8391    12.4091    24.7657     9.5090    289.986    8.67762  264.63221    109.581 -9.990e-29
   39.61016  -72.74144     17.326     17.193    12.4064    32.7612      8.058     0.8609 2.8123e+00  1024.8514    12.4041    24.7737     9.5090    289.987    8.67765  264.63385    109.580 -9.990e-29
   39.61016  -72.74144     17.305     17.172    12.4122    32.7688      8.058     0.8609 2.8123e+00  1024.8636    12.4100    24.7806     9.5084    289.968    8.67719  264.61923    109.579 -9.990e-29
   39.61016  -72.74144     17.316     17.183    12.4261    32.7688      8.058     0.8609 2.8203e+00  1024.8609    12.4239    24.7802     9.5066    289.912    8.67573  264.57481    109.577 -9.990e-29
   39.61016  -72.74144     17.305     17.172    12.4382    32.7688      8.058     0.8609 2.8282e+00  1024.8508    12.4359    24.7743     9.5049    289.863    8.67449  264.53797    109.573 0.0000e+00
   39.61016  -72.74144     17.296     17.163    12.4499    32.7636      8.058     0.8609 2.8282e+00  1024.8446    12.4476    24.7680     9.5042    289.840    8.67402  264.52411    109.570 -9.990e-29
   39.61016  -72.74144     17.305     17.172    12.4620    32.7602      8.058     0.8609 2.8255e+00  1024.8394    12.4598    24.7631     9.5040    289.835    8.67412  264.52773    109.567 -9.990e-29
   39.61016  -72.74144     17.286     17.153    12.4719    32.7583      8.058     0.8878 2.8255e+00  1024.8368    12.4697    24.7596     9.5037    289.826    8.67415  264.52923    109.563 -9.990e-29
   39.61016  -72.74144     17.286     17.153    12.4830    32.7567      8.058     0.9549 2.8255e+00  1024.8343    12.4807    24.7563     9.4981    289.656    8.67429  264.53293    109.497 -9.990e-29
   39.61016  -72.74144     17.275     17.142    12.4931    32.7545      8.058     0.9818 2.8255e+00  1024.8295    12.4909    24.7527     9.4962    289.595    8.67408  264.52515    109.477 -9.990e-29
   39.61016  -72.74144     17.286     17.153    12.5018    32.7545      8.058     0.9818 2.8255e+00  1024.8255    12.4996    24.7500     9.4936    289.516    8.67337  264.50198    109.457 -9.990e-29
   39.61014  -72.74160     17.275     17.142    12.5085    32.7545      8.058     0.9818 2.8255e+00  1024.8264    12.5063    24.7493     9.4912    289.442    8.67226  264.46740    109.443 0.0000e+00
   39.61014  -72.74160     17.265     17.133    12.5166    32.7541      8.058     0.9684 2.8255e+00  1024.8271    12.5144    24.7489     9.4884    289.356    8.67085  264.42415    109.429 -9.990e-29
   39.61014  -72.74160     17.265     17.133    12.5254    32.7541      8.058     0.9684 2.8175e+00  1024.8250    12.5231    24.7469     9.4858    289.277    8.66965  264.38744    109.414 -9.990e-29
   39.61014  -72.74160     17.265     17.133    12.5343    32.7528      8.063     0.9684 2.8175e+00  1024.8209    12.5320    24.7435     9.4834    289.203    8.66861  264.35638    109.399 -9.990e-29
   39.61014  -72.74160     17.256     17.123    12.5420    32.7495      8.058     0.9818 2.8175e+00  1024.8167    12.5397    24.7396     9.4808    289.126    8.66750  264.32408    109.383 -9.990e-29
   39.61014  -72.74160     17.265     17.133    12.5483    32.7461      8.058     0.9684 2.8175e+00  1024.8123    12.5460    24.7357     9.4784    289.054    8.66653  264.29538    109.368 -9.990e-29
   39.61014  -72.74160     17.265     17.133    12.5520    32.7429      8.058     0.9684 2.8175e+00  1024.8093    12.5497    24.7325     9.4761    288.984    8.66568  264.26949    109.352 -9.990e-29
   39.61014  -72.74160     17.256     17.123    12.5541    32.7403      8.058     0.9818 2.8175e+00  1024.8067    12.5519    24.7300     9.4737    288.912    8.66478  264.24314    109.336 -9.990e-29
   39.61014  -72.74160     17.254     17.122    12.5556    32.7381      8.058     0.9818 2.8096e+00  1024.8051    12.5534    24.7279     9.4720    288.863    8.66454  264.23751    109.320 -9.990e-29
   39.61014  -72.74160     17.245     17.112    12.5575    32.7356      8.058     0.9818 2.8123e+00  1024.8030    12.5553    24.7256     9.4710    288.834    8.66488  264.24859    109.304 0.0000e+00
   39.61014  -72.74160     17.214     17.082    12.5592    32.7323      8.058     0.9684 2.8123e+00  1024.8000    12.5569    24.7228     9.4696    288.790    8.66487  264.24774    109.288 0.0000e+00
   39.61014  -72.74160     17.205     17.073    12.5601    32.7289      8.058     0.9684 2.8123e+00  1024.7961    12.5579    24.7198     9.4622    288.564    8.66431  264.23032    109.209 0.0000e+00
   39.61014  -72.74160     17.184     17.052    12.5618    32.7265      8.058     0.9684 2.8123e+00  1024.7937    12.5596    24.7175     9.4597    288.486    8.66334  264.20044    109.192 -9.990e-29
   39.61014  -72.74160     17.184     17.052    12.5654    32.7251      8.058     0.9684 2.8123e+00  1024.7931    12.5631    24.7160     9.4627    288.578    8.66250  264.17462    109.237 -9.990e-29
   39.61014  -72.74160     17.174     17.043    12.5680    32.7226      8.058     0.9818 2.8203e+00  1024.7923    12.5658    24.7136     9.4558    288.367    8.66179  264.15327    109.167 0.0000e+00
   39.61014  -72.74160     17.163     17.032    12.5699    32.7163      8.058     0.9818 2.8203e+00  1024.7866    12.5676    24.7087     9.4590    288.465    8.66111  264.13297    109.212 0.0000e+00
   39.61014  -72.74160     17.154     17.022    12.5677    32.7074      8.058     0.9818 2.8203e+00  1024.7772    12.5655    24.7025     9.4577    288.426    8.66063  264.11958    109.203 0.0000e+00
   39.61014  -72.74160     17.143     17.011    12.5570    32.7000      8.058     0.9684 2.8203e+00  1024.7731    12.5548    24.6986     9.4570    288.409    8.66074  264.12459    109.194 0.0000e+00
   39.61014  -72.74160     17.133     17.002    12.5416    32.7000      8.058     0.9818 2.8282e+00  1024.7728    12.5394    24.6985     9.4518    288.250    8.66145  264.14673    109.125 0.0000e+00
   39.61014  -72.74160     17.124     16.992    12.5255    32.7000      8.058     0.9684 2.8203e+00  1024.7763    12.5232    24.7031     9.4572    288.413    8.66206  264.16526    109.179 -9.990e-29
   39.61014  -72.74160     17.124     16.992    12.5095    32.7079      8.058     0.9684 2.8310e+00  1024.7876    12.5073    24.7130     9.4576    288.425    8.66245  264.17583    109.179 -9.990e-29
   39.61014  -72.74160     17.113     16.981    12.4963    32.7208      8.058     0.9281 2.8310e+00  1024.8042    12.4940    24.7253     9.4575    288.419    8.66230  264.16959    109.180 0.0000e+00
   39.61014  -72.74160     17.103     16.972    12.4893    32.7312      8.063     0.8878 2.8310e+00  1024.8142    12.4870    24.7349     9.4567    288.393    8.66156  264.14562    109.180 0.0000e+00
   39.61014  -72.74160     17.082     16.951    12.4863    32.7369      8.058     0.8878 2.8389e+00  1024.8172    12.4841    24.7401     9.4554    288.355    8.66042  264.11086    109.180 -9.990e-29
   39.61016  -72.74160     17.082     16.951    12.4834    32.7403      8.058     0.8878 2.8470e+00  1024.8196    12.4812    24.7433     9.4543    288.322    8.65942  264.08104    109.180 -9.990e-29
   39.61016  -72.74160     17.052     16.921    12.4823    32.7429      8.058     0.8878 2.8470e+00  1024.8228    12.4801    24.7456     9.4535    288.300    8.65867  264.05918    109.180 -9.990e-29
   39.61016  -72.74160     17.052     16.921    12.4826    32.7445      8.058     0.8878 2.8497e+00  1024.8231    12.4804    24.7467     9.4532    288.292    8.65829  264.04917    109.181 -9.990e-29
   39.61016  -72.74160     17.031     16.901    12.4838    32.7459      8.058     0.9012 2.8578e+00  1024.8229    12.4816    24.7476     9.4590    288.470    8.65859  264.05903    109.245 0.0000e+00
   39.61016  -72.74160     17.011     16.880    12.4865    32.7485      8.058     0.9012 2.8578e+00  1024.8252    12.4843    24.7491     9.4601    288.504    8.65887  264.06768    109.254 0.0000e+00
   39.61016  -72.74160     17.001     16.871    12.4914    32.7513      8.058     0.8878 2.8578e+00  1024.8274    12.4892    24.7505     9.4564    288.388    8.65897  264.07013    109.209 -9.990e-29
   39.61016  -72.74160     17.001     16.871    12.4966    32.7526      8.063     0.8878 2.8658e+00  1024.8268    12.4944    24.7508     9.4623    288.568    8.65873  264.06214    109.280 -9.990e-29
   39.61016  -72.74160     16.961     16.831    12.4973    32.7529      8.063     0.9012 2.8686e+00  1024.8266    12.4951    24.7505     9.4578    288.430    8.65812  264.04335    109.236 -9.990e-29
