CalculateIndicators/WaterTemperature/Data/CTD_NYOS/20230518_C28.cnv
* Sea-Bird SBE 9 Data File:
* FileName = C:\Seabird 9 CTD\Data\2023\202305_offshore\20230518_C28.hex
* Software Version Seasave V 7.23.2
* Temperature SN = 4590
* Conductivity SN = 3228
* Number of Bytes Per Scan = 44
* Number of Voltage Words = 5
* Number of Scans Averaged by the Deck Unit = 1
* NMEA Latitude = 40 18.11 N
* NMEA Longitude = 071 48.20 W
* NMEA UTC (Time) = May 18 2023  14:02:16
* NMEA baud rate = 4800
** Ship: Seawolf
** Station: 11.4
** Operator: SJW
# nquan = 18
# nvalues = 17725                       
# units = specified
# name 0 = latitude: Latitude [deg]
# name 1 = longitude: Longitude [deg]
# name 2 = prDM: Pressure, Digiquartz [db]
# name 3 = depSM: Depth [salt water, m]
# name 4 = t090C: Temperature [ITS-90, deg C]
# name 5 = sal00: Salinity, Practical [PSU]
# name 6 = ph: pH
# name 7 = flECO-AFL: Fluorescence, WET Labs ECO-AFL/FL [mg/m^3]
# name 8 = cpar: CPAR/Corrected Irradiance [%]
# name 9 = density00: Density [density, kg/m^3]
# name 10 = potemp090C: Potential Temperature [ITS-90, deg C]
# name 11 = sigma-é00: Density [sigma-theta, kg/m^3]
# name 12 = sbeox0Mg/L: Oxygen, SBE 43 [mg/l]
# name 13 = sbox0Mm/Kg: Oxygen, SBE 43 [umol/kg]
# name 14 = oxsolMg/L: Oxygen Saturation, Garcia & Gordon [mg/l]
# name 15 = oxsolMm/Kg: Oxygen Saturation, Garcia & Gordon [umol/kg]
# name 16 = sbeox0PS: Oxygen, SBE 43 [% saturation]
# name 17 = flag:  0.000e+00
# span 0 =   40.30156,   40.30194       
# span 1 =  -71.80510,  -71.80332       
# span 2 =      2.407,     70.579       
# span 3 =      2.388,     70.025       
# span 4 =     6.8764,    12.2822       
# span 5 =    32.7827,    33.1573       
# span 6 =      7.869,      8.176       
# span 7 =    -0.0389,     1.3579       
# span 8 = 4.4735e-14, 2.9651e+02       
# span 9 =  1024.9616,  1026.2125       
# span 10 =     6.8709,    12.2817      
# span 11 =    24.9469,    25.8921      
# span 12 =     8.1516,     9.4769      
# span 13 =    248.314,    288.797      
# span 14 =    8.70849,    9.80129      
# span 15 =  265.51911,  298.56503      
# span 16 =     83.219,    108.278      
# span 17 = 0.0000e+00, 0.0000e+00      
# interval = seconds: 0.0416667
# start_time = May 18 2023 14:02:19 [System UTC, first data scan.]
# bad_flag = -9.990e-29
*END*
[from data line 10855]
   40.30180  -71.80446     37.043     36.755     6.8992    33.0339      7.874     0.0148 1.9149e-01  1026.0541     6.8959    25.8842     8.1743    249.004    9.79625  298.41287     83.443 -9.990e-29
   40.30180  -71.80446     37.022     36.734     6.8993    33.0340      7.874     0.0148 1.9149e-01  1026.0542     6.8960    25.8842     8.1682    248.818    9.79631  298.41468     83.380 -9.990e-29
   40.30180  -71.80446     37.022     36.734     6.8992    33.0340      7.874     0.0148 1.9264e-01  1026.0541     6.8959    25.8843     8.1674    248.793    9.79629  298.41400     83.372 -9.990e-29
   40.30180  -71.80446     37.003     36.715     6.8990    33.0340      7.874     0.0148 1.9438e-01  1026.0542     6.8957    25.8843     8.1729    248.962    9.79624  298.41266     83.429 -9.990e-29
   40.30180  -71.80446     36.992     36.704     6.8992    33.0341      7.874     0.0148 1.9438e-01  1026.0540     6.8959    25.8844     8.1676    248.802    9.79626  298.41332     83.375 -9.990e-29
   40.30180  -71.80446     36.992     36.704     6.8989    33.0343      7.874     0.0148 1.9438e-01  1026.0544     6.8956    25.8845     8.1678    248.809    9.79629  298.41443     83.377 -9.990e-29
   40.30180  -71.80446     36.971     36.684     6.8990    33.0343      7.874     0.0282 1.9555e-01  1026.0541     6.8958    25.8845     8.1734    248.978    9.79625  298.41302     83.434 -9.990e-29
   40.30180  -71.80446     36.959     36.671     6.8990    33.0343      7.874     0.0148 1.9555e-01  1026.0542     6.8958    25.8845     8.1745    249.010    9.79616  298.41039     83.446 -9.990e-29
   40.30180  -71.80446     36.962     36.674     6.8990    33.0343      7.874     0.0148 1.9614e-01  1026.0542     6.8958    25.8844     8.1692    248.849    9.79607  298.40739     83.392 -9.990e-29
   40.30180  -71.80446     36.941     36.654     6.8992    33.0343      7.874     0.0282 1.9731e-01  1026.0536     6.8959    25.8844     8.1694    248.856    9.79608  298.40791     83.395 -9.990e-29
   40.30180  -71.80446     36.931     36.644     6.8988    33.0343      7.874     0.0148 1.9850e-01  1026.0542     6.8956    25.8845     8.1697    248.865    9.79611  298.40874     83.397 -9.990e-29
   40.30180  -71.80446     36.931     36.644     6.8987    33.0343      7.874     0.0148 1.9850e-01  1026.0539     6.8955    25.8845     8.1700    248.874    9.79611  298.40858     83.401 -9.990e-29
   40.30180  -71.80448     36.922     36.634     6.8988    33.0344      7.874     0.0148 1.9910e-01  1026.0541     6.8956    25.8846     8.1704    248.885    9.79611  298.40859     83.404 -9.990e-29
   40.30180  -71.80448     36.911     36.624     6.8989    33.0344      7.874     0.0148 1.9969e-01  1026.0540     6.8956    25.8846     8.1771    249.090    9.79611  298.40872     83.473 -9.990e-29
   40.30180  -71.80448     36.911     36.624     6.8988    33.0344      7.874     0.0148 1.9849e-01  1026.0539     6.8956    25.8846     8.1712    248.909    9.79618  298.41074     83.412 -9.990e-29
   40.30180  -71.80448     36.901     36.614     6.8989    33.0344      7.874     0.0148 1.9731e-01  1026.0540     6.8956    25.8847     8.1778    249.112    9.79610  298.40843     83.480 -9.990e-29
   40.30180  -71.80448     36.890     36.603     6.8992    33.0344      7.874     0.0148 1.9441e-01  1026.0540     6.8959    25.8847     8.1719    248.932    9.79619  298.41104     83.419 -9.990e-29
   40.30180  -71.80448     36.887     36.600     6.8994    33.0344      7.874     0.0148 1.8781e-01  1026.0539     6.8961    25.8846     8.1723    248.945    9.79622  298.41217     83.423 -9.990e-29
   40.30180  -71.80448     36.880     36.593     6.8994    33.0342      7.874     0.0148 1.7227e-01  1026.0537     6.8961    25.8844     8.1718    248.929    9.79625  298.41305     83.418 -9.990e-29
   40.30180  -71.80448     36.880     36.593     6.8995    33.0342      7.874     0.0148 1.5021e-01  1026.0533     6.8962    25.8843     8.1712    248.912    9.79621  298.41188     83.412 -9.990e-29
   40.30180  -71.80448     36.871     36.584     6.8992    33.0342      7.874     0.0148 1.2725e-01  1026.0536     6.8959    25.8843     8.1708    248.898    9.79634  298.41568     83.407 -9.990e-29
   40.30180  -71.80448     36.860     36.573     6.8993    33.0341      7.874     0.0416 1.0937e-01  1026.0538     6.8960    25.8844     8.1766    249.074    9.79631  298.41485     83.466 -9.990e-29
   40.30180  -71.80448     36.860     36.573     6.8996    33.0341      7.874     0.0551 9.5412e-02  1026.0532     6.8963    25.8843     8.1706    248.893    9.79635  298.41599     83.405 -9.990e-29
   40.30180  -71.80448     36.850     36.563     6.8996    33.0340      7.874     0.0551 8.5068e-02  1026.0534     6.8964    25.8842     8.1710    248.905    9.79637  298.41674     83.409 -9.990e-29
   40.30180  -71.80448     36.850     36.563     6.8997    33.0339      7.874     0.0551 7.7550e-02  1026.0532     6.8964    25.8840     8.1768    249.082    9.79639  298.41710     83.468 -9.990e-29
   40.30180  -71.80448     36.850     36.563     6.8998    33.0339      7.874     0.0551 7.2611e-02  1026.0529     6.8966    25.8839     8.1708    248.899    9.79638  298.41680     83.407 -9.990e-29
   40.30180  -71.80448     36.850     36.563     6.8996    33.0339      7.874     0.0551 6.8813e-02  1026.0529     6.8963    25.8839     8.1713    248.912    9.79641  298.41771     83.411 -9.990e-29
   40.30180  -71.80448     36.839     36.552     6.8995    33.0338      7.874     0.0551 6.6364e-02  1026.0532     6.8962    25.8840     8.1706    248.892    9.79630  298.41448     83.405 -9.990e-29
   40.30180  -71.80448     36.836     36.550     6.8994    33.0338      7.874     0.0551 6.4650e-02  1026.0534     6.8961    25.8841     8.1700    248.873    9.79617  298.41053     83.399 -9.990e-29
   40.30180  -71.80448     36.829     36.543     6.8996    33.0338      7.874     0.0551 6.3505e-02  1026.0529     6.8964    25.8840     8.1766    249.074    9.79602  298.40580     83.468 -9.990e-29
   40.30180  -71.80448     36.820     36.533     6.8997    33.0336      7.874     0.0551 6.2624e-02  1026.0528     6.8964    25.8838     8.1715    248.918    9.79588  298.40160     83.417 -9.990e-29
   40.30180  -71.80448     36.829     36.543     6.8996    33.0336      7.874     0.0551 6.1865e-02  1026.0527     6.8963    25.8838     8.1773    249.096    9.79585  298.40095     83.477 -9.990e-29
   40.30180  -71.80448     36.820     36.533     6.8993    33.0336      7.874     0.0551 6.1359e-02  1026.0529     6.8960    25.8839     8.1776    249.106    9.79579  298.39907     83.481 -9.990e-29
   40.30180  -71.80448     36.809     36.522     6.8994    33.0337      7.874     0.0551 6.1630e-02  1026.0528     6.8961    25.8840     8.1717    248.925    9.79584  298.40034     83.420 -9.990e-29
   40.30180  -71.80448     36.820     36.533     6.8992    33.0339      7.874     0.0551 6.1887e-02  1026.0532     6.8959    25.8841     8.1711    248.907    9.79581  298.39939     83.414 -9.990e-29
   40.30180  -71.80448     36.809     36.522     6.8990    33.0341      7.874     0.0551 6.1887e-02  1026.0533     6.8958    25.8843     8.1704    248.885    9.79567  298.39512     83.408 -9.990e-29
   40.30174  -71.80450     36.799     36.513     6.8990    33.0342      7.874     0.0551 6.1999e-02  1026.0533     6.8958    25.8844     8.1760    249.057    9.79554  298.39130     83.467 -9.990e-29
   40.30174  -71.80450     36.809     36.522     6.8990    33.0342      7.874     0.0551 6.2297e-02  1026.0533     6.8958    25.8845     8.1762    249.062    9.79535  298.38562     83.470 -9.990e-29
   40.30174  -71.80450     36.788     36.502     6.8988    33.0342      7.874     0.0551 6.2710e-02  1026.0534     6.8956    25.8845     8.1763    249.065    9.79518  298.38016     83.472 -9.990e-29
   40.30174  -71.80450     36.806     36.520     6.8990    33.0342      7.874     0.0551 6.3055e-02  1026.0532     6.8958    25.8844     8.1763    249.066    9.79496  298.37359     83.475 -9.990e-29
   40.30174  -71.80450     36.788     36.502     6.8990    33.0342      7.874     0.0551 6.4004e-02  1026.0531     6.8958    25.8843     8.1765    249.071    9.79490  298.37194     83.477 -9.990e-29
   40.30174  -71.80450     36.788     36.502     6.8992    33.0341      7.874     0.0551 6.5283e-02  1026.0532     6.8960    25.8844     8.1775    249.102    9.79478  298.36843     83.488 -9.990e-29
   40.30174  -71.80450     36.778     36.492     6.8992    33.0341      7.874     0.0551 6.6664e-02  1026.0533     6.8959    25.8844     8.1714    248.916    9.79483  298.37010     83.425 -9.990e-29
   40.30174  -71.80450     36.788     36.502     6.8994    33.0341      7.874     0.0551 6.8172e-02  1026.0530     6.8961    25.8843     8.1770    249.089    9.79495  298.37363     83.482 -9.990e-29
   40.30174  -71.80450     36.778     36.492     6.8992    33.0340      7.874     0.0551 7.0311e-02  1026.0531     6.8959    25.8843     8.1783    249.127    9.79509  298.37806     83.494 -9.990e-29
   40.30174  -71.80450     36.769     36.483     6.8992    33.0339 -9.990e-29     0.0416 7.2803e-02  1026.0530     6.8960    25.8841     8.1794    249.162    9.79516  298.37994     83.505 -9.990e-29
   40.30174  -71.80450     36.778     36.492     6.8994    33.0339 -9.990e-29     0.0282 7.5400e-02  1026.0526     6.8961    25.8840     8.1805    249.195    9.79512  298.37869     83.516 -9.990e-29
   40.30174  -71.80450     36.778     36.492     6.8992    33.0339 -9.990e-29     0.0282 7.8278e-02  1026.0529     6.8959    25.8841     8.1805    249.195    9.79497  298.37392     83.518 -9.990e-29
   40.30174  -71.80450     36.757     36.472     6.8992    33.0339 -9.990e-29     0.0282 8.1099e-02  1026.0528     6.8960    25.8842     8.1805    249.194    9.79484  298.37004     83.519 -9.990e-29
   40.30174  -71.80450     36.769     36.483     6.8988    33.0340 -9.990e-29     0.0282 8.3082e-02  1026.0531     6.8956    25.8843     8.1815    249.224    9.79481  298.36915     83.529 -9.990e-29
   40.30174  -71.80450     36.757     36.472     6.8989    33.0340 -9.990e-29     0.0282 8.6683e-02  1026.0532     6.8956    25.8844     8.1815    249.225    9.79475  298.36760     83.529 -9.990e-29
   40.30174  -71.80450     36.766     36.480     6.8992    33.0340 -9.990e-29     0.0282 8.8999e-02  1026.0530     6.8959    25.8842     8.1815    249.224    9.79472  298.36657     83.530 -9.990e-29
   40.30174  -71.80450     36.757     36.472     6.8992    33.0337 -9.990e-29     0.0282 9.1085e-02  1026.0526     6.8960    25.8840     8.1824    249.254    9.79473  298.36689     83.539 -9.990e-29
   40.30174  -71.80450     36.748     36.462     6.8992    33.0337 -9.990e-29     0.0416 9.3177e-02  1026.0523     6.8959    25.8838     8.1824    249.252    9.79470  298.36586     83.539 -9.990e-29
   40.30174  -71.80450     36.757     36.472     6.8992    33.0337 -9.990e-29     0.0282 9.5613e-02  1026.0527     6.8960    25.8839     8.1760    249.058    9.79471  298.36626     83.474 -9.990e-29
   40.30174  -71.80450     36.748     36.462     6.8996    33.0337 -9.990e-29     0.0282 9.8836e-02  1026.0525     6.8964    25.8839     8.1823    249.250    9.79470  298.36612     83.538 -9.990e-29
   40.30174  -71.80450     36.748     36.462     6.9000    33.0337 -9.990e-29     0.0282 1.0243e-01  1026.0526     6.8968    25.8839     8.1833    249.278    9.79472  298.36652     83.548 -9.990e-29
   40.30174  -71.80450     36.738     36.452     6.9000    33.0337 -9.990e-29     0.0282 1.0519e-01  1026.0525     6.8967    25.8839     8.1832    249.277    9.79475  298.36752     83.547 -9.990e-29
   40.30174  -71.80450     36.748     36.462     6.8998    33.0338 -9.990e-29     0.0282 1.0646e-01  1026.0526     6.8966    25.8839     8.1832    249.277    9.79483  298.37009     83.546 -9.990e-29
   40.30174  -71.80450     36.738     36.452     6.8998    33.0338 -9.990e-29     0.0282 1.0582e-01  1026.0526     6.8966    25.8840     8.1831    249.275    9.79491  298.37242     83.545 -9.990e-29
   40.30174  -71.80450     36.748     36.462     6.8998    33.0338 -9.990e-29     0.0282 1.0395e-01  1026.0527     6.8966    25.8840     8.1831    249.273    9.79501  298.37553     83.543 -9.990e-29
   40.30174  -71.80450     36.727     36.441     6.8998    33.0338 -9.990e-29     0.0282 1.0140e-01  1026.0525     6.8966    25.8840     8.1830    249.271    9.79517  298.38063     83.541 -9.990e-29
   40.30174  -71.80450     36.727     36.441     6.8995    33.0337 -9.990e-29     0.0282 9.9254e-02  1026.0526     6.8962    25.8839     8.1838    249.295    9.79525  298.38289     83.549 -9.990e-29
   40.30174  -71.80450     36.734     36.448     6.9000    33.0337 -9.990e-29     0.0282 9.7758e-02  1026.0522     6.8968    25.8839     8.1836    249.290    9.79534  298.38547     83.546 -9.990e-29
   40.30174  -71.80450     36.727     36.441     6.8995    33.0337 -9.990e-29     0.0282 9.6687e-02  1026.0525     6.8962    25.8839     8.1844    249.312    9.79538  298.38677     83.553 -9.990e-29
   40.30174  -71.80450     36.727     36.441     6.8994    33.0338 -9.990e-29     0.0282 9.6422e-02  1026.0525     6.8961    25.8840     8.1841    249.303    9.79539  298.38701     83.550 -9.990e-29
   40.30174  -71.80450     36.717     36.432     6.8992    33.0338 -9.990e-29     0.0282 9.7219e-02  1026.0526     6.8959    25.8841     8.1838    249.295    9.79544  298.38831     83.547 -9.990e-29
   40.30174  -71.80450     36.738     36.452     6.8994    33.0338 -9.990e-29     0.0282 9.8853e-02  1026.0527     6.8961    25.8841     8.1834    249.282    9.79539  298.38674     83.543 -9.990e-29
   40.30174  -71.80450     36.717     36.432     6.8988    33.0338 -9.990e-29     0.0282 1.0185e-01  1026.0526     6.8956    25.8841     8.1830    249.271    9.79547  298.38923     83.539 -9.990e-29
   40.30174  -71.80450     36.717     36.432     6.8989    33.0338 -9.990e-29     0.0282 1.0614e-01  1026.0527     6.8956    25.8841     8.1825    249.256    9.79541  298.38753     83.534 -9.990e-29
   40.30174  -71.80450     36.727     36.441     6.8988    33.0338 -9.990e-29     0.0282 1.1203e-01  1026.0525     6.8956    25.8840     8.1831    249.272    9.79545  298.38867     83.539 -9.990e-29
   40.30174  -71.80450     36.727     36.441     6.8987    33.0338 -9.990e-29     0.0148 1.2004e-01  1026.0525     6.8955    25.8841     8.1826    249.258    9.79546  298.38907     83.534 -9.990e-29
   40.30174  -71.80450     36.717     36.432     6.8984    33.0341 -9.990e-29     0.0148 1.3085e-01  1026.0531     6.8952    25.8844     8.1820    249.241    9.79545  298.38854     83.529 -9.990e-29
   40.30174  -71.80450     36.717     36.432     6.8985    33.0342 -9.990e-29     0.0282 1.4418e-01  1026.0530     6.8952    25.8845     8.1824    249.253    9.79544  298.38842     83.533 -9.990e-29
   40.30174  -71.80450     36.727     36.441     6.8984    33.0342 -9.990e-29     0.0148 1.5908e-01  1026.0530     6.8952    25.8845     8.1819    249.237    9.79550  298.39008     83.527 -9.990e-29
   40.30174  -71.80450     36.717     36.432     6.8988    33.0343 -9.990e-29     0.0148 1.7308e-01  1026.0530     6.8956    25.8845     8.1813    249.218    9.79548  298.38948     83.521 -9.990e-29
   40.30174  -71.80450     36.734     36.448     6.8994    33.0343 -9.990e-29     0.0148 1.8483e-01  1026.0531     6.8961    25.8845     8.1806    249.196    9.79540  298.38703     83.514 -9.990e-29
   40.30174  -71.80450     36.727     36.441     6.9000    33.0343 -9.990e-29     0.0148 1.9342e-01  1026.0532     6.8967    25.8843     8.1799    249.176    9.79545  298.38862     83.507 -9.990e-29
   40.30174  -71.80450     36.727     36.441     6.9008    33.0340 -9.990e-29     0.0148 1.9938e-01  1026.0525     6.8976    25.8840     8.1802    249.184    9.79546  298.38914     83.510 -9.990e-29
