CalculateIndicators/WaterTemperature/Data/CTD_NYOS/20231004_C14.cnv
* Sea-Bird SBE 9 Data File:
* FileName = C:\Seabird 9 CTD\Data\2023\202309_offshore\20231004_C14.hex
* Software Version Seasave V 7.23.2
* Temperature SN = 4590
* Conductivity SN = 3228
* Number of Bytes Per Scan = 44
* Number of Voltage Words = 5
* Number of Scans Averaged by the Deck Unit = 1
* NMEA Latitude = 40 00.02 N
* NMEA Longitude = 072 32.05 W
* NMEA UTC (Time) = Oct 04 2023  15:16:20
* NMEA baud rate = 4800
** Ship: seawolf
** Station: 9.4
** Operator: TDK
# nquan = 18
# nvalues = 15576                       
# units = specified
# name 0 = latitude: Latitude [deg]
# name 1 = longitude: Longitude [deg]
# name 2 = prDM: Pressure, Digiquartz [db]
# name 3 = depSM: Depth [salt water, m]
# name 4 = t090C: Temperature [ITS-90, deg C]
# name 5 = sal00: Salinity, Practical [PSU]
# name 6 = ph: pH
# name 7 = flECO-AFL: Fluorescence, WET Labs ECO-AFL/FL [mg/m^3]
# name 8 = cpar: CPAR/Corrected Irradiance [%]
# name 9 = density00: Density [density, kg/m^3]
# name 10 = potemp090C: Potential Temperature [ITS-90, deg C]
# name 11 = sigma-é00: Density [sigma-theta, kg/m^3]
# name 12 = sbeox0Mg/L: Oxygen, SBE 43 [mg/l]
# name 13 = sbox0Mm/Kg: Oxygen, SBE 43 [umol/kg]
# name 14 = oxsolMg/L: Oxygen Saturation, Garcia & Gordon [mg/l]
# name 15 = oxsolMm/Kg: Oxygen Saturation, Garcia & Gordon [umol/kg]
# name 16 = sbeox0PS: Oxygen, SBE 43 [% saturation]
# name 17 = flag:  0.000e+00
# span 0 =   40.00032,   40.00192       
# span 1 =  -72.53426,  -72.53276       
# span 2 =      1.991,     60.639       
# span 3 =      1.976,     60.165       
# span 4 =    11.7720,    18.3763       
# span 5 =    32.4182,    32.8712       
# span 6 =      7.642,      8.024       
# span 7 =    -0.1598,     0.8072       
# span 8 = 4.8821e-02, 1.8323e+02       
# span 9 =  1023.4768,  1024.9729       
# span 10 =    11.7645,    18.3758      
# span 11 =    23.4677,    24.7037      
# span 12 =     3.9909,     7.4511      
# span 13 =    121.712,    227.507      
# span 14 =    7.72401,    8.82765      
# span 15 =  235.84294,  269.21984      
# span 16 =     45.211,     96.401      
# span 17 = 0.0000e+00, 0.0000e+00      
# interval = seconds: 0.0416667
# start_time = Oct 04 2023 15:16:21 [System UTC, first data scan.]
# bad_flag = -9.990e-29
*END*
[from data line 8041]
   40.00118  -72.53348     40.516     40.201    17.7089    32.8569 -9.990e-29     0.4714 5.9244e-01  1023.8805    17.7021    23.7034     6.9358    211.727    7.81956  238.70590     88.698 -9.990e-29
   40.00118  -72.53348     40.516     40.201    17.7087    32.8568      7.960     0.4714 5.9244e-01  1023.8800    17.7019    23.7032     6.9355    211.720    7.81951  238.70451     88.695 -9.990e-29
   40.00118  -72.53348     40.534     40.219    17.7084    32.8568 -9.990e-29     0.4714 5.9244e-01  1023.8801    17.7016    23.7032     6.9354    211.714    7.81950  238.70426     88.693 -9.990e-29
   40.00118  -72.53348     40.527     40.212    17.7079    32.8568      7.960     0.4714 5.9244e-01  1023.8807    17.7011    23.7035     6.9305    211.567    7.81952  238.70473     88.631 -9.990e-29
   40.00118  -72.53348     40.536     40.222    17.7081    32.8570      7.960     0.4714 5.9244e-01  1023.8806    17.7014    23.7037     6.9346    211.692    7.81943  238.70200     88.685 -9.990e-29
   40.00118  -72.53348     40.543     40.229    17.7080    32.8571      7.960     0.4714 5.9077e-01  1023.8813    17.7013    23.7039     6.9345    211.688    7.81934  238.69925     88.684 -9.990e-29
   40.00118  -72.53348     40.547     40.233    17.7080    32.8571 -9.990e-29     0.4580 5.9077e-01  1023.8811    17.7013    23.7039     6.9345    211.687    7.81929  238.69785     88.684 -9.990e-29
   40.00118  -72.53348     40.547     40.233    17.7079    32.8571 -9.990e-29     0.4580 5.9027e-01  1023.8810    17.7012    23.7037     6.9350    211.704    7.81934  238.69945     88.690 -9.990e-29
   40.00118  -72.53348     40.543     40.229    17.7079    32.8566      7.960     0.4580 5.9027e-01  1023.8806    17.7011    23.7035     6.9305    211.565    7.81943  238.70232     88.631 -9.990e-29
   40.00118  -72.53348     40.557     40.242    17.7073    32.8561      7.960     0.4580 5.9027e-01  1023.8804    17.7006    23.7032     6.9349    211.701    7.81947  238.70352     88.688 -9.990e-29
   40.00118  -72.53348     40.567     40.252    17.7068    32.8556      7.960     0.4580 5.8860e-01  1023.8802    17.7000    23.7029     6.9346    211.692    7.81947  238.70363     88.684 -9.990e-29
   40.00118  -72.53348     40.564     40.249    17.7063    32.8549      7.960     0.4580 5.8860e-01  1023.8796    17.6996    23.7025     6.9348    211.698    7.81947  238.70363     88.687 -9.990e-29
   40.00118  -72.53348     40.567     40.252    17.7054    32.8543      7.960     0.4580 5.8860e-01  1023.8794    17.6987    23.7022     6.9304    211.563    7.81950  238.70459     88.630 -9.990e-29
   40.00118  -72.53348     40.567     40.252    17.7047    32.8543      7.960     0.4580 5.8860e-01  1023.8793    17.6979    23.7023     6.9302    211.558    7.81949  238.70410     88.628 -9.990e-29
   40.00118  -72.53348     40.574     40.259    17.7039    32.8543      7.960     0.4580 5.8645e-01  1023.8798    17.6971    23.7026     6.9302    211.556    7.81951  238.70494     88.626 -9.990e-29
   40.00118  -72.53348     40.587     40.272    17.7034    32.8547 -9.990e-29     0.4580 5.8645e-01  1023.8803    17.6966    23.7031     6.9301    211.554    7.81949  238.70430     88.626 -9.990e-29
   40.00118  -72.53348     40.578     40.263    17.7027    32.8553      7.960     0.4580 5.8645e-01  1023.8811    17.6960    23.7036     6.9254    211.410    7.81945  238.70291     88.566 -9.990e-29
   40.00118  -72.53348     40.594     40.279    17.7027    32.8556      7.960     0.4580 5.8479e-01  1023.8814    17.6959    23.7039     6.9250    211.398    7.81943  238.70243     88.561 -9.990e-29
   40.00114  -72.53356     40.587     40.272    17.7022    32.8557      7.960     0.4580 5.8479e-01  1023.8814    17.6954    23.7041     6.9289    211.516    7.81933  238.69925     88.612 -9.990e-29
   40.00114  -72.53356     40.587     40.272    17.7017    32.8558      7.960     0.4580 5.8479e-01  1023.8816    17.6950    23.7042     6.9285    211.506    7.81927  238.69710     88.609 -9.990e-29
   40.00114  -72.53356     40.598     40.283    17.7015    32.8561      7.960     0.4580 5.8430e-01  1023.8817    17.6947    23.7045     6.9282    211.497    7.81918  238.69448     88.606 -9.990e-29
   40.00114  -72.53356     40.594     40.279    17.7014    32.8568      7.960     0.4580 5.8430e-01  1023.8823    17.6946    23.7051     6.9285    211.504    7.81912  238.69253     88.609 -9.990e-29
   40.00114  -72.53356     40.598     40.283    17.7013    32.8568      7.960     0.4580 5.8430e-01  1023.8836    17.6945    23.7056     6.9241    211.370    7.81911  238.69243     88.553 -9.990e-29
   40.00114  -72.53356     40.608     40.293    17.7015    32.8568      7.960     0.4580 5.8265e-01  1023.8832    17.6947    23.7055     6.9236    211.355    7.81910  238.69198     88.547 -9.990e-29
   40.00114  -72.53356     40.604     40.289    17.7017    32.8568      7.960     0.4580 5.8265e-01  1023.8823    17.6950    23.7050     6.9231    211.339    7.81904  238.69017     88.541 -9.990e-29
   40.00114  -72.53356     40.608     40.293    17.7015    32.8564      7.960     0.4580 5.8265e-01  1023.8819    17.6947    23.7048     6.9227    211.327    7.81904  238.69036     88.536 -9.990e-29
   40.00114  -72.53356     40.598     40.283    17.7010    32.8564      7.960     0.4580 5.8216e-01  1023.8822    17.6942    23.7048     6.9229    211.333    7.81909  238.69180     88.538 -9.990e-29
   40.00114  -72.53356     40.604     40.289    17.7010    32.8564      7.960     0.4580 5.8216e-01  1023.8822    17.6943    23.7049     6.9226    211.325    7.81908  238.69154     88.535 -9.990e-29
   40.00114  -72.53356     40.608     40.293    17.7006    32.8566      7.960     0.4580 5.8216e-01  1023.8828    17.6938    23.7052     6.9223    211.317    7.81904  238.69026     88.532 -9.990e-29
   40.00114  -72.53356     40.608     40.293    17.7006    32.8567      7.960     0.4580 5.8216e-01  1023.8827    17.6938    23.7052     6.9222    211.311    7.81899  238.68869     88.530 -9.990e-29
   40.00114  -72.53356     40.604     40.289    17.7003    32.8567      7.960     0.4580 5.8216e-01  1023.8826    17.6935    23.7052     6.9220    211.307    7.81895  238.68744     88.529 -9.990e-29
   40.00114  -72.53356     40.608     40.293    17.7004    32.8567      7.960     0.4714 5.8216e-01  1023.8826    17.6937    23.7053     6.9220    211.305    7.81893  238.68692     88.528 -9.990e-29
   40.00114  -72.53356     40.598     40.283    17.7003    32.8569      7.960     0.4714 5.8167e-01  1023.8829    17.6935    23.7055     6.9220    211.307    7.81897  238.68798     88.528 -9.990e-29
   40.00114  -72.53356     40.604     40.289    17.7001    32.8572      7.960     0.4714 5.8167e-01  1023.8832    17.6933    23.7057     6.9221    211.308    7.81893  238.68692     88.529 -9.990e-29
   40.00114  -72.53356     40.598     40.283    17.7004    32.8575      7.960     0.4714 5.8167e-01  1023.8833    17.6937    23.7059     6.9222    211.312    7.81892  238.68658     88.531 -9.990e-29
   40.00114  -72.53356     40.598     40.283    17.7003    32.8577      7.960     0.4714 5.8167e-01  1023.8835    17.6935    23.7061     6.9224    211.319    7.81895  238.68752     88.534 -9.990e-29
   40.00114  -72.53356     40.587     40.272    17.7003    32.8580      7.960     0.4714 5.8119e-01  1023.8838    17.6935    23.7063     6.9227    211.327    7.81899  238.68900     88.536 -9.990e-29
   40.00114  -72.53356     40.583     40.268    17.7006    32.8580      7.960     0.4714 5.8119e-01  1023.8836    17.6938    23.7063     6.9230    211.338    7.81905  238.69070     88.540 -9.990e-29
   40.00114  -72.53356     40.598     40.283    17.7005    32.8580      7.960     0.4714 5.8119e-01  1023.8839    17.6937    23.7063     6.9230    211.336    7.81913  238.69331     88.539 -9.990e-29
   40.00114  -72.53356     40.578     40.263    17.7006    32.8579      7.960     0.4714 5.8283e-01  1023.8835    17.6938    23.7061     6.9230    211.337    7.81921  238.69590     88.538 -9.990e-29
   40.00114  -72.53356     40.573     40.259    17.7006    32.8574      7.960     0.4714 5.8283e-01  1023.8830    17.6938    23.7058     6.9234    211.350    7.81923  238.69625     88.543 -9.990e-29
   40.00114  -72.53356     40.578     40.263    17.7007    32.8573      7.960     0.4714 5.8283e-01  1023.8826    17.6939    23.7056     6.9239    211.363    7.81919  238.69481     88.550 -9.990e-29
   40.00114  -72.53356     40.567     40.252    17.7004    32.8573      7.960     0.4714 5.8448e-01  1023.8831    17.6937    23.7057     6.9239    211.365    7.81918  238.69468     88.550 -9.990e-29
   40.00114  -72.53356     40.564     40.249    17.7005    32.8573      7.960     0.4714 5.8235e-01  1023.8830    17.6938    23.7057     6.9245    211.383    7.81918  238.69437     88.558 -9.990e-29
   40.00114  -72.53356     40.557     40.242    17.7008    32.8573      7.960     0.4714 5.8400e-01  1023.8828    17.6940    23.7057     6.9251    211.401    7.81914  238.69322     88.566 -9.990e-29
   40.00114  -72.53356     40.567     40.252    17.7006    32.8573      7.960     0.4714 5.8400e-01  1023.8830    17.6938    23.7057     6.9252    211.406    7.81906  238.69082     88.569 -9.990e-29
   40.00114  -72.53356     40.543     40.228    17.7007    32.8573      7.960     0.4714 5.8400e-01  1023.8827    17.6939    23.7056     6.9255    211.412    7.81900  238.68890     88.572 -9.990e-29
   40.00114  -72.53356     40.536     40.222    17.7010    32.8573      7.960     0.4714 5.8565e-01  1023.8826    17.6942    23.7056     6.9257    211.419    7.81895  238.68717     88.576 -9.990e-29
   40.00114  -72.53356     40.536     40.222    17.7011    32.8573      7.960     0.4714 5.8565e-01  1023.8829    17.6944    23.7056     6.9260    211.428    7.81890  238.68592     88.580 -9.990e-29
   40.00114  -72.53356     40.533     40.219    17.7015    32.8573      7.960     0.4714 5.8565e-01  1023.8826    17.6948    23.7054     6.9263    211.438    7.81883  238.68364     88.585 -9.990e-29
   40.00114  -72.53356     40.526     40.212    17.7018    32.8573      7.960     0.4714 5.8565e-01  1023.8820    17.6951    23.7053     6.9267    211.450    7.81883  238.68385     88.590 -9.990e-29
   40.00114  -72.53356     40.526     40.212    17.7015    32.8573      7.960     0.4714 5.8516e-01  1023.8825    17.6947    23.7055     6.9271    211.462    7.81878  238.68224     88.596 -9.990e-29
   40.00114  -72.53356     40.502     40.187    17.7019    32.8576      7.960     0.4714 5.8682e-01  1023.8828    17.6951    23.7057     6.9271    211.462    7.81877  238.68199     88.596 -9.990e-29
   40.00114  -72.53356     40.506     40.191    17.7023    32.8576 -9.990e-29     0.4714 5.8682e-01  1023.8830    17.6956    23.7057     6.9276    211.478    7.81877  238.68193     88.602 -9.990e-29
   40.00114  -72.53356     40.506     40.191    17.7027    32.8576      7.960     0.4714 5.8848e-01  1023.8827    17.6960    23.7054     6.9282    211.495    7.81878  238.68259     88.609 -9.990e-29
   40.00114  -72.53356     40.502     40.187    17.7029    32.8569      7.960     0.4849 5.8848e-01  1023.8817    17.6961    23.7048     6.9287    211.512    7.81880  238.68303     88.616 -9.990e-29
   40.00114  -72.53356     40.485     40.171    17.7025    32.8562      7.960     0.4849 5.8848e-01  1023.8811    17.6958    23.7043     6.9294    211.531    7.81879  238.68278     88.624 -9.990e-29
   40.00114  -72.53356     40.485     40.171    17.7024    32.8559      7.960     0.4849 5.9015e-01  1023.8807    17.6957    23.7041     6.9295    211.536    7.81877  238.68207     88.627 -9.990e-29
   40.00114  -72.53356     40.475     40.161    17.7022    32.8559      7.960     0.4849 5.9015e-01  1023.8812    17.6954    23.7042     6.9302    211.557    7.81877  238.68214     88.635 -9.990e-29
   40.00114  -72.53356     40.471     40.157    17.7022    32.8558 -9.990e-29     0.4849 5.9015e-01  1023.8812    17.6954    23.7043     6.9308    211.576    7.81872  238.68050     88.644 -9.990e-29
   40.00114  -72.53356     40.475     40.161    17.7021    32.8559 -9.990e-29     0.4849 5.9015e-01  1023.8810    17.6953    23.7042     6.9316    211.600    7.81874  238.68135     88.654 -9.990e-29
   40.00114  -72.53356     40.464     40.150    17.7022    32.8559 -9.990e-29     0.4849 5.9182e-01  1023.8809    17.6954    23.7042     6.9320    211.612    7.81883  238.68398     88.658 -9.990e-29
   40.00114  -72.53356     40.462     40.148    17.7020    32.8559 -9.990e-29     0.4849 5.9182e-01  1023.8810    17.6952    23.7042     6.9324    211.623    7.81885  238.68470     88.662 -9.990e-29
   40.00114  -72.53356     40.464     40.150    17.7021    32.8560 -9.990e-29     0.4849 5.9182e-01  1023.8811    17.6953    23.7043     6.9327    211.634    7.81886  238.68489     88.667 -9.990e-29
   40.00114  -72.53356     40.455     40.141    17.7023    32.8561 -9.990e-29     0.4849 5.9182e-01  1023.8811    17.6956    23.7044     6.9331    211.647    7.81893  238.68713     88.671 -9.990e-29
   40.00114  -72.53356     40.441     40.127    17.7023    32.8565 -9.990e-29     0.4849 5.9182e-01  1023.8812    17.6956    23.7046     6.9331    211.647    7.81902  238.69007     88.670 -9.990e-29
   40.00114  -72.53354     40.455     40.141    17.7027    32.8571 -9.990e-29     0.4849 5.9182e-01  1023.8818    17.6960    23.7050     6.9331    211.645    7.81904  238.69050     88.669 -9.990e-29
   40.00114  -72.53354     40.434     40.120    17.7030    32.8576 -9.990e-29     0.4849 5.9349e-01  1023.8821    17.6963    23.7054     6.9335    211.658    7.81910  238.69211     88.674 -9.990e-29
   40.00114  -72.53354     40.441     40.127    17.7034    32.8578 -9.990e-29     0.4849 5.9349e-01  1023.8824    17.6967    23.7055     6.9339    211.671    7.81909  238.69194     88.680 -9.990e-29
   40.00114  -72.53354     40.434     40.120    17.7040    32.8578 -9.990e-29     0.4849 5.9349e-01  1023.8819    17.6973    23.7053     6.9343    211.683    7.81908  238.69144     88.685 -9.990e-29
   40.00114  -72.53354     40.434     40.120    17.7040    32.8578 -9.990e-29     0.4849 5.9349e-01  1023.8819    17.6973    23.7052     6.9348    211.696    7.81906  238.69085     88.691 -9.990e-29
   40.00114  -72.53354     40.431     40.118    17.7041    32.8578 -9.990e-29     0.4849 5.9349e-01  1023.8819    17.6974    23.7052     6.9347    211.695    7.81902  238.68952     88.691 -9.990e-29
   40.00114  -72.53354     40.424     40.111    17.7046    32.8577 -9.990e-29     0.4849 5.9517e-01  1023.8817    17.6978    23.7051     6.9347    211.695    7.81900  238.68904     88.691 -9.990e-29
   40.00114  -72.53354     40.424     40.111    17.7046    32.8576 -9.990e-29     0.4849 5.9517e-01  1023.8816    17.6978    23.7050     6.9347    211.695    7.81900  238.68905     88.691 -9.990e-29
   40.00114  -72.53354     40.420     40.107    17.7043    32.8576 -9.990e-29     0.4849 5.9517e-01  1023.8815    17.6976    23.7049     6.9347    211.693    7.81894  238.68736     88.691 -9.990e-29
   40.00114  -72.53354     40.424     40.111    17.7044    32.8576 -9.990e-29     0.4849 5.9517e-01  1023.8814    17.6977    23.7049     6.9347    211.693    7.81895  238.68753     88.691 -9.990e-29
   40.00114  -72.53354     40.415     40.101    17.7046    32.8576 -9.990e-29     0.4849 5.9517e-01  1023.8816    17.6978    23.7050     6.9346    211.692    7.81890  238.68589     88.690 -9.990e-29
   40.00114  -72.53354     40.420     40.107    17.7049    32.8578 -9.990e-29     0.4849 5.9686e-01  1023.8817    17.6981    23.7051     6.9346    211.692    7.81889  238.68561     88.691 -9.990e-29
   40.00114  -72.53354     40.424     40.111    17.7051    32.8578 -9.990e-29     0.4849 5.9517e-01  1023.8817    17.6984    23.7051     6.9346    211.691    7.81887  238.68503     88.690 -9.990e-29
