CalculateIndicators/WaterTemperature/Data/CTD_NYOS/20230518_C24_r2.cnv
* Sea-Bird SBE 9 Data File:
* FileName = C:\Seabird 9 CTD\Data\2023\202305_offshore\20230518_C26_r2.hex
* Software Version Seasave V 7.23.2
* Temperature SN = 4590
* Conductivity SN = 3228
* Number of Bytes Per Scan = 44
* Number of Voltage Words = 5
* Number of Scans Averaged by the Deck Unit = 1
* NMEA Latitude = 39 55.39 N
* NMEA Longitude = 071 32.80 W
* NMEA UTC (Time) = May 18 2023  08:52:34
* NMEA baud rate = 4800
** Ship: Seawolf
** Station: 11.6
** Operator: TDK
# nquan = 18
# nvalues = 350                         
# units = specified
# name 0 = latitude: Latitude [deg]
# name 1 = longitude: Longitude [deg]
# name 2 = prDM: Pressure, Digiquartz [db]
# name 3 = depSM: Depth [salt water, m]
# name 4 = t090C: Temperature [ITS-90, deg C]
# name 5 = sal00: Salinity, Practical [PSU]
# name 6 = ph: pH
# name 7 = flECO-AFL: Fluorescence, WET Labs ECO-AFL/FL [mg/m^3]
# name 8 = cpar: CPAR/Corrected Irradiance [%]
# name 9 = density00: Density [density, kg/m^3]
# name 10 = potemp090C: Potential Temperature [ITS-90, deg C]
# name 11 = sigma-100: Density [sigma-1, kg/m^3 ]
# name 12 = sbeox0Mg/L: Oxygen, SBE 43 [mg/l]
# name 13 = sbox0Mm/Kg: Oxygen, SBE 43 [umol/kg]
# name 14 = oxsolMg/L: Oxygen Saturation, Garcia & Gordon [mg/l]
# name 15 = oxsolMm/Kg: Oxygen Saturation, Garcia & Gordon [umol/kg]
# name 16 = sbeox0PS: Oxygen, SBE 43 [% saturation]
# name 17 = flag: flag
# span 0 =   39.92038,   39.92329       
# span 1 =  -71.55463,  -71.54680       
# span 2 =      2.000,    177.000       
# span 3 =      1.985,    175.570       
# span 4 =     8.0801,    13.9365       
# span 5 =    32.9741,    35.6356       
# span 6 =      7.914,      8.165       
# span 7 =    -0.0948,     1.4602       
# span 8 = -6.547e+03, 1.0110e+05       
# span 9 =  1024.9926,  1027.5264       
# span 10 =     8.0752,    13.9154      
# span 11 =    29.3991,    31.1218      
# span 12 =     5.7662,     9.6353      
# span 13 =    175.504,    293.678      
# span 14 =    8.27795,    9.50749      
# span 15 =  251.96289,  289.57630      
# span 16 =     69.235,    107.946      
# span 17 = 0.0000e+00, 0.0000e+00      
# interval = decibars: 1                
# start_time = May 18 2023 08:52:35 [System UTC, first data scan.]
# bad_flag = -9.990e-29
*END*
[from data line 242]
   39.92152  -71.55130    109.000    108.137    13.4981    35.2127      8.040 -9.990e-29 5.0640e-11  1026.9420    13.4827    30.8423     7.0474    214.556    8.37157  254.87178     84.182 0.0000e+00
   39.92150  -71.55132    108.000    107.145    13.5152    35.2127      8.040    -0.0513 5.0640e-11  1026.9338    13.4999    30.8382     7.0519    214.696    8.37062  254.84301     84.246 0.0000e+00
   39.92152  -71.55134    107.000    106.154    13.5202    35.2132 -9.990e-29    -0.0496 5.0640e-11  1026.9289    13.5051    30.8376     7.0620    215.002    8.36034  254.53144     84.470 0.0000e+00
   39.92152  -71.55134    106.000    105.162    13.5587    35.2254 -9.990e-29    -0.0405 5.0640e-11  1026.9258    13.5437    30.8382     7.0832    215.650    8.36246  254.59836     84.702 0.0000e+00
   39.92148  -71.55137    105.000    104.170    13.5603    35.2102      8.045    -0.0480 2.9409e+04  1026.9094    13.5455    30.8263     7.1139    216.588    8.37695  255.04155     84.922 0.0000e+00
   39.92148  -71.55138    104.000    103.178    13.4643    35.1635      8.045    -0.0402 1.0070e+05  1026.8889    13.4497    30.8122     7.1618    218.047    8.40139  255.78898     85.245 0.0000e+00
   39.92147  -71.55138    103.000    102.186    13.4228    35.1487      8.045    -0.0472 9.9999e+04  1026.8813    13.4084    30.8098     7.1626    218.071    8.39823  255.69154     85.287 0.0000e+00
   39.92148  -71.55140    102.000    101.194    13.3839    35.1330      8.045    -0.0355 9.9999e+04  1026.8728    13.3696    30.8065     7.1923    218.977    8.40275  255.83043     85.594 0.0000e+00
   39.92144  -71.55167    101.000    100.202    13.3330    35.1131      8.046    -0.0256 4.3118e+04  1026.8633    13.3189    30.8024     7.2078    219.448    8.41398  256.17355     85.664 0.0000e+00
 -9.990e-29  -71.55192    100.000     99.210    13.2782    35.0931      8.046    -0.0181 -5.776e+02  1026.8546    13.2643    30.7992     7.2369    220.337    8.42786  256.59833     85.868 0.0000e+00
   39.92126  -71.55193     99.000     98.219    13.2348    35.0766      8.046    -0.0183 5.0640e-11  1026.8465    13.2211    30.7964     7.2317    220.180    8.43351  256.77100     85.750 0.0000e+00
   39.92126  -71.55196     98.000     97.227    13.1800    35.0555      8.046    -0.0213 5.0640e-11  1026.8369    13.1664    30.7923     7.2633    221.145    8.45097  257.30447     85.947 0.0000e+00
   39.92125  -71.55198     97.000     96.235    13.1330    35.0331      8.046    -0.0113 5.0640e-11  1026.8247    13.1196    30.7855     7.2629    221.132    8.45784  257.51478     85.872 0.0000e+00
   39.92123  -71.55199     96.000     95.243    13.0614    35.0125      8.045    -0.0293 5.0640e-11  1026.8187    13.0482    30.7853     7.2751    221.504    8.46693  257.79228     85.924 0.0000e+00
   39.92123  -71.55201     95.000     94.251    13.0219    35.0001      8.044    -0.0227 5.0640e-11  1026.8129    13.0088    30.7846     7.2932    222.056    8.48115  258.22667     85.993 0.0000e+00
   39.92123  -71.55203     94.000     93.259    12.9679    34.9791      8.042    -0.0114 5.0640e-11  1026.8031    12.9550    30.7804     7.3087    222.533    8.51466  259.25101     85.837 0.0000e+00
   39.92122  -71.55204     93.000     92.267    12.8092    34.9171      8.043    -0.0249 5.0640e-11  1026.7826    12.7965    30.7675     7.3161    222.758    8.56701  260.84694     85.398 0.0000e+00
   39.92121  -71.55206     92.000     91.275    12.4777    34.8141      8.041    -0.0247 5.0640e-11  1026.7641    12.4655    30.7600     7.3666    224.301    8.61521  262.31965     85.506 0.0000e+00
   39.92120  -71.55207     91.000     90.283    12.2488    34.7341      8.038    -0.0289 5.0640e-11  1026.7423    12.2368    30.7473     7.3747    224.548    8.63362  262.88146     85.418 0.0000e+00
   39.92120  -71.55210     90.000     89.292    12.0699    34.6699      8.031    -0.0180 5.0640e-11  1026.7231    12.0582    30.7362     7.4443    226.674    8.74201  266.19041     85.155 0.0000e+00
   39.92120  -71.55212     89.000     88.300    11.7422    34.5682      8.028    -0.0323 5.0640e-11  1026.7021    11.7308    30.7263     7.4383    226.495    8.78135  267.39108     84.705 0.0000e+00
   39.92120  -71.55212     88.000     87.308    11.4782    34.4900      8.022    -0.0359 5.0640e-11  1026.6866    11.4672    30.7207     7.4610    227.188    8.81552  268.43433     84.635 0.0000e+00
   39.92119  -71.55214     87.000     86.316    11.2573    34.4190      8.016    -0.0367 5.0640e-11  1026.6677    11.2465    30.7109     7.4663    227.352    8.83644  269.07420     84.494 0.0000e+00
   39.92119  -71.55217     86.000     85.324    11.1952    34.3976      8.008    -0.0502 5.0640e-11  1026.6583    11.1846    30.7072     7.4739    227.588    8.87217  270.16624     84.240 0.0000e+00
   39.92120  -71.55218     85.000     84.332    11.1246    34.3656      8.007    -0.0399 5.0640e-11  1026.6416    11.1142    30.6966     7.4623    227.232    8.87861  270.36049     84.048 0.0000e+00
   39.92120  -71.55219     84.000     83.340    10.9697    34.3241      8.004    -0.0409 5.0640e-11  1026.6332    10.9595    30.6959     7.5077    228.619    8.89770  270.94661     84.378 0.0000e+00
   39.92119  -71.55222     83.000     82.348    10.9185    34.2968      8.001    -0.0415 5.0640e-11  1026.6169    10.9084    30.6852     7.5196    228.985    8.94442  272.37438     84.071 0.0000e+00
   39.92118  -71.55223     82.000     81.356    10.6579    34.2158      7.999    -0.0523 5.0640e-11  1026.5956    10.6482    30.6739     7.5495    229.899    9.04022  275.29376     83.510 0.0000e+00
   39.92117  -71.55225     81.000     80.364    10.0564    34.0241      7.997    -0.0451 5.0640e-11  1026.5459    10.0472    30.6417     7.5681    230.477    9.14027  278.35627     82.800 0.0000e+00
   39.92118  -71.55228     80.000     79.372     9.6611    33.9383      7.983    -0.0445 5.0640e-11  1026.5424     9.6522    30.6512     7.5840    230.959    9.17583  279.43580     82.652 0.0000e+00
   39.92116  -71.55228     79.000     78.380     9.5855    33.9080      7.971    -0.0422 5.0640e-11  1026.5267     9.5768    30.6417     7.5889    231.110    9.20123  280.21230     82.477 0.0000e+00
   39.92116  -71.55230     78.000     77.388     9.4742    33.8747      7.964 -9.990e-29 -9.990e-29  1026.5146     9.4657    30.6365     7.6022    231.518    9.24281  281.48256     82.250 0.0000e+00
   39.92115  -71.55230     77.000     76.396     9.1989    33.7949      7.956    -0.0519 3.7931e+04  1026.4928     9.1906    30.6255     7.6261    232.252    9.30987  283.53039     81.915 0.0000e+00
   39.92116 -9.990e-29     76.000     75.404     8.9301    33.7075      7.949    -0.0424 2.3630e+04  1026.4629     8.9221    30.6061     7.6119    231.822    9.35693  284.96690     81.351 0.0000e+00
   39.92116  -71.55234     75.000     74.412     8.7828    33.6733      7.946    -0.0418 7.3604e+03  1026.4548     8.7750    30.6059     7.6308    232.397    9.36972  285.35678     81.441 0.0000e+00
   39.92115  -71.55235     74.000     73.420     8.7181    33.6578      7.941    -0.0602 3.7470e+02  1026.4486     8.7104    30.6056     7.6421    232.743    9.37202  285.42735     81.542 0.0000e+00
   39.92113  -71.55241     73.000     72.429     8.6596    33.6355      7.939    -0.0386 5.0640e-11  1026.4355     8.6521    30.5984     7.6747    233.738    9.40228  286.35318     81.626 0.0000e+00
   39.92112  -71.55242     72.000     71.436     8.6341    33.6274 -9.990e-29    -0.0498 5.0640e-11  1026.4287     8.6266    30.5968     7.6659    233.472    9.40950  286.57339     81.470 0.0000e+00
   39.92113  -71.55242     71.000     70.444     8.5673    33.6031 -9.990e-29    -0.0501 5.0640e-11  1026.4152     8.5601    30.5893     7.6659    233.472    9.41154  286.63600     81.452 0.0000e+00
   39.92112  -71.55246     70.000     69.452     8.4716    33.5784      7.930    -0.0521 5.0640e-11  1026.4062     8.4645    30.5871     7.6916    234.254    9.42286  286.98237     81.627 0.0000e+00
   39.92110  -71.55246     69.000     68.460     8.4593    33.5734      7.930    -0.0415 5.0640e-11  1026.3996     8.4523    30.5854     7.6942    234.333    9.42514  287.05236     81.634 0.0000e+00
   39.92110  -71.55249     68.000     67.468     8.4458    33.5682      7.929    -0.0472 5.0640e-11  1026.3930     8.4389    30.5836     7.6991    234.484    9.42608  287.08129     81.679 0.0000e+00
   39.92110  -71.55251     67.000     66.476     8.4411    33.5655 -9.990e-29    -0.0409 5.0640e-11  1026.3871     8.4343    30.5824     7.6942    234.335    9.42899  287.17043     81.602 0.0000e+00
   39.92110  -71.55252     66.000     65.484     8.4283    33.5604      7.926    -0.0350 5.0640e-11  1026.3805     8.4216    30.5806     7.6960    234.390    9.43058  287.21921     81.606 0.0000e+00
   39.92110  -71.55253     65.000     64.492     8.4281    33.5598      7.926    -0.0288 5.0640e-11  1026.3755     8.4215    30.5801     7.7070    234.727    9.43077  287.22518     81.722 0.0000e+00
   39.92109  -71.55255     64.000     63.500     8.4217    33.5568      7.926    -0.0317 5.0640e-11  1026.3696     8.4152    30.5789     7.7177    235.051    9.43365  287.31355     81.810 0.0000e+00
   39.92107  -71.55258     63.000     62.508     8.4080    33.5503 -9.990e-29    -0.0496 5.0640e-11  1026.3620     8.4016    30.5763     7.7201    235.127    9.43681  287.41039     81.809 0.0000e+00
   39.92106  -71.55259     62.000     61.516     8.3974    33.5464      7.926    -0.0323 5.0640e-11  1026.3560     8.3912    30.5750     7.7239    235.244    9.44072  287.53058     81.815 0.0000e+00
   39.92106  -71.55260     61.000     60.524     8.3906    33.5431      7.925    -0.0515 5.0640e-11  1026.3499     8.3845    30.5736     7.7151    234.974    9.44378  287.62387     81.695 0.0000e+00
   39.92105  -71.55263     60.000     59.532     8.3691    33.5358      7.923    -0.0496 5.0640e-11  1026.3429     8.3631    30.5717     7.7350    235.582    9.44499  287.66094     81.896 0.0000e+00
   39.92104  -71.55266     59.000     58.540     8.3589    33.5316      7.921    -0.0302 5.0640e-11  1026.3366     8.3529    30.5702     7.7369    235.639    9.45046  287.82864     81.868 0.0000e+00
   39.92103  -71.55267     58.000     57.548     8.3466    33.5265 -9.990e-29    -0.0513 5.0640e-11  1026.3299     8.3407    30.5683     7.7526    236.117    9.45161  287.86349     82.024 0.0000e+00
   39.92103  -71.55268     57.000     56.556     8.3353    33.5237      7.921    -0.0492 5.0640e-11  1026.3248     8.3296    30.5681     7.7570    236.251    9.45291  287.90339     82.059 0.0000e+00
   39.92102  -71.55272     56.000     55.564     8.3240    33.5190      7.921    -0.0362 5.0640e-11  1026.3183     8.3183    30.5664     7.7536    236.148    9.45789  288.05602     81.980 0.0000e+00
   39.92102  -71.55272     55.000     54.572     8.3041    33.5121      7.921    -0.0328 5.0640e-11  1026.3114     8.2986    30.5645     7.7667    236.550    9.46363  288.23192     82.069 0.0000e+00
   39.92102 -9.990e-29     54.000     53.580     8.2847    33.5042 -9.990e-29    -0.0479 8.6618e+03  1026.3036     8.2792    30.5617     7.7704    236.661    9.46679  288.32830     82.080 0.0000e+00
   39.92100  -71.55276     53.000     52.588     8.2511    33.4900      7.919    -0.0328 3.0296e+04  1026.2929     8.2458    30.5564     7.8134    237.976    9.50188  289.40223     82.230 0.0000e+00
   39.92100  -71.55278     52.000     51.595     8.2212    33.4701      7.919    -0.0366 9.2476e+04  1026.2772     8.2160    30.5460     7.8037    237.680    9.50261  289.42384     82.122 0.0000e+00
   39.92086  -71.55326     51.000     50.603     8.1382    33.4422      7.914    -0.0405 2.0035e+04  1026.2630     8.1331    30.5384     7.8146    238.016    9.50749  289.57630     82.195 0.0000e+00
   39.92082  -71.55341     50.000     49.611     8.0801    33.4119      7.916    -0.0222 3.9228e+02  1026.2440     8.0752    30.5254     7.8926    240.396    9.50599  289.53682     83.028 0.0000e+00
   39.92082  -71.55343     49.000     48.619     8.1383    33.4103      7.920    -0.0109 5.0640e-11  1026.2291     8.1335    30.5138     7.9711    242.789    9.48280  288.83297     84.059 0.0000e+00
   39.92082  -71.55346     48.000     47.627     8.2257    33.4106      7.925    -0.0274 5.0640e-11  1026.2116     8.2209    30.4989     8.0135    244.085    9.47636  288.64125     84.563 0.0000e+00
   39.92080  -71.55348     47.000     46.635     8.2505    33.4035      7.926    -0.0250 5.0640e-11  1026.1978     8.2458    30.4892     8.0480    245.135    9.47447  288.58562     84.944 0.0000e+00
   39.92080  -71.55349     46.000     45.643     8.2656    33.3944      7.932    -0.0119 5.0640e-11  1026.1839     8.2610    30.4796     8.0763    246.001    9.47138  288.49596     85.270 0.0000e+00
   39.92080  -71.55351     45.000     44.651     8.2858    33.3805      7.936    -0.0111 5.0640e-11  1026.1653     8.2813    30.4652     8.0903    246.437    9.47746  288.68967     85.364 0.0000e+00
   39.92080  -71.55352     44.000     43.658     8.2997    33.3590      7.936     0.0172 5.0640e-11  1026.1418     8.2953    30.4461     8.0756    245.990    9.47554  288.63235     85.226 0.0000e+00
   39.92079  -71.55353     43.000     42.666     8.2856    33.3331      7.934     0.4877 5.0640e-11  1026.1189     8.2813    30.4283     8.0550    245.364    9.46692  288.37300     85.085 0.0000e+00
   39.92078  -71.55358     42.000     41.674     8.3418    33.3244      7.929     0.8664 -9.990e-29  1026.0992     8.3376    30.4119     7.9976    243.620    9.45944  288.15046     84.546 0.0000e+00
   39.92078  -71.55358     41.000     40.682     8.3606    33.3143      7.927     0.7067 -9.990e-29  1026.0838     8.3565    30.4008     7.9872    243.303    9.45897  288.13696     84.440 0.0000e+00
   39.92078  -71.55361     40.000     39.690     8.3632    33.3058      7.926     0.4951 5.0640e-11  1026.0722     8.3592    30.3937     7.9945    243.528    9.45872  288.13174     84.519 0.0000e+00
 -9.990e-29  -71.55364     39.000     38.698     8.3727    33.2973 -9.990e-29     0.4286 5.0640e-11  1026.0595     8.3688    30.3854     8.0100    244.004    9.45964  288.16262     84.676 0.0000e+00
   39.92076  -71.55365     38.000     37.706     8.3685    33.2844      7.930     0.4117 5.0640e-11  1026.0455     8.3647    30.3761     8.0434    245.023    9.44930  287.85038     85.122 0.0000e+00
   39.92076  -71.55366     37.000     36.714     8.4100    33.2744      7.933     0.4387 5.0640e-11  1026.0269     8.4063    30.3612     8.1279    247.599    9.46473  288.32437     85.875 0.0000e+00
   39.92075  -71.55368     36.000     35.721     8.3429    33.2428      7.937     0.4989 5.0640e-11  1026.0075     8.3393    30.3481     8.1934    249.598    9.47803  288.73148     86.446 0.0000e+00
   39.92074  -71.55369     35.000     34.729     8.2891    33.2280      7.943     0.5455 5.0640e-11  1025.9994     8.2856    30.3458     8.3775    255.207    9.48574  288.96726     88.317 0.0000e+00
   39.92074  -71.55371     34.000     33.737     8.2663    33.2197 -9.990e-29     0.5287 5.0640e-11  1025.9919     8.2629    30.3434     8.3877    255.518    9.48785  289.03172     88.405 0.0000e+00
   39.92073  -71.55374     33.000     32.745     8.2483    33.2142      7.945     0.5025 1.5512e+04  1025.9857     8.2451    30.3422     8.3765    255.179    9.49089  289.12596     88.259 0.0000e+00
   39.92073  -71.55374     32.000     31.753     8.2391    33.2079      7.946     0.5184 4.2201e+04  1025.9776     8.2360    30.3389     8.3736    255.090    9.49185  289.15591     88.219 0.0000e+00
   39.92072  -71.55378     31.000     30.760     8.2652    33.2063      7.945     0.5921 9.6977e+04  1025.9677     8.2621    30.3330     8.3879    255.529    9.47688  288.70255     88.510 0.0000e+00
