CalculateIndicators/WaterTemperature/Data/CTD_NYOS/20231003_C04.cnv
* Sea-Bird SBE 9 Data File:
* FileName = C:\Seabird 9 CTD\Data\2023\202309_offshore\20231003_C04.hex
* Software Version Seasave V 7.23.2
* Temperature SN = 4590
* Conductivity SN = 3228
* Number of Bytes Per Scan = 44
* Number of Voltage Words = 5
* Number of Scans Averaged by the Deck Unit = 1
* NMEA Latitude = 40 04.65 N
* NMEA Longitude = 073 04.76 W
* NMEA UTC (Time) = Oct 03 2023  12:09:57
* NMEA baud rate = 4800
** Ship: seawolf
** Station: 8.3
** Operator: TDK
# nquan = 18
# nvalues = 12579                       
# units = specified
# name 0 = latitude: Latitude [deg]
# name 1 = longitude: Longitude [deg]
# name 2 = prDM: Pressure, Digiquartz [db]
# name 3 = depSM: Depth [salt water, m]
# name 4 = t090C: Temperature [ITS-90, deg C]
# name 5 = sal00: Salinity, Practical [PSU]
# name 6 = ph: pH
# name 7 = flECO-AFL: Fluorescence, WET Labs ECO-AFL/FL [mg/m^3]
# name 8 = cpar: CPAR/Corrected Irradiance [%]
# name 9 = density00: Density [density, kg/m^3]
# name 10 = potemp090C: Potential Temperature [ITS-90, deg C]
# name 11 = sigma-é00: Density [sigma-theta, kg/m^3]
# name 12 = sbeox0Mg/L: Oxygen, SBE 43 [mg/l]
# name 13 = sbox0Mm/Kg: Oxygen, SBE 43 [umol/kg]
# name 14 = oxsolMg/L: Oxygen Saturation, Garcia & Gordon [mg/l]
# name 15 = oxsolMm/Kg: Oxygen Saturation, Garcia & Gordon [umol/kg]
# name 16 = sbeox0PS: Oxygen, SBE 43 [% saturation]
# name 17 = flag:  0.000e+00
# span 0 =   40.07734,   40.07752       
# span 1 =  -73.08164,  -73.07942       
# span 2 =      1.920,     38.850       
# span 3 =      1.906,     38.549       
# span 4 =    17.2696,    17.9045       
# span 5 =    31.9694,    32.3193       
# span 6 =      7.966,      7.997       
# span 7 =     0.0551,     0.7669       
# span 8 = 7.6245e-02, 4.6977e+00       
# span 9 =  1023.0662,  1023.5014       
# span 10 =    17.2642,    17.9042      
# span 11 =    23.0585,    23.3285      
# span 12 =     6.8947,     7.3540      
# span 13 =    210.564,    224.633      
# span 14 =    7.82554,    7.92440      
# span 15 =  239.03840,  242.03571      
# span 16 =     87.370,     93.963      
# span 17 = 0.0000e+00, 0.0000e+00      
# interval = seconds: 0.0416667
# start_time = Oct 03 2023 12:09:59 [System UTC, first data scan.]
# bad_flag = -9.990e-29
*END*
[from data line 81]
   40.07750  -73.07942      2.490      2.471    17.8955    32.0854      7.997     0.5252 4.1080e+00  1023.0775    17.8951    23.0665     7.3269    223.806    7.82688  239.07873     93.612 0.0000e+00
   40.07750  -73.07942      2.501      2.482    17.8955    32.0854      7.997     0.5386 4.1027e+00  1023.0775    17.8951    23.0666     7.3266    223.796    7.82688  239.07883     93.608 0.0000e+00
   40.07750  -73.07942      2.511      2.491    17.8957    32.0854      7.997     0.5386 4.0912e+00  1023.0774    17.8953    23.0665     7.3219    223.655    7.82686  239.07802     93.549 0.0000e+00
   40.07750  -73.07942      2.520      2.501    17.8957    32.0852      7.997     0.5386 4.0912e+00  1023.0773    17.8953    23.0663     7.3262    223.786    7.82688  239.07873     93.603 0.0000e+00
   40.07750  -73.07942      2.531      2.512    17.8955    32.0851      7.997     0.5386 4.0797e+00  1023.0774    17.8951    23.0662     7.3257    223.771    7.82686  239.07801     93.597 0.0000e+00
   40.07750  -73.07942      2.541      2.521    17.8955    32.0851      7.997     0.5252 4.0797e+00  1023.0773    17.8951    23.0662     7.3210    223.626    7.82689  239.07919     93.536 0.0000e+00
   40.07750  -73.07942      2.551      2.531    17.8955    32.0851      7.997     0.5386 4.0912e+00  1023.0774    17.8951    23.0663     7.3251    223.750    7.82687  239.07847     93.589 -9.990e-29
   40.07750  -73.07942      2.551      2.531    17.8952    32.0851      7.997     0.5386 4.0860e+00  1023.0776    17.8948    23.0663     7.3249    223.745    7.82686  239.07801     93.586 -9.990e-29
   40.07750  -73.07942      2.562      2.542    17.8954    32.0852      7.997     0.5386 4.0860e+00  1023.0774    17.8949    23.0664     7.3246    223.737    7.82686  239.07818     93.583 -9.990e-29
   40.07750  -73.07942      2.563      2.543    17.8948    32.0853      7.997     0.5386 4.0860e+00  1023.0779    17.8944    23.0665     7.3243    223.728    7.82687  239.07828     93.580 -9.990e-29
   40.07750  -73.07942      2.571      2.551    17.8950    32.0853      7.997     0.5386 4.0808e+00  1023.0778    17.8946    23.0666     7.3240    223.717    7.82688  239.07851     93.575 0.0000e+00
   40.07750  -73.07942      2.582      2.562    17.8950    32.0854      7.997     0.5386 4.0693e+00  1023.0780    17.8946    23.0667     7.3189    223.563    7.82688  239.07864     93.510 -9.990e-29
   40.07750  -73.07942      2.582      2.562    17.8950    32.0854      7.997     0.5386 4.0871e+00  1023.0780    17.8946    23.0667     7.3185    223.549    7.82685  239.07770     93.505 -9.990e-29
   40.07750  -73.07942      2.592      2.572    17.8952    32.0854      7.997     0.5386 4.1270e+00  1023.0779    17.8948    23.0667     7.3227    223.678    7.82686  239.07807     93.559 -9.990e-29
   40.07750  -73.07942      2.592      2.572    17.8950    32.0853      7.997     0.5386 4.1387e+00  1023.0781    17.8946    23.0666     7.3227    223.677    7.82687  239.07849     93.558 -9.990e-29
   40.07750  -73.07942      2.601      2.581    17.8950    32.0850      7.997     0.5386 4.1270e+00  1023.0778    17.8946    23.0664     7.3221    223.661    7.82686  239.07816     93.551 -9.990e-29
   40.07750  -73.07942      2.603      2.583    17.8952    32.0850      7.997     0.5386 4.0871e+00  1023.0773    17.8948    23.0662     7.3173    223.514    7.82687  239.07848     93.490 -9.990e-29
   40.07750  -73.07942      2.612      2.592    17.8950    32.0850      7.997     0.5386 4.0871e+00  1023.0776    17.8946    23.0662     7.3167    223.495    7.82683  239.07712     93.482 -9.990e-29
   40.07750  -73.07942      2.612      2.592    17.8947    32.0848      7.997     0.5252 4.0756e+00  1023.0780    17.8942    23.0664     7.3208    223.620    7.82685  239.07777     93.534 -9.990e-29
   40.07750  -73.07942      2.612      2.592    17.8948    32.0848      7.997     0.5386 4.0187e+00  1023.0780    17.8944    23.0664     7.3206    223.615    7.82689  239.07913     93.532 -9.990e-29
   40.07750  -73.07942      2.612      2.592    17.8948    32.0847      7.997     0.5386 3.9849e+00  1023.0773    17.8944    23.0663     7.3157    223.464    7.82689  239.07893     93.469 -9.990e-29
   40.07750  -73.07942      2.612      2.592    17.8945    32.0847      7.997     0.5252 3.9849e+00  1023.0778    17.8940    23.0663     7.3196    223.585    7.82686  239.07794     93.520 -9.990e-29
   40.07750  -73.07942      2.623      2.603    17.8941    32.0847      7.997     0.5789 3.9575e+00  1023.0777    17.8937    23.0663     7.3147    223.433    7.82685  239.07775     93.456 -9.990e-29
   40.07750  -73.07942      2.612      2.592    17.8940    32.0847      7.997     0.6057 3.9463e+00  1023.0776    17.8935    23.0663     7.3140    223.411    7.82688  239.07865     93.447 -9.990e-29
   40.07750  -73.07942      2.622      2.602    17.8940    32.0851      7.997     0.6057 3.9525e+00  1023.0780    17.8935    23.0666     7.3178    223.529    7.82686  239.07821     93.496 -9.990e-29
   40.07750  -73.07942      2.612      2.592    17.8938    32.0855      7.997     0.6057 3.8753e+00  1023.0786    17.8934    23.0670     7.3175    223.518    7.82687  239.07845     93.492 -9.990e-29
   40.07750  -73.07942      2.622      2.602    17.8940    32.0858      7.997     0.6057 3.8379e+00  1023.0788    17.8935    23.0672     7.3175    223.520    7.82687  239.07826     93.492 -9.990e-29
   40.07750  -73.07942      2.622      2.602    17.8941    32.0859      7.997     0.6057 3.8271e+00  1023.0787    17.8937    23.0672     7.3176    223.521    7.82687  239.07858     93.493 -9.990e-29
   40.07750  -73.07942      2.622      2.602    17.8941    32.0859      7.997     0.6057 3.8223e+00  1023.0787    17.8937    23.0672     7.3129    223.379    7.82688  239.07853     93.433 -9.990e-29
   40.07750  -73.07942      2.612      2.592    17.8943    32.0860      7.997     0.6057 3.8223e+00  1023.0787    17.8939    23.0672     7.3125    223.365    7.82686  239.07810     93.428 -9.990e-29
   40.07750  -73.07942      2.612      2.592    17.8943    32.0860      7.997     0.6057 3.8271e+00  1023.0788    17.8939    23.0672     7.3120    223.352    7.82685  239.07791     93.422 -9.990e-29
   40.07750  -73.07942      2.612      2.592    17.8947    32.0860      7.997     0.6057 3.8271e+00  1023.0786    17.8942    23.0672     7.3116    223.339    7.82686  239.07809     93.417 -9.990e-29
   40.07750  -73.07942      2.622      2.602    17.8948    32.0859      7.997     0.6057 3.8319e+00  1023.0786    17.8944    23.0671     7.3112    223.327    7.82688  239.07871     93.412 -9.990e-29
   40.07750  -73.07942      2.612      2.592    17.8947    32.0859      7.997     0.6057 3.8319e+00  1023.0783    17.8942    23.0670     7.3108    223.314    7.82686  239.07818     93.406 -9.990e-29
   40.07750  -73.07942      2.601      2.581    17.8948    32.0859      7.997     0.6057 3.8319e+00  1023.0786    17.8944    23.0671     7.3103    223.301    7.82686  239.07818     93.401 -9.990e-29
   40.07750  -73.07942      2.612      2.592    17.8950    32.0859      7.997     0.6057 3.8536e+00  1023.0785    17.8946    23.0671     7.3100    223.289    7.82689  239.07917     93.395 -9.990e-29
   40.07750  -73.07942      2.593      2.573    17.8952    32.0859      7.997     0.6057 3.8585e+00  1023.0783    17.8948    23.0670     7.3095    223.276    7.82689  239.07888     93.390 -9.990e-29
   40.07750  -73.07942      2.612      2.592    17.8952    32.0859      7.997     0.6057 3.8634e+00  1023.0783    17.8948    23.0670     7.3091    223.263    7.82689  239.07916     93.384 -9.990e-29
   40.07750  -73.07942      2.592      2.572    17.8952    32.0859      7.997     0.6057 3.8574e+00  1023.0783    17.8948    23.0670     7.3040    223.106    7.82686  239.07798     93.319 -9.990e-29
   40.07750  -73.07942      2.601      2.581    17.8954    32.0858      7.997     0.6057 3.8623e+00  1023.0783    17.8949    23.0668     7.3083    223.238    7.82687  239.07854     93.374 -9.990e-29
   40.07750  -73.07942      2.592      2.572    17.8954    32.0856      7.997     0.6057 3.8672e+00  1023.0779    17.8949    23.0666     7.3084    223.240    7.82689  239.07888     93.375 -9.990e-29
   40.07750  -73.07942      2.592      2.572    17.8955    32.0855      7.997     0.6057 3.8672e+00  1023.0778    17.8951    23.0665     7.3033    223.086    7.82688  239.07869     93.311 -9.990e-29
   40.07750  -73.07942      2.582      2.562    17.8954    32.0855      7.997     0.6057 3.8722e+00  1023.0778    17.8949    23.0665     7.3076    223.218    7.82686  239.07816     93.366 -9.990e-29
   40.07750  -73.07942      2.582      2.562    17.8955    32.0855      7.997     0.6057 3.8771e+00  1023.0778    17.8951    23.0666     7.3078    223.223    7.82689  239.07893     93.368 -9.990e-29
   40.07750  -73.07942      2.571      2.551    17.8954    32.0855      7.997     0.6057 3.9150e+00  1023.0780    17.8949    23.0666     7.3028    223.070    7.82688  239.07859     93.304 -9.990e-29
   40.07750  -73.07942      2.571      2.551    17.8955    32.0855      7.997     0.6057 3.9260e+00  1023.0778    17.8951    23.0666     7.3021    223.048    7.82688  239.07869     93.295 -9.990e-29
   40.07750  -73.07942      2.571      2.551    17.8955    32.0855      7.997     0.5923 3.9310e+00  1023.0778    17.8951    23.0666     7.3060    223.169    7.82688  239.07869     93.346 -9.990e-29
   40.07750  -73.07942      2.562      2.542    17.8955    32.0855      7.997     0.5520 4.0031e+00  1023.0779    17.8951    23.0666     7.3011    223.019    7.82689  239.07915     93.282 -9.990e-29
   40.07750  -73.07942      2.551      2.531    17.8955    32.0855      7.997     0.5520 4.0599e+00  1023.0778    17.8951    23.0666     7.3004    222.997    7.82687  239.07835     93.274 -9.990e-29
   40.07750  -73.07942      2.551      2.531    17.8955    32.0855      7.997     0.5386 4.0766e+00  1023.0777    17.8951    23.0666     7.3002    222.990    7.82688  239.07868     93.271 -9.990e-29
   40.07750  -73.07942      2.542      2.523    17.8957    32.0855      7.997     0.5520 4.1397e+00  1023.0777    17.8953    23.0666     7.3000    222.985    7.82689  239.07915     93.268 -9.990e-29
   40.07750  -73.07942      2.541      2.521    17.8955    32.0855      7.997     0.5386 4.2156e+00  1023.0777    17.8951    23.0666     7.2994    222.967    7.82687  239.07836     93.261 -9.990e-29
   40.07750  -73.07942      2.531      2.512    17.8957    32.0854      7.997     0.5520 4.2329e+00  1023.0777    17.8953    23.0665     7.2993    222.963    7.82690  239.07921     93.259 -9.990e-29
   40.07750  -73.07942      2.531      2.512    17.8955    32.0854      7.997     0.5520 4.2449e+00  1023.0775    17.8951    23.0665     7.2992    222.960    7.82689  239.07915     93.258 -9.990e-29
   40.07750  -73.07942      2.511      2.491    17.8957    32.0854      7.997     0.5520 4.2743e+00  1023.0773    17.8953    23.0665     7.2987    222.945    7.82687  239.07851     93.252 -9.990e-29
   40.07750  -73.07942      2.520      2.501    17.8957    32.0854      7.997     0.5520 4.2919e+00  1023.0776    17.8953    23.0665     7.2987    222.944    7.82689  239.07907     93.251 -9.990e-29
   40.07750  -73.07942      2.501      2.482    17.8957    32.0854      7.997     0.5520 4.2678e+00  1023.0774    17.8953    23.0665     7.2987    222.945    7.82691  239.07978     93.251 -9.990e-29
   40.07750  -73.07942      2.501      2.482    17.8957    32.0854      7.997     0.5520 4.2374e+00  1023.0774    17.8953    23.0665     7.2987    222.945    7.82687  239.07836     93.252 -9.990e-29
   40.07750  -73.07944      2.480      2.461    17.8955    32.0854      7.997     0.5520 4.2191e+00  1023.0776    17.8951    23.0665     7.2988    222.947    7.82688  239.07870     93.253 -9.990e-29
   40.07750  -73.07944      2.490      2.471    17.8957    32.0854      7.997     0.5520 4.2191e+00  1023.0772    17.8953    23.0665     7.2989    222.951    7.82689  239.07916     93.254 -9.990e-29
   40.07750  -73.07944      2.480      2.461    17.8957    32.0855      7.997     0.5520 4.1836e+00  1023.0776    17.8953    23.0666     7.2986    222.942    7.82689  239.07889     93.250 -9.990e-29
   40.07750  -73.07944      2.471      2.452    17.8957    32.0856      7.997     0.5520 4.1772e+00  1023.0774    17.8953    23.0666     7.2983    222.932    7.82685  239.07790     93.247 -9.990e-29
   40.07750  -73.07944      2.450      2.431    17.8955    32.0856      7.997     0.5520 4.1890e+00  1023.0775    17.8951    23.0666     7.2985    222.938    7.82689  239.07907     93.249 -9.990e-29
   40.07750  -73.07944      2.460      2.441    17.8957    32.0856      7.997     0.5520 4.2245e+00  1023.0773    17.8953    23.0666     7.2940    222.802    7.82687  239.07838     93.192 -9.990e-29
   40.07750  -73.07944      2.439      2.421    17.8955    32.0856      7.997     0.5520 4.2420e+00  1023.0774    17.8951    23.0666     7.2985    222.940    7.82688  239.07871     93.250 -9.990e-29
   40.07750  -73.07944      2.441      2.422    17.8959    32.0856      7.997     0.5386 4.2420e+00  1023.0772    17.8955    23.0666     7.2937    222.793    7.82688  239.07865     93.188 -9.990e-29
   40.07750  -73.07944      2.430      2.411    17.8957    32.0855      7.997     0.5520 4.2956e+00  1023.0773    17.8953    23.0666     7.2932    222.777    7.82691  239.07965     93.181 -9.990e-29
   40.07750  -73.07944      2.420      2.401    17.8955    32.0855      7.997     0.5520 4.3198e+00  1023.0770    17.8951    23.0665     7.2978    222.917    7.82687  239.07847     93.240 -9.990e-29
   40.07750  -73.07944      2.409      2.391    17.8955    32.0855      7.997     0.5520 4.3198e+00  1023.0771    17.8951    23.0665     7.2982    222.930    7.82688  239.07871     93.246 -9.990e-29
   40.07750  -73.07944      2.409      2.391    17.8957    32.0855      7.997     0.5520 4.3744e+00  1023.0771    17.8953    23.0666     7.2982    222.930    7.82688  239.07871     93.246 -9.990e-29
   40.07750  -73.07944      2.399      2.381    17.8957    32.0855      7.997     0.5520 4.4115e+00  1023.0772    17.8953    23.0666     7.2940    222.802    7.82686  239.07820     93.192 -9.990e-29
   40.07750  -73.07944      2.399      2.381    17.8955    32.0856      7.997     0.5252 4.4240e+00  1023.0772    17.8951    23.0666     7.2937    222.792    7.82689  239.07919     93.187 -9.990e-29
   40.07750  -73.07944      2.379      2.361    17.8957    32.0856      7.997     0.5117 4.4240e+00  1023.0769    17.8953    23.0666     7.2933    222.782    7.82689  239.07891     93.183 -9.990e-29
   40.07750  -73.07944      2.380      2.362    17.8955    32.0855      7.997     0.5252 4.4297e+00  1023.0772    17.8951    23.0667     7.2982    222.929    7.82689  239.07919     93.245 -9.990e-29
   40.07750  -73.07944      2.379      2.361    17.8955    32.0856      7.997     0.5252 4.4297e+00  1023.0772    17.8951    23.0667     7.2989    222.950    7.82692  239.07981     93.253 -9.990e-29
   40.07750  -73.07944      2.369      2.351    17.8957    32.0856      7.997     0.5252 4.4049e+00  1023.0767    17.8953    23.0666     7.2948    222.827    7.82688  239.07876     93.202 -9.990e-29
   40.07750  -73.07944      2.358      2.340    17.8955    32.0856      7.997     0.5252 4.3735e+00  1023.0770    17.8951    23.0666     7.2952    222.837    7.82693  239.08018     93.206 -9.990e-29
   40.07750  -73.07944      2.358      2.340    17.8957    32.0856      7.997     0.5252 4.3612e+00  1023.0768    17.8953    23.0666     7.2951    222.834    7.82692  239.08000     93.205 -9.990e-29
   40.07750  -73.07944      2.349      2.331    17.8957    32.0856      7.997     0.5252 4.3245e+00  1023.0769    17.8953    23.0666     7.2950    222.831    7.82691  239.07944     93.204 -9.990e-29
