CalculateIndicators/WaterTemperature/Data/CTD_NYOS/20230515_C08B.cnv
* Sea-Bird SBE 9 Data File:
* FileName = C:\Seabird 9 CTD\Data\2023\202305_offshore\20230515_C09.hex
* Software Version Seasave V 7.23.2
* Temperature SN = 4590
* Conductivity SN = 3228
* Number of Bytes Per Scan = 44
* Number of Voltage Words = 5
* Number of Scans Averaged by the Deck Unit = 1
* NMEA Latitude = 39 06.89 N
* NMEA Longitude = 072 24.92 W
* NMEA UTC (Time) = May 16 2023  02:52:46
* NMEA baud rate = 4800
** Ship: seawolf
** Station: 8.7
** Operator: TDK
# nquan = 18
# nvalues = 603                         
# units = specified
# name 0 = latitude: Latitude [deg]
# name 1 = longitude: Longitude [deg]
# name 2 = prDM: Pressure, Digiquartz [db]
# name 3 = depSM: Depth [salt water, m]
# name 4 = t090C: Temperature [ITS-90, deg C]
# name 5 = sal00: Salinity, Practical [PSU]
# name 6 = ph: pH
# name 7 = flECO-AFL: Fluorescence, WET Labs ECO-AFL/FL [mg/m^3]
# name 8 = cpar: CPAR/Corrected Irradiance [%]
# name 9 = density00: Density [density, kg/m^3]
# name 10 = potemp090C: Potential Temperature [ITS-90, deg C]
# name 11 = sigma-100: Density [sigma-1, kg/m^3 ]
# name 12 = sbeox0Mg/L: Oxygen, SBE 43 [mg/l]
# name 13 = sbox0Mm/Kg: Oxygen, SBE 43 [umol/kg]
# name 14 = oxsolMg/L: Oxygen Saturation, Garcia & Gordon [mg/l]
# name 15 = oxsolMm/Kg: Oxygen Saturation, Garcia & Gordon [umol/kg]
# name 16 = sbeox0PS: Oxygen, SBE 43 [% saturation]
# name 17 = flag: flag
# span 0 =   39.11497,   39.11818       
# span 1 =  -72.41533,  -72.40152       
# span 2 =      3.000,    304.000       
# span 3 =      2.977,    301.473       
# span 4 =     9.4749,    14.7145       
# span 5 =    33.4401,    35.8176       
# span 6 =      7.820,      8.096       
# span 7 =    -0.0863,     1.1517       
# span 8 = -5.516e+03, 1.0094e+05       
# span 9 =  1025.1841,  1028.6101       
# span 10 =     9.4715,    14.6989      
# span 11 =    29.5719,    31.6944      
# span 12 =     1.9915,     9.6445      
# span 13 =     60.625,    293.820      
# span 14 =    8.15044,    9.22132      
# span 15 =  248.12505,  280.91734      
# span 16 =     24.144,    109.307      
# span 17 = 0.0000e+00, 0.0000e+00      
# interval = decibars: 1                
# start_time = May 16 2023 02:52:45 [System UTC, first data scan.]
# bad_flag = -9.990e-29
*END*
[from data line 161]
   39.11541  -72.41283    164.000    162.692    14.1503    35.6624      7.977    -0.0580 5.0640e-11  1027.3955    14.1264    31.0400     5.9129    179.983    8.24266  250.89691     71.736 0.0000e+00
   39.11541  -72.41283    165.000    163.684    14.1452    35.6555      7.977    -0.0628 5.0640e-11  1027.3957    14.1210    31.0360     6.1446    187.035    8.24369  250.92803     74.537 0.0000e+00
   39.11541  -72.41282    166.000    164.675    14.1384    35.6474      7.974    -0.0762 5.0640e-11  1027.3953    14.1141    31.0313     5.8544    178.202    8.24463  250.95616     71.009 0.0000e+00
   39.11542  -72.41279    167.000    165.667    14.1306    35.6491      7.973    -0.0843 5.0640e-11  1027.4028    14.1062    31.0345     5.6504    171.990    8.24561  250.98472     68.526 0.0000e+00
 -9.990e-29  -72.41277    168.000    166.658    14.1204    35.6558      7.973    -0.0691 5.0640e-11  1027.4145    14.0958    31.0420     5.4631    166.288    8.24795  251.05517     66.236 0.0000e+00
   39.11544  -72.41276    169.000    167.650    14.1147    35.6488      7.973    -0.0779 5.0640e-11  1027.4148    14.0900    31.0380     5.9487    181.067    8.24783  251.04959     72.124 0.0000e+00
   39.11544  -72.41273    170.000    168.642    14.1046    35.6643 -9.990e-29    -0.0667 5.0640e-11  1027.4334    14.0798    31.0522     5.2689    160.377    8.24905  251.08503     63.873 0.0000e+00
   39.11546  -72.41272    171.000    169.633    14.0992    35.6657 -9.990e-29    -0.0752 5.0640e-11  1027.4400    14.0743    31.0546     5.5370    168.534    8.24939  251.09429     67.120 0.0000e+00
   39.11546  -72.41270    172.000    170.625    14.0941    35.6754 -9.990e-29    -0.0737 -9.990e-29  1027.4530    14.0690    31.0632     5.2224    158.957    8.24974  251.10328     63.303 0.0000e+00
   39.11545  -72.41269    173.000    171.616    14.0894    35.6836      7.971    -0.0772 5.0640e-11  1027.4648    14.0641    31.0707     4.8142    146.533    8.25015  251.11450     58.353 0.0000e+00
 -9.990e-29  -72.41267    174.000    172.608    14.0854    35.6887      7.969    -0.0704 5.0640e-11  1027.4741    14.0600    31.0755     4.6309    140.955    8.25059  251.12739     56.129 0.0000e+00
   39.11544  -72.41266    175.000    173.600    14.0830    35.6893      7.968    -0.0684 5.0640e-11  1027.4795    14.0574    31.0766     4.6124    140.390    8.25078  251.13196     55.903 0.0000e+00
   39.11544  -72.41264    176.000    174.591    14.0797    35.6949 -9.990e-29    -0.0621 5.0640e-11  1027.4889    14.0541    31.0816     4.4474    135.368    8.25108  251.13993     53.901 0.0000e+00
   39.11544  -72.41262    177.000    175.583    14.0763    35.7000      7.963    -0.0647 5.0640e-11  1027.4981    14.0505    31.0864     4.3471    132.313    8.25175  251.16058     52.681 0.0000e+00
   39.11544  -72.41261    178.000    176.574    14.0733    35.7002      7.962    -0.0542 5.0640e-11  1027.5033    14.0473    31.0873     4.4555    135.615    8.25260  251.18740     53.989 0.0000e+00
   39.11544  -72.41258    179.000    177.566    14.0698    35.6937      7.959    -0.0583 5.0640e-11  1027.5034    14.0437    31.0831     4.7956    145.965    8.25401  251.23239     58.099 0.0000e+00
   39.11544  -72.41256    180.000    178.557    14.0646    35.6900      7.959    -0.0598 5.0640e-11  1027.5062    14.0384    31.0815     5.0340    153.224    8.25621  251.30276     60.972 0.0000e+00
   39.11546  -72.41257    181.000    179.549    14.0600    35.6633      7.956    -0.0661 5.0640e-11  1027.4910    14.0337    31.0621     5.1853    157.830    8.25685  251.31950     62.801 0.0000e+00
   39.11546  -72.41254    182.000    180.540    14.0443    35.6780      7.954    -0.0782 5.0640e-11  1027.5102    14.0177    31.0771     4.9768    151.497    8.26669  251.64116     60.203 0.0000e+00
   39.11546  -72.41251    183.000    181.532    14.0356    35.6022      7.955    -0.0653 5.0640e-11  1027.4579    14.0089    31.0210     4.9672    151.201    8.26828  251.68705     60.075 0.0000e+00
   39.11546  -72.41251    184.000    182.524    14.0137    35.5654      7.957    -0.0771 5.0640e-11  1027.4386    13.9869    30.9978     5.0458    153.592    8.27214  251.80066     60.998 0.0000e+00
   39.11546  -72.41250    185.000    183.515    13.9857    35.5923      7.958    -0.0629 5.0640e-11  1027.4699    13.9589    31.0250     4.9143    149.592    8.27851  251.99801     59.362 0.0000e+00
   39.11546  -72.41250    186.000    184.506    13.9676    35.5459      7.957    -0.0638 5.0640e-11  1027.4422    13.9406    30.9935     4.9198    149.753    8.28005  252.03758     59.417 0.0000e+00
   39.11546  -72.41247    187.000    185.498    13.9331    35.5807 -9.990e-29    -0.0719 5.0640e-11  1027.4811    13.9060    31.0283     5.0109    152.529    8.28678  252.24460     60.469 0.0000e+00
   39.11546  -72.41245    188.000    186.490    13.9052    35.5607      7.953    -0.0805 5.0640e-11  1027.4760    13.8780    31.0194     4.9992    152.175    8.29263  252.42505     60.285 0.0000e+00
   39.11547  -72.41243    189.000    187.481    13.8794    35.5205      7.951    -0.0631 5.0640e-11  1027.4548    13.8521    30.9943     5.0384    153.367    8.29749  252.57368     60.722 0.0000e+00
   39.11549  -72.41241    190.000    188.473    13.8543    35.5101      7.950    -0.0637 5.0640e-11  1027.4566    13.8269    30.9922     4.9461    150.557    8.30086  252.67179     59.586 0.0000e+00
   39.11548  -72.41240    191.000    189.464    13.8188    35.5212      7.950    -0.0644 5.0640e-11  1027.4772    13.7913    31.0088     4.9848    151.733    8.30636  252.83707     60.012 0.0000e+00
   39.11548  -72.41240    192.000    190.456    13.8050    35.5216      7.951    -0.0643 5.0640e-11  1027.4849    13.7774    31.0123     4.9884    151.841    8.30732  252.86196     60.049 0.0000e+00
   39.11548  -72.41236    193.000    191.447    13.7669    35.5607      7.951    -0.0769 5.0640e-11  1027.5276    13.7392    31.0510     4.8829    148.625    8.31228  253.00981     58.743 0.0000e+00
   39.11548  -72.41236    194.000    192.439    13.7554    35.5630      7.951    -0.0787 5.0640e-11  1027.5363    13.7275    31.0555     5.1625    157.134    8.31292  253.02476     62.102 0.0000e+00
   39.11550  -72.41234    195.000    193.430    13.7354    35.5990      7.947 -9.990e-29 5.0640e-11  1027.5728    13.7074    31.0876     5.0056    152.356    8.31443  253.06486     60.204 0.0000e+00
   39.11548  -72.41234    196.000    194.422    13.7240    35.6083      7.945    -0.0792 5.0640e-11  1027.5868    13.6959    31.0974     4.9350    150.200    8.31395  253.04308     59.358 0.0000e+00
   39.11549  -72.41231    197.000    195.413    13.7147    35.6546      7.940    -0.0669 -9.990e-29  1027.6290    13.6865    31.1350     5.1208    155.849    8.31169  252.96319     61.609 0.0000e+00
   39.11549  -72.41229    198.000    196.404    13.7096    35.7144      7.935    -0.0635 5.0640e-11  1027.6807    13.6812    31.1821     5.0136    152.583    8.30951  252.88932     60.336 0.0000e+00
   39.11549  -72.41227    199.000    197.396    13.7121    35.7632      7.929    -0.0769 5.0640e-11  1027.7223    13.6836    31.2190     5.0288    153.043    8.30714  252.81347     60.536 0.0000e+00
   39.11549  -72.41226    200.000    198.387    13.7156    35.7732      7.928    -0.0786 5.0640e-11  1027.7337    13.6869    31.2260     4.8632    148.003    8.30671  252.80221     58.545 0.0000e+00
   39.11550  -72.41224    201.000    199.379    13.7256    35.7659      7.927    -0.0640 5.0640e-11  1027.7304    13.6968    31.2181     4.8221    146.758    8.30687  252.81378     58.050 0.0000e+00
   39.11550  -72.41223    202.000    200.370    13.7296    35.7557      7.927    -0.0755 5.0640e-11  1027.7261    13.7006    31.2094     4.8529    147.696    8.30701  252.82081     58.419 0.0000e+00
   39.11550  -72.41221    203.000    201.362    13.7347    35.7236      7.927    -0.0706 5.0640e-11  1027.7046    13.7055    31.1836     4.8771    148.435    8.30757  252.84106     58.707 0.0000e+00
   39.11549  -72.41218    204.000    202.353    13.7385    35.7002      7.926    -0.0672 5.0640e-11  1027.6902    13.7092    31.1648     4.8483    147.561    8.30859  252.87594     58.353 0.0000e+00
   39.11548  -72.41218    205.000    203.345    13.7384    35.6869      7.923    -0.0643 5.0640e-11  1027.6844    13.7090    31.1547     4.9031    149.227    8.30860  252.87498     59.012 0.0000e+00
   39.11549  -72.41216    206.000    204.336    13.7357    35.6866      7.923    -0.0722 8.4821e+04  1027.6892    13.7061    31.1551     4.7949    145.936    8.31041  252.93398     57.698 0.0000e+00
   39.11550  -72.41216    207.000    205.327    13.7330    35.6789      7.922    -0.0863 6.6901e+04  1027.6883    13.7033    31.1499     4.7198    143.651    8.31181  252.97907     56.784 0.0000e+00
   39.11551  -72.41215    208.000    206.319    13.7296    35.6569      7.918    -0.0560 4.8943e+02  1027.6764    13.6997    31.1338     4.7974    146.016    8.31325  253.02471     57.708 0.0000e+00
   39.11551  -72.41212    209.000    207.310    13.7230    35.6433      7.918    -0.0608 5.0640e-11  1027.6717    13.6930    31.1249     4.7868    145.695    8.31583  253.10678     57.563 0.0000e+00
   39.11552  -72.41212    210.000    208.302    13.7130    35.6218      7.918    -0.0549 5.0640e-11  1027.6617    13.6829    31.1107     4.7338    144.091    8.32308  253.34460     56.876 0.0000e+00
   39.11550  -72.41210    211.000    209.293    13.7043    35.5496      7.917    -0.0612 5.0640e-11  1027.6122    13.6741    31.0573     4.7704    145.206    8.32614  253.44009     57.294 0.0000e+00
   39.11552  -72.41209    212.000    210.285    13.6933    35.5145      7.916    -0.0687 5.0640e-11  1027.5919    13.6630    31.0330     4.8001    146.110    8.32882  253.52136     57.632 0.0000e+00
   39.11552  -72.41208    213.000    211.276    13.6693    35.5065      7.916    -0.0678 5.0640e-11  1027.5952    13.6389    31.0323     4.7152    143.531    8.33623  253.75513     56.563 0.0000e+00
   39.11552  -72.41207    214.000    212.267    13.6436    35.4597 -9.990e-29    -0.0592 5.0640e-11  1027.5689    13.6131    31.0022     4.7570    144.810    8.34502  254.03458     57.004 0.0000e+00
   39.11552  -72.41206    215.000    213.259    13.6214    35.4126      7.913    -0.0603 5.0640e-11  1027.5417    13.5907    30.9712     4.7819    145.571    8.35079  254.21347     57.263 0.0000e+00
   39.11552  -72.41204    216.000    214.250    13.5946    35.3659      7.910    -0.0784 5.0640e-11  1027.5156    13.5639    30.9414     4.8053    146.279    8.35517  254.34215     57.513 0.0000e+00
   39.11552  -72.41203    217.000    215.242    13.5537    35.3814      7.909    -0.0690 5.0640e-11  1027.5407    13.5229    30.9626     4.7694    145.184    8.36096  254.51125     57.044 0.0000e+00
   39.11554  -72.41202    218.000    216.233    13.5113    35.4095 -9.990e-29    -0.0605 5.0640e-11  1027.5758    13.4804    30.9937     4.6272    140.851    8.36677  254.68082     55.305 0.0000e+00
   39.11554  -72.41201    219.000    217.224    13.4934    35.4066 -9.990e-29    -0.0595 5.0640e-11  1027.5817    13.4624    30.9956     4.6872    142.672    8.36723  254.68787     56.018 0.0000e+00
   39.11554  -72.41198    220.000    218.216    13.4415    35.4570      7.905    -0.0583 5.0640e-11  1027.6360    13.4104    31.0459     4.4243    134.665    8.37375  254.87801     52.836 0.0000e+00
   39.11554  -72.41198    221.000    219.207    13.4229    35.4690      7.904    -0.0625 5.0640e-11  1027.6536    13.3916    31.0594     4.4012    133.960    8.37534  254.92221     52.550 0.0000e+00
   39.11554  -72.41195    222.000    220.198    13.3887    35.5069      7.901    -0.0698 5.0640e-11  1027.6946    13.3574    31.0962     4.2839    130.391    8.38105  255.09595     51.115 0.0000e+00
   39.11556  -72.41192    223.000    221.190    13.3674    35.5007      7.902    -0.0692 5.0640e-11  1027.6986    13.3360    31.0962     4.1454    126.173    8.38421  255.19035     49.443 0.0000e+00
   39.11556  -72.41192    224.000    222.181    13.3439    35.5125      7.901    -0.0655 5.0640e-11  1027.7172    13.3124    31.1106     4.1751    127.080    8.38895  255.33621     49.769 0.0000e+00
   39.11556  -72.41190    225.000    223.172    13.3203    35.5071      7.899    -0.0547 5.0640e-11  1027.7223    13.2887    31.1117     4.1495    126.300    8.39464  255.51358     49.430 0.0000e+00
   39.11556  -72.41190    226.000    224.164    13.3117    35.4776      7.896    -0.0559 5.0640e-11  1027.7058    13.2799    31.0910     4.1487    126.274    8.39482  255.51397     49.419 0.0000e+00
   39.11557  -72.41188    227.000    225.155    13.2940    35.4826      7.895    -0.0529 5.0640e-11  1027.7177    13.2622    31.0988     4.2580    129.600    8.39852  255.62701     50.699 0.0000e+00
   39.11558  -72.41186    228.000    226.146    13.2656    35.5006      7.893    -0.0604 5.0640e-11  1027.7421    13.2336    31.1191     4.1884    127.489    8.40785  255.92355     49.815 0.0000e+00
   39.11558  -72.41186    229.000    227.138    13.2519    35.4293      7.892    -0.0613 5.0640e-11  1027.6942    13.2198    31.0674     4.2301    128.755    8.40851  255.93683     50.307 0.0000e+00
   39.11558  -72.41184    230.000    228.129    13.2242    35.4398 -9.990e-29    -0.0463 5.0640e-11  1027.7125    13.1920    31.0816     4.2904    130.589    8.41335  256.07941     50.997 0.0000e+00
   39.11558  -72.41182    231.000    229.120    13.1836    35.4821      7.885    -0.0447 5.0640e-11  1027.7582    13.1514    31.1233     3.9965    121.647    8.42478  256.43876     47.437 0.0000e+00
   39.11558  -72.41182    232.000    230.112    13.1703    35.4053      7.886    -0.0473 5.0640e-11  1027.7059    13.1379    31.0671     4.0002    121.756    8.42470  256.42859     47.481 0.0000e+00
   39.11558  -72.41181    233.000    231.103    13.1561    35.3904      7.884    -0.0518 5.0640e-11  1027.7017    13.1236    31.0589     4.0629    123.662    8.42569  256.45254     48.220 0.0000e+00
   39.11559  -72.41178    234.000    232.094    13.1041    35.4736      7.884    -0.0524 5.0640e-11  1027.7814    13.0715    31.1345     4.1175    125.321    8.43370  256.69180     48.822 0.0000e+00
   39.11558  -72.41178    235.000    233.086    13.0895    35.4505      7.883 -9.990e-29 5.0640e-11  1027.7709    13.0568    31.1199     4.0857    124.353    8.43470  256.71744     48.440 0.0000e+00
   39.11559  -72.41177    236.000    234.077    13.0689    35.4690      7.881 -9.990e-29 5.0640e-11  1027.7940    13.0361    31.1388     4.1907    127.545    8.43699  256.78221     49.670 0.0000e+00
   39.11558  -72.41176    237.000    235.068    13.0383    35.5071      7.878    -0.0595 5.0640e-11  1027.8342    13.0054    31.1748     4.0501    123.262    8.44048  256.88189     47.984 0.0000e+00
   39.11559  -72.41174    238.000    236.059    13.0196    35.5247      7.878    -0.0644 5.0640e-11  1027.8561    12.9866    31.1925     3.8874    118.309    8.44258  256.94139     46.045 0.0000e+00
   39.11560  -72.41173    239.000    237.051    13.0023    35.5412      7.878    -0.0543 5.0640e-11  1027.8769    12.9692    31.2090     3.7929    115.433    8.44454  256.99753     44.916 0.0000e+00
   39.11561  -72.41171    240.000    238.042    12.9769    35.5656      7.878    -0.0588 5.0640e-11  1027.9054    12.9437    31.2334     3.6962    112.489    8.44853  257.11667     43.750 0.0000e+00
   39.11561  -72.41170    241.000    239.033    12.9562    35.5770      7.876    -0.0660 5.0640e-11  1027.9230    12.9229    31.2468     3.6722    111.757    8.45306  257.25714     43.442 0.0000e+00
   39.11562  -72.41170    242.000    240.025    12.9464    35.5613      7.875    -0.0658 5.0640e-11  1027.9173    12.9130    31.2369     3.7194    113.195    8.45424  257.29099     43.995 0.0000e+00
   39.11562  -72.41168    243.000    241.016    12.9244    35.5594 -9.990e-29    -0.0533 5.0640e-11  1027.9248    12.8908    31.2404     3.8203    116.263    8.45888  257.43292     45.162 0.0000e+00
