CalculateIndicators/WaterTemperature/Data/CTD_NYOS/20231003_C06.cnv
* Sea-Bird SBE 9 Data File:
* FileName = C:\Seabird 9 CTD\Data\2023\202309_offshore\20231003_C06.hex
* Software Version Seasave V 7.23.2
* Temperature SN = 4590
* Conductivity SN = 3228
* Number of Bytes Per Scan = 44
* Number of Voltage Words = 5
* Number of Scans Averaged by the Deck Unit = 1
* NMEA Latitude = 39 35.93 N
* NMEA Longitude = 072 44.90 W
* NMEA UTC (Time) = Oct 03 2023  17:38:18
* NMEA baud rate = 4800
** Ship: seawolf
** Station: 8.5
** Operator: TDK
# nquan = 18
# nvalues = 15641                       
# units = specified
# name 0 = latitude: Latitude [deg]
# name 1 = longitude: Longitude [deg]
# name 2 = prDM: Pressure, Digiquartz [db]
# name 3 = depSM: Depth [salt water, m]
# name 4 = t090C: Temperature [ITS-90, deg C]
# name 5 = sal00: Salinity, Practical [PSU]
# name 6 = ph: pH
# name 7 = flECO-AFL: Fluorescence, WET Labs ECO-AFL/FL [mg/m^3]
# name 8 = cpar: CPAR/Corrected Irradiance [%]
# name 9 = density00: Density [density, kg/m^3]
# name 10 = potemp090C: Potential Temperature [ITS-90, deg C]
# name 11 = sigma-é00: Density [sigma-theta, kg/m^3]
# name 12 = sbeox0Mg/L: Oxygen, SBE 43 [mg/l]
# name 13 = sbox0Mm/Kg: Oxygen, SBE 43 [umol/kg]
# name 14 = oxsolMg/L: Oxygen Saturation, Garcia & Gordon [mg/l]
# name 15 = oxsolMm/Kg: Oxygen Saturation, Garcia & Gordon [umol/kg]
# name 16 = sbeox0PS: Oxygen, SBE 43 [% saturation]
# name 17 = flag:  0.000e+00
# span 0 =   39.59882,   39.59898       
# span 1 =  -72.74882,  -72.74832       
# span 2 =      1.215,     66.391       
# span 3 =      1.206,     65.874       
# span 4 =    10.9029,    19.7470       
# span 5 =    32.4834,    33.4821       
# span 6 =      7.656,      8.043       
# span 7 =    -0.0255,     0.6595       
# span 8 = 2.9113e-02, 7.5624e+00       
# span 9 =  1023.4728,  1025.3030       
# span 10 =    10.8964,    19.7467      
# span 11 =    23.4696,    25.0065      
# span 12 =     4.3783,     7.2189      
# span 13 =    133.511,    220.387      
# span 14 =    7.50764,    8.98530      
# span 15 =  229.23317,  273.95987      
# span 16 =     49.481,     95.639      
# span 17 = 0.0000e+00, 0.0000e+00      
# interval = seconds: 0.0416667
# start_time = Oct 03 2023 17:38:21 [System UTC, first data scan.]
# bad_flag = -9.990e-29
*END*
[from data line 10774]
   39.59890 -9.990e-29     25.289     25.095    19.2367    33.4000      8.006     0.2028 4.0350e+00  1023.8496    19.2322    23.7398     7.0764    216.014    7.57086  231.10870     93.469 -9.990e-29
   39.59890 -9.990e-29     25.280     25.085    19.2386    33.3987      8.006     0.2162 4.0464e+00  1023.8481    19.2341    23.7384     7.0760    216.002    7.57072  231.10414     93.465 -9.990e-29
   39.59890 -9.990e-29     25.259     25.065    19.2402    33.3975      8.006     0.2162 4.0464e+00  1023.8464    19.2357    23.7371     7.0805    216.140    7.57060  231.10034     93.526 -9.990e-29
   39.59890 -9.990e-29     25.244     25.050    19.2409    33.3965      8.006     0.2028 4.0692e+00  1023.8456    19.2364    23.7361     7.0805    216.139    7.57043  231.09538     93.528 -9.990e-29
   39.59890 -9.990e-29     25.238     25.044    19.2411    33.3963      8.006     0.2028 4.0807e+00  1023.8448    19.2366    23.7356     7.0764    216.015    7.57037  231.09338     93.475 -9.990e-29
   39.59890 -9.990e-29     25.229     25.035    19.2412    33.3963      8.006     0.2028 4.0922e+00  1023.8448    19.2367    23.7356     7.0810    216.155    7.57029  231.09099     93.537 -9.990e-29
   39.59890 -9.990e-29     25.198     25.005    19.2409    33.3963      8.006     0.2162 4.1003e+00  1023.8452    19.2364    23.7359     7.0770    216.031    7.57020  231.08819     93.484 -9.990e-29
   39.59890 -9.990e-29     25.198     25.005    19.2405    33.3963      8.006     0.2028 4.1235e+00  1023.8459    19.2360    23.7362     7.0815    216.170    7.57007  231.08408     93.546 -9.990e-29
   39.59890 -9.990e-29     25.178     24.984    19.2403    33.3963      8.006     0.2028 4.1351e+00  1023.8456    19.2359    23.7361     7.0775    216.049    7.57006  231.08362     93.494 -9.990e-29
   39.59890 -9.990e-29     25.172     24.979    19.2405    33.3959      8.006     0.2028 4.1468e+00  1023.8451    19.2360    23.7356     7.0822    216.190    7.56999  231.08143     93.556 -9.990e-29
   39.59890 -9.990e-29     25.147     24.954    19.2412    33.3951      8.006     0.2162 4.1584e+00  1023.8440    19.2368    23.7349     7.0826    216.204    7.56991  231.07900     93.563 -9.990e-29
   39.59890 -9.990e-29     25.136     24.943    19.2421    33.3944      8.006     0.2162 4.1702e+00  1023.8432    19.2376    23.7341     7.0827    216.207    7.56984  231.07663     93.565 -9.990e-29
   39.59890 -9.990e-29     25.136     24.943    19.2428    33.3936      8.006     0.2431 4.1702e+00  1023.8425    19.2383    23.7333     7.0833    216.224    7.56982  231.07623     93.573 -9.990e-29
   39.59890 -9.990e-29     25.106     24.913    19.2437    33.3931      8.006     0.2431 4.1584e+00  1023.8413    19.2392    23.7327     7.0838    216.240    7.56981  231.07604     93.580 -9.990e-29
   39.59890 -9.990e-29     25.102     24.909    19.2438    33.3931      8.006     0.2297 4.1702e+00  1023.8412    19.2394    23.7325     7.0843    216.256    7.56974  231.07391     93.587 -9.990e-29
   39.59890 -9.990e-29     25.096     24.904    19.2431    33.3931      8.006     0.2297 4.1550e+00  1023.8416    19.2387    23.7329     7.0848    216.272    7.56970  231.07274     93.595 -9.990e-29
   39.59890 -9.990e-29     25.076     24.883    19.2421    33.3937      8.006     0.2431 4.1550e+00  1023.8424    19.2376    23.7336     7.0854    216.289    7.56970  231.07281     93.602 -9.990e-29
   39.59890 -9.990e-29     25.066     24.873    19.2412    33.3946      8.006     0.2431 4.1434e+00  1023.8433    19.2368    23.7345     7.0855    216.294    7.56972  231.07353     93.604 -9.990e-29
   39.59890 -9.990e-29     25.066     24.873    19.2403    33.3953      8.006     0.2431 4.1434e+00  1023.8442    19.2359    23.7353     7.0861    216.309    7.56970  231.07270     93.611 -9.990e-29
   39.59890 -9.990e-29     25.045     24.853    19.2396    33.3957      8.006     0.2431 4.1201e+00  1023.8446    19.2352    23.7358     7.0862    216.313    7.56968  231.07217     93.613 -9.990e-29
   39.59890 -9.990e-29     25.030     24.838    19.2391    33.3960      8.006     0.2431 4.1201e+00  1023.8448    19.2347    23.7361     7.0863    216.316    7.56969  231.07244     93.614 -9.990e-29
   39.59892 -9.990e-29     25.025     24.832    19.2388    33.3962      8.006     0.2431 4.1201e+00  1023.8451    19.2344    23.7364     7.0913    216.468    7.56967  231.07164     93.680 -9.990e-29
   39.59892 -9.990e-29     25.025     24.832    19.2386    33.3962      8.006     0.2431 4.0970e+00  1023.8455    19.2342    23.7365     7.0921    216.493    7.56958  231.06895     93.692 -9.990e-29
   39.59892 -9.990e-29     25.005     24.813    19.2388    33.3962      8.006     0.2431 4.0970e+00  1023.8448    19.2343    23.7363     7.0929    216.518    7.56954  231.06755     93.703 -9.990e-29
   39.59892 -9.990e-29     25.005     24.813    19.2390    33.3957      8.006     0.2431 4.0855e+00  1023.8445    19.2345    23.7359     7.0937    216.543    7.56949  231.06612     93.715 -9.990e-29
   39.59892 -9.990e-29     24.990     24.798    19.2393    33.3950      8.006     0.2431 4.0855e+00  1023.8437    19.2349    23.7353     7.0946    216.568    7.56949  231.06573     93.726 -9.990e-29
   39.59892  -72.74858     24.985     24.793    19.2398    33.3945 -9.990e-29     0.2431 4.0740e+00  1023.8431    19.2354    23.7348     7.0953    216.592    7.56945  231.06472     93.737 -9.990e-29
   39.59892  -72.74858     24.974     24.782    19.2402    33.3943 -9.990e-29     0.2431 4.0740e+00  1023.8429    19.2358    23.7346     7.0961    216.616    7.56944  231.06449     93.747 -9.990e-29
   39.59892  -72.74858     24.974     24.782    19.2400    33.3942 -9.990e-29     0.2431 4.0740e+00  1023.8428    19.2356    23.7346     7.0965    216.628    7.56943  231.06420     93.752 -9.990e-29
   39.59892  -72.74858     24.964     24.772    19.2392    33.3942 -9.990e-29     0.2297 4.0625e+00  1023.8434    19.2347    23.7347     7.0973    216.651    7.56946  231.06494     93.762 -9.990e-29
   39.59892  -72.74858     24.959     24.767    19.2390    33.3939 -9.990e-29     0.2297 4.0625e+00  1023.8429    19.2345    23.7345     7.1025    216.812    7.56949  231.06587     93.831 -9.990e-29
   39.59892  -72.74858     24.955     24.763    19.2391    33.3933 -9.990e-29     0.2297 4.0625e+00  1023.8424    19.2347    23.7340     7.1033    216.835    7.56954  231.06740     93.840 -9.990e-29
   39.59892  -72.74858     24.955     24.763    19.2396    33.3927 -9.990e-29     0.2297 4.0625e+00  1023.8418    19.2352    23.7334     7.1040    216.856    7.56961  231.06954     93.849 -9.990e-29
   39.59892  -72.74858     24.955     24.763    19.2405    33.3920 -9.990e-29     0.2431 4.0625e+00  1023.8408    19.2361    23.7328     7.1001    216.736    7.56960  231.06928     93.797 -9.990e-29
   39.59892  -72.74858     24.944     24.752    19.2409    33.3917 -9.990e-29     0.2297 4.0740e+00  1023.8406    19.2364    23.7324     7.1047    216.879    7.56962  231.06994     93.859 -9.990e-29
   39.59892  -72.74858     24.939     24.748    19.2409    33.3913 -9.990e-29     0.2297 4.0855e+00  1023.8406    19.2364    23.7320     7.1048    216.882    7.56964  231.07062     93.860 -9.990e-29
   39.59892  -72.74858     24.944     24.752    19.2416    33.3907 -9.990e-29     0.2297 4.0970e+00  1023.8395    19.2371    23.7315     7.1053    216.896    7.56965  231.07090     93.865 -9.990e-29
   39.59892  -72.74858     24.944     24.752    19.2414    33.3904 -9.990e-29     0.2162 4.0855e+00  1023.8395    19.2370    23.7312     7.1057    216.908    7.56966  231.07119     93.870 -9.990e-29
   39.59892  -72.74858     24.944     24.752    19.2421    33.3904 -9.990e-29     0.2162 4.0855e+00  1023.8392    19.2377    23.7310     7.1060    216.918    7.56967  231.07155     93.875 -9.990e-29
   39.59892  -72.74858     24.955     24.763    19.2423    33.3904 -9.990e-29     0.2162 4.0855e+00  1023.8392    19.2378    23.7311     7.1104    217.053    7.56971  231.07247     93.933 -9.990e-29
   39.59892  -72.74858     24.939     24.748    19.2419    33.3904 -9.990e-29     0.2162 4.0855e+00  1023.8397    19.2375    23.7312     7.1107    217.059    7.56974  231.07346     93.935 -9.990e-29
   39.59892  -72.74858     24.944     24.752    19.2426    33.3904 -9.990e-29     0.2297 4.0855e+00  1023.8395    19.2382    23.7310     7.1108    217.063    7.56975  231.07373     93.937 -9.990e-29
   39.59892  -72.74858     24.955     24.763    19.2438    33.3902 -9.990e-29     0.2162 4.0740e+00  1023.8387    19.2394    23.7305     7.1068    216.940    7.56982  231.07564     93.883 -9.990e-29
   39.59892  -72.74858     24.955     24.763    19.2447    33.3899 -9.990e-29     0.2297 4.0740e+00  1023.8382    19.2403    23.7301     7.1064    216.930    7.56992  231.07877     93.877 -9.990e-29
   39.59892  -72.74858     24.964     24.772    19.2449    33.3898 -9.990e-29     0.2297 4.0740e+00  1023.8384    19.2404    23.7299     7.1059    216.915    7.56994  231.07925     93.871 -9.990e-29
   39.59892  -72.74858     24.959     24.767    19.2457    33.3897 -9.990e-29     0.2297 4.0740e+00  1023.8378    19.2413    23.7296     7.1059    216.913    7.57002  231.08157     93.869 -9.990e-29
   39.59892  -72.74858     24.964     24.772    19.2463    33.3897 -9.990e-29     0.2162 4.0740e+00  1023.8376    19.2418    23.7293     7.1102    217.046    7.57006  231.08264     93.926 -9.990e-29
   39.59892  -72.74858     24.974     24.782    19.2467    33.3897 -9.990e-29     0.2162 4.0171e+00  1023.8373    19.2422    23.7292     7.1104    217.050    7.57006  231.08270     93.927 -9.990e-29
   39.59892  -72.74858     24.974     24.782    19.2471    33.3899 -9.990e-29     0.2162 3.9833e+00  1023.8377    19.2427    23.7294     7.1150    217.190    7.57008  231.08321     93.988 -9.990e-29
   39.59892  -72.74858     24.985     24.793    19.2478    33.3907 -9.990e-29     0.2162 3.9721e+00  1023.8383    19.2434    23.7298     7.1108    217.064    7.57007  231.08285     93.933 -9.990e-29
   39.59892  -72.74858     24.979     24.787    19.2484    33.3915 -9.990e-29     0.2297 3.9498e+00  1023.8389    19.2439    23.7302     7.1107    217.061    7.57005  231.08240     93.932 -9.990e-29
   39.59892  -72.74858     25.015     24.823    19.2494    33.3919 -9.990e-29     0.2297 3.9198e+00  1023.8391    19.2450    23.7304     7.1109    217.068    7.57000  231.08097     93.936 -9.990e-29
   39.59892  -72.74858     25.005     24.813    19.2499    33.3921 -9.990e-29     0.2297 3.9088e+00  1023.8388    19.2455    23.7304     7.1157    217.213    7.57005  231.08238     93.998 -9.990e-29
   39.59892  -72.74858     25.005     24.813    19.2505    33.3925 -9.990e-29     0.2162 3.9088e+00  1023.8387    19.2460    23.7305     7.1114    217.081    7.57009  231.08394     93.940 -9.990e-29
   39.59892  -72.74858     25.025     24.832    19.2506    33.3932 -9.990e-29     0.2162 3.8978e+00  1023.8398    19.2462    23.7310     7.1161    217.225    7.57021  231.08746     94.001 -9.990e-29
   39.59892  -72.74858     25.036     24.843    19.2513    33.3939 -9.990e-29     0.2297 3.8978e+00  1023.8402    19.2469    23.7315     7.1161    217.227    7.57027  231.08925     94.001 -9.990e-29
   39.59892  -72.74858     25.030     24.838    19.2513    33.3945 -9.990e-29     0.2162 3.8978e+00  1023.8404    19.2469    23.7318     7.1165    217.238    7.57032  231.09080     94.006 -9.990e-29
   39.59892  -72.74858     25.055     24.862    19.2517    33.3949 -9.990e-29     0.2162 3.8869e+00  1023.8409    19.2472    23.7321     7.1119    217.097    7.57036  231.09199     93.944 -9.990e-29
   39.59892  -72.74858     25.045     24.853    19.2520    33.3950 -9.990e-29     0.2297 3.8901e+00  1023.8412    19.2476    23.7323     7.1163    217.230    7.57040  231.09322     94.001 -9.990e-29
   39.59892  -72.74858     25.066     24.873    19.2525    33.3950 -9.990e-29     0.2162 3.8792e+00  1023.8414    19.2480    23.7323     7.1164    217.236    7.57045  231.09475     94.003 -9.990e-29
   39.59892  -72.74858     25.087     24.894    19.2529    33.3950 -9.990e-29     0.2028 3.8683e+00  1023.8407    19.2484    23.7318     7.1166    217.241    7.57056  231.09827     94.004 -9.990e-29
   39.59892  -72.74858     25.072     24.879    19.2532    33.3948 -9.990e-29     0.2028 3.8574e+00  1023.8399    19.2488    23.7314     7.1167    217.243    7.57062  231.09985     94.004 -9.990e-29
   39.59892  -72.74858     25.096     24.903    19.2536    33.3947 -9.990e-29     0.1894 3.8683e+00  1023.8402    19.2491    23.7313     7.1166    217.242    7.57063  231.10036     94.003 -9.990e-29
   39.59892  -72.74858     25.096     24.903    19.2536    33.3946 -9.990e-29     0.1894 3.8465e+00  1023.8408    19.2491    23.7315     7.1166    217.239    7.57071  231.10256     94.001 -9.990e-29
   39.59892  -72.74858     25.106     24.913    19.2538    33.3946 -9.990e-29     0.1894 3.8465e+00  1023.8404    19.2493    23.7314     7.1119    217.097    7.57075  231.10363     93.939 -9.990e-29
   39.59892  -72.74858     25.117     24.924    19.2538    33.3946 -9.990e-29     0.1894 3.8389e+00  1023.8401    19.2493    23.7312     7.1158    217.215    7.57074  231.10310     93.990 -9.990e-29
   39.59892  -72.74858     25.117     24.924    19.2539    33.3946 -9.990e-29     0.1894 3.8497e+00  1023.8401    19.2495    23.7312     7.1155    217.206    7.57076  231.10376     93.986 -9.990e-29
   39.59892  -72.74858     25.132     24.939    19.2539    33.3946 -9.990e-29     0.1894 3.8497e+00  1023.8405    19.2495    23.7313     7.1106    217.057    7.57077  231.10400     93.922 -9.990e-29
   39.59892  -72.74858     25.136     24.943    19.2539    33.3948 -9.990e-29     0.1894 3.8606e+00  1023.8403    19.2495    23.7314     7.1143    217.170    7.57081  231.10511     93.970 -9.990e-29
   39.59892  -72.74858     25.157     24.964    19.2539    33.3952 -9.990e-29     0.2028 3.8497e+00  1023.8408    19.2495    23.7317     7.1139    217.157    7.57087  231.10723     93.964 -9.990e-29
   39.59892  -72.74858     25.157     24.964    19.2543    33.3957 -9.990e-29     0.1894 3.8529e+00  1023.8413    19.2498    23.7320     7.1138    217.156    7.57095  231.10990     93.962 -9.990e-29
   39.59892  -72.74858     25.157     24.964    19.2545    33.3963 -9.990e-29     0.1894 3.8529e+00  1023.8415    19.2500    23.7325     7.1137    217.153    7.57109  231.11429     93.959 -9.990e-29
   39.59892  -72.74858     25.168     24.974    19.2545    33.3970 -9.990e-29     0.1894 3.8421e+00  1023.8423    19.2500    23.7330     7.1136    217.150    7.57122  231.11802     93.956 -9.990e-29
   39.59892  -72.74858     25.172     24.979    19.2543    33.3976 -9.990e-29     0.2028 3.8313e+00  1023.8430    19.2498    23.7334     7.1089    217.006    7.57130  231.12023     93.893 -9.990e-29
   39.59892  -72.74858     25.187     24.994    19.2546    33.3976 -9.990e-29     0.2028 3.8313e+00  1023.8429    19.2501    23.7335     7.1127    217.121    7.57133  231.12100     93.943 -9.990e-29
   39.59892  -72.74858     25.187     24.994    19.2546    33.3976 -9.990e-29     0.2028 3.8237e+00  1023.8428    19.2502    23.7334     7.1124    217.112    7.57140  231.12273     93.938 -9.990e-29
   39.59892  -72.74858     25.198     25.005    19.2548    33.3975 -9.990e-29     0.1894 3.7915e+00  1023.8426    19.2503    23.7333     7.1120    217.098    7.57138  231.12211     93.932 -9.990e-29
   39.59892  -72.74858     25.198     25.005    19.2546    33.3974 -9.990e-29     0.1894 3.7809e+00  1023.8426    19.2502    23.7333     7.1115    217.084    7.57140  231.12256     93.926 -9.990e-29
   39.59892  -72.74858     25.204     25.010    19.2545    33.3973 -9.990e-29     0.2028 3.7702e+00  1023.8426    19.2500    23.7333     7.1110    217.070    7.57144  231.12412     93.919 -9.990e-29
   39.59892  -72.74858     25.218     25.024    19.2541    33.3972 -9.990e-29     0.1894 3.7596e+00  1023.8427    19.2496    23.7332     7.1064    216.927    7.57143  231.12343     93.858 -9.990e-29
