CalculateIndicators/WaterTemperature/Data/CTD_NYOS/20230515_C05.cnv
* Sea-Bird SBE 9 Data File:
* FileName = C:\Seabird 9 CTD\Data\2023\202305_offshore\20230515_C05.hex
* Software Version Seasave V 7.23.2
* Temperature SN = 4590
* Conductivity SN = 3228
* Number of Bytes Per Scan = 44
* Number of Voltage Words = 5
* Number of Scans Averaged by the Deck Unit = 1
* NMEA Latitude = 39 50.64 N
* NMEA Longitude = 072 54.40 W
* NMEA UTC (Time) = May 15 2023  16:51:13
* NMEA baud rate = 4800
** Ship: Seawolf
** Station: 8.4
** Operator: TCM
# nquan = 18
# nvalues = 13780                       
# units = specified
# name 0 = latitude: Latitude [deg]
# name 1 = longitude: Longitude [deg]
# name 2 = prDM: Pressure, Digiquartz [db]
# name 3 = depSM: Depth [salt water, m]
# name 4 = t090C: Temperature [ITS-90, deg C]
# name 5 = sal00: Salinity, Practical [PSU]
# name 6 = ph: pH
# name 7 = flECO-AFL: Fluorescence, WET Labs ECO-AFL/FL [mg/m^3]
# name 8 = cpar: CPAR/Corrected Irradiance [%]
# name 9 = density00: Density [density, kg/m^3]
# name 10 = potemp090C: Potential Temperature [ITS-90, deg C]
# name 11 = sigma-é00: Density [sigma-theta, kg/m^3]
# name 12 = sbeox0Mg/L: Oxygen, SBE 43 [mg/l]
# name 13 = sbox0Mm/Kg: Oxygen, SBE 43 [umol/kg]
# name 14 = oxsolMg/L: Oxygen Saturation, Garcia & Gordon [mg/l]
# name 15 = oxsolMm/Kg: Oxygen Saturation, Garcia & Gordon [umol/kg]
# name 16 = sbeox0PS: Oxygen, SBE 43 [% saturation]
# name 17 = flag:  0.000e+00
# span 0 =   39.84378,   39.84412       
# span 1 =  -72.90682,  -72.90542       
# span 2 =      0.587,     56.102       
# span 3 =      0.583,     55.665       
# span 4 =     7.2982,    13.6570       
# span 5 =     3.1322,    33.1015       
# span 6 =      7.839,      8.067       
# span 7 =    -0.6971,     2.1772       
# span 8 = 1.2033e-02, 1.2764e+02       
# span 9 =  1001.4367,  1026.0951       
# span 10 =     7.2940,    13.6567      
# span 11 =     1.5776,    25.8496      
# span 12 =     8.4120,    10.8984      
# span 13 =    256.322,    340.063      
# span 14 =    8.48478,   10.24581      
# span 15 =  258.83988,  319.67913      
# span 16 =     87.043,    112.982      
# span 17 = 0.0000e+00, 0.0000e+00      
# interval = seconds: 0.0416667
# start_time = May 15 2023 16:51:15 [System UTC, first data scan.]
# bad_flag = -9.990e-29
*END*
[from data line 13106]
   39.84386  -72.90568      2.135      2.118    13.6320    32.5797 -9.990e-29     0.0148 5.6569e+01  1024.4020    13.6317    24.3925     9.0197    275.157    8.48885  258.96333    106.253 -9.990e-29
   39.84386  -72.90568      2.124      2.107    13.6307    32.5810 -9.990e-29     0.0282 5.7048e+01  1024.4033    13.6304    24.3937     9.0199    275.165    8.48895  258.96614    106.255 -9.990e-29
   39.84386  -72.90568      2.125      2.109    13.6304    32.5823 -9.990e-29     0.0148 5.9505e+01  1024.4040    13.6301    24.3948     9.0195    275.153    8.48903  258.96850    106.249 -9.990e-29
   39.84386  -72.90568      2.104      2.088    13.6298    32.5836 -9.990e-29     0.0148 6.0908e+01  1024.4056    13.6296    24.3959     9.0197    275.158    8.48910  258.97051    106.251 -9.990e-29
   39.84386  -72.90568      2.093      2.077    13.6304    32.5846 -9.990e-29     0.0148 6.0737e+01  1024.4061    13.6301    24.3965     9.0251    275.322    8.48915  258.97219    106.313 -9.990e-29
   39.84386  -72.90568      2.093      2.077    13.6312    32.5848 -9.990e-29     0.0148 5.6773e+01  1024.4063    13.6309    24.3967     9.0207    275.187    8.48924  258.97481    106.260 -9.990e-29
   39.84386  -72.90568      2.063      2.047    13.6329    32.5848 -9.990e-29     0.0148 5.4582e+01  1024.4059    13.6326    24.3965     9.0208    275.189    8.48923  258.97438    106.261 -9.990e-29
   39.84386  -72.90568      2.054      2.038    13.6342    32.5848 -9.990e-29     0.0819 5.4276e+01  1024.4053    13.6340    24.3961     9.0208    275.192    8.48922  258.97417    106.262 -9.990e-29
   39.84386  -72.90568      2.043      2.027    13.6352    32.5842 -9.990e-29     0.1222 5.1164e+01  1024.4044    13.6349    24.3954     9.0209    275.193    8.48918  258.97292    106.263 -9.990e-29
   39.84386  -72.90568      2.023      2.008    13.6359    32.5838 -9.990e-29     0.1357 4.8913e+01  1024.4038    13.6356    24.3949     9.0209    275.194    8.48915  258.97170    106.264 -9.990e-29
   39.84386  -72.90568      2.003      1.987    13.6367    32.5834 -9.990e-29     0.1222 4.8678e+01  1024.4035    13.6365    24.3944     9.0209    275.195    8.48908  258.96977    106.265 -9.990e-29
   39.84386  -72.90568      2.003      1.987    13.6373    32.5830 -9.990e-29     0.1222 4.8541e+01  1024.4026    13.6370    24.3940     9.0210    275.198    8.48909  258.97011    106.266 -9.990e-29
   39.84386  -72.90568      1.972      1.957    13.6378    32.5830 -9.990e-29     0.1222 4.8405e+01  1024.4024    13.6375    24.3937     9.0211    275.200    8.48906  258.96915    106.267 -9.990e-29
   39.84386  -72.90568      1.962      1.946    13.6379    32.5830 -9.990e-29     0.1222 4.8269e+01  1024.4024    13.6377    24.3937     9.0211    275.200    8.48902  258.96796    106.268 -9.990e-29
   39.84386  -72.90568      1.952      1.937    13.6385    32.5829 -9.990e-29     0.1222 4.5758e+01  1024.4025    13.6382    24.3937     9.0211    275.200    8.48894  258.96550    106.269 -9.990e-29
   39.84386  -72.90568      1.922      1.907    13.6389    32.5829 -9.990e-29     0.1222 4.2175e+01  1024.4023    13.6387    24.3937     9.0211    275.199    8.48882  258.96195    106.270 -9.990e-29
   39.84386  -72.90568      1.893      1.878    13.6393    32.5828 -9.990e-29     0.1222 4.1353e+01  1024.4019    13.6391    24.3934     9.0212    275.201    8.48881  258.96160    106.271 -9.990e-29
   39.84386  -72.90568      1.891      1.877    13.6396    32.5824 -9.990e-29     0.1222 4.0352e+01  1024.4014    13.6394    24.3930     9.0212    275.202    8.48876  258.96010    106.272 -9.990e-29
   39.84386  -72.90568      1.861      1.847    13.6400    32.5820 -9.990e-29     0.1222 3.8039e+01  1024.4008    13.6397    24.3927     9.0212    275.201    8.48867  258.95727    106.273 -9.990e-29
   39.84386  -72.90568      1.850      1.836    13.6398    32.5816 -9.990e-29     0.1222 3.7402e+01  1024.4008    13.6395    24.3924     9.0160    275.045    8.48865  258.95689    106.213 -9.990e-29
   39.84386  -72.90568      1.841      1.827    13.6396    32.5815 -9.990e-29     0.1222 4.0126e+01  1024.4002    13.6394    24.3922     9.0156    275.033    8.48871  258.95887    106.207 -9.990e-29
   39.84386  -72.90568      1.801      1.787    13.6390    32.5815 -9.990e-29     0.1222 5.0531e+01  1024.3999    13.6387    24.3922     9.0203    275.177    8.48871  258.95876    106.263 -9.990e-29
   39.84386  -72.90568      1.801      1.787    13.6381    32.5815 -9.990e-29     0.1222 5.4978e+01  1024.4006    13.6379    24.3926     9.0205    275.181    8.48872  258.95885    106.264 -9.990e-29
   39.84386  -72.90568      1.780      1.767    13.6381    32.5822 -9.990e-29     0.1222 5.5288e+01  1024.4012    13.6379    24.3931     9.0206    275.183    8.48867  258.95735    106.266 -9.990e-29
   39.84386  -72.90568      1.760      1.746    13.6383    32.5826 -9.990e-29     0.1222 5.6750e+01  1024.4014    13.6380    24.3935     9.0206    275.185    8.48862  258.95583    106.267 -9.990e-29
   39.84386  -72.90568      1.750      1.737    13.6385    32.5829 -9.990e-29     0.1222 5.7554e+01  1024.4015    13.6382    24.3937     9.0207    275.188    8.48860  258.95517    106.269 -9.990e-29
   39.84386  -72.90568      1.739      1.726    13.6386    32.5829 -9.990e-29     0.1222 5.7070e+01  1024.4017    13.6384    24.3938     9.0208    275.189    8.48852  258.95270    106.270 -9.990e-29
   39.84386  -72.90568      1.729      1.716    13.6391    32.5829 -9.990e-29     0.1222 5.1867e+01  1024.4014    13.6389    24.3937     9.0208    275.192    8.48850  258.95227    106.271 -9.990e-29
   39.84386  -72.90568      1.709      1.696    13.6393    32.5829 -9.990e-29     0.1088 4.9308e+01  1024.4010    13.6390    24.3935     9.0209    275.195    8.48846  258.95127    106.273 -9.990e-29
   39.84386  -72.90568      1.709      1.696    13.6393    32.5827 -9.990e-29     0.1222 4.9031e+01  1024.4009    13.6390    24.3933     9.0211    275.199    8.48848  258.95171    106.274 -9.990e-29
   39.84386  -72.90568      1.709      1.696    13.6398    32.5825 -9.990e-29     0.1222 5.0006e+01  1024.4006    13.6395    24.3931     9.0211    275.201    8.48844  258.95041    106.276 -9.990e-29
   39.84386  -72.90568      1.699      1.686    13.6400    32.5824 -9.990e-29     0.1088 5.0571e+01  1024.4005    13.6398    24.3929     9.0207    275.187    8.48846  258.95116    106.270 -9.990e-29
   39.84386  -72.90568      1.690      1.677    13.6405    32.5824 -9.990e-29     0.1088 5.0714e+01  1024.4004    13.6402    24.3929     9.0201    275.171    8.48844  258.95062    106.264 -9.990e-29
   39.84386  -72.90568      1.690      1.677    13.6405    32.5823 -9.990e-29     0.1088 4.8483e+01  1024.4004    13.6402    24.3928     9.0254    275.332    8.48844  258.95063    106.326 -9.990e-29
   39.84386  -72.90568      1.679      1.666    13.6406    32.5822 -9.990e-29     0.1088 4.6350e+01  1024.4001    13.6404    24.3927     9.0255    275.333    8.48848  258.95171    106.326 -9.990e-29
   39.84386  -72.90568      1.699      1.686    13.6406    32.5820 -9.990e-29     0.1088 4.5961e+01  1024.4000    13.6404    24.3925     9.0254    275.331    8.48843  258.95021    106.326 -9.990e-29
   39.84386  -72.90568      1.679      1.666    13.6406    32.5818 -9.990e-29     0.1088 4.7405e+01  1024.3999    13.6404    24.3923     9.0259    275.346    8.48840  258.94935    106.332 -9.990e-29
   39.84386  -72.90568      1.669      1.656    13.6408    32.5815 -9.990e-29     0.1088 4.9169e+01  1024.3997    13.6406    24.3921     9.0264    275.362    8.48842  258.94998    106.338 -9.990e-29
   39.84386  -72.90568      1.699      1.686    13.6408    32.5810 -9.990e-29     0.1088 4.9586e+01  1024.3993    13.6405    24.3917     9.0269    275.377    8.48843  258.95029    106.344 -9.990e-29
   39.84386  -72.90568      1.679      1.666    13.6403    32.5805 -9.990e-29     0.1088 5.1287e+01  1024.3987    13.6401    24.3915     9.0274    275.392    8.48846  258.95115    106.349 -9.990e-29
   39.84386  -72.90568      1.690      1.677    13.6394    32.5803 -9.990e-29     0.1088 5.5022e+01  1024.3990    13.6392    24.3915     9.0278    275.404    8.48844  258.95047    106.354 -9.990e-29
   39.84380  -72.90548      1.679      1.666    13.6388    32.5803 -9.990e-29     0.1088 5.6116e+01  1024.3990    13.6385    24.3916     9.0282    275.416    8.48840  258.94932    106.359 -9.990e-29
   39.84380  -72.90548      1.699      1.686    13.6379    32.5803 -9.990e-29     0.1088 5.5958e+01  1024.3996    13.6377    24.3917     9.0285    275.426    8.48839  258.94872    106.363 -9.990e-29
   39.84380  -72.90548      1.691      1.678    13.6374    32.5800 -9.990e-29     0.1088 5.5801e+01  1024.3993    13.6372    24.3916     9.0236    275.278    8.48833  258.94700    106.307 -9.990e-29
   39.84380  -72.90548      1.679      1.666    13.6369    32.5793 -9.990e-29     0.1088 5.5644e+01  1024.3988    13.6367    24.3913     9.0234    275.271    8.48833  258.94700    106.304 -9.990e-29
   39.84380  -72.90548      1.699      1.686    13.6356    32.5793 -9.990e-29     0.1088 5.8863e+01  1024.3982    13.6353    24.3911     9.0283    275.420    8.48826  258.94508    106.362 -9.990e-29
   39.84380  -72.90548      1.709      1.696    13.6339    32.5793 -9.990e-29     0.1088 7.8193e+01  1024.3986    13.6337    24.3913     9.0286    275.428    8.48822  258.94366    106.366 -9.990e-29
   39.84380  -72.90548      1.709      1.696    13.6325    32.5793 -9.990e-29     0.1088 8.8740e+01  1024.3996    13.6323    24.3921     9.0288    275.436    8.48816  258.94205    106.370 -9.990e-29
   39.84380  -72.90548      1.720      1.707    13.6312    32.5803 -9.990e-29     0.1088 8.6766e+01  1024.4009    13.6309    24.3931     9.0291    275.443    8.48812  258.94074    106.373 -9.990e-29
   39.84380  -72.90548      1.729      1.716    13.6304    32.5811 -9.990e-29     0.1088 6.0712e+01  1024.4018    13.6301    24.3939     9.0293    275.451    8.48811  258.94066    106.376 -9.990e-29
   39.84380  -72.90548      1.729      1.716    13.6298    32.5814 -9.990e-29     0.1088 5.0147e+01  1024.4020    13.6296    24.3942     9.0295    275.457    8.48806  258.93915    106.379 -9.990e-29
   39.84380  -72.90548      1.750      1.737    13.6295    32.5815 -9.990e-29     0.1088 4.9169e+01  1024.4022    13.6292    24.3944     9.0297    275.461    8.48800  258.93732    106.381 -9.990e-29
   39.84380  -72.90548      1.760      1.746    13.6292    32.5816 -9.990e-29     0.1088 4.5319e+01  1024.4023    13.6289    24.3946     9.0298    275.466    8.48797  258.93646    106.384 -9.990e-29
   39.84380  -72.90548      1.769      1.756    13.6285    32.5818 -9.990e-29     0.1088 4.2481e+01  1024.4028    13.6283    24.3948     9.0306    275.490    8.48799  258.93710    106.393 -9.990e-29
   39.84380  -72.90548      1.790      1.776    13.6285    32.5821 -9.990e-29     0.1088 4.2006e+01  1024.4030    13.6283    24.3950     9.0307    275.494    8.48795  258.93582    106.395 -9.990e-29
   39.84380  -72.90548      1.801      1.787    13.6285    32.5823 -9.990e-29     0.1759 4.4436e+01  1024.4032    13.6283    24.3953     9.0309    275.500    8.48801  258.93779    106.396 -9.990e-29
   39.84380  -72.90548      1.820      1.806    13.6286    32.5826 -9.990e-29     0.4714 4.6612e+01  1024.4035    13.6284    24.3955     9.0311    275.506    8.48808  258.94004    106.398 -9.990e-29
   39.84380  -72.90548      1.820      1.806    13.6286    32.5830 -9.990e-29     0.5789 4.7006e+01  1024.4040    13.6284    24.3957     9.0313    275.510    8.48813  258.94130    106.399 -9.990e-29
   39.84380  -72.90548      1.841      1.827    13.6290    32.5832 -9.990e-29     0.5923 4.6874e+01  1024.4041    13.6287    24.3958     9.0314    275.514    8.48815  258.94195    106.400 -9.990e-29
   39.84380  -72.90548      1.850      1.836    13.6290    32.5832 -9.990e-29     0.5654 4.6837e+01  1024.4040    13.6287    24.3958     9.0263    275.359    8.48821  258.94362    106.339 -9.990e-29
   39.84380  -72.90548      1.871      1.857    13.6292    32.5832 -9.990e-29     0.5654 4.6837e+01  1024.4041    13.6289    24.3958     9.0258    275.344    8.48824  258.94481    106.333 -9.990e-29
   39.84380  -72.90548      1.871      1.857    13.6293    32.5832 -9.990e-29     0.5654 4.7367e+01  1024.4042    13.6291    24.3957     9.0253    275.328    8.48826  258.94536    106.327 -9.990e-29
   39.84380  -72.90548      1.881      1.866    13.6298    32.5832 -9.990e-29     0.5654 4.8580e+01  1024.4040    13.6296    24.3956     9.0300    275.471    8.48830  258.94641    106.381 -9.990e-29
   39.84380  -72.90548      1.892      1.877    13.6305    32.5831 -9.990e-29     0.5654 4.8992e+01  1024.4039    13.6303    24.3955     9.0248    275.315    8.48833  258.94727    106.321 -9.990e-29
   39.84380  -72.90548      1.912      1.897    13.6307    32.5829 -9.990e-29     0.5654 5.1535e+01  1024.4038    13.6304    24.3953     9.0295    275.457    8.48836  258.94833    106.375 -9.990e-29
   39.84380  -72.90546      1.912      1.897    13.6310    32.5829 -9.990e-29     0.5654 6.0154e+01  1024.4036    13.6307    24.3952     9.0295    275.457    8.48836  258.94810    106.375 -9.990e-29
   39.84380  -72.90546      1.923      1.908    13.6314    32.5829 -9.990e-29     0.5654 6.3633e+01  1024.4040    13.6311    24.3952     9.0243    275.299    8.48837  258.94855    106.314 -9.990e-29
   39.84380  -72.90546      1.922      1.907    13.6317    32.5826 -9.990e-29     0.5654 6.4353e+01  1024.4033    13.6314    24.3949     9.0237    275.280    8.48836  258.94847    106.307 -9.990e-29
   39.84380  -72.90546      1.931      1.917    13.6315    32.5823 -9.990e-29     0.5654 6.8459e+01  1024.4030    13.6313    24.3946     9.0226    275.245    8.48840  258.94953    106.293 -9.990e-29
   39.84380  -72.90546      1.942      1.927    13.6315    32.5823 -9.990e-29     0.5654 7.0411e+01  1024.4030    13.6313    24.3946     9.0214    275.208    8.48842  258.94981    106.279 -9.990e-29
   39.84380  -72.90546      1.952      1.937    13.6314    32.5823 -9.990e-29     0.5654 6.9820e+01  1024.4035    13.6311    24.3947     9.0206    275.184    8.48830  258.94609    106.271 -9.990e-29
   39.84380  -72.90546      1.952      1.937    13.6317    32.5824 -9.990e-29     0.5654 6.1695e+01  1024.4033    13.6314    24.3947     9.0198    275.161    8.48819  258.94251    106.263 -9.990e-29
   39.84380  -72.90546      1.952      1.937    13.6319    32.5826 -9.990e-29     0.5654 5.7786e+01  1024.4035    13.6316    24.3948     9.0191    275.138    8.48810  258.93993    106.255 -9.990e-29
   39.84380  -72.90546      1.962      1.947    13.6319    32.5826 -9.990e-29     0.5654 5.7508e+01  1024.4038    13.6316    24.3949     9.0183    275.114    8.48798  258.93635    106.248 -9.990e-29
   39.84380  -72.90546      1.962      1.947    13.6324    32.5826 -9.990e-29     0.5654 4.9785e+01  1024.4036    13.6321    24.3949     9.0176    275.094    8.48796  258.93574    106.240 -9.990e-29
   39.84380  -72.90546      1.952      1.937    13.6326    32.5826 -9.990e-29     0.5654 4.4993e+01  1024.4033    13.6323    24.3947     9.0168    275.070    8.48784  258.93245    106.232 -9.990e-29
   39.84380  -72.90546      1.952      1.937    13.6329    32.5823 -9.990e-29     0.5654 4.4240e+01  1024.4030    13.6326    24.3944     9.0162    275.050    8.48780  258.93126    106.225 -9.990e-29
   39.84380  -72.90546      1.952      1.937    13.6329    32.5823 -9.990e-29     0.5654 4.6406e+01  1024.4028    13.6326    24.3943     9.0155    275.029    8.48778  258.93056    106.217 -9.990e-29
   39.84380  -72.90546      1.962      1.947    13.6330    32.5823 -9.990e-29     0.5654 4.8405e+01  1024.4030    13.6328    24.3943     9.0148    275.009    8.48778  258.93041    106.210 -9.990e-29
