CalculateIndicators/WaterTemperature/Data/CTD_NYOS/20231003_C05.cnv
* Sea-Bird SBE 9 Data File:
* FileName = C:\Seabird 9 CTD\Data\2023\202309_offshore\20231003_C05.hex
* Software Version Seasave V 7.23.2
* Temperature SN = 4590
* Conductivity SN = 3228
* Number of Bytes Per Scan = 44
* Number of Voltage Words = 5
* Number of Scans Averaged by the Deck Unit = 1
* NMEA Latitude = 39 50.53 N
* NMEA Longitude = 072 54.71 W
* NMEA UTC (Time) = Oct 03 2023  14:53:59
* NMEA baud rate = 4800
** Ship: seawolf
** Station: 8.4
** Operator: TDK
# nquan = 18
# nvalues = 15506                       
# units = specified
# name 0 = latitude: Latitude [deg]
# name 1 = longitude: Longitude [deg]
# name 2 = prDM: Pressure, Digiquartz [db]
# name 3 = depSM: Depth [salt water, m]
# name 4 = t090C: Temperature [ITS-90, deg C]
# name 5 = sal00: Salinity, Practical [PSU]
# name 6 = ph: pH
# name 7 = flECO-AFL: Fluorescence, WET Labs ECO-AFL/FL [mg/m^3]
# name 8 = cpar: CPAR/Corrected Irradiance [%]
# name 9 = density00: Density [density, kg/m^3]
# name 10 = potemp090C: Potential Temperature [ITS-90, deg C]
# name 11 = sigma-é00: Density [sigma-theta, kg/m^3]
# name 12 = sbeox0Mg/L: Oxygen, SBE 43 [mg/l]
# name 13 = sbox0Mm/Kg: Oxygen, SBE 43 [umol/kg]
# name 14 = oxsolMg/L: Oxygen Saturation, Garcia & Gordon [mg/l]
# name 15 = oxsolMm/Kg: Oxygen Saturation, Garcia & Gordon [umol/kg]
# name 16 = sbeox0PS: Oxygen, SBE 43 [% saturation]
# name 17 = flag:  0.000e+00
# span 0 =   39.84216,   39.84276       
# span 1 =  -72.91340,  -72.91182       
# span 2 =      1.471,     59.518       
# span 3 =      1.460,     59.054       
# span 4 =    12.3185,    18.6750       
# span 5 =    32.5841,    33.4744       
# span 6 =      7.711,      8.022       
# span 7 =    -0.0524,     0.4446       
# span 8 = 5.4409e-02, 2.6505e+02       
# span 9 =  1023.6363,  1025.0046       
# span 10 =    12.3113,    18.6695      
# span 11 =    23.6287,    24.7801      
# span 12 =     4.7014,     7.4189      
# span 13 =    143.386,    226.487      
# span 14 =    7.65293,    8.71604      
# span 15 =  233.58354,  265.80496      
# span 16 =     54.308,     95.866      
# span 17 = 0.0000e+00, 0.0000e+00      
# interval = seconds: 0.0416667
# start_time = Oct 03 2023 14:54:00 [System UTC, first data scan.]
# bad_flag = -9.990e-29
*END*
[from data line 7880]
   39.84250  -72.91262     43.822     43.482    15.5385    33.0984      7.870     0.1625 4.5880e-01  1024.5848    15.5318    24.3896     5.7899    176.629    8.18121  249.58013     70.770 -9.990e-29
   39.84250  -72.91262     43.842     43.502    15.5468    33.0992      7.870     0.1625 4.5751e-01  1024.5848    15.5401    24.3905     5.7891    176.602    8.18161  249.58988     70.757 -9.990e-29
   39.84250  -72.91262     43.823     43.483    15.5543    33.0992      7.870     0.1625 4.5880e-01  1024.5826    15.5477    24.3889     5.7887    176.592    8.18188  249.59695     70.751 -9.990e-29
   39.84250  -72.91262     43.831     43.491    15.5602    33.0992      7.870     0.1625 4.5880e-01  1024.5797    15.5535    24.3857     5.7880    176.570    8.18223  249.60791     70.739 -9.990e-29
   39.84250  -72.91262     43.831     43.491    15.5658    33.0949      7.870     0.1625 4.5880e-01  1024.5749    15.5592    24.3812     5.7873    176.547    8.18243  249.61311     70.728 -9.990e-29
   39.84250  -72.91262     43.842     43.502    15.5704    33.0890      7.870     0.1625 4.5790e-01  1024.5688    15.5637    24.3758     5.7864    176.519    8.18236  249.61034     70.718 -9.990e-29
   39.84250  -72.91262     43.842     43.502    15.5726    33.0832      7.870     0.1625 4.5920e-01  1024.5628    15.5659    24.3708     5.7806    176.342    8.18229  249.60780     70.648 -9.990e-29
   39.84250  -72.91262     43.842     43.502    15.5728    33.0792      7.870     0.1625 4.5790e-01  1024.5596    15.5661    24.3676     5.7794    176.304    8.18227  249.60707     70.633 -9.990e-29
   39.84250  -72.91262     43.852     43.512    15.5717    33.0770      7.870     0.1625 4.5790e-01  1024.5593    15.5651    24.3661     5.7783    176.272    8.18234  249.60933     70.619 -9.990e-29
   39.84250  -72.91262     43.862     43.521    15.5711    33.0754      7.870     0.1625 4.5790e-01  1024.5584    15.5644    24.3650     5.7775    176.248    8.18268  249.62110     70.606 -9.990e-29
   39.84250  -72.91262     43.862     43.521    15.5701    33.0731      7.870     0.1625 4.5790e-01  1024.5572    15.5634    24.3634     5.7774    176.250    8.18395  249.66399     70.595 -9.990e-29
   39.84250  -72.91262     43.862     43.521    15.5690    33.0699      7.870     0.1625 4.5790e-01  1024.5544    15.5623    24.3613     5.7777    176.261    8.18556  249.71556     70.585 -9.990e-29
   39.84250  -72.91262     43.882     43.542    15.5666    33.0665      7.870     0.1625 4.5790e-01  1024.5523    15.5600    24.3592     5.7730    176.114    8.18692  249.75652     70.514 -9.990e-29
   39.84250  -72.91262     43.882     43.542    15.5643    33.0635      7.870     0.1625 4.5790e-01  1024.5503    15.5576    24.3574     5.7725    176.098    8.18788  249.78343     70.500 -9.990e-29
   39.84250  -72.91262     43.893     43.553    15.5609    33.0615      7.870     0.1625 4.5790e-01  1024.5492    15.5542    24.3565     5.7719    176.079    8.18860  249.80290     70.487 -9.990e-29
   39.84250  -72.91262     43.893     43.553    15.5567    33.0604      7.870     0.1491 4.5660e-01  1024.5500    15.5500    24.3564     5.7712    176.055    8.18888  249.80892     70.476 -9.990e-29
   39.84250  -72.91262     43.913     43.572    15.5537    33.0593      7.870     0.1357 4.5790e-01  1024.5503    15.5470    24.3564     5.7703    176.027    8.18890  249.80733     70.465 -9.990e-29
   39.84250  -72.91262     43.924     43.583    15.5499    33.0574      7.870     0.1357 4.5790e-01  1024.5496    15.5432    24.3558     5.7694    175.999    8.18869  249.80062     70.456 -9.990e-29
   39.84250  -72.91262     43.933     43.593    15.5460    33.0554      7.870     0.1357 4.5660e-01  1024.5478    15.5393    24.3552     5.7636    175.823    8.18851  249.79558     70.387 -9.990e-29
   39.84250  -72.91262     43.933     43.593    15.5409    33.0534      7.870     0.1357 4.5790e-01  1024.5496    15.5342    24.3548     5.7626    175.794    8.18856  249.79802     70.374 -9.990e-29
   39.84250  -72.91262     43.954     43.613    15.5354    33.0485      7.870     0.1357 4.5660e-01  1024.5489    15.5287    24.3523     5.7613    175.754    8.18879  249.80590     70.356 -9.990e-29
   39.84250  -72.91262     43.975     43.634    15.5299    33.0396      7.870     0.1357 4.5531e-01  1024.5392    15.5233    24.3468     5.7558    175.586    8.18914  249.81689     70.286 -9.990e-29
   39.84250  -72.91262     43.975     43.634    15.5210    33.0319      7.870     0.1357 4.5660e-01  1024.5334    15.5143    24.3428     5.7548    175.555    8.18939  249.82414     70.271 -9.990e-29
   39.84250  -72.91262     43.984     43.643    15.5095    33.0285      7.870     0.1357 4.5531e-01  1024.5363    15.5028    24.3424     5.7538    175.523    8.18938  249.82290     70.259 -9.990e-29
   39.84250  -72.91262     44.005     43.664    15.4998    33.0264      7.870     0.1357 4.5531e-01  1024.5378    15.4932    24.3430     5.7527    175.488    8.18906  249.81148     70.248 -9.990e-29
   39.84250  -72.91262     44.026     43.684    15.4897    33.0264      7.870     0.1357 4.5570e-01  1024.5366    15.4830    24.3429     5.7466    175.303    8.18857  249.79547     70.179 -9.990e-29
   39.84250  -72.91262     44.035     43.694    15.4791    33.0264      7.870     0.1357 4.5570e-01  1024.5350    15.4724    24.3445     5.7501    175.409    8.18797  249.77713     70.226 -9.990e-29
   39.84250  -72.91262     44.035     43.694    15.4675    33.0274      7.870     0.1357 4.5441e-01  1024.5425    15.4608    24.3507     5.7494    175.388    8.18751  249.76387     70.221 -9.990e-29
   39.84250  -72.91262     44.056     43.715    15.4573    33.0379      7.870     0.1357 4.5441e-01  1024.5552    15.4506    24.3609     5.7441    175.227    8.18741  249.76211     70.158 -9.990e-29
   39.84250  -72.91262     44.066     43.724    15.4503    33.0486      7.870     0.1357 4.5441e-01  1024.5678    15.4437    24.3707     5.7392    175.080    8.18765  249.77070     70.096 -9.990e-29
   39.84250  -72.91262     44.109     43.767    15.4468    33.0507      7.870     0.1357 4.5441e-01  1024.5738    15.4401    24.3761     5.7437    175.216    8.18816  249.78765     70.146 -9.990e-29
   39.84250  -72.91262     44.107     43.765    15.4456    33.0507      7.870     0.1357 4.5312e-01  1024.5720    15.4389    24.3766     5.7441    175.229    8.18899  249.81500     70.144 -9.990e-29
   39.84250  -72.91262     44.117     43.775    15.4432    33.0507      7.870     0.1357 4.5312e-01  1024.5696    15.4365    24.3743     5.7398    175.101    8.19009  249.84979     70.083 -9.990e-29
   39.84250  -72.91262     44.138     43.795    15.4399    33.0449      7.870     0.1357 4.5312e-01  1024.5657    15.4332    24.3705     5.7353    174.962    8.19119  249.88265     70.018 -9.990e-29
   39.84250  -72.91262     44.158     43.816    15.4355    33.0376      7.870     0.1357 4.5184e-01  1024.5606    15.4288    24.3660     5.7353    174.961    8.19209  249.90850     70.010 -9.990e-29
   39.84250  -72.91262     44.168     43.825    15.4294    33.0294      7.866     0.1357 4.5184e-01  1024.5561    15.4227    24.3610     5.7402    175.109    8.19260  249.92204     70.066 -9.990e-29
   39.84250  -72.91262     44.189     43.846    15.4221    33.0210      7.866     0.1357 4.5056e-01  1024.5502    15.4154    24.3562     5.7357    174.971    8.19286  249.92861     70.008 -9.990e-29
   39.84250  -72.91262     44.198     43.856    15.4132    33.0143      7.866     0.1357 4.5056e-01  1024.5458    15.4065    24.3530     5.7302    174.803    8.19295  249.93081     69.940 -9.990e-29
   39.84250  -72.91262     44.219     43.876    15.4025    33.0143      7.866     0.1357 4.5056e-01  1024.5462    15.3958    24.3530     5.7293    174.776    8.19295  249.93040     69.930 -9.990e-29
   39.84250  -72.91262     44.230     43.887    15.3910    33.0143      7.866     0.1222 4.5056e-01  1024.5502    15.3843    24.3563     5.7287    174.757    8.19302  249.93235     69.922 -9.990e-29
   39.84250  -72.91262     44.249     43.906    15.3799    33.0167      7.866     0.1222 4.4929e-01  1024.5563    15.3732    24.3618     5.7283    174.744    8.19306  249.93381     69.916 -9.990e-29
   39.84250  -72.91262     44.270     43.927    15.3703    33.0223      7.866     0.1222 4.4929e-01  1024.5639    15.3636    24.3683     5.7230    174.584    8.19298  249.93113     69.853 -9.990e-29
   39.84250  -72.91262     44.281     43.938    15.3617    33.0271      7.866     0.1222 4.4802e-01  1024.5707    15.3550    24.3738     5.7274    174.718    8.19290  249.92831     69.907 -9.990e-29
   39.84250  -72.91262     44.291     43.947    15.3553    33.0300      7.866     0.1222 4.4675e-01  1024.5729    15.3486    24.3777     5.7220    174.552    8.19272  249.92248     69.843 -9.990e-29
   39.84250  -72.91262     44.313     43.969    15.3481    33.0320      7.861     0.1222 4.4675e-01  1024.5764    15.3414    24.3807     5.7213    174.532    8.19266  249.92017     69.835 -9.990e-29
   39.84250  -72.91262     44.321     43.977    15.3418    33.0331      7.866     0.1222 4.4675e-01  1024.5792    15.3351    24.3830     5.7209    174.517    8.19254  249.91655     69.830 -9.990e-29
   39.84250  -72.91262     44.331     43.987    15.3358    33.0331      7.866     0.1088 4.4549e-01  1024.5800    15.3291    24.3842     5.7155    174.354    8.19230  249.90926     69.767 -9.990e-29
   39.84250  -72.91262     44.362     44.018    15.3302    33.0332      7.861     0.1222 4.4549e-01  1024.5799    15.3235    24.3854     5.7199    174.488    8.19212  249.90374     69.822 -9.990e-29
   39.84250  -72.91262     44.362     44.018    15.3242    33.0359      7.861     0.1222 4.4422e-01  1024.5821    15.3175    24.3888     5.7150    174.337    8.19180  249.89355     69.764 -9.990e-29
   39.84250  -72.91262     44.382     44.038    15.3184    33.0417      7.861     0.1088 4.4422e-01  1024.5919    15.3117    24.3945     5.7141    174.309    8.19130  249.87801     69.758 -9.990e-29
   39.84250  -72.91262     44.393     44.049    15.3152    33.0463      7.861     0.1222 4.4422e-01  1024.5964    15.3085    24.3988     5.7133    174.285    8.19067  249.85812     69.754 -9.990e-29
   39.84250  -72.91262     44.402     44.058    15.3135    33.0486      7.861     0.1222 4.4422e-01  1024.5957    15.3068    24.4011     5.7122    174.249    8.18928  249.81302     69.752 -9.990e-29
   39.84250  -72.91262     44.413     44.069    15.3109    33.0513      7.861     0.1222 4.4259e-01  1024.5996    15.3042    24.4035     5.7053    174.038    8.18646  249.72597     69.692 -9.990e-29
   39.84250  -72.91262     44.433     44.088    15.3102    33.0542      7.861     0.1222 4.4134e-01  1024.6026    15.3036    24.4060     5.7079    174.118    8.18334  249.63213     69.750 -9.990e-29
   39.84250  -72.91262     44.444     44.099    15.3101    33.0542      7.861     0.1222 4.4134e-01  1024.6042    15.3034    24.4075     5.7016    173.928    8.18072  249.55408     69.695 -9.990e-29
   39.84250  -72.91262     44.445     44.101    15.3101    33.0542      7.861     0.1222 4.4009e-01  1024.6045    15.3034    24.4076     5.6998    173.875    8.17864  249.49201     69.692 -9.990e-29
   39.84250  -72.91262     44.465     44.120    15.3099    33.0530      7.861     0.1222 4.4009e-01  1024.6040    15.3032    24.4053     5.6985    173.836    8.17688  249.43914     69.691 -9.990e-29
   39.84250  -72.91262     44.474     44.129    15.3102    33.0437      7.861     0.1222 4.4009e-01  1024.5980    15.3036    24.3982     5.6974    173.801    8.17503  249.38280     69.692 -9.990e-29
   39.84250  -72.91262     44.474     44.129    15.3092    33.0293      7.861     0.1088 4.3884e-01  1024.5812    15.3025    24.3875     5.6963    173.768    8.17299  249.32087     69.697 -9.990e-29
   39.84248  -72.91264     44.495     44.150    15.3039    33.0236      7.861     0.1222 4.3760e-01  1024.5710    15.2973    24.3801     5.6906    173.596    8.17115  249.26561     69.643 -9.990e-29
   39.84248  -72.91264     44.495     44.150    15.2952    33.0236      7.862     0.1222 4.3760e-01  1024.5738    15.2885    24.3808     5.6898    173.570    8.16951  249.21656     69.646 -9.990e-29
   39.84248  -72.91264     44.505     44.159    15.2864    33.0236      7.862     0.1222 4.3760e-01  1024.5832    15.2797    24.3877     5.6885    173.532    8.16769  249.16186     69.646 -9.990e-29
   39.84248  -72.91264     44.505     44.159    15.2787    33.0336      7.857     0.1222 4.3636e-01  1024.5929    15.2720    24.3970     5.6826    173.354    8.16613  249.11505     69.588 -9.990e-29
   39.84248  -72.91264     44.525     44.180    15.2731    33.0444      7.857     0.1222 4.3636e-01  1024.6039    15.2664    24.4064     5.6816    173.324    8.16481  249.07514     69.587 -9.990e-29
   39.84248  -72.91264     44.525     44.180    15.2697    33.0526      7.862     0.1222 4.3513e-01  1024.6128    15.2630    24.4133     5.6858    173.451    8.16343  249.03331     69.650 -9.990e-29
   39.84248  -72.91264     44.527     44.181    15.2703    33.0526      7.857     0.1357 4.3389e-01  1024.6142    15.2637    24.4158     5.6808    173.300    8.16212  248.99364     69.600 -9.990e-29
   39.84248  -72.91264     44.525     44.180    15.2724    33.0526      7.857     0.1357 4.3352e-01  1024.6115    15.2657    24.4146     5.6807    173.295    8.16101  248.96008     69.608 -9.990e-29
   39.84248  -72.91264     44.546     44.200    15.2732    33.0512      7.857     0.1357 4.3352e-01  1024.6085    15.2666    24.4121     5.6802    173.281    8.15985  248.92516     69.612 -9.990e-29
   39.84248  -72.91264     44.535     44.190    15.2731    33.0480      7.857     0.1357 4.3267e-01  1024.6053    15.2664    24.4096     5.6752    173.128    8.15901  248.90035     69.557 -9.990e-29
   39.84248  -72.91264     44.546     44.200    15.2718    33.0480      7.857     0.1357 4.3267e-01  1024.6036    15.2651    24.4085     5.6797    173.266    8.15803  248.86982     69.621 -9.990e-29
   39.84248  -72.91264     44.546     44.200    15.2700    33.0480      7.857     0.1357 4.3181e-01  1024.6046    15.2633    24.4097     5.6739    173.088    8.15616  248.81164     69.566 -9.990e-29
   39.84248  -72.91264     44.546     44.200    15.2683    33.0520      7.857     0.1357 4.3181e-01  1024.6093    15.2616    24.4135     5.6724    173.040    8.15375  248.73731     69.567 -9.990e-29
   39.84248  -72.91264     44.546     44.200    15.2678    33.0582      7.857     0.1357 4.3059e-01  1024.6156    15.2611    24.4183     5.6712    173.004    8.15153  248.67069     69.572 -9.990e-29
   39.84248  -72.91264     44.556     44.210    15.2690    33.0616      7.857     0.1357 4.3059e-01  1024.6199    15.2623    24.4217     5.6706    172.989    8.14992  248.62339     69.579 -9.990e-29
   39.84248  -72.91264     44.546     44.200    15.2721    33.0616      7.857     0.1357 4.3059e-01  1024.6207    15.2654    24.4222     5.6700    172.971    8.14871  248.58721     69.582 -9.990e-29
   39.84248  -72.91264     44.546     44.200    15.2761    33.0616      7.857     0.1357 4.3059e-01  1024.6167    15.2695    24.4194     5.6654    172.832    8.14782  248.56112     69.533 -9.990e-29
   39.84248  -72.91264     44.546     44.200    15.2787    33.0563      7.857     0.1357 4.3059e-01  1024.6113    15.2720    24.4149     5.6707    172.993    8.14724  248.54499     69.602 -9.990e-29
   39.84248  -72.91264     44.546     44.200    15.2792    33.0497      7.857     0.1357 4.2937e-01  1024.6063    15.2725    24.4096     5.6714    173.016    8.14698  248.53783     69.614 -9.990e-29
   39.84248  -72.91264     44.546     44.200    15.2782    33.0420      7.857     0.1357 4.2937e-01  1024.6011    15.2715    24.4039     5.6668    172.876    8.14667  248.52882     69.560 -9.990e-29
