CalculateIndicators/WaterTemperature/Data/CTD_NYOS/20230515_C03.cnv
* Sea-Bird SBE 9 Data File:
* FileName = C:\Seabird 9 CTD\Data\2023\202305_offshore\20230515_C03.hex
* Software Version Seasave V 7.23.2
* Temperature SN = 4590
* Conductivity SN = 3228
* Number of Bytes Per Scan = 44
* Number of Voltage Words = 5
* Number of Scans Averaged by the Deck Unit = 1
* NMEA Latitude = 40 17.89 N
* NMEA Longitude = 073 13.30 W
* NMEA UTC (Time) = May 15 2023  12:19:49
* NMEA baud rate = 4800
** Ship: Seawolf
** Station: 8.2
** Operator: TCM
# nquan = 18
# nvalues = 10901                       
# units = specified
# name 0 = latitude: Latitude [deg]
# name 1 = longitude: Longitude [deg]
# name 2 = prDM: Pressure, Digiquartz [db]
# name 3 = depSM: Depth [salt water, m]
# name 4 = t090C: Temperature [ITS-90, deg C]
# name 5 = sal00: Salinity, Practical [PSU]
# name 6 = ph: pH
# name 7 = flECO-AFL: Fluorescence, WET Labs ECO-AFL/FL [mg/m^3]
# name 8 = cpar: CPAR/Corrected Irradiance [%]
# name 9 = density00: Density [density, kg/m^3]
# name 10 = potemp090C: Potential Temperature [ITS-90, deg C]
# name 11 = sigma-é00: Density [sigma-theta, kg/m^3]
# name 12 = sbeox0Mg/L: Oxygen, SBE 43 [mg/l]
# name 13 = sbox0Mm/Kg: Oxygen, SBE 43 [umol/kg]
# name 14 = oxsolMg/L: Oxygen Saturation, Garcia & Gordon [mg/l]
# name 15 = oxsolMm/Kg: Oxygen Saturation, Garcia & Gordon [umol/kg]
# name 16 = sbeox0PS: Oxygen, SBE 43 [% saturation]
# name 17 = flag:  0.000e+00
# span 0 =   40.29692,   40.29818       
# span 1 =  -73.22186,  -73.22166       
# span 2 =      2.105,     32.728       
# span 3 =      2.089,     32.474       
# span 4 =     7.0899,    13.8549       
# span 5 =    30.8702,    32.5234       
# span 6 =      7.791,      8.039       
# span 7 =     0.1088,     1.9220       
# span 8 = 8.0626e-02, 3.5556e+01       
# span 9 =  1023.0399,  1025.5784       
# span 10 =     7.0870,    13.8545      
# span 11 =    23.0293,    25.4295      
# span 12 =     8.0131,     9.5978      
# span 13 =    244.279,    292.696      
# span 14 =    8.54018,    9.78861      
# span 15 =  260.87641,  298.31321      
# span 16 =     82.643,    106.187      
# span 17 = 0.0000e+00, 0.0000e+00      
# interval = seconds: 0.0416667
# start_time = May 15 2023 12:19:51 [System UTC, first data scan.]
# bad_flag = -9.990e-29
*END*
[from data line 6915]
   40.29748  -73.22184     10.099     10.021    13.6465    30.8936      8.007     0.6729 2.8512e+00  1023.1324    13.6452    23.0874     9.0301    275.829    8.56651  261.66900    105.411 -9.990e-29
   40.29748  -73.22184     10.090     10.012    13.6472    30.8929      8.012     0.6729 2.8461e+00  1023.1316    13.6458    23.0867     9.0282    275.772    8.56602  261.65469    105.395 -9.990e-29
   40.29748  -73.22184     10.090     10.012    13.6479    30.8923      8.007     0.6729 2.8461e+00  1023.1311    13.6465    23.0861     9.0270    275.737    8.56571  261.64549    105.386 -9.990e-29
   40.29748  -73.22184     10.079     10.001    13.6480    30.8916      8.007     0.6729 2.8461e+00  1023.1306    13.6467    23.0855     9.0261    275.710    8.56566  261.64427    105.376 -9.990e-29
   40.29748  -73.22184     10.069      9.991    13.6478    30.8907      8.012     0.6729 2.8542e+00  1023.1296    13.6464    23.0851     9.0253    275.686    8.56568  261.64515    105.366 -9.990e-29
   40.29748  -73.22184     10.048      9.971    13.6450    30.8900      8.007     0.6595 2.8522e+00  1023.1296    13.6436    23.0850     9.0245    275.659    8.56567  261.64493    105.356 -9.990e-29
   40.29748  -73.22184     10.048      9.971    13.6409    30.8896      8.012     0.6595 2.8552e+00  1023.1299    13.6396    23.0854     9.0288    275.792    8.56570  261.64612    105.407 -9.990e-29
   40.29748  -73.22184     10.048      9.971    13.6366    30.8896      8.012     0.6595 2.8552e+00  1023.1311    13.6352    23.0862     9.0243    275.655    8.56613  261.65993    105.349 -9.990e-29
   40.29748  -73.22184     10.028      9.950    13.6337    30.8896      8.012     0.6595 2.8522e+00  1023.1319    13.6324    23.0867     9.0301    275.834    8.56698  261.68617    105.406 -9.990e-29
   40.29748  -73.22184     10.018      9.941    13.6317    30.8890      8.012     0.6595 2.8522e+00  1023.1315    13.6303    23.0867     9.0261    275.710    8.56786  261.71280    105.348 -9.990e-29
   40.29748  -73.22184     10.009      9.931    13.6295    30.8882      8.007     0.6595 2.8602e+00  1023.1309    13.6281    23.0866     9.0264    275.720    8.56849  261.73132    105.345 -9.990e-29
   40.29748  -73.22184      9.998      9.920    13.6268    30.8877      8.012     0.6595 2.8633e+00  1023.1314    13.6254    23.0868     9.0264    275.718    8.56879  261.73957    105.341 -9.990e-29
   40.29748  -73.22184      9.988      9.911    13.6233    30.8877      8.007     0.6595 2.8825e+00  1023.1313    13.6219    23.0872     9.0261    275.709    8.56886  261.74098    105.337 -9.990e-29
   40.29748  -73.22184      9.988      9.911    13.6173    30.8877      8.007     0.6595 2.8794e+00  1023.1323    13.6159    23.0886     9.0310    275.856    8.56882  261.73956    105.393 -9.990e-29
   40.29748  -73.22184      9.967      9.890    13.6105    30.8891      8.012     0.6595 2.8876e+00  1023.1356    13.6091    23.0908     9.0311    275.859    8.56872  261.73649    105.396 -9.990e-29
   40.29748  -73.22184      9.962      9.885    13.6056    30.8903      8.007     0.6460 2.9172e+00  1023.1381    13.6042    23.0927     9.0319    275.884    8.56876  261.73791    105.405 0.0000e+00
   40.29748  -73.22184      9.947      9.870    13.6037    30.8905      8.007     0.6595 2.9254e+00  1023.1377    13.6024    23.0934     9.0322    275.893    8.56888  261.74174    105.407 -9.990e-29
   40.29748  -73.22184      9.947      9.870    13.6022    30.8907      8.007     0.6595 2.9254e+00  1023.1380    13.6009    23.0939     9.0325    275.903    8.56905  261.74691    105.408 -9.990e-29
   40.29748  -73.22184      9.947      9.870    13.6000    30.8907      8.012     0.6595 2.9450e+00  1023.1394    13.5987    23.0946     9.0335    275.933    8.56927  261.75325    105.417 -9.990e-29
   40.29748  -73.22184      9.927      9.851    13.5984    30.8909      8.012     0.6595 2.9533e+00  1023.1395    13.5970    23.0948     9.0343    275.956    8.56930  261.75414    105.426 -9.990e-29
   40.29748  -73.22184      9.927      9.851    13.5978    30.8909      8.012     0.6595 2.9533e+00  1023.1383    13.5965    23.0947     9.0344    275.961    8.56935  261.75536    105.427 -9.990e-29
   40.29748  -73.22184      9.916      9.840    13.5957    30.8909      8.012     0.6595 2.9952e+00  1023.1391    13.5943    23.0954     9.0351    275.981    8.56931  261.75415    105.435 -9.990e-29
   40.29748  -73.22184      9.927      9.851    13.5928    30.8923      8.012     0.6595 3.0206e+00  1023.1414    13.5914    23.0969     9.0358    276.003    8.56932  261.75436    105.443 -9.990e-29
   40.29748  -73.22184      9.916      9.840    13.5913    30.8943      8.012     0.6595 3.0238e+00  1023.1425    13.5899    23.0988     9.0418    276.187    8.56939  261.75666    105.513 0.0000e+00
   40.29748  -73.22184      9.907      9.830    13.5900    30.8970      8.012     0.6595 3.0323e+00  1023.1450    13.5886    23.1011     9.0431    276.227    8.56946  261.75869    105.527 -9.990e-29
   40.29748  -73.22184      9.916      9.840    13.5900    30.9004      8.012     0.6595 3.0462e+00  1023.1484    13.5887    23.1038     9.0445    276.269    8.56958  261.76222    105.542 -9.990e-29
   40.29748  -73.22184      9.907      9.830    13.5906    30.9029      8.012     0.6595 3.0462e+00  1023.1509    13.5893    23.1056     9.0406    276.150    8.56971  261.76638    105.495 -9.990e-29
   40.29748  -73.22184      9.916      9.840    13.5908    30.9033      8.012     0.6595 3.0206e+00  1023.1511    13.5894    23.1058     9.0466    276.334    8.56985  261.77071    105.563 -9.990e-29
   40.29748  -73.22184      9.916      9.840    13.5914    30.9033      8.012     0.6595 2.9836e+00  1023.1474    13.5900    23.1058     9.0480    276.377    8.57004  261.77644    105.577 -9.990e-29
   40.29748  -73.22184      9.916      9.840    13.5913    30.9074      8.012     0.6729 2.9784e+00  1023.1508    13.5899    23.1086     9.0441    276.258    8.57020  261.78122    105.530 -9.990e-29
   40.29748  -73.22184      9.916      9.840    13.5951    30.9164      8.012     0.6729 2.9648e+00  1023.1588    13.5938    23.1147     9.0449    276.282    8.57042  261.78760    105.537 -9.990e-29
   40.29748  -73.22184      9.927      9.851    13.6031    30.9251      8.012     0.6729 2.9347e+00  1023.1680    13.6017    23.1203     9.0457    276.306    8.57059  261.79294    105.544 -9.990e-29
   40.29748  -73.22184      9.927      9.851    13.6169    30.9251      8.012     0.6729 2.9378e+00  1023.1694    13.6155    23.1208     9.0518    276.492    8.57085  261.80095    105.611 -9.990e-29
   40.29748  -73.22184      9.927      9.851    13.6332    30.9251      8.007     0.6729 2.9265e+00  1023.1604    13.6319    23.1146     9.0527    276.520    8.57122  261.81269    105.618 -9.990e-29
   40.29748  -73.22184      9.947      9.870    13.6457    30.9162      8.012     0.6729 2.9100e+00  1023.1487    13.6444    23.1054     9.0536    276.548    8.57159  261.82423    105.624 -9.990e-29
   40.29748  -73.22184      9.947      9.870    13.6529    30.9075      8.012     0.6729 2.9049e+00  1023.1400    13.6516    23.0971     9.0544    276.571    8.57189  261.83304    105.629 -9.990e-29
   40.29748  -73.22184      9.947      9.870    13.6573    30.9015      8.012     0.6729 2.8968e+00  1023.1340    13.6559    23.0914     9.0497    276.427    8.57203  261.83697    105.572 -9.990e-29
   40.29748  -73.22184      9.967      9.890    13.6598    30.8986      8.007     0.6729 2.8836e+00  1023.1321    13.6585    23.0886     9.0495    276.422    8.57211  261.83917    105.570 -9.990e-29
   40.29748  -73.22184      9.971      9.895    13.6620    30.8984      8.012     0.6729 2.8785e+00  1023.1318    13.6607    23.0875     9.0496    276.425    8.57242  261.84827    105.567 -9.990e-29
   40.29748  -73.22184      9.967      9.890    13.6647    30.8984      8.012     0.6729 2.8785e+00  1023.1313    13.6634    23.0871     9.0491    276.408    8.57271  261.85692    105.557 -9.990e-29
   40.29748  -73.22184      9.988      9.911    13.6673    30.8984      8.012     0.6729 2.8574e+00  1023.1314    13.6659    23.0869     9.0488    276.399    8.57276  261.85846    105.553 -9.990e-29
   40.29748  -73.22184      9.998      9.920    13.6696    30.8991      8.012     0.6729 2.8524e+00  1023.1313    13.6683    23.0869     9.0537    276.549    8.57276  261.85835    105.610 -9.990e-29
   40.29748  -73.22184      9.998      9.920    13.6723    30.9004      8.012     0.6729 2.8524e+00  1023.1315    13.6709    23.0874     9.0486    276.394    8.57274  261.85801    105.551 -9.990e-29
   40.29748  -73.22184     10.028      9.950    13.6750    30.9017      8.012     0.6729 2.8444e+00  1023.1335    13.6736    23.0881     9.0528    276.523    8.57275  261.85842    105.600 -9.990e-29
   40.29748  -73.22184     10.018      9.941    13.6797    30.9017      8.012     0.6729 2.8413e+00  1023.1338    13.6784    23.0879     9.0478    276.369    8.57284  261.86138    105.540 -9.990e-29
   40.29748  -73.22184     10.028      9.950    13.6856    30.9017      8.012     0.6729 2.8383e+00  1023.1314    13.6843    23.0858     9.0475    276.361    8.57307  261.86869    105.534 -9.990e-29
   40.29748  -73.22184     10.048      9.971    13.6917    30.8986      8.012     0.6729 2.8303e+00  1023.1269    13.6904    23.0824     9.0526    276.515    8.57339  261.87817    105.589 -9.990e-29
   40.29748  -73.22184     10.048      9.971    13.6958    30.8954      8.012     0.6729 2.8303e+00  1023.1233    13.6944    23.0790     9.0475    276.360    8.57353  261.88273    105.528 -9.990e-29
   40.29748  -73.22184     10.058      9.980    13.6988    30.8927      8.012     0.6729 2.8303e+00  1023.1210    13.6974    23.0762     9.0469    276.340    8.57351  261.88175    105.521 -9.990e-29
   40.29748  -73.22184     10.069      9.991    13.7023    30.8905      8.012     0.6729 2.8224e+00  1023.1184    13.7010    23.0739     9.0515    276.482    8.57352  261.88188    105.575 -9.990e-29
   40.29748  -73.22184     10.079     10.001    13.7047    30.8888      8.012     0.6729 2.8193e+00  1023.1166    13.7033    23.0721     9.0513    276.474    8.57341  261.87805    105.574 -9.990e-29
   40.29748  -73.22184     10.069      9.991    13.7052    30.8875      8.012     0.6729 2.8224e+00  1023.1158    13.7038    23.0710     9.0509    276.462    8.57319  261.87050    105.572 -9.990e-29
   40.29748  -73.22184     10.090     10.012    13.7054    30.8866      8.012     0.6729 2.8273e+00  1023.1151    13.7040    23.0702     9.0449    276.280    8.57271  261.85643    105.508 -9.990e-29
   40.29748  -73.22184     10.099     10.021    13.7056    30.8856      8.012     0.6729 2.8243e+00  1023.1148    13.7042    23.0694     9.0438    276.247    8.57242  261.84810    105.499 -9.990e-29
   40.29748  -73.22184     10.099     10.021    13.7059    30.8837      8.012     0.6729 2.8353e+00  1023.1135    13.7045    23.0680     9.0429    276.218    8.57232  261.84559    105.489 -9.990e-29
   40.29748  -73.22184     10.109     10.031    13.7047    30.8810      8.012     0.6729 2.8433e+00  1023.1106    13.7033    23.0662     9.0428    276.217    8.57250  261.85119    105.486 -9.990e-29
   40.29748  -73.22184     10.109     10.031    13.7007    30.8810      8.012     0.6729 2.8563e+00  1023.1094    13.6993    23.0655     9.0422    276.198    8.57271  261.85690    105.477 -9.990e-29
   40.29748  -73.22184     10.109     10.031    13.6954    30.8810      8.012     0.6729 2.8552e+00  1023.1110    13.6940    23.0666     9.0418    276.184    8.57254  261.85081    105.474 -9.990e-29
   40.29748  -73.22184     10.109     10.031    13.6910    30.8817      8.012     0.6729 2.8492e+00  1023.1139    13.6897    23.0691     9.0459    276.310    8.57235  261.84424    105.524 -9.990e-29
   40.29748  -73.22184     10.120     10.042    13.6882    30.8846      8.012     0.6729 2.8784e+00  1023.1175    13.6868    23.0719     9.0455    276.296    8.57224  261.84115    105.521 -9.990e-29
   40.29748  -73.22184     10.120     10.042    13.6870    30.8871      8.012     0.6729 2.8946e+00  1023.1198    13.6856    23.0742     9.0447    276.272    8.57187  261.82946    105.516 -9.990e-29
   40.29748  -73.22184     10.109     10.031    13.6867    30.8885      8.012     0.6729 2.8916e+00  1023.1211    13.6853    23.0755     9.0432    276.225    8.57090  261.79866    105.510 -9.990e-29
   40.29748  -73.22184     10.120     10.042    13.6872    30.8885      8.012     0.6729 2.9161e+00  1023.1212    13.6858    23.0758     9.0420    276.188    8.56968  261.76121    105.511 -9.990e-29
   40.29748  -73.22184     10.120     10.042    13.6872    30.8885      8.012     0.6729 2.9274e+00  1023.1206    13.6858    23.0753     9.0411    276.161    8.56878  261.73513    105.512 -9.990e-29
   40.29728  -73.22184     10.109     10.031    13.6870    30.8884      8.012     0.6729 2.9357e+00  1023.1194    13.6856    23.0749     9.0405    276.146    8.56823  261.71925    105.512 -9.990e-29
   40.29728  -73.22184     10.109     10.031    13.6860    30.8884      8.012     0.6729 2.9408e+00  1023.1197    13.6846    23.0750     9.0401    276.134    8.56781  261.70696    105.513 -9.990e-29
   40.29728  -73.22184     10.109     10.031    13.6845    30.8884      8.012     0.6729 2.9460e+00  1023.1207    13.6831    23.0757     9.0397    276.123    8.56745  261.69702    105.513 -9.990e-29
   40.29728  -73.22184     10.109     10.031    13.6839    30.8892      8.012     0.6729 2.9429e+00  1023.1216    13.6826    23.0765     9.0396    276.120    8.56735  261.69415    105.513 -9.990e-29
   40.29728  -73.22184     10.099     10.021    13.6834    30.8899      8.012     0.6729 2.9481e+00  1023.1223    13.6821    23.0770     9.0342    275.955    8.56720  261.68981    105.451 -9.990e-29
   40.29728  -73.22184     10.099     10.021    13.6836    30.8901      8.012     0.6729 2.9648e+00  1023.1224    13.6822    23.0773     9.0387    276.091    8.56701  261.68378    105.505 -9.990e-29
   40.29728  -73.22184     10.090     10.012    13.6836    30.8901      8.012     0.6729 2.9616e+00  1023.1223    13.6822    23.0773     9.0384    276.083    8.56683  261.67818    105.505 -9.990e-29
   40.29728  -73.22184     10.079     10.001    13.6833    30.8901      8.012     0.6729 2.9669e+00  1023.1221    13.6819    23.0773     9.0382    276.076    8.56667  261.67372    105.504 -9.990e-29
   40.29728  -73.22184     10.069      9.991    13.6828    30.8901      8.012     0.6729 2.9920e+00  1023.1224    13.6814    23.0775     9.0386    276.090    8.56661  261.67206    105.510 -9.990e-29
   40.29728  -73.22184     10.069      9.991    13.6821    30.8901      8.012     0.6729 3.0036e+00  1023.1226    13.6807    23.0776     9.0391    276.105    8.56659  261.67153    105.516 -9.990e-29
   40.29728  -73.22184     10.048      9.971    13.6814    30.8898      8.012     0.6729 3.0206e+00  1023.1224    13.6800    23.0774     9.0394    276.113    8.56636  261.66392    105.522 -9.990e-29
   40.29728  -73.22184     10.048      9.971    13.6809    30.8897      8.012     0.6729 3.0516e+00  1023.1217    13.6796    23.0773     9.0388    276.096    8.56593  261.65033    105.521 -9.990e-29
   40.29728  -73.22184     10.039      9.961    13.6797    30.8897      8.012     0.6729 3.0516e+00  1023.1222    13.6784    23.0774     9.0388    276.096    8.56550  261.63719    105.526 -9.990e-29
   40.29728  -73.22184     10.032      9.955    13.6787    30.8897      8.012     0.6729 3.0634e+00  1023.1226    13.6774    23.0778     9.0390    276.102    8.56519  261.62855    105.532 -9.990e-29
   40.29728  -73.22184     10.018      9.941    13.6774    30.8897      8.012     0.6863 3.0981e+00  1023.1232    13.6760    23.0783     9.0387    276.092    8.56502  261.62373    105.530 -9.990e-29
