CalculateIndicators/WaterTemperature/Data/CTD_NYOS/20231003_C02.cnv
* Sea-Bird SBE 9 Data File:
* FileName = C:\Seabird 9 CTD\Data\2023\202309_offshore\20231003_C02.hex
* Software Version Seasave V 7.23.2
* Temperature SN = 4590
* Conductivity SN = 3228
* Number of Bytes Per Scan = 44
* Number of Voltage Words = 5
* Number of Scans Averaged by the Deck Unit = 1
* NMEA Latitude = 40 34.19 N
* NMEA Longitude = 073 24.30 W
* NMEA UTC (Time) = Oct 03 2023  06:38:05
* NMEA baud rate = 4800
** Ship: seawolf
** Station: 8.1
** Operator: SW
# nquan = 18
# nvalues = 7107                        
# units = specified
# name 0 = latitude: Latitude [deg]
# name 1 = longitude: Longitude [deg]
# name 2 = prDM: Pressure, Digiquartz [db]
# name 3 = depSM: Depth [salt water, m]
# name 4 = t090C: Temperature [ITS-90, deg C]
# name 5 = sal00: Salinity, Practical [PSU]
# name 6 = ph: pH
# name 7 = flECO-AFL: Fluorescence, WET Labs ECO-AFL/FL [mg/m^3]
# name 8 = cpar: CPAR/Corrected Irradiance [%]
# name 9 = density00: Density [density, kg/m^3]
# name 10 = potemp090C: Potential Temperature [ITS-90, deg C]
# name 11 = sigma-é00: Density [sigma-theta, kg/m^3]
# name 12 = sbeox0Mg/L: Oxygen, SBE 43 [mg/l]
# name 13 = sbox0Mm/Kg: Oxygen, SBE 43 [umol/kg]
# name 14 = oxsolMg/L: Oxygen Saturation, Garcia & Gordon [mg/l]
# name 15 = oxsolMm/Kg: Oxygen Saturation, Garcia & Gordon [umol/kg]
# name 16 = sbeox0PS: Oxygen, SBE 43 [% saturation]
# name 17 = flag:  0.000e+00
# span 0 =   40.56976,   40.56992       
# span 1 =  -73.40510,  -73.40460       
# span 2 =      1.621,     14.149       
# span 3 =      1.608,     14.040       
# span 4 =    18.0134,    18.4338       
# span 5 =    30.4500,    30.8234       
# span 6 =      7.816,      7.907       
# span 7 =     0.9684,     1.5728       
# span 8 = 5.0640e-11, 9.9999e+04       
# span 9 =  1021.7012,  1022.1183       
# span 10 =    18.0120,    18.4334      
# span 11 =    21.6912,    22.0564      
# span 12 =     6.8621,     8.2413      
# span 13 =    209.821,    252.072      
# span 14 =    7.82272,    7.88217      
# span 15 =  239.27092,  241.05551      
# span 16 =     87.298,    105.320      
# span 17 = 0.0000e+00, 0.0000e+00      
# interval = seconds: 0.0416667
# start_time = Oct 03 2023 06:38:07 [System UTC, first data scan.]
# bad_flag = -9.990e-29
*END*
[from data line 4503]
   40.56988  -73.40488      2.310      2.293    18.3526    30.4772 -9.990e-29     1.3982 5.0640e-11  1021.7373    18.3522    21.7268     8.1099    248.046    7.83663  239.68828    103.487 -9.990e-29
   40.56988  -73.40488      2.321      2.304    18.3523    30.4766 -9.990e-29     1.3982 5.0640e-11  1021.7368    18.3519    21.7266     8.1100    248.050    7.83666  239.68926    103.488 -9.990e-29
   40.56988  -73.40488      2.331      2.313    18.3518    30.4759 -9.990e-29     1.3847 5.0640e-11  1021.7363    18.3514    21.7262     8.1054    247.909    7.83666  239.68936    103.429 -9.990e-29
   40.56988  -73.40488      2.331      2.313    18.3507    30.4750 -9.990e-29     1.3847 5.0640e-11  1021.7361    18.3503    21.7257     8.1101    248.052    7.83665  239.68932    103.489 -9.990e-29
   40.56988  -73.40488      2.331      2.313    18.3493    30.4740 -9.990e-29     1.3847 -9.990e-29  1021.7354    18.3489    21.7252     8.1059    247.924    7.83670  239.69062    103.435 -9.990e-29
   40.56988  -73.40488      2.352      2.334    18.3481    30.4731 -9.990e-29     1.3847 3.0414e-01  1021.7349    18.3477    21.7249     8.1059    247.924    7.83673  239.69168    103.435 -9.990e-29
   40.56988  -73.40488      2.352      2.334    18.3465    30.4731 -9.990e-29     1.3847 6.9736e-01  1021.7351    18.3462    21.7250     8.1058    247.923    7.83674  239.69170    103.434 -9.990e-29
   40.56988  -73.40488      2.353      2.335    18.3450    30.4731 -9.990e-29     1.3847 -9.990e-29  1021.7354    18.3446    21.7255     8.1058    247.921    7.83674  239.69169    103.433 -9.990e-29
   40.56988  -73.40488      2.361      2.343    18.3433    30.4741 -9.990e-29     1.3847 -9.990e-29  1021.7368    18.3429    21.7268     8.1104    248.063    7.83678  239.69311    103.492 -9.990e-29
   40.56988  -73.40488      2.372      2.354    18.3410    30.4758 -9.990e-29     1.3847 2.4346e-02  1021.7391    18.3406    21.7286     8.1061    247.930    7.83681  239.69400    103.436 -9.990e-29
   40.56988  -73.40488      2.372      2.354    18.3394    30.4775 -9.990e-29     1.3847 5.0640e-11  1021.7412    18.3390    21.7303     8.1106    248.069    7.83683  239.69457    103.494 -9.990e-29
   40.56988  -73.40488      2.372      2.354    18.3381    30.4786 -9.990e-29     1.3847 5.0640e-11  1021.7421    18.3377    21.7314     8.1063    247.936    7.83688  239.69608    103.438 -9.990e-29
   40.56988  -73.40488      2.382      2.364    18.3372    30.4793 -9.990e-29     1.3847 -9.990e-29  1021.7423    18.3368    21.7322     8.1104    248.062    7.83698  239.69907    103.489 -9.990e-29
   40.56988  -73.40488      2.382      2.364    18.3360    30.4806 -9.990e-29     1.3847 -9.990e-29  1021.7433    18.3356    21.7335     8.1153    248.213    7.83705  239.70125    103.551 -9.990e-29
   40.56988  -73.40488      2.383      2.365    18.3349    30.4830 -9.990e-29     1.3847 2.0476e-01  1021.7460    18.3345    21.7355     8.1114    248.093    7.83723  239.70668    103.499 -9.990e-29
   40.56988  -73.40488      2.392      2.373    18.3340    30.4852 -9.990e-29     1.3847 4.9660e-01  1021.7488    18.3336    21.7373     8.1163    248.243    7.83736  239.71076    103.559 -9.990e-29
   40.56988  -73.40488      2.392      2.373    18.3351    30.4856 -9.990e-29     1.3847 4.8352e-01  1021.7490    18.3347    21.7379     8.1123    248.119    7.83749  239.71455    103.506 -9.990e-29
   40.56988  -73.40488      2.392      2.373    18.3377    30.4856 -9.990e-29     1.3847 9.5600e-02  1021.7482    18.3373    21.7374     8.1073    247.967    7.83765  239.71946    103.441 -9.990e-29
   40.56988  -73.40488      2.392      2.373    18.3403    30.4856 -9.990e-29     1.3847 -9.990e-29  1021.7468    18.3399    21.7364     8.1117    248.101    7.83781  239.72425    103.494 -9.990e-29
   40.56988  -73.40488      2.403      2.384    18.3417    30.4846 -9.990e-29     1.3847 5.0640e-11  1021.7460    18.3413    21.7351     8.1118    248.105    7.83798  239.72949    103.494 -9.990e-29
   40.56988  -73.40488      2.403      2.384    18.3436    30.4828 -9.990e-29     1.3847 5.0640e-11  1021.7442    18.3432    21.7334     8.1119    248.107    7.83818  239.73520    103.492 -9.990e-29
   40.56988  -73.40488      2.392      2.373    18.3453    30.4806 -9.990e-29     1.3847 5.0640e-11  1021.7415    18.3449    21.7314     8.1119    248.108    7.83833  239.73963    103.491 -9.990e-29
   40.56988  -73.40488      2.393      2.374    18.3450    30.4789 -9.990e-29     1.3847 5.0640e-11  1021.7398    18.3446    21.7301     8.1073    247.965    7.83849  239.74447    103.429 -9.990e-29
   40.56988  -73.40488      2.403      2.384    18.3436    30.4789 -9.990e-29     1.3847 5.0640e-11  1021.7400    18.3432    21.7299     8.1114    248.093    7.83861  239.74817    103.481 -9.990e-29
   40.56988  -73.40488      2.392      2.373    18.3427    30.4789 -9.990e-29     1.3847 5.0640e-11  1021.7412    18.3423    21.7304     8.1067    247.947    7.83876  239.75286    103.418 -9.990e-29
   40.56988  -73.40488      2.392      2.373    18.3431    30.4793 -9.990e-29     1.3847 5.0640e-11  1021.7416    18.3427    21.7307     8.1109    248.075    7.83893  239.75788    103.469 -9.990e-29
   40.56988  -73.40488      2.392      2.373    18.3438    30.4794 -9.990e-29     1.3713 5.0640e-11  1021.7408    18.3434    21.7307     8.1060    247.925    7.83901  239.75993    103.406 -9.990e-29
   40.56988  -73.40488      2.382      2.364    18.3434    30.4796 -9.990e-29     1.3579 5.0640e-11  1021.7414    18.3430    21.7309     8.1054    247.907    7.83912  239.76312    103.397 -9.990e-29
   40.56988  -73.40488      2.392      2.373    18.3433    30.4802 -9.990e-29     1.3579 5.0640e-11  1021.7418    18.3429    21.7314     8.1098    248.042    7.83916  239.76454    103.452 -9.990e-29
   40.56988  -73.40488      2.382      2.364    18.3433    30.4809 -9.990e-29     1.3579 5.0640e-11  1021.7425    18.3429    21.7320     8.1048    247.891    7.83922  239.76618    103.389 -9.990e-29
   40.56988  -73.40488      2.383      2.365    18.3429    30.4809 -9.990e-29     1.3579 -9.990e-29  1021.7433    18.3425    21.7323     8.1046    247.882    7.83928  239.76790    103.384 -9.990e-29
   40.56988  -73.40488      2.372      2.354    18.3435    30.4809 -9.990e-29     1.3579 5.0640e-11  1021.7423    18.3431    21.7320     8.1043    247.873    7.83932  239.76918    103.380 -9.990e-29
   40.56988  -73.40488      2.382      2.364    18.3431    30.4804 -9.990e-29     1.3713 5.0640e-11  1021.7419    18.3427    21.7317     8.1035    247.850    7.83933  239.76934    103.370 -9.990e-29
   40.56988  -73.40488      2.372      2.354    18.3426    30.4803 -9.990e-29     1.3713 5.0640e-11  1021.7421    18.3422    21.7317     8.0980    247.682    7.83933  239.76942    103.300 -9.990e-29
   40.56988  -73.40488      2.372      2.354    18.3424    30.4803 -9.990e-29     1.3579 1.0759e-01  1021.7422    18.3420    21.7318     8.1015    247.789    7.83937  239.77044    103.344 -9.990e-29
   40.56988  -73.40488      2.352      2.334    18.3422    30.4803 -9.990e-29     1.3579 1.9249e-01  1021.7419    18.3419    21.7318     8.1012    247.777    7.83936  239.77049    103.339 -9.990e-29
   40.56988  -73.40488      2.372      2.354    18.3419    30.4803 -9.990e-29     1.3579 -9.990e-29  1021.7423    18.3415    21.7319     8.1008    247.766    7.83935  239.76985    103.335 -9.990e-29
   40.56988  -73.40488      2.353      2.335    18.3417    30.4803 -9.990e-29     1.3579 4.5746e-01  1021.7422    18.3413    21.7319     8.1004    247.756    7.83937  239.77069    103.330 -9.990e-29
   40.56988  -73.40488      2.352      2.334    18.3414    30.4803 -9.990e-29     1.3579 6.2950e-01  1021.7420    18.3410    21.7320     8.0954    247.600    7.83935  239.76984    103.266 -9.990e-29
   40.56988  -73.40488      2.341      2.323    18.3403    30.4805 -9.990e-29     1.3579 6.4299e-01  1021.7427    18.3399    21.7323     8.0946    247.576    7.83933  239.76920    103.256 -9.990e-29
   40.56988  -73.40488      2.341      2.323    18.3400    30.4808 -9.990e-29     1.3579 1.5907e+00  1021.7431    18.3396    21.7327     8.0984    247.694    7.83926  239.76686    103.306 -9.990e-29
   40.56988  -73.40488      2.341      2.323    18.3396    30.4810 -9.990e-29     1.3579 2.5909e+00  1021.7433    18.3392    21.7329     8.0933    247.537    7.83914  239.76313    103.242 -9.990e-29
   40.56988  -73.40488      2.321      2.304    18.3393    30.4810 -9.990e-29     1.3579 2.8031e+00  1021.7431    18.3389    21.7330     8.0928    247.520    7.83891  239.75609    103.238 -9.990e-29
   40.56988  -73.40488      2.331      2.313    18.3387    30.4811 -9.990e-29     1.3713 2.1679e+00  1021.7432    18.3384    21.7332     8.0918    247.491    7.83865  239.74824    103.230 -9.990e-29
   40.56988  -73.40488      2.310      2.293    18.3379    30.4815 -9.990e-29     1.3713 1.4785e+00  1021.7440    18.3375    21.7337     8.0909    247.463    7.83842  239.74144    103.221 -9.990e-29
   40.56988  -73.40488      2.312      2.294    18.3372    30.4817 -9.990e-29     1.3579 1.3221e+00  1021.7443    18.3368    21.7341     8.0904    247.450    7.83821  239.73518    103.218 -9.990e-29
   40.56988  -73.40488      2.301      2.283    18.3367    30.4820 -9.990e-29     1.3579 1.2760e+00  1021.7442    18.3363    21.7345     8.0897    247.426    7.83806  239.73100    103.210 -9.990e-29
   40.56988  -73.40488      2.301      2.283    18.3356    30.4825 -9.990e-29     1.3579 1.1550e+00  1021.7453    18.3352    21.7350     8.0843    247.264    7.83800  239.72939    103.143 -9.990e-29
   40.56988  -73.40488      2.280      2.263    18.3352    30.4826 -9.990e-29     1.3579 1.1252e+00  1021.7456    18.3349    21.7354     8.0832    247.230    7.83792  239.72699    103.130 -9.990e-29
   40.56988  -73.40488      2.280      2.263    18.3351    30.4826 -9.990e-29     1.3579 1.4785e+00  1021.7455    18.3347    21.7354     8.0827    247.214    7.83791  239.72664    103.123 -9.990e-29
   40.56988  -73.40488      2.271      2.253    18.3352    30.4826 -9.990e-29     1.3847 2.5342e+00  1021.7452    18.3348    21.7352     8.0822    247.198    7.83784  239.72465    103.117 -9.990e-29
   40.56988  -73.40488      2.260      2.242    18.3355    30.4821 -9.990e-29     1.4116 2.9415e+00  1021.7445    18.3351    21.7349     8.0813    247.170    7.83777  239.72284    103.107 -9.990e-29
   40.56988  -73.40488      2.250      2.233    18.3352    30.4821 -9.990e-29     1.4250 2.8424e+00  1021.7444    18.3349    21.7347     8.0808    247.157    7.83771  239.72102    103.102 -9.990e-29
   40.56988  -73.40488      2.250      2.233    18.3349    30.4821 -9.990e-29     1.4250 2.4407e+00  1021.7446    18.3345    21.7349     8.0800    247.133    7.83770  239.72068    103.092 -9.990e-29
   40.56988  -73.40488      2.221      2.204    18.3347    30.4823 -9.990e-29     1.4116 2.2938e+00  1021.7450    18.3344    21.7351     8.0793    247.111    7.83772  239.72130    103.083 -9.990e-29
   40.56988  -73.40488      2.220      2.203    18.3346    30.4825 -9.990e-29     1.4116 2.2036e+00  1021.7452    18.3343    21.7353     8.0740    246.947    7.83771  239.72076    103.014 -9.990e-29
   40.56988  -73.40488      2.210      2.193    18.3344    30.4825 -9.990e-29     1.4116 1.5103e+00  1021.7450    18.3340    21.7353     8.0728    246.912    7.83765  239.71887    103.001 -9.990e-29
   40.56988  -73.40488      2.199      2.182    18.3342    30.4825 -9.990e-29     1.4250 1.2001e+00  1021.7449    18.3339    21.7354     8.0769    247.037    7.83762  239.71812    103.053 -9.990e-29
   40.56988  -73.40488      2.180      2.163    18.3340    30.4825 -9.990e-29     1.4116 1.1850e+00  1021.7450    18.3337    21.7354     8.0717    246.876    7.83758  239.71687    102.987 -9.990e-29
   40.56988  -73.40488      2.180      2.163    18.3337    30.4824 -9.990e-29     1.4116 -9.990e-29  1021.7451    18.3334    21.7354     8.0712    246.862    7.83756  239.71634    102.981 -9.990e-29
   40.56988  -73.40488      2.159      2.143    18.3333    30.4820 -9.990e-29     1.4250 1.5907e+00  1021.7446    18.3329    21.7353     8.0703    246.835    7.83753  239.71551    102.970 -9.990e-29
   40.56988  -73.40488      2.148      2.132    18.3328    30.4818 -9.990e-29     1.4116 -9.990e-29  1021.7446    18.3325    21.7352     8.0700    246.825    7.83754  239.71596    102.966 -9.990e-29
   40.56988  -73.40488      2.129      2.113    18.3318    30.4818 -9.990e-29     1.4250 6.2950e-01  1021.7444    18.3314    21.7354     8.0702    246.831    7.83753  239.71549    102.968 -9.990e-29
   40.56988  -73.40488      2.120      2.103    18.3307    30.4818 -9.990e-29     1.4116 8.6066e-04  1021.7449    18.3304    21.7356     8.0653    246.683    7.83754  239.71594    102.906 -9.990e-29
   40.56988  -73.40488      2.118      2.102    18.3299    30.4817 -9.990e-29     1.4116 5.0640e-11  1021.7451    18.3295    21.7360     8.0653    246.681    7.83756  239.71641    102.905 -9.990e-29
   40.56988  -73.40488      2.088      2.072    18.3287    30.4819 -9.990e-29     1.4116 5.0640e-11  1021.7456    18.3283    21.7362     8.0695    246.811    7.83754  239.71577    102.960 -9.990e-29
   40.56988  -73.40488      2.088      2.072    18.3279    30.4819 -9.990e-29     1.4116 5.0640e-11  1021.7452    18.3275    21.7364     8.0690    246.795    7.83740  239.71099    102.955 -9.990e-29
   40.56988  -73.40488      2.069      2.053    18.3266    30.4819 -9.990e-29     1.4116 -9.990e-29  1021.7457    18.3263    21.7368     8.0642    246.646    7.83707  239.70029    102.898 -9.990e-29
   40.56988  -73.40488      2.048      2.032    18.3250    30.4825 -9.990e-29     1.4116 5.0640e-11  1021.7466    18.3247    21.7376     8.0635    246.626    7.83663  239.68670    102.895 -9.990e-29
   40.56988  -73.40488      2.037      2.021    18.3238    30.4831 -9.990e-29     1.4250 -9.990e-29  1021.7473    18.3235    21.7383     8.0630    246.611    7.83624  239.67526    102.894 -9.990e-29
   40.56988  -73.40488      2.018      2.002    18.3226    30.4831 -9.990e-29     1.4116 -9.990e-29  1021.7479    18.3222    21.7388     8.0626    246.600    7.83591  239.66565    102.893 -9.990e-29
   40.56988  -73.40488      2.018      2.002    18.3219    30.4831 -9.990e-29     1.4250 5.0640e-11  1021.7478    18.3216    21.7388     8.0621    246.583    7.83571  239.66002    102.889 -9.990e-29
   40.56988  -73.40488      1.988      1.972    18.3212    30.4833 -9.990e-29     1.4116 5.0640e-11  1021.7470    18.3209    21.7389     8.0620    246.582    7.83554  239.65458    102.891 -9.990e-29
   40.56988  -73.40488      1.988      1.972    18.3198    30.4833 -9.990e-29     1.4116 5.0640e-11  1021.7480    18.3195    21.7394     8.0615    246.566    7.83522  239.64472    102.888 -9.990e-29
   40.56988  -73.40488      1.957      1.942    18.3190    30.4840 -9.990e-29     1.4116 5.0640e-11  1021.7489    18.3186    21.7401     8.0614    246.563    7.83482  239.63283    102.892 -9.990e-29
   40.56988  -73.40488      1.957      1.942    18.3181    30.4845 -9.990e-29     1.3982 5.0640e-11  1021.7495    18.3177    21.7407     8.0611    246.553    7.83455  239.62533    102.891 -9.990e-29
   40.56986  -73.40488      1.937      1.922    18.3178    30.4847 -9.990e-29     1.3847 5.0640e-11  1021.7495    18.3174    21.7410     8.0610    246.553    7.83449  239.62434    102.892 -9.990e-29
   40.56986  -73.40488      1.926      1.911    18.3174    30.4848 -9.990e-29     1.3847 5.0640e-11  1021.7495    18.3171    21.7412     8.0618    246.578    7.83474  239.63230    102.899 -9.990e-29
   40.56986  -73.40488      1.916      1.901    18.3169    30.4851 -9.990e-29     1.3847 5.0640e-11  1021.7499    18.3165    21.7415     8.0577    246.453    7.83511  239.64396    102.841 -9.990e-29
