CalculateIndicators/WaterTemperature/Data/CTD_NYOS/20230515_C02.cnv
* Sea-Bird SBE 9 Data File:
* FileName = C:\Seabird 9 CTD\Data\2023\202305_offshore\20230515_C02.hex
* Software Version Seasave V 7.23.2
* Temperature SN = 4590
* Conductivity SN = 3228
* Number of Bytes Per Scan = 44
* Number of Voltage Words = 5
* Number of Scans Averaged by the Deck Unit = 1
* NMEA Latitude = 40 34.18 N
* NMEA Longitude = 073 24.20 W
* NMEA UTC (Time) = May 15 2023  09:25:38
* NMEA baud rate = 4800
** Ship: Seawolf
** Station: 8.1
** Operator: TDK
# nquan = 18
# nvalues = 8612                        
# units = specified
# name 0 = latitude: Latitude [deg]
# name 1 = longitude: Longitude [deg]
# name 2 = prDM: Pressure, Digiquartz [db]
# name 3 = depSM: Depth [salt water, m]
# name 4 = t090C: Temperature [ITS-90, deg C]
# name 5 = sal00: Salinity, Practical [PSU]
# name 6 = ph: pH
# name 7 = flECO-AFL: Fluorescence, WET Labs ECO-AFL/FL [mg/m^3]
# name 8 = cpar: CPAR/Corrected Irradiance [%]
# name 9 = density00: Density [density, kg/m^3]
# name 10 = potemp090C: Potential Temperature [ITS-90, deg C]
# name 11 = sigma-é00: Density [sigma-theta, kg/m^3]
# name 12 = sbeox0Mg/L: Oxygen, SBE 43 [mg/l]
# name 13 = sbox0Mm/Kg: Oxygen, SBE 43 [umol/kg]
# name 14 = oxsolMg/L: Oxygen Saturation, Garcia & Gordon [mg/l]
# name 15 = oxsolMm/Kg: Oxygen Saturation, Garcia & Gordon [umol/kg]
# name 16 = sbeox0PS: Oxygen, SBE 43 [% saturation]
# name 17 = flag:  0.000e+00
# span 0 =   40.56956,   40.56982       
# span 1 =  -73.40344,  -73.40326       
# span 2 =      1.746,     14.663       
# span 3 =      1.732,     14.549       
# span 4 =    10.0250,    13.4078       
# span 5 =    30.4530,    31.5498       
# span 6 =      7.859,      8.027       
# span 7 =     0.6192,     1.2504       
# span 8 = 1.2660e-11, 9.9999e+04       
# span 9 =  1022.8175,  1024.3179       
# span 10 =    10.0234,    13.4074      
# span 11 =    22.8054,    24.2523      
# span 12 =     8.0913,     9.5580      
# span 13 =    246.871,    291.937      
# span 14 =    8.63933,    9.22161      
# span 15 =  263.95772,  281.35655      
# span 16 =     87.763,    109.471      
# span 17 = 0.0000e+00, 0.0000e+00      
# interval = seconds: 0.0416667
# start_time = May 15 2023 09:25:38 [System UTC, first data scan.]
# bad_flag = -9.990e-29
*END*
[from data line 3217]
   40.56976 -9.990e-29      7.871      7.810    10.1716    31.5078      7.863     1.0624 2.1000e+00  1024.2348    10.1707    24.1978     8.1842    249.734    9.15538  279.36734     89.393 0.0000e+00
   40.56976 -9.990e-29      7.860      7.799    10.1770    31.5078      7.863     1.0490 2.1354e+00  1024.2364    10.1762    24.1989     8.1832    249.702    9.15442  279.33830     89.390 0.0000e+00
   40.56976 -9.990e-29      7.822      7.762    10.1846    31.5078      7.863     1.0490 2.1592e+00  1024.2331    10.1838    24.1971     8.1877    249.840    9.15355  279.31231     89.448 -9.990e-29
   40.56976 -9.990e-29      7.829      7.769    10.1917    31.5061      7.863     1.0355 2.1712e+00  1024.2294    10.1909    24.1937     8.1873    249.828    9.15294  279.29410     89.450 -9.990e-29
   40.56976 -9.990e-29      7.799      7.739    10.1980    31.5022      7.863     1.0355 2.2679e+00  1024.2248    10.1972    24.1896     8.1868    249.812    9.15245  279.27971     89.449 0.0000e+00
   40.56976 -9.990e-29      7.781      7.721    10.2035    31.4986      7.863     1.0490 2.3295e+00  1024.2201    10.2026    24.1858     8.1868    249.815    9.15204  279.26722     89.454 0.0000e+00
   40.56976 -9.990e-29      7.769      7.709    10.2088    31.4962      7.863     1.0490 2.3419e+00  1024.2178    10.2079    24.1831     8.1867    249.810    9.15167  279.25563     89.456 0.0000e+00
   40.56976 -9.990e-29      7.748      7.688    10.2124    31.4943      7.863     1.0490 2.2679e+00  1024.2167    10.2115    24.1810     8.1920    249.971    9.15121  279.24180     89.518 0.0000e+00
   40.56976 -9.990e-29      7.729      7.669    10.2151    31.4916      7.863     1.0490 2.2072e+00  1024.2134    10.2143    24.1786     8.1921    249.977    9.15083  279.23128     89.523 0.0000e+00
   40.56976 -9.990e-29      7.721      7.661    10.2162    31.4890      7.863     1.0490 2.1952e+00  1024.2102    10.2153    24.1763     8.1924    249.985    9.15081  279.23149     89.526 0.0000e+00
   40.56976 -9.990e-29      7.699      7.639    10.2167    31.4884      7.863     1.0490 1.5447e+00  1024.2096    10.2158    24.1751     8.1926    249.993    9.15107  279.23981     89.526 0.0000e+00
   40.56976 -9.990e-29      7.678      7.619    10.2184    31.4879      7.863     1.0490 1.6369e+00  1024.2092    10.2175    24.1751     8.1986    250.177    9.15153  279.25415     89.587 0.0000e+00
   40.56976 -9.990e-29      7.660      7.601    10.2187    31.4877      7.863     1.0490 1.6625e+00  1024.2107    10.2178    24.1753     8.1995    250.204    9.15222  279.27505     89.591 -9.990e-29
   40.56976 -9.990e-29      7.658      7.598    10.2200    31.4877      7.863     1.0490 1.6369e+00  1024.2101    10.2192    24.1747     8.2010    250.250    9.15296  279.29814     89.599 -9.990e-29
   40.56976 -9.990e-29      7.627      7.568    10.2206    31.4855      7.863     1.0490 1.6115e+00  1024.2075    10.2197    24.1729     8.2034    250.327    9.15501  279.36433     89.606 0.0000e+00
   40.56976 -9.990e-29      7.619      7.560    10.2192    31.4855      7.863     1.0490 1.6030e+00  1024.2046    10.2183    24.1713     8.2130    250.621    9.15872  279.47858     89.675 0.0000e+00
   40.56976 -9.990e-29      7.597      7.538    10.2150    31.4855      7.863     1.0490 1.6030e+00  1024.2040    10.2142    24.1720     8.2171    250.742    9.16206  279.57788     89.686 0.0000e+00
   40.56976 -9.990e-29      7.576      7.518    10.2078    31.4872      7.863     1.0490 1.6030e+00  1024.2089    10.2069    24.1764     8.2257    251.002    9.16447  279.64830     89.756 0.0000e+00
   40.56976 -9.990e-29      7.568      7.510    10.1969    31.4941      7.863     1.0490 1.6030e+00  1024.2186    10.1960    24.1832     8.2224    250.900    9.16604  279.69348     89.705 0.0000e+00
   40.56976 -9.990e-29      7.556      7.497    10.1886    31.5002      7.863     1.0490 1.6284e+00  1024.2244    10.1877    24.1891     8.2297    251.121    9.16693  279.71828     89.776 0.0000e+00
   40.56976 -9.990e-29      7.537      7.478    10.1856    31.5050      7.863     1.0355 1.7407e+00  1024.2278    10.1848    24.1933     8.2254    250.987    9.16722  279.72546     89.726 0.0000e+00
   40.56976 -9.990e-29      7.528      7.470    10.1869    31.5050      7.863     1.0355 1.7849e+00  1024.2319    10.1861    24.1958     8.2305    251.143    9.16729  279.72735     89.781 0.0000e+00
   40.56976 -9.990e-29      7.506      7.448    10.1942    31.5050      7.863     1.0490 1.7849e+00  1024.2319    10.1934    24.1949     8.2370    251.340    9.16750  279.73378     89.850 0.0000e+00
   40.56976 -9.990e-29      7.495      7.437    10.2056    31.5041      7.863     1.0490 1.7583e+00  1024.2243    10.2048    24.1899     8.2382    251.379    9.16778  279.74253     89.861 0.0000e+00
   40.56976 -9.990e-29      7.477      7.420    10.2139    31.4979      7.863     1.0355 1.7495e+00  1024.2157    10.2130    24.1840     8.2390    251.402    9.16791  279.74632     89.868 -9.990e-29
   40.56976 -9.990e-29      7.475      7.417    10.2155    31.4979      7.863     1.0355 1.7495e+00  1024.2128    10.2147    24.1808     8.2449    251.581    9.16768  279.73866     89.934 -9.990e-29
   40.56976 -9.990e-29      7.465      7.407    10.2131    31.4979      7.863     1.0221 1.7672e+00  1024.2135    10.2122    24.1811     8.2459    251.612    9.16722  279.72285     89.950 0.0000e+00
   40.56976 -9.990e-29      7.438      7.380    10.2106    31.4981      7.863     1.0221 1.7760e+00  1024.2168    10.2097    24.1843     8.2464    251.625    9.16644  279.69834     89.963 0.0000e+00
   40.56976 -9.990e-29      7.425      7.368    10.2064    31.5039      7.863     1.0221 1.7760e+00  1024.2229    10.2056    24.1893     8.2462    251.618    9.16527  279.66278     89.972 0.0000e+00
   40.56976 -9.990e-29      7.414      7.357    10.2035    31.5114      7.863     1.0221 1.7939e+00  1024.2278    10.2026    24.1954     8.2457    251.603    9.16419  279.63054     89.977 -9.990e-29
   40.56976 -9.990e-29      7.417      7.360    10.2022    31.5193      7.863     1.0221 1.8028e+00  1024.2380    10.2013    24.2010     8.2518    251.792    9.16360  279.61375     90.050 -9.990e-29
   40.56976 -9.990e-29      7.395      7.338    10.2175    31.5193      7.863     1.0355 1.8028e+00  1024.2394    10.2167    24.2017     8.2532    251.836    9.16358  279.61371     90.066 0.0000e+00
   40.56976 -9.990e-29      7.384      7.327    10.2428    31.5193      7.863     1.0221 1.8389e+00  1024.2309    10.2420    24.1960     8.2548    251.883    9.16394  279.62552     90.079 0.0000e+00
   40.56976 -9.990e-29      7.376      7.319    10.2647    31.5126      7.863     1.0221 1.8846e+00  1024.2204    10.2638    24.1868     8.2556    251.909    9.16470  279.64993     90.080 0.0000e+00
   40.56976 -9.990e-29      7.363      7.306    10.2837    31.5040      7.863     1.0221 1.8938e+00  1024.2096    10.2829    24.1769     8.2631    252.139    9.16600  279.68990     90.150 0.0000e+00
   40.56976 -9.990e-29      7.354      7.297    10.2985    31.4959      7.863     1.0221 1.8754e+00  1024.2002    10.2976    24.1683     8.2656    252.214    9.16756  279.73653     90.161 0.0000e+00
   40.56976 -9.990e-29      7.336      7.279    10.3080    31.4900      7.863     1.0221 1.8571e+00  1024.1936    10.3071    24.1619     8.2670    252.255    9.16833  279.75919     90.169 -9.990e-29
   40.56976 -9.990e-29      7.344      7.287    10.3155    31.4863      7.863     1.0221 1.8571e+00  1024.1910    10.3147    24.1575     8.2730    252.440    9.16841  279.76129     90.234 -9.990e-29
   40.56976 -9.990e-29      7.323      7.267    10.3253    31.4831      7.863     1.0355 1.8389e+00  1024.1867    10.3245    24.1535     8.2742    252.478    9.16824  279.75658     90.249 0.0000e+00
   40.56976 -9.990e-29      7.315      7.259    10.3347    31.4799      7.863     1.0221 1.8208e+00  1024.1820    10.3339    24.1496     8.2744    252.483    9.16813  279.75398     90.252 0.0000e+00
   40.56976 -9.990e-29      7.303      7.246    10.3413    31.4775      7.863     1.0221 1.8118e+00  1024.1790    10.3405    24.1465     8.2753    252.511    9.16840  279.76251     90.259 -9.990e-29
   40.56976 -9.990e-29      7.303      7.246    10.3472    31.4759      7.868     1.0221 1.8299e+00  1024.1775    10.3464    24.1441     8.2762    252.539    9.16896  279.77957     90.263 -9.990e-29
   40.56976 -9.990e-29      7.295      7.238    10.3537    31.4738      7.863     1.0355 1.8938e+00  1024.1747    10.3528    24.1416     8.2768    252.556    9.16953  279.79689     90.264 0.0000e+00
   40.56976 -9.990e-29      7.282      7.226    10.3580    31.4715      7.863     1.0355 1.9216e+00  1024.1714    10.3572    24.1389     8.2828    252.741    9.17018  279.81675     90.324 -9.990e-29
   40.56976 -9.990e-29      7.285      7.229    10.3617    31.4712      7.863     1.0221 1.9216e+00  1024.1691    10.3609    24.1374     8.2840    252.777    9.17134  279.85272     90.325 -9.990e-29
   40.56976 -9.990e-29      7.273      7.216    10.3639    31.4709      7.863     1.0221 1.9031e+00  1024.1701    10.3631    24.1371     8.2916    253.009    9.17277  279.89702     90.393 0.0000e+00
   40.56976 -9.990e-29      7.263      7.207    10.3675    31.4705      7.863     1.0355 1.9031e+00  1024.1706    10.3667    24.1370     8.2942    253.089    9.17463  279.95320     90.404 0.0000e+00
   40.56976 -9.990e-29      7.255      7.199    10.3723    31.4705      7.863     1.0221 1.9031e+00  1024.1691    10.3715    24.1361     8.2968    253.166    9.17672  280.01450     90.412 0.0000e+00
   40.56976 -9.990e-29      7.252      7.196    10.3773    31.4701      7.863     1.0355 1.8663e+00  1024.1673    10.3765    24.1346     8.3045    253.396    9.17849  280.06584     90.477 0.0000e+00
   40.56976 -9.990e-29      7.233      7.177    10.3822    31.4692      7.868     1.0221 1.8571e+00  1024.1660    10.3814    24.1331     8.3063    253.452    9.17995  280.10926     90.483 0.0000e+00
   40.56976 -9.990e-29      7.204      7.148    10.3870    31.4680      7.863     1.0221 1.8480e+00  1024.1640    10.3862    24.1314     8.3079    253.501    9.18153  280.15789     90.485 -9.990e-29
   40.56976 -9.990e-29      7.203      7.147    10.3906    31.4666      7.863     1.0355 1.8846e+00  1024.1621    10.3898    24.1297     8.3102    253.572    9.18350  280.21786     90.491 -9.990e-29
   40.56976 -9.990e-29      7.233      7.177    10.3935    31.4656      7.867     1.0221 1.9123e+00  1024.1606    10.3927    24.1284     8.3123    253.635    9.18557  280.28060     90.493 -9.990e-29
   40.56976 -9.990e-29      7.255      7.199    10.3956    31.4654      7.863     1.0221 1.9123e+00  1024.1603    10.3948    24.1278     8.3200    253.868    9.18784  280.34856     90.554 -9.990e-29
   40.56976 -9.990e-29      7.233      7.177    10.3971    31.4654      7.867     1.0221 1.9309e+00  1024.1609    10.3963    24.1276     8.3223    253.936    9.19014  280.41657     90.557 -9.990e-29
   40.56976 -9.990e-29      7.204      7.148    10.3996    31.4645      7.867     1.0355 1.9496e+00  1024.1600    10.3988    24.1265     8.3239    253.982    9.19208  280.47386     90.555 -9.990e-29
   40.56976 -9.990e-29      7.242      7.186    10.4024    31.4621      7.867     1.0221 1.9496e+00  1024.1571    10.4016    24.1243     8.3255    254.030    9.19371  280.52210     90.556 -9.990e-29
   40.56976 -9.990e-29      7.233      7.177    10.4035    31.4591      7.867     1.0221 1.9685e+00  1024.1541    10.4027    24.1218     8.3263    254.055    9.19499  280.56057     90.553 -9.990e-29
   40.56976 -9.990e-29      7.234      7.178    10.4030    31.4565      7.867     1.0221 1.9969e+00  1024.1521    10.4022    24.1199     8.3325    254.242    9.19619  280.59657     90.608 -9.990e-29
   40.56976 -9.990e-29      7.273      7.216    10.4012    31.4547      7.867     1.0221 2.0064e+00  1024.1512    10.4004    24.1187     8.3332    254.263    9.19735  280.63131     90.604 -9.990e-29
   40.56976 -9.990e-29      7.273      7.216    10.3979    31.4525      7.867     1.0221 1.9685e+00  1024.1515    10.3971    24.1174     8.3343    254.296    9.19853  280.66632     90.604 -9.990e-29
   40.56976 -9.990e-29      7.295      7.238    10.3950    31.4466      7.867     1.0221 1.8938e+00  1024.1500    10.3941    24.1136     8.3290    254.133    9.19941  280.69263     90.538 -9.990e-29
   40.56976 -9.990e-29      7.314      7.257    10.3899    31.4370      7.867     1.0355 1.8754e+00  1024.1369    10.3891    24.1074     8.3338    254.281    9.20008  280.71223     90.584 -9.990e-29
   40.56976 -9.990e-29      7.333      7.276    10.3736    31.4370      7.868     1.0221 1.8663e+00  1024.1335    10.3728    24.1057     8.3391    254.440    9.20070  280.73012     90.635 -9.990e-29
   40.56976 -9.990e-29      7.315      7.259    10.3543    31.4370      7.868     1.0355 1.8208e+00  1024.1432    10.3535    24.1115     8.3337    254.275    9.20114  280.74310     90.572 -9.990e-29
   40.56976 -9.990e-29      7.323      7.267    10.3389    31.4448      7.868     1.0221 1.8028e+00  1024.1546    10.3381    24.1209     8.3328    254.247    9.20136  280.74903     90.560 -9.990e-29
   40.56976 -9.990e-29      7.354      7.297    10.3282    31.4545      7.868     1.0221 1.8028e+00  1024.1640    10.3274    24.1303     8.3321    254.226    9.20140  280.75004     90.552 -9.990e-29
   40.56976 -9.990e-29      7.376      7.319    10.3208    31.4632      7.868     1.0355 1.8208e+00  1024.1731    10.3200    24.1384     8.3303    254.171    9.20141  280.74989     90.533 -9.990e-29
   40.56976 -9.990e-29      7.374      7.317    10.3172    31.4694      7.868     1.0221 1.8299e+00  1024.1794    10.3164    24.1439     8.3288    254.124    9.20124  280.74360     90.518 -9.990e-29
   40.56976 -9.990e-29      7.363      7.306    10.3165    31.4720      7.868     1.0221 1.8299e+00  1024.1804    10.3157    24.1462     8.3258    254.031    9.20066  280.72534     90.491 -9.990e-29
   40.56976 -9.990e-29      7.366      7.309    10.3155    31.4720      7.868     1.0221 1.8480e+00  1024.1804    10.3147    24.1466     8.3228    253.941    9.19973  280.69639     90.468 -9.990e-29
   40.56976 -9.990e-29      7.405      7.347    10.3146    31.4723      7.868     1.0221 1.8480e+00  1024.1796    10.3137    24.1465     8.3262    254.043    9.19886  280.66913     90.513 -9.990e-29
   40.56976 -9.990e-29      7.405      7.347    10.3141    31.4729      7.868     1.0221 1.8571e+00  1024.1794    10.3132    24.1473     8.3181    253.796    9.19764  280.63158     90.437 -9.990e-29
   40.56976 -9.990e-29      7.406      7.349    10.3139    31.4765      7.868     1.0221 1.8028e+00  1024.1827    10.3131    24.1502     8.3145    253.685    9.19614  280.58616     90.412 -9.990e-29
   40.56976 -9.990e-29      7.395      7.338    10.3141    31.4817      7.868     0.9281 1.7583e+00  1024.1885    10.3132    24.1541     8.3113    253.589    9.19462  280.54137     90.393 -9.990e-29
   40.56976 -9.990e-29      7.406      7.349    10.3165    31.4844      7.868     0.9012 1.7583e+00  1024.1918    10.3157    24.1566     8.3082    253.496    9.19346  280.50836     90.370 -9.990e-29
   40.56976 -9.990e-29      7.435      7.377    10.3224    31.4844      7.868     0.8878 1.7760e+00  1024.1912    10.3215    24.1563     8.3055    253.416    9.19295  280.49456     90.346 -9.990e-29
   40.56976 -9.990e-29      7.444      7.387    10.3286    31.4844      7.868     0.9012 1.7939e+00  1024.1881    10.3278    24.1540     8.3029    253.340    9.19285  280.49286     90.319 -9.990e-29
   40.56976 -9.990e-29      7.438      7.380    10.3327    31.4812      7.868     0.9012 1.7939e+00  1024.1842    10.3319    24.1510     8.3010    253.281    9.19354  280.51538     90.291 -9.990e-29
