CalculateIndicators/WaterTemperature/Data/CTD_NYOS/20230516_C14.cnv
* Sea-Bird SBE 9 Data File:
* FileName = C:\Seabird 9 CTD\Data\2023\202305_offshore\20230516_C14.hex
* Software Version Seasave V 7.23.2
* Temperature SN = 4590
* Conductivity SN = 3228
* Number of Bytes Per Scan = 44
* Number of Voltage Words = 5
* Number of Scans Averaged by the Deck Unit = 1
* NMEA Latitude = 39 59.49 N
* NMEA Longitude = 072 32.03 W
* NMEA UTC (Time) = May 16 2023  17:33:19
* NMEA baud rate = 4800
** Ship: Seawolf
** Station: 9.4
** Operator: tcm
# nquan = 18
# nvalues = 12248                       
# units = specified
# name 0 = latitude: Latitude [deg]
# name 1 = longitude: Longitude [deg]
# name 2 = prDM: Pressure, Digiquartz [db]
# name 3 = depSM: Depth [salt water, m]
# name 4 = t090C: Temperature [ITS-90, deg C]
# name 5 = sal00: Salinity, Practical [PSU]
# name 6 = ph: pH
# name 7 = flECO-AFL: Fluorescence, WET Labs ECO-AFL/FL [mg/m^3]
# name 8 = cpar: CPAR/Corrected Irradiance [%]
# name 9 = density00: Density [density, kg/m^3]
# name 10 = potemp090C: Potential Temperature [ITS-90, deg C]
# name 11 = sigma-é00: Density [sigma-theta, kg/m^3]
# name 12 = sbeox0Mg/L: Oxygen, SBE 43 [mg/l]
# name 13 = sbox0Mm/Kg: Oxygen, SBE 43 [umol/kg]
# name 14 = oxsolMg/L: Oxygen Saturation, Garcia & Gordon [mg/l]
# name 15 = oxsolMm/Kg: Oxygen Saturation, Garcia & Gordon [umol/kg]
# name 16 = sbeox0PS: Oxygen, SBE 43 [% saturation]
# name 17 = flag:  0.000e+00
# span 0 =   39.99154,   39.99214       
# span 1 =  -72.53382,  -72.53210       
# span 2 =      1.396,     61.369       
# span 3 =      1.386,     60.890       
# span 4 =     6.9952,    13.4044       
# span 5 =    32.3528,    32.9264       
# span 6 =      7.854,      8.086       
# span 7 =    -0.2136,     2.0966       
# span 8 = 1.8508e-02, 1.1150e+02       
# span 9 =  1024.2559,  1026.0441       
# span 10 =     6.9910,    13.4041      
# span 11 =    24.2609,    25.7801      
# span 12 =     8.5499,     9.9621      
# span 13 =    260.479,    303.667      
# span 14 =    8.53906,    9.78351      
# span 15 =  260.52269,  298.06026      
# span 16 =     87.400,    111.292      
# span 17 = 0.0000e+00, 0.0000e+00      
# interval = seconds: 0.0416667
# start_time = May 16 2023 17:33:19 [System UTC, first data scan.]
# bad_flag = -9.990e-29
*END*
[from data line 1367]
   39.99160  -72.53366     24.019     23.833     8.7594    32.7806      8.034     1.3847 2.5484e+00  1025.5277     8.7570    25.4181     9.6355    293.638    9.45951  288.27585    101.860 0.0000e+00
   39.99160  -72.53366     24.024     23.839     8.7567    32.7809      8.029     1.3847 2.5412e+00  1025.5279     8.7542    25.4187     9.6246    293.305    9.46092  288.31824    101.730 0.0000e+00
   39.99160  -72.53366     24.045     23.859     8.7539    32.7812      8.029     1.3847 2.5269e+00  1025.5288     8.7514    25.4194     9.6250    293.319    9.46219  288.35669    101.721 0.0000e+00
   39.99160  -72.53366     24.060     23.874     8.7512    32.7816      8.029     1.3847 2.5105e+00  1025.5296     8.7488    25.4201     9.6198    293.159    9.46345  288.39456    101.652 0.0000e+00
   39.99160  -72.53366     24.075     23.889     8.7488    32.7820      8.029     1.3847 2.5105e+00  1025.5304     8.7463    25.4208     9.6138    292.976    9.46461  288.42949    101.576 0.0000e+00
   39.99160  -72.53366     24.096     23.910     8.7468    32.7820      8.029     1.3847 2.4964e+00  1025.5311     8.7443    25.4213     9.6081    292.801    9.46566  288.46107    101.504 0.0000e+00
   39.99160  -72.53366     24.100     23.914     8.7449    32.7820      8.029     1.3847 2.4824e+00  1025.5313     8.7424    25.4216     9.6027    292.637    9.46674  288.49375    101.436 0.0000e+00
   39.99160  -72.53366     24.116     23.930     8.7424    32.7819      8.025     1.3847 2.4824e+00  1025.5315     8.7399    25.4218     9.6028    292.639    9.46773  288.52374    101.426 0.0000e+00
   39.99160  -72.53366     24.136     23.949     8.7407    32.7816      8.025     1.3847 2.4615e+00  1025.5317     8.7383    25.4218     9.5979    292.490    9.46865  288.55158    101.365 0.0000e+00
   39.99160  -72.53366     24.141     23.955     8.7388    32.7811      8.025     1.3847 2.4477e+00  1025.5314     8.7363    25.4218     9.5916    292.299    9.46955  288.57860    101.289 0.0000e+00
   39.99160  -72.53366     24.167     23.981     8.7363    32.7805      8.025     1.3847 2.4477e+00  1025.5318     8.7339    25.4216     9.5917    292.300    9.47036  288.60290    101.281 -9.990e-29
   39.99160  -72.53366     24.167     23.981     8.7340    32.7793      8.025     1.3847 2.4340e+00  1025.5313     8.7316    25.4211     9.5868    292.153    9.47116  288.62715    101.221 -9.990e-29
   39.99160  -72.53366     24.192     24.005     8.7308    32.7777      8.025     1.3847 2.4271e+00  1025.5302     8.7283    25.4203     9.5875    292.172    9.47189  288.64925    101.221 0.0000e+00
   39.99160  -72.53366     24.198     24.011     8.7262    32.7762      8.025     1.3847 2.4203e+00  1025.5296     8.7237    25.4198     9.5824    292.017    9.47263  288.67169    101.159 0.0000e+00
   39.99160  -72.53366     24.228     24.041     8.7211    32.7754      8.025     1.3847 2.4135e+00  1025.5298     8.7186    25.4200     9.5838    292.059    9.47341  288.69528    101.165 0.0000e+00
   39.99160  -72.53366     24.242     24.055     8.7156    32.7753      8.025     1.3847 2.4067e+00  1025.5309     8.7131    25.4206     9.5794    291.926    9.47419  288.71891    101.111 0.0000e+00
   39.99160  -72.53366     24.258     24.071     8.7103    32.7753      8.020     1.3847 2.4000e+00  1025.5321     8.7079    25.4215     9.5683    291.588    9.47484  288.73851    100.987 0.0000e+00
   39.99160  -72.53366     24.299     24.112     8.7051    32.7751      8.020     1.4116 2.4000e+00  1025.5328     8.7026    25.4222     9.5690    291.608    9.47561  288.76202    100.986 0.0000e+00
   39.99160  -72.53366     24.313     24.126     8.6997    32.7746      8.020     1.4116 2.3865e+00  1025.5334     8.6972    25.4227     9.5640    291.454    9.47635  288.78421    100.925 0.0000e+00
   39.99160  -72.53366     24.330     24.142     8.6942    32.7736      8.020     1.4116 2.3798e+00  1025.5339     8.6918    25.4227     9.5584    291.283    9.47701  288.80432    100.858 0.0000e+00
   39.99160  -72.53366     24.360     24.172     8.6888    32.7720      8.020     1.4116 2.3798e+00  1025.5329     8.6863    25.4224     9.5591    291.306    9.47767  288.82392    100.860 0.0000e+00
   39.99160  -72.53366     24.385     24.197     8.6811    32.7709      8.020     1.4250 2.3710e+00  1025.5328     8.6786    25.4226     9.5551    291.184    9.47832  288.84355    100.810 0.0000e+00
   39.99160  -72.53366     24.411     24.223     8.6726    32.7708      8.020     1.4116 2.3643e+00  1025.5347     8.6701    25.4237     9.5505    291.043    9.47886  288.85991    100.756 0.0000e+00
   39.99160  -72.53366     24.430     24.242     8.6648    32.7708      8.020     1.4116 2.3643e+00  1025.5363     8.6624    25.4250     9.5455    290.890    9.47945  288.87751    100.697 0.0000e+00
   39.99160  -72.53366     24.476     24.287     8.6567    32.7708      8.015     1.4116 2.3511e+00  1025.5376     8.6542    25.4263     9.5468    290.930    9.47992  288.89156    100.706 0.0000e+00
   39.99160  -72.53366     24.492     24.303     8.6479    32.7710      8.015     1.4116 2.3444e+00  1025.5387     8.6454    25.4277     9.5476    290.953    9.48031  288.90353    100.709 0.0000e+00
   39.99160  -72.53366     24.523     24.333     8.6391    32.7717      8.015     1.4116 2.3444e+00  1025.5410     8.6366    25.4295     9.5434    290.825    9.48062  288.91273    100.662 0.0000e+00
   39.99160  -72.53366     24.547     24.358     8.6311    32.7729      8.020     1.4116 2.3379e+00  1025.5434     8.6286    25.4317     9.5378    290.654    9.48089  288.92059    100.600 0.0000e+00
   39.99160  -72.53366     24.583     24.393     8.6241    32.7746      8.016     1.4116 2.3313e+00  1025.5457     8.6216    25.4340     9.5392    290.697    9.48096  288.92261    100.614 0.0000e+00
   39.99160  -72.53366     24.634     24.444     8.6177    32.7768      8.016     1.4116 2.3247e+00  1025.5489     8.6152    25.4367     9.5295    290.402    9.48078  288.91684    100.514 -9.990e-29
   39.99160  -72.53366     24.634     24.444     8.6133    32.7793      8.016     1.4116 2.3117e+00  1025.5514     8.6108    25.4393     9.5292    290.391    9.48001  288.89255    100.519 -9.990e-29
   39.99160  -72.53366     24.689     24.499     8.6097    32.7818      8.016     1.4116 2.3052e+00  1025.5545     8.6072    25.4418     9.5220    290.173    9.47901  288.86167    100.454 0.0000e+00
   39.99160  -72.53366     24.725     24.534     8.6071    32.7830      8.016     1.4116 2.3052e+00  1025.5571     8.6046    25.4436     9.5221    290.174    9.47795  288.82976    100.465 0.0000e+00
   39.99160  -72.53366     24.757     24.566     8.6055    32.7830      8.011     1.4116 2.2922e+00  1025.5575     8.6030    25.4443     9.5168    290.015    9.47729  288.81033    100.417 0.0000e+00
   39.99160  -72.53366     24.806     24.615     8.6027    32.7830      8.011     1.4250 2.2793e+00  1025.5571     8.6002    25.4440     9.5177    290.043    9.47717  288.80822    100.428 0.0000e+00
   39.99160  -72.53366     24.832     24.641     8.5990    32.7816      8.011     1.4116 2.2793e+00  1025.5559     8.5965    25.4435     9.5140    289.931    9.47813  288.83835    100.378 0.0000e+00
   39.99160  -72.53366     24.887     24.695     8.5936    32.7811      8.011     1.4116 2.2710e+00  1025.5566     8.5911    25.4437     9.5105    289.823    9.47892  288.86164    100.333 0.0000e+00
   39.99160  -72.53366     24.919     24.727     8.5880    32.7809      8.011     1.4116 2.2518e+00  1025.5579     8.5855    25.4446     9.5056    289.673    9.47887  288.85903    100.282 0.0000e+00
   39.99160  -72.53366     24.959     24.766     8.5821    32.7809      8.011     1.4116 2.2518e+00  1025.5595     8.5796    25.4456     9.5058    289.678    9.47836  288.84347    100.289 0.0000e+00
   39.99160  -72.53366     24.995     24.802     8.5766    32.7809      8.011     1.4116 2.2455e+00  1025.5600     8.5741    25.4463     9.5013    289.543    9.47807  288.83506    100.245 0.0000e+00
   39.99160  -72.53366     25.031     24.837     8.5703    32.7807      8.011     1.4116 2.2329e+00  1025.5609     8.5678    25.4470     9.4966    289.401    9.47806  288.83536    100.196 0.0000e+00
   39.99160  -72.53366     25.071     24.877     8.5644    32.7805      8.011     1.3847 2.2266e+00  1025.5619     8.5619    25.4478     9.4915    289.245    9.47806  288.83536    100.142 0.0000e+00
   39.99160  -72.53366     25.112     24.918     8.5579    32.7803      8.011     1.3713 2.2204e+00  1025.5631     8.5554    25.4486     9.4919    289.257    9.47803  288.83433    100.146 0.0000e+00
   39.99160  -72.53366     25.167     24.973     8.5511    32.7795      8.006     1.3713 2.2017e+00  1025.5638     8.5486    25.4490     9.4804    288.907    9.47789  288.83016    100.026 0.0000e+00
   39.99160  -72.53364     25.203     25.008     8.5441    32.7786      8.006     1.3713 2.1955e+00  1025.5638     8.5415    25.4495     9.4805    288.911    9.47775  288.82586    100.029 0.0000e+00
   39.99160  -72.53364     25.254     25.059     8.5362    32.7784      8.006     1.3713 2.1893e+00  1025.5651     8.5337    25.4501     9.4813    288.933    9.47783  288.82822    100.036 0.0000e+00
   39.99160  -72.53364     25.305     25.109     8.5285    32.7784      8.006     1.3713 2.1648e+00  1025.5660     8.5259    25.4512     9.4759    288.770    9.47760  288.82135     99.982 0.0000e+00
   39.99160  -72.53364     25.335     25.139     8.5205    32.7784      8.006     1.3713 2.1526e+00  1025.5680     8.5180    25.4528     9.4771    288.808    9.47753  288.82005     99.996 0.0000e+00
   39.99160  -72.53364     25.391     25.195     8.5128    32.7794      8.006     1.3713 2.1526e+00  1025.5703     8.5103    25.4547     9.4730    288.683    9.47782  288.82918     99.949 0.0000e+00
   39.99160  -72.53364     25.437     25.240     8.5058    32.7804      8.006     1.3713 2.1225e+00  1025.5726     8.5032    25.4566     9.4696    288.579    9.47845  288.84866     99.907 0.0000e+00
   39.99160  -72.53364     25.467     25.271     8.4996    32.7813      8.002     1.3713 2.1106e+00  1025.5741     8.4970    25.4582     9.4651    288.442    9.47936  288.87593     99.850 0.0000e+00
   39.99160  -72.53364     25.528     25.331     8.4934    32.7820      8.007     1.3713 2.1106e+00  1025.5761     8.4908    25.4597     9.4668    288.492    9.48001  288.89553     99.860 0.0000e+00
   39.99160  -72.53364     25.548     25.351     8.4878    32.7826      8.002     1.3713 2.0793e+00  1025.5774     8.4852    25.4610     9.4624    288.360    9.48042  288.90730     99.810 0.0000e+00
   39.99160  -72.53364     25.594     25.396     8.4827    32.7830      8.002     1.3713 2.0636e+00  1025.5787     8.4802    25.4621     9.4635    288.391    9.48069  288.91524     99.818 0.0000e+00
   39.99160  -72.53364     25.639     25.441     8.4775    32.7834      8.002     1.3713 2.0560e+00  1025.5800     8.4749    25.4632     9.4588    288.248    9.48098  288.92481     99.766 0.0000e+00
   39.99160  -72.53364     25.681     25.482     8.4727    32.7837      8.002     1.3713 2.0387e+00  1025.5811     8.4702    25.4642     9.4601    288.289    9.48182  288.95098     99.771 0.0000e+00
   39.99160  -72.53364     25.711     25.512     8.4683    32.7841      8.002     1.3713 2.0215e+00  1025.5821     8.4658    25.4651     9.4568    288.190    9.48293  288.98555     99.725 0.0000e+00
   39.99160  -72.53364     25.752     25.553     8.4639    32.7847      8.002     1.3713 2.0159e+00  1025.5834     8.4613    25.4661     9.4536    288.092    9.48464  289.03736     99.673 0.0000e+00
   39.99160  -72.53364     25.783     25.583     8.4598    32.7852      8.002     1.3713 2.0045e+00  1025.5849     8.4572    25.4672     9.4559    288.160    9.48633  289.08849     99.679 0.0000e+00
   39.99160  -72.53364     25.809     25.609     8.4561    32.7855      8.002     1.3713 1.9838e+00  1025.5856     8.4535    25.4679     9.4530    288.074    9.48785  289.13436     99.633 0.0000e+00
   39.99160  -72.53364     25.843     25.644     8.4526    32.7856      8.002     1.3713 1.9765e+00  1025.5863     8.4500    25.4686     9.4495    287.966    9.48925  289.17656     99.581 0.0000e+00
   39.99160  -72.53364     25.864     25.664     8.4491    32.7856      7.997     1.3713 1.9671e+00  1025.5871     8.4465    25.4692     9.4524    288.054    9.49073  289.22132     99.597 0.0000e+00
   39.99160  -72.53364     25.915     25.715     8.4455    32.7856      7.997     1.3713 1.9451e+00  1025.5876     8.4429    25.4697     9.4497    287.969    9.49227  289.26808     99.551 0.0000e+00
   39.99160  -72.53364     25.935     25.735     8.4418    32.7856      7.997     1.3713 1.9342e+00  1025.5884     8.4392    25.4703     9.4534    288.083    9.49394  289.31856     99.573 0.0000e+00
   39.99160  -72.53364     25.955     25.754     8.4386    32.7856      7.997     1.3713 1.9287e+00  1025.5892     8.4360    25.4708     9.4575    288.209    9.49574  289.37304     99.598 0.0000e+00
   39.99160  -72.53364     25.985     25.784     8.4352    32.7856      7.997     1.3444 1.9071e+00  1025.5894     8.4326    25.4712     9.4549    288.130    9.49748  289.42573     99.552 0.0000e+00
   39.99160  -72.53364     26.006     25.805     8.4316    32.7856      7.997     1.3042 1.9017e+00  1025.5903     8.4290    25.4717     9.4528    288.063    9.49938  289.48339     99.509 0.0000e+00
   39.99160  -72.53364     26.041     25.840     8.4285    32.7858      7.997     1.3042 1.8964e+00  1025.5909     8.4259    25.4724     9.4561    288.165    9.50136  289.54348     99.524 0.0000e+00
   39.99160  -72.53364     26.047     25.846     8.4252    32.7863      7.997     1.3042 1.8751e+00  1025.5919     8.4226    25.4732     9.4537    288.090    9.50336  289.60405     99.477 0.0000e+00
   39.99160  -72.53364     26.077     25.876     8.4220    32.7867      7.997     1.3042 1.8646e+00  1025.5930     8.4194    25.4740     9.4574    288.204    9.50528  289.66196     99.497 0.0000e+00
   39.99160  -72.53364     26.098     25.896     8.4194    32.7872      7.997     1.3042 1.8646e+00  1025.5935     8.4168    25.4748     9.4554    288.140    9.50720  289.72002     99.455 0.0000e+00
   39.99160  -72.53364     26.108     25.906     8.4164    32.7878      7.997     1.3042 1.8437e+00  1025.5947     8.4138    25.4757     9.4588    288.246    9.50925  289.78210     99.470 0.0000e+00
   39.99160  -72.53364     26.117     25.915     8.4140    32.7883      7.997     1.3042 1.8334e+00  1025.5957     8.4114    25.4765     9.4565    288.173    9.51133  289.84505     99.423 0.0000e+00
   39.99160  -72.53364     26.128     25.926     8.4120    32.7888      7.993     1.3042 1.8334e+00  1025.5963     8.4094    25.4772     9.4543    288.107    9.51341  289.90818     99.379 0.0000e+00
   39.99160  -72.53364     26.148     25.946     8.4105    32.7893      7.993     1.3042 1.8179e+00  1025.5967     8.4079    25.4778     9.4585    288.235    9.51553  289.97252     99.401 0.0000e+00
   39.99160  -72.53364     26.159     25.956     8.4089    32.7900      7.993     1.3042 1.8077e+00  1025.5980     8.4063    25.4786     9.4630    288.371    9.51768  290.03735     99.425 0.0000e+00
   39.99160  -72.53364     26.164     25.962     8.4086    32.7911      7.997     1.3042 1.8077e+00  1025.5981     8.4060    25.4795     9.4615    288.325    9.51981  290.10190     99.388 0.0000e+00
   39.99160  -72.53364     26.179     25.977     8.4087    32.7930      7.993     1.3042 1.7976e+00  1025.6000     8.4061    25.4809     9.4663    288.472    9.52196  290.16676     99.416 -9.990e-29
   39.99160  -72.53364     26.179     25.977     8.4114    32.7956      7.993     1.3042 1.7875e+00  1025.6023     8.4087    25.4826     9.4644    288.413    9.52408  290.23092     99.374 -9.990e-29
   39.99160  -72.53364     26.198     25.996     8.4153    32.7956      7.993     1.3042 1.7824e+00  1025.6039     8.4126    25.4835     9.4684    288.534    9.52596  290.28726     99.396 -9.990e-29
