CalculateIndicators/WaterTemperature/Data/CTD_NYOS/20231003_C03.cnv
* Sea-Bird SBE 9 Data File:
* FileName = C:\Seabird 9 CTD\Data\2023\202309_offshore\20231003_C03.hex
* Software Version Seasave V 7.23.2
* Temperature SN = 4590
* Conductivity SN = 3228
* Number of Bytes Per Scan = 44
* Number of Voltage Words = 5
* Number of Scans Averaged by the Deck Unit = 1
* NMEA Latitude = 40 17.99 N
* NMEA Longitude = 073 13.34 W
* NMEA UTC (Time) = Oct 03 2023  09:26:17
* NMEA baud rate = 4800
** Ship: seawolf
** Station: 8.2
** Operator: SW
# nquan = 18
# nvalues = 10218                       
# units = specified
# name 0 = latitude: Latitude [deg]
# name 1 = longitude: Longitude [deg]
# name 2 = prDM: Pressure, Digiquartz [db]
# name 3 = depSM: Depth [salt water, m]
# name 4 = t090C: Temperature [ITS-90, deg C]
# name 5 = sal00: Salinity, Practical [PSU]
# name 6 = ph: pH
# name 7 = flECO-AFL: Fluorescence, WET Labs ECO-AFL/FL [mg/m^3]
# name 8 = cpar: CPAR/Corrected Irradiance [%]
# name 9 = density00: Density [density, kg/m^3]
# name 10 = potemp090C: Potential Temperature [ITS-90, deg C]
# name 11 = sigma-é00: Density [sigma-theta, kg/m^3]
# name 12 = sbeox0Mg/L: Oxygen, SBE 43 [mg/l]
# name 13 = sbox0Mm/Kg: Oxygen, SBE 43 [umol/kg]
# name 14 = oxsolMg/L: Oxygen Saturation, Garcia & Gordon [mg/l]
# name 15 = oxsolMm/Kg: Oxygen Saturation, Garcia & Gordon [umol/kg]
# name 16 = sbeox0PS: Oxygen, SBE 43 [% saturation]
# name 17 = flag:  0.000e+00
# span 0 =   40.29982,   40.29992       
# span 1 =  -73.22332,  -73.22232       
# span 2 =      1.571,     30.484       
# span 3 =      1.559,     30.248       
# span 4 =    18.6373,    18.7951       
# span 5 =    32.2399,    32.2629       
# span 6 =      7.985,      8.012       
# span 7 =     0.3237,     1.0490       
# span 8 = 5.0640e-11, 9.9999e+04       
# span 9 =  1022.9344,  1023.1536       
# span 10 =    18.6320,    18.7949      
# span 11 =    22.9620,    23.0209      
# span 12 =     7.0511,     7.5060      
# span 13 =    215.393,    229.299      
# span 14 =    7.68744,    7.70954      
# span 15 =  234.84211,  235.50510      
# span 16 =     91.464,     97.622      
# span 17 = 0.0000e+00, 0.0000e+00      
# interval = seconds: 0.0416667
# start_time = Oct 03 2023 09:26:18 [System UTC, first data scan.]
# bad_flag = -9.990e-29
*END*
[from data line 3458]
   40.29990  -73.22266     23.488     23.306    18.6412    32.2563      7.985     0.5654 5.0640e-11  1023.1183    18.6371    23.0159     7.1319    217.862    7.70927  235.49810     92.511 0.0000e+00
   40.29990  -73.22266     23.467     23.285    18.6413    32.2563      7.989     0.5654 5.0640e-11  1023.1180    18.6373    23.0159     7.1361    217.990    7.70927  235.49790     92.566 0.0000e+00
   40.29990  -73.22266     23.462     23.280    18.6412    32.2563      7.989     0.5654 5.0640e-11  1023.1184    18.6371    23.0159     7.1320    217.863    7.70925  235.49752     92.512 0.0000e+00
   40.29990  -73.22266     23.446     23.265    18.6413    32.2560      7.989     0.5654 5.0640e-11  1023.1177    18.6373    23.0156     7.1319    217.862    7.70926  235.49774     92.511 0.0000e+00
   40.29990  -73.22266     23.430     23.248    18.6413    32.2558      7.989     0.5654 5.0640e-11  1023.1175    18.6373    23.0154     7.1319    217.860    7.70928  235.49845     92.510 0.0000e+00
   40.29990  -73.22266     23.426     23.244    18.6412    32.2558      7.985     0.5654 5.0640e-11  1023.1173    18.6371    23.0154     7.1313    217.844    7.70930  235.49886     92.503 0.0000e+00
   40.29990  -73.22266     23.407     23.225    18.6411    32.2558      7.985     0.5654 9.9999e+04  1023.1178    18.6371    23.0155     7.1312    217.838    7.70925  235.49739     92.501 0.0000e+00
   40.29990  -73.22266     23.400     23.218    18.6412    32.2558      7.989     0.5654 9.9999e+04  1023.1175    18.6371    23.0155     7.1310    217.833    7.70929  235.49861     92.499 0.0000e+00
   40.29990  -73.22266     23.386     23.205    18.6413    32.2558      7.989     0.5654 9.9999e+04  1023.1173    18.6373    23.0155     7.1308    217.827    7.70932  235.49960     92.496 0.0000e+00
   40.29990  -73.22266     23.369     23.188    18.6413    32.2558      7.989     0.5654 9.9999e+04  1023.1175    18.6373    23.0156     7.1305    217.818    7.70927  235.49817     92.492 0.0000e+00
   40.29990  -73.22266     23.356     23.175    18.6411    32.2558      7.989     0.5654 5.0640e-11  1023.1175    18.6371    23.0156     7.1302    217.810    7.70932  235.49959     92.489 0.0000e+00
   40.29990  -73.22266     23.345     23.164    18.6412    32.2558      7.989     0.5654 5.0640e-11  1023.1173    18.6372    23.0155     7.1299    217.799    7.70927  235.49815     92.484 0.0000e+00
   40.29990  -73.22266     23.339     23.158    18.6412    32.2555      7.989     0.5654 5.0640e-11  1023.1171    18.6372    23.0153     7.1295    217.787    7.70927  235.49806     92.479 0.0000e+00
   40.29990  -73.22266     23.325     23.145    18.6415    32.2553      7.989     0.5654 5.0640e-11  1023.1166    18.6374    23.0151     7.1291    217.776    7.70929  235.49872     92.474 0.0000e+00
   40.29990  -73.22266     23.309     23.128    18.6412    32.2553      7.989     0.5654 5.0640e-11  1023.1165    18.6372    23.0150     7.1287    217.763    7.70929  235.49877     92.469 0.0000e+00
   40.29990  -73.22266     23.295     23.115    18.6411    32.2553      7.989     0.5654 5.0640e-11  1023.1166    18.6371    23.0151     7.1282    217.748    7.70930  235.49889     92.463 0.0000e+00
   40.29990  -73.22266     23.284     23.104    18.6412    32.2553      7.989     0.5654 5.0640e-11  1023.1167    18.6372    23.0151     7.1277    217.733    7.70928  235.49833     92.456 0.0000e+00
   40.29990  -73.22266     23.267     23.087    18.6411    32.2553      7.985     0.5789 5.0640e-11  1023.1164    18.6371    23.0151     7.1272    217.716    7.70927  235.49793     92.449 0.0000e+00
   40.29990  -73.22266     23.263     23.083    18.6412    32.2553      7.989     0.5923 5.0640e-11  1023.1167    18.6372    23.0152     7.1312    217.838    7.70924  235.49709     92.501 0.0000e+00
   40.29990  -73.22266     23.237     23.057    18.6410    32.2553      7.985     0.5923 5.0640e-11  1023.1165    18.6370    23.0153     7.1309    217.831    7.70921  235.49614     92.499 0.0000e+00
   40.29990  -73.22266     23.233     23.053    18.6411    32.2553      7.985     0.5923 5.0640e-11  1023.1164    18.6371    23.0151     7.1311    217.837    7.70923  235.49652     92.501 0.0000e+00
   40.29990  -73.22266     23.214     23.034    18.6413    32.2553      7.989     0.5923 5.0640e-11  1023.1160    18.6373    23.0150     7.1308    217.828    7.70922  235.49621     92.497 0.0000e+00
   40.29990  -73.22266     23.207     23.027    18.6411    32.2553      7.989     0.5923 5.0640e-11  1023.1165    18.6371    23.0151     7.1309    217.829    7.70918  235.49511     92.499 0.0000e+00
   40.29990  -73.22266     23.172     22.993    18.6412    32.2553      7.989     0.5923 5.0640e-11  1023.1160    18.6372    23.0151     7.1309    217.831    7.70918  235.49486     92.499 -9.990e-29
   40.29990  -73.22266     23.186     23.007    18.6411    32.2553      7.989     0.5923 5.0640e-11  1023.1160    18.6371    23.0151     7.1310    217.832    7.70920  235.49555     92.500 -9.990e-29
   40.29990  -73.22266     23.163     22.983    18.6410    32.2553      7.989     0.5923 5.0640e-11  1023.1164    18.6370    23.0152     7.1351    217.960    7.70921  235.49594     92.553 0.0000e+00
   40.29990  -73.22266     23.135     22.956    18.6412    32.2552      7.989     0.5923 9.9999e+04  1023.1158    18.6372    23.0151     7.1308    217.828    7.70917  235.49473     92.498 -9.990e-29
   40.29990  -73.22266     23.142     22.963    18.6411    32.2552      7.985     0.5923 5.0640e-11  1023.1160    18.6371    23.0151     7.1353    217.965    7.70915  235.49406     92.556 -9.990e-29
   40.29990  -73.22266     23.112     22.933    18.6413    32.2550      7.989     0.5923 5.0640e-11  1023.1156    18.6374    23.0149     7.1310    217.833    7.70918  235.49499     92.500 0.0000e+00
   40.29990  -73.22266     23.095     22.916    18.6411    32.2548      7.985     0.5923 5.0640e-11  1023.1155    18.6372    23.0147     7.1308    217.826    7.70916  235.49448     92.497 0.0000e+00
   40.29990  -73.22266     23.082     22.903    18.6412    32.2548      7.989     0.5923 5.0640e-11  1023.1149    18.6372    23.0146     7.1310    217.832    7.70916  235.49433     92.500 0.0000e+00
   40.29990  -73.22266     23.065     22.886    18.6408    32.2548      7.989     0.5923 5.0640e-11  1023.1151    18.6368    23.0146     7.1307    217.825    7.70916  235.49448     92.497 0.0000e+00
   40.29990  -73.22266     23.051     22.873    18.6408    32.2548      7.989     0.5923 5.0640e-11  1023.1152    18.6368    23.0148     7.1308    217.828    7.70912  235.49341     92.499 0.0000e+00
   40.29990  -73.22266     23.024     22.845    18.6404    32.2550      7.985     0.5923 9.9999e+04  1023.1156    18.6364    23.0151     7.1306    217.820    7.70915  235.49433     92.495 0.0000e+00
   40.29990  -73.22266     23.020     22.841    18.6405    32.2550      7.985     0.5923 5.0640e-11  1023.1156    18.6365    23.0152     7.1302    217.810    7.70916  235.49463     92.490 0.0000e+00
   40.29990  -73.22266     22.989     22.811    18.6407    32.2550      7.989     0.5923 5.0640e-11  1023.1152    18.6367    23.0151     7.1349    217.953    7.70917  235.49487     92.551 0.0000e+00
   40.29990  -73.22266     22.984     22.806    18.6406    32.2550      7.989     0.5923 5.0640e-11  1023.1153    18.6367    23.0151     7.1307    217.826    7.70915  235.49431     92.497 0.0000e+00
   40.29990  -73.22266     22.959     22.781    18.6407    32.2549      7.989     0.5923 9.9999e+04  1023.1150    18.6367    23.0150     7.1307    217.826    7.70913  235.49387     92.497 0.0000e+00
   40.29990  -73.22266     22.943     22.765    18.6408    32.2549      7.989     0.5923 5.0640e-11  1023.1148    18.6368    23.0149     7.1307    217.825    7.70912  235.49355     92.497 0.0000e+00
   40.29990  -73.22266     22.919     22.742    18.6407    32.2549      7.989     0.5923 5.0640e-11  1023.1148    18.6367    23.0149     7.1307    217.824    7.70911  235.49322     92.497 0.0000e+00
   40.29990  -73.22266     22.903     22.725    18.6406    32.2549      7.989     0.5923 9.9999e+04  1023.1148    18.6367    23.0149     7.1353    217.964    7.70911  235.49314     92.556 0.0000e+00
   40.29990  -73.22266     22.889     22.712    18.6405    32.2549      7.989     0.5117 5.0640e-11  1023.1147    18.6365    23.0149     7.1356    217.975    7.70915  235.49462     92.561 0.0000e+00
   40.29990  -73.22266     22.861     22.684    18.6407    32.2549 -9.990e-29     0.4311 9.9999e+04  1023.1145    18.6367    23.0150     7.1359    217.985    7.70914  235.49427     92.565 0.0000e+00
   40.29990  -73.22266     22.838     22.661    18.6406    32.2550 -9.990e-29     0.4177 -9.990e-29  1023.1147    18.6367    23.0150     7.1362    217.993    7.70913  235.49394     92.568 0.0000e+00
   40.29990  -73.22266     22.827     22.650    18.6407    32.2550 -9.990e-29     0.4311 9.9999e+04  1023.1145    18.6367    23.0150     7.1365    218.000    7.70913  235.49377     92.571 0.0000e+00
   40.29990  -73.22266     22.801     22.624    18.6406    32.2550 -9.990e-29     0.4311 -9.990e-29  1023.1144    18.6367    23.0150     7.1367    218.006    7.70913  235.49381     92.574 0.0000e+00
   40.29990  -73.22266     22.787     22.610    18.6407    32.2550 -9.990e-29     0.4311 -9.990e-29  1023.1142    18.6367    23.0150     7.1368    218.012    7.70915  235.49420     92.576 0.0000e+00
   40.29990  -73.22266     22.759     22.583    18.6408    32.2551 -9.990e-29     0.4311 9.9999e+04  1023.1142    18.6369    23.0151     7.1370    218.015    7.70913  235.49358     92.578 0.0000e+00
   40.29990  -73.22266     22.746     22.569    18.6407    32.2554 -9.990e-29     0.4311 9.9999e+04  1023.1145    18.6367    23.0153     7.1371    218.019    7.70912  235.49339     92.579 0.0000e+00
   40.29990  -73.22266     22.708     22.533    18.6407    32.2554 -9.990e-29     0.4177 9.9999e+04  1023.1144    18.6367    23.0154     7.1371    218.019    7.70909  235.49226     92.580 -9.990e-29
   40.29990  -73.22266     22.706     22.530    18.6408    32.2554 -9.990e-29     0.4311 9.9999e+04  1023.1143    18.6369    23.0153     7.1375    218.033    7.70904  235.49101     92.586 -9.990e-29
   40.29990  -73.22266     22.678     22.503    18.6408    32.2554 -9.990e-29     0.4311 9.9999e+04  1023.1140    18.6369    23.0153     7.1375    218.031    7.70898  235.48903     92.587 0.0000e+00
   40.29990  -73.22266     22.655     22.479    18.6406    32.2554 -9.990e-29     0.4311 9.9999e+04  1023.1140    18.6367    23.0152     7.1374    218.029    7.70894  235.48785     92.586 0.0000e+00
   40.29990  -73.22266     22.627     22.452    18.6407    32.2554 -9.990e-29     0.4311 9.9999e+04  1023.1136    18.6368    23.0152     7.1419    218.166    7.70888  235.48592     92.645 0.0000e+00
   40.29990  -73.22266     22.624     22.449    18.6408    32.2553 -9.990e-29     0.4311 9.9999e+04  1023.1140    18.6369    23.0153     7.1376    218.034    7.70883  235.48447     92.589 0.0000e+00
   40.29990  -73.22266     22.587     22.412    18.6405    32.2553 -9.990e-29     0.4311 9.9999e+04  1023.1139    18.6366    23.0153     7.1420    218.170    7.70882  235.48429     92.647 0.0000e+00
   40.29990  -73.22266     22.574     22.399    18.6405    32.2552 -9.990e-29     0.4311 9.9999e+04  1023.1134    18.6366    23.0152     7.1376    218.036    7.70879  235.48357     92.591 0.0000e+00
   40.29990  -73.22266     22.557     22.382    18.6408    32.2552 -9.990e-29     0.4311 9.9999e+04  1023.1134    18.6369    23.0151     7.1420    218.169    7.70878  235.48328     92.647 0.0000e+00
   40.29990  -73.22266     22.543     22.369    18.6405    32.2552 -9.990e-29     0.4311 9.9999e+04  1023.1133    18.6366    23.0151     7.1421    218.173    7.70881  235.48420     92.649 0.0000e+00
   40.29990  -73.22266     22.516     22.341    18.6408    32.2552 -9.990e-29     0.4311 9.9999e+04  1023.1132    18.6369    23.0152     7.1422    218.176    7.70881  235.48428     92.650 0.0000e+00
   40.29990  -73.22266     22.492     22.318    18.6407    32.2552 -9.990e-29     0.4311 9.9999e+04  1023.1134    18.6368    23.0152     7.1423    218.178    7.70883  235.48511     92.650 0.0000e+00
   40.29990  -73.22266     22.476     22.302    18.6406    32.2552 -9.990e-29     0.4311 9.9999e+04  1023.1131    18.6367    23.0152     7.1422    218.176    7.70883  235.48482     92.650 0.0000e+00
   40.29990  -73.22266     22.472     22.298    18.6407    32.2553 -9.990e-29     0.4177 9.9999e+04  1023.1130    18.6368    23.0152     7.1422    218.176    7.70889  235.48672     92.649 0.0000e+00
   40.29990  -73.22266     22.434     22.261    18.6405    32.2553 -9.990e-29     0.4177 9.9999e+04  1023.1131    18.6366    23.0153     7.1421    218.173    7.70892  235.48763     92.647 0.0000e+00
   40.29990  -73.22266     22.421     22.247    18.6406    32.2555 -9.990e-29     0.4311 9.9999e+04  1023.1131    18.6368    23.0154     7.1419    218.168    7.70893  235.48793     92.645 0.0000e+00
   40.29988  -73.22258     22.414     22.240    18.6407    32.2556 -9.990e-29     0.4580 9.9999e+04  1023.1131    18.6368    23.0155     7.1417    218.159    7.70890  235.48698     92.642 0.0000e+00
   40.29988  -73.22258     22.400     22.227    18.6408    32.2557 -9.990e-29     0.5117 9.9999e+04  1023.1132    18.6369    23.0155     7.1414    218.151    7.70890  235.48701     92.638 0.0000e+00
   40.29988  -73.22258     22.374     22.201    18.6410    32.2558 -9.990e-29     0.5252 9.9999e+04  1023.1130    18.6372    23.0156     7.1369    218.014    7.70892  235.48738     92.580 0.0000e+00
   40.29988  -73.22258     22.360     22.187    18.6408    32.2561 -9.990e-29     0.5252 9.9999e+04  1023.1133    18.6369    23.0158     7.1411    218.142    7.70888  235.48622     92.635 0.0000e+00
   40.29988  -73.22258     22.353     22.180    18.6408    32.2564 -9.990e-29     0.5252 9.9999e+04  1023.1133    18.6370    23.0160     7.1366    218.003    7.70888  235.48640     92.576 0.0000e+00
   40.29988  -73.22258     22.339     22.166    18.6408    32.2567 -9.990e-29     0.5117 9.9999e+04  1023.1138    18.6370    23.0163     7.1408    218.132    7.70889  235.48676     92.630 0.0000e+00
   40.29988  -73.22258     22.323     22.150    18.6408    32.2567 -9.990e-29     0.5252 9.9999e+04  1023.1139    18.6369    23.0164     7.1407    218.131    7.70889  235.48642     92.630 0.0000e+00
   40.29988  -73.22258     22.309     22.136    18.6408    32.2568 -9.990e-29     0.5117 9.9999e+04  1023.1134    18.6370    23.0163     7.1361    217.990    7.70891  235.48715     92.570 0.0000e+00
   40.29988  -73.22258     22.302     22.130    18.6408    32.2568 -9.990e-29     0.5252 9.9999e+04  1023.1133    18.6369    23.0162     7.1356    217.974    7.70888  235.48645     92.563 0.0000e+00
   40.29988  -73.22258     22.289     22.116    18.6410    32.2568 -9.990e-29     0.5252 9.9999e+04  1023.1133    18.6372    23.0162     7.1401    218.113    7.70890  235.48681     92.622 0.0000e+00
   40.29988  -73.22258     22.282     22.109    18.6409    32.2568 -9.990e-29     0.5252 9.9999e+04  1023.1138    18.6371    23.0164     7.1401    218.110    7.70892  235.48743     92.621 0.0000e+00
   40.29988  -73.22258     22.279     22.106    18.6408    32.2568 -9.990e-29     0.5252 9.9999e+04  1023.1136    18.6370    23.0164     7.1404    218.119    7.70892  235.48752     92.625 0.0000e+00
   40.29988  -73.22258     22.262     22.090    18.6412    32.2566 -9.990e-29     0.5117 9.9999e+04  1023.1129    18.6373    23.0161     7.1402    218.114    7.70889  235.48645     92.623 0.0000e+00
   40.29988  -73.22258     22.258     22.086    18.6411    32.2564 -9.990e-29     0.5252 9.9999e+04  1023.1131    18.6373    23.0160     7.1446    218.248    7.70889  235.48650     92.680 0.0000e+00
