CalculateIndicators/WaterTemperature/Data/CTD_NYOS/20231003_C03.cnv
* Sea-Bird SBE 9 Data File:
* FileName = C:\Seabird 9 CTD\Data\2023\202309_offshore\20231003_C03.hex
* Software Version Seasave V 7.23.2
* Temperature SN = 4590
* Conductivity SN = 3228
* Number of Bytes Per Scan = 44
* Number of Voltage Words = 5
* Number of Scans Averaged by the Deck Unit = 1
* NMEA Latitude = 40 17.99 N
* NMEA Longitude = 073 13.34 W
* NMEA UTC (Time) = Oct 03 2023  09:26:17
* NMEA baud rate = 4800
** Ship: seawolf
** Station: 8.2
** Operator: SW
# nquan = 18
# nvalues = 10218                       
# units = specified
# name 0 = latitude: Latitude [deg]
# name 1 = longitude: Longitude [deg]
# name 2 = prDM: Pressure, Digiquartz [db]
# name 3 = depSM: Depth [salt water, m]
# name 4 = t090C: Temperature [ITS-90, deg C]
# name 5 = sal00: Salinity, Practical [PSU]
# name 6 = ph: pH
# name 7 = flECO-AFL: Fluorescence, WET Labs ECO-AFL/FL [mg/m^3]
# name 8 = cpar: CPAR/Corrected Irradiance [%]
# name 9 = density00: Density [density, kg/m^3]
# name 10 = potemp090C: Potential Temperature [ITS-90, deg C]
# name 11 = sigma-é00: Density [sigma-theta, kg/m^3]
# name 12 = sbeox0Mg/L: Oxygen, SBE 43 [mg/l]
# name 13 = sbox0Mm/Kg: Oxygen, SBE 43 [umol/kg]
# name 14 = oxsolMg/L: Oxygen Saturation, Garcia & Gordon [mg/l]
# name 15 = oxsolMm/Kg: Oxygen Saturation, Garcia & Gordon [umol/kg]
# name 16 = sbeox0PS: Oxygen, SBE 43 [% saturation]
# name 17 = flag:  0.000e+00
# span 0 =   40.29982,   40.29992       
# span 1 =  -73.22332,  -73.22232       
# span 2 =      1.571,     30.484       
# span 3 =      1.559,     30.248       
# span 4 =    18.6373,    18.7951       
# span 5 =    32.2399,    32.2629       
# span 6 =      7.985,      8.012       
# span 7 =     0.3237,     1.0490       
# span 8 = 5.0640e-11, 9.9999e+04       
# span 9 =  1022.9344,  1023.1536       
# span 10 =    18.6320,    18.7949      
# span 11 =    22.9620,    23.0209      
# span 12 =     7.0511,     7.5060      
# span 13 =    215.393,    229.299      
# span 14 =    7.68744,    7.70954      
# span 15 =  234.84211,  235.50510      
# span 16 =     91.464,     97.622      
# span 17 = 0.0000e+00, 0.0000e+00      
# interval = seconds: 0.0416667
# start_time = Oct 03 2023 09:26:18 [System UTC, first data scan.]
# bad_flag = -9.990e-29
*END*
[from data line 3056]
   40.29990  -73.22254     28.499     28.277    18.6417    32.2608 -9.990e-29     0.5117 -9.990e-29  1023.1435    18.6368    23.0195     7.0739    216.088    7.70858  235.47605     91.766 0.0000e+00
   40.29990  -73.22254     28.489     28.268    18.6415    32.2608 -9.990e-29     0.5117 -9.990e-29  1023.1437    18.6365    23.0195     7.0745    216.108    7.70861  235.47680     91.774 0.0000e+00
   40.29990  -73.22254     28.468     28.247    18.6415    32.2608 -9.990e-29     0.5117 -9.990e-29  1023.1435    18.6366    23.0194     7.0751    216.126    7.70857  235.47577     91.782 0.0000e+00
   40.29990  -73.22254     28.459     28.238    18.6417    32.2607 -9.990e-29     0.5117 -9.990e-29  1023.1435    18.6368    23.0194     7.0753    216.131    7.70858  235.47584     91.785 0.0000e+00
   40.29990  -73.22254     28.441     28.220    18.6415    32.2607 -9.990e-29     0.5117 -9.990e-29  1023.1433    18.6366    23.0193     7.0801    216.277    7.70858  235.47595     91.847 0.0000e+00
   40.29990  -73.22254     28.417     28.197    18.6415    32.2607 -9.990e-29     0.4983 -9.990e-29  1023.1430    18.6366    23.0193     7.0806    216.294    7.70858  235.47585     91.854 0.0000e+00
   40.29990  -73.22254     28.408     28.187    18.6413    32.2607 -9.990e-29     0.4714 -9.990e-29  1023.1432    18.6364    23.0194     7.0766    216.170    7.70858  235.47602     91.801 0.0000e+00
   40.29990  -73.22254     28.397     28.176    18.6412    32.2608 -9.990e-29     0.4714 -9.990e-29  1023.1435    18.6363    23.0195     7.0766    216.171    7.70856  235.47535     91.802 0.0000e+00
   40.29990  -73.22254     28.377     28.157    18.6413    32.2608 -9.990e-29     0.4714 -9.990e-29  1023.1430    18.6364    23.0195     7.0767    216.174    7.70856  235.47556     91.803 0.0000e+00
   40.29990  -73.22254     28.359     28.139    18.6410    32.2608 -9.990e-29     0.4714 -9.990e-29  1023.1433    18.6361    23.0195     7.0768    216.175    7.70857  235.47575     91.804 -9.990e-29
   40.29990  -73.22254     28.357     28.137    18.6411    32.2608 -9.990e-29     0.4714 -9.990e-29  1023.1430    18.6362    23.0195     7.0768    216.176    7.70856  235.47538     91.804 -9.990e-29
   40.29990  -73.22262     28.336     28.116    18.6412    32.2608 -9.990e-29     0.4714 -9.990e-29  1023.1429    18.6363    23.0195     7.0809    216.303    7.70853  235.47453     91.858 0.0000e+00
   40.29990  -73.22262     28.315     28.096    18.6412    32.2610 -9.990e-29     0.4714 -9.990e-29  1023.1433    18.6363    23.0197     7.0813    216.315    7.70855  235.47519     91.863 0.0000e+00
   40.29990  -73.22262     28.306     28.086    18.6413    32.2613 -9.990e-29     0.4714 -9.990e-29  1023.1431    18.6364    23.0199     7.0817    216.326    7.70854  235.47480     91.868 0.0000e+00
   40.29990  -73.22262     28.278     28.059    18.6415    32.2615 -9.990e-29     0.4714 -9.990e-29  1023.1432    18.6367    23.0200     7.0820    216.336    7.70855  235.47525     91.872 0.0000e+00
   40.29990  -73.22262     28.275     28.056    18.6413    32.2615 -9.990e-29     0.4714 -9.990e-29  1023.1436    18.6364    23.0201     7.0823    216.344    7.70855  235.47505     91.875 0.0000e+00
   40.29990  -73.22262     28.255     28.036    18.6419    32.2615 -9.990e-29     0.4714 -9.990e-29  1023.1432    18.6370    23.0201     7.0825    216.351    7.70856  235.47533     91.878 0.0000e+00
   40.29990  -73.22262     28.245     28.026    18.6420    32.2615 -9.990e-29     0.4714 -9.990e-29  1023.1430    18.6371    23.0199     7.0828    216.359    7.70859  235.47637     91.881 0.0000e+00
   40.29990  -73.22262     28.215     27.996    18.6422    32.2615 -9.990e-29     0.4714 -9.990e-29  1023.1427    18.6374    23.0198     7.0825    216.351    7.70862  235.47738     91.878 0.0000e+00
   40.29990  -73.22262     28.207     27.988    18.6422    32.2614 -9.990e-29     0.4714 -9.990e-29  1023.1427    18.6374    23.0198     7.0780    216.214    7.70858  235.47632     91.820 0.0000e+00
   40.29990  -73.22262     28.204     27.985    18.6422    32.2613 -9.990e-29     0.4714 -9.990e-29  1023.1426    18.6373    23.0197     7.0823    216.346    7.70862  235.47737     91.875 0.0000e+00
   40.29990  -73.22262     28.173     27.955    18.6426    32.2611 -9.990e-29     0.4714 -9.990e-29  1023.1422    18.6377    23.0195     7.0824    216.347    7.70860  235.47691     91.876 0.0000e+00
   40.29990  -73.22262     28.164     27.945    18.6425    32.2611 -9.990e-29     0.4714 -9.990e-29  1023.1418    18.6376    23.0194     7.0778    216.208    7.70863  235.47774     91.817 0.0000e+00
   40.29990  -73.22262     28.143     27.925    18.6424    32.2611 -9.990e-29     0.4714 -9.990e-29  1023.1422    18.6375    23.0194     7.0775    216.197    7.70866  235.47869     91.812 0.0000e+00
   40.29990  -73.22262     28.133     27.915    18.6427    32.2611 -9.990e-29     0.4714 -9.990e-29  1023.1421    18.6378    23.0194     7.0771    216.185    7.70870  235.47981     91.806 0.0000e+00
   40.29990  -73.22262     28.116     27.898    18.6429    32.2611 -9.990e-29     0.4714 -9.990e-29  1023.1418    18.6381    23.0193     7.0766    216.172    7.70873  235.48063     91.800 0.0000e+00
   40.29990  -73.22262     28.113     27.895    18.6429    32.2611 -9.990e-29     0.4714 -9.990e-29  1023.1418    18.6380    23.0193     7.0808    216.300    7.70876  235.48181     91.854 0.0000e+00
   40.29990  -73.22262     28.083     27.865    18.6429    32.2611 -9.990e-29     0.4714 -9.990e-29  1023.1417    18.6381    23.0194     7.0813    216.313    7.70884  235.48413     91.859 0.0000e+00
   40.29990  -73.22262     28.071     27.854    18.6427    32.2612 -9.990e-29     0.4714 -9.990e-29  1023.1419    18.6379    23.0194     7.0812    216.310    7.70883  235.48375     91.858 0.0000e+00
   40.29990  -73.22262     28.051     27.833    18.6432    32.2612 -9.990e-29     0.4580 -9.990e-29  1023.1415    18.6384    23.0194     7.0811    216.307    7.70886  235.48481     91.856 -9.990e-29
   40.29990  -73.22262     28.051     27.833    18.6433    32.2612 -9.990e-29     0.3908 -9.990e-29  1023.1417    18.6384    23.0194     7.0809    216.303    7.70888  235.48516     91.854 -9.990e-29
   40.29990  -73.22262     28.034     27.817    18.6432    32.2613 -9.990e-29     0.3640 -9.990e-29  1023.1417    18.6384    23.0194     7.0811    216.310    7.70887  235.48488     91.857 0.0000e+00
   40.29990  -73.22262     28.011     27.794    18.6434    32.2613 -9.990e-29     0.3640 -9.990e-29  1023.1412    18.6386    23.0193     7.0810    216.304    7.70890  235.48580     91.854 0.0000e+00
   40.29990  -73.22262     28.001     27.784    18.6432    32.2613 -9.990e-29     0.3774 -9.990e-29  1023.1415    18.6384    23.0194     7.0811    216.309    7.70888  235.48505     91.857 0.0000e+00
   40.29990  -73.22262     27.990     27.773    18.6433    32.2613 -9.990e-29     0.3774 -9.990e-29  1023.1415    18.6384    23.0194     7.0813    216.314    7.70888  235.48506     91.859 0.0000e+00
   40.29990  -73.22262     27.981     27.764    18.6431    32.2613 -9.990e-29     0.3774 -9.990e-29  1023.1414    18.6383    23.0194     7.0814    216.318    7.70886  235.48459     91.861 0.0000e+00
   40.29990  -73.22262     27.960     27.743    18.6435    32.2613 -9.990e-29     0.3774 -9.990e-29  1023.1411    18.6387    23.0194     7.0811    216.309    7.70886  235.48424     91.857 -9.990e-29
   40.29990  -73.22262     27.960     27.743    18.6434    32.2612 -9.990e-29     0.3774 -9.990e-29  1023.1412    18.6386    23.0193     7.0807    216.297    7.70883  235.48331     91.852 -9.990e-29
   40.29990  -73.22262     27.942     27.725    18.6434    32.2612 -9.990e-29     0.3774 -9.990e-29  1023.1410    18.6386    23.0192     7.0808    216.299    7.70881  235.48285     91.853 0.0000e+00
   40.29990  -73.22262     27.930     27.713    18.6434    32.2612 -9.990e-29     0.3774 -9.990e-29  1023.1408    18.6386    23.0192     7.0804    216.286    7.70877  235.48162     91.848 -9.990e-29
   40.29990  -73.22262     27.930     27.713    18.6432    32.2612 -9.990e-29     0.3774 -9.990e-29  1023.1410    18.6384    23.0193     7.0845    216.411    7.70872  235.48019     91.902 -9.990e-29
   40.29990  -73.22262     27.909     27.692    18.6434    32.2612 -9.990e-29     0.3774 -9.990e-29  1023.1410    18.6386    23.0193     7.0844    216.409    7.70870  235.47939     91.901 -9.990e-29
   40.29990  -73.22262     27.909     27.692    18.6435    32.2612 -9.990e-29     0.3774 -9.990e-29  1023.1409    18.6387    23.0193     7.0801    216.278    7.70870  235.47963     91.846 -9.990e-29
   40.29990  -73.22262     27.899     27.683    18.6436    32.2612 -9.990e-29     0.3774 -9.990e-29  1023.1408    18.6388    23.0193     7.0842    216.401    7.70869  235.47941     91.898 0.0000e+00
   40.29990  -73.22262     27.888     27.672    18.6434    32.2612 -9.990e-29     0.3774 -9.990e-29  1023.1409    18.6386    23.0193     7.0844    216.409    7.70869  235.47935     91.901 0.0000e+00
   40.29990  -73.22262     27.881     27.665    18.6435    32.2611 -9.990e-29     0.3774 -9.990e-29  1023.1406    18.6387    23.0192     7.0846    216.416    7.70869  235.47940     91.904 0.0000e+00
   40.29990  -73.22262     27.869     27.653    18.6434    32.2611 -9.990e-29     0.3774 -9.990e-29  1023.1404    18.6386    23.0191     7.0847    216.419    7.70863  235.47744     91.907 -9.990e-29
   40.29990  -73.22262     27.869     27.653    18.6435    32.2611 -9.990e-29     0.3774 -9.990e-29  1023.1407    18.6387    23.0192     7.0849    216.423    7.70861  235.47668     91.908 -9.990e-29
   40.29990  -73.22262     27.858     27.642    18.6436    32.2613 -9.990e-29     0.3774 -9.990e-29  1023.1406    18.6388    23.0193     7.0803    216.285    7.70859  235.47641     91.850 -9.990e-29
   40.29990  -73.22262     27.858     27.642    18.6434    32.2614 -9.990e-29     0.3774 -9.990e-29  1023.1408    18.6386    23.0194     7.0801    216.276    7.70864  235.47775     91.846 -9.990e-29
   40.29990  -73.22262     27.848     27.632    18.6436    32.2614 -9.990e-29     0.3774 -9.990e-29  1023.1407    18.6388    23.0194     7.0843    216.405    7.70861  235.47698     91.901 -9.990e-29
   40.29990  -73.22262     27.848     27.632    18.6435    32.2614 -9.990e-29     0.3774 -9.990e-29  1023.1409    18.6387    23.0194     7.0843    216.405    7.70858  235.47591     91.901 -9.990e-29
   40.29990  -73.22262     27.841     27.625    18.6436    32.2613 -9.990e-29     0.3774 -9.990e-29  1023.1406    18.6388    23.0193     7.0843    216.404    7.70855  235.47500     91.901 0.0000e+00
   40.29990  -73.22262     27.837     27.621    18.6436    32.2612 -9.990e-29     0.3774 -9.990e-29  1023.1406    18.6388    23.0192     7.0847    216.417    7.70857  235.47552     91.907 -9.990e-29
   40.29990  -73.22262     27.837     27.621    18.6437    32.2612 -9.990e-29     0.4714 -9.990e-29  1023.1403    18.6389    23.0192     7.0850    216.428    7.70855  235.47498     91.911 -9.990e-29
   40.29990  -73.22262     27.828     27.612    18.6438    32.2612 -9.990e-29     0.5386 -9.990e-29  1023.1404    18.6390    23.0192     7.0849    216.425    7.70853  235.47428     91.910 -9.990e-29
   40.29990  -73.22262     27.828     27.612    18.6437    32.2613 -9.990e-29     0.5520 -9.990e-29  1023.1404    18.6389    23.0193     7.0848    216.421    7.70850  235.47334     91.909 -9.990e-29
   40.29990  -73.22262     27.818     27.602    18.6436    32.2613 -9.990e-29     0.5386 -9.990e-29  1023.1406    18.6388    23.0193     7.0847    216.417    7.70850  235.47344     91.907 -9.990e-29
   40.29990  -73.22262     27.828     27.612    18.6437    32.2613 -9.990e-29     0.5386 -9.990e-29  1023.1405    18.6389    23.0192     7.0844    216.410    7.70848  235.47272     91.905 -9.990e-29
   40.29990  -73.22254     27.818     27.602    18.6440    32.2613 -9.990e-29     0.5386 -9.990e-29  1023.1403    18.6392    23.0192     7.0889    216.546    7.70851  235.47378     91.962 0.0000e+00
   40.29990  -73.22254     27.810     27.594    18.6437    32.2612 -9.990e-29     0.5386 -9.990e-29  1023.1405    18.6389    23.0192     7.0848    216.422    7.70851  235.47365     91.909 -9.990e-29
   40.29990  -73.22254     27.818     27.602    18.6440    32.2611 -9.990e-29     0.5386 -9.990e-29  1023.1402    18.6392    23.0191     7.0896    216.568    7.70851  235.47392     91.971 -9.990e-29
   40.29990  -73.22254     27.818     27.602    18.6438    32.2611 -9.990e-29     0.5386 -9.990e-29  1023.1405    18.6390    23.0191     7.0855    216.444    7.70852  235.47416     91.918 -9.990e-29
   40.29990  -73.22254     27.807     27.591    18.6439    32.2611 -9.990e-29     0.5386 -9.990e-29  1023.1402    18.6391    23.0191     7.0856    216.446    7.70849  235.47312     91.919 0.0000e+00
   40.29990  -73.22254     27.797     27.582    18.6438    32.2610 -9.990e-29     0.5386 -9.990e-29  1023.1403    18.6390    23.0190     7.0903    216.590    7.70856  235.47546     91.980 -9.990e-29
   40.29990  -73.22254     27.807     27.591    18.6437    32.2607 -9.990e-29     0.5386 -9.990e-29  1023.1400    18.6389    23.0189     7.0908    216.604    7.70851  235.47398     91.986 -9.990e-29
   40.29990  -73.22254     27.797     27.582    18.6436    32.2605 -9.990e-29     0.5386 -9.990e-29  1023.1397    18.6388    23.0186     7.0912    216.617    7.70853  235.47439     91.992 -9.990e-29
   40.29990  -73.22254     27.797     27.582    18.6439    32.2604 -9.990e-29     0.5386 -9.990e-29  1023.1396    18.6391    23.0186     7.0916    216.629    7.70854  235.47472     91.997 -9.990e-29
   40.29990  -73.22254     27.800     27.584    18.6434    32.2604 -9.990e-29     0.5386 -9.990e-29  1023.1402    18.6386    23.0187     7.0870    216.487    7.70856  235.47536     91.936 -9.990e-29
   40.29990  -73.22254     27.797     27.582    18.6437    32.2604 -9.990e-29     0.5386 -9.990e-29  1023.1397    18.6389    23.0186     7.0869    216.485    7.70857  235.47574     91.935 0.0000e+00
   40.29990  -73.22254     27.786     27.571    18.6436    32.2604 -9.990e-29     0.5386 -9.990e-29  1023.1395    18.6388    23.0186     7.0868    216.482    7.70858  235.47610     91.934 -9.990e-29
   40.29990  -73.22254     27.786     27.571    18.6433    32.2604 -9.990e-29     0.5386 -9.990e-29  1023.1399    18.6385    23.0187     7.0908    216.605    7.70860  235.47670     91.986 -9.990e-29
   40.29990  -73.22254     27.786     27.571    18.6430    32.2603 -9.990e-29     0.5386 -9.990e-29  1023.1399    18.6382    23.0188     7.0860    216.458    7.70860  235.47643     91.924 -9.990e-29
   40.29990  -73.22254     27.777     27.561    18.6429    32.2603 -9.990e-29     0.5386 -9.990e-29  1023.1398    18.6381    23.0187     7.0853    216.438    7.70859  235.47640     91.915 -9.990e-29
   40.29990  -73.22254     27.777     27.561    18.6427    32.2601 -9.990e-29     0.5386 -9.990e-29  1023.1397    18.6379    23.0186     7.0846    216.416    7.70857  235.47547     91.906 -9.990e-29
   40.29990  -73.22254     27.777     27.561    18.6422    32.2601 -9.990e-29     0.5386 -9.990e-29  1023.1397    18.6374    23.0186     7.0843    216.407    7.70856  235.47537     91.902 -9.990e-29
   40.29990  -73.22254     27.770     27.554    18.6423    32.2601 -9.990e-29     0.5386 -9.990e-29  1023.1395    18.6375    23.0186     7.0840    216.398    7.70857  235.47570     91.898 0.0000e+00
   40.29990  -73.22254     27.756     27.541    18.6421    32.2601 -9.990e-29     0.5386 -9.990e-29  1023.1396    18.6373    23.0188     7.0837    216.388    7.70859  235.47625     91.894 -9.990e-29
   40.29990  -73.22254     27.756     27.541    18.6419    32.2604 -9.990e-29     0.5117 -9.990e-29  1023.1399    18.6371    23.0191     7.0834    216.378    7.70857  235.47577     91.890 -9.990e-29
