CalculateIndicators/WaterTemperature/Data/CTD_NYOS/20230515_C01.cnv
* Sea-Bird SBE 9 Data File:
* FileName = C:\Seabird 9 CTD\Data\2023\202305_offshore\20230515_C01.hex
* Software Version Seasave V 7.23.2
* Temperature SN = 4590
* Conductivity SN = 3228
* Number of Bytes Per Scan = 44
* Number of Voltage Words = 5
* Number of Scans Averaged by the Deck Unit = 1
* NMEA Latitude = 40 57.56 N
* NMEA Longitude = 073 34.88 W
* NMEA UTC (Time) = May 15 2023  01:20:01
* NMEA baud rate = 4800
** Ship: Seawolf
** Station: LIS_ARIG
** Operator: TDK
# nquan = 18
# nvalues = 8276                        
# units = specified
# name 0 = latitude: Latitude [deg]
# name 1 = longitude: Longitude [deg]
# name 2 = prDM: Pressure, Digiquartz [db]
# name 3 = depSM: Depth [salt water, m]
# name 4 = t090C: Temperature [ITS-90, deg C]
# name 5 = sal00: Salinity, Practical [PSU]
# name 6 = ph: pH
# name 7 = flECO-AFL: Fluorescence, WET Labs ECO-AFL/FL [mg/m^3]
# name 8 = cpar: CPAR/Corrected Irradiance [%]
# name 9 = density00: Density [density, kg/m^3]
# name 10 = potemp090C: Potential Temperature [ITS-90, deg C]
# name 11 = sigma-é00: Density [sigma-theta, kg/m^3]
# name 12 = sbeox0Mg/L: Oxygen, SBE 43 [mg/l]
# name 13 = sbox0Mm/Kg: Oxygen, SBE 43 [umol/kg]
# name 14 = oxsolMg/L: Oxygen Saturation, Garcia & Gordon [mg/l]
# name 15 = oxsolMm/Kg: Oxygen Saturation, Garcia & Gordon [umol/kg]
# name 16 = sbeox0PS: Oxygen, SBE 43 [% saturation]
# name 17 = flag:  0.000e+00
# span 0 =   40.95932,   40.95950       
# span 1 =  -73.58186,  -73.58130       
# span 2 =      1.899,     14.074       
# span 3 =      1.884,     13.965       
# span 4 =    10.9066,    15.1122       
# span 5 =    25.4819,    26.6257       
# span 6 =      7.771,      8.179       
# span 7 =     1.0893,     2.5532       
# span 8 = 5.0640e-11, 9.9999e+04       
# span 9 =  1018.6454,  1020.3426       
# span 10 =    10.9051,    15.1116      
# span 11 =    18.6425,    20.2786      
# span 12 =     7.8762,    11.3547      
# span 13 =    241.243,    348.108      
# span 14 =    8.60439,    9.33439      
# span 15 =  263.96867,  285.90605      
# span 16 =     84.388,    128.729      
# span 17 = 0.0000e+00, 0.0000e+00      
# interval = seconds: 0.0416667
# start_time = May 15 2023 01:20:03 [System UTC, first data scan.]
# bad_flag = -9.990e-29
*END*
[from data line 5950]
   40.95942  -73.58170      1.919      1.905    14.9835    25.5355      8.174     1.6399 6.5479e+00  1018.7018    14.9832    18.6928    11.0608    339.315    8.62175  264.49254    128.289 -9.990e-29
   40.95942  -73.58170      1.908      1.894    14.9853    25.5344      8.174     1.6399 6.6690e+00  1018.7002    14.9851    18.6916    11.0553    339.148    8.62183  264.49494    128.225 -9.990e-29
   40.95942  -73.58170      1.930      1.915    14.9870    25.5336      8.170     1.6399 4.9106e+00  1018.6986    14.9867    18.6907    11.0545    339.121    8.62188  264.49625    128.214 -9.990e-29
   40.95942  -73.58170      1.919      1.905    14.9865    25.5336      8.174     1.6399 3.8772e+00  1018.6989    14.9863    18.6905    11.0588    339.254    8.62198  264.49895    128.263 -9.990e-29
   40.95942  -73.58170      1.929      1.914    14.9860    25.5336      8.170     1.6265 9.9999e+04  1018.6994    14.9857    18.6908    11.0582    339.236    8.62195  264.49797    128.257 -9.990e-29
   40.95942  -73.58170      1.940      1.925    14.9858    25.5344      8.174     1.5862 4.8091e+00  1018.6998    14.9856    18.6915    11.0573    339.207    8.62173  264.49151    128.249 -9.990e-29
   40.95942  -73.58170      1.929      1.914    14.9853    25.5357      8.174     1.5728 5.8771e+00  1018.7013    14.9851    18.6925    11.0563    339.176    8.62152  264.48499    128.240 -9.990e-29
   40.95942  -73.58170      1.950      1.935    14.9855    25.5366      8.174     1.5728 6.1055e+00  1018.7028    14.9852    18.6934    11.0561    339.172    8.62162  264.48796    128.237 -9.990e-29
   40.95942  -73.58170      1.950      1.935    14.9882    25.5366      8.170     1.5728 6.6386e+00  1018.7025    14.9880    18.6932    11.0558    339.161    8.62202  264.49981    128.227 -9.990e-29
   40.95942  -73.58170      1.959      1.944    14.9918    25.5366      8.170     1.5728 7.4252e+00  1018.7007    14.9915    18.6921    11.0560    339.166    8.62246  264.51282    128.223 -9.990e-29
   40.95942  -73.58170      1.959      1.944    14.9938    25.5353      8.174     1.5728 7.6224e+00  1018.6996    14.9936    18.6906    11.0560    339.166    8.62285  264.52418    128.217 -9.990e-29
   40.95942  -73.58170      1.959      1.944    14.9954    25.5336      8.170     1.5728 9.9999e+04  1018.6976    14.9951    18.6890    11.0556    339.153    8.62293  264.52678    128.211 -9.990e-29
   40.95942  -73.58170      1.970      1.955    14.9964    25.5335      8.174     1.5728 5.9907e+00  1018.6956    14.9961    18.6877    11.0546    339.125    8.62272  264.52030    128.204 -9.990e-29
   40.95942  -73.58170      1.980      1.965    14.9965    25.5335      8.170     1.5728 5.3816e+00  1018.6960    14.9963    18.6877    11.0540    339.104    8.62230  264.50778    128.202 -9.990e-29
   40.95942  -73.58170      1.980      1.965    14.9972    25.5335      8.174     1.5728 1.3997e+00  1018.6977    14.9969    18.6884    11.0525    339.060    8.62173  264.49107    128.193 -9.990e-29
   40.95942  -73.58170      1.980      1.965    14.9986    25.5335      8.174     1.5728 5.0640e-11  1018.6981    14.9983    18.6889    11.0569    339.197    8.62133  264.47914    128.251 -9.990e-29
   40.95942  -73.58170      1.981      1.966    14.9994    25.5335      8.174     1.5593 9.9999e+04  1018.6977    14.9992    18.6886    11.0567    339.190    8.62098  264.46879    128.253 -9.990e-29
   40.95942  -73.58170      1.990      1.974    15.0003    25.5335      8.174     1.5728 9.9999e+04  1018.6967    15.0000    18.6879    11.0566    339.186    8.62073  264.46153    128.255 -9.990e-29
   40.95942  -73.58170      1.980      1.965    15.0010    25.5328      8.174     1.5728 9.9999e+04  1018.6961    15.0007    18.6872    11.0515    339.030    8.62075  264.46212    128.196 -9.990e-29
   40.95942  -73.58170      1.990      1.974    15.0013    25.5319      8.170     1.5728 5.0640e-11  1018.6959    15.0010    18.6862    11.0518    339.040    8.62090  264.46657    128.198 -9.990e-29
   40.95942  -73.58170      1.990      1.974    15.0040    25.5298      8.174     1.5728 1.4311e+00  1018.6938    15.0038    18.6840    11.0522    339.051    8.62114  264.47400    128.198 -9.990e-29
   40.95936  -73.58176      1.990      1.974    15.0105    25.5267      8.174     1.5728 9.9999e+04  1018.6892    15.0102    18.6808    11.0528    339.070    8.62155  264.48625    128.199 -9.990e-29
   40.95936  -73.58176      1.990      1.974    15.0161    25.5257      8.174     1.5728 3.1647e+00  1018.6855    15.0158    18.6782    11.0533    339.084    8.62189  264.49633    128.200 -9.990e-29
   40.95936  -73.58176      1.990      1.974    15.0163    25.5257      8.174     1.5728 9.9999e+04  1018.6857    15.0160    18.6778    11.0589    339.255    8.62217  264.50483    128.261 -9.990e-29
   40.95936  -73.58176      1.990      1.974    15.0137    25.5257      8.174     1.5728 9.9999e+04  1018.6879    15.0135    18.6791    11.0597    339.282    8.62244  264.51288    128.267 -9.990e-29
   40.95936  -73.58176      1.990      1.974    15.0119    25.5277      8.174     1.5728 9.9999e+04  1018.6900    15.0117    18.6810    11.0605    339.306    8.62267  264.52009    128.272 -9.990e-29
   40.95936  -73.58176      1.990      1.974    15.0103    25.5296      8.170     1.5728 2.2756e+00  1018.6921    15.0101    18.6828    11.0613    339.331    8.62297  264.52876    128.277 -9.990e-29
   40.95936  -73.58176      1.990      1.974    15.0102    25.5308      8.174     1.5728 4.3154e-01  1018.6932    15.0099    18.6838    11.0622    339.357    8.62334  264.53970    128.282 -9.990e-29
   40.95936  -73.58176      1.980      1.965    15.0107    25.5308      8.174     1.5728 4.7964e-02  1018.6929    15.0104    18.6840    11.0628    339.375    8.62353  264.54539    128.286 -9.990e-29
   40.95936  -73.58176      1.991      1.975    15.0110    25.5308      8.174     1.6131 9.9999e+04  1018.6931    15.0107    18.6839    11.0631    339.384    8.62358  264.54668    128.289 -9.990e-29
   40.95936  -73.58176      1.980      1.965    15.0117    25.5305      8.174     1.6399 2.4177e-01  1018.6924    15.0114    18.6832    11.0633    339.391    8.62354  264.54570    128.292 -9.990e-29
   40.95936  -73.58176      1.980      1.965    15.0134    25.5296      8.170     1.6399 2.6661e-01  1018.6909    15.0131    18.6823    11.0582    339.233    8.62347  264.54351    128.233 -9.990e-29
   40.95936  -73.58176      1.980      1.965    15.0144    25.5288      8.174     1.6399 1.3997e+00  1018.6900    15.0141    18.6815    11.0629    339.379    8.62341  264.54152    128.290 -9.990e-29
   40.95936  -73.58176      1.980      1.965    15.0149    25.5284      8.174     1.6399 9.9999e+04  1018.6896    15.0147    18.6811    11.0578    339.222    8.62340  264.54132    128.230 -9.990e-29
   40.95936  -73.58176      1.980      1.965    15.0143    25.5283      8.174     1.6399 1.3307e+01  1018.6900    15.0140    18.6811    11.0572    339.203    8.62328  264.53784    128.225 -9.990e-29
   40.95936  -73.58176      1.970      1.955    15.0141    25.5283      8.170     1.6399 9.9999e+04  1018.6900    15.0138    18.6812    11.0619    339.346    8.62323  264.53616    128.280 -9.990e-29
   40.95936  -73.58176      1.970      1.955    15.0137    25.5283      8.170     1.6399 3.1032e+00  1018.6899    15.0135    18.6812    11.0568    339.189    8.62330  264.53816    128.219 -9.990e-29
   40.95936  -73.58176      1.970      1.955    15.0136    25.5285      8.174     1.6399 9.9999e+04  1018.6898    15.0133    18.6814    11.0615    339.336    8.62340  264.54106    128.274 -9.990e-29
   40.95936  -73.58176      1.970      1.955    15.0127    25.5290      8.174     1.6399 8.3598e-01  1018.6910    15.0124    18.6819    11.0555    339.152    8.62327  264.53710    128.206 -9.990e-29
   40.95936  -73.58176      1.959      1.944    15.0127    25.5290      8.174     1.6399 1.2455e+00  1018.6912    15.0124    18.6822    11.0598    339.283    8.62302  264.52975    128.259 -9.990e-29
   40.95936  -73.58176      1.970      1.955    15.0118    25.5290      8.174     1.6399 9.9999e+04  1018.6913    15.0116    18.6822    11.0594    339.270    8.62282  264.52367    128.257 -9.990e-29
   40.95936  -73.58176      1.950      1.935    15.0115    25.5283      8.174     1.6399 1.4944e+00  1018.6904    15.0112    18.6817    11.0589    339.255    8.62260  264.51691    128.255 -9.990e-29
   40.95936  -73.58176      1.961      1.946    15.0110    25.5273      8.174     1.6399 9.9999e+04  1018.6896    15.0107    18.6810    11.0585    339.242    8.62247  264.51303    128.252 -9.990e-29
   40.95936  -73.58176      1.950      1.935    15.0106    25.5266      8.174     1.6399 6.8371e-01  1018.6891    15.0103    18.6805    11.0581    339.231    8.62238  264.51035    128.249 -9.990e-29
   40.95936  -73.58176      1.950      1.935    15.0102    25.5261      8.170     1.6399 6.4299e-01  1018.6890    15.0099    18.6803    11.0577    339.218    8.62232  264.50848    128.245 -9.990e-29
   40.95936  -73.58176      1.950      1.935    15.0095    25.5258      8.174     1.6399 2.4221e+00  1018.6886    15.0092    18.6801    11.0572    339.205    8.62227  264.50699    128.240 -9.990e-29
   40.95936  -73.58176      1.940      1.925    15.0088    25.5258      8.170     1.6399 4.8851e+00  1018.6888    15.0085    18.6801    11.0566    339.187    8.62214  264.50321    128.235 -9.990e-29
   40.95936  -73.58176      1.950      1.935    15.0083    25.5258      8.174     1.6399 9.9999e+04  1018.6890    15.0080    18.6804    11.0566    339.185    8.62200  264.49922    128.237 -9.990e-29
   40.95936  -73.58176      1.950      1.935    15.0078    25.5261      8.174     1.6399 5.5168e+00  1018.6892    15.0075    18.6807    11.0559    339.163    8.62182  264.49394    128.231 -9.990e-29
   40.95936  -73.58176      1.940      1.925    15.0071    25.5266      8.174     1.6399 9.9999e+04  1018.6898    15.0068    18.6812    11.0559    339.164    8.62180  264.49316    128.232 -9.990e-29
   40.95936  -73.58176      1.940      1.925    15.0066    25.5274 -9.990e-29     1.6399 5.6538e+00  1018.6905    15.0063    18.6818    11.0555    339.153    8.62196  264.49785    128.225 -9.990e-29
   40.95936  -73.58176      1.940      1.925    15.0057    25.5280 -9.990e-29     1.6399 5.7370e+00  1018.6914    15.0055    18.6825    11.0550    339.138    8.62203  264.49994    128.218 -9.990e-29
   40.95936  -73.58176      1.940      1.925    15.0057    25.5285 -9.990e-29     1.6399 9.9999e+04  1018.6918    15.0055    18.6828    11.0552    339.142    8.62217  264.50422    128.218 -9.990e-29
   40.95936  -73.58176      1.929      1.914    15.0071    25.5285 -9.990e-29     1.6399 5.9907e+00  1018.6912    15.0068    18.6827    11.0553    339.147    8.62238  264.51035    128.217 -9.990e-29
   40.95936  -73.58176      1.940      1.925    15.0083    25.5288 -9.990e-29     1.6668 5.3548e+00  1018.6910    15.0080    18.6828    11.0556    339.156    8.62268  264.51959    128.216 -9.990e-29
   40.95936  -73.58176      1.929      1.914    15.0074    25.5296 -9.990e-29     1.6668 3.4589e+00  1018.6919    15.0072    18.6836    11.0558    339.160    8.62289  264.52595    128.214 -9.990e-29
   40.95936  -73.58176      1.941      1.926    15.0047    25.5307 -9.990e-29     1.6668 9.9999e+04  1018.6935    15.0045    18.6850    11.0557    339.159    8.62298  264.52881    128.212 -9.990e-29
   40.95936  -73.58176      1.929      1.914    15.0018    25.5321 -9.990e-29     1.6668 9.9999e+04  1018.6951    15.0015    18.6865    11.0557    339.158    8.62309  264.53191    128.211 -9.990e-29
   40.95936  -73.58176      1.929      1.914    14.9991    25.5332 -9.990e-29     1.6668 4.6590e+00  1018.6969    14.9988    18.6878    11.0554    339.149    8.62304  264.53040    128.208 -9.990e-29
   40.95936  -73.58176      1.929      1.914    14.9984    25.5332 -9.990e-29     1.6668 5.4896e+00  1018.6975    14.9982    18.6882    11.0552    339.144    8.62306  264.53121    128.206 -9.990e-29
   40.95936  -73.58176      1.929      1.914    15.0000    25.5332 -9.990e-29     1.6668 5.5440e+00  1018.6965    14.9997    18.6876    11.0550    339.136    8.62307  264.53159    128.202 -9.990e-29
   40.95936  -73.58176      1.920      1.905    15.0027    25.5320 -9.990e-29     1.6668 5.3281e+00  1018.6950    15.0024    18.6862    11.0548    339.131    8.62314  264.53350    128.200 -9.990e-29
   40.95936  -73.58176      1.929      1.914    15.0064    25.5306 -9.990e-29     1.6668 5.2220e+00  1018.6930    15.0061    18.6845    11.0546    339.122    8.62317  264.53429    128.196 -9.990e-29
   40.95936  -73.58176      1.929      1.914    15.0091    25.5292 -9.990e-29     1.6668 9.9999e+04  1018.6914    15.0089    18.6829    11.0542    339.111    8.62316  264.53410    128.192 -9.990e-29
   40.95936  -73.58176      1.929      1.914    15.0115    25.5279 -9.990e-29     1.6668 4.8851e+00  1018.6900    15.0112    18.6814    11.0545    339.119    8.62315  264.53343    128.195 -9.990e-29
   40.95936  -73.58176      1.929      1.914    15.0134    25.5268 -9.990e-29     1.6668 4.6342e+00  1018.6884    15.0131    18.6803    11.0545    339.122    8.62305  264.53046    128.198 -9.990e-29
   40.95936  -73.58176      1.929      1.914    15.0134    25.5265 -9.990e-29     1.6534 4.6095e+00  1018.6881    15.0131    18.6798    11.0494    338.962    8.62290  264.52589    128.140 -9.990e-29
   40.95936  -73.58176      1.940      1.925    15.0125    25.5265 -9.990e-29     1.6668 3.8546e+00  1018.6885    15.0123    18.6799    11.0483    338.929    8.62273  264.52082    128.129 -9.990e-29
   40.95936  -73.58176      1.929      1.914    15.0112    25.5265 -9.990e-29     1.6668 3.1854e+00  1018.6886    15.0109    18.6804    11.0471    338.892    8.62249  264.51347    128.119 -9.990e-29
   40.95942  -73.58170      1.950      1.935    15.0085    25.5273 -9.990e-29     1.6668 3.0624e+00  1018.6901    15.0082    18.6814    11.0459    338.857    8.62228  264.50712    128.109 -9.990e-29
   40.95942  -73.58170      1.950      1.935    15.0062    25.5282 -9.990e-29     1.6668 2.8621e+00  1018.6915    15.0059    18.6826    11.0448    338.823    8.62212  264.50243    128.098 -9.990e-29
   40.95942  -73.58170      1.942      1.926    15.0044    25.5287 -9.990e-29     1.6668 9.9999e+04  1018.6923    15.0041    18.6834    11.0437    338.791    8.62198  264.49834    128.088 -9.990e-29
   40.95942  -73.58170      1.959      1.944    15.0029    25.5289 -9.990e-29     1.6668 2.4966e+00  1018.6927    15.0026    18.6838    11.0433    338.778    8.62188  264.49545    128.085 -9.990e-29
   40.95942  -73.58170      1.959      1.944    15.0016    25.5291 -9.990e-29     1.6668 2.9415e+00  1018.6926    15.0014    18.6843    11.0430    338.768    8.62184  264.49454    128.081 -9.990e-29
   40.95942  -73.58170      1.959      1.944    14.9996    25.5299 -9.990e-29     1.6668 9.9999e+04  1018.6939    14.9993    18.6853    11.0477    338.915    8.62170  264.49054    128.139 -9.990e-29
   40.95942  -73.58170      1.959      1.944    14.9970    25.5310 -9.990e-29     1.6668 4.3185e+00  1018.6956    14.9968    18.6865    11.0428    338.764    8.62170  264.49081    128.082 -9.990e-29
   40.95942  -73.58170      1.980      1.965    14.9957    25.5318 -9.990e-29     1.6668 3.8546e+00  1018.6966    14.9954    18.6874    11.0427    338.761    8.62181  264.49398    128.079 -9.990e-29
   40.95942  -73.58170      1.959      1.944    14.9954    25.5322 -9.990e-29     1.6534 2.5719e+00  1018.6968    14.9951    18.6878    11.0428    338.762    8.62199  264.49944    128.077 -9.990e-29
   40.95942  -73.58170      1.980      1.965    14.9955    25.5323 -9.990e-29     1.6131 2.1501e+00  1018.6969    14.9953    18.6879    11.0428    338.764    8.62217  264.50491    128.075 -9.990e-29
   40.95942  -73.58170      1.970      1.955    14.9959    25.5323 -9.990e-29     1.5862 9.9999e+04  1018.6969    14.9956    18.6879    11.0429    338.765    8.62235  264.51020    128.073 -9.990e-29
