CalculateIndicators/WaterTemperature/Data/CTD_NYOS/20230516_C13.cnv
* Sea-Bird SBE 9 Data File:
* FileName = C:\Seabird 9 CTD\Data\2023\202305_offshore\20230516_C13.hex
* Software Version Seasave V 7.23.2
* Temperature SN = 4590
* Conductivity SN = 3228
* Number of Bytes Per Scan = 44
* Number of Voltage Words = 5
* Number of Scans Averaged by the Deck Unit = 1
* NMEA Latitude = 39 46.23 N
* NMEA Longitude = 072 22.91 W
* NMEA UTC (Time) = May 16 2023  14:33:52
* NMEA baud rate = 4800
** Ship: Seawolf
** Station: 9.5
** Operator: tcm
# nquan = 18
# nvalues = 17648                       
# units = specified
# name 0 = latitude: Latitude [deg]
# name 1 = longitude: Longitude [deg]
# name 2 = prDM: Pressure, Digiquartz [db]
# name 3 = depSM: Depth [salt water, m]
# name 4 = t090C: Temperature [ITS-90, deg C]
# name 5 = sal00: Salinity, Practical [PSU]
# name 6 = ph: pH
# name 7 = flECO-AFL: Fluorescence, WET Labs ECO-AFL/FL [mg/m^3]
# name 8 = cpar: CPAR/Corrected Irradiance [%]
# name 9 = density00: Density [density, kg/m^3]
# name 10 = potemp090C: Potential Temperature [ITS-90, deg C]
# name 11 = sigma-é00: Density [sigma-theta, kg/m^3]
# name 12 = sbeox0Mg/L: Oxygen, SBE 43 [mg/l]
# name 13 = sbox0Mm/Kg: Oxygen, SBE 43 [umol/kg]
# name 14 = oxsolMg/L: Oxygen Saturation, Garcia & Gordon [mg/l]
# name 15 = oxsolMm/Kg: Oxygen Saturation, Garcia & Gordon [umol/kg]
# name 16 = sbeox0PS: Oxygen, SBE 43 [% saturation]
# name 17 = flag:  0.000e+00
# span 0 =   39.76956,   39.77056       
# span 1 =  -72.38196,  -72.37898       
# span 2 =      1.481,     82.469       
# span 3 =      1.470,     81.823       
# span 4 =     7.1204,    12.6263       
# span 5 =    32.5645,    33.1993       
# span 6 =      7.834,      8.110       
# span 7 =    -0.3479,     1.1564       
# span 8 = 4.2341e-14, 1.0824e+02       
# span 9 =  1024.5707,  1026.3308       
# span 10 =     7.1160,    12.6256      
# span 11 =    24.5807,    25.9550      
# span 12 =     8.2860,    10.0200      
# span 13 =    252.392,    305.411      
# span 14 =    8.66653,    9.74144      
# span 15 =  264.33176,  296.73378      
# span 16 =     85.478,    112.283      
# span 17 = 0.0000e+00, 0.0000e+00      
# interval = seconds: 0.0416667
# start_time = May 16 2023 14:33:52 [System UTC, first data scan.]
# bad_flag = -9.990e-29
*END*
[from data line 17448]
 -9.990e-29  -72.37906      2.395      2.376    12.6072    32.5790      8.067     0.1357 3.4693e+01  1024.6049    12.6069    24.5943     9.1075    277.782    8.67039  264.44932    105.042 -9.990e-29
 -9.990e-29  -72.37906      2.404      2.386    12.6071    32.5791      8.067     0.1357 3.4112e+01  1024.6051    12.6067    24.5944     9.1079    277.794    8.67034  264.44775    105.047 -9.990e-29
 -9.990e-29  -72.37906      2.404      2.386    12.6071    32.5792      8.067     0.1357 3.1530e+01  1024.6053    12.6067    24.5945     9.1078    277.792    8.67038  264.44899    105.045 -9.990e-29
 -9.990e-29  -72.37906      2.415      2.397    12.6069    32.5793      8.067     0.1357 2.7860e+01  1024.6056    12.6066    24.5947     9.1078    277.791    8.67040  264.44966    105.045 -9.990e-29
 -9.990e-29  -72.37906      2.425      2.406    12.6069    32.5793      8.067     0.1357 2.6936e+01  1024.6057    12.6066    24.5948     9.1084    277.810    8.67039  264.44930    105.052 -9.990e-29
 -9.990e-29  -72.37906      2.425      2.406    12.6068    32.5793      8.067     0.1357 2.7626e+01  1024.6056    12.6065    24.5947     9.1091    277.831    8.67040  264.44952    105.060 -9.990e-29
 -9.990e-29  -72.37906      2.425      2.406    12.6069    32.5793      8.067     0.1357 2.9061e+01  1024.6051    12.6066    24.5946     9.1099    277.855    8.67038  264.44908    105.069 -9.990e-29
 -9.990e-29  -72.37906      2.425      2.406    12.6067    32.5793      8.067     0.1357 2.9555e+01  1024.6057    12.6064    24.5947     9.1108    277.881    8.67039  264.44915    105.079 -9.990e-29
 -9.990e-29  -72.37906      2.435      2.416    12.6069    32.5795      8.067     0.1357 3.1886e+01  1024.6057    12.6066    24.5948     9.1064    277.748    8.67040  264.44961    105.029 -9.990e-29
 -9.990e-29  -72.37906      2.446      2.427    12.6067    32.5797      8.067     0.1357 4.1884e+01  1024.6058    12.6064    24.5950     9.1115    277.903    8.67039  264.44913    105.088 -9.990e-29
 -9.990e-29  -72.37906      2.457      2.438    12.6064    32.5799      8.067     0.1357 4.6607e+01  1024.6063    12.6061    24.5952     9.1126    277.938    8.67041  264.44980    105.100 -9.990e-29
 -9.990e-29  -72.37906      2.446      2.427    12.6066    32.5799      8.067     0.1357 4.4934e+01  1024.6059    12.6063    24.5952     9.1138    277.973    8.67041  264.44967    105.114 -9.990e-29
 -9.990e-29  -72.37906      2.455      2.436    12.6066    32.5799      8.067     0.1357 3.4208e+01  1024.6064    12.6063    24.5952     9.1144    277.991    8.67039  264.44911    105.121 -9.990e-29
 -9.990e-29  -72.37906      2.476      2.457    12.6066    32.5798      8.067     0.1357 3.0058e+01  1024.6060    12.6062    24.5951     9.1151    278.012    8.67041  264.44977    105.128 -9.990e-29
 -9.990e-29  -72.37906      2.465      2.446    12.6062    32.5798      8.067     0.1357 2.9831e+01  1024.6061    12.6059    24.5950     9.1104    277.871    8.67040  264.44966    105.075 -9.990e-29
 -9.990e-29  -72.37906      2.485      2.466    12.6062    32.5798      8.067     0.1357 2.8120e+01  1024.6061    12.6059    24.5951     9.1100    277.857    8.67045  264.45087    105.069 -9.990e-29
 -9.990e-29  -72.37906      2.485      2.466    12.6059    32.5798      8.067     0.1357 2.7187e+01  1024.6063    12.6055    24.5952     9.1095    277.843    8.67041  264.44985    105.065 -9.990e-29
 -9.990e-29  -72.37906      2.506      2.487    12.6060    32.5800      8.067     0.1357 2.7035e+01  1024.6065    12.6057    24.5953     9.1150    278.011    8.67036  264.44825    105.129 -9.990e-29
 -9.990e-29  -72.37906      2.506      2.487    12.6059    32.5801      8.067     0.1357 2.4708e+01  1024.6066    12.6055    24.5954     9.1153    278.021    8.67036  264.44835    105.132 -9.990e-29
 -9.990e-29  -72.37906      2.527      2.507    12.6060    32.5802      8.067     0.1357 2.2966e+01  1024.6069    12.6056    24.5955     9.1157    278.031    8.67039  264.44935    105.136 -9.990e-29
 -9.990e-29  -72.37906      2.536      2.517    12.6059    32.5802      8.067     0.1357 2.2646e+01  1024.6068    12.6055    24.5956     9.1160    278.041    8.67038  264.44890    105.140 -9.990e-29
 -9.990e-29  -72.37906      2.538      2.518    12.6057    32.5802      8.067     0.1357 2.1607e+01  1024.6070    12.6054    24.5956     9.1164    278.053    8.67041  264.44990    105.144 -9.990e-29
 -9.990e-29  -72.37906      2.546      2.526    12.6059    32.5802      8.067     0.1491 2.0368e+01  1024.6070    12.6055    24.5956     9.1161    278.044    8.67039  264.44918    105.141 -9.990e-29
 -9.990e-29  -72.37906      2.566      2.547    12.6057    32.5802      8.067     0.1491 2.0140e+01  1024.6072    12.6054    24.5956     9.1165    278.056    8.67039  264.44928    105.145 -9.990e-29
 -9.990e-29  -72.37906      2.567      2.547    12.6059    32.5802      8.067     0.1491 2.1245e+01  1024.6069    12.6055    24.5955     9.1170    278.070    8.67042  264.45018    105.150 -9.990e-29
 -9.990e-29  -72.37906      2.587      2.567    12.6057    32.5802      8.067     0.1491 2.3115e+01  1024.6072    12.6054    24.5955     9.1167    278.063    8.67040  264.44937    105.148 -9.990e-29
 -9.990e-29  -72.37906      2.587      2.567    12.6057    32.5802      8.067     0.1491 2.3641e+01  1024.6071    12.6054    24.5955     9.1165    278.055    8.67036  264.44834    105.145 -9.990e-29
 -9.990e-29  -72.37906      2.597      2.577    12.6056    32.5803      8.067     0.1491 2.1305e+01  1024.6072    12.6052    24.5956     9.1223    278.233    8.67040  264.44957    105.212 -9.990e-29
 -9.990e-29  -72.37906      2.606      2.586    12.6057    32.5803      8.067     0.1491 1.6682e+01  1024.6075    12.6054    24.5957     9.1233    278.264    8.67038  264.44898    105.224 -9.990e-29
 -9.990e-29  -72.37906      2.606      2.586    12.6057    32.5803      8.067     0.1491 1.5375e+01  1024.6074    12.6054    24.5957     9.1191    278.135    8.67040  264.44942    105.175 -9.990e-29
 -9.990e-29  -72.37906      2.606      2.586    12.6060    32.5804      8.067     0.1491 1.4753e+01  1024.6071    12.6057    24.5956     9.1189    278.128    8.67036  264.44817    105.173 -9.990e-29
 -9.990e-29  -72.37906      2.638      2.618    12.6059    32.5804      8.067     0.1491 1.2532e+01  1024.6075    12.6055    24.5956     9.1188    278.125    8.67039  264.44919    105.171 -9.990e-29
 -9.990e-29  -72.37906      2.617      2.597    12.6059    32.5803      8.067     0.1491 1.1682e+01  1024.6073    12.6055    24.5957     9.1239    278.283    8.67040  264.44964    105.231 -9.990e-29
 -9.990e-29  -72.37906      2.638      2.618    12.6058    32.5803      8.067     0.1491 1.1583e+01  1024.6078    12.6054    24.5957     9.1190    278.131    8.67036  264.44838    105.174 -9.990e-29
 -9.990e-29  -72.37906      2.627      2.607    12.6060    32.5803      8.067     0.1491 1.0919e+01  1024.6071    12.6057    24.5956     9.1248    278.308    8.67038  264.44870    105.241 -9.990e-29
 -9.990e-29  -72.37906      2.638      2.618    12.6059    32.5803      8.067     0.1491 1.0587e+01  1024.6074    12.6055    24.5956     9.1252    278.321    8.67037  264.44859    105.246 -9.990e-29
 -9.990e-29  -72.37906      2.638      2.618    12.6060    32.5803      8.067     0.1491 1.0557e+01  1024.6073    12.6057    24.5956     9.1256    278.333    8.67036  264.44814    105.251 -9.990e-29
 -9.990e-29  -72.37906      2.638      2.618    12.6059    32.5803      8.067     0.1491 1.0578e+01  1024.6073    12.6055    24.5956     9.1266    278.365    8.67036  264.44813    105.262 -9.990e-29
 -9.990e-29  -72.37906      2.638      2.618    12.6057    32.5803      8.067     0.1491 1.0578e+01  1024.6077    12.6054    24.5957     9.1270    278.376    8.67034  264.44781    105.267 -9.990e-29
 -9.990e-29  -72.37906      2.638      2.618    12.6059    32.5804      8.067     0.1491 1.0578e+01  1024.6074    12.6055    24.5956     9.1280    278.407    8.67036  264.44824    105.279 -9.990e-29
 -9.990e-29  -72.37906      2.638      2.618    12.6060    32.5804      8.067     0.1491 1.0518e+01  1024.6072    12.6057    24.5956     9.1284    278.419    8.67037  264.44848    105.283 -9.990e-29
 -9.990e-29  -72.37906      2.638      2.618    12.6060    32.5804      8.067     0.1491 1.0459e+01  1024.6075    12.6057    24.5957     9.1294    278.449    8.67037  264.44854    105.294 -9.990e-29
 -9.990e-29  -72.37906      2.627      2.607    12.6059    32.5803      8.067     0.1491 1.0430e+01  1024.6076    12.6055    24.5957     9.1304    278.479    8.67038  264.44881    105.306 -9.990e-29
 -9.990e-29  -72.37906      2.648      2.627    12.6060    32.5803      8.067     0.1491 1.0489e+01  1024.6072    12.6057    24.5956     9.1314    278.509    8.67038  264.44895    105.317 -9.990e-29
 -9.990e-29  -72.37906      2.627      2.607    12.6060    32.5803      8.067     0.1491 1.0578e+01  1024.6073    12.6057    24.5955     9.1317    278.519    8.67035  264.44805    105.321 -9.990e-29
 -9.990e-29  -72.37906      2.648      2.627    12.6064    32.5802      8.067     0.1357 1.0598e+01  1024.6072    12.6061    24.5955     9.1327    278.550    8.67038  264.44894    105.332 -9.990e-29
 -9.990e-29  -72.37906      2.627      2.607    12.6062    32.5802      8.067     0.1222 1.0688e+01  1024.6072    12.6059    24.5955     9.1337    278.579    8.67040  264.44952    105.343 -9.990e-29
 -9.990e-29  -72.37906      2.627      2.607    12.6060    32.5802      8.067     0.1222 1.0809e+01  1024.6073    12.6056    24.5955     9.1402    278.802 -9.990e-29 -9.990e-29    105.347 -9.990e-29
 -9.990e-29  -72.37906      2.617      2.597    12.6060    32.5802      8.067     0.1222 1.0840e+01  1024.6073    12.6057    24.5955     9.1578    279.403 -9.990e-29 -9.990e-29    105.351 -9.990e-29
 -9.990e-29  -72.37906      2.627      2.607    12.6064    32.5802      8.067     0.1222 1.0953e+01  1024.6071    12.6061    24.5954     9.1531    279.220 -9.990e-29 -9.990e-29    105.415 -9.990e-29
 -9.990e-29  -72.37906      2.598      2.578    12.6062    32.5802      8.067     0.1222 1.1202e+01  1024.6069    12.6059    24.5954     9.1433    278.883    8.67285  264.53306    105.425 -9.990e-29
 -9.990e-29  -72.37906      2.606      2.586    12.6060    32.5801      8.067     0.1222 1.1297e+01  1024.6071    12.6057    24.5955     9.1418    278.827    8.67061  264.45665    105.434 -9.990e-29
   39.76958 -9.990e-29      2.587      2.567    12.6060    32.5801      8.067     0.1222 1.1361e+01  1024.6071    12.6057    24.5955     9.1423    278.843    8.67043  264.45049    105.443 -9.990e-29
   39.76958 -9.990e-29      2.567      2.547    12.6060    32.5802      8.067     0.1222 1.1619e+01  1024.6070    12.6057    24.5954     9.1430    278.864    8.67041  264.44969    105.451 -9.990e-29
   39.76958 -9.990e-29      2.567      2.547    12.6062    32.5802      8.067     0.1222 1.1718e+01  1024.6067    12.6059    24.5954     9.1437    278.884    8.67045  264.45095    105.458 -9.990e-29
   39.76958 -9.990e-29      2.546      2.526    12.6060    32.5802      8.067     0.1222 1.1784e+01  1024.6070    12.6057    24.5955     9.1443    278.902    8.67044  264.45050    105.465 -9.990e-29
   39.76958 -9.990e-29      2.536      2.517    12.6060    32.5802      8.067     0.1222 1.2154e+01  1024.6068    12.6057    24.5955     9.1500    279.077    8.67032  264.44700    105.532 -9.990e-29
   39.76958 -9.990e-29      2.516      2.496    12.6060    32.5804      8.067     0.1222 1.2361e+01  1024.6069    12.6057    24.5956     9.1452    278.930    8.67037  264.44861    105.476 -9.990e-29
   39.76958 -9.990e-29      2.506      2.487    12.6059    32.5804      8.067     0.1222 1.2361e+01  1024.6070    12.6055    24.5958     9.1455    278.939    8.67029  264.44626    105.480 -9.990e-29
   39.76958 -9.990e-29      2.495      2.476    12.6059    32.5804      8.067     0.1222 1.2076e+01  1024.6070    12.6055    24.5958     9.1458    278.951    8.67034  264.44788    105.484 -9.990e-29
   39.76958 -9.990e-29      2.487      2.468    12.6060    32.5804      8.067     0.1222 1.1907e+01  1024.6068    12.6057    24.5957     9.1461    278.960    8.67037  264.44879    105.487 -9.990e-29
   39.76958 -9.990e-29      2.455      2.436    12.6060    32.5804      8.067     0.1222 1.1917e+01  1024.6066    12.6056    24.5956     9.1518    279.132    8.67044  264.45073    105.552 -9.990e-29
   39.76958 -9.990e-29      2.446      2.427    12.6060    32.5804      8.067     0.1222 1.1675e+01  1024.6064    12.6057    24.5956     9.1525    279.155    8.67043  264.45028    105.560 -9.990e-29
   39.76958 -9.990e-29      2.425      2.406    12.6057    32.5804      8.067     0.1222 1.1512e+01  1024.6066    12.6054    24.5957     9.1526    279.157    8.67045  264.45100    105.561 -9.990e-29
   39.76958 -9.990e-29      2.415      2.397    12.6059    32.5804      8.067     0.1222 1.1480e+01  1024.6066    12.6056    24.5957     9.1525    279.154    8.67041  264.44961    105.560 -9.990e-29
   39.76958 -9.990e-29      2.384      2.366    12.6062    32.5804      8.067     0.1222 1.1099e+01  1024.6062    12.6059    24.5956     9.1470    278.986    8.67039  264.44907    105.497 -9.990e-29
   39.76958 -9.990e-29      2.374      2.356    12.6062    32.5803      8.067     0.1222 1.0730e+01  1024.6061    12.6059    24.5955     9.1467    278.978    8.67037  264.44838    105.494 -9.990e-29
   39.76958 -9.990e-29      2.344      2.326    12.6060    32.5802      8.067     0.1222 1.0640e+01  1024.6060    12.6057    24.5954     9.1465    278.971    8.67037  264.44865    105.491 -9.990e-29
   39.76958 -9.990e-29      2.323      2.306    12.6062    32.5802      8.067     0.1088 1.0551e+01  1024.6057    12.6059    24.5954     9.1462    278.962    8.67040  264.44944    105.488 -9.990e-29
   39.76958 -9.990e-29      2.303      2.285    12.6060    32.5802      8.067     0.1222 1.0374e+01  1024.6056    12.6057    24.5954     9.1458    278.949    8.67035  264.44798    105.484 -9.990e-29
   39.76958 -9.990e-29      2.273      2.255    12.6060    32.5803      8.067     0.1088 1.0316e+01  1024.6058    12.6057    24.5955     9.1401    278.775    8.67039  264.44924    105.417 -9.990e-29
   39.76958 -9.990e-29      2.253      2.236    12.6060    32.5803      8.067     0.1088 1.0267e+01  1024.6056    12.6058    24.5956     9.1443    278.904    8.67038  264.44878    105.466 -9.990e-29
   39.76958 -9.990e-29      2.242      2.225    12.6059    32.5803      8.067     0.1088 1.0095e+01  1024.6057    12.6056    24.5956     9.1385    278.727    8.67038  264.44906    105.399 -9.990e-29
   39.76958 -9.990e-29      2.212      2.195    12.6060    32.5803      8.067     0.1088 1.0038e+01  1024.6054    12.6058    24.5956     9.1374    278.692    8.67041  264.44973    105.386 -9.990e-29
   39.76958 -9.990e-29      2.194      2.177    12.6062    32.5803      8.067     0.1088 1.0038e+01  1024.6053    12.6059    24.5956     9.1362    278.657    8.67042  264.44995    105.372 -9.990e-29
   39.76958 -9.990e-29      2.182      2.165    12.6060    32.5804      8.067     0.1088 9.9822e+00  1024.6054    12.6057    24.5957     9.1350    278.619    8.67039  264.44905    105.358 -9.990e-29
   39.76958 -9.990e-29      2.152      2.135    12.6060    32.5805      8.067     0.1088 9.9822e+00  1024.6053    12.6058    24.5958     9.1344    278.601    8.67039  264.44917    105.351 -9.990e-29
   39.76958 -9.990e-29      2.152      2.135    12.6059    32.5805      8.067     0.1088 9.9822e+00  1024.6056    12.6056    24.5958     9.1284    278.420    8.67036  264.44840    105.283 -9.990e-29
   39.76958 -9.990e-29      2.121      2.105    12.6062    32.5805      8.067     0.1088 9.9262e+00  1024.6051    12.6059    24.5957     9.1267    278.367    8.67043  264.45033    105.262 -9.990e-29
