CalculateIndicators/WaterTemperature/Data/CTD_NYOS/20230515_C06.cnv
* Sea-Bird SBE 9 Data File:
* FileName = C:\Seabird 9 CTD\Data\2023\202305_offshore\20230515_C06.hex
* Software Version Seasave V 7.23.2
* Temperature SN = 4590
* Conductivity SN = 3228
* Number of Bytes Per Scan = 44
* Number of Voltage Words = 5
* Number of Scans Averaged by the Deck Unit = 1
* NMEA Latitude = 39 36.60 N
* NMEA Longitude = 072 44.60 W
* NMEA UTC (Time) = May 15 2023  20:13:19
* NMEA baud rate = 4800
** Ship: seawolf
** Station: 8.5
** Operator: SJW
# nquan = 18
# nvalues = 14172                       
# units = specified
# name 0 = latitude: Latitude [deg]
# name 1 = longitude: Longitude [deg]
# name 2 = prDM: Pressure, Digiquartz [db]
# name 3 = depSM: Depth [salt water, m]
# name 4 = t090C: Temperature [ITS-90, deg C]
# name 5 = sal00: Salinity, Practical [PSU]
# name 6 = ph: pH
# name 7 = flECO-AFL: Fluorescence, WET Labs ECO-AFL/FL [mg/m^3]
# name 8 = cpar: CPAR/Corrected Irradiance [%]
# name 9 = density00: Density [density, kg/m^3]
# name 10 = potemp090C: Potential Temperature [ITS-90, deg C]
# name 11 = sigma-é00: Density [sigma-theta, kg/m^3]
# name 12 = sbeox0Mg/L: Oxygen, SBE 43 [mg/l]
# name 13 = sbox0Mm/Kg: Oxygen, SBE 43 [umol/kg]
# name 14 = oxsolMg/L: Oxygen Saturation, Garcia & Gordon [mg/l]
# name 15 = oxsolMm/Kg: Oxygen Saturation, Garcia & Gordon [umol/kg]
# name 16 = sbeox0PS: Oxygen, SBE 43 [% saturation]
# name 17 = flag:  0.000e+00
# span 0 =   39.61000,   39.61020       
# span 1 =  -72.74354,  -72.74076       
# span 2 =      1.822,     65.817       
# span 3 =      1.808,     65.304       
# span 4 =     6.7415,    13.7486       
# span 5 =    32.5240,    33.1232       
# span 6 =      7.849,      8.086       
# span 7 =    -0.0524,     1.4250       
# span 8 = 4.9022e-14, 1.2245e+02       
# span 9 =  1024.5037,  1026.2109       
# span 10 =     6.7384,    13.7483      
# span 11 =    24.4844,    25.9110      
# span 12 =     8.5032,    10.2773      
# span 13 =    259.018,    313.211      
# span 14 =    8.45988,    9.84136      
# span 15 =  258.05346,  299.81434      
# span 16 =     87.507,    114.122      
# span 17 = 0.0000e+00, 0.0000e+00      
# interval = seconds: 0.0416667
# start_time = May 15 2023 20:13:18 [System UTC, first data scan.]
# bad_flag = -9.990e-29
*END*
[from data line 10131]
   39.61014  -72.74164     20.413     20.256    12.1600    32.7536      8.064     0.8609 1.9560e+00  1024.9060    12.1574    24.8155     9.5450    291.062    8.73445  266.34581    109.280 0.0000e+00
   39.61014  -72.74164     20.400     20.244    12.1607    32.7476      8.064     0.8609 1.9732e+00  1024.9013    12.1581    24.8105     9.5367    290.811    8.73206  266.27386    109.215 0.0000e+00
   39.61014  -72.74164     20.382     20.226    12.1631    32.7429      8.064     0.8609 1.9942e+00  1024.8973    12.1605    24.8065     9.5334    290.710    8.72988  266.20831    109.204 0.0000e+00
   39.61014  -72.74164     20.371     20.215    12.1642    32.7384      8.064     0.8609 2.0235e+00  1024.8943    12.1616    24.8029     9.5248    290.449    8.72798  266.15104    109.129 0.0000e+00
   39.61014  -72.74164     20.362     20.205    12.1642    32.7351      8.064     0.8609 2.0395e+00  1024.8893    12.1616    24.8005     9.5222    290.370    8.72664  266.11056    109.116 0.0000e+00
   39.61014  -72.74164     20.329     20.173    12.1545    32.7351      8.064     0.8609 2.0616e+00  1024.8906    12.1519    24.8009     9.5153    290.161    8.72586  266.08732    109.047 -9.990e-29
   39.61014  -72.74164     20.331     20.175    12.1470    32.7351      8.064     0.8609 2.0875e+00  1024.8956    12.1444    24.8027     9.5135    290.106    8.72540  266.07464    109.032 -9.990e-29
   39.61014  -72.74164     20.301     20.145    12.1495    32.7363      8.064     0.8609 2.0996e+00  1024.8938    12.1469    24.8036     9.5124    290.074    8.72515  266.06821    109.022 0.0000e+00
   39.61014  -72.74164     20.290     20.134    12.1546    32.7387      8.064     0.8609 2.1153e+00  1024.8945    12.1521    24.8046     9.5066    289.899    8.72503  266.06523    108.958 0.0000e+00
   39.61014  -72.74164     20.269     20.114    12.1615    32.7426      8.064     0.8609 2.1262e+00  1024.8980    12.1589    24.8064     9.5062    289.888    8.72498  266.06458    108.954 0.0000e+00
   39.61014  -72.74164     20.247     20.092    12.1694    32.7465      8.064     0.8878 2.1311e+00  1024.8980    12.1668    24.8084     9.5064    289.896    8.72500  266.06593    108.956 0.0000e+00
   39.61014  -72.74164     20.220     20.065    12.1695    32.7476      8.064     0.9012 2.1432e+00  1024.9028    12.1670    24.8096     9.5072    289.920    8.72561  266.08501    108.958 0.0000e+00
   39.61014  -72.74164     20.209     20.054    12.1786    32.7476      8.064     0.9012 2.1442e+00  1024.8990    12.1760    24.8088     9.5048    289.845    8.72761  266.14556    108.905 0.0000e+00
   39.61014  -72.74164     20.188     20.033    12.1835    32.7476      8.064     0.8878 2.1368e+00  1024.8978    12.1809    24.8064     9.5070    289.912    8.72967  266.20747    108.905 0.0000e+00
   39.61014  -72.74164     20.179     20.024    12.1860    32.7433      8.064     0.8878 2.1329e+00  1024.8940    12.1834    24.8024     9.5093    289.980    8.73125  266.25432    108.911 0.0000e+00
   39.61014  -72.74164     20.166     20.011    12.1896    32.7372      8.064     0.8878 2.1291e+00  1024.8863    12.1870    24.7972     9.5062    289.885    8.73246  266.28984    108.861 0.0000e+00
   39.61014  -72.74148     20.137     19.983    12.1917    32.7372      8.064     0.8878 2.1205e+00  1024.8803    12.1891    24.7946     9.5070    289.909    8.73297  266.30461    108.864 -9.990e-29
   39.61014  -72.74148     20.137     19.983    12.1840    32.7372      8.064     0.8878 2.1037e+00  1024.8865    12.1814    24.7973     9.5081    289.939    8.73320  266.31028    108.873 -9.990e-29
   39.61014  -72.74148     20.118     19.964    12.1753    32.7404      8.064     0.8878 2.0990e+00  1024.8950    12.1727    24.8016     9.5043    289.824    8.73351  266.31798    108.826 -9.990e-29
   39.61014  -72.74148     20.117     19.962    12.1751    32.7407      8.064     0.8878 2.0826e+00  1024.8935    12.1725    24.8028     9.5044    289.827    8.73311  266.30678    108.832 -9.990e-29
   39.61014  -72.74148     20.088     19.934    12.1744    32.7413      8.064     0.8878 2.0723e+00  1024.8906    12.1719    24.8027     9.5050    289.846    8.73268  266.29491    108.844 0.0000e+00
   39.61014  -72.74148     20.077     19.923    12.1704    32.7413      8.059     0.9012 2.0600e+00  1024.8944    12.1679    24.8041     9.5059    289.874    8.73264  266.29363    108.855 0.0000e+00
   39.61014  -72.74148     20.056     19.902    12.1670    32.7407      8.064     0.8878 2.0478e+00  1024.8967    12.1645    24.8051     9.5070    289.906    8.73229  266.28225    108.872 0.0000e+00
   39.61014  -72.74148     20.046     19.893    12.1639    32.7397      8.064     0.8878 2.0324e+00  1024.8940    12.1613    24.8038     9.5076    289.925    8.73112  266.24629    108.893 0.0000e+00
   39.61014  -72.74148     20.016     19.862    12.1601    32.7364      8.064     0.8878 2.0250e+00  1024.8905    12.1575    24.8015     9.5021    289.757    8.72946  266.19534    108.851 -9.990e-29
   39.61014  -72.74148     20.024     19.871    12.1562    32.7364      8.064     0.8878 2.0156e+00  1024.8879    12.1536    24.8009     9.5015    289.739    8.72743  266.13421    108.870 -9.990e-29
   39.61014  -72.74148     20.016     19.862    12.1485    32.7364      8.059     0.8878 2.0085e+00  1024.8910    12.1459    24.8043     9.5012    289.732    8.72588  266.08857    108.886 0.0000e+00
   39.61014  -72.74148     19.986     19.832    12.1390    32.7444      8.064     0.8878 1.9980e+00  1024.9006    12.1364    24.8120     9.5022    289.763    8.72499  266.06335    108.908 -9.990e-29
   39.61014  -72.74148     19.986     19.832    12.1316    32.7548      8.064     0.9012 1.9952e+00  1024.9118    12.1290    24.8213     9.5037    289.813    8.72479  266.05976    108.928 -9.990e-29
   39.61014  -72.74148     19.965     19.812    12.1283    32.7648      8.064     0.8878 1.9905e+00  1024.9193    12.1258    24.8299     9.5007    289.723    8.72494  266.06535    108.892 -9.990e-29
   39.61014  -72.74148     19.964     19.811    12.1229    32.7735      8.064     0.8878 1.9878e+00  1024.9281    12.1203    24.8373     9.5020    289.763    8.72483  266.06243    108.908 -9.990e-29
   39.61014  -72.74148     19.945     19.791    12.1227    32.7766      8.064     0.8878 1.9816e+00  1024.9342    12.1202    24.8416     9.5043    289.832    8.72520  266.07361    108.929 -9.990e-29
   39.61014  -72.74148     19.945     19.791    12.1317    32.7766      8.064     0.8878 1.9831e+00  1024.9321    12.1292    24.8411     9.5030    289.788    8.72666  266.11573    108.896 -9.990e-29
   39.61014  -72.74148     19.914     19.761    12.1381    32.7786      8.064     0.8878 1.9770e+00  1024.9258    12.1356    24.8378     9.5051    289.850    8.72720  266.12945    108.913 -9.990e-29
   39.61014  -72.74148     19.914     19.761    12.1369    32.7786      8.064     0.8609 1.9821e+00  1024.9223    12.1344    24.8364     9.5060    289.878    8.72628  266.10074    108.935 -9.990e-29
   39.61014  -72.74148     19.892     19.740    12.1328    32.7786      8.059     0.8206 1.9800e+00  1024.9262    12.1302    24.8399     9.5071    289.913    8.72517  266.06801    108.962 0.0000e+00
   39.61014  -72.74148     19.884     19.731    12.1273    32.7872      8.064     0.8206 1.9800e+00  1024.9369    12.1248    24.8472     9.5029    289.785    8.72486  266.05994    108.917 -9.990e-29
   39.61014  -72.74148     19.884     19.731    12.1254    32.7959      8.064     0.8206 1.9892e+00  1024.9451    12.1228    24.8543     9.5054    289.863    8.72533  266.07530    108.940 -9.990e-29
   39.61014  -72.74148     19.863     19.711    12.1254    32.7959      8.059     0.8206 1.9851e+00  1024.9503    12.1228    24.8575     9.5079    289.941    8.72602  266.09619    108.961 -9.990e-29
   39.61014  -72.74148     19.863     19.711    12.1331    32.7959      8.059     0.8206 1.9831e+00  1024.9468    12.1305    24.8541     9.5108    290.028    8.72663  266.11441    108.986 -9.990e-29
   39.61014  -72.74162     19.854     19.701    12.1463    32.7891      8.064     0.8206 1.9964e+00  1024.9338    12.1438    24.8456     9.5080    289.941    8.72710  266.12886    108.947 0.0000e+00
   39.61014  -72.74162     19.843     19.690    12.1560    32.7807      8.064     0.8206 1.9943e+00  1024.9230    12.1534    24.8375     9.5103    290.009    8.72760  266.14256    108.968 0.0000e+00
   39.61014  -72.74162     19.833     19.681    12.1583    32.7765      8.059     0.8206 1.9923e+00  1024.9216    12.1558    24.8332     9.5118    290.054    8.72759  266.14135    108.985 -9.990e-29
   39.61014  -72.74162     19.833     19.681    12.1632    32.7742      8.059     0.8206 1.9882e+00  1024.9202    12.1607    24.8305     9.5126    290.080    8.72723  266.13064    108.999 -9.990e-29
   39.61014  -72.74162     19.833     19.681    12.1716    32.7717      8.059     0.8206 1.9995e+00  1024.9151    12.1690    24.8275     9.5085    289.955    8.72696  266.12291    108.955 -9.990e-29
   39.61014  -72.74162     19.823     19.671    12.1744    32.7703      8.064     0.8206 2.0031e+00  1024.9132    12.1719    24.8257     9.5155    290.169    8.72717  266.12850    109.033 0.0000e+00
   39.61014  -72.74162     19.812     19.660    12.1741    32.7698      8.064     0.8206 2.0026e+00  1024.9150    12.1715    24.8246     9.5117    290.053    8.72709  266.12567    108.991 0.0000e+00
   39.61014  -72.74162     19.801     19.649    12.1826    32.7681      8.064     0.8206 1.9946e+00  1024.9116    12.1801    24.8217     9.5130    290.092    8.72696  266.12142    109.008 0.0000e+00
   39.61014  -72.74162     19.782     19.630    12.1984    32.7650      8.064     0.8206 1.9962e+00  1024.9048    12.1959    24.8169     9.5142    290.127    8.72695  266.12012    109.021 0.0000e+00
   39.61014  -72.74162     19.773     19.621    12.2123    32.7624      8.059     0.8206 1.9902e+00  1024.9002    12.2098    24.8124     9.5095    289.983    8.72624  266.09845    108.976 0.0000e+00
   39.61014  -72.74162     19.761     19.610    12.2244    32.7609      8.059     0.8206 1.9878e+00  1024.8972    12.2219    24.8089     9.5087    289.962    8.72511  266.06496    108.981 0.0000e+00
   39.61014  -72.74162     19.731     19.580    12.2353    32.7599      8.059     0.8206 1.9779e+00  1024.8939    12.2327    24.8063     9.5083    289.947    8.72387  266.02731    108.991 -9.990e-29
   39.61014  -72.74162     19.731     19.580    12.2425    32.7590      8.059     0.8206 1.9756e+00  1024.8928    12.2399    24.8041     9.5073    289.917    8.72250  265.98591    108.997 -9.990e-29
   39.61014  -72.74162     19.720     19.569    12.2473    32.7567      8.059     0.8206 1.9678e+00  1024.8904    12.2448    24.8013     9.5072    289.916    8.72166  265.96121    109.007 0.0000e+00
   39.61014  -72.74162     19.712     19.561    12.2514    32.7527      8.059     0.8206 1.9656e+00  1024.8855    12.2488    24.7974     9.5017    289.750    8.72110  265.94444    108.951 0.0000e+00
   39.61014  -72.74162     19.691     19.540    12.2543    32.7482      8.059     0.8206 1.9635e+00  1024.8809    12.2517    24.7933     9.5013    289.736    8.72050  265.92577    108.954 -9.990e-29
   39.61014  -72.74162     19.691     19.540    12.2561    32.7442      8.059     0.8206 1.9577e+00  1024.8777    12.2535    24.7899     9.5013    289.736    8.72004  265.91162    108.960 -9.990e-29
   39.61014  -72.74162     19.680     19.529    12.2573    32.7407      8.064     0.8206 1.9539e+00  1024.8749    12.2548    24.7870     9.5011    289.728    8.71959  265.89817    108.962 0.0000e+00
   39.61014  -72.74162     19.671     19.520    12.2581    32.7375      8.059     0.8072 1.9501e+00  1024.8722    12.2556    24.7845     9.5013    289.736    8.71939  265.89226    108.968 0.0000e+00
   39.61014  -72.74162     19.650     19.499    12.2561    32.7363      8.059     0.7938 1.9592e+00  1024.8694    12.2536    24.7833     9.4966    289.594    8.71929  265.88982    108.915 -9.990e-29
   39.61014  -72.74162     19.649     19.498    12.2451    32.7363      8.059     0.7938 1.9554e+00  1024.8715    12.2426    24.7846     9.4970    289.607    8.71925  265.88850    108.920 -9.990e-29
   39.61014  -72.74162     19.631     19.480    12.2331    32.7363      8.059     0.7938 1.9554e+00  1024.8754    12.2306    24.7879     9.4970    289.606    8.71910  265.88381    108.922 -9.990e-29
   39.61014  -72.74162     19.631     19.480    12.2236    32.7396      8.064     0.7938 1.9591e+00  1024.8797    12.2211    24.7922     9.4917    289.444    8.71878  265.87428    108.865 -9.990e-29
   39.61014  -72.74162     19.620     19.469    12.2153    32.7437      8.059     0.7938 1.9591e+00  1024.8854    12.2128    24.7967     9.4916    289.441    8.71860  265.86875    108.866 0.0000e+00
   39.61014  -72.74162     19.610     19.460    12.2118    32.7480      8.059     0.7938 1.9572e+00  1024.8880    12.2093    24.8011     9.4913    289.431    8.71851  265.86625    108.863 0.0000e+00
   39.61014  -72.74162     19.589     19.439    12.2086    32.7531      8.059     0.7938 1.9627e+00  1024.8934    12.2061    24.8057     9.4858    289.264    8.71838  265.86220    108.802 0.0000e+00
   39.61014  -72.74162     19.580     19.430    12.2047    32.7536      8.059     0.7938 1.9682e+00  1024.8998    12.2022    24.8089     9.4852    289.247    8.71813  265.85436    108.799 0.0000e+00
   39.61014  -72.74162     19.569     19.419    12.2078    32.7536      8.059     0.7938 1.9663e+00  1024.8968    12.2053    24.8082     9.4898    289.386    8.71794  265.84887    108.854 0.0000e+00
   39.61014  -72.74162     19.559     19.409    12.2119    32.7555      8.064     0.7938 1.9663e+00  1024.8914    12.2094    24.8058     9.4845    289.226    8.71779  265.84449    108.795 0.0000e+00
   39.61014  -72.74162     19.550     19.400    12.2121    32.7555 -9.990e-29     0.7938 1.9719e+00  1024.8914    12.2096    24.8052     9.4842    289.217    8.71756  265.83779    108.794 0.0000e+00
   39.61014  -72.74162     19.539     19.389    12.2127    32.7555 -9.990e-29     0.7938 1.9719e+00  1024.8946    12.2102    24.8065     9.4842    289.214    8.71729  265.82930    108.797 0.0000e+00
   39.61014  -72.74162     19.518     19.368    12.2185    32.7581 -9.990e-29     0.7938 1.9774e+00  1024.8951    12.2160    24.8075     9.4790    289.058    8.71704  265.82171    108.741 0.0000e+00
   39.61014  -72.74162     19.508     19.359    12.2266    32.7581 -9.990e-29     0.7938 1.9774e+00  1024.8960    12.2241    24.8072     9.4791    289.060    8.71691  265.81754    108.744 -9.990e-29
   39.61014  -72.74162     19.508     19.359    12.2379    32.7581 -9.990e-29     0.7938 1.9830e+00  1024.8932    12.2354    24.8046     9.4842    289.217    8.71682  265.81532    108.804 -9.990e-29
   39.61014  -72.74162     19.488     19.338    12.2478    32.7541 -9.990e-29     0.7803 1.9830e+00  1024.8877    12.2453    24.7994     9.4796    289.074    8.71675  265.81324    108.751 0.0000e+00
   39.61014  -72.74162     19.478     19.329    12.2552    32.7465 -9.990e-29     0.7938 1.9886e+00  1024.8796    12.2527    24.7921     9.4854    289.253    8.71679  265.81468    108.818 0.0000e+00
   39.61014  -72.74162     19.457     19.308    12.2598    32.7385 -9.990e-29     0.7938 1.9886e+00  1024.8697    12.2573    24.7850     9.4814    289.131    8.71682  265.81591    108.771 -9.990e-29
   39.61014  -72.74162     19.457     19.308    12.2602    32.7333 -9.990e-29     0.7938 1.9886e+00  1024.8665    12.2577    24.7807     9.4877    289.323    8.71675  265.81384    108.844 -9.990e-29
   39.61014  -72.74162     19.427     19.278    12.2613    32.7333 -9.990e-29     0.7938 2.0018e+00  1024.8648    12.2588    24.7791     9.4834    289.193    8.71666  265.81090    108.796 0.0000e+00
   39.61014  -72.74162     19.417     19.268    12.2596    32.7333 -9.990e-29     0.7938 2.0018e+00  1024.8642    12.2571    24.7811     9.4842    289.216    8.71659  265.80898    108.806 -9.990e-29
