CalculateIndicators/WaterTemperature/Data/CTD_NYOS/20230518_C29.cnv
* Sea-Bird SBE 9 Data File:
* FileName = C:\Seabird 9 CTD\Data\2023\202305_offshore\20230518_C29.hex
* Software Version Seasave V 7.23.2
* Temperature SN = 4590
* Conductivity SN = 3228
* Number of Bytes Per Scan = 44
* Number of Voltage Words = 5
* Number of Scans Averaged by the Deck Unit = 1
* NMEA Latitude = 40 29.55 N
* NMEA Longitude = 071 55.48 W
* NMEA UTC (Time) = May 18 2023  16:14:45
* NMEA baud rate = 4800
** Ship: Seawolf
** Station: 11.3
** Operator: TCM
# nquan = 18
# nvalues = 12598                       
# units = specified
# name 0 = latitude: Latitude [deg]
# name 1 = longitude: Longitude [deg]
# name 2 = prDM: Pressure, Digiquartz [db]
# name 3 = depSM: Depth [salt water, m]
# name 4 = t090C: Temperature [ITS-90, deg C]
# name 5 = sal00: Salinity, Practical [PSU]
# name 6 = ph: pH
# name 7 = flECO-AFL: Fluorescence, WET Labs ECO-AFL/FL [mg/m^3]
# name 8 = cpar: CPAR/Corrected Irradiance [%]
# name 9 = density00: Density [density, kg/m^3]
# name 10 = potemp090C: Potential Temperature [ITS-90, deg C]
# name 11 = sigma-é00: Density [sigma-theta, kg/m^3]
# name 12 = sbeox0Mg/L: Oxygen, SBE 43 [mg/l]
# name 13 = sbox0Mm/Kg: Oxygen, SBE 43 [umol/kg]
# name 14 = oxsolMg/L: Oxygen Saturation, Garcia & Gordon [mg/l]
# name 15 = oxsolMm/Kg: Oxygen Saturation, Garcia & Gordon [umol/kg]
# name 16 = sbeox0PS: Oxygen, SBE 43 [% saturation]
# name 17 = flag:  0.000e+00
# span 0 =   40.49192,   40.49276       
# span 1 =  -71.92498,  -71.92476       
# span 2 =      2.108,     61.540       
# span 3 =      2.092,     61.057       
# span 4 =     6.6865,    12.6631       
# span 5 =    32.5033,    32.9437       
# span 6 =      7.845,      8.122       
# span 7 =    -0.0389,     1.0624       
# span 8 = 5.9513e-03, 1.2302e+02       
# span 9 =  1024.5344,  1026.1215       
# span 10 =     6.6832,    12.6625      
# span 11 =    24.5301,    25.8394      
# span 12 =     7.8595,     9.6242      
# span 13 =    239.428,    293.361      
# span 14 =    8.66104,    9.85729      
# span 15 =  264.16917,  300.31113      
# span 16 =     79.830,    105.177      
# span 17 = 0.0000e+00, 0.0000e+00      
# interval = seconds: 0.0416667
# start_time = May 18 2023 16:14:45 [System UTC, first data scan.]
# bad_flag = -9.990e-29
*END*
[from data line 5950]
   40.49228  -71.92478     35.140     34.866     6.7855    32.8207 -9.990e-29     0.0282 3.1003e-01  1025.8929     6.7824    25.7313     8.2117    250.183    9.83495  299.63663     83.495 -9.990e-29
   40.49228  -71.92478     35.131     34.857     6.7858    32.8206 -9.990e-29     0.0282 3.0199e-01  1025.8925     6.7827    25.7312     8.2121    250.194    9.83497  299.63731     83.499 -9.990e-29
   40.49228  -71.92478     35.121     34.847     6.7858    32.8206 -9.990e-29     0.0282 2.9500e-01  1025.8925     6.7827    25.7312     8.2124    250.204    9.83492  299.63572     83.503 -9.990e-29
   40.49228  -71.92478     35.110     34.836     6.7856    32.8206 -9.990e-29     0.0282 2.8866e-01  1025.8926     6.7825    25.7311     8.2192    250.409    9.83494  299.63640     83.571 -9.990e-29
   40.49228  -71.92478     35.089     34.816     6.7859    32.8205 -9.990e-29     0.0282 2.8366e-01  1025.8921     6.7829    25.7310     8.2140    250.253    9.83493  299.63588     83.519 -9.990e-29
   40.49228  -71.92478     35.079     34.806     6.7863    32.8205 -9.990e-29     0.0282 2.7939e-01  1025.8919     6.7832    25.7310     8.2133    250.232    9.83491  299.63541     83.512 -9.990e-29
   40.49228  -71.92478     35.071     34.798     6.7859    32.8204 -9.990e-29     0.0282 2.7575e-01  1025.8924     6.7828    25.7310     8.2137    250.242    9.83493  299.63604     83.515 -9.990e-29
   40.49228  -71.92478     35.049     34.776     6.7859    32.8205 -9.990e-29     0.0282 2.7373e-01  1025.8920     6.7829    25.7310     8.2139    250.250    9.83493  299.63603     83.518 -9.990e-29
   40.49228  -71.92478     35.028     34.756     6.7863    32.8205 -9.990e-29     0.0282 2.7173e-01  1025.8917     6.7832    25.7309     8.2142    250.259    9.83497  299.63716     83.521 -9.990e-29
   40.49228  -71.92478     35.019     34.746     6.7863    32.8205 -9.990e-29     0.0282 2.7078e-01  1025.8920     6.7832    25.7311     8.2199    250.430    9.83492  299.63572     83.578 -9.990e-29
   40.49228  -71.92478     34.998     34.725     6.7861    32.8205 -9.990e-29     0.0282 2.7057e-01  1025.8922     6.7831    25.7311     8.2137    250.242    9.83494  299.63641     83.515 -9.990e-29
   40.49228  -71.92478     34.998     34.725     6.7868    32.8205 -9.990e-29     0.0282 2.7008e-01  1025.8913     6.7837    25.7309     8.2202    250.440    9.83491  299.63557     83.581 -9.990e-29
   40.49228  -71.92478     34.957     34.684     6.7868    32.8205 -9.990e-29     0.0282 2.7008e-01  1025.8915     6.7837    25.7309     8.2149    250.279    9.83494  299.63619     83.528 -9.990e-29
   40.49228  -71.92478     34.957     34.684     6.7865    32.8204 -9.990e-29     0.0282 2.7134e-01  1025.8919     6.7835    25.7310     8.2150    250.281    9.83491  299.63557     83.529 -9.990e-29
   40.49228  -71.92478     34.937     34.665     6.7868    32.8203 -9.990e-29     0.0551 2.7310e-01  1025.8911     6.7837    25.7308     8.2151    250.287    9.83495  299.63665     83.530 -9.990e-29
   40.49228  -71.92478     34.906     34.634     6.7866    32.8203 -9.990e-29     0.0685 2.7460e-01  1025.8908     6.7836    25.7306     8.2152    250.289    9.83490  299.63529     83.531 -9.990e-29
   40.49228  -71.92478     34.909     34.637     6.7861    32.8203 -9.990e-29     0.0685 2.7846e-01  1025.8912     6.7831    25.7308     8.2154    250.293    9.83492  299.63567     83.533 -9.990e-29
   40.49228  -71.92478     34.886     34.615     6.7858    32.8203 -9.990e-29     0.0685 2.8237e-01  1025.8914     6.7828    25.7310     8.2145    250.266    9.83489  299.63484     83.524 -9.990e-29
   40.49228  -71.92478     34.866     34.594     6.7856    32.8203 -9.990e-29     0.0685 2.8610e-01  1025.8910     6.7826    25.7310     8.2136    250.240    9.83495  299.63650     83.514 -9.990e-29
   40.49228  -71.92478     34.855     34.583     6.7858    32.8203 -9.990e-29     0.0685 2.9187e-01  1025.8911     6.7827    25.7310     8.2127    250.212    9.83495  299.63666     83.505 -9.990e-29
   40.49228  -71.92478     34.835     34.564     6.7858    32.8203 -9.990e-29     0.0685 2.9873e-01  1025.8910     6.7828    25.7310     8.2117    250.182    9.83496  299.63689     83.495 -9.990e-29
   40.49228  -71.92478     34.824     34.553     6.7858    32.8204 -9.990e-29     0.0685 3.0710e-01  1025.8909     6.7828    25.7310     8.2106    250.148    9.83485  299.63365     83.485 -9.990e-29
   40.49228  -71.92478     34.794     34.523     6.7856    32.8205 -9.990e-29     0.0685 3.1623e-01  1025.8911     6.7826    25.7310     8.2106    250.147    9.83493  299.63590     83.484 -9.990e-29
   40.49228  -71.92478     34.794     34.523     6.7856    32.8205 -9.990e-29     0.0685 3.2760e-01  1025.8907     6.7826    25.7311     8.2105    250.145    9.83490  299.63517     83.483 -9.990e-29
   40.49228  -71.92478     34.773     34.503     6.7856    32.8206 -9.990e-29     0.0685 3.3916e-01  1025.8910     6.7826    25.7312     8.2104    250.142    9.83488  299.63457     83.482 -9.990e-29
   40.49228  -71.92478     34.755     34.485     6.7858    32.8208 -9.990e-29     0.0685 3.5479e-01  1025.8908     6.7828    25.7313     8.2103    250.139    9.83485  299.63360     83.482 -9.990e-29
   40.49228  -71.92478     34.743     34.472     6.7862    32.8208 -9.990e-29     0.0685 3.6980e-01  1025.8910     6.7832    25.7313     8.2102    250.137    9.83488  299.63428     83.481 -9.990e-29
   40.49228  -71.92478     34.733     34.463     6.7868    32.8208 -9.990e-29     0.0685 3.8604e-01  1025.8907     6.7837    25.7311     8.2101    250.134    9.83483  299.63293     83.480 -9.990e-29
   40.49228  -71.92478     34.722     34.452     6.7872    32.8206 -9.990e-29     0.0685 3.9993e-01  1025.8904     6.7842    25.7309     8.2101    250.132    9.83485  299.63360     83.479 -9.990e-29
   40.49228  -71.92478     34.713     34.442     6.7876    32.8206 -9.990e-29     0.0685 4.1502e-01  1025.8902     6.7845    25.7308     8.2090    250.101    9.83487  299.63407     83.469 -9.990e-29
   40.49228  -71.92478     34.692     34.422     6.7879    32.8206 -9.990e-29     0.0685 4.2402e-01  1025.8899     6.7849    25.7308     8.2090    250.098    9.83490  299.63507     83.468 -9.990e-29
   40.49228  -71.92478     34.682     34.412     6.7876    32.8206 -9.990e-29     0.0685 4.2808e-01  1025.8904     6.7845    25.7309     8.2088    250.094    9.83488  299.63468     83.466 -9.990e-29
   40.49228  -71.92478     34.682     34.412     6.7878    32.8208 -9.990e-29     0.0685 4.2993e-01  1025.8904     6.7847    25.7310     8.2087    250.090    9.83487  299.63409     83.465 -9.990e-29
   40.49228  -71.92478     34.674     34.404     6.7881    32.8209 -9.990e-29     0.0685 4.2357e-01  1025.8904     6.7851    25.7311     8.2086    250.087    9.83487  299.63425     83.464 -9.990e-29
   40.49228  -71.92478     34.652     34.382     6.7884    32.8209 -9.990e-29     0.0685 4.1256e-01  1025.8904     6.7853    25.7311     8.2085    250.085    9.83491  299.63547     83.463 -9.990e-29
   40.49228  -71.92478     34.652     34.382     6.7887    32.8209 -9.990e-29     0.0685 3.9812e-01  1025.8902     6.7857    25.7310     8.2084    250.081    9.83486  299.63404     83.462 -9.990e-29
   40.49228  -71.92478     34.652     34.382     6.7889    32.8208 -9.990e-29     0.0685 3.8042e-01  1025.8901     6.7858    25.7309     8.2147    250.272    9.83490  299.63511     83.526 -9.990e-29
   40.49228  -71.92478     34.631     34.362     6.7890    32.8207 -9.990e-29     0.0685 3.6359e-01  1025.8900     6.7860    25.7308     8.2091    250.104    9.83494  299.63648     83.469 -9.990e-29
   40.49228  -71.92478     34.641     34.371     6.7894    32.8205 -9.990e-29     0.0819 3.4576e-01  1025.8896     6.7863    25.7306     8.2090    250.099    9.83492  299.63588     83.467 -9.990e-29
   40.49228  -71.92478     34.622     34.352     6.7894    32.8204 -9.990e-29     0.0954 3.3055e-01  1025.8895     6.7864    25.7305     8.2089    250.095    9.83495  299.63645     83.466 -9.990e-29
   40.49228  -71.92478     34.623     34.353     6.7892    32.8204 -9.990e-29     0.0954 3.1642e-01  1025.8896     6.7862    25.7305     8.2087    250.090    9.83495  299.63651     83.465 -9.990e-29
   40.49228  -71.92478     34.622     34.352     6.7895    32.8203 -9.990e-29     0.0954 3.0432e-01  1025.8893     6.7865    25.7304     8.2086    250.086    9.83495  299.63661     83.463 -9.990e-29
   40.49228  -71.92478     34.611     34.341     6.7890    32.8203 -9.990e-29     0.0954 2.9558e-01  1025.8895     6.7860    25.7304     8.2083    250.079    9.83486  299.63405     83.462 -9.990e-29
   40.49228  -71.92478     34.611     34.341     6.7895    32.8203 -9.990e-29     0.0954 2.8811e-01  1025.8892     6.7865    25.7304     8.2083    250.077    9.83493  299.63595     83.460 -9.990e-29
   40.49228  -71.92478     34.611     34.341     6.7895    32.8203 -9.990e-29     0.0954 2.8200e-01  1025.8893     6.7865    25.7304     8.2081    250.073    9.83493  299.63612     83.459 -9.990e-29
   40.49220  -71.92482     34.601     34.332     6.7891    32.8205 -9.990e-29     0.0954 2.7838e-01  1025.8898     6.7861    25.7306     8.2079    250.067    9.83490  299.63522     83.457 -9.990e-29
   40.49220  -71.92482     34.611     34.341     6.7892    32.8205 -9.990e-29     0.0954 2.7527e-01  1025.8896     6.7862    25.7306     8.2078    250.064    9.83496  299.63682     83.456 -9.990e-29
   40.49220  -71.92482     34.593     34.323     6.7892    32.8205 -9.990e-29     0.0954 2.7292e-01  1025.8895     6.7862    25.7306     8.2076    250.058    9.83488  299.63458     83.454 -9.990e-29
   40.49220  -71.92482     34.601     34.332     6.7892    32.8205 -9.990e-29     0.0954 2.7231e-01  1025.8896     6.7862    25.7306     8.2075    250.055    9.83491  299.63542     83.453 -9.990e-29
   40.49220  -71.92482     34.601     34.332     6.7890    32.8205 -9.990e-29     0.0954 2.7139e-01  1025.8897     6.7860    25.7306     8.2074    250.050    9.83491  299.63544     83.452 -9.990e-29
 -9.990e-29 -9.990e-29     34.601     34.331     6.7894    32.8205      7.888     0.0954 2.7070e-01  1025.8894     6.7864    25.7306     8.2136    250.239    9.83486  299.63387     83.515 -9.990e-29
 -9.990e-29 -9.990e-29     34.601     34.331     6.7891    32.8206      7.888     0.0954 2.7024e-01  1025.8898     6.7861    25.7307     8.2080    250.069    9.83491  299.63547     83.458 -9.990e-29
 -9.990e-29 -9.990e-29     34.601     34.331     6.7892    32.8208      7.888     0.0954 2.7002e-01  1025.8898     6.7862    25.7309     8.2088    250.095    9.83495  299.63669     83.466 -9.990e-29
 -9.990e-29 -9.990e-29     34.590     34.321     6.7892    32.8208      7.888     0.0954 2.6979e-01  1025.8899     6.7862    25.7309     8.2087    250.091    9.83495  299.63650     83.465 -9.990e-29
 -9.990e-29 -9.990e-29     34.612     34.342     6.7892    32.8208      7.888     0.0954 2.6979e-01  1025.8898     6.7862    25.7308     8.2085    250.084    9.83489  299.63476     83.463 -9.990e-29
 -9.990e-29 -9.990e-29     34.601     34.331     6.7892    32.8208      7.888     0.0954 2.6956e-01  1025.8898     6.7862    25.7308     8.2084    250.082    9.83495  299.63673     83.462 -9.990e-29
 -9.990e-29 -9.990e-29     34.601     34.331     6.7890    32.8206      7.888     0.0954 2.6956e-01  1025.8897     6.7860    25.7307     8.2082    250.077    9.83493  299.63613     83.460 -9.990e-29
 -9.990e-29 -9.990e-29     34.601     34.331     6.7894    32.8205      7.888     0.0954 2.6934e-01  1025.8894     6.7864    25.7306     8.2082    250.076    9.83505  299.63987     83.459 -9.990e-29
 -9.990e-29 -9.990e-29     34.611     34.341     6.7891    32.8205      7.888     0.0954 2.6934e-01  1025.8898     6.7861    25.7306     8.2091    250.103    9.83512  299.64205     83.467 -9.990e-29
 -9.990e-29 -9.990e-29     34.601     34.331     6.7894    32.8205      7.888     0.0954 2.6934e-01  1025.8894     6.7864    25.7306     8.2091    250.104    9.83524  299.64585     83.467 -9.990e-29
 -9.990e-29 -9.990e-29     34.611     34.341     6.7892    32.8205      7.888     0.0954 2.6911e-01  1025.8898     6.7862    25.7306     8.2039    249.945    9.83551  299.65404     83.411 -9.990e-29
 -9.990e-29 -9.990e-29     34.602     34.333     6.7894    32.8205      7.888     0.0954 2.6835e-01  1025.8894     6.7863    25.7306     8.2093    250.109    9.83550  299.65346     83.466 -9.990e-29
 -9.990e-29 -9.990e-29     34.622     34.352     6.7892    32.8205      7.888     0.0819 2.6835e-01  1025.8896     6.7862    25.7306     8.2029    249.914    9.83551  299.65369     83.401 -9.990e-29
 -9.990e-29 -9.990e-29     34.622     34.352     6.7894    32.8206      7.888     0.0551 2.6835e-01  1025.8896     6.7863    25.7307     8.2084    250.081    9.83554  299.65461     83.456 -9.990e-29
 -9.990e-29 -9.990e-29     34.622     34.352     6.7891    32.8206      7.888     0.0551 2.6835e-01  1025.8901     6.7861    25.7308     8.2084    250.082    9.83556  299.65531     83.457 -9.990e-29
 -9.990e-29 -9.990e-29     34.622     34.352     6.7894    32.8206      7.888     0.0551 2.6835e-01  1025.8898     6.7863    25.7308     8.2085    250.084    9.83563  299.65715     83.457 -9.990e-29
 -9.990e-29 -9.990e-29     34.622     34.352     6.7892    32.8206      7.888     0.0551 2.6835e-01  1025.8897     6.7862    25.7307     8.2021    249.890    9.83560  299.65641     83.392 -9.990e-29
 -9.990e-29 -9.990e-29     34.631     34.362     6.7892    32.8206      7.888     0.0551 2.6736e-01  1025.8897     6.7862    25.7307     8.2075    250.055    9.83557  299.65548     83.448 -9.990e-29
 -9.990e-29 -9.990e-29     34.631     34.362     6.7890    32.8206      7.888     0.0551 2.6736e-01  1025.8900     6.7860    25.7307     8.2077    250.060    9.83568  299.65870     83.448 -9.990e-29
 -9.990e-29 -9.990e-29     34.642     34.372     6.7897    32.8206      7.888     0.0551 2.6736e-01  1025.8896     6.7866    25.7306     8.2077    250.060    9.83564  299.65755     83.449 -9.990e-29
 -9.990e-29 -9.990e-29     34.631     34.362     6.7893    32.8206      7.888     0.0551 2.6736e-01  1025.8897     6.7863    25.7306     8.2079    250.067    9.83583  299.66339     83.449 -9.990e-29
 -9.990e-29 -9.990e-29     34.652     34.382     6.7894    32.8206      7.888     0.0551 2.6736e-01  1025.8898     6.7863    25.7307     8.2080    250.069    9.83585  299.66428     83.450 -9.990e-29
 -9.990e-29 -9.990e-29     34.652     34.382     6.7894    32.8208      7.888     0.0551 2.6660e-01  1025.8900     6.7863    25.7308     8.2082    250.076    9.83602  299.66944     83.451 -9.990e-29
 -9.990e-29 -9.990e-29     34.662     34.392     6.7895    32.8209      7.888     0.0551 2.6660e-01  1025.8900     6.7865    25.7308     8.2083    250.079    9.83609  299.67148     83.451 -9.990e-29
 -9.990e-29 -9.990e-29     34.662     34.392     6.7894    32.8209      7.888     0.0551 2.6584e-01  1025.8902     6.7863    25.7308     8.2021    249.888    9.83617  299.67405     83.387 -9.990e-29
 -9.990e-29 -9.990e-29     34.673     34.403     6.7897    32.8209      7.888     0.0551 2.6584e-01  1025.8900     6.7866    25.7309     8.2013    249.865    9.83628  299.67709     83.378 -9.990e-29
 -9.990e-29 -9.990e-29     34.663     34.393     6.7894    32.8209      7.888     0.0551 2.6584e-01  1025.8903     6.7864    25.7309     8.2069    250.035    9.83631  299.67807     83.434 -9.990e-29
 -9.990e-29 -9.990e-29     34.682     34.412     6.7895    32.8209      7.888     0.0551 2.6486e-01  1025.8900     6.7865    25.7309     8.2071    250.043    9.83646  299.68246     83.436 -9.990e-29
 -9.990e-29 -9.990e-29     34.692     34.422     6.7892    32.8208      7.888     0.0551 2.6486e-01  1025.8905     6.7862    25.7308     8.2072    250.046    9.83647  299.68275     83.437 -9.990e-29
 -9.990e-29 -9.990e-29     34.692     34.422     6.7895    32.8206      7.888     0.0551 2.6411e-01  1025.8898     6.7865    25.7307     8.2074    250.051    9.83651  299.68390     83.438 -9.990e-29
