CalculateIndicators/WaterTemperature/Data/CTD_NYOS/20230518_C30.cnv
* Sea-Bird SBE 9 Data File:
* FileName = C:\Seabird 9 CTD\Data\2023\202305_offshore\20230518_C30.hex
* Software Version Seasave V 7.23.2
* Temperature SN = 4590
* Conductivity SN = 3228
* Number of Bytes Per Scan = 44
* Number of Voltage Words = 5
* Number of Scans Averaged by the Deck Unit = 1
* NMEA Latitude = 40 40.99 N
* NMEA Longitude = 072 03.52 W
* NMEA UTC (Time) = May 18 2023  18:24:38
* NMEA baud rate = 4800
** Ship: Seawolf
** Station: 11.2
** Operator: TCM
# nquan = 18
# nvalues = 10151                       
# units = specified
# name 0 = latitude: Latitude [deg]
# name 1 = longitude: Longitude [deg]
# name 2 = prDM: Pressure, Digiquartz [db]
# name 3 = depSM: Depth [salt water, m]
# name 4 = t090C: Temperature [ITS-90, deg C]
# name 5 = sal00: Salinity, Practical [PSU]
# name 6 = ph: pH
# name 7 = flECO-AFL: Fluorescence, WET Labs ECO-AFL/FL [mg/m^3]
# name 8 = cpar: CPAR/Corrected Irradiance [%]
# name 9 = density00: Density [density, kg/m^3]
# name 10 = potemp090C: Potential Temperature [ITS-90, deg C]
# name 11 = sigma-é00: Density [sigma-theta, kg/m^3]
# name 12 = sbeox0Mg/L: Oxygen, SBE 43 [mg/l]
# name 13 = sbox0Mm/Kg: Oxygen, SBE 43 [umol/kg]
# name 14 = oxsolMg/L: Oxygen Saturation, Garcia & Gordon [mg/l]
# name 15 = oxsolMm/Kg: Oxygen Saturation, Garcia & Gordon [umol/kg]
# name 16 = sbeox0PS: Oxygen, SBE 43 [% saturation]
# name 17 = flag:  0.000e+00
# span 0 =   40.68268,   40.68330       
# span 1 =  -72.05880,  -72.05874       
# span 2 =      1.829,     46.148       
# span 3 =      1.815,     45.786       
# span 4 =     6.7659,    12.9190       
# span 5 =    31.2057,    32.8149       
# span 6 =      7.879,      8.124       
# span 7 =    -0.0121,     0.9147       
# span 8 = 4.4492e-02, 3.1036e+02       
# span 9 =  1023.5461,  1025.9328       
# span 10 =     6.7625,    12.9183      
# span 11 =    23.5302,    25.7285      
# span 12 =     8.1073,     9.5589      
# span 13 =    247.005,    291.337      
# span 14 =    8.68283,    9.84095      
# span 15 =  265.09783,  299.82120      
# span 16 =     82.409,    106.126      
# span 17 = 0.0000e+00, 0.0000e+00      
# interval = seconds: 0.0416667
# start_time = May 18 2023 18:24:40 [System UTC, first data scan.]
# bad_flag = -9.990e-29
*END*
[from data line 3056]
   40.68312  -72.05878     45.434     45.078     6.7819    32.8060 -9.990e-29     0.0416 4.9038e-02  1025.9290     6.7779    25.7203     8.1308    247.721    9.83755  299.71912     82.651 -9.990e-29
   40.68312  -72.05878     45.423     45.068     6.7818    32.8061 -9.990e-29     0.0282 4.8996e-02  1025.9292     6.7778    25.7204     8.1303    247.705    9.83759  299.72043     82.646 -9.990e-29
   40.68312  -72.05878     45.414     45.058     6.7819    32.8061 -9.990e-29     0.0148 4.9144e-02  1025.9289     6.7779    25.7204     8.1308    247.719    9.83762  299.72136     82.650 -9.990e-29
   40.68312  -72.05878     45.403     45.047     6.7821    32.8061 -9.990e-29     0.0013 4.9292e-02  1025.9287     6.7781    25.7204     8.1303    247.704    9.83771  299.72402     82.644 -9.990e-29
   40.68312  -72.05878     45.382     45.026     6.7819    32.8061 -9.990e-29     0.0148 4.9441e-02  1025.9291     6.7779    25.7204     8.1308    247.719    9.83780  299.72678     82.648 -9.990e-29
   40.68312  -72.05878     45.372     45.017     6.7824    32.8061 -9.990e-29     0.0013 4.9740e-02  1025.9288     6.7784    25.7204     8.1301    247.697    9.83771  299.72386     82.642 -9.990e-29
   40.68312  -72.05878     45.342     44.987     6.7822    32.8061 -9.990e-29     0.0148 4.9890e-02  1025.9285     6.7782    25.7202     8.1294    247.678    9.83771  299.72396     82.635 -9.990e-29
   40.68312  -72.05878     45.342     44.987     6.7824    32.8060 -9.990e-29     0.0013 4.9933e-02  1025.9284     6.7784    25.7202     8.1287    247.657    9.83771  299.72391     82.628 -9.990e-29
   40.68312  -72.05878     45.331     44.976     6.7824    32.8058 -9.990e-29     0.0013 4.9890e-02  1025.9284     6.7784    25.7201     8.1290    247.666    9.83776  299.72524     82.631 -9.990e-29
   40.68312  -72.05878     45.321     44.966     6.7822    32.8056 -9.990e-29     0.0013 4.9890e-02  1025.9281     6.7783    25.7199     8.1283    247.643    9.83773  299.72450     82.624 -9.990e-29
   40.68312  -72.05878     45.300     44.946     6.7819    32.8054 -9.990e-29     0.0013 5.0041e-02  1025.9278     6.7779    25.7198     8.1275    247.619    9.83768  299.72286     82.616 -9.990e-29
   40.68312  -72.05878     45.300     44.946     6.7813    32.8054 -9.990e-29     0.0013 5.0192e-02  1025.9278     6.7773    25.7198     8.1267    247.594    9.83767  299.72266     82.608 -9.990e-29
   40.68312  -72.05878     45.281     44.926     6.7811    32.8054 -9.990e-29     0.0013 5.0343e-02  1025.9280     6.7771    25.7199     8.1258    247.567    9.83764  299.72164     82.599 -9.990e-29
   40.68312  -72.05878     45.271     44.917     6.7814    32.8056 -9.990e-29     0.0148 5.0300e-02  1025.9279     6.7774    25.7201     8.1259    247.570    9.83764  299.72173     82.600 -9.990e-29
   40.68312  -72.05878     45.260     44.906     6.7816    32.8056 -9.990e-29     0.0013 5.0452e-02  1025.9282     6.7776    25.7201     8.1260    247.573    9.83762  299.72101     82.601 -9.990e-29
   40.68312  -72.05878     45.249     44.895     6.7813    32.8056 -9.990e-29     0.0013 5.0300e-02  1025.9281     6.7773    25.7201     8.1261    247.575    9.83758  299.71967     82.602 -9.990e-29
   40.68312  -72.05878     45.240     44.885     6.7818    32.8056 -9.990e-29     0.0013 5.0452e-02  1025.9277     6.7778    25.7200     8.1261    247.578    9.83758  299.71968     82.603 -9.990e-29
   40.68312  -72.05878     45.230     44.876     6.7816    32.8054 -9.990e-29     0.0013 5.0452e-02  1025.9277     6.7776    25.7198     8.1262    247.580    9.83754  299.71858     82.604 -9.990e-29
   40.68312  -72.05878     45.230     44.876     6.7818    32.8053 -9.990e-29     0.0148 5.0604e-02  1025.9275     6.7778    25.7197     8.1264    247.585    9.83759  299.72018     82.605 -9.990e-29
   40.68312  -72.05878     45.219     44.865     6.7814    32.8052 -9.990e-29     0.0013 5.0604e-02  1025.9273     6.7775    25.7196     8.1265    247.587    9.83756  299.71938     82.606 -9.990e-29
   40.68312  -72.05878     45.209     44.855     6.7818    32.8052 -9.990e-29     0.0148 5.0647e-02  1025.9270     6.7778    25.7196     8.1256    247.561    9.83759  299.72022     82.597 -9.990e-29
   40.68312  -72.05878     45.209     44.855     6.7814    32.8052 -9.990e-29     0.0013 5.0647e-02  1025.9275     6.7774    25.7197     8.1256    247.562    9.83756  299.71926     82.598 -9.990e-29
   40.68312  -72.05878     45.209     44.855     6.7816    32.8053 -9.990e-29     0.0013 5.0691e-02  1025.9277     6.7776    25.7198     8.1257    247.565    9.83760  299.72042     82.598 -9.990e-29
   40.68312  -72.05878     45.198     44.844     6.7818    32.8053 -9.990e-29     0.0148 5.0844e-02  1025.9272     6.7778    25.7198     8.1258    247.566    9.83758  299.71991     82.599 -9.990e-29
   40.68312  -72.05878     45.198     44.844     6.7814    32.8053 -9.990e-29     0.0148 5.0800e-02  1025.9275     6.7775    25.7198     8.1258    247.568    9.83759  299.72016     82.600 -9.990e-29
   40.68312  -72.05878     45.198     44.844     6.7814    32.8053 -9.990e-29     0.0148 5.0800e-02  1025.9274     6.7775    25.7198     8.1259    247.570    9.83759  299.72010     82.600 -9.990e-29
   40.68312  -72.05878     45.198     44.844     6.7816    32.8053 -9.990e-29     0.0148 5.0800e-02  1025.9274     6.7776    25.7198     8.1259    247.571    9.83758  299.71981     82.601 -9.990e-29
   40.68312  -72.05878     45.200     44.846     6.7814    32.8053 -9.990e-29     0.0282 5.0800e-02  1025.9274     6.7775    25.7198     8.1250    247.543    9.83759  299.72020     82.591 -9.990e-29
   40.68312  -72.05878     45.209     44.855     6.7817    32.8053 -9.990e-29     0.0148 5.0756e-02  1025.9273     6.7777    25.7198     8.1250    247.543    9.83756  299.71924     82.592 -9.990e-29
   40.68312  -72.05878     45.209     44.855     6.7814    32.8053 -9.990e-29     0.0282 5.0756e-02  1025.9277     6.7775    25.7198     8.1186    247.349    9.83760  299.72052     82.527 -9.990e-29
   40.68312  -72.05878     45.209     44.855     6.7816    32.8054 -9.990e-29     0.0282 5.0800e-02  1025.9272     6.7776    25.7198     8.1242    247.517    9.83762  299.72115     82.583 -9.990e-29
   40.68312  -72.05878     45.209     44.855     6.7814    32.8054 -9.990e-29     0.0282 5.0647e-02  1025.9274     6.7775    25.7198     8.1243    247.520    9.83768  299.72297     82.583 -9.990e-29
   40.68312  -72.05878     45.230     44.876     6.7813    32.8056 -9.990e-29     0.0282 5.0647e-02  1025.9278     6.7773    25.7200     8.1243    247.521    9.83763  299.72154     82.584 -9.990e-29
   40.68312  -72.05878     45.230     44.876     6.7813    32.8056 -9.990e-29     0.0148 5.0844e-02  1025.9281     6.7773    25.7201     8.1244    247.524    9.83769  299.72336     82.584 -9.990e-29
   40.68312  -72.05878     45.240     44.885     6.7814    32.8056 -9.990e-29     0.0282 5.0888e-02  1025.9277     6.7775    25.7201     8.1244    247.525    9.83767  299.72262     82.585 -9.990e-29
   40.68312  -72.05878     45.251     44.896     6.7813    32.8057 -9.990e-29     0.0148 5.0932e-02  1025.9279     6.7773    25.7201     8.1244    247.524    9.83761  299.72074     82.585 -9.990e-29
   40.68312  -72.05878     45.270     44.915     6.7812    32.8057 -9.990e-29     0.0148 5.0778e-02  1025.9281     6.7773    25.7201     8.1244    247.525    9.83759  299.72029     82.585 -9.990e-29
   40.68312  -72.05878     45.270     44.915     6.7813    32.8057 -9.990e-29     0.0282 5.0735e-02  1025.9279     6.7773    25.7201     8.1245    247.527    9.83762  299.72090     82.586 -9.990e-29
   40.68312  -72.05878     45.291     44.936     6.7811    32.8057 -9.990e-29     0.0148 5.0691e-02  1025.9282     6.7771    25.7201     8.1245    247.527    9.83756  299.71932     82.586 -9.990e-29
   40.68312  -72.05878     45.300     44.946     6.7816    32.8057 -9.990e-29     0.0148 5.0192e-02  1025.9281     6.7776    25.7201     8.1246    247.529    9.83760  299.72060     82.587 -9.990e-29
   40.68312  -72.05878     45.321     44.966     6.7818    32.8058 -9.990e-29     0.0282 5.0041e-02  1025.9281     6.7778    25.7201     8.1246    247.530    9.83758  299.72006     82.587 -9.990e-29
   40.68312  -72.05878     45.322     44.967     6.7813    32.8061 -9.990e-29     0.0148 5.0149e-02  1025.9288     6.7773    25.7204     8.1246    247.532    9.83761  299.72075     82.588 -9.990e-29
   40.68312  -72.05878     45.351     44.996     6.7818    32.8063 -9.990e-29     0.0282 4.9998e-02  1025.9289     6.7778    25.7205     8.1247    247.534    9.83766  299.72224     82.588 -9.990e-29
   40.68312  -72.05878     45.372     45.017     6.7819    32.8063 -9.990e-29     0.0282 5.0041e-02  1025.9288     6.7779    25.7205     8.1247    247.533    9.83759  299.72035     82.588 -9.990e-29
   40.68312  -72.05878     45.382     45.026     6.7821    32.8063      7.883     0.0282 5.0127e-02  1025.9290     6.7781    25.7205     8.1248    247.536    9.83766  299.72232     82.589 -9.990e-29
   40.68312  -72.05878     45.402     45.047     6.7822    32.8062      7.883     0.0148 4.9869e-02  1025.9291     6.7783    25.7204     8.1248    247.536    9.83764  299.72162     82.589 -9.990e-29
   40.68312  -72.05878     45.423     45.067     6.7824    32.8058      7.883     0.0148 4.9762e-02  1025.9290     6.7784    25.7201     8.1248    247.536    9.83759  299.72026     82.589 -9.990e-29
   40.68312  -72.05878     45.454     45.097     6.7829    32.8052      7.883     0.0282 4.9612e-02  1025.9279     6.7789    25.7195     8.1248    247.536    9.83756  299.71925     82.589 -9.990e-29
   40.68312  -72.05878     45.476     45.119     6.7822    32.8048      7.883     0.0148 4.9420e-02  1025.9282     6.7783    25.7193     8.1248    247.536    9.83753  299.71834     82.590 -9.990e-29
   40.68312  -72.05878     45.495     45.139     6.7821    32.8046      7.883     0.0282 4.9080e-02  1025.9282     6.7781    25.7191     8.1248    247.537    9.83753  299.71833     82.590 -9.990e-29
   40.68312  -72.05878     45.525     45.169     6.7821    32.8046      7.879     0.0282 4.8932e-02  1025.9280     6.7781    25.7190     8.1248    247.538    9.83753  299.71832     82.590 -9.990e-29
   40.68312  -72.05878     45.535     45.178     6.7816    32.8046      7.883     0.0282 4.8975e-02  1025.9284     6.7776    25.7192     8.1249    247.541    9.83759  299.72042     82.591 -9.990e-29
   40.68312  -72.05878     45.567     45.210     6.7811    32.8049      7.883     0.0416 4.8932e-02  1025.9288     6.7771    25.7195     8.1185    247.345    9.83755  299.71911     82.526 -9.990e-29
   40.68312  -72.05878     45.587     45.230     6.7814    32.8052      7.883     0.0416 4.8890e-02  1025.9291     6.7774    25.7197     8.1241    247.514    9.83760  299.72032     82.582 -9.990e-29
   40.68312  -72.05878     45.607     45.249     6.7813    32.8053      7.879     0.0416 4.8890e-02  1025.9295     6.7773    25.7198     8.1241    247.516    9.83758  299.71978     82.582 -9.990e-29
   40.68312  -72.05878     45.637     45.280     6.7814    32.8053      7.883     0.0282 4.8743e-02  1025.9293     6.7774    25.7198     8.1242    247.518    9.83759  299.72014     82.583 -9.990e-29
   40.68312  -72.05878     45.667     45.310     6.7811    32.8055      7.883     0.0282 4.8554e-02  1025.9298     6.7771    25.7200     8.1243    247.521    9.83761  299.72073     82.584 -9.990e-29
   40.68312  -72.05878     45.678     45.321     6.7811    32.8058      7.883     0.0282 4.8366e-02  1025.9301     6.7771    25.7202     8.1243    247.523    9.83763  299.72132     82.584 -9.990e-29
   40.68312  -72.05878     45.709     45.351     6.7814    32.8058      7.883     0.0416 4.7930e-02  1025.9301     6.7774    25.7202     8.1244    247.526    9.83766  299.72213     82.585 -9.990e-29
   40.68300  -72.05878     45.729     45.371     6.7814    32.8059      7.883     0.0416 4.7641e-02  1025.9302     6.7774    25.7203     8.1245    247.527    9.83761  299.72098     82.586 -9.990e-29
   40.68300  -72.05878     45.760     45.401     6.7814    32.8059      7.883     0.0282 4.7641e-02  1025.9307     6.7774    25.7203     8.1245    247.528    9.83760  299.72064     82.586 -9.990e-29
   40.68300  -72.05878     45.781     45.422     6.7816    32.8059      7.883     0.0282 4.7682e-02  1025.9304     6.7776    25.7203     8.1245    247.529    9.83758  299.71980     82.587 -9.990e-29
   40.68300  -72.05878     45.811     45.452     6.7816    32.8060      7.883     0.0416 4.7538e-02  1025.9308     6.7776    25.7203     8.1182    247.335    9.83755  299.71908     82.522 0.0000e+00
   40.68300  -72.05878     45.832     45.473     6.7818    32.8060      7.879     0.0282 4.7723e-02  1025.9308     6.7777    25.7203     8.1237    247.505    9.83757  299.71976     82.579 0.0000e+00
   40.68300  -72.05878     45.841     45.482     6.7818    32.8060      7.883     0.0282 4.7149e-02  1025.9309     6.7777    25.7203     8.1238    247.508    9.83757  299.71974     82.580 0.0000e+00
   40.68300  -72.05878     45.872     45.512     6.7819    32.8060      7.883     0.0416 4.6865e-02  1025.9310     6.7779    25.7202     8.1239    247.510    9.83756  299.71940     82.581 0.0000e+00
   40.68300  -72.05878     45.892     45.533     6.7818    32.8059      7.883     0.0416 4.6683e-02  1025.9309     6.7777    25.7201     8.1240    247.513    9.83755  299.71909     82.582 0.0000e+00
   40.68300  -72.05878     45.923     45.563     6.7819    32.8058      7.879     0.0416 4.6542e-02  1025.9310     6.7779    25.7201     8.1242    247.518    9.83763  299.72156     82.583 0.0000e+00
   40.68300  -72.05878     45.934     45.574     6.7818    32.8058      7.883     0.0416 4.6221e-02  1025.9311     6.7777    25.7201     8.1243    247.523    9.83770  299.72365     82.584 0.0000e+00
   40.68300  -72.05878     45.954     45.594     6.7819    32.8058      7.883     0.0416 4.6221e-02  1025.9312     6.7779    25.7201     8.1181    247.334    9.83777  299.72583     82.520 0.0000e+00
   40.68300  -72.05878     45.974     45.614     6.7818    32.8058      7.879     0.0416 4.6221e-02  1025.9312     6.7777    25.7200     8.1237    247.504    9.83781  299.72693     82.577 0.0000e+00
   40.68300  -72.05878     45.994     45.634     6.7819    32.8058      7.883     0.0282 4.6221e-02  1025.9311     6.7779    25.7200     8.1239    247.509    9.83783  299.72767     82.578 0.0000e+00
   40.68300  -72.05878     46.015     45.655     6.7818    32.8057      7.883     0.0416 4.6221e-02  1025.9315     6.7777    25.7201     8.1240    247.513    9.83782  299.72734     82.579 0.0000e+00
   40.68300  -72.05878     46.026     45.666     6.7817    32.8057      7.883     0.0416 4.6081e-02  1025.9317     6.7777    25.7201     8.1242    247.517    9.83783  299.72762     82.581 0.0000e+00
   40.68300  -72.05878     46.045     45.685     6.7819    32.8057      7.883     0.0282 4.5703e-02  1025.9314     6.7779    25.7201     8.1244    247.524    9.83788  299.72915     82.583 0.0000e+00
   40.68300  -72.05878     46.055     45.694     6.7818    32.8057      7.879     0.0282 4.5604e-02  1025.9317     6.7777    25.7201     8.1181    247.331    9.83783  299.72752     82.519 0.0000e+00
   40.68300  -72.05878     46.076     45.715     6.7819    32.8057      7.883     0.0282 4.5565e-02  1025.9317     6.7779    25.7201     8.1173    247.309    9.83786  299.72856     82.511 -9.990e-29
   40.68300  -72.05878     46.076     45.715     6.7818    32.8056      7.883     0.0282 4.5525e-02  1025.9317     6.7777    25.7200     8.1166    247.287    9.83786  299.72855     82.504 -9.990e-29
   40.68300  -72.05878     46.097     45.735     6.7818    32.8054      7.879     0.0282 4.5486e-02  1025.9315     6.7777    25.7198     8.1148    247.234    9.83780  299.72655     82.486 0.0000e+00
