CalculateIndicators/WaterTemperature/Data/CTD_NYOS/20231003_C04.cnv
* Sea-Bird SBE 9 Data File:
* FileName = C:\Seabird 9 CTD\Data\2023\202309_offshore\20231003_C04.hex
* Software Version Seasave V 7.23.2
* Temperature SN = 4590
* Conductivity SN = 3228
* Number of Bytes Per Scan = 44
* Number of Voltage Words = 5
* Number of Scans Averaged by the Deck Unit = 1
* NMEA Latitude = 40 04.65 N
* NMEA Longitude = 073 04.76 W
* NMEA UTC (Time) = Oct 03 2023  12:09:57
* NMEA baud rate = 4800
** Ship: seawolf
** Station: 8.3
** Operator: TDK
# nquan = 18
# nvalues = 12579                       
# units = specified
# name 0 = latitude: Latitude [deg]
# name 1 = longitude: Longitude [deg]
# name 2 = prDM: Pressure, Digiquartz [db]
# name 3 = depSM: Depth [salt water, m]
# name 4 = t090C: Temperature [ITS-90, deg C]
# name 5 = sal00: Salinity, Practical [PSU]
# name 6 = ph: pH
# name 7 = flECO-AFL: Fluorescence, WET Labs ECO-AFL/FL [mg/m^3]
# name 8 = cpar: CPAR/Corrected Irradiance [%]
# name 9 = density00: Density [density, kg/m^3]
# name 10 = potemp090C: Potential Temperature [ITS-90, deg C]
# name 11 = sigma-é00: Density [sigma-theta, kg/m^3]
# name 12 = sbeox0Mg/L: Oxygen, SBE 43 [mg/l]
# name 13 = sbox0Mm/Kg: Oxygen, SBE 43 [umol/kg]
# name 14 = oxsolMg/L: Oxygen Saturation, Garcia & Gordon [mg/l]
# name 15 = oxsolMm/Kg: Oxygen Saturation, Garcia & Gordon [umol/kg]
# name 16 = sbeox0PS: Oxygen, SBE 43 [% saturation]
# name 17 = flag:  0.000e+00
# span 0 =   40.07734,   40.07752       
# span 1 =  -73.08164,  -73.07942       
# span 2 =      1.920,     38.850       
# span 3 =      1.906,     38.549       
# span 4 =    17.2696,    17.9045       
# span 5 =    31.9694,    32.3193       
# span 6 =      7.966,      7.997       
# span 7 =     0.0551,     0.7669       
# span 8 = 7.6245e-02, 4.6977e+00       
# span 9 =  1023.0662,  1023.5014       
# span 10 =    17.2642,    17.9042      
# span 11 =    23.0585,    23.3285      
# span 12 =     6.8947,     7.3540      
# span 13 =    210.564,    224.633      
# span 14 =    7.82554,    7.92440      
# span 15 =  239.03840,  242.03571      
# span 16 =     87.370,     93.963      
# span 17 = 0.0000e+00, 0.0000e+00      
# interval = seconds: 0.0416667
# start_time = Oct 03 2023 12:09:59 [System UTC, first data scan.]
# bad_flag = -9.990e-29
*END*
[from data line 12061]
   40.07734  -73.08152      2.364      2.346    17.8981    32.0852      7.997     0.6192 3.9879e+00  1023.0760    17.8977    23.0657     7.3152    223.451    7.82637  239.06327     93.469 -9.990e-29
   40.07734  -73.08152      2.334      2.316    17.8981    32.0852      7.997     0.6192 4.0104e+00  1023.0760    17.8977    23.0657     7.3201    223.598    7.82640  239.06439     93.530 -9.990e-29
   40.07734  -73.08152      2.325      2.307    17.8981    32.0852      7.997     0.6192 4.0379e+00  1023.0759    17.8977    23.0656     7.3207    223.616    7.82643  239.06545     93.538 -9.990e-29
   40.07734  -73.08152      2.326      2.308    17.8981    32.0852      7.997     0.6192 4.1299e+00  1023.0756    17.8977    23.0656     7.3212    223.633    7.82641  239.06474     93.545 -9.990e-29
   40.07734  -73.08152      2.304      2.286    17.8981    32.0851      7.997     0.6192 4.1599e+00  1023.0760    17.8977    23.0658     7.3218    223.652    7.82641  239.06462     93.553 -9.990e-29
   40.07734  -73.08152      2.294      2.277    17.8981    32.0851      7.997     0.6192 4.1716e+00  1023.0760    17.8977    23.0658     7.3178    223.528    7.82639  239.06378     93.501 -9.990e-29
   40.07736  -73.08152      2.274      2.256    17.8985    32.0851      7.997     0.6192 4.2070e+00  1023.0755    17.8981    23.0656     7.3226    223.676    7.82635  239.06273     93.564 -9.990e-29
   40.07736  -73.08152      2.264      2.247    17.8985    32.0851      7.997     0.6192 4.2359e+00  1023.0753    17.8981    23.0655     7.3233    223.696    7.82633  239.06218     93.572 -9.990e-29
   40.07736  -73.08152      2.243      2.226    17.8983    32.0851      7.997     0.6192 4.2359e+00  1023.0754    17.8979    23.0656     7.3240    223.717    7.82630  239.06123     93.581 -9.990e-29
   40.07736  -73.08152      2.232      2.215    17.8985    32.0850      7.997     0.6057 4.2718e+00  1023.0753    17.8981    23.0656     7.3242    223.725    7.82631  239.06148     93.585 -9.990e-29
   40.07736  -73.08152      2.232      2.215    17.8983    32.0850      7.997     0.6057 4.2907e+00  1023.0753    17.8979    23.0655     7.3198    223.590    7.82629  239.06077     93.528 -9.990e-29
   40.07736  -73.08152      2.202      2.185    17.8983    32.0848      7.997     0.5923 4.2907e+00  1023.0747    17.8979    23.0653     7.3201    223.599    7.82629  239.06102     93.532 -9.990e-29
   40.07736  -73.08152      2.184      2.168    17.8983    32.0848      7.997     0.6057 4.3028e+00  1023.0747    17.8979    23.0653     7.3200    223.595    7.82629  239.06084     93.531 -9.990e-29
   40.07736  -73.08152      2.183      2.166    17.8983    32.0847      7.997     0.6057 4.3149e+00  1023.0750    17.8979    23.0654     7.3198    223.591    7.82625  239.05961     93.529 -9.990e-29
   40.07736  -73.08152      2.153      2.136    17.8981    32.0847      7.997     0.6057 4.3149e+00  1023.0749    17.8977    23.0654     7.3198    223.589    7.82627  239.06036     93.528 -9.990e-29
   40.07736  -73.08152      2.153      2.136    17.8983    32.0847      7.997     0.6057 4.3515e+00  1023.0747    17.8979    23.0653     7.3201    223.600    7.82624  239.05943     93.533 -9.990e-29
   40.07736  -73.08152      2.132      2.116    17.8981    32.0847      7.997     0.5923 4.3884e+00  1023.0746    17.8977    23.0653     7.3201    223.598    7.82620  239.05813     93.533 -9.990e-29
   40.07736  -73.08152      2.121      2.105    17.8985    32.0847      7.997     0.6057 4.3937e+00  1023.0745    17.8981    23.0653     7.3201    223.598    7.82618  239.05756     93.533 -9.990e-29
   40.07736  -73.08152      2.112      2.095    17.8983    32.0847      7.997     0.6057 4.3323e+00  1023.0745    17.8980    23.0653     7.3205    223.612    7.82618  239.05743     93.539 -9.990e-29
   40.07736  -73.08152      2.091      2.075    17.8983    32.0849      7.997     0.6057 4.2598e+00  1023.0744    17.8979    23.0654     7.3205    223.612    7.82614  239.05639     93.539 -9.990e-29
   40.07736  -73.08152      2.081      2.065    17.8985    32.0851      7.997     0.6057 4.2427e+00  1023.0748    17.8981    23.0656     7.3206    223.615    7.82619  239.05782     93.540 -9.990e-29
   40.07736  -73.08152      2.072      2.056    17.8985    32.0853      7.997     0.6057 4.2003e+00  1023.0749    17.8981    23.0657     7.3207    223.617    7.82617  239.05733     93.541 -9.990e-29
   40.07736  -73.08152      2.051      2.035    17.8986    32.0853      7.997     0.6057 4.1067e+00  1023.0747    17.8983    23.0656     7.3208    223.622    7.82623  239.05945     93.542 -9.990e-29
   40.07736  -73.08152      2.041      2.026    17.8988    32.0853      7.997     0.6057 4.1001e+00  1023.0745    17.8985    23.0656     7.3210    223.627    7.82629  239.06134     93.544 -9.990e-29
   40.07736  -73.08152      2.030      2.015    17.8990    32.0853      7.997     0.6057 4.0936e+00  1023.0745    17.8986    23.0655     7.3212    223.633    7.82635  239.06299     93.546 -9.990e-29
   40.07736  -73.08152      2.021      2.005    17.8993    32.0853      7.997     0.6057 4.0936e+00  1023.0742    17.8990    23.0655     7.3214    223.639    7.82639  239.06423     93.548 -9.990e-29
   40.07736  -73.08152      2.000      1.985    17.8992    32.0853      7.997     0.6057 4.0936e+00  1023.0744    17.8988    23.0655     7.3216    223.646    7.82644  239.06551     93.550 -9.990e-29
   40.07736  -73.08152      2.000      1.985    17.8993    32.0852      7.997     0.6057 4.0821e+00  1023.0742    17.8990    23.0655     7.3218    223.652    7.82647  239.06655     93.552 -9.990e-29
   40.07736  -73.08152      1.991      1.975    17.8993    32.0851      7.997     0.6057 4.0364e+00  1023.0741    17.8990    23.0654     7.3216    223.646    7.82651  239.06774     93.549 -9.990e-29
   40.07736  -73.08152      1.980      1.964    17.8992    32.0851      7.997     0.6057 4.0137e+00  1023.0740    17.8988    23.0653     7.3218    223.652    7.82651  239.06774     93.552 -9.990e-29
   40.07736  -73.08152      1.970      1.955    17.8995    32.0851      7.997     0.6057 4.0088e+00  1023.0739    17.8992    23.0653     7.3221    223.661    7.82658  239.06963     93.555 -9.990e-29
   40.07736  -73.08152      1.960      1.945    17.8993    32.0851      7.997     0.6057 3.9751e+00  1023.0738    17.8990    23.0653     7.3220    223.657    7.82664  239.07179     93.552 -9.990e-29
   40.07736  -73.08152      1.960      1.945    17.8995    32.0851      7.997     0.6057 3.9480e+00  1023.0737    17.8992    23.0653     7.3219    223.654    7.82676  239.07569     93.549 -9.990e-29
   40.07736  -73.08152      1.949      1.934    17.8995    32.0851      7.997     0.6057 3.9480e+00  1023.0739    17.8992    23.0653     7.3217    223.646    7.82674  239.07495     93.547 -9.990e-29
   40.07736  -73.08152      1.940      1.925    17.8995    32.0851      7.997     0.5117 3.9086e+00  1023.0740    17.8992    23.0653     7.3172    223.511    7.82675  239.07501     93.490 -9.990e-29
   40.07736  -73.08152      1.940      1.925    17.8995    32.0851      7.997     0.4580 3.8695e+00  1023.0736    17.8992    23.0653     7.3166    223.493    7.82677  239.07550     93.482 -9.990e-29
   40.07736  -73.08152      1.940      1.925    17.8993    32.0851      7.997     0.4580 3.8695e+00  1023.0738    17.8990    23.0653     7.3207    223.619    7.82680  239.07657     93.534 -9.990e-29
   40.07736  -73.08152      1.941      1.926    17.8993    32.0852      7.997     0.4580 3.8804e+00  1023.0740    17.8990    23.0654     7.3160    223.473    7.82688  239.07911     93.473 -9.990e-29
   40.07736  -73.08152      1.929      1.914    17.8995    32.0852      7.997     0.4714 3.8851e+00  1023.0738    17.8992    23.0654     7.3155    223.458    7.82695  239.08120     93.465 -9.990e-29
   40.07736  -73.08152      1.940      1.925    17.8995    32.0853      7.997     0.4714 3.8851e+00  1023.0739    17.8992    23.0654     7.3149    223.440    7.82692  239.08000     93.458 -9.990e-29
   40.07736  -73.08152      1.929      1.914    17.8995    32.0854      7.997     0.4714 3.9181e+00  1023.0739    17.8992    23.0655     7.3143    223.422    7.82686  239.07799     93.451 -9.990e-29
   40.07736  -73.08152      1.929      1.914    17.8993    32.0854      7.997     0.4714 3.9402e+00  1023.0741    17.8990    23.0655     7.3137    223.402    7.82675  239.07442     93.445 -9.990e-29
   40.07736  -73.08152      1.940      1.925    17.8993    32.0854      7.997     0.4714 3.9465e+00  1023.0741    17.8990    23.0655     7.3130    223.381    7.82655  239.06836     93.438 -9.990e-29
   40.07736  -73.08152      1.940      1.925    17.8995    32.0852      7.997     0.4714 3.9576e+00  1023.0738    17.8992    23.0655     7.3124    223.365    7.82649  239.06669     93.432 -9.990e-29
   40.07736  -73.08152      1.940      1.925    17.8992    32.0852      7.997     0.4714 3.9688e+00  1023.0740    17.8988    23.0655     7.3119    223.349    7.82645  239.06556     93.426 -9.990e-29
   40.07736  -73.08152      1.940      1.925    17.8992    32.0852      7.997     0.4714 3.9736e+00  1023.0740    17.8988    23.0655     7.3119    223.349    7.82642  239.06486     93.426 -9.990e-29
   40.07736  -73.08152      1.949      1.934    17.8995    32.0851      7.997     0.4580 4.0009e+00  1023.0738    17.8992    23.0653     7.3119    223.348    7.82634  239.06222     93.427 -9.990e-29
   40.07736  -73.08152      1.949      1.934    17.8992    32.0850      7.997     0.4714 4.0691e+00  1023.0739    17.8988    23.0653     7.3115    223.336    7.82633  239.06195     93.422 -9.990e-29
   40.07736  -73.08152      1.960      1.945    17.8992    32.0848      7.997     0.4714 4.0920e+00  1023.0739    17.8988    23.0652     7.3115    223.337    7.82626  239.05986     93.423 -9.990e-29
   40.07736  -73.08152      1.960      1.945    17.8992    32.0848      7.997     0.4714 4.0920e+00  1023.0733    17.8988    23.0650     7.3112    223.328    7.82627  239.06025     93.419 -9.990e-29
   40.07736  -73.08152      1.970      1.955    17.8988    32.0848      7.997     0.4714 4.1267e+00  1023.0736    17.8985    23.0651     7.3114    223.334    7.82630  239.06146     93.421 -9.990e-29
   40.07736  -73.08152      1.971      1.956    17.8988    32.0850      7.997     0.4714 4.1384e+00  1023.0741    17.8985    23.0655     7.3118    223.346    7.82652  239.06864     93.423 -9.990e-29
   40.07736  -73.08152      1.991      1.975    17.8986    32.0854      7.997     0.4714 4.1267e+00  1023.0746    17.8983    23.0657     7.3123    223.361    7.82679  239.07669     93.426 -9.990e-29
   40.07736  -73.08152      1.991      1.975    17.8988    32.0856      7.997     0.4714 4.1086e+00  1023.0745    17.8985    23.0659     7.3079    223.227    7.82686  239.07856     93.370 -9.990e-29
   40.07734  -73.08152      2.000      1.985    17.8990    32.0856      7.997     0.4714 4.0905e+00  1023.0748    17.8986    23.0659     7.3120    223.353    7.82687  239.07840     93.422 -9.990e-29
   40.07734  -73.08152      2.010      1.994    17.8992    32.0856      7.997     0.4714 4.0955e+00  1023.0746    17.8988    23.0658     7.3123    223.361    7.82681  239.07635     93.427 -9.990e-29
   40.07734  -73.08152      2.010      1.994    17.8995    32.0855      7.997     0.4714 4.0383e+00  1023.0743    17.8991    23.0657     7.3126    223.371    7.82675  239.07475     93.431 -9.990e-29
   40.07734  -73.08152      2.021      2.005    17.8993    32.0855      7.997     0.4714 4.0205e+00  1023.0746    17.8990    23.0657     7.3131    223.384    7.82676  239.07516     93.437 -9.990e-29
   40.07734  -73.08152      2.030      2.015    17.8995    32.0855      7.997     0.5117 4.0205e+00  1023.0746    17.8991    23.0656     7.3135    223.398    7.82680  239.07644     93.442 -9.990e-29
   40.07734  -73.08152      2.051      2.035    17.8995    32.0854      7.997     0.5654 3.9247e+00  1023.0745    17.8992    23.0656     7.3136    223.400    7.82684  239.07766     93.443 -9.990e-29
   40.07734  -73.08152      2.051      2.035    17.8995    32.0854      7.997     0.5654 3.8529e+00  1023.0745    17.8992    23.0655     7.3138    223.406    7.82697  239.08163     93.443 -9.990e-29
   40.07734  -73.08152      2.061      2.045    17.8998    32.0854      7.997     0.5654 3.8420e+00  1023.0744    17.8995    23.0654     7.3186    223.552    7.82703  239.08324     93.504 -9.990e-29
   40.07734  -73.08152      2.072      2.056    17.8998    32.0854      7.997     0.5654 3.7930e+00  1023.0741    17.8995    23.0653     7.3191    223.568    7.82708  239.08475     93.510 -9.990e-29
   40.07734  -73.08152      2.072      2.056    17.8998    32.0854      7.997     0.5654 3.7400e+00  1023.0745    17.8995    23.0654     7.3150    223.441    7.82709  239.08506     93.457 -9.990e-29
   40.07734  -73.08152      2.092      2.076    17.9000    32.0856      7.997     0.5654 3.7340e+00  1023.0748    17.8997    23.0656     7.3150    223.441    7.82701  239.08239     93.458 -9.990e-29
   40.07734  -73.08152      2.102      2.086    17.9002    32.0856      7.997     0.5654 3.7085e+00  1023.0748    17.8998    23.0656     7.3195    223.581    7.82680  239.07582     93.519 -9.990e-29
   40.07734  -73.08152      2.111      2.095    17.9002    32.0856      7.997     0.5654 3.6773e+00  1023.0748    17.8999    23.0655     7.3199    223.593    7.82665  239.07125     93.526 -9.990e-29
   40.07734  -73.08152      2.111      2.095    17.9005    32.0854      7.997     0.5654 3.6670e+00  1023.0745    17.9002    23.0654     7.3156    223.462    7.82650  239.06686     93.473 -9.990e-29
   40.07734  -73.08152      2.132      2.116    17.9002    32.0852      7.997     0.5654 3.6773e+00  1023.0747    17.8999    23.0652     7.3157    223.464    7.82643  239.06483     93.474 -9.990e-29
   40.07734  -73.08152      2.132      2.116    17.9005    32.0847      7.997     0.5654 3.6877e+00  1023.0742    17.9002    23.0648     7.3157    223.465    7.82633  239.06190     93.476 -9.990e-29
   40.07734  -73.08152      2.142      2.125    17.9004    32.0842      7.997     0.5654 3.7026e+00  1023.0736    17.9000    23.0644     7.3158    223.468    7.82628  239.06054     93.478 -9.990e-29
   40.07734  -73.08152      2.153      2.136    17.9000    32.0842      7.997     0.5654 3.7131e+00  1023.0735    17.8997    23.0644     7.3160    223.472    7.82622  239.05885     93.480 -9.990e-29
   40.07734  -73.08152      2.162      2.146    17.8995    32.0842      7.997     0.5654 3.7340e+00  1023.0741    17.8991    23.0646     7.3162    223.479    7.82625  239.05970     93.482 -9.990e-29
   40.07734  -73.08152      2.172      2.155    17.8992    32.0844      7.997     0.5654 3.7340e+00  1023.0743    17.8988    23.0649     7.3210    223.626    7.82620  239.05809     93.545 -9.990e-29
   40.07734  -73.08152      2.183      2.166    17.8988    32.0846      7.997     0.5654 3.7400e+00  1023.0746    17.8984    23.0651     7.3170    223.503    7.82619  239.05806     93.493 -9.990e-29
   40.07734  -73.08152      2.184      2.168    17.8985    32.0848      7.997     0.5654 3.7611e+00  1023.0749    17.8981    23.0654     7.3218    223.652    7.82617  239.05735     93.556 -9.990e-29
   40.07734  -73.08152      2.193      2.176    17.8981    32.0848      7.997     0.5654 3.7823e+00  1023.0753    17.8977    23.0656     7.3225    223.672    7.82617  239.05717     93.564 -9.990e-29
   40.07734  -73.08152      2.202      2.185    17.8981    32.0848      7.997     0.5654 3.7823e+00  1023.0753    17.8977    23.0656     7.3185    223.550    7.82617  239.05718     93.513 -9.990e-29
   40.07736  -73.08152      2.202      2.185    17.8978    32.0845      7.997     0.5654 3.7777e+00  1023.0752    17.8974    23.0653     7.3140    223.414    7.82615  239.05665     93.456 -9.990e-29
