CalculateIndicators/WaterTemperature/Data/CTD_NYOS/20231004_C16.cnv
* Sea-Bird SBE 9 Data File:
* FileName = C:\Seabird 9 CTD\Data\2023\202309_offshore\20231004_C16.hex
* Software Version Seasave V 7.23.2
* Temperature SN = 4590
* Conductivity SN = 3228
* Number of Bytes Per Scan = 44
* Number of Voltage Words = 5
* Number of Scans Averaged by the Deck Unit = 1
* NMEA Latitude = 40 25.96 N
* NMEA Longitude = 072 49.68 W
* NMEA UTC (Time) = Oct 04 2023  20:34:24
* NMEA baud rate = 4800
** Ship: seawolf
** Station: 9.2
** Operator: TDK
# nquan = 18
# nvalues = 11580                       
# units = specified
# name 0 = latitude: Latitude [deg]
# name 1 = longitude: Longitude [deg]
# name 2 = prDM: Pressure, Digiquartz [db]
# name 3 = depSM: Depth [salt water, m]
# name 4 = t090C: Temperature [ITS-90, deg C]
# name 5 = sal00: Salinity, Practical [PSU]
# name 6 = ph: pH
# name 7 = flECO-AFL: Fluorescence, WET Labs ECO-AFL/FL [mg/m^3]
# name 8 = cpar: CPAR/Corrected Irradiance [%]
# name 9 = density00: Density [density, kg/m^3]
# name 10 = potemp090C: Potential Temperature [ITS-90, deg C]
# name 11 = sigma-é00: Density [sigma-theta, kg/m^3]
# name 12 = sbeox0Mg/L: Oxygen, SBE 43 [mg/l]
# name 13 = sbox0Mm/Kg: Oxygen, SBE 43 [umol/kg]
# name 14 = oxsolMg/L: Oxygen Saturation, Garcia & Gordon [mg/l]
# name 15 = oxsolMm/Kg: Oxygen Saturation, Garcia & Gordon [umol/kg]
# name 16 = sbeox0PS: Oxygen, SBE 43 [% saturation]
# name 17 = flag:  0.000e+00
# span 0 =   40.43272,   40.43314       
# span 1 =  -72.82800,  -72.82686       
# span 2 =      1.934,     35.509       
# span 3 =      1.919,     35.233       
# span 4 =    17.3220,    19.2642       
# span 5 =    31.7975,    31.9449       
# span 6 =      7.943,      8.001       
# span 7 =     0.2028,     1.4653       
# span 8 = 6.6129e-02, 6.3474e+01       
# span 9 =  1022.5711,  1023.2213       
# span 10 =    17.3163,    19.2638      
# span 11 =    22.5707,    23.0669      
# span 12 =     6.9108,     7.8572      
# span 13 =    211.096,    240.051      
# span 14 =    7.63657,    7.92333      
# span 15 =  233.37762,  242.00735      
# span 16 =     87.261,    101.625      
# span 17 = 0.0000e+00, 0.0000e+00      
# interval = seconds: 0.0416667
# start_time = Oct 04 2023 20:34:24 [System UTC, first data scan.]
# bad_flag = -9.990e-29
*END*
[from data line 8523]
   40.43302 -9.990e-29      6.782      6.729    18.0952    31.8673      7.991     0.3640 3.6305e+00  1022.8814    18.0940    22.8516     7.8159    238.793    7.79989  238.30480    100.205 0.0000e+00
   40.43302 -9.990e-29      6.758      6.706    18.0951    31.8679      7.991     0.3640 3.6716e+00  1022.8815    18.0940    22.8521     7.8110    238.644    7.79986  238.30424    100.143 0.0000e+00
   40.43302 -9.990e-29      6.739      6.687    18.0948    31.8682      7.991     0.3640 3.6757e+00  1022.8823    18.0936    22.8523     7.8102    238.619    7.79967  238.29900    100.134 0.0000e+00
   40.43302 -9.990e-29      6.721      6.669    18.0960    31.8683      7.991     0.3640 3.7278e+00  1022.8812    18.0949    22.8523     7.8093    238.594    7.79947  238.29339    100.126 0.0000e+00
   40.43302 -9.990e-29      6.709      6.657    18.0962    31.8691      7.991     0.3640 3.7806e+00  1022.8816    18.0951    22.8529     7.8088    238.577    7.79956  238.29611    100.118 0.0000e+00
   40.43302 -9.990e-29      6.677      6.626    18.0953    31.8707      7.991     0.3640 3.7913e+00  1022.8836    18.0942    22.8541     7.8081    238.557    7.79955  238.29539    100.110 0.0000e+00
   40.43302 -9.990e-29      6.668      6.616    18.0955    31.8709      7.991     0.3640 3.8450e+00  1022.8849    18.0943    22.8548     7.8076    238.541    7.79922  238.28524    100.107 0.0000e+00
   40.43302 -9.990e-29      6.661      6.609    18.0984    31.8709      7.991     0.3640 3.9326e+00  1022.8834    18.0973    22.8543     7.8021    238.373    7.79900  238.27827    100.040 0.0000e+00
   40.43302 -9.990e-29      6.628      6.577    18.0996    31.8709      7.991     0.3640 3.9548e+00  1022.8822    18.0985    22.8535     7.8057    238.484    7.79901  238.27868    100.086 0.0000e+00
   40.43302 -9.990e-29      6.617      6.566    18.0995    31.8705      7.991     0.3774 3.9436e+00  1022.8817    18.0984    22.8531     7.8053    238.471    7.79918  238.28430    100.078 0.0000e+00
   40.43302 -9.990e-29      6.589      6.538    18.0988    31.8703      7.991     0.3640 3.9258e+00  1022.8818    18.0977    22.8530     7.8008    238.334    7.79951  238.29410    100.017 0.0000e+00
   40.43302 -9.990e-29      6.577      6.526    18.0989    31.8702      7.991     0.3640 3.9148e+00  1022.8819    18.0978    22.8529     7.8046    238.448    7.79919  238.28319    100.069 0.0000e+00
   40.43302 -9.990e-29      6.556      6.506    18.1000    31.8699      7.991     0.3640 3.8928e+00  1022.8812    18.0989    22.8524     7.7981    238.249    7.79742  238.22959    100.008 0.0000e+00
   40.43302 -9.990e-29      6.548      6.497    18.1019    31.8699      7.991     0.3640 3.8384e+00  1022.8802    18.1008    22.8520     7.8011    238.341    7.79627  238.19502    100.061 0.0000e+00
   40.43302 -9.990e-29      6.516      6.466    18.1019    31.8699      7.991     0.3640 3.8061e+00  1022.8801    18.1008    22.8520     7.7999    238.306    7.79516  238.16163    100.061 0.0000e+00
   40.43302 -9.990e-29      6.496      6.446    18.1007    31.8705      7.991     0.3640 3.7954e+00  1022.8808    18.0996    22.8528     7.7943    238.137    7.79432  238.13616    100.000 0.0000e+00
   40.43302 -9.990e-29      6.478      6.428    18.0991    31.8722      7.991     0.3908 3.7424e+00  1022.8825    18.0981    22.8544     7.7975    238.234    7.79373  238.11829    100.049 0.0000e+00
   40.43302 -9.990e-29      6.466      6.416    18.0985    31.8742      7.991     0.4311 3.7045e+00  1022.8846    18.0974    22.8560     7.7922    238.071    7.79299  238.09658     99.989 0.0000e+00
   40.43302 -9.990e-29      6.445      6.395    18.0996    31.8759      7.991     0.4446 3.7150e+00  1022.8856    18.0985    22.8571     7.7912    238.043    7.79244  238.08058     99.984 0.0000e+00
   40.43302 -9.990e-29      6.437      6.387    18.1008    31.8768      7.991     0.4446 3.7150e+00  1022.8861    18.0998    22.8576     7.7954    238.172    7.79193  238.06537    100.045 0.0000e+00
   40.43302 -9.990e-29      6.405      6.356    18.1028    31.8768      7.991     0.4446 3.7150e+00  1022.8856    18.1017    22.8574     7.7906    238.023    7.79116  238.04094     99.992 0.0000e+00
   40.43302 -9.990e-29      6.384      6.335    18.1045    31.8768      7.991     0.4446 3.7150e+00  1022.8852    18.1034    22.8564     7.7865    237.898    7.78697  237.91218     99.994 0.0000e+00
   40.43302 -9.990e-29      6.376      6.327    18.1085    31.8754      7.991     0.4311 3.7150e+00  1022.8825    18.1074    22.8546     7.7835    237.811    7.77963  237.69206    100.050 0.0000e+00
   40.43302 -9.990e-29      6.354      6.305    18.1120    31.8737      7.991     0.4311 3.7045e+00  1022.8800    18.1109    22.8526     7.7751    237.556    7.77561  237.57310     99.993 0.0000e+00
   40.43302 -9.990e-29      6.334      6.285    18.1140    31.8737      7.991     0.4311 3.7045e+00  1022.8784    18.1130    22.8513     7.7702    237.411    7.77558  237.57472     99.931 0.0000e+00
   40.43302 -9.990e-29      6.316      6.267    18.1147    31.8737      7.991     0.4311 3.7506e+00  1022.8780    18.1136    22.8511     7.7770    237.617    7.77817  237.65413     99.984 0.0000e+00
   40.43302 -9.990e-29      6.294      6.245    18.1137    31.8738      7.991     0.4311 3.7824e+00  1022.8792    18.1126    22.8522     7.7788    237.672    7.78004  237.71068     99.984 0.0000e+00
   40.43302 -9.990e-29      6.273      6.225    18.1123    31.8754      7.991     0.4311 3.8037e+00  1022.8818    18.1112    22.8535     7.7732    237.499    7.77867  237.66707     99.929 0.0000e+00
   40.43302 -9.990e-29      6.265      6.217    18.1133    31.8754      7.991     0.4311 3.8468e+00  1022.8820    18.1122    22.8539     7.7688    237.366    7.77476  237.54688     99.924 0.0000e+00
   40.43302 -9.990e-29      6.243      6.195    18.1152    31.8754      7.991     0.4446 3.9234e+00  1022.8802    18.1142    22.8531     7.7698    237.399    7.77145  237.44884     99.979 0.0000e+00
   40.43302 -9.990e-29      6.232      6.184    18.1160    31.8743      7.991     0.4311 3.9455e+00  1022.8790    18.1149    22.8520     7.7698    237.400    7.77131  237.44720     99.980 0.0000e+00
   40.43302 -9.990e-29      6.204      6.157    18.1167    31.8743      7.991     0.4311 3.9678e+00  1022.8779    18.1157    22.8514     7.7717    237.459    7.77303  237.50004     99.983 0.0000e+00
   40.43302 -9.990e-29      6.192      6.144    18.1156    31.8743      7.991     0.4311 4.0354e+00  1022.8785    18.1146    22.8516     7.7686    237.360    7.77433  237.53609     99.926 0.0000e+00
   40.43302 -9.990e-29      6.181      6.133    18.1152    31.8741      7.991     0.4446 4.0581e+00  1022.8794    18.1142    22.8519     7.7691    237.372    7.77044  237.41318     99.983 0.0000e+00
   40.43302 -9.990e-29      6.163      6.116    18.1164    31.8741      7.991     0.4311 4.0626e+00  1022.8790    18.1154    22.8517     7.7604    237.110    7.76156  237.14418     99.985 0.0000e+00
   40.43302 -9.990e-29      6.151      6.103    18.1185    31.8743      7.991     0.4311 4.0970e+00  1022.8779    18.1175    22.8512     7.7516    236.847    7.75293  236.88775     99.983 0.0000e+00
   40.43302 -9.990e-29      6.132      6.084    18.1196    31.8743      7.991     0.4311 4.1086e+00  1022.8774    18.1186    22.8508     7.7494    236.782    7.75040  236.81300     99.987 0.0000e+00
   40.43302 -9.990e-29      6.123      6.076    18.1208    31.8741      7.991     0.4311 4.0970e+00  1022.8775    18.1198    22.8507     7.7474    236.720    7.74805  236.74115     99.991 0.0000e+00
   40.43302 -9.990e-29      6.111      6.064    18.1228    31.8741      7.991     0.4311 4.0398e+00  1022.8779    18.1218    22.8505     7.7377    236.429    7.74305  236.59323     99.931 0.0000e+00
   40.43302 -9.990e-29      6.093      6.046    18.1256    31.8741      7.991     0.4311 4.0171e+00  1022.8762    18.1246    22.8496     7.7394    236.487    7.74019  236.51114     99.990 0.0000e+00
   40.43302 -9.990e-29      6.070      6.023    18.1269    31.8731      7.991     0.4311 4.0171e+00  1022.8747    18.1259    22.8484     7.7385    236.463    7.73922  236.48536     99.990 -9.990e-29
   40.43302 -9.990e-29      6.070      6.023    18.1287    31.8731      7.991     0.3505 3.9610e+00  1022.8737    18.1276    22.8473     7.7430    236.605    7.73914  236.48606    100.050 -9.990e-29
   40.43302 -9.990e-29      6.042      5.996    18.1312    31.8731      7.991     0.3103 3.9277e+00  1022.8725    18.1302    22.8468     7.7417    236.564    7.74145  236.55701    100.003 0.0000e+00
   40.43302 -9.990e-29      6.030      5.983    18.1318    31.8732      7.991     0.3103 3.9277e+00  1022.8731    18.1308    22.8473     7.7435    236.618    7.74312  236.60777    100.004 -9.990e-29
   40.43302 -9.990e-29      6.030      5.983    18.1319    31.8752      7.991     0.3237 3.8946e+00  1022.8749    18.1309    22.8487     7.7438    236.626    7.74339  236.61248    100.006 -9.990e-29
   40.43302 -9.990e-29      6.012      5.966    18.1323    31.8779      7.991     0.3103 3.8728e+00  1022.8772    18.1312    22.8505     7.7467    236.712    7.74152  236.55406    100.067 0.0000e+00
   40.43302 -9.990e-29      6.000      5.953    18.1337    31.8792      7.991     0.3103 3.8728e+00  1022.8789    18.1327    22.8516     7.7452    236.668    7.73948  236.49381    100.073 0.0000e+00
   40.43302 -9.990e-29      5.982      5.936    18.1387    31.8792      7.991     0.3103 3.8728e+00  1022.8779    18.1377    22.8512     7.7450    236.663    7.73873  236.47275    100.080 0.0000e+00
   40.43302 -9.990e-29      5.979      5.933    18.1420    31.8792      7.991     0.3237 3.8728e+00  1022.8758    18.1410    22.8496     7.7466    236.714    7.73945  236.49449    100.093 0.0000e+00
   40.43302 -9.990e-29      5.958      5.912    18.1429    31.8773      7.991     0.3237 3.8728e+00  1022.8738    18.1419    22.8477     7.7532    236.913    7.74036  236.52154    100.166 0.0000e+00
   40.43302 -9.990e-29      5.950      5.904    18.1449    31.8752      7.991     0.3103 3.8619e+00  1022.8714    18.1439    22.8457     7.7555    236.983    7.74164  236.56019    100.179 0.0000e+00
   40.43302 -9.990e-29      5.939      5.893    18.1470    31.8752      7.991     0.3103 3.8661e+00  1022.8692    18.1460    22.8443     7.7582    237.065    7.74335  236.61224    100.191 0.0000e+00
   40.43302 -9.990e-29      5.928      5.882    18.1461    31.8752      7.991     0.3103 3.8553e+00  1022.8698    18.1451    22.8443     7.7597    237.111    7.74394  236.62921    100.203 0.0000e+00
   40.43302 -9.990e-29      5.910      5.865    18.1456    31.8752      7.991     0.3103 3.8444e+00  1022.8713    18.1446    22.8452     7.7660    237.303    7.74469  236.65239    100.275 -9.990e-29
   40.43302 -9.990e-29      5.909      5.863    18.1474    31.8764      7.991     0.3103 3.8229e+00  1022.8720    18.1464    22.8459     7.7672    237.343    7.74455  236.65144    100.292 -9.990e-29
   40.43302 -9.990e-29      5.890      5.844    18.1487    31.8764      7.991     0.3103 3.8121e+00  1022.8720    18.1477    22.8461     7.7699    237.426    7.74601  236.69486    100.309 0.0000e+00
   40.43302 -9.990e-29      5.877      5.832    18.1488    31.8767      7.991     0.3237 3.8121e+00  1022.8717    18.1478    22.8458     7.7738    237.538    7.74903  236.78067    100.320 0.0000e+00
   40.43302 -9.990e-29      5.868      5.822    18.1481    31.8769      7.991     0.3103 3.8229e+00  1022.8706    18.1471    22.8457     7.7741    237.546    7.74816  236.75175    100.335 0.0000e+00
   40.43302 -9.990e-29      5.859      5.814    18.1458    31.8776      7.991     0.3103 3.8229e+00  1022.8713    18.1448    22.8469     7.7728    237.507    7.74571  236.67898    100.350 0.0000e+00
   40.43302 -9.990e-29      5.837      5.792    18.1460    31.8805      7.991     0.3103 3.8336e+00  1022.8760    18.1450    22.8485     7.7780    237.666    7.74561  236.67696    100.418 0.0000e+00
   40.43302 -9.990e-29      5.829      5.784    18.1573    31.8821      7.991     0.3103 3.8989e+00  1022.8745    18.1564    22.8483     7.7844    237.863    7.74590  236.68788    100.497 -9.990e-29
   40.43302 -9.990e-29      5.828      5.783    18.1652    31.8821      7.991     0.3103 3.9320e+00  1022.8722    18.1643    22.8464     7.7881    237.975    7.74822  236.75470    100.515 -9.990e-29
   40.43302 -9.990e-29      5.817      5.772    18.1733    31.8821      7.991     0.3103 3.9431e+00  1022.8690    18.1723    22.8443     7.7900    238.025    7.74834  236.75192    100.538 0.0000e+00
   40.43302 -9.990e-29      5.789      5.745    18.1788    31.8819      7.991     0.3103 4.0398e+00  1022.8679    18.1779    22.8426     7.7883    237.976    7.74504  236.65388    100.559 -9.990e-29
   40.43302 -9.990e-29      5.787      5.742    18.1828    31.8813      7.991     0.3103 4.1131e+00  1022.8670    18.1818    22.8410     7.7876    237.960    7.74326  236.60382    100.573 -9.990e-29
   40.43302 -9.990e-29      5.778      5.734    18.1884    31.8796      7.991     0.2968 4.1086e+00  1022.8640    18.1874    22.8385     7.7880    237.972    7.74218  236.57072    100.592 0.0000e+00
   40.43302 -9.990e-29      5.766      5.722    18.1933    31.8796      7.991     0.2834 4.0855e+00  1022.8599    18.1923    22.8359     7.7902    238.040    7.73878  236.46940    100.664 0.0000e+00
   40.43302 -9.990e-29      5.756      5.712    18.1970    31.8796      7.991     0.2834 4.0740e+00  1022.8585    18.1960    22.8351     7.7854    237.894    7.73730  236.42506    100.621 0.0000e+00
   40.43302 -9.990e-29      5.739      5.694    18.2004    31.8832      7.991     0.2834 4.0626e+00  1022.8620    18.1994    22.8361     7.7922    238.100    7.73821  236.45212    100.697 0.0000e+00
   40.43302 -9.990e-29      5.726      5.682    18.2245    31.8832      7.991     0.2834 4.1202e+00  1022.8661    18.2235    22.8333     7.7952    238.191    7.74004  236.50624    100.712 0.0000e+00
   40.43302 -9.990e-29      5.708      5.664    18.2765    31.8832      7.991     0.2834 4.1668e+00  1022.8479    18.2755    22.8224     7.7948    238.171    7.74310  236.59269    100.667 -9.990e-29
   40.43302 -9.990e-29      5.706      5.662    18.3079    31.8745      7.991     0.2834 4.1786e+00  1022.8304    18.3069    22.8084     7.7995    238.311    7.74226  236.56236    100.739 -9.990e-29
   40.43302 -9.990e-29      5.696      5.652    18.3122    31.8647      7.991     0.2968 4.2259e+00  1022.8194    18.3112    22.7990     7.7912    238.060    7.73781  236.42904    100.690 0.0000e+00
   40.43302 -9.990e-29      5.677      5.633    18.2962    31.8647      7.991     0.2834 4.2978e+00  1022.8191    18.2953    22.7962     7.7881    237.971    7.73489  236.34500    100.688 0.0000e+00
   40.43302 -9.990e-29      5.655      5.611    18.2839    31.8647      7.991     0.2834 4.3174e+00  1022.8212    18.2830    22.7983     7.7934    238.135    7.73536  236.36124    100.750 -9.990e-29
   40.43302 -9.990e-29      5.657      5.614    18.2895    31.8664      7.991     0.2834 4.3295e+00  1022.8289    18.2885    22.8019     7.7949    238.183    7.73629  236.39140    100.758 -9.990e-29
   40.43302 -9.990e-29      5.635      5.592    18.3124    31.8664      7.991     0.2834 4.3662e+00  1022.8319    18.3114    22.8015     7.7955    238.200    7.73680  236.40684    100.758 0.0000e+00
   40.43302  -72.82722      5.627      5.584    18.3377    31.8664 -9.990e-29     0.2834 4.3785e+00  1022.8187    18.3368    22.7944     7.7944    238.167    7.73582  236.37822    100.757 0.0000e+00
   40.43302  -72.82722      5.605      5.562    18.3429    31.8673 -9.990e-29     0.2834 4.3662e+00  1022.8072    18.3419    22.7872     7.7952    238.194    7.73645  236.39762    100.760 0.0000e+00
   40.43302  -72.82722      5.594      5.551    18.3330    31.8673 -9.990e-29     0.2968 4.3909e+00  1022.8053    18.3320    22.7877     7.7962    238.221    7.73726  236.42053    100.761 0.0000e+00
