CalculateIndicators/WaterTemperature/Data/CTD_NYOS/20231004_C12.cnv
* Sea-Bird SBE 9 Data File:
* FileName = C:\Seabird 9 CTD\Data\2023\202309_offshore\20231004_C12.hex
* Software Version Seasave V 7.23.2
* Temperature SN = 4590
* Conductivity SN = 3228
* Number of Bytes Per Scan = 44
* Number of Voltage Words = 5
* Number of Scans Averaged by the Deck Unit = 1
* NMEA Latitude = 39 32.82 N
* NMEA Longitude = 072 14.47 W
* NMEA UTC (Time) = Oct 04 2023  06:56:41
* NMEA baud rate = 4800
** Ship: seawolf
** Station: 9.6
** Operator: tcm
# nquan = 18
# nvalues = 2736                        
# units = specified
# name 0 = latitude: Latitude [deg]
# name 1 = longitude: Longitude [deg]
# name 2 = prDM: Pressure, Digiquartz [db]
# name 3 = depSM: Depth [salt water, m]
# name 4 = t090C: Temperature [ITS-90, deg C]
# name 5 = sal00: Salinity, Practical [PSU]
# name 6 = ph: pH
# name 7 = flECO-AFL: Fluorescence, WET Labs ECO-AFL/FL [mg/m^3]
# name 8 = cpar: CPAR/Corrected Irradiance [%]
# name 9 = density00: Density [density, kg/m^3]
# name 10 = potemp090C: Potential Temperature [ITS-90, deg C]
# name 11 = sigma-é00: Density [sigma-theta, kg/m^3]
# name 12 = sbeox0Mg/L: Oxygen, SBE 43 [mg/l]
# name 13 = sbox0Mm/Kg: Oxygen, SBE 43 [umol/kg]
# name 14 = oxsolMg/L: Oxygen Saturation, Garcia & Gordon [mg/l]
# name 15 = oxsolMm/Kg: Oxygen Saturation, Garcia & Gordon [umol/kg]
# name 16 = sbeox0PS: Oxygen, SBE 43 [% saturation]
# name 17 = flag:  0.000e+00
# span 0 =   39.54688,   39.54712       
# span 1 =  -72.24168,  -72.24134       
# span 2 =     -0.068,     35.252       
# span 3 =     -0.068,     34.981       
# span 4 =    18.1141,    18.4461       
# span 5 =    32.8254,   109.6512       
# span 6 =      7.995,      9.179       
# span 7 =     0.1759,     0.3103       
# span 8 = 5.0640e-11, 9.9999e+04       
# span 9 =  1005.7239,  1298.8938       
# span 10 =    18.1123,    19.0137      
# span 11 =    23.5220,   136.4000      
# span 12 =     4.3127,     7.9806      
# span 13 =    131.514,    243.654      
# span 14 =    7.63707,    7.75834      
# span 15 =  232.88826,  236.86065      
# span 16 =     75.225,     98.406      
# span 17 = 0.0000e+00, 0.0000e+00      
# interval = seconds: 0.0416667
# start_time = Oct 04 2023 06:56:42 [System UTC, first data scan.]
# bad_flag = -9.990e-29
*END*
[from data line 161]
   39.54712  -72.24134      2.362      2.344    18.3608    32.8681      8.000     0.1894 9.9999e+04  1023.5621    18.3604    23.5518     7.3106    223.202    7.72159  235.75056     94.677 -9.990e-29
   39.54712  -72.24134      2.382      2.364    18.3607    32.8682      8.000     0.1894 9.9999e+04  1023.5622    18.3603    23.5519     7.3103    223.194    7.72155  235.74946     94.674 -9.990e-29
   39.54710  -72.24134      2.382      2.364    18.3610    32.8683      8.000     0.1894 9.9999e+04  1023.5623    18.3606    23.5520     7.3101    223.188    7.72155  235.74949     94.672 -9.990e-29
   39.54710  -72.24134      2.382      2.364    18.3608    32.8683      8.000     0.1894 9.9999e+04  1023.5625    18.3604    23.5520     7.3100    223.184    7.72157  235.74983     94.670 -9.990e-29
   39.54710  -72.24134      2.403      2.385    18.3609    32.8683      8.000     0.1894 9.9999e+04  1023.5625    18.3605    23.5520     7.3099    223.182    7.72160  235.75092     94.669 -9.990e-29
   39.54710  -72.24134      2.392      2.374    18.3608    32.8683      8.000     0.1894 9.9999e+04  1023.5623    18.3604    23.5519     7.3144    223.320    7.72159  235.75063     94.727 -9.990e-29
   39.54710  -72.24134      2.413      2.394    18.3611    32.8681      8.000     0.1894 9.9999e+04  1023.5622    18.3607    23.5517     7.3148    223.331    7.72156  235.74979     94.732 -9.990e-29
   39.54710  -72.24134      2.402      2.383    18.3610    32.8681      8.000     0.1894 9.9999e+04  1023.5622    18.3606    23.5517     7.3152    223.343    7.72159  235.75075     94.737 -9.990e-29
   39.54710  -72.24134      2.422      2.404    18.3613    32.8681      8.000     0.1894 9.9999e+04  1023.5622    18.3609    23.5517     7.3156    223.356    7.72160  235.75110     94.742 -9.990e-29
   39.54710  -72.24134      2.413      2.394    18.3610    32.8681      8.000     0.1894 9.9999e+04  1023.5625    18.3606    23.5517     7.3114    223.226    7.72154  235.74919     94.688 -9.990e-29
   39.54710  -72.24134      2.433      2.415    18.3611    32.8680      8.000     0.1894 9.9999e+04  1023.5620    18.3607    23.5516     7.3114    223.227    7.72152  235.74845     94.689 -9.990e-29
   39.54710  -72.24134      2.433      2.415    18.3611    32.8679      8.000     0.2028 9.9999e+04  1023.5623    18.3607    23.5516     7.3119    223.242    7.72151  235.74826     94.695 -9.990e-29
   39.54710  -72.24134      2.443      2.424    18.3610    32.8679      8.000     0.2028 9.9999e+04  1023.5622    18.3606    23.5516     7.3166    223.386    7.72152  235.74871     94.756 -9.990e-29
   39.54710  -72.24134      2.443      2.424    18.3611    32.8679      8.000     0.2028 9.9999e+04  1023.5621    18.3607    23.5516     7.3176    223.417    7.72151  235.74837     94.769 -9.990e-29
   39.54710  -72.24134      2.464      2.445    18.3609    32.8681      8.000     0.2162 9.9999e+04  1023.5626    18.3605    23.5517     7.3182    223.434    7.72152  235.74843     94.777 -9.990e-29
   39.54710  -72.24134      2.453      2.434    18.3611    32.8681      8.000     0.2028 9.9999e+04  1023.5623    18.3607    23.5517     7.3188    223.452    7.72147  235.74709     94.784 -9.990e-29
   39.54710  -72.24134      2.483      2.464    18.3610    32.8681      8.000     0.2028 9.9999e+04  1023.5625    18.3606    23.5518     7.3194    223.471    7.72147  235.74702     94.793 -9.990e-29
   39.54710  -72.24134      2.473      2.454    18.3611    32.8682 -9.990e-29     0.2162 9.9999e+04  1023.5627    18.3607    23.5519     7.3246    223.631    7.72149  235.74769     94.860 -9.990e-29
   39.54710  -72.24134      2.494      2.475    18.3609    32.8683      8.000     0.2162 9.9999e+04  1023.5629    18.3605    23.5520     7.3257    223.664    7.72151  235.74832     94.874 -9.990e-29
   39.54710  -72.24134      2.494      2.475    18.3610    32.8683 -9.990e-29     0.2028 9.9999e+04  1023.5628    18.3606    23.5520     7.3222    223.557    7.72153  235.74878     94.828 -9.990e-29
   39.54710  -72.24134      2.503      2.484    18.3610    32.8683      8.000     0.2028 9.9999e+04  1023.5630    18.3606    23.5519     7.3228    223.576    7.72151  235.74814     94.837 0.0000e+00
   39.54710  -72.24134      2.514      2.495    18.3613    32.8682      8.000     0.2028 9.9999e+04  1023.5625    18.3608    23.5517     7.3235    223.598    7.72154  235.74900     94.846 0.0000e+00
   39.54710  -72.24134      2.524      2.505    18.3611    32.8682      8.000     0.2028 9.9999e+04  1023.5627    18.3607    23.5517     7.3288    223.759    7.72152  235.74867     94.914 -9.990e-29
   39.54710  -72.24134      2.524      2.505    18.3611    32.8682      8.000     0.2028 9.9999e+04  1023.5628    18.3607    23.5517     7.3249    223.641    7.72157  235.75006     94.863 -9.990e-29
   39.54710  -72.24134      2.545      2.525    18.3611    32.8682      8.000     0.2162 9.9999e+04  1023.5629    18.3607    23.5518     7.3257    223.663    7.72161  235.75124     94.872 -9.990e-29
   39.54710  -72.24134      2.545      2.525    18.3610    32.8683      8.000     0.2162 9.9999e+04  1023.5630    18.3605    23.5519     7.3260    223.673    7.72165  235.75250     94.876 -9.990e-29
   39.54710  -72.24134      2.564      2.544    18.3610    32.8683      8.000     0.2162 9.9999e+04  1023.5631    18.3605    23.5519     7.3262    223.680    7.72164  235.75208     94.879 -9.990e-29
   39.54710  -72.24134      2.564      2.544    18.3610    32.8684      8.000     0.2028 9.9999e+04  1023.5631    18.3605    23.5520     7.3315    223.842    7.72162  235.75148     94.948 -9.990e-29
   39.54710  -72.24134      2.575      2.555    18.3607    32.8685      8.000     0.2028 9.9999e+04  1023.5633    18.3603    23.5521     7.3277    223.723    7.72164  235.75201     94.898 0.0000e+00
   39.54710  -72.24134      2.584      2.565    18.3610    32.8686      8.000     0.2162 9.9999e+04  1023.5635    18.3605    23.5522     7.3279    223.732    7.72164  235.75225     94.901 0.0000e+00
   39.54710  -72.24134      2.594      2.574    18.3611    32.8686      8.000     0.2028 9.9999e+04  1023.5635    18.3607    23.5522     7.3282    223.741    7.72167  235.75294     94.905 -9.990e-29
   39.54710  -72.24134      2.595      2.576    18.3613    32.8686      8.000     0.2028 9.9999e+04  1023.5634    18.3608    23.5521     7.3285    223.749    7.72167  235.75321     94.908 -9.990e-29
   39.54710  -72.24134      2.615      2.595    18.3615    32.8685      8.000     0.2028 9.9999e+04  1023.5633    18.3611    23.5519     7.3288    223.758    7.72169  235.75377     94.912 -9.990e-29
   39.54710  -72.24134      2.615      2.595    18.3615    32.8685      8.000     0.2162 9.9999e+04  1023.5633    18.3611    23.5519     7.3291    223.767    7.72171  235.75433     94.915 -9.990e-29
   39.54710  -72.24134      2.635      2.615    18.3615    32.8685      8.000     0.2028 9.9999e+04  1023.5634    18.3611    23.5519     7.3294    223.775    7.72170  235.75401     94.919 -9.990e-29
   39.54710  -72.24134      2.635      2.615    18.3616    32.8685      8.000     0.2028 9.9999e+04  1023.5633    18.3611    23.5519     7.3338    223.910    7.72168  235.75339     94.976 -9.990e-29
   39.54710  -72.24134      2.645      2.625    18.3613    32.8686      8.000     0.2028 9.9999e+04  1023.5636    18.3609    23.5520     7.3293    223.775    7.72170  235.75381     94.919 0.0000e+00
   39.54710  -72.24134      2.656      2.636    18.3615    32.8687      8.000     0.1894 9.9999e+04  1023.5637    18.3611    23.5521     7.3296    223.783    7.72169  235.75367     94.923 -9.990e-29
   39.54710  -72.24134      2.656      2.636    18.3613    32.8689 -9.990e-29     0.1894 9.9999e+04  1023.5640    18.3608    23.5522     7.3299    223.791    7.72170  235.75409     94.926 -9.990e-29
   39.54710  -72.24134      2.675      2.655    18.3617    32.8689      8.000     0.1894 9.9999e+04  1023.5638    18.3612    23.5522     7.3296    223.784    7.72173  235.75479     94.922 -9.990e-29
   39.54710  -72.24134      2.675      2.655    18.3617    32.8689      8.000     0.2028 9.9999e+04  1023.5639    18.3612    23.5522     7.3340    223.918    7.72173  235.75486     94.979 -9.990e-29
   39.54710  -72.24134      2.686      2.666    18.3618    32.8688      8.000     0.1894 9.9999e+04  1023.5638    18.3613    23.5521     7.3297    223.785    7.72179  235.75661     94.922 -9.990e-29
   39.54710  -72.24134      2.686      2.666    18.3617    32.8687      8.000     0.1894 9.9999e+04  1023.5638    18.3612    23.5520     7.3294    223.776    7.72178  235.75635     94.918 -9.990e-29
   39.54710  -72.24134      2.697      2.676    18.3615    32.8687      8.000     0.2028 9.9999e+04  1023.5637    18.3610    23.5520     7.3291    223.766    7.72179  235.75658     94.914 0.0000e+00
   39.54710  -72.24134      2.716      2.696    18.3611    32.8687      8.000     0.2028 9.9999e+04  1023.5640    18.3607    23.5522     7.3287    223.756    7.72177  235.75617     94.910 0.0000e+00
   39.54710  -72.24134      2.726      2.705    18.3611    32.8688      8.000     0.1894 9.9999e+04  1023.5643    18.3607    23.5523     7.3285    223.748    7.72179  235.75674     94.906 -9.990e-29
   39.54710  -72.24134      2.726      2.705    18.3613    32.8689      8.000     0.2028 9.9999e+04  1023.5640    18.3608    23.5523     7.3281    223.737    7.72175  235.75550     94.902 -9.990e-29
   39.54710  -72.24134      2.726      2.705    18.3613    32.8690      8.000     0.2028 9.9999e+04  1023.5643    18.3608    23.5524     7.3278    223.727    7.72180  235.75708     94.897 -9.990e-29
   39.54710  -72.24134      2.737      2.716    18.3613    32.8691      8.000     0.1894 9.9999e+04  1023.5644    18.3608    23.5524     7.3274    223.716    7.72180  235.75719     94.892 -9.990e-29
   39.54710  -72.24134      2.727      2.706    18.3615    32.8691      8.000     0.1894 9.9999e+04  1023.5644    18.3610    23.5524     7.3224    223.562    7.72178  235.75644     94.828 -9.990e-29
   39.54710  -72.24134      2.726      2.705    18.3616    32.8691      8.000     0.1894 9.9999e+04  1023.5642    18.3611    23.5524     7.3262    223.677    7.72176  235.75577     94.877 -9.990e-29
   39.54710  -72.24134      2.726      2.705    18.3615    32.8690      8.000     0.1894 9.9999e+04  1023.5643    18.3610    23.5524     7.3211    223.523    7.72174  235.75494     94.812 -9.990e-29
   39.54710  -72.24134      2.726      2.705    18.3613    32.8689      8.000     0.2028 9.9999e+04  1023.5642    18.3608    23.5523     7.3203    223.497    7.72171  235.75402     94.801 -9.990e-29
   39.54710  -72.24134      2.716      2.696    18.3614    32.8688 -9.990e-29     0.1894 9.9999e+04  1023.5640    18.3610    23.5522     7.3195    223.473    7.72173  235.75459     94.790 -9.990e-29
   39.54710  -72.24134      2.726      2.705    18.3617    32.8687      8.000     0.2028 9.9999e+04  1023.5639    18.3612    23.5520     7.3236    223.600    7.72169  235.75378     94.845 -9.990e-29
   39.54710  -72.24134      2.716      2.696    18.3615    32.8687      8.000     0.2028 9.9999e+04  1023.5638    18.3610    23.5520     7.3237    223.602    7.72172  235.75448     94.845 -9.990e-29
   39.54710  -72.24134      2.716      2.696    18.3614    32.8687      8.000     0.2162 9.9999e+04  1023.5638    18.3610    23.5520     7.3191    223.462    7.72171  235.75420     94.786 -9.990e-29
   39.54710  -72.24134      2.705      2.685    18.3618    32.8687      8.000     0.2028 9.9999e+04  1023.5637    18.3614    23.5521     7.3233    223.590    7.72173  235.75471     94.840 -9.990e-29
   39.54710  -72.24134      2.716      2.696    18.3618    32.8687      8.000     0.2162 9.9999e+04  1023.5641    18.3614    23.5522     7.3229    223.578    7.72173  235.75489     94.835 -9.990e-29
   39.54710  -72.24134      2.696      2.675    18.3618    32.8687      8.000     0.2028 9.9999e+04  1023.5641    18.3614    23.5522     7.3225    223.566    7.72171  235.75435     94.830 -9.990e-29
   39.54710  -72.24134      2.686      2.666    18.3619    32.8689      8.000     0.2162 9.9999e+04  1023.5636    18.3615    23.5520     7.3221    223.553    7.72169  235.75364     94.825 -9.990e-29
   39.54710  -72.24134      2.707      2.686    18.3620    32.8689      8.000     0.2162 9.9999e+04  1023.5636    18.3616    23.5520     7.3267    223.694    7.72172  235.75466     94.884 -9.990e-29
   39.54710  -72.24134      2.675      2.655    18.3618    32.8689      8.000     0.2028 9.9999e+04  1023.5639    18.3614    23.5522     7.3270    223.704    7.72167  235.75290     94.889 -9.990e-29
   39.54710  -72.24134      2.675      2.655    18.3621    32.8689      8.000     0.2162 9.9999e+04  1023.5639    18.3617    23.5522     7.3274    223.716    7.72167  235.75311     94.894 -9.990e-29
   39.54710  -72.24134      2.665      2.645    18.3622    32.8689      8.000     0.2028 9.9999e+04  1023.5637    18.3617    23.5522     7.3278    223.727    7.72168  235.75348     94.899 -9.990e-29
   39.54710  -72.24134      2.645      2.625    18.3620    32.8689      8.000     0.2028 9.9999e+04  1023.5637    18.3616    23.5522     7.3235    223.596    7.72165  235.75231     94.844 -9.990e-29
   39.54710  -72.24134      2.656      2.636    18.3619    32.8688      8.000     0.2162 9.9999e+04  1023.5636    18.3615    23.5521     7.3285    223.748    7.72166  235.75266     94.908 -9.990e-29
   39.54710  -72.24134      2.645      2.625    18.3618    32.8688      8.000     0.2162 9.9999e+04  1023.5636    18.3614    23.5521     7.3246    223.631    7.72164  235.75201     94.859 -9.990e-29
   39.54710  -72.24134      2.626      2.606    18.3620    32.8688      8.000     0.2028 9.9999e+04  1023.5634    18.3616    23.5521     7.3292    223.770    7.72166  235.75278     94.917 -9.990e-29
   39.54710  -72.24134      2.626      2.606    18.3617    32.8688      8.000     0.2028 9.9999e+04  1023.5638    18.3612    23.5521     7.3295    223.780    7.72165  235.75231     94.922 -9.990e-29
   39.54712  -72.24138      2.615      2.595    18.3619    32.8686      8.000     0.2162 9.9999e+04  1023.5633    18.3615    23.5519     7.3299    223.790    7.72165  235.75243     94.926 -9.990e-29
   39.54712  -72.24138      2.605      2.585    18.3618    32.8684      8.000     0.2162 9.9999e+04  1023.5629    18.3614    23.5517     7.3306    223.812    7.72159  235.75043     94.936 -9.990e-29
   39.54712  -72.24138      2.586      2.566    18.3615    32.8684      8.000     0.2162 9.9999e+04  1023.5630    18.3611    23.5517     7.3309    223.822    7.72159  235.75057     94.940 -9.990e-29
   39.54712  -72.24138      2.594      2.574    18.3611    32.8684      8.000     0.2162 9.9999e+04  1023.5633    18.3607    23.5519     7.3312    223.831    7.72159  235.75063     94.944 -9.990e-29
   39.54712  -72.24138      2.575      2.555    18.3611    32.8686      8.000     0.2028 9.9999e+04  1023.5634    18.3607    23.5520     7.3361    223.980    7.72160  235.75091     95.007 -9.990e-29
   39.54712  -72.24138      2.564      2.544    18.3613    32.8686      8.000     0.2028 9.9999e+04  1023.5632    18.3609    23.5521     7.3321    223.859    7.72156  235.74966     94.956 -9.990e-29
   39.54712  -72.24138      2.554      2.535    18.3611    32.8686      8.000     0.2162 9.9999e+04  1023.5634    18.3607    23.5521     7.3374    224.020    7.72159  235.75047     95.024 -9.990e-29
   39.54712  -72.24138      2.545      2.525    18.3611    32.8686 -9.990e-29     0.2028 1.7107e+01  1023.5631    18.3607    23.5521     7.3334    223.898    7.72157  235.75000     94.973 -9.990e-29
   39.54712  -72.24138      2.545      2.525    18.3610    32.8686      8.000     0.2028 9.9999e+04  1023.5632    18.3605    23.5521     7.3336    223.903    7.72155  235.74950     94.975 -9.990e-29
   39.54712  -72.24138      2.535      2.516    18.3610    32.8686      8.000     0.2162 1.6693e+01  1023.5630    18.3606    23.5521     7.3383    224.049    7.72155  235.74943     95.037 -9.990e-29
