CalculateIndicators/WaterTemperature/Data/CTD_NYOS/20230516_C13.cnv
* Sea-Bird SBE 9 Data File:
* FileName = C:\Seabird 9 CTD\Data\2023\202305_offshore\20230516_C13.hex
* Software Version Seasave V 7.23.2
* Temperature SN = 4590
* Conductivity SN = 3228
* Number of Bytes Per Scan = 44
* Number of Voltage Words = 5
* Number of Scans Averaged by the Deck Unit = 1
* NMEA Latitude = 39 46.23 N
* NMEA Longitude = 072 22.91 W
* NMEA UTC (Time) = May 16 2023  14:33:52
* NMEA baud rate = 4800
** Ship: Seawolf
** Station: 9.5
** Operator: tcm
# nquan = 18
# nvalues = 17648                       
# units = specified
# name 0 = latitude: Latitude [deg]
# name 1 = longitude: Longitude [deg]
# name 2 = prDM: Pressure, Digiquartz [db]
# name 3 = depSM: Depth [salt water, m]
# name 4 = t090C: Temperature [ITS-90, deg C]
# name 5 = sal00: Salinity, Practical [PSU]
# name 6 = ph: pH
# name 7 = flECO-AFL: Fluorescence, WET Labs ECO-AFL/FL [mg/m^3]
# name 8 = cpar: CPAR/Corrected Irradiance [%]
# name 9 = density00: Density [density, kg/m^3]
# name 10 = potemp090C: Potential Temperature [ITS-90, deg C]
# name 11 = sigma-é00: Density [sigma-theta, kg/m^3]
# name 12 = sbeox0Mg/L: Oxygen, SBE 43 [mg/l]
# name 13 = sbox0Mm/Kg: Oxygen, SBE 43 [umol/kg]
# name 14 = oxsolMg/L: Oxygen Saturation, Garcia & Gordon [mg/l]
# name 15 = oxsolMm/Kg: Oxygen Saturation, Garcia & Gordon [umol/kg]
# name 16 = sbeox0PS: Oxygen, SBE 43 [% saturation]
# name 17 = flag:  0.000e+00
# span 0 =   39.76956,   39.77056       
# span 1 =  -72.38196,  -72.37898       
# span 2 =      1.481,     82.469       
# span 3 =      1.470,     81.823       
# span 4 =     7.1204,    12.6263       
# span 5 =    32.5645,    33.1993       
# span 6 =      7.834,      8.110       
# span 7 =    -0.3479,     1.1564       
# span 8 = 4.2341e-14, 1.0824e+02       
# span 9 =  1024.5707,  1026.3308       
# span 10 =     7.1160,    12.6256      
# span 11 =    24.5807,    25.9550      
# span 12 =     8.2860,    10.0200      
# span 13 =    252.392,    305.411      
# span 14 =    8.66653,    9.74144      
# span 15 =  264.33176,  296.73378      
# span 16 =     85.478,    112.283      
# span 17 = 0.0000e+00, 0.0000e+00      
# interval = seconds: 0.0416667
# start_time = May 16 2023 14:33:52 [System UTC, first data scan.]
# bad_flag = -9.990e-29
*END*
[from data line 10372]
   39.77002  -72.38022     51.007     50.611     7.1729    33.1291 -9.990e-29     0.0013 3.3453e-02  1026.1560     7.1683    25.9223     8.4847    258.452    9.73057  296.40135     87.197 -9.990e-29
   39.77002  -72.38022     50.977     50.581     7.1722    33.1291 -9.990e-29     0.0013 3.3557e-02  1026.1559     7.1676    25.9223     8.4902    258.619    9.73062  296.40306     87.252 -9.990e-29
   39.77002  -72.38022     50.945     50.549     7.1714    33.1291 -9.990e-29     0.0013 3.3689e-02  1026.1556     7.1668    25.9224     8.4831    258.402    9.73071  296.40571     87.179 -9.990e-29
   39.77002  -72.38022     50.935     50.540     7.1711    33.1293 -9.990e-29     0.0013 3.3689e-02  1026.1560     7.1665    25.9227     8.4823    258.379    9.73076  296.40725     87.170 -9.990e-29
   39.77002  -72.38022     50.887     50.492     7.1705    33.1298 -9.990e-29     0.0013 3.3899e-02  1026.1564     7.1659    25.9232     8.4817    258.358    9.73081  296.40873     87.163 -9.990e-29
   39.77002  -72.38022     50.854     50.459     7.1710    33.1304 -9.990e-29     0.0013 3.4004e-02  1026.1565     7.1663    25.9236     8.4874    258.533    9.73090  296.41138     87.221 -9.990e-29
   39.77002  -72.38022     50.812     50.418     7.1709    33.1308 -9.990e-29     0.0013 3.4004e-02  1026.1571     7.1663    25.9239     8.4868    258.517    9.73100  296.41457     87.215 -9.990e-29
   39.77002  -72.38022     50.782     50.388     7.1714    33.1308 -9.990e-29     0.0013 3.4244e-02  1026.1563     7.1668    25.9239     8.4809    258.336    9.73105  296.41613     87.153 -9.990e-29
   39.77002  -72.38022     50.721     50.328     7.1716    33.1308 -9.990e-29     0.0013 3.4350e-02  1026.1562     7.1670    25.9238     8.4804    258.321    9.73110  296.41761     87.148 -9.990e-29
   39.77002  -72.38022     50.703     50.310     7.1720    33.1308 -9.990e-29     0.0013 3.4350e-02  1026.1562     7.1673    25.9238     8.4801    258.311    9.73122  296.42116     87.143 -9.990e-29
   39.77002  -72.38022     50.659     50.266     7.1724    33.1308 -9.990e-29     0.0013 3.4563e-02  1026.1559     7.1678    25.9238     8.4861    258.493    9.73131  296.42404     87.204 -9.990e-29
   39.77002  -72.38022     50.619     50.226     7.1723    33.1308 -9.990e-29     0.0013 3.4778e-02  1026.1557     7.1677    25.9237     8.4805    258.323    9.73139  296.42666     87.146 -9.990e-29
   39.77002  -72.38022     50.568     50.175     7.1727    33.1307 -9.990e-29     0.0013 3.4778e-02  1026.1550     7.1681    25.9236     8.4803    258.316    9.73146  296.42858     87.143 -9.990e-29
   39.77002  -72.38022     50.538     50.145     7.1726    33.1307 -9.990e-29     0.0013 3.5240e-02  1026.1553     7.1680    25.9236     8.4792    258.283    9.73150  296.42985     87.131 -9.990e-29
   39.77002  -72.38022     50.478     50.086     7.1729    33.1305 -9.990e-29     0.0013 3.5458e-02  1026.1547     7.1683    25.9235     8.4790    258.278    9.73146  296.42846     87.130 -9.990e-29
   39.77000  -72.38020     50.435     50.044     7.1728    33.1302 -9.990e-29     0.0013 3.5458e-02  1026.1542     7.1682    25.9232     8.4789    258.275    9.73142  296.42693     87.129 -9.990e-29
   39.77000  -72.38020     50.373     49.982     7.1729    33.1300 -9.990e-29     0.0013 3.5788e-02  1026.1538     7.1683    25.9231     8.4788    258.272    9.73132  296.42384     87.129 -9.990e-29
   39.77000  -72.38020     50.353     49.962     7.1723    33.1300 -9.990e-29     0.0013 3.6232e-02  1026.1538     7.1677    25.9231     8.4789    258.274    9.73131  296.42370     87.130 -9.990e-29
   39.77000  -72.38020     50.295     49.904     7.1720    33.1300 -9.990e-29    -0.0121 3.6232e-02  1026.1535     7.1675    25.9231     8.4792    258.282    9.73137  296.42565     87.132 -9.990e-29
   39.77000  -72.38020     50.252     49.862     7.1720    33.1299 -9.990e-29    -0.0255 3.6456e-02  1026.1533     7.1674    25.9230     8.4794    258.289    9.73134  296.42463     87.135 -9.990e-29
   39.77000  -72.38020     50.201     49.811     7.1719    33.1297 -9.990e-29    -0.0255 3.6794e-02  1026.1528     7.1673    25.9229     8.4797    258.299    9.73133  296.42458     87.138 -9.990e-29
   39.77000  -72.38020     50.159     49.770     7.1714    33.1297 -9.990e-29    -0.0255 3.6908e-02  1026.1528     7.1669    25.9229     8.4792    258.284    9.73140  296.42653     87.132 -9.990e-29
   39.77000  -72.38020     50.121     49.732     7.1714    33.1296 -9.990e-29    -0.0255 3.7021e-02  1026.1526     7.1669    25.9228     8.4787    258.268    9.73141  296.42706     87.127 -9.990e-29
   39.77000  -72.38020     50.078     49.689     7.1716    33.1296 -9.990e-29    -0.0255 3.7364e-02  1026.1521     7.1670    25.9228     8.4783    258.255    9.73144  296.42776     87.122 -9.990e-29
   39.77000  -72.38020     50.036     49.648     7.1714    33.1296 -9.990e-29    -0.0255 3.7364e-02  1026.1519     7.1669    25.9228     8.4788    258.270    9.73142  296.42718     87.128 -9.990e-29
   39.77000  -72.38020     49.978     49.591     7.1709    33.1296 -9.990e-29    -0.0255 3.7479e-02  1026.1522     7.1664    25.9230     8.4793    258.287    9.73138  296.42586     87.134 -9.990e-29
   39.77000  -72.38020     49.945     49.558     7.1711    33.1296 -9.990e-29    -0.0255 3.8059e-02  1026.1519     7.1666    25.9230     8.4799    258.304    9.73122  296.42103     87.141 -9.990e-29
   39.77000  -72.38020     49.914     49.526     7.1711    33.1294 -9.990e-29    -0.0255 3.8176e-02  1026.1513     7.1666    25.9227     8.4796    258.295    9.73115  296.41860     87.138 -9.990e-29
   39.77000  -72.38020     49.865     49.478     7.1706    33.1289 -9.990e-29    -0.0255 3.8144e-02  1026.1511     7.1661    25.9224     8.4802    258.312    9.73091  296.41110     87.147 -9.990e-29
   39.77000  -72.38020     49.832     49.445     7.1703    33.1288 -9.990e-29    -0.0255 3.8261e-02  1026.1501     7.1658    25.9222     8.4809    258.334    9.73074  296.40618     87.155 -9.990e-29
   39.77000  -72.38020     49.802     49.415     7.1693    33.1288 -9.990e-29    -0.0255 3.8379e-02  1026.1503     7.1648    25.9222     8.4755    258.170    9.73071  296.40510     87.100 -9.990e-29
   39.77000  -72.38020     49.763     49.377     7.1690    33.1288 -9.990e-29    -0.0255 3.8379e-02  1026.1506     7.1644    25.9226     8.4818    258.362    9.73058  296.40144     87.166 -9.990e-29
   39.77000  -72.38020     49.730     49.344     7.1690    33.1293 -9.990e-29    -0.0255 3.8852e-02  1026.1509     7.1645    25.9229     8.4830    258.399    9.73063  296.40295     87.178 -9.990e-29
   39.77000  -72.38020     49.700     49.314     7.1693    33.1293 -9.990e-29    -0.0255 3.9091e-02  1026.1509     7.1648    25.9231     8.4842    258.436    9.73062  296.40269     87.191 -9.990e-29
   39.77000  -72.38020     49.672     49.286     7.1692    33.1293 -9.990e-29    -0.0255 3.9091e-02  1026.1508     7.1646    25.9231     8.4845    258.444    9.73059  296.40188     87.194 -9.990e-29
   39.77000  -72.38020     49.648     49.263     7.1695    33.1293 -9.990e-29    -0.0255 3.9331e-02  1026.1501     7.1650    25.9229     8.4848    258.455    9.73053  296.39979     87.198 -9.990e-29
   39.77000  -72.38020     49.618     49.233     7.1695    33.1291 -9.990e-29    -0.0255 3.9451e-02  1026.1502     7.1650    25.9228     8.4852    258.466    9.73050  296.39884     87.202 -9.990e-29
   39.77000  -72.38020     49.600     49.215     7.1692    33.1288 -9.990e-29    -0.0255 3.9572e-02  1026.1500     7.1646    25.9226     8.4866    258.509    9.73048  296.39836     87.217 -9.990e-29
   39.77000  -72.38020     49.567     49.182     7.1692    33.1283 -9.990e-29    -0.0255 3.9572e-02  1026.1491     7.1646    25.9222     8.4871    258.525    9.73051  296.39928     87.222 -9.990e-29
   39.77002  -72.38020     49.557     49.173     7.1687    33.1281 -9.990e-29    -0.0255 3.9572e-02  1026.1487     7.1642    25.9219     8.4877    258.543    9.73051  296.39915     87.228 -9.990e-29
   39.77002  -72.38020     49.528     49.144     7.1680    33.1281 -9.990e-29    -0.0255 3.9572e-02  1026.1487     7.1635    25.9219     8.4873    258.529    9.73038  296.39499     87.224 -9.990e-29
   39.77002  -72.38020     49.516     49.132     7.1677    33.1281 -9.990e-29    -0.0255 3.9815e-02  1026.1490     7.1632    25.9222     8.4877    258.541    9.73021  296.38982     87.230 -9.990e-29
   39.77002  -72.38020     49.506     49.122     7.1672    33.1281 -9.990e-29    -0.0121 4.0026e-02  1026.1496     7.1627    25.9224     8.4882    258.557    9.73007  296.38543     87.237 -9.990e-29
   39.77002  -72.38020     49.488     49.104     7.1672    33.1281 -9.990e-29    -0.0121 4.0026e-02  1026.1491     7.1627    25.9223     8.4888    258.576    9.73001  296.38377     87.244 -9.990e-29
   39.77002  -72.38020     49.486     49.101     7.1669    33.1277 -9.990e-29    -0.0121 4.0148e-02  1026.1487     7.1624    25.9220     8.4894    258.594    9.72988  296.37965     87.251 -9.990e-29
   39.77002  -72.38020     49.465     49.081     7.1666    33.1273 -9.990e-29    -0.0121 4.0271e-02  1026.1483     7.1621    25.9216     8.4902    258.617    9.72987  296.37962     87.259 -9.990e-29
   39.77002  -72.38020     49.468     49.084     7.1662    33.1269 -9.990e-29    -0.0121 4.0271e-02  1026.1479     7.1617    25.9214     8.4909    258.639    9.72980  296.37750     87.267 -9.990e-29
   39.77002  -72.38020     49.465     49.081     7.1659    33.1267 -9.990e-29    -0.0121 4.0271e-02  1026.1479     7.1614    25.9213     8.4971    258.827    9.72979  296.37710     87.330 -9.990e-29
   39.77002  -72.38020     49.455     49.071     7.1654    33.1266 -9.990e-29    -0.0121 4.0271e-02  1026.1480     7.1609    25.9213     8.4923    258.683    9.72964  296.37224     87.283 -9.990e-29
   39.77002  -72.38020     49.468     49.084     7.1653    33.1266 -9.990e-29    -0.0121 4.0271e-02  1026.1478     7.1608    25.9213     8.4984    258.866    9.72948  296.36746     87.346 -9.990e-29
   39.77002  -72.38020     49.465     49.081     7.1648    33.1266 -9.990e-29    -0.0121 4.0237e-02  1026.1480     7.1603    25.9214     8.4936    258.722    9.72936  296.36371     87.299 -9.990e-29
   39.77002  -72.38020     49.457     49.073     7.1645    33.1266 -9.990e-29    -0.0121 4.0237e-02  1026.1483     7.1600    25.9215     8.4935    258.717    9.72930  296.36198     87.298 -9.990e-29
   39.77002  -72.38020     49.455     49.071     7.1643    33.1266 -9.990e-29    -0.0121 4.0237e-02  1026.1482     7.1598    25.9215     8.4932    258.708    9.72913  296.35683     87.296 -9.990e-29
   39.77002  -72.38020     49.455     49.071     7.1640    33.1265 -9.990e-29    -0.0121 4.0271e-02  1026.1480     7.1595    25.9215     8.4993    258.894    9.72904  296.35399     87.360 -9.990e-29
   39.77002  -72.38020     49.468     49.084     7.1635    33.1265 -9.990e-29    -0.0121 4.0237e-02  1026.1482     7.1590    25.9215     8.4945    258.748    9.72886  296.34846     87.312 -9.990e-29
   39.77002  -72.38020     49.476     49.092     7.1633    33.1264 -9.990e-29    -0.0121 4.0148e-02  1026.1481     7.1588    25.9214     8.5016    258.964    9.72880  296.34673     87.385 -9.990e-29
   39.77002  -72.38020     49.476     49.092     7.1631    33.1262 -9.990e-29    -0.0121 4.0115e-02  1026.1480     7.1586    25.9214     8.5023    258.987    9.72877  296.34585     87.393 -9.990e-29
   39.77002  -72.38020     49.488     49.104     7.1627    33.1261 -9.990e-29    -0.0121 4.0271e-02  1026.1480     7.1582    25.9213     8.5030    259.009    9.72873  296.34479     87.401 -9.990e-29
   39.77002  -72.38020     49.486     49.101     7.1623    33.1259 -9.990e-29    -0.0121 4.0518e-02  1026.1478     7.1578    25.9211     8.5038    259.032    9.72879  296.34656     87.408 -9.990e-29
   39.77002  -72.38020     49.516     49.132     7.1620    33.1259 -9.990e-29    -0.0121 4.0518e-02  1026.1479     7.1575    25.9211     8.5053    259.078    9.72868  296.34341     87.425 -9.990e-29
   39.77002  -72.38020     49.519     49.134     7.1617    33.1259 -9.990e-29    -0.0121 4.0271e-02  1026.1479     7.1572    25.9213     8.5059    259.097    9.72862  296.34143     87.432 -9.990e-29
   39.77002  -72.38020     49.537     49.152     7.1614    33.1261 -9.990e-29    -0.0121 4.0026e-02  1026.1484     7.1569    25.9215     8.5065    259.114    9.72853  296.33835     87.438 -9.990e-29
   39.77002  -72.38020     49.546     49.162     7.1615    33.1265 -9.990e-29    -0.0121 4.0026e-02  1026.1486     7.1570    25.9218     8.5134    259.324    9.72855  296.33910     87.509 -9.990e-29
   39.77000  -72.38020     49.579     49.195     7.1614    33.1270 -9.990e-29    -0.0121 4.0026e-02  1026.1497     7.1569    25.9222     8.5147    259.366    9.72849  296.33742     87.524 -9.990e-29
   39.77000  -72.38020     49.588     49.203     7.1619    33.1270 -9.990e-29    -0.0121 4.0026e-02  1026.1496     7.1574    25.9223     8.5162    259.409    9.72856  296.33964     87.538 -9.990e-29
   39.77000  -72.38020     49.588     49.203     7.1621    33.1270 -9.990e-29    -0.0121 4.0026e-02  1026.1492     7.1575    25.9221     8.5174    259.448    9.72853  296.33892     87.551 -9.990e-29
   39.77000  -72.38020     49.621     49.236     7.1617    33.1270 -9.990e-29    -0.0121 4.0026e-02  1026.1496     7.1572    25.9221     8.5186    259.485    9.72854  296.33893     87.563 -9.990e-29
   39.77000  -72.38020     49.639     49.254     7.1619    33.1269 -9.990e-29     0.0013 3.9782e-02  1026.1495     7.1573    25.9220     8.5198    259.519    9.72853  296.33880     87.575 -9.990e-29
   39.77000  -72.38020     49.659     49.274     7.1620    33.1267 -9.990e-29     0.0013 3.9782e-02  1026.1493     7.1575    25.9219     8.5207    259.549    9.72848  296.33710     87.586 -9.990e-29
   39.77000  -72.38020     49.682     49.296     7.1617    33.1267 -9.990e-29     0.0013 3.9660e-02  1026.1494     7.1572    25.9218     8.5218    259.580    9.72856  296.33947     87.596 -9.990e-29
   39.77000  -72.38020     49.700     49.314     7.1617    33.1267 -9.990e-29     0.0013 3.9419e-02  1026.1494     7.1572    25.9218     8.5226    259.606    9.72852  296.33822     87.605 -9.990e-29
   39.77000  -72.38020     49.730     49.344     7.1615    33.1267 -9.990e-29     0.0013 3.9265e-02  1026.1497     7.1570    25.9219     8.5298    259.824    9.72855  296.33927     87.678 -9.990e-29
   39.77000  -72.38020     49.744     49.358     7.1615    33.1269 -9.990e-29     0.0013 3.9265e-02  1026.1500     7.1570    25.9221     8.5314    259.874    9.72856  296.33972     87.695 -9.990e-29
   39.77000  -72.38020     49.762     49.375     7.1615    33.1273 -9.990e-29     0.0013 3.9145e-02  1026.1505     7.1570    25.9224     8.5266    259.727    9.72855  296.33942     87.645 -9.990e-29
   39.77000  -72.38020     49.802     49.415     7.1622    33.1278 -9.990e-29     0.0013 3.9145e-02  1026.1507     7.1577    25.9227     8.5334    259.935    9.72858  296.34032     87.715 -9.990e-29
   39.77000  -72.38020     49.804     49.418     7.1623    33.1283 -9.990e-29     0.0013 3.9026e-02  1026.1513     7.1578    25.9231     8.5285    259.785    9.72863  296.34179     87.664 -9.990e-29
   39.77000  -72.38020     49.843     49.456     7.1632    33.1287 -9.990e-29     0.0013 3.8787e-02  1026.1520     7.1587    25.9233     8.5288    259.793    9.72862  296.34142     87.667 -9.990e-29
   39.77000  -72.38020     49.864     49.477     7.1640    33.1287 -9.990e-29     0.0013 3.8551e-02  1026.1518     7.1595    25.9233     8.5290    259.802    9.72864  296.34216     87.669 -9.990e-29
   39.77000  -72.38020     49.886     49.499     7.1641    33.1287 -9.990e-29     0.0013 3.8433e-02  1026.1519     7.1596    25.9232     8.5292    259.807    9.72867  296.34296     87.671 -9.990e-29
   39.77000  -72.38020     49.914     49.526     7.1648    33.1285 -9.990e-29     0.0013 3.8433e-02  1026.1516     7.1603    25.9230     8.5284    259.782    9.72875  296.34532     87.662 -9.990e-29
