CalculateIndicators/WaterTemperature/Data/CTD_NYOS/20230517_C20.cnv
* Sea-Bird SBE 9 Data File:
* FileName = C:\Seabird 9 CTD\Data\2023\202305_offshore\20230517_C20.hex
* Software Version Seasave V 7.23.2
* Temperature SN = 4590
* Conductivity SN = 3228
* Number of Bytes Per Scan = 44
* Number of Voltage Words = 5
* Number of Scans Averaged by the Deck Unit = 1
* NMEA Latitude = 40 21.13 N
* NMEA Longitude = 072 19.05 W
* NMEA UTC (Time) = May 17 2023  12:13:08
* NMEA baud rate = 4800
** Ship: Seawolf
** Station: 10.3
** Operator: SJW
# nquan = 18
# nvalues = 11926                       
# units = specified
# name 0 = latitude: Latitude [deg]
# name 1 = longitude: Longitude [deg]
# name 2 = prDM: Pressure, Digiquartz [db]
# name 3 = depSM: Depth [salt water, m]
# name 4 = t090C: Temperature [ITS-90, deg C]
# name 5 = sal00: Salinity, Practical [PSU]
# name 6 = ph: pH
# name 7 = flECO-AFL: Fluorescence, WET Labs ECO-AFL/FL [mg/m^3]
# name 8 = cpar: CPAR/Corrected Irradiance [%]
# name 9 = density00: Density [density, kg/m^3]
# name 10 = potemp090C: Potential Temperature [ITS-90, deg C]
# name 11 = sigma-é00: Density [sigma-theta, kg/m^3]
# name 12 = sbeox0Mg/L: Oxygen, SBE 43 [mg/l]
# name 13 = sbox0Mm/Kg: Oxygen, SBE 43 [umol/kg]
# name 14 = oxsolMg/L: Oxygen Saturation, Garcia & Gordon [mg/l]
# name 15 = oxsolMm/Kg: Oxygen Saturation, Garcia & Gordon [umol/kg]
# name 16 = sbeox0PS: Oxygen, SBE 43 [% saturation]
# name 17 = flag:  0.000e+00
# span 0 =   40.34954,   40.35226       
# span 1 =  -72.31920,  -72.31760       
# span 2 =      1.229,     53.272       
# span 3 =      1.219,     52.856       
# span 4 =     6.4389,    13.2386       
# span 5 =    30.2331,    32.6943       
# span 6 =      7.865,      8.077       
# span 7 =    -0.0524,     0.7535       
# span 8 = 7.5654e-03, 9.2406e+01       
# span 9 =  1021.7795,  1025.8347       
# span 10 =     6.4346,    13.2384      
# span 11 =    22.3912,    25.5921      
# span 12 =     8.4707,     9.8347      
# span 13 =    258.136,    299.803      
# span 14 =    8.61678,    9.93069      
# span 15 =  263.06532,  302.59544      
# span 16 =     85.685,    109.485      
# span 17 = 0.0000e+00, 0.0000e+00      
# interval = seconds: 0.0416667
# start_time = May 17 2023 12:13:10 [System UTC, first data scan.]
# bad_flag = -9.990e-29
*END*
[from data line 7719]
   40.35050  -72.31856     25.218     25.022     9.3333    32.6278 -9.990e-29     0.5789 4.9674e-01  1025.3235     9.3306    25.2089     9.2849    283.025    9.27850  282.82865    100.069 -9.990e-29
   40.35050  -72.31856     25.218     25.022     9.3324    32.6280 -9.990e-29     0.5654 4.9674e-01  1025.3235     9.3298    25.2093     9.2852    283.034    9.27867  282.83429    100.071 -9.990e-29
   40.35050  -72.31856     25.227     25.032     9.3311    32.6285 -9.990e-29     0.5654 4.9674e-01  1025.3244     9.3284    25.2098     9.2854    283.038    9.27870  282.83488    100.072 -9.990e-29
   40.35050  -72.31856     25.233     25.037     9.3310    32.6289 -9.990e-29     0.5654 4.9674e-01  1025.3248     9.3283    25.2102     9.2913    283.220    9.27863  282.83240    100.137 -9.990e-29
   40.35050  -72.31856     25.218     25.022     9.3308    32.6291 -9.990e-29     0.5654 4.9674e-01  1025.3250     9.3281    25.2104     9.2853    283.035    9.27835  282.82358    100.075 -9.990e-29
   40.35050  -72.31856     25.218     25.022     9.3307    32.6291 -9.990e-29     0.5654 4.9674e-01  1025.3248     9.3280    25.2104     9.2911    283.212    9.27815  282.81757    100.140 -9.990e-29
   40.35050  -72.31856     25.207     25.011     9.3305    32.6293 -9.990e-29     0.5654 4.9674e-01  1025.3246     9.3278    25.2106     9.2860    283.058    9.27802  282.81352    100.086 -9.990e-29
   40.35050  -72.31856     25.222     25.026     9.3305    32.6297 -9.990e-29     0.5654 4.9674e-01  1025.3257     9.3278    25.2108     9.2860    283.058    9.27785  282.80862    100.088 -9.990e-29
   40.35050  -72.31856     25.207     25.011     9.3316    32.6299 -9.990e-29     0.5654 4.9753e-01  1025.3249     9.3289    25.2109     9.2922    283.245    9.27786  282.80919    100.154 -9.990e-29
   40.35050  -72.31856     25.197     25.002     9.3315    32.6304 -9.990e-29     0.5789 4.9753e-01  1025.3254     9.3288    25.2112     9.2932    283.275    9.27786  282.80912    100.165 -9.990e-29
   40.35050  -72.31856     25.187     24.992     9.3324    32.6305 -9.990e-29     0.5789 4.9753e-01  1025.3263     9.3298    25.2117     9.2943    283.310    9.27795  282.81198    100.176 -9.990e-29
   40.35050  -72.31856     25.171     24.976     9.3342    32.6305 -9.990e-29     0.5789 4.9832e-01  1025.3261     9.3315    25.2115     9.2954    283.345    9.27807  282.81583    100.187 -9.990e-29
   40.35050  -72.31856     25.176     24.981     9.3359    32.6305 -9.990e-29     0.5789 5.0116e-01  1025.3252     9.3332    25.2107     9.2967    283.383    9.27826  282.82162    100.198 -9.990e-29
   40.35050  -72.31856     25.157     24.962     9.3372    32.6292 -9.990e-29     0.5789 4.9974e-01  1025.3234     9.3345    25.2095     9.2979    283.419    9.27842  282.82626    100.210 -9.990e-29
   40.35050  -72.31856     25.146     24.951     9.3370    32.6292 -9.990e-29     0.5789 5.0054e-01  1025.3220     9.3343    25.2088     9.2991    283.455    9.27859  282.83150    100.221 -9.990e-29
   40.35050  -72.31856     25.121     24.926     9.3361    32.6292 -9.990e-29     0.5789 5.0339e-01  1025.3229     9.3334    25.2090     9.3004    283.496    9.27884  282.83940    100.232 -9.990e-29
   40.35050  -72.31856     25.136     24.942     9.3364    32.6293 -9.990e-29     0.5789 5.0276e-01  1025.3240     9.3337    25.2096     9.3015    283.531    9.27897  282.84304    100.243 -9.990e-29
   40.35050  -72.31856     25.106     24.911     9.3369    32.6298 -9.990e-29     0.5789 5.0419e-01  1025.3235     9.3342    25.2100     9.3026    283.565    9.27904  282.84504    100.254 -9.990e-29
   40.35050  -72.31856     25.085     24.891     9.3372    32.6308 -9.990e-29     0.5789 5.0500e-01  1025.3242     9.3345    25.2106     9.3040    283.608    9.27940  282.85703    100.266 -9.990e-29
   40.35050  -72.31856     25.074     24.880     9.3378    32.6323 -9.990e-29     0.5789 5.0643e-01  1025.3257     9.3352    25.2117     9.3060    283.668    9.28025  282.88345    100.277 -9.990e-29
   40.35050  -72.31856     25.070     24.876     9.3390    32.6335 -9.990e-29     0.5789 5.0724e-01  1025.3267     9.3363    25.2125     9.3079    283.727    9.28106  282.90798    100.289 -9.990e-29
   40.35050  -72.31856     25.034     24.840     9.3408    32.6343 -9.990e-29     0.5789 5.1013e-01  1025.3260     9.3382    25.2128     9.3096    283.776    9.28160  282.92429    100.301 -9.990e-29
   40.35050  -72.31856     25.025     24.831     9.3418    32.6351 -9.990e-29     0.5789 5.1095e-01  1025.3270     9.3391    25.2133     9.3112    283.828    9.28218  282.94209    100.313 -9.990e-29
   40.35050  -72.31856     25.004     24.810     9.3436    32.6358 -9.990e-29     0.5789 5.1032e-01  1025.3272     9.3410    25.2135     9.3124    283.863    9.28304  282.96877    100.316 -9.990e-29
   40.35050  -72.31856     24.989     24.795     9.3458    32.6361 -9.990e-29     0.5789 5.1322e-01  1025.3266     9.3431    25.2135     9.3142    283.918    9.28451  283.01446    100.319 -9.990e-29
   40.35050  -72.31856     24.984     24.790     9.3481    32.6366 -9.990e-29     0.5789 5.1405e-01  1025.3268     9.3454    25.2135     9.3165    283.989    9.28650  283.07582    100.323 -9.990e-29
   40.35050  -72.31856     24.944     24.750     9.3503    32.6372 -9.990e-29     0.5923 5.1405e-01  1025.3268     9.3476    25.2136     9.3255    284.264    9.28850  283.13629    100.398 -9.990e-29
   40.35050  -72.31856     24.927     24.734     9.3533    32.6381 -9.990e-29     0.5789 5.1634e-01  1025.3262     9.3507    25.2138     9.3281    284.344    9.29008  283.18396    100.410 -9.990e-29
   40.35048  -72.31852     24.923     24.730     9.3563    32.6397 -9.990e-29     0.5789 5.1781e-01  1025.3275     9.3536    25.2145     9.3303    284.410    9.29130  283.22010    100.420 -9.990e-29
   40.35048  -72.31852     24.902     24.709     9.3610    32.6417 -9.990e-29     0.5789 5.1717e-01  1025.3286     9.3584    25.2154     9.3264    284.289    9.29236  283.25199    100.366 -9.990e-29
   40.35048  -72.31852     24.882     24.689     9.3658    32.6437 -9.990e-29     0.5789 5.2011e-01  1025.3289     9.3631    25.2162     9.3331    284.493    9.29318  283.27597    100.430 -9.990e-29
   40.35048  -72.31852     24.857     24.664     9.3713    32.6452 -9.990e-29     0.5923 5.2243e-01  1025.3300     9.3686    25.2164     9.3342    284.526    9.29358  283.28759    100.437 -9.990e-29
   40.35048  -72.31852     24.851     24.659     9.3777    32.6457 -9.990e-29     0.5789 5.2243e-01  1025.3287     9.3750    25.2160     9.3352    284.555    9.29394  283.29836    100.444 -9.990e-29
   40.35048  -72.31852     24.821     24.629     9.3830    32.6457 -9.990e-29     0.5789 5.2540e-01  1025.3276     9.3803    25.2151     9.3362    284.588    9.29445  283.31407    100.450 -9.990e-29
   40.35048  -72.31852     24.811     24.619     9.3887    32.6457 -9.990e-29     0.5789 5.2625e-01  1025.3271     9.3861    25.2141     9.3374    284.624    9.29510  283.33407    100.455 -9.990e-29
   40.35048  -72.31852     24.795     24.603     9.3938    32.6448 -9.990e-29     0.5789 5.2775e-01  1025.3252     9.3911    25.2127     9.3326    284.478    9.29575  283.35369    100.397 -9.990e-29
   40.35048  -72.31852     24.780     24.588     9.3971    32.6438 -9.990e-29     0.5789 5.2925e-01  1025.3230     9.3944    25.2113     9.3386    284.661    9.29624  283.36861    100.456 -9.990e-29
   40.35048  -72.31852     24.760     24.568     9.4007    32.6435 -9.990e-29     0.5789 5.3226e-01  1025.3226     9.3980    25.2105     9.3395    284.687    9.29678  283.38512    100.460 -9.990e-29
   40.35048  -72.31852     24.744     24.552     9.4047    32.6434 -9.990e-29     0.5789 5.3226e-01  1025.3224     9.4020    25.2098     9.3404    284.715    9.29740  283.40375    100.463 -9.990e-29
   40.35048  -72.31852     24.719     24.527     9.4083    32.6429 -9.990e-29     0.5923 5.3312e-01  1025.3209     9.4056    25.2089     9.3410    284.733    9.29780  283.41548    100.465 -9.990e-29
   40.35048  -72.31852     24.730     24.538     9.4104    32.6422 -9.990e-29     0.5923 5.3615e-01  1025.3196     9.4078    25.2079     9.3417    284.754    9.29834  283.43220    100.466 -9.990e-29
   40.35048  -72.31852     24.698     24.507     9.4121    32.6422 -9.990e-29     0.5789 5.3615e-01  1025.3192     9.4095    25.2075     9.3425    284.778    9.29905  283.45378    100.467 -9.990e-29
   40.35048  -72.31852     24.683     24.492     9.4135    32.6422 -9.990e-29     0.5789 5.3768e-01  1025.3194     9.4109    25.2074     9.3433    284.801    9.29976  283.47557    100.468 -9.990e-29
   40.35048  -72.31852     24.689     24.497     9.4154    32.6426 -9.990e-29     0.5789 5.4074e-01  1025.3190     9.4127    25.2074     9.3439    284.821    9.30045  283.49636    100.467 -9.990e-29
   40.35048  -72.31852     24.659     24.467     9.4167    32.6433 -9.990e-29     0.5789 5.4074e-01  1025.3196     9.4141    25.2078     9.3445    284.839    9.30116  283.51800    100.466 -9.990e-29
   40.35048  -72.31852     24.663     24.471     9.4182    32.6433 -9.990e-29     0.5789 5.4227e-01  1025.3204     9.4155    25.2080     9.3448    284.849    9.30168  283.53366    100.464 -9.990e-29
   40.35048  -72.31852     24.638     24.447     9.4206    32.6433 -9.990e-29     0.5789 5.4381e-01  1025.3192     9.4180    25.2073     9.3449    284.852    9.30205  283.54459    100.461 -9.990e-29
   40.35048  -72.31852     24.649     24.458     9.4221    32.6422 -9.990e-29     0.5789 5.4381e-01  1025.3180     9.4195    25.2061     9.3449    284.849    9.30232  283.55264    100.457 -9.990e-29
   40.35048  -72.31852     24.628     24.437     9.4234    32.6406 -9.990e-29     0.5789 5.4536e-01  1025.3159     9.4208    25.2047     9.3505    285.020    9.30247  283.55705    100.516 -9.990e-29
   40.35048  -72.31852     24.632     24.441     9.4229    32.6406 -9.990e-29     0.5923 5.4691e-01  1025.3150     9.4203    25.2040     9.3508    285.030    9.30255  283.55918    100.519 -9.990e-29
   40.35048  -72.31852     24.628     24.437     9.4226    32.6406 -9.990e-29     0.5789 5.4846e-01  1025.3156     9.4200    25.2043     9.3510    285.034    9.30257  283.55958    100.520 -9.990e-29
   40.35048  -72.31852     24.628     24.437     9.4223    32.6413 -9.990e-29     0.5789 5.4914e-01  1025.3173     9.4196    25.2052     9.3451    284.856    9.30255  283.55932    100.457 -9.990e-29
   40.35048  -72.31856     24.623     24.432     9.4234    32.6421 -9.990e-29     0.5789 5.4914e-01  1025.3178     9.4208    25.2057     9.3452    284.858    9.30260  283.56080    100.457 -9.990e-29
   40.35048  -72.31856     24.628     24.437     9.4246    32.6421 -9.990e-29     0.5789 5.5070e-01  1025.3172     9.4219    25.2057     9.3444    284.833    9.30264  283.56207    100.448 -9.990e-29
   40.35048  -72.31856     24.628     24.437     9.4251    32.6421 -9.990e-29     0.5789 5.4914e-01  1025.3175     9.4224    25.2056     9.3444    284.834    9.30274  283.56493    100.447 -9.990e-29
   40.35048  -72.31856     24.623     24.432     9.4259    32.6419 -9.990e-29     0.5789 5.5138e-01  1025.3172     9.4233    25.2052     9.3435    284.806    9.30278  283.56606    100.437 -9.990e-29
   40.35048  -72.31856     24.649     24.458     9.4264    32.6412 -9.990e-29     0.5789 5.5138e-01  1025.3160     9.4237    25.2046     9.3424    284.775    9.30278  283.56619    100.426 -9.990e-29
   40.35048  -72.31856     24.638     24.447     9.4264    32.6406 -9.990e-29     0.5789 5.5206e-01  1025.3159     9.4238    25.2041     9.3422    284.767    9.30276  283.56553    100.424 -9.990e-29
   40.35048  -72.31856     24.649     24.458     9.4261    32.6401 -9.990e-29     0.5789 5.5206e-01  1025.3156     9.4234    25.2038     9.3418    284.755    9.30270  283.56358    100.420 -9.990e-29
   40.35048  -72.31856     24.653     24.462     9.4257    32.6396 -9.990e-29     0.5789 5.5117e-01  1025.3151     9.4231    25.2035     9.3413    284.741    9.30257  283.55960    100.417 -9.990e-29
   40.35048  -72.31856     24.679     24.488     9.4249    32.6394 -9.990e-29     0.5654 5.5029e-01  1025.3150     9.4223    25.2034     9.3409    284.727    9.30248  283.55700    100.413 -9.990e-29
   40.35048  -72.31856     24.689     24.497     9.4239    32.6394 -9.990e-29     0.5654 5.5029e-01  1025.3158     9.4213    25.2035     9.3403    284.709    9.30230  283.55167    100.408 -9.990e-29
   40.35048  -72.31856     24.693     24.501     9.4232    32.6394 -9.990e-29     0.5789 5.4941e-01  1025.3155     9.4206    25.2036     9.3395    284.687    9.30203  283.54320    100.403 -9.990e-29
   40.35048  -72.31856     24.719     24.527     9.4221    32.6393 -9.990e-29     0.5654 5.4941e-01  1025.3155     9.4194    25.2038     9.3388    284.663    9.30174  283.53455    100.398 -9.990e-29
   40.35048  -72.31856     24.730     24.538     9.4211    32.6393 -9.990e-29     0.5654 5.4853e-01  1025.3166     9.4185    25.2040     9.3321    284.460    9.30149  283.52688    100.329 -9.990e-29
   40.35048  -72.31856     24.749     24.557     9.4208    32.6385 -9.990e-29     0.5654 5.4766e-01  1025.3168     9.4181    25.2034     9.3303    284.406    9.30106  283.51389    100.315 -9.990e-29
   40.35048  -72.31856     24.765     24.573     9.4203    32.6358 -9.990e-29     0.5654 5.4678e-01  1025.3135     9.4177    25.2016     9.3287    284.356    9.30073  283.50417    100.300 -9.990e-29
   40.35048  -72.31856     24.791     24.598     9.4172    32.6333 -9.990e-29     0.5654 5.4678e-01  1025.3114     9.4145    25.2000     9.3272    284.311    9.30056  283.49946    100.286 -9.990e-29
   40.35048  -72.31856     24.811     24.619     9.4133    32.6324 -9.990e-29     0.5654 5.4436e-01  1025.3120     9.4106    25.1998     9.3261    284.278    9.30073  283.50499    100.273 -9.990e-29
   40.35048  -72.31856     24.825     24.633     9.4104    32.6321 -9.990e-29     0.5654 5.4196e-01  1025.3130     9.4078    25.2000     9.3251    284.249    9.30103  283.51396    100.259 -9.990e-29
   40.35048  -72.31856     24.862     24.670     9.4078    32.6309 -9.990e-29     0.5654 5.4263e-01  1025.3131     9.4051    25.1996     9.3241    284.218    9.30129  283.52194    100.245 -9.990e-29
   40.35048  -72.31856     24.872     24.679     9.4046    32.6279 -9.990e-29     0.5654 5.3870e-01  1025.3110     9.4019    25.1978     9.3231    284.185    9.30148  283.52738    100.232 -9.990e-29
   40.35048  -72.31856     24.893     24.700     9.3989    32.6236 -9.990e-29     0.5654 5.3717e-01  1025.3080     9.3962    25.1954     9.3160    283.969    9.30156  283.52970    100.155 -9.990e-29
   40.35048  -72.31856     24.917     24.724     9.3908    32.6202 -9.990e-29     0.5654 5.3785e-01  1025.3050     9.3882    25.1938     9.3198    284.087    9.30159  283.53061    100.196 -9.990e-29
   40.35048  -72.31856     24.944     24.750     9.3810    32.6202 -9.990e-29     0.5654 5.3395e-01  1025.3069     9.3783    25.1944     9.3186    284.049    9.30161  283.53106    100.183 -9.990e-29
   40.35048  -72.31856     24.963     24.769     9.3727    32.6202 -9.990e-29     0.5654 5.3311e-01  1025.3097     9.3701    25.1966     9.3181    284.034    9.30157  283.52984    100.178 -9.990e-29
   40.35048  -72.31856     25.004     24.810     9.3661    32.6221 -9.990e-29     0.5789 5.3226e-01  1025.3127     9.3635    25.1991     9.3176    284.018    9.30147  283.52662    100.173 -9.990e-29
   40.35048  -72.31856     25.019     24.825     9.3605    32.6241 -9.990e-29     0.5654 5.2775e-01  1025.3148     9.3579    25.2016     9.3112    283.822    9.30132  283.52194    100.106 -9.990e-29
   40.35048  -72.31856     25.044     24.850     9.3556    32.6265 -9.990e-29     0.5654 5.2542e-01  1025.3181     9.3530    25.2042     9.3090    283.755    9.30108  283.51446    100.085 -9.990e-29
