CalculateIndicators/WaterTemperature/Data/CTD_NYOS/20231005_C18.cnv
* Sea-Bird SBE 9 Data File:
* FileName = C:\Seabird 9 CTD\Data\2023\202309_offshore\20231005_C18.hex
* Software Version Seasave V 7.23.2
* Temperature SN = 4590
* Conductivity SN = 3228
* Number of Bytes Per Scan = 44
* Number of Voltage Words = 5
* Number of Scans Averaged by the Deck Unit = 1
* NMEA Latitude = 40 46.52 N
* NMEA Longitude = 072 34.66 W
* NMEA UTC (Time) = Oct 05 2023  01:36:13
* NMEA baud rate = 4800
** Ship: seawolf
** Station: 10.1
** Operator: sjw
# nquan = 18
# nvalues = 6882                        
# units = specified
# name 0 = latitude: Latitude [deg]
# name 1 = longitude: Longitude [deg]
# name 2 = prDM: Pressure, Digiquartz [db]
# name 3 = depSM: Depth [salt water, m]
# name 4 = t090C: Temperature [ITS-90, deg C]
# name 5 = sal00: Salinity, Practical [PSU]
# name 6 = ph: pH
# name 7 = flECO-AFL: Fluorescence, WET Labs ECO-AFL/FL [mg/m^3]
# name 8 = cpar: CPAR/Corrected Irradiance [%]
# name 9 = density00: Density [density, kg/m^3]
# name 10 = potemp090C: Potential Temperature [ITS-90, deg C]
# name 11 = sigma-é00: Density [sigma-theta, kg/m^3]
# name 12 = sbeox0Mg/L: Oxygen, SBE 43 [mg/l]
# name 13 = sbox0Mm/Kg: Oxygen, SBE 43 [umol/kg]
# name 14 = oxsolMg/L: Oxygen Saturation, Garcia & Gordon [mg/l]
# name 15 = oxsolMm/Kg: Oxygen Saturation, Garcia & Gordon [umol/kg]
# name 16 = sbeox0PS: Oxygen, SBE 43 [% saturation]
# name 17 = flag:  0.000e+00
# span 0 =   40.77542,   40.77550       
# span 1 =  -72.57790,  -72.57766       
# span 2 =      2.004,     18.743       
# span 3 =      1.989,     18.597       
# span 4 =    17.4878,    19.0119       
# span 5 =    31.0120,    31.5783       
# span 6 =      7.786,      7.966       
# span 7 =     0.4714,     1.8145       
# span 8 = 5.0640e-11, 9.9999e+04       
# span 9 =  1022.0041,  1022.8587       
# span 10 =    17.4848,    19.0115      
# span 11 =    21.9912,    22.7764      
# span 12 =     5.6879,     8.5558      
# span 13 =    173.795,    261.568      
# span 14 =    7.71119,    7.91232      
# span 15 =  235.79137,  241.75702      
# span 16 =     71.920,    110.653      
# span 17 = 0.0000e+00, 0.0000e+00      
# interval = seconds: 0.0416667
# start_time = Oct 05 2023 01:36:15 [System UTC, first data scan.]
# bad_flag = -9.990e-29
*END*
[from data line 2252]
   40.77546  -72.57778     18.570     18.426    17.5003    31.5703      7.790     0.6998 5.0640e-11  1022.8489    17.4972    22.7673     5.8600    179.052    7.91064  241.70834     74.078 -9.990e-29
   40.77546  -72.57778     18.580     18.435    17.5004    31.5703      7.790     0.6998 5.0640e-11  1022.8486    17.4974    22.7673     5.8604    179.065    7.91065  241.70853     74.083 -9.990e-29
   40.77546  -72.57778     18.570     18.426    17.5003    31.5703      7.790     0.6998 5.0640e-11  1022.8487    17.4972    22.7672     5.8560    178.929    7.91058  241.70658     74.027 -9.990e-29
   40.77546  -72.57778     18.591     18.446    17.5004    31.5703      7.795     0.6998 5.0640e-11  1022.8486    17.4974    22.7672     5.8558    178.924    7.91053  241.70503     74.026 -9.990e-29
   40.77546  -72.57778     18.580     18.435    17.5006    31.5703      7.790     0.6998 9.9999e+04  1022.8485    17.4976    22.7672     5.8599    179.048    7.91049  241.70362     74.078 -9.990e-29
   40.77546  -72.57778     18.591     18.446    17.5003    31.5704      7.790     0.6863 9.9999e+04  1022.8489    17.4973    22.7673     5.8601    179.054    7.91047  241.70309     74.080 -9.990e-29
   40.77546  -72.57778     18.580     18.435    17.5003    31.5704      7.795     0.6998 5.0640e-11  1022.8487    17.4972    22.7674     5.8555    178.914    7.91048  241.70364     74.022 -9.990e-29
   40.77546  -72.57778     18.591     18.446    17.4999    31.5705      7.790     0.6998 5.0640e-11  1022.8490    17.4969    22.7675     5.8552    178.904    7.91048  241.70378     74.018 -9.990e-29
   40.77546  -72.57778     18.591     18.446    17.4996    31.5705      7.790     0.6998 5.0640e-11  1022.8491    17.4965    22.7676     5.8547    178.891    7.91043  241.70219     74.013 -9.990e-29
   40.77546  -72.57778     18.600     18.456    17.4997    31.5706      7.790     0.6998 5.0640e-11  1022.8491    17.4967    22.7677     5.8543    178.878    7.91041  241.70144     74.008 -9.990e-29
   40.77546  -72.57778     18.591     18.446    17.4997    31.5707      7.790     0.7266 5.0640e-11  1022.8493    17.4967    22.7677     5.8538    178.863    7.91039  241.70097     74.002 -9.990e-29
   40.77546  -72.57778     18.600     18.456    17.4996    31.5707      7.790     0.7669 5.0640e-11  1022.8491    17.4966    22.7677     5.8581    178.994    7.91043  241.70223     74.055 -9.990e-29
   40.77546  -72.57778     18.591     18.446    17.4996    31.5707      7.790     0.7669 5.0640e-11  1022.8492    17.4965    22.7678     5.8533    178.846    7.91044  241.70231     73.994 -9.990e-29
   40.77546  -72.57778     18.600     18.456    17.4994    31.5709      7.795     0.7669 5.0640e-11  1022.8496    17.4964    22.7679     5.8574    178.973    7.91045  241.70270     74.047 -9.990e-29
   40.77546  -72.57778     18.600     18.456    17.4994    31.5709      7.795     0.7669 5.0640e-11  1022.8496    17.4964    22.7679     5.8525    178.822    7.91044  241.70234     73.985 -9.990e-29
   40.77546  -72.57778     18.600     18.456    17.4994    31.5709      7.790     0.7669 5.0640e-11  1022.8493    17.4964    22.7679     5.8565    178.946    7.91039  241.70105     74.036 -9.990e-29
   40.77546  -72.57778     18.591     18.446    17.4996    31.5709      7.795     0.7669 9.9999e+04  1022.8494    17.4965    22.7680     5.8563    178.938    7.91043  241.70215     74.032 -9.990e-29
   40.77546  -72.57778     18.600     18.456    17.4996    31.5709      7.790     0.7669 5.0640e-11  1022.8495    17.4966    22.7680     5.8559    178.927    7.91039  241.70105     74.028 -9.990e-29
   40.77546  -72.57778     18.600     18.456    17.4996    31.5709      7.790     0.7535 5.0640e-11  1022.8496    17.4965    22.7679     5.8560    178.929    7.91043  241.70205     74.029 -9.990e-29
   40.77546  -72.57778     18.589     18.445    17.4997    31.5707      7.790     0.7669 5.0640e-11  1022.8492    17.4967    22.7677     5.8561    178.931    7.91045  241.70277     74.029 -9.990e-29
   40.77546  -72.57778     18.591     18.446    17.4999    31.5705      7.790     0.7669 5.0640e-11  1022.8488    17.4969    22.7675     5.8509    178.772    7.91048  241.70352     73.963 -9.990e-29
   40.77546  -72.57778     18.600     18.456    17.5001    31.5705      7.790     0.7669 5.0640e-11  1022.8490    17.4970    22.7675     5.8504    178.758    7.91050  241.70406     73.957 -9.990e-29
   40.77546  -72.57778     18.591     18.446    17.4999    31.5705      7.790     0.7669 5.0640e-11  1022.8490    17.4969    22.7675     5.8546    178.887    7.91049  241.70389     74.011 -9.990e-29
   40.77544  -72.57776     18.580     18.435    17.4999    31.5705      7.795     0.7669 5.0640e-11  1022.8490    17.4968    22.7675     5.8545    178.883    7.91047  241.70316     74.009 -9.990e-29
   40.77544  -72.57776     18.591     18.446    17.5001    31.5705      7.790     0.7669 9.9999e+04  1022.8489    17.4971    22.7675     5.8496    178.735    7.91047  241.70335     73.948 -9.990e-29
   40.77544  -72.57776     18.580     18.435    17.5001    31.5705      7.795     0.7669 9.9999e+04  1022.8488    17.4971    22.7675     5.8490    178.715    7.91042  241.70183     73.940 -9.990e-29
   40.77544  -72.57776     18.591     18.446    17.4997    31.5705      7.795     0.7535 5.0640e-11  1022.8492    17.4967    22.7676     5.8483    178.694    7.91036  241.70019     73.932 -9.990e-29
   40.77544  -72.57776     18.570     18.426    17.4999    31.5706      7.795     0.7669 5.0640e-11  1022.8489    17.4969    22.7676     5.8477    178.674    7.91034  241.69946     73.924 -9.990e-29
   40.77544  -72.57776     18.580     18.435    17.4997    31.5706      7.790     0.7669 5.0640e-11  1022.8492    17.4967    22.7676     5.8470    178.653    7.91030  241.69838     73.916 -9.990e-29
   40.77544  -72.57776     18.570     18.426    17.5002    31.5706      7.790     0.7669 5.0640e-11  1022.8489    17.4971    22.7675     5.8510    178.778    7.91032  241.69892     73.967 -9.990e-29
   40.77544  -72.57776     18.570     18.426    17.5003    31.5705      7.790     0.7669 5.0640e-11  1022.8489    17.4972    22.7674     5.8460    178.625    7.91033  241.69929     73.904 -9.990e-29
   40.77544  -72.57776     18.570     18.426    17.5004    31.5703      7.790     0.7669 5.0640e-11  1022.8486    17.4974    22.7673     5.8500    178.748    7.91033  241.69939     73.955 -9.990e-29
   40.77544  -72.57776     18.549     18.405    17.5004    31.5703      7.795     0.7669 5.0640e-11  1022.8486    17.4974    22.7673     5.8502    178.753    7.91035  241.69999     73.956 -9.990e-29
   40.77544  -72.57776     18.560     18.416    17.5006    31.5703      7.795     0.7669 5.0640e-11  1022.8485    17.4976    22.7672     5.8503    178.756    7.91031  241.69865     73.958 -9.990e-29
   40.77544  -72.57776     18.549     18.405    17.5004    31.5702      7.790     0.7400 5.0640e-11  1022.8485    17.4974    22.7672     5.8457    178.615    7.91035  241.69983     73.900 -9.990e-29
   40.77544  -72.57776     18.549     18.405    17.5007    31.5701      7.790     0.6729 5.0640e-11  1022.8483    17.4977    22.7671     5.8497    178.735    7.91036  241.70018     73.949 -9.990e-29
   40.77544  -72.57776     18.540     18.396    17.5009    31.5701      7.795     0.6460 5.0640e-11  1022.8482    17.4979    22.7670     5.8497    178.737    7.91036  241.69998     73.950 -9.990e-29
   40.77544  -72.57776     18.540     18.396    17.5008    31.5701      7.790     0.6460 5.0640e-11  1022.8483    17.4978    22.7670     5.8446    178.581    7.91040  241.70151     73.885 -9.990e-29
   40.77544  -72.57776     18.529     18.385    17.5011    31.5700      7.795     0.6595 9.9999e+04  1022.8481    17.4981    22.7669     5.8489    178.713    7.91039  241.70108     73.940 -9.990e-29
   40.77544  -72.57776     18.529     18.385    17.5011    31.5698      7.795     0.6595 9.9999e+04  1022.8478    17.4981    22.7667     5.8442    178.568    7.91038  241.70066     73.880 -9.990e-29
   40.77544  -72.57776     18.519     18.375    17.5011    31.5697      7.795     0.6595 5.0640e-11  1022.8477    17.4981    22.7666     5.8485    178.700    7.91040  241.70119     73.934 -9.990e-29
   40.77544  -72.57776     18.519     18.375    17.5016    31.5697      7.790     0.6595 9.9999e+04  1022.8477    17.4985    22.7665     5.8490    178.714    7.91039  241.70103     73.940 -9.990e-29
   40.77544  -72.57776     18.509     18.365    17.5016    31.5696      7.790     0.6595 9.9999e+04  1022.8475    17.4986    22.7664     5.8447    178.583    7.91036  241.70016     73.886 -9.990e-29
   40.77544  -72.57776     18.509     18.365    17.5016    31.5694      7.790     0.6595 5.0640e-11  1022.8473    17.4986    22.7663     5.8442    178.570    7.91037  241.70036     73.881 -9.990e-29
   40.77544  -72.57776     18.498     18.355    17.5015    31.5694      7.790     0.6460 5.0640e-11  1022.8474    17.4984    22.7663     5.8485    178.701    7.91035  241.69978     73.935 -9.990e-29
   40.77544  -72.57776     18.498     18.355    17.5016    31.5694      7.795     0.6595 5.0640e-11  1022.8474    17.4986    22.7663     5.8485    178.701    7.91036  241.70015     73.935 -9.990e-29
   40.77544  -72.57776     18.489     18.345    17.5016    31.5693      7.795     0.6595 5.0640e-11  1022.8472    17.4986    22.7662     5.8485    178.701    7.91037  241.70034     73.935 -9.990e-29
   40.77544  -72.57776     18.479     18.335    17.5019    31.5692      7.790     0.6595 5.0640e-11  1022.8469    17.4989    22.7661     5.8485    178.699    7.91036  241.70015     73.934 -9.990e-29
   40.77544  -72.57776     18.479     18.335    17.5018    31.5692      7.790     0.6595 5.0640e-11  1022.8471    17.4988    22.7661     5.8441    178.567    7.91035  241.69980     73.880 -9.990e-29
   40.77544  -72.57776     18.479     18.335    17.5018    31.5691      7.795     0.6595 5.0640e-11  1022.8471    17.4988    22.7660     5.8441    178.566    7.91034  241.69961     73.879 -9.990e-29
   40.77544  -72.57776     18.468     18.325    17.5023    31.5690      7.790     0.6595 5.0640e-11  1022.8467    17.4993    22.7658     5.8441    178.565    7.91029  241.69818     73.879 -9.990e-29
   40.77544  -72.57776     18.458     18.315    17.5027    31.5689      7.795     0.6595 5.0640e-11  1022.8466    17.4996    22.7656     5.8436    178.552    7.91034  241.69960     73.874 -9.990e-29
   40.77544  -72.57776     18.457     18.314    17.5030    31.5687      7.790     0.6595 5.0640e-11  1022.8463    17.5000    22.7654     5.8432    178.537    7.91032  241.69894     73.868 -9.990e-29
   40.77544  -72.57776     18.458     18.315    17.5032    31.5683      7.795     0.6595 5.0640e-11  1022.8462    17.5002    22.7651     5.8432    178.539    7.91034  241.69960     73.868 -9.990e-29
   40.77544  -72.57776     18.438     18.294    17.5035    31.5676      7.790     0.6460 5.0640e-11  1022.8452    17.5005    22.7645     5.8480    178.685    7.91036  241.70026     73.928 -9.990e-29
   40.77544  -72.57776     18.447     18.304    17.5037    31.5676      7.795     0.6595 5.0640e-11  1022.8446    17.5007    22.7641     5.8433    178.540    7.91035  241.69969     73.869 -9.990e-29
   40.77544  -72.57776     18.428     18.285    17.5039    31.5676      7.795     0.6595 5.0640e-11  1022.8448    17.5009    22.7642     5.8428    178.527    7.91035  241.69978     73.863 -9.990e-29
   40.77544  -72.57776     18.438     18.294    17.5039    31.5677      7.790     0.6595 5.0640e-11  1022.8452    17.5009    22.7644     5.8424    178.513    7.91033  241.69933     73.858 -9.990e-29
   40.77544  -72.57776     18.428     18.285    17.5039    31.5679      7.790     0.6460 9.9999e+04  1022.8454    17.5009    22.7646     5.8419    178.499    7.91029  241.69810     73.852 -9.990e-29
   40.77544  -72.57776     18.417     18.274    17.5036    31.5679      7.795     0.6192 5.0640e-11  1022.8456    17.5005    22.7648     5.8415    178.486    7.91028  241.69778     73.847 -9.990e-29
   40.77544  -72.57776     18.417     18.274    17.5035    31.5679      7.790     0.5923 5.0640e-11  1022.8457    17.5005    22.7648     5.8415    178.487    7.91029  241.69815     73.847 -9.990e-29
   40.77544  -72.57776     18.417     18.274    17.5036    31.5679      7.790     0.5923 5.0640e-11  1022.8453    17.5005    22.7647     5.8411    178.473    7.91025  241.69712     73.842 -9.990e-29
   40.77544  -72.57776     18.408     18.264    17.5037    31.5678      7.795     0.5923 5.0640e-11  1022.8451    17.5007    22.7645     5.8411    178.475    7.91027  241.69749     73.842 -9.990e-29
   40.77544  -72.57776     18.408     18.264    17.5039    31.5678      7.790     0.5923 5.0640e-11  1022.8453    17.5009    22.7645     5.8407    178.462    7.91022  241.69592     73.837 -9.990e-29
   40.77544  -72.57776     18.398     18.255    17.5037    31.5678      7.795     0.5923 5.0640e-11  1022.8451    17.5007    22.7645     5.8407    178.463    7.91019  241.69507     73.838 -9.990e-29
   40.77544  -72.57776     18.408     18.264    17.5039    31.5678      7.790     0.5923 9.9999e+04  1022.8453    17.5009    22.7645     5.8408    178.465    7.91016  241.69441     73.839 -9.990e-29
   40.77544  -72.57776     18.387     18.244    17.5037    31.5679      7.790     0.5923 9.9999e+04  1022.8451    17.5007    22.7646     5.8409    178.469    7.91016  241.69443     73.841 -9.990e-29
   40.77544  -72.57776     18.398     18.255    17.5035    31.5680      7.790     0.5923 9.9999e+04  1022.8454    17.5005    22.7648     5.8411    178.473    7.91019  241.69516     73.842 -9.990e-29
   40.77544  -72.57776     18.387     18.244    17.5032    31.5682      7.795     0.5923 5.0640e-11  1022.8457    17.5002    22.7650     5.8412    178.477    7.91016  241.69427     73.844 -9.990e-29
   40.77544  -72.57776     18.387     18.244    17.5030    31.5682      7.790     0.5923 5.0640e-11  1022.8458    17.5000    22.7651     5.8409    178.467    7.91014  241.69373     73.840 -9.990e-29
   40.77544  -72.57776     18.377     18.234    17.5032    31.5682      7.795     0.5923 9.9999e+04  1022.8455    17.5002    22.7650     5.8405    178.456    7.91006  241.69159     73.836 -9.990e-29
   40.77546  -72.57778     18.366     18.223    17.5034    31.5681      7.795     0.5923 9.9999e+04  1022.8454    17.5003    22.7649     5.8406    178.460    7.91002  241.69019     73.839 -9.990e-29
   40.77546  -72.57778     18.377     18.234    17.5034    31.5679      7.790     0.5789 5.0640e-11  1022.8453    17.5003    22.7647     5.8408    178.465    7.90997  241.68870     73.841 -9.990e-29
   40.77546  -72.57778     18.377     18.234    17.5038    31.5677      7.795     0.5923 5.0640e-11  1022.8449    17.5008    22.7645     5.8358    178.312    7.90995  241.68827     73.778 -9.990e-29
   40.77546  -72.57778     18.366     18.223    17.5042    31.5675      7.790     0.5923 9.9999e+04  1022.8446    17.5012    22.7643     5.8351    178.291    7.90998  241.68912     73.769 -9.990e-29
   40.77546  -72.57778     18.366     18.223    17.5044    31.5673      7.790     0.5923 5.0640e-11  1022.8446    17.5014    22.7641     5.8391    178.414    7.90991  241.68700     73.820 -9.990e-29
   40.77546  -72.57778     18.366     18.223    17.5047    31.5673      7.795     0.5923 9.9999e+04  1022.8443    17.5017    22.7639     5.8388    178.406    7.90988  241.68627     73.817 -9.990e-29
   40.77546  -72.57778     18.357     18.214    17.5046    31.5672      7.790     0.5923 5.0640e-11  1022.8444    17.5016    22.7639     5.8339    178.254    7.90989  241.68664     73.754 -9.990e-29
   40.77546  -72.57778     18.357     18.214    17.5046    31.5671      7.790     0.5923 9.9999e+04  1022.8442    17.5016    22.7638     5.8337    178.249    7.90991  241.68699     73.752 -9.990e-29
