CalculateIndicators/WaterTemperature/Data/CTD_NYOS/20231004_C17.cnv
* Sea-Bird SBE 9 Data File:
* FileName = C:\Seabird 9 CTD\Data\2023\202309_offshore\20231004_C17.hex
* Software Version Seasave V 7.23.2
* Temperature SN = 4590
* Conductivity SN = 3228
* Number of Bytes Per Scan = 44
* Number of Voltage Words = 5
* Number of Scans Averaged by the Deck Unit = 1
* NMEA Latitude = 40 39.91 N
* NMEA Longitude = 072 58.72 W
* NMEA UTC (Time) = Oct 04 2023  22:54:26
* NMEA baud rate = 4800
** Ship: seawolf
** Station: 9.1
** Operator: Tcm
# nquan = 18
# nvalues = 6617                        
# units = specified
# name 0 = latitude: Latitude [deg]
# name 1 = longitude: Longitude [deg]
# name 2 = prDM: Pressure, Digiquartz [db]
# name 3 = depSM: Depth [salt water, m]
# name 4 = t090C: Temperature [ITS-90, deg C]
# name 5 = sal00: Salinity, Practical [PSU]
# name 6 = ph: pH
# name 7 = flECO-AFL: Fluorescence, WET Labs ECO-AFL/FL [mg/m^3]
# name 8 = cpar: CPAR/Corrected Irradiance [%]
# name 9 = density00: Density [density, kg/m^3]
# name 10 = potemp090C: Potential Temperature [ITS-90, deg C]
# name 11 = sigma-é00: Density [sigma-theta, kg/m^3]
# name 12 = sbeox0Mg/L: Oxygen, SBE 43 [mg/l]
# name 13 = sbox0Mm/Kg: Oxygen, SBE 43 [umol/kg]
# name 14 = oxsolMg/L: Oxygen Saturation, Garcia & Gordon [mg/l]
# name 15 = oxsolMm/Kg: Oxygen Saturation, Garcia & Gordon [umol/kg]
# name 16 = sbeox0PS: Oxygen, SBE 43 [% saturation]
# name 17 = flag:  0.000e+00
# span 0 =   40.66516,   40.66550       
# span 1 =  -72.97866,  -72.97850       
# span 2 =      1.790,     13.693       
# span 3 =      1.776,     13.587       
# span 4 =    17.7182,    19.1656       
# span 5 =    30.9197,    31.3784       
# span 6 =      7.822,      7.967       
# span 7 =     0.8609,     2.3786       
# span 8 = 5.0640e-11, 9.9999e+04       
# span 9 =  1021.8929,  1022.6276       
# span 10 =    17.7162,    19.1653      
# span 11 =    21.8915,    22.5670      
# span 12 =     6.7418,     8.9385      
# span 13 =    206.072,    273.294      
# span 14 =    7.69115,    7.89509      
# span 15 =  235.19550,  241.32472      
# span 16 =     85.398,    115.523      
# span 17 = 0.0000e+00, 0.0000e+00      
# interval = seconds: 0.0416667
# start_time = Oct 04 2023 22:54:27 [System UTC, first data scan.]
# bad_flag = -9.990e-29
*END*
[from data line 4262]
   40.66538  -72.97856      7.137      7.082    17.8222    31.0982      7.886     1.9220 5.0640e-11  1022.3604    17.8210    22.3291     7.7503    236.911    7.88127  240.91436     98.338 -9.990e-29
   40.66538  -72.97856      7.136      7.080    17.8234    31.0994      7.886     1.9220 5.0640e-11  1022.3611    17.8223    22.3297     7.7506    236.920    7.88132  240.91580     98.341 -9.990e-29
   40.66538  -72.97856      7.145      7.090    17.8247    31.1003      7.886     1.9220 5.0640e-11  1022.3616    17.8235    22.3302     7.7506    236.920    7.88137  240.91748     98.341 -9.990e-29
   40.66538  -72.97856      7.137      7.082    17.8260    31.1007      7.886     1.9220 5.0640e-11  1022.3619    17.8249    22.3303     7.7511    236.935    7.88138  240.91766     98.347 -9.990e-29
   40.66538  -72.97856      7.136      7.080    17.8283    31.1007      7.886     1.9220 5.0640e-11  1022.3612    17.8271    22.3298     7.7564    237.099    7.88139  240.91794     98.415 -9.990e-29
   40.66538  -72.97856      7.145      7.090    17.8298    31.1007      7.886     1.9220 5.0640e-11  1022.3604    17.8287    22.3292     7.7576    237.134    7.88137  240.91729     98.430 -9.990e-29
   40.66538  -72.97856      7.136      7.080    17.8312    31.1005      7.886     1.9220 5.0640e-11  1022.3600    17.8300    22.3288     7.7589    237.173    7.88135  240.91684     98.446 -9.990e-29
   40.66538  -72.97856      7.148      7.093    17.8325    31.1004      7.886     1.9220 5.0640e-11  1022.3599    17.8313    22.3284     7.7650    237.360    7.88135  240.91673     98.524 -9.990e-29
   40.66538  -72.97856      7.145      7.090    17.8339    31.1004      7.886     1.9220 5.0640e-11  1022.3592    17.8327    22.3281     7.7669    237.419    7.88134  240.91663     98.548 -9.990e-29
   40.66538  -72.97856      7.136      7.080    17.8351    31.1004      7.886     1.9220 5.0640e-11  1022.3591    17.8339    22.3278     7.7689    237.480    7.88133  240.91611     98.574 -9.990e-29
   40.66538  -72.97856      7.145      7.090    17.8359    31.1004      7.886     1.9220 5.0640e-11  1022.3590    17.8347    22.3277     7.7710    237.544    7.88130  240.91536     98.601 -9.990e-29
   40.66538  -72.97856      7.158      7.102    17.8366    31.1004      7.886     1.9220 5.0640e-11  1022.3588    17.8354    22.3276     7.7685    237.468    7.88132  240.91599     98.569 -9.990e-29
   40.66538  -72.97856      7.145      7.090    17.8370    31.1004      7.886     1.9220 5.0640e-11  1022.3587    17.8358    22.3273     7.7746    237.654    7.88127  240.91418     98.647 -9.990e-29
   40.66538  -72.97856      7.155      7.099    17.8377    31.1003      7.886     1.9220 5.0640e-11  1022.3584    17.8365    22.3271     7.7765    237.711    7.88121  240.91241     98.671 -9.990e-29
   40.66538  -72.97856      7.158      7.102    17.8382    31.1003      7.886     1.9220 5.0640e-11  1022.3581    17.8370    22.3268     7.7831    237.914    7.88111  240.90957     98.756 -9.990e-29
   40.66538  -72.97856      7.155      7.099    17.8387    31.1003      7.886     1.9220 5.0640e-11  1022.3578    17.8375    22.3267     7.7851    237.974    7.88104  240.90728     98.782 -9.990e-29
   40.66538  -72.97856      7.166      7.110    17.8385    31.1004      7.886     1.9220 5.0640e-11  1022.3584    17.8373    22.3269     7.7871    238.035    7.88097  240.90531     98.809 -9.990e-29
   40.66538  -72.97856      7.166      7.110    17.8388    31.1004      7.886     1.9220 5.0640e-11  1022.3586    17.8376    22.3270     7.7896    238.113    7.88094  240.90445     98.841 -9.990e-29
   40.66538  -72.97856      7.178      7.123    17.8392    31.1004      7.886     1.9220 5.0640e-11  1022.3584    17.8380    22.3269     7.7918    238.179    7.88092  240.90392     98.869 -9.990e-29
   40.66538  -72.97856      7.175      7.120    17.8392    31.1001      7.886     1.9220 5.0640e-11  1022.3580    17.8380    22.3265     7.7940    238.247    7.88095  240.90492     98.897 -9.990e-29
   40.66538  -72.97856      7.175      7.120    17.8396    31.0998      7.886     1.9488 5.0640e-11  1022.3576    17.8384    22.3262     7.8005    238.445    7.88092  240.90403     98.979 -9.990e-29
   40.66538  -72.97856      7.185      7.130    17.8401    31.0995      7.886     2.0026 5.0640e-11  1022.3574    17.8389    22.3260     7.8028    238.514    7.88096  240.90529     99.008 -9.990e-29
   40.66538  -72.97856      7.199      7.143    17.8400    31.0992      7.886     2.0026 5.0640e-11  1022.3573    17.8388    22.3258     7.8050    238.582    7.88094  240.90457     99.036 -9.990e-29
   40.66538  -72.97856      7.196      7.140    17.8396    31.0992      7.886     2.0026 5.0640e-11  1022.3570    17.8384    22.3256     7.8072    238.652    7.88099  240.90617     99.064 -9.990e-29
   40.66538  -72.97856      7.196      7.140    17.8392    31.0992      7.886     2.0026 5.0640e-11  1022.3570    17.8380    22.3257     7.8095    238.720    7.88102  240.90687     99.092 -9.990e-29
   40.66538  -72.97856      7.215      7.160    17.8385    31.0992      7.886     2.0026 5.0640e-11  1022.3577    17.8373    22.3260     7.8113    238.775    7.88103  240.90722     99.115 -9.990e-29
   40.66538  -72.97856      7.208      7.153    17.8382    31.0996      7.886     2.0026 5.0640e-11  1022.3582    17.8370    22.3263     7.8178    238.973    7.88106  240.90814     99.197 -9.990e-29
   40.66538  -72.97856      7.215      7.160    17.8386    31.0998      7.886     2.0026 5.0640e-11  1022.3579    17.8374    22.3265     7.8148    238.883    7.88113  240.91018     99.159 -9.990e-29
   40.66538  -72.97856      7.226      7.170    17.8382    31.1001      7.886     2.0160 5.0640e-11  1022.3583    17.8370    22.3268     7.8207    239.064    7.88113  240.91036     99.234 -9.990e-29
   40.66542  -72.97854      7.226      7.170    17.8382    31.1006      7.886     2.0026 5.0640e-11  1022.3590    17.8370    22.3271     7.8224    239.116    7.88120  240.91248     99.254 -9.990e-29
   40.66542  -72.97854      7.229      7.173    17.8385    31.1009      7.886     2.0026 5.0640e-11  1022.3592    17.8373    22.3273     7.8240    239.164    7.88122  240.91284     99.274 -9.990e-29
   40.66542  -72.97854      7.247      7.191    17.8389    31.1010      7.886     2.0026 5.0640e-11  1022.3590    17.8377    22.3273     7.8302    239.354    7.88124  240.91377     99.352 -9.990e-29
   40.66542  -72.97854      7.247      7.191    17.8395    31.1010      7.886     2.0160 5.0640e-11  1022.3588    17.8383    22.3272     7.8317    239.400    7.88136  240.91757     99.370 -9.990e-29
   40.66542  -72.97854      7.250      7.194    17.8397    31.1010      7.886     2.0026 5.0640e-11  1022.3591    17.8385    22.3272     7.8332    239.447    7.88156  240.92384     99.387 -9.990e-29
   40.66542  -72.97854      7.257      7.200    17.8397    31.1010      7.886     2.0026 5.0640e-11  1022.3591    17.8385    22.3272     7.8349    239.499    7.88205  240.93890     99.402 -9.990e-29
   40.66542  -72.97854      7.266      7.210    17.8403    31.1009      7.886     2.0026 5.0640e-11  1022.3588    17.8391    22.3271     7.8412    239.690    7.88242  240.95022     99.477 -9.990e-29
   40.66542  -72.97854      7.266      7.210    17.8403    31.1007      7.886     2.0026 5.0640e-11  1022.3587    17.8391    22.3269     7.8423    239.724    7.88256  240.95411     99.489 -9.990e-29
   40.66542  -72.97854      7.269      7.213    17.8403    31.1007      7.886     2.0026 5.0640e-11  1022.3583    17.8391    22.3267     7.8436    239.763    7.88252  240.95273     99.506 -9.990e-29
   40.66542  -72.97854      7.277      7.221    17.8400    31.1007      7.886     2.0026 -9.990e-29  1022.3585    17.8388    22.3266     7.8442    239.782    7.88239  240.94873     99.516 -9.990e-29
   40.66542  -72.97854      7.296      7.240    17.8403    31.1007      7.886     2.0026 -9.990e-29  1022.3586    17.8390    22.3266     7.8447    239.797    7.88226  240.94472     99.524 -9.990e-29
   40.66542  -72.97854      7.287      7.230    17.8413    31.1009      7.886     2.0160 -9.990e-29  1022.3586    17.8401    22.3266     7.8453    239.816    7.88236  240.94778     99.530 -9.990e-29
   40.66542  -72.97854      7.290      7.233    17.8425    31.1013      7.886     2.0026 -9.990e-29  1022.3586    17.8413    22.3268     7.8506    239.976    7.88250  240.95228     99.595 -9.990e-29
   40.66542  -72.97854      7.307      7.251    17.8428    31.1015      7.886     2.0026 -9.990e-29  1022.3591    17.8416    22.3269     7.8514    240.001    7.88266  240.95708     99.603 -9.990e-29
   40.66542  -72.97854      7.307      7.251    17.8431    31.1015      7.886     2.0026 -9.990e-29  1022.3586    17.8419    22.3268     7.8520    240.021    7.88280  240.96137     99.610 -9.990e-29
   40.66542  -72.97854      7.307      7.251    17.8432    31.1015      7.886     1.9891 -9.990e-29  1022.3588    17.8420    22.3266     7.8525    240.036    7.88292  240.96479     99.615 -9.990e-29
   40.66542  -72.97854      7.310      7.254    17.8435    31.1013      7.886     1.9623 -9.990e-29  1022.3583    17.8423    22.3265     7.8528    240.045    7.88297  240.96622     99.618 -9.990e-29
   40.66542  -72.97854      7.328      7.271    17.8435    31.1011      7.886     1.9488 -9.990e-29  1022.3586    17.8423    22.3263     7.8529    240.046    7.88295  240.96550     99.619 -9.990e-29
   40.66542  -72.97854      7.317      7.260    17.8435    31.1009      7.886     1.9488 -9.990e-29  1022.3581    17.8422    22.3262     7.8575    240.187    7.88293  240.96512     99.677 -9.990e-29
   40.66542  -72.97854      7.328      7.271    17.8430    31.1007      7.886     1.9488 -9.990e-29  1022.3583    17.8418    22.3262     7.8578    240.196    7.88297  240.96643     99.680 -9.990e-29
   40.66542  -72.97854      7.331      7.274    17.8427    31.1007      7.891     1.9488 -9.990e-29  1022.3584    17.8415    22.3262     7.8579    240.199    7.88304  240.96857     99.681 -9.990e-29
   40.66542  -72.97854      7.338      7.281    17.8423    31.1007      7.886     1.9488 -9.990e-29  1022.3585    17.8411    22.3262     7.8531    240.054    7.88312  240.97119     99.619 -9.990e-29
   40.66542  -72.97854      7.338      7.281    17.8423    31.1007      7.886     1.9488 -9.990e-29  1022.3584    17.8411    22.3262     7.8573    240.182    7.88331  240.97705     99.670 -9.990e-29
   40.66542  -72.97854      7.347      7.290    17.8422    31.1008      7.886     1.9488 -9.990e-29  1022.3585    17.8410    22.3263     7.8570    240.173    7.88347  240.98164     99.664 -9.990e-29
   40.66538  -72.97856      7.340      7.284    17.8423    31.1008      7.886     1.9488 -9.990e-29  1022.3586    17.8411    22.3264     7.8616    240.314    7.88351  240.98291     99.722 -9.990e-29
   40.66538  -72.97856      7.358      7.301    17.8423    31.1009      7.886     1.9488 -9.990e-29  1022.3589    17.8411    22.3264     7.8571    240.176    7.88356  240.98464     99.664 -9.990e-29
   40.66538  -72.97856      7.358      7.301    17.8425    31.1009      7.886     1.9488 -9.990e-29  1022.3584    17.8413    22.3263     7.8567    240.164    7.88364  240.98702     99.659 -9.990e-29
   40.66538  -72.97856      7.358      7.301    17.8425    31.1009      7.886     1.9488 -9.990e-29  1022.3585    17.8413    22.3264     7.8566    240.161    7.88368  240.98802     99.657 -9.990e-29
   40.66538  -72.97856      7.361      7.304    17.8424    31.1011      7.886     1.9488 -9.990e-29  1022.3590    17.8412    22.3265     7.8564    240.153    7.88370  240.98858     99.653 -9.990e-29
   40.66538  -72.97856      7.368      7.311    17.8427    31.1012      7.886     1.9488 -9.990e-29  1022.3587    17.8415    22.3265     7.8560    240.142    7.88375  240.99018     99.648 -9.990e-29
   40.66538  -72.97856      7.368      7.311    17.8425    31.1012      7.886     1.9488 -9.990e-29  1022.3588    17.8413    22.3265     7.8555    240.127    7.88379  240.99132     99.641 -9.990e-29
   40.66538  -72.97856      7.378      7.320    17.8428    31.1013      7.886     1.9488 -9.990e-29  1022.3589    17.8416    22.3266     7.8591    240.237    7.88379  240.99143     99.687 -9.990e-29
   40.66538  -72.97856      7.368      7.311    17.8432    31.1013      7.886     1.9488 -9.990e-29  1022.3589    17.8420    22.3266     7.8587    240.224    7.88376  240.99024     99.682 -9.990e-29
   40.66538  -72.97856      7.380      7.323    17.8438    31.1013      7.891     1.9488 -9.990e-29  1022.3588    17.8426    22.3264     7.8581    240.206    7.88371  240.98888     99.675 -9.990e-29
   40.66538  -72.97856      7.378      7.320    17.8444    31.1012      7.886     1.9488 -9.990e-29  1022.3584    17.8432    22.3262     7.8579    240.199    7.88370  240.98860     99.672 -9.990e-29
   40.66538  -72.97856      7.389      7.331    17.8449    31.1010      7.886     1.9488 -9.990e-29  1022.3582    17.8437    22.3260     7.8575    240.188    7.88367  240.98747     99.668 -9.990e-29
   40.66538  -72.97856      7.389      7.331    17.8451    31.1009      7.886     1.9488 -9.990e-29  1022.3582    17.8439    22.3258     7.8569    240.170    7.88359  240.98510     99.662 -9.990e-29
   40.66538  -72.97856      7.391      7.334    17.8453    31.1007      7.886     1.9488 -9.990e-29  1022.3580    17.8441    22.3257     7.8562    240.149    7.88348  240.98171     99.654 -9.990e-29
   40.66538  -72.97856      7.389      7.331    17.8452    31.1005      7.886     1.9488 -9.990e-29  1022.3577    17.8440    22.3255     7.8555    240.126    7.88347  240.98159     99.645 -9.990e-29
   40.66538  -72.97856      7.398      7.341    17.8454    31.1004      7.886     1.9488 -9.990e-29  1022.3576    17.8442    22.3254     7.8546    240.098    7.88344  240.98069     99.634 -9.990e-29
   40.66538  -72.97856      7.398      7.341    17.8451    31.1004      7.886     1.9757 -9.990e-29  1022.3578    17.8439    22.3254     7.8541    240.083    7.88348  240.98177     99.627 -9.990e-29
   40.66538  -72.97856      7.401      7.344    17.8453    31.1004      7.886     2.0026 -9.990e-29  1022.3578    17.8441    22.3254     7.8534    240.061    7.88341  240.97958     99.619 -9.990e-29
   40.66538  -72.97856      7.419      7.361    17.8450    31.1004      7.886     2.0026 -9.990e-29  1022.3578    17.8438    22.3254     7.8526    240.038    7.88340  240.97921     99.609 -9.990e-29
   40.66538  -72.97856      7.408      7.350    17.8447    31.1005      7.891     2.0026 -9.990e-29  1022.3580    17.8435    22.3255     7.8516    240.009    7.88332  240.97672     99.598 -9.990e-29
   40.66538  -72.97856      7.408      7.350    17.8446    31.1005      7.886     2.0026 -9.990e-29  1022.3582    17.8434    22.3257     7.8506    239.977    7.88327  240.97525     99.586 -9.990e-29
   40.66538  -72.97856      7.422      7.364    17.8444    31.1005      7.891     2.0026 -9.990e-29  1022.3582    17.8432    22.3257     7.8494    239.940    7.88316  240.97195     99.572 -9.990e-29
   40.66538  -72.97856      7.419      7.361    17.8441    31.1005      7.891     2.0026 -9.990e-29  1022.3581    17.8428    22.3257     7.8484    239.910    7.88291  240.96451     99.562 -9.990e-29
   40.66538  -72.97856      7.428      7.371    17.8440    31.1005      7.891     2.0026 -9.990e-29  1022.3583    17.8428    22.3257     7.8470    239.866    7.88278  240.96039     99.546 -9.990e-29
   40.66538  -72.97856      7.428      7.371    17.8435    31.1005      7.891     2.0026 -9.990e-29  1022.3583    17.8423    22.3258     7.8459    239.832    7.88259  240.95465     99.534 -9.990e-29
   40.66538  -72.97856      7.442      7.385    17.8434    31.1003      7.891     2.0026 -9.990e-29  1022.3586    17.8421    22.3258     7.8399    239.649    7.88237  240.94756     99.461 -9.990e-29
