CalculateIndicators/WaterTemperature/Data/CTD_NYOS/20231003_C08.cnv
* Sea-Bird SBE 9 Data File:
* FileName = C:\Seabird 9 CTD\Data\2023\202309_offshore\20231003_C08.hex
* Software Version Seasave V 7.23.2
* Temperature SN = 4590
* Conductivity SN = 3228
* Number of Bytes Per Scan = 44
* Number of Voltage Words = 5
* Number of Scans Averaged by the Deck Unit = 1
* NMEA Latitude = 39 06.83 N
* NMEA Longitude = 072 25.28 W
* NMEA UTC (Time) = Oct 03 2023  23:05:03
* NMEA baud rate = 4800
** Ship: seawolf
** Station: 8.7
** Operator: TCM
# nquan = 18
# nvalues = 19590                       
# units = specified
# name 0 = latitude: Latitude [deg]
# name 1 = longitude: Longitude [deg]
# name 2 = prDM: Pressure, Digiquartz [db]
# name 3 = depSM: Depth [salt water, m]
# name 4 = t090C: Temperature [ITS-90, deg C]
# name 5 = sal00: Salinity, Practical [PSU]
# name 6 = ph: pH
# name 7 = flECO-AFL: Fluorescence, WET Labs ECO-AFL/FL [mg/m^3]
# name 8 = cpar: CPAR/Corrected Irradiance [%]
# name 9 = density00: Density [density, kg/m^3]
# name 10 = potemp090C: Potential Temperature [ITS-90, deg C]
# name 11 = sigma-é00: Density [sigma-theta, kg/m^3]
# name 12 = sbeox0Mg/L: Oxygen, SBE 43 [mg/l]
# name 13 = sbox0Mm/Kg: Oxygen, SBE 43 [umol/kg]
# name 14 = oxsolMg/L: Oxygen Saturation, Garcia & Gordon [mg/l]
# name 15 = oxsolMm/Kg: Oxygen Saturation, Garcia & Gordon [umol/kg]
# name 16 = sbeox0PS: Oxygen, SBE 43 [% saturation]
# name 17 = flag:  0.000e+00
# span 0 =   39.11372,   39.11396       
# span 1 =  -72.42284,  -72.42132       
# span 2 =      1.423,    103.184       
# span 3 =      1.412,    102.376       
# span 4 =    14.2904,    23.8625       
# span 5 =    34.0934,    35.8689       
# span 6 =      7.848,      8.077       
# span 7 =    -0.0927,     0.6863       
# span 8 = 5.0640e-11, 9.9999e+04       
# span 9 =  1023.7511,  1027.1665       
# span 10 =    14.2813,    23.8621      
# span 11 =    23.7317,    26.7120      
# span 12 =     4.9295,     6.7602      
# span 13 =    150.056,    206.044      
# span 14 =    6.90119,    8.26280      
# span 15 =  210.66304,  251.68516      
# span 16 =     60.966,     94.937      
# span 17 = 0.0000e+00, 0.0000e+00      
# interval = seconds: 0.0416667
# start_time = Oct 03 2023 23:05:05 [System UTC, first data scan.]
# bad_flag = -9.990e-29
*END*
[from data line 3619]
   39.11394  -72.42166     59.016     58.560    14.5454    34.6873      7.929     0.3237 5.0640e-11  1026.0915    14.5368    25.8315     6.3772    194.287    8.22866  250.69246     77.500 -9.990e-29
   39.11394  -72.42166     59.026     58.570    14.5617    34.6873      7.929     0.3237 5.0640e-11  1026.0896    14.5530    25.8277     6.3751    194.224    8.23064  250.75345     77.456 -9.990e-29
   39.11394  -72.42166     59.007     58.551    14.5804    34.6841      7.929     0.3237 5.0640e-11  1026.0845    14.5717    25.8213     6.3778    194.306    8.23289  250.82224     77.468 -9.990e-29
   39.11394  -72.42166     59.007     58.551    14.6013    34.6756      7.929     0.3237 5.0640e-11  1026.0726    14.5926    25.8105     6.3851    194.528    8.23515  250.88966     77.535 -9.990e-29
   39.11394  -72.42166     58.986     58.530    14.6220    34.6631      7.929     0.3237 5.0640e-11  1026.0565    14.6133    25.7966     6.3778    194.302    8.23724  250.95019     77.426 -9.990e-29
   39.11394  -72.42166     58.986     58.530    14.6388    34.6490      7.929     0.3237 5.0640e-11  1026.0424    14.6301    25.7822     6.3844    194.501    8.23905  251.00260     77.490 -9.990e-29
   39.11394  -72.42166     58.986     58.530    14.6520    34.6339      7.929     0.3237 9.9999e+04  1026.0280    14.6433    25.7677     6.3863    194.557    8.24050  251.04472     77.499 -9.990e-29
   39.11394  -72.42166     58.975     58.519    14.6610    34.6187      7.929     0.3237 5.0640e-11  1026.0122    14.6523    25.7541     6.3882    194.613    8.24181  251.08285     77.509 -9.990e-29
   39.11394  -72.42166     58.954     58.499    14.6649    34.6066      7.929     0.3237 5.0640e-11  1026.0012    14.6562    25.7437     6.3899    194.663    8.24276  251.11011     77.521 -9.990e-29
   39.11394  -72.42166     58.965     58.510    14.6667    34.5995      7.929     0.3237 5.0640e-11  1025.9959    14.6580    25.7377     6.3859    194.541    8.24358  251.13334     77.465 -9.990e-29
   39.11394  -72.42166     58.955     58.500    14.6671    34.5975      7.929     0.3237 5.0640e-11  1025.9944    14.6584    25.7351     6.3914    194.709    8.24420  251.15154     77.527 -9.990e-29
   39.11394  -72.42166     58.955     58.500    14.6667    34.5975      7.929     0.3237 5.0640e-11  1025.9937    14.6580    25.7349     6.3875    194.588    8.24482  251.16998     77.473 -9.990e-29
   39.11394  -72.42166     58.944     58.489    14.6645    34.5975      7.929     0.3237 5.0640e-11  1025.9960    14.6558    25.7365     6.3880    194.604    8.24534  251.18514     77.474 -9.990e-29
   39.11394  -72.42166     58.935     58.479    14.6623    34.6006      7.929     0.3237 5.0640e-11  1025.9993    14.6536    25.7393     6.3835    194.466    8.24575  251.19694     77.416 -9.990e-29
   39.11394  -72.42166     58.933     58.478    14.6608    34.6041      7.929     0.3237 5.0640e-11  1026.0023    14.6521    25.7423     6.3880    194.602    8.24602  251.20463     77.468 -9.990e-29
   39.11394  -72.42166     58.935     58.479    14.6596    34.6075      7.929     0.3103 5.0640e-11  1026.0053    14.6509    25.7452     6.3880    194.603    8.24627  251.21166     77.466 -9.990e-29
   39.11394  -72.42166     58.924     58.469    14.6584    34.6105      7.929     0.3237 9.9999e+04  1026.0081    14.6496    25.7477     6.3881    194.603    8.24642  251.21615     77.465 -9.990e-29
   39.11394  -72.42166     58.935     58.479    14.6574    34.6128      7.929     0.3103 5.0640e-11  1026.0099    14.6487    25.7498     6.3882    194.609    8.24670  251.22442     77.464 -9.990e-29
   39.11394  -72.42166     58.924     58.469    14.6559    34.6146      7.929     0.2968 5.0640e-11  1026.0115    14.6472    25.7515     6.3835    194.464    8.24703  251.23506     77.403 -9.990e-29
   39.11394  -72.42166     58.914     58.459    14.6543    34.6162      7.929     0.2968 9.9999e+04  1026.0131    14.6456    25.7529     6.3834    194.462    8.24746  251.24830     77.398 -9.990e-29
   39.11394  -72.42166     58.924     58.469    14.6544    34.6176      7.929     0.2968 5.0640e-11  1026.0141    14.6457    25.7540     6.3833    194.460    8.24782  251.25902     77.394 -9.990e-29
   39.11394  -72.42166     58.924     58.469    14.6556    34.6190      7.929     0.3103 5.0640e-11  1026.0149    14.6468    25.7549     6.3833    194.460    8.24809  251.26687     77.392 -9.990e-29
   39.11394  -72.42166     58.924     58.469    14.6567    34.6205      7.929     0.3103 5.0640e-11  1026.0155    14.6479    25.7559     6.3778    194.290    8.24836  251.27467     77.322 -9.990e-29
   39.11394  -72.42166     58.935     58.479    14.6574    34.6228      7.929     0.3103 5.0640e-11  1026.0169    14.6487    25.7575     6.3768    194.259    8.24861  251.28261     77.307 -9.990e-29
   39.11392  -72.42170     58.924     58.469    14.6583    34.6262      7.933     0.2968 5.0640e-11  1026.0198    14.6496    25.7600     6.3765    194.251    8.24890  251.29130     77.301 -9.990e-29
   39.11392  -72.42170     58.944     58.489    14.6590    34.6292      7.929     0.2968 5.0640e-11  1026.0233    14.6503    25.7623     6.3706    194.073    8.24914  251.29855     77.228 -9.990e-29
   39.11392  -72.42170     58.944     58.489    14.6600    34.6292      7.929     0.2968 5.0640e-11  1026.0245    14.6512    25.7631     6.3694    194.036    8.24940  251.30620     77.211 -9.990e-29
   39.11392  -72.42170     58.955     58.500    14.6603    34.6292      7.933     0.2968 9.9999e+04  1026.0221    14.6516    25.7619     6.3683    194.000    8.24957  251.31112     77.195 -9.990e-29
   39.11392  -72.42170     58.955     58.500    14.6607    34.6286      7.929     0.2968 9.9999e+04  1026.0192    14.6520    25.7606     6.3672    193.967    8.24972  251.31539     77.181 -9.990e-29
   39.11392  -72.42170     58.975     58.519    14.6610    34.6286      7.929     0.2968 9.9999e+04  1026.0207    14.6523    25.7604     6.3612    193.783    8.24985  251.31920     77.106 -9.990e-29
   39.11392  -72.42170     58.986     58.530    14.6618    34.6286      7.933     0.3103 5.0640e-11  1026.0205    14.6531    25.7610     6.3648    193.894    8.24993  251.32136     77.150 -9.990e-29
   39.11392  -72.42170     58.984     58.529    14.6628    34.6286      7.933     0.3103 9.9999e+04  1026.0224    14.6541    25.7619     6.3640    193.870    8.24999  251.32310     77.140 -9.990e-29
   39.11392  -72.42170     59.026     58.570    14.6655    34.6286      7.929     0.3103 5.0640e-11  1026.0251    14.6568    25.7610     6.3634    193.852    8.25011  251.32655     77.131 -9.990e-29
   39.11392  -72.42170     59.037     58.581    14.6703    34.6208      7.933     0.3103 9.9999e+04  1026.0197    14.6616    25.7533     6.3628    193.833    8.25007  251.32534     77.124 -9.990e-29
   39.11392  -72.42170     59.047     58.591    14.6749    34.6003      7.929     0.3103 5.0640e-11  1025.9997    14.6661    25.7369     6.3573    193.664    8.25009  251.32554     77.057 -9.990e-29
   39.11392  -72.42170     59.067     58.611    14.6742    34.5756      7.929     0.3103 5.0640e-11  1025.9726    14.6655    25.7183     6.3564    193.637    8.25011  251.32611     77.046 0.0000e+00
   39.11392  -72.42170     59.088     58.632    14.6645    34.5588      7.929     0.3103 5.0640e-11  1025.9623    14.6558    25.7071     6.3506    193.462    8.25018  251.32863     76.976 0.0000e+00
   39.11392  -72.42170     59.109     58.652    14.6500    34.5588      7.929     0.3103 5.0640e-11  1025.9633    14.6412    25.7057     6.3496    193.430    8.25029  251.33220     76.962 0.0000e+00
   39.11392  -72.42170     59.128     58.671    14.6349    34.5588      7.933     0.2968 9.9999e+04  1025.9685    14.6261    25.7121     6.3487    193.404    8.25047  251.33784     76.950 0.0000e+00
   39.11392  -72.42170     59.160     58.703    14.6188    34.5704      7.929     0.2968 5.0640e-11  1025.9841    14.6101    25.7251     6.3481    193.385    8.25072  251.34561     76.940 0.0000e+00
   39.11392  -72.42170     59.179     58.722    14.6060    34.5886      7.929     0.2968 5.0640e-11  1026.0038    14.5972    25.7417     6.3477    193.372    8.25100  251.35418     76.932 0.0000e+00
   39.11392  -72.42170     59.200     58.743    14.5976    34.6057      7.929     0.3103 5.0640e-11  1026.0213    14.5889    25.7568     6.3423    193.209    8.25125  251.36191     76.865 0.0000e+00
   39.11392  -72.42170     59.230     58.773    14.5933    34.6057      7.929     0.3103 5.0640e-11  1026.0339    14.5845    25.7642     6.3417    193.189    8.25154  251.37005     76.854 0.0000e+00
   39.11392  -72.42170     59.272     58.814    14.5927    34.6057      7.929     0.2968 5.0640e-11  1026.0253    14.5839    25.7602     6.3411    193.172    8.25173  251.37547     76.846 0.0000e+00
   39.11392  -72.42170     59.293     58.835    14.5922    34.5960      7.929     0.2968 9.9999e+04  1026.0078    14.5834    25.7516     6.3407    193.159    8.25185  251.37886     76.840 0.0000e+00
   39.11392  -72.42170     59.312     58.854    14.5836    34.5927      7.929     0.3103 5.0640e-11  1026.0058    14.5749    25.7486     6.3354    192.998    8.25196  251.38163     76.775 0.0000e+00
   39.11392  -72.42170     59.374     58.916    14.5719    34.5916      7.929     0.2968 5.0640e-11  1026.0155    14.5632    25.7518     6.3348    192.979    8.25201  251.38293     76.767 0.0000e+00
   39.11392  -72.42170     59.395     58.936    14.5624    34.5902      7.929     0.3103 9.9999e+04  1026.0185    14.5537    25.7547     6.3287    192.794    8.25204  251.38396     76.693 0.0000e+00
   39.11396  -72.42166     59.416     58.957    14.5533    34.5902      7.929     0.3103 9.9999e+04  1026.0177    14.5446    25.7548     6.3324    192.907    8.25209  251.38501     76.737 0.0000e+00
   39.11396  -72.42166     59.467     59.007    14.5431    34.5874      7.929     0.2968 5.0640e-11  1026.0157    14.5343    25.7541     6.3273    192.750    8.25209  251.38467     76.675 0.0000e+00
   39.11396  -72.42166     59.497     59.038    14.5308    34.5874      7.929     0.2968 5.0640e-11  1026.0149    14.5221    25.7552     6.3212    192.565    8.25201  251.38235     76.602 0.0000e+00
   39.11396  -72.42166     59.528     59.068    14.5161    34.5874      7.929     0.2968 5.0640e-11  1026.0210    14.5073    25.7608     6.3199    192.524    8.25194  251.37988     76.587 0.0000e+00
   39.11396  -72.42166     59.569     59.109    14.5001    34.5956      7.929     0.2968 5.0640e-11  1026.0330    14.4913    25.7702     6.3193    192.506    8.25183  251.37621     76.581 0.0000e+00
   39.11396  -72.42166     59.609     59.149    14.4859    34.6052      7.925     0.2968 9.9999e+04  1026.0445    14.4771    25.7805     6.3179    192.464    8.25183  251.37601     76.564 0.0000e+00
   39.11396  -72.42166     59.640     59.179    14.4743    34.6138      7.925     0.3103 5.0640e-11  1026.0539    14.4656    25.7898     6.3173    192.445    8.25181  251.37537     76.557 0.0000e+00
   39.11396  -72.42166     59.670     59.209    14.4643    34.6212      7.925     0.3103 9.9999e+04  1026.0614    14.4556    25.7976     6.3170    192.435    8.25187  251.37740     76.552 0.0000e+00
   39.11396  -72.42166     59.732     59.271    14.4565    34.6278      7.925     0.2968 5.0640e-11  1026.0685    14.4478    25.8044     6.3119    192.279    8.25199  251.38103     76.489 0.0000e+00
   39.11396  -72.42166     59.753     59.291    14.4496    34.6332      7.925     0.3103 5.0640e-11  1026.0751    14.4409    25.8100     6.3116    192.270    8.25214  251.38573     76.484 0.0000e+00
   39.11396  -72.42166     59.814     59.352    14.4450    34.6368      7.925     0.3103 9.9999e+04  1026.0784    14.4363    25.8139     6.3059    192.098    8.25237  251.39262     76.413 0.0000e+00
   39.11396  -72.42166     59.844     59.382    14.4406    34.6392      7.925     0.2968 5.0640e-11  1026.0810    14.4319    25.8167     6.3107    192.244    8.25269  251.40210     76.469 0.0000e+00
   39.11396  -72.42166     59.886     59.423    14.4369    34.6415      7.925     0.3103 9.9999e+04  1026.0835    14.4281    25.8193     6.3056    192.087    8.25290  251.40807     76.404 0.0000e+00
   39.11396  -72.42166     59.916     59.453    14.4335    34.6439      7.925     0.3103 9.9999e+04  1026.0867    14.4247    25.8219     6.3052    192.075    8.25308  251.41339     76.398 0.0000e+00
   39.11396  -72.42166     59.957     59.494    14.4312    34.6461      7.925     0.3103 5.0640e-11  1026.0890    14.4224    25.8241     6.3044    192.051    8.25325  251.41830     76.387 0.0000e+00
   39.11396  -72.42166     59.999     59.535    14.4293    34.6476      7.925     0.3103 9.9999e+04  1026.0908    14.4205    25.8257     6.3045    192.053    8.25339  251.42252     76.386 0.0000e+00
   39.11396  -72.42166     60.050     59.586    14.4279    34.6476      7.925     0.3103 9.9999e+04  1026.0923    14.4191    25.8267     6.3048    192.062    8.25357  251.42755     76.389 0.0000e+00
   39.11396  -72.42166     60.090     59.626    14.4262    34.6476      7.925     0.3103 5.0640e-11  1026.0929    14.4174    25.8267     6.3003    191.925    8.25374  251.43276     76.333 0.0000e+00
   39.11396  -72.42166     60.121     59.656    14.4252    34.6465      7.925     0.2565 5.0640e-11  1026.0908    14.4164    25.8258     6.3057    192.089    8.25394  251.43856     76.396 0.0000e+00
   39.11396  -72.42166     60.162     59.697    14.4232    34.6465      7.925     0.2028 5.0640e-11  1026.0900    14.4144    25.8252     6.2961    191.796    8.25411  251.44335     76.278 0.0000e+00
   39.11396  -72.42166     60.203     59.738    14.4208    34.6465      7.925     0.1894 9.9999e+04  1026.0912    14.4120    25.8258     6.3008    191.939    8.25423  251.44670     76.334 0.0000e+00
   39.11396  -72.42166     60.264     59.799    14.4186    34.6465      7.925     0.1894 5.0640e-11  1026.0934    14.4098    25.8271     6.3013    191.954    8.25436  251.45045     76.339 0.0000e+00
   39.11396  -72.42166     60.295     59.829    14.4166    34.6468      7.925     0.2028 5.0640e-11  1026.0950    14.4078    25.8281     6.2969    191.821    8.25449  251.45411     76.285 0.0000e+00
   39.11396  -72.42166     60.325     59.859    14.4154    34.6471      7.925     0.1894 5.0640e-11  1026.0945    14.4066    25.8283     6.2968    191.818    8.25465  251.45881     76.282 0.0000e+00
   39.11392  -72.42170     60.376     59.910    14.4139    34.6472      7.920     0.1894 5.0640e-11  1026.0946    14.4050    25.8284     6.2970    191.822    8.25483  251.46428     76.282 0.0000e+00
   39.11392  -72.42170     60.408     59.941    14.4122    34.6472      7.925     0.2028 9.9999e+04  1026.0956    14.4034    25.8290     6.3024    191.988    8.25497  251.46820     76.347 0.0000e+00
   39.11392  -72.42170     60.448     59.981    14.4103    34.6480      7.925     0.2028 9.9999e+04  1026.0969    14.4015    25.8300     6.2979    191.851    8.25510  251.47201     76.291 0.0000e+00
   39.11392  -72.42170     60.478     60.011    14.4090    34.6490      7.920     0.2028 9.9999e+04  1026.0982    14.4001    25.8311     6.2981    191.858    8.25519  251.47451     76.293 0.0000e+00
   39.11392  -72.42170     60.530     60.062    14.4077    34.6499      7.920     0.1894 5.0640e-11  1026.0995    14.3989    25.8320     6.2986    191.871    8.25527  251.47679     76.298 0.0000e+00
   39.11392  -72.42170     60.550     60.082    14.4067    34.6508      7.920     0.2028 5.0640e-11  1026.1003    14.3979    25.8329     6.2942    191.737    8.25534  251.47877     76.244 0.0000e+00
   39.11392  -72.42170     60.602     60.133    14.4059    34.6517      7.920     0.2028 5.0640e-11  1026.1015    14.3971    25.8338     6.2940    191.730    8.25539  251.48036     76.241 0.0000e+00
