CalculateIndicators/WaterTemperature/Data/CTD_NYOS/20230515_C03.cnv
* Sea-Bird SBE 9 Data File:
* FileName = C:\Seabird 9 CTD\Data\2023\202305_offshore\20230515_C03.hex
* Software Version Seasave V 7.23.2
* Temperature SN = 4590
* Conductivity SN = 3228
* Number of Bytes Per Scan = 44
* Number of Voltage Words = 5
* Number of Scans Averaged by the Deck Unit = 1
* NMEA Latitude = 40 17.89 N
* NMEA Longitude = 073 13.30 W
* NMEA UTC (Time) = May 15 2023  12:19:49
* NMEA baud rate = 4800
** Ship: Seawolf
** Station: 8.2
** Operator: TCM
# nquan = 18
# nvalues = 10901                       
# units = specified
# name 0 = latitude: Latitude [deg]
# name 1 = longitude: Longitude [deg]
# name 2 = prDM: Pressure, Digiquartz [db]
# name 3 = depSM: Depth [salt water, m]
# name 4 = t090C: Temperature [ITS-90, deg C]
# name 5 = sal00: Salinity, Practical [PSU]
# name 6 = ph: pH
# name 7 = flECO-AFL: Fluorescence, WET Labs ECO-AFL/FL [mg/m^3]
# name 8 = cpar: CPAR/Corrected Irradiance [%]
# name 9 = density00: Density [density, kg/m^3]
# name 10 = potemp090C: Potential Temperature [ITS-90, deg C]
# name 11 = sigma-é00: Density [sigma-theta, kg/m^3]
# name 12 = sbeox0Mg/L: Oxygen, SBE 43 [mg/l]
# name 13 = sbox0Mm/Kg: Oxygen, SBE 43 [umol/kg]
# name 14 = oxsolMg/L: Oxygen Saturation, Garcia & Gordon [mg/l]
# name 15 = oxsolMm/Kg: Oxygen Saturation, Garcia & Gordon [umol/kg]
# name 16 = sbeox0PS: Oxygen, SBE 43 [% saturation]
# name 17 = flag:  0.000e+00
# span 0 =   40.29692,   40.29818       
# span 1 =  -73.22186,  -73.22166       
# span 2 =      2.105,     32.728       
# span 3 =      2.089,     32.474       
# span 4 =     7.0899,    13.8549       
# span 5 =    30.8702,    32.5234       
# span 6 =      7.791,      8.039       
# span 7 =     0.1088,     1.9220       
# span 8 = 8.0626e-02, 3.5556e+01       
# span 9 =  1023.0399,  1025.5784       
# span 10 =     7.0870,    13.8545      
# span 11 =    23.0293,    25.4295      
# span 12 =     8.0131,     9.5978      
# span 13 =    244.279,    292.696      
# span 14 =    8.54018,    9.78861      
# span 15 =  260.87641,  298.31321      
# span 16 =     82.643,    106.187      
# span 17 = 0.0000e+00, 0.0000e+00      
# interval = seconds: 0.0416667
# start_time = May 15 2023 12:19:51 [System UTC, first data scan.]
# bad_flag = -9.990e-29
*END*
[from data line 7076]
   40.29746  -73.22184     10.009      9.931    13.6907    30.8902      8.012     0.6460 3.3100e+00  1023.1209    13.6893    23.0759     9.0161    275.404    8.56207  261.53528    105.303 -9.990e-29
   40.29746  -73.22184      9.998      9.920    13.6902    30.8893      8.012     0.6460 3.3193e+00  1023.1199    13.6888    23.0753     9.0161    275.404    8.56212  261.53714    105.302 -9.990e-29
   40.29746  -73.22184      9.988      9.911    13.6899    30.8884      8.012     0.6460 3.3193e+00  1023.1186    13.6885    23.0747     9.0162    275.408    8.56229  261.54230    105.301 -9.990e-29
   40.29746  -73.22184      9.988      9.911    13.6888    30.8879      8.012     0.6460 3.3193e+00  1023.1192    13.6875    23.0745     9.0165    275.416    8.56255  261.54999    105.302 -9.990e-29
   40.29746  -73.22184      9.967      9.890    13.6877    30.8875      8.012     0.6460 3.3322e+00  1023.1189    13.6863    23.0744     9.0169    275.428    8.56282  261.55829    105.303 -9.990e-29
   40.29746  -73.22184      9.967      9.890    13.6867    30.8870      8.012     0.6460 3.3640e+00  1023.1186    13.6853    23.0742     9.0166    275.418    8.56303  261.56439    105.296 -9.990e-29
   40.29746  -73.22184      9.967      9.890    13.6858    30.8869      8.012     0.6460 3.3735e+00  1023.1183    13.6844    23.0743     9.0222    275.590    8.56326  261.57133    105.359 -9.990e-29
   40.29746  -73.22184      9.947      9.870    13.6833    30.8868      8.012     0.6460 3.3735e+00  1023.1191    13.6819    23.0748     9.0178    275.455    8.56335  261.57381    105.307 -9.990e-29
   40.29746  -73.22184      9.962      9.885    13.6809    30.8867      8.012     0.6460 3.3985e+00  1023.1200    13.6796    23.0752     9.0173    275.440    8.56329  261.57174    105.302 -9.990e-29
   40.29746  -73.22184      9.937      9.860    13.6789    30.8864      8.012     0.6460 3.4177e+00  1023.1198    13.6775    23.0752     9.0174    275.443    8.56318  261.56834    105.305 -9.990e-29
   40.29746  -73.22184      9.937      9.860    13.6779    30.8857      8.012     0.6460 3.4177e+00  1023.1189    13.6765    23.0749     9.0176    275.449    8.56308  261.56548    105.308 -9.990e-29
   40.29746  -73.22184      9.937      9.860    13.6767    30.8857      8.012     0.6460 3.4503e+00  1023.1190    13.6753    23.0750     9.0179    275.460    8.56314  261.56739    105.311 -9.990e-29
   40.29746  -73.22184      9.927      9.851    13.6747    30.8857      8.012     0.6460 3.4601e+00  1023.1199    13.6733    23.0756     9.0185    275.477    8.56331  261.57249    105.316 -9.990e-29
   40.29746  -73.22184      9.927      9.851    13.6728    30.8860      8.012     0.6460 3.4735e+00  1023.1205    13.6715    23.0762     9.0185    275.476    8.56347  261.57754    105.313 -9.990e-29
   40.29746  -73.22184      9.916      9.840    13.6715    30.8862      8.012     0.6595 3.4992e+00  1023.1207    13.6701    23.0767     9.0183    275.471    8.56348  261.57724    105.312 -9.990e-29
   40.29746  -73.22184      9.927      9.851    13.6700    30.8868      8.012     0.6595 3.5091e+00  1023.1215    13.6686    23.0774     9.0239    275.640    8.56332  261.57231    105.378 -9.990e-29
   40.29746  -73.22184      9.916      9.840    13.6683    30.8876      8.012     0.6595 3.5091e+00  1023.1227    13.6669    23.0784     9.0196    275.509    8.56322  261.56933    105.329 -9.990e-29
   40.29746  -73.22184      9.916      9.840    13.6671    30.8882      8.012     0.6595 3.5030e+00  1023.1236    13.6657    23.0791     9.0200    275.521    8.56311  261.56587    105.335 -9.990e-29
   40.29746  -73.22184      9.916      9.840    13.6664    30.8887      8.012     0.6595 3.4931e+00  1023.1234    13.6651    23.0796     9.0257    275.696    8.56302  261.56345    105.403 -9.990e-29
   40.29746  -73.22184      9.927      9.851    13.6651    30.8897      8.012     0.6595 3.4931e+00  1023.1243    13.6637    23.0805     9.0268    275.729    8.56296  261.56145    105.417 -9.990e-29
   40.29746  -73.22184      9.916      9.840    13.6639    30.8918      8.012     0.6595 3.4698e+00  1023.1261    13.6625    23.0823     9.0221    275.587    8.56290  261.55976    105.363 -9.990e-29
   40.29746  -73.22184      9.927      9.851    13.6642    30.8950      8.012     0.6595 3.4503e+00  1023.1289    13.6629    23.0847     9.0221    275.586    8.56284  261.55804    105.363 -9.990e-29
   40.29746  -73.22184      9.916      9.840    13.6661    30.8984      8.012     0.6595 3.4406e+00  1023.1322    13.6647    23.0869     9.0280    275.767    8.56286  261.55858    105.432 -9.990e-29
   40.29746  -73.22184      9.927      9.851    13.6700    30.9018      8.012     0.6595 3.4310e+00  1023.1317    13.6686    23.0888     9.0286    275.786    8.56284  261.55813    105.440 -9.990e-29
   40.29746  -73.22184      9.927      9.851    13.6738    30.9068      8.012     0.6595 3.4117e+00  1023.1357    13.6725    23.0918     9.0241    275.648    8.56287  261.55901    105.387 -9.990e-29
   40.29746  -73.22184      9.937      9.860    13.6797    30.9094      8.012     0.6595 3.4117e+00  1023.1416    13.6784    23.0943     9.0294    275.811    8.56284  261.55839    105.449 -9.990e-29
   40.29746  -73.22184      9.937      9.860    13.6899    30.9094      8.012     0.6595 3.4117e+00  1023.1393    13.6885    23.0933     9.0308    275.853    8.56290  261.56031    105.464 -9.990e-29
   40.29746  -73.22184      9.937      9.860    13.6995    30.9094      8.012     0.6595 3.3926e+00  1023.1335    13.6981    23.0891     9.0315    275.875    8.56291  261.56053    105.473 -9.990e-29
   40.29746  -73.22184      9.937      9.860    13.7069    30.9051      8.012     0.6460 3.3926e+00  1023.1283    13.7055    23.0843     9.0323    275.897    8.56293  261.56085    105.481 -9.990e-29
   40.29746  -73.22184      9.958      9.881    13.7128    30.9011      8.012     0.6595 3.3890e+00  1023.1240    13.7115    23.0800     9.0330    275.921    8.56296  261.56168    105.490 -9.990e-29
   40.29746  -73.22184      9.947      9.870    13.7174    30.8976      8.012     0.6595 3.3985e+00  1023.1204    13.7160    23.0764     9.0338    275.945    8.56305  261.56458    105.498 -9.990e-29
   40.29746  -73.22184      9.967      9.890    13.7203    30.8947      8.012     0.6595 3.3949e+00  1023.1175    13.7189    23.0735     9.0347    275.972    8.56319  261.56896    105.507 -9.990e-29
   40.29746  -73.22184      9.962      9.885    13.7219    30.8927      8.012     0.6595 3.3949e+00  1023.1154    13.7206    23.0716     9.0356    276.000    8.56335  261.57374    105.515 -9.990e-29
   40.29746  -73.22184      9.978      9.901    13.7226    30.8919      8.012     0.6595 3.4177e+00  1023.1149    13.7213    23.0708     9.0364    276.025    8.56343  261.57605    105.524 -9.990e-29
   40.29746  -73.22184      9.978      9.901    13.7234    30.8918      8.012     0.6595 3.4177e+00  1023.1150    13.7221    23.0705     9.0373    276.051    8.56355  261.57979    105.532 -9.990e-29
   40.29746  -73.22184      9.988      9.911    13.7245    30.8916      8.011     0.6595 3.4310e+00  1023.1151    13.7231    23.0702     9.0433    276.234    8.56359  261.58088    105.602 -9.990e-29
   40.29746  -73.22184      9.997      9.920    13.7256    30.8908      8.011     0.6595 3.4467e+00  1023.1142    13.7243    23.0694     9.0446    276.274    8.56363  261.58219    105.617 -9.990e-29
   40.29746  -73.22184      9.997      9.920    13.7265    30.8896      8.011     0.6595 3.4564e+00  1023.1125    13.7251    23.0684     9.0401    276.136    8.56366  261.58307    105.563 -9.990e-29
   40.29746  -73.22184     10.008      9.931    13.7263    30.8890      8.011     0.6729 3.4528e+00  1023.1120    13.7249    23.0678     9.0408    276.158    8.56372  261.58514    105.571 -9.990e-29
   40.29746  -73.22184     10.018      9.941    13.7256    30.8890      8.011     0.6863 3.4625e+00  1023.1124    13.7243    23.0678     9.0409    276.160    8.56376  261.58640    105.571 -9.990e-29
   40.29746  -73.22184     10.028      9.950    13.7253    30.8890      8.011     0.6863 3.4759e+00  1023.1126    13.7239    23.0680     9.0410    276.163    8.56381  261.58793    105.572 -9.990e-29
   40.29746  -73.22184     10.028      9.950    13.7250    30.8895      8.011     0.6863 3.4759e+00  1023.1131    13.7236    23.0685     9.0464    276.328    8.56396  261.59254    105.633 -9.990e-29
   40.29746  -73.22184     10.039      9.961    13.7245    30.8901      8.011     0.6863 3.4894e+00  1023.1141    13.7231    23.0689     9.0471    276.351    8.56415  261.59847    105.639 -9.990e-29
   40.29746  -73.22184     10.048      9.971    13.7252    30.8903      8.011     0.6863 3.4992e+00  1023.1137    13.7238    23.0691     9.0478    276.372    8.56434  261.60403    105.645 -9.990e-29
   40.29746  -73.22184     10.048      9.971    13.7250    30.8904      8.011     0.6863 3.4992e+00  1023.1141    13.7236    23.0692     9.0483    276.386    8.56440  261.60547    105.650 -9.990e-29
   40.29746  -73.22184     10.058      9.980    13.7252    30.8904      8.011     0.6863 3.4992e+00  1023.1144    13.7238    23.0693     9.0488    276.402    8.56450  261.60866    105.655 -9.990e-29
   40.29746  -73.22184     10.069      9.991    13.7252    30.8904      8.011     0.6863 3.4992e+00  1023.1141    13.7238    23.0691     9.0493    276.417    8.56464  261.61288    105.659 -9.990e-29
   40.29746  -73.22184     10.058      9.980    13.7255    30.8899      8.011     0.6863 3.4992e+00  1023.1137    13.7241    23.0687     9.0497    276.430    8.56477  261.61642    105.662 -9.990e-29
   40.29746  -73.22184     10.069      9.991    13.7252    30.8892      8.011     0.6863 3.4992e+00  1023.1131    13.7238    23.0682     9.0499    276.436    8.56473  261.61474    105.665 -9.990e-29
   40.29746  -73.22184     10.079     10.001    13.7252    30.8884      8.011     0.6863 3.4796e+00  1023.1123    13.7238    23.0677     9.0499    276.435    8.56451  261.60727    105.668 -9.990e-29
   40.29746  -73.22184     10.079     10.001    13.7243    30.8880      8.012     0.6863 3.4661e+00  1023.1123    13.7229    23.0675     9.0547    276.580    8.56400  261.59124    105.730 -9.990e-29
   40.29746  -73.22184     10.079     10.001    13.7229    30.8880      8.012     0.6863 3.4698e+00  1023.1124    13.7215    23.0675     9.0496    276.425    8.56350  261.57642    105.677 -9.990e-29
   40.29746  -73.22184     10.099     10.021    13.7214    30.8880      8.012     0.6863 3.4601e+00  1023.1126    13.7200    23.0679     9.0491    276.411    8.56306  261.56338    105.676 -9.990e-29
   40.29746  -73.22184     10.079     10.001    13.7199    30.8885      8.012     0.6863 3.4637e+00  1023.1136    13.7185    23.0687     9.0487    276.398    8.56271  261.55288    105.676 -9.990e-29
   40.29746  -73.22184     10.099     10.021    13.7184    30.8893      8.012     0.6863 3.4637e+00  1023.1146    13.7170    23.0696     9.0483    276.386    8.56238  261.54327    105.675 -9.990e-29
   40.29746  -73.22184     10.090     10.012    13.7175    30.8904      8.012     0.6863 3.4637e+00  1023.1155    13.7162    23.0706     9.0485    276.392    8.56213  261.53573    105.680 -9.990e-29
   40.29746  -73.22184     10.090     10.012    13.7174    30.8913      8.012     0.6863 3.4674e+00  1023.1168    13.7160    23.0713     9.0482    276.384    8.56200  261.53230    105.679 -9.990e-29
   40.29746  -73.22184     10.090     10.012    13.7179    30.8913      8.012     0.6863 3.4711e+00  1023.1170    13.7165    23.0716     9.0481    276.382    8.56213  261.53667    105.676 -9.990e-29
   40.29746  -73.22184     10.099     10.021    13.7188    30.8913      8.012     0.6863 3.4907e+00  1023.1161    13.7174    23.0711     9.0481    276.381    8.56228  261.54161    105.674 -9.990e-29
   40.29746  -73.22184     10.090     10.012    13.7187    30.8908      8.012     0.6863 3.4907e+00  1023.1154    13.7173    23.0706     9.0480    276.378    8.56246  261.54694    105.670 -9.990e-29
   40.29746  -73.22184     10.090     10.012    13.7179    30.8908      8.012     0.6863 3.4870e+00  1023.1152    13.7165    23.0705     9.0478    276.373    8.56260  261.55091    105.667 -9.990e-29
   40.29746  -73.22184     10.079     10.001    13.7169    30.8908      8.012     0.6863 3.5190e+00  1023.1156    13.7155    23.0711     9.0475    276.363    8.56267  261.55301    105.662 -9.990e-29
   40.29746  -73.22184     10.090     10.012    13.7162    30.8920      8.012     0.6863 3.5488e+00  1023.1174    13.7148    23.0721     9.0472    276.355    8.56280  261.55697    105.657 -9.990e-29
   40.29746  -73.22184     10.090     10.012    13.7167    30.8929      8.012     0.6863 3.5526e+00  1023.1182    13.7153    23.0728     9.0521    276.501    8.56285  261.55835    105.713 -9.990e-29
   40.29746  -73.22184     10.079     10.001    13.7174    30.8929      8.012     0.6863 3.5803e+00  1023.1178    13.7160    23.0728     9.0475    276.361    8.56286  261.55827    105.660 -9.990e-29
   40.29746  -73.22184     10.069      9.991    13.7180    30.8929      8.012     0.6863 3.6068e+00  1023.1176    13.7167    23.0726     9.0468    276.339    8.56274  261.55444    105.653 -9.990e-29
   40.29746  -73.22184     10.079     10.001    13.7187    30.8926      8.012     0.6863 3.6170e+00  1023.1170    13.7173    23.0722     9.0512    276.475    8.56259  261.54988    105.706 -9.990e-29
   40.29746  -73.22184     10.052      9.975    13.7192    30.8922      8.012     0.6863 3.6093e+00  1023.1165    13.7179    23.0717     9.0515    276.484    8.56241  261.54467    105.712 -9.990e-29
   40.29746  -73.22184     10.069      9.991    13.7196    30.8919      8.016     0.6863 3.5877e+00  1023.1163    13.7182    23.0714     9.0518    276.495    8.56231  261.54197    105.717 -9.990e-29
   40.29746  -73.22184     10.058      9.980    13.7201    30.8917      8.012     0.6863 3.5877e+00  1023.1158    13.7187    23.0712     9.0516    276.488    8.56228  261.54093    105.715 -9.990e-29
   40.29746  -73.22184     10.048      9.971    13.7199    30.8914      8.016     0.6863 3.5915e+00  1023.1160    13.7185    23.0709     9.0512    276.477    8.56222  261.53906    105.711 -9.990e-29
   40.29746  -73.22184     10.039      9.961    13.7203    30.8911      8.012     0.6863 3.5714e+00  1023.1153    13.7189    23.0707     9.0515    276.486    8.56226  261.54028    105.714 -9.990e-29
   40.29746  -73.22184     10.039      9.961    13.7201    30.8908      8.012     0.6863 3.5651e+00  1023.1153    13.7187    23.0705     9.0518    276.493    8.56230  261.54180    105.717 -9.990e-29
   40.29746  -73.22184     10.028      9.950    13.7204    30.8906      8.016     0.6863 3.5752e+00  1023.1148    13.7190    23.0702     9.0516    276.489    8.56256  261.55019    105.712 -9.990e-29
   40.29746  -73.22184     10.028      9.950    13.7201    30.8906      8.016     0.6863 3.5852e+00  1023.1147    13.7187    23.0702     9.0521    276.504    8.56292  261.56128    105.713 -9.990e-29
   40.29746  -73.22184     10.018      9.941    13.7199    30.8906      8.012     0.6863 3.5890e+00  1023.1150    13.7185    23.0704     9.0524    276.513    8.56317  261.56828    105.713 -9.990e-29
   40.29746  -73.22184      9.997      9.920    13.7197    30.8907      8.016     0.6863 3.5890e+00  1023.1152    13.7184    23.0706     9.0525    276.514    8.56323  261.56984    105.713 -9.990e-29
   40.29746  -73.22184     10.008      9.931    13.7194    30.8907      8.012     0.6863 3.5852e+00  1023.1156    13.7181    23.0707     9.0524    276.512    8.56322  261.56947    105.712 -9.990e-29
   40.29746  -73.22184      9.988      9.911    13.7191    30.8907      8.016     0.6863 3.5714e+00  1023.1153    13.7177    23.0706     9.0524    276.512    8.56333  261.57289    105.711 -9.990e-29
