CalculateIndicators/WaterTemperature/Data/CTD_NYOS/20231004_C17.cnv
* Sea-Bird SBE 9 Data File:
* FileName = C:\Seabird 9 CTD\Data\2023\202309_offshore\20231004_C17.hex
* Software Version Seasave V 7.23.2
* Temperature SN = 4590
* Conductivity SN = 3228
* Number of Bytes Per Scan = 44
* Number of Voltage Words = 5
* Number of Scans Averaged by the Deck Unit = 1
* NMEA Latitude = 40 39.91 N
* NMEA Longitude = 072 58.72 W
* NMEA UTC (Time) = Oct 04 2023  22:54:26
* NMEA baud rate = 4800
** Ship: seawolf
** Station: 9.1
** Operator: Tcm
# nquan = 18
# nvalues = 6617                        
# units = specified
# name 0 = latitude: Latitude [deg]
# name 1 = longitude: Longitude [deg]
# name 2 = prDM: Pressure, Digiquartz [db]
# name 3 = depSM: Depth [salt water, m]
# name 4 = t090C: Temperature [ITS-90, deg C]
# name 5 = sal00: Salinity, Practical [PSU]
# name 6 = ph: pH
# name 7 = flECO-AFL: Fluorescence, WET Labs ECO-AFL/FL [mg/m^3]
# name 8 = cpar: CPAR/Corrected Irradiance [%]
# name 9 = density00: Density [density, kg/m^3]
# name 10 = potemp090C: Potential Temperature [ITS-90, deg C]
# name 11 = sigma-é00: Density [sigma-theta, kg/m^3]
# name 12 = sbeox0Mg/L: Oxygen, SBE 43 [mg/l]
# name 13 = sbox0Mm/Kg: Oxygen, SBE 43 [umol/kg]
# name 14 = oxsolMg/L: Oxygen Saturation, Garcia & Gordon [mg/l]
# name 15 = oxsolMm/Kg: Oxygen Saturation, Garcia & Gordon [umol/kg]
# name 16 = sbeox0PS: Oxygen, SBE 43 [% saturation]
# name 17 = flag:  0.000e+00
# span 0 =   40.66516,   40.66550       
# span 1 =  -72.97866,  -72.97850       
# span 2 =      1.790,     13.693       
# span 3 =      1.776,     13.587       
# span 4 =    17.7182,    19.1656       
# span 5 =    30.9197,    31.3784       
# span 6 =      7.822,      7.967       
# span 7 =     0.8609,     2.3786       
# span 8 = 5.0640e-11, 9.9999e+04       
# span 9 =  1021.8929,  1022.6276       
# span 10 =    17.7162,    19.1653      
# span 11 =    21.8915,    22.5670      
# span 12 =     6.7418,     8.9385      
# span 13 =    206.072,    273.294      
# span 14 =    7.69115,    7.89509      
# span 15 =  235.19550,  241.32472      
# span 16 =     85.398,    115.523      
# span 17 = 0.0000e+00, 0.0000e+00      
# interval = seconds: 0.0416667
# start_time = Oct 04 2023 22:54:27 [System UTC, first data scan.]
# bad_flag = -9.990e-29
*END*
[from data line 5066]
   40.66544  -72.97854      1.923      1.909    19.1380    30.9996      7.960     1.9354 3.3104e+00  1021.9404    19.1376    21.9322     8.8336    270.132    7.69412  235.28594    114.810 -9.990e-29
   40.66544  -72.97854      1.912      1.898    19.1403    30.9989      7.960     1.9488 3.0828e+00  1021.9402    19.1399    21.9311     8.8379    270.263    7.69413  235.28631    114.866 -9.990e-29
   40.66544  -72.97854      1.912      1.898    19.1439    30.9973      7.956     1.9488 3.0828e+00  1021.9376    19.1436    21.9293     8.8338    270.137    7.69443  235.29506    114.808 -9.990e-29
   40.66544  -72.97854      1.922      1.907    19.1454    30.9952      7.956     1.9354 5.9338e+00  1021.9346    19.1450    21.9275     8.8383    270.275    7.69467  235.30223    114.863 -9.990e-29
   40.66544  -72.97854      1.922      1.907    19.1424    30.9952      7.956     1.9488 8.4451e+00  1021.9348    19.1421    21.9270     8.8386    270.285    7.69486  235.30798    114.864 -9.990e-29
   40.66544  -72.97854      1.922      1.907    19.1394    30.9952      7.960     1.9354 8.8412e+00  1021.9361    19.1390    21.9278     8.8388    270.291    7.69498  235.31193    114.865 -9.990e-29
   40.66544  -72.97854      1.922      1.907    19.1375    30.9953      7.960     1.9354 5.4896e+00  1021.9375    19.1372    21.9287     8.8390    270.296    7.69509  235.31529    114.866 -9.990e-29
   40.66544  -72.97854      1.922      1.907    19.1390    30.9960      7.960     1.9354 3.2476e+00  1021.9379    19.1387    21.9289     8.8391    270.300    7.69517  235.31798    114.866 -9.990e-29
   40.66544  -72.97854      1.922      1.907    19.1429    30.9960      7.956     1.9354 2.8819e+00  1021.9369    19.1426    21.9284     8.8393    270.305    7.69530  235.32175    114.866 -9.990e-29
   40.66544  -72.97854      1.944      1.929    19.1463    30.9960      7.956     1.9488 3.1647e+00  1021.9360    19.1460    21.9276     8.8395    270.311    7.69546  235.32669    114.866 -9.990e-29
   40.66544  -72.97854      1.932      1.917    19.1484    30.9957      7.956     1.9354 3.4162e+00  1021.9350    19.1480    21.9268     8.8396    270.314    7.69555  235.32937    114.866 -9.990e-29
   40.66544  -72.97854      1.932      1.917    19.1496    30.9954      7.960     1.9488 3.5019e+00  1021.9344    19.1493    21.9263     8.8396    270.316    7.69564  235.33203    114.866 -9.990e-29
   40.66544  -72.97854      1.932      1.917    19.1494    30.9954      7.956     1.9488 4.0370e+00  1021.9347    19.1491    21.9261     8.8394    270.308    7.69548  235.32712    114.865 -9.990e-29
   40.66544  -72.97854      1.932      1.917    19.1501    30.9953      7.960     1.9354 5.1431e+00  1021.9343    19.1498    21.9259     8.8395    270.310    7.69521  235.31889    114.870 -9.990e-29
   40.66544  -72.97854      1.943      1.928    19.1504    30.9951      7.956     1.9488 5.4896e+00  1021.9342    19.1501    21.9257     8.8391    270.300    7.69500  235.31264    114.869 -9.990e-29
   40.66544  -72.97854      1.932      1.917    19.1507    30.9950      7.960     1.9354 4.8597e+00  1021.9339    19.1503    21.9255     8.8391    270.298    7.69500  235.31230    114.868 -9.990e-29
   40.66544  -72.97854      1.943      1.928    19.1513    30.9949      7.956     1.9354 3.3314e+00  1021.9336    19.1510    21.9252     8.8348    270.167    7.69499  235.31161    114.813 -9.990e-29
   40.66544  -72.97854      1.944      1.929    19.1517    30.9947      7.960     1.9488 2.8621e+00  1021.9337    19.1514    21.9250     8.8390    270.297    7.69476  235.30443    114.871 -9.990e-29
   40.66544  -72.97854      1.943      1.928    19.1520    30.9941      7.956     1.9488 2.8621e+00  1021.9332    19.1517    21.9246     8.8387    270.287    7.69456  235.29851    114.870 -9.990e-29
   40.66544  -72.97854      1.943      1.928    19.1521    30.9929      7.960     1.9354 2.8621e+00  1021.9324    19.1517    21.9237     8.8388    270.289    7.69432  235.29127    114.874 -9.990e-29
   40.66544  -72.97854      1.943      1.928    19.1513    30.9913      7.960     1.9085 2.8424e+00  1021.9309    19.1510    21.9228     8.8389    270.292    7.69413  235.28536    114.878 -9.990e-29
   40.66544  -72.97854      1.952      1.937    19.1488    30.9900      7.960     1.9085 2.6481e+00  1021.9305    19.1484    21.9222     8.8386    270.283    7.69397  235.28081    114.877 -9.990e-29
   40.66544  -72.97854      1.943      1.928    19.1460    30.9900      7.956     1.9085 1.1700e+00  1021.9303    19.1457    21.9222     8.8383    270.276    7.69384  235.27702    114.876 -9.990e-29
   40.66544  -72.97854      1.952      1.937    19.1435    30.9900      7.960     1.9085 5.6258e-01  1021.9309    19.1432    21.9228     8.8335    270.128    7.69372  235.27328    114.814 -9.990e-29
   40.66544  -72.97854      1.943      1.928    19.1406    30.9900      7.960     1.9085 5.2288e-01  1021.9323    19.1403    21.9243     8.8375    270.250    7.69370  235.27292    114.867 -9.990e-29
   40.66544  -72.97854      1.952      1.937    19.1371    30.9917      7.960     1.9085 5.8924e-01  1021.9349    19.1368    21.9263     8.8374    270.246    7.69371  235.27320    114.865 -9.990e-29
   40.66544  -72.97854      1.944      1.929    19.1340    30.9934      7.960     1.9085 6.1604e-01  1021.9373    19.1337    21.9284     8.8376    270.253    7.69368  235.27241    114.868 -9.990e-29
   40.66544  -72.97854      1.943      1.928    19.1314    30.9946      7.960     1.9085 4.1864e-01  1021.9387    19.1310    21.9297     8.8376    270.252    7.69378  235.27549    114.866 -9.990e-29
   40.66544  -72.97854      1.952      1.937    19.1317    30.9956      7.956     1.9085 3.6138e-02  1021.9388    19.1314    21.9305     8.8374    270.246    7.69379  235.27581    114.864 -9.990e-29
   40.66544  -72.97854      1.943      1.928    19.1328    30.9967      7.960     1.9085 5.0640e-11  1021.9402    19.1324    21.9312     8.8377    270.256    7.69386  235.27802    114.867 -9.990e-29
   40.66544  -72.97854      1.952      1.937    19.1352    30.9977      7.960     1.9085 5.0640e-11  1021.9401    19.1349    21.9315     8.8379    270.262    7.69385  235.27747    114.869 -9.990e-29
   40.66544  -72.97854      1.952      1.937    19.1373    30.9981      7.960     1.9085 5.0640e-11  1021.9400    19.1370    21.9313     8.8422    270.394    7.69380  235.27584    114.926 -9.990e-29
   40.66544  -72.97854      1.952      1.937    19.1394    30.9981      7.960     1.9085 5.0640e-11  1021.9394    19.1391    21.9308     8.8382    270.271    7.69375  235.27461    114.875 -9.990e-29
   40.66544  -72.97854      1.943      1.928    19.1412    30.9981      7.960     1.9085 5.0640e-11  1021.9388    19.1408    21.9303     8.8385    270.280    7.69384  235.27734    114.877 -9.990e-29
   40.66544  -72.97854      1.952      1.937    19.1427    30.9978 -9.990e-29     1.9085 5.0640e-11  1021.9383    19.1423    21.9297     8.8383    270.275    7.69392  235.27975    114.874 -9.990e-29
   40.66544  -72.97854      1.954      1.939    19.1438    30.9973 -9.990e-29     1.9085 5.0640e-11  1021.9376    19.1434    21.9290     8.8426    270.407    7.69391  235.27959    114.930 -9.990e-29
   40.66544  -72.97854      1.943      1.928    19.1448    30.9966 -9.990e-29     1.8951 5.0640e-11  1021.9365    19.1444    21.9283     8.8386    270.284    7.69389  235.27909    114.878 -9.990e-29
   40.66544  -72.97854      1.952      1.937    19.1452    30.9959 -9.990e-29     1.9085 5.0640e-11  1021.9361    19.1448    21.9276     8.8384    270.279    7.69399  235.28225    114.874 -9.990e-29
   40.66544  -72.97854      1.943      1.928    19.1455    30.9954 -9.990e-29     1.9085 5.0640e-11  1021.9356    19.1451    21.9271     8.8384    270.279    7.69427  235.29024    114.870 -9.990e-29
   40.66544  -72.97854      1.943      1.928    19.1459    30.9950 -9.990e-29     1.9085 5.0640e-11  1021.9353    19.1455    21.9267     8.8383    270.273    7.69439  235.29371    114.866 -9.990e-29
   40.66544  -72.97854      1.943      1.928    19.1467    30.9945 -9.990e-29     1.9085 -9.990e-29  1021.9344    19.1463    21.9263     8.8379    270.263    7.69439  235.29372    114.862 -9.990e-29
   40.66540  -72.97854      1.952      1.937    19.1459    30.9943 -9.990e-29     1.9085 5.0640e-11  1021.9346    19.1455    21.9262     8.8380    270.264    7.69437  235.29282    114.863 -9.990e-29
   40.66540  -72.97854      1.943      1.928    19.1446    30.9943 -9.990e-29     1.9085 5.0640e-11  1021.9350    19.1442    21.9264     8.8421    270.389    7.69425  235.28943    114.918 -9.990e-29
   40.66540  -72.97854      1.943      1.928    19.1443    30.9943 -9.990e-29     1.9085 5.0640e-11  1021.9351    19.1440    21.9265     8.8377    270.255    7.69439  235.29372    114.859 -9.990e-29
   40.66540  -72.97854      1.933      1.918    19.1448    30.9943 -9.990e-29     1.9085 5.0640e-11  1021.9350    19.1444    21.9264     8.8378    270.260    7.69451  235.29757    114.859 -9.990e-29
   40.66540  -72.97854      1.943      1.928    19.1454    30.9943 -9.990e-29     1.9220 5.0640e-11  1021.9348    19.1450    21.9263     8.8379    270.262    7.69454  235.29840    114.859 -9.990e-29
   40.66540  -72.97854      1.943      1.928    19.1458    30.9940 -9.990e-29     1.9220 5.0640e-11  1021.9347    19.1455    21.9261     8.8425    270.402    7.69455  235.29832    114.919 -9.990e-29
   40.66540  -72.97854      1.932      1.917    19.1462    30.9936 -9.990e-29     1.9220 5.0640e-11  1021.9340    19.1459    21.9257     8.8383    270.274    7.69452  235.29764    114.865 -9.990e-29
   40.66540  -72.97854      1.932      1.917    19.1463    30.9936 -9.990e-29     1.9220 5.0640e-11  1021.9335    19.1460    21.9253     8.8382    270.272    7.69446  235.29570    114.865 -9.990e-29
   40.66540  -72.97854      1.932      1.917    19.1464    30.9936 -9.990e-29     1.9085 5.0640e-11  1021.9331    19.1461    21.9254     8.8378    270.259    7.69445  235.29536    114.860 -9.990e-29
   40.66540  -72.97854      1.932      1.917    19.1439    30.9936 -9.990e-29     1.9085 5.0640e-11  1021.9348    19.1436    21.9262     8.8423    270.397    7.69441  235.29414    114.919 -9.990e-29
   40.66540  -72.97854      1.922      1.907    19.1420    30.9936 -9.990e-29     1.9220 5.0640e-11  1021.9357    19.1417    21.9269     8.8377    270.255    7.69437  235.29304    114.859 -9.990e-29
   40.66540  -72.97854      1.933      1.918    19.1409    30.9936 -9.990e-29     1.9220 5.0640e-11  1021.9356    19.1406    21.9269     8.8375    270.251    7.69429  235.29065    114.858 -9.990e-29
   40.66540  -72.97854      1.922      1.907    19.1403    30.9932 -9.990e-29     1.9085 5.0640e-11  1021.9351    19.1399    21.9267     8.8374    270.246    7.69421  235.28814    114.857 -9.990e-29
   40.66540  -72.97854      1.922      1.907    19.1397    30.9925 -9.990e-29     1.9220 5.0640e-11  1021.9348    19.1394    21.9263     8.8372    270.241    7.69409  235.28448    114.857 -9.990e-29
   40.66540  -72.97854      1.922      1.907    19.1394    30.9919 -9.990e-29     1.9220 5.0640e-11  1021.9342    19.1391    21.9260     8.8371    270.236    7.69401  235.28212    114.856 -9.990e-29
   40.66540  -72.97854      1.922      1.907    19.1387    30.9917 -9.990e-29     1.9085 5.0640e-11  1021.9341    19.1384    21.9259     8.8370    270.234    7.69398  235.28126    114.856 -9.990e-29
   40.66540  -72.97854      1.922      1.907    19.1375    30.9917 -9.990e-29     1.9085 5.0640e-11  1021.9345    19.1372    21.9261     8.8414    270.369    7.69389  235.27829    114.915 -9.990e-29
   40.66540  -72.97854      1.932      1.917    19.1368    30.9917 -9.990e-29     1.9085 5.0640e-11  1021.9349    19.1365    21.9265     8.8415    270.371    7.69366  235.27121    114.919 -9.990e-29
   40.66540  -72.97854      1.922      1.907    19.1361    30.9919 -9.990e-29     1.9085 5.0640e-11  1021.9353    19.1357    21.9267     8.8371    270.236    7.69351  235.26686    114.864 -9.990e-29
   40.66540  -72.97854      1.922      1.907    19.1371    30.9922 -9.990e-29     1.9085 5.0640e-11  1021.9352    19.1368    21.9267     8.8369    270.232    7.69345  235.26509    114.863 -9.990e-29
   40.66540  -72.97854      1.923      1.909    19.1390    30.9925 -9.990e-29     1.9085 5.0640e-11  1021.9347    19.1387    21.9266     8.8414    270.368    7.69342  235.26437    114.921 -9.990e-29
   40.66540  -72.97854      1.922      1.907    19.1403    30.9932 -9.990e-29     1.9085 5.0640e-11  1021.9348    19.1399    21.9269     8.8418    270.381    7.69350  235.26686    114.925 -9.990e-29
   40.66540  -72.97854      1.932      1.917    19.1397    30.9945 -9.990e-29     1.9220 5.0640e-11  1021.9363    19.1394    21.9279     8.8375    270.251    7.69355  235.26829    114.869 -9.990e-29
   40.66540  -72.97854      1.932      1.917    19.1392    30.9957 -9.990e-29     1.9085 5.0640e-11  1021.9377    19.1389    21.9288     8.8374    270.248    7.69357  235.26875    114.868 -9.990e-29
   40.66540  -72.97854      1.932      1.917    19.1408    30.9966 -9.990e-29     1.9085 5.0640e-11  1021.9376    19.1404    21.9292     8.8414    270.370    7.69353  235.26747    114.920 -9.990e-29
   40.66540  -72.97854      1.932      1.917    19.1419    30.9969 -9.990e-29     1.9085 5.0640e-11  1021.9379    19.1415    21.9292     8.8370    270.236    7.69346  235.26515    114.864 -9.990e-29
   40.66540  -72.97854      1.943      1.928    19.1435    30.9969 -9.990e-29     1.9220 5.0640e-11  1021.9375    19.1432    21.9289     8.8369    270.230    7.69342  235.26421    114.863 -9.990e-29
   40.66540  -72.97854      1.943      1.928    19.1450    30.9969 -9.990e-29     1.9085 5.0640e-11  1021.9369    19.1447    21.9284     8.8413    270.367    7.69347  235.26570    114.920 -9.990e-29
   40.66540  -72.97854      1.932      1.917    19.1462    30.9965 -9.990e-29     1.9085 5.0640e-11  1021.9363    19.1458    21.9278     8.8416    270.374    7.69347  235.26565    114.923 -9.990e-29
   40.66540  -72.97854      1.954      1.939    19.1473    30.9961 -9.990e-29     1.9220 5.0640e-11  1021.9356    19.1469    21.9272     8.8417    270.379    7.69341  235.26386    114.926 -9.990e-29
   40.66540  -72.97854      1.952      1.937    19.1482    30.9956 -9.990e-29     1.9085 5.0640e-11  1021.9352    19.1479    21.9267     8.8419    270.385    7.69339  235.26340    114.928 -9.990e-29
   40.66540  -72.97854      1.952      1.937    19.1485    30.9952 -9.990e-29     1.9085 5.0640e-11  1021.9347    19.1482    21.9263     8.8416    270.375    7.69332  235.26127    114.925 -9.990e-29
   40.66540  -72.97854      1.952      1.937    19.1486    30.9948 -9.990e-29     1.9220 -9.990e-29  1021.9344    19.1483    21.9259     8.8417    270.378    7.69328  235.26021    114.927 -9.990e-29
   40.66540  -72.97854      1.962      1.947    19.1489    30.9945 -9.990e-29     1.9085 -9.990e-29  1021.9342    19.1485    21.9257     8.8418    270.382    7.69327  235.25986    114.929 -9.990e-29
   40.66540  -72.97854      1.973      1.958    19.1482    30.9943 -9.990e-29     1.9220 -9.990e-29  1021.9342    19.1479    21.9255     8.8419    270.385    7.69324  235.25901    114.931 -9.990e-29
   40.66540  -72.97854      1.962      1.947    19.1484    30.9943 -9.990e-29     1.9220 -9.990e-29  1021.9337    19.1480    21.9254     8.8419    270.386    7.69321  235.25775    114.932 -9.990e-29
   40.66540  -72.97854      1.973      1.958    19.1477    30.9943 -9.990e-29     1.9220 5.0640e-11  1021.9342    19.1474    21.9257     8.8419    270.386    7.69311  235.25498    114.933 -9.990e-29
   40.66540  -72.97854      1.973      1.958    19.1476    30.9943 -9.990e-29     1.9085 5.0640e-11  1021.9347    19.1473    21.9259     8.8419    270.386    7.69305  235.25297    114.934 -9.990e-29
