CalculateIndicators/WaterTemperature/Data/CTD_NYOS/20231003_C02.cnv
* Sea-Bird SBE 9 Data File:
* FileName = C:\Seabird 9 CTD\Data\2023\202309_offshore\20231003_C02.hex
* Software Version Seasave V 7.23.2
* Temperature SN = 4590
* Conductivity SN = 3228
* Number of Bytes Per Scan = 44
* Number of Voltage Words = 5
* Number of Scans Averaged by the Deck Unit = 1
* NMEA Latitude = 40 34.19 N
* NMEA Longitude = 073 24.30 W
* NMEA UTC (Time) = Oct 03 2023  06:38:05
* NMEA baud rate = 4800
** Ship: seawolf
** Station: 8.1
** Operator: SW
# nquan = 18
# nvalues = 7107                        
# units = specified
# name 0 = latitude: Latitude [deg]
# name 1 = longitude: Longitude [deg]
# name 2 = prDM: Pressure, Digiquartz [db]
# name 3 = depSM: Depth [salt water, m]
# name 4 = t090C: Temperature [ITS-90, deg C]
# name 5 = sal00: Salinity, Practical [PSU]
# name 6 = ph: pH
# name 7 = flECO-AFL: Fluorescence, WET Labs ECO-AFL/FL [mg/m^3]
# name 8 = cpar: CPAR/Corrected Irradiance [%]
# name 9 = density00: Density [density, kg/m^3]
# name 10 = potemp090C: Potential Temperature [ITS-90, deg C]
# name 11 = sigma-é00: Density [sigma-theta, kg/m^3]
# name 12 = sbeox0Mg/L: Oxygen, SBE 43 [mg/l]
# name 13 = sbox0Mm/Kg: Oxygen, SBE 43 [umol/kg]
# name 14 = oxsolMg/L: Oxygen Saturation, Garcia & Gordon [mg/l]
# name 15 = oxsolMm/Kg: Oxygen Saturation, Garcia & Gordon [umol/kg]
# name 16 = sbeox0PS: Oxygen, SBE 43 [% saturation]
# name 17 = flag:  0.000e+00
# span 0 =   40.56976,   40.56992       
# span 1 =  -73.40510,  -73.40460       
# span 2 =      1.621,     14.149       
# span 3 =      1.608,     14.040       
# span 4 =    18.0134,    18.4338       
# span 5 =    30.4500,    30.8234       
# span 6 =      7.816,      7.907       
# span 7 =     0.9684,     1.5728       
# span 8 = 5.0640e-11, 9.9999e+04       
# span 9 =  1021.7012,  1022.1183       
# span 10 =    18.0120,    18.4334      
# span 11 =    21.6912,    22.0564      
# span 12 =     6.8621,     8.2413      
# span 13 =    209.821,    252.072      
# span 14 =    7.82272,    7.88217      
# span 15 =  239.27092,  241.05551      
# span 16 =     87.298,    105.320      
# span 17 = 0.0000e+00, 0.0000e+00      
# interval = seconds: 0.0416667
# start_time = Oct 03 2023 06:38:07 [System UTC, first data scan.]
# bad_flag = -9.990e-29
*END*
[from data line 3699]
   40.56988 -9.990e-29      7.018      6.963    18.1482    30.4953      7.871     1.4385 9.9999e+04  1021.8083    18.1470    21.7834     7.7296    236.401    7.86452  240.52701     98.284 -9.990e-29
   40.56988  -73.40492      7.049      6.995    18.1406    30.4953      7.872     1.4385 9.9999e+04  1021.8227    18.1394    21.7917     7.7306    236.430    7.86492  240.53911     98.292 -9.990e-29
   40.56988  -73.40492      7.062      7.007    18.1369    30.5069      7.872     1.4385 9.9999e+04  1021.8351    18.1358    21.8014     7.7317    236.465    7.86531  240.55070     98.301 -9.990e-29
   40.56988  -73.40492      7.069      7.014    18.1369    30.5136      7.872     1.4385 9.9999e+04  1021.8403    18.1358    21.8076     7.7325    236.488    7.86557  240.55839     98.308 -9.990e-29
   40.56988  -73.40492      7.099      7.044    18.1389    30.5136      7.872     1.4250 9.9999e+04  1021.8434    18.1377    21.8094     7.7334    236.515    7.86580  240.56487     98.317 -9.990e-29
   40.56988  -73.40492      7.122      7.067    18.1430    30.5136      7.872     1.4250 9.9999e+04  1021.8407    18.1418    21.8055     7.7289    236.376    7.86553  240.55572     98.263 -9.990e-29
   40.56988  -73.40492      7.180      7.124    18.1472    30.5027      7.871     1.4250 9.9999e+04  1021.8274    18.1460    21.7967     7.7287    236.372    7.86478  240.53250     98.270 -9.990e-29
   40.56988  -73.40492      7.170      7.115    18.1459    30.4908      7.872     1.4250 9.9999e+04  1021.8167    18.1447    21.7880     7.7237    236.219    7.86408  240.51141     98.215 -9.990e-29
   40.56988  -73.40492      7.150      7.094    18.1390    30.4908      7.872     1.4250 9.9999e+04  1021.8112    18.1378    21.7842     7.7279    236.348    7.86344  240.49208     98.277 -9.990e-29
   40.56988  -73.40492      7.152      7.097    18.1283    30.4908      7.872     1.4250 9.9999e+04  1021.8160    18.1271    21.7872     7.7235    236.214    7.86300  240.47918     98.226 -9.990e-29
   40.56988  -73.40492      7.170      7.115    18.1183    30.4921      7.872     1.4250 9.9999e+04  1021.8255    18.1171    21.7951     7.7238    236.223    7.86277  240.47230     98.233 -9.990e-29
   40.56988  -73.40492      7.161      7.105    18.1066    30.5012      7.867     1.4250 9.9999e+04  1021.8374    18.1054    21.8043     7.7195    236.089    7.86236  240.45976     98.183 -9.990e-29
   40.56988  -73.40492      7.152      7.097    18.0988    30.5080      7.872     1.4250 9.9999e+04  1021.8451    18.0976    21.8114     7.7192    236.081    7.86202  240.44981     98.183 -9.990e-29
   40.56988  -73.40492      7.161      7.105    18.0957    30.5110      7.867     1.4385 9.9999e+04  1021.8474    18.0945    21.8146     7.7191    236.079    7.86171  240.44037     98.186 -9.990e-29
   40.56988  -73.40492      7.161      7.105    18.0952    30.5115      7.867     1.4250 9.9999e+04  1021.8461    18.0940    21.8156     7.7194    236.087    7.86154  240.43499     98.192 -9.990e-29
   40.56988  -73.40492      7.152      7.097    18.0924    30.5124      7.872     1.4250 9.9999e+04  1021.8475    18.0912    21.8170     7.7146    235.942    7.86129  240.42758     98.135 -9.990e-29
   40.56988  -73.40492      7.140      7.085    18.0873    30.5141      7.872     1.4385 9.9999e+04  1021.8509    18.0861    21.8192     7.7143    235.932    7.86099  240.41838     98.134 -9.990e-29
   40.56988  -73.40492      7.150      7.094    18.0835    30.5155      7.872     1.4250 9.9999e+04  1021.8529    18.0823    21.8213     7.7140    235.924    7.86058  240.40588     98.136 -9.990e-29
   40.56988  -73.40492      7.150      7.094    18.0806    30.5169      7.867     1.4385 9.9999e+04  1021.8535    18.0794    21.8231     7.7139    235.919    7.86004  240.38951     98.140 -9.990e-29
   40.56988  -73.40492      7.162      7.107    18.0754    30.5193      7.867     1.4385 9.9999e+04  1021.8570    18.0742    21.8259     7.7129    235.891    7.85949  240.37309     98.135 -9.990e-29
   40.56988  -73.40492      7.170      7.115    18.0722    30.5224      7.867     1.4385 9.9999e+04  1021.8612    18.0710    21.8288     7.7128    235.887    7.85906  240.36037     98.139 -9.990e-29
   40.56988  -73.40492      7.170      7.115    18.0724    30.5231      7.867     1.4385 9.9999e+04  1021.8629    18.0712    21.8306     7.7124    235.875    7.85867  240.34876     98.138 -9.990e-29
   40.56988  -73.40492      7.183      7.127    18.0736    30.5231      7.867     1.4250 9.9999e+04  1021.8628    18.0724    21.8305     7.7076    235.730    7.85844  240.34202     98.081 -9.990e-29
   40.56988  -73.40492      7.170      7.115    18.0757    30.5231      7.872     1.4250 9.9999e+04  1021.8608    18.0745    21.8289     7.7120    235.864    7.85822  240.33571     98.139 -9.990e-29
   40.56988  -73.40492      7.191      7.135    18.0776    30.5206      7.867     1.4385 9.9999e+04  1021.8579    18.0764    21.8266     7.7123    235.874    7.85806  240.33072     98.145 -9.990e-29
   40.56988  -73.40492      7.183      7.127    18.0795    30.5206      7.872     1.4250 9.9999e+04  1021.8547    18.0783    21.8251     7.7124    235.876    7.85793  240.32695     98.148 -9.990e-29
   40.56988  -73.40492      7.150      7.094    18.0769    30.5206      7.872     1.4519 9.9999e+04  1021.8564    18.0758    21.8262     7.7127    235.885    7.85785  240.32457     98.153 -9.990e-29
   40.56988  -73.40492      7.140      7.085    18.0731    30.5229      7.867     1.4922 9.9999e+04  1021.8607    18.0719    21.8291     7.7178    236.042    7.85783  240.32399     98.218 -9.990e-29
   40.56988  -73.40492      7.130      7.075    18.0723    30.5262      7.867     1.5190 9.9999e+04  1021.8638    18.0711    21.8318     7.7142    235.933    7.85787  240.32518     98.172 -9.990e-29
   40.56988  -73.40492      7.122      7.067    18.0747    30.5288      7.872     1.5190 9.9999e+04  1021.8647    18.0735    21.8333     7.7147    235.945    7.85796  240.32822     98.176 -9.990e-29
   40.56988  -73.40492      7.110      7.055    18.0787    30.5311      7.867     1.5056 9.9999e+04  1021.8654    18.0775    21.8340     7.7203    236.117    7.85802  240.32977     98.247 -9.990e-29
   40.56988  -73.40492      7.099      7.044    18.0858    30.5333      7.867     1.5190 5.0640e-11  1021.8657    18.0846    21.8339     7.7214    236.151    7.85812  240.33280     98.260 -9.990e-29
   40.56988  -73.40492      7.092      7.037    18.0958    30.5333      7.867     1.5190 5.0640e-11  1021.8646    18.0946    21.8328     7.7226    236.187    7.85820  240.33519     98.274 -9.990e-29
   40.56988  -73.40492      7.099      7.044    18.1060    30.5333      7.867     1.5056 5.0640e-11  1021.8620    18.1049    21.8301     7.7238    236.226    7.85825  240.33669     98.290 -9.990e-29
   40.56988  -73.40492      7.079      7.025    18.1152    30.5319      7.867     1.5056 5.0640e-11  1021.8576    18.1141    21.8262     7.7299    236.410    7.85828  240.33756     98.366 -9.990e-29
   40.56988  -73.40492      7.071      7.017    18.1234    30.5283      7.867     1.5056 9.9999e+04  1021.8526    18.1222    21.8215     7.7266    236.311    7.85832  240.33844     98.324 -9.990e-29
   40.56988  -73.40492      7.068      7.014    18.1309    30.5242      7.867     1.5190 5.0640e-11  1021.8474    18.1298    21.8167     7.7324    236.487    7.85833  240.33869     98.397 -9.990e-29
   40.56988  -73.40492      7.038      6.984    18.1366    30.5203      7.867     1.5056 9.9999e+04  1021.8426    18.1354    21.8122     7.7339    236.534    7.85827  240.33698     98.417 -9.990e-29
   40.56988  -73.40492      7.020      6.966    18.1408    30.5169      7.867     1.5056 5.0640e-11  1021.8390    18.1396    21.8086     7.7355    236.583    7.85827  240.33681     98.438 -9.990e-29
   40.56988  -73.40492      7.008      6.954    18.1444    30.5142      7.872     1.5056 9.9999e+04  1021.8361    18.1432    21.8057     7.7419    236.777    7.85822  240.33541     98.519 -9.990e-29
   40.56988  -73.40492      6.987      6.933    18.1467    30.5120      7.867     1.5190 5.0640e-11  1021.8339    18.1455    21.8035     7.7441    236.845    7.85823  240.33563     98.548 -9.990e-29
   40.56988  -73.40492      6.950      6.897    18.1484    30.5102      7.867     1.5056 5.0640e-11  1021.8319    18.1472    21.8017     7.7458    236.898    7.85817  240.33401     98.571 -9.990e-29
   40.56988  -73.40492      6.927      6.873    18.1494    30.5084      7.871     1.5056 5.0640e-11  1021.8307    18.1483    21.8001     7.7524    237.098    7.85818  240.33426     98.653 -9.990e-29
   40.56988  -73.40492      6.906      6.853    18.1498    30.5061      7.867     1.5056 9.9999e+04  1021.8287    18.1486    21.7982     7.7546    237.167    7.85814  240.33286     98.683 -9.990e-29
   40.56988  -73.40492      6.879      6.826    18.1493    30.5034      7.867     1.5056 5.0640e-11  1021.8258    18.1481    21.7962     7.7569    237.236    7.85811  240.33208     98.712 -9.990e-29
   40.56988  -73.40492      6.866      6.813    18.1475    30.5014      7.871     1.5056 5.0640e-11  1021.8247    18.1464    21.7950     7.7592    237.308    7.85814  240.33293     98.741 -9.990e-29
   40.56988  -73.40492      6.846      6.793    18.1458    30.5014      7.867     1.5056 5.0640e-11  1021.8243    18.1447    21.7950     7.7616    237.379    7.85811  240.33215     98.771 -9.990e-29
   40.56988  -73.40492      6.838      6.785    18.1444    30.5014      7.867     1.5056 5.0640e-11  1021.8259    18.1433    21.7957     7.7682    237.582    7.85813  240.33273     98.855 -9.990e-29
   40.56988  -73.40492      6.795      6.742    18.1428    30.5017      7.867     1.5056 5.0640e-11  1021.8261    18.1417    21.7965     7.7705    237.653    7.85814  240.33294     98.885 -9.990e-29
   40.56988  -73.40492      6.755      6.703    18.1401    30.5021      7.867     1.5056 5.0640e-11  1021.8267    18.1390    21.7974     7.7728    237.723    7.85811  240.33204     98.914 0.0000e+00
   40.56988  -73.40492      6.726      6.674    18.1371    30.5030      7.867     1.5056 5.0640e-11  1021.8281    18.1360    21.7987     7.7751    237.792    7.85809  240.33131     98.943 0.0000e+00
   40.56988  -73.40492      6.704      6.652    18.1350    30.5045      7.867     1.4519 5.0640e-11  1021.8294    18.1339    21.8004     7.7774    237.863    7.85812  240.33218     98.973 0.0000e+00
   40.56988  -73.40492      6.664      6.613    18.1328    30.5070      7.872     1.4116 5.0640e-11  1021.8315    18.1317    21.8026     7.7843    238.075    7.85812  240.33213     99.061 0.0000e+00
   40.56988  -73.40492      6.645      6.594    18.1331    30.5102      7.867     1.4116 5.0640e-11  1021.8349    18.1320    21.8049     7.7917    238.301    7.85817  240.33364     99.154 0.0000e+00
   40.56988  -73.40492      6.603      6.551    18.1373    30.5126      7.867     1.4250 5.0640e-11  1021.8358    18.1362    21.8060     7.7943    238.379    7.85813  240.33256     99.187 0.0000e+00
   40.56988  -73.40492      6.563      6.512    18.1418    30.5126      7.867     1.4116 5.0640e-11  1021.8349    18.1407    21.8056     7.7968    238.456    7.85816  240.33317     99.219 0.0000e+00
   40.56988  -73.40492      6.545      6.494    18.1463    30.5126      7.872     1.4116 5.0640e-11  1021.8331    18.1452    21.8042     7.7988    238.517    7.85814  240.33286     99.244 0.0000e+00
   40.56988  -73.40492      6.502      6.452    18.1500    30.5118      7.867     1.4116 5.0640e-11  1021.8304    18.1489    21.8026     7.8058    238.732    7.85816  240.33321     99.334 0.0000e+00
   40.56988  -73.40492      6.483      6.433    18.1515    30.5113      7.867     1.4250 5.0640e-11  1021.8300    18.1504    21.8016     7.8080    238.800    7.85815  240.33287     99.362 0.0000e+00
   40.56988  -73.40492      6.451      6.401    18.1542    30.5112      7.867     1.4116 5.0640e-11  1021.8293    18.1531    21.8009     7.8148    239.008    7.85812  240.33225     99.449 0.0000e+00
   40.56988  -73.40492      6.421      6.371    18.1567    30.5112      7.867     1.4250 9.9999e+04  1021.8280    18.1556    21.8002     7.8121    238.926    7.85812  240.33201     99.415 0.0000e+00
   40.56988  -73.40492      6.392      6.343    18.1587    30.5112      7.871     1.4116 5.0640e-11  1021.8275    18.1576    21.7998     7.8183    239.113    7.85812  240.33209     99.493 0.0000e+00
   40.56988  -73.40492      6.361      6.311    18.1596    30.5113      7.867     1.4250 5.0640e-11  1021.8277    18.1585    21.7996     7.8199    239.165    7.85811  240.33174     99.514 0.0000e+00
   40.56988  -73.40492      6.332      6.283    18.1613    30.5118      7.871     1.4250 5.0640e-11  1021.8271    18.1602    21.7996     7.8263    239.358    7.85816  240.33354     99.594 0.0000e+00
   40.56988  -73.40492      6.299      6.250    18.1629    30.5124      7.871     1.4116 5.0640e-11  1021.8275    18.1618    21.7996     7.8278    239.404    7.85827  240.33696     99.612 0.0000e+00
   40.56988  -73.40492      6.259      6.211    18.1654    30.5124      7.871     1.4250 5.0640e-11  1021.8271    18.1644    21.7994     7.8291    239.444    7.85836  240.33964     99.627 0.0000e+00
   40.56988  -73.40492      6.241      6.193    18.1691    30.5124      7.871     1.4116 5.0640e-11  1021.8260    18.1681    21.7985     7.8303    239.481    7.85851  240.34436     99.641 0.0000e+00
   40.56988  -73.40492      6.187      6.140    18.1731    30.5120      7.871     1.4250 5.0640e-11  1021.8241    18.1720    21.7971     7.8360    239.655    7.85868  240.34947     99.711 0.0000e+00
   40.56988  -73.40492      6.160      6.112    18.1762    30.5111      7.871     1.4116 5.0640e-11  1021.8226    18.1752    21.7956     7.8372    239.691    7.85878  240.35254     99.725 0.0000e+00
   40.56988  -73.40492      6.117      6.070    18.1792    30.5101      7.871     1.4250 5.0640e-11  1021.8209    18.1781    21.7942     7.8382    239.722    7.85888  240.35521     99.736 0.0000e+00
   40.56988  -73.40492      6.098      6.051    18.1810    30.5090      7.871     1.4116 5.0640e-11  1021.8195    18.1800    21.7928     7.8436    239.887    7.85891  240.35612     99.805 0.0000e+00
   40.56988  -73.40492      6.066      6.020    18.1829    30.5081      7.867     1.4116 5.0640e-11  1021.8178    18.1819    21.7917     7.8440    239.901    7.85892  240.35627     99.811 0.0000e+00
   40.56988  -73.40492      6.027      5.980    18.1840    30.5076      7.871     1.4116 5.0640e-11  1021.8174    18.1830    21.7910     7.8446    239.919    7.85886  240.35419     99.819 0.0000e+00
   40.56988  -73.40492      6.007      5.961    18.1850    30.5073      7.871     1.4250 5.0640e-11  1021.8168    18.1840    21.7905     7.8452    239.935    7.85891  240.35580     99.825 0.0000e+00
   40.56988  -73.40492      5.976      5.930    18.1856    30.5069      7.871     1.4250 5.0640e-11  1021.8163    18.1846    21.7901     7.8454    239.942    7.85891  240.35580     99.828 0.0000e+00
   40.56988  -73.40492      5.936      5.890    18.1860    30.5064      7.871     1.3982 5.0640e-11  1021.8154    18.1851    21.7897     7.8501    240.087    7.85894  240.35678     99.888 0.0000e+00
   40.56988  -73.40492      5.915      5.870    18.1858    30.5062      7.871     1.3579 5.0640e-11  1021.8154    18.1848    21.7895     7.8461    239.965    7.85897  240.35754     99.837 0.0000e+00
   40.56988  -73.40492      5.886      5.841    18.1852    30.5062      7.871     1.3444 5.0640e-11  1021.8152    18.1842    21.7895     7.8503    240.093    7.85889  240.35533     99.891 0.0000e+00
   40.56988  -73.40492      5.853      5.808    18.1848    30.5062      7.871     1.3444 9.9999e+04  1021.8152    18.1839    21.7897     7.8547    240.227    7.85878  240.35241     99.948 0.0000e+00
