CalculateIndicators/WaterTemperature/Data/CTD_NYOS/20230517_C22A.cnv
* Sea-Bird SBE 9 Data File:
* FileName = C:\Seabird 9 CTD\Data\2023\202305_offshore\20230517_C24.hex
* Software Version Seasave V 7.23.2
* Temperature SN = 4590
* Conductivity SN = 3228
* Number of Bytes Per Scan = 44
* Number of Voltage Words = 5
* Number of Scans Averaged by the Deck Unit = 1
* NMEA Latitude = 39 31.89 N
* NMEA Longitude = 071 44.65 W
* NMEA UTC (Time) = May 17 2023  23:56:29
* NMEA baud rate = 4800
** Ship: Seawolf
** Station: 10.7
** Operator: TDK
# nquan = 18
# nvalues = 200                         
# units = specified
# name 0 = latitude: Latitude [deg]
# name 1 = longitude: Longitude [deg]
# name 2 = prDM: Pressure, Digiquartz [db]
# name 3 = depSM: Depth [salt water, m]
# name 4 = t090C: Temperature [ITS-90, deg C]
# name 5 = sal00: Salinity, Practical [PSU]
# name 6 = ph: pH
# name 7 = flECO-AFL: Fluorescence, WET Labs ECO-AFL/FL [mg/m^3]
# name 8 = cpar: CPAR/Corrected Irradiance [%]
# name 9 = density00: Density [density, kg/m^3]
# name 10 = potemp090C: Potential Temperature [ITS-90, deg C]
# name 11 = sigma-100: Density [sigma-1, kg/m^3 ]
# name 12 = sbeox0Mg/L: Oxygen, SBE 43 [mg/l]
# name 13 = sbox0Mm/Kg: Oxygen, SBE 43 [umol/kg]
# name 14 = oxsolMg/L: Oxygen Saturation, Garcia & Gordon [mg/l]
# name 15 = oxsolMm/Kg: Oxygen Saturation, Garcia & Gordon [umol/kg]
# name 16 = sbeox0PS: Oxygen, SBE 43 [% saturation]
# name 17 = flag: flag
# span 0 =   39.53162,   39.53186       
# span 1 =  -71.74413,  -71.74229       
# span 2 =      2.000,    102.000       
# span 3 =      1.985,    101.198       
# span 4 =    12.6264,    15.1131       
# span 5 =    34.0699,    35.7181       
# span 6 =      8.046,      8.126       
# span 7 =    -0.0902,     0.6334       
# span 8 = -5.828e+03, 1.1025e+05       
# span 9 =  1025.3453,  1026.9560       
# span 10 =    12.6225,    15.0981      
# span 11 =    29.7019,    30.8719      
# span 12 =     6.9870,     8.9404      
# span 13 =    212.710,    272.316      
# span 14 =    8.08108,    8.56403      
# span 15 =  246.01693,  260.86707      
# span 16 =     86.432,    104.878      
# span 17 = 0.0000e+00, 0.0000e+00      
# interval = decibars: 1                
# start_time = May 17 2023 23:56:31 [System UTC, first data scan.]
# bad_flag = -9.990e-29
*END*
[from data line 161]
   39.53178  -71.74286     40.000     39.691    13.3579    34.7407      8.108     0.5592 9.2584e+04  1026.2980    13.3523    30.5091     8.3169    253.294    8.42870  256.69827     98.674 0.0000e+00
   39.53181  -71.74271     39.000     38.699    13.4941    34.7470      8.115     0.4973 1.0687e+03  1026.2706    13.4887    30.4836     8.3277    253.626    8.40074  255.85166     99.130 0.0000e+00
   39.53181  -71.74265     38.000     37.707    13.5122    34.7404      8.115     0.4495 -6.100e+02  1026.2573    13.5068    30.4745     8.3930    255.628    8.43186  256.81126     99.540 0.0000e+00
   39.53182  -71.74266     37.000     36.715    13.4475    34.6994      8.119     0.4153 1.6880e-11  1026.2343    13.4423    30.4573     8.3958    255.702    8.42356  256.54823     99.670 0.0000e+00
   39.53182  -71.74263     36.000     35.723    13.3202    34.6356      8.120     0.3929 1.6880e-11  1026.2070    13.3152    30.4372     8.4865    258.474    8.44295  257.14752    100.515 0.0000e+00
   39.53182  -71.74264     35.000     34.730    13.2396    34.6123      8.121     0.3850 1.6880e-11  1026.2003    13.2348    30.4366     8.5572    260.633    8.47689  258.18746    100.947 0.0000e+00
   39.53182  -71.74263     34.000     33.738    13.0978    34.5458      8.121     0.4067 1.6880e-11  1026.1735    13.0931    30.4174     8.6649    263.922    8.50350  259.00660    101.897 0.0000e+00
   39.53182  -71.74261     33.000     32.746    12.9548    34.4659      8.122     0.3853 1.6880e-11  1026.1359    12.9503    30.3874     8.7436    266.325    8.52790  259.75364    102.530 0.0000e+00
   39.53182  -71.74260     32.000     31.754    12.8360    34.4122      8.122     0.3221 1.7201e-11  1026.1137    12.8317    30.3722     8.8376    269.201    8.56403  260.86707    103.195 0.0000e+00
   39.53183  -71.74260     31.000     30.761    12.7372    34.3492      8.123     0.3100 6.7271e+04  1026.0794    12.7331    30.3447     8.8448    269.427    8.54878  260.40903    103.465 0.0000e+00
   39.53184  -71.74260     30.000     29.769    12.6825    34.3090      8.123     0.3316 8.4273e+04  1026.0547    12.6785    30.3257     8.8912    270.862    8.49533  258.80099    104.660 0.0000e+00
   39.53184  -71.74260     29.000     28.777    12.9309    34.2853      8.122     0.2765 5.1553e+03  1025.9830    12.9270    30.2539     8.8754    270.384    8.47260  258.11429    104.753 0.0000e+00
   39.53183  -71.74258     28.000     27.785    13.1675    34.2846      8.121     0.2501 6.3759e-02  1025.9302    13.1637    30.2011     8.7124    265.463    8.35016  254.42698    104.339 0.0000e+00
   39.53184  -71.74258     27.000     26.793    13.9817    34.2481      8.118     0.1848 2.7587e-01  1025.7300    13.9779    29.9904     8.5034    259.102    8.31182  253.26593    102.302 0.0000e+00
   39.53184  -71.74258     26.000     25.800    14.1355    34.2723      8.117     0.1309 4.2589e-01  1025.7122    14.1317    29.9740     8.3562    254.621    8.28393  252.41928    100.872 0.0000e+00
   39.53184  -71.74258     25.000     24.808    14.2474    34.2931      8.117     0.1113 6.3021e-01  1025.6998    14.2438    29.9639     8.3459    254.308    8.27828  252.24696    100.817 0.0000e+00
   39.53184  -71.74258     24.000     23.816    14.3192    34.2977      8.117     0.0993 8.2776e-01  1025.6840    14.3158    29.9512     8.3132    253.311    8.27650  252.19295    100.443 0.0000e+00
   39.53183  -71.74256     23.000     22.823    14.3782    34.3158      8.114     0.0998 1.0528e+05  1025.6811    14.3749    29.9515     8.2843    252.436    8.25876  251.65603    100.310 0.0000e+00
 -9.990e-29  -71.74256     22.000     21.831    14.4270    34.3185      8.113     0.1042 9.9999e+04  1025.6681    14.4238    29.9420     8.2756    252.173    8.25074  251.41508    100.301 0.0000e+00
 -9.990e-29  -71.74256     21.000     20.839    14.5004    34.3184      8.112     0.0846 9.9999e+04  1025.6479    14.4973    29.9248     8.2434    251.193    8.24189  251.14620    100.018 0.0000e+00
   39.53184  -71.74252     20.000     19.847    14.5624    34.3247      8.112     0.0687 4.9248e+04  1025.6350    14.5594    29.9152     8.2381    251.031    8.23832  251.03903     99.997 0.0000e+00
   39.53184  -71.74242     19.000     18.854    14.5910    34.3214      8.116     0.0671 -3.346e+03  1025.6219    14.5882    29.9060     8.2370    251.006    8.22921  250.76953    100.094 0.0000e+00
   39.53185  -71.74241     18.000     17.862    14.6162    34.3126      8.115     0.0432 2.3208e+00  1025.6051    14.6136    29.8933     8.2380    251.034    8.23075  250.81501    100.088 0.0000e+00
   39.53186  -71.74239     17.000     16.870    14.6383    34.2976      8.115     0.0468 2.6340e+00  1025.5844    14.6358    29.8766     8.2140    250.312    8.22638  250.68779     99.850 0.0000e+00
   39.53186  -71.74237     16.000     15.877    14.6745    34.2754      8.115     0.0416 2.8522e+00  1025.5550    14.6722    29.8512     8.1954    249.749    8.22168  250.54793     99.681 0.0000e+00
   39.53186  -71.74236     15.000     14.885    14.6908    34.2722      8.115     0.0509 3.3672e+00  1025.5447    14.6886    29.8449     8.1831    249.375    8.21827  250.44789     99.572 0.0000e+00
   39.53186  -71.74236     14.000     13.893    14.7198    34.2559      8.115     0.0368 3.5881e+00  1025.5213    14.7177    29.8256     8.1860    249.470    8.21892  250.47385     99.599 0.0000e+00
 -9.990e-29  -71.74236     13.000     12.900    14.7246    34.2458      8.115     0.0416 3.8654e+00  1025.5081    14.7227    29.8167     8.1884    249.556    8.22640  250.71540     99.538 0.0000e+00
 -9.990e-29  -71.74234     12.000     11.908    14.7182    34.1946      8.115     0.0406 4.5190e+00  1025.4657    14.7165    29.7792     8.1927    249.690    8.22777  250.75848     99.574 0.0000e+00
 -9.990e-29  -71.74234     11.000     10.916    14.6928    34.1293 -9.990e-29     0.0349 4.9180e+00  1025.4162    14.6912    29.7350     8.1964    249.806    8.23243  250.90572     99.562 0.0000e+00
   39.53186  -71.74234     10.000      9.924    14.6781    34.1058      8.115     0.0483 5.1995e+00  1025.3968    14.6766    29.7205     8.1940    249.739    8.23691  251.04550     99.480 0.0000e+00
   39.53186  -71.74234      9.000      8.931    14.6671    34.0940      8.117     0.0452 6.1508e+00  1025.3856    14.6657    29.7139     8.1874    249.537    8.23766  251.06908     99.390 0.0000e+00
   39.53186  -71.74232      8.000      7.939    14.6587    34.0827      8.118     0.0540 6.1146e+00  1025.3742    14.6576    29.7072     8.2072    250.141    8.23757  251.06621     99.632 0.0000e+00
   39.53186  -71.74234      7.000      6.947    14.6563    34.0809      8.118     0.0551 7.2805e+00  1025.3689    14.6552    29.7064     8.2204    250.542    8.23826  251.08764     99.783 0.0000e+00
   39.53185  -71.74232      6.000      5.954    14.6550    34.0790      8.118     0.0544 8.1900e+00  1025.3632    14.6542    29.7052     8.2024    249.993    8.23881  251.10424     99.558 0.0000e+00
   39.53186  -71.74234      5.000      4.962    14.6502    34.0758      8.119     0.0438 9.0620e+00  1025.3574    14.6495    29.7039     8.2055    250.090    8.23995  251.13923     99.582 0.0000e+00
   39.53186  -71.74233      4.000      3.970    14.6441    34.0754      8.118     0.0554 1.0808e+01  1025.3539    14.6435    29.7049     8.2013    249.962    8.23996  251.13932     99.531 0.0000e+00
   39.53186  -71.74232      3.000      2.977    14.6442    34.0749      8.118     0.0540 1.4036e+01  1025.3492    14.6437    29.7046     8.2121    250.291    8.23994  251.13890     99.663 0.0000e+00
   39.53186  -71.74229      2.000      1.985    14.6423    34.0753      8.117     0.0620 1.8320e+01  1025.3453    14.6420    29.7052     8.2063    250.113    8.24021  251.14690     99.588 0.0000e+00
