CalculateIndicators/WaterTemperature/Data/CTD_NYOS/20230517_C20.cnv
* Sea-Bird SBE 9 Data File:
* FileName = C:\Seabird 9 CTD\Data\2023\202305_offshore\20230517_C20.hex
* Software Version Seasave V 7.23.2
* Temperature SN = 4590
* Conductivity SN = 3228
* Number of Bytes Per Scan = 44
* Number of Voltage Words = 5
* Number of Scans Averaged by the Deck Unit = 1
* NMEA Latitude = 40 21.13 N
* NMEA Longitude = 072 19.05 W
* NMEA UTC (Time) = May 17 2023  12:13:08
* NMEA baud rate = 4800
** Ship: Seawolf
** Station: 10.3
** Operator: SJW
# nquan = 18
# nvalues = 11926                       
# units = specified
# name 0 = latitude: Latitude [deg]
# name 1 = longitude: Longitude [deg]
# name 2 = prDM: Pressure, Digiquartz [db]
# name 3 = depSM: Depth [salt water, m]
# name 4 = t090C: Temperature [ITS-90, deg C]
# name 5 = sal00: Salinity, Practical [PSU]
# name 6 = ph: pH
# name 7 = flECO-AFL: Fluorescence, WET Labs ECO-AFL/FL [mg/m^3]
# name 8 = cpar: CPAR/Corrected Irradiance [%]
# name 9 = density00: Density [density, kg/m^3]
# name 10 = potemp090C: Potential Temperature [ITS-90, deg C]
# name 11 = sigma-é00: Density [sigma-theta, kg/m^3]
# name 12 = sbeox0Mg/L: Oxygen, SBE 43 [mg/l]
# name 13 = sbox0Mm/Kg: Oxygen, SBE 43 [umol/kg]
# name 14 = oxsolMg/L: Oxygen Saturation, Garcia & Gordon [mg/l]
# name 15 = oxsolMm/Kg: Oxygen Saturation, Garcia & Gordon [umol/kg]
# name 16 = sbeox0PS: Oxygen, SBE 43 [% saturation]
# name 17 = flag:  0.000e+00
# span 0 =   40.34954,   40.35226       
# span 1 =  -72.31920,  -72.31760       
# span 2 =      1.229,     53.272       
# span 3 =      1.219,     52.856       
# span 4 =     6.4389,    13.2386       
# span 5 =    30.2331,    32.6943       
# span 6 =      7.865,      8.077       
# span 7 =    -0.0524,     0.7535       
# span 8 = 7.5654e-03, 9.2406e+01       
# span 9 =  1021.7795,  1025.8347       
# span 10 =     6.4346,    13.2384      
# span 11 =    22.3912,    25.5921      
# span 12 =     8.4707,     9.8347      
# span 13 =    258.136,    299.803      
# span 14 =    8.61678,    9.93069      
# span 15 =  263.06532,  302.59544      
# span 16 =     85.685,    109.485      
# span 17 = 0.0000e+00, 0.0000e+00      
# interval = seconds: 0.0416667
# start_time = May 17 2023 12:13:10 [System UTC, first data scan.]
# bad_flag = -9.990e-29
*END*
[from data line 2573]
   40.35164  -72.31802     50.948     50.550     6.4404    32.5850      7.880     0.1088 1.1473e-02  1025.8248     6.4361    25.5903     8.5452    260.379    9.93022  302.58060     86.053 -9.990e-29
   40.35164  -72.31802     50.965     50.566     6.4404    32.5850      7.880     0.1088 1.1583e-02  1025.8249     6.4361    25.5902     8.5459    260.399    9.93021  302.58031     86.059 -9.990e-29
   40.35164  -72.31802     50.965     50.566     6.4405    32.5850      7.875     0.1088 1.1503e-02  1025.8248     6.4362    25.5902     8.5465    260.419    9.93021  302.58032     86.066 -9.990e-29
   40.35164  -72.31802     50.986     50.587     6.4404    32.5851      7.880     0.0819 1.1282e-02  1025.8251     6.4361    25.5903     8.5462    260.410    9.93025  302.58154     86.063 -9.990e-29
   40.35164  -72.31802     51.006     50.608     6.4404    32.5851      7.875     0.0685 1.1110e-02  1025.8253     6.4361    25.5905     8.5469    260.430    9.93020  302.58009     86.070 -9.990e-29
   40.35164  -72.31802     51.030     50.631     6.4402    32.5851      7.880     0.0685 1.1124e-02  1025.8254     6.4359    25.5905     8.5466    260.422    9.93021  302.58034     86.067 -9.990e-29
   40.35164  -72.31802     51.057     50.658     6.4402    32.5851      7.880     0.0685 1.0908e-02  1025.8254     6.4359    25.5904     8.5464    260.414    9.93024  302.58129     86.064 -9.990e-29
   40.35164  -72.31802     51.078     50.679     6.4403    32.5851      7.875     0.0685 1.0771e-02  1025.8254     6.4360    25.5904     8.5461    260.405    9.93023  302.58096     86.061 -9.990e-29
   40.35164  -72.31802     51.099     50.699     6.4404    32.5851      7.875     0.0685 1.0785e-02  1025.8254     6.4361    25.5904     8.5468    260.427    9.93022  302.58066     86.069 -9.990e-29
   40.35164  -72.31802     51.108     50.709     6.4401    32.5851      7.875     0.0685 1.0799e-02  1025.8259     6.4357    25.5904     8.5476    260.451    9.93023  302.58096     86.076 -9.990e-29
   40.35164  -72.31802     51.129     50.729     6.4402    32.5851      7.875     0.0685 1.0844e-02  1025.8256     6.4359    25.5904     8.5484    260.477    9.93025  302.58159     86.085 -9.990e-29
   40.35164  -72.31802     51.162     50.762     6.4402    32.5851      7.875     0.0685 1.0858e-02  1025.8258     6.4359    25.5904     8.5493    260.502    9.93023  302.58096     86.093 -9.990e-29
   40.35164  -72.31802     51.220     50.820     6.4401    32.5851      7.875     0.0685 1.0781e-02  1025.8266     6.4357    25.5905     8.5491    260.498    9.93023  302.58112     86.092 -9.990e-29
   40.35164  -72.31802     51.231     50.831     6.4405    32.5851      7.880     0.0685 1.0645e-02  1025.8262     6.4362    25.5905     8.5490    260.495    9.93022  302.58067     86.091 -9.990e-29
   40.35164  -72.31800     51.271     50.871     6.4404    32.5851      7.875     0.0685 1.0614e-02  1025.8262     6.4361    25.5904     8.5434    260.323    9.93019  302.57966     86.035 -9.990e-29
   40.35164  -72.31800     51.271     50.871     6.4402    32.5851      7.875     0.0685 1.0390e-02  1025.8265     6.4359    25.5904     8.5488    260.489    9.93017  302.57919     86.089 -9.990e-29
   40.35164  -72.31800     51.322     50.921     6.4402    32.5851      7.875     0.0685 9.9942e-03  1025.8268     6.4359    25.5904     8.5488    260.488    9.93017  302.57904     86.089 -9.990e-29
   40.35164  -72.31800     51.347     50.946     6.4404    32.5851      7.875     0.0685 9.8775e-03  1025.8266     6.4360    25.5903     8.5497    260.516    9.93014  302.57833     86.099 -9.990e-29
   40.35164  -72.31800     51.374     50.972     6.4402    32.5851      7.880     0.0685 1.0051e-02  1025.8268     6.4359    25.5903     8.5443    260.351    9.93018  302.57949     86.044 -9.990e-29
   40.35164  -72.31800     51.394     50.992     6.4404    32.5851      7.875     0.0685 1.0372e-02  1025.8269     6.4360    25.5903     8.5433    260.321    9.93009  302.57684     86.035 -9.990e-29
   40.35164  -72.31800     51.425     51.023     6.4405    32.5851      7.880     0.0685 1.0506e-02  1025.8271     6.4362    25.5903     8.5424    260.293    9.93005  302.57574     86.026 -9.990e-29
   40.35164  -72.31800     51.455     51.053     6.4405    32.5851      7.880     0.0685 1.0417e-02  1025.8272     6.4362    25.5904     8.5416    260.268    9.93005  302.57573     86.017 -9.990e-29
   40.35164  -72.31800     51.496     51.094     6.4404    32.5851      7.875     0.0685 1.0195e-02  1025.8276     6.4360    25.5904     8.5408    260.245    9.93009  302.57665     86.010 -9.990e-29
   40.35164  -72.31800     51.527     51.124     6.4402    32.5851      7.880     0.0685 1.0064e-02  1025.8275     6.4358    25.5904     8.5401    260.223    9.93009  302.57664     86.002 -9.990e-29
   40.35164  -72.31800     51.557     51.154     6.4404    32.5851      7.880     0.0685 1.0064e-02  1025.8277     6.4360    25.5904     8.5394    260.202    9.93010  302.57709     85.995 -9.990e-29
   40.35164  -72.31800     51.561     51.158     6.4402    32.5849      7.875     0.0685 9.8905e-03  1025.8277     6.4358    25.5902     8.5388    260.182    9.93011  302.57747     85.989 -9.990e-29
   40.35164  -72.31800     51.599     51.195     6.4405    32.5849      7.880     0.0685 9.8044e-03  1025.8274     6.4362    25.5901     8.5381    260.163    9.93011  302.57731     85.982 -9.990e-29
   40.35164  -72.31800     51.639     51.235     6.4404    32.5849      7.875     0.0685 9.7488e-03  1025.8279     6.4360    25.5902     8.5376    260.147    9.93017  302.57894     85.977 -9.990e-29
   40.35164  -72.31800     51.629     51.225     6.4405    32.5849      7.875     0.0685 9.1625e-03  1025.8278     6.4362    25.5902     8.5370    260.129    9.93012  302.57773     85.971 -9.990e-29
   40.35164  -72.31800     51.670     51.266     6.4404    32.5849 -9.990e-29     0.0685 8.7976e-03  1025.8281     6.4360    25.5903     8.5366    260.115    9.93018  302.57943     85.966 -9.990e-29
   40.35164  -72.31800     51.722     51.317     6.4404    32.5850 -9.990e-29     0.0685 8.7576e-03  1025.8284     6.4360    25.5904     8.5426    260.299    9.93018  302.57934     86.027 -9.990e-29
   40.35164  -72.31800     51.701     51.297     6.4401    32.5850 -9.990e-29     0.0685 8.9065e-03  1025.8286     6.4357    25.5904     8.5366    260.118    9.93019  302.57995     85.967 -9.990e-29
   40.35164  -72.31800     51.762     51.357     6.4404    32.5850      7.875     0.0685 8.9874e-03  1025.8287     6.4360    25.5904     8.5362    260.104    9.93018  302.57952     85.962 -9.990e-29
   40.35164  -72.31800     51.803     51.398     6.4405    32.5849      7.875     0.0685 8.9874e-03  1025.8286     6.4362    25.5902     8.5369    260.125    9.93022  302.58082     85.969 -9.990e-29
   40.35164  -72.31800     51.775     51.371     6.4404    32.5849      7.875     0.0685 9.0162e-03  1025.8284     6.4360    25.5900     8.5366    260.116    9.93024  302.58121     85.966 -9.990e-29
   40.35164  -72.31800     51.824     51.419     6.4404    32.5849      7.875     0.0685 9.0162e-03  1025.8285     6.4360    25.5900     8.5363    260.108    9.93022  302.58080     85.963 -9.990e-29
   40.35164  -72.31800     51.833     51.428     6.4404    32.5848      7.875     0.0685 9.0045e-03  1025.8287     6.4360    25.5902     8.5361    260.102    9.93027  302.58210     85.961 -9.990e-29
   40.35164  -72.31800     51.854     51.449     6.4402    32.5848      7.875     0.0685 9.1677e-03  1025.8292     6.4358    25.5902     8.5359    260.096    9.93023  302.58087     85.959 -9.990e-29
   40.35164  -72.31802     51.894     51.488     6.4405    32.5848      7.875     0.0685 9.4036e-03  1025.8288     6.4361    25.5901     8.5348    260.060    9.93021  302.58037     85.947 -9.990e-29
   40.35164  -72.31802     51.884     51.479     6.4401    32.5847      7.875     0.0685 9.4749e-03  1025.8291     6.4357    25.5901     8.5346    260.057    9.93022  302.58068     85.946 -9.990e-29
   40.35164  -72.31802     51.926     51.520     6.4402    32.5847      7.875     0.0685 9.4626e-03  1025.8291     6.4358    25.5900     8.5345    260.053    9.93020  302.58011     85.945 -9.990e-29
   40.35164  -72.31802     51.936     51.530     6.4405    32.5847      7.875     0.0685 9.4921e-03  1025.8290     6.4361    25.5900     8.5345    260.053    9.93027  302.58235     85.945 -9.990e-29
   40.35164  -72.31802     51.966     51.560     6.4404    32.5847      7.875     0.0685 9.4921e-03  1025.8292     6.4360    25.5900     8.5345    260.052    9.93023  302.58109     85.944 -9.990e-29
   40.35164  -72.31802     51.966     51.560     6.4405    32.5847 -9.990e-29     0.0685 9.4381e-03  1025.8292     6.4361    25.5900     8.5281    259.856    9.93024  302.58140     85.880 -9.990e-29
   40.35164  -72.31802     52.007     51.601     6.4404    32.5847 -9.990e-29     0.0685 9.1782e-03  1025.8296     6.4360    25.5900     8.5336    260.026    9.93024  302.58143     85.936 -9.990e-29
   40.35164  -72.31802     51.996     51.590     6.4404    32.5847      7.875     0.0685 9.0849e-03  1025.8293     6.4360    25.5900     8.5338    260.031    9.93024  302.58158     85.937 -9.990e-29
   40.35164  -72.31802     52.028     51.621     6.4404    32.5847      7.875     0.0685 9.1138e-03  1025.8295     6.4360    25.5900     8.5340    260.036    9.93021  302.58051     85.940 -9.990e-29
   40.35164  -72.31802     52.031     51.624     6.4402    32.5847 -9.990e-29     0.0685 9.2776e-03  1025.8296     6.4358    25.5900     8.5342    260.043    9.93022  302.58073     85.942 -9.990e-29
   40.35164  -72.31802     52.038     51.631     6.4404    32.5847      7.875     0.0685 9.3895e-03  1025.8296     6.4360    25.5900     8.5345    260.051    9.93019  302.57995     85.945 -9.990e-29
   40.35164  -72.31802     52.058     51.651     6.4404    32.5847 -9.990e-29     0.0685 9.3774e-03  1025.8298     6.4360    25.5900     8.5348    260.061    9.93021  302.58033     85.948 -9.990e-29
   40.35164  -72.31802     52.068     51.661     6.4404    32.5847      7.875     0.0685 9.2829e-03  1025.8298     6.4360    25.5900     8.5352    260.074    9.93028  302.58233     85.951 -9.990e-29
   40.35164  -72.31802     52.068     51.661     6.4404    32.5847      7.875     0.0685 9.2300e-03  1025.8294     6.4360    25.5899     8.5355    260.084    9.93017  302.57933     85.956 -9.990e-29
   40.35164  -72.31802     52.079     51.672     6.4405    32.5847      7.875     0.0685 9.1773e-03  1025.8296     6.4361    25.5899     8.5360    260.097    9.93020  302.58000     85.960 -9.990e-29
   40.35164  -72.31802     52.079     51.672     6.4404    32.5846      7.875     0.0685 9.2064e-03  1025.8299     6.4360    25.5900     8.5364    260.111    9.93016  302.57883     85.965 -9.990e-29
   40.35164  -72.31802     52.099     51.691     6.4402    32.5846      7.875     0.0685 9.2473e-03  1025.8301     6.4358    25.5901     8.5371    260.130    9.93022  302.58058     85.970 -9.990e-29
   40.35164  -72.31802     52.089     51.682     6.4404    32.5846      7.875     0.0685 9.2355e-03  1025.8297     6.4360    25.5900     8.5375    260.145    9.93017  302.57930     85.976 -9.990e-29
   40.35164  -72.31802     52.099     51.691     6.4404    32.5846      7.875     0.0685 9.0612e-03  1025.8298     6.4360    25.5900     8.5382    260.164    9.93019  302.57991     85.982 -9.990e-29
   40.35164  -72.31802     52.089     51.682     6.4404    32.5846      7.875     0.0685 8.9004e-03  1025.8297     6.4360    25.5900     8.5389    260.185    9.93022  302.58078     85.989 -9.990e-29
   40.35164  -72.31802     52.099     51.691     6.4402    32.5846      7.875     0.0685 8.8492e-03  1025.8300     6.4358    25.5900     8.5395    260.206    9.93022  302.58077     85.996 -9.990e-29
   40.35164  -72.31802     52.089     51.682     6.4404    32.5846      7.875     0.0685 8.8492e-03  1025.8297     6.4360    25.5899     8.5402    260.227    9.93021  302.58029     86.003 -9.990e-29
   40.35164  -72.31802     52.099     51.691     6.4404    32.5846      7.875     0.0685 8.7983e-03  1025.8297     6.4360    25.5899     8.5410    260.251    9.93017  302.57933     86.011 -9.990e-29
   40.35164  -72.31802     52.110     51.702     6.4404    32.5846      7.875     0.0685 8.7983e-03  1025.8299     6.4360    25.5900     8.5418    260.276    9.93018  302.57955     86.019 -9.990e-29
   40.35162  -72.31802     52.099     51.691     6.4405    32.5847      7.875     0.0685 8.9064e-03  1025.8298     6.4361    25.5901     8.5427    260.303    9.93021  302.58048     86.028 -9.990e-29
   40.35162  -72.31802     52.089     51.682     6.4405    32.5848      7.875     0.0685 9.1885e-03  1025.8299     6.4361    25.5902     8.5426    260.300    9.93022  302.58080     86.027 -9.990e-29
   40.35162  -72.31802     52.093     51.686     6.4405    32.5848      7.875     0.0685 9.2994e-03  1025.8300     6.4361    25.5902     8.5435    260.326    9.93021  302.58033     86.035 -9.990e-29
   40.35162  -72.31802     52.079     51.672     6.4407    32.5848      7.875     0.0685 9.2994e-03  1025.8298     6.4363    25.5901     8.5444    260.355    9.93022  302.58064     86.045 -9.990e-29
   40.35162  -72.31802     52.089     51.682     6.4405    32.5847      7.875     0.0685 9.2994e-03  1025.8298     6.4361    25.5900     8.5455    260.387    9.93023  302.58108     86.055 -9.990e-29
   40.35162  -72.31802     52.068     51.661     6.4410    32.5845      7.875     0.0685 9.3404e-03  1025.8294     6.4366    25.5898     8.5455    260.386    9.93024  302.58135     86.055 -9.990e-29
   40.35162  -72.31802     52.058     51.651     6.4412    32.5844      7.875     0.0685 9.3404e-03  1025.8293     6.4368    25.5897     8.5455    260.388    9.93029  302.58271     86.055 -9.990e-29
   40.35162  -72.31802     52.047     51.640     6.4412    32.5844      7.875     0.0685 9.2584e-03  1025.8292     6.4368    25.5897     8.5455    260.388    9.93027  302.58233     86.055 -9.990e-29
   40.35162  -72.31802     52.038     51.631     6.4410    32.5844      7.875     0.0685 9.2584e-03  1025.8294     6.4366    25.5898     8.5455    260.389    9.93029  302.58271     86.055 -9.990e-29
   40.35162  -72.31802     52.028     51.621     6.4410    32.5844      7.875     0.0685 9.2584e-03  1025.8293     6.4366    25.5898     8.5455    260.389    9.93027  302.58234     86.055 -9.990e-29
   40.35162  -72.31802     52.017     51.610     6.4410    32.5844      7.875     0.0685 9.2176e-03  1025.8291     6.4366    25.5898     8.5456    260.390    9.93028  302.58251     86.056 -9.990e-29
   40.35162  -72.31802     52.007     51.601     6.4409    32.5845      7.875     0.0685 9.2176e-03  1025.8293     6.4365    25.5899     8.5456    260.390    9.93030  302.58311     86.056 -9.990e-29
   40.35162  -72.31802     51.996     51.590     6.4409    32.5845      7.875     0.0685 9.1769e-03  1025.8293     6.4365    25.5900     8.5455    260.389    9.93024  302.58128     86.056 -9.990e-29
   40.35162  -72.31802     51.996     51.590     6.4405    32.5845      7.875     0.0685 9.3816e-03  1025.8296     6.4361    25.5900     8.5456    260.390    9.93028  302.58239     86.056 -9.990e-29
   40.35162  -72.31802     51.966     51.560     6.4409    32.5845      7.875     0.0551 9.5475e-03  1025.8290     6.4365    25.5899     8.5457    260.392    9.93035  302.58454     86.056 -9.990e-29
   40.35162  -72.31802     51.966     51.560     6.4407    32.5845      7.875     0.0551 9.5596e-03  1025.8289     6.4363    25.5899     8.5456    260.392    9.93029  302.58287     86.056 -9.990e-29
   40.35162  -72.31802     51.945     51.539     6.4405    32.5845      7.875     0.0551 9.4763e-03  1025.8292     6.4361    25.5899     8.5457    260.393    9.93032  302.58387     86.056 -9.990e-29
   40.35162  -72.31802     51.940     51.534     6.4405    32.5845      7.875     0.0551 9.3642e-03  1025.8290     6.4361    25.5899     8.5467    260.423    9.93029  302.58288     86.067 -9.990e-29
