CalculateIndicators/WaterTemperature/Data/CTD_NYOS/20230517_C23A.cnv
* Sea-Bird SBE 9 Data File:
* FileName = C:\Seabird 9 CTD\Data\2023\202305_offshore\20230517_C25A.hex
* Software Version Seasave V 7.23.2
* Temperature SN = 4590
* Conductivity SN = 3228
* Number of Bytes Per Scan = 44
* Number of Voltage Words = 5
* Number of Scans Averaged by the Deck Unit = 1
* NMEA Latitude = 39 44.02 N
* NMEA Longitude = 071 25.33 W
* NMEA UTC (Time) = May 18 2023  04:38:35
* NMEA baud rate = 4800
** Ship: Seawolf
** Station: 11.7
** Operator: TDK
# nquan = 18
# nvalues = 203                         
# units = specified
# name 0 = latitude: Latitude [deg]
# name 1 = longitude: Longitude [deg]
# name 2 = prDM: Pressure, Digiquartz [db]
# name 3 = depSM: Depth [salt water, m]
# name 4 = t090C: Temperature [ITS-90, deg C]
# name 5 = sal00: Salinity, Practical [PSU]
# name 6 = ph: pH
# name 7 = flECO-AFL: Fluorescence, WET Labs ECO-AFL/FL [mg/m^3]
# name 8 = cpar: CPAR/Corrected Irradiance [%]
# name 9 = density00: Density [density, kg/m^3]
# name 10 = potemp090C: Potential Temperature [ITS-90, deg C]
# name 11 = sigma-100: Density [sigma-1, kg/m^3 ]
# name 12 = sbeox0Mg/L: Oxygen, SBE 43 [mg/l]
# name 13 = sbox0Mm/Kg: Oxygen, SBE 43 [umol/kg]
# name 14 = oxsolMg/L: Oxygen Saturation, Garcia & Gordon [mg/l]
# name 15 = oxsolMm/Kg: Oxygen Saturation, Garcia & Gordon [umol/kg]
# name 16 = sbeox0PS: Oxygen, SBE 43 [% saturation]
# name 17 = flag: flag
# span 0 =   39.73320,   39.73379       
# span 1 =  -71.42488,  -71.42222       
# span 2 =      2.000,    103.000       
# span 3 =      1.985,    102.188       
# span 4 =    12.8739,    14.4494       
# span 5 =    33.5994,    35.2491       
# span 6 =      8.009,      8.144       
# span 7 =    -0.0891,     0.9530       
# span 8 = -4.422e+04, 1.0332e+05       
# span 9 =  1025.2342,  1027.0086       
# span 10 =    12.8615,    14.4476      
# span 11 =    29.6205,    30.9444      
# span 12 =     6.7559,     8.6597      
# span 13 =    205.665,    263.961      
# span 14 =    8.27387,    8.48488      
# span 15 =  252.17278,  258.30801      
# span 16 =     80.023,    102.362      
# span 17 = 0.0000e+00, 0.0000e+00      
# interval = decibars: 1                
# start_time = May 18 2023 04:38:37 [System UTC, first data scan.]
# bad_flag = -9.990e-29
*END*
   39.73379  -71.42222      2.000      1.985    13.4129    33.5994      8.143     0.3571 1.1913e+04  1025.2342    13.4126    29.6205     8.6402    263.365    8.47170  258.22985    101.989 0.0000e+00
   39.73378  -71.42226      3.000      2.977    13.4153    33.6015      8.143     0.3751 2.9581e+03  1025.2398    13.4149    29.6216     8.6597    263.961    8.47280  258.26362    102.206 0.0000e+00
   39.73376  -71.42230      4.000      3.970    13.4114    33.6001      8.144     0.3951 4.0689e+00  1025.2439    13.4108    29.6214     8.6475    263.589    8.47317  258.27503    102.058 0.0000e+00
   39.73377  -71.42229      5.000      4.962    13.4119    33.6001      8.143     0.3807 5.0640e-11  1025.2484    13.4112    29.6214     8.6441    263.486    8.47271  258.26077    102.023 0.0000e+00
   39.73378  -71.42229      6.000      5.954    13.4153    33.6019      8.143     0.3781 5.0640e-11  1025.2536    13.4144    29.6220     8.6361    263.238    8.45719  257.78436    102.115 0.0000e+00
   39.73378  -71.42230      7.000      6.946    13.4407    33.6247      8.143     0.3872 5.0640e-11  1025.2706    13.4398    29.6340     8.6332    263.146    8.43397  257.07434    102.362 0.0000e+00
   39.73378  -71.42230      8.000      7.939    13.5747    33.6700      8.142     0.3634 5.0640e-11  1025.2825    13.5736    29.6386     8.6106    262.458    8.43359  257.06389    102.098 0.0000e+00
   39.73376  -71.42232      9.000      8.931    13.7406    33.7594      8.137     0.3186 5.0640e-11  1025.3232    13.7394    29.6711     8.5358    260.167    8.36386  254.92704    102.059 0.0000e+00
   39.73376  -71.42233     10.000      9.923    14.2154    33.9415      8.129     0.2173 5.0640e-11  1025.3680    14.2139    29.7013     8.3511    254.529    8.28235  252.43376    100.830 0.0000e+00
   39.73373  -71.42235     11.000     10.916    14.4235    34.0000      8.124     0.1095 5.0640e-11  1025.3740    14.4219    29.6987     8.2410    251.177    8.31409  253.40437     99.122 0.0000e+00
   39.73372  -71.42238     12.000     11.908    14.3586    34.0200      8.122     0.0963 5.0640e-11  1025.4077    14.3569    29.7290     8.2793    252.332    8.28910  252.63035     99.882 0.0000e+00
   39.73375  -71.42236     13.000     12.900    14.3623    34.0388      8.121     0.0454 5.0640e-11  1025.4259    14.3605    29.7426     8.2429    251.219    8.29512  252.80957     99.371 0.0000e+00
   39.73374  -71.42236     14.000     13.893    14.3251    34.0432 -9.990e-29     0.0450 5.0640e-11  1025.4417    14.3230    29.7546     8.2506    251.449    8.30209  253.01855     99.380 0.0000e+00
   39.73374  -71.42237     15.000     14.885    14.2928    34.0484 -9.990e-29     0.0453 5.0640e-11  1025.4570    14.2907    29.7660     8.2669    251.943    8.30614  253.14022     99.527 0.0000e+00
   39.73372  -71.42240     16.000     15.877    14.2510    34.0494      8.122     0.0585 5.0640e-11  1025.4710    14.2487    29.7764     8.2815    252.387    8.31120  253.29313     99.642 0.0000e+00
   39.73372  -71.42240     17.000     16.869    14.2077    34.0470      8.122     0.0689 5.0640e-11  1025.4828    14.2052    29.7846     8.2798    252.333    8.31616  253.44216     99.562 0.0000e+00
   39.73372  -71.42242     18.000     17.862    14.1941    34.0506 -9.990e-29     0.0642 5.0640e-11  1025.4929    14.1915    29.7906     8.2984    252.900    8.31690  253.46374     99.777 0.0000e+00
   39.73370  -71.42244     19.000     18.854    14.1864    34.0579 -9.990e-29     0.0617 5.0640e-11  1025.5046    14.1836    29.7979     8.3244    253.689    8.31780  253.48918    100.079 0.0000e+00
   39.73370  -71.42244     20.000     19.846    14.1803    34.0685      8.122     0.0777 5.0640e-11  1025.5186    14.1774    29.8075     8.3073    253.166    8.31985  253.54771     99.849 0.0000e+00
   39.73370  -71.42244     21.000     20.839    14.1703    34.0775      8.123     0.0682 5.0640e-11  1025.5321    14.1672    29.8167     8.3061    253.125    8.32184  253.60504     99.811 0.0000e+00
   39.73370  -71.42244     22.000     21.831    14.1598    34.0835      8.122     0.0784 5.0640e-11  1025.5434    14.1567    29.8237     8.3116    253.295    8.32134  253.59055     99.883 0.0000e+00
   39.73370  -71.42244     23.000     22.823    14.1465    34.0939      8.123     0.0740 5.0640e-11  1025.5587    14.1432    29.8348     8.3268    253.754    8.32525  253.70555    100.019 0.0000e+00
   39.73370  -71.42246     24.000     23.815    14.0936    34.1142      8.124     0.0714 5.0640e-11  1025.5899    14.0902    29.8624     8.3243    253.667    8.33356  253.94901     99.889 0.0000e+00
   39.73369  -71.42247     25.000     24.808    14.0799    34.1255      8.125     0.0882 2.6413e+04  1025.6060    14.0763    29.8742     8.3393    254.123    8.33389  253.95667    100.065 0.0000e+00
   39.73370  -71.42246     26.000     25.800    14.0601    34.1467      8.125     0.0689 9.9502e+04  1025.6310    14.0563    29.8951     8.3462    254.325    8.33591  254.01209    100.123 0.0000e+00
   39.73369  -71.42248     27.000     26.792    14.0381    34.1758      8.126 -9.990e-29 5.8593e+04  1025.6626    14.0342    29.9224     8.3704    255.050    8.34671  254.32890    100.284 0.0000e+00
   39.73370  -71.42247     28.000     27.784    13.9491    34.2267      8.127     0.1030 4.1414e+03  1025.7249    13.9451    29.9816     8.3895    255.619    8.36208  254.78435    100.328 0.0000e+00
   39.73369  -71.42250     29.000     28.776    13.8656    34.2570      8.127     0.1033 5.0640e-11  1025.7702    13.8615    30.0239     8.4467    257.325    8.39999  255.90054    100.557 0.0000e+00
   39.73369  -71.42250     30.000     29.769    13.7890    34.2845      8.128     0.0995 5.0640e-11  1025.8118    13.7847    30.0623     8.4145    256.336    8.40408  256.01900    100.124 0.0000e+00
   39.73369  -71.42250     31.000     30.761    13.5724    34.4116      8.128     0.0900 5.0640e-11  1025.9594    13.5681    30.2086     8.4927    258.705    8.41649  256.38384    100.905 0.0000e+00
   39.73369  -71.42252     32.000     31.753    13.4528    34.4740 -9.990e-29     0.1150 5.0640e-11  1026.0366    13.4484    30.2832     8.5303    259.835    8.41909  256.44697    101.321 0.0000e+00
   39.73370  -71.42249     33.000     32.745    13.4202    34.5129      8.129     0.1311 5.0640e-11  1026.0780    13.4156    30.3204     8.5464    260.321    8.40851  256.12059    101.640 0.0000e+00
   39.73369  -71.42252     34.000     33.738    13.4690    34.5555      8.129     0.1389 5.0640e-11  1026.1054    13.4643    30.3422     8.5357    259.994    8.40624  256.05045    101.540 0.0000e+00
   39.73369  -71.42253     35.000     34.730    13.5000    34.5786      8.129     0.1449 5.0640e-11  1026.1212    13.4951    30.3529     8.4818    258.348    8.41105  256.19346    100.841 0.0000e+00
   39.73368  -71.42256     36.000     35.722    13.4788    34.5834      8.129     0.1393 5.0640e-11  1026.1338    13.4738    30.3615     8.4964    258.792    8.41102  256.19175    101.015 0.0000e+00
   39.73370  -71.42254     37.000     36.714    13.4685    34.5893      8.129     0.1489 5.0640e-11  1026.1450    13.4633    30.3683     8.5096    259.194    8.41031  256.17004    101.181 0.0000e+00
   39.73370  -71.42254     38.000     37.706    13.4744    34.5921      8.129     0.1412 5.0640e-11  1026.1504    13.4692    30.3692     8.4975    258.817    8.38345  255.34378    101.360 0.0000e+00
   39.73368  -71.42256     39.000     38.699    13.5309    34.6513      8.129     0.1447 5.0640e-11  1026.1890    13.5255    30.4020     8.5121    259.258    8.35376  254.43455    101.896 0.0000e+00
   39.73366  -71.42259     40.000     39.691    13.6982    34.7227      8.130     0.1489 5.0640e-11  1026.2141    13.6925    30.4191     8.5052    259.047    8.35345  254.42383    101.817 0.0000e+00
   39.73368  -71.42258     41.000     40.683    13.7583    34.7401      8.133     0.1573 5.0640e-11  1026.2195    13.7525    30.4188     8.4808    258.296    8.35007  254.31329    101.566 0.0000e+00
   39.73369  -71.42259     42.000     41.675    13.7621    34.7661 -9.990e-29     0.1964 5.0640e-11  1026.2432    13.7562    30.4378     8.4585    257.605    8.33992  253.99384    101.422 0.0000e+00
   39.73369  -71.42258     43.000     42.667    13.7870    34.8294 -9.990e-29     0.2318 5.0640e-11  1026.2915    13.7809    30.4809     8.4328    256.822    8.33588  253.86956    101.163 0.0000e+00
   39.73368  -71.42261     44.000     43.659    13.8263    34.8621 -9.990e-29     0.3293 5.0640e-11  1026.3129    13.8201    30.4970     8.3850    255.356    8.33072  253.70445    100.651 0.0000e+00
   39.73367  -71.42262     45.000     44.651    13.8203    34.8813      8.125     0.3354 5.0640e-11  1026.3335    13.8139    30.5131     8.4010    255.838    8.33666  253.87909    100.772 0.0000e+00
   39.73366  -71.42264     46.000     45.643    13.8610    34.9246      8.123     0.3634 5.0640e-11  1026.3629    13.8544    30.5370     8.3760    255.076    8.33876  253.94174    100.447 0.0000e+00
   39.73370  -71.42260     47.000     46.636    13.8017    34.9296      8.120     0.5573 5.0640e-11  1026.3837    13.7950    30.5545     8.3298    253.670    8.34053  253.99556     99.872 0.0000e+00
   39.73368  -71.42262     48.000     47.628    13.7629    34.9273      8.118     0.7833 5.0640e-11  1026.3944    13.7561    30.5615     8.2795    252.128    8.35710  254.49285     99.071 0.0000e+00
   39.73370  -71.42262     49.000     48.620    13.6924    34.9368      8.113     0.7894 -9.990e-29  1026.4209    13.6855    30.5847     8.1986    249.666    8.35982  254.57408     98.072 0.0000e+00
   39.73369  -71.42263     50.000     49.612    13.6704    34.9435      8.105     0.7450 -9.990e-29  1026.4352    13.6634    30.5950     8.1117    247.015    8.36132  254.61596     97.015 0.0000e+00
   39.73367  -71.42265     51.000     50.604    13.6512    34.9524      8.103     0.7363 9.9999e+04  1026.4505    13.6440    30.6062     8.0723    245.809    8.36357  254.67931     96.517 0.0000e+00
   39.73368  -71.42264     52.000     51.596    13.6377    34.9738      8.099     0.6929 9.9999e+04  1026.4743    13.6303    30.6257     7.9949    243.451    8.36534  254.73102     95.572 0.0000e+00
   39.73368  -71.42264     53.000     52.588    13.6171    34.9881      8.092     0.6443 1.3077e+04  1026.4941    13.6096    30.6414     7.9250    241.318    8.37613  255.05494     94.614 0.0000e+00
   39.73367  -71.42266     54.000     53.581    13.5666    34.9914      8.091     0.5941 -6.747e+02  1026.5115    13.5590    30.6551     7.8743    239.767    8.39677  255.67676     93.777 0.0000e+00
   39.73367  -71.42266     55.000     54.573    13.4951    35.0037      8.083     0.5486 5.0640e-11  1026.5403    13.4874    30.6808     7.7679    236.527    8.40380  255.88882     92.434 0.0000e+00
   39.73368  -71.42265     56.000     55.565    13.4094    34.9982      8.076     0.4567 5.0640e-11  1026.5581    13.4015    30.6957     7.6920    234.214    8.41155  256.12510     91.445 0.0000e+00
   39.73367  -71.42269     57.000     56.557    13.3514    34.9819      8.073     0.4267 5.0640e-11  1026.5620    13.3434    30.6963     7.7061    234.644    8.43516  256.84190     91.357 0.0000e+00
   39.73368  -71.42266     58.000     57.549    13.2627    34.9683      8.070     0.3990 5.0640e-11  1026.5742    13.2547    30.7058     7.6705    233.559    8.43936  256.96892     90.890 0.0000e+00
   39.73368  -71.42266     59.000     58.541    13.2112    34.9625      8.067     0.3719 5.0640e-11  1026.5845    13.2031    30.7126     7.6399    232.625    8.44391  257.10522     90.479 0.0000e+00
   39.73367  -71.42270     60.000     59.533    13.1559    34.9679      8.064     0.3864 5.0640e-11  1026.6046    13.1476    30.7293     7.6373    232.541    8.45064  257.30649     90.375 0.0000e+00
   39.73368  -71.42267     61.000     60.525    13.1336    34.9713      8.060     0.2792 5.0640e-11  1026.6161    13.1252    30.7367     7.5887    231.062    8.45297  257.37683     89.776 0.0000e+00
   39.73368  -71.42268     62.000     61.517    13.1101    34.9733      8.058     0.2692 5.0640e-11  1026.6270    13.1015    30.7436     7.5521    229.945    8.45364  257.39476     89.336 0.0000e+00
   39.73365  -71.42273     63.000     62.509    13.1059    34.9818      8.056     0.2229 5.0640e-11  1026.6388    13.0972    30.7510     7.5411    229.608    8.45616  257.46947     89.179 0.0000e+00
   39.73365  -71.42272     64.000     63.501    13.0925    34.9884      8.056     0.1878 5.0640e-11  1026.6510    13.0837    30.7590     7.5013    228.393    8.45672  257.48448     88.702 0.0000e+00
   39.73365  -71.42274     65.000     64.493    13.0800    34.9993 -9.990e-29     0.1683 5.0640e-11  1026.6666    13.0710    30.7703     7.4481    226.773    8.44942  257.25972     88.150 0.0000e+00
   39.73366  -71.42272     66.000     65.485    13.1027    35.0113      8.051     0.1501 5.0640e-11  1026.6756    13.0936    30.7744     7.4551    226.983    8.44419  257.09836     88.286 0.0000e+00
   39.73365  -71.42274     67.000     66.477    13.1400    35.0361      8.050     0.1148 5.0640e-11  1026.6918    13.1308    30.7853     7.4128    225.694    8.44366  257.08104     87.791 0.0000e+00
   39.73364  -71.42276     68.000     67.469    13.1426    35.0434      8.046     0.0880 5.0640e-11  1026.7014    13.1332    30.7904     7.3651    224.241    8.44105  257.00032     87.253 0.0000e+00
   39.73364  -71.42275     69.000     68.462    13.1576    35.0563      8.046     0.0881 5.0640e-11  1026.7128    13.1480    30.7970     7.3531    223.873    8.44207  257.02844     87.101 0.0000e+00
   39.73364  -71.42275     70.000     69.454    13.1562    35.0632      8.045     0.0718 5.0640e-11  1026.7228    13.1465    30.8026     7.3318    223.223    8.44382  257.08102     86.830 0.0000e+00
   39.73364  -71.42279     71.000     70.446    13.1335    35.0666      8.042     0.0488 5.0640e-11  1026.7346    13.1237    30.8103     7.2922    222.019    8.44444  257.09966     86.355 0.0000e+00
   39.73364  -71.42277     72.000     71.438    13.1320    35.0672 -9.990e-29     0.0507 5.0640e-11  1026.7398    13.1220    30.8111     7.2836    221.757    8.44493  257.11417     86.249 0.0000e+00
   39.73364  -71.42276     73.000     72.430    13.1270    35.0684      8.040     0.0493 5.0640e-11  1026.7462    13.1169    30.8132     7.2869    221.853    8.44478  257.10649     86.289 0.0000e+00
   39.73364  -71.42280     74.000     73.422    13.1245    35.0794      8.040     0.0488 5.0640e-11  1026.7597    13.1142    30.8222     7.2641    221.158    8.44499  257.11101     86.016 0.0000e+00
   39.73364  -71.42278     75.000     74.414    13.1219    35.0884      8.037     0.0228 2.9590e+04  1026.7716    13.1116    30.8297     7.2299    220.114    8.44529  257.11796     85.608 0.0000e+00
   39.73363  -71.42280     76.000     75.406    13.1156    35.1007      8.036     0.0188 1.0108e+05  1026.7869    13.1051    30.8406     7.1994    219.186    8.44321  257.05382     85.269 0.0000e+00
   39.73364  -71.42280     77.000     76.398    13.1199    35.1075      8.034     0.0191 4.8017e+04  1026.7958    13.1093    30.8450     7.1734    218.393    8.43489  256.79809     85.044 0.0000e+00
   39.73364  -71.42280     78.000     77.390    13.1459    35.1221      8.033    -0.0019 2.3282e+03  1026.8062    13.1351    30.8504     7.1756    218.458    8.43356  256.75757     85.084 0.0000e+00
   39.73363  -71.42283     79.000     78.382    13.1766    35.1348      8.032     0.0014 5.0640e-11  1026.8143    13.1657    30.8533     7.1569    217.889    8.43604  256.83257     84.837 0.0000e+00
   39.73362  -71.42280     80.000     79.374    13.1553    35.1306      8.032    -0.0078 5.0640e-11  1026.8197    13.1442    30.8548     7.1613    218.020    8.47322  257.96017     84.517 0.0000e+00
   39.73362  -71.42281     81.000     80.366    13.1168    35.1148      8.032    -0.0122 5.0640e-11  1026.8200    13.1057    30.8514     7.1170    216.671    8.47291  257.94951     83.997 0.0000e+00
