CalculateIndicators/WaterTemperature/Data/CTD_NYOS/20230518_C27.cnv
* Sea-Bird SBE 9 Data File:
* FileName = C:\Seabird 9 CTD\Data\2023\202305_offshore\20230518_C27.hex
* Software Version Seasave V 7.23.2
* Temperature SN = 4590
* Conductivity SN = 3228
* Number of Bytes Per Scan = 44
* Number of Voltage Words = 5
* Number of Scans Averaged by the Deck Unit = 1
* NMEA Latitude = 40 07.05 N
* NMEA Longitude = 071 40.36 W
* NMEA UTC (Time) = May 18 2023  11:34:06
* NMEA baud rate = 4800
** Ship: Seawolf
** Station: 11.5
** Operator: tcm
# nquan = 18
# nvalues = 18466                       
# units = specified
# name 0 = latitude: Latitude [deg]
# name 1 = longitude: Longitude [deg]
# name 2 = prDM: Pressure, Digiquartz [db]
# name 3 = depSM: Depth [salt water, m]
# name 4 = t090C: Temperature [ITS-90, deg C]
# name 5 = sal00: Salinity, Practical [PSU]
# name 6 = ph: pH
# name 7 = flECO-AFL: Fluorescence, WET Labs ECO-AFL/FL [mg/m^3]
# name 8 = cpar: CPAR/Corrected Irradiance [%]
# name 9 = density00: Density [density, kg/m^3]
# name 10 = potemp090C: Potential Temperature [ITS-90, deg C]
# name 11 = sigma-é00: Density [sigma-theta, kg/m^3]
# name 12 = sbeox0Mg/L: Oxygen, SBE 43 [mg/l]
# name 13 = sbox0Mm/Kg: Oxygen, SBE 43 [umol/kg]
# name 14 = oxsolMg/L: Oxygen Saturation, Garcia & Gordon [mg/l]
# name 15 = oxsolMm/Kg: Oxygen Saturation, Garcia & Gordon [umol/kg]
# name 16 = sbeox0PS: Oxygen, SBE 43 [% saturation]
# name 17 = flag:  0.000e+00
# span 0 =   40.11734,   40.11770       
# span 1 =  -71.67634,  -71.67266       
# span 2 =      2.144,     81.600       
# span 3 =      2.128,     80.958       
# span 4 =     7.0837,    11.6441       
# span 5 =    32.9234,    33.1893       
# span 6 =      7.877,      8.203       
# span 7 =    -0.0389,     1.8548       
# span 8 = 6.2441e-14, 1.5029e+02       
# span 9 =  1025.1789,  1026.2973       
# span 10 =     7.0801,    11.6437      
# span 11 =    25.1633,    25.9267      
# span 12 =     8.0722,     9.7570      
# span 13 =    245.885,    297.422      
# span 14 =    8.81912,    9.75209      
# span 15 =  268.83485,  297.06543      
# span 16 =     83.189,    110.487      
# span 17 = 0.0000e+00, 0.0000e+00      
# interval = seconds: 0.0416667
# start_time = May 18 2023 11:34:08 [System UTC, first data scan.]
# bad_flag = -9.990e-29
*END*
[from data line 14392]
   40.11754  -71.67554     26.031     25.830    11.5886    33.0795 -9.990e-29     1.1833 3.4390e-01  1025.2913    11.5853    25.1747     9.6756    294.940    8.82778  269.09757    109.603 -9.990e-29
   40.11754  -71.67554     26.052     25.850    11.5882    33.0796 -9.990e-29     1.1833 3.5582e-01  1025.2914    11.5850    25.1746     9.6705    294.787    8.82770  269.09516    109.548 -9.990e-29
   40.11754  -71.67554     26.061     25.860    11.5882    33.0796 -9.990e-29     1.1967 3.7999e-01  1025.2914    11.5850    25.1748     9.6764    294.967    8.82758  269.09167    109.616 -9.990e-29
   40.11752  -71.67554     26.072     25.870    11.5880    33.0799 -9.990e-29     1.1967 4.1382e-01  1025.2919    11.5848    25.1750     9.6768    294.979    8.82750  269.08911    109.621 -9.990e-29
   40.11752  -71.67554     26.097     25.895    11.5879    33.0799 -9.990e-29     1.1967 4.6339e-01  1025.2923    11.5847    25.1752     9.6716    294.820    8.82741  269.08618    109.563 -9.990e-29
   40.11752  -71.67554     26.082     25.880    11.5882    33.0799 -9.990e-29     1.1967 5.2902e-01  1025.2923    11.5850    25.1752     9.6773    294.994    8.82729  269.08280    109.629 -9.990e-29
   40.11752  -71.67554     26.102     25.901    11.5884    33.0799 -9.990e-29     1.1967 6.0504e-01  1025.2920    11.5852    25.1750     9.6776    295.002    8.82726  269.08197    109.633 -9.990e-29
   40.11752  -71.67554     26.102     25.901    11.5887    33.0799 -9.990e-29     1.1967 6.7978e-01  1025.2918    11.5855    25.1749     9.6784    295.028    8.82726  269.08194    109.643 -9.990e-29
   40.11752  -71.67554     26.112     25.910    11.5886    33.0799      8.198     1.1967 7.4499e-01  1025.2921    11.5853    25.1750     9.6792    295.052    8.82721  269.08020    109.652 -9.990e-29
   40.11752  -71.67554     26.118     25.916    11.5886    33.0800      8.198     1.1967 7.9609e-01  1025.2923    11.5853    25.1751     9.6799    295.072    8.82709  269.07676    109.661 -9.990e-29
   40.11752  -71.67554     26.112     25.910    11.5887    33.0800      8.198     1.1967 8.3036e-01  1025.2921    11.5855    25.1751     9.6806    295.095    8.82711  269.07733    109.669 -9.990e-29
   40.11752  -71.67554     26.112     25.910    11.5889    33.0800      8.198     1.1967 8.5841e-01  1025.2922    11.5856    25.1750     9.6860    295.260    8.82707  269.07592    109.731 -9.990e-29
   40.11752  -71.67554     26.102     25.901    11.5891    33.0798      8.198     1.1967 8.7367e-01  1025.2917    11.5858    25.1748     9.6866    295.276    8.82706  269.07591    109.737 -9.990e-29
   40.11752  -71.67554     26.102     25.901    11.5887    33.0798      8.198     1.1967 8.8336e-01  1025.2919    11.5855    25.1748     9.6870    295.289    8.82706  269.07572    109.742 -9.990e-29
   40.11752  -71.67554     26.097     25.895    11.5889    33.0798      8.198     1.1967 8.9272e-01  1025.2918    11.5856    25.1748     9.6818    295.130    8.82703  269.07470    109.683 -9.990e-29
   40.11752  -71.67554     26.091     25.890    11.5887    33.0799      8.203     1.1833 8.9651e-01  1025.2919    11.5855    25.1749     9.6875    295.304    8.82698  269.07319    109.748 -9.990e-29
   40.11752  -71.67554     26.072     25.870    11.5889    33.0801      8.198     1.1967 8.9971e-01  1025.2919    11.5856    25.1750     9.6876    295.308    8.82694  269.07228    109.750 -9.990e-29
   40.11752  -71.67554     26.052     25.850    11.5891    33.0804      8.198     1.1967 9.0294e-01  1025.2921    11.5858    25.1752     9.6829    295.163    8.82695  269.07231    109.697 -9.990e-29
   40.11752  -71.67554     26.040     25.839    11.5891    33.0806      8.198     1.1967 9.0294e-01  1025.2922    11.5858    25.1754     9.6829    295.165    8.82697  269.07297    109.697 -9.990e-29
   40.11752  -71.67554     26.021     25.820    11.5895    33.0808      8.198     1.1967 9.0619e-01  1025.2921    11.5863    25.1754     9.6883    295.328    8.82691  269.07108    109.759 -9.990e-29
   40.11752  -71.67554     25.995     25.794    11.5901    33.0809      8.203     1.1967 9.0619e-01  1025.2920    11.5869    25.1755     9.6881    295.323    8.82688  269.07019    109.757 -9.990e-29
   40.11752  -71.67554     25.980     25.779    11.5904    33.0809      8.198     1.1967 9.0619e-01  1025.2922    11.5872    25.1755     9.6831    295.171    8.82692  269.07129    109.700 -9.990e-29
   40.11752  -71.67554     25.959     25.758    11.5909    33.0809      8.198     1.1833 9.0619e-01  1025.2916    11.5877    25.1754     9.6876    295.307    8.82686  269.06984    109.751 -9.990e-29
   40.11752  -71.67554     25.950     25.749    11.5914    33.0809      8.198     1.1967 9.0878e-01  1025.2918    11.5882    25.1752     9.6879    295.317    8.82693  269.07205    109.754 -9.990e-29
   40.11752  -71.67554     25.919     25.719    11.5919    33.0808      8.198     1.1967 9.0552e-01  1025.2911    11.5887    25.1751     9.6881    295.324    8.82695  269.07254    109.756 -9.990e-29
   40.11752  -71.67554     25.883     25.683    11.5918    33.0807      8.203     1.1833 9.1071e-01  1025.2912    11.5886    25.1750     9.6883    295.330    8.82701  269.07431    109.758 -9.990e-29
   40.11752  -71.67554     25.859     25.659    11.5921    33.0807      8.198     1.1698 9.1332e-01  1025.2907    11.5889    25.1749     9.6884    295.331    8.82701  269.07440    109.758 -9.990e-29
   40.11752  -71.67556     25.838     25.638    11.5922    33.0807      8.198     1.1564 9.1332e-01  1025.2905    11.5890    25.1748     9.6883    295.330    8.82703  269.07476    109.758 -9.990e-29
   40.11752  -71.67556     25.808     25.608    11.5922    33.0807      8.198     1.1564 9.1855e-01  1025.2907    11.5890    25.1749     9.6882    295.326    8.82703  269.07469    109.756 -9.990e-29
   40.11752  -71.67556     25.772     25.573    11.5924    33.0808      8.203     1.1564 9.2382e-01  1025.2905    11.5892    25.1749     9.6880    295.321    8.82707  269.07636    109.754 -9.990e-29
   40.11752  -71.67556     25.726     25.527    11.5929    33.0808      8.203     1.1564 9.2382e-01  1025.2900    11.5897    25.1748     9.6880    295.319    8.82726  269.08207    109.750 -9.990e-29
   40.11752  -71.67556     25.706     25.507    11.5932    33.0810      8.198     1.1564 9.2911e-01  1025.2903    11.5900    25.1749     9.6877    295.311    8.82738  269.08585    109.746 -9.990e-29
   40.11752  -71.67556     25.685     25.486    11.5934    33.0813      8.203     1.1564 9.3443e-01  1025.2904    11.5902    25.1751     9.6875    295.304    8.82757  269.09164    109.741 -9.990e-29
   40.11752  -71.67556     25.649     25.451    11.5939    33.0813      8.198     1.1564 9.3443e-01  1025.2903    11.5907    25.1751     9.6872    295.296    8.82780  269.09889    109.735 -9.990e-29
   40.11752  -71.67556     25.614     25.415    11.5944    33.0813      8.198     1.1564 9.3979e-01  1025.2898    11.5912    25.1750     9.6868    295.284    8.82800  269.10499    109.728 -9.990e-29
   40.11752  -71.67556     25.594     25.396    11.5946    33.0813      8.198     1.1564 9.4787e-01  1025.2898    11.5914    25.1749     9.6864    295.271    8.82824  269.11220    109.720 -9.990e-29
   40.11752  -71.67556     25.564     25.366    11.5952    33.0812      8.203     1.1430 9.5058e-01  1025.2893    11.5920    25.1748     9.6865    295.275    8.82843  269.11811    109.720 -9.990e-29
   40.11752  -71.67556     25.517     25.320    11.5952    33.0812      8.198     1.1564 9.5330e-01  1025.2891    11.5921    25.1747     9.6920    295.441    8.82856  269.12168    109.780 -9.990e-29
   40.11752  -71.67556     25.492     25.295    11.5952    33.0812      8.198     1.1564 9.5876e-01  1025.2890    11.5921    25.1746     9.6863    295.269    8.82861  269.12308    109.715 -9.990e-29
   40.11752  -71.67556     25.462     25.265    11.5957    33.0812      8.203     1.1564 9.6150e-01  1025.2885    11.5926    25.1745     9.6860    295.257    8.82858  269.12191    109.711 -9.990e-29
   40.11752  -71.67556     25.411     25.215    11.5962    33.0813      8.198     1.1564 9.6425e-01  1025.2886    11.5931    25.1746     9.6850    295.228    8.82867  269.12480    109.699 -9.990e-29
   40.11752  -71.67556     25.396     25.200    11.5968    33.0816      8.203     1.1564 9.7255e-01  1025.2888    11.5937    25.1748     9.6847    295.218    8.82878  269.12828    109.694 -9.990e-29
   40.11752  -71.67556     25.350     25.154    11.5976    33.0816      8.203     1.1564 9.7811e-01  1025.2886    11.5944    25.1747     9.6843    295.206    8.82890  269.13191    109.688 -9.990e-29
   40.11752  -71.67556     25.319     25.123    11.5982    33.0816      8.198     1.1564 9.8091e-01  1025.2880    11.5951    25.1745     9.6831    295.170    8.82896  269.13367    109.674 -9.990e-29
   40.11752  -71.67556     25.289     25.093    11.5982    33.0813      8.203     1.1564 9.8934e-01  1025.2877    11.5951    25.1743     9.6825    295.151    8.82899  269.13444    109.667 -9.990e-29
   40.11752  -71.67556     25.264     25.068    11.5985    33.0813      8.198     1.1430 9.9501e-01  1025.2872    11.5954    25.1742     9.6818    295.129    8.82897  269.13383    109.659 -9.990e-29
   40.11752  -71.67556     25.228     25.033    11.5983    33.0813      8.198     1.1564 9.9501e-01  1025.2874    11.5952    25.1742     9.6808    295.100    8.82883  269.12907    109.650 -9.990e-29
   40.11752  -71.67556     25.198     25.003    11.5985    33.0815      8.203     1.1564 1.0064e+00  1025.2874    11.5954    25.1744     9.6797    295.067    8.82860  269.12193    109.641 -9.990e-29
   40.11752  -71.67556     25.182     24.988    11.5989    33.0817      8.198     1.1564 1.0158e+00  1025.2873    11.5958    25.1744     9.6841    295.201    8.82840  269.11604    109.693 -9.990e-29
   40.11752  -71.67556     25.137     24.943    11.5992    33.0817      8.198     1.1564 1.0158e+00  1025.2872    11.5961    25.1744     9.6844    295.208    8.82828  269.11247    109.697 -9.990e-29
   40.11752  -71.67556     25.116     24.922    11.5999    33.0818      8.198     1.1564 1.0246e+00  1025.2869    11.5968    25.1744     9.6842    295.204    8.82843  269.11760    109.693 -9.990e-29
   40.11752  -71.67556     25.090     24.896    11.6003    33.0819      8.198     1.1698 1.0334e+00  1025.2868    11.5972    25.1744     9.6792    295.051    8.82860  269.12300    109.634 -9.990e-29
   40.11752  -71.67556     25.065     24.872    11.6007    33.0820      8.198     1.1698 1.0334e+00  1025.2869    11.5976    25.1744     9.6843    295.207    8.82867  269.12498    109.692 -9.990e-29
   40.11752  -71.67556     25.035     24.842    11.6014    33.0820      8.203     1.1698 1.0422e+00  1025.2865    11.5983    25.1743     9.6782    295.021    8.82857  269.12138    109.624 -9.990e-29
   40.11752  -71.67556     25.025     24.832    11.6016    33.0820      8.198     1.1698 1.0482e+00  1025.2863    11.5985    25.1742     9.6830    295.167    8.82843  269.11704    109.680 -9.990e-29
   40.11752  -71.67556     24.988     24.795    11.6016    33.0820      8.203     1.1564 1.0512e+00  1025.2862    11.5985    25.1742     9.6775    295.000    8.82838  269.11554    109.618 -9.990e-29
   40.11752  -71.67556     24.975     24.781    11.6018    33.0821      8.198     1.1698 1.0572e+00  1025.2863    11.5987    25.1742     9.6768    294.976    8.82825  269.11170    109.611 -9.990e-29
   40.11752  -71.67556     24.944     24.751    11.6024    33.0822      8.198     1.1698 1.0663e+00  1025.2860    11.5993    25.1743     9.6760    294.955    8.82820  269.11043    109.604 -9.990e-29
   40.11752  -71.67556     24.937     24.745    11.6022    33.0822      8.198     1.1698 1.0693e+00  1025.2862    11.5991    25.1743     9.6756    294.941    8.82837  269.11591    109.596 -9.990e-29
   40.11752  -71.67556     24.924     24.731    11.6026    33.0822      8.198     1.1564 1.0724e+00  1025.2858    11.5995    25.1742     9.6751    294.929    8.82863  269.12436    109.588 -9.990e-29
   40.11752  -71.67556     24.903     24.710    11.6026    33.0822      8.198     1.1698 1.0816e+00  1025.2857    11.5995    25.1741     9.6754    294.937    8.82890  269.13239    109.588 -9.990e-29
   40.11752  -71.67556     24.886     24.694    11.6026    33.0822      8.198     1.1698 1.0816e+00  1025.2856    11.5995    25.1741     9.6755    294.940    8.82904  269.13642    109.588 -9.990e-29
   40.11752  -71.67556     24.882     24.690    11.6027    33.0822      8.198     1.1698 1.0847e+00  1025.2857    11.5997    25.1742     9.6755    294.939    8.82902  269.13571    109.588 -9.990e-29
   40.11752  -71.67556     24.862     24.669    11.6029    33.0822      8.198     1.1698 1.0909e+00  1025.2859    11.5998    25.1742     9.6748    294.919    8.82909  269.13782    109.579 -9.990e-29
   40.11752  -71.67556     24.867     24.675    11.6032    33.0822      8.198     1.1698 1.0971e+00  1025.2854    11.6002    25.1741     9.6748    294.919    8.82914  269.13924    109.578 -9.990e-29
   40.11752  -71.67556     24.852     24.660    11.6031    33.0822      8.198     1.1698 1.0971e+00  1025.2856    11.6000    25.1741     9.6749    294.919    8.82922  269.14159    109.578 -9.990e-29
   40.11752  -71.67556     24.852     24.660    11.6031    33.0822      8.203     1.1698 1.1034e+00  1025.2855    11.6000    25.1740     9.6742    294.898    8.82927  269.14331    109.569 -9.990e-29
   40.11752  -71.67556     24.846     24.654    11.6034    33.0822      8.203     1.1698 1.1065e+00  1025.2853    11.6003    25.1740     9.6735    294.879    8.82941  269.14765    109.560 -9.990e-29
   40.11752  -71.67556     24.842     24.650    11.6035    33.0822      8.198     1.1698 1.1065e+00  1025.2854    11.6005    25.1741     9.6736    294.880    8.82954  269.15123    109.559 -9.990e-29
   40.11752  -71.67556     24.842     24.650    11.6032    33.0822      8.198     1.1564 1.1097e+00  1025.2857    11.6002    25.1741     9.6734    294.875    8.82952  269.15075    109.558 -9.990e-29
   40.11752  -71.67556     24.846     24.654    11.6036    33.0820      8.198     1.1698 1.1129e+00  1025.2853    11.6006    25.1739     9.6726    294.850    8.82952  269.15056    109.548 -9.990e-29
   40.11752  -71.67556     24.842     24.650    11.6034    33.0817      8.198     1.1698 1.1129e+00  1025.2849    11.6003    25.1736     9.6725    294.848    8.82957  269.15197    109.547 -9.990e-29
   40.11752  -71.67556     24.852     24.660    11.6034    33.0817      8.203     1.1698 1.1120e+00  1025.2848    11.6003    25.1735     9.6723    294.842    8.82955  269.15137    109.545 -9.990e-29
   40.11752  -71.67556     24.856     24.664    11.6031    33.0817      8.198     1.1564 1.1152e+00  1025.2850    11.6000    25.1736     9.6722    294.839    8.82959  269.15257    109.543 -9.990e-29
   40.11752  -71.67556     24.852     24.660    11.6029    33.0817      8.198     1.1564 1.1120e+00  1025.2853    11.5998    25.1738     9.6721    294.833    8.82955  269.15140    109.542 -9.990e-29
   40.11752  -71.67556     24.862     24.669    11.6028    33.0817      8.198     1.1295 1.1152e+00  1025.2855    11.5997    25.1739     9.6718    294.826    8.82948  269.14921    109.540 -9.990e-29
   40.11752  -71.67556     24.867     24.675    11.6027    33.0817      8.198     1.1295 1.1120e+00  1025.2856    11.5997    25.1738     9.6716    294.819    8.82941  269.14697    109.538 -9.990e-29
   40.11752  -71.67556     24.873     24.680    11.6029    33.0811      8.198     1.1295 1.1120e+00  1025.2846    11.5998    25.1733     9.6714    294.813    8.82938  269.14605    109.537 -9.990e-29
   40.11752  -71.67556     24.882     24.690    11.6021    33.0804      8.203     1.1161 1.1120e+00  1025.2843    11.5990    25.1729     9.6713    294.809    8.82940  269.14678    109.535 -9.990e-29
   40.11752  -71.67556     24.877     24.684    11.6015    33.0800      8.198     1.1295 1.1120e+00  1025.2843    11.5984    25.1727     9.6711    294.804    8.82937  269.14609    109.533 -9.990e-29
