CalculateIndicators/WaterTemperature/Data/CTD_NYOS/20230516_C12.cnv
* Sea-Bird SBE 9 Data File:
* FileName = C:\Seabird 9 CTD\Data\2023\202305_offshore\20230516_C12.hex
* Software Version Seasave V 7.23.2
* Temperature SN = 4590
* Conductivity SN = 3228
* Number of Bytes Per Scan = 44
* Number of Voltage Words = 5
* Number of Scans Averaged by the Deck Unit = 1
* NMEA Latitude = 39 32.71 N
* NMEA Longitude = 072 14.46 W
* NMEA UTC (Time) = May 16 2023  11:23:32
* NMEA baud rate = 4800
** Ship: Seawolf
** Station: 9.6
** Operator: tcm
# nquan = 18
# nvalues = 20771                       
# units = specified
# name 0 = latitude: Latitude [deg]
# name 1 = longitude: Longitude [deg]
# name 2 = prDM: Pressure, Digiquartz [db]
# name 3 = depSM: Depth [salt water, m]
# name 4 = t090C: Temperature [ITS-90, deg C]
# name 5 = sal00: Salinity, Practical [PSU]
# name 6 = ph: pH
# name 7 = flECO-AFL: Fluorescence, WET Labs ECO-AFL/FL [mg/m^3]
# name 8 = cpar: CPAR/Corrected Irradiance [%]
# name 9 = density00: Density [density, kg/m^3]
# name 10 = potemp090C: Potential Temperature [ITS-90, deg C]
# name 11 = sigma-é00: Density [sigma-theta, kg/m^3]
# name 12 = sbeox0Mg/L: Oxygen, SBE 43 [mg/l]
# name 13 = sbox0Mm/Kg: Oxygen, SBE 43 [umol/kg]
# name 14 = oxsolMg/L: Oxygen Saturation, Garcia & Gordon [mg/l]
# name 15 = oxsolMm/Kg: Oxygen Saturation, Garcia & Gordon [umol/kg]
# name 16 = sbeox0PS: Oxygen, SBE 43 [% saturation]
# name 17 = flag:  0.000e+00
# span 0 =   39.54474,   39.54524       
# span 1 =  -72.24114,  -72.23738       
# span 2 =      1.378,    134.809       
# span 3 =      1.368,    133.738       
# span 4 =     8.6638,    14.8684       
# span 5 =    32.9647,    35.6887       
# span 6 =      7.920,      8.141       
# span 7 =    -0.1061,     1.4519       
# span 8 = 6.8064e-14, 1.0432e+01       
# span 9 =  1024.9431,  1027.2786       
# span 10 =     8.6593,    14.8548      
# span 11 =    24.9489,    26.6850      
# span 12 =     6.3290,    10.2067      
# span 13 =    192.644,    311.012      
# span 14 =    8.12411,    9.38389      
# span 15 =  247.32745,  285.82268      
# span 16 =     76.856,    113.610      
# span 17 = 0.0000e+00, 0.0000e+00      
# interval = seconds: 0.0416667
# start_time = May 16 2023 11:23:31 [System UTC, first data scan.]
# bad_flag = -9.990e-29
*END*
[from data line 12302]
   39.54494 -9.990e-29     75.520     74.930    13.8648    35.2996 -9.990e-29    -0.0658 7.0529e-14  1026.7834    13.8540    26.4495     7.1858    218.773    8.30759  252.92640     86.497 -9.990e-29
   39.54494 -9.990e-29     75.529     74.940    13.8648    35.2993 -9.990e-29    -0.0658 7.0627e-14  1026.7829    13.8540    26.4492     7.1807    218.619    8.30761  252.92681     86.436 -9.990e-29
   39.54494 -9.990e-29     75.529     74.940    13.8644    35.2991 -9.990e-29    -0.0658 7.0627e-14  1026.7832    13.8535    26.4492     7.1854    218.760    8.30760  252.92659     86.492 -9.990e-29
   39.54494 -9.990e-29     75.529     74.940    13.8642    35.2990 -9.990e-29    -0.0658 7.0627e-14  1026.7830    13.8533    26.4492     7.1854    218.760    8.30750  252.92345     86.493 -9.990e-29
   39.54494 -9.990e-29     75.529     74.940    13.8640    35.2990 -9.990e-29    -0.0658 7.0726e-14  1026.7830    13.8532    26.4492     7.1854    218.760    8.30739  252.92000     86.494 -9.990e-29
   39.54494 -9.990e-29     75.529     74.940    13.8637    35.2990 -9.990e-29    -0.0658 7.0726e-14  1026.7833    13.8529    26.4492     7.1854    218.762    8.30736  252.91934     86.495 -9.990e-29
   39.54494 -9.990e-29     75.529     74.940    13.8638    35.2987 -9.990e-29    -0.0658 7.0726e-14  1026.7831    13.8530    26.4490     7.1856    218.768    8.30747  252.92272     86.496 -9.990e-29
   39.54494 -9.990e-29     75.529     74.940    13.8636    35.2980 -9.990e-29    -0.0658 7.0726e-14  1026.7823    13.8528    26.4485     7.1858    218.775    8.30762  252.92732     86.497 -9.990e-29
   39.54494 -9.990e-29     75.509     74.919    13.8635    35.2977 -9.990e-29    -0.0658 7.0825e-14  1026.7816    13.8527    26.4481     7.1911    218.936    8.30769  252.92937     86.560 -9.990e-29
   39.54494 -9.990e-29     75.520     74.930    13.8631    35.2977 -9.990e-29    -0.0658 7.0825e-14  1026.7819    13.8523    26.4482     7.1924    218.975    8.30773  252.93071     86.575 -9.990e-29
   39.54494 -9.990e-29     75.499     74.910    13.8627    35.2977 -9.990e-29    -0.0658 7.0825e-14  1026.7822    13.8519    26.4484     7.1931    218.996    8.30781  252.93323     86.583 -9.990e-29
   39.54494 -9.990e-29     75.499     74.910    13.8621    35.2980 -9.990e-29    -0.0658 7.0825e-14  1026.7825    13.8513    26.4487     7.1938    219.016    8.30785  252.93427     86.590 -9.990e-29
   39.54494 -9.990e-29     75.489     74.900    13.8623    35.2984 -9.990e-29    -0.0658 7.0825e-14  1026.7827    13.8514    26.4491     7.1899    218.898    8.30788  252.93524     86.543 -9.990e-29
   39.54494 -9.990e-29     75.488     74.899    13.8620    35.2986 -9.990e-29    -0.0658 7.0825e-14  1026.7832    13.8512    26.4493     7.1951    219.056    8.30789  252.93546     86.605 -9.990e-29
   39.54494 -9.990e-29     75.467     74.878    13.8619    35.2986 -9.990e-29    -0.0658 7.0825e-14  1026.7829    13.8511    26.4493     7.1958    219.076    8.30797  252.93786     86.613 -9.990e-29
   39.54494 -9.990e-29     75.457     74.869    13.8618    35.2986 -9.990e-29    -0.0524 7.0825e-14  1026.7826    13.8510    26.4493     7.1963    219.092    8.30791  252.93606     86.620 -9.990e-29
   39.54494 -9.990e-29     75.448     74.859    13.8615    35.2988 -9.990e-29    -0.0658 7.0825e-14  1026.7833    13.8507    26.4495     7.1968    219.108    8.30785  252.93433     86.626 -9.990e-29
   39.54494 -9.990e-29     75.437     74.848    13.8613    35.2988 -9.990e-29    -0.0658 7.0825e-14  1026.7833    13.8505    26.4497     7.1973    219.122    8.30782  252.93297     86.633 -9.990e-29
   39.54494 -9.990e-29     75.416     74.827    13.8615    35.2988 -9.990e-29    -0.0658 7.0726e-14  1026.7830    13.8506    26.4496     7.1977    219.135    8.30771  252.92995     86.639 -9.990e-29
   39.54494 -9.990e-29     75.406     74.818    13.8613    35.2986 -9.990e-29    -0.0658 7.0726e-14  1026.7828    13.8505    26.4494     7.1982    219.151    8.30774  252.93077     86.645 -9.990e-29
   39.54494 -9.990e-29     75.396     74.808    13.8611    35.2986 -9.990e-29    -0.0524 7.0726e-14  1026.7824    13.8503    26.4493     7.1986    219.163    8.30768  252.92888     86.650 -9.990e-29
   39.54494 -9.990e-29     75.376     74.788    13.8609    35.2985 -9.990e-29    -0.0524 7.0726e-14  1026.7828    13.8501    26.4494     7.1990    219.176    8.30766  252.92845     86.655 -9.990e-29
   39.54494 -9.990e-29     75.345     74.757    13.8612    35.2985 -9.990e-29    -0.0524 7.0726e-14  1026.7826    13.8504    26.4493     7.1994    219.189    8.30766  252.92834     86.660 -9.990e-29
   39.54494 -9.990e-29     75.345     74.757    13.8615    35.2981 -9.990e-29    -0.0524 7.0726e-14  1026.7820    13.8507    26.4490     7.1998    219.200    8.30761  252.92714     86.665 -9.990e-29
   39.54494 -9.990e-29     75.324     74.737    13.8611    35.2978 -9.990e-29    -0.0524 7.0726e-14  1026.7818    13.8503    26.4488     7.2002    219.211    8.30760  252.92674     86.670 -9.990e-29
   39.54494 -9.990e-29     75.294     74.706    13.8610    35.2976 -9.990e-29    -0.0524 7.0627e-14  1026.7815    13.8502    26.4487     7.2006    219.222    8.30765  252.92819     86.674 -9.990e-29
   39.54494 -9.990e-29     75.283     74.696    13.8606    35.2976 -9.990e-29    -0.0524 7.0627e-14  1026.7817    13.8498    26.4488     7.2015    219.251    8.30767  252.92880     86.685 -9.990e-29
   39.54494 -9.990e-29     75.262     74.675    13.8606    35.2976 -9.990e-29    -0.0524 7.0627e-14  1026.7814    13.8498    26.4488     7.2024    219.279    8.30766  252.92859     86.696 -9.990e-29
   39.54494 -9.990e-29     75.243     74.656    13.8601    35.2976 -9.990e-29    -0.0524 7.0627e-14  1026.7817    13.8493    26.4489     7.2027    219.289    8.30768  252.92926     86.700 -9.990e-29
   39.54494 -9.990e-29     75.211     74.624    13.8599    35.2976 -9.990e-29    -0.0524 7.0627e-14  1026.7814    13.8491    26.4489     7.2031    219.299    8.30768  252.92920     86.704 -9.990e-29
   39.54494 -9.990e-29     75.190     74.604    13.8600    35.2978 -9.990e-29    -0.0524 7.0529e-14  1026.7814    13.8492    26.4490     7.2084    219.461    8.30762  252.92716     86.768 -9.990e-29
   39.54494 -9.990e-29     75.171     74.584    13.8599    35.2981 -9.990e-29    -0.0524 7.0529e-14  1026.7816    13.8491    26.4492     7.2034    219.310    8.30757  252.92573     86.709 -9.990e-29
   39.54494 -9.990e-29     75.139     74.553    13.8603    35.2983 -9.990e-29    -0.0524 7.0431e-14  1026.7817    13.8495    26.4494     7.2087    219.471    8.30755  252.92522     86.773 -9.990e-29
   39.54494 -9.990e-29     75.129     74.543    13.8608    35.2983 -9.990e-29    -0.0524 7.0431e-14  1026.7816    13.8500    26.4494     7.2043    219.336    8.30753  252.92472     86.720 -9.990e-29
   39.54494 -9.990e-29     75.099     74.513    13.8611    35.2983 -9.990e-29    -0.0524 7.0333e-14  1026.7812    13.8503    26.4493     7.2038    219.321    8.30752  252.92433     86.714 -9.990e-29
   39.54494 -9.990e-29     75.078     74.492    13.8611    35.2983 -9.990e-29    -0.0524 7.0333e-14  1026.7811    13.8504    26.4492     7.2039    219.323    8.30753  252.92466     86.715 -9.990e-29
   39.54494 -9.990e-29     75.057     74.472    13.8615    35.2983 -9.990e-29    -0.0524 7.0333e-14  1026.7809    13.8507    26.4491     7.2034    219.308    8.30761  252.92709     86.708 -9.990e-29
   39.54494 -9.990e-29     75.048     74.462    13.8615    35.2982 -9.990e-29    -0.0524 7.0235e-14  1026.7808    13.8507    26.4490     7.2034    219.309    8.30764  252.92805     86.708 -9.990e-29
   39.54494 -9.990e-29     75.016     74.430    13.8615    35.2982 -9.990e-29    -0.0524 7.0235e-14  1026.7806    13.8507    26.4490     7.2033    219.308    8.30764  252.92790     86.708 -9.990e-29
   39.54494 -9.990e-29     74.985     74.400    13.8613    35.2982 -9.990e-29    -0.0524 7.0235e-14  1026.7806    13.8506    26.4490     7.2027    219.288    8.30763  252.92760     86.700 -9.990e-29
   39.54494 -9.990e-29     74.976     74.391    13.8615    35.2982 -9.990e-29    -0.0524 7.0138e-14  1026.7804    13.8507    26.4490     7.2070    219.420    8.30757  252.92560     86.753 -9.990e-29
   39.54494 -9.990e-29     74.945     74.360    13.8616    35.2982 -9.990e-29    -0.0524 7.0138e-14  1026.7803    13.8509    26.4490     7.2068    219.413    8.30751  252.92403     86.750 -9.990e-29
   39.54494 -9.990e-29     74.934     74.349    13.8617    35.2982 -9.990e-29    -0.0524 7.0041e-14  1026.7803    13.8509    26.4490     7.2065    219.404    8.30751  252.92372     86.747 -9.990e-29
   39.54494 -9.990e-29     74.924     74.340    13.8621    35.2982 -9.990e-29    -0.0524 7.0041e-14  1026.7803    13.8514    26.4490     7.2067    219.410    8.30743  252.92148     86.750 -9.990e-29
   39.54494 -9.990e-29     74.894     74.310    13.8621    35.2982 -9.990e-29    -0.0658 7.0041e-14  1026.7803    13.8514    26.4489     7.2018    219.259    8.30740  252.92059     86.691 -9.990e-29
   39.54494 -9.990e-29     74.894     74.310    13.8625    35.2978 -9.990e-29    -0.0658 6.9944e-14  1026.7795    13.8518    26.4486     7.2065    219.403    8.30741  252.92083     86.748 -9.990e-29
   39.54494 -9.990e-29     74.862     74.278    13.8624    35.2975 -9.990e-29    -0.0658 6.9944e-14  1026.7791    13.8517    26.4483     7.2015    219.251    8.30741  252.92092     86.688 -9.990e-29
   39.54494 -9.990e-29     74.862     74.278    13.8621    35.2975 -9.990e-29    -0.0658 6.9848e-14  1026.7793    13.8514    26.4483     7.2062    219.393    8.30740  252.92083     86.744 -9.990e-29
   39.54494 -9.990e-29     74.852     74.268    13.8622    35.2975 -9.990e-29    -0.0658 6.9848e-14  1026.7790    13.8515    26.4484     7.2062    219.395    8.30742  252.92119     86.744 -9.990e-29
   39.54494 -9.990e-29     74.832     74.248    13.8618    35.2977 -9.990e-29    -0.0658 6.9848e-14  1026.7796    13.8511    26.4486     7.2062    219.396    8.30742  252.92129     86.745 -9.990e-29
   39.54494 -9.990e-29     74.832     74.248    13.8619    35.2981 -9.990e-29    -0.0658 6.9752e-14  1026.7794    13.8512    26.4488     7.2056    219.376    8.30742  252.92122     86.737 -9.990e-29
   39.54494 -9.990e-29     74.822     74.238    13.8622    35.2981 -9.990e-29    -0.0658 6.9752e-14  1026.7801    13.8515    26.4490     7.2055    219.373    8.30742  252.92131     86.736 -9.990e-29
   39.54494 -9.990e-29     74.822     74.238    13.8630    35.2981 -9.990e-29    -0.0658 6.9752e-14  1026.7798    13.8522    26.4489     7.2053    219.368    8.30740  252.92045     86.734 -9.990e-29
   39.54494 -9.990e-29     74.811     74.227    13.8633    35.2979 -9.990e-29    -0.0658 6.9656e-14  1026.7791    13.8526    26.4485     7.2051    219.361    8.30735  252.91917     86.732 -9.990e-29
   39.54494 -9.990e-29     74.811     74.227    13.8628    35.2975 -9.990e-29    -0.0658 6.9656e-14  1026.7789    13.8521    26.4482     7.2048    219.352    8.30732  252.91821     86.728 -9.990e-29
   39.54494 -9.990e-29     74.790     74.207    13.8621    35.2971 -9.990e-29    -0.0658 6.9656e-14  1026.7785    13.8514    26.4481     7.2045    219.343    8.30733  252.91859     86.725 -9.990e-29
   39.54494 -9.990e-29     74.801     74.218    13.8617    35.2971 -9.990e-29    -0.0658 6.9560e-14  1026.7787    13.8509    26.4481     7.2042    219.333    8.30733  252.91869     86.721 -9.990e-29
   39.54494 -9.990e-29     74.811     74.227    13.8613    35.2971 -9.990e-29    -0.0658 6.9560e-14  1026.7791    13.8506    26.4482     7.2044    219.340    8.30737  252.91984     86.723 -9.990e-29
   39.54494 -9.990e-29     74.790     74.207    13.8609    35.2971 -9.990e-29    -0.0658 6.9560e-14  1026.7787    13.8502    26.4482     7.2046    219.346    8.30739  252.92034     86.725 -9.990e-29
   39.54494 -9.990e-29     74.801     74.218    13.8606    35.2971 -9.990e-29    -0.0658 6.9560e-14  1026.7791    13.8499    26.4483     7.2047    219.350    8.30736  252.91952     86.727 -9.990e-29
   39.54494 -9.990e-29     74.811     74.227    13.8604    35.2971 -9.990e-29    -0.0658 6.9465e-14  1026.7792    13.8497    26.4484     7.2049    219.354    8.30738  252.92001     86.729 -9.990e-29
   39.54494 -9.990e-29     74.811     74.227    13.8604    35.2970 -9.990e-29    -0.0658 6.9465e-14  1026.7791    13.8497    26.4483     7.2044    219.339    8.30737  252.91991     86.723 -9.990e-29
   39.54494 -9.990e-29     74.822     74.238    13.8601    35.2970 -9.990e-29    -0.0658 6.9465e-14  1026.7788    13.8494    26.4482     7.2044    219.341    8.30739  252.92036     86.723 -9.990e-29
   39.54494 -9.990e-29     74.822     74.238    13.8603    35.2970 -9.990e-29    -0.0658 6.9465e-14  1026.7793    13.8495    26.4484     7.2045    219.342    8.30738  252.92000     86.724 -9.990e-29
   39.54494 -9.990e-29     74.832     74.248    13.8606    35.2974 -9.990e-29    -0.0658 6.9465e-14  1026.7793    13.8499    26.4487     7.2045    219.343    8.30738  252.92006     86.724 -9.990e-29
   39.54494 -9.990e-29     74.832     74.248    13.8605    35.2977 -9.990e-29    -0.0658 6.9369e-14  1026.7802    13.8497    26.4489     7.2045    219.341    8.30737  252.91960     86.724 -9.990e-29
   39.54494 -9.990e-29     74.852     74.268    13.8613    35.2977 -9.990e-29    -0.0658 6.9369e-14  1026.7796    13.8506    26.4489     7.2044    219.340    8.30734  252.91876     86.723 -9.990e-29
   39.54494 -9.990e-29     74.852     74.268    13.8611    35.2977 -9.990e-29    -0.0658 6.9369e-14  1026.7797    13.8504    26.4488     7.2043    219.337    8.30733  252.91847     86.723 -9.990e-29
   39.54494 -9.990e-29     74.862     74.278    13.8615    35.2977 -9.990e-29    -0.0524 6.9274e-14  1026.7796    13.8508    26.4487     7.2043    219.336    8.30737  252.91974     86.722 -9.990e-29
   39.54494 -9.990e-29     74.873     74.289    13.8616    35.2976 -9.990e-29    -0.0524 6.9274e-14  1026.7795    13.8509    26.4486     7.2041    219.332    8.30735  252.91934     86.720 -9.990e-29
   39.54494 -9.990e-29     74.883     74.299    13.8616    35.2975 -9.990e-29    -0.0524 6.9274e-14  1026.7796    13.8509    26.4485     7.2040    219.328    8.30736  252.91950     86.719 -9.990e-29
   39.54494 -9.990e-29     74.904     74.319    13.8620    35.2973 -9.990e-29    -0.0524 6.9274e-14  1026.7793    13.8513    26.4483     7.2038    219.323    8.30734  252.91872     86.717 -9.990e-29
   39.54494 -9.990e-29     74.913     74.329    13.8621    35.2972 -9.990e-29    -0.0524 6.9274e-14  1026.7793    13.8514    26.4481     7.2036    219.317    8.30733  252.91857     86.714 -9.990e-29
   39.54494 -9.990e-29     74.924     74.340    13.8618    35.2971 -9.990e-29    -0.0524 6.9274e-14  1026.7793    13.8511    26.4481     7.2034    219.310    8.30731  252.91791     86.712 -9.990e-29
   39.54494 -9.990e-29     74.934     74.349    13.8618    35.2970 -9.990e-29    -0.0524 6.9274e-14  1026.7792    13.8511    26.4481     7.2032    219.302    8.30728  252.91710     86.709 -9.990e-29
   39.54494 -9.990e-29     74.955     74.370    13.8618    35.2970 -9.990e-29    -0.0524 6.9274e-14  1026.7794    13.8511    26.4481     7.2030    219.297    8.30738  252.92037     86.706 -9.990e-29
   39.54494 -9.990e-29     74.964     74.380    13.8617    35.2970 -9.990e-29    -0.0524 6.9274e-14  1026.7795    13.8509    26.4481     7.2028    219.291    8.30744  252.92235     86.703 -9.990e-29
   39.54494 -9.990e-29     74.985     74.400    13.8616    35.2973 -9.990e-29    -0.0524 6.9274e-14  1026.7797    13.8509    26.4483     7.2026    219.286    8.30761  252.92733     86.699 -9.990e-29
   39.54494 -9.990e-29     74.996     74.411    13.8618    35.2974 -9.990e-29    -0.0524 6.9274e-14  1026.7802    13.8510    26.4484     7.2024    219.279    8.30772  252.93087     86.695 -9.990e-29
