CalculateIndicators/WaterTemperature/Data/CTD_NYOS/20230517_C22A.cnv
* Sea-Bird SBE 9 Data File:
* FileName = C:\Seabird 9 CTD\Data\2023\202305_offshore\20230517_C24.hex
* Software Version Seasave V 7.23.2
* Temperature SN = 4590
* Conductivity SN = 3228
* Number of Bytes Per Scan = 44
* Number of Voltage Words = 5
* Number of Scans Averaged by the Deck Unit = 1
* NMEA Latitude = 39 31.89 N
* NMEA Longitude = 071 44.65 W
* NMEA UTC (Time) = May 17 2023  23:56:29
* NMEA baud rate = 4800
** Ship: Seawolf
** Station: 10.7
** Operator: TDK
# nquan = 18
# nvalues = 200                         
# units = specified
# name 0 = latitude: Latitude [deg]
# name 1 = longitude: Longitude [deg]
# name 2 = prDM: Pressure, Digiquartz [db]
# name 3 = depSM: Depth [salt water, m]
# name 4 = t090C: Temperature [ITS-90, deg C]
# name 5 = sal00: Salinity, Practical [PSU]
# name 6 = ph: pH
# name 7 = flECO-AFL: Fluorescence, WET Labs ECO-AFL/FL [mg/m^3]
# name 8 = cpar: CPAR/Corrected Irradiance [%]
# name 9 = density00: Density [density, kg/m^3]
# name 10 = potemp090C: Potential Temperature [ITS-90, deg C]
# name 11 = sigma-100: Density [sigma-1, kg/m^3 ]
# name 12 = sbeox0Mg/L: Oxygen, SBE 43 [mg/l]
# name 13 = sbox0Mm/Kg: Oxygen, SBE 43 [umol/kg]
# name 14 = oxsolMg/L: Oxygen Saturation, Garcia & Gordon [mg/l]
# name 15 = oxsolMm/Kg: Oxygen Saturation, Garcia & Gordon [umol/kg]
# name 16 = sbeox0PS: Oxygen, SBE 43 [% saturation]
# name 17 = flag: flag
# span 0 =   39.53162,   39.53186       
# span 1 =  -71.74413,  -71.74229       
# span 2 =      2.000,    102.000       
# span 3 =      1.985,    101.198       
# span 4 =    12.6264,    15.1131       
# span 5 =    34.0699,    35.7181       
# span 6 =      8.046,      8.126       
# span 7 =    -0.0902,     0.6334       
# span 8 = -5.828e+03, 1.1025e+05       
# span 9 =  1025.3453,  1026.9560       
# span 10 =    12.6225,    15.0981      
# span 11 =    29.7019,    30.8719      
# span 12 =     6.9870,     8.9404      
# span 13 =    212.710,    272.316      
# span 14 =    8.08108,    8.56403      
# span 15 =  246.01693,  260.86707      
# span 16 =     86.432,    104.878      
# span 17 = 0.0000e+00, 0.0000e+00      
# interval = decibars: 1                
# start_time = May 17 2023 23:56:31 [System UTC, first data scan.]
# bad_flag = -9.990e-29
*END*
[from data line 81]
   39.53165  -71.74363     84.000     83.343    14.8605    35.6373      8.053    -0.0520 8.4399e-12  1026.8664    14.8478    30.8513     7.0805    215.558    8.11405  247.02173     87.262 0.0000e+00
   39.53166  -71.74364     85.000     84.335    14.8931    35.6501      8.054    -0.0524 8.5919e-12  1026.8740    14.8803    30.8538     7.0611    214.968    8.10410  246.72011     87.130 0.0000e+00
   39.53166  -71.74364     86.000     85.327    14.9987    35.6798      8.054    -0.0617 8.4361e-12  1026.8775    14.9856    30.8511     7.0664    215.127    8.10197  246.65428     87.218 0.0000e+00
   39.53166  -71.74364     87.000     86.319    15.0019    35.6761      8.054    -0.0764 8.5140e-12  1026.8784    14.9887    30.8475     7.0559    214.808    8.10125  246.63246     87.096 0.0000e+00
   39.53166  -71.74364     88.000     87.311    15.0017    35.6767      8.054    -0.0691 8.5050e-12  1026.8833    14.9884    30.8481     7.0579    214.870    8.10135  246.63559     87.121 0.0000e+00
   39.53166  -71.74363     89.000     88.303    15.0003    35.6768      8.054    -0.0571 8.5305e-12  1026.8881    14.9868    30.8485     7.0626    215.011    8.09971  246.58524     87.195 0.0000e+00
   39.53166  -71.74362     90.000     89.295    15.0118    35.6825      8.054    -0.0615 2.9540e+04  1026.8945    14.9981    30.8503     7.0554    214.792    8.09323  246.38736     87.176 0.0000e+00
   39.53166  -71.74362     91.000     90.287    15.0643    35.7061      8.053    -0.0606 1.0336e+05  1026.9054    15.0504    30.8557     7.0575    214.857    8.08490  246.13374     87.293 0.0000e+00
   39.53166 -9.990e-29     92.000     91.279    15.0854    35.7073 -9.990e-29    -0.0656 9.9999e+04  1026.9060    15.0714    30.8516     7.0512    214.665    8.08517  246.14208     87.212 0.0000e+00
   39.53166  -71.74360     93.000     92.271    15.0905    35.7084 -9.990e-29    -0.0625 2.3091e+04  1026.9101    15.0763    30.8513     7.0339    214.137    8.08377  246.09901     87.012 0.0000e+00
   39.53166  -71.74361     94.000     93.262    15.0969    35.7116 -9.990e-29    -0.0770 7.5425e+01  1026.9156    15.0826    30.8522     7.0397    214.313    8.08276  246.06846     87.095 0.0000e+00
   39.53166  -71.74362     95.000     94.254    15.1049    35.7144 -9.990e-29    -0.0757 1.0182e-11  1026.9204    15.0904    30.8525     7.0269    213.924    8.08227  246.05325     86.942 0.0000e+00
   39.53166  -71.74359     96.000     95.246    15.1056    35.7145 -9.990e-29    -0.0659 9.5938e-12  1026.9247    15.0909    30.8524     7.0143    213.541    8.08153  246.03073     86.794 0.0000e+00
   39.53166  -71.74360     97.000     96.238    15.1085    35.7159 -9.990e-29    -0.0756 9.5488e-12  1026.9296    15.0937    30.8528     7.0076    213.336    8.08108  246.01693     86.716 0.0000e+00
   39.53166  -71.74361     98.000     97.230    15.1131    35.7172 -9.990e-29    -0.0703 7.7489e+03  1026.9339    15.0981    30.8527     7.0071    213.320    8.08130  246.02373     86.707 0.0000e+00
   39.53166  -71.74360     99.000     98.222    15.1111    35.7169 -9.990e-29    -0.0793 1.0351e+05  1026.9386    15.0960    30.8530     7.0094    213.390    8.08272  246.06654     86.720 0.0000e+00
   39.53166  -71.74359    100.000     99.214    15.1027    35.7162      8.053    -0.0715 9.9999e+04  1026.9444    15.0874    30.8546     6.9949    212.950    8.08514  246.13986     86.516 0.0000e+00
   39.53166  -71.74360    101.000    100.206    15.0931    35.7145      8.053    -0.0684 9.9999e+04  1026.9496    15.0777    30.8556     6.9911    212.832    8.08518  246.14078     86.468 0.0000e+00
   39.53167  -71.74349    102.000    101.198    15.0856    35.7149      8.054    -0.0712 1.8493e+04  1026.9560    15.0700    30.8577     6.9870    212.710    8.08389  246.10190     86.432 0.0000e+00
   39.53170  -71.74345    101.000    100.206    15.0928    35.7161 -9.990e-29    -0.0657 -1.002e+03  1026.9509    15.0775    30.8569     6.9881    212.743    8.08345  246.08848     86.450 0.0000e+00
   39.53170  -71.74342    100.000     99.214    15.1000    35.7171 -9.990e-29    -0.0791 1.0128e-11  1026.9457    15.0847    30.8560     7.0043    213.235    8.08291  246.07223     86.655 0.0000e+00
   39.53170  -71.74338     99.000     98.222    15.1080    35.7181      8.058    -0.0792 1.0128e-11  1026.9402    15.0929    30.8547     6.9905    212.815    8.08207  246.04696     86.494 0.0000e+00
   39.53170  -71.74338     98.000     97.230    15.1064    35.7167 -9.990e-29    -0.0721 1.0128e-11  1026.9350    15.0915    30.8539     7.0060    213.288    8.08228  246.05344     86.683 0.0000e+00
   39.53170  -71.74338     97.000     96.238    15.1068    35.7165 -9.990e-29    -0.0875 1.0240e-11  1026.9304    15.0920    30.8537     7.0231    213.807    8.08232  246.05468     86.894 0.0000e+00
   39.53170  -71.74337     96.000     95.246    15.1052    35.7155 -9.990e-29    -0.0643 1.0115e-11  1026.9256    15.0906    30.8533     7.0293    213.996    8.08329  246.08443     86.961 0.0000e+00
   39.53170  -71.74336     95.000     94.254    15.1047    35.7156 -9.990e-29    -0.0902 1.0128e-11  1026.9213    15.0902    30.8534     7.0364    214.214    8.08388  246.10205     87.043 0.0000e+00
   39.53170  -71.74335     94.000     93.262    15.1004    35.7136 -9.990e-29    -0.0787 1.0595e-11  1026.9164    15.0861    30.8530     7.0394    214.304    8.08433  246.11592     87.075 0.0000e+00
   39.53170  -71.74335     93.000     92.271    15.0918    35.7116      8.059    -0.0595 1.0590e-11  1026.9123    15.0776    30.8534     7.0382    214.268    8.08600  246.16665     87.042 0.0000e+00
   39.53170  -71.74336     92.000     91.279    15.0806    35.7080      8.060    -0.0538 1.1025e+05  1026.9076    15.0665    30.8533     7.0512    214.664    8.09445  246.42464     87.111 0.0000e+00
   39.53170  -71.74331     91.000     90.287    15.0562    35.6986      8.059    -0.0793 9.9999e+04  1026.9014    15.0424    30.8519     7.0484    214.579    8.09789  246.52929     87.040 0.0000e+00
   39.53170  -71.74332     90.000     89.295    15.0196    35.6860      8.059    -0.0668 9.9999e+04  1026.8954    15.0060    30.8510     7.0477    214.558    8.09934  246.57407     87.016 0.0000e+00
   39.53170  -71.74334     89.000     88.303    15.0112    35.6825      8.060    -0.0729 -5.828e+03  1026.8901    14.9977    30.8503     7.0635    215.040    8.09990  246.59105     87.205 0.0000e+00
   39.53170  -71.74334     88.000     87.311    15.0115    35.6825      8.060    -0.0568 1.1323e-11  1026.8857    14.9981    30.8502     7.0588    214.897    8.09980  246.58791     87.148 0.0000e+00
   39.53170  -71.74333     87.000     86.319    15.0080    35.6815      8.060    -0.0480 1.2159e-11  1026.8812    14.9948    30.8502     7.0620    214.994    8.10270  246.67587     87.157 0.0000e+00
   39.53170  -71.74332     86.000     85.327    15.0001    35.6785      8.061    -0.0619 1.2483e-11  1026.8761    14.9871    30.8497     7.0792    215.517    8.11658  247.09993     87.219 0.0000e+00
   39.53170  -71.74332     85.000     84.335    14.9336    35.6579      8.060    -0.0527 4.4155e+04  1026.8705    14.9207    30.8497     7.0754    215.404    8.13472  247.65237     86.978 0.0000e+00
   39.53170  -71.74330     84.000     83.343    14.7843    35.6090      8.061    -0.0471 1.0384e+05  1026.8616    14.7717    30.8480     7.0945    215.984    8.15624  248.30945     86.982 0.0000e+00
   39.53170  -71.74330     83.000     82.351    14.7034    35.5781      8.060    -0.0649 9.9999e+04  1026.8512    14.6910    30.8435     7.1126    216.537    8.15549  248.28726     87.212 0.0000e+00
   39.53170  -71.74330     82.000     81.359    14.6963    35.5745      8.059    -0.0380 9.9999e+04  1026.8455    14.6841    30.8424     7.1160    216.641    8.16001  248.42491     87.206 0.0000e+00
   39.53170  -71.74326     81.000     80.367    14.6659    35.5625      8.059    -0.0368 2.9989e+04  1026.8384    14.6538    30.8402     7.1253    216.923    8.16058  248.44264     87.313 0.0000e+00
   39.53172  -71.74320     80.000     79.375    14.6622    35.5603 -9.990e-29    -0.0451 1.7030e+03  1026.8331    14.6503    30.8394     7.1324    217.142    8.16003  248.42626     87.407 0.0000e+00
   39.53172  -71.74315     79.000     78.383    14.6729    35.5618      8.059    -0.0397 1.2660e-11  1026.8275    14.6611    30.8380     7.1321    217.132    8.16130  248.46518     87.389 0.0000e+00
   39.53172  -71.74316     78.000     77.391    14.6720    35.5608      8.059    -0.0251 1.2660e-11  1026.8224    14.6604    30.8373     7.1474    217.598    8.16646  248.62226     87.522 0.0000e+00
   39.53172  -71.74320     77.000     76.399    14.6499    35.5547      8.059    -0.0347 1.2660e-11  1026.8181    14.6384    30.8378     7.1391    217.345    8.16821  248.67508     87.401 0.0000e+00
   39.53172  -71.74320     76.000     75.407    14.6273    35.5489      8.059    -0.0465 1.2660e-11  1026.8142    14.6160    30.8387     7.1250    216.917    8.17055  248.74678     87.204 0.0000e+00
   39.53172  -71.74318     75.000     74.415    14.6046    35.5437 -9.990e-29    -0.0392 1.2660e-11  1026.8107    14.5935    30.8401     7.1348    217.218    8.18965  249.33109     87.120 0.0000e+00
   39.53172  -71.74318     74.000     73.423    14.6009    35.5383      8.060    -0.0398 1.2660e-11  1026.8030    14.5899    30.8369     7.1240    216.886    8.19951  249.63040     86.883 0.0000e+00
   39.53172  -71.74317     73.000     72.431    14.4059    35.4757      8.057 -9.990e-29 1.2660e-11  1026.7925    14.3951    30.8345     7.1359    217.250    8.25339  251.27156     86.460 0.0000e+00
   39.53172  -71.74313     72.000     71.439    14.1158    35.3911      8.057    -0.0361 4.3426e+04  1026.7853    14.1053    30.8372     7.1568    217.888    8.26233  251.54679     86.619 0.0000e+00
   39.53172  -71.74314     71.000     70.447    14.1020    35.3757 -9.990e-29    -0.0447 1.0219e+05  1026.7716    14.0917    30.8283     7.2434    220.527    8.25862  251.43647     87.707 0.0000e+00
   39.53172  -71.74313     70.000     69.455    14.1286    35.3694 -9.990e-29    -0.0411 9.9999e+04  1026.7567    14.1184    30.8173     7.2565    220.927    8.25910  251.45091     87.861 0.0000e+00
   39.53172  -71.74308     69.000     68.463    14.1339    35.3668 -9.990e-29    -0.0351 -5.260e+03  1026.7491    14.1238    30.8141     7.2712    221.374    8.25794  251.41572     88.051 0.0000e+00
   39.53172 -9.990e-29     68.000     67.471    14.1377    35.3670 -9.990e-29    -0.0345 1.2663e-11  1026.7441    14.1278    30.8134     7.2516    220.776    8.25823  251.42496     87.810 0.0000e+00
   39.53173  -71.74312     67.000     66.479    14.1350    35.3659      8.057    -0.0280 1.2660e-11  1026.7393    14.1253    30.8131     7.2591    221.007    8.26012  251.48216     87.882 0.0000e+00
   39.53174  -71.74311     66.000     65.487    14.1277    35.3646      8.058    -0.0373 1.2660e-11  1026.7355    14.1181    30.8138     7.2909    221.978    8.29644  252.59245     87.880 0.0000e+00
   39.53174  -71.74310     65.000     64.495    14.0229    35.3170      8.058    -0.0168 1.2660e-11  1026.7161    14.0136    30.8010     7.2533    220.835    8.31518  253.16395     87.230 0.0000e+00
   39.53174  -71.74310     64.000     63.502    13.8555    35.2640      8.056    -0.0349 3.7267e+04  1026.7064    13.8464    30.7989     7.2710    221.373    8.33305  253.70976     87.255 0.0000e+00
   39.53174  -71.74310     63.000     62.510    13.7046    35.2072      8.054    -0.0326 1.0274e+05  1026.6899    13.6956    30.7899     7.2936    222.069    8.34662  254.12892     87.384 0.0000e+00
   39.53174  -71.74306     62.000     61.518    13.6807    35.1790      8.054    -0.0066 9.9999e+04  1026.6686    13.6720    30.7736     7.3743    224.526    8.34622  254.11754     88.355 0.0000e+00
   39.53174  -71.74308     61.000     60.526    13.6707    35.1676      8.054     0.0505 9.9999e+04  1026.6574    13.6621    30.7671     7.4202    225.922    8.34722  254.14885     88.894 0.0000e+00
   39.53174  -71.74306     60.000     59.534    13.6590    35.1564      8.058     0.0358 3.2324e+04  1026.6468    13.6505    30.7612     7.4526    226.912    8.35298  254.32564     89.221 0.0000e+00
   39.53176  -71.74297     59.000     58.542    13.5869    35.1154      8.062     0.0465 -3.249e+02  1026.6257    13.5786    30.7460     7.5492    229.859    8.38062  255.17429     90.079 0.0000e+00
   39.53176  -71.74296     58.000     57.550    13.5084    35.0785 -9.990e-29     0.0678 1.6880e-11  1026.6089    13.5002    30.7353     7.6072    231.627    8.38524  255.31499     90.722 0.0000e+00
   39.53176  -71.74295     57.000     56.558    13.4757    35.0672 -9.990e-29     0.0533 1.6880e-11  1026.6025    13.4677    30.7340     7.6284    232.277    8.40141  255.81326     90.799 0.0000e+00
   39.53176  -71.74294     56.000     55.566    13.4485    35.0482 -9.990e-29     0.0568 1.6880e-11  1026.5889    13.4407    30.7255     7.6123    231.790    8.41289  256.16607     90.484 0.0000e+00
   39.53176  -71.74294     55.000     54.574    13.3862    35.0114      8.064     0.0648 1.6880e-11  1026.5691    13.3786    30.7115     7.6257    232.195    8.40887  256.04084     90.687 0.0000e+00
   39.53176  -71.74292     54.000     53.582    13.3372    34.9827      8.066     0.0626 1.6880e-11  1026.5519    13.3297    30.6998     7.6750    233.702    8.41260  256.16054     91.233 0.0000e+00
   39.53176  -71.74292     53.000     52.589    13.3278    34.9686      8.069     0.0647 1.6880e-11  1026.5387    13.3204    30.6913     7.6768    233.755    8.41350  256.18794     91.243 0.0000e+00
   39.53177  -71.74291     52.000     51.597    13.3828    34.9664      8.073     0.0831 2.4547e+04  1026.5211    13.3756    30.6772     7.6945    234.298    8.40477  255.92604     91.549 0.0000e+00
   39.53178  -71.74290     51.000     50.605    13.4323    34.9621      8.075     0.0813 -1.609e+03  1026.5033    13.4251    30.6629     7.7146    234.918    8.40404  255.91178     91.797 0.0000e+00
   39.53178  -71.74290     50.000     49.613    13.4385    34.9538      8.080     0.0912 1.6880e-11  1026.4912    13.4315    30.6552     7.7365    235.580    8.40178  255.83926     92.081 0.0000e+00
   39.53178  -71.74288     49.000     48.621    13.4101    34.9290      8.083     0.1165 1.6880e-11  1026.4736    13.4033    30.6426     7.8113    237.862    8.40892  256.06028     92.893 0.0000e+00
   39.53178  -71.74288     48.000     47.629    13.3731    34.9073      8.086     0.1639 1.6880e-11  1026.4597    13.3664    30.6340     7.8588    239.311    8.41995  256.39983     93.335 0.0000e+00
   39.53178  -71.74288     47.000     46.637    13.2626    34.8520 -9.990e-29     0.2112 1.6880e-11  1026.4349    13.2561    30.6160     7.9548    242.243    8.45237  257.39652     94.113 0.0000e+00
   39.53178  -71.74288     46.000     45.644    13.1536    34.7836      8.091     0.3397 1.6880e-11  1026.3997    13.1473    30.5877     8.0889    246.331    8.45602  257.51237     95.658 0.0000e+00
   39.53178  -71.74288     45.000     44.652    13.1553    34.7655      8.094     0.4553 1.6880e-11  1026.3811    13.1491    30.5736     8.1459    248.069    8.45840  257.58630     96.305 0.0000e+00
   39.53178  -71.74286     44.000     43.660    13.1494    34.7535      8.098     0.5633 1.7180e-11  1026.3684    13.1434    30.5655     8.1664    248.697    8.45789  257.57518     96.553 0.0000e+00
   39.53178  -71.74286     43.000     42.668    13.1551    34.7413      8.100     0.5680 9.3558e+04  1026.3529    13.1492    30.5544     8.1760    248.989    8.45442  257.46850     96.707 0.0000e+00
   39.53178  -71.74283     42.000     41.676    13.1460    34.7215      8.101     0.5645 9.9999e+04  1026.3358    13.1403    30.5421     8.1841    249.250    8.41182  256.18333     97.293 0.0000e+00
