CalculateIndicators/WaterTemperature/Data/CTD_NYOS/20231003_C03.cnv
* Sea-Bird SBE 9 Data File:
* FileName = C:\Seabird 9 CTD\Data\2023\202309_offshore\20231003_C03.hex
* Software Version Seasave V 7.23.2
* Temperature SN = 4590
* Conductivity SN = 3228
* Number of Bytes Per Scan = 44
* Number of Voltage Words = 5
* Number of Scans Averaged by the Deck Unit = 1
* NMEA Latitude = 40 17.99 N
* NMEA Longitude = 073 13.34 W
* NMEA UTC (Time) = Oct 03 2023  09:26:17
* NMEA baud rate = 4800
** Ship: seawolf
** Station: 8.2
** Operator: SW
# nquan = 18
# nvalues = 10218                       
# units = specified
# name 0 = latitude: Latitude [deg]
# name 1 = longitude: Longitude [deg]
# name 2 = prDM: Pressure, Digiquartz [db]
# name 3 = depSM: Depth [salt water, m]
# name 4 = t090C: Temperature [ITS-90, deg C]
# name 5 = sal00: Salinity, Practical [PSU]
# name 6 = ph: pH
# name 7 = flECO-AFL: Fluorescence, WET Labs ECO-AFL/FL [mg/m^3]
# name 8 = cpar: CPAR/Corrected Irradiance [%]
# name 9 = density00: Density [density, kg/m^3]
# name 10 = potemp090C: Potential Temperature [ITS-90, deg C]
# name 11 = sigma-é00: Density [sigma-theta, kg/m^3]
# name 12 = sbeox0Mg/L: Oxygen, SBE 43 [mg/l]
# name 13 = sbox0Mm/Kg: Oxygen, SBE 43 [umol/kg]
# name 14 = oxsolMg/L: Oxygen Saturation, Garcia & Gordon [mg/l]
# name 15 = oxsolMm/Kg: Oxygen Saturation, Garcia & Gordon [umol/kg]
# name 16 = sbeox0PS: Oxygen, SBE 43 [% saturation]
# name 17 = flag:  0.000e+00
# span 0 =   40.29982,   40.29992       
# span 1 =  -73.22332,  -73.22232       
# span 2 =      1.571,     30.484       
# span 3 =      1.559,     30.248       
# span 4 =    18.6373,    18.7951       
# span 5 =    32.2399,    32.2629       
# span 6 =      7.985,      8.012       
# span 7 =     0.3237,     1.0490       
# span 8 = 5.0640e-11, 9.9999e+04       
# span 9 =  1022.9344,  1023.1536       
# span 10 =    18.6320,    18.7949      
# span 11 =    22.9620,    23.0209      
# span 12 =     7.0511,     7.5060      
# span 13 =    215.393,    229.299      
# span 14 =    7.68744,    7.70954      
# span 15 =  234.84211,  235.50510      
# span 16 =     91.464,     97.622      
# span 17 = 0.0000e+00, 0.0000e+00      
# interval = seconds: 0.0416667
# start_time = Oct 03 2023 09:26:18 [System UTC, first data scan.]
# bad_flag = -9.990e-29
*END*
[from data line 2091]
   40.29990  -73.22254     30.362     30.127    18.6394    32.2605      7.985     0.5789 -9.990e-29  1023.1521    18.6342    23.0198     7.0627    215.747    7.70903  235.48951     91.616 -9.990e-29
   40.29990  -73.22254     30.383     30.147    18.6392    32.2605      7.985     0.5789 -9.990e-29  1023.1523    18.6340    23.0199     7.0629    215.752    7.70904  235.49005     91.618 -9.990e-29
   40.29990  -73.22254     30.393     30.157    18.6391    32.2606      7.985     0.5789 -9.990e-29  1023.1523    18.6339    23.0200     7.0631    215.760    7.70909  235.49153     91.621 -9.990e-29
   40.29990  -73.22254     30.402     30.166    18.6391    32.2607      7.985     0.5789 -9.990e-29  1023.1526    18.6338    23.0201     7.0592    215.638    7.70906  235.49068     91.570 -9.990e-29
   40.29990  -73.22254     30.404     30.168    18.6391    32.2607      7.990     0.5789 -9.990e-29  1023.1526    18.6339    23.0201     7.0590    215.634    7.70910  235.49175     91.568 -9.990e-29
   40.29990  -73.22254     30.423     30.187    18.6391    32.2607      7.985     0.5789 -9.990e-29  1023.1527    18.6338    23.0200     7.0589    215.631    7.70909  235.49135     91.566 0.0000e+00
   40.29990  -73.22254     30.434     30.198    18.6391    32.2605      7.990     0.5789 -9.990e-29  1023.1523    18.6338    23.0199     7.0588    215.628    7.70910  235.49160     91.565 -9.990e-29
   40.29990  -73.22254     30.433     30.196    18.6389    32.2605      7.985     0.5789 -9.990e-29  1023.1525    18.6336    23.0199     7.0588    215.626    7.70905  235.48995     91.565 -9.990e-29
   40.29990  -73.22254     30.445     30.209    18.6389    32.2605      7.990     0.5789 -9.990e-29  1023.1527    18.6336    23.0200     7.0633    215.764    7.70900  235.48864     91.624 -9.990e-29
   40.29990  -73.22254     30.444     30.207    18.6389    32.2606      7.985     0.5789 -9.990e-29  1023.1527    18.6336    23.0201     7.0592    215.638    7.70902  235.48927     91.570 -9.990e-29
   40.29990  -73.22254     30.445     30.209    18.6389    32.2608      7.990     0.5789 -9.990e-29  1023.1529    18.6336    23.0202     7.0638    215.778    7.70899  235.48826     91.630 -9.990e-29
   40.29990  -73.22254     30.464     30.228    18.6389    32.2609      7.990     0.5789 -9.990e-29  1023.1530    18.6336    23.0203     7.0596    215.652    7.70897  235.48775     91.577 -9.990e-29
   40.29990  -73.22254     30.453     30.217    18.6389    32.2609      7.985     0.5789 -9.990e-29  1023.1531    18.6336    23.0203     7.0597    215.655    7.70897  235.48771     91.578 -9.990e-29
   40.29990  -73.22254     30.464     30.228    18.6389    32.2609      7.990     0.5789 -9.990e-29  1023.1532    18.6336    23.0203     7.0644    215.799    7.70894  235.48684     91.639 -9.990e-29
   40.29990  -73.22254     30.464     30.228    18.6393    32.2608      7.985     0.5789 -9.990e-29  1023.1526    18.6340    23.0202     7.0604    215.676    7.70895  235.48733     91.587 -9.990e-29
   40.29990  -73.22254     30.464     30.228    18.6389    32.2608      7.985     0.5789 -9.990e-29  1023.1532    18.6336    23.0202     7.0652    215.823    7.70899  235.48842     91.649 -9.990e-29
   40.29990  -73.22248     30.464     30.228    18.6389    32.2608      7.990     0.5789 -9.990e-29  1023.1531    18.6336    23.0202     7.0658    215.842    7.70899  235.48849     91.657 -9.990e-29
   40.29990  -73.22248     30.464     30.228    18.6392    32.2607      7.985     0.5789 -9.990e-29  1023.1525    18.6340    23.0200     7.0665    215.862    7.70900  235.48869     91.666 -9.990e-29
   40.29990  -73.22248     30.453     30.217    18.6391    32.2607      7.985     0.5789 -9.990e-29  1023.1529    18.6338    23.0200     7.0667    215.869    7.70903  235.48949     91.668 -9.990e-29
   40.29990  -73.22248     30.455     30.218    18.6391    32.2607      7.985     0.5789 -9.990e-29  1023.1526    18.6338    23.0200     7.0669    215.876    7.70901  235.48895     91.671 -9.990e-29
   40.29990  -73.22248     30.464     30.228    18.6391    32.2607      7.985     0.5789 -9.990e-29  1023.1529    18.6338    23.0200     7.0672    215.882    7.70901  235.48908     91.674 -9.990e-29
   40.29990  -73.22248     30.444     30.207    18.6393    32.2605      7.990     0.5654 -9.990e-29  1023.1527    18.6340    23.0199     7.0628    215.748    7.70901  235.48902     91.617 -9.990e-29
   40.29990  -73.22248     30.445     30.209    18.6394    32.2605      7.985     0.4714 -9.990e-29  1023.1522    18.6341    23.0197     7.0672    215.883    7.70901  235.48889     91.675 -9.990e-29
   40.29990  -73.22248     30.433     30.196    18.6394    32.2605      7.990     0.4311 -9.990e-29  1023.1521    18.6342    23.0197     7.0674    215.890    7.70901  235.48896     91.678 -9.990e-29
   40.29990  -73.22248     30.424     30.188    18.6391    32.2605      7.990     0.4311 -9.990e-29  1023.1526    18.6338    23.0199     7.0677    215.898    7.70900  235.48875     91.681 -9.990e-29
   40.29990  -73.22248     30.423     30.187    18.6394    32.2607      7.985     0.4446 -9.990e-29  1023.1525    18.6342    23.0201     7.0679    215.904    7.70897  235.48772     91.684 -9.990e-29
   40.29990  -73.22248     30.404     30.168    18.6391    32.2608      7.985     0.4446 -9.990e-29  1023.1528    18.6339    23.0202     7.0681    215.912    7.70899  235.48828     91.687 -9.990e-29
   40.29990  -73.22248     30.413     30.177    18.6392    32.2609      7.990     0.4446 -9.990e-29  1023.1526    18.6340    23.0202     7.0684    215.919    7.70896  235.48747     91.690 -9.990e-29
   40.29990  -73.22248     30.383     30.147    18.6393    32.2609      7.985     0.4311 -9.990e-29  1023.1527    18.6340    23.0202     7.0640    215.785    7.70896  235.48753     91.633 -9.990e-29
   40.29990  -73.22248     30.382     30.146    18.6394    32.2609      7.985     0.4446 -9.990e-29  1023.1524    18.6341    23.0202     7.0684    215.920    7.70895  235.48714     91.691 -9.990e-29
   40.29990  -73.22248     30.362     30.127    18.6393    32.2609      7.985     0.4311 -9.990e-29  1023.1524    18.6340    23.0202     7.0641    215.788    7.70897  235.48780     91.635 -9.990e-29
   40.29990  -73.22248     30.364     30.128    18.6394    32.2610      7.985     0.4446 -9.990e-29  1023.1527    18.6341    23.0202     7.0639    215.783    7.70896  235.48736     91.633 -9.990e-29
   40.29990  -73.22248     30.351     30.116    18.6396    32.2610      7.985     0.4446 -9.990e-29  1023.1524    18.6344    23.0202     7.0684    215.920    7.70896  235.48752     91.691 -9.990e-29
   40.29990  -73.22248     30.332     30.097    18.6396    32.2610      7.985     0.4446 -9.990e-29  1023.1524    18.6344    23.0202     7.0687    215.928    7.70893  235.48640     91.694 -9.990e-29
   40.29990  -73.22248     30.332     30.097    18.6396    32.2609      7.985     0.4446 -9.990e-29  1023.1524    18.6343    23.0201     7.0690    215.938    7.70896  235.48742     91.698 -9.990e-29
   40.29990  -73.22248     30.302     30.066    18.6398    32.2609      7.985     0.4446 -9.990e-29  1023.1519    18.6346    23.0200     7.0693    215.946    7.70895  235.48730     91.702 -9.990e-29
   40.29990  -73.22248     30.300     30.065    18.6397    32.2609      7.990     0.4446 -9.990e-29  1023.1522    18.6345    23.0201     7.0696    215.955    7.70895  235.48707     91.706 -9.990e-29
   40.29990  -73.22248     30.291     30.056    18.6398    32.2610      7.990     0.4446 -9.990e-29  1023.1522    18.6346    23.0202     7.0699    215.964    7.70895  235.48715     91.710 -9.990e-29
   40.29990  -73.22248     30.271     30.036    18.6399    32.2610      7.985     0.4446 -9.990e-29  1023.1519    18.6347    23.0202     7.0701    215.973    7.70897  235.48770     91.713 -9.990e-29
   40.29990  -73.22248     30.249     30.014    18.6398    32.2610      7.985     0.4446 -9.990e-29  1023.1522    18.6346    23.0202     7.0700    215.970    7.70898  235.48795     91.712 -9.990e-29
   40.29990  -73.22248     30.241     30.006    18.6399    32.2610      7.985     0.4446 -9.990e-29  1023.1520    18.6347    23.0202     7.0703    215.977    7.70894  235.48692     91.715 -9.990e-29
   40.29990  -73.22248     30.240     30.005    18.6401    32.2611      7.985     0.4446 -9.990e-29  1023.1518    18.6349    23.0200     7.0659    215.844    7.70893  235.48668     91.659 -9.990e-29
   40.29990  -73.22248     30.219     29.984    18.6401    32.2611      7.990     0.4446 -9.990e-29  1023.1517    18.6349    23.0200     7.0704    215.981    7.70892  235.48627     91.717 -9.990e-29
   40.29990  -73.22248     30.200     29.965    18.6403    32.2611      7.985     0.4446 -9.990e-29  1023.1518    18.6350    23.0201     7.0661    215.849    7.70892  235.48618     91.661 -9.990e-29
   40.29990  -73.22248     30.189     29.954    18.6403    32.2611      7.985     0.4446 -9.990e-29  1023.1516    18.6351    23.0201     7.0655    215.832    7.70892  235.48630     91.654 -9.990e-29
   40.29990  -73.22248     30.169     29.935    18.6403    32.2611      7.985     0.4446 -9.990e-29  1023.1516    18.6351    23.0201     7.0649    215.814    7.70888  235.48504     91.647 -9.990e-29
   40.29990  -73.22248     30.158     29.924    18.6405    32.2611      7.985     0.4983 -9.990e-29  1023.1515    18.6353    23.0201     7.0690    215.939    7.70891  235.48579     91.699 -9.990e-29
   40.29990  -73.22248     30.138     29.904    18.6405    32.2610      7.985     0.5386 -9.990e-29  1023.1513    18.6353    23.0200     7.0647    215.807    7.70889  235.48512     91.644 -9.990e-29
   40.29990  -73.22248     30.150     29.916    18.6406    32.2610      7.989     0.5386 -9.990e-29  1023.1513    18.6354    23.0199     7.0692    215.944    7.70886  235.48447     91.702 -9.990e-29
   40.29990  -73.22248     30.107     29.874    18.6405    32.2609      7.985     0.5386 -9.990e-29  1023.1511    18.6353    23.0199     7.0695    215.954    7.70889  235.48512     91.706 -9.990e-29
   40.29990  -73.22248     30.109     29.875    18.6403    32.2609      7.985     0.5386 -9.990e-29  1023.1510    18.6351    23.0198     7.0698    215.963    7.70888  235.48493     91.710 -9.990e-29
   40.29990  -73.22248     30.087     29.853    18.6405    32.2609      7.985     0.5386 -9.990e-29  1023.1507    18.6353    23.0198     7.0701    215.972    7.70886  235.48437     91.714 -9.990e-29
   40.29990  -73.22248     30.078     29.845    18.6401    32.2609      7.985     0.5386 -9.990e-29  1023.1511    18.6349    23.0199     7.0699    215.967    7.70882  235.48329     91.712 -9.990e-29
   40.29990  -73.22248     30.077     29.844    18.6401    32.2612      7.985     0.5386 -9.990e-29  1023.1512    18.6349    23.0201     7.0698    215.963    7.70883  235.48341     91.710 -9.990e-29
   40.29990  -73.22248     30.047     29.814    18.6399    32.2614      7.990     0.5386 -9.990e-29  1023.1514    18.6348    23.0204     7.0742    216.098    7.70882  235.48319     91.768 -9.990e-29
   40.29990  -73.22248     30.048     29.815    18.6403    32.2614      7.985     0.5386 -9.990e-29  1023.1515    18.6351    23.0205     7.0699    215.965    7.70882  235.48323     91.711 -9.990e-29
   40.29990  -73.22248     30.026     29.793    18.6405    32.2614      7.985     0.5386 -9.990e-29  1023.1514    18.6353    23.0204     7.0742    216.098    7.70882  235.48310     91.768 -9.990e-29
   40.29990  -73.22248     30.026     29.793    18.6406    32.2615      7.985     0.5386 -9.990e-29  1023.1509    18.6354    23.0202     7.0748    216.116    7.70881  235.48283     91.776 -9.990e-29
   40.29990  -73.22248     30.007     29.774    18.6408    32.2614      7.985     0.5386 -9.990e-29  1023.1508    18.6356    23.0202     7.0750    216.122    7.70883  235.48349     91.778 -9.990e-29
   40.29990  -73.22248     30.005     29.773    18.6408    32.2613      7.985     0.5386 -9.990e-29  1023.1511    18.6356    23.0202     7.0709    215.997    7.70880  235.48255     91.725 -9.990e-29
   40.29990  -73.22248     29.986     29.753    18.6408    32.2613      7.985     0.5386 -9.990e-29  1023.1510    18.6356    23.0202     7.0753    216.130    7.70882  235.48322     91.781 -9.990e-29
   40.29990  -73.22248     29.975     29.742    18.6412    32.2612      7.989     0.5386 -9.990e-29  1023.1505    18.6360    23.0200     7.0753    216.132    7.70883  235.48345     91.782 -9.990e-29
   40.29990  -73.22248     29.975     29.742    18.6411    32.2610      7.985     0.5386 -9.990e-29  1023.1503    18.6360    23.0198     7.0758    216.147    7.70883  235.48353     91.789 -9.990e-29
   40.29990  -73.22248     29.967     29.734    18.6408    32.2609      7.985     0.5386 -9.990e-29  1023.1505    18.6356    23.0198     7.0759    216.148    7.70884  235.48372     91.789 -9.990e-29
   40.29990  -73.22254     29.945     29.712    18.6409    32.2608      7.989     0.5386 -9.990e-29  1023.1501    18.6358    23.0196     7.0763    216.162    7.70883  235.48371     91.795 -9.990e-29
   40.29990  -73.22254     29.946     29.714    18.6410    32.2608      7.985     0.5386 -9.990e-29  1023.1498    18.6359    23.0196     7.0721    216.034    7.70885  235.48408     91.740 -9.990e-29
   40.29990  -73.22254     29.935     29.703    18.6406    32.2608      7.989     0.5386 -9.990e-29  1023.1504    18.6355    23.0197     7.0767    216.175    7.70884  235.48400     91.800 -9.990e-29
   40.29990  -73.22254     29.924     29.692    18.6408    32.2609      7.985     0.5386 -9.990e-29  1023.1501    18.6357    23.0198     7.0772    216.188    7.70888  235.48531     91.805 -9.990e-29
   40.29990  -73.22254     29.916     29.684    18.6407    32.2611      7.985     0.5386 -9.990e-29  1023.1504    18.6355    23.0199     7.0776    216.201    7.70891  235.48619     91.810 -9.990e-29
   40.29990  -73.22254     29.903     29.671    18.6406    32.2611      7.989     0.5386 -9.990e-29  1023.1504    18.6355    23.0200     7.0780    216.213    7.70895  235.48726     91.815 -9.990e-29
   40.29990  -73.22254     29.903     29.671    18.6407    32.2611      7.985     0.5654 -9.990e-29  1023.1504    18.6355    23.0200     7.0779    216.211    7.70896  235.48768     91.814 -9.990e-29
   40.29990  -73.22254     29.886     29.654    18.6408    32.2611      7.989     0.5923 -9.990e-29  1023.1500    18.6356    23.0199     7.0783    216.221    7.70899  235.48853     91.818 -9.990e-29
   40.29990  -73.22254     29.894     29.662    18.6408    32.2611      7.985     0.6057 -9.990e-29  1023.1501    18.6357    23.0199     7.0832    216.372    7.70903  235.48968     91.882 -9.990e-29
   40.29990  -73.22254     29.874     29.643    18.6409    32.2611      7.985     0.6057 -9.990e-29  1023.1502    18.6358    23.0200     7.0839    216.393    7.70902  235.48927     91.891 -9.990e-29
   40.29990  -73.22254     29.863     29.632    18.6408    32.2611      7.985     0.6057 -9.990e-29  1023.1502    18.6357    23.0200     7.0799    216.273    7.70905  235.49026     91.839 -9.990e-29
   40.29990  -73.22254     29.873     29.641    18.6410    32.2611      7.985     0.6057 -9.990e-29  1023.1501    18.6359    23.0200     7.0802    216.279    7.70906  235.49047     91.842 -9.990e-29
   40.29990  -73.22254     29.855     29.624    18.6409    32.2612      7.989     0.6057 -9.990e-29  1023.1502    18.6358    23.0199     7.0849    216.425    7.70902  235.48937     91.904 -9.990e-29
   40.29990  -73.22254     29.843     29.611    18.6412    32.2612      7.985     0.6057 -9.990e-29  1023.1498    18.6360    23.0199     7.0851    216.430    7.70903  235.48960     91.906 -9.990e-29
   40.29990  -73.22254     29.852     29.621    18.6409    32.2612      7.985     0.6057 -9.990e-29  1023.1500    18.6358    23.0200     7.0810    216.306    7.70907  235.49091     91.853 -9.990e-29
