CalculateIndicators/WaterTemperature/Data/CTD_NYOS/20230518_C29.cnv
* Sea-Bird SBE 9 Data File:
* FileName = C:\Seabird 9 CTD\Data\2023\202305_offshore\20230518_C29.hex
* Software Version Seasave V 7.23.2
* Temperature SN = 4590
* Conductivity SN = 3228
* Number of Bytes Per Scan = 44
* Number of Voltage Words = 5
* Number of Scans Averaged by the Deck Unit = 1
* NMEA Latitude = 40 29.55 N
* NMEA Longitude = 071 55.48 W
* NMEA UTC (Time) = May 18 2023  16:14:45
* NMEA baud rate = 4800
** Ship: Seawolf
** Station: 11.3
** Operator: TCM
# nquan = 18
# nvalues = 12598                       
# units = specified
# name 0 = latitude: Latitude [deg]
# name 1 = longitude: Longitude [deg]
# name 2 = prDM: Pressure, Digiquartz [db]
# name 3 = depSM: Depth [salt water, m]
# name 4 = t090C: Temperature [ITS-90, deg C]
# name 5 = sal00: Salinity, Practical [PSU]
# name 6 = ph: pH
# name 7 = flECO-AFL: Fluorescence, WET Labs ECO-AFL/FL [mg/m^3]
# name 8 = cpar: CPAR/Corrected Irradiance [%]
# name 9 = density00: Density [density, kg/m^3]
# name 10 = potemp090C: Potential Temperature [ITS-90, deg C]
# name 11 = sigma-é00: Density [sigma-theta, kg/m^3]
# name 12 = sbeox0Mg/L: Oxygen, SBE 43 [mg/l]
# name 13 = sbox0Mm/Kg: Oxygen, SBE 43 [umol/kg]
# name 14 = oxsolMg/L: Oxygen Saturation, Garcia & Gordon [mg/l]
# name 15 = oxsolMm/Kg: Oxygen Saturation, Garcia & Gordon [umol/kg]
# name 16 = sbeox0PS: Oxygen, SBE 43 [% saturation]
# name 17 = flag:  0.000e+00
# span 0 =   40.49192,   40.49276       
# span 1 =  -71.92498,  -71.92476       
# span 2 =      2.108,     61.540       
# span 3 =      2.092,     61.057       
# span 4 =     6.6865,    12.6631       
# span 5 =    32.5033,    32.9437       
# span 6 =      7.845,      8.122       
# span 7 =    -0.0389,     1.0624       
# span 8 = 5.9513e-03, 1.2302e+02       
# span 9 =  1024.5344,  1026.1215       
# span 10 =     6.6832,    12.6625      
# span 11 =    24.5301,    25.8394      
# span 12 =     7.8595,     9.6242      
# span 13 =    239.428,    293.361      
# span 14 =    8.66104,    9.85729      
# span 15 =  264.16917,  300.31113      
# span 16 =     79.830,    105.177      
# span 17 = 0.0000e+00, 0.0000e+00      
# interval = seconds: 0.0416667
# start_time = May 18 2023 16:14:45 [System UTC, first data scan.]
# bad_flag = -9.990e-29
*END*
[from data line 1287]
   40.49258  -71.92478     27.605     27.390     8.7766    32.8496      8.072     1.0355 9.0403e-01  1025.5950     8.7738    25.4693     9.2741    282.618    9.42571  287.23913     98.391 -9.990e-29
   40.49258  -71.92478     27.605     27.390     8.7745    32.8575      8.072     1.0355 8.9996e-01  1025.6004     8.7717    25.4757     9.2770    282.706    9.42664  287.26731     98.412 -9.990e-29
   40.49258  -71.92478     27.605     27.390     8.7778    32.8684      8.072     1.0355 8.9921e-01  1025.6072     8.7749    25.4837     9.2741    282.620    9.42763  287.29720     98.372 -9.990e-29
   40.49258  -71.92478     27.584     27.370     8.7860    32.8833      8.072     1.0355 8.9667e-01  1025.6196     8.7831    25.4938     9.2710    282.523    9.42884  287.33433     98.326 -9.990e-29
   40.49252  -71.92478     27.605     27.390     8.8047    32.8992      8.072     1.0355 8.9667e-01  1025.6310     8.8018    25.5035     9.2676    282.423    9.43046  287.38458     98.274 -9.990e-29
   40.49252  -71.92478     27.605     27.390     8.8288    32.8992      8.072     1.0355 8.9490e-01  1025.6395     8.8259    25.5087     9.2713    282.535    9.43278  287.45665     98.288 -9.990e-29
   40.49252  -71.92478     27.605     27.390     8.8645    32.8992      8.072     1.0355 8.9716e-01  1025.6382     8.8617    25.5031     9.2701    282.500    9.43593  287.55453     98.242 -9.990e-29
   40.49252  -71.92478     27.614     27.400     8.9196    32.8980      8.071     1.0490 8.9868e-01  1025.6105     8.9167    25.4863     9.2695    282.483    9.43947  287.66267     98.199 -9.990e-29
   40.49252  -71.92478     27.614     27.400     8.9573    32.8835      8.071     1.0624 9.0020e-01  1025.5884     8.9544    25.4691     9.2732    282.595    9.44266  287.75914     98.205 -9.990e-29
   40.49252  -71.92478     27.614     27.400     8.9803    32.8835      8.071     1.0624 9.0020e-01  1025.5806     8.9775    25.4613     9.2709    282.522    9.44559  287.84721     98.150 -9.990e-29
   40.49252  -71.92478     27.625     27.411     8.9872    32.8835      8.066     1.0624 8.9766e-01  1025.5862     8.9843    25.4643     9.2674    282.416    9.44809  287.92212     98.088 -9.990e-29
   40.49252  -71.92478     27.625     27.411     8.9810    32.8974      8.071     1.0624 8.9842e-01  1025.5982     8.9781    25.4744     9.2631    282.284    9.45035  287.98985     98.019 -9.990e-29
   40.49252  -71.92478     27.645     27.430     8.9864    32.8974      8.066     1.0624 8.9766e-01  1025.6186     8.9835    25.4833     9.2648    282.334    9.45237  288.05021     98.016 -9.990e-29
   40.49252  -71.92478     27.645     27.430     9.0316    32.8974      8.071     1.0624 8.9286e-01  1025.6187     9.0287    25.4746     9.2604    282.201    9.45418  288.10438     97.951 -9.990e-29
   40.49252  -71.92478     27.656     27.441     9.1075    32.8760      8.071     1.0624 8.9136e-01  1025.5731     9.1046    25.4394     9.2552    282.041    9.45576  288.15166     97.879 -9.990e-29
   40.49252  -71.92478     27.656     27.441     9.1750    32.8294      8.071     1.0624 8.8986e-01  1025.5051     9.1721    25.3944     9.2492    281.857    9.45717  288.19379     97.801 -9.990e-29
   40.49252  -71.92478     27.665     27.450     9.1994    32.7937      8.066     1.0624 8.8837e-01  1025.4832     9.1965    25.3615     9.2485    281.836    9.45853  288.23483     97.780 0.0000e+00
   40.49252  -71.92478     27.676     27.461     9.2136    32.7693      8.066     1.0624 8.8586e-01  1025.4627     9.2107    25.3417     9.2420    281.635    9.45985  288.27484     97.697 -9.990e-29
   40.49252  -71.92478     27.676     27.461     9.1842    32.7513      8.066     1.0624 8.8735e-01  1025.4497     9.1813    25.3319     9.2405    281.591    9.46094  288.30752     97.670 -9.990e-29
   40.49252  -71.92478     27.686     27.471     9.1130    32.7475      8.066     1.0624 8.8810e-01  1025.4556     9.1101    25.3341     9.2340    281.390    9.46195  288.33771     97.591 0.0000e+00
   40.49252  -71.92478     27.696     27.480     9.0441    32.7475      8.066     1.0624 8.8560e-01  1025.4701     9.0412    25.3440     9.2275    281.192    9.46281  288.36341     97.513 -9.990e-29
   40.49252  -71.92478     27.696     27.480     8.9929    32.7475      8.066     1.0624 8.8634e-01  1025.4819     8.9900    25.3554     9.2263    281.154    9.46355  288.38567     97.493 -9.990e-29
   40.49252  -71.92478     27.707     27.491     8.9520    32.7539      8.067     1.0624 8.8459e-01  1025.4905     8.9491    25.3672     9.2191    280.936    9.46421  288.40522     97.410 0.0000e+00
   40.49252  -71.92478     27.726     27.510     8.9132    32.7649      8.067     1.0624 8.8459e-01  1025.5068     8.9104    25.3817     9.2121    280.722    9.46484  288.42400     97.330 0.0000e+00
   40.49252  -71.92478     27.737     27.521     8.8803    32.7792      8.067     1.0624 8.8459e-01  1025.5249     8.8774    25.3981     9.2045    280.490    9.46545  288.44290     97.243 0.0000e+00
   40.49252  -71.92478     27.747     27.531     8.8530    32.7935      8.067     1.0624 8.8210e-01  1025.5408     8.8501    25.4135     9.1972    280.268    9.46621  288.46569     97.158 0.0000e+00
   40.49252  -71.92478     27.760     27.545     8.8318    32.8063      8.067     1.0624 8.7961e-01  1025.5542     8.8290    25.4268     9.1952    280.206    9.46675  288.48166     97.131 0.0000e+00
   40.49252  -71.92478     27.788     27.572     8.8147    32.8167      8.067     1.0624 8.7887e-01  1025.5655     8.8118    25.4376     9.1879    279.982    9.46697  288.48774     97.052 -9.990e-29
   40.49258  -71.92478     27.788     27.572     8.8024    32.8243      8.067     1.0624 8.7813e-01  1025.5735     8.7995    25.4456     9.1799    279.740    9.46714  288.49283     96.966 -9.990e-29
   40.49258  -71.92478     27.818     27.602     8.7923    32.8295      8.067     1.0624 8.7492e-01  1025.5779     8.7895    25.4513     9.1785    279.699    9.46758  288.50716     96.947 0.0000e+00
   40.49258  -71.92478     27.828     27.612     8.7834    32.8337      8.062     1.0624 8.7492e-01  1025.5827     8.7805    25.4560     9.1726    279.517    9.46836  288.53104     96.876 0.0000e+00
   40.49258  -71.92478     27.848     27.632     8.7764    32.8381      8.063     1.0624 8.7318e-01  1025.5870     8.7736    25.4606     9.1668    279.342    9.46905  288.55194     96.808 0.0000e+00
   40.49258  -71.92478     27.858     27.642     8.7712    32.8431      8.063     1.0355 8.7047e-01  1025.5918     8.7684    25.4651     9.1613    279.175    9.46963  288.56938     96.744 0.0000e+00
   40.49258  -71.92478     27.879     27.662     8.7689    32.8431      8.063     1.0221 8.6973e-01  1025.5978     8.7660    25.4685     9.1613    279.175    9.47017  288.58562     96.739 0.0000e+00
   40.49258  -71.92478     27.899     27.683     8.7707    32.8431      8.063     1.0221 8.7047e-01  1025.5974     8.7678    25.4681     9.1565    279.028    9.47074  288.60305     96.682 0.0000e+00
   40.49258  -71.92478     27.920     27.703     8.7704    32.8412      8.063     1.0221 8.6630e-01  1025.5910     8.7675    25.4643     9.1521    278.894    9.47133  288.62098     96.630 0.0000e+00
   40.49258  -71.92478     27.941     27.724     8.7652    32.8349      8.063     1.0221 8.6386e-01  1025.5861     8.7623    25.4601     9.1534    278.931    9.47197  288.64036     96.636 0.0000e+00
   40.49258  -71.92478     27.971     27.754     8.7568    32.8302      8.063     1.0221 8.6313e-01  1025.5840     8.7539    25.4576     9.1489    278.795    9.47262  288.66003     96.583 0.0000e+00
   40.49258  -71.92478     27.990     27.773     8.7473    32.8271      8.058     1.0221 8.5754e-01  1025.5835     8.7444    25.4565     9.1448    278.671    9.47327  288.67977     96.533 0.0000e+00
   40.49258  -71.92478     28.001     27.784     8.7373    32.8249      8.058     1.0221 8.5272e-01  1025.5833     8.7345    25.4563     9.1403    278.533    9.47392  288.69950     96.479 0.0000e+00
   40.49258  -71.92478     28.041     27.823     8.7265    32.8240      8.058     1.0221 8.5343e-01  1025.5840     8.7236    25.4569     9.1414    278.565    9.47455  288.71854     96.483 0.0000e+00
   40.49258  -71.92478     28.065     27.847     8.7156    32.8240      8.058     1.0221 8.4935e-01  1025.5857     8.7127    25.4583     9.1372    278.437    9.47476  288.72360     96.437 0.0000e+00
   40.49258  -71.92478     28.103     27.885     8.7046    32.8240      8.058     1.0221 8.4456e-01  1025.5878     8.7017    25.4605     9.1317    278.268    9.47412  288.70315     96.385 0.0000e+00
   40.49258  -71.92478     28.123     27.904     8.6938    32.8256      8.058     1.0221 8.4456e-01  1025.5915     8.6909    25.4634     9.1317    278.270    9.47350  288.68490     96.392 0.0000e+00
   40.49258  -71.92478     28.143     27.924     8.6842    32.8276      8.058     1.0221 8.3910e-01  1025.5944     8.6813    25.4665     9.1269    278.122    9.47359  288.68864     96.340 0.0000e+00
   40.49258  -71.92478     28.174     27.955     8.6753    32.8300      8.058     1.0221 8.3438e-01  1025.5976     8.6725    25.4697     9.1224    277.988    9.47464  288.72119     96.283 0.0000e+00
   40.49258  -71.92478     28.204     27.985     8.6672    32.8327      8.053     1.0221 8.3132e-01  1025.6017     8.6643    25.4730     9.1178    277.846    9.47591  288.76012     96.220 0.0000e+00
   40.49258  -71.92478     28.236     28.016     8.6611    32.8352      8.058     1.0221 8.2734e-01  1025.6047     8.6583    25.4759     9.1191    277.887    9.47678  288.78562     96.226 0.0000e+00
   40.49258  -71.92478     28.255     28.035     8.6559    32.8367      8.053     1.0221 8.2105e-01  1025.6074     8.6531    25.4781     9.1140    277.729    9.47683  288.78601     96.171 0.0000e+00
   40.49258  -71.92478     28.286     28.067     8.6515    32.8367      8.058     1.0221 8.2175e-01  1025.6083     8.6486    25.4792     9.1078    277.541    9.47642  288.77271     96.111 0.0000e+00
   40.49258  -71.92478     28.306     28.086     8.6469    32.8367      8.053     1.0221 8.1850e-01  1025.6088     8.6440    25.4793     9.1021    277.366    9.47599  288.75961     96.054 0.0000e+00
   40.49258  -71.92478     28.329     28.109     8.6417    32.8341      8.054     1.0221 8.1091e-01  1025.6082     8.6388    25.4782     9.1024    277.377    9.47605  288.76351     96.057 0.0000e+00
   40.49252  -71.92478     28.368     28.147     8.6355    32.8290      8.054     1.0221 8.0794e-01  1025.6053     8.6326    25.4752     9.1042    277.435    9.47732  288.80417     96.063 0.0000e+00
   40.49252  -71.92478     28.377     28.157     8.6270    32.8214      8.054     1.0221 8.0566e-01  1025.5999     8.6242    25.4706     9.1010    277.338    9.47921  288.86242     96.010 0.0000e+00
   40.49252  -71.92478     28.417     28.196     8.6151    32.8139      8.054     1.0221 7.9729e-01  1025.5937     8.6122    25.4665     9.0980    277.245    9.48093  288.91466     95.961 0.0000e+00
   40.49252  -71.92478     28.438     28.217     8.5995    32.8108      8.054     1.0221 7.9571e-01  1025.5931     8.5966    25.4654     9.1002    277.311    9.48231  288.95599     95.970 0.0000e+00
   40.49252  -71.92478     28.459     28.237     8.5841    32.8108      8.049     0.9952 7.9213e-01  1025.5962     8.5812    25.4672     9.0964    277.194    9.48344  288.98966     95.918 0.0000e+00
   40.49252  -71.92478     28.500     28.278     8.5696    32.8108      8.049     0.9684 7.8545e-01  1025.6001     8.5668    25.4706     9.0928    277.085    9.48445  289.02003     95.871 0.0000e+00
   40.49252  -71.92478     28.510     28.288     8.5570    32.8134      8.049     0.9684 7.8257e-01  1025.6043     8.5542    25.4747     9.0885    276.954    9.48523  289.04293     95.817 0.0000e+00
   40.49252  -71.92478     28.554     28.332     8.5452    32.8166      8.049     0.9684 7.8036e-01  1025.6092     8.5423    25.4790     9.0897    276.990    9.48599  289.06541     95.823 0.0000e+00
   40.49252  -71.92478     28.570     28.348     8.5349    32.8196      8.049     0.9684 7.7378e-01  1025.6130     8.5320    25.4828     9.0852    276.851    9.48667  289.08568     95.768 0.0000e+00
   40.49252  -71.92478     28.591     28.369     8.5255    32.8224      8.049     0.9684 7.6877e-01  1025.6167     8.5226    25.4865     9.0868    276.900    9.48716  289.10030     95.780 0.0000e+00
   40.49252  -71.92478     28.612     28.389     8.5171    32.8251      8.044     0.9684 7.6812e-01  1025.6206     8.5142    25.4898     9.0827    276.775    9.48766  289.11522     95.732 0.0000e+00
   40.49252  -71.92478     28.642     28.419     8.5099    32.8269      8.049     0.9684 7.6164e-01  1025.6233     8.5070    25.4924     9.0778    276.626    9.48792  289.12252     95.678 0.0000e+00
   40.49252  -71.92478     28.663     28.440     8.5033    32.8279      8.045     0.9684 7.5799e-01  1025.6248     8.5005    25.4942     9.0781    276.632    9.48775  289.11651     95.682 0.0000e+00
   40.49252  -71.92478     28.685     28.462     8.4969    32.8288      8.045     0.9684 7.5863e-01  1025.6262     8.4940    25.4958     9.0730    276.476    9.48715  289.09747     95.634 0.0000e+00
   40.49252  -71.92478     28.702     28.479     8.4914    32.8300      8.045     0.9684 7.5350e-01  1025.6283     8.4885    25.4976     9.0670    276.294    9.48622  289.06868     95.581 0.0000e+00
   40.49252  -71.92478     28.723     28.500     8.4862    32.8313      8.045     0.9684 7.4989e-01  1025.6304     8.4833    25.4995     9.0611    276.115    9.48504  289.03281     95.531 0.0000e+00
   40.49252  -71.92478     28.744     28.520     8.4818    32.8326      8.045     0.9684 7.4989e-01  1025.6321     8.4789    25.5011     9.0612    276.118    9.48420  289.00814     95.540 0.0000e+00
   40.49252  -71.92478     28.774     28.550     8.4780    32.8338      8.045     0.9684 7.4419e-01  1025.6335     8.4751    25.5026     9.0560    275.961    9.48391  289.00059     95.488 0.0000e+00
   40.49252  -71.92478     28.804     28.580     8.4744    32.8348      8.040     0.9684 7.4063e-01  1025.6356     8.4715    25.5040     9.0582    276.028    9.48456  289.02166     95.504 0.0000e+00
   40.49252  -71.92478     28.807     28.583     8.4713    32.8350      8.040     0.9684 7.3917e-01  1025.6365     8.4684    25.5047     9.0548    275.925    9.48533  289.04587     95.461 0.0000e+00
   40.49252  -71.92478     28.846     28.621     8.4688    32.8352      8.040     0.9684 7.3583e-01  1025.6358     8.4659    25.5050     9.0510    275.810    9.48629  289.07546     95.411 -9.990e-29
   40.49252  -71.92478     28.846     28.621     8.4651    32.8354      8.040     0.9684 7.2839e-01  1025.6368     8.4622    25.5058     9.0526    275.860    9.48711  289.10014     95.420 -9.990e-29
   40.49252  -71.92478     28.886     28.661     8.4621    32.8368      8.040     0.9684 7.2511e-01  1025.6386     8.4592    25.5074     9.0484    275.730    9.48779  289.12040     95.368 -9.990e-29
   40.49252  -71.92478     28.886     28.661     8.4602    32.8368      8.040     0.9684 7.2184e-01  1025.6414     8.4573    25.5088     9.0443    275.604    9.48832  289.13599     95.320 -9.990e-29
   40.49252  -71.92478     28.916     28.691     8.4594    32.8368      8.035     0.9684 7.1515e-01  1025.6416     8.4565    25.5089     9.0457    275.647    9.48885  289.15132     95.330 0.0000e+00
   40.49252  -71.92478     28.939     28.714     8.4583    32.8364      8.035     0.9684 7.1313e-01  1025.6390     8.4554    25.5078     9.0411    275.507    9.48916  289.16080     95.278 0.0000e+00
   40.49252  -71.92478     28.946     28.721     8.4551    32.8349      8.040     0.9684 7.1172e-01  1025.6384     8.4522    25.5070     9.0368    275.376    9.48944  289.16903     95.230 0.0000e+00
