CalculateIndicators/WaterTemperature/Data/CTD_NYOS/20230517_C17.cnv
* Sea-Bird SBE 9 Data File:
* FileName = C:\Seabird 9 CTD\Data\2023\202305_offshore\20230517_C17.hex
* Software Version Seasave V 7.23.2
* Temperature SN = 4590
* Conductivity SN = 3228
* Number of Bytes Per Scan = 44
* Number of Voltage Words = 5
* Number of Scans Averaged by the Deck Unit = 1
* NMEA Latitude = 40 40.03 N
* NMEA Longitude = 072 58.42 W
* NMEA UTC (Time) = May 17 2023  03:25:59
* NMEA baud rate = 4800
** Ship: Seawolf
** Station: 9.1
** Operator: TDK
# nquan = 18
# nvalues = 8488                        
# units = specified
# name 0 = latitude: Latitude [deg]
# name 1 = longitude: Longitude [deg]
# name 2 = prDM: Pressure, Digiquartz [db]
# name 3 = depSM: Depth [salt water, m]
# name 4 = t090C: Temperature [ITS-90, deg C]
# name 5 = sal00: Salinity, Practical [PSU]
# name 6 = ph: pH
# name 7 = flECO-AFL: Fluorescence, WET Labs ECO-AFL/FL [mg/m^3]
# name 8 = cpar: CPAR/Corrected Irradiance [%]
# name 9 = density00: Density [density, kg/m^3]
# name 10 = potemp090C: Potential Temperature [ITS-90, deg C]
# name 11 = sigma-é00: Density [sigma-theta, kg/m^3]
# name 12 = sbeox0Mg/L: Oxygen, SBE 43 [mg/l]
# name 13 = sbox0Mm/Kg: Oxygen, SBE 43 [umol/kg]
# name 14 = oxsolMg/L: Oxygen Saturation, Garcia & Gordon [mg/l]
# name 15 = oxsolMm/Kg: Oxygen Saturation, Garcia & Gordon [umol/kg]
# name 16 = sbeox0PS: Oxygen, SBE 43 [% saturation]
# name 17 = flag:  0.000e+00
# span 0 =   40.66716,   40.66796       
# span 1 =  -72.97376,  -72.97246       
# span 2 =      1.268,     13.156       
# span 3 =      1.258,     13.054       
# span 4 =     9.6224,    10.4417       
# span 5 =    31.8768,    32.0196       
# span 6 =      7.930,      7.953       
# span 7 =     1.3310,     1.6399       
# span 8 = 5.0640e-11, 9.9999e+04       
# span 9 =  1024.4354,  1024.7448       
# span 10 =     9.6211,    10.4410      
# span 11 =    24.4466,    24.6860      
# span 12 =     8.4889,     8.7666      
# span 13 =    258.907,    267.421      
# span 14 =    9.11817,    9.27564      
# span 15 =  278.14616,  282.88689      
# span 16 =     91.748,     96.130      
# span 17 = 0.0000e+00, 0.0000e+00      
# interval = seconds: 0.0416667
# start_time = May 17 2023 03:25:58 [System UTC, first data scan.]
# bad_flag = -9.990e-29
*END*
[from data line 8121]
   40.66792  -72.97256      2.402      2.383    10.4351    31.8896      7.952     1.4788 5.3608e-01  1024.4626    10.4348    24.4516     8.7341    266.431    9.11985  278.19676     95.771 -9.990e-29
   40.66792  -72.97256      2.342      2.323    10.4353    31.8896      7.952     1.4788 5.8924e-01  1024.4621    10.4350    24.4516     8.7407    266.632    9.11984  278.19640     95.843 -9.990e-29
   40.66792  -72.97256      2.300      2.283    10.4353    31.8896      7.952     1.4922 1.6807e-01  1024.4620    10.4350    24.4516     8.7424    266.682    9.11984  278.19634     95.861 -9.990e-29
   40.66792  -72.97256      2.251      2.233    10.4353    31.8897      7.952     1.4922 5.0640e-11  1024.4617    10.4350    24.4516     8.7433    266.711    9.11985  278.19681     95.871 -9.990e-29
   40.66792  -72.97256      2.230      2.213    10.4354    31.8897      7.952     1.4922 5.0640e-11  1024.4619    10.4352    24.4517     8.7392    266.586    9.11981  278.19565     95.827 -9.990e-29
   40.66792  -72.97256      2.200      2.183    10.4356    31.8897      7.952     1.4922 5.0640e-11  1024.4617    10.4354    24.4517     8.7453    266.770    9.11987  278.19727     95.892 -9.990e-29
   40.66792  -72.97256      2.159      2.142    10.4358    31.8898      7.952     1.4922 5.0640e-11  1024.4613    10.4355    24.4516     8.7405    266.626    9.11987  278.19739     95.840 -9.990e-29
   40.66792  -72.97256      2.119      2.103    10.4358    31.8898      7.952     1.4922 5.0640e-11  1024.4612    10.4355    24.4516     8.7465    266.808    9.11987  278.19741     95.906 -9.990e-29
   40.66792  -72.97256      2.078      2.062    10.4356    31.8897      7.952     1.5056 5.0640e-11  1024.4610    10.4354    24.4516     8.7475    266.839    9.11987  278.19729     95.917 -9.990e-29
   40.66792  -72.97256      2.048      2.032    10.4356    31.8897      7.952     1.4922 5.0640e-11  1024.4611    10.4354    24.4516     8.7485    266.868    9.11982  278.19584     95.928 -9.990e-29
   40.66792  -72.97256      2.017      2.002    10.4358    31.8898      7.952     1.4922 5.0640e-11  1024.4604    10.4356    24.4515     8.7495    266.899    9.11984  278.19660     95.939 -9.990e-29
   40.66792  -72.97256      1.977      1.962    10.4356    31.8897      7.952     1.4922 5.0640e-11  1024.4605    10.4354    24.4516     8.7505    266.930    9.11984  278.19648     95.950 -9.990e-29
   40.66792  -72.97256      1.947      1.932    10.4354    31.8897      7.952     1.4922 5.0640e-11  1024.4607    10.4352    24.4517     8.7458    266.788    9.11987  278.19732     95.899 -9.990e-29
   40.66792  -72.97256      1.906      1.891    10.4354    31.8897      7.952     1.4922 5.0640e-11  1024.4602    10.4352    24.4516     8.7461    266.796    9.11984  278.19648     95.902 -9.990e-29
   40.66792  -72.97256      1.896      1.882    10.4353    31.8896      7.952     1.4922 5.0640e-11  1024.4602    10.4351    24.4516     8.7521    266.980    9.11984  278.19649     95.968 -9.990e-29
   40.66792  -72.97256      1.866      1.852    10.4354    31.8896      7.952     1.5056 5.0640e-11  1024.4599    10.4352    24.4516     8.7525    266.992    9.11990  278.19847     95.972 -9.990e-29
   40.66792  -72.97256      1.846      1.831    10.4353    31.8896      7.952     1.4922 5.0640e-11  1024.4599    10.4351    24.4516     8.7527    266.997    9.11982  278.19599     95.975 -9.990e-29
   40.66792  -72.97256      1.825      1.811    10.4354    31.8895      7.952     1.4922 5.0640e-11  1024.4597    10.4352    24.4515     8.7530    267.006    9.11986  278.19726     95.977 -9.990e-29
   40.66792  -72.97256      1.836      1.822    10.4351    31.8894      7.952     1.5056 5.0640e-11  1024.4598    10.4349    24.4515     8.7532    267.013    9.11986  278.19722     95.980 -9.990e-29
   40.66792  -72.97256      1.804      1.790    10.4351    31.8894      7.952     1.4922 5.0640e-11  1024.4596    10.4349    24.4515     8.7477    266.844    9.11983  278.19626     95.919 -9.990e-29
   40.66792  -72.97256      1.815      1.801    10.4351    31.8894      7.952     1.4922 5.0640e-11  1024.4597    10.4349    24.4515     8.7529    267.002    9.11988  278.19784     95.976 -9.990e-29
   40.66792  -72.97256      1.804      1.790    10.4348    31.8895      7.952     1.4922 5.0640e-11  1024.4595    10.4346    24.4516     8.7473    266.833    9.11985  278.19690     95.915 -9.990e-29
   40.66792  -72.97256      1.804      1.790    10.4343    31.8895      7.952     1.4922 5.0640e-11  1024.4600    10.4341    24.4517     8.7467    266.814    9.11981  278.19562     95.909 -9.990e-29
   40.66792  -72.97256      1.804      1.790    10.4344    31.8895      7.952     1.4922 5.0640e-11  1024.4598    10.4342    24.4517     8.7461    266.797    9.11983  278.19626     95.902 -9.990e-29
   40.66792  -72.97256      1.804      1.790    10.4344    31.8896      7.952     1.4922 5.0640e-11  1024.4596    10.4342    24.4517     8.7513    266.955    9.11989  278.19811     95.959 -9.990e-29
   40.66792  -72.97256      1.804      1.790    10.4339    31.8898      7.952     1.4788 5.0640e-11  1024.4603    10.4337    24.4519     8.7457    266.783    9.11983  278.19632     95.897 -9.990e-29
   40.66792  -72.97256      1.815      1.801    10.4343    31.8898      7.952     1.4519 5.0640e-11  1024.4601    10.4341    24.4519     8.7451    266.765    9.11982  278.19601     95.891 -9.990e-29
   40.66792  -72.97256      1.804      1.790    10.4344    31.8898      7.952     1.4385 5.0640e-11  1024.4600    10.4342    24.4519     8.7445    266.746    9.11984  278.19651     95.884 -9.990e-29
   40.66792  -72.97256      1.804      1.790    10.4341    31.8898      7.952     1.4519 5.0640e-11  1024.4601    10.4339    24.4519     8.7438    266.726    9.11978  278.19460     95.877 -9.990e-29
   40.66792  -72.97256      1.836      1.822    10.4341    31.8897      7.952     1.4519 5.0640e-11  1024.4602    10.4339    24.4519     8.7433    266.710    9.11987  278.19734     95.871 -9.990e-29
   40.66792  -72.97256      1.825      1.811    10.4339    31.8896      7.952     1.4519 5.0640e-11  1024.4601    10.4337    24.4518     8.7426    266.690    9.11981  278.19574     95.864 -9.990e-29
   40.66792  -72.97256      1.837      1.823    10.4339    31.8895      7.952     1.4385 5.0640e-11  1024.4599    10.4337    24.4517     8.7420    266.672    9.11983  278.19625     95.858 -9.990e-29
   40.66792  -72.97256      1.846      1.831    10.4338    31.8895      7.952     1.4385 5.0640e-11  1024.4602    10.4336    24.4517     8.7415    266.655    9.11987  278.19734     95.851 -9.990e-29
   40.66792  -72.97256      1.855      1.841    10.4333    31.8894      7.952     1.4385 5.0640e-11  1024.4601    10.4331    24.4517     8.7416    266.659    9.11987  278.19739     95.853 -9.990e-29
   40.66794  -72.97250      1.866      1.852    10.4331    31.8894      7.952     1.4385 5.0640e-11  1024.4601    10.4329    24.4517     8.7410    266.641    9.11985  278.19687     95.846 -9.990e-29
   40.66794  -72.97250      1.885      1.871    10.4328    31.8894      7.952     1.4519 5.0640e-11  1024.4601    10.4326    24.4518     8.7405    266.624    9.11985  278.19687     95.840 -9.990e-29
   40.66794  -72.97250      1.896      1.882    10.4319    31.8895      7.952     1.4385 5.0640e-11  1024.4606    10.4317    24.4521     8.7399    266.607    9.11989  278.19783     95.834 -9.990e-29
   40.66794  -72.97250      1.906      1.891    10.4316    31.8899      7.952     1.4519 5.0640e-11  1024.4611    10.4314    24.4524     8.7393    266.589    9.11986  278.19725     95.827 -9.990e-29
   40.66794  -72.97250      1.916      1.901    10.4319    31.8903      7.952     1.4385 5.0640e-11  1024.4612    10.4317    24.4527     8.7452    266.768    9.11986  278.19712     95.892 -9.990e-29
   40.66794  -72.97250      1.906      1.891    10.4319    31.8904      7.952     1.4519 5.0640e-11  1024.4619    10.4317    24.4529     8.7404    266.622    9.11989  278.19794     95.839 -9.990e-29
   40.66794  -72.97250      1.927      1.912    10.4326    31.8904      7.952     1.4385 5.0640e-11  1024.4616    10.4324    24.4529     8.7406    266.628    9.11986  278.19693     95.841 -9.990e-29
   40.66794  -72.97250      1.927      1.912    10.4329    31.8904      7.952     1.4519 5.0640e-11  1024.4613    10.4327    24.4526     8.7457    266.785    9.11982  278.19597     95.898 -9.990e-29
   40.66794  -72.97250      1.927      1.912    10.4329    31.8902      7.952     1.4385 5.0640e-11  1024.4611    10.4327    24.4524     8.7402    266.617    9.11984  278.19648     95.838 -9.990e-29
   40.66794  -72.97250      1.936      1.921    10.4331    31.8901      7.952     1.4385 5.0640e-11  1024.4610    10.4329    24.4523     8.7454    266.774    9.11985  278.19673     95.894 -9.990e-29
   40.66794  -72.97250      1.947      1.932    10.4328    31.8899      7.952     1.4519 5.0640e-11  1024.4612    10.4326    24.4522     8.7455    266.778    9.11984  278.19646     95.896 -9.990e-29
   40.66794  -72.97250      1.977      1.962    10.4333    31.8897      7.952     1.4519 5.0640e-11  1024.4606    10.4331    24.4520     8.7457    266.783    9.11987  278.19729     95.897 -9.990e-29
   40.66794  -72.97250      1.978      1.962    10.4328    31.8897      7.952     1.4385 5.0640e-11  1024.4610    10.4326    24.4520     8.7457    266.785    9.11987  278.19740     95.898 -9.990e-29
   40.66794  -72.97250      1.997      1.981    10.4328    31.8897      7.952     1.4385 5.0640e-11  1024.4612    10.4326    24.4521     8.7401    266.612    9.11982  278.19595     95.836 -9.990e-29
   40.66794  -72.97250      2.008      1.992    10.4329    31.8898      7.952     1.4519 5.0640e-11  1024.4611    10.4327    24.4521     8.7450    266.764    9.11979  278.19485     95.891 -9.990e-29
   40.66794  -72.97250      2.028      2.013    10.4329    31.8898      7.952     1.4519 5.0640e-11  1024.4614    10.4327    24.4521     8.7450    266.762    9.11973  278.19306     95.891 -9.990e-29
   40.66794  -72.97250      2.038      2.022    10.4330    31.8898      7.952     1.4519 5.0640e-11  1024.4613    10.4328    24.4521     8.7400    266.610    9.11967  278.19129     95.837 -9.990e-29
   40.66794  -72.97250      2.059      2.043    10.4329    31.8898      7.952     1.4653 5.0640e-11  1024.4614    10.4327    24.4521     8.7401    266.613    9.11971  278.19255     95.838 -9.990e-29
   40.66794  -72.97250      2.048      2.032    10.4331    31.8898      7.952     1.4519 5.0640e-11  1024.4613    10.4329    24.4521     8.7402    266.615    9.11970  278.19229     95.838 -9.990e-29
   40.66794  -72.97250      2.078      2.062    10.4328    31.8898      7.952     1.4519 5.0640e-11  1024.4616    10.4326    24.4522     8.7395    266.595    9.11969  278.19202     95.831 -9.990e-29
   40.66794  -72.97250      2.078      2.062    10.4328    31.8898      7.952     1.4519 5.0640e-11  1024.4615    10.4326    24.4522     8.7397    266.600    9.11973  278.19329     95.833 -9.990e-29
   40.66794  -72.97250      2.098      2.082    10.4328    31.8898      7.952     1.4653 5.0640e-11  1024.4616    10.4326    24.4522     8.7391    266.581    9.11972  278.19291     95.826 -9.990e-29
   40.66794  -72.97250      2.098      2.082    10.4328    31.8899      7.952     1.4519 5.0640e-11  1024.4617    10.4326    24.4523     8.7392    266.585    9.11973  278.19303     95.827 -9.990e-29
   40.66794  -72.97250      2.119      2.103    10.4329    31.8899      7.952     1.4653 5.0640e-11  1024.4620    10.4327    24.4523     8.7451    266.765    9.11974  278.19328     95.892 -9.990e-29
   40.66792  -72.97254      2.119      2.103    10.4329    31.8899      7.952     1.4653 5.0640e-11  1024.4617    10.4327    24.4522     8.7346    266.445    9.11975  278.19391     95.777 -9.990e-29
   40.66792  -72.97254      2.119      2.103    10.4329    31.8899      7.952     1.4519 5.0640e-11  1024.4618    10.4327    24.4522     8.7398    266.604    9.11975  278.19365     95.834 -9.990e-29
   40.66792  -72.97254      2.140      2.123    10.4328    31.8899      7.952     1.4653 5.0640e-11  1024.4619    10.4326    24.4522     8.7344    266.439    9.11978  278.19465     95.774 -9.990e-29
   40.66792  -72.97254      2.129      2.112    10.4329    31.8898      7.952     1.4519 5.0640e-11  1024.4618    10.4327    24.4521     8.7389    266.577    9.11977  278.19446     95.824 -9.990e-29
   40.66792  -72.97254      2.140      2.123    10.4331    31.8895      7.952     1.4519 5.0640e-11  1024.4614    10.4329    24.4519     8.7385    266.563    9.11971  278.19262     95.819 -9.990e-29
   40.66792  -72.97254      2.149      2.133    10.4328    31.8895      7.952     1.4519 5.0640e-11  1024.4615    10.4326    24.4518     8.7331    266.400    9.11974  278.19338     95.761 -9.990e-29
   40.66792  -72.97254      2.149      2.133    10.4331    31.8895      7.952     1.4519 5.0640e-11  1024.4616    10.4329    24.4519     8.7384    266.562    9.11971  278.19261     95.819 -9.990e-29
   40.66792  -72.97254      2.151      2.134    10.4329    31.8896      7.952     1.4519 5.0640e-11  1024.4616    10.4327    24.4520     8.7275    266.228    9.11971  278.19261     95.699 -9.990e-29
   40.66792  -72.97254      2.170      2.153    10.4328    31.8897      7.952     1.4653 5.0640e-11  1024.4620    10.4326    24.4521     8.7266    266.200    9.11975  278.19375     95.689 -9.990e-29
   40.66792  -72.97254      2.159      2.142    10.4329    31.8897      7.952     1.4519 5.0640e-11  1024.4620    10.4327    24.4522     8.7371    266.522    9.11974  278.19350     95.804 -9.990e-29
   40.66792  -72.97254      2.159      2.142    10.4328    31.8898      7.952     1.4519 5.0640e-11  1024.4617    10.4326    24.4521     8.7256    266.171    9.11974  278.19338     95.678 -9.990e-29
   40.66792  -72.97254      2.170      2.153    10.4329    31.8898      7.952     1.4519 5.0640e-11  1024.4618    10.4327    24.4520     8.7305    266.321    9.11973  278.19311     95.732 -9.990e-29
   40.66792  -72.97254      2.159      2.142    10.4331    31.8898      7.952     1.4519 5.0640e-11  1024.4618    10.4329    24.4521     8.7355    266.471    9.11969  278.19209     95.787 -9.990e-29
   40.66792  -72.97254      2.170      2.153    10.4329    31.8898      7.952     1.4519 5.0640e-11  1024.4621    10.4327    24.4522     8.7241    266.125    9.11973  278.19312     95.662 -9.990e-29
   40.66792  -72.97254      2.170      2.153    10.4326    31.8898      7.952     1.4519 5.0640e-11  1024.4621    10.4324    24.4522     8.7227    266.083    9.11974  278.19344     95.647 -9.990e-29
   40.66792  -72.97254      2.159      2.142    10.4330    31.8898      7.952     1.4519 5.0640e-11  1024.4619    10.4327    24.4521     8.7221    266.065    9.11971  278.19248     95.640 -9.990e-29
   40.66792  -72.97254      2.170      2.153    10.4331    31.8898      7.952     1.4653 5.0640e-11  1024.4617    10.4329    24.4520     8.7323    266.376    9.11975  278.19388     95.752 -9.990e-29
   40.66792  -72.97254      2.159      2.142    10.4329    31.8898      7.952     1.4788 5.0640e-11  1024.4619    10.4327    24.4521     8.7326    266.383    9.11977  278.19421     95.754 -9.990e-29
   40.66792  -72.97254      2.159      2.142    10.4333    31.8898      7.952     1.4788 5.0640e-11  1024.4618    10.4331    24.4521     8.7214    266.041    9.11976  278.19395     95.632 -9.990e-29
   40.66792  -72.97254      2.159      2.142    10.4328    31.8898      7.952     1.4788 5.0640e-11  1024.4619    10.4326    24.4521     8.7202    266.007    9.11980  278.19523     95.619 -9.990e-29
   40.66792  -72.97254      2.159      2.142    10.4331    31.8898      7.952     1.4788 5.0640e-11  1024.4618    10.4329    24.4521     8.7248    266.146    9.11977  278.19422     95.669 -9.990e-29
   40.66792  -72.97254      2.149      2.133    10.4329    31.8898      7.952     1.4788 5.0640e-11  1024.4620    10.4327    24.4521     8.7301    266.308    9.11975  278.19377     95.728 -9.990e-29
