CalculateIndicators/WaterTemperature/Data/CTD_NYOS/20230518_C23B.cnv
* Sea-Bird SBE 9 Data File:
* FileName = C:\Seabird 9 CTD\Data\2023\202305_offshore\20230518_C25B.hex
* Software Version Seasave V 7.23.2
* Temperature SN = 4590
* Conductivity SN = 3228
* Number of Bytes Per Scan = 44
* Number of Voltage Words = 5
* Number of Scans Averaged by the Deck Unit = 1
* NMEA Latitude = 39 44.13 N
* NMEA Longitude = 071 24.97 W
* NMEA UTC (Time) = May 18 2023  05:17:01
* NMEA baud rate = 4800
** Ship: Seawolf
** Station: 11.7
** Operator: TDK
# nquan = 18
# nvalues = 606                         
# units = specified
# name 0 = latitude: Latitude [deg]
# name 1 = longitude: Longitude [deg]
# name 2 = prDM: Pressure, Digiquartz [db]
# name 3 = depSM: Depth [salt water, m]
# name 4 = t090C: Temperature [ITS-90, deg C]
# name 5 = sal00: Salinity, Practical [PSU]
# name 6 = ph: pH
# name 7 = flECO-AFL: Fluorescence, WET Labs ECO-AFL/FL [mg/m^3]
# name 8 = cpar: CPAR/Corrected Irradiance [%]
# name 9 = density00: Density [density, kg/m^3]
# name 10 = potemp090C: Potential Temperature [ITS-90, deg C]
# name 11 = sigma-100: Density [sigma-1, kg/m^3 ]
# name 12 = sbeox0Mg/L: Oxygen, SBE 43 [mg/l]
# name 13 = sbox0Mm/Kg: Oxygen, SBE 43 [umol/kg]
# name 14 = oxsolMg/L: Oxygen Saturation, Garcia & Gordon [mg/l]
# name 15 = oxsolMm/Kg: Oxygen Saturation, Garcia & Gordon [umol/kg]
# name 16 = sbeox0PS: Oxygen, SBE 43 [% saturation]
# name 17 = flag: flag
# span 0 =   39.73402,   39.73550       
# span 1 =  -71.42145,  -71.41628       
# span 2 =      2.000,    305.000       
# span 3 =      1.985,    302.447       
# span 4 =     9.9657,    14.3476       
# span 5 =    33.4819,    35.8615       
# span 6 =      7.855,      8.154       
# span 7 =    -0.0951,     0.8958       
# span 8 = -4.481e+04, 1.0770e+05       
# span 9 =  1025.1323,  1028.5851       
# span 10 =     9.9300,    14.3462      
# span 11 =    29.4847,    31.7947      
# span 12 =     3.2753,     8.8271      
# span 13 =     99.634,    269.075      
# span 14 =    8.28661,    9.01348      
# span 15 =  252.21480,  274.21897      
# span 16 =     36.751,    103.898      
# span 17 = 0.0000e+00, 0.0000e+00      
# interval = decibars: 1                
# start_time = May 18 2023 05:17:03 [System UTC, first data scan.]
# bad_flag = -9.990e-29
*END*
   39.73549  -71.41628      3.000      2.977    13.1854    33.4897      8.154     0.4688 1.9561e+00  1025.1996    13.1850    29.5866     8.8211    268.891    8.52047  259.72701    103.528 0.0000e+00
   39.73550  -71.41628      4.000      3.969    13.1712    33.4827 -9.990e-29     0.4823 2.4141e-01  1025.2015    13.1706    29.5844     8.8271    269.075    8.52155  259.75897    103.586 0.0000e+00
   39.73550  -71.41628      5.000      4.962    13.1613    33.4819      8.154     0.5120 3.0015e-02  1025.2068    13.1606    29.5855     8.8268    269.064    8.52109  259.74586    103.587 0.0000e+00
   39.73548  -71.41632      6.000      5.954    13.1745    33.4868      8.154     0.5224 5.0640e-11  1025.2131    13.1736    29.5870     8.8032    268.339    8.49154  258.83971    103.670 0.0000e+00
   39.73547  -71.41632      7.000      6.946    13.1920    33.5102      8.154     0.5118 5.0640e-11  1025.2322    13.1910    29.6012     8.8244    268.990    8.49334  258.89747    103.898 0.0000e+00
   39.73547  -71.41632      8.000      7.939    13.3001    33.5374      8.151     0.4991 5.0640e-11  1025.2355    13.2990    29.5978     8.7753    267.486    8.47050  258.19560    103.598 0.0000e+00
   39.73549  -71.41633      9.000      8.931    13.5101    33.6481      8.148     0.4579 5.0640e-11  1025.2837    13.5089    29.6367     8.6774    264.482    8.35792  254.74347    103.823 0.0000e+00
   39.73550  -71.41632     10.000      9.924    13.8187    33.7759      8.142     0.4013 5.0640e-11  1025.3228    13.8173    29.6647     8.5683    261.150    8.32118  253.61750    102.970 0.0000e+00
   39.73546  -71.41636     11.000     10.916    14.0618    33.8750      8.136     0.3223 5.0640e-11  1025.3543    14.0601    29.6865     8.4703    258.163    8.31699  253.48985    101.844 0.0000e+00
   39.73546  -71.41638     12.000     11.908    14.1501    33.9171      8.132     0.2597 5.0640e-11  1025.3723    14.1484    29.6982     8.3918    255.776    8.32576  253.76376    100.793 0.0000e+00
   39.73546  -71.41637     13.000     12.900    14.1860    33.9353      8.127     0.1746 5.0640e-11  1025.3826    14.1842    29.7033     8.3537    254.603    8.33759  254.11291    100.193 0.0000e+00
   39.73546  -71.41638     14.000     13.893    14.1782    33.9632      8.126     0.1446 5.0640e-11  1025.4113    14.1763    29.7274     8.3688    255.048    8.33902  254.14050    100.357 0.0000e+00
   39.73546  -71.41638     15.000     14.885    14.1352    33.9699      8.127     0.1276 5.0640e-11  1025.4296    14.1330    29.7421     8.3324    253.940    8.33856  254.12717     99.927 0.0000e+00
   39.73548  -71.41636     16.000     15.877    14.0827    33.9941      8.126     0.1224 5.0640e-11  1025.4639    14.0804    29.7727     8.3266    253.763    8.33856  254.12747     99.857 0.0000e+00
   39.73548  -71.41638     17.000     16.870    14.0754    34.0074      8.127     0.1290 5.0640e-11  1025.4800    14.0730    29.7845     8.3608    254.804    8.33744  254.09315    100.280 0.0000e+00
   39.73547  -71.41640     18.000     17.862    14.0797    34.0134 -9.990e-29     0.1232 5.0640e-11  1025.4882    14.0772    29.7882     8.3644    254.912    8.33793  254.10578    100.317 0.0000e+00
   39.73548  -71.41639     19.000     18.854    14.0764    34.0163 -9.990e-29     0.1077 5.0640e-11  1025.4957    14.0737    29.7912     8.3412    254.199    8.33478  254.00343    100.077 0.0000e+00
   39.73547  -71.41639     20.000     19.846    14.0735    34.0396 -9.990e-29 -9.990e-29 5.0640e-11  1025.5188    14.0706    29.8098     8.3629    254.856    8.33148  253.89786    100.377 0.0000e+00
   39.73545  -71.41642     21.000     20.839    14.0819    34.0545 -9.990e-29 -9.990e-29 5.0640e-11  1025.5329    14.0788    29.8193     8.3622    254.832    8.32776  253.78150    100.414 0.0000e+00
   39.73545  -71.41644     22.000     21.831    14.1160    34.1187 -9.990e-29     0.1201 5.0640e-11  1025.5798    14.1128    29.8607     8.3477    254.379    8.32184  253.59088    100.311 0.0000e+00
   39.73544  -71.41646     23.000     22.823    14.1267    34.1471 -9.990e-29     0.1091 5.0640e-11  1025.6039    14.1234    29.8800     8.3474    254.367    8.32300  253.62316    100.293 0.0000e+00
   39.73544  -71.41646     24.000     23.815    14.1174    34.1711 -9.990e-29     0.0987 5.0640e-11  1025.6289    14.1140    29.9006     8.3435    254.237    8.33318  253.92200    100.124 0.0000e+00
   39.73544  -71.41646     25.000     24.808    14.0869    34.1893 -9.990e-29     0.0835 5.0640e-11  1025.6538    14.0834    29.9215     8.3362    254.002    8.34116  254.15391     99.940 0.0000e+00
   39.73547  -71.41643     26.000     25.800    14.0087    34.2372 -9.990e-29     0.1061 5.0640e-11  1025.7117    14.0050    29.9761     8.3631    254.819    8.34272  254.19833    100.244 0.0000e+00
   39.73546  -71.41646     27.000     26.792    13.9622    34.2727      8.128     0.1414 5.0640e-11  1025.7532    13.9583    30.0138     8.3880    255.552    8.36131  254.73915    100.319 0.0000e+00
   39.73544  -71.41648     28.000     27.784    13.9200    34.3218      8.128     0.1441 5.0640e-11  1025.8046    13.9160    30.0612     8.4155    256.381    8.37364  255.10547    100.500 0.0000e+00
   39.73544  -71.41649     29.000     28.776    13.8497    34.3574      8.131     0.1416 5.0640e-11  1025.8513    13.8456    30.1045     8.4631    257.828    8.37352  255.09899    101.070 0.0000e+00
   39.73545  -71.41649     30.000     29.769    13.7488    34.4046      8.131     0.1561 5.0640e-11  1025.9130    13.7446    30.1634     8.5033    259.051    8.36915  254.96368    101.603 0.0000e+00
   39.73545  -71.41649     31.000     30.761    13.7704    34.4266 -9.990e-29     0.1791 5.0640e-11  1025.9302    13.7660    30.1756     8.5002    258.948    8.36115  254.70965    101.664 0.0000e+00
   39.73545  -71.41649     32.000     31.753    13.7850    34.4384 -9.990e-29     0.1820 5.0640e-11  1025.9404    13.7804    30.1810     8.4817    258.370    8.36939  254.94867    101.342 0.0000e+00
   39.73546  -71.41649     33.000     32.745    13.7992    34.4722 -9.990e-29     0.1609 5.0640e-11  1025.9682    13.7945    30.2040     8.4645    257.844    8.37167  255.01750    101.108 0.0000e+00
   39.73545  -71.41652     34.000     33.738    13.7155    34.5240 -9.990e-29     0.1283 5.0640e-11  1026.0299    13.7107    30.2624     8.4765    258.204    8.38600  255.44787    101.079 0.0000e+00
   39.73544  -71.41652     35.000     34.730    13.6258    34.5408 -9.990e-29     0.1027 5.0640e-11  1026.0662    13.6209    30.2958     8.4977    258.854    8.38910  255.54515    101.295 0.0000e+00
   39.73544  -71.41652     36.000     35.722    13.6257    34.5317      8.133     0.0999 5.0640e-11  1026.0621    13.6206    30.2874     8.4431    257.181    8.42047  256.49074    100.269 0.0000e+00
   39.73543  -71.41656     37.000     36.714    13.5117    34.4977      8.131     0.1129 5.0640e-11  1026.0650    13.5065    30.2882     8.4046    255.999    8.42056  256.48383     99.811 0.0000e+00
   39.73544  -71.41655     38.000     37.706    13.4130    34.5727      8.129     0.1285 5.0640e-11  1026.1481    13.4077    30.3681     8.4453    257.231    8.41109  256.18934    100.407 0.0000e+00
   39.73542  -71.41656     39.000     38.698    13.4370    34.6035      8.129     0.1634 5.0640e-11  1026.1713    13.4316    30.3862     8.4483    257.325    8.40994  256.15583    100.456 0.0000e+00
   39.73544  -71.41656     40.000     39.691    13.4682    34.6099      8.129     0.1604 5.0640e-11  1026.1743    13.4626    30.3843     8.4432    257.167    8.40525  256.01066    100.452 0.0000e+00
   39.73543  -71.41656     41.000     40.683    13.4827    34.6161      8.129     0.1465 5.0640e-11  1026.1806    13.4770    30.3858     8.4427    257.152    8.40016  255.85459    100.507 0.0000e+00
   39.73543  -71.41656     42.000     41.675    13.5161    34.6329 -9.990e-29     0.1519 5.0640e-11  1026.1914    13.5103    30.3914     8.1168    247.228    8.39853  255.80969     96.644 0.0000e+00
   39.73544  -71.41658     43.000     42.667    13.5270    34.5897 -9.990e-29     0.1629 5.0640e-11  1026.1595    13.5210    30.3552     7.5802    230.874    8.38405  255.35761     90.412 0.0000e+00
   39.73543  -71.41659     44.000     43.659    13.5562    34.6613      8.129     0.1762 5.0640e-11  1026.2139    13.5500    30.4041     7.6945    234.351    8.37023  254.93014     91.928 0.0000e+00
   39.73542  -71.41661     45.000     44.651    13.6186    34.7013      8.129     0.1878 5.0640e-11  1026.2363    13.6123    30.4207     7.8134    237.965    8.35851  254.56685     93.479 0.0000e+00
   39.73544  -71.41662     46.000     45.644    13.6836    34.7618      8.130     0.2055 5.0640e-11  1026.2741    13.6770    30.4525     8.0326    244.630    8.35503  254.45110     96.140 0.0000e+00
   39.73544  -71.41662     47.000     46.636    13.7259    34.8359      8.128     0.2576 5.0640e-11  1026.3271    13.7192    30.4999     8.1601    248.505    8.34981  254.28073     97.729 0.0000e+00
   39.73542  -71.41662     48.000     47.628    13.7265    34.8801      8.127     0.2787 5.0640e-11  1026.3655    13.7197    30.5335     8.0669    245.653    8.34340  254.07328     96.686 0.0000e+00
   39.73543  -71.41662     49.000     48.620    13.7402    34.9305      8.124     0.3385 5.0640e-11  1026.4061    13.7333    30.5691     8.0325    244.609    8.34065  253.99241     96.306 0.0000e+00
   39.73542  -71.41663     50.000     49.612    13.7738    34.9670      8.120     0.4838 5.0640e-11  1026.4318    13.7667    30.5896     8.1330    247.678    8.34519  254.13937     97.458 0.0000e+00
   39.73542  -71.41664     51.000     50.604    13.7715    34.9285      8.116     0.5559 5.0640e-11  1026.4069    13.7642    30.5605     8.1387    247.847    8.34795  254.22049     97.493 0.0000e+00
   39.73542  -71.41664     52.000     51.596    13.7437    34.9221      8.110     0.7226 5.0640e-11  1026.4122    13.7363    30.5620     7.9982    243.564    8.35170  254.33019     95.767 0.0000e+00
   39.73542  -71.41664     53.000     52.588    13.7148    34.9286      8.110     0.7273 5.0640e-11  1026.4278    13.7073    30.5736     7.9719    242.767    8.36501  254.73619     95.301 0.0000e+00
   39.73542  -71.41666     54.000     53.581    13.6984    34.9382      8.103     0.6913 5.0640e-11  1026.4430    13.6907    30.5846     7.9882    243.256    8.37702  255.09538     95.359 0.0000e+00
   39.73542  -71.41668     55.000     54.572    13.6577    34.9294      8.091     0.6208 5.0640e-11  1026.4492    13.6500    30.5872     7.9591    242.360    8.38465  255.31789     94.925 0.0000e+00
   39.73542  -71.41667     56.000     55.565    13.5359    34.9532      8.075     0.4364 5.0640e-11  1026.4973    13.5281    30.6329     7.6426    232.714    8.39094  255.50159     91.082 0.0000e+00
   39.73542  -71.41667     57.000     56.557    13.4450    35.0040      8.073     0.4341 5.0640e-11  1026.5599    13.4370    30.6924     7.4616    227.200    8.40109  255.80744     88.817 0.0000e+00
   39.73542  -71.41666     58.000     57.549    13.4195    34.9928      8.072     0.4325 5.0640e-11  1026.5608    13.4114    30.6894     7.5119    228.731    8.40467  255.91576     89.378 0.0000e+00
   39.73542  -71.41666     59.000     58.541    13.4011    34.9959      8.070     0.3560 5.0640e-11  1026.5715    13.3929    30.6960     7.5068    228.577    8.41105  256.11172     89.249 0.0000e+00
   39.73542  -71.41669     60.000     59.533    13.3898    34.9984      8.069     0.3489 5.0640e-11  1026.5803    13.3814    30.7006     7.5035    228.474    8.41581  256.25349     89.159 0.0000e+00
   39.73542  -71.41667     61.000     60.525    13.3399    34.9876      8.068     0.3438 5.0640e-11  1026.5866    13.3314    30.7034     7.4658    227.323    8.41956  256.36467     88.672 0.0000e+00
   39.73541  -71.41671     62.000     61.517    13.3017    34.9992      8.065     0.3286 5.0640e-11  1026.6079    13.2931    30.7209     7.4529    226.932    8.42820  256.62750     88.429 0.0000e+00
   39.73540  -71.41672     63.000     62.509    13.2873    34.9918      8.065     0.3223 5.0640e-11  1026.6096    13.2786    30.7185     7.4653    227.308    8.43167  256.73106     88.539 0.0000e+00
   39.73540  -71.41673     64.000     63.501    13.2548    34.9866      8.065     0.2849 5.0640e-11  1026.6166    13.2459    30.7217     7.4497    226.831    8.43624  256.86837     88.306 0.0000e+00
   39.73542  -71.41668     65.000     64.493    13.2064    34.9897      8.062     0.2800 5.0640e-11  1026.6334    13.1974    30.7349     7.4369    226.435    8.43836  256.92780     88.132 0.0000e+00
   39.73541  -71.41671     66.000     65.485    13.1885    35.0030      8.059     0.2420 5.0640e-11  1026.6518    13.1794    30.7491     7.3737    224.507    8.43604  256.85331     87.406 0.0000e+00
   39.73540  -71.41674     67.000     66.477    13.1807    35.0275      8.056     0.2141 5.0640e-11  1026.6768    13.1714    30.7697     7.3043    222.385    8.42127  256.39333     86.736 0.0000e+00
   39.73542  -71.41670     68.000     67.470    13.2096    35.0663      8.055     0.1658 5.0640e-11  1026.7054    13.2002    30.7931     7.3206    222.884    8.41898  256.32425     86.954 0.0000e+00
   39.73542  -71.41670     69.000     68.462    13.2496    35.0995      8.052     0.1153 5.0640e-11  1026.7274    13.2400    30.8097     7.2561    220.921    8.42040  256.36864     86.173 0.0000e+00
   39.73541  -71.41674     70.000     69.454    13.2661    35.1011      8.051     0.1080 5.0640e-11  1026.7297    13.2563    30.8073     7.1982    219.159    8.42541  256.52131     85.435 0.0000e+00
   39.73542  -71.41670     71.000     70.446    13.2460    35.0921      8.048     0.0887 5.0640e-11  1026.7314    13.2362    30.8049     7.1840    218.724    8.43716  256.87686     85.148 0.0000e+00
   39.73542  -71.41671     72.000     71.438    13.1747    35.0817      8.045     0.0542 5.0640e-11  1026.7423    13.1648    30.8127     7.1609    218.019    8.44046  256.97436     84.841 0.0000e+00
   39.73540  -71.41678     73.000     72.430    13.1458    35.0907      8.041     0.0408 5.0640e-11  1026.7597    13.1357    30.8262     7.1214    216.813    8.44093  256.98750     84.367 0.0000e+00
   39.73541  -71.41676     74.000     73.422    13.1442    35.0956      8.039     0.0416 5.0640e-11  1026.7682    13.1340    30.8303     7.0948    216.004    8.44313  257.05435     84.031 0.0000e+00
   39.73542  -71.41672     75.000     74.414    13.1412    35.0971      8.037     0.0221 5.0640e-11  1026.7745    13.1308    30.8321     7.0708    215.273    8.44686  257.16739     83.709 0.0000e+00
   39.73541  -71.41676     76.000     75.406    13.1139    35.0936      8.037     0.0133 5.0640e-11  1026.7817    13.1034    30.8355     7.0406    214.351    8.44835  257.20967     83.337 0.0000e+00
   39.73542  -71.41675     77.000     76.398    13.0904    35.1013      8.033    -0.0051 5.0640e-11  1026.7969    13.0798    30.8466     7.0179    213.654    8.43263  256.72660     83.223 0.0000e+00
   39.73540  -71.41680     78.000     77.390    13.1271    35.1294      8.032    -0.0196 5.0640e-11  1026.8157    13.1163    30.8601     7.0154    213.582    8.42493  256.49395     83.270 0.0000e+00
   39.73539  -71.41680     79.000     78.382    13.1880    35.1499      8.032    -0.0252 5.0640e-11  1026.8237    13.1770    30.8625     7.0064    213.308    8.42194  256.40386     83.192 0.0000e+00
   39.73541  -71.41679     80.000     79.374    13.2380    35.1503      8.034    -0.0172 5.0640e-11  1026.8181    13.2269    30.8516     6.9755    212.364    8.41437  256.17112     82.899 0.0000e+00
   39.73539  -71.41681     81.000     80.365    13.2794    35.1740      8.035    -0.0252 5.0640e-11  1026.8325    13.2682    30.8607     6.9611    211.922    8.40116  255.76340     82.859 0.0000e+00
   39.73542  -71.41676     82.000     81.358    13.2596    35.1643      8.036    -0.0276 5.0640e-11  1026.8335    13.2482    30.8576     6.9557    211.757    8.37191  254.87311     83.083 0.0000e+00
