CalculateIndicators/WaterTemperature/Data/CTD_NYOS/20230518_C28.cnv
* Sea-Bird SBE 9 Data File:
* FileName = C:\Seabird 9 CTD\Data\2023\202305_offshore\20230518_C28.hex
* Software Version Seasave V 7.23.2
* Temperature SN = 4590
* Conductivity SN = 3228
* Number of Bytes Per Scan = 44
* Number of Voltage Words = 5
* Number of Scans Averaged by the Deck Unit = 1
* NMEA Latitude = 40 18.11 N
* NMEA Longitude = 071 48.20 W
* NMEA UTC (Time) = May 18 2023  14:02:16
* NMEA baud rate = 4800
** Ship: Seawolf
** Station: 11.4
** Operator: SJW
# nquan = 18
# nvalues = 17725                       
# units = specified
# name 0 = latitude: Latitude [deg]
# name 1 = longitude: Longitude [deg]
# name 2 = prDM: Pressure, Digiquartz [db]
# name 3 = depSM: Depth [salt water, m]
# name 4 = t090C: Temperature [ITS-90, deg C]
# name 5 = sal00: Salinity, Practical [PSU]
# name 6 = ph: pH
# name 7 = flECO-AFL: Fluorescence, WET Labs ECO-AFL/FL [mg/m^3]
# name 8 = cpar: CPAR/Corrected Irradiance [%]
# name 9 = density00: Density [density, kg/m^3]
# name 10 = potemp090C: Potential Temperature [ITS-90, deg C]
# name 11 = sigma-é00: Density [sigma-theta, kg/m^3]
# name 12 = sbeox0Mg/L: Oxygen, SBE 43 [mg/l]
# name 13 = sbox0Mm/Kg: Oxygen, SBE 43 [umol/kg]
# name 14 = oxsolMg/L: Oxygen Saturation, Garcia & Gordon [mg/l]
# name 15 = oxsolMm/Kg: Oxygen Saturation, Garcia & Gordon [umol/kg]
# name 16 = sbeox0PS: Oxygen, SBE 43 [% saturation]
# name 17 = flag:  0.000e+00
# span 0 =   40.30156,   40.30194       
# span 1 =  -71.80510,  -71.80332       
# span 2 =      2.407,     70.579       
# span 3 =      2.388,     70.025       
# span 4 =     6.8764,    12.2822       
# span 5 =    32.7827,    33.1573       
# span 6 =      7.869,      8.176       
# span 7 =    -0.0389,     1.3579       
# span 8 = 4.4735e-14, 2.9651e+02       
# span 9 =  1024.9616,  1026.2125       
# span 10 =     6.8709,    12.2817      
# span 11 =    24.9469,    25.8921      
# span 12 =     8.1516,     9.4769      
# span 13 =    248.314,    288.797      
# span 14 =    8.70849,    9.80129      
# span 15 =  265.51911,  298.56503      
# span 16 =     83.219,    108.278      
# span 17 = 0.0000e+00, 0.0000e+00      
# interval = seconds: 0.0416667
# start_time = May 18 2023 14:02:19 [System UTC, first data scan.]
# bad_flag = -9.990e-29
*END*
[from data line 16644]
   40.30164  -71.80496      2.893      2.871    12.2778    32.9593 -9.990e-29     0.2968 6.3672e+01  1024.9652    12.2775    24.9521     9.3977    286.534    8.70960  265.55277    107.901 -9.990e-29
   40.30164  -71.80496      2.882      2.860    12.2778    32.9594 -9.990e-29     0.2968 8.1451e+01  1024.9652    12.2775    24.9522     9.3978    286.536    8.70958  265.55228    107.902 -9.990e-29
   40.30164  -71.80496      2.882      2.860    12.2781    32.9594 -9.990e-29     0.2968 9.4260e+01  1024.9651    12.2777    24.9522     9.3979    286.538    8.70956  265.55141    107.903 -9.990e-29
   40.30164  -71.80496      2.872      2.850    12.2780    32.9594 -9.990e-29     0.2968 1.0699e+02  1024.9651    12.2776    24.9522     9.3980    286.542    8.70956  265.55149    107.904 -9.990e-29
   40.30164  -71.80496      2.863      2.841    12.2780    32.9593 -9.990e-29     0.2968 1.2082e+02  1024.9649    12.2776    24.9521     9.3981    286.546    8.70960  265.55283    107.906 -9.990e-29
   40.30164  -71.80496      2.852      2.830    12.2779    32.9593 -9.990e-29     0.2968 1.3196e+02  1024.9648    12.2776    24.9521     9.3929    286.387    8.70962  265.55325    107.845 -9.990e-29
   40.30164  -71.80496      2.864      2.842    12.2780    32.9593 -9.990e-29     0.2968 1.3878e+02  1024.9648    12.2776    24.9521     9.3978    286.537    8.70967  265.55495    107.901 -9.990e-29
   40.30158  -71.80500      2.842      2.820    12.2778    32.9593 -9.990e-29     0.2968 1.4038e+02  1024.9650    12.2775    24.9521     9.3980    286.541    8.70968  265.55522    107.903 -9.990e-29
   40.30158  -71.80500      2.842      2.820    12.2779    32.9592 -9.990e-29     0.2968 1.4822e+02  1024.9647    12.2776    24.9520     9.3981    286.546    8.70968  265.55506    107.904 -9.990e-29
   40.30158  -71.80500      2.833      2.811    12.2782    32.9591 -9.990e-29     0.2968 1.6411e+02  1024.9647    12.2778    24.9519     9.3982    286.549    8.70965  265.55414    107.906 -9.990e-29
   40.30158  -71.80500      2.822      2.800    12.2782    32.9591 -9.990e-29     0.2968 1.9807e+02  1024.9641    12.2778    24.9518     9.3984    286.553    8.70966  265.55441    107.908 -9.990e-29
   40.30158  -71.80500      2.812      2.790    12.2777    32.9591 -9.990e-29     0.2968 2.1594e+02  1024.9647    12.2773    24.9520     9.3985    286.557    8.70964  265.55390    107.909 -9.990e-29
   40.30158  -71.80500      2.812      2.790    12.2781    32.9592 -9.990e-29     0.2968 2.1355e+02  1024.9646    12.2777    24.9521     9.3985    286.557    8.70953  265.55031    107.911 -9.990e-29
   40.30158  -71.80500      2.812      2.790    12.2778    32.9592 -9.990e-29     0.2968 1.6773e+02  1024.9645    12.2775    24.9521     9.3986    286.559    8.70945  265.54779    107.912 -9.990e-29
   40.30158  -71.80500      2.782      2.760    12.2778    32.9592 -9.990e-29     0.2968 1.4995e+02  1024.9645    12.2775    24.9521     9.3986    286.561    8.70938  265.54595    107.914 -9.990e-29
   40.30158  -71.80500      2.801      2.779    12.2777    32.9592 -9.990e-29     0.2968 1.4957e+02  1024.9648    12.2774    24.9521     9.3986    286.560    8.70925  265.54178    107.915 -9.990e-29
   40.30158  -71.80500      2.782      2.760    12.2780    32.9592 -9.990e-29     0.2968 1.5001e+02  1024.9643    12.2777    24.9521     9.3988    286.564    8.70925  265.54163    107.917 -9.990e-29
   40.30158  -71.80500      2.771      2.749    12.2775    32.9592 -9.990e-29     0.2968 1.5001e+02  1024.9646    12.2771    24.9521     9.3987    286.563    8.70908  265.53654    107.919 -9.990e-29
   40.30158  -71.80500      2.761      2.740    12.2777    32.9591 -9.990e-29     0.2968 1.4784e+02  1024.9644    12.2773    24.9520     9.3988    286.566    8.70902  265.53482    107.920 -9.990e-29
   40.30158  -71.80500      2.752      2.730    12.2777    32.9589 -9.990e-29     0.2968 1.5628e+02  1024.9641    12.2774    24.9518     9.3988    286.566    8.70889  265.53081    107.922 -9.990e-29
   40.30158  -71.80500      2.761      2.740    12.2775    32.9587 -9.990e-29     0.2968 1.5741e+02  1024.9640    12.2771    24.9517     9.3989    286.570    8.70889  265.53096    107.923 -9.990e-29
   40.30158  -71.80500      2.721      2.700    12.2775    32.9587 -9.990e-29     0.2968 1.4779e+02  1024.9638    12.2771    24.9517     9.3984    286.554    8.70887  265.53051    107.918 -9.990e-29
   40.30158  -71.80500      2.742      2.721    12.2774    32.9587 -9.990e-29     0.2968 1.3855e+02  1024.9640    12.2770    24.9517     9.3985    286.557    8.70885  265.52991    107.919 -9.990e-29
   40.30158  -71.80500      2.731      2.710    12.2775    32.9587 -9.990e-29     0.3103 1.3200e+02  1024.9637    12.2771    24.9517     9.3986    286.562    8.70887  265.53055    107.920 -9.990e-29
   40.30158  -71.80500      2.710      2.689    12.2770    32.9589 -9.990e-29     0.3237 1.2334e+02  1024.9641    12.2767    24.9519     9.3987    286.564    8.70882  265.52903    107.922 -9.990e-29
   40.30158  -71.80500      2.710      2.689    12.2768    32.9591 -9.990e-29     0.3237 1.0083e+02  1024.9644    12.2765    24.9521     9.3989    286.569    8.70888  265.53076    107.923 -9.990e-29
   40.30158  -71.80500      2.710      2.689    12.2769    32.9593 -9.990e-29     0.3237 7.5378e+01  1024.9643    12.2766    24.9523     9.3990    286.573    8.70889  265.53114    107.925 -9.990e-29
   40.30158  -71.80500      2.690      2.669    12.2768    32.9594 -9.990e-29     0.3237 6.1885e+01  1024.9645    12.2765    24.9524     9.3992    286.580    8.70895  265.53313    107.926 -9.990e-29
   40.30158  -71.80500      2.690      2.669    12.2768    32.9594 -9.990e-29     0.3237 5.5546e+01  1024.9645    12.2765    24.9524     9.3940    286.419    8.70894  265.53281    107.866 -9.990e-29
   40.30158  -71.80500      2.680      2.659    12.2772    32.9594 -9.990e-29     0.3237 5.4711e+01  1024.9646    12.2769    24.9524     9.3989    286.570    8.70898  265.53396    107.922 -9.990e-29
   40.30158  -71.80500      2.680      2.659    12.2773    32.9592 -9.990e-29     0.3237 5.2751e+01  1024.9640    12.2770    24.9522     9.3991    286.574    8.70897  265.53350    107.924 -9.990e-29
   40.30158  -71.80500      2.671      2.650    12.2773    32.9591 -9.990e-29     0.3237 5.1724e+01  1024.9640    12.2770    24.9521     9.3938    286.415    8.70896  265.53328    107.864 -9.990e-29
   40.30158  -71.80500      2.671      2.650    12.2769    32.9591 -9.990e-29     0.3237 5.4337e+01  1024.9642    12.2766    24.9521     9.3988    286.565    8.70896  265.53328    107.921 -9.990e-29
   40.30158  -71.80500      2.660      2.639    12.2767    32.9590 -9.990e-29     0.3237 5.5061e+01  1024.9640    12.2763    24.9521     9.3989    286.570    8.70895  265.53311    107.923 -9.990e-29
   40.30158  -71.80500      2.660      2.639    12.2765    32.9589 -9.990e-29     0.3237 5.4157e+01  1024.9640    12.2761    24.9521     9.3991    286.577    8.70898  265.53404    107.925 -9.990e-29
   40.30158  -71.80500      2.660      2.639    12.2762    32.9588 -9.990e-29     0.3237 5.2228e+01  1024.9641    12.2758    24.9520     9.3940    286.421    8.70905  265.53593    107.865 -9.990e-29
   40.30158  -71.80500      2.650      2.630    12.2766    32.9588 -9.990e-29     0.3237 5.1221e+01  1024.9635    12.2762    24.9520     9.3990    286.572    8.70906  265.53640    107.922 -9.990e-29
   40.30158  -71.80500      2.640      2.620    12.2762    32.9588 -9.990e-29     0.3237 5.1424e+01  1024.9639    12.2758    24.9520     9.3992    286.578    8.70904  265.53586    107.924 -9.990e-29
   40.30158  -71.80500      2.650      2.630    12.2762    32.9588 -9.990e-29     0.3237 5.8697e+01  1024.9638    12.2758    24.9520     9.3994    286.586    8.70908  265.53691    107.927 -9.990e-29
   40.30158  -71.80500      2.640      2.620    12.2762    32.9590 -9.990e-29     0.3237 6.3392e+01  1024.9640    12.2759    24.9521     9.3996    286.592    8.70909  265.53737    107.929 -9.990e-29
   40.30158  -71.80500      2.640      2.620    12.2762    32.9591 -9.990e-29     0.3237 6.3872e+01  1024.9641    12.2758    24.9523     9.3999    286.598    8.70908  265.53706    107.932 -9.990e-29
   40.30158  -71.80500      2.642      2.621    12.2760    32.9591 -9.990e-29     0.3237 5.1484e+01  1024.9642    12.2757    24.9523     9.3994    286.584    8.70909  265.53703    107.926 -9.990e-29
   40.30158  -71.80500      2.640      2.620    12.2759    32.9591 -9.990e-29     0.3237 4.3770e+01  1024.9640    12.2756    24.9524     9.3995    286.589    8.70906  265.53608    107.928 -9.990e-29
   40.30158  -71.80500      2.640      2.620    12.2760    32.9592 -9.990e-29     0.3237 4.2633e+01  1024.9644    12.2757    24.9525     9.3997    286.595    8.70907  265.53636    107.930 -9.990e-29
   40.30158  -71.80500      2.629      2.609    12.2762    32.9592 -9.990e-29     0.3237 4.5139e+01  1024.9641    12.2758    24.9525     9.3998    286.597    8.70898  265.53391    107.932 -9.990e-29
   40.30158  -71.80500      2.640      2.620    12.2760    32.9592 -9.990e-29     0.3237 4.7885e+01  1024.9645    12.2757    24.9525     9.4053    286.764    8.70894  265.53253    107.996 -9.990e-29
   40.30158  -71.80500      2.629      2.609    12.2760    32.9592 -9.990e-29     0.3237 4.8470e+01  1024.9641    12.2757    24.9524     9.4008    286.626    8.70898  265.53379    107.943 -9.990e-29
   40.30158  -71.80500      2.629      2.609    12.2762    32.9590 -9.990e-29     0.3103 5.4594e+01  1024.9639    12.2758    24.9522     9.4002    286.610    8.70897  265.53338    107.937 -9.990e-29
   40.30158  -71.80500      2.640      2.620    12.2760    32.9588 -9.990e-29     0.2968 6.5108e+01  1024.9640    12.2757    24.9521     9.3997    286.593    8.70895  265.53277    107.931 -9.990e-29
   40.30158  -71.80500      2.640      2.620    12.2762    32.9588 -9.990e-29     0.2968 6.8165e+01  1024.9637    12.2759    24.9520     9.3996    286.590    8.70880  265.52824    107.932 -9.990e-29
   40.30158  -71.80500      2.629      2.609    12.2763    32.9588 -9.990e-29     0.2968 6.1148e+01  1024.9637    12.2760    24.9520     9.4049    286.753    8.70872  265.52561    107.995 -9.990e-29
   40.30158  -71.80500      2.629      2.609    12.2762    32.9588 -9.990e-29     0.2968 4.7483e+01  1024.9640    12.2758    24.9521     9.4002    286.607    8.70860  265.52217    107.941 -9.990e-29
   40.30158  -71.80500      2.629      2.609    12.2760    32.9588 -9.990e-29     0.2968 4.3927e+01  1024.9638    12.2757    24.9521     9.4002    286.609    8.70861  265.52263    107.942 -9.990e-29
   40.30158  -71.80500      2.650      2.629    12.2760    32.9588 -9.990e-29     0.2968 4.6229e+01  1024.9638    12.2757    24.9521     9.4003    286.611    8.70860  265.52234    107.942 -9.990e-29
   40.30158  -71.80500      2.640      2.620    12.2756    32.9589 -9.990e-29     0.2968 5.4338e+01  1024.9640    12.2753    24.9522     9.4051    286.757    8.70862  265.52300    107.997 -9.990e-29
   40.30162  -71.80496      2.640      2.620    12.2755    32.9590 -9.990e-29     0.2968 5.9198e+01  1024.9642    12.2752    24.9523     9.4058    286.778    8.70868  265.52463    108.004 -9.990e-29
   40.30162  -71.80496      2.650      2.629    12.2756    32.9591      8.172     0.2968 5.9519e+01  1024.9642    12.2752    24.9524     9.4064    286.797    8.70867  265.52430    108.011 -9.990e-29
   40.30162  -71.80496      2.659      2.639    12.2756    32.9592      8.176     0.2968 4.8661e+01  1024.9644    12.2753    24.9525     9.4069    286.813    8.70863  265.52310    108.018 -9.990e-29
   40.30162  -71.80496      2.659      2.639    12.2755    32.9595      8.172     0.2968 4.4694e+01  1024.9646    12.2752    24.9527     9.4128    286.993    8.70862  265.52278    108.086 -9.990e-29
   40.30162  -71.80496      2.670      2.650    12.2756    32.9597      8.172     0.2968 4.4931e+01  1024.9648    12.2752    24.9528     9.4085    286.863    8.70861  265.52256    108.037 -9.990e-29
   40.30162  -71.80496      2.670      2.650    12.2760    32.9601      8.172     0.2968 4.7004e+01  1024.9652    12.2757    24.9531     9.4145    287.044    8.70866  265.52418    108.105 -9.990e-29
   40.30162  -71.80496      2.681      2.661    12.2763    32.9602      8.172     0.2968 4.8249e+01  1024.9654    12.2760    24.9531     9.4102    286.914    8.70870  265.52546    108.055 -9.990e-29
   40.30162  -71.80496      2.701      2.680    12.2769    32.9602      8.172     0.2968 4.8406e+01  1024.9648    12.2766    24.9529     9.4106    286.926    8.70870  265.52531    108.060 -9.990e-29
   40.30162  -71.80496      2.701      2.680    12.2777    32.9603      8.172     0.2968 6.2900e+01  1024.9647    12.2773    24.9528     9.4163    287.100    8.70870  265.52541    108.125 -9.990e-29
   40.30162  -71.80496      2.701      2.680    12.2775    32.9605      8.172     0.2968 7.6402e+01  1024.9652    12.2771    24.9530     9.4119    286.967    8.70874  265.52661    108.075 -9.990e-29
   40.30162  -71.80496      2.721      2.700    12.2783    32.9605      8.176     0.2968 7.8974e+01  1024.9653    12.2780    24.9531     9.4176    287.139    8.70874  265.52671    108.139 -9.990e-29
   40.30162  -71.80496      2.731      2.710    12.2786    32.9605      8.176     0.2968 8.3817e+01  1024.9654    12.2782    24.9530     9.4131    287.003    8.70877  265.52753    108.088 -9.990e-29
   40.30162  -71.80496      2.752      2.730    12.2795    32.9603      8.172     0.2968 8.9307e+01  1024.9649    12.2792    24.9527     9.4134    287.010    8.70882  265.52924    108.090 -9.990e-29
   40.30162  -71.80496      2.752      2.730    12.2797    32.9599      8.172     0.2968 9.1174e+01  1024.9644    12.2793    24.9523     9.4189    287.180    8.70884  265.52968    108.153 -9.990e-29
   40.30162  -71.80496      2.771      2.749    12.2798    32.9597      8.172     0.2968 1.0144e+02  1024.9645    12.2794    24.9521     9.4197    287.205    8.70891  265.53181    108.162 -9.990e-29
   40.30162  -71.80496      2.782      2.760    12.2800    32.9595      8.172     0.2968 1.1902e+02  1024.9642    12.2796    24.9519     9.4205    287.228    8.70897  265.53351    108.170 -9.990e-29
   40.30162  -71.80496      2.801      2.779    12.2799    32.9594      8.172     0.2968 1.2526e+02  1024.9644    12.2795    24.9518     9.4159    287.088    8.70906  265.53649    108.116 -9.990e-29
   40.30162  -71.80496      2.822      2.800    12.2802    32.9593      8.176     0.3371 1.0594e+02  1024.9644    12.2798    24.9517     9.4213    287.252    8.70909  265.53706    108.178 -9.990e-29
   40.30162  -71.80496      2.833      2.811    12.2799    32.9591      8.172     0.3505 7.0985e+01  1024.9643    12.2795    24.9516     9.4219    287.269    8.70910  265.53752    108.184 -9.990e-29
   40.30162  -71.80496      2.842      2.820    12.2800    32.9591      8.172     0.3505 5.9873e+01  1024.9640    12.2796    24.9515     9.4170    287.121    8.70910  265.53738    108.128 -9.990e-29
   40.30162  -71.80496      2.863      2.841    12.2795    32.9591      8.172     0.3505 5.5579e+01  1024.9645    12.2791    24.9516     9.4169    287.117    8.70912  265.53802    108.127 -9.990e-29
   40.30162  -71.80496      2.882      2.860    12.2796    32.9591      8.172     0.3505 4.9149e+01  1024.9645    12.2792    24.9517     9.4220    287.274    8.70909  265.53701    108.186 -9.990e-29
   40.30162  -71.80496      2.904      2.882    12.2793    32.9592      8.172     0.3505 4.6119e+01  1024.9647    12.2790    24.9518     9.4165    287.105    8.70914  265.53861    108.122 -9.990e-29
   40.30162  -71.80496      2.923      2.901    12.2793    32.9594      8.172     0.3505 4.5862e+01  1024.9650    12.2790    24.9519     9.4162    287.096    8.70915  265.53908    108.118 -9.990e-29
