CalculateIndicators/WaterTemperature/Data/CTD_NYOS/20230517_C25A.cnv
* Sea-Bird SBE 9 Data File:
* FileName = C:\Seabird 9 CTD\Data\2023\202305_offshore\20230517_C25A.hex
* Software Version Seasave V 7.23.2
* Temperature SN = 4590
* Conductivity SN = 3228
* Number of Bytes Per Scan = 44
* Number of Voltage Words = 5
* Number of Scans Averaged by the Deck Unit = 1
* NMEA Latitude = 39 44.02 N
* NMEA Longitude = 071 25.33 W
* NMEA UTC (Time) = May 18 2023  04:38:35
* NMEA baud rate = 4800
** Ship: Seawolf
** Station: 11.7
** Operator: TDK
# nquan = 18
# nvalues = 16419                       
# units = specified
# name 0 = latitude: Latitude [deg]
# name 1 = longitude: Longitude [deg]
# name 2 = prDM: Pressure, Digiquartz [db]
# name 3 = depSM: Depth [salt water, m]
# name 4 = t090C: Temperature [ITS-90, deg C]
# name 5 = sal00: Salinity, Practical [PSU]
# name 6 = ph: pH
# name 7 = flECO-AFL: Fluorescence, WET Labs ECO-AFL/FL [mg/m^3]
# name 8 = cpar: CPAR/Corrected Irradiance [%]
# name 9 = density00: Density [density, kg/m^3]
# name 10 = potemp090C: Potential Temperature [ITS-90, deg C]
# name 11 = sigma-é00: Density [sigma-theta, kg/m^3]
# name 12 = sbeox0Mg/L: Oxygen, SBE 43 [mg/l]
# name 13 = sbox0Mm/Kg: Oxygen, SBE 43 [umol/kg]
# name 14 = oxsolMg/L: Oxygen Saturation, Garcia & Gordon [mg/l]
# name 15 = oxsolMm/Kg: Oxygen Saturation, Garcia & Gordon [umol/kg]
# name 16 = sbeox0PS: Oxygen, SBE 43 [% saturation]
# name 17 = flag:  0.000e+00
# span 0 =   39.73318,   39.73380       
# span 1 =  -71.42518,  -71.42216       
# span 2 =      1.870,    102.630       
# span 3 =      1.856,    101.821       
# span 4 =    12.8702,    14.4582       
# span 5 =    33.5979,    35.2541       
# span 6 =      8.005,      8.144       
# span 7 =    -0.1061,     0.9549       
# span 8 = 5.0640e-11, 9.9999e+04       
# span 9 =  1025.2346,  1027.0145       
# span 10 =    12.8578,    14.4565      
# span 11 =    25.2246,    26.5612      
# span 12 =     6.7348,     8.6746      
# span 13 =    205.020,    264.414      
# span 14 =    8.27335,    8.48677      
# span 15 =  252.15699,  258.36426      
# span 16 =     79.910,    102.782      
# span 17 = 0.0000e+00, 0.0000e+00      
# interval = seconds: 0.0416667
# start_time = May 18 2023 04:38:37 [System UTC, first data scan.]
# bad_flag = -9.990e-29
*END*
[from data line 12784]
   39.73332  -71.42436     33.740     33.479    13.4801    34.5662 -9.990e-29     0.1491 5.0640e-11  1026.1101    13.4754    25.9606     8.5047    259.052    8.41168  256.21954    101.105 0.0000e+00
   39.73332  -71.42436     33.719     33.459    13.4795    34.5662 -9.990e-29     0.1491 5.0640e-11  1026.1106    13.4748    25.9608     8.5107    259.237    8.41171  256.22053    101.177 0.0000e+00
   39.73332  -71.42436     33.698     33.438    13.4799    34.5662 -9.990e-29     0.1491 5.0640e-11  1026.1104    13.4752    25.9608     8.5066    259.111    8.41184  256.22453    101.127 0.0000e+00
   39.73332  -71.42436     33.678     33.418    13.4799    34.5659 -9.990e-29     0.1491 5.0640e-11  1026.1098    13.4752    25.9603     8.5076    259.140    8.41189  256.22615    101.137 0.0000e+00
   39.73332  -71.42436     33.649     33.389    13.4804    34.5654 -9.990e-29     0.1491 5.0640e-11  1026.1088    13.4757    25.9598     8.5078    259.148    8.41184  256.22472    101.141 0.0000e+00
   39.73332  -71.42436     33.638     33.378    13.4801    34.5650 -9.990e-29     0.1491 5.0640e-11  1026.1089    13.4754    25.9596     8.5082    259.159    8.41186  256.22528    101.145 0.0000e+00
   39.73332  -71.42436     33.607     33.348    13.4802    34.5648 -9.990e-29     0.1491 5.0640e-11  1026.1082    13.4755    25.9594     8.5085    259.169    8.41188  256.22575    101.149 0.0000e+00
   39.73332  -71.42436     33.596     33.337    13.4801    34.5647 -9.990e-29     0.1491 5.0640e-11  1026.1085    13.4754    25.9594     8.5094    259.197    8.41187  256.22551    101.160 0.0000e+00
   39.73332  -71.42436     33.556     33.297    13.4802    34.5646 -9.990e-29     0.1491 5.0640e-11  1026.1080    13.4756    25.9593     8.5156    259.384    8.41192  256.22713    101.232 0.0000e+00
   39.73332  -71.42436     33.545     33.286    13.4801    34.5644 -9.990e-29     0.1491 5.0640e-11  1026.1079    13.4754    25.9591     8.5165    259.414    8.41197  256.22886    101.243 0.0000e+00
   39.73332  -71.42436     33.515     33.256    13.4795    34.5640 -9.990e-29     0.1491 5.0640e-11  1026.1078    13.4749    25.9589     8.5175    259.444    8.41203  256.23072    101.254 0.0000e+00
   39.73332  -71.42436     33.494     33.236    13.4795    34.5634 -9.990e-29     0.1491 5.0640e-11  1026.1068    13.4749    25.9585     8.5184    259.471    8.41205  256.23120    101.264 0.0000e+00
   39.73332  -71.42436     33.475     33.216    13.4790    34.5628 -9.990e-29     0.1491 5.0640e-11  1026.1068    13.4744    25.9581     8.5141    259.340    8.41205  256.23125    101.213 0.0000e+00
   39.73332  -71.42436     33.443     33.185    13.4790    34.5622 -9.990e-29     0.1491 5.0640e-11  1026.1060    13.4744    25.9576     8.5196    259.507    8.41209  256.23284    101.278 0.0000e+00
   39.73332  -71.42436     33.424     33.166    13.4787    34.5614 -9.990e-29     0.1491 5.0640e-11  1026.1054    13.4740    25.9571     8.5153    259.375    8.41212  256.23354    101.226 0.0000e+00
   39.73332  -71.42436     33.403     33.145    13.4784    34.5607 -9.990e-29     0.1491 5.0640e-11  1026.1047    13.4737    25.9567     8.5155    259.383    8.41213  256.23376    101.229 0.0000e+00
   39.73332  -71.42436     33.373     33.115    13.4782    34.5602 -9.990e-29     0.1357 -9.990e-29  1026.1044    13.4736    25.9563     8.5203    259.528    8.41208  256.23238    101.286 0.0000e+00
   39.73332  -71.42436     33.352     33.095    13.4782    34.5599 -9.990e-29     0.1357 -9.990e-29  1026.1039    13.4736    25.9561     8.5204    259.533    8.41206  256.23168    101.288 0.0000e+00
   39.73332  -71.42436     33.333     33.076    13.4782    34.5597 -9.990e-29     0.1357 -9.990e-29  1026.1037    13.4736    25.9559     8.5206    259.537    8.41209  256.23264    101.290 0.0000e+00
   39.73332  -71.42436     33.292     33.035    13.4780    34.5596 -9.990e-29     0.1357 -9.990e-29  1026.1035    13.4734    25.9558     8.5161    259.402    8.41211  256.23320    101.237 0.0000e+00
   39.73332  -71.42436     33.281     33.024    13.4779    34.5593 -9.990e-29     0.1357 -9.990e-29  1026.1031    13.4732    25.9557     8.5157    259.389    8.41218  256.23562    101.231 0.0000e+00
   39.73332  -71.42436     33.250     32.994    13.4777    34.5593 -9.990e-29     0.1357 -9.990e-29  1026.1031    13.4731    25.9557     8.5152    259.374    8.41223  256.23720    101.224 0.0000e+00
   39.73332  -71.42436     33.231     32.974    13.4775    34.5593 -9.990e-29     0.1357 -9.990e-29  1026.1031    13.4729    25.9557     8.5199    259.516    8.41226  256.23830    101.279 0.0000e+00
   39.73332  -71.42436     33.199     32.943    13.4775    34.5592 -9.990e-29     0.1357 -9.990e-29  1026.1030    13.4729    25.9556     8.5198    259.515    8.41226  256.23806    101.279 0.0000e+00
   39.73332  -71.42436     33.180     32.924    13.4777    34.5589 -9.990e-29     0.1357 -9.990e-29  1026.1023    13.4731    25.9554     8.5205    259.535    8.41234  256.24054    101.286 0.0000e+00
   39.73332  -71.42436     33.150     32.894    13.4777    34.5586 -9.990e-29     0.1357 -9.990e-29  1026.1021    13.4731    25.9552     8.5205    259.535    8.41242  256.24307    101.284 -9.990e-29
   39.73332  -71.42436     33.148     32.892    13.4775    34.5585 -9.990e-29     0.1357 -9.990e-29  1026.1023    13.4729    25.9551     8.5204    259.531    8.41246  256.24436    101.283 -9.990e-29
   39.73332  -71.42438     33.108     32.853    13.4777    34.5583 -9.990e-29     0.1357 -9.990e-29  1026.1017    13.4731    25.9549     8.5209    259.547    8.41252  256.24644    101.288 0.0000e+00
   39.73332  -71.42438     33.088     32.832    13.4773    34.5578 -9.990e-29     0.1357 -9.990e-29  1026.1015    13.4727    25.9545     8.5207    259.543    8.41261  256.24902    101.285 0.0000e+00
   39.73332  -71.42438     33.057     32.802    13.4775    34.5569 -9.990e-29     0.1357 -9.990e-29  1026.1006    13.4729    25.9539     8.5206    259.538    8.41267  256.25122    101.283 -9.990e-29
   39.73332  -71.42438     33.057     32.802    13.4773    34.5561 -9.990e-29     0.1357 -9.990e-29  1026.0995    13.4727    25.9533     8.5205    259.535    8.41287  256.25742    101.279 -9.990e-29
   39.73332  -71.42438     33.017     32.762    13.4770    34.5559 -9.990e-29     0.1357 -9.990e-29  1026.0995    13.4724    25.9531     8.5209    259.547    8.41302  256.26228    101.282 0.0000e+00
   39.73332  -71.42438     32.997     32.742    13.4767    34.5558 -9.990e-29     0.1357 -9.990e-29  1026.0996    13.4721    25.9531     8.5213    259.562    8.41322  256.26818    101.285 0.0000e+00
   39.73332  -71.42438     32.976     32.721    13.4770    34.5556 -9.990e-29     0.1357 -9.990e-29  1026.0992    13.4724    25.9530     8.5217    259.572    8.41337  256.27318    101.287 0.0000e+00
   39.73332  -71.42438     32.955     32.701    13.4767    34.5553 -9.990e-29     0.1357 -9.990e-29  1026.0990    13.4721    25.9528     8.5215    259.567    8.41359  256.28008    101.283 0.0000e+00
   39.73332  -71.42438     32.925     32.671    13.4768    34.5551 -9.990e-29     0.1357 -9.990e-29  1026.0988    13.4722    25.9526     8.5219    259.579    8.41383  256.28762    101.284 0.0000e+00
   39.73332  -71.42438     32.904     32.650    13.4767    34.5546 -9.990e-29     0.1357 -9.990e-29  1026.0981    13.4721    25.9522     8.5216    259.570    8.41402  256.29345    101.279 0.0000e+00
   39.73332  -71.42438     32.874     32.620    13.4767    34.5542 -9.990e-29     0.1357 -9.990e-29  1026.0975    13.4721    25.9519     8.5264    259.718    8.41423  256.30043    101.333 0.0000e+00
   39.73332  -71.42438     32.853     32.600    13.4764    34.5541 -9.990e-29     0.1357 -9.990e-29  1026.0975    13.4718    25.9518     8.5265    259.721    8.41436  256.30482    101.333 0.0000e+00
   39.73332  -71.42438     32.823     32.570    13.4767    34.5540 -9.990e-29     0.1357 -9.990e-29  1026.0972    13.4721    25.9518     8.5324    259.900    8.41452  256.31039    101.401 0.0000e+00
   39.73332  -71.42438     32.802     32.549    13.4767    34.5540 -9.990e-29     0.1357 -9.990e-29  1026.0975    13.4721    25.9518     8.5277    259.760    8.41466  256.31512    101.344 0.0000e+00
   39.73332  -71.42438     32.783     32.530    13.4770    34.5540 -9.990e-29     0.1357 -9.990e-29  1026.0969    13.4724    25.9517     8.5281    259.770    8.41464  256.31511    101.348 0.0000e+00
   39.73332  -71.42438     32.762     32.509    13.4768    34.5540 -9.990e-29     0.1357 -9.990e-29  1026.0969    13.4723    25.9516     8.5285    259.783    8.41473  256.31828    101.352 0.0000e+00
   39.73332  -71.42438     32.742     32.489    13.4769    34.5540 -9.990e-29     0.1357 -9.990e-29  1026.0966    13.4723    25.9516     8.5287    259.792    8.41475  256.31954    101.355 0.0000e+00
   39.73332  -71.42438     32.711     32.459    13.4765    34.5541 -9.990e-29     0.1357 -9.990e-29  1026.0971    13.4720    25.9518     8.5343    259.962    8.41496  256.32613    101.418 0.0000e+00
   39.73332  -71.42438     32.691     32.438    13.4768    34.5541 -9.990e-29     0.1357 -9.990e-29  1026.0970    13.4723    25.9519     8.5301    259.834    8.41518  256.33350    101.366 0.0000e+00
   39.73332  -71.42438     32.670     32.418    13.4773    34.5541 -9.990e-29     0.1357 -9.990e-29  1026.0970    13.4728    25.9518     8.5305    259.845    8.41542  256.34119    101.367 0.0000e+00
   39.73332  -71.42438     32.640     32.388    13.4773    34.5538 -9.990e-29     0.1357 -9.990e-29  1026.0962    13.4728    25.9514     8.5307    259.853    8.41562  256.34755    101.367 0.0000e+00
   39.73332  -71.42438     32.619     32.367    13.4772    34.5531 -9.990e-29     0.1357 -9.990e-29  1026.0957    13.4727    25.9509     8.5308    259.857    8.41576  256.35195    101.367 0.0000e+00
   39.73332  -71.42438     32.589     32.337    13.4773    34.5524 -9.990e-29     0.1357 -9.990e-29  1026.0948    13.4728    25.9505     8.5309    259.859    8.41585  256.35511    101.367 0.0000e+00
   39.73332  -71.42438     32.569     32.318    13.4767    34.5520 -9.990e-29     0.1357 -9.990e-29  1026.0946    13.4722    25.9502     8.5261    259.714    8.41580  256.35355    101.311 0.0000e+00
   39.73332  -71.42438     32.549     32.297    13.4765    34.5517 -9.990e-29     0.1357 -9.990e-29  1026.0942    13.4720    25.9500     8.5305    259.847    8.41567  256.34973    101.364 0.0000e+00
   39.73332  -71.42438     32.528     32.277    13.4767    34.5517 -9.990e-29     0.1357 -9.990e-29  1026.0943    13.4722    25.9500     8.5302    259.837    8.41553  256.34532    101.362 0.0000e+00
   39.73332  -71.42438     32.507     32.256    13.4767    34.5517 -9.990e-29     0.1357 -9.990e-29  1026.0940    13.4722    25.9500     8.5298    259.827    8.41543  256.34220    101.360 0.0000e+00
   39.73332  -71.42438     32.477     32.226    13.4765    34.5517 -9.990e-29     0.1357 -9.990e-29  1026.0941    13.4720    25.9500     8.5295    259.816    8.41530  256.33845    101.357 0.0000e+00
   39.73332  -71.42438     32.456     32.206    13.4765    34.5517 -9.990e-29     0.1357 -9.990e-29  1026.0941    13.4720    25.9500     8.5289    259.801    8.41512  256.33323    101.353 0.0000e+00
   39.73332  -71.42438     32.426     32.176    13.4764    34.5514 -9.990e-29     0.1357 -9.990e-29  1026.0937    13.4718    25.9498     8.5285    259.786    8.41499  256.32939    101.348 0.0000e+00
   39.73332  -71.42438     32.405     32.155    13.4762    34.5510 -9.990e-29     0.1357 -9.990e-29  1026.0933    13.4717    25.9495     8.5233    259.628    8.41482  256.32402    101.289 0.0000e+00
   39.73332  -71.42438     32.396     32.146    13.4760    34.5507 -9.990e-29     0.1357 -9.990e-29  1026.0928    13.4715    25.9493     8.5228    259.612    8.41467  256.31964    101.284 0.0000e+00
   39.73332  -71.42438     32.365     32.116    13.4758    34.5505 -9.990e-29     0.1357 -9.990e-29  1026.0929    13.4713    25.9492     8.5222    259.595    8.41451  256.31514    101.280 0.0000e+00
   39.73332  -71.42438     32.345     32.095    13.4760    34.5501 -9.990e-29     0.1357 -9.990e-29  1026.0924    13.4715    25.9489     8.5268    259.737    8.41438  256.31122    101.337 0.0000e+00
   39.73332  -71.42438     32.335     32.085    13.4760    34.5497 -9.990e-29     0.1357 -9.990e-29  1026.0917    13.4715    25.9485     8.5262    259.719    8.41423  256.30687    101.331 0.0000e+00
   39.73332  -71.42438     32.305     32.055    13.4758    34.5497 -9.990e-29     0.1357 -9.990e-29  1026.0916    13.4713    25.9485     8.5211    259.563    8.41415  256.30457    101.271 0.0000e+00
   39.73332  -71.42438     32.284     32.035    13.4757    34.5497 -9.990e-29     0.1357 -9.990e-29  1026.0918    13.4712    25.9486     8.5251    259.685    8.41407  256.30235    101.320 0.0000e+00
   39.73332  -71.42438     32.273     32.024    13.4758    34.5497 -9.990e-29     0.1357 -9.990e-29  1026.0920    13.4713    25.9488     8.5193    259.509    8.41400  256.30022    101.252 0.0000e+00
   39.73332  -71.42438     32.254     32.005    13.4758    34.5497 -9.990e-29     0.1222 -9.990e-29  1026.0922    13.4713    25.9488     8.5240    259.650    8.41399  256.30027    101.307 0.0000e+00
   39.73332  -71.42438     32.223     31.975    13.4760    34.5495 -9.990e-29     0.1222 -9.990e-29  1026.0912    13.4715    25.9484     8.5240    259.650    8.41397  256.29978    101.307 0.0000e+00
   39.73332  -71.42438     32.212     31.964    13.4760    34.5489 -9.990e-29     0.1222 -9.990e-29  1026.0910    13.4715    25.9480     8.5239    259.650    8.41395  256.29955    101.307 0.0000e+00
   39.73332  -71.42438     32.192     31.943    13.4758    34.5482 -9.990e-29     0.1222 -9.990e-29  1026.0902    13.4714    25.9475     8.5181    259.471    8.41390  256.29791    101.238 0.0000e+00
   39.73332  -71.42438     32.182     31.934    13.4758    34.5477 -9.990e-29     0.1222 -9.990e-29  1026.0895    13.4714    25.9471     8.5220    259.590    8.41387  256.29723    101.285 0.0000e+00
   39.73332  -71.42438     32.161     31.913    13.4755    34.5477 -9.990e-29     0.1222 -9.990e-29  1026.0898    13.4710    25.9471     8.5212    259.566    8.41380  256.29507    101.276 0.0000e+00
   39.73332  -71.42438     32.141     31.893    13.4755    34.5477 -9.990e-29     0.1357 -9.990e-29  1026.0898    13.4710    25.9471     8.5209    259.559    8.41370  256.29230    101.274 -9.990e-29
   39.73332  -71.42438     32.141     31.893    13.4752    34.5474 -9.990e-29     0.1222 -9.990e-29  1026.0896    13.4707    25.9470     8.5154    259.389    8.41352  256.28688    101.211 -9.990e-29
   39.73332  -71.42438     32.121     31.874    13.4748    34.5470 -9.990e-29     0.1222 -9.990e-29  1026.0891    13.4704    25.9467     8.5197    259.520    8.41342  256.28390    101.263 0.0000e+00
   39.73332  -71.42438     32.101     31.853    13.4747    34.5465 -9.990e-29     0.1222 -9.990e-29  1026.0889    13.4702    25.9464     8.5142    259.353    8.41330  256.28050    101.199 0.0000e+00
   39.73330  -71.42446     32.090     31.842    13.4745    34.5460 -9.990e-29     0.1222 -9.990e-29  1026.0884    13.4700    25.9461     8.5184    259.481    8.41314  256.27576    101.251 0.0000e+00
   39.73330  -71.42446     32.080     31.832    13.4742    34.5455 -9.990e-29     0.1222 -9.990e-29  1026.0881    13.4697    25.9457     8.5180    259.470    8.41304  256.27260    101.248 0.0000e+00
   39.73330  -71.42446     32.070     31.823    13.4740    34.5447 -9.990e-29     0.1222 -9.990e-29  1026.0875    13.4695    25.9451     8.5177    259.460    8.41295  256.26969    101.245 0.0000e+00
   39.73330  -71.42446     32.059     31.812    13.4733    34.5436 -9.990e-29     0.1222 -9.990e-29  1026.0864    13.4688    25.9444     8.5174    259.450    8.41292  256.26886    101.241 0.0000e+00
   39.73330  -71.42446     32.039     31.791    13.4727    34.5427 -9.990e-29     0.1222 -9.990e-29  1026.0857    13.4682    25.9438     8.5170    259.438    8.41283  256.26605    101.238 -9.990e-29
