CalculateIndicators/WaterTemperature/Data/CTD_NYOS/20230516_C14.cnv
* Sea-Bird SBE 9 Data File:
* FileName = C:\Seabird 9 CTD\Data\2023\202305_offshore\20230516_C14.hex
* Software Version Seasave V 7.23.2
* Temperature SN = 4590
* Conductivity SN = 3228
* Number of Bytes Per Scan = 44
* Number of Voltage Words = 5
* Number of Scans Averaged by the Deck Unit = 1
* NMEA Latitude = 39 59.49 N
* NMEA Longitude = 072 32.03 W
* NMEA UTC (Time) = May 16 2023  17:33:19
* NMEA baud rate = 4800
** Ship: Seawolf
** Station: 9.4
** Operator: tcm
# nquan = 18
# nvalues = 12248                       
# units = specified
# name 0 = latitude: Latitude [deg]
# name 1 = longitude: Longitude [deg]
# name 2 = prDM: Pressure, Digiquartz [db]
# name 3 = depSM: Depth [salt water, m]
# name 4 = t090C: Temperature [ITS-90, deg C]
# name 5 = sal00: Salinity, Practical [PSU]
# name 6 = ph: pH
# name 7 = flECO-AFL: Fluorescence, WET Labs ECO-AFL/FL [mg/m^3]
# name 8 = cpar: CPAR/Corrected Irradiance [%]
# name 9 = density00: Density [density, kg/m^3]
# name 10 = potemp090C: Potential Temperature [ITS-90, deg C]
# name 11 = sigma-é00: Density [sigma-theta, kg/m^3]
# name 12 = sbeox0Mg/L: Oxygen, SBE 43 [mg/l]
# name 13 = sbox0Mm/Kg: Oxygen, SBE 43 [umol/kg]
# name 14 = oxsolMg/L: Oxygen Saturation, Garcia & Gordon [mg/l]
# name 15 = oxsolMm/Kg: Oxygen Saturation, Garcia & Gordon [umol/kg]
# name 16 = sbeox0PS: Oxygen, SBE 43 [% saturation]
# name 17 = flag:  0.000e+00
# span 0 =   39.99154,   39.99214       
# span 1 =  -72.53382,  -72.53210       
# span 2 =      1.396,     61.369       
# span 3 =      1.386,     60.890       
# span 4 =     6.9952,    13.4044       
# span 5 =    32.3528,    32.9264       
# span 6 =      7.854,      8.086       
# span 7 =    -0.2136,     2.0966       
# span 8 = 1.8508e-02, 1.1150e+02       
# span 9 =  1024.2559,  1026.0441       
# span 10 =     6.9910,    13.4041      
# span 11 =    24.2609,    25.7801      
# span 12 =     8.5499,     9.9621      
# span 13 =    260.479,    303.667      
# span 14 =    8.53906,    9.78351      
# span 15 =  260.52269,  298.06026      
# span 16 =     87.400,    111.292      
# span 17 = 0.0000e+00, 0.0000e+00      
# interval = seconds: 0.0416667
# start_time = May 16 2023 17:33:19 [System UTC, first data scan.]
# bad_flag = -9.990e-29
*END*
[from data line 3860]
   39.99170  -72.53320     60.325     59.854     6.9983    32.8960      7.859     0.0148 2.1456e-02  1026.0395     6.9929    25.7626     8.5753    261.250    9.78289  298.04126     87.656 -9.990e-29
   39.99170  -72.53320     60.336     59.865     6.9985    32.8959      7.859     0.0148 2.1456e-02  1026.0390     6.9931    25.7625     8.5816    261.444    9.78286  298.04057     87.721 -9.990e-29
   39.99170  -72.53320     60.346     59.875     6.9984    32.8957      7.859     0.0148 2.1456e-02  1026.0392     6.9930    25.7623     8.5752    261.248    9.78285  298.04018     87.655 -9.990e-29
   39.99170  -72.53320     60.366     59.895     6.9986    32.8957      7.859     0.0148 2.1527e-02  1026.0390     6.9932    25.7623     8.5751    261.244    9.78277  298.03764     87.655 -9.990e-29
   39.99170  -72.53320     60.376     59.905     6.9985    32.8957      7.859     0.0148 2.1527e-02  1026.0393     6.9931    25.7623     8.5740    261.213    9.78278  298.03792     87.644 -9.990e-29
   39.99170  -72.53320     60.376     59.905     6.9983    32.8956      7.859     0.0148 2.1527e-02  1026.0393     6.9929    25.7623     8.5739    261.209    9.78275  298.03715     87.643 -9.990e-29
   39.99170  -72.53320     60.408     59.936     6.9983    32.8956      7.859     0.0013 2.1527e-02  1026.0394     6.9929    25.7622     8.5738    261.205    9.78270  298.03572     87.642 -9.990e-29
   39.99170  -72.53320     60.427     59.956     6.9983    32.8954      7.859     0.0013 2.1527e-02  1026.0393     6.9929    25.7621     8.5736    261.200    9.78265  298.03398     87.641 -9.990e-29
   39.99170  -72.53320     60.459     59.987     6.9981    32.8954      7.859     0.0013 2.1527e-02  1026.0393     6.9927    25.7620     8.5745    261.226    9.78260  298.03269     87.650 -9.990e-29
   39.99170  -72.53320     60.478     60.006     6.9981    32.8954      7.859     0.0013 2.1386e-02  1026.0395     6.9927    25.7621     8.5744    261.224    9.78261  298.03283     87.649 -9.990e-29
   39.99170  -72.53320     60.499     60.027     6.9979    32.8956      7.859     0.0013 2.1175e-02  1026.0399     6.9925    25.7623     8.5744    261.224    9.78268  298.03497     87.649 -9.990e-29
   39.99170  -72.53320     60.520     60.047     6.9980    32.8958      7.859     0.0013 2.1175e-02  1026.0401     6.9926    25.7625     8.5734    261.193    9.78267  298.03481     87.638 -9.990e-29
   39.99170  -72.53320     60.550     60.078     6.9978    32.8958      7.859     0.0013 2.1106e-02  1026.0404     6.9924    25.7626     8.5722    261.157    9.78259  298.03217     87.627 -9.990e-29
   39.99170  -72.53320     60.582     60.109     6.9978    32.8958      7.859     0.0013 2.1036e-02  1026.0402     6.9924    25.7625     8.5721    261.155    9.78262  298.03328     87.626 -9.990e-29
   39.99170  -72.53320     60.612     60.139     6.9980    32.8958      7.859     0.0013 2.1036e-02  1026.0404     6.9926    25.7623     8.5720    261.151    9.78263  298.03342     87.625 -9.990e-29
   39.99170  -72.53320     60.622     60.149     6.9981    32.8958      7.859     0.0013 2.0967e-02  1026.0403     6.9927    25.7623     8.5718    261.146    9.78262  298.03317     87.623 -9.990e-29
   39.99170  -72.53320     60.653     60.179     6.9980    32.8958      7.859     0.0013 2.0691e-02  1026.0406     6.9926    25.7624     8.5718    261.145    9.78270  298.03562     87.622 -9.990e-29
   39.99170  -72.53320     60.694     60.220     6.9978    32.8958      7.859     0.0013 2.0605e-02  1026.0410     6.9924    25.7625     8.5716    261.138    9.78263  298.03335     87.620 -9.990e-29
   39.99170  -72.53320     60.715     60.241     6.9979    32.8958      7.859     0.0013 2.0673e-02  1026.0409     6.9925    25.7624     8.5715    261.134    9.78262  298.03320     87.619 -9.990e-29
   39.99170  -72.53320     60.745     60.271     6.9978    32.8958      7.859     0.0013 2.0673e-02  1026.0410     6.9924    25.7624     8.5714    261.132    9.78268  298.03505     87.618 -9.990e-29
   39.99170  -72.53320     60.766     60.291     6.9980    32.8958      7.859     0.0013 2.0673e-02  1026.0411     6.9926    25.7624     8.5712    261.126    9.78262  298.03338     87.616 -9.990e-29
   39.99170  -72.53320     60.787     60.312     6.9975    32.8957      7.859     0.0013 2.0655e-02  1026.0414     6.9920    25.7625     8.5711    261.123    9.78265  298.03391     87.615 -9.990e-29
   39.99170  -72.53320     60.806     60.331     6.9977    32.8957      7.859     0.0013 2.0655e-02  1026.0415     6.9922    25.7625     8.5709    261.119    9.78265  298.03404     87.614 -9.990e-29
   39.99170  -72.53320     60.838     60.363     6.9978    32.8957      7.859     0.0013 2.0655e-02  1026.0415     6.9924    25.7624     8.5709    261.117    9.78272  298.03619     87.613 -9.990e-29
   39.99170  -72.53320     60.857     60.382     6.9978    32.8957      7.859     0.0013 2.0655e-02  1026.0415     6.9924    25.7624     8.5706    261.110    9.78262  298.03333     87.611 -9.990e-29
   39.99170  -72.53320     60.878     60.403     6.9977    32.8957      7.859     0.0013 2.0518e-02  1026.0417     6.9922    25.7623     8.5706    261.108    9.78269  298.03513     87.610 -9.990e-29
   39.99170  -72.53320     60.908     60.433     6.9978    32.8957      7.859     0.0013 2.0451e-02  1026.0416     6.9923    25.7623     8.5704    261.103    9.78265  298.03414     87.609 -9.990e-29
   39.99170  -72.53320     60.919     60.444     6.9975    32.8957      7.859     0.0013 2.0451e-02  1026.0420     6.9920    25.7624     8.5704    261.102    9.78273  298.03645     87.607 -9.990e-29
   39.99170  -72.53320     60.950     60.474     6.9978    32.8957      7.859     0.0013 2.0433e-02  1026.0420     6.9924    25.7624     8.5638    260.901    9.78263  298.03345     87.541 -9.990e-29
   39.99170  -72.53320     60.980     60.504     6.9978    32.8958      7.859     0.0013 2.0518e-02  1026.0421     6.9924    25.7625     8.5692    261.065    9.78266  298.03427     87.595 -9.990e-29
   39.99170  -72.53320     61.001     60.525     6.9977    32.8958      7.859     0.0013 2.0500e-02  1026.0426     6.9922    25.7626     8.5691    261.061    9.78264  298.03381     87.595 -9.990e-29
   39.99170  -72.53320     61.001     60.525     6.9978    32.8958      7.859     0.0013 2.0365e-02  1026.0422     6.9924    25.7625     8.5700    261.090    9.78269  298.03529     87.604 -9.990e-29
   39.99170  -72.53320     61.022     60.545     6.9980    32.8958      7.859     0.0013 2.0230e-02  1026.0424     6.9925    25.7625     8.5636    260.896    9.78272  298.03626     87.538 -9.990e-29
   39.99170  -72.53320     61.031     60.555     6.9977    32.8958      7.859     0.0013 2.0163e-02  1026.0424     6.9922    25.7625     8.5690    261.060    9.78269  298.03522     87.594 -9.990e-29
   39.99170  -72.53320     61.052     60.575     6.9976    32.8957      7.859     0.0013 2.0096e-02  1026.0425     6.9921    25.7624     8.5690    261.058    9.78264  298.03365     87.594 -9.990e-29
   39.99170  -72.53320     61.062     60.585     6.9978    32.8956      7.859     0.0013 1.9747e-02  1026.0425     6.9924    25.7623     8.5690    261.058    9.78264  298.03379     87.594 -9.990e-29
   39.99170  -72.53320     61.082     60.605     6.9981    32.8955      7.859     0.0013 1.9681e-02  1026.0424     6.9927    25.7622     8.5700    261.090    9.78271  298.03582     87.604 -9.990e-29
   39.99170  -72.53320     61.082     60.605     6.9980    32.8955      7.859     0.0013 1.9747e-02  1026.0423     6.9925    25.7621     8.5700    261.091    9.78272  298.03624     87.604 -9.990e-29
   39.99170  -72.53320     61.093     60.616     6.9981    32.8955      7.859     0.0013 1.9945e-02  1026.0422     6.9927    25.7621     8.5638    260.902    9.78282  298.03910     87.540 -9.990e-29
   39.99170  -72.53320     61.093     60.616     6.9981    32.8955      7.859     0.0013 2.0012e-02  1026.0426     6.9927    25.7622     8.5693    261.068    9.78277  298.03790     87.596 -9.990e-29
   39.99170  -72.53320     61.113     60.636     6.9983    32.8955 -9.990e-29     0.0013 1.9945e-02  1026.0424     6.9929    25.7623     8.5694    261.073    9.78284  298.03985     87.597 -9.990e-29
   39.99170  -72.53320     61.103     60.626     6.9978    32.8955 -9.990e-29     0.0013 1.9616e-02  1026.0428     6.9923    25.7623     8.5632    260.883    9.78286  298.04046     87.533 -9.990e-29
   39.99170  -72.53320     61.103     60.626     6.9981    32.8955 -9.990e-29     0.0013 1.9485e-02  1026.0423     6.9926    25.7622     8.5688    261.052    9.78289  298.04128     87.589 -9.990e-29
   39.99170  -72.53320     61.103     60.626     6.9981    32.8953 -9.990e-29     0.0013 1.9533e-02  1026.0424     6.9927    25.7620     8.5625    260.862    9.78289  298.04143     87.526 -9.990e-29
   39.99170  -72.53320     61.093     60.616     6.9983    32.8953 -9.990e-29     0.0013 1.9796e-02  1026.0421     6.9929    25.7619     8.5681    261.032    9.78289  298.04129     87.583 -9.990e-29
   39.99170  -72.53320     61.093     60.616     6.9985    32.8953 -9.990e-29     0.0013 1.9928e-02  1026.0421     6.9930    25.7619     8.5619    260.845    9.78293  298.04249     87.519 -9.990e-29
   39.99170  -72.53320     61.082     60.605     6.9983    32.8953 -9.990e-29     0.0013 1.9928e-02  1026.0422     6.9929    25.7620     8.5612    260.821    9.78288  298.04116     87.512 -9.990e-29
   39.99170  -72.53320     61.082     60.605     6.9983    32.8954 -9.990e-29     0.0013 1.9928e-02  1026.0422     6.9929    25.7621     8.5668    260.993    9.78285  298.04019     87.570 -9.990e-29
   39.99170  -72.53320     61.073     60.596     6.9980    32.8955 -9.990e-29     0.0013 1.9862e-02  1026.0425     6.9925    25.7622     8.5607    260.807    9.78288  298.04088     87.507 -9.990e-29
   39.99170  -72.53320     61.062     60.585     6.9981    32.8956 -9.990e-29     0.0013 1.9844e-02  1026.0423     6.9927    25.7623     8.5664    260.981    9.78288  298.04089     87.565 -9.990e-29
   39.99170  -72.53320     61.042     60.566     6.9981    32.8957 -9.990e-29     0.0013 1.9778e-02  1026.0425     6.9926    25.7624     8.5613    260.825    9.78285  298.04022     87.513 -9.990e-29
   39.99170  -72.53320     61.042     60.566     6.9985    32.8958 -9.990e-29     0.0013 1.9582e-02  1026.0424     6.9930    25.7624     8.5608    260.810    9.78293  298.04263     87.508 -9.990e-29
   39.99170  -72.53320     61.022     60.545     6.9985    32.8958 -9.990e-29     0.0013 1.9582e-02  1026.0422     6.9930    25.7624     8.5667    260.988    9.78297  298.04368     87.567 -9.990e-29
   39.99170  -72.53320     61.001     60.525     6.9985    32.8958 -9.990e-29     0.0148 1.9695e-02  1026.0424     6.9930    25.7624     8.5670    260.998    9.78289  298.04122     87.571 -9.990e-29
   39.99170  -72.53320     60.991     60.515     6.9988    32.8958 -9.990e-29     0.0282 1.9827e-02  1026.0420     6.9934    25.7624     8.5611    260.818    9.78292  298.04207     87.510 -9.990e-29
   39.99170  -72.53320     60.970     60.494     6.9990    32.8958 -9.990e-29     0.0282 1.9893e-02  1026.0422     6.9935    25.7623     8.5606    260.804    9.78297  298.04386     87.505 -9.990e-29
   39.99170  -72.53320     60.950     60.474     6.9993    32.8957 -9.990e-29     0.0282 1.9893e-02  1026.0417     6.9938    25.7622     8.5601    260.789    9.78293  298.04260     87.501 -9.990e-29
   39.99170  -72.53320     60.940     60.464     6.9993    32.8955 -9.990e-29     0.0282 1.9893e-02  1026.0416     6.9938    25.7620     8.5597    260.776    9.78294  298.04276     87.496 -9.990e-29
   39.99170  -72.53320     60.919     60.444     6.9990    32.8955 -9.990e-29     0.0282 1.9876e-02  1026.0413     6.9936    25.7620     8.5593    260.765    9.78293  298.04264     87.493 -9.990e-29
   39.99170  -72.53320     60.908     60.433     6.9990    32.8955 -9.990e-29     0.0282 2.0008e-02  1026.0416     6.9935    25.7621     8.5590    260.755    9.78296  298.04330     87.489 -9.990e-29
   39.99170  -72.53320     60.878     60.402     6.9993    32.8956 -9.990e-29     0.0282 2.0142e-02  1026.0415     6.9938    25.7622     8.5587    260.746    9.78295  298.04303     87.486 -9.990e-29
   39.99170  -72.53320     60.868     60.393     6.9991    32.8956 -9.990e-29     0.0282 2.0191e-02  1026.0414     6.9937    25.7622     8.5584    260.738    9.78295  298.04325     87.483 -9.990e-29
   39.99170  -72.53320     60.857     60.382     6.9991    32.8956 -9.990e-29     0.0282 2.0124e-02  1026.0413     6.9937    25.7621     8.5582    260.732    9.78297  298.04365     87.481 -9.990e-29
   39.99170  -72.53320     60.838     60.363     6.9993    32.8956 -9.990e-29     0.0282 2.0173e-02  1026.0410     6.9938    25.7620     8.5580    260.725    9.78295  298.04312     87.479 -9.990e-29
   39.99170  -72.53320     60.827     60.352     6.9990    32.8956 -9.990e-29     0.0282 2.0240e-02  1026.0409     6.9935    25.7620     8.5579    260.721    9.78294  298.04292     87.478 -9.990e-29
   39.99170  -72.53320     60.796     60.322     6.9991    32.8956 -9.990e-29     0.0282 2.0173e-02  1026.0411     6.9937    25.7621     8.5578    260.719    9.78298  298.04398     87.477 -9.990e-29
   39.99170  -72.53320     60.796     60.322     6.9991    32.8956 -9.990e-29     0.0282 2.0357e-02  1026.0411     6.9937    25.7622     8.5577    260.716    9.78296  298.04338     87.476 -9.990e-29
   39.99170  -72.53320     60.775     60.301     6.9989    32.8956 -9.990e-29     0.0282 2.0425e-02  1026.0410     6.9935    25.7621     8.5577    260.714    9.78294  298.04287     87.475 -9.990e-29
   39.99170  -72.53320     60.755     60.280     6.9993    32.8957 -9.990e-29     0.0282 2.0407e-02  1026.0405     6.9939    25.7621     8.5577    260.716    9.78298  298.04401     87.476 -9.990e-29
   39.99170  -72.53320     60.755     60.280     6.9990    32.8958 -9.990e-29     0.0282 2.0407e-02  1026.0412     6.9935    25.7623     8.5641    260.909    9.78292  298.04228     87.541 -9.990e-29
   39.99170  -72.53320     60.735     60.261     6.9990    32.8958 -9.990e-29     0.0282 2.0457e-02  1026.0411     6.9935    25.7624     8.5587    260.747    9.78293  298.04261     87.486 -9.990e-29
   39.99170  -72.53320     60.724     60.250     6.9986    32.8958 -9.990e-29     0.0282 2.0457e-02  1026.0411     6.9932    25.7624     8.5588    260.749    9.78296  298.04343     87.487 -9.990e-29
   39.99170  -72.53320     60.704     60.230     6.9993    32.8958 -9.990e-29     0.0282 2.0439e-02  1026.0403     6.9939    25.7623     8.5652    260.944    9.78286  298.04061     87.553 -9.990e-29
   39.99170  -72.53320     60.704     60.230     6.9988    32.8957 -9.990e-29     0.0282 2.0507e-02  1026.0409     6.9934    25.7623     8.5600    260.786    9.78296  298.04360     87.499 -9.990e-29
   39.99170  -72.53320     60.694     60.220     6.9990    32.8957 -9.990e-29     0.0282 2.0489e-02  1026.0408     6.9935    25.7623     8.5602    260.791    9.78296  298.04353     87.501 -9.990e-29
   39.99170  -72.53320     60.684     60.210     6.9987    32.8956 -9.990e-29     0.0282 2.0489e-02  1026.0406     6.9933    25.7622     8.5604    260.797    9.78295  298.04331     87.503 -9.990e-29
   39.99170  -72.53320     60.673     60.199     6.9993    32.8956 -9.990e-29     0.0282 2.0557e-02  1026.0401     6.9939    25.7621     8.5606    260.804    9.78294  298.04279     87.505 -9.990e-29
   39.99170  -72.53320     60.673     60.199     6.9990    32.8956 -9.990e-29     0.0282 2.0539e-02  1026.0407     6.9935    25.7621     8.5599    260.781    9.78289  298.04131     87.498 -9.990e-29
   39.99170  -72.53320     60.663     60.190     6.9991    32.8955 -9.990e-29     0.0013 2.0521e-02  1026.0403     6.9937    25.7621     8.5601    260.789    9.78288  298.04116     87.501 -9.990e-29
