CalculateIndicators/WaterTemperature/Data/CTD_NYOS/20230515_C08.cnv
* Sea-Bird SBE 9 Data File:
* FileName = C:\Seabird 9 CTD\Data\2023\202305_offshore\20230515_C08.hex
* Software Version Seasave V 7.23.2
* Temperature SN = 4590
* Conductivity SN = 3228
* Number of Bytes Per Scan = 44
* Number of Voltage Words = 5
* Number of Scans Averaged by the Deck Unit = 1
* NMEA Latitude = 39 07.16 N
* NMEA Longitude = 072 23.96 W
* NMEA UTC (Time) = May 16 2023  02:03:04
* NMEA baud rate = 4800
** Ship: seawolf
** Station: 8.7
** Operator: TDK
# nquan = 18
# nvalues = 18898                       
# units = specified
# name 0 = latitude: Latitude [deg]
# name 1 = longitude: Longitude [deg]
# name 2 = prDM: Pressure, Digiquartz [db]
# name 3 = depSM: Depth [salt water, m]
# name 4 = t090C: Temperature [ITS-90, deg C]
# name 5 = sal00: Salinity, Practical [PSU]
# name 6 = ph: pH
# name 7 = flECO-AFL: Fluorescence, WET Labs ECO-AFL/FL [mg/m^3]
# name 8 = cpar: CPAR/Corrected Irradiance [%]
# name 9 = density00: Density [density, kg/m^3]
# name 10 = potemp090C: Potential Temperature [ITS-90, deg C]
# name 11 = sigma-é00: Density [sigma-theta, kg/m^3]
# name 12 = sbeox0Mg/L: Oxygen, SBE 43 [mg/l]
# name 13 = sbox0Mm/Kg: Oxygen, SBE 43 [umol/kg]
# name 14 = oxsolMg/L: Oxygen Saturation, Garcia & Gordon [mg/l]
# name 15 = oxsolMm/Kg: Oxygen Saturation, Garcia & Gordon [umol/kg]
# name 16 = sbeox0PS: Oxygen, SBE 43 [% saturation]
# name 17 = flag:  0.000e+00
# span 0 =   39.11946,   39.12106       
# span 1 =  -72.39946,  -72.39282       
# span 2 =      2.119,    102.790       
# span 3 =      2.103,    101.985       
# span 4 =     9.5594,    14.7550       
# span 5 =    33.3963,    35.6406       
# span 6 =      7.991,      8.096       
# span 7 =    -0.0927,     1.2101       
# span 8 = 5.0640e-11, 9.9999e+04       
# span 9 =  1025.1736,  1026.9772       
# span 10 =     9.5553,    14.7396      
# span 11 =    25.1528,    26.5325      
# span 12 =     6.9400,     9.5623      
# span 13 =    211.273,    291.316      
# span 14 =    8.14271,    9.20122      
# span 15 =  247.88862,  280.30153      
# span 16 =     84.358,    109.446      
# span 17 = 0.0000e+00, 0.0000e+00      
# interval = seconds: 0.0416667
# start_time = May 16 2023 02:03:03 [System UTC, first data scan.]
# bad_flag = -9.990e-29
*END*
[from data line 3860]
   39.11974  -72.39804     78.019     77.413    13.5563    35.1536      8.003     0.0282 5.0640e-11  1026.7439    13.5453    26.3997     7.3199    222.864    8.35021  254.23134     87.662 -9.990e-29
   39.11974  -72.39804     78.039     77.432    13.5532    35.1536      8.003     0.0282 5.0640e-11  1026.7460    13.5422    26.4010     7.3249    223.015    8.35012  254.22875     87.722 -9.990e-29
   39.11974  -72.39804     78.039     77.432    13.5508    35.1558      8.003     0.0282 5.0640e-11  1026.7488    13.5398    26.4034     7.3204    222.879    8.35013  254.22931     87.668 -9.990e-29
   39.11974  -72.39804     78.039     77.432    13.5506    35.1587      8.003     0.0282 5.0640e-11  1026.7519    13.5396    26.4057     7.3258    223.043    8.35009  254.22804     87.733 -9.990e-29
   39.11974  -72.39804     78.050     77.443    13.5518    35.1630      8.007    -0.0121 5.0640e-11  1026.7517    13.5408    26.4089     7.3269    223.075    8.35005  254.22662     87.746 0.0000e+00
   39.11974  -72.39804     78.071     77.464    13.5514    35.1718      8.003    -0.0255 5.0640e-11  1026.7592    13.5404    26.4154     7.3221    222.929    8.34976  254.21732     87.692 -9.990e-29
   39.11974  -72.39804     78.071     77.464    13.5556    35.1828      8.003    -0.0255 5.0640e-11  1026.7730    13.5445    26.4231     7.3272    223.084    8.34941  254.20647     87.757 -9.990e-29
   39.11974  -72.39804     78.059     77.453    13.5646    35.1828      8.003    -0.0255 5.0640e-11  1026.7743    13.5535    26.4266     7.3229    222.955    8.34928  254.20309     87.707 -9.990e-29
   39.11974  -72.39804     78.080     77.474    13.5702    35.1828      8.003    -0.0255 5.0640e-11  1026.7736    13.5592    26.4245     7.3236    222.975    8.34930  254.20384     87.715 -9.990e-29
   39.11974  -72.39804     78.080     77.474    13.5757    35.1794      8.003    -0.0255 5.0640e-11  1026.7646    13.5646    26.4172     7.3244    223.001    8.34933  254.20496     87.725 -9.990e-29
   39.11974  -72.39804     78.080     77.474    13.5758    35.1670      8.003    -0.0255 5.0640e-11  1026.7510    13.5648    26.4076     7.3255    223.033    8.34936  254.20581     87.737 -9.990e-29
   39.11974  -72.39804     78.101     77.494    13.5704    35.1565      8.003    -0.0255 5.0640e-11  1026.7443    13.5594    26.4002     7.3267    223.069    8.34934  254.20495     87.752 0.0000e+00
   39.11974  -72.39804     78.111     77.504    13.5637    35.1493      8.003    -0.0255 5.0640e-11  1026.7410    13.5527    26.3958     7.3269    223.073    8.34865  254.18193     87.761 0.0000e+00
   39.11974  -72.39804     78.122     77.515    13.5574    35.1482      8.003    -0.0255 5.0640e-11  1026.7378    13.5464    26.3937     7.3262    223.050    8.34682  254.12343     87.772 -9.990e-29
   39.11974  -72.39804     78.122     77.515    13.5516    35.1482      8.003    -0.0255 5.0640e-11  1026.7391    13.5406    26.3943     7.3252    223.020    8.34512  254.07178     87.779 -9.990e-29
   39.11974  -72.39804     78.131     77.524    13.5488    35.1482      8.003    -0.0255 5.0640e-11  1026.7416    13.5378    26.3979     7.3198    222.855    8.34407  254.04022     87.724 0.0000e+00
   39.11974  -72.39804     78.143     77.535    13.5471    35.1593      8.003    -0.0255 5.0640e-11  1026.7477    13.5361    26.4067     7.3243    222.993    8.34311  254.01131     87.789 0.0000e+00
   39.11974  -72.39804     78.162     77.555    13.5483    35.1793      8.003    -0.0255 5.0640e-11  1026.7673    13.5373    26.4217     7.3193    222.843    8.34223  253.98527     87.738 -9.990e-29
   39.11974  -72.39804     78.162     77.555    13.5563    35.2011      8.003    -0.0255 5.0640e-11  1026.7880    13.5453    26.4370     7.3143    222.688    8.34169  253.96935     87.683 -9.990e-29
   39.11974  -72.39804     78.173     77.566    13.5696    35.2104      8.007    -0.0255 5.0640e-11  1026.7965    13.5585    26.4454     7.3142    222.686    8.34136  253.95988     87.685 0.0000e+00
   39.11974  -72.39804     78.183     77.575    13.5839    35.2104      8.007    -0.0255 5.0640e-11  1026.7947    13.5728    26.4444     7.3194    222.846    8.34105  253.95102     87.752 0.0000e+00
   39.11974  -72.39804     78.203     77.596    13.5959    35.2104      8.003    -0.0255 5.0640e-11  1026.7834    13.5849    26.4369     7.3198    222.858    8.34086  253.94539     87.758 -9.990e-29
   39.11974  -72.39804     78.203     77.596    13.6029    35.2040      8.007    -0.0255 5.0640e-11  1026.7708    13.5919    26.4295     7.3203    222.874    8.34072  253.94117     87.766 -9.990e-29
   39.11972  -72.39802     78.221     77.614    13.6058    35.2038      8.003    -0.0255 5.0640e-11  1026.7723    13.5947    26.4275     7.3157    222.735    8.34045  253.93329     87.714 0.0000e+00
   39.11972  -72.39802     78.234     77.626    13.6110    35.2028      8.007    -0.0255 5.0640e-11  1026.7765    13.5999    26.4284     7.3160    222.744    8.34033  253.92917     87.719 0.0000e+00
   39.11972  -72.39802     78.255     77.647    13.6174    35.2015      8.003    -0.0255 5.0640e-11  1026.7755    13.6063    26.4272     7.3156    222.731    8.33990  253.91551     87.719 0.0000e+00
   39.11972  -72.39802     78.266     77.658    13.6219    35.1992      8.003    -0.0255 5.0640e-11  1026.7698    13.6109    26.4227     7.3153    222.720    8.33940  253.90014     87.720 0.0000e+00
   39.11972  -72.39802     78.275     77.667    13.6241    35.1931      8.007    -0.0255 5.0640e-11  1026.7624    13.6130    26.4175     7.3153    222.720    8.33908  253.89044     87.723 0.0000e+00
   39.11972  -72.39802     78.296     77.688    13.6239    35.1911      8.007    -0.0255 5.0640e-11  1026.7586    13.6128    26.4148     7.3155    222.726    8.33884  253.88341     87.728 0.0000e+00
   39.11972  -72.39802     78.317     77.708    13.6224    35.1911      8.007    -0.0121 5.0640e-11  1026.7625    13.6114    26.4152     7.3107    222.581    8.33865  253.87789     87.672 0.0000e+00
   39.11972  -72.39802     78.336     77.728    13.6233    35.1911      8.003    -0.0121 5.0640e-11  1026.7633    13.6122    26.4159     7.3106    222.579    8.33844  253.87128     87.674 0.0000e+00
   39.11972  -72.39802     78.357     77.748    13.6227    35.1920      8.003    -0.0121 5.0640e-11  1026.7614    13.6117    26.4167     7.3100    222.559    8.33803  253.85815     87.670 0.0000e+00
   39.11972  -72.39802     78.378     77.769    13.6222    35.1951      8.003    -0.0121 5.0640e-11  1026.7662    13.6111    26.4189     7.3094    222.542    8.33757  253.84404     87.669 0.0000e+00
   39.11972  -72.39802     78.388     77.778    13.6249    35.1984      8.007    -0.0121 5.0640e-11  1026.7696    13.6138    26.4211     7.3084    222.511    8.33715  253.83120     87.661 0.0000e+00
   39.11972  -72.39802     78.420     77.810    13.6282    35.1984      8.007    -0.0121 5.0640e-11  1026.7690    13.6171    26.4215     7.3076    222.486    8.33677  253.81929     87.655 -9.990e-29
   39.11972  -72.39802     78.420     77.810    13.6304    35.1984      8.007    -0.0121 5.0640e-11  1026.7678    13.6193    26.4207     7.3074    222.480    8.33628  253.80441     87.658 -9.990e-29
   39.11972  -72.39802     78.460     77.850    13.6319    35.1983      8.002    -0.0121 5.0640e-11  1026.7670    13.6208    26.4198     7.3075    222.482    8.33593  253.79370     87.662 0.0000e+00
   39.11972  -72.39802     78.471     77.861    13.6330    35.1976      8.007    -0.0121 5.0640e-11  1026.7661    13.6219    26.4190     7.3071    222.470    8.33559  253.78351     87.661 0.0000e+00
   39.11972  -72.39802     78.501     77.891    13.6339    35.1972      8.002    -0.0121 5.0640e-11  1026.7659    13.6228    26.4185     7.3069    222.465    8.33536  253.77658     87.662 0.0000e+00
   39.11972  -72.39802     78.532     77.921    13.6347    35.1970      8.007    -0.0121 5.0640e-11  1026.7655    13.6236    26.4182     7.3069    222.465    8.33516  253.77074     87.664 0.0000e+00
   39.11972  -72.39802     78.552     77.942    13.6352    35.1970      8.007    -0.0121 5.0640e-11  1026.7658    13.6241    26.4179     7.3071    222.471    8.33506  253.76801     87.667 0.0000e+00
   39.11972  -72.39802     78.564     77.953    13.6361    35.1970      8.007    -0.0121 5.0640e-11  1026.7651    13.6250    26.4179     7.3075    222.482    8.33502  253.76679     87.672 0.0000e+00
   39.11972  -72.39802     78.604     77.993    13.6363    35.1976      8.007    -0.0121 5.0640e-11  1026.7662    13.6251    26.4182     7.3079    222.495    8.33491  253.76336     87.678 0.0000e+00
   39.11972  -72.39802     78.624     78.013    13.6374    35.1976      8.002    -0.0121 5.0640e-11  1026.7668    13.6263    26.4184     7.3085    222.515    8.33487  253.76234     87.686 0.0000e+00
   39.11972  -72.39802     78.645     78.034    13.6381    35.1976      8.007    -0.0121 5.0640e-11  1026.7666    13.6270    26.4182     7.3040    222.377    8.33474  253.75816     87.634 0.0000e+00
   39.11972  -72.39802     78.663     78.052    13.6389    35.1978      8.007    -0.0121 5.0640e-11  1026.7654    13.6278    26.4176     7.3043    222.386    8.33469  253.75687     87.638 0.0000e+00
   39.11972  -72.39802     78.706     78.094    13.6393    35.1978      8.007    -0.0121 5.0640e-11  1026.7653    13.6282    26.4174     7.3100    222.559    8.33471  253.75746     87.705 0.0000e+00
   39.11974  -72.39802     78.727     78.115    13.6393    35.1977      8.007    -0.0121 5.0640e-11  1026.7664    13.6281    26.4177     7.3111    222.594    8.33467  253.75641     87.719 0.0000e+00
   39.11974  -72.39802     78.757     78.145    13.6401    35.1977      8.007    -0.0121 5.0640e-11  1026.7667    13.6290    26.4177     7.3118    222.614    8.33463  253.75507     87.728 0.0000e+00
   39.11974  -72.39802     78.789     78.177    13.6409    35.1977      8.007    -0.0121 5.0640e-11  1026.7660    13.6298    26.4173     7.3067    222.459    8.33451  253.75114     87.668 0.0000e+00
   39.11974  -72.39802     78.829     78.217    13.6411    35.1977      8.007    -0.0121 5.0640e-11  1026.7655    13.6299    26.4171     7.3070    222.468    8.33444  253.74900     87.672 0.0000e+00
   39.11974  -72.39802     78.840     78.228    13.6412    35.1977      8.007    -0.0121 5.0640e-11  1026.7660    13.6300    26.4173     7.3119    222.616    8.33433  253.74553     87.732 0.0000e+00
   39.11974  -72.39802     78.871     78.258    13.6411    35.1990      8.007    -0.0121 5.0640e-11  1026.7668    13.6299    26.4183     7.3077    222.490    8.33424  253.74308     87.683 0.0000e+00
   39.11974  -72.39802     78.892     78.279    13.6418    35.2005      8.007    -0.0255 5.0640e-11  1026.7693    13.6306    26.4194     7.3083    222.506    8.33413  253.73943     87.691 0.0000e+00
   39.11974  -72.39802     78.912     78.299    13.6437    35.2005      8.007    -0.0255 5.0640e-11  1026.7696    13.6325    26.4196     7.3081    222.501    8.33380  253.72917     87.692 0.0000e+00
   39.11974  -72.39802     78.943     78.329    13.6450    35.2005      8.007    -0.0255 5.0640e-11  1026.7680    13.6338    26.4187     7.3086    222.517    8.33345  253.71836     87.702 0.0000e+00
   39.11974  -72.39802     78.961     78.347    13.6453    35.1994      8.007    -0.0255 5.0640e-11  1026.7669    13.6341    26.4178     7.3087    222.518    8.33308  253.70677     87.707 0.0000e+00
   39.11974  -72.39802     78.994     78.380    13.6452    35.1994      8.007    -0.0255 5.0640e-11  1026.7668    13.6341    26.4173     7.3088    222.521    8.33269  253.69513     87.712 0.0000e+00
   39.11974  -72.39802     79.025     78.410    13.6453    35.1994      8.007    -0.0255 5.0640e-11  1026.7663    13.6341    26.4176     7.3092    222.535    8.33256  253.69176     87.719 0.0000e+00
   39.11974  -72.39802     79.045     78.431    13.6452    35.2027      8.007    -0.0255 5.0640e-11  1026.7672    13.6340    26.4203     7.3099    222.557    8.33262  253.69417     87.726 0.0000e+00
   39.11974  -72.39802     79.076     78.461    13.6458    35.2114      8.007    -0.0255 5.0640e-11  1026.7757    13.6346    26.4265     7.3108    222.583    8.33274  253.69777     87.736 0.0000e+00
   39.11974  -72.39802     79.106     78.491    13.6517    35.2212      8.007    -0.0255 5.0640e-11  1026.7870    13.6405    26.4330     7.3117    222.613    8.33286  253.70169     87.746 0.0000e+00
   39.11974  -72.39802     79.169     78.553    13.6610    35.2263      8.007    -0.0255 5.0640e-11  1026.7871    13.6498    26.4355     7.3181    222.806    8.33313  253.71004     87.819 0.0000e+00
   39.11974  -72.39802     79.189     78.574    13.6674    35.2263      8.007    -0.0255 5.0640e-11  1026.7854    13.6562    26.4350     7.3148    222.707    8.33342  253.71906     87.777 0.0000e+00
   39.11974  -72.39802     79.206     78.590    13.6730    35.2263      8.007    -0.0255 5.0640e-11  1026.7845    13.6617    26.4335     7.3155    222.726    8.33357  253.72333     87.783 0.0000e+00
   39.11974  -72.39802     79.230     78.614    13.6788    35.2255      8.007    -0.0255 5.0640e-11  1026.7819    13.6675    26.4313     7.3168    222.766    8.33372  253.72771     87.797 0.0000e+00
   39.11974  -72.39802     79.250     78.634    13.6828    35.2235      8.007    -0.0255 5.0640e-11  1026.7792    13.6715    26.4288     7.3175    222.788    8.33376  253.72873     87.806 0.0000e+00
   39.11974  -72.39802     79.282     78.666    13.6853    35.2215      8.007    -0.0255 5.0640e-11  1026.7773    13.6741    26.4266     7.3176    222.791    8.33371  253.72689     87.808 0.0000e+00
   39.11974  -72.39802     79.322     78.706    13.6877    35.2200      8.007    -0.0255 5.0640e-11  1026.7755    13.6764    26.4250     7.3176    222.789    8.33341  253.71685     87.810 0.0000e+00
   39.11974  -72.39802     79.353     78.736    13.6890    35.2190      8.007    -0.0255 5.0640e-11  1026.7749    13.6777    26.4240     7.3180    222.801    8.33294  253.70217     87.820 0.0000e+00
   39.11974  -72.39802     79.360     78.743    13.6900    35.2190      8.007    -0.0255 5.0640e-11  1026.7743    13.6787    26.4233     7.3185    222.817    8.33250  253.68887     87.831 0.0000e+00
   39.11974  -72.39802     79.385     78.768    13.6917    35.2190      8.007    -0.0255 5.0640e-11  1026.7737    13.6804    26.4232     7.3182    222.804    8.33101  253.63959     87.843 0.0000e+00
   39.11974  -72.39802     79.415     78.798    13.6921    35.2201      8.007    -0.0255 5.0640e-11  1026.7748    13.6808    26.4241     7.3158    222.728    8.32789  253.54008     87.847 0.0000e+00
   39.11974  -72.39802     79.457     78.839    13.6934    35.2223      8.007    -0.0255 5.0640e-11  1026.7777    13.6821    26.4255     7.3084    222.502    8.32484  253.44653     87.791 0.0000e+00
   39.11974  -72.39802     79.466     78.849    13.6959    35.2237      8.007    -0.0255 5.0640e-11  1026.7783    13.6846    26.4262     7.3065    222.445    8.32277  253.38497     87.789 0.0000e+00
   39.11974  -72.39802     79.518     78.900    13.6980    35.2238      8.007    -0.0255 5.0640e-11  1026.7778    13.6867    26.4260     7.3002    222.253    8.32140  253.34487     87.728 0.0000e+00
   39.11974  -72.39802     79.525     78.906    13.6995    35.2238      8.007    -0.0255 5.0640e-11  1026.7772    13.6882    26.4255     7.2989    222.216    8.32049  253.31834     87.722 0.0000e+00
   39.11974  -72.39802     79.548     78.930    13.7007    35.2240      8.007    -0.0255 5.0640e-11  1026.7768    13.6894    26.4253     7.2980    222.190    8.31985  253.29989     87.718 0.0000e+00
   39.11974  -72.39802     79.569     78.950    13.7018    35.2248      8.007    -0.0255 5.0640e-11  1026.7770    13.6905    26.4257     7.2968    222.155    8.31947  253.28907     87.708 0.0000e+00
