CalculateIndicators/WaterTemperature/Data/CTD_NYOS/20230516_C10.cnv
* Sea-Bird SBE 9 Data File:
* FileName = C:\Seabird 9 CTD\Data\2023\202305_offshore\20230516_C10.hex
* Software Version Seasave V 7.23.2
* Temperature SN = 4590
* Conductivity SN = 3228
* Number of Bytes Per Scan = 44
* Number of Voltage Words = 5
* Number of Scans Averaged by the Deck Unit = 1
* NMEA Latitude = 39 19.93 N
* NMEA Longitude = 072 03.57 W
* NMEA UTC (Time) = May 16 2023  07:19:14
* NMEA baud rate = 4800
** Ship: Seawolf
** Station: 9.7
** Operator: TDK
# nquan = 18
# nvalues = 20090                       
# units = specified
# name 0 = latitude: Latitude [deg]
# name 1 = longitude: Longitude [deg]
# name 2 = prDM: Pressure, Digiquartz [db]
# name 3 = depSM: Depth [salt water, m]
# name 4 = t090C: Temperature [ITS-90, deg C]
# name 5 = sal00: Salinity, Practical [PSU]
# name 6 = ph: pH
# name 7 = flECO-AFL: Fluorescence, WET Labs ECO-AFL/FL [mg/m^3]
# name 8 = cpar: CPAR/Corrected Irradiance [%]
# name 9 = density00: Density [density, kg/m^3]
# name 10 = potemp090C: Potential Temperature [ITS-90, deg C]
# name 11 = sigma-é00: Density [sigma-theta, kg/m^3]
# name 12 = sbeox0Mg/L: Oxygen, SBE 43 [mg/l]
# name 13 = sbox0Mm/Kg: Oxygen, SBE 43 [umol/kg]
# name 14 = oxsolMg/L: Oxygen Saturation, Garcia & Gordon [mg/l]
# name 15 = oxsolMm/Kg: Oxygen Saturation, Garcia & Gordon [umol/kg]
# name 16 = sbeox0PS: Oxygen, SBE 43 [% saturation]
# name 17 = flag:  0.000e+00
# span 0 =   39.33216,   39.33410       
# span 1 =  -72.05964,  -72.05324       
# span 2 =      1.011,    103.047       
# span 3 =      1.003,    102.238       
# span 4 =    13.6892,    15.0873       
# span 5 =    33.9797,    35.6931       
# span 6 =      8.021,      8.098       
# span 7 =    -0.0927,     1.3713       
# span 8 = 5.0640e-11, 9.9999e+04       
# span 9 =  1025.3211,  1026.9463       
# span 10 =    13.6797,    15.0717      
# span 11 =    25.3573,    26.4938      
# span 12 =     7.0852,     8.4816      
# span 13 =    215.703,    258.460      
# span 14 =    8.08672,    8.36666      
# span 15 =  246.19258,  255.00764      
# span 16 =     87.150,    102.032      
# span 17 = 0.0000e+00, 0.0000e+00      
# interval = seconds: 0.0416667
# start_time = May 16 2023 07:19:13 [System UTC, first data scan.]
# bad_flag = -9.990e-29
*END*
[from data line 14312]
   39.33358  -72.05504     34.636     34.370    14.9373    35.1810      8.091     0.5923 5.0640e-11  1026.2787    14.9320    26.1264     8.1106    247.007    8.13602  247.77997     99.688 -9.990e-29
   39.33358  -72.05504     34.636     34.370    14.9370    35.1810      8.091     0.5923 5.0640e-11  1026.2788    14.9318    26.1264     8.1056    246.854    8.13602  247.77997     99.626 -9.990e-29
   39.33358  -72.05504     34.636     34.370    14.9368    35.1810      8.091     0.5789 5.0640e-11  1026.2792    14.9315    26.1266     8.1101    246.990    8.13605  247.78115     99.681 -9.990e-29
   39.33358  -72.05504     34.657     34.391    14.9369    35.1813      8.091     0.5654 5.0640e-11  1026.2794    14.9317    26.1268     8.1051    246.839    8.13604  247.78060     99.620 -9.990e-29
   39.33358  -72.05504     34.657     34.391    14.9369    35.1815      8.091     0.5654 5.0640e-11  1026.2795    14.9317    26.1269     8.1047    246.825    8.13605  247.78100     99.614 -9.990e-29
   39.33358  -72.05504     34.679     34.413    14.9370    35.1818      8.091     0.5654 5.0640e-11  1026.2799    14.9317    26.1272     8.1092    246.962    8.13604  247.78058     99.670 -9.990e-29
   39.33358  -72.05504     34.667     34.400    14.9369    35.1821      8.091     0.5654 5.0640e-11  1026.2800    14.9317    26.1274     8.1043    246.815    8.13603  247.78026     99.610 -9.990e-29
   39.33358  -72.05504     34.698     34.432    14.9371    35.1824      8.091     0.5654 5.0640e-11  1026.2806    14.9319    26.1276     8.1040    246.805    8.13604  247.78058     99.606 -9.990e-29
   39.33358  -72.05504     34.708     34.441    14.9373    35.1826      8.091     0.5654 5.0640e-11  1026.2805    14.9320    26.1278     8.1086    246.945    8.13603  247.78035     99.663 -9.990e-29
   39.33358  -72.05504     34.708     34.441    14.9373    35.1828      8.091     0.5654 5.0640e-11  1026.2808    14.9321    26.1278     8.1039    246.802    8.13603  247.78024     99.605 -9.990e-29
   39.33358  -72.05504     34.729     34.462    14.9376    35.1829      8.091     0.5654 5.0640e-11  1026.2807    14.9324    26.1279     8.1086    246.945    8.13602  247.78002     99.663 -9.990e-29
   39.33360  -72.05506     34.738     34.471    14.9376    35.1832      8.091     0.5654 5.0640e-11  1026.2809    14.9324    26.1281     8.1039    246.802    8.13601  247.77967     99.606 -9.990e-29
   39.33360  -72.05506     34.759     34.492    14.9374    35.1835      8.091     0.5654 5.0640e-11  1026.2816    14.9322    26.1284     8.1037    246.796    8.13598  247.77880     99.603 -9.990e-29
   39.33360  -72.05506     34.769     34.502    14.9376    35.1836      8.091     0.5654 5.0640e-11  1026.2816    14.9324    26.1285     8.1036    246.792    8.13598  247.77877     99.602 -9.990e-29
   39.33360  -72.05506     34.780     34.512    14.9378    35.1836      8.091     0.5654 5.0640e-11  1026.2815    14.9325    26.1284     8.1034    246.788    8.13595  247.77788     99.600 -9.990e-29
   39.33360  -72.05506     34.781     34.514    14.9378    35.1836      8.091     0.5654 5.0640e-11  1026.2816    14.9325    26.1284     8.0990    246.653    8.13598  247.77868     99.546 -9.990e-29
   39.33360  -72.05506     34.810     34.543    14.9378    35.1836      8.091     0.5654 5.0640e-11  1026.2817    14.9325    26.1284     8.1034    246.788    8.13595  247.77777     99.600 -9.990e-29
   39.33360  -72.05506     34.820     34.552    14.9379    35.1837      8.091     0.5654 5.0640e-11  1026.2818    14.9327    26.1284     8.1085    246.943    8.13600  247.77942     99.662 -9.990e-29
   39.33360  -72.05506     34.810     34.543    14.9381    35.1839      8.091     0.5789 5.0640e-11  1026.2818    14.9329    26.1286     8.1042    246.810    8.13596  247.77810     99.609 -9.990e-29
   39.33360  -72.05506     34.861     34.593    14.9378    35.1841      8.091     0.5654 5.0640e-11  1026.2824    14.9325    26.1287     8.0994    246.664    8.13596  247.77832     99.550 -9.990e-29
   39.33360  -72.05506     34.831     34.563    14.9381    35.1843      8.091     0.5654 5.0640e-11  1026.2820    14.9329    26.1288     8.1040    246.806    8.13599  247.77880     99.607 -9.990e-29
   39.33360  -72.05506     34.861     34.593    14.9379    35.1845      8.091     0.5654 5.0640e-11  1026.2826    14.9327    26.1290     8.1043    246.813    8.13596  247.77820     99.610 -9.990e-29
   39.33360  -72.05506     34.891     34.623    14.9380    35.1847      8.091     0.5654 5.0640e-11  1026.2829    14.9327    26.1292     8.1046    246.823    8.13598  247.77884     99.614 -9.990e-29
   39.33360  -72.05506     34.871     34.603    14.9379    35.1849      8.091     0.5789 5.0640e-11  1026.2828    14.9327    26.1293     8.1000    246.682    8.13598  247.77865     99.558 -9.990e-29
   39.33360  -72.05506     34.891     34.623    14.9379    35.1850      8.091     0.5654 5.0640e-11  1026.2833    14.9327    26.1294     8.0998    246.678    8.13595  247.77787     99.556 -9.990e-29
   39.33360  -72.05506     34.891     34.623    14.9381    35.1850      8.091     0.5654 5.0640e-11  1026.2829    14.9329    26.1294     8.1048    246.829    8.13600  247.77930     99.617 -9.990e-29
   39.33360  -72.05506     34.912     34.644    14.9378    35.1850      8.091     0.5520 5.0640e-11  1026.2833    14.9326    26.1295     8.1003    246.693    8.13596  247.77805     99.562 -9.990e-29
   39.33360  -72.05506     34.913     34.645    14.9378    35.1850      8.091     0.5386 5.0640e-11  1026.2834    14.9325    26.1296     8.0998    246.678    8.13596  247.77829     99.556 -9.990e-29
   39.33360  -72.05506     34.912     34.644    14.9379    35.1850      8.091     0.5386 5.0640e-11  1026.2831    14.9327    26.1295     8.0994    246.666    8.13598  247.77884     99.551 -9.990e-29
   39.33360  -72.05506     34.922     34.653    14.9379    35.1849      8.091     0.5386 5.0640e-11  1026.2832    14.9327    26.1294     8.0990    246.653    8.13598  247.77875     99.546 -9.990e-29
   39.33360  -72.05506     34.922     34.653    14.9378    35.1847      8.091     0.5386 5.0640e-11  1026.2830    14.9325    26.1293     8.1036    246.793    8.13597  247.77828     99.602 -9.990e-29
   39.33360  -72.05506     34.922     34.653    14.9378    35.1847      8.091     0.5386 5.0640e-11  1026.2829    14.9326    26.1291     8.1038    246.800    8.13600  247.77929     99.605 -9.990e-29
   39.33360  -72.05506     34.931     34.663    14.9378    35.1847      8.091     0.5386 5.0640e-11  1026.2828    14.9325    26.1290     8.0991    246.655    8.13600  247.77930     99.546 -9.990e-29
   39.33360  -72.05506     34.931     34.663    14.9379    35.1847      8.091     0.5386 5.0640e-11  1026.2829    14.9327    26.1292     8.1037    246.797    8.13595  247.77786     99.604 -9.990e-29
   39.33360  -72.05506     34.931     34.663    14.9378    35.1849      8.091     0.5520 5.0640e-11  1026.2834    14.9325    26.1294     8.1040    246.805    8.13595  247.77784     99.608 -9.990e-29
   39.33358  -72.05504     34.922     34.653    14.9378    35.1849      8.091     0.5386 5.0640e-11  1026.2832    14.9326    26.1295     8.1043    246.814    8.13592  247.77676     99.611 -9.990e-29
   39.33358  -72.05504     34.931     34.663    14.9378    35.1849      8.091     0.5386 5.0640e-11  1026.2834    14.9325    26.1295     8.1046    246.824    8.13594  247.77732     99.615 -9.990e-29
   39.33358  -72.05504     34.922     34.653    14.9376    35.1848      8.091     0.5386 5.0640e-11  1026.2832    14.9323    26.1294     8.1050    246.836    8.13595  247.77765     99.620 -9.990e-29
   39.33358  -72.05504     34.931     34.663    14.9378    35.1846      8.091     0.5386 5.0640e-11  1026.2828    14.9325    26.1292     8.1005    246.697    8.13596  247.77829     99.564 -9.990e-29
   39.33358  -72.05504     34.922     34.653    14.9376    35.1845      8.091     0.5386 5.0640e-11  1026.2830    14.9324    26.1291     8.1003    246.693    8.13596  247.77826     99.562 -9.990e-29
   39.33358  -72.05504     34.922     34.653    14.9376    35.1845      8.091     0.5386 5.0640e-11  1026.2831    14.9323    26.1291     8.1053    246.844    8.13602  247.77995     99.622 -9.990e-29
   39.33358  -72.05504     34.913     34.645    14.9376    35.1843      8.091     0.5386 5.0640e-11  1026.2826    14.9323    26.1290     8.1058    246.858    8.13601  247.77961     99.628 -9.990e-29
   39.33358  -72.05504     34.912     34.644    14.9376    35.1842      8.091     0.5386 5.0640e-11  1026.2825    14.9323    26.1289     8.1063    246.874    8.13604  247.78059     99.634 -9.990e-29
   39.33358  -72.05504     34.891     34.623    14.9374    35.1842      8.091     0.5386 5.0640e-11  1026.2826    14.9322    26.1289     8.1069    246.893    8.13609  247.78242     99.641 -9.990e-29
   39.33358  -72.05504     34.901     34.633    14.9375    35.1841      8.091     0.5386 5.0640e-11  1026.2826    14.9322    26.1288     8.1074    246.909    8.13607  247.78168     99.648 -9.990e-29
   39.33358  -72.05504     34.891     34.623    14.9376    35.1839      8.091     0.5386 5.0640e-11  1026.2822    14.9323    26.1287     8.1130    247.078    8.13609  247.78206     99.716 -9.990e-29
   39.33358  -72.05504     34.882     34.614    14.9376    35.1839      8.091     0.5386 5.0640e-11  1026.2821    14.9323    26.1285     8.1091    246.959    8.13607  247.78157     99.668 -9.990e-29
   39.33358  -72.05504     34.882     34.614    14.9376    35.1839      8.091     0.5520 5.0640e-11  1026.2819    14.9323    26.1286     8.1097    246.979    8.13612  247.78301     99.676 -9.990e-29
   39.33358  -72.05504     34.871     34.603    14.9373    35.1838      8.091     0.5386 5.0640e-11  1026.2827    14.9321    26.1288     8.1153    247.148    8.13608  247.78192     99.744 -9.990e-29
   39.33358  -72.05504     34.861     34.593    14.9374    35.1838      8.091     0.5520 5.0640e-11  1026.2823    14.9322    26.1287     8.1114    247.032    8.13608  247.78192     99.697 -9.990e-29
   39.33358  -72.05504     34.850     34.582    14.9374    35.1837      8.091     0.5520 5.0640e-11  1026.2818    14.9322    26.1285     8.1116    247.035    8.13610  247.78249     99.698 -9.990e-29
   39.33358  -72.05504     34.840     34.573    14.9374    35.1837      8.091     0.5654 5.0640e-11  1026.2820    14.9322    26.1284     8.1122    247.054    8.13608  247.78193     99.706 -9.990e-29
   39.33358  -72.05504     34.840     34.573    14.9375    35.1837      8.091     0.5789 5.0640e-11  1026.2817    14.9322    26.1284     8.1074    246.907    8.13610  247.78238     99.647 -9.990e-29
   39.33358  -72.05504     34.811     34.544    14.9374    35.1837      8.091     0.5654 5.0640e-11  1026.2818    14.9322    26.1285     8.1119    247.044    8.13604  247.78072     99.703 -9.990e-29
   39.33358  -72.05504     34.810     34.543    14.9374    35.1838      8.091     0.5789 5.0640e-11  1026.2820    14.9322    26.1286     8.1126    247.066    8.13607  247.78153     99.711 -9.990e-29
   39.33358  -72.05504     34.810     34.543    14.9374    35.1838      8.091     0.5654 5.0640e-11  1026.2818    14.9322    26.1286     8.1127    247.070    8.13606  247.78108     99.713 -9.990e-29
   39.33358  -72.05504     34.789     34.522    14.9374    35.1839      8.091     0.5654 5.0640e-11  1026.2818    14.9322    26.1287     8.1129    247.075    8.13606  247.78129     99.715 -9.990e-29
   39.33358  -72.05504     34.789     34.522    14.9373    35.1840      8.091     0.5654 5.0640e-11  1026.2822    14.9321    26.1288     8.1136    247.098    8.13609  247.78229     99.724 -9.990e-29
   39.33358  -72.05504     34.780     34.512    14.9374    35.1841      8.091     0.5789 5.0640e-11  1026.2820    14.9322    26.1288     8.1138    247.103    8.13608  247.78195     99.726 -9.990e-29
   39.33358  -72.05504     34.769     34.501    14.9376    35.1841      8.091     0.5654 5.0640e-11  1026.2817    14.9324    26.1288     8.1145    247.124    8.13604  247.78055     99.735 -9.990e-29
   39.33358  -72.05504     34.759     34.492    14.9376    35.1841      8.091     0.5654 5.0640e-11  1026.2820    14.9324    26.1288     8.1097    246.978    8.13602  247.77998     99.676 -9.990e-29
   39.33358  -72.05504     34.759     34.492    14.9376    35.1841      8.091     0.5654 5.0640e-11  1026.2819    14.9324    26.1288     8.1144    247.121    8.13605  247.78069     99.734 -9.990e-29
   39.33358  -72.05504     34.738     34.471    14.9379    35.1841      8.091     0.5654 5.0640e-11  1026.2815    14.9327    26.1287     8.1146    247.127    8.13601  247.77957     99.736 -9.990e-29
   39.33358  -72.05504     34.738     34.471    14.9376    35.1841      8.091     0.5654 5.0640e-11  1026.2820    14.9324    26.1288     8.1148    247.134    8.13604  247.78067     99.739 -9.990e-29
   39.33358  -72.05504     34.730     34.463    14.9379    35.1841      8.091     0.5654 5.0640e-11  1026.2815    14.9327    26.1288     8.1195    247.276    8.13607  247.78134     99.796 -9.990e-29
   39.33358  -72.05504     34.729     34.462    14.9375    35.1842      8.091     0.5654 5.0640e-11  1026.2819    14.9322    26.1289     8.1153    247.148    8.13609  247.78238     99.744 -9.990e-29
   39.33358  -72.05504     34.718     34.451    14.9378    35.1842      8.091     0.5654 5.0640e-11  1026.2817    14.9325    26.1289     8.1161    247.173    8.13617  247.78502     99.753 -9.990e-29
   39.33358  -72.05504     34.718     34.451    14.9378    35.1843      8.091     0.5789 5.0640e-11  1026.2816    14.9325    26.1290     8.1163    247.180    8.13619  247.78558     99.755 -9.990e-29
   39.33358  -72.05504     34.718     34.451    14.9374    35.1843      8.091     0.5789 5.0640e-11  1026.2822    14.9322    26.1291     8.1209    247.320    8.13619  247.78537     99.812 -9.990e-29
   39.33358  -72.05504     34.698     34.432    14.9378    35.1843      8.091     0.5654 5.0640e-11  1026.2816    14.9325    26.1290     8.1166    247.189    8.13616  247.78451     99.760 -9.990e-29
   39.33358  -72.05504     34.708     34.441    14.9376    35.1843      8.091     0.5654 5.0640e-11  1026.2817    14.9324    26.1289     8.1168    247.194    8.13616  247.78452     99.762 -9.990e-29
   39.33358  -72.05504     34.698     34.432    14.9376    35.1843      8.091     0.5789 5.0640e-11  1026.2818    14.9324    26.1289     8.1169    247.199    8.13618  247.78498     99.764 -9.990e-29
   39.33358  -72.05504     34.687     34.421    14.9378    35.1842      8.091     0.5654 5.0640e-11  1026.2817    14.9325    26.1289     8.1166    247.187    8.13617  247.78475     99.759 -9.990e-29
   39.33358  -72.05504     34.698     34.432    14.9376    35.1841      8.091     0.5789 5.0640e-11  1026.2815    14.9324    26.1288     8.1161    247.174    8.13614  247.78375     99.754 -9.990e-29
   39.33358  -72.05504     34.689     34.422    14.9378    35.1841      8.091     0.5654 5.0640e-11  1026.2815    14.9326    26.1288     8.1211    247.327    8.13608  247.78183     99.816 -9.990e-29
   39.33358  -72.05504     34.678     34.411    14.9378    35.1841      8.091     0.5789 5.0640e-11  1026.2815    14.9325    26.1287     8.1162    247.176    8.13604  247.78041     99.756 -9.990e-29
   39.33358  -72.05504     34.687     34.421    14.9378    35.1841      8.091     0.5654 5.0640e-11  1026.2813    14.9325    26.1287     8.1157    247.162    8.13605  247.78077     99.750 -9.990e-29
   39.33358  -72.05504     34.678     34.411    14.9376    35.1842      8.091     0.5789 5.0640e-11  1026.2817    14.9324    26.1289     8.1202    247.298    8.13606  247.78119     99.805 -9.990e-29
   39.33358  -72.05504     34.678     34.411    14.9376    35.1843      8.091     0.5654 5.0640e-11  1026.2818    14.9324    26.1289     8.1152    247.146    8.13603  247.78021     99.744 -9.990e-29
