CalculateIndicators/WaterTemperature/Data/CTD_NYOS/20230517_C22B.cnv
* Sea-Bird SBE 9 Data File:
* FileName = C:\Seabird 9 CTD\Data\2023\202305_offshore\20230517_C24B.hex
* Software Version Seasave V 7.23.2
* Temperature SN = 4590
* Conductivity SN = 3228
* Number of Bytes Per Scan = 44
* Number of Voltage Words = 5
* Number of Scans Averaged by the Deck Unit = 1
* NMEA Latitude = 39 31.93 N
* NMEA Longitude = 071 44.24 W
* NMEA UTC (Time) = May 18 2023  00:37:02
* NMEA baud rate = 4800
** Ship: Seawolf
** Station: 10.7
** Operator: TDK
# nquan = 18
# nvalues = 606                         
# units = specified
# name 0 = latitude: Latitude [deg]
# name 1 = longitude: Longitude [deg]
# name 2 = prDM: Pressure, Digiquartz [db]
# name 3 = depSM: Depth [salt water, m]
# name 4 = t090C: Temperature [ITS-90, deg C]
# name 5 = sal00: Salinity, Practical [PSU]
# name 6 = ph: pH
# name 7 = flECO-AFL: Fluorescence, WET Labs ECO-AFL/FL [mg/m^3]
# name 8 = cpar: CPAR/Corrected Irradiance [%]
# name 9 = density00: Density [density, kg/m^3]
# name 10 = potemp090C: Potential Temperature [ITS-90, deg C]
# name 11 = sigma-100: Density [sigma-1, kg/m^3 ]
# name 12 = sbeox0Mg/L: Oxygen, SBE 43 [mg/l]
# name 13 = sbox0Mm/Kg: Oxygen, SBE 43 [umol/kg]
# name 14 = oxsolMg/L: Oxygen Saturation, Garcia & Gordon [mg/l]
# name 15 = oxsolMm/Kg: Oxygen Saturation, Garcia & Gordon [umol/kg]
# name 16 = sbeox0PS: Oxygen, SBE 43 [% saturation]
# name 17 = flag: flag
# span 0 =   39.53195,   39.53234       
# span 1 =  -71.73736,  -71.73205       
# span 2 =      1.000,    304.000       
# span 3 =      0.993,    301.462       
# span 4 =    10.4516,    15.1461       
# span 5 =    34.0817,    35.7734       
# span 6 =      7.852,      8.130       
# span 7 =    -0.1069,     0.6135       
# span 8 = -2.238e+04, 1.0336e+05       
# span 9 =  1025.3568,  1028.5194       
# span 10 =    10.4150,    15.1309      
# span 11 =    29.7125,    31.6015      
# span 12 =     4.2281,     8.7695      
# span 13 =    128.644,    267.137      
# span 14 =    8.07468,    8.91490      
# span 15 =  245.81960,  271.22813      
# span 16 =     47.831,    103.853      
# span 17 = 0.0000e+00, 0.0000e+00      
# interval = decibars: 1                
# start_time = May 18 2023 00:37:05 [System UTC, first data scan.]
# bad_flag = -9.990e-29
*END*
   39.53210  -71.73730      2.000      1.985    14.6302    34.0867 -9.990e-29     0.0734 -3.452e-01  1025.3568    14.6299    29.7168     8.1460    248.272    8.24156  251.18532     98.840 0.0000e+00
   39.53228  -71.73736      3.000      2.977    14.6303    34.0865      8.120     0.0590 1.6980e+00  1025.3610    14.6299    29.7166     8.1862    249.499    8.24163  251.18780     99.328 0.0000e+00
   39.53227  -71.73733      4.000      3.969    14.6316    34.0851      8.120     0.0744 2.3600e-03  1025.3641    14.6310    29.7153     8.1940    249.738    8.24159  251.18726     99.423 0.0000e+00
   39.53228  -71.73733      5.000      4.962    14.6326    34.0817      8.120     0.0578 5.0640e-11  1025.3657    14.6318    29.7125     8.1961    249.800    8.24135  251.18026     99.450 0.0000e+00
   39.53230  -71.73733      6.000      5.954    14.6331    34.0823      8.120     0.0562 5.0640e-11  1025.3705    14.6322    29.7128     8.1992    249.895    8.24012  251.14096     99.504 0.0000e+00
   39.53230  -71.73732      7.000      6.947    14.6365    34.0831 -9.990e-29     0.0625 5.0640e-11  1025.3749    14.6354    29.7127     8.1930    249.702    8.23323  250.92789     99.511 0.0000e+00
   39.53229  -71.73732      8.000      7.939    14.6512    34.0998      8.120     0.0654 5.0640e-11  1025.3894    14.6500    29.7224     8.2070    250.128    8.23365  250.94164     99.676 0.0000e+00
   39.53230  -71.73730      9.000      8.931    14.6763    34.1178      8.120     0.0623 5.0640e-11  1025.4021    14.6749    29.7302     8.1925    249.684    8.22909  250.79883     99.555 0.0000e+00
   39.53229  -71.73728     10.000      9.924    14.6908    34.1364 -9.990e-29     0.0550 5.0640e-11  1025.4177    14.6893    29.7409     8.1795    249.275    8.21964  250.49954     99.511 0.0000e+00
   39.53228  -71.73728     11.000     10.916    14.7075    34.1688 -9.990e-29     0.0461 5.0640e-11  1025.4435    14.7059    29.7618     8.1748    249.121    8.21283  250.28139     99.536 0.0000e+00
   39.53230  -71.73728     12.000     11.908    14.7415    34.2449 -9.990e-29     0.0479 5.0640e-11  1025.4993    14.7397    29.8121     8.1744    249.109    8.21191  250.25173     99.543 0.0000e+00
   39.53230  -71.73727     13.000     12.901    14.7522    34.2833      8.115     0.0491 5.0640e-11  1025.5310    14.7502    29.8389     8.1845    249.415    8.21492  250.34103     99.630 0.0000e+00
   39.53230  -71.73726     14.000     13.893    14.7391    34.2830      8.115     0.0484 5.0640e-11  1025.5380    14.7370    29.8417     8.1874    249.502    8.21642  250.38555     99.647 0.0000e+00
   39.53230  -71.73726     15.000     14.885    14.7230    34.2880      8.115     0.0421 5.0640e-11  1025.5499    14.7208    29.8495     8.1785    249.229    8.21639  250.38472     99.538 0.0000e+00
   39.53228  -71.73723     16.000     15.877    14.7185    34.2894      8.115     0.0625 5.0640e-11  1025.5563    14.7161    29.8516     8.1992    249.858    8.22289  250.57891     99.712 0.0000e+00
   39.53228  -71.73722     17.000     16.870    14.7034    34.2932      8.115     0.0516 5.0640e-11  1025.5670    14.7009    29.8581     8.2106    250.197    8.23446  250.92388     99.710 0.0000e+00
   39.53230  -71.73724     18.000     17.862    14.6576    34.3011      8.115     0.0506 5.0640e-11  1025.5875    14.6550    29.8749     8.2185    250.435    8.23653  250.98516     99.781 0.0000e+00
   39.53228  -71.73723     19.000     18.854    14.5934    34.3199      8.116     0.0650 5.0640e-11  1025.6202    14.5906    29.9043     8.2306    250.802    8.24003  251.08921     99.886 0.0000e+00
   39.53228  -71.73721     20.000     19.847    14.5662    34.3310      8.116     0.0637 5.0640e-11  1025.6391    14.5632    29.9192     8.2493    251.368    8.25317  251.48474     99.954 0.0000e+00
   39.53227  -71.73721     21.000     20.839    14.5358    34.3342      8.117     0.0584 5.0640e-11  1025.6524    14.5328    29.9286     8.2520    251.446    8.26074  251.71273     99.894 0.0000e+00
   39.53228  -71.73721     22.000     21.831    14.4538    34.3343      8.118     0.0793 5.0640e-11  1025.6746    14.4506    29.9479     8.2779    252.233    8.27056  252.01083    100.088 0.0000e+00
   39.53228  -71.73720     23.000     22.824    14.3723    34.3234      8.120     0.0960 5.0640e-11  1025.6880    14.3689    29.9584     8.3269    253.724    8.28366  252.40782    100.522 0.0000e+00
   39.53228  -71.73720     24.000     23.816    14.3175    34.3174      8.120     0.1112 5.0640e-11  1025.6995    14.3140    29.9666     8.3558    254.606    8.29650  252.79823    100.715 0.0000e+00
   39.53228  -71.73720     25.000     24.808    14.2339    34.2979      8.121     0.1141 5.0640e-11  1025.7064    14.2303    29.9707     8.4251    256.705    8.36408  254.84530    100.730 0.0000e+00
   39.53226  -71.73716     26.000     25.800    13.9485    34.2399      8.122     0.1360 5.0640e-11  1025.7263    13.9448    29.9919     8.4755    258.210    8.43263  256.90369    100.509 0.0000e+00
   39.53227  -71.73717     27.000     26.793    13.5570    34.2898      8.123     0.1590 5.0640e-11  1025.8505    13.5532    30.1185     8.6299    262.901    8.45425  257.54991    102.077 0.0000e+00
   39.53230  -71.73719     28.000     27.785    13.3086    34.3482      8.125     0.2069 5.0640e-11  1025.9508    13.3048    30.2186     8.7695    267.137    8.44425  257.22807    103.853 0.0000e+00
   39.53230  -71.73720     29.000     28.777    13.4419    34.5136      8.127     0.2308 5.0640e-11  1026.0575    13.4379    30.3173     8.7290    265.871    8.51257  259.28013    102.541 0.0000e+00
   39.53230  -71.73720     30.000     29.769    13.3355    34.4877      8.130     0.2163 5.0640e-11  1026.0620    13.3313    30.3195     8.6449    263.309    8.50659  259.09657    101.626 0.0000e+00
   39.53230  -71.73720     31.000     30.761    13.0885    34.4520      8.130     0.2406 5.0640e-11  1026.0889    13.0843    30.3469     8.6053    262.116    8.46545  257.85714    101.652 0.0000e+00
   39.53230  -71.73719     32.000     31.754    12.9981    34.4956      8.129     0.2750 5.0640e-11  1026.1456    12.9938    30.4006     8.6755    264.231    8.43949  257.04261    102.797 0.0000e+00
   39.53230  -71.73718     33.000     32.746    13.1154    34.5896      8.129     0.3150 5.0640e-11  1026.1997    13.1108    30.4474     8.6469    263.346    8.39905  255.79723    102.951 0.0000e+00
   39.53230  -71.73718     34.000     33.738    13.2674    34.6731      8.129     0.3557 5.0640e-11  1026.2375    13.2627    30.4774     8.6021    261.984    8.39024  255.53045    102.525 0.0000e+00
   39.53227  -71.73714     35.000     34.730    13.4742    34.7440      8.129     0.3986 5.0640e-11  1026.2546    13.4693    30.4857     8.4588    257.618    8.39804  255.76776    100.723 0.0000e+00
   39.53230  -71.73711     36.000     35.723    13.5473    34.7778      8.125     0.4810 5.0640e-11  1026.2706    13.5422    30.4957     8.3456    254.166    8.43026  256.74475     98.996 0.0000e+00
   39.53231  -71.73711     37.000     36.715    13.3874    34.7302      8.120     0.5233 5.0640e-11  1026.2702    13.3822    30.4941     8.2806    252.181    8.47965  258.24325     97.653 0.0000e+00
   39.53228  -71.73710     38.000     37.707    13.0571    34.6782      8.113     0.6021 5.0640e-11  1026.3020    13.0519    30.5279     8.2350    250.781    8.48346  258.34851     97.071 0.0000e+00
   39.53230  -71.73710     39.000     38.699    12.9624    34.6886      8.106     0.6135 5.0640e-11  1026.3334    12.9571    30.5566     8.2572    251.458    8.47960  258.23167     97.377 0.0000e+00
   39.53228  -71.73709     40.000     39.691    13.0355    34.7310      8.103     0.5946 5.0640e-11  1026.3562    13.0300    30.5734     8.2259    250.504    8.48352  258.34989     96.963 0.0000e+00
   39.53231  -71.73709     41.000     40.684    13.0107    34.7297      8.100     0.5901 5.0640e-11  1026.3646    13.0051    30.5778     8.1298    247.573    8.47150  257.97953     95.966 0.0000e+00
   39.53231  -71.73707     42.000     41.676    13.0717    34.7634      8.098     0.5145 5.0640e-11  1026.3829    13.0659    30.5903     8.1178    247.201    8.44335  257.11504     96.144 0.0000e+00
   39.53229  -71.73707     43.000     42.668    13.1947    34.8434      8.098     0.4538 5.0640e-11  1026.4244    13.1888    30.6246     8.0265    244.417    8.41437  256.22671     95.391 0.0000e+00
   39.53230  -71.73707     44.000     43.660    13.2714    34.8637      8.093     0.3658 5.0640e-11  1026.4289    13.2654    30.6230     7.9600    242.394    8.41121  256.13315     94.636 0.0000e+00
   39.53230  -71.73706     45.000     44.652    13.3281    34.8896      8.092     0.2940 5.0640e-11  1026.4419    13.3219    30.6305     7.9306    241.496    8.41384  256.21202     94.257 0.0000e+00
   39.53230  -71.73706     46.000     45.644    13.4155    34.9373      8.092     0.3169 5.0640e-11  1026.4655    13.4091    30.6477     7.8932    240.351    8.40166  255.83310     93.949 0.0000e+00
   39.53229  -71.73706     47.000     46.636    13.4486    34.9557      8.089     0.2041 5.0640e-11  1026.4772    13.4420    30.6542     7.7963    237.394    8.41938  256.36833     92.599 0.0000e+00
   39.53226  -71.73704     48.000     47.629    13.4302    34.9548      8.086     0.1388 5.0640e-11  1026.4848    13.4235    30.6577     7.7097    234.758    8.41210  256.14707     91.650 0.0000e+00
   39.53229  -71.73705     49.000     48.621    13.3322    34.9497      8.083     0.0806 5.0640e-11  1026.5057    13.3254    30.6760     7.6749    233.700    8.40053  255.79462     91.362 0.0000e+00
   39.53229  -71.73703     50.000     49.613    13.3204    34.9778      8.080     0.0777 5.0640e-11  1026.5331    13.3134    30.6991     7.7058    234.627    8.38965  255.45138     91.848 0.0000e+00
   39.53230  -71.73703     51.000     50.605    13.4155    35.0437      8.072     0.0803 5.0640e-11  1026.5700    13.4084    30.7293     7.6901    234.151    8.38735  255.37917     91.687 0.0000e+00
   39.53228  -71.73704     52.000     51.597    13.4834    35.0728      8.068     0.0907 5.0640e-11  1026.5828    13.4761    30.7363     7.6478    232.860    8.37106  254.88064     91.360 0.0000e+00
   39.53230  -71.73702     53.000     52.589    13.5415    35.0964      8.068     0.0836 5.0640e-11  1026.5936    13.5341    30.7415     7.6279    232.253    8.36697  254.75477     91.167 0.0000e+00
   39.53229  -71.73701     54.000     53.582    13.5615    35.1064      8.068     0.0536 5.0640e-11  1026.6016    13.5539    30.7446     7.5843    230.920    8.34959  254.22014     90.835 0.0000e+00
   39.53230  -71.73702     55.000     54.574    13.6121    35.1400      8.064     0.0513 5.0640e-11  1026.6216    13.6043    30.7591     7.5432    229.668    8.34640  254.12378     90.377 0.0000e+00
   39.53229  -71.73701     56.000     55.566    13.6769    35.1669      8.057     0.0471 5.0640e-11  1026.6332    13.6690    30.7649     7.4130    225.703    8.34557  254.09748     88.825 0.0000e+00
   39.53230  -71.73702     57.000     56.558    13.6827    35.1699      8.054     0.0360 5.0640e-11  1026.6389    13.6746    30.7660     7.3870    224.912    8.34781  254.16385     88.491 0.0000e+00
   39.53230  -71.73701     58.000     57.550    13.6694    35.1739      8.053     0.0219 5.0640e-11  1026.6492    13.6611    30.7721     7.3637    224.197    8.34521  254.08172     88.238 0.0000e+00
   39.53229  -71.73699     59.000     58.542    13.6956    35.2010      8.049     0.0023 5.0640e-11  1026.6694    13.6873    30.7873     7.2768    221.547    8.30042  252.71060     87.668 0.0000e+00
   39.53230  -71.73700     60.000     59.534    13.8184    35.2606      8.049    -0.0205 5.0640e-11  1026.6948    13.8098    30.8057     7.2670    221.249    8.26225  251.54832     87.955 0.0000e+00
   39.53229  -71.73698     61.000     60.526    14.1630    35.3741      8.053    -0.0164 5.0640e-11  1026.7132    14.1541    30.8129     7.3123    222.626    8.24516  251.02836     88.686 0.0000e+00
   39.53230  -71.73700     62.000     61.518    14.2026    35.3753      8.057    -0.0254 5.0640e-11  1026.7099    14.1935    30.8045     7.3047    222.394    8.24641  251.06664     88.580 0.0000e+00
   39.53231  -71.73700     63.000     62.510    14.2034    35.3771      8.056    -0.0327 5.0640e-11  1026.7155    14.1942    30.8057     7.2988    222.214    8.24791  251.11161     88.492 0.0000e+00
   39.53232  -71.73699     64.000     63.502    14.2018    35.3785      8.056    -0.0033 5.0640e-11  1026.7215    14.1925    30.8072     7.2971    222.163    8.25018  251.18088     88.448 0.0000e+00
   39.53232  -71.73698     65.000     64.495    14.1906    35.3739      8.056    -0.0213 5.0640e-11  1026.7246    14.1811    30.8062     7.2815    221.688    8.25086  251.20111     88.251 0.0000e+00
   39.53232  -71.73698     66.000     65.487    14.1610    35.3651      8.057    -0.0179 5.0640e-11  1026.7287    14.1514    30.8065     7.2763    221.529    8.25843  251.43154     88.107 0.0000e+00
   39.53231  -71.73696     67.000     66.479    14.1328    35.3631 -9.990e-29    -0.0485 5.0640e-11  1026.7376    14.1231    30.8115     7.2437    220.534    8.25114  251.20675     87.790 0.0000e+00
   39.53231  -71.73695     68.000     67.471    14.1664    35.3857 -9.990e-29    -0.0411 5.0640e-11  1026.7525    14.1565    30.8212     7.2145    219.645    8.24398  250.98815     87.512 0.0000e+00
   39.53231  -71.73690     69.000     68.463    14.2079    35.3999 -9.990e-29    -0.0393 5.0640e-11  1026.7590    14.1979    30.8225     7.1502    217.687    8.22933  250.53899     86.888 0.0000e+00
   39.53232  -71.73696     70.000     69.455    14.3873    35.4821      8.049    -0.0432 5.0640e-11  1026.7882    14.3770    30.8437     7.1458    217.550    8.16461  248.56657     87.522 0.0000e+00
   39.53232  -71.73695     71.000     70.447    14.6411    35.5461      8.054    -0.0508 5.0640e-11  1026.7865    14.6305    30.8328     7.1684    218.237    8.16602  248.61020     87.783 0.0000e+00
   39.53230  -71.73688     72.000     71.439    14.6482    35.5451      8.055    -0.0414 5.0640e-11  1026.7889    14.6375    30.8307     7.1649    218.132    8.16656  248.62634     87.735 0.0000e+00
   39.53232  -71.73693     73.000     72.431    14.6412    35.5473      8.055    -0.0361 5.0640e-11  1026.7966    14.6303    30.8341     7.1517    217.730    8.16679  248.63310     87.571 0.0000e+00
   39.53231  -71.73688     74.000     73.423    14.6416    35.5482 -9.990e-29    -0.0389 5.0640e-11  1026.8016    14.6306    30.8347     7.1597    217.972    8.16695  248.63766     87.666 0.0000e+00
   39.53231  -71.73691     75.000     74.415    14.6343    35.5468 -9.990e-29    -0.0452 5.0640e-11  1026.8064    14.6232    30.8353     7.1606    218.001    8.16776  248.66208     87.669 0.0000e+00
   39.53230  -71.73686     76.000     75.407    14.6115    35.5426 -9.990e-29    -0.0260 5.0640e-11  1026.8127    14.6002    30.8376     7.1481    217.617    8.16392  248.54395     87.557 0.0000e+00
   39.53232  -71.73694     77.000     76.399    14.6288    35.5535 -9.990e-29    -0.0377 5.0640e-11  1026.8218    14.6174    30.8419     7.1535    217.784    8.16182  248.48056     87.646 0.0000e+00
   39.53231  -71.73691     78.000     77.391    14.6642    35.5605 -9.990e-29    -0.0251 5.0640e-11  1026.8238    14.6526    30.8389     7.1396    217.359    8.15342  248.22311     87.566 0.0000e+00
   39.53231  -71.73689     79.000     78.383    14.6701    35.5701      8.056    -0.0255 5.0640e-11  1026.8348    14.6583    30.8453     7.1433    217.470    8.12358  247.31400     87.933 0.0000e+00
   39.53230  -71.73682     80.000     79.375    14.7673    35.6154      8.054    -0.0368 5.0640e-11  1026.8523    14.7553    30.8565     7.1337    217.180    8.13451  247.64828     87.697 0.0000e+00
   39.53232  -71.73691     81.000     80.367    14.8814    35.6381      8.057    -0.0563 5.0640e-11  1026.8493    14.8692    30.8470     7.0834    215.646    8.11188  246.95552     87.322 0.0000e+00
