CalculateIndicators/WaterTemperature/Data/CTD_NYOS/20230515_C05.cnv
* Sea-Bird SBE 9 Data File:
* FileName = C:\Seabird 9 CTD\Data\2023\202305_offshore\20230515_C05.hex
* Software Version Seasave V 7.23.2
* Temperature SN = 4590
* Conductivity SN = 3228
* Number of Bytes Per Scan = 44
* Number of Voltage Words = 5
* Number of Scans Averaged by the Deck Unit = 1
* NMEA Latitude = 39 50.64 N
* NMEA Longitude = 072 54.40 W
* NMEA UTC (Time) = May 15 2023  16:51:13
* NMEA baud rate = 4800
** Ship: Seawolf
** Station: 8.4
** Operator: TCM
# nquan = 18
# nvalues = 13780                       
# units = specified
# name 0 = latitude: Latitude [deg]
# name 1 = longitude: Longitude [deg]
# name 2 = prDM: Pressure, Digiquartz [db]
# name 3 = depSM: Depth [salt water, m]
# name 4 = t090C: Temperature [ITS-90, deg C]
# name 5 = sal00: Salinity, Practical [PSU]
# name 6 = ph: pH
# name 7 = flECO-AFL: Fluorescence, WET Labs ECO-AFL/FL [mg/m^3]
# name 8 = cpar: CPAR/Corrected Irradiance [%]
# name 9 = density00: Density [density, kg/m^3]
# name 10 = potemp090C: Potential Temperature [ITS-90, deg C]
# name 11 = sigma-é00: Density [sigma-theta, kg/m^3]
# name 12 = sbeox0Mg/L: Oxygen, SBE 43 [mg/l]
# name 13 = sbox0Mm/Kg: Oxygen, SBE 43 [umol/kg]
# name 14 = oxsolMg/L: Oxygen Saturation, Garcia & Gordon [mg/l]
# name 15 = oxsolMm/Kg: Oxygen Saturation, Garcia & Gordon [umol/kg]
# name 16 = sbeox0PS: Oxygen, SBE 43 [% saturation]
# name 17 = flag:  0.000e+00
# span 0 =   39.84378,   39.84412       
# span 1 =  -72.90682,  -72.90542       
# span 2 =      0.587,     56.102       
# span 3 =      0.583,     55.665       
# span 4 =     7.2982,    13.6570       
# span 5 =     3.1322,    33.1015       
# span 6 =      7.839,      8.067       
# span 7 =    -0.6971,     2.1772       
# span 8 = 1.2033e-02, 1.2764e+02       
# span 9 =  1001.4367,  1026.0951       
# span 10 =     7.2940,    13.6567      
# span 11 =     1.5776,    25.8496      
# span 12 =     8.4120,    10.8984      
# span 13 =    256.322,    340.063      
# span 14 =    8.48478,   10.24581      
# span 15 =  258.83988,  319.67913      
# span 16 =     87.043,    112.982      
# span 17 = 0.0000e+00, 0.0000e+00      
# interval = seconds: 0.0416667
# start_time = May 15 2023 16:51:15 [System UTC, first data scan.]
# bad_flag = -9.990e-29
*END*
[from data line 5629]
   39.84402  -72.90632     45.394     45.042     7.2987    33.0431      7.844     0.0954 5.4060e-02  1026.0453     7.2945    25.8373     8.4887    258.593    9.70623  295.68409     87.456 -9.990e-29
   39.84402  -72.90632     45.394     45.042     7.2988    33.0431      7.844     0.0954 5.4060e-02  1026.0453     7.2947    25.8373     8.4881    258.577    9.70625  295.68470     87.450 -9.990e-29
   39.84402  -72.90632     45.394     45.042     7.2988    33.0431      7.844     0.0954 5.4222e-02  1026.0451     7.2947    25.8372     8.4875    258.559    9.70621  295.68374     87.444 -9.990e-29
   39.84402  -72.90632     45.396     45.044     7.2990    33.0430      7.844     0.0954 5.4060e-02  1026.0450     7.2949    25.8371     8.4870    258.541    9.70620  295.68360     87.438 -9.990e-29
   39.84402  -72.90632     45.394     45.042     7.2990    33.0430      7.844     0.0819 5.4060e-02  1026.0449     7.2949    25.8371     8.4864    258.525    9.70625  295.68485     87.433 -9.990e-29
   39.84402  -72.90632     45.394     45.042     7.2987    33.0430      7.839     0.0954 5.4222e-02  1026.0451     7.2945    25.8372     8.4868    258.537    9.70624  295.68457     87.437 -9.990e-29
   39.84394  -72.90610     45.394     45.042     7.2990    33.0430      7.844     0.0954 5.4222e-02  1026.0450     7.2949    25.8372     8.4872    258.549    9.70624  295.68456     87.441 -9.990e-29
   39.84394  -72.90610     45.394     45.042     7.2987    33.0430      7.844     0.0954 5.4222e-02  1026.0452     7.2945    25.8372     8.4877    258.564    9.70624  295.68450     87.446 -9.990e-29
   39.84394  -72.90610     45.396     45.044     7.2990    33.0430      7.844     0.0954 5.4222e-02  1026.0449     7.2949    25.8372     8.4872    258.550    9.70623  295.68429     87.441 -9.990e-29
   39.84394  -72.90610     45.385     45.033     7.2987    33.0432      7.844     0.0954 5.4017e-02  1026.0453     7.2945    25.8373     8.4868    258.535    9.70620  295.68320     87.437 -9.990e-29
   39.84394  -72.90610     45.394     45.042     7.2988    33.0432      7.844     0.0954 5.4178e-02  1026.0453     7.2947    25.8373     8.4873    258.552    9.70625  295.68503     87.442 -9.990e-29
   39.84394  -72.90610     45.375     45.023     7.2990    33.0432      7.844     0.0954 5.4178e-02  1026.0448     7.2949    25.8373     8.4869    258.539    9.70624  295.68468     87.437 -9.990e-29
   39.84394  -72.90610     45.394     45.042     7.2987    33.0432      7.839     0.0954 5.4017e-02  1026.0455     7.2945    25.8373     8.4865    258.526    9.70622  295.68373     87.433 -9.990e-29
   39.84394  -72.90610     45.375     45.023     7.2990    33.0432      7.839     0.0954 5.4178e-02  1026.0451     7.2949    25.8373     8.4871    258.544    9.70626  295.68521     87.439 -9.990e-29
   39.84394  -72.90610     45.375     45.023     7.2988    33.0431      7.844     0.0819 5.4178e-02  1026.0450     7.2947    25.8373     8.4867    258.532    9.70624  295.68463     87.435 -9.990e-29
   39.84394  -72.90610     45.385     45.033     7.2990    33.0431      7.844     0.0819 5.4340e-02  1026.0452     7.2949    25.8373     8.4863    258.521    9.70623  295.68420     87.431 -9.990e-29
   39.84394  -72.90610     45.375     45.023     7.2988    33.0431      7.844     0.0819 5.4340e-02  1026.0450     7.2947    25.8372     8.4796    258.318    9.70622  295.68385     87.363 -9.990e-29
   39.84394  -72.90610     45.364     45.012     7.2992    33.0431      7.839     0.0819 5.4340e-02  1026.0447     7.2950    25.8372     8.4857    258.501    9.70626  295.68525     87.425 -9.990e-29
   39.84394  -72.90610     45.354     45.003     7.2988    33.0431      7.839     0.0819 5.4296e-02  1026.0451     7.2947    25.8372     8.4863    258.521    9.70625  295.68497     87.431 -9.990e-29
   39.84394  -72.90610     45.365     45.013     7.2992    33.0431      7.844     0.0819 5.4296e-02  1026.0449     7.2950    25.8372     8.4870    258.542    9.70622  295.68404     87.439 -9.990e-29
   39.84394  -72.90610     45.354     45.003     7.2988    33.0431      7.839     0.0819 5.4296e-02  1026.0451     7.2947    25.8372     8.4877    258.565    9.70624  295.68464     87.446 -9.990e-29
   39.84394  -72.90610     45.343     44.992     7.2990    33.0430      7.844     0.0819 5.4296e-02  1026.0447     7.2949    25.8371     8.4885    258.589    9.70625  295.68501     87.454 -9.990e-29
   39.84394  -72.90610     45.343     44.992     7.2990    33.0430      7.839     0.0819 5.4296e-02  1026.0446     7.2949    25.8371     8.4820    258.391    9.70619  295.68304     87.388 -9.990e-29
   39.84394  -72.90610     45.343     44.992     7.2988    33.0430      7.844     0.0819 5.4296e-02  1026.0450     7.2947    25.8371     8.4820    258.390    9.70620  295.68321     87.387 -9.990e-29
   39.84394  -72.90610     45.335     44.983     7.2992    33.0430      7.844     0.0819 5.4296e-02  1026.0447     7.2950    25.8371     8.4811    258.361    9.70620  295.68336     87.378 -9.990e-29
   39.84394  -72.90610     45.334     44.982     7.2990    33.0429      7.839     0.0819 5.4458e-02  1026.0444     7.2949    25.8370     8.4864    258.525    9.70621  295.68359     87.433 -9.990e-29
   39.84394  -72.90610     45.324     44.972     7.2988    33.0429      7.839     0.0819 5.4621e-02  1026.0448     7.2947    25.8370     8.4864    258.525    9.70617  295.68237     87.433 -9.990e-29
   39.84394  -72.90610     45.324     44.972     7.2990    33.0429      7.844     0.0819 5.4621e-02  1026.0446     7.2949    25.8370     8.4864    258.525    9.70617  295.68253     87.433 -9.990e-29
   39.84394  -72.90610     45.313     44.961     7.2990    33.0429      7.844     0.0819 5.4577e-02  1026.0445     7.2949    25.8370     8.4864    258.524    9.70614  295.68165     87.433 -9.990e-29
   39.84394  -72.90610     45.314     44.963     7.2987    33.0429      7.844     0.0819 5.4414e-02  1026.0446     7.2945    25.8371     8.4874    258.555    9.70617  295.68256     87.443 -9.990e-29
   39.84402  -72.90632     45.303     44.952     7.2987    33.0429      7.844     0.0819 5.4414e-02  1026.0446     7.2945    25.8372     8.4875    258.556    9.70615  295.68192     87.444 -9.990e-29
   39.84402  -72.90632     45.303     44.952     7.2987    33.0429      7.839     0.0819 5.4414e-02  1026.0448     7.2945    25.8372     8.4875    258.558    9.70617  295.68258     87.445 -9.990e-29
   39.84402  -72.90632     45.294     44.942     7.2985    33.0429      7.844     0.0819 5.4577e-02  1026.0447     7.2943    25.8372     8.4813    258.369    9.70617  295.68260     87.381 -9.990e-29
   39.84402  -72.90632     45.294     44.942     7.2987    33.0429      7.844     0.0819 5.4577e-02  1026.0442     7.2945    25.8371     8.4804    258.342    9.70614  295.68150     87.372 -9.990e-29
   39.84402  -72.90632     45.284     44.933     7.2987    33.0429      7.844     0.0819 5.4740e-02  1026.0445     7.2945    25.8371     8.4806    258.348    9.70615  295.68182     87.374 -9.990e-29
   39.84402  -72.90632     45.283     44.931     7.2987    33.0430      7.844     0.0819 5.4740e-02  1026.0445     7.2945    25.8372     8.4809    258.356    9.70618  295.68263     87.376 -9.990e-29
   39.84402  -72.90632     45.283     44.931     7.2984    33.0432      7.844     0.0819 5.4740e-02  1026.0449     7.2942    25.8374     8.4865    258.528    9.70618  295.68265     87.434 -9.990e-29
   39.84402  -72.90632     45.273     44.922     7.2985    33.0432      7.844     0.0819 5.4740e-02  1026.0450     7.2944    25.8374     8.4805    258.346    9.70618  295.68266     87.373 -9.990e-29
   39.84402  -72.90632     45.273     44.922     7.2988    33.0432      7.844     0.0819 5.4740e-02  1026.0446     7.2947    25.8374     8.4799    258.326    9.70613  295.68135     87.366 -9.990e-29
   39.84402  -72.90632     45.262     44.911     7.2987    33.0432      7.844     0.0819 5.4740e-02  1026.0447     7.2945    25.8374     8.4856    258.501    9.70616  295.68224     87.425 -9.990e-29
   39.84402  -72.90632     45.263     44.912     7.2987    33.0432      7.844     0.0819 5.4740e-02  1026.0446     7.2945    25.8374     8.4860    258.511    9.70613  295.68131     87.429 -9.990e-29
   39.84402  -72.90632     45.273     44.922     7.2987    33.0432      7.844     0.0819 5.4904e-02  1026.0448     7.2945    25.8374     8.4863    258.522    9.70614  295.68153     87.433 -9.990e-29
   39.84402  -72.90632     45.262     44.911     7.2988    33.0431      7.839     0.0819 5.5023e-02  1026.0445     7.2947    25.8373     8.4804    258.342    9.70615  295.68177     87.372 -9.990e-29
   39.84402  -72.90632     45.262     44.911     7.2987    33.0431      7.844     0.0819 5.4859e-02  1026.0444     7.2945    25.8372     8.4871    258.546    9.70616  295.68206     87.441 -9.990e-29
   39.84402  -72.90632     45.262     44.911     7.2988    33.0431      7.844     0.0819 5.4859e-02  1026.0446     7.2947    25.8373     8.4813    258.368    9.70613  295.68141     87.380 -9.990e-29
   39.84402  -72.90632     45.252     44.901     7.2985    33.0432      7.844     0.0819 5.4859e-02  1026.0448     7.2944    25.8374     8.4871    258.544    9.70609  295.68011     87.440 -9.990e-29
   39.84402  -72.90632     45.273     44.922     7.2987    33.0432      7.844     0.0819 5.4859e-02  1026.0446     7.2945    25.8374     8.4876    258.560    9.70615  295.68188     87.445 -9.990e-29
   39.84402  -72.90632     45.262     44.911     7.2985    33.0433      7.839     0.0819 5.4859e-02  1026.0447     7.2944    25.8375     8.4817    258.381    9.70607  295.67961     87.385 0.0000e+00
   39.84402  -72.90632     45.252     44.901     7.2987    33.0433      7.839     0.0819 5.4859e-02  1026.0447     7.2945    25.8375     8.4876    258.561    9.70611  295.68072     87.446 -9.990e-29
   39.84402  -72.90632     45.273     44.922     7.2985    33.0433      7.839     0.0819 5.4859e-02  1026.0451     7.2944    25.8375     8.4881    258.576    9.70613  295.68131     87.451 -9.990e-29
   39.84402  -72.90632     45.273     44.922     7.2988    33.0431      7.839     0.0819 5.4533e-02  1026.0446     7.2947    25.8373     8.4886    258.591    9.70613  295.68125     87.456 -9.990e-29
   39.84402  -72.90632     45.273     44.922     7.2990    33.0430      7.844     0.0819 5.4533e-02  1026.0441     7.2949    25.8371     8.4891    258.606    9.70612  295.68103     87.461 -9.990e-29
   39.84402  -72.90632     45.273     44.922     7.2987    33.0430      7.844     0.0819 5.4370e-02  1026.0445     7.2945    25.8371     8.4896    258.622    9.70614  295.68139     87.466 -9.990e-29
   39.84402  -72.90632     45.294     44.942     7.2987    33.0430      7.844     0.0819 5.4489e-02  1026.0447     7.2945    25.8372     8.4901    258.638    9.70615  295.68199     87.472 -9.990e-29
   39.84402  -72.90632     45.283     44.931     7.2987    33.0430      7.844     0.0819 5.4489e-02  1026.0447     7.2945    25.8372     8.4906    258.652    9.70614  295.68170     87.477 -9.990e-29
   39.84402  -72.90632     45.294     44.942     7.2988    33.0430      7.844     0.0819 5.4489e-02  1026.0444     7.2947    25.8372     8.4911    258.668    9.70615  295.68199     87.482 -9.990e-29
   39.84402  -72.90632     45.303     44.952     7.2987    33.0430      7.844     0.0819 5.4651e-02  1026.0449     7.2945    25.8373     8.4916    258.683    9.70613  295.68149     87.487 -9.990e-29
   39.84402  -72.90632     45.313     44.961     7.2988    33.0430      7.839     0.0819 5.4651e-02  1026.0449     7.2947    25.8373     8.4921    258.698    9.70614  295.68171     87.492 -9.990e-29
   39.84402  -72.90632     45.313     44.961     7.2987    33.0431      7.844     0.0819 5.4651e-02  1026.0446     7.2945    25.8371     8.4926    258.713    9.70615  295.68199     87.497 -9.990e-29
   39.84402  -72.90632     45.324     44.972     7.2988    33.0431      7.839     0.0819 5.4489e-02  1026.0444     7.2947    25.8371     8.4931    258.728    9.70614  295.68171     87.502 -9.990e-29
   39.84402  -72.90632     45.334     44.982     7.2987    33.0432      7.844     0.0819 5.4164e-02  1026.0452     7.2945    25.8374     8.4936    258.742    9.70611  295.68075     87.507 -9.990e-29
   39.84402  -72.90632     45.343     44.992     7.2985    33.0432      7.839     0.0819 5.4003e-02  1026.0452     7.2943    25.8375     8.4940    258.756    9.70611  295.68051     87.512 -9.990e-29
   39.84402  -72.90632     45.354     45.002     7.2987    33.0432      7.844     0.0819 5.4003e-02  1026.0450     7.2945    25.8374     8.4945    258.772    9.70614  295.68139     87.517 -9.990e-29
   39.84402  -72.90632     45.364     45.012     7.2987    33.0432      7.844     0.0685 5.3842e-02  1026.0452     7.2945    25.8373     8.4951    258.789    9.70619  295.68294     87.523 -9.990e-29
   39.84402  -72.90632     45.375     45.023     7.2988    33.0430      7.844     0.0685 5.3842e-02  1026.0450     7.2947    25.8372     8.4955    258.803    9.70615  295.68198     87.527 -9.990e-29
   39.84402  -72.90632     45.385     45.033     7.2987    33.0429      7.839     0.0685 5.3681e-02  1026.0449     7.2945    25.8372     8.4888    258.597    9.70614  295.68168     87.458 -9.990e-29
   39.84402  -72.90632     45.394     45.042     7.2987    33.0429      7.839     0.0685 5.3361e-02  1026.0450     7.2945    25.8372     8.4947    258.776    9.70615  295.68197     87.518 -9.990e-29
   39.84402  -72.90632     45.416     45.064     7.2988    33.0429      7.844     0.0685 5.3159e-02  1026.0451     7.2947    25.8371     8.4951    258.789    9.70610  295.68041     87.523 -9.990e-29
   39.84402  -72.90632     45.426     45.074     7.2988    33.0429      7.844     0.0551 5.3159e-02  1026.0449     7.2947    25.8370     8.5019    258.995    9.70611  295.68055     87.593 -9.990e-29
   39.84402  -72.90632     45.436     45.083     7.2987    33.0430      7.844     0.0685 5.3159e-02  1026.0452     7.2945    25.8371     8.4970    258.846    9.70611  295.68070     87.542 -9.990e-29
   39.84402  -72.90632     45.445     45.093     7.2988    33.0432      7.844     0.0685 5.3318e-02  1026.0456     7.2947    25.8373     8.4974    258.859    9.70611  295.68069     87.547 -9.990e-29
   39.84402  -72.90632     45.466     45.113     7.2988    33.0433      7.844     0.0685 5.3318e-02  1026.0456     7.2947    25.8374     8.4968    258.842    9.70607  295.67935     87.542 -9.990e-29
   39.84402  -72.90632     45.477     45.124     7.2988    33.0433      7.839     0.0685 5.3000e-02  1026.0456     7.2947    25.8375     8.5026    259.017    9.70608  295.67970     87.601 -9.990e-29
   39.84402  -72.90632     45.487     45.134     7.2987    33.0433      7.844     0.0685 5.3000e-02  1026.0460     7.2945    25.8375     8.4966    258.834    9.70604  295.67838     87.539 -9.990e-29
   39.84402  -72.90632     45.507     45.154     7.2990    33.0432      7.844     0.0685 5.3000e-02  1026.0456     7.2948    25.8373     8.4969    258.843    9.70604  295.67837     87.542 -9.990e-29
   39.84402  -72.90632     45.517     45.164     7.2990    33.0430      7.839     0.0685 5.2684e-02  1026.0456     7.2948    25.8371     8.4971    258.851    9.70602  295.67791     87.545 -9.990e-29
   39.84402  -72.90632     45.517     45.164     7.2992    33.0430      7.844     0.0685 5.2370e-02  1026.0455     7.2950    25.8371     8.4975    258.861    9.70604  295.67842     87.548 -9.990e-29
   39.84402  -72.90632     45.547     45.194     7.2990    33.0430      7.844     0.0685 5.2370e-02  1026.0458     7.2948    25.8371     8.4977    258.868    9.70600  295.67729     87.551 -9.990e-29
   39.84402  -72.90632     45.568     45.215     7.2992    33.0430      7.844     0.0685 5.2057e-02  1026.0457     7.2950    25.8371     8.5043    259.068    9.70599  295.67700     87.619 -9.990e-29
