CalculateIndicators/WaterTemperature/Data/CTD_NYOS/20231003_C05.cnv
* Sea-Bird SBE 9 Data File:
* FileName = C:\Seabird 9 CTD\Data\2023\202309_offshore\20231003_C05.hex
* Software Version Seasave V 7.23.2
* Temperature SN = 4590
* Conductivity SN = 3228
* Number of Bytes Per Scan = 44
* Number of Voltage Words = 5
* Number of Scans Averaged by the Deck Unit = 1
* NMEA Latitude = 39 50.53 N
* NMEA Longitude = 072 54.71 W
* NMEA UTC (Time) = Oct 03 2023  14:53:59
* NMEA baud rate = 4800
** Ship: seawolf
** Station: 8.4
** Operator: TDK
# nquan = 18
# nvalues = 15506                       
# units = specified
# name 0 = latitude: Latitude [deg]
# name 1 = longitude: Longitude [deg]
# name 2 = prDM: Pressure, Digiquartz [db]
# name 3 = depSM: Depth [salt water, m]
# name 4 = t090C: Temperature [ITS-90, deg C]
# name 5 = sal00: Salinity, Practical [PSU]
# name 6 = ph: pH
# name 7 = flECO-AFL: Fluorescence, WET Labs ECO-AFL/FL [mg/m^3]
# name 8 = cpar: CPAR/Corrected Irradiance [%]
# name 9 = density00: Density [density, kg/m^3]
# name 10 = potemp090C: Potential Temperature [ITS-90, deg C]
# name 11 = sigma-é00: Density [sigma-theta, kg/m^3]
# name 12 = sbeox0Mg/L: Oxygen, SBE 43 [mg/l]
# name 13 = sbox0Mm/Kg: Oxygen, SBE 43 [umol/kg]
# name 14 = oxsolMg/L: Oxygen Saturation, Garcia & Gordon [mg/l]
# name 15 = oxsolMm/Kg: Oxygen Saturation, Garcia & Gordon [umol/kg]
# name 16 = sbeox0PS: Oxygen, SBE 43 [% saturation]
# name 17 = flag:  0.000e+00
# span 0 =   39.84216,   39.84276       
# span 1 =  -72.91340,  -72.91182       
# span 2 =      1.471,     59.518       
# span 3 =      1.460,     59.054       
# span 4 =    12.3185,    18.6750       
# span 5 =    32.5841,    33.4744       
# span 6 =      7.711,      8.022       
# span 7 =    -0.0524,     0.4446       
# span 8 = 5.4409e-02, 2.6505e+02       
# span 9 =  1023.6363,  1025.0046       
# span 10 =    12.3113,    18.6695      
# span 11 =    23.6287,    24.7801      
# span 12 =     4.7014,     7.4189      
# span 13 =    143.386,    226.487      
# span 14 =    7.65293,    8.71604      
# span 15 =  233.58354,  265.80496      
# span 16 =     54.308,     95.866      
# span 17 = 0.0000e+00, 0.0000e+00      
# interval = seconds: 0.0416667
# start_time = Oct 03 2023 14:54:00 [System UTC, first data scan.]
# bad_flag = -9.990e-29
*END*
[from data line 8523]
   39.84250  -72.91266     37.170     36.882    17.5837    33.4136      7.933     0.1625 1.3853e+00  1024.3197    17.5775    24.1602     6.4072    195.532    7.77114  237.15796     82.448 0.0000e+00
   39.84250  -72.91266     37.149     36.862    17.6016    33.4015      7.938     0.1625 1.4244e+00  1024.3092    17.5954    24.1463     6.4078    195.552    7.77356  237.23142     82.431 0.0000e+00
   39.84250  -72.91266     37.139     36.852    17.6184    33.3902      7.938     0.1625 1.4386e+00  1024.2950    17.6122    24.1338     6.4137    195.730    7.77610  237.30722     82.479 0.0000e+00
   39.84250  -72.91266     37.126     36.838    17.6317    33.3809      7.938     0.1625 1.4345e+00  1024.2826    17.6255    24.1234     6.4186    195.878    7.77750  237.34892     82.527 0.0000e+00
   39.84250  -72.91266     37.098     36.811    17.6418    33.3750      7.938     0.1759 1.4104e+00  1024.2785    17.6356    24.1163     6.4235    196.027    7.77840  237.37573     82.581 -9.990e-29
   39.84250  -72.91266     37.098     36.811    17.6511    33.3685      7.933     0.1759 1.3702e+00  1024.2737    17.6449    24.1091     6.4242    196.051    7.77941  237.40698     82.580 -9.990e-29
   39.84250  -72.91266     37.088     36.801    17.6594    33.3585      7.938     0.1759 1.3200e+00  1024.2606    17.6532    24.0997     6.4301    196.229    7.78090  237.45235     82.639 0.0000e+00
   39.84250  -72.91266     37.068     36.781    17.6634    33.3585      7.937     0.1759 1.2657e+00  1024.2484    17.6572    24.0934     6.4312    196.262    7.78228  237.49394     82.639 0.0000e+00
   39.84250  -72.91266     37.054     36.767    17.6635    33.3585      7.937     0.1894 1.2034e+00  1024.2557    17.6574    24.0943     6.4372    196.445    7.78390  237.54219     82.699 0.0000e+00
   39.84250  -72.91266     37.048     36.762    17.6695    33.3592      7.937     0.1894 1.1518e+00  1024.2631    17.6633    24.0970     6.4435    196.636    7.78587  237.60071     82.759 0.0000e+00
   39.84250  -72.91266     37.028     36.741    17.6799    33.3605      7.937     0.1759 1.1029e+00  1024.2566    17.6737    24.0966     6.4447    196.672    7.78734  237.64420     82.759 0.0000e+00
   39.84250  -72.91266     37.017     36.730    17.6854    33.3605      7.937     0.1759 1.0612e+00  1024.2575    17.6792    24.0956     6.4456    196.698    7.78845  237.67729     82.758 0.0000e+00
   39.84250  -72.91266     36.993     36.707    17.6902    33.3605      7.937     0.1759 1.0278e+00  1024.2589    17.6841    24.0934     6.4509    196.861    7.78981  237.72033     82.812 0.0000e+00
   39.84250  -72.91266     36.966     36.680    17.6970    33.3519      7.937     0.1894 1.0012e+00  1024.2501    17.6908    24.0855     6.4570    197.048    7.79156  237.77561     82.872 0.0000e+00
   39.84250  -72.91266     36.956     36.670    17.7003    33.3361      7.937     0.1759 9.7430e-01  1024.2341    17.6941    24.0726     6.4588    197.103    7.79326  237.82642     82.877 0.0000e+00
   39.84250  -72.91266     36.926     36.640    17.6999    33.3188      7.937     0.1759 9.5318e-01  1024.2181    17.6937    24.0595     6.4695    197.428    7.79437  237.85755     83.003 0.0000e+00
   39.84250  -72.91266     36.915     36.629    17.6962    33.3068      7.937     0.1759 9.3554e-01  1024.2078    17.6900    24.0514     6.4662    197.324    7.79495  237.87364     82.953 0.0000e+00
   39.84250  -72.91266     36.882     36.596    17.6870    33.3037      7.937     0.1759 9.2282e-01  1024.2090    17.6808    24.0503     6.4715    197.486    7.79523  237.88151     83.019 0.0000e+00
   39.84250  -72.91266     36.875     36.589    17.6745    33.3037      7.937     0.1759 9.1121e-01  1024.2154    17.6683    24.0531     6.4766    197.641    7.79527  237.88225     83.084 0.0000e+00
   39.84250  -72.91266     36.854     36.569    17.6639    33.3037      7.937     0.1894 9.0229e-01  1024.2169    17.6578    24.0561     6.4771    197.656    7.79542  237.88655     83.088 0.0000e+00
   39.84250  -72.91266     36.833     36.548    17.6542    33.3048      7.938     0.1894 8.9766e-01  1024.2187    17.6481    24.0592     6.4827    197.828    7.79559  237.89148     83.159 0.0000e+00
   39.84250  -72.91266     36.803     36.518    17.6460    33.3087      7.938     0.1894 8.9215e-01  1024.2239    17.6398    24.0641     6.4884    198.000    7.79575  237.89621     83.230 0.0000e+00
   39.84250  -72.91266     36.789     36.505    17.6406    33.3154      7.938     0.1894 8.9076e-01  1024.2310    17.6344    24.0705     6.4893    198.028    7.79590  237.90043     83.240 0.0000e+00
   39.84250  -72.91266     36.763     36.479    17.6374    33.3253      7.938     0.1894 8.8766e-01  1024.2369    17.6313    24.0790     6.4948    198.196    7.79591  237.90055     83.310 0.0000e+00
   39.84250  -72.91266     36.742     36.458    17.6346    33.3426      7.938     0.1759 8.8785e-01  1024.2478    17.6285    24.0924     6.4961    198.236    7.79598  237.90271     83.326 0.0000e+00
   39.84250  -72.91266     36.722     36.438    17.6360    33.3710      7.938     0.1759 8.9056e-01  1024.2713    17.6299    24.1128     6.5018    198.410    7.79621  237.91034     83.397 0.0000e+00
   39.84250  -72.91266     36.701     36.417    17.6525    33.4063      7.938     0.1894 8.8979e-01  1024.2996    17.6464    24.1355     6.5077    198.590    7.79671  237.92590     83.467 0.0000e+00
   39.84250  -72.91266     36.678     36.394    17.6873    33.4361      7.937     0.1759 8.8902e-01  1024.3210    17.6812    24.1500     6.5090    198.630    7.79737  237.94605     83.477 0.0000e+00
   39.84250  -72.91266     36.640     36.357    17.7403    33.4361      7.937     0.1759 8.9328e-01  1024.3147    17.7342    24.1497     6.5151    198.816    7.79813  237.96930     83.547 0.0000e+00
   39.84250  -72.91266     36.610     36.327    17.7961    33.4361      7.937     0.1759 8.9251e-01  1024.3023    17.7900    24.1363     6.5167    198.865    7.79866  237.98438     83.562 0.0000e+00
   39.84250  -72.91266     36.589     36.306    17.8527    33.4361      7.937     0.1625 8.9503e-01  1024.2754    17.8466    24.1131     6.5219    199.021    7.79841  237.97413     83.631 0.0000e+00
   39.84250  -72.91266     36.559     36.276    17.8983    33.4148      7.937     0.1625 8.9932e-01  1024.2423    17.8921    24.0859     6.5262    199.146    7.79658  237.91148     83.706 0.0000e+00
   39.84250  -72.91266     36.538     36.256    17.9308    33.3940      7.937     0.1625 9.0187e-01  1024.2191    17.9246    24.0612     6.5233    199.049    7.79191  237.75940     83.719 0.0000e+00
   39.84250  -72.91266     36.515     36.232    17.9623    33.3774      7.937     0.1625 9.0364e-01  1024.1968    17.9562    24.0412     6.5167    198.844    7.78369  237.50398     83.723 0.0000e+00
   39.84250  -72.91266     36.487     36.205    17.9860    33.3642      7.936     0.1625 9.0875e-01  1024.1853    17.9799    24.0251     6.5127    198.723    7.77320  237.18358     83.784 0.0000e+00
   39.84250  -72.91266     36.467     36.184    18.0070    33.3459      7.936     0.1625 9.1054e-01  1024.1718    18.0008    24.0067     6.5046    198.477    7.76339  236.88790     83.785 0.0000e+00
   39.84250  -72.91266     36.436     36.154    18.0198    33.3177      7.936     0.1625 9.1311e-01  1024.1388    18.0136    23.9835     6.5029    198.432    7.75623  236.67510     83.841 0.0000e+00
   39.84250  -72.91266     36.406     36.124    18.0051    33.2907      7.936     0.1625 9.2008e-01  1024.1152    17.9989    23.9650     6.4985    198.303    7.75079  236.51611     83.843 0.0000e+00
   39.84250  -72.91266     36.385     36.104    17.9796    33.2750      7.936     0.1625 9.2008e-01  1024.1137    17.9735    23.9581     6.4954    198.220    7.74797  236.44225     83.834 0.0000e+00
   39.84250  -72.91266     36.345     36.064    17.9553    33.2750      7.937     0.1625 9.2189e-01  1024.1154    17.9491    23.9597     6.4999    198.366    7.74846  236.47113     83.886 0.0000e+00
   39.84250  -72.91274     36.322     36.041    17.9215    33.2750      7.937     0.1625 9.2973e-01  1024.1198    17.9154    23.9694     6.5007    198.388    7.74994  236.51228     83.880 0.0000e+00
   39.84250  -72.91274     36.294     36.013    17.8876    33.2895      7.937     0.1625 9.3499e-01  1024.1464    17.8815    23.9885     6.4985    198.311    7.74846  236.45738     83.868 0.0000e+00
   39.84250  -72.91274     36.274     35.993    17.8806    33.3095      7.937     0.1625 9.3419e-01  1024.1770    17.8745    24.0056     6.4982    198.301    7.74406  236.32075     83.912 0.0000e+00
   39.84250  -72.91274     36.243     35.963    17.9024    33.3133      7.937     0.1625 9.4479e-01  1024.1693    17.8963    24.0094     6.4978    198.289    7.73960  236.18581     83.955 0.0000e+00
   39.84250  -72.91274     36.213     35.933    17.9071    33.3133      7.937     0.1625 9.4746e-01  1024.1614    17.9010    24.0065     6.4930    198.146    7.73556  236.06574     83.937 0.0000e+00
   39.84250  -72.91274     36.192     35.912    17.9028    33.3133      7.937     0.1625 9.4746e-01  1024.1636    17.8967    24.0059     6.4888    198.022    7.73230  235.97010     83.918 0.0000e+00
   39.84250  -72.91274     36.151     35.871    17.8990    33.3128      7.937     0.1625 9.5822e-01  1024.1652    17.8929    24.0065     6.4900    198.062    7.72992  235.90140     83.960 0.0000e+00
   39.84250  -72.91274     36.141     35.862    17.8936    33.3113      7.937     0.1759 9.6282e-01  1024.1637    17.8875    24.0069     6.4832    197.857    7.72845  235.86029     83.887 0.0000e+00
   39.84250  -72.91274     36.118     35.838    17.8843    33.3112      7.937     0.1625 9.6282e-01  1024.1651    17.8782    24.0082     6.4858    197.939    7.72769  235.83948     83.930 0.0000e+00
   39.84250  -72.91274     36.100     35.821    17.8686    33.3112      7.937     0.1625 9.7100e-01  1024.1671    17.8626    24.0114     6.4838    197.877    7.72689  235.81558     83.912 0.0000e+00
   39.84250  -72.91274     36.081     35.801    17.8501    33.3112      7.937     0.1625 9.7650e-01  1024.1747    17.8441    24.0162     6.4810    197.792    7.72576  235.78071     83.888 0.0000e+00
   39.84250  -72.91274     36.049     35.770    17.8399    33.3113      7.937     0.1625 9.7842e-01  1024.1789    17.8338    24.0205     6.4827    197.843    7.72442  235.73990     83.924 0.0000e+00
   39.84250  -72.91274     36.039     35.760    17.8335    33.3113      7.937     0.1625 9.8118e-01  1024.1813    17.8274    24.0225     6.4849    197.912    7.72323  235.70473     83.966 0.0000e+00
   39.84250  -72.91274     36.018     35.740    17.8279    33.3113      7.937     0.2028 9.8674e-01  1024.1794    17.8219    24.0227     6.4882    198.014    7.72278  235.69376     84.013 0.0000e+00
   39.84250  -72.91274     35.988     35.710    17.8189    33.3113      7.937     0.2297 9.8868e-01  1024.1790    17.8129    24.0233     6.4878    198.006    7.72352  235.71875     84.001 0.0000e+00
   39.84250  -72.91274     35.967     35.689    17.8093    33.3113      7.937     0.2431 9.9147e-01  1024.1820    17.8032    24.0261     6.4880    198.010    7.72472  235.75572     83.990 0.0000e+00
   39.84250  -72.91274     35.937     35.659    17.7974    33.3123      7.937     0.2431 9.9708e-01  1024.1871    17.7913    24.0308     6.4918    198.127    7.72538  235.77524     84.032 0.0000e+00
   39.84250  -72.91274     35.934     35.656    17.7830    33.3157      7.937     0.2297 9.9990e-01  1024.1933    17.7770    24.0364     6.4953    198.233    7.72514  235.76771     84.080 0.0000e+00
   39.84250  -72.91274     35.907     35.629    17.7714    33.3157      7.937     0.2297 9.9990e-01  1024.1999    17.7654    24.0412     6.4948    198.221    7.72523  235.77244     84.073 0.0000e+00
   39.84250  -72.91274     35.886     35.609    17.7636    33.3157      7.937     0.2297 1.0084e+00  1024.2025    17.7576    24.0423     6.4995    198.363    7.72632  235.80598     84.121 0.0000e+00
   39.84250  -72.91274     35.865     35.588    17.7577    33.3104      7.937     0.2297 1.0075e+00  1024.1959    17.7517    24.0389     6.4992    198.355    7.72716  235.83196     84.109 -9.990e-29
   39.84250  -72.91274     35.865     35.588    17.7503    33.3104      7.937     0.2297 1.0075e+00  1024.1873    17.7443    24.0357     6.4989    198.347    7.72791  235.85528     84.097 -9.990e-29
   39.84250  -72.91274     35.835     35.558    17.7381    33.3104      7.937     0.2297 1.0132e+00  1024.1919    17.7321    24.0385     6.4989    198.345    7.72895  235.88583     84.085 0.0000e+00
   39.84250  -72.91274     35.825     35.548    17.7268    33.3108      7.937     0.2297 1.0161e+00  1024.2037    17.7209    24.0460     6.5024    198.452    7.72925  235.89371     84.128 0.0000e+00
   39.84250  -72.91274     35.816     35.539    17.7206    33.3177      7.937     0.2297 1.0161e+00  1024.2107    17.7146    24.0528     6.5021    198.443    7.72943  235.90001     84.122 0.0000e+00
   39.84250  -72.91274     35.805     35.528    17.7175    33.3221      7.937     0.2297 1.0190e+00  1024.2144    17.7115    24.0571     6.5059    198.558    7.72999  235.91483     84.165 -9.990e-29
   39.84250  -72.91274     35.805     35.528    17.7165    33.3246      7.937     0.2297 1.0210e+00  1024.2164    17.7105    24.0595     6.5098    198.674    7.73003  235.91553     84.214 -9.990e-29
   39.84250  -72.91274     35.774     35.498    17.7153    33.3259      7.937     0.2297 1.0181e+00  1024.2171    17.7093    24.0608     6.5150    198.834    7.73123  235.95203     84.269 -9.990e-29
   39.84250  -72.91274     35.774     35.498    17.7140    33.3268      7.937     0.2297 1.0239e+00  1024.2178    17.7080    24.0617     6.5149    198.826    7.73145  235.95419     84.265 -9.990e-29
   39.84250  -72.91274     35.754     35.477    17.7125    33.3277      7.937     0.2297 1.0239e+00  1024.2190    17.7065    24.0628     6.5121    198.740    7.72876  235.86949     84.258 0.0000e+00
   39.84250  -72.91274     35.741     35.465    17.7113    33.3287      7.937     0.2297 1.0239e+00  1024.2198    17.7053    24.0639     6.5138    198.793    7.72585  235.78175     84.312 0.0000e+00
   39.84250  -72.91274     35.733     35.457    17.7106    33.3287      7.937     0.2297 1.0239e+00  1024.2215    17.7046    24.0646     6.5163    198.870    7.72377  235.72091     84.367 0.0000e+00
   39.84250  -72.91274     35.723     35.447    17.7103    33.3287      7.937     0.2297 1.0268e+00  1024.2212    17.7043    24.0644     6.5150    198.833    7.72223  235.67581     84.367 -9.990e-29
   39.84250  -72.91274     35.723     35.447    17.7098    33.3268      7.937     0.2297 1.0268e+00  1024.2187    17.7038    24.0630     6.5183    198.936    7.72112  235.64357     84.422 -9.990e-29
   39.84250  -72.91274     35.714     35.438    17.7073    33.3246      7.937     0.2297 1.0268e+00  1024.2172    17.7013    24.0619     6.5179    198.922    7.72045  235.62413     84.424 0.0000e+00
   39.84250  -72.91274     35.703     35.427    17.7032    33.3246      7.937     0.2431 1.0259e+00  1024.2172    17.6972    24.0617     6.5269    199.197    7.71995  235.60983     84.545 0.0000e+00
   39.84250  -72.91274     35.693     35.417    17.6987    33.3246      7.937     0.2297 1.0288e+00  1024.2167    17.6928    24.0633     6.5271    199.203    7.71950  235.59618     84.553 -9.990e-29
   39.84250  -72.91274     35.693     35.417    17.6939    33.3307      7.937     0.2297 1.0259e+00  1024.2210    17.6879    24.0693     6.5318    199.347    7.71890  235.57725     84.621 -9.990e-29
   39.84250  -72.91274     35.683     35.407    17.6909    33.3494      7.937     0.2162 1.0288e+00  1024.2328    17.6850    24.0840     6.5361    199.477    7.71780  235.54355     84.688 -9.990e-29
   39.84250  -72.91274     35.693     35.417    17.6916    33.3842      7.937     0.2162 1.0288e+00  1024.2610    17.6857    24.1095     6.5360    199.478    7.71661  235.50855     84.701 -9.990e-29
