CalculateIndicators/WaterTemperature/Data/CTD_NYOS/20230515_C06.cnv
* Sea-Bird SBE 9 Data File:
* FileName = C:\Seabird 9 CTD\Data\2023\202305_offshore\20230515_C06.hex
* Software Version Seasave V 7.23.2
* Temperature SN = 4590
* Conductivity SN = 3228
* Number of Bytes Per Scan = 44
* Number of Voltage Words = 5
* Number of Scans Averaged by the Deck Unit = 1
* NMEA Latitude = 39 36.60 N
* NMEA Longitude = 072 44.60 W
* NMEA UTC (Time) = May 15 2023  20:13:19
* NMEA baud rate = 4800
** Ship: seawolf
** Station: 8.5
** Operator: SJW
# nquan = 18
# nvalues = 14172                       
# units = specified
# name 0 = latitude: Latitude [deg]
# name 1 = longitude: Longitude [deg]
# name 2 = prDM: Pressure, Digiquartz [db]
# name 3 = depSM: Depth [salt water, m]
# name 4 = t090C: Temperature [ITS-90, deg C]
# name 5 = sal00: Salinity, Practical [PSU]
# name 6 = ph: pH
# name 7 = flECO-AFL: Fluorescence, WET Labs ECO-AFL/FL [mg/m^3]
# name 8 = cpar: CPAR/Corrected Irradiance [%]
# name 9 = density00: Density [density, kg/m^3]
# name 10 = potemp090C: Potential Temperature [ITS-90, deg C]
# name 11 = sigma-é00: Density [sigma-theta, kg/m^3]
# name 12 = sbeox0Mg/L: Oxygen, SBE 43 [mg/l]
# name 13 = sbox0Mm/Kg: Oxygen, SBE 43 [umol/kg]
# name 14 = oxsolMg/L: Oxygen Saturation, Garcia & Gordon [mg/l]
# name 15 = oxsolMm/Kg: Oxygen Saturation, Garcia & Gordon [umol/kg]
# name 16 = sbeox0PS: Oxygen, SBE 43 [% saturation]
# name 17 = flag:  0.000e+00
# span 0 =   39.61000,   39.61020       
# span 1 =  -72.74354,  -72.74076       
# span 2 =      1.822,     65.817       
# span 3 =      1.808,     65.304       
# span 4 =     6.7415,    13.7486       
# span 5 =    32.5240,    33.1232       
# span 6 =      7.849,      8.086       
# span 7 =    -0.0524,     1.4250       
# span 8 = 4.9022e-14, 1.2245e+02       
# span 9 =  1024.5037,  1026.2109       
# span 10 =     6.7384,    13.7483      
# span 11 =    24.4844,    25.9110      
# span 12 =     8.5032,    10.2773      
# span 13 =    259.018,    313.211      
# span 14 =    8.45988,    9.84136      
# span 15 =  258.05346,  299.81434      
# span 16 =     87.507,    114.122      
# span 17 = 0.0000e+00, 0.0000e+00      
# interval = seconds: 0.0416667
# start_time = May 15 2023 20:13:18 [System UTC, first data scan.]
# bad_flag = -9.990e-29
*END*
[from data line 3458]
   39.61012  -72.74268     65.514     65.004     7.2281    33.1222      7.858    -0.0121 8.5540e-14  1026.2095     7.2221    25.9095     8.5409    260.165    9.71683  295.98638     87.898 -9.990e-29
   39.61012  -72.74268     65.521     65.011     7.2284    33.1221      7.858    -0.0121 8.5540e-14  1026.2092     7.2224    25.9094     8.5412    260.177    9.71685  295.98698     87.901 0.0000e+00
   39.61012  -72.74268     65.524     65.014     7.2282    33.1221      7.853    -0.0121 8.5685e-14  1026.2095     7.2222    25.9094     8.5416    260.187    9.71686  295.98711     87.905 -9.990e-29
   39.61012  -72.74268     65.521     65.011     7.2283    33.1221      7.853    -0.0121 8.5685e-14  1026.2094     7.2223    25.9093     8.5419    260.197    9.71684  295.98646     87.908 -9.990e-29
   39.61012  -72.74268     65.521     65.011     7.2285    33.1221      7.858    -0.0121 8.5685e-14  1026.2093     7.2225    25.9093     8.5422    260.206    9.71681  295.98579     87.912 -9.990e-29
   39.61012  -72.74268     65.524     65.014     7.2284    33.1220      7.858    -0.0121 8.5685e-14  1026.2095     7.2224    25.9094     8.5426    260.218    9.71683  295.98617     87.916 -9.990e-29
   39.61012  -72.74268     65.521     65.011     7.2281    33.1220      7.858    -0.0121 8.5685e-14  1026.2095     7.2221    25.9094     8.5430    260.229    9.71685  295.98690     87.919 -9.990e-29
   39.61012  -72.74268     65.514     65.004     7.2285    33.1221      7.858    -0.0121 8.5685e-14  1026.2092     7.2225    25.9093     8.5369    260.045    9.71680  295.98534     87.858 -9.990e-29
   39.61012  -72.74268     65.521     65.011     7.2284    33.1221      7.858    -0.0121 8.5685e-14  1026.2093     7.2224    25.9093     8.5365    260.031    9.71685  295.98689     87.852 -9.990e-29
   39.61012  -72.74268     65.535     65.025     7.2283    33.1220      7.858    -0.0121 8.5685e-14  1026.2097     7.2223    25.9094     8.5422    260.206    9.71679  295.98521     87.912 -9.990e-29
   39.61012  -72.74268     65.521     65.011     7.2284    33.1221      7.853    -0.0121 8.5685e-14  1026.2093     7.2224    25.9093     8.5427    260.220    9.71683  295.98630     87.916 -9.990e-29
   39.61012  -72.74268     65.535     65.025     7.2285    33.1221      7.858    -0.0121 8.5685e-14  1026.2093     7.2225    25.9093     8.5431    260.233    9.71684  295.98660     87.921 -9.990e-29
   39.61012  -72.74268     65.521     65.011     7.2283    33.1221      7.858    -0.0121 8.5685e-14  1026.2095     7.2223    25.9094     8.5426    260.217    9.71685  295.98704     87.915 -9.990e-29
   39.61012  -72.74268     65.531     65.021     7.2282    33.1222      7.858    -0.0121 8.5540e-14  1026.2096     7.2222    25.9095     8.5430    260.230    9.71687  295.98771     87.919 0.0000e+00
   39.61012  -72.74268     65.535     65.025     7.2282    33.1222      7.858    -0.0121 8.5396e-14  1026.2095     7.2222    25.9095     8.5434    260.241    9.71687  295.98741     87.923 -9.990e-29
   39.61012  -72.74268     65.531     65.021     7.2279    33.1222      7.853    -0.0121 8.5252e-14  1026.2098     7.2219    25.9095     8.5365    260.031    9.71685  295.98704     87.852 -9.990e-29
   39.61012  -72.74268     65.535     65.025     7.2284    33.1221      7.858    -0.0121 8.5109e-14  1026.2093     7.2224    25.9094     8.5350    259.985    9.71684  295.98667     87.837 0.0000e+00
   39.61012  -72.74268     65.541     65.031     7.2280    33.1221      7.858    -0.0121 8.4966e-14  1026.2096     7.2220    25.9094     8.5407    260.159    9.71680  295.98542     87.896 -9.990e-29
   39.61012  -72.74268     65.524     65.014     7.2281    33.1221      7.853    -0.0121 8.4966e-14  1026.2095     7.2221    25.9094     8.5348    259.981    9.71686  295.98711     87.835 -9.990e-29
   39.61012  -72.74268     65.531     65.021     7.2282    33.1221      7.853    -0.0121 8.4824e-14  1026.2092     7.2222    25.9094     8.5343    259.964    9.71682  295.98615     87.830 -9.990e-29
   39.61012  -72.74268     65.541     65.031     7.2277    33.1221      7.858    -0.0121 8.4824e-14  1026.2098     7.2217    25.9095     8.5329    259.922    9.71683  295.98646     87.815 0.0000e+00
   39.61012  -72.74268     65.545     65.035     7.2281    33.1222      7.858    -0.0121 8.4824e-14  1026.2095     7.2221    25.9095     8.5314    259.878    9.71682  295.98609     87.801 -9.990e-29
   39.61012  -72.74268     65.541     65.031     7.2279    33.1223      7.858    -0.0121 8.4824e-14  1026.2097     7.2219    25.9096     8.5363    260.027    9.71684  295.98661     87.851 -9.990e-29
   39.61012  -72.74268     65.545     65.035     7.2279    33.1223      7.858    -0.0121 8.4682e-14  1026.2098     7.2219    25.9096     8.5368    260.041    9.71687  295.98748     87.855 -9.990e-29
   39.61012  -72.74268     65.541     65.031     7.2281    33.1223      7.858    -0.0121 8.4682e-14  1026.2095     7.2221    25.9096     8.5309    259.862    9.71687  295.98742     87.795 -9.990e-29
   39.61012  -72.74268     65.555     65.044     7.2279    33.1223      7.853    -0.0121 8.4682e-14  1026.2100     7.2219    25.9096     8.5367    260.039    9.71684  295.98661     87.855 -9.990e-29
   39.61012  -72.74268     65.552     65.042     7.2280    33.1221      7.858    -0.0121 8.4682e-14  1026.2095     7.2220    25.9094     8.5372    260.055    9.71690  295.98852     87.860 -9.990e-29
   39.61012  -72.74268     65.545     65.035     7.2283    33.1221      7.858    -0.0121 8.4682e-14  1026.2093     7.2223    25.9093     8.5377    260.068    9.71688  295.98786     87.865 -9.990e-29
   39.61012  -72.74268     65.541     65.031     7.2282    33.1221      7.858    -0.0121 8.4540e-14  1026.2094     7.2222    25.9093     8.5319    259.891    9.71689  295.98816     87.805 -9.990e-29
   39.61012  -72.74268     65.561     65.051     7.2282    33.1221      7.858    -0.0121 8.4540e-14  1026.2095     7.2222    25.9094     8.5377    260.069    9.71687  295.98749     87.865 -9.990e-29
   39.61012  -72.74268     65.555     65.044     7.2279    33.1223      7.853    -0.0121 8.4540e-14  1026.2099     7.2219    25.9096     8.5319    259.893    9.71686  295.98721     87.805 -9.990e-29
   39.61012  -72.74268     65.541     65.031     7.2279    33.1223      7.853    -0.0121 8.4399e-14  1026.2098     7.2219    25.9097     8.5315    259.880    9.71683  295.98631     87.801 -9.990e-29
   39.61012  -72.74268     65.566     65.055     7.2280    33.1223      7.853    -0.0121 8.4399e-14  1026.2099     7.2220    25.9096     8.5312    259.870    9.71685  295.98692     87.798 -9.990e-29
   39.61012  -72.74268     65.552     65.042     7.2283    33.1224      7.853    -0.0121 8.4399e-14  1026.2098     7.2223    25.9095     8.5309    259.862    9.71689  295.98816     87.795 -9.990e-29
   39.61012  -72.74268     65.555     65.044     7.2284    33.1224      7.858    -0.0121 8.4399e-14  1026.2096     7.2223    25.9095     8.5369    260.044    9.71683  295.98647     87.857 -9.990e-29
   39.61012  -72.74268     65.552     65.042     7.2282    33.1224      7.858    -0.0121 8.4259e-14  1026.2097     7.2222    25.9096     8.5303    259.843    9.71685  295.98691     87.789 -9.990e-29
   39.61012  -72.74268     65.552     65.042     7.2283    33.1224      7.853    -0.0121 8.4259e-14  1026.2099     7.2223    25.9096     8.5354    259.998    9.71685  295.98707     87.841 -9.990e-29
   39.61012  -72.74268     65.566     65.055     7.2285    33.1224      7.858    -0.0121 8.4259e-14  1026.2098     7.2225    25.9096     8.5297    259.824    9.71682  295.98611     87.782 -9.990e-29
   39.61012  -72.74268     65.561     65.051     7.2282    33.1223      7.858    -0.0121 8.4259e-14  1026.2098     7.2222    25.9095     8.5357    260.008    9.71684  295.98663     87.845 -9.990e-29
   39.61012  -72.74268     65.545     65.035     7.2284    33.1221      7.858    -0.0121 8.4259e-14  1026.2095     7.2224    25.9094     8.5363    260.027    9.71682  295.98588     87.851 -9.990e-29
   39.61012  -72.74268     65.552     65.042     7.2282    33.1221      7.853    -0.0121 8.4259e-14  1026.2095     7.2222    25.9094     8.5370    260.048    9.71683  295.98634     87.858 0.0000e+00
   39.61012  -72.74268     65.566     65.055     7.2282    33.1221      7.853    -0.0121 8.4119e-14  1026.2097     7.2222    25.9094     8.5377    260.068    9.71685  295.98707     87.865 -9.990e-29
   39.61012  -72.74268     65.541     65.031     7.2281    33.1221      7.858    -0.0255 8.4119e-14  1026.2096     7.2221    25.9094     8.5311    259.867    9.71684  295.98663     87.797 -9.990e-29
   39.61012  -72.74268     65.555     65.044     7.2282    33.1220      7.858    -0.0255 8.4119e-14  1026.2095     7.2222    25.9093     8.5371    260.050    9.71683  295.98641     87.859 0.0000e+00
   39.61012  -72.74268     65.561     65.051     7.2284    33.1220      7.858    -0.0255 8.4119e-14  1026.2096     7.2223    25.9093     8.5378    260.070    9.71683  295.98635     87.866 -9.990e-29
   39.61012  -72.74268     65.552     65.042     7.2283    33.1220      7.858    -0.0255 8.4119e-14  1026.2097     7.2223    25.9093     8.5384    260.089    9.71682  295.98597     87.872 -9.990e-29
   39.61012  -72.74268     65.555     65.044     7.2284    33.1219      7.853    -0.0255 8.4119e-14  1026.2092     7.2223    25.9092     8.5391    260.111    9.71684  295.98664     87.879 -9.990e-29
   39.61012  -72.74268     65.541     65.031     7.2280    33.1219      7.858    -0.0255 8.3980e-14  1026.2093     7.2220    25.9091     8.5397    260.128    9.71677  295.98450     87.886 -9.990e-29
   39.61012  -72.74268     65.545     65.035     7.2286    33.1219      7.858    -0.0255 8.3980e-14  1026.2090     7.2226    25.9092     8.5403    260.147    9.71674  295.98355     87.892 -9.990e-29
   39.61012  -72.74268     65.561     65.051     7.2282    33.1221      7.858    -0.0255 8.3980e-14  1026.2098     7.2222    25.9094     8.5409    260.166    9.71669  295.98224     87.899 -9.990e-29
   39.61012  -72.74268     65.545     65.035     7.2282    33.1223      7.858    -0.0255 8.3980e-14  1026.2097     7.2222    25.9095     8.5416    260.187    9.71674  295.98346     87.906 -9.990e-29
   39.61012  -72.74268     65.552     65.042     7.2283    33.1223      7.853    -0.0255 8.3980e-14  1026.2099     7.2223    25.9095     8.5422    260.205    9.71668  295.98193     87.913 -9.990e-29
   39.61012  -72.74268     65.541     65.031     7.2285    33.1223      7.858    -0.0255 8.3980e-14  1026.2095     7.2225    25.9095     8.5429    260.226    9.71669  295.98209     87.919 -9.990e-29
   39.61012  -72.74268     65.555     65.044     7.2284    33.1223      7.853    -0.0255 8.3840e-14  1026.2097     7.2223    25.9095     8.5435    260.245    9.71668  295.98186     87.926 -9.990e-29
   39.61012  -72.74268     65.552     65.041     7.2283    33.1223      7.853    -0.0255 8.3840e-14  1026.2097     7.2223    25.9095     8.5379    260.073    9.71669  295.98209     87.868 -9.990e-29
   39.61012  -72.74268     65.535     65.025     7.2285    33.1222      7.853    -0.0255 8.3840e-14  1026.2096     7.2225    25.9094     8.5439    260.257    9.71668  295.98163     87.930 -9.990e-29
   39.61012  -72.74268     65.541     65.031     7.2284    33.1222      7.853    -0.0255 8.3840e-14  1026.2094     7.2224    25.9094     8.5436    260.250    9.71667  295.98157     87.928 -9.990e-29
   39.61012  -72.74268     65.555     65.044     7.2286    33.1222      7.853    -0.0255 8.3840e-14  1026.2095     7.2226    25.9094     8.5433    260.240    9.71667  295.98150     87.925 -9.990e-29
   39.61012  -72.74268     65.541     65.031     7.2284    33.1222      7.853    -0.0255 8.3840e-14  1026.2096     7.2224    25.9094     8.5440    260.259    9.71668  295.98193     87.931 -9.990e-29
   39.61012  -72.74268     65.545     65.035     7.2284    33.1222      7.853    -0.0255 8.3840e-14  1026.2095     7.2224    25.9094     8.5445    260.276    9.71663  295.98039     87.937 -9.990e-29
   39.61012  -72.74268     65.541     65.031     7.2283    33.1222      7.853    -0.0255 8.3840e-14  1026.2096     7.2223    25.9094     8.5451    260.294    9.71660  295.97922     87.943 -9.990e-29
   39.61012  -72.74268     65.552     65.041     7.2282    33.1222      7.853    -0.0255 8.3840e-14  1026.2095     7.2222    25.9094     8.5457    260.313    9.71661  295.97965     87.950 -9.990e-29
   39.61012  -72.74268     65.545     65.035     7.2282    33.1222      7.853    -0.0255 8.3840e-14  1026.2096     7.2222    25.9095     8.5464    260.333    9.71665  295.98084     87.956 -9.990e-29
   39.61012  -72.74268     65.541     65.031     7.2283    33.1223      7.853    -0.0255 8.3840e-14  1026.2096     7.2223    25.9096     8.5470    260.351    9.71662  295.97995     87.962 -9.990e-29
   39.61012  -72.74268     65.545     65.035     7.2282    33.1223      7.858    -0.0255 8.3840e-14  1026.2099     7.2222    25.9096     8.5465    260.338    9.71655  295.97788     87.959 -9.990e-29
   39.61012  -72.74280     65.541     65.031     7.2284    33.1223      7.853    -0.0255 8.3840e-14  1026.2097     7.2224    25.9096     8.5462    260.328    9.71658  295.97885     87.955 -9.990e-29
   39.61012  -72.74280     65.545     65.035     7.2282    33.1223      7.853    -0.0121 8.3702e-14  1026.2097     7.2222    25.9096     8.5531    260.537    9.71662  295.97995     88.025 -9.990e-29
   39.61012  -72.74280     65.541     65.031     7.2284    33.1222      7.853    -0.0121 8.3840e-14  1026.2097     7.2224    25.9095     8.5472    260.357    9.71657  295.97839     87.965 -9.990e-29
   39.61012  -72.74280     65.552     65.041     7.2284    33.1220      7.853    -0.0121 8.3840e-14  1026.2094     7.2224    25.9093     8.5467    260.343    9.71661  295.97950     87.960 -9.990e-29
   39.61012  -72.74280     65.545     65.035     7.2285    33.1220      7.858    -0.0121 8.3840e-14  1026.2094     7.2225    25.9093     8.5462    260.327    9.71661  295.97951     87.954 -9.990e-29
   39.61012  -72.74280     65.552     65.041     7.2284    33.1220      7.853    -0.0121 8.3840e-14  1026.2096     7.2223    25.9093     8.5456    260.310    9.71661  295.97965     87.949 -9.990e-29
   39.61012  -72.74280     65.545     65.035     7.2283    33.1220      7.853    -0.0121 8.3840e-14  1026.2095     7.2223    25.9094     8.5459    260.320    9.71660  295.97935     87.952 -9.990e-29
   39.61012  -72.74280     65.552     65.041     7.2282    33.1220      7.858    -0.0121 8.3840e-14  1026.2096     7.2222    25.9094     8.5463    260.330    9.71659  295.97890     87.956 -9.990e-29
   39.61012  -72.74280     65.555     65.044     7.2284    33.1220      7.853    -0.0121 8.3840e-14  1026.2096     7.2223    25.9093     8.5457    260.311    9.71658  295.97861     87.949 -9.990e-29
   39.61012  -72.74280     65.552     65.041     7.2283    33.1220      7.858    -0.0121 8.3840e-14  1026.2091     7.2223    25.9092     8.5460    260.321    9.71661  295.97949     87.952 -9.990e-29
   39.61012  -72.74280     65.555     65.044     7.2282    33.1220      7.853    -0.0121 8.3840e-14  1026.2095     7.2222    25.9093     8.5463    260.331    9.71663  295.98015     87.956 -9.990e-29
   39.61012  -72.74280     65.561     65.051     7.2280    33.1220      7.853     0.0013 8.3840e-14  1026.2099     7.2220    25.9094     8.5466    260.340    9.71665  295.98087     87.959 -9.990e-29
   39.61012  -72.74280     65.552     65.041     7.2283    33.1221      7.858    -0.0121 8.3840e-14  1026.2095     7.2223    25.9094     8.5460    260.320    9.71664  295.98051     87.952 -9.990e-29
   39.61012  -72.74280     65.566     65.055     7.2284    33.1221      7.853    -0.0121 8.3840e-14  1026.2094     7.2223    25.9093     8.5462    260.328    9.71663  295.98014     87.955 -9.990e-29
