CalculateIndicators/WaterTemperature/Data/CTD_NYOS/20230515_C04.cnv
* Sea-Bird SBE 9 Data File:
* FileName = C:\Seabird 9 CTD\Data\2023\202305_offshore\20230515_C04.hex
* Software Version Seasave V 7.23.2
* Temperature SN = 4590
* Conductivity SN = 3228
* Number of Bytes Per Scan = 44
* Number of Voltage Words = 5
* Number of Scans Averaged by the Deck Unit = 1
* NMEA Latitude = 40 04.79 N
* NMEA Longitude = 073 04.04 W
* NMEA UTC (Time) = May 15 2023  14:34:09
* NMEA baud rate = 4800
** Ship: Seawolf
** Station: 8.3
** Operator: SJW
# nquan = 18
# nvalues = 9706                        
# units = specified
# name 0 = latitude: Latitude [deg]
# name 1 = longitude: Longitude [deg]
# name 2 = prDM: Pressure, Digiquartz [db]
# name 3 = depSM: Depth [salt water, m]
# name 4 = t090C: Temperature [ITS-90, deg C]
# name 5 = sal00: Salinity, Practical [PSU]
# name 6 = ph: pH
# name 7 = flECO-AFL: Fluorescence, WET Labs ECO-AFL/FL [mg/m^3]
# name 8 = cpar: CPAR/Corrected Irradiance [%]
# name 9 = density00: Density [density, kg/m^3]
# name 10 = potemp090C: Potential Temperature [ITS-90, deg C]
# name 11 = sigma-é00: Density [sigma-theta, kg/m^3]
# name 12 = sbeox0Mg/L: Oxygen, SBE 43 [mg/l]
# name 13 = sbox0Mm/Kg: Oxygen, SBE 43 [umol/kg]
# name 14 = oxsolMg/L: Oxygen Saturation, Garcia & Gordon [mg/l]
# name 15 = oxsolMm/Kg: Oxygen Saturation, Garcia & Gordon [umol/kg]
# name 16 = sbeox0PS: Oxygen, SBE 43 [% saturation]
# name 17 = flag:  0.000e+00
# span 0 =   40.07954,   40.07984       
# span 1 =  -73.06740,  -73.06642       
# span 2 =      1.833,     39.499       
# span 3 =      1.819,     39.193       
# span 4 =     6.5791,    13.5173       
# span 5 =    31.7184,    32.8866       
# span 6 =      7.793,      8.064       
# span 7 =    -0.0121,    48.4336       
# span 8 = 1.0790e-01, 8.3755e+01       
# span 9 =  1023.7736,  1025.9617       
# span 10 =     6.5767,    13.5170      
# span 11 =    23.7567,    25.7807      
# span 12 =     8.3115,    10.4696      
# span 13 =    253.215,    318.985      
# span 14 =    8.55264,    9.88477      
# span 15 =  261.06641,  301.15329      
# span 16 =     84.269,    110.104      
# span 17 = 0.0000e+00, 0.0000e+00      
# interval = seconds: 0.0416667
# start_time = May 15 2023 14:34:10 [System UTC, first data scan.]
# bad_flag = -9.990e-29
*END*
[from data line 805]
   40.07982  -73.06732     14.110     14.002    13.0267    31.7818      7.995     0.2297 2.5632e+00  1023.9587    13.0249    23.8961     8.8988    271.563    8.70489  265.64548    102.228 0.0000e+00
   40.07982  -73.06732     14.134     14.025    13.0193    31.7842      7.995     0.2297 2.5580e+00  1023.9627    13.0175    23.8994     8.8994    271.581    8.70604  265.68034    102.221 0.0000e+00
   40.07982  -73.06732     14.180     14.071    13.0128    31.7866      7.995     0.2297 2.5580e+00  1023.9659    13.0109    23.9025     8.9058    271.775    8.70748  265.72454    102.277 0.0000e+00
   40.07982  -73.06732     14.194     14.085    13.0068    31.7889      7.995     0.2297 2.5508e+00  1023.9690    13.0049    23.9055     8.9025    271.676    8.70928  265.77904    102.219 0.0000e+00
   40.07982  -73.06732     14.242     14.133    13.0011    31.7889      7.995     0.2297 2.5508e+00  1023.9723    12.9993    23.9077     8.9044    271.733    8.71129  265.83994    102.217 0.0000e+00
   40.07982  -73.06732     14.275     14.165    12.9961    31.7889      7.995     0.2297 2.5508e+00  1023.9733    12.9942    23.9086     8.9065    271.795    8.71336  265.90193    102.216 0.0000e+00
   40.07982  -73.06732     14.293     14.183    12.9905    31.7902      7.995     0.2297 2.5437e+00  1023.9716    12.9887    23.9088     8.9087    271.862    8.71544  265.96390    102.218 0.0000e+00
   40.07982  -73.06732     14.336     14.225    12.9823    31.7902      7.995     0.2297 2.5437e+00  1023.9727    12.9804    23.9102     8.9109    271.928    8.71739  266.02228    102.220 0.0000e+00
   40.07982  -73.06732     14.354     14.243    12.9733    31.7909      7.995     0.2431 2.5437e+00  1023.9779    12.9714    23.9136     8.9132    271.997    8.71931  266.07995    102.224 0.0000e+00
   40.07982  -73.06732     14.396     14.286    12.9654    31.7934      7.995     0.2431 2.5437e+00  1023.9821    12.9635    23.9170     8.9155    272.066    8.72108  266.13266    102.229 0.0000e+00
   40.07982  -73.06732     14.424     14.313    12.9584    31.7948      7.995     0.2431 2.5437e+00  1023.9839    12.9565    23.9196     8.9123    271.966    8.72261  266.17805    102.174 0.0000e+00
   40.07982  -73.06732     14.447     14.336    12.9505    31.7955      7.996     0.2431 2.5365e+00  1023.9863    12.9486    23.9216     8.9193    272.178    8.72407  266.22187    102.237 0.0000e+00
   40.07982  -73.06732     14.486     14.374    12.9421    31.7958      7.996     0.2431 2.5437e+00  1023.9881    12.9402    23.9234     8.9217    272.252    8.72563  266.26894    102.247 0.0000e+00
   40.07982  -73.06732     14.508     14.396    12.9332    31.7960      7.996     0.2431 2.5416e+00  1023.9897    12.9312    23.9254     8.9238    272.316    8.72731  266.31933    102.252 0.0000e+00
   40.07982  -73.06732     14.537     14.425    12.9233    31.7974      7.996     0.2431 2.5345e+00  1023.9922    12.9213    23.9283     8.9266    272.401    8.72897  266.36935    102.264 0.0000e+00
   40.07982  -73.06732     14.570     14.457    12.9128    31.8007      7.996     0.2431 2.5345e+00  1023.9974    12.9109    23.9329     8.9235    272.304    8.73060  266.41820    102.209 0.0000e+00
   40.07982  -73.06732     14.586     14.474    12.9036    31.8049      7.996     0.2431 2.5345e+00  1024.0038    12.9017    23.9379     8.9253    272.358    8.73224  266.46736    102.211 0.0000e+00
   40.07982  -73.06732     14.610     14.497    12.8959    31.8078      7.996     0.2431 2.5345e+00  1024.0084    12.8939    23.9416     8.9273    272.418    8.73396  266.51932    102.213 0.0000e+00
   40.07982  -73.06732     14.650     14.537    12.8893    31.8086      7.996     0.2431 2.5345e+00  1024.0089    12.8874    23.9437     8.9295    272.486    8.73580  266.57500    102.217 0.0000e+00
   40.07982  -73.06732     14.678     14.565    12.8814    31.8093      7.996     0.2431 2.5273e+00  1024.0105    12.8795    23.9457     8.9320    272.562    8.73775  266.63363    102.223 0.0000e+00
   40.07982  -73.06732     14.691     14.578    12.8726    31.8110      7.996     0.2431 2.5345e+00  1024.0141    12.8706    23.9486     8.9340    272.621    8.73971  266.69272    102.223 0.0000e+00
   40.07982  -73.06732     14.718     14.605    12.8638    31.8131      7.996     0.2431 2.5345e+00  1024.0180    12.8619    23.9520     8.9368    272.705    8.74165  266.75065    102.232 0.0000e+00
   40.07982  -73.06732     14.742     14.628    12.8557    31.8149      7.996     0.2431 2.5345e+00  1024.0209    12.8538    23.9550     8.9390    272.772    8.74362  266.80989    102.235 0.0000e+00
   40.07982  -73.06732     14.780     14.666    12.8481    31.8169      7.996     0.2431 2.5345e+00  1024.0236    12.8461    23.9580     8.9415    272.846    8.74571  266.87321    102.238 0.0000e+00
   40.07982  -73.06732     14.793     14.679    12.8397    31.8192      7.996     0.2431 2.5416e+00  1024.0276    12.8377    23.9613     8.9442    272.931    8.74795  266.94130    102.244 0.0000e+00
   40.07982  -73.06732     14.802     14.688    12.8324    31.8217      7.996     0.2431 2.5416e+00  1024.0308    12.8305    23.9647     8.9474    273.028    8.75054  267.01985    102.250 0.0000e+00
   40.07982  -73.06732     14.831     14.717    12.8253    31.8240      7.996     0.2431 2.5416e+00  1024.0343    12.8233    23.9679     8.9512    273.141    8.75347  267.10842    102.258 0.0000e+00
   40.07982  -73.06732     14.853     14.739    12.8184    31.8262      7.996     0.2431 2.5488e+00  1024.0373    12.8165    23.9709     8.9552    273.263    8.75661  267.20316    102.268 0.0000e+00
   40.07982  -73.06732     14.871     14.756    12.8117    31.8283      7.996     0.2431 2.5467e+00  1024.0404    12.8097    23.9738     8.9595    273.394    8.75991  267.30279    102.279 0.0000e+00
   40.07982  -73.06732     14.893     14.778    12.8056    31.8301      7.996     0.2431 2.5467e+00  1024.0431    12.8037    23.9764     8.9641    273.531    8.76328  267.40436    102.291 0.0000e+00
   40.07978  -73.06716     14.904     14.789    12.7997    31.8315      7.996     0.2431 2.5539e+00  1024.0453    12.7978    23.9786     8.9689    273.679    8.76687  267.51279    102.305 0.0000e+00
   40.07978  -73.06716     14.931     14.816    12.7937    31.8327      7.996     0.2431 2.5539e+00  1024.0476    12.7918    23.9806     8.9735    273.817    8.77071  267.62890    102.312 0.0000e+00
   40.07978  -73.06716     14.944     14.829    12.7881    31.8327      7.996     0.2565 2.5611e+00  1024.0493    12.7861    23.9822     8.9785    273.969    8.77487  267.75433    102.321 0.0000e+00
   40.07978  -73.06716     14.973     14.857    12.7821    31.8327      7.996     0.2565 2.5611e+00  1024.0501    12.7801    23.9832     8.9844    274.144    8.77907  267.88046    102.338 0.0000e+00
   40.07978  -73.06716     14.985     14.870    12.7753    31.8324      7.996     0.2565 2.5683e+00  1024.0511    12.7734    23.9841     8.9896    274.301    8.78324  268.00523    102.349 0.0000e+00
   40.07978  -73.06716     15.003     14.887    12.7679    31.8316      7.996     0.2565 2.5683e+00  1024.0520    12.7659    23.9850     8.9947    274.456    8.78723  268.12478    102.361 0.0000e+00
   40.07978  -73.06716     15.015     14.900    12.7595    31.8314      7.996     0.2565 2.5611e+00  1024.0527    12.7575    23.9859     9.0054    274.779    8.79124  268.24525    102.436 0.0000e+00
   40.07978  -73.06716     15.025     14.909    12.7494    31.8314      7.996     0.2565 2.5611e+00  1024.0536    12.7475    23.9875     9.0115    274.963    8.79541  268.37089    102.457 0.0000e+00
   40.07978  -73.06716     15.043     14.927    12.7384    31.8314      8.001     0.2565 2.5611e+00  1024.0571    12.7364    23.9904     9.0180    275.161    8.79990  268.50640    102.478 0.0000e+00
   40.07978  -73.06716     15.055     14.939    12.7271    31.8338      7.996     0.2565 2.5683e+00  1024.0616    12.7251    23.9944     9.0250    275.373    8.80478  268.65398    102.501 0.0000e+00
   40.07978  -73.06716     15.076     14.960    12.7163    31.8364      7.996     0.2565 2.5611e+00  1024.0664    12.7143    23.9985     9.0322    275.591    8.80982  268.80487    102.525 0.0000e+00
   40.07978  -73.06716     15.084     14.968    12.7061    31.8382      7.996     0.2565 2.5683e+00  1024.0698    12.7041    24.0018     9.0382    275.769    8.81422  268.93535    102.541 0.0000e+00
   40.07978  -73.06716     15.097     14.980    12.6951    31.8386      8.001     0.2565 2.5611e+00  1024.0721    12.6931    24.0043     9.0440    275.943    8.81845  269.06228    102.557 0.0000e+00
   40.07978  -73.06716     15.105     14.988    12.6836    31.8392      7.996     0.2565 2.5611e+00  1024.0730    12.6816    24.0071     9.0505    276.144    8.82344  269.21436    102.574 0.0000e+00
   40.07978  -73.06716     15.127     15.010    12.6691    31.8428      7.996     0.2565 2.5683e+00  1024.0780    12.6672    24.0125     9.0580    276.370    8.82917  269.38729    102.592 0.0000e+00
   40.07978  -73.06716     15.147     15.031    12.6543    31.8502      7.997     0.2565 2.5683e+00  1024.0885    12.6524    24.0207     9.0654    276.591    8.83475  269.55381    102.610 -9.990e-29
   40.07978  -73.06716     15.135     15.018    12.6436    31.8584      7.997     0.2565 2.5683e+00  1024.0982    12.6416    24.0292     9.0726    276.806    8.84008  269.71286    102.630 -9.990e-29
   40.07978  -73.06716     15.157     15.040    12.6358    31.8643      7.997     0.2565 2.5683e+00  1024.1049    12.6339    24.0353     9.0787    276.990    8.84512  269.86341    102.641 0.0000e+00
   40.07978  -73.06716     15.165     15.048    12.6298    31.8659      8.001     0.2565 2.5683e+00  1024.1074    12.6279    24.0386     9.0800    277.027    8.85011  270.01270    102.598 0.0000e+00
   40.07978  -73.06716     15.187     15.070    12.6236    31.8659      8.001     0.2565 2.5755e+00  1024.1083    12.6217    24.0400     9.0855    277.191    8.85505  270.16126    102.602 -9.990e-29
   40.07978  -73.06716     15.187     15.070    12.6163    31.8659      8.001     0.2565 2.5755e+00  1024.1082    12.6143    24.0407     9.0971    277.547    8.86072  270.33368    102.668 -9.990e-29
   40.07978  -73.06716     15.196     15.078    12.6068    31.8659      8.001     0.2565 2.5755e+00  1024.1091    12.6048    24.0419     9.1060    277.818    8.86758  270.54263    102.689 0.0000e+00
   40.07978  -73.06716     15.208     15.091    12.5955    31.8659      8.001     0.2565 2.5755e+00  1024.1118    12.5935    24.0445     9.1154    278.102    8.87543  270.78025    102.704 0.0000e+00
   40.07978  -73.06716     15.218     15.100    12.5834    31.8679      8.001     0.2565 2.5828e+00  1024.1159    12.5815    24.0484     9.1197    278.229    8.88367  271.02806    102.657 0.0000e+00
   40.07978  -73.06716     15.246     15.129    12.5709    31.8709      7.997     0.2565 2.5828e+00  1024.1214    12.5689    24.0530     9.1290    278.510    8.89204  271.27928    102.665 -9.990e-29
   40.07978  -73.06716     15.248     15.130    12.5593    31.8740      8.002     0.2565 2.5828e+00  1024.1257    12.5574    24.0576     9.1385    278.795    8.90053  271.53399    102.674 -9.990e-29
   40.07978  -73.06716     15.246     15.129    12.5479    31.8771      8.002     0.2834 2.5755e+00  1024.1302    12.5459    24.0622     9.1482    279.086    8.90914  271.79283    102.683 -9.990e-29
   40.07978  -73.06716     15.279     15.162    12.5369    31.8806      8.002     0.2968 2.5828e+00  1024.1355    12.5350    24.0668     9.1525    279.213    8.91789  272.05564    102.631 0.0000e+00
   40.07978  -73.06716     15.289     15.171    12.5276    31.8835      8.002     0.2968 2.5755e+00  1024.1399    12.5256    24.0710     9.1620    279.499    8.92689  272.32602    102.634 0.0000e+00
   40.07978  -73.06716     15.307     15.189    12.5189    31.8855      8.002     0.2968 2.5755e+00  1024.1432    12.5169    24.0742     9.1717    279.791    8.93667  272.62103    102.630 -9.990e-29
   40.07978  -73.06716     15.299     15.181    12.5103    31.8866      8.002     0.2968 2.5755e+00  1024.1449    12.5084    24.0768     9.1827    280.123    8.94695  272.93099    102.635 -9.990e-29
   40.07978  -73.06716     15.350     15.231    12.5008    31.8878      8.002     0.2968 2.5755e+00  1024.1480    12.4988    24.0795     9.1940    280.462    8.95742  273.24564    102.641 -9.990e-29
   40.07978  -73.06716     15.348     15.230    12.4911    31.8893      8.002     0.2968 2.5683e+00  1024.1512    12.4891    24.0825     9.1996    280.628    8.96777  273.55557    102.586 -9.990e-29
   40.07978  -73.06716     15.361     15.242    12.4817    31.8909      8.002     0.2968 2.5683e+00  1024.1544    12.4797    24.0856     9.2158    281.114    8.97806  273.86310    102.648 0.0000e+00
   40.07978  -73.06716     15.380     15.261    12.4722    31.8922      8.002     0.2968 2.5683e+00  1024.1574    12.4703    24.0884     9.2207    281.257    8.98825  274.16732    102.586 0.0000e+00
   40.07978  -73.06716     15.399     15.280    12.4627    31.8931      8.002     0.2968 2.5683e+00  1024.1597    12.4607    24.0909     9.2245    281.366    8.99802  274.45820    102.517 0.0000e+00
   40.07978  -73.06716     15.421     15.302    12.4524    31.8940      7.997     0.2968 2.5611e+00  1024.1622    12.4504    24.0935     9.2325    281.603    9.00711  274.72885    102.502 0.0000e+00
   40.07978  -73.06716     15.450     15.331    12.4414    31.8952      8.002     0.2968 2.5611e+00  1024.1654    12.4394    24.0965     9.2453    281.989    9.01542  274.97631    102.550 -9.990e-29
   40.07978  -73.06716     15.440     15.321    12.4301    31.8971      8.002     0.2968 2.5611e+00  1024.1687    12.4282    24.1000     9.2473    282.043    9.02338  275.21368    102.481 -9.990e-29
   40.07978  -73.06716     15.491     15.372    12.4185    31.8991      8.002     0.2968 2.5611e+00  1024.1737    12.4166    24.1038     9.2535    282.226    9.03062  275.42857    102.468 0.0000e+00
   40.07978  -73.06716     15.510     15.391    12.4074    31.8993      8.002     0.2968 2.5611e+00  1024.1770    12.4054    24.1069     9.2535    282.219    9.03728  275.62570    102.392 -9.990e-29
   40.07978  -73.06716     15.512     15.392    12.3961    31.8993      8.002     0.2968 2.5539e+00  1024.1787    12.3941    24.1090     9.2577    282.343    9.04326  275.80219    102.372 -9.990e-29
   40.07978  -73.06716     15.563     15.443    12.3844    31.8993      8.002     0.2968 2.5539e+00  1024.1799    12.3824    24.1106     9.2557    282.276    9.04858  275.95910    102.289 0.0000e+00
   40.07978  -73.06716     15.571     15.451    12.3705    31.8989      8.002     0.2968 2.5539e+00  1024.1819    12.3685    24.1125     9.2582    282.347    9.05338  276.10104    102.262 0.0000e+00
   40.07978  -73.06716     15.603     15.482    12.3548    31.8989      8.002     0.2968 2.5539e+00  1024.1845    12.3528    24.1152     9.2544    282.228    9.05755  276.22392    102.174 0.0000e+00
   40.07978  -73.06716     15.623     15.503    12.3374    31.8989      8.002     0.2968 2.5539e+00  1024.1886    12.3354    24.1190     9.2495    282.075    9.06118  276.33103    102.079 0.0000e+00
   40.07978  -73.06716     15.652     15.532    12.3188    31.9002      8.002     0.2968 2.5539e+00  1024.1937    12.3168    24.1235     9.2492    282.061    9.06428  276.42237    102.040 0.0000e+00
   40.07978  -73.06716     15.674     15.553    12.3001    31.9014      8.002     0.2968 2.5539e+00  1024.1983    12.2981    24.1280     9.2485    282.037    9.06688  276.49917    102.003 0.0000e+00
   40.07982  -73.06732     15.715     15.594    12.2803    31.9024      8.003     0.2968 2.5539e+00  1024.2027    12.2783    24.1325     9.2419    281.833    9.06909  276.56429    101.905 0.0000e+00
