CalculateIndicators/WaterTemperature/Data/CTD_NYOS/20231004_C15.cnv
* Sea-Bird SBE 9 Data File:
* FileName = C:\Seabird 9 CTD\Data\2023\202309_offshore\20231004_C15.hex
* Software Version Seasave V 7.23.2
* Temperature SN = 4590
* Conductivity SN = 3228
* Number of Bytes Per Scan = 44
* Number of Voltage Words = 5
* Number of Scans Averaged by the Deck Unit = 1
* NMEA Latitude = 40 13.10 N
* NMEA Longitude = 072 41.38 W
* NMEA UTC (Time) = Oct 04 2023  17:43:12
* NMEA baud rate = 4800
** Ship: seawolf
** Station: 9.3
** Operator: TDK
# nquan = 18
# nvalues = 14738                       
# units = specified
# name 0 = latitude: Latitude [deg]
# name 1 = longitude: Longitude [deg]
# name 2 = prDM: Pressure, Digiquartz [db]
# name 3 = depSM: Depth [salt water, m]
# name 4 = t090C: Temperature [ITS-90, deg C]
# name 5 = sal00: Salinity, Practical [PSU]
# name 6 = ph: pH
# name 7 = flECO-AFL: Fluorescence, WET Labs ECO-AFL/FL [mg/m^3]
# name 8 = cpar: CPAR/Corrected Irradiance [%]
# name 9 = density00: Density [density, kg/m^3]
# name 10 = potemp090C: Potential Temperature [ITS-90, deg C]
# name 11 = sigma-é00: Density [sigma-theta, kg/m^3]
# name 12 = sbeox0Mg/L: Oxygen, SBE 43 [mg/l]
# name 13 = sbox0Mm/Kg: Oxygen, SBE 43 [umol/kg]
# name 14 = oxsolMg/L: Oxygen Saturation, Garcia & Gordon [mg/l]
# name 15 = oxsolMm/Kg: Oxygen Saturation, Garcia & Gordon [umol/kg]
# name 16 = sbeox0PS: Oxygen, SBE 43 [% saturation]
# name 17 = flag:  0.000e+00
# span 0 =   40.21800,   40.21848       
# span 1 =  -72.68974,  -72.68854       
# span 2 =      1.962,     50.562       
# span 3 =      1.947,     50.168       
# span 4 =    16.2598,    18.5177       
# span 5 =    31.9677,    33.1841       
# span 6 =      7.881,      8.018       
# span 7 =     0.0551,     0.5520       
# span 8 = 1.4431e-01, 1.7090e+02       
# span 9 =  1022.9117,  1024.4409       
# span 10 =    16.2520,    18.5114      
# span 11 =    22.9043,    24.2060      
# span 12 =     5.6287,     7.7690      
# span 13 =    171.783,    237.287      
# span 14 =    7.68615,    8.04542      
# span 15 =  234.62849,  245.53942      
# span 16 =     70.043,     99.036      
# span 17 = 0.0000e+00, 0.0000e+00      
# interval = seconds: 0.0416667
# start_time = Oct 04 2023 17:43:11 [System UTC, first data scan.]
# bad_flag = -9.990e-29
*END*
[from data line 12784]
   40.21808  -72.68870      2.735      2.714    17.8189    32.0635 -9.990e-29     0.1088 3.2302e+01  1023.0798    17.8185    23.0684     7.7180    235.748    7.84598  239.65766     98.369 -9.990e-29
   40.21808  -72.68870      2.746      2.725    17.8185    32.0603 -9.990e-29     0.1088 4.1604e+01  1023.0772    17.8180    23.0660     7.7176    235.736    7.84567  239.64846     98.367 -9.990e-29
   40.21808  -72.68870      2.746      2.725    17.8171    32.0587 -9.990e-29     0.1088 4.6295e+01  1023.0764    17.8166    23.0649     7.7171    235.722    7.84536  239.63966     98.365 -9.990e-29
   40.21810  -72.68876      2.746      2.725    17.8151    32.0587 -9.990e-29     0.1088 4.5906e+01  1023.0766    17.8147    23.0650     7.7214    235.855    7.84520  239.63493     98.423 -9.990e-29
   40.21810  -72.68876      2.756      2.735    17.8131    32.0587 -9.990e-29     0.1088 3.8780e+01  1023.0779    17.8126    23.0659     7.7221    235.874    7.84520  239.63496     98.431 -9.990e-29
   40.21810  -72.68876      2.766      2.744    17.8113    32.0592 -9.990e-29     0.0954 3.5643e+01  1023.0794    17.8109    23.0671     7.7226    235.891    7.84512  239.63268     98.439 -9.990e-29
   40.21810  -72.68876      2.766      2.744    17.8098    32.0592 -9.990e-29     0.1088 3.5443e+01  1023.0804    17.8093    23.0678     7.7180    235.750    7.84507  239.63121     98.380 -9.990e-29
   40.21810  -72.68876      2.777      2.755    17.8086    32.0592 -9.990e-29     0.0954 3.4075e+01  1023.0806    17.8081    23.0675     7.7181    235.753    7.84504  239.63053     98.382 -9.990e-29
   40.21810  -72.68876      2.777      2.755    17.8068    32.0592 -9.990e-29     0.0954 3.3130e+01  1023.0774    17.8064    23.0668     7.7176    235.739    7.84498  239.62868     98.377 -9.990e-29
   40.21810  -72.68876      2.786      2.765    17.7999    32.0592 -9.990e-29     0.0954 3.3037e+01  1023.0784    17.7995    23.0679     7.7125    235.582    7.84495  239.62740     98.312 -9.990e-29
   40.21810  -72.68876      2.786      2.765    17.7942    32.0603 -9.990e-29     0.1088 3.2121e+01  1023.0839    17.7938    23.0713     7.7162    235.696    7.84486  239.62435     98.360 -9.990e-29
   40.21810  -72.68876      2.786      2.765    17.7930    32.0638 -9.990e-29     0.1088 3.1407e+01  1023.0876    17.7926    23.0744     7.7114    235.547    7.84469  239.61927     98.301 -9.990e-29
   40.21810  -72.68876      2.796      2.774    17.7933    32.0647 -9.990e-29     0.0954 3.1231e+01  1023.0891    17.7929    23.0759     7.7103    235.515    7.84456  239.61547     98.289 -9.990e-29
   40.21810  -72.68876      2.807      2.785    17.7941    32.0647 -9.990e-29     0.1088 2.7596e+01  1023.0885    17.7936    23.0759     7.7097    235.496    7.84440  239.61077     98.283 -9.990e-29
   40.21810  -72.68876      2.796      2.774    17.7944    32.0647 -9.990e-29     0.0954 2.3576e+01  1023.0873    17.7939    23.0751     7.7090    235.475    7.84416  239.60334     98.277 -9.990e-29
   40.21810  -72.68876      2.797      2.776    17.7941    32.0633 -9.990e-29     0.0954 2.2666e+01  1023.0866    17.7936    23.0742     7.7082    235.449    7.84379  239.59214     98.271 -9.990e-29
   40.21810  -72.68876      2.796      2.774    17.7925    32.0617 -9.990e-29     0.0954 2.5293e+01  1023.0852    17.7920    23.0733     7.7074    235.427    7.84353  239.58468     98.265 -9.990e-29
   40.21810  -72.68876      2.807      2.785    17.7896    32.0605 -9.990e-29     0.0954 3.0279e+01  1023.0847    17.7891    23.0730     7.7115    235.551    7.84337  239.58010     98.318 -9.990e-29
   40.21810  -72.68876      2.796      2.774    17.7859    32.0605 -9.990e-29     0.1088 3.1851e+01  1023.0858    17.7855    23.0736     7.7115    235.554    7.84347  239.58396     98.318 -9.990e-29
   40.21810  -72.68876      2.797      2.776    17.7825    32.0605 -9.990e-29     0.1088 3.5643e+01  1023.0868    17.7820    23.0746     7.7119    235.564    7.84389  239.59659     98.317 -9.990e-29
   40.21810  -72.68876      2.796      2.774    17.7792    32.0608 -9.990e-29     0.0954 4.6556e+01  1023.0877    17.7787    23.0757     7.7120    235.566    7.84408  239.60075     98.316 -9.990e-29
   40.21810  -72.68876      2.786      2.765    17.7759    32.0617 -9.990e-29     0.1088 5.0897e+01  1023.0893    17.7754    23.0771     7.7113    235.544    7.84349  239.58232     98.315 -9.990e-29
   40.21810  -72.68876      2.796      2.774    17.7731    32.0627 -9.990e-29     0.0954 5.3841e+01  1023.0910    17.7727    23.0785     7.7105    235.520    7.84277  239.56106     98.313 -9.990e-29
   40.21810  -72.68876      2.786      2.765    17.7710    32.0633 -9.990e-29     0.1088 6.6480e+01  1023.0918    17.7706    23.0795     7.7097    235.497    7.84217  239.54326     98.311 -9.990e-29
   40.21810  -72.68876      2.786      2.765    17.7685    32.0637 -9.990e-29     0.0954 7.2331e+01  1023.0926    17.7680    23.0804     7.7092    235.481    7.84179  239.53202     98.309 -9.990e-29
   40.21810  -72.68876      2.786      2.765    17.7661    32.0643 -9.990e-29     0.0954 7.0524e+01  1023.0932    17.7656    23.0814     7.7089    235.473    7.84167  239.52894     98.306 -9.990e-29
   40.21810  -72.68876      2.766      2.744    17.7637    32.0654 -9.990e-29     0.1088 5.7599e+01  1023.0948    17.7632    23.0828     7.7044    235.337    7.84163  239.52811     98.250 -9.990e-29
   40.21810  -72.68874      2.777      2.755    17.7619    32.0669 -9.990e-29     0.0954 5.2348e+01  1023.0969    17.7614    23.0844     7.7085    235.462    7.84166  239.52907     98.302 -9.990e-29
   40.21810  -72.68874      2.777      2.755    17.7610    32.0683 -9.990e-29     0.0954 5.1617e+01  1023.0981    17.7606    23.0856     7.7083    235.456    7.84168  239.52980     98.299 -9.990e-29
   40.21810  -72.68874      2.766      2.744    17.7610    32.0692 -9.990e-29     0.0954 4.3727e+01  1023.0987    17.7606    23.0864     7.7128    235.592    7.84168  239.52989     98.356 -9.990e-29
   40.21810  -72.68874      2.756      2.735    17.7614    32.0692 -9.990e-29     0.1088 3.9296e+01  1023.0990    17.7609    23.0867     7.7083    235.455    7.84165  239.52893     98.299 -9.990e-29
   40.21810  -72.68874      2.756      2.735    17.7617    32.0692 -9.990e-29     0.0954 3.8748e+01  1023.0988    17.7613    23.0866     7.7084    235.458    7.84158  239.52674     98.301 -9.990e-29
   40.21810  -72.68874      2.756      2.735    17.7619    32.0692 -9.990e-29     0.0954 3.9186e+01  1023.0982    17.7614    23.0862     7.7080    235.445    7.84142  239.52198     98.298 -9.990e-29
   40.21810  -72.68874      2.746      2.725    17.7617    32.0688 -9.990e-29     0.1088 3.9407e+01  1023.0978    17.7613    23.0859     7.7075    235.432    7.84129  239.51795     98.294 -9.990e-29
   40.21810  -72.68874      2.746      2.725    17.7611    32.0688 -9.990e-29     0.0954 3.9407e+01  1023.0978    17.7606    23.0859     7.7022    235.269    7.84094  239.50672     98.231 -9.990e-29
   40.21810  -72.68874      2.735      2.714    17.7603    32.0688 -9.990e-29     0.0954 3.2275e+01  1023.0979    17.7599    23.0864     7.7051    235.358    7.83994  239.47578     98.281 -9.990e-29
   40.21810  -72.68874      2.735      2.714    17.7595    32.0695 -9.990e-29     0.1088 2.5992e+01  1023.0993    17.7590    23.0870     7.7036    235.311    7.83870  239.43806     98.276 -9.990e-29
   40.21810  -72.68874      2.726      2.705    17.7597    32.0701 -9.990e-29     0.0954 2.4758e+01  1023.0994    17.7592    23.0875     7.7021    235.266    7.83756  239.40375     98.272 -9.990e-29
   40.21810  -72.68874      2.715      2.694    17.7598    32.0705 -9.990e-29     0.0954 2.9226e+01  1023.0998    17.7594    23.0877     7.6961    235.083    7.83659  239.37476     98.207 -9.990e-29
   40.21810  -72.68874      2.726      2.705    17.7607    32.0707 -9.990e-29     0.0954 3.7748e+01  1023.0996    17.7603    23.0877     7.6995    235.189    7.83569  239.34795     98.262 -9.990e-29
   40.21810  -72.68874      2.716      2.695    17.7616    32.0707 -9.990e-29     0.1088 4.0383e+01  1023.0995    17.7611    23.0875     7.6941    235.023    7.83484  239.32266     98.204 -9.990e-29
   40.21810  -72.68874      2.705      2.684    17.7626    32.0707 -9.990e-29     0.0954 4.3937e+01  1023.0991    17.7621    23.0873     7.6976    235.131    7.83397  239.29680     98.259 -9.990e-29
   40.21810  -72.68874      2.705      2.684    17.7638    32.0707 -9.990e-29     0.0954 5.2896e+01  1023.0987    17.7633    23.0869     7.6923    234.969    7.83323  239.27475     98.201 -9.990e-29
   40.21810  -72.68874      2.696      2.675    17.7654    32.0707 -9.990e-29     0.0954 5.6113e+01  1023.0982    17.7650    23.0865     7.6910    234.929    7.83221  239.24384     98.197 -9.990e-29
   40.21810  -72.68874      2.696      2.675    17.7664    32.0709 -9.990e-29     0.0954 5.0427e+01  1023.0981    17.7659    23.0865     7.6894    234.884    7.83097  239.20641     98.193 -9.990e-29
   40.21810  -72.68874      2.685      2.664    17.7673    32.0714 -9.990e-29     0.1088 3.3923e+01  1023.0985    17.7668    23.0865     7.6883    234.850    7.83011  239.18109     98.189 -9.990e-29
   40.21810  -72.68874      2.675      2.654    17.7688    32.0714 -9.990e-29     0.0954 2.8980e+01  1023.0981    17.7684    23.0864     7.6877    234.831    7.82970  239.16909     98.186 -9.990e-29
   40.21810  -72.68874      2.675      2.654    17.7702    32.0714 -9.990e-29     0.1088 2.8019e+01  1023.0983    17.7698    23.0861     7.6871    234.813    7.82937  239.15897     98.183 -9.990e-29
   40.21810  -72.68874      2.645      2.624    17.7723    32.0712 -9.990e-29     0.0954 2.2124e+01  1023.0971    17.7718    23.0852     7.6861    234.783    7.82854  239.13396     98.180 -9.990e-29
   40.21810  -72.68874      2.665      2.645    17.7747    32.0701 -9.990e-29     0.0954 1.9550e+01  1023.0958    17.7743    23.0839     7.6849    234.747    7.82757  239.10440     98.178 -9.990e-29
   40.21810  -72.68874      2.654      2.634    17.7773    32.0687 -9.990e-29     0.0954 1.9385e+01  1023.0937    17.7768    23.0823     7.6882    234.848    7.82632  239.06716     98.235 -9.990e-29
   40.21810  -72.68874      2.645      2.624    17.7788    32.0676 -9.990e-29     0.0954 1.8901e+01  1023.0922    17.7784    23.0811     7.6871    234.817    7.82501  239.02817     98.238 -9.990e-29
   40.21810  -72.68874      2.624      2.604    17.7790    32.0669 -9.990e-29     0.1088 1.8585e+01  1023.0917    17.7786    23.0804     7.6875    234.830    7.82464  239.01906     98.247 -9.990e-29
   40.21810  -72.68874      2.624      2.604    17.7795    32.0667 -9.990e-29     0.0954 1.8585e+01  1023.0916    17.7791    23.0801     7.6843    234.734    7.82542  239.04354     98.197 -9.990e-29
   40.21810  -72.68874      2.604      2.584    17.7799    32.0667 -9.990e-29     0.1088 1.9223e+01  1023.0913    17.7795    23.0799     7.6857    234.775    7.82643  239.07389     98.202 -9.990e-29
   40.21810  -72.68874      2.604      2.584    17.7802    32.0667 -9.990e-29     0.1088 1.9715e+01  1023.0909    17.7798    23.0797     7.6865    234.798    7.82728  239.09951     98.201 -9.990e-29
   40.21810  -72.68874      2.594      2.574    17.7806    32.0667 -9.990e-29     0.0954 1.9826e+01  1023.0908    17.7801    23.0799     7.6871    234.817    7.82798  239.12034     98.200 -9.990e-29
   40.21810  -72.68874      2.584      2.564    17.7803    32.0676 -9.990e-29     0.0954 2.2249e+01  1023.0920    17.7799    23.0806     7.6875    234.828    7.82838  239.13187     98.200 -9.990e-29
   40.21810  -72.68874      2.573      2.554    17.7806    32.0684 -9.990e-29     0.0954 2.5109e+01  1023.0928    17.7801    23.0810     7.6873    234.821    7.82867  239.14025     98.194 -9.990e-29
   40.21810  -72.68874      2.554      2.534    17.7818    32.0685 -9.990e-29     0.1088 2.5752e+01  1023.0922    17.7814    23.0810     7.6924    234.976    7.82906  239.15241     98.254 -9.990e-29
   40.21810  -72.68874      2.543      2.524    17.7826    32.0685 -9.990e-29     0.0954 2.7550e+01  1023.0919    17.7822    23.0807     7.6928    234.991    7.82960  239.16858     98.253 -9.990e-29
   40.21810  -72.68874      2.533      2.514    17.7839    32.0685 -9.990e-29     0.1088 3.0657e+01  1023.0912    17.7834    23.0804     7.6931    234.998    7.82991  239.17769     98.253 -9.990e-29
   40.21810  -72.68874      2.524      2.504    17.7851    32.0685 -9.990e-29     0.0954 3.1531e+01  1023.0918    17.7847    23.0801     7.6933    235.004    7.83016  239.18486     98.252 -9.990e-29
   40.21810  -72.68874      2.513      2.494    17.7878    32.0683 -9.990e-29     0.0954 3.2430e+01  1023.0905    17.7874    23.0793     7.6980    235.147    7.83030  239.18856     98.310 -9.990e-29
   40.21810  -72.68874      2.503      2.484    17.7899    32.0672 -9.990e-29     0.0954 3.4626e+01  1023.0891    17.7895    23.0780     7.6985    235.162    7.83045  239.19312     98.315 -9.990e-29
   40.21810  -72.68874      2.483      2.464    17.7913    32.0655 -9.990e-29     0.1088 3.5314e+01  1023.0879    17.7909    23.0764     7.6988    235.173    7.83055  239.19568     98.318 -9.990e-29
   40.21810  -72.68874      2.473      2.454    17.7920    32.0655 -9.990e-29     0.0954 3.2917e+01  1023.0844    17.7916    23.0751     7.6990    235.177    7.83003  239.17884     98.327 -9.990e-29
   40.21810  -72.68874      2.463      2.444    17.7894    32.0655 -9.990e-29     0.0954 2.5343e+01  1023.0845    17.7890    23.0760     7.6940    235.024    7.82899  239.14711     98.276 -9.990e-29
   40.21810  -72.68874      2.452      2.434    17.7856    32.0681 -9.990e-29     0.1088 2.2839e+01  1023.0914    17.7852    23.0791     7.6981    235.149    7.82818  239.12288     98.338 -9.990e-29
   40.21810  -72.68874      2.432      2.413    17.7884    32.0692 -9.990e-29     0.0954 2.1772e+01  1023.0935    17.7880    23.0809     7.6985    235.164    7.82797  239.11762     98.347 -9.990e-29
   40.21810  -72.68874      2.432      2.413    17.7939    32.0692 -9.990e-29     0.0954 1.5935e+01  1023.0905    17.7935    23.0798     7.6993    235.186    7.82804  239.12019     98.355 -9.990e-29
   40.21810  -72.68874      2.402      2.383    17.7984    32.0692 -9.990e-29     0.0954 1.3740e+01  1023.0881    17.7980    23.0776     7.6998    235.201    7.82792  239.11643     98.363 -9.990e-29
   40.21810  -72.68874      2.403      2.384    17.8015    32.0674 -9.990e-29     0.1088 1.3663e+01  1023.0860    17.8011    23.0756     7.7048    235.354    7.82764  239.10769     98.430 -9.990e-29
   40.21810  -72.68874      2.381      2.363    17.8029    32.0656 -9.990e-29     0.0954 1.5333e+01  1023.0841    17.8025    23.0738     7.7007    235.231    7.82728  239.09672     98.383 -9.990e-29
   40.21810  -72.68874      2.371      2.353    17.8038    32.0640 -9.990e-29     0.0954 1.6357e+01  1023.0823    17.8034    23.0723     7.7012    235.245    7.82717  239.09390     98.390 -9.990e-29
   40.21810  -72.68874      2.351      2.333    17.8039    32.0629 -9.990e-29     0.1088 1.6496e+01  1023.0814    17.8035    23.0714     7.7016    235.259    7.82754  239.10573     98.391 -9.990e-29
   40.21810  -72.68874      2.341      2.323    17.8038    32.0624 -9.990e-29     0.1088 2.1246e+01  1023.0812    17.8034    23.0709     7.7074    235.437    7.82820  239.12643     98.457 -9.990e-29
   40.21810  -72.68874      2.311      2.293    17.8039    32.0621 -9.990e-29     0.0954 2.5600e+01  1023.0808    17.8035    23.0707     7.7096    235.506    7.82952  239.16760     98.469 -9.990e-29
   40.21810  -72.68874      2.311      2.293    17.8042    32.0621 -9.990e-29     0.1088 2.6330e+01  1023.0805    17.8039    23.0704     7.7131    235.612    7.83166  239.23310     98.486 -9.990e-29
   40.21810  -72.68874      2.290      2.273    17.8048    32.0621 -9.990e-29     0.0954 2.4751e+01  1023.0802    17.8044    23.0703     7.7160    235.699    7.83368  239.29464     98.497 -9.990e-29
