CalculateIndicators/WaterTemperature/Data/CTD_NYOS/20231004_C12.cnv
* Sea-Bird SBE 9 Data File:
* FileName = C:\Seabird 9 CTD\Data\2023\202309_offshore\20231004_C12.hex
* Software Version Seasave V 7.23.2
* Temperature SN = 4590
* Conductivity SN = 3228
* Number of Bytes Per Scan = 44
* Number of Voltage Words = 5
* Number of Scans Averaged by the Deck Unit = 1
* NMEA Latitude = 39 32.82 N
* NMEA Longitude = 072 14.47 W
* NMEA UTC (Time) = Oct 04 2023  06:56:41
* NMEA baud rate = 4800
** Ship: seawolf
** Station: 9.6
** Operator: tcm
# nquan = 18
# nvalues = 2736                        
# units = specified
# name 0 = latitude: Latitude [deg]
# name 1 = longitude: Longitude [deg]
# name 2 = prDM: Pressure, Digiquartz [db]
# name 3 = depSM: Depth [salt water, m]
# name 4 = t090C: Temperature [ITS-90, deg C]
# name 5 = sal00: Salinity, Practical [PSU]
# name 6 = ph: pH
# name 7 = flECO-AFL: Fluorescence, WET Labs ECO-AFL/FL [mg/m^3]
# name 8 = cpar: CPAR/Corrected Irradiance [%]
# name 9 = density00: Density [density, kg/m^3]
# name 10 = potemp090C: Potential Temperature [ITS-90, deg C]
# name 11 = sigma-é00: Density [sigma-theta, kg/m^3]
# name 12 = sbeox0Mg/L: Oxygen, SBE 43 [mg/l]
# name 13 = sbox0Mm/Kg: Oxygen, SBE 43 [umol/kg]
# name 14 = oxsolMg/L: Oxygen Saturation, Garcia & Gordon [mg/l]
# name 15 = oxsolMm/Kg: Oxygen Saturation, Garcia & Gordon [umol/kg]
# name 16 = sbeox0PS: Oxygen, SBE 43 [% saturation]
# name 17 = flag:  0.000e+00
# span 0 =   39.54688,   39.54712       
# span 1 =  -72.24168,  -72.24134       
# span 2 =     -0.068,     35.252       
# span 3 =     -0.068,     34.981       
# span 4 =    18.1141,    18.4461       
# span 5 =    32.8254,   109.6512       
# span 6 =      7.995,      9.179       
# span 7 =     0.1759,     0.3103       
# span 8 = 5.0640e-11, 9.9999e+04       
# span 9 =  1005.7239,  1298.8938       
# span 10 =    18.1123,    19.0137      
# span 11 =    23.5220,   136.4000      
# span 12 =     4.3127,     7.9806      
# span 13 =    131.514,    243.654      
# span 14 =    7.63707,    7.75834      
# span 15 =  232.88826,  236.86065      
# span 16 =     75.225,     98.406      
# span 17 = 0.0000e+00, 0.0000e+00      
# interval = seconds: 0.0416667
# start_time = Oct 04 2023 06:56:42 [System UTC, first data scan.]
# bad_flag = -9.990e-29
*END*
[from data line 1609]
 -9.990e-29  -72.24154      2.247      2.230    18.3564    32.8747      8.000     0.2297 9.9999e+04  1023.5678    18.3561    23.5579     6.8093    207.897    7.72108  235.73453     88.191 -9.990e-29
 -9.990e-29  -72.24154      2.277      2.260    18.3568    32.8749      8.000     0.2162 9.9999e+04  1023.5679    18.3564    23.5580     6.8139    208.038    7.72110  235.73509     88.251 -9.990e-29
 -9.990e-29  -72.24154      2.277      2.260    18.3566    32.8751      8.000     0.2297 9.9999e+04  1023.5680    18.3563    23.5581     6.8134    208.023    7.72109  235.73507     88.244 -9.990e-29
 -9.990e-29  -72.24154      2.307      2.290    18.3566    32.8754      8.000     0.2162 9.9999e+04  1023.5683    18.3562    23.5583     6.8138    208.034    7.72110  235.73532     88.249 -9.990e-29
 -9.990e-29  -72.24154      2.318      2.301    18.3568    32.8758      8.000     0.2162 9.9999e+04  1023.5687    18.3564    23.5586     6.8096    207.905    7.72111  235.73569     88.194 -9.990e-29
 -9.990e-29  -72.24154      2.339      2.321    18.3568    32.8758      8.000     0.2297 9.9999e+04  1023.5696    18.3564    23.5588     6.8041    207.737    7.72111  235.73566     88.123 -9.990e-29
 -9.990e-29  -72.24154      2.349      2.331    18.3578    32.8758      8.000     0.2297 9.9999e+04  1023.5686    18.3574    23.5586     6.8124    207.990    7.72111  235.73535     88.230 -9.990e-29
 -9.990e-29  -72.24154      2.379      2.361    18.3582    32.8756      8.000     0.2297 9.9999e+04  1023.5687    18.3578    23.5582     6.8086    207.875    7.72113  235.73578     88.181 -9.990e-29
 -9.990e-29  -72.24154      2.389      2.370    18.3589    32.8753      8.000     0.2162 9.9999e+04  1023.5681    18.3584    23.5578     6.8077    207.848    7.72118  235.73712     88.169 -9.990e-29
 -9.990e-29  -72.24154      2.409      2.391    18.3593    32.8751      8.000     0.2162 9.9999e+04  1023.5679    18.3588    23.5575     6.8119    207.976    7.72124  235.73889     88.223 -9.990e-29
 -9.990e-29  -72.24154      2.419      2.400    18.3598    32.8750      8.000     0.2162 9.9999e+04  1023.5679    18.3594    23.5573     6.8031    207.708    7.72132  235.74109     88.109 -9.990e-29
 -9.990e-29  -72.24154      2.449      2.430    18.3602    32.8750      8.000     0.2162 9.9999e+04  1023.5678    18.3598    23.5572     6.8073    207.836    7.72136  235.74248     88.162 -9.990e-29
 -9.990e-29  -72.24154      2.460      2.441    18.3606    32.8750      8.000     0.2162 9.9999e+04  1023.5679    18.3602    23.5572     6.8073    207.835    7.72133  235.74144     88.162 -9.990e-29
 -9.990e-29  -72.24154      2.481      2.462    18.3610    32.8749      8.000     0.2162 9.9999e+04  1023.5680    18.3606    23.5570     6.8064    207.807    7.72129  235.74060     88.151 -9.990e-29
 -9.990e-29  -72.24154      2.500      2.481    18.3618    32.8746      8.000     0.2162 9.9999e+04  1023.5674    18.3614    23.5566     6.8064    207.806    7.72124  235.73925     88.151 -9.990e-29
 -9.990e-29  -72.24154      2.520      2.501    18.3623    32.8743      8.000     0.2162 9.9999e+04  1023.5672    18.3619    23.5562     6.8022    207.679    7.72122  235.73864     88.097 -9.990e-29
 -9.990e-29  -72.24154      2.530      2.511    18.3627    32.8741      8.000     0.2162 9.9999e+04  1023.5670    18.3623    23.5559     6.8064    207.807    7.72114  235.73635     88.152 -9.990e-29
 -9.990e-29  -72.24154      2.551      2.531    18.3636    32.8739      8.000     0.2162 9.9999e+04  1023.5665    18.3632    23.5556     6.8018    207.668    7.72112  235.73604     88.094 -9.990e-29
 -9.990e-29  -72.24154      2.560      2.541    18.3638    32.8736      8.000     0.2028 9.9999e+04  1023.5666    18.3634    23.5553     6.8006    207.631    7.72108  235.73481     88.078 -9.990e-29
 -9.990e-29  -72.24154      2.582      2.563    18.3644    32.8734      8.000     0.2028 9.9999e+04  1023.5660    18.3640    23.5550     6.8045    207.749    7.72109  235.73521     88.128 -9.990e-29
 -9.990e-29  -72.24154      2.590      2.571    18.3646    32.8731      8.000     0.2162 9.9999e+04  1023.5662    18.3642    23.5547     6.8046    207.753    7.72111  235.73564     88.130 -9.990e-29
 -9.990e-29  -72.24154      2.601      2.582    18.3649    32.8727      8.000     0.2028 9.9999e+04  1023.5656    18.3644    23.5543     6.8051    207.770    7.72109  235.73527     88.137 -9.990e-29
 -9.990e-29  -72.24154      2.622      2.602    18.3655    32.8724      8.000     0.2028 9.9999e+04  1023.5651    18.3650    23.5540     6.8053    207.774    7.72104  235.73379     88.139 -9.990e-29
 -9.990e-29  -72.24154      2.632      2.612    18.3653    32.8723      8.000     0.2028 9.9999e+04  1023.5656    18.3649    23.5539     6.8008    207.638    7.72100  235.73242     88.082 -9.990e-29
 -9.990e-29  -72.24154      2.641      2.621    18.3655    32.8720      8.000     0.2162 9.9999e+04  1023.5652    18.3650    23.5536     6.8047    207.758    7.72095  235.73096     88.133 -9.990e-29
 -9.990e-29  -72.24154      2.652      2.632    18.3658    32.8717      8.000     0.2028 9.9999e+04  1023.5649    18.3653    23.5534     6.7994    207.596    7.72091  235.72970     88.065 -9.990e-29
 -9.990e-29  -72.24154      2.672      2.651    18.3660    32.8715      8.000     0.2028 9.9999e+04  1023.5647    18.3656    23.5532     6.8038    207.729    7.72089  235.72884     88.122 -9.990e-29
 -9.990e-29  -72.24154      2.683      2.662    18.3660    32.8713      8.000     0.2028 9.9999e+04  1023.5648    18.3656    23.5530     6.7994    207.595    7.72084  235.72760     88.066 -9.990e-29
 -9.990e-29  -72.24154      2.683      2.662    18.3661    32.8713      8.000     0.2028 9.9999e+04  1023.5645    18.3656    23.5530     6.8038    207.729    7.72080  235.72616     88.123 -9.990e-29
 -9.990e-29  -72.24154      2.692      2.672    18.3660    32.8713      8.000     0.2028 9.9999e+04  1023.5647    18.3655    23.5530     6.7991    207.584    7.72077  235.72536     88.062 -9.990e-29
 -9.990e-29  -72.24154      2.702      2.681    18.3660    32.8713      8.000     0.2028 2.0271e+00  1023.5648    18.3655    23.5530     6.8026    207.692    7.72070  235.72325     88.108 -9.990e-29
 -9.990e-29  -72.24154      2.713      2.692    18.3661    32.8713      8.000     0.2162 2.1857e+00  1023.5647    18.3656    23.5529     6.8028    207.700    7.72067  235.72219     88.112 -9.990e-29
 -9.990e-29  -72.24154      2.713      2.692    18.3660    32.8713      8.000     0.2162 2.8621e+00  1023.5648    18.3655    23.5529     6.8082    207.862    7.72065  235.72183     88.181 -9.990e-29
 -9.990e-29  -72.24154      2.733      2.713    18.3658    32.8712      8.000     0.2028 5.7928e+00  1023.5648    18.3654    23.5529     6.7993    207.591    7.72064  235.72133     88.066 -9.990e-29
 -9.990e-29  -72.24154      2.733      2.713    18.3658    32.8712      8.000     0.2028 7.1994e+00  1023.5647    18.3653    23.5529     6.7919    207.364    7.72039  235.71323     87.973 -9.990e-29
 -9.990e-29  -72.24154      2.743      2.722    18.3652    32.8712      8.000     0.2028 7.4906e+00  1023.5651    18.3647    23.5530     6.8143    208.050    7.72082  235.72753     88.259 -9.990e-29
 -9.990e-29  -72.24154      2.733      2.713    18.3652    32.8714      8.000     0.2028 9.2120e+00  1023.5650    18.3647    23.5533     6.8035    207.720    7.72056  235.71885     88.122 -9.990e-29
 -9.990e-29  -72.24154      2.753      2.732    18.3647    32.8717      8.000     0.2162 1.0146e+01  1023.5655    18.3643    23.5536     6.8043    207.744    7.72053  235.71816     88.132 -9.990e-29
 -9.990e-29  -72.24154      2.753      2.732    18.3644    32.8719      8.000     0.2028 9.6710e+00  1023.5660    18.3640    23.5538     6.8047    207.757    7.72057  235.71946     88.137 -9.990e-29
 -9.990e-29  -72.24154      2.753      2.732    18.3646    32.8720      8.000     0.2028 4.3185e+00  1023.5659    18.3642    23.5539     6.8088    207.883    7.72056  235.71907     88.191 -9.990e-29
 -9.990e-29  -72.24154      2.764      2.743    18.3646    32.8721      8.000     0.2028 2.2395e+00  1023.5659    18.3641    23.5540     6.8005    207.627    7.72059  235.71999     88.082 -9.990e-29
 -9.990e-29  -72.24154      2.753      2.732    18.3644    32.8722      8.000     0.2028 2.0795e+00  1023.5661    18.3640    23.5540     6.8051    207.768    7.72061  235.72064     88.141 -9.990e-29
 -9.990e-29  -72.24154      2.764      2.743    18.3644    32.8723      8.000     0.2028 7.5893e+00  1023.5660    18.3640    23.5541     6.8092    207.893    7.72058  235.71979     88.195 -9.990e-29
 -9.990e-29  -72.24154      2.753      2.732    18.3639    32.8724      8.000     0.2028 1.4266e+01  1023.5664    18.3634    23.5542     6.8008    207.637    7.72058  235.71969     88.087 -9.990e-29
 -9.990e-29  -72.24154      2.764      2.743    18.3638    32.8725      8.000     0.2028 1.5608e+01  1023.5663    18.3634    23.5544     6.8100    207.919    7.72058  235.71981     88.206 -9.990e-29
 -9.990e-29  -72.24154      2.764      2.743    18.3636    32.8726      8.000     0.2028 1.2823e+01  1023.5667    18.3631    23.5545     6.8155    208.086    7.72062  235.72120     88.276 -9.990e-29
 -9.990e-29  -72.24154      2.764      2.743    18.3636    32.8726      8.000     0.2162 1.0637e+01  1023.5667    18.3631    23.5546     6.8034    207.718    7.72067  235.72270     88.120 -9.990e-29
 -9.990e-29  -72.24154      2.754      2.733    18.3637    32.8726      8.000     0.2162 1.0267e+01  1023.5664    18.3632    23.5546     6.8081    207.860    7.72068  235.72304     88.180 -9.990e-29
 -9.990e-29  -72.24154      2.753      2.732    18.3636    32.8726      8.000     0.2028 8.2342e+00  1023.5668    18.3631    23.5546     6.8128    208.003    7.72074  235.72478     88.240 -9.990e-29
 -9.990e-29  -72.24154      2.764      2.743    18.3636    32.8724      8.000     0.2028 5.8489e+00  1023.5666    18.3631    23.5544     6.8040    207.737    7.72077  235.72560     88.126 -9.990e-29
 -9.990e-29  -72.24154      2.753      2.732    18.3638    32.8721      8.000     0.2162 5.3015e+00  1023.5660    18.3634    23.5542     6.8087    207.879    7.72080  235.72638     88.187 -9.990e-29
 -9.990e-29  -72.24154      2.753      2.732    18.3638    32.8721      8.000     0.2028 9.0253e+00  1023.5660    18.3633    23.5541     6.8139    208.037    7.72087  235.72849     88.253 -9.990e-29
 -9.990e-29  -72.24154      2.753      2.732    18.3638    32.8721      8.000     0.2162 2.2249e+01  1023.5659    18.3633    23.5541     6.8057    207.786    7.72095  235.73080     88.146 -9.990e-29
 -9.990e-29  -72.24154      2.743      2.722    18.3637    32.8723      8.000     0.2028 2.8633e+01  1023.5660    18.3632    23.5543     6.8100    207.917    7.72097  235.73128     88.201 -9.990e-29
 -9.990e-29  -72.24154      2.753      2.732    18.3634    32.8730      8.000     0.2028 2.5476e+01  1023.5669    18.3629    23.5550     6.8143    208.049    7.72105  235.73371     88.256 -9.990e-29
 -9.990e-29  -72.24154      2.753      2.732    18.3629    32.8739      8.000     0.2028 1.7837e+01  1023.5679    18.3624    23.5557     6.8106    207.937    7.72105  235.73361     88.208 -9.990e-29
 -9.990e-29  -72.24154      2.733      2.713    18.3624    32.8746      8.000     0.2162 1.5608e+01  1023.5684    18.3619    23.5564     6.8107    207.939    7.72105  235.73367     88.209 -9.990e-29
 -9.990e-29  -72.24154      2.743      2.722    18.3618    32.8751      8.000     0.2028 1.5719e+01  1023.5689    18.3613    23.5569     6.8154    208.083    7.72111  235.73540     88.270 -9.990e-29
 -9.990e-29  -72.24154      2.753      2.732    18.3611    32.8751      8.000     0.2028 1.6344e+01  1023.5694    18.3607    23.5573     6.8072    207.832    7.72113  235.73596     88.163 -9.990e-29
 -9.990e-29  -72.24154      2.724      2.703    18.3608    32.8751      8.000     0.2028 1.6518e+01  1023.5695    18.3603    23.5573     6.8110    207.948    7.72112  235.73585     88.212 -9.990e-29
 -9.990e-29  -72.24154      2.733      2.713    18.3613    32.8749      8.000     0.2028 1.6929e+01  1023.5689    18.3608    23.5569     6.8157    208.091    7.72113  235.73591     88.273 -9.990e-29
 -9.990e-29  -72.24154      2.722      2.702    18.3618    32.8742      8.000     0.2162 2.4816e+01  1023.5679    18.3614    23.5562     6.8069    207.825    7.72111  235.73559     88.160 -9.990e-29
 -9.990e-29  -72.24154      2.733      2.713    18.3624    32.8735      8.000     0.2028 3.0823e+01  1023.5674    18.3619    23.5556     6.8158    208.096    7.72115  235.73671     88.275 -9.990e-29
 -9.990e-29  -72.24154      2.722      2.702    18.3626    32.8729      8.000     0.2028 3.0823e+01  1023.5670    18.3622    23.5550     6.8117    207.969    7.72112  235.73573     88.221 -9.990e-29
 -9.990e-29  -72.24154      2.724      2.703    18.3634    32.8723      8.000     0.2028 1.8849e+01  1023.5663    18.3629    23.5544     6.8113    207.959    7.72115  235.73657     88.217 -9.990e-29
 -9.990e-29  -72.24154      2.713      2.692    18.3638    32.8717      8.000     0.2028 1.3160e+01  1023.5655    18.3633    23.5539     6.8160    208.100    7.72114  235.73638     88.277 -9.990e-29
 -9.990e-29  -72.24154      2.702      2.681    18.3641    32.8712      8.000     0.2162 1.2492e+01  1023.5652    18.3637    23.5534     6.8068    207.819    7.72112  235.73581     88.158 -9.990e-29
 -9.990e-29  -72.24154      2.702      2.681    18.3642    32.8710      8.000     0.2028 1.6576e+01  1023.5648    18.3637    23.5532     6.8060    207.796    7.72122  235.73877     88.147 -9.990e-29
 -9.990e-29  -72.24154      2.702      2.681    18.3641    32.8710      8.000     0.2028 2.1229e+01  1023.5648    18.3637    23.5531     6.8102    207.924    7.72124  235.73939     88.201 -9.990e-29
 -9.990e-29  -72.24154      2.692      2.672    18.3641    32.8710      8.000     0.2162 2.2249e+01  1023.5649    18.3637    23.5531     6.8057    207.785    7.72126  235.73982     88.142 -9.990e-29
 -9.990e-29  -72.24154      2.683      2.662    18.3646    32.8710      8.000     0.2162 2.5392e+01  1023.5646    18.3641    23.5531     6.8099    207.914    7.72123  235.73895     88.197 -9.990e-29
 -9.990e-29  -72.24154      2.672      2.651    18.3646    32.8712      8.000     0.2162 3.0432e+01  1023.5650    18.3642    23.5532     6.8145    208.057    7.72127  235.74002     88.257 -9.990e-29
 -9.990e-29  -72.24154      2.672      2.651    18.3650    32.8714      8.000     0.2028 3.1821e+01  1023.5649    18.3645    23.5533     6.8054    207.776    7.72126  235.74009     88.138 -9.990e-29
 -9.990e-29  -72.24154      2.652      2.632    18.3652    32.8716      8.000     0.2028 2.7993e+01  1023.5648    18.3648    23.5534     6.8095    207.904    7.72125  235.73963     88.192 -9.990e-29
 -9.990e-29  -72.24154      2.652      2.632    18.3652    32.8718      8.000     0.2162 2.1807e+01  1023.5654    18.3647    23.5535     6.8092    207.892    7.72128  235.74038     88.187 -9.990e-29
 -9.990e-29  -72.24154      2.641      2.621    18.3656    32.8718      8.000     0.2028 2.0249e+01  1023.5648    18.3652    23.5534     6.8092    207.893    7.72127  235.74008     88.187 -9.990e-29
 -9.990e-29  -72.24154      2.632      2.612    18.3659    32.8718      8.000     0.2028 2.0181e+01  1023.5648    18.3655    23.5534     6.8133    208.020    7.72127  235.74025     88.241 -9.990e-29
 -9.990e-29 -9.990e-29      2.632      2.612    18.3660    32.8719      8.000     0.2162 1.9908e+01  1023.5650    18.3656    23.5534     6.8045    207.751    7.72127  235.74007     88.127 -9.990e-29
 -9.990e-29 -9.990e-29      2.611      2.591    18.3665    32.8719      8.000     0.2162 1.9773e+01  1023.5647    18.3661    23.5533     6.8083    207.866    7.72129  235.74073     88.176 -9.990e-29
