CalculateIndicators/WaterTemperature/Data/CTD_NYOS/20231004_C16.cnv
* Sea-Bird SBE 9 Data File:
* FileName = C:\Seabird 9 CTD\Data\2023\202309_offshore\20231004_C16.hex
* Software Version Seasave V 7.23.2
* Temperature SN = 4590
* Conductivity SN = 3228
* Number of Bytes Per Scan = 44
* Number of Voltage Words = 5
* Number of Scans Averaged by the Deck Unit = 1
* NMEA Latitude = 40 25.96 N
* NMEA Longitude = 072 49.68 W
* NMEA UTC (Time) = Oct 04 2023  20:34:24
* NMEA baud rate = 4800
** Ship: seawolf
** Station: 9.2
** Operator: TDK
# nquan = 18
# nvalues = 11580                       
# units = specified
# name 0 = latitude: Latitude [deg]
# name 1 = longitude: Longitude [deg]
# name 2 = prDM: Pressure, Digiquartz [db]
# name 3 = depSM: Depth [salt water, m]
# name 4 = t090C: Temperature [ITS-90, deg C]
# name 5 = sal00: Salinity, Practical [PSU]
# name 6 = ph: pH
# name 7 = flECO-AFL: Fluorescence, WET Labs ECO-AFL/FL [mg/m^3]
# name 8 = cpar: CPAR/Corrected Irradiance [%]
# name 9 = density00: Density [density, kg/m^3]
# name 10 = potemp090C: Potential Temperature [ITS-90, deg C]
# name 11 = sigma-é00: Density [sigma-theta, kg/m^3]
# name 12 = sbeox0Mg/L: Oxygen, SBE 43 [mg/l]
# name 13 = sbox0Mm/Kg: Oxygen, SBE 43 [umol/kg]
# name 14 = oxsolMg/L: Oxygen Saturation, Garcia & Gordon [mg/l]
# name 15 = oxsolMm/Kg: Oxygen Saturation, Garcia & Gordon [umol/kg]
# name 16 = sbeox0PS: Oxygen, SBE 43 [% saturation]
# name 17 = flag:  0.000e+00
# span 0 =   40.43272,   40.43314       
# span 1 =  -72.82800,  -72.82686       
# span 2 =      1.934,     35.509       
# span 3 =      1.919,     35.233       
# span 4 =    17.3220,    19.2642       
# span 5 =    31.7975,    31.9449       
# span 6 =      7.943,      8.001       
# span 7 =     0.2028,     1.4653       
# span 8 = 6.6129e-02, 6.3474e+01       
# span 9 =  1022.5711,  1023.2213       
# span 10 =    17.3163,    19.2638      
# span 11 =    22.5707,    23.0669      
# span 12 =     6.9108,     7.8572      
# span 13 =    211.096,    240.051      
# span 14 =    7.63657,    7.92333      
# span 15 =  233.37762,  242.00735      
# span 16 =     87.261,    101.625      
# span 17 = 0.0000e+00, 0.0000e+00      
# interval = seconds: 0.0416667
# start_time = Oct 04 2023 20:34:24 [System UTC, first data scan.]
# bad_flag = -9.990e-29
*END*
[from data line 1689]
 -9.990e-29 -9.990e-29     29.890     29.658    17.6724    31.9414      7.970     0.2431 1.9295e-01  1023.1417    17.6675    23.0109     6.9819    213.280    7.86788  240.34386     88.740 0.0000e+00
 -9.990e-29 -9.990e-29     29.901     29.669    17.6725    31.9414      7.965     0.2431 1.9346e-01  1023.1418    17.6676    23.0109     6.9781    213.162    7.86795  240.34572     88.690 0.0000e+00
 -9.990e-29 -9.990e-29     29.921     29.688    17.6724    31.9413      7.970     0.2431 1.9342e-01  1023.1418    17.6675    23.0108     6.9828    213.306    7.86793  240.34514     88.750 0.0000e+00
 -9.990e-29 -9.990e-29     29.932     29.699    17.6723    31.9413      7.970     0.2431 1.8982e-01  1023.1417    17.6674    23.0108     6.9786    213.178    7.86793  240.34526     88.697 0.0000e+00
 -9.990e-29 -9.990e-29     29.962     29.729    17.6724    31.9413      7.970     0.2431 1.8828e-01  1023.1419    17.6675    23.0108     6.9793    213.199    7.86800  240.34749     88.705 0.0000e+00
 -9.990e-29 -9.990e-29     29.983     29.749    17.6723    31.9413      7.970     0.2431 1.8798e-01  1023.1419    17.6674    23.0109     6.9796    213.210    7.86807  240.34953     88.708 0.0000e+00
 -9.990e-29 -9.990e-29     30.002     29.769    17.6721    31.9414      7.965     0.2431 1.8793e-01  1023.1424    17.6671    23.0110     6.9801    213.224    7.86817  240.35263     88.713 0.0000e+00
 -9.990e-29 -9.990e-29     30.024     29.790    17.6721    31.9414      7.970     0.2431 1.8793e-01  1023.1425    17.6672    23.0110     6.9802    213.227    7.86827  240.35561     88.713 0.0000e+00
 -9.990e-29 -9.990e-29     30.053     29.819    17.6723    31.9414      7.965     0.2431 1.8739e-01  1023.1423    17.6673    23.0110     6.9808    213.246    7.86836  240.35833     88.720 0.0000e+00
 -9.990e-29 -9.990e-29     30.073     29.840    17.6723    31.9415      7.965     0.2431 1.8582e-01  1023.1426    17.6674    23.0110     6.9764    213.111    7.86848  240.36204     88.662 -9.990e-29
 -9.990e-29 -9.990e-29     30.075     29.841    17.6721    31.9415      7.970     0.2431 1.8636e-01  1023.1429    17.6671    23.0111     6.9811    213.254    7.86866  240.36767     88.720 -9.990e-29
   40.43278  -72.82786     30.104     29.870    17.6721    31.9415 -9.990e-29     0.2431 1.8680e-01  1023.1428    17.6672    23.0111     6.9769    213.125    7.86885  240.37323     88.664 0.0000e+00
   40.43278  -72.82786     30.135     29.901    17.6721    31.9414 -9.990e-29     0.2431 1.8592e-01  1023.1428    17.6671    23.0110     6.9770    213.130    7.86904  240.37918     88.664 0.0000e+00
   40.43278  -72.82786     30.145     29.911    17.6721    31.9414 -9.990e-29     0.2431 1.8616e-01  1023.1429    17.6672    23.0110     6.9774    213.142    7.86937  240.38943     88.665 0.0000e+00
   40.43278  -72.82786     30.177     29.942    17.6721    31.9414 -9.990e-29     0.2565 1.8736e-01  1023.1432    17.6671    23.0110     6.9779    213.157    7.86973  240.40027     88.667 0.0000e+00
   40.43278  -72.82786     30.196     29.961    17.6720    31.9414 -9.990e-29     0.2834 1.8480e-01  1023.1431    17.6670    23.0110     6.9785    213.175    7.87012  240.41220     88.671 0.0000e+00
   40.43278  -72.82786     30.217     29.982    17.6719    31.9414 -9.990e-29     0.2834 1.8286e-01  1023.1432    17.6669    23.0110     6.9787    213.182    7.87051  240.42415     88.669 0.0000e+00
   40.43278  -72.82786     30.247     30.012    17.6721    31.9415 -9.990e-29     0.2834 1.8554e-01  1023.1433    17.6671    23.0111     6.9791    213.192    7.87092  240.43647     88.669 0.0000e+00
   40.43278  -72.82786     30.258     30.023    17.6718    31.9415 -9.990e-29     0.2834 1.8819e-01  1023.1438    17.6668    23.0111     6.9747    213.059    7.87128  240.44746     88.609 0.0000e+00
   40.43278  -72.82786     30.298     30.063    17.6721    31.9415 -9.990e-29     0.2834 1.9263e-01  1023.1437    17.6671    23.0111     6.9747    213.059    7.87162  240.45773     88.606 0.0000e+00
   40.43278  -72.82786     30.319     30.083    17.6718    31.9414 -9.990e-29     0.2834 1.8638e-01  1023.1438    17.6668    23.0110     6.9794    213.204    7.87193  240.46693     88.663 0.0000e+00
   40.43278  -72.82786     30.328     30.093    17.6717    31.9414 -9.990e-29     0.2834 1.8113e-01  1023.1437    17.6667    23.0110     6.9796    213.207    7.87222  240.47586     88.661 0.0000e+00
   40.43278  -72.82786     30.359     30.123    17.6715    31.9414 -9.990e-29     0.2834 1.8527e-01  1023.1440    17.6664    23.0111     6.9749    213.066    7.87246  240.48278     88.599 0.0000e+00
   40.43278  -72.82786     30.379     30.143    17.6714    31.9414 -9.990e-29     0.2834 1.8704e-01  1023.1441    17.6663    23.0111     6.9751    213.072    7.87269  240.48973     88.599 0.0000e+00
   40.43278  -72.82786     30.421     30.184    17.6715    31.9415 -9.990e-29     0.2834 1.7961e-01  1023.1442    17.6664    23.0112     6.9750    213.068    7.87297  240.49847     88.594 0.0000e+00
   40.43278  -72.82786     30.440     30.203    17.6709    31.9415 -9.990e-29     0.2834 1.7694e-01  1023.1448    17.6659    23.0114     6.9801    213.222    7.87320  240.50515     88.656 0.0000e+00
   40.43278  -72.82786     30.472     30.235    17.6710    31.9415 -9.990e-29     0.2834 1.8072e-01  1023.1447    17.6659    23.0114     6.9757    213.089    7.87337  240.51046     88.599 0.0000e+00
   40.43278  -72.82786     30.481     30.244    17.6707    31.9415 -9.990e-29     0.2834 1.8335e-01  1023.1447    17.6656    23.0113     6.9758    213.091    7.87362  240.51809     88.597 0.0000e+00
   40.43278  -72.82786     30.512     30.274    17.6708    31.9415 -9.990e-29     0.2834 1.8687e-01  1023.1447    17.6657    23.0113     6.9759    213.095    7.87388  240.52591     88.596 0.0000e+00
   40.43278  -72.82786     30.542     30.304    17.6704    31.9414 -9.990e-29     0.2834 1.9363e-01  1023.1452    17.6653    23.0114     6.9761    213.100    7.87409  240.53240     88.595 0.0000e+00
   40.43278  -72.82786     30.553     30.315    17.6704    31.9414 -9.990e-29     0.2834 1.9677e-01  1023.1453    17.6654    23.0115     6.9717    212.966    7.87438  240.54122     88.536 0.0000e+00
   40.43278  -72.82786     30.603     30.365    17.6702    31.9414 -9.990e-29     0.2834 2.0067e-01  1023.1453    17.6651    23.0115     6.9716    212.964    7.87467  240.54996     88.532 0.0000e+00
   40.43278  -72.82786     30.623     30.385    17.6699    31.9414 -9.990e-29     0.2834 2.0730e-01  1023.1456    17.6648    23.0115     6.9764    213.110    7.87493  240.55791     88.590 0.0000e+00
   40.43278  -72.82786     30.654     30.415    17.6700    31.9414 -9.990e-29     0.2834 2.1505e-01  1023.1455    17.6649    23.0115     6.9723    212.984    7.87528  240.56843     88.534 0.0000e+00
   40.43278  -72.82784     30.674     30.436    17.6696    31.9415 -9.990e-29     0.2834 2.2072e-01  1023.1460    17.6645    23.0116     6.9725    212.992    7.87560  240.57829     88.534 0.0000e+00
   40.43278  -72.82784     30.695     30.456    17.6697    31.9417 -9.990e-29     0.2834 2.2696e-01  1023.1461    17.6646    23.0118     6.9729    213.003    7.87591  240.58782     88.534 0.0000e+00
   40.43278  -72.82784     30.735     30.496    17.6696    31.9417 -9.990e-29     0.2834 2.3236e-01  1023.1464    17.6645    23.0118     6.9728    213.001    7.87621  240.59677     88.530 0.0000e+00
   40.43278  -72.82784     30.746     30.507    17.6697    31.9417 -9.990e-29     0.2834 2.3606e-01  1023.1464    17.6646    23.0119     6.9728    213.001    7.87648  240.60494     88.527 0.0000e+00
   40.43278  -72.82784     30.776     30.537    17.6692    31.9417 -9.990e-29     0.2700 2.3842e-01  1023.1467    17.6641    23.0119     6.9687    212.875    7.87678  240.61387     88.472 0.0000e+00
   40.43278  -72.82784     30.817     30.578    17.6690    31.9416 -9.990e-29     0.2700 2.3994e-01  1023.1468    17.6639    23.0119     6.9732    213.013    7.87712  240.62440     88.525 0.0000e+00
   40.43278  -72.82784     30.837     30.597    17.6689    31.9415 -9.990e-29     0.2700 2.3900e-01  1023.1468    17.6638    23.0118     6.9736    213.023    7.87748  240.63520     88.525 0.0000e+00
   40.43278  -72.82784     30.857     30.618    17.6688    31.9414 -9.990e-29     0.2700 2.3698e-01  1023.1467    17.6637    23.0118     6.9740    213.036    7.87784  240.64639     88.526 0.0000e+00
   40.43278  -72.82784     30.878     30.638    17.6687    31.9414 -9.990e-29     0.2700 2.3369e-01  1023.1471    17.6636    23.0119     6.9749    213.063    7.87815  240.65563     88.534 0.0000e+00
   40.43278  -72.82784     30.929     30.689    17.6685    31.9414 -9.990e-29     0.2700 2.2856e-01  1023.1472    17.6633    23.0119     6.9705    212.930    7.87830  240.65977     88.477 0.0000e+00
   40.43278  -72.82784     30.950     30.709    17.6682    31.9415 -9.990e-29     0.2700 2.2346e-01  1023.1474    17.6631    23.0120     6.9703    212.923    7.87821  240.65664     88.476 0.0000e+00
   40.43278  -72.82784     30.969     30.728    17.6679    31.9417 -9.990e-29     0.2700 2.1806e-01  1023.1478    17.6628    23.0122     6.9702    212.918    7.87803  240.65108     88.476 0.0000e+00
   40.43278  -72.82784     31.010     30.769    17.6675    31.9418 -9.990e-29     0.2700 2.1035e-01  1023.1481    17.6624    23.0124     6.9701    212.917    7.87790  240.64699     88.477 0.0000e+00
   40.43278  -72.82784     31.020     30.779    17.6674    31.9419 -9.990e-29     0.2700 2.0358e-01  1023.1482    17.6623    23.0125     6.9703    212.922    7.87791  240.64727     88.479 0.0000e+00
   40.43278  -72.82784     31.050     30.809    17.6673    31.9419 -9.990e-29     0.2700 1.9752e-01  1023.1484    17.6622    23.0126     6.9705    212.930    7.87790  240.64740     88.482 0.0000e+00
   40.43278  -72.82784     31.082     30.840    17.6669    31.9419 -9.990e-29     0.2700 1.9092e-01  1023.1488    17.6617    23.0126     6.9756    213.086    7.87794  240.64853     88.547 0.0000e+00
   40.43278  -72.82784     31.101     30.860    17.6670    31.9419 -9.990e-29     0.2700 1.8522e-01  1023.1488    17.6618    23.0126     6.9713    212.954    7.87791  240.64755     88.492 0.0000e+00
   40.43278  -72.82784     31.122     30.880    17.6671    31.9418 -9.990e-29     0.2700 1.7982e-01  1023.1487    17.6619    23.0125     6.9717    212.965    7.87776  240.64270     88.498 0.0000e+00
   40.43278  -72.82784     31.143     30.901    17.6666    31.9416 -9.990e-29     0.2700 1.7545e-01  1023.1488    17.6615    23.0125     6.9715    212.960    7.87742  240.63246     88.500 0.0000e+00
   40.43278  -72.82784     31.183     30.940    17.6662    31.9415 -9.990e-29     0.2700 1.7201e-01  1023.1491    17.6610    23.0125     6.9668    212.815    7.87714  240.62391     88.443 0.0000e+00
   40.43278  -72.82784     31.203     30.961    17.6656    31.9414 -9.990e-29     0.2700 1.6843e-01  1023.1490    17.6604    23.0125     6.9665    212.807    7.87701  240.62004     88.441 0.0000e+00
   40.43278  -72.82784     31.234     30.991    17.6650    31.9413 -9.990e-29     0.2700 1.6499e-01  1023.1493    17.6598    23.0126     6.9616    212.658    7.87690  240.61684     88.381 0.0000e+00
   40.43278  -72.82784     31.254     31.011    17.6644    31.9412 -9.990e-29     0.2700 1.6184e-01  1023.1495    17.6592    23.0127     6.9659    212.789    7.87686  240.61583     88.435 0.0000e+00
   40.43278  -72.82784     31.285     31.041    17.6636    31.9410 -9.990e-29     0.2700 1.5967e-01  1023.1498    17.6584    23.0128     6.9615    212.655    7.87704  240.62171     88.377 0.0000e+00
   40.43278  -72.82784     31.305     31.062    17.6625    31.9408 -9.990e-29     0.2700 1.5754e-01  1023.1498    17.6573    23.0128     6.9661    212.795    7.87761  240.63956     88.429 0.0000e+00
   40.43278  -72.82784     31.336     31.092    17.6613    31.9404 -9.990e-29     0.2700 1.5581e-01  1023.1501    17.6562    23.0128     6.9671    212.824    7.87832  240.66083     88.433 0.0000e+00
   40.43278  -72.82784     31.366     31.122    17.6602    31.9398 -9.990e-29     0.2700 1.5416e-01  1023.1500    17.6551    23.0127     6.9627    212.692    7.87881  240.67572     88.373 0.0000e+00
   40.43278  -72.82784     31.377     31.133    17.6584    31.9390 -9.990e-29     0.2700 1.5272e-01  1023.1497    17.6532    23.0125     6.9626    212.688    7.87908  240.68369     88.368 0.0000e+00
   40.43278  -72.82784     31.407     31.163    17.6563    31.9382 -9.990e-29     0.2700 1.5170e-01  1023.1496    17.6511    23.0124     6.9626    212.687    7.87935  240.69179     88.365 0.0000e+00
   40.43278  -72.82784     31.428     31.184    17.6539    31.9376 -9.990e-29     0.2700 1.5068e-01  1023.1499    17.6487    23.0125     6.9625    212.685    7.87952  240.69673     88.362 0.0000e+00
   40.43278  -72.82784     31.438     31.193    17.6513    31.9372 -9.990e-29     0.2700 1.5068e-01  1023.1504    17.6461    23.0127     6.9626    212.688    7.87972  240.70282     88.361 0.0000e+00
   40.43278  -72.82784     31.468     31.223    17.6489    31.9368 -9.990e-29     0.2700 1.4937e-01  1023.1506    17.6437    23.0131     6.9627    212.692    7.87987  240.70748     88.361 0.0000e+00
   40.43278  -72.82784     31.478     31.233    17.6464    31.9367 -9.990e-29     0.2700 1.4762e-01  1023.1512    17.6412    23.0135     6.9582    212.554    7.88005  240.71267     88.302 0.0000e+00
   40.43278  -72.82784     31.519     31.274    17.6441    31.9367 -9.990e-29     0.2700 1.4651e-01  1023.1522    17.6389    23.0141     6.9575    212.531    7.87997  240.71014     88.293 -9.990e-29
   40.43278  -72.82784     31.519     31.274    17.6421    31.9367 -9.990e-29     0.2700 1.4548e-01  1023.1525    17.6369    23.0146     6.9566    212.505    7.87973  240.70266     88.285 -9.990e-29
   40.43278  -72.82784     31.549     31.304    17.6401    31.9368 -9.990e-29     0.2700 1.4524e-01  1023.1533    17.6349    23.0152     6.9564    212.499    7.87956  240.69758     88.285 0.0000e+00
   40.43278  -72.82784     31.570     31.324    17.6385    31.9370 -9.990e-29     0.2700 1.4505e-01  1023.1540    17.6333    23.0157     6.9565    212.502    7.87963  240.69982     88.285 0.0000e+00
   40.43278  -72.82784     31.600     31.354    17.6369    31.9371 -9.990e-29     0.2700 1.4403e-01  1023.1545    17.6317    23.0161     6.9562    212.493    7.87964  240.69976     88.281 0.0000e+00
   40.43278  -72.82784     31.630     31.385    17.6351    31.9371 -9.990e-29     0.2700 1.4284e-01  1023.1549    17.6299    23.0165     6.9560    212.485    7.87959  240.69863     88.278 0.0000e+00
   40.43278  -72.82784     31.651     31.405    17.6334    31.9371 -9.990e-29     0.2700 1.4284e-01  1023.1558    17.6282    23.0169     6.9561    212.488    7.87984  240.70647     88.277 0.0000e+00
   40.43278  -72.82784     31.672     31.426    17.6324    31.9369 -9.990e-29     0.2700 1.4201e-01  1023.1558    17.6272    23.0171     6.9568    212.510    7.88016  240.71622     88.282 0.0000e+00
   40.43278  -72.82784     31.702     31.456    17.6310    31.9365 -9.990e-29     0.2700 1.4101e-01  1023.1558    17.6257    23.0172     6.9571    212.518    7.88037  240.72246     88.283 0.0000e+00
   40.43278  -72.82784     31.723     31.476    17.6293    31.9362 -9.990e-29     0.2700 1.4118e-01  1023.1562    17.6241    23.0173     6.9574    212.528    7.88055  240.72793     88.286 0.0000e+00
   40.43278  -72.82784     31.743     31.497    17.6280    31.9358 -9.990e-29     0.2700 1.4019e-01  1023.1562    17.6228    23.0174     6.9578    212.540    7.88068  240.73177     88.289 0.0000e+00
   40.43278  -72.82784     31.763     31.516    17.6262    31.9354 -9.990e-29     0.2700 1.3978e-01  1023.1565    17.6210    23.0175     6.9535    212.408    7.88075  240.73370     88.234 0.0000e+00
