CalculateIndicators/WaterTemperature/Data/CTD_NYOS/20230515_C01.cnv
* Sea-Bird SBE 9 Data File:
* FileName = C:\Seabird 9 CTD\Data\2023\202305_offshore\20230515_C01.hex
* Software Version Seasave V 7.23.2
* Temperature SN = 4590
* Conductivity SN = 3228
* Number of Bytes Per Scan = 44
* Number of Voltage Words = 5
* Number of Scans Averaged by the Deck Unit = 1
* NMEA Latitude = 40 57.56 N
* NMEA Longitude = 073 34.88 W
* NMEA UTC (Time) = May 15 2023  01:20:01
* NMEA baud rate = 4800
** Ship: Seawolf
** Station: LIS_ARIG
** Operator: TDK
# nquan = 18
# nvalues = 8276                        
# units = specified
# name 0 = latitude: Latitude [deg]
# name 1 = longitude: Longitude [deg]
# name 2 = prDM: Pressure, Digiquartz [db]
# name 3 = depSM: Depth [salt water, m]
# name 4 = t090C: Temperature [ITS-90, deg C]
# name 5 = sal00: Salinity, Practical [PSU]
# name 6 = ph: pH
# name 7 = flECO-AFL: Fluorescence, WET Labs ECO-AFL/FL [mg/m^3]
# name 8 = cpar: CPAR/Corrected Irradiance [%]
# name 9 = density00: Density [density, kg/m^3]
# name 10 = potemp090C: Potential Temperature [ITS-90, deg C]
# name 11 = sigma-é00: Density [sigma-theta, kg/m^3]
# name 12 = sbeox0Mg/L: Oxygen, SBE 43 [mg/l]
# name 13 = sbox0Mm/Kg: Oxygen, SBE 43 [umol/kg]
# name 14 = oxsolMg/L: Oxygen Saturation, Garcia & Gordon [mg/l]
# name 15 = oxsolMm/Kg: Oxygen Saturation, Garcia & Gordon [umol/kg]
# name 16 = sbeox0PS: Oxygen, SBE 43 [% saturation]
# name 17 = flag:  0.000e+00
# span 0 =   40.95932,   40.95950       
# span 1 =  -73.58186,  -73.58130       
# span 2 =      1.899,     14.074       
# span 3 =      1.884,     13.965       
# span 4 =    10.9066,    15.1122       
# span 5 =    25.4819,    26.6257       
# span 6 =      7.771,      8.179       
# span 7 =     1.0893,     2.5532       
# span 8 = 5.0640e-11, 9.9999e+04       
# span 9 =  1018.6454,  1020.3426       
# span 10 =    10.9051,    15.1116      
# span 11 =    18.6425,    20.2786      
# span 12 =     7.8762,    11.3547      
# span 13 =    241.243,    348.108      
# span 14 =    8.60439,    9.33439      
# span 15 =  263.96867,  285.90605      
# span 16 =     84.388,    128.729      
# span 17 = 0.0000e+00, 0.0000e+00      
# interval = seconds: 0.0416667
# start_time = May 15 2023 01:20:03 [System UTC, first data scan.]
# bad_flag = -9.990e-29
*END*
[from data line 3860]
   40.95946  -73.58158      5.916      5.871    12.5092    26.2021      7.941     2.1906 5.0640e-11  1019.7043    12.5085    19.6777     9.3072    285.243    9.04168  277.10408    102.937 -9.990e-29
   40.95946  -73.58158      5.936      5.890    12.5088    26.2023      7.941     2.1637 9.9999e+04  1019.7048    12.5081    19.6779     9.3077    285.257    9.04172  277.10533    102.942 -9.990e-29
   40.95946  -73.58158      5.916      5.871    12.5087    26.2023      7.941     2.1234 5.0640e-11  1019.7047    12.5080    19.6781     9.3027    285.104    9.04172  277.10520    102.887 -9.990e-29
   40.95946  -73.58158      5.936      5.890    12.5085    26.2023      7.941     2.1234 9.9999e+04  1019.7050    12.5078    19.6781     9.3027    285.105    9.04167  277.10377    102.887 -9.990e-29
   40.95946  -73.58158      5.927      5.881    12.5089    26.2023      7.941     2.1234 5.0640e-11  1019.7046    12.5081    19.6779     9.3086    285.283    9.04167  277.10375    102.952 -9.990e-29
   40.95946  -73.58158      5.926      5.880    12.5088    26.2021      7.941     2.1234 9.9999e+04  1019.7045    12.5081    19.6778     9.3033    285.122    9.04162  277.10216    102.894 -9.990e-29
   40.95946  -73.58158      5.926      5.880    12.5085    26.2021      7.941     2.1234 5.0640e-11  1019.7046    12.5078    19.6778     9.3094    285.310    9.04167  277.10366    102.961 -9.990e-29
   40.95946  -73.58158      5.927      5.881    12.5087    26.2021      7.941     2.1234 5.0640e-11  1019.7045    12.5080    19.6778     9.3052    285.179    9.04166  277.10349    102.914 -9.990e-29
   40.95946  -73.58158      5.936      5.890    12.5087    26.2023      7.941     2.1234 5.0640e-11  1019.7048    12.5080    19.6779     9.3060    285.205    9.04169  277.10432    102.923 -9.990e-29
   40.95946  -73.58158      5.927      5.881    12.5089    26.2025 -9.990e-29     2.1234 5.0640e-11  1019.7049    12.5081    19.6781     9.3064    285.217    9.04178  277.10739    102.927 -9.990e-29
   40.95946  -73.58158      5.936      5.890    12.5087    26.2028      7.941     2.1234 9.9999e+04  1019.7051    12.5080    19.6783     9.3069    285.232    9.04185  277.10928    102.931 -9.990e-29
   40.95946  -73.58158      5.927      5.881    12.5090    26.2028      7.941     2.1234 5.0640e-11  1019.7052    12.5083    19.6784     9.3075    285.252    9.04190  277.11078    102.938 -9.990e-29
   40.95946  -73.58158      5.936      5.890    12.5092    26.2028      7.941     2.1234 5.0640e-11  1019.7050    12.5084    19.6783     9.3027    285.105    9.04198  277.11320    102.884 -9.990e-29
   40.95946  -73.58158      5.927      5.881    12.5093    26.2026      7.941     2.1234 5.0640e-11  1019.7048    12.5086    19.6781     9.3030    285.112    9.04198  277.11313    102.886 -9.990e-29
   40.95946  -73.58158      5.936      5.890    12.5098    26.2025      7.941     2.1234 5.0640e-11  1019.7045    12.5091    19.6779     9.3035    285.128    9.04210  277.11681    102.891 -9.990e-29
   40.95946  -73.58158      5.927      5.881    12.5099    26.2025      7.941     2.1234 9.9999e+04  1019.7046    12.5091    19.6779     9.3040    285.144    9.04210  277.11684    102.897 -9.990e-29
   40.95946  -73.58158      5.926      5.880    12.5098    26.2025 -9.990e-29     2.1234 5.0640e-11  1019.7047    12.5091    19.6779     9.3096    285.314    9.04206  277.11558    102.959 -9.990e-29
   40.95946  -73.58158      5.936      5.890    12.5100    26.2025      7.941     2.1234 5.0640e-11  1019.7046    12.5093    19.6779     9.3048    285.169    9.04209  277.11637    102.906 -9.990e-29
   40.95946  -73.58158      5.927      5.881    12.5100    26.2025      7.941     2.1234 5.0640e-11  1019.7047    12.5093    19.6779     9.3052    285.179    9.04215  277.11819    102.909 -9.990e-29
   40.95946  -73.58158      5.926      5.880    12.5100    26.2025      7.941     2.1234 5.0640e-11  1019.7048    12.5093    19.6779     9.3056    285.191    9.04213  277.11742    102.913 -9.990e-29
   40.95946  -73.58158      5.937      5.891    12.5102    26.2025      7.941     2.1234 5.0640e-11  1019.7046    12.5095    19.6778     9.3061    285.208    9.04215  277.11801    102.919 -9.990e-29
   40.95946  -73.58158      5.926      5.880    12.5103    26.2024      7.941     2.1234 5.0640e-11  1019.7045    12.5096    19.6777     9.3068    285.230    9.04218  277.11909    102.927 -9.990e-29
   40.95946  -73.58158      5.937      5.891    12.5105    26.2024 -9.990e-29     2.1234 5.0640e-11  1019.7044    12.5098    19.6776     9.3021    285.084    9.04219  277.11923    102.874 -9.990e-29
   40.95946  -73.58158      5.926      5.880    12.5108    26.2024      7.941     2.1234 5.0640e-11  1019.7043    12.5101    19.6776     9.3073    285.245    9.04223  277.12042    102.932 -9.990e-29
   40.95946  -73.58158      5.937      5.891    12.5108    26.2024      7.941     2.1234 9.9999e+04  1019.7044    12.5101    19.6776     9.3078    285.259    9.04227  277.12164    102.937 -9.990e-29
   40.95946  -73.58158      5.926      5.880    12.5112    26.2024 -9.990e-29     2.1503 5.0640e-11  1019.7044    12.5105    19.6776     9.3083    285.276    9.04227  277.12200    102.942 -9.990e-29
   40.95946  -73.58158      5.937      5.891    12.5117    26.2024      7.941     2.2309 5.0640e-11  1019.7044    12.5109    19.6776     9.3083    285.275    9.04233  277.12366    102.942 -9.990e-29
   40.95946  -73.58158      5.926      5.880    12.5119    26.2025      7.941     2.2712 9.9999e+04  1019.7043    12.5112    19.6775     9.3084    285.278    9.04238  277.12504    102.942 -9.990e-29
   40.95946  -73.58158      5.936      5.890    12.5124    26.2025      7.941     2.2712 5.0640e-11  1019.7041    12.5116    19.6774     9.3092    285.303    9.04242  277.12625    102.951 -9.990e-29
   40.95946  -73.58158      5.937      5.891    12.5128    26.2024      7.941     2.2578 5.0640e-11  1019.7042    12.5121    19.6774     9.3101    285.331    9.04241  277.12605    102.961 -9.990e-29
   40.95946  -73.58158      5.926      5.880    12.5132    26.2024 -9.990e-29     2.2578 9.9999e+04  1019.7041    12.5125    19.6773     9.3111    285.361    9.04241  277.12592    102.972 -9.990e-29
   40.95946  -73.58158      5.927      5.881    12.5137    26.2024 -9.990e-29     2.2578 9.9999e+04  1019.7038    12.5130    19.6771     9.3114    285.371    9.04231  277.12269    102.976 -9.990e-29
   40.95946  -73.58158      5.936      5.890    12.5139    26.2023      7.941     2.2578 5.0640e-11  1019.7039    12.5132    19.6770     9.3119    285.386    9.04227  277.12159    102.982 -9.990e-29
   40.95946  -73.58158      5.937      5.891    12.5149    26.2021      7.941     2.2578 5.0640e-11  1019.7034    12.5141    19.6768     9.3069    285.233    9.04225  277.12089    102.927 -9.990e-29
   40.95946  -73.58158      5.936      5.890    12.5147    26.2020      7.941     2.2578 9.9999e+04  1019.7036    12.5140    19.6766     9.3124    285.401    9.04212  277.11723    102.989 -9.990e-29
   40.95946  -73.58158      5.927      5.881    12.5150    26.2017      7.941     2.2578 9.9999e+04  1019.7031    12.5143    19.6764     9.3076    285.254    9.04212  277.11700    102.936 -9.990e-29
   40.95946  -73.58158      5.926      5.880    12.5147    26.2013      7.941     2.2578 9.9999e+04  1019.7030    12.5140    19.6762     9.3127    285.409    9.04205  277.11488    102.993 -9.990e-29
   40.95946  -73.58158      5.937      5.891    12.5149    26.2010 -9.990e-29     2.2578 9.9999e+04  1019.7026    12.5142    19.6759     9.3129    285.415    9.04198  277.11295    102.996 -9.990e-29
   40.95946  -73.58158      5.936      5.890    12.5149    26.2009      7.941     2.2578 5.0640e-11  1019.7024    12.5141    19.6758     9.3138    285.443    9.04191  277.11081    103.007 -9.990e-29
   40.95946  -73.58158      5.936      5.890    12.5146    26.2009      7.941     2.2578 5.0640e-11  1019.7025    12.5139    19.6758     9.3148    285.474    9.04184  277.10852    103.019 -9.990e-29
   40.95946  -73.58158      5.927      5.881    12.5142    26.2009      7.936     2.2578 -9.990e-29  1019.7026    12.5135    19.6759     9.3152    285.487    9.04177  277.10637    103.024 -9.990e-29
   40.95946  -73.58158      5.936      5.890    12.5138    26.2011      7.941     2.2578 -9.990e-29  1019.7029    12.5131    19.6761     9.3108    285.352    9.04170  277.10427    102.976 -9.990e-29
   40.95946  -73.58158      5.937      5.891    12.5137    26.2013      7.936     2.2578 -9.990e-29  1019.7031    12.5130    19.6763     9.3107    285.347    9.04158  277.10068    102.976 -9.990e-29
   40.95946  -73.58158      5.936      5.890    12.5135    26.2014      7.941     2.2578 -9.990e-29  1019.7032    12.5128    19.6764     9.3107    285.347    9.04150  277.09810    102.977 -9.990e-29
   40.95946  -73.58158      5.937      5.891    12.5141    26.2015      7.941     2.2578 -9.990e-29  1019.7033    12.5133    19.6764     9.3163    285.521    9.04146  277.09700    103.040 -9.990e-29
   40.95946  -73.58158      5.926      5.880    12.5142    26.2015      7.936     2.2578 -9.990e-29  1019.7033    12.5135    19.6764     9.3116    285.376    9.04143  277.09597    102.988 -9.990e-29
   40.95946  -73.58158      5.937      5.891    12.5144    26.2015      7.941     2.2578 -9.990e-29  1019.7031    12.5137    19.6763     9.3118    285.381    9.04130  277.09200    102.991 -9.990e-29
   40.95936  -73.58168      5.936      5.890    12.5143    26.2015      7.941     2.2578 -9.990e-29  1019.7030    12.5136    19.6763     9.3121    285.392    9.04126  277.09084    102.996 -9.990e-29
   40.95936  -73.58168      5.937      5.891    12.5142    26.2015      7.941     2.2578 -9.990e-29  1019.7031    12.5135    19.6763     9.3117    285.381    9.04114  277.08729    102.993 -9.990e-29
   40.95936  -73.58168      5.936      5.890    12.5139    26.2015      7.941     2.2578 -9.990e-29  1019.7033    12.5132    19.6765     9.3178    285.566    9.04112  277.08678    103.060 -9.990e-29
   40.95936  -73.58168      5.937      5.891    12.5138    26.2015      7.936     2.2040 -9.990e-29  1019.7035    12.5131    19.6765     9.3133    285.430    9.04101  277.08352    103.012 -9.990e-29
   40.95936  -73.58168      5.936      5.890    12.5142    26.2015      7.941     2.1772 -9.990e-29  1019.7031    12.5135    19.6764     9.3132    285.427    9.04095  277.08158    103.012 -9.990e-29
   40.95936  -73.58168      5.936      5.890    12.5142    26.2015      7.941     2.1772 -9.990e-29  1019.7032    12.5135    19.6763     9.3132    285.425    9.04086  277.07883    103.012 -9.990e-29
   40.95936  -73.58168      5.937      5.891    12.5145    26.2015      7.936     2.1772 -9.990e-29  1019.7031    12.5138    19.6763     9.3138    285.445    9.04077  277.07622    103.020 -9.990e-29
   40.95936  -73.58168      5.936      5.890    12.5142    26.2014      7.941     2.1772 -9.990e-29  1019.7031    12.5135    19.6763     9.3195    285.618    9.04070  277.07405    103.084 -9.990e-29
   40.95936  -73.58168      5.937      5.891    12.5143    26.2013      7.941     2.1772 -9.990e-29  1019.7030    12.5136    19.6762     9.3153    285.489    9.04057  277.07002    103.039 -9.990e-29
   40.95936  -73.58168      5.936      5.890    12.5142    26.2011      7.941     2.1772 -9.990e-29  1019.7028    12.5135    19.6760     9.3154    285.493    9.04041  277.06528    103.042 -9.990e-29
   40.95936  -73.58168      5.937      5.891    12.5138    26.2009      7.941     2.1772 -9.990e-29  1019.7026    12.5131    19.6759     9.3211    285.667    9.04022  277.05953    103.107 -9.990e-29
   40.95936  -73.58168      5.936      5.890    12.5135    26.2009      7.941     2.1772 -9.990e-29  1019.7027    12.5128    19.6759     9.3164    285.523    9.04011  277.05615    103.056 -9.990e-29
   40.95936  -73.58168      5.937      5.891    12.5132    26.2009      7.941     2.1772 -9.990e-29  1019.7028    12.5125    19.6760     9.3167    285.533    9.04002  277.05363    103.060 -9.990e-29
   40.95936  -73.58168      5.936      5.890    12.5128    26.2009      7.941     2.1906 -9.990e-29  1019.7028    12.5121    19.6761     9.3170    285.543    9.03989  277.04998    103.066 -9.990e-29
   40.95936  -73.58168      5.937      5.891    12.5127    26.2011      7.936     2.1772 -9.990e-29  1019.7032    12.5120    19.6764     9.3168    285.538    9.03991  277.05045    103.063 -9.990e-29
   40.95936  -73.58168      5.945      5.899    12.5120    26.2014      7.936     2.1772 -9.990e-29  1019.7035    12.5113    19.6766     9.3167    285.533    9.03986  277.04916    103.062 -9.990e-29
   40.95936  -73.58168      5.936      5.890    12.5119    26.2016      7.936     2.1772 -9.990e-29  1019.7038    12.5112    19.6768     9.3166    285.532    9.03993  277.05128    103.061 -9.990e-29
   40.95936  -73.58168      5.937      5.891    12.5122    26.2016      7.941     2.1772 -9.990e-29  1019.7035    12.5115    19.6768     9.3166    285.530    9.03998  277.05278    103.060 -9.990e-29
   40.95936  -73.58168      5.936      5.890    12.5120    26.2018      7.941     2.1772 -9.990e-29  1019.7036    12.5113    19.6770     9.3173    285.553    9.04006  277.05518    103.067 -9.990e-29
   40.95936  -73.58168      5.937      5.891    12.5115    26.2021      7.936     2.1772 -9.990e-29  1019.7041    12.5108    19.6773     9.3174    285.556    9.04017  277.05864    103.067 -9.990e-29
   40.95936  -73.58168      5.936      5.890    12.5115    26.2024      7.936     2.1772 -9.990e-29  1019.7044    12.5108    19.6775     9.3176    285.562    9.04033  277.06349    103.067 -9.990e-29
   40.95936  -73.58168      5.948      5.902    12.5114    26.2025      7.941     2.1772 -9.990e-29  1019.7045    12.5107    19.6777     9.3180    285.572    9.04059  277.07125    103.068 -9.990e-29
   40.95936  -73.58168      5.936      5.890    12.5112    26.2025      7.941     2.1772 -9.990e-29  1019.7046    12.5105    19.6777     9.3183    285.582    9.04077  277.07680    103.069 -9.990e-29
   40.95936  -73.58168      5.937      5.891    12.5112    26.2025      7.936     2.1772 -9.990e-29  1019.7044    12.5105    19.6777     9.3130    285.421    9.04098  277.08303    103.009 -9.990e-29
   40.95936  -73.58168      5.936      5.890    12.5110    26.2025      7.936     2.1772 -9.990e-29  1019.7045    12.5103    19.6777     9.3120    285.388    9.04107  277.08559    102.996 -9.990e-29
   40.95936  -73.58168      5.937      5.891    12.5108    26.2024      7.941     2.1772 -9.990e-29  1019.7045    12.5101    19.6776     9.3117    285.380    9.04124  277.09090    102.991 -9.990e-29
   40.95936  -73.58168      5.945      5.899    12.5109    26.2024      7.941     2.1772 -9.990e-29  1019.7043    12.5102    19.6776     9.3059    285.201    9.04136  277.09443    102.925 -9.990e-29
   40.95936  -73.58168      5.926      5.880    12.5105    26.2024      7.936     2.1637 -9.990e-29  1019.7044    12.5098    19.6777     9.3106    285.345    9.04146  277.09760    102.976 -9.990e-29
   40.95936  -73.58168      5.948      5.902    12.5102    26.2026      7.936     2.1503 -9.990e-29  1019.7047    12.5095    19.6779     9.3104    285.339    9.04155  277.10014    102.973 -9.990e-29
   40.95936  -73.58168      5.936      5.890    12.5098    26.2029      7.936     2.1503 -9.990e-29  1019.7051    12.5091    19.6781     9.3103    285.336    9.04165  277.10320    102.971 -9.990e-29
   40.95936  -73.58168      5.937      5.891    12.5099    26.2031      7.941     2.1503 -9.990e-29  1019.7051    12.5091    19.6783     9.3102    285.333    9.04172  277.10507    102.969 -9.990e-29
   40.95936  -73.58168      5.936      5.890    12.5098    26.2032      7.941     2.1503 -9.990e-29  1019.7053    12.5091    19.6784     9.3101    285.332    9.04177  277.10664    102.968 -9.990e-29
