CalculateIndicators/WaterTemperature/Data/CTD_NYOS/20230516_C16.cnv
* Sea-Bird SBE 9 Data File:
* FileName = C:\Seabird 9 CTD\Data\2023\202305_offshore\20230516_C16.hex
* Software Version Seasave V 7.23.2
* Temperature SN = 4590
* Conductivity SN = 3228
* Number of Bytes Per Scan = 44
* Number of Voltage Words = 5
* Number of Scans Averaged by the Deck Unit = 1
* NMEA Latitude = 40 25.93 N
* NMEA Longitude = 072 49.56 W
* NMEA UTC (Time) = May 16 2023  23:27:59
* NMEA baud rate = 4800
** Ship: Seawolf
** Station: 9.2
** Operator: TDK
# nquan = 18
# nvalues = 12750                       
# units = specified
# name 0 = latitude: Latitude [deg]
# name 1 = longitude: Longitude [deg]
# name 2 = prDM: Pressure, Digiquartz [db]
# name 3 = depSM: Depth [salt water, m]
# name 4 = t090C: Temperature [ITS-90, deg C]
# name 5 = sal00: Salinity, Practical [PSU]
# name 6 = ph: pH
# name 7 = flECO-AFL: Fluorescence, WET Labs ECO-AFL/FL [mg/m^3]
# name 8 = cpar: CPAR/Corrected Irradiance [%]
# name 9 = density00: Density [density, kg/m^3]
# name 10 = potemp090C: Potential Temperature [ITS-90, deg C]
# name 11 = sigma-é00: Density [sigma-theta, kg/m^3]
# name 12 = sbeox0Mg/L: Oxygen, SBE 43 [mg/l]
# name 13 = sbox0Mm/Kg: Oxygen, SBE 43 [umol/kg]
# name 14 = oxsolMg/L: Oxygen Saturation, Garcia & Gordon [mg/l]
# name 15 = oxsolMm/Kg: Oxygen Saturation, Garcia & Gordon [umol/kg]
# name 16 = sbeox0PS: Oxygen, SBE 43 [% saturation]
# name 17 = flag:  0.000e+00
# span 0 =   40.43216,   40.43402       
# span 1 =  -72.82598,  -72.82236       
# span 2 =      1.589,     40.534       
# span 3 =      1.577,     40.218       
# span 4 =     6.7690,    13.6497       
# span 5 =    30.9740,    32.8163       
# span 6 =      7.845,      8.077       
# span 7 =     0.0551,     4.7022       
# span 8 = 9.5546e-13, 3.9481e+01       
# span 9 =  1022.9546,  1025.8191       
# span 10 =     6.7656,    13.6480      
# span 11 =    23.0468,    25.6533      
# span 12 =     8.3968,    10.0304      
# span 13 =    255.879,    305.746      
# span 14 =    8.55482,    9.84832      
# span 15 =  261.23375,  300.07654      
# span 16 =     86.203,    107.952      
# span 17 = 0.0000e+00, 0.0000e+00      
# interval = seconds: 0.0416667
# start_time = May 16 2023 23:27:58 [System UTC, first data scan.]
# bad_flag = -9.990e-29
*END*
[from data line 7719]
   40.43330  -72.82376     20.424     20.266    10.0806    32.5032      8.058     0.6192 1.1177e+00  1025.0866    10.0783    24.9916     9.6305    293.648    9.09764  277.39976    105.858 0.0000e+00
   40.43330  -72.82376     20.394     20.236    10.0916    32.5032      8.062     0.6192 1.1279e+00  1025.0802    10.0893    24.9884     9.6293    293.612    9.09671  277.37190    105.855 0.0000e+00
   40.43330  -72.82376     20.382     20.224    10.0968    32.4998      8.062     0.6460 1.1279e+00  1025.0754    10.0945    24.9851     9.6226    293.406    9.09593  277.34791    105.790 0.0000e+00
   40.43330  -72.82376     20.353     20.195    10.0929    32.4978      8.058     0.6595 1.1279e+00  1025.0757    10.0906    24.9838     9.6264    293.523    9.09513  277.32405    105.841 0.0000e+00
   40.43332  -72.82376     20.332     20.175    10.0871    32.4970      8.062     0.6595 1.1348e+00  1025.0754    10.0848    24.9833     9.6205    293.343    9.09450  277.30502    105.784 0.0000e+00
   40.43332  -72.82376     20.313     20.155    10.0818    32.4970      8.058     0.6595 1.1348e+00  1025.0735    10.0795    24.9836     9.6252    293.488    9.09386  277.28594    105.843 0.0000e+00
   40.43332  -72.82376     20.283     20.125    10.0731    32.4970      8.058     0.6595 1.1348e+00  1025.0768    10.0708    24.9859     9.6252    293.489    9.09352  277.27607    105.847 0.0000e+00
   40.43332  -72.82376     20.261     20.104    10.0688    32.5013      8.062     0.6595 1.1383e+00  1025.0819    10.0666    24.9897     9.6254    293.494    9.09325  277.26851    105.852 0.0000e+00
   40.43332  -72.82376     20.241     20.084    10.0722    32.5058      8.058     0.6595 1.1383e+00  1025.0856    10.0700    24.9928     9.6256    293.503    9.09316  277.26606    105.856 0.0000e+00
   40.43332  -72.82376     20.221     20.064    10.0805    32.5067      8.062     0.6595 1.1383e+00  1025.0862    10.0782    24.9940     9.6260    293.515    9.09318  277.26693    105.860 0.0000e+00
   40.43332  -72.82376     20.190     20.034    10.0892    32.5067      8.058     0.6595 1.1452e+00  1025.0857    10.0870    24.9929     9.6270    293.544    9.09305  277.26340    105.872 0.0000e+00
   40.43332  -72.82376     20.170     20.013    10.0999    32.5067      8.058     0.6595 1.1452e+00  1025.0812    10.0977    24.9895     9.6282    293.580    9.09312  277.26520    105.884 0.0000e+00
   40.43332  -72.82376     20.138     19.982    10.1082    32.5030      8.062     0.6595 1.1452e+00  1025.0753    10.1059    24.9853     9.6342    293.764    9.09313  277.26536    105.950 0.0000e+00
   40.43332  -72.82376     20.120     19.964    10.1118    32.5030      8.058     0.6595 1.1557e+00  1025.0719    10.1096    24.9827     9.6303    293.643    9.09311  277.26458    105.907 0.0000e+00
   40.43332  -72.82376     20.088     19.933    10.1136    32.5030      8.062     0.6595 1.1628e+00  1025.0731    10.1114    24.9825     9.6370    293.849    9.09311  277.26445    105.982 0.0000e+00
   40.43332  -72.82376     20.069     19.914    10.1204    32.5032      8.057     0.6595 1.1628e+00  1025.0744    10.1182    24.9828     9.6329    293.724    9.09301  277.26158    105.938 0.0000e+00
   40.43332  -72.82376     20.028     19.873    10.1303    32.5032      8.057     0.6595 1.1734e+00  1025.0734    10.1281    24.9821     9.6397    293.932    9.09310  277.26448    106.012 0.0000e+00
   40.43332  -72.82376     20.018     19.863    10.1450    32.5032      8.057     0.6595 1.1806e+00  1025.0712    10.1427    24.9797     9.6409    293.966    9.09326  277.26932    106.022 0.0000e+00
   40.43332  -72.82376     19.987     19.832    10.1673    32.5031      8.062     0.6595 1.1842e+00  1025.0671    10.1651    24.9750     9.6363    293.828    9.09350  277.27624    105.969 0.0000e+00
   40.43332  -72.82376     19.956     19.802    10.1912    32.4982      8.062     0.6595 1.1878e+00  1025.0594    10.1890    24.9675     9.6430    294.032    9.09359  277.27900    106.042 0.0000e+00
   40.43332  -72.82376     19.937     19.783    10.2126    32.4904      8.057     0.6595 1.1950e+00  1025.0476    10.2103    24.9578     9.6439    294.060    9.09369  277.28202    106.051 0.0000e+00
   40.43332  -72.82376     19.916     19.762    10.2334    32.4819      8.057     0.6595 1.1950e+00  1025.0373    10.2311    24.9476     9.6389    293.908    9.09363  277.28035    105.997 0.0000e+00
   40.43332  -72.82376     19.886     19.732    10.2548    32.4730      8.057     0.6595 1.1986e+00  1025.0284    10.2525    24.9374     9.6446    294.081    9.09364  277.28026    106.059 0.0000e+00
   40.43332  -72.82376     19.856     19.702    10.2730    32.4624      8.057     0.6595 1.2023e+00  1025.0154    10.2707    24.9265     9.6396    293.927    9.09361  277.27902    106.004 0.0000e+00
   40.43332  -72.82376     19.824     19.671    10.2808    32.4504      8.062     0.6595 1.2059e+00  1025.0056    10.2786    24.9154     9.6458    294.118    9.09352  277.27647    106.074 0.0000e+00
   40.43332  -72.82376     19.815     19.661    10.2865    32.4376      8.057     0.6595 1.2059e+00  1024.9927    10.2843    24.9048     9.6462    294.129    9.09332  277.27050    106.080 0.0000e+00
   40.43332  -72.82376     19.775     19.621    10.2842    32.4376      8.057     0.6326 1.2133e+00  1024.9808    10.2820    24.8989     9.6465    294.137    9.09307  277.26264    106.086 0.0000e+00
   40.43332  -72.82376     19.754     19.601    10.2662    32.4376      8.057     0.6192 1.2133e+00  1024.9882    10.2640    24.9026     9.6464    294.136    9.09261  277.24870    106.091 0.0000e+00
   40.43332  -72.82374     19.724     19.571    10.2491    32.4414      8.062     0.6192 1.2170e+00  1025.0030    10.2469    24.9126     9.6450    294.094    9.09170  277.22147    106.086 0.0000e+00
   40.43332  -72.82374     19.682     19.530    10.2430    32.4521      8.062     0.6192 1.2244e+00  1025.0133    10.2408    24.9220     9.6445    294.077    9.09092  277.19836    106.089 0.0000e+00
   40.43332  -72.82374     19.673     19.520    10.2474    32.4591      8.057     0.6192 1.2244e+00  1025.0186    10.2452    24.9273     9.6442    294.068    9.09047  277.18503    106.091 0.0000e+00
   40.43332  -72.82374     19.643     19.490    10.2553    32.4621      8.057     0.6192 1.2244e+00  1025.0179    10.2530    24.9288     9.6433    294.041    9.09016  277.17578    106.085 0.0000e+00
   40.43332  -72.82374     19.632     19.479    10.2577    32.4626      8.057     0.6192 1.2355e+00  1025.0176    10.2555    24.9286     9.6420    294.003    9.08964  277.16003    106.077 0.0000e+00
   40.43332  -72.82374     19.582     19.430    10.2586    32.4630      8.057     0.6192 1.2393e+00  1025.0157    10.2563    24.9287     9.6351    293.792    9.08920  277.14694    106.006 0.0000e+00
   40.43332  -72.82374     19.561     19.410    10.2579    32.4669      8.057     0.6192 1.2393e+00  1025.0167    10.2557    24.9318     9.6336    293.748    9.08862  277.12963    105.997 -9.990e-29
   40.43332  -72.82374     19.561     19.410    10.2561    32.4767      8.057     0.6192 1.2468e+00  1025.0269    10.2539    24.9389     9.6322    293.705    9.08808  277.11272    105.987 -9.990e-29
   40.43332  -72.82374     19.520     19.369    10.2653    32.4879      8.057     0.6192 1.2506e+00  1025.0386    10.2631    24.9459     9.6303    293.648    9.08717  277.08558    105.977 0.0000e+00
   40.43332  -72.82374     19.490     19.339    10.2877    32.4879      8.062     0.6192 1.2506e+00  1025.0392    10.2855    24.9465     9.6279    293.574    9.08646  277.06482    105.959 0.0000e+00
   40.43332  -72.82374     19.469     19.318    10.3142    32.4879      8.057     0.6192 1.2582e+00  1025.0303    10.3120    24.9388     9.6263    293.527    9.08590  277.04884    105.948 0.0000e+00
   40.43332  -72.82374     19.459     19.309    10.3398    32.4753      8.061     0.6192 1.2658e+00  1025.0132    10.3376    24.9252     9.6250    293.487    9.08558  277.04016    105.937 0.0000e+00
   40.43332  -72.82374     19.429     19.279    10.3556    32.4612      8.057     0.6192 1.2696e+00  1024.9952    10.3534    24.9116     9.6184    293.286    9.08568  277.04375    105.863 0.0000e+00
   40.43332  -72.82374     19.398     19.247    10.3593    32.4517      8.057     0.6192 1.2734e+00  1024.9883    10.3571    24.9030     9.6170    293.246    9.08600  277.05352    105.845 0.0000e+00
   40.43332  -72.82374     19.388     19.238    10.3617    32.4473      8.057     0.6192 1.2850e+00  1024.9855    10.3595    24.8990     9.6156    293.200    9.08618  277.05789    105.826 0.0000e+00
   40.43332  -72.82374     19.369     19.219    10.3640    32.4468      8.057     0.6192 1.2889e+00  1024.9842    10.3618    24.8974     9.6078    292.961    9.08580  277.04503    105.745 0.0000e+00
   40.43332  -72.82374     19.348     19.198    10.3663    32.4467      8.061     0.6192 1.2928e+00  1024.9840    10.3641    24.8972     9.6102    293.033    9.08502  277.02027    105.780 0.0000e+00
   40.43332  -72.82374     19.318     19.168    10.3672    32.4460      8.057     0.6192 1.3006e+00  1024.9857    10.3650    24.8974     9.6014    292.767    9.08382  276.98438    105.698 0.0000e+00
   40.43332  -72.82374     19.307     19.157    10.3712    32.4460      8.057     0.6192 1.3006e+00  1024.9843    10.3690    24.8968     9.6035    292.833    9.08281  276.95458    105.733 0.0000e+00
   40.43332  -72.82374     19.287     19.138    10.3765    32.4457      8.057     0.6192 1.3006e+00  1024.9823    10.3743    24.8952     9.5957    292.594    9.08233  276.94092    105.652 0.0000e+00
   40.43332  -72.82374     19.276     19.127    10.3821    32.4447      8.057     0.6192 1.3085e+00  1024.9801    10.3799    24.8935     9.5881    292.362    9.08206  276.93336    105.571 0.0000e+00
   40.43332  -72.82374     19.236     19.087    10.3868    32.4442      8.056     0.6192 1.3125e+00  1024.9789    10.3846    24.8924     9.5915    292.468    9.08204  276.93318    105.610 -9.990e-29
   40.43332  -72.82374     19.236     19.087    10.3906    32.4442      8.056     0.6057 1.3164e+00  1024.9789    10.3884    24.8917     9.5903    292.431    9.08223  276.93908    105.594 -9.990e-29
   40.43332  -72.82374     19.206     19.057    10.3948    32.4439      8.056     0.5654 1.3244e+00  1024.9776    10.3926    24.8908     9.5885    292.377    9.08254  276.94851    105.571 0.0000e+00
   40.43332  -72.82374     19.195     19.046    10.3983    32.4431      8.056     0.5654 1.3284e+00  1024.9763    10.3961    24.8894     9.5820    292.177    9.08296  276.96148    105.494 0.0000e+00
   40.43332  -72.82374     19.186     19.037    10.4019    32.4417      8.061     0.5654 1.3284e+00  1024.9746    10.3997    24.8878     9.5797    292.109    9.08339  276.97457    105.464 0.0000e+00
   40.43332  -72.82374     19.144     18.996    10.4042    32.4399      8.061     0.5654 1.3364e+00  1024.9724    10.4020    24.8860     9.5782    292.062    9.08372  276.98423    105.444 0.0000e+00
   40.43332  -72.82374     19.135     18.986    10.4062    32.4379      8.056     0.5654 1.3675e+00  1024.9704    10.4040    24.8842     9.5766    292.011    9.08388  276.98864    105.424 0.0000e+00
   40.43332  -72.82374     19.114     18.966    10.4072    32.4364      8.056     0.5654 1.3364e+00  1024.9686    10.4050    24.8828     9.5746    291.952    9.08368  276.98216    105.405 0.0000e+00
   40.43332  -72.82374     19.093     18.945    10.4073    32.4352      8.056     0.5654 1.3485e+00  1024.9680    10.4051    24.8818     9.5670    291.719    9.08341  276.97373    105.324 0.0000e+00
   40.43332  -72.82374     19.084     18.936    10.4083    32.4352      8.056     0.5654 1.3485e+00  1024.9668    10.4061    24.8813     9.5646    291.646    9.08329  276.96985    105.299 0.0000e+00
   40.43332  -72.82374     19.053     18.906    10.4078    32.4352      8.056     0.5654 1.3840e+00  1024.9672    10.4056    24.8814     9.5625    291.581    9.08326  276.96908    105.276 0.0000e+00
   40.43332  -72.82374     19.033     18.885    10.4075    32.4354      8.056     0.5654 1.3882e+00  1024.9679    10.4053    24.8818     9.5603    291.516    9.08314  276.96533    105.254 0.0000e+00
   40.43332  -72.82374     19.012     18.865    10.4075    32.4359      8.056     0.5654 1.3882e+00  1024.9681    10.4053    24.8823     9.5590    291.475    9.08294  276.95939    105.241 -9.990e-29
   40.43332  -72.82374     19.012     18.865    10.4073    32.4359      8.056     0.5654 1.3882e+00  1024.9686    10.4052    24.8825     9.5505    291.215    9.08197  276.92782    105.159 -9.990e-29
   40.43332  -72.82374     18.972     18.825    10.4080    32.4360      8.056     0.5654 1.3966e+00  1024.9678    10.4058    24.8824     9.5443    291.024    9.07779  276.79916    105.139 0.0000e+00
   40.43332  -72.82374     18.963     18.816    10.4075    32.4361      8.056     0.5654 1.4050e+00  1024.9678    10.4054    24.8824     9.5409    290.918    9.07156  276.60777    105.173 0.0000e+00
   40.43332  -72.82374     18.931     18.784    10.4067    32.4361      8.056     0.5654 1.4135e+00  1024.9679    10.4045    24.8826     9.5257    290.457    9.06363  276.36618    105.099 0.0000e+00
   40.43332  -72.82374     18.912     18.765    10.4053    32.4364      8.056     0.5654 1.4177e+00  1024.9685    10.4032    24.8830     9.5158    290.156    9.05575  276.12961    105.080 0.0000e+00
   40.43332  -72.82374     18.891     18.745    10.4047    32.4367      8.061     0.5654 1.4305e+00  1024.9689    10.4025    24.8833     9.5068    289.888    9.04934  275.93722    105.056 0.0000e+00
   40.43332  -72.82374     18.870     18.724    10.4043    32.4368      8.056     0.5654 1.4348e+00  1024.9685    10.4022    24.8835     9.4994    289.666    9.04343  275.76045    105.043 0.0000e+00
   40.43332  -72.82374     18.840     18.694    10.4045    32.4371      8.056     0.5654 1.4348e+00  1024.9686    10.4024    24.8838     9.4936    289.493    9.03879  275.62315    105.032 0.0000e+00
   40.43332  -72.82374     18.819     18.674    10.4042    32.4378      8.056     0.5654 1.4435e+00  1024.9693    10.4021    24.8844     9.4837    289.196    9.03606  275.54393    104.954 0.0000e+00
   40.43332  -72.82374     18.800     18.655    10.4041    32.4385      8.056     0.5654 1.4478e+00  1024.9701    10.4019    24.8849     9.4869    289.295    9.03468  275.50513    105.005 0.0000e+00
   40.43332  -72.82374     18.769     18.623    10.4045    32.4388      8.061     0.5654 1.4478e+00  1024.9698    10.4024    24.8850     9.4799    289.085    9.03419  275.49207    104.934 0.0000e+00
   40.43332  -72.82374     18.738     18.593    10.4055    32.4390      8.056     0.5654 1.4653e+00  1024.9695    10.4034    24.8850     9.4808    289.116    9.03550  275.53541    104.929 0.0000e+00
   40.43332  -72.82374     18.719     18.574    10.4067    32.4390      8.056     0.5654 1.4741e+00  1024.9696    10.4046    24.8851     9.4845    289.229    9.03905  275.64590    104.928 0.0000e+00
   40.43332  -72.82374     18.687     18.543    10.4087    32.4390      8.056     0.5386 1.4785e+00  1024.9699    10.4065    24.8846     9.4877    289.324    9.04196  275.73081    104.930 0.0000e+00
   40.43332  -72.82374     18.668     18.523    10.4138    32.4383      8.056     0.5252 1.4874e+00  1024.9677    10.4116    24.8830     9.4877    289.318    9.04174  275.72012    104.932 0.0000e+00
   40.43332  -72.82374     18.638     18.493    10.4186    32.4364      8.056     0.5252 1.4919e+00  1024.9647    10.4164    24.8809     9.4859    289.261    9.03981  275.65886    104.935 0.0000e+00
   40.43332  -72.82374     18.597     18.452    10.4214    32.4350      8.056     0.5252 1.4963e+00  1024.9626    10.4193    24.8793     9.4827    289.163    9.03647  275.55615    104.938 0.0000e+00
