CalculateIndicators/WaterTemperature/Data/CTD_NYOS/20230518_C31.cnv
* Sea-Bird SBE 9 Data File:
* FileName = C:\Seabird 9 CTD\Data\2023\202305_offshore\20230518_C31.hex
* Software Version Seasave V 7.23.2
* Temperature SN = 4590
* Conductivity SN = 3228
* Number of Bytes Per Scan = 44
* Number of Voltage Words = 5
* Number of Scans Averaged by the Deck Unit = 1
* NMEA Latitude = 40 53.51 N
* NMEA Longitude = 072 12.16 W
* NMEA UTC (Time) = May 18 2023  20:43:15
* NMEA baud rate = 4800
** Ship: Seawolf
** Station: 11.1
** Operator: sjw
# nquan = 18
# nvalues = 7109                        
# units = specified
# name 0 = latitude: Latitude [deg]
# name 1 = longitude: Longitude [deg]
# name 2 = prDM: Pressure, Digiquartz [db]
# name 3 = depSM: Depth [salt water, m]
# name 4 = t090C: Temperature [ITS-90, deg C]
# name 5 = sal00: Salinity, Practical [PSU]
# name 6 = ph: pH
# name 7 = flECO-AFL: Fluorescence, WET Labs ECO-AFL/FL [mg/m^3]
# name 8 = cpar: CPAR/Corrected Irradiance [%]
# name 9 = density00: Density [density, kg/m^3]
# name 10 = potemp090C: Potential Temperature [ITS-90, deg C]
# name 11 = sigma-é00: Density [sigma-theta, kg/m^3]
# name 12 = sbeox0Mg/L: Oxygen, SBE 43 [mg/l]
# name 13 = sbox0Mm/Kg: Oxygen, SBE 43 [umol/kg]
# name 14 = oxsolMg/L: Oxygen Saturation, Garcia & Gordon [mg/l]
# name 15 = oxsolMm/Kg: Oxygen Saturation, Garcia & Gordon [umol/kg]
# name 16 = sbeox0PS: Oxygen, SBE 43 [% saturation]
# name 17 = flag:  0.000e+00
# span 0 =   40.89194,   40.89234       
# span 1 =  -72.20276,  -72.20244       
# span 2 =      1.575,     20.526       
# span 3 =      1.562,     20.366       
# span 4 =    10.5257,    11.9603       
# span 5 =    31.3360,    31.5989       
# span 6 =      7.966,      8.015       
# span 7 =    -0.0121,     1.2773       
# span 8 = 6.3668e-01, 2.3514e+02       
# span 9 =  1023.7805,  1024.3024       
# span 10 =    10.5234,    11.9601      
# span 11 =    23.7735,    24.2102      
# span 12 =     8.5046,     8.9203      
# span 13 =    259.492,    272.269      
# span 14 =    8.85623,    9.11854      
# span 15 =  270.33405,  278.22290      
# span 16 =     93.287,    100.281      
# span 17 = 0.0000e+00, 0.0000e+00      
# interval = seconds: 0.0416667
# start_time = May 18 2023 20:43:16 [System UTC, first data scan.]
# bad_flag = -9.990e-29
*END*
[from data line 1287]
   40.89200  -72.20268     18.555     18.411    10.5401    31.5914 -9.990e-29     1.0624 1.2710e+00  1024.2857    10.5380    24.2019     8.5571    261.094    9.11706  278.17863     93.858 0.0000e+00
   40.89200  -72.20268     18.566     18.421    10.5400    31.5917 -9.990e-29     1.0624 1.2639e+00  1024.2858    10.5378    24.2022     8.5629    261.269    9.11707  278.17911     93.921 0.0000e+00
   40.89200  -72.20268     18.587     18.442    10.5385    31.5917 -9.990e-29     1.0624 1.2639e+00  1024.2869    10.5364    24.2024     8.5637    261.295    9.11703  278.17778     93.931 -9.990e-29
   40.89200  -72.20268     18.587     18.442    10.5388    31.5918 -9.990e-29     1.0624 1.2568e+00  1024.2864    10.5367    24.2024     8.5641    261.307    9.11710  278.17992     93.935 -9.990e-29
   40.89200  -72.20268     18.596     18.452    10.5386    31.5920 -9.990e-29     1.0624 1.2497e+00  1024.2859    10.5365    24.2023     8.5645    261.318    9.11705  278.17825     93.939 0.0000e+00
   40.89200  -72.20268     18.606     18.461    10.5378    31.5921 -9.990e-29     1.0624 1.2497e+00  1024.2869    10.5357    24.2028     8.5593    261.160    9.11701  278.17705     93.883 0.0000e+00
   40.89200  -72.20268     18.617     18.472    10.5373    31.5926 -9.990e-29     1.0490 1.2462e+00  1024.2875    10.5352    24.2033     8.5592    261.158    9.11698  278.17629     93.882 0.0000e+00
   40.89200  -72.20268     18.636     18.491    10.5371    31.5930 -9.990e-29     1.0087 1.2357e+00  1024.2878    10.5350    24.2036     8.5593    261.161    9.11693  278.17477     93.884 -9.990e-29
   40.89200  -72.20268     18.636     18.491    10.5367    31.5933 -9.990e-29     0.9952 1.2357e+00  1024.2882    10.5345    24.2040     8.5595    261.166    9.11685  278.17221     93.886 -9.990e-29
   40.89200  -72.20268     18.647     18.502    10.5360    31.5936 -9.990e-29     0.9952 1.2322e+00  1024.2887    10.5339    24.2042     8.5599    261.178    9.11680  278.17095     93.891 0.0000e+00
   40.89200  -72.20268     18.657     18.512    10.5363    31.5936 -9.990e-29     0.9952 1.2252e+00  1024.2885    10.5342    24.2043     8.5541    261.001    9.11685  278.17242     93.827 0.0000e+00
   40.89200  -72.20268     18.678     18.532    10.5364    31.5936 -9.990e-29     0.9952 1.2252e+00  1024.2888    10.5342    24.2043     8.5589    261.149    9.11677  278.17012     93.881 -9.990e-29
   40.89200  -72.20268     18.678     18.532    10.5368    31.5935 -9.990e-29     0.9952 1.2218e+00  1024.2886    10.5347    24.2041     8.5598    261.176    9.11681  278.17120     93.890 -9.990e-29
   40.89200  -72.20268     18.687     18.542    10.5373    31.5932      7.971     0.9952 1.2184e+00  1024.2880    10.5352    24.2037     8.5552    261.036    9.11692  278.17453     93.839 0.0000e+00
   40.89200  -72.20268     18.698     18.553    10.5377    31.5932      7.971     0.9952 1.2149e+00  1024.2878    10.5355    24.2035     8.5550    261.028    9.11695  278.17549     93.836 0.0000e+00
   40.89200  -72.20268     18.719     18.573    10.5370    31.5932      7.971     0.9952 1.2149e+00  1024.2884    10.5349    24.2038     8.5606    261.199    9.11697  278.17596     93.897 -9.990e-29
   40.89200  -72.20268     18.708     18.562    10.5363    31.5934      7.971     0.9952 1.2093e+00  1024.2887    10.5342    24.2040     8.5556    261.049    9.11706  278.17863     93.842 -9.990e-29
   40.89200  -72.20268     18.728     18.583    10.5365    31.5935      7.971     0.9952 1.2084e+00  1024.2885    10.5344    24.2041     8.5616    261.229    9.11715  278.18137     93.906 0.0000e+00
   40.89200  -72.20268     18.738     18.592    10.5361    31.5937      7.971     0.9952 1.2075e+00  1024.2889    10.5340    24.2044     8.5619    261.238    9.11722  278.18349     93.909 -9.990e-29
   40.89200  -72.20268     18.738     18.592    10.5350    31.5943      7.971     0.9952 1.2045e+00  1024.2895    10.5328    24.2050     8.5566    261.076    9.11732  278.18636     93.849 -9.990e-29
   40.89200  -72.20268     18.759     18.613    10.5342    31.5948      7.971     0.9952 1.2028e+00  1024.2904    10.5321    24.2055     8.5563    261.068    9.11731  278.18606     93.846 -9.990e-29
   40.89200  -72.20268     18.759     18.613    10.5340    31.5951      7.971     0.9952 1.2104e+00  1024.2906    10.5318    24.2058     8.5561    261.062    9.11731  278.18606     93.844 -9.990e-29
   40.89200  -72.20268     18.768     18.622    10.5337    31.5951      7.971     0.9952 1.2126e+00  1024.2905    10.5315    24.2058     8.5617    261.235    9.11732  278.18631     93.906 0.0000e+00
   40.89200  -72.20268     18.779     18.633    10.5334    31.5951      7.971     0.9952 1.2148e+00  1024.2908    10.5312    24.2058     8.5626    261.262    9.11741  278.18902     93.915 -9.990e-29
   40.89200  -72.20268     18.779     18.633    10.5338    31.5951      7.971     0.9952 1.2232e+00  1024.2907    10.5317    24.2058     8.5635    261.287    9.11741  278.18902     93.924 -9.990e-29
   40.89200  -72.20268     18.789     18.643    10.5338    31.5951      7.971     0.9952 1.2331e+00  1024.2905    10.5317    24.2058     8.5588    261.144    9.11747  278.19069     93.872 0.0000e+00
   40.89200  -72.20268     18.800     18.654    10.5335    31.5951      7.971     0.9952 1.2411e+00  1024.2908    10.5313    24.2058     8.5592    261.156    9.11751  278.19216     93.876 -9.990e-29
   40.89200  -72.20268     18.800     18.654    10.5332    31.5951      7.971     0.9952 1.2529e+00  1024.2909    10.5311    24.2059     8.5596    261.170    9.11748  278.19104     93.881 -9.990e-29
   40.89200  -72.20268     18.810     18.663    10.5333    31.5952      7.971     0.9952 1.2686e+00  1024.2909    10.5312    24.2060     8.5601    261.186    9.11741  278.18902     93.888 -9.990e-29
   40.89200  -72.20268     18.810     18.663    10.5330    31.5954      7.971     0.9952 1.2789e+00  1024.2912    10.5308    24.2062     8.5609    261.209    9.11748  278.19093     93.896 -9.990e-29
   40.89200  -72.20268     18.819     18.673    10.5327    31.5956      7.971     0.9952 1.2916e+00  1024.2914    10.5306    24.2064     8.5618    261.236    9.11753  278.19241     93.905 -9.990e-29
   40.89200  -72.20268     18.819     18.673    10.5323    31.5959      7.971     1.0490 1.3115e+00  1024.2916    10.5302    24.2067     8.5620    261.243    9.11755  278.19319     93.907 -9.990e-29
   40.89200  -72.20268     18.819     18.673    10.5318    31.5959      7.971     1.0624 1.3267e+00  1024.2924    10.5297    24.2070     8.5624    261.253    9.11760  278.19473     93.910 -9.990e-29
   40.89200  -72.20268     18.830     18.684    10.5325    31.5959      7.971     1.0624 1.3423e+00  1024.2919    10.5304    24.2069     8.5628    261.267    9.11766  278.19634     93.915 -9.990e-29
   40.89200  -72.20268     18.830     18.684    10.5328    31.5958      7.971     1.0758 1.3639e+00  1024.2916    10.5307    24.2066     8.5634    261.285    9.11777  278.19985     93.920 -9.990e-29
   40.89200  -72.20268     18.840     18.693    10.5330    31.5955      7.971     1.0624 1.3845e+00  1024.2916    10.5308    24.2063     8.5641    261.307    9.11795  278.20497     93.926 -9.990e-29
   40.89200  -72.20268     18.840     18.693    10.5337    31.5952      7.971     1.0624 1.4075e+00  1024.2907    10.5316    24.2059     8.5649    261.331    9.11805  278.20781     93.934 -9.990e-29
   40.89200  -72.20268     18.849     18.703    10.5335    31.5951      7.971     1.0624 1.4313e+00  1024.2911    10.5313    24.2058     8.5656    261.353    9.11803  278.20733     93.942 -9.990e-29
   40.89200  -72.20268     18.849     18.703    10.5338    31.5951      7.971     1.0624 1.4579e+00  1024.2909    10.5317    24.2059     8.5665    261.378    9.11801  278.20671     93.951 -9.990e-29
   40.89200  -72.20268     18.849     18.703    10.5335    31.5951      7.971     1.0758 1.4874e+00  1024.2911    10.5314    24.2059     8.5674    261.406    9.11801  278.20653     93.961 -9.990e-29
   40.89200  -72.20268     18.849     18.703    10.5337    31.5952      7.971     1.0624 1.5182e+00  1024.2908    10.5315    24.2060     8.5677    261.415    9.11802  278.20706     93.964 -9.990e-29
   40.89200  -72.20268     18.849     18.703    10.5333    31.5954      7.971     1.0624 1.5459e+00  1024.2915    10.5312    24.2061     8.5688    261.450    9.11811  278.20968     93.976 -9.990e-29
   40.89200  -72.20268     18.860     18.714    10.5334    31.5954      7.971     1.0624 1.5771e+00  1024.2913    10.5312    24.2061     8.5693    261.465    9.11815  278.21091     93.981 -9.990e-29
   40.89200  -72.20268     18.860     18.714    10.5335    31.5954      7.971     1.0624 1.6143e+00  1024.2910    10.5313    24.2061     8.5706    261.504    9.11822  278.21309     93.994 -9.990e-29
   40.89200  -72.20268     18.870     18.723    10.5328    31.5954      7.971     1.0624 1.6533e+00  1024.2918    10.5307    24.2062     8.5655    261.348    9.11825  278.21393     93.938 -9.990e-29
   40.89200  -72.20268     18.860     18.714    10.5329    31.5954      7.971     1.0624 1.6969e+00  1024.2915    10.5307    24.2063     8.5711    261.519    9.11820  278.21219     94.000 -9.990e-29
   40.89200  -72.20268     18.870     18.723    10.5327    31.5954      7.971     1.0624 1.7428e+00  1024.2917    10.5305    24.2062     8.5718    261.541    9.11820  278.21252     94.008 -9.990e-29
   40.89200  -72.20268     18.860     18.714    10.5333    31.5952      7.971     1.0624 1.7892e+00  1024.2911    10.5312    24.2060     8.5727    261.567    9.11826  278.21413     94.016 -9.990e-29
   40.89200  -72.20268     18.881     18.734    10.5338    31.5948      7.971     1.0624 1.8436e+00  1024.2912    10.5317    24.2057     8.5678    261.418    9.11826  278.21414     93.963 -9.990e-29
   40.89200  -72.20268     18.881     18.734    10.5342    31.5947      7.971     1.0624 1.9014e+00  1024.2901    10.5320    24.2052     8.5672    261.401    9.11827  278.21454     93.957 -9.990e-29
   40.89200  -72.20268     18.881     18.734    10.5343    31.5947      7.971     1.0624 1.9574e+00  1024.2902    10.5322    24.2052     8.5675    261.409    9.11826  278.21418     93.960 -9.990e-29
   40.89200  -72.20268     18.900     18.753    10.5337    31.5947      7.971     1.0624 2.0229e+00  1024.2912    10.5315    24.2055     8.5678    261.420    9.11825  278.21370     93.964 -9.990e-29
   40.89200  -72.20268     18.891     18.744    10.5340    31.5948      7.971     1.0624 2.0929e+00  1024.2909    10.5319    24.2056     8.5682    261.432    9.11822  278.21293     93.968 -9.990e-29
   40.89200  -72.20268     18.891     18.744    10.5341    31.5948      7.971     1.0624 2.1680e+00  1024.2910    10.5320    24.2056     8.5745    261.622    9.11820  278.21238     94.037 -9.990e-29
   40.89200  -72.20268     18.900     18.753    10.5343    31.5948      7.971     1.0624 2.2314e+00  1024.2909    10.5322    24.2055     8.5693    261.465    9.11820  278.21226     93.980 0.0000e+00
   40.89200  -72.20268     18.911     18.764    10.5347    31.5946      7.971     1.1027 2.3075e+00  1024.2907    10.5325    24.2053     8.5692    261.462    9.11820  278.21247     93.979 -9.990e-29
   40.89200  -72.20268     18.900     18.753    10.5351    31.5945      7.971     1.1698 2.3837e+00  1024.2905    10.5330    24.2051     8.5692    261.462    9.11822  278.21287     93.979 -9.990e-29
   40.89200  -72.20268     18.911     18.764    10.5353    31.5944      7.971     1.1833 2.4457e+00  1024.2906    10.5332    24.2050     8.5692    261.461    9.11818  278.21180     93.979 0.0000e+00
   40.89200  -72.20268     18.931     18.783    10.5352    31.5943      7.971     1.1833 2.5202e+00  1024.2904    10.5330    24.2049     8.5693    261.464    9.11818  278.21170     93.980 -9.990e-29
   40.89200  -72.20268     18.921     18.774    10.5356    31.5942      7.971     1.1698 2.5930e+00  1024.2901    10.5335    24.2047     8.5688    261.450    9.11834  278.21719     93.973 -9.990e-29
   40.89200  -72.20268     18.921     18.774    10.5355    31.5942      7.971     1.1698 2.6496e+00  1024.2901    10.5333    24.2047     8.5689    261.452    9.11825  278.21393     93.975 -9.990e-29
   40.89200  -72.20268     18.942     18.794    10.5349    31.5942      7.971     1.1698 2.7022e+00  1024.2904    10.5327    24.2049     8.5691    261.459    9.11824  278.21358     93.978 -9.990e-29
   40.89200  -72.20268     18.942     18.794    10.5346    31.5945      7.971     1.1833 2.7579e+00  1024.2906    10.5325    24.2052     8.5686    261.444    9.11822  278.21296     93.973 -9.990e-29
   40.89200  -72.20268     18.962     18.815    10.5343    31.5948      7.971     1.1833 2.8012e+00  1024.2913    10.5322    24.2055     8.5625    261.256    9.11820  278.21234     93.905 -9.990e-29
   40.89200  -72.20268     18.962     18.815    10.5339    31.5949      7.971     1.1833 2.8379e+00  1024.2914    10.5317    24.2057     8.5621    261.244    9.11816  278.21089     93.901 -9.990e-29
   40.89200  -72.20268     18.962     18.815    10.5335    31.5951      7.971     1.1698 2.8684e+00  1024.2914    10.5313    24.2059     8.5611    261.213    9.11818  278.21165     93.890 -9.990e-29
   40.89200  -72.20268     18.982     18.834    10.5330    31.5953      7.971     1.1833 2.8832e+00  1024.2919    10.5308    24.2061     8.5666    261.383    9.11822  278.21299     93.951 -9.990e-29
   40.89200  -72.20268     18.982     18.834    10.5324    31.5956      7.971     1.1698 2.8987e+00  1024.2922    10.5302    24.2064     8.5616    261.228    9.11825  278.21379     93.895 -9.990e-29
   40.89200  -72.20268     19.002     18.854    10.5323    31.5956      7.971     1.1698 2.9228e+00  1024.2925    10.5302    24.2066     8.5607    261.203    9.11824  278.21341     93.886 -9.990e-29
   40.89200  -72.20268     19.002     18.854    10.5323    31.5957      7.971     1.1833 2.9307e+00  1024.2925    10.5302    24.2065     8.5599    261.177    9.11814  278.21068     93.878 -9.990e-29
   40.89200  -72.20268     19.012     18.864    10.5325    31.5958      7.971     1.1698 2.9223e+00  1024.2920    10.5304    24.2065     8.5592    261.155    9.11810  278.20922     93.870 0.0000e+00
   40.89200  -72.20268     19.043     18.895    10.5318    31.5958      7.971     1.1698 2.9387e+00  1024.2929    10.5296    24.2067     8.5593    261.161    9.11814  278.21046     93.872 -9.990e-29
   40.89200  -72.20268     19.032     18.884    10.5318    31.5960      7.971     1.1698 2.9387e+00  1024.2929    10.5296    24.2069     8.5595    261.166    9.11810  278.20932     93.874 -9.990e-29
   40.89200  -72.20268     19.053     18.905    10.5315    31.5960      7.971     1.1698 2.9304e+00  1024.2930    10.5294    24.2069     8.5599    261.177    9.11817  278.21123     93.877 0.0000e+00
   40.89200  -72.20268     19.074     18.925    10.5313    31.5961      7.971     1.1833 2.9304e+00  1024.2931    10.5291    24.2070     8.5595    261.166    9.11813  278.21023     93.874 0.0000e+00
   40.89200  -72.20268     19.083     18.935    10.5313    31.5963      7.971     1.1698 2.9303e+00  1024.2935    10.5291    24.2072     8.5593    261.158    9.11817  278.21150     93.870 0.0000e+00
   40.89200  -72.20268     19.104     18.955    10.5317    31.5963      7.971     1.1698 2.9221e+00  1024.2935    10.5295    24.2072     8.5591    261.152    9.11821  278.21247     93.868 0.0000e+00
   40.89200  -72.20268     19.114     18.965    10.5314    31.5963      7.971     1.1698 2.9139e+00  1024.2935    10.5292    24.2072     8.5589    261.148    9.11822  278.21298     93.866 0.0000e+00
   40.89200  -72.20268     19.134     18.985    10.5312    31.5964      7.971     1.1698 2.9139e+00  1024.2936    10.5290    24.2072     8.5589    261.146    9.11826  278.21415     93.865 0.0000e+00
