CalculateIndicators/WaterTemperature/Data/CTD_NYOS/20230516_C15.cnv
* Sea-Bird SBE 9 Data File:
* FileName = C:\Seabird 9 CTD\Data\2023\202305_offshore\20230516_C15.hex
* Software Version Seasave V 7.23.2
* Temperature SN = 4590
* Conductivity SN = 3228
* Number of Bytes Per Scan = 44
* Number of Voltage Words = 5
* Number of Scans Averaged by the Deck Unit = 1
* NMEA Latitude = 40 13.41 N
* NMEA Longitude = 072 40.86 W
* NMEA UTC (Time) = May 16 2023  20:29:31
* NMEA baud rate = 4800
** Ship: Seawolf
** Station: 9.3
** Operator: tcm
# nquan = 18
# nvalues = 11861                       
# units = specified
# name 0 = latitude: Latitude [deg]
# name 1 = longitude: Longitude [deg]
# name 2 = prDM: Pressure, Digiquartz [db]
# name 3 = depSM: Depth [salt water, m]
# name 4 = t090C: Temperature [ITS-90, deg C]
# name 5 = sal00: Salinity, Practical [PSU]
# name 6 = ph: pH
# name 7 = flECO-AFL: Fluorescence, WET Labs ECO-AFL/FL [mg/m^3]
# name 8 = cpar: CPAR/Corrected Irradiance [%]
# name 9 = density00: Density [density, kg/m^3]
# name 10 = potemp090C: Potential Temperature [ITS-90, deg C]
# name 11 = sigma-é00: Density [sigma-theta, kg/m^3]
# name 12 = sbeox0Mg/L: Oxygen, SBE 43 [mg/l]
# name 13 = sbox0Mm/Kg: Oxygen, SBE 43 [umol/kg]
# name 14 = oxsolMg/L: Oxygen Saturation, Garcia & Gordon [mg/l]
# name 15 = oxsolMm/Kg: Oxygen Saturation, Garcia & Gordon [umol/kg]
# name 16 = sbeox0PS: Oxygen, SBE 43 [% saturation]
# name 17 = flag:  0.000e+00
# span 0 =   40.22350,   40.22568       
# span 1 =  -72.68110,  -72.67896       
# span 2 =      1.567,     53.299       
# span 3 =      1.555,     52.882       
# span 4 =     6.8142,    13.7524       
# span 5 =    31.8536,    32.8828       
# span 6 =      7.845,      8.087       
# span 7 =     0.0013,     6.7706       
# span 8 = 7.5257e-03, 5.5546e+01       
# span 9 =  1023.8192,  1026.0082       
# span 10 =     6.8110,    13.7519      
# span 11 =    23.8084,    25.7750      
# span 12 =     8.3964,    10.3794      
# span 13 =    255.799,    316.402      
# span 14 =    8.50607,    9.82684      
# span 15 =  259.63667,  299.38480      
# span 16 =     85.556,    112.481      
# span 17 = 0.0000e+00, 0.0000e+00      
# interval = seconds: 0.0416667
# start_time = May 16 2023 20:29:29 [System UTC, first data scan.]
# bad_flag = -9.990e-29
*END*
[from data line 8523]
   40.22510  -72.67964     14.153     14.043    12.6787    32.2852      8.048     0.5252 4.7925e+00  1024.4163    12.6768    24.3532     9.0644    276.534    8.66736  264.42205    104.581 -9.990e-29
   40.22510  -72.67964     14.155     14.046    12.6788    32.2852      8.048     0.5252 4.8106e+00  1024.4166    12.6770    24.3532     9.0651    276.555    8.66764  264.43089    104.585 -9.990e-29
   40.22510  -72.67964     14.142     14.032    12.6793    32.2852      8.048     0.5252 4.8242e+00  1024.4164    12.6775    24.3531     9.0657    276.574    8.66781  264.43578    104.590 0.0000e+00
   40.22510  -72.67964     14.132     14.023    12.6797    32.2851      8.048     0.5252 4.8242e+00  1024.4162    12.6778    24.3529     9.0656    276.571    8.66785  264.43688    104.588 0.0000e+00
   40.22510  -72.67964     14.114     14.005    12.6805    32.2848      8.048     0.5252 4.8514e+00  1024.4156    12.6787    24.3526     9.0655    276.569    8.66795  264.43988    104.587 -9.990e-29
   40.22510  -72.67964     14.122     14.013    12.6810    32.2845      8.048     0.5252 4.8651e+00  1024.4157    12.6792    24.3522     9.0662    276.588    8.66803  264.44216    104.593 -9.990e-29
   40.22510  -72.67964     14.104     13.996    12.6817    32.2837      8.048     0.5252 4.8651e+00  1024.4147    12.6798    24.3515     9.0662    276.589    8.66811  264.44459    104.593 -9.990e-29
   40.22510  -72.67964     14.102     13.993    12.6817    32.2821      8.048     0.5252 4.8835e+00  1024.4137    12.6798    24.3504     9.0663    276.593    8.66828  264.44980    104.592 -9.990e-29
   40.22510  -72.67964     14.095     13.986    12.6810    32.2802      8.048     0.5252 4.8973e+00  1024.4114    12.6792    24.3491     9.0665    276.598    8.66843  264.45460    104.592 0.0000e+00
   40.22510  -72.67964     14.081     13.972    12.6784    32.2802      8.048     0.5252 4.8973e+00  1024.4109    12.6765    24.3486     9.0721    276.769    8.66867  264.46161    104.654 -9.990e-29
   40.22510  -72.67964     14.095     13.986    12.6750    32.2802      8.048     0.5117 4.9111e+00  1024.4121    12.6731    24.3493     9.0683    276.653    8.66892  264.46931    104.607 -9.990e-29
   40.22510  -72.67964     14.081     13.972    12.6721    32.2802      8.048     0.5117 4.9111e+00  1024.4134    12.6703    24.3506     9.0686    276.663    8.66918  264.47713    104.608 -9.990e-29
   40.22510  -72.67964     14.084     13.975    12.6694    32.2814      8.048     0.5117 4.9250e+00  1024.4149    12.6676    24.3520     9.0691    276.677    8.66951  264.48727    104.609 -9.990e-29
   40.22510  -72.67964     14.091     13.982    12.6678    32.2827      8.048     0.5117 4.9250e+00  1024.4168    12.6659    24.3533     9.0703    276.716    8.66997  264.50125    104.618 -9.990e-29
   40.22510  -72.67964     14.084     13.975    12.6671    32.2827      8.048     0.5117 4.9297e+00  1024.4173    12.6653    24.3538     9.0713    276.745    8.67070  264.52315    104.620 0.0000e+00
   40.22510  -72.67964     14.081     13.972    12.6670    32.2827      8.048     0.5117 4.9297e+00  1024.4166    12.6652    24.3536     9.0719    276.761    8.67102  264.53234    104.623 -9.990e-29
   40.22510  -72.67964     14.095     13.986    12.6658    32.2827      8.048     0.5117 4.9297e+00  1024.4158    12.6639    24.3533     9.0775    276.932    8.67109  264.53433    104.687 -9.990e-29
   40.22510  -72.67964     14.091     13.982    12.6638    32.2827      8.048     0.5117 4.9436e+00  1024.4164    12.6619    24.3537     9.0730    276.794    8.67108  264.53353    104.635 -9.990e-29
   40.22510  -72.67964     14.104     13.996    12.6617    32.2827      8.048     0.5117 4.9436e+00  1024.4176    12.6599    24.3546     9.0785    276.964    8.67107  264.53348    104.699 -9.990e-29
   40.22510  -72.67964     14.111     14.002    12.6602    32.2837      8.048     0.5117 4.9436e+00  1024.4187    12.6584    24.3556     9.0794    276.990    8.67107  264.53369    104.709 -9.990e-29
   40.22510  -72.67964     14.104     13.996    12.6590    32.2846      8.048     0.5117 4.9297e+00  1024.4196    12.6572    24.3565     9.0802    277.015    8.67104  264.53298    104.719 -9.990e-29
   40.22510  -72.67964     14.122     14.013    12.6585    32.2855      8.048     0.5117 4.9345e+00  1024.4206    12.6567    24.3574     9.0760    276.889    8.67136  264.54298    104.667 -9.990e-29
   40.22510  -72.67964     14.132     14.023    12.6582    32.2860      8.048     0.5117 4.9345e+00  1024.4213    12.6563    24.3578     9.0823    277.079    8.67194  264.56058    104.732 -9.990e-29
   40.22510  -72.67964     14.114     14.005    12.6580    32.2863      8.048     0.5117 4.9206e+00  1024.4209    12.6562    24.3581     9.0836    277.120    8.67237  264.57320    104.742 -9.990e-29
   40.22510  -72.67964     14.142     14.032    12.6573    32.2866      8.048     0.5117 4.9206e+00  1024.4217    12.6555    24.3584     9.0847    277.153    8.67258  264.57931    104.752 -9.990e-29
   40.22510  -72.67964     14.135     14.026    12.6579    32.2871      8.048     0.5117 4.9206e+00  1024.4219    12.6560    24.3587     9.0857    277.182    8.67262  264.58047    104.763 -9.990e-29
   40.22510  -72.67964     14.153     14.043    12.6589    32.2874      8.048     0.5117 4.9068e+00  1024.4221    12.6570    24.3589     9.0912    277.350    8.67261  264.57996    104.827 -9.990e-29
   40.22510  -72.67964     14.144     14.035    12.6592    32.2876      8.048     0.5117 4.9068e+00  1024.4221    12.6574    24.3589     9.0867    277.212    8.67259  264.57938    104.775 -9.990e-29
   40.22510  -72.67964     14.162     14.053    12.6599    32.2877      8.048     0.5117 4.8978e+00  1024.4221    12.6580    24.3588     9.0875    277.238    8.67265  264.58092    104.784 -9.990e-29
   40.22510  -72.67964     14.155     14.046    12.6607    32.2877      8.048     0.5117 4.8840e+00  1024.4219    12.6588    24.3586     9.0881    277.255    8.67242  264.57421    104.793 -9.990e-29
   40.22510  -72.67964     14.172     14.062    12.6614    32.2880      8.048     0.5117 4.8840e+00  1024.4219    12.6595    24.3586     9.0885    277.268    8.67212  264.56477    104.802 -9.990e-29
   40.22510  -72.67964     14.165     14.056    12.6622    32.2885      8.048     0.5117 4.8840e+00  1024.4220    12.6604    24.3589     9.0937    277.427    8.67184  264.55651    104.865 -9.990e-29
   40.22510  -72.67964     14.172     14.062    12.6634    32.2895      8.048     0.5117 4.8703e+00  1024.4226    12.6616    24.3594     9.0890    277.282    8.67174  264.55369    104.811 -9.990e-29
   40.22510  -72.67964     14.176     14.067    12.6656    32.2909      8.048     0.5117 4.8613e+00  1024.4236    12.6637    24.3601     9.0891    277.285    8.67175  264.55390    104.812 -9.990e-29
   40.22510  -72.67964     14.183     14.073    12.6689    32.2909      8.048     0.5252 4.8613e+00  1024.4244    12.6671    24.3602     9.0891    277.287    8.67174  264.55384    104.813 -9.990e-29
   40.22510  -72.67964     14.186     14.076    12.6743    32.2909      8.048     0.5252 4.8476e+00  1024.4231    12.6725    24.3593     9.0890    277.284    8.67163  264.55040    104.813 -9.990e-29
   40.22510  -72.67964     14.183     14.073    12.6787    32.2907      8.048     0.5252 4.8613e+00  1024.4208    12.6769    24.3577     9.0894    277.296    8.67143  264.54421    104.820 -9.990e-29
   40.22510  -72.67964     14.186     14.076    12.6819    32.2897      8.048     0.5252 4.8476e+00  1024.4194    12.6800    24.3562     9.0893    277.291    8.67130  264.54034    104.820 -9.990e-29
   40.22510  -72.67964     14.192     14.083    12.6850    32.2888      8.048     0.5252 4.8340e+00  1024.4186    12.6832    24.3548     9.0951    277.469    8.67117  264.53636    104.889 -9.990e-29
   40.22510  -72.67964     14.176     14.067    12.6887    32.2877      8.048     0.5252 4.8204e+00  1024.4164    12.6869    24.3534     9.0955    277.482    8.67105  264.53272    104.895 -9.990e-29
   40.22512  -72.67964     14.183     14.073    12.6908    32.2871      8.048     0.5252 4.8204e+00  1024.4152    12.6889    24.3522     9.0912    277.351    8.67094  264.52943    104.847 -9.990e-29
   40.22512  -72.67964     14.195     14.086    12.6929    32.2871      8.048     0.5252 4.8204e+00  1024.4150    12.6910    24.3517     9.0963    277.507    8.67082  264.52597    104.907 -9.990e-29
   40.22512  -72.67964     14.183     14.073    12.6951    32.2871      8.048     0.5252 4.7980e+00  1024.4145    12.6933    24.3516     9.0964    277.508    8.67043  264.51387    104.912 -9.990e-29
   40.22512  -72.67964     14.186     14.076    12.6976    32.2871      8.048     0.5252 4.8069e+00  1024.4156    12.6958    24.3514     9.0955    277.483    8.66932  264.48063    104.916 -9.990e-29
   40.22512  -72.67964     14.183     14.073    12.7024    32.2871      8.048     0.5252 4.8069e+00  1024.4140    12.7006    24.3504     9.0949    277.463    8.66898  264.47057    104.913 -9.990e-29
   40.22512  -72.67964     14.165     14.056    12.7074    32.2861      8.048     0.5252 4.7933e+00  1024.4122    12.7056    24.3485     9.0944    277.448    8.66830  264.44836    104.916 -9.990e-29
   40.22512  -72.67964     14.162     14.053    12.7119    32.2841      8.048     0.5252 4.7933e+00  1024.4093    12.7101    24.3462     9.0930    277.400    8.66672  264.39689    104.918 -9.990e-29
   40.22512  -72.67964     14.155     14.046    12.7136    32.2819      8.048     0.5252 4.7933e+00  1024.4071    12.7117    24.3441     9.0896    277.298    8.66355  264.30026    104.918 -9.990e-29
   40.22512  -72.67964     14.142     14.032    12.7135    32.2801      8.048     0.5252 4.7933e+00  1024.4054    12.7116    24.3428     9.0854    277.172    8.65967  264.18528    104.916 -9.990e-29
   40.22512  -72.67964     14.135     14.026    12.7121    32.2800      8.048     0.5252 4.7933e+00  1024.4051    12.7102    24.3424     9.0814    277.054    8.65608  264.07823    104.914 -9.990e-29
   40.22512  -72.67964     14.132     14.023    12.7109    32.2800      8.048     0.5252 4.7799e+00  1024.4059    12.7090    24.3427     9.0777    276.943    8.65273  263.97849    104.911 -9.990e-29
   40.22512  -72.67964     14.122     14.013    12.7105    32.2800      8.048     0.5252 4.7799e+00  1024.4065    12.7086    24.3431     9.0749    276.863    8.65034  263.90891    104.909 -9.990e-29
   40.22512  -72.67964     14.104     13.996    12.7101    32.2802      8.048     0.5252 4.7799e+00  1024.4061    12.7082    24.3434     9.0738    276.831    8.64940  263.88332    104.907 -9.990e-29
   40.22512  -72.67964     14.091     13.982    12.7094    32.2802      8.048     0.5252 4.7799e+00  1024.4067    12.7076    24.3436     9.0690    276.686    8.64999  263.90316    104.844 -9.990e-29
   40.22512  -72.67964     14.095     13.986    12.7089    32.2802      8.048     0.5252 4.7933e+00  1024.4069    12.7071    24.3438     9.0700    276.716    8.65155  263.95119    104.836 -9.990e-29
   40.22512  -72.67964     14.060     13.952    12.7082    32.2801      8.048     0.5252 4.7799e+00  1024.4063    12.7064    24.3436     9.0713    276.757    8.65347  264.00920    104.828 0.0000e+00
   40.22512  -72.67964     14.053     13.945    12.7074    32.2799      8.048     0.5252 4.7799e+00  1024.4063    12.7056    24.3436     9.0781    276.966    8.65557  264.07409    104.882 0.0000e+00
   40.22512  -72.67964     14.041     13.933    12.7061    32.2797      8.048     0.5252 4.7933e+00  1024.4066    12.7043    24.3437     9.0806    277.040    8.65795  264.14629    104.881 0.0000e+00
   40.22512  -72.67964     14.023     13.915    12.7049    32.2795      8.048     0.5252 4.7845e+00  1024.4063    12.7030    24.3438     9.0784    276.972    8.66048  264.22192    104.826 0.0000e+00
   40.22512  -72.67964     13.990     13.882    12.7034    32.2793      8.048     0.5386 4.7980e+00  1024.4066    12.7015    24.3439     9.0857    277.191    8.66299  264.29554    104.879 0.0000e+00
   40.22512  -72.67964     13.972     13.865    12.7017    32.2793      8.048     0.5386 4.7980e+00  1024.4063    12.6999    24.3441     9.0873    277.237    8.66470  264.34523    104.877 0.0000e+00
   40.22512  -72.67964     13.960     13.852    12.6993    32.2793      8.048     0.5386 4.8116e+00  1024.4064    12.6975    24.3447     9.0824    277.087    8.66544  264.36659    104.812 0.0000e+00
   40.22512  -72.67964     13.942     13.834    12.6948    32.2802      8.048     0.5386 4.8028e+00  1024.4083    12.6930    24.3460     9.0818    277.067    8.66580  264.37604    104.800 0.0000e+00
   40.22512  -72.67964     13.909     13.802    12.6925    32.2816      8.048     0.5386 4.8163e+00  1024.4102    12.6906    24.3476     9.0799    277.008    8.66505  264.35160    104.788 0.0000e+00
   40.22512  -72.67962     13.891     13.784    12.6918    32.2828      8.048     0.5386 4.8435e+00  1024.4110    12.6899    24.3488     9.0765    276.904    8.66296  264.28686    104.774 0.0000e+00
   40.22512  -72.67962     13.868     13.761    12.6915    32.2828      8.048     0.5386 4.8435e+00  1024.4120    12.6896    24.3494     9.0734    276.809    8.66060  264.21483    104.767 0.0000e+00
   40.22512  -72.67962     13.838     13.731    12.6918    32.2828      8.048     0.5386 4.8435e+00  1024.4111    12.6899    24.3494     9.0754    276.869    8.65857  264.15381    104.814 0.0000e+00
   40.22512  -72.67962     13.810     13.703    12.6918    32.2828      8.048     0.5386 4.8708e+00  1024.4109    12.6899    24.3489     9.0735    276.815    8.65684  264.10244    104.813 0.0000e+00
   40.22512  -72.67962     13.798     13.691    12.6922    32.2819      8.048     0.5386 4.8846e+00  1024.4099    12.6904    24.3482     9.0723    276.781    8.65574  264.07080    104.813 0.0000e+00
   40.22512  -72.67962     13.759     13.653    12.6911    32.2812      8.048     0.5386 4.8846e+00  1024.4084    12.6893    24.3476     9.0770    276.926    8.65515  264.05490    104.874 0.0000e+00
   40.22512  -72.67962     13.736     13.630    12.6879    32.2812      8.048     0.5386 4.9260e+00  1024.4088    12.6861    24.3479     9.0773    276.935    8.65544  264.06479    104.874 0.0000e+00
   40.22512  -72.67962     13.708     13.602    12.6852    32.2812      8.048     0.5386 4.9399e+00  1024.4101    12.6834    24.3488     9.0732    276.812    8.65609  264.08546    104.819 0.0000e+00
   40.22512  -72.67962     13.675     13.570    12.6837    32.2820      8.048     0.5386 4.9399e+00  1024.4112    12.6819    24.3497     9.0741    276.839    8.65698  264.11281    104.818 0.0000e+00
   40.22512  -72.67962     13.655     13.549    12.6834    32.2827      8.048     0.5386 4.9818e+00  1024.4113    12.6816    24.3504     9.0804    277.031    8.65799  264.14328    104.879 0.0000e+00
   40.22512  -72.67962     13.617     13.512    12.6832    32.2833      8.048     0.5386 4.9959e+00  1024.4118    12.6814    24.3509     9.0822    277.084    8.65917  264.17899    104.885 0.0000e+00
   40.22512  -72.67962     13.604     13.499    12.6832    32.2837      8.048     0.5386 5.0100e+00  1024.4120    12.6814    24.3513     9.0793    276.997    8.66046  264.21727    104.837 0.0000e+00
   40.22512  -72.67962     13.578     13.473    12.6827    32.2842      8.048     0.5386 5.0475e+00  1024.4125    12.6809    24.3516     9.0853    277.177    8.66120  264.23895    104.896 0.0000e+00
 -9.990e-29  -72.67962     13.543     13.439    12.6839    32.2845      8.048     0.5386 5.0760e+00  1024.4122    12.6821    24.3517     9.0862    277.204    8.66173  264.25416    104.901 0.0000e+00
 -9.990e-29  -72.67962     13.513     13.409    12.6854    32.2845      8.048     0.5386 5.0760e+00  1024.4123    12.6836    24.3516     9.0866    277.215    8.66182  264.25626    104.904 0.0000e+00
 -9.990e-29  -72.67962     13.506     13.402    12.6870    32.2845      8.048     0.5386 5.1047e+00  1024.4116    12.6853    24.3511     9.0870    277.228    8.66199  264.26106    104.907 0.0000e+00
