CalculateIndicators/WaterTemperature/Data/CTD_NYOS/20231003_C06.cnv
* Sea-Bird SBE 9 Data File:
* FileName = C:\Seabird 9 CTD\Data\2023\202309_offshore\20231003_C06.hex
* Software Version Seasave V 7.23.2
* Temperature SN = 4590
* Conductivity SN = 3228
* Number of Bytes Per Scan = 44
* Number of Voltage Words = 5
* Number of Scans Averaged by the Deck Unit = 1
* NMEA Latitude = 39 35.93 N
* NMEA Longitude = 072 44.90 W
* NMEA UTC (Time) = Oct 03 2023  17:38:18
* NMEA baud rate = 4800
** Ship: seawolf
** Station: 8.5
** Operator: TDK
# nquan = 18
# nvalues = 15641                       
# units = specified
# name 0 = latitude: Latitude [deg]
# name 1 = longitude: Longitude [deg]
# name 2 = prDM: Pressure, Digiquartz [db]
# name 3 = depSM: Depth [salt water, m]
# name 4 = t090C: Temperature [ITS-90, deg C]
# name 5 = sal00: Salinity, Practical [PSU]
# name 6 = ph: pH
# name 7 = flECO-AFL: Fluorescence, WET Labs ECO-AFL/FL [mg/m^3]
# name 8 = cpar: CPAR/Corrected Irradiance [%]
# name 9 = density00: Density [density, kg/m^3]
# name 10 = potemp090C: Potential Temperature [ITS-90, deg C]
# name 11 = sigma-é00: Density [sigma-theta, kg/m^3]
# name 12 = sbeox0Mg/L: Oxygen, SBE 43 [mg/l]
# name 13 = sbox0Mm/Kg: Oxygen, SBE 43 [umol/kg]
# name 14 = oxsolMg/L: Oxygen Saturation, Garcia & Gordon [mg/l]
# name 15 = oxsolMm/Kg: Oxygen Saturation, Garcia & Gordon [umol/kg]
# name 16 = sbeox0PS: Oxygen, SBE 43 [% saturation]
# name 17 = flag:  0.000e+00
# span 0 =   39.59882,   39.59898       
# span 1 =  -72.74882,  -72.74832       
# span 2 =      1.215,     66.391       
# span 3 =      1.206,     65.874       
# span 4 =    10.9029,    19.7470       
# span 5 =    32.4834,    33.4821       
# span 6 =      7.656,      8.043       
# span 7 =    -0.0255,     0.6595       
# span 8 = 2.9113e-02, 7.5624e+00       
# span 9 =  1023.4728,  1025.3030       
# span 10 =    10.8964,    19.7467      
# span 11 =    23.4696,    25.0065      
# span 12 =     4.3783,     7.2189      
# span 13 =    133.511,    220.387      
# span 14 =    7.50764,    8.98530      
# span 15 =  229.23317,  273.95987      
# span 16 =     49.481,     95.639      
# span 17 = 0.0000e+00, 0.0000e+00      
# interval = seconds: 0.0416667
# start_time = Oct 03 2023 17:38:21 [System UTC, first data scan.]
# bad_flag = -9.990e-29
*END*
[from data line 11337]
   39.59892  -72.74860     25.289     25.094    19.2423    33.3860 -9.990e-29     0.1894 3.9635e+00  1023.8377    19.2378    23.7277     7.1066    216.935    7.57145  231.12600     93.860 -9.990e-29
   39.59892  -72.74860     25.268     25.074    19.2421    33.3859 -9.990e-29     0.1894 3.9635e+00  1023.8372    19.2376    23.7277     7.1068    216.944    7.57140  231.12463     93.864 -9.990e-29
   39.59892  -72.74860     25.258     25.064    19.2412    33.3859 -9.990e-29     0.1894 3.9635e+00  1023.8375    19.2367    23.7278     7.1117    217.090    7.57139  231.12427     93.928 -9.990e-29
   39.59892  -72.74860     25.258     25.064    19.2409    33.3859 -9.990e-29     0.1894 3.9747e+00  1023.8377    19.2364    23.7279     7.1075    216.962    7.57138  231.12374     93.873 -9.990e-29
   39.59892  -72.74860     25.249     25.055    19.2405    33.3856 -9.990e-29     0.1894 3.9747e+00  1023.8375    19.2360    23.7279     7.1078    216.971    7.57135  231.12291     93.877 -9.990e-29
   39.59892  -72.74860     25.249     25.055    19.2403    33.3852 -9.990e-29     0.1894 3.9859e+00  1023.8371    19.2359    23.7277     7.1077    216.969    7.57137  231.12355     93.876 -9.990e-29
   39.59892  -72.74860     25.234     25.040    19.2398    33.3852 -9.990e-29     0.1894 4.0084e+00  1023.8368    19.2353    23.7277     7.1080    216.979    7.57136  231.12304     93.880 -9.990e-29
   39.59892  -72.74860     25.228     25.034    19.2390    33.3852 -9.990e-29     0.1894 4.0084e+00  1023.8376    19.2345    23.7280     7.1084    216.991    7.57137  231.12365     93.885 -9.990e-29
   39.59892  -72.74860     25.228     25.034    19.2384    33.3854 -9.990e-29     0.1894 4.0050e+00  1023.8377    19.2340    23.7282     7.1084    216.991    7.57140  231.12465     93.885 -9.990e-29
   39.59892  -72.74860     25.217     25.023    19.2381    33.3856 -9.990e-29     0.1894 4.0050e+00  1023.8380    19.2336    23.7284     7.1083    216.989    7.57139  231.12423     93.884 -9.990e-29
   39.59892  -72.74860     25.217     25.023    19.2379    33.3857 -9.990e-29     0.1894 4.0050e+00  1023.8379    19.2334    23.7286     7.1083    216.988    7.57137  231.12346     93.884 -9.990e-29
   39.59892  -72.74860     25.198     25.004    19.2374    33.3859 -9.990e-29     0.1894 4.0050e+00  1023.8383    19.2329    23.7288     7.1082    216.986    7.57134  231.12236     93.883 -9.990e-29
   39.59892  -72.74860     25.203     25.010    19.2374    33.3861 -9.990e-29     0.1894 3.9714e+00  1023.8384    19.2329    23.7290     7.1127    217.121    7.57131  231.12132     93.942 -9.990e-29
   39.59892  -72.74860     25.187     24.993    19.2372    33.3863 -9.990e-29     0.1894 3.9602e+00  1023.8385    19.2327    23.7292     7.1126    217.119    7.57131  231.12148     93.942 -9.990e-29
   39.59892  -72.74860     25.187     24.993    19.2370    33.3865 -9.990e-29     0.2028 3.9602e+00  1023.8386    19.2326    23.7294     7.1084    216.991    7.57133  231.12196     93.886 -9.990e-29
   39.59892  -72.74860     25.177     24.984    19.2369    33.3869 -9.990e-29     0.1894 3.9602e+00  1023.8389    19.2324    23.7298     7.1083    216.988    7.57127  231.12034     93.885 -9.990e-29
   39.59892  -72.74860     25.177     24.984    19.2367    33.3876 -9.990e-29     0.1894 3.9458e+00  1023.8397    19.2322    23.7303     7.1081    216.981    7.57117  231.11654     93.884 -9.990e-29
   39.59892  -72.74860     25.167     24.974    19.2367    33.3881 -9.990e-29     0.1894 3.9458e+00  1023.8402    19.2322    23.7307     7.1120    217.100    7.57104  231.11224     93.937 -9.990e-29
   39.59892  -72.74860     25.162     24.969    19.2370    33.3883 -9.990e-29     0.1894 3.9347e+00  1023.8400    19.2326    23.7308     7.1118    217.092    7.57093  231.10902     93.935 -9.990e-29
   39.59892  -72.74860     25.156     24.963    19.2370    33.3885 -9.990e-29     0.1894 3.9237e+00  1023.8400    19.2326    23.7309     7.1074    216.960    7.57084  231.10620     93.879 -9.990e-29
   39.59892  -72.74860     25.147     24.953    19.2376    33.3888 -9.990e-29     0.2028 3.9237e+00  1023.8402    19.2331    23.7310     7.1073    216.955    7.57082  231.10559     93.877 -9.990e-29
   39.59892  -72.74860     25.147     24.953    19.2377    33.3892 -9.990e-29     0.1894 3.9204e+00  1023.8404    19.2333    23.7312     7.1070    216.948    7.57074  231.10333     93.875 -9.990e-29
   39.59892  -72.74860     25.136     24.943    19.2384    33.3892 -9.990e-29     0.2028 3.9204e+00  1023.8404    19.2340    23.7312     7.1069    216.943    7.57074  231.10344     93.873 -9.990e-29
   39.59892  -72.74860     25.132     24.938    19.2393    33.3892 -9.990e-29     0.2028 3.9204e+00  1023.8402    19.2348    23.7310     7.1112    217.077    7.57076  231.10442     93.930 -9.990e-29
   39.59892  -72.74860     25.126     24.933    19.2400    33.3892 -9.990e-29     0.2028 3.9204e+00  1023.8397    19.2355    23.7308     7.1065    216.933    7.57071  231.10264     93.869 -9.990e-29
   39.59892  -72.74860     25.126     24.933    19.2402    33.3890 -9.990e-29     0.2028 3.9204e+00  1023.8395    19.2357    23.7306     7.1107    217.061    7.57062  231.09970     93.925 -9.990e-29
   39.59892  -72.74860     25.116     24.923    19.2405    33.3889 -9.990e-29     0.2028 3.9315e+00  1023.8394    19.2361    23.7303     7.1068    216.940    7.57051  231.09610     93.874 -9.990e-29
   39.59892  -72.74860     25.116     24.923    19.2409    33.3888 -9.990e-29     0.2028 3.9393e+00  1023.8391    19.2364    23.7301     7.1110    217.070    7.57047  231.09504     93.931 -9.990e-29
   39.59892  -72.74860     25.116     24.923    19.2414    33.3886 -9.990e-29     0.2028 3.9615e+00  1023.8389    19.2369    23.7299     7.1112    217.076    7.57047  231.09493     93.934 -9.990e-29
   39.59892  -72.74860     25.101     24.908    19.2416    33.3886 -9.990e-29     0.1894 3.9615e+00  1023.8388    19.2371    23.7298     7.1069    216.945    7.57050  231.09605     93.877 -9.990e-29
   39.59892  -72.74860     25.105     24.912    19.2421    33.3886 -9.990e-29     0.1894 3.9839e+00  1023.8388    19.2376    23.7297     7.1112    217.077    7.57050  231.09624     93.933 -9.990e-29
   39.59892  -72.74860     25.105     24.912    19.2423    33.3884 -9.990e-29     0.1894 4.0177e+00  1023.8385    19.2378    23.7295     7.1114    217.082    7.57053  231.09693     93.936 -9.990e-29
   39.59892  -72.74860     25.096     24.903    19.2424    33.3881 -9.990e-29     0.1894 4.0256e+00  1023.8382    19.2380    23.7292     7.1071    216.950    7.57056  231.09796     93.878 -9.990e-29
   39.59892  -72.74860     25.105     24.912    19.2428    33.3876 -9.990e-29     0.1894 4.0370e+00  1023.8378    19.2383    23.7288     7.1118    217.094    7.57059  231.09896     93.940 -9.990e-29
   39.59890  -72.74860     25.096     24.903    19.2430    33.3871 -9.990e-29     0.1894 4.0712e+00  1023.8373    19.2385    23.7284     7.1124    217.112    7.57060  231.09951     93.947 -9.990e-29
   39.59890  -72.74860     25.101     24.908    19.2432    33.3866 -9.990e-29     0.1894 4.0827e+00  1023.8368    19.2387    23.7279     7.1125    217.116    7.57061  231.09963     93.949 -9.990e-29
   39.59890  -72.74860     25.105     24.912    19.2431    33.3863 -9.990e-29     0.1894 4.0942e+00  1023.8366    19.2387    23.7277     7.1127    217.120    7.57062  231.09987     93.951 -9.990e-29
   39.59890  -72.74860     25.096     24.903    19.2433    33.3861 -9.990e-29     0.1894 4.1289e+00  1023.8363    19.2389    23.7275     7.1127    217.122    7.57056  231.09764     93.952 -9.990e-29
   39.59890  -72.74860     25.105     24.912    19.2431    33.3861 -9.990e-29     0.1894 4.1488e+00  1023.8366    19.2387    23.7275     7.1172    217.260    7.57049  231.09540     94.013 -9.990e-29
   39.59890  -72.74860     25.105     24.912    19.2435    33.3861 -9.990e-29     0.1894 4.1488e+00  1023.8362    19.2390    23.7273     7.1132    217.135    7.57045  231.09397     93.960 -9.990e-29
   39.59890  -72.74860     25.111     24.918    19.2435    33.3861 -9.990e-29     0.1894 4.1839e+00  1023.8361    19.2390    23.7273     7.1136    217.149    7.57043  231.09330     93.966 -9.990e-29
   39.59890  -72.74860     25.116     24.923    19.2435    33.3865 -9.990e-29     0.1894 4.1957e+00  1023.8363    19.2390    23.7277     7.1141    217.163    7.57045  231.09401     93.972 -9.990e-29
   39.59890  -72.74860     25.116     24.923    19.2431    33.3876 -9.990e-29     0.1894 4.1957e+00  1023.8377    19.2387    23.7286     7.1191    217.316    7.57048  231.09500     94.037 -9.990e-29
   39.59890  -72.74860     25.126     24.933    19.2431    33.3890 -9.990e-29     0.1759 4.2194e+00  1023.8389    19.2387    23.7298     7.1151    217.195    7.57057  231.09804     93.984 -9.990e-29
   39.59890  -72.74860     25.126     24.933    19.2426    33.3903 -9.990e-29     0.1894 4.2313e+00  1023.8401    19.2382    23.7308     7.1151    217.195    7.57060  231.09894     93.984 -9.990e-29
   39.59890  -72.74860     25.136     24.943    19.2426    33.3911 -9.990e-29     0.1894 4.2313e+00  1023.8410    19.2381    23.7314     7.1197    217.334    7.57063  231.10005     94.043 -9.990e-29
   39.59890  -72.74860     25.141     24.948    19.2428    33.3913 -9.990e-29     0.1894 4.2432e+00  1023.8406    19.2383    23.7316     7.1200    217.346    7.57065  231.10062     94.048 -9.990e-29
   39.59890  -72.74860     25.156     24.963    19.2426    33.3913 -9.990e-29     0.1894 4.2636e+00  1023.8408    19.2381    23.7317     7.1204    217.355    7.57065  231.10033     94.052 -9.990e-29
   39.59890  -72.74860     25.156     24.963    19.2424    33.3915 -9.990e-29     0.1894 4.2636e+00  1023.8409    19.2380    23.7318     7.1162    217.227    7.57067  231.10089     93.997 -9.990e-29
   39.59890  -72.74860     25.177     24.984    19.2426    33.3918 -9.990e-29     0.1894 4.2757e+00  1023.8413    19.2381    23.7320     7.1161    217.224    7.57071  231.10206     93.995 -9.990e-29
   39.59890  -72.74860     25.177     24.984    19.2426    33.3921 -9.990e-29     0.1894 4.2757e+00  1023.8415    19.2381    23.7322     7.1160    217.222    7.57079  231.10451     93.993 -9.990e-29
   39.59890  -72.74860     25.198     25.004    19.2426    33.3923 -9.990e-29     0.1894 4.2757e+00  1023.8419    19.2381    23.7324     7.1163    217.230    7.57079  231.10457     93.996 -9.990e-29
   39.59890  -72.74860     25.203     25.009    19.2428    33.3924 -9.990e-29     0.1894 4.2877e+00  1023.8419    19.2383    23.7325     7.1206    217.363    7.57082  231.10517     94.054 -9.990e-29
   39.59890  -72.74860     25.217     25.023    19.2426    33.3924 -9.990e-29     0.1894 4.2998e+00  1023.8420    19.2382    23.7325     7.1208    217.369    7.57081  231.10505     94.057 -9.990e-29
   39.59890  -72.74860     25.228     25.034    19.2426    33.3924 -9.990e-29     0.1894 4.3119e+00  1023.8423    19.2381    23.7325     7.1210    217.374    7.57081  231.10499     94.059 -9.990e-29
   39.59890  -72.74860     25.238     25.044    19.2428    33.3923 -9.990e-29     0.1894 4.2998e+00  1023.8417    19.2383    23.7323     7.1167    217.242    7.57084  231.10577     94.001 -9.990e-29
   39.59890  -72.74860     25.268     25.074    19.2428    33.3923 -9.990e-29     0.1894 4.2998e+00  1023.8413    19.2383    23.7321     7.1164    217.234    7.57085  231.10613     93.997 -9.990e-29
   39.59890  -72.74860     25.268     25.074    19.2426    33.3923 -9.990e-29     0.2162 4.2998e+00  1023.8419    19.2381    23.7324     7.1161    217.225    7.57087  231.10677     93.994 -9.990e-29
   39.59892  -72.74860     25.294     25.100    19.2424    33.3931 -9.990e-29     0.2162 4.2998e+00  1023.8428    19.2380    23.7330     7.1158    217.216    7.57089  231.10733     93.989 -9.990e-29
   39.59892  -72.74860     25.309     25.115    19.2423    33.3939 -9.990e-29     0.2162 4.2998e+00  1023.8439    19.2378    23.7337     7.1200    217.343    7.57087  231.10688     94.044 -9.990e-29
   39.59892  -72.74860     25.319     25.124    19.2424    33.3941 -9.990e-29     0.2162 4.2998e+00  1023.8440    19.2380    23.7339     7.1200    217.345    7.57088  231.10718     94.045 -9.990e-29
   39.59892  -72.74860     25.340     25.145    19.2426    33.3941 -9.990e-29     0.2162 4.2962e+00  1023.8436    19.2381    23.7338     7.1159    217.220    7.57088  231.10700     93.991 -9.990e-29
   39.59892  -72.74860     25.349     25.154    19.2424    33.3942 -9.990e-29     0.2162 4.2482e+00  1023.8438    19.2379    23.7337     7.1159    217.219    7.57086  231.10634     93.991 -9.990e-29
   39.59892  -72.74860     25.381     25.186    19.2430    33.3947      8.015     0.2028 4.2362e+00  1023.8435    19.2385    23.7342     7.1156    217.208    7.57089  231.10753     93.986 -9.990e-29
   39.59892  -72.74860     25.386     25.191    19.2428    33.3966      8.015     0.2028 4.2362e+00  1023.8459    19.2383    23.7356     7.1151    217.195    7.57087  231.10688     93.980 -9.990e-29
   39.59892  -72.74860     25.411     25.216    19.2428    33.3984      8.015     0.2162 4.1653e+00  1023.8481    19.2383    23.7370     7.1147    217.182    7.57088  231.10724     93.975 -9.990e-29
   39.59892  -72.74860     25.421     25.225    19.2435    33.3993      8.015     0.2028 4.1303e+00  1023.8480    19.2390    23.7376     7.1192    217.319    7.57088  231.10721     94.034 -9.990e-29
   39.59892  -72.74860     25.441     25.246    19.2442    33.3993      8.015     0.2028 4.1303e+00  1023.8479    19.2396    23.7376     7.1150    217.191    7.57087  231.10706     93.979 -9.990e-29
   39.59892  -72.74860     25.472     25.276    19.2442    33.3993      8.015     0.2162 4.0611e+00  1023.8484    19.2396    23.7374     7.1145    217.176    7.57085  231.10649     93.972 -9.990e-29
   39.59892  -72.74860     25.481     25.285    19.2450    33.3988      8.015     0.2028 4.0270e+00  1023.8475    19.2405    23.7368     7.1140    217.162    7.57086  231.10667     93.966 -9.990e-29
   39.59892  -72.74860     25.492     25.296    19.2454    33.3978      8.015     0.2162 4.0157e+00  1023.8466    19.2409    23.7359     7.1180    217.284    7.57087  231.10702     94.019 -9.990e-29
   39.59892  -72.74860     25.523     25.326    19.2458    33.3978      8.015     0.2028 3.9819e+00  1023.8454    19.2413    23.7353     7.1134    217.143    7.57089  231.10759     93.958 -9.990e-29
   39.59892  -72.74860     25.549     25.352    19.2459    33.3978      8.015     0.2028 3.9563e+00  1023.8461    19.2414    23.7357     7.1133    217.139    7.57091  231.10836     93.956 -9.990e-29
   39.59892  -72.74860     25.543     25.347    19.2457    33.3989      8.015     0.2162 3.9452e+00  1023.8479    19.2412    23.7366     7.1127    217.123    7.57092  231.10853     93.948 -9.990e-29
   39.59892  -72.74860     25.583     25.387    19.2463    33.3993      8.015     0.2028 3.9341e+00  1023.8486    19.2417    23.7371     7.1171    217.256    7.57092  231.10871     94.006 -9.990e-29
   39.59892  -72.74860     25.594     25.398    19.2466    33.3993      8.015     0.2162 3.9120e+00  1023.8483    19.2421    23.7371     7.1124    217.113    7.57093  231.10910     93.944 -9.990e-29
   39.59892  -72.74860     25.614     25.417    19.2468    33.3993      8.015     0.2028 3.9011e+00  1023.8481    19.2422    23.7367     7.1122    217.107    7.57093  231.10906     93.941 -9.990e-29
   39.59892  -72.74860     25.625     25.428    19.2470    33.3987      8.015     0.2162 3.9011e+00  1023.8471    19.2424    23.7362     7.1120    217.101    7.57093  231.10892     93.939 -9.990e-29
   39.59892  -72.74860     25.655     25.458    19.2470    33.3983      8.015     0.2162 3.8901e+00  1023.8472    19.2424    23.7359     7.1115    217.083    7.57095  231.10945     93.931 -9.990e-29
   39.59892  -72.74860     25.665     25.467    19.2468    33.3982      8.015     0.2028 3.8869e+00  1023.8473    19.2422    23.7359     7.1067    216.939    7.57095  231.10968     93.868 -9.990e-29
