CalculateIndicators/WaterTemperature/Data/CTD_NYOS/20230517_C22B.cnv
* Sea-Bird SBE 9 Data File:
* FileName = C:\Seabird 9 CTD\Data\2023\202305_offshore\20230517_C24B.hex
* Software Version Seasave V 7.23.2
* Temperature SN = 4590
* Conductivity SN = 3228
* Number of Bytes Per Scan = 44
* Number of Voltage Words = 5
* Number of Scans Averaged by the Deck Unit = 1
* NMEA Latitude = 39 31.93 N
* NMEA Longitude = 071 44.24 W
* NMEA UTC (Time) = May 18 2023  00:37:02
* NMEA baud rate = 4800
** Ship: Seawolf
** Station: 10.7
** Operator: TDK
# nquan = 18
# nvalues = 606                         
# units = specified
# name 0 = latitude: Latitude [deg]
# name 1 = longitude: Longitude [deg]
# name 2 = prDM: Pressure, Digiquartz [db]
# name 3 = depSM: Depth [salt water, m]
# name 4 = t090C: Temperature [ITS-90, deg C]
# name 5 = sal00: Salinity, Practical [PSU]
# name 6 = ph: pH
# name 7 = flECO-AFL: Fluorescence, WET Labs ECO-AFL/FL [mg/m^3]
# name 8 = cpar: CPAR/Corrected Irradiance [%]
# name 9 = density00: Density [density, kg/m^3]
# name 10 = potemp090C: Potential Temperature [ITS-90, deg C]
# name 11 = sigma-100: Density [sigma-1, kg/m^3 ]
# name 12 = sbeox0Mg/L: Oxygen, SBE 43 [mg/l]
# name 13 = sbox0Mm/Kg: Oxygen, SBE 43 [umol/kg]
# name 14 = oxsolMg/L: Oxygen Saturation, Garcia & Gordon [mg/l]
# name 15 = oxsolMm/Kg: Oxygen Saturation, Garcia & Gordon [umol/kg]
# name 16 = sbeox0PS: Oxygen, SBE 43 [% saturation]
# name 17 = flag: flag
# span 0 =   39.53195,   39.53234       
# span 1 =  -71.73736,  -71.73205       
# span 2 =      1.000,    304.000       
# span 3 =      0.993,    301.462       
# span 4 =    10.4516,    15.1461       
# span 5 =    34.0817,    35.7734       
# span 6 =      7.852,      8.130       
# span 7 =    -0.1069,     0.6135       
# span 8 = -2.238e+04, 1.0336e+05       
# span 9 =  1025.3568,  1028.5194       
# span 10 =    10.4150,    15.1309      
# span 11 =    29.7125,    31.6015      
# span 12 =     4.2281,     8.7695      
# span 13 =    128.644,    267.137      
# span 14 =    8.07468,    8.91490      
# span 15 =  245.81960,  271.22813      
# span 16 =     47.831,    103.853      
# span 17 = 0.0000e+00, 0.0000e+00      
# interval = decibars: 1                
# start_time = May 18 2023 00:37:05 [System UTC, first data scan.]
# bad_flag = -9.990e-29
*END*
[from data line 322]
   39.53222  -71.73510    284.000    281.642    11.1838    35.4341 -9.990e-29    -0.0658 5.0640e-11  1028.3542    11.1481    31.5142     4.2353    128.865    8.76455  266.67351     48.323 0.0000e+00
   39.53222  -71.73510    283.000    280.651    11.2088    35.4371 -9.990e-29    -0.0554 5.0640e-11  1028.3474    11.1731    31.5115     4.2389    128.976    8.76000  266.53595     48.390 0.0000e+00
   39.53222  -71.73510    282.000    279.660    11.2561    35.4445      7.863    -0.0560 5.0640e-11  1028.3398    11.2205    31.5076     4.2305    128.721    8.73451  265.76222     48.435 0.0000e+00
   39.53222  -71.73510    281.000    278.669    11.2852    35.4471      7.865    -0.0524 5.0640e-11  1028.3317    11.2496    31.5035     4.2303    128.715    8.70800  264.96041     48.579 0.0000e+00
   39.53222  -71.73510    280.000    277.678    11.4278    35.4719      7.864    -0.0536 5.0640e-11  1028.3194    11.3921    31.4935     4.2483    129.265    8.70121  264.75473     48.825 0.0000e+00
   39.53222  -71.73510    279.000    276.687    11.5468    35.4718      7.865    -0.0641 5.0640e-11  1028.2921    11.5110    31.4688     4.2624    129.694    8.67518  263.96544     49.133 0.0000e+00
   39.53221  -71.73507    278.000    275.696    11.6424    35.4884      7.870    -0.0635 5.0640e-11  1028.2818    11.6065    31.4615     4.2692    129.901    8.66927  263.78690     49.245 0.0000e+00
   39.53222  -71.73508    277.000    274.705    11.7131    35.4985      7.873    -0.0710 5.0640e-11  1028.2711    11.6772    31.4542     4.2698    129.921    8.65199  263.26172     49.350 0.0000e+00
   39.53222  -71.73508    276.000    273.714    11.7558    35.5071      7.873    -0.0842 5.0640e-11  1028.2650    11.7199    31.4519     4.2814    130.275    8.64314  262.99491     49.535 0.0000e+00
   39.53222  -71.73508    275.000    272.723    11.8389    35.5174      7.873    -0.0796 5.0640e-11  1028.2526    11.8030    31.4426     4.2941    130.661    8.63980  262.89417     49.701 0.0000e+00
   39.53220  -71.73504    274.000    271.732    11.9015    35.5193      7.876    -0.0525 5.0640e-11  1028.2373    11.8656    31.4308     4.2983    130.789    8.63155  262.64380     49.797 0.0000e+00
   39.53219  -71.73501    273.000    270.741    11.9257    35.5255      7.877    -0.0664 5.0640e-11  1028.2329    11.8899    31.4305     4.3081    131.087    8.62702  262.50604     49.937 0.0000e+00
   39.53218  -71.73500    272.000    269.750    11.9389    35.5278 -9.990e-29    -0.0665 5.0640e-11  1028.2276    11.9032    31.4294     4.3094    131.128    8.62581  262.46951     49.959 0.0000e+00
   39.53220  -71.73504    271.000    268.759    11.9515    35.5299 -9.990e-29    -0.0658 5.0640e-11  1028.2223    11.9159    31.4283     4.3142    131.273    8.62640  262.48757     50.011 0.0000e+00
   39.53220  -71.73504    270.000    267.768    11.9651    35.5317      7.877    -0.0663 5.0640e-11  1028.2165    11.9296    31.4268     4.3158    131.323    8.62038  262.30509     50.065 0.0000e+00
   39.53221  -71.73504    269.000    266.777    11.9810    35.5347      7.878    -0.0549 5.0640e-11  1028.2114    11.9457    31.4258     4.3084    131.097    8.61568  262.16248     50.006 0.0000e+00
   39.53220  -71.73499    268.000    265.785    12.0075    35.5364      7.881    -0.0523 5.0640e-11  1028.2030    11.9722    31.4214     4.3170    131.360    8.61497  262.14091     50.111 0.0000e+00
   39.53220  -71.73498    267.000    264.795    12.0140    35.5387      7.881    -0.0524 5.0640e-11  1028.1990    11.9789    31.4218     4.3319    131.814    8.61604  262.17307     50.278 0.0000e+00
   39.53219  -71.73499    266.000    263.803    12.0209    35.5398 -9.990e-29    -0.0593 5.0640e-11  1028.1940    11.9859    31.4211     4.3284    131.708    8.61408  262.11407     50.248 0.0000e+00
   39.53219  -71.73501    265.000    262.812    12.0249    35.5407 -9.990e-29    -0.0602 5.0640e-11  1028.1895    11.9900    31.4210     4.3231    131.547    8.60971  261.98109     50.212 0.0000e+00
   39.53221  -71.73503    264.000    261.821    12.0364    35.5424 -9.990e-29    -0.0588 5.0640e-11  1028.1841    12.0016    31.4198     4.3271    131.667    8.60579  261.86174     50.281 0.0000e+00
   39.53221  -71.73501    263.000    260.830    12.0500    35.5449 -9.990e-29    -0.0593 5.0640e-11  1028.1789    12.0153    31.4188     4.3299    131.753    8.60102  261.71766     50.342 0.0000e+00
   39.53218  -71.73497    262.000    259.839    12.1035    35.5507      7.882    -0.0638 5.0640e-11  1028.1682    12.0688    31.4118     4.3393    132.039    8.59206  261.44643     50.503 0.0000e+00
   39.53218  -71.73496    261.000    258.848    12.1179    35.5534      7.885    -0.0525 5.0640e-11  1028.1633    12.0834    31.4111     4.3395    132.046    8.58555  261.24856     50.544 0.0000e+00
   39.53221  -71.73501    260.000    257.856    12.1373    35.5559      7.886    -0.0612 5.0640e-11  1028.1567    12.1028    31.4086     4.3459    132.242    8.58241  261.15486     50.637 0.0000e+00
   39.53222  -71.73503    259.000    256.865    12.1757    35.5625      7.886    -0.0556 5.0640e-11  1028.1497    12.1413    31.4054     4.3582    132.617    8.58117  261.11627     50.788 0.0000e+00
   39.53222  -71.73502    258.000    255.874    12.2202    35.5657      7.886    -0.0531 5.0640e-11  1028.1388    12.1858    31.3983     4.3724    133.049    8.56821  260.72461     51.030 0.0000e+00
   39.53222  -71.73500    257.000    254.883    12.2369    35.5698      7.889    -0.0632 5.0640e-11  1028.1343    12.2027    31.3980     4.3778    133.212    8.56876  260.74039     51.090 0.0000e+00
   39.53222  -71.73500    256.000    253.892    12.2677    35.5716      7.890    -0.0605 5.0640e-11  1028.1251    12.2335    31.3927     4.3816    133.328    8.56837  260.72836     51.137 0.0000e+00
   39.53220  -71.73495    255.000    252.901    12.2740    35.5733      7.890    -0.0610 8.4210e+04  1028.1206    12.2400    31.3926     4.3850    133.434    8.56058  260.49271     51.224 0.0000e+00
   39.53220  -71.73496    254.000    251.910    12.3747    35.5919      7.890    -0.0568 1.0033e+05  1028.1108    12.3406    31.3856     4.3982    133.838    8.52502  259.41708     51.592 0.0000e+00
   39.53220  -71.73496    253.000    250.918    12.4449    35.5943      7.889    -0.0655 9.9999e+04  1028.0934    12.4108    31.3716     4.4211    134.535    8.52697  259.47564     51.849 0.0000e+00
   39.53222  -71.73494    252.000    249.927    12.4917    35.5972      7.894    -0.0669 9.9999e+04  1028.0825    12.4577    31.3644     4.4407    135.129    8.52587  259.44148     52.085 0.0000e+00
   39.53221  -71.73482    251.000    248.936    12.5338    35.6016      7.899    -0.0639 -6.408e+02  1028.0726    12.4998    31.3583     4.4655    135.885    8.51920  259.23991     52.417 0.0000e+00
   39.53222  -71.73479    250.000    247.945    12.5396    35.6032 -9.990e-29    -0.0575 5.5427e+01  1028.0683    12.5057    31.3583     4.4615    135.765    8.51818  259.20884     52.377 0.0000e+00
   39.53221  -71.73478    249.000    246.954    12.5469    35.6039 -9.990e-29    -0.0564 5.0640e-11  1028.0629    12.5132    31.3572     4.4725    136.099    8.50987  258.95705     52.557 0.0000e+00
   39.53222  -71.73480    248.000    245.963    12.5531    35.6051 -9.990e-29    -0.0531 5.0640e-11  1028.0580    12.5195    31.3567     4.4811    136.363    8.49463  258.49614     52.753 0.0000e+00
   39.53221  -71.73476    247.000    244.971    12.6139    35.6133      7.907    -0.0531 5.0640e-11  1028.0477    12.5804    31.3498     4.5068    137.144    8.49113  258.39083     53.076 0.0000e+00
   39.53222  -71.73478    246.000    243.980    12.7159    35.6155      7.907    -0.0695 5.0640e-11  1028.0241    12.6823    31.3292     4.5557    138.635    8.48138  258.09549     53.715 0.0000e+00
   39.53222  -71.73478    245.000    242.989    12.7284    35.6202      7.908    -0.0687 5.0640e-11  1028.0209    12.6949    31.3302     4.5695    139.056    8.47569  257.92409     53.914 0.0000e+00
   39.53222  -71.73477    244.000    241.998    12.7885    35.6245      7.912    -0.0530 5.0640e-11  1028.0073    12.7550    31.3201     4.5903    139.688    8.45702  257.35856     54.278 0.0000e+00
   39.53221  -71.73475    243.000    241.007    12.8715    35.6337      7.914    -0.0686 5.0640e-11  1027.9931    12.8381    31.3090     4.6452    141.360    8.45215  257.21182     54.959 0.0000e+00
   39.53220  -71.73472    242.000    240.015    12.9145    35.6362 -9.990e-29    -0.0762 5.0640e-11  1027.9817    12.8811    31.3014     4.6741    142.240    8.44683  257.05002     55.336 0.0000e+00
   39.53222  -71.73476    241.000    239.024    12.9360    35.6414 -9.990e-29    -0.0627 5.0640e-11  1027.9770    12.9027    31.3008     4.6763    142.308    8.43993  256.84221     55.407 0.0000e+00
   39.53222  -71.73476    240.000    238.033    12.9834    35.6428      7.919    -0.0600 5.0640e-11  1027.9639    12.9502    31.2913     4.7043    143.160    8.43645  256.73696     55.761 0.0000e+00
   39.53222  -71.73476    239.000    237.042    13.0029    35.6455      7.920    -0.0540 5.0640e-11  1027.9575    12.9697    31.2891     4.7263    143.830    8.43106  256.57310     56.058 0.0000e+00
   39.53221  -71.73473    238.000    236.051    13.0237    35.6488      7.921    -0.0591 5.0640e-11  1027.9512    12.9907    31.2869     4.7351    144.098    8.42587  256.41709     56.197 0.0000e+00
   39.53221  -71.73469    237.000    235.059    13.0607    35.6499      7.923    -0.0658 5.0640e-11  1027.9401    13.0277    31.2797     4.7713    145.203    8.41270  256.01843     56.716 0.0000e+00
   39.53222  -71.73474    236.000    234.068    13.1061    35.6522      7.926    -0.0562 5.0640e-11  1027.9279    13.0732    31.2712     4.8567    147.802    8.39991  255.63228     57.818 0.0000e+00
   39.53220  -71.73466    235.000    233.077    13.1969    35.6629      7.931    -0.0780 5.0640e-11  1027.9131    13.1640    31.2594     4.9489    150.609    8.39608  255.51642     58.943 0.0000e+00
   39.53222  -71.73472    234.000    232.085    13.2166    35.6584      7.934    -0.0761 5.0640e-11  1027.9007    13.1838    31.2511     4.9879    151.796    8.39128  255.37223     59.441 0.0000e+00
   39.53221  -71.73471    233.000    231.094    13.2325    35.6602      7.936    -0.0588 5.0640e-11  1027.8946    13.1998    31.2492     5.0138    152.585    8.39368  255.44460     59.733 0.0000e+00
   39.53220  -71.73465    232.000    230.103    13.2551    35.6612      7.938    -0.0697 5.0640e-11  1027.8861    13.2226    31.2447     5.0466    153.583    8.38978  255.32715     60.152 0.0000e+00
   39.53220  -71.73464    231.000    229.112    13.3062    35.6658      7.941    -0.0799 5.0640e-11  1027.8746    13.2737    31.2369     5.0796    154.588    8.37562  254.89831     60.647 0.0000e+00
   39.53221  -71.73470    230.000    228.120    13.3504    35.6670      7.943    -0.0605 5.0640e-11  1027.8619    13.3180    31.2279     5.1537    156.845    8.37173  254.78053     61.561 0.0000e+00
   39.53221  -71.73467    229.000    227.129    13.3622    35.6704 -9.990e-29    -0.0638 5.0640e-11  1027.8575    13.3298    31.2278     5.1660    157.218    8.37024  254.73554     61.718 0.0000e+00
   39.53221  -71.73466    228.000    226.138    13.3817    35.6726      7.947    -0.0639 5.0640e-11  1027.8507    13.3495    31.2251     5.1827    157.728    8.36704  254.63908     61.942 0.0000e+00
   39.53221  -71.73467    227.000    225.147    13.3915    35.6726      7.947    -0.0785 5.0640e-11  1027.8444    13.3594    31.2230     5.2054    158.418    8.36383  254.54214     62.236 0.0000e+00
   39.53222  -71.73470    226.000    224.155    13.4136    35.6734      7.950    -0.0635 5.0640e-11  1027.8357    13.3816    31.2185     5.2344    159.303    8.36013  254.42993     62.612 0.0000e+00
   39.53220  -71.73462    225.000    223.164    13.4301    35.6775 -9.990e-29    -0.0792 5.0640e-11  1027.8311    13.3982    31.2180     5.2410    159.506    8.35246  254.19787     62.749 0.0000e+00
   39.53222  -71.73465    224.000    222.173    13.4572    35.6802 -9.990e-29    -0.0718 5.0640e-11  1027.8230    13.4255    31.2139     5.2631    160.176    8.35064  254.14301     63.026 0.0000e+00
   39.53221  -71.73462    223.000    221.181    13.4961    35.6829      7.952    -0.0788 5.0640e-11  1027.8123    13.4645    31.2070     5.2500    159.779    8.34582  253.99678     62.906 0.0000e+00
   39.53222  -71.73462    222.000    220.190    13.5158    35.6861      7.952    -0.0626 5.0640e-11  1027.8064    13.4842    31.2051     5.2438    159.590    8.34042  253.83319     62.872 0.0000e+00
   39.53222  -71.73462    221.000    219.199    13.5307    35.6905      7.954    -0.0737 5.0640e-11  1027.8022    13.4992    31.2051     5.2492    159.754    8.34068  253.84139     62.935 0.0000e+00
   39.53221  -71.73459    220.000    218.207    13.5457    35.6905 -9.990e-29    -0.0739 5.0640e-11  1027.7946    13.5144    31.2017     5.2670    160.298    8.34067  253.84085     63.149 0.0000e+00
   39.53222  -71.73461    219.000    217.216    13.5462    35.6902      7.956    -0.0857 5.0640e-11  1027.7898    13.5150    31.2013     5.2811    160.724    8.33906  253.79196     63.329 0.0000e+00
   39.53221  -71.73457    218.000    216.225    13.5518    35.6916      7.956    -0.0808 5.0640e-11  1027.7852    13.5207    31.2011     5.2804    160.704    8.33400  253.63883     63.360 0.0000e+00
   39.53221  -71.73457    217.000    215.233    13.5995    35.6974      7.956    -0.0759 5.0640e-11  1027.7752    13.5685    31.1947     5.2775    160.617    8.32257  253.29276     63.412 0.0000e+00
   39.53221  -71.73456    216.000    214.242    13.6131    35.6994      7.956    -0.0784 5.0640e-11  1027.7694    13.5823    31.1931     5.2802    160.700    8.32542  253.37901     63.423 0.0000e+00
   39.53222  -71.73457    215.000    213.251    13.6407    35.7051      7.958    -0.0735 5.0640e-11  1027.7635    13.6100    31.1912     5.2877    160.927    8.32284  253.30100     63.532 0.0000e+00
   39.53222  -71.73456    214.000    212.259    13.6567    35.7062      7.960    -0.0791 5.0640e-11  1027.7566    13.6261    31.1884     5.2896    160.987    8.31978  253.20872     63.579 0.0000e+00
   39.53222  -71.73456    213.000    211.268    13.6659    35.7035      7.961    -0.0792 5.0640e-11  1027.7480    13.6354    31.1842     5.3454    162.686    8.31196  252.97176     64.310 0.0000e+00
   39.53222  -71.73454    212.000    210.277    13.6912    35.7067      7.965    -0.0792 5.0640e-11  1027.7406    13.6608    31.1807     5.3778    163.674    8.29838  252.55972     64.806 0.0000e+00
   39.53221  -71.73450    211.000    209.285    13.7768    35.7211      7.963    -0.0792 5.0640e-11  1027.7292    13.7464    31.1724     5.2804    160.707    8.29332  252.40595     63.670 0.0000e+00
   39.53220  -71.73448    210.000    208.294    13.8203    35.7330 -9.990e-29    -0.0780 5.0640e-11  1027.7247    13.7900    31.1715     5.1998    158.255    8.28599  252.18303     62.754 0.0000e+00
   39.53222  -71.73451    209.000    207.303    13.8287    35.7355 -9.990e-29    -0.0643 5.0640e-11  1027.7205    13.7985    31.1716     5.1937    158.070    8.28109  252.03481     62.717 0.0000e+00
   39.53220  -71.73447    208.000    206.311    13.8609    35.7414      7.960    -0.0697 5.0640e-11  1027.7137    13.8308    31.1687     5.1703    157.358    8.27404  251.82060     62.488 0.0000e+00
   39.53221  -71.73449    207.000    205.320    13.9335    35.7536      7.959    -0.0695 -9.990e-29  1027.7031    13.9035    31.1614     5.1065    155.416    8.26775  251.63026     61.764 0.0000e+00
   39.53220  -71.73445    206.000    204.328    13.9616    35.7566      7.959    -0.0700 9.9999e+04  1027.6949    13.9317    31.1571     5.0927    154.998    8.26034  251.40596     61.652 0.0000e+00
   39.53222  -71.73449    205.000    203.337    13.9965    35.7613      7.959    -0.0788 9.9999e+04  1027.6867    13.9667    31.1528     5.1068    155.428    8.25740  251.31614     61.846 0.0000e+00
