CalculateIndicators/WaterTemperature/Data/CTD_NYOS/20230518_C28.cnv
* Sea-Bird SBE 9 Data File:
* FileName = C:\Seabird 9 CTD\Data\2023\202305_offshore\20230518_C28.hex
* Software Version Seasave V 7.23.2
* Temperature SN = 4590
* Conductivity SN = 3228
* Number of Bytes Per Scan = 44
* Number of Voltage Words = 5
* Number of Scans Averaged by the Deck Unit = 1
* NMEA Latitude = 40 18.11 N
* NMEA Longitude = 071 48.20 W
* NMEA UTC (Time) = May 18 2023  14:02:16
* NMEA baud rate = 4800
** Ship: Seawolf
** Station: 11.4
** Operator: SJW
# nquan = 18
# nvalues = 17725                       
# units = specified
# name 0 = latitude: Latitude [deg]
# name 1 = longitude: Longitude [deg]
# name 2 = prDM: Pressure, Digiquartz [db]
# name 3 = depSM: Depth [salt water, m]
# name 4 = t090C: Temperature [ITS-90, deg C]
# name 5 = sal00: Salinity, Practical [PSU]
# name 6 = ph: pH
# name 7 = flECO-AFL: Fluorescence, WET Labs ECO-AFL/FL [mg/m^3]
# name 8 = cpar: CPAR/Corrected Irradiance [%]
# name 9 = density00: Density [density, kg/m^3]
# name 10 = potemp090C: Potential Temperature [ITS-90, deg C]
# name 11 = sigma-é00: Density [sigma-theta, kg/m^3]
# name 12 = sbeox0Mg/L: Oxygen, SBE 43 [mg/l]
# name 13 = sbox0Mm/Kg: Oxygen, SBE 43 [umol/kg]
# name 14 = oxsolMg/L: Oxygen Saturation, Garcia & Gordon [mg/l]
# name 15 = oxsolMm/Kg: Oxygen Saturation, Garcia & Gordon [umol/kg]
# name 16 = sbeox0PS: Oxygen, SBE 43 [% saturation]
# name 17 = flag:  0.000e+00
# span 0 =   40.30156,   40.30194       
# span 1 =  -71.80510,  -71.80332       
# span 2 =      2.407,     70.579       
# span 3 =      2.388,     70.025       
# span 4 =     6.8764,    12.2822       
# span 5 =    32.7827,    33.1573       
# span 6 =      7.869,      8.176       
# span 7 =    -0.0389,     1.3579       
# span 8 = 4.4735e-14, 2.9651e+02       
# span 9 =  1024.9616,  1026.2125       
# span 10 =     6.8709,    12.2817      
# span 11 =    24.9469,    25.8921      
# span 12 =     8.1516,     9.4769      
# span 13 =    248.314,    288.797      
# span 14 =    8.70849,    9.80129      
# span 15 =  265.51911,  298.56503      
# span 16 =     83.219,    108.278      
# span 17 = 0.0000e+00, 0.0000e+00      
# interval = seconds: 0.0416667
# start_time = May 18 2023 14:02:19 [System UTC, first data scan.]
# bad_flag = -9.990e-29
*END*
[from data line 3136]
   40.30192  -71.80372     55.686     55.250     6.8774    33.0363 -9.990e-29     0.0148 8.5714e-04  1026.1445     6.8725    25.8891     8.1935    249.588    9.80096  298.55484     83.599 0.0000e+00
   40.30192  -71.80372     55.720     55.284     6.8773    33.0363 -9.990e-29     0.0013 8.5792e-04  1026.1449     6.8723    25.8892     8.1930    249.572    9.80101  298.55641     83.593 0.0000e+00
   40.30192  -71.80372     55.757     55.321     6.8772    33.0364 -9.990e-29     0.0013 8.3201e-04  1026.1454     6.8723    25.8894     8.1925    249.557    9.80099  298.55606     83.588 0.0000e+00
   40.30192  -71.80372     55.778     55.342     6.8773    33.0364 -9.990e-29     0.0148 8.3352e-04  1026.1454     6.8723    25.8894     8.1920    249.543    9.80102  298.55680     83.583 0.0000e+00
   40.30192  -71.80372     55.813     55.376     6.8772    33.0365 -9.990e-29     0.0013 8.0845e-04  1026.1453     6.8723    25.8893     8.1979    249.723    9.80098  298.55555     83.644 0.0000e+00
   40.30192  -71.80372     55.850     55.413     6.8773    33.0365 -9.990e-29     0.0013 6.8270e-04  1026.1455     6.8723    25.8892     8.1984    249.739    9.80099  298.55586     83.649 0.0000e+00
   40.30192  -71.80372     55.880     55.443     6.8774    33.0365 -9.990e-29     0.0013 6.2099e-04  1026.1457     6.8725    25.8893     8.1989    249.754    9.80097  298.55518     83.654 0.0000e+00
   40.30192  -71.80372     55.925     55.487     6.8771    33.0365 -9.990e-29     0.0013 6.3396e-04  1026.1463     6.8721    25.8894     8.1995    249.771    9.80100  298.55616     83.660 0.0000e+00
   40.30192  -71.80372     55.952     55.515     6.8774    33.0365 -9.990e-29    -0.0121 7.7844e-04  1026.1459     6.8725    25.8893     8.1936    249.591    9.80093  298.55408     83.600 0.0000e+00
   40.30192  -71.80372     55.973     55.535     6.8771    33.0364 -9.990e-29    -0.0121 8.9175e-04  1026.1461     6.8721    25.8893     8.1932    249.580    9.80098  298.55565     83.596 0.0000e+00
   40.30192  -71.80372     56.017     55.579     6.8770    33.0364 -9.990e-29    -0.0121 9.4244e-04  1026.1465     6.8720    25.8892     8.1919    249.540    9.80099  298.55574     83.582 0.0000e+00
   40.30192  -71.80372     56.034     55.595     6.8771    33.0364 -9.990e-29    -0.0121 6.9624e-04  1026.1461     6.8721    25.8892     8.1915    249.528    9.80091  298.55364     83.579 0.0000e+00
   40.30192  -71.80372     56.075     55.636     6.8770    33.0365 -9.990e-29    -0.0121 5.0683e-04  1026.1468     6.8720    25.8894     8.1975    249.712    9.80090  298.55319     83.641 0.0000e+00
   40.30192  -71.80372     56.099     55.660     6.8769    33.0367 -9.990e-29    -0.0121 4.8511e-04  1026.1472     6.8719    25.8896     8.1982    249.733    9.80096  298.55515     83.647 0.0000e+00
   40.30192  -71.80372     56.126     55.687     6.8771    33.0367 -9.990e-29    -0.0121 6.1507e-04  1026.1473     6.8721    25.8897     8.1925    249.559    9.80100  298.55614     83.589 0.0000e+00
   40.30192  -71.80372     56.157     55.717     6.8771    33.0367 -9.990e-29    -0.0121 7.4524e-04  1026.1472     6.8721    25.8895     8.1913    249.522    9.80102  298.55667     83.576 0.0000e+00
   40.30192  -71.80372     56.191     55.752     6.8773    33.0367 -9.990e-29     0.0013 7.6178e-04  1026.1470     6.8723    25.8894     8.1910    249.514    9.80102  298.55698     83.573 0.0000e+00
   40.30192  -71.80372     56.208     55.768     6.8772    33.0367 -9.990e-29    -0.0121 4.6270e-04  1026.1475     6.8723    25.8895     8.1972    249.701    9.80102  298.55683     83.636 0.0000e+00
   40.30192  -71.80372     56.231     55.791     6.8771    33.0366 -9.990e-29    -0.0121 1.0237e-04  1026.1476     6.8721    25.8895     8.1969    249.694    9.80105  298.55790     83.633 0.0000e+00
   40.30192  -71.80372     56.269     55.828     6.8771    33.0366 -9.990e-29    -0.0121 1.2045e-05  1026.1477     6.8721    25.8895     8.1976    249.714    9.80106  298.55805     83.640 0.0000e+00
   40.30192  -71.80372     56.289     55.849     6.8769    33.0366 -9.990e-29    -0.0121 8.0969e-05  1026.1478     6.8719    25.8894     8.1919    249.540    9.80101  298.55648     83.582 0.0000e+00
   40.30192  -71.80372     56.313     55.872     6.8773    33.0366 -9.990e-29     0.0013 2.2534e-04  1026.1476     6.8723    25.8894     8.1917    249.533    9.80101  298.55643     83.580 0.0000e+00
   40.30192  -71.80372     56.331     55.890     6.8771    33.0366 -9.990e-29    -0.0121 2.6581e-04  1026.1480     6.8721    25.8895     8.1915    249.527    9.80103  298.55695     83.578 0.0000e+00
   40.30192  -71.80372     56.361     55.920     6.8771    33.0366 -9.990e-29    -0.0121 3.0783e-04  1026.1483     6.8721    25.8896     8.1913    249.521    9.80096  298.55502     83.576 0.0000e+00
   40.30192  -71.80372     56.385     55.943     6.8771    33.0366 -9.990e-29    -0.0121 4.5776e-04  1026.1484     6.8721    25.8896     8.1912    249.518    9.80097  298.55533     83.575 0.0000e+00
   40.30192  -71.80372     56.392     55.950     6.8773    33.0366 -9.990e-29    -0.0121 5.0897e-04  1026.1481     6.8723    25.8894     8.1901    249.486    9.80096  298.55489     83.564 0.0000e+00
   40.30192  -71.80372     56.426     55.985     6.8771    33.0366 -9.990e-29    -0.0121 2.3390e-04  1026.1484     6.8721    25.8894     8.1900    249.483    9.80092  298.55363     83.564 0.0000e+00
   40.30192  -71.80372     56.443     56.001     6.8774    33.0366 -9.990e-29    -0.0121 5.5771e-14  1026.1483     6.8724    25.8895     8.1900    249.482    9.80092  298.55373     83.564 0.0000e+00
   40.30192  -71.80372     56.463     56.022     6.8769    33.0366 -9.990e-29    -0.0121 5.6835e-14  1026.1488     6.8719    25.8895     8.1900    249.482    9.80091  298.55365     83.564 0.0000e+00
   40.30192  -71.80372     56.477     56.035     6.8774    33.0365 -9.990e-29    -0.0121 5.7676e-14  1026.1485     6.8724    25.8894     8.1901    249.486    9.80098  298.55570     83.564 0.0000e+00
   40.30192  -71.80372     56.494     56.052     6.8772    33.0364 -9.990e-29     0.0013 5.8341e-14  1026.1485     6.8722    25.8893     8.1902    249.487    9.80092  298.55398     83.565 0.0000e+00
   40.30192  -71.80372     56.517     56.075     6.8771    33.0364 -9.990e-29    -0.0121 5.9021e-14  1026.1485     6.8721    25.8893     8.1894    249.463    9.80098  298.55543     83.557 0.0000e+00
   40.30192  -71.80372     56.524     56.082     6.8771    33.0364 -9.990e-29    -0.0121 5.9787e-14  1026.1487     6.8721    25.8893     8.1885    249.438    9.80100  298.55635     83.548 0.0000e+00
   40.30192  -71.80372     56.555     56.112     6.8772    33.0364 -9.990e-29    -0.0121 6.0501e-14  1026.1490     6.8722    25.8893     8.1950    249.634    9.80094  298.55426     83.614 -9.990e-29
   40.30192  -71.80372     56.548     56.105     6.8773    33.0363 -9.990e-29    -0.0121 6.1085e-14  1026.1486     6.8723    25.8892     8.1951    249.638    9.80097  298.55533     83.615 -9.990e-29
   40.30192  -71.80372     56.586     56.144     6.8774    33.0363 -9.990e-29    -0.0121 6.1456e-14  1026.1487     6.8724    25.8891     8.1898    249.475    9.80094  298.55431     83.561 0.0000e+00
   40.30192  -71.80372     56.589     56.146     6.8773    33.0363 -9.990e-29    -0.0121 6.1680e-14  1026.1487     6.8723    25.8891     8.1899    249.480    9.80099  298.55596     83.562 0.0000e+00
   40.30192  -71.80372     56.617     56.174     6.8772    33.0363 -9.990e-29    -0.0121 6.1680e-14  1026.1489     6.8722    25.8892     8.1902    249.488    9.80104  298.55743     83.564 0.0000e+00
   40.30192  -71.80372     56.620     56.176     6.8768    33.0365 -9.990e-29    -0.0121 6.1756e-14  1026.1495     6.8717    25.8894     8.1904    249.495    9.80107  298.55813     83.567 -9.990e-29
   40.30192  -71.80372     56.617     56.174     6.8772    33.0366 -9.990e-29    -0.0121 6.1605e-14  1026.1491     6.8722    25.8894     8.1970    249.697    9.80107  298.55836     83.634 -9.990e-29
   40.30192  -71.80372     56.637     56.194     6.8771    33.0366 -9.990e-29    -0.0121 6.1381e-14  1026.1494     6.8721    25.8894     8.1918    249.538    9.80102  298.55675     83.581 0.0000e+00
   40.30192  -71.80372     56.650     56.207     6.8771    33.0366 -9.990e-29    -0.0121 6.1085e-14  1026.1494     6.8721    25.8894     8.1985    249.742    9.80105  298.55752     83.650 0.0000e+00
   40.30192  -71.80372     56.657     56.213     6.8771    33.0366 -9.990e-29     0.0013 6.0938e-14  1026.1494     6.8721    25.8895     8.1934    249.587    9.80108  298.55866     83.597 0.0000e+00
   40.30192  -71.80372     56.661     56.218     6.8769    33.0366 -9.990e-29    -0.0121 6.1085e-14  1026.1497     6.8719    25.8895     8.2001    249.790    9.80105  298.55757     83.666 0.0000e+00
   40.30192  -71.80372     56.678     56.234     6.8773    33.0365 -9.990e-29    -0.0121 6.1307e-14  1026.1495     6.8723    25.8894     8.1951    249.638    9.80111  298.55956     83.614 0.0000e+00
   40.30192  -71.80372     56.682     56.238     6.8776    33.0363 -9.990e-29    -0.0121 6.1680e-14  1026.1491     6.8725    25.8891     8.1955    249.649    9.80108  298.55884     83.618 0.0000e+00
   40.30192  -71.80372     56.698     56.255     6.8777    33.0363 -9.990e-29    -0.0121 6.2750e-14  1026.1491     6.8727    25.8890     8.1958    249.659    9.80102  298.55691     83.622 -9.990e-29
   40.30192  -71.80372     56.698     56.255     6.8774    33.0363 -9.990e-29    -0.0121 6.4757e-14  1026.1493     6.8724    25.8891     8.2017    249.838    9.80103  298.55710     83.682 -9.990e-29
   40.30192  -71.80372     56.712     56.268     6.8776    33.0363 -9.990e-29    -0.0121 6.6719e-14  1026.1496     6.8725    25.8892     8.1957    249.657    9.80108  298.55855     83.621 -9.990e-29
   40.30192  -71.80372     56.708     56.264     6.8774    33.0363 -9.990e-29    -0.0121 6.7340e-14  1026.1494     6.8724    25.8891     8.2015    249.834    9.80106  298.55783     83.680 -9.990e-29
   40.30192  -71.80372     56.733     56.289     6.8776    33.0363 -9.990e-29    -0.0121 6.5937e-14  1026.1492     6.8725    25.8891     8.1955    249.650    9.80106  298.55801     83.619 -9.990e-29
   40.30188  -71.80384     56.719     56.275     6.8773    33.0364 -9.990e-29     0.0013 6.3142e-14  1026.1497     6.8723    25.8893     8.1950    249.634    9.80113  298.56008     83.613 -9.990e-29
   40.30188  -71.80384     56.742     56.298     6.8774    33.0364 -9.990e-29    -0.0121 6.0938e-14  1026.1498     6.8724    25.8894     8.1944    249.615    9.80109  298.55899     83.607 0.0000e+00
   40.30188  -71.80384     56.749     56.305     6.8774    33.0364 -9.990e-29    -0.0121 5.9228e-14  1026.1498     6.8724    25.8893     8.1948    249.627    9.80110  298.55926     83.611 -9.990e-29
   40.30188  -71.80384     56.749     56.305     6.8776    33.0364 -9.990e-29    -0.0121 5.7808e-14  1026.1496     6.8725    25.8892     8.1952    249.639    9.80106  298.55801     83.615 -9.990e-29
   40.30188  -71.80384     56.752     56.308     6.8774    33.0364 -9.990e-29     0.0013 5.6266e-14  1026.1497     6.8724    25.8892     8.2020    249.848    9.80106  298.55791     83.685 0.0000e+00
   40.30188  -71.80384     56.770     56.326     6.8777    33.0363 -9.990e-29     0.0013 5.4569e-14  1026.1498     6.8727    25.8892     8.1970    249.696    9.80104  298.55740     83.634 -9.990e-29
   40.30188  -71.80384     56.763     56.319     6.8776    33.0363 -9.990e-29     0.0148 5.3026e-14  1026.1495     6.8725    25.8892     8.1966    249.684    9.80110  298.55927     83.630 -9.990e-29
   40.30188  -71.80384     56.780     56.335     6.8774    33.0363 -9.990e-29     0.0013 5.1726e-14  1026.1500     6.8724    25.8892     8.1962    249.670    9.80114  298.56019     83.625 0.0000e+00
   40.30188  -71.80384     56.784     56.340     6.8779    33.0362 -9.990e-29     0.0013 5.0238e-14  1026.1495     6.8729    25.8891     8.1957    249.655    9.80112  298.55963     83.620 -9.990e-29
   40.30188  -71.80384     56.780     56.335     6.8779    33.0361 -9.990e-29     0.0148 4.8739e-14  1026.1496     6.8729    25.8890     8.1952    249.639    9.80106  298.55803     83.615 -9.990e-29
   40.30188  -71.80384     56.794     56.349     6.8777    33.0360 -9.990e-29     0.0013 4.7460e-14  1026.1495     6.8727    25.8890     8.1957    249.656    9.80112  298.55979     83.620 0.0000e+00
   40.30188  -71.80384     56.800     56.356     6.8776    33.0360 -9.990e-29     0.0013 4.6544e-14  1026.1495     6.8725    25.8890     8.1963    249.674    9.80113  298.55999     83.626 0.0000e+00
   40.30188  -71.80384     56.810     56.366     6.8774    33.0360 -9.990e-29     0.0013 4.5952e-14  1026.1498     6.8724    25.8890     8.1958    249.660    9.80107  298.55831     83.622 0.0000e+00
   40.30188  -71.80384     56.814     56.370     6.8774    33.0360      7.874     0.0013 4.5539e-14  1026.1497     6.8724    25.8890     8.1955    249.650    9.80113  298.56015     83.618 0.0000e+00
   40.30188  -71.80384     56.821     56.377     6.8774    33.0360      7.869     0.0013 4.5295e-14  1026.1497     6.8724    25.8889     8.2015    249.831    9.80109  298.55907     83.679 0.0000e+00
   40.30188  -71.80384     56.835     56.390     6.8774    33.0360      7.874     0.0013 4.5133e-14  1026.1494     6.8724    25.8888     8.2030    249.878    9.80112  298.55979     83.694 0.0000e+00
   40.30188  -71.80384     56.842     56.397     6.8772    33.0362      7.874     0.0013 4.5013e-14  1026.1499     6.8722    25.8890     8.2045    249.925    9.80116  298.56118     83.710 0.0000e+00
   40.30188  -71.80384     56.845     56.400     6.8773    33.0364      7.874     0.0013 4.4933e-14  1026.1504     6.8722    25.8893     8.1997    249.776    9.80115  298.56079     83.660 0.0000e+00
   40.30188  -71.80384     56.863     56.418     6.8774    33.0364      7.874     0.0013 4.4893e-14  1026.1501     6.8724    25.8893     8.1992    249.764    9.80113  298.56016     83.656 -9.990e-29
   40.30188  -71.80384     56.865     56.420     6.8773    33.0364      7.874     0.0013 4.4854e-14  1026.1503     6.8722    25.8893     8.1988    249.752    9.80110  298.55923     83.652 -9.990e-29
   40.30188  -71.80384     56.882     56.437     6.8776    33.0364      7.874     0.0013 4.4814e-14  1026.1503     6.8725    25.8893     8.1984    249.739    9.80107  298.55823     83.648 0.0000e+00
   40.30188  -71.80384     56.893     56.448     6.8776    33.0364      7.874     0.0013 4.4814e-14  1026.1502     6.8725    25.8893     8.1981    249.728    9.80111  298.55946     83.644 0.0000e+00
   40.30188  -71.80384     56.896     56.451     6.8776    33.0364      7.869     0.0148 4.4814e-14  1026.1504     6.8725    25.8893     8.1977    249.716    9.80110  298.55915     83.640 0.0000e+00
   40.30188  -71.80384     56.914     56.468     6.8777    33.0364      7.874     0.0013 4.4814e-14  1026.1506     6.8727    25.8893     8.1973    249.705    9.80114  298.56031     83.636 0.0000e+00
   40.30188  -71.80384     56.936     56.490     6.8778    33.0364      7.874     0.0013 4.4774e-14  1026.1505     6.8727    25.8892     8.1969    249.693    9.80112  298.55967     83.632 -9.990e-29
   40.30188  -71.80384     56.933     56.488     6.8779    33.0362      7.874     0.0013 4.4774e-14  1026.1502     6.8729    25.8890     8.1965    249.681    9.80113  298.56016     83.628 -9.990e-29
   40.30188  -71.80384     56.957     56.511     6.8776    33.0361      7.874     0.0013 4.4774e-14  1026.1504     6.8725    25.8889     8.1962    249.670    9.80114  298.56043     83.625 0.0000e+00
   40.30188  -71.80384     56.965     56.519     6.8779    33.0361      7.869     0.0013 4.4814e-14  1026.1502     6.8729    25.8889     8.1958    249.658    9.80114  298.56048     83.621 0.0000e+00
   40.30188  -71.80384     56.987     56.541     6.8776    33.0361      7.869    -0.0121 4.4814e-14  1026.1506     6.8725    25.8889     8.1890    249.453    9.80118  298.56163     83.551 0.0000e+00
