CalculateIndicators/WaterTemperature/Data/CTD_NYOS/20230515_C06.cnv
* Sea-Bird SBE 9 Data File:
* FileName = C:\Seabird 9 CTD\Data\2023\202305_offshore\20230515_C06.hex
* Software Version Seasave V 7.23.2
* Temperature SN = 4590
* Conductivity SN = 3228
* Number of Bytes Per Scan = 44
* Number of Voltage Words = 5
* Number of Scans Averaged by the Deck Unit = 1
* NMEA Latitude = 39 36.60 N
* NMEA Longitude = 072 44.60 W
* NMEA UTC (Time) = May 15 2023  20:13:19
* NMEA baud rate = 4800
** Ship: seawolf
** Station: 8.5
** Operator: SJW
# nquan = 18
# nvalues = 14172                       
# units = specified
# name 0 = latitude: Latitude [deg]
# name 1 = longitude: Longitude [deg]
# name 2 = prDM: Pressure, Digiquartz [db]
# name 3 = depSM: Depth [salt water, m]
# name 4 = t090C: Temperature [ITS-90, deg C]
# name 5 = sal00: Salinity, Practical [PSU]
# name 6 = ph: pH
# name 7 = flECO-AFL: Fluorescence, WET Labs ECO-AFL/FL [mg/m^3]
# name 8 = cpar: CPAR/Corrected Irradiance [%]
# name 9 = density00: Density [density, kg/m^3]
# name 10 = potemp090C: Potential Temperature [ITS-90, deg C]
# name 11 = sigma-é00: Density [sigma-theta, kg/m^3]
# name 12 = sbeox0Mg/L: Oxygen, SBE 43 [mg/l]
# name 13 = sbox0Mm/Kg: Oxygen, SBE 43 [umol/kg]
# name 14 = oxsolMg/L: Oxygen Saturation, Garcia & Gordon [mg/l]
# name 15 = oxsolMm/Kg: Oxygen Saturation, Garcia & Gordon [umol/kg]
# name 16 = sbeox0PS: Oxygen, SBE 43 [% saturation]
# name 17 = flag:  0.000e+00
# span 0 =   39.61000,   39.61020       
# span 1 =  -72.74354,  -72.74076       
# span 2 =      1.822,     65.817       
# span 3 =      1.808,     65.304       
# span 4 =     6.7415,    13.7486       
# span 5 =    32.5240,    33.1232       
# span 6 =      7.849,      8.086       
# span 7 =    -0.0524,     1.4250       
# span 8 = 4.9022e-14, 1.2245e+02       
# span 9 =  1024.5037,  1026.2109       
# span 10 =     6.7384,    13.7483      
# span 11 =    24.4844,    25.9110      
# span 12 =     8.5032,    10.2773      
# span 13 =    259.018,    313.211      
# span 14 =    8.45988,    9.84136      
# span 15 =  258.05346,  299.81434      
# span 16 =     87.507,    114.122      
# span 17 = 0.0000e+00, 0.0000e+00      
# interval = seconds: 0.0416667
# start_time = May 15 2023 20:13:18 [System UTC, first data scan.]
# bad_flag = -9.990e-29
*END*
[from data line 1448]
   39.61010  -72.74308     18.903     18.758    12.1247    32.7797      8.074     0.8206 3.4436e+00  1024.9252    12.1223    24.8414     9.8349    299.754    9.10128  277.39292    108.061 0.0000e+00
   39.61010  -72.74308     18.935     18.789    12.1185    32.7788      8.074     0.8206 3.4340e+00  1024.9297    12.1161    24.8436     9.8171    299.214    9.10156  277.40430    107.862 0.0000e+00
   39.61010  -72.74308     18.954     18.808    12.1140    32.7797      8.074     0.8206 3.4147e+00  1024.9306    12.1116    24.8442     9.8051    298.851    9.10269  277.44071    107.717 0.0000e+00
   39.61010  -72.74308     18.975     18.829    12.1090    32.7803      8.074     0.8206 3.3859e+00  1024.9256    12.1066    24.8444     9.7869    298.297    9.10430  277.49095    107.498 0.0000e+00
   39.61010  -72.74308     18.995     18.849    12.1010    32.7816      8.074     0.8206 3.3859e+00  1024.9320    12.0985    24.8479     9.7693    297.761    9.10654  277.56043    107.278 0.0000e+00
   39.61010  -72.74308     19.016     18.870    12.0965    32.7819      8.074     0.8206 3.3574e+00  1024.9408    12.0940    24.8523     9.7580    297.419    9.11009  277.67072    107.112 0.0000e+00
   39.61010  -72.74308     19.046     18.900    12.0940    32.7819      8.074     0.8206 3.3386e+00  1024.9401    12.0915    24.8530     9.7424    296.947    9.11499  277.82276    106.884 0.0000e+00
   39.61010  -72.74308     19.086     18.940    12.0878    32.7819      8.074     0.8072 3.3292e+00  1024.9350    12.0853    24.8509     9.7320    296.630    9.12004  277.97757    106.710 0.0000e+00
   39.61010  -72.74308     19.097     18.950    12.0787    32.7810      8.074     0.7938 3.3198e+00  1024.9336    12.0763    24.8504     9.7217    296.314    9.12516  278.13267    106.537 0.0000e+00
   39.61010  -72.74308     19.127     18.981    12.0676    32.7802      8.074     0.7938 3.3011e+00  1024.9383    12.0651    24.8530     9.7109    295.984    9.12987  278.27435    106.364 0.0000e+00
   39.61010  -72.74308     19.147     19.000    12.0592    32.7791      8.074     0.7938 3.2919e+00  1024.9449    12.0568    24.8552     9.6988    295.611    9.13332  278.37456    106.192 0.0000e+00
   39.61010  -72.74306     19.178     19.031    12.0545    32.7721      8.074     0.7938 3.2826e+00  1024.9438    12.0521    24.8497     9.6905    295.350    9.13488  278.41705    106.082 0.0000e+00
   39.61010  -72.74306     19.188     19.041    12.0473    32.7487      8.074     0.7938 3.2642e+00  1024.9210    12.0449    24.8336     9.6707    294.744    9.13573  278.43993    105.856 0.0000e+00
   39.61010  -72.74306     19.218     19.071    12.0283    32.7205      8.074     0.7938 3.2495e+00  1024.8944    12.0259    24.8154     9.6615    294.464    9.13636  278.45761    105.748 0.0000e+00
   39.61010  -72.74306     19.248     19.101    11.9961    32.7205      8.074     0.7938 3.2404e+00  1024.8835    11.9937    24.8092     9.6541    294.239    9.13777  278.50127    105.651 0.0000e+00
   39.61010  -72.74306     19.269     19.121    11.9572    32.7205      8.074     0.7938 3.2222e+00  1024.9020    11.9547    24.8200     9.6427    293.891    9.13991  278.56547    105.502 0.0000e+00
   39.61010  -72.74306     19.310     19.162    11.9236    32.7251      8.074     0.7938 3.2185e+00  1024.9306    11.9212    24.8373     9.6359    293.681    9.14075  278.59039    105.417 0.0000e+00
   39.61010  -72.74306     19.341     19.192    11.8924    32.7333      8.074     0.7938 3.2094e+00  1024.9369    11.8899    24.8502     9.6307    293.528    9.14234  278.64268    105.342 0.0000e+00
   39.61010  -72.74306     19.371     19.222    11.8506    32.7406      8.075     0.7938 3.1968e+00  1024.9432    11.8481    24.8630     9.6272    293.423    9.14522  278.73341    105.270 0.0000e+00
   39.61010  -72.74306     19.392     19.243    11.8070    32.7466      8.075     0.7938 3.1878e+00  1024.9693    11.8046    24.8817     9.6249    293.352    9.14766  278.80555    105.217 0.0000e+00
   39.61010  -72.74306     19.430     19.281    11.7806    32.7466      8.075     0.7938 3.1878e+00  1024.9958    11.7782    24.8974     9.6210    293.227    9.14838  278.82280    105.166 0.0000e+00
   39.61010  -72.74306     19.452     19.303    11.7680    32.7466      8.075     0.7938 3.1699e+00  1025.0090    11.7656    24.8834     9.6189    293.165    9.14931  278.85152    105.133 0.0000e+00
   39.61010  -72.74306     19.482     19.333    11.7562    32.6525      8.075     0.7938 3.1520e+00  1024.9259    11.7538    24.8161     9.6127    292.975    9.15148  278.91855    105.040 0.0000e+00
   39.61010  -72.74306     19.513     19.363    11.6965    32.5240      8.075     0.7938 3.1520e+00  1024.7741    11.6940    24.7290     9.6177    293.127    9.15325  278.97105    105.074 0.0000e+00
   39.61010  -72.74306     19.543     19.393    11.5592    32.5240      8.076     0.7938 3.1343e+00  1024.7295    11.5568    24.7000     9.6129    292.980    9.15431  279.00226    105.010 0.0000e+00
   39.61010  -72.74306     19.564     19.413    11.3989    32.5240      8.076     0.7938 3.1167e+00  1024.8201    11.3965    24.7621     9.6190    293.165    9.15528  279.03149    105.065 0.0000e+00
   39.61010  -72.74306     19.594     19.443    11.2745    32.6123      8.081     0.7938 3.1167e+00  1024.9880    11.2721    24.8636     9.6222    293.264    9.15663  279.07298    105.085 0.0000e+00
   39.61010  -72.74306     19.613     19.463    11.2198    32.6796      8.077     0.7938 3.1079e+00  1025.0476    11.2175    24.9306     9.6253    293.357    9.15766  279.10392    105.107 0.0000e+00
   39.61010  -72.74306     19.645     19.494    11.1493    32.7000      8.077     0.7938 3.0905e+00  1025.0331    11.1470    24.9594     9.6349    293.648    9.15854  279.13016    105.201 0.0000e+00
   39.61010  -72.74306     19.685     19.534    11.0640    32.7000      8.082     0.7938 3.0818e+00  1025.0791    11.0617    24.9863     9.6402    293.811    9.15929  279.15289    105.251 0.0000e+00
   39.61010  -72.74306     19.705     19.554    11.0135    32.7000      8.078     0.7938 3.0645e+00  1025.1217    11.0112    25.0002     9.6460    293.984    9.15955  279.15921    105.311 0.0000e+00
   39.61010  -72.74306     19.736     19.584    10.9820    32.6774      8.083     0.7938 3.0472e+00  1025.0765    10.9797    24.9735     9.6519    294.164    9.15916  279.14604    105.380 0.0000e+00
   39.61010  -72.74306     19.766     19.614    10.9127    32.6046      8.083     0.7803 3.0387e+00  1024.9932    10.9104    24.9297     9.6655    294.578    9.15965  279.16228    105.522 0.0000e+00
   39.61010  -72.74306     19.777     19.625    10.7968    32.6046      8.083     0.7803 3.0387e+00  1024.9780    10.7945    24.9175     9.6746    294.858    9.16064  279.19224    105.611 0.0000e+00
   39.61010  -72.74306     19.815     19.663    10.6731    32.6046      8.084     0.7803 3.0131e+00  1025.0262    10.6708    24.9530     9.6897    295.315    9.16092  279.20018    105.772 0.0000e+00
   39.61012  -72.74304     19.828     19.676    10.5650    32.6480      8.084     0.7803 3.0131e+00  1025.1063    10.5627    25.0184     9.7072    295.851    9.16205  279.23717    105.950 0.0000e+00
   39.61012  -72.74304     19.868     19.715    10.4849    32.7197      8.084     0.7803 3.0046e+00  1025.1881    10.4826    25.0880     9.7277    296.478    9.16449  279.31299    106.145 0.0000e+00
   39.61012  -72.74304     19.888     19.736    10.4341    32.7779      8.085     0.7803 2.9877e+00  1025.2432    10.4318    25.1433     9.7428    296.937    9.16654  279.37559    106.286 0.0000e+00
   39.61012  -72.74304     19.919     19.766    10.3945    32.8149      8.085     0.7803 2.9793e+00  1025.2774    10.3922    25.1797     9.7585    297.420    9.16859  279.43908    106.435 0.0000e+00
   39.61012  -72.74304     19.939     19.786    10.3552    32.8360      8.085     0.7803 2.9793e+00  1025.2943    10.3529    25.2031     9.7796    298.059    9.17018  279.48528    106.646 0.0000e+00
   39.61012  -72.74304     19.989     19.835    10.3124    32.8524      8.080     0.7803 2.9709e+00  1025.3105    10.3101    25.2225     9.8008    298.701    9.17059  279.49465    106.872 0.0000e+00
   39.61012  -72.74304     20.011     19.857    10.2775    32.8719      8.085     0.7803 2.9626e+00  1025.3337    10.2752    25.2434     9.8225    299.362    9.17098  279.50678    107.104 0.0000e+00
   39.61012  -72.74304     20.041     19.887    10.2543    32.8933      8.085     0.7803 2.9626e+00  1025.3571    10.2520    25.2640     9.8455    300.065    9.17208  279.54171    107.342 0.0000e+00
   39.61012  -72.74304     20.051     19.897    10.2420    32.9092      8.081     0.7803 2.9509e+00  1025.3761    10.2397    25.2789     9.8692    300.788    9.17334  279.57894    107.586 0.0000e+00
   39.61012  -72.74304     20.092     19.938    10.2364    32.9137      8.085     0.7803 2.9426e+00  1025.3788    10.2341    25.2840     9.8862    301.306    9.17410  279.60186    107.762 0.0000e+00
   39.61012  -72.74304     20.110     19.956    10.2286    32.9149      8.081     0.7803 2.9426e+00  1025.3678    10.2263    25.2865     9.9043    301.857    9.17545  279.64348    107.944 0.0000e+00
   39.61012  -72.74304     20.132     19.977    10.2109    32.9284      8.081     0.7803 2.9260e+00  1025.3842    10.2086    25.2990     9.9275    302.563    9.17654  279.67576    108.183 0.0000e+00
   39.61012  -72.74304     20.162     20.007    10.2015    32.9491      8.081     0.7803 2.9096e+00  1025.4182    10.1992    25.3163     9.9435    303.050    9.17688  279.68425    108.354 0.0000e+00
   39.61012  -72.74304     20.192     20.038    10.2098    32.9491      8.081     0.7803 2.9096e+00  1025.4202    10.2075    25.3229     9.9700    303.855    9.17671  279.67926    108.644 0.0000e+00
   39.61012  -72.74304     20.204     20.048    10.2124    32.9491      8.081     0.7803 2.8932e+00  1025.4092    10.2101    25.3186     9.9868    304.372    9.17751  279.70704    108.818 0.0000e+00
   39.61012  -72.74304     20.263     20.107    10.2093    32.9439      8.081     0.7803 2.8770e+00  1025.4030    10.2070    25.3123    10.0085    305.033    9.17871  279.74377    109.040 -9.990e-29
   39.61012  -72.74304     20.264     20.109    10.2031    32.9357      8.081     0.7803 2.8770e+00  1025.3987    10.2008    25.3069    10.0303    305.700    9.18000  279.78411    109.263 -9.990e-29
   39.61012  -72.74304     20.294     20.139    10.1942    32.9263      8.081     0.7803 2.8608e+00  1025.3940    10.1919    25.3012    10.0465    306.194    9.18211  279.85067    109.413 0.0000e+00
   39.61012  -72.74304     20.315     20.159    10.1802    32.9142      8.081     0.7803 2.8447e+00  1025.3862    10.1779    25.2942    10.0665    306.803    9.18391  279.90314    109.610 0.0000e+00
   39.61012  -72.74304     20.344     20.188    10.1602    32.9016      8.081     0.7803 2.8367e+00  1025.3770    10.1579    25.2876    10.0848    307.356    9.18436  279.91332    109.804 0.0000e+00
   39.61012  -72.74304     20.366     20.210    10.1375    32.8978      8.081     0.7803 2.8287e+00  1025.3735    10.1352    25.2849    10.1016    307.867    9.18457  279.91948    109.984 0.0000e+00
   39.61012  -72.74304     20.387     20.230    10.1118    32.8978      8.081     0.8878 2.8049e+00  1025.3775    10.1095    25.2877    10.1130    308.216    9.18547  279.94819    110.098 0.0000e+00
   39.61012  -72.74304     20.426     20.270    10.0871    32.8978      8.081     0.9415 2.8049e+00  1025.3845    10.0848    25.2964    10.1296    308.721    9.18677  279.98800    110.262 0.0000e+00
   39.61012  -72.74304     20.455     20.298    10.0645    32.9114      8.081     0.9549 2.7970e+00  1025.4023    10.0622    25.3104    10.1399    309.035    9.18805  280.02681    110.359 0.0000e+00
   39.61012  -72.74304     20.477     20.320    10.0506    32.9276      8.081     0.9549 2.7657e+00  1025.4208    10.0483    25.3255    10.1553    309.507    9.18985  280.08336    110.505 0.0000e+00
   39.61012  -72.74304     20.508     20.350    10.0426    32.9400      8.081     0.9415 2.7657e+00  1025.4321    10.0403    25.3368    10.1662    309.843    9.19255  280.16827    110.592 0.0000e+00
   39.61012  -72.74304     20.528     20.371    10.0374    32.9458      8.081     0.9549 2.7579e+00  1025.4386    10.0351    25.3424    10.1809    310.290    9.19521  280.24833    110.719 0.0000e+00
   39.61012  -72.74304     20.557     20.399    10.0319    32.9458      8.081     0.9549 2.7347e+00  1025.4354    10.0296    25.3441    10.1887    310.524    9.19679  280.29358    110.785 0.0000e+00
   39.61012  -72.74304     20.579     20.421    10.0204    32.9458      8.082     0.9549 2.7193e+00  1025.4395    10.0181    25.3452    10.2008    310.890    9.19771  280.31918    110.906 0.0000e+00
   39.61012  -72.74304     20.610     20.451    10.0156    32.9426      8.082     0.9549 2.7193e+00  1025.4418    10.0133    25.3434    10.2068    311.075    9.19905  280.36035    110.955 0.0000e+00
   39.61012  -72.74304     20.630     20.472    10.0129    32.9323      8.082     0.9415 2.6919e+00  1025.4284    10.0106    25.3364    10.2128    311.258    9.20092  280.41785    110.998 0.0000e+00
   39.61012  -72.74304     20.658     20.499    10.0032    32.9323      8.082     0.9415 2.6692e+00  1025.4176    10.0008    25.3315    10.2240    311.598    9.20282  280.47620    111.096 0.0000e+00
   39.61012  -72.74304     20.681     20.522     9.9888    32.9323      8.082     0.9549 2.6692e+00  1025.4259     9.9865    25.3358    10.2296    311.769    9.20487  280.53920    111.132 0.0000e+00
   39.61012  -72.74304     20.700     20.541     9.9790    32.9358      8.082     0.9415 2.6467e+00  1025.4438     9.9767    25.3440    10.2403    312.097    9.20700  280.60461    111.223 0.0000e+00
   39.61012  -72.74304     20.731     20.572     9.9754    32.9376      8.086     0.9549 2.6318e+00  1025.4419     9.9731    25.3473    10.2512    312.428    9.20919  280.66972    111.315 0.0000e+00
   39.61012  -72.74304     20.760     20.600     9.9661    32.9385      8.082     0.9549 2.6274e+00  1025.4392     9.9638    25.3479    10.2558    312.565    9.21096  280.72200    111.343 0.0000e+00
   39.61012  -72.74304     20.782     20.622     9.9560    32.9390      8.082     0.9549 2.6083e+00  1025.4443     9.9537    25.3504    10.2583    312.640    9.21239  280.76356    111.354 0.0000e+00
   39.61012  -72.74304     20.802     20.643     9.9494    32.9414      8.082     0.9549 2.5777e+00  1025.4489     9.9471    25.3536    10.2606    312.707    9.21361  280.79981    111.363 0.0000e+00
   39.61012  -72.74304     20.841     20.681     9.9444    32.9415      8.082     0.9415 2.5691e+00  1025.4502     9.9421    25.3550    10.2672    312.909    9.21502  280.84267    111.418 0.0000e+00
   39.61012  -72.74304     20.863     20.703     9.9387    32.9417      8.082     0.9549 2.5420e+00  1025.4485     9.9364    25.3554    10.2746    313.134    9.21646  280.88570    111.481 0.0000e+00
   39.61012  -72.74304     20.894     20.734     9.9331    32.9421      8.082     0.9549 2.5110e+00  1025.4508     9.9308    25.3566    10.2757    313.167    9.21756  280.91815    111.480 0.0000e+00
   39.61012  -72.74304     20.904     20.744     9.9281    32.9429      8.082     0.9549 2.4876e+00  1025.4531     9.9258    25.3582    10.2757    313.164    9.21846  280.94429    111.468 0.0000e+00
   39.61012  -72.74304     20.932     20.771     9.9246    32.9448      8.082     0.9549 2.4605e+00  1025.4532     9.9223    25.3603    10.2753    313.152    9.21914  280.96441    111.456 0.0000e+00
   39.61012  -72.74304     20.955     20.794     9.9215    32.9485      8.082     0.9415 2.4202e+00  1025.4588     9.9192    25.3637    10.2737    313.102    9.21952  280.97483    111.434 0.0000e+00
