CalculateIndicators/WaterTemperature/Data/CTD_NYOS/20231002_C01.cnv
* Sea-Bird SBE 9 Data File:
* FileName = C:\Seabird 9 CTD\Data\2023\202309_offshore\20231002_C01.hex
* Software Version Seasave V 7.23.2
* Temperature SN = 4590
* Conductivity SN = 3228
* Number of Bytes Per Scan = 44
* Number of Voltage Words = 5
* Number of Scans Averaged by the Deck Unit = 1
* NMEA Latitude = 40 57.68 N
* NMEA Longitude = 073 34.80 W
* NMEA UTC (Time) = Oct 02 2023  21:29:41
* NMEA baud rate = 4800
** Ship: seawolf
** Station: LIS-ARIG
** Operator: SW
# nquan = 18
# nvalues = 10505                       
# units = specified
# name 0 = latitude: Latitude [deg]
# name 1 = longitude: Longitude [deg]
# name 2 = prDM: Pressure, Digiquartz [db]
# name 3 = depSM: Depth [salt water, m]
# name 4 = t090C: Temperature [ITS-90, deg C]
# name 5 = sal00: Salinity, Practical [PSU]
# name 6 = ph: pH
# name 7 = flECO-AFL: Fluorescence, WET Labs ECO-AFL/FL [mg/m^3]
# name 8 = cpar: CPAR/Corrected Irradiance [%]
# name 9 = density00: Density [density, kg/m^3]
# name 10 = potemp090C: Potential Temperature [ITS-90, deg C]
# name 11 = sigma-é00: Density [sigma-theta, kg/m^3]
# name 12 = sbeox0Mg/L: Oxygen, SBE 43 [mg/l]
# name 13 = sbox0Mm/Kg: Oxygen, SBE 43 [umol/kg]
# name 14 = oxsolMg/L: Oxygen Saturation, Garcia & Gordon [mg/l]
# name 15 = oxsolMm/Kg: Oxygen Saturation, Garcia & Gordon [umol/kg]
# name 16 = sbeox0PS: Oxygen, SBE 43 [% saturation]
# name 17 = flag:  0.000e+00
# span 0 =   40.96132,   40.96226       
# span 1 =  -73.58006,  -73.57906       
# span 2 =      1.788,     13.480       
# span 3 =      1.774,     13.375       
# span 4 =    18.7983,    19.9451       
# span 5 =    25.7101,    26.2117       
# span 6 =      7.612,      7.857       
# span 7 =     0.4177,     3.4800       
# span 8 = 2.1034e-02, 4.8857e+01       
# span 9 =  1017.8032,  1018.4263       
# span 10 =    18.7961,    19.9446      
# span 11 =    17.7961,    18.3673      
# span 12 =     6.7649,     8.9303      
# span 13 =    207.596,    274.167      
# span 14 =    7.80927,    7.97269      
# span 15 =  239.75086,  244.69566      
# span 16 =     84.893,    114.329      
# span 17 = 0.0000e+00, 0.0000e+00      
# interval = seconds: 0.0416667
# start_time = Oct 02 2023 21:29:44 [System UTC, first data scan.]
# bad_flag = -9.990e-29
*END*
[from data line 10131]
   40.96214  -73.57922      2.326      2.308    19.9223    25.9711 -9.990e-29     2.9293 1.3162e+01  1017.9199    19.9219    17.9096     8.8940    273.051    7.81147  239.81742    113.858 -9.990e-29
   40.96214  -73.57922      2.326      2.308    19.9225    25.9710 -9.990e-29     2.9293 1.6678e+01  1017.9197    19.9221    17.9095     8.8896    272.916    7.81154  239.81959    113.800 -9.990e-29
   40.96214  -73.57922      2.335      2.317    19.9227    25.9710 -9.990e-29     2.9293 2.5811e+01  1017.9197    19.9223    17.9095     8.8898    272.922    7.81161  239.82158    113.802 -9.990e-29
   40.96214  -73.57922      2.326      2.308    19.9228    25.9710 -9.990e-29     2.9293 3.1577e+01  1017.9196    19.9224    17.9094     8.8942    273.057    7.81164  239.82267    113.858 -9.990e-29
   40.96214  -73.57922      2.326      2.308    19.9229    25.9710 -9.990e-29     2.6070 3.0087e+01  1017.9195    19.9225    17.9094     8.8897    272.921    7.81169  239.82421    113.800 -9.990e-29
   40.96214  -73.57922      2.316      2.298    19.9232    25.9710 -9.990e-29     2.3786 2.8662e+01  1017.9195    19.9228    17.9094     8.8945    273.067    7.81172  239.82484    113.861 -9.990e-29
   40.96214  -73.57922      2.316      2.298    19.9232    25.9710 -9.990e-29     2.3383 2.8591e+01  1017.9195    19.9228    17.9094     8.8905    272.944    7.81176  239.82620    113.809 -9.990e-29
   40.96214  -73.57922      2.316      2.298    19.9230    25.9710 -9.990e-29     2.3652 2.7060e+01  1017.9196    19.9226    17.9095     8.8861    272.808    7.81181  239.82767    113.752 -9.990e-29
   40.96214  -73.57922      2.316      2.298    19.9230    25.9710 -9.990e-29     2.3786 2.7127e+01  1017.9197    19.9226    17.9095     8.8905    272.945    7.81186  239.82894    113.808 -9.990e-29
   40.96214  -73.57922      2.305      2.287    19.9234    25.9711 -9.990e-29     2.3786 2.7480e+01  1017.9195    19.9230    17.9094     8.8857    272.797    7.81186  239.82911    113.746 -9.990e-29
   40.96214  -73.57922      2.307      2.289    19.9232    25.9711 -9.990e-29     2.3786 2.9043e+01  1017.9193    19.9228    17.9093     8.8851    272.779    7.81185  239.82876    113.739 -9.990e-29
   40.96214  -73.57922      2.305      2.287    19.9234    25.9711 -9.990e-29     2.3786 2.9907e+01  1017.9194    19.9230    17.9094     8.8890    272.898    7.81174  239.82490    113.791 -9.990e-29
   40.96214  -73.57922      2.296      2.278    19.9235    25.9713 -9.990e-29     2.3786 2.9345e+01  1017.9196    19.9231    17.9095     8.8845    272.760    7.81162  239.82106    113.735 -9.990e-29
   40.96214  -73.57922      2.296      2.278    19.9234    25.9715 -9.990e-29     2.3786 2.9351e+01  1017.9198    19.9230    17.9097     8.8842    272.751    7.81149  239.81718    113.733 -9.990e-29
   40.96214  -73.57922      2.296      2.278    19.9237    25.9716 -9.990e-29     2.3786 3.0854e+01  1017.9197    19.9233    17.9097     8.8836    272.731    7.81136  239.81341    113.726 -9.990e-29
   40.96214  -73.57922      2.296      2.278    19.9235    25.9716 -9.990e-29     2.3786 3.0102e+01  1017.9197    19.9231    17.9097     8.8830    272.714    7.81129  239.81148    113.720 -9.990e-29
   40.96216  -73.57922      2.286      2.268    19.9235    25.9717 -9.990e-29     2.3786 3.1665e+01  1017.9198    19.9231    17.9098     8.8829    272.711    7.81124  239.81026    113.719 -9.990e-29
   40.96216  -73.57922      2.286      2.268    19.9235    25.9717 -9.990e-29     2.3786 3.4642e+01  1017.9200    19.9231    17.9099     8.8825    272.700    7.81131  239.81258    113.714 -9.990e-29
   40.96216  -73.57922      2.286      2.268    19.9239    25.9717 -9.990e-29     2.3786 3.6384e+01  1017.9197    19.9235    17.9098     8.8822    272.690    7.81140  239.81518    113.708 -9.990e-29
   40.96216  -73.57922      2.275      2.257    19.9239    25.9716 -9.990e-29     2.3786 3.7212e+01  1017.9196    19.9235    17.9096     8.8823    272.693    7.81148  239.81773    113.708 -9.990e-29
   40.96216  -73.57922      2.276      2.259    19.9239    25.9715 -9.990e-29     2.3786 3.7307e+01  1017.9196    19.9235    17.9095     8.8774    272.543    7.81160  239.82118    113.644 -9.990e-29
   40.96216  -73.57922      2.286      2.268    19.9242    25.9714 -9.990e-29     2.3786 3.6958e+01  1017.9194    19.9239    17.9094     8.8768    272.523    7.81167  239.82314    113.635 -9.990e-29
   40.96216  -73.57922      2.265      2.248    19.9242    25.9714 -9.990e-29     2.3786 3.8013e+01  1017.9193    19.9239    17.9093     8.8808    272.645    7.81173  239.82499    113.685 -9.990e-29
   40.96216  -73.57922      2.275      2.257    19.9246    25.9714 -9.990e-29     2.3786 3.7131e+01  1017.9192    19.9242    17.9093     8.8804    272.632    7.81163  239.82206    113.681 -9.990e-29
   40.96216  -73.57922      2.265      2.248    19.9246    25.9713 -9.990e-29     2.3786 3.6913e+01  1017.9192    19.9242    17.9092     8.8800    272.623    7.81160  239.82103    113.678 -9.990e-29
   40.96216  -73.57922      2.276      2.259    19.9248    25.9710 -9.990e-29     2.3786 4.0018e+01  1017.9188    19.9244    17.9090     8.8798    272.615    7.81161  239.82117    113.674 -9.990e-29
   40.96216  -73.57922      2.265      2.248    19.9250    25.9709 -9.990e-29     2.3786 4.1881e+01  1017.9187    19.9246    17.9089     8.8796    272.608    7.81162  239.82179    113.671 -9.990e-29
   40.96216  -73.57922      2.254      2.237    19.9248    25.9709 -9.990e-29     2.3786 3.8830e+01  1017.9188    19.9244    17.9089     8.8793    272.601    7.81164  239.82248    113.668 -9.990e-29
   40.96216  -73.57922      2.265      2.248    19.9250    25.9709 -9.990e-29     2.4592 3.6727e+01  1017.9188    19.9246    17.9089     8.8796    272.610    7.81171  239.82466    113.671 -9.990e-29
   40.96216  -73.57922      2.265      2.248    19.9252    25.9710 -9.990e-29     2.5801 3.8494e+01  1017.9187    19.9248    17.9089     8.8795    272.607    7.81179  239.82682    113.668 -9.990e-29
   40.96216  -73.57922      2.256      2.238    19.9250    25.9710 -9.990e-29     2.6204 3.9961e+01  1017.9189    19.9246    17.9089     8.8794    272.604    7.81184  239.82846    113.666 -9.990e-29
   40.96216  -73.57922      2.254      2.237    19.9255    25.9710 -9.990e-29     2.6204 4.1663e+01  1017.9185    19.9251    17.9088     8.8794    272.602    7.81192  239.83076    113.664 -9.990e-29
   40.96216  -73.57922      2.254      2.237    19.9252    25.9710 -9.990e-29     2.6070 4.6980e+01  1017.9186    19.9248    17.9087     8.8793    272.601    7.81201  239.83359    113.663 -9.990e-29
   40.96216  -73.57922      2.254      2.237    19.9255    25.9710 -9.990e-29     2.6070 4.8857e+01  1017.9185    19.9251    17.9087     8.8793    272.601    7.81211  239.83652    113.661 -9.990e-29
   40.96216  -73.57922      2.254      2.237    19.9255    25.9712 -9.990e-29     2.6070 4.7536e+01  1017.9188    19.9251    17.9089     8.8843    272.754    7.81218  239.83844    113.724 -9.990e-29
   40.96216  -73.57922      2.256      2.238    19.9253    25.9714 -9.990e-29     2.6070 4.4766e+01  1017.9190    19.9249    17.9091     8.8801    272.626    7.81228  239.84143    113.669 -9.990e-29
   40.96216  -73.57922      2.245      2.227    19.9253    25.9716 -9.990e-29     2.6070 3.6696e+01  1017.9190    19.9249    17.9093     8.8802    272.626    7.81234  239.84298    113.668 -9.990e-29
   40.96216  -73.57922      2.245      2.227    19.9255    25.9717 -9.990e-29     2.6070 2.9188e+01  1017.9192    19.9251    17.9093     8.8806    272.638    7.81237  239.84388    113.673 -9.990e-29
   40.96216  -73.57922      2.245      2.227    19.9257    25.9717 -9.990e-29     2.6070 2.1979e+01  1017.9191    19.9253    17.9092     8.8806    272.639    7.81242  239.84542    113.673 -9.990e-29
   40.96216  -73.57922      2.254      2.237    19.9260    25.9717 -9.990e-29     2.6070 1.8732e+01  1017.9189    19.9256    17.9092     8.8810    272.651    7.81241  239.84526    113.678 -9.990e-29
   40.96224  -73.57908      2.246      2.229    19.9264    25.9717 -9.990e-29     2.6070 1.7403e+01  1017.9191    19.9260    17.9090     8.8814    272.664    7.81239  239.84442    113.684 -9.990e-29
   40.96224  -73.57908      2.254      2.237    19.9276    25.9716 -9.990e-29     2.6070 1.6187e+01  1017.9185    19.9272    17.9087     8.8818    272.676    7.81232  239.84241    113.690 -9.990e-29
   40.96224  -73.57908      2.245      2.227    19.9281    25.9714 -9.990e-29     2.6070 1.5585e+01  1017.9183    19.9277    17.9085     8.8818    272.675    7.81222  239.83929    113.691 -9.990e-29
   40.96224  -73.57908      2.245      2.227    19.9286    25.9713 -9.990e-29     2.6070 1.5541e+01  1017.9180    19.9282    17.9083     8.8818    272.676    7.81212  239.83636    113.693 -9.990e-29
   40.96224  -73.57908      2.254      2.237    19.9288    25.9711 -9.990e-29     2.6070 1.6897e+01  1017.9179    19.9284    17.9080     8.8822    272.689    7.81202  239.83343    113.699 -9.990e-29
   40.96224  -73.57908      2.256      2.238    19.9288    25.9709 -9.990e-29     2.6070 1.7177e+01  1017.9178    19.9284    17.9078     8.8823    272.691    7.81191  239.83002    113.702 -9.990e-29
   40.96224  -73.57908      2.245      2.227    19.9292    25.9705 -9.990e-29     2.6070 1.6484e+01  1017.9173    19.9288    17.9074     8.8823    272.691    7.81179  239.82645    113.704 -9.990e-29
   40.96224  -73.57908      2.265      2.248    19.9293    25.9700 -9.990e-29     2.6070 1.5030e+01  1017.9169    19.9289    17.9071     8.8870    272.837    7.81171  239.82418    113.765 -9.990e-29
   40.96224  -73.57908      2.254      2.237    19.9293    25.9699 -9.990e-29     2.6070 1.3252e+01  1017.9166    19.9289    17.9069     8.8875    272.853    7.81163  239.82181    113.773 -9.990e-29
   40.96224  -73.57908      2.265      2.248    19.9288    25.9699 -9.990e-29     2.6070 1.2743e+01  1017.9168    19.9284    17.9070     8.8838    272.739    7.81157  239.82002    113.727 -9.990e-29
   40.96224  -73.57908      2.265      2.248    19.9283    25.9699 -9.990e-29     2.6070 1.2901e+01  1017.9172    19.9279    17.9072     8.8840    272.745    7.81153  239.81888    113.730 -9.990e-29
   40.96224  -73.57908      2.275      2.257    19.9279    25.9701 -9.990e-29     2.6070 1.3395e+01  1017.9174    19.9275    17.9074     8.8842    272.750    7.81147  239.81695    113.733 -9.990e-29
   40.96224  -73.57908      2.275      2.257    19.9276    25.9701 -9.990e-29     2.6070 1.3561e+01  1017.9175    19.9272    17.9076     8.8849    272.771    7.81145  239.81644    113.741 -9.990e-29
   40.96224  -73.57908      2.275      2.257    19.9274    25.9702 -9.990e-29     2.5667 1.3423e+01  1017.9176    19.9270    17.9077     8.8852    272.780    7.81145  239.81662    113.745 -9.990e-29
   40.96224  -73.57908      2.286      2.268    19.9270    25.9704 -9.990e-29     2.5532 1.2882e+01  1017.9179    19.9266    17.9079     8.8859    272.803    7.81146  239.81702    113.754 -9.990e-29
   40.96224  -73.57908      2.296      2.278    19.9267    25.9706 -9.990e-29     2.5532 1.2609e+01  1017.9181    19.9263    17.9082     8.8909    272.955    7.81148  239.81753    113.818 -9.990e-29
   40.96224  -73.57908      2.286      2.268    19.9262    25.9709 -9.990e-29     2.5532 1.2573e+01  1017.9187    19.9258    17.9085     8.8866    272.824    7.81150  239.81815    113.763 -9.990e-29
   40.96224  -73.57908      2.305      2.287    19.9262    25.9713 -9.990e-29     2.5532 1.2293e+01  1017.9187    19.9258    17.9088     8.8869    272.833    7.81145  239.81677    113.767 -9.990e-29
   40.96224  -73.57908      2.305      2.287    19.9260    25.9721 -9.990e-29     2.5532 1.2156e+01  1017.9192    19.9256    17.9094     8.8915    272.975    7.81149  239.81799    113.826 -9.990e-29
   40.96224  -73.57908      2.305      2.287    19.9262    25.9732 -9.990e-29     2.5532 1.2177e+01  1017.9207    19.9258    17.9103     8.8965    273.129    7.81154  239.81954    113.889 -9.990e-29
   40.96224  -73.57908      2.316      2.298    19.9267    25.9738 -9.990e-29     2.5532 1.2385e+01  1017.9212    19.9263    17.9107     8.8930    273.021    7.81157  239.82034    113.844 -9.990e-29
   40.96224  -73.57908      2.316      2.298    19.9276    25.9738 -9.990e-29     2.5532 1.2547e+01  1017.9211    19.9272    17.9107     8.8933    273.031    7.81157  239.82061    113.848 -9.990e-29
   40.96224  -73.57908      2.326      2.308    19.9286    25.9738 -9.990e-29     2.5532 1.2547e+01  1017.9205    19.9282    17.9102     8.8982    273.181    7.81158  239.82074    113.911 -9.990e-29
   40.96224  -73.57908      2.326      2.308    19.9294    25.9729 -9.990e-29     2.5532 1.2499e+01  1017.9196    19.9290    17.9093     8.8942    273.058    7.81153  239.81923    113.860 -9.990e-29
   40.96216  -73.57922      2.335      2.317    19.9302    25.9718 -9.990e-29     2.5532 1.2428e+01  1017.9183    19.9298    17.9083     8.8990    273.204    7.81148  239.81752    113.922 -9.990e-29
   40.96216  -73.57922      2.337      2.319    19.9300    25.9708 -9.990e-29     2.5532 1.2394e+01  1017.9176    19.9296    17.9076     8.8949    273.080    7.81146  239.81680    113.870 -9.990e-29
   40.96216  -73.57922      2.335      2.317    19.9297    25.9707 -9.990e-29     2.5532 1.2653e+01  1017.9172    19.9293    17.9072     8.8998    273.229    7.81149  239.81783    113.932 -9.990e-29
   40.96216  -73.57922      2.335      2.317    19.9290    25.9707 -9.990e-29     2.5532 1.3014e+01  1017.9175    19.9286    17.9074     8.9003    273.245    7.81147  239.81720    113.939 -9.990e-29
   40.96216  -73.57922      2.346      2.328    19.9281    25.9707 -9.990e-29     2.5532 1.3088e+01  1017.9181    19.9277    17.9079     8.8962    273.118    7.81148  239.81736    113.886 -9.990e-29
   40.96216  -73.57922      2.346      2.328    19.9274    25.9711 -9.990e-29     2.5532 1.2760e+01  1017.9188    19.9270    17.9084     8.9005    273.250    7.81145  239.81653    113.941 -9.990e-29
   40.96216  -73.57922      2.346      2.328    19.9269    25.9714 -9.990e-29     2.5532 1.2220e+01  1017.9191    19.9265    17.9087     8.8959    273.109    7.81147  239.81704    113.882 -9.990e-29
   40.96216  -73.57922      2.346      2.328    19.9276    25.9716 -9.990e-29     2.5532 1.2050e+01  1017.9189    19.9272    17.9087     8.8959    273.109    7.81145  239.81636    113.883 -9.990e-29
   40.96216  -73.57922      2.346      2.328    19.9277    25.9716 -9.990e-29     2.5532 1.2186e+01  1017.9190    19.9273    17.9087     8.8958    273.107    7.81140  239.81490    113.883 -9.990e-29
   40.96216  -73.57922      2.356      2.338    19.9276    25.9716 -9.990e-29     2.5532 1.2569e+01  1017.9193    19.9272    17.9087     8.8957    273.104    7.81132  239.81236    113.882 -9.990e-29
   40.96216  -73.57922      2.356      2.338    19.9278    25.9713 -9.990e-29     2.5532 1.2711e+01  1017.9186    19.9274    17.9084     8.8956    273.100    7.81123  239.80981    113.882 -9.990e-29
   40.96216  -73.57922      2.346      2.328    19.9277    25.9709 -9.990e-29     2.5532 1.2842e+01  1017.9183    19.9273    17.9082     8.9001    273.238    7.81116  239.80761    113.941 -9.990e-29
   40.96216  -73.57922      2.356      2.338    19.9272    25.9709 -9.990e-29     2.5532 1.3471e+01  1017.9185    19.9268    17.9082     8.9004    273.247    7.81112  239.80658    113.945 -9.990e-29
   40.96216  -73.57922      2.346      2.328    19.9267    25.9709 -9.990e-29     2.5667 1.3700e+01  1017.9186    19.9263    17.9084     8.9006    273.255    7.81112  239.80652    113.948 -9.990e-29
   40.96216  -73.57922      2.356      2.338    19.9264    25.9709 -9.990e-29     2.5801 1.3623e+01  1017.9187    19.9260    17.9085     8.8963    273.122    7.81115  239.80739    113.892 -9.990e-29
   40.96216  -73.57922      2.346      2.328    19.9258    25.9711 -9.990e-29     2.5801 1.2914e+01  1017.9189    19.9254    17.9088     8.8962    273.119    7.81121  239.80907    113.890 -9.990e-29
