CalculateIndicators/WaterTemperature/Data/CTD_NYOS/20230517_C15.cnv
* Sea-Bird SBE 9 Data File:
* FileName = C:\Seabird 9 CTD\Data\2023\202305_offshore\20230517_C17.hex
* Software Version Seasave V 7.23.2
* Temperature SN = 4590
* Conductivity SN = 3228
* Number of Bytes Per Scan = 44
* Number of Voltage Words = 5
* Number of Scans Averaged by the Deck Unit = 1
* NMEA Latitude = 40 40.03 N
* NMEA Longitude = 072 58.42 W
* NMEA UTC (Time) = May 17 2023  03:25:59
* NMEA baud rate = 4800
** Ship: Seawolf
** Station: 9.1
** Operator: TDK
# nquan = 18
# nvalues = 24                          
# units = specified
# name 0 = latitude: Latitude [deg]
# name 1 = longitude: Longitude [deg]
# name 2 = prDM: Pressure, Digiquartz [db]
# name 3 = depSM: Depth [salt water, m]
# name 4 = t090C: Temperature [ITS-90, deg C]
# name 5 = sal00: Salinity, Practical [PSU]
# name 6 = ph: pH
# name 7 = flECO-AFL: Fluorescence, WET Labs ECO-AFL/FL [mg/m^3]
# name 8 = cpar: CPAR/Corrected Irradiance [%]
# name 9 = density00: Density [density, kg/m^3]
# name 10 = potemp090C: Potential Temperature [ITS-90, deg C]
# name 11 = sigma-100: Density [sigma-1, kg/m^3 ]
# name 12 = sbeox0Mg/L: Oxygen, SBE 43 [mg/l]
# name 13 = sbox0Mm/Kg: Oxygen, SBE 43 [umol/kg]
# name 14 = oxsolMg/L: Oxygen Saturation, Garcia & Gordon [mg/l]
# name 15 = oxsolMm/Kg: Oxygen Saturation, Garcia & Gordon [umol/kg]
# name 16 = sbeox0PS: Oxygen, SBE 43 [% saturation]
# name 17 = flag: flag
# span 0 =   40.66721,   40.66780       
# span 1 =  -72.97372,  -72.97289       
# span 2 =      1.000,     13.000       
# span 3 =      0.992,     12.899       
# span 4 =     9.7200,    10.4351       
# span 5 =    31.8883,    31.9870       
# span 6 =      7.931,      7.948       
# span 7 =     1.3820,     1.5559       
# span 8 = -1.401e+03, 1.0034e+05       
# span 9 =  1024.4586,  1024.7047       
# span 10 =     9.7186,    10.4345      
# span 11 =    28.9196,    29.1287      
# span 12 =     8.5293,     8.7548      
# span 13 =    260.139,    267.060      
# span 14 =    9.12029,    9.24783      
# span 15 =  278.21048,  282.04972      
# span 16 =     92.270,     95.983      
# span 17 = 0.0000e+00, 0.0000e+00      
# interval = decibars: 1                
# start_time = May 17 2023 03:25:58 [System UTC, first data scan.]
# bad_flag = -9.990e-29
*END*
   40.66721  -72.97372      2.000      1.984    10.4262    31.8926      7.948     1.4511 1.6306e+00  1024.4645    10.4259    28.9236     8.7400    266.607    9.12099  278.23068     95.822 0.0000e+00
   40.66730  -72.97372      3.000      2.977    10.4271    31.8917 -9.990e-29     1.5559 -3.015e-02  1024.4681    10.4267    28.9227     8.7411    266.642    9.12092  278.22861     95.836 0.0000e+00
 -9.990e-29  -72.97371      4.000      3.969    10.4243    31.8910 -9.990e-29     1.5298 5.0640e-11  1024.4726    10.4239    28.9227     8.7260    266.181    9.12244  278.27518     95.654 0.0000e+00
   40.66732  -72.97370      5.000      4.961    10.4189    31.8899 -9.990e-29     1.4621 5.0640e-11  1024.4773    10.4183    28.9230     8.7361    266.490    9.12265  278.28145     95.763 0.0000e+00
   40.66732  -72.97369      6.000      5.954    10.4186    31.8898 -9.990e-29     1.4785 7.4292e+04  1024.4818    10.4179    28.9230     8.7391    266.583    9.12275  278.28474     95.795 0.0000e+00
   40.66733  -72.97369      7.000      6.946    10.4170    31.8896 -9.990e-29     1.4713 1.0034e+05  1024.4864    10.4162    28.9231     8.7473    266.830    9.12823  278.45021     95.827 0.0000e+00
   40.66733  -72.97369      8.000      7.938    10.3771    31.8913      7.948     1.4484 6.2770e+02  1024.4989    10.3762    28.9320     8.7334    266.399    9.14538  278.96562     95.495 0.0000e+00
   40.66733  -72.97368      9.000      8.930    10.2985    31.9042      7.945     1.4683 3.8074e+04  1024.5267    10.2975    28.9569     8.6887    265.033    9.15535  279.26688     94.904 0.0000e+00
   40.66735  -72.97366     10.000      9.923    10.1741    31.9188      7.942     1.4472 9.7444e+04  1024.5633    10.1730    28.9916     8.6588    264.102    9.20466  280.75255     94.070 0.0000e+00
   40.66736  -72.97364     11.000     10.915     9.9788    31.9449      7.938     1.4393 9.9999e+04  1024.6207     9.9776    29.0484     8.5741    261.514    9.21800  281.15327     93.015 0.0000e+00
   40.66735  -72.97365     12.000     11.907     9.8075    31.9770      7.935     1.4424 9.9999e+04  1024.6783     9.8061    29.1050     8.5524    260.839    9.24783  282.04972     92.480 0.0000e+00
   40.66748  -72.97350     13.000     12.899     9.7200    31.9870      7.933     1.3820 4.0755e+03  1024.7047     9.7186    29.1287     8.5293    260.139    9.24394  281.93360     92.270 0.0000e+00
   40.66755 -9.990e-29     12.000     11.907     9.7808    31.9759      7.931     1.4045 1.8303e+02  1024.6820     9.7794    29.1093     8.5505    260.790    9.23104  281.54636     92.628 0.0000e+00
   40.66762  -72.97320     11.000     10.915     9.8649    31.9589      7.933     1.4307 5.0640e-11  1024.6503     9.8637    29.0804     8.5758    261.569    9.20786  280.84897     93.135 0.0000e+00
   40.66762  -72.97318     10.000      9.923    10.0100    31.9408      7.935     1.4263 9.3659e+03  1024.6081    10.0089    29.0397     8.5935    262.125    9.16676  279.61170     93.746 0.0000e+00
   40.66762  -72.97318      9.000      8.930    10.1860    31.9076      7.938     1.4688 8.6102e+04  1024.5479    10.1850    28.9804     8.6294    263.225    9.15229  279.17657     94.286 0.0000e+00
   40.66762  -72.97316      8.000      7.938    10.2653    31.9042      7.943     1.4815 9.9764e+04  1024.5278    10.2644    28.9632     8.6718    264.525    9.14107  278.83855     94.867 0.0000e+00
   40.66764  -72.97316      7.000      6.946    10.3557    31.8883      7.944     1.5037 9.9999e+04  1024.4956    10.3549    28.9337     8.6897    265.075    9.12488  278.34939     95.231 0.0000e+00
   40.66767  -72.97309      6.000      5.954    10.4116    31.8895      7.948     1.5027 4.8660e+04  1024.4826    10.4109    28.9240     8.7253    266.161    9.12029  278.21048     95.669 0.0000e+00
   40.66774 -9.990e-29      5.000      4.961    10.4351    31.8895 -9.990e-29     1.4806 -1.401e+03  1024.4741    10.4345    28.9196     8.7307    266.326    9.12072  278.22313     95.724 0.0000e+00
   40.66774 -9.990e-29      4.000      3.969    10.4299    31.8897 -9.990e-29     1.5019 5.0640e-11  1024.4707    10.4295    28.9207     8.7548    267.060    9.12121  278.23783     95.983 0.0000e+00
   40.66775  -72.97290      3.000      2.977    10.4286    31.8899 -9.990e-29     1.4875 5.0640e-11  1024.4665    10.4282    28.9211     8.7457    266.784    9.12161  278.25007     95.879 0.0000e+00
   40.66776  -72.97289      2.000      1.984    10.4247    31.8902 -9.990e-29     1.4657 3.7162e-01  1024.4629    10.4245    28.9221     8.7409    266.635    9.12176  278.25444     95.824 0.0000e+00
   40.66780 -9.990e-29      1.000      0.992    10.4231    31.8902 -9.990e-29     1.4790 -2.939e-01  1024.4586    10.4229    28.9223     8.7279    266.241    9.12218  278.26722     95.678 0.0000e+00
