CalculateIndicators/WaterTemperature/Data/CTD_NYOS/20230516_C12.cnv
* Sea-Bird SBE 9 Data File:
* FileName = C:\Seabird 9 CTD\Data\2023\202305_offshore\20230516_C12.hex
* Software Version Seasave V 7.23.2
* Temperature SN = 4590
* Conductivity SN = 3228
* Number of Bytes Per Scan = 44
* Number of Voltage Words = 5
* Number of Scans Averaged by the Deck Unit = 1
* NMEA Latitude = 39 32.71 N
* NMEA Longitude = 072 14.46 W
* NMEA UTC (Time) = May 16 2023  11:23:32
* NMEA baud rate = 4800
** Ship: Seawolf
** Station: 9.6
** Operator: tcm
# nquan = 18
# nvalues = 20771                       
# units = specified
# name 0 = latitude: Latitude [deg]
# name 1 = longitude: Longitude [deg]
# name 2 = prDM: Pressure, Digiquartz [db]
# name 3 = depSM: Depth [salt water, m]
# name 4 = t090C: Temperature [ITS-90, deg C]
# name 5 = sal00: Salinity, Practical [PSU]
# name 6 = ph: pH
# name 7 = flECO-AFL: Fluorescence, WET Labs ECO-AFL/FL [mg/m^3]
# name 8 = cpar: CPAR/Corrected Irradiance [%]
# name 9 = density00: Density [density, kg/m^3]
# name 10 = potemp090C: Potential Temperature [ITS-90, deg C]
# name 11 = sigma-é00: Density [sigma-theta, kg/m^3]
# name 12 = sbeox0Mg/L: Oxygen, SBE 43 [mg/l]
# name 13 = sbox0Mm/Kg: Oxygen, SBE 43 [umol/kg]
# name 14 = oxsolMg/L: Oxygen Saturation, Garcia & Gordon [mg/l]
# name 15 = oxsolMm/Kg: Oxygen Saturation, Garcia & Gordon [umol/kg]
# name 16 = sbeox0PS: Oxygen, SBE 43 [% saturation]
# name 17 = flag:  0.000e+00
# span 0 =   39.54474,   39.54524       
# span 1 =  -72.24114,  -72.23738       
# span 2 =      1.378,    134.809       
# span 3 =      1.368,    133.738       
# span 4 =     8.6638,    14.8684       
# span 5 =    32.9647,    35.6887       
# span 6 =      7.920,      8.141       
# span 7 =    -0.1061,     1.4519       
# span 8 = 6.8064e-14, 1.0432e+01       
# span 9 =  1024.9431,  1027.2786       
# span 10 =     8.6593,    14.8548      
# span 11 =    24.9489,    26.6850      
# span 12 =     6.3290,    10.2067      
# span 13 =    192.644,    311.012      
# span 14 =    8.12411,    9.38389      
# span 15 =  247.32745,  285.82268      
# span 16 =     76.856,    113.610      
# span 17 = 0.0000e+00, 0.0000e+00      
# interval = seconds: 0.0416667
# start_time = May 16 2023 11:23:31 [System UTC, first data scan.]
# bad_flag = -9.990e-29
*END*
[from data line 4423]
   39.54508  -72.24036    106.258    105.422    14.7178    35.6370      8.022    -0.0658 7.4800e-14  1026.9963    14.7018    26.5288     7.0702    215.233    8.18510  249.17270     86.379 0.0000e+00
   39.54508  -72.24036    106.331    105.493    14.7164    35.6362      8.022    -0.0658 7.4911e-14  1026.9959    14.7005    26.5284     7.0690    215.195    8.18509  249.17238     86.364 0.0000e+00
   39.54508  -72.24036    106.400    105.562    14.7147    35.6362      8.022    -0.0658 7.4911e-14  1026.9967    14.6988    26.5286     7.0680    215.165    8.18518  249.17531     86.351 0.0000e+00
   39.54508  -72.24036    106.475    105.636    14.7132    35.6362      8.022    -0.0658 7.4911e-14  1026.9978    14.6972    26.5291     7.0619    214.981    8.18518  249.17532     86.277 0.0000e+00
   39.54508  -72.24036    106.557    105.718    14.7120    35.6360      8.022    -0.0658 7.4911e-14  1026.9987    14.6961    26.5295     7.0606    214.939    8.18520  249.17577     86.260 0.0000e+00
   39.54508  -72.24036    106.617    105.777    14.7110    35.6356      8.022    -0.0658 7.5022e-14  1026.9992    14.6950    26.5292     7.0537    214.730    8.18521  249.17604     86.176 0.0000e+00
   39.54508  -72.24036    106.692    105.851    14.7098    35.6330      8.022    -0.0658 7.5022e-14  1026.9982    14.6938    26.5276     7.0519    214.676    8.18509  249.17226     86.156 0.0000e+00
   39.54508  -72.24036    106.772    105.931    14.7076    35.6285      8.022    -0.0658 7.5022e-14  1026.9943    14.6916    26.5246     7.0503    214.626    8.18495  249.16801     86.137 0.0000e+00
   39.54508  -72.24036    106.846    106.004    14.7025    35.6218      8.022    -0.0658 7.5133e-14  1026.9929    14.6865    26.5205     7.0489    214.584    8.18493  249.16730     86.120 0.0000e+00
   39.54508  -72.24036    106.918    106.076    14.6973    35.6109      8.022    -0.0658 7.5133e-14  1026.9862    14.6812    26.5137     7.0477    214.548    8.18496  249.16841     86.106 0.0000e+00
   39.54508  -72.24036    106.989    106.146    14.6862    35.5985      8.022    -0.0658 7.5133e-14  1026.9719    14.6702    26.5066     7.0415    214.360    8.18484  249.16475     86.031 0.0000e+00
   39.54508  -72.24036    107.063    106.219    14.6667    35.5919      8.022    -0.0658 7.5133e-14  1026.9744    14.6507    26.5049     7.0398    214.308    8.18452  249.15491     86.014 0.0000e+00
   39.54510  -72.24032    107.122    106.278    14.6522    35.5883      8.022    -0.0658 7.5245e-14  1026.9813    14.6362    26.5053     7.0383    214.262    8.18421  249.14525     85.999 0.0000e+00
   39.54510  -72.24032    107.197    106.353    14.6400    35.5826      8.022    -0.0658 7.5245e-14  1026.9728    14.6240    26.5039     7.0321    214.073    8.18406  249.14108     85.925 0.0000e+00
   39.54510  -72.24032    107.281    106.435    14.6199    35.5826      8.018    -0.0658 7.5245e-14  1026.9736    14.6039    26.5048     7.0308    214.032    8.18410  249.14239     85.908 0.0000e+00
   39.54510  -72.24032    107.318    106.473    14.6021    35.5826      8.022    -0.0658 7.5245e-14  1026.9820    14.5861    26.5115     7.0296    213.996    8.18411  249.14280     85.893 0.0000e+00
   39.54510  -72.24032    107.404    106.558    14.5884    35.5916      8.022    -0.0658 7.5357e-14  1026.9957    14.5724    26.5212     7.0235    213.812    8.18408  249.14159     85.819 0.0000e+00
   39.54510  -72.24032    107.463    106.616    14.5811    35.5991      8.018    -0.0658 7.5357e-14  1027.0054    14.5651    26.5289     7.0218    213.758    8.18358  249.12568     85.803 0.0000e+00
   39.54510  -72.24032    107.528    106.681    14.5767    35.6022      8.022    -0.0658 7.5357e-14  1027.0064    14.5607    26.5325     7.0149    213.547    8.18267  249.09770     85.728 0.0000e+00
   39.54510  -72.24032    107.597    106.750    14.5716    35.6031      8.022    -0.0658 7.5357e-14  1027.0080    14.5556    26.5343     7.0124    213.472    8.18142  249.05951     85.711 0.0000e+00
   39.54510  -72.24032    107.663    106.814    14.5669    35.6031      8.023    -0.0658 7.5469e-14  1027.0106    14.5509    26.5357     7.0099    213.397    8.17992  249.01330     85.697 0.0000e+00
   39.54510  -72.24032    107.700    106.851    14.5633    35.6031      8.023    -0.0658 7.5469e-14  1027.0111    14.5472    26.5363     7.0076    213.327    8.17828  248.96334     85.686 0.0000e+00
   39.54510  -72.24032    107.775    106.926    14.5592    35.6018      8.018    -0.0658 7.5469e-14  1027.0109    14.5432    26.5361     7.0010    213.126    8.17719  248.93125     85.616 0.0000e+00
   39.54510  -72.24032    107.845    106.995    14.5544    35.6001      8.018    -0.0658 7.5582e-14  1027.0102    14.5384    26.5358     6.9998    213.089    8.17678  248.91972     85.605 0.0000e+00
   39.54510  -72.24032    107.900    107.050    14.5495    35.6001      8.018    -0.0658 7.5582e-14  1027.0109    14.5334    26.5362     6.9986    213.053    8.17676  248.92021     85.591 0.0000e+00
   39.54510  -72.24032    107.947    107.097    14.5449    35.6001      8.018    -0.0658 7.5695e-14  1027.0132    14.5289    26.5375     6.9935    212.898    8.17713  248.93161     85.525 0.0000e+00
   39.54510  -72.24032    108.003    107.152    14.5410    35.6005      8.018    -0.0658 7.5695e-14  1027.0144    14.5250    26.5389     6.9931    212.887    8.17743  248.94091     85.517 0.0000e+00
   39.54510  -72.24032    108.061    107.210    14.5371    35.6015      8.018    -0.0658 7.5695e-14  1027.0164    14.5211    26.5405     6.9925    212.869    8.17773  248.95012     85.507 0.0000e+00
   39.54510  -72.24032    108.106    107.254    14.5343    35.6030      8.018    -0.0658 7.5808e-14  1027.0184    14.5182    26.5423     6.9921    212.856    8.17797  248.95678     85.499 0.0000e+00
   39.54510  -72.24032    108.164    107.312    14.5324    35.6042      8.018    -0.0658 7.5808e-14  1027.0207    14.5163    26.5439     6.9872    212.707    8.17853  248.97441     85.433 0.0000e+00
   39.54510  -72.24032    108.210    107.357    14.5310    35.6042      8.018    -0.0658 7.5922e-14  1027.0224    14.5149    26.5447     6.9874    212.713    8.17941  249.00144     85.426 0.0000e+00
   39.54510  -72.24032    108.257    107.404    14.5305    35.6042      8.018    -0.0658 7.5922e-14  1027.0208    14.5144    26.5443     6.9875    212.714    8.17985  249.01400     85.423 0.0000e+00
   39.54510  -72.24032    108.303    107.449    14.5279    35.6029      8.018    -0.0658 7.5922e-14  1027.0206    14.5118    26.5437     6.9867    212.690    8.17960  249.00523     85.416 0.0000e+00
   39.54510  -72.24032    108.361    107.507    14.5261    35.6020      8.018    -0.0658 7.6035e-14  1027.0207    14.5100    26.5434     6.9807    212.507    8.17887  248.98206     85.350 0.0000e+00
   39.54510  -72.24032    108.402    107.547    14.5242    35.6007      8.018    -0.0658 7.6150e-14  1027.0208    14.5081    26.5428     6.9787    212.447    8.17788  248.95195     85.336 0.0000e+00
   39.54510  -72.24032    108.427    107.572    14.5217    35.5996      8.018    -0.0658 7.6150e-14  1027.0190    14.5056    26.5421     6.9776    212.414    8.17696  248.92394     85.333 0.0000e+00
   39.54508  -72.24034    108.485    107.630    14.5183    35.5996      8.018    -0.0658 7.6265e-14  1027.0193    14.5022    26.5425     6.9712    212.217    8.17595  248.89357     85.264 0.0000e+00
   39.54508  -72.24034    108.540    107.685    14.5150    35.5996      8.018    -0.0658 7.6265e-14  1027.0224    14.4989    26.5438     6.9750    212.334    8.17545  248.87924     85.316 0.0000e+00
   39.54508  -72.24034    108.567    107.711    14.5135    35.6006      8.018    -0.0658 7.6380e-14  1027.0236    14.4974    26.5450     6.9700    212.182    8.17548  248.88100     85.255 0.0000e+00
   39.54508  -72.24034    108.602    107.746    14.5123    35.6010      8.018    -0.0658 7.6495e-14  1027.0238    14.4962    26.5456     6.9698    212.179    8.17557  248.88425     85.252 0.0000e+00
   39.54508  -72.24034    108.629    107.773    14.5106    35.6013      8.013    -0.0658 7.6495e-14  1027.0248    14.4945    26.5461     6.9703    212.192    8.17598  248.89729     85.253 0.0000e+00
   39.54508  -72.24034    108.671    107.814    14.5096    35.6017      8.018    -0.0658 7.6611e-14  1027.0253    14.4935    26.5467     6.9714    212.228    8.17689  248.92459     85.258 0.0000e+00
   39.54508  -72.24034    108.706    107.849    14.5086    35.6021      8.013    -0.0658 7.6611e-14  1027.0263    14.4925    26.5472     6.9726    212.263    8.17743  248.94075     85.266 0.0000e+00
   39.54508  -72.24034    108.732    107.875    14.5081    35.6024      8.013    -0.0658 7.6727e-14  1027.0265    14.4919    26.5476     6.9738    212.301    8.17774  248.95085     85.278 0.0000e+00
   39.54508  -72.24034    108.757    107.900    14.5074    35.6027      8.013    -0.0658 7.6727e-14  1027.0272    14.4913    26.5480     6.9751    212.339    8.17836  248.96994     85.287 0.0000e+00
   39.54508  -72.24034    108.795    107.937    14.5072    35.6028      8.013    -0.0658 7.6843e-14  1027.0275    14.4911    26.5482     6.9715    212.231    8.17892  248.98705     85.238 0.0000e+00
   39.54508  -72.24034    108.825    107.967    14.5067    35.6029      8.013    -0.0658 7.6843e-14  1027.0276    14.4906    26.5483     6.9780    212.430    8.17977  249.01328     85.309 0.0000e+00
   39.54508  -72.24034    108.839    107.981    14.5063    35.6031      8.013    -0.0658 7.6960e-14  1027.0281    14.4901    26.5485     6.9750    212.337    8.18093  249.04875     85.259 0.0000e+00
   39.54508  -72.24034    108.877    108.018    14.5062    35.6031      8.013    -0.0658 7.6960e-14  1027.0282    14.4901    26.5486     6.9765    212.384    8.18188  249.07742     85.268 0.0000e+00
   39.54508  -72.24034    108.888    108.029    14.5062    35.6031      8.013    -0.0658 7.7077e-14  1027.0284    14.4901    26.5487     6.9781    212.432    8.18254  249.09701     85.281 0.0000e+00
   39.54508  -72.24034    108.911    108.053    14.5057    35.6032      8.013    -0.0658 7.7077e-14  1027.0284    14.4895    26.5487     6.9797    212.480    8.18293  249.10833     85.296 0.0000e+00
   39.54508  -72.24034    108.928    108.069    14.5057    35.6032      8.013    -0.0658 7.7077e-14  1027.0285    14.4895    26.5487     6.9761    212.367    8.18272  249.10034     85.254 0.0000e+00
   39.54508  -72.24034    108.943    108.085    14.5057    35.6032      8.013    -0.0658 7.7195e-14  1027.0284    14.4895    26.5488     6.9759    212.362    8.18174  249.06933     85.262 0.0000e+00
   39.54508  -72.24034    108.960    108.101    14.5054    35.6036      8.013    -0.0658 7.7195e-14  1027.0291    14.4892    26.5491     6.9763    212.372    8.18097  249.04596     85.274 0.0000e+00
   39.54508  -72.24034    108.979    108.120    14.5059    35.6042      8.013    -0.0658 7.7195e-14  1027.0297    14.4897    26.5495     6.9770    212.395    8.18098  249.04802     85.283 0.0000e+00
   39.54508  -72.24034    108.984    108.124    14.5066    35.6042      8.013    -0.0658 7.7195e-14  1027.0299    14.4904    26.5496     6.9785    212.444    8.18168  249.07036     85.295 0.0000e+00
   39.54508  -72.24034    109.000    108.141    14.5069    35.6042      8.013    -0.0658 7.7195e-14  1027.0294    14.4908    26.5492     6.9800    212.489    8.18199  249.07933     85.310 -9.990e-29
   39.54508  -72.24034    109.000    108.141    14.5071    35.6044      8.013    -0.0658 7.7312e-14  1027.0286    14.4909    26.5490     6.9814    212.530    8.18187  249.07468     85.328 -9.990e-29
   39.54508  -72.24034    109.004    108.145    14.5074    35.6045      8.013    -0.0658 7.7312e-14  1027.0294    14.4912    26.5493     6.9779    212.423    8.18167  249.06820     85.287 -9.990e-29
   39.54508  -72.24034    109.000    108.141    14.5089    35.6053      8.013    -0.0658 7.7312e-14  1027.0301    14.4928    26.5496     6.9788    212.451    8.18169  249.06992     85.298 -9.990e-29
   39.54508  -72.24032    109.004    108.145    14.5108    35.6053      8.013    -0.0658 7.7312e-14  1027.0299    14.4946    26.5496     6.9801    212.492    8.18193  249.07721     85.312 0.0000e+00
   39.54508  -72.24032    109.011    108.152    14.5118    35.6053      8.013    -0.0658 7.7312e-14  1027.0293    14.4956    26.5492     6.9816    212.535    8.18198  249.07842     85.329 -9.990e-29
   39.54508  -72.24032    109.000    108.141    14.5118    35.6053      8.013    -0.0658 7.7312e-14  1027.0287    14.4956    26.5487     6.9826    212.566    8.18190  249.07579     85.342 -9.990e-29
   39.54508  -72.24032    108.984    108.124    14.5120    35.6053      8.013    -0.0658 7.7312e-14  1027.0280    14.4958    26.5485     6.9788    212.452    8.18189  249.07572     85.296 -9.990e-29
   39.54508  -72.24032    108.979    108.120    14.5120    35.6060      8.013    -0.0658 7.7312e-14  1027.0286    14.4958    26.5494     6.9799    212.485    8.18200  249.07921     85.308 -9.990e-29
   39.54508  -72.24032    108.970    108.111    14.5137    35.6088      8.013    -0.0658 7.7312e-14  1027.0315    14.4975    26.5510     6.9810    212.520    8.18251  249.09603     85.316 -9.990e-29
   39.54508  -72.24032    108.943    108.085    14.5183    35.6120      8.013    -0.0658 7.7195e-14  1027.0328    14.5021    26.5526     6.9827    212.570    8.18331  249.12071     85.328 -9.990e-29
   39.54508  -72.24032    108.949    108.090    14.5251    35.6154      8.013    -0.0658 7.7195e-14  1027.0334    14.5089    26.5538     6.9837    212.602    8.18390  249.13808     85.335 -9.990e-29
   39.54508  -72.24032    108.918    108.060    14.5327    35.6180      8.013    -0.0658 7.7195e-14  1027.0355    14.5165    26.5547     6.9798    212.480    8.18422  249.14742     85.283 -9.990e-29
   39.54508  -72.24032    108.911    108.053    14.5420    35.6180      8.013    -0.0658 7.7195e-14  1027.0352    14.5259    26.5539     6.9804    212.499    8.18443  249.15333     85.289 -9.990e-29
   39.54508  -72.24032    108.897    108.039    14.5498    35.6180      8.013    -0.0658 7.7195e-14  1027.0307    14.5336    26.5510     6.9812    212.525    8.18459  249.15812     85.297 -9.990e-29
   39.54508  -72.24032    108.881    108.023    14.5536    35.6144      8.013    -0.0658 7.7077e-14  1027.0266    14.5374    26.5473     6.9817    212.539    8.18475  249.16268     85.301 -9.990e-29
   39.54508  -72.24032    108.867    108.009    14.5551    35.6108      8.013    -0.0658 7.7077e-14  1027.0226    14.5389    26.5442     6.9823    212.559    8.18484  249.16554     85.308 -9.990e-29
   39.54508  -72.24032    108.846    107.988    14.5535    35.6084      8.013    -0.0658 7.6960e-14  1027.0213    14.5373    26.5424     6.9832    212.584    8.18494  249.16820     85.318 -9.990e-29
   39.54508  -72.24032    108.829    107.972    14.5521    35.6072      8.013    -0.0658 7.6960e-14  1027.0206    14.5359    26.5419     6.9836    212.595    8.18491  249.16695     85.322 -9.990e-29
   39.54508  -72.24032    108.815    107.958    14.5500    35.6072      8.018    -0.0658 7.6843e-14  1027.0213    14.5338    26.5423     6.9840    212.609    8.18477  249.16244     85.329 -9.990e-29
   39.54508  -72.24032    108.797    107.940    14.5482    35.6071      8.013    -0.0658 7.6843e-14  1027.0228    14.5320    26.5427     6.9847    212.628    8.18463  249.15833     85.339 -9.990e-29
   39.54508  -72.24032    108.763    107.905    14.5456    35.6071 -9.990e-29    -0.0658 7.6843e-14  1027.0210    14.5294    26.5424     6.9854    212.652    8.18446  249.15308     85.350 -9.990e-29
   39.54508  -72.24032    108.753    107.896    14.5409    35.6071 -9.990e-29    -0.0658 7.6727e-14  1027.0203    14.5247    26.5429     6.9859    212.667    8.18438  249.15076     85.357 -9.990e-29
