CalculateIndicators/WaterTemperature/Data/CTD_NYOS/20230517_C17.cnv
* Sea-Bird SBE 9 Data File:
* FileName = C:\Seabird 9 CTD\Data\2023\202305_offshore\20230517_C17.hex
* Software Version Seasave V 7.23.2
* Temperature SN = 4590
* Conductivity SN = 3228
* Number of Bytes Per Scan = 44
* Number of Voltage Words = 5
* Number of Scans Averaged by the Deck Unit = 1
* NMEA Latitude = 40 40.03 N
* NMEA Longitude = 072 58.42 W
* NMEA UTC (Time) = May 17 2023  03:25:59
* NMEA baud rate = 4800
** Ship: Seawolf
** Station: 9.1
** Operator: TDK
# nquan = 18
# nvalues = 8488                        
# units = specified
# name 0 = latitude: Latitude [deg]
# name 1 = longitude: Longitude [deg]
# name 2 = prDM: Pressure, Digiquartz [db]
# name 3 = depSM: Depth [salt water, m]
# name 4 = t090C: Temperature [ITS-90, deg C]
# name 5 = sal00: Salinity, Practical [PSU]
# name 6 = ph: pH
# name 7 = flECO-AFL: Fluorescence, WET Labs ECO-AFL/FL [mg/m^3]
# name 8 = cpar: CPAR/Corrected Irradiance [%]
# name 9 = density00: Density [density, kg/m^3]
# name 10 = potemp090C: Potential Temperature [ITS-90, deg C]
# name 11 = sigma-é00: Density [sigma-theta, kg/m^3]
# name 12 = sbeox0Mg/L: Oxygen, SBE 43 [mg/l]
# name 13 = sbox0Mm/Kg: Oxygen, SBE 43 [umol/kg]
# name 14 = oxsolMg/L: Oxygen Saturation, Garcia & Gordon [mg/l]
# name 15 = oxsolMm/Kg: Oxygen Saturation, Garcia & Gordon [umol/kg]
# name 16 = sbeox0PS: Oxygen, SBE 43 [% saturation]
# name 17 = flag:  0.000e+00
# span 0 =   40.66716,   40.66796       
# span 1 =  -72.97376,  -72.97246       
# span 2 =      1.268,     13.156       
# span 3 =      1.258,     13.054       
# span 4 =     9.6224,    10.4417       
# span 5 =    31.8768,    32.0196       
# span 6 =      7.930,      7.953       
# span 7 =     1.3310,     1.6399       
# span 8 = 5.0640e-11, 9.9999e+04       
# span 9 =  1024.4354,  1024.7448       
# span 10 =     9.6211,    10.4410      
# span 11 =    24.4466,    24.6860      
# span 12 =     8.4889,     8.7666      
# span 13 =    258.907,    267.421      
# span 14 =    9.11817,    9.27564      
# span 15 =  278.14616,  282.88689      
# span 16 =     91.748,     96.130      
# span 17 = 0.0000e+00, 0.0000e+00      
# interval = seconds: 0.0416667
# start_time = May 17 2023 03:25:58 [System UTC, first data scan.]
# bad_flag = -9.990e-29
*END*
[from data line 4583]
   40.66766  -72.97310      6.329      6.280    10.4346    31.8883 -9.990e-29     1.5459 5.0640e-11  1024.4794    10.4339    24.4508     8.7355    266.472    9.12004  278.20253     95.784 -9.990e-29
   40.66766  -72.97310      6.337      6.288    10.4343    31.8883 -9.990e-29     1.5593 5.0640e-11  1024.4797    10.4336    24.4508     8.7344    266.438    9.11994  278.19977     95.772 -9.990e-29
   40.66766  -72.97310      6.359      6.310    10.4344    31.8884 -9.990e-29     1.5459 5.0640e-11  1024.4793    10.4337    24.4508     8.7341    266.429    9.11997  278.20077     95.769 -9.990e-29
   40.66766  -72.97310      6.358      6.308    10.4343    31.8884 -9.990e-29     1.5593 5.0640e-11  1024.4796    10.4336    24.4508     8.7288    266.268    9.11998  278.20088     95.711 -9.990e-29
   40.66766  -72.97310      6.380      6.330    10.4343    31.8885 -9.990e-29     1.5459 5.0640e-11  1024.4797    10.4336    24.4510     8.7229    266.089    9.12009  278.20437     95.645 -9.990e-29
   40.66766  -72.97310      6.378      6.329    10.4341    31.8887 -9.990e-29     1.5459 5.0640e-11  1024.4800    10.4334    24.4511     8.7334    266.407    9.12009  278.20409     95.760 -9.990e-29
   40.66766  -72.97310      6.400      6.351    10.4344    31.8888 -9.990e-29     1.5459 5.0640e-11  1024.4800    10.4337    24.4512     8.7338    266.420    9.12003  278.20255     95.765 -9.990e-29
   40.66766  -72.97310      6.388      6.338    10.4346    31.8889 -9.990e-29     1.5459 5.0640e-11  1024.4802    10.4339    24.4512     8.7343    266.435    9.12004  278.20266     95.770 -9.990e-29
   40.66766  -72.97310      6.409      6.359    10.4351    31.8889 -9.990e-29     1.5459 5.0640e-11  1024.4802    10.4344    24.4512     8.7234    266.102    9.12001  278.20175     95.651 -9.990e-29
   40.66766  -72.97310      6.410      6.360    10.4354    31.8889 -9.990e-29     1.5459 5.0640e-11  1024.4800    10.4347    24.4511     8.7338    266.422    9.12001  278.20173     95.766 -9.990e-29
   40.66766  -72.97310      6.418      6.368    10.4356    31.8887 -9.990e-29     1.5459 5.0640e-11  1024.4799    10.4349    24.4509     8.7344    266.439    9.12002  278.20197     95.772 -9.990e-29
   40.66766  -72.97310      6.420      6.370    10.4358    31.8886 -9.990e-29     1.5325 5.0640e-11  1024.4796    10.4351    24.4508     8.7236    266.109    9.12004  278.20271     95.653 -9.990e-29
   40.66766  -72.97310      6.429      6.379    10.4353    31.8886 -9.990e-29     1.5325 5.0640e-11  1024.4800    10.4346    24.4508     8.7284    266.257    9.12003  278.20233     95.706 -9.990e-29
   40.66766  -72.97310      6.431      6.381    10.4356    31.8886 -9.990e-29     1.5325 5.0640e-11  1024.4797    10.4349    24.4508     8.7340    266.426    9.11994  278.19959     95.768 -9.990e-29
   40.66766  -72.97310      6.439      6.389    10.4353    31.8886 -9.990e-29     1.5325 5.0640e-11  1024.4801    10.4346    24.4508     8.7231    266.094    9.11982  278.19607     95.650 -9.990e-29
   40.66766  -72.97310      6.431      6.381    10.4356    31.8885 -9.990e-29     1.5325 5.0640e-11  1024.4798    10.4349    24.4507     8.7281    266.246    9.11983  278.19649     95.704 -9.990e-29
   40.66766  -72.97310      6.439      6.389    10.4358    31.8883 -9.990e-29     1.5325 5.0640e-11  1024.4796    10.4351    24.4505     8.7338    266.421    9.11986  278.19762     95.767 -9.990e-29
   40.66766  -72.97310      6.429      6.379    10.4358    31.8882 -9.990e-29     1.5325 5.0640e-11  1024.4794    10.4351    24.4503     8.7218    266.054    9.12000  278.20157     95.634 -9.990e-29
   40.66766  -72.97310      6.440      6.390    10.4358    31.8881 -9.990e-29     1.5459 5.0640e-11  1024.4792    10.4351    24.4504     8.7261    266.184    9.12003  278.20226     95.680 -9.990e-29
   40.66766  -72.97310      6.429      6.379    10.4353    31.8880 -9.990e-29     1.5325 5.0640e-11  1024.4800    10.4346    24.4505     8.7317    266.357    9.11998  278.20085     95.743 -9.990e-29
   40.66766  -72.97310      6.431      6.381    10.4354    31.8880 -9.990e-29     1.5459 5.0640e-11  1024.4794    10.4347    24.4504     8.7210    266.031    9.11993  278.19926     95.626 -9.990e-29
   40.66766  -72.97310      6.439      6.389    10.4354    31.8879 -9.990e-29     1.5325 5.0640e-11  1024.4793    10.4347    24.4503     8.7260    266.183    9.11986  278.19702     95.681 -9.990e-29
   40.66766  -72.97310      6.420      6.370    10.4353    31.8879 -9.990e-29     1.5325 5.0640e-11  1024.4794    10.4346    24.4503     8.7316    266.355    9.11969  278.19175     95.745 -9.990e-29
   40.66766  -72.97310      6.429      6.379    10.4349    31.8879 -9.990e-29     1.5325 5.0640e-11  1024.4794    10.4342    24.4503     8.7210    266.029    9.11956  278.18786     95.629 -9.990e-29
   40.66766  -72.97310      6.420      6.370    10.4348    31.8879 -9.990e-29     1.5325 5.0640e-11  1024.4792    10.4341    24.4504     8.7259    266.181    9.11940  278.18314     95.685 -9.990e-29
   40.66766  -72.97310      6.399      6.349    10.4346    31.8882 -9.990e-29     1.5325 5.0640e-11  1024.4796    10.4339    24.4507     8.7317    266.358    9.11931  278.18040     95.750 -9.990e-29
   40.66766  -72.97310      6.400      6.351    10.4344    31.8882 -9.990e-29     1.5325 5.0640e-11  1024.4800    10.4337    24.4509     8.7205    266.014    9.11925  278.17882     95.627 -9.990e-29
   40.66766  -72.97310      6.388      6.339    10.4348    31.8882 -9.990e-29     1.5325 5.0640e-11  1024.4797    10.4341    24.4508     8.7241    266.125    9.11920  278.17715     95.667 -9.990e-29
   40.66766  -72.97310      6.378      6.329    10.4353    31.8881 -9.990e-29     1.5459 5.0640e-11  1024.4793    10.4346    24.4506     8.7178    265.933    9.11913  278.17518     95.599 -9.990e-29
   40.66766  -72.97310      6.370      6.321    10.4349    31.8879 -9.990e-29     1.5459 5.0640e-11  1024.4791    10.4342    24.4504     8.7229    266.090    9.11906  278.17284     95.656 -9.990e-29
   40.66766  -72.97310      6.358      6.309    10.4348    31.8878 -9.990e-29     1.5325 5.0640e-11  1024.4789    10.4341    24.4503     8.7289    266.271    9.11904  278.17244     95.722 -9.990e-29
   40.66766  -72.97310      6.349      6.300    10.4341    31.8878 -9.990e-29     1.5325 5.0640e-11  1024.4789    10.4334    24.4503     8.7242    266.128    9.11902  278.17200     95.670 -9.990e-29
   40.66766  -72.97310      6.337      6.288    10.4333    31.8878 -9.990e-29     1.5325 5.0640e-11  1024.4791    10.4326    24.4506     8.7188    265.963    9.11901  278.17163     95.611 -9.990e-29
   40.66766  -72.97310      6.308      6.259    10.4324    31.8881 -9.990e-29     1.5325 5.0640e-11  1024.4797    10.4317    24.4509     8.7298    266.299    9.11902  278.17188     95.732 -9.990e-29
   40.66766  -72.97310      6.288      6.239    10.4324    31.8882 -9.990e-29     1.5190 5.0640e-11  1024.4794    10.4317    24.4510     8.7253    266.160    9.11906  278.17309     95.682 -9.990e-29
   40.66766  -72.97310      6.278      6.229    10.4319    31.8882 -9.990e-29     1.5056 5.0640e-11  1024.4795    10.4312    24.4511     8.7200    265.999    9.11906  278.17323     95.624 -9.990e-29
   40.66766  -72.97310      6.256      6.208    10.4319    31.8882 -9.990e-29     1.4922 5.0640e-11  1024.4794    10.4312    24.4512     8.7254    266.163    9.11902  278.17202     95.683 -9.990e-29
   40.66766  -72.97310      6.248      6.199    10.4316    31.8882 -9.990e-29     1.4922 5.0640e-11  1024.4796    10.4309    24.4512     8.7251    266.155    9.11902  278.17203     95.680 -9.990e-29
   40.66766  -72.97310      6.216      6.168    10.4316    31.8882 -9.990e-29     1.4922 5.0640e-11  1024.4790    10.4309    24.4512     8.7184    265.952    9.11906  278.17313     95.607 -9.990e-29
   40.66766  -72.97310      6.218      6.169    10.4310    31.8885 -9.990e-29     1.4922 5.0640e-11  1024.4797    10.4303    24.4514     8.7239    266.118    9.11903  278.17230     95.666 -9.990e-29
   40.66766  -72.97310      6.186      6.138    10.4315    31.8886 -9.990e-29     1.4922 5.0640e-11  1024.4798    10.4308    24.4516     8.7301    266.308    9.11905  278.17265     95.735 -9.990e-29
   40.66766  -72.97310      6.165      6.118    10.4321    31.8886 -9.990e-29     1.4922 5.0640e-11  1024.4795    10.4314    24.4515     8.7313    266.346    9.11905  278.17264     95.748 -9.990e-29
   40.66766  -72.97310      6.136      6.089    10.4329    31.8886 -9.990e-29     1.4922 5.0640e-11  1024.4791    10.4322    24.4513     8.7212    266.037    9.11905  278.17266     95.637 -9.990e-29
   40.66766  -72.97310      6.125      6.078    10.4336    31.8885 -9.990e-29     1.5056 5.0640e-11  1024.4784    10.4329    24.4510     8.7267    266.205    9.11899  278.17097     95.698 -9.990e-29
   40.66766  -72.97308      6.106      6.059    10.4328    31.8885 -9.990e-29     1.4922 5.0640e-11  1024.4785    10.4321    24.4510     8.7331    266.399    9.11900  278.17136     95.768 -9.990e-29
   40.66766  -72.97308      6.084      6.037    10.4324    31.8885 -9.990e-29     1.4922 5.0640e-11  1024.4787    10.4318    24.4513     8.7344    266.440    9.11902  278.17176     95.783 -9.990e-29
   40.66766  -72.97308      6.065      6.018    10.4319    31.8888 -9.990e-29     1.4922 5.0640e-11  1024.4791    10.4313    24.4515     8.7301    266.307    9.11898  278.17076     95.735 -9.990e-29
   40.66766  -72.97308      6.044      5.998    10.4321    31.8890 -9.990e-29     1.4922 5.0640e-11  1024.4790    10.4314    24.4517     8.7235    266.107    9.11898  278.17078     95.663 -9.990e-29
   40.66766  -72.97308      6.015      5.969    10.4321    31.8890 -9.990e-29     1.4922 5.0640e-11  1024.4791    10.4314    24.4518     8.7277    266.234    9.11903  278.17213     95.708 -9.990e-29
   40.66766  -72.97308      5.993      5.947    10.4326    31.8890 -9.990e-29     1.4922 5.0640e-11  1024.4788    10.4319    24.4517     8.7340    266.426    9.11901  278.17157     95.778 -9.990e-29
   40.66766  -72.97308      5.974      5.928    10.4326    31.8888 -9.990e-29     1.4922 5.0640e-11  1024.4784    10.4319    24.4515     8.7353    266.468    9.11902  278.17210     95.793 -9.990e-29
   40.66766  -72.97308      5.952      5.906    10.4326    31.8887 -9.990e-29     1.4922 5.0640e-11  1024.4782    10.4319    24.4514     8.7367    266.511    9.11906  278.17308     95.807 -9.990e-29
   40.66766  -72.97308      5.944      5.898    10.4321    31.8887 -9.990e-29     1.4922 5.0640e-11  1024.4781    10.4315    24.4514     8.7260    266.182    9.11907  278.17335     95.689 -9.990e-29
   40.66766  -72.97308      5.912      5.867    10.4319    31.8887 -9.990e-29     1.4922 5.0640e-11  1024.4785    10.4313    24.4516     8.7301    266.308    9.11909  278.17388     95.734 -9.990e-29
   40.66766  -72.97308      5.893      5.848    10.4323    31.8888 -9.990e-29     1.4922 5.0640e-11  1024.4781    10.4316    24.4516     8.7365    266.502    9.11912  278.17493     95.804 -9.990e-29
   40.66766  -72.97308      5.873      5.827    10.4323    31.8888 -9.990e-29     1.5056 5.0640e-11  1024.4779    10.4316    24.4516     8.7378    266.541    9.11906  278.17291     95.819 -9.990e-29
   40.66766  -72.97308      5.853      5.808    10.4323    31.8890 -9.990e-29     1.4922 5.0640e-11  1024.4782    10.4316    24.4517     8.7391    266.582    9.11904  278.17241     95.833 0.0000e+00
   40.66766  -72.97308      5.831      5.786    10.4323    31.8891 -9.990e-29     1.4922 5.0640e-11  1024.4781    10.4316    24.4518     8.7275    266.229    9.11900  278.17136     95.707 0.0000e+00
   40.66766  -72.97308      5.812      5.767    10.4323    31.8891 -9.990e-29     1.5056 5.0640e-11  1024.4779    10.4317    24.4518     8.7331    266.399    9.11897  278.17037     95.768 0.0000e+00
   40.66766  -72.97308      5.782      5.737    10.4321    31.8891 -9.990e-29     1.5056 5.0640e-11  1024.4780    10.4315    24.4519     8.7394    266.592    9.11896  278.17011     95.838 -9.990e-29
   40.66766  -72.97308      5.780      5.736    10.4321    31.8891 -9.990e-29     1.5056 5.0640e-11  1024.4781    10.4315    24.4519     8.7393    266.589    9.11899  278.17102     95.836 -9.990e-29
   40.66766  -72.97308      5.772      5.728    10.4326    31.8891 -9.990e-29     1.5056 5.0640e-11  1024.4779    10.4320    24.4517     8.7399    266.607    9.11899  278.17105     95.843 0.0000e+00
   40.66766  -72.97308      5.750      5.706    10.4333    31.8889 -9.990e-29     1.5056 5.0640e-11  1024.4775    10.4326    24.4514     8.7411    266.644    9.11892  278.16895     95.857 0.0000e+00
   40.66766  -72.97308      5.731      5.687    10.4334    31.8888 -9.990e-29     1.5190 5.0640e-11  1024.4769    10.4328    24.4511     8.7409    266.638    9.11895  278.16993     95.854 0.0000e+00
   40.66766  -72.97308      5.720      5.676    10.4334    31.8888 -9.990e-29     1.5056 5.0640e-11  1024.4764    10.4328    24.4510     8.7414    266.653    9.11896  278.17026     95.860 0.0000e+00
   40.66766  -72.97308      5.710      5.666    10.4324    31.8888 -9.990e-29     1.5056 5.0640e-11  1024.4773    10.4318    24.4514     8.7427    266.693    9.11909  278.17409     95.873 0.0000e+00
   40.66766  -72.97308      5.699      5.655    10.4321    31.8892 -9.990e-29     1.5056 5.0640e-11  1024.4778    10.4315    24.4518     8.7425    266.686    9.11915  278.17614     95.869 0.0000e+00
   40.66766  -72.97308      5.680      5.636    10.4323    31.8895 -9.990e-29     1.5056 5.0640e-11  1024.4778    10.4317    24.4520     8.7430    266.700    9.11923  278.17851     95.874 -9.990e-29
   40.66766  -72.97310      5.680      5.636    10.4326    31.8895 -9.990e-29     1.5190 5.0640e-11  1024.4776    10.4320    24.4520     8.7440    266.733    9.11921  278.17764     95.886 -9.990e-29
   40.66766  -72.97310      5.671      5.627    10.4329    31.8897 -9.990e-29     1.5056 5.0640e-11  1024.4776    10.4323    24.4521     8.7436    266.721    9.11922  278.17803     95.881 -9.990e-29
   40.66766  -72.97310      5.669      5.625    10.4336    31.8897 -9.990e-29     1.5056 5.0640e-11  1024.4780    10.4330    24.4522     8.7438    266.728    9.11915  278.17581     95.885 -9.990e-29
   40.66766  -72.97310      5.661      5.617    10.4343    31.8897 -9.990e-29     1.5056 5.0640e-11  1024.4778    10.4337    24.4521     8.7562    267.105    9.11911  278.17457     96.021 -9.990e-29
   40.66766  -72.97310      5.660      5.616    10.4353    31.8896 -9.990e-29     1.5056 5.0640e-11  1024.4771    10.4346    24.4517     8.7571    267.132    9.11910  278.17407     96.030 -9.990e-29
   40.66766  -72.97310      5.650      5.606    10.4358    31.8894 -9.990e-29     1.5190 5.0640e-11  1024.4769    10.4351    24.4515     8.7529    267.004    9.11907  278.17350     95.985 -9.990e-29
   40.66766  -72.97310      5.661      5.617    10.4361    31.8893 -9.990e-29     1.5056 5.0640e-11  1024.4768    10.4355    24.4513     8.7488    266.879    9.11917  278.17656     95.939 -9.990e-29
   40.66766  -72.97310      5.639      5.595    10.4363    31.8893 -9.990e-29     1.5190 5.0640e-11  1024.4769    10.4356    24.4512     8.7481    266.857    9.11920  278.17734     95.931 -9.990e-29
   40.66766  -72.97310      5.650      5.606    10.4368    31.8892 -9.990e-29     1.5056 5.0640e-11  1024.4765    10.4361    24.4511     8.7480    266.855    9.11919  278.17697     95.930 -9.990e-29
   40.66766  -72.97310      5.660      5.616    10.4371    31.8891 -9.990e-29     1.5056 5.0640e-11  1024.4766    10.4364    24.4510     8.7472    266.829    9.11915  278.17583     95.921 -9.990e-29
   40.66766  -72.97310      5.650      5.606    10.4373    31.8890 -9.990e-29     1.5056 5.0640e-11  1024.4763    10.4366    24.4508     8.7470    266.823    9.11912  278.17488     95.919 -9.990e-29
   40.66766  -72.97310      5.660      5.616    10.4374    31.8888 -9.990e-29     1.5056 5.0640e-11  1024.4762    10.4368    24.4507     8.7475    266.840    9.11908  278.17362     95.926 -9.990e-29
