CalculateIndicators/WaterTemperature/Data/CTD_NYOS/20230517_C24.cnv
* Sea-Bird SBE 9 Data File:
* FileName = C:\Seabird 9 CTD\Data\2023\202305_offshore\20230517_C24.hex
* Software Version Seasave V 7.23.2
* Temperature SN = 4590
* Conductivity SN = 3228
* Number of Bytes Per Scan = 44
* Number of Voltage Words = 5
* Number of Scans Averaged by the Deck Unit = 1
* NMEA Latitude = 39 31.89 N
* NMEA Longitude = 071 44.65 W
* NMEA UTC (Time) = May 17 2023  23:56:29
* NMEA baud rate = 4800
** Ship: Seawolf
** Station: 10.7
** Operator: TDK
# nquan = 18
# nvalues = 17705                       
# units = specified
# name 0 = latitude: Latitude [deg]
# name 1 = longitude: Longitude [deg]
# name 2 = prDM: Pressure, Digiquartz [db]
# name 3 = depSM: Depth [salt water, m]
# name 4 = t090C: Temperature [ITS-90, deg C]
# name 5 = sal00: Salinity, Practical [PSU]
# name 6 = ph: pH
# name 7 = flECO-AFL: Fluorescence, WET Labs ECO-AFL/FL [mg/m^3]
# name 8 = cpar: CPAR/Corrected Irradiance [%]
# name 9 = density00: Density [density, kg/m^3]
# name 10 = potemp090C: Potential Temperature [ITS-90, deg C]
# name 11 = sigma-é00: Density [sigma-theta, kg/m^3]
# name 12 = sbeox0Mg/L: Oxygen, SBE 43 [mg/l]
# name 13 = sbox0Mm/Kg: Oxygen, SBE 43 [umol/kg]
# name 14 = oxsolMg/L: Oxygen Saturation, Garcia & Gordon [mg/l]
# name 15 = oxsolMm/Kg: Oxygen Saturation, Garcia & Gordon [umol/kg]
# name 16 = sbeox0PS: Oxygen, SBE 43 [% saturation]
# name 17 = flag:  0.000e+00
# span 0 =   39.53160,   39.53186       
# span 1 =  -71.74418,  -71.74216       
# span 2 =      1.758,    102.076       
# span 3 =      1.744,    101.273       
# span 4 =    12.5667,    15.1144       
# span 5 =    34.0688,    35.7189       
# span 6 =      8.041,      8.127       
# span 7 =    -0.1061,     0.6460       
# span 8 = 7.2342e-12, 9.9999e+04       
# span 9 =  1025.3431,  1026.9571       
# span 10 =    12.5629,    15.0995      
# span 11 =    25.3321,    26.5778      
# span 12 =     6.9554,     8.9515      
# span 13 =    211.747,    272.654      
# span 14 =    8.08096,    8.58515      
# span 15 =  246.01341,  261.51067      
# span 16 =     85.951,    105.052      
# span 17 = 0.0000e+00, 0.0000e+00      
# interval = seconds: 0.0416667
# start_time = May 17 2023 23:56:31 [System UTC, first data scan.]
# bad_flag = -9.990e-29
*END*
[from data line 322]
   39.53162  -71.74412      3.808      3.779    14.6427    34.0713      8.115     0.0551 2.3947e+01  1025.3501    14.6421    25.3335     8.1925    249.692    8.24018  251.14696     99.421 -9.990e-29
   39.53162  -71.74412      3.808      3.779    14.6425    34.0712      8.115     0.0551 2.3947e+01  1025.3504    14.6419    25.3334     8.1919    249.675    8.24024  251.14858     99.413 -9.990e-29
   39.53162  -71.74412      3.808      3.779    14.6430    34.0712      8.115     0.0551 2.3809e+01  1025.3498    14.6425    25.3333     8.1912    249.654    8.24023  251.14836     99.405 -9.990e-29
   39.53162  -71.74412      3.829      3.800    14.6427    34.0712      8.115     0.0551 2.3604e+01  1025.3503    14.6421    25.3333     8.1960    249.800    8.24019  251.14714     99.464 0.0000e+00
   39.53162  -71.74412      3.869      3.839    14.6427    34.0712      8.115     0.0551 2.0594e+01  1025.3506    14.6421    25.3333     8.2008    249.946    8.24020  251.14747     99.521 0.0000e+00
   39.53162  -71.74412      3.880      3.850    14.6428    34.0712      8.115     0.0551 2.3334e+01  1025.3502    14.6423    25.3333     8.1960    249.799    8.24020  251.14730     99.463 -9.990e-29
   39.53162  -71.74412      3.869      3.839    14.6428    34.0712      8.115     0.0551 2.0183e+01  1025.3503    14.6423    25.3333     8.1911    249.651    8.24016  251.14626     99.405 -9.990e-29
   39.53162  -71.74412      3.850      3.820    14.6430    34.0712      8.115     0.0551 2.2999e+01  1025.3504    14.6424    25.3333     8.2007    249.944    8.24016  251.14605     99.521 -9.990e-29
   39.53162  -71.74412      3.850      3.820    14.6428    34.0712      8.115     0.0551 1.9894e+01  1025.3503    14.6423    25.3333     8.2013    249.962    8.24011  251.14468     99.529 -9.990e-29
   39.53162  -71.74412      3.880      3.850    14.6430    34.0713      8.115     0.0551 2.2281e+01  1025.3504    14.6424    25.3334     8.1963    249.810    8.24012  251.14513     99.468 0.0000e+00
   39.53162  -71.74412      3.910      3.880    14.6428    34.0713      8.115     0.0551 1.9328e+01  1025.3510    14.6423    25.3334     8.2007    249.944    8.24012  251.14492     99.522 -9.990e-29
   39.53162  -71.74412      3.910      3.880    14.6432    34.0713      8.115     0.0551 2.2025e+01  1025.3504    14.6426    25.3333     8.1911    249.650    8.24010  251.14456     99.405 -9.990e-29
   39.53162  -71.74412      3.931      3.901    14.6430    34.0712      8.115     0.0551 1.8996e+01  1025.3505    14.6424    25.3332     8.1954    249.783    8.24014  251.14581     99.457 -9.990e-29
   39.53162  -71.74412      3.931      3.901    14.6428    34.0712      8.115     0.0551 2.1584e+01  1025.3505    14.6423    25.3332     8.1953    249.778    8.24020  251.14753     99.455 -9.990e-29
   39.53162  -71.74412      3.931      3.901    14.6427    34.0712      8.115     0.0551 2.1522e+01  1025.3508    14.6421    25.3333     8.1950    249.771    8.24022  251.14823     99.452 -9.990e-29
   39.53162  -71.74412      3.920      3.890    14.6427    34.0712      8.115     0.0551 2.0969e+01  1025.3506    14.6421    25.3333     8.1948    249.763    8.24024  251.14873     99.448 -9.990e-29
   39.53162  -71.74412      3.920      3.890    14.6425    34.0712      8.115     0.0551 2.0728e+01  1025.3507    14.6419    25.3333     8.1995    249.906    8.24028  251.15002     99.505 -9.990e-29
   39.53162  -71.74412      3.931      3.901    14.6423    34.0712      8.115     0.0551 1.8085e+01  1025.3507    14.6418    25.3333     8.1996    249.910    8.24028  251.15003     99.506 -9.990e-29
   39.53162  -71.74412      3.931      3.901    14.6423    34.0712      8.115     0.0551 2.0254e+01  1025.3508    14.6418    25.3333     8.2003    249.930    8.24030  251.15048     99.514 -9.990e-29
   39.53162  -71.74412      3.901      3.871    14.6423    34.0712      8.115     0.0551 1.7468e+01  1025.3504    14.6418    25.3333     8.2008    249.947    8.24030  251.15042     99.521 -9.990e-29
   39.53162  -71.74412      3.880      3.850    14.6423    34.0712      8.115     0.0551 1.9963e+01  1025.3505    14.6418    25.3334     8.2014    249.964    8.24032  251.15098     99.528 -9.990e-29
   39.53162  -71.74412      3.880      3.850    14.6423    34.0715      8.115     0.0551 1.9905e+01  1025.3508    14.6418    25.3336     8.2018    249.979    8.24029  251.15030     99.533 -9.990e-29
   39.53162  -71.74412      3.880      3.850    14.6423    34.0715      8.115     0.0551 1.7367e+01  1025.3511    14.6418    25.3337     8.2023    249.992    8.24027  251.14953     99.539 -9.990e-29
   39.53162  -71.74412      3.890      3.860    14.6430    34.0715      8.115     0.0551 1.7367e+01  1025.3506    14.6424    25.3336     8.2022    249.989    8.24033  251.15130     99.537 0.0000e+00
   39.53162  -71.74412      3.901      3.871    14.6428    34.0715      8.115     0.0551 1.9905e+01  1025.3510    14.6423    25.3335     8.2025    249.999    8.24030  251.15041     99.541 -9.990e-29
   39.53162  -71.74412      3.901      3.871    14.6432    34.0714      8.115     0.0551 2.0021e+01  1025.3506    14.6426    25.3334     8.2028    250.007    8.24029  251.15006     99.545 -9.990e-29
   39.53162  -71.74412      3.901      3.871    14.6432    34.0714      8.115     0.0551 2.0021e+01  1025.3507    14.6426    25.3333     8.2030    250.015    8.24028  251.14986     99.548 -9.990e-29
   39.53162  -71.74412      3.920      3.890    14.6432    34.0714      8.115     0.0551 1.7671e+01  1025.3505    14.6426    25.3333     8.2027    250.003    8.24025  251.14908     99.544 -9.990e-29
   39.53162  -71.74412      3.920      3.890    14.6435    34.0714      8.115     0.0551 2.0372e+01  1025.3506    14.6429    25.3333     8.2028    250.008    8.24027  251.14969     99.545 -9.990e-29
   39.53162  -71.74412      3.910      3.880    14.6437    34.0714      8.115     0.0551 1.7825e+01  1025.3506    14.6431    25.3333     8.2029    250.010    8.24023  251.14854     99.547 -9.990e-29
   39.53162  -71.74412      3.910      3.880    14.6440    34.0714      8.115     0.0685 2.0490e+01  1025.3505    14.6435    25.3333     8.2029    250.011    8.24022  251.14784     99.547 -9.990e-29
   39.53162  -71.74412      3.910      3.880    14.6440    34.0714      8.115     0.0551 1.8085e+01  1025.3506    14.6435    25.3332     8.2029    250.010    8.24019  251.14711     99.547 -9.990e-29
   39.53162  -71.74412      3.920      3.890    14.6440    34.0712      8.115     0.0551 2.0728e+01  1025.3504    14.6435    25.3331     8.2029    250.010    8.24022  251.14794     99.547 -9.990e-29
   39.53162  -71.74412      3.910      3.880    14.6439    34.0711      8.115     0.0551 2.0788e+01  1025.3500    14.6433    25.3329     8.2028    250.009    8.24025  251.14909     99.546 -9.990e-29
   39.53162  -71.74412      3.890      3.860    14.6437    34.0711      8.115     0.0551 2.0969e+01  1025.3498    14.6431    25.3328     8.2027    250.004    8.24025  251.14895     99.544 -9.990e-29
   39.53162  -71.74412      3.890      3.860    14.6434    34.0711      8.115     0.0551 1.8455e+01  1025.3502    14.6428    25.3331     8.2026    250.000    8.24028  251.14993     99.542 -9.990e-29
   39.53162  -71.74412      3.901      3.871    14.6435    34.0715      8.115     0.0551 2.1152e+01  1025.3508    14.6429    25.3334     8.2023    249.994    8.24028  251.14984     99.540 -9.990e-29
   39.53162  -71.74412      3.901      3.871    14.6437    34.0715      8.115     0.0551 1.8669e+01  1025.3508    14.6431    25.3335     8.2021    249.987    8.24032  251.15116     99.537 -9.990e-29
   39.53162  -71.74412      3.901      3.871    14.6437    34.0715      8.115     0.0551 2.1460e+01  1025.3508    14.6431    25.3335     8.2019    249.979    8.24036  251.15248     99.533 -9.990e-29
   39.53162  -71.74412      3.910      3.880    14.6439    34.0714      8.115     0.0551 2.1460e+01  1025.3505    14.6433    25.3333     8.2016    249.973    8.24049  251.15661     99.529 0.0000e+00
   39.53162  -71.74412      3.920      3.890    14.6439    34.0712      8.115     0.0551 2.1835e+01  1025.3503    14.6433    25.3331     8.2013    249.962    8.24052  251.15743     99.524 0.0000e+00
   39.53162  -71.74412      3.931      3.901    14.6434    34.0711      8.115     0.0551 2.2025e+01  1025.3505    14.6428    25.3331     8.2003    249.932    8.24053  251.15772     99.512 0.0000e+00
   39.53162  -71.74412      3.940      3.910    14.6435    34.0711      8.115     0.0551 2.2025e+01  1025.3505    14.6429    25.3331     8.1998    249.917    8.24056  251.15854     99.506 -9.990e-29
   39.53162  -71.74412      3.931      3.901    14.6434    34.0711      8.115     0.0685 2.2281e+01  1025.3505    14.6428    25.3331     8.1993    249.901    8.24058  251.15925     99.499 -9.990e-29
   39.53162  -71.74412      3.940      3.910    14.6432    34.0710      8.115     0.0551 2.2410e+01  1025.3505    14.6426    25.3330     8.1993    249.902    8.24064  251.16115     99.499 0.0000e+00
   39.53162  -71.74412      3.961      3.931    14.6435    34.0710      8.115     0.0685 2.2410e+01  1025.3503    14.6429    25.3330     8.1988    249.885    8.24069  251.16262     99.491 0.0000e+00
   39.53162  -71.74412      3.971      3.940    14.6435    34.0710      8.115     0.0819 2.2540e+01  1025.3506    14.6429    25.3331     8.1987    249.883    8.24074  251.16418     99.490 -9.990e-29
   39.53162  -71.74412      3.961      3.931    14.6435    34.0711      8.115     0.0819 2.2670e+01  1025.3507    14.6429    25.3331     8.1992    249.897    8.24076  251.16457     99.495 -9.990e-29
   39.53162  -71.74412      3.950      3.920    14.6437    34.0711      8.115     0.0819 2.2670e+01  1025.3505    14.6431    25.3331     8.1991    249.894    8.24081  251.16618     99.493 -9.990e-29
   39.53162  -71.74412      3.971      3.940    14.6434    34.0712      8.115     0.0819 2.2736e+01  1025.3507    14.6428    25.3332     8.1983    249.872    8.24080  251.16556     99.485 -9.990e-29
   39.53162  -71.74412      3.971      3.940    14.6434    34.0713      8.115     0.0819 2.2933e+01  1025.3508    14.6428    25.3333     8.1925    249.694    8.24074  251.16380     99.415 -9.990e-29
   39.53162  -71.74412      3.991      3.961    14.6435    34.0714      8.115     0.0819 2.2933e+01  1025.3510    14.6429    25.3333     8.1912    249.654    8.24073  251.16349     99.399 0.0000e+00
   39.53162  -71.74412      4.001      3.970    14.6435    34.0715      8.115     0.0819 2.2933e+01  1025.3509    14.6429    25.3334     8.1954    249.783    8.24073  251.16364     99.450 -9.990e-29
   39.53162  -71.74412      4.001      3.970    14.6434    34.0715      8.115     0.0819 2.2933e+01  1025.3514    14.6428    25.3335     8.1908    249.641    8.24075  251.16452     99.393 -9.990e-29
   39.53162  -71.74412      4.021      3.991    14.6437    34.0715      8.115     0.0819 2.2933e+01  1025.3511    14.6431    25.3335     8.1951    249.772    8.24084  251.16716     99.445 0.0000e+00
   39.53162  -71.74412      4.042      4.011    14.6437    34.0715      8.115     0.0819 2.2867e+01  1025.3513    14.6431    25.3334     8.1943    249.748    8.24088  251.16824     99.435 0.0000e+00
   39.53162  -71.74412      4.061      4.030    14.6440    34.0714      8.115     0.0819 2.2605e+01  1025.3512    14.6434    25.3332     8.1896    249.605    8.24091  251.16928     99.377 0.0000e+00
   39.53164  -71.74410      4.082      4.051    14.6440    34.0713      8.115     0.0819 2.2540e+01  1025.3511    14.6434    25.3331     8.1943    249.749    8.24093  251.16956     99.434 0.0000e+00
   39.53164  -71.74410      4.103      4.071    14.6440    34.0712      8.115     0.0819 2.2281e+01  1025.3513    14.6434    25.3330     8.1890    249.588    8.24091  251.16904     99.370 0.0000e+00
   39.53164  -71.74410      4.112      4.081    14.6442    34.0710      8.115     0.0819 2.2153e+01  1025.3511    14.6436    25.3329     8.1937    249.731    8.24088  251.16825     99.428 0.0000e+00
   39.53164  -71.74410      4.133      4.101    14.6440    34.0709      8.115     0.0819 2.2089e+01  1025.3510    14.6434    25.3328     8.1929    249.705    8.24088  251.16826     99.417 0.0000e+00
   39.53164  -71.74410      4.153      4.122    14.6437    34.0709      8.115     0.0819 2.2025e+01  1025.3511    14.6431    25.3328     8.1926    249.696    8.24090  251.16855     99.414 0.0000e+00
   39.53164  -71.74410      4.163      4.131    14.6435    34.0709      8.115     0.0819 2.1835e+01  1025.3513    14.6429    25.3329     8.1922    249.685    8.24089  251.16862     99.409 0.0000e+00
   39.53164  -71.74410      4.193      4.161    14.6434    34.0711      8.115     0.0819 2.1647e+01  1025.3516    14.6427    25.3331     8.1918    249.673    8.24091  251.16911     99.405 0.0000e+00
   39.53164  -71.74410      4.204      4.172    14.6430    34.0712      8.115     0.0819 2.1647e+01  1025.3519    14.6424    25.3333     8.1915    249.662    8.24091  251.16892     99.400 0.0000e+00
   39.53164  -71.74410      4.223      4.191    14.6430    34.0712      8.115     0.0819 2.1460e+01  1025.3520    14.6424    25.3333     8.1915    249.664    8.24086  251.16760     99.401 0.0000e+00
   39.53164  -71.74410      4.244      4.212    14.6430    34.0712      8.115     0.0819 2.1275e+01  1025.3519    14.6424    25.3333     8.1916    249.668    8.24082  251.16628     99.403 0.0000e+00
   39.53164  -71.74410      4.254      4.221    14.6428    34.0712      8.115     0.0819 2.1275e+01  1025.3524    14.6422    25.3333     8.1917    249.670    8.24077  251.16458     99.405 0.0000e+00
   39.53164  -71.74410      4.285      4.253    14.6428    34.0712      8.115     0.0819 2.1030e+01  1025.3523    14.6422    25.3333     8.1869    249.522    8.24077  251.16482     99.346 0.0000e+00
   39.53164  -71.74410      4.305      4.272    14.6430    34.0712      8.115     0.0819 2.0849e+01  1025.3522    14.6424    25.3333     8.1915    249.664    8.24081  251.16592     99.402 0.0000e+00
   39.53164  -71.74410      4.346      4.313    14.6432    34.0712      8.115     0.0551 2.0788e+01  1025.3524    14.6425    25.3333     8.1917    249.670    8.24084  251.16701     99.404 0.0000e+00
   39.53164  -71.74410      4.365      4.332    14.6427    34.0714      8.115     0.0551 2.0609e+01  1025.3529    14.6420    25.3335     8.1919    249.676    8.24088  251.16809     99.406 0.0000e+00
   39.53164  -71.74410      4.397      4.363    14.6428    34.0714      8.115     0.0551 2.0372e+01  1025.3530    14.6422    25.3335     8.1920    249.680    8.24086  251.16756     99.408 0.0000e+00
   39.53164  -71.74410      4.427      4.393    14.6430    34.0714      8.115     0.0551 2.0313e+01  1025.3529    14.6424    25.3334     8.1872    249.532    8.24085  251.16737     99.349 0.0000e+00
   39.53164  -71.74410      4.446      4.412    14.6430    34.0714      8.115     0.0551 2.0196e+01  1025.3531    14.6424    25.3334     8.1919    249.675    8.24090  251.16856     99.405 0.0000e+00
   39.53164  -71.74410      4.476      4.442    14.6432    34.0714      8.115     0.0551 2.0021e+01  1025.3531    14.6425    25.3334     8.1871    249.528    8.24089  251.16842     99.347 0.0000e+00
   39.53164  -71.74410      4.508      4.473    14.6430    34.0714      8.115     0.0551 1.9963e+01  1025.3534    14.6424    25.3334     8.1868    249.519    8.24091  251.16903     99.343 0.0000e+00
   39.53164  -71.74410      4.548      4.513    14.6434    34.0715      8.115     0.0551 1.9963e+01  1025.3533    14.6427    25.3335     8.1914    249.661    8.24088  251.16813     99.400 0.0000e+00
   39.53164  -71.74410      4.557      4.523    14.6432    34.0715      8.115     0.0551 1.9963e+01  1025.3540    14.6425    25.3335     8.1917    249.669    8.24091  251.16906     99.403 0.0000e+00
   39.53164  -71.74410      4.578      4.543    14.6435    34.0715      8.115     0.0551 1.9963e+01  1025.3536    14.6428    25.3335     8.1919    249.677    8.24094  251.17015     99.405 0.0000e+00
