CalculateIndicators/WaterTemperature/Data/CTD_NYOS/20230518_C23B.cnv
* Sea-Bird SBE 9 Data File:
* FileName = C:\Seabird 9 CTD\Data\2023\202305_offshore\20230518_C25B.hex
* Software Version Seasave V 7.23.2
* Temperature SN = 4590
* Conductivity SN = 3228
* Number of Bytes Per Scan = 44
* Number of Voltage Words = 5
* Number of Scans Averaged by the Deck Unit = 1
* NMEA Latitude = 39 44.13 N
* NMEA Longitude = 071 24.97 W
* NMEA UTC (Time) = May 18 2023  05:17:01
* NMEA baud rate = 4800
** Ship: Seawolf
** Station: 11.7
** Operator: TDK
# nquan = 18
# nvalues = 606                         
# units = specified
# name 0 = latitude: Latitude [deg]
# name 1 = longitude: Longitude [deg]
# name 2 = prDM: Pressure, Digiquartz [db]
# name 3 = depSM: Depth [salt water, m]
# name 4 = t090C: Temperature [ITS-90, deg C]
# name 5 = sal00: Salinity, Practical [PSU]
# name 6 = ph: pH
# name 7 = flECO-AFL: Fluorescence, WET Labs ECO-AFL/FL [mg/m^3]
# name 8 = cpar: CPAR/Corrected Irradiance [%]
# name 9 = density00: Density [density, kg/m^3]
# name 10 = potemp090C: Potential Temperature [ITS-90, deg C]
# name 11 = sigma-100: Density [sigma-1, kg/m^3 ]
# name 12 = sbeox0Mg/L: Oxygen, SBE 43 [mg/l]
# name 13 = sbox0Mm/Kg: Oxygen, SBE 43 [umol/kg]
# name 14 = oxsolMg/L: Oxygen Saturation, Garcia & Gordon [mg/l]
# name 15 = oxsolMm/Kg: Oxygen Saturation, Garcia & Gordon [umol/kg]
# name 16 = sbeox0PS: Oxygen, SBE 43 [% saturation]
# name 17 = flag: flag
# span 0 =   39.73402,   39.73550       
# span 1 =  -71.42145,  -71.41628       
# span 2 =      2.000,    305.000       
# span 3 =      1.985,    302.447       
# span 4 =     9.9657,    14.3476       
# span 5 =    33.4819,    35.8615       
# span 6 =      7.855,      8.154       
# span 7 =    -0.0951,     0.8958       
# span 8 = -4.481e+04, 1.0770e+05       
# span 9 =  1025.1323,  1028.5851       
# span 10 =     9.9300,    14.3462      
# span 11 =    29.4847,    31.7947      
# span 12 =     3.2753,     8.8271      
# span 13 =     99.634,    269.075      
# span 14 =    8.28661,    9.01348      
# span 15 =  252.21480,  274.21897      
# span 16 =     36.751,    103.898      
# span 17 = 0.0000e+00, 0.0000e+00      
# interval = decibars: 1                
# start_time = May 18 2023 05:17:03 [System UTC, first data scan.]
# bad_flag = -9.990e-29
*END*
[from data line 322]
   39.73498  -71.41826    285.000    282.628    10.2011    35.2961      7.859    -0.0590 5.0640e-11  1028.4326    10.1674    31.6035     4.1690    126.839    8.96560  272.77125     46.500 0.0000e+00
   39.73500  -71.41822    284.000    281.637    10.2120    35.3011      7.859    -0.0517 5.0640e-11  1028.4301    10.1783    31.6053     4.1749    127.015    8.95915  272.57093     46.599 0.0000e+00
   39.73500  -71.41822    283.000    280.646    10.2184    35.3055      7.859    -0.0407 5.0640e-11  1028.4279    10.1848    31.6074     4.1691    126.838    8.95393  272.40852     46.562 0.0000e+00
   39.73499  -71.41823    282.000    279.655    10.2615    35.3320      7.859    -0.0531 5.0640e-11  1028.4362    10.2279    31.6194     4.1576    126.489    8.94532  272.14924     46.478 0.0000e+00
   39.73498  -71.41825    281.000    278.664    10.3133    35.3442      7.859    -0.0754 5.0640e-11  1028.4319    10.2797    31.6188     4.1565    126.458    8.93817  271.93630     46.503 0.0000e+00
   39.73496  -71.41829    280.000    277.673    10.3351    35.3357      7.860    -0.0597 5.0640e-11  1028.4168    10.3017    31.6079     4.1390    125.928    8.93487  271.83756     46.325 0.0000e+00
   39.73497  -71.41827    279.000    276.682    10.3579    35.3323      7.861    -0.0893 5.0640e-11  1028.4056    10.3246    31.6007     4.1166    125.247    8.93170  271.74272     46.090 0.0000e+00
   39.73497  -71.41828    278.000    275.691    10.3829    35.3265      7.861    -0.0530 5.0640e-11  1028.3920    10.3496    31.5913     4.1231    125.443    8.92830  271.64103     46.180 0.0000e+00
   39.73496  -71.41830    277.000    274.700    10.4012    35.3223      7.862    -0.0660 5.0640e-11  1028.3809    10.3680    31.5844     4.1213    125.392    8.92603  271.57364     46.172 0.0000e+00
   39.73496  -71.41830    276.000    273.709    10.4069    35.3191      7.862    -0.0538 5.0640e-11  1028.3730    10.3738    31.5808     4.1197    125.341    8.92508  271.54486     46.159 0.0000e+00
   39.73496  -71.41830    275.000    272.718    10.4129    35.3177      7.861    -0.0627 5.0640e-11  1028.3663    10.3799    31.5786     4.1186    125.308    8.92351  271.49681     46.155 0.0000e+00
   39.73495  -71.41831    274.000    271.727    10.4351    35.3215      7.863    -0.0738 5.0640e-11  1028.3607    10.4022    31.5771     4.1210    125.379    8.91637  271.27721     46.218 0.0000e+00
   39.73496  -71.41832    273.000    270.736    10.4483    35.3255      7.863    -0.0660 5.0640e-11  1028.3569    10.4154    31.5775     4.1209    125.376    8.91139  271.12423     46.243 0.0000e+00
   39.73496  -71.41832    272.000    269.745    10.4642    35.3384      7.863    -0.0519 5.0640e-11  1028.3596    10.4315    31.5844     4.1040    124.862    8.90516  270.93257     46.086 0.0000e+00
   39.73496  -71.41833    271.000    268.754    10.4928    35.3605      7.862    -0.0717 5.0640e-11  1028.3671    10.4602    31.5958     4.0906    124.454    8.89894  270.74434     45.967 0.0000e+00
   39.73495  -71.41835    270.000    267.763    10.5396    35.3721      7.862    -0.0648 5.0640e-11  1028.3631    10.5069    31.5955     4.0874    124.358    8.89107  270.50718     45.972 0.0000e+00
   39.73494  -71.41836    269.000    266.772    10.5868    35.3680      7.862    -0.0588 5.0640e-11  1028.3468    10.5542    31.5830     4.0779    124.069    8.88421  270.30141     45.900 0.0000e+00
   39.73496  -71.41836    268.000    265.780    10.6160    35.3615 -9.990e-29    -0.0765 5.0640e-11  1028.3319    10.5835    31.5721     4.0797    124.126    8.87814  270.11768     45.952 0.0000e+00
   39.73496  -71.41836    267.000    264.790    10.6326    35.3648 -9.990e-29    -0.0687 5.0640e-11  1028.3270    10.6001    31.5713     4.0849    124.283    8.87383  269.98573     46.033 0.0000e+00
   39.73496  -71.41836    266.000    263.798    10.6556    35.3688      7.862    -0.0588 5.0640e-11  1028.3214    10.6232    31.5698     4.0830    124.226    8.86821  269.81466     46.041 0.0000e+00
   39.73495  -71.41837    265.000    262.808    10.7062    35.3829      7.865    -0.0724 5.0640e-11  1028.3185    10.6738    31.5706     4.0754    123.997    8.86034  269.57846     45.996 0.0000e+00
   39.73494  -71.41838    264.000    261.816    10.7347    35.3773      7.865    -0.0674 5.0640e-11  1028.3045    10.7024    31.5606     4.0619    123.584    8.85697  269.47810     45.860 0.0000e+00
   39.73494  -71.41838    263.000    260.825    10.7667    35.3679 -9.990e-29    -0.0576 5.0640e-11  1028.2868    10.7345    31.5469     4.0568    123.430    8.85292  269.35742     45.824 0.0000e+00
   39.73494  -71.41838    262.000    259.834    10.7753    35.3653 -9.990e-29    -0.0635 5.0640e-11  1028.2787    10.7432    31.5432     4.0700    123.835    8.85174  269.32217     45.980 0.0000e+00
   39.73494  -71.41839    261.000    258.843    10.7844    35.3621 -9.990e-29    -0.0596 5.0640e-11  1028.2700    10.7524    31.5388     4.0620    123.589    8.84995  269.26759     45.898 0.0000e+00
   39.73494  -71.41840    260.000    257.852    10.8036    35.3644 -9.990e-29    -0.0659 5.0640e-11  1028.2637    10.7717    31.5367     4.0531    123.318    8.84340  269.06609     45.832 0.0000e+00
   39.73494  -71.41840    259.000    256.861    10.8324    35.3839 -9.990e-29    -0.0556 5.0640e-11  1028.2691    10.8005    31.5460     4.0369    122.825    8.83401  268.77818     45.698 0.0000e+00
   39.73494  -71.41840    258.000    255.870    10.8500    35.3930 -9.990e-29    -0.0530 -9.990e-29  1028.2685    10.8182    31.5495     4.0298    122.608    8.82867  268.61460     45.645 0.0000e+00
   39.73494  -71.41840    257.000    254.878    10.8826    35.4057 -9.990e-29    -0.0450 -9.990e-29  1028.2678    10.8509    31.5527     4.0227    122.392    8.81911  268.32275     45.614 0.0000e+00
   39.73494  -71.41840    256.000    253.887    10.9587    35.4314 -9.990e-29    -0.0655 9.9999e+04  1028.2691    10.9270    31.5572     3.9952    121.557    8.80462  267.88495     45.377 0.0000e+00
   39.73494 -9.990e-29    255.000    252.896    11.0151    35.4324 -9.990e-29    -0.0584 9.9999e+04  1028.2548    10.9834    31.5465     3.9831    121.188    8.79591  267.62314     45.283 0.0000e+00
   39.73493  -71.41842    254.000    251.905    11.0564    35.4281 -9.990e-29    -0.0777 9.9999e+04  1028.2393    11.0247    31.5348     3.9799    121.092    8.78913  267.41885     45.282 0.0000e+00
   39.73494  -71.41842    253.000    250.914    11.1010    35.4267 -9.990e-29    -0.0503 9.9999e+04  1028.2254    11.0694    31.5247     3.9884    121.352    8.78301  267.23599     45.410 0.0000e+00
   39.73492  -71.41847    252.000    249.923    11.1504    35.4253 -9.990e-29    -0.0531 7.1880e+04  1028.2105    11.1189    31.5134     3.9723    120.863    8.77347  266.94357     45.276 0.0000e+00
   39.73487  -71.41866    251.000    248.931    11.2657    35.4744      7.876    -0.0575 -8.361e+03  1028.2224    11.2341    31.5278     3.9477    120.113    8.75348  266.33531     45.099 0.0000e+00
   39.73486  -71.41864    250.000    247.940    11.2661    35.4645      7.875    -0.0660 5.0640e-11  1028.2101    11.2346    31.5200     3.9587    120.450    8.75397  266.35106     45.222 0.0000e+00
   39.73486  -71.41865    249.000    246.949    11.2728    35.4598      7.875    -0.0780 5.0640e-11  1028.2007    11.2414    31.5149     3.9745    120.928    8.75199  266.28929     45.412 0.0000e+00
   39.73487  -71.41866    248.000    245.958    11.3022    35.4828      7.877    -0.0557 5.0640e-11  1028.2085    11.2709    31.5266     3.9742    120.918    8.74001  265.91928     45.472 0.0000e+00
   39.73487  -71.41867    247.000    244.967    11.3754    35.5172      7.879    -0.0552 5.0640e-11  1028.2168    11.3440    31.5381     3.8924    118.428    8.72204  265.37157     44.627 0.0000e+00
   39.73486  -71.41868    246.000    243.976    11.4022    35.5234      7.880    -0.0623 5.0640e-11  1028.2121    11.3709    31.5374     3.9221    119.333    8.71636  265.19943     44.997 0.0000e+00
   39.73486  -71.41868    245.000    242.985    11.4361    35.5345      7.882    -0.0524 5.0640e-11  1028.2098    11.4049    31.5389     3.9411    119.912    8.71140  265.05170     45.241 0.0000e+00
   39.73487  -71.41867    244.000    241.993    11.4717    35.5356      7.883    -0.0524 5.0640e-11  1028.1993    11.4405    31.5324     3.9584    120.439    8.70697  264.92011     45.463 0.0000e+00
   39.73485  -71.41868    243.000    241.002    11.5255    35.5158      7.883    -0.0619 5.0640e-11  1028.1691    11.4944    31.5059     3.9406    119.899    8.70081  264.73802     45.289 0.0000e+00
   39.73485 -9.990e-29    242.000    240.011    11.5732    35.4932 -9.990e-29    -0.0659 5.0640e-11  1028.1379    11.5421    31.4785     3.9215    119.322    8.69556  264.58227     45.098 0.0000e+00
   39.73486 -9.990e-29    241.000    239.020    11.5800    35.4877 -9.990e-29    -0.0658 5.0640e-11  1028.1279    11.5491    31.4729     3.9333    119.679    8.69345  264.51697     45.244 0.0000e+00
   39.73486 -9.990e-29    240.000    238.029    11.5873    35.4877 -9.990e-29    -0.0658 5.0640e-11  1028.1220    11.5565    31.4713     3.9480    120.126    8.69105  264.44303     45.426 0.0000e+00
   39.73484  -71.41874    239.000    237.038    11.6138    35.4988      7.884    -0.0518 5.0640e-11  1028.1211    11.5830    31.4744     3.9307    119.599    8.68400  264.22663     45.264 0.0000e+00
   39.73485  -71.41873    238.000    236.046    11.6461    35.5059      7.886    -0.0591 5.0640e-11  1028.1158    11.6154    31.4730     3.9430    119.971    8.67472  263.94231     45.454 0.0000e+00
   39.73486  -71.41872    237.000    235.055    11.6722    35.5239      7.887    -0.0640 5.0640e-11  1028.1203    11.6416    31.4814     3.9391    119.854    8.66767  263.72673     45.446 0.0000e+00
   39.73485  -71.41873    236.000    234.064    11.7552    35.5499      7.887    -0.0740 5.0640e-11  1028.1200    11.7246    31.4841     3.9005    118.682    8.65430  263.32575     45.070 0.0000e+00
   39.73486  -71.41873    235.000    233.073    11.7711    35.5420      7.889    -0.0659 5.0640e-11  1028.1062    11.7406    31.4746     3.9279    119.516    8.65098  263.22526     45.405 0.0000e+00
   39.73485  -71.41875    234.000    232.081    11.7973    35.5469      7.890    -0.0658 5.0640e-11  1028.1005    11.7668    31.4729     3.9422    119.952    8.64745  263.12067     45.588 0.0000e+00
   39.73484  -71.41874    233.000    231.090    11.8433    35.5426      7.891    -0.0658 5.0640e-11  1028.0837    11.8130    31.4598     3.9096    118.961    8.64057  262.91251     45.247 0.0000e+00
 -9.990e-29  -71.41877    232.000    230.099    11.8827    35.5431      7.891    -0.0568 5.0640e-11  1028.0719    11.8524    31.4519     3.9432    119.981    8.63170  262.63752     45.683 0.0000e+00
   39.73484  -71.41875    231.000    229.107    11.8966    35.5506      7.891    -0.0616 5.0640e-11  1028.0706    11.8664    31.4548     4.0323    122.689    8.62634  262.47244     46.744 0.0000e+00
   39.73482  -71.41877    230.000    228.116    11.9376    35.5905      7.893    -0.0548 5.0640e-11  1028.0891    11.9075    31.4768     4.0184    122.267    8.61631  262.16707     46.637 0.0000e+00
   39.73483  -71.41878    229.000    227.125    11.9913    35.6081      7.896    -0.0660 5.0640e-11  1028.0878    11.9612    31.4790     4.0147    122.156    8.60569  261.84466     46.652 0.0000e+00
   39.73482  -71.41880    228.000    226.134    12.0381    35.6146      7.897    -0.0664 5.8409e+04  1028.0791    12.0081    31.4740     4.0362    122.811    8.59796  261.61316     46.944 0.0000e+00
   39.73484  -71.41878    227.000    225.142    12.0993    35.6117      7.900    -0.0529 3.6621e+04  1028.0603    12.0693    31.4588     4.0494    123.215    8.58883  261.33874     47.148 0.0000e+00
   39.73484  -71.41880    226.000    224.151    12.1190    35.6019      7.900    -0.0591 9.9660e+04  1028.0443    12.0891    31.4469     4.0925    124.527    8.58627  261.26270     47.663 0.0000e+00
   39.73483  -71.41881    225.000    223.160    12.1433    35.6049      7.900 -9.990e-29 -9.990e-29  1028.0374    12.1135    31.4440     4.0968    124.658    8.58334  261.17620     47.729 0.0000e+00
   39.73483  -71.41882    224.000    222.168    12.2052    35.5779      7.900    -0.0601 5.0640e-11  1027.9998    12.1755    31.4101     4.2098    128.100    8.57786  261.01631     49.077 0.0000e+00
   39.73483  -71.41883    223.000    221.177    12.2111    35.5703      7.900    -0.0527 5.0640e-11  1027.9882    12.1814    31.4029     4.1807    127.215    8.57715  260.99512     48.742 0.0000e+00
   39.73482  -71.41884    222.000    220.186    12.2196    35.5678      7.899    -0.0676 5.0640e-11  1027.9802    12.1901    31.3991     4.1320    125.735    8.57628  260.96965     48.180 0.0000e+00
   39.73484  -71.41883    221.000    219.195    12.2283    35.5636      7.899    -0.0700 5.0640e-11  1027.9707    12.1989    31.3940     4.1566    126.481    8.57530  260.94045     48.471 0.0000e+00
   39.73484  -71.41884    220.000    218.203    12.2331    35.5615      7.899    -0.0743 5.0640e-11  1027.9637    12.2038    31.3914     4.1837    127.306    8.57446  260.91447     48.792 0.0000e+00
   39.73481  -71.41886    219.000    217.212    12.2445    35.5634      7.900    -0.0663 5.0640e-11  1027.9584    12.2153    31.3903     4.1485    126.236    8.57187  260.83478     48.397 0.0000e+00
   39.73482  -71.41886    218.000    216.221    12.2481    35.5651      7.901    -0.0658 5.0640e-11  1027.9546    12.2191    31.3909     4.1801    127.197    8.57075  260.80050     48.772 0.0000e+00
   39.73481  -71.41886    217.000    215.229    12.2525    35.5710      7.901    -0.0785 5.0640e-11  1027.9538    12.2236    31.3944     4.2077    128.037    8.56968  260.76790     49.100 0.0000e+00
   39.73482  -71.41886    216.000    214.238    12.2607    35.5742      7.903    -0.0712 5.0640e-11  1027.9502    12.2319    31.3951     4.2003    127.811    8.56785  260.71212     49.024 0.0000e+00
 -9.990e-29  -71.41888    215.000    213.247    12.2728    35.5791      7.904    -0.0595 5.0640e-11  1027.9472    12.2442    31.3963     4.1577    126.516    8.56524  260.63287     48.542 0.0000e+00
 -9.990e-29  -71.41889    214.000    212.256    12.2826    35.5804      7.904    -0.0538 5.0640e-11  1027.9417    12.2541    31.3951     4.1202    125.374    8.56312  260.56779     48.116 0.0000e+00
   39.73480  -71.41889    213.000    211.264    12.2989    35.5855      7.904    -0.0626 5.0640e-11  1027.9380    12.2705    31.3955     4.2077    128.036    8.56049  260.48902     49.152 0.0000e+00
   39.73480  -71.41889    212.000    210.273    12.3091    35.5838 -9.990e-29    -0.0524 5.0640e-11  1027.9301    12.2808    31.3919     4.2252    128.569    8.55853  260.42809     49.368 0.0000e+00
   39.73480  -71.41890    211.000    209.281    12.3134    35.5835 -9.990e-29    -0.0648 5.0640e-11  1027.9246    12.2852    31.3908     4.2605    129.641    8.55604  260.34894     49.795 0.0000e+00
   39.73480  -71.41889    210.000    208.290    12.3276    35.5923      7.905    -0.0658 5.0640e-11  1027.9241    12.2996    31.3945     4.2433    129.119    8.55262  260.24677     49.614 0.0000e+00
 -9.990e-29  -71.41891    209.000    207.299    12.3567    35.6036      7.908 -9.990e-29 5.0640e-11  1027.9227    12.3287    31.3969     4.1980    127.741    8.54809  260.11122     49.110 0.0000e+00
   39.73478  -71.41894    208.000    206.307    12.3641    35.6043      7.908    -0.0683 5.0640e-11  1027.9172    12.3363    31.3958     4.2341    128.842    8.54712  260.08271     49.539 0.0000e+00
   39.73478  -71.41893    207.000    205.316    12.3780    35.6015      7.908    -0.0593 5.0640e-11  1027.9078    12.3502    31.3906     4.2803    130.246    8.54557  260.03699     50.088 0.0000e+00
   39.73480  -71.41892    206.000    204.325    12.3965    35.5921      7.908    -0.0553 5.0640e-11  1027.8924    12.3688    31.3794     4.2442    129.148    8.54204  259.92706     49.686 0.0000e+00
