CalculateIndicators/WaterTemperature/Data/CTD_NYOS/20231004_C16.cnv
* Sea-Bird SBE 9 Data File:
* FileName = C:\Seabird 9 CTD\Data\2023\202309_offshore\20231004_C16.hex
* Software Version Seasave V 7.23.2
* Temperature SN = 4590
* Conductivity SN = 3228
* Number of Bytes Per Scan = 44
* Number of Voltage Words = 5
* Number of Scans Averaged by the Deck Unit = 1
* NMEA Latitude = 40 25.96 N
* NMEA Longitude = 072 49.68 W
* NMEA UTC (Time) = Oct 04 2023  20:34:24
* NMEA baud rate = 4800
** Ship: seawolf
** Station: 9.2
** Operator: TDK
# nquan = 18
# nvalues = 11580                       
# units = specified
# name 0 = latitude: Latitude [deg]
# name 1 = longitude: Longitude [deg]
# name 2 = prDM: Pressure, Digiquartz [db]
# name 3 = depSM: Depth [salt water, m]
# name 4 = t090C: Temperature [ITS-90, deg C]
# name 5 = sal00: Salinity, Practical [PSU]
# name 6 = ph: pH
# name 7 = flECO-AFL: Fluorescence, WET Labs ECO-AFL/FL [mg/m^3]
# name 8 = cpar: CPAR/Corrected Irradiance [%]
# name 9 = density00: Density [density, kg/m^3]
# name 10 = potemp090C: Potential Temperature [ITS-90, deg C]
# name 11 = sigma-é00: Density [sigma-theta, kg/m^3]
# name 12 = sbeox0Mg/L: Oxygen, SBE 43 [mg/l]
# name 13 = sbox0Mm/Kg: Oxygen, SBE 43 [umol/kg]
# name 14 = oxsolMg/L: Oxygen Saturation, Garcia & Gordon [mg/l]
# name 15 = oxsolMm/Kg: Oxygen Saturation, Garcia & Gordon [umol/kg]
# name 16 = sbeox0PS: Oxygen, SBE 43 [% saturation]
# name 17 = flag:  0.000e+00
# span 0 =   40.43272,   40.43314       
# span 1 =  -72.82800,  -72.82686       
# span 2 =      1.934,     35.509       
# span 3 =      1.919,     35.233       
# span 4 =    17.3220,    19.2642       
# span 5 =    31.7975,    31.9449       
# span 6 =      7.943,      8.001       
# span 7 =     0.2028,     1.4653       
# span 8 = 6.6129e-02, 6.3474e+01       
# span 9 =  1022.5711,  1023.2213       
# span 10 =    17.3163,    19.2638      
# span 11 =    22.5707,    23.0669      
# span 12 =     6.9108,     7.8572      
# span 13 =    211.096,    240.051      
# span 14 =    7.63657,    7.92333      
# span 15 =  233.37762,  242.00735      
# span 16 =     87.261,    101.625      
# span 17 = 0.0000e+00, 0.0000e+00      
# interval = seconds: 0.0416667
# start_time = Oct 04 2023 20:34:24 [System UTC, first data scan.]
# bad_flag = -9.990e-29
*END*
[from data line 11176]
   40.43310  -72.82696      1.954      1.939    19.2043    31.8864 -9.990e-29     0.4043 1.0049e+01  1022.6005    19.2039    22.5919     7.7504    236.852    7.64539  233.64339    101.373 -9.990e-29
   40.43310  -72.82696      1.954      1.939    19.2048    31.8866 -9.990e-29     0.3908 1.0010e+01  1022.6003    19.2045    22.5920     7.7510    236.872    7.64543  233.64450    101.381 -9.990e-29
   40.43310  -72.82696      1.954      1.939    19.2046    31.8866 -9.990e-29     0.3908 1.0769e+01  1022.6007    19.2043    22.5921     7.7512    236.878    7.64544  233.64481    101.384 -9.990e-29
   40.43310  -72.82696      1.954      1.939    19.2057    31.8866 -9.990e-29     0.4043 1.1425e+01  1022.6010    19.2053    22.5921     7.7519    236.898    7.64547  233.64571    101.392 -9.990e-29
   40.43310  -72.82696      1.954      1.939    19.2069    31.8866 -9.990e-29     0.4043 1.1554e+01  1022.6003    19.2066    22.5916     7.7525    236.916    7.64546  233.64530    101.400 -9.990e-29
   40.43310  -72.82696      1.964      1.949    19.2075    31.8856 -9.990e-29     0.4043 1.1170e+01  1022.5990    19.2071    22.5907     7.7526    236.919    7.64537  233.64263    101.402 -9.990e-29
   40.43310  -72.82696      1.964      1.949    19.2058    31.8845 -9.990e-29     0.4043 1.0739e+01  1022.5985    19.2055    22.5901     7.7486    236.798    7.64536  233.64231    101.350 -9.990e-29
   40.43310  -72.82696      1.964      1.949    19.2043    31.8838 -9.990e-29     0.4043 1.0637e+01  1022.5982    19.2039    22.5899     7.7532    236.938    7.64525  233.63889    101.412 -9.990e-29
   40.43310  -72.82696      1.973      1.958    19.2030    31.8833 -9.990e-29     0.4043 1.0727e+01  1022.5987    19.2027    22.5899     7.7537    236.952    7.64508  233.63369    101.420 -9.990e-29
   40.43310  -72.82696      1.984      1.969    19.2025    31.8833 -9.990e-29     0.4043 1.0848e+01  1022.5981    19.2022    22.5899     7.7536    236.950    7.64484  233.62609    101.423 -9.990e-29
   40.43310  -72.82696      1.994      1.979    19.2003    31.8833 -9.990e-29     0.3908 1.0879e+01  1022.5988    19.1999    22.5903     7.7539    236.959    7.64456  233.61785    101.430 -9.990e-29
   40.43310  -72.82696      1.994      1.979    19.1978    31.8837 -9.990e-29     0.3908 1.0667e+01  1022.5997    19.1975    22.5913     7.7538    236.956    7.64429  233.60963    101.432 -9.990e-29
   40.43310  -72.82696      2.015      1.999    19.1966    31.8854 -9.990e-29     0.4043 1.0140e+01  1022.6016    19.1963    22.5927     7.7537    236.952    7.64401  233.60100    101.434 -9.990e-29
   40.43310  -72.82696      2.015      1.999    19.1980    31.8871 -9.990e-29     0.3908 9.9874e+00  1022.6036    19.1976    22.5939     7.7535    236.946    7.64371  233.59188    101.436 -9.990e-29
   40.43310  -72.82696      2.024      2.009    19.2020    31.8871 -9.990e-29     0.4043 9.9874e+00  1022.6033    19.2017    22.5937     7.7578    237.080    7.64344  233.58387    101.497 -9.990e-29
   40.43310  -72.82696      2.035      2.020    19.2064    31.8871 -9.990e-29     0.4043 9.9874e+00  1022.6009    19.2060    22.5923     7.7536    236.951    7.64326  233.57859    101.444 -9.990e-29
   40.43310  -72.82696      2.056      2.040    19.2071    31.8858 -9.990e-29     0.4043 9.9874e+00  1022.5997    19.2067    22.5909     7.7531    236.934    7.64307  233.57288    101.439 -9.990e-29
   40.43310  -72.82696      2.054      2.039    19.2069    31.8846 -9.990e-29     0.4043 1.0044e+01  1022.5987    19.2065    22.5900     7.7528    236.925    7.64272  233.56222    101.440 -9.990e-29
   40.43310  -72.82696      2.075      2.059    19.2064    31.8842 -9.990e-29     0.4043 1.0435e+01  1022.5984    19.2060    22.5898     7.7570    237.054    7.64242  233.55305    101.499 -9.990e-29
   40.43310  -72.82696      2.085      2.069    19.2050    31.8842 -9.990e-29     0.4043 1.0613e+01  1022.5991    19.2046    22.5900     7.7571    237.059    7.64218  233.54612    101.504 -9.990e-29
   40.43310  -72.82696      2.085      2.069    19.2032    31.8841 -9.990e-29     0.4043 1.0613e+01  1022.5995    19.2029    22.5905     7.7574    237.066    7.64205  233.54233    101.509 -9.990e-29
   40.43310  -72.82696      2.105      2.089    19.2019    31.8841 -9.990e-29     0.4043 1.0435e+01  1022.6005    19.2015    22.5908     7.7576    237.073    7.64197  233.53999    101.513 -9.990e-29
   40.43310  -72.82696      2.116      2.100    19.2017    31.8838 -9.990e-29     0.4177 1.0278e+01  1022.5998    19.2013    22.5905     7.7534    236.945    7.64200  233.54096    101.458 -9.990e-29
   40.43310  -72.82696      2.126      2.109    19.2001    31.8838 -9.990e-29     0.4043 1.0278e+01  1022.5987    19.1997    22.5905     7.7579    237.083    7.64211  233.54469    101.515 -9.990e-29
 -9.990e-29 -9.990e-29      2.135      2.119    19.1966    31.8838      7.992     0.4043 1.0560e+01  1022.6005    19.1962    22.5918     7.7538    236.957    7.64227  233.54963    101.459 -9.990e-29
 -9.990e-29 -9.990e-29      2.156      2.139    19.1942    31.8858      7.992     0.4043 1.0800e+01  1022.6040    19.1938    22.5936     7.7542    236.971    7.64248  233.55628    101.462 -9.990e-29
 -9.990e-29 -9.990e-29      2.156      2.139    19.1959    31.8867      7.992     0.4043 1.0830e+01  1022.6046    19.1955    22.5946     7.7590    237.118    7.64293  233.56994    101.519 -9.990e-29
 -9.990e-29 -9.990e-29      2.166      2.149    19.1975    31.8867      7.992     0.4043 1.2857e+01  1022.6037    19.1971    22.5943     7.7552    237.002    7.64343  233.58542    101.463 -9.990e-29
 -9.990e-29 -9.990e-29      2.188      2.171    19.1976    31.8869      7.992     0.4043 1.5376e+01  1022.6033    19.1973    22.5939     7.7555    237.011    7.64396  233.60112    101.460 -9.990e-29
 -9.990e-29 -9.990e-29      2.186      2.169    19.1976    31.8869      7.992     0.4177 1.5948e+01  1022.6028    19.1973    22.5936     7.7562    237.030    7.64442  233.61458    101.462 -9.990e-29
 -9.990e-29 -9.990e-29      2.196      2.179    19.1978    31.8869      7.992     0.4043 1.3548e+01  1022.6033    19.1974    22.5938     7.7562    237.030    7.64469  233.62238    101.459 -9.990e-29
 -9.990e-29 -9.990e-29      2.207      2.190    19.1987    31.8873      7.992     0.4043 1.0788e+01  1022.6042    19.1983    22.5941     7.7560    237.023    7.64471  233.62296    101.455 -9.990e-29
 -9.990e-29 -9.990e-29      2.217      2.199    19.2008    31.8873      7.992     0.4043 1.0158e+01  1022.6037    19.2004    22.5939     7.7556    237.010    7.64458  233.61870    101.452 -9.990e-29
 -9.990e-29 -9.990e-29      2.217      2.199    19.2020    31.8873      7.992     0.4043 9.9878e+00  1022.6027    19.2016    22.5933     7.7552    236.999    7.64448  233.61586    101.448 -9.990e-29
 -9.990e-29 -9.990e-29      2.228      2.210    19.2022    31.8869      7.992     0.4043 9.5483e+00  1022.6026    19.2018    22.5929     7.7547    236.985    7.64434  233.61150    101.444 -9.990e-29
 -9.990e-29 -9.990e-29      2.237      2.220    19.2024    31.8867      7.992     0.4043 9.4045e+00  1022.6025    19.2020    22.5927     7.7542    236.968    7.64413  233.60514    101.440 -9.990e-29
 -9.990e-29 -9.990e-29      2.247      2.229    19.2025    31.8864      7.992     0.4043 9.4842e+00  1022.6022    19.2021    22.5924     7.7537    236.952    7.64397  233.59999    101.435 -9.990e-29
 -9.990e-29 -9.990e-29      2.237      2.220    19.2027    31.8859      7.992     0.4043 9.8098e+00  1022.6017    19.2023    22.5921     7.7530    236.931    7.64364  233.58999    101.430 -9.990e-29
 -9.990e-29 -9.990e-29      2.258      2.240    19.2027    31.8857      7.992     0.4043 9.9208e+00  1022.6016    19.2023    22.5918     7.7522    236.907    7.64322  233.57734    101.425 -9.990e-29
 -9.990e-29 -9.990e-29      2.258      2.240    19.2024    31.8857      7.992     0.3774 1.0078e+01  1022.6015    19.2020    22.5918     7.7560    237.024    7.64294  233.56891    101.479 -9.990e-29
 -9.990e-29 -9.990e-29      2.267      2.250    19.2019    31.8857      7.992     0.3640 1.1184e+01  1022.6019    19.2015    22.5920     7.7511    236.873    7.64255  233.55717    101.420 -9.990e-29
 -9.990e-29 -9.990e-29      2.267      2.250    19.2017    31.8858      7.992     0.3640 1.1732e+01  1022.6020    19.2013    22.5922     7.7548    236.987    7.64220  233.54660    101.473 -9.990e-29
 -9.990e-29 -9.990e-29      2.267      2.250    19.2011    31.8860      7.992     0.3640 1.1765e+01  1022.6023    19.2007    22.5924     7.7498    236.835    7.64184  233.53588    101.413 -9.990e-29
 -9.990e-29 -9.990e-29      2.277      2.259    19.2015    31.8863      7.992     0.3640 1.1718e+01  1022.6023    19.2011    22.5925     7.7490    236.810    7.64152  233.52662    101.406 -9.990e-29
 -9.990e-29 -9.990e-29      2.288      2.270    19.2015    31.8864      7.992     0.3640 1.1686e+01  1022.6030    19.2011    22.5928     7.7488    236.806    7.64147  233.52547    101.405 -9.990e-29
 -9.990e-29 -9.990e-29      2.278      2.261    19.2017    31.8864      7.992     0.3640 1.1686e+01  1022.6028    19.2013    22.5928     7.7535    236.950    7.64174  233.53356    101.463 -9.990e-29
 -9.990e-29 -9.990e-29      2.288      2.270    19.2017    31.8864      7.992     0.3640 1.1317e+01  1022.6028    19.2013    22.5926     7.7541    236.967    7.64200  233.54129    101.467 -9.990e-29
 -9.990e-29 -9.990e-29      2.277      2.259    19.2022    31.8859      7.992     0.3640 1.1065e+01  1022.6018    19.2018    22.5922     7.7541    236.968    7.64218  233.54694    101.465 -9.990e-29
 -9.990e-29 -9.990e-29      2.288      2.270    19.2019    31.8857      7.992     0.3774 1.1034e+01  1022.6019    19.2015    22.5921     7.7495    236.827    7.64228  233.54990    101.403 -9.990e-29
 -9.990e-29 -9.990e-29      2.288      2.270    19.2015    31.8856      7.992     0.3640 1.1084e+01  1022.6022    19.2011    22.5921     7.7539    236.961    7.64232  233.55082    101.460 -9.990e-29
 -9.990e-29 -9.990e-29      2.288      2.270    19.2017    31.8856      7.992     0.3640 1.1147e+01  1022.6017    19.2013    22.5921     7.7496    236.831    7.64239  233.55330    101.403 -9.990e-29
 -9.990e-29 -9.990e-29      2.288      2.270    19.2013    31.8856      7.992     0.3640 1.1147e+01  1022.6020    19.2009    22.5921     7.7543    236.973    7.64271  233.56312    101.460 -9.990e-29
 -9.990e-29 -9.990e-29      2.288      2.270    19.2013    31.8857      7.992     0.3774 1.0979e+01  1022.6023    19.2009    22.5922     7.7550    236.994    7.64320  233.57793    101.463 -9.990e-29
 -9.990e-29 -9.990e-29      2.288      2.270    19.2020    31.8857      7.992     0.3640 1.0735e+01  1022.6019    19.2016    22.5921     7.7512    236.878    7.64376  233.59476    101.405 -9.990e-29
 -9.990e-29 -9.990e-29      2.288      2.270    19.2022    31.8858      7.992     0.3640 1.0674e+01  1022.6017    19.2018    22.5921     7.7559    237.023    7.64419  233.60787    101.462 -9.990e-29
 -9.990e-29 -9.990e-29      2.277      2.259    19.2027    31.8864      7.992     0.3774 1.0573e+01  1022.6020    19.2023    22.5924     7.7559    237.021    7.64441  233.61424    101.458 -9.990e-29
 -9.990e-29 -9.990e-29      2.288      2.270    19.2034    31.8874      7.992     0.3774 1.0367e+01  1022.6030    19.2030    22.5929     7.7560    237.025    7.64444  233.61481    101.460 -9.990e-29
 -9.990e-29 -9.990e-29      2.288      2.270    19.2048    31.8882      7.992     0.3640 1.0297e+01  1022.6035    19.2044    22.5932     7.7561    237.027    7.64440  233.61345    101.461 -9.990e-29
 -9.990e-29 -9.990e-29      2.277      2.259    19.2067    31.8887      7.992     0.3640 1.0182e+01  1022.6029    19.2063    22.5931     7.7561    237.028    7.64434  233.61153    101.462 -9.990e-29
 -9.990e-29 -9.990e-29      2.277      2.259    19.2085    31.8889      7.992     0.3640 9.8056e+00  1022.6027    19.2081    22.5928     7.7561    237.026    7.64422  233.60789    101.463 -9.990e-29
 -9.990e-29 -9.990e-29      2.298      2.280    19.2104    31.8889      7.992     0.3640 9.6959e+00  1022.6027    19.2100    22.5925     7.7514    236.884    7.64407  233.60353    101.404 -9.990e-29
 -9.990e-29 -9.990e-29      2.277      2.259    19.2125    31.8889      7.992     0.3640 9.8056e+00  1022.6021    19.2121    22.5918     7.7557    237.014    7.64413  233.60514    101.459 -9.990e-29
 -9.990e-29 -9.990e-29      2.278      2.261    19.2147    31.8884      7.992     0.3774 1.0479e+01  1022.6006    19.2143    22.5909     7.7556    237.012    7.64405  233.60255    101.459 -9.990e-29
 -9.990e-29 -9.990e-29      2.288      2.270    19.2162    31.8884      7.992     0.4177 1.0808e+01  1022.5998    19.2158    22.5902     7.7558    237.018    7.64382  233.59570    101.465 -9.990e-29
 -9.990e-29 -9.990e-29      2.277      2.259    19.2173    31.8884      7.992     0.4580 1.0778e+01  1022.5998    19.2169    22.5900     7.7555    237.009    7.64351  233.58644    101.465 -9.990e-29
 -9.990e-29 -9.990e-29      2.298      2.280    19.2194    31.8883      7.992     0.4714 1.0362e+01  1022.6003    19.2190    22.5899     7.7555    237.008    7.64348  233.58554    101.465 -9.990e-29
 -9.990e-29 -9.990e-29      2.288      2.270    19.2217    31.8883      7.992     0.4580 1.0148e+01  1022.5994    19.2213    22.5893     7.7556    237.013    7.64366  233.59107    101.465 -9.990e-29
 -9.990e-29 -9.990e-29      2.288      2.270    19.2236    31.8881      7.992     0.4580 1.0120e+01  1022.5982    19.2232    22.5884     7.7560    237.025    7.64367  233.59128    101.470 -9.990e-29
 -9.990e-29 -9.990e-29      2.298      2.280    19.2246    31.8875      7.992     0.4580 9.4860e+00  1022.5977    19.2242    22.5876     7.7561    237.028    7.64339  233.58270    101.475 -9.990e-29
 -9.990e-29 -9.990e-29      2.298      2.280    19.2254    31.8867      7.992     0.4580 9.0841e+00  1022.5971    19.2250    22.5869     7.7559    237.021    7.64280  233.56504    101.480 -9.990e-29
 -9.990e-29 -9.990e-29      2.318      2.300    19.2257    31.8857      7.992     0.4580 9.0077e+00  1022.5960    19.2253    22.5861     7.7561    237.027    7.64262  233.55985    101.485 -9.990e-29
 -9.990e-29 -9.990e-29      2.307      2.289    19.2252    31.8846      7.992     0.4580 9.3432e+00  1022.5953    19.2248    22.5854     7.7562    237.030    7.64274  233.56351    101.484 -9.990e-29
 -9.990e-29 -9.990e-29      2.328      2.310    19.2243    31.8835      7.992     0.4580 9.6098e+00  1022.5950    19.2239    22.5847     7.7565    237.041    7.64274  233.56368    101.489 -9.990e-29
 -9.990e-29 -9.990e-29      2.329      2.311    19.2234    31.8823      7.992     0.4580 9.6534e+00  1022.5940    19.2230    22.5841     7.7565    237.041    7.64278  233.56479    101.488 -9.990e-29
 -9.990e-29 -9.990e-29      2.328      2.310    19.2206    31.8811      7.992     0.4580 8.8972e+00  1022.5937    19.2202    22.5839     7.7563    237.036    7.64268  233.56190    101.487 -9.990e-29
 -9.990e-29 -9.990e-29      2.348      2.330    19.2173    31.8811      7.992     0.4580 8.0629e+00  1022.5940    19.2169    22.5843     7.7567    237.046    7.64270  233.56253    101.491 -9.990e-29
 -9.990e-29 -9.990e-29      2.348      2.330    19.2135    31.8811      7.992     0.4580 7.8614e+00  1022.5954    19.2131    22.5856     7.7568    237.049    7.64287  233.56775    101.490 -9.990e-29
 -9.990e-29 -9.990e-29      2.369      2.351    19.2097    31.8825      7.992     0.4580 8.0315e+00  1022.5979    19.2093    22.5874     7.7567    237.046    7.64289  233.56828    101.489 -9.990e-29
 -9.990e-29 -9.990e-29      2.369      2.351    19.2073    31.8840      7.992     0.4580 8.3306e+00  1022.5998    19.2068    22.5891     7.7567    237.046    7.64302  233.57238    101.487 -9.990e-29
 -9.990e-29 -9.990e-29      2.379      2.360    19.2067    31.8851      7.992     0.4714 8.4012e+00  1022.6009    19.2063    22.5902     7.7568    237.049    7.64324  233.57895    101.486 -9.990e-29
