CalculateIndicators/WaterTemperature/Data/CTD_NYOS/20231004_C14.cnv
* Sea-Bird SBE 9 Data File:
* FileName = C:\Seabird 9 CTD\Data\2023\202309_offshore\20231004_C14.hex
* Software Version Seasave V 7.23.2
* Temperature SN = 4590
* Conductivity SN = 3228
* Number of Bytes Per Scan = 44
* Number of Voltage Words = 5
* Number of Scans Averaged by the Deck Unit = 1
* NMEA Latitude = 40 00.02 N
* NMEA Longitude = 072 32.05 W
* NMEA UTC (Time) = Oct 04 2023  15:16:20
* NMEA baud rate = 4800
** Ship: seawolf
** Station: 9.4
** Operator: TDK
# nquan = 18
# nvalues = 15576                       
# units = specified
# name 0 = latitude: Latitude [deg]
# name 1 = longitude: Longitude [deg]
# name 2 = prDM: Pressure, Digiquartz [db]
# name 3 = depSM: Depth [salt water, m]
# name 4 = t090C: Temperature [ITS-90, deg C]
# name 5 = sal00: Salinity, Practical [PSU]
# name 6 = ph: pH
# name 7 = flECO-AFL: Fluorescence, WET Labs ECO-AFL/FL [mg/m^3]
# name 8 = cpar: CPAR/Corrected Irradiance [%]
# name 9 = density00: Density [density, kg/m^3]
# name 10 = potemp090C: Potential Temperature [ITS-90, deg C]
# name 11 = sigma-é00: Density [sigma-theta, kg/m^3]
# name 12 = sbeox0Mg/L: Oxygen, SBE 43 [mg/l]
# name 13 = sbox0Mm/Kg: Oxygen, SBE 43 [umol/kg]
# name 14 = oxsolMg/L: Oxygen Saturation, Garcia & Gordon [mg/l]
# name 15 = oxsolMm/Kg: Oxygen Saturation, Garcia & Gordon [umol/kg]
# name 16 = sbeox0PS: Oxygen, SBE 43 [% saturation]
# name 17 = flag:  0.000e+00
# span 0 =   40.00032,   40.00192       
# span 1 =  -72.53426,  -72.53276       
# span 2 =      1.991,     60.639       
# span 3 =      1.976,     60.165       
# span 4 =    11.7720,    18.3763       
# span 5 =    32.4182,    32.8712       
# span 6 =      7.642,      8.024       
# span 7 =    -0.1598,     0.8072       
# span 8 = 4.8821e-02, 1.8323e+02       
# span 9 =  1023.4768,  1024.9729       
# span 10 =    11.7645,    18.3758      
# span 11 =    23.4677,    24.7037      
# span 12 =     3.9909,     7.4511      
# span 13 =    121.712,    227.507      
# span 14 =    7.72401,    8.82765      
# span 15 =  235.84294,  269.21984      
# span 16 =     45.211,     96.401      
# span 17 = 0.0000e+00, 0.0000e+00      
# interval = seconds: 0.0416667
# start_time = Oct 04 2023 15:16:21 [System UTC, first data scan.]
# bad_flag = -9.990e-29
*END*
[from data line 5950]
   40.00098  -72.53372     50.839     50.443    14.2729    32.6286 -9.990e-29     0.1357 1.6459e-01  1024.5251    14.2656    24.2999     5.5549    169.474    8.37775  255.59736     66.305 -9.990e-29
   40.00098  -72.53372     50.844     50.448    14.2725    32.6286 -9.990e-29     0.1357 1.6412e-01  1024.5254    14.2653    24.3000     5.5548    169.472    8.37774  255.59717     66.304 -9.990e-29
   40.00098  -72.53372     50.844     50.448    14.2725    32.6288 -9.990e-29     0.1357 1.6398e-01  1024.5254    14.2652    24.3002     5.5548    169.470    8.37773  255.59684     66.304 -9.990e-29
   40.00098  -72.53372     50.844     50.448    14.2724    32.6289 -9.990e-29     0.1357 1.6398e-01  1024.5261    14.2651    24.3004     5.5547    169.468    8.37771  255.59632     66.303 -9.990e-29
   40.00098  -72.53372     50.844     50.448    14.2725    32.6289 -9.990e-29     0.1357 1.6445e-01  1024.5257    14.2653    24.3004     5.5546    169.467    8.37770  255.59578     66.303 -9.990e-29
   40.00098  -72.53372     50.834     50.439    14.2724    32.6289 -9.990e-29     0.1357 1.6445e-01  1024.5257    14.2651    24.3003     5.5545    169.463    8.37761  255.59316     66.302 -9.990e-29
   40.00098  -72.53372     50.844     50.448    14.2728    32.6289 -9.990e-29     0.1357 1.6445e-01  1024.5256    14.2656    24.3003     5.5544    169.460    8.37753  255.59070     66.301 -9.990e-29
   40.00098  -72.53372     50.834     50.439    14.2725    32.6287 -9.990e-29     0.1357 1.6445e-01  1024.5257    14.2653    24.3001     5.5543    169.455    8.37739  255.58624     66.301 -9.990e-29
   40.00098  -72.53372     50.834     50.439    14.2725    32.6282 -9.990e-29     0.1357 1.6445e-01  1024.5250    14.2653    24.2998     5.5541    169.451    8.37726  255.58235     66.300 -9.990e-29
   40.00098  -72.53372     50.848     50.452    14.2722    32.6278 -9.990e-29     0.1357 1.6445e-01  1024.5248    14.2649    24.2995     5.5540    169.446    8.37710  255.57753     66.299 -9.990e-29
   40.00098  -72.53372     50.825     50.429    14.2719    32.6276 -9.990e-29     0.1357 1.6445e-01  1024.5247    14.2647    24.2995     5.5538    169.442    8.37696  255.57335     66.299 -9.990e-29
   40.00098  -72.53372     50.825     50.429    14.2711    32.6276 -9.990e-29     0.1357 1.6431e-01  1024.5247    14.2639    24.2995     5.5486    169.281    8.37685  255.57001     66.237 -9.990e-29
   40.00098  -72.53372     50.834     50.439    14.2707    32.6276 -9.990e-29     0.1357 1.6445e-01  1024.5248    14.2635    24.2996     5.5530    169.418    8.37676  255.56752     66.291 -9.990e-29
   40.00098  -72.53372     50.814     50.418    14.2704    32.6278 -9.990e-29     0.1357 1.6445e-01  1024.5249    14.2631    24.2999     5.5529    169.415    8.37665  255.56407     66.291 -9.990e-29
   40.00098  -72.53372     50.825     50.429    14.2705    32.6285 -9.990e-29     0.1357 1.6479e-01  1024.5260    14.2633    24.3004     5.5529    169.413    8.37659  255.56214     66.290 -9.990e-29
   40.00098  -72.53372     50.804     50.409    14.2712    32.6289 -9.990e-29     0.1357 1.6479e-01  1024.5260    14.2640    24.3006     5.5528    169.410    8.37649  255.55902     66.290 -9.990e-29
   40.00098  -72.53372     50.814     50.418    14.2720    32.6289 -9.990e-29     0.1357 1.6479e-01  1024.5255    14.2647    24.3005     5.5527    169.407    8.37637  255.55530     66.290 -9.990e-29
   40.00098  -72.53372     50.793     50.398    14.2720    32.6289 -9.990e-29     0.1357 1.6479e-01  1024.5257    14.2648    24.3005     5.5531    169.420    8.37621  255.55063     66.296 -9.990e-29
   40.00098  -72.53372     50.804     50.409    14.2725    32.6289 -9.990e-29     0.1357 1.6526e-01  1024.5256    14.2653    24.3004     5.5530    169.417    8.37607  255.54620     66.296 -9.990e-29
   40.00098  -72.53372     50.797     50.402    14.2725    32.6288 -9.990e-29     0.1357 1.6573e-01  1024.5255    14.2653    24.3002     5.5530    169.416    8.37599  255.54377     66.296 -9.990e-29
   40.00098  -72.53372     50.774     50.378    14.2727    32.6284 -9.990e-29     0.1357 1.6573e-01  1024.5248    14.2655    24.2999     5.5528    169.412    8.37580  255.53812     66.296 -9.990e-29
   40.00098  -72.53372     50.783     50.388    14.2728    32.6284 -9.990e-29     0.1357 1.6573e-01  1024.5245    14.2656    24.2997     5.5579    169.566    8.37569  255.53469     66.357 -9.990e-29
   40.00098  -72.53372     50.774     50.378    14.2725    32.6284 -9.990e-29     0.1357 1.6573e-01  1024.5251    14.2653    24.2999     5.5533    169.425    8.37565  255.53343     66.302 -9.990e-29
   40.00098  -72.53372     50.763     50.367    14.2729    32.6287 -9.990e-29     0.1357 1.6621e-01  1024.5252    14.2656    24.3001     5.5537    169.439    8.37549  255.52883     66.309 -9.990e-29
   40.00098  -72.53372     50.753     50.358    14.2734    32.6287 -9.990e-29     0.1357 1.6621e-01  1024.5249    14.2662    24.3002     5.5588    169.594    8.37542  255.52666     66.370 -9.990e-29
   40.00098  -72.53372     50.753     50.358    14.2734    32.6287 -9.990e-29     0.1357 1.6621e-01  1024.5254    14.2661    24.3002     5.5541    169.451    8.37528  255.52260     66.315 -9.990e-29
   40.00098  -72.53372     50.743     50.348    14.2737    32.6284 -9.990e-29     0.1357 1.6669e-01  1024.5250    14.2665    24.2998     5.5489    169.292    8.37520  255.51995     66.254 -9.990e-29
   40.00098  -72.53372     50.725     50.330    14.2732    32.6275 -9.990e-29     0.1357 1.6669e-01  1024.5237    14.2660    24.2992     5.5534    169.430    8.37513  255.51786     66.308 -9.990e-29
   40.00098  -72.53372     50.723     50.328    14.2724    32.6270 -9.990e-29     0.1357 1.6683e-01  1024.5234    14.2651    24.2988     5.5540    169.447    8.37512  255.51775     66.315 -9.990e-29
   40.00098  -72.53372     50.712     50.317    14.2716    32.6270 -9.990e-29     0.1357 1.6683e-01  1024.5234    14.2643    24.2988     5.5539    169.446    8.37502  255.51467     66.316 -9.990e-29
   40.00098  -72.53372     50.702     50.307    14.2705    32.6270 -9.990e-29     0.1357 1.6731e-01  1024.5240    14.2632    24.2992     5.5540    169.447    8.37501  255.51436     66.316 -9.990e-29
   40.00098  -72.53372     50.702     50.307    14.2704    32.6275 -9.990e-29     0.1491 1.6731e-01  1024.5243    14.2631    24.2996     5.5540    169.448    8.37502  255.51493     66.316 -9.990e-29
   40.00098  -72.53372     50.681     50.287    14.2705    32.6281 -9.990e-29     0.1491 1.6779e-01  1024.5250    14.2633    24.3001     5.5540    169.448    8.37501  255.51453     66.317 -9.990e-29
   40.00098  -72.53372     50.681     50.287    14.2711    32.6281 -9.990e-29     0.1491 1.6779e-01  1024.5251    14.2638    24.3003     5.5534    169.431    8.37499  255.51409     66.310 -9.990e-29
   40.00098  -72.53372     50.671     50.277    14.2712    32.6281 -9.990e-29     0.1491 1.6779e-01  1024.5249    14.2640    24.3002     5.5534    169.431    8.37498  255.51368     66.310 -9.990e-29
   40.00098  -72.53372     50.660     50.266    14.2715    32.6278 -9.990e-29     0.1491 1.6779e-01  1024.5246    14.2643    24.2998     5.5483    169.274    8.37498  255.51381     66.249 -9.990e-29
   40.00098  -72.53372     50.655     50.261    14.2712    32.6269 -9.990e-29     0.1491 1.6827e-01  1024.5236    14.2640    24.2992     5.5529    169.414    8.37495  255.51312     66.303 -9.990e-29
   40.00098  -72.53372     50.641     50.247    14.2700    32.6259 -9.990e-29     0.1491 1.6827e-01  1024.5228    14.2628    24.2985     5.5529    169.416    8.37500  255.51446     66.304 -9.990e-29
   40.00098  -72.53372     50.641     50.247    14.2690    32.6253 -9.990e-29     0.1491 1.6827e-01  1024.5224    14.2618    24.2982     5.5530    169.417    8.37504  255.51564     66.304 -9.990e-29
   40.00098  -72.53372     50.620     50.226    14.2679    32.6253 -9.990e-29     0.1491 1.6875e-01  1024.5227    14.2607    24.2983     5.5530    169.419    8.37508  255.51714     66.304 -9.990e-29
   40.00098  -72.53372     50.620     50.226    14.2671    32.6253 -9.990e-29     0.1491 1.6875e-01  1024.5230    14.2599    24.2986     5.5531    169.422    8.37515  255.51922     66.305 -9.990e-29
   40.00098  -72.53372     50.609     50.215    14.2663    32.6254 -9.990e-29     0.1491 1.6875e-01  1024.5233    14.2591    24.2989     5.5532    169.425    8.37526  255.52270     66.305 -9.990e-29
   40.00098  -72.53372     50.600     50.206    14.2658    32.6256 -9.990e-29     0.1491 1.6924e-01  1024.5234    14.2586    24.2991     5.5533    169.428    8.37535  255.52558     66.306 -9.990e-29
   40.00098  -72.53372     50.593     50.199    14.2654    32.6256 -9.990e-29     0.1491 1.6924e-01  1024.5236    14.2582    24.2993     5.5534    169.431    8.37550  255.52994     66.306 -9.990e-29
   40.00098  -72.53372     50.579     50.185    14.2651    32.6256 -9.990e-29     0.1491 1.6924e-01  1024.5235    14.2579    24.2993     5.5535    169.434    8.37557  255.53212     66.306 -9.990e-29
   40.00098  -72.53372     50.579     50.185    14.2649    32.6256 -9.990e-29     0.1491 1.6973e-01  1024.5235    14.2577    24.2994     5.5536    169.437    8.37570  255.53621     66.307 -9.990e-29
   40.00098  -72.53372     50.569     50.176    14.2649    32.6257 -9.990e-29     0.1491 1.6987e-01  1024.5237    14.2577    24.2995     5.5538    169.443    8.37590  255.54243     66.307 -9.990e-29
   40.00098  -72.53372     50.558     50.165    14.2647    32.6259 -9.990e-29     0.1491 1.7021e-01  1024.5238    14.2575    24.2997     5.5540    169.449    8.37614  255.54977     66.307 -9.990e-29
   40.00098  -72.53372     50.558     50.165    14.2647    32.6259 -9.990e-29     0.1491 1.6987e-01  1024.5240    14.2575    24.2998     5.5542    169.454    8.37636  255.55620     66.308 -9.990e-29
   40.00098  -72.53372     50.549     50.155    14.2649    32.6259 -9.990e-29     0.1491 1.7036e-01  1024.5236    14.2577    24.2997     5.5543    169.457    8.37645  255.55861     66.308 -9.990e-29
   40.00098  -72.53372     50.542     50.148    14.2649    32.6260      7.813     0.1491 1.7036e-01  1024.5237    14.2577    24.2996     5.5544    169.460    8.37660  255.56303     66.309 -9.990e-29
   40.00098  -72.53372     50.528     50.135    14.2651    32.6260      7.813     0.1491 1.7036e-01  1024.5235    14.2579    24.2996     5.5546    169.465    8.37674  255.56711     66.309 -9.990e-29
   40.00098  -72.53372     50.528     50.135    14.2651    32.6261      7.813     0.1491 1.7036e-01  1024.5237    14.2579    24.2996     5.5547    169.468    8.37686  255.57076     66.310 -9.990e-29
   40.00098  -72.53372     50.518     50.125    14.2656    32.6264      7.813     0.1491 1.7085e-01  1024.5236    14.2584    24.2998     5.5548    169.473    8.37704  255.57620     66.310 -9.990e-29
   40.00098  -72.53372     50.518     50.125    14.2658    32.6268      7.813     0.1491 1.7085e-01  1024.5242    14.2586    24.3001     5.5550    169.477    8.37720  255.58111     66.311 -9.990e-29
   40.00098  -72.53372     50.507     50.114    14.2666    32.6270      7.813     0.1357 1.7119e-01  1024.5241    14.2594    24.3001     5.5550    169.479    8.37726  255.58294     66.311 -9.990e-29
   40.00098  -72.53372     50.507     50.114    14.2675    32.6270      7.813     0.1357 1.7119e-01  1024.5236    14.2603    24.3000     5.5551    169.482    8.37733  255.58507     66.311 -9.990e-29
   40.00098  -72.53372     50.502     50.109    14.2683    32.6270      7.818     0.1357 1.7169e-01  1024.5236    14.2611    24.2998     5.5552    169.484    8.37740  255.58693     66.312 -9.990e-29
   40.00098  -72.53372     50.488     50.095    14.2692    32.6270      7.818     0.1357 1.7119e-01  1024.5233    14.2620    24.2995     5.5552    169.486    8.37743  255.58785     66.312 -9.990e-29
   40.00098  -72.53372     50.488     50.095    14.2699    32.6269      7.813     0.1357 1.7119e-01  1024.5231    14.2627    24.2993     5.5553    169.487    8.37747  255.58888     66.312 -9.990e-29
   40.00098  -72.53372     50.477     50.084    14.2705    32.6269      7.813     0.1357 1.7119e-01  1024.5227    14.2633    24.2991     5.5548    169.471    8.37749  255.58961     66.306 -9.990e-29
   40.00098  -72.53372     50.488     50.095    14.2711    32.6269      7.813     0.1357 1.7169e-01  1024.5228    14.2638    24.2991     5.5548    169.471    8.37751  255.59009     66.306 -9.990e-29
   40.00098  -72.53372     50.477     50.084    14.2712    32.6272      7.813     0.1357 1.7169e-01  1024.5232    14.2640    24.2992     5.5548    169.471    8.37751  255.58991     66.306 -9.990e-29
   40.00098  -72.53372     50.467     50.074    14.2719    32.6273      7.818     0.1357 1.7169e-01  1024.5228    14.2647    24.2992     5.5548    169.472    8.37752  255.59021     66.306 -9.990e-29
   40.00098  -72.53372     50.481     50.088    14.2725    32.6274      7.813     0.1357 1.7169e-01  1024.5229    14.2653    24.2992     5.5547    169.469    8.37740  255.58632     66.306 -9.990e-29
   40.00098  -72.53372     50.467     50.074    14.2734    32.6276      7.813     0.1357 1.7169e-01  1024.5229    14.2662    24.2991     5.5545    169.463    8.37711  255.57701     66.306 -9.990e-29
   40.00098  -72.53372     50.467     50.074    14.2742    32.6278      7.818     0.1357 1.7169e-01  1024.5227    14.2670    24.2991     5.5544    169.459    8.37688  255.56994     66.306 -9.990e-29
   40.00098  -72.53372     50.467     50.074    14.2746    32.6280      7.813     0.1357 1.7154e-01  1024.5229    14.2674    24.2991     5.5542    169.453    8.37663  255.56232     66.306 -9.990e-29
   40.00098  -72.53372     50.467     50.074    14.2756    32.6280      7.813     0.1357 1.7154e-01  1024.5229    14.2684    24.2991     5.5541    169.451    8.37651  255.55856     66.306 -9.990e-29
   40.00098  -72.53372     50.467     50.074    14.2764    32.6280      7.813     0.1357 1.7203e-01  1024.5225    14.2692    24.2989     5.5540    169.448    8.37636  255.55406     66.306 -9.990e-29
   40.00098  -72.53372     50.456     50.063    14.2766    32.6280      7.813     0.1357 1.7154e-01  1024.5224    14.2694    24.2987     5.5545    169.463    8.37622  255.55009     66.313 -9.990e-29
   40.00098  -72.53372     50.460     50.067    14.2775    32.6280      7.813     0.1357 1.7203e-01  1024.5223    14.2703    24.2986     5.5545    169.461    8.37609  255.54598     66.313 -9.990e-29
   40.00098  -72.53372     50.467     50.074    14.2780    32.6279      7.813     0.1357 1.7203e-01  1024.5221    14.2708    24.2984     5.5544    169.461    8.37601  255.54372     66.314 -9.990e-29
   40.00098  -72.53372     50.456     50.063    14.2789    32.6277      7.813     0.1357 1.7203e-01  1024.5217    14.2717    24.2981     5.5602    169.636    8.37600  255.54358     66.382 -9.990e-29
   40.00098  -72.53372     50.467     50.074    14.2794    32.6276      7.813     0.1357 1.7203e-01  1024.5215    14.2722    24.2979     5.5557    169.499    8.37607  255.54599     66.328 -9.990e-29
   40.00098  -72.53372     50.467     50.074    14.2798    32.6276      7.813     0.1357 1.7189e-01  1024.5214    14.2726    24.2978     5.5552    169.486    8.37624  255.55151     66.321 -9.990e-29
   40.00098  -72.53372     50.456     50.063    14.2798    32.6274      7.813     0.1357 1.7189e-01  1024.5214    14.2726    24.2976     5.5605    169.647    8.37645  255.55813     66.383 -9.990e-29
   40.00098  -72.53372     50.467     50.074    14.2807    32.6270      7.813     0.1357 1.7140e-01  1024.5207    14.2735    24.2972     5.5612    169.668    8.37667  255.56479     66.389 -9.990e-29
   40.00098  -72.53372     50.470     50.077    14.2808    32.6267      7.813     0.1357 1.7189e-01  1024.5207    14.2736    24.2969     5.5618    169.686    8.37678  255.56810     66.396 -9.990e-29
   40.00098  -72.53372     50.477     50.084    14.2809    32.6264      7.813     0.1357 1.7140e-01  1024.5202    14.2736    24.2966     5.5573    169.547    8.37689  255.57140     66.340 -9.990e-29
