CalculateIndicators/WaterTemperature/Data/CTD_NYOS/20230517_C17.cnv
* Sea-Bird SBE 9 Data File:
* FileName = C:\Seabird 9 CTD\Data\2023\202305_offshore\20230517_C17.hex
* Software Version Seasave V 7.23.2
* Temperature SN = 4590
* Conductivity SN = 3228
* Number of Bytes Per Scan = 44
* Number of Voltage Words = 5
* Number of Scans Averaged by the Deck Unit = 1
* NMEA Latitude = 40 40.03 N
* NMEA Longitude = 072 58.42 W
* NMEA UTC (Time) = May 17 2023  03:25:59
* NMEA baud rate = 4800
** Ship: Seawolf
** Station: 9.1
** Operator: TDK
# nquan = 18
# nvalues = 8488                        
# units = specified
# name 0 = latitude: Latitude [deg]
# name 1 = longitude: Longitude [deg]
# name 2 = prDM: Pressure, Digiquartz [db]
# name 3 = depSM: Depth [salt water, m]
# name 4 = t090C: Temperature [ITS-90, deg C]
# name 5 = sal00: Salinity, Practical [PSU]
# name 6 = ph: pH
# name 7 = flECO-AFL: Fluorescence, WET Labs ECO-AFL/FL [mg/m^3]
# name 8 = cpar: CPAR/Corrected Irradiance [%]
# name 9 = density00: Density [density, kg/m^3]
# name 10 = potemp090C: Potential Temperature [ITS-90, deg C]
# name 11 = sigma-é00: Density [sigma-theta, kg/m^3]
# name 12 = sbeox0Mg/L: Oxygen, SBE 43 [mg/l]
# name 13 = sbox0Mm/Kg: Oxygen, SBE 43 [umol/kg]
# name 14 = oxsolMg/L: Oxygen Saturation, Garcia & Gordon [mg/l]
# name 15 = oxsolMm/Kg: Oxygen Saturation, Garcia & Gordon [umol/kg]
# name 16 = sbeox0PS: Oxygen, SBE 43 [% saturation]
# name 17 = flag:  0.000e+00
# span 0 =   40.66716,   40.66796       
# span 1 =  -72.97376,  -72.97246       
# span 2 =      1.268,     13.156       
# span 3 =      1.258,     13.054       
# span 4 =     9.6224,    10.4417       
# span 5 =    31.8768,    32.0196       
# span 6 =      7.930,      7.953       
# span 7 =     1.3310,     1.6399       
# span 8 = 5.0640e-11, 9.9999e+04       
# span 9 =  1024.4354,  1024.7448       
# span 10 =     9.6211,    10.4410      
# span 11 =    24.4466,    24.6860      
# span 12 =     8.4889,     8.7666      
# span 13 =    258.907,    267.421      
# span 14 =    9.11817,    9.27564      
# span 15 =  278.14616,  282.88689      
# span 16 =     91.748,     96.130      
# span 17 = 0.0000e+00, 0.0000e+00      
# interval = seconds: 0.0416667
# start_time = May 17 2023 03:25:58 [System UTC, first data scan.]
# bad_flag = -9.990e-29
*END*
[from data line 6835]
 -9.990e-29  -72.97272      2.098      2.082    10.4260    31.8899      7.952     1.5056 5.0640e-11  1024.4630    10.4258    24.4535     8.7359    266.483    9.12122  278.23815     95.775 -9.990e-29
 -9.990e-29  -72.97272      2.088      2.072    10.4259    31.8898      7.952     1.4922 5.0640e-11  1024.4626    10.4256    24.4533     8.7410    266.640    9.12120  278.23745     95.832 -9.990e-29
 -9.990e-29  -72.97272      2.077      2.061    10.4262    31.8898      7.952     1.4922 5.0640e-11  1024.4626    10.4259    24.4532     8.7412    266.645    9.12118  278.23707     95.834 -9.990e-29
 -9.990e-29  -72.97272      2.068      2.052    10.4262    31.8898      7.952     1.4922 5.0640e-11  1024.4625    10.4259    24.4533     8.7406    266.628    9.12121  278.23789     95.827 -9.990e-29
 -9.990e-29  -72.97272      2.068      2.052    10.4259    31.8900      7.952     1.4922 5.0640e-11  1024.4631    10.4256    24.4535     8.7464    266.805    9.12116  278.23642     95.891 -9.990e-29
 -9.990e-29  -72.97272      2.068      2.052    10.4260    31.8900      7.952     1.4922 5.0640e-11  1024.4627    10.4258    24.4535     8.7359    266.483    9.12117  278.23668     95.776 -9.990e-29
 -9.990e-29  -72.97272      2.058      2.042    10.4259    31.8901      7.952     1.4922 5.0640e-11  1024.4627    10.4256    24.4535     8.7467    266.815    9.12121  278.23795     95.894 -9.990e-29
 -9.990e-29  -72.97272      2.047      2.031    10.4259    31.8901      7.952     1.4922 5.0640e-11  1024.4632    10.4256    24.4536     8.7361    266.492    9.12118  278.23693     95.779 -9.990e-29
 -9.990e-29  -72.97272      2.047      2.031    10.4262    31.8901      7.952     1.4922 5.0640e-11  1024.4627    10.4259    24.4535     8.7413    266.649    9.12122  278.23802     95.835 -9.990e-29
 -9.990e-29  -72.97272      2.047      2.031    10.4259    31.8901      7.952     1.4922 5.0640e-11  1024.4629    10.4256    24.4535     8.7358    266.480    9.12121  278.23795     95.774 -9.990e-29
 -9.990e-29  -72.97272      2.037      2.022    10.4262    31.8901      7.952     1.4922 5.0640e-11  1024.4627    10.4259    24.4535     8.7352    266.464    9.12122  278.23828     95.768 -9.990e-29
 -9.990e-29  -72.97272      2.028      2.012    10.4262    31.8901      7.952     1.4922 5.0640e-11  1024.4626    10.4259    24.4535     8.7404    266.621    9.12121  278.23794     95.825 -9.990e-29
 -9.990e-29  -72.97272      2.028      2.012    10.4260    31.8902      7.952     1.4922 5.0640e-11  1024.4627    10.4258    24.4536     8.7349    266.454    9.12118  278.23719     95.765 -9.990e-29
 -9.990e-29  -72.97272      2.017      2.001    10.4260    31.8903      7.952     1.4922 5.0640e-11  1024.4628    10.4258    24.4537     8.7402    266.614    9.12122  278.23803     95.822 -9.990e-29
 -9.990e-29  -72.97272      2.029      2.014    10.4262    31.8903      7.952     1.5056 5.0640e-11  1024.4629    10.4259    24.4537     8.7347    266.448    9.12122  278.23803     95.762 -9.990e-29
 -9.990e-29  -72.97272      2.017      2.001    10.4262    31.8903      7.952     1.4922 5.0640e-11  1024.4628    10.4259    24.4537     8.7400    266.609    9.12123  278.23856     95.820 -9.990e-29
 -9.990e-29  -72.97272      1.996      1.981    10.4262    31.8901      7.952     1.4922 5.0640e-11  1024.4626    10.4260    24.4536     8.7346    266.444    9.12123  278.23850     95.761 -9.990e-29
 -9.990e-29  -72.97272      2.007      1.992    10.4264    31.8899      7.952     1.5056 5.0640e-11  1024.4623    10.4261    24.4534     8.7349    266.453    9.12120  278.23743     95.765 -9.990e-29
 -9.990e-29  -72.97272      2.007      1.992    10.4264    31.8899      7.952     1.4922 5.0640e-11  1024.4623    10.4261    24.4532     8.7403    266.618    9.12124  278.23884     95.823 -9.990e-29
 -9.990e-29  -72.97272      1.996      1.981    10.4262    31.8899      7.952     1.4922 5.0640e-11  1024.4620    10.4260    24.4532     8.7407    266.631    9.12128  278.24014     95.828 -9.990e-29
 -9.990e-29  -72.97272      1.977      1.962    10.4260    31.8899      7.952     1.4922 5.0640e-11  1024.4623    10.4258    24.4534     8.7411    266.642    9.12124  278.23902     95.832 -9.990e-29
 -9.990e-29  -72.97272      1.987      1.971    10.4260    31.8899      7.952     1.5056 5.0640e-11  1024.4626    10.4258    24.4535     8.7415    266.655    9.12130  278.24051     95.836 -9.990e-29
 -9.990e-29  -72.97272      1.977      1.962    10.4259    31.8899      7.952     1.5325 5.0640e-11  1024.4622    10.4256    24.4534     8.7362    266.494    9.12131  278.24078     95.778 -9.990e-29
 -9.990e-29  -72.97272      1.977      1.962    10.4259    31.8900      7.952     1.5325 5.0640e-11  1024.4624    10.4256    24.4534     8.7359    266.483    9.12125  278.23921     95.775 -9.990e-29
 -9.990e-29  -72.97270      1.966      1.951    10.4260    31.8900      7.952     1.5325 5.0640e-11  1024.4623    10.4258    24.4535     8.7414    266.651    9.12132  278.24109     95.834 -9.990e-29
 -9.990e-29  -72.97270      1.956      1.941    10.4257    31.8900      7.952     1.5325 5.0640e-11  1024.4626    10.4255    24.4536     8.7418    266.664    9.12128  278.24016     95.839 -9.990e-29
 -9.990e-29  -72.97270      1.956      1.941    10.4259    31.8900      7.952     1.5325 5.0640e-11  1024.4623    10.4256    24.4535     8.7367    266.507    9.12139  278.24343     95.782 -9.990e-29
 -9.990e-29  -72.97270      1.947      1.932    10.4259    31.8901      7.952     1.5325 5.0640e-11  1024.4622    10.4256    24.4535     8.7421    266.675    9.12142  278.24416     95.842 -9.990e-29
 -9.990e-29  -72.97270      1.936      1.921    10.4257    31.8901      7.952     1.5459 5.0640e-11  1024.4623    10.4255    24.4536     8.7427    266.691    9.12148  278.24578     95.847 -9.990e-29
 -9.990e-29  -72.97270      1.936      1.921    10.4257    31.8902      7.952     1.5325 5.0640e-11  1024.4625    10.4255    24.4536     8.7431    266.703    9.12139  278.24325     95.853 -9.990e-29
 -9.990e-29  -72.97270      1.926      1.911    10.4257    31.8902      7.952     1.5325 5.0640e-11  1024.4622    10.4255    24.4537     8.7435    266.716    9.12132  278.24105     95.858 -9.990e-29
 -9.990e-29  -72.97270      1.915      1.900    10.4255    31.8902      7.952     1.5325 5.0640e-11  1024.4625    10.4253    24.4537     8.7433    266.709    9.12137  278.24278     95.855 -9.990e-29
 -9.990e-29  -72.97270      1.915      1.900    10.4257    31.8902      7.952     1.5459 5.0640e-11  1024.4623    10.4255    24.4537     8.7438    266.726    9.12145  278.24529     95.860 -9.990e-29
 -9.990e-29  -72.97270      1.896      1.881    10.4255    31.8901      7.952     1.5325 5.0640e-11  1024.4624    10.4253    24.4536     8.7442    266.738    9.12142  278.24417     95.865 -9.990e-29
 -9.990e-29  -72.97270      1.906      1.891    10.4258    31.8901      7.952     1.5325 5.0640e-11  1024.4619    10.4256    24.4535     8.7447    266.753    9.12145  278.24509     95.870 -9.990e-29
 -9.990e-29  -72.97270      1.885      1.870    10.4257    31.8901      7.952     1.5325 5.0640e-11  1024.4621    10.4255    24.4535     8.7451    266.764    9.12135  278.24225     95.875 -9.990e-29
 -9.990e-29  -72.97270      1.885      1.870    10.4259    31.8901      7.952     1.5325 5.0640e-11  1024.4619    10.4256    24.4535     8.7391    266.581    9.12132  278.24115     95.809 -9.990e-29
 -9.990e-29  -72.97270      1.875      1.861    10.4257    31.8902      7.952     1.5325 5.0640e-11  1024.4622    10.4255    24.4536     8.7437    266.722    9.12130  278.24052     95.860 -9.990e-29
 -9.990e-29  -72.97270      1.875      1.861    10.4260    31.8902      7.952     1.5325 5.0640e-11  1024.4620    10.4258    24.4536     8.7442    266.736    9.12133  278.24143     95.865 -9.990e-29
 -9.990e-29  -72.97270      1.866      1.851    10.4257    31.8902      7.952     1.5325 5.0640e-11  1024.4621    10.4255    24.4536     8.7446    266.749    9.12133  278.24163     95.869 -9.990e-29
 -9.990e-29  -72.97270      1.855      1.840    10.4257    31.8902      7.952     1.5325 5.0640e-11  1024.4621    10.4255    24.4536     8.7451    266.765    9.12145  278.24540     95.874 -9.990e-29
 -9.990e-29  -72.97270      1.855      1.840    10.4259    31.8902      7.952     1.5325 5.0640e-11  1024.4618    10.4257    24.4536     8.7342    266.432    9.12151  278.24713     95.754 -9.990e-29
 -9.990e-29  -72.97270      1.836      1.821    10.4257    31.8902      7.952     1.5325 5.0640e-11  1024.4622    10.4255    24.4537     8.7446    266.750    9.12151  278.24709     95.868 -9.990e-29
 -9.990e-29  -72.97270      1.845      1.831    10.4257    31.8902      7.952     1.5325 5.0640e-11  1024.4620    10.4255    24.4537     8.7393    266.588    9.12148  278.24588     95.810 -9.990e-29
 -9.990e-29  -72.97270      1.825      1.810    10.4260    31.8902      7.952     1.5325 5.0640e-11  1024.4617    10.4258    24.4535     8.7333    266.406    9.12142  278.24430     95.745 -9.990e-29
 -9.990e-29  -72.97270      1.836      1.821    10.4260    31.8902      7.952     1.5325 5.0640e-11  1024.4617    10.4258    24.4535     8.7373    266.528    9.12137  278.24266     95.790 -9.990e-29
 -9.990e-29  -72.97270      1.815      1.801    10.4260    31.8902      7.952     1.5325 5.0640e-11  1024.4619    10.4258    24.4536     8.7428    266.696    9.12136  278.24215     95.850 -9.990e-29
 -9.990e-29  -72.97270      1.825      1.810    10.4260    31.8902      7.952     1.5190 5.0640e-11  1024.4618    10.4258    24.4536     8.7369    266.514    9.12131  278.24076     95.786 -9.990e-29
 -9.990e-29  -72.97272      1.804      1.790    10.4259    31.8902      7.952     1.5190 5.0640e-11  1024.4618    10.4257    24.4536     8.7424    266.682    9.12129  278.24018     95.846 -9.990e-29
 -9.990e-29  -72.97272      1.804      1.790    10.4260    31.8902      7.952     1.5325 1.4377e-01  1024.4617    10.4258    24.4536     8.7365    266.502    9.12128  278.23993     95.781 -9.990e-29
 -9.990e-29  -72.97272      1.804      1.790    10.4260    31.8902      7.952     1.5325 1.0660e+00  1024.4619    10.4258    24.4536     8.7307    266.324    9.12134  278.24190     95.717 -9.990e-29
 -9.990e-29  -72.97272      1.794      1.780    10.4259    31.8902      7.952     1.5190 1.5103e+00  1024.4619    10.4257    24.4536     8.7299    266.300    9.12137  278.24280     95.708 -9.990e-29
 -9.990e-29  -72.97272      1.794      1.780    10.4264    31.8899      7.952     1.5190 7.2477e-01  1024.4612    10.4262    24.4534     8.7291    266.277    9.12141  278.24395     95.699 -9.990e-29
 -9.990e-29  -72.97272      1.794      1.780    10.4262    31.8899      7.952     1.5190 2.4346e-02  1024.4615    10.4260    24.4534     8.7291    266.277    9.12137  278.24292     95.699 -9.990e-29
 -9.990e-29  -72.97272      1.794      1.780    10.4260    31.8899      7.952     1.5190 5.0640e-11  1024.4615    10.4258    24.4534     8.7277    266.235    9.12140  278.24356     95.684 -9.990e-29
 -9.990e-29  -72.97272      1.794      1.780    10.4262    31.8900      7.952     1.5325 5.0640e-11  1024.4614    10.4260    24.4535     8.7394    266.590    9.12149  278.24642     95.811 -9.990e-29
 -9.990e-29  -72.97272      1.794      1.780    10.4259    31.8900      7.952     1.5325 5.0640e-11  1024.4618    10.4257    24.4535     8.7338    266.419    9.12146  278.24565     95.750 -9.990e-29
 -9.990e-29  -72.97272      1.794      1.780    10.4260    31.8900      7.952     1.5190 5.0640e-11  1024.4615    10.4258    24.4535     8.7283    266.253    9.12157  278.24846     95.689 -9.990e-29
 -9.990e-29  -72.97272      1.804      1.790    10.4259    31.8899      7.952     1.5190 8.3641e-02  1024.4617    10.4257    24.4534     8.7270    266.211    9.12150  278.24648     95.675 -9.990e-29
 -9.990e-29  -72.97272      1.794      1.780    10.4262    31.8899      7.952     1.5190 2.4177e-01  1024.4610    10.4260    24.4532     8.7257    266.172    9.12145  278.24501     95.661 -9.990e-29
 -9.990e-29  -72.97272      1.804      1.790    10.4262    31.8899      7.952     1.5325 2.7908e-01  1024.4614    10.4260    24.4533     8.7138    265.809    9.12140  278.24335     95.531 -9.990e-29
 -9.990e-29  -72.97272      1.815      1.801    10.4259    31.8901      7.952     1.5325 7.3854e-01  1024.4619    10.4257    24.4535     8.7169    265.904    9.12137  278.24264     95.565 -9.990e-29
 -9.990e-29  -72.97272      1.815      1.801    10.4259    31.8902      7.952     1.5190 1.8385e+00  1024.4619    10.4257    24.4536     8.7215    266.045    9.12132  278.24134     95.617 -9.990e-29
 -9.990e-29  -72.97272      1.836      1.821    10.4259    31.8902      7.952     1.5325 2.2395e+00  1024.4618    10.4257    24.4536     8.7205    266.015    9.12133  278.24147     95.606 -9.990e-29
 -9.990e-29  -72.97272      1.845      1.831    10.4258    31.8902      7.952     1.5190 -9.990e-29  1024.4620    10.4256    24.4537     8.7203    266.008    9.12130  278.24060     95.603 -9.990e-29
   40.66784 -9.990e-29      1.855      1.840    10.4259    31.8902 -9.990e-29     1.5190 2.7445e+00  1024.4623    10.4257    24.4537     8.7194    265.980    9.12129  278.24034     95.594 -9.990e-29
   40.66784 -9.990e-29      1.875      1.861    10.4259    31.8901 -9.990e-29     1.5190 2.9017e+00  1024.4618    10.4256    24.4535     8.7071    265.606    9.12127  278.23982     95.459 -9.990e-29
   40.66784 -9.990e-29      1.906      1.891    10.4257    31.8901 -9.990e-29     1.5325 2.8819e+00  1024.4619    10.4255    24.4534     8.7114    265.736    9.12131  278.24088     95.506 -9.990e-29
   40.66784 -9.990e-29      1.936      1.921    10.4259    31.8901 -9.990e-29     1.5190 2.7445e+00  1024.4621    10.4256    24.4535     8.7163    265.888    9.12126  278.23927     95.561 -9.990e-29
   40.66784 -9.990e-29      1.956      1.941    10.4254    31.8900 -9.990e-29     1.5190 2.6865e+00  1024.4628    10.4251    24.4537     8.7165    265.892    9.12128  278.23988     95.562 -9.990e-29
   40.66784 -9.990e-29      1.977      1.962    10.4254    31.8900 -9.990e-29     1.5056 2.7445e+00  1024.4628    10.4251    24.4537     8.7052    265.547    9.12120  278.23743     95.439 -9.990e-29
   40.66784 -9.990e-29      2.017      2.001    10.4259    31.8900 -9.990e-29     1.5056 3.8546e+00  1024.4623    10.4256    24.4535     8.7089    265.660    9.12112  278.23506     95.481 -9.990e-29
   40.66784 -9.990e-29      2.047      2.031    10.4254    31.8900 -9.990e-29     1.4922 4.5603e+00  1024.4630    10.4251    24.4535     8.7134    265.799    9.12107  278.23369     95.531 -9.990e-29
   40.66784 -9.990e-29      2.077      2.061    10.4257    31.8900 -9.990e-29     1.4922 4.6342e+00  1024.4627    10.4254    24.4534     8.7138    265.809    9.12102  278.23202     95.535 -9.990e-29
   40.66784 -9.990e-29      2.108      2.091    10.4252    31.8900 -9.990e-29     1.4922 4.8851e+00  1024.4628    10.4249    24.4535     8.7142    265.821    9.12099  278.23103     95.540 -9.990e-29
   40.66784 -9.990e-29      2.139      2.123    10.4249    31.8902 -9.990e-29     1.4922 5.0909e+00  1024.4635    10.4246    24.4538     8.7025    265.467    9.12102  278.23195     95.412 -9.990e-29
   40.66784 -9.990e-29      2.171      2.154    10.4244    31.8902 -9.990e-29     1.4922 5.1431e+00  1024.4642    10.4241    24.4540     8.7074    265.615    9.12102  278.23213     95.465 -9.990e-29
   40.66784 -9.990e-29      2.200      2.183    10.4250    31.8902 -9.990e-29     1.4922 4.0833e+00  1024.4637    10.4248    24.4540     8.7130    265.787    9.12099  278.23145     95.527 -9.990e-29
   40.66784 -9.990e-29      2.230      2.213    10.4253    31.8902 -9.990e-29     1.4922 3.1647e+00  1024.4640    10.4251    24.4538     8.7138    265.811    9.12103  278.23240     95.536 -9.990e-29
