CalculateIndicators/WaterTemperature/Data/CTD_NYOS/20231003_C04.cnv
* Sea-Bird SBE 9 Data File:
* FileName = C:\Seabird 9 CTD\Data\2023\202309_offshore\20231003_C04.hex
* Software Version Seasave V 7.23.2
* Temperature SN = 4590
* Conductivity SN = 3228
* Number of Bytes Per Scan = 44
* Number of Voltage Words = 5
* Number of Scans Averaged by the Deck Unit = 1
* NMEA Latitude = 40 04.65 N
* NMEA Longitude = 073 04.76 W
* NMEA UTC (Time) = Oct 03 2023  12:09:57
* NMEA baud rate = 4800
** Ship: seawolf
** Station: 8.3
** Operator: TDK
# nquan = 18
# nvalues = 12579                       
# units = specified
# name 0 = latitude: Latitude [deg]
# name 1 = longitude: Longitude [deg]
# name 2 = prDM: Pressure, Digiquartz [db]
# name 3 = depSM: Depth [salt water, m]
# name 4 = t090C: Temperature [ITS-90, deg C]
# name 5 = sal00: Salinity, Practical [PSU]
# name 6 = ph: pH
# name 7 = flECO-AFL: Fluorescence, WET Labs ECO-AFL/FL [mg/m^3]
# name 8 = cpar: CPAR/Corrected Irradiance [%]
# name 9 = density00: Density [density, kg/m^3]
# name 10 = potemp090C: Potential Temperature [ITS-90, deg C]
# name 11 = sigma-é00: Density [sigma-theta, kg/m^3]
# name 12 = sbeox0Mg/L: Oxygen, SBE 43 [mg/l]
# name 13 = sbox0Mm/Kg: Oxygen, SBE 43 [umol/kg]
# name 14 = oxsolMg/L: Oxygen Saturation, Garcia & Gordon [mg/l]
# name 15 = oxsolMm/Kg: Oxygen Saturation, Garcia & Gordon [umol/kg]
# name 16 = sbeox0PS: Oxygen, SBE 43 [% saturation]
# name 17 = flag:  0.000e+00
# span 0 =   40.07734,   40.07752       
# span 1 =  -73.08164,  -73.07942       
# span 2 =      1.920,     38.850       
# span 3 =      1.906,     38.549       
# span 4 =    17.2696,    17.9045       
# span 5 =    31.9694,    32.3193       
# span 6 =      7.966,      7.997       
# span 7 =     0.0551,     0.7669       
# span 8 = 7.6245e-02, 4.6977e+00       
# span 9 =  1023.0662,  1023.5014       
# span 10 =    17.2642,    17.9042      
# span 11 =    23.0585,    23.3285      
# span 12 =     6.8947,     7.3540      
# span 13 =    210.564,    224.633      
# span 14 =    7.82554,    7.92440      
# span 15 =  239.03840,  242.03571      
# span 16 =     87.370,     93.963      
# span 17 = 0.0000e+00, 0.0000e+00      
# interval = seconds: 0.0416667
# start_time = Oct 03 2023 12:09:59 [System UTC, first data scan.]
# bad_flag = -9.990e-29
*END*
[from data line 805]
   40.07750 -9.990e-29     11.736     11.646    17.8745    32.0899      7.992     0.4043 1.2154e+00  1023.1273    17.8725    23.0755     7.1877    219.555    7.83100  239.20339     91.786 0.0000e+00
   40.07750 -9.990e-29     11.747     11.657    17.8745    32.0890      7.992     0.4043 1.2222e+00  1023.1259    17.8726    23.0748     7.1891    219.595    7.83119  239.20903     91.800 0.0000e+00
   40.07750 -9.990e-29     11.777     11.687    17.8747    32.0883      7.992     0.4043 1.2257e+00  1023.1253    17.8727    23.0742     7.1900    219.624    7.83136  239.21402     91.810 0.0000e+00
   40.07750 -9.990e-29     11.791     11.700    17.8743    32.0881      7.992     0.4043 1.2257e+00  1023.1258    17.8723    23.0741     7.1909    219.651    7.83138  239.21412     91.822 0.0000e+00
   40.07750 -9.990e-29     11.808     11.717    17.8740    32.0880      7.992     0.4177 1.2396e+00  1023.1258    17.8721    23.0741     7.1919    219.679    7.83136  239.21317     91.834 0.0000e+00
   40.07750 -9.990e-29     11.838     11.747    17.8737    32.0877      7.992     0.4311 1.2502e+00  1023.1257    17.8717    23.0739     7.1929    219.711    7.83132  239.21210     91.848 0.0000e+00
   40.07750 -9.990e-29     11.847     11.756    17.8735    32.0874      7.992     0.4311 1.2502e+00  1023.1255    17.8715    23.0737     7.1940    219.743    7.83121  239.20811     91.863 0.0000e+00
   40.07750 -9.990e-29     11.868     11.777    17.8730    32.0873      7.992     0.4311 1.2644e+00  1023.1255    17.8710    23.0737     7.1950    219.774    7.83101  239.20105     91.879 0.0000e+00
   40.07750 -9.990e-29     11.902     11.811    17.8726    32.0873      7.992     0.4311 1.2751e+00  1023.1258    17.8707    23.0738     7.1956    219.793    7.83070  239.19164     91.890 0.0000e+00
   40.07750 -9.990e-29     11.919     11.827    17.8722    32.0873      7.992     0.4311 1.2787e+00  1023.1261    17.8703    23.0739     7.1964    219.818    7.83053  239.18702     91.902 0.0000e+00
   40.07750 -9.990e-29     11.940     11.848    17.8718    32.0875      7.992     0.4311 1.2913e+00  1023.1261    17.8698    23.0742     7.1968    219.828    7.83030  239.17977     91.909 0.0000e+00
   40.07750 -9.990e-29     11.949     11.857    17.8714    32.0881      7.992     0.4311 1.3022e+00  1023.1269    17.8694    23.0748     7.1925    219.698    7.83006  239.17216     91.858 0.0000e+00
   40.07750 -9.990e-29     11.984     11.891    17.8712    32.0892      7.992     0.4311 1.3059e+00  1023.1279    17.8692    23.0757     7.1973    219.844    7.82988  239.16735     91.921 0.0000e+00
   40.07750 -9.990e-29     12.000     11.908    17.8711    32.0904      7.992     0.4177 1.3150e+00  1023.1293    17.8691    23.0766     7.1981    219.871    7.82997  239.17110     91.930 0.0000e+00
   40.07750 -9.990e-29     12.021     11.928    17.8714    32.0907      7.992     0.4311 1.3262e+00  1023.1302    17.8694    23.0772     7.1992    219.905    7.83026  239.18089     91.941 0.0000e+00
   40.07750 -9.990e-29     12.045     11.953    17.8719    32.0907      7.992     0.4311 1.3299e+00  1023.1300    17.8699    23.0771     7.2003    219.939    7.83054  239.18993     91.952 0.0000e+00
   40.07750 -9.990e-29     12.061     11.968    17.8723    32.0907      7.992     0.4311 1.3354e+00  1023.1293    17.8703    23.0765     7.2016    219.978    7.83092  239.20162     91.964 0.0000e+00
   40.07750 -9.990e-29     12.081     11.988    17.8728    32.0900      7.992     0.4311 1.3468e+00  1023.1286    17.8708    23.0759     7.2075    220.157    7.83114  239.20757     92.036 0.0000e+00
   40.07750 -9.990e-29     12.111     12.018    17.8728    32.0895      7.992     0.4177 1.3506e+00  1023.1283    17.8707    23.0754     7.2038    220.045    7.83117  239.20782     91.989 0.0000e+00
   40.07750 -9.990e-29     12.116     12.022    17.8733    32.0891      7.992     0.4311 1.3506e+00  1023.1280    17.8713    23.0751     7.2044    220.062    7.83115  239.20673     91.996 0.0000e+00
   40.07750 -9.990e-29     12.162     12.069    17.8730    32.0887      7.988     0.4311 1.3638e+00  1023.1281    17.8709    23.0749     7.2002    219.933    7.83100  239.20177     91.945 -9.990e-29
   40.07750 -9.990e-29     12.162     12.069    17.8729    32.0885      7.992     0.4311 1.3677e+00  1023.1277    17.8709    23.0746     7.2049    220.078    7.83079  239.19485     92.008 -9.990e-29
   40.07750 -9.990e-29     12.193     12.099    17.8728    32.0885      7.992     0.4311 1.3677e+00  1023.1277    17.8708    23.0745     7.2057    220.102    7.83086  239.19781     92.017 0.0000e+00
   40.07750 -9.990e-29     12.217     12.123    17.8726    32.0885      7.992     0.4311 1.3850e+00  1023.1282    17.8706    23.0747     7.2067    220.134    7.83114  239.20754     92.027 0.0000e+00
   40.07750 -9.990e-29     12.243     12.149    17.8724    32.0887      7.992     0.4311 1.3928e+00  1023.1288    17.8704    23.0750     7.2073    220.151    7.83139  239.21505     92.031 0.0000e+00
   40.07750 -9.990e-29     12.253     12.159    17.8725    32.0887      7.992     0.4311 1.3928e+00  1023.1284    17.8704    23.0750     7.2081    220.176    7.83137  239.21386     92.041 0.0000e+00
   40.07750 -9.990e-29     12.278     12.183    17.8723    32.0887      7.988     0.4311 1.4166e+00  1023.1286    17.8702    23.0750     7.2084    220.185    7.83131  239.21172     92.046 0.0000e+00
   40.07750 -9.990e-29     12.304     12.209    17.8722    32.0887      7.992     0.4177 1.4386e+00  1023.1293    17.8702    23.0750     7.2088    220.196    7.83125  239.20982     92.052 0.0000e+00
   40.07750 -9.990e-29     12.325     12.230    17.8721    32.0882      7.992     0.3774 1.4386e+00  1023.1286    17.8701    23.0747     7.2092    220.209    7.83124  239.20978     92.057 0.0000e+00
   40.07750 -9.990e-29     12.345     12.250    17.8720    32.0875      7.992     0.3505 1.4673e+00  1023.1281    17.8699    23.0742     7.2097    220.225    7.83131  239.21155     92.063 0.0000e+00
   40.07748 -9.990e-29     12.369     12.273    17.8719    32.0875      7.992     0.3371 1.4985e+00  1023.1278    17.8698    23.0739     7.2103    220.242    7.83140  239.21478     92.069 0.0000e+00
   40.07748 -9.990e-29     12.385     12.290    17.8714    32.0875      7.992     0.3505 1.5069e+00  1023.1276    17.8694    23.0740     7.2104    220.247    7.83154  239.21928     92.069 0.0000e+00
   40.07748 -9.990e-29     12.426     12.331    17.8707    32.0882      7.992     0.3505 1.5327e+00  1023.1289    17.8687    23.0750     7.2106    220.251    7.83167  239.22311     92.069 0.0000e+00
   40.07748 -9.990e-29     12.430     12.335    17.8703    32.0906      7.992     0.3505 1.5741e+00  1023.1311    17.8683    23.0769     7.2154    220.397    7.83176  239.22569     92.129 0.0000e+00
   40.07748 -9.990e-29     12.477     12.381    17.8704    32.0933      7.992     0.3505 1.5830e+00  1023.1342    17.8683    23.0790     7.2112    220.269    7.83178  239.22632     92.075 -9.990e-29
   40.07748 -9.990e-29     12.477     12.381    17.8711    32.0933      7.992     0.3505 1.6055e+00  1023.1356    17.8690    23.0796     7.2112    220.271    7.83186  239.22838     92.076 -9.990e-29
   40.07748 -9.990e-29     12.510     12.414    17.8728    32.0933      7.992     0.3371 1.6489e+00  1023.1336    17.8707    23.0784     7.2113    220.272    7.83188  239.22905     92.076 0.0000e+00
   40.07748 -9.990e-29     12.527     12.430    17.8740    32.0908      7.992     0.3371 1.6582e+00  1023.1308    17.8719    23.0763     7.2114    220.275    7.83198  239.23227     92.076 0.0000e+00
   40.07748 -9.990e-29     12.568     12.471    17.8744    32.0885      7.992     0.3505 1.6676e+00  1023.1289    17.8723    23.0744     7.2161    220.420    7.83202  239.23343     92.136 0.0000e+00
   40.07748 -9.990e-29     12.572     12.475    17.8742    32.0881      7.992     0.3505 1.6961e+00  1023.1277    17.8721    23.0734     7.2119    220.293    7.83212  239.23660     92.081 0.0000e+00
   40.07748 -9.990e-29     12.619     12.522    17.8736    32.0881      7.992     0.3505 1.7079e+00  1023.1283    17.8715    23.0736     7.2120    220.294    7.83219  239.23877     92.081 -9.990e-29
   40.07748 -9.990e-29     12.619     12.522    17.8732    32.0881      7.992     0.3371 1.7176e+00  1023.1298    17.8711    23.0744     7.2120    220.296    7.83227  239.24111     92.081 -9.990e-29
   40.07748 -9.990e-29     12.663     12.565    17.8728    32.0881      7.992     0.3505 1.7518e+00  1023.1305    17.8707    23.0749     7.2121    220.298    7.83234  239.24329     92.081 0.0000e+00
   40.07748 -9.990e-29     12.679     12.582    17.8728    32.0881      7.992     0.3505 1.7667e+00  1023.1306    17.8707    23.0750     7.2126    220.313    7.83240  239.24511     92.087 0.0000e+00
   40.07748 -9.990e-29     12.710     12.612    17.8728    32.0878      7.992     0.3505 1.7767e+00  1023.1307    17.8707    23.0743     7.2080    220.173    7.83249  239.24768     92.027 0.0000e+00
   40.07748 -9.990e-29     12.723     12.625    17.8726    32.0855      7.992     0.3505 1.8402e+00  1023.1284    17.8705    23.0726     7.2077    220.162    7.83256  239.24981     92.022 0.0000e+00
   40.07748 -9.990e-29     12.761     12.662    17.8722    32.0830      7.988     0.3505 1.8769e+00  1023.1256    17.8701    23.0708     7.2073    220.150    7.83256  239.24971     92.017 0.0000e+00
   40.07748 -9.990e-29     12.781     12.683    17.8707    32.0830      7.992     0.3505 1.8822e+00  1023.1254    17.8686    23.0702     7.2069    220.138    7.83256  239.24954     92.012 0.0000e+00
   40.07748 -9.990e-29     12.805     12.706    17.8690    32.0830      7.992     0.3505 1.9635e+00  1023.1269    17.8669    23.0709     7.2066    220.129    7.83261  239.25133     92.007 0.0000e+00
   40.07748 -9.990e-29     12.842     12.743    17.8676    32.0831      7.992     0.3505 2.0139e+00  1023.1278    17.8654    23.0719     7.2063    220.120    7.83266  239.25302     92.003 0.0000e+00
   40.07748 -9.990e-29     12.862     12.763    17.8660    32.0844      7.992     0.3505 2.0253e+00  1023.1291    17.8639    23.0732     7.2060    220.110    7.83267  239.25297     91.999 0.0000e+00
   40.07748 -9.990e-29     12.886     12.786    17.8650    32.0864      7.992     0.3505 2.0657e+00  1023.1316    17.8629    23.0750     7.2057    220.101    7.83266  239.25249     91.995 0.0000e+00
   40.07748 -9.990e-29     12.913     12.814    17.8645    32.0881      7.992     0.3640 2.1128e+00  1023.1335    17.8623    23.0764     7.2006    219.946    7.83258  239.25006     91.932 0.0000e+00
   40.07748 -9.990e-29     12.946     12.846    17.8648    32.0897      7.992     0.3774 2.1188e+00  1023.1333    17.8627    23.0776     7.1999    219.924    7.83252  239.24810     91.923 0.0000e+00
   40.07750 -9.990e-29     12.974     12.874    17.8645    32.0921      7.992     0.3774 2.1368e+00  1023.1361    17.8623    23.0795     7.1992    219.903    7.83248  239.24705     91.914 0.0000e+00
   40.07750 -9.990e-29     12.994     12.894    17.8647    32.0947      7.988     0.3774 2.1549e+00  1023.1391    17.8625    23.0813     7.1986    219.884    7.83246  239.24668     91.907 0.0000e+00
   40.07750 -9.990e-29     13.027     12.927    17.8664    32.0955      7.992     0.3774 2.1582e+00  1023.1397    17.8642    23.0818     7.1980    219.868    7.83255  239.24955     91.899 0.0000e+00
   40.07750 -9.990e-29     13.055     12.954    17.8682    32.0957      7.992     0.3774 2.1704e+00  1023.1378    17.8660    23.0813     7.1975    219.853    7.83260  239.25109     91.892 0.0000e+00
   40.07750 -9.990e-29     13.075     12.975    17.8695    32.0957      7.992     0.3774 2.1888e+00  1023.1380    17.8673    23.0811     7.1923    219.693    7.83256  239.24960     91.826 0.0000e+00
   40.07750 -9.990e-29     13.108     13.008    17.8705    32.0955      7.988     0.3774 2.1950e+00  1023.1395    17.8683    23.0808     7.1913    219.663    7.83246  239.24606     91.815 0.0000e+00
   40.07750 -9.990e-29     13.136     13.035    17.8725    32.0935      7.992     0.3774 2.2074e+00  1023.1371    17.8703    23.0787     7.1899    219.619    7.83233  239.24216     91.798 0.0000e+00
   40.07750 -9.990e-29     13.169     13.068    17.8737    32.0892      7.992     0.3640 2.2387e+00  1023.1326    17.8715    23.0753     7.1891    219.595    7.83231  239.24182     91.788 0.0000e+00
   40.07750 -9.990e-29     13.207     13.106    17.8735    32.0849      7.992     0.3774 2.2485e+00  1023.1288    17.8713    23.0720     7.1884    219.573    7.83235  239.24346     91.778 0.0000e+00
   40.07750 -9.990e-29     13.227     13.125    17.8723    32.0834      7.992     0.3774 2.2548e+00  1023.1273    17.8701    23.0701     7.1878    219.555    7.83245  239.24671     91.769 0.0000e+00
   40.07750 -9.990e-29     13.261     13.159    17.8704    32.0834      7.992     0.3774 2.2740e+00  1023.1265    17.8682    23.0700     7.1920    219.683    7.83259  239.25110     91.821 0.0000e+00
   40.07750 -9.990e-29     13.289     13.186    17.8679    32.0834      7.988     0.3640 2.2839e+00  1023.1296    17.8657    23.0720     7.1919    219.679    7.83265  239.25278     91.819 0.0000e+00
   40.07750 -9.990e-29     13.322     13.219    17.8663    32.0865      7.992     0.3774 2.2839e+00  1023.1336    17.8640    23.0747     7.1876    219.548    7.83271  239.25437     91.763 0.0000e+00
   40.07750 -9.990e-29     13.349     13.246    17.8657    32.0892      7.992     0.3640 2.2681e+00  1023.1355    17.8635    23.0769     7.1872    219.536    7.83280  239.25721     91.757 0.0000e+00
   40.07750 -9.990e-29     13.379     13.276    17.8660    32.0892      7.988     0.3774 2.2681e+00  1023.1372    17.8638    23.0785     7.1869    219.528    7.83298  239.26314     91.752 0.0000e+00
   40.07750 -9.990e-29     13.412     13.309    17.8666    32.0892      7.992     0.3774 2.2681e+00  1023.1394    17.8643    23.0787     7.1908    219.648    7.83310  239.26691     91.801 0.0000e+00
   40.07750 -9.990e-29     13.430     13.327    17.8674    32.0890      7.988     0.3774 2.2209e+00  1023.1360    17.8652    23.0765     7.1864    219.512    7.83327  239.27176     91.742 0.0000e+00
   40.07750 -9.990e-29     13.474     13.371    17.8680    32.0858      7.988     0.3774 2.2022e+00  1023.1304    17.8657    23.0737     7.1908    219.646    7.83329  239.27222     91.798 0.0000e+00
   40.07750 -9.990e-29     13.491     13.387    17.8662    32.0858      7.988     0.3774 2.1932e+00  1023.1310    17.8640    23.0731     7.1910    219.651    7.83330  239.27228     91.800 0.0000e+00
   40.07750 -9.990e-29     13.535     13.431    17.8652    32.0858      7.988     0.3774 2.1443e+00  1023.1342    17.8629    23.0745     7.1864    219.512    7.83321  239.26915     91.743 0.0000e+00
   40.07750 -9.990e-29     13.551     13.447    17.8652    32.0873      7.988     0.3774 2.1083e+00  1023.1353    17.8629    23.0757     7.1861    219.503    7.83311  239.26583     91.740 0.0000e+00
   40.07750 -9.990e-29     13.595     13.491    17.8654    32.0876      7.988     0.3774 2.0997e+00  1023.1360    17.8631    23.0762     7.1906    219.641    7.83305  239.26423     91.798 0.0000e+00
   40.07750 -9.990e-29     13.623     13.518    17.8655    32.0876      7.988     0.3640 2.0587e+00  1023.1357    17.8632    23.0762     7.1864    219.511    7.83314  239.26772     91.743 0.0000e+00
   40.07750 -9.990e-29     13.643     13.538    17.8650    32.0876      7.988     0.3505 2.0159e+00  1023.1362    17.8628    23.0759     7.1864    219.513    7.83324  239.27077     91.743 0.0000e+00
   40.07748 -9.990e-29     13.676     13.571    17.8650    32.0865      7.988     0.3505 2.0045e+00  1023.1349    17.8627    23.0752     7.1865    219.516    7.83334  239.27361     91.743 0.0000e+00
