CalculateIndicators/WaterTemperature/Data/CTD_NYOS/20230517_C25A.cnv
* Sea-Bird SBE 9 Data File:
* FileName = C:\Seabird 9 CTD\Data\2023\202305_offshore\20230517_C25A.hex
* Software Version Seasave V 7.23.2
* Temperature SN = 4590
* Conductivity SN = 3228
* Number of Bytes Per Scan = 44
* Number of Voltage Words = 5
* Number of Scans Averaged by the Deck Unit = 1
* NMEA Latitude = 39 44.02 N
* NMEA Longitude = 071 25.33 W
* NMEA UTC (Time) = May 18 2023  04:38:35
* NMEA baud rate = 4800
** Ship: Seawolf
** Station: 11.7
** Operator: TDK
# nquan = 18
# nvalues = 16419                       
# units = specified
# name 0 = latitude: Latitude [deg]
# name 1 = longitude: Longitude [deg]
# name 2 = prDM: Pressure, Digiquartz [db]
# name 3 = depSM: Depth [salt water, m]
# name 4 = t090C: Temperature [ITS-90, deg C]
# name 5 = sal00: Salinity, Practical [PSU]
# name 6 = ph: pH
# name 7 = flECO-AFL: Fluorescence, WET Labs ECO-AFL/FL [mg/m^3]
# name 8 = cpar: CPAR/Corrected Irradiance [%]
# name 9 = density00: Density [density, kg/m^3]
# name 10 = potemp090C: Potential Temperature [ITS-90, deg C]
# name 11 = sigma-é00: Density [sigma-theta, kg/m^3]
# name 12 = sbeox0Mg/L: Oxygen, SBE 43 [mg/l]
# name 13 = sbox0Mm/Kg: Oxygen, SBE 43 [umol/kg]
# name 14 = oxsolMg/L: Oxygen Saturation, Garcia & Gordon [mg/l]
# name 15 = oxsolMm/Kg: Oxygen Saturation, Garcia & Gordon [umol/kg]
# name 16 = sbeox0PS: Oxygen, SBE 43 [% saturation]
# name 17 = flag:  0.000e+00
# span 0 =   39.73318,   39.73380       
# span 1 =  -71.42518,  -71.42216       
# span 2 =      1.870,    102.630       
# span 3 =      1.856,    101.821       
# span 4 =    12.8702,    14.4582       
# span 5 =    33.5979,    35.2541       
# span 6 =      8.005,      8.144       
# span 7 =    -0.1061,     0.9549       
# span 8 = 5.0640e-11, 9.9999e+04       
# span 9 =  1025.2346,  1027.0145       
# span 10 =    12.8578,    14.4565      
# span 11 =    25.2246,    26.5612      
# span 12 =     6.7348,     8.6746      
# span 13 =    205.020,    264.414      
# span 14 =    8.27335,    8.48677      
# span 15 =  252.15699,  258.36426      
# span 16 =     79.910,    102.782      
# span 17 = 0.0000e+00, 0.0000e+00      
# interval = seconds: 0.0416667
# start_time = May 18 2023 04:38:37 [System UTC, first data scan.]
# bad_flag = -9.990e-29
*END*
[from data line 4905]
   39.73360  -71.42308    101.610    100.809    13.1365    35.2357      8.009    -0.0792 5.0640e-11  1027.0017    13.1224    26.5509     6.7726    206.171    8.43200  256.68796     80.320 -9.990e-29
   39.73360  -71.42308    101.608    100.807    13.1361    35.2357      8.009    -0.0658 5.0640e-11  1027.0016    13.1221    26.5510     6.7717    206.146    8.43172  256.67851     80.313 -9.990e-29
   39.73360  -71.42308    101.600    100.799    13.1356    35.2354      8.009    -0.0792 5.0640e-11  1027.0015    13.1216    26.5508     6.7715    206.137    8.43143  256.66993     80.312 -9.990e-29
   39.73360  -71.42308    101.610    100.809    13.1351    35.2347      8.009    -0.0792 5.0640e-11  1027.0011    13.1211    26.5503     6.7715    206.138    8.43153  256.67377     80.311 -9.990e-29
   39.73360  -71.42308    101.610    100.809    13.1343    35.2335      8.009    -0.0792 5.0640e-11  1027.0001    13.1202    26.5496     6.7718    206.149    8.43204  256.69045     80.311 -9.990e-29
   39.73360  -71.42308    101.618    100.817    13.1330    35.2323      8.009    -0.0792 5.0640e-11  1026.9992    13.1189    26.5489     6.7722    206.160    8.43259  256.70698     80.310 -9.990e-29
   39.73360  -71.42308    101.621    100.820    13.1311    35.2316      8.009    -0.0792 5.0640e-11  1026.9992    13.1170    26.5487     6.7723    206.162    8.43283  256.71403     80.308 -9.990e-29
   39.73360  -71.42308    101.621    100.820    13.1294    35.2316      8.009    -0.0792 5.0640e-11  1026.9993    13.1153    26.5488     6.7720    206.155    8.43273  256.71067     80.306 -9.990e-29
   39.73360  -71.42308    101.631    100.830    13.1282    35.2316      8.009    -0.0792 5.0640e-11  1026.9995    13.1142    26.5490     6.7716    206.141    8.43243  256.70088     80.304 -9.990e-29
   39.73360  -71.42308    101.629    100.828    13.1271    35.2317      8.009    -0.0792 5.0640e-11  1026.9999    13.1130    26.5496     6.7710    206.123    8.43199  256.68696     80.301 -9.990e-29
   39.73360  -71.42308    101.640    100.839    13.1262    35.2329      8.009    -0.0792 5.0640e-11  1027.0013    13.1121    26.5507     6.7704    206.103    8.43150  256.67128     80.299 -9.990e-29
   39.73360  -71.42308    101.640    100.839    13.1264    35.2343      8.009    -0.0658 5.0640e-11  1027.0030    13.1123    26.5517     6.7696    206.081    8.43094  256.65398     80.295 -9.990e-29
   39.73360  -71.42308    101.651    100.850    13.1274    35.2350      8.009    -0.0792 5.0640e-11  1027.0031    13.1133    26.5522     6.7690    206.060    8.43048  256.63990     80.292 -9.990e-29
   39.73360  -71.42308    101.650    100.849    13.1280    35.2352      8.009    -0.0792 5.0640e-11  1027.0030    13.1139    26.5522     6.7682    206.037    8.42994  256.62357     80.288 -9.990e-29
   39.73360  -71.42308    101.651    100.850    13.1287    35.2352      8.009    -0.0792 5.0640e-11  1027.0027    13.1147    26.5521     6.7676    206.020    8.42964  256.61574     80.283 -9.990e-29
   39.73360  -71.42308    101.672    100.871    13.1292    35.2352      8.009    -0.0792 5.0640e-11  1027.0030    13.1152    26.5519     6.7729    206.181    8.43010  256.63127     80.341 -9.990e-29
   39.73360  -71.42308    101.661    100.860    13.1301    35.2347      8.009    -0.0792 5.0640e-11  1027.0022    13.1160    26.5514     6.7682    206.039    8.43054  256.64465     80.282 -9.990e-29
   39.73360  -71.42308    101.671    100.869    13.1307    35.2339      8.009    -0.0792 5.0640e-11  1027.0014    13.1167    26.5507     6.7677    206.024    8.43048  256.64276     80.277 -9.990e-29
   39.73360  -71.42308    101.693    100.891    13.1303    35.2331      8.009    -0.0792 5.0640e-11  1027.0011    13.1162    26.5502     6.7683    206.042    8.43099  256.65853     80.279 -9.990e-29
   39.73360  -71.42308    101.682    100.880    13.1291    35.2322      8.009    -0.0792 5.0640e-11  1027.0003    13.1150    26.5497     6.7686    206.051    8.43184  256.68459     80.274 -9.990e-29
   39.73360  -71.42308    101.703    100.901    13.1279    35.2322      8.009    -0.0792 5.0640e-11  1027.0003    13.1138    26.5495     6.7685    206.048    8.43231  256.69834     80.268 -9.990e-29
   39.73360  -71.42308    101.701    100.900    13.1271    35.2322      8.009    -0.0792 5.0640e-11  1027.0005    13.1131    26.5497     6.7682    206.040    8.43260  256.70686     80.263 -9.990e-29
   39.73360  -71.42308    101.712    100.911    13.1267    35.2325      8.009    -0.0792 5.0640e-11  1027.0010    13.1126    26.5502     6.7679    206.029    8.43284  256.71414     80.256 -9.990e-29
   39.73360  -71.42308    101.703    100.901    13.1269    35.2335      8.009    -0.0792 5.0640e-11  1027.0022    13.1128    26.5510     6.7682    206.038    8.43307  256.72104     80.258 -9.990e-29
   39.73360  -71.42308    101.724    100.922    13.1274    35.2340      8.009    -0.0792 5.0640e-11  1027.0029    13.1133    26.5514     6.7678    206.026    8.43328  256.72715     80.251 -9.990e-29
   39.73360  -71.42308    101.722    100.920    13.1284    35.2340      8.009    -0.0792 5.0640e-11  1027.0025    13.1143    26.5514     6.7678    206.027    8.43329  256.72712     80.252 -9.990e-29
   39.73360  -71.42308    101.733    100.931    13.1287    35.2340      8.009    -0.0658 5.0640e-11  1027.0022    13.1147    26.5511     6.7668    205.994    8.43267  256.70694     80.245 -9.990e-29
   39.73360  -71.42308    101.733    100.931    13.1287    35.2339      8.009    -0.0792 5.0640e-11  1027.0016    13.1147    26.5509     6.7652    205.947    8.43159  256.67364     80.237 -9.990e-29
   39.73360  -71.42308    101.744    100.942    13.1282    35.2338      8.009    -0.0792 5.0640e-11  1027.0022    13.1142    26.5510     6.7645    205.924    8.43069  256.64585     80.237 -9.990e-29
   39.73360  -71.42308    101.743    100.941    13.1284    35.2337      8.009    -0.0792 5.0640e-11  1027.0026    13.1143    26.5512     6.7640    205.909    8.43011  256.62874     80.236 -9.990e-29
   39.73360  -71.42308    101.744    100.942    13.1281    35.2338      8.009    -0.0792 5.0640e-11  1027.0020    13.1141    26.5510     6.7639    205.905    8.42994  256.62443     80.236 -9.990e-29
   39.73360  -71.42308    101.754    100.952    13.1277    35.2339      8.009    -0.0658 5.0640e-11  1027.0017    13.1136    26.5510     6.7640    205.910    8.43011  256.63011     80.236 -9.990e-29
   39.73360  -71.42308    101.754    100.952    13.1274    35.2346      8.009    -0.0792 5.0640e-11  1027.0025    13.1133    26.5518     6.7637    205.903    8.43057  256.64486     80.229 -9.990e-29
   39.73360  -71.42308    101.764    100.962    13.1277    35.2366      8.009    -0.0792 5.0640e-11  1027.0046    13.1136    26.5532     6.7641    205.915    8.43107  256.66032     80.229 -9.990e-29
   39.73360  -71.42308    101.754    100.952    13.1294    35.2386      8.009    -0.0792 5.0640e-11  1027.0063    13.1153    26.5545     6.7644    205.924    8.43142  256.67102     80.229 -9.990e-29
   39.73360  -71.42308    101.754    100.952    13.1316    35.2397      8.009    -0.0792 5.0640e-11  1027.0064    13.1175    26.5549     6.7649    205.938    8.43196  256.68820     80.229 -9.990e-29
   39.73360  -71.42308    101.765    100.963    13.1336    35.2403      8.009    -0.0792 5.0640e-11  1027.0059    13.1195    26.5550     6.7653    205.950    8.43246  256.70324     80.229 -9.990e-29
   39.73360  -71.42308    101.764    100.962    13.1353    35.2414      8.009    -0.0792 5.0640e-11  1027.0064    13.1212    26.5554     6.7653    205.950    8.43250  256.70351     80.229 -9.990e-29
   39.73360  -71.42308    101.765    100.963    13.1375    35.2415      8.009    -0.0792 5.0640e-11  1027.0078    13.1234    26.5559     6.7598    205.781    8.43215  256.69148     80.166 -9.990e-29
   39.73360  -71.42308    101.765    100.963    13.1403    35.2415      8.009    -0.0792 5.0640e-11  1027.0075    13.1262    26.5556     6.7638    205.903    8.43142  256.66854     80.221 -9.990e-29
   39.73360  -71.42308    101.754    100.952    13.1430    35.2415      8.009    -0.0792 5.0640e-11  1027.0057    13.1289    26.5542     6.7580    205.728    8.43081  256.65017     80.159 -9.990e-29
   39.73360  -71.42308    101.764    100.962    13.1439    35.2396      8.009    -0.0792 5.0640e-11  1027.0030    13.1298    26.5524     6.7628    205.873    8.43090  256.65401     80.214 -9.990e-29
   39.73360  -71.42308    101.765    100.963    13.1430    35.2396      8.009    -0.0792 5.0640e-11  1027.0017    13.1289    26.5517     6.7631    205.882    8.43120  256.66365     80.215 -9.990e-29
   39.73360  -71.42308    101.754    100.952    13.1417    35.2396      8.009    -0.0658 5.0640e-11  1027.0037    13.1276    26.5526     6.7580    205.727    8.43134  256.66805     80.153 -9.990e-29
   39.73360  -71.42308    101.744    100.942    13.1425    35.2413      8.009    -0.0792 5.0640e-11  1027.0056    13.1284    26.5538     6.7626    205.869    8.43129  256.66631     80.209 -9.990e-29
   39.73360  -71.42308    101.764    100.962    13.1447    35.2415      8.009    -0.0792 5.0640e-11  1027.0061    13.1306    26.5542     6.7572    205.703    8.43098  256.65599     80.147 -9.990e-29
   39.73360  -71.42308    101.754    100.952    13.1467    35.2419      8.009    -0.0927 5.0640e-11  1027.0049    13.1326    26.5536     6.7564    205.678    8.43062  256.64455     80.141 -9.990e-29
   39.73360  -71.42308    101.744    100.942    13.1485    35.2422      8.009    -0.0927 5.0640e-11  1027.0033    13.1345    26.5530     6.7609    205.815    8.43034  256.63634     80.197 -9.990e-29
   39.73360  -71.42308    101.733    100.931    13.1494    35.2424      8.009    -0.0792 5.0640e-11  1027.0036    13.1353    26.5534     6.7610    205.818    8.43027  256.63449     80.199 -9.990e-29
   39.73360  -71.42308    101.743    100.941    13.1498    35.2424      8.009    -0.0927 5.0640e-11  1027.0069    13.1357    26.5546     6.7611    205.823    8.43031  256.63629     80.200 -9.990e-29
   39.73360  -71.42308    101.733    100.931    13.1512    35.2424      8.009    -0.0792 5.0640e-11  1027.0069    13.1371    26.5543     6.7613    205.827    8.43038  256.63861     80.201 -9.990e-29
   39.73360  -71.42308    101.724    100.922    13.1523    35.2407      8.009    -0.0927 5.0640e-11  1027.0027    13.1382    26.5518     6.7615    205.834    8.43046  256.64094     80.203 -9.990e-29
   39.73360  -71.42308    101.712    100.911    13.1509    35.2373      8.009    -0.0927 5.0640e-11  1026.9987    13.1369    26.5493     6.7616    205.836    8.43043  256.63955     80.204 -9.990e-29
   39.73360  -71.42308    101.711    100.909    13.1479    35.2373      8.009    -0.0927 5.0640e-11  1026.9990    13.1338    26.5488     6.7615    205.835    8.43023  256.63318     80.206 -9.990e-29
   39.73360  -71.42308    101.703    100.901    13.1460    35.2373      8.009    -0.0792 5.0640e-11  1027.0005    13.1320    26.5497     6.7616    205.837    8.43017  256.63179     80.207 -9.990e-29
   39.73360  -71.42308    101.693    100.891    13.1460    35.2390      8.009    -0.0792 5.0640e-11  1027.0019    13.1320    26.5513     6.7567    205.687    8.43041  256.63990     80.146 -9.990e-29
   39.73360  -71.42308    101.693    100.891    13.1469    35.2418      8.009    -0.0927 5.0640e-11  1027.0040    13.1328    26.5534     6.7566    205.687    8.43092  256.65590     80.141 -9.990e-29
   39.73360  -71.42308    101.681    100.879    13.1482    35.2452      8.009    -0.0927 5.0640e-11  1027.0067    13.1342    26.5558     6.7618    205.846    8.43142  256.67118     80.198 -9.990e-29
   39.73360  -71.42308    101.672    100.871    13.1499    35.2484      8.009    -0.0792 5.0640e-11  1027.0093    13.1358    26.5578     6.7622    205.857    8.43166  256.67843     80.200 -9.990e-29
   39.73360  -71.42308    101.672    100.871    13.1526    35.2499      8.009    -0.0927 5.0640e-11  1027.0101    13.1385    26.5589     6.7623    205.860    8.43160  256.67546     80.202 -9.990e-29
   39.73360  -71.42308    101.661    100.860    13.1550    35.2499      8.009    -0.0927 5.0640e-11  1027.0104    13.1409    26.5590     6.7621    205.854    8.43116  256.66188     80.204 -9.990e-29
   39.73360  -71.42308    101.660    100.858    13.1582    35.2499      8.009    -0.0927 5.0640e-11  1027.0096    13.1441    26.5575     6.7570    205.697    8.43106  256.65906     80.144 -9.990e-29
   39.73360  -71.42308    101.651    100.850    13.1613    35.2460      8.009    -0.0927 5.0640e-11  1027.0052    13.1472    26.5541     6.7617    205.841    8.43093  256.65533     80.201 -9.990e-29
   39.73360  -71.42308    101.640    100.839    13.1610    35.2414      8.009    -0.0927 5.0640e-11  1026.9992    13.1469    26.5505     6.7565    205.683    8.43082  256.65147     80.141 -9.990e-29
   39.73360  -71.42308    101.640    100.839    13.1588    35.2389      8.009    -0.0927 5.0640e-11  1026.9988    13.1447    26.5487     6.7617    205.841    8.43046  256.63988     80.206 -9.990e-29
   39.73360  -71.42308    101.639    100.838    13.1590    35.2378      8.009    -0.0792 5.0640e-11  1026.9992    13.1449    26.5481     6.7616    205.835    8.42994  256.62383     80.209 -9.990e-29
   39.73360  -71.42308    101.631    100.830    13.1570    35.2365      8.009    -0.0792 5.0640e-11  1026.9974    13.1429    26.5475     6.7615    205.832    8.42957  256.61285     80.211 -9.990e-29
   39.73360  -71.42308    101.631    100.830    13.1523    35.2365      8.009    -0.0792 5.0640e-11  1026.9976    13.1382    26.5477     6.7617    205.841    8.42961  256.61453     80.214 -9.990e-29
   39.73360  -71.42308    101.631    100.830    13.1491    35.2365      8.009    -0.0927 5.0640e-11  1026.9994    13.1350    26.5487     6.7620    205.848    8.42961  256.61442     80.217 -9.990e-29
   39.73360  -71.42308    101.629    100.828    13.1470    35.2373      8.009    -0.0927 5.0640e-11  1027.0008    13.1330    26.5499     6.7621    205.851    8.42944  256.60924     80.220 -9.990e-29
   39.73360  -71.42308    101.610    100.809    13.1456    35.2378      8.009    -0.0927 5.0640e-11  1027.0012    13.1315    26.5506     6.7622    205.855    8.42931  256.60518     80.222 -9.990e-29
   39.73360  -71.42308    101.631    100.830    13.1442    35.2382      8.009    -0.0927 5.0640e-11  1027.0017    13.1301    26.5511     6.7623    205.858    8.42915  256.60049     80.225 -9.990e-29
   39.73360  -71.42308    101.629    100.828    13.1430    35.2391      8.009    -0.0927 5.0640e-11  1027.0020    13.1289    26.5520     6.7624    205.861    8.42902  256.59635     80.228 -9.990e-29
   39.73360  -71.42308    101.610    100.809    13.1424    35.2417      8.009    -0.0792 5.0640e-11  1027.0035    13.1283    26.5541     6.7625    205.863    8.42882  256.59005     80.230 -9.990e-29
   39.73360  -71.42308    101.640    100.839    13.1439    35.2461      8.009    -0.0927 5.0640e-11  1027.0086    13.1298    26.5571     6.7624    205.861    8.42847  256.57941     80.233 -9.990e-29
   39.73360  -71.42308    101.621    100.820    13.1487    35.2501      8.009    -0.0792 5.0640e-11  1027.0110    13.1347    26.5595     6.7623    205.858    8.42808  256.56781     80.235 -9.990e-29
   39.73360  -71.42308    101.629    100.828    13.1533    35.2501      8.009    -0.0927 5.0640e-11  1027.0118    13.1392    26.5600     6.7622    205.857    8.42774  256.55750     80.238 -9.990e-29
   39.73360  -71.42308    101.631    100.830    13.1571    35.2501      8.009    -0.0792 5.0640e-11  1027.0098    13.1430    26.5587     6.7623    205.859    8.42757  256.55238     80.240 -9.990e-29
   39.73360  -71.42308    101.640    100.839    13.1592    35.2483      8.009    -0.0927 5.0640e-11  1027.0067    13.1451    26.5562     6.7624    205.861    8.42737  256.54639     80.243 -9.990e-29
