CalculateIndicators/WaterTemperature/Data/CTD_NYOS/20230515_C08A.cnv
* Sea-Bird SBE 9 Data File:
* FileName = C:\Seabird 9 CTD\Data\2023\202305_offshore\20230515_C08.hex
* Software Version Seasave V 7.23.2
* Temperature SN = 4590
* Conductivity SN = 3228
* Number of Bytes Per Scan = 44
* Number of Voltage Words = 5
* Number of Scans Averaged by the Deck Unit = 1
* NMEA Latitude = 39 07.16 N
* NMEA Longitude = 072 23.96 W
* NMEA UTC (Time) = May 16 2023  02:03:04
* NMEA baud rate = 4800
** Ship: seawolf
** Station: 8.7
** Operator: TDK
# nquan = 18
# nvalues = 202                         
# units = specified
# name 0 = latitude: Latitude [deg]
# name 1 = longitude: Longitude [deg]
# name 2 = prDM: Pressure, Digiquartz [db]
# name 3 = depSM: Depth [salt water, m]
# name 4 = t090C: Temperature [ITS-90, deg C]
# name 5 = sal00: Salinity, Practical [PSU]
# name 6 = ph: pH
# name 7 = flECO-AFL: Fluorescence, WET Labs ECO-AFL/FL [mg/m^3]
# name 8 = cpar: CPAR/Corrected Irradiance [%]
# name 9 = density00: Density [density, kg/m^3]
# name 10 = potemp090C: Potential Temperature [ITS-90, deg C]
# name 11 = sigma-100: Density [sigma-1, kg/m^3 ]
# name 12 = sbeox0Mg/L: Oxygen, SBE 43 [mg/l]
# name 13 = sbox0Mm/Kg: Oxygen, SBE 43 [umol/kg]
# name 14 = oxsolMg/L: Oxygen Saturation, Garcia & Gordon [mg/l]
# name 15 = oxsolMm/Kg: Oxygen Saturation, Garcia & Gordon [umol/kg]
# name 16 = sbeox0PS: Oxygen, SBE 43 [% saturation]
# name 17 = flag: flag
# span 0 =   39.11948,   39.12101       
# span 1 =  -72.39935,  -72.39316       
# span 2 =      2.000,    103.000       
# span 3 =      1.985,    102.193       
# span 4 =     9.5979,    14.7525       
# span 5 =    33.4132,    35.6390       
# span 6 =      7.995,      8.095       
# span 7 =    -0.0825,     1.1120       
# span 8 = -3.159e+04, 1.0640e+05       
# span 9 =  1025.1802,  1026.9784       
# span 10 =     9.5939,    14.7372      
# span 11 =    29.5679,    30.8819      
# span 12 =     6.9636,     9.5357      
# span 13 =    211.994,    290.503      
# span 14 =    8.14337,    9.19749      
# span 15 =  247.90919,  280.18244      
# span 16 =     85.513,    109.254      
# span 17 = 0.0000e+00, 0.0000e+00      
# interval = decibars: 1                
# start_time = May 16 2023 02:03:03 [System UTC, first data scan.]
# bad_flag = -9.990e-29
*END*
[from data line 161]
   39.12064  -72.39488     42.000     41.677    10.0340    33.7224      7.996     0.9679 3.7681e+04  1026.1390    10.0292    30.4130     8.6556    263.656    9.12225  277.87127     94.884 0.0000e+00
   39.12066  -72.39482     41.000     40.685     9.8298    33.6391      8.000     0.9412 7.2988e+04  1026.1042     9.8253    30.3875     8.7836    267.560    9.16090  279.05301     95.881 0.0000e+00
   39.12076  -72.39442     40.000     39.693     9.6862    33.5803      7.999     0.8879 -8.029e+02  1026.0773     9.6818    30.3685     8.9037    271.224    9.17590  279.51502     97.034 0.0000e+00
   39.12076  -72.39440     39.000     38.701     9.6655    33.5597      8.002     0.8752 5.0640e-11  1026.0600     9.6613    30.3563     8.9394    272.319    9.19749  280.18244     97.193 0.0000e+00
   39.12077  -72.39439     38.000     37.708     9.6006    33.5225      8.012     1.0350 5.0640e-11  1026.0372     9.5964    30.3396     9.0680    276.238    9.19327  280.05493     98.637 0.0000e+00
   39.12078  -72.39434     37.000     36.716     9.5979    33.4975      8.026     1.0774 5.0640e-11  1026.0133     9.5939    30.3205     9.3208    283.944    9.17238  279.42331    101.620 0.0000e+00
   39.12079  -72.39435     36.000     35.724     9.7073    33.5064      8.036     1.0837 5.0640e-11  1025.9980     9.7033    30.3074     9.4530    287.982    9.04135  275.44070    104.551 0.0000e+00
   39.12079  -72.39434     35.000     34.732    10.0478    33.5691      8.041     1.0870 5.0640e-11  1025.9846    10.0439    30.2909     9.5357    290.503    9.05444  275.84051    105.315 0.0000e+00
   39.12079  -72.39431     34.000     33.740    10.3354    33.5903      8.048     0.8787 5.0640e-11  1025.9477    10.3314    30.2524     9.4050    286.526    8.96305  273.06172    104.931 0.0000e+00
   39.12078  -72.39431     33.000     32.747    10.5880    33.6389      8.052     0.9120 5.0640e-11  1025.9380    10.5841    30.2416     9.4262    287.172    8.94333  272.46134    105.399 0.0000e+00
   39.12080  -72.39425     32.000     31.755    10.7780    33.6512      8.061     0.8313 5.0640e-11  1025.9094    10.7742    30.2136     9.3814    285.813    8.88956  270.82921    105.533 0.0000e+00
   39.12080  -72.39424     31.000     30.763    10.9514    33.6850      8.064     0.8120 5.0640e-11  1025.9002    10.9477    30.2052     9.3875    285.999    8.84649  269.51647    106.116 0.0000e+00
   39.12081  -72.39423     30.000     29.770    11.3037    33.7294      8.072     0.6917 8.4864e+04  1025.8662    11.3000    30.1682     9.3842    285.913    8.79278  267.89328    106.727 0.0000e+00
   39.12081  -72.39423     29.000     28.778    11.4487    33.7622      8.072     0.6733 9.9659e+04  1025.8603    11.4452    30.1637     9.4160    286.882    8.78883  267.77325    107.136 0.0000e+00
   39.12081  -72.39423     28.000     27.786    11.5849    33.7717      8.078     0.6519 6.9484e+04  1025.8388    11.5814    30.1438     9.4022    286.466    8.75753  266.82464    107.362 0.0000e+00
   39.12082  -72.39416     27.000     26.794    11.7896    33.7697      8.080     0.5849 -1.870e+03  1025.7944    11.7862    30.0998     9.4171    286.933    8.72572  265.86718    107.923 0.0000e+00
 -9.990e-29  -72.39416     26.000     25.801    11.8956    33.7662      8.084     0.5741 5.0640e-11  1025.7676    11.8923    30.0755     9.4225    287.105    8.71485  265.54178    108.121 0.0000e+00
 -9.990e-29  -72.39415     25.000     24.809    12.0172    33.7384      8.085     0.4848 5.0640e-11  1025.7180    12.0140    30.0281     9.4232    287.142    8.68281  264.58066    108.527 0.0000e+00
   39.12082  -72.39415     24.000     23.817    12.1382    33.7147      8.087     0.4743 5.0640e-11  1025.6726    12.1351    29.9850     9.4179    286.996    8.66289  263.98766    108.716 0.0000e+00
   39.12082  -72.39413     23.000     22.824    12.3203    33.6644      8.087     0.3276 5.0640e-11  1025.5942    12.3173    29.9078     9.3916    286.212    8.64334  263.40861    108.657 0.0000e+00
   39.12084  -72.39409     22.000     21.832    12.4111    33.6359      8.086     0.3329 1.5409e+04  1025.5502    12.4082    29.8667     9.3899    286.169    8.63819  263.25817    108.703 0.0000e+00
   39.12084  -72.39406     21.000     20.840    12.4854    33.5833      8.086     0.3446 1.0640e+05  1025.4905    12.4827    29.8104     9.3572    285.186    8.64078  263.35231    108.291 0.0000e+00
   39.12085  -72.39404     20.000     19.847    12.4818    33.5351      8.087     0.3886 9.9999e+04  1025.4493    12.4791    29.7740     9.3880    286.127    8.64057  263.34625    108.651 0.0000e+00
   39.12094  -72.39359     19.000     18.855    12.4878    33.5178      8.094     0.4420 4.2409e+03  1025.4302    12.4854    29.7594     9.4088    286.763    8.64220  263.39882    108.870 0.0000e+00
   39.12094  -72.39357     18.000     17.863    12.4799    33.5001 -9.990e-29     0.4103 5.0640e-11  1025.4135    12.4776    29.7474     9.4214    287.152    8.64415  263.46256    108.992 0.0000e+00
   39.12092  -72.39356     17.000     16.870    12.4847    33.4833      8.095     0.4231 5.0640e-11  1025.3952    12.4825    29.7336     9.4029    286.598    8.63177  263.09424    108.933 0.0000e+00
   39.12094  -72.39354     16.000     15.878    12.5221    33.4601      8.094     0.3938 5.0640e-11  1025.3654    12.5200    29.7077     9.4061    286.703    8.62323  262.84046    109.079 0.0000e+00
   39.12096  -72.39350     15.000     14.886    12.5993    33.4445      8.092     0.3618 5.0640e-11  1025.3336    12.5974    29.6790     9.3923    286.287    8.60909  262.41504    109.097 0.0000e+00
   39.12094  -72.39350     14.000     13.893    12.6734    33.4370      8.091     0.3369 5.0640e-11  1025.3094    12.6716    29.6578     9.3573    285.226    8.59846  262.09558    108.825 0.0000e+00
   39.12095  -72.39346     13.000     12.901    12.7476    33.4223      8.090     0.3382 5.0640e-11  1025.2787    12.7458    29.6302     9.3156    283.959    8.59230  261.91047    108.418 0.0000e+00
 -9.990e-29  -72.39343     12.000     11.909    12.7825    33.4210 -9.990e-29     0.3374 5.0640e-11  1025.2665    12.7809    29.6218     9.3230    284.182    8.59278  261.92462    108.498 0.0000e+00
   39.12096  -72.39343     11.000     10.916    12.7856    33.4203 -9.990e-29     0.3349 5.0640e-11  1025.2608    12.7841    29.6204     9.3159    283.969    8.58544  261.70259    108.508 0.0000e+00
   39.12096  -72.39340     10.000      9.924    12.8255    33.4209 -9.990e-29     0.3369 5.0640e-11  1025.2489    12.8241    29.6123     9.3040    283.611    8.57363  261.34685    108.519 0.0000e+00
 -9.990e-29  -72.39340      9.000      8.932    12.9153    33.4176 -9.990e-29     0.3227 5.0640e-11  1025.2242    12.9141    29.5903     9.2696    282.569    8.55960  260.92420    108.295 0.0000e+00
   39.12098  -72.39339      8.000      7.939    12.9498    33.4132 -9.990e-29     0.3160 5.0640e-11  1025.2094    12.9488    29.5793     9.2374    281.586    8.56109  260.96906    107.900 0.0000e+00
   39.12097  -72.39335      7.000      6.947    12.9654    33.4133 -9.990e-29     0.3086 5.0640e-11  1025.2020    12.9644    29.5761     9.2310    281.388    8.56147  260.98023    107.820 0.0000e+00
   39.12096  -72.39334      6.000      5.954    12.9645    33.4138 -9.990e-29     0.3260 5.0640e-11  1025.1981    12.9637    29.5766     9.2401    281.668    8.56134  260.97640    107.928 0.0000e+00
   39.12098  -72.39332      5.000      4.962    12.9642    33.4141 -9.990e-29     0.3145 5.0640e-11  1025.1939    12.9635    29.5769     9.2449    281.812    8.56125  260.97373    107.985 0.0000e+00
   39.12098  -72.39332      4.000      3.970    12.9644    33.4143 -9.990e-29     0.3236 5.0640e-11  1025.1895    12.9639    29.5769     9.2369    281.570    8.56099  260.96569    107.895 0.0000e+00
   39.12098  -72.39330      3.000      2.977    12.9665    33.4147      8.088     0.3301 1.3072e+00  1025.1850    12.9661    29.5768     9.2385    281.620    8.56078  260.95924    107.917 0.0000e+00
   39.12101  -72.39316      2.000      1.985    12.9673    33.4150      8.086     0.3409 1.4004e+00  1025.1806    12.9670    29.5768     9.2140    280.873    8.56063  260.95472    107.633 0.0000e+00
