CalculateIndicators/WaterTemperature/Data/CTD_NYOS/20230516_C13.cnv
* Sea-Bird SBE 9 Data File:
* FileName = C:\Seabird 9 CTD\Data\2023\202305_offshore\20230516_C13.hex
* Software Version Seasave V 7.23.2
* Temperature SN = 4590
* Conductivity SN = 3228
* Number of Bytes Per Scan = 44
* Number of Voltage Words = 5
* Number of Scans Averaged by the Deck Unit = 1
* NMEA Latitude = 39 46.23 N
* NMEA Longitude = 072 22.91 W
* NMEA UTC (Time) = May 16 2023  14:33:52
* NMEA baud rate = 4800
** Ship: Seawolf
** Station: 9.5
** Operator: tcm
# nquan = 18
# nvalues = 17648                       
# units = specified
# name 0 = latitude: Latitude [deg]
# name 1 = longitude: Longitude [deg]
# name 2 = prDM: Pressure, Digiquartz [db]
# name 3 = depSM: Depth [salt water, m]
# name 4 = t090C: Temperature [ITS-90, deg C]
# name 5 = sal00: Salinity, Practical [PSU]
# name 6 = ph: pH
# name 7 = flECO-AFL: Fluorescence, WET Labs ECO-AFL/FL [mg/m^3]
# name 8 = cpar: CPAR/Corrected Irradiance [%]
# name 9 = density00: Density [density, kg/m^3]
# name 10 = potemp090C: Potential Temperature [ITS-90, deg C]
# name 11 = sigma-é00: Density [sigma-theta, kg/m^3]
# name 12 = sbeox0Mg/L: Oxygen, SBE 43 [mg/l]
# name 13 = sbox0Mm/Kg: Oxygen, SBE 43 [umol/kg]
# name 14 = oxsolMg/L: Oxygen Saturation, Garcia & Gordon [mg/l]
# name 15 = oxsolMm/Kg: Oxygen Saturation, Garcia & Gordon [umol/kg]
# name 16 = sbeox0PS: Oxygen, SBE 43 [% saturation]
# name 17 = flag:  0.000e+00
# span 0 =   39.76956,   39.77056       
# span 1 =  -72.38196,  -72.37898       
# span 2 =      1.481,     82.469       
# span 3 =      1.470,     81.823       
# span 4 =     7.1204,    12.6263       
# span 5 =    32.5645,    33.1993       
# span 6 =      7.834,      8.110       
# span 7 =    -0.3479,     1.1564       
# span 8 = 4.2341e-14, 1.0824e+02       
# span 9 =  1024.5707,  1026.3308       
# span 10 =     7.1160,    12.6256      
# span 11 =    24.5807,    25.9550      
# span 12 =     8.2860,    10.0200      
# span 13 =    252.392,    305.411      
# span 14 =    8.66653,    9.74144      
# span 15 =  264.33176,  296.73378      
# span 16 =     85.478,    112.283      
# span 17 = 0.0000e+00, 0.0000e+00      
# interval = seconds: 0.0416667
# start_time = May 16 2023 14:33:52 [System UTC, first data scan.]
# bad_flag = -9.990e-29
*END*
[from data line 5307]
   39.77030  -72.38112     81.635     80.996     7.3425    33.1978      7.853    -0.0121 4.2734e-14  1026.3268     7.3349    25.9534     8.3045    252.954    9.68671  295.05634     85.731 -9.990e-29
   39.77030  -72.38112     81.631     80.991     7.3425    33.1978      7.853     0.0013 4.2770e-14  1026.3270     7.3349    25.9534     8.3040    252.938    9.68672  295.05663     85.725 -9.990e-29
   39.77030  -72.38112     81.635     80.996     7.3424    33.1977      7.853     0.0013 4.2770e-14  1026.3268     7.3348    25.9533     8.3098    253.115    9.68675  295.05750     85.785 -9.990e-29
   39.77030  -72.38112     81.641     81.001     7.3423    33.1977      7.858     0.0013 4.2770e-14  1026.3268     7.3348    25.9533     8.3102    253.127    9.68675  295.05748     85.789 -9.990e-29
   39.77030  -72.38112     81.646     81.007     7.3423    33.1977      7.853     0.0013 4.2770e-14  1026.3270     7.3348    25.9533     8.3106    253.140    9.68674  295.05703     85.793 -9.990e-29
   39.77030  -72.38112     81.631     80.991     7.3423    33.1977      7.858     0.0013 4.2770e-14  1026.3268     7.3348    25.9533     8.3047    252.960    9.68673  295.05673     85.733 -9.990e-29
   39.77030  -72.38112     81.646     81.007     7.3422    33.1977      7.858     0.0013 4.2770e-14  1026.3269     7.3346    25.9533     8.3105    253.137    9.68671  295.05597     85.793 -9.990e-29
   39.77030  -72.38112     81.635     80.996     7.3422    33.1977      7.858     0.0013 4.2770e-14  1026.3267     7.3346    25.9533     8.3047    252.959    9.68672  295.05656     85.732 -9.990e-29
   39.77030  -72.38112     81.641     81.001     7.3423    33.1977      7.858     0.0013 4.2770e-14  1026.3269     7.3348    25.9533     8.3043    252.947    9.68676  295.05778     85.728 -9.990e-29
   39.77030  -72.38112     81.656     81.016     7.3422    33.1977      7.853     0.0013 4.2770e-14  1026.3268     7.3346    25.9533     8.3102    253.127    9.68678  295.05813     85.789 -9.990e-29
   39.77030  -72.38112     81.651     81.011     7.3422    33.1977      7.858     0.0013 4.2734e-14  1026.3269     7.3346    25.9534     8.3044    252.951    9.68677  295.05791     85.729 -9.990e-29
   39.77030  -72.38112     81.646     81.007     7.3420    33.1977      7.858     0.0013 4.2734e-14  1026.3271     7.3345    25.9534     8.3040    252.939    9.68673  295.05693     85.725 -9.990e-29
   39.77030  -72.38112     81.641     81.001     7.3423    33.1977      7.858     0.0013 4.2734e-14  1026.3268     7.3348    25.9534     8.3037    252.930    9.68679  295.05852     85.722 -9.990e-29
   39.77030  -72.38112     81.666     81.026     7.3422    33.1977      7.858     0.0013 4.2734e-14  1026.3270     7.3346    25.9534     8.3106    253.141    9.68675  295.05734     85.794 -9.990e-29
   39.77030  -72.38112     81.666     81.026     7.3422    33.1977      7.858     0.0013 4.2734e-14  1026.3270     7.3346    25.9533     8.3050    252.970    9.68677  295.05797     85.736 -9.990e-29
   39.77030  -72.38112     81.662     81.022     7.3422    33.1977      7.858     0.0013 4.2734e-14  1026.3268     7.3346    25.9533     8.3111    253.156    9.68677  295.05803     85.799 -9.990e-29
   39.77028  -72.38112     81.677     81.037     7.3420    33.1977      7.858     0.0013 4.2734e-14  1026.3271     7.3345    25.9534     8.3118    253.177    9.68675  295.05720     85.806 -9.990e-29
   39.77028  -72.38112     81.671     81.031     7.3422    33.1977      7.853     0.0013 4.2698e-14  1026.3271     7.3346    25.9534     8.3125    253.199    9.68674  295.05719     85.813 -9.990e-29
   39.77028  -72.38112     81.687     81.046     7.3422    33.1978      7.853     0.0148 4.2698e-14  1026.3271     7.3346    25.9535     8.3123    253.191    9.68676  295.05775     85.811 -9.990e-29
   39.77028  -72.38112     81.692     81.052     7.3420    33.1980      7.853     0.0013 4.2698e-14  1026.3275     7.3345    25.9536     8.3129    253.211    9.68676  295.05786     85.817 -9.990e-29
   39.77028  -72.38112     81.698     81.057     7.3422    33.1982      7.858     0.0013 4.2698e-14  1026.3275     7.3347    25.9537     8.3136    253.231    9.68673  295.05676     85.825 -9.990e-29
   39.77028  -72.38112     81.717     81.077     7.3427    33.1982      7.853     0.0013 4.2662e-14  1026.3275     7.3351    25.9537     8.3080    253.060    9.68676  295.05754     85.766 -9.990e-29
   39.77028  -72.38112     81.702     81.061     7.3427    33.1983      7.853     0.0013 4.2662e-14  1026.3276     7.3351    25.9538     8.3140    253.243    9.68669  295.05568     85.829 -9.990e-29
   39.77028  -72.38112     81.728     81.088     7.3425    33.1983      7.853     0.0013 4.2662e-14  1026.3278     7.3349    25.9538     8.3147    253.266    9.68672  295.05639     85.836 -9.990e-29
   39.77028  -72.38112     81.723     81.082     7.3428    33.1983      7.858    -0.0255 4.2662e-14  1026.3275     7.3353    25.9538     8.3154    253.286    9.68666  295.05485     85.844 -9.990e-29
   39.77028  -72.38112     81.738     81.097     7.3428    33.1983      7.858    -0.0389 4.2626e-14  1026.3280     7.3353    25.9538     8.3161    253.307    9.68669  295.05547     85.851 -9.990e-29
   39.77028  -72.38112     81.734     81.093     7.3432    33.1982      7.858    -0.0389 4.2626e-14  1026.3275     7.3356    25.9536     8.3168    253.328    9.68663  295.05393     85.858 -9.990e-29
   39.77028  -72.38112     81.749     81.108     7.3433    33.1979      7.858    -0.0389 4.2626e-14  1026.3274     7.3357    25.9534     8.3166    253.322    9.68670  295.05587     85.856 -9.990e-29
   39.77028  -72.38112     81.754     81.114     7.3433    33.1979      7.853    -0.0255 4.2626e-14  1026.3272     7.3357    25.9533     8.3173    253.344    9.68676  295.05767     85.862 -9.990e-29
   39.77028  -72.38112     81.770     81.129     7.3433    33.1979      7.858    -0.0389 4.2626e-14  1026.3274     7.3357    25.9534     8.3170    253.335    9.68676  295.05765     85.859 -9.990e-29
   39.77028  -72.38112     81.770     81.129     7.3430    33.1980      7.858    -0.0389 4.2626e-14  1026.3279     7.3354    25.9535     8.3167    253.325    9.68675  295.05756     85.856 -9.990e-29
   39.77028  -72.38112     81.774     81.133     7.3435    33.1980      7.853    -0.0389 4.2590e-14  1026.3275     7.3359    25.9534     8.3164    253.316    9.68683  295.05986     85.852 -9.990e-29
   39.77028  -72.38112     81.779     81.138     7.3432    33.1980      7.858    -0.0255 4.2590e-14  1026.3276     7.3356    25.9534     8.3159    253.300    9.68672  295.05679     85.848 -9.990e-29
   39.77028  -72.38112     81.785     81.144     7.3433    33.1979      7.853    -0.0255 4.2590e-14  1026.3275     7.3357    25.9533     8.3155    253.289    9.68680  295.05918     85.844 -9.990e-29
   39.77028  -72.38112     81.779     81.138     7.3435    33.1979      7.858    -0.0389 4.2590e-14  1026.3274     7.3359    25.9533     8.3159    253.302    9.68675  295.05753     85.848 -9.990e-29
   39.77028  -72.38112     81.806     81.165     7.3433    33.1979      7.858    -0.0389 4.2590e-14  1026.3276     7.3357    25.9533     8.3101    253.125    9.68674  295.05731     85.788 -9.990e-29
   39.77028  -72.38112     81.800     81.159     7.3435    33.1979      7.858    -0.0389 4.2554e-14  1026.3274     7.3359    25.9533     8.3160    253.303    9.68671  295.05627     85.849 -9.990e-29
   39.77028  -72.38112     81.795     81.154     7.3435    33.1978      7.853    -0.0255 4.2554e-14  1026.3275     7.3359    25.9533     8.3165    253.319    9.68673  295.05682     85.854 -9.990e-29
   39.77028  -72.38112     81.810     81.169     7.3435    33.1978      7.858    -0.0389 4.2554e-14  1026.3277     7.3359    25.9533     8.3170    253.335    9.68672  295.05653     85.860 -9.990e-29
   39.77028  -72.38112     81.810     81.169     7.3436    33.1978      7.858    -0.0389 4.2554e-14  1026.3276     7.3361    25.9532     8.3112    253.159    9.68675  295.05751     85.800 -9.990e-29
   39.77028  -72.38112     81.806     81.165     7.3436    33.1976      7.858    -0.0389 4.2554e-14  1026.3272     7.3361    25.9530     8.3172    253.340    9.68676  295.05773     85.861 -9.990e-29
   39.77028  -72.38112     81.810     81.169     7.3436    33.1976      7.853    -0.0389 4.2554e-14  1026.3273     7.3361    25.9530     8.3177    253.357    9.68675  295.05762     85.867 -9.990e-29
   39.77028  -72.38112     81.815     81.174     7.3435    33.1976      7.858    -0.0389 4.2554e-14  1026.3274     7.3359    25.9531     8.3120    253.184    9.68681  295.05936     85.808 -9.990e-29
   39.77028  -72.38112     81.800     81.159     7.3432    33.1975      7.853    -0.0255 4.2554e-14  1026.3275     7.3356    25.9531     8.3170    253.336    9.68678  295.05839     85.860 -9.990e-29
   39.77028  -72.38112     81.815     81.174     7.3432    33.1975      7.853    -0.0255 4.2554e-14  1026.3274     7.3356    25.9531     8.3176    253.354    9.68682  295.05961     85.865 -9.990e-29
   39.77028  -72.38112     81.800     81.159     7.3428    33.1975      7.858    -0.0389 4.2554e-14  1026.3273     7.3353    25.9531     8.3182    253.372    9.68684  295.06019     85.871 -9.990e-29
   39.77028  -72.38112     81.806     81.165     7.3430    33.1975      7.858    -0.0389 4.2554e-14  1026.3272     7.3354    25.9531     8.3187    253.388    9.68683  295.05971     85.877 -9.990e-29
   39.77028  -72.38112     81.800     81.159     7.3427    33.1975      7.858    -0.0255 4.2554e-14  1026.3276     7.3351    25.9531     8.3184    253.377    9.68686  295.06073     85.873 -9.990e-29
   39.77028  -72.38112     81.789     81.148     7.3425    33.1975      7.858    -0.0389 4.2519e-14  1026.3274     7.3349    25.9531     8.3179    253.362    9.68682  295.05970     85.868 -9.990e-29
   39.77028  -72.38112     81.785     81.144     7.3425    33.1975      7.853    -0.0389 4.2519e-14  1026.3272     7.3349    25.9531     8.3175    253.351    9.68693  295.06297     85.863 -9.990e-29
   39.77028  -72.38112     81.779     81.138     7.3423    33.1976      7.858    -0.0389 4.2519e-14  1026.3274     7.3347    25.9532     8.3170    253.334    9.68690  295.06194     85.858 -9.990e-29
   39.77028  -72.38112     81.764     81.123     7.3423    33.1977      7.853    -0.0255 4.2554e-14  1026.3273     7.3347    25.9533     8.3174    253.348    9.68696  295.06358     85.862 -9.990e-29
   39.77028  -72.38112     81.759     81.118     7.3423    33.1978      7.853    -0.0255 4.2519e-14  1026.3275     7.3347    25.9534     8.3178    253.358    9.68686  295.06081     85.866 -9.990e-29
   39.77028  -72.38112     81.754     81.114     7.3422    33.1981      7.853    -0.0255 4.2519e-14  1026.3278     7.3347    25.9536     8.3181    253.370    9.68684  295.06021     85.871 -9.990e-29
   39.77028  -72.38112     81.728     81.088     7.3423    33.1981      7.858    -0.0255 4.2519e-14  1026.3277     7.3348    25.9537     8.3177    253.355    9.68691  295.06231     85.865 -9.990e-29
   39.77028  -72.38112     81.723     81.082     7.3423    33.1981      7.858    -0.0255 4.2519e-14  1026.3275     7.3348    25.9536     8.3180    253.366    9.68692  295.06244     85.869 -9.990e-29
   39.77028  -72.38112     81.707     81.067     7.3422    33.1980      7.858    -0.0389 4.2554e-14  1026.3273     7.3346    25.9536     8.3237    253.540    9.68688  295.06157     85.928 -9.990e-29
   39.77028  -72.38112     81.687     81.046     7.3420    33.1980      7.858    -0.0389 4.2554e-14  1026.3275     7.3345    25.9536     8.3177    253.357    9.68691  295.06243     85.865 -9.990e-29
   39.77028  -72.38112     81.682     81.042     7.3422    33.1979      7.858    -0.0389 4.2554e-14  1026.3271     7.3346    25.9535     8.3243    253.557    9.68692  295.06279     85.933 -9.990e-29
   39.77028  -72.38112     81.656     81.016     7.3423    33.1978      7.853    -0.0255 4.2554e-14  1026.3270     7.3348    25.9535     8.3182    253.371    9.68693  295.06300     85.870 -9.990e-29
   39.77028  -72.38112     81.641     81.001     7.3420    33.1978      7.858    -0.0389 4.2554e-14  1026.3271     7.3345    25.9535     8.3174    253.348    9.68694  295.06322     85.862 -9.990e-29
   39.77028  -72.38112     81.626     80.986     7.3423    33.1978      7.858    -0.0389 4.2554e-14  1026.3267     7.3348    25.9535     8.3165    253.321    9.68687  295.06109     85.854 -9.990e-29
   39.77028  -72.38112     81.599     80.960     7.3422    33.1978      7.858    -0.0389 4.2554e-14  1026.3267     7.3346    25.9535     8.3167    253.326    9.68693  295.06292     85.855 -9.990e-29
   39.77028  -72.38112     81.594     80.954     7.3420    33.1980      7.853    -0.0389 4.2554e-14  1026.3271     7.3345    25.9536     8.3221    253.492    9.68692  295.06261     85.911 -9.990e-29
   39.77028  -72.38112     81.563     80.924     7.3422    33.1980      7.853    -0.0389 4.2554e-14  1026.3269     7.3346    25.9537     8.3231    253.520    9.68688  295.06138     85.921 -9.990e-29
   39.77028  -72.38112     81.559     80.920     7.3422    33.1980      7.858    -0.0389 4.2554e-14  1026.3268     7.3346    25.9536     8.3240    253.549    9.68693  295.06300     85.931 -9.990e-29
   39.77028  -72.38112     81.533     80.894     7.3422    33.1979      7.858    -0.0389 4.2590e-14  1026.3265     7.3346    25.9535     8.3250    253.577    9.68697  295.06424     85.940 -9.990e-29
   39.77028  -72.38112     81.497     80.858     7.3422    33.1979      7.858    -0.0389 4.2590e-14  1026.3263     7.3346    25.9535     8.3195    253.412    9.68701  295.06540     85.883 -9.990e-29
   39.77028  -72.38112     81.491     80.853     7.3423    33.1979      7.853    -0.0389 4.2590e-14  1026.3263     7.3348    25.9535     8.3258    253.602    9.68700  295.06497     85.948 -9.990e-29
   39.77028  -72.38112     81.470     80.832     7.3422    33.1979      7.858    -0.0389 4.2590e-14  1026.3263     7.3346    25.9535     8.3202    253.434    9.68696  295.06381     85.891 -9.990e-29
   39.77028  -72.38112     81.436     80.798     7.3425    33.1979      7.858    -0.0389 4.2590e-14  1026.3260     7.3350    25.9535     8.3192    253.401    9.68693  295.06280     85.880 -9.990e-29
   39.77028  -72.38112     81.419     80.781     7.3423    33.1979      7.853    -0.0389 4.2590e-14  1026.3261     7.3348    25.9535     8.3253    253.588    9.68695  295.06354     85.944 -9.990e-29
   39.77028  -72.38112     81.405     80.767     7.3427    33.1979      7.853    -0.0255 4.2626e-14  1026.3258     7.3351    25.9534     8.3198    253.420    9.68697  295.06428     85.886 -9.990e-29
   39.77028  -72.38112     81.368     80.730     7.3425    33.1978      7.853    -0.0255 4.2626e-14  1026.3257     7.3350    25.9534     8.3260    253.608    9.68703  295.06606     85.950 -9.990e-29
   39.77028  -72.38112     81.358     80.721     7.3428    33.1978      7.853    -0.0255 4.2626e-14  1026.3254     7.3353    25.9534     8.3267    253.631    9.68707  295.06732     85.957 -9.990e-29
   39.77028  -72.38112     81.333     80.696     7.3425    33.1978      7.858    -0.0255 4.2626e-14  1026.3254     7.3350    25.9534     8.3211    253.460    9.68705  295.06662     85.899 -9.990e-29
   39.77028  -72.38112     81.307     80.670     7.3422    33.1978      7.853    -0.0255 4.2626e-14  1026.3255     7.3346    25.9534     8.3271    253.641    9.68699  295.06478     85.961 -9.990e-29
   39.77028  -72.38112     81.282     80.645     7.3422    33.1978      7.858    -0.0255 4.2662e-14  1026.3254     7.3347    25.9534     8.3214    253.468    9.68693  295.06278     85.903 -9.990e-29
   39.77028  -72.38112     81.265     80.629     7.3423    33.1977      7.858    -0.0255 4.2662e-14  1026.3250     7.3348    25.9534     8.3211    253.459    9.68693  295.06295     85.900 -9.990e-29
