CalculateIndicators/WaterTemperature/Data/CTD_NYOS/20230518_C27.cnv
* Sea-Bird SBE 9 Data File:
* FileName = C:\Seabird 9 CTD\Data\2023\202305_offshore\20230518_C27.hex
* Software Version Seasave V 7.23.2
* Temperature SN = 4590
* Conductivity SN = 3228
* Number of Bytes Per Scan = 44
* Number of Voltage Words = 5
* Number of Scans Averaged by the Deck Unit = 1
* NMEA Latitude = 40 07.05 N
* NMEA Longitude = 071 40.36 W
* NMEA UTC (Time) = May 18 2023  11:34:06
* NMEA baud rate = 4800
** Ship: Seawolf
** Station: 11.5
** Operator: tcm
# nquan = 18
# nvalues = 18466                       
# units = specified
# name 0 = latitude: Latitude [deg]
# name 1 = longitude: Longitude [deg]
# name 2 = prDM: Pressure, Digiquartz [db]
# name 3 = depSM: Depth [salt water, m]
# name 4 = t090C: Temperature [ITS-90, deg C]
# name 5 = sal00: Salinity, Practical [PSU]
# name 6 = ph: pH
# name 7 = flECO-AFL: Fluorescence, WET Labs ECO-AFL/FL [mg/m^3]
# name 8 = cpar: CPAR/Corrected Irradiance [%]
# name 9 = density00: Density [density, kg/m^3]
# name 10 = potemp090C: Potential Temperature [ITS-90, deg C]
# name 11 = sigma-é00: Density [sigma-theta, kg/m^3]
# name 12 = sbeox0Mg/L: Oxygen, SBE 43 [mg/l]
# name 13 = sbox0Mm/Kg: Oxygen, SBE 43 [umol/kg]
# name 14 = oxsolMg/L: Oxygen Saturation, Garcia & Gordon [mg/l]
# name 15 = oxsolMm/Kg: Oxygen Saturation, Garcia & Gordon [umol/kg]
# name 16 = sbeox0PS: Oxygen, SBE 43 [% saturation]
# name 17 = flag:  0.000e+00
# span 0 =   40.11734,   40.11770       
# span 1 =  -71.67634,  -71.67266       
# span 2 =      2.144,     81.600       
# span 3 =      2.128,     80.958       
# span 4 =     7.0837,    11.6441       
# span 5 =    32.9234,    33.1893       
# span 6 =      7.877,      8.203       
# span 7 =    -0.0389,     1.8548       
# span 8 = 6.2441e-14, 1.5029e+02       
# span 9 =  1025.1789,  1026.2973       
# span 10 =     7.0801,    11.6437      
# span 11 =    25.1633,    25.9267      
# span 12 =     8.0722,     9.7570      
# span 13 =    245.885,    297.422      
# span 14 =    8.81912,    9.75209      
# span 15 =  268.83485,  297.06543      
# span 16 =     83.189,    110.487      
# span 17 = 0.0000e+00, 0.0000e+00      
# interval = seconds: 0.0416667
# start_time = May 18 2023 11:34:08 [System UTC, first data scan.]
# bad_flag = -9.990e-29
*END*
[from data line 3217]
   40.11742  -71.67338     50.561     50.167     7.1091    33.0942      7.882     0.0013 1.2431e-02  1026.1349     7.1045    25.9033     8.1684    248.820    9.74512  296.84999     83.820 0.0000e+00
   40.11742  -71.67338     50.601     50.206     7.1091    33.0941      7.882     0.0148 1.2196e-02  1026.1355     7.1045    25.9035     8.1687    248.830    9.74515  296.85073     83.823 0.0000e+00
   40.11742  -71.67338     50.634     50.239     7.1091    33.0941      7.882     0.0013 1.2196e-02  1026.1357     7.1045    25.9036     8.1627    248.647    9.74518  296.85190     83.761 0.0000e+00
   40.11742  -71.67338     50.682     50.287     7.1091    33.0941      7.882     0.0013 1.1809e-02  1026.1359     7.1045    25.9035     8.1622    248.630    9.74522  296.85278     83.755 0.0000e+00
   40.11742  -71.67338     50.714     50.319     7.1092    33.0940      7.882     0.0013 1.1579e-02  1026.1354     7.1046    25.9032     8.1616    248.613    9.74520  296.85234     83.750 0.0000e+00
   40.11742  -71.67338     50.757     50.361     7.1092    33.0940      7.882     0.0013 1.1460e-02  1026.1357     7.1046    25.9032     8.1611    248.598    9.74518  296.85190     83.745 0.0000e+00
   40.11742  -71.67338     50.785     50.389     7.1091    33.0940      7.882     0.0013 1.1084e-02  1026.1361     7.1045    25.9034     8.1607    248.585    9.74525  296.85373     83.740 0.0000e+00
   40.11742  -71.67338     50.816     50.420     7.1095    33.0944      7.882     0.0013 1.0713e-02  1026.1364     7.1049    25.9036     8.1602    248.572    9.74526  296.85402     83.735 0.0000e+00
   40.11742  -71.67338     50.856     50.460     7.1095    33.0944      7.882     0.0013 1.0640e-02  1026.1371     7.1049    25.9038     8.1598    248.558    9.74518  296.85187     83.731 0.0000e+00
   40.11742  -71.67338     50.880     50.483     7.1099    33.0944      7.882     0.0013 1.0600e-02  1026.1371     7.1053    25.9037     8.1594    248.547    9.74516  296.85112     83.728 0.0000e+00
   40.11742  -71.67338     50.928     50.531     7.1097    33.0943      7.882    -0.0121 1.0527e-02  1026.1369     7.1051    25.9035     8.1601    248.568    9.74522  296.85267     83.735 0.0000e+00
   40.11742  -71.67338     50.949     50.552     7.1099    33.0939      7.882    -0.0255 1.0527e-02  1026.1366     7.1053    25.9033     8.1597    248.557    9.74507  296.84829     83.732 0.0000e+00
   40.11742  -71.67338     50.968     50.571     7.1095    33.0939      7.882    -0.0255 1.0309e-02  1026.1368     7.1049    25.9032     8.1596    248.552    9.74510  296.84911     83.730 0.0000e+00
   40.11742  -71.67338     51.003     50.605     7.1097    33.0939      7.882    -0.0255 9.9134e-03  1026.1370     7.1051    25.9033     8.1594    248.545    9.74504  296.84740     83.728 0.0000e+00
   40.11742  -71.67338     51.030     50.633     7.1097    33.0939      7.882    -0.0255 9.8424e-03  1026.1373     7.1051    25.9033     8.1529    248.348    9.74502  296.84672     83.662 0.0000e+00
   40.11742  -71.67338     51.051     50.653     7.1097    33.0939      7.882    -0.0255 9.7716e-03  1026.1374     7.1051    25.9033     8.1592    248.540    9.74500  296.84614     83.727 0.0000e+00
   40.11742  -71.67338     51.061     50.663     7.1097    33.0939      7.882    -0.0255 9.6307e-03  1026.1373     7.1051    25.9032     8.1593    248.542    9.74501  296.84644     83.728 0.0000e+00
   40.11742  -71.67338     51.094     50.696     7.1095    33.0937      7.882    -0.0255 9.5254e-03  1026.1371     7.1049    25.9030     8.1593    248.545    9.74502  296.84696     83.728 0.0000e+00
   40.11742  -71.67338     51.102     50.704     7.1097    33.0937      7.882    -0.0255 9.4556e-03  1026.1369     7.1051    25.9029     8.1595    248.551    9.74512  296.85006     83.729 0.0000e+00
   40.11742  -71.67338     51.133     50.734     7.1094    33.0937      7.882    -0.0255 9.3168e-03  1026.1375     7.1048    25.9030     8.1597    248.556    9.74512  296.84978     83.731 0.0000e+00
   40.11742  -71.67338     51.142     50.744     7.1094    33.0937      7.882    -0.0255 9.2138e-03  1026.1376     7.1048    25.9031     8.1599    248.561    9.74511  296.84947     83.733 0.0000e+00
   40.11742  -71.67338     51.156     50.757     7.1094    33.0937      7.882    -0.0255 9.2138e-03  1026.1377     7.1048    25.9031     8.1602    248.571    9.74517  296.85156     83.736 0.0000e+00
   40.11742  -71.67338     51.184     50.785     7.1095    33.0936      7.882    -0.0255 9.2826e-03  1026.1372     7.1049    25.9029     8.1604    248.577    9.74513  296.85000     83.738 0.0000e+00
   40.11742  -71.67338     51.193     50.794     7.1091    33.0936      7.882    -0.0255 9.4210e-03  1026.1376     7.1044    25.9029     8.1545    248.396    9.74518  296.85185     83.677 -9.990e-29
   40.11742  -71.67338     51.193     50.794     7.1092    33.0936      7.882    -0.0255 9.3176e-03  1026.1375     7.1046    25.9031     8.1540    248.381    9.74520  296.85246     83.671 -9.990e-29
   40.11742  -71.67338     51.214     50.815     7.1091    33.0939      7.882    -0.0255 9.1117e-03  1026.1382     7.1044    25.9033     8.1535    248.366    9.74519  296.85224     83.667 0.0000e+00
   40.11742  -71.67338     51.217     50.817     7.1092    33.0939      7.882    -0.0255 8.9075e-03  1026.1383     7.1046    25.9035     8.1532    248.357    9.74526  296.85418     83.663 0.0000e+00
   40.11742  -71.67338     51.235     50.835     7.1094    33.0939      7.882    -0.0255 8.9075e-03  1026.1381     7.1048    25.9033     8.1529    248.350    9.74532  296.85612     83.660 -9.990e-29
   40.11742  -71.67338     51.235     50.835     7.1094    33.0939      7.882    -0.0255 8.5710e-03  1026.1378     7.1048    25.9032     8.1527    248.342    9.74531  296.85582     83.658 -9.990e-29
   40.11742  -71.67338     51.244     50.845     7.1092    33.0939      7.882    -0.0121 8.1437e-03  1026.1381     7.1046    25.9032     8.1525    248.338    9.74531  296.85590     83.656 0.0000e+00
   40.11742  -71.67338     51.258     50.859     7.1091    33.0941      7.882    -0.0255 8.1437e-03  1026.1384     7.1044    25.9034     8.1515    248.307    9.74531  296.85585     83.646 -9.990e-29
   40.11742  -71.67338     51.255     50.856     7.1094    33.0941      7.882    -0.0255 8.5399e-03  1026.1382     7.1048    25.9034     8.1577    248.496    9.74522  296.85297     83.710 -9.990e-29
   40.11742  -71.67338     51.265     50.865     7.1092    33.0941      7.882    -0.0255 9.0106e-03  1026.1385     7.1046    25.9035     8.1523    248.331    9.74520  296.85209     83.655 -9.990e-29
   40.11742  -71.67338     51.265     50.865     7.1094    33.0941      7.882    -0.0121 9.1467e-03  1026.1384     7.1047    25.9035     8.1524    248.332    9.74514  296.85025     83.656 -9.990e-29
   40.11742  -71.67338     51.275     50.875     7.1092    33.0941      7.882    -0.0121 8.7405e-03  1026.1385     7.1046    25.9034     8.1525    248.337    9.74514  296.85033     83.657 -9.990e-29
   40.11742  -71.67338     51.268     50.868     7.1095    33.0940      7.882     0.0148 8.0783e-03  1026.1383     7.1049    25.9033     8.1517    248.313    9.74506  296.84799     83.650 -9.990e-29
   40.11742  -71.67338     51.265     50.865     7.1095    33.0940      7.882     0.0148 7.8187e-03  1026.1383     7.1049    25.9033     8.1584    248.516    9.74512  296.84978     83.718 -9.990e-29
   40.11742  -71.67338     51.275     50.875     7.1095    33.0940      7.882     0.0282 8.0783e-03  1026.1382     7.1049    25.9033     8.1533    248.362    9.74512  296.84996     83.666 -9.990e-29
   40.11742  -71.67338     51.275     50.875     7.1097    33.0941      7.882     0.0148 8.6734e-03  1026.1383     7.1051    25.9033     8.1537    248.374    9.74512  296.85009     83.670 -9.990e-29
   40.11742  -71.67338     51.279     50.879     7.1097    33.0942      7.882     0.0148 8.8751e-03  1026.1384     7.1050    25.9034     8.1532    248.358    9.74509  296.84909     83.665 -9.990e-29
   40.11742  -71.67338     51.265     50.865     7.1097    33.0942      7.882     0.0148 8.8751e-03  1026.1385     7.1050    25.9035     8.1528    248.346    9.74513  296.85008     83.661 -9.990e-29
   40.11742  -71.67338     51.265     50.865     7.1099    33.0942      7.882     0.0148 8.7405e-03  1026.1384     7.1052    25.9034     8.1523    248.330    9.74503  296.84711     83.656 -9.990e-29
   40.11742  -71.67340     51.265     50.865     7.1102    33.0941      7.882     0.0148 8.7405e-03  1026.1382     7.1056    25.9033     8.1529    248.350    9.74507  296.84825     83.662 -9.990e-29
   40.11742  -71.67340     51.265     50.865     7.1100    33.0941      7.882     0.0148 8.7051e-03  1026.1383     7.1054    25.9033     8.1590    248.534    9.74510  296.84931     83.724 -9.990e-29
   40.11742  -71.67340     51.258     50.859     7.1102    33.0941      7.882     0.0148 8.4378e-03  1026.1381     7.1056    25.9033     8.1595    248.551    9.74501  296.84657     83.730 -9.990e-29
   40.11742  -71.67340     51.255     50.856     7.1100    33.0941      7.882     0.0148 8.2392e-03  1026.1383     7.1054    25.9033     8.1548    248.408    9.74501  296.84675     83.682 -9.990e-29
   40.11742  -71.67340     51.244     50.845     7.1102    33.0940      7.882     0.0282 8.2392e-03  1026.1380     7.1056    25.9032     8.1610    248.596    9.74512  296.84980     83.745 -9.990e-29
   40.11742  -71.67340     51.244     50.845     7.1102    33.0940      7.882     0.0148 8.3052e-03  1026.1379     7.1056    25.9031     8.1618    248.619    9.74516  296.85108     83.752 -9.990e-29
   40.11742  -71.67340     51.235     50.835     7.1097    33.0939      7.882     0.0148 8.4021e-03  1026.1379     7.1050    25.9032     8.1562    248.449    9.74515  296.85095     83.695 -9.990e-29
   40.11742  -71.67340     51.237     50.838     7.1094    33.0939      7.882     0.0148 8.4021e-03  1026.1384     7.1048    25.9033     8.1633    248.666    9.74520  296.85236     83.767 -9.990e-29
   40.11742  -71.67340     51.224     50.824     7.1094    33.0939      7.882     0.0148 8.2034e-03  1026.1379     7.1048    25.9032     8.1651    248.720    9.74523  296.85328     83.786 -9.990e-29
   40.11742  -71.67340     51.214     50.815     7.1092    33.0937      7.882     0.0148 7.9411e-03  1026.1380     7.1046    25.9032     8.1596    248.554    9.74527  296.85448     83.729 -9.990e-29
   40.11742  -71.67340     51.214     50.815     7.1094    33.0937      7.882     0.0148 7.9703e-03  1026.1377     7.1048    25.9032     8.1660    248.747    9.74534  296.85671     83.794 -9.990e-29
   40.11742  -71.67340     51.217     50.817     7.1094    33.0937      7.882     0.0148 7.9049e-03  1026.1378     7.1048    25.9032     8.1605    248.580    9.74532  296.85591     83.738 -9.990e-29
   40.11742  -71.67340     51.204     50.805     7.1091    33.0938      7.882     0.0148 7.9049e-03  1026.1380     7.1044    25.9032     8.1668    248.771    9.74531  296.85570     83.802 -9.990e-29
   40.11742  -71.67340     51.193     50.794     7.1091    33.0938      7.882     0.0148 7.9341e-03  1026.1378     7.1044    25.9032     8.1613    248.605    9.74525  296.85372     83.747 -9.990e-29
   40.11742  -71.67340     51.193     50.794     7.1094    33.0939      7.882     0.0282 7.8034e-03  1026.1377     7.1048    25.9032     8.1613    248.606    9.74526  296.85418     83.747 -9.990e-29
   40.11742  -71.67340     51.186     50.787     7.1094    33.0941      7.882     0.0148 7.6088e-03  1026.1380     7.1048    25.9034     8.1613    248.605    9.74519  296.85190     83.747 -9.990e-29
   40.11742  -71.67340     51.184     50.785     7.1091    33.0942      7.882     0.0148 7.5443e-03  1026.1383     7.1044    25.9035     8.1614    248.608    9.74520  296.85234     83.748 -9.990e-29
   40.11742  -71.67340     51.173     50.774     7.1099    33.0942      7.882    -0.0121 7.8978e-03  1026.1377     7.1052    25.9035     8.1678    248.803    9.74516  296.85088     83.814 -9.990e-29
   40.11742  -71.67340     51.173     50.774     7.1095    33.0943      7.882    -0.0255 8.7659e-03  1026.1383     7.1049    25.9035     8.1688    248.834    9.74510  296.84919     83.825 -9.990e-29
   40.11742  -71.67340     51.173     50.774     7.1099    33.0943      7.882    -0.0255 9.1083e-03  1026.1380     7.1052    25.9035     8.1698    248.864    9.74503  296.84699     83.836 -9.990e-29
   40.11742  -71.67340     51.156     50.757     7.1100    33.0943      7.882    -0.0255 8.8669e-03  1026.1378     7.1054    25.9035     8.1709    248.896    9.74504  296.84735     83.846 -9.990e-29
   40.11742  -71.67340     51.163     50.764     7.1100    33.0943      7.882    -0.0255 7.3423e-03  1026.1381     7.1054    25.9035     8.1709    248.898    9.74500  296.84597     83.848 -9.990e-29
   40.11742  -71.67340     51.173     50.774     7.1100    33.0942      7.882    -0.0255 6.7974e-03  1026.1380     7.1054    25.9034     8.1656    248.736    9.74497  296.84538     83.793 -9.990e-29
   40.11742  -71.67340     51.173     50.774     7.1101    33.0940      7.882    -0.0255 6.8602e-03  1026.1377     7.1054    25.9033     8.1657    248.739    9.74497  296.84510     83.794 -9.990e-29
   40.11744  -71.67340     51.156     50.757     7.1097    33.0939      7.882    -0.0255 8.2894e-03  1026.1375     7.1050    25.9032     8.1658    248.742    9.74489  296.84281     83.796 -9.990e-29
   40.11744  -71.67340     51.173     50.774     7.1097    33.0939      7.882    -0.0255 9.0716e-03  1026.1377     7.1050    25.9032     8.1660    248.747    9.74484  296.84119     83.798 -9.990e-29
   40.11744  -71.67340     51.163     50.764     7.1097    33.0939      7.882    -0.0255 9.1410e-03  1026.1377     7.1050    25.9032     8.1662    248.753    9.74481  296.84054     83.800 -9.990e-29
   40.11744  -71.67340     51.184     50.785     7.1094    33.0939      7.882    -0.0255 8.7957e-03  1026.1378     7.1048    25.9033     8.1665    248.762    9.74482  296.84061     83.803 -9.990e-29
   40.11744  -71.67340     51.177     50.778     7.1095    33.0939      7.882    -0.0255 8.5550e-03  1026.1380     7.1049    25.9033     8.1668    248.772    9.74482  296.84077     83.806 -9.990e-29
   40.11744  -71.67340     51.173     50.774     7.1094    33.0938      7.882    -0.0255 8.4870e-03  1026.1377     7.1048    25.9031     8.1672    248.783    9.74484  296.84130     83.810 -9.990e-29
   40.11744  -71.67340     51.193     50.794     7.1094    33.0935      7.882    -0.0255 8.0166e-03  1026.1375     7.1048    25.9029     8.1666    248.766    9.74487  296.84241     83.804 -9.990e-29
   40.11744  -71.67340     51.193     50.794     7.1095    33.0935      7.882    -0.0255 7.6206e-03  1026.1372     7.1049    25.9028     8.1661    248.750    9.74490  296.84338     83.798 -9.990e-29
   40.11744  -71.67340     51.204     50.805     7.1091    33.0935      7.882    -0.0255 7.5184e-03  1026.1378     7.1044    25.9029     8.1656    248.736    9.74500  296.84629     83.793 -9.990e-29
   40.11744  -71.67340     51.217     50.817     7.1089    33.0935      7.882    -0.0255 8.0468e-03  1026.1377     7.1042    25.9030     8.1714    248.912    9.74506  296.84836     83.852 -9.990e-29
   40.11744  -71.67340     51.214     50.815     7.1089    33.0935      7.882    -0.0255 8.7574e-03  1026.1378     7.1042    25.9030     8.1717    248.920    9.74501  296.84659     83.855 -9.990e-29
   40.11744  -71.67340     51.224     50.824     7.1089    33.0935      7.882    -0.0255 8.8957e-03  1026.1377     7.1043    25.9030     8.1656    248.737    9.74503  296.84712     83.793 -9.990e-29
   40.11744  -71.67340     51.244     50.845     7.1089    33.0936      7.882    -0.0255 8.8264e-03  1026.1379     7.1042    25.9031     8.1649    248.715    9.74496  296.84513     83.786 -9.990e-29
