CalculateIndicators/WaterTemperature/Data/CTD_NYOS/20230517_C17.cnv
* Sea-Bird SBE 9 Data File:
* FileName = C:\Seabird 9 CTD\Data\2023\202305_offshore\20230517_C17.hex
* Software Version Seasave V 7.23.2
* Temperature SN = 4590
* Conductivity SN = 3228
* Number of Bytes Per Scan = 44
* Number of Voltage Words = 5
* Number of Scans Averaged by the Deck Unit = 1
* NMEA Latitude = 40 40.03 N
* NMEA Longitude = 072 58.42 W
* NMEA UTC (Time) = May 17 2023  03:25:59
* NMEA baud rate = 4800
** Ship: Seawolf
** Station: 9.1
** Operator: TDK
# nquan = 18
# nvalues = 8488                        
# units = specified
# name 0 = latitude: Latitude [deg]
# name 1 = longitude: Longitude [deg]
# name 2 = prDM: Pressure, Digiquartz [db]
# name 3 = depSM: Depth [salt water, m]
# name 4 = t090C: Temperature [ITS-90, deg C]
# name 5 = sal00: Salinity, Practical [PSU]
# name 6 = ph: pH
# name 7 = flECO-AFL: Fluorescence, WET Labs ECO-AFL/FL [mg/m^3]
# name 8 = cpar: CPAR/Corrected Irradiance [%]
# name 9 = density00: Density [density, kg/m^3]
# name 10 = potemp090C: Potential Temperature [ITS-90, deg C]
# name 11 = sigma-é00: Density [sigma-theta, kg/m^3]
# name 12 = sbeox0Mg/L: Oxygen, SBE 43 [mg/l]
# name 13 = sbox0Mm/Kg: Oxygen, SBE 43 [umol/kg]
# name 14 = oxsolMg/L: Oxygen Saturation, Garcia & Gordon [mg/l]
# name 15 = oxsolMm/Kg: Oxygen Saturation, Garcia & Gordon [umol/kg]
# name 16 = sbeox0PS: Oxygen, SBE 43 [% saturation]
# name 17 = flag:  0.000e+00
# span 0 =   40.66716,   40.66796       
# span 1 =  -72.97376,  -72.97246       
# span 2 =      1.268,     13.156       
# span 3 =      1.258,     13.054       
# span 4 =     9.6224,    10.4417       
# span 5 =    31.8768,    32.0196       
# span 6 =      7.930,      7.953       
# span 7 =     1.3310,     1.6399       
# span 8 = 5.0640e-11, 9.9999e+04       
# span 9 =  1024.4354,  1024.7448       
# span 10 =     9.6211,    10.4410      
# span 11 =    24.4466,    24.6860      
# span 12 =     8.4889,     8.7666      
# span 13 =    258.907,    267.421      
# span 14 =    9.11817,    9.27564      
# span 15 =  278.14616,  282.88689      
# span 16 =     91.748,     96.130      
# span 17 = 0.0000e+00, 0.0000e+00      
# interval = seconds: 0.0416667
# start_time = May 17 2023 03:25:58 [System UTC, first data scan.]
# bad_flag = -9.990e-29
*END*
[from data line 4101]
   40.66762  -72.97318      8.841      8.773    10.2726    31.8860      7.939     1.4250 9.9999e+04  1024.5151    10.2716    24.4764     8.6462    263.738    9.15175  279.15954     94.476 0.0000e+00
   40.66762  -72.97318      8.829      8.761    10.2711    31.8852      7.939     1.4385 9.9999e+04  1024.5154    10.2701    24.4759     8.6406    263.569    9.15166  279.15664     94.416 0.0000e+00
   40.66762  -72.97318      8.808      8.740    10.2687    31.8851      7.939     1.4385 9.9999e+04  1024.5163    10.2677    24.4763     8.6454    263.715    9.15145  279.15015     94.471 0.0000e+00
   40.66762  -72.97318      8.788      8.720    10.2657    31.8845      7.939     1.4250 9.9999e+04  1024.5171    10.2647    24.4760     8.6505    263.870    9.15106  279.13778     94.530 0.0000e+00
   40.66762  -72.97318      8.778      8.710    10.2678    31.8828      7.939     1.4385 9.9999e+04  1024.5134    10.2668    24.4745     8.6501    263.858    9.15046  279.11944     94.532 0.0000e+00
   40.66762  -72.97318      8.767      8.699    10.2695    31.8818      7.939     1.5190 9.9999e+04  1024.5127    10.2685    24.4734     8.6494    263.836    9.14988  279.10200     94.530 0.0000e+00
   40.66762  -72.97318      8.751      8.683    10.2725    31.8815      7.939     1.5728 9.9999e+04  1024.5130    10.2715    24.4728     8.6491    263.827    9.14927  279.08382     94.533 0.0000e+00
   40.66762  -72.97318      8.727      8.660    10.2754    31.8800      7.939     1.5728 9.9999e+04  1024.5117    10.2744    24.4712     8.6488    263.817    9.14887  279.07212     94.534 0.0000e+00
   40.66762  -72.97318      8.718      8.650    10.2781    31.8768      7.939     1.5728 9.9999e+04  1024.5072    10.2771    24.4685     8.6483    263.803    9.14860  279.06434     94.531 0.0000e+00
   40.66762  -72.97318      8.707      8.639    10.2768    31.8768      7.939     1.5593 9.9999e+04  1024.5040    10.2758    24.4673     8.6541    263.980    9.14842  279.05869     94.597 0.0000e+00
   40.66762  -72.97318      8.676      8.609    10.2700    31.8768      7.939     1.5593 9.9999e+04  1024.5076    10.2690    24.4694     8.6489    263.823    9.14823  279.05304     94.542 0.0000e+00
   40.66762  -72.97318      8.670      8.602    10.2645    31.8806      7.939     1.5728 9.9999e+04  1024.5135    10.2636    24.4732     8.6542    263.984    9.14802  279.04669     94.602 0.0000e+00
   40.66762  -72.97318      8.646      8.579    10.2615    31.8834      7.939     1.5728 9.9999e+04  1024.5161    10.2606    24.4761     8.6543    263.986    9.14786  279.04169     94.605 0.0000e+00
   40.66762  -72.97318      8.637      8.570    10.2582    31.8860      7.939     1.5593 9.9999e+04  1024.5154    10.2573    24.4790     8.6539    263.974    9.14752  279.03136     94.604 0.0000e+00
   40.66762  -72.97318      8.595      8.529    10.2496    31.8909      7.939     1.5593 9.9999e+04  1024.5229    10.2486    24.4838     8.6588    264.124    9.14705  279.01725     94.662 -9.990e-29
   40.66762  -72.97318      8.595      8.529    10.2442    31.8923      7.939     1.5593 9.9999e+04  1024.5301    10.2433    24.4879     8.6528    263.940    9.14664  279.00538     94.600 -9.990e-29
   40.66762  -72.97318      8.575      8.508    10.2432    31.8935      7.944     1.5728 9.9999e+04  1024.5282    10.2422    24.4880     8.6581    264.104    9.14644  278.99945     94.661 0.0000e+00
   40.66762  -72.97318      8.549      8.482    10.2430    31.8947      7.944     1.5728 9.9999e+04  1024.5221    10.2420    24.4865     8.6584    264.112    9.14638  278.99784     94.665 0.0000e+00
   40.66762  -72.97318      8.525      8.459    10.2355    31.8947      7.939     1.5728 9.9999e+04  1024.5247    10.2346    24.4882     8.6585    264.114    9.14640  278.99822     94.665 0.0000e+00
   40.66762  -72.97318      8.514      8.448    10.2309    31.8989      7.944     1.5728 9.9999e+04  1024.5320    10.2300    24.4930     8.6583    264.108    9.14641  278.99855     94.663 0.0000e+00
   40.66762  -72.97318      8.484      8.418    10.2314    31.9043      7.944     1.5728 9.9999e+04  1024.5375    10.2305    24.4974     8.6578    264.093    9.14640  278.99829     94.657 0.0000e+00
   40.66762  -72.97318      8.463      8.398    10.2317    31.9075      7.944     1.5593 9.9999e+04  1024.5381    10.2308    24.5000     8.6634    264.266    9.14637  278.99739     94.720 0.0000e+00
   40.66762  -72.97316      8.447      8.381    10.2293    31.9102      7.939     1.5593 9.9999e+04  1024.5398    10.2283    24.5023     8.6639    264.281    9.14640  278.99809     94.725 0.0000e+00
   40.66762  -72.97316      8.433      8.368    10.2261    31.9130      7.944     1.5593 9.9999e+04  1024.5445    10.2252    24.5047     8.6641    264.287    9.14644  278.99935     94.727 0.0000e+00
   40.66762  -72.97316      8.403      8.338    10.2289    31.9138      7.944     1.5593 9.9999e+04  1024.5444    10.2280    24.5052     8.6640    264.282    9.14636  278.99705     94.726 0.0000e+00
   40.66762  -72.97316      8.382      8.317    10.2352    31.9141      7.939     1.5728 9.9999e+04  1024.5412    10.2343    24.5044     8.6632    264.260    9.14604  278.98706     94.721 0.0000e+00
   40.66762  -72.97316      8.366      8.301    10.2374    31.9141      7.939     1.5728 9.9999e+04  1024.5419    10.2365    24.5041     8.6626    264.241    9.14534  278.96562     94.722 0.0000e+00
   40.66762  -72.97316      8.352      8.287    10.2400    31.9141      7.944     1.5593 9.9999e+04  1024.5427    10.2391    24.5040     8.6665    264.359    9.14440  278.93724     94.774 0.0000e+00
   40.66762  -72.97316      8.322      8.257    10.2444    31.9141      7.944     1.5728 9.9999e+04  1024.5410    10.2435    24.5028     8.6651    264.317    9.14353  278.91110     94.767 -9.990e-29
   40.66762  -72.97316      8.322      8.257    10.2490    31.9118      7.944     1.5190 9.9999e+04  1024.5389    10.2480    24.5002     8.6642    264.291    9.14272  278.88683     94.767 -9.990e-29
   40.66762  -72.97316      8.271      8.207    10.2556    31.9075      7.939     1.4653 9.9999e+04  1024.5342    10.2546    24.4959     8.6629    264.251    9.14170  278.85655     94.762 0.0000e+00
   40.66762  -72.97316      8.243      8.180    10.2624    31.9023      7.944     1.4519 9.9999e+04  1024.5266    10.2614    24.4910     8.6616    264.213    9.14106  278.83738     94.755 0.0000e+00
   40.66762  -72.97316      8.201      8.137    10.2642    31.9020      7.943     1.4519 9.9999e+04  1024.5231    10.2633    24.4885     8.6607    264.185    9.14096  278.83468     94.746 0.0000e+00
   40.66762  -72.97316      8.160      8.096    10.2645    31.9019      7.943     1.4653 9.9999e+04  1024.5265    10.2636    24.4888     8.6666    264.365    9.14147  278.85071     94.805 0.0000e+00
   40.66762  -72.97316      8.150      8.087    10.2703    31.9010      7.943     1.4653 9.9999e+04  1024.5268    10.2693    24.4892     8.6675    264.392    9.14221  278.87328     94.807 0.0000e+00
   40.66762  -72.97316      8.122      8.060    10.2755    31.9010      7.943     1.4653 9.9999e+04  1024.5249    10.2746    24.4884     8.6679    264.404    9.14273  278.88920     94.806 0.0000e+00
   40.66762  -72.97316      8.089      8.027    10.2763    31.9010      7.943     1.4653 9.9999e+04  1024.5240    10.2754    24.4875     8.6678    264.402    9.14310  278.90015     94.802 0.0000e+00
   40.66762  -72.97316      8.048      7.986    10.2760    31.9001      7.943     1.4519 9.9999e+04  1024.5230    10.2751    24.4867     8.6728    264.555    9.14309  278.89921     94.857 0.0000e+00
   40.66762  -72.97316      8.029      7.967    10.2753    31.8992      7.943     1.4653 9.9999e+04  1024.5223    10.2744    24.4861     8.6724    264.539    9.14288  278.89207     94.854 0.0000e+00
   40.66762  -72.97316      8.021      7.959    10.2742    31.8987      7.943     1.4653 9.9999e+04  1024.5217    10.2733    24.4857     8.6721    264.532    9.14250  278.88079     94.855 0.0000e+00
   40.66762  -72.97316      7.988      7.926    10.2715    31.8987      7.943     1.4653 9.9999e+04  1024.5212    10.2706    24.4858     8.6719    264.525    9.14236  278.87668     94.854 0.0000e+00
   40.66762  -72.97316      7.967      7.905    10.2677    31.8987      7.943     1.4653 9.9999e+04  1024.5225    10.2668    24.4869     8.6712    264.504    9.14207  278.86736     94.849 0.0000e+00
   40.66762  -72.97316      7.937      7.875    10.2650    31.9005      7.943     1.4653 9.9999e+04  1024.5247    10.2641    24.4887     8.6762    264.658    9.14131  278.84501     94.912 0.0000e+00
   40.66762  -72.97316      7.919      7.858    10.2637    31.9025      7.943     1.4653 9.9999e+04  1024.5266    10.2628    24.4905     8.6753    264.631    9.14064  278.82525     94.909 0.0000e+00
   40.66762  -72.97316      7.897      7.836    10.2632    31.9040      7.944     1.4519 9.9999e+04  1024.5282    10.2623    24.4917     8.6754    264.632    9.14042  278.81842     94.912 0.0000e+00
   40.66762  -72.97316      7.867      7.806    10.2643    31.9040      7.943     1.4653 9.9999e+04  1024.5278    10.2635    24.4921     8.6751    264.624    9.14018  278.81104     94.911 0.0000e+00
   40.66762  -72.97316      7.858      7.798    10.2648    31.9040      7.943     1.4519 9.9999e+04  1024.5280    10.2640    24.4919     8.6742    264.598    9.13963  278.79534     94.908 0.0000e+00
   40.66762  -72.97316      7.836      7.776    10.2673    31.9039      7.943     1.4653 9.9999e+04  1024.5264    10.2664    24.4912     8.6792    264.750    9.13945  278.79044     94.964 0.0000e+00
   40.66762  -72.97316      7.816      7.755    10.2682    31.9039      7.943     1.4653 9.9999e+04  1024.5255    10.2673    24.4906     8.6734    264.575    9.13957  278.79400     94.900 0.0000e+00
   40.66762  -72.97316      7.795      7.735    10.2685    31.9039      7.943     1.4519 9.9999e+04  1024.5257    10.2676    24.4907     8.6789    264.742    9.13970  278.79808     94.958 0.0000e+00
   40.66762  -72.97316      7.768      7.708    10.2693    31.9046      7.943     1.4653 9.9999e+04  1024.5262    10.2684    24.4913     8.6784    264.727    9.13988  278.80302     94.951 0.0000e+00
   40.66762  -72.97316      7.744      7.684    10.2707    31.9059      7.943     1.4519 9.9999e+04  1024.5274    10.2698    24.4920     8.6780    264.712    9.13966  278.79586     94.948 -9.990e-29
   40.66762  -72.97316      7.744      7.684    10.2735    31.9059      7.943     1.4519 9.9999e+04  1024.5275    10.2726    24.4923     8.6827    264.859    9.13853  278.76232     95.012 -9.990e-29
   40.66762  -72.97316      7.727      7.667    10.2762    31.9059      7.943     1.4653 9.9999e+04  1024.5274    10.2753    24.4918     8.6765    264.670    9.13740  278.72865     94.956 0.0000e+00
   40.66762  -72.97316      7.705      7.645    10.2798    31.9058      7.943     1.4519 9.9999e+04  1024.5254    10.2789    24.4906     8.6755    264.640    9.13669  278.70699     94.953 0.0000e+00
   40.66762  -72.97316      7.684      7.624    10.2823    31.9044      7.943     1.4653 9.9999e+04  1024.5235    10.2814    24.4890     8.6740    264.594    9.13573  278.67869     94.946 -9.990e-29
   40.66762  -72.97316      7.684      7.624    10.2841    31.9032      7.943     1.4653 9.9999e+04  1024.5221    10.2832    24.4879     8.6786    264.735    9.13538  278.66898     95.000 -9.990e-29
   40.66762  -72.97316      7.666      7.607    10.2850    31.9030      7.943     1.4653 9.9999e+04  1024.5217    10.2842    24.4872     8.6788    264.743    9.13592  278.68605     94.997 0.0000e+00
   40.66762  -72.97316      7.663      7.604    10.2860    31.9030      7.943     1.4653 9.9999e+04  1024.5214    10.2852    24.4870     8.6803    264.788    9.13716  278.72380     95.000 0.0000e+00
   40.66762  -72.97316      7.644      7.585    10.2869    31.9030      7.943     1.4519 9.9999e+04  1024.5217    10.2860    24.4871     8.6804    264.789    9.13799  278.74816     94.992 0.0000e+00
   40.66762  -72.97316      7.636      7.577    10.2875    31.9030      7.943     1.4519 9.9999e+04  1024.5220    10.2867    24.4871     8.6858    264.952    9.13795  278.74589     95.051 0.0000e+00
   40.66762  -72.97316      7.623      7.564    10.2894    31.9030      7.943     1.4653 9.9999e+04  1024.5213    10.2885    24.4866     8.6856    264.949    9.13771  278.73903     95.053 0.0000e+00
   40.66762  -72.97316      7.614      7.555    10.2920    31.9021      7.943     1.4653 9.9999e+04  1024.5202    10.2911    24.4855     8.6854    264.941    9.13759  278.73451     95.051 0.0000e+00
   40.66762  -72.97316      7.606      7.547    10.2945    31.9009      7.943     1.4519 9.9999e+04  1024.5185    10.2936    24.4843     8.6852    264.933    9.13703  278.71671     95.055 0.0000e+00
   40.66762  -72.97316      7.582      7.524    10.2959    31.8998      7.943     1.4519 9.9999e+04  1024.5171    10.2951    24.4832     8.6839    264.894    9.13645  278.69852     95.047 -9.990e-29
   40.66762  -72.97316      7.582      7.524    10.2963    31.8998      7.943     1.4519 9.9999e+04  1024.5167    10.2955    24.4827     8.6831    264.870    9.13584  278.68022     95.044 -9.990e-29
   40.66762  -72.97316      7.575      7.517    10.2962    31.8998      7.943     1.4519 9.9999e+04  1024.5170    10.2953    24.4828     8.6820    264.835    9.13516  278.65963     95.039 -9.990e-29
   40.66762  -72.97316      7.573      7.514    10.2959    31.8998      7.943     1.4653 9.9999e+04  1024.5174    10.2951    24.4830     8.6861    264.963    9.13432  278.63389     95.094 -9.990e-29
   40.66762  -72.97316      7.563      7.504    10.2958    31.9000      7.943     1.4653 9.9999e+04  1024.5177    10.2950    24.4832     8.6850    264.927    9.13343  278.60703     95.090 -9.990e-29
   40.66762  -72.97316      7.563      7.504    10.2961    31.9000      7.943     1.4519 9.9999e+04  1024.5173    10.2953    24.4832     8.6839    264.896    9.13286  278.59042     95.084 -9.990e-29
   40.66764  -72.97316      7.564      7.506    10.2960    31.9000      7.943     1.4519 9.9999e+04  1024.5174    10.2951    24.4832     8.6836    264.886    9.13254  278.58111     95.084 -9.990e-29
   40.66764  -72.97316      7.542      7.484    10.2958    31.9000      7.943     1.4653 9.9999e+04  1024.5173    10.2950    24.4832     8.6833    264.878    9.13254  278.58110     95.081 -9.990e-29
   40.66764  -72.97316      7.542      7.484    10.2962    31.9003      7.943     1.4519 9.9999e+04  1024.5173    10.2953    24.4834     8.6829    264.864    9.13255  278.58170     95.076 -9.990e-29
   40.66764  -72.97316      7.534      7.476    10.2974    31.9012      7.943     1.4653 9.9999e+04  1024.5179    10.2966    24.4838     8.6821    264.842    9.13257  278.58218     95.068 0.0000e+00
   40.66764  -72.97316      7.522      7.464    10.3005    31.9012      7.943     1.4519 9.9999e+04  1024.5186    10.2996    24.4837     8.6811    264.810    9.13246  278.57868     95.057 -9.990e-29
   40.66764  -72.97316      7.522      7.464    10.3057    31.9012      7.943     1.4653 9.9999e+04  1024.5166    10.3048    24.4827     8.6794    264.759    9.13206  278.56652     95.044 -9.990e-29
   40.66764  -72.97316      7.504      7.446    10.3103    31.9005      7.943     1.4653 9.9999e+04  1024.5152    10.3094    24.4812     8.6840    264.899    9.13164  278.55380     95.098 0.0000e+00
   40.66764  -72.97316      7.501      7.443    10.3146    31.8993      7.943     1.4653 9.9999e+04  1024.5138    10.3137    24.4796     8.6833    264.880    9.13122  278.54169     95.095 -9.990e-29
   40.66764  -72.97316      7.501      7.443    10.3202    31.8978      7.943     1.4922 9.9999e+04  1024.5115    10.3194    24.4776     8.6773    264.695    9.13131  278.54430     95.028 -9.990e-29
