CalculateIndicators/WaterTemperature/Data/CTD_NYOS/20230516_C10_2.cnv
* Sea-Bird SBE 9 Data File:
* FileName = C:\Seabird 9 CTD\Data\2023\202305_offshore\20230516_C10_2.hex
* Software Version Seasave V 7.23.2
* Temperature SN = 4590
* Conductivity SN = 3228
* Number of Bytes Per Scan = 44
* Number of Voltage Words = 5
* Number of Scans Averaged by the Deck Unit = 1
* NMEA Latitude = 39 19.60 N
* NMEA Longitude = 072 04.59 W
* NMEA UTC (Time) = May 16 2023  06:40:41
* NMEA baud rate = 4800
** Ship: seawolf
** Station: 9.7
** Operator: TDK
# nquan = 18
# nvalues = 10961                       
# units = specified
# name 0 = latitude: Latitude [deg]
# name 1 = longitude: Longitude [deg]
# name 2 = prDM: Pressure, Digiquartz [db]
# name 3 = depSM: Depth [salt water, m]
# name 4 = t090C: Temperature [ITS-90, deg C]
# name 5 = sal00: Salinity, Practical [PSU]
# name 6 = ph: pH
# name 7 = flECO-AFL: Fluorescence, WET Labs ECO-AFL/FL [mg/m^3]
# name 8 = cpar: CPAR/Corrected Irradiance [%]
# name 9 = density00: Density [density, kg/m^3]
# name 10 = potemp090C: Potential Temperature [ITS-90, deg C]
# name 11 = sigma-é00: Density [sigma-theta, kg/m^3]
# name 12 = sbeox0Mg/L: Oxygen, SBE 43 [mg/l]
# name 13 = sbox0Mm/Kg: Oxygen, SBE 43 [umol/kg]
# name 14 = oxsolMg/L: Oxygen Saturation, Garcia & Gordon [mg/l]
# name 15 = oxsolMm/Kg: Oxygen Saturation, Garcia & Gordon [umol/kg]
# name 16 = sbeox0PS: Oxygen, SBE 43 [% saturation]
# name 17 = flag:  0.000e+00
# span 0 =   39.32666,   39.32784       
# span 1 =  -72.07650,  -72.07332       
# span 2 =      0.221,    103.056       
# span 3 =      0.219,    102.247       
# span 4 =    13.8218,    15.1531       
# span 5 =     1.7799,    35.7187       
# span 6 =      8.018,      8.094       
# span 7 =    -0.2136,     4.6753       
# span 8 = 5.0640e-11, 9.9999e+04       
# span 9 =  1000.5150,  1026.9479       
# span 10 =    13.8218,    15.1375      
# span 11 =     0.5916,    26.4960      
# span 12 =     7.0869,    10.3380      
# span 13 =    215.753,    322.900      
# span 14 =    8.07470,   10.23538      
# span 15 =  245.82460,  319.69622      
# span 16 =     83.226,    101.417      
# span 17 = 0.0000e+00, 0.0000e+00      
# interval = seconds: 0.0416667
# start_time = May 16 2023 06:40:42 [System UTC, first data scan.]
# bad_flag = -9.990e-29
*END*
[from data line 8443]
   39.32752  -72.07398      1.801      1.787    13.9665    34.0620 -9.990e-29     0.0551 9.9999e+04  1025.4768    13.9662    25.4691     8.4313    256.938    8.35385  254.57752    100.927 -9.990e-29
   39.32752  -72.07398      1.833      1.819    13.9659    34.0620 -9.990e-29     0.0551 9.9999e+04  1025.4775    13.9657    25.4693     8.4319    256.956    8.35383  254.57673    100.935 -9.990e-29
   39.32752  -72.07398      1.893      1.879    13.9659    34.0620 -9.990e-29     0.0551 9.9999e+04  1025.4780    13.9657    25.4695     8.4268    256.800    8.35384  254.57714    100.873 -9.990e-29
   39.32752  -72.07398      1.944      1.929    13.9656    34.0620 -9.990e-29     0.0551 9.9999e+04  1025.4783    13.9653    25.4695     8.4261    256.780    8.35382  254.57656    100.866 -9.990e-29
   39.32752  -72.07398      1.974      1.959    13.9656    34.0621 -9.990e-29     0.0551 9.9999e+04  1025.4778    13.9653    25.4694     8.4305    256.915    8.35385  254.57742    100.918 -9.990e-29
   39.32752  -72.07398      1.984      1.969    13.9654    34.0621 -9.990e-29     0.0551 9.9999e+04  1025.4782    13.9652    25.4695     8.4304    256.909    8.35387  254.57801    100.916 -9.990e-29
   39.32752  -72.07398      2.044      2.029    13.9654    34.0622 -9.990e-29     0.0551 9.9999e+04  1025.4788    13.9651    25.4697     8.4301    256.901    8.35387  254.57809    100.912 -9.990e-29
   39.32752  -72.07398      2.085      2.069    13.9653    34.0624 -9.990e-29     0.0551 9.9999e+04  1025.4792    13.9650    25.4699     8.4298    256.893    8.35393  254.57990    100.908 -9.990e-29
   39.32752  -72.07398      2.125      2.109    13.9654    34.0625 -9.990e-29     0.0551 9.9999e+04  1025.4794    13.9651    25.4699     8.4345    257.036    8.35394  254.58037    100.964 -9.990e-29
   39.32752  -72.07398      2.166      2.150    13.9656    34.0627 -9.990e-29     0.0551 9.9999e+04  1025.4795    13.9653    25.4700     8.4301    256.900    8.35394  254.58035    100.911 -9.990e-29
   39.32752  -72.07398      2.197      2.180    13.9654    34.0630 -9.990e-29     0.0551 9.9999e+04  1025.4802    13.9651    25.4703     8.4301    256.902    8.35395  254.58049    100.912 -9.990e-29
   39.32752  -72.07398      2.216      2.199    13.9656    34.0630 -9.990e-29     0.0551 9.9999e+04  1025.4804    13.9653    25.4704     8.4296    256.884    8.35397  254.58097    100.905 -9.990e-29
   39.32752  -72.07398      2.236      2.219    13.9659    34.0630 -9.990e-29     0.0551 9.9999e+04  1025.4802    13.9656    25.4702     8.4295    256.881    8.35395  254.58034    100.904 -9.990e-29
   39.32752  -72.07398      2.257      2.240    13.9661    34.0626 -9.990e-29     0.0551 9.9999e+04  1025.4798    13.9658    25.4699     8.4293    256.877    8.35393  254.58004    100.902 -9.990e-29
   39.32752  -72.07398      2.278      2.260    13.9662    34.0623 -9.990e-29     0.0551 9.9999e+04  1025.4795    13.9658    25.4697     8.4292    256.872    8.35393  254.57981    100.901 -9.990e-29
   39.32752  -72.07398      2.297      2.279    13.9659    34.0623 -9.990e-29     0.0551 9.9999e+04  1025.4799    13.9656    25.4697     8.4346    257.038    8.35391  254.57941    100.966 -9.990e-29
   39.32752  -72.07398      2.308      2.290    13.9656    34.0623 -9.990e-29     0.0551 9.9999e+04  1025.4799    13.9653    25.4697     8.4298    256.891    8.35390  254.57883    100.908 -9.990e-29
   39.32752  -72.07398      2.327      2.309    13.9658    34.0623 -9.990e-29     0.0551 9.9999e+04  1025.4799    13.9654    25.4697     8.4346    257.038    8.35391  254.57926    100.966 -9.990e-29
   39.32752  -72.07398      2.339      2.322    13.9656    34.0624 -9.990e-29     0.0551 9.9999e+04  1025.4802    13.9653    25.4698     8.4348    257.043    8.35390  254.57913    100.968 -9.990e-29
   39.32752  -72.07398      2.348      2.330    13.9654    34.0626 -9.990e-29     0.0551 9.9999e+04  1025.4804    13.9651    25.4700     8.4349    257.049    8.35395  254.58056    100.970 -9.990e-29
   39.32752  -72.07398      2.368      2.350    13.9656    34.0626 -9.990e-29     0.0551 9.9999e+04  1025.4805    13.9653    25.4700     8.4356    257.068    8.35396  254.58066    100.977 -9.990e-29
   39.32752  -72.07398      2.359      2.341    13.9659    34.0626 -9.990e-29     0.0551 4.0833e+00  1025.4804    13.9656    25.4699     8.4305    256.914    8.35397  254.58120    100.916 -9.990e-29
   39.32752  -72.07398      2.389      2.371    13.9659    34.0626 -9.990e-29     0.0551 7.5234e+00  1025.4804    13.9656    25.4698     8.4356    257.069    8.35400  254.58190    100.977 -9.990e-29
   39.32752  -72.07398      2.378      2.360    13.9659    34.0625 -9.990e-29     0.0551 9.2497e+00  1025.4803    13.9656    25.4698     8.4310    256.929    8.35400  254.58190    100.922 -9.990e-29
   39.32754  -72.07398      2.389      2.371    13.9658    34.0624 -9.990e-29     0.0551 9.1370e+00  1025.4805    13.9654    25.4697     8.4360    257.081    8.35398  254.58144    100.982 -9.990e-29
   39.32754  -72.07398      2.399      2.380    13.9659    34.0622 -9.990e-29     0.0551 9.0253e+00  1025.4800    13.9656    25.4696     8.4314    256.940    8.35399  254.58177    100.926 -9.990e-29
   39.32754  -72.07398      2.399      2.380    13.9658    34.0622 -9.990e-29     0.0551 8.9883e+00  1025.4804    13.9654    25.4696     8.4363    257.089    8.35394  254.58022    100.985 -9.990e-29
   39.32754  -72.07398      2.389      2.371    13.9661    34.0622 -9.990e-29     0.0551 9.0253e+00  1025.4800    13.9658    25.4695     8.4315    256.945    8.35393  254.57994    100.929 -9.990e-29
   39.32754  -72.07398      2.399      2.380    13.9658    34.0622 -9.990e-29     0.0551 1.0146e+01  1025.4803    13.9654    25.4695     8.4313    256.938    8.35394  254.58022    100.926 -9.990e-29
   39.32754  -72.07398      2.408      2.390    13.9659    34.0622 -9.990e-29     0.0551 1.0889e+01  1025.4802    13.9656    25.4696     8.4311    256.932    8.35396  254.58071    100.923 -9.990e-29
   39.32754  -72.07398      2.389      2.371    13.9659    34.0623 -9.990e-29     0.0551 1.0931e+01  1025.4803    13.9656    25.4696     8.4308    256.923    8.35397  254.58103    100.920 -9.990e-29
   39.32754  -72.07398      2.379      2.361    13.9661    34.0625 -9.990e-29     0.0551 7.3279e+00  1025.4802    13.9658    25.4697     8.4299    256.896    8.35392  254.57960    100.910 -9.990e-29
   39.32754  -72.07398      2.368      2.350    13.9663    34.0625 -9.990e-29     0.0551 5.1431e+00  1025.4803    13.9660    25.4697     8.4245    256.731    8.35392  254.57966    100.845 -9.990e-29
   39.32754  -72.07398      2.359      2.341    13.9663    34.0625 -9.990e-29     0.0551 4.8344e+00  1025.4801    13.9660    25.4697     8.4287    256.859    8.35392  254.57955    100.895 -9.990e-29
   39.32754  -72.07398      2.338      2.320    13.9663    34.0625 -9.990e-29     0.0551 4.0370e+00  1025.4802    13.9660    25.4697     8.4283    256.848    8.35386  254.57780    100.892 -9.990e-29
   39.32754  -72.07398      2.317      2.300    13.9665    34.0623 -9.990e-29     0.0551 3.2061e+00  1025.4797    13.9662    25.4696     8.4229    256.681    8.35384  254.57692    100.826 -9.990e-29
   39.32754  -72.07398      2.278      2.260    13.9663    34.0623 -9.990e-29     0.0551 3.0421e+00  1025.4796    13.9660    25.4695     8.4271    256.809    8.35384  254.57734    100.877 -9.990e-29
   39.32754  -72.07398      2.267      2.249    13.9663    34.0623 -9.990e-29     0.0551 2.9615e+00  1025.4795    13.9660    25.4695     8.4267    256.798    8.35383  254.57681    100.872 -9.990e-29
   39.32754  -72.07398      2.236      2.219    13.9665    34.0623 -9.990e-29     0.0551 2.8227e+00  1025.4793    13.9661    25.4695     8.4263    256.787    8.35381  254.57631    100.868 -9.990e-29
   39.32754  -72.07398      2.206      2.189    13.9663    34.0624 -9.990e-29     0.0685 2.7835e+00  1025.4795    13.9660    25.4696     8.4208    256.618    8.35380  254.57575    100.802 -9.990e-29
   39.32754  -72.07398      2.166      2.150    13.9665    34.0624 -9.990e-29     0.0819 2.9816e+00  1025.4791    13.9662    25.4696     8.4198    256.587    8.35374  254.57403    100.791 -9.990e-29
   39.32754  -72.07398      2.136      2.120    13.9663    34.0624 -9.990e-29     0.0819 3.4162e+00  1025.4792    13.9660    25.4696     8.4188    256.557    8.35373  254.57383    100.779 -9.990e-29
   39.32754  -72.07398      2.085      2.069    13.9665    34.0624 -9.990e-29     0.0819 3.5669e+00  1025.4787    13.9662    25.4696     8.4178    256.527    8.35372  254.57341    100.768 -9.990e-29
   39.32754  -72.07398      2.055      2.039    13.9663    34.0623 -9.990e-29     0.0819 4.0140e+00  1025.4789    13.9660    25.4696     8.4162    256.479    8.35370  254.57299    100.749 -9.990e-29
   39.32754  -72.07398      2.025      2.009    13.9665    34.0623 -9.990e-29     0.0819 5.8208e+00  1025.4783    13.9662    25.4695     8.4153    256.450    8.35371  254.57309    100.737 -9.990e-29
   39.32754  -72.07398      1.993      1.978    13.9665    34.0623 -9.990e-29     0.0819 6.6083e+00  1025.4784    13.9662    25.4695     8.4138    256.403    8.35373  254.57368    100.719 -9.990e-29
   39.32754  -72.07398      1.953      1.939    13.9665    34.0623 -9.990e-29     0.0819 6.6690e+00  1025.4782    13.9662    25.4695     8.4077    256.219    8.35377  254.57508    100.646 -9.990e-29
   39.32754  -72.07398      1.923      1.909    13.9665    34.0623 -9.990e-29     0.0819 6.9467e+00  1025.4779    13.9662    25.4695     8.4112    256.326    8.35374  254.57417    100.688 -9.990e-29
   39.32754  -72.07398      1.863      1.849    13.9665    34.0624 -9.990e-29     0.0819 7.1357e+00  1025.4777    13.9662    25.4696     8.4108    256.314    8.35377  254.57500    100.683 -9.990e-29
   39.32754  -72.07398      1.842      1.828    13.9665    34.0624 -9.990e-29     0.0819 7.0723e+00  1025.4780    13.9662    25.4696     8.4105    256.303    8.35376  254.57473    100.679 -9.990e-29
   39.32754  -72.07398      1.791      1.778    13.9665    34.0624 -9.990e-29     0.0819 6.1635e+00  1025.4776    13.9662    25.4696     8.4050    256.136    8.35375  254.57432    100.614 -9.990e-29
   39.32754  -72.07398      1.771      1.757    13.9666    34.0624 -9.990e-29     0.0819 5.7092e+00  1025.4774    13.9663    25.4696     8.4035    256.091    8.35373  254.57394    100.596 -9.990e-29
   39.32754  -72.07398      1.721      1.708    13.9665    34.0624 -9.990e-29     0.0819 3.1236e+00  1025.4771    13.9662    25.4696     8.4021    256.047    8.35373  254.57375    100.579 -9.990e-29
   39.32754  -72.07398      1.690      1.677    13.9663    34.0624 -9.990e-29     0.0819 3.2933e-01  1025.4772    13.9660    25.4696     8.4012    256.021    8.35371  254.57337    100.569 -9.990e-29
   39.32754  -72.07398      1.650      1.637    13.9663    34.0624 -9.990e-29     0.0819 5.0640e-11  1025.4769    13.9661    25.4696     8.4004    255.996    8.35372  254.57365    100.559 -9.990e-29
   39.32754  -72.07398      1.620      1.607    13.9660    34.0623 -9.990e-29     0.0819 4.7964e-02  1025.4767    13.9658    25.4696     8.3997    255.975    8.35375  254.57428    100.550 -9.990e-29
   39.32754  -72.07398      1.589      1.577    13.9659    34.0623 -9.990e-29     0.0819 2.8031e+00  1025.4765    13.9657    25.4696     8.3940    255.800    8.35380  254.57612    100.481 -9.990e-29
   39.32754  -72.07398      1.559      1.547    13.9659    34.0623      8.081     0.0819 4.6342e+00  1025.4764    13.9657    25.4696     8.3984    255.935    8.35380  254.57611    100.534 -9.990e-29
   39.32754  -72.07398      1.538      1.527    13.9658    34.0625      8.081     0.0819 4.6590e+00  1025.4767    13.9656    25.4698     8.3978    255.918    8.35380  254.57601    100.527 -9.990e-29
   39.32754  -72.07398      1.508      1.497    13.9656    34.0625      8.081     0.0819 2.1324e+00  1025.4767    13.9654    25.4699     8.3973    255.903    8.35384  254.57707    100.521 -9.990e-29
   39.32754  -72.07398      1.478      1.467    13.9658    34.0625      8.081     0.0819 9.7855e-01  1025.4764    13.9656    25.4698     8.3918    255.733    8.35382  254.57664    100.454 -9.990e-29
   39.32754  -72.07398      1.448      1.437    13.9659    34.0624      8.081     0.0819 8.7833e-01  1025.4760    13.9657    25.4697     8.3959    255.859    8.35382  254.57664    100.504 -9.990e-29
   39.32754  -72.07398      1.437      1.426    13.9659    34.0624      8.081     0.0819 3.5019e+00  1025.4761    13.9657    25.4696     8.3955    255.847    8.35382  254.57664    100.499 -9.990e-29
   39.32754  -72.07398      1.407      1.396    13.9661    34.0624      8.081     0.0819 6.3984e+00  1025.4757    13.9659    25.4696     8.3952    255.837    8.35381  254.57621    100.495 -9.990e-29
   39.32754  -72.07398      1.376      1.366    13.9661    34.0624      8.081     0.0819 6.7916e+00  1025.4758    13.9659    25.4696     8.3955    255.847    8.35382  254.57643    100.499 -9.990e-29
   39.32754  -72.07398      1.356      1.345    13.9661    34.0624      8.081     0.0819 5.0132e+00  1025.4755    13.9659    25.4696     8.3953    255.841    8.35384  254.57711    100.497 -9.990e-29
   39.32754  -72.07398      1.326      1.315    13.9661    34.0624      8.081     0.0819 3.4162e+00  1025.4755    13.9659    25.4697     8.3957    255.854    8.35383  254.57667    100.502 -9.990e-29
   39.32754  -72.07398      1.326      1.315    13.9658    34.0624      8.081     0.0819 3.1032e+00  1025.4757    13.9656    25.4697     8.4013    256.023    8.35381  254.57610    100.568 -9.990e-29
   39.32754  -72.07398      1.306      1.296    13.9658    34.0624      8.081     0.0819 3.8097e+00  1025.4755    13.9656    25.4697     8.3973    255.902    8.35382  254.57640    100.521 -9.990e-29
   39.32754  -72.07398      1.286      1.276    13.9658    34.0624      8.081     0.0819 4.9617e+00  1025.4752    13.9656    25.4696     8.4030    256.075    8.35382  254.57655    100.589 -9.990e-29
   39.32754  -72.07398      1.265      1.255    13.9656    34.0624      8.081     0.0819 5.2749e+00  1025.4752    13.9654    25.4696     8.3985    255.939    8.35381  254.57610    100.535 -9.990e-29
   39.32754  -72.07398      1.265      1.255    13.9656    34.0624      8.081     0.0819 5.4355e+00  1025.4752    13.9654    25.4697     8.3992    255.960    8.35380  254.57593    100.544 -9.990e-29
   39.32754  -72.07398      1.244      1.235    13.9656    34.0624      8.081     0.0819 5.8489e+00  1025.4753    13.9654    25.4697     8.3994    255.967    8.35384  254.57710    100.546 -9.990e-29
   39.32754  -72.07398      1.232      1.223    13.9656    34.0624      8.081     0.0819 5.9907e+00  1025.4751    13.9654    25.4697     8.4053    256.146    8.35382  254.57654    100.617 -9.990e-29
   39.32754  -72.07398      1.225      1.216    13.9659    34.0624      8.081     0.0819 7.4579e+00  1025.4750    13.9658    25.4697     8.4062    256.172    8.35380  254.57588    100.627 -9.990e-29
   39.32754  -72.07398      1.225      1.216    13.9658    34.0624      8.081     0.0819 1.4791e+01  1025.4755    13.9656    25.4698     8.4076    256.216    8.35380  254.57587    100.644 -9.990e-29
   39.32754  -72.07398      1.205      1.195    13.9658    34.0624      8.081     0.0819 1.8785e+01  1025.4752    13.9656    25.4698     8.4085    256.243    8.35381  254.57608    100.655 -9.990e-29
   39.32754  -72.07398      1.214      1.205    13.9658    34.0624      8.081     0.0819 1.9307e+01  1025.4751    13.9656    25.4697     8.4094    256.270    8.35377  254.57492    100.666 -9.990e-29
   39.32754  -72.07398      1.195      1.186    13.9658    34.0624      8.081     0.0819 2.3002e+01  1025.4749    13.9656    25.4696     8.4103    256.299    8.35377  254.57491    100.677 -9.990e-29
