CalculateIndicators/WaterTemperature/Data/CTD_NYOS/20231002_C01.cnv
* Sea-Bird SBE 9 Data File:
* FileName = C:\Seabird 9 CTD\Data\2023\202309_offshore\20231002_C01.hex
* Software Version Seasave V 7.23.2
* Temperature SN = 4590
* Conductivity SN = 3228
* Number of Bytes Per Scan = 44
* Number of Voltage Words = 5
* Number of Scans Averaged by the Deck Unit = 1
* NMEA Latitude = 40 57.68 N
* NMEA Longitude = 073 34.80 W
* NMEA UTC (Time) = Oct 02 2023  21:29:41
* NMEA baud rate = 4800
** Ship: seawolf
** Station: LIS-ARIG
** Operator: SW
# nquan = 18
# nvalues = 10505                       
# units = specified
# name 0 = latitude: Latitude [deg]
# name 1 = longitude: Longitude [deg]
# name 2 = prDM: Pressure, Digiquartz [db]
# name 3 = depSM: Depth [salt water, m]
# name 4 = t090C: Temperature [ITS-90, deg C]
# name 5 = sal00: Salinity, Practical [PSU]
# name 6 = ph: pH
# name 7 = flECO-AFL: Fluorescence, WET Labs ECO-AFL/FL [mg/m^3]
# name 8 = cpar: CPAR/Corrected Irradiance [%]
# name 9 = density00: Density [density, kg/m^3]
# name 10 = potemp090C: Potential Temperature [ITS-90, deg C]
# name 11 = sigma-é00: Density [sigma-theta, kg/m^3]
# name 12 = sbeox0Mg/L: Oxygen, SBE 43 [mg/l]
# name 13 = sbox0Mm/Kg: Oxygen, SBE 43 [umol/kg]
# name 14 = oxsolMg/L: Oxygen Saturation, Garcia & Gordon [mg/l]
# name 15 = oxsolMm/Kg: Oxygen Saturation, Garcia & Gordon [umol/kg]
# name 16 = sbeox0PS: Oxygen, SBE 43 [% saturation]
# name 17 = flag:  0.000e+00
# span 0 =   40.96132,   40.96226       
# span 1 =  -73.58006,  -73.57906       
# span 2 =      1.788,     13.480       
# span 3 =      1.774,     13.375       
# span 4 =    18.7983,    19.9451       
# span 5 =    25.7101,    26.2117       
# span 6 =      7.612,      7.857       
# span 7 =     0.4177,     3.4800       
# span 8 = 2.1034e-02, 4.8857e+01       
# span 9 =  1017.8032,  1018.4263       
# span 10 =    18.7961,    19.9446      
# span 11 =    17.7961,    18.3673      
# span 12 =     6.7649,     8.9303      
# span 13 =    207.596,    274.167      
# span 14 =    7.80927,    7.97269      
# span 15 =  239.75086,  244.69566      
# span 16 =     84.893,    114.329      
# span 17 = 0.0000e+00, 0.0000e+00      
# interval = seconds: 0.0416667
# start_time = Oct 02 2023 21:29:44 [System UTC, first data scan.]
# bad_flag = -9.990e-29
*END*
[from data line 322]
   40.96162  -73.57990      1.929      1.914    19.8791    25.9778      7.848     2.4189 1.6331e+01  1017.9340    19.8788    17.9254     8.7972    270.077    7.81580  239.94773    112.557 -9.990e-29
   40.96162  -73.57990      1.918      1.903    19.8807    25.9768      7.848     2.4189 1.6609e+01  1017.9327    19.8804    17.9244     8.8014    270.207    7.81547  239.93850    112.615 -9.990e-29
   40.96162  -73.57990      1.918      1.903    19.8818    25.9757      7.848     2.4189 1.6703e+01  1017.9316    19.8814    17.9232     8.8018    270.220    7.81517  239.93022    112.625 -9.990e-29
   40.96162  -73.57990      1.909      1.894    19.8830    25.9748      7.848     2.4055 1.6703e+01  1017.9304    19.8827    17.9223     8.8019    270.225    7.81497  239.92459    112.629 -9.990e-29
   40.96162  -73.57990      1.918      1.903    19.8837    25.9742      7.848     2.3518 1.6609e+01  1017.9299    19.8833    17.9215     8.8026    270.246    7.81493  239.92292    112.639 -9.990e-29
   40.96162  -73.57990      1.910      1.895    19.8846    25.9737      7.848     2.3383 1.6516e+01  1017.9293    19.8843    17.9210     8.7983    270.113    7.81488  239.92079    112.584 -9.990e-29
   40.96162  -73.57990      1.909      1.894    19.8851    25.9735      7.848     2.3383 1.6516e+01  1017.9289    19.8848    17.9207     8.8031    270.260    7.81468  239.91466    112.649 -9.990e-29
   40.96162  -73.57990      1.909      1.894    19.8855    25.9735      7.848     2.3383 1.6446e+01  1017.9289    19.8851    17.9206     8.8038    270.283    7.81459  239.91197    112.659 -9.990e-29
   40.96162  -73.57990      1.899      1.884    19.8858    25.9735      7.848     2.3383 1.6353e+01  1017.9290    19.8855    17.9206     8.8042    270.295    7.81458  239.91199    112.664 -9.990e-29
   40.96148  -73.58002      1.909      1.894    19.8863    25.9734      7.848     2.3383 1.6353e+01  1017.9288    19.8860    17.9204     8.8052    270.325    7.81470  239.91552    112.675 -9.990e-29
   40.96148  -73.58002      1.899      1.884    19.8870    25.9732      7.848     2.3383 1.6678e+01  1017.9284    19.8867    17.9200     8.8059    270.345    7.81490  239.92171    112.680 -9.990e-29
   40.96148  -73.58002      1.899      1.884    19.8875    25.9730      7.848     2.3383 1.7010e+01  1017.9279    19.8872    17.9198     8.8065    270.365    7.81511  239.92800    112.686 -9.990e-29
   40.96148  -73.58002      1.899      1.884    19.8881    25.9729      7.848     2.3383 1.7033e+01  1017.9279    19.8878    17.9196     8.8072    270.386    7.81533  239.93453    112.691 -9.990e-29
   40.96148  -73.58002      1.899      1.884    19.8884    25.9728      7.848     2.3383 1.6468e+01  1017.9278    19.8881    17.9194     8.8126    270.550    7.81560  239.94257    112.756 -9.990e-29
   40.96148  -73.58002      1.899      1.884    19.8886    25.9723      7.848     2.3383 1.5699e+01  1017.9274    19.8883    17.9189     8.8137    270.585    7.81591  239.95152    112.766 -9.990e-29
   40.96148  -73.58002      1.899      1.884    19.8895    25.9717      7.848     2.3383 1.5523e+01  1017.9265    19.8891    17.9182     8.8146    270.611    7.81597  239.95318    112.776 -9.990e-29
   40.96148  -73.58002      1.888      1.873    19.8903    25.9710      7.848     2.3383 1.6101e+01  1017.9255    19.8900    17.9175     8.8107    270.491    7.81591  239.95158    112.727 -9.990e-29
   40.96148  -73.58002      1.899      1.884    19.8902    25.9710      7.848     2.3383 1.7323e+01  1017.9254    19.8898    17.9172     8.8105    270.485    7.81578  239.94766    112.727 -9.990e-29
   40.96148  -73.58002      1.889      1.875    19.8900    25.9710      7.848     2.3383 1.7717e+01  1017.9253    19.8897    17.9173     8.8195    270.764    7.81565  239.94385    112.845 -9.990e-29
   40.96148  -73.58002      1.888      1.873    19.8898    25.9711      7.848     2.3383 1.7544e+01  1017.9260    19.8895    17.9176     8.8155    270.641    7.81560  239.94257    112.794 -9.990e-29
   40.96148  -73.58002      1.888      1.873    19.8897    25.9715      7.848     2.3383 1.7010e+01  1017.9263    19.8893    17.9181     8.8162    270.662    7.81558  239.94192    112.803 -9.990e-29
   40.96148  -73.58002      1.888      1.873    19.8893    25.9719      7.848     2.3383 1.6773e+01  1017.9268    19.8890    17.9184     8.8215    270.824    7.81558  239.94181    112.871 -9.990e-29
   40.96148  -73.58002      1.888      1.873    19.8897    25.9721      7.848     2.3383 1.6678e+01  1017.9268    19.8893    17.9185     8.8175    270.701    7.81559  239.94216    112.819 -9.990e-29
   40.96148  -73.58002      1.888      1.873    19.8897    25.9721      7.848     2.3383 1.6034e+01  1017.9269    19.8893    17.9185     8.8177    270.707    7.81559  239.94214    112.822 -9.990e-29
   40.96148  -73.58002      1.869      1.854    19.8898    25.9721      7.848     2.3383 1.5789e+01  1017.9267    19.8895    17.9183     8.8183    270.725    7.81562  239.94298    112.829 -9.990e-29
   40.96148  -73.58002      1.889      1.875    19.8905    25.9718      7.848     2.3383 1.5745e+01  1017.9264    19.8902    17.9181     8.8230    270.871    7.81562  239.94291    112.890 -9.990e-29
   40.96148  -73.58002      1.878      1.864    19.8907    25.9714      7.848     2.3383 1.5395e+01  1017.9260    19.8904    17.9177     8.8189    270.743    7.81561  239.94232    112.837 -9.990e-29
   40.96148  -73.58002      1.878      1.864    19.8912    25.9714      7.848     2.3383 1.5202e+01  1017.9255    19.8909    17.9175     8.8235    270.885    7.81558  239.94140    112.896 -9.990e-29
   40.96148  -73.58002      1.878      1.864    19.8909    25.9714      7.848     2.3383 1.5202e+01  1017.9258    19.8906    17.9175     8.8240    270.899    7.81564  239.94306    112.902 -9.990e-29
   40.96148  -73.58002      1.878      1.864    19.8905    25.9714      7.848     2.3249 1.6263e+01  1017.9259    19.8902    17.9177     8.8243    270.910    7.81564  239.94290    112.906 -9.990e-29
   40.96148  -73.58002      1.869      1.854    19.8898    25.9716      7.848     2.3249 1.7012e+01  1017.9264    19.8895    17.9180     8.8245    270.917    7.81557  239.94100    112.910 -9.990e-29
   40.96148  -73.58002      1.869      1.854    19.8897    25.9717      7.848     2.3249 1.7108e+01  1017.9264    19.8893    17.9182     8.8247    270.921    7.81548  239.93833    112.913 -9.990e-29
   40.96148  -73.58002      1.878      1.864    19.8897    25.9718      7.848     2.3249 1.7108e+01  1017.9265    19.8893    17.9184     8.8248    270.925    7.81540  239.93599    112.916 -9.990e-29
   40.96148  -73.58002      1.869      1.854    19.8891    25.9721      7.848     2.3249 1.7108e+01  1017.9268    19.8888    17.9186     8.8203    270.787    7.81537  239.93536    112.858 -9.990e-29
   40.96148  -73.58002      1.878      1.864    19.8886    25.9724      7.848     2.3249 1.7108e+01  1017.9271    19.8883    17.9190     8.8246    270.919    7.81534  239.93467    112.914 -9.990e-29
   40.96148  -73.58002      1.878      1.864    19.8879    25.9729      7.848     2.3249 1.6846e+01  1017.9278    19.8876    17.9195     8.8247    270.922    7.81533  239.93454    112.915 -9.990e-29
   40.96148  -73.58002      1.878      1.864    19.8875    25.9735      7.848     2.3249 1.6425e+01  1017.9282    19.8872    17.9201     8.8298    271.079    7.81540  239.93662    112.979 -9.990e-29
   40.96148  -73.58002      1.878      1.864    19.8868    25.9743      7.848     2.3249 1.6333e+01  1017.9293    19.8865    17.9208     8.8254    270.944    7.81527  239.93293    112.925 -9.990e-29
   40.96148  -73.58002      1.869      1.854    19.8867    25.9752      7.848     2.3249 1.6379e+01  1017.9298    19.8863    17.9215     8.8252    270.938    7.81516  239.92990    112.924 -9.990e-29
   40.96148  -73.58002      1.888      1.873    19.8879    25.9761      7.848     2.3249 1.6518e+01  1017.9300    19.8876    17.9220     8.8248    270.928    7.81497  239.92436    112.922 -9.990e-29
   40.96148  -73.58002      1.888      1.873    19.8890    25.9771      7.848     2.3249 1.6518e+01  1017.9310    19.8886    17.9225     8.8246    270.920    7.81489  239.92218    112.920 -9.990e-29
   40.96148  -73.58002      1.888      1.873    19.8897    25.9771      7.848     2.3249 1.6287e+01  1017.9315    19.8893    17.9228     8.8196    270.768    7.81483  239.92051    112.858 -9.990e-29
   40.96148  -73.58002      1.888      1.873    19.8900    25.9771      7.848     2.3249 1.5527e+01  1017.9310    19.8897    17.9225     8.8237    270.894    7.81494  239.92382    112.908 -9.990e-29
   40.96148  -73.58002      1.899      1.884    19.8905    25.9770      7.848     2.3249 1.5267e+01  1017.9297    19.8902    17.9219     8.8237    270.892    7.81518  239.93102    112.904 -9.990e-29
   40.96148  -73.58002      1.899      1.884    19.8900    25.9770      7.848     2.3249 1.5267e+01  1017.9295    19.8897    17.9217     8.8238    270.894    7.81558  239.94277    112.900 -9.990e-29
   40.96148  -73.58002      1.899      1.884    19.8895    25.9767      7.848     2.3249 1.5204e+01  1017.9307    19.8891    17.9220     8.8242    270.906    7.81594  239.95305    112.900 -9.990e-29
   40.96148  -73.58002      1.918      1.903    19.8914    25.9767      7.848     2.3249 1.5204e+01  1017.9311    19.8911    17.9220     8.8245    270.916    7.81627  239.96272    112.899 -9.990e-29
   40.96148  -73.58002      1.909      1.894    19.8943    25.9767      7.848     2.3249 1.5161e+01  1017.9300    19.8940    17.9208     8.8201    270.780    7.81650  239.96958    112.839 -9.990e-29
   40.96148  -73.58002      1.918      1.903    19.8980    25.9743      7.848     2.3249 1.5076e+01  1017.9269    19.8977    17.9181     8.8197    270.767    7.81658  239.97178    112.833 -9.990e-29
   40.96148  -73.58002      1.918      1.903    19.9016    25.9709      7.848     2.3249 1.5056e+01  1017.9229    19.9013    17.9147     8.8189    270.742    7.81664  239.97353    112.822 -9.990e-29
   40.96148  -73.58002      1.920      1.905    19.9049    25.9679      7.848     2.3249 1.5056e+01  1017.9192    19.9045    17.9116     8.8184    270.726    7.81669  239.97482    112.814 -9.990e-29
   40.96148  -73.58002      1.929      1.914    19.9069    25.9679      7.848     2.3249 1.5399e+01  1017.9172    19.9065    17.9102     8.8177    270.707    7.81661  239.97246    112.807 -9.990e-29
   40.96148  -73.58002      1.929      1.914    19.9064    25.9679      7.848     2.3786 1.5617e+01  1017.9190    19.9061    17.9108     8.8170    270.686    7.81648  239.96850    112.800 -9.990e-29
   40.96148  -73.58002      1.929      1.914    19.9059    25.9691      7.848     2.4726 1.5617e+01  1017.9212    19.9056    17.9120     8.8163    270.663    7.81635  239.96458    112.793 -9.990e-29
   40.96148  -73.58002      1.929      1.914    19.9071    25.9691      7.848     2.4995 1.5838e+01  1017.9214    19.9067    17.9124     8.8105    270.486    7.81623  239.96103    112.721 -9.990e-29
   40.96148  -73.58002      1.939      1.924    19.9080    25.9691      7.848     2.4861 1.6017e+01  1017.9205    19.9077    17.9119     8.8095    270.455    7.81623  239.96089    112.708 -9.990e-29
   40.96148  -73.58002      1.929      1.914    19.9085    25.9686      7.848     2.4861 1.6062e+01  1017.9193    19.9082    17.9113     8.8085    270.424    7.81625  239.96139    112.695 -9.990e-29
   40.96148  -73.58002      1.940      1.925    19.9077    25.9683      7.848     2.4861 1.8855e+01  1017.9195    19.9074    17.9110     8.8120    270.531    7.81614  239.95799    112.741 -9.990e-29
   40.96148  -73.58002      1.939      1.924    19.9064    25.9683      7.848     2.4861 2.2828e+01  1017.9196    19.9061    17.9113     8.8065    270.363    7.81592  239.95158    112.674 -9.990e-29
   40.96148  -73.58002      1.929      1.914    19.9049    25.9683      7.848     2.4861 2.3812e+01  1017.9201    19.9046    17.9118     8.8053    270.327    7.81577  239.94712    112.661 -9.990e-29
   40.96148  -73.58002      1.939      1.924    19.9033    25.9690      7.848     2.4861 2.1339e+01  1017.9209    19.9029    17.9128     8.8087    270.432    7.81562  239.94295    112.707 -9.990e-29
   40.96148  -73.58002      1.939      1.924    19.9010    25.9701      7.848     2.4861 1.7774e+01  1017.9225    19.9007    17.9142     8.8034    270.268    7.81553  239.94029    112.640 -9.990e-29
   40.96148  -73.58002      1.939      1.924    19.8982    25.9714      7.848     2.4861 1.6896e+01  1017.9247    19.8979    17.9156     8.8027    270.247    7.81550  239.93936    112.631 -9.990e-29
   40.96148  -73.58002      1.929      1.914    19.8977    25.9714      7.848     2.4861 1.6944e+01  1017.9252    19.8974    17.9163     8.8021    270.228    7.81548  239.93895    112.624 -9.990e-29
   40.96148  -73.58002      1.939      1.924    19.8981    25.9714      7.848     2.4861 1.6944e+01  1017.9251    19.8977    17.9163     8.8061    270.352    7.81549  239.93931    112.675 -9.990e-29
   40.96148  -73.58002      1.929      1.914    19.8993    25.9714      7.848     2.4861 1.6944e+01  1017.9241    19.8989    17.9156     8.8008    270.189    7.81542  239.93729    112.608 -9.990e-29
   40.96148  -73.58002      1.939      1.924    19.9005    25.9708      7.848     2.4861 1.6801e+01  1017.9231    19.9001    17.9149     8.8044    270.299    7.81537  239.93564    112.655 -9.990e-29
   40.96148  -73.58002      1.929      1.914    19.9009    25.9704      7.848     2.4861 1.6290e+01  1017.9227    19.9005    17.9145     8.8000    270.163    7.81538  239.93620    112.598 -9.990e-29
   40.96148  -73.58002      1.939      1.924    19.9010    25.9703      7.848     2.4861 1.6038e+01  1017.9228    19.9007    17.9143     8.7994    270.146    7.81539  239.93663    112.590 -9.990e-29
   40.96148  -73.58002      1.929      1.914    19.9011    25.9703      7.848     2.4861 1.6220e+01  1017.9226    19.9007    17.9143     8.8035    270.271    7.81540  239.93696    112.642 -9.990e-29
   40.96148  -73.58002      1.929      1.914    19.9010    25.9703      7.848     2.4861 1.7549e+01  1017.9226    19.9007    17.9144     8.7991    270.138    7.81546  239.93867    112.586 -9.990e-29
   40.96148  -73.58002      1.939      1.924    19.9008    25.9706      7.848     2.4861 1.8254e+01  1017.9231    19.9005    17.9146     8.7987    270.126    7.81557  239.94214    112.580 -9.990e-29
   40.96148  -73.58002      1.929      1.914    19.9005    25.9711      7.848     2.4861 1.8202e+01  1017.9234    19.9002    17.9150     8.8031    270.261    7.81583  239.95001    112.632 -9.990e-29
   40.96148  -73.58002      1.929      1.914    19.9003    25.9717      7.848     2.4861 1.5859e+01  1017.9240    19.9000    17.9156     8.8033    270.264    7.81604  239.95634    112.631 -9.990e-29
   40.96148  -73.58002      1.939      1.924    19.9000    25.9726      7.848     2.4861 1.4576e+01  1017.9249    19.8997    17.9163     8.7992    270.139    7.81628  239.96325    112.575 -9.990e-29
   40.96148  -73.58002      1.940      1.925    19.9000    25.9734      7.848     2.4861 1.4413e+01  1017.9255    19.8996    17.9169     8.8036    270.274    7.81649  239.96958    112.628 -9.990e-29
   40.96148  -73.58002      1.939      1.924    19.8994    25.9737      7.848     2.4861 1.4494e+01  1017.9260    19.8991    17.9174     8.8042    270.292    7.81673  239.97678    112.633 -9.990e-29
   40.96148  -73.58002      1.939      1.924    19.8993    25.9737      7.848     2.4592 1.4494e+01  1017.9263    19.8990    17.9175     8.8047    270.307    7.81687  239.98083    112.637 -9.990e-29
   40.96148  -73.58002      1.939      1.924    19.9000    25.9737      7.848     2.4592 1.4453e+01  1017.9256    19.8996    17.9171     8.8052    270.322    7.81699  239.98421    112.641 -9.990e-29
   40.96148  -73.58002      1.939      1.924    19.9007    25.9730      7.848     2.4592 1.3530e+01  1017.9251    19.9004    17.9164     8.8010    270.193    7.81705  239.98589    112.587 -9.990e-29
