CalculateIndicators/WaterTemperature/Data/CTD_NYOS/20231004_C15.cnv
* Sea-Bird SBE 9 Data File:
* FileName = C:\Seabird 9 CTD\Data\2023\202309_offshore\20231004_C15.hex
* Software Version Seasave V 7.23.2
* Temperature SN = 4590
* Conductivity SN = 3228
* Number of Bytes Per Scan = 44
* Number of Voltage Words = 5
* Number of Scans Averaged by the Deck Unit = 1
* NMEA Latitude = 40 13.10 N
* NMEA Longitude = 072 41.38 W
* NMEA UTC (Time) = Oct 04 2023  17:43:12
* NMEA baud rate = 4800
** Ship: seawolf
** Station: 9.3
** Operator: TDK
# nquan = 18
# nvalues = 14738                       
# units = specified
# name 0 = latitude: Latitude [deg]
# name 1 = longitude: Longitude [deg]
# name 2 = prDM: Pressure, Digiquartz [db]
# name 3 = depSM: Depth [salt water, m]
# name 4 = t090C: Temperature [ITS-90, deg C]
# name 5 = sal00: Salinity, Practical [PSU]
# name 6 = ph: pH
# name 7 = flECO-AFL: Fluorescence, WET Labs ECO-AFL/FL [mg/m^3]
# name 8 = cpar: CPAR/Corrected Irradiance [%]
# name 9 = density00: Density [density, kg/m^3]
# name 10 = potemp090C: Potential Temperature [ITS-90, deg C]
# name 11 = sigma-é00: Density [sigma-theta, kg/m^3]
# name 12 = sbeox0Mg/L: Oxygen, SBE 43 [mg/l]
# name 13 = sbox0Mm/Kg: Oxygen, SBE 43 [umol/kg]
# name 14 = oxsolMg/L: Oxygen Saturation, Garcia & Gordon [mg/l]
# name 15 = oxsolMm/Kg: Oxygen Saturation, Garcia & Gordon [umol/kg]
# name 16 = sbeox0PS: Oxygen, SBE 43 [% saturation]
# name 17 = flag:  0.000e+00
# span 0 =   40.21800,   40.21848       
# span 1 =  -72.68974,  -72.68854       
# span 2 =      1.962,     50.562       
# span 3 =      1.947,     50.168       
# span 4 =    16.2598,    18.5177       
# span 5 =    31.9677,    33.1841       
# span 6 =      7.881,      8.018       
# span 7 =     0.0551,     0.5520       
# span 8 = 1.4431e-01, 1.7090e+02       
# span 9 =  1022.9117,  1024.4409       
# span 10 =    16.2520,    18.5114      
# span 11 =    22.9043,    24.2060      
# span 12 =     5.6287,     7.7690      
# span 13 =    171.783,    237.287      
# span 14 =    7.68615,    8.04542      
# span 15 =  234.62849,  245.53942      
# span 16 =     70.043,     99.036      
# span 17 = 0.0000e+00, 0.0000e+00      
# interval = seconds: 0.0416667
# start_time = Oct 04 2023 17:43:11 [System UTC, first data scan.]
# bad_flag = -9.990e-29
*END*
[from data line 14714]
   40.21804  -72.68860      2.352      2.334    17.7899    32.0644      8.002     0.1088 4.3887e+01  1023.0864    17.7895    23.0758 -9.990e-29 -9.990e-29 -9.990e-29 -9.990e-29 -9.990e-29 -9.990e-29
   40.21804  -72.68860      2.351      2.333    17.7894    32.0649      8.002     0.1088 3.0365e+01  1023.0866    17.7890    23.0762 -9.990e-29 -9.990e-29 -9.990e-29 -9.990e-29 -9.990e-29 -9.990e-29
   40.21804  -72.68860      2.341      2.323    17.7887    32.0651      8.002     0.1088 2.5293e+01  1023.0868    17.7883    23.0766 -9.990e-29 -9.990e-29 -9.990e-29 -9.990e-29 -9.990e-29 -9.990e-29
   40.21804  -72.68860      2.341      2.323    17.7880    32.0654      8.002     0.1222 2.4869e+01  1023.0874    17.7876    23.0770 -9.990e-29 -9.990e-29 -9.990e-29 -9.990e-29 -9.990e-29 -9.990e-29
   40.21804  -72.68860      2.332      2.314    17.7877    32.0659      8.002     0.1088 2.2099e+01  1023.0877    17.7873    23.0774 -9.990e-29 -9.990e-29 -9.990e-29 -9.990e-29 -9.990e-29 -9.990e-29
   40.21804  -72.68860      2.321      2.303    17.7878    32.0664      8.002     0.1088 2.0369e+01  1023.0879    17.7874    23.0779 -9.990e-29 -9.990e-29 -9.990e-29 -9.990e-29 -9.990e-29 -9.990e-29
   40.21804  -72.68860      2.311      2.293    17.7880    32.0672      8.002     0.1088 2.0141e+01  1023.0887    17.7876    23.0784 -9.990e-29 -9.990e-29 -9.990e-29 -9.990e-29 -9.990e-29 -9.990e-29
   40.21804  -72.68860      2.311      2.293    17.7885    32.0674      8.002     0.1088 2.0028e+01  1023.0891    17.7881    23.0786 -9.990e-29 -9.990e-29 -9.990e-29 -9.990e-29 -9.990e-29 -9.990e-29
   40.21804  -72.68860      2.311      2.293    17.7897    32.0674      8.002     0.1088 1.9916e+01  1023.0886    17.7893    23.0783 -9.990e-29 -9.990e-29 -9.990e-29 -9.990e-29 -9.990e-29 -9.990e-29
   40.21804  -72.68860      2.311      2.293    17.7911    32.0674      8.002     0.1222 1.9860e+01  1023.0879    17.7907    23.0778 -9.990e-29 -9.990e-29 -9.990e-29 -9.990e-29 -9.990e-29 -9.990e-29
   40.21804  -72.68860      2.300      2.282    17.7922    32.0672      8.002     0.1088 2.1669e+01  1023.0874    17.7918    23.0774 -9.990e-29 -9.990e-29 -9.990e-29 -9.990e-29 -9.990e-29 -9.990e-29
   40.21804  -72.68860      2.302      2.284    17.7929    32.0672      8.002     0.1088 2.3910e+01  1023.0873    17.7925    23.0770 -9.990e-29 -9.990e-29 -9.990e-29 -9.990e-29 -9.990e-29 -9.990e-29
   40.21804  -72.68860      2.311      2.293    17.7941    32.0672      8.002     0.1088 2.4453e+01  1023.0867    17.7937    23.0768 -9.990e-29 -9.990e-29 -9.990e-29 -9.990e-29 -9.990e-29 -9.990e-29
   40.21804  -72.68860      2.311      2.293    17.7948    32.0672      8.002     0.1088 2.4385e+01  1023.0868    17.7944    23.0768 -9.990e-29 -9.990e-29 -9.990e-29 -9.990e-29 -9.990e-29 -9.990e-29
   40.21804  -72.68860      2.311      2.293    17.7952    32.0677      8.002     0.1088 2.4316e+01  1023.0872    17.7949    23.0771 -9.990e-29 -9.990e-29 -9.990e-29 -9.990e-29 -9.990e-29 -9.990e-29
   40.21804  -72.68860      2.311      2.293    17.7960    32.0679      8.002     0.1088 2.4248e+01  1023.0876    17.7956    23.0771 -9.990e-29 -9.990e-29 -9.990e-29 -9.990e-29 -9.990e-29 -9.990e-29
   40.21804  -72.68860      2.332      2.314    17.7970    32.0679      8.002     0.1088 2.7674e+01  1023.0872    17.7966    23.0769 -9.990e-29 -9.990e-29 -9.990e-29 -9.990e-29 -9.990e-29 -9.990e-29
   40.21804  -72.68860      2.332      2.314    17.7984    32.0679      8.002     0.1088 3.7283e+01  1023.0864    17.7980    23.0765 -9.990e-29 -9.990e-29 -9.990e-29 -9.990e-29 -9.990e-29 -9.990e-29
   40.21804  -72.68860      2.341      2.323    17.7989    32.0679      8.002     0.1088 4.1023e+01  1023.0867    17.7985    23.0763 -9.990e-29 -9.990e-29 -9.990e-29 -9.990e-29 -9.990e-29 -9.990e-29
   40.21804  -72.68860      2.351      2.333    17.8006    32.0679      8.002     0.1088 3.7917e+01  1023.0865    17.8002    23.0760 -9.990e-29 -9.990e-29 -9.990e-29 -9.990e-29 -9.990e-29 -9.990e-29
   40.21804  -72.68860      2.351      2.333    17.8022    32.0673      8.002     0.1222 2.7519e+01  1023.0858    17.8018    23.0751 -9.990e-29 -9.990e-29 -9.990e-29 -9.990e-29 -9.990e-29 -9.990e-29
   40.21804  -72.68860      2.372      2.353    17.8039    32.0659      8.002     0.1088 2.4180e+01  1023.0838    17.8035    23.0737 -9.990e-29 -9.990e-29 -9.990e-29 -9.990e-29 -9.990e-29 -9.990e-29
   40.21804  -72.68860      2.372      2.353    17.8049    32.0646      8.002     0.1088 2.5364e+01  1023.0825    17.8045    23.0726 -9.990e-29 -9.990e-29 -9.990e-29 -9.990e-29 -9.990e-29 -9.990e-29
   40.21804  -72.68860      2.392      2.374    17.8049    32.0641      8.002     0.1088 3.6763e+01  1023.0819    17.8045    23.0721 -9.990e-29 -9.990e-29 -9.990e-29 -9.990e-29 -9.990e-29 -9.990e-29
