CalculateIndicators/WaterTemperature/Data/CTD_NYOS/20230516_C10.cnv
* Sea-Bird SBE 9 Data File:
* FileName = C:\Seabird 9 CTD\Data\2023\202305_offshore\20230516_C10.hex
* Software Version Seasave V 7.23.2
* Temperature SN = 4590
* Conductivity SN = 3228
* Number of Bytes Per Scan = 44
* Number of Voltage Words = 5
* Number of Scans Averaged by the Deck Unit = 1
* NMEA Latitude = 39 19.93 N
* NMEA Longitude = 072 03.57 W
* NMEA UTC (Time) = May 16 2023  07:19:14
* NMEA baud rate = 4800
** Ship: Seawolf
** Station: 9.7
** Operator: TDK
# nquan = 18
# nvalues = 20090                       
# units = specified
# name 0 = latitude: Latitude [deg]
# name 1 = longitude: Longitude [deg]
# name 2 = prDM: Pressure, Digiquartz [db]
# name 3 = depSM: Depth [salt water, m]
# name 4 = t090C: Temperature [ITS-90, deg C]
# name 5 = sal00: Salinity, Practical [PSU]
# name 6 = ph: pH
# name 7 = flECO-AFL: Fluorescence, WET Labs ECO-AFL/FL [mg/m^3]
# name 8 = cpar: CPAR/Corrected Irradiance [%]
# name 9 = density00: Density [density, kg/m^3]
# name 10 = potemp090C: Potential Temperature [ITS-90, deg C]
# name 11 = sigma-é00: Density [sigma-theta, kg/m^3]
# name 12 = sbeox0Mg/L: Oxygen, SBE 43 [mg/l]
# name 13 = sbox0Mm/Kg: Oxygen, SBE 43 [umol/kg]
# name 14 = oxsolMg/L: Oxygen Saturation, Garcia & Gordon [mg/l]
# name 15 = oxsolMm/Kg: Oxygen Saturation, Garcia & Gordon [umol/kg]
# name 16 = sbeox0PS: Oxygen, SBE 43 [% saturation]
# name 17 = flag:  0.000e+00
# span 0 =   39.33216,   39.33410       
# span 1 =  -72.05964,  -72.05324       
# span 2 =      1.011,    103.047       
# span 3 =      1.003,    102.238       
# span 4 =    13.6892,    15.0873       
# span 5 =    33.9797,    35.6931       
# span 6 =      8.021,      8.098       
# span 7 =    -0.0927,     1.3713       
# span 8 = 5.0640e-11, 9.9999e+04       
# span 9 =  1025.3211,  1026.9463       
# span 10 =    13.6797,    15.0717      
# span 11 =    25.3573,    26.4938      
# span 12 =     7.0852,     8.4816      
# span 13 =    215.703,    258.460      
# span 14 =    8.08672,    8.36666      
# span 15 =  246.19258,  255.00764      
# span 16 =     87.150,    102.032      
# span 17 = 0.0000e+00, 0.0000e+00      
# interval = seconds: 0.0416667
# start_time = May 16 2023 07:19:13 [System UTC, first data scan.]
# bad_flag = -9.990e-29
*END*
[from data line 18171]
   39.33392  -72.05386      5.201      5.162    13.9548    34.0718      8.085     0.0685 9.9999e+04  1025.5025    13.9540    25.4794     8.4275    256.818    8.35535  254.62063    100.863 -9.990e-29
   39.33392  -72.05386      5.201      5.162    13.9548    34.0718      8.085     0.0685 9.9999e+04  1025.5025    13.9540    25.4794     8.4269    256.800    8.35534  254.62016    100.856 -9.990e-29
   39.33392  -72.05386      5.201      5.162    13.9548    34.0718      8.085     0.0685 9.9999e+04  1025.5023    13.9540    25.4794     8.4264    256.785    8.35533  254.62003    100.850 -9.990e-29
   39.33392  -72.05386      5.211      5.171    13.9546    34.0718      8.085     0.0685 9.9999e+04  1025.5026    13.9539    25.4794     8.4259    256.770    8.35533  254.62001    100.844 -9.990e-29
   39.33392  -72.05386      5.222      5.182    13.9546    34.0718      8.085     0.0685 9.9999e+04  1025.5025    13.9539    25.4794     8.4254    256.756    8.35530  254.61911    100.839 -9.990e-29
   39.33392  -72.05386      5.232      5.192    13.9548    34.0718      8.085     0.0685 9.9999e+04  1025.5024    13.9540    25.4794     8.4250    256.744    8.35529  254.61887    100.835 -9.990e-29
   39.33392  -72.05386      5.222      5.182    13.9546    34.0718      8.085     0.0685 9.9999e+04  1025.5027    13.9539    25.4795     8.4196    256.580    8.35534  254.62023    100.770 -9.990e-29
   39.33392  -72.05386      5.241      5.201    13.9546    34.0719      8.085     0.0685 9.9999e+04  1025.5028    13.9539    25.4795     8.4188    256.555    8.35533  254.62010    100.760 -9.990e-29
   39.33392  -72.05386      5.252      5.212    13.9546    34.0719      8.085     0.0685 9.9999e+04  1025.5025    13.9539    25.4795     8.4231    256.687    8.35532  254.61970    100.812 -9.990e-29
   39.33392  -72.05386      5.273      5.233    13.9543    34.0719      8.085     0.0685 9.9999e+04  1025.5032    13.9535    25.4796     8.4230    256.683    8.35537  254.62139    100.810 -9.990e-29
   39.33392  -72.05386      5.262      5.222    13.9544    34.0719      8.085     0.0551 9.9999e+04  1025.5029    13.9537    25.4796     8.4229    256.681    8.35538  254.62147    100.809 -9.990e-29
   39.33392  -72.05386      5.273      5.233    13.9544    34.0719      8.085     0.0551 9.9999e+04  1025.5027    13.9537    25.4795     8.4178    256.524    8.35538  254.62156    100.747 -9.990e-29
   39.33392  -72.05386      5.281      5.241    13.9544    34.0720      8.085     0.0551 9.9999e+04  1025.5030    13.9537    25.4796     8.4223    256.662    8.35537  254.62137    100.801 -9.990e-29
   39.33392  -72.05386      5.303      5.263    13.9544    34.0721      8.085     0.0551 9.9999e+04  1025.5032    13.9537    25.4797     8.4224    256.664    8.35538  254.62157    100.802 -9.990e-29
   39.33392  -72.05386      5.292      5.252    13.9544    34.0721      8.085     0.0551 9.9999e+04  1025.5032    13.9537    25.4797     8.4224    256.665    8.35533  254.61994    100.803 -9.990e-29
   39.33392  -72.05386      5.303      5.263    13.9546    34.0722      8.085     0.0551 9.9999e+04  1025.5033    13.9538    25.4797     8.4226    256.670    8.35534  254.62025    100.805 -9.990e-29
   39.33392  -72.05384      5.313      5.272    13.9548    34.0722      8.085     0.0551 9.9999e+04  1025.5029    13.9540    25.4796     8.4222    256.657    8.35530  254.61917    100.800 -9.990e-29
   39.33392  -72.05384      5.302      5.261    13.9546    34.0723      8.085     0.0551 9.9999e+04  1025.5034    13.9538    25.4798     8.4223    256.662    8.35524  254.61738    100.803 -9.990e-29
   39.33392  -72.05384      5.322      5.282    13.9546    34.0724      8.085     0.0551 9.9999e+04  1025.5035    13.9538    25.4799     8.4226    256.669    8.35522  254.61662    100.806 -9.990e-29
   39.33392  -72.05384      5.322      5.282    13.9549    34.0724      8.085     0.0551 9.9999e+04  1025.5033    13.9542    25.4799     8.4229    256.678    8.35520  254.61600    100.810 -9.990e-29
   39.33392  -72.05384      5.333      5.293    13.9546    34.0725      8.085     0.0551 9.9999e+04  1025.5036    13.9538    25.4800     8.4277    256.826    8.35520  254.61630    100.868 -9.990e-29
   39.33392  -72.05384      5.332      5.291    13.9548    34.0727      8.085     0.0551 9.9999e+04  1025.5037    13.9540    25.4800     8.4287    256.856    8.35523  254.61722    100.879 -9.990e-29
   39.33392  -72.05384      5.333      5.293    13.9548    34.0727      8.085     0.0551 9.9999e+04  1025.5037    13.9540    25.4800     8.4245    256.728    8.35519  254.61587    100.829 -9.990e-29
   39.33392  -72.05384      5.343      5.302    13.9546    34.0728      8.085     0.0551 9.9999e+04  1025.5038    13.9538    25.4801     8.4244    256.724    8.35521  254.61634    100.828 -9.990e-29
   39.33392  -72.05384      5.353      5.312    13.9544    34.0728      8.085     0.0551 9.9999e+04  1025.5042    13.9537    25.4802     8.4299    256.891    8.35519  254.61596    100.894 -9.990e-29
   39.33392  -72.05384      5.343      5.302    13.9546    34.0728      8.085     0.0551 9.9999e+04  1025.5038    13.9538    25.4802     8.4303    256.905    8.35517  254.61523    100.899 -9.990e-29
   39.33392  -72.05384      5.353      5.312    13.9544    34.0728      8.085     0.0551 9.9999e+04  1025.5040    13.9537    25.4802     8.4313    256.936    8.35517  254.61520    100.911 -9.990e-29
   39.33392  -72.05384      5.364      5.323    13.9546    34.0727      8.085     0.0551 9.9999e+04  1025.5041    13.9538    25.4802     8.4324    256.968    8.35518  254.61533    100.924 -9.990e-29
   39.33392  -72.05384      5.362      5.321    13.9544    34.0725      8.085     0.0551 9.9999e+04  1025.5037    13.9537    25.4800     8.4329    256.984    8.35518  254.61564    100.930 -9.990e-29
   39.33392  -72.05384      5.354      5.313    13.9546    34.0725 -9.990e-29     0.0551 9.9999e+04  1025.5035    13.9538    25.4799     8.4334    256.998    8.35515  254.61467    100.936 -9.990e-29
   39.33392  -72.05384      5.354      5.313    13.9544    34.0725 -9.990e-29     0.0551 9.9999e+04  1025.5037    13.9537    25.4800     8.4344    257.030    8.35514  254.61436    100.949 -9.990e-29
   39.33392  -72.05384      5.353      5.312    13.9544    34.0727 -9.990e-29     0.0551 9.9999e+04  1025.5039    13.9537    25.4801     8.4355    257.065    8.35515  254.61462    100.962 -9.990e-29
   39.33392  -72.05384      5.343      5.302    13.9544    34.0727 -9.990e-29     0.0551 9.9999e+04  1025.5038    13.9537    25.4801     8.4367    257.098    8.35514  254.61431    100.976 -9.990e-29
   39.33392  -72.05384      5.343      5.302    13.9544    34.0727 -9.990e-29     0.0551 9.9999e+04  1025.5039    13.9537    25.4801     8.4378    257.134    8.35516  254.61500    100.989 -9.990e-29
   39.33392  -72.05384      5.343      5.302    13.9544    34.0727 -9.990e-29     0.0685 9.9999e+04  1025.5038    13.9537    25.4801     8.4390    257.169    8.35511  254.61332    101.004 -9.990e-29
   39.33392  -72.05384      5.332      5.291    13.9544    34.0727 -9.990e-29     0.0819 9.9999e+04  1025.5038    13.9537    25.4801     8.4402    257.206    8.35513  254.61412    101.018 -9.990e-29
   39.33392  -72.05384      5.313      5.272    13.9543    34.0726 -9.990e-29     0.0819 9.9999e+04  1025.5037    13.9535    25.4801     8.4409    257.227    8.35520  254.61608    101.025 -9.990e-29
   39.33392  -72.05384      5.313      5.272    13.9544    34.0726 -9.990e-29     0.0819 9.9999e+04  1025.5036    13.9537    25.4801     8.4415    257.245    8.35514  254.61440    101.033 -9.990e-29
   39.33392  -72.05384      5.302      5.261    13.9543    34.0726 -9.990e-29     0.0819 9.9999e+04  1025.5036    13.9535    25.4801     8.4421    257.264    8.35511  254.61352    101.041 -9.990e-29
   39.33392  -72.05384      5.303      5.263    13.9543    34.0725 -9.990e-29     0.0819 9.9999e+04  1025.5037    13.9535    25.4800     8.4478    257.439    8.35513  254.61402    101.110 -9.990e-29
   39.33392  -72.05382      5.281      5.241    13.9544    34.0725 -9.990e-29     0.0819 9.9999e+04  1025.5032    13.9537    25.4799     8.4439    257.319    8.35511  254.61360    101.063 -9.990e-29
   39.33392  -72.05382      5.262      5.222    13.9544    34.0725 -9.990e-29     0.0819 9.9999e+04  1025.5033    13.9537    25.4799     8.4439    257.320    8.35512  254.61392    101.063 -9.990e-29
   39.33392  -72.05382      5.252      5.212    13.9543    34.0725 -9.990e-29     0.0819 9.9999e+04  1025.5032    13.9535    25.4800     8.4497    257.495    8.35518  254.61576    101.131 -9.990e-29
   39.33392  -72.05382      5.232      5.192    13.9544    34.0725 -9.990e-29     0.0819 9.9999e+04  1025.5034    13.9537    25.4800     8.4503    257.513    8.35519  254.61597    101.138 -9.990e-29
   39.33392  -72.05382      5.222      5.182    13.9544    34.0725 -9.990e-29     0.0819 9.9999e+04  1025.5030    13.9537    25.4800     8.4457    257.374    8.35524  254.61749    101.083 -9.990e-29
   39.33392  -72.05382      5.201      5.162    13.9544    34.0726 -9.990e-29     0.0819 9.9999e+04  1025.5030    13.9537    25.4800     8.4513    257.545    8.35523  254.61724    101.150 -9.990e-29
   39.33392  -72.05382      5.181      5.141    13.9546    34.0726 -9.990e-29     0.0819 9.9999e+04  1025.5028    13.9539    25.4801     8.4523    257.577    8.35523  254.61712    101.162 0.0000e+00
   39.33392  -72.05382      5.160      5.121    13.9543    34.0728 -9.990e-29     0.0819 9.9999e+04  1025.5033    13.9535    25.4802     8.4528    257.589    8.35522  254.61665    101.167 0.0000e+00
   39.33392  -72.05382      5.151      5.111    13.9544    34.0728 -9.990e-29     0.0819 9.9999e+04  1025.5029    13.9537    25.4802     8.4537    257.619    8.35522  254.61685    101.179 0.0000e+00
   39.33392  -72.05382      5.111      5.072    13.9544    34.0728 -9.990e-29     0.0819 9.9999e+04  1025.5029    13.9537    25.4803     8.4541    257.630    8.35522  254.61661    101.184 0.0000e+00
   39.33392  -72.05382      5.090      5.051    13.9544    34.0728 -9.990e-29     0.0819 9.9999e+04  1025.5029    13.9537    25.4803     8.4544    257.640    8.35521  254.61637    101.188 0.0000e+00
   39.33392  -72.05382      5.050      5.012    13.9544    34.0728 -9.990e-29     0.0819 9.9999e+04  1025.5027    13.9537    25.4802     8.4547    257.648    8.35521  254.61663    101.191 0.0000e+00
   39.33392  -72.05382      5.028      4.990    13.9548    34.0727 -9.990e-29     0.0819 9.9999e+04  1025.5022    13.9541    25.4800     8.4550    257.656    8.35525  254.61771    101.193 0.0000e+00
   39.33392  -72.05382      4.999      4.961    13.9548    34.0725 -9.990e-29     0.0819 9.9999e+04  1025.5021    13.9541    25.4799     8.4551    257.660    8.35517  254.61533    101.196 0.0000e+00
   39.33392  -72.05382      4.969      4.931    13.9546    34.0724 -9.990e-29     0.0819 9.9999e+04  1025.5018    13.9539    25.4799     8.4553    257.665    8.35522  254.61674    101.197 0.0000e+00
   39.33392  -72.05382      4.947      4.909    13.9546    34.0723 -9.990e-29     0.0819 9.9999e+04  1025.5018    13.9539    25.4798     8.4599    257.806    8.35523  254.61711    101.252 0.0000e+00
   39.33392  -72.05382      4.918      4.881    13.9548    34.0723 -9.990e-29     0.0819 9.9999e+04  1025.5014    13.9541    25.4796     8.4547    257.649    8.35521  254.61626    101.191 0.0000e+00
   39.33392  -72.05382      4.877      4.840    13.9546    34.0723 -9.990e-29     0.0819 9.9999e+04  1025.5009    13.9539    25.4796     8.4546    257.646    8.35517  254.61520    101.190 0.0000e+00
   39.33392  -72.05382      4.847      4.810    13.9543    34.0723 -9.990e-29     0.0819 9.9999e+04  1025.5016    13.9536    25.4799     8.4546    257.644    8.35523  254.61701    101.189 0.0000e+00
   39.33392  -72.05382      4.817      4.780    13.9543    34.0723 -9.990e-29     0.0551 9.9999e+04  1025.5014    13.9536    25.4799     8.4492    257.482    8.35518  254.61549    101.126 0.0000e+00
   39.33392  -72.05382      4.775      4.739    13.9544    34.0723 -9.990e-29     0.0551 9.9999e+04  1025.5009    13.9538    25.4798     8.4531    257.599    8.35523  254.61698    101.171 0.0000e+00
   39.33392  -72.05382      4.745      4.709    13.9544    34.0724 -9.990e-29     0.0551 9.9999e+04  1025.5007    13.9538    25.4797     8.4528    257.590    8.35519  254.61580    101.168 0.0000e+00
   39.33392  -72.05382      4.715      4.679    13.9546    34.0724 -9.990e-29     0.0551 9.9999e+04  1025.5008    13.9539    25.4798     8.4525    257.581    8.35520  254.61612    101.164 0.0000e+00
   39.33392  -72.05382      4.685      4.649    13.9546    34.0724 -9.990e-29     0.0551 5.0640e-11  1025.5006    13.9539    25.4798     8.4522    257.571    8.35524  254.61742    101.160 0.0000e+00
   39.33392  -72.05382      4.634      4.599    13.9548    34.0724 -9.990e-29     0.0551 5.0640e-11  1025.5004    13.9541    25.4798     8.4518    257.559    8.35521  254.61665    101.155 0.0000e+00
   39.33392  -72.05382      4.604      4.569    13.9551    34.0724 -9.990e-29     0.0551 5.0640e-11  1025.5002    13.9545    25.4798     8.4513    257.546    8.35524  254.61734    101.150 0.0000e+00
   39.33392  -72.05382      4.553      4.518    13.9553    34.0724 -9.990e-29     0.0551 5.0640e-11  1025.4999    13.9546    25.4797     8.4509    257.531    8.35526  254.61794    101.144 0.0000e+00
   39.33392  -72.05382      4.523      4.488    13.9555    34.0723 -9.990e-29     0.0551 5.0640e-11  1025.4996    13.9548    25.4796     8.4503    257.513    8.35522  254.61686    101.137 0.0000e+00
   39.33392  -72.05382      4.483      4.449    13.9555    34.0721 -9.990e-29     0.0551 5.0640e-11  1025.4993    13.9548    25.4795     8.4497    257.496    8.35525  254.61778    101.131 0.0000e+00
   39.33392  -72.05382      4.452      4.419    13.9553    34.0721 -9.990e-29     0.0551 5.0640e-11  1025.4992    13.9547    25.4794     8.4496    257.494    8.35522  254.61683    101.130 0.0000e+00
   39.33392  -72.05382      4.411      4.378    13.9556    34.0721 -9.990e-29     0.0551 5.0640e-11  1025.4987    13.9550    25.4794     8.4496    257.493    8.35525  254.61775    101.129 0.0000e+00
   39.33392  -72.05382      4.381      4.348    13.9555    34.0721 -9.990e-29     0.0551 5.0640e-11  1025.4988    13.9548    25.4794     8.4489    257.472    8.35527  254.61818    101.121 0.0000e+00
   39.33392  -72.05382      4.321      4.288    13.9555    34.0722 -9.990e-29     0.0551 5.0640e-11  1025.4987    13.9548    25.4795     8.4482    257.449    8.35524  254.61733    101.112 0.0000e+00
   39.33392  -72.05382      4.290      4.258    13.9556    34.0722 -9.990e-29     0.0551 5.0640e-11  1025.4985    13.9550    25.4795     8.4480    257.445    8.35528  254.61870    101.110 0.0000e+00
   39.33392  -72.05382      4.249      4.217    13.9556    34.0723 -9.990e-29     0.0551 5.0640e-11  1025.4983    13.9550    25.4796     8.4479    257.440    8.35532  254.61979    101.108 0.0000e+00
   39.33392  -72.05382      4.209      4.177    13.9555    34.0724 -9.990e-29     0.0551 5.0640e-11  1025.4985    13.9549    25.4797     8.4476    257.432    8.35528  254.61851    101.105 0.0000e+00
   39.33392  -72.05382      4.179      4.147    13.9555    34.0724 -9.990e-29     0.0551 5.0640e-11  1025.4982    13.9549    25.4797     8.4473    257.424    8.35529  254.61893    101.102 0.0000e+00
   39.33392  -72.05382      4.128      4.097    13.9556    34.0724 -9.990e-29     0.0551 5.0640e-11  1025.4980    13.9550    25.4796     8.4471    257.417    8.35530  254.61937    101.099 0.0000e+00
   39.33392  -72.05382      4.087      4.056    13.9558    34.0724 -9.990e-29     0.0551 5.0640e-11  1025.4975    13.9552    25.4796     8.4468    257.407    8.35531  254.61946    101.095 0.0000e+00
   39.33392  -72.05382      4.057      4.026    13.9556    34.0724 -9.990e-29     0.0551 5.0640e-11  1025.4977    13.9551    25.4796     8.4516    257.553    8.35533  254.62017    101.152 0.0000e+00
