CalculateIndicators/WaterTemperature/Data/CTD_NYOS/20231005_C18.cnv
* Sea-Bird SBE 9 Data File:
* FileName = C:\Seabird 9 CTD\Data\2023\202309_offshore\20231005_C18.hex
* Software Version Seasave V 7.23.2
* Temperature SN = 4590
* Conductivity SN = 3228
* Number of Bytes Per Scan = 44
* Number of Voltage Words = 5
* Number of Scans Averaged by the Deck Unit = 1
* NMEA Latitude = 40 46.52 N
* NMEA Longitude = 072 34.66 W
* NMEA UTC (Time) = Oct 05 2023  01:36:13
* NMEA baud rate = 4800
** Ship: seawolf
** Station: 10.1
** Operator: sjw
# nquan = 18
# nvalues = 6882                        
# units = specified
# name 0 = latitude: Latitude [deg]
# name 1 = longitude: Longitude [deg]
# name 2 = prDM: Pressure, Digiquartz [db]
# name 3 = depSM: Depth [salt water, m]
# name 4 = t090C: Temperature [ITS-90, deg C]
# name 5 = sal00: Salinity, Practical [PSU]
# name 6 = ph: pH
# name 7 = flECO-AFL: Fluorescence, WET Labs ECO-AFL/FL [mg/m^3]
# name 8 = cpar: CPAR/Corrected Irradiance [%]
# name 9 = density00: Density [density, kg/m^3]
# name 10 = potemp090C: Potential Temperature [ITS-90, deg C]
# name 11 = sigma-é00: Density [sigma-theta, kg/m^3]
# name 12 = sbeox0Mg/L: Oxygen, SBE 43 [mg/l]
# name 13 = sbox0Mm/Kg: Oxygen, SBE 43 [umol/kg]
# name 14 = oxsolMg/L: Oxygen Saturation, Garcia & Gordon [mg/l]
# name 15 = oxsolMm/Kg: Oxygen Saturation, Garcia & Gordon [umol/kg]
# name 16 = sbeox0PS: Oxygen, SBE 43 [% saturation]
# name 17 = flag:  0.000e+00
# span 0 =   40.77542,   40.77550       
# span 1 =  -72.57790,  -72.57766       
# span 2 =      2.004,     18.743       
# span 3 =      1.989,     18.597       
# span 4 =    17.4878,    19.0119       
# span 5 =    31.0120,    31.5783       
# span 6 =      7.786,      7.966       
# span 7 =     0.4714,     1.8145       
# span 8 = 5.0640e-11, 9.9999e+04       
# span 9 =  1022.0041,  1022.8587       
# span 10 =    17.4848,    19.0115      
# span 11 =    21.9912,    22.7764      
# span 12 =     5.6879,     8.5558      
# span 13 =    173.795,    261.568      
# span 14 =    7.71119,    7.91232      
# span 15 =  235.79137,  241.75702      
# span 16 =     71.920,    110.653      
# span 17 = 0.0000e+00, 0.0000e+00      
# interval = seconds: 0.0416667
# start_time = Oct 05 2023 01:36:15 [System UTC, first data scan.]
# bad_flag = -9.990e-29
*END*
[from data line 2975]
   40.77546  -72.57778     10.208     10.129    17.6022    31.3480      7.818     0.7535 9.9999e+04  1022.6151    17.6005    22.5726     6.5654    200.655    7.90433  241.57744     83.060 0.0000e+00
   40.77546  -72.57778     10.188     10.109    17.6081    31.3335      7.818     0.7669 9.9999e+04  1022.6003    17.6064    22.5604     6.5685    200.751    7.90399  241.56740     83.103 0.0000e+00
   40.77546  -72.57778     10.178     10.099    17.6117    31.3335      7.818     0.7535 9.9999e+04  1022.5969    17.6100    22.5554     6.5676    200.724    7.90391  241.56469     83.093 0.0000e+00
   40.77546  -72.57778     10.142     10.064    17.6136    31.3335      7.818     0.7535 9.9999e+04  1022.5996    17.6119    22.5564     6.5711    200.829    7.90380  241.56134     83.138 0.0000e+00
   40.77546  -72.57778     10.118     10.039    17.6132    31.3330      7.818     0.7535 9.9999e+04  1022.6051    17.6116    22.5595     6.5698    200.790    7.90367  241.55703     83.123 0.0000e+00
   40.77546  -72.57778     10.097     10.019    17.6131    31.3330      7.818     0.7535 9.9999e+04  1022.6072    17.6114    22.5609     6.5691    200.768    7.90360  241.55385     83.115 0.0000e+00
   40.77546  -72.57778     10.076      9.998    17.6127    31.3330      7.818     0.7535 9.9999e+04  1022.6047    17.6110    22.5588     6.5727    200.878    7.90347  241.54859     83.163 0.0000e+00
   40.77546  -72.57778     10.056      9.978    17.6117    31.3260      7.822     0.7535 9.9999e+04  1022.5982    17.6100    22.5535     6.5766    200.995    7.90355  241.54919     83.211 0.0000e+00
   40.77546  -72.57778     10.025      9.948    17.6119    31.3175      7.818     0.7535 9.9999e+04  1022.5904    17.6102    22.5469     6.5762    200.981    7.90358  241.54937     83.205 0.0000e+00
   40.77546  -72.57778     10.016      9.938    17.6136    31.3098      7.822     0.7669 9.9999e+04  1022.5839    17.6119    22.5408     6.5755    200.960    7.90376  241.55439     83.195 0.0000e+00
   40.77546  -72.57778      9.975      9.897    17.6157    31.3034      7.822     0.7535 9.9999e+04  1022.5793    17.6140    22.5354     6.5796    201.086    7.90396  241.56001     83.245 0.0000e+00
   40.77546  -72.57778      9.965      9.888    17.6174    31.2969      7.818     0.7669 9.9999e+04  1022.5742    17.6157    22.5300     6.5793    201.076    7.90436  241.57185     83.236 0.0000e+00
   40.77546  -72.57778      9.935      9.858    17.6194    31.2899      7.822     0.7535 9.9999e+04  1022.5675    17.6178    22.5241     6.5843    201.227    7.90483  241.58602     83.294 0.0000e+00
   40.77546  -72.57778      9.904      9.828    17.6219    31.2826      7.818     0.7535 9.9999e+04  1022.5616    17.6202    22.5180     6.5892    201.378    7.90518  241.59689     83.353 0.0000e+00
   40.77546  -72.57778      9.874      9.798    17.6236    31.2748      7.818     0.7535 9.9999e+04  1022.5554    17.6220    22.5115     6.5938    201.521    7.90512  241.59622     83.412 0.0000e+00
   40.77546  -72.57778      9.863      9.787    17.6260    31.2666      7.822     0.7535 9.9999e+04  1022.5470    17.6244    22.5047     6.5939    201.522    7.90516  241.59796     83.412 0.0000e+00
   40.77546  -72.57778      9.833      9.757    17.6286    31.2604      7.818     0.7669 9.9999e+04  1022.5408    17.6270    22.4995     6.5939    201.525    7.90518  241.59908     83.413 0.0000e+00
   40.77546  -72.57778      9.814      9.738    17.6297    31.2571      7.822     0.8206 9.9999e+04  1022.5395    17.6281    22.4967     6.6036    201.820    7.90524  241.60107     83.534 0.0000e+00
   40.77546  -72.57778      9.782      9.706    17.6303    31.2547      7.822     0.9415 9.9999e+04  1022.5379    17.6287    22.4946     6.6043    201.841    7.90532  241.60358     83.542 0.0000e+00
   40.77546  -72.57778      9.752      9.676    17.6312    31.2515      7.818     0.9818 9.9999e+04  1022.5350    17.6296    22.4920     6.6050    201.862    7.90532  241.60404     83.551 0.0000e+00
   40.77546  -72.57780      9.742      9.667    17.6326    31.2479      7.822     0.9818 9.9999e+04  1022.5313    17.6310    22.4889     6.6104    202.029    7.90531  241.60411     83.620 0.0000e+00
   40.77546  -72.57780      9.712      9.637    17.6337    31.2445      7.822     0.9684 9.9999e+04  1022.5284    17.6321    22.4860     6.6112    202.054    7.90531  241.60401     83.630 0.0000e+00
   40.77546  -72.57780      9.671      9.596    17.6345    31.2414      7.822     0.9684 9.9999e+04  1022.5258    17.6329    22.4834     6.6167    202.222    7.90516  241.59994     83.701 0.0000e+00
   40.77546  -72.57780      9.661      9.586    17.6362    31.2396      7.822     0.9684 9.9999e+04  1022.5229    17.6346    22.4814     6.6221    202.388    7.90487  241.59205     83.773 0.0000e+00
   40.77546  -72.57780      9.631      9.556    17.6367    31.2396      7.822     0.9684 9.9999e+04  1022.5220    17.6352    22.4807     6.6231    202.419    7.90490  241.59382     83.785 0.0000e+00
   40.77546  -72.57780      9.601      9.526    17.6369    31.2396      7.822     0.9684 9.9999e+04  1022.5232    17.6354    22.4817     6.6289    202.596    7.90491  241.59460     83.858 0.0000e+00
   40.77546  -72.57780      9.580      9.506    17.6360    31.2419      7.822     0.9684 9.9999e+04  1022.5255    17.6344    22.4835     6.6297    202.622    7.90464  241.58740     83.871 0.0000e+00
   40.77546  -72.57780      9.550      9.476    17.6354    31.2445      7.822     0.9684 9.9999e+04  1022.5274    17.6338    22.4856     6.6304    202.643    7.90416  241.57367     83.885 0.0000e+00
   40.77546  -72.57780      9.529      9.455    17.6349    31.2471      7.822     0.9684 9.9999e+04  1022.5295    17.6333    22.4877     6.6355    202.801    7.90382  241.56374     83.954 0.0000e+00
   40.77546  -72.57780      9.499      9.425    17.6344    31.2496      7.822     0.9684 9.9999e+04  1022.5314    17.6329    22.4897     6.6407    202.960    7.90341  241.55198     84.023 0.0000e+00
   40.77546  -72.57780      9.478      9.405    17.6340    31.2519      7.822     0.9684 9.9999e+04  1022.5332    17.6324    22.4916     6.6418    202.993    7.90321  241.54575     84.039 0.0000e+00
   40.77546  -72.57780      9.448      9.375    17.6336    31.2542      7.822     0.9684 9.9999e+04  1022.5348    17.6320    22.4935     6.6469    203.150    7.90324  241.54721     84.104 0.0000e+00
   40.77546  -72.57780      9.418      9.345    17.6324    31.2559      7.822     0.9684 9.9999e+04  1022.5372    17.6309    22.4950     6.6477    203.176    7.90321  241.54732     84.114 0.0000e+00
   40.77546  -72.57780      9.397      9.324    17.6324    31.2559      7.818     0.9684 9.9999e+04  1022.5371    17.6309    22.4953     6.6530    203.337    7.90333  241.55126     84.180 0.0000e+00
   40.77546  -72.57780      9.367      9.294    17.6337    31.2560      7.822     0.9684 9.9999e+04  1022.5356    17.6322    22.4948     6.6536    203.357    7.90302  241.54349     84.191 0.0000e+00
   40.77546  -72.57780      9.337      9.264    17.6349    31.2564      7.822     0.9684 9.9999e+04  1022.5347    17.6333    22.4943     6.6534    203.352    7.90225  241.52190     84.196 0.0000e+00
   40.77546  -72.57780      9.306      9.234    17.6359    31.2564      7.818     0.9684 9.9999e+04  1022.5350    17.6344    22.4947     6.6578    203.488    7.90193  241.51237     84.256 0.0000e+00
   40.77546  -72.57780      9.286      9.214    17.6362    31.2580      7.822     0.9684 9.9999e+04  1022.5363    17.6346    22.4957     6.6585    203.508    7.90208  241.51704     84.263 0.0000e+00
   40.77546  -72.57780      9.266      9.195    17.6373    31.2607      7.822     0.9684 9.9999e+04  1022.5371    17.6357    22.4978     6.6634    203.658    7.90219  241.52025     84.323 0.0000e+00
   40.77546  -72.57780      9.235      9.163    17.6365    31.2652      7.822     0.9684 9.9999e+04  1022.5411    17.6350    22.5015     6.6595    203.540    7.90258  241.53157     84.270 0.0000e+00
   40.77546  -72.57780      9.195      9.124    17.6334    31.2712      7.822     0.9684 9.9999e+04  1022.5468    17.6319    22.5065     6.6640    203.676    7.90262  241.53273     84.326 0.0000e+00
   40.77546  -72.57780      9.185      9.114    17.6312    31.2774      7.822     0.9684 9.9999e+04  1022.5522    17.6297    22.5117     6.6634    203.657    7.90228  241.52224     84.322 0.0000e+00
   40.77546  -72.57780      9.154      9.083    17.6287    31.2804      7.822     0.9818 9.9999e+04  1022.5579    17.6272    22.5158     6.6674    203.779    7.90227  241.52088     84.373 0.0000e+00
   40.77546  -72.57780      9.123      9.053    17.6285    31.2804      7.822     0.9952 9.9999e+04  1022.5591    17.6270    22.5166     6.6625    203.628    7.90232  241.52218     84.310 0.0000e+00
   40.77546  -72.57778      9.104      9.034    17.6321    31.2804      7.822     0.9952 9.9999e+04  1022.5540    17.6306    22.5139     6.6661    203.739    7.90236  241.52356     84.356 0.0000e+00
   40.77546  -72.57778      9.084      9.013    17.6349    31.2765      7.822     0.9952 9.9999e+04  1022.5491    17.6335    22.5104     6.6649    203.702    7.90223  241.52011     84.342 0.0000e+00
   40.77546  -72.57778      9.053      8.983    17.6347    31.2737      7.822     0.9952 9.9999e+04  1022.5477    17.6332    22.5080     6.6685    203.813    7.90218  241.51874     84.388 0.0000e+00
   40.77546  -72.57778      9.033      8.963    17.6354    31.2715      7.822     0.9952 9.9999e+04  1022.5459    17.6339    22.5061     6.6678    203.792    7.90203  241.51471     84.381 0.0000e+00
   40.77546  -72.57778      9.007      8.937    17.6375    31.2695      7.822     0.9952 9.9999e+04  1022.5436    17.6360    22.5041     6.6664    203.750    7.90158  241.50170     84.368 0.0000e+00
   40.77546  -72.57778      8.982      8.912    17.6406    31.2695      7.822     0.9952 9.9999e+04  1022.5409    17.6391    22.5028     6.6650    203.706    7.90153  241.50016     84.350 0.0000e+00
   40.77546  -72.57778      8.961      8.892    17.6406    31.2695      7.818     0.9952 9.9999e+04  1022.5419    17.6392    22.5026     6.6685    203.815    7.90174  241.50646     84.393 0.0000e+00
   40.77546  -72.57778      8.942      8.873    17.6412    31.2697      7.822     0.9952 9.9999e+04  1022.5419    17.6398    22.5035     6.6675    203.783    7.90204  241.51597     84.377 0.0000e+00
   40.77546  -72.57778      8.921      8.852    17.6412    31.2726      7.822     0.9952 9.9999e+04  1022.5438    17.6398    22.5057     6.6664    203.750    7.90221  241.52161     84.361 0.0000e+00
   40.77546  -72.57778      8.880      8.811    17.6401    31.2775      7.822     0.9952 9.9999e+04  1022.5478    17.6386    22.5097     6.6648    203.703    7.90230  241.52448     84.340 -9.990e-29
   40.77546  -72.57778      8.880      8.811    17.6386    31.2840      7.822     0.9952 9.9999e+04  1022.5538    17.6372    22.5152     6.6628    203.640    7.90230  241.52460     84.314 -9.990e-29
   40.77546  -72.57778      8.850      8.781    17.6356    31.2905      7.822     0.9952 9.9999e+04  1022.5605    17.6342    22.5206     6.6608    203.581    7.90228  241.52443     84.290 0.0000e+00
   40.77546  -72.57778      8.831      8.762    17.6340    31.2953      7.822     0.9952 9.9999e+04  1022.5643    17.6325    22.5247     6.6636    203.665    7.90215  241.52091     84.326 0.0000e+00
   40.77546  -72.57778      8.810      8.742    17.6321    31.2980      7.822     0.9952 9.9999e+04  1022.5664    17.6306    22.5273     6.6617    203.608    7.90208  241.51897     84.303 0.0000e+00
   40.77546  -72.57778      8.789      8.721    17.6305    31.2996      7.822     0.9952 9.9999e+04  1022.5675    17.6290    22.5291     6.6641    203.683    7.90193  241.51483     84.335 0.0000e+00
   40.77546  -72.57778      8.780      8.712    17.6274    31.2996      7.822     0.9952 9.9999e+04  1022.5692    17.6260    22.5305     6.6624    203.629    7.90178  241.51024     84.315 0.0000e+00
   40.77546  -72.57778      8.752      8.684    17.6239    31.2996      7.822     0.9952 9.9999e+04  1022.5707    17.6225    22.5311     6.6602    203.563    7.90161  241.50508     84.289 0.0000e+00
   40.77546  -72.57778      8.738      8.671    17.6224    31.2988      7.822     0.9952 9.9999e+04  1022.5693    17.6209    22.5298     6.6627    203.640    7.90131  241.49583     84.325 0.0000e+00
   40.77546  -72.57778      8.719      8.652    17.6243    31.2953      7.822     0.9952 9.9999e+04  1022.5649    17.6229    22.5270     6.6609    203.584    7.90079  241.48053     84.306 0.0000e+00
   40.77546  -72.57778      8.699      8.631    17.6252    31.2919      7.822     0.9952 9.9999e+04  1022.5620    17.6237    22.5243     6.6591    203.530    7.90013  241.46154     84.291 0.0000e+00
   40.77546  -72.57778      8.688      8.620    17.6258    31.2896      7.822     0.9952 9.9999e+04  1022.5599    17.6244    22.5224     6.6613    203.598    7.89909  241.43137     84.330 0.0000e+00
   40.77546  -72.57778      8.678      8.611    17.6257    31.2882      7.822     0.9952 9.9999e+04  1022.5592    17.6243    22.5213     6.6589    203.526    7.89806  241.40179     84.310 0.0000e+00
   40.77546  -72.57778      8.657      8.590    17.6253    31.2870      7.822     1.0355 9.9999e+04  1022.5588    17.6239    22.5204     6.6622    203.628    7.89753  241.38642     84.358 0.0000e+00
   40.77546  -72.57778      8.648      8.581    17.6260    31.2855      7.822     1.0758 9.9999e+04  1022.5570    17.6246    22.5192     6.6615    203.606    7.89764  241.38953     84.348 0.0000e+00
   40.77546  -72.57780      8.627      8.560    17.6265    31.2842      7.822     1.0758 9.9999e+04  1022.5555    17.6251    22.5181     6.6651    203.717    7.89765  241.39004     84.393 0.0000e+00
   40.77546  -72.57780      8.620      8.553    17.6265    31.2831      7.822     1.0758 9.9999e+04  1022.5555    17.6251    22.5170     6.6645    203.700    7.89769  241.39131     84.386 0.0000e+00
   40.77546  -72.57780      8.597      8.530    17.6280    31.2809      7.822     1.0758 9.9999e+04  1022.5537    17.6266    22.5150     6.6637    203.675    7.89782  241.39500     84.374 -9.990e-29
   40.77546  -72.57780      8.607      8.540    17.6316    31.2773      7.822     1.0758 9.9999e+04  1022.5491    17.6302    22.5117     6.6677    203.796    7.89787  241.39713     84.424 -9.990e-29
   40.77546  -72.57780      8.587      8.521    17.6326    31.2736      7.822     1.0758 9.9999e+04  1022.5457    17.6312    22.5085     6.6721    203.933    7.89780  241.39557     84.481 0.0000e+00
   40.77546  -72.57780      8.576      8.510    17.6332    31.2702      7.827     1.0758 9.9999e+04  1022.5439    17.6318    22.5055     6.6719    203.927    7.89768  241.39241     84.480 0.0000e+00
   40.77546  -72.57780      8.567      8.500    17.6364    31.2664      7.822     1.0758 9.9999e+04  1022.5396    17.6350    22.5019     6.6768    204.075    7.89780  241.39559     84.540 0.0000e+00
   40.77546  -72.57780      8.527      8.461    17.6410    31.2627      7.827     1.0758 9.9999e+04  1022.5350    17.6396    22.4983     6.6819    204.231    7.89811  241.40418     84.601 -9.990e-29
   40.77546  -72.57780      8.527      8.461    17.6440    31.2599      7.827     1.0758 9.9999e+04  1022.5324    17.6426    22.4953     6.6824    204.244    7.89839  241.41213     84.604 -9.990e-29
   40.77546  -72.57780      8.557      8.491    17.6473    31.2582      7.827     1.0758 9.9999e+04  1022.5302    17.6459    22.4934     6.6879    204.412    7.89889  241.42620     84.668 -9.990e-29
   40.77546  -72.57780      8.571      8.504    17.6486    31.2569      7.827     1.0758 9.9999e+04  1022.5302    17.6471    22.4920     6.6892    204.452    7.89938  241.44018     84.680 -9.990e-29
   40.77546  -72.57780      8.546      8.480    17.6490    31.2544      7.827     1.0758 9.9999e+04  1022.5282    17.6476    22.4898     6.6948    204.623    7.89973  241.45005     84.747 0.0000e+00
