CalculateIndicators/WaterTemperature/Data/CTD_NYOS/20230518_C29.cnv
* Sea-Bird SBE 9 Data File:
* FileName = C:\Seabird 9 CTD\Data\2023\202305_offshore\20230518_C29.hex
* Software Version Seasave V 7.23.2
* Temperature SN = 4590
* Conductivity SN = 3228
* Number of Bytes Per Scan = 44
* Number of Voltage Words = 5
* Number of Scans Averaged by the Deck Unit = 1
* NMEA Latitude = 40 29.55 N
* NMEA Longitude = 071 55.48 W
* NMEA UTC (Time) = May 18 2023  16:14:45
* NMEA baud rate = 4800
** Ship: Seawolf
** Station: 11.3
** Operator: TCM
# nquan = 18
# nvalues = 12598                       
# units = specified
# name 0 = latitude: Latitude [deg]
# name 1 = longitude: Longitude [deg]
# name 2 = prDM: Pressure, Digiquartz [db]
# name 3 = depSM: Depth [salt water, m]
# name 4 = t090C: Temperature [ITS-90, deg C]
# name 5 = sal00: Salinity, Practical [PSU]
# name 6 = ph: pH
# name 7 = flECO-AFL: Fluorescence, WET Labs ECO-AFL/FL [mg/m^3]
# name 8 = cpar: CPAR/Corrected Irradiance [%]
# name 9 = density00: Density [density, kg/m^3]
# name 10 = potemp090C: Potential Temperature [ITS-90, deg C]
# name 11 = sigma-é00: Density [sigma-theta, kg/m^3]
# name 12 = sbeox0Mg/L: Oxygen, SBE 43 [mg/l]
# name 13 = sbox0Mm/Kg: Oxygen, SBE 43 [umol/kg]
# name 14 = oxsolMg/L: Oxygen Saturation, Garcia & Gordon [mg/l]
# name 15 = oxsolMm/Kg: Oxygen Saturation, Garcia & Gordon [umol/kg]
# name 16 = sbeox0PS: Oxygen, SBE 43 [% saturation]
# name 17 = flag:  0.000e+00
# span 0 =   40.49192,   40.49276       
# span 1 =  -71.92498,  -71.92476       
# span 2 =      2.108,     61.540       
# span 3 =      2.092,     61.057       
# span 4 =     6.6865,    12.6631       
# span 5 =    32.5033,    32.9437       
# span 6 =      7.845,      8.122       
# span 7 =    -0.0389,     1.0624       
# span 8 = 5.9513e-03, 1.2302e+02       
# span 9 =  1024.5344,  1026.1215       
# span 10 =     6.6832,    12.6625      
# span 11 =    24.5301,    25.8394      
# span 12 =     7.8595,     9.6242      
# span 13 =    239.428,    293.361      
# span 14 =    8.66104,    9.85729      
# span 15 =  264.16917,  300.31113      
# span 16 =     79.830,    105.177      
# span 17 = 0.0000e+00, 0.0000e+00      
# interval = seconds: 0.0416667
# start_time = May 18 2023 16:14:45 [System UTC, first data scan.]
# bad_flag = -9.990e-29
*END*
[from data line 7397]
   40.49214  -71.92486     24.307     24.118    11.1480    32.7453      8.101     0.7266 1.6290e+00  1025.1038    11.1451    24.9942     9.3514    285.105    8.93947  272.54640    104.608 -9.990e-29
   40.49214  -71.92486     24.303     24.114    11.1480    32.7467      8.101     0.7266 1.5668e+00  1025.1052    11.1451    24.9954     9.3455    284.924    8.93967  272.55261    104.539 -9.990e-29
   40.49214  -71.92486     24.302     24.114    11.1482    32.7475      8.101     0.7266 1.5268e+00  1025.1052    11.1452    24.9960     9.3547    285.207    8.93982  272.55703    104.641 -9.990e-29
   40.49214  -71.92486     24.297     24.108    11.1488    32.7476      8.101     0.7400 1.4990e+00  1025.1059    11.1459    24.9960     9.3541    285.188    8.93997  272.56139    104.633 -9.990e-29
   40.49214  -71.92486     24.314     24.125    11.1521    32.7478      8.101     0.7400 1.4810e+00  1025.1045    11.1492    24.9954     9.3478    284.993    8.94004  272.56325    104.560 -9.990e-29
   40.49214  -71.92486     24.293     24.104    11.1556    32.7478      8.101     0.7400 1.4738e+00  1025.1039    11.1527    24.9949     9.3412    284.793    8.93999  272.56164    104.487 -9.990e-29
   40.49214  -71.92486     24.318     24.129    11.1603    32.7486      8.101     0.7400 1.4704e+00  1025.1040    11.1574    24.9948     9.3505    285.077    8.93984  272.55711    104.593 -9.990e-29
   40.49214  -71.92486     24.302     24.114    11.1640    32.7495      8.101     0.7400 1.4655e+00  1025.1042    11.1611    24.9949     9.3501    285.065    8.93983  272.55723    104.589 -9.990e-29
   40.49214  -71.92486     24.307     24.118    11.1670    32.7495      8.101     0.7400 1.4618e+00  1025.1045    11.1641    24.9948     9.3385    284.712    8.93984  272.55759    104.459 -9.990e-29
   40.49214  -71.92486     24.313     24.125    11.1700    32.7495      8.101     0.7400 1.4635e+00  1025.1039    11.1671    24.9940     9.3421    284.822    8.93977  272.55533    104.501 -9.990e-29
   40.49214  -71.92486     24.313     24.125    11.1745    32.7488 -9.990e-29     0.7400 1.4651e+00  1025.1016    11.1716    24.9925     9.3463    284.951    8.93969  272.55277    104.549 -9.990e-29
   40.49214  -71.92486     24.318     24.129    11.1778    32.7475      8.101     0.7400 1.4639e+00  1025.1000    11.1749    24.9909     9.3352    284.613    8.93964  272.55140    104.425 -9.990e-29
   40.49214  -71.92486     24.323     24.134    11.1803    32.7463 -9.990e-29     0.7400 1.4639e+00  1025.0989    11.1774    24.9895     9.3388    284.720    8.93963  272.55115    104.465 -9.990e-29
   40.49214  -71.92486     24.323     24.134    11.1825    32.7450 -9.990e-29     0.7400 1.4627e+00  1025.0972    11.1795    24.9881     9.3444    284.891    8.93960  272.55016    104.528 -9.990e-29
   40.49220  -71.92482     24.338     24.149    11.1842    32.7439      8.101     0.7400 1.4627e+00  1025.0962    11.1812    24.9869     9.3331    284.548    8.93953  272.54792    104.403 -9.990e-29
   40.49220  -71.92482     24.333     24.144    11.1853    32.7428 -9.990e-29     0.7400 1.4668e+00  1025.0952    11.1823    24.9859     9.3366    284.653    8.93948  272.54659    104.442 -9.990e-29
   40.49220  -71.92482     24.344     24.155    11.1856    32.7419 -9.990e-29     0.7400 1.4668e+00  1025.0943    11.1827    24.9852     9.3350    284.605    8.93942  272.54468    104.425 -9.990e-29
   40.49220  -71.92482     24.358     24.168    11.1850    32.7419 -9.990e-29     0.7400 1.4668e+00  1025.0941    11.1821    24.9850     9.3279    284.388    8.93940  272.54435    104.346 -9.990e-29
   40.49220  -71.92482     24.353     24.164    11.1834    32.7419      8.101     0.7400 1.4668e+00  1025.0949    11.1805    24.9855     9.3368    284.661    8.93947  272.54668    104.445 -9.990e-29
   40.49220  -71.92482     24.364     24.175    11.1823    32.7419      8.101     0.7400 1.4668e+00  1025.0956    11.1793    24.9859     9.3263    284.342    8.93963  272.55161    104.326 -9.990e-29
   40.49220  -71.92482     24.369     24.179    11.1820    32.7419      8.101     0.7400 1.4668e+00  1025.0958    11.1791    24.9861     9.3304    284.465    8.93969  272.55323    104.370 -9.990e-29
   40.49220  -71.92482     24.384     24.194    11.1818    32.7419 -9.990e-29     0.7400 1.4668e+00  1025.0955    11.1789    24.9858     9.3347    284.596    8.93938  272.54356    104.422 -9.990e-29
   40.49220  -71.92482     24.384     24.194    11.1805    32.7409      8.101     0.7400 1.4627e+00  1025.0952    11.1775    24.9853     9.3226    284.226    8.93877  272.52477    104.294 -9.990e-29
   40.49220  -71.92482     24.399     24.209    11.1785    32.7393      8.101     0.7400 1.4627e+00  1025.0943    11.1756    24.9845     9.3265    284.346    8.93817  272.50628    104.345 -9.990e-29
   40.49220  -71.92482     24.414     24.224    11.1740    32.7393      8.101     0.7400 1.4627e+00  1025.0927    11.1710    24.9840     9.3302    284.459    8.93741  272.48370    104.395 -9.990e-29
   40.49220  -71.92482     24.414     24.224    11.1657    32.7393      8.101     0.7400 1.4586e+00  1025.0933    11.1628    24.9852     9.3192    284.124    8.93657  272.45845    104.281 -9.990e-29
   40.49220  -71.92482     24.429     24.239    11.1563    32.7406      8.101     0.7266 1.4586e+00  1025.0980    11.1534    24.9891     9.3288    284.418    8.93610  272.44451    104.395 -9.990e-29
   40.49220  -71.92482     24.435     24.245    11.1485    32.7455      8.101     0.7266 1.4544e+00  1025.1053    11.1455    24.9942     9.3283    284.403    8.93596  272.44025    104.391 -9.990e-29
   40.49220  -71.92482     24.455     24.265    11.1443    32.7483      8.101     0.7266 1.4504e+00  1025.1093    11.1414    24.9976     9.3178    284.081    8.93553  272.42721    104.278 -9.990e-29
   40.49220  -71.92482     24.459     24.269    11.1438    32.7483      8.101     0.7266 1.4504e+00  1025.1091    11.1409    24.9984     9.3224    284.221    8.93492  272.40921    104.336 -9.990e-29
   40.49220  -71.92482     24.476     24.286    11.1435    32.7483      8.101     0.7266 1.4504e+00  1025.1076    11.1405    24.9976     9.3264    284.346    8.93448  272.39592    104.387 -9.990e-29
   40.49220  -71.92482     24.470     24.280    11.1427    32.7483      8.101     0.7266 1.4463e+00  1025.1060    11.1397    24.9970     9.3264    284.345    8.93414  272.38578    104.391 -9.990e-29
   40.49220  -71.92482     24.506     24.316    11.1400    32.7483      8.101     0.7266 1.4434e+00  1025.1073    11.1371    24.9978     9.3211    284.185    8.93349  272.36607    104.339 -9.990e-29
   40.49220  -71.92482     24.506     24.316    11.1383    32.7498      8.101     0.7266 1.4434e+00  1025.1101    11.1354    24.9996     9.3145    283.982    8.93282  272.34680    104.272 -9.990e-29
   40.49220  -71.92482     24.516     24.325    11.1380    32.7498 -9.990e-29     0.7266 1.4353e+00  1025.1120    11.1351    25.0008     9.3240    284.274    8.93296  272.35125    104.378 -9.990e-29
   40.49220  -71.92482     24.531     24.340    11.1393    32.7498      8.101     0.7266 1.4353e+00  1025.1119    11.1364    25.0003     9.3252    284.309    8.93305  272.35347    104.390 -9.990e-29
   40.49220  -71.92482     24.546     24.355    11.1404    32.7479      8.101     0.7266 1.4313e+00  1025.1086    11.1374    24.9980     9.3211    284.184    8.93278  272.34535    104.347 -9.990e-29
   40.49220  -71.92482     24.546     24.355    11.1387    32.7441      8.101     0.7266 1.4272e+00  1025.1047    11.1357    24.9953     9.3157    284.021    8.93261  272.34025    104.289 -9.990e-29
   40.49214  -71.92486     24.561     24.371    11.1339    32.7416      8.101     0.7266 1.4232e+00  1025.1032    11.1309    24.9942     9.3250    284.304    8.93244  272.33460    104.395 -9.990e-29
   40.49214  -71.92486     24.587     24.396    11.1271    32.7416 -9.990e-29     0.7266 1.4232e+00  1025.1054    11.1242    24.9948     9.3249    284.301    8.93202  272.32156    104.399 -9.990e-29
   40.49214  -71.92486     24.578     24.387    11.1217    32.7416 -9.990e-29     0.7266 1.4152e+00  1025.1063    11.1187    24.9963     9.3143    283.976    8.93148  272.30561    104.286 -9.990e-29
   40.49214  -71.92486     24.612     24.421    11.1154    32.7434      8.101     0.7266 1.4112e+00  1025.1084    11.1124    24.9988     9.3192    284.127    8.93118  272.29669    104.345 -9.990e-29
   40.49214  -71.92486     24.608     24.417    11.1090    32.7469      8.101     0.7266 1.4112e+00  1025.1131    11.1061    25.0024     9.3253    284.315    8.93128  272.30013    104.412 -9.990e-29
   40.49214  -71.92486     24.618     24.427    11.1054    32.7508      8.101     0.7266 1.4033e+00  1025.1175    11.1025    25.0061     9.3153    284.009    8.93122  272.29876    104.300 -9.990e-29
   40.49214  -71.92486     24.633     24.442    11.1049    32.7538      8.101     0.7266 1.3954e+00  1025.1200    11.1019    25.0086     9.3207    284.173    8.93121  272.29873    104.361 -9.990e-29
   40.49214  -71.92486     24.638     24.447    11.1053    32.7543      8.101     0.7266 1.3954e+00  1025.1214    11.1023    25.0098     9.3254    284.317    8.93123  272.29935    104.413 -9.990e-29
   40.49214  -71.92486     24.648     24.457    11.1063    32.7543      8.101     0.7266 1.3876e+00  1025.1205    11.1034    25.0096     9.3311    284.491    8.93094  272.29051    104.481 -9.990e-29
   40.49214  -71.92486     24.652     24.461    11.1067    32.7543      8.101     0.7266 1.3798e+00  1025.1194    11.1037    25.0089     9.3264    284.349    8.93012  272.26594    104.438 -9.990e-29
   40.49214  -71.92486     24.669     24.477    11.1056    32.7539      8.101     0.7266 1.3798e+00  1025.1192    11.1026    25.0085     9.3269    284.362    8.92952  272.24831    104.450 -9.990e-29
   40.49214  -71.92486     24.678     24.487    11.1045    32.7539      8.101     0.7266 1.3720e+00  1025.1194    11.1016    25.0086     9.3159    284.030    8.92933  272.24337    104.329 -9.990e-29
   40.49214  -71.92486     24.684     24.492    11.1036    32.7539      8.101     0.7266 1.3681e+00  1025.1200    11.1006    25.0090     9.3199    284.152    8.92943  272.24678    104.373 -9.990e-29
   40.49214  -71.92486     24.689     24.498    11.1027    32.7545      8.101     0.7132 1.3643e+00  1025.1205    11.0997    25.0096     9.3260    284.338    8.92951  272.24938    104.440 -9.990e-29
   40.49214  -71.92486     24.699     24.507    11.1020    32.7552 -9.990e-29     0.7132 1.3643e+00  1025.1215    11.0990    25.0102     9.3272    284.375    8.92957  272.25064    104.453 -9.990e-29
   40.49214  -71.92486     24.693     24.502    11.1021    32.7552      8.101     0.7132 1.3566e+00  1025.1219    11.0991    25.0105     9.3277    284.390    8.92965  272.25304    104.458 -9.990e-29
   40.49214  -71.92486     24.709     24.517    11.1030    32.7552      8.101     0.7132 1.3528e+00  1025.1214    11.1001    25.0101     9.3332    284.557    8.92987  272.25996    104.517 -9.990e-29
   40.49214  -71.92486     24.709     24.517    11.1035    32.7545      8.101     0.7132 1.3528e+00  1025.1202    11.1006    25.0095     9.3298    284.453    8.93025  272.27144    104.474 -9.990e-29
   40.49214  -71.92486     24.709     24.517    11.1034    32.7544      8.101     0.7132 1.3452e+00  1025.1203    11.1005    25.0093     9.3311    284.494    8.93054  272.28015    104.486 -9.990e-29
   40.49214  -71.92486     24.714     24.522    11.1037    32.7544      8.101     0.7132 1.3452e+00  1025.1206    11.1007    25.0093     9.3311    284.492    8.93086  272.28942    104.481 -9.990e-29
   40.49214  -71.92486     24.709     24.517    11.1041    32.7542      8.101     0.7132 1.3452e+00  1025.1205    11.1011    25.0093     9.3204    284.166    8.93105  272.29464    104.360 -9.990e-29
   40.49214  -71.92486     24.720     24.528    11.1045    32.7544      8.101     0.7132 1.3376e+00  1025.1201    11.1015    25.0091     9.3258    284.329    8.93118  272.29799    104.418 -9.990e-29
   40.49214  -71.92486     24.714     24.522    11.1045    32.7544      8.101     0.7132 1.3365e+00  1025.1202    11.1015    25.0091     9.3303    284.467    8.93124  272.29981    104.468 -9.990e-29
   40.49214  -71.92486     24.709     24.517    11.1046    32.7544      8.101     0.7132 1.3365e+00  1025.1203    11.1016    25.0091     9.3305    284.472    8.93115  272.29708    104.471 -9.990e-29
   40.49214  -71.92486     24.708     24.517    11.1050    32.7544      8.101     0.7132 1.3339e+00  1025.1202    11.1020    25.0091     9.3311    284.489    8.93082  272.28676    104.481 -9.990e-29
   40.49214  -71.92486     24.714     24.522    11.1053    32.7544      8.101     0.7132 1.3339e+00  1025.1201    11.1023    25.0091     9.3299    284.452    8.93018  272.26681    104.476 -9.990e-29
   40.49214  -71.92486     24.699     24.507    11.1055    32.7542      8.101     0.7132 1.3301e+00  1025.1203    11.1025    25.0089     9.3458    284.939    8.92941  272.24317    104.664 -9.990e-29
   40.49214  -71.92486     24.699     24.507    11.1058    32.7537      8.101     0.7132 1.3328e+00  1025.1195    11.1029    25.0084     9.3360    284.639    8.92863  272.22018    104.562 -9.990e-29
   40.49214  -71.92486     24.684     24.492    11.1058    32.7534      8.101     0.7132 1.3328e+00  1025.1187    11.1028    25.0079     9.3301    284.460    8.92836  272.21298    104.499 -9.990e-29
   40.49214  -71.92486     24.678     24.487    11.1050    32.7534      8.101     0.7132 1.3290e+00  1025.1186    11.1020    25.0079     9.3307    284.478    8.92830  272.21133    104.506 -9.990e-29
   40.49214  -71.92486     24.669     24.477    11.1046    32.7534      8.101     0.7132 1.3328e+00  1025.1189    11.1016    25.0083     9.3296    284.448    8.92808  272.20447    104.498 -9.990e-29
   40.49214  -71.92486     24.663     24.471    11.1057    32.7546      8.101     0.7132 1.3365e+00  1025.1201    11.1027    25.0091     9.3347    284.602    8.92772  272.19383    104.558 -9.990e-29
   40.49214  -71.92486     24.648     24.456    11.1083    32.7557      8.101     0.7132 1.3365e+00  1025.1209    11.1054    25.0096     9.3301    284.461    8.92746  272.18578    104.510 -9.990e-29
   40.49214  -71.92486     24.648     24.456    11.1114    32.7557      8.101     0.7132 1.3403e+00  1025.1207    11.1084    25.0093     9.3291    284.430    8.92731  272.18061    104.500 -9.990e-29
   40.49214  -71.92486     24.618     24.426    11.1157    32.7557      8.101     0.7132 1.3441e+00  1025.1190    11.1127    25.0083     9.3395    284.748    8.92693  272.16873    104.622 -9.990e-29
   40.49214  -71.92486     24.601     24.410    11.1203    32.7550      8.101     0.7132 1.3441e+00  1025.1174    11.1174    25.0070     9.3350    284.610    8.92622  272.14644    104.580 -9.990e-29
   40.49214  -71.92486     24.597     24.406    11.1230    32.7543      8.101     0.7132 1.3490e+00  1025.1163    11.1200    25.0059     9.3277    284.388    8.92500  272.10935    104.512 -9.990e-29
   40.49214  -71.92486     24.578     24.387    11.1238    32.7538      8.101     0.7266 1.3528e+00  1025.1159    11.1208    25.0053     9.3269    284.364    8.92401  272.08051    104.515 -9.990e-29
   40.49214  -71.92486     24.571     24.380    11.1262    32.7532      8.101     0.7266 1.3566e+00  1025.1152    11.1232    25.0044     9.3267    284.360    8.92357  272.06772    104.518 -9.990e-29
   40.49214  -71.92486     24.546     24.355    11.1298    32.7525      8.101     0.7266 1.3566e+00  1025.1133    11.1268    25.0033     9.3254    284.319    8.92334  272.06162    104.506 -9.990e-29
   40.49214  -71.92486     24.536     24.346    11.1321    32.7519      8.101     0.7266 1.3643e+00  1025.1127    11.1292    25.0024     9.3362    284.649    8.92345  272.06547    104.625 -9.990e-29
   40.49214  -71.92486     24.510     24.320    11.1341    32.7512      8.101     0.7266 1.3643e+00  1025.1119    11.1311    25.0014     9.3381    284.709    8.92380  272.07585    104.643 -9.990e-29
