CalculateIndicators/WaterTemperature/Data/CTD_NYOS/20230516_C12.cnv
* Sea-Bird SBE 9 Data File:
* FileName = C:\Seabird 9 CTD\Data\2023\202305_offshore\20230516_C12.hex
* Software Version Seasave V 7.23.2
* Temperature SN = 4590
* Conductivity SN = 3228
* Number of Bytes Per Scan = 44
* Number of Voltage Words = 5
* Number of Scans Averaged by the Deck Unit = 1
* NMEA Latitude = 39 32.71 N
* NMEA Longitude = 072 14.46 W
* NMEA UTC (Time) = May 16 2023  11:23:32
* NMEA baud rate = 4800
** Ship: Seawolf
** Station: 9.6
** Operator: tcm
# nquan = 18
# nvalues = 20771                       
# units = specified
# name 0 = latitude: Latitude [deg]
# name 1 = longitude: Longitude [deg]
# name 2 = prDM: Pressure, Digiquartz [db]
# name 3 = depSM: Depth [salt water, m]
# name 4 = t090C: Temperature [ITS-90, deg C]
# name 5 = sal00: Salinity, Practical [PSU]
# name 6 = ph: pH
# name 7 = flECO-AFL: Fluorescence, WET Labs ECO-AFL/FL [mg/m^3]
# name 8 = cpar: CPAR/Corrected Irradiance [%]
# name 9 = density00: Density [density, kg/m^3]
# name 10 = potemp090C: Potential Temperature [ITS-90, deg C]
# name 11 = sigma-é00: Density [sigma-theta, kg/m^3]
# name 12 = sbeox0Mg/L: Oxygen, SBE 43 [mg/l]
# name 13 = sbox0Mm/Kg: Oxygen, SBE 43 [umol/kg]
# name 14 = oxsolMg/L: Oxygen Saturation, Garcia & Gordon [mg/l]
# name 15 = oxsolMm/Kg: Oxygen Saturation, Garcia & Gordon [umol/kg]
# name 16 = sbeox0PS: Oxygen, SBE 43 [% saturation]
# name 17 = flag:  0.000e+00
# span 0 =   39.54474,   39.54524       
# span 1 =  -72.24114,  -72.23738       
# span 2 =      1.378,    134.809       
# span 3 =      1.368,    133.738       
# span 4 =     8.6638,    14.8684       
# span 5 =    32.9647,    35.6887       
# span 6 =      7.920,      8.141       
# span 7 =    -0.1061,     1.4519       
# span 8 = 6.8064e-14, 1.0432e+01       
# span 9 =  1024.9431,  1027.2786       
# span 10 =     8.6593,    14.8548      
# span 11 =    24.9489,    26.6850      
# span 12 =     6.3290,    10.2067      
# span 13 =    192.644,    311.012      
# span 14 =    8.12411,    9.38389      
# span 15 =  247.32745,  285.82268      
# span 16 =     76.856,    113.610      
# span 17 = 0.0000e+00, 0.0000e+00      
# interval = seconds: 0.0416667
# start_time = May 16 2023 11:23:31 [System UTC, first data scan.]
# bad_flag = -9.990e-29
*END*
[from data line 13910]
   39.54492 -9.990e-29     67.951     67.422    13.5295    35.1271      8.026    -0.0524 6.9560e-14  1026.6887    13.5199    26.3867     7.4133    225.723    8.40349  255.87254     88.217 0.0000e+00
   39.54492 -9.990e-29     67.931     67.402    13.5282    35.1270      8.026    -0.0524 6.9560e-14  1026.6874    13.5187    26.3858     7.4169    225.833    8.40606  255.95021     88.233 0.0000e+00
   39.54492 -9.990e-29     67.921     67.392    13.5251    35.1239      8.026    -0.0524 6.9656e-14  1026.6841    13.5155    26.3841     7.4248    226.071    8.40785  256.00450     88.308 0.0000e+00
   39.54492 -9.990e-29     67.874     67.345    13.5189    35.1239      8.026    -0.0524 6.9656e-14  1026.6826    13.5093    26.3837     7.4273    226.147    8.40917  256.04445     88.323 0.0000e+00
   39.54492 -9.990e-29     67.859     67.330    13.5138    35.1237      8.026    -0.0524 6.9656e-14  1026.6858    13.5043    26.3858     7.4295    226.214    8.41050  256.08531     88.336 0.0000e+00
   39.54492 -9.990e-29     67.838     67.310    13.5131    35.1222      8.026    -0.0524 6.9656e-14  1026.6920    13.5036    26.3871     7.4314    226.275    8.41192  256.12908     88.344 0.0000e+00
   39.54492 -9.990e-29     67.817     67.289    13.5125    35.1176      8.026    -0.0524 6.9560e-14  1026.6865    13.5029    26.3828     7.4331    226.326    8.41269  256.15138     88.356 0.0000e+00
   39.54492 -9.990e-29     67.787     67.259    13.4975    35.0996      8.031    -0.0524 6.9560e-14  1026.6750    13.4880    26.3713     7.4378    226.468    8.41205  256.13106     88.419 0.0000e+00
   39.54492 -9.990e-29     67.762     67.234    13.4779    35.0741      8.026    -0.0524 6.9560e-14  1026.6546    13.4684    26.3551     7.4423    226.605    8.41094  256.09707     88.484 0.0000e+00
   39.54492 -9.990e-29     67.735     67.208    13.4597    35.0504      8.026    -0.0524 6.9560e-14  1026.6349    13.4502    26.3404     7.4435    226.642    8.41091  256.09688     88.498 0.0000e+00
   39.54492 -9.990e-29     67.705     67.178    13.4428    35.0504      8.027    -0.0524 6.9560e-14  1026.6273    13.4333    26.3352     7.4457    226.709    8.41229  256.14013     88.510 0.0000e+00
   39.54492 -9.990e-29     67.695     67.168    13.4234    35.0504      8.031    -0.0524 6.9560e-14  1026.6385    13.4140    26.3419     7.4475    226.765    8.41362  256.18126     88.517 0.0000e+00
   39.54492 -9.990e-29     67.654     67.127    13.4088    35.0567      8.027    -0.0524 6.9560e-14  1026.6562    13.3993    26.3552     7.4548    226.986    8.41485  256.21818     88.591 0.0000e+00
   39.54492 -9.990e-29     67.628     67.101    13.4007    35.0710      8.027    -0.0524 6.9560e-14  1026.6696    13.3912    26.3680     7.4620    227.203    8.41570  256.24268     88.667 0.0000e+00
   39.54492 -9.990e-29     67.603     67.076    13.3992    35.0826      8.027    -0.0524 6.9560e-14  1026.6785    13.3897    26.3775     7.4632    227.241    8.41555  256.23688     88.684 0.0000e+00
   39.54492 -9.990e-29     67.582     67.056    13.4000    35.0906      8.031    -0.0524 6.9560e-14  1026.6855    13.3906    26.3836     7.4634    227.243    8.41454  256.20352     88.696 0.0000e+00
   39.54492 -9.990e-29     67.552     67.026    13.4029    35.0940      8.027    -0.0524 6.9560e-14  1026.6871    13.3934    26.3857     7.4632    227.235    8.41288  256.15033     88.711 0.0000e+00
   39.54492 -9.990e-29     67.516     66.990    13.4072    35.0942      8.031    -0.0524 6.9560e-14  1026.6835    13.3978    26.3850     7.4679    227.375    8.41188  256.11747     88.777 0.0000e+00
   39.54492 -9.990e-29     67.489     66.964    13.4130    35.0948      8.027    -0.0524 6.9560e-14  1026.6821    13.4036    26.3845     7.4667    227.338    8.40939  256.03876     88.791 0.0000e+00
   39.54492 -9.990e-29     67.470     66.945    13.4165    35.0948      8.031    -0.0524 6.9560e-14  1026.6855    13.4071    26.3852     7.4648    227.281    8.40645  255.95056     88.799 0.0000e+00
   39.54492 -9.990e-29     67.428     66.904    13.4197    35.0948      8.031    -0.0524 6.9560e-14  1026.6853    13.4103    26.3842     7.4639    227.255    8.40499  255.90763     88.804 0.0000e+00
   39.54492 -9.990e-29     67.413     66.888    13.4254    35.0928      8.031    -0.0524 6.9560e-14  1026.6790    13.4160    26.3803     7.4685    227.395    8.40416  255.88416     88.866 0.0000e+00
   39.54492 -9.990e-29     67.377     66.853    13.4296    35.0873      8.031    -0.0524 6.9560e-14  1026.6740    13.4202    26.3756     7.4645    227.281    8.40516  255.92055     88.809 0.0000e+00
   39.54492 -9.990e-29     67.347     66.823    13.4293    35.0812      8.031    -0.0524 6.9465e-14  1026.6696    13.4199    26.3709     7.4724    227.525    8.40798  256.01163     88.873 0.0000e+00
   39.54492 -9.990e-29     67.316     66.792    13.4231    35.0735      8.027    -0.0524 6.9465e-14  1026.6650    13.4137    26.3656     7.4745    227.589    8.40982  256.06610     88.879 0.0000e+00
   39.54492 -9.990e-29     67.300     66.776    13.4214    35.0679      8.031    -0.0524 6.9465e-14  1026.6557    13.4120    26.3604     7.4791    227.722    8.40903  256.03751     88.941 0.0000e+00
   39.54492 -9.990e-29     67.254     66.731    13.4202    35.0679      8.031    -0.0524 6.9465e-14  1026.6538    13.4108    26.3590     7.4740    227.567    8.40827  256.01327     88.889 0.0000e+00
   39.54492 -9.990e-29     67.233     66.710    13.4214    35.0662      8.031    -0.0524 6.9465e-14  1026.6607    13.4120    26.3618     7.4793    227.730    8.40850  256.02015     88.950 0.0000e+00
   39.54492 -9.990e-29     67.193     66.670    13.4231    35.0642      8.031    -0.0524 6.9465e-14  1026.6656    13.4137    26.3626     7.4743    227.576    8.40846  256.01973     88.890 0.0000e+00
   39.54492 -9.990e-29     67.177     66.654    13.4253    35.0628      8.031    -0.0524 6.9465e-14  1026.6551    13.4159    26.3578     7.4773    227.666    8.40755  255.99054     88.935 0.0000e+00
   39.54492 -9.990e-29     67.131     66.609    13.4194    35.0628      8.031    -0.0524 6.9465e-14  1026.6448    13.4100    26.3539     7.4755    227.611    8.40625  255.94867     88.928 0.0000e+00
   39.54492 -9.990e-29     67.101     66.578    13.4091    35.0628      8.031    -0.0524 6.9465e-14  1026.6519    13.3997    26.3580     7.4737    227.555    8.40524  255.91791     88.917 0.0000e+00
   39.54492 -9.990e-29     67.074     66.552    13.4071    35.0728      8.031    -0.0524 6.9465e-14  1026.6666    13.3977    26.3679     7.4770    227.654    8.40448  255.89432     88.964 0.0000e+00
   39.54492 -9.990e-29     67.040     66.518    13.4126    35.0844      8.031    -0.0524 6.9465e-14  1026.6772    13.4033    26.3763     7.4752    227.597    8.40296  255.84525     88.959 0.0000e+00
   39.54492 -9.990e-29     67.008     66.486    13.4184    35.0857      8.031    -0.0524 6.9369e-14  1026.6785    13.4090    26.3791     7.4727    227.523    8.40176  255.81163     88.942 0.0000e+00
   39.54492 -9.990e-29     66.977     66.456    13.4207    35.0859      8.031    -0.0524 6.9369e-14  1026.6742    13.4113    26.3775     7.4716    227.496    8.40190  255.82002     88.928 0.0000e+00
   39.54492 -9.990e-29     66.942     66.421    13.4219    35.0877      8.031    -0.0524 6.9369e-14  1026.6706    13.4125    26.3755     7.4712    227.484    8.40236  255.83506     88.918 0.0000e+00
   39.54492 -9.990e-29     66.926     66.405    13.4229    35.0877      8.031    -0.0524 6.9369e-14  1026.6713    13.4136    26.3755     7.4754    227.609    8.40241  255.83573     88.967 0.0000e+00
   39.54492 -9.990e-29     66.886     66.366    13.4239    35.0889      8.031    -0.0524 6.9369e-14  1026.6728    13.4145    26.3775     7.4739    227.563    8.40176  255.81478     88.956 0.0000e+00
   39.54492 -9.990e-29     66.860     66.340    13.4254    35.0898      8.031    -0.0524 6.9369e-14  1026.6776    13.4161    26.3805     7.4770    227.656    8.40086  255.78687     89.002 0.0000e+00
   39.54492 -9.990e-29     66.835     66.315    13.4303    35.0898      8.031    -0.0524 6.9369e-14  1026.6816    13.4210    26.3814     7.4755    227.613    8.40041  255.77351     88.990 0.0000e+00
   39.54492 -9.990e-29     66.794     66.274    13.4367    35.0898      8.031    -0.0389 6.9274e-14  1026.6762    13.4274    26.3763     7.4744    227.578    8.40003  255.76062     88.981 0.0000e+00
   39.54492 -9.990e-29     66.767     66.248    13.4359    35.0757      8.031    -0.0389 6.9274e-14  1026.6610    13.4266    26.3658     7.4724    227.513    8.39898  255.72586     88.967 0.0000e+00
   39.54492 -9.990e-29     66.742     66.223    13.4248    35.0608      8.031    -0.0389 6.9274e-14  1026.6475    13.4154    26.3559     7.4751    227.597    8.39732  255.67556     89.018 0.0000e+00
   39.54492 -9.990e-29     66.712     66.193    13.4104    35.0518      8.031    -0.0389 6.9274e-14  1026.6451    13.4011    26.3511     7.4731    227.536    8.39584  255.63221     89.009 0.0000e+00
   39.54492 -9.990e-29     66.675     66.156    13.4025    35.0467      8.031    -0.0389 6.9274e-14  1026.6464    13.3932    26.3490     7.4706    227.464    8.39432  255.58759     88.997 0.0000e+00
   39.54492 -9.990e-29     66.650     66.131    13.3973    35.0413      8.031    -0.0389 6.9274e-14  1026.6409    13.3880    26.3463     7.4695    227.432    8.39389  255.57691     88.988 0.0000e+00
   39.54492 -9.990e-29     66.629     66.110    13.3893    35.0359      8.031    -0.0389 6.9369e-14  1026.6383    13.3799    26.3438     7.4743    227.580    8.39456  255.60075     89.037 0.0000e+00
   39.54492 -9.990e-29     66.593     66.075    13.3792    35.0322      8.031    -0.0389 6.9369e-14  1026.6370    13.3699    26.3431     7.4742    227.582    8.39533  255.62837     89.028 0.0000e+00
   39.54492 -9.990e-29     66.578     66.060    13.3644    35.0303      8.031    -0.0389 6.9369e-14  1026.6394    13.3551    26.3441     7.4803    227.771    8.39687  255.67999     89.085 0.0000e+00
   39.54492 -9.990e-29     66.547     66.030    13.3542    35.0291      8.032    -0.0389 6.9369e-14  1026.6406    13.3450    26.3452     7.4872    227.986    8.39898  255.75100     89.144 0.0000e+00
   39.54492 -9.990e-29     66.521     66.003    13.3468    35.0274      8.032    -0.0389 6.9369e-14  1026.6413    13.3376    26.3456     7.4864    227.967    8.40309  255.87904     89.092 0.0000e+00
   39.54492 -9.990e-29     66.507     65.990    13.3402    35.0248      8.032    -0.0389 6.9369e-14  1026.6400    13.3309    26.3450     7.4963    228.265    8.40824  256.03347     89.154 0.0000e+00
   39.54492 -9.990e-29     66.475     65.958    13.3333    35.0248      8.032    -0.0389 6.9369e-14  1026.6377    13.3240    26.3449     7.5000    228.374    8.41214  256.14731     89.157 0.0000e+00
   39.54492 -9.990e-29     66.460     65.943    13.3279    35.0248      8.032    -0.0389 6.9369e-14  1026.6412    13.3186    26.3467     7.5076    228.600    8.41495  256.22692     89.218 0.0000e+00
   39.54492 -9.990e-29     66.435     65.918    13.3301    35.0263      8.036    -0.0389 6.9369e-14  1026.6445    13.3208    26.3490     7.5092    228.642    8.41669  256.27496     89.218 0.0000e+00
   39.54492 -9.990e-29     66.415     65.898    13.3354    35.0263      8.032    -0.0389 6.9369e-14  1026.6460    13.3262    26.3495     7.5104    228.678    8.41789  256.30853     89.220 0.0000e+00
   39.54492 -9.990e-29     66.409     65.892    13.3370    35.0263      8.036    -0.0389 6.9369e-14  1026.6423    13.3277    26.3475     7.5171    228.882    8.41912  256.34590     89.286 0.0000e+00
   39.54492 -9.990e-29     66.373     65.857    13.3311    35.0213      8.032    -0.0389 6.9465e-14  1026.6379    13.3218    26.3444     7.5190    228.939    8.42048  256.38629     89.294 0.0000e+00
   39.54492 -9.990e-29     66.358     65.842    13.3250    35.0213      8.032    -0.0255 6.9369e-14  1026.6348    13.3158    26.3428     7.5250    229.122    8.42108  256.40509     89.359 0.0000e+00
   39.54492 -9.990e-29     66.343     65.826    13.3176    35.0213      8.036    -0.0389 6.9465e-14  1026.6369    13.3084    26.3445     7.5263    229.161    8.42196  256.43232     89.365 0.0000e+00
   39.54492 -9.990e-29     66.333     65.817    13.3108    35.0227      8.036    -0.0389 6.9465e-14  1026.6429    13.3016    26.3489     7.5332    229.371    8.42300  256.46521     89.436 0.0000e+00
   39.54492 -9.990e-29     66.316     65.800    13.3101    35.0305      8.032    -0.0389 6.9465e-14  1026.6472    13.3009    26.3553     7.5359    229.455    8.42423  256.50446     89.455 0.0000e+00
   39.54492 -9.990e-29     66.303     65.787    13.3117    35.0421      8.032    -0.0389 6.9465e-14  1026.6576    13.3025    26.3639     7.5325    229.353    8.42494  256.52583     89.407 -9.990e-29
   39.54492 -9.990e-29     66.303     65.787    13.3168    35.0559      8.032    -0.0389 6.9465e-14  1026.6681    13.3075    26.3739     7.5378    229.513    8.42473  256.51751     89.473 -9.990e-29
   39.54492 -9.990e-29     66.286     65.770    13.3185    35.0698      8.036    -0.0389 6.9465e-14  1026.6781    13.3092    26.3837     7.5424    229.648    8.42342  256.47402     89.540 0.0000e+00
   39.54492 -9.990e-29     66.261     65.745    13.3275    35.0771      8.036    -0.0389 6.9465e-14  1026.6898    13.3183    26.3899     7.5412    229.611    8.42078  256.39123     89.555 -9.990e-29
   39.54492 -9.990e-29     66.265     65.750    13.3453    35.0771      8.032    -0.0389 6.9465e-14  1026.6845    13.3361    26.3890     7.5348    229.416    8.41848  256.32286     89.503 -9.990e-29
   39.54492 -9.990e-29     66.261     65.745    13.3556    35.0771      8.036    -0.0389 6.9465e-14  1026.6779    13.3464    26.3828     7.5444    229.711    8.41764  256.29988     89.626 0.0000e+00
   39.54492 -9.990e-29     66.240     65.725    13.3625    35.0644      8.036    -0.0389 6.9465e-14  1026.6710    13.3533    26.3716     7.5461    229.768    8.41857  256.33171     89.637 0.0000e+00
   39.54492 -9.990e-29     66.235     65.719    13.3660    35.0436      8.036    -0.0389 6.9465e-14  1026.6467    13.3568    26.3552     7.5439    229.702    8.42049  256.39341     89.590 0.0000e+00
   39.54492 -9.990e-29     66.231     65.715    13.3581    35.0361      8.036    -0.0389 6.9465e-14  1026.6266    13.3489    26.3429     7.5396    229.572    8.42187  256.43599     89.524 0.0000e+00
   39.54492 -9.990e-29     66.224     65.708    13.3464    35.0361      8.036    -0.0389 6.9560e-14  1026.6318    13.3371    26.3437     7.5550    230.039    8.42231  256.44795     89.702 0.0000e+00
   39.54492 -9.990e-29     66.220     65.704    13.3439    35.0361      8.036    -0.0389 6.9560e-14  1026.6501    13.3347    26.3527     7.5504    229.898    8.42217  256.44258     89.649 0.0000e+00
   39.54492 -9.990e-29     66.210     65.695    13.3460    35.0444      8.036    -0.0389 6.9656e-14  1026.6554    13.3368    26.3592     7.5508    229.912    8.42222  256.44442     89.654 -9.990e-29
   39.54492 -9.990e-29     66.214     65.699    13.3450    35.0465      8.036    -0.0389 6.9752e-14  1026.6550    13.3358    26.3608     7.5556    230.057    8.42231  256.44765     89.709 -9.990e-29
   39.54492 -9.990e-29     66.210     65.695    13.3461    35.0481      8.036    -0.0389 6.9848e-14  1026.6524    13.3369    26.3617     7.5507    229.907    8.42228  256.44670     89.651 -9.990e-29
   39.54492 -9.990e-29     66.214     65.699    13.3491    35.0538      8.036    -0.0389 6.9944e-14  1026.6579    13.3398    26.3657     7.5493    229.865    8.42218  256.44358     89.636 -9.990e-29
   39.54492 -9.990e-29     66.210     65.695    13.3526    35.0616      8.036    -0.0389 7.0041e-14  1026.6673    13.3434    26.3709     7.5482    229.832    8.42202  256.43842     89.625 -9.990e-29
