CalculateIndicators/WaterTemperature/Data/CTD_NYOS/20230517_C19.cnv
* Sea-Bird SBE 9 Data File:
* FileName = C:\Seabird 9 CTD\Data\2023\202305_offshore\20230517_C19.hex
* Software Version Seasave V 7.23.2
* Temperature SN = 4590
* Conductivity SN = 3228
* Number of Bytes Per Scan = 44
* Number of Voltage Words = 5
* Number of Scans Averaged by the Deck Unit = 1
* NMEA Latitude = 40 33.00 N
* NMEA Longitude = 072 27.13 W
* NMEA UTC (Time) = May 17 2023  10:01:23
* NMEA baud rate = 4800
** Ship: Seawolf
** Station: 10.2
** Operator: TDK
# nquan = 18
# nvalues = 12235                       
# units = specified
# name 0 = latitude: Latitude [deg]
# name 1 = longitude: Longitude [deg]
# name 2 = prDM: Pressure, Digiquartz [db]
# name 3 = depSM: Depth [salt water, m]
# name 4 = t090C: Temperature [ITS-90, deg C]
# name 5 = sal00: Salinity, Practical [PSU]
# name 6 = ph: pH
# name 7 = flECO-AFL: Fluorescence, WET Labs ECO-AFL/FL [mg/m^3]
# name 8 = cpar: CPAR/Corrected Irradiance [%]
# name 9 = density00: Density [density, kg/m^3]
# name 10 = potemp090C: Potential Temperature [ITS-90, deg C]
# name 11 = sigma-é00: Density [sigma-theta, kg/m^3]
# name 12 = sbeox0Mg/L: Oxygen, SBE 43 [mg/l]
# name 13 = sbox0Mm/Kg: Oxygen, SBE 43 [umol/kg]
# name 14 = oxsolMg/L: Oxygen Saturation, Garcia & Gordon [mg/l]
# name 15 = oxsolMm/Kg: Oxygen Saturation, Garcia & Gordon [umol/kg]
# name 16 = sbeox0PS: Oxygen, SBE 43 [% saturation]
# name 17 = flag:  0.000e+00
# span 0 =   40.54836,   40.55000       
# span 1 =  -72.45238,  -72.45208       
# span 2 =      1.620,     40.368       
# span 3 =      1.608,     40.052       
# span 4 =     6.5519,    12.8999       
# span 5 =    31.2760,    32.6577       
# span 6 =      7.850,      8.019       
# span 7 =     0.0148,     0.7266       
# span 8 = 1.0128e-12, 4.9860e+01       
# span 9 =  1023.5386,  1025.7552       
# span 10 =     6.5490,    12.8985      
# span 11 =    23.5368,    25.5905      
# span 12 =     8.3635,     9.6747      
# span 13 =    254.923,    295.010      
# span 14 =    8.68713,    9.90591      
# span 15 =  265.23146,  301.84079      
# span 16 =     84.867,    106.451      
# span 17 = 0.0000e+00, 0.0000e+00      
# interval = seconds: 0.0416667
# start_time = May 17 2023 10:01:26 [System UTC, first data scan.]
# bad_flag = -9.990e-29
*END*
[from data line 10855]
   40.54856  -72.45228      2.603      2.583    12.8541    31.2836      8.010     0.3640 2.5960e+01  1023.5555    12.8537    23.5438     8.7779    268.002    8.69593  265.50058    100.942 -9.990e-29
   40.54856  -72.45228      2.603      2.583    12.8546    31.2836      8.010     0.3640 2.5960e+01  1023.5554    12.8542    23.5438     8.7769    267.972    8.69588  265.49937    100.931 -9.990e-29
   40.54856  -72.45228      2.573      2.553    12.8548    31.2836      8.005     0.3640 2.6403e+01  1023.5554    12.8544    23.5437     8.7759    267.943    8.69591  265.50001    100.920 -9.990e-29
   40.54856  -72.45228      2.562      2.542    12.8549    31.2833      8.005     0.3640 2.6365e+01  1023.5546    12.8546    23.5434     8.7749    267.911    8.69588  265.49915    100.909 -9.990e-29
   40.54856  -72.45228      2.532      2.512    12.8545    31.2833      8.005     0.3640 2.6440e+01  1023.5547    12.8542    23.5434     8.7745    267.899    8.69585  265.49846    100.904 -9.990e-29
   40.54856  -72.45228      2.522      2.503    12.8546    31.2833      8.010     0.3640 2.6589e+01  1023.5548    12.8543    23.5434     8.7740    267.885    8.69580  265.49692    100.900 -9.990e-29
   40.54856  -72.45228      2.501      2.482    12.8546    31.2833      8.010     0.3640 2.6815e+01  1023.5545    12.8543    23.5434     8.7737    267.874    8.69582  265.49744    100.895 -9.990e-29
   40.54856  -72.45228      2.471      2.452    12.8544    31.2833      8.005     0.3640 2.6815e+01  1023.5545    12.8541    23.5435     8.7726    267.842    8.69580  265.49686    100.883 -9.990e-29
   40.54856  -72.45228      2.460      2.441    12.8542    31.2833      8.005     0.3640 2.6891e+01  1023.5545    12.8539    23.5435     8.7722    267.830    8.69580  265.49675    100.879 -9.990e-29
   40.54856  -72.45228      2.422      2.403    12.8544    31.2834      8.005     0.3640 2.7043e+01  1023.5543    12.8541    23.5436     8.7724    267.837    8.69581  265.49731    100.881 -9.990e-29
   40.54856  -72.45228      2.411      2.392    12.8542    31.2836      8.010     0.3640 2.7043e+01  1023.5546    12.8539    23.5438     8.7720    267.824    8.69576  265.49573    100.877 -9.990e-29
   40.54856  -72.45228      2.390      2.372    12.8543    31.2837      8.010     0.3640 2.7119e+01  1023.5544    12.8540    23.5438     8.7716    267.813    8.69578  265.49618    100.873 -9.990e-29
   40.54856  -72.45228      2.360      2.342    12.8542    31.2837      8.010     0.3640 2.7195e+01  1023.5543    12.8539    23.5438     8.7713    267.801    8.69578  265.49630    100.868 -9.990e-29
   40.54856  -72.45228      2.339      2.321    12.8542    31.2837      8.010     0.3640 2.7272e+01  1023.5545    12.8539    23.5439     8.7655    267.626    8.69577  265.49584    100.802 -9.990e-29
   40.54856  -72.45228      2.309      2.291    12.8546    31.2836      8.005     0.3640 2.7426e+01  1023.5539    12.8543    23.5437     8.7646    267.598    8.69581  265.49723    100.791 -9.990e-29
   40.54856  -72.45228      2.299      2.282    12.8546    31.2835      8.010     0.3640 2.8210e+01  1023.5537    12.8543    23.5436     8.7690    267.731    8.69578  265.49620    100.842 -9.990e-29
   40.54856  -72.45228      2.258      2.241    12.8544    31.2835      8.010     0.3640 2.8450e+01  1023.5537    12.8541    23.5436     8.7693    267.742    8.69579  265.49667    100.846 -9.990e-29
   40.54856  -72.45228      2.238      2.220    12.8546    31.2835      8.010     0.3640 2.8610e+01  1023.5536    12.8543    23.5436     8.7690    267.733    8.69579  265.49656    100.842 -9.990e-29
   40.54856  -72.45228      2.218      2.201    12.8545    31.2835      8.010     0.3640 2.9345e+01  1023.5535    12.8542    23.5437     8.7693    267.742    8.69574  265.49520    100.846 -9.990e-29
   40.54856  -72.45228      2.198      2.181    12.8546    31.2835      8.005     0.3640 2.9678e+01  1023.5536    12.8543    23.5437     8.7644    267.590    8.69576  265.49555    100.789 -9.990e-29
   40.54856  -72.45228      2.168      2.151    12.8549    31.2835      8.005     0.3640 2.9762e+01  1023.5532    12.8546    23.5436     8.7695    267.748    8.69579  265.49647    100.848 -9.990e-29
   40.54856  -72.45228      2.147      2.130    12.8546    31.2835      8.010     0.3640 3.0698e+01  1023.5532    12.8543    23.5436     8.7700    267.762    8.69577  265.49603    100.853 -9.990e-29
   40.54856  -72.45228      2.126      2.110    12.8548    31.2835      8.010     0.3640 3.1310e+01  1023.5530    12.8545    23.5435     8.7651    267.614    8.69579  265.49661    100.798 -9.990e-29
   40.54856  -72.45228      2.096      2.080    12.8548    31.2835      8.010     0.3640 3.1310e+01  1023.5526    12.8545    23.5434     8.7704    267.773    8.69577  265.49593    100.858 -9.990e-29
   40.54856  -72.45228      2.066      2.050    12.8548    31.2836      8.010     0.3640 3.1933e+01  1023.5529    12.8545    23.5436     8.7709    267.791    8.69578  265.49639    100.864 -9.990e-29
   40.54856  -72.45228      2.056      2.040    12.8548    31.2836      8.010     0.3640 3.2478e+01  1023.5530    12.8546    23.5437     8.7716    267.810    8.69583  265.49789    100.871 -9.990e-29
   40.54856  -72.45228      2.036      2.020    12.8548    31.2836      8.010     0.3640 3.2569e+01  1023.5528    12.8545    23.5436     8.7668    267.665    8.69581  265.49721    100.816 -9.990e-29
   40.54856  -72.45228      2.015      2.000    12.8551    31.2836      8.010     0.3640 3.2386e+01  1023.5525    12.8548    23.5436     8.7723    267.832    8.69590  265.49990    100.878 -9.990e-29
   40.54856  -72.45228      1.996      1.980    12.8552    31.2836      8.010     0.3640 3.2204e+01  1023.5526    12.8550    23.5436     8.7730    267.852    8.69590  265.49984    100.886 -9.990e-29
   40.54856  -72.45228      1.975      1.960    12.8552    31.2836      8.010     0.3640 3.2114e+01  1023.5524    12.8550    23.5435     8.7737    267.874    8.69589  265.49964    100.894 -9.990e-29
   40.54856  -72.45228      1.966      1.950    12.8552    31.2835      8.005     0.3640 3.1844e+01  1023.5523    12.8550    23.5434     8.7685    267.715    8.69592  265.50061    100.834 -9.990e-29
   40.54856  -72.45228      1.934      1.919    12.8552    31.2834      8.010     0.3640 3.1222e+01  1023.5520    12.8550    23.5433     8.7686    267.719    8.69590  265.49988    100.836 -9.990e-29
   40.54856  -72.45228      1.934      1.919    12.8554    31.2834      8.005     0.3640 3.1134e+01  1023.5518    12.8551    23.5432     8.7681    267.705    8.69590  265.49995    100.831 -9.990e-29
   40.54856  -72.45228      1.915      1.900    12.8552    31.2834      8.005     0.3640 3.1310e+01  1023.5518    12.8550    23.5433     8.7731    267.856    8.69591  265.50030    100.887 -9.990e-29
   40.54856  -72.45228      1.894      1.880    12.8552    31.2835      8.010     0.3640 3.1487e+01  1023.5521    12.8550    23.5435     8.7733    267.862    8.69593  265.50077    100.889 -9.990e-29
   40.54856  -72.45228      1.894      1.880    12.8551    31.2835      8.010     0.3640 3.1576e+01  1023.5519    12.8549    23.5435     8.7735    267.870    8.69597  265.50181    100.892 -9.990e-29
   40.54856  -72.45228      1.885      1.870    12.8551    31.2835      8.010     0.3640 3.1665e+01  1023.5519    12.8549    23.5434     8.7684    267.714    8.69599  265.50251    100.833 -9.990e-29
   40.54856  -72.45228      1.874      1.859    12.8552    31.2835      8.010     0.3640 3.1933e+01  1023.5515    12.8550    23.5433     8.7686    267.719    8.69592  265.50024    100.836 -9.990e-29
   40.54856  -72.45228      1.874      1.859    12.8546    31.2835      8.010     0.3640 3.2114e+01  1023.5520    12.8543    23.5434     8.7735    267.870    8.69587  265.49890    100.893 -9.990e-29
   40.54856  -72.45228      1.864      1.850    12.8548    31.2836      8.010     0.3640 3.2114e+01  1023.5518    12.8546    23.5436     8.7738    267.880    8.69592  265.50038    100.896 -9.990e-29
   40.54856  -72.45228      1.874      1.859    12.8546    31.2838      8.005     0.3640 3.2386e+01  1023.5524    12.8543    23.5439     8.7688    267.725    8.69590  265.49977    100.838 -9.990e-29
   40.54856  -72.45228      1.854      1.840    12.8546    31.2838      8.010     0.3640 3.2569e+01  1023.5523    12.8543    23.5440     8.7737    267.876    8.69585  265.49824    100.896 -9.990e-29
   40.54856  -72.45228      1.864      1.850    12.8546    31.2838      8.010     0.3640 3.2569e+01  1023.5522    12.8543    23.5438     8.7741    267.887    8.69588  265.49922    100.899 -9.990e-29
   40.54856  -72.45228      1.854      1.840    12.8551    31.2837      8.005     0.3505 3.3124e+01  1023.5517    12.8549    23.5437     8.7743    267.895    8.69585  265.49833    100.903 -9.990e-29
   40.54856  -72.45228      1.854      1.840    12.8549    31.2837      8.010     0.3371 3.3312e+01  1023.5520    12.8547    23.5437     8.7746    267.903    8.69580  265.49686    100.906 -9.990e-29
   40.54856  -72.45228      1.854      1.840    12.8549    31.2837 -9.990e-29     0.3371 3.3406e+01  1023.5521    12.8547    23.5437     8.7749    267.912    8.69579  265.49654    100.910 -9.990e-29
   40.54856  -72.45228      1.843      1.829    12.8548    31.2837 -9.990e-29     0.3371 3.4263e+01  1023.5521    12.8546    23.5437     8.7753    267.923    8.69584  265.49825    100.913 -9.990e-29
   40.54856  -72.45228      1.854      1.840    12.8552    31.2837 -9.990e-29     0.3371 3.4847e+01  1023.5516    12.8550    23.5436     8.7702    267.769    8.69586  265.49860    100.855 -9.990e-29
   40.54856  -72.45228      1.843      1.829    12.8549    31.2837 -9.990e-29     0.3371 3.4946e+01  1023.5522    12.8547    23.5436     8.7753    267.924    8.69586  265.49868    100.913 -9.990e-29
   40.54856  -72.45228      1.834      1.820    12.8554    31.2837 -9.990e-29     0.3371 3.5044e+01  1023.5514    12.8552    23.5436     8.7757    267.935    8.69592  265.50057    100.917 -9.990e-29
   40.54856  -72.45228      1.843      1.829    12.8551    31.2837 -9.990e-29     0.3371 3.5242e+01  1023.5520    12.8549    23.5436     8.7760    267.947    8.69597  265.50177    100.921 -9.990e-29
   40.54856  -72.45228      1.834      1.820    12.8552    31.2838 -9.990e-29     0.3371 3.5143e+01  1023.5520    12.8550    23.5437     8.7764    267.957    8.69596  265.50168    100.925 -9.990e-29
   40.54856  -72.45228      1.834      1.820    12.8554    31.2838 -9.990e-29     0.3371 3.4554e+01  1023.5518    12.8552    23.5437     8.7767    267.968    8.69601  265.50327    100.928 -9.990e-29
   40.54856  -72.45228      1.823      1.809    12.8557    31.2838 -9.990e-29     0.3371 3.3784e+01  1023.5517    12.8555    23.5437     8.7824    268.140    8.69598  265.50238    100.994 -9.990e-29
   40.54856  -72.45228      1.834      1.820    12.8554    31.2838 -9.990e-29     0.3371 3.4023e+01  1023.5522    12.8552    23.5437     8.7834    268.171    8.69607  265.50500    101.004 -9.990e-29
   40.54856  -72.45228      1.823      1.809    12.8558    31.2838 -9.990e-29     0.3371 3.2938e+01  1023.5516    12.8555    23.5436     8.7789    268.034    8.69604  265.50411    100.953 -9.990e-29
   40.54856  -72.45228      1.834      1.820    12.8558    31.2836 -9.990e-29     0.3371 3.1933e+01  1023.5517    12.8555    23.5434     8.7792    268.043    8.69607  265.50503    100.956 -9.990e-29
   40.54856  -72.45228      1.823      1.809    12.8558    31.2836 -9.990e-29     0.3371 3.1487e+01  1023.5514    12.8555    23.5434     8.7795    268.053    8.69613  265.50691    100.959 -9.990e-29
   40.54856  -72.45228      1.834      1.820    12.8559    31.2836 -9.990e-29     0.3371 3.1310e+01  1023.5517    12.8557    23.5434     8.7798    268.061    8.69612  265.50652    100.962 -9.990e-29
   40.54856  -72.45228      1.834      1.820    12.8559    31.2836 -9.990e-29     0.3371 3.1090e+01  1023.5515    12.8557    23.5434     8.7854    268.232    8.69614  265.50703    101.026 -9.990e-29
   40.54856  -72.45228      1.843      1.829    12.8558    31.2836 -9.990e-29     0.3371 3.0354e+01  1023.5517    12.8556    23.5434     8.7809    268.094    8.69608  265.50550    100.975 -9.990e-29
   40.54856  -72.45228      1.834      1.820    12.8559    31.2837 -9.990e-29     0.3371 3.0354e+01  1023.5516    12.8557    23.5435     8.7811    268.102    8.69611  265.50613    100.978 -9.990e-29
   40.54856  -72.45228      1.854      1.840    12.8556    31.2837 -9.990e-29     0.3371 3.0354e+01  1023.5520    12.8553    23.5435     8.7861    268.254    8.69615  265.50762    101.034 -9.990e-29
   40.54856  -72.45228      1.854      1.840    12.8559    31.2837 -9.990e-29     0.3371 3.0440e+01  1023.5516    12.8557    23.5434     8.7863    268.259    8.69615  265.50751    101.036 -9.990e-29
   40.54856  -72.45228      1.874      1.859    12.8558    31.2837 -9.990e-29     0.3371 3.0916e+01  1023.5519    12.8555    23.5434     8.7870    268.280    8.69612  265.50648    101.045 -9.990e-29
   40.54856  -72.45228      1.885      1.870    12.8558    31.2837 -9.990e-29     0.3371 3.0354e+01  1023.5520    12.8555    23.5434     8.7877    268.302    8.69611  265.50614    101.053 -9.990e-29
   40.54856  -72.45228      1.894      1.880    12.8561    31.2837 -9.990e-29     0.3371 3.0354e+01  1023.5517    12.8559    23.5434     8.7884    268.323    8.69613  265.50659    101.061 -9.990e-29
   40.54856  -72.45228      1.904      1.889    12.8559    31.2837 -9.990e-29     0.3505 3.0829e+01  1023.5520    12.8557    23.5434     8.7890    268.343    8.69609  265.50541    101.069 -9.990e-29
   40.54856  -72.45228      1.915      1.900    12.8558    31.2836 -9.990e-29     0.3505 3.0612e+01  1023.5519    12.8556    23.5434     8.7890    268.341    8.69608  265.50504    101.068 -9.990e-29
   40.54856  -72.45228      1.934      1.919    12.8559    31.2836 -9.990e-29     0.3505 3.1266e+01  1023.5520    12.8557    23.5434     8.7896    268.359    8.69608  265.50521    101.075 -9.990e-29
   40.54856  -72.45228      1.945      1.930    12.8558    31.2836 -9.990e-29     0.3505 3.0872e+01  1023.5522    12.8555    23.5434     8.7901    268.377    8.69607  265.50493    101.082 -9.990e-29
   40.54856  -72.45228      1.955      1.940    12.8559    31.2835 -9.990e-29     0.3505 3.1222e+01  1023.5521    12.8557    23.5433     8.7900    268.373    8.69607  265.50514    101.080 -9.990e-29
   40.54856  -72.45228      1.966      1.950    12.8559    31.2835 -9.990e-29     0.3505 3.1665e+01  1023.5520    12.8557    23.5433     8.7905    268.388    8.69607  265.50491    101.086 -9.990e-29
   40.54856  -72.45228      1.985      1.970    12.8556    31.2835 -9.990e-29     0.3505 3.1754e+01  1023.5523    12.8553    23.5433     8.7909    268.401    8.69605  265.50445    101.091 -9.990e-29
   40.54856  -72.45228      1.996      1.980    12.8558    31.2835 -9.990e-29     0.3505 3.2341e+01  1023.5522    12.8555    23.5434     8.7914    268.414    8.69607  265.50490    101.096 -9.990e-29
   40.54856  -72.45228      2.015      1.999    12.8552    31.2835 -9.990e-29     0.3505 3.1933e+01  1023.5526    12.8549    23.5434     8.7911    268.406    8.69604  265.50398    101.093 -9.990e-29
   40.54856  -72.45228      2.015      1.999    12.8552    31.2834 -9.990e-29     0.3505 3.1933e+01  1023.5525    12.8550    23.5434     8.7968    268.580    8.69607  265.50482    101.158 -9.990e-29
   40.54856  -72.45228      2.045      2.029    12.8554    31.2834 -9.990e-29     0.3505 3.1754e+01  1023.5523    12.8551    23.5433     8.7923    268.444    8.69603  265.50373    101.107 -9.990e-29
   40.54856  -72.45228      2.056      2.040    12.8551    31.2834 -9.990e-29     0.3505 3.1222e+01  1023.5527    12.8548    23.5434     8.7926    268.453    8.69607  265.50485    101.110 -9.990e-29
