CalculateIndicators/WaterTemperature/Data/CTD_NYOS/20230518_C31.cnv
* Sea-Bird SBE 9 Data File:
* FileName = C:\Seabird 9 CTD\Data\2023\202305_offshore\20230518_C31.hex
* Software Version Seasave V 7.23.2
* Temperature SN = 4590
* Conductivity SN = 3228
* Number of Bytes Per Scan = 44
* Number of Voltage Words = 5
* Number of Scans Averaged by the Deck Unit = 1
* NMEA Latitude = 40 53.51 N
* NMEA Longitude = 072 12.16 W
* NMEA UTC (Time) = May 18 2023  20:43:15
* NMEA baud rate = 4800
** Ship: Seawolf
** Station: 11.1
** Operator: sjw
# nquan = 18
# nvalues = 7109                        
# units = specified
# name 0 = latitude: Latitude [deg]
# name 1 = longitude: Longitude [deg]
# name 2 = prDM: Pressure, Digiquartz [db]
# name 3 = depSM: Depth [salt water, m]
# name 4 = t090C: Temperature [ITS-90, deg C]
# name 5 = sal00: Salinity, Practical [PSU]
# name 6 = ph: pH
# name 7 = flECO-AFL: Fluorescence, WET Labs ECO-AFL/FL [mg/m^3]
# name 8 = cpar: CPAR/Corrected Irradiance [%]
# name 9 = density00: Density [density, kg/m^3]
# name 10 = potemp090C: Potential Temperature [ITS-90, deg C]
# name 11 = sigma-é00: Density [sigma-theta, kg/m^3]
# name 12 = sbeox0Mg/L: Oxygen, SBE 43 [mg/l]
# name 13 = sbox0Mm/Kg: Oxygen, SBE 43 [umol/kg]
# name 14 = oxsolMg/L: Oxygen Saturation, Garcia & Gordon [mg/l]
# name 15 = oxsolMm/Kg: Oxygen Saturation, Garcia & Gordon [umol/kg]
# name 16 = sbeox0PS: Oxygen, SBE 43 [% saturation]
# name 17 = flag:  0.000e+00
# span 0 =   40.89194,   40.89234       
# span 1 =  -72.20276,  -72.20244       
# span 2 =      1.575,     20.526       
# span 3 =      1.562,     20.366       
# span 4 =    10.5257,    11.9603       
# span 5 =    31.3360,    31.5989       
# span 6 =      7.966,      8.015       
# span 7 =    -0.0121,     1.2773       
# span 8 = 6.3668e-01, 2.3514e+02       
# span 9 =  1023.7805,  1024.3024       
# span 10 =    10.5234,    11.9601      
# span 11 =    23.7735,    24.2102      
# span 12 =     8.5046,     8.9203      
# span 13 =    259.492,    272.269      
# span 14 =    8.85623,    9.11854      
# span 15 =  270.33405,  278.22290      
# span 16 =     93.287,    100.281      
# span 17 = 0.0000e+00, 0.0000e+00      
# interval = seconds: 0.0416667
# start_time = May 18 2023 20:43:16 [System UTC, first data scan.]
# bad_flag = -9.990e-29
*END*
[from data line 5066]
   40.89218  -72.20260      2.080      2.064    11.9098    31.3615 -9.990e-29     0.1491 4.3156e+01  1023.7907    11.9095    23.7814     8.8526    270.221    8.86488  270.59621     99.861 -9.990e-29
   40.89218  -72.20260      2.102      2.086    11.9099    31.3615 -9.990e-29     0.1357 4.1725e+01  1023.7907    11.9097    23.7813     8.8568    270.349    8.86478  270.59306     99.910 -9.990e-29
   40.89218  -72.20260      2.090      2.074    11.9101    31.3615 -9.990e-29     0.1357 4.1185e+01  1023.7906    11.9098    23.7813     8.8569    270.351    8.86469  270.59057     99.912 -9.990e-29
   40.89218  -72.20260      2.101      2.085    11.9102    31.3616 -9.990e-29     0.1357 4.1417e+01  1023.7909    11.9100    23.7813     8.8569    270.354    8.86463  270.58862     99.913 -9.990e-29
   40.89218  -72.20260      2.101      2.085    11.9106    31.3617 -9.990e-29     0.1357 4.2478e+01  1023.7908    11.9103    23.7814     8.8564    270.338    8.86461  270.58816     99.907 -9.990e-29
   40.89218  -72.20260      2.101      2.085    11.9105    31.3617 -9.990e-29     0.1357 4.2959e+01  1023.7909    11.9103    23.7814     8.8504    270.155    8.86464  270.58895     99.840 -9.990e-29
   40.89218  -72.20260      2.111      2.094    11.9111    31.3617 -9.990e-29     0.1357 4.2914e+01  1023.7907    11.9108    23.7813     8.8500    270.141    8.86470  270.59093     99.834 -9.990e-29
   40.89218  -72.20260      2.111      2.094    11.9114    31.3617 -9.990e-29     0.1357 4.2794e+01  1023.7907    11.9112    23.7812     8.8549    270.293    8.86470  270.59072     99.890 -9.990e-29
   40.89218  -72.20260      2.101      2.085    11.9117    31.3616 -9.990e-29     0.1357 4.2674e+01  1023.7905    11.9115    23.7810     8.8551    270.299    8.86472  270.59163     99.892 -9.990e-29
   40.89218  -72.20260      2.101      2.085    11.9119    31.3615 -9.990e-29     0.1357 4.2674e+01  1023.7904    11.9117    23.7810     8.8555    270.310    8.86492  270.59766     99.894 -9.990e-29
   40.89218  -72.20260      2.111      2.094    11.9117    31.3615 -9.990e-29     0.1357 4.3599e+01  1023.7904    11.9115    23.7810     8.8559    270.321    8.86510  270.60292     99.896 -9.990e-29
   40.89218  -72.20260      2.101      2.085    11.9114    31.3615 -9.990e-29     0.1357 4.4217e+01  1023.7905    11.9111    23.7810     8.8561    270.327    8.86515  270.60414     99.898 -9.990e-29
   40.89218  -72.20260      2.111      2.094    11.9114    31.3613 -9.990e-29     0.1357 4.4295e+01  1023.7905    11.9112    23.7810     8.8561    270.330    8.86506  270.60172     99.899 -9.990e-29
   40.89218  -72.20260      2.101      2.085    11.9114    31.3610 -9.990e-29     0.1357 4.0484e+01  1023.7900    11.9112    23.7808     8.8563    270.334    8.86504  270.60119     99.901 -9.990e-29
   40.89218  -72.20260      2.090      2.074    11.9107    31.3608 -9.990e-29     0.1357 3.7066e+01  1023.7900    11.9105    23.7807     8.8509    270.171    8.86504  270.60101     99.841 -9.990e-29
   40.89218  -72.20260      2.080      2.064    11.9102    31.3608 -9.990e-29     0.1357 3.6549e+01  1023.7900    11.9100    23.7807     8.8505    270.157    8.86506  270.60163     99.836 -9.990e-29
   40.89218  -72.20260      2.080      2.064    11.9101    31.3608 -9.990e-29     0.1357 4.2661e+01  1023.7897    11.9098    23.7807     8.8500    270.143    8.86505  270.60145     99.830 -9.990e-29
 -9.990e-29  -72.20256      2.071      2.055    11.9087    31.3609 -9.990e-29     0.1357 5.2087e+01  1023.7904    11.9085    23.7811     8.8551    270.297    8.86505  270.60129     99.888 -9.990e-29
 -9.990e-29  -72.20256      2.060      2.044    11.9077    31.3614 -9.990e-29     0.1357 5.4694e+01  1023.7908    11.9075    23.7815     8.8498    270.137    8.86504  270.60117     99.828 -9.990e-29
 -9.990e-29  -72.20256      2.040      2.025    11.9076    31.3618 -9.990e-29     0.1357 5.3272e+01  1023.7911    11.9073    23.7818     8.8494    270.123    8.86501  270.60027     99.824 -9.990e-29
 -9.990e-29  -72.20256      2.060      2.044    11.9091    31.3621 -9.990e-29     0.1357 5.0929e+01  1023.7912    11.9088    23.7820     8.8490    270.112    8.86500  270.60004     99.819 -9.990e-29
 -9.990e-29  -72.20256      2.040      2.025    11.9101    31.3625 -9.990e-29     0.1357 5.0307e+01  1023.7912    11.9098    23.7821     8.8486    270.100    8.86500  270.59980     99.815 -9.990e-29
 -9.990e-29  -72.20256      2.029      2.014    11.9109    31.3625 -9.990e-29     0.1357 4.8963e+01  1023.7915    11.9106    23.7822     8.8482    270.087    8.86488  270.59640     99.812 -9.990e-29
 -9.990e-29  -72.20256      2.009      1.993    11.9119    31.3625 -9.990e-29     0.1357 4.5129e+01  1023.7912    11.9117    23.7820     8.8534    270.244    8.86488  270.59611     99.870 -9.990e-29
 -9.990e-29  -72.20256      1.999      1.984    11.9131    31.3622 -9.990e-29     0.1491 4.3755e+01  1023.7903    11.9129    23.7814     8.8537    270.256    8.86489  270.59675     99.874 -9.990e-29
 -9.990e-29  -72.20256      1.990      1.974    11.9134    31.3614 -9.990e-29     0.1491 4.2617e+01  1023.7893    11.9132    23.7807     8.8540    270.264    8.86483  270.59484     99.878 -9.990e-29
 -9.990e-29  -72.20256      1.979      1.963    11.9134    31.3611 -9.990e-29     0.1491 3.7342e+01  1023.7889    11.9132    23.7804     8.8488    270.106    8.86479  270.59375     99.820 -9.990e-29
 -9.990e-29  -72.20256      1.969      1.954    11.9129    31.3611 -9.990e-29     0.1491 3.5200e+01  1023.7895    11.9127    23.7804     8.8540    270.264    8.86479  270.59367     99.878 -9.990e-29
 -9.990e-29  -72.20256      1.948      1.933    11.9131    31.3610 -9.990e-29     0.1491 3.7237e+01  1023.7891    11.9128    23.7804     8.8544    270.275    8.86475  270.59261     99.883 -9.990e-29
 -9.990e-29  -72.20256      1.939      1.924    11.9129    31.3610 -9.990e-29     0.1491 6.6081e+01  1023.7888    11.9127    23.7803     8.8547    270.287    8.86478  270.59337     99.887 -9.990e-29
 -9.990e-29  -72.20256      1.939      1.924    11.9132    31.3610 -9.990e-29     0.1491 8.8526e+01  1023.7890    11.9130    23.7803     8.8552    270.301    8.86485  270.59556     99.891 -9.990e-29
 -9.990e-29  -72.20256      1.918      1.903    11.9139    31.3611 -9.990e-29     0.1491 9.0192e+01  1023.7891    11.9137    23.7803     8.8557    270.315    8.86494  270.59818     99.895 -9.990e-29
 -9.990e-29  -72.20256      1.888      1.873    11.9141    31.3612 -9.990e-29     0.1491 6.4183e+01  1023.7885    11.9138    23.7803     8.8562    270.331    8.86506  270.60188     99.900 -9.990e-29
 -9.990e-29  -72.20256      1.910      1.895    11.9137    31.3615 -9.990e-29     0.1491 5.1543e+01  1023.7893    11.9135    23.7805     8.8560    270.326    8.86521  270.60657     99.896 -9.990e-29
 -9.990e-29  -72.20256      1.878      1.864    11.9141    31.3617      8.009     0.1491 4.9974e+01  1023.7891    11.9138    23.7807     8.8564    270.337    8.86521  270.60628     99.900 -9.990e-29
 -9.990e-29  -72.20256      1.867      1.853    11.9141    31.3617      8.009     0.1491 4.5849e+01  1023.7894    11.9138    23.7808     8.8622    270.515    8.86524  270.60712     99.966 -9.990e-29
 -9.990e-29  -72.20256      1.858      1.843    11.9141    31.3617      8.013     0.1491 4.1830e+01  1023.7892    11.9138    23.7808     8.8632    270.544    8.86520  270.60603     99.977 -9.990e-29
 -9.990e-29  -72.20256      1.848      1.834    11.9139    31.3617      8.009     0.1491 4.1088e+01  1023.7889    11.9137    23.7807     8.8642    270.574    8.86525  270.60746     99.988 -9.990e-29
 -9.990e-29  -72.20256      1.837      1.823    11.9139    31.3615      8.013     0.1491 5.0929e+01  1023.7891    11.9137    23.7806     8.8651    270.603    8.86528  270.60839     99.998 -9.990e-29
 -9.990e-29  -72.20256      1.827      1.813    11.9144    31.3613      8.009     0.1491 6.5778e+01  1023.7884    11.9142    23.7803     8.8660    270.631    8.86532  270.60963    100.008 -9.990e-29
 -9.990e-29  -72.20256      1.827      1.813    11.9141    31.3611      8.009     0.1491 6.9779e+01  1023.7883    11.9138    23.7802     8.8668    270.656    8.86527  270.60813    100.018 -9.990e-29
   40.89218  -72.20260      1.827      1.813    11.9138    31.3610      8.009     0.1491 6.1659e+01  1023.7886    11.9135    23.7803     8.8676    270.680    8.86524  270.60717    100.027 -9.990e-29
   40.89218  -72.20260      1.816      1.802    11.9129    31.3610      8.013     0.1491 4.9936e+01  1023.7884    11.9127    23.7803     8.8683    270.700    8.86510  270.60304    100.036 -9.990e-29
   40.89218  -72.20260      1.816      1.802    11.9119    31.3610      8.009     0.1491 4.6893e+01  1023.7884    11.9117    23.7805     8.8691    270.724    8.86512  270.60351    100.045 -9.990e-29
   40.89218  -72.20260      1.827      1.813    11.9109    31.3612      8.009     0.1491 4.5384e+01  1023.7889    11.9107    23.7809     8.8698    270.747    8.86514  270.60419    100.053 -9.990e-29
   40.89218  -72.20260      1.837      1.823    11.9104    31.3619      8.009     0.1491 4.1015e+01  1023.7900    11.9102    23.7815     8.8705    270.768    8.86511  270.60323    100.061 -9.990e-29
   40.89218  -72.20260      1.837      1.823    11.9109    31.3625      8.009     0.1491 3.9431e+01  1023.7902    11.9107    23.7818     8.8712    270.790    8.86514  270.60405    100.069 -9.990e-29
   40.89218  -72.20260      1.858      1.843    11.9119    31.3628      8.009     0.1491 3.9210e+01  1023.7904    11.9117    23.7819     8.8711    270.787    8.86508  270.60207    100.068 -9.990e-29
   40.89218  -72.20260      1.867      1.853    11.9136    31.3628      8.009     0.1357 3.7764e+01  1023.7904    11.9134    23.7818     8.8715    270.799    8.86488  270.59634    100.075 -9.990e-29
   40.89218  -72.20260      1.888      1.873    11.9143    31.3628      8.009     0.1222 3.7275e+01  1023.7901    11.9140    23.7815     8.8714    270.794    8.86482  270.59441    100.074 -9.990e-29
   40.89218  -72.20260      1.909      1.894    11.9149    31.3625      8.009     0.1088 3.8703e+01  1023.7897    11.9146    23.7812     8.8718    270.807    8.86475  270.59241    100.079 -9.990e-29
   40.89218  -72.20260      1.928      1.913    11.9153    31.3624      8.013     0.1088 5.5625e+01  1023.7896    11.9150    23.7810     8.8667    270.653    8.86467  270.58984    100.023 -9.990e-29
   40.89218  -72.20260      1.948      1.933    11.9153    31.3624      8.009     0.1088 6.6779e+01  1023.7899    11.9150    23.7810     8.8720    270.813    8.86460  270.58808    100.083 -9.990e-29
   40.89218  -72.20260      1.979      1.963    11.9152    31.3623      8.013     0.1088 6.7724e+01  1023.7898    11.9150    23.7809     8.8670    270.661    8.86462  270.58872    100.027 -9.990e-29
   40.89218  -72.20260      1.999      1.984    11.9149    31.3622      8.009     0.1088 6.2421e+01  1023.7898    11.9147    23.7809     8.8660    270.631    8.86454  270.58626    100.017 -9.990e-29
   40.89218  -72.20260      2.029      2.014    11.9149    31.3621      8.009     0.1088 5.9508e+01  1023.7901    11.9147    23.7808     8.8707    270.773    8.86458  270.58734    100.069 -9.990e-29
   40.89218  -72.20260      2.060      2.044    11.9149    31.3621      8.009     0.1088 5.9174e+01  1023.7899    11.9146    23.7807     8.8710    270.784    8.86458  270.58726    100.073 -9.990e-29
   40.89218  -72.20260      2.080      2.064    11.9139    31.3621      8.009     0.1088 5.5157e+01  1023.7899    11.9137    23.7807     8.8714    270.796    8.86458  270.58713    100.077 -9.990e-29
   40.89218  -72.20260      2.101      2.085    11.9129    31.3621      8.009     0.1088 5.1703e+01  1023.7905    11.9126    23.7812     8.8718    270.808    8.86462  270.58850    100.081 -9.990e-29
   40.89218  -72.20260      2.120      2.104    11.9123    31.3624      8.009     0.1088 5.1125e+01  1023.7916    11.9120    23.7817     8.8721    270.817    8.86461  270.58820    100.085 -9.990e-29
   40.89218  -72.20260      2.141      2.124    11.9128    31.3624      8.009     0.1088 4.8329e+01  1023.7915    11.9125    23.7818     8.8724    270.827    8.86465  270.58909    100.088 -9.990e-29
   40.89218  -72.20260      2.171      2.154    11.9131    31.3624      8.009     0.1088 4.5176e+01  1023.7911    11.9128    23.7815     8.8727    270.836    8.86466  270.58962    100.091 -9.990e-29
   40.89218  -72.20260      2.171      2.154    11.9131    31.3624      8.009     0.1088 4.4341e+01  1023.7910    11.9128    23.7814     8.8729    270.843    8.86465  270.58925    100.094 -9.990e-29
   40.89218  -72.20260      2.192      2.175    11.9129    31.3624      8.013     0.1088 4.8516e+01  1023.7913    11.9127    23.7815     8.8725    270.829    8.86465  270.58934    100.089 -9.990e-29
   40.89218  -72.20260      2.182      2.165    11.9129    31.3625      8.009     0.1088 5.6848e+01  1023.7914    11.9126    23.7816     8.8720    270.813    8.86463  270.58868    100.083 -9.990e-29
   40.89218  -72.20260      2.212      2.195    11.9129    31.3625      8.009     0.1088 5.9693e+01  1023.7915    11.9127    23.7816     8.8769    270.963    8.86465  270.58928    100.138 -9.990e-29
   40.89218  -72.20260      2.212      2.195    11.9129    31.3625      8.013     0.1088 5.5019e+01  1023.7916    11.9127    23.7815     8.8721    270.818    8.86465  270.58935    100.084 -9.990e-29
   40.89218  -72.20260      2.212      2.195    11.9132    31.3623      8.009     0.1088 4.4341e+01  1023.7912    11.9130    23.7813     8.8716    270.800    8.86474  270.59215    100.077 -9.990e-29
   40.89218  -72.20260      2.222      2.205    11.9132    31.3623      8.013     0.1088 4.1057e+01  1023.7913    11.9130    23.7813     8.8710    270.783    8.86488  270.59652    100.069 -9.990e-29
   40.89218  -72.20260      2.212      2.195    11.9132    31.3623      8.009     0.1088 4.0869e+01  1023.7914    11.9130    23.7813     8.8703    270.761    8.86493  270.59773    100.060 -9.990e-29
   40.89218  -72.20260      2.212      2.195    11.9139    31.3623      8.009     0.1088 4.0340e+01  1023.7911    11.9136    23.7813     8.8749    270.901    8.86486  270.59579    100.113 -9.990e-29
   40.89218  -72.20260      2.214      2.196    11.9138    31.3623      8.009     0.1088 4.0043e+01  1023.7916    11.9135    23.7813     8.8746    270.894    8.86487  270.59587    100.110 -9.990e-29
   40.89218  -72.20260      2.212      2.195    11.9139    31.3622      8.009     0.1088 4.0652e+01  1023.7910    11.9136    23.7811     8.8750    270.906    8.86493  270.59784    100.114 -9.990e-29
   40.89218  -72.20260      2.201      2.184    11.9143    31.3619      8.009     0.1088 4.7718e+01  1023.7908    11.9140    23.7808     8.8753    270.915    8.86492  270.59739    100.118 -9.990e-29
   40.89218  -72.20260      2.192      2.175    11.9146    31.3615      8.009     0.1088 5.1810e+01  1023.7903    11.9143    23.7805     8.8757    270.927    8.86506  270.60170    100.120 -9.990e-29
   40.89218  -72.20260      2.171      2.154    11.9147    31.3613      8.009     0.1088 5.1995e+01  1023.7899    11.9145    23.7803     8.8753    270.915    8.86514  270.60427    100.115 -9.990e-29
   40.89218  -72.20260      2.182      2.165    11.9149    31.3612      8.013     0.1088 4.9936e+01  1023.7900    11.9146    23.7802     8.8756    270.923    8.86527  270.60817    100.116 -9.990e-29
   40.89218  -72.20260      2.171      2.154    11.9148    31.3612      8.009     0.1088 4.8775e+01  1023.7900    11.9145    23.7802     8.8758    270.928    8.86538  270.61164    100.117 -9.990e-29
   40.89218  -72.20260      2.152      2.135    11.9144    31.3612      8.009     0.1088 4.8688e+01  1023.7900    11.9141    23.7803     8.8758    270.931    8.86546  270.61410    100.117 -9.990e-29
