CalculateIndicators/WaterTemperature/Data/CTD_NYOS/20231004_C12.cnv
* Sea-Bird SBE 9 Data File:
* FileName = C:\Seabird 9 CTD\Data\2023\202309_offshore\20231004_C12.hex
* Software Version Seasave V 7.23.2
* Temperature SN = 4590
* Conductivity SN = 3228
* Number of Bytes Per Scan = 44
* Number of Voltage Words = 5
* Number of Scans Averaged by the Deck Unit = 1
* NMEA Latitude = 39 32.82 N
* NMEA Longitude = 072 14.47 W
* NMEA UTC (Time) = Oct 04 2023  06:56:41
* NMEA baud rate = 4800
** Ship: seawolf
** Station: 9.6
** Operator: tcm
# nquan = 18
# nvalues = 2736                        
# units = specified
# name 0 = latitude: Latitude [deg]
# name 1 = longitude: Longitude [deg]
# name 2 = prDM: Pressure, Digiquartz [db]
# name 3 = depSM: Depth [salt water, m]
# name 4 = t090C: Temperature [ITS-90, deg C]
# name 5 = sal00: Salinity, Practical [PSU]
# name 6 = ph: pH
# name 7 = flECO-AFL: Fluorescence, WET Labs ECO-AFL/FL [mg/m^3]
# name 8 = cpar: CPAR/Corrected Irradiance [%]
# name 9 = density00: Density [density, kg/m^3]
# name 10 = potemp090C: Potential Temperature [ITS-90, deg C]
# name 11 = sigma-é00: Density [sigma-theta, kg/m^3]
# name 12 = sbeox0Mg/L: Oxygen, SBE 43 [mg/l]
# name 13 = sbox0Mm/Kg: Oxygen, SBE 43 [umol/kg]
# name 14 = oxsolMg/L: Oxygen Saturation, Garcia & Gordon [mg/l]
# name 15 = oxsolMm/Kg: Oxygen Saturation, Garcia & Gordon [umol/kg]
# name 16 = sbeox0PS: Oxygen, SBE 43 [% saturation]
# name 17 = flag:  0.000e+00
# span 0 =   39.54688,   39.54712       
# span 1 =  -72.24168,  -72.24134       
# span 2 =     -0.068,     35.252       
# span 3 =     -0.068,     34.981       
# span 4 =    18.1141,    18.4461       
# span 5 =    32.8254,   109.6512       
# span 6 =      7.995,      9.179       
# span 7 =     0.1759,     0.3103       
# span 8 = 5.0640e-11, 9.9999e+04       
# span 9 =  1005.7239,  1298.8938       
# span 10 =    18.1123,    19.0137      
# span 11 =    23.5220,   136.4000      
# span 12 =     4.3127,     7.9806      
# span 13 =    131.514,    243.654      
# span 14 =    7.63707,    7.75834      
# span 15 =  232.88826,  236.86065      
# span 16 =     75.225,     98.406      
# span 17 = 0.0000e+00, 0.0000e+00      
# interval = seconds: 0.0416667
# start_time = Oct 04 2023 06:56:42 [System UTC, first data scan.]
# bad_flag = -9.990e-29
*END*
[from data line 81]
 -9.990e-29  -72.24134      1.998      1.983    18.3578    32.8674      8.000     0.2028 9.9999e+04  1023.5604    18.3575    23.5519     7.3127    223.266    7.72159  235.75100     94.704 -9.990e-29
 -9.990e-29  -72.24134      1.977      1.962    18.3573    32.8674      8.000     0.2162 9.9999e+04  1023.5607    18.3570    23.5521     7.3129    223.273    7.72165  235.75285     94.706 -9.990e-29
 -9.990e-29  -72.24134      1.968      1.953    18.3571    32.8678      8.000     0.2028 9.9999e+04  1023.5609    18.3568    23.5524     7.3173    223.406    7.72167  235.75329     94.763 -9.990e-29
 -9.990e-29  -72.24134      1.987      1.972    18.3575    32.8682      8.000     0.2028 9.9999e+04  1023.5614    18.3571    23.5526     7.3179    223.426    7.72171  235.75463     94.770 -9.990e-29
 -9.990e-29  -72.24134      1.977      1.962    18.3577    32.8682      8.000     0.2162 9.9999e+04  1023.5614    18.3573    23.5527     7.3140    223.306    7.72176  235.75623     94.719 -9.990e-29
 -9.990e-29  -72.24134      1.968      1.953    18.3578    32.8682      8.000     0.2162 9.9999e+04  1023.5611    18.3575    23.5526     7.3142    223.313    7.72177  235.75633     94.722 -9.990e-29
 -9.990e-29  -72.24134      1.968      1.953    18.3581    32.8680      8.000     0.2162 9.9999e+04  1023.5609    18.3578    23.5524     7.3187    223.450    7.72183  235.75809     94.779 -9.990e-29
 -9.990e-29  -72.24134      1.968      1.953    18.3582    32.8678      8.000     0.2028 9.9999e+04  1023.5608    18.3579    23.5523     7.3190    223.458    7.72183  235.75820     94.783 -9.990e-29
 -9.990e-29  -72.24134      1.957      1.942    18.3582    32.8678      8.000     0.2162 9.9999e+04  1023.5607    18.3579    23.5523     7.3192    223.464    7.72179  235.75669     94.786 -9.990e-29
 -9.990e-29  -72.24134      1.968      1.953    18.3581    32.8678      8.000     0.2162 9.9999e+04  1023.5610    18.3578    23.5523     7.3153    223.345    7.72181  235.75736     94.735 -9.990e-29
 -9.990e-29  -72.24134      1.948      1.933    18.3580    32.8676      8.000     0.2028 9.9999e+04  1023.5608    18.3577    23.5521     7.3198    223.482    7.72182  235.75789     94.793 -9.990e-29
 -9.990e-29  -72.24134      1.957      1.942    18.3582    32.8673      8.000     0.2028 9.9999e+04  1023.5601    18.3579    23.5518     7.3201    223.492    7.72185  235.75886     94.797 -9.990e-29
 -9.990e-29  -72.24134      1.957      1.942    18.3578    32.8673      8.000     0.2162 9.9999e+04  1023.5601    18.3575    23.5517     7.3203    223.500    7.72185  235.75867     94.800 -9.990e-29
 -9.990e-29  -72.24134      1.947      1.932    18.3580    32.8673      8.000     0.2028 9.9999e+04  1023.5603    18.3576    23.5519     7.3207    223.511    7.72190  235.76034     94.804 -9.990e-29
 -9.990e-29  -72.24134      1.947      1.932    18.3577    32.8676      8.000     0.2028 9.9999e+04  1023.5607    18.3574    23.5521     7.3210    223.520    7.72192  235.76089     94.808 -9.990e-29
 -9.990e-29  -72.24134      1.937      1.923    18.3575    32.8678      8.000     0.2028 9.9999e+04  1023.5608    18.3572    23.5523     7.3213    223.529    7.72193  235.76125     94.812 -9.990e-29
 -9.990e-29  -72.24134      1.947      1.932    18.3576    32.8679      8.000     0.2162 9.9999e+04  1023.5607    18.3573    23.5524     7.3216    223.537    7.72191  235.76055     94.815 -9.990e-29
 -9.990e-29  -72.24134      1.947      1.932    18.3578    32.8682      8.000     0.2162 9.9999e+04  1023.5611    18.3575    23.5526     7.3223    223.559    7.72190  235.75991     94.825 -9.990e-29
 -9.990e-29  -72.24134      1.937      1.923    18.3580    32.8687      8.000     0.2028 9.9999e+04  1023.5615    18.3577    23.5529     7.3230    223.581    7.72188  235.75950     94.834 -9.990e-29
   39.54712  -72.24134      1.947      1.932    18.3584    32.8689      8.000     0.1894 9.9999e+04  1023.5615    18.3580    23.5530     7.3234    223.592    7.72190  235.76006     94.839 -9.990e-29
   39.54712  -72.24134      1.947      1.932    18.3590    32.8691      8.000     0.1894 9.9999e+04  1023.5615    18.3587    23.5530     7.3237    223.601    7.72190  235.75997     94.843 -9.990e-29
   39.54712  -72.24134      1.937      1.923    18.3594    32.8691      8.000     0.1894 9.9999e+04  1023.5615    18.3591    23.5530     7.3290    223.763    7.72184  235.75820     94.912 -9.990e-29
   39.54712  -72.24134      1.948      1.933    18.3598    32.8691 -9.990e-29     0.2028 9.9999e+04  1023.5615    18.3594    23.5529     7.3251    223.645    7.72180  235.75715     94.862 -9.990e-29
   39.54712  -72.24134      1.947      1.932    18.3604    32.8690      8.000     0.1894 9.9999e+04  1023.5611    18.3600    23.5527     7.3254    223.655    7.72180  235.75705     94.867 -9.990e-29
   39.54712  -72.24134      1.947      1.932    18.3603    32.8688      8.000     0.1894 9.9999e+04  1023.5609    18.3599    23.5525     7.3257    223.663    7.72176  235.75602     94.871 -9.990e-29
   39.54712  -72.24134      1.968      1.953    18.3608    32.8686      8.000     0.1894 9.9999e+04  1023.5607    18.3604    23.5523     7.3264    223.686    7.72175  235.75557     94.881 -9.990e-29
   39.54712  -72.24134      1.957      1.942    18.3610    32.8686      8.000     0.1894 9.9999e+04  1023.5607    18.3606    23.5522     7.3268    223.696    7.72174  235.75538     94.885 -9.990e-29
   39.54712  -72.24134      1.968      1.953    18.3609    32.8684      8.000     0.1894 9.9999e+04  1023.5607    18.3606    23.5520     7.3321    223.860    7.72174  235.75534     94.954 0.0000e+00
   39.54712  -72.24134      1.977      1.962    18.3610    32.8680      8.000     0.1894 9.9999e+04  1023.5601    18.3606    23.5517     7.3283    223.743    7.72172  235.75485     94.905 -9.990e-29
   39.54712  -72.24134      1.977      1.962    18.3608    32.8677      8.000     0.2028 9.9999e+04  1023.5600    18.3604    23.5515     7.3332    223.893    7.72172  235.75470     94.969 -9.990e-29
   39.54712  -72.24134      1.987      1.972    18.3607    32.8677      8.000     0.1894 9.9999e+04  1023.5601    18.3604    23.5514     7.3340    223.916    7.72171  235.75448     94.978 -9.990e-29
   39.54712  -72.24134      1.987      1.972    18.3608    32.8677      8.000     0.2028 9.9999e+04  1023.5597    18.3604    23.5514     7.3297    223.784    7.72172  235.75477     94.923 -9.990e-29
   39.54712  -72.24134      2.007      1.992    18.3605    32.8679      8.000     0.2028 9.9999e+04  1023.5605    18.3601    23.5517     7.3345    223.933    7.72172  235.75458     94.986 -9.990e-29
   39.54712  -72.24134      2.009      1.993    18.3608    32.8683      8.000     0.1894 9.9999e+04  1023.5606    18.3604    23.5519     7.3352    223.954    7.72172  235.75462     94.995 -9.990e-29
   39.54710  -72.24134      2.018      2.003    18.3606    32.8685      8.000     0.1894 9.9999e+04  1023.5611    18.3602    23.5521     7.3359    223.974    7.72168  235.75340     95.003 -9.990e-29
   39.54710  -72.24134      2.018      2.003    18.3610    32.8687      8.000     0.2028 9.9999e+04  1023.5610    18.3606    23.5522     7.3361    223.981    7.72170  235.75385     95.006 -9.990e-29
   39.54710  -72.24134      2.038      2.022    18.3610    32.8687      8.000     0.1894 9.9999e+04  1023.5613    18.3606    23.5522     7.3363    223.986    7.72168  235.75348     95.009 -9.990e-29
   39.54710  -72.24134      2.038      2.022    18.3614    32.8687      8.000     0.2028 9.9999e+04  1023.5608    18.3611    23.5521     7.3364    223.991    7.72171  235.75432     95.010 -9.990e-29
   39.54710  -72.24134      2.068      2.052    18.3613    32.8688      8.000     0.1894 9.9999e+04  1023.5611    18.3610    23.5521     7.3365    223.993    7.72166  235.75301     95.012 -9.990e-29
   39.54710  -72.24134      2.058      2.043    18.3618    32.8689      8.000     0.1894 9.9999e+04  1023.5611    18.3615    23.5521     7.3366    223.996    7.72169  235.75369     95.013 -9.990e-29
   39.54710  -72.24134      2.079      2.063    18.3619    32.8689      8.000     0.1894 9.9999e+04  1023.5612    18.3616    23.5521     7.3366    223.996    7.72165  235.75255     95.013 0.0000e+00
   39.54710  -72.24134      2.088      2.073    18.3622    32.8689      8.000     0.1894 9.9999e+04  1023.5612    18.3618    23.5520     7.3366    223.997    7.72167  235.75324     95.013 -9.990e-29
   39.54710  -72.24134      2.088      2.073    18.3626    32.8689      8.000     0.2028 9.9999e+04  1023.5607    18.3622    23.5519     7.3412    224.137    7.72168  235.75358     95.073 -9.990e-29
   39.54710  -72.24134      2.110      2.094    18.3624    32.8689 -9.990e-29     0.2162 9.9999e+04  1023.5615    18.3620    23.5519     7.3369    224.006    7.72167  235.75315     95.017 -9.990e-29
   39.54710  -72.24134      2.109      2.093    18.3628    32.8686      8.000     0.2028 9.9999e+04  1023.5609    18.3625    23.5517     7.3414    224.144    7.72170  235.75408     95.075 -9.990e-29
   39.54710  -72.24134      2.119      2.103    18.3627    32.8680 -9.990e-29     0.2028 9.9999e+04  1023.5606    18.3624    23.5513     7.3366    223.997    7.72168  235.75349     95.013 0.0000e+00
   39.54710  -72.24134      2.139      2.123    18.3627    32.8676 -9.990e-29     0.2028 9.9999e+04  1023.5600    18.3623    23.5509     7.3364    223.991    7.72169  235.75379     95.011 -9.990e-29
   39.54710  -72.24134      2.139      2.123    18.3621    32.8674      8.000     0.2028 9.9999e+04  1023.5602    18.3617    23.5509     7.3361    223.982    7.72167  235.75322     95.007 -9.990e-29
   39.54710  -72.24134      2.139      2.123    18.3618    32.8673      8.000     0.2162 9.9999e+04  1023.5604    18.3615    23.5509     7.3359    223.975    7.72169  235.75383     95.004 -9.990e-29
   39.54710  -72.24134      2.160      2.143    18.3615    32.8672      8.000     0.2028 9.9999e+04  1023.5603    18.3611    23.5509     7.3355    223.963    7.72165  235.75258     94.999 0.0000e+00
   39.54710  -72.24134      2.170      2.153    18.3614    32.8671      8.000     0.2162 9.9999e+04  1023.5603    18.3611    23.5509     7.3352    223.953    7.72168  235.75344     94.995 -9.990e-29
   39.54710  -72.24134      2.170      2.153    18.3611    32.8671      8.000     0.2162 9.9999e+04  1023.5604    18.3608    23.5509     7.3352    223.954    7.72168  235.75337     94.995 -9.990e-29
   39.54710  -72.24134      2.179      2.162    18.3608    32.8671      8.000     0.2028 9.9999e+04  1023.5605    18.3604    23.5509     7.3352    223.955    7.72167  235.75301     94.995 0.0000e+00
   39.54710  -72.24134      2.191      2.175    18.3608    32.8672      8.000     0.2028 9.9999e+04  1023.5605    18.3604    23.5511     7.3348    223.941    7.72166  235.75278     94.990 -9.990e-29
   39.54710  -72.24134      2.190      2.173    18.3602    32.8674      8.000     0.2162 9.9999e+04  1023.5610    18.3598    23.5514     7.3297    223.787    7.72166  235.75298     94.924 -9.990e-29
   39.54710  -72.24134      2.200      2.183    18.3601    32.8677 -9.990e-29     0.2162 9.9999e+04  1023.5612    18.3597    23.5517     7.3339    223.913    7.72166  235.75289     94.978 0.0000e+00
   39.54710  -72.24134      2.220      2.203    18.3603    32.8677      8.000     0.2162 9.9999e+04  1023.5617    18.3599    23.5518     7.3292    223.771    7.72167  235.75302     94.918 -9.990e-29
   39.54710  -72.24134      2.209      2.192    18.3602    32.8677      8.000     0.2162 9.9999e+04  1023.5614    18.3598    23.5517     7.3287    223.756    7.72168  235.75331     94.911 -9.990e-29
   39.54712  -72.24134      2.230      2.213    18.3603    32.8676      8.000     0.2162 9.9999e+04  1023.5611    18.3599    23.5515     7.3324    223.869    7.72168  235.75332     94.959 -9.990e-29
   39.54712  -72.24134      2.230      2.213    18.3601    32.8673      8.000     0.2162 9.9999e+04  1023.5611    18.3597    23.5513     7.3277    223.725    7.72168  235.75341     94.898 -9.990e-29
   39.54712  -72.24134      2.230      2.213    18.3602    32.8672      8.000     0.2028 9.9999e+04  1023.5609    18.3598    23.5512     7.3272    223.710    7.72171  235.75417     94.891 -9.990e-29
   39.54712  -72.24134      2.252      2.235    18.3598    32.8672      8.000     0.2162 9.9999e+04  1023.5612    18.3594    23.5512     7.3267    223.693    7.72166  235.75268     94.885 -9.990e-29
   39.54712  -72.24134      2.251      2.233    18.3598    32.8672      8.000     0.2162 9.9999e+04  1023.5609    18.3594    23.5513     7.3261    223.676    7.72163  235.75191     94.878 -9.990e-29
   39.54712  -72.24134      2.260      2.243    18.3596    32.8673      8.000     0.2028 9.9999e+04  1023.5613    18.3592    23.5515     7.3256    223.660    7.72162  235.75153     94.871 0.0000e+00
   39.54712  -72.24134      2.271      2.254    18.3595    32.8678      8.000     0.2162 9.9999e+04  1023.5618    18.3591    23.5519     7.3251    223.644    7.72160  235.75088     94.864 0.0000e+00
   39.54712  -72.24134      2.281      2.263    18.3594    32.8679      8.000     0.2028 9.9999e+04  1023.5624    18.3590    23.5522     7.3245    223.628    7.72160  235.75088     94.858 -9.990e-29
   39.54712  -72.24134      2.271      2.254    18.3596    32.8679      8.000     0.2028 9.9999e+04  1023.5622    18.3592    23.5522     7.3194    223.472    7.72159  235.75080     94.792 -9.990e-29
   39.54712  -72.24134      2.301      2.284    18.3597    32.8681      8.000     0.2028 9.9999e+04  1023.5617    18.3593    23.5520     7.3185    223.443    7.72158  235.75055     94.779 -9.990e-29
   39.54712  -72.24134      2.290      2.273    18.3596    32.8681      8.000     0.1894 9.9999e+04  1023.5620    18.3592    23.5520     7.3222    223.557    7.72162  235.75153     94.827 -9.990e-29
   39.54712  -72.24134      2.303      2.285    18.3599    32.8681      8.000     0.1894 9.9999e+04  1023.5621    18.3595    23.5521     7.3217    223.541    7.72158  235.75044     94.821 0.0000e+00
   39.54712  -72.24134      2.311      2.293    18.3601    32.8682      8.000     0.1894 9.9999e+04  1023.5622    18.3597    23.5521     7.3171    223.400    7.72160  235.75101     94.761 0.0000e+00
   39.54712  -72.24134      2.322      2.304    18.3602    32.8682      8.000     0.1894 9.9999e+04  1023.5620    18.3598    23.5520     7.3161    223.372    7.72155  235.74949     94.750 -9.990e-29
   39.54712  -72.24134      2.322      2.304    18.3605    32.8682 -9.990e-29     0.1894 9.9999e+04  1023.5620    18.3601    23.5519     7.3153    223.346    7.72155  235.74939     94.739 -9.990e-29
   39.54712  -72.24134      2.332      2.314    18.3605    32.8682      8.000     0.1894 9.9999e+04  1023.5622    18.3601    23.5519     7.3144    223.320    7.72154  235.74902     94.728 0.0000e+00
   39.54712  -72.24134      2.341      2.323    18.3606    32.8681      8.000     0.2028 9.9999e+04  1023.5621    18.3602    23.5519     7.3136    223.295    7.72156  235.74968     94.717 -9.990e-29
   39.54712  -72.24134      2.332      2.314    18.3606    32.8681      8.000     0.1894 9.9999e+04  1023.5620    18.3602    23.5518     7.3129    223.272    7.72159  235.75074     94.707 -9.990e-29
   39.54712  -72.24134      2.352      2.334    18.3608    32.8681      8.000     0.2028 9.9999e+04  1023.5619    18.3604    23.5518     7.3126    223.263    7.72164  235.75207     94.702 -9.990e-29
   39.54712  -72.24134      2.352      2.334    18.3607    32.8681      8.000     0.2028 9.9999e+04  1023.5621    18.3603    23.5518     7.3118    223.240    7.72162  235.75161     94.693 -9.990e-29
   39.54712  -72.24134      2.362      2.344    18.3608    32.8681      8.000     0.2028 9.9999e+04  1023.5621    18.3604    23.5518     7.3115    223.231    7.72162  235.75151     94.689 0.0000e+00
