CalculateIndicators/WaterTemperature/Data/CTD_NYOS/20231004_C15.cnv
* Sea-Bird SBE 9 Data File:
* FileName = C:\Seabird 9 CTD\Data\2023\202309_offshore\20231004_C15.hex
* Software Version Seasave V 7.23.2
* Temperature SN = 4590
* Conductivity SN = 3228
* Number of Bytes Per Scan = 44
* Number of Voltage Words = 5
* Number of Scans Averaged by the Deck Unit = 1
* NMEA Latitude = 40 13.10 N
* NMEA Longitude = 072 41.38 W
* NMEA UTC (Time) = Oct 04 2023  17:43:12
* NMEA baud rate = 4800
** Ship: seawolf
** Station: 9.3
** Operator: TDK
# nquan = 18
# nvalues = 14738                       
# units = specified
# name 0 = latitude: Latitude [deg]
# name 1 = longitude: Longitude [deg]
# name 2 = prDM: Pressure, Digiquartz [db]
# name 3 = depSM: Depth [salt water, m]
# name 4 = t090C: Temperature [ITS-90, deg C]
# name 5 = sal00: Salinity, Practical [PSU]
# name 6 = ph: pH
# name 7 = flECO-AFL: Fluorescence, WET Labs ECO-AFL/FL [mg/m^3]
# name 8 = cpar: CPAR/Corrected Irradiance [%]
# name 9 = density00: Density [density, kg/m^3]
# name 10 = potemp090C: Potential Temperature [ITS-90, deg C]
# name 11 = sigma-é00: Density [sigma-theta, kg/m^3]
# name 12 = sbeox0Mg/L: Oxygen, SBE 43 [mg/l]
# name 13 = sbox0Mm/Kg: Oxygen, SBE 43 [umol/kg]
# name 14 = oxsolMg/L: Oxygen Saturation, Garcia & Gordon [mg/l]
# name 15 = oxsolMm/Kg: Oxygen Saturation, Garcia & Gordon [umol/kg]
# name 16 = sbeox0PS: Oxygen, SBE 43 [% saturation]
# name 17 = flag:  0.000e+00
# span 0 =   40.21800,   40.21848       
# span 1 =  -72.68974,  -72.68854       
# span 2 =      1.962,     50.562       
# span 3 =      1.947,     50.168       
# span 4 =    16.2598,    18.5177       
# span 5 =    31.9677,    33.1841       
# span 6 =      7.881,      8.018       
# span 7 =     0.0551,     0.5520       
# span 8 = 1.4431e-01, 1.7090e+02       
# span 9 =  1022.9117,  1024.4409       
# span 10 =    16.2520,    18.5114      
# span 11 =    22.9043,    24.2060      
# span 12 =     5.6287,     7.7690      
# span 13 =    171.783,    237.287      
# span 14 =    7.68615,    8.04542      
# span 15 =  234.62849,  245.53942      
# span 16 =     70.043,     99.036      
# span 17 = 0.0000e+00, 0.0000e+00      
# interval = seconds: 0.0416667
# start_time = Oct 04 2023 17:43:11 [System UTC, first data scan.]
# bad_flag = -9.990e-29
*END*
[from data line 5950]
   40.21832  -72.68936     35.438     35.163    18.2769    33.0980      8.005     0.2297 5.3907e-01  1023.9043    18.2709    23.7495     7.1503    218.265    7.72347  235.76200     92.579 -9.990e-29
   40.21832  -72.68936     35.449     35.174    18.2766    33.0980      8.005     0.2162 5.3755e-01  1023.9048    18.2706    23.7501     7.1506    218.274    7.72346  235.76174     92.582 -9.990e-29
   40.21832  -72.68936     35.438     35.163    18.2763    33.0980      8.000     0.2297 5.3952e-01  1023.9048    18.2702    23.7501     7.1463    218.144    7.72355  235.76482     92.526 -9.990e-29
   40.21832  -72.68936     35.438     35.163    18.2765    33.0980      8.005     0.2162 5.3907e-01  1023.9043    18.2704    23.7497     7.1462    218.141    7.72363  235.76767     92.524 -9.990e-29
   40.21832  -72.68936     35.429     35.153    18.2769    33.0971      8.005     0.2162 5.3907e-01  1023.9035    18.2709    23.7489     7.1465    218.152    7.72369  235.76966     92.528 -9.990e-29
   40.21832  -72.68936     35.419     35.144    18.2773    33.0959      8.005     0.2162 5.3952e-01  1023.9022    18.2713    23.7479     7.1469    218.164    7.72378  235.77216     92.532 -9.990e-29
   40.21832  -72.68936     35.419     35.144    18.2777    33.0951      8.005     0.2162 5.4105e-01  1023.9010    18.2716    23.7472     7.1473    218.175    7.72386  235.77431     92.536 -9.990e-29
   40.21832  -72.68936     35.415     35.140    18.2775    33.0949      8.005     0.2162 5.4105e-01  1023.9016    18.2714    23.7471     7.1477    218.186    7.72387  235.77432     92.540 -9.990e-29
   40.21832  -72.68936     35.408     35.133    18.2775    33.0949      8.005     0.2162 5.4105e-01  1023.9014    18.2714    23.7471     7.1475    218.182    7.72380  235.77238     92.539 -9.990e-29
   40.21832  -72.68936     35.408     35.133    18.2775    33.0949      8.005     0.2162 5.4105e-01  1023.9013    18.2714    23.7471     7.1472    218.172    7.72357  235.76585     92.538 -9.990e-29
   40.21832  -72.68936     35.398     35.123    18.2773    33.0949      8.000     0.2028 5.4105e-01  1023.9016    18.2713    23.7471     7.1470    218.165    7.72340  235.76103     92.537 -9.990e-29
   40.21832  -72.68936     35.387     35.112    18.2773    33.0946      8.005     0.2162 5.4105e-01  1023.9014    18.2713    23.7469     7.1469    218.163    7.72340  235.76128     92.535 -9.990e-29
   40.21832  -72.68936     35.387     35.112    18.2775    33.0938      8.000     0.2162 5.4258e-01  1023.9006    18.2714    23.7462     7.1468    218.161    7.72345  235.76253     92.534 -9.990e-29
   40.21832  -72.68936     35.378     35.103    18.2785    33.0937      8.005     0.2162 5.4258e-01  1023.8992    18.2725    23.7454     7.1469    218.162    7.72357  235.76629     92.533 -9.990e-29
   40.21832  -72.68936     35.378     35.103    18.2796    33.0937      8.005     0.2162 5.4258e-01  1023.8987    18.2735    23.7452     7.1468    218.160    7.72360  235.76704     92.532 -9.990e-29
   40.21832  -72.68936     35.378     35.103    18.2801    33.0931      8.005     0.2162 5.4258e-01  1023.9000    18.2740    23.7456     7.1469    218.161    7.72329  235.75631     92.537 -9.990e-29
   40.21832  -72.68936     35.357     35.082    18.2805    33.0931      8.000     0.2162 5.4258e-01  1023.9006    18.2744    23.7455     7.1462    218.138    7.72260  235.73368     92.536 -9.990e-29
   40.21832  -72.68936     35.364     35.089    18.2827    33.0931      8.005     0.2162 5.4412e-01  1023.8988    18.2767    23.7443     7.1452    218.107    7.72159  235.70324     92.535 -9.990e-29
   40.21832  -72.68936     35.357     35.082    18.2855    33.0916      8.000     0.2162 5.4412e-01  1023.8963    18.2794    23.7426     7.1443    218.081    7.72072  235.67732     92.534 -9.990e-29
   40.21832  -72.68936     35.357     35.082    18.2882    33.0916      8.004     0.2162 5.4412e-01  1023.8950    18.2822    23.7413     7.1436    218.060    7.72008  235.65782     92.533 -9.990e-29
   40.21832  -72.68936     35.336     35.062    18.2912    33.0916      8.004     0.2162 5.4412e-01  1023.8939    18.2852    23.7410     7.1431    218.044    7.71962  235.64254     92.532 -9.990e-29
   40.21832  -72.68936     35.347     35.073    18.2919    33.0929      8.004     0.2162 5.4412e-01  1023.8955    18.2858    23.7422     7.1425    218.024    7.71903  235.62358     92.531 -9.990e-29
   40.21832  -72.68936     35.336     35.062    18.2907    33.0957      8.000     0.2162 5.4412e-01  1023.8991    18.2846    23.7443     7.1415    217.993    7.71806  235.59251     92.530 -9.990e-29
   40.21832  -72.68936     35.326     35.052    18.2910    33.0973      8.004     0.2162 5.4412e-01  1023.9004    18.2850    23.7456     7.1395    217.927    7.71593  235.52293     92.529 -9.990e-29
   40.21832  -72.68936     35.336     35.062    18.2924    33.0973      8.004     0.2162 5.4412e-01  1023.8999    18.2864    23.7456     7.1317    217.685    7.71263  235.41751     92.468 -9.990e-29
   40.21832  -72.68936     35.326     35.052    18.2940    33.0973      8.004     0.2162 5.4412e-01  1023.8992    18.2879    23.7448     7.1328    217.718    7.70938  235.31771     92.521 -9.990e-29
   40.21832  -72.68936     35.317     35.043    18.2959    33.0960      8.004     0.2162 5.4412e-01  1023.8974    18.2898    23.7435     7.1299    217.632    7.70637  235.22793     92.520 -9.990e-29
   40.21832  -72.68936     35.317     35.043    18.2971    33.0947      8.004     0.2162 5.4412e-01  1023.8954    18.2910    23.7424     7.1276    217.566    7.70397  235.15843     92.519 -9.990e-29
   40.21832  -72.68936     35.324     35.049    18.2952    33.0944      8.004     0.2162 5.4412e-01  1023.8960    18.2891    23.7423     7.1270    217.554    7.70339  235.14857     92.518 -9.990e-29
   40.21832  -72.68936     35.306     35.032    18.2931    33.0944      8.004     0.2162 5.4412e-01  1023.8968    18.2871    23.7426     7.1286    217.612    7.70520  235.21341     92.517 -9.990e-29
   40.21832  -72.68936     35.317     35.043    18.2928    33.0944      8.004     0.2162 5.4258e-01  1023.8969    18.2867    23.7429     7.1314    217.701    7.70819  235.31009     92.517 -9.990e-29
   40.21832  -72.68936     35.306     35.032    18.2931    33.0946      8.000     0.2162 5.4412e-01  1023.8964    18.2871    23.7432     7.1340    217.782    7.71106  235.39892     92.516 0.0000e+00
   40.21832  -72.68936     35.296     35.022    18.2924    33.0958      8.004     0.2162 5.4412e-01  1023.8975    18.2864    23.7443     7.1357    217.833    7.71338  235.46895     92.510 -9.990e-29
   40.21832  -72.68936     35.306     35.032    18.2898    33.0979      8.004     0.2162 5.4412e-01  1023.9003    18.2838    23.7463     7.1373    217.880    7.71516  235.52118     92.510 -9.990e-29
   40.21832  -72.68936     35.306     35.032    18.2881    33.0998      8.004     0.2162 5.4566e-01  1023.9024    18.2820    23.7482     7.1385    217.914    7.71647  235.55865     92.509 -9.990e-29
   40.21832  -72.68936     35.296     35.022    18.2869    33.1008      8.005     0.2162 5.4566e-01  1023.9038    18.2808    23.7494     7.1392    217.933    7.71728  235.58071     92.509 -9.990e-29
   40.21832  -72.68936     35.296     35.022    18.2862    33.1008      8.005     0.2162 5.4566e-01  1023.9038    18.2801    23.7498     7.1395    217.941    7.71771  235.59132     92.508 -9.990e-29
   40.21832  -72.68936     35.296     35.022    18.2848    33.1008      8.005     0.2162 5.4721e-01  1023.9036    18.2787    23.7498     7.1395    217.938    7.71777  235.59055     92.507 -9.990e-29
   40.21832  -72.68936     35.296     35.022    18.2830    33.1002      8.005     0.2162 5.4721e-01  1023.9036    18.2770    23.7498     7.1348    217.794    7.71776  235.58873     92.447 -9.990e-29
   40.21832  -72.68936     35.296     35.022    18.2811    33.0996      8.005     0.2162 5.4721e-01  1023.9035    18.2751    23.7497     7.1391    217.923    7.71741  235.57677     92.506 -9.990e-29
   40.21832  -72.68936     35.293     35.019    18.2796    33.0989      8.000     0.2162 5.4675e-01  1023.9035    18.2735    23.7496     7.1384    217.900    7.71670  235.55309     92.506 0.0000e+00
   40.21832  -72.68936     35.285     35.011    18.2785    33.0983      8.000     0.2162 5.4830e-01  1023.9031    18.2725    23.7494     7.1380    217.886    7.71577  235.52352     92.511 -9.990e-29
   40.21832  -72.68936     35.296     35.022    18.2775    33.0978      8.005     0.2162 5.4830e-01  1023.9032    18.2714    23.7492     7.1417    217.998    7.71480  235.49342     92.571 -9.990e-29
   40.21832  -72.68936     35.296     35.022    18.2773    33.0978      8.005     0.2162 5.4830e-01  1023.9026    18.2713    23.7492     7.1368    217.849    7.71408  235.47219     92.516 -9.990e-29
   40.21832  -72.68936     35.285     35.011    18.2766    33.0978      8.005     0.2162 5.4985e-01  1023.9031    18.2706    23.7495     7.1362    217.835    7.71354  235.45693     92.516 -9.990e-29
   40.21832  -72.68936     35.285     35.011    18.2761    33.0984      8.005     0.2162 5.4985e-01  1023.9040    18.2701    23.7501     7.1406    217.971    7.71336  235.45311     92.575 -9.990e-29
   40.21832  -72.68936     35.285     35.011    18.2757    33.0991      8.005     0.2162 5.4985e-01  1023.9045    18.2697    23.7508     7.1414    217.995    7.71373  235.46705     92.580 -9.990e-29
   40.21832  -72.68936     35.296     35.022    18.2751    33.0991      8.005     0.2162 5.4985e-01  1023.9054    18.2690    23.7513     7.1377    217.885    7.71435  235.48727     92.525 -9.990e-29
   40.21832  -72.68936     35.285     35.011    18.2752    33.0991      8.005     0.2162 5.4985e-01  1023.9054    18.2692    23.7513     7.1389    217.923    7.71526  235.51663     92.530 -9.990e-29
   40.21832  -72.68936     35.285     35.011    18.2754    33.0991      8.005     0.2162 5.5141e-01  1023.9050    18.2694    23.7509     7.1403    217.967    7.71631  235.54993     92.535 -9.990e-29
   40.21832  -72.68936     35.296     35.022    18.2754    33.0979      8.005     0.2162 5.5141e-01  1023.9036    18.2694    23.7500     7.1418    218.012    7.71744  235.58511     92.541 -9.990e-29
   40.21832  -72.68936     35.282     35.008    18.2752    33.0967      8.005     0.2162 5.5141e-01  1023.9026    18.2692    23.7491     7.1428    218.043    7.71850  235.61766     92.541 -9.990e-29
   40.21832  -72.68936     35.285     35.011    18.2751    33.0967      8.005     0.2162 5.5141e-01  1023.9021    18.2690    23.7488     7.1436    218.066    7.71935  235.64271     92.541 -9.990e-29
   40.21832  -72.68936     35.285     35.011    18.2744    33.0967      8.005     0.2162 5.5297e-01  1023.9025    18.2683    23.7491     7.1442    218.085    7.72004  235.66265     92.541 -9.990e-29
   40.21832  -72.68936     35.285     35.011    18.2733    33.0973      8.005     0.2162 5.5141e-01  1023.9039    18.2673    23.7499     7.1447    218.098    7.72053  235.67661     92.541 -9.990e-29
   40.21832  -72.68936     35.285     35.011    18.2730    33.0973      8.005     0.2162 5.5297e-01  1023.9048    18.2669    23.7503     7.1450    218.109    7.72095  235.68838     92.541 -9.990e-29
   40.21832  -72.68936     35.296     35.022    18.2736    33.0973      8.005     0.2162 5.5297e-01  1023.9041    18.2676    23.7498     7.1452    218.113    7.72112  235.69259     92.541 -9.990e-29
   40.21832  -72.68936     35.285     35.011    18.2757    33.0960      8.005     0.2162 5.5297e-01  1023.9023    18.2697    23.7484     7.1452    218.112    7.72115  235.69269     92.541 -9.990e-29
   40.21832  -72.68936     35.285     35.011    18.2777    33.0945      8.005     0.2162 5.5297e-01  1023.9000    18.2716    23.7470     7.1451    218.107    7.72101  235.68732     92.541 -9.990e-29
   40.21832  -72.68936     35.296     35.022    18.2778    33.0945      8.005     0.2162 5.5297e-01  1023.8996    18.2718    23.7463     7.1447    218.094    7.72060  235.67337     92.541 -9.990e-29
   40.21832  -72.68936     35.285     35.011    18.2773    33.0945      8.005     0.2162 5.5297e-01  1023.9002    18.2713    23.7464     7.1489    218.220    7.72011  235.65775     92.601 -9.990e-29
   40.21832  -72.68936     35.296     35.022    18.2765    33.0945      8.005     0.2162 5.5297e-01  1023.9004    18.2704    23.7470     7.1443    218.080    7.71971  235.64581     92.546 -9.990e-29
   40.21832  -72.68936     35.285     35.011    18.2761    33.0969      8.005     0.2162 5.5297e-01  1023.9009    18.2701    23.7489     7.1486    218.214    7.71945  235.63883     92.605 -9.990e-29
   40.21832  -72.68936     35.293     35.019    18.2759    33.1022      8.005     0.2162 5.5251e-01  1023.9064    18.2699    23.7528     7.1488    218.221    7.71926  235.63342     92.610 -9.990e-29
   40.21832  -72.68936     35.296     35.022    18.2778    33.1079      8.005     0.2162 5.5408e-01  1023.9129    18.2718    23.7565     7.1490    218.226    7.71906  235.62743     92.615 -9.990e-29
   40.21832  -72.68936     35.296     35.022    18.2842    33.1108      8.005     0.2162 5.5408e-01  1023.9124    18.2782    23.7575     7.1492    218.231    7.71887  235.62164     92.619 -9.990e-29
   40.21832  -72.68936     35.296     35.022    18.2907    33.1115      8.004     0.2162 5.5408e-01  1023.9096    18.2846    23.7568     7.1495    218.241    7.71884  235.62143     92.624 -9.990e-29
   40.21832  -72.68936     35.306     35.031    18.2948    33.1135      8.004     0.2162 5.5408e-01  1023.9093    18.2888    23.7573     7.1498    218.253    7.71892  235.62443     92.628 -9.990e-29
   40.21832  -72.68936     35.306     35.031    18.2960    33.1185      8.004     0.2162 5.5408e-01  1023.9138    18.2900    23.7605     7.1549    218.408    7.71908  235.63013     92.691 -9.990e-29
   40.21832  -72.68936     35.306     35.031    18.2981    33.1265      8.004     0.2162 5.5565e-01  1023.9180    18.2921    23.7660     7.1510    218.289    7.71913  235.63164     92.640 -9.990e-29
   40.21832  -72.68936     35.306     35.031    18.3014    33.1407      8.004     0.2162 5.5565e-01  1023.9251    18.2954    23.7758     7.1558    218.436    7.71909  235.62979     92.703 -9.990e-29
   40.21832  -72.68936     35.326     35.052    18.3071    33.1625      8.004     0.2162 5.5565e-01  1023.9452    18.3011    23.7907     7.1519    218.315    7.71913  235.63026     92.651 -9.990e-29
   40.21832  -72.68936     35.306     35.031    18.3205    33.1841      8.004     0.2162 5.5565e-01  1023.9644    18.3144    23.8041     7.1522    218.323    7.71924  235.63320     92.654 -9.990e-29
   40.21832  -72.68936     35.326     35.052    18.3393    33.1841      8.004     0.2162 5.5722e-01  1023.9682    18.3332    23.8080     7.1516    218.305    7.71899  235.62284     92.650 -9.990e-29
   40.21832  -72.68936     35.324     35.049    18.3615    33.1841      8.004     0.2162 5.5722e-01  1023.9589    18.3554    23.8003     7.1561    218.439    7.71861  235.61118     92.712 -9.990e-29
   40.21832  -72.68936     35.336     35.062    18.3827    33.1726      8.004     0.2162 5.5722e-01  1023.9425    18.3766    23.7813     7.1566    218.458    7.71866  235.61546     92.718 -9.990e-29
   40.21832  -72.68936     35.336     35.062    18.3993    33.1383      8.004     0.2162 5.5880e-01  1023.9080    18.3933    23.7517     7.1528    218.344    7.71904  235.62855     92.665 -9.990e-29
   40.21832  -72.68936     35.347     35.072    18.4036    33.0977      8.004     0.2162 5.5722e-01  1023.8667    18.3975    23.7197     7.1576    218.489    7.71915  235.63140     92.725 -9.990e-29
   40.21832  -72.68936     35.357     35.082    18.3938    33.0662      8.004     0.2297 5.5880e-01  1023.8433    18.3877    23.6973     7.1579    218.496    7.71898  235.62486     92.731 -9.990e-29
   40.21832  -72.68936     35.357     35.082    18.3782    33.0526      8.004     0.2297 5.5880e-01  1023.8373    18.3721    23.6884     7.1580    218.499    7.71869  235.61431     92.736 -9.990e-29
