CalculateIndicators/WaterTemperature/Data/CTD_NYOS/20230518_C28.cnv
* Sea-Bird SBE 9 Data File:
* FileName = C:\Seabird 9 CTD\Data\2023\202305_offshore\20230518_C28.hex
* Software Version Seasave V 7.23.2
* Temperature SN = 4590
* Conductivity SN = 3228
* Number of Bytes Per Scan = 44
* Number of Voltage Words = 5
* Number of Scans Averaged by the Deck Unit = 1
* NMEA Latitude = 40 18.11 N
* NMEA Longitude = 071 48.20 W
* NMEA UTC (Time) = May 18 2023  14:02:16
* NMEA baud rate = 4800
** Ship: Seawolf
** Station: 11.4
** Operator: SJW
# nquan = 18
# nvalues = 17725                       
# units = specified
# name 0 = latitude: Latitude [deg]
# name 1 = longitude: Longitude [deg]
# name 2 = prDM: Pressure, Digiquartz [db]
# name 3 = depSM: Depth [salt water, m]
# name 4 = t090C: Temperature [ITS-90, deg C]
# name 5 = sal00: Salinity, Practical [PSU]
# name 6 = ph: pH
# name 7 = flECO-AFL: Fluorescence, WET Labs ECO-AFL/FL [mg/m^3]
# name 8 = cpar: CPAR/Corrected Irradiance [%]
# name 9 = density00: Density [density, kg/m^3]
# name 10 = potemp090C: Potential Temperature [ITS-90, deg C]
# name 11 = sigma-é00: Density [sigma-theta, kg/m^3]
# name 12 = sbeox0Mg/L: Oxygen, SBE 43 [mg/l]
# name 13 = sbox0Mm/Kg: Oxygen, SBE 43 [umol/kg]
# name 14 = oxsolMg/L: Oxygen Saturation, Garcia & Gordon [mg/l]
# name 15 = oxsolMm/Kg: Oxygen Saturation, Garcia & Gordon [umol/kg]
# name 16 = sbeox0PS: Oxygen, SBE 43 [% saturation]
# name 17 = flag:  0.000e+00
# span 0 =   40.30156,   40.30194       
# span 1 =  -71.80510,  -71.80332       
# span 2 =      2.407,     70.579       
# span 3 =      2.388,     70.025       
# span 4 =     6.8764,    12.2822       
# span 5 =    32.7827,    33.1573       
# span 6 =      7.869,      8.176       
# span 7 =    -0.0389,     1.3579       
# span 8 = 4.4735e-14, 2.9651e+02       
# span 9 =  1024.9616,  1026.2125       
# span 10 =     6.8709,    12.2817      
# span 11 =    24.9469,    25.8921      
# span 12 =     8.1516,     9.4769      
# span 13 =    248.314,    288.797      
# span 14 =    8.70849,    9.80129      
# span 15 =  265.51911,  298.56503      
# span 16 =     83.219,    108.278      
# span 17 = 0.0000e+00, 0.0000e+00      
# interval = seconds: 0.0416667
# start_time = May 18 2023 14:02:19 [System UTC, first data scan.]
# bad_flag = -9.990e-29
*END*
[from data line 3538]
   40.30188  -71.80388     63.511     63.013     6.8768    33.0362      7.869     0.0013 7.4580e-14  1026.1806     6.8711    25.8893     8.1913    249.522    9.80098  298.55550     83.576 0.0000e+00
   40.30188  -71.80388     63.564     63.065     6.8768    33.0362      7.869     0.0013 7.5695e-14  1026.1811     6.8711    25.8893     8.1914    249.526    9.80100  298.55625     83.577 0.0000e+00
   40.30188  -71.80388     63.585     63.086     6.8768    33.0362      7.869     0.0013 7.6843e-14  1026.1810     6.8711    25.8893     8.1915    249.529    9.80099  298.55580     83.579 0.0000e+00
   40.30188  -71.80388     63.626     63.127     6.8768    33.0362      7.869     0.0148 7.8268e-14  1026.1814     6.8711    25.8893     8.1917    249.533    9.80096  298.55508     83.580 0.0000e+00
   40.30188  -71.80388     63.644     63.145     6.8768    33.0362      7.869     0.0013 8.0380e-14  1026.1813     6.8711    25.8892     8.1927    249.566    9.80094  298.55454     83.591 0.0000e+00
   40.30188  -71.80388     63.698     63.198     6.8769    33.0361      7.869     0.0013 8.3426e-14  1026.1813     6.8713    25.8891     8.2003    249.796    9.80099  298.55583     83.668 0.0000e+00
   40.30188  -71.80388     63.728     63.229     6.8770    33.0361      7.869     0.0013 8.7159e-14  1026.1816     6.8713    25.8891     8.2014    249.830    9.80098  298.55569     83.680 0.0000e+00
   40.30188  -71.80388     63.759     63.259     6.8771    33.0360      7.869     0.0013 9.1078e-14  1026.1818     6.8714    25.8891     8.1961    249.667    9.80094  298.55441     83.625 0.0000e+00
   40.30188  -71.80388     63.788     63.288     6.8771    33.0359      7.869     0.0013 9.4477e-14  1026.1816     6.8714    25.8890     8.1962    249.671    9.80093  298.55428     83.627 0.0000e+00
   40.30192  -71.80376     63.831     63.330     6.8771    33.0359      7.869     0.0013 9.7572e-14  1026.1817     6.8714    25.8889     8.1962    249.672    9.80086  298.55194     83.628 0.0000e+00
   40.30192  -71.80376     63.851     63.351     6.8770    33.0359      7.869     0.0013 1.0048e-13  1026.1820     6.8713    25.8890     8.1963    249.675    9.80082  298.55060     83.629 0.0000e+00
   40.30192  -71.80376     63.890     63.389     6.8769    33.0360      7.869     0.0013 1.0335e-13  1026.1825     6.8712    25.8892     8.1965    249.679    9.80083  298.55106     83.630 0.0000e+00
   40.30192  -71.80376     63.923     63.422     6.8770    33.0360      7.869     0.0013 1.0683e-13  1026.1826     6.8713    25.8892     8.1965    249.680    9.80074  298.54828     83.631 0.0000e+00
   40.30192  -71.80376     63.954     63.452     6.8771    33.0360      7.869     0.0148 1.1154e-13  1026.1824     6.8714    25.8891     8.1967    249.685    9.80080  298.54995     83.633 0.0000e+00
   40.30192  -71.80376     63.974     63.473     6.8770    33.0360      7.869     0.0013 1.1832e-13  1026.1829     6.8713    25.8891     8.1968    249.688    9.80078  298.54964     83.634 0.0000e+00
   40.30192  -71.80376     64.002     63.500     6.8772    33.0359      7.869     0.0013 1.2660e-13  1026.1824     6.8716    25.8889     8.1969    249.694    9.80084  298.55144     83.635 0.0000e+00
   40.30192  -71.80376     64.035     63.533     6.8771    33.0359      7.869     0.0013 1.3504e-13  1026.1826     6.8714    25.8889     8.1971    249.697    9.80085  298.55173     83.636 0.0000e+00
   40.30192  -71.80376     64.056     63.554     6.8769    33.0358      7.869     0.0013 1.4185e-13  1026.1829     6.8712    25.8890     8.1962    249.670    9.80080  298.55040     83.627 0.0000e+00
   40.30192  -71.80376     64.085     63.582     6.8771    33.0357      7.869     0.0013 1.4636e-13  1026.1833     6.8714    25.8890     8.1962    249.673    9.80081  298.55054     83.628 0.0000e+00
   40.30192  -71.80376     64.117     63.614     6.8771    33.0355      7.869     0.0013 1.4938e-13  1026.1832     6.8714    25.8887     8.1963    249.675    9.80080  298.55025     83.629 0.0000e+00
   40.30192  -71.80376     64.138     63.635     6.8771    33.0355      7.869     0.0013 1.5162e-13  1026.1821     6.8714    25.8882     8.1964    249.678    9.80084  298.55151     83.630 0.0000e+00
   40.30192  -71.80376     64.168     63.665     6.8771    33.0355      7.869     0.0013 1.5299e-13  1026.1822     6.8714    25.8882     8.1965    249.680    9.80083  298.55114     83.631 0.0000e+00
   40.30192  -71.80376     64.197     63.693     6.8772    33.0355      7.869     0.0013 1.5392e-13  1026.1834     6.8715    25.8887     8.1966    249.682    9.80083  298.55113     83.631 0.0000e+00
   40.30192  -71.80376     64.209     63.706     6.8768    33.0362      7.869     0.0013 1.5439e-13  1026.1842     6.8711    25.8892     8.1967    249.685    9.80083  298.55100     83.632 0.0000e+00
   40.30192  -71.80376     64.240     63.736     6.8771    33.0362      7.869     0.0013 1.5486e-13  1026.1842     6.8714    25.8893     8.1968    249.689    9.80088  298.55270     83.633 0.0000e+00
   40.30192  -71.80376     64.258     63.754     6.8770    33.0362      7.869     0.0013 1.5486e-13  1026.1841     6.8713    25.8892     8.1969    249.692    9.80090  298.55317     83.634 0.0000e+00
   40.30192  -71.80376     64.291     63.787     6.8771    33.0362      7.869     0.0013 1.5392e-13  1026.1842     6.8714    25.8892     8.1906    249.500    9.80092  298.55375     83.570 0.0000e+00
   40.30192  -71.80376     64.302     63.798     6.8770    33.0362      7.869     0.0013 1.5253e-13  1026.1843     6.8712    25.8892     8.1952    249.641    9.80096  298.55496     83.616 0.0000e+00
   40.30192  -71.80376     64.341     63.836     6.8769    33.0361      7.869     0.0013 1.5071e-13  1026.1846     6.8712    25.8892     8.1953    249.643    9.80094  298.55459     83.617 0.0000e+00
   40.30192  -71.80376     64.353     63.848     6.8771    33.0361      7.869     0.0013 1.4938e-13  1026.1843     6.8714    25.8891     8.1944    249.616    9.80097  298.55526     83.608 0.0000e+00
   40.30192  -71.80376     64.373     63.868     6.8769    33.0361      7.869     0.0013 1.4938e-13  1026.1846     6.8712    25.8891     8.1935    249.588    9.80101  298.55647     83.598 0.0000e+00
   40.30192  -71.80376     64.402     63.896     6.8772    33.0361      7.869     0.0013 1.5027e-13  1026.1846     6.8715    25.8891     8.1935    249.588    9.80101  298.55654     83.598 0.0000e+00
   40.30192  -71.80376     64.414     63.909     6.8771    33.0361      7.869     0.0013 1.4938e-13  1026.1848     6.8714    25.8891     8.1934    249.586    9.80093  298.55384     83.598 0.0000e+00
   40.30188  -71.80388     64.435     63.929     6.8772    33.0361      7.869     0.0013 1.4305e-13  1026.1847     6.8715    25.8891     8.1923    249.553    9.80082  298.55047     83.588 0.0000e+00
   40.30188  -71.80388     64.453     63.947     6.8771    33.0361      7.869     0.0148 1.3085e-13  1026.1848     6.8714    25.8892     8.1921    249.547    9.80068  298.54604     83.588 0.0000e+00
   40.30188  -71.80388     64.465     63.960     6.8772    33.0363      7.869     0.0013 1.1588e-13  1026.1852     6.8715    25.8893     8.1919    249.541    9.80049  298.54064     83.587 0.0000e+00
   40.30188  -71.80388     64.486     63.980     6.8773    33.0363      7.869     0.0013 1.0210e-13  1026.1852     6.8716    25.8893     8.1919    249.539    9.80047  298.53982     83.587 0.0000e+00
   40.30188  -71.80388     64.504     63.998     6.8772    33.0363      7.869     0.0013 9.0590e-14  1026.1852     6.8715    25.8893     8.1917    249.535    9.80037  298.53690     83.586 0.0000e+00
   40.30188  -71.80388     64.516     64.010     6.8771    33.0363      7.869     0.0013 8.2475e-14  1026.1854     6.8714    25.8893     8.1917    249.533    9.80034  298.53630     83.586 0.0000e+00
   40.30188  -71.80388     64.545     64.039     6.8774    33.0361      7.869     0.0013 7.7195e-14  1026.1853     6.8717    25.8891     8.1917    249.534    9.80038  298.53751     83.585 -9.990e-29
   40.30188  -71.80388     64.547     64.040     6.8776    33.0360      7.869     0.0013 7.4580e-14  1026.1851     6.8718    25.8890     8.1852    249.337    9.80037  298.53690     83.520 -9.990e-29
   40.30188  -71.80388     64.568     64.061     6.8776    33.0360      7.869     0.0013 7.3711e-14  1026.1852     6.8718    25.8890     8.1907    249.503    9.80034  298.53608     83.575 0.0000e+00
   40.30188  -71.80388     64.576     64.069     6.8776    33.0360      7.869     0.0148 7.3819e-14  1026.1853     6.8718    25.8890     8.1907    249.504    9.80038  298.53758     83.575 0.0000e+00
   40.30188  -71.80388     64.588     64.082     6.8774    33.0360      7.869     0.0148 7.4470e-14  1026.1854     6.8717    25.8890     8.1908    249.505    9.80042  298.53872     83.575 0.0000e+00
   40.30188  -71.80388     64.598     64.091     6.8776    33.0362      7.869     0.0148 7.5245e-14  1026.1855     6.8718    25.8892     8.1908    249.506    9.80044  298.53934     83.576 0.0000e+00
   40.30188  -71.80388     64.616     64.109     6.8774    33.0362      7.869     0.0148 7.6035e-14  1026.1860     6.8717    25.8893     8.1908    249.506    9.80045  298.53940     83.576 0.0000e+00
   40.30188  -71.80388     64.619     64.112     6.8776    33.0362      7.869     0.0148 7.6727e-14  1026.1857     6.8718    25.8892     8.1908    249.507    9.80047  298.54002     83.576 0.0000e+00
   40.30188  -71.80388     64.639     64.132     6.8776    33.0362      7.869     0.0148 7.7431e-14  1026.1857     6.8718    25.8892     8.1908    249.505    9.80039  298.53733     83.576 0.0000e+00
   40.30188  -71.80388     64.648     64.141     6.8776    33.0361      7.869     0.0148 7.7787e-14  1026.1858     6.8718    25.8891     8.1906    249.501    9.80022  298.53216     83.576 -9.990e-29
   40.30188  -71.80388     64.649     64.142     6.8776    33.0360      7.869     0.0148 7.7907e-14  1026.1856     6.8718    25.8890     8.1906    249.500    9.80018  298.53119     83.576 -9.990e-29
   40.30188  -71.80388     64.649     64.142     6.8776    33.0360      7.869     0.0282 7.7787e-14  1026.1857     6.8718    25.8890     8.1906    249.499    9.80013  298.52964     83.576 -9.990e-29
   40.30188  -71.80388     64.678     64.171     6.8778    33.0360      7.869     0.0148 7.7195e-14  1026.1856     6.8720    25.8889     8.1905    249.498    9.80010  298.52882     83.576 -9.990e-29
   40.30188  -71.80388     64.670     64.163     6.8779    33.0360      7.869     0.0148 7.6035e-14  1026.1854     6.8722    25.8889     8.1905    249.497    9.80003  298.52674     83.576 -9.990e-29
   40.30188  -71.80388     64.678     64.171     6.8776    33.0358      7.869     0.0148 7.4690e-14  1026.1859     6.8718    25.8890     8.1905    249.499    9.80008  298.52847     83.576 0.0000e+00
   40.30188  -71.80388     64.691     64.183     6.8776    33.0358      7.869     0.0148 7.2758e-14  1026.1860     6.8718    25.8890     8.1917    249.533    9.80022  298.53292     83.587 -9.990e-29
   40.30188  -71.80388     64.681     64.173     6.8779    33.0359      7.869     0.0282 7.0627e-14  1026.1855     6.8722    25.8888     8.1929    249.571    9.80043  298.53923     83.597 -9.990e-29
   40.30188  -71.80388     64.699     64.191     6.8779    33.0359      7.869     0.0148 6.7973e-14  1026.1856     6.8722    25.8888     8.1932    249.580    9.80063  298.54541     83.599 -9.990e-29
   40.30192  -71.80376     64.691     64.183     6.8782    33.0359      7.869     0.0148 6.4674e-14  1026.1856     6.8725    25.8889     8.1933    249.584    9.80068  298.54678     83.600 -9.990e-29
   40.30192  -71.80376     64.700     64.193     6.8782    33.0362      7.869     0.0148 6.0938e-14  1026.1861     6.8725    25.8890     8.1936    249.591    9.80082  298.55093     83.601 0.0000e+00
   40.30192  -71.80376     64.709     64.201     6.8782    33.0362      7.869     0.0148 5.7027e-14  1026.1860     6.8725    25.8891     8.1937    249.595    9.80084  298.55155     83.602 -9.990e-29
   40.30192  -71.80376     64.700     64.193     6.8786    33.0362      7.869     0.0148 5.3417e-14  1026.1861     6.8728    25.8891     8.1938    249.598    9.80082  298.55084     83.603 -9.990e-29
   40.30192  -71.80376     64.718     64.210     6.8784    33.0361      7.869     0.0148 5.0539e-14  1026.1861     6.8726    25.8890     8.1940    249.604    9.80090  298.55334     83.604 -9.990e-29
   40.30192  -71.80376     64.711     64.204     6.8786    33.0359      7.869     0.0282 4.8505e-14  1026.1856     6.8728    25.8888     8.1877    249.413    9.80091  298.55368     83.540 -9.990e-29
   40.30192  -71.80376     64.711     64.204     6.8784    33.0356      7.869     0.0148 4.7238e-14  1026.1855     6.8726    25.8886     8.1933    249.582    9.80089  298.55294     83.597 -9.990e-29
   40.30192  -71.80376     64.709     64.201     6.8784    33.0356      7.869     0.0282 4.6416e-14  1026.1854     6.8726    25.8886     8.1935    249.589    9.80097  298.55546     83.599 -9.990e-29
   40.30192  -71.80376     64.721     64.213     6.8786    33.0356      7.869     0.0282 4.5869e-14  1026.1854     6.8728    25.8886     8.1936    249.593    9.80095  298.55466     83.600 -9.990e-29
   40.30192  -71.80376     64.711     64.204     6.8784    33.0359      7.869     0.0013 4.5539e-14  1026.1858     6.8726    25.8888     8.1939    249.600    9.80104  298.55732     83.602 -9.990e-29
   40.30192  -71.80376     64.718     64.210     6.8784    33.0359      7.869    -0.0121 4.5295e-14  1026.1859     6.8726    25.8889     8.1940    249.604    9.80100  298.55638     83.604 -9.990e-29
   40.30192  -71.80376     64.711     64.204     6.8782    33.0359      7.869    -0.0121 4.5133e-14  1026.1858     6.8725    25.8888     8.1942    249.610    9.80103  298.55724     83.605 -9.990e-29
   40.30192  -71.80376     64.718     64.210     6.8784    33.0358      7.869    -0.0121 4.5053e-14  1026.1856     6.8726    25.8887     8.1943    249.614    9.80103  298.55712     83.607 -9.990e-29
   40.30192  -71.80376     64.700     64.193     6.8784    33.0358      7.869    -0.0121 4.4973e-14  1026.1855     6.8726    25.8887     8.1945    249.619    9.80105  298.55767     83.608 -9.990e-29
   40.30192  -71.80376     64.721     64.213     6.8784    33.0358      7.869    -0.0121 4.4893e-14  1026.1857     6.8726    25.8888     8.1946    249.623    9.80101  298.55668     83.610 -9.990e-29
   40.30192  -71.80376     64.699     64.191     6.8780    33.0358      7.869     0.0013 4.4893e-14  1026.1858     6.8723    25.8888     8.1948    249.630    9.80109  298.55881     83.612 -9.990e-29
   40.30192  -71.80376     64.721     64.213     6.8780    33.0358      7.869    -0.0121 4.4854e-14  1026.1858     6.8723    25.8888     8.1950    249.634    9.80106  298.55802     83.613 -9.990e-29
   40.30192  -71.80376     64.700     64.193     6.8780    33.0357      7.869    -0.0121 4.4854e-14  1026.1855     6.8723    25.8887     8.1951    249.638    9.80103  298.55701     83.615 -9.990e-29
   40.30192  -71.80376     64.708     64.201     6.8778    33.0357      7.869    -0.0121 4.4854e-14  1026.1858     6.8720    25.8888     8.1943    249.614    9.80108  298.55869     83.606 0.0000e+00
   40.30192  -71.80376     64.711     64.204     6.8779    33.0357      7.869    -0.0121 4.4854e-14  1026.1856     6.8722    25.8888     8.1944    249.616    9.80104  298.55746     83.607 -9.990e-29
   40.30192  -71.80376     64.708     64.201     6.8778    33.0357      7.869    -0.0121 4.4854e-14  1026.1857     6.8720    25.8888     8.1945    249.620    9.80104  298.55728     83.609 -9.990e-29
   40.30192  -71.80376     64.721     64.213     6.8776    33.0359      7.869    -0.0121 4.4854e-14  1026.1858     6.8718    25.8889     8.2011    249.819    9.80109  298.55874     83.675 -9.990e-29
   40.30192  -71.80376     64.711     64.204     6.8774    33.0362      7.869     0.0013 4.4854e-14  1026.1861     6.8717    25.8892     8.1956    249.654    9.80103  298.55712     83.620 -9.990e-29
