CalculateIndicators/WaterTemperature/Data/CTD_NYOS/20230515_C08B.cnv
* Sea-Bird SBE 9 Data File:
* FileName = C:\Seabird 9 CTD\Data\2023\202305_offshore\20230515_C09.hex
* Software Version Seasave V 7.23.2
* Temperature SN = 4590
* Conductivity SN = 3228
* Number of Bytes Per Scan = 44
* Number of Voltage Words = 5
* Number of Scans Averaged by the Deck Unit = 1
* NMEA Latitude = 39 06.89 N
* NMEA Longitude = 072 24.92 W
* NMEA UTC (Time) = May 16 2023  02:52:46
* NMEA baud rate = 4800
** Ship: seawolf
** Station: 8.7
** Operator: TDK
# nquan = 18
# nvalues = 603                         
# units = specified
# name 0 = latitude: Latitude [deg]
# name 1 = longitude: Longitude [deg]
# name 2 = prDM: Pressure, Digiquartz [db]
# name 3 = depSM: Depth [salt water, m]
# name 4 = t090C: Temperature [ITS-90, deg C]
# name 5 = sal00: Salinity, Practical [PSU]
# name 6 = ph: pH
# name 7 = flECO-AFL: Fluorescence, WET Labs ECO-AFL/FL [mg/m^3]
# name 8 = cpar: CPAR/Corrected Irradiance [%]
# name 9 = density00: Density [density, kg/m^3]
# name 10 = potemp090C: Potential Temperature [ITS-90, deg C]
# name 11 = sigma-100: Density [sigma-1, kg/m^3 ]
# name 12 = sbeox0Mg/L: Oxygen, SBE 43 [mg/l]
# name 13 = sbox0Mm/Kg: Oxygen, SBE 43 [umol/kg]
# name 14 = oxsolMg/L: Oxygen Saturation, Garcia & Gordon [mg/l]
# name 15 = oxsolMm/Kg: Oxygen Saturation, Garcia & Gordon [umol/kg]
# name 16 = sbeox0PS: Oxygen, SBE 43 [% saturation]
# name 17 = flag: flag
# span 0 =   39.11497,   39.11818       
# span 1 =  -72.41533,  -72.40152       
# span 2 =      3.000,    304.000       
# span 3 =      2.977,    301.473       
# span 4 =     9.4749,    14.7145       
# span 5 =    33.4401,    35.8176       
# span 6 =      7.820,      8.096       
# span 7 =    -0.0863,     1.1517       
# span 8 = -5.516e+03, 1.0094e+05       
# span 9 =  1025.1841,  1028.6101       
# span 10 =     9.4715,    14.6989      
# span 11 =    29.5719,    31.6944      
# span 12 =     1.9915,     9.6445      
# span 13 =     60.625,    293.820      
# span 14 =    8.15044,    9.22132      
# span 15 =  248.12505,  280.91734      
# span 16 =     24.144,    109.307      
# span 17 = 0.0000e+00, 0.0000e+00      
# interval = decibars: 1                
# start_time = May 16 2023 02:52:45 [System UTC, first data scan.]
# bad_flag = -9.990e-29
*END*
[from data line 563]
   39.11806  -72.40222     42.000     41.677    11.1771    34.0670      8.037     0.3744 5.0640e-11  1026.2065    11.1720    30.4550     8.5329    259.895    8.90569  271.25007     95.814 0.0000e+00
   39.11804  -72.40222     41.000     40.685    11.0382    34.0152      8.034     0.3519 5.0640e-11  1026.1867    11.0332    30.4427     8.4866    258.489    8.90410  271.20456     95.311 0.0000e+00
   39.11805  -72.40219     40.000     39.693    10.8640    33.9772      8.026     0.3568 5.0640e-11  1026.1843    10.8592    30.4486     8.6105    262.282    9.04513  275.52114     95.195 0.0000e+00
   39.11806  -72.40218     39.000     38.701    10.7178    33.9244      8.026     0.4226 5.0640e-11  1026.1639    10.7131    30.4360     8.5444    260.244    9.04232  275.40949     94.493 0.0000e+00
   39.11806  -72.40216     38.000     37.708    10.4114    33.8128      8.018     0.4647 5.0640e-11  1026.1273    10.4070    30.4109     8.4997    258.901    9.04814  275.60684     93.938 0.0000e+00
   39.11806  -72.40215     37.000     36.716    10.1644    33.7327      8.008     0.7201 5.0640e-11  1026.1044    10.1602    30.3981     8.5915    261.700    9.14159  278.45613     93.982 0.0000e+00
   39.11806  -72.40214     36.000     35.724     9.8821    33.6617      8.006     0.8514 5.0640e-11  1026.0898     9.8781    30.3944     8.6558    263.665    9.14993  278.71545     94.599 0.0000e+00
   39.11806  -72.40212     35.000     34.731     9.6637    33.5938      8.007     0.9607 5.0640e-11  1026.0690     9.6599    30.3832     8.8678    270.133    9.20364  280.36294     96.351 0.0000e+00
   39.11808  -72.40211     34.000     33.739     9.5955    33.5507      8.008     0.9369 5.0640e-11  1026.0415     9.5918    30.3619     8.9249    271.873    9.21361  280.66870     96.866 0.0000e+00
   39.11808  -72.40208     33.000     32.747     9.4758    33.4779      8.023     0.9897 5.0640e-11  1026.0001     9.4722    30.3281     9.2831    282.796    9.22053  280.89053    100.679 0.0000e+00
   39.11807  -72.40207     32.000     31.755     9.4766    33.4637      8.032     1.0607 5.0640e-11  1025.9845     9.4731    30.3171     9.4888    289.066    9.22132  280.91734    102.901 0.0000e+00
   39.11807  -72.40204     31.000     30.763     9.4749    33.4401      8.043     1.1517 5.0640e-11  1025.9616     9.4715    30.2990     9.5745    291.685    9.14780  278.68698    104.665 0.0000e+00
   39.11808  -72.40203     30.000     29.770     9.7276    33.4748      8.050     1.1171 5.0640e-11  1025.9428     9.7243    30.2791     9.6445    293.820    9.13563  278.31612    105.571 0.0000e+00
 -9.990e-29  -72.40202     29.000     28.778     9.9076    33.4795      8.061     1.0438 5.0640e-11  1025.9116     9.9044    30.2485     9.5835    291.965    9.04953  275.69798    105.900 0.0000e+00
   39.11808  -72.40200     28.000     27.786    10.2050    33.5310      8.066     0.9987 5.0640e-11  1025.8968    10.2018    30.2317     9.6137    292.886    9.04483  275.55599    106.288 0.0000e+00
   39.11808  -72.40199     27.000     26.794    10.3378    33.5576      8.069     1.0294 5.0640e-11  1025.8911    10.3346    30.2275     9.5061    289.612    8.95830  272.92315    106.115 0.0000e+00
   39.11809  -72.40197     26.000     25.801    10.6992    33.6159      8.076     0.9435 5.0640e-11  1025.8683    10.6961    30.2014     9.5085    289.691    8.90641  271.34840    106.758 0.0000e+00
   39.11810  -72.40196     25.000     24.809    10.9324    33.6505      8.079     0.8948 5.0640e-11  1025.8493    10.9294    30.1818     9.5067    289.646    8.82253  268.79957    107.755 0.0000e+00
   39.11809  -72.40193     24.000     23.817    11.3605    33.7164      8.086     0.7766 5.0640e-11  1025.8189    11.3576    30.1467     9.4748    288.674    8.80492  268.26454    107.606 0.0000e+00
   39.11809  -72.40191     23.000     22.824    11.5534    33.7429      8.089     0.6685 -9.990e-29  1025.7999    11.5505    30.1282     9.4194    286.993    8.76973  267.19789    107.408 0.0000e+00
   39.11811  -72.40190     22.000     21.832    11.7224    33.7582      8.089     0.6348 5.0640e-11  1025.7762    11.7196    30.1054     9.4005    286.417    8.75305  266.69078    107.397 0.0000e+00
 -9.990e-29  -72.40188     21.000     20.840    11.8457    33.7579      8.089     0.6057 5.0640e-11  1025.7480    11.8430    30.0793     9.3880    286.045    8.73015  266.00066    107.535 0.0000e+00
   39.11811  -72.40187     20.000     19.847    11.9022    33.7641      8.091     0.5791 5.6775e+04  1025.7381    11.8996    30.0727     9.3732    285.603    8.70682  265.29792    107.654 0.0000e+00
   39.11810  -72.40185     19.000     18.855    11.9892    33.7690      8.093     0.5310 3.1357e+04  1025.7207    11.9868    30.0580     9.3864    286.029    8.66854  264.15258    108.281 0.0000e+00
   39.11811  -72.40182     18.000     17.863    12.2961    33.6921      8.094     0.4141 4.6194e+02  1025.5977    12.2938    29.9339     9.3812    285.881    8.65628  263.79043    108.374 0.0000e+00
   39.11815  -72.40178     17.000     16.870    12.4708    33.5868      8.096     0.3639 5.0640e-11  1025.4781    12.4686    29.8160     9.3749    285.730    8.63475  263.17264    108.572 0.0000e+00
   39.11814  -72.40177     16.000     15.878    12.5177    33.5181      8.095     0.3880 5.0640e-11  1025.4112    12.5156    29.7531     9.3753    285.752    8.63408  263.15891    108.585 0.0000e+00
   39.11814  -72.40175     15.000     14.886    12.5456    33.4710      8.094     0.3662 5.0640e-11  1025.3649    12.5437    29.7111     9.3859    286.086    8.61841  262.69232    108.905 0.0000e+00
   39.11812  -72.40174     14.000     13.893    12.5704    33.4621      8.094     0.3723 5.0640e-11  1025.3486    12.5686    29.6988     9.3888    286.172    8.62040  262.75161    108.913 0.0000e+00
   39.11813  -72.40169     13.000     12.901    12.6516    33.4544      8.093     0.3475 5.0640e-11  1025.3226    12.6499    29.6757     9.3473    284.920    8.59235  261.90723    108.787 0.0000e+00
   39.11816  -72.40169     12.000     11.909    12.7695    33.4445      8.091     0.3638 5.0640e-11  1025.2872    12.7679    29.6426     9.3280    284.337    8.58241  261.60823    108.688 0.0000e+00
   39.11815  -72.40166     11.000     10.916    12.8739    33.4421      8.090     0.3312 5.0640e-11  1025.2605    12.8725    29.6183     9.2822    282.944    8.56131  260.96893    108.421 0.0000e+00
   39.11815  -72.40165     10.000      9.924    12.9614    33.4438      8.089     0.3311 5.0640e-11  1025.2399    12.9601    29.6004     9.2571    282.182    8.55426  260.75645    108.216 0.0000e+00
   39.11818  -72.40164      9.000      8.931    13.0864    33.4422      8.089     0.3128 5.0640e-11  1025.2094    13.0852    29.5720     9.1690    279.500    8.53393  260.14079    107.442 0.0000e+00
   39.11818  -72.40162      8.000      7.939    13.0841    33.4515      8.087     0.3008 5.0640e-11  1025.2126    13.0831    29.5796     9.1732    279.629    8.53267  260.10331    107.507 0.0000e+00
   39.11815  -72.40159      7.000      6.947    13.1108    33.4507      8.087     0.2893 5.0640e-11  1025.2022    13.1098    29.5732     9.1782    279.780    8.53209  260.08509    107.573 0.0000e+00
   39.11816  -72.40156      6.000      5.955    13.1189    33.4518      8.087     0.3142 5.0640e-11  1025.1969    13.1181    29.5721     9.1870    280.050    8.53053  260.03784    107.696 0.0000e+00
   39.11817  -72.40156      5.000      4.962    13.1286    33.4542      8.086     0.3022 5.0640e-11  1025.1924    13.1279    29.5719     9.1720    279.590    8.53009  260.02449    107.525 0.0000e+00
   39.11816  -72.40152      4.000      3.970    13.1275    33.4542      8.087     0.2928 4.7407e-02  1025.1880    13.1269    29.5720     9.1559    279.101    8.52999  260.02125    107.338 0.0000e+00
   39.11818  -72.40152      3.000      2.977    13.1296    33.4553      8.086 -9.990e-29 4.3550e-01  1025.1841    13.1292    29.5724     9.1833    279.935    8.52986  260.01690    107.661 0.0000e+00
