CalculateIndicators/WaterTemperature/Data/CTD_NYOS/20230518_C30.cnv
* Sea-Bird SBE 9 Data File:
* FileName = C:\Seabird 9 CTD\Data\2023\202305_offshore\20230518_C30.hex
* Software Version Seasave V 7.23.2
* Temperature SN = 4590
* Conductivity SN = 3228
* Number of Bytes Per Scan = 44
* Number of Voltage Words = 5
* Number of Scans Averaged by the Deck Unit = 1
* NMEA Latitude = 40 40.99 N
* NMEA Longitude = 072 03.52 W
* NMEA UTC (Time) = May 18 2023  18:24:38
* NMEA baud rate = 4800
** Ship: Seawolf
** Station: 11.2
** Operator: TCM
# nquan = 18
# nvalues = 10151                       
# units = specified
# name 0 = latitude: Latitude [deg]
# name 1 = longitude: Longitude [deg]
# name 2 = prDM: Pressure, Digiquartz [db]
# name 3 = depSM: Depth [salt water, m]
# name 4 = t090C: Temperature [ITS-90, deg C]
# name 5 = sal00: Salinity, Practical [PSU]
# name 6 = ph: pH
# name 7 = flECO-AFL: Fluorescence, WET Labs ECO-AFL/FL [mg/m^3]
# name 8 = cpar: CPAR/Corrected Irradiance [%]
# name 9 = density00: Density [density, kg/m^3]
# name 10 = potemp090C: Potential Temperature [ITS-90, deg C]
# name 11 = sigma-é00: Density [sigma-theta, kg/m^3]
# name 12 = sbeox0Mg/L: Oxygen, SBE 43 [mg/l]
# name 13 = sbox0Mm/Kg: Oxygen, SBE 43 [umol/kg]
# name 14 = oxsolMg/L: Oxygen Saturation, Garcia & Gordon [mg/l]
# name 15 = oxsolMm/Kg: Oxygen Saturation, Garcia & Gordon [umol/kg]
# name 16 = sbeox0PS: Oxygen, SBE 43 [% saturation]
# name 17 = flag:  0.000e+00
# span 0 =   40.68268,   40.68330       
# span 1 =  -72.05880,  -72.05874       
# span 2 =      1.829,     46.148       
# span 3 =      1.815,     45.786       
# span 4 =     6.7659,    12.9190       
# span 5 =    31.2057,    32.8149       
# span 6 =      7.879,      8.124       
# span 7 =    -0.0121,     0.9147       
# span 8 = 4.4492e-02, 3.1036e+02       
# span 9 =  1023.5461,  1025.9328       
# span 10 =     6.7625,    12.9183      
# span 11 =    23.5302,    25.7285      
# span 12 =     8.1073,     9.5589      
# span 13 =    247.005,    291.337      
# span 14 =    8.68283,    9.84095      
# span 15 =  265.09783,  299.82120      
# span 16 =     82.409,    106.126      
# span 17 = 0.0000e+00, 0.0000e+00      
# interval = seconds: 0.0416667
# start_time = May 18 2023 18:24:40 [System UTC, first data scan.]
# bad_flag = -9.990e-29
*END*
[from data line 885]
   40.68324  -72.05878     11.001     10.916    12.2731    31.2779      8.054     0.2834 7.1465e+00  1023.6985    12.2717    23.6495     8.9733    273.792    8.85278  270.11531    101.361 0.0000e+00
   40.68324  -72.05878     11.012     10.927    12.2702    31.2779      8.054     0.2834 7.1064e+00  1023.6990    12.2688    23.6500     8.9668    273.593    8.85340  270.13269    101.281 0.0000e+00
   40.68324  -72.05878     11.052     10.966    12.2671    31.2784      8.054     0.2834 7.0072e+00  1023.7004    12.2657    23.6511     8.9652    273.544    8.85394  270.14831    101.257 0.0000e+00
   40.68324  -72.05878     11.082     10.996    12.2641    31.2795      8.054     0.2834 6.9739e+00  1023.7024    12.2627    23.6525     8.9638    273.498    8.85446  270.16321    101.234 0.0000e+00
   40.68324  -72.05878     11.112     11.026    12.2618    31.2805      8.054     0.2834 6.9543e+00  1023.7036    12.2604    23.6537     8.9569    273.288    8.85489  270.17553    101.152 0.0000e+00
   40.68324  -72.05878     11.123     11.037    12.2593    31.2815      8.054     0.2834 6.8765e+00  1023.7046    12.2579    23.6549     8.9605    273.398    8.85533  270.18788    101.188 0.0000e+00
   40.68324  -72.05878     11.174     11.088    12.2567    31.2827      8.054     0.2834 6.8632e+00  1023.7064    12.2553    23.6563     8.9539    273.195    8.85563  270.19644    101.110 0.0000e+00
   40.68324  -72.05878     11.199     11.112    12.2551    31.2842      8.054     0.2968 6.8379e+00  1023.7080    12.2537    23.6578     8.9523    273.145    8.85599  270.20642    101.088 0.0000e+00
   40.68324  -72.05878     11.235     11.148    12.2530    31.2858      8.054     0.3103 6.8055e+00  1023.7100    12.2516    23.6594     8.9508    273.099    8.85625  270.21386    101.068 0.0000e+00
   40.68324  -72.05878     11.255     11.168    12.2526    31.2874      8.054     0.3103 6.7864e+00  1023.7110    12.2512    23.6608     8.9495    273.058    8.85649  270.22040    101.050 0.0000e+00
   40.68324  -72.05878     11.295     11.208    12.2516    31.2899      8.054     0.3103 6.7864e+00  1023.7123    12.2502    23.6631     8.9484    273.024    8.85679  270.22920    101.034 0.0000e+00
   40.68324  -72.05878     11.316     11.228    12.2487    31.2948      8.054     0.3103 6.7805e+00  1023.7171    12.2473    23.6673     8.9475    272.997    8.85705  270.23659    101.021 0.0000e+00
   40.68324  -72.05878     11.376     11.288    12.2456    31.3015      8.054     0.3103 6.7996e+00  1023.7241    12.2442    23.6731     8.9412    272.803    8.85723  270.24145    100.948 0.0000e+00
   40.68324  -72.05878     11.417     11.329    12.2413    31.3086      8.054     0.3103 6.7996e+00  1023.7307    12.2399    23.6794     8.9454    272.931    8.85739  270.24592    100.994 0.0000e+00
   40.68324  -72.05878     11.467     11.378    12.2364    31.3158      8.054     0.3103 6.7483e+00  1023.7366    12.2350    23.6857     8.9395    272.751    8.85756  270.25056    100.925 0.0000e+00
   40.68324  -72.05878     11.512     11.423    12.2319    31.3240      8.054     0.3103 6.6916e+00  1023.7440    12.2305    23.6929     8.9387    272.725    8.85775  270.25593    100.914 0.0000e+00
   40.68324  -72.05878     11.538     11.449    12.2287    31.3342      8.054     0.3103 6.6916e+00  1023.7518    12.2273    23.7016     8.9381    272.707    8.85799  270.26282    100.904 0.0000e+00
   40.68324  -72.05878     11.580     11.490    12.2238    31.3473      8.054     0.3103 6.6599e+00  1023.7635    12.2223    23.7127     8.9433    272.865    8.85826  270.27062    100.960 0.0000e+00
   40.68324  -72.05878     11.629     11.539    12.2175    31.3625      8.054     0.3103 6.6225e+00  1023.7777    12.2160    23.7256     8.9439    272.882    8.85859  270.28008    100.963 0.0000e+00
   40.68324  -72.05878     11.691     11.600    12.2109    31.3795      8.054     0.3103 6.6097e+00  1023.7904    12.2095    23.7403     8.9446    272.905    8.85886  270.28789    100.968 0.0000e+00
   40.68324  -72.05878     11.731     11.640    12.2022    31.4028      8.054     0.3103 6.6143e+00  1023.8064    12.2008    23.7603     8.9456    272.935    8.85919  270.29759    100.976 0.0000e+00
   40.68324  -72.05878     11.767     11.676    12.1860    31.4393      8.055     0.3103 6.6296e+00  1023.8362    12.1845    23.7920     8.9467    272.968    8.85944  270.30454    100.985 0.0000e+00
   40.68314  -72.05878     11.822     11.730    12.1584    31.4927      8.055     0.3103 6.7248e+00  1023.8842    12.1569    23.8387     8.9479    273.003    8.85959  270.30845    100.997 0.0000e+00
   40.68314  -72.05878     11.853     11.761    12.1162    31.5582      8.055     0.3103 6.8406e+00  1023.9497    12.1147    23.8969     8.9543    273.198    8.85993  270.31840    101.065 0.0000e+00
   40.68314  -72.05878     11.893     11.801    12.0624    31.6225      8.055     0.3103 6.9624e+00  1024.0164    12.0609    23.9555     8.9565    273.265    8.86013  270.32417    101.088 0.0000e+00
   40.68314  -72.05878     11.944     11.852    12.0151    31.6740      8.055     0.3103 7.2738e+00  1024.0642    12.0136    24.0037     8.9589    273.338    8.86032  270.32965    101.113 0.0000e+00
   40.68314  -72.05878     11.990     11.897    11.9798    31.7122      8.060     0.3103 7.7129e+00  1024.0971    11.9783    24.0400     8.9608    273.394    8.86050  270.33478    101.132 0.0000e+00
   40.68314  -72.05878     12.016     11.922    11.9523    31.7423      8.055     0.3103 8.1887e+00  1024.1251    11.9508    24.0687     8.9628    273.454    8.86067  270.33949    101.152 0.0000e+00
   40.68314  -72.05878     12.065     11.972    11.9305    31.7670      8.060     0.3103 8.7053e+00  1024.1488    11.9290    24.0919     8.9649    273.518    8.86083  270.34413    101.174 0.0000e+00
   40.68314  -72.05878     12.106     12.013    11.9128    31.7861      8.060     0.3103 9.1256e+00  1024.1672    11.9112    24.1101     8.9727    273.756    8.86104  270.34998    101.260 0.0000e+00
   40.68314  -72.05878     12.152     12.058    11.8988    31.8001      8.060     0.3103 9.1001e+00  1024.1798    11.8973    24.1236     8.9812    274.016    8.86121  270.35499    101.354 0.0000e+00
   40.68314  -72.05878     12.178     12.084    11.8880    31.8103      8.060     0.3371 8.8080e+00  1024.1892    11.8865    24.1336     8.9795    273.964    8.86140  270.36004    101.333 0.0000e+00
   40.68314  -72.05878     12.248     12.153    11.8795    31.8183      8.060     0.3774 8.3127e+00  1024.1974    11.8780    24.1413     8.9828    274.065    8.86163  270.36672    101.368 0.0000e+00
   40.68314  -72.05878     12.278     12.183    11.8729    31.8243      8.060     0.4043 7.3880e+00  1024.2030    11.8714    24.1473     8.9917    274.335    8.86186  270.37320    101.465 0.0000e+00
   40.68314  -72.05878     12.313     12.217    11.8680    31.8288      8.060     0.4043 6.7256e+00  1024.2077    11.8664    24.1517     8.9951    274.437    8.86197  270.37630    101.502 0.0000e+00
   40.68314  -72.05878     12.370     12.275    11.8645    31.8320      8.065     0.3908 6.3264e+00  1024.2108    11.8630    24.1550     9.0039    274.707    8.86206  270.37870    101.601 0.0000e+00
   40.68314  -72.05878     12.401     12.305    11.8613    31.8343      8.065     0.3908 5.8204e+00  1024.2135    11.8598    24.1572     9.0079    274.829    8.86214  270.38102    101.645 0.0000e+00
   40.68314  -72.05878     12.452     12.355    11.8590    31.8355      8.065     0.4043 5.4740e+00  1024.2150    11.8574    24.1586     9.0176    275.123    8.86226  270.38468    101.752 0.0000e+00
   40.68314  -72.05878     12.496     12.399    11.8581    31.8361      8.065     0.3908 5.3320e+00  1024.2153    11.8566    24.1593     9.0223    275.266    8.86230  270.38546    101.805 0.0000e+00
   40.68314  -72.05878     12.522     12.425    11.8575    31.8367      8.065     0.4043 5.1884e+00  1024.2160    11.8559    24.1599     9.0270    275.410    8.86240  270.38790    101.857 0.0000e+00
   40.68314  -72.05878     12.582     12.485    11.8569    31.8377      8.070     0.3908 5.0429e+00  1024.2170    11.8554    24.1608     9.0325    275.579    8.86256  270.39249    101.918 0.0000e+00
   40.68314  -72.05878     12.603     12.505    11.8557    31.8393      8.070     0.4043 5.0027e+00  1024.2183    11.8542    24.1623     9.0429    275.894    8.86272  270.39696    102.033 0.0000e+00
   40.68314  -72.05878     12.637     12.539    11.8541    31.8424      8.070     0.4043 4.9296e+00  1024.2207    11.8525    24.1650     9.0477    276.042    8.86293  270.40279    102.085 0.0000e+00
   40.68314  -72.05878     12.663     12.565    11.8518    31.8479      8.070     0.4043 4.8482e+00  1024.2250    11.8502    24.1699     9.0573    276.333    8.86309  270.40751    102.191 0.0000e+00
   40.68314  -72.05878     12.725     12.627    11.8464    31.8558      8.070     0.4043 4.8086e+00  1024.2340    11.8448    24.1769     9.0620    276.474    8.86327  270.41264    102.242 0.0000e+00
   40.68314  -72.05878     12.749     12.650    11.8394    31.8641      8.070     0.4043 4.7600e+00  1024.2425    11.8378    24.1844     9.0720    276.780    8.86345  270.41764    102.353 0.0000e+00
   40.68324  -72.05878     12.786     12.687    11.8331    31.8712      8.070     0.3908 4.6724e+00  1024.2486    11.8315    24.1911     9.0771    276.934    8.86367  270.42353    102.408 0.0000e+00
   40.68324  -72.05878     12.816     12.717    11.8279    31.8779      8.075     0.3908 4.6422e+00  1024.2547    11.8263    24.1973     9.0874    277.250    8.86379  270.42651    102.523 0.0000e+00
   40.68324  -72.05878     12.860     12.760    11.8226    31.8845      8.070     0.4043 4.5992e+00  1024.2615    11.8210    24.2034     9.0922    277.394    8.86400  270.43215    102.574 0.0000e+00
   40.68324  -72.05878     12.897     12.797    11.8174    31.8904      8.075     0.4043 4.4716e+00  1024.2675    11.8158    24.2089     9.0968    277.533    8.86423  270.43852    102.624 0.0000e+00
   40.68324  -72.05878     12.927     12.827    11.8132    31.8951      8.075     0.3908 4.4303e+00  1024.2717    11.8116    24.2134     9.1061    277.818    8.86457  270.44859    102.725 0.0000e+00
   40.68324  -72.05878     12.952     12.852    11.8094    31.8990      8.075     0.3908 4.4178e+00  1024.2753    11.8078    24.2170     9.1104    277.949    8.86499  270.46099    102.769 0.0000e+00
   40.68324  -72.05878     13.009     12.908    11.8060    31.9025      8.075     0.3908 4.3073e+00  1024.2788    11.8044    24.2204     9.1199    278.237    8.86530  270.46957    102.872 0.0000e+00
   40.68324  -72.05878     13.029     12.928    11.8027    31.9059      8.075     0.3908 4.2472e+00  1024.2822    11.8011    24.2236     9.1235    278.347    8.86558  270.47692    102.910 0.0000e+00
   40.68324  -72.05878     13.073     12.972    11.8000    31.9092      8.075     0.3908 4.2472e+00  1024.2855    11.7984    24.2267     9.1331    278.638    8.86591  270.48583    103.014 0.0000e+00
   40.68324  -72.05878     13.101     12.999    11.7972    31.9123      8.075     0.4043 4.1526e+00  1024.2886    11.7956    24.2296     9.1369    278.752    8.86625  270.49534    103.052 0.0000e+00
   40.68324  -72.05878     13.131     13.029    11.7950    31.9151      8.075     0.4311 4.1061e+00  1024.2911    11.7934    24.2322     9.1403    278.856    8.86661  270.50572    103.087 0.0000e+00
   40.68324  -72.05878     13.164     13.062    11.7930    31.9176      8.075     0.4446 4.1027e+00  1024.2937    11.7914    24.2345     9.1433    278.947    8.86684  270.51208    103.118 0.0000e+00
   40.68324  -72.05878     13.182     13.080    11.7907    31.9199      8.075     0.4446 4.0453e+00  1024.2959    11.7891    24.2366     9.1516    279.197    8.86718  270.52116    103.207 0.0000e+00
   40.68324  -72.05878     13.231     13.129    11.7887    31.9220      8.075     0.4580 4.0113e+00  1024.2982    11.7870    24.2387     9.1601    279.458    8.86751  270.52989    103.300 0.0000e+00
   40.68324  -72.05878     13.235     13.133    11.7872    31.9242      8.079     0.4446 3.9967e+00  1024.2999    11.7855    24.2406     9.1636    279.560    8.86790  270.54039    103.334 0.0000e+00
   40.68324  -72.05878     13.273     13.170    11.7855    31.9263      8.075     0.4446 3.9742e+00  1024.3024    11.7839    24.2427     9.1659    279.632    8.86832  270.55217    103.356 0.0000e+00
   40.68324  -72.05878     13.303     13.200    11.7840    31.9284      8.080     0.4446 3.9408e+00  1024.3043    11.7824    24.2445     9.1741    279.878    8.86873  270.56334    103.443 0.0000e+00
   40.68324  -72.05878     13.337     13.234    11.7825    31.9302      8.075     0.4446 3.9297e+00  1024.3061    11.7809    24.2462     9.1817    280.111    8.86911  270.57405    103.525 0.0000e+00
   40.68324  -72.05878     13.354     13.250    11.7807    31.9321      8.080     0.4446 3.9187e+00  1024.3079    11.7790    24.2480     9.1786    280.015    8.86952  270.58585    103.485 0.0000e+00
   40.68324  -72.05878     13.384     13.280    11.7787    31.9339      8.080     0.4446 3.9077e+00  1024.3099    11.7770    24.2498     9.1852    280.216    8.86980  270.59372    103.556 0.0000e+00
   40.68324  -72.05878     13.407     13.303    11.7763    31.9357      8.080     0.4446 3.9044e+00  1024.3120    11.7747    24.2516     9.1927    280.444    8.87007  270.60159    103.637 0.0000e+00
   40.68324  -72.05878     13.444     13.340    11.7745    31.9374      8.080     0.4446 3.8715e+00  1024.3135    11.7729    24.2533     9.1949    280.509    8.87031  270.60826    103.659 0.0000e+00
   40.68324  -72.05878     13.469     13.365    11.7723    31.9393      8.080     0.4446 3.8282e+00  1024.3152    11.7706    24.2551     9.1965    280.558    8.87050  270.61331    103.675 0.0000e+00
   40.68324  -72.05878     13.495     13.391    11.7700    31.9417      8.080     0.4446 3.8067e+00  1024.3181    11.7684    24.2574     9.2031    280.758    8.87064  270.61725    103.747 -9.990e-29
   40.68324  -72.05878     13.495     13.391    11.7685    31.9440      8.080     0.4446 3.7960e+00  1024.3203    11.7668    24.2595     9.2099    280.965    8.87082  270.62190    103.822 -9.990e-29
   40.68324  -72.05878     13.539     13.434    11.7662    31.9458      8.080     0.4446 3.7325e+00  1024.3223    11.7645    24.2613     9.2114    281.011    8.87105  270.62806    103.836 0.0000e+00
   40.68324  -72.05878     13.556     13.451    11.7647    31.9474      8.080     0.4446 3.7115e+00  1024.3236    11.7630    24.2628     9.2130    281.060    8.87126  270.63389    103.853 0.0000e+00
   40.68324  -72.05878     13.581     13.475    11.7632    31.9488      8.080     0.4446 3.7147e+00  1024.3252    11.7615    24.2642     9.2143    281.097    8.87155  270.64131    103.863 0.0000e+00
   40.68324  -72.05878     13.607     13.501    11.7619    31.9503      8.080     0.4446 3.6556e+00  1024.3266    11.7602    24.2656     9.2205    281.285    8.87180  270.64802    103.930 0.0000e+00
   40.68324  -72.05878     13.637     13.531    11.7605    31.9518      8.080     0.4446 3.6351e+00  1024.3282    11.7588    24.2670     9.2270    281.483    8.87220  270.65970    103.999 0.0000e+00
   40.68324  -72.05878     13.651     13.545    11.7592    31.9533      8.080     0.4446 3.6351e+00  1024.3297    11.7575    24.2684     9.2281    281.515    8.87255  270.66960    104.007 0.0000e+00
   40.68324  -72.05878     13.699     13.593    11.7577    31.9547      8.080     0.4446 3.5611e+00  1024.3313    11.7560    24.2698     9.2286    281.529    8.87290  270.67943    104.008 0.0000e+00
   40.68324  -72.05878     13.722     13.616    11.7564    31.9563      8.080     0.4446 3.5183e+00  1024.3326    11.7547    24.2713     9.2346    281.714    8.87319  270.68789    104.074 0.0000e+00
