CalculateIndicators/WaterTemperature/Data/CTD_NYOS/20240426_C08.cnv
* Sea-Bird SBE 9 Data File:
* FileName = C:\Seabird 9 CTD\Data\2024\202404_offshore\20240426_C08.hex
* Software Version Seasave V 7.23.2
* Temperature SN = 4590
* Conductivity SN = 3228
* Number of Bytes Per Scan = 44
* Number of Voltage Words = 5
* Number of Scans Averaged by the Deck Unit = 1
* NMEA Latitude = 39 36.16 N
* NMEA Longitude = 072 45.30 W
* NMEA UTC (Time) = Apr 26 2024  22:08:35
* NMEA baud rate = 4800
** Ship: Seawolf
** Station: 8.5
** Operator: SJW
# nquan = 18
# nvalues = 14800                       
# units = specified
# name 0 = latitude: Latitude [deg]
# name 1 = longitude: Longitude [deg]
# name 2 = prDM: Pressure, Digiquartz [db]
# name 3 = depSM: Depth [salt water, m]
# name 4 = t090C: Temperature [ITS-90, deg C]
# name 5 = sal00: Salinity, Practical [PSU]
# name 6 = ph: pH
# name 7 = flECO-AFL: Fluorescence, WET Labs ECO-AFL/FL [mg/m^3]
# name 8 = cpar: CPAR/Corrected Irradiance [%]
# name 9 = density00: Density [density, kg/m^3]
# name 10 = potemp090C: Potential Temperature [ITS-90, deg C]
# name 11 = sigma-é00: Density [sigma-theta, kg/m^3]
# name 12 = sbeox0Mg/L: Oxygen, SBE 43 [mg/l]
# name 13 = sbox0Mm/Kg: Oxygen, SBE 43 [umol/kg]
# name 14 = oxsolMg/L: Oxygen Saturation, Garcia & Gordon [mg/l]
# name 15 = oxsolMm/Kg: Oxygen Saturation, Garcia & Gordon [umol/kg]
# name 16 = sbeox0PS: Oxygen, SBE 43 [% saturation]
# name 17 = flag:  0.000e+00
# span 0 =   39.60266,   39.60346       
# span 1 =  -72.75806,  -72.75500       
# span 2 =      1.674,     65.126       
# span 3 =      1.661,     64.619       
# span 4 =     6.0067,     8.0474       
# span 5 =    31.8245,    32.2615       
# span 6 =      7.933,      8.038       
# span 7 =     0.0148,     1.1027       
# span 8 = 5.7940e-14, 4.0936e+00       
# span 9 =  1024.8099,  1025.6823       
# span 10 =     6.0023,     8.0472      
# span 11 =    24.7882,    25.3827      
# span 12 =     9.2566,    10.0285      
# span 13 =    282.113,    305.801      
# span 14 =    9.61569,   10.05611      
# span 15 =  293.21922,  306.48880      
# span 16 =     92.163,    103.801      
# span 17 = 0.0000e+00, 0.0000e+00      
# interval = seconds: 0.0416667
# start_time = Apr 26 2024 22:08:37 [System UTC, first data scan.]
# bad_flag = -9.990e-29
*END*
[from data line 8684]
   39.60306  -72.75682     27.494     27.283     7.4180    31.9614      8.002     0.5252 1.3335e-01  1025.0962     7.4155    24.9701     9.7853    298.347    9.74580  297.14129    100.406 0.0000e+00
   39.60306  -72.75682     27.474     27.262     7.4183    31.9614      8.002     0.5252 1.3335e-01  1025.0961     7.4158    24.9701     9.7849    298.333    9.74560  297.13542    100.403 -9.990e-29
   39.60306  -72.75682     27.474     27.262     7.4183    31.9614      8.002     0.5252 1.3335e-01  1025.0960     7.4158    24.9701     9.7843    298.315    9.74543  297.13019    100.399 -9.990e-29
   39.60306  -72.75682     27.453     27.242     7.4183    31.9615      8.002     0.5252 1.3335e-01  1025.0960     7.4158    24.9702     9.7838    298.299    9.74551  297.13264    100.393 0.0000e+00
   39.60306  -72.75682     27.443     27.232     7.4176    31.9616      8.002     0.5252 1.3357e-01  1025.0964     7.4151    24.9703     9.7827    298.266    9.74522  297.12406    100.384 0.0000e+00
   39.60306  -72.75682     27.432     27.221     7.4181    31.9614      8.002     0.5252 1.3357e-01  1025.0958     7.4156    24.9701     9.7817    298.235    9.74521  297.12389    100.374 0.0000e+00
   39.60306  -72.75682     27.413     27.202     7.4185    31.9611      8.002     0.5252 1.3396e-01  1025.0954     7.4160    24.9698     9.7808    298.209    9.74546  297.13178    100.363 0.0000e+00
   39.60306  -72.75682     27.402     27.191     7.4194    31.9608      8.002     0.5252 1.3435e-01  1025.0952     7.4169    24.9694     9.7806    298.204    9.74566  297.13777    100.359 0.0000e+00
   39.60306  -72.75682     27.392     27.182     7.4204    31.9604      8.002     0.5252 1.3418e-01  1025.0945     7.4179    24.9690     9.7799    298.182    9.74553  297.13328    100.353 0.0000e+00
   39.60306  -72.75682     27.381     27.171     7.4205    31.9598      8.002     0.5252 1.3458e-01  1025.0945     7.4180    24.9685     9.7785    298.139    9.74492  297.11512    100.345 0.0000e+00
   39.60306  -72.75682     27.362     27.151     7.4214    31.9588      8.002     0.5252 1.3441e-01  1025.0928     7.4189    24.9676     9.7836    298.295    9.74465  297.10747    100.400 0.0000e+00
   39.60306  -72.75682     27.341     27.131     7.4215    31.9581      8.002     0.5252 1.3480e-01  1025.0921     7.4190    24.9670     9.7834    298.290    9.74462  297.10661    100.398 0.0000e+00
   39.60306  -72.75682     27.321     27.110     7.4212    31.9579      8.002     0.5252 1.3480e-01  1025.0920     7.4187    24.9669     9.7833    298.285    9.74476  297.11101    100.395 0.0000e+00
   39.60306  -72.75682     27.311     27.101     7.4210    31.9584      8.002     0.5252 1.3536e-01  1025.0922     7.4186    24.9673     9.7776    298.113    9.74494  297.11640    100.335 0.0000e+00
   39.60306  -72.75682     27.281     27.071     7.4205    31.9591      8.002     0.5252 1.3576e-01  1025.0934     7.4180    24.9678     9.7834    298.288    9.74501  297.11809    100.394 0.0000e+00
   39.60306  -72.75682     27.270     27.060     7.4210    31.9593      8.002     0.5252 1.3576e-01  1025.0933     7.4186    24.9680     9.7832    298.281    9.74465  297.10697    100.395 0.0000e+00
   39.60306  -72.75682     27.239     27.030     7.4219    31.9591      8.002     0.5252 1.3576e-01  1025.0926     7.4194    24.9677     9.7827    298.266    9.74419  297.09283    100.395 0.0000e+00
   39.60306  -72.75682     27.219     27.009     7.4222    31.9587      8.002     0.5252 1.3616e-01  1025.0922     7.4197    24.9674     9.7821    298.250    9.74386  297.08297    100.393 0.0000e+00
   39.60306  -72.75682     27.199     26.990     7.4222    31.9585      8.002     0.5252 1.3599e-01  1025.0917     7.4197    24.9672     9.7816    298.233    9.74365  297.07671    100.389 0.0000e+00
   39.60306  -72.75682     27.179     26.970     7.4214    31.9587      8.002     0.5252 1.3638e-01  1025.0918     7.4189    24.9674     9.7800    298.186    9.74347  297.07157    100.375 0.0000e+00
   39.60306  -72.75682     27.148     26.940     7.4212    31.9591      8.002     0.5252 1.3718e-01  1025.0925     7.4187    24.9678     9.7789    298.153    9.74309  297.06005    100.368 0.0000e+00
   39.60306  -72.75682     27.118     26.910     7.4215    31.9596      8.002     0.5252 1.3758e-01  1025.0924     7.4191    24.9681     9.7778    298.119    9.74277  297.05036    100.360 0.0000e+00
   39.60306  -72.75682     27.086     26.878     7.4225    31.9601      8.002     0.5252 1.3758e-01  1025.0925     7.4200    24.9685     9.7768    298.088    9.74270  297.04850    100.350 0.0000e+00
   39.60306  -72.75684     27.077     26.869     7.4223    31.9609      8.002     0.5117 1.3862e-01  1025.0932     7.4199    24.9691     9.7758    298.057    9.74275  297.05022    100.339 0.0000e+00
   39.60306  -72.75684     27.047     26.838     7.4220    31.9616      8.002     0.5117 1.3902e-01  1025.0940     7.4195    24.9696     9.7754    298.045    9.74266  297.04725    100.336 0.0000e+00
   39.60306  -72.75684     27.026     26.818     7.4227    31.9618      8.002     0.4983 1.3885e-01  1025.0937     7.4202    24.9697     9.7741    298.006    9.74272  297.04919    100.322 0.0000e+00
   39.60306  -72.75684     26.996     26.788     7.4236    31.9617      8.002     0.4983 1.3966e-01  1025.0934     7.4212    24.9695     9.7735    297.987    9.74267  297.04791    100.316 0.0000e+00
   39.60306  -72.75684     26.965     26.758     7.4244    31.9615      8.002     0.4983 1.3990e-01  1025.0929     7.4220    24.9693     9.7727    297.965    9.74260  297.04555    100.309 0.0000e+00
   39.60306  -72.75684     26.945     26.737     7.4250    31.9614      8.002     0.4983 1.4013e-01  1025.0924     7.4225    24.9691     9.7782    298.130    9.74254  297.04394    100.366 0.0000e+00
   39.60306  -72.75684     26.914     26.707     7.4252    31.9614      8.002     0.4983 1.4077e-01  1025.0926     7.4228    24.9691     9.7719    297.939    9.74256  297.04442    100.301 0.0000e+00
   39.60306  -72.75684     26.884     26.677     7.4252    31.9615      8.002     0.4983 1.4101e-01  1025.0923     7.4228    24.9691     9.7716    297.928    9.74234  297.03760    100.300 0.0000e+00
   39.60306  -72.75684     26.850     26.643     7.4253    31.9616      8.002     0.4983 1.4083e-01  1025.0924     7.4229    24.9692     9.7701    297.885    9.74208  297.02934    100.288 0.0000e+00
   39.60306  -72.75684     26.833     26.627     7.4256    31.9617      8.002     0.4983 1.4290e-01  1025.0924     7.4231    24.9693     9.7684    297.833    9.74167  297.01714    100.275 0.0000e+00
   39.60306  -72.75684     26.803     26.597     7.4264    31.9616      8.002     0.4983 1.4356e-01  1025.0922     7.4240    24.9691     9.7679    297.818    9.74156  297.01388    100.271 0.0000e+00
   39.60306  -72.75684     26.772     26.567     7.4274    31.9613      8.002     0.4983 1.4380e-01  1025.0914     7.4249    24.9687     9.7675    297.806    9.74167  297.01747    100.266 0.0000e+00
   39.60306  -72.75684     26.752     26.546     7.4279    31.9610      8.002     0.4983 1.4446e-01  1025.0911     7.4255    24.9684     9.7675    297.806    9.74214  297.03190    100.260 0.0000e+00
   39.60306  -72.75684     26.721     26.516     7.4285    31.9607      8.002     0.4983 1.4512e-01  1025.0905     7.4261    24.9680     9.7735    297.989    9.74248  297.04186    100.319 0.0000e+00
   39.60306  -72.75684     26.691     26.486     7.4290    31.9605      8.002     0.4983 1.4555e-01  1025.0901     7.4266    24.9678     9.7734    297.986    9.74225  297.03514    100.320 0.0000e+00
   39.60306  -72.75684     26.659     26.454     7.4300    31.9604      8.002     0.4983 1.4579e-01  1025.0901     7.4276    24.9676     9.7733    297.983    9.74212  297.03130    100.320 0.0000e+00
   39.60306  -72.75684     26.629     26.424     7.4314    31.9601      8.002     0.4983 1.4707e-01  1025.0893     7.4290    24.9672     9.7732    297.979    9.74205  297.02937    100.320 0.0000e+00
   39.60306  -72.75684     26.610     26.405     7.4316    31.9597      8.002     0.4983 1.4689e-01  1025.0887     7.4292    24.9669     9.7730    297.973    9.74207  297.03006    100.318 0.0000e+00
   39.60306  -72.75684     26.578     26.374     7.4313    31.9594      8.002     0.5117 1.4756e-01  1025.0887     7.4289    24.9667     9.7726    297.962    9.74197  297.02662    100.315 0.0000e+00
   39.60306  -72.75684     26.548     26.344     7.4316    31.9593      8.002     0.4983 1.4886e-01  1025.0880     7.4292    24.9666     9.7721    297.945    9.74182  297.02254    100.310 0.0000e+00
   39.60306  -72.75684     26.523     26.319     7.4310    31.9593      8.002     0.4983 1.4911e-01  1025.0885     7.4285    24.9665     9.7778    298.121    9.74186  297.02396    100.369 0.0000e+00
   39.60306  -72.75684     26.497     26.293     7.4323    31.9592      8.002     0.4983 1.4936e-01  1025.0876     7.4299    24.9664     9.7720    297.942    9.74202  297.02847    100.308 0.0000e+00
   39.60306  -72.75684     26.457     26.254     7.4327    31.9594      8.002     0.4983 1.5066e-01  1025.0876     7.4303    24.9665     9.7714    297.923    9.74214  297.03197    100.300 0.0000e+00
   39.60306  -72.75684     26.446     26.243     7.4331    31.9599      8.002     0.5117 1.5048e-01  1025.0880     7.4307    24.9669     9.7713    297.921    9.74205  297.02922    100.300 0.0000e+00
   39.60306  -72.75684     26.416     26.213     7.4319    31.9606      8.002     0.4983 1.5136e-01  1025.0887     7.4295    24.9675     9.7702    297.887    9.74193  297.02561    100.290 0.0000e+00
   39.60306  -72.75684     26.396     26.193     7.4310    31.9611      8.002     0.4849 1.5249e-01  1025.0893     7.4286    24.9680     9.7760    298.065    9.74165  297.01718    100.353 0.0000e+00
   39.60306  -72.75684     26.365     26.162     7.4318    31.9613      8.002     0.4849 1.5294e-01  1025.0892     7.4294    24.9681     9.7701    297.884    9.74138  297.00908    100.295 0.0000e+00
   39.60306  -72.75684     26.345     26.143     7.4327    31.9613      8.007     0.4849 1.5320e-01  1025.0886     7.4303    24.9681     9.7760    298.066    9.74142  297.01021    100.355 0.0000e+00
   39.60306  -72.75684     26.310     26.107     7.4321    31.9612      8.002     0.4849 1.5454e-01  1025.0891     7.4297    24.9679     9.7706    297.900    9.74173  297.01974    100.296 0.0000e+00
   39.60306  -72.75684     26.304     26.102     7.4337    31.9605      8.002     0.4849 1.5525e-01  1025.0879     7.4313    24.9673     9.7766    298.083    9.74195  297.02651    100.356 0.0000e+00
   39.60306  -72.75684     26.264     26.062     7.4342    31.9597      8.002     0.4849 1.5506e-01  1025.0867     7.4318    24.9667     9.7769    298.092    9.74197  297.02690    100.358 0.0000e+00
   39.60306  -72.75684     26.243     26.042     7.4331    31.9594      8.002     0.4849 1.5596e-01  1025.0866     7.4307    24.9664     9.7768    298.089    9.74177  297.02108    100.359 0.0000e+00
   39.60306  -72.75684     26.223     26.021     7.4321    31.9596      8.002     0.4849 1.5668e-01  1025.0869     7.4297    24.9666     9.7769    298.092    9.74183  297.02294    100.360 0.0000e+00
   39.60306  -72.75684     26.202     26.001     7.4324    31.9597      8.007     0.4849 1.5668e-01  1025.0875     7.4300    24.9666     9.7769    298.091    9.74186  297.02374    100.359 0.0000e+00
   39.60306  -72.75684     26.172     25.971     7.4355    31.9590      8.002     0.4849 1.5805e-01  1025.0859     7.4331    24.9658     9.7768    298.088    9.74195  297.02642    100.358 0.0000e+00
   39.60306  -72.75684     26.157     25.956     7.4372    31.9579      8.002     0.4849 1.5897e-01  1025.0842     7.4348    24.9648     9.7767    298.085    9.74210  297.03114    100.355 0.0000e+00
   39.60306  -72.75684     26.132     25.931     7.4375    31.9571      8.002     0.4849 1.5943e-01  1025.0838     7.4351    24.9641     9.7835    298.294    9.74215  297.03203    100.425 0.0000e+00
   39.60306  -72.75684     26.111     25.911     7.4370    31.9569      8.002     0.4849 1.6016e-01  1025.0834     7.4346    24.9639     9.7846    298.326    9.74192  297.02511    100.438 0.0000e+00
   39.60306  -72.75684     26.091     25.890     7.4361    31.9573      8.002     0.4849 1.6156e-01  1025.0836     7.4337    24.9643     9.7792    298.161    9.74160  297.01571    100.386 0.0000e+00
   39.60306  -72.75684     26.070     25.870     7.4353    31.9584      8.002     0.4849 1.6136e-01  1025.0849     7.4330    24.9652     9.7784    298.138    9.74159  297.01529    100.378 0.0000e+00
   39.60306  -72.75684     26.051     25.850     7.4364    31.9595      8.002     0.4849 1.6230e-01  1025.0860     7.4341    24.9660     9.7786    298.142    9.74159  297.01504    100.379 0.0000e+00
   39.60306  -72.75684     26.040     25.839     7.4385    31.9598      8.002     0.4849 1.6352e-01  1025.0858     7.4361    24.9660     9.7781    298.129    9.74117  297.00261    100.379 0.0000e+00
   39.60306  -72.75684     26.005     25.805     7.4403    31.9594      8.002     0.4849 1.6352e-01  1025.0846     7.4379    24.9655     9.7844    298.319    9.74119  297.00290    100.443 0.0000e+00
   39.60306  -72.75684     25.979     25.779     7.4413    31.9590      8.002     0.4849 1.6400e-01  1025.0841     7.4389    24.9650     9.7854    298.350    9.74141  297.00959    100.451 0.0000e+00
   39.60306  -72.75684     25.969     25.770     7.4422    31.9586      8.002     0.4849 1.6475e-01  1025.0836     7.4398    24.9645     9.7858    298.363    9.74124  297.00455    100.458 0.0000e+00
   39.60306  -72.75684     25.938     25.738     7.4440    31.9583      8.007     0.4849 1.6455e-01  1025.0828     7.4417    24.9641     9.7859    298.366    9.74085  296.99298    100.462 0.0000e+00
   39.60306  -72.75684     25.918     25.719     7.4453    31.9581      8.007     0.4849 1.6503e-01  1025.0830     7.4429    24.9638     9.7799    298.185    9.74077  296.99076    100.402 0.0000e+00
   39.60306  -72.75684     25.892     25.693     7.4460    31.9575      8.007     0.4849 1.6578e-01  1025.0818     7.4436    24.9632     9.7857    298.362    9.74086  296.99303    100.461 0.0000e+00
   39.60308  -72.75686     25.877     25.678     7.4460    31.9569      8.002     0.4849 1.6627e-01  1025.0811     7.4436    24.9627     9.7857    298.359    9.74059  296.98493    100.463 0.0000e+00
   39.60308  -72.75686     25.867     25.669     7.4464    31.9565      8.007     0.4849 1.6627e-01  1025.0809     7.4441    24.9623     9.7857    298.361    9.74051  296.98272    100.464 0.0000e+00
   39.60308  -72.75686     25.837     25.639     7.4463    31.9563      8.002     0.4983 1.6723e-01  1025.0805     7.4439    24.9622     9.7921    298.555    9.74060  296.98571    100.528 0.0000e+00
   39.60308  -72.75686     25.807     25.608     7.4464    31.9563      8.007     0.4983 1.6751e-01  1025.0804     7.4441    24.9622     9.7867    298.390    9.74069  296.98830    100.472 0.0000e+00
   39.60308  -72.75686     25.796     25.598     7.4466    31.9564      8.002     0.4983 1.6800e-01  1025.0807     7.4443    24.9622     9.7864    298.382    9.74072  296.98876    100.469 0.0000e+00
   39.60308  -72.75686     25.781     25.583     7.4471    31.9564      8.002     0.4983 1.6828e-01  1025.0799     7.4448    24.9622     9.7859    298.367    9.74060  296.98505    100.465 0.0000e+00
   39.60308  -72.75686     25.766     25.567     7.4468    31.9567      8.007     0.5117 1.6877e-01  1025.0806     7.4444    24.9624     9.7925    298.568    9.74050  296.98200    100.534 0.0000e+00
   39.60308  -72.75686     25.735     25.537     7.4476    31.9573      8.002     0.4983 1.6877e-01  1025.0808     7.4453    24.9628     9.7862    298.376    9.74019  296.97271    100.472 0.0000e+00
