CalculateIndicators/WaterTemperature/Data/CTD_NYOS/20240710_C20.cnv
* Sea-Bird SBE 9 Data File:
* FileName = C:\Seabird 9 CTD\Data\2024\202407_offshore\20240710_C20.hex
* Software Version Seasave V 7.23.2
* Temperature SN = 4590
* Conductivity SN = 3228
* Number of Bytes Per Scan = 44
* Number of Voltage Words = 5
* Number of Scans Averaged by the Deck Unit = 1
* NMEA Latitude = 40 46.58 N
* NMEA Longitude = 072 34.70 W
* NMEA UTC (Time) = Jul 10 2024  11:36:48
* NMEA baud rate = 4800
** Ship: seawolf
** Station: 10.1
** Operator: TCM
# nquan = 18
# nvalues = 8899                        
# units = specified
# name 0 = latitude: Latitude [deg]
# name 1 = longitude: Longitude [deg]
# name 2 = prDM: Pressure, Digiquartz [db]
# name 3 = depSM: Depth [salt water, m]
# name 4 = t090C: Temperature [ITS-90, deg C]
# name 5 = sal00: Salinity, Practical [PSU]
# name 6 = ph: pH
# name 7 = flECO-AFL: Fluorescence, WET Labs ECO-AFL/FL [mg/m^3]
# name 8 = cpar: CPAR/Corrected Irradiance [%]
# name 9 = density00: Density [density, kg/m^3]
# name 10 = potemp090C: Potential Temperature [ITS-90, deg C]
# name 11 = sigma-é00: Density [sigma-theta, kg/m^3]
# name 12 = sbeox0Mg/L: Oxygen, SBE 43 [mg/l]
# name 13 = sbox0Mm/Kg: Oxygen, SBE 43 [umol/kg]
# name 14 = oxsolMg/L: Oxygen Saturation, Garcia & Gordon [mg/l]
# name 15 = oxsolMm/Kg: Oxygen Saturation, Garcia & Gordon [umol/kg]
# name 16 = sbeox0PS: Oxygen, SBE 43 [% saturation]
# name 17 = flag:  0.000e+00
# span 0 =   40.77646,   40.77704       
# span 1 =  -72.57880,  -72.57846       
# span 2 =      1.510,     19.108       
# span 3 =      1.498,     18.960       
# span 4 =    15.4791,    20.6589       
# span 5 =    29.5589,    30.4117       
# span 6 =      8.006,      8.107       
# span 7 =     0.8878,     1.7071       
# span 8 = 8.8758e-02, 3.2802e+01       
# span 9 =  1020.4404,  1022.4151       
# span 10 =    15.4763,    20.6585      
# span 11 =    20.4681,    22.3304      
# span 12 =     7.4327,     9.1484      
# span 13 =    227.210,    279.830      
# span 14 =    7.52831,    8.28909      
# span 15 =  230.48438,  253.38187      
# span 16 =     89.831,    114.945      
# span 17 = 0.0000e+00, 0.0000e+00      
# interval = seconds: 0.0416667
# start_time = Jul 10 2024 11:36:48 [System UTC, first data scan.]
# bad_flag = -9.990e-29
*END*
[from data line 8443]
   40.77700  -72.57878      2.270      2.252    20.6260    29.9392      8.070     0.9818 2.1712e+01  1020.7544    20.6256    20.7447     8.1212    248.634    7.53257  230.61217    107.815 -9.990e-29
   40.77700  -72.57878      2.259      2.241    20.6258    29.9392      8.065     0.9818 2.1712e+01  1020.7546    20.6254    20.7447     8.1222    248.663    7.53258  230.61260    107.827 -9.990e-29
   40.77700  -72.57878      2.270      2.252    20.6258    29.9391      8.070     0.9818 2.1773e+01  1020.7544    20.6254    20.7446     8.1231    248.692    7.53257  230.61217    107.840 -9.990e-29
   40.77700  -72.57878      2.279      2.262    20.6257    29.9391      8.070     0.9818 2.1896e+01  1020.7543    20.6253    20.7445     8.1285    248.857    7.53260  230.61321    107.911 -9.990e-29
   40.77700  -72.57878      2.270      2.252    20.6256    29.9391      8.070     0.9684 2.1896e+01  1020.7544    20.6252    20.7446     8.1298    248.897    7.53260  230.61320    107.928 -9.990e-29
   40.77700  -72.57878      2.270      2.252    20.6256    29.9391      8.070     0.9818 2.1773e+01  1020.7546    20.6252    20.7447     8.1307    248.924    7.53260  230.61303    107.940 -9.990e-29
   40.77700  -72.57878      2.279      2.262    20.6257    29.9391      8.070     0.9818 2.1651e+01  1020.7545    20.6253    20.7447     8.1364    249.098    7.53260  230.61303    108.016 -9.990e-29
   40.77700  -72.57878      2.279      2.262    20.6256    29.9392      8.070     0.9818 2.1590e+01  1020.7545    20.6252    20.7447     8.1331    248.998    7.53258  230.61246    107.973 -9.990e-29
   40.77700  -72.57878      2.290      2.273    20.6257    29.9393      8.065     0.9818 2.1530e+01  1020.7548    20.6253    20.7448     8.1383    249.158    7.53256  230.61173    108.042 -9.990e-29
   40.77700  -72.57878      2.289      2.271    20.6256    29.9393      8.065     0.9818 2.1409e+01  1020.7548    20.6252    20.7449     8.1350    249.055    7.53252  230.61046    107.998 -9.990e-29
   40.77700  -72.57878      2.289      2.271    20.6255    29.9393      8.065     0.9818 2.1349e+01  1020.7549    20.6251    20.7449     8.1401    249.212    7.53248  230.60946    108.067 -9.990e-29
   40.77700  -72.57878      2.300      2.282    20.6255    29.9393      8.070     0.9818 2.1349e+01  1020.7549    20.6251    20.7449     8.1411    249.243    7.53246  230.60861    108.081 -9.990e-29
   40.77700  -72.57878      2.310      2.292    20.6256    29.9393      8.065     0.9818 2.1289e+01  1020.7547    20.6252    20.7448     8.1377    249.137    7.53244  230.60804    108.035 -9.990e-29
   40.77700  -72.57878      2.300      2.282    20.6255    29.9393      8.070     0.9818 2.1289e+01  1020.7549    20.6251    20.7448     8.1423    249.278    7.53238  230.60629    108.097 -9.990e-29
   40.77700  -72.57878      2.341      2.323    20.6258    29.9393      8.070     0.9818 2.1349e+01  1020.7550    20.6254    20.7448     8.1387    249.169    7.53237  230.60610    108.050 -9.990e-29
   40.77700  -72.57878      2.319      2.301    20.6258    29.9392      8.070     0.9818 2.1469e+01  1020.7548    20.6254    20.7447     8.1436    249.320    7.53235  230.60554    108.116 -9.990e-29
   40.77700  -72.57878      2.340      2.322    20.6258    29.9392      8.065     0.9684 2.1590e+01  1020.7548    20.6254    20.7447     8.1441    249.334    7.53235  230.60551    108.121 -9.990e-29
   40.77700  -72.57878      2.330      2.312    20.6260    29.9392      8.070     0.9818 2.1590e+01  1020.7547    20.6256    20.7447     8.1445    249.346    7.53237  230.60627    108.126 -9.990e-29
   40.77700  -72.57878      2.351      2.333    20.6256    29.9392      8.070     0.9818 2.1773e+01  1020.7549    20.6252    20.7447     8.1448    249.355    7.53235  230.60542    108.131 -9.990e-29
   40.77700  -72.57878      2.360      2.342    20.6258    29.9393      8.070     0.9818 2.1963e+01  1020.7550    20.6254    20.7448     8.1451    249.365    7.53240  230.60708    108.134 -9.990e-29
   40.77700  -72.57878      2.351      2.333    20.6256    29.9393      8.070     0.9818 2.2025e+01  1020.7551    20.6252    20.7448     8.1452    249.370    7.53238  230.60642    108.136 -9.990e-29
   40.77700  -72.57878      2.360      2.342    20.6258    29.9393      8.065     0.9818 2.1963e+01  1020.7549    20.6254    20.7448     8.1454    249.374    7.53239  230.60674    108.138 -9.990e-29
   40.77700  -72.57878      2.370      2.352    20.6258    29.9393      8.070     0.9818 2.1901e+01  1020.7551    20.6254    20.7449     8.1455    249.376    7.53239  230.60666    108.139 -9.990e-29
   40.77700  -72.57878      2.381      2.363    20.6256    29.9393      8.070     0.9818 2.1840e+01  1020.7554    20.6252    20.7449     8.1455    249.377    7.53241  230.60756    108.139 -9.990e-29
   40.77702  -72.57878      2.381      2.363    20.6258    29.9393      8.070     0.9684 2.1717e+01  1020.7550    20.6254    20.7448     8.1451    249.364    7.53244  230.60824    108.133 -9.990e-29
   40.77702  -72.57878      2.381      2.363    20.6258    29.9393      8.070     0.9818 2.1595e+01  1020.7551    20.6254    20.7448     8.1490    249.484    7.53243  230.60799    108.186 -9.990e-29
   40.77702  -72.57878      2.381      2.363    20.6255    29.9393      8.070     0.9818 2.1535e+01  1020.7551    20.6251    20.7448     8.1447    249.354    7.53246  230.60896    108.128 -9.990e-29
   40.77702  -72.57878      2.400      2.382    20.6258    29.9396      8.065     0.9818 2.1294e+01  1020.7553    20.6254    20.7450     8.1489    249.481    7.53246  230.60887    108.184 -9.990e-29
   40.77702  -72.57878      2.391      2.372    20.6256    29.9396      8.070     0.9818 2.0937e+01  1020.7558    20.6252    20.7452     8.1489    249.481    7.53247  230.60930    108.184 -9.990e-29
   40.77702  -72.57878      2.400      2.382    20.6260    29.9396      8.070     0.9818 2.0820e+01  1020.7556    20.6256    20.7451     8.1488    249.479    7.53246  230.60897    108.183 -9.990e-29
   40.77702  -72.57878      2.402      2.383    20.6262    29.9396      8.070     0.9818 2.0645e+01  1020.7553    20.6258    20.7449     8.1487    249.475    7.53248  230.60936    108.181 -9.990e-29
   40.77702  -72.57878      2.400      2.382    20.6264    29.9396      8.070     0.9818 2.0186e+01  1020.7551    20.6259    20.7448     8.1485    249.469    7.53251  230.61030    108.178 -9.990e-29
   40.77702  -72.57878      2.421      2.402    20.6263    29.9396      8.070     0.9684 2.0072e+01  1020.7553    20.6259    20.7448     8.1527    249.596    7.53252  230.61071    108.233 -9.990e-29
   40.77702  -72.57878      2.411      2.393    20.6265    29.9396      8.070     0.9818 2.0016e+01  1020.7553    20.6261    20.7449     8.1526    249.596    7.53252  230.61078    108.232 -9.990e-29
   40.77702  -72.57878      2.421      2.402    20.6264    29.9396      8.070     0.9818 2.0016e+01  1020.7554    20.6259    20.7449     8.1484    249.467    7.53250  230.61018    108.177 -9.990e-29
   40.77702  -72.57878      2.400      2.382    20.6267    29.9395      8.070     0.9684 1.9960e+01  1020.7552    20.6263    20.7447     8.1479    249.450    7.53249  230.60992    108.170 -9.990e-29
   40.77702  -72.57878      2.441      2.423    20.6269    29.9393      8.070     0.9549 2.0016e+01  1020.7549    20.6264    20.7445     8.1521    249.580    7.53253  230.61084    108.226 -9.990e-29
   40.77702  -72.57878      2.432      2.413    20.6269    29.9393      8.070     0.9549 2.0129e+01  1020.7550    20.6264    20.7444     8.1522    249.581    7.53253  230.61110    108.226 -9.990e-29
   40.77702  -72.57878      2.432      2.413    20.6269    29.9393      8.070     0.9549 2.0186e+01  1020.7549    20.6264    20.7445     8.1521    249.581    7.53254  230.61126    108.226 -9.990e-29
   40.77702  -72.57878      2.432      2.413    20.6267    29.9394      8.070     0.9549 2.0186e+01  1020.7552    20.6263    20.7446     8.1521    249.580    7.53260  230.61333    108.225 -9.990e-29
   40.77702  -72.57878      2.441      2.423    20.6267    29.9394      8.070     0.9549 2.0357e+01  1020.7554    20.6262    20.7447     8.1564    249.711    7.53261  230.61360    108.281 -9.990e-29
   40.77702  -72.57878      2.441      2.423    20.6267    29.9394      8.070     0.9549 2.0472e+01  1020.7553    20.6262    20.7446     8.1521    249.579    7.53264  230.61449    108.223 -9.990e-29
   40.77702  -72.57878      2.441      2.423    20.6271    29.9394      8.070     0.9549 2.0472e+01  1020.7550    20.6266    20.7446     8.1517    249.568    7.53262  230.61392    108.219 -9.990e-29
   40.77702  -72.57878      2.441      2.423    20.6267    29.9394      8.070     0.9549 2.0472e+01  1020.7553    20.6262    20.7445     8.1513    249.556    7.53267  230.61532    108.213 -9.990e-29
   40.77702  -72.57878      2.441      2.423    20.6272    29.9393      8.070     0.9549 2.0472e+01  1020.7549    20.6268    20.7444     8.1508    249.541    7.53268  230.61564    108.206 -9.990e-29
   40.77702  -72.57878      2.441      2.423    20.6272    29.9392      8.070     0.9549 2.0529e+01  1020.7550    20.6268    20.7443     8.1507    249.535    7.53269  230.61575    108.204 -9.990e-29
   40.77702  -72.57878      2.441      2.423    20.6271    29.9390      8.070     0.9549 2.0529e+01  1020.7548    20.6266    20.7442     8.1460    249.391    7.53270  230.61612    108.141 -9.990e-29
   40.77702  -72.57878      2.441      2.423    20.6272    29.9388      8.070     0.9415 2.0529e+01  1020.7545    20.6268    20.7440     8.1498    249.508    7.53274  230.61748    108.191 -9.990e-29
   40.77702  -72.57878      2.441      2.423    20.6271    29.9388      8.070     0.9549 2.0529e+01  1020.7545    20.6266    20.7440     8.1494    249.497    7.53274  230.61754    108.187 -9.990e-29
   40.77702  -72.57878      2.432      2.413    20.6269    29.9388      8.070     0.9549 2.0529e+01  1020.7547    20.6264    20.7440     8.1490    249.484    7.53275  230.61760    108.181 -9.990e-29
   40.77702  -72.57878      2.451      2.432    20.6271    29.9388      8.070     0.9549 2.0587e+01  1020.7545    20.6266    20.7441     8.1485    249.469    7.53274  230.61746    108.174 -9.990e-29
   40.77702  -72.57878      2.441      2.423    20.6267    29.9390      8.070     0.9549 2.0587e+01  1020.7549    20.6262    20.7443     8.1480    249.453    7.53278  230.61855    108.167 -9.990e-29
   40.77702  -72.57878      2.441      2.423    20.6265    29.9393      8.065     0.9549 2.0587e+01  1020.7553    20.6261    20.7446     8.1478    249.446    7.53279  230.61887    108.164 -9.990e-29
   40.77702  -72.57878      2.441      2.423    20.6265    29.9395      8.070     0.9549 2.0529e+01  1020.7554    20.6261    20.7448     8.1431    249.303    7.53282  230.61976    108.101 -9.990e-29
   40.77702  -72.57878      2.441      2.423    20.6265    29.9396      8.070     0.9549 2.0592e+01  1020.7554    20.6261    20.7449     8.1424    249.282    7.53282  230.61983    108.092 -9.990e-29
   40.77702  -72.57878      2.441      2.423    20.6265    29.9398      8.070     0.9549 2.0534e+01  1020.7556    20.6261    20.7450     8.1421    249.273    7.53284  230.62043    108.088 -9.990e-29
   40.77702  -72.57878      2.441      2.423    20.6267    29.9400      8.070     0.9549 2.0534e+01  1020.7556    20.6262    20.7451     8.1414    249.251    7.53284  230.62043    108.078 -9.990e-29
   40.77702  -72.57878      2.441      2.423    20.6269    29.9400 -9.990e-29     0.9549 2.0477e+01  1020.7558    20.6264    20.7451     8.1410    249.240    7.53287  230.62126    108.073 -9.990e-29
   40.77702  -72.57878      2.441      2.423    20.6272    29.9400 -9.990e-29     0.9549 2.0477e+01  1020.7555    20.6268    20.7450     8.1403    249.217    7.53286  230.62082    108.063 -9.990e-29
   40.77702  -72.57878      2.441      2.423    20.6274    29.9400 -9.990e-29     0.9549 2.0362e+01  1020.7555    20.6270    20.7449     8.1399    249.205    7.53287  230.62125    108.058 -9.990e-29
   40.77702  -72.57878      2.441      2.423    20.6276    29.9400 -9.990e-29     0.9818 2.0305e+01  1020.7554    20.6271    20.7448     8.1350    249.055    7.53288  230.62131    107.993 -9.990e-29
   40.77702  -72.57878      2.432      2.413    20.6279    29.9399 -9.990e-29     0.9952 2.0305e+01  1020.7554    20.6275    20.7447     8.1338    249.018    7.53282  230.61973    107.978 -9.990e-29
   40.77702  -72.57878      2.432      2.413    20.6281    29.9397 -9.990e-29     0.9952 2.0134e+01  1020.7550    20.6277    20.7445     8.1329    248.992    7.53279  230.61880    107.967 -9.990e-29
   40.77702  -72.57878      2.432      2.413    20.6283    29.9395 -9.990e-29     0.9952 2.0021e+01  1020.7549    20.6278    20.7443     8.1317    248.955    7.53278  230.61831    107.951 -9.990e-29
   40.77702  -72.57878      2.421      2.402    20.6285    29.9393 -9.990e-29     0.9952 2.0021e+01  1020.7545    20.6280    20.7441     8.1308    248.928    7.53275  230.61757    107.940 -9.990e-29
   40.77702  -72.57878      2.411      2.393    20.6283    29.9392 -9.990e-29     0.9952 1.9909e+01  1020.7545    20.6279    20.7440     8.1300    248.902    7.53271  230.61614    107.929 -9.990e-29
   40.77702  -72.57878      2.411      2.393    20.6285    29.9392 -9.990e-29     0.9952 1.9853e+01  1020.7545    20.6280    20.7440     8.1291    248.876    7.53269  230.61579    107.918 -9.990e-29
   40.77702  -72.57878      2.402      2.383    20.6281    29.9391 -9.990e-29     0.9952 1.9858e+01  1020.7544    20.6277    20.7440     8.1283    248.851    7.53271  230.61635    107.907 -9.990e-29
   40.77702  -72.57878      2.391      2.372    20.6283    29.9391 -9.990e-29     0.9952 1.9802e+01  1020.7543    20.6279    20.7440     8.1275    248.826    7.53269  230.61586    107.896 -9.990e-29
   40.77702  -72.57878      2.391      2.372    20.6281    29.9391 -9.990e-29     0.9952 1.9746e+01  1020.7545    20.6277    20.7440     8.1222    248.663    7.53265  230.61452    107.826 -9.990e-29
   40.77702  -72.57878      2.370      2.352    20.6283    29.9390 -9.990e-29     0.9952 1.9746e+01  1020.7541    20.6279    20.7439     8.1254    248.762    7.53264  230.61434    107.869 -9.990e-29
   40.77702  -72.57878      2.370      2.352    20.6281    29.9389 -9.990e-29     0.9952 1.9691e+01  1020.7540    20.6277    20.7438     8.1246    248.737    7.53262  230.61359    107.859 -9.990e-29
   40.77702  -72.57878      2.351      2.333    20.6279    29.9389 -9.990e-29     0.9952 1.9746e+01  1020.7541    20.6275    20.7439     8.1194    248.577    7.53265  230.61451    107.789 -9.990e-29
   40.77702  -72.57878      2.351      2.333    20.6279    29.9389 -9.990e-29     0.9952 1.9746e+01  1020.7542    20.6275    20.7439     8.1182    248.541    7.53264  230.61419    107.774 -9.990e-29
   40.77702  -72.57878      2.340      2.322    20.6278    29.9389 -9.990e-29     0.9952 1.9636e+01  1020.7540    20.6274    20.7439     8.1174    248.516    7.53259  230.61285    107.764 -9.990e-29
   40.77702  -72.57878      2.330      2.312    20.6278    29.9389 -9.990e-29     0.9952 1.9416e+01  1020.7540    20.6274    20.7440     8.1163    248.483    7.53260  230.61293    107.749 -9.990e-29
   40.77702  -72.57878      2.310      2.292    20.6276    29.9391 -9.990e-29     0.9952 1.9307e+01  1020.7542    20.6272    20.7441     8.1156    248.463    7.53263  230.61412    107.740 -9.990e-29
   40.77702  -72.57878      2.310      2.292    20.6276    29.9393 -9.990e-29     0.9952 1.9253e+01  1020.7543    20.6272    20.7443     8.1149    248.441    7.53260  230.61302    107.731 -9.990e-29
   40.77702  -72.57878      2.289      2.271    20.6274    29.9393 -9.990e-29     0.9952 1.8984e+01  1020.7544    20.6270    20.7444     8.1143    248.423    7.53261  230.61352    107.722 -9.990e-29
