CalculateIndicators/WaterTemperature/Data/CTD_NYOS/20240427_C17.cnv
* Sea-Bird SBE 9 Data File:
* FileName = C:\Seabird 9 CTD\Data\2024\202404_offshore\20240427_C17.hex
* Software Version Seasave V 7.23.2
* Temperature SN = 4590
* Conductivity SN = 3228
* Number of Bytes Per Scan = 44
* Number of Voltage Words = 5
* Number of Scans Averaged by the Deck Unit = 1
* NMEA Latitude = 40 13.47 N
* NMEA Longitude = 072 41.56 W
* NMEA UTC (Time) = Apr 27 2024  22:15:55
* NMEA baud rate = 4800
** Ship: Seawolf
** Station: 9.3
** Operator: TDK
# nquan = 18
# nvalues = 14204                       
# units = specified
# name 0 = latitude: Latitude [deg]
# name 1 = longitude: Longitude [deg]
# name 2 = prDM: Pressure, Digiquartz [db]
# name 3 = depSM: Depth [salt water, m]
# name 4 = t090C: Temperature [ITS-90, deg C]
# name 5 = sal00: Salinity, Practical [PSU]
# name 6 = ph: pH
# name 7 = flECO-AFL: Fluorescence, WET Labs ECO-AFL/FL [mg/m^3]
# name 8 = cpar: CPAR/Corrected Irradiance [%]
# name 9 = density00: Density [density, kg/m^3]
# name 10 = potemp090C: Potential Temperature [ITS-90, deg C]
# name 11 = sigma-é00: Density [sigma-theta, kg/m^3]
# name 12 = sbeox0Mg/L: Oxygen, SBE 43 [mg/l]
# name 13 = sbox0Mm/Kg: Oxygen, SBE 43 [umol/kg]
# name 14 = oxsolMg/L: Oxygen Saturation, Garcia & Gordon [mg/l]
# name 15 = oxsolMm/Kg: Oxygen Saturation, Garcia & Gordon [umol/kg]
# name 16 = sbeox0PS: Oxygen, SBE 43 [% saturation]
# name 17 = flag:  0.000e+00
# span 0 =   40.22466,   40.22682       
# span 1 =  -72.69304,  -72.69280       
# span 2 =      1.845,     50.142       
# span 3 =      1.830,     49.751       
# span 4 =     6.3003,     8.8913       
# span 5 =    30.9309,    31.9037       
# span 6 =      7.913,      8.096       
# span 7 =     0.0551,     5.3872       
# span 8 = 2.9964e-13, 2.9968e+01       
# span 9 =  1023.9642,  1025.2410       
# span 10 =     6.2983,     8.8907      
# span 11 =    23.9540,    25.0168      
# span 12 =     8.2437,    10.6120      
# span 13 =    251.578,    323.704      
# span 14 =    9.48690,   10.02534      
# span 15 =  289.51393,  305.69680      
# span 16 =     86.855,    108.842      
# span 17 = 0.0000e+00, 0.0000e+00      
# interval = seconds: 0.0416667
# start_time = Apr 27 2024 22:15:55 [System UTC, first data scan.]
# bad_flag = -9.990e-29
*END*
[from data line 7076]
   40.22574  -72.69288     26.231     26.028     6.5134    31.7105      7.927     0.9147 6.1121e-01  1025.0123     6.5112    24.8913     9.0670    276.471   10.02078  305.55496     90.482 0.0000e+00
   40.22574  -72.69288     26.205     26.002     6.5131    31.7103      7.927     0.9147 6.1660e-01  1025.0125     6.5109    24.8912     9.0602    276.265   10.02082  305.55633     90.414 0.0000e+00
   40.22574  -72.69288     26.165     25.963     6.5125    31.7093      7.927     0.9147 6.2022e-01  1025.0113     6.5103    24.8905     9.0648    276.404   10.02085  305.55700     90.459 0.0000e+00
   40.22574  -72.69288     26.154     25.952     6.5116    31.7080      7.927     0.9147 6.2022e-01  1025.0099     6.5095    24.8896     9.0640    276.381   10.02088  305.55784     90.451 0.0000e+00
   40.22574  -72.69288     26.114     25.912     6.5102    31.7064      7.927     0.9147 6.2386e-01  1025.0092     6.5080    24.8885     9.0635    276.365   10.02085  305.55683     90.446 0.0000e+00
   40.22574  -72.69288     26.094     25.892     6.5087    31.7043      7.927     0.9147 6.2569e-01  1025.0078     6.5065    24.8871     9.0567    276.157   10.02082  305.55577     90.378 0.0000e+00
   40.22574  -72.69288     26.058     25.856     6.5065    31.7019      7.927     0.9147 6.2752e-01  1025.0048     6.5043    24.8855     9.0546    276.095   10.02078  305.55442     90.359 0.0000e+00
   40.22574  -72.69288     26.043     25.841     6.5040    31.7002      7.927     0.9147 6.3305e-01  1025.0045     6.5018    24.8843     9.0538    276.070   10.02069  305.55182     90.351 0.0000e+00
   40.22574  -72.69288     26.003     25.801     6.5024    31.6979      7.927     0.9147 6.3676e-01  1025.0042     6.5002    24.8829     9.0458    275.825   10.02063  305.54974     90.272 0.0000e+00
   40.22574  -72.69288     25.992     25.791     6.4984    31.6936      7.927     0.8341 6.3676e-01  1025.0000     6.4962    24.8799     9.0436    275.757   10.02058  305.54812     90.250 0.0000e+00
   40.22574  -72.69288     25.952     25.751     6.4930    31.6889      7.927     0.6326 6.4049e-01  1024.9950     6.4909    24.8767     9.0416    275.697   10.02047  305.54462     90.231 0.0000e+00
   40.22574  -72.69288     25.931     25.730     6.4901    31.6864      7.927     0.5654 6.4613e-01  1024.9940     6.4880    24.8751     9.0398    275.643   10.02028  305.53901     90.215 0.0000e+00
   40.22574  -72.69288     25.916     25.715     6.4895    31.6851      7.927     0.5654 6.4613e-01  1024.9948     6.4873    24.8743     9.0383    275.598   10.02012  305.53402     90.202 0.0000e+00
   40.22574  -72.69288     25.890     25.689     6.4885    31.6830      7.927     0.5789 6.4991e-01  1024.9923     6.4864    24.8730     9.0307    275.366   10.02003  305.53134     90.127 0.0000e+00
   40.22574  -72.69288     25.850     25.650     6.4837    31.6792      7.927     0.5789 6.5563e-01  1024.9909     6.4816    24.8705     9.0355    275.511   10.01998  305.52980     90.175 -9.990e-29
   40.22574  -72.69288     25.850     25.650     6.4762    31.6731      7.927     0.5789 6.5563e-01  1024.9864     6.4741    24.8667     9.0285    275.299   10.01992  305.52813     90.106 -9.990e-29
   40.22574  -72.69288     25.809     25.609     6.4648    31.6686      7.927     0.5789 6.5947e-01  1024.9782     6.4626    24.8643     9.0274    275.264   10.01983  305.52547     90.095 0.0000e+00
   40.22574  -72.69288     25.794     25.594     6.4528    31.6711      7.927     0.5789 6.6333e-01  1024.9850     6.4507    24.8674     9.0256    275.209   10.01978  305.52377     90.078 0.0000e+00
   40.22574  -72.69288     25.758     25.558     6.4497    31.6745      7.927     0.5789 6.6527e-01  1024.9970     6.4476    24.8708     9.0251    275.193   10.01971  305.52172     90.073 -9.990e-29
   40.22574  -72.69288     25.758     25.558     6.4502    31.6677      7.927     0.5789 6.6527e-01  1024.9885     6.4481    24.8660     9.0184    274.989   10.01965  305.52000     90.007 -9.990e-29
   40.22574  -72.69288     25.727     25.528     6.4388    31.6531      7.927     0.5654 6.7111e-01  1024.9713     6.4366    24.8556     9.0175    274.963   10.01953  305.51611     89.999 0.0000e+00
   40.22574  -72.69288     25.708     25.509     6.4240    31.6420      7.922     0.5789 6.7307e-01  1024.9628     6.4219    24.8485     9.0159    274.913   10.01927  305.50773     89.986 0.0000e+00
   40.22574  -72.69288     25.693     25.494     6.4099    31.6392      7.927     0.5789 6.7504e-01  1024.9644     6.4077    24.8478     9.0146    274.874   10.01906  305.50096     89.975 0.0000e+00
   40.22574  -72.69288     25.667     25.468     6.3995    31.6413      7.927     0.5789 6.7899e-01  1024.9701     6.3973    24.8508     9.0083    274.681   10.01896  305.49828     89.912 0.0000e+00
   40.22574  -72.69288     25.657     25.458     6.3921    31.6429      7.922     0.5789 6.7899e-01  1024.9728     6.3900    24.8533     9.0070    274.642   10.01900  305.49987     89.899 0.0000e+00
   40.22574  -72.69288     25.646     25.448     6.3826    31.6436      7.927     0.5654 6.8097e-01  1024.9718     6.3805    24.8549     9.0063    274.619   10.01921  305.50657     89.890 0.0000e+00
   40.22574  -72.69288     25.627     25.428     6.3738    31.6461      7.927     0.5789 6.8495e-01  1024.9749     6.3716    24.8578     9.0058    274.605   10.01930  305.50923     89.884 0.0000e+00
   40.22574  -72.69288     25.621     25.423     6.3688    31.6507      7.922     0.5789 6.8695e-01  1024.9811     6.3667    24.8620     8.9990    274.399   10.01927  305.50820     89.817 0.0000e+00
   40.22574  -72.69288     25.616     25.417     6.3664    31.6556      7.922     0.5789 6.8896e-01  1024.9839     6.3643    24.8663     8.9982    274.372   10.01918  305.50541     89.809 0.0000e+00
   40.22574  -72.69288     25.595     25.397     6.3646    31.6603      7.922     0.5789 6.8896e-01  1024.9894     6.3625    24.8701     8.9979    274.363   10.01926  305.50758     89.806 -9.990e-29
   40.22574  -72.69288     25.595     25.397     6.3683    31.6626      7.922     0.5654 6.9097e-01  1024.9924     6.3662    24.8717     8.9979    274.365   10.01930  305.50890     89.806 -9.990e-29
   40.22574  -72.69288     25.591     25.393     6.3722    31.6622      7.922     0.5789 6.9097e-01  1024.9871     6.3701    24.8712     8.9974    274.350   10.01938  305.51118     89.800 0.0000e+00
   40.22574  -72.69288     25.525     25.327     6.3684    31.6622      7.922     0.5789 6.9298e-01  1024.9895     6.3663    24.8713     8.9909    274.150   10.01958  305.51756     89.733 0.0000e+00
   40.22574  -72.69288     25.514     25.316     6.3657    31.6613      7.922     0.5789 6.9500e-01  1024.9912     6.3636    24.8710     8.9914    274.168   10.01993  305.52885     89.736 -9.990e-29
   40.22574  -72.69288     25.616     25.417     6.3633    31.6568      7.922     0.6326 6.9500e-01  1024.9864     6.3611    24.8678     8.9913    274.164   10.02014  305.53575     89.732 -9.990e-29
   40.22574  -72.69288     25.637     25.438     6.3580    31.6509      7.922     0.6595 6.9703e-01  1024.9806     6.3559    24.8638     8.9915    274.171   10.02029  305.54007     89.733 -9.990e-29
   40.22574  -72.69288     25.642     25.443     6.3512    31.6469      7.922     0.6729 6.9703e-01  1024.9791     6.3491    24.8614     8.9911    274.157   10.02040  305.54356     89.728 -9.990e-29
   40.22574  -72.69288     25.627     25.428     6.3455    31.6447      7.922     0.6729 6.9906e-01  1024.9783     6.3434    24.8603     8.9908    274.150   10.02035  305.54213     89.726 -9.990e-29
   40.22574  -72.69288     25.586     25.387     6.3398    31.6434      7.922     0.6595 6.9703e-01  1024.9777     6.3377    24.8600     8.9911    274.160   10.02047  305.54608     89.728 -9.990e-29
   40.22574  -72.69288     25.586     25.387     6.3346    31.6429      7.923     0.6595 6.9703e-01  1024.9781     6.3325    24.8602     8.9854    273.985   10.02070  305.55320     89.669 -9.990e-29
   40.22574  -72.69288     25.595     25.397     6.3307    31.6432      7.923     0.6595 6.9703e-01  1024.9789     6.3286    24.8610     8.9856    273.990   10.02087  305.55804     89.669 -9.990e-29
   40.22574  -72.69288     25.642     25.443     6.3271    31.6439      7.923     0.6729 6.9500e-01  1024.9803     6.3250    24.8620     8.9859    273.999   10.02080  305.55598     89.672 -9.990e-29
   40.22574  -72.69288     25.637     25.438     6.3241    31.6451      7.923     0.6595 6.9500e-01  1024.9815     6.3220    24.8633     8.9802    273.826   10.02079  305.55555     89.616 -9.990e-29
   40.22574  -72.69288     25.637     25.438     6.3216    31.6464      7.923     0.6595 6.9500e-01  1024.9831     6.3195    24.8647     8.9804    273.833   10.02079  305.55550     89.618 -9.990e-29
   40.22574  -72.69288     25.627     25.428     6.3198    31.6476      7.923     0.6595 6.9298e-01  1024.9843     6.3177    24.8659     8.9801    273.823   10.02080  305.55596     89.615 -9.990e-29
   40.22574  -72.69288     25.642     25.443     6.3185    31.6488      7.923     0.6729 6.9097e-01  1024.9853     6.3164    24.8668     8.9803    273.830   10.02092  305.56014     89.616 -9.990e-29
   40.22574  -72.69288     25.667     25.468     6.3176    31.6497      7.923     0.6729 6.8896e-01  1024.9863     6.3155    24.8677     8.9745    273.652   10.02112  305.56637     89.556 -9.990e-29
   40.22574  -72.69288     25.657     25.459     6.3166    31.6504      7.918     0.6729 6.8896e-01  1024.9869     6.3145    24.8684     8.9744    273.649   10.02107  305.56465     89.555 -9.990e-29
   40.22574  -72.69288     25.646     25.448     6.3158    31.6507      7.918     0.6595 6.8695e-01  1024.9873     6.3137    24.8687     8.9738    273.631   10.02107  305.56493     89.549 -9.990e-29
   40.22574  -72.69288     25.676     25.478     6.3157    31.6509      7.918     0.6729 6.8695e-01  1024.9873     6.3136    24.8689     8.9802    273.825   10.02111  305.56613     89.612 -9.990e-29
   40.22574  -72.69288     25.693     25.494     6.3155    31.6512      7.918     0.6595 6.8695e-01  1024.9877     6.3134    24.8692     8.9740    273.636   10.02127  305.57075     89.549 -9.990e-29
   40.22574  -72.69288     25.697     25.498     6.3152    31.6515      7.918     0.6729 6.8495e-01  1024.9882     6.3131    24.8694     8.9746    273.655   10.02135  305.57321     89.555 -9.990e-29
   40.22574  -72.69288     25.718     25.519     6.3153    31.6517      7.918     0.6729 6.8296e-01  1024.9882     6.3132    24.8697     8.9689    273.482   10.02127  305.57064     89.499 -9.990e-29
   40.22574  -72.69288     25.718     25.519     6.3153    31.6521      7.918     0.6729 6.8296e-01  1024.9886     6.3132    24.8700     8.9691    273.489   10.02107  305.56448     89.503 -9.990e-29
   40.22574  -72.69288     25.738     25.539     6.3153    31.6525      7.918     0.6729 6.8097e-01  1024.9892     6.3132    24.8703     8.9625    273.287   10.02111  305.56609     89.436 -9.990e-29
   40.22574  -72.69288     25.733     25.534     6.3157    31.6528      7.918     0.6729 6.7899e-01  1024.9892     6.3135    24.8705     8.9622    273.279   10.02151  305.57875     89.430 -9.990e-29
   40.22574  -72.69288     25.748     25.549     6.3158    31.6532      7.918     0.6595 6.7899e-01  1024.9896     6.3137    24.8708     8.9625    273.286   10.02198  305.59355     89.428 -9.990e-29
   40.22574  -72.69288     25.758     25.558     6.3159    31.6536      7.918     0.6729 6.7701e-01  1024.9898     6.3138    24.8710     8.9621    273.276   10.02245  305.60794     89.420 -9.990e-29
   40.22574  -72.69288     25.769     25.569     6.3163    31.6539      7.918     0.7132 6.7701e-01  1024.9902     6.3142    24.8712     8.9622    273.279   10.02294  305.62283     89.417 -9.990e-29
   40.22574  -72.69288     25.769     25.569     6.3171    31.6541      7.918     0.7669 6.7701e-01  1024.9901     6.3150    24.8713     8.9627    273.293   10.02338  305.63623     89.418 -9.990e-29
   40.22574  -72.69288     25.763     25.564     6.3176    31.6543      7.918     0.7803 6.7701e-01  1024.9905     6.3155    24.8713     8.9570    273.120   10.02381  305.64925     89.357 -9.990e-29
   40.22574  -72.69288     25.789     25.590     6.3181    31.6542      7.918     0.7803 6.7504e-01  1024.9903     6.3159    24.8712     8.9571    273.122   10.02399  305.65446     89.357 -9.990e-29
   40.22574  -72.69288     25.778     25.579     6.3184    31.6540      7.918     0.7803 6.7701e-01  1024.9900     6.3163    24.8710     8.9562    273.094   10.02375  305.64667     89.349 -9.990e-29
   40.22574  -72.69288     25.789     25.590     6.3187    31.6538      7.918     0.7803 6.7504e-01  1024.9897     6.3166    24.8709     8.9501    272.909   10.02346  305.63770     89.292 -9.990e-29
   40.22574  -72.69288     25.789     25.590     6.3190    31.6539      7.918     0.7669 6.7701e-01  1024.9899     6.3169    24.8709     8.9558    273.084   10.02344  305.63762     89.349 -9.990e-29
   40.22574  -72.69288     25.805     25.605     6.3192    31.6540      7.918     0.7803 6.7504e-01  1024.9901     6.3171    24.8709     8.9503    272.917   10.02387  305.65176     89.290 -9.990e-29
   40.22574  -72.69288     25.809     25.609     6.3195    31.6541      7.918     0.7803 6.7701e-01  1024.9900     6.3174    24.8710     8.9509    272.936   10.02439  305.66777     89.292 -9.990e-29
   40.22574  -72.69288     25.809     25.609     6.3197    31.6545      7.918     0.7669 6.7504e-01  1024.9901     6.3176    24.8712     8.9518    272.962   10.02469  305.67731     89.297 -9.990e-29
   40.22574  -72.69288     25.799     25.599     6.3200    31.6553      7.918     0.7803 6.7504e-01  1024.9907     6.3179    24.8718     8.9519    272.966   10.02488  305.68301     89.297 -9.990e-29
   40.22574  -72.69288     25.809     25.609     6.3206    31.6563      7.918     0.7803 6.7504e-01  1024.9919     6.3185    24.8726     8.9461    272.788   10.02513  305.69063     89.237 -9.990e-29
   40.22574  -72.69288     25.814     25.614     6.3213    31.6568      7.918     0.7803 6.7701e-01  1024.9927     6.3192    24.8730     8.9461    272.789   10.02534  305.69680     89.235 -9.990e-29
   40.22574  -72.69288     25.799     25.599     6.3219    31.6564      7.918     0.7803 6.7701e-01  1024.9919     6.3198    24.8725     8.9399    272.599   10.02531  305.69571     89.173 -9.990e-29
   40.22574  -72.69288     25.799     25.599     6.3223    31.6553      7.918     0.7803 6.7701e-01  1024.9904     6.3202    24.8716     8.9451    272.758   10.02522  305.69290     89.226 -9.990e-29
   40.22574  -72.69288     25.789     25.590     6.3216    31.6544      7.918     0.7803 6.7899e-01  1024.9897     6.3195    24.8710     8.9386    272.558   10.02498  305.68513     89.163 -9.990e-29
   40.22574  -72.69288     25.789     25.590     6.3213    31.6543      7.913     0.7803 6.7899e-01  1024.9896     6.3192    24.8710     8.9380    272.541   10.02480  305.67950     89.159 -9.990e-29
   40.22574  -72.69288     25.784     25.584     6.3211    31.6548      7.918     0.7803 6.7492e-01  1024.9904     6.3190    24.8714     8.9379    272.537   10.02458  305.67316     89.160 -9.990e-29
   40.22574  -72.69288     25.778     25.579     6.3213    31.6555      7.918     0.7803 6.8097e-01  1024.9909     6.3192    24.8719     8.9372    272.518   10.02442  305.66846     89.155 -9.990e-29
   40.22574  -72.69288     25.769     25.569     6.3208    31.6559      7.918     0.7803 6.7689e-01  1024.9914     6.3187    24.8723     8.9371    272.515   10.02440  305.66821     89.154 -9.990e-29
   40.22574  -72.69288     25.758     25.558     6.3206    31.6560      7.918     0.7803 6.7689e-01  1024.9913     6.3185    24.8723     8.9375    272.526   10.02441  305.66893     89.157 -9.990e-29
