CalculateIndicators/WaterTemperature/Data/CTD_NYOS/20240914_C21.cnv
* Sea-Bird SBE 9 Data File:
* FileName = C:\Seabird 9 CTD\Data\2024\202409_offshore\20240914_C21.hex
* Software Version Seasave V 7.23.2
* Temperature SN = 4590
* Conductivity SN = 3228
* Number of Bytes Per Scan = 44
* Number of Voltage Words = 5
* Number of Scans Averaged by the Deck Unit = 1
* NMEA Latitude = 40 46.53 N
* NMEA Longitude = 072 34.38 W
* NMEA UTC (Time) = Sep 14 2024  00:45:53
* NMEA baud rate = 4800
** Ship: Seawolf
** Station: 10.1
** Operator: TCM
# nquan = 18
# nvalues = 7467                        
# units = specified
# name 0 = latitude: Latitude [deg]
# name 1 = longitude: Longitude [deg]
# name 2 = prDM: Pressure, Digiquartz [db]
# name 3 = depSM: Depth [salt water, m]
# name 4 = t090C: Temperature [ITS-90, deg C]
# name 5 = sal00: Salinity, Practical [PSU]
# name 6 = ph: pH
# name 7 = flECO-AFL: Fluorescence, WET Labs ECO-AFL/FL [mg/m^3]
# name 8 = cpar: CPAR/Corrected Irradiance [%]
# name 9 = density00: Density [density, kg/m^3]
# name 10 = potemp090C: Potential Temperature [ITS-90, deg C]
# name 11 = sigma-é00: Density [sigma-theta, kg/m^3]
# name 12 = sbeox0Mg/L: Oxygen, SBE 43 [mg/l]
# name 13 = sbox0Mm/Kg: Oxygen, SBE 43 [umol/kg]
# name 14 = oxsolMg/L: Oxygen Saturation, Garcia & Gordon [mg/l]
# name 15 = oxsolMm/Kg: Oxygen Saturation, Garcia & Gordon [umol/kg]
# name 16 = sbeox0PS: Oxygen, SBE 43 [% saturation]
# name 17 = flag:  0.000e+00
# span 0 =   40.77554,   40.77562       
# span 1 =  -72.57312,  -72.57258       
# span 2 =      1.744,     18.884       
# span 3 =      1.730,     18.737       
# span 4 =    18.8382,    21.5496       
# span 5 =    30.9140,    31.2011       
# span 6 =      8.070,      8.216       
# span 7 =     0.5654,     2.2175       
# span 8 = 1.6880e-11, 9.9999e+04       
# span 9 =  1021.2775,  1022.2336       
# span 10 =    18.8350,    21.5492      
# span 11 =    21.2674,    22.1508      
# span 12 =     7.0429,     8.2669      
# span 13 =    215.337,    252.885      
# span 14 =    7.36288,    7.73037      
# span 15 =  225.30021,  236.34447      
# span 16 =     91.217,    110.625      
# span 17 = 0.0000e+00, 0.0000e+00      
# interval = seconds: 0.0416667
# start_time = Sep 14 2024 00:45:53 [System UTC, first data scan.]
# bad_flag = -9.990e-29
*END*
[from data line 6754]
   40.77562  -72.57264      2.462      2.443    21.5035    30.9554      8.194     0.5789 1.2771e+01  1021.2939    21.5030    21.2831     7.7384    236.788    7.36918  225.49094    105.010 -9.990e-29
   40.77562  -72.57264      2.462      2.443    21.5034    30.9553      8.198     0.5789 1.2613e+01  1021.2938    21.5030    21.2830     7.7377    236.768    7.36914  225.48971    105.002 -9.990e-29
   40.77562  -72.57264      2.462      2.443    21.5037    30.9552      8.194     0.5923 1.2110e+01  1021.2935    21.5032    21.2830     7.7372    236.751    7.36917  225.49073    104.994 -9.990e-29
   40.77562  -72.57264      2.481      2.462    21.5033    30.9553      8.194     0.5789 1.1959e+01  1021.2939    21.5029    21.2831     7.7365    236.732    7.36914  225.48982    104.986 -9.990e-29
   40.77562  -72.57264      2.472      2.453    21.5035    30.9553      8.198     0.5789 1.1847e+01  1021.2939    21.5030    21.2831     7.7320    236.593    7.36918  225.49096    104.923 -9.990e-29
   40.77562  -72.57264      2.481      2.462    21.5038    30.9553      8.194     0.5789 1.1444e+01  1021.2936    21.5033    21.2831     7.7314    236.576    7.36917  225.49048    104.916 -9.990e-29
   40.77562  -72.57264      2.481      2.462    21.5035    30.9554      8.194     0.5789 1.1301e+01  1021.2941    21.5030    21.2832     7.7349    236.681    7.36916  225.49030    104.963 -9.990e-29
   40.77562  -72.57264      2.492      2.473    21.5033    30.9553      8.194     0.5789 1.1589e+01  1021.2940    21.5028    21.2832     7.7303    236.542    7.36914  225.48994    104.902 -9.990e-29
   40.77562  -72.57264      2.492      2.473    21.5034    30.9552      8.194     0.5789 1.4457e+01  1021.2937    21.5030    21.2830     7.7299    236.529    7.36918  225.49112    104.895 -9.990e-29
   40.77562  -72.57262      2.492      2.473    21.5035    30.9552      8.194     0.5789 1.6095e+01  1021.2939    21.5030    21.2830     7.7337    236.646    7.36917  225.49079    104.947 -9.990e-29
   40.77562  -72.57262      2.502      2.483    21.5035    30.9552      8.198     0.5789 1.6293e+01  1021.2937    21.5030    21.2830     7.7333    236.632    7.36917  225.49070    104.941 -9.990e-29
   40.77562  -72.57262      2.492      2.473    21.5034    30.9553      8.194     0.5789 1.5851e+01  1021.2939    21.5030    21.2832     7.7332    236.630    7.36921  225.49189    104.940 -9.990e-29
   40.77562  -72.57262      2.502      2.483    21.5033    30.9554      8.198     0.5789 1.5658e+01  1021.2942    21.5028    21.2833     7.7331    236.627    7.36918  225.49095    104.938 -9.990e-29
   40.77562  -72.57262      2.503      2.484    21.5033    30.9554      8.198     0.5789 1.5610e+01  1021.2941    21.5028    21.2832     7.7331    236.625    7.36921  225.49171    104.937 -9.990e-29
   40.77562  -72.57262      2.502      2.483    21.5035    30.9553      8.198     0.5789 1.4636e+01  1021.2938    21.5030    21.2831     7.7330    236.623    7.36919  225.49143    104.936 -9.990e-29
   40.77562  -72.57262      2.492      2.473    21.5032    30.9553      8.198     0.5789 1.3845e+01  1021.2940    21.5028    21.2831     7.7329    236.622    7.36919  225.49128    104.936 -9.990e-29
   40.77562  -72.57262      2.502      2.483    21.5035    30.9552      8.194     0.5789 1.3717e+01  1021.2938    21.5030    21.2830     7.7330    236.622    7.36924  225.49268    104.936 -9.990e-29
   40.77562  -72.57262      2.492      2.473    21.5035    30.9552      8.194     0.5789 1.4726e+01  1021.2938    21.5030    21.2830     7.7329    236.621    7.36922  225.49229    104.935 -9.990e-29
   40.77562  -72.57262      2.492      2.473    21.5034    30.9553      8.194     0.5789 1.5899e+01  1021.2939    21.5030    21.2831     7.7329    236.620    7.36918  225.49111    104.935 -9.990e-29
   40.77562  -72.57262      2.483      2.464    21.5037    30.9553      8.198     0.5923 1.6144e+01  1021.2938    21.5032    21.2831     7.7329    236.621    7.36921  225.49181    104.936 -9.990e-29
   40.77562  -72.57262      2.481      2.462    21.5033    30.9553      8.194     0.5923 1.4279e+01  1021.2940    21.5029    21.2831     7.7329    236.621    7.36919  225.49114    104.936 -9.990e-29
   40.77562  -72.57262      2.481      2.462    21.5036    30.9553      8.198     0.5923 1.1922e+01  1021.2937    21.5032    21.2831     7.7330    236.623    7.36920  225.49157    104.937 -9.990e-29
   40.77562  -72.57262      2.481      2.462    21.5033    30.9552      8.198     0.5923 1.1337e+01  1021.2940    21.5029    21.2830     7.7330    236.624    7.36918  225.49092    104.937 -9.990e-29
   40.77562  -72.57262      2.462      2.443    21.5035    30.9551      8.198     0.5923 1.1810e+01  1021.2934    21.5030    21.2829     7.7331    236.626    7.36916  225.49029    104.938 -9.990e-29
   40.77562  -72.57262      2.462      2.443    21.5033    30.9551      8.194     0.5923 1.2851e+01  1021.2935    21.5029    21.2829     7.7332    236.630    7.36919  225.49117    104.940 -9.990e-29
   40.77562  -72.57262      2.462      2.443    21.5034    30.9552      8.194     0.5923 1.3216e+01  1021.2937    21.5030    21.2830     7.7333    236.631    7.36916  225.49046    104.941 -9.990e-29
   40.77562  -72.57262      2.442      2.423    21.5033    30.9553      8.194     0.5923 1.3298e+01  1021.2937    21.5029    21.2831     7.7334    236.636    7.36919  225.49122    104.942 -9.990e-29
   40.77562  -72.57262      2.442      2.423    21.5037    30.9554      8.198     0.5923 1.3675e+01  1021.2936    21.5032    21.2832     7.7339    236.651    7.36918  225.49112    104.949 -9.990e-29
   40.77562  -72.57262      2.432      2.413    21.5032    30.9555      8.194     0.5923 1.3888e+01  1021.2940    21.5028    21.2833     7.7340    236.656    7.36918  225.49111    104.951 -9.990e-29
   40.77562  -72.57262      2.421      2.402    21.5033    30.9554      8.198     0.5923 1.4235e+01  1021.2937    21.5029    21.2832     7.7300    236.530    7.36924  225.49278    104.895 -9.990e-29
   40.77562  -72.57262      2.411      2.393    21.5035    30.9554      8.194     0.5923 1.7003e+01  1021.2933    21.5031    21.2832     7.7342    236.659    7.36926  225.49338    104.952 -9.990e-29
   40.77562  -72.57262      2.411      2.393    21.5032    30.9554      8.194     0.5923 1.8509e+01  1021.2940    21.5028    21.2832     7.7344    236.665    7.36925  225.49318    104.955 -9.990e-29
   40.77562  -72.57262      2.391      2.372    21.5033    30.9554      8.194     0.5923 1.8509e+01  1021.2935    21.5029    21.2832     7.7346    236.673    7.36926  225.49350    104.958 -9.990e-29
   40.77562  -72.57262      2.381      2.363    21.5033    30.9553      8.194     0.5923 1.6644e+01  1021.2934    21.5029    21.2831     7.7349    236.681    7.36927  225.49362    104.961 -9.990e-29
   40.77562  -72.57262      2.381      2.363    21.5035    30.9553      8.198     0.5923 1.5658e+01  1021.2933    21.5031    21.2831     7.7351    236.688    7.36927  225.49379    104.964 -9.990e-29
   40.77562  -72.57262      2.362      2.344    21.5032    30.9553      8.194     0.5923 1.5563e+01  1021.2935    21.5028    21.2831     7.7358    236.709    7.36930  225.49461    104.973 -9.990e-29
   40.77562  -72.57262      2.361      2.342    21.5033    30.9552      8.198     0.5923 1.5468e+01  1021.2932    21.5029    21.2831     7.7361    236.718    7.36929  225.49427    104.977 -9.990e-29
   40.77562  -72.57262      2.340      2.322    21.5037    30.9552      8.194     0.5923 1.5373e+01  1021.2930    21.5032    21.2831     7.7364    236.728    7.36931  225.49474    104.982 -9.990e-29
   40.77562  -72.57262      2.340      2.322    21.5032    30.9552      8.194     0.5923 1.5373e+01  1021.2934    21.5028    21.2831     7.7324    236.605    7.36930  225.49444    104.927 -9.990e-29
   40.77562  -72.57262      2.330      2.312    21.5033    30.9551      8.194     0.5923 2.0078e+01  1021.2931    21.5029    21.2830     7.7368    236.738    7.36931  225.49473    104.986 -9.990e-29
   40.77562  -72.57262      2.321      2.303    21.5035    30.9550      8.194     0.5923 2.6336e+01  1021.2928    21.5031    21.2829     7.7367    236.738    7.36928  225.49386    104.986 -9.990e-29
   40.77562  -72.57262      2.311      2.293    21.5036    30.9551      8.194     0.5923 2.7775e+01  1021.2929    21.5032    21.2830     7.7371    236.750    7.36929  225.49420    104.992 -9.990e-29
   40.77562  -72.57262      2.300      2.282    21.5035    30.9552      8.198     0.5923 2.4382e+01  1021.2930    21.5031    21.2830     7.7375    236.762    7.36930  225.49452    104.997 -9.990e-29
   40.77562  -72.57262      2.300      2.282    21.5039    30.9553      8.198     0.6192 2.0382e+01  1021.2929    21.5034    21.2830     7.7379    236.775    7.36931  225.49495    105.002 -9.990e-29
   40.77562  -72.57262      2.289      2.271    21.5037    30.9553      8.198     0.6460 1.9483e+01  1021.2930    21.5032    21.2830     7.7380    236.776    7.36930  225.49468    105.003 -9.990e-29
   40.77562  -72.57262      2.279      2.262    21.5038    30.9552      8.194     0.6460 1.8453e+01  1021.2928    21.5034    21.2829     7.7427    236.921    7.36928  225.49403    105.067 -9.990e-29
   40.77562  -72.57262      2.279      2.262    21.5039    30.9552      8.194     0.6460 1.6392e+01  1021.2928    21.5034    21.2829     7.7432    236.934    7.36932  225.49535    105.073 -9.990e-29
   40.77562  -72.57262      2.240      2.222    21.5037    30.9553      8.194     0.6460 1.5803e+01  1021.2927    21.5032    21.2830     7.7436    236.948    7.36938  225.49706    105.078 -9.990e-29
   40.77562  -72.57262      2.281      2.263    21.5036    30.9553      8.194     0.6460 1.5754e+01  1021.2930    21.5032    21.2830     7.7443    236.969    7.36935  225.49609    105.088 -9.990e-29
   40.77562  -72.57262      2.249      2.232    21.5040    30.9553      8.198     0.6460 1.5563e+01  1021.2926    21.5036    21.2830     7.7447    236.982    7.36939  225.49744    105.093 -9.990e-29
   40.77562  -72.57262      2.249      2.232    21.5037    30.9553      8.198     0.6460 1.5515e+01  1021.2929    21.5032    21.2830     7.7451    236.992    7.36937  225.49653    105.098 -9.990e-29
   40.77562  -72.57262      2.240      2.222    21.5040    30.9553      8.194     0.6460 1.5948e+01  1021.2926    21.5036    21.2830     7.7454    237.001    7.36933  225.49528    105.103 -9.990e-29
   40.77562  -72.57262      2.229      2.211    21.5037    30.9554      8.194     0.6460 1.8734e+01  1021.2927    21.5032    21.2831     7.7457    237.012    7.36932  225.49520    105.107 -9.990e-29
   40.77562  -72.57262      2.229      2.211    21.5037    30.9554      8.194     0.6460 2.0138e+01  1021.2929    21.5032    21.2831     7.7499    237.142    7.36929  225.49429    105.165 -9.990e-29
   40.77562  -72.57262      2.230      2.213    21.5038    30.9554      8.194     0.6460 2.0260e+01  1021.2927    21.5034    21.2831     7.7502    237.149    7.36928  225.49385    105.169 -9.990e-29
   40.77562  -72.57262      2.219      2.202    21.5040    30.9552      8.198     0.6460 2.0443e+01  1021.2923    21.5036    21.2829     7.7464    237.033    7.36924  225.49267    105.118 -9.990e-29
   40.77562  -72.57262      2.219      2.202    21.5037    30.9552      8.194     0.6460 2.0566e+01  1021.2925    21.5032    21.2829     7.7506    237.162    7.36926  225.49345    105.175 -9.990e-29
   40.77562  -72.57262      2.209      2.192    21.5037    30.9553      8.194     0.6460 2.0566e+01  1021.2927    21.5033    21.2830     7.7464    237.033    7.36923  225.49249    105.118 -9.990e-29
   40.77562  -72.57262      2.219      2.202    21.5038    30.9552      8.194     0.6460 1.7527e+01  1021.2925    21.5034    21.2829     7.7465    237.037    7.36924  225.49266    105.120 -9.990e-29
   40.77562  -72.57262      2.209      2.192    21.5035    30.9552      8.194     0.6460 1.5658e+01  1021.2925    21.5031    21.2829     7.7466    237.041    7.36922  225.49210    105.122 -9.990e-29
   40.77562  -72.57262      2.209      2.192    21.5037    30.9552      8.194     0.6460 1.5420e+01  1021.2926    21.5033    21.2830     7.7511    237.177    7.36922  225.49208    105.182 -9.990e-29
   40.77562  -72.57262      2.209      2.192    21.5034    30.9552      8.194     0.6460 2.4216e+01  1021.2927    21.5030    21.2830     7.7515    237.189    7.36918  225.49091    105.188 -9.990e-29
   40.77562  -72.57262      2.198      2.181    21.5037    30.9552      8.198     0.6460 2.5195e+01  1021.2923    21.5033    21.2830     7.7519    237.201    7.36919  225.49112    105.193 -9.990e-29
   40.77562  -72.57262      2.209      2.192    21.5037    30.9552      8.198     0.6460 1.6899e+01  1021.2924    21.5033    21.2830     7.7523    237.213    7.36920  225.49159    105.198 -9.990e-29
   40.77562  -72.57262      2.209      2.192    21.5032    30.9553      8.194     0.6460 1.5515e+01  1021.2927    21.5028    21.2831     7.7526    237.224    7.36920  225.49152    105.203 -9.990e-29
   40.77562  -72.57262      2.198      2.181    21.5033    30.9553      8.198     0.6460 1.3888e+01  1021.2927    21.5029    21.2831     7.7529    237.234    7.36919  225.49140    105.207 -9.990e-29
   40.77562  -72.57262      2.198      2.181    21.5037    30.9554      8.198     0.6460 1.3548e+01  1021.2925    21.5033    21.2832     7.7489    237.110    7.36921  225.49191    105.152 -9.990e-29
   40.77562  -72.57262      2.209      2.192    21.5033    30.9554      8.194     0.6460 1.2574e+01  1021.2929    21.5029    21.2832     7.7532    237.241    7.36923  225.49250    105.210 -9.990e-29
   40.77562  -72.57262      2.198      2.181    21.5036    30.9554      8.194     0.6192 1.1054e+01  1021.2925    21.5032    21.2832     7.7534    237.248    7.36921  225.49185    105.214 -9.990e-29
   40.77562  -72.57262      2.209      2.192    21.5035    30.9554      8.194     0.6057 1.0641e+01  1021.2926    21.5031    21.2832     7.7536    237.254    7.36919  225.49112    105.217 -9.990e-29
   40.77562  -72.57262      2.198      2.181    21.5035    30.9555      8.194     0.6057 1.1663e+01  1021.2929    21.5031    21.2832     7.7538    237.260    7.36920  225.49159    105.219 -9.990e-29
   40.77562  -72.57262      2.209      2.192    21.5038    30.9555      8.194     0.6057 1.4726e+01  1021.2926    21.5034    21.2832     7.7583    237.398    7.36922  225.49209    105.280 -9.990e-29
   40.77562  -72.57262      2.219      2.202    21.5035    30.9554      8.194     0.6057 1.5948e+01  1021.2929    21.5031    21.2831     7.7587    237.411    7.36918  225.49088    105.286 -9.990e-29
   40.77562  -72.57262      2.198      2.181    21.5039    30.9553      8.194     0.6057 1.5420e+01  1021.2923    21.5034    21.2830     7.7548    237.292    7.36918  225.49095    105.233 -9.990e-29
   40.77562  -72.57262      2.189      2.172    21.5036    30.9552      8.198     0.6057 1.3340e+01  1021.2924    21.5032    21.2829     7.7592    237.426    7.36920  225.49153    105.293 -9.990e-29
   40.77562  -72.57262      2.219      2.202    21.5037    30.9552      8.194     0.6057 1.2574e+01  1021.2925    21.5032    21.2829     7.7596    237.437    7.36921  225.49185    105.298 -9.990e-29
   40.77562  -72.57262      2.198      2.181    21.5037    30.9551      8.194     0.6057 1.1959e+01  1021.2925    21.5033    21.2829     7.7599    237.446    7.36918  225.49104    105.302 -9.990e-29
   40.77562  -72.57262      2.209      2.192    21.5033    30.9551      8.194     0.6057 8.2450e+00  1021.2924    21.5029    21.2830     7.7602    237.455    7.36920  225.49146    105.305 -9.990e-29
   40.77562  -72.57262      2.209      2.192    21.5031    30.9552      8.194     0.6057 6.8417e+00  1021.2927    21.5027    21.2831     7.7600    237.451    7.36920  225.49155    105.304 -9.990e-29
   40.77562  -72.57262      2.198      2.181    21.5031    30.9552      8.194     0.6057 6.7726e+00  1021.2926    21.5027    21.2831     7.7602    237.455    7.36918  225.49110    105.306 -9.990e-29
