CalculateIndicators/WaterTemperature/Data/CTD_NYOS/20240913_C19.cnv
* Sea-Bird SBE 9 Data File:
* FileName = C:\Seabird 9 CTD\Data\2024\202409_offshore\20240913_C19.hex
* Software Version Seasave V 7.23.2
* Temperature SN = 4590
* Conductivity SN = 3228
* Number of Bytes Per Scan = 44
* Number of Voltage Words = 5
* Number of Scans Averaged by the Deck Unit = 1
* NMEA Latitude = 40 25.86 N
* NMEA Longitude = 072 50.31 W
* NMEA UTC (Time) = Sep 13 2024  19:17:40
* NMEA baud rate = 4800
** Ship: Seawolf
** Station: 9.2
** Operator: TDK
# nquan = 18
# nvalues = 11270                       
# units = specified
# name 0 = latitude: Latitude [deg]
# name 1 = longitude: Longitude [deg]
# name 2 = prDM: Pressure, Digiquartz [db]
# name 3 = depSM: Depth [salt water, m]
# name 4 = t090C: Temperature [ITS-90, deg C]
# name 5 = sal00: Salinity, Practical [PSU]
# name 6 = ph: pH
# name 7 = flECO-AFL: Fluorescence, WET Labs ECO-AFL/FL [mg/m^3]
# name 8 = cpar: CPAR/Corrected Irradiance [%]
# name 9 = density00: Density [density, kg/m^3]
# name 10 = potemp090C: Potential Temperature [ITS-90, deg C]
# name 11 = sigma-é00: Density [sigma-theta, kg/m^3]
# name 12 = sbeox0Mg/L: Oxygen, SBE 43 [mg/l]
# name 13 = sbox0Mm/Kg: Oxygen, SBE 43 [umol/kg]
# name 14 = oxsolMg/L: Oxygen Saturation, Garcia & Gordon [mg/l]
# name 15 = oxsolMm/Kg: Oxygen Saturation, Garcia & Gordon [umol/kg]
# name 16 = sbeox0PS: Oxygen, SBE 43 [% saturation]
# name 17 = flag:  0.000e+00
# span 0 =   40.43104,   40.43184       
# span 1 =  -72.83978,  -72.83854       
# span 2 =      1.777,     39.379       
# span 3 =      1.763,     39.072       
# span 4 =    10.3164,    21.9068       
# span 5 =    30.9997,    32.0825       
# span 6 =      7.840,      8.205       
# span 7 =     0.0148,     2.9562       
# span 8 = 1.3753e-01, 1.1647e+02       
# span 9 =  1021.3048,  1024.6190       
# span 10 =    10.3120,    21.9063      
# span 11 =    21.3179,    24.4434      
# span 12 =     6.4400,     8.6416      
# span 13 =    196.497,    263.760      
# span 14 =    7.30654,    9.14610      
# span 15 =  223.56179,  279.00335      
# span 16 =     72.026,    106.643      
# span 17 = 0.0000e+00, 0.0000e+00      
# interval = seconds: 0.0416667
# start_time = Sep 13 2024 19:17:40 [System UTC, first data scan.]
# bad_flag = -9.990e-29
*END*
[from data line 8443]
   40.43166  -72.83938      2.383      2.365    21.5302    31.2268      8.164     0.0551 1.4803e+01  1021.4905    21.5298    21.4835     7.4450    227.794    7.32238  224.04270    101.674 -9.990e-29
   40.43166  -72.83938      2.383      2.365    21.5460    31.2170      8.164     0.0551 1.7230e+01  1021.4814    21.5455    21.4710     7.4458    227.819    7.32176  224.02457    101.694 -9.990e-29
   40.43166  -72.83938      2.383      2.365    21.5572    31.2082      8.164     0.0551 2.6642e+01  1021.4689    21.5568    21.4612     7.4529    228.040    7.32316  224.07025    101.772 -9.990e-29
   40.43166  -72.83938      2.372      2.354    21.5621    31.2028      8.164     0.0551 3.1127e+01  1021.4630    21.5617    21.4551     7.4561    228.137    7.32890  224.24460    101.736 -9.990e-29
   40.43166  -72.83938      2.372      2.354    21.5683    31.2015      8.164     0.0551 2.8448e+01  1021.4630    21.5679    21.4521     7.4677    228.486    7.33481  224.42006    101.812 -9.990e-29
   40.43166  -72.83938      2.363      2.344    21.5786    31.2013      8.164     0.0551 1.6783e+01  1021.4600    21.5781    21.4496     7.4725    228.626    7.33796  224.51082    101.833 -9.990e-29
   40.43166  -72.83938      2.363      2.344    21.5873    31.2004      8.164     0.0551 1.3252e+01  1021.4570    21.5869    21.4464     7.4746    228.689    7.33854  224.52610    101.854 -9.990e-29
   40.43166  -72.83938      2.372      2.354    21.5968    31.1996      8.164     0.0551 1.3252e+01  1021.4524    21.5963    21.4433     7.4762    228.736    7.33899  224.53869    101.869 -9.990e-29
   40.43166  -72.83938      2.352      2.333    21.6046    31.2003      8.164     0.0551 1.5011e+01  1021.4515    21.6041    21.4410     7.4774    228.774    7.33920  224.54478    101.884 -9.990e-29
   40.43166  -72.83938      2.352      2.333    21.6173    31.2004      8.164     0.0551 1.6028e+01  1021.4512    21.6168    21.4369     7.4826    228.930    7.33939  224.55001    101.951 -9.990e-29
   40.43166  -72.83938      2.353      2.335    21.6452    31.1976      8.164     0.0551 1.6179e+01  1021.4383    21.6448    21.4289     7.4802    228.856    7.34007  224.56979    101.909 -9.990e-29
   40.43166  -72.83938      2.342      2.324    21.6678    31.1941      8.164     0.0551 1.9278e+01  1021.4293    21.6674    21.4203     7.4816    228.900    7.34073  224.58868    101.919 -9.990e-29
   40.43166  -72.83938      2.342      2.324    21.6859    31.1912      8.164     0.0551 2.1797e+01  1021.4236    21.6854    21.4128     7.4870    229.062    7.34134  224.60661    101.983 -9.990e-29
   40.43166  -72.83938      2.342      2.324    21.7045    31.1882      8.163     0.0551 2.2231e+01  1021.4147    21.7041    21.4059     7.4838    228.962    7.34182  224.61983    101.933 -9.990e-29
   40.43166  -72.83938      2.321      2.303    21.7183    31.1867      8.163     0.0551 2.0956e+01  1021.4088    21.7179    21.4011     7.4837    228.959    7.34155  224.61084    101.936 -9.990e-29
   40.43166  -72.83938      2.332      2.314    21.7259    31.1884      8.163     0.0551 2.0034e+01  1021.4085    21.7255    21.4001     7.4825    228.924    7.34031  224.57334    101.937 -9.990e-29
   40.43166  -72.83938      2.332      2.314    21.7286    31.1920      8.163     0.0551 1.9847e+01  1021.4127    21.7281    21.4011     7.4850    229.000    7.33847  224.51826    101.996 -9.990e-29
   40.43166  -72.83938      2.321      2.303    21.7379    31.1939      8.163     0.0551 1.9280e+01  1021.4125    21.7374    21.4000     7.4829    228.939    7.33619  224.45027    102.000 -9.990e-29
   40.43166  -72.83938      2.321      2.303    21.7523    31.1926      8.163     0.0551 1.8554e+01  1021.4059    21.7519    21.3957     7.4764    228.742    7.33389  224.38221    101.943 -9.990e-29
   40.43166  -72.83938      2.321      2.303    21.7647    31.1896      8.163     0.0551 1.8416e+01  1021.3998    21.7643    21.3904     7.4731    228.643    7.33123  224.30362    101.935 -9.990e-29
   40.43166  -72.83938      2.323      2.305    21.7735    31.1864      8.163     0.0551 1.9427e+01  1021.3955    21.7731    21.3854     7.4707    228.572    7.32893  224.23466    101.934 -9.990e-29
   40.43166  -72.83938      2.312      2.294    21.7800    31.1830      8.163     0.0551 2.1376e+01  1021.3905    21.7795    21.3810     7.4687    228.513    7.32741  224.18951    101.929 -9.990e-29
   40.43166  -72.83938      2.312      2.294    21.7850    31.1798      8.163     0.0551 2.2048e+01  1021.3870    21.7846    21.3769     7.4675    228.477    7.32672  224.16955    101.921 -9.990e-29
   40.43166  -72.83938      2.312      2.294    21.7917    31.1767      8.163     0.0551 2.0321e+01  1021.3829    21.7913    21.3730     7.4630    228.341    7.32717  224.18402    101.854 -9.990e-29
   40.43166  -72.83940      2.312      2.294    21.7967    31.1739      8.163     0.0551 1.6288e+01  1021.3787    21.7962    21.3697     7.4676    228.480    7.32842  224.22252    101.899 -9.990e-29
   40.43166  -72.83940      2.321      2.303    21.7988    31.1724      8.163     0.0551 1.5068e+01  1021.3767    21.7984    21.3678     7.4635    228.354    7.32973  224.26202    101.825 -9.990e-29
   40.43166  -72.83940      2.312      2.294    21.7990    31.1726      8.163     0.0551 1.5762e+01  1021.3771    21.7985    21.3675     7.4632    228.344    7.33061  224.28768    101.809 -9.990e-29
   40.43166  -72.83940      2.321      2.303    21.8013    31.1743      8.163     0.0551 1.9227e+01  1021.3779    21.8008    21.3684     7.4626    228.324    7.33125  224.30654    101.791 -9.990e-29
   40.43166  -72.83940      2.321      2.303    21.8036    31.1771      8.163     0.0551 2.0978e+01  1021.3798    21.8032    21.3700     7.4618    228.300    7.33180  224.32316    101.773 -9.990e-29
   40.43166  -72.83940      2.323      2.305    21.8046    31.1798      8.163     0.0551 2.0609e+01  1021.3825    21.8042    21.3716     7.4610    228.274    7.33239  224.34060    101.753 -9.990e-29
   40.43166  -72.83940      2.321      2.303    21.8066    31.1809      8.163     0.0551 1.6974e+01  1021.3831    21.8062    21.3718     7.4594    228.226    7.33236  224.33793    101.733 -9.990e-29
   40.43166  -72.83940      2.332      2.314    21.8098    31.1797      8.163     0.0685 1.5411e+01  1021.3806    21.8093    21.3702     7.4568    228.145    7.33093  224.29433    101.717 -9.990e-29
   40.43166  -72.83940      2.332      2.314    21.8128    31.1770      8.163     0.0551 1.5295e+01  1021.3774    21.8123    21.3676     7.4589    228.216    7.33003  224.27206    101.758 -9.990e-29
   40.43166  -72.83940      2.332      2.314    21.8120    31.1740      8.163     0.0551 1.5352e+01  1021.3753    21.8115    21.3651     7.4555    228.114    7.33182  224.33073    101.686 -9.990e-29
   40.43166  -72.83940      2.343      2.325    21.8133    31.1706      8.163     0.0551 1.5309e+01  1021.3729    21.8128    21.3621     7.4581    228.191    7.33580  224.44963    101.667 -9.990e-29
   40.43166  -72.83940      2.352      2.333    21.8162    31.1670      8.163     0.0551 1.5309e+01  1021.3680    21.8158    21.3589     7.4605    228.262    7.33929  224.55348    101.652 -9.990e-29
   40.43166  -72.83940      2.342      2.324    21.8170    31.1658      8.163     0.0551 1.7488e+01  1021.3652    21.8166    21.3578     7.4628    228.331    7.34271  224.65584    101.636 -9.990e-29
   40.43166  -72.83940      2.363      2.344    21.8159    31.1680      8.163     0.0551 1.9625e+01  1021.3706    21.8155    21.3593     7.4653    228.404    7.34593  224.75251    101.624 -9.990e-29
   40.43166  -72.83940      2.363      2.344    21.8173    31.1700      8.163     0.0551 2.0054e+01  1021.3721    21.8168    21.3605     7.4675    228.469    7.34937  224.85446    101.607 -9.990e-29
   40.43166  -72.83940      2.363      2.344    21.8205    31.1680      8.163     0.0685 1.9280e+01  1021.3715    21.8201    21.3586     7.4734    228.646    7.35182  224.92597    101.654 -9.990e-29
   40.43166  -72.83940      2.372      2.354    21.8236    31.1603      8.163     0.0551 1.8588e+01  1021.3639    21.8231    21.3533     7.4698    228.531    7.35310  224.96182    101.587 -9.990e-29
   40.43166  -72.83940      2.372      2.354    21.8150    31.1496      8.163     0.0551 1.8363e+01  1021.3537    21.8145    21.3487     7.4742    228.662    7.35422  224.99018    101.632 -9.990e-29
   40.43166  -72.83940      2.393      2.374    21.7813    31.1454      8.163     0.0551 1.7441e+01  1021.3548    21.7809    21.3533     7.4725    228.603    7.35281  224.94146    101.628 -9.990e-29
   40.43166  -72.83940      2.393      2.374    21.7318    31.1576      8.163     0.0551 1.6015e+01  1021.3766    21.7313    21.3714     7.4664    228.420    7.34742  224.78080    101.619 -9.990e-29
   40.43166  -72.83940      2.393      2.374    21.7096    31.1810      8.163     0.0551 1.5615e+01  1021.4151    21.7091    21.3933     7.4625    228.308    7.34395  224.68078    101.614 -9.990e-29
   40.43166  -72.83940      2.402      2.384    21.7353    31.1955      8.163     0.0685 1.8108e+01  1021.4228    21.7348    21.4014     7.4556    228.100    7.34213  224.62856    101.545 -9.990e-29
   40.43166  -72.83940      2.402      2.384    21.7638    31.1902      8.163     0.0685 2.5496e+01  1021.4056    21.7634    21.3916     7.4527    228.014    7.34002  224.56737    101.535 -9.990e-29
   40.43166  -72.83940      2.413      2.395    21.7836    31.1743      8.163     0.0685 2.8531e+01  1021.3815    21.7831    21.3746     7.4553    228.098    7.33871  224.53202    101.588 -9.990e-29
   40.43166  -72.83940      2.423      2.404    21.7919    31.1602      8.163     0.0819 2.6395e+01  1021.3678    21.7914    21.3610     7.4554    228.105    7.33932  224.55295    101.582 -9.990e-29
   40.43166  -72.83940      2.423      2.404    21.7977    31.1494      8.163     0.0819 1.9299e+01  1021.3637    21.7973    21.3523     7.4577    228.173    7.34170  224.62426    101.580 -9.990e-29
   40.43166  -72.83940      2.433      2.414    21.7930    31.1392      8.163     0.0685 1.7020e+01  1021.3512    21.7925    21.3478     7.4609    228.266    7.34503  224.72188    101.577 -9.990e-29
   40.43166  -72.83940      2.444      2.425    21.7521    31.1358      8.163     0.0685 1.6877e+01  1021.3562    21.7517    21.3537     7.4595    228.220    7.34777  224.80215    101.520 -9.990e-29
   40.43166  -72.83940      2.444      2.425    21.7025    31.1450      8.163     0.0685 1.6257e+01  1021.3809    21.7021    21.3712     7.4598    228.230    7.34853  224.82719    101.514 -9.990e-29
   40.43166  -72.83940      2.444      2.425    21.6714    31.1605      8.164     0.0685 1.5925e+01  1021.4066    21.6709    21.3908     7.4618    228.294    7.35064  224.89447    101.512 -9.990e-29
   40.43166  -72.83940      2.464      2.445    21.6631    31.1728      8.164     0.0819 1.5777e+01  1021.4180    21.6626    21.4041     7.4670    228.451    7.35594  225.05444    101.509 -9.990e-29
   40.43166  -72.83940      2.453      2.434    21.6581    31.1793      8.164     0.0685 1.3928e+01  1021.4230    21.6576    21.4108     7.4680    228.478    7.36138  225.21596    101.448 -9.990e-29
   40.43166  -72.83940      2.474      2.455    21.6558    31.1827      8.164     0.0685 1.2898e+01  1021.4253    21.6553    21.4144     7.4715    228.582    7.36533  225.33268    101.442 -9.990e-29
   40.43166  -72.83940      2.474      2.455    21.6538    31.1857      8.164     0.0685 1.2778e+01  1021.4272    21.6534    21.4176     7.4738    228.649    7.36802  225.41136    101.436 -9.990e-29
   40.43166  -72.83940      2.483      2.464    21.6471    31.1895      8.164     0.0685 1.3404e+01  1021.4326    21.6467    21.4219     7.4758    228.705    7.36996  225.46821    101.436 -9.990e-29
   40.43166  -72.83940      2.474      2.455    21.6408    31.1937      8.164     0.0685 1.3903e+01  1021.4376    21.6403    21.4267     7.4737    228.640    7.37258  225.54498    101.372 -9.990e-29
   40.43166  -72.83940      2.483      2.464    21.6349    31.1980      8.164     0.0685 1.3982e+01  1021.4419    21.6345    21.4315     7.4754    228.687    7.37487  225.61158    101.363 -9.990e-29
   40.43166  -72.83940      2.494      2.475    21.6295    31.2028      8.164     0.0685 1.6002e+01  1021.4479    21.6290    21.4361     7.4802    228.832    7.37553  225.63107    101.419 -9.990e-29
   40.43166  -72.83940      2.494      2.475    21.6298    31.2065      8.164     0.0685 1.8626e+01  1021.4518    21.6293    21.4384     7.4794    228.809    7.37493  225.61414    101.416 -9.990e-29
   40.43166  -72.83940      2.504      2.485    21.6392    31.2074      8.164     0.0685 1.9301e+01  1021.4493    21.6387    21.4369     7.4796    228.816    7.37533  225.62564    101.414 -9.990e-29
   40.43166  -72.83940      2.504      2.485    21.6535    31.2056      8.164     0.0685 1.8262e+01  1021.4444    21.6530    21.4318     7.4796    228.814    7.37546  225.62868    101.412 -9.990e-29
   40.43166  -72.83940      2.504      2.485    21.6724    31.2013      8.164     0.0819 1.6942e+01  1021.4354    21.6720    21.4238     7.4791    228.801    7.37475  225.60766    101.415 -9.990e-29
   40.43166  -72.83940      2.504      2.485    21.6919    31.1952      8.164     0.0685 1.6565e+01  1021.4253    21.6914    21.4139     7.4725    228.602    7.37218  225.53218    101.361 -9.990e-29
   40.43166  -72.83940      2.504      2.485    21.7148    31.1893      8.163     0.0685 1.6076e+01  1021.4127    21.7143    21.4039     7.4747    228.670    7.37039  225.47887    101.415 -9.990e-29
   40.43166  -72.83940      2.504      2.485    21.7330    31.1852      8.163     0.0685 1.4971e+01  1021.4059    21.7325    21.3960     7.4697    228.517    7.36970  225.45772    101.357 -9.990e-29
   40.43166  -72.83940      2.514      2.494    21.7452    31.1818      8.163     0.0551 1.4638e+01  1021.4008    21.7448    21.3902     7.4686    228.483    7.36889  225.43259    101.353 -9.990e-29
   40.43166  -72.83940      2.515      2.496    21.7520    31.1777      8.163     0.0551 1.6943e+01  1021.3954    21.7515    21.3855     7.4678    228.458    7.36835  225.41508    101.350 -9.990e-29
   40.43166  -72.83940      2.504      2.485    21.7502    31.1735      8.163     0.0551 2.7251e+01  1021.3921    21.7497    21.3825     7.4666    228.421    7.36728  225.38317    101.348 -9.990e-29
   40.43166  -72.83940      2.504      2.485    21.7421    31.1704      8.163     0.0551 3.2533e+01  1021.3912    21.7416    21.3818     7.4597    228.213    7.36525  225.32376    101.282 -9.990e-29
   40.43166  -72.83940      2.504      2.485    21.7324    31.1700      8.163     0.0551 3.3619e+01  1021.3931    21.7319    21.3838     7.4578    228.155    7.36379  225.28015    101.276 -9.990e-29
   40.43166  -72.83940      2.514      2.494    21.7241    31.1722      8.163     0.0551 3.9538e+01  1021.3992    21.7237    21.3875     7.4561    228.104    7.36284  225.25231    101.266 -9.990e-29
   40.43166  -72.83940      2.504      2.485    21.7185    31.1743      8.163     0.0551 4.2695e+01  1021.4026    21.7180    21.3907     7.4555    228.087    7.36298  225.25737    101.256 -9.990e-29
   40.43166  -72.83940      2.494      2.475    21.7147    31.1756      8.163     0.0551 4.1357e+01  1021.4027    21.7143    21.3930     7.4507    227.942    7.36321  225.26487    101.189 -9.990e-29
   40.43166  -72.83940      2.504      2.485    21.7094    31.1787      8.163     0.0551 2.0650e+01  1021.4060    21.7090    21.3963     7.4490    227.890    7.36244  225.24200    101.176 -9.990e-29
   40.43166  -72.83940      2.483      2.464    21.7064    31.1823      8.163     0.0551 1.3852e+01  1021.4143    21.7059    21.3990     7.4475    227.843    7.36181  225.22211    101.164 -9.990e-29
