CalculateIndicators/WaterTemperature/Data/CTD_NYOS/20240710_C20.cnv
* Sea-Bird SBE 9 Data File:
* FileName = C:\Seabird 9 CTD\Data\2024\202407_offshore\20240710_C20.hex
* Software Version Seasave V 7.23.2
* Temperature SN = 4590
* Conductivity SN = 3228
* Number of Bytes Per Scan = 44
* Number of Voltage Words = 5
* Number of Scans Averaged by the Deck Unit = 1
* NMEA Latitude = 40 46.58 N
* NMEA Longitude = 072 34.70 W
* NMEA UTC (Time) = Jul 10 2024  11:36:48
* NMEA baud rate = 4800
** Ship: seawolf
** Station: 10.1
** Operator: TCM
# nquan = 18
# nvalues = 8899                        
# units = specified
# name 0 = latitude: Latitude [deg]
# name 1 = longitude: Longitude [deg]
# name 2 = prDM: Pressure, Digiquartz [db]
# name 3 = depSM: Depth [salt water, m]
# name 4 = t090C: Temperature [ITS-90, deg C]
# name 5 = sal00: Salinity, Practical [PSU]
# name 6 = ph: pH
# name 7 = flECO-AFL: Fluorescence, WET Labs ECO-AFL/FL [mg/m^3]
# name 8 = cpar: CPAR/Corrected Irradiance [%]
# name 9 = density00: Density [density, kg/m^3]
# name 10 = potemp090C: Potential Temperature [ITS-90, deg C]
# name 11 = sigma-é00: Density [sigma-theta, kg/m^3]
# name 12 = sbeox0Mg/L: Oxygen, SBE 43 [mg/l]
# name 13 = sbox0Mm/Kg: Oxygen, SBE 43 [umol/kg]
# name 14 = oxsolMg/L: Oxygen Saturation, Garcia & Gordon [mg/l]
# name 15 = oxsolMm/Kg: Oxygen Saturation, Garcia & Gordon [umol/kg]
# name 16 = sbeox0PS: Oxygen, SBE 43 [% saturation]
# name 17 = flag:  0.000e+00
# span 0 =   40.77646,   40.77704       
# span 1 =  -72.57880,  -72.57846       
# span 2 =      1.510,     19.108       
# span 3 =      1.498,     18.960       
# span 4 =    15.4791,    20.6589       
# span 5 =    29.5589,    30.4117       
# span 6 =      8.006,      8.107       
# span 7 =     0.8878,     1.7071       
# span 8 = 8.8758e-02, 3.2802e+01       
# span 9 =  1020.4404,  1022.4151       
# span 10 =    15.4763,    20.6585      
# span 11 =    20.4681,    22.3304      
# span 12 =     7.4327,     9.1484      
# span 13 =    227.210,    279.830      
# span 14 =    7.52831,    8.28909      
# span 15 =  230.48438,  253.38187      
# span 16 =     89.831,    114.945      
# span 17 = 0.0000e+00, 0.0000e+00      
# interval = seconds: 0.0416667
# start_time = Jul 10 2024 11:36:48 [System UTC, first data scan.]
# bad_flag = -9.990e-29
*END*
[from data line 2332]
   40.77664  -72.57862     18.396     18.253    15.5738    30.3852 -9.990e-29     1.5593 1.0808e-01  1022.3763    15.5711    22.2950     7.5030    229.359    8.27351  252.91219     90.687 -9.990e-29
   40.77664  -72.57862     18.396     18.253    15.5738    30.3852 -9.990e-29     1.5593 1.0842e-01  1022.3764    15.5711    22.2950     7.4976    229.194    8.27351  252.91232     90.622 -9.990e-29
   40.77664  -72.57862     18.407     18.264    15.5740    30.3851 -9.990e-29     1.5593 1.0842e-01  1022.3763    15.5713    22.2949     7.4973    229.184    8.27353  252.91268     90.618 -9.990e-29
   40.77664  -72.57862     18.396     18.253    15.5742    30.3849 -9.990e-29     1.5593 1.0808e-01  1022.3762    15.5714    22.2947     7.4969    229.171    8.27345  252.91018     90.614 -9.990e-29
   40.77664  -72.57862     18.396     18.253    15.5742    30.3849 -9.990e-29     1.5593 1.0741e-01  1022.3759    15.5714    22.2947     7.4966    229.162    8.27341  252.90927     90.610 -9.990e-29
   40.77664  -72.57862     18.396     18.253    15.5740    30.3849 -9.990e-29     1.5593 1.0741e-01  1022.3763    15.5713    22.2947     7.4962    229.152    8.27341  252.90925     90.606 -9.990e-29
   40.77664  -72.57862     18.386     18.243    15.5740    30.3849 -9.990e-29     1.5593 1.0741e-01  1022.3761    15.5713    22.2947     7.4960    229.144    8.27339  252.90854     90.603 -9.990e-29
   40.77664  -72.57862     18.407     18.264    15.5740    30.3848 -9.990e-29     1.5593 1.0808e-01  1022.3762    15.5713    22.2946     7.4957    229.136    8.27340  252.90884     90.600 -9.990e-29
   40.77664  -72.57862     18.386     18.243    15.5743    30.3848 -9.990e-29     1.5593 1.0875e-01  1022.3759    15.5716    22.2946     7.4955    229.131    8.27342  252.90965     90.598 -9.990e-29
   40.77664  -72.57862     18.386     18.243    15.5742    30.3848 -9.990e-29     1.5593 1.0875e-01  1022.3760    15.5714    22.2947     7.4953    229.123    8.27339  252.90853     90.595 -9.990e-29
   40.77664  -72.57862     18.386     18.243    15.5742    30.3849 -9.990e-29     1.5593 1.0807e-01  1022.3760    15.5714    22.2947     7.4951    229.118    8.27339  252.90852     90.593 -9.990e-29
   40.77664  -72.57862     18.386     18.243    15.5742    30.3850 -9.990e-29     1.5593 1.0807e-01  1022.3761    15.5714    22.2947     7.4949    229.112    8.27337  252.90821     90.591 -9.990e-29
   40.77664  -72.57862     18.386     18.243    15.5742    30.3850 -9.990e-29     1.5593 1.0773e-01  1022.3761    15.5714    22.2947     7.4948    229.108    8.27334  252.90710     90.590 -9.990e-29
   40.77664  -72.57862     18.386     18.243    15.5740    30.3850 -9.990e-29     1.5728 1.0773e-01  1022.3761    15.5713    22.2947     7.4946    229.103    8.27329  252.90577     90.588 -9.990e-29
   40.77664  -72.57862     18.386     18.243    15.5742    30.3849 -9.990e-29     1.5728 1.0739e-01  1022.3761    15.5714    22.2947     7.4946    229.101    8.27332  252.90649     90.587 -9.990e-29
   40.77664  -72.57862     18.376     18.233    15.5743    30.3848 -9.990e-29     1.5728 1.0739e-01  1022.3759    15.5716    22.2946     7.4945    229.098    8.27330  252.90597     90.586 -9.990e-29
   40.77664  -72.57862     18.376     18.233    15.5743    30.3848 -9.990e-29     1.5728 1.0672e-01  1022.3757    15.5716    22.2945     7.4944    229.096    8.27327  252.90527     90.586 -9.990e-29
   40.77664  -72.57862     18.365     18.223    15.5742    30.3848 -9.990e-29     1.5728 1.0638e-01  1022.3758    15.5714    22.2946     7.4994    229.249    8.27328  252.90567     90.646 -9.990e-29
   40.77664  -72.57862     18.376     18.233    15.5742    30.3847 -9.990e-29     1.5728 1.0638e-01  1022.3761    15.5714    22.2947     7.4949    229.110    8.27325  252.90470     90.591 -9.990e-29
   40.77664  -72.57862     18.365     18.223    15.5742    30.3847 -9.990e-29     1.5728 1.0638e-01  1022.3759    15.5714    22.2946     7.4949    229.111    8.27326  252.90501     90.592 -9.990e-29
   40.77664  -72.57862     18.365     18.223    15.5742    30.3847 -9.990e-29     1.5728 1.0638e-01  1022.3759    15.5714    22.2945     7.4949    229.111    8.27326  252.90505     90.592 -9.990e-29
   40.77664  -72.57862     18.365     18.223    15.5743    30.3847 -9.990e-29     1.5728 1.0638e-01  1022.3756    15.5716    22.2945     7.4949    229.112    8.27324  252.90430     90.592 -9.990e-29
   40.77664  -72.57862     18.354     18.212    15.5740    30.3847 -9.990e-29     1.5728 1.0671e-01  1022.3759    15.5713    22.2946     7.4951    229.116    8.27331  252.90658     90.593 -9.990e-29
   40.77664  -72.57862     18.346     18.203    15.5742    30.3847 -9.990e-29     1.5728 1.0671e-01  1022.3757    15.5714    22.2946     7.4952    229.119    8.27331  252.90659     90.594 -9.990e-29
   40.77664  -72.57862     18.356     18.213    15.5743    30.3847 -9.990e-29     1.5728 1.0671e-01  1022.3758    15.5716    22.2945     7.4953    229.123    8.27331  252.90669     90.596 -9.990e-29
   40.77664  -72.57862     18.335     18.193    15.5743    30.3848 -9.990e-29     1.5728 1.0671e-01  1022.3755    15.5716    22.2945     7.4955    229.128    8.27334  252.90742     90.598 -9.990e-29
   40.77664  -72.57862     18.335     18.193    15.5743    30.3848 -9.990e-29     1.5728 1.0637e-01  1022.3758    15.5716    22.2945     7.4956    229.134    8.27338  252.90853     90.599 -9.990e-29
   40.77664  -72.57862     18.335     18.193    15.5743    30.3848 -9.990e-29     1.5728 1.0637e-01  1022.3757    15.5716    22.2945     7.4958    229.140    8.27338  252.90864     90.602 -9.990e-29
   40.77664  -72.57862     18.314     18.172    15.5745    30.3848 -9.990e-29     1.5728 1.0671e-01  1022.3754    15.5718    22.2945     7.4960    229.146    8.27339  252.90875     90.604 -9.990e-29
   40.77664  -72.57862     18.325     18.183    15.5745    30.3848 -9.990e-29     1.5728 1.0704e-01  1022.3756    15.5718    22.2945     7.4913    229.001    8.27341  252.90947     90.547 -9.990e-29
   40.77664  -72.57862     18.295     18.153    15.5747    30.3849 -9.990e-29     1.5728 1.0770e-01  1022.3754    15.5719    22.2946     7.4911    228.994    8.27345  252.91070     90.544 -9.990e-29
   40.77664  -72.57862     18.305     18.162    15.5747    30.3850 -9.990e-29     1.5728 1.0770e-01  1022.3757    15.5719    22.2947     7.4959    229.141    8.27346  252.91110     90.601 -9.990e-29
   40.77664  -72.57862     18.284     18.142    15.5747    30.3850 -9.990e-29     1.5728 1.0804e-01  1022.3758    15.5719    22.2948     7.4912    228.999    8.27346  252.91101     90.545 -9.990e-29
   40.77664  -72.57862     18.295     18.153    15.5747    30.3850 -9.990e-29     1.5728 1.0804e-01  1022.3756    15.5719    22.2946     7.4911    228.996    8.27353  252.91310     90.543 -9.990e-29
   40.77664  -72.57862     18.275     18.132    15.5748    30.3849 -9.990e-29     1.5728 1.0804e-01  1022.3752    15.5721    22.2944     7.4910    228.993    8.27349  252.91205     90.542 -9.990e-29
   40.77664  -72.57862     18.275     18.132    15.5750    30.3849 -9.990e-29     1.5728 1.0906e-01  1022.3749    15.5723    22.2943     7.4905    228.976    8.27354  252.91367     90.535 -9.990e-29
   40.77664  -72.57862     18.254     18.112    15.5752    30.3849 -9.990e-29     1.5862 1.0941e-01  1022.3752    15.5725    22.2945     7.4955    229.130    8.27360  252.91530     90.595 -9.990e-29
   40.77664  -72.57862     18.243     18.101    15.5752    30.3854 -9.990e-29     1.5996 1.0941e-01  1022.3756    15.5725    22.2949     7.4961    229.146    8.27364  252.91658     90.602 -9.990e-29
   40.77664  -72.57862     18.233     18.091    15.5748    30.3858 -9.990e-29     1.6131 1.0974e-01  1022.3761    15.5721    22.2952     7.4911    228.994    8.27367  252.91730     90.541 -9.990e-29
   40.77664  -72.57862     18.233     18.091    15.5752    30.3858 -9.990e-29     1.6131 1.0940e-01  1022.3759    15.5725    22.2953     7.4906    228.980    8.27371  252.91872     90.535 -9.990e-29
   40.77664  -72.57862     18.203     18.061    15.5752    30.3858 -9.990e-29     1.6131 1.0974e-01  1022.3758    15.5725    22.2952     7.4851    228.813    8.27372  252.91884     90.469 -9.990e-29
   40.77664  -72.57862     18.214     18.072    15.5752    30.3857 -9.990e-29     1.6131 1.1043e-01  1022.3757    15.5725    22.2951     7.4848    228.801    8.27376  252.92017     90.464 -9.990e-29
   40.77664  -72.57862     18.184     18.042    15.5753    30.3855 -9.990e-29     1.6131 1.1147e-01  1022.3754    15.5726    22.2949     7.4894    228.944    8.27379  252.92089     90.520 -9.990e-29
   40.77664  -72.57862     18.184     18.042    15.5753    30.3854 -9.990e-29     1.6131 1.1147e-01  1022.3752    15.5726    22.2947     7.4891    228.935    8.27383  252.92202     90.516 -9.990e-29
   40.77664  -72.57862     18.163     18.022    15.5757    30.3854 -9.990e-29     1.5996 1.1182e-01  1022.3749    15.5730    22.2947     7.4844    228.790    8.27384  252.92253     90.458 -9.990e-29
   40.77664  -72.57862     18.163     18.022    15.5757    30.3854 -9.990e-29     1.6131 1.1217e-01  1022.3750    15.5730    22.2947     7.4842    228.783    8.27387  252.92325     90.456 -9.990e-29
   40.77664  -72.57862     18.142     18.001    15.5757    30.3855 -9.990e-29     1.6131 1.1182e-01  1022.3751    15.5730    22.2948     7.4841    228.780    8.27391  252.92433     90.454 -9.990e-29
   40.77664  -72.57862     18.133     17.992    15.5757    30.3855 -9.990e-29     1.6131 1.1252e-01  1022.3751    15.5730    22.2948     7.4834    228.761    8.27393  252.92514     90.446 -9.990e-29
   40.77664  -72.57862     18.133     17.992    15.5758    30.3855 -9.990e-29     1.6131 1.1358e-01  1022.3753    15.5731    22.2948     7.4829    228.743    8.27395  252.92556     90.439 -9.990e-29
   40.77664  -72.57862     18.103     17.962    15.5760    30.3855 -9.990e-29     1.6131 1.1394e-01  1022.3746    15.5734    22.2948     7.4829    228.743    8.27395  252.92577     90.439 -9.990e-29
   40.77664  -72.57862     18.112     17.971    15.5758    30.3855 -9.990e-29     1.6131 1.1394e-01  1022.3750    15.5731    22.2948     7.4874    228.883    8.27399  252.92679     90.494 -9.990e-29
   40.77664  -72.57862     18.082     17.941    15.5762    30.3855 -9.990e-29     1.6131 1.1500e-01  1022.3750    15.5735    22.2947     7.4825    228.732    8.27404  252.92822     90.434 -9.990e-29
   40.77664  -72.57862     18.092     17.951    15.5767    30.3853 -9.990e-29     1.5996 1.1465e-01  1022.3743    15.5740    22.2944     7.4871    228.874    8.27408  252.92945     90.489 -9.990e-29
   40.77664  -72.57862     18.061     17.921    15.5767    30.3852 -9.990e-29     1.6131 1.1537e-01  1022.3741    15.5740    22.2942     7.4823    228.725    8.27410  252.93006     90.430 -9.990e-29
   40.77664  -72.57862     18.061     17.921    15.5769    30.3852 -9.990e-29     1.6131 1.1682e-01  1022.3740    15.5742    22.2942     7.4819    228.714    8.27411  252.93037     90.426 -9.990e-29
   40.77664  -72.57862     18.052     17.911    15.5767    30.3851 -9.990e-29     1.6131 1.1755e-01  1022.3743    15.5740    22.2943     7.4866    228.858    8.27414  252.93118     90.482 -9.990e-29
   40.77664  -72.57862     18.052     17.911    15.5766    30.3851 -9.990e-29     1.6131 1.1755e-01  1022.3743    15.5739    22.2943     7.4819    228.714    8.27418  252.93237     90.425 -9.990e-29
   40.77664  -72.57862     18.041     17.900    15.5769    30.3851 -9.990e-29     1.6131 1.1792e-01  1022.3740    15.5742    22.2942     7.4867    228.859    8.27422  252.93347     90.482 -9.990e-29
   40.77664  -72.57862     18.031     17.891    15.5769    30.3849 -9.990e-29     1.6131 1.1792e-01  1022.3739    15.5742    22.2940     7.4870    228.868    8.27419  252.93263     90.486 -9.990e-29
   40.77664  -72.57862     18.020     17.880    15.5771    30.3848 -9.990e-29     1.6131 1.1792e-01  1022.3736    15.5744    22.2940     7.4823    228.726    8.27423  252.93390     90.429 -9.990e-29
   40.77664  -72.57862     18.031     17.891    15.5772    30.3846 -9.990e-29     1.5996 1.1865e-01  1022.3737    15.5745    22.2938     7.4821    228.721    8.27423  252.93411     90.427 -9.990e-29
   40.77664  -72.57862     18.010     17.870    15.5777    30.3845 -9.990e-29     1.5459 1.1902e-01  1022.3730    15.5750    22.2936     7.4820    228.718    8.27427  252.93522     90.425 -9.990e-29
   40.77664  -72.57862     18.021     17.881    15.5774    30.3845 -9.990e-29     1.5325 1.1902e-01  1022.3736    15.5747    22.2936     7.4819    228.715    8.27426  252.93481     90.424 -9.990e-29
   40.77664  -72.57862     18.010     17.870    15.5776    30.3844 -9.990e-29     1.5325 1.1976e-01  1022.3733    15.5749    22.2935     7.4870    228.869    8.27434  252.93725     90.485 -9.990e-29
   40.77664  -72.57862     18.021     17.881    15.5779    30.3840 -9.990e-29     1.5325 1.2014e-01  1022.3729    15.5752    22.2933     7.4875    228.884    8.27433  252.93685     90.491 -9.990e-29
   40.77664  -72.57862     18.021     17.881    15.5779    30.3838 -9.990e-29     1.5325 1.2051e-01  1022.3727    15.5752    22.2931     7.4880    228.900    8.27435  252.93736     90.497 -9.990e-29
   40.77664  -72.57862     18.010     17.870    15.5781    30.3836 -9.990e-29     1.5325 1.2051e-01  1022.3726    15.5754    22.2929     7.4891    228.932    8.27430  252.93604     90.510 -9.990e-29
   40.77664  -72.57862     18.031     17.891    15.5781    30.3835 -9.990e-29     1.5325 1.2052e-01  1022.3725    15.5754    22.2927     7.4897    228.951    8.27435  252.93756     90.517 -9.990e-29
 -9.990e-29  -72.57862     18.021     17.881    15.5782    30.3833      8.043     1.5325 1.2052e-01  1022.3722    15.5755    22.2926     7.4903    228.970    8.27436  252.93786     90.524 -9.990e-29
 -9.990e-29  -72.57862     18.031     17.891    15.5783    30.3833      8.043     1.5325 1.2052e-01  1022.3724    15.5756    22.2926     7.4909    228.989    8.27435  252.93756     90.532 -9.990e-29
 -9.990e-29  -72.57862     18.031     17.891    15.5779    30.3833      8.043     1.5325 1.2089e-01  1022.3724    15.5752    22.2926     7.4916    229.009    8.27435  252.93737     90.540 -9.990e-29
 -9.990e-29  -72.57862     18.041     17.900    15.5779    30.3833      8.043     1.5325 1.2089e-01  1022.3724    15.5752    22.2926     7.4922    229.029    8.27435  252.93766     90.548 -9.990e-29
 -9.990e-29  -72.57862     18.052     17.911    15.5779    30.3833      8.043     1.5325 1.2089e-01  1022.3724    15.5752    22.2927     7.4930    229.052    8.27441  252.93919     90.556 -9.990e-29
 -9.990e-29  -72.57862     18.071     17.930    15.5776    30.3835      8.043     1.5325 1.2015e-01  1022.3730    15.5749    22.2928     7.4936    229.072    8.27436  252.93776     90.565 -9.990e-29
 -9.990e-29  -72.57862     18.061     17.921    15.5774    30.3837      8.043     1.5325 1.2015e-01  1022.3728    15.5747    22.2930     7.4994    229.247    8.27434  252.93726     90.634 -9.990e-29
 -9.990e-29  -72.57862     18.082     17.941    15.5772    30.3838      8.043     1.5325 1.2015e-01  1022.3733    15.5745    22.2932     7.4957    229.135    8.27444  252.94039     90.588 -9.990e-29
 -9.990e-29  -72.57862     18.091     17.951    15.5772    30.3839      8.043     1.5325 1.1940e-01  1022.3733    15.5745    22.2932     7.5014    229.311    8.27443  252.93988     90.658 -9.990e-29
 -9.990e-29  -72.57862     18.112     17.971    15.5771    30.3839      8.043     1.5325 1.1940e-01  1022.3735    15.5744    22.2933     7.5027    229.349    8.27441  252.93937     90.673 -9.990e-29
 -9.990e-29  -72.57862     18.122     17.981    15.5767    30.3839      8.043     1.5325 1.1940e-01  1022.3738    15.5740    22.2934     7.5035    229.373    8.27446  252.94099     90.682 -9.990e-29
 -9.990e-29  -72.57862     18.122     17.981    15.5767    30.3839      8.043     1.5325 1.1866e-01  1022.3736    15.5740    22.2934     7.5042    229.396    8.27453  252.94327     90.691 -9.990e-29
