CalculateIndicators/WaterTemperature/Data/CTD_NYOS/20240913_C17.cnv
* Sea-Bird SBE 9 Data File:
* FileName = C:\Seabird 9 CTD\Data\2024\202409_offshore\20240913_C17.hex
* Software Version Seasave V 7.23.2
* Temperature SN = 4590
* Conductivity SN = 3228
* Number of Bytes Per Scan = 44
* Number of Voltage Words = 5
* Number of Scans Averaged by the Deck Unit = 1
* NMEA Latitude = 39 59.70 N
* NMEA Longitude = 072 32.49 W
* NMEA UTC (Time) = Sep 13 2024  13:18:22
* NMEA baud rate = 4800
** Ship: Seawolf
** Station: 9.4
** Operator: TDK
# nquan = 18
# nvalues = 15281                       
# units = specified
# name 0 = latitude: Latitude [deg]
# name 1 = longitude: Longitude [deg]
# name 2 = prDM: Pressure, Digiquartz [db]
# name 3 = depSM: Depth [salt water, m]
# name 4 = t090C: Temperature [ITS-90, deg C]
# name 5 = sal00: Salinity, Practical [PSU]
# name 6 = ph: pH
# name 7 = flECO-AFL: Fluorescence, WET Labs ECO-AFL/FL [mg/m^3]
# name 8 = cpar: CPAR/Corrected Irradiance [%]
# name 9 = density00: Density [density, kg/m^3]
# name 10 = potemp090C: Potential Temperature [ITS-90, deg C]
# name 11 = sigma-é00: Density [sigma-theta, kg/m^3]
# name 12 = sbeox0Mg/L: Oxygen, SBE 43 [mg/l]
# name 13 = sbox0Mm/Kg: Oxygen, SBE 43 [umol/kg]
# name 14 = oxsolMg/L: Oxygen Saturation, Garcia & Gordon [mg/l]
# name 15 = oxsolMm/Kg: Oxygen Saturation, Garcia & Gordon [umol/kg]
# name 16 = sbeox0PS: Oxygen, SBE 43 [% saturation]
# name 17 = flag:  0.000e+00
# span 0 =   39.99470,   39.99512       
# span 1 =  -72.54396,  -72.54166       
# span 2 =      1.967,     58.706       
# span 3 =      1.952,     58.248       
# span 4 =     8.4014,    20.8141       
# span 5 =    31.6246,    32.7779       
# span 6 =      7.778,      8.189       
# span 7 =    -0.0121,     1.3444       
# span 8 = 8.3515e-03, 2.1399e+02       
# span 9 =  1022.2595,  1025.2152       
# span 10 =     8.3961,    20.8136      
# span 11 =    22.2502,    24.9477      
# span 12 =     6.7506,     8.8489      
# span 13 =    205.867,    270.126      
# span 14 =    7.41700,    9.53206      
# span 15 =  226.73940,  290.65785      
# span 16 =     71.216,    106.913      
# span 17 = 0.0000e+00, 0.0000e+00      
# interval = seconds: 0.0416667
# start_time = Sep 13 2024 13:18:23 [System UTC, first data scan.]
# bad_flag = -9.990e-29
*END*
[from data line 8764]
   39.99484  -72.54294     35.603     35.328    12.3214    32.1220      7.924     0.5923 2.9270e-01  1024.4549    12.3169    24.2954     7.2560    221.375    8.74166  266.70069     83.005 -9.990e-29
   39.99484  -72.54294     35.617     35.341    12.3185    32.1231      7.924     0.5789 2.9186e-01  1024.4562    12.3139    24.2968     7.2610    221.526    8.74138  266.69231     83.064 -9.990e-29
   39.99484  -72.54294     35.617     35.341    12.3153    32.1241      7.924     0.5789 2.9049e-01  1024.4577    12.3107    24.2981     7.2611    221.529    8.74102  266.68133     83.069 -9.990e-29
   39.99484  -72.54294     35.647     35.371    12.3131    32.1250      7.924     0.5789 2.9078e-01  1024.4587    12.3085    24.2993     7.2611    221.529    8.74058  266.66786     83.073 -9.990e-29
   39.99484  -72.54294     35.647     35.371    12.3103    32.1260      7.924     0.5789 2.8995e-01  1024.4601    12.3058    24.3005     7.2610    221.529    8.74017  266.65564     83.077 -9.990e-29
   39.99484  -72.54294     35.657     35.381    12.3082    32.1271      7.924     0.5789 2.8802e-01  1024.4613    12.3037    24.3018     7.2610    221.528    8.73975  266.64338     83.080 -9.990e-29
   39.99484  -72.54294     35.668     35.392    12.3059    32.1282      7.924     0.5789 2.8720e-01  1024.4628    12.3014    24.3031     7.2610    221.528    8.73941  266.63311     83.084 -9.990e-29
   39.99484  -72.54294     35.678     35.401    12.3042    32.1293      7.924     0.5789 2.8720e-01  1024.4641    12.2997    24.3043     7.2610    221.528    8.73911  266.62411     83.086 -9.990e-29
   39.99484  -72.54294     35.678     35.401    12.3027    32.1304      7.924     0.5789 2.8720e-01  1024.4651    12.2982    24.3054     7.2610    221.528    8.73880  266.61490     83.089 -9.990e-29
   39.99484  -72.54294     35.689     35.412    12.3011    32.1315      7.924     0.5789 2.8634e-01  1024.4664    12.2965    24.3066     7.2610    221.530    8.73862  266.60930     83.091 -9.990e-29
   39.99484  -72.54294     35.689     35.412    12.2999    32.1325      7.924     0.5789 2.8468e-01  1024.4672    12.2953    24.3075     7.2611    221.530    8.73841  266.60331     83.094 -9.990e-29
   39.99484  -72.54294     35.696     35.419    12.2992    32.1334      7.924     0.5789 2.8359e-01  1024.4682    12.2946    24.3085     7.2611    221.531    8.73824  266.59842     83.095 -9.990e-29
   39.99484  -72.54294     35.698     35.422    12.2987    32.1345      7.924     0.5789 2.8387e-01  1024.4692    12.2942    24.3094     7.2611    221.532    8.73810  266.59408     83.097 -9.990e-29
   39.99484  -72.54294     35.698     35.422    12.2984    32.1354      7.924     0.5654 2.8471e-01  1024.4701    12.2938    24.3102     7.2618    221.552    8.73796  266.58986     83.106 -9.990e-29
   39.99484  -72.54294     35.698     35.422    12.2987    32.1362      7.924     0.5520 2.8556e-01  1024.4705    12.2942    24.3107     7.2617    221.550    8.73777  266.58404     83.107 -9.990e-29
   39.99484  -72.54294     35.698     35.422    12.2992    32.1367      7.924     0.5386 2.8585e-01  1024.4708    12.2946    24.3109     7.2617    221.550    8.73765  266.58050     83.108 -9.990e-29
   39.99484  -72.54294     35.698     35.422    12.3006    32.1370      7.924     0.5386 2.8528e-01  1024.4710    12.2960    24.3109     7.2616    221.547    8.73750  266.57581     83.109 -9.990e-29
   39.99484  -72.54294     35.689     35.412    12.3021    32.1370      7.924     0.5386 2.8471e-01  1024.4707    12.2975    24.3107     7.2614    221.541    8.73720  266.56664     83.109 -9.990e-29
   39.99484  -72.54294     35.689     35.412    12.3039    32.1368      7.924     0.5386 2.8528e-01  1024.4696    12.2993    24.3102     7.2611    221.532    8.73688  266.55683     83.109 -9.990e-29
   39.99484  -72.54294     35.678     35.401    12.3049    32.1371      7.924     0.5386 2.8556e-01  1024.4694    12.3004    24.3102     7.2614    221.542    8.73651  266.54552     83.116 -9.990e-29
   39.99484  -72.54294     35.678     35.401    12.3064    32.1380      7.924     0.5386 2.8720e-01  1024.4707    12.3018    24.3106     7.2611    221.532    8.73611  266.53397     83.116 -9.990e-29
   39.99484  -72.54294     35.665     35.389    12.3089    32.1384      7.924     0.5386 2.8634e-01  1024.4710    12.3043    24.3105     7.2662    221.688    8.73581  266.52537     83.177 -9.990e-29
   39.99484  -72.54294     35.657     35.381    12.3107    32.1378      7.924     0.5386 2.8578e-01  1024.4688    12.3062    24.3098     7.2666    221.701    8.73569  266.52174     83.183 -9.990e-29
   39.99484  -72.54294     35.647     35.371    12.3103    32.1377      7.924     0.5386 2.8744e-01  1024.4685    12.3057    24.3098     7.2670    221.712    8.73556  266.51777     83.189 -9.990e-29
   39.99484  -72.54294     35.627     35.351    12.3093    32.1386      7.924     0.5386 2.8941e-01  1024.4704    12.3048    24.3105     7.2673    221.722    8.73542  266.51369     83.194 -9.990e-29
   39.99484  -72.54294     35.627     35.351    12.3104    32.1393      7.924     0.5386 2.8941e-01  1024.4703    12.3059    24.3109     7.2622    221.568    8.73536  266.51196     83.136 -9.990e-29
   39.99484  -72.54294     35.617     35.341    12.3114    32.1401      7.924     0.5386 2.8913e-01  1024.4701    12.3068    24.3114     7.2672    221.720    8.73521  266.50777     83.195 -9.990e-29
   39.99484  -72.54294     35.596     35.321    12.3113    32.1423      7.924     0.5386 2.8966e-01  1024.4714    12.3067    24.3129     7.2621    221.565    8.73520  266.50742     83.136 -9.990e-29
   39.99484  -72.54294     35.587     35.311    12.3126    32.1456      7.924     0.5386 2.8995e-01  1024.4754    12.3080    24.3150     7.2671    221.717    8.73513  266.50529     83.194 -9.990e-29
   39.99484  -72.54294     35.576     35.300    12.3185    32.1475      7.924     0.5386 2.9020e-01  1024.4764    12.3139    24.3155     7.2673    221.722    8.73506  266.50309     83.197 -9.990e-29
   39.99484  -72.54294     35.555     35.280    12.3260    32.1466      7.924     0.5386 2.9017e-01  1024.4734    12.3214    24.3136     7.2674    221.726    8.73501  266.50146     83.199 -9.990e-29
   39.99484  -72.54294     35.552     35.277    12.3334    32.1438      7.924     0.5386 2.8931e-01  1024.4694    12.3288    24.3101     7.2675    221.729    8.73494  266.49958     83.200 -9.990e-29
   39.99484  -72.54294     35.525     35.250    12.3403    32.1404      7.924     0.5386 2.8902e-01  1024.4652    12.3358    24.3063     7.2621    221.563    8.73484  266.49657     83.139 -9.990e-29
   39.99484  -72.54294     35.515     35.240    12.3459    32.1368      7.924     0.5386 2.9128e-01  1024.4612    12.3413    24.3024     7.2614    221.543    8.73479  266.49471     83.132 -9.990e-29
   39.99484  -72.54294     35.505     35.230    12.3497    32.1331      7.924     0.5520 2.9273e-01  1024.4574    12.3452    24.2988     7.2601    221.501    8.73468  266.49143     83.118 -9.990e-29
   39.99484  -72.54294     35.474     35.199    12.3526    32.1299      7.924     0.5386 2.9303e-01  1024.4540    12.3480    24.2957     7.2647    221.643    8.73458  266.48849     83.172 -9.990e-29
   39.99484  -72.54294     35.464     35.189    12.3541    32.1275      7.924     0.5386 2.9382e-01  1024.4517    12.3495    24.2936     7.2646    221.640    8.73453  266.48702     83.171 -9.990e-29
   39.99484  -72.54294     35.443     35.169    12.3542    32.1263      7.924     0.5386 2.9382e-01  1024.4508    12.3497    24.2926     7.2644    221.633    8.73444  266.48467     83.169 -9.990e-29
   39.99484  -72.54294     35.423     35.148    12.3541    32.1258      7.924     0.5520 2.9382e-01  1024.4506    12.3495    24.2923     7.2642    221.628    8.73444  266.48467     83.167 -9.990e-29
   39.99484  -72.54294     35.413     35.139    12.3534    32.1257      7.924     0.5520 2.9492e-01  1024.4508    12.3489    24.2923     7.2640    221.621    8.73448  266.48581     83.164 -9.990e-29
   39.99484  -72.54294     35.383     35.109    12.3526    32.1257      7.924     0.5520 2.9433e-01  1024.4505    12.3480    24.2923     7.2636    221.610    8.73441  266.48375     83.161 -9.990e-29
   39.99484  -72.54294     35.373     35.099    12.3517    32.1257      7.924     0.5654 2.9375e-01  1024.4508    12.3472    24.2926     7.2639    221.618    8.73434  266.48117     83.165 -9.990e-29
   39.99484  -72.54294     35.341     35.068    12.3509    32.1258      7.924     0.5520 2.9514e-01  1024.4510    12.3464    24.2928     7.2639    221.618    8.73401  266.47090     83.168 -9.990e-29
   39.99484  -72.54294     35.322     35.048    12.3507    32.1260      7.924     0.5520 2.9569e-01  1024.4508    12.3462    24.2930     7.2638    221.616    8.73365  266.45988     83.171 -9.990e-29
   39.99484  -72.54294     35.301     35.028    12.3499    32.1265      7.924     0.5520 2.9741e-01  1024.4513    12.3454    24.2935     7.2631    221.593    8.73326  266.44778     83.166 -9.990e-29
   39.99484  -72.54294     35.271     34.998    12.3487    32.1272      7.924     0.5520 3.0000e-01  1024.4520    12.3442    24.2943     7.2621    221.565    8.73276  266.43276     83.160 -9.990e-29
   39.99484  -72.54294     35.257     34.984    12.3481    32.1282      7.924     0.5520 3.0086e-01  1024.4528    12.3435    24.2951     7.2619    221.558    8.73235  266.42066     83.161 -9.990e-29
   39.99484  -72.54294     35.250     34.977    12.3485    32.1292      7.924     0.5520 3.0142e-01  1024.4538    12.3440    24.2959     7.2617    221.554    8.73205  266.41208     83.162 -9.990e-29
   39.99484  -72.54294     35.220     34.947    12.3494    32.1299      7.924     0.5654 3.0258e-01  1024.4542    12.3449    24.2963     7.2617    221.551    8.73187  266.40664     83.163 -9.990e-29
   39.99484  -72.54294     35.199     34.927    12.3509    32.1303      7.924     0.5520 3.0518e-01  1024.4537    12.3464    24.2963     7.2609    221.529    8.73172  266.40258     83.156 -9.990e-29
   39.99484  -72.54294     35.179     34.906    12.3527    32.1307      7.924     0.5654 3.0457e-01  1024.4536    12.3482    24.2962     7.2608    221.526    8.73160  266.39905     83.156 -9.990e-29
   39.99484  -72.54294     35.158     34.886    12.3549    32.1309      7.924     0.5520 3.0454e-01  1024.4538    12.3504    24.2959     7.2607    221.524    8.73155  266.39767     83.155 -9.990e-29
   39.99484  -72.54294     35.139     34.867    12.3574    32.1304      7.924     0.5520 3.0625e-01  1024.4524    12.3529    24.2951     7.2607    221.521    8.73150  266.39638     83.155 -9.990e-29
   39.99484  -72.54294     35.118     34.846    12.3601    32.1296      7.924     0.5520 3.0682e-01  1024.4508    12.3556    24.2940     7.2605    221.517    8.73144  266.39441     83.154 -9.990e-29
   39.99484  -72.54294     35.107     34.835    12.3619    32.1291      7.924     0.5520 3.0712e-01  1024.4504    12.3574    24.2932     7.2603    221.512    8.73135  266.39153     83.153 -9.990e-29
   39.99484  -72.54294     35.077     34.805    12.3638    32.1285      7.924     0.5520 3.0948e-01  1024.4494    12.3593    24.2924     7.2601    221.506    8.73125  266.38874     83.151 -9.990e-29
   39.99484  -72.54294     35.057     34.786    12.3658    32.1278      7.924     0.5520 3.1067e-01  1024.4482    12.3613    24.2916     7.2653    221.664    8.73119  266.38703     83.211 -9.990e-29
   39.99484  -72.54294     35.046     34.775    12.3668    32.1273      7.924     0.5654 3.1098e-01  1024.4479    12.3623    24.2910     7.2603    221.511    8.73116  266.38607     83.154 -9.990e-29
   39.99484  -72.54294     35.026     34.754    12.3681    32.1269      7.924     0.5520 3.1369e-01  1024.4471    12.3636    24.2904     7.2656    221.671    8.73122  266.38841     83.214 -9.990e-29
   39.99484  -72.54294     35.006     34.735    12.3693    32.1264      7.924     0.5520 3.1579e-01  1024.4461    12.3648    24.2898     7.2607    221.524    8.73149  266.39704     83.156 -9.990e-29
   39.99484  -72.54294     34.995     34.724    12.3700    32.1263      7.924     0.5520 3.1610e-01  1024.4462    12.3655    24.2895     7.2663    221.694    8.73203  266.41423     83.214 -9.990e-29
   39.99484  -72.54294     34.975     34.704    12.3708    32.1262      7.924     0.5520 3.1791e-01  1024.4458    12.3663    24.2892     7.2618    221.557    8.73274  266.43603     83.156 -9.990e-29
   39.99484  -72.54294     34.955     34.685    12.3720    32.1261      7.924     0.5789 3.1850e-01  1024.4452    12.3675    24.2890     7.2618    221.558    8.73321  266.44974     83.152 -9.990e-29
   39.99484  -72.54294     34.944     34.674    12.3725    32.1262      7.924     0.5923 3.1850e-01  1024.4454    12.3680    24.2890     7.2671    221.718    8.73351  266.45848     83.209 -9.990e-29
   39.99484  -72.54294     34.924     34.653    12.3732    32.1264      7.924     0.5923 3.1909e-01  1024.4454    12.3687    24.2890     7.2620    221.563    8.73372  266.46430     83.149 -9.990e-29
   39.99484  -72.54294     34.914     34.644    12.3748    32.1267      7.924     0.5923 3.1905e-01  1024.4451    12.3703    24.2889     7.2617    221.552    8.73387  266.46843     83.144 -9.990e-29
   39.99484  -72.54294     34.893     34.623    12.3765    32.1269      7.924     0.5923 3.1874e-01  1024.4450    12.3720    24.2888     7.2613    221.541    8.73405  266.47363     83.138 -9.990e-29
   39.99484  -72.54294     34.884     34.614    12.3783    32.1268      7.924     0.5923 3.2060e-01  1024.4450    12.3739    24.2883     7.2663    221.693    8.73420  266.47783     83.194 -9.990e-29
   39.99484  -72.54294     34.874     34.604    12.3810    32.1257      7.924     0.5923 3.2247e-01  1024.4432    12.3765    24.2871     7.2611    221.533    8.73435  266.48236     83.132 -9.990e-29
   39.99484  -72.54294     34.863     34.593    12.3832    32.1244      7.924     0.5923 3.2436e-01  1024.4412    12.3787    24.2857     7.2605    221.516    8.73442  266.48445     83.125 -9.990e-29
   39.99484  -72.54294     34.842     34.572    12.3840    32.1236      7.924     0.5923 3.2436e-01  1024.4406    12.3796    24.2848     7.2606    221.519    8.73451  266.48718     83.125 -9.990e-29
   39.99484  -72.54294     34.833     34.563    12.3849    32.1230      7.924     0.5923 3.2463e-01  1024.4401    12.3804    24.2842     7.2661    221.688    8.73465  266.49137     83.188 -9.990e-29
   39.99484  -72.54294     34.823     34.553    12.3859    32.1225      7.924     0.6057 3.2463e-01  1024.4393    12.3814    24.2837     7.2667    221.706    8.73463  266.49048     83.195 -9.990e-29
   39.99484  -72.54294     34.812     34.542    12.3862    32.1221      7.924     0.5923 3.2496e-01  1024.4391    12.3817    24.2832     7.2619    221.559    8.73462  266.49008     83.140 -9.990e-29
   39.99484  -72.54294     34.802     34.533    12.3872    32.1218      7.924     0.6057 3.2719e-01  1024.4383    12.3828    24.2828     7.2612    221.536    8.73458  266.48894     83.131 -9.990e-29
   39.99484  -72.54294     34.802     34.533    12.3872    32.1216      7.924     0.5923 3.2812e-01  1024.4384    12.3828    24.2826     7.2611    221.535    8.73461  266.48976     83.131 -9.990e-29
   39.99484  -72.54294     34.791     34.522    12.3877    32.1216      7.924     0.5923 3.2714e-01  1024.4381    12.3832    24.2825     7.2605    221.514    8.73465  266.49101     83.122 -9.990e-29
   39.99484  -72.54294     34.782     34.512    12.3881    32.1216      7.924     0.5923 3.2681e-01  1024.4380    12.3836    24.2825     7.2603    221.510    8.73464  266.49067     83.121 -9.990e-29
   39.99484  -72.54294     34.772     34.503    12.3882    32.1217      7.924     0.5923 3.2742e-01  1024.4382    12.3838    24.2825     7.2656    221.671    8.73458  266.48859     83.182 -9.990e-29
   39.99484  -72.54294     34.782     34.512    12.3887    32.1216      7.924     0.6057 3.2709e-01  1024.4379    12.3842    24.2824     7.2661    221.685    8.73451  266.48665     83.188 -9.990e-29
