CalculateIndicators/WaterTemperature/Data/CTD_NYOS/20240915_C33.cnv
* Sea-Bird SBE 9 Data File:
* FileName = C:\Seabird 9 CTD\Data\2024\202409_offshore\20240915_C33.hex
* Software Version Seasave V 7.23.2
* Temperature SN = 4590
* Conductivity SN = 3228
* Number of Bytes Per Scan = 44
* Number of Voltage Words = 5
* Number of Scans Averaged by the Deck Unit = 1
* NMEA Latitude = 40 18.52 N
* NMEA Longitude = 071 48.46 W
* NMEA UTC (Time) = Sep 15 2024  04:15:26
* NMEA baud rate = 4800
** Ship: Seawolf
** Station: 11.4
** Operator: TCM
# nquan = 18
# nvalues = 12790                       
# units = specified
# name 0 = latitude: Latitude [deg]
# name 1 = longitude: Longitude [deg]
# name 2 = prDM: Pressure, Digiquartz [db]
# name 3 = depSM: Depth [salt water, m]
# name 4 = t090C: Temperature [ITS-90, deg C]
# name 5 = sal00: Salinity, Practical [PSU]
# name 6 = ph: pH
# name 7 = flECO-AFL: Fluorescence, WET Labs ECO-AFL/FL [mg/m^3]
# name 8 = cpar: CPAR/Corrected Irradiance [%]
# name 9 = density00: Density [density, kg/m^3]
# name 10 = potemp090C: Potential Temperature [ITS-90, deg C]
# name 11 = sigma-é00: Density [sigma-theta, kg/m^3]
# name 12 = sbeox0Mg/L: Oxygen, SBE 43 [mg/l]
# name 13 = sbox0Mm/Kg: Oxygen, SBE 43 [umol/kg]
# name 14 = oxsolMg/L: Oxygen Saturation, Garcia & Gordon [mg/l]
# name 15 = oxsolMm/Kg: Oxygen Saturation, Garcia & Gordon [umol/kg]
# name 16 = sbeox0PS: Oxygen, SBE 43 [% saturation]
# name 17 = flag:  0.000e+00
# span 0 =   40.30872,   40.30896       
# span 1 =  -71.81032,  -71.80774       
# span 2 =      1.771,     69.766       
# span 3 =      1.757,     69.218       
# span 4 =    10.4303,    22.0846       
# span 5 =    31.8419,    34.3684       
# span 6 =      7.896,      8.207       
# span 7 =    -0.0524,     2.0294       
# span 8 = 1.6880e-11, 9.9999e+04       
# span 9 =  1022.9892,  1025.9149       
# span 10 =    10.4263,    22.0808      
# span 11 =    22.9833,    25.6031      
# span 12 =     6.3344,     8.5872      
# span 13 =    193.013,    261.971      
# span 14 =    7.17663,    9.09633      
# span 15 =  219.18501,  277.40191      
# span 16 =     71.367,    107.460      
# span 17 = 0.0000e+00, 0.0000e+00      
# interval = seconds: 0.0416667
# start_time = Sep 15 2024 04:15:27 [System UTC, first data scan.]
# bad_flag = -9.990e-29
*END*
[from data line 3056]
   40.30880  -71.80832     69.283     68.738    11.2359    33.5199 -9.990e-29     0.0416 1.6880e-11  1025.8930    11.2274    25.5822     6.4159    195.501    8.86833  270.22849     72.347 -9.990e-29
   40.30880  -71.80832     69.283     68.738    11.2361    33.5200 -9.990e-29     0.0416 1.6880e-11  1025.8932    11.2276    25.5822     6.4123    195.389    8.86788  270.21478     72.309 -9.990e-29
   40.30880  -71.80832     69.252     68.708    11.2366    33.5200 -9.990e-29     0.0551 1.6880e-11  1025.8928    11.2281    25.5822     6.4127    195.404    8.86714  270.19261     72.320 -9.990e-29
   40.30880  -71.80832     69.241     68.697    11.2364    33.5198 -9.990e-29     0.0551 1.6880e-11  1025.8925    11.2279    25.5820     6.4128    195.407    8.86650  270.17403     72.326 -9.990e-29
   40.30880  -71.80832     69.231     68.688    11.2363    33.5198 -9.990e-29     0.0551 1.6880e-11  1025.8925    11.2278    25.5820     6.4134    195.427    8.86633  270.16936     72.335 -9.990e-29
   40.30880  -71.80832     69.211     68.667    11.2363    33.5201 -9.990e-29     0.0551 1.6880e-11  1025.8927    11.2278    25.5822     6.4145    195.459    8.86644  270.17263     72.346 -9.990e-29
   40.30880  -71.80832     69.201     68.657    11.2366    33.5203 -9.990e-29     0.0551 1.6880e-11  1025.8930    11.2281    25.5824     6.4099    195.318    8.86611  270.16243     72.296 -9.990e-29
   40.30880  -71.80832     69.190     68.646    11.2372    33.5202 -9.990e-29     0.0551 1.6880e-11  1025.8929    11.2288    25.5822     6.4102    195.327    8.86556  270.14545     72.304 -9.990e-29
   40.30880  -71.80832     69.169     68.626    11.2389    33.5198 -9.990e-29     0.0551 1.6880e-11  1025.8918    11.2304    25.5816     6.4107    195.344    8.86505  270.12976     72.315 -9.990e-29
   40.30880  -71.80832     69.159     68.616    11.2399    33.5193 -9.990e-29     0.0551 1.6880e-11  1025.8912    11.2315    25.5810     6.4108    195.347    8.86459  270.11643     72.320 -9.990e-29
   40.30880  -71.80832     69.132     68.589    11.2407    33.5189 -9.990e-29     0.0551 1.6880e-11  1025.8908    11.2323    25.5806     6.4113    195.363    8.86436  270.11049     72.327 -9.990e-29
   40.30880  -71.80834     69.108     68.565    11.2416    33.5185 -9.990e-29     0.0551 1.6880e-11  1025.8901    11.2331    25.5801     6.4121    195.386    8.86422  270.10645     72.337 -9.990e-29
   40.30880  -71.80834     69.108     68.565    11.2418    33.5178 -9.990e-29     0.0551 1.6880e-11  1025.8895    11.2333    25.5796     6.4131    195.416    8.86413  270.10389     72.349 -9.990e-29
   40.30880  -71.80834     69.088     68.545    11.2421    33.5173 -9.990e-29     0.0551 1.6880e-11  1025.8889    11.2336    25.5791     6.4138    195.438    8.86434  270.11069     72.355 -9.990e-29
   40.30880  -71.80834     69.067     68.524    11.2414    33.5170 -9.990e-29     0.0551 1.6880e-11  1025.8886    11.2329    25.5790     6.4149    195.472    8.86483  270.12604     72.363 -9.990e-29
   40.30880  -71.80834     69.046     68.504    11.2406    33.5172 -9.990e-29     0.0551 1.6880e-11  1025.8888    11.2321    25.5792     6.4162    195.513    8.86541  270.14337     72.374 -9.990e-29
   40.30880  -71.80834     69.036     68.494    11.2396    33.5177 -9.990e-29     0.0551 1.6880e-11  1025.8896    11.2311    25.5797     6.4119    195.382    8.86568  270.15063     72.323 -9.990e-29
   40.30880  -71.80834     69.027     68.484    11.2389    33.5181 -9.990e-29     0.0551 1.6880e-11  1025.8899    11.2305    25.5803     6.4125    195.397    8.86559  270.14764     72.330 -9.990e-29
   40.30880  -71.80834     68.995     68.453    11.2381    33.5186 -9.990e-29     0.0551 1.6880e-11  1025.8904    11.2297    25.5807     6.4124    195.396    8.86546  270.14367     72.330 -9.990e-29
   40.30880  -71.80834     68.985     68.443    11.2379    33.5190 -9.990e-29     0.0551 1.6880e-11  1025.8905    11.2295    25.5811     6.4133    195.423    8.86535  270.14054     72.341 -9.990e-29
   40.30880  -71.80834     68.964     68.423    11.2376    33.5192 -9.990e-29     0.0551 1.6880e-11  1025.8912    11.2291    25.5813     6.4138    195.437    8.86538  270.14109     72.346 -9.990e-29
   40.30880  -71.80834     68.955     68.413    11.2385    33.5189 -9.990e-29     0.0551 1.6880e-11  1025.8903    11.2300    25.5810     6.4137    195.435    8.86545  270.14365     72.345 -9.990e-29
   40.30880  -71.80834     68.934     68.392    11.2391    33.5186 -9.990e-29     0.0551 1.6880e-11  1025.8896    11.2306    25.5806     6.4141    195.448    8.86595  270.15933     72.346 -9.990e-29
   40.30880  -71.80834     68.913     68.372    11.2393    33.5187 -9.990e-29     0.0551 1.6880e-11  1025.8895    11.2308    25.5805     6.4149    195.473    8.86675  270.18333     72.348 -9.990e-29
   40.30880  -71.80834     68.892     68.351    11.2397    33.5190 -9.990e-29     0.0551 1.6880e-11  1025.8902    11.2313    25.5807     6.4158    195.500    8.86749  270.20525     72.352 -9.990e-29
   40.30880  -71.80834     68.883     68.342    11.2407    33.5190 -9.990e-29     0.0551 1.6880e-11  1025.8898    11.2323    25.5805     6.4167    195.526    8.86801  270.22049     72.358 -9.990e-29
   40.30880  -71.80834     68.872     68.331    11.2421    33.5185 -9.990e-29     0.0551 1.6880e-11  1025.8889    11.2336    25.5800     6.4178    195.557    8.86856  270.23661     72.365 -9.990e-29
   40.30880  -71.80834     68.841     68.300    11.2429    33.5180 -9.990e-29     0.0416 1.6880e-11  1025.8882    11.2345    25.5795     6.4189    195.593    8.86908  270.25231     72.374 -9.990e-29
   40.30880  -71.80834     68.832     68.291    11.2427    33.5178 -9.990e-29     0.0416 1.6880e-11  1025.8880    11.2343    25.5793     6.4201    195.630    8.86949  270.26421     72.385 -9.990e-29
   40.30880  -71.80834     68.811     68.270    11.2427    33.5177 -9.990e-29     0.0416 1.6880e-11  1025.8878    11.2343    25.5792     6.4206    195.645    8.86969  270.26998     72.389 -9.990e-29
   40.30880  -71.80834     68.801     68.261    11.2431    33.5177 -9.990e-29     0.0416 1.6880e-11  1025.8879    11.2347    25.5792     6.4211    195.660    8.86978  270.27225     72.394 -9.990e-29
   40.30880  -71.80834     68.780     68.240    11.2437    33.5176 -9.990e-29     0.0416 1.6880e-11  1025.8878    11.2353    25.5790     6.4225    195.701    8.86987  270.27505     72.408 -9.990e-29
   40.30880  -71.80834     68.780     68.240    11.2446    33.5172 -9.990e-29     0.0416 1.6880e-11  1025.8869    11.2361    25.5786     6.4234    195.728    8.87011  270.28243     72.416 -9.990e-29
   40.30880  -71.80834     68.739     68.199    11.2449    33.5169 -9.990e-29     0.0416 1.6880e-11  1025.8864    11.2365    25.5782     6.4244    195.757    8.87029  270.28746     72.426 -9.990e-29
   40.30880  -71.80834     68.750     68.210    11.2457    33.5170 -9.990e-29     0.0416 1.6880e-11  1025.8865    11.2373    25.5781     6.4255    195.790    8.87048  270.29313     72.436 -9.990e-29
   40.30880  -71.80834     68.718     68.178    11.2464    33.5171 -9.990e-29     0.0416 1.6880e-11  1025.8866    11.2380    25.5781     6.4211    195.657    8.87062  270.29725     72.386 -9.990e-29
   40.30880  -71.80834     68.708     68.169    11.2477    33.5170 -9.990e-29     0.0416 1.6880e-11  1025.8861    11.2393    25.5778     6.4272    195.845    8.87077  270.30187     72.454 -9.990e-29
   40.30880  -71.80834     68.699     68.159    11.2487    33.5166 -9.990e-29     0.0416 1.6880e-11  1025.8856    11.2403    25.5773     6.4280    195.867    8.87092  270.30596     72.461 -9.990e-29
   40.30880  -71.80834     68.678     68.139    11.2499    33.5160 -9.990e-29     0.0416 1.6880e-11  1025.8845    11.2415    25.5766     6.4285    195.883    8.87074  270.30035     72.469 -9.990e-29
   40.30880  -71.80834     68.678     68.139    11.2512    33.5155 -9.990e-29     0.0416 1.6880e-11  1025.8841    11.2428    25.5760     6.4292    195.904    8.87064  270.29738     72.477 -9.990e-29
   40.30880  -71.80834     68.657     68.118    11.2522    33.5148 -9.990e-29     0.0416 1.6880e-11  1025.8835    11.2438    25.5753     6.4300    195.929    8.87059  270.29596     72.487 -9.990e-29
   40.30880  -71.80834     68.648     68.108    11.2539    33.5139 -9.990e-29     0.0416 1.6880e-11  1025.8821    11.2455    25.5744     6.4365    196.128    8.87062  270.29705     72.560 -9.990e-29
   40.30880  -71.80834     68.636     68.097    11.2541    33.5131 -9.990e-29     0.0416 1.6880e-11  1025.8814    11.2457    25.5737     6.4329    196.017    8.87091  270.30635     72.516 -9.990e-29
   40.30880  -71.80834     68.627     68.088    11.2542    33.5125 -9.990e-29     0.0416 1.6880e-11  1025.8810    11.2458    25.5732     6.4343    196.059    8.87131  270.31807     72.529 -9.990e-29
   40.30880  -71.80834     68.627     68.088    11.2540    33.5120      7.948     0.0416 1.6880e-11  1025.8804    11.2456    25.5727     6.4355    196.097    8.87144  270.32163     72.542 -9.990e-29
   40.30880  -71.80834     68.606     68.067    11.2540    33.5118      7.948     0.0416 1.6880e-11  1025.8802    11.2457    25.5726     6.4305    195.944    8.87142  270.32080     72.486 -9.990e-29
   40.30880  -71.80834     68.606     68.067    11.2537    33.5120      7.948     0.0416 1.6880e-11  1025.8806    11.2453    25.5728     6.4305    195.944    8.87149  270.32341     72.485 -9.990e-29
   40.30880  -71.80834     68.606     68.067    11.2540    33.5125      7.948     0.0416 1.6880e-11  1025.8808    11.2457    25.5731     6.4372    196.148    8.87198  270.33856     72.556 -9.990e-29
   40.30880  -71.80834     68.585     68.047    11.2542    33.5129      7.948     0.0416 1.6880e-11  1025.8812    11.2458    25.5734     6.4329    196.016    8.87256  270.35584     72.503 -9.990e-29
   40.30880  -71.80834     68.585     68.047    11.2564    33.5129      7.948     0.0416 1.6880e-11  1025.8813    11.2480    25.5729     6.4341    196.053    8.87296  270.36724     72.514 -9.990e-29
   40.30880  -71.80834     68.585     68.047    11.2607    33.5117      7.948     0.0416 1.6880e-11  1025.8796    11.2523    25.5714     6.4345    196.065    8.87307  270.36994     72.517 -9.990e-29
   40.30880  -71.80834     68.576     68.037    11.2650    33.5096      7.948     0.0551 1.6880e-11  1025.8763    11.2566    25.5691     6.4404    196.243    8.87294  270.36558     72.584 -9.990e-29
   40.30880  -71.80834     68.565     68.026    11.2666    33.5079      7.948     0.0551 1.6880e-11  1025.8740    11.2583    25.5674     6.4359    196.107    8.87288  270.36416     72.534 -9.990e-29
   40.30880  -71.80834     68.576     68.037    11.2660    33.5076      7.948     0.0551 1.6880e-11  1025.8744    11.2576    25.5670     6.4422    196.299    8.87310  270.37108     72.604 -9.990e-29
   40.30880  -71.80834     68.565     68.026    11.2675    33.5084      7.948     0.0551 1.6880e-11  1025.8747    11.2591    25.5674     6.4381    196.174    8.87334  270.37825     72.555 -9.990e-29
   40.30880  -71.80834     68.576     68.037    11.2696    33.5096      7.948     0.0551 1.6880e-11  1025.8763    11.2612    25.5681     6.4436    196.343    8.87337  270.37909     72.618 -9.990e-29
   40.30880  -71.80834     68.564     68.026    11.2721    33.5097      7.948     0.0551 1.6880e-11  1025.8764    11.2637    25.5677     6.4388    196.197    8.87347  270.38206     72.563 -9.990e-29
   40.30880  -71.80834     68.564     68.026    11.2755    33.5078      7.948     0.0551 1.6880e-11  1025.8735    11.2671    25.5657     6.4391    196.204    8.87370  270.38901     72.563 -9.990e-29
   40.30880  -71.80834     68.564     68.026    11.2778    33.5053      7.948     0.0551 1.6880e-11  1025.8701    11.2694    25.5634     6.4393    196.211    8.87387  270.39395     72.565 -9.990e-29
   40.30882  -71.80834     68.576     68.037    11.2788    33.5036      7.948     0.0551 1.6880e-11  1025.8693    11.2704    25.5618     6.4396    196.219    8.87399  270.39753     72.567 -9.990e-29
   40.30882  -71.80834     68.564     68.026    11.2796    33.5020      7.948     0.0551 1.6880e-11  1025.8683    11.2712    25.5605     6.4399    196.229    8.87415  270.40267     72.569 -9.990e-29
   40.30882  -71.80834     68.576     68.037    11.2793    33.5002      7.948     0.0551 1.6880e-11  1025.8663    11.2709    25.5591     6.4460    196.413    8.87439  270.40967     72.635 -9.990e-29
   40.30882  -71.80834     68.576     68.037    11.2773    33.4991      7.948     0.0551 1.6880e-11  1025.8651    11.2689    25.5586     6.4472    196.450    8.87465  270.41761     72.647 -9.990e-29
   40.30882  -71.80834     68.592     68.053    11.2738    33.5000      7.948     0.0551 1.6880e-11  1025.8668    11.2654    25.5597     6.4428    196.317    8.87490  270.42502     72.596 -9.990e-29
   40.30882  -71.80834     68.585     68.047    11.2713    33.5020      7.948     0.0551 1.6880e-11  1025.8700    11.2629    25.5616     6.4433    196.332    8.87503  270.42835     72.601 -9.990e-29
   40.30882  -71.80834     68.595     68.056    11.2715    33.5035      7.948     0.0551 1.6880e-11  1025.8710    11.2631    25.5629     6.4487    196.495    8.87507  270.42961     72.660 -9.990e-29
   40.30882  -71.80834     68.595     68.056    11.2720    33.5040      7.948     0.0551 1.6880e-11  1025.8712    11.2636    25.5633     6.4491    196.509    8.87515  270.43171     72.665 -9.990e-29
   40.30882  -71.80834     68.606     68.067    11.2727    33.5041      7.948     0.0551 1.6880e-11  1025.8709    11.2643    25.5633     6.4440    196.352    8.87512  270.43104     72.607 -9.990e-29
   40.30882  -71.80834     68.616     68.077    11.2723    33.5037      7.948     0.0551 1.6880e-11  1025.8716    11.2639    25.5631     6.4437    196.345    8.87513  270.43120     72.604 -9.990e-29
   40.30882  -71.80834     68.627     68.088    11.2727    33.5026      7.948     0.0551 1.6880e-11  1025.8697    11.2643    25.5623     6.4491    196.508    8.87515  270.43182     72.665 -9.990e-29
   40.30882  -71.80834     68.627     68.088    11.2705    33.5017      7.948     0.0551 1.6880e-11  1025.8688    11.2621    25.5619     6.4439    196.350    8.87502  270.42770     72.607 -9.990e-29
   40.30882  -71.80834     68.647     68.108    11.2660    33.5019      7.948     0.0551 1.6880e-11  1025.8704    11.2576    25.5628     6.4437    196.343    8.87494  270.42526     72.605 -9.990e-29
   40.30882  -71.80834     68.657     68.118    11.2617    33.5033      7.948     0.0551 1.6880e-11  1025.8723    11.2533    25.5646     6.4434    196.335    8.87486  270.42288     72.603 -9.990e-29
   40.30882  -71.80834     68.667     68.127    11.2582    33.5051      7.948     0.0551 1.6880e-11  1025.8748    11.2498    25.5667     6.4487    196.497    8.87470  270.41811     72.664 -9.990e-29
   40.30882  -71.80834     68.688     68.148    11.2547    33.5069      7.948     0.0551 1.6880e-11  1025.8771    11.2463    25.5686     6.4436    196.341    8.87454  270.41328     72.608 -9.990e-29
   40.30882  -71.80834     68.688     68.148    11.2517    33.5083      7.948     0.0551 1.6880e-11  1025.8783    11.2433    25.5702     6.4434    196.335    8.87441  270.40953     72.607 -9.990e-29
   40.30882  -71.80834     68.708     68.169    11.2491    33.5097      7.948     0.0551 1.6880e-11  1025.8801    11.2407    25.5717     6.4433    196.333    8.87442  270.41010     72.606 -9.990e-29
   40.30882  -71.80834     68.729     68.189    11.2475    33.5111      7.948     0.0551 1.6880e-11  1025.8816    11.2391    25.5732     6.4489    196.504    8.87453  270.41336     72.668 -9.990e-29
   40.30882  -71.80834     68.729     68.189    11.2466    33.5122      7.948     0.0551 1.6880e-11  1025.8831    11.2382    25.5742     6.4441    196.355    8.87459  270.41534     72.612 -9.990e-29
