CalculateIndicators/WaterTemperature/Data/CTD_NYOS/20240426_C05.cnv
* Sea-Bird SBE 9 Data File:
* FileName = C:\Seabird 9 CTD\Data\2024\202404_offshore\20240426_C05.hex
* Software Version Seasave V 7.23.2
* Temperature SN = 4590
* Conductivity SN = 3228
* Number of Bytes Per Scan = 44
* Number of Voltage Words = 5
* Number of Scans Averaged by the Deck Unit = 1
* NMEA Latitude = 40 18.14 N
* NMEA Longitude = 073 13.44 W
* NMEA UTC (Time) = Apr 26 2024  13:54:56
* NMEA baud rate = 4800
** Ship: Seawolf
** Station: 8.2
** Operator: TCM
# nquan = 18
# nvalues = 10873                       
# units = specified
# name 0 = latitude: Latitude [deg]
# name 1 = longitude: Longitude [deg]
# name 2 = prDM: Pressure, Digiquartz [db]
# name 3 = depSM: Depth [salt water, m]
# name 4 = t090C: Temperature [ITS-90, deg C]
# name 5 = sal00: Salinity, Practical [PSU]
# name 6 = ph: pH
# name 7 = flECO-AFL: Fluorescence, WET Labs ECO-AFL/FL [mg/m^3]
# name 8 = cpar: CPAR/Corrected Irradiance [%]
# name 9 = density00: Density [density, kg/m^3]
# name 10 = potemp090C: Potential Temperature [ITS-90, deg C]
# name 11 = sigma-é00: Density [sigma-theta, kg/m^3]
# name 12 = sbeox0Mg/L: Oxygen, SBE 43 [mg/l]
# name 13 = sbox0Mm/Kg: Oxygen, SBE 43 [umol/kg]
# name 14 = oxsolMg/L: Oxygen Saturation, Garcia & Gordon [mg/l]
# name 15 = oxsolMm/Kg: Oxygen Saturation, Garcia & Gordon [umol/kg]
# name 16 = sbeox0PS: Oxygen, SBE 43 [% saturation]
# name 17 = flag:  0.000e+00
# span 0 =   40.30232,   40.30316       
# span 1 =  -73.22518,  -73.22400       
# span 2 =      1.846,     34.362       
# span 3 =      1.831,     34.095       
# span 4 =     6.9522,     8.6780       
# span 5 =    30.4824,    31.0484       
# span 6 =      7.916,      8.099       
# span 7 =     0.0282,     1.0893       
# span 8 = 1.4059e-01, 3.0029e+02       
# span 9 =  1023.6481,  1024.4716       
# span 10 =     6.9493,     8.6777      
# span 11 =    23.6395,    24.3134      
# span 12 =     8.4280,     9.9417      
# span 13 =    257.133,    303.498      
# span 14 =    9.56523,    9.91375      
# span 15 =  292.01410,  302.45807      
# span 16 =     85.115,    103.796      
# span 17 = 0.0000e+00, 0.0000e+00      
# interval = seconds: 0.0416667
# start_time = Apr 26 2024 13:54:58 [System UTC, first data scan.]
# bad_flag = -9.990e-29
*END*
[from data line 9568]
   40.30304  -73.22500      2.509      2.490     8.6721    30.4956      8.090     0.1491 6.7799e+01  1023.6536     8.6719    23.6420     9.8966    302.129    9.56690  292.06465    103.446 -9.990e-29
   40.30304  -73.22500      2.519      2.500     8.6721    30.4953      8.085     0.1491 6.9342e+01  1023.6532     8.6719    23.6418     9.9011    302.268    9.56681  292.06198    103.494 -9.990e-29
   40.30304  -73.22500      2.519      2.500     8.6717    30.4952      8.090     0.1491 7.0126e+01  1023.6532     8.6715    23.6417     9.8954    302.093    9.56686  292.06320    103.434 -9.990e-29
   40.30306  -73.22502      2.530      2.511     8.6716    30.4953      8.090     0.1491 7.1456e+01  1023.6534     8.6713    23.6418     9.8947    302.073    9.56675  292.06015    103.428 -9.990e-29
   40.30306  -73.22502      2.540      2.520     8.6713    30.4953      8.090     0.1491 7.1923e+01  1023.6537     8.6710    23.6420     9.9002    302.240    9.56666  292.05751    103.486 -9.990e-29
   40.30306  -73.22502      2.549      2.530     8.6709    30.4953      8.090     0.1491 5.9407e+01  1023.6536     8.6707    23.6421     9.8944    302.063    9.56660  292.05560    103.426 -9.990e-29
   40.30306  -73.22502      2.560      2.541     8.6708    30.4954      8.090     0.1491 4.2394e+01  1023.6539     8.6705    23.6422     9.9000    302.233    9.56659  292.05535    103.485 -9.990e-29
   40.30306  -73.22502      2.560      2.541     8.6704    30.4956      8.090     0.1491 3.8529e+01  1023.6540     8.6702    23.6423     9.9003    302.244    9.56657  292.05482    103.489 -9.990e-29
   40.30306  -73.22502      2.580      2.560     8.6703    30.4956      8.090     0.1491 3.9405e+01  1023.6542     8.6700    23.6424     9.9016    302.281    9.56658  292.05492    103.502 -9.990e-29
   40.30306  -73.22502      2.580      2.560     8.6704    30.4957      8.090     0.1491 4.1335e+01  1023.6542     8.6702    23.6424     9.9019    302.293    9.56656  292.05445    103.506 -9.990e-29
   40.30306  -73.22502      2.591      2.571     8.6701    30.4957      8.090     0.1491 4.1920e+01  1023.6544     8.6699    23.6424     9.9024    302.309    9.56667  292.05758    103.510 -9.990e-29
   40.30306  -73.22502      2.591      2.571     8.6703    30.4956      8.090     0.1491 4.0302e+01  1023.6541     8.6700    23.6423     9.9029    302.321    9.56667  292.05773    103.514 -9.990e-29
   40.30306  -73.22502      2.611      2.591     8.6700    30.4955      8.090     0.1357 3.3759e+01  1023.6543     8.6697    23.6423     9.8973    302.151    9.56675  292.06006    103.455 -9.990e-29
   40.30306  -73.22502      2.600      2.580     8.6700    30.4955      8.090     0.1357 3.1379e+01  1023.6540     8.6697    23.6423     9.8968    302.136    9.56668  292.05806    103.451 -9.990e-29
   40.30306  -73.22502      2.611      2.591     8.6698    30.4956      8.085     0.1357 3.1379e+01  1023.6544     8.6695    23.6425     9.9025    302.310    9.56665  292.05692    103.510 -9.990e-29
   40.30306  -73.22502      2.621      2.601     8.6694    30.4958      8.090     0.1357 3.2823e+01  1023.6548     8.6692    23.6427     9.8969    302.138    9.56665  292.05690    103.452 -9.990e-29
   40.30306  -73.22502      2.630      2.610     8.6695    30.4959      8.085     0.1357 3.3570e+01  1023.6546     8.6692    23.6428     9.9017    302.287    9.56662  292.05625    103.503 -9.990e-29
   40.30306  -73.22502      2.621      2.601     8.6693    30.4961      8.090     0.1357 3.3759e+01  1023.6550     8.6691    23.6429     9.8961    302.115    9.56660  292.05548    103.444 -9.990e-29
   40.30306  -73.22502      2.641      2.621     8.6692    30.4962      8.085     0.1357 3.7355e+01  1023.6551     8.6690    23.6430     9.8958    302.106    9.56662  292.05628    103.441 -9.990e-29
   40.30306  -73.22502      2.641      2.621     8.6697    30.4963      8.085     0.1357 4.0076e+01  1023.6551     8.6694    23.6430     9.9016    302.282    9.56660  292.05549    103.501 -9.990e-29
   40.30306  -73.22502      2.630      2.610     8.6697    30.4964      8.085     0.1357 4.0415e+01  1023.6551     8.6694    23.6430     9.9020    302.295    9.56653  292.05360    103.507 -9.990e-29
   40.30306  -73.22502      2.641      2.621     8.6697    30.4964      8.090     0.1357 3.9074e+01  1023.6551     8.6695    23.6430     9.9025    302.312    9.56652  292.05334    103.512 -9.990e-29
   40.30306  -73.22502      2.641      2.621     8.6697    30.4965      8.085     0.1357 3.7991e+01  1023.6552     8.6694    23.6431     9.8969    302.141    9.56644  292.05091    103.455 -9.990e-29
   40.30306  -73.22502      2.641      2.621     8.6697    30.4966      8.090     0.1357 3.7778e+01  1023.6554     8.6694    23.6432     9.8967    302.133    9.56646  292.05141    103.452 -9.990e-29
   40.30306  -73.22502      2.651      2.631     8.6697    30.4964      8.090     0.1357 4.2513e+01  1023.6552     8.6695    23.6431     9.9026    302.312    9.56648  292.05205    103.513 -9.990e-29
   40.30306  -73.22502      2.641      2.621     8.6698    30.4963      8.090     0.1357 4.8925e+01  1023.6549     8.6695    23.6430     9.8972    302.147    9.56651  292.05292    103.456 -9.990e-29
   40.30306  -73.22502      2.641      2.621     8.6695    30.4963      8.090     0.1357 5.1528e+01  1023.6553     8.6692    23.6430     9.8970    302.142    9.56653  292.05353    103.454 -9.990e-29
   40.30306  -73.22502      2.641      2.621     8.6697    30.4963      8.085     0.1357 5.2850e+01  1023.6550     8.6695    23.6430     9.8968    302.137    9.56651  292.05304    103.453 -9.990e-29
   40.30306  -73.22502      2.641      2.621     8.6691    30.4962      8.090     0.1357 5.5971e+01  1023.6551     8.6689    23.6430     9.8967    302.134    9.56652  292.05331    103.452 -9.990e-29
   40.30306  -73.22502      2.651      2.631     8.6693    30.4962      8.090     0.1357 6.4501e+01  1023.6550     8.6691    23.6430     9.8967    302.133    9.56655  292.05429    103.451 -9.990e-29
   40.30306  -73.22502      2.630      2.610     8.6691    30.4962      8.090     0.1357 8.3245e+01  1023.6549     8.6688    23.6430     9.8966    302.130    9.56649  292.05257    103.451 -9.990e-29
   40.30306  -73.22502      2.641      2.621     8.6690    30.4962      8.085     0.1357 1.2015e+02  1023.6552     8.6687    23.6430     9.8966    302.131    9.56654  292.05382    103.450 -9.990e-29
   40.30306  -73.22502      2.630      2.610     8.6690    30.4962      8.090     0.1357 1.5635e+02  1023.6550     8.6687    23.6430     9.8966    302.131    9.56650  292.05291    103.451 -9.990e-29
   40.30306  -73.22502      2.641      2.621     8.6689    30.4962      8.090     0.1357 1.6486e+02  1023.6550     8.6687    23.6430     9.8967    302.134    9.56655  292.05450    103.451 -9.990e-29
   40.30306  -73.22502      2.621      2.601     8.6690    30.4962      8.090     0.1357 1.0294e+02  1023.6550     8.6687    23.6430     9.9030    302.325    9.56663  292.05669    103.516 -9.990e-29
   40.30306  -73.22502      2.621      2.601     8.6693    30.4961      8.085     0.1357 8.7595e+01  1023.6549     8.6691    23.6429     9.8988    302.198    9.56672  292.05956    103.471 -9.990e-29
   40.30306  -73.22502      2.621      2.601     8.6694    30.4960      8.090     0.1222 9.7988e+01  1023.6546     8.6692    23.6428     9.8990    302.202    9.56670  292.05894    103.473 -9.990e-29
   40.30306  -73.22502      2.602      2.581     8.6695    30.4962      8.090     0.1088 1.7552e+02  1023.6548     8.6692    23.6429     9.8993    302.211    9.56678  292.06124    103.475 -9.990e-29
   40.30306  -73.22502      2.611      2.591     8.6693    30.4965      8.090     0.1088 2.3681e+02  1023.6553     8.6691    23.6431     9.8995    302.218    9.56678  292.06107    103.478 -9.990e-29
   40.30306  -73.22502      2.600      2.580     8.6696    30.4965      8.085     0.1088 2.4798e+02  1023.6551     8.6693    23.6431     9.8938    302.043    9.56682  292.06238    103.417 -9.990e-29
   40.30306  -73.22502      2.591      2.571     8.6698    30.4964      8.090     0.1088 2.7556e+02  1023.6548     8.6695    23.6430     9.8985    302.188    9.56684  292.06303    103.467 -9.990e-29
   40.30306  -73.22502      2.600      2.580     8.6698    30.4963      8.090     0.1088 2.9649e+02  1023.6547     8.6695    23.6429     9.8980    302.172    9.56685  292.06317    103.461 -9.990e-29
   40.30306  -73.22502      2.580      2.560     8.6696    30.4963      8.090     0.1088 3.0029e+02  1023.6549     8.6693    23.6429     9.8974    302.156    9.56683  292.06254    103.456 -9.990e-29
   40.30306  -73.22502      2.580      2.560     8.6698    30.4962      8.090     0.1088 2.7288e+02  1023.6547     8.6695    23.6429     9.8908    301.954    9.56678  292.06103    103.387 -9.990e-29
   40.30306  -73.22502      2.570      2.550     8.6700    30.4960      8.085     0.1088 2.5043e+02  1023.6544     8.6697    23.6427     9.8895    301.914    9.56680  292.06149    103.373 -9.990e-29
   40.30306  -73.22502      2.570      2.550     8.6701    30.4958      8.085     0.1088 2.3954e+02  1023.6543     8.6698    23.6425     9.8943    302.061    9.56683  292.06227    103.423 -9.990e-29
   40.30306  -73.22502      2.549      2.530     8.6701    30.4956      8.090     0.1088 1.9176e+02  1023.6542     8.6699    23.6424     9.8877    301.859    9.56674  292.05962    103.355 -9.990e-29
   40.30306  -73.22502      2.549      2.530     8.6703    30.4955      8.090     0.1088 1.4148e+02  1023.6536     8.6700    23.6423     9.8926    302.006    9.56673  292.05949    103.406 -9.990e-29
   40.30306  -73.22502      2.540      2.520     8.6699    30.4956      8.085     0.1088 1.1877e+02  1023.6542     8.6697    23.6424     9.8870    301.836    9.56676  292.06026    103.347 -9.990e-29
   40.30306  -73.22502      2.530      2.511     8.6704    30.4958      8.085     0.1088 1.0438e+02  1023.6538     8.6702    23.6425     9.8920    301.988    9.56685  292.06310    103.398 -9.990e-29
   40.30306  -73.22502      2.519      2.500     8.6700    30.4960      8.085     0.1088 9.1555e+01  1023.6545     8.6697    23.6426     9.8925    302.003    9.56681  292.06184    103.404 -9.990e-29
   40.30308  -73.22502      2.509      2.490     8.6706    30.4959      8.090     0.1088 8.0571e+01  1023.6539     8.6704    23.6426     9.8921    301.993    9.56679  292.06127    103.401 -9.990e-29
   40.30308  -73.22502      2.500      2.481     8.6710    30.4959      8.090     0.1088 7.2900e+01  1023.6538     8.6708    23.6425     9.8919    301.986    9.56685  292.06298    103.397 -9.990e-29
   40.30308  -73.22502      2.489      2.470     8.6713    30.4959      8.090     0.1088 7.0318e+01  1023.6538     8.6710    23.6424     9.8924    302.002    9.56681  292.06185    103.403 -9.990e-29
   40.30308  -73.22502      2.479      2.460     8.6714    30.4957      8.085     0.1088 6.4556e+01  1023.6535     8.6712    23.6423     9.8922    301.994    9.56681  292.06195    103.401 -9.990e-29
   40.30308  -73.22502      2.468      2.449     8.6716    30.4957      8.085     0.1088 5.6673e+01  1023.6533     8.6713    23.6422     9.8928    302.013    9.56685  292.06300    103.407 -9.990e-29
   40.30308  -73.22502      2.459      2.440     8.6714    30.4957      8.090     0.0954 4.5467e+01  1023.6536     8.6712    23.6422     9.8934    302.032    9.56683  292.06242    103.413 -9.990e-29
   40.30308  -73.22502      2.449      2.430     8.6716    30.4957      8.090     0.1088 3.9775e+01  1023.6533     8.6714    23.6422     9.8941    302.053    9.56685  292.06310    103.420 -9.990e-29
   40.30308  -73.22502      2.428      2.410     8.6710    30.4957      8.090     0.1088 3.6989e+01  1023.6534     8.6708    23.6423     9.8947    302.070    9.56674  292.05961    103.428 -9.990e-29
   40.30308  -73.22502      2.419      2.400     8.6709    30.4958      8.090     0.1088 3.2966e+01  1023.6536     8.6707    23.6425     9.8953    302.091    9.56668  292.05770    103.435 -9.990e-29
   40.30308  -73.22502      2.408      2.389     8.6706    30.4958      8.085     0.1088 3.0880e+01  1023.6535     8.6704    23.6425     9.9022    302.300    9.56668  292.05793    103.507 -9.990e-29
   40.30308  -73.22502      2.389      2.370     8.6709    30.4959      8.090     0.1625 3.0363e+01  1023.6534     8.6707    23.6425     9.8967    302.133    9.56658  292.05477    103.451 -9.990e-29
   40.30308  -73.22502      2.389      2.370     8.6711    30.4959      8.090     0.1894 3.6836e+01  1023.6534     8.6709    23.6425     9.8967    302.132    9.56661  292.05574    103.450 -9.990e-29
   40.30308  -73.22502      2.368      2.350     8.6711    30.4959      8.085     0.1894 4.1814e+01  1023.6533     8.6709    23.6425     9.8974    302.155    9.56661  292.05569    103.458 -9.990e-29
   40.30308  -73.22502      2.368      2.350     8.6712    30.4959      8.085     0.1894 4.2294e+01  1023.6532     8.6710    23.6425     9.8973    302.152    9.56656  292.05415    103.457 -9.990e-29
   40.30308  -73.22502      2.357      2.339     8.6713    30.4958      8.090     0.1894 4.5210e+01  1023.6533     8.6710    23.6424     9.8981    302.177    9.56658  292.05467    103.466 -9.990e-29
   40.30308  -73.22502      2.338      2.320     8.6713    30.4957      8.085     0.1894 4.8100e+01  1023.6529     8.6710    23.6423     9.8980    302.173    9.56649  292.05198    103.466 -9.990e-29
   40.30308  -73.22502      2.338      2.320     8.6714    30.4955      8.090     0.1894 4.8694e+01  1023.6528     8.6712    23.6421     9.8979    302.171    9.56644  292.05057    103.465 -9.990e-29
   40.30308  -73.22502      2.317      2.299     8.6718    30.4953      8.085     0.1894 4.7659e+01  1023.6525     8.6716    23.6419     9.8988    302.196    9.56643  292.05038    103.474 -9.990e-29
   40.30308  -73.22502      2.307      2.290     8.6719    30.4951      8.090     0.1894 4.6599e+01  1023.6522     8.6717    23.6417     9.8996    302.220    9.56637  292.04854    103.483 -9.990e-29
   40.30308  -73.22502      2.317      2.299     8.6724    30.4950      8.090     0.1894 4.6296e+01  1023.6520     8.6722    23.6416     9.9005    302.250    9.56644  292.05082    103.492 -9.990e-29
   40.30308  -73.22502      2.296      2.279     8.6722    30.4950      8.090     0.1894 5.4344e+01  1023.6520     8.6720    23.6416     9.9007    302.256    9.56652  292.05315    103.494 -9.990e-29
   40.30308  -73.22502      2.287      2.269     8.6721    30.4951      8.090     0.1894 7.0783e+01  1023.6521     8.6719    23.6417     9.9007    302.256    9.56646  292.05140    103.494 -9.990e-29
   40.30308  -73.22502      2.287      2.269     8.6719    30.4951      8.090     0.1894 7.6152e+01  1023.6523     8.6717    23.6417     9.9017    302.285    9.56646  292.05130    103.504 -9.990e-29
   40.30308  -73.22502      2.277      2.260     8.6719    30.4951      8.085     0.1894 6.6351e+01  1023.6521     8.6717    23.6417     9.9018    302.289    9.56650  292.05246    103.505 -9.990e-29
   40.30308  -73.22504      2.266      2.249     8.6719    30.4951      8.090     0.1894 4.5908e+01  1023.6521     8.6717    23.6417     9.9019    302.293    9.56651  292.05289    103.506 -9.990e-29
   40.30308  -73.22504      2.266      2.249     8.6719    30.4951      8.090     0.1894 4.0451e+01  1023.6520     8.6717    23.6417     9.9020    302.295    9.56648  292.05205    103.507 -9.990e-29
   40.30308  -73.22504      2.246      2.228     8.6717    30.4950      8.085     0.1894 3.8132e+01  1023.6520     8.6715    23.6417     9.9021    302.298    9.56647  292.05169    103.508 -9.990e-29
   40.30308  -73.22504      2.257      2.239     8.6721    30.4949      8.090     0.1894 2.8066e+01  1023.6518     8.6719    23.6416     9.9022    302.301    9.56647  292.05169    103.509 -9.990e-29
   40.30308  -73.22504      2.235      2.217     8.6719    30.4948      8.090     0.1894 2.4454e+01  1023.6517     8.6717    23.6415     9.9023    302.303    9.56644  292.05093    103.511 -9.990e-29
