CalculateIndicators/WaterTemperature/Data/CTD_NYOS/20240913_C17.cnv
* Sea-Bird SBE 9 Data File:
* FileName = C:\Seabird 9 CTD\Data\2024\202409_offshore\20240913_C17.hex
* Software Version Seasave V 7.23.2
* Temperature SN = 4590
* Conductivity SN = 3228
* Number of Bytes Per Scan = 44
* Number of Voltage Words = 5
* Number of Scans Averaged by the Deck Unit = 1
* NMEA Latitude = 39 59.70 N
* NMEA Longitude = 072 32.49 W
* NMEA UTC (Time) = Sep 13 2024  13:18:22
* NMEA baud rate = 4800
** Ship: Seawolf
** Station: 9.4
** Operator: TDK
# nquan = 18
# nvalues = 15281                       
# units = specified
# name 0 = latitude: Latitude [deg]
# name 1 = longitude: Longitude [deg]
# name 2 = prDM: Pressure, Digiquartz [db]
# name 3 = depSM: Depth [salt water, m]
# name 4 = t090C: Temperature [ITS-90, deg C]
# name 5 = sal00: Salinity, Practical [PSU]
# name 6 = ph: pH
# name 7 = flECO-AFL: Fluorescence, WET Labs ECO-AFL/FL [mg/m^3]
# name 8 = cpar: CPAR/Corrected Irradiance [%]
# name 9 = density00: Density [density, kg/m^3]
# name 10 = potemp090C: Potential Temperature [ITS-90, deg C]
# name 11 = sigma-é00: Density [sigma-theta, kg/m^3]
# name 12 = sbeox0Mg/L: Oxygen, SBE 43 [mg/l]
# name 13 = sbox0Mm/Kg: Oxygen, SBE 43 [umol/kg]
# name 14 = oxsolMg/L: Oxygen Saturation, Garcia & Gordon [mg/l]
# name 15 = oxsolMm/Kg: Oxygen Saturation, Garcia & Gordon [umol/kg]
# name 16 = sbeox0PS: Oxygen, SBE 43 [% saturation]
# name 17 = flag:  0.000e+00
# span 0 =   39.99470,   39.99512       
# span 1 =  -72.54396,  -72.54166       
# span 2 =      1.967,     58.706       
# span 3 =      1.952,     58.248       
# span 4 =     8.4014,    20.8141       
# span 5 =    31.6246,    32.7779       
# span 6 =      7.778,      8.189       
# span 7 =    -0.0121,     1.3444       
# span 8 = 8.3515e-03, 2.1399e+02       
# span 9 =  1022.2595,  1025.2152       
# span 10 =     8.3961,    20.8136      
# span 11 =    22.2502,    24.9477      
# span 12 =     6.7506,     8.8489      
# span 13 =    205.867,    270.126      
# span 14 =    7.41700,    9.53206      
# span 15 =  226.73940,  290.65785      
# span 16 =     71.216,    106.913      
# span 17 = 0.0000e+00, 0.0000e+00      
# interval = seconds: 0.0416667
# start_time = Sep 13 2024 13:18:23 [System UTC, first data scan.]
# bad_flag = -9.990e-29
*END*
[from data line 2654]
   39.99502  -72.54204     57.654     57.205     8.4636    32.0761      7.840     0.0954 1.1386e-02  1025.1740     8.4579    24.9114     6.8824    209.844    9.51421  290.08975     72.338 0.0000e+00
   39.99502  -72.54204     57.664     57.214     8.4633    32.0762      7.840     0.0954 1.1213e-02  1025.1745     8.4575    24.9115     6.8762    209.655    9.51413  290.08741     72.273 0.0000e+00
   39.99502  -72.54204     57.675     57.225     8.4631    32.0763      7.840     0.0954 1.1128e-02  1025.1744     8.4574    24.9117     6.8763    209.659    9.51415  290.08799     72.274 0.0000e+00
   39.99502  -72.54204     57.693     57.243     8.4628    32.0766      7.840     0.0954 1.1085e-02  1025.1750     8.4570    24.9118     6.8765    209.665    9.51409  290.08572     72.277 0.0000e+00
   39.99502  -72.54204     57.705     57.255     8.4629    32.0767      7.840     0.0954 1.1042e-02  1025.1751     8.4572    24.9119     6.8769    209.676    9.51404  290.08395     72.281 0.0000e+00
   39.99502  -72.54204     57.715     57.265     8.4629    32.0765      7.840     0.0954 1.1000e-02  1025.1749     8.4572    24.9118     6.8704    209.479    9.51403  290.08336     72.214 0.0000e+00
   39.99502  -72.54204     57.734     57.284     8.4629    32.0763      7.840     0.0954 1.1000e-02  1025.1748     8.4572    24.9116     6.8694    209.447    9.51404  290.08332     72.203 0.0000e+00
   39.99502  -72.54204     57.747     57.296     8.4629    32.0761      7.840     0.0954 1.0873e-02  1025.1747     8.4572    24.9116     6.8755    209.633    9.51406  290.08401     72.266 0.0000e+00
   39.99502  -72.54204     57.756     57.306     8.4626    32.0761      7.840     0.0954 1.0758e-02  1025.1749     8.4569    24.9116     6.8694    209.450    9.51406  290.08398     72.203 0.0000e+00
   39.99502  -72.54204     57.776     57.325     8.4626    32.0760      7.835     0.0954 1.0758e-02  1025.1749     8.4569    24.9116     6.8688    209.431    9.51407  290.08408     72.197 0.0000e+00
   39.99502  -72.54204     57.787     57.336     8.4621    32.0760      7.835     0.0954 1.0717e-02  1025.1750     8.4564    24.9116     6.8745    209.604    9.51412  290.08566     72.256 0.0000e+00
   39.99502  -72.54204     57.817     57.366     8.4620    32.0761      7.840     0.0954 1.0634e-02  1025.1753     8.4562    24.9117     6.8698    209.459    9.51413  290.08561     72.206 -9.990e-29
   39.99502  -72.54204     57.817     57.366     8.4621    32.0763      7.840     0.0954 1.0634e-02  1025.1752     8.4564    24.9118     6.8696    209.453    9.51414  290.08605     72.204 -9.990e-29
   39.99502  -72.54204     57.837     57.385     8.4618    32.0765      7.840     0.0954 1.0675e-02  1025.1756     8.4560    24.9120     6.8695    209.450    9.51416  290.08656     72.203 0.0000e+00
   39.99502  -72.54204     57.849     57.398     8.4616    32.0768      7.835     0.0954 1.0685e-02  1025.1759     8.4559    24.9123     6.8634    209.264    9.51410  290.08472     72.139 0.0000e+00
   39.99502  -72.54204     57.868     57.417     8.4615    32.0775      7.840     0.0954 1.0727e-02  1025.1763     8.4557    24.9128     6.8628    209.248    9.51420  290.08770     72.133 0.0000e+00
   39.99502  -72.54204     57.878     57.427     8.4613    32.0785      7.840     0.0954 1.0685e-02  1025.1774     8.4556    24.9137     6.8615    209.207    9.51416  290.08651     72.119 0.0000e+00
   39.99502  -72.54204     57.889     57.438     8.4608    32.0797      7.835     0.0954 1.0592e-02  1025.1789     8.4551    24.9146     6.8603    209.172    9.51419  290.08728     72.106 0.0000e+00
   39.99502  -72.54204     57.910     57.458     8.4607    32.0803      7.840     0.1088 1.0561e-02  1025.1792     8.4549    24.9151     6.8593    209.141    9.51419  290.08742     72.096 -9.990e-29
   39.99502  -72.54204     57.910     57.458     8.4605    32.0804      7.840     0.1088 1.0572e-02  1025.1793     8.4547    24.9153     6.8585    209.115    9.51421  290.08800     72.087 -9.990e-29
   39.99502  -72.54204     57.929     57.477     8.4600    32.0804      7.840     0.1088 1.0367e-02  1025.1796     8.4543    24.9153     6.8577    209.092    9.51418  290.08724     72.079 0.0000e+00
   39.99502  -72.54204     57.940     57.488     8.4607    32.0805      7.835     0.1088 1.0286e-02  1025.1790     8.4549    24.9154     6.8571    209.074    9.51418  290.08737     72.073 0.0000e+00
   39.99502  -72.54204     57.951     57.499     8.4603    32.0811      7.835     0.1088 1.0296e-02  1025.1799     8.4546    24.9158     6.8567    209.060    9.51418  290.08736     72.068 0.0000e+00
   39.99502  -72.54204     57.969     57.517     8.4605    32.0823      7.835     0.1088 1.0707e-02  1025.1808     8.4547    24.9168     6.8563    209.048    9.51412  290.08553     72.064 -9.990e-29
   39.99502  -72.54204     57.971     57.518     8.4598    32.0834      7.835     0.1088 1.0916e-02  1025.1824     8.4541    24.9177     6.8570    209.071    9.51419  290.08762     72.072 -9.990e-29
   39.99502  -72.54204     57.991     57.539     8.4598    32.0842      7.835     0.1088 1.0958e-02  1025.1827     8.4541    24.9184     6.8571    209.072    9.51419  290.08783     72.072 0.0000e+00
   39.99502  -72.54204     58.002     57.550     8.4595    32.0848      7.835     0.1088 1.0665e-02  1025.1832     8.4537    24.9188     6.8511    208.890    9.51418  290.08755     72.009 -9.990e-29
   39.99502  -72.54204     58.001     57.549     8.4594    32.0855      7.840     0.1088 1.0418e-02  1025.1836     8.4536    24.9194     6.8497    208.848    9.51419  290.08792     71.995 -9.990e-29
   39.99502  -72.54204     58.033     57.580     8.4589    32.0866      7.835     0.1088 1.0377e-02  1025.1848     8.4531    24.9203     6.8494    208.837    9.51422  290.08879     71.991 -9.990e-29
   39.99502  -72.54204     58.033     57.580     8.4582    32.0875      7.835     0.1088 1.0438e-02  1025.1861     8.4524    24.9211     6.8491    208.831    9.51421  290.08843     71.989 -9.990e-29
   39.99502  -72.54204     58.042     57.590     8.4583    32.0881      7.835     0.1088 1.0551e-02  1025.1859     8.4526    24.9217     6.8491    208.829    9.51418  290.08785     71.988 0.0000e+00
   39.99502  -72.54204     58.052     57.599     8.4580    32.0892      7.835     0.1088 1.0603e-02  1025.1866     8.4523    24.9226     6.8484    208.807    9.51423  290.08911     71.980 -9.990e-29
   39.99502  -72.54204     58.054     57.601     8.4576    32.0915      7.835     0.1088 1.0469e-02  1025.1887     8.4518    24.9244     6.8486    208.815    9.51419  290.08798     71.983 -9.990e-29
   39.99502  -72.54204     58.084     57.631     8.4570    32.0944      7.835     0.1088 1.0327e-02  1025.1917     8.4513    24.9268     6.8430    208.644    9.51424  290.08964     71.924 -9.990e-29
   39.99502  -72.54204     58.073     57.620     8.4561    32.0972      7.835     0.1088 1.0286e-02  1025.1941     8.4503    24.9291     6.8480    208.797    9.51420  290.08825     71.977 -9.990e-29
   39.99502  -72.54204     58.092     57.639     8.4553    32.0993      7.835     0.1088 1.0216e-02  1025.1962     8.4495    24.9308     6.8428    208.637    9.51424  290.08933     71.921 -9.990e-29
   39.99502  -72.54204     58.084     57.631     8.4550    32.1002      7.835     0.1088 1.0086e-02  1025.1965     8.4492    24.9316     6.8360    208.430    9.51421  290.08858     71.850 -9.990e-29
   39.99502  -72.54204     58.114     57.661     8.4541    32.1005      7.835     0.1088 1.0036e-02  1025.1971     8.4483    24.9319     6.8416    208.600    9.51413  290.08629     71.910 -9.990e-29
   39.99502  -72.54204     58.105     57.651     8.4539    32.1002      7.835     0.0954 1.0046e-02  1025.1965     8.4482    24.9318     6.8422    208.620    9.51419  290.08805     71.916 -9.990e-29
   39.99502  -72.54204     58.123     57.669     8.4538    32.1002      7.835     0.1088 1.0086e-02  1025.1964     8.4480    24.9318     6.8422    208.618    9.51418  290.08764     71.915 -9.990e-29
   39.99502  -72.54204     58.124     57.671     8.4534    32.1008      7.835     0.1088 1.0126e-02  1025.1970     8.4476    24.9323     6.8423    208.621    9.51417  290.08711     71.917 -9.990e-29
   39.99502  -72.54204     58.124     57.671     8.4530    32.1017      7.835     0.1088 1.0126e-02  1025.1983     8.4472    24.9330     6.8426    208.629    9.51415  290.08669     71.920 -9.990e-29
   39.99502  -72.54204     58.145     57.691     8.4526    32.1025      7.835     0.0819 1.0216e-02  1025.1985     8.4469    24.9337     6.8370    208.461    9.51427  290.09038     71.861 -9.990e-29
   39.99502  -72.54204     58.134     57.680     8.4525    32.1035      7.835     0.0819 1.0276e-02  1025.1992     8.4467    24.9345     6.8368    208.455    9.51426  290.09030     71.859 -9.990e-29
   39.99502  -72.54204     58.156     57.702     8.4523    32.1049      7.835     0.0819 1.0306e-02  1025.2009     8.4465    24.9357     6.8369    208.456    9.51425  290.09003     71.859 0.0000e+00
   39.99502  -72.54204     58.165     57.712     8.4517    32.1062      7.835     0.0819 1.0357e-02  1025.2023     8.4459    24.9368     6.8362    208.437    9.51425  290.09018     71.853 -9.990e-29
   39.99502  -72.54204     58.156     57.702     8.4512    32.1066      7.835     0.0819 1.0347e-02  1025.2029     8.4454    24.9372     6.8297    208.237    9.51422  290.08895     71.784 -9.990e-29
   39.99502  -72.54204     58.174     57.720     8.4507    32.1060      7.835     0.0819 1.0296e-02  1025.2022     8.4449    24.9368     6.8286    208.204    9.51419  290.08813     71.773 0.0000e+00
   39.99502  -72.54204     58.186     57.732     8.4510    32.1050      7.835     0.0819 1.0126e-02  1025.2009     8.4452    24.9360     6.8277    208.177    9.51419  290.08833     71.763 -9.990e-29
   39.99502  -72.54204     58.175     57.721     8.4515    32.1046      7.835     0.0819 1.0006e-02  1025.2004     8.4457    24.9356     6.8279    208.182    9.51414  290.08635     71.766 -9.990e-29
   39.99502  -72.54204     58.186     57.732     8.4513    32.1049      7.835     0.0819 1.0016e-02  1025.2007     8.4455    24.9358     6.8274    208.168    9.51406  290.08372     71.761 0.0000e+00
   39.99502  -72.54204     58.194     57.740     8.4513    32.1059      7.835     0.0819 1.0125e-02  1025.2017     8.4455    24.9366     6.8272    208.162    9.51408  290.08398     71.759 0.0000e+00
   39.99502  -72.54204     58.207     57.753     8.4510    32.1073      7.835     0.0819 1.0306e-02  1025.2032     8.4452    24.9377     6.8273    208.163    9.51412  290.08493     71.759 -9.990e-29
   39.99502  -72.54204     58.207     57.753     8.4507    32.1085      7.835     0.0819 1.0296e-02  1025.2042     8.4449    24.9387     6.8275    208.171    9.51418  290.08668     71.762 -9.990e-29
   39.99502  -72.54204     58.217     57.762     8.4504    32.1092      7.835     0.0819 1.0276e-02  1025.2051     8.4446    24.9394     6.8272    208.161    9.51432  290.09110     71.757 -9.990e-29
   39.99502  -72.54204     58.215     57.761     8.4504    32.1096      7.835     0.0819 1.0266e-02  1025.2048     8.4446    24.9396     6.8208    207.966    9.51429  290.09026     71.690 -9.990e-29
   39.99502  -72.54204     58.237     57.783     8.4502    32.1100      7.835     0.0819 1.0296e-02  1025.2053     8.4444    24.9399     6.8268    208.149    9.51419  290.08713     71.754 0.0000e+00
   39.99502  -72.54204     58.247     57.793     8.4499    32.1105      7.835     0.0819 1.0266e-02  1025.2061     8.4441    24.9404     6.8208    207.967    9.51416  290.08592     71.691 0.0000e+00
   39.99502  -72.54204     58.288     57.834     8.4497    32.1108      7.835     0.0819 1.0185e-02  1025.2062     8.4439    24.9407     6.8203    207.951    9.51413  290.08476     71.686 0.0000e+00
   39.99502  -72.54204     58.297     57.842     8.4496    32.1110      7.835     0.0819 1.0155e-02  1025.2066     8.4438    24.9409     6.8210    207.971    9.51416  290.08524     71.693 0.0000e+00
   39.99502  -72.54204     58.309     57.854     8.4494    32.1112      7.835     0.0819 1.0175e-02  1025.2070     8.4436    24.9411     6.8209    207.970    9.51416  290.08526     71.693 -9.990e-29
   39.99502  -72.54204     58.258     57.803     8.4494    32.1113      7.835     0.0819 1.0155e-02  1025.2066     8.4436    24.9412     6.8211    207.976    9.51418  290.08562     71.695 -9.990e-29
   39.99502  -72.54204     58.226     57.772     8.4495    32.1115      7.835     0.0819 1.0105e-02  1025.2069     8.4437    24.9413     6.8216    207.990    9.51428  290.08858     71.699 -9.990e-29
   39.99502  -72.54204     58.194     57.740     8.4491    32.1116      7.835     0.0819 1.0095e-02  1025.2067     8.4433    24.9414     6.8213    207.982    9.51427  290.08852     71.696 -9.990e-29
   39.99502  -72.54204     58.196     57.742     8.4492    32.1117      7.835     0.0819 1.0135e-02  1025.2068     8.4434    24.9415     6.8212    207.978    9.51427  290.08833     71.695 -9.990e-29
   39.99502  -72.54204     58.186     57.732     8.4491    32.1117      7.835     0.0819 1.0135e-02  1025.2068     8.4433    24.9415     6.8214    207.982    9.51430  290.08920     71.696 -9.990e-29
   39.99502  -72.54204     58.196     57.742     8.4491    32.1116      7.835     0.1088 1.0125e-02  1025.2068     8.4433    24.9414     6.8216    207.990    9.51434  290.09025     71.698 -9.990e-29
   39.99502  -72.54204     58.225     57.771     8.4491    32.1113      7.835     0.1222 1.0246e-02  1025.2067     8.4433    24.9412     6.8160    207.818    9.51436  290.09082     71.639 -9.990e-29
   39.99502  -72.54204     58.247     57.792     8.4494    32.1110      7.835     0.1222 1.0327e-02  1025.2063     8.4436    24.9409     6.8158    207.812    9.51435  290.09055     71.637 -9.990e-29
   39.99502  -72.54204     58.237     57.783     8.4494    32.1108      7.835     0.1222 1.0316e-02  1025.2062     8.4436    24.9407     6.8218    207.997    9.51433  290.08985     71.701 -9.990e-29
   39.99502  -72.54204     58.226     57.772     8.4494    32.1108      7.835     0.1222 1.0115e-02  1025.2061     8.4436    24.9407     6.8168    207.843    9.51436  290.09078     71.648 -9.990e-29
   39.99502  -72.54204     58.215     57.761     8.4496    32.1108      7.835     0.1222 1.0036e-02  1025.2063     8.4438    24.9407     6.8111    207.670    9.51439  290.09176     71.588 -9.990e-29
   39.99502  -72.54204     58.216     57.762     8.4495    32.1103      7.835     0.1222 9.9863e-03  1025.2058     8.4437    24.9404     6.8109    207.663    9.51438  290.09147     71.585 -9.990e-29
   39.99502  -72.54204     58.237     57.783     8.4497    32.1099      7.835     0.1222 9.9765e-03  1025.2052     8.4439    24.9400     6.8171    207.852    9.51443  290.09302     71.650 -9.990e-29
   39.99502  -72.54204     58.237     57.783     8.4497    32.1098      7.835     0.1222 9.9765e-03  1025.2053     8.4439    24.9399     6.8182    207.886    9.51447  290.09440     71.662 -9.990e-29
   39.99502  -72.54204     58.257     57.802     8.4496    32.1099      7.835     0.1088 9.9765e-03  1025.2056     8.4438    24.9400     6.8186    207.898    9.51440  290.09250     71.666 -9.990e-29
   39.99502  -72.54204     58.277     57.823     8.4494    32.1098      7.835     0.1222 1.0046e-02  1025.2058     8.4436    24.9399     6.8131    207.730    9.51442  290.09306     71.608 -9.990e-29
   39.99502  -72.54206     58.288     57.834     8.4497    32.1094      7.835     0.1222 1.0126e-02  1025.2052     8.4439    24.9396     6.8191    207.915    9.51438  290.09181     71.672 -9.990e-29
   39.99502  -72.54206     58.277     57.823     8.4499    32.1091      7.835     0.1222 1.0175e-02  1025.2049     8.4441    24.9393     6.8201    207.945    9.51440  290.09255     71.682 -9.990e-29
