CalculateIndicators/WaterTemperature/Data/CTD_NYOS/20240708_C02.cnv
* Sea-Bird SBE 9 Data File:
* FileName = C:\Seabird 9 CTD\Data\2024\202407_offshore\20240708_C02.hex
* Software Version Seasave V 7.23.2
* Temperature SN = 4590
* Conductivity SN = 3228
* Number of Bytes Per Scan = 44
* Number of Voltage Words = 5
* Number of Scans Averaged by the Deck Unit = 1
* NMEA Latitude = 40 25.60 N
* NMEA Longitude = 073 50.29 W
* NMEA UTC (Time) = Jul 08 2024  07:44:42
* NMEA baud rate = 4800
** Ship: seawolf
** Station: HR1
** Operator: TDK
# nquan = 18
# nvalues = 11678                       
# units = specified
# name 0 = latitude: Latitude [deg]
# name 1 = longitude: Longitude [deg]
# name 2 = prDM: Pressure, Digiquartz [db]
# name 3 = depSM: Depth [salt water, m]
# name 4 = t090C: Temperature [ITS-90, deg C]
# name 5 = sal00: Salinity, Practical [PSU]
# name 6 = ph: pH
# name 7 = flECO-AFL: Fluorescence, WET Labs ECO-AFL/FL [mg/m^3]
# name 8 = cpar: CPAR/Corrected Irradiance [%]
# name 9 = density00: Density [density, kg/m^3]
# name 10 = potemp090C: Potential Temperature [ITS-90, deg C]
# name 11 = sigma-é00: Density [sigma-theta, kg/m^3]
# name 12 = sbeox0Mg/L: Oxygen, SBE 43 [mg/l]
# name 13 = sbox0Mm/Kg: Oxygen, SBE 43 [umol/kg]
# name 14 = oxsolMg/L: Oxygen Saturation, Garcia & Gordon [mg/l]
# name 15 = oxsolMm/Kg: Oxygen Saturation, Garcia & Gordon [umol/kg]
# name 16 = sbeox0PS: Oxygen, SBE 43 [% saturation]
# name 17 = flag:  0.000e+00
# span 0 =   40.42642,   40.42676       
# span 1 =  -73.83860,  -73.83822       
# span 2 =      1.106,     21.658       
# span 3 =      1.098,     21.490       
# span 4 =     9.8323,    20.4474       
# span 5 =    29.3158,    31.4262       
# span 6 =      7.722,      8.062       
# span 7 =     1.4519,     3.3860       
# span 8 = 2.5320e-11, 9.9999e+04       
# span 9 =  1020.3198,  1024.0586       
# span 10 =     9.8300,    20.4470      
# span 11 =    20.3166,    23.9574      
# span 12 =     5.5600,     9.4841      
# span 13 =    169.759,    289.680      
# span 14 =    7.58257,    9.28658      
# span 15 =  232.22669,  283.42505      
# span 16 =     61.316,    112.596      
# span 17 = 0.0000e+00, 0.0000e+00      
# interval = seconds: 0.0416667
# start_time = Jul 08 2024 07:44:44 [System UTC, first data scan.]
# bad_flag = -9.990e-29
*END*
[from data line 3136]
   40.42664  -73.83838     21.285     21.120    10.1166    31.0048      7.805     2.1503 9.9999e+04  1023.9120    10.1143    23.8155     5.8619    178.922    9.23591  281.90769     63.468 -9.990e-29
   40.42664  -73.83838     21.276     21.111    10.1125    31.0067      7.805     2.1369 9.9999e+04  1023.9136    10.1102    23.8177     5.8611    178.899    9.23578  281.90366     63.461 -9.990e-29
   40.42664  -73.83838     21.242     21.078    10.1079    31.0094      7.805     2.1369 9.9999e+04  1023.9161    10.1055    23.8204     5.8603    178.874    9.23556  281.89715     63.454 -9.990e-29
   40.42664  -73.83838     21.255     21.090    10.1036    31.0130      7.811     2.1503 9.9999e+04  1023.9204    10.1012    23.8239     5.8660    179.049    9.23537  281.89205     63.517 -9.990e-29
   40.42664  -73.83838     21.231     21.067    10.1007    31.0132      7.805     2.1369 9.9999e+04  1023.9243    10.0983    23.8266     5.8610    178.895    9.23531  281.89035     63.463 -9.990e-29
   40.42664  -73.83838     21.225     21.060    10.0994    31.0146      7.805     2.1503 9.9999e+04  1023.9253    10.0971    23.8266     5.8659    179.047    9.23522  281.88768     63.517 -9.990e-29
   40.42664  -73.83838     21.212     21.048    10.0985    31.0155      7.805     2.1369 9.9999e+04  1023.9179    10.0962    23.8250     5.8601    178.868    9.23520  281.88700     63.454 -9.990e-29
   40.42664  -73.83838     21.204     21.040    10.0971    31.0155      7.811     2.1503 9.9999e+04  1023.9204    10.0948    23.8263     5.8594    178.846    9.23538  281.89255     63.445 -9.990e-29
   40.42664  -73.83838     21.194     21.030    10.0954    31.0197      7.805     2.1503 9.9999e+04  1023.9275    10.0930    23.8305     5.8595    178.851    9.23574  281.90443     63.444 -9.990e-29
   40.42664  -73.83838     21.182     21.018    10.0952    31.0245      7.805     2.1369 9.9999e+04  1023.9310    10.0929    23.8343     5.8596    178.855    9.23605  281.91473     63.443 -9.990e-29
   40.42664  -73.83838     21.174     21.010    10.0963    31.0274      7.811     2.1503 9.9999e+04  1023.9329    10.0940    23.8363     5.8590    178.836    9.23643  281.92613     63.434 -9.990e-29
   40.42664  -73.83838     21.150     20.986    10.0988    31.0283      7.805     2.1369 9.9999e+04  1023.9333    10.0965    23.8370     5.8593    178.844    9.23696  281.94261     63.433 -9.990e-29
   40.42664  -73.83838     21.153     20.989    10.1013    31.0283      7.805     2.1503 9.9999e+04  1023.9333    10.0990    23.8368     5.8652    179.026    9.23736  281.95530     63.494 -9.990e-29
   40.42664  -73.83838     21.134     20.970    10.1046    31.0283      7.805     2.1369 9.9999e+04  1023.9319    10.1022    23.8357     5.8594    178.848    9.23760  281.96179     63.430 -9.990e-29
   40.42664  -73.83838     21.120     20.956    10.1079    31.0267      7.805     2.1503 9.9999e+04  1023.9295    10.1056    23.8340     5.8533    178.660    9.23736  281.95166     63.365 -9.990e-29
   40.42664  -73.83838     21.103     20.940    10.1104    31.0249      7.805     2.1369 9.9999e+04  1023.9278    10.1080    23.8321     5.8579    178.798    9.23686  281.93320     63.419 -9.990e-29
   40.42664  -73.83838     21.101     20.937    10.1128    31.0230      7.810     2.1503 9.9999e+04  1023.9261    10.1105    23.8302     5.8573    178.780    9.23623  281.91311     63.417 -9.990e-29
   40.42664  -73.83838     21.072     20.908    10.1148    31.0209      7.805     2.1503 9.9999e+04  1023.9233    10.1125    23.8284     5.8567    178.761    9.23551  281.89187     63.415 -9.990e-29
   40.42664  -73.83838     21.083     20.919    10.1151    31.0195      7.805     2.1503 9.9999e+04  1023.9225    10.1128    23.8272     5.8561    178.746    9.23500  281.87777     63.413 -9.990e-29
   40.42664  -73.83838     21.059     20.896    10.1153    31.0187      7.805     2.1503 9.9999e+04  1023.9217    10.1130    23.8265     5.8558    178.736    9.23471  281.87091     63.410 -9.990e-29
   40.42664  -73.83838     21.042     20.878    10.1149    31.0187      7.805     2.1503 9.9999e+04  1023.9215    10.1126    23.8263     5.8556    178.731    9.23470  281.87229     63.409 -9.990e-29
   40.42664  -73.83838     21.039     20.876    10.1144    31.0187      7.805     2.1503 9.9999e+04  1023.9215    10.1121    23.8265     5.8554    178.726    9.23468  281.87249     63.407 -9.990e-29
   40.42664  -73.83838     21.021     20.858    10.1133    31.0192      7.805     2.1503 9.9999e+04  1023.9223    10.1110    23.8272     5.8552    178.719    9.23453  281.86727     63.405 -9.990e-29
   40.42664  -73.83838     21.002     20.839    10.1128    31.0192      7.805     2.1503 9.9999e+04  1023.9237    10.1105    23.8278     5.8548    178.706    9.23418  281.85520     63.404 -9.990e-29
   40.42664  -73.83838     20.999     20.836    10.1135    31.0192      7.805     2.1369 9.9999e+04  1023.9233    10.1112    23.8278     5.8544    178.695    9.23385  281.84447     63.402 -9.990e-29
   40.42664  -73.83838     20.991     20.828    10.1143    31.0192      7.805     2.1369 9.9999e+04  1023.9223    10.1120    23.8271     5.8541    178.684    9.23355  281.83565     63.400 -9.990e-29
   40.42664  -73.83838     20.981     20.818    10.1146    31.0178      7.805     2.1369 9.9999e+04  1023.9211    10.1123    23.8260     5.8537    178.673    9.23325  281.82734     63.398 -9.990e-29
   40.42664  -73.83838     20.958     20.795    10.1141    31.0164      7.805     2.1503 9.9999e+04  1023.9198    10.1118    23.8250     5.8535    178.669    9.23322  281.82783     63.396 -9.990e-29
   40.42664  -73.83838     20.951     20.788    10.1131    31.0164      7.805     2.1503 9.9999e+04  1023.9187    10.1108    23.8243     5.8533    178.662    9.23314  281.82559     63.395 -9.990e-29
   40.42664  -73.83838     20.948     20.786    10.1112    31.0164      7.805     2.1369 9.9999e+04  1023.9189    10.1089    23.8246     5.8531    178.656    9.23307  281.82259     63.393 -9.990e-29
   40.42664  -73.83838     20.940     20.777    10.1087    31.0165      7.805     2.1503 9.9999e+04  1023.9207    10.1064    23.8258     5.8529    178.648    9.23290  281.81702     63.392 -9.990e-29
   40.42664  -73.83838     20.920     20.758    10.1064    31.0180      7.805     2.1369 9.9999e+04  1023.9223    10.1041    23.8274     5.8469    178.465    9.23282  281.81476     63.327 -9.990e-29
   40.42664  -73.83838     20.918     20.756    10.1044    31.0194      7.805     2.1503 9.9999e+04  1023.9235    10.1021    23.8288     5.8459    178.437    9.23273  281.81239     63.318 -9.990e-29
   40.42664  -73.83838     20.909     20.747    10.1027    31.0208      7.805     2.1369 9.9999e+04  1023.9250    10.1004    23.8301     5.8507    178.582    9.23241  281.80252     63.371 -9.990e-29
   40.42664  -73.83838     20.909     20.747    10.1013    31.0220      7.805     2.1503 9.9999e+04  1023.9264    10.0990    23.8313     5.8447    178.399    9.23228  281.79870     63.307 -9.990e-29
   40.42664  -73.83838     20.887     20.725    10.1003    31.0227      7.805     2.1503 9.9999e+04  1023.9268    10.0980    23.8321     5.8431    178.350    9.23223  281.79806     63.290 -9.990e-29
   40.42664  -73.83838     20.890     20.728    10.0989    31.0232      7.805     2.1369 9.9999e+04  1023.9273    10.0966    23.8327     5.8482    178.508    9.23245  281.80647     63.344 -9.990e-29
   40.42664  -73.83838     20.887     20.725    10.0980    31.0239      7.805     2.1369 9.9999e+04  1023.9279    10.0957    23.8334     5.8483    178.510    9.23262  281.81244     63.343 -9.990e-29
   40.42664  -73.83838     20.869     20.708    10.0973    31.0250      7.811     2.1369 9.9999e+04  1023.9287    10.0950    23.8343     5.8483    178.509    9.23270  281.81428     63.343 -9.990e-29
   40.42664  -73.83838     20.879     20.717    10.0973    31.0264      7.805     2.1503 9.9999e+04  1023.9302    10.0950    23.8354     5.8483    178.511    9.23284  281.81786     63.343 -9.990e-29
   40.42664  -73.83838     20.867     20.705    10.0976    31.0275      7.805     2.1369 9.9999e+04  1023.9312    10.0953    23.8363     5.8491    178.534    9.23291  281.81919     63.351 -9.990e-29
   40.42664  -73.83838     20.858     20.697    10.0980    31.0275      7.805     2.1503 9.9999e+04  1023.9315    10.0957    23.8365     5.8490    178.531    9.23281  281.81524     63.350 -9.990e-29
   40.42664  -73.83838     20.858     20.697    10.0994    31.0275      7.805     2.1503 9.9999e+04  1023.9306    10.0972    23.8360     5.8489    178.528    9.23269  281.81147     63.350 -9.990e-29
   40.42664  -73.83838     20.867     20.705    10.1006    31.0268      7.805     2.1369 9.9999e+04  1023.9296    10.0983    23.8352     5.8439    178.374    9.23270  281.81196     63.295 -9.990e-29
   40.42664  -73.83838     20.858     20.697    10.1018    31.0263      7.805     2.1503 9.9999e+04  1023.9289    10.0995    23.8346     5.8501    178.566    9.23327  281.83233     63.359 -9.990e-29
   40.42664  -73.83838     20.846     20.684    10.1028    31.0261      7.805     2.1369 9.9999e+04  1023.9290    10.1006    23.8342     5.8513    178.605    9.23500  281.89154     63.360 -9.990e-29
   40.42664  -73.83838     20.858     20.697    10.1044    31.0258      7.805     2.1369 9.9999e+04  1023.9283    10.1021    23.8338     5.8539    178.688    9.23768  281.97663     63.370 -9.990e-29
   40.42664  -73.83838     20.849     20.687    10.1054    31.0253      7.805     2.1369 9.9999e+04  1023.9276    10.1031    23.8333     5.8559    178.748    9.24040  282.05788     63.373 -9.990e-29
   40.42664  -73.83838     20.867     20.705    10.1059    31.0249      7.805     2.1503 9.9999e+04  1023.9275    10.1036    23.8329     5.8577    178.799    9.24273  282.12497     63.376 -9.990e-29
   40.42664  -73.83838     20.849     20.687    10.1066    31.0244      7.805     2.1503 9.9999e+04  1023.9270    10.1044    23.8323     5.8590    178.838    9.24450  282.17587     63.378 -9.990e-29
   40.42664  -73.83838     20.858     20.697    10.1079    31.0235      7.805     2.1369 9.9999e+04  1023.9264    10.1056    23.8314     5.8600    178.868    9.24579  282.21250     63.381 -9.990e-29
   40.42664  -73.83838     20.867     20.705    10.1095    31.0221      7.805     2.1503 9.9999e+04  1023.9243    10.1072    23.8302     5.8609    178.891    9.24676  282.23882     63.383 -9.990e-29
   40.42664  -73.83838     20.869     20.708    10.1102    31.0211      7.805     2.1369 9.9999e+04  1023.9233    10.1079    23.8292     5.8621    178.927    9.24723  282.25052     63.393 -9.990e-29
   40.42664  -73.83838     20.867     20.705    10.1105    31.0209      7.805     2.0966 9.9999e+04  1023.9235    10.1082    23.8290     5.8624    178.935    9.24741  282.25498     63.395 -9.990e-29
   40.42664  -73.83838     20.879     20.717    10.1105    31.0205      7.805     2.0697 9.9999e+04  1023.9239    10.1082    23.8287     5.8576    178.790    9.24762  282.26099     63.342 -9.990e-29
   40.42664  -73.83838     20.879     20.717    10.1100    31.0189      7.805     2.0697 9.9999e+04  1023.9229    10.1077    23.8275     5.8628    178.948    9.24755  282.25772     63.399 -9.990e-29
   40.42664  -73.83838     20.887     20.725    10.1095    31.0160      7.805     2.0697 9.9999e+04  1023.9197    10.1072    23.8253     5.8628    178.946    9.24715  282.24588     63.401 -9.990e-29
   40.42664  -73.83838     20.890     20.728    10.1089    31.0135      7.805     2.0697 9.9999e+04  1023.9173    10.1066    23.8235     5.8629    178.951    9.24712  282.24628     63.403 -9.990e-29
   40.42664  -73.83838     20.900     20.738    10.1071    31.0120      7.805     2.0832 9.9999e+04  1023.9175    10.1048    23.8225     5.8576    178.790    9.24763  282.26261     63.342 -9.990e-29
   40.42664  -73.83838     20.918     20.756    10.1050    31.0120      7.805     2.0697 9.9999e+04  1023.9164    10.1027    23.8220     5.8578    178.795    9.24861  282.29304     63.337 -9.990e-29
   40.42664  -73.83838     20.909     20.747    10.1034    31.0120      7.805     2.0697 9.9999e+04  1023.9154    10.1011    23.8225     5.8640    178.985    9.24993  282.33418     63.395 -9.990e-29
   40.42664  -73.83838     20.927     20.765    10.1013    31.0156      7.805     2.0697 9.9999e+04  1023.9185    10.0990    23.8264     5.8604    178.877    9.25174  282.39002     63.344 -9.990e-29
   40.42664  -73.83838     20.930     20.768    10.0989    31.0249      7.805     2.0697 9.9999e+04  1023.9283    10.0966    23.8339     5.8614    178.908    9.25384  282.45379     63.341 -9.990e-29
   40.42664  -73.83838     20.940     20.777    10.0972    31.0349      7.805     2.0832 9.9999e+04  1023.9398    10.0949    23.8418     5.8614    178.905    9.25548  282.50100     63.329 -9.990e-29
   40.42664  -73.83838     20.948     20.786    10.0988    31.0349      7.805     2.0697 -9.990e-29  1023.9436    10.0965    23.8456     5.8678    179.098    9.25686  282.53900     63.389 -9.990e-29
   40.42664  -73.83838     20.960     20.798    10.1033    31.0349      7.805     2.0832 -9.990e-29  1023.9406    10.1009    23.8441     5.8688    179.127    9.25773  282.56231     63.394 -9.990e-29
   40.42664  -73.83838     20.971     20.809    10.1077    31.0335      7.805     2.0697 -9.990e-29  1023.9349    10.1054    23.8393     5.8635    178.963    9.25788  282.56506     63.335 -9.990e-29
   40.42664  -73.83838     20.978     20.816    10.1115    31.0267      7.805     2.0697 -9.990e-29  1023.9280    10.1092    23.8334     5.8629    178.944    9.25756  282.55414     63.331 -9.990e-29
   40.42664  -73.83838     20.991     20.828    10.1136    31.0208      7.805     2.0697 -9.990e-29  1023.9221    10.1113    23.8285     5.8621    178.920    9.25692  282.53508     63.327 -9.990e-29
   40.42664  -73.83838     20.999     20.836    10.1148    31.0208      7.805     2.0697 -9.990e-29  1023.9191    10.1125    23.8262     5.8614    178.899    9.25634  282.51848     63.323 -9.990e-29
   40.42664  -73.83838     21.011     20.848    10.1148    31.0208      7.805     2.0832 -9.990e-29  1023.9212    10.1125    23.8273     5.8609    178.886    9.25612  282.51307     63.320 -9.990e-29
   40.42664  -73.83838     21.011     20.848    10.1146    31.0233      7.805     2.0697 -9.990e-29  1023.9263    10.1123    23.8302     5.8666    179.058    9.25623  282.51672     63.380 -9.990e-29
   40.42664  -73.83838     21.039     20.876    10.1153    31.0233      7.805     2.0832 -9.990e-29  1023.9288    10.1130    23.8320     5.8613    178.897    9.25631  282.51894     63.322 -9.990e-29
   40.42664  -73.83838     21.053     20.889    10.1171    31.0233      7.805     2.0697 -9.990e-29  1023.9277    10.1148    23.8314     5.8611    178.892    9.25636  282.51982     63.320 -9.990e-29
   40.42664  -73.83838     21.050     20.887    10.1196    31.0226      7.805     2.0832 -9.990e-29  1023.9248    10.1172    23.8289     5.8609    178.884    9.25627  282.51614     63.318 -9.990e-29
   40.42664  -73.83838     21.072     20.908    10.1214    31.0192      7.805     2.0697 -9.990e-29  1023.9201    10.1191    23.8260     5.8606    178.873    9.25601  282.50769     63.316 -9.990e-29
   40.42664  -73.83838     21.072     20.908    10.1222    31.0192      7.805     2.0697 -9.990e-29  1023.9188    10.1199    23.8249     5.8602    178.863    9.25569  282.49823     63.315 -9.990e-29
   40.42664  -73.83838     21.090     20.926    10.1216    31.0192      7.805     2.1234 -9.990e-29  1023.9217    10.1192    23.8258     5.8541    178.679    9.25549  282.49326     63.251 -9.990e-29
   40.42664  -73.83838     21.113     20.949    10.1219    31.0200      7.805     2.1503 -9.990e-29  1023.9232    10.1196    23.8268     5.8532    178.651    9.25534  282.48972     63.242 -9.990e-29
   40.42664  -73.83838     21.110     20.947    10.1224    31.0200      7.805     2.1637 -9.990e-29  1023.9227    10.1201    23.8266     5.8524    178.625    9.25512  282.48315     63.234 -9.990e-29
