CalculateIndicators/WaterTemperature/Data/CTD_NYOS/20240914_C21.cnv
* Sea-Bird SBE 9 Data File:
* FileName = C:\Seabird 9 CTD\Data\2024\202409_offshore\20240914_C21.hex
* Software Version Seasave V 7.23.2
* Temperature SN = 4590
* Conductivity SN = 3228
* Number of Bytes Per Scan = 44
* Number of Voltage Words = 5
* Number of Scans Averaged by the Deck Unit = 1
* NMEA Latitude = 40 46.53 N
* NMEA Longitude = 072 34.38 W
* NMEA UTC (Time) = Sep 14 2024  00:45:53
* NMEA baud rate = 4800
** Ship: Seawolf
** Station: 10.1
** Operator: TCM
# nquan = 18
# nvalues = 7467                        
# units = specified
# name 0 = latitude: Latitude [deg]
# name 1 = longitude: Longitude [deg]
# name 2 = prDM: Pressure, Digiquartz [db]
# name 3 = depSM: Depth [salt water, m]
# name 4 = t090C: Temperature [ITS-90, deg C]
# name 5 = sal00: Salinity, Practical [PSU]
# name 6 = ph: pH
# name 7 = flECO-AFL: Fluorescence, WET Labs ECO-AFL/FL [mg/m^3]
# name 8 = cpar: CPAR/Corrected Irradiance [%]
# name 9 = density00: Density [density, kg/m^3]
# name 10 = potemp090C: Potential Temperature [ITS-90, deg C]
# name 11 = sigma-é00: Density [sigma-theta, kg/m^3]
# name 12 = sbeox0Mg/L: Oxygen, SBE 43 [mg/l]
# name 13 = sbox0Mm/Kg: Oxygen, SBE 43 [umol/kg]
# name 14 = oxsolMg/L: Oxygen Saturation, Garcia & Gordon [mg/l]
# name 15 = oxsolMm/Kg: Oxygen Saturation, Garcia & Gordon [umol/kg]
# name 16 = sbeox0PS: Oxygen, SBE 43 [% saturation]
# name 17 = flag:  0.000e+00
# span 0 =   40.77554,   40.77562       
# span 1 =  -72.57312,  -72.57258       
# span 2 =      1.744,     18.884       
# span 3 =      1.730,     18.737       
# span 4 =    18.8382,    21.5496       
# span 5 =    30.9140,    31.2011       
# span 6 =      8.070,      8.216       
# span 7 =     0.5654,     2.2175       
# span 8 = 1.6880e-11, 9.9999e+04       
# span 9 =  1021.2775,  1022.2336       
# span 10 =    18.8350,    21.5492      
# span 11 =    21.2674,    22.1508      
# span 12 =     7.0429,     8.2669      
# span 13 =    215.337,    252.885      
# span 14 =    7.36288,    7.73037      
# span 15 =  225.30021,  236.34447      
# span 16 =     91.217,    110.625      
# span 17 = 0.0000e+00, 0.0000e+00      
# interval = seconds: 0.0416667
# start_time = Sep 14 2024 00:45:53 [System UTC, first data scan.]
# bad_flag = -9.990e-29
*END*
[from data line 1850]
   40.77556 -9.990e-29     18.203     18.061    18.9004    31.1623 -9.990e-29     1.8817 9.9999e+04  1022.1956    18.8973    22.1164     7.1118    217.436    7.72692  236.24322     92.039 -9.990e-29
   40.77556 -9.990e-29     18.203     18.061    18.8996    31.1609 -9.990e-29     1.8817 9.9999e+04  1022.1946    18.8965    22.1155     7.1062    217.264    7.72719  236.25121     91.963 -9.990e-29
   40.77556 -9.990e-29     18.214     18.072    18.8985    31.1598 -9.990e-29     1.8817 9.9999e+04  1022.1942    18.8953    22.1149     7.1093    217.359    7.72740  236.25723     92.001 -9.990e-29
   40.77556 -9.990e-29     18.224     18.082    18.8972    31.1588 -9.990e-29     1.8951 5.0640e-11  1022.1939    18.8940    22.1145     7.1036    217.184    7.72753  236.26089     91.925 -9.990e-29
   40.77556 -9.990e-29     18.224     18.082    18.8950    31.1581 -9.990e-29     1.8817 2.5320e-11  1022.1932    18.8918    22.1145     7.1023    217.146    7.72749  236.25947     91.910 -9.990e-29
   40.77556 -9.990e-29     18.244     18.102    18.8911    31.1582 -9.990e-29     1.8951 2.5320e-11  1022.1947    18.8880    22.1154     7.1011    217.109    7.72741  236.25718     91.895 -9.990e-29
   40.77556 -9.990e-29     18.233     18.091    18.8870    31.1589 -9.990e-29     1.8683 2.5320e-11  1022.1969    18.8838    22.1168     7.1000    217.074    7.72734  236.25481     91.881 -9.990e-29
   40.77556 -9.990e-29     18.243     18.101    18.8847    31.1591 -9.990e-29     1.8414 1.6880e-11  1022.1974    18.8815    22.1176     7.0943    216.900    7.72728  236.25306     91.808 -9.990e-29
   40.77556 -9.990e-29     18.254     18.112    18.8833    31.1591 -9.990e-29     1.8414 1.6880e-11  1022.1973    18.8801    22.1180     7.0928    216.854    7.72715  236.24906     91.790 -9.990e-29
   40.77556 -9.990e-29     18.254     18.112    18.8828    31.1596 -9.990e-29     1.8548 1.6880e-11  1022.1981    18.8796    22.1185     7.0914    216.811    7.72705  236.24581     91.773 -9.990e-29
   40.77556 -9.990e-29     18.254     18.112    18.8822    31.1601 -9.990e-29     1.8548 1.6880e-11  1022.1990    18.8791    22.1191     7.0900    216.769    7.72689  236.24118     91.757 -9.990e-29
   40.77556 -9.990e-29     18.265     18.123    18.8817    31.1606 -9.990e-29     1.8548 1.6880e-11  1022.1990    18.8786    22.1195     7.0891    216.741    7.72671  236.23588     91.748 -9.990e-29
   40.77556 -9.990e-29     18.265     18.123    18.8807    31.1611 -9.990e-29     1.8414 1.6880e-11  1022.1997    18.8775    22.1202     7.0879    216.704    7.72656  236.23123     91.734 -9.990e-29
   40.77556 -9.990e-29     18.265     18.123    18.8791    31.1617 -9.990e-29     1.8414 1.6880e-11  1022.2008    18.8760    22.1210     7.0824    216.538    7.72630  236.22344     91.667 -9.990e-29
   40.77556 -9.990e-29     18.265     18.123    18.8777    31.1621 -9.990e-29     1.8414 1.6880e-11  1022.2015    18.8746    22.1217     7.0812    216.501    7.72594  236.21270     91.655 -9.990e-29
   40.77556 -9.990e-29     18.274     18.132    18.8765    31.1623 -9.990e-29     1.8414 1.6880e-11  1022.2017    18.8733    22.1221     7.0796    216.452    7.72548  236.19951     91.639 -9.990e-29
   40.77556 -9.990e-29     18.274     18.132    18.8756    31.1625 -9.990e-29     1.8414 1.6880e-11  1022.2026    18.8725    22.1224     7.0831    216.559    7.72508  236.18786     91.689 -9.990e-29
   40.77556 -9.990e-29     18.274     18.132    18.8753    31.1623 -9.990e-29     1.8548 1.6880e-11  1022.2023    18.8721    22.1224     7.0780    216.406    7.72480  236.17980     91.627 -9.990e-29
   40.77556 -9.990e-29     18.274     18.132    18.8751    31.1621 -9.990e-29     1.8414 1.6880e-11  1022.2012    18.8720    22.1223     7.0774    216.386    7.72466  236.17564     91.621 -9.990e-29
   40.77556 -9.990e-29     18.274     18.132    18.8756    31.1627 -9.990e-29     1.8414 1.6880e-11  1022.2023    18.8725    22.1227     7.0764    216.356    7.72451  236.17134     91.610 -9.990e-29
   40.77556 -9.990e-29     18.274     18.132    18.8751    31.1636 -9.990e-29     1.8548 1.6880e-11  1022.2034    18.8720    22.1235     7.0759    216.342    7.72437  236.16723     91.606 -9.990e-29
   40.77556 -9.990e-29     18.274     18.132    18.8749    31.1640 -9.990e-29     1.8548 1.6880e-11  1022.2039    18.8718    22.1239     7.0711    216.194    7.72433  236.16618     91.543 -9.990e-29
   40.77556 -9.990e-29     18.284     18.142    18.8744    31.1639 -9.990e-29     1.8548 1.6880e-11  1022.2034    18.8713    22.1240     7.0753    216.322    7.72444  236.16943     91.596 -9.990e-29
   40.77556 -9.990e-29     18.274     18.132    18.8729    31.1638 -9.990e-29     1.8414 1.6880e-11  1022.2038    18.8697    22.1242     7.0708    216.184    7.72454  236.17216     91.537 -9.990e-29
   40.77556 -9.990e-29     18.274     18.132    18.8711    31.1641 -9.990e-29     1.8414 1.6880e-11  1022.2043    18.8680    22.1248     7.0703    216.171    7.72436  236.16693     91.533 -9.990e-29
   40.77556 -9.990e-29     18.284     18.142    18.8696    31.1648 -9.990e-29     1.8414 1.6880e-11  1022.2056    18.8664    22.1256     7.0701    216.164    7.72428  236.16415     91.531 -9.990e-29
   40.77556 -9.990e-29     18.273     18.131    18.8690    31.1655 -9.990e-29     1.8548 1.6880e-11  1022.2061    18.8658    22.1265     7.0706    216.178    7.72441  236.16750     91.536 -9.990e-29
   40.77556 -9.990e-29     18.284     18.142    18.8681    31.1662 -9.990e-29     1.8548 1.6880e-11  1022.2070    18.8650    22.1272     7.0753    216.321    7.72448  236.16869     91.596 -9.990e-29
   40.77556 -9.990e-29     18.274     18.132    18.8670    31.1666 -9.990e-29     1.8414 1.6880e-11  1022.2076    18.8638    22.1278     7.0711    216.192    7.72428  236.16234     91.544 -9.990e-29
   40.77556 -9.990e-29     18.274     18.132    18.8659    31.1668 -9.990e-29     1.8548 1.6880e-11  1022.2081    18.8627    22.1281     7.0708    216.185    7.72367  236.14418     91.548 -9.990e-29
   40.77556 -9.990e-29     18.284     18.142    18.8659    31.1666 -9.990e-29     1.8817 1.6880e-11  1022.2078    18.8627    22.1281     7.0710    216.190    7.72335  236.13491     91.553 -9.990e-29
   40.77556 -9.990e-29     18.274     18.132    18.8652    31.1665 -9.990e-29     1.9220 1.6880e-11  1022.2077    18.8621    22.1281     7.0714    216.203    7.72325  236.13170     91.560 -9.990e-29
   40.77556 -9.990e-29     18.284     18.142    18.8643    31.1664 -9.990e-29     1.9354 1.6880e-11  1022.2081    18.8611    22.1283     7.0670    216.067    7.72270  236.11448     91.509 -9.990e-29
   40.77556 -9.990e-29     18.274     18.132    18.8634    31.1660 -9.990e-29     1.9354 1.6880e-11  1022.2081    18.8603    22.1283     7.0659    216.035    7.72163  236.08246     91.508 -9.990e-29
   40.77556 -9.990e-29     18.284     18.142    18.8626    31.1655 -9.990e-29     1.9354 1.6880e-11  1022.2078    18.8595    22.1280     7.0653    216.018    7.72091  236.06188     91.509 -9.990e-29
   40.77556 -9.990e-29     18.284     18.142    18.8624    31.1649 -9.990e-29     1.9354 1.6880e-11  1022.2074    18.8592    22.1277     7.0655    216.024    7.72091  236.06192     91.512 -9.990e-29
   40.77556 -9.990e-29     18.284     18.142    18.8622    31.1645 -9.990e-29     1.9220 1.6880e-11  1022.2069    18.8590    22.1275     7.0660    216.039    7.72110  236.06746     91.516 -9.990e-29
   40.77556 -9.990e-29     18.274     18.132    18.8611    31.1645 -9.990e-29     1.9354 1.6880e-11  1022.2074    18.8579    22.1277     7.0665    216.053    7.72114  236.06820     91.521 -9.990e-29
   40.77556 -9.990e-29     18.284     18.142    18.8599    31.1647 -9.990e-29     1.9354 1.6880e-11  1022.2078    18.8568    22.1280     7.0670    216.067    7.72107  236.06572     91.529 -9.990e-29
   40.77556 -9.990e-29     18.284     18.142    18.8591    31.1648 -9.990e-29     1.9220 1.6880e-11  1022.2081    18.8559    22.1283     7.0626    215.933    7.72057  236.05034     91.478 -9.990e-29
   40.77556 -9.990e-29     18.284     18.142    18.8585    31.1651 -9.990e-29     1.9220 1.6880e-11  1022.2084    18.8553    22.1287     7.0618    215.909    7.71969  236.02408     91.477 -9.990e-29
   40.77556 -9.990e-29     18.295     18.153    18.8580    31.1655 -9.990e-29     1.9354 1.6880e-11  1022.2088    18.8549    22.1292     7.0658    216.033    7.71901  236.00356     91.538 -9.990e-29
   40.77556 -9.990e-29     18.284     18.142    18.8573    31.1660 -9.990e-29     1.9220 1.6880e-11  1022.2097    18.8542    22.1296     7.0611    215.889    7.71821  235.97949     91.487 -9.990e-29
   40.77556 -9.990e-29     18.295     18.153    18.8583    31.1660 -9.990e-29     1.9220 1.6880e-11  1022.2098    18.8551    22.1294     7.0609    215.883    7.71759  235.96131     91.491 -9.990e-29
   40.77556 -9.990e-29     18.294     18.152    18.8610    31.1652 -9.990e-29     1.9220 1.6880e-11  1022.2083    18.8578    22.1282     7.0609    215.883    7.71712  235.94729     91.496 -9.990e-29
   40.77556 -9.990e-29     18.284     18.142    18.8641    31.1638 -9.990e-29     1.9354 1.6880e-11  1022.2062    18.8610    22.1264     7.0605    215.873    7.71666  235.93327     91.497 -9.990e-29
   40.77556 -9.990e-29     18.295     18.153    18.8668    31.1622 -9.990e-29     1.9354 1.6880e-11  1022.2041    18.8636    22.1246     7.0602    215.861    7.71602  235.91405     91.500 -9.990e-29
   40.77556 -9.990e-29     18.305     18.162    18.8680    31.1610 -9.990e-29     1.9220 1.6880e-11  1022.2025    18.8648    22.1236     7.0553    215.713    7.71538  235.89496     91.445 -9.990e-29
   40.77556 -9.990e-29     18.295     18.153    18.8666    31.1610 -9.990e-29     1.9220 1.6880e-11  1022.2031    18.8634    22.1237     7.0548    215.698    7.71480  235.87751     91.445 -9.990e-29
   40.77556 -9.990e-29     18.295     18.153    18.8644    31.1618 -9.990e-29     1.9220 1.6880e-11  1022.2044    18.8612    22.1247     7.0544    215.687    7.71420  235.85976     91.447 -9.990e-29
   40.77556  -72.57296     18.305     18.162    18.8626    31.1629      8.071     1.9354 1.6880e-11  1022.2058    18.8594    22.1260     7.0583    215.807    7.71365  235.84314     91.504 -9.990e-29
   40.77556  -72.57296     18.305     18.162    18.8612    31.1640      8.071     1.9220 1.6880e-11  1022.2073    18.8580    22.1271     7.0541    215.677    7.71317  235.82895     91.455 -9.990e-29
   40.77556  -72.57296     18.305     18.162    18.8612    31.1648      8.071     1.9354 1.6880e-11  1022.2078    18.8581    22.1278     7.0538    215.668    7.71279  235.81749     91.455 -9.990e-29
   40.77556  -72.57296     18.305     18.162    18.8617    31.1652      8.071     1.9354 1.6880e-11  1022.2079    18.8585    22.1280     7.0535    215.659    7.71229  235.80287     91.457 -9.990e-29
   40.77556  -72.57296     18.314     18.172    18.8622    31.1654      8.071     1.9354 1.6880e-11  1022.2079    18.8590    22.1281     7.0533    215.654    7.71180  235.78828     91.461 -9.990e-29
   40.77556  -72.57296     18.305     18.162    18.8624    31.1658      8.071     2.0026 1.6880e-11  1022.2081    18.8593    22.1283     7.0534    215.657    7.71149  235.77922     91.466 -9.990e-29
   40.77556  -72.57296     18.314     18.172    18.8631    31.1663      8.071     2.0429 1.6880e-11  1022.2086    18.8599    22.1285     7.0531    215.650    7.71119  235.77014     91.466 -9.990e-29
   40.77556  -72.57296     18.305     18.162    18.8638    31.1665      8.071     2.0429 1.6880e-11  1022.2085    18.8606    22.1284     7.0530    215.646    7.71091  235.76180     91.468 -9.990e-29
   40.77556  -72.57296     18.314     18.172    18.8649    31.1663      8.071     2.0294 1.6880e-11  1022.2081    18.8617    22.1280     7.0531    215.648    7.71076  235.75742     91.470 -9.990e-29
   40.77556  -72.57296     18.314     18.172    18.8664    31.1658      8.071     2.0429 1.6880e-11  1022.2071    18.8632    22.1274     7.0533    215.654    7.71065  235.75392     91.474 -9.990e-29
   40.77556  -72.57296     18.314     18.172    18.8674    31.1656      8.071     2.0429 1.6880e-11  1022.2069    18.8643    22.1268     7.0488    215.517    7.71038  235.74544     91.419 -9.990e-29
   40.77556  -72.57296     18.314     18.172    18.8692    31.1651      8.071     2.0294 1.6880e-11  1022.2064    18.8661    22.1260     7.0484    215.504    7.70986  235.72938     91.420 -9.990e-29
   40.77556  -72.57296     18.314     18.172    18.8721    31.1638      8.071     2.0294 1.6880e-11  1022.2047    18.8690    22.1242     7.0522    215.623    7.70934  235.71389     91.476 -9.990e-29
   40.77556  -72.57296     18.325     18.183    18.8761    31.1616      8.071     2.0294 1.6880e-11  1022.2016    18.8730    22.1217     7.0519    215.611    7.70870  235.69447     91.479 -9.990e-29
   40.77556  -72.57296     18.305     18.162    18.8798    31.1594      8.071     2.0429 1.6880e-11  1022.1985    18.8766    22.1192     7.0516    215.604    7.70812  235.67726     91.483 -9.990e-29
   40.77556  -72.57296     18.325     18.183    18.8821    31.1578      8.071     2.0294 1.6880e-11  1022.1971    18.8789    22.1174     7.0519    215.612    7.70752  235.65945     91.493 -9.990e-29
   40.77556  -72.57296     18.314     18.172    18.8834    31.1566      8.071     2.0429 1.6880e-11  1022.1959    18.8803    22.1161     7.0519    215.613    7.70705  235.64544     91.499 -9.990e-29
   40.77556  -72.57296     18.314     18.172    18.8847    31.1557      8.071     2.0429 1.6880e-11  1022.1950    18.8815    22.1151     7.0521    215.621    7.70677  235.63706     91.505 -9.990e-29
   40.77556  -72.57296     18.314     18.172    18.8861    31.1549      8.071     2.0294 1.6880e-11  1022.1937    18.8829    22.1142     7.0524    215.628    7.70641  235.62623     91.513 -9.990e-29
   40.77556  -72.57296     18.335     18.192    18.8864    31.1545      8.071     2.0429 1.6880e-11  1022.1934    18.8833    22.1139     7.0526    215.636    7.70596  235.61287     91.522 -9.990e-29
   40.77556  -72.57296     18.335     18.192    18.8856    31.1549      8.071     2.0294 1.6880e-11  1022.1939    18.8824    22.1142     7.0525    215.634    7.70555  235.60064     91.525 -9.990e-29
   40.77556  -72.57296     18.325     18.183    18.8845    31.1555      8.071     2.0294 1.6880e-11  1022.1951    18.8813    22.1147     7.0530    215.648    7.70521  235.59029     91.535 -9.990e-29
   40.77556  -72.57296     18.346     18.203    18.8858    31.1560      8.071     2.0294 1.6880e-11  1022.1947    18.8826    22.1152     7.0531    215.651    7.70487  235.58018     91.540 -9.990e-29
   40.77556  -72.57296     18.386     18.243    18.8861    31.1574      8.071     2.0429 1.6880e-11  1022.1955    18.8829    22.1162     7.0533    215.660    7.70465  235.57386     91.547 -9.990e-29
   40.77556  -72.57296     18.376     18.233    18.8842    31.1601      8.071     2.0294 1.6880e-11  1022.1984    18.8810    22.1186     7.0537    215.673    7.70455  235.57125     91.553 -9.990e-29
   40.77556  -72.57296     18.335     18.192    18.8822    31.1634      8.071     2.0429 1.6880e-11  1022.2021    18.8791    22.1213     7.0542    215.688    7.70448  235.56915     91.560 -9.990e-29
   40.77556  -72.57296     18.284     18.142    18.8826    31.1654      8.071     2.0429 1.6880e-11  1022.2041    18.8794    22.1227     7.0598    215.859    7.70444  235.56819     91.633 -9.990e-29
   40.77556  -72.57296     18.275     18.132    18.8873    31.1652      8.071     2.0294 1.6880e-11  1022.2017    18.8842    22.1218     7.0564    215.754    7.70451  235.57045     91.588 -9.990e-29
   40.77556  -72.57296     18.284     18.142    18.8904    31.1645      8.071     2.0429 1.6880e-11  1022.1990    18.8872    22.1206     7.0570    215.772    7.70440  235.56657     91.597 -9.990e-29
