CalculateIndicators/WaterTemperature/Data/CTD_NYOS/20240428_C20.cnv
* Sea-Bird SBE 9 Data File:
* FileName = C:\Seabird 9 CTD\Data\2024\202404_offshore\20240428_C20.hex
* Software Version Seasave V 7.23.2
* Temperature SN = 4590
* Conductivity SN = 3228
* Number of Bytes Per Scan = 44
* Number of Voltage Words = 5
* Number of Scans Averaged by the Deck Unit = 1
* NMEA Latitude = 40 46.62 N
* NMEA Longitude = 072 34.65 W
* NMEA UTC (Time) = Apr 28 2024  05:51:45
* NMEA baud rate = 4800
** Ship: Seawolf
** Station: 10.1
** Operator: TDK
# nquan = 18
# nvalues = 10029                       
# units = specified
# name 0 = latitude: Latitude [deg]
# name 1 = longitude: Longitude [deg]
# name 2 = prDM: Pressure, Digiquartz [db]
# name 3 = depSM: Depth [salt water, m]
# name 4 = t090C: Temperature [ITS-90, deg C]
# name 5 = sal00: Salinity, Practical [PSU]
# name 6 = ph: pH
# name 7 = flECO-AFL: Fluorescence, WET Labs ECO-AFL/FL [mg/m^3]
# name 8 = cpar: CPAR/Corrected Irradiance [%]
# name 9 = density00: Density [density, kg/m^3]
# name 10 = potemp090C: Potential Temperature [ITS-90, deg C]
# name 11 = sigma-é00: Density [sigma-theta, kg/m^3]
# name 12 = sbeox0Mg/L: Oxygen, SBE 43 [mg/l]
# name 13 = sbox0Mm/Kg: Oxygen, SBE 43 [umol/kg]
# name 14 = oxsolMg/L: Oxygen Saturation, Garcia & Gordon [mg/l]
# name 15 = oxsolMm/Kg: Oxygen Saturation, Garcia & Gordon [umol/kg]
# name 16 = sbeox0PS: Oxygen, SBE 43 [% saturation]
# name 17 = flag:  0.000e+00
# span 0 =   40.77712,   40.77816       
# span 1 =  -72.57750,  -72.57706       
# span 2 =      1.649,     18.814       
# span 3 =      1.637,     18.668       
# span 4 =     7.8014,     9.1508       
# span 5 =    29.8646,    30.2424       
# span 6 =      7.963,      8.071       
# span 7 =     0.6326,     2.0294       
# span 8 = 9.9999e+04, 9.9999e+04       
# span 9 =  1023.1520,  1023.6532       
# span 10 =     7.7997,     9.1506      
# span 11 =    23.1247,    23.5675      
# span 12 =     8.9403,    10.0831      
# span 13 =    272.966,    307.921      
# span 14 =    9.49717,    9.77296      
# span 15 =  290.07397,  298.37731      
# span 16 =     91.646,    104.561      
# span 17 = 0.0000e+00, 0.0000e+00      
# interval = seconds: 0.0416667
# start_time = Apr 28 2024 05:51:44 [System UTC, first data scan.]
# bad_flag = -9.990e-29
*END*
[from data line 3538]
   40.77750  -72.57734     18.702     18.557     7.8202    30.2316      7.964     1.5459 9.9999e+04  1023.6425     7.8185    23.5564     8.9878    274.409    9.76744  298.21297     92.018 -9.990e-29
   40.77750  -72.57734     18.712     18.566     7.8205    30.2315      7.964     1.5593 9.9999e+04  1023.6421     7.8188    23.5563     8.9823    274.241    9.76738  298.21134     91.962 -9.990e-29
   40.77750  -72.57734     18.702     18.557     7.8205    30.2315      7.964     1.5459 9.9999e+04  1023.6422     7.8188    23.5563     8.9823    274.241    9.76738  298.21139     91.962 -9.990e-29
   40.77750  -72.57734     18.702     18.557     7.8207    30.2315      7.964     1.5459 9.9999e+04  1023.6422     7.8190    23.5563     8.9815    274.216    9.76743  298.21257     91.953 -9.990e-29
   40.77750  -72.57734     18.702     18.557     7.8208    30.2316      7.964     1.5593 9.9999e+04  1023.6420     7.8191    23.5564     8.9806    274.189    9.76735  298.21031     91.945 -9.990e-29
   40.77750  -72.57734     18.702     18.557     7.8205    30.2317      7.964     1.5593 9.9999e+04  1023.6425     7.8188    23.5565     8.9859    274.353    9.76726  298.20774     92.001 -9.990e-29
   40.77750  -72.57734     18.682     18.536     7.8207    30.2318      7.964     1.5593 9.9999e+04  1023.6423     7.8190    23.5566     8.9860    274.355    9.76724  298.20705     92.002 -9.990e-29
   40.77750  -72.57734     18.691     18.546     7.8205    30.2316      7.964     1.5593 9.9999e+04  1023.6423     7.8188    23.5565     8.9798    274.166    9.76717  298.20480     91.939 -9.990e-29
   40.77750  -72.57734     18.691     18.546     7.8207    30.2313      7.964     1.5593 9.9999e+04  1023.6420     7.8190    23.5563     8.9791    274.144    9.76718  298.20531     91.931 -9.990e-29
   40.77750  -72.57734     18.691     18.546     7.8208    30.2311      7.964     1.5593 9.9999e+04  1023.6417     7.8191    23.5561     8.9792    274.148    9.76712  298.20355     91.933 -9.990e-29
   40.77750  -72.57734     18.672     18.527     7.8208    30.2312      7.964     1.5459 9.9999e+04  1023.6417     7.8191    23.5561     8.9785    274.127    9.76709  298.20257     91.927 -9.990e-29
   40.77750  -72.57734     18.672     18.527     7.8207    30.2315      7.964     1.5593 9.9999e+04  1023.6421     7.8190    23.5563     8.9779    274.107    9.76701  298.20037     91.920 -9.990e-29
   40.77750  -72.57734     18.672     18.527     7.8207    30.2318      7.964     1.5593 9.9999e+04  1023.6423     7.8190    23.5566     8.9782    274.117    9.76699  298.19979     91.924 -9.990e-29
   40.77750  -72.57734     18.661     18.516     7.8208    30.2319      7.964     1.6131 9.9999e+04  1023.6425     7.8191    23.5566     8.9777    274.103    9.76701  298.20018     91.919 -9.990e-29
   40.77750  -72.57734     18.661     18.516     7.8215    30.2319      7.964     1.6534 9.9999e+04  1023.6421     7.8198    23.5565     8.9772    274.085    9.76689  298.19669     91.914 -9.990e-29
   40.77750  -72.57734     18.661     18.516     7.8218    30.2319      7.964     1.6534 9.9999e+04  1023.6423     7.8201    23.5565     8.9768    274.074    9.76693  298.19786     91.910 -9.990e-29
   40.77750  -72.57734     18.642     18.497     7.8220    30.2318      7.964     1.6534 9.9999e+04  1023.6421     7.8203    23.5563     8.9827    274.254    9.76695  298.19859     91.970 -9.990e-29
   40.77750  -72.57734     18.651     18.506     7.8228    30.2315      7.964     1.6399 9.9999e+04  1023.6416     7.8211    23.5560     8.9769    274.079    9.76694  298.19800     91.912 -9.990e-29
   40.77750  -72.57734     18.631     18.486     7.8231    30.2311      7.964     1.6399 9.9999e+04  1023.6411     7.8214    23.5557     8.9775    274.094    9.76690  298.19701     91.917 -9.990e-29
   40.77750  -72.57734     18.642     18.497     7.8236    30.2309      7.964     1.6399 9.9999e+04  1023.6409     7.8219    23.5554     8.9709    273.894    9.76684  298.19527     91.851 -9.990e-29
   40.77750  -72.57734     18.631     18.486     7.8239    30.2310      7.964     1.6399 9.9999e+04  1023.6410     7.8222    23.5554     8.9698    273.860    9.76679  298.19370     91.840 -9.990e-29
   40.77750  -72.57734     18.621     18.476     7.8241    30.2309      7.964     1.6399 9.9999e+04  1023.6411     7.8224    23.5553     8.9686    273.824    9.76663  298.18890     91.829 -9.990e-29
   40.77750  -72.57734     18.621     18.476     7.8251    30.2305      7.964     1.6399 9.9999e+04  1023.6402     7.8234    23.5550     8.9676    273.793    9.76655  298.18646     91.819 -9.990e-29
   40.77750  -72.57734     18.610     18.465     7.8252    30.2302      7.964     1.6534 9.9999e+04  1023.6401     7.8235    23.5547     8.9666    273.762    9.76641  298.18228     91.810 -9.990e-29
   40.77750  -72.57734     18.610     18.465     7.8257    30.2301      7.964     1.6534 9.9999e+04  1023.6398     7.8240    23.5546     8.9657    273.736    9.76633  298.17979     91.802 -9.990e-29
   40.77750  -72.57734     18.600     18.456     7.8258    30.2302      7.964     1.6399 9.9999e+04  1023.6401     7.8241    23.5547     8.9648    273.709    9.76618  298.17542     91.795 -9.990e-29
   40.77750  -72.57734     18.600     18.456     7.8259    30.2302      7.964     1.6399 9.9999e+04  1023.6402     7.8242    23.5546     8.9641    273.687    9.76610  298.17312     91.788 -9.990e-29
   40.77750  -72.57734     18.600     18.456     7.8262    30.2300      7.964     1.6399 9.9999e+04  1023.6395     7.8245    23.5544     8.9635    273.669    9.76604  298.17126     91.782 -9.990e-29
   40.77750  -72.57734     18.580     18.435     7.8261    30.2300      7.964     1.6534 9.9999e+04  1023.6398     7.8244    23.5544     8.9691    273.840    9.76591  298.16743     91.841 -9.990e-29
   40.77750  -72.57734     18.591     18.446     7.8264    30.2300      7.964     1.6534 9.9999e+04  1023.6397     7.8247    23.5544     8.9694    273.850    9.76579  298.16376     91.845 -9.990e-29
   40.77750  -72.57734     18.591     18.446     7.8266    30.2300      7.964     1.6399 9.9999e+04  1023.6397     7.8249    23.5544     8.9635    273.670    9.76567  298.16029     91.786 -9.990e-29
   40.77750  -72.57734     18.570     18.426     7.8267    30.2300      7.964     1.6534 9.9999e+04  1023.6397     7.8250    23.5543     8.9695    273.851    9.76570  298.16110     91.847 -9.990e-29
   40.77750  -72.57734     18.580     18.435     7.8272    30.2297      7.964     1.6534 9.9999e+04  1023.6394     7.8255    23.5540     8.9637    273.674    9.76558  298.15750     91.788 -9.990e-29
   40.77750  -72.57734     18.570     18.426     7.8277    30.2295      7.964     1.6534 9.9999e+04  1023.6388     7.8260    23.5538     8.9696    273.856    9.76551  298.15545     91.850 -9.990e-29
   40.77750  -72.57734     18.570     18.426     7.8281    30.2295      7.964     1.6399 9.9999e+04  1023.6390     7.8265    23.5537     8.9703    273.876    9.76548  298.15462     91.857 -9.990e-29
   40.77750  -72.57734     18.560     18.416     7.8287    30.2295      7.964     1.6534 9.9999e+04  1023.6388     7.8270    23.5537     8.9647    273.706    9.76542  298.15287     91.800 -9.990e-29
   40.77750  -72.57734     18.560     18.416     7.8289    30.2293      7.964     1.6399 9.9999e+04  1023.6388     7.8272    23.5536     8.9646    273.703    9.76542  298.15301     91.800 -9.990e-29
   40.77750  -72.57734     18.560     18.416     7.8293    30.2291      7.964     1.6668 9.9999e+04  1023.6384     7.8276    23.5533     8.9646    273.703    9.76543  298.15323     91.800 -9.990e-29
   40.77750  -72.57734     18.560     18.416     7.8293    30.2288      7.964     1.6937 9.9999e+04  1023.6382     7.8276    23.5531     8.9700    273.868    9.76542  298.15285     91.855 -9.990e-29
   40.77750  -72.57734     18.549     18.405     7.8296    30.2286      7.964     1.6937 9.9999e+04  1023.6379     7.8279    23.5529     8.9709    273.896    9.76542  298.15284     91.864 -9.990e-29
   40.77750  -72.57734     18.540     18.396     7.8297    30.2285      7.964     1.6937 9.9999e+04  1023.6379     7.8280    23.5528     8.9657    273.735    9.76539  298.15186     91.811 -9.990e-29
   40.77750  -72.57734     18.540     18.396     7.8298    30.2285      7.964     1.6937 9.9999e+04  1023.6379     7.8281    23.5527     8.9712    273.903    9.76537  298.15131     91.867 -9.990e-29
   40.77750  -72.57734     18.549     18.405     7.8298    30.2284      7.964     1.6937 9.9999e+04  1023.6378     7.8281    23.5526     8.9722    273.935    9.76538  298.15178     91.878 -9.990e-29
   40.77750  -72.57734     18.529     18.385     7.8299    30.2282      7.964     1.6937 9.9999e+04  1023.6375     7.8282    23.5525     8.9670    273.776    9.76532  298.14989     91.825 -9.990e-29
   40.77750  -72.57734     18.529     18.385     7.8303    30.2281      7.964     1.6937 9.9999e+04  1023.6374     7.8286    23.5523     8.9674    273.788    9.76542  298.15269     91.828 -9.990e-29
   40.77750  -72.57734     18.529     18.385     7.8306    30.2279      7.964     1.6937 9.9999e+04  1023.6372     7.8289    23.5522     8.9679    273.803    9.76553  298.15636     91.832 -9.990e-29
   40.77750  -72.57734     18.529     18.385     7.8306    30.2278      7.964     1.6937 9.9999e+04  1023.6370     7.8289    23.5521     8.9746    274.008    9.76556  298.15709     91.901 -9.990e-29
   40.77750  -72.57734     18.509     18.366     7.8306    30.2279      7.964     1.6937 9.9999e+04  1023.6371     7.8289    23.5522     8.9698    273.862    9.76567  298.16035     91.851 -9.990e-29
   40.77750  -72.57734     18.509     18.366     7.8300    30.2280      7.964     1.6937 9.9999e+04  1023.6375     7.8283    23.5523     8.9704    273.881    9.76572  298.16185     91.856 -9.990e-29
   40.77750  -72.57734     18.519     18.375     7.8304    30.2281      7.964     1.6937 9.9999e+04  1023.6371     7.8288    23.5523     8.9773    274.089    9.76569  298.16074     91.927 -9.990e-29
   40.77750  -72.57734     18.498     18.355     7.8303    30.2283      7.964     1.6937 9.9999e+04  1023.6374     7.8286    23.5525     8.9779    274.107    9.76566  298.16000     91.933 -9.990e-29
   40.77750  -72.57734     18.498     18.355     7.8299    30.2286      7.964     1.6937 9.9999e+04  1023.6378     7.8282    23.5527     8.9784    274.125    9.76559  298.15776     91.939 -9.990e-29
   40.77750  -72.57734     18.489     18.345     7.8303    30.2286      7.964     1.6937 9.9999e+04  1023.6377     7.8286    23.5527     8.9789    274.139    9.76545  298.15391     91.946 -9.990e-29
   40.77750  -72.57734     18.489     18.345     7.8308    30.2285      7.964     1.6937 9.9999e+04  1023.6374     7.8291    23.5526     8.9796    274.159    9.76547  298.15425     91.952 -9.990e-29
   40.77750  -72.57734     18.479     18.336     7.8309    30.2283      7.964     1.6937 9.9999e+04  1023.6372     7.8292    23.5524     8.9812    274.208    9.76553  298.15587     91.968 -9.990e-29
   40.77750  -72.57734     18.478     18.334     7.8313    30.2281      7.964     1.6937 9.9999e+04  1023.6371     7.8296    23.5522     8.9826    274.253    9.76542  298.15274     91.984 -9.990e-29
   40.77750  -72.57734     18.479     18.335     7.8312    30.2280      7.964     1.6937 9.9999e+04  1023.6370     7.8296    23.5521     8.9833    274.272    9.76535  298.15049     91.991 -9.990e-29
   40.77750  -72.57734     18.459     18.315     7.8316    30.2278      7.964     1.6937 9.9999e+04  1023.6367     7.8299    23.5520     8.9839    274.293    9.76532  298.14980     91.998 -9.990e-29
   40.77750  -72.57734     18.448     18.304     7.8317    30.2277      7.964     1.6937 9.9999e+04  1023.6366     7.8300    23.5519     8.9846    274.314    9.76532  298.14980     92.006 -9.990e-29
   40.77750  -72.57734     18.448     18.304     7.8321    30.2275      7.964     1.6937 9.9999e+04  1023.6363     7.8304    23.5517     8.9853    274.334    9.76528  298.14847     92.013 -9.990e-29
   40.77750  -72.57734     18.448     18.304     7.8324    30.2273      7.964     1.6937 9.9999e+04  1023.6359     7.8307    23.5515     8.9861    274.358    9.76535  298.15058     92.020 -9.990e-29
   40.77750  -72.57734     18.438     18.295     7.8322    30.2271      7.964     1.6937 9.9999e+04  1023.6361     7.8305    23.5513     8.9867    274.378    9.76531  298.14945     92.027 -9.990e-29
 -9.990e-29 -9.990e-29     18.428     18.285     7.8329    30.2271      7.964     1.7205 9.9999e+04  1023.6356     7.8312    23.5513     8.9875    274.401    9.76534  298.15050     92.034 -9.990e-29
 -9.990e-29 -9.990e-29     18.417     18.274     7.8326    30.2272      7.964     1.7339 9.9999e+04  1023.6360     7.8309    23.5514     8.9883    274.425    9.76545  298.15377     92.042 -9.990e-29
 -9.990e-29 -9.990e-29     18.408     18.264     7.8325    30.2273      7.964     1.7339 9.9999e+04  1023.6359     7.8308    23.5515     8.9891    274.451    9.76559  298.15777     92.049 -9.990e-29
 -9.990e-29 -9.990e-29     18.417     18.274     7.8326    30.2273      7.964     1.7339 9.9999e+04  1023.6360     7.8309    23.5514     8.9909    274.504    9.76570  298.16115     92.066 -9.990e-29
 -9.990e-29 -9.990e-29     18.387     18.244     7.8327    30.2272      7.964     1.7339 9.9999e+04  1023.6358     7.8310    23.5513     8.9917    274.530    9.76581  298.16437     92.073 -9.990e-29
 -9.990e-29 -9.990e-29     18.387     18.244     7.8330    30.2271      7.964     1.7205 9.9999e+04  1023.6356     7.8313    23.5512     8.9988    274.747    9.76592  298.16757     92.145 -9.990e-29
 -9.990e-29 -9.990e-29     18.387     18.244     7.8333    30.2271      7.964     1.7339 9.9999e+04  1023.6356     7.8316    23.5511     8.9995    274.769    9.76597  298.16897     92.152 -9.990e-29
 -9.990e-29 -9.990e-29     18.366     18.224     7.8340    30.2271      7.964     1.7205 9.9999e+04  1023.6353     7.8323    23.5510     9.0000    274.784    9.76589  298.16645     92.158 -9.990e-29
 -9.990e-29 -9.990e-29     18.366     18.224     7.8343    30.2269      7.964     1.7205 9.9999e+04  1023.6353     7.8327    23.5508     9.0005    274.799    9.76584  298.16513     92.163 -9.990e-29
 -9.990e-29 -9.990e-29     18.357     18.214     7.8351    30.2266      7.964     1.7339 9.9999e+04  1023.6347     7.8335    23.5506     8.9946    274.619    9.76578  298.16324     92.104 -9.990e-29
 -9.990e-29 -9.990e-29     18.347     18.204     7.8356    30.2263      7.964     1.7339 9.9999e+04  1023.6345     7.8339    23.5503     8.9941    274.603    9.76571  298.16122     92.099 -9.990e-29
 -9.990e-29 -9.990e-29     18.336     18.193     7.8363    30.2260      7.964     1.7339 9.9999e+04  1023.6341     7.8346    23.5499     8.9998    274.778    9.76569  298.16062     92.158 -9.990e-29
 -9.990e-29 -9.990e-29     18.326     18.184     7.8368    30.2256      7.964     1.7339 9.9999e+04  1023.6336     7.8351    23.5495     9.0000    274.785    9.76564  298.15936     92.160 -9.990e-29
 -9.990e-29 -9.990e-29     18.326     18.184     7.8372    30.2252      7.964     1.7339 9.9999e+04  1023.6331     7.8356    23.5491     9.0004    274.795    9.76573  298.16207     92.163 -9.990e-29
 -9.990e-29 -9.990e-29     18.317     18.174     7.8379    30.2250      7.964     1.7205 9.9999e+04  1023.6329     7.8362    23.5490     9.0007    274.804    9.76588  298.16652     92.165 -9.990e-29
 -9.990e-29 -9.990e-29     18.296     18.154     7.8382    30.2250      7.964     1.7339 9.9999e+04  1023.6331     7.8366    23.5489     9.0018    274.837    9.76596  298.16873     92.175 -9.990e-29
 -9.990e-29 -9.990e-29     18.296     18.154     7.8390    30.2249      7.964     1.7339 9.9999e+04  1023.6323     7.8374    23.5487     9.0027    274.864    9.76591  298.16715     92.184 -9.990e-29
 -9.990e-29 -9.990e-29     18.296     18.154     7.8387    30.2249      7.964     1.7205 9.9999e+04  1023.6328     7.8371    23.5486     9.0027    274.865    9.76590  298.16690     92.185 -9.990e-29
