CalculateIndicators/WaterTemperature/Data/CTD_NYOS/20240913_C17.cnv
* Sea-Bird SBE 9 Data File:
* FileName = C:\Seabird 9 CTD\Data\2024\202409_offshore\20240913_C17.hex
* Software Version Seasave V 7.23.2
* Temperature SN = 4590
* Conductivity SN = 3228
* Number of Bytes Per Scan = 44
* Number of Voltage Words = 5
* Number of Scans Averaged by the Deck Unit = 1
* NMEA Latitude = 39 59.70 N
* NMEA Longitude = 072 32.49 W
* NMEA UTC (Time) = Sep 13 2024  13:18:22
* NMEA baud rate = 4800
** Ship: Seawolf
** Station: 9.4
** Operator: TDK
# nquan = 18
# nvalues = 15281                       
# units = specified
# name 0 = latitude: Latitude [deg]
# name 1 = longitude: Longitude [deg]
# name 2 = prDM: Pressure, Digiquartz [db]
# name 3 = depSM: Depth [salt water, m]
# name 4 = t090C: Temperature [ITS-90, deg C]
# name 5 = sal00: Salinity, Practical [PSU]
# name 6 = ph: pH
# name 7 = flECO-AFL: Fluorescence, WET Labs ECO-AFL/FL [mg/m^3]
# name 8 = cpar: CPAR/Corrected Irradiance [%]
# name 9 = density00: Density [density, kg/m^3]
# name 10 = potemp090C: Potential Temperature [ITS-90, deg C]
# name 11 = sigma-é00: Density [sigma-theta, kg/m^3]
# name 12 = sbeox0Mg/L: Oxygen, SBE 43 [mg/l]
# name 13 = sbox0Mm/Kg: Oxygen, SBE 43 [umol/kg]
# name 14 = oxsolMg/L: Oxygen Saturation, Garcia & Gordon [mg/l]
# name 15 = oxsolMm/Kg: Oxygen Saturation, Garcia & Gordon [umol/kg]
# name 16 = sbeox0PS: Oxygen, SBE 43 [% saturation]
# name 17 = flag:  0.000e+00
# span 0 =   39.99470,   39.99512       
# span 1 =  -72.54396,  -72.54166       
# span 2 =      1.967,     58.706       
# span 3 =      1.952,     58.248       
# span 4 =     8.4014,    20.8141       
# span 5 =    31.6246,    32.7779       
# span 6 =      7.778,      8.189       
# span 7 =    -0.0121,     1.3444       
# span 8 = 8.3515e-03, 2.1399e+02       
# span 9 =  1022.2595,  1025.2152       
# span 10 =     8.3961,    20.8136      
# span 11 =    22.2502,    24.9477      
# span 12 =     6.7506,     8.8489      
# span 13 =    205.867,    270.126      
# span 14 =    7.41700,    9.53206      
# span 15 =  226.73940,  290.65785      
# span 16 =     71.216,    106.913      
# span 17 = 0.0000e+00, 0.0000e+00      
# interval = seconds: 0.0416667
# start_time = Sep 13 2024 13:18:23 [System UTC, first data scan.]
# bad_flag = -9.990e-29
*END*
[from data line 11659]
   39.99480  -72.54328     15.352     15.234    20.6246    32.0849 -9.990e-29     0.1894 5.2885e+00  1022.4433    20.6217    22.3770     7.2787    222.483    7.43833  227.36328     97.854 -9.990e-29
   39.99480  -72.54328     15.352     15.234    20.6242    32.0848 -9.990e-29     0.1894 5.2588e+00  1022.4434    20.6214    22.3769     7.2747    222.362    7.43833  227.36325     97.800 -9.990e-29
   39.99480  -72.54328     15.351     15.232    20.6244    32.0847 -9.990e-29     0.1894 5.2344e+00  1022.4433    20.6216    22.3768     7.2792    222.499    7.43832  227.36300     97.861 -9.990e-29
   39.99480  -72.54328     15.352     15.234    20.6242    32.0845 -9.990e-29     0.2028 5.2242e+00  1022.4432    20.6214    22.3768     7.2797    222.513    7.43829  227.36214     97.867 -9.990e-29
   39.99480  -72.54328     15.341     15.223    20.6237    32.0844 -9.990e-29     0.2028 5.1273e+00  1022.4432    20.6209    22.3768     7.2802    222.530    7.43833  227.36335     97.874 -9.990e-29
   39.99480  -72.54328     15.340     15.222    20.6235    32.0843 -9.990e-29     0.1894 5.0520e+00  1022.4431    20.6207    22.3768     7.2763    222.409    7.43827  227.36163     97.822 -9.990e-29
   39.99480  -72.54328     15.341     15.223    20.6234    32.0843 -9.990e-29     0.1894 5.0477e+00  1022.4432    20.6205    22.3769     7.2809    222.551    7.43835  227.36400     97.883 -9.990e-29
   39.99480  -72.54328     15.331     15.213    20.6232    32.0844 -9.990e-29     0.1894 4.9863e+00  1022.4433    20.6203    22.3771     7.2810    222.556    7.43832  227.36304     97.886 -9.990e-29
   39.99480  -72.54328     15.340     15.222    20.6223    32.0847 -9.990e-29     0.1894 4.9256e+00  1022.4437    20.6195    22.3774     7.2813    222.562    7.43835  227.36391     97.888 -9.990e-29
   39.99480  -72.54328     15.322     15.204    20.6218    32.0851 -9.990e-29     0.1894 4.8884e+00  1022.4443    20.6189    22.3778     7.2774    222.445    7.43835  227.36390     97.837 -9.990e-29
   39.99480  -72.54328     15.322     15.204    20.6216    32.0854 -9.990e-29     0.1894 4.8610e+00  1022.4446    20.6188    22.3781     7.2816    222.574    7.43833  227.36333     97.894 -9.990e-29
   39.99480  -72.54328     15.322     15.204    20.6218    32.0854 -9.990e-29     0.1894 4.7931e+00  1022.4442    20.6189    22.3781     7.2822    222.591    7.43832  227.36298     97.901 -9.990e-29
   39.99480  -72.54328     15.319     15.201    20.6218    32.0854 -9.990e-29     0.1894 4.7749e+00  1022.4445    20.6189    22.3781     7.2824    222.598    7.43830  227.36236     97.905 -9.990e-29
   39.99480  -72.54328     15.322     15.204    20.6221    32.0853 -9.990e-29     0.1894 4.7435e+00  1022.4442    20.6193    22.3780     7.2826    222.604    7.43828  227.36177     97.907 -9.990e-29
   39.99480  -72.54328     15.301     15.183    20.6221    32.0853 -9.990e-29     0.1894 4.6996e+00  1022.4442    20.6193    22.3779     7.2828    222.610    7.43826  227.36118     97.910 -9.990e-29
   39.99480  -72.54328     15.309     15.192    20.6227    32.0852 -9.990e-29     0.2028 4.6824e+00  1022.4439    20.6198    22.3777     7.2831    222.617    7.43826  227.36114     97.914 -9.990e-29
   39.99480  -72.54328     15.301     15.183    20.6225    32.0850 -9.990e-29     0.1894 4.6956e+00  1022.4438    20.6197    22.3776     7.2789    222.490    7.43826  227.36131     97.858 -9.990e-29
   39.99480  -72.54328     15.301     15.183    20.6223    32.0849 -9.990e-29     0.1894 4.7134e+00  1022.4439    20.6195    22.3775     7.2788    222.487    7.43829  227.36219     97.856 -9.990e-29
   39.99480  -72.54328     15.300     15.182    20.6225    32.0847 -9.990e-29     0.1894 4.7267e+00  1022.4436    20.6197    22.3774     7.2787    222.483    7.43827  227.36147     97.854 -9.990e-29
   39.99480  -72.54328     15.290     15.172    20.6225    32.0846 -9.990e-29     0.1894 4.7221e+00  1022.4435    20.6197    22.3772     7.2830    222.615    7.43829  227.36219     97.912 -9.990e-29
   39.99480  -72.54328     15.280     15.163    20.6227    32.0846 -9.990e-29     0.1894 4.7890e+00  1022.4433    20.6199    22.3772     7.2833    222.624    7.43832  227.36318     97.916 -9.990e-29
   39.99480  -72.54328     15.279     15.161    20.6221    32.0847 -9.990e-29     0.1894 4.8154e+00  1022.4435    20.6193    22.3773     7.2792    222.500    7.43836  227.36449     97.860 -9.990e-29
   39.99480  -72.54328     15.280     15.163    20.6221    32.0848 -9.990e-29     0.1894 4.8107e+00  1022.4436    20.6193    22.3775     7.2792    222.498    7.43840  227.36543     97.859 -9.990e-29
   39.99480  -72.54328     15.271     15.153    20.6220    32.0848 -9.990e-29     0.2028 4.8884e+00  1022.4436    20.6192    22.3775     7.2832    222.621    7.43845  227.36706     97.912 -9.990e-29
   39.99480  -72.54328     15.260     15.142    20.6221    32.0849 -9.990e-29     0.1894 4.9250e+00  1022.4436    20.6193    22.3776     7.2791    222.496    7.43846  227.36723     97.857 -9.990e-29
   39.99480  -72.54328     15.258     15.141    20.6221    32.0850 -9.990e-29     0.1894 4.9299e+00  1022.4438    20.6193    22.3778     7.2831    222.617    7.43848  227.36793     97.911 -9.990e-29
   39.99480  -72.54328     15.250     15.133    20.6220    32.0852 -9.990e-29     0.1894 4.9814e+00  1022.4440    20.6192    22.3779     7.2786    222.481    7.43851  227.36880     97.850 -9.990e-29
   39.99480  -72.54328     15.250     15.133    20.6221    32.0853 -9.990e-29     0.1894 5.0095e+00  1022.4439    20.6193    22.3779     7.2829    222.612    7.43848  227.36776     97.908 -9.990e-29
   39.99480  -72.54328     15.249     15.131    20.6221    32.0853 -9.990e-29     0.1894 5.0236e+00  1022.4440    20.6193    22.3779     7.2832    222.621    7.43850  227.36829     97.912 -9.990e-29
   39.99480  -72.54328     15.230     15.112    20.6223    32.0851 -9.990e-29     0.1894 4.9765e+00  1022.4436    20.6195    22.3777     7.2831    222.618    7.43847  227.36750     97.911 -9.990e-29
   39.99480  -72.54328     15.241     15.123    20.6223    32.0851 -9.990e-29     0.1894 4.9437e+00  1022.4434    20.6195    22.3777     7.2833    222.626    7.43845  227.36680     97.915 -9.990e-29
   39.99480  -72.54328     15.219     15.101    20.6223    32.0852 -9.990e-29     0.1894 4.9299e+00  1022.4438    20.6195    22.3778     7.2833    222.624    7.43847  227.36769     97.913 -9.990e-29
   39.99480  -72.54328     15.209     15.092    20.6225    32.0852 -9.990e-29     0.1894 4.9160e+00  1022.4436    20.6197    22.3778     7.2791    222.496    7.43845  227.36676     97.858 -9.990e-29
   39.99480  -72.54328     15.220     15.103    20.6227    32.0849 -9.990e-29     0.1894 4.8795e+00  1022.4433    20.6199    22.3775     7.2834    222.628    7.43845  227.36676     97.916 -9.990e-29
   39.99480  -72.54328     15.198     15.081    20.6227    32.0849 -9.990e-29     0.1894 4.8842e+00  1022.4430    20.6199    22.3775     7.2833    222.624    7.43844  227.36659     97.914 -9.990e-29
   39.99480  -72.54328     15.199     15.082    20.6225    32.0850 -9.990e-29     0.1894 4.9076e+00  1022.4436    20.6197    22.3775     7.2835    222.632    7.43842  227.36597     97.918 -9.990e-29
   39.99480  -72.54328     15.190     15.073    20.6227    32.0850 -9.990e-29     0.1894 4.9681e+00  1022.4432    20.6199    22.3775     7.2838    222.639    7.43839  227.36506     97.921 -9.990e-29
   39.99480  -72.54328     15.177     15.060    20.6228    32.0849 -9.990e-29     0.1894 4.9919e+00  1022.4431    20.6200    22.3775     7.2792    222.500    7.43835  227.36386     97.861 -9.990e-29
   39.99480  -72.54328     15.169     15.052    20.6225    32.0851 -9.990e-29     0.1894 5.0158e+00  1022.4433    20.6197    22.3776     7.2835    222.630    7.43832  227.36281     97.918 -9.990e-29
   39.99480  -72.54328     15.169     15.052    20.6225    32.0853 -9.990e-29     0.1894 5.0719e+00  1022.4436    20.6197    22.3778     7.2838    222.639    7.43835  227.36369     97.922 -9.990e-29
   39.99480  -72.54328     15.157     15.040    20.6227    32.0855 -9.990e-29     0.1894 5.1098e+00  1022.4435    20.6199    22.3779     7.2792    222.500    7.43832  227.36283     97.861 -9.990e-29
   39.99480  -72.54328     15.148     15.032    20.6230    32.0856 -9.990e-29     0.1894 5.1343e+00  1022.4435    20.6202    22.3779     7.2832    222.621    7.43836  227.36429     97.914 -9.990e-29
   39.99480  -72.54328     15.139     15.022    20.6235    32.0857 -9.990e-29     0.1894 5.1976e+00  1022.4435    20.6207    22.3779     7.2834    222.629    7.43837  227.36437     97.917 -9.990e-29
   39.99480  -72.54328     15.126     15.010    20.6241    32.0855 -9.990e-29     0.1894 5.2320e+00  1022.4431    20.6213    22.3776     7.2837    222.637    7.43838  227.36471     97.921 -9.990e-29
   39.99480  -72.54328     15.128     15.011    20.6246    32.0852 -9.990e-29     0.1894 5.2468e+00  1022.4425    20.6218    22.3772     7.2836    222.634    7.43841  227.36584     97.919 -9.990e-29
   39.99480  -72.54328     15.109     14.992    20.6242    32.0851 -9.990e-29     0.1759 5.3114e+00  1022.4425    20.6214    22.3772     7.2835    222.629    7.43841  227.36584     97.917 -9.990e-29
   39.99480  -72.54328     15.117     15.000    20.6241    32.0852 -9.990e-29     0.1759 5.3617e+00  1022.4427    20.6213    22.3773     7.2793    222.502    7.43843  227.36627     97.861 -9.990e-29
   39.99480  -72.54328     15.098     14.981    20.6242    32.0853 -9.990e-29     0.1894 5.3512e+00  1022.4428    20.6214    22.3773     7.2836    222.633    7.43843  227.36635     97.918 -9.990e-29
   39.99480  -72.54328     15.098     14.981    20.6244    32.0853 -9.990e-29     0.1759 5.4064e+00  1022.4425    20.6216    22.3774     7.2834    222.629    7.43845  227.36693     97.916 -9.990e-29
   39.99480  -72.54328     15.076     14.959    20.6242    32.0854 -9.990e-29     0.1894 5.4369e+00  1022.4429    20.6214    22.3775     7.2837    222.636    7.43847  227.36769     97.919 -9.990e-29
   39.99480  -72.54328     15.078     14.962    20.6242    32.0854 -9.990e-29     0.1894 5.4522e+00  1022.4430    20.6214    22.3775     7.2791    222.497    7.43848  227.36786     97.858 -9.990e-29
   39.99480  -72.54328     15.067     14.951    20.6248    32.0852 -9.990e-29     0.1759 5.4992e+00  1022.4421    20.6220    22.3772     7.2790    222.494    7.43853  227.36936     97.856 -9.990e-29
   39.99480  -72.54328     15.066     14.950    20.6244    32.0851 -9.990e-29     0.1894 5.5467e+00  1022.4423    20.6216    22.3771     7.2833    222.624    7.43855  227.36993     97.913 -9.990e-29
   39.99480  -72.54328     15.047     14.931    20.6248    32.0851 -9.990e-29     0.1894 5.5522e+00  1022.4423    20.6220    22.3771     7.2835    222.632    7.43854  227.36970     97.916 -9.990e-29
   39.99480  -72.54328     15.047     14.931    20.6242    32.0850 -9.990e-29     0.1894 5.5522e+00  1022.4424    20.6215    22.3771     7.2834    222.628    7.43858  227.37072     97.914 -9.990e-29
   39.99480  -72.54328     15.036     14.920    20.6246    32.0850 -9.990e-29     0.1894 5.5311e+00  1022.4420    20.6218    22.3771     7.2836    222.635    7.43858  227.37090     97.917 -9.990e-29
   39.99480  -72.54328     15.037     14.921    20.6242    32.0851 -9.990e-29     0.1894 5.5101e+00  1022.4424    20.6215    22.3772     7.2838    222.640    7.43855  227.36973     97.920 -9.990e-29
   39.99480  -72.54328     15.027     14.912    20.6242    32.0852 -9.990e-29     0.1894 5.4992e+00  1022.4423    20.6215    22.3772     7.2840    222.647    7.43855  227.36972     97.923 -9.990e-29
   39.99480  -72.54328     15.025     14.909    20.6244    32.0852 -9.990e-29     0.1894 5.4730e+00  1022.4421    20.6217    22.3772     7.2838    222.639    7.43845  227.36690     97.921 -9.990e-29
   39.99480  -72.54328     15.007     14.891    20.6244    32.0853 -9.990e-29     0.1894 5.4784e+00  1022.4422    20.6217    22.3772     7.2796    222.511    7.43845  227.36681     97.864 -9.990e-29
   39.99480  -72.54328     15.016     14.901    20.6246    32.0853 -9.990e-29     0.1894 5.4747e+00  1022.4422    20.6218    22.3772     7.2838    222.639    7.43841  227.36552     97.921 -9.990e-29
   39.99480  -72.54328     15.005     14.890    20.6248    32.0853 -9.990e-29     0.1894 5.3937e+00  1022.4420    20.6220    22.3772     7.2796    222.510    7.43837  227.36448     97.865 -9.990e-29
   39.99480  -72.54328     14.997     14.882    20.6248    32.0853 -9.990e-29     0.1894 5.3591e+00  1022.4423    20.6220    22.3772     7.2838    222.640    7.43835  227.36390     97.922 -9.990e-29
   39.99480  -72.54328     14.997     14.882    20.6249    32.0852 -9.990e-29     0.1759 5.3237e+00  1022.4419    20.6222    22.3771     7.2840    222.647    7.43836  227.36433     97.925 -9.990e-29
   39.99480  -72.54328     14.994     14.879    20.6249    32.0850 -9.990e-29     0.1759 5.1512e+00  1022.4418    20.6222    22.3770     7.2843    222.654    7.43834  227.36363     97.928 -9.990e-29
   39.99480  -72.54328     14.986     14.871    20.6248    32.0849 -9.990e-29     0.1759 5.0641e+00  1022.4417    20.6220    22.3769     7.2841    222.649    7.43833  227.36346     97.926 -9.990e-29
   39.99480  -72.54328     14.976     14.861    20.6249    32.0849 -9.990e-29     0.1894 5.0399e+00  1022.4417    20.6222    22.3769     7.2839    222.644    7.43834  227.36361     97.924 -9.990e-29
   39.99480  -72.54328     14.994     14.879    20.6248    32.0848 -9.990e-29     0.1894 4.9090e+00  1022.4418    20.6220    22.3769     7.2838    222.640    7.43838  227.36490     97.922 -9.990e-29
   39.99480  -72.54328     14.976     14.861    20.6246    32.0847 -9.990e-29     0.1894 4.8173e+00  1022.4416    20.6218    22.3768     7.2839    222.643    7.43833  227.36327     97.924 -9.990e-29
   39.99480  -72.54328     14.986     14.871    20.6244    32.0845 -9.990e-29     0.1894 4.8221e+00  1022.4414    20.6217    22.3767     7.2841    222.648    7.43830  227.36245     97.927 -9.990e-29
   39.99480  -72.54328     14.975     14.860    20.6241    32.0845 -9.990e-29     0.1894 4.7870e+00  1022.4417    20.6213    22.3768     7.2839    222.643    7.43832  227.36302     97.924 -9.990e-29
   39.99480  -72.54328     14.976     14.861    20.6237    32.0845 -9.990e-29     0.1894 4.7515e+00  1022.4417    20.6210    22.3769     7.2837    222.636    7.43830  227.36245     97.921 -9.990e-29
   39.99480  -72.54328     14.986     14.871    20.6237    32.0846 -9.990e-29     0.1894 4.7515e+00  1022.4416    20.6210    22.3770     7.2882    222.774    7.43830  227.36231     97.982 -9.990e-29
   39.99480  -72.54328     14.985     14.869    20.6234    32.0849 -9.990e-29     0.1894 4.7594e+00  1022.4421    20.6206    22.3772     7.2883    222.777    7.43827  227.36158     97.984 -9.990e-29
   39.99480  -72.54328     14.976     14.861    20.6230    32.0851 -9.990e-29     0.1894 4.7728e+00  1022.4424    20.6203    22.3774     7.2844    222.657    7.43827  227.36140     97.931 -9.990e-29
   39.99480  -72.54328     14.986     14.871    20.6234    32.0852 -9.990e-29     0.1894 4.8196e+00  1022.4422    20.6206    22.3775     7.2885    222.783    7.43826  227.36127     97.986 -9.990e-29
   39.99480  -72.54328     14.985     14.869    20.6230    32.0855 -9.990e-29     0.1894 4.8799e+00  1022.4427    20.6203    22.3777     7.2845    222.662    7.43826  227.36110     97.933 -9.990e-29
   39.99480  -72.54328     14.986     14.871    20.6232    32.0855 -9.990e-29     0.1894 4.9114e+00  1022.4428    20.6204    22.3777     7.2890    222.799    7.43829  227.36197     97.993 -9.990e-29
   39.99480  -72.54328     14.994     14.879    20.6235    32.0853 -9.990e-29     0.1759 4.9244e+00  1022.4423    20.6208    22.3776     7.2850    222.677    7.43827  227.36169     97.940 -9.990e-29
