CalculateIndicators/WaterTemperature/Data/CTD_NYOS/20240427_C17.cnv
* Sea-Bird SBE 9 Data File:
* FileName = C:\Seabird 9 CTD\Data\2024\202404_offshore\20240427_C17.hex
* Software Version Seasave V 7.23.2
* Temperature SN = 4590
* Conductivity SN = 3228
* Number of Bytes Per Scan = 44
* Number of Voltage Words = 5
* Number of Scans Averaged by the Deck Unit = 1
* NMEA Latitude = 40 13.47 N
* NMEA Longitude = 072 41.56 W
* NMEA UTC (Time) = Apr 27 2024  22:15:55
* NMEA baud rate = 4800
** Ship: Seawolf
** Station: 9.3
** Operator: TDK
# nquan = 18
# nvalues = 14204                       
# units = specified
# name 0 = latitude: Latitude [deg]
# name 1 = longitude: Longitude [deg]
# name 2 = prDM: Pressure, Digiquartz [db]
# name 3 = depSM: Depth [salt water, m]
# name 4 = t090C: Temperature [ITS-90, deg C]
# name 5 = sal00: Salinity, Practical [PSU]
# name 6 = ph: pH
# name 7 = flECO-AFL: Fluorescence, WET Labs ECO-AFL/FL [mg/m^3]
# name 8 = cpar: CPAR/Corrected Irradiance [%]
# name 9 = density00: Density [density, kg/m^3]
# name 10 = potemp090C: Potential Temperature [ITS-90, deg C]
# name 11 = sigma-é00: Density [sigma-theta, kg/m^3]
# name 12 = sbeox0Mg/L: Oxygen, SBE 43 [mg/l]
# name 13 = sbox0Mm/Kg: Oxygen, SBE 43 [umol/kg]
# name 14 = oxsolMg/L: Oxygen Saturation, Garcia & Gordon [mg/l]
# name 15 = oxsolMm/Kg: Oxygen Saturation, Garcia & Gordon [umol/kg]
# name 16 = sbeox0PS: Oxygen, SBE 43 [% saturation]
# name 17 = flag:  0.000e+00
# span 0 =   40.22466,   40.22682       
# span 1 =  -72.69304,  -72.69280       
# span 2 =      1.845,     50.142       
# span 3 =      1.830,     49.751       
# span 4 =     6.3003,     8.8913       
# span 5 =    30.9309,    31.9037       
# span 6 =      7.913,      8.096       
# span 7 =     0.0551,     5.3872       
# span 8 = 2.9964e-13, 2.9968e+01       
# span 9 =  1023.9642,  1025.2410       
# span 10 =     6.2983,     8.8907      
# span 11 =    23.9540,    25.0168      
# span 12 =     8.2437,    10.6120      
# span 13 =    251.578,    323.704      
# span 14 =    9.48690,   10.02534      
# span 15 =  289.51393,  305.69680      
# span 16 =     86.855,    108.842      
# span 17 = 0.0000e+00, 0.0000e+00      
# interval = seconds: 0.0416667
# start_time = Apr 27 2024 22:15:55 [System UTC, first data scan.]
# bad_flag = -9.990e-29
*END*
[from data line 9488]
   40.22610  -72.69294     14.308     14.197     7.2606    31.5044      8.072     0.2162 3.8558e+00  1024.6979     7.2593    24.6319    10.4475    318.650    9.81902  299.48158    106.401 0.0000e+00
   40.22610  -72.69294     14.301     14.190     7.2594    31.5038      8.072     0.2162 3.8667e+00  1024.6983     7.2582    24.6316    10.4473    318.645    9.81924  299.48858    106.396 0.0000e+00
   40.22610  -72.69294     14.298     14.188     7.2599    31.5014      8.072     0.2162 3.8667e+00  1024.6962     7.2586    24.6296    10.4471    318.640    9.81945  299.49489    106.392 0.0000e+00
   40.22610  -72.69294     14.277     14.167     7.2619    31.4973      8.072     0.2162 3.8777e+00  1024.6920     7.2606    24.6261    10.4523    318.798    9.81964  299.50040    106.443 0.0000e+00
   40.22610  -72.69294     14.261     14.151     7.2642    31.4925      8.072     0.2162 3.8887e+00  1024.6872     7.2629    24.6221    10.4520    318.786    9.81971  299.50266    106.439 0.0000e+00
   40.22610  -72.69294     14.258     14.148     7.2656    31.4880      8.077     0.2162 3.8887e+00  1024.6837     7.2643    24.6184    10.4572    318.946    9.81993  299.50936    106.489 0.0000e+00
   40.22610  -72.69294     14.240     14.130     7.2664    31.4844      8.072     0.2162 3.8997e+00  1024.6801     7.2651    24.6154    10.4570    318.939    9.82012  299.51513    106.485 0.0000e+00
   40.22610  -72.69294     14.237     14.128     7.2663    31.4820      8.072     0.2028 3.8997e+00  1024.6784     7.2650    24.6136    10.4558    318.904    9.82027  299.51990    106.472 0.0000e+00
   40.22610  -72.69294     14.220     14.110     7.2663    31.4808      8.072     0.1759 3.8997e+00  1024.6779     7.2650    24.6126    10.4612    319.068    9.82058  299.52946    106.523 0.0000e+00
   40.22610  -72.69294     14.217     14.107     7.2661    31.4797      8.072     0.1759 3.8997e+00  1024.6775     7.2648    24.6118    10.4601    319.034    9.82074  299.53467    106.510 0.0000e+00
   40.22610  -72.69294     14.210     14.100     7.2655    31.4780      8.072     0.1759 3.9107e+00  1024.6761     7.2642    24.6106    10.4580    318.972    9.82091  299.53974    106.487 0.0000e+00
   40.22610  -72.69294     14.207     14.098     7.2646    31.4759      8.072     0.1759 3.9107e+00  1024.6742     7.2633    24.6090    10.4613    319.073    9.82101  299.54266    106.520 0.0000e+00
   40.22610  -72.69294     14.196     14.087     7.2637    31.4740      8.077     0.1759 3.9107e+00  1024.6724     7.2624    24.6077    10.4592    319.007    9.82109  299.54489    106.497 0.0000e+00
   40.22610  -72.69294     14.189     14.080     7.2624    31.4731      8.072     0.1759 3.8997e+00  1024.6719     7.2611    24.6070    10.4633    319.131    9.82101  299.54217    106.540 -9.990e-29
   40.22610  -72.69294     14.196     14.087     7.2620    31.4730      8.072     0.1759 3.8997e+00  1024.6720     7.2608    24.6070    10.4620    319.091    9.82098  299.54126    106.527 -9.990e-29
   40.22610  -72.69294     14.180     14.070     7.2620    31.4731      8.072     0.1759 3.8997e+00  1024.6726     7.2608    24.6071    10.4601    319.034    9.82116  299.54694    106.505 -9.990e-29
   40.22610  -72.69294     14.187     14.077     7.2620    31.4727      8.072     0.1759 3.8997e+00  1024.6723     7.2607    24.6069    10.4635    319.139    9.82128  299.55039    106.539 -9.990e-29
   40.22610  -72.69294     14.189     14.080     7.2617    31.4717      8.072     0.1759 3.8887e+00  1024.6714     7.2605    24.6062    10.4625    319.109    9.82137  299.55310    106.528 -9.990e-29
   40.22610  -72.69294     14.177     14.068     7.2608    31.4705      8.072     0.1759 3.8887e+00  1024.6703     7.2595    24.6053    10.4668    319.240    9.82127  299.55011    106.573 -9.990e-29
   40.22610  -72.69294     14.177     14.068     7.2598    31.4693      8.072     0.1759 3.8887e+00  1024.6694     7.2585    24.6044    10.4649    319.180    9.82119  299.54730    106.554 -9.990e-29
   40.22610  -72.69294     14.180     14.070     7.2590    31.4683      8.072     0.1759 3.8887e+00  1024.6689     7.2577    24.6037    10.4628    319.117    9.82100  299.54087    106.535 -9.990e-29
   40.22610  -72.69294     14.177     14.068     7.2583    31.4676      8.072     0.1759 3.8887e+00  1024.6683     7.2570    24.6033    10.4600    319.029    9.82082  299.53525    106.508 -9.990e-29
   40.22610  -72.69294     14.180     14.070     7.2578    31.4673      8.072     0.1759 3.8652e+00  1024.6681     7.2566    24.6030    10.4574    318.953    9.82083  299.53622    106.482 -9.990e-29
   40.22610  -72.69294     14.177     14.068     7.2570    31.4671      8.072     0.1759 3.8652e+00  1024.6682     7.2558    24.6030    10.4617    319.082    9.82111  299.54537    106.522 -9.990e-29
   40.22610  -72.69294     14.180     14.070     7.2567    31.4669      8.072     0.1759 3.8762e+00  1024.6681     7.2554    24.6030    10.4599    319.029    9.82149  299.55745    106.500 -9.990e-29
   40.22610  -72.69294     14.187     14.077     7.2560    31.4668      8.072     0.1759 3.8762e+00  1024.6683     7.2547    24.6029    10.4580    318.972    9.82171  299.56447    106.479 -9.990e-29
   40.22610  -72.69294     14.187     14.077     7.2559    31.4666      8.072     0.1759 3.8762e+00  1024.6679     7.2546    24.6028    10.4616    319.081    9.82180  299.56741    106.514 -9.990e-29
   40.22610  -72.69294     14.180     14.070     7.2557    31.4666      8.072     0.1759 3.8762e+00  1024.6681     7.2544    24.6028    10.4589    319.000    9.82192  299.57122    106.486 -9.990e-29
   40.22610  -72.69294     14.187     14.077     7.2552    31.4666      8.072     0.1759 3.8762e+00  1024.6682     7.2540    24.6028    10.4565    318.925    9.82203  299.57443    106.459 -9.990e-29
   40.22610  -72.69294     14.189     14.080     7.2553    31.4665      8.072     0.1759 3.8762e+00  1024.6678     7.2541    24.6028    10.4606    319.050    9.82216  299.57858    106.499 -9.990e-29
   40.22610  -72.69294     14.187     14.077     7.2548    31.4665      8.072     0.1759 3.8762e+00  1024.6682     7.2535    24.6029    10.4522    318.796    9.82239  299.58572    106.412 -9.990e-29
   40.22610  -72.69294     14.189     14.080     7.2546    31.4664      8.072     0.1625 3.8762e+00  1024.6682     7.2533    24.6029    10.4496    318.715    9.82260  299.59233    106.383 -9.990e-29
   40.22610  -72.69294     14.217     14.107     7.2541    31.4661      8.072     0.1491 3.8762e+00  1024.6681     7.2528    24.6026    10.4461    318.610    9.82280  299.59830    106.346 -9.990e-29
   40.22610  -72.69294     14.217     14.107     7.2540    31.4657      8.067     0.1491 3.8762e+00  1024.6674     7.2527    24.6023    10.4430    318.516    9.82299  299.60411    106.312 -9.990e-29
   40.22610  -72.69294     14.180     14.070     7.2543    31.4657      8.072     0.1491 3.8762e+00  1024.6672     7.2530    24.6023    10.4456    318.593    9.82317  299.60979    106.336 0.0000e+00
   40.22610  -72.69294     14.145     14.036     7.2538    31.4660      8.072     0.1491 3.8762e+00  1024.6678     7.2525    24.6027    10.4428    318.509    9.82325  299.61228    106.307 0.0000e+00
   40.22610  -72.69294     14.119     14.010     7.2538    31.4664      8.072     0.1491 3.8762e+00  1024.6679     7.2525    24.6030    10.4468    318.630    9.82336  299.61571    106.346 0.0000e+00
   40.22610  -72.69294     14.115     14.006     7.2535    31.4666      8.072     0.1491 3.8872e+00  1024.6678     7.2523    24.6032    10.4447    318.568    9.82355  299.62168    106.323 0.0000e+00
   40.22610  -72.69294     14.108     13.999     7.2534    31.4669      8.072     0.1491 3.8872e+00  1024.6685     7.2522    24.6035    10.4420    318.486    9.82370  299.62657    106.294 0.0000e+00
   40.22610  -72.69294     14.105     13.997     7.2533    31.4669      8.072     0.1491 3.8982e+00  1024.6685     7.2520    24.6035    10.4395    318.410    9.82379  299.62958    106.268 0.0000e+00
   40.22610  -72.69294     14.085     13.976     7.2528    31.4663      8.072     0.1491 3.9092e+00  1024.6679     7.2516    24.6030    10.4365    318.317    9.82390  299.63275    106.236 0.0000e+00
   40.22610  -72.69294     14.057     13.949     7.2524    31.4655      8.067     0.1491 3.9203e+00  1024.6668     7.2511    24.6024    10.4338    318.235    9.82406  299.63783    106.207 0.0000e+00
   40.22610  -72.69294     14.045     13.937     7.2517    31.4648      8.072     0.1491 3.9314e+00  1024.6666     7.2504    24.6020    10.4305    318.133    9.82414  299.64046    106.172 0.0000e+00
   40.22610  -72.69294     14.038     13.930     7.2509    31.4642      8.067     0.1491 3.9314e+00  1024.6662     7.2496    24.6016    10.4275    318.043    9.82421  299.64258    106.141 0.0000e+00
   40.22610  -72.69294     14.015     13.907     7.2501    31.4632      8.067     0.1491 3.9537e+00  1024.6655     7.2488    24.6010    10.4240    317.937    9.82429  299.64529    106.104 0.0000e+00
   40.22610  -72.69294     14.004     13.896     7.2496    31.4623      8.067     0.1491 3.9537e+00  1024.6644     7.2484    24.6004    10.4272    318.034    9.82431  299.64588    106.137 0.0000e+00
   40.22610  -72.69294     13.976     13.868     7.2491    31.4618      8.067     0.1491 3.9649e+00  1024.6640     7.2478    24.6000    10.4245    317.953    9.82442  299.64908    106.109 0.0000e+00
   40.22610  -72.69294     13.973     13.866     7.2483    31.4614      8.067     0.1491 3.9762e+00  1024.6641     7.2470    24.5997    10.4285    318.074    9.82443  299.64925    106.149 0.0000e+00
   40.22610  -72.69294     13.967     13.859     7.2476    31.4608      8.067     0.1491 3.9874e+00  1024.6636     7.2464    24.5994    10.4202    317.820    9.82439  299.64819    106.064 0.0000e+00
   40.22610  -72.69294     13.953     13.845     7.2469    31.4603      8.067     0.1491 3.9987e+00  1024.6630     7.2456    24.5991    10.4242    317.941    9.82448  299.65070    106.104 0.0000e+00
   40.22610  -72.69294     13.943     13.836     7.2460    31.4601      8.067     0.1491 4.0101e+00  1024.6629     7.2448    24.5991    10.4158    317.685    9.82443  299.64926    106.019 0.0000e+00
   40.22610  -72.69294     13.916     13.808     7.2450    31.4603      8.067     0.1491 4.0214e+00  1024.6633     7.2438    24.5993    10.4124    317.582    9.82442  299.64899    105.985 0.0000e+00
   40.22610  -72.69294     13.883     13.776     7.2445    31.4604      8.067     0.1491 4.0214e+00  1024.6636     7.2433    24.5995    10.4095    317.494    9.82444  299.64959    105.955 0.0000e+00
   40.22610  -72.69294     13.876     13.769     7.2439    31.4601      8.067     0.1491 4.0328e+00  1024.6629     7.2426    24.5993    10.4126    317.589    9.82453  299.65230    105.986 0.0000e+00
   40.22610  -72.69294     13.852     13.746     7.2431    31.4596      8.067     0.1491 4.0328e+00  1024.6628     7.2418    24.5990    10.4106    317.528    9.82446  299.65011    105.966 -9.990e-29
   40.22610  -72.69294     13.852     13.746     7.2426    31.4590      8.067     0.1491 4.0442e+00  1024.6623     7.2414    24.5986    10.4019    317.263    9.82443  299.64915    105.878 -9.990e-29
   40.22610  -72.69294     13.835     13.728     7.2415    31.4582      8.067     0.1625 4.0557e+00  1024.6617     7.2402    24.5982    10.4110    317.538    9.82446  299.65000    105.970 0.0000e+00
   40.22610  -72.69294     13.832     13.725     7.2410    31.4576      8.067     0.1625 4.0672e+00  1024.6611     7.2398    24.5977    10.3970    317.113    9.82444  299.64967    105.828 0.0000e+00
   40.22610  -72.69294     13.804     13.698     7.2403    31.4575      8.067     0.1759 4.0672e+00  1024.6609     7.2391    24.5977    10.3935    317.006    9.82443  299.64942    105.792 -9.990e-29
   40.22610  -72.69294     13.802     13.695     7.2397    31.4579      8.067     0.1759 4.0787e+00  1024.6615     7.2384    24.5982    10.3960    317.083    9.82445  299.65013    105.818 -9.990e-29
   40.22610  -72.69294     13.781     13.675     7.2390    31.4586      8.067     0.1759 4.0787e+00  1024.6622     7.2378    24.5988    10.3874    316.819    9.82446  299.65041    105.730 -9.990e-29
   40.22610  -72.69294     13.784     13.677     7.2392    31.4593      8.067     0.1759 4.0903e+00  1024.6628     7.2380    24.5993    10.3902    316.906    9.82453  299.65257    105.758 -9.990e-29
   40.22610  -72.69294     13.751     13.645     7.2392    31.4596      8.067     0.1759 4.0903e+00  1024.6630     7.2380    24.5996    10.3881    316.842    9.82450  299.65152    105.737 0.0000e+00
   40.22610  -72.69294     13.744     13.638     7.2385    31.4595      8.067     0.1759 4.1019e+00  1024.6626     7.2373    24.5996    10.3795    316.579    9.82452  299.65200    105.649 0.0000e+00
   40.22610  -72.69294     13.730     13.624     7.2381    31.4595      8.067     0.1759 4.1135e+00  1024.6626     7.2368    24.5996    10.3886    316.858    9.82455  299.65313    105.742 0.0000e+00
   40.22610  -72.69294     13.709     13.604     7.2376    31.4597      8.067     0.1625 4.1135e+00  1024.6627     7.2364    24.5998    10.3875    316.825    9.82457  299.65365    105.730 0.0000e+00
   40.22610  -72.69294     13.703     13.597     7.2379    31.4605      8.067     0.1759 4.1251e+00  1024.6630     7.2367    24.6004    10.3799    316.590    9.82456  299.65342    105.652 0.0000e+00
   40.22610  -72.69294     13.700     13.594     7.2377    31.4618      8.067     0.1759 4.1368e+00  1024.6644     7.2365    24.6015    10.3719    316.348    9.82457  299.65385    105.571 0.0000e+00
   40.22610  -72.69294     13.679     13.574     7.2381    31.4631      8.063     0.1759 4.1120e+00  1024.6657     7.2368    24.6024    10.3819    316.653    9.82465  299.65645    105.672 0.0000e+00
   40.22610  -72.69294     13.663     13.557     7.2387    31.4632      8.063     0.1759 4.1485e+00  1024.6661     7.2375    24.6024    10.3807    316.615    9.82460  299.65495    105.660 0.0000e+00
   40.22610  -72.69294     13.659     13.553     7.2392    31.4617      8.063     0.1759 4.1603e+00  1024.6644     7.2380    24.6013    10.3666    316.186    9.82461  299.65521    105.517 0.0000e+00
   40.22610  -72.69294     13.628     13.523     7.2389    31.4594      8.063     0.1759 4.1603e+00  1024.6618     7.2377    24.5995    10.3695    316.275    9.82465  299.65666    105.546 -9.990e-29
   40.22610  -72.69294     13.653     13.548     7.2377    31.4574      8.063     0.1759 4.1603e+00  1024.6605     7.2365    24.5980    10.3740    316.412    9.82466  299.65689    105.592 -9.990e-29
   40.22610  -72.69294     13.628     13.523     7.2372    31.4559      8.067     0.1759 4.1603e+00  1024.6593     7.2360    24.5968    10.3603    315.994    9.82471  299.65835    105.451 -9.990e-29
   40.22610  -72.69294     13.632     13.527     7.2371    31.4549      8.063     0.1759 4.1603e+00  1024.6585     7.2359    24.5962    10.3635    316.091    9.82469  299.65806    105.484 -9.990e-29
   40.22610  -72.69294     13.609     13.504     7.2366    31.4546      8.063     0.1759 4.1721e+00  1024.6584     7.2354    24.5960    10.3684    316.241    9.82476  299.65988    105.533 -9.990e-29
   40.22610  -72.69294     13.609     13.504     7.2359    31.4545      8.063     0.1759 4.1721e+00  1024.6589     7.2347    24.5960    10.3550    315.834    9.82478  299.66049    105.397 -9.990e-29
   40.22610  -72.69294     13.612     13.507     7.2356    31.4539      8.063     0.1894 4.1721e+00  1024.6582     7.2344    24.5955    10.3524    315.754    9.82480  299.66143    105.370 -9.990e-29
   40.22610  -72.69294     13.609     13.504     7.2350    31.4531      8.063     0.1759 4.1839e+00  1024.6573     7.2338    24.5950    10.3633    316.086    9.82487  299.66356    105.480 -9.990e-29
