CalculateIndicators/WaterTemperature/Data/CTD_NYOS/20240709_C06.cnv
* Sea-Bird SBE 9 Data File:
* FileName = C:\Seabird 9 CTD\Data\2024\202407_offshore\20240709_C06.hex
* Software Version Seasave V 7.23.2
* Temperature SN = 4590
* Conductivity SN = 3228
* Number of Bytes Per Scan = 44
* Number of Voltage Words = 5
* Number of Scans Averaged by the Deck Unit = 1
* NMEA Latitude = 40 04.94 N
* NMEA Longitude = 073 04.22 W
* NMEA UTC (Time) = Jul 09 2024  00:08:22
* NMEA baud rate = 4800
** Ship: seawolf
** Station: 8.3
** Operator: TDK
# nquan = 18
# nvalues = 13553                       
# units = specified
# name 0 = latitude: Latitude [deg]
# name 1 = longitude: Longitude [deg]
# name 2 = prDM: Pressure, Digiquartz [db]
# name 3 = depSM: Depth [salt water, m]
# name 4 = t090C: Temperature [ITS-90, deg C]
# name 5 = sal00: Salinity, Practical [PSU]
# name 6 = ph: pH
# name 7 = flECO-AFL: Fluorescence, WET Labs ECO-AFL/FL [mg/m^3]
# name 8 = cpar: CPAR/Corrected Irradiance [%]
# name 9 = density00: Density [density, kg/m^3]
# name 10 = potemp090C: Potential Temperature [ITS-90, deg C]
# name 11 = sigma-é00: Density [sigma-theta, kg/m^3]
# name 12 = sbeox0Mg/L: Oxygen, SBE 43 [mg/l]
# name 13 = sbox0Mm/Kg: Oxygen, SBE 43 [umol/kg]
# name 14 = oxsolMg/L: Oxygen Saturation, Garcia & Gordon [mg/l]
# name 15 = oxsolMm/Kg: Oxygen Saturation, Garcia & Gordon [umol/kg]
# name 16 = sbeox0PS: Oxygen, SBE 43 [% saturation]
# name 17 = flag:  0.000e+00
# span 0 =   40.08246,   40.08372       
# span 1 =  -73.07046,  -73.07008       
# span 2 =      1.543,     40.806       
# span 3 =      1.531,     40.489       
# span 4 =     7.0928,    24.1526       
# span 5 =    29.6663,    31.7310       
# span 6 =      7.933,      8.311       
# span 7 =     0.0551,     3.0368       
# span 8 = 4.2200e-12, 6.2218e+01       
# span 9 =  1019.9281,  1024.9991       
# span 10 =     7.0892,    24.1522      
# span 11 =    19.9197,    24.8327      
# span 12 =     6.4491,     9.4759      
# span 13 =    196.679,    289.104      
# span 14 =    7.06444,    9.84098      
# span 15 =  216.45496,  300.09920      
# span 16 =     65.968,    108.274      
# span 17 = 0.0000e+00, 0.0000e+00      
# interval = seconds: 0.0416667
# start_time = Jul 09 2024 00:08:25 [System UTC, first data scan.]
# bad_flag = -9.990e-29
*END*
[from data line 2734]
   40.08272  -73.07036     40.446     40.132     7.0978    31.6697      8.174     0.0819 4.6036e-12  1024.9698     7.0942    24.7839     6.5269    199.036    9.83255  299.84356     66.380 -9.990e-29
   40.08272  -73.07036     40.430     40.116     7.0983    31.6710      8.174     0.0819 4.6036e-12  1024.9707     7.0948    24.7848     6.5277    199.062    9.83268  299.84735     66.388 -9.990e-29
   40.08272  -73.07036     40.420     40.106     7.0995    31.6718      8.174     0.0819 4.6036e-12  1024.9717     7.0959    24.7854     6.5286    199.090    9.83293  299.85534     66.395 -9.990e-29
   40.08272  -73.07036     40.406     40.092     7.1008    31.6718      8.174     0.0819 4.6036e-12  1024.9712     7.0972    24.7853     6.5221    198.893    9.83312  299.86158     66.328 -9.990e-29
   40.08272  -73.07036     40.388     40.075     7.1026    31.6718      8.174     0.0819 4.6036e-12  1024.9704     7.0990    24.7849     6.5221    198.893    9.83336  299.86878     66.327 -9.990e-29
   40.08272  -73.07036     40.369     40.055     7.1041    31.6718      8.174     0.0819 4.6036e-12  1024.9700     7.1005    24.7846     6.5276    199.059    9.83365  299.87761     66.380 -9.990e-29
   40.08272  -73.07036     40.344     40.031     7.1058    31.6718      8.174     0.0819 4.6036e-12  1024.9695     7.1022    24.7844     6.5285    199.087    9.83389  299.88504     66.388 -9.990e-29
   40.08272  -73.07036     40.337     40.024     7.1069    31.6718      8.174     0.0819 4.6036e-12  1024.9700     7.1034    24.7845     6.5294    199.115    9.83415  299.89305     66.395 -9.990e-29
   40.08272  -73.07036     40.307     39.994     7.1087    31.6718      8.174     0.0819 4.6036e-12  1024.9698     7.1052    24.7843     6.5303    199.143    9.83436  299.89913     66.403 -9.990e-29
   40.08272  -73.07036     40.297     39.984     7.1105    31.6718      8.174     0.0819 4.6036e-12  1024.9690     7.1070    24.7839     6.5313    199.171    9.83460  299.90619     66.411 -9.990e-29
   40.08272  -73.07036     40.272     39.960     7.1121    31.6714      8.174     0.0819 4.6036e-12  1024.9683     7.1086    24.7833     6.5321    199.196    9.83470  299.90862     66.419 -9.990e-29
   40.08272  -73.07036     40.246     39.934     7.1134    31.6710      8.174     0.0819 4.6036e-12  1024.9677     7.1099    24.7829     6.5329    199.220    9.83474  299.90989     66.427 -9.990e-29
   40.08272  -73.07036     40.226     39.913     7.1150    31.6709      8.169     0.0819 4.6036e-12  1024.9673     7.1115    24.7825     6.5337    199.245    9.83487  299.91383     66.434 -9.990e-29
   40.08272  -73.07036     40.202     39.890     7.1170    31.6707      8.174     0.0819 4.6036e-12  1024.9670     7.1134    24.7822     6.5345    199.270    9.83497  299.91666     66.442 -9.990e-29
   40.08272  -73.07036     40.186     39.873     7.1188    31.6703      8.169     0.0819 4.6036e-12  1024.9663     7.1152    24.7816     6.5289    199.100    9.83498  299.91692     66.385 -9.990e-29
   40.08272  -73.07036     40.165     39.853     7.1201    31.6698      8.174     0.0819 4.6036e-12  1024.9655     7.1166    24.7810     6.5288    199.097    9.83504  299.91856     66.384 -9.990e-29
   40.08272  -73.07036     40.140     39.828     7.1213    31.6693      8.169     0.0819 4.6036e-12  1024.9649     7.1178    24.7804     6.5351    199.287    9.83503  299.91808     66.447 -9.990e-29
   40.08272  -73.07036     40.114     39.802     7.1229    31.6688      8.169     0.0819 4.6036e-12  1024.9641     7.1193    24.7799     6.5296    199.120    9.83511  299.92044     66.391 -9.990e-29
   40.08272  -73.07036     40.083     39.772     7.1240    31.6684      8.169     0.0819 4.6036e-12  1024.9635     7.1205    24.7795     6.5296    199.118    9.83511  299.92055     66.390 -9.990e-29
   40.08272  -73.07036     40.070     39.759     7.1250    31.6680      8.174     0.0819 4.6036e-12  1024.9630     7.1215    24.7790     6.5295    199.117    9.83509  299.91959     66.390 -9.990e-29
   40.08272  -73.07036     40.053     39.742     7.1259    31.6677      8.174     0.0819 4.6036e-12  1024.9627     7.1224    24.7786     6.5295    199.117    9.83507  299.91921     66.390 -9.990e-29
   40.08272  -73.07036     40.012     39.701     7.1271    31.6672      8.169     0.0819 4.6036e-12  1024.9617     7.1235    24.7781     6.5295    199.116    9.83494  299.91518     66.391 -9.990e-29
   40.08272  -73.07036     39.998     39.687     7.1276    31.6672      8.169     0.0819 4.6036e-12  1024.9615     7.1241    24.7779     6.5295    199.117    9.83487  299.91263     66.392 -9.990e-29
   40.08272  -73.07036     39.970     39.660     7.1285    31.6671      8.169     0.0819 4.6036e-12  1024.9617     7.1250    24.7778     6.5296    199.119    9.83476  299.90966     66.393 -9.990e-29
   40.08272  -73.07036     39.951     39.641     7.1295    31.6671      8.174     0.0819 4.6036e-12  1024.9612     7.1260    24.7776     6.5361    199.317    9.83473  299.90880     66.459 -9.990e-29
   40.08272  -73.07036     39.926     39.616     7.1305    31.6667      8.169     0.0819 4.6036e-12  1024.9608     7.1270    24.7772     6.5308    199.155    9.83465  299.90646     66.406 -9.990e-29
   40.08272  -73.07036     39.900     39.590     7.1313    31.6664      8.169     0.0819 4.6036e-12  1024.9599     7.1278    24.7769     6.5363    199.324    9.83458  299.90425     66.463 -9.990e-29
   40.08272  -73.07036     39.875     39.566     7.1318    31.6661      8.169     0.0819 4.6036e-12  1024.9600     7.1282    24.7766     6.5366    199.332    9.83473  299.90947     66.464 -9.990e-29
   40.08272  -73.07036     39.859     39.549     7.1324    31.6657      8.169     0.0819 4.6036e-12  1024.9593     7.1289    24.7761     6.5368    199.341    9.83499  299.91808     66.465 -9.990e-29
   40.08272  -73.07036     39.838     39.529     7.1330    31.6651      8.169     0.0819 4.6036e-12  1024.9585     7.1294    24.7757     6.5371    199.348    9.83523  299.92592     66.466 -9.990e-29
   40.08272  -73.07036     39.815     39.505     7.1331    31.6648      8.169     0.0819 4.6036e-12  1024.9581     7.1296    24.7753     6.5308    199.158    9.83542  299.93141     66.401 -9.990e-29
   40.08272  -73.07036     39.798     39.489     7.1332    31.6647      8.169     0.0819 4.6036e-12  1024.9580     7.1297    24.7752     6.5364    199.328    9.83555  299.93479     66.457 -9.990e-29
   40.08272  -73.07036     39.768     39.459     7.1336    31.6645      8.169     0.0819 4.6036e-12  1024.9580     7.1301    24.7750     6.5374    199.358    9.83563  299.93651     66.467 -9.990e-29
   40.08272  -73.07036     39.752     39.444     7.1342    31.6642      8.169     0.0819 4.6036e-12  1024.9573     7.1307    24.7748     6.5374    199.356    9.83555  299.93371     66.467 -9.990e-29
   40.08272  -73.07036     39.737     39.429     7.1342    31.6637      8.169     0.0819 4.6036e-12  1024.9570     7.1307    24.7743     6.5309    199.158    9.83544  299.92996     66.401 -9.990e-29
   40.08272  -73.07036     39.712     39.404     7.1344    31.6630      8.169     0.0819 4.6036e-12  1024.9562     7.1309    24.7738     6.5362    199.319    9.83534  299.92660     66.456 -9.990e-29
   40.08272  -73.07036     39.696     39.388     7.1347    31.6626      8.169     0.0819 4.6036e-12  1024.9556     7.1312    24.7734     6.5296    199.119    9.83521  299.92278     66.390 -9.990e-29
   40.08272  -73.07036     39.675     39.367     7.1348    31.6623      8.169     0.0819 4.6036e-12  1024.9555     7.1312    24.7732     6.5359    199.311    9.83516  299.92139     66.454 -9.990e-29
   40.08272  -73.07036     39.671     39.363     7.1344    31.6620      8.169     0.0819 4.6036e-12  1024.9552     7.1309    24.7730     6.5357    199.306    9.83511  299.92008     66.453 -9.990e-29
   40.08272  -73.07036     39.645     39.337     7.1340    31.6617      8.169     0.0819 4.6036e-12  1024.9550     7.1305    24.7728     6.5355    199.300    9.83504  299.91804     66.452 -9.990e-29
   40.08272  -73.07036     39.645     39.337     7.1339    31.6614      8.169     0.0819 4.6036e-12  1024.9547     7.1304    24.7726     6.5290    199.100    9.83501  299.91713     66.385 -9.990e-29
   40.08272  -73.07036     39.631     39.323     7.1332    31.6611      8.169     0.0819 4.6036e-12  1024.9545     7.1297    24.7724     6.5351    199.288    9.83493  299.91452     66.448 -9.990e-29
   40.08272  -73.07036     39.615     39.307     7.1329    31.6611      8.169     0.0819 4.6036e-12  1024.9542     7.1294    24.7723     6.5286    199.090    9.83497  299.91606     66.382 -9.990e-29
   40.08272  -73.07036     39.601     39.293     7.1325    31.6611      8.169     0.0819 4.6036e-12  1024.9544     7.1290    24.7725     6.5276    199.058    9.83509  299.92052     66.370 -9.990e-29
   40.08272  -73.07036     39.605     39.297     7.1323    31.6613      8.169     0.0819 4.6036e-12  1024.9547     7.1288    24.7728     6.5340    199.253    9.83532  299.92807     66.434 -9.990e-29
   40.08272  -73.07036     39.584     39.277     7.1320    31.6613      8.169     0.0819 4.6036e-12  1024.9550     7.1285    24.7730     6.5339    199.253    9.83555  299.93541     66.432 0.0000e+00
   40.08272  -73.07036     39.580     39.273     7.1317    31.6613      8.169     0.0819 4.6036e-12  1024.9550     7.1282    24.7730     6.5349    199.281    9.83579  299.94274     66.440 -9.990e-29
   40.08272  -73.07036     39.584     39.277     7.1313    31.6613      8.169     0.0819 4.6036e-12  1024.9547     7.1278    24.7729     6.5348    199.279    9.83598  299.94805     66.438 -9.990e-29
   40.08272  -73.07036     39.569     39.262     7.1306    31.6610      8.169     0.0819 4.6036e-12  1024.9545     7.1271    24.7727     6.5357    199.304    9.83616  299.95332     66.445 -9.990e-29
   40.08272  -73.07036     39.573     39.266     7.1301    31.6605      8.169     0.0819 4.6036e-12  1024.9546     7.1266    24.7725     6.5366    199.334    9.83649  299.96366     66.453 -9.990e-29
   40.08272  -73.07036     39.573     39.266     7.1294    31.6596      8.169     0.0819 4.6036e-12  1024.9536     7.1259    24.7718     6.5376    199.363    9.83683  299.97436     66.460 -9.990e-29
   40.08272  -73.07036     39.559     39.252     7.1289    31.6587      8.169     0.0819 4.6036e-12  1024.9525     7.1254    24.7712     6.5385    199.392    9.83716  299.98436     66.468 -9.990e-29
   40.08272  -73.07036     39.573     39.266     7.1278    31.6583      8.169     0.0819 4.6036e-12  1024.9528     7.1243    24.7710     6.5321    199.197    9.83745  299.99311     66.400 -9.990e-29
   40.08272  -73.07036     39.580     39.273     7.1266    31.6579      8.169     0.0819 4.6036e-12  1024.9528     7.1231    24.7708     6.5375    199.361    9.83773  300.00124     66.453 -9.990e-29
   40.08272  -73.07036     39.584     39.277     7.1258    31.6579      8.169     0.0819 4.6036e-12  1024.9522     7.1223    24.7706     6.5320    199.192    9.83793  300.00720     66.396 -9.990e-29
   40.08272  -73.07036     39.584     39.277     7.1247    31.6579      8.169     0.0819 4.6036e-12  1024.9523     7.1212    24.7706     6.5319    199.189    9.83812  300.01278     66.394 -9.990e-29
   40.08272  -73.07036     39.590     39.282     7.1236    31.6579      8.169     0.0819 4.6036e-12  1024.9528     7.1201    24.7712     6.5382    199.382    9.83834  300.01915     66.457 -9.990e-29
   40.08272  -73.07036     39.605     39.297     7.1222    31.6592      8.169     0.0819 4.6036e-12  1024.9541     7.1187    24.7723     6.5327    199.213    9.83842  300.02127     66.400 -9.990e-29
   40.08272  -73.07036     39.601     39.293     7.1211    31.6607      8.169     0.0819 4.6036e-12  1024.9561     7.1176    24.7737     6.5389    199.403    9.83846  300.02207     66.463 -9.990e-29
   40.08272  -73.07036     39.624     39.317     7.1207    31.6616      8.169     0.0819 4.6036e-12  1024.9568     7.1172    24.7745     6.5397    199.428    9.83846  300.02220     66.471 -9.990e-29
   40.08272  -73.07036     39.635     39.327     7.1201    31.6619      8.169     0.0819 4.6036e-12  1024.9569     7.1166    24.7748     6.5406    199.453    9.83855  300.02472     66.479 -9.990e-29
   40.08272  -73.07036     39.641     39.333     7.1196    31.6622      8.169     0.0819 4.6036e-12  1024.9572     7.1161    24.7751     6.5414    199.477    9.83856  300.02505     66.487 -9.990e-29
   40.08272  -73.07036     39.666     39.358     7.1195    31.6624      8.169     0.0819 4.6036e-12  1024.9574     7.1160    24.7753     6.5421    199.501    9.83856  300.02484     66.495 -9.990e-29
   40.08272  -73.07036     39.682     39.374     7.1191    31.6628      8.169     0.0819 4.6036e-12  1024.9580     7.1156    24.7756     6.5420    199.496    9.83859  300.02583     66.493 -9.990e-29
   40.08272  -73.07036     39.686     39.378     7.1190    31.6632      8.169     0.0819 4.6036e-12  1024.9585     7.1155    24.7760     6.5417    199.488    9.83855  300.02452     66.491 -9.990e-29
   40.08272  -73.07036     39.706     39.397     7.1186    31.6635      8.169     0.0819 4.6036e-12  1024.9586     7.1151    24.7762     6.5424    199.511    9.83859  300.02591     66.498 -9.990e-29
   40.08272  -73.07036     39.733     39.425     7.1186    31.6638      8.169     0.0819 4.6036e-12  1024.9588     7.1151    24.7766     6.5359    199.310    9.83868  300.02882     66.430 -9.990e-29
   40.08272  -73.07036     39.737     39.429     7.1183    31.6644      8.169     0.0685 4.6036e-12  1024.9599     7.1148    24.7770     6.5411    199.468    9.83870  300.02937     66.483 -9.990e-29
   40.08272  -73.07036     39.757     39.448     7.1184    31.6647      8.169     0.0685 4.6036e-12  1024.9598     7.1149    24.7773     6.5408    199.462    9.83882  300.03289     66.480 -9.990e-29
   40.08272  -73.07036     39.784     39.475     7.1189    31.6651      8.169     0.0685 4.6036e-12  1024.9601     7.1154    24.7775     6.5405    199.451    9.83884  300.03361     66.476 -9.990e-29
   40.08272  -73.07036     39.808     39.499     7.1190    31.6651      8.169     0.0685 4.6036e-12  1024.9610     7.1155    24.7777     6.5338    199.246    9.83886  300.03389     66.408 -9.990e-29
   40.08272  -73.07036     39.824     39.515     7.1196    31.6651      8.163     0.0685 4.6036e-12  1024.9606     7.1161    24.7775     6.5324    199.204    9.83880  300.03197     66.394 -9.990e-29
   40.08272  -73.07036     39.838     39.529     7.1199    31.6648      8.169     0.0685 4.6036e-12  1024.9601     7.1164    24.7771     6.5374    199.357    9.83876  300.03083     66.446 -9.990e-29
   40.08272  -73.07036     39.859     39.549     7.1203    31.6646      8.169     0.0685 4.6036e-12  1024.9599     7.1168    24.7769     6.5316    199.181    9.83881  300.03227     66.387 -9.990e-29
   40.08272  -73.07036     39.875     39.566     7.1204    31.6639      8.163     0.0685 4.6036e-12  1024.9605     7.1169    24.7764     6.5366    199.333    9.83875  300.03056     66.438 -9.990e-29
   40.08272  -73.07036     39.910     39.600     7.1206    31.6619      8.169     0.0685 4.6036e-12  1024.9585     7.1171    24.7748     6.5372    199.350    9.83877  300.03113     66.443 -9.990e-29
   40.08272  -73.07036     39.930     39.620     7.1205    31.6594      8.163     0.0685 4.6036e-12  1024.9556     7.1170    24.7728     6.5377    199.367    9.83878  300.03141     66.449 -9.990e-29
   40.08272  -73.07036     39.947     39.637     7.1199    31.6594      8.163     0.0685 4.6036e-12  1024.9545     7.1164    24.7717     6.5383    199.384    9.83875  300.03066     66.454 -9.990e-29
   40.08272  -73.07036     39.961     39.650     7.1190    31.6594      8.163     0.0685 4.6036e-12  1024.9550     7.1154    24.7722     6.5388    199.399    9.83873  300.02996     66.460 -9.990e-29
   40.08272  -73.07036     39.981     39.671     7.1176    31.6602      8.163     0.0685 4.6036e-12  1024.9574     7.1141    24.7738     6.5384    199.386    9.83875  300.03049     66.455 -9.990e-29
