CalculateIndicators/WaterTemperature/Data/CTD_NYOS/20240708_C02.cnv
* Sea-Bird SBE 9 Data File:
* FileName = C:\Seabird 9 CTD\Data\2024\202407_offshore\20240708_C02.hex
* Software Version Seasave V 7.23.2
* Temperature SN = 4590
* Conductivity SN = 3228
* Number of Bytes Per Scan = 44
* Number of Voltage Words = 5
* Number of Scans Averaged by the Deck Unit = 1
* NMEA Latitude = 40 25.60 N
* NMEA Longitude = 073 50.29 W
* NMEA UTC (Time) = Jul 08 2024  07:44:42
* NMEA baud rate = 4800
** Ship: seawolf
** Station: HR1
** Operator: TDK
# nquan = 18
# nvalues = 11678                       
# units = specified
# name 0 = latitude: Latitude [deg]
# name 1 = longitude: Longitude [deg]
# name 2 = prDM: Pressure, Digiquartz [db]
# name 3 = depSM: Depth [salt water, m]
# name 4 = t090C: Temperature [ITS-90, deg C]
# name 5 = sal00: Salinity, Practical [PSU]
# name 6 = ph: pH
# name 7 = flECO-AFL: Fluorescence, WET Labs ECO-AFL/FL [mg/m^3]
# name 8 = cpar: CPAR/Corrected Irradiance [%]
# name 9 = density00: Density [density, kg/m^3]
# name 10 = potemp090C: Potential Temperature [ITS-90, deg C]
# name 11 = sigma-é00: Density [sigma-theta, kg/m^3]
# name 12 = sbeox0Mg/L: Oxygen, SBE 43 [mg/l]
# name 13 = sbox0Mm/Kg: Oxygen, SBE 43 [umol/kg]
# name 14 = oxsolMg/L: Oxygen Saturation, Garcia & Gordon [mg/l]
# name 15 = oxsolMm/Kg: Oxygen Saturation, Garcia & Gordon [umol/kg]
# name 16 = sbeox0PS: Oxygen, SBE 43 [% saturation]
# name 17 = flag:  0.000e+00
# span 0 =   40.42642,   40.42676       
# span 1 =  -73.83860,  -73.83822       
# span 2 =      1.106,     21.658       
# span 3 =      1.098,     21.490       
# span 4 =     9.8323,    20.4474       
# span 5 =    29.3158,    31.4262       
# span 6 =      7.722,      8.062       
# span 7 =     1.4519,     3.3860       
# span 8 = 2.5320e-11, 9.9999e+04       
# span 9 =  1020.3198,  1024.0586       
# span 10 =     9.8300,    20.4470      
# span 11 =    20.3166,    23.9574      
# span 12 =     5.5600,     9.4841      
# span 13 =    169.759,    289.680      
# span 14 =    7.58257,    9.28658      
# span 15 =  232.22669,  283.42505      
# span 16 =     61.316,    112.596      
# span 17 = 0.0000e+00, 0.0000e+00      
# interval = seconds: 0.0416667
# start_time = Jul 08 2024 07:44:44 [System UTC, first data scan.]
# bad_flag = -9.990e-29
*END*
[from data line 1528]
   40.42670  -73.83830     20.626     20.466    10.3753    30.9604      7.918     1.7877 9.9999e+04  1023.8333    10.3730    23.7392     5.8686    179.138    9.21408  281.25611     63.692 -9.990e-29
   40.42670  -73.83830     20.626     20.466    10.3776    30.9604      7.923     1.8011 9.9999e+04  1023.8329    10.3753    23.7389     5.8691    179.151    9.21507  281.28510     63.690 -9.990e-29
   40.42670  -73.83830     20.633     20.473    10.3798    30.9604      7.918     1.8011 9.9999e+04  1023.8312    10.3774    23.7374     5.8636    178.982    9.21588  281.30856     63.625 -9.990e-29
   40.42670  -73.83830     20.635     20.476    10.3814    30.9582      7.923     1.8011 9.9999e+04  1023.8283    10.3791    23.7354     5.8689    179.142    9.21659  281.32947     63.677 -9.990e-29
   40.42670  -73.83830     20.635     20.476    10.3825    30.9564      7.918     1.7877 9.9999e+04  1023.8268    10.3802    23.7338     5.8631    178.967    9.21724  281.34886     63.610 -9.990e-29
   40.42670  -73.83830     20.644     20.484    10.3829    30.9555      7.918     1.7877 9.9999e+04  1023.8262    10.3806    23.7330     5.8681    179.118    9.21779  281.36482     63.660 -9.990e-29
   40.42670  -73.83830     20.645     20.485    10.3834    30.9550      7.918     1.7877 9.9999e+04  1023.8260    10.3811    23.7326     5.8687    179.136    9.21829  281.37911     63.664 -9.990e-29
   40.42670  -73.83830     20.645     20.485    10.3837    30.9548      7.918     1.7877 9.9999e+04  1023.8259    10.3814    23.7323     5.8691    179.150    9.21860  281.38802     63.666 -9.990e-29
   40.42670  -73.83830     20.644     20.484    10.3841    30.9539      7.918     1.8011 9.9999e+04  1023.8256    10.3818    23.7316     5.8746    179.317    9.21894  281.39838     63.724 -9.990e-29
   40.42670  -73.83830     20.656     20.496    10.3844    30.9539      7.918     1.7877 9.9999e+04  1023.8229    10.3820    23.7309     5.8700    179.176    9.21928  281.40879     63.671 0.0000e+00
   40.42670  -73.83830     20.666     20.506    10.3826    30.9534      7.918     1.8011 9.9999e+04  1023.8244    10.3802    23.7313     5.8696    179.162    9.21958  281.41771     63.664 0.0000e+00
   40.42670  -73.83830     20.674     20.514    10.3799    30.9531      7.923     1.7877 9.9999e+04  1023.8269    10.3776    23.7323     5.8690    179.145    9.21991  281.42768     63.656 -9.990e-29
   40.42670  -73.83830     20.666     20.506    10.3784    30.9531      7.918     1.7877 9.9999e+04  1023.8264    10.3761    23.7322     5.8692    179.152    9.22030  281.43954     63.656 -9.990e-29
   40.42670  -73.83830     20.677     20.517    10.3778    30.9514      7.918     1.8011 9.9999e+04  1023.8242    10.3755    23.7308     5.8686    179.133    9.22063  281.44931     63.647 0.0000e+00
   40.42670  -73.83830     20.684     20.523    10.3758    30.9494      7.918     1.8011 9.9999e+04  1023.8227    10.3735    23.7295     5.8680    179.115    9.22106  281.46233     63.637 -9.990e-29
   40.42670  -73.83830     20.677     20.517    10.3730    30.9494      7.918     1.8011 9.9999e+04  1023.8220    10.3707    23.7291     5.8739    179.295    9.22147  281.47477     63.699 -9.990e-29
   40.42670  -73.83830     20.696     20.536    10.3693    30.9494      7.918     1.7877 9.9999e+04  1023.8231    10.3670    23.7300     5.8690    179.143    9.22187  281.48668     63.642 0.0000e+00
   40.42670  -73.83830     20.704     20.544    10.3657    30.9503      7.918     1.8011 9.9999e+04  1023.8255    10.3634    23.7318     5.8689    179.141    9.22218  281.49578     63.639 -9.990e-29
   40.42670  -73.83830     20.696     20.536    10.3626    30.9503      7.918     1.8011 9.9999e+04  1023.8280    10.3602    23.7334     5.8688    179.138    9.22250  281.50536     63.636 -9.990e-29
   40.42670  -73.83830     20.717     20.556    10.3599    30.9503      7.918     1.8011 9.9999e+04  1023.8287    10.3576    23.7334     5.8744    179.309    9.22275  281.51286     63.695 0.0000e+00
   40.42670  -73.83830     20.725     20.564    10.3584    30.9485      7.918     1.8011 9.9999e+04  1023.8249    10.3560    23.7318     5.8692    179.148    9.22303  281.52140     63.636 -9.990e-29
   40.42670  -73.83830     20.726     20.566    10.3548    30.9485      7.918     1.7877 9.9999e+04  1023.8229    10.3525    23.7309     5.8689    179.141    9.22330  281.52970     63.631 -9.990e-29
   40.42670  -73.83830     20.744     20.583    10.3487    30.9485      7.918     1.8011 9.9999e+04  1023.8253    10.3464    23.7325     5.8688    179.138    9.22377  281.54407     63.627 -9.990e-29
   40.42670  -73.83830     20.737     20.577    10.3424    30.9509      7.918     1.7877 9.9999e+04  1023.8300    10.3401    23.7361     5.8694    179.155    9.22418  281.55628     63.630 -9.990e-29
   40.42670  -73.83830     20.747     20.586    10.3373    30.9551      7.918     1.7877 9.9999e+04  1023.8344    10.3350    23.7402     5.8692    179.150    9.22466  281.57086     63.625 0.0000e+00
   40.42670  -73.83830     20.765     20.604    10.3333    30.9586      7.918     1.8011 9.9999e+04  1023.8385    10.3310    23.7436     5.8697    179.166    9.22509  281.58374     63.628 0.0000e+00
   40.42670  -73.83830     20.768     20.607    10.3304    30.9586      7.918     1.7877 9.9999e+04  1023.8405    10.3281    23.7454     5.8695    179.158    9.22548  281.59526     63.622 0.0000e+00
   40.42670  -73.83832     20.788     20.627    10.3267    30.9586      7.918     1.8011 9.9999e+04  1023.8403    10.3244    23.7454     5.8689    179.138    9.22536  281.58970     63.617 -9.990e-29
   40.42670  -73.83832     20.785     20.624    10.3229    30.9570      7.918     1.7877 9.9999e+04  1023.8380    10.3205    23.7443     5.8744    179.307    9.22467  281.56736     63.682 -9.990e-29
   40.42670  -73.83832     20.788     20.627    10.3175    30.9570      7.918     1.8011 9.9999e+04  1023.8367    10.3152    23.7438     5.8740    179.294    9.22385  281.54198     63.683 0.0000e+00
   40.42670  -73.83832     20.809     20.648    10.3109    30.9570      7.918     1.8683 9.9999e+04  1023.8383    10.3086    23.7452     5.8736    179.280    9.22313  281.52026     63.683 0.0000e+00
   40.42670  -73.83832     20.825     20.664    10.3038    30.9586      7.918     1.9220 9.9999e+04  1023.8424    10.3015    23.7486     5.8732    179.271    9.22268  281.50813     63.682 0.0000e+00
   40.42670  -73.83832     20.828     20.667    10.2975    30.9640      7.918     1.9220 9.9999e+04  1023.8464    10.2952    23.7538     5.8739    179.292    9.22268  281.50951     63.690 0.0000e+00
   40.42670  -73.83832     20.836     20.675    10.2920    30.9736      7.918     1.9085 9.9999e+04  1023.8538    10.2897    23.7621     5.8738    179.291    9.22273  281.51081     63.689 0.0000e+00
   40.42670  -73.83832     20.849     20.687    10.2885    30.9863      7.918     1.9085 9.9999e+04  1023.8694    10.2862    23.7723     5.8734    179.278    9.22233  281.49772     63.687 0.0000e+00
   40.42670  -73.83832     20.869     20.708    10.2913    30.9863      7.913     1.9085 9.9999e+04  1023.8785    10.2890    23.7785     5.8728    179.256    9.22161  281.47428     63.685 -9.990e-29
   40.42670  -73.83832     20.857     20.695    10.2986    30.9863      7.918     1.9085 9.9999e+04  1023.8746    10.2963    23.7761     5.8726    179.250    9.22060  281.44340     63.690 -9.990e-29
   40.42670  -73.83832     20.890     20.728    10.3057    30.9823      7.913     1.9085 9.9999e+04  1023.8617    10.3033    23.7672     5.8782    179.422    9.21968  281.41643     63.757 0.0000e+00
   40.42670  -73.83832     20.900     20.738    10.3066    30.9702      7.918     1.9085 9.9999e+04  1023.8497    10.3043    23.7576     5.8732    179.270    9.21922  281.40365     63.706 0.0000e+00
   40.42670  -73.83832     20.907     20.745    10.3015    30.9621      7.918     1.9220 9.9999e+04  1023.8438    10.2991    23.7520     5.8733    179.274    9.21884  281.39278     63.709 0.0000e+00
   40.42670  -73.83832     20.920     20.758    10.2933    30.9621      7.918     1.9085 9.9999e+04  1023.8439    10.2910    23.7510     5.8734    179.279    9.21856  281.38458     63.713 0.0000e+00
   40.42670  -73.83832     20.938     20.776    10.2842    30.9621      7.918     1.9085 9.9999e+04  1023.8480    10.2819    23.7533     5.8794    179.461    9.21838  281.37948     63.779 -9.990e-29
   40.42670  -73.83832     20.940     20.777    10.2757    30.9626      7.918     1.9085 9.9999e+04  1023.8514    10.2734    23.7564     5.8796    179.468    9.21836  281.37957     63.781 -9.990e-29
   40.42670  -73.83832     20.951     20.788    10.2675    30.9647      7.913     1.9220 9.9999e+04  1023.8539    10.2652    23.7594     5.8806    179.498    9.21851  281.38477     63.791 0.0000e+00
   40.42670  -73.83832     20.969     20.806    10.2589    30.9669      7.918     1.9220 9.9999e+04  1023.8576    10.2565    23.7625     5.8815    179.526    9.21864  281.38919     63.800 -9.990e-29
   40.42670  -73.83832     20.971     20.809    10.2505    30.9694      7.913     1.9085 9.9999e+04  1023.8606    10.2482    23.7658     5.8824    179.555    9.21888  281.39708     63.809 -9.990e-29
   40.42670  -73.83832     20.991     20.828    10.2423    30.9724      7.918     1.9085 9.9999e+04  1023.8639    10.2400    23.7695     5.8833    179.583    9.21916  281.40588     63.816 0.0000e+00
   40.42670  -73.83832     20.999     20.836    10.2342    30.9762      7.913     1.9220 9.9999e+04  1023.8687    10.2319    23.7738     5.8843    179.613    9.21962  281.42032     63.824 0.0000e+00
   40.42670  -73.83832     21.011     20.848    10.2273    30.9807      7.919     1.9085 9.9999e+04  1023.8737    10.2249    23.7784     5.8912    179.823    9.22032  281.44223     63.893 0.0000e+00
   40.42670  -73.83832     21.029     20.866    10.2211    30.9851      7.913     1.9220 9.9999e+04  1023.8782    10.2187    23.7829     5.8931    179.882    9.22130  281.47223     63.908 0.0000e+00
   40.42670  -73.83832     21.042     20.878    10.2157    30.9891      7.913     1.9220 9.9999e+04  1023.8827    10.2134    23.7869     5.8948    179.934    9.22212  281.49672     63.920 0.0000e+00
   40.42670  -73.83832     21.123     20.959    10.2112    30.9923      7.919     1.9085 9.9999e+04  1023.8862    10.2089    23.7901     5.8956    179.957    9.22283  281.51756     63.924 -9.990e-29
   40.42670  -73.83832     21.110     20.947    10.2074    30.9949      7.913     1.9085 9.9999e+04  1023.8883    10.2051    23.7928     5.8970    179.999    9.22343  281.53531     63.935 -9.990e-29
   40.42670  -73.83832     21.072     20.908    10.2040    30.9975      7.913     1.9085 9.9999e+04  1023.8907    10.2016    23.7955     5.9033    180.190    9.22405  281.55388     63.999 -9.990e-29
   40.42670  -73.83832     21.019     20.857    10.2005    31.0002      7.913     1.9488 9.9999e+04  1023.8937    10.1982    23.7980     5.9051    180.245    9.22456  281.56959     64.015 -9.990e-29
   40.42670  -73.83832     21.011     20.848    10.1984    31.0021      7.913     1.9891 9.9999e+04  1023.8956    10.1960    23.7999     5.9067    180.295    9.22504  281.58411     64.029 -9.990e-29
   40.42670  -73.83832     21.053     20.889    10.1965    31.0029      7.913     2.0026 9.9999e+04  1023.8963    10.1942    23.8008     5.9082    180.342    9.22554  281.59859     64.042 0.0000e+00
   40.42670  -73.83832     21.101     20.937    10.1949    31.0032      7.913     1.9891 9.9999e+04  1023.8968    10.1925    23.8013     5.9104    180.408    9.22602  281.61193     64.062 0.0000e+00
   40.42670  -73.83832     21.134     20.970    10.1932    31.0034      7.913     1.9891 9.9999e+04  1023.8976    10.1909    23.8017     5.9117    180.446    9.22645  281.62406     64.073 -9.990e-29
   40.42670  -73.83832     21.110     20.947    10.1916    31.0036      7.913     1.9891 9.9999e+04  1023.8978    10.1892    23.8022     5.9128    180.479    9.22677  281.63283     64.083 -9.990e-29
   40.42670  -73.83832     21.083     20.919    10.1896    31.0038      7.913     1.9891 9.9999e+04  1023.8981    10.1872    23.8026     5.9137    180.505    9.22698  281.63859     64.091 -9.990e-29
   40.42670  -73.83832     21.053     20.889    10.1879    31.0040      7.913     2.0026 9.9999e+04  1023.8983    10.1856    23.8031     5.9143    180.525    9.22708  281.64081     64.098 -9.990e-29
   40.42670  -73.83832     21.069     20.906    10.1856    31.0042      7.914     2.0026 9.9999e+04  1023.8992    10.1833    23.8037     5.9204    180.711    9.22686  281.63379     64.165 -9.990e-29
   40.42670  -73.83832     21.123     20.959    10.1836    31.0046      7.914     1.9891 9.9999e+04  1023.8997    10.1813    23.8043     5.9212    180.734    9.22644  281.62099     64.176 0.0000e+00
   40.42670  -73.83832     21.161     20.997    10.1813    31.0052      7.914     1.9891 9.9999e+04  1023.9010    10.1790    23.8051     5.9226    180.775    9.22597  281.60655     64.194 0.0000e+00
   40.42670  -73.83832     21.164     21.000    10.1797    31.0060      7.914     1.9891 9.9999e+04  1023.9018    10.1773    23.8060     5.9229    180.787    9.22540  281.58859     64.203 -9.990e-29
   40.42670  -73.83832     21.134     20.970    10.1777    31.0068      7.914     2.0026 9.9999e+04  1023.9029    10.1753    23.8069     5.9230    180.790    9.22465  281.56560     64.209 -9.990e-29
   40.42670  -73.83832     21.110     20.947    10.1764    31.0068      7.914     1.9891 -9.990e-29  1023.9033    10.1740    23.8074     5.9171    180.610    9.22384  281.54105     64.150 -9.990e-29
   40.42670  -73.83832     21.113     20.949    10.1750    31.0068      7.914     1.9891 -9.990e-29  1023.9033    10.1727    23.8076     5.9227    180.781    9.22304  281.51705     64.217 -9.990e-29
   40.42670  -73.83832     21.131     20.967    10.1737    31.0068      7.914     1.9891 -9.990e-29  1023.9035    10.1714    23.8077     5.9224    180.770    9.22223  281.49251     64.218 -9.990e-29
   40.42670  -73.83832     21.174     21.010    10.1716    31.0068      7.914     2.0026 -9.990e-29  1023.9036    10.1692    23.8078     5.9219    180.756    9.22151  281.47046     64.219 0.0000e+00
   40.42670  -73.83832     21.185     21.020    10.1696    31.0068      7.914     1.9891 -9.990e-29  1023.9038    10.1673    23.8081     5.9271    180.914    9.22075  281.44712     64.280 -9.990e-29
   40.42670  -73.83832     21.182     21.018    10.1671    31.0068      7.914     1.9891 2.5320e-11  1023.9045    10.1648    23.8087     5.9269    180.908    9.21980  281.41877     64.284 -9.990e-29
   40.42670  -73.83832     21.153     20.989    10.1648    31.0079      7.914     2.0026 2.5320e-11  1023.9052    10.1625    23.8100     5.9204    180.710    9.21844  281.37890     64.223 -9.990e-29
   40.42670  -73.83832     21.141     20.977    10.1623    31.0110      7.914     1.9891 2.5320e-11  1023.9069    10.1600    23.8127     5.9189    180.666    9.21727  281.34477     64.215 -9.990e-29
   40.42670  -73.83832     21.164     21.000    10.1607    31.0163      7.914     1.9891 2.5320e-11  1023.9133    10.1584    23.8170     5.9233    180.801    9.21645  281.32030     64.269 -9.990e-29
   40.42670  -73.83832     21.194     21.030    10.1621    31.0216      7.914     2.0026 2.5320e-11  1023.9184    10.1598    23.8209     5.9226    180.781    9.21582  281.30106     64.266 0.0000e+00
   40.42670  -73.83832     21.212     21.048    10.1654    31.0216      7.914     1.9891 2.5320e-11  1023.9200    10.1631    23.8224     5.9167    180.600    9.21508  281.27851     64.207 0.0000e+00
   40.42670  -73.83832     21.215     21.051    10.1692    31.0216      7.914     2.0294 2.5320e-11  1023.9188    10.1669    23.8209     5.9215    180.745    9.21432  281.25539     64.264 -9.990e-29
   40.42670  -73.83832     21.192     21.027    10.1734    31.0189      7.914     2.1503 2.5320e-11  1023.9129    10.1711    23.8173     5.9211    180.733    9.21363  281.23489     64.264 -9.990e-29
