CalculateIndicators/WaterTemperature/Data/CTD_NYOS/20240428_C18.cnv
* Sea-Bird SBE 9 Data File:
* FileName = C:\Seabird 9 CTD\Data\2024\202404_offshore\20240428_C18.hex
* Software Version Seasave V 7.23.2
* Temperature SN = 4590
* Conductivity SN = 3228
* Number of Bytes Per Scan = 44
* Number of Voltage Words = 5
* Number of Scans Averaged by the Deck Unit = 1
* NMEA Latitude = 40 25.77 N
* NMEA Longitude = 072 49.78 W
* NMEA UTC (Time) = Apr 28 2024  00:34:14
* NMEA baud rate = 4800
** Ship: Seawolf
** Station: 9.2
** Operator: TDK
# nquan = 18
# nvalues = 13496                       
# units = specified
# name 0 = latitude: Latitude [deg]
# name 1 = longitude: Longitude [deg]
# name 2 = prDM: Pressure, Digiquartz [db]
# name 3 = depSM: Depth [salt water, m]
# name 4 = t090C: Temperature [ITS-90, deg C]
# name 5 = sal00: Salinity, Practical [PSU]
# name 6 = ph: pH
# name 7 = flECO-AFL: Fluorescence, WET Labs ECO-AFL/FL [mg/m^3]
# name 8 = cpar: CPAR/Corrected Irradiance [%]
# name 9 = density00: Density [density, kg/m^3]
# name 10 = potemp090C: Potential Temperature [ITS-90, deg C]
# name 11 = sigma-é00: Density [sigma-theta, kg/m^3]
# name 12 = sbeox0Mg/L: Oxygen, SBE 43 [mg/l]
# name 13 = sbox0Mm/Kg: Oxygen, SBE 43 [umol/kg]
# name 14 = oxsolMg/L: Oxygen Saturation, Garcia & Gordon [mg/l]
# name 15 = oxsolMm/Kg: Oxygen Saturation, Garcia & Gordon [umol/kg]
# name 16 = sbeox0PS: Oxygen, SBE 43 [% saturation]
# name 17 = flag:  0.000e+00
# span 0 =   40.42958,   40.43070       
# span 1 =  -72.82974,  -72.82754       
# span 2 =      1.702,     38.907       
# span 3 =      1.689,     38.604       
# span 4 =     6.0295,     9.1693       
# span 5 =    30.0772,    31.7985       
# span 6 =      7.843,      8.101       
# span 7 =     0.0819,     2.2712       
# span 8 = 9.9999e+04, 9.9999e+04       
# span 9 =  1023.2435,  1025.1830       
# span 10 =     6.0269,     9.1685      
# span 11 =    23.1735,    25.0036      
# span 12 =     7.8722,    10.3120      
# span 13 =    240.195,    314.692      
# span 14 =    9.48085,   10.10673      
# span 15 =  289.53146,  308.23129      
# span 16 =     79.179,    106.699      
# span 17 = 0.0000e+00, 0.0000e+00      
# interval = seconds: 0.0416667
# start_time = Apr 28 2024 00:34:15 [System UTC, first data scan.]
# bad_flag = -9.990e-29
*END*
[from data line 8604]
 -9.990e-29  -72.82842     17.288     17.155     8.1105    30.7673 -9.990e-29     0.4580 9.9999e+04  1024.0155     8.1089    23.9362    10.1970    311.222    9.66234  294.90447    105.533 -9.990e-29
 -9.990e-29  -72.82842     17.288     17.155     8.1105    30.7671 -9.990e-29     0.4580 9.9999e+04  1024.0152     8.1089    23.9360    10.2022    311.381    9.66183  294.88934    105.592 -9.990e-29
 -9.990e-29  -72.82842     17.257     17.123     8.1106    30.7668 -9.990e-29     0.4580 9.9999e+04  1024.0147     8.1090    23.9358    10.1968    311.217    9.66156  294.88123    105.540 -9.990e-29
 -9.990e-29  -72.82842     17.258     17.125     8.1102    30.7667 -9.990e-29     0.4580 9.9999e+04  1024.0146     8.1085    23.9357    10.2025    311.392    9.66121  294.87091    105.603 -9.990e-29
 -9.990e-29  -72.82842     17.258     17.125     8.1104    30.7668 -9.990e-29     0.4580 9.9999e+04  1024.0147     8.1087    23.9358    10.2030    311.406    9.66106  294.86649    105.609 -9.990e-29
 -9.990e-29  -72.82842     17.247     17.114     8.1100    30.7671 -9.990e-29     0.4580 9.9999e+04  1024.0151     8.1084    23.9361    10.2032    311.414    9.66095  294.86337    105.613 0.0000e+00
 -9.990e-29  -72.82842     17.236     17.103     8.1102    30.7673 -9.990e-29     0.4580 9.9999e+04  1024.0151     8.1085    23.9363    10.2033    311.416    9.66090  294.86205    105.614 0.0000e+00
 -9.990e-29  -72.82842     17.217     17.084     8.1097    30.7676 -9.990e-29     0.4580 9.9999e+04  1024.0157     8.1081    23.9365    10.2031    311.409    9.66082  294.85955    105.613 -9.990e-29
 -9.990e-29  -72.82842     17.217     17.084     8.1094    30.7675 -9.990e-29     0.4580 9.9999e+04  1024.0153     8.1078    23.9364    10.2086    311.578    9.66059  294.85291    105.672 -9.990e-29
 -9.990e-29  -72.82842     17.217     17.084     8.1092    30.7671 -9.990e-29     0.4580 9.9999e+04  1024.0152     8.1076    23.9362    10.2023    311.388    9.66040  294.84739    105.610 -9.990e-29
 -9.990e-29  -72.82842     17.185     17.052     8.1093    30.7667 -9.990e-29     0.4580 9.9999e+04  1024.0145     8.1077    23.9358    10.2074    311.544    9.66026  294.84339    105.664 -9.990e-29
 -9.990e-29  -72.82842     17.198     17.064     8.1092    30.7663 -9.990e-29     0.4580 9.9999e+04  1024.0142     8.1076    23.9356    10.2009    311.345    9.66025  294.84311    105.597 -9.990e-29
 -9.990e-29  -72.82842     17.187     17.054     8.1095    30.7663 -9.990e-29     0.4580 9.9999e+04  1024.0138     8.1079    23.9356    10.2068    311.523    9.66043  294.84862    105.655 0.0000e+00
 -9.990e-29  -72.82842     17.177     17.044     8.1090    30.7668 -9.990e-29     0.4580 9.9999e+04  1024.0147     8.1074    23.9360    10.2079    311.557    9.66057  294.85280    105.665 0.0000e+00
 -9.990e-29  -72.82842     17.166     17.033     8.1085    30.7672 -9.990e-29     0.4580 9.9999e+04  1024.0153     8.1069    23.9364    10.2079    311.558    9.66073  294.85757    105.664 0.0000e+00
 -9.990e-29  -72.82842     17.156     17.023     8.1085    30.7674 -9.990e-29     0.4580 9.9999e+04  1024.0151     8.1069    23.9365    10.2139    311.740    9.66089  294.86222    105.724 0.0000e+00
 -9.990e-29  -72.82842     17.136     17.003     8.1081    30.7671 -9.990e-29     0.4580 9.9999e+04  1024.0151     8.1065    23.9363    10.2141    311.747    9.66095  294.86404    105.726 -9.990e-29
 -9.990e-29  -72.82842     17.136     17.003     8.1082    30.7664 -9.990e-29     0.4580 9.9999e+04  1024.0147     8.1066    23.9358    10.2149    311.770    9.66094  294.86375    105.734 -9.990e-29
 -9.990e-29  -72.82842     17.134     17.002     8.1085    30.7649 -9.990e-29     0.4580 9.9999e+04  1024.0134     8.1069    23.9345    10.2151    311.778    9.66072  294.85725    105.739 -9.990e-29
 -9.990e-29  -72.82842     17.126     16.993     8.1102    30.7628 -9.990e-29     0.4580 9.9999e+04  1024.0110     8.1086    23.9327    10.2153    311.784    9.66066  294.85566    105.741 0.0000e+00
 -9.990e-29  -72.82842     17.096     16.963     8.1118    30.7605 -9.990e-29     0.4580 9.9999e+04  1024.0089     8.1102    23.9307    10.2152    311.782    9.66058  294.85351    105.741 -9.990e-29
 -9.990e-29  -72.82842     17.096     16.963     8.1134    30.7585 -9.990e-29     0.4580 9.9999e+04  1024.0069     8.1118    23.9289    10.2213    311.966    9.66065  294.85576    105.803 -9.990e-29
 -9.990e-29  -72.82842     17.094     16.962     8.1147    30.7570 -9.990e-29     0.4580 9.9999e+04  1024.0055     8.1131    23.9275    10.2217    311.981    9.66076  294.85877    105.807 -9.990e-29
 -9.990e-29  -72.82842     17.075     16.943     8.1159    30.7560 -9.990e-29     0.4714 9.9999e+04  1024.0047     8.1143    23.9266    10.2218    311.983    9.66078  294.85946    105.807 0.0000e+00
 -9.990e-29  -72.82842     17.054     16.922     8.1166    30.7551 -9.990e-29     0.4714 9.9999e+04  1024.0040     8.1150    23.9257    10.2216    311.976    9.66076  294.85877    105.805 -9.990e-29
 -9.990e-29  -72.82842     17.065     16.933     8.1180    30.7539 -9.990e-29     0.4714 9.9999e+04  1024.0028     8.1164    23.9246    10.2221    311.991    9.66086  294.86172    105.809 -9.990e-29
 -9.990e-29  -72.82842     17.043     16.912     8.1191    30.7525 -9.990e-29     0.4714 9.9999e+04  1024.0014     8.1175    23.9234    10.2214    311.970    9.66092  294.86335    105.802 0.0000e+00
 -9.990e-29  -72.82842     17.024     16.892     8.1209    30.7512 -9.990e-29     0.4714 9.9999e+04  1023.9999     8.1193    23.9221    10.2266    312.130    9.66101  294.86608    105.855 -9.990e-29
 -9.990e-29  -72.82842     17.024     16.892     8.1223    30.7499 -9.990e-29     0.4714 9.9999e+04  1023.9989     8.1207    23.9208    10.2280    312.171    9.66106  294.86762    105.868 -9.990e-29
 -9.990e-29  -72.82842     17.004     16.872     8.1242    30.7485 -9.990e-29     0.4714 9.9999e+04  1023.9972     8.1226    23.9195    10.2280    312.170    9.66093  294.86354    105.869 -9.990e-29
 -9.990e-29  -72.82842     17.002     16.871     8.1257    30.7472 -9.990e-29     0.4714 9.9999e+04  1023.9961     8.1241    23.9183    10.2285    312.188    9.66076  294.85872    105.877 -9.990e-29
 -9.990e-29  -72.82842     16.984     16.853     8.1276    30.7460 -9.990e-29     0.4714 9.9999e+04  1023.9949     8.1260    23.9170    10.2280    312.172    9.66068  294.85582    105.873 0.0000e+00
 -9.990e-29  -72.82842     16.973     16.842     8.1300    30.7447 -9.990e-29     0.4714 9.9999e+04  1023.9934     8.1284    23.9157    10.2281    312.174    9.66055  294.85203    105.875 0.0000e+00
 -9.990e-29  -72.82842     16.953     16.821     8.1320    30.7435 -9.990e-29     0.4714 9.9999e+04  1023.9921     8.1304    23.9146    10.2332    312.331    9.66049  294.85029    105.929 -9.990e-29
 -9.990e-29  -72.82842     16.954     16.823     8.1337    30.7421 -9.990e-29     0.4714 9.9999e+04  1023.9914     8.1321    23.9132    10.2336    312.343    9.66038  294.84681    105.934 -9.990e-29
 -9.990e-29  -72.82842     16.922     16.791     8.1358    30.7402 -9.990e-29     0.4714 9.9999e+04  1023.9885     8.1342    23.9114    10.2344    312.367    9.66012  294.83895    105.945 -9.990e-29
 -9.990e-29  -72.82842     16.922     16.791     8.1377    30.7389 -9.990e-29     0.4714 9.9999e+04  1023.9864     8.1361    23.9101    10.2340    312.354    9.65982  294.83006    105.944 -9.990e-29
 -9.990e-29  -72.82842     16.911     16.780     8.1383    30.7389 -9.990e-29     0.4714 9.9999e+04  1023.9878     8.1367    23.9099    10.2323    312.303    9.65943  294.81828    105.931 0.0000e+00
 -9.990e-29  -72.82842     16.892     16.761     8.1401    30.7388 -9.990e-29     0.4714 9.9999e+04  1023.9873     8.1386    23.9096    10.2312    312.269    9.65905  294.80673    105.923 0.0000e+00
 -9.990e-29  -72.82842     16.882     16.752     8.1428    30.7379 -9.990e-29     0.4714 9.9999e+04  1023.9861     8.1412    23.9085    10.2307    312.254    9.65865  294.79476    105.923 0.0000e+00
 -9.990e-29  -72.82842     16.871     16.741     8.1460    30.7366 -9.990e-29     0.4714 9.9999e+04  1023.9842     8.1444    23.9071    10.2307    312.255    9.65818  294.78041    105.928 0.0000e+00
 -9.990e-29  -72.82842     16.852     16.722     8.1486    30.7353 -9.990e-29     0.4714 9.9999e+04  1023.9827     8.1470    23.9057    10.2296    312.222    9.65769  294.76580    105.922 -9.990e-29
 -9.990e-29  -72.82842     16.852     16.722     8.1506    30.7345 -9.990e-29     0.4714 9.9999e+04  1023.9818     8.1490    23.9048    10.2284    312.184    9.65726  294.75299    105.914 -9.990e-29
 -9.990e-29  -72.82842     16.822     16.692     8.1522    30.7339 -9.990e-29     0.4714 9.9999e+04  1023.9813     8.1506    23.9041    10.2330    312.327    9.65688  294.74172    105.966 -9.990e-29
 -9.990e-29  -72.82842     16.830     16.700     8.1539    30.7333 -9.990e-29     0.4714 9.9999e+04  1023.9805     8.1523    23.9034    10.2322    312.301    9.65653  294.73144    105.961 -9.990e-29
 -9.990e-29  -72.82842     16.801     16.671     8.1551    30.7328 -9.990e-29     0.4714 9.9999e+04  1023.9796     8.1535    23.9028    10.2312    312.271    9.65633  294.72511    105.953 0.0000e+00
 -9.990e-29  -72.82842     16.792     16.662     8.1564    30.7322 -9.990e-29     0.4714 9.9999e+04  1023.9795     8.1548    23.9021    10.2309    312.262    9.65619  294.72102    105.952 0.0000e+00
 -9.990e-29  -72.82842     16.779     16.649     8.1597    30.7310 -9.990e-29     0.4580 9.9999e+04  1023.9776     8.1581    23.9008    10.2313    312.274    9.65606  294.71714    105.957 0.0000e+00
 -9.990e-29  -72.82842     16.761     16.632     8.1623    30.7294 -9.990e-29     0.4580 9.9999e+04  1023.9759     8.1607    23.8992    10.2359    312.413    9.65597  294.71405    106.006 0.0000e+00
 -9.990e-29  -72.82842     16.750     16.621     8.1651    30.7280 -9.990e-29     0.4580 9.9999e+04  1023.9742     8.1635    23.8977    10.2292    312.209    9.65557  294.70234    105.941 -9.990e-29
 -9.990e-29  -72.82842     16.750     16.621     8.1667    30.7268 -9.990e-29     0.4580 9.9999e+04  1023.9731     8.1651    23.8964    10.2283    312.183    9.65505  294.68704    105.937 -9.990e-29
 -9.990e-29  -72.82842     16.719     16.589     8.1687    30.7257 -9.990e-29     0.4580 9.9999e+04  1023.9717     8.1671    23.8954    10.2263    312.123    9.65457  294.67275    105.922 0.0000e+00
 -9.990e-29  -72.82842     16.710     16.581     8.1695    30.7250 -9.990e-29     0.4580 9.9999e+04  1023.9711     8.1679    23.8947    10.2311    312.271    9.65409  294.65855    105.977 0.0000e+00
 -9.990e-29  -72.82842     16.699     16.570     8.1702    30.7246 -9.990e-29     0.4580 9.9999e+04  1023.9705     8.1686    23.8942    10.2304    312.248    9.65354  294.64232    105.975 0.0000e+00
 -9.990e-29  -72.82842     16.677     16.548     8.1703    30.7243 -9.990e-29     0.4580 9.9999e+04  1023.9704     8.1688    23.8939    10.2293    312.217    9.65302  294.62698    105.970 0.0000e+00
 -9.990e-29  -72.82840     16.669     16.540     8.1708    30.7238 -9.990e-29     0.4580 9.9999e+04  1023.9701     8.1692    23.8935    10.2221    311.996    9.65264  294.61584    105.899 0.0000e+00
 -9.990e-29  -72.82840     16.660     16.531     8.1721    30.7229 -9.990e-29     0.4580 9.9999e+04  1023.9691     8.1705    23.8926    10.2202    311.941    9.65255  294.61365    105.881 0.0000e+00
 -9.990e-29  -72.82840     16.638     16.509     8.1736    30.7217 -9.990e-29     0.4580 9.9999e+04  1023.9673     8.1720    23.8915    10.2256    312.104    9.65274  294.61964    105.935 0.0000e+00
 -9.990e-29  -72.82840     16.629     16.501     8.1744    30.7209 -9.990e-29     0.4580 9.9999e+04  1023.9666     8.1728    23.8908    10.2241    312.058    9.65254  294.61397    105.921 -9.990e-29
 -9.990e-29  -72.82840     16.629     16.501     8.1744    30.7207 -9.990e-29     0.4580 9.9999e+04  1023.9667     8.1728    23.8906    10.2235    312.042    9.65264  294.61664    105.915 -9.990e-29
 -9.990e-29  -72.82840     16.617     16.488     8.1736    30.7208 -9.990e-29     0.4580 9.9999e+04  1023.9668     8.1720    23.8908    10.2218    311.989    9.65266  294.61678    105.897 0.0000e+00
 -9.990e-29  -72.82840     16.609     16.480     8.1728    30.7211 -9.990e-29     0.4580 9.9999e+04  1023.9672     8.1712    23.8911    10.2204    311.945    9.65238  294.60795    105.885 0.0000e+00
 -9.990e-29  -72.82840     16.599     16.471     8.1721    30.7213 -9.990e-29     0.4580 9.9999e+04  1023.9671     8.1705    23.8914    10.2187    311.894    9.65206  294.59813    105.871 0.0000e+00
 -9.990e-29  -72.82840     16.588     16.460     8.1711    30.7217 -9.990e-29     0.4580 9.9999e+04  1023.9679     8.1696    23.8917    10.2167    311.833    9.65168  294.58678    105.854 0.0000e+00
 -9.990e-29  -72.82840     16.577     16.449     8.1708    30.7219 -9.990e-29     0.4580 9.9999e+04  1023.9680     8.1692    23.8920    10.2154    311.793    9.65129  294.57522    105.845 0.0000e+00
 -9.990e-29  -72.82840     16.567     16.439     8.1708    30.7217 -9.990e-29     0.4580 9.9999e+04  1023.9681     8.1692    23.8918    10.2203    311.944    9.65114  294.57032    105.898 0.0000e+00
 -9.990e-29  -72.82840     16.558     16.430     8.1721    30.7210 -9.990e-29     0.4580 9.9999e+04  1023.9671     8.1705    23.8912    10.2188    311.897    9.65016  294.54080    105.892 0.0000e+00
 -9.990e-29  -72.82840     16.545     16.417     8.1728    30.7200 -9.990e-29     0.4580 9.9999e+04  1023.9659     8.1712    23.8903    10.2171    311.845    9.64925  294.51342    105.885 0.0000e+00
 -9.990e-29  -72.82840     16.537     16.409     8.1734    30.7192 -9.990e-29     0.4580 9.9999e+04  1023.9650     8.1719    23.8897    10.2214    311.975    9.64835  294.48607    105.939 -9.990e-29
 -9.990e-29  -72.82840     16.537     16.409     8.1731    30.7190 -9.990e-29     0.4580 9.9999e+04  1023.9650     8.1715    23.8895    10.2140    311.752    9.64755  294.46215    105.872 -9.990e-29
 -9.990e-29  -72.82840     16.526     16.398     8.1725    30.7193 -9.990e-29     0.4580 9.9999e+04  1023.9654     8.1709    23.8897    10.2129    311.720    9.64697  294.44525    105.867 0.0000e+00
 -9.990e-29  -72.82840     16.518     16.390     8.1723    30.7197 -9.990e-29     0.5252 9.9999e+04  1023.9657     8.1707    23.8900    10.2118    311.686    9.64652  294.43211    105.860 -9.990e-29
 -9.990e-29  -72.82840     16.518     16.390     8.1723    30.7201 -9.990e-29     0.5789 9.9999e+04  1023.9660     8.1707    23.8904    10.2171    311.849    9.64645  294.43077    105.916 -9.990e-29
 -9.990e-29  -72.82840     16.505     16.378     8.1716    30.7203 -9.990e-29     0.5923 9.9999e+04  1023.9665     8.1700    23.8906    10.2234    312.040    9.64666  294.43690    105.979 0.0000e+00
 -9.990e-29  -72.82840     16.497     16.370     8.1715    30.7204 -9.990e-29     0.5923 9.9999e+04  1023.9662     8.1699    23.8908    10.2171    311.849    9.64615  294.42269    105.919 -9.990e-29
 -9.990e-29  -72.82840     16.507     16.379     8.1710    30.7206 -9.990e-29     0.5789 9.9999e+04  1023.9666     8.1694    23.8910    10.2224    312.013    9.64595  294.41831    105.976 -9.990e-29
 -9.990e-29  -72.82840     16.496     16.368     8.1706    30.7208 -9.990e-29     0.5789 9.9999e+04  1023.9668     8.1691    23.8911    10.2232    312.038    9.64589  294.41744    105.985 0.0000e+00
 -9.990e-29  -72.82840     16.486     16.359     8.1713    30.7208 -9.990e-29     0.5789 9.9999e+04  1023.9666     8.1697    23.8911    10.2241    312.067    9.64605  294.42334    105.992 -9.990e-29
 -9.990e-29  -72.82840     16.497     16.370     8.1721    30.7209 -9.990e-29     0.5789 9.9999e+04  1023.9662     8.1706    23.8910    10.2245    312.081    9.64603  294.42369    105.997 -9.990e-29
