CalculateIndicators/WaterTemperature/Data/CTD_NYOS/20240913_C13.cnv
* Sea-Bird SBE 9 Data File:
* FileName = C:\Seabird 9 CTD\Data\2024\202409_offshore\20240913_C13.hex
* Software Version Seasave V 7.23.2
* Temperature SN = 4590
* Conductivity SN = 3228
* Number of Bytes Per Scan = 44
* Number of Voltage Words = 5
* Number of Scans Averaged by the Deck Unit = 1
* NMEA Latitude = 39 19.48 N
* NMEA Longitude = 072 05.45 W
* NMEA UTC (Time) = Sep 13 2024  02:40:20
* NMEA baud rate = 4800
** Ship: Seawolf
** Station: 9.7a
** Operator: TCM
# nquan = 18
# nvalues = 19715                       
# units = specified
# name 0 = latitude: Latitude [deg]
# name 1 = longitude: Longitude [deg]
# name 2 = prDM: Pressure, Digiquartz [db]
# name 3 = depSM: Depth [salt water, m]
# name 4 = t090C: Temperature [ITS-90, deg C]
# name 5 = sal00: Salinity, Practical [PSU]
# name 6 = ph: pH
# name 7 = flECO-AFL: Fluorescence, WET Labs ECO-AFL/FL [mg/m^3]
# name 8 = cpar: CPAR/Corrected Irradiance [%]
# name 9 = density00: Density [density, kg/m^3]
# name 10 = potemp090C: Potential Temperature [ITS-90, deg C]
# name 11 = sigma-é00: Density [sigma-theta, kg/m^3]
# name 12 = sbeox0Mg/L: Oxygen, SBE 43 [mg/l]
# name 13 = sbox0Mm/Kg: Oxygen, SBE 43 [umol/kg]
# name 14 = oxsolMg/L: Oxygen Saturation, Garcia & Gordon [mg/l]
# name 15 = oxsolMm/Kg: Oxygen Saturation, Garcia & Gordon [umol/kg]
# name 16 = sbeox0PS: Oxygen, SBE 43 [% saturation]
# name 17 = flag:  0.000e+00
# span 0 =   39.32474,   39.32670       
# span 1 =  -72.09578,  -72.09082       
# span 2 =      1.308,    101.905       
# span 3 =      1.298,    101.105       
# span 4 =    14.0678,    24.0668       
# span 5 =    33.0745,    35.6115       
# span 6 =      8.014,      8.251       
# span 7 =    -0.0792,     0.5654       
# span 8 = 1.6880e-11, 4.8788e+01       
# span 9 =  1022.5293,  1027.0966       
# span 10 =    14.0531,    24.0632      
# span 11 =    22.5180,    26.6485      
# span 12 =     5.0292,     8.6551      
# span 13 =    153.086,    263.952      
# span 14 =    6.92293,    8.25702      
# span 15 =  211.51986,  251.33795      
# span 16 =     60.919,    113.140      
# span 17 = 0.0000e+00, 0.0000e+00      
# interval = seconds: 0.0416667
# start_time = Sep 13 2024 02:40:21 [System UTC, first data scan.]
# bad_flag = -9.990e-29
*END*
[from data line 9568]
   39.32566  -72.09326     78.629     78.017    14.5588    35.3656      8.052     0.0148 1.6880e-11  1026.6994    14.5471    26.3528     5.7285    174.424    8.18449  249.20413     69.992 0.0000e+00
   39.32566  -72.09326     78.616     78.003    14.5599    35.3651      8.052     0.0148 1.6880e-11  1026.6986    14.5482    26.3522     5.7282    174.415    8.18440  249.20157     69.989 0.0000e+00
   39.32566  -72.09326     78.578     77.966    14.5611    35.3646      8.052     0.0148 1.6880e-11  1026.6977    14.5494    26.3515     5.7328    174.555    8.18426  249.19737     70.047 0.0000e+00
   39.32568  -72.09328     78.568     77.956    14.5624    35.3641      8.052     0.0148 1.6880e-11  1026.6971    14.5508    26.3509     5.7328    174.554    8.18409  249.19252     70.048 0.0000e+00
   39.32568  -72.09328     78.537     77.925    14.5635    35.3637      8.052     0.0148 1.6880e-11  1026.6967    14.5518    26.3503     5.7377    174.705    8.18400  249.18961     70.109 0.0000e+00
   39.32568  -72.09328     78.506     77.895    14.5648    35.3630      8.052     0.0282 1.6880e-11  1026.6954    14.5532    26.3495     5.7324    174.544    8.18387  249.18593     70.046 0.0000e+00
   39.32568  -72.09328     78.496     77.885    14.5658    35.3622      8.047     0.0416 1.6880e-11  1026.6946    14.5542    26.3487     5.7321    174.534    8.18381  249.18428     70.042 0.0000e+00
   39.32568  -72.09328     78.483     77.871    14.5665    35.3617      8.052     0.0416 1.6880e-11  1026.6938    14.5549    26.3482     5.7317    174.520    8.18371  249.18143     70.037 0.0000e+00
   39.32568  -72.09328     78.455     77.844    14.5665    35.3612      8.052     0.0416 1.6880e-11  1026.6935    14.5549    26.3478     5.7311    174.504    8.18368  249.18056     70.031 0.0000e+00
   39.32568  -72.09328     78.424     77.814    14.5664    35.3609      8.052     0.0416 1.6880e-11  1026.6930    14.5547    26.3476     5.7355    174.638    8.18366  249.18003     70.085 0.0000e+00
   39.32568  -72.09328     78.404     77.793    14.5663    35.3608      8.052     0.0416 1.6880e-11  1026.6930    14.5547    26.3475     5.7353    174.631    8.18367  249.18049     70.082 0.0000e+00
   39.32568  -72.09328     78.394     77.783    14.5663    35.3608      8.052     0.0416 1.6880e-11  1026.6929    14.5547    26.3475     5.7299    174.468    8.18370  249.18113     70.017 0.0000e+00
   39.32568  -72.09328     78.352     77.742    14.5665    35.3609      8.047     0.0416 1.6880e-11  1026.6926    14.5549    26.3476     5.7289    174.436    8.18364  249.17937     70.004 0.0000e+00
   39.32568  -72.09328     78.343     77.732    14.5662    35.3613      8.052     0.0416 1.6880e-11  1026.6931    14.5545    26.3478     5.7283    174.418    8.18361  249.17863     69.997 0.0000e+00
   39.32568  -72.09328     78.308     77.698    14.5665    35.3618      8.052     0.0416 1.6880e-11  1026.6932    14.5549    26.3482     5.7327    174.551    8.18361  249.17851     70.051 0.0000e+00
   39.32568  -72.09328     78.301     77.691    14.5667    35.3625      8.052     0.0416 1.6880e-11  1026.6939    14.5551    26.3487     5.7325    174.545    8.18359  249.17798     70.048 0.0000e+00
   39.32568  -72.09328     78.271     77.661    14.5675    35.3630      8.052     0.0416 1.6880e-11  1026.6938    14.5559    26.3489     5.7321    174.535    8.18360  249.17845     70.044 0.0000e+00
   39.32568  -72.09328     78.239     77.629    14.5687    35.3634      8.047     0.0416 1.6880e-11  1026.6940    14.5571    26.3489     5.7317    174.523    8.18366  249.17997     70.039 0.0000e+00
   39.32568  -72.09328     78.229     77.620    14.5706    35.3633      8.052     0.0416 1.6880e-11  1026.6935    14.5590    26.3484     5.7312    174.506    8.18366  249.18013     70.032 0.0000e+00
   39.32568  -72.09328     78.208     77.599    14.5731    35.3627      8.052     0.0416 1.6880e-11  1026.6923    14.5615    26.3474     5.7361    174.656    8.18365  249.17995     70.092 0.0000e+00
   39.32568  -72.09328     78.178     77.569    14.5752    35.3615      8.052     0.0416 1.6880e-11  1026.6906    14.5636    26.3462     5.7314    174.512    8.18365  249.17988     70.035 0.0000e+00
   39.32568  -72.09328     78.157     77.548    14.5762    35.3605      8.052     0.0416 1.6880e-11  1026.6893    14.5646    26.3451     5.7311    174.502    8.18361  249.17839     70.031 0.0000e+00
   39.32568  -72.09328     78.136     77.528    14.5767    35.3600      8.052     0.0416 1.6880e-11  1026.6885    14.5651    26.3446     5.7356    174.641    8.18355  249.17673     70.087 0.0000e+00
   39.32568  -72.09328     78.113     77.504    14.5772    35.3600      8.052     0.0416 1.6880e-11  1026.6889    14.5656    26.3445     5.7306    174.488    8.18347  249.17414     70.026 0.0000e+00
   39.32568  -72.09328     78.096     77.488    14.5777    35.3599      8.052     0.0416 1.6880e-11  1026.6888    14.5661    26.3442     5.7299    174.467    8.18335  249.17069     70.019 0.0000e+00
   39.32568  -72.09328     78.075     77.467    14.5791    35.3593      8.052     0.0416 1.6880e-11  1026.6876    14.5675    26.3435     5.7347    174.613    8.18325  249.16798     70.079 0.0000e+00
   39.32568  -72.09328     78.055     77.447    14.5797    35.3584      8.052     0.0416 1.6880e-11  1026.6867    14.5682    26.3428     5.7344    174.605    8.18321  249.16679     70.076 0.0000e+00
   39.32568  -72.09328     78.034     77.426    14.5801    35.3576      8.052     0.0416 1.6880e-11  1026.6859    14.5685    26.3421     5.7341    174.595    8.18326  249.16856     70.071 0.0000e+00
   39.32568  -72.09328     78.024     77.417    14.5804    35.3569      8.052     0.0416 1.6880e-11  1026.6850    14.5688    26.3414     5.7393    174.754    8.18337  249.17173     70.134 0.0000e+00
   39.32568  -72.09328     77.992     77.385    14.5808    35.3566      8.052     0.0416 1.6880e-11  1026.6846    14.5692    26.3412     5.7349    174.620    8.18352  249.17627     70.079 0.0000e+00
   39.32568  -72.09328     77.973     77.366    14.5806    35.3567      8.052     0.0416 1.6880e-11  1026.6850    14.5690    26.3412     5.7348    174.618    8.18356  249.17743     70.078 0.0000e+00
   39.32568  -72.09328     77.952     77.345    14.5808    35.3568      8.052     0.0416 1.6880e-11  1026.6846    14.5692    26.3412     5.7347    174.613    8.18363  249.17952     70.075 0.0000e+00
   39.32568  -72.09328     77.941     77.334    14.5806    35.3570 -9.990e-29     0.0416 1.6880e-11  1026.6848    14.5690    26.3414     5.7400    174.776    8.18369  249.18120     70.140 0.0000e+00
   39.32568  -72.09328     77.929     77.322    14.5806    35.3572 -9.990e-29     0.0416 1.6880e-11  1026.6851    14.5690    26.3416     5.7352    174.629    8.18377  249.18350     70.081 0.0000e+00
   39.32568  -72.09328     77.901     77.294    14.5804    35.3576 -9.990e-29     0.0416 1.6880e-11  1026.6851    14.5689    26.3419     5.7404    174.786    8.18381  249.18466     70.143 0.0000e+00
   39.32568  -72.09328     77.880     77.274    14.5802    35.3580 -9.990e-29     0.0416 1.6880e-11  1026.6856    14.5687    26.3423     5.7404    174.786    8.18382  249.18506     70.143 0.0000e+00
   39.32568  -72.09328     77.869     77.263    14.5801    35.3583 -9.990e-29     0.0416 1.6880e-11  1026.6859    14.5685    26.3425     5.7402    174.781    8.18380  249.18394     70.141 0.0000e+00
   39.32568  -72.09328     77.850     77.243    14.5802    35.3584 -9.990e-29     0.0416 1.6880e-11  1026.6854    14.5687    26.3426     5.7355    174.637    8.18376  249.18254     70.084 0.0000e+00
   39.32568  -72.09328     77.839     77.232    14.5802    35.3586 -9.990e-29     0.0416 1.6880e-11  1026.6861    14.5687    26.3427     5.7401    174.778    8.18364  249.17916     70.141 0.0000e+00
   39.32568  -72.09328     77.829     77.223    14.5809    35.3586 -9.990e-29     0.0416 1.6880e-11  1026.6855    14.5694    26.3426     5.7402    174.781    8.18354  249.17623     70.143 0.0000e+00
   39.32568  -72.09328     77.808     77.202    14.5816    35.3585 -9.990e-29     0.0416 1.6880e-11  1026.6853    14.5701    26.3424     5.7402    174.781    8.18346  249.17348     70.144 0.0000e+00
   39.32568  -72.09328     77.799     77.193    14.5818    35.3584 -9.990e-29     0.0416 1.6880e-11  1026.6851    14.5702    26.3422     5.7451    174.930    8.18333  249.16957     70.205 0.0000e+00
   39.32568  -72.09328     77.767     77.161    14.5823    35.3584 -9.990e-29     0.0416 1.6880e-11  1026.6847    14.5707    26.3421     5.7404    174.787    8.18321  249.16620     70.149 -9.990e-29
   39.32568  -72.09328     77.767     77.161    14.5831    35.3586 -9.990e-29     0.0416 1.6880e-11  1026.6849    14.5716    26.3422     5.7451    174.929    8.18307  249.16216     70.207 -9.990e-29
   39.32568  -72.09328     77.747     77.142    14.5834    35.3587 -9.990e-29     0.0416 1.6880e-11  1026.6849    14.5719    26.3422     5.7402    174.780    8.18294  249.15809     70.148 -9.990e-29
   39.32568  -72.09328     77.747     77.142    14.5838    35.3589 -9.990e-29     0.0416 1.6880e-11  1026.6846    14.5723    26.3422     5.7397    174.765    8.18288  249.15637     70.143 -9.990e-29
   39.32568  -72.09328     77.727     77.121    14.5839    35.3592 -9.990e-29     0.0416 1.6880e-11  1026.6849    14.5724    26.3424     5.7448    174.919    8.18286  249.15596     70.205 0.0000e+00
   39.32568  -72.09328     77.706     77.101    14.5843    35.3594 -9.990e-29     0.0416 1.6880e-11  1026.6851    14.5728    26.3425     5.7446    174.915    8.18278  249.15338     70.204 0.0000e+00
   39.32568  -72.09328     77.703     77.098    14.5852    35.3596 -9.990e-29     0.0416 1.6880e-11  1026.6849    14.5736    26.3425     5.7444    174.909    8.18278  249.15344     70.201 0.0000e+00
   39.32568  -72.09328     77.685     77.080    14.5856    35.3596 -9.990e-29     0.0416 1.6880e-11  1026.6848    14.5741    26.3424     5.7441    174.900    8.18275  249.15274     70.198 0.0000e+00
   39.32568  -72.09328     77.675     77.070    14.5865    35.3594 -9.990e-29     0.0416 1.6880e-11  1026.6845    14.5750    26.3420     5.7436    174.885    8.18265  249.14951     70.193 0.0000e+00
   39.32566  -72.09330     77.664     77.059    14.5878    35.3588 -9.990e-29     0.0416 1.6880e-11  1026.6834    14.5763    26.3413     5.7435    174.882    8.18249  249.14445     70.193 0.0000e+00
   39.32566  -72.09330     77.643     77.039    14.5886    35.3582 -9.990e-29     0.0551 2.5320e-11  1026.6828    14.5771    26.3406     5.7434    174.877    8.18232  249.13908     70.192 0.0000e+00
   39.32566  -72.09330     77.634     77.029    14.5895    35.3578 -9.990e-29     0.0416 2.5320e-11  1026.6821    14.5780    26.3401     5.7437    174.886    8.18215  249.13424     70.198 0.0000e+00
   39.32566  -72.09330     77.624     77.020    14.5900    35.3573 -9.990e-29     0.0416 2.5320e-11  1026.6818    14.5784    26.3396     5.7434    174.879    8.18208  249.13261     70.195 0.0000e+00
   39.32566  -72.09330     77.613     77.009    14.5908    35.3569 -9.990e-29     0.0551 2.5320e-11  1026.6810    14.5793    26.3392     5.7431    174.869    8.18206  249.13196     70.191 0.0000e+00
   39.32566  -72.09330     77.603     76.999    14.5911    35.3564 -9.990e-29     0.0551 2.5320e-11  1026.6807    14.5795    26.3387     5.7477    175.010    8.18206  249.13217     70.248 0.0000e+00
   39.32566  -72.09330     77.592     76.988    14.5913    35.3560 -9.990e-29     0.0551 5.0640e-11  1026.6803    14.5798    26.3384     5.7478    175.012    8.18207  249.13266     70.248 0.0000e+00
   39.32566  -72.09330     77.562     76.958    14.5914    35.3558 -9.990e-29     0.0551 5.0640e-11  1026.6797    14.5799    26.3381     5.7483    175.027    8.18209  249.13304     70.255 -9.990e-29
   39.32566  -72.09330     77.562     76.958    14.5912    35.3558 -9.990e-29     0.0551 5.0640e-11  1026.6800    14.5796    26.3381     5.7487    175.039    8.18207  249.13221     70.259 -9.990e-29
   39.32566  -72.09330     77.552     76.948    14.5916    35.3558 -9.990e-29     0.0551 5.0640e-11  1026.6798    14.5801    26.3381     5.7484    175.030    8.18202  249.13078     70.256 0.0000e+00
   39.32566  -72.09330     77.531     76.927    14.5917    35.3558 -9.990e-29     0.0551 5.0640e-11  1026.6798    14.5801    26.3381     5.7429    174.864    8.18194  249.12816     70.190 0.0000e+00
   39.32566  -72.09330     77.510     76.907    14.5917    35.3557 -9.990e-29     0.0551 5.0640e-11  1026.6798    14.5801    26.3380     5.7469    174.985    8.18186  249.12578     70.240 -9.990e-29
   39.32566  -72.09330     77.510     76.907    14.5919    35.3555 -9.990e-29     0.0551 5.0640e-11  1026.6794    14.5804    26.3378     5.7469    174.984    8.18181  249.12418     70.240 -9.990e-29
   39.32566  -72.09330     77.490     76.886    14.5920    35.3553 -9.990e-29     0.0551 5.0640e-11  1026.6789    14.5805    26.3377     5.7467    174.980    8.18175  249.12242     70.238 0.0000e+00
   39.32566  -72.09330     77.469     76.866    14.5916    35.3553 -9.990e-29     0.0551 5.0640e-11  1026.6791    14.5801    26.3377     5.7464    174.971    8.18162  249.11842     70.236 0.0000e+00
   39.32566  -72.09330     77.450     76.846    14.5915    35.3554 -9.990e-29     0.0551 5.0640e-11  1026.6792    14.5800    26.3378     5.7411    174.808    8.18154  249.11626     70.171 -9.990e-29
   39.32566  -72.09330     77.450     76.846    14.5916    35.3554 -9.990e-29     0.0551 5.0640e-11  1026.6790    14.5801    26.3379     5.7452    174.934    8.18151  249.11533     70.222 -9.990e-29
   39.32566  -72.09330     77.408     76.805    14.5915    35.3557 -9.990e-29     0.0551 5.0640e-11  1026.6791    14.5800    26.3381     5.7454    174.938    8.18151  249.11541     70.224 -9.990e-29
   39.32566  -72.09330     77.408     76.805    14.5916    35.3559 -9.990e-29     0.0551 5.0640e-11  1026.6796    14.5801    26.3382     5.7448    174.921    8.18146  249.11376     70.217 -9.990e-29
   39.32566  -72.09330     77.378     76.775    14.5920    35.3560 -9.990e-29     0.0551 5.0640e-11  1026.6791    14.5805    26.3382     5.7442    174.902    8.18140  249.11211     70.210 0.0000e+00
   39.32566  -72.09330     77.366     76.764    14.5925    35.3559 -9.990e-29     0.0551 5.0640e-11  1026.6790    14.5810    26.3380     5.7441    174.898    8.18138  249.11162     70.209 0.0000e+00
   39.32566  -72.09330     77.346     76.743    14.5933    35.3556 -9.990e-29     0.0551 5.0640e-11  1026.6786    14.5818    26.3376     5.7433    174.876    8.18139  249.11199     70.200 0.0000e+00
   39.32566  -72.09330     77.315     76.713    14.5942    35.3550 -9.990e-29     0.0551 5.0640e-11  1026.6774    14.5827    26.3369     5.7475    175.005    8.18145  249.11388     70.251 0.0000e+00
   39.32566  -72.09330     77.294     76.693    14.5946    35.3543 -9.990e-29     0.0551 5.0640e-11  1026.6770    14.5831    26.3364     5.7477    175.010    8.18144  249.11364     70.253 0.0000e+00
   39.32566  -72.09330     77.274     76.672    14.5945    35.3537 -9.990e-29     0.0551 5.0640e-11  1026.6762    14.5831    26.3360     5.7478    175.013    8.18147  249.11425     70.254 0.0000e+00
   39.32566  -72.09330     77.243     76.642    14.5940    35.3534 -9.990e-29     0.0551 5.0640e-11  1026.6761    14.5825    26.3358     5.7477    175.010    8.18136  249.11068     70.254 0.0000e+00
   39.32566  -72.09330     77.222     76.621    14.5930    35.3534 -9.990e-29     0.0551 5.0640e-11  1026.6762    14.5815    26.3359     5.7480    175.019    8.18115  249.10423     70.259 0.0000e+00
   39.32566  -72.09330     77.192     76.591    14.5928    35.3536 -9.990e-29     0.0551 5.0640e-11  1026.6762    14.5813    26.3361     5.7477    175.010    8.18098  249.09883     70.257 0.0000e+00
   39.32566  -72.09330     77.171     76.570    14.5922    35.3539 -9.990e-29     0.0416 5.0640e-11  1026.6766    14.5807    26.3365     5.7473    174.996    8.18070  249.09053     70.254 0.0000e+00
