CalculateIndicators/WaterTemperature/Data/CTD_NYOS/20240709_C10.cnv
* Sea-Bird SBE 9 Data File:
* FileName = C:\Seabird 9 CTD\Data\2024\202407_offshore\20240709_C10.hex
* Software Version Seasave V 7.23.2
* Temperature SN = 4590
* Conductivity SN = 3228
* Number of Bytes Per Scan = 44
* Number of Voltage Words = 5
* Number of Scans Averaged by the Deck Unit = 1
* NMEA Latitude = 39 06.89 N
* NMEA Longitude = 072 25.68 W
* NMEA UTC (Time) = Jul 09 2024  10:25:21
* NMEA baud rate = 4800
** Ship: seawolf
** Station: 8.7
** Operator: TCM
# nquan = 18
# nvalues = 20770                       
# units = specified
# name 0 = latitude: Latitude [deg]
# name 1 = longitude: Longitude [deg]
# name 2 = prDM: Pressure, Digiquartz [db]
# name 3 = depSM: Depth [salt water, m]
# name 4 = t090C: Temperature [ITS-90, deg C]
# name 5 = sal00: Salinity, Practical [PSU]
# name 6 = ph: pH
# name 7 = flECO-AFL: Fluorescence, WET Labs ECO-AFL/FL [mg/m^3]
# name 8 = cpar: CPAR/Corrected Irradiance [%]
# name 9 = density00: Density [density, kg/m^3]
# name 10 = potemp090C: Potential Temperature [ITS-90, deg C]
# name 11 = sigma-é00: Density [sigma-theta, kg/m^3]
# name 12 = sbeox0Mg/L: Oxygen, SBE 43 [mg/l]
# name 13 = sbox0Mm/Kg: Oxygen, SBE 43 [umol/kg]
# name 14 = oxsolMg/L: Oxygen Saturation, Garcia & Gordon [mg/l]
# name 15 = oxsolMm/Kg: Oxygen Saturation, Garcia & Gordon [umol/kg]
# name 16 = sbeox0PS: Oxygen, SBE 43 [% saturation]
# name 17 = flag:  0.000e+00
# span 0 =   39.11480,   39.11494       
# span 1 =  -72.43058,  -72.42808       
# span 2 =      2.176,    102.106       
# span 3 =      2.160,    101.307       
# span 4 =    13.2998,    26.5860       
# span 5 =    34.4236,    36.3109       
# span 6 =      8.011,      8.232       
# span 7 =    -0.0927,     1.5325       
# span 8 = 9.7777e-03, 3.8468e+01       
# span 9 =  1022.4915,  1027.3252       
# span 10 =    13.2855,    26.5821      
# span 11 =    22.4806,    26.8721      
# span 12 =     4.5377,     7.3835      
# span 13 =    138.109,    225.019      
# span 14 =    6.56782,    8.38447      
# span 15 =  200.56202,  255.17140      
# span 16 =     54.893,    103.438      
# span 17 = 0.0000e+00, 0.0000e+00      
# interval = seconds: 0.0416667
# start_time = Jul 09 2024 10:25:23 [System UTC, first data scan.]
# bad_flag = -9.990e-29
*END*
[from data line 8523]
   39.11486  -72.42914     80.264     79.640    14.6236    35.7546      8.037    -0.0524 9.8817e-02  1026.9925    14.6116    26.6392     4.9661    151.165    8.15839  248.33798     60.871 -9.990e-29
   39.11486  -72.42914     80.249     79.625    14.6235    35.7551      8.037    -0.0389 9.8367e-02  1026.9930    14.6115    26.6396     4.9660    151.163    8.15842  248.33872     60.870 0.0000e+00
   39.11486  -72.42914     80.234     79.610    14.6237    35.7555      8.037    -0.0389 9.7250e-02  1026.9932    14.6117    26.6398     4.9710    151.315    8.15853  248.34221     60.930 0.0000e+00
   39.11486  -72.42914     80.228     79.604    14.6242    35.7556      8.037    -0.0389 9.6510e-02  1026.9931    14.6123    26.6398     4.9664    151.175    8.15860  248.34437     60.873 -9.990e-29
   39.11486  -72.42914     80.228     79.604    14.6243    35.7556      8.037    -0.0389 9.6510e-02  1026.9928    14.6123    26.6398     4.9713    151.324    8.15865  248.34611     60.933 -9.990e-29
   39.11486  -72.42914     80.224     79.600    14.6244    35.7560      8.037    -0.0389 9.5712e-02  1026.9929    14.6124    26.6401     4.9666    151.183    8.15872  248.34812     60.875 0.0000e+00
   39.11486  -72.42914     80.207     79.584    14.6248    35.7572      8.037    -0.0524 9.6079e-02  1026.9939    14.6129    26.6408     4.9715    151.330    8.15886  248.35243     60.934 -9.990e-29
   39.11486  -72.42914     80.213     79.589    14.6263    35.7584      8.037    -0.0389 9.6079e-02  1026.9952    14.6143    26.6415     4.9718    151.340    8.15893  248.35481     60.937 -9.990e-29
   39.11486  -72.42914     80.207     79.584    14.6280    35.7584      8.037    -0.0389 9.6387e-02  1026.9949    14.6161    26.6415     4.9721    151.349    8.15906  248.35867     60.939 -9.990e-29
   39.11486  -72.42914     80.207     79.584    14.6289    35.7584      8.037    -0.0524 9.8298e-02  1026.9939    14.6170    26.6411     4.9724    151.357    8.15922  248.36372     60.942 -9.990e-29
   39.11486  -72.42914     80.203     79.579    14.6291    35.7587      8.037    -0.0524 9.8672e-02  1026.9938    14.6171    26.6409     4.9726    151.364    8.15940  248.36936     60.943 -9.990e-29
   39.11486  -72.42914     80.207     79.584    14.6292    35.7587      8.037    -0.0524 9.7123e-02  1026.9939    14.6173    26.6411     4.9733    151.386    8.15953  248.37338     60.951 -9.990e-29
   39.11486  -72.42914     80.198     79.574    14.6294    35.7595      8.037    -0.0524 9.6021e-02  1026.9950    14.6175    26.6418     4.9735    151.391    8.15968  248.37805     60.952 0.0000e+00
   39.11486  -72.42914     80.192     79.568    14.6297    35.7601      8.037    -0.0524 9.6021e-02  1026.9957    14.6178    26.6423     4.9741    151.410    8.15975  248.37989     60.959 -9.990e-29
   39.11486  -72.42914     80.207     79.584    14.6305    35.7601      8.037    -0.0524 9.6021e-02  1026.9957    14.6185    26.6423     4.9741    151.411    8.15983  248.38233     60.959 -9.990e-29
   39.11486  -72.42914     80.203     79.579    14.6313    35.7601      8.037    -0.0524 9.6387e-02  1026.9952    14.6193    26.6417     4.9691    151.257    8.15990  248.38416     60.897 -9.990e-29
   39.11486  -72.42914     80.207     79.584    14.6320    35.7590      8.037    -0.0524 9.6387e-02  1026.9939    14.6200    26.6408     4.9735    151.392    8.15997  248.38627     60.950 -9.990e-29
   39.11486  -72.42914     80.207     79.584    14.6322    35.7576      8.037    -0.0524 9.6021e-02  1026.9928    14.6202    26.6396     4.9734    151.390    8.16004  248.38824     60.949 -9.990e-29
   39.11486  -72.42914     80.213     79.589    14.6321    35.7565      8.037    -0.0389 9.5655e-02  1026.9917    14.6201    26.6387     4.9732    151.382    8.15996  248.38562     60.947 -9.990e-29
   39.11486  -72.42914     80.217     79.593    14.6320    35.7565      8.037    -0.0389 9.5655e-02  1026.9911    14.6200    26.6382     4.9729    151.374    8.15987  248.38262     60.944 -9.990e-29
   39.11486  -72.42914     80.228     79.604    14.6319    35.7565      8.037    -0.0524 9.5655e-02  1026.9912    14.6200    26.6383     4.9726    151.365    8.15983  248.38111     60.941 -9.990e-29
   39.11486  -72.42914     80.213     79.589    14.6317    35.7566      8.037    -0.0389 9.6387e-02  1026.9921    14.6197    26.6389     4.9728    151.371    8.15975  248.37865     60.944 -9.990e-29
   39.11486  -72.42914     80.238     79.614    14.6323    35.7580      8.037    -0.0524 9.6755e-02  1026.9926    14.6203    26.6399     4.9725    151.360    8.15971  248.37745     60.939 -9.990e-29
   39.11486  -72.42914     80.243     79.619    14.6326    35.7600      8.037    -0.0524 9.6755e-02  1026.9950    14.6206    26.6413     4.9721    151.348    8.15967  248.37641     60.935 -9.990e-29
   39.11486  -72.42914     80.249     79.625    14.6339    35.7611      8.037    -0.0524 9.7123e-02  1026.9963    14.6219    26.6423     4.9716    151.333    8.15962  248.37487     60.929 -9.990e-29
   39.11486  -72.42914     80.249     79.625    14.6350    35.7611      8.037    -0.0389 9.7493e-02  1026.9957    14.6231    26.6422     4.9667    151.183    8.15960  248.37448     60.869 -9.990e-29
   39.11486  -72.42914     80.275     79.651    14.6359    35.7611      8.037    -0.0524 9.7493e-02  1026.9950    14.6239    26.6416     4.9713    151.323    8.15965  248.37596     60.925 -9.990e-29
   39.11486  -72.42914     80.279     79.655    14.6362    35.7603      8.037    -0.0389 9.6021e-02  1026.9945    14.6242    26.6409     4.9713    151.325    8.15966  248.37626     60.926 -9.990e-29
   39.11486  -72.42914     80.285     79.661    14.6366    35.7588      8.037    -0.0524 9.4928e-02  1026.9940    14.6246    26.6396     4.9714    151.328    8.15970  248.37762     60.926 -9.990e-29
   39.11486  -72.42914     80.310     79.685    14.6371    35.7560      8.037    -0.0524 9.4928e-02  1026.9911    14.6251    26.6375     4.9709    151.312    8.15974  248.37891     60.920 -9.990e-29
   39.11486  -72.42914     80.310     79.685    14.6361    35.7528      8.037    -0.0389 9.4928e-02  1026.9882    14.6241    26.6352     4.9709    151.311    8.15971  248.37806     60.920 -9.990e-29
   39.11486  -72.42914     80.326     79.702    14.6349    35.7503      8.037    -0.0524 9.5291e-02  1026.9867    14.6229    26.6335     4.9658    151.157    8.15975  248.37926     60.858 -9.990e-29
   39.11486  -72.42914     80.351     79.726    14.6333    35.7489      8.037    -0.0524 9.4928e-02  1026.9861    14.6213    26.6327     4.9652    151.139    8.15975  248.37895     60.850 -9.990e-29
   39.11486  -72.42914     80.361     79.736    14.6314    35.7489      8.037    -0.0524 9.5291e-02  1026.9861    14.6194    26.6326     4.9696    151.273    8.15974  248.37850     60.904 -9.990e-29
   39.11486  -72.42914     80.366     79.742    14.6300    35.7489      8.037    -0.0389 9.5655e-02  1026.9868    14.6180    26.6332     4.9696    151.271    8.15972  248.37808     60.904 -9.990e-29
   39.11486  -72.42914     80.372     79.747    14.6287    35.7494      8.037    -0.0524 9.5655e-02  1026.9880    14.6167    26.6340     4.9695    151.269    8.15975  248.37882     60.902 -9.990e-29
   39.11486  -72.42914     80.418     79.792    14.6278    35.7501      8.037    -0.0524 9.4928e-02  1026.9888    14.6158    26.6347     4.9693    151.265    8.15972  248.37786     60.901 -9.990e-29
   39.11486  -72.42914     80.423     79.798    14.6269    35.7507      8.037    -0.0524 9.2769e-02  1026.9896    14.6149    26.6355     4.9692    151.259    8.15968  248.37662     60.899 -9.990e-29
   39.11486  -72.42914     80.433     79.807    14.6264    35.7516      8.037    -0.0658 9.2413e-02  1026.9904    14.6143    26.6363     4.9690    151.254    8.15966  248.37617     60.897 -9.990e-29
   39.11486  -72.42914     80.450     79.824    14.6256    35.7526      8.037    -0.0524 9.2769e-02  1026.9916    14.6136    26.6372     4.9688    151.247    8.15957  248.37330     60.895 -9.990e-29
   39.11486  -72.42916     80.463     79.838    14.6252    35.7529      8.037    -0.0658 9.3484e-02  1026.9924    14.6132    26.6377     4.9686    151.240    8.15957  248.37306     60.892 -9.990e-29
   39.11486  -72.42916     80.480     79.854    14.6252    35.7529      8.037    -0.0524 9.3484e-02  1026.9922    14.6132    26.6378     4.9733    151.384    8.15948  248.37041     60.951 -9.990e-29
   39.11486  -72.42916     80.505     79.879    14.6250    35.7529      8.037    -0.0524 9.3484e-02  1026.9922    14.6130    26.6376     4.9735    151.391    8.15943  248.36891     60.954 -9.990e-29
   39.11486  -72.42916     80.520     79.894    14.6247    35.7525      8.037    -0.0658 9.3484e-02  1026.9917    14.6127    26.6372     4.9737    151.396    8.15935  248.36637     60.957 -9.990e-29
   39.11486  -72.42916     80.526     79.900    14.6246    35.7525      8.037    -0.0524 9.3484e-02  1026.9913    14.6126    26.6372     4.9688    151.248    8.15926  248.36389     60.898 -9.990e-29
   39.11486  -72.42916     80.546     79.920    14.6238    35.7525      8.037    -0.0524 9.3484e-02  1026.9923    14.6118    26.6375     4.9689    151.251    8.15918  248.36134     60.900 -9.990e-29
   39.11486  -72.42916     80.573     79.946    14.6236    35.7530      8.037    -0.0524 9.3844e-02  1026.9927    14.6115    26.6380     4.9685    151.238    8.15913  248.35965     60.895 -9.990e-29
   39.11486  -72.42916     80.598     79.971    14.6235    35.7534      8.037    -0.0658 9.4204e-02  1026.9933    14.6114    26.6383     4.9680    151.225    8.15905  248.35753     60.890 -9.990e-29
   39.11486  -72.42916     80.592     79.965    14.6232    35.7534      8.037    -0.0524 9.4204e-02  1026.9935    14.6112    26.6384     4.9675    151.209    8.15898  248.35526     60.884 -9.990e-29
   39.11486  -72.42916     80.618     79.992    14.6231    35.7534      8.037    -0.0658 9.3484e-02  1026.9935    14.6111    26.6383     4.9671    151.195    8.15896  248.35493     60.879 -9.990e-29
   39.11486  -72.42916     80.628     80.001    14.6227    35.7528      8.037    -0.0524 9.3126e-02  1026.9930    14.6107    26.6380     4.9666    151.180    8.15893  248.35402     60.873 -9.990e-29
   39.11486  -72.42916     80.634     80.007    14.6225    35.7523      8.037    -0.0524 9.2769e-02  1026.9927    14.6104    26.6377     4.9667    151.184    8.15901  248.35653     60.874 -9.990e-29
   39.11486  -72.42916     80.659     80.031    14.6222    35.7520      8.037    -0.0524 9.3484e-02  1026.9926    14.6102    26.6375     4.9662    151.170    8.15907  248.35855     60.867 -9.990e-29
   39.11486  -72.42916     80.675     80.048    14.6219    35.7516      8.037    -0.0658 9.3484e-02  1026.9926    14.6098    26.6373     4.9713    151.324    8.15912  248.36006     60.929 -9.990e-29
   39.11486  -72.42916     80.679     80.052    14.6212    35.7512      8.037    -0.0658 9.3484e-02  1026.9922    14.6092    26.6371     4.9663    151.172    8.15917  248.36153     60.868 -9.990e-29
   39.11486  -72.42916     80.706     80.078    14.6208    35.7507      8.037    -0.0524 9.3484e-02  1026.9922    14.6088    26.6368     4.9713    151.324    8.15912  248.35976     60.929 -9.990e-29
   39.11486  -72.42916     80.700     80.073    14.6202    35.7503      8.037    -0.0658 9.3484e-02  1026.9920    14.6082    26.6366     4.9717    151.337    8.15902  248.35666     60.935 -9.990e-29
   39.11486  -72.42916     80.726     80.099    14.6193    35.7497      8.037    -0.0658 9.3484e-02  1026.9920    14.6073    26.6363     4.9672    151.198    8.15896  248.35464     60.880 -9.990e-29
   39.11486  -72.42916     80.731     80.103    14.6185    35.7488      8.037    -0.0524 9.3126e-02  1026.9914    14.6065    26.6359     4.9721    151.347    8.15885  248.35123     60.941 -9.990e-29
   39.11486  -72.42916     80.751     80.123    14.6181    35.7483      8.037    -0.0524 9.2413e-02  1026.9906    14.6061    26.6355     4.9724    151.358    8.15868  248.34586     60.946 -9.990e-29
   39.11486  -72.42916     80.757     80.129    14.6172    35.7483      8.037    -0.0658 9.2057e-02  1026.9909    14.6051    26.6355     4.9678    151.217    8.15854  248.34166     60.891 -9.990e-29
   39.11486  -72.42916     80.772     80.144    14.6166    35.7483      8.037    -0.0389 9.2413e-02  1026.9915    14.6045    26.6358     4.9676    151.211    8.15841  248.33763     60.889 -9.990e-29
   39.11486  -72.42916     80.778     80.150    14.6160    35.7487      8.037    -0.0255 9.3844e-02  1026.9920    14.6039    26.6363     4.9674    151.205    8.15827  248.33333     60.888 -9.990e-29
   39.11486  -72.42916     80.782     80.154    14.6154    35.7492      8.037    -0.0255 9.4983e-02  1026.9925    14.6034    26.6367     4.9673    151.201    8.15819  248.33124     60.887 -9.990e-29
   39.11486  -72.42916     80.798     80.170    14.6149    35.7496      8.037    -0.0255 9.5347e-02  1026.9928    14.6029    26.6372     4.9716    151.332    8.15814  248.32991     60.940 -9.990e-29
   39.11486  -72.42916     80.814     80.185    14.6142    35.7505      8.037    -0.0255 9.5347e-02  1026.9937    14.6022    26.6381     4.9720    151.345    8.15818  248.33127     60.945 -9.990e-29
   39.11486  -72.42916     80.808     80.180    14.6141    35.7519      8.037    -0.0255 9.5712e-02  1026.9952    14.6020    26.6392     4.9724    151.357    8.15820  248.33187     60.950 -9.990e-29
   39.11486  -72.42916     80.814     80.185    14.6143    35.7530      8.037    -0.0389 9.5712e-02  1026.9961    14.6022    26.6401     4.9728    151.369    8.15823  248.33301     60.954 -9.990e-29
   39.11486  -72.42916     80.833     80.204    14.6144    35.7538      8.037    -0.0255 9.4983e-02  1026.9966    14.6023    26.6406     4.9731    151.379    8.15824  248.33330     60.958 -9.990e-29
   39.11486  -72.42916     80.829     80.200    14.6146    35.7541      8.037    -0.0255 9.4983e-02  1026.9971    14.6025    26.6409     4.9734    151.388    8.15819  248.33160     60.962 -9.990e-29
   39.11486  -72.42916     80.833     80.204    14.6149    35.7541      8.037    -0.0255 9.4983e-02  1026.9970    14.6028    26.6409     4.9736    151.393    8.15805  248.32704     60.965 -9.990e-29
   39.11486  -72.42916     80.839     80.210    14.6153    35.7541      8.037    -0.0255 9.5712e-02  1026.9965    14.6032    26.6406     4.9738    151.400    8.15799  248.32542     60.969 -9.990e-29
   39.11486  -72.42916     80.833     80.204    14.6156    35.7538      8.037    -0.0255 9.6079e-02  1026.9965    14.6035    26.6404     4.9740    151.405    8.15784  248.32038     60.972 -9.990e-29
   39.11486  -72.42916     80.839     80.210    14.6160    35.7534      8.037    -0.0255 9.6079e-02  1026.9958    14.6039    26.6400     4.9741    151.408    8.15766  248.31500     60.974 -9.990e-29
   39.11486  -72.42916     80.844     80.215    14.6158    35.7530      8.037    -0.0255 9.4257e-02  1026.9956    14.6037    26.6397     4.9736    151.393    8.15744  248.30803     60.970 -9.990e-29
   39.11486  -72.42916     80.850     80.221    14.6158    35.7527      8.037    -0.0255 9.2818e-02  1026.9954    14.6037    26.6395     4.9736    151.394    8.15726  248.30303     60.971 -9.990e-29
   39.11486  -72.42916     80.844     80.215    14.6156    35.7525      8.037    -0.0255 9.2461e-02  1026.9953    14.6035    26.6393     4.9737    151.396    8.15716  248.29987     60.973 -9.990e-29
   39.11486  -72.42916     80.833     80.204    14.6155    35.7525      8.037    -0.0255 9.2461e-02  1026.9950    14.6034    26.6392     4.9737    151.398    8.15709  248.29774     60.974 -9.990e-29
   39.11486  -72.42916     80.850     80.221    14.6156    35.7525      8.037    -0.0255 9.2461e-02  1026.9951    14.6035    26.6392     4.9788    151.552    8.15705  248.29686     61.037 -9.990e-29
   39.11486  -72.42916     80.844     80.215    14.6153    35.7525      8.037    -0.0255 9.3231e-02  1026.9953    14.6032    26.6394     4.9743    151.416    8.15699  248.29473     60.982 -9.990e-29
