CalculateIndicators/WaterTemperature/Data/CTD_NYOS/20240708_C01.cnv
* Sea-Bird SBE 9 Data File:
* FileName = C:\Seabird 9 CTD\Data\2024\202407_offshore\20240708_C01.hex
* Software Version Seasave V 7.23.2
* Temperature SN = 4590
* Conductivity SN = 3228
* Number of Bytes Per Scan = 44
* Number of Voltage Words = 5
* Number of Scans Averaged by the Deck Unit = 1
* NMEA Latitude = 40 57.49 N
* NMEA Longitude = 073 35.06 W
* NMEA UTC (Time) = Jul 08 2024  01:30:50
* NMEA baud rate = 4800
** Ship: seawolf
** Station: LIS_ARIG
** Operator: TDK
# nquan = 18
# nvalues = 10701                       
# units = specified
# name 0 = latitude: Latitude [deg]
# name 1 = longitude: Longitude [deg]
# name 2 = prDM: Pressure, Digiquartz [db]
# name 3 = depSM: Depth [salt water, m]
# name 4 = t090C: Temperature [ITS-90, deg C]
# name 5 = sal00: Salinity, Practical [PSU]
# name 6 = ph: pH
# name 7 = flECO-AFL: Fluorescence, WET Labs ECO-AFL/FL [mg/m^3]
# name 8 = cpar: CPAR/Corrected Irradiance [%]
# name 9 = density00: Density [density, kg/m^3]
# name 10 = potemp090C: Potential Temperature [ITS-90, deg C]
# name 11 = sigma-é00: Density [sigma-theta, kg/m^3]
# name 12 = sbeox0Mg/L: Oxygen, SBE 43 [mg/l]
# name 13 = sbox0Mm/Kg: Oxygen, SBE 43 [umol/kg]
# name 14 = oxsolMg/L: Oxygen Saturation, Garcia & Gordon [mg/l]
# name 15 = oxsolMm/Kg: Oxygen Saturation, Garcia & Gordon [umol/kg]
# name 16 = sbeox0PS: Oxygen, SBE 43 [% saturation]
# name 17 = flag:  0.000e+00
# span 0 =   40.95722,   40.95826       
# span 1 =  -73.58622,  -73.58432       
# span 2 =      1.828,     14.090       
# span 3 =      1.814,     13.980       
# span 4 =    16.8502,    22.6086       
# span 5 =    25.1261,    26.3013       
# span 6 =      7.501,      8.103       
# span 7 =     1.6265,     3.5471       
# span 8 = 2.5320e-11, 9.9999e+04       
# span 9 =  1016.7457,  1018.9404       
# span 10 =    16.8486,    22.6082      
# span 11 =    16.7388,    18.8781      
# span 12 =     3.1465,    10.2131      
# span 13 =     96.513,    313.805      
# span 14 =    7.46356,    8.27729      
# span 15 =  229.39985,  253.90780      
# span 16 =     38.046,    134.711      
# span 17 = 0.0000e+00, 0.0000e+00      
# interval = seconds: 0.0416667
# start_time = Jul 08 2024 01:30:53 [System UTC, first data scan.]
# bad_flag = -9.990e-29
*END*
[from data line 7558]
   40.95752  -73.58566      2.052      2.036    22.2091    25.3619      7.931     2.0160 4.8138e+01  1016.8658    22.2087    16.8565     9.8147    301.614    7.52156  231.14372    130.487 -9.990e-29
   40.95752  -73.58566      2.061      2.045    22.2147    25.3529      7.931     2.0160 5.3872e+01  1016.8556    22.2143    16.8491     9.8084    301.422    7.52184  231.15258    130.400 -9.990e-29
   40.95752  -73.58566      2.061      2.045    22.2163    25.3529      7.931     2.0294 5.5192e+01  1016.8500    22.2159    16.8462     9.8065    301.361    7.52222  231.16415    130.367 -9.990e-29
   40.95752  -73.58566      2.061      2.045    22.2060    25.3529      7.931     2.0160 5.5192e+01  1016.8554    22.2056    16.8521     9.8005    301.179    7.52261  231.17652    130.281 -9.990e-29
   40.95752  -73.58566      2.063      2.047    22.1858    25.3677      7.931     2.0160 2.7763e+01  1016.8728    22.1854    16.8679     9.7946    300.999    7.52268  231.17918    130.201 -9.990e-29
   40.95752  -73.58566      2.061      2.045    22.1630    25.3911      7.931     2.0160 5.5359e+01  1016.8985    22.1626    16.8910     9.7874    300.776    7.52211  231.16244    130.115 -9.990e-29
   40.95752  -73.58566      2.072      2.056    22.1426    25.4183      7.931     2.0294 5.1632e+01  1016.9273    22.1422    16.9166     9.7803    300.560    7.52164  231.14818    130.029 -9.990e-29
   40.95752  -73.58566      2.061      2.045    22.1265    25.4430      7.931     2.0160 4.4179e+01  1016.9528    22.1261    16.9389     9.7787    300.509    7.52155  231.14514    130.009 -9.990e-29
   40.95752  -73.58566      2.072      2.056    22.1210    25.4597      7.931     2.0160 4.2052e+01  1016.9676    22.1206    16.9526     9.7729    300.330    7.52157  231.14556    129.931 -9.990e-29
   40.95752  -73.58566      2.063      2.047    22.1298    25.4597      7.931     2.0294 4.3638e+01  1016.9697    22.1294    16.9556     9.7672    300.158    7.52161  231.14748    129.856 -9.990e-29
   40.95752  -73.58566      2.072      2.056    22.1506    25.4597      7.931     2.0160 2.4664e+01  1016.9616    22.1502    16.9489     9.7620    299.996    7.52182  231.15391    129.782 -9.990e-29
   40.95752  -73.58566      2.082      2.066    22.1771    25.4546      7.931     2.0160 5.1632e+01  1016.9467    22.1767    16.9349     9.7616    299.983    7.52228  231.16707    129.769 -9.990e-29
   40.95752  -73.58566      2.072      2.056    22.2069    25.4390      7.931     2.0160 5.1789e+01  1016.9271    22.2065    16.9154     9.7572    299.847    7.52297  231.18685    129.699 -9.990e-29
   40.95752  -73.58566      2.072      2.056    22.2399    25.4182      7.931     2.0160 2.6450e+01  1016.9016    22.2395    16.8915     9.7529    299.711    7.52353  231.20211    129.632 -9.990e-29
   40.95752  -73.58566      2.072      2.056    22.2713    25.3946      7.931     2.0160 2.6692e+01  1016.8731    22.2709    16.8665     9.7472    299.536    7.52287  231.18107    129.568 -9.990e-29
   40.95752  -73.58566      2.082      2.066    22.2910    25.3728      7.931     2.0160 2.6450e+01  1016.8495    22.2906    16.8458     9.7445    299.453    7.52115  231.12933    129.561 -9.990e-29
   40.95752  -73.58566      2.072      2.056    22.2886    25.3568      7.935     2.0160 4.6261e+01  1016.8378    22.2882    16.8339     9.7330    299.103    7.51928  231.07480    129.440 -9.990e-29
   40.95752  -73.58566      2.082      2.066    22.2683    25.3473      7.936     2.0294 4.2838e+01  1016.8371    22.2679    16.8308     9.7311    299.050    7.51823  231.04518    129.434 -9.990e-29
   40.95752  -73.58566      2.072      2.056    22.2428    25.3466      7.931     2.0160 4.2575e+01  1016.8411    22.2425    16.8338     9.7307    299.039    7.51819  231.04480    129.429 -9.990e-29
   40.95752  -73.58566      2.082      2.066    22.2169    25.3466      7.931     2.0429 4.3370e+01  1016.8481    22.2165    16.8404     9.7277    298.945    7.51923  231.07513    129.371 -9.990e-29
   40.95752  -73.58566      2.072      2.056    22.1923    25.3466      7.936     2.0966 4.3908e+01  1016.8580    22.1920    16.8493     9.7253    298.870    7.52055  231.11491    129.316 -9.990e-29
   40.95752  -73.58566      2.082      2.066    22.1717    25.3524      7.931     2.1234 4.3908e+01  1016.8682    22.1713    16.8591     9.7271    298.925    7.52182  231.15428    129.319 -9.990e-29
   40.95752  -73.58566      2.082      2.066    22.1547    25.3594      7.936     2.1234 4.9629e+01  1016.8783    22.1543    16.8690     9.7254    298.873    7.52366  231.21078    129.264 -9.990e-29
   40.95752  -73.58566      2.082      2.066    22.1419    25.3669      7.936     2.1234 5.5695e+01  1016.8881    22.1415    16.8782     9.7243    298.837    7.52583  231.27661    129.212 -9.990e-29
   40.95752  -73.58566      2.072      2.056    22.1327    25.3739      7.936     2.1234 5.7056e+01  1016.8955    22.1323    16.8862     9.7272    298.925    7.52782  231.33605    129.217 -9.990e-29
   40.95752  -73.58566      2.082      2.066    22.1245    25.3803      7.931     2.1234 5.1319e+01  1016.9031    22.1241    16.8932     9.7256    298.875    7.52962  231.38984    129.165 -9.990e-29
   40.95752  -73.58566      2.072      2.056    22.1180    25.3852      7.931     2.1234 4.4725e+01  1016.9090    22.1176    16.8987     9.7285    298.960    7.53120  231.43767    129.175 -9.990e-29
   40.95752  -73.58566      2.082      2.066    22.1133    25.3878      7.936     2.1234 2.1618e+01  1016.9119    22.1130    16.9019     9.7311    299.042    7.53253  231.47811    129.188 -9.990e-29
   40.95752  -73.58566      2.082      2.066    22.1103    25.3887      7.936     2.1234 4.8138e+01  1016.9125    22.1099    16.9035     9.7293    298.986    7.53336  231.50362    129.150 -9.990e-29
   40.95752  -73.58566      2.072      2.056    22.1080    25.3892      7.936     2.1234 5.8802e+01  1016.9137    22.1076    16.9046     9.7310    299.037    7.53355  231.50965    129.168 -9.990e-29
   40.95752  -73.58566      2.082      2.066    22.1064    25.3892      7.936     2.1234 6.2444e+01  1016.9148    22.1060    16.9052     9.7281    298.949    7.53351  231.50810    129.131 -9.990e-29
   40.95752  -73.58566      2.082      2.066    22.1057    25.3892      7.931     2.1234 5.6713e+01  1016.9149    22.1053    16.9048     9.7303    299.016    7.53360  231.50981    129.159 -9.990e-29
   40.95752  -73.58566      2.072      2.056    22.1080    25.3870      7.936     2.1234 4.2971e+01  1016.9124    22.1076    16.9025     9.7278    298.938    7.53359  231.50860    129.126 -9.990e-29
   40.95752  -73.58566      2.082      2.066    22.1130    25.3836      7.936     2.1234 3.8794e+01  1016.9083    22.1126    16.8988     9.7337    299.117    7.53329  231.49883    129.209 -9.990e-29
   40.95752  -73.58566      2.082      2.066    22.1190    25.3805      7.936     2.1234 3.9648e+01  1016.9029    22.1186    16.8950     9.7313    299.043    7.53280  231.48395    129.185 -9.990e-29
   40.95752  -73.58566      2.072      2.056    22.1242    25.3805      7.936     2.1234 4.4315e+01  1016.9003    22.1238    16.8928     9.7327    299.086    7.53223  231.46667    129.214 -9.990e-29
   40.95752  -73.58566      2.082      2.066    22.1270    25.3805      7.931     2.1234 4.6545e+01  1016.9008    22.1266    16.8934     9.7341    299.132    7.53162  231.44865    129.243 -9.990e-29
   40.95752  -73.58566      2.082      2.066    22.1261    25.3847      7.936     2.1234 4.6975e+01  1016.9049    22.1257    16.8966     9.7358    299.186    7.53110  231.43404    129.275 -9.990e-29
   40.95752  -73.58566      2.082      2.066    22.1243    25.3906      7.936     2.1234 5.0698e+01  1016.9101    22.1239    16.9015     9.7334    299.113    7.53075  231.42429    129.249 -9.990e-29
   40.95752  -73.58566      2.072      2.056    22.1206    25.3971      7.936     2.1234 5.2901e+01  1016.9162    22.1202    16.9072     9.7397    299.307    7.53052  231.41733    129.337 -9.990e-29
   40.95752  -73.58566      2.082      2.066    22.1155    25.4035      7.931     2.1234 5.3062e+01  1016.9225    22.1151    16.9131     9.7378    299.250    7.53047  231.41577    129.313 -9.990e-29
   40.95752  -73.58566      2.082      2.066    22.1128    25.4097      7.936     2.1234 4.9478e+01  1016.9281    22.1125    16.9180     9.7404    299.327    7.53061  231.41992    129.343 -9.990e-29
   40.95752  -73.58566      2.072      2.056    22.1174    25.4151      7.936     2.1234 2.3704e+01  1016.9312    22.1170    16.9211     9.7429    299.406    7.53076  231.42465    129.375 -9.990e-29
   40.95752  -73.58566      2.072      2.056    22.1261    25.4193      7.936     2.1234 4.6975e+01  1016.9321    22.1257    16.9222     9.7412    299.351    7.53093  231.42957    129.349 -9.990e-29
   40.95752  -73.58566      2.082      2.066    22.1366    25.4194      7.936     2.0966 4.8433e+01  1016.9314    22.1362    16.9214     9.7432    299.413    7.53085  231.42738    129.377 -9.990e-29
   40.95752  -73.58568      2.072      2.056    22.1476    25.4194      7.936     2.0697 4.9629e+01  1016.9287    22.1472    16.9190     9.7450    299.470    7.53060  231.41945    129.406 -9.990e-29
   40.95752  -73.58568      2.072      2.056    22.1547    25.4194      7.936     2.0697 4.9781e+01  1016.9245    22.1543    16.9153     9.7470    299.530    7.53017  231.40586    129.439 -9.990e-29
   40.95752  -73.58568      2.072      2.056    22.1582    25.4157      7.936     2.0697 2.4815e+01  1016.9197    22.1578    16.9115     9.7448    299.461    7.52988  231.39642    129.415 -9.990e-29
   40.95752  -73.58568      2.072      2.056    22.1593    25.4128      7.936     2.0697 2.4739e+01  1016.9170    22.1589    16.9090     9.7512    299.659    7.52973  231.39162    129.503 -9.990e-29
   40.95752  -73.58568      2.072      2.056    22.1575    25.4110      7.936     2.0832 2.4739e+01  1016.9168    22.1571    16.9078     9.7490    299.592    7.52950  231.38450    129.478 -9.990e-29
   40.95752  -73.58568      2.061      2.045    22.1552    25.4094      7.936     2.0832 4.8878e+01  1016.9163    22.1548    16.9072     9.7507    299.642    7.52904  231.37076    129.507 -9.990e-29
   40.95752  -73.58568      2.072      2.056    22.1529    25.4075      7.936     2.0697 2.3777e+01  1016.9156    22.1525    16.9060     9.7481    299.565    7.52854  231.35573    129.482 -9.990e-29
   40.95752  -73.58568      2.061      2.045    22.1533    25.4053      7.936     2.0697 2.3632e+01  1016.9134    22.1529    16.9041     9.7498    299.617    7.52819  231.34491    129.511 -9.990e-29
   40.95752  -73.58568      2.061      2.045    22.1583    25.4037      7.936     2.0832 4.8433e+01  1016.9101    22.1579    16.9020     9.7515    299.667    7.52781  231.33280    129.539 -9.990e-29
   40.95752  -73.58568      2.063      2.047    22.1618    25.4035      7.936     2.0832 5.1789e+01  1016.9090    22.1614    16.9010     9.7486    299.579    7.52741  231.31946    129.509 -9.990e-29
   40.95752  -73.58568      2.061      2.045    22.1618    25.4035      7.936     2.0832 5.2901e+01  1016.9105    22.1614    16.9012     9.7499    299.615    7.52704  231.30714    129.531 -9.990e-29
   40.95752  -73.58568      2.052      2.036    22.1614    25.4030      7.936     2.0832 5.2104e+01  1016.9111    22.1610    16.9010     9.7513    299.657    7.52658  231.29241    129.558 -9.990e-29
   40.95752  -73.58568      2.061      2.045    22.1623    25.4035      7.936     2.0697 4.8878e+01  1016.9081    22.1619    16.9000     9.7484    299.567    7.52625  231.28126    129.525 -9.990e-29
   40.95752  -73.58568      2.061      2.045    22.1613    25.4035      7.936     2.0697 4.7699e+01  1016.9074    22.1609    16.9005     9.7499    299.612    7.52625  231.27994    129.545 -9.990e-29
   40.95752  -73.58568      2.063      2.047    22.1566    25.4053      7.936     2.0697 4.7991e+01  1016.9117    22.1562    16.9040     9.7513    299.655    7.52623  231.27820    129.565 -9.990e-29
   40.95752  -73.58568      2.052      2.036    22.1494    25.4111      7.936     2.0832 2.5195e+01  1016.9186    22.1490    16.9099     9.7480    299.553    7.52574  231.26258    129.529 -9.990e-29
   40.95752  -73.58568      2.061      2.046    22.1426    25.4175      7.941     2.0832 5.1789e+01  1016.9267    22.1422    16.9156     9.7523    299.686    7.52458  231.22808    129.606 -9.990e-29
   40.95752  -73.58568      2.061      2.046    22.1456    25.4175      7.936     2.0697 5.1632e+01  1016.9302    22.1452    16.9174     9.7472    299.531    7.52278  231.17562    129.569 -9.990e-29
   40.95752  -73.58568      2.052      2.036    22.1589    25.4175      7.941     2.0697 4.9028e+01  1016.9250    22.1586    16.9129     9.7416    299.365    7.52093  231.12252    129.526 -9.990e-29
   40.95752  -73.58568      2.063      2.047    22.1762    25.4113      7.936     2.0697 2.3777e+01  1016.9121    22.1758    16.9037     9.7404    299.331    7.51914  231.07108    129.541 -9.990e-29
   40.95752  -73.58568      2.061      2.046    22.1875    25.4034      7.936     2.0832 4.7408e+01  1016.9005    22.1872    16.8953     9.7391    299.298    7.51771  231.02995    129.549 -9.990e-29
   40.95752  -73.58568      2.061      2.046    22.1888    25.4014      7.936     2.0832 4.9028e+01  1016.8977    22.1884    16.8925     9.7393    299.305    7.51723  231.01622    129.560 -9.990e-29
   40.95752  -73.58568      2.061      2.046    22.1794    25.4012      7.941     2.0832 2.5195e+01  1016.9045    22.1790    16.8948     9.7363    299.211    7.51752  231.02421    129.515 -9.990e-29
   40.95752  -73.58568      2.061      2.046    22.1693    25.4002      7.936     2.0429 5.0698e+01  1016.9081    22.1689    16.8973     9.7374    299.244    7.51795  231.03637    129.522 -9.990e-29
   40.95752  -73.58568      2.063      2.047    22.1616    25.3989      7.936     2.0026 5.1008e+01  1016.9064    22.1612    16.8980     9.7383    299.270    7.51829  231.04608    129.528 -9.990e-29
   40.95752  -73.58568      2.072      2.056    22.1494    25.3984      7.941     1.9891 2.5738e+01  1016.9068    22.1490    16.8993     9.7342    299.143    7.51801  231.03696    129.478 -9.990e-29
   40.95752  -73.58568      2.062      2.046    22.1336    25.3984      7.936     1.9891 5.1632e+01  1016.9107    22.1332    16.9030     9.7334    299.119    7.51722  231.01338    129.481 -9.990e-29
   40.95752  -73.58568      2.072      2.056    22.1178    25.3984      7.941     2.0026 2.5582e+01  1016.9179    22.1174    16.9087     9.7323    299.085    7.51631  230.98629    129.482 -9.990e-29
   40.95752  -73.58568      2.062      2.046    22.1034    25.4009      7.941     1.9891 5.0391e+01  1016.9244    22.1030    16.9143     9.7314    299.061    7.51546  230.96101    129.486 -9.990e-29
   40.95752  -73.58568      2.072      2.056    22.0915    25.4009      7.936     1.9891 2.5119e+01  1016.9283    22.0912    16.9182     9.7307    299.038    7.51477  230.94075    129.487 -9.990e-29
   40.95752  -73.58568      2.073      2.056    22.0822    25.4009      7.941     1.9891 4.8285e+01  1016.9300    22.0818    16.9201     9.7306    299.037    7.51454  230.93373    129.491 -9.990e-29
   40.95752  -73.58568      2.073      2.056    22.0768    25.4013      7.941     1.9891 4.4451e+01  1016.9297    22.0765    16.9206     9.7312    299.054    7.51460  230.93554    129.497 -9.990e-29
   40.95752  -73.58568      2.073      2.056    22.0758    25.4013      7.941     2.0026 4.3103e+01  1016.9291    22.0754    16.9209     9.7312    299.055    7.51442  230.93004    129.500 -9.990e-29
   40.95752  -73.58568      2.082      2.066    22.0756    25.4013      7.941     1.9891 4.3908e+01  1016.9304    22.0752    16.9225     9.7310    299.051    7.51393  230.91537    129.507 -9.990e-29
   40.95752  -73.58568      2.073      2.056    22.0735    25.4050      7.941     1.9891 4.6975e+01  1016.9344    22.0731    16.9256     9.7305    299.034    7.51326  230.89556    129.511 -9.990e-29
