CalculateIndicators/WaterTemperature/Data/CTD_NYOS/20240709_C15.cnv
* Sea-Bird SBE 9 Data File:
* FileName = C:\Seabird 9 CTD\Data\2024\202407_offshore\20240709_C15.hex
* Software Version Seasave V 7.23.2
* Temperature SN = 4590
* Conductivity SN = 3228
* Number of Bytes Per Scan = 44
* Number of Voltage Words = 5
* Number of Scans Averaged by the Deck Unit = 1
* NMEA Latitude = 39 46.55 N
* NMEA Longitude = 072 23.36 W
* NMEA UTC (Time) = Jul 09 2024  22:19:42
* NMEA baud rate = 4800
** Ship: seawolf
** Station: 9.5
** Operator: TDK
# nquan = 18
# nvalues = 20774                       
# units = specified
# name 0 = latitude: Latitude [deg]
# name 1 = longitude: Longitude [deg]
# name 2 = prDM: Pressure, Digiquartz [db]
# name 3 = depSM: Depth [salt water, m]
# name 4 = t090C: Temperature [ITS-90, deg C]
# name 5 = sal00: Salinity, Practical [PSU]
# name 6 = ph: pH
# name 7 = flECO-AFL: Fluorescence, WET Labs ECO-AFL/FL [mg/m^3]
# name 8 = cpar: CPAR/Corrected Irradiance [%]
# name 9 = density00: Density [density, kg/m^3]
# name 10 = potemp090C: Potential Temperature [ITS-90, deg C]
# name 11 = sigma-é00: Density [sigma-theta, kg/m^3]
# name 12 = sbeox0Mg/L: Oxygen, SBE 43 [mg/l]
# name 13 = sbox0Mm/Kg: Oxygen, SBE 43 [umol/kg]
# name 14 = oxsolMg/L: Oxygen Saturation, Garcia & Gordon [mg/l]
# name 15 = oxsolMm/Kg: Oxygen Saturation, Garcia & Gordon [umol/kg]
# name 16 = sbeox0PS: Oxygen, SBE 43 [% saturation]
# name 17 = flag:  0.000e+00
# span 0 =   39.77582,   39.77714       
# span 1 =  -72.38942,  -72.38912       
# span 2 =      1.813,     80.980       
# span 3 =      1.799,     80.345       
# span 4 =     7.3807,    24.8768       
# span 5 =    30.0579,    34.3150       
# span 6 =      7.977,      8.262       
# span 7 =    -0.0658,     1.3310       
# span 8 = 9.2073e-14, 9.8912e+01       
# span 9 =  1019.6975,  1026.0982       
# span 10 =     7.3764,    24.8763      
# span 11 =    19.7272,    25.7330      
# span 12 =     6.9643,    10.2620      
# span 13 =    212.810,    313.008      
# span 14 =    6.96283,    9.71712      
# span 15 =  213.33220,  296.12304      
# span 16 =     79.595,    118.080      
# span 17 = 0.0000e+00, 0.0000e+00      
# interval = seconds: 0.0416667
# start_time = Jul 09 2024 22:19:44 [System UTC, first data scan.]
# bad_flag = -9.990e-29
*END*
[from data line 724]
   39.77596  -72.38942      2.330      2.312    24.8541    30.4803 -9.990e-29     0.3103 3.3379e+01  1019.9832    24.8536    19.9733     7.3091    223.940    6.96544  213.41039    104.934 -9.990e-29
   39.77596  -72.38942      2.341      2.323    24.8539    30.4802 -9.990e-29     0.3103 3.5422e+01  1019.9833    24.8534    19.9732     7.3087    223.927    6.96542  213.40976    104.928 -9.990e-29
   39.77596  -72.38942      2.341      2.323    24.8539    30.4802 -9.990e-29     0.3103 3.6927e+01  1019.9831    24.8534    19.9732     7.3079    223.902    6.96535  213.40751    104.918 -9.990e-29
   39.77596  -72.38942      2.341      2.323    24.8539    30.4802 -9.990e-29     0.3103 3.8640e+01  1019.9833    24.8534    19.9732     7.3074    223.886    6.96528  213.40545    104.911 -9.990e-29
   39.77596  -72.38942      2.341      2.323    24.8540    30.4802 -9.990e-29     0.3103 3.9971e+01  1019.9832    24.8535    19.9733     7.3068    223.869    6.96520  213.40283    104.905 -9.990e-29
   39.77596  -72.38942      2.341      2.323    24.8537    30.4802 -9.990e-29     0.3103 3.8369e+01  1019.9835    24.8532    19.9733     7.3062    223.852    6.96511  213.40005    104.898 -9.990e-29
   39.77596  -72.38942      2.351      2.333    24.8537    30.4802 -9.990e-29     0.3103 3.7664e+01  1019.9834    24.8532    19.9733     7.3057    223.834    6.96501  213.39719    104.891 -9.990e-29
   39.77596  -72.38942      2.341      2.323    24.8537    30.4802 -9.990e-29     0.3237 3.7903e+01  1019.9832    24.8532    19.9733     7.3051    223.818    6.96496  213.39581    104.884 -9.990e-29
   39.77596  -72.38942      2.351      2.333    24.8534    30.4802 -9.990e-29     0.3103 3.7877e+01  1019.9834    24.8529    19.9734     7.3045    223.799    6.96486  213.39254    104.876 -9.990e-29
   39.77596  -72.38942      2.351      2.333    24.8535    30.4803 -9.990e-29     0.3103 3.6437e+01  1019.9836    24.8530    19.9734     7.3041    223.786    6.96470  213.38756    104.873 -9.990e-29
   39.77596  -72.38942      2.341      2.323    24.8534    30.4803 -9.990e-29     0.3103 3.3786e+01  1019.9834    24.8529    19.9734     7.3077    223.897    6.96449  213.38114    104.928 -9.990e-29
   39.77596  -72.38942      2.351      2.333    24.8534    30.4803 -9.990e-29     0.3103 3.2294e+01  1019.9835    24.8529    19.9735     7.3035    223.767    6.96427  213.37440    104.871 -9.990e-29
   39.77596  -72.38942      2.351      2.333    24.8532    30.4804 -9.990e-29     0.3103 3.0892e+01  1019.9837    24.8527    19.9737     7.3031    223.755    6.96411  213.36995    104.867 -9.990e-29
   39.77596  -72.38942      2.351      2.333    24.8530    30.4806 -9.990e-29     0.3103 2.9456e+01  1019.9840    24.8525    19.9738     7.3067    223.867    6.96396  213.36553    104.922 -9.990e-29
   39.77596  -72.38942      2.351      2.333    24.8531    30.4807 -9.990e-29     0.3103 2.7995e+01  1019.9840    24.8526    19.9738     7.3026    223.740    6.96383  213.36153    104.864 -9.990e-29
   39.77596  -72.38942      2.351      2.333    24.8534    30.4807 -9.990e-29     0.3103 2.6833e+01  1019.9836    24.8529    19.9737     7.3062    223.853    6.96372  213.35850    104.919 -9.990e-29
   39.77596  -72.38942      2.362      2.344    24.8534    30.4807 -9.990e-29     0.3103 2.6307e+01  1019.9841    24.8529    19.9738     7.3066    223.863    6.96371  213.35855    104.923 -9.990e-29
   39.77596  -72.38942      2.351      2.333    24.8535    30.4806 -9.990e-29     0.3103 2.6895e+01  1019.9839    24.8531    19.9738     7.3068    223.872    6.96368  213.35792    104.928 -9.990e-29
   39.77596  -72.38942      2.360      2.342    24.8535    30.4805 -9.990e-29     0.3103 2.7998e+01  1019.9837    24.8530    19.9736     7.3072    223.884    6.96374  213.35991    104.932 -9.990e-29
   39.77596  -72.38942      2.351      2.333    24.8537    30.4803 -9.990e-29     0.3103 2.8405e+01  1019.9834    24.8532    19.9734     7.3032    223.761    6.96378  213.36120    104.875 -9.990e-29
   39.77596  -72.38942      2.371      2.353    24.8535    30.4803 -9.990e-29     0.3237 2.9632e+01  1019.9835    24.8530    19.9733     7.3033    223.764    6.96384  213.36332    104.875 -9.990e-29
   39.77596  -72.38942      2.362      2.344    24.8539    30.4803 -9.990e-29     0.3103 3.2427e+01  1019.9833    24.8534    19.9734     7.3072    223.885    6.96397  213.36726    104.929 -9.990e-29
   39.77596  -72.38942      2.360      2.342    24.8537    30.4802 -9.990e-29     0.3237 3.4235e+01  1019.9837    24.8532    19.9734     7.3077    223.898    6.96410  213.37107    104.934 -9.990e-29
   39.77596  -72.38942      2.360      2.342    24.8537    30.4801 -9.990e-29     0.3103 3.5555e+01  1019.9832    24.8532    19.9733     7.3081    223.911    6.96420  213.37379    104.938 -9.990e-29
   39.77596  -72.38942      2.371      2.353    24.8537    30.4801 -9.990e-29     0.3103 3.7162e+01  1019.9834    24.8532    19.9732     7.3082    223.912    6.96424  213.37484    104.938 -9.990e-29
   39.77596  -72.38942      2.362      2.344    24.8537    30.4801 -9.990e-29     0.3371 3.8794e+01  1019.9833    24.8532    19.9732     7.3085    223.923    6.96430  213.37653    104.943 -9.990e-29
   39.77596  -72.38942      2.381      2.363    24.8535    30.4801 -9.990e-29     0.3505 3.9786e+01  1019.9835    24.8530    19.9732     7.3089    223.934    6.96433  213.37757    104.947 -9.990e-29
   39.77596  -72.38942      2.371      2.353    24.8537    30.4802 -9.990e-29     0.3640 3.7473e+01  1019.9834    24.8532    19.9733     7.3092    223.944    6.96438  213.37906    104.951 -9.990e-29
   39.77596  -72.38942      2.360      2.342    24.8537    30.4803 -9.990e-29     0.3505 3.7280e+01  1019.9835    24.8532    19.9733     7.3096    223.956    6.96447  213.38202    104.956 -9.990e-29
   39.77596  -72.38942      2.381      2.363    24.8538    30.4803 -9.990e-29     0.3505 3.8311e+01  1019.9835    24.8533    19.9733     7.3097    223.959    6.96453  213.38385    104.956 -9.990e-29
   39.77596  -72.38942      2.360      2.342    24.8539    30.4803 -9.990e-29     0.3640 3.7360e+01  1019.9834    24.8534    19.9733     7.3097    223.960    6.96458  213.38518    104.956 -9.990e-29
   39.77596  -72.38942      2.371      2.353    24.8539    30.4802 -9.990e-29     0.3505 3.7074e+01  1019.9835    24.8534    19.9733     7.3141    224.094    6.96463  213.38667    105.018 -9.990e-29
   39.77596  -72.38942      2.371      2.353    24.8539    30.4802 -9.990e-29     0.3505 3.7755e+01  1019.9835    24.8534    19.9732     7.3147    224.112    6.96467  213.38787    105.026 -9.990e-29
   39.77596  -72.38942      2.371      2.353    24.8542    30.4802 -9.990e-29     0.3505 3.6645e+01  1019.9833    24.8537    19.9731     7.3109    223.997    6.96472  213.38943    104.971 -9.990e-29
   39.77596  -72.38942      2.360      2.342    24.8542    30.4800 -9.990e-29     0.3505 3.5979e+01  1019.9832    24.8537    19.9730     7.3112    224.006    6.96477  213.39073    104.974 -9.990e-29
   39.77596  -72.38942      2.371      2.353    24.8542    30.4799 -9.990e-29     0.3505 3.6114e+01  1019.9830    24.8537    19.9729     7.3115    224.015    6.96483  213.39279    104.978 -9.990e-29
   39.77596  -72.38942      2.360      2.342    24.8542    30.4799 -9.990e-29     0.3505 3.9555e+01  1019.9830    24.8537    19.9728     7.3119    224.025    6.96491  213.39494    104.981 -9.990e-29
   39.77596  -72.38942      2.362      2.344    24.8546    30.4799 -9.990e-29     0.3505 4.2947e+01  1019.9828    24.8541    19.9728     7.3122    224.034    6.96496  213.39645    104.985 -9.990e-29
   39.77596  -72.38942      2.360      2.342    24.8542    30.4800 -9.990e-29     0.3505 4.3834e+01  1019.9831    24.8537    19.9729     7.3122    224.034    6.96502  213.39819    104.984 -9.990e-29
   39.77596  -72.38942      2.360      2.342    24.8542    30.4800 -9.990e-29     0.3505 4.6018e+01  1019.9831    24.8537    19.9731     7.3124    224.041    6.96502  213.39819    104.988 -9.990e-29
   39.77596  -72.38942      2.351      2.333    24.8541    30.4801 -9.990e-29     0.3505 4.8838e+01  1019.9832    24.8536    19.9732     7.3124    224.040    6.96503  213.39839    104.987 -9.990e-29
   39.77596  -72.38942      2.362      2.344    24.8541    30.4801 -9.990e-29     0.3505 4.9690e+01  1019.9833    24.8536    19.9732     7.3123    224.038    6.96505  213.39896    104.986 -9.990e-29
   39.77596  -72.38942      2.360      2.342    24.8539    30.4801 -9.990e-29     0.3640 4.9273e+01  1019.9834    24.8534    19.9732     7.3123    224.037    6.96508  213.39974    104.985 -9.990e-29
   39.77596  -72.38942      2.341      2.323    24.8539    30.4801 -9.990e-29     0.3505 4.8564e+01  1019.9831    24.8534    19.9731     7.3121    224.033    6.96506  213.39907    104.983 -9.990e-29
   39.77596  -72.38942      2.351      2.333    24.8538    30.4801 -9.990e-29     0.3640 4.7657e+01  1019.9832    24.8533    19.9731     7.3082    223.914    6.96504  213.39853    104.928 -9.990e-29
   39.77596  -72.38942      2.351      2.333    24.8537    30.4801 -9.990e-29     0.3505 4.4694e+01  1019.9832    24.8532    19.9732     7.3082    223.912    6.96504  213.39853    104.926 -9.990e-29
   39.77596  -72.38942      2.330      2.312    24.8535    30.4802 -9.990e-29     0.3505 3.9858e+01  1019.9833    24.8531    19.9734     7.3119    224.025    6.96505  213.39893    104.979 -9.990e-29
   39.77596  -72.38942      2.341      2.323    24.8535    30.4805 -9.990e-29     0.3505 3.6056e+01  1019.9837    24.8531    19.9736     7.3077    223.897    6.96504  213.39863    104.920 -9.990e-29
   39.77596  -72.38942      2.330      2.312    24.8537    30.4809 -9.990e-29     0.3505 3.3457e+01  1019.9837    24.8532    19.9739     7.3073    223.886    6.96501  213.39776    104.915 -9.990e-29
   39.77596  -72.38942      2.330      2.312    24.8535    30.4813 -9.990e-29     0.3371 3.2208e+01  1019.9843    24.8531    19.9741     7.3070    223.874    6.96503  213.39810    104.909 -9.990e-29
   39.77596  -72.38942      2.321      2.303    24.8541    30.4817 -9.990e-29     0.3237 3.1351e+01  1019.9843    24.8536    19.9743     7.3066    223.864    6.96505  213.39879    104.904 -9.990e-29
   39.77596  -72.38942      2.310      2.292    24.8544    30.4820 -9.990e-29     0.3237 3.0545e+01  1019.9845    24.8539    19.9744     7.3103    223.976    6.96504  213.39853    104.957 -9.990e-29
   39.77596  -72.38942      2.310      2.292    24.8552    30.4821 -9.990e-29     0.3237 2.9708e+01  1019.9843    24.8547    19.9744     7.3062    223.850    6.96506  213.39929    104.897 -9.990e-29
   39.77596  -72.38942      2.300      2.282    24.8558    30.4822 -9.990e-29     0.3237 2.9241e+01  1019.9842    24.8553    19.9742     7.3057    223.837    6.96504  213.39857    104.891 -9.990e-29
   39.77596  -72.38942      2.290      2.273    24.8568    30.4822 -9.990e-29     0.3237 2.9145e+01  1019.9836    24.8563    19.9739     7.3013    223.702    6.96507  213.39957    104.828 -9.990e-29
   39.77596  -72.38942      2.290      2.273    24.8573    30.4823 -9.990e-29     0.3237 3.1698e+01  1019.9832    24.8568    19.9738     7.3047    223.806    6.96509  213.40007    104.876 -9.990e-29
   39.77596  -72.38942      2.279      2.262    24.8579    30.4829 -9.990e-29     0.3237 3.3398e+01  1019.9837    24.8574    19.9741     7.3044    223.797    6.96513  213.40150    104.871 -9.990e-29
   39.77596  -72.38942      2.270      2.252    24.8586    30.4840 -9.990e-29     0.3237 3.3546e+01  1019.9847    24.8581    19.9747     7.3000    223.661    6.96515  213.40212    104.807 -9.990e-29
   39.77596  -72.38942      2.270      2.252    24.8600    30.4840 -9.990e-29     0.3237 3.3954e+01  1019.9849    24.8595    19.9748     7.3034    223.767    6.96518  213.40293    104.856 -9.990e-29
   39.77596  -72.38942      2.249      2.232    24.8620    30.4840 -9.990e-29     0.3237 3.4463e+01  1019.9841    24.8615    19.9742     7.2994    223.641    6.96521  213.40389    104.797 -9.990e-29
   39.77596  -72.38942      2.249      2.232    24.8636    30.4840 -9.990e-29     0.3237 3.4492e+01  1019.9828    24.8631    19.9732     7.2987    223.623    6.96522  213.40403    104.788 -9.990e-29
   39.77596  -72.38942      2.239      2.222    24.8651    30.4832 -9.990e-29     0.3371 3.4230e+01  1019.9819    24.8646    19.9722     7.2981    223.604    6.96524  213.40466    104.779 -9.990e-29
   39.77596  -72.38942      2.239      2.222    24.8665    30.4822 -9.990e-29     0.3237 3.3904e+01  1019.9808    24.8660    19.9710     7.2978    223.595    6.96524  213.40473    104.775 -9.990e-29
   39.77596  -72.38942      2.219      2.202    24.8680    30.4808 -9.990e-29     0.3237 3.3809e+01  1019.9790    24.8675    19.9696     7.2973    223.579    6.96528  213.40596    104.767 -9.990e-29
   39.77596  -72.38942      2.230      2.213    24.8685    30.4794 -9.990e-29     0.3237 3.4221e+01  1019.9779    24.8680    19.9683     7.3011    223.694    6.96527  213.40558    104.821 -9.990e-29
   39.77596  -72.38942      2.209      2.192    24.8692    30.4781 -9.990e-29     0.3237 3.5029e+01  1019.9765    24.8687    19.9672     7.2970    223.571    6.96529  213.40604    104.763 -9.990e-29
   39.77596  -72.38942      2.209      2.192    24.8690    30.4770 -9.990e-29     0.3371 3.5157e+01  1019.9758    24.8686    19.9664     7.2968    223.564    6.96529  213.40618    104.760 -9.990e-29
   39.77596  -72.38942      2.209      2.192    24.8690    30.4762 -9.990e-29     0.3237 3.3991e+01  1019.9751    24.8686    19.9658     7.2925    223.432    6.96527  213.40540    104.698 -9.990e-29
   39.77596  -72.38942      2.189      2.172    24.8687    30.4758 -9.990e-29     0.3237 3.1471e+01  1019.9747    24.8682    19.9655     7.2918    223.409    6.96527  213.40560    104.688 -9.990e-29
   39.77596  -72.38942      2.189      2.172    24.8678    30.4758 -9.990e-29     0.3237 3.0711e+01  1019.9745    24.8673    19.9655     7.2910    223.386    6.96525  213.40486    104.677 -9.990e-29
   39.77596  -72.38942      2.189      2.172    24.8665    30.4758 -9.990e-29     0.3237 3.0453e+01  1019.9754    24.8660    19.9662     7.2906    223.373    6.96525  213.40486    104.671 -9.990e-29
   39.77596  -72.38942      2.179      2.162    24.8652    30.4766 -9.990e-29     0.3237 2.9692e+01  1019.9767    24.8648    19.9672     7.2902    223.362    6.96525  213.40496    104.666 -9.990e-29
   39.77596  -72.38942      2.179      2.162    24.8647    30.4773 -9.990e-29     0.3237 2.9360e+01  1019.9774    24.8642    19.9679     7.2899    223.351    6.96525  213.40496    104.661 -9.990e-29
   39.77596  -72.38942      2.168      2.151    24.8641    30.4773 -9.990e-29     0.3237 2.9615e+01  1019.9776    24.8637    19.9682     7.2896    223.341    6.96524  213.40466    104.656 -9.990e-29
   39.77596  -72.38942      2.168      2.151    24.8640    30.4773 -9.990e-29     0.3371 3.0935e+01  1019.9774    24.8635    19.9682     7.2893    223.332    6.96523  213.40420    104.652 -9.990e-29
   39.77596  -72.38942      2.168      2.151    24.8636    30.4773 -9.990e-29     0.3371 3.2530e+01  1019.9774    24.8632    19.9682     7.2890    223.325    6.96524  213.40449    104.649 -9.990e-29
   39.77596  -72.38942      2.149      2.132    24.8629    30.4770      8.021     0.3505 3.5376e+01  1019.9774    24.8624    19.9682     7.2888    223.318    6.96522  213.40377    104.646 -9.990e-29
   39.77596  -72.38942      2.169      2.153    24.8626    30.4770      8.021     0.3371 3.8785e+01  1019.9772    24.8621    19.9682     7.2846    223.188    6.96519  213.40313    104.585 -9.990e-29
   39.77596  -72.38942      2.158      2.142    24.8620    30.4770      8.021     0.3505 4.2089e+01  1019.9777    24.8615    19.9684     7.2882    223.300    6.96520  213.40345    104.638 -9.990e-29
   39.77596  -72.38942      2.149      2.132    24.8616    30.4770      8.021     0.3371 4.4094e+01  1019.9777    24.8612    19.9686     7.2841    223.173    6.96519  213.40306    104.578 -9.990e-29
