CalculateIndicators/WaterTemperature/Data/CTD_NYOS/20240914_C24.cnv
* Sea-Bird SBE 9 Data File:
* FileName = C:\Seabird 9 CTD\Data\2024\202409_offshore\20240914_C24.hex
* Software Version Seasave V 7.23.2
* Temperature SN = 4590
* Conductivity SN = 3228
* Number of Bytes Per Scan = 44
* Number of Voltage Words = 5
* Number of Scans Averaged by the Deck Unit = 1
* NMEA Latitude = 40 09.14 N
* NMEA Longitude = 072 10.44 W
* NMEA UTC (Time) = Sep 14 2024  08:19:29
* NMEA baud rate = 4800
** Ship: Seawolf
** Station: 10.4
** Operator: TCM
# nquan = 18
# nvalues = 15106                       
# units = specified
# name 0 = latitude: Latitude [deg]
# name 1 = longitude: Longitude [deg]
# name 2 = prDM: Pressure, Digiquartz [db]
# name 3 = depSM: Depth [salt water, m]
# name 4 = t090C: Temperature [ITS-90, deg C]
# name 5 = sal00: Salinity, Practical [PSU]
# name 6 = ph: pH
# name 7 = flECO-AFL: Fluorescence, WET Labs ECO-AFL/FL [mg/m^3]
# name 8 = cpar: CPAR/Corrected Irradiance [%]
# name 9 = density00: Density [density, kg/m^3]
# name 10 = potemp090C: Potential Temperature [ITS-90, deg C]
# name 11 = sigma-é00: Density [sigma-theta, kg/m^3]
# name 12 = sbeox0Mg/L: Oxygen, SBE 43 [mg/l]
# name 13 = sbox0Mm/Kg: Oxygen, SBE 43 [umol/kg]
# name 14 = oxsolMg/L: Oxygen Saturation, Garcia & Gordon [mg/l]
# name 15 = oxsolMm/Kg: Oxygen Saturation, Garcia & Gordon [umol/kg]
# name 16 = sbeox0PS: Oxygen, SBE 43 [% saturation]
# name 17 = flag:  0.000e+00
# span 0 =   40.15232,   40.15276       
# span 1 =  -72.17596,  -72.17400       
# span 2 =      1.729,     65.904       
# span 3 =      1.716,     65.388       
# span 4 =     9.7255,    22.0942       
# span 5 =    32.0940,    33.9351       
# span 6 =      7.897,      8.227       
# span 7 =    -0.0389,     0.4714       
# span 8 = 1.6880e-11, 9.9999e+04       
# span 9 =  1022.4429,  1026.1444       
# span 10 =     9.7203,    22.0918      
# span 11 =    22.4424,    25.8496      
# span 12 =     6.1306,     8.3493      
# span 13 =    186.755,    254.710      
# span 14 =    7.18491,    9.20779      
# span 15 =  219.47515,  280.65271      
# span 16 =     69.410,    108.234      
# span 17 = 0.0000e+00, 0.0000e+00      
# interval = seconds: 0.0416667
# start_time = Sep 14 2024 08:19:31 [System UTC, first data scan.]
# bad_flag = -9.990e-29
*END*
[from data line 3458]
   40.15254 -9.990e-29     63.861     63.362    11.3434    33.8869      7.988     0.0013 9.9999e+04  1026.1343    11.3356    25.8481     6.1469    187.254    8.83272  269.07116     69.593 -9.990e-29
   40.15254 -9.990e-29     63.861     63.362    11.3436    33.8870      7.988     0.0013 9.9999e+04  1026.1345    11.3357    25.8482     6.1436    187.151    8.83271  269.07084     69.555 -9.990e-29
   40.15254 -9.990e-29     63.868     63.368    11.3436    33.8870      7.988     0.0013 9.9999e+04  1026.1344    11.3357    25.8481     6.1452    187.202    8.83263  269.06840     69.574 0.0000e+00
   40.15254 -9.990e-29     63.892     63.392    11.3437    33.8869      7.988     0.0013 9.9999e+04  1026.1342    11.3359    25.8480     6.1471    187.260    8.83254  269.06575     69.596 -9.990e-29
   40.15254 -9.990e-29     63.889     63.389    11.3437    33.8868      7.988     0.0013 9.9999e+04  1026.1343    11.3358    25.8479     6.1437    187.157    8.83254  269.06597     69.558 -9.990e-29
   40.15254 -9.990e-29     63.902     63.401    11.3439    33.8867      7.988     0.0013 9.9999e+04  1026.1342    11.3360    25.8478     6.1406    187.061    8.83254  269.06584     69.523 0.0000e+00
   40.15254 -9.990e-29     63.910     63.410    11.3441    33.8865      7.988     0.0013 9.9999e+04  1026.1342    11.3362    25.8477     6.1418    187.098    8.83251  269.06479     69.536 0.0000e+00
   40.15254 -9.990e-29     63.913     63.412    11.3444    33.8863      7.988     0.0013 9.9999e+04  1026.1338    11.3365    25.8475     6.1384    186.994    8.83252  269.06531     69.498 0.0000e+00
   40.15254 -9.990e-29     63.922     63.422    11.3444    33.8862      7.988    -0.0121 9.9999e+04  1026.1337    11.3365    25.8473     6.1407    187.065    8.83255  269.06629     69.524 0.0000e+00
   40.15254 -9.990e-29     63.940     63.440    11.3442    33.8862      7.983    -0.0121 9.9999e+04  1026.1340    11.3363    25.8473     6.1378    186.975    8.83260  269.06778     69.490 -9.990e-29
   40.15254 -9.990e-29     63.933     63.433    11.3441    33.8861      7.983    -0.0121 9.9999e+04  1026.1338    11.3362    25.8473     6.1399    187.039    8.83265  269.06926     69.513 -9.990e-29
   40.15254 -9.990e-29     63.940     63.440    11.3442    33.8861      7.983    -0.0121 9.9999e+04  1026.1337    11.3363    25.8474     6.1421    187.108    8.83271  269.07110     69.538 0.0000e+00
   40.15254 -9.990e-29     63.943     63.442    11.3439    33.8862      7.983    -0.0121 9.9999e+04  1026.1343    11.3360    25.8474     6.1390    187.011    8.83272  269.07127     69.502 0.0000e+00
   40.15254 -9.990e-29     63.961     63.460    11.3437    33.8861      7.983    -0.0121 9.9999e+04  1026.1340    11.3358    25.8473     6.1352    186.897    8.83268  269.06990     69.460 -9.990e-29
   40.15254 -9.990e-29     63.954     63.453    11.3436    33.8856      7.983    -0.0121 9.9999e+04  1026.1337    11.3357    25.8470     6.1365    186.937    8.83271  269.07099     69.475 -9.990e-29
   40.15254 -9.990e-29     63.964     63.463    11.3434    33.8850      7.983    -0.0121 9.9999e+04  1026.1332    11.3355    25.8466     6.1387    187.002    8.83276  269.07269     69.499 0.0000e+00
   40.15254 -9.990e-29     63.971     63.470    11.3427    33.8845      7.983    -0.0121 9.9999e+04  1026.1329    11.3348    25.8464     6.1409    187.071    8.83282  269.07456     69.524 -9.990e-29
   40.15254 -9.990e-29     63.964     63.463    11.3421    33.8843      7.983    -0.0121 9.9999e+04  1026.1328    11.3342    25.8463     6.1385    186.996    8.83289  269.07655     69.495 -9.990e-29
   40.15254 -9.990e-29     63.982     63.481    11.3416    33.8842      7.983    -0.0121 9.9999e+04  1026.1330    11.3337    25.8464     6.1410    187.074    8.83301  269.08026     69.523 -9.990e-29
   40.15254 -9.990e-29     63.973     63.473    11.3409    33.8842      7.983    -0.0121 9.9999e+04  1026.1332    11.3330    25.8465     6.1381    186.984    8.83312  269.08355     69.489 -9.990e-29
   40.15254 -9.990e-29     63.985     63.484    11.3405    33.8842      7.983    -0.0121 9.9999e+04  1026.1334    11.3326    25.8466     6.1401    187.046    8.83324  269.08743     69.511 -9.990e-29
   40.15254 -9.990e-29     63.971     63.470    11.3399    33.8841      7.983    -0.0121 9.9999e+04  1026.1332    11.3320    25.8465     6.1428    187.130    8.83329  269.08891     69.542 -9.990e-29
   40.15254 -9.990e-29     63.994     63.493    11.3394    33.8839      7.983    -0.0121 9.9999e+04  1026.1332    11.3315    25.8465     6.1401    187.046    8.83332  269.08979     69.511 -9.990e-29
   40.15254 -9.990e-29     63.991     63.490    11.3385    33.8840      7.983    -0.0121 9.9999e+04  1026.1333    11.3306    25.8466     6.1423    187.113    8.83338  269.09154     69.535 -9.990e-29
   40.15254 -9.990e-29     63.994     63.493    11.3382    33.8841      7.983    -0.0121 9.9999e+04  1026.1338    11.3303    25.8469     6.1396    187.032    8.83340  269.09202     69.505 -9.990e-29
   40.15254 -9.990e-29     63.991     63.490    11.3376    33.8841      7.983    -0.0121 9.9999e+04  1026.1338    11.3297    25.8470     6.1475    187.270    8.83344  269.09308     69.593 -9.990e-29
   40.15254 -9.990e-29     64.005     63.504    11.3375    33.8843      7.983    -0.0121 9.9999e+04  1026.1337    11.3296    25.8472     6.1448    187.191    8.83344  269.09307     69.564 0.0000e+00
   40.15254 -9.990e-29     64.015     63.514    11.3369    33.8849      7.983    -0.0121 9.9999e+04  1026.1346    11.3290    25.8477     6.1416    187.090    8.83343  269.09267     69.526 -9.990e-29
   40.15254 -9.990e-29     64.001     63.500    11.3372    33.8856      7.983    -0.0121 9.9999e+04  1026.1351    11.3293    25.8483     6.1376    186.970    8.83348  269.09415     69.481 -9.990e-29
   40.15254 -9.990e-29     64.015     63.514    11.3372    33.8863      7.983    -0.0121 9.9999e+04  1026.1356    11.3293    25.8487     6.1447    187.187    8.83345  269.09341     69.562 0.0000e+00
   40.15254 -9.990e-29     64.022     63.521    11.3376    33.8868      7.983    -0.0121 9.9999e+04  1026.1362    11.3297    25.8490     6.1470    187.257    8.83350  269.09489     69.588 0.0000e+00
   40.15254 -9.990e-29     64.036     63.534    11.3378    33.8868      7.983    -0.0121 9.9999e+04  1026.1363    11.3299    25.8490     6.1443    187.174    8.83340  269.09181     69.558 -9.990e-29
   40.15254 -9.990e-29     64.033     63.532    11.3381    33.8861      7.983     0.0013 9.9999e+04  1026.1355    11.3301    25.8484     6.1417    187.095    8.83343  269.09266     69.528 -9.990e-29
   40.15254 -9.990e-29     64.045     63.544    11.3381    33.8851      7.983     0.0148 9.9999e+04  1026.1346    11.3301    25.8477     6.1439    187.163    8.83346  269.09385     69.553 0.0000e+00
   40.15254 -9.990e-29     64.052     63.551    11.3374    33.8845      7.983     0.0148 9.9999e+04  1026.1340    11.3295    25.8473     6.1462    187.231    8.83351  269.09510     69.578 0.0000e+00
   40.15254 -9.990e-29     64.056     63.555    11.3366    33.8843      7.983     0.0148 9.9999e+04  1026.1345    11.3287    25.8473     6.1483    187.296    8.83349  269.09489     69.602 0.0000e+00
   40.15254 -9.990e-29     64.076     63.574    11.3362    33.8843      7.983     0.0148 9.9999e+04  1026.1345    11.3283    25.8473     6.1511    187.382    8.83360  269.09822     69.633 -9.990e-29
   40.15254 -9.990e-29     64.073     63.571    11.3357    33.8843      7.983     0.0148 9.9999e+04  1026.1345    11.3278    25.8474     6.1483    187.296    8.83364  269.09917     69.601 -9.990e-29
   40.15254 -9.990e-29     64.087     63.585    11.3357    33.8845      7.983     0.0148 9.9999e+04  1026.1349    11.3278    25.8476     6.1502    187.354    8.83362  269.09858     69.623 0.0000e+00
   40.15254 -9.990e-29     64.103     63.601    11.3353    33.8846      7.983     0.0148 9.9999e+04  1026.1349    11.3274    25.8477     6.1520    187.407    8.83359  269.09747     69.643 0.0000e+00
   40.15254 -9.990e-29     64.117     63.615    11.3351    33.8847      7.983     0.0148 9.9999e+04  1026.1354    11.3272    25.8479     6.1543    187.480    8.83359  269.09762     69.670 0.0000e+00
   40.15254 -9.990e-29     64.135     63.633    11.3347    33.8848      7.983     0.0148 9.9999e+04  1026.1355    11.3268    25.8480     6.1566    187.547    8.83359  269.09756     69.695 0.0000e+00
   40.15254  -72.17462     64.148     63.645    11.3347    33.8847      7.983     0.0148 9.9999e+04  1026.1354    11.3268    25.8479     6.1538    187.462    8.83358  269.09716     69.663 0.0000e+00
   40.15254  -72.17462     64.155     63.652    11.3345    33.8845      7.983     0.0148 9.9999e+04  1026.1352    11.3266    25.8478     6.1502    187.353    8.83359  269.09766     69.623 0.0000e+00
   40.15254  -72.17462     64.178     63.676    11.3340    33.8843      7.983     0.0148 9.9999e+04  1026.1354    11.3261    25.8478     6.1513    187.386    8.83359  269.09744     69.635 0.0000e+00
   40.15254  -72.17462     64.189     63.687    11.3336    33.8843      7.983     0.0148 9.9999e+04  1026.1355    11.3256    25.8479     6.1529    187.437    8.83360  269.09784     69.654 0.0000e+00
   40.15254  -72.17462     64.206     63.703    11.3329    33.8845      7.983     0.0148 9.9999e+04  1026.1358    11.3250    25.8481     6.1544    187.482    8.83360  269.09794     69.670 0.0000e+00
   40.15254  -72.17462     64.231     63.728    11.3327    33.8847      7.983     0.0148 9.9999e+04  1026.1362    11.3247    25.8484     6.1564    187.543    8.83361  269.09811     69.693 0.0000e+00
   40.15254  -72.17462     64.238     63.735    11.3325    33.8851      7.983     0.0148 9.9999e+04  1026.1365    11.3246    25.8486     6.1534    187.450    8.83362  269.09856     69.659 0.0000e+00
   40.15254  -72.17462     64.271     63.767    11.3324    33.8855      7.983     0.0148 9.9999e+04  1026.1371    11.3245    25.8489     6.1605    187.669    8.83361  269.09820     69.740 0.0000e+00
   40.15254  -72.17462     64.289     63.785    11.3327    33.8858      7.983     0.0148 9.9999e+04  1026.1374    11.3248    25.8491     6.1571    187.564    8.83359  269.09746     69.701 0.0000e+00
   40.15254  -72.17462     64.301     63.798    11.3332    33.8856      7.983     0.0148 9.9999e+04  1026.1373    11.3253    25.8489     6.1590    187.622    8.83356  269.09678     69.723 0.0000e+00
   40.15254  -72.17462     64.329     63.825    11.3335    33.8853      7.983     0.0148 9.9999e+04  1026.1367    11.3255    25.8487     6.1558    187.525    8.83353  269.09572     69.687 0.0000e+00
   40.15254  -72.17462     64.352     63.848    11.3334    33.8852      7.983     0.0148 9.9999e+04  1026.1371    11.3254    25.8486     6.1518    187.403    8.83358  269.09718     69.641 0.0000e+00
   40.15254  -72.17462     64.370     63.866    11.3336    33.8852      7.978     0.0148 9.9999e+04  1026.1371    11.3256    25.8485     6.1524    187.421    8.83352  269.09568     69.648 0.0000e+00
   40.15254  -72.17462     64.403     63.899    11.3336    33.8850      7.978     0.0148 9.9999e+04  1026.1371    11.3256    25.8484     6.1535    187.454    8.83354  269.09594     69.661 0.0000e+00
   40.15254  -72.17462     64.421     63.917    11.3335    33.8847      7.983     0.0148 9.9999e+04  1026.1370    11.3255    25.8482     6.1599    187.649    8.83354  269.09602     69.733 0.0000e+00
   40.15254  -72.17462     64.456     63.951    11.3334    33.8845      7.983     0.0013 9.9999e+04  1026.1367    11.3254    25.8480     6.1563    187.540    8.83349  269.09475     69.693 0.0000e+00
   40.15254  -72.17462     64.473     63.968    11.3331    33.8843      7.983     0.0013 9.9999e+04  1026.1370    11.3251    25.8480     6.1519    187.404    8.83356  269.09664     69.642 0.0000e+00
   40.15254  -72.17462     64.507     64.002    11.3329    33.8844      7.978     0.0013 9.9999e+04  1026.1368    11.3249    25.8481     6.1526    187.427    8.83353  269.09569     69.651 0.0000e+00
   40.15254  -72.17462     64.526     64.021    11.3325    33.8848      7.983     0.0013 9.9999e+04  1026.1377    11.3246    25.8483     6.1539    187.465    8.83348  269.09441     69.665 0.0000e+00
   40.15254  -72.17462     64.554     64.049    11.3327    33.8849      7.978     0.0013 9.9999e+04  1026.1381    11.3247    25.8485     6.1549    187.496    8.83351  269.09509     69.677 0.0000e+00
   40.15254  -72.17462     64.589     64.083    11.3327    33.8847      7.983     0.0013 9.9999e+04  1026.1377    11.3247    25.8483     6.1501    187.349    8.83349  269.09464     69.622 0.0000e+00
   40.15254  -72.17462     64.605     64.099    11.3325    33.8843      7.978     0.0013 9.9999e+04  1026.1375    11.3246    25.8481     6.1506    187.365    8.83356  269.09666     69.627 0.0000e+00
   40.15254  -72.17462     64.640     64.134    11.3322    33.8841      7.978     0.0013 9.9999e+04  1026.1377    11.3242    25.8479     6.1514    187.391    8.83349  269.09471     69.638 0.0000e+00
   40.15254  -72.17462     64.656     64.150    11.3320    33.8839      7.978     0.0013 9.9999e+04  1026.1375    11.3240    25.8478     6.1528    187.431    8.83349  269.09467     69.653 0.0000e+00
   40.15254  -72.17462     64.698     64.191    11.3314    33.8837      7.978     0.0013 9.9999e+04  1026.1377    11.3234    25.8477     6.1483    187.294    8.83352  269.09548     69.601 0.0000e+00
   40.15254  -72.17462     64.712     64.205    11.3309    33.8835      7.978     0.0013 9.9999e+04  1026.1377    11.3229    25.8477     6.1490    187.317    8.83351  269.09510     69.610 0.0000e+00
   40.15254  -72.17462     64.749     64.242    11.3302    33.8834      7.978     0.0013 9.9999e+04  1026.1379    11.3222    25.8478     6.1495    187.331    8.83349  269.09446     69.615 0.0000e+00
   40.15254  -72.17462     64.773     64.265    11.3299    33.8835      7.978     0.0013 9.9999e+04  1026.1382    11.3219    25.8479     6.1503    187.357    8.83345  269.09316     69.625 0.0000e+00
   40.15254  -72.17462     64.789     64.282    11.3297    33.8837      7.978     0.0013 9.9999e+04  1026.1385    11.3217    25.8481     6.1516    187.397    8.83348  269.09420     69.640 0.0000e+00
   40.15254  -72.17462     64.835     64.327    11.3294    33.8839      7.978     0.0013 9.9999e+04  1026.1387    11.3214    25.8483     6.1526    187.426    8.83345  269.09348     69.651 0.0000e+00
   40.15254  -72.17462     64.840     64.333    11.3291    33.8843      7.978     0.0013 9.9999e+04  1026.1393    11.3211    25.8487     6.1539    187.467    8.83345  269.09323     69.666 0.0000e+00
   40.15254  -72.17462     64.886     64.378    11.3287    33.8846      7.978     0.0013 9.9999e+04  1026.1400    11.3207    25.8489     6.1549    187.498    8.83346  269.09352     69.678 0.0000e+00
   40.15254  -72.17462     64.903     64.394    11.3288    33.8846      7.978     0.0013 9.9999e+04  1026.1398    11.3208    25.8490     6.1515    187.392    8.83346  269.09366     69.638 0.0000e+00
   40.15254  -72.17462     64.926     64.418    11.3289    33.8846      7.978     0.0013 9.9999e+04  1026.1399    11.3209    25.8490     6.1470    187.256    8.83348  269.09413     69.587 0.0000e+00
   40.15254  -72.17462     64.954     64.445    11.3286    33.8847      7.978     0.0013 9.9999e+04  1026.1402    11.3206    25.8491     6.1470    187.256    8.83343  269.09261     69.588 0.0000e+00
   40.15254  -72.17462     64.988     64.479    11.3287    33.8848      7.978     0.0013 9.9999e+04  1026.1403    11.3207    25.8491     6.1467    187.246    8.83341  269.09187     69.585 0.0000e+00
   40.15254  -72.17462     65.005     64.496    11.3284    33.8849      7.978     0.0013 9.9999e+04  1026.1406    11.3204    25.8492     6.1474    187.269    8.83332  269.08941     69.593 0.0000e+00
