CalculateIndicators/WaterTemperature/Data/CTD_NYOS/20240709_C08.cnv
* Sea-Bird SBE 9 Data File:
* FileName = C:\Seabird 9 CTD\Data\2024\202407_offshore\20240709_C08.hex
* Software Version Seasave V 7.23.2
* Temperature SN = 4590
* Conductivity SN = 3228
* Number of Bytes Per Scan = 44
* Number of Voltage Words = 5
* Number of Scans Averaged by the Deck Unit = 1
* NMEA Latitude = 39 35.99 N
* NMEA Longitude = 072 44.64 W
* NMEA UTC (Time) = Jul 09 2024  05:10:04
* NMEA baud rate = 4800
** Ship: seawolf
** Station: 8.5
** Operator: TDK
# nquan = 18
# nvalues = 16432                       
# units = specified
# name 0 = latitude: Latitude [deg]
# name 1 = longitude: Longitude [deg]
# name 2 = prDM: Pressure, Digiquartz [db]
# name 3 = depSM: Depth [salt water, m]
# name 4 = t090C: Temperature [ITS-90, deg C]
# name 5 = sal00: Salinity, Practical [PSU]
# name 6 = ph: pH
# name 7 = flECO-AFL: Fluorescence, WET Labs ECO-AFL/FL [mg/m^3]
# name 8 = cpar: CPAR/Corrected Irradiance [%]
# name 9 = density00: Density [density, kg/m^3]
# name 10 = potemp090C: Potential Temperature [ITS-90, deg C]
# name 11 = sigma-é00: Density [sigma-theta, kg/m^3]
# name 12 = sbeox0Mg/L: Oxygen, SBE 43 [mg/l]
# name 13 = sbox0Mm/Kg: Oxygen, SBE 43 [umol/kg]
# name 14 = oxsolMg/L: Oxygen Saturation, Garcia & Gordon [mg/l]
# name 15 = oxsolMm/Kg: Oxygen Saturation, Garcia & Gordon [umol/kg]
# name 16 = sbeox0PS: Oxygen, SBE 43 [% saturation]
# name 17 = flag:  0.000e+00
# span 0 =   39.59978,   39.60004       
# span 1 =  -72.74402,  -72.74312       
# span 2 =      1.484,     66.171       
# span 3 =      1.472,     65.656       
# span 4 =     6.5101,    23.9642       
# span 5 =    29.8943,    33.6933       
# span 6 =      7.874,      8.244       
# span 7 =     0.0013,     1.3444       
# span 8 = 1.6880e-11, 9.9999e+04       
# span 9 =  1019.8515,  1026.1907       
# span 10 =     6.5064,    23.9639      
# span 11 =    19.8398,    25.8882      
# span 12 =     7.5908,    11.0285      
# span 13 =    232.597,    336.300      
# span 14 =    7.09437,    9.94781      
# span 15 =  217.38691,  303.24002      
# span 16 =     86.718,    124.349      
# span 17 = 0.0000e+00, 0.0000e+00      
# interval = seconds: 0.0416667
# start_time = Jul 09 2024 05:10:05 [System UTC, first data scan.]
# bad_flag = -9.990e-29
*END*
[from data line 1689]
   39.60000  -72.74398     25.730     25.533     7.9746    31.9257      8.238     0.8341 1.6880e-11  1024.9745     7.9722    24.8645     9.8782    301.193    9.68628  295.34287    101.981 0.0000e+00
   39.60000  -72.74398     25.761     25.563     7.9602    31.9257      8.238     0.8341 1.6880e-11  1024.9760     7.9578    24.8616     9.8633    300.740    9.68739  295.37592    101.816 0.0000e+00
   39.60000  -72.74398     25.781     25.583     7.9460    31.9257      8.238     0.8341 1.6880e-11  1024.9831     7.9436    24.8664     9.8485    300.287    9.68848  295.40836    101.652 0.0000e+00
   39.60000  -72.74398     25.812     25.613     7.9330    31.9293      8.238     0.8341 1.6880e-11  1024.9934     7.9305    24.8728     9.8336    299.832    9.68939  295.43507    101.488 0.0000e+00
   39.60000  -72.74398     25.853     25.654     7.9216    31.9328      8.238     0.8341 1.6880e-11  1024.9961     7.9192    24.8773     9.8179    299.352    9.69025  295.46007    101.317 0.0000e+00
   39.60000  -72.74398     25.872     25.673     7.9107    31.9350      8.238     0.8341 1.6880e-11  1024.9980     7.9082    24.8806     9.8084    299.062    9.69099  295.48156    101.212 0.0000e+00
   39.60000  -72.74398     25.904     25.705     7.9002    31.9382      8.238     0.8341 1.6880e-11  1025.0030     7.8978    24.8845     9.7937    298.612    9.69168  295.50187    101.053 0.0000e+00
   39.60000  -72.74398     25.934     25.735     7.8905    31.9416      8.238     0.8341 1.6880e-11  1025.0081     7.8880    24.8886     9.7784    298.146    9.69252  295.52710    100.886 0.0000e+00
   39.60000  -72.74398     25.954     25.754     7.8817    31.9444      8.238     0.8341 1.6880e-11  1025.0106     7.8792    24.8921     9.7571    297.495    9.69339  295.55365    100.657 0.0000e+00
   39.60000  -72.74398     25.985     25.785     7.8735    31.9467      8.238     0.8341 1.6880e-11  1025.0145     7.8711    24.8950     9.7478    297.213    9.69447  295.58762    100.550 0.0000e+00
   39.60002  -72.74398     26.015     25.815     7.8662    31.9488      8.238     0.8341 1.6880e-11  1025.0164     7.8638    24.8978     9.7339    296.791    9.69602  295.63704    100.390 0.0000e+00
   39.60002  -72.74398     26.035     25.835     7.8592    31.9512      8.238     0.8341 1.6880e-11  1025.0199     7.8568    24.9006     9.7267    296.572    9.69775  295.69110    100.298 0.0000e+00
   39.60002  -72.74398     26.066     25.866     7.8527    31.9533      8.239     0.8341 2.5320e-11  1025.0232     7.8503    24.9031     9.7149    296.216    9.70000  295.76161    100.154 0.0000e+00
   39.60002  -72.74398     26.076     25.876     7.8470    31.9544      8.239     0.8341 2.5320e-11  1025.0240     7.8445    24.9049     9.7027    295.845    9.70237  295.83513    100.003 0.0000e+00
   39.60002  -72.74398     26.106     25.906     7.8415    31.9557      8.239     0.8341 1.6880e-11  1025.0256     7.8390    24.9067     9.6905    295.472    9.70446  295.89784     99.856 0.0000e+00
   39.60002  -72.74398     26.127     25.926     7.8361    31.9557      8.239     0.8341 1.6880e-11  1025.0294     7.8337    24.9085     9.6784    295.102    9.70631  295.95282     99.713 0.0000e+00
   39.60002  -72.74398     26.167     25.966     7.8311    31.9557      8.239     0.8341 1.6880e-11  1025.0291     7.8286    24.9088     9.6725    294.923    9.70863  296.02377     99.628 0.0000e+00
   39.60002  -72.74398     26.188     25.986     7.8262    31.9547      8.239     0.8475 1.6880e-11  1025.0274     7.8238    24.9081     9.6613    294.583    9.71152  296.11517     99.483 0.0000e+00
   39.60002  -72.74398     26.199     25.997     7.8213    31.9547      8.244     0.8609 1.6880e-11  1025.0270     7.8189    24.9080     9.6513    294.282    9.71526  296.23292     99.341 0.0000e+00
   39.60002  -72.74398     26.218     26.016     7.8161    31.9547      8.239     0.8609 1.6880e-11  1025.0290     7.8137    24.9091     9.6354    293.800    9.71903  296.35002     99.140 0.0000e+00
   39.60002  -72.74398     26.259     26.057     7.8110    31.9554      8.244     0.8609 1.6880e-11  1025.0312     7.8086    24.9107     9.6371    293.854    9.72305  296.47304     99.116 0.0000e+00
   39.60002  -72.74398     26.269     26.067     7.8065    31.9565      8.239     0.8609 1.6880e-11  1025.0320     7.8041    24.9123     9.6228    293.418    9.72749  296.61062     98.924 0.0000e+00
   39.60002  -72.74398     26.299     26.097     7.8020    31.9583      8.244     0.8609 1.6880e-11  1025.0344     7.7995    24.9143     9.6195    293.317    9.73187  296.74510     98.845 0.0000e+00
   39.60002  -72.74398     26.320     26.117     7.7978    31.9607      8.239     0.8609 2.5320e-11  1025.0373     7.7953    24.9168     9.6108    293.052    9.73581  296.86373     98.716 0.0000e+00
   39.60002  -72.74398     26.340     26.138     7.7940    31.9628      8.239     0.8609 1.6880e-11  1025.0402     7.7916    24.9189     9.6019    292.780    9.74002  296.99128     98.582 0.0000e+00
   39.60002  -72.74398     26.361     26.158     7.7911    31.9642      8.239     0.8609 1.6880e-11  1025.0409     7.7887    24.9204     9.6001    292.726    9.74457  297.13055     98.518 0.0000e+00
   39.60002  -72.74398     26.371     26.168     7.7885    31.9653      8.239     0.8609 1.6880e-11  1025.0427     7.7860    24.9217     9.5934    292.522    9.74909  297.26886     98.403 0.0000e+00
   39.60002  -72.74398     26.391     26.188     7.7859    31.9660      8.239     0.8609 2.5320e-11  1025.0438     7.7834    24.9226     9.5799    292.109    9.75352  297.40278     98.220 0.0000e+00
   39.60002  -72.74398     26.412     26.209     7.7839    31.9660      8.244     0.8609 1.6880e-11  1025.0437     7.7814    24.9229     9.5774    292.032    9.75772  297.52890     98.152 0.0000e+00
   39.60002  -72.74398     26.431     26.228     7.7818    31.9660      8.239     0.8609 1.6880e-11  1025.0442     7.7794    24.9232     9.5698    291.795    9.76155  297.64363     98.035 0.0000e+00
   39.60002  -72.74398     26.462     26.258     7.7797    31.9653      8.244     0.8609 1.6880e-11  1025.0450     7.7772    24.9230     9.5624    291.568    9.76510  297.74943     97.924 -9.990e-29
   39.60002  -72.74398     26.462     26.258     7.7779    31.9640      8.239     0.8609 1.6880e-11  1025.0428     7.7754    24.9222     9.5544    291.321    9.76839  297.84734     97.809 -9.990e-29
   39.60002  -72.74398     26.486     26.283     7.7755    31.9625      8.239     0.8609 1.6880e-11  1025.0429     7.7730    24.9214     9.5446    291.020    9.77116  297.92907     97.681 0.0000e+00
   39.60002  -72.74398     26.503     26.299     7.7730    31.9610      8.239     0.8609 1.6880e-11  1025.0418     7.7705    24.9205     9.5349    290.724    9.77353  297.99823     97.559 0.0000e+00
   39.60002  -72.74398     26.524     26.320     7.7703    31.9588      8.239     0.8744 1.6880e-11  1025.0416     7.7679    24.9191     9.5248    290.414    9.77575  298.06385     97.433 0.0000e+00
   39.60002  -72.74398     26.554     26.350     7.7677    31.9544      8.244     0.8609 1.6880e-11  1025.0393     7.7652    24.9161     9.5204    290.275    9.77766  298.11989     97.369 0.0000e+00
   39.60002  -72.74398     26.564     26.359     7.7653    31.9485      8.239     0.8609 1.6880e-11  1025.0318     7.7628    24.9119     9.5111    289.991    9.77952  298.17563     97.255 0.0000e+00
   39.60002  -72.74398     26.584     26.380     7.7607    31.9467      8.239     0.8609 1.6880e-11  1025.0290     7.7582    24.9096     9.5013    289.690    9.78124  298.22703     97.138 0.0000e+00
   39.60002  -72.74398     26.605     26.400     7.7557    31.9464      8.239     0.8609 1.6880e-11  1025.0318     7.7533    24.9106     9.4983    289.598    9.78283  298.27428     97.091 0.0000e+00
   39.60002  -72.74398     26.626     26.421     7.7509    31.9452      8.239     0.8609 2.5320e-11  1025.0358     7.7484    24.9124     9.4893    289.324    9.78421  298.31506     96.986 0.0000e+00
   39.60002  -72.74398     26.645     26.440     7.7465    31.9452      8.239     0.8609 1.6880e-11  1025.0354     7.7440    24.9127     9.4798    289.033    9.78539  298.34958     96.877 0.0000e+00
   39.60002  -72.74398     26.656     26.451     7.7419    31.9445      8.239     0.8878 1.6880e-11  1025.0336     7.7394    24.9120     9.4761    288.920    9.78638  298.37857     96.830 0.0000e+00
   39.60002  -72.74398     26.677     26.471     7.7374    31.9428      8.239     0.9281 1.6880e-11  1025.0333     7.7349    24.9113     9.4665    288.625    9.78722  298.40278     96.723 0.0000e+00
   39.60002  -72.74398     26.707     26.501     7.7322    31.9415      8.239     0.9415 1.6880e-11  1025.0330     7.7297    24.9109     9.4564    288.315    9.78789  298.42237     96.613 0.0000e+00
   39.60002  -72.74398     26.726     26.521     7.7272    31.9403      8.239     0.9415 1.6880e-11  1025.0335     7.7247    24.9107     9.4467    288.019    9.78848  298.43945     96.508 0.0000e+00
   39.60002  -72.74398     26.737     26.531     7.7223    31.9389      8.239     0.9415 1.6880e-11  1025.0324     7.7198    24.9103     9.4367    287.713    9.78906  298.45653     96.400 0.0000e+00
   39.60002  -72.74398     26.758     26.552     7.7170    31.9389      8.244     0.9415 1.6880e-11  1025.0321     7.7145    24.9104     9.4324    287.583    9.78946  298.46784     96.353 0.0000e+00
   39.60002  -72.74398     26.791     26.585     7.7114    31.9389      8.239     0.9415 1.6880e-11  1025.0342     7.7090    24.9113     9.4234    287.308    9.78988  298.48032     96.257 0.0000e+00
   39.60002  -72.74398     26.807     26.601     7.7059    31.9392      8.239     0.9415 1.6880e-11  1025.0350     7.7035    24.9128     9.4130    286.988    9.79017  298.48860     96.147 0.0000e+00
   39.60002  -72.74398     26.828     26.622     7.7004    31.9409      8.239     0.9415 1.6880e-11  1025.0375     7.6979    24.9150     9.4094    286.878    9.79042  298.49571     96.108 0.0000e+00
   39.60002  -72.74398     26.849     26.642     7.6946    31.9435      8.239     0.9415 1.6880e-11  1025.0405     7.6921    24.9178     9.3999    286.587    9.79052  298.49786     96.010 0.0000e+00
   39.60002  -72.74398     26.879     26.672     7.6896    31.9469      8.239     0.9415 1.6880e-11  1025.0439     7.6871    24.9212     9.3898    286.281    9.79050  298.49651     95.908 0.0000e+00
   39.60002  -72.74398     26.900     26.693     7.6844    31.9508      8.239     0.9415 1.6880e-11  1025.0483     7.6819    24.9249     9.3857    286.155    9.79045  298.49460     95.866 0.0000e+00
   39.60002  -72.74398     26.930     26.723     7.6798    31.9544      8.239     0.9415 1.6880e-11  1025.0524     7.6773    24.9283     9.3759    285.855    9.79047  298.49536     95.765 0.0000e+00
   39.60002  -72.74398     26.951     26.743     7.6761    31.9558      8.239     0.9415 1.6880e-11  1025.0547     7.6736    24.9307     9.3665    285.569    9.79045  298.49463     95.670 0.0000e+00
   39.60002  -72.74398     26.991     26.783     7.6720    31.9558      8.239     0.9415 1.6880e-11  1025.0561     7.6695    24.9318     9.3629    285.460    9.79030  298.48966     95.635 0.0000e+00
   39.60002  -72.74398     27.002     26.794     7.6682    31.9558      8.239     0.9415 1.6880e-11  1025.0563     7.6657    24.9311     9.3537    285.178    9.79026  298.48878     95.541 0.0000e+00
   39.60002  -72.74398     27.025     26.817     7.6647    31.9510      8.239     0.9415 1.6880e-11  1025.0532     7.6622    24.9279     9.3439    284.885    9.79116  298.51976     95.432 0.0000e+00
   39.60002  -72.74398     27.062     26.854     7.6606    31.9435      8.239     0.9415 1.6880e-11  1025.0459     7.6581    24.9227     9.3332    284.554    9.79048  298.49692     95.329 0.0000e+00
   39.60002  -72.74398     27.083     26.875     7.6546    31.9353      8.239     0.9415 1.6880e-11  1025.0418     7.6521    24.9170     9.3220    284.212    9.78981  298.47422     95.222 0.0000e+00
   39.60002  -72.74398     27.113     26.905     7.6476    31.9274      8.239     0.9415 1.6880e-11  1025.0344     7.6451    24.9117     9.3179    284.085    9.78935  298.45915     95.184 0.0000e+00
   39.60002  -72.74398     27.143     26.935     7.6388    31.9229      8.239     0.9415 1.6880e-11  1025.0305     7.6363    24.9090     9.3142    283.971    9.78881  298.44148     95.151 0.0000e+00
   39.60002  -72.74398     27.174     26.965     7.6286    31.9224      8.239     0.9415 1.6880e-11  1025.0341     7.6260    24.9102     9.3110    283.874    9.78832  298.42653     95.124 0.0000e+00
   39.60002  -72.74398     27.194     26.985     7.6188    31.9222      8.240     0.9415 1.6880e-11  1025.0394     7.6163    24.9122     9.3019    283.598    9.78784  298.41157     95.036 0.0000e+00
   39.60002  -72.74398     27.236     27.026     7.6092    31.9183      8.240     0.9415 1.6880e-11  1025.0386     7.6067    24.9099     9.2986    283.496    9.78730  298.39472     95.007 0.0000e+00
   39.60002  -72.74398     27.248     27.038     7.6004    31.9065      8.240     0.9281 1.6880e-11  1025.0280     7.5979    24.9020     9.2903    283.243    9.78675  298.37788     94.928 0.0000e+00
   39.60002  -72.74398     27.296     27.086     7.5890    31.8919      8.240     0.9147 1.6880e-11  1025.0148     7.5865    24.8921     9.2817    282.980    9.78635  298.36584     94.843 0.0000e+00
   39.60002  -72.74398     27.327     27.116     7.5752    31.8801      8.240     0.9012 1.6880e-11  1025.0081     7.5727    24.8847     9.2726    282.702    9.78597  298.35448     94.754 0.0000e+00
   39.60002  -72.74398     27.347     27.137     7.5587    31.8708      8.240     0.9012 1.6880e-11  1025.0063     7.5561    24.8796     9.2681    282.566    9.78541  298.33684     94.714 0.0000e+00
   39.60002  -72.74398     27.398     27.187     7.5424    31.8621      8.240     0.9012 1.6880e-11  1024.9985     7.5399    24.8750     9.2596    282.307    9.78488  298.32029     94.632 0.0000e+00
   39.60002  -72.74398     27.417     27.207     7.5246    31.8567      8.240     0.9012 1.6880e-11  1024.9959     7.5220    24.8733     9.2498    282.006    9.78436  298.30462     94.536 0.0000e+00
   39.60002  -72.74398     27.449     27.238     7.5058    31.8557      8.240     0.9012 1.6880e-11  1025.0016     7.5032    24.8751     9.2467    281.913    9.78398  298.29336     94.509 0.0000e+00
   39.60002  -72.74398     27.482     27.271     7.4868    31.8546      8.240     0.9012 1.6880e-11  1025.0044     7.4843    24.8767     9.2378    281.641    9.78365  298.28381     94.421 0.0000e+00
   39.60002  -72.74398     27.519     27.308     7.4682    31.8512      8.240     0.9012 1.6880e-11  1025.0023     7.4657    24.8766     9.2285    281.358    9.78347  298.27906     94.327 0.0000e+00
   39.60002  -72.74398     27.550     27.338     7.4492    31.8512      8.240     0.9012 1.6880e-11  1025.0014     7.4467    24.8769     9.2196    281.089    9.78335  298.27615     94.238 0.0000e+00
   39.60002  -72.74398     27.581     27.369     7.4292    31.8512      8.240     0.9012 1.6880e-11  1025.0049     7.4267    24.8799     9.2168    281.003    9.78342  298.27945     94.208 0.0000e+00
   39.60002  -72.74398     27.612     27.399     7.4090    31.8525      8.240     0.9012 1.6880e-11  1025.0115     7.4065    24.8856     9.2070    280.706    9.78344  298.28066     94.108 0.0000e+00
   39.60002  -72.74398     27.645     27.432     7.3900    31.8584      8.241     0.9012 1.6880e-11  1025.0194     7.3875    24.8928     9.1973    280.410    9.78317  298.27171     94.011 0.0000e+00
   39.60002  -72.74398     27.693     27.480     7.3721    31.8654      8.241     0.9012 1.6880e-11  1025.0277     7.3696    24.9008     9.1872    280.100    9.78297  298.26504     93.910 0.0000e+00
