CalculateIndicators/WaterTemperature/Data/CTD_NYOS/20240426_C05.cnv
* Sea-Bird SBE 9 Data File:
* FileName = C:\Seabird 9 CTD\Data\2024\202404_offshore\20240426_C05.hex
* Software Version Seasave V 7.23.2
* Temperature SN = 4590
* Conductivity SN = 3228
* Number of Bytes Per Scan = 44
* Number of Voltage Words = 5
* Number of Scans Averaged by the Deck Unit = 1
* NMEA Latitude = 40 18.14 N
* NMEA Longitude = 073 13.44 W
* NMEA UTC (Time) = Apr 26 2024  13:54:56
* NMEA baud rate = 4800
** Ship: Seawolf
** Station: 8.2
** Operator: TCM
# nquan = 18
# nvalues = 10873                       
# units = specified
# name 0 = latitude: Latitude [deg]
# name 1 = longitude: Longitude [deg]
# name 2 = prDM: Pressure, Digiquartz [db]
# name 3 = depSM: Depth [salt water, m]
# name 4 = t090C: Temperature [ITS-90, deg C]
# name 5 = sal00: Salinity, Practical [PSU]
# name 6 = ph: pH
# name 7 = flECO-AFL: Fluorescence, WET Labs ECO-AFL/FL [mg/m^3]
# name 8 = cpar: CPAR/Corrected Irradiance [%]
# name 9 = density00: Density [density, kg/m^3]
# name 10 = potemp090C: Potential Temperature [ITS-90, deg C]
# name 11 = sigma-é00: Density [sigma-theta, kg/m^3]
# name 12 = sbeox0Mg/L: Oxygen, SBE 43 [mg/l]
# name 13 = sbox0Mm/Kg: Oxygen, SBE 43 [umol/kg]
# name 14 = oxsolMg/L: Oxygen Saturation, Garcia & Gordon [mg/l]
# name 15 = oxsolMm/Kg: Oxygen Saturation, Garcia & Gordon [umol/kg]
# name 16 = sbeox0PS: Oxygen, SBE 43 [% saturation]
# name 17 = flag:  0.000e+00
# span 0 =   40.30232,   40.30316       
# span 1 =  -73.22518,  -73.22400       
# span 2 =      1.846,     34.362       
# span 3 =      1.831,     34.095       
# span 4 =     6.9522,     8.6780       
# span 5 =    30.4824,    31.0484       
# span 6 =      7.916,      8.099       
# span 7 =     0.0282,     1.0893       
# span 8 = 1.4059e-01, 3.0029e+02       
# span 9 =  1023.6481,  1024.4716       
# span 10 =     6.9493,     8.6777      
# span 11 =    23.6395,    24.3134      
# span 12 =     8.4280,     9.9417      
# span 13 =    257.133,    303.498      
# span 14 =    9.56523,    9.91375      
# span 15 =  292.01410,  302.45807      
# span 16 =     85.115,    103.796      
# span 17 = 0.0000e+00, 0.0000e+00      
# interval = seconds: 0.0416667
# start_time = Apr 26 2024 13:54:58 [System UTC, first data scan.]
# bad_flag = -9.990e-29
*END*
[from data line 2493]
   40.30262  -73.22434     33.363     33.104     7.0202    31.0157      7.920     0.6057 1.6766e-01  1024.4329     7.0173    24.2795     8.4773    258.639    9.89972  302.03578     85.632 -9.990e-29
   40.30262  -73.22434     33.353     33.094     7.0205    31.0152      7.920     0.6057 1.6814e-01  1024.4324     7.0176    24.2791     8.4786    258.678    9.89978  302.03745     85.644 0.0000e+00
   40.30262  -73.22434     33.344     33.085     7.0208    31.0150      7.920     0.6057 1.6829e-01  1024.4324     7.0179    24.2788     8.4800    258.720    9.89985  302.03961     85.658 -9.990e-29
   40.30262  -73.22434     33.344     33.085     7.0213    31.0148      7.920     0.6057 1.6878e-01  1024.4319     7.0184    24.2786     8.4751    258.570    9.89998  302.04332     85.607 -9.990e-29
   40.30262  -73.22434     33.344     33.085     7.0211    31.0148      7.920     0.6057 1.6926e-01  1024.4322     7.0182    24.2786     8.4820    258.783    9.90007  302.04588     85.677 -9.990e-29
   40.30262  -73.22434     33.333     33.074     7.0213    31.0148      7.920     0.6057 1.6926e-01  1024.4322     7.0184    24.2786     8.4837    258.832    9.90025  302.05133     85.691 -9.990e-29
   40.30262  -73.22434     33.344     33.085     7.0215    31.0147      7.920     0.6057 1.6926e-01  1024.4319     7.0186    24.2785     8.4853    258.881    9.90036  302.05464     85.707 -9.990e-29
   40.30262  -73.22434     33.323     33.064     7.0213    31.0146      7.920     0.6057 1.6926e-01  1024.4320     7.0184    24.2785     8.4859    258.900    9.90044  302.05702     85.712 -9.990e-29
   40.30262  -73.22434     33.344     33.085     7.0215    31.0144      7.920     0.6057 1.6990e-01  1024.4318     7.0186    24.2783     8.4866    258.922    9.90056  302.06040     85.719 -9.990e-29
   40.30262  -73.22434     33.333     33.074     7.0217    31.0141      7.920     0.6057 1.7039e-01  1024.4311     7.0188    24.2780     8.4873    258.941    9.90067  302.06377     85.724 0.0000e+00
   40.30262  -73.22434     33.323     33.064     7.0217    31.0141      7.920     0.6057 1.7088e-01  1024.4315     7.0188    24.2780     8.4879    258.961    9.90074  302.06586     85.730 -9.990e-29
   40.30262  -73.22434     33.333     33.074     7.0219    31.0140      7.920     0.6057 1.7039e-01  1024.4314     7.0191    24.2780     8.4886    258.983    9.90090  302.07078     85.736 -9.990e-29
   40.30262  -73.22434     33.344     33.085     7.0219    31.0138      7.920     0.6057 1.7088e-01  1024.4312     7.0191    24.2778     8.4893    259.003    9.90104  302.07508     85.741 -9.990e-29
   40.30262  -73.22434     33.333     33.074     7.0219    31.0137      7.920     0.6057 1.7088e-01  1024.4311     7.0191    24.2777     8.4901    259.027    9.90127  302.08182     85.747 -9.990e-29
   40.30262  -73.22434     33.333     33.074     7.0221    31.0136      7.920     0.6057 1.7088e-01  1024.4311     7.0192    24.2776     8.4908    259.051    9.90148  302.08833     85.753 -9.990e-29
   40.30262  -73.22434     33.344     33.085     7.0221    31.0134      7.920     0.6057 1.7088e-01  1024.4308     7.0192    24.2774     8.4917    259.076    9.90176  302.09719     85.759 -9.990e-29
   40.30262  -73.22434     33.344     33.085     7.0221    31.0133      7.920     0.6057 1.7088e-01  1024.4308     7.0192    24.2773     8.4992    259.304    9.90231  302.11372     85.830 -9.990e-29
   40.30262  -73.22434     33.353     33.094     7.0225    31.0130      7.920     0.6057 1.7088e-01  1024.4305     7.0196    24.2771     8.4999    259.328    9.90261  302.12266     85.835 -9.990e-29
   40.30262  -73.22434     33.344     33.085     7.0226    31.0130      7.920     0.6057 1.7088e-01  1024.4303     7.0197    24.2770     8.4942    259.152    9.90284  302.12962     85.775 -9.990e-29
   40.30262  -73.22434     33.364     33.105     7.0223    31.0130      7.920     0.6057 1.7103e-01  1024.4308     7.0194    24.2771     8.5014    259.371    9.90324  302.14185     85.844 -9.990e-29
   40.30262  -73.22434     33.353     33.094     7.0225    31.0129      7.920     0.6057 1.7152e-01  1024.4306     7.0196    24.2770     8.5030    259.421    9.90358  302.15205     85.858 -9.990e-29
   40.30262  -73.22434     33.363     33.104     7.0226    31.0127      7.920     0.6057 1.7103e-01  1024.4304     7.0197    24.2768     8.4981    259.272    9.90386  302.16030     85.806 -9.990e-29
   40.30262  -73.22434     33.374     33.115     7.0228    31.0123      7.920     0.6057 1.7054e-01  1024.4300     7.0200    24.2764     8.5050    259.481    9.90399  302.16448     85.874 -9.990e-29
   40.30262  -73.22434     33.374     33.115     7.0236    31.0120      7.920     0.6057 1.7054e-01  1024.4295     7.0207    24.2761     8.5054    259.496    9.90421  302.17099     85.877 -9.990e-29
   40.30262  -73.22434     33.374     33.115     7.0234    31.0120      7.920     0.6057 1.7054e-01  1024.4297     7.0205    24.2761     8.5058    259.507    9.90445  302.17825     85.879 -9.990e-29
   40.30262  -73.22434     33.384     33.124     7.0234    31.0121      7.920     0.6057 1.7054e-01  1024.4298     7.0205    24.2763     8.5128    259.718    9.90488  302.19141     85.945 -9.990e-29
   40.30262  -73.22434     33.404     33.145     7.0229    31.0121      7.920     0.6057 1.7054e-01  1024.4304     7.0200    24.2763     8.5084    259.585    9.90501  302.19530     85.900 -9.990e-29
   40.30262  -73.22434     33.393     33.134     7.0236    31.0117      7.920     0.6057 1.7054e-01  1024.4298     7.0207    24.2759     8.5095    259.618    9.90521  302.20101     85.909 -9.990e-29
   40.30262  -73.22434     33.404     33.145     7.0245    31.0107      7.920     0.6057 1.7054e-01  1024.4287     7.0217    24.2751     8.5107    259.656    9.90560  302.21282     85.918 -9.990e-29
   40.30262  -73.22434     33.414     33.154     7.0250    31.0098      7.920     0.6057 1.7054e-01  1024.4279     7.0221    24.2743     8.5120    259.694    9.90604  302.22651     85.927 -9.990e-29
   40.30262  -73.22434     33.425     33.165     7.0257    31.0093      7.920     0.6057 1.7054e-01  1024.4271     7.0228    24.2738     8.5123    259.704    9.90655  302.24187     85.926 -9.990e-29
   40.30262  -73.22434     33.435     33.175     7.0252    31.0095      7.920     0.6460 1.7005e-01  1024.4278     7.0223    24.2740     8.5187    259.898    9.90678  302.24867     85.988 -9.990e-29
   40.30262  -73.22434     33.425     33.165     7.0252    31.0102      7.925     0.6729 1.6956e-01  1024.4281     7.0223    24.2745     8.5201    259.941    9.90664  302.24408     86.004 -9.990e-29
   40.30262  -73.22434     33.444     33.184     7.0247    31.0110      7.920     0.6863 1.6956e-01  1024.4293     7.0218    24.2752     8.5202    259.944    9.90624  302.23182     86.008 -9.990e-29
   40.30262  -73.22434     33.455     33.195     7.0239    31.0117      7.920     0.6863 1.6941e-01  1024.4298     7.0210    24.2758     8.5213    259.978    9.90602  302.22489     86.021 -9.990e-29
   40.30262  -73.22434     33.465     33.205     7.0237    31.0126      7.920     0.6863 1.6893e-01  1024.4302     7.0208    24.2766     8.5215    259.984    9.90592  302.22205     86.024 -9.990e-29
   40.30262  -73.22434     33.465     33.205     7.0231    31.0139      7.925     0.6863 1.6893e-01  1024.4319     7.0202    24.2776     8.5216    259.987    9.90585  302.22000     86.026 -9.990e-29
   40.30262  -73.22434     33.476     33.216     7.0225    31.0151      7.920     0.6863 1.6893e-01  1024.4327     7.0196    24.2786     8.5227    260.021    9.90595  302.22316     86.036 -9.990e-29
   40.30262  -73.22434     33.486     33.225     7.0219    31.0160      7.920     0.6863 1.6844e-01  1024.4337     7.0190    24.2795     8.5239    260.057    9.90618  302.23038     86.046 -9.990e-29
   40.30262  -73.22434     33.495     33.235     7.0215    31.0168      7.925     0.6863 1.6844e-01  1024.4344     7.0186    24.2802     8.5250    260.092    9.90647  302.23924     86.055 -9.990e-29
   40.30262  -73.22434     33.516     33.256     7.0210    31.0177      7.920     0.6863 1.6796e-01  1024.4350     7.0181    24.2810     8.5260    260.123    9.90669  302.24592     86.063 -9.990e-29
   40.30262  -73.22434     33.506     33.246     7.0202    31.0186      7.920     0.6863 1.6748e-01  1024.4361     7.0173    24.2817     8.5258    260.116    9.90674  302.24694     86.061 -9.990e-29
   40.30262  -73.22434     33.526     33.265     7.0197    31.0194      7.920     0.6863 1.6748e-01  1024.4367     7.0168    24.2824     8.5265    260.137    9.90681  302.24905     86.067 -9.990e-29
   40.30262  -73.22434     33.537     33.276     7.0190    31.0201      7.920     0.6863 1.6733e-01  1024.4375     7.0161    24.2830     8.5263    260.131    9.90710  302.25821     86.062 -9.990e-29
   40.30262  -73.22434     33.537     33.276     7.0184    31.0206      7.925     0.6863 1.6685e-01  1024.4379     7.0155    24.2835     8.5259    260.120    9.90733  302.26513     86.057 -9.990e-29
   40.30262  -73.22434     33.557     33.297     7.0186    31.0210      7.920     0.6863 1.6685e-01  1024.4382     7.0157    24.2838     8.5265    260.137    9.90761  302.27371     86.060 -9.990e-29
   40.30262  -73.22434     33.567     33.306     7.0181    31.0214      7.920     0.6863 1.6685e-01  1024.4387     7.0152    24.2842     8.5270    260.152    9.90792  302.28315     86.062 -9.990e-29
   40.30262  -73.22434     33.567     33.306     7.0178    31.0218      7.920     0.6863 1.6589e-01  1024.4392     7.0149    24.2846     8.5274    260.166    9.90824  302.29288     86.064 -9.990e-29
   40.30262  -73.22434     33.588     33.327     7.0174    31.0220      7.920     0.6863 1.6589e-01  1024.4395     7.0145    24.2848     8.5342    260.371    9.90853  302.30165     86.130 -9.990e-29
   40.30262  -73.22434     33.588     33.327     7.0172    31.0220      7.925     0.6863 1.6589e-01  1024.4394     7.0143    24.2848     8.5289    260.211    9.90884  302.31071     86.074 -9.990e-29
   40.30262  -73.22434     33.608     33.347     7.0170    31.0222      7.920     0.6863 1.6527e-01  1024.4394     7.0140    24.2851     8.5290    260.213    9.90905  302.31733     86.073 -9.990e-29
   40.30262  -73.22434     33.618     33.357     7.0161    31.0227      7.920     0.6863 1.6432e-01  1024.4403     7.0132    24.2856     8.5290    260.213    9.90931  302.32494     86.071 -9.990e-29
   40.30262  -73.22434     33.629     33.368     7.0155    31.0234      7.925     0.6863 1.6479e-01  1024.4411     7.0126    24.2861     8.5344    260.378    9.90958  302.33319     86.123 -9.990e-29
   40.30262  -73.22434     33.628     33.366     7.0147    31.0238      7.925     0.6863 1.6432e-01  1024.4413     7.0118    24.2866     8.5287    260.203    9.90981  302.33989     86.063 -9.990e-29
   40.30262  -73.22434     33.648     33.387     7.0140    31.0241      7.920     0.6863 1.6338e-01  1024.4419     7.0111    24.2869     8.5284    260.195    9.91009  302.34846     86.058 -9.990e-29
   40.30262  -73.22434     33.648     33.387     7.0137    31.0244      7.925     0.6998 1.6323e-01  1024.4419     7.0108    24.2872     8.5345    260.379    9.91034  302.35587     86.117 -9.990e-29
   40.30262  -73.22434     33.690     33.428     7.0131    31.0246      7.920     0.7535 1.6323e-01  1024.4425     7.0101    24.2874     8.5349    260.391    9.91055  302.36225     86.119 -9.990e-29
   40.30262  -73.22434     33.679     33.417     7.0126    31.0247      7.925     0.7669 1.6276e-01  1024.4425     7.0097    24.2875     8.5287    260.203    9.91070  302.36649     86.055 -9.990e-29
   40.30262  -73.22434     33.690     33.428     7.0122    31.0247      7.925     0.7669 1.6276e-01  1024.4427     7.0093    24.2876     8.5278    260.175    9.91073  302.36740     86.046 -9.990e-29
   40.30262  -73.22434     33.710     33.448     7.0116    31.0247      7.925     0.7669 1.6230e-01  1024.4428     7.0087    24.2877     8.5332    260.341    9.91079  302.36902     86.100 -9.990e-29
   40.30262  -73.22434     33.699     33.437     7.0109    31.0248      7.920     0.7669 1.6169e-01  1024.4429     7.0080    24.2879     8.5267    260.140    9.91081  302.36950     86.034 -9.990e-29
   40.30262  -73.22434     33.720     33.458     7.0098    31.0249      7.920     0.7669 1.6122e-01  1024.4434     7.0069    24.2880     8.5251    260.092    9.91044  302.35817     86.021 -9.990e-29
   40.30262  -73.22434     33.741     33.478     7.0090    31.0247      7.925     0.7669 1.6122e-01  1024.4433     7.0061    24.2880     8.5236    260.048    9.91028  302.35365     86.008 -9.990e-29
   40.30262  -73.22434     33.741     33.478     7.0079    31.0245      7.925     0.7669 1.6076e-01  1024.4431     7.0050    24.2880     8.5222    260.006    9.91028  302.35383     85.994 -9.990e-29
   40.30262  -73.22434     33.750     33.488     7.0055    31.0245      7.925     0.7669 1.6030e-01  1024.4436     7.0025    24.2882     8.5210    259.968    9.91050  302.36062     85.980 -9.990e-29
   40.30262  -73.22434     33.761     33.499     7.0041    31.0247      7.920     0.7669 1.6016e-01  1024.4439     7.0012    24.2886     8.5207    259.960    9.91078  302.36891     85.974 -9.990e-29
   40.30262  -73.22434     33.771     33.509     7.0030    31.0249      7.920     0.7669 1.5924e-01  1024.4445     7.0001    24.2889     8.5269    260.147    9.91110  302.37847     86.033 -9.990e-29
   40.30262  -73.22434     33.781     33.518     7.0012    31.0251      7.925     0.7535 1.5924e-01  1024.4447     6.9983    24.2893     8.5260    260.120    9.91094  302.37350     86.026 -9.990e-29
   40.30262  -73.22434     33.801     33.539     6.9996    31.0254      7.925     0.7669 1.5924e-01  1024.4454     6.9967    24.2897     8.5195    259.923    9.91071  302.36700     85.963 -9.990e-29
   40.30262  -73.22434     33.801     33.539     6.9983    31.0255      7.925     0.7669 1.5832e-01  1024.4458     6.9954    24.2900     8.5254    260.103    9.91105  302.37690     86.019 -9.990e-29
   40.30264  -73.22434     33.811     33.548     6.9979    31.0255      7.925     0.7669 1.5773e-01  1024.4455     6.9950    24.2900     8.5181    259.881    9.91111  302.37882     85.945 -9.990e-29
   40.30264  -73.22434     33.832     33.569     6.9969    31.0255      7.925     0.7669 1.5773e-01  1024.4460     6.9939    24.2902     8.5174    259.859    9.91139  302.38696     85.936 -9.990e-29
   40.30264  -73.22434     33.832     33.569     6.9957    31.0258      7.925     0.7669 1.5728e-01  1024.4463     6.9928    24.2906     8.5230    260.029    9.91159  302.39269     85.990 -9.990e-29
   40.30264  -73.22434     33.841     33.578     6.9938    31.0260      7.925     0.7669 1.5682e-01  1024.4468     6.9909    24.2910     8.5168    259.839    9.91195  302.40387     85.924 -9.990e-29
   40.30264  -73.22434     33.852     33.589     6.9931    31.0264      7.925     0.7669 1.5637e-01  1024.4472     6.9902    24.2915     8.5233    260.038    9.91222  302.41195     85.988 -9.990e-29
   40.30264  -73.22434     33.862     33.599     6.9920    31.0268      7.925     0.7669 1.5637e-01  1024.4480     6.9891    24.2919     8.5167    259.837    9.91230  302.41418     85.921 -9.990e-29
   40.30264  -73.22434     33.873     33.610     6.9904    31.0268      7.920     0.7669 1.5579e-01  1024.4481     6.9875    24.2921     8.5218    259.992    9.91218  302.40992     85.973 -9.990e-29
   40.30264  -73.22434     33.872     33.608     6.9886    31.0266      7.925     0.7669 1.5579e-01  1024.4478     6.9857    24.2922     8.5213    259.977    9.91205  302.40599     85.969 -9.990e-29
   40.30264  -73.22434     33.892     33.629     6.9863    31.0269      7.920     0.7669 1.5534e-01  1024.4485     6.9834    24.2927     8.5143    259.764    9.91191  302.40189     85.900 -9.990e-29
