CalculateIndicators/WaterTemperature/Data/CTD_NYOS/20240911_C02.cnv
* Sea-Bird SBE 9 Data File:
* FileName = C:\Seabird 9 CTD\Data\2024\202409_offshore\20240911_C02.hex
* Software Version Seasave V 7.23.2
* Temperature SN = 4590
* Conductivity SN = 3228
* Number of Bytes Per Scan = 44
* Number of Voltage Words = 5
* Number of Scans Averaged by the Deck Unit = 1
* NMEA Latitude = 40 25.63 N
* NMEA Longitude = 073 50.21 W
* NMEA UTC (Time) = Sep 11 2024  22:59:46
* NMEA baud rate = 4800
** Ship: Seawolf
** Station: HR1
** Operator: TCM
# nquan = 18
# nvalues = 10857                       
# units = specified
# name 0 = latitude: Latitude [deg]
# name 1 = longitude: Longitude [deg]
# name 2 = prDM: Pressure, Digiquartz [db]
# name 3 = depSM: Depth [salt water, m]
# name 4 = t090C: Temperature [ITS-90, deg C]
# name 5 = sal00: Salinity, Practical [PSU]
# name 6 = ph: pH
# name 7 = flECO-AFL: Fluorescence, WET Labs ECO-AFL/FL [mg/m^3]
# name 8 = cpar: CPAR/Corrected Irradiance [%]
# name 9 = density00: Density [density, kg/m^3]
# name 10 = potemp090C: Potential Temperature [ITS-90, deg C]
# name 11 = sigma-é00: Density [sigma-theta, kg/m^3]
# name 12 = sbeox0Mg/L: Oxygen, SBE 43 [mg/l]
# name 13 = sbox0Mm/Kg: Oxygen, SBE 43 [umol/kg]
# name 14 = oxsolMg/L: Oxygen Saturation, Garcia & Gordon [mg/l]
# name 15 = oxsolMm/Kg: Oxygen Saturation, Garcia & Gordon [umol/kg]
# name 16 = sbeox0PS: Oxygen, SBE 43 [% saturation]
# name 17 = flag:  0.000e+00
# span 0 =   40.42724,   40.42754       
# span 1 =  -73.83690,  -73.83636       
# span 2 =      1.619,     21.786       
# span 3 =      1.606,     21.617       
# span 4 =    10.4338,    20.9842       
# span 5 =    30.3751,    31.8901       
# span 6 =      7.750,      8.284       
# span 7 =     0.4311,     3.7889       
# span 8 = 1.3326e-12, 1.7758e+01       
# span 9 =  1020.9487,  1024.5088       
# span 10 =    10.4313,    20.9826      
# span 11 =    20.9912,    24.4106      
# span 12 =     5.4392,     8.7959      
# span 13 =    166.219,    269.214      
# span 14 =    7.46170,    9.12554      
# span 15 =  228.37924,  278.39224      
# span 16 =     62.996,    117.880      
# span 17 = 0.0000e+00, 0.0000e+00      
# interval = seconds: 0.0416667
# start_time = Sep 11 2024 22:59:49 [System UTC, first data scan.]
# bad_flag = -9.990e-29
*END*
[from data line 10212]
   40.42752  -73.83640      1.947      1.932    20.9633    30.4365      8.279     2.0697 1.2702e+01  1021.0423    20.9629    21.0337     8.7020    266.340    7.46460  228.46648    116.577 -9.990e-29
   40.42752  -73.83640      1.958      1.943    20.9629    30.4365      8.274     2.0697 1.1918e+01  1021.0423    20.9626    21.0338     8.7013    266.319    7.46460  228.46632    116.568 -9.990e-29
   40.42752  -73.83640      1.947      1.932    20.9629    30.4365      8.274     2.0697 1.1884e+01  1021.0422    20.9626    21.0338     8.7006    266.298    7.46460  228.46631    116.559 -9.990e-29
   40.42752  -73.83640      1.936      1.922    20.9629    30.4365      8.274     2.0697 1.2334e+01  1021.0423    20.9626    21.0338     8.7003    266.287    7.46458  228.46573    116.554 -9.990e-29
   40.42752  -73.83640      1.947      1.932    20.9631    30.4366      8.274     2.0697 1.2873e+01  1021.0422    20.9627    21.0339     8.7000    266.278    7.46461  228.46665    116.550 -9.990e-29
   40.42752  -73.83640      1.947      1.932    20.9627    30.4368      8.279     2.0697 1.3641e+01  1021.0427    20.9624    21.0341     8.6993    266.256    7.46459  228.46615    116.540 -9.990e-29
   40.42752  -73.83640      1.936      1.922    20.9629    30.4368      8.279     2.0697 1.3474e+01  1021.0424    20.9626    21.0341     8.6989    266.245    7.46457  228.46551    116.536 -9.990e-29
   40.42752  -73.83640      1.936      1.922    20.9627    30.4367      8.279     2.0697 1.4469e+01  1021.0425    20.9624    21.0340     8.6938    266.089    7.46460  228.46649    116.468 -9.990e-29
   40.42752  -73.83640      1.928      1.913    20.9629    30.4366      8.279     2.0697 1.4718e+01  1021.0421    20.9626    21.0339     8.6931    266.068    7.46461  228.46665    116.458 -9.990e-29
   40.42752  -73.83640      1.927      1.912    20.9629    30.4365      8.279     2.0697 1.4428e+01  1021.0421    20.9626    21.0338     8.6924    266.047    7.46461  228.46673    116.449 -9.990e-29
   40.42752  -73.83640      1.917      1.902    20.9627    30.4366      8.279     2.0697 1.3746e+01  1021.0422    20.9624    21.0339     8.6917    266.025    7.46458  228.46590    116.440 -9.990e-29
   40.42752  -73.83640      1.917      1.902    20.9631    30.4366      8.274     2.0697 1.3513e+01  1021.0422    20.9628    21.0339     8.6911    266.006    7.46461  228.46680    116.431 -9.990e-29
   40.42752  -73.83640      1.906      1.892    20.9631    30.4367      8.279     2.0697 1.3436e+01  1021.0421    20.9628    21.0339     8.6905    265.988    7.46464  228.46772    116.422 -9.990e-29
   40.42752  -73.83640      1.906      1.892    20.9627    30.4367      8.279     2.0697 1.3095e+01  1021.0425    20.9624    21.0339     8.6942    266.102    7.46460  228.46656    116.473 -9.990e-29
   40.42752  -73.83640      1.897      1.882    20.9631    30.4365      8.279     2.0429 1.2984e+01  1021.0418    20.9628    21.0337     8.6896    265.959    7.46461  228.46674    116.410 -9.990e-29
   40.42752  -73.83640      1.898      1.883    20.9631    30.4362      8.274     1.9085 1.3021e+01  1021.0417    20.9628    21.0335     8.6890    265.940    7.46460  228.46650    116.402 -9.990e-29
   40.42752  -73.83640      1.876      1.862    20.9633    30.4361      8.279     1.8683 1.3667e+01  1021.0416    20.9629    21.0334     8.6928    266.056    7.46460  228.46640    116.453 -9.990e-29
   40.42752  -73.83640      1.876      1.862    20.9633    30.4360      8.274     1.8683 1.3943e+01  1021.0414    20.9629    21.0333     8.6881    265.914    7.46460  228.46658    116.391 -9.990e-29
   40.42752  -73.83640      1.876      1.862    20.9635    30.4359      8.279     1.8683 1.4023e+01  1021.0412    20.9631    21.0332     8.6876    265.897    7.46462  228.46713    116.383 -9.990e-29
   40.42752  -73.83640      1.876      1.862    20.9636    30.4359      8.279     1.8817 1.5774e+01  1021.0412    20.9633    21.0332     8.6870    265.880    7.46461  228.46675    116.376 -9.990e-29
   40.42752  -73.83640      1.866      1.852    20.9636    30.4360      8.279     1.8683 1.5714e+01  1021.0414    20.9633    21.0333     8.6820    265.727    7.46458  228.46591    116.309 -9.990e-29
   40.42752  -73.83640      1.866      1.852    20.9636    30.4362      8.279     1.8683 1.5849e+01  1021.0415    20.9633    21.0334     8.6812    265.701    7.46461  228.46667    116.298 -9.990e-29
   40.42752  -73.83640      1.868      1.853    20.9633    30.4362      8.279     1.8683 1.5492e+01  1021.0416    20.9629    21.0334     8.6807    265.686    7.46462  228.46697    116.291 -9.990e-29
   40.42752  -73.83640      1.866      1.852    20.9636    30.4361      8.279     1.8817 1.5230e+01  1021.0414    20.9633    21.0334     8.6799    265.661    7.46461  228.46667    116.280 -9.990e-29
   40.42752  -73.83640      1.876      1.862    20.9633    30.4361      8.279     1.8817 1.5187e+01  1021.0415    20.9629    21.0334     8.6751    265.514    7.46462  228.46697    116.216 -9.990e-29
   40.42752  -73.83640      1.855      1.841    20.9633    30.4361      8.279     1.8683 1.4802e+01  1021.0413    20.9629    21.0334     8.6743    265.492    7.46461  228.46680    116.206 -9.990e-29
   40.42752  -73.83640      1.876      1.862    20.9629    30.4363      8.279     1.8683 1.4346e+01  1021.0418    20.9626    21.0336     8.6737    265.473    7.46463  228.46715    116.198 -9.990e-29
   40.42752  -73.83640      1.876      1.862    20.9629    30.4365      8.274     1.8817 1.4901e+01  1021.0420    20.9626    21.0338     8.6732    265.456    7.46466  228.46829    116.190 -9.990e-29
   40.42752  -73.83640      1.887      1.873    20.9629    30.4366      8.274     1.8683 1.3943e+01  1021.0421    20.9626    21.0339     8.6723    265.429    7.46466  228.46846    116.177 -9.990e-29
   40.42752  -73.83640      1.877      1.863    20.9627    30.4366      8.279     1.8817 1.3436e+01  1021.0421    20.9624    21.0339     8.6718    265.415    7.46469  228.46909    116.171 -9.990e-29
   40.42752  -73.83640      1.887      1.873    20.9627    30.4366      8.274     1.8817 1.3321e+01  1021.0421    20.9624    21.0339     8.6714    265.403    7.46472  228.47017    116.165 -9.990e-29
   40.42752  -73.83640      1.887      1.873    20.9626    30.4366      8.279     1.8683 1.3474e+01  1021.0422    20.9622    21.0339     8.6711    265.394    7.46477  228.47164    116.161 -9.990e-29
   40.42752  -73.83640      1.887      1.873    20.9627    30.4366      8.279     1.8683 1.3824e+01  1021.0421    20.9624    21.0339     8.6708    265.385    7.46478  228.47204    116.156 -9.990e-29
   40.42752  -73.83640      1.897      1.882    20.9626    30.4366      8.279     1.8683 1.3943e+01  1021.0421    20.9622    21.0339     8.6706    265.378    7.46481  228.47294    116.153 -9.990e-29
   40.42752  -73.83640      1.897      1.882    20.9626    30.4366      8.279     1.8817 1.3746e+01  1021.0422    20.9622    21.0339     8.6704    265.373    7.46481  228.47277    116.151 -9.990e-29
   40.42752  -73.83640      1.887      1.873    20.9626    30.4366      8.279     1.8683 1.3563e+01  1021.0420    20.9622    21.0339     8.6659    265.234    7.46479  228.47218    116.090 -9.990e-29
   40.42752  -73.83640      1.898      1.883    20.9627    30.4366      8.279     1.8817 1.3257e+01  1021.0420    20.9624    21.0340     8.6655    265.221    7.46479  228.47218    116.085 -9.990e-29
   40.42752  -73.83640      1.906      1.892    20.9624    30.4367      8.279     1.8817 1.2619e+01  1021.0424    20.9620    21.0341     8.6695    265.345    7.46477  228.47153    116.139 -9.990e-29
   40.42752  -73.83640      1.897      1.882    20.9626    30.4368      8.279     1.8817 1.2475e+01  1021.0424    20.9622    21.0342     8.6696    265.348    7.46480  228.47245    116.140 -9.990e-29
   40.42752  -73.83640      1.897      1.882    20.9624    30.4367      8.274     2.0160 1.2958e+01  1021.0424    20.9620    21.0341     8.6702    265.365    7.46480  228.47260    116.147 -9.990e-29
   40.42752  -73.83640      1.897      1.882    20.9626    30.4365      8.279     2.0966 1.2958e+01  1021.0421    20.9622    21.0340     8.6704    265.372    7.46482  228.47303    116.150 -9.990e-29
   40.42752  -73.83640      1.906      1.892    20.9626    30.4363      8.279     2.0966 1.2194e+01  1021.0421    20.9622    21.0337     8.6707    265.380    7.46480  228.47229    116.154 -9.990e-29
   40.42752  -73.83640      1.906      1.892    20.9624    30.4361      8.274     2.0966 1.2124e+01  1021.0415    20.9620    21.0336     8.6710    265.390    7.46478  228.47178    116.159 -9.990e-29
   40.42752  -73.83640      1.908      1.893    20.9626    30.4363      8.274     2.0966 1.2702e+01  1021.0422    20.9622    21.0337     8.6714    265.401    7.46475  228.47088    116.164 -9.990e-29
   40.42752  -73.83640      1.897      1.882    20.9626    30.4365      8.274     2.0832 1.2583e+01  1021.0421    20.9622    21.0339     8.6762    265.550    7.46476  228.47128    116.229 -9.990e-29
   40.42752  -73.83640      1.917      1.903    20.9624    30.4367      8.274     2.0966 1.3486e+01  1021.0424    20.9620    21.0341     8.6771    265.578    7.46478  228.47178    116.241 -9.990e-29
   40.42752  -73.83640      1.906      1.892    20.9624    30.4367      8.279     2.0966 1.2947e+01  1021.0424    20.9620    21.0341     8.6780    265.605    7.46475  228.47088    116.253 -9.990e-29
   40.42752  -73.83640      1.906      1.892    20.9624    30.4367      8.279     2.0966 1.3876e+01  1021.0423    20.9620    21.0341     8.6742    265.488    7.46474  228.47071    116.202 -9.990e-29
   40.42752  -73.83640      1.906      1.892    20.9624    30.4367      8.279     2.0966 1.4278e+01  1021.0424    20.9620    21.0341     8.6789    265.631    7.46475  228.47105    116.265 -9.990e-29
   40.42752  -73.83640      1.917      1.903    20.9624    30.4368      8.279     2.0966 1.4359e+01  1021.0425    20.9620    21.0341     8.6796    265.653    7.46479  228.47242    116.274 -9.990e-29
   40.42752  -73.83640      1.908      1.893    20.9624    30.4368      8.279     2.0966 1.2910e+01  1021.0424    20.9620    21.0341     8.6803    265.675    7.46480  228.47259    116.283 -9.990e-29
   40.42752  -73.83640      1.906      1.892    20.9626    30.4367      8.274     2.0966 1.1850e+01  1021.0423    20.9622    21.0341     8.6811    265.698    7.46483  228.47359    116.293 -9.990e-29
   40.42752  -73.83640      1.927      1.912    20.9624    30.4367      8.279     2.0966 1.1616e+01  1021.0424    20.9620    21.0341     8.6774    265.587    7.46482  228.47335    116.244 -9.990e-29
   40.42752  -73.83640      1.906      1.892    20.9624    30.4367      8.279     2.0966 1.2169e+01  1021.0425    20.9620    21.0341     8.6779    265.601    7.46484  228.47378    116.250 -9.990e-29
   40.42752  -73.83640      1.927      1.912    20.9627    30.4366      8.279     2.0966 1.2134e+01  1021.0421    20.9624    21.0340     8.6784    265.616    7.46484  228.47378    116.257 -9.990e-29
   40.42752  -73.83640      1.927      1.912    20.9624    30.4366      8.274     2.0966 1.2134e+01  1021.0424    20.9620    21.0340     8.6833    265.767    7.46486  228.47425    116.323 -9.990e-29
   40.42752  -73.83640      1.917      1.903    20.9624    30.4366      8.279     2.0966 1.2169e+01  1021.0423    20.9620    21.0340     8.6839    265.784    7.46484  228.47379    116.330 -9.990e-29
   40.42752  -73.83640      1.917      1.903    20.9624    30.4366      8.274     2.0966 1.2309e+01  1021.0423    20.9620    21.0340     8.6800    265.667    7.46485  228.47402    116.279 -9.990e-29
   40.42752  -73.83640      1.927      1.912    20.9626    30.4366      8.274     2.0966 1.2379e+01  1021.0423    20.9622    21.0340     8.6803    265.675    7.46487  228.47445    116.282 -9.990e-29
   40.42752  -73.83640      1.937      1.922    20.9622    30.4365      8.279     2.0832 1.2557e+01  1021.0427    20.9619    21.0340     8.6805    265.681    7.46484  228.47361    116.285 -9.990e-29
   40.42752  -73.83640      1.937      1.922    20.9624    30.4363      8.279     2.0966 1.3563e+01  1021.0419    20.9620    21.0337     8.6808    265.691    7.46484  228.47379    116.290 -9.990e-29
   40.42752  -73.83640      1.937      1.922    20.9626    30.4362      8.279     2.0966 1.4035e+01  1021.0420    20.9622    21.0337     8.6811    265.701    7.46484  228.47363    116.294 -9.990e-29
   40.42752  -73.83640      1.948      1.933    20.9624    30.4364      8.274     2.0966 1.4076e+01  1021.0424    20.9620    21.0339     8.6818    265.722    7.46480  228.47241    116.304 -9.990e-29
   40.42752  -73.83640      1.948      1.933    20.9624    30.4365      8.279     2.0563 1.4196e+01  1021.0425    20.9620    21.0339     8.6822    265.734    7.46480  228.47241    116.309 -9.990e-29
   40.42752  -73.83640      1.948      1.933    20.9626    30.4365      8.274     2.0026 1.4278e+01  1021.0421    20.9622    21.0339     8.6826    265.746    7.46476  228.47118    116.315 -9.990e-29
   40.42752  -73.83640      1.948      1.933    20.9624    30.4365      8.279     1.9891 1.4278e+01  1021.0425    20.9620    21.0340     8.6834    265.771    7.46473  228.47014    116.326 -9.990e-29
   40.42752  -73.83640      1.957      1.942    20.9622    30.4366      8.279     1.9891 1.3641e+01  1021.0426    20.9619    21.0341     8.6839    265.786    7.46473  228.47039    116.333 -9.990e-29
   40.42752  -73.83640      1.957      1.942    20.9624    30.4366      8.279     2.0026 1.3219e+01  1021.0424    20.9620    21.0340     8.6801    265.667    7.46471  228.46988    116.281 -9.990e-29
   40.42752  -73.83640      1.948      1.933    20.9626    30.4366      8.279     1.9891 1.3144e+01  1021.0424    20.9622    21.0340     8.6803    265.674    7.46471  228.46975    116.284 -9.990e-29
   40.42752  -73.83640      1.968      1.953    20.9624    30.4367      8.279     2.0026 1.2958e+01  1021.0425    20.9620    21.0341     8.6801    265.670    7.46469  228.46918    116.283 -9.990e-29
   40.42752  -73.83640      1.948      1.933    20.9622    30.4367      8.279     2.0026 1.2811e+01  1021.0427    20.9619    21.0341     8.6800    265.667    7.46469  228.46908    116.281 -9.990e-29
   40.42752  -73.83640      1.968      1.953    20.9624    30.4367      8.279     1.9891 1.2774e+01  1021.0425    20.9620    21.0341     8.6800    265.666    7.46471  228.46984    116.281 -9.990e-29
   40.42752  -73.83640      1.957      1.942    20.9622    30.4368      8.274     1.9891 1.2521e+01  1021.0427    20.9619    21.0342     8.6799    265.664    7.46468  228.46900    116.280 -9.990e-29
   40.42752  -73.83640      1.948      1.933    20.9622    30.4369      8.279     2.0026 1.2239e+01  1021.0427    20.9619    21.0343     8.6796    265.654    7.46470  228.46943    116.275 -9.990e-29
   40.42752  -73.83640      1.957      1.942    20.9620    30.4369      8.279     2.0026 1.2134e+01  1021.0431    20.9617    21.0343     8.6792    265.643    7.46470  228.46943    116.270 -9.990e-29
   40.42752  -73.83640      1.948      1.933    20.9620    30.4366      8.274     2.0026 1.1894e+01  1021.0424    20.9617    21.0341     8.6789    265.632    7.46471  228.46976    116.266 -9.990e-29
   40.42752  -73.83640      1.948      1.933    20.9620    30.4364      8.279     1.9891 1.1427e+01  1021.0424    20.9617    21.0340     8.6785    265.621    7.46468  228.46900    116.261 -9.990e-29
   40.42752  -73.83640      1.948      1.933    20.9619    30.4363      8.274     2.0026 1.1297e+01  1021.0424    20.9615    21.0340     8.6782    265.611    7.46468  228.46884    116.257 -9.990e-29
   40.42752  -73.83640      1.948      1.933    20.9617    30.4362      8.279     2.0026 1.1297e+01  1021.0423    20.9613    21.0339     8.6823    265.737    7.46469  228.46917    116.312 -9.990e-29
