CalculateIndicators/WaterTemperature/Data/CTD_NYOS/20240427_C16.cnv
* Sea-Bird SBE 9 Data File:
* FileName = C:\Seabird 9 CTD\Data\2024\202404_offshore\20240427_C16.hex
* Software Version Seasave V 7.23.2
* Temperature SN = 4590
* Conductivity SN = 3228
* Number of Bytes Per Scan = 44
* Number of Voltage Words = 5
* Number of Scans Averaged by the Deck Unit = 1
* NMEA Latitude = 39 59.86 N
* NMEA Longitude = 072 32.38 W
* NMEA UTC (Time) = Apr 27 2024  19:47:10
* NMEA baud rate = 4800
** Ship: Seawolf
** Station: 9.4
** Operator: TCM
# nquan = 18
# nvalues = 13206                       
# units = specified
# name 0 = latitude: Latitude [deg]
# name 1 = longitude: Longitude [deg]
# name 2 = prDM: Pressure, Digiquartz [db]
# name 3 = depSM: Depth [salt water, m]
# name 4 = t090C: Temperature [ITS-90, deg C]
# name 5 = sal00: Salinity, Practical [PSU]
# name 6 = ph: pH
# name 7 = flECO-AFL: Fluorescence, WET Labs ECO-AFL/FL [mg/m^3]
# name 8 = cpar: CPAR/Corrected Irradiance [%]
# name 9 = density00: Density [density, kg/m^3]
# name 10 = potemp090C: Potential Temperature [ITS-90, deg C]
# name 11 = sigma-é00: Density [sigma-theta, kg/m^3]
# name 12 = sbeox0Mg/L: Oxygen, SBE 43 [mg/l]
# name 13 = sbox0Mm/Kg: Oxygen, SBE 43 [umol/kg]
# name 14 = oxsolMg/L: Oxygen Saturation, Garcia & Gordon [mg/l]
# name 15 = oxsolMm/Kg: Oxygen Saturation, Garcia & Gordon [umol/kg]
# name 16 = sbeox0PS: Oxygen, SBE 43 [% saturation]
# name 17 = flag:  0.000e+00
# span 0 =   39.99782,   39.99894       
# span 1 =  -72.54004,  -72.53966       
# span 2 =      2.158,     61.573       
# span 3 =      2.141,     61.092       
# span 4 =     6.1452,     8.4352       
# span 5 =    31.7636,    31.9349       
# span 6 =      7.932,      8.056       
# span 7 =     0.0416,     1.7205       
# span 8 = 4.3208e-14, 1.4406e+02       
# span 9 =  1024.7071,  1025.3980       
# span 10 =     6.1406,     8.4349      
# span 11 =    24.6900,    25.1136      
# span 12 =     9.2795,    10.3121      
# span 13 =    282.886,    314.464      
# span 14 =    9.53647,   10.04229      
# span 15 =  290.83553,  306.13866      
# span 16 =     92.413,    106.887      
# span 17 = 0.0000e+00, 0.0000e+00      
# interval = seconds: 0.0416667
# start_time = Apr 27 2024 19:47:11 [System UTC, first data scan.]
# bad_flag = -9.990e-29
*END*
[from data line 6191]
   39.99840  -72.53988     45.527     45.173     6.5509    31.8349 -9.990e-29     0.1491 3.2938e-02  1025.1945     6.5471    24.9849     9.5068    289.850    9.94758  303.28752     95.569 -9.990e-29
   39.99840  -72.53988     45.546     45.192     6.5498    31.8356 -9.990e-29     0.1491 3.2863e-02  1025.1950     6.5460    24.9855     9.5120    290.007    9.94736  303.28107     95.623 -9.990e-29
   39.99840  -72.53988     45.546     45.192     6.5492    31.8369 -9.990e-29     0.1491 3.2863e-02  1025.1964     6.5454    24.9866     9.5119    290.005    9.94735  303.28120     95.623 -9.990e-29
   39.99840  -72.53988     45.546     45.192     6.5491    31.8382 -9.990e-29     0.1491 3.2863e-02  1025.1980     6.5453    24.9876     9.5131    290.043    9.94764  303.29054     95.632 -9.990e-29
   39.99840  -72.53988     45.546     45.192     6.5500    31.8386 -9.990e-29     0.1625 3.2734e-02  1025.1982     6.5462    24.9878     9.5144    290.082    9.94795  303.30027     95.642 -9.990e-29
   39.99840  -72.53988     45.567     45.213     6.5503    31.8380 -9.990e-29     0.1491 3.2734e-02  1025.1974     6.5465    24.9874     9.5093    289.925    9.94824  303.30910     95.587 -9.990e-29
   39.99840  -72.53988     45.567     45.213     6.5501    31.8370 -9.990e-29     0.1491 3.2605e-02  1025.1964     6.5463    24.9867     9.5161    290.135    9.94849  303.31672     95.654 -9.990e-29
   39.99840  -72.53988     45.567     45.213     6.5489    31.8366 -9.990e-29     0.1491 3.2632e-02  1025.1957     6.5450    24.9865     9.5163    290.139    9.94850  303.31697     95.655 -9.990e-29
   39.99840  -72.53988     45.577     45.223     6.5474    31.8373 -9.990e-29     0.1491 3.2659e-02  1025.1972     6.5435    24.9871     9.5165    290.145    9.94857  303.31877     95.657 -9.990e-29
   39.99840  -72.53988     45.577     45.223     6.5474    31.8380      7.963     0.1491 3.2659e-02  1025.1982     6.5435    24.9877     9.5165    290.144    9.94843  303.31421     95.658 -9.990e-29
   39.99840  -72.53988     45.578     45.224     6.5480    31.8382      7.963     0.1357 3.2632e-02  1025.1979     6.5442    24.9878     9.5172    290.165    9.94804  303.30171     95.669 -9.990e-29
   39.99840  -72.53988     45.597     45.243     6.5476    31.8380      7.959     0.1357 3.2605e-02  1025.1977     6.5437    24.9878     9.5167    290.151    9.94746  303.28360     95.670 -9.990e-29
   39.99840  -72.53988     45.597     45.243     6.5468    31.8377      7.964     0.1357 3.2605e-02  1025.1979     6.5429    24.9876     9.5162    290.134    9.94680  303.26344     95.671 -9.990e-29
   39.99840  -72.53988     45.607     45.253     6.5466    31.8372      7.964     0.1357 3.2632e-02  1025.1973     6.5427    24.9871     9.5092    289.923    9.94620  303.24509     95.607 -9.990e-29
   39.99840  -72.53988     45.597     45.243     6.5471    31.8368      7.963     0.1357 3.2429e-02  1025.1965     6.5433    24.9868     9.5145    290.083    9.94580  303.23277     95.664 -9.990e-29
   39.99840  -72.53988     45.618     45.264     6.5474    31.8370      7.959     0.1357 3.2531e-02  1025.1969     6.5435    24.9869     9.5145    290.084    9.94563  303.22809     95.665 -9.990e-29
   39.99840  -72.53988     45.618     45.264     6.5476    31.8375      7.959     0.1357 3.2429e-02  1025.1976     6.5437    24.9873     9.5148    290.094    9.94574  303.23229     95.667 -9.990e-29
   39.99840  -72.53988     45.628     45.273     6.5477    31.8377      7.959     0.1357 3.2503e-02  1025.1978     6.5439    24.9875     9.5152    290.105    9.94589  303.23678     95.669 -9.990e-29
   39.99840  -72.53988     45.628     45.273     6.5475    31.8379      7.963     0.1357 3.2476e-02  1025.1976     6.5437    24.9877     9.5153    290.110    9.94586  303.23574     95.671 -9.990e-29
   39.99840  -72.53988     45.639     45.284     6.5476    31.8384      7.963     0.1357 3.2175e-02  1025.1983     6.5437    24.9880     9.5156    290.119    9.94594  303.23823     95.674 -9.990e-29
   39.99842  -72.53988     45.628     45.273     6.5487    31.8386      7.963     0.1491 3.1948e-02  1025.1988     6.5448    24.9881     9.5160    290.130    9.94610  303.24275     95.676 -9.990e-29
   39.99842  -72.53988     45.649     45.294     6.5490    31.8382      7.959     0.1357 3.1975e-02  1025.1979     6.5452    24.9877     9.5162    290.137    9.94610  303.24254     95.678 -9.990e-29
   39.99842  -72.53988     45.649     45.294     6.5485    31.8376      7.959     0.1357 3.2148e-02  1025.1973     6.5447    24.9872     9.5171    290.163    9.94578  303.23217     95.690 -9.990e-29
   39.99842  -72.53988     45.658     45.303     6.5482    31.8378      7.959     0.1357 3.2248e-02  1025.1970     6.5443    24.9874     9.5169    290.156    9.94534  303.21881     95.692 -9.990e-29
   39.99842  -72.53988     45.660     45.305     6.5479    31.8396      7.959     0.1357 3.2248e-02  1025.1988     6.5440    24.9888     9.5168    290.154    9.94507  303.21062     95.694 -9.990e-29
   39.99842  -72.53988     45.658     45.303     6.5490    31.8419      7.959     0.1357 3.2275e-02  1025.2018     6.5452    24.9905     9.5169    290.157    9.94494  303.20692     95.696 -9.990e-29
   39.99842  -72.53988     45.658     45.303     6.5521    31.8431      7.963     0.1357 3.2275e-02  1025.2023     6.5483    24.9911     9.5172    290.166    9.94496  303.20766     95.699 -9.990e-29
   39.99842  -72.53988     45.669     45.314     6.5546    31.8427      7.959     0.1491 3.2248e-02  1025.2007     6.5508    24.9906     9.5175    290.175    9.94503  303.21020     95.701 -9.990e-29
   39.99842  -72.53988     45.669     45.314     6.5552    31.8426      7.963     0.1357 3.2148e-02  1025.1999     6.5513    24.9904     9.5178    290.186    9.94514  303.21382     95.703 -9.990e-29
   39.99842  -72.53988     45.679     45.324     6.5551    31.8442      7.959     0.1357 3.2148e-02  1025.2011     6.5513    24.9917     9.5182    290.198    9.94527  303.21775     95.706 -9.990e-29
   39.99842  -72.53988     45.669     45.314     6.5563    31.8476      7.963     0.1357 3.2021e-02  1025.2047     6.5525    24.9942     9.5185    290.205    9.94525  303.21704     95.709 -9.990e-29
   39.99842  -72.53988     45.690     45.335     6.5589    31.8507      7.959     0.1357 3.2021e-02  1025.2080     6.5551    24.9963     9.5186    290.209    9.94516  303.21429     95.711 -9.990e-29
   39.99842  -72.53988     45.679     45.324     6.5630    31.8521      7.959     0.1357 3.1922e-02  1025.2077     6.5592    24.9969     9.5187    290.212    9.94503  303.20961     95.713 -9.990e-29
   39.99842  -72.53988     45.690     45.335     6.5662    31.8518      7.959     0.1357 3.1922e-02  1025.2074     6.5623    24.9962     9.5183    290.200    9.94444  303.19155     95.715 -9.990e-29
   39.99842  -72.53988     45.690     45.335     6.5694    31.8498      7.959     0.1625 3.1922e-02  1025.2056     6.5656    24.9943     9.5179    290.186    9.94379  303.17166     95.717 -9.990e-29
   39.99842  -72.53988     45.690     45.335     6.5710    31.8465      7.959     0.1759 3.1922e-02  1025.2017     6.5672    24.9916     9.5177    290.180    9.94337  303.15859     95.719 -9.990e-29
   39.99842  -72.53988     45.690     45.335     6.5707    31.8435      7.959     0.1894 3.1895e-02  1025.1987     6.5669    24.9892     9.5175    290.174    9.94296  303.14556     95.721 -9.990e-29
   39.99842  -72.53988     45.690     45.335     6.5696    31.8421      7.959     0.1759 3.1895e-02  1025.1981     6.5658    24.9882     9.5170    290.160    9.94231  303.12592     95.723 -9.990e-29
   39.99842  -72.53988     45.690     45.335     6.5688    31.8420      7.959     0.1894 3.1796e-02  1025.1986     6.5649    24.9882     9.5167    290.150    9.94178  303.10978     95.724 -9.990e-29
   39.99842  -72.53988     45.690     45.335     6.5686    31.8423      7.959     0.1894 3.1895e-02  1025.1989     6.5648    24.9884     9.5165    290.145    9.94141  303.09889     95.726 -9.990e-29
   39.99842  -72.53988     45.690     45.335     6.5686    31.8427      7.959     0.1894 3.1869e-02  1025.1993     6.5648    24.9887     9.5231    290.344    9.94123  303.09317     95.794 -9.990e-29
   39.99842  -72.53988     45.700     45.344     6.5689    31.8430      7.959     0.1894 3.1671e-02  1025.1994     6.5651    24.9889     9.5240    290.372    9.94103  303.08716     95.805 -9.990e-29
   39.99842  -72.53988     45.690     45.335     6.5693    31.8432      7.959     0.1894 3.1572e-02  1025.1995     6.5654    24.9890     9.5175    290.174    9.94085  303.08217     95.741 -9.990e-29
   39.99842  -72.53988     45.700     45.344     6.5698    31.8436      7.959     0.1894 3.1572e-02  1025.1998     6.5659    24.9893     9.5227    290.335    9.94059  303.07441     95.797 -9.990e-29
   39.99842  -72.53988     45.690     45.335     6.5707    31.8440      7.959     0.1894 3.1572e-02  1025.2000     6.5669    24.9895     9.5235    290.359    9.94040  303.06874     95.806 -9.990e-29
   39.99842  -72.53988     45.690     45.335     6.5714    31.8444      7.963     0.1759 3.1598e-02  1025.2004     6.5675    24.9896     9.5177    290.183    9.94014  303.06101     95.751 -9.990e-29
   39.99842  -72.53988     45.700     45.344     6.5732    31.8444      7.959     0.1894 3.1598e-02  1025.2001     6.5693    24.9895     9.5176    290.177    9.93997  303.05578     95.750 -9.990e-29
   39.99842  -72.53988     45.690     45.335     6.5746    31.8441      7.959     0.1894 3.1598e-02  1025.1997     6.5707    24.9892     9.5173    290.170    9.93974  303.04881     95.750 -9.990e-29
   39.99842  -72.53988     45.700     45.344     6.5757    31.8435      7.959     0.1759 3.1697e-02  1025.1992     6.5719    24.9885     9.5161    290.133    9.93957  303.04364     95.740 -9.990e-29
   39.99842  -72.53988     45.679     45.324     6.5770    31.8424      7.959     0.1894 3.1697e-02  1025.1981     6.5731    24.9875     9.5148    290.094    9.93933  303.03631     95.729 -9.990e-29
   39.99842  -72.53988     45.690     45.335     6.5775    31.8408      7.959     0.1894 3.1697e-02  1025.1967     6.5736    24.9862     9.5211    290.286    9.93925  303.03363     95.793 -9.990e-29
   39.99842  -72.53988     45.700     45.344     6.5768    31.8391      7.963     0.1759 3.1769e-02  1025.1952     6.5730    24.9850     9.5154    290.112    9.93917  303.03143     95.736 -9.990e-29
   39.99842  -72.53988     45.679     45.324     6.5759    31.8379      7.959     0.1759 3.1769e-02  1025.1941     6.5721    24.9841     9.5217    290.302    9.93909  303.02856     95.800 -9.990e-29
   39.99842  -72.53988     45.690     45.335     6.5748    31.8374      7.959     0.1759 3.1769e-02  1025.1940     6.5709    24.9838     9.5225    290.327    9.93908  303.02829     95.809 -9.990e-29
   39.99842  -72.53988     45.690     45.335     6.5736    31.8375      7.959     0.1759 3.1769e-02  1025.1943     6.5698    24.9839     9.5157    290.122    9.93906  303.02780     95.741 -9.990e-29
   39.99842  -72.53988     45.690     45.335     6.5735    31.8380      7.959     0.1894 3.1769e-02  1025.1946     6.5696    24.9844     9.5219    290.310    9.93902  303.02667     95.803 -9.990e-29
   39.99842  -72.53988     45.690     45.335     6.5728    31.8390      7.959     0.1894 3.1769e-02  1025.1957     6.5690    24.9853     9.5161    290.134    9.93902  303.02681     95.745 -9.990e-29
   39.99842  -72.53988     45.690     45.335     6.5730    31.8406      7.963     0.1894 3.1769e-02  1025.1968     6.5692    24.9864     9.5223    290.322    9.93903  303.02709     95.807 -9.990e-29
   39.99842  -72.53988     45.690     45.335     6.5741    31.8424      7.959     0.1625 3.1769e-02  1025.1983     6.5703    24.9878     9.5231    290.345    9.93912  303.02984     95.814 -9.990e-29
   39.99842  -72.53988     45.690     45.335     6.5761    31.8441      7.959     0.1491 3.1769e-02  1025.1996     6.5722    24.9889     9.5238    290.366    9.93922  303.03286     95.820 -9.990e-29
   39.99842  -72.53988     45.679     45.324     6.5785    31.8453      7.959     0.1357 3.1572e-02  1025.2003     6.5747    24.9896     9.5244    290.386    9.93929  303.03515     95.826 -9.990e-29
   39.99842  -72.53988     45.690     45.335     6.5810    31.8458      7.959     0.1357 3.1376e-02  1025.2003     6.5772    24.9897     9.5251    290.409    9.93950  303.04234     95.831 -9.990e-29
   39.99842  -72.53988     45.690     45.335     6.5827    31.8456      7.959     0.1357 3.1350e-02  1025.2003     6.5789    24.9892     9.5250    290.406    9.93989  303.05447     95.826 -9.990e-29
   39.99842  -72.53988     45.690     45.335     6.5839    31.8442      7.959     0.1357 3.1448e-02  1025.1988     6.5801    24.9880     9.5193    290.233    9.94026  303.06571     95.766 -9.990e-29
   39.99842  -72.53988     45.690     45.335     6.5843    31.8425      7.959     0.1357 3.1644e-02  1025.1962     6.5805    24.9867     9.5257    290.427    9.94068  303.07882     95.825 -9.990e-29
   39.99842  -72.53988     45.690     45.335     6.5838    31.8417      7.959     0.1357 3.1644e-02  1025.1961     6.5799    24.9861     9.5265    290.452    9.94111  303.09230     95.830 -9.990e-29
   39.99842  -72.53988     45.690     45.335     6.5837    31.8419      7.959     0.1357 3.1644e-02  1025.1967     6.5798    24.9862     9.5276    290.486    9.94185  303.11452     95.834 -9.990e-29
   39.99842  -72.53988     45.690     45.335     6.5833    31.8422      7.959     0.1357 3.1743e-02  1025.1969     6.5794    24.9865     9.5285    290.511    9.94236  303.12995     95.837 -9.990e-29
   39.99842  -72.53988     45.690     45.335     6.5825    31.8429      7.959     0.1357 3.1743e-02  1025.1973     6.5787    24.9871     9.5291    290.529    9.94268  303.13991     95.840 -9.990e-29
   39.99842  -72.53988     45.700     45.344     6.5821    31.8443      7.959     0.1357 3.1769e-02  1025.1984     6.5783    24.9882     9.5233    290.355    9.94316  303.15450     95.778 -9.990e-29
   39.99842  -72.53988     45.690     45.335     6.5827    31.8459      7.959     0.1357 3.1769e-02  1025.2005     6.5789    24.9894     9.5293    290.537    9.94343  303.16204     95.835 -9.990e-29
   39.99842  -72.53988     45.690     45.335     6.5844    31.8467      7.959     0.1357 3.1743e-02  1025.2008     6.5805    24.9899     9.5297    290.547    9.94359  303.16614     95.838 -9.990e-29
   39.99842  -72.53988     45.690     45.335     6.5858    31.8465      7.959     0.1357 3.1644e-02  1025.2001     6.5819    24.9896     9.5297    290.548    9.94348  303.16214     95.839 -9.990e-29
   39.99842  -72.53988     45.690     45.335     6.5866    31.8458      7.959     0.1357 3.1448e-02  1025.1993     6.5827    24.9889     9.5296    290.542    9.94325  303.15450     95.840 -9.990e-29
   39.99842  -72.53988     45.700     45.344     6.5867    31.8449      7.959     0.1357 3.1474e-02  1025.1989     6.5828    24.9882     9.5292    290.532    9.94288  303.14284     95.840 -9.990e-29
   39.99842  -72.53988     45.700     45.344     6.5868    31.8437      7.959     0.1357 3.1500e-02  1025.1977     6.5829    24.9873     9.5288    290.518    9.94246  303.12991     95.839 -9.990e-29
   39.99842  -72.53988     45.690     45.335     6.5867    31.8428      7.959     0.1357 3.1598e-02  1025.1966     6.5828    24.9865     9.5219    290.308    9.94211  303.11949     95.773 -9.990e-29
   39.99842  -72.53988     45.690     45.335     6.5862    31.8424      7.963     0.1357 3.1598e-02  1025.1964     6.5824    24.9863     9.5206    290.269    9.94184  303.11119     95.763 -9.990e-29
   39.99842  -72.53988     45.709     45.354     6.5862    31.8428      7.959     0.1357 3.1572e-02  1025.1970     6.5823    24.9866     9.5193    290.229    9.94157  303.10291     95.753 -9.990e-29
   39.99842  -72.53988     45.690     45.335     6.5862    31.8438      7.959     0.1357 3.1869e-02  1025.1976     6.5824    24.9874     9.5180    290.189    9.94127  303.09407     95.742 -9.990e-29
