CalculateIndicators/WaterTemperature/Data/CTD_NYOS/20240426_C03.cnv
* Sea-Bird SBE 9 Data File:
* FileName = C:\Seabird 9 CTD\Data\2024\202404_offshore\20240426_C03.hex
* Software Version Seasave V 7.23.2
* Temperature SN = 4590
* Conductivity SN = 3228
* Number of Bytes Per Scan = 44
* Number of Voltage Words = 5
* Number of Scans Averaged by the Deck Unit = 1
* NMEA Latitude = 40 26.82 N
* NMEA Longitude = 073 43.11 W
* NMEA UTC (Time) = Apr 26 2024  08:44:13
* NMEA baud rate = 4800
** Ship: Seawolf
** Station: HR2
** Operator: TDK
# nquan = 18
# nvalues = 13373                       
# units = specified
# name 0 = latitude: Latitude [deg]
# name 1 = longitude: Longitude [deg]
# name 2 = prDM: Pressure, Digiquartz [db]
# name 3 = depSM: Depth [salt water, m]
# name 4 = t090C: Temperature [ITS-90, deg C]
# name 5 = sal00: Salinity, Practical [PSU]
# name 6 = ph: pH
# name 7 = flECO-AFL: Fluorescence, WET Labs ECO-AFL/FL [mg/m^3]
# name 8 = cpar: CPAR/Corrected Irradiance [%]
# name 9 = density00: Density [density, kg/m^3]
# name 10 = potemp090C: Potential Temperature [ITS-90, deg C]
# name 11 = sigma-é00: Density [sigma-theta, kg/m^3]
# name 12 = sbeox0Mg/L: Oxygen, SBE 43 [mg/l]
# name 13 = sbox0Mm/Kg: Oxygen, SBE 43 [umol/kg]
# name 14 = oxsolMg/L: Oxygen Saturation, Garcia & Gordon [mg/l]
# name 15 = oxsolMm/Kg: Oxygen Saturation, Garcia & Gordon [umol/kg]
# name 16 = sbeox0PS: Oxygen, SBE 43 [% saturation]
# name 17 = flag:  0.000e+00
# span 0 =   40.44704,   40.44740       
# span 1 =  -73.71930,  -73.71856       
# span 2 =      1.899,     22.681       
# span 3 =      1.885,     22.505       
# span 4 =     7.3288,    10.0012       
# span 5 =    27.8575,    31.0895       
# span 6 =      7.864,      8.167       
# span 7 =     0.4311,     1.3444       
# span 8 = 2.5320e-11, 9.9999e+04       
# span 9 =  1021.3980,  1024.4009       
# span 10 =     7.3268,    10.0004      
# span 11 =    21.3859,    24.2966      
# span 12 =     8.0253,    10.3776      
# span 13 =    244.852,    317.513      
# span 14 =    9.44068,    9.82464      
# span 15 =  288.81740,  299.74202      
# span 16 =     81.724,    109.785      
# span 17 = 0.0000e+00, 0.0000e+00      
# interval = seconds: 0.0416667
# start_time = Apr 26 2024 08:44:15 [System UTC, first data scan.]
# bad_flag = -9.990e-29
*END*
[from data line 5548]
   40.44718  -73.71896     15.489     15.370     8.1734    30.5418      7.944     0.7938 2.5320e-11  1023.8211     8.1720    23.7504     8.7860    268.195    9.66896  295.14794     90.868 -9.990e-29
   40.44718  -73.71896     15.472     15.352     8.1695    30.5452      7.944     0.7938 2.5320e-11  1023.8241     8.1680    23.7536     8.7856    268.183    9.66858  295.13627     90.867 -9.990e-29
   40.44718  -73.71896     15.480     15.360     8.1667    30.5493      7.944     0.7938 2.5320e-11  1023.8286     8.1652    23.7568     8.7901    268.321    9.66805  295.12040     90.919 -9.990e-29
   40.44718  -73.71896     15.492     15.372     8.1713    30.5522      7.944     0.7938 2.5320e-11  1023.8316     8.1699    23.7582     8.7900    268.318    9.66762  295.10738     90.922 -9.990e-29
   40.44718  -73.71896     15.469     15.349     8.1875    30.5522      7.944     0.7938 2.5320e-11  1023.8279     8.1860    23.7564     8.7899    268.313    9.66737  295.09968     90.923 -9.990e-29
   40.44718  -73.71896     15.483     15.363     8.2043    30.5491      7.944     0.7938 2.5320e-11  1023.8249     8.2028    23.7517     8.7831    268.107    9.66692  295.08616     90.857 -9.990e-29
   40.44718  -73.71896     15.480     15.360     8.2237    30.5428      7.944     0.7938 2.5320e-11  1023.8156     8.2222    23.7442     8.7869    268.224    9.66582  295.05334     90.907 -9.990e-29
   40.44718  -73.71896     15.472     15.352     8.2409    30.5346      7.944     0.7803 2.5320e-11  1023.8055     8.2394    23.7355     8.7856    268.184    9.66427  295.00729     90.908 -9.990e-29
   40.44718  -73.71896     15.469     15.349     8.2542    30.5269      7.944     0.7803 2.5320e-11  1023.7981     8.2528    23.7274     8.7838    268.130    9.66244  294.95283     90.906 -9.990e-29
   40.44718  -73.71896     15.472     15.352     8.2665    30.5196      7.944     0.7803 2.5320e-11  1023.7906     8.2651    23.7200     8.7822    268.082    9.66105  294.91124     90.903 -9.990e-29
   40.44718  -73.71896     15.469     15.349     8.2770    30.5132      7.944     0.7938 2.5320e-11  1023.7828     8.2755    23.7137     8.7807    268.040    9.66000  294.88051     90.898 -9.990e-29
   40.44718  -73.71896     15.462     15.342     8.2801    30.5089      7.944     0.7938 2.5320e-11  1023.7795     8.2786    23.7096     8.7789    267.984    9.65876  294.84343     90.890 -9.990e-29
   40.44718  -73.71896     15.462     15.342     8.2814    30.5065      7.944     0.7938 2.5320e-11  1023.7778     8.2799    23.7075     8.7841    268.144    9.65775  294.81285     90.954 -9.990e-29
   40.44718  -73.71896     15.449     15.330     8.2828    30.5052      7.944     0.7938 2.5320e-11  1023.7768     8.2813    23.7063     8.7838    268.134    9.65671  294.78050     90.961 -9.990e-29
   40.44718  -73.71896     15.451     15.331     8.2826    30.5043      7.948     0.8341 2.5320e-11  1023.7766     8.2811    23.7056     8.7883    268.272    9.65456  294.71545     91.027 -9.990e-29
   40.44718  -73.71896     15.459     15.339     8.2819    30.5032      7.948     0.8475 2.5320e-11  1023.7757     8.2804    23.7047     8.7801    268.024    9.65150  294.62472     90.971 -9.990e-29
   40.44718  -73.71896     15.441     15.322     8.2819    30.5016      7.948     0.8475 2.5320e-11  1023.7743     8.2804    23.7035     8.7850    268.175    9.64936  294.56167     91.042 -9.990e-29
   40.44718  -73.71896     15.438     15.319     8.2826    30.5000      7.948     0.8341 2.5320e-11  1023.7724     8.2812    23.7023     8.7842    268.152    9.64792  294.51916     91.047 -9.990e-29
   40.44718  -73.71896     15.441     15.322     8.2820    30.4997      7.948     0.8475 2.5320e-11  1023.7715     8.2806    23.7023     8.7835    268.132    9.64680  294.48579     91.051 -9.990e-29
   40.44718  -73.71896     15.429     15.309     8.2775    30.5016      7.948     0.8475 2.5320e-11  1023.7740     8.2760    23.7043     8.7883    268.280    9.64533  294.44239     91.115 -9.990e-29
   40.44718  -73.71896     15.421     15.301     8.2710    30.5050      7.948     0.8341 2.5320e-11  1023.7788     8.2695    23.7075     8.7875    268.256    9.64377  294.39601     91.121 -9.990e-29
   40.44718  -73.71896     15.418     15.299     8.2685    30.5077      7.948     0.8475 2.5320e-11  1023.7815     8.2670    23.7101     8.7865    268.227    9.64236  294.35431     91.124 -9.990e-29
   40.44718  -73.71896     15.421     15.301     8.2683    30.5091      7.948     0.8341 2.5320e-11  1023.7821     8.2668    23.7113     8.7918    268.390    9.64136  294.32483     91.188 -9.990e-29
   40.44718  -73.71896     15.408     15.289     8.2680    30.5096      7.948     0.8475 2.5320e-11  1023.7826     8.2665    23.7118     8.7855    268.199    9.64051  294.29995     91.131 -9.990e-29
   40.44718  -73.71896     15.411     15.292     8.2680    30.5100      7.948     0.8475 2.5320e-11  1023.7822     8.2666    23.7122     8.7854    268.195    9.63990  294.28200     91.135 -9.990e-29
   40.44718  -73.71896     15.399     15.279     8.2660    30.5107      7.948     0.8475 2.5320e-11  1023.7835     8.2646    23.7130     8.7914    268.379    9.63951  294.27108     91.201 -9.990e-29
   40.44718  -73.71896     15.401     15.282     8.2637    30.5113      7.948     0.8341 2.5320e-11  1023.7845     8.2623    23.7138     8.7861    268.220    9.63963  294.27495     91.146 -9.990e-29
   40.44718  -73.71896     15.388     15.268     8.2610    30.5114      7.948     0.8341 2.5320e-11  1023.7847     8.2596    23.7143     8.7925    268.413    9.64010  294.28927     91.207 -9.990e-29
   40.44718  -73.71896     15.381     15.262     8.2564    30.5110      7.948     0.8475 2.5320e-11  1023.7853     8.2549    23.7145     8.7934    268.441    9.64070  294.30730     91.211 -9.990e-29
   40.44718  -73.71896     15.378     15.259     8.2526    30.5098      7.953     0.8475 2.5320e-11  1023.7849     8.2511    23.7142     8.8006    268.659    9.64083  294.31065     91.284 -9.990e-29
   40.44718  -73.71896     15.371     15.252     8.2500    30.5096      7.953     0.8475 2.5320e-11  1023.7823     8.2485    23.7149     8.8018    268.698    9.64065  294.30528     91.299 0.0000e+00
   40.44718  -73.71896     15.368     15.249     8.2377    30.5129      7.953     0.8341 2.5320e-11  1023.7880     8.2363    23.7189     8.8028    268.728    9.64045  294.29944     91.311 0.0000e+00
   40.44718  -73.71896     15.360     15.241     8.2230    30.5193      7.953     0.8341 2.5320e-11  1023.7957     8.2216    23.7258     8.8097    268.940    9.64035  294.29617     91.384 0.0000e+00
   40.44718  -73.71896     15.357     15.238     8.2091    30.5266      7.953     0.8475 2.5320e-11  1023.8043     8.2076    23.7333     8.8111    268.980    9.64025  294.29322     91.399 0.0000e+00
   40.44718  -73.71896     15.339     15.221     8.1979    30.5331      7.953     0.8475 2.5320e-11  1023.8110     8.1964    23.7399     8.8120    269.009    9.64013  294.28997     91.410 -9.990e-29
   40.44718  -73.71896     15.350     15.232     8.1901    30.5381      7.953     0.8341 2.5320e-11  1023.8161     8.1886    23.7450     8.8127    269.032    9.64005  294.28758     91.418 -9.990e-29
   40.44718  -73.71896     15.337     15.218     8.1849    30.5417      7.953     0.8475 2.5320e-11  1023.8195     8.1834    23.7485     8.8129    269.038    9.63980  294.27991     91.422 0.0000e+00
   40.44718  -73.71896     15.330     15.211     8.1818    30.5439      7.953     0.8475 2.5320e-11  1023.8216     8.1804    23.7507     8.8189    269.221    9.63953  294.27191     91.487 0.0000e+00
   40.44718  -73.71896     15.327     15.208     8.1798    30.5449      7.953     0.8609 2.5320e-11  1023.8225     8.1783    23.7519     8.8202    269.261    9.63930  294.26489     91.503 -9.990e-29
   40.44718  -73.71896     15.330     15.211     8.1781    30.5450      7.953     0.8609 2.5320e-11  1023.8226     8.1767    23.7523     8.8212    269.289    9.63902  294.25661     91.515 -9.990e-29
   40.44718  -73.71896     15.317     15.199     8.1785    30.5455      7.953     0.8744 2.5320e-11  1023.8219     8.1770    23.7528     8.8218    269.309    9.63880  294.24988     91.524 0.0000e+00
   40.44718  -73.71896     15.309     15.191     8.1758    30.5473      7.953     0.8744 2.5320e-11  1023.8241     8.1744    23.7545     8.8221    269.319    9.63855  294.24237     91.530 0.0000e+00
   40.44718  -73.71896     15.306     15.188     8.1729    30.5501      7.953     0.8744 2.5320e-11  1023.8274     8.1715    23.7570     8.8230    269.347    9.63832  294.23543     91.541 -9.990e-29
   40.44718  -73.71896     15.309     15.191     8.1711    30.5525      7.953     0.8609 2.5320e-11  1023.8297     8.1697    23.7590     8.8288    269.524    9.63802  294.22657     91.604 -9.990e-29
   40.44718  -73.71896     15.297     15.178     8.1716    30.5535      7.953     0.8609 2.5320e-11  1023.8309     8.1702    23.7597     8.8290    269.529    9.63774  294.21807     91.609 -9.990e-29
   40.44718  -73.71896     15.299     15.181     8.1754    30.5526      7.953     0.8744 2.5320e-11  1023.8292     8.1739    23.7586     8.8349    269.710    9.63742  294.20853     91.673 -9.990e-29
   40.44718  -73.71896     15.297     15.178     8.1800    30.5507      7.958     0.8744 2.5320e-11  1023.8261     8.1785    23.7565     8.8351    269.716    9.63705  294.19733     91.679 -9.990e-29
   40.44718  -73.71896     15.279     15.161     8.1827    30.5494      7.958     0.8609 2.5320e-11  1023.8243     8.1813    23.7552     8.8360    269.743    9.63686  294.19181     91.689 -9.990e-29
   40.44718  -73.71896     15.287     15.169     8.1839    30.5493      7.958     0.8744 2.5320e-11  1023.8249     8.1824    23.7548     8.8366    269.761    9.63675  294.18874     91.697 -9.990e-29
   40.44718  -73.71896     15.279     15.161     8.1855    30.5495      7.958     0.8744 2.5320e-11  1023.8249     8.1841    23.7547     8.8369    269.771    9.63670  294.18734     91.700 -9.990e-29
   40.44718  -73.71896     15.287     15.169     8.1879    30.5495      7.958     0.8744 2.5320e-11  1023.8245     8.1865    23.7544     8.8368    269.769    9.63663  294.18525     91.700 -9.990e-29
   40.44718  -73.71896     15.269     15.151     8.1901    30.5492      7.958     0.8609 2.5320e-11  1023.8237     8.1886    23.7540     8.8434    269.971    9.63656  294.18316     91.770 0.0000e+00
   40.44718  -73.71896     15.266     15.148     8.1912    30.5491      7.958     0.8744 2.5320e-11  1023.8236     8.1898    23.7536     8.8383    269.815    9.63654  294.18272     91.717 -9.990e-29
   40.44718  -73.71896     15.269     15.151     8.1930    30.5486      7.958     0.8744 2.5320e-11  1023.8239     8.1916    23.7528     8.8443    269.997    9.63653  294.18232     91.779 -9.990e-29
   40.44718  -73.71896     15.276     15.158     8.1987    30.5465      7.958     0.8744 2.5320e-11  1023.8213     8.1973    23.7504     8.8437    269.979    9.63644  294.17954     91.773 -9.990e-29
   40.44718  -73.71896     15.258     15.140     8.2072    30.5427      7.958     0.8744 2.5320e-11  1023.8162     8.2057    23.7464     8.8436    269.976    9.63637  294.17759     91.773 -9.990e-29
   40.44718  -73.71896     15.266     15.148     8.2168    30.5387      7.958     0.8744 2.5320e-11  1023.8114     8.2154    23.7420     8.8431    269.960    9.63625  294.17365     91.769 -9.990e-29
   40.44718  -73.71896     15.249     15.131     8.2240    30.5351      7.958     0.8609 2.5320e-11  1023.8081     8.2226    23.7381     8.8422    269.933    9.63610  294.16912     91.761 -9.990e-29
   40.44718  -73.71896     15.266     15.148     8.2300    30.5319      7.958     0.8744 2.5320e-11  1023.8040     8.2286    23.7347     8.8411    269.898    9.63604  294.16749     91.750 -9.990e-29
   40.44718  -73.71896     15.258     15.140     8.2364    30.5299      7.958     0.8744 2.5320e-11  1023.8011     8.2350    23.7323     8.8457    270.039    9.63595  294.16475     91.798 0.0000e+00
   40.44718  -73.71896     15.255     15.137     8.2409    30.5298      7.962     0.8744 2.5320e-11  1023.8008     8.2395    23.7315     8.8447    270.009    9.63595  294.16491     91.788 0.0000e+00
   40.44718  -73.71896     15.249     15.131     8.2449    30.5304      7.962     0.8609 2.5320e-11  1023.8023     8.2435    23.7311     8.8442    269.994    9.63597  294.16518     91.783 -9.990e-29
   40.44718  -73.71896     15.255     15.137     8.2547    30.5283      7.962     0.8744 2.5320e-11  1023.8009     8.2533    23.7280     8.8433    269.965    9.63586  294.16199     91.774 -9.990e-29
   40.44718  -73.71896     15.249     15.131     8.2716    30.5223      7.958     0.9012 2.5320e-11  1023.7909     8.2701    23.7214     8.8490    270.141    9.63577  294.15909     91.835 -9.990e-29
   40.44718  -73.71896     15.255     15.137     8.2838    30.5153      7.962     0.9012 2.5320e-11  1023.7827     8.2823    23.7142     8.8483    270.119    9.63576  294.15897     91.828 -9.990e-29
   40.44718  -73.71896     15.249     15.131     8.2917    30.5100      7.962     0.9012 2.5320e-11  1023.7779     8.2902    23.7089     8.8481    270.113    9.63578  294.15951     91.825 -9.990e-29
   40.44718  -73.71896     15.255     15.137     8.2976    30.5061      7.962     0.9012 2.5320e-11  1023.7750     8.2961    23.7048     8.8478    270.104    9.63602  294.16663     91.820 -9.990e-29
   40.44718  -73.71896     15.249     15.131     8.3056    30.5020      7.962     0.9012 2.5320e-11  1023.7704     8.3041    23.7005     8.8536    270.280    9.63654  294.18248     91.875 -9.990e-29
   40.44718  -73.71896     15.255     15.137     8.3141    30.4976      7.962     0.9012 2.5320e-11  1023.7655     8.3127    23.6958     8.8486    270.127    9.63722  294.20269     91.817 -9.990e-29
   40.44718  -73.71896     15.258     15.140     8.3219    30.4933      7.962     0.9012 2.5320e-11  1023.7609     8.3204    23.6914     8.8545    270.306    9.63769  294.21691     91.873 -9.990e-29
   40.44718  -73.71896     15.255     15.137     8.3275    30.4895      7.962     0.9012 2.5320e-11  1023.7572     8.3261    23.6875     8.8547    270.314    9.63813  294.23032     91.872 -9.990e-29
   40.44718  -73.71896     15.258     15.140     8.3324    30.4861      7.962     0.9012 2.5320e-11  1023.7538     8.3310    23.6842     8.8619    270.535    9.63894  294.25479     91.939 -9.990e-29
   40.44718  -73.71896     15.255     15.137     8.3361    30.4831      7.962     0.9012 2.5320e-11  1023.7510     8.3346    23.6814     8.8627    270.558    9.63974  294.27883     91.939 -9.990e-29
   40.44718  -73.71896     15.269     15.151     8.3386    30.4808      7.962     0.9012 2.5320e-11  1023.7485     8.3372    23.6792     8.8688    270.744    9.64020  294.29243     91.998 -9.990e-29
   40.44718  -73.71896     15.255     15.137     8.3385    30.4793      7.962     0.9012 2.5320e-11  1023.7473     8.3371    23.6780     8.8700    270.780    9.64050  294.30132     92.008 -9.990e-29
   40.44718  -73.71896     15.258     15.140     8.3365    30.4790      7.962     0.8878 2.5320e-11  1023.7472     8.3351    23.6780     8.8697    270.770    9.64064  294.30452     92.003 -9.990e-29
   40.44718  -73.71896     15.276     15.158     8.3333    30.4797      7.962     0.9012 2.5320e-11  1023.7489     8.3318    23.6790     8.8697    270.769    9.64061  294.30399     92.003 -9.990e-29
   40.44718  -73.71896     15.269     15.151     8.3323    30.4807      7.962     0.9012 2.5320e-11  1023.7502     8.3308    23.6799     8.8757    270.954    9.64090  294.31299     92.063 -9.990e-29
   40.44718  -73.71896     15.276     15.158     8.3330    30.4811      7.962     0.9012 2.5320e-11  1023.7504     8.3315    23.6801     8.8772    270.998    9.64137  294.32712     92.074 -9.990e-29
   40.44718  -73.71896     15.269     15.151     8.3342    30.4808      7.962     0.8878 2.5320e-11  1023.7493     8.3328    23.6798     8.8843    271.217    9.64184  294.34106     92.144 -9.990e-29
