CalculateIndicators/WaterTemperature/Data/CTD_NYOS/20240710_C21.cnv
* Sea-Bird SBE 9 Data File:
* FileName = C:\Seabird 9 CTD\Data\2024\202407_offshore\20240710_C21.hex
* Software Version Seasave V 7.23.2
* Temperature SN = 4590
* Conductivity SN = 3228
* Number of Bytes Per Scan = 44
* Number of Voltage Words = 5
* Number of Scans Averaged by the Deck Unit = 1
* NMEA Latitude = 40 33.50 N
* NMEA Longitude = 072 26.88 W
* NMEA UTC (Time) = Jul 10 2024  14:00:20
* NMEA baud rate = 4800
** Ship: seawolf
** Station: 10.2
** Operator: TCM
# nquan = 18
# nvalues = 11491                       
# units = specified
# name 0 = latitude: Latitude [deg]
# name 1 = longitude: Longitude [deg]
# name 2 = prDM: Pressure, Digiquartz [db]
# name 3 = depSM: Depth [salt water, m]
# name 4 = t090C: Temperature [ITS-90, deg C]
# name 5 = sal00: Salinity, Practical [PSU]
# name 6 = ph: pH
# name 7 = flECO-AFL: Fluorescence, WET Labs ECO-AFL/FL [mg/m^3]
# name 8 = cpar: CPAR/Corrected Irradiance [%]
# name 9 = density00: Density [density, kg/m^3]
# name 10 = potemp090C: Potential Temperature [ITS-90, deg C]
# name 11 = sigma-é00: Density [sigma-theta, kg/m^3]
# name 12 = sbeox0Mg/L: Oxygen, SBE 43 [mg/l]
# name 13 = sbox0Mm/Kg: Oxygen, SBE 43 [umol/kg]
# name 14 = oxsolMg/L: Oxygen Saturation, Garcia & Gordon [mg/l]
# name 15 = oxsolMm/Kg: Oxygen Saturation, Garcia & Gordon [umol/kg]
# name 16 = sbeox0PS: Oxygen, SBE 43 [% saturation]
# name 17 = flag:  0.000e+00
# span 0 =   40.55832,   40.55952       
# span 1 =  -72.44804,  -72.44750       
# span 2 =      1.860,     42.253       
# span 3 =      1.845,     41.923       
# span 4 =     7.6155,    22.6750       
# span 5 =    29.5016,    32.7659       
# span 6 =      7.877,      8.190       
# span 7 =     0.0013,     3.0905       
# span 8 = 2.7255e-03, 4.0093e+01       
# span 9 =  1020.0345,  1025.2318       
# span 10 =     7.6116,    22.6745      
# span 11 =    20.0639,    25.0891      
# span 12 =     7.0924,     9.7672      
# span 13 =    216.279,    298.247      
# span 14 =    7.23736,    9.71677      
# span 15 =  221.61034,  296.30635      
# span 16 =     73.062,    118.664      
# span 17 = 0.0000e+00, 0.0000e+00      
# interval = seconds: 0.0416667
# start_time = Jul 10 2024 14:00:21 [System UTC, first data scan.]
# bad_flag = -9.990e-29
*END*
[from data line 6674]
   40.55912  -72.44778     12.698     12.600     9.0857    31.6805      7.938     0.8475 6.0877e-01  1024.5630     9.0844    24.5068     8.6432    263.667    9.30299  283.79280     92.908 -9.990e-29
   40.55912  -72.44778     12.671     12.573     9.0811    31.6874      7.933     0.8475 6.1280e-01  1024.5683     9.0798    24.5130     8.6450    263.725    9.30196  283.76457     92.938 -9.990e-29
   40.55912  -72.44778     12.678     12.580     9.0741    31.6874      7.933     0.8475 6.1511e-01  1024.5822     9.0728    24.5205     8.6436    263.682    9.30237  283.77904     92.918 -9.990e-29
   40.55912  -72.44778     12.661     12.563     9.0707    31.6874      7.933     0.8475 6.1743e-01  1024.5878     9.0693    24.5205     8.6371    263.485    9.30329  283.80750     92.839 0.0000e+00
   40.55912  -72.44778     12.657     12.559     9.0723    31.6807      7.933     0.8475 6.1976e-01  1024.5670     9.0710    24.5091     8.6355    263.435    9.30444  283.84302     92.810 0.0000e+00
   40.55912  -72.44778     12.650     12.552     9.0730    31.6807      7.933     0.8475 6.2210e-01  1024.5439     9.0716    24.4987     8.6350    263.424    9.30650  283.90902     92.785 -9.990e-29
   40.55912  -72.44778     12.648     12.550     9.0665    31.6807      7.938     0.8475 6.2445e-01  1024.5477     9.0652    24.5095     8.6357    263.449    9.30937  284.00032     92.764 -9.990e-29
   40.55912  -72.44778     12.638     12.540     9.0590    31.7311      7.938     0.8475 6.2504e-01  1024.5974     9.0577    24.5500     8.6244    263.106    9.31164  284.07295     92.619 0.0000e+00
   40.55912  -72.44778     12.631     12.533     9.0572    31.7530      7.933     0.8475 6.2681e-01  1024.6806     9.0559    24.5968     8.6229    263.062    9.31384  284.14183     92.581 0.0000e+00
   40.55912  -72.44778     12.627     12.529     9.0813    31.7530      7.933     0.8475 6.2918e-01  1024.7017     9.0800    24.6032     8.6168    262.880    9.31691  284.23850     92.486 0.0000e+00
   40.55912  -72.44778     12.610     12.513     9.1420    31.7530      7.932     0.8475 6.2977e-01  1024.6159     9.1406    24.5560     8.6228    263.066    9.32052  284.35072     92.515 -9.990e-29
   40.55912  -72.44778     12.617     12.520     9.1812    31.6836      7.932     0.8475 6.2977e-01  1024.5333     9.1799    24.4966     8.6187    262.941    9.32430  284.46572     92.433 -9.990e-29
   40.55912  -72.44778     12.617     12.520     9.1881    31.6455      7.932     0.8475 6.3215e-01  1024.5053     9.1867    24.4634     8.6249    263.126    9.32760  284.56549     92.466 -9.990e-29
   40.55912  -72.44778     12.610     12.513     9.1796    31.6455      7.932     0.8475 6.3215e-01  1024.5102     9.1783    24.4572     8.6200    262.975    9.33030  284.64469     92.387 0.0000e+00
   40.55912  -72.44778     12.597     12.499     9.1714    31.6455      7.932     0.8475 6.3215e-01  1024.5159     9.1701    24.4663     8.6140    262.789    9.33211  284.69473     92.305 -9.990e-29
   40.55912  -72.44778     12.601     12.503     9.1629    31.6732      7.932     0.8744 6.3215e-01  1024.5375     9.1616    24.4890     8.6135    262.766    9.33348  284.72930     92.286 -9.990e-29
   40.55912  -72.44778     12.597     12.499     9.1551    31.7145      7.932     0.9147 6.3215e-01  1024.5835     9.1537    24.5219     8.6067    262.551    9.33380  284.73017     92.210 -9.990e-29
   40.55912  -72.44778     12.597     12.499     9.1601    31.7514      7.932     0.9281 6.3215e-01  1024.6172     9.1588    24.5501     8.6038    262.457    9.33238  284.68061     92.194 -9.990e-29
   40.55912  -72.44778     12.580     12.483     9.1756    31.7705      7.932     0.9281 6.3215e-01  1024.6280     9.1743    24.5629     8.5939    262.151    9.32998  284.60463     92.111 -9.990e-29
   40.55912  -72.44778     12.587     12.490     9.1973    31.7705      7.932     0.9281 6.3215e-01  1024.6215     9.1960    24.5624     8.5935    262.138    9.32626  284.49044     92.143 -9.990e-29
   40.55912  -72.44778     12.590     12.492     9.2177    31.7705      7.932     0.9281 6.3215e-01  1024.6122     9.2164    24.5571     8.5829    261.814    9.32256  284.37786     92.065 -9.990e-29
   40.55912  -72.44778     12.576     12.479     9.2354    31.7694      7.932     0.9147 6.3215e-01  1024.6104     9.2340    24.5530     8.5793    261.707    9.31989  284.29659     92.054 -9.990e-29
   40.55912  -72.44778     12.576     12.479     9.2550    31.7684      7.932     0.9281 6.3037e-01  1024.6076     9.2536    24.5491     8.5756    261.593    9.31692  284.20625     92.044 -9.990e-29
   40.55912  -72.44778     12.569     12.472     9.2771    31.7660      7.932     0.9281 6.3215e-01  1024.6007     9.2758    24.5440     8.5660    261.302    9.31312  284.09074     91.978 0.0000e+00
   40.55912  -72.44778     12.566     12.469     9.2969    31.7632      7.932     0.9281 6.3037e-01  1024.5959     9.2956    24.5386     8.5633    261.216    9.30998  283.99471     91.979 0.0000e+00
   40.55912  -72.44778     12.560     12.462     9.3162    31.7577      7.932     0.9147 6.3215e-01  1024.5929     9.3148    24.5308     8.5617    261.168    9.30777  283.92735     91.984 0.0000e+00
   40.55912 -9.990e-29     12.557     12.460     9.3438    31.7429      7.932     0.9281 6.2858e-01  1024.5786     9.3424    24.5149     8.5539    260.932    9.30509  283.84492     91.928 -9.990e-29
   40.55912 -9.990e-29     12.557     12.460     9.3808    31.7429      7.932     0.9147 6.3037e-01  1024.5411     9.3795    24.4959     8.5510    260.841    9.30191  283.74799     91.927 -9.990e-29
   40.55912 -9.990e-29     12.550     12.453     9.4063    31.7429      7.932     0.9281 6.3037e-01  1024.5316     9.4050    24.4950     8.5433    260.610    9.29896  283.66135     91.874 0.0000e+00
   40.55912 -9.990e-29     12.546     12.449     9.4260    31.7669      7.931     0.9281 6.3096e-01  1024.5756     9.4247    24.5204     8.5430    260.605    9.29722  283.61356     91.887 0.0000e+00
   40.55912 -9.990e-29     12.536     12.439     9.4594    31.7851      7.931     0.9281 6.3096e-01  1024.6229     9.4580    24.5492     8.5380    260.457    9.29695  283.60996     91.836 0.0000e+00
   40.55912 -9.990e-29     12.529     12.432     9.5034    31.7851      7.931     0.9281 6.3096e-01  1024.6318     9.5021    24.5512     8.5386    260.479    9.29690  283.61163     91.844 -9.990e-29
   40.55912 -9.990e-29     12.527     12.430     9.5493    31.7851      7.931     0.9281 6.3156e-01  1024.5844     9.5479    24.5169     8.5404    260.535    9.29681  283.61099     91.864 -9.990e-29
   40.55912 -9.990e-29     12.529     12.432     9.5803    31.7218      7.931     0.9281 6.3156e-01  1024.5156     9.5790    24.4628     8.5369    260.433    9.29700  283.61997     91.825 -9.990e-29
   40.55912 -9.990e-29     12.516     12.419     9.5922    31.6568      7.931     0.9147 6.3216e-01  1024.4620     9.5909    24.4094     8.5398    260.523    9.29802  283.65531     91.845 0.0000e+00
   40.55912 -9.990e-29     12.506     12.409     9.5997    31.6017      7.931     0.9281 6.3216e-01  1024.4151     9.5984    24.3654     8.5388    260.499    9.30067  283.74015     91.809 0.0000e+00
   40.55912 -9.990e-29     12.499     12.402     9.5978    31.5637      7.931     0.9147 6.3276e-01  1024.3802     9.5964    24.3364     8.5455    260.703    9.30443  283.85541     91.844 0.0000e+00
   40.55912 -9.990e-29     12.495     12.398     9.5787    31.5637      7.931     0.9281 6.3276e-01  1024.3747     9.5773    24.3279     8.5516    260.885    9.30781  283.95383     91.876 0.0000e+00
   40.55912 -9.990e-29     12.489     12.393     9.5532    31.5637      7.931     0.9281 6.3336e-01  1024.3889     9.5519    24.3379     8.5561    261.013    9.30909  283.98377     91.911 0.0000e+00
   40.55912 -9.990e-29     12.476     12.379     9.5292    31.5829      7.931     0.9281 6.3396e-01  1024.4118     9.5279    24.3607     8.5588    261.083    9.30734  283.91745     91.957 0.0000e+00
   40.55912 -9.990e-29     12.465     12.368     9.5110    31.6214      7.931     0.9818 6.3575e-01  1024.4462     9.5097    24.3935     8.5596    261.101    9.30361  283.79675     92.003 -9.990e-29
   40.55912 -9.990e-29     12.469     12.372     9.4970    31.6663      7.936     1.0087 6.3636e-01  1024.4924     9.4957    24.4301     8.5548    260.955    9.30067  283.70741     91.980 -9.990e-29
   40.55912 -9.990e-29     12.445     12.349     9.4992    31.6924      7.931     1.0087 6.3636e-01  1024.5278     9.4978    24.4555     8.5554    260.974    9.29763  283.61532     92.017 0.0000e+00
   40.55912 -9.990e-29     12.439     12.342     9.5239    31.6924      7.931     1.0087 6.3877e-01  1024.5253     9.5226    24.4573     8.5557    260.983    9.29388  283.50222     92.057 0.0000e+00
   40.55912 -9.990e-29     12.425     12.329     9.5609    31.6924      7.931     0.9952 6.3877e-01  1024.4939     9.5596    24.4428     8.5575    261.042    9.29122  283.42306     92.103 -9.990e-29
   40.55912 -9.990e-29     12.425     12.329     9.5767    31.6808      7.931     1.0087 6.4119e-01  1024.4808     9.5754    24.4311     8.5542    260.941    9.28875  283.34933     92.092 -9.990e-29
   40.55912 -9.990e-29     12.408     12.312     9.5749    31.6779      7.931     1.0087 6.4119e-01  1024.4855     9.5736    24.4279     8.5620    261.184    9.28613  283.27284     92.202 0.0000e+00
   40.55912 -9.990e-29     12.404     12.308     9.5774    31.6750      7.931     1.0087 6.4119e-01  1024.4849     9.5760    24.4249     8.5652    261.282    9.28343  283.19192     92.263 0.0000e+00
   40.55912 -9.990e-29     12.384     12.288     9.5879    31.6671      7.936     0.9952 6.4362e-01  1024.4743     9.5865    24.4176     8.5623    261.195    9.28078  283.11192     92.258 0.0000e+00
   40.55912 -9.990e-29     12.377     12.281     9.5964    31.6569      7.931     1.0087 6.4544e-01  1024.4634     9.5951    24.4087     8.5650    261.278    9.27825  283.03630     92.313 0.0000e+00
   40.55912 -9.990e-29     12.353     12.258     9.5971    31.6488      7.931     1.0087 6.4727e-01  1024.4561     9.5958    24.4021     8.5692    261.410    9.27604  282.97167     92.380 0.0000e+00
   40.55912 -9.990e-29     12.346     12.251     9.5935    31.6431      7.931     1.0087 6.4727e-01  1024.4543     9.5922    24.3980     8.5738    261.555    9.27383  282.91021     92.452 0.0000e+00
   40.55912 -9.990e-29     12.333     12.237     9.5889    31.6359      7.931     1.0087 6.5278e-01  1024.4523     9.5875    24.3932     8.5784    261.699    9.27186  282.85572     92.520 0.0000e+00
   40.55912 -9.990e-29     12.323     12.228     9.5831    31.6234      7.931     1.0087 6.5341e-01  1024.4416     9.5818    24.3843     8.5778    261.683    9.27003  282.80127     92.533 0.0000e+00
   40.55912 -9.990e-29     12.316     12.221     9.5747    31.6071      7.931     1.0087 6.5526e-01  1024.4281     9.5733    24.3726     8.5833    261.852    9.26868  282.76125     92.605 0.0000e+00
   40.55912 -9.990e-29     12.293     12.198     9.5686    31.5916      7.931     0.9952 6.5897e-01  1024.4155     9.5673    24.3617     8.5831    261.849    9.26704  282.71305     92.620 0.0000e+00
   40.55912 -9.990e-29     12.283     12.188     9.5607    31.5781      7.931     1.0087 6.6084e-01  1024.4092     9.5594    24.3525     8.5804    261.765    9.26469  282.64171     92.614 0.0000e+00
   40.55912 -9.990e-29     12.265     12.170     9.5504    31.5651      7.931     1.0087 6.6147e-01  1024.3984     9.5491    24.3441     8.5906    262.078    9.26385  282.61805     92.732 0.0000e+00
   40.55912 -9.990e-29     12.242     12.147     9.5366    31.5550      7.931     0.9952 6.6711e-01  1024.3904     9.5353    24.3384     8.5921    262.130    9.26561  282.67909     92.731 -9.990e-29
   40.55912 -9.990e-29     12.242     12.147     9.5190    31.5550      7.931     1.0087 6.7089e-01  1024.3912     9.5177    24.3379     8.6019    262.439    9.26937  282.80178     92.800 -9.990e-29
   40.55912 -9.990e-29     12.216     12.121     9.5024    31.5550      7.931     0.9952 6.7153e-01  1024.3949     9.5011    24.3431     8.6127    262.770    9.27407  282.94872     92.868 0.0000e+00
   40.55912 -9.990e-29     12.212     12.117     9.4859    31.5659      7.931     1.0087 6.7726e-01  1024.4066     9.4846    24.3545     8.6192    262.970    9.27904  283.10163     92.889 0.0000e+00
   40.55912 -9.990e-29     12.181     12.087     9.4713    31.5861      7.931     0.9952 6.8110e-01  1024.4246     9.4700    24.3728     8.6290    263.264    9.28239  283.20037     92.961 0.0000e+00
   40.55912 -9.990e-29     12.174     12.080     9.4559    31.6143      7.931     0.9952 6.8110e-01  1024.4503     9.4546    24.3970     8.6300    263.286    9.28304  283.20737     92.966 0.0000e+00
   40.55912 -9.990e-29     12.151     12.057     9.4432    31.6458      7.931     1.0221 6.8756e-01  1024.4820     9.4420    24.4232     8.6333    263.373    9.28051  283.11673     93.026 0.0000e+00
   40.55912 -9.990e-29     12.135     12.041     9.4417    31.6723      7.931     1.0490 6.9146e-01  1024.5046     9.4405    24.4441     8.6306    263.292    9.27314  282.89253     93.071 0.0000e+00
   40.55912 -9.990e-29     12.121     12.027     9.4490    31.6890      7.931     1.0624 6.9341e-01  1024.5152     9.4477    24.4561     8.6188    262.933    9.26230  282.56602     93.052 0.0000e+00
   40.55912 -9.990e-29     12.110     12.016     9.4651    31.6974      7.931     1.0624 6.9735e-01  1024.5177     9.4638    24.4606     8.6147    262.807    9.25416  282.31602     93.090 0.0000e+00
   40.55912 -9.990e-29     12.084     11.990     9.4826    31.7010      7.931     1.0624 7.0396e-01  1024.5162     9.4813    24.4610     8.6198    262.974    9.25395  282.32014     93.147 0.0000e+00
   40.55912 -9.990e-29     12.080     11.986     9.4954    31.7029      7.931     1.0490 7.0595e-01  1024.5148     9.4941    24.4602     8.6227    263.079    9.25763  282.44926     93.142 0.0000e+00
   40.55912 -9.990e-29     12.059     11.966     9.5092    31.7050      7.931     1.0490 7.0996e-01  1024.5142     9.5079    24.4594     8.6339    263.426    9.26354  282.63719     93.203 0.0000e+00
   40.55912 -9.990e-29     12.033     11.940     9.5269    31.7075      7.931     1.0624 7.1803e-01  1024.5133     9.5256    24.4589     8.6463    263.803    9.26989  282.83057     93.273 0.0000e+00
   40.55912 -9.990e-29     12.019     11.926     9.5414    31.7102      7.931     1.0490 7.1803e-01  1024.5131     9.5402    24.4589     8.6584    264.169    9.27613  283.01707     93.340 0.0000e+00
   40.55912 -9.990e-29     12.008     11.915     9.5514    31.7136      7.931     1.0624 7.2210e-01  1024.5136     9.5501    24.4595     8.6649    264.363    9.28214  283.19405     93.350 0.0000e+00
   40.55912 -9.990e-29     11.992     11.899     9.5627    31.7136      7.931     1.0490 7.3031e-01  1024.5163     9.5615    24.4599     8.6700    264.509    9.28693  283.33129     93.357 0.0000e+00
   40.55912 -9.990e-29     11.968     11.876     9.5775    31.7136      7.931     1.0490 7.3516e-01  1024.5157     9.5763    24.4564     8.6780    264.745    9.28995  283.41498     93.412 -9.990e-29
   40.55912 -9.990e-29     11.968     11.876     9.5956    31.7046      7.931     1.0624 7.3724e-01  1024.5031     9.5943    24.4458     8.6841    264.925    9.29089  283.43702     93.469 -9.990e-29
   40.55912 -9.990e-29     11.917     11.825     9.6104    31.6873      7.931     1.0624 7.4491e-01  1024.4837     9.6091    24.4302     8.6823    264.864    9.29012  283.40566     93.457 -9.990e-29
   40.55912 -9.990e-29     11.942     11.850     9.6177    31.6696      7.936     1.0624 7.4702e-01  1024.4668     9.6164    24.4149     8.6852    264.946    9.28856  283.35057     93.505 -9.990e-29
