CalculateIndicators/WaterTemperature/Data/CTD_NYOS/20240709_C15.cnv
* Sea-Bird SBE 9 Data File:
* FileName = C:\Seabird 9 CTD\Data\2024\202407_offshore\20240709_C15.hex
* Software Version Seasave V 7.23.2
* Temperature SN = 4590
* Conductivity SN = 3228
* Number of Bytes Per Scan = 44
* Number of Voltage Words = 5
* Number of Scans Averaged by the Deck Unit = 1
* NMEA Latitude = 39 46.55 N
* NMEA Longitude = 072 23.36 W
* NMEA UTC (Time) = Jul 09 2024  22:19:42
* NMEA baud rate = 4800
** Ship: seawolf
** Station: 9.5
** Operator: TDK
# nquan = 18
# nvalues = 20774                       
# units = specified
# name 0 = latitude: Latitude [deg]
# name 1 = longitude: Longitude [deg]
# name 2 = prDM: Pressure, Digiquartz [db]
# name 3 = depSM: Depth [salt water, m]
# name 4 = t090C: Temperature [ITS-90, deg C]
# name 5 = sal00: Salinity, Practical [PSU]
# name 6 = ph: pH
# name 7 = flECO-AFL: Fluorescence, WET Labs ECO-AFL/FL [mg/m^3]
# name 8 = cpar: CPAR/Corrected Irradiance [%]
# name 9 = density00: Density [density, kg/m^3]
# name 10 = potemp090C: Potential Temperature [ITS-90, deg C]
# name 11 = sigma-é00: Density [sigma-theta, kg/m^3]
# name 12 = sbeox0Mg/L: Oxygen, SBE 43 [mg/l]
# name 13 = sbox0Mm/Kg: Oxygen, SBE 43 [umol/kg]
# name 14 = oxsolMg/L: Oxygen Saturation, Garcia & Gordon [mg/l]
# name 15 = oxsolMm/Kg: Oxygen Saturation, Garcia & Gordon [umol/kg]
# name 16 = sbeox0PS: Oxygen, SBE 43 [% saturation]
# name 17 = flag:  0.000e+00
# span 0 =   39.77582,   39.77714       
# span 1 =  -72.38942,  -72.38912       
# span 2 =      1.813,     80.980       
# span 3 =      1.799,     80.345       
# span 4 =     7.3807,    24.8768       
# span 5 =    30.0579,    34.3150       
# span 6 =      7.977,      8.262       
# span 7 =    -0.0658,     1.3310       
# span 8 = 9.2073e-14, 9.8912e+01       
# span 9 =  1019.6975,  1026.0982       
# span 10 =     7.3764,    24.8763      
# span 11 =    19.7272,    25.7330      
# span 12 =     6.9643,    10.2620      
# span 13 =    212.810,    313.008      
# span 14 =    6.96283,    9.71712      
# span 15 =  213.33220,  296.12304      
# span 16 =     79.595,    118.080      
# span 17 = 0.0000e+00, 0.0000e+00      
# interval = seconds: 0.0416667
# start_time = Jul 09 2024 22:19:44 [System UTC, first data scan.]
# bad_flag = -9.990e-29
*END*
[from data line 20101]
   39.77710  -72.38914      2.231      2.214    24.8177    30.4855 -9.990e-29     0.3774 2.8062e+01  1019.9978    24.8172    19.9880     7.3178    224.204    6.96676  213.44953    105.038 -9.990e-29
   39.77710  -72.38914      2.230      2.213    24.8180    30.4858 -9.990e-29     0.3774 2.7609e+01  1019.9979    24.8176    19.9881     7.3172    224.187    6.96664  213.44600    105.032 -9.990e-29
   39.77710  -72.38914      2.250      2.233    24.8186    30.4859 -9.990e-29     0.3774 2.6784e+01  1019.9974    24.8181    19.9880     7.3126    224.047    6.96653  213.44262    104.968 -9.990e-29
   39.77710  -72.38914      2.261      2.244    24.8193    30.4861 -9.990e-29     0.3774 2.6427e+01  1019.9975    24.8189    19.9880     7.3122    224.032    6.96646  213.44077    104.962 -9.990e-29
   39.77710  -72.38914      2.282      2.265    24.8198    30.4865 -9.990e-29     0.3505 2.7351e+01  1019.9979    24.8194    19.9881     7.3155    224.134    6.96638  213.43844    105.011 -9.990e-29
   39.77710  -72.38914      2.292      2.274    24.8204    30.4870 -9.990e-29     0.3505 3.0369e+01  1019.9981    24.8199    19.9882     7.3110    223.996    6.96631  213.43619    104.947 -9.990e-29
   39.77710  -72.38914      2.322      2.304    24.8213    30.4877 -9.990e-29     0.3505 3.1520e+01  1019.9978    24.8208    19.9885     7.3144    224.100    6.96632  213.43684    104.996 -9.990e-29
   39.77710  -72.38914      2.341      2.323    24.8222    30.4895 -9.990e-29     0.3505 3.0732e+01  1019.9992    24.8217    19.9896     7.3140    224.088    6.96631  213.43649    104.991 -9.990e-29
   39.77710  -72.38914      2.362      2.344    24.8233    30.4920 -9.990e-29     0.3505 2.7172e+01  1020.0019    24.8228    19.9912     7.3097    223.957    6.96642  213.43982    104.927 -9.990e-29
   39.77710  -72.38914      2.382      2.364    24.8251    30.4920 -9.990e-29     0.3505 2.5686e+01  1020.0031    24.8246    19.9919     7.3094    223.947    6.96648  213.44186    104.922 -9.990e-29
   39.77710  -72.38914      2.403      2.385    24.8276    30.4920 -9.990e-29     0.3505 2.5703e+01  1020.0020    24.8271    19.9911     7.3089    223.934    6.96665  213.44709    104.913 -9.990e-29
   39.77710  -72.38914      2.433      2.415    24.8305    30.4920 -9.990e-29     0.3505 2.7343e+01  1019.9996    24.8300    19.9892     7.3124    224.041    6.96670  213.44850    104.962 -9.990e-29
   39.77710  -72.38914      2.454      2.435    24.8332    30.4901 -9.990e-29     0.3505 2.8220e+01  1019.9973    24.8326    19.9870     7.3125    224.042    6.96676  213.45039    104.962 -9.990e-29
   39.77710  -72.38914      2.473      2.454    24.8352    30.4884 -9.990e-29     0.3505 2.8239e+01  1019.9956    24.8347    19.9851     7.3127    224.049    6.96700  213.45796    104.962 -9.990e-29
   39.77710  -72.38914      2.494      2.475    24.8368    30.4869 -9.990e-29     0.3505 2.6619e+01  1019.9936    24.8362    19.9835     7.3129    224.055    6.96723  213.46441    104.961 -9.990e-29
   39.77710  -72.38914      2.514      2.495    24.8384    30.4861 -9.990e-29     0.3505 2.5608e+01  1019.9930    24.8379    19.9825     7.3129    224.055    6.96722  213.46374    104.962 -9.990e-29
   39.77710  -72.38914      2.534      2.514    24.8388    30.4856 -9.990e-29     0.3505 2.5465e+01  1019.9930    24.8382    19.9819     7.3128    224.051    6.96709  213.45954    104.962 -9.990e-29
   39.77710  -72.38914      2.544      2.525    24.8397    30.4856 -9.990e-29     0.3505 2.8117e+01  1019.9918    24.8392    19.9813     7.3168    224.173    6.96699  213.45661    105.020 -9.990e-29
   39.77710  -72.38914      2.565      2.545    24.8407    30.4853 -9.990e-29     0.3505 3.0786e+01  1019.9915    24.8402    19.9811     7.3173    224.188    6.96687  213.45306    105.029 -9.990e-29
   39.77710  -72.38914      2.565      2.545    24.8414    30.4852 -9.990e-29     0.3505 3.1309e+01  1019.9930    24.8409    19.9813     7.3179    224.207    6.96686  213.45299    105.038 -9.990e-29
   39.77710  -72.38914      2.584      2.565    24.8422    30.4847 -9.990e-29     0.3505 3.0633e+01  1019.9929    24.8416    19.9801     7.3144    224.101    6.96682  213.45168    104.989 -9.990e-29
   39.77710  -72.38914      2.595      2.575    24.8434    30.4810 -9.990e-29     0.3505 3.0036e+01  1019.9880    24.8428    19.9771     7.3188    224.236    6.96681  213.45170    105.052 -9.990e-29
   39.77710  -72.38914      2.595      2.575    24.8442    30.4775 -9.990e-29     0.3505 2.9804e+01  1019.9836    24.8436    19.9744     7.3155    224.134    6.96686  213.45303    105.004 -9.990e-29
   39.77710  -72.38914      2.615      2.595    24.8431    30.4775 -9.990e-29     0.3505 2.9554e+01  1019.9845    24.8425    19.9740     7.3199    224.271    6.96687  213.45346    105.068 -9.990e-29
   39.77710  -72.38914      2.635      2.615    24.8413    30.4775 -9.990e-29     0.3505 2.9243e+01  1019.9868    24.8407    19.9750     7.3207    224.293    6.96688  213.45378    105.078 -9.990e-29
   39.77710  -72.38914      2.626      2.605    24.8401    30.4775 -9.990e-29     0.3505 2.9079e+01  1019.9873    24.8395    19.9757     7.3214    224.314    6.96688  213.45350    105.088 -9.990e-29
   39.77710  -72.38914      2.646      2.626    24.8391    30.4775 -9.990e-29     0.3505 2.9079e+01  1019.9871    24.8386    19.9757     7.3220    224.335    6.96684  213.45245    105.098 -9.990e-29
   39.77710  -72.38914      2.646      2.626    24.8382    30.4773 -9.990e-29     0.3505 2.8854e+01  1019.9866    24.8376    19.9757     7.3227    224.357    6.96681  213.45131    105.109 -9.990e-29
   39.77710  -72.38914      2.665      2.645    24.8366    30.4773 -9.990e-29     0.3505 2.8854e+01  1019.9872    24.8360    19.9760     7.3235    224.379    6.96680  213.45110    105.120 -9.990e-29
   39.77710  -72.38914      2.656      2.635    24.8354    30.4773 -9.990e-29     0.3505 2.8935e+01  1019.9880    24.8348    19.9766     7.3239    224.392    6.96677  213.45012    105.126 -9.990e-29
   39.77710  -72.38914      2.676      2.656    24.8341    30.4780 -9.990e-29     0.3505 2.9511e+01  1019.9887    24.8335    19.9775     7.3244    224.407    6.96677  213.45018    105.133 -9.990e-29
   39.77710  -72.38914      2.665      2.645    24.8325    30.4789 -9.990e-29     0.3505 2.9677e+01  1019.9901    24.8319    19.9786     7.3248    224.419    6.96671  213.44826    105.140 -9.990e-29
   39.77710  -72.38914      2.676      2.656    24.8312    30.4800 -9.990e-29     0.3505 2.9677e+01  1019.9912    24.8307    19.9797     7.3293    224.556    6.96666  213.44691    105.205 -9.990e-29
   39.77710  -72.38914      2.686      2.666    24.8305    30.4810 -9.990e-29     0.3505 2.9865e+01  1019.9924    24.8299    19.9808     7.3259    224.453    6.96662  213.44572    105.157 -9.990e-29
   39.77710  -72.38914      2.686      2.666    24.8299    30.4818 -9.990e-29     0.3505 3.0033e+01  1019.9931    24.8294    19.9815     7.3263    224.465    6.96656  213.44396    105.163 -9.990e-29
   39.77710  -72.38914      2.686      2.666    24.8296    30.4823 -9.990e-29     0.3505 3.0097e+01  1019.9936    24.8290    19.9820     7.3266    224.476    6.96647  213.44105    105.170 -9.990e-29
   39.77710  -72.38914      2.696      2.675    24.8297    30.4829 -9.990e-29     0.3505 2.9929e+01  1019.9939    24.8292    19.9824     7.3270    224.487    6.96638  213.43860    105.176 -9.990e-29
   39.77710  -72.38914      2.696      2.675    24.8301    30.4835 -9.990e-29     0.3505 2.9845e+01  1019.9946    24.8295    19.9828     7.3270    224.487    6.96622  213.43387    105.179 -9.990e-29
   39.77710  -72.38914      2.696      2.675    24.8307    30.4839 -9.990e-29     0.3505 2.9761e+01  1019.9946    24.8301    19.9829     7.3270    224.488    6.96613  213.43091    105.181 -9.990e-29
   39.77710  -72.38914      2.696      2.675    24.8317    30.4841 -9.990e-29     0.3505 2.9017e+01  1019.9943    24.8312    19.9828     7.3311    224.614    6.96605  213.42861    105.241 -9.990e-29
   39.77710  -72.38914      2.686      2.666    24.8325    30.4841 -9.990e-29     0.3505 2.8451e+01  1019.9942    24.8319    19.9826     7.3315    224.626    6.96605  213.42903    105.246 -9.990e-29
   39.77710  -72.38914      2.696      2.675    24.8334    30.4843 -9.990e-29     0.3505 2.8371e+01  1019.9937    24.8328    19.9825     7.3278    224.513    6.96602  213.42788    105.194 -9.990e-29
   39.77710  -72.38914      2.686      2.666    24.8339    30.4848 -9.990e-29     0.3505 2.7818e+01  1019.9943    24.8334    19.9827     7.3278    224.514    6.96599  213.42733    105.195 -9.990e-29
   39.77710  -72.38914      2.686      2.666    24.8352    30.4851 -9.990e-29     0.3505 2.7123e+01  1019.9944    24.8346    19.9827     7.3320    224.641    6.96601  213.42814    105.254 -9.990e-29
   39.77710  -72.38914      2.676      2.656    24.8366    30.4851 -9.990e-29     0.3505 2.6971e+01  1019.9939    24.8360    19.9823     7.3283    224.528    6.96604  213.42960    105.200 -9.990e-29
   39.77710  -72.38914      2.665      2.645    24.8377    30.4851 -9.990e-29     0.3505 2.6895e+01  1019.9932    24.8372    19.9818     7.3282    224.526    6.96624  213.43566    105.196 -9.990e-29
   39.77710  -72.38914      2.665      2.645    24.8391    30.4848 -9.990e-29     0.3505 2.6669e+01  1019.9925    24.8386    19.9812     7.3282    224.524    6.96645  213.44170    105.192 -9.990e-29
   39.77710  -72.38914      2.646      2.626    24.8402    30.4846 -9.990e-29     0.3505 2.6594e+01  1019.9920    24.8396    19.9806     7.3283    224.528    6.96661  213.44648    105.192 -9.990e-29
   39.77710  -72.38914      2.646      2.626    24.8414    30.4843 -9.990e-29     0.3505 2.6520e+01  1019.9914    24.8409    19.9802     7.3281    224.523    6.96676  213.45070    105.187 -9.990e-29
   39.77710  -72.38914      2.626      2.606    24.8424    30.4841 -9.990e-29     0.3505 2.6297e+01  1019.9910    24.8419    19.9797     7.3241    224.401    6.96688  213.45463    105.128 -9.990e-29
   39.77710  -72.38914      2.626      2.606    24.8436    30.4837 -9.990e-29     0.3505 2.6223e+01  1019.9901    24.8431    19.9791     7.3240    224.396    6.96705  213.45972    105.123 -9.990e-29
   39.77710  -72.38914      2.605      2.585    24.8442    30.4834 -9.990e-29     0.3505 2.6131e+01  1019.9898    24.8436    19.9787     7.3235    224.381    6.96722  213.46465    105.114 -9.990e-29
   39.77710  -72.38914      2.595      2.576    24.8449    30.4832 -9.990e-29     0.3505 2.5622e+01  1019.9894    24.8444    19.9782     7.3271    224.491    6.96737  213.46908    105.163 -9.990e-29
   39.77710  -72.38914      2.584      2.565    24.8457    30.4827 -9.990e-29     0.3237 2.5335e+01  1019.9887    24.8452    19.9777     7.3231    224.368    6.96753  213.47385    105.103 -9.990e-29
   39.77710  -72.38914      2.575      2.555    24.8458    30.4821 -9.990e-29     0.3237 2.5335e+01  1019.9882    24.8452    19.9771     7.3225    224.350    6.96761  213.47620    105.094 -9.990e-29
   39.77710  -72.38914      2.554      2.535    24.8462    30.4814 -9.990e-29     0.3237 2.5694e+01  1019.9874    24.8456    19.9766     7.3223    224.342    6.96773  213.47968    105.088 -9.990e-29
   39.77710  -72.38914      2.554      2.535    24.8454    30.4807 -9.990e-29     0.3237 2.5894e+01  1019.9873    24.8449    19.9762     7.3220    224.333    6.96783  213.48241    105.083 -9.990e-29
   39.77710  -72.38914      2.524      2.505    24.8453    30.4800 -9.990e-29     0.3237 2.5967e+01  1019.9862    24.8448    19.9758     7.3173    224.190    6.96789  213.48422    105.015 -9.990e-29
   39.77710  -72.38914      2.524      2.505    24.8440    30.4796 -9.990e-29     0.3237 2.5605e+01  1019.9864    24.8434    19.9757     7.3205    224.286    6.96796  213.48626    105.059 -9.990e-29
   39.77710  -72.38914      2.503      2.484    24.8434    30.4795 -9.990e-29     0.3237 2.5461e+01  1019.9868    24.8429    19.9758     7.3198    224.267    6.96801  213.48775    105.049 -9.990e-29
   39.77710  -72.38914      2.503      2.484    24.8431    30.4795 -9.990e-29     0.3237 2.5444e+01  1019.9865    24.8426    19.9758     7.3155    224.133    6.96810  213.49055    104.985 -9.990e-29
   39.77710  -72.38914      2.484      2.465    24.8416    30.4795 -9.990e-29     0.3237 2.5444e+01  1019.9858    24.8410    19.9761     7.3149    224.115    6.96819  213.49323    104.975 -9.990e-29
   39.77710  -72.38914      2.473      2.454    24.8391    30.4801 -9.990e-29     0.3237 2.5444e+01  1019.9878    24.8386    19.9774     7.3143    224.097    6.96824  213.49486    104.966 -9.990e-29
   39.77710  -72.38914      2.484      2.465    24.8382    30.4819 -9.990e-29     0.3237 2.5498e+01  1019.9903    24.8377    19.9790     7.3137    224.078    6.96831  213.49684    104.956 -9.990e-29
   39.77710  -72.38914      2.454      2.435    24.8389    30.4833 -9.990e-29     0.3237 2.5213e+01  1019.9908    24.8384    19.9800     7.3131    224.061    6.96838  213.49893    104.947 -9.990e-29
   39.77710  -72.38914      2.464      2.445    24.8395    30.4833 -9.990e-29     0.3237 2.4985e+01  1019.9911    24.8390    19.9802     7.3126    224.044    6.96846  213.50156    104.938 -9.990e-29
   39.77710  -72.38914      2.464      2.445    24.8407    30.4833 -9.990e-29     0.3237 2.4915e+01  1019.9903    24.8402    19.9797     7.3124    224.038    6.96857  213.50486    104.933 -9.990e-29
   39.77710  -72.38914      2.443      2.424    24.8411    30.4828 -9.990e-29     0.3237 2.5251e+01  1019.9894    24.8406    19.9790     7.3162    224.156    6.96868  213.50811    104.987 -9.990e-29
   39.77710  -72.38914      2.454      2.435    24.8416    30.4822 -9.990e-29     0.3237 2.5680e+01  1019.9890    24.8411    19.9785     7.3122    224.034    6.96875  213.51000    104.929 -9.990e-29
   39.77710  -72.38914      2.443      2.424    24.8419    30.4818 -9.990e-29     0.3237 2.5881e+01  1019.9883    24.8414    19.9780     7.3077    223.895    6.96884  213.51269    104.863 -9.990e-29
   39.77710  -72.38914      2.443      2.424    24.8416    30.4816 -9.990e-29     0.3237 2.6248e+01  1019.9882    24.8411    19.9778     7.3113    224.005    6.96888  213.51381    104.914 -9.990e-29
   39.77710  -72.38914      2.443      2.424    24.8416    30.4816 -9.990e-29     0.3237 2.7131e+01  1019.9879    24.8411    19.9778     7.3108    223.991    6.96893  213.51527    104.906 -9.990e-29
   39.77710  -72.38914      2.443      2.424    24.8413    30.4816 -9.990e-29     0.3237 2.7438e+01  1019.9885    24.8408    19.9781     7.3107    223.987    6.96899  213.51726    104.903 -9.990e-29
   39.77710  -72.38914      2.433      2.415    24.8412    30.4820 -9.990e-29     0.3237 2.7113e+01  1019.9889    24.8407    19.9783     7.3106    223.984    6.96906  213.51932    104.901 -9.990e-29
   39.77710  -72.38914      2.424      2.405    24.8414    30.4822 -9.990e-29     0.3237 2.6067e+01  1019.9888    24.8409    19.9785     7.3106    223.982    6.96916  213.52219    104.899 -9.990e-29
   39.77710  -72.38914      2.422      2.404    24.8416    30.4824 -9.990e-29     0.3237 2.5630e+01  1019.9890    24.8411    19.9786     7.3064    223.854    6.96917  213.52261    104.839 -9.990e-29
   39.77710  -72.38914      2.422      2.404    24.8416    30.4824 -9.990e-29     0.3371 2.5848e+01  1019.9891    24.8411    19.9786     7.3100    223.966    6.96914  213.52132    104.892 -9.990e-29
   39.77710  -72.38914      2.403      2.385    24.8421    30.4825 -9.990e-29     0.3640 2.6868e+01  1019.9886    24.8416    19.9785     7.3098    223.960    6.96903  213.51783    104.890 -9.990e-29
   39.77710  -72.38914      2.413      2.394    24.8420    30.4825 -9.990e-29     0.3774 2.7326e+01  1019.9888    24.8415    19.9785     7.3097    223.954    6.96890  213.51352    104.890 -9.990e-29
