CalculateIndicators/WaterTemperature/Data/CTD_NYOS/20240913_C13.cnv
* Sea-Bird SBE 9 Data File:
* FileName = C:\Seabird 9 CTD\Data\2024\202409_offshore\20240913_C13.hex
* Software Version Seasave V 7.23.2
* Temperature SN = 4590
* Conductivity SN = 3228
* Number of Bytes Per Scan = 44
* Number of Voltage Words = 5
* Number of Scans Averaged by the Deck Unit = 1
* NMEA Latitude = 39 19.48 N
* NMEA Longitude = 072 05.45 W
* NMEA UTC (Time) = Sep 13 2024  02:40:20
* NMEA baud rate = 4800
** Ship: Seawolf
** Station: 9.7a
** Operator: TCM
# nquan = 18
# nvalues = 19715                       
# units = specified
# name 0 = latitude: Latitude [deg]
# name 1 = longitude: Longitude [deg]
# name 2 = prDM: Pressure, Digiquartz [db]
# name 3 = depSM: Depth [salt water, m]
# name 4 = t090C: Temperature [ITS-90, deg C]
# name 5 = sal00: Salinity, Practical [PSU]
# name 6 = ph: pH
# name 7 = flECO-AFL: Fluorescence, WET Labs ECO-AFL/FL [mg/m^3]
# name 8 = cpar: CPAR/Corrected Irradiance [%]
# name 9 = density00: Density [density, kg/m^3]
# name 10 = potemp090C: Potential Temperature [ITS-90, deg C]
# name 11 = sigma-é00: Density [sigma-theta, kg/m^3]
# name 12 = sbeox0Mg/L: Oxygen, SBE 43 [mg/l]
# name 13 = sbox0Mm/Kg: Oxygen, SBE 43 [umol/kg]
# name 14 = oxsolMg/L: Oxygen Saturation, Garcia & Gordon [mg/l]
# name 15 = oxsolMm/Kg: Oxygen Saturation, Garcia & Gordon [umol/kg]
# name 16 = sbeox0PS: Oxygen, SBE 43 [% saturation]
# name 17 = flag:  0.000e+00
# span 0 =   39.32474,   39.32670       
# span 1 =  -72.09578,  -72.09082       
# span 2 =      1.308,    101.905       
# span 3 =      1.298,    101.105       
# span 4 =    14.0678,    24.0668       
# span 5 =    33.0745,    35.6115       
# span 6 =      8.014,      8.251       
# span 7 =    -0.0792,     0.5654       
# span 8 = 1.6880e-11, 4.8788e+01       
# span 9 =  1022.5293,  1027.0966       
# span 10 =    14.0531,    24.0632      
# span 11 =    22.5180,    26.6485      
# span 12 =     5.0292,     8.6551      
# span 13 =    153.086,    263.952      
# span 14 =    6.92293,    8.25702      
# span 15 =  211.51986,  251.33795      
# span 16 =     60.919,    113.140      
# span 17 = 0.0000e+00, 0.0000e+00      
# interval = seconds: 0.0416667
# start_time = Sep 13 2024 02:40:21 [System UTC, first data scan.]
# bad_flag = -9.990e-29
*END*
[from data line 4825]
   39.32520  -72.09208     92.944     92.216    14.2841    35.5046      8.048    -0.0255 1.6880e-11  1026.9296    14.2705    26.5197     5.4385    165.561    8.22900  250.51011     66.089 0.0000e+00
   39.32520  -72.09208     92.991     92.263    14.2829    35.5055      8.048    -0.0255 1.6880e-11  1026.9309    14.2693    26.5206     5.4435    165.713    8.22899  250.51000     66.150 0.0000e+00
   39.32520  -72.09208     93.012     92.284    14.2824    35.5060      8.048    -0.0255 1.6880e-11  1026.9315    14.2687    26.5211     5.4393    165.585    8.22903  250.51126     66.099 0.0000e+00
   39.32520  -72.09208     93.042     92.314    14.2820    35.5063      8.048    -0.0255 1.6880e-11  1026.9320    14.2684    26.5214     5.4342    165.430    8.22897  250.50933     66.037 0.0000e+00
   39.32520  -72.09208     93.074     92.346    14.2819    35.5063      8.048    -0.0255 1.6880e-11  1026.9318    14.2682    26.5215     5.4340    165.425    8.22900  250.51016     66.035 0.0000e+00
   39.32520  -72.09208     93.105     92.376    14.2813    35.5064      8.048    -0.0255 1.6880e-11  1026.9322    14.2676    26.5217     5.4285    165.257    8.22898  250.50959     65.968 0.0000e+00
   39.32520  -72.09208     93.135     92.406    14.2803    35.5069      8.048    -0.0255 1.6880e-11  1026.9329    14.2667    26.5223     5.4330    165.394    8.22901  250.51062     66.023 0.0000e+00
   39.32520  -72.09208     93.160     92.431    14.2797    35.5076      8.048    -0.0255 1.6880e-11  1026.9340    14.2660    26.5230     5.4333    165.402    8.22903  250.51098     66.026 0.0000e+00
   39.32520  -72.09208     93.197     92.468    14.2792    35.5085      8.048    -0.0121 1.6880e-11  1026.9345    14.2655    26.5238     5.4339    165.420    8.22902  250.51077     66.033 0.0000e+00
   39.32520  -72.09208     93.228     92.498    14.2782    35.5095      8.048    -0.0255 1.6880e-11  1026.9361    14.2645    26.5248     5.4297    165.294    8.22905  250.51149     65.983 0.0000e+00
   39.32520  -72.09208     93.249     92.519    14.2771    35.5105      8.048    -0.0255 1.6880e-11  1026.9371    14.2635    26.5257     5.4248    165.143    8.22904  250.51126     65.922 0.0000e+00
   39.32520  -72.09208     93.279     92.549    14.2761    35.5112      8.048    -0.0255 1.6880e-11  1026.9380    14.2624    26.5264     5.4247    165.141    8.22909  250.51265     65.921 0.0000e+00
   39.32520  -72.09208     93.310     92.580    14.2756    35.5117      8.048    -0.0255 1.6880e-11  1026.9387    14.2619    26.5270     5.4244    165.131    8.22908  250.51244     65.917 0.0000e+00
   39.32520  -72.09208     93.331     92.600    14.2753    35.5121      8.048    -0.0255 1.6880e-11  1026.9390    14.2616    26.5274     5.4244    165.132    8.22912  250.51360     65.918 0.0000e+00
   39.32520  -72.09208     93.351     92.621    14.2748    35.5127      8.048    -0.0255 1.6880e-11  1026.9395    14.2612    26.5280     5.4203    165.006    8.22913  250.51363     65.867 0.0000e+00
   39.32520  -72.09208     93.363     92.632    14.2742    35.5136      8.048    -0.0255 1.6880e-11  1026.9406    14.2606    26.5287     5.4205    165.011    8.22917  250.51478     65.869 0.0000e+00
   39.32520  -72.09208     93.407     92.676    14.2737    35.5146      8.048    -0.0255 1.6880e-11  1026.9414    14.2600    26.5296     5.4159    164.872    8.22916  250.51447     65.813 -9.990e-29
   39.32520  -72.09208     93.403     92.672    14.2725    35.5155      8.048    -0.0255 1.6880e-11  1026.9429    14.2589    26.5305     5.4157    164.865    8.22924  250.51697     65.810 -9.990e-29
   39.32520  -72.09208     93.435     92.703    14.2722    35.5162      8.048    -0.0255 1.6880e-11  1026.9431    14.2585    26.5313     5.4107    164.713    8.22922  250.51632     65.749 0.0000e+00
   39.32520  -72.09208     93.444     92.713    14.2714    35.5171      8.048    -0.0255 1.6880e-11  1026.9443    14.2577    26.5320     5.4106    164.711    8.22927  250.51760     65.748 0.0000e+00
   39.32520  -72.09208     93.475     92.743    14.2707    35.5180      8.048    -0.0255 1.6880e-11  1026.9451    14.2570    26.5329     5.4103    164.703    8.22936  250.52044     65.744 0.0000e+00
   39.32520  -72.09208     93.486     92.754    14.2697    35.5188      8.048    -0.0255 1.6880e-11  1026.9464    14.2560    26.5337     5.4104    164.706    8.22944  250.52288     65.745 0.0000e+00
   39.32520  -72.09208     93.507     92.775    14.2695    35.5195      8.048    -0.0255 1.6880e-11  1026.9464    14.2558    26.5344     5.4109    164.719    8.22952  250.52517     65.750 0.0000e+00
   39.32520  -72.09208     93.537     92.805    14.2686    35.5203      8.048    -0.0255 1.6880e-11  1026.9478    14.2549    26.5351     5.4066    164.588    8.22958  250.52691     65.697 0.0000e+00
   39.32520  -72.09208     93.547     92.815    14.2682    35.5213      8.043    -0.0255 1.6880e-11  1026.9487    14.2544    26.5360     5.4066    164.589    8.22965  250.52888     65.696 0.0000e+00
   39.32520  -72.09208     93.568     92.835    14.2675    35.5222      8.048    -0.0255 1.6880e-11  1026.9497    14.2538    26.5369     5.4069    164.599    8.22971  250.53051     65.700 0.0000e+00
   39.32520  -72.09208     93.577     92.845    14.2668    35.5228      8.048    -0.0255 1.6880e-11  1026.9504    14.2531    26.5375     5.4071    164.603    8.22978  250.53259     65.701 0.0000e+00
   39.32520  -72.09208     93.602     92.870    14.2664    35.5232      8.048    -0.0255 1.6880e-11  1026.9506    14.2527    26.5379     5.4030    164.480    8.22982  250.53387     65.652 0.0000e+00
   39.32520  -72.09208     93.619     92.886    14.2661    35.5236      8.048    -0.0255 1.6880e-11  1026.9512    14.2523    26.5382     5.4033    164.489    8.22992  250.53675     65.655 -9.990e-29
   39.32520  -72.09208     93.619     92.886    14.2661    35.5241      8.043    -0.0255 1.6880e-11  1026.9514    14.2524    26.5387     5.3989    164.353    8.22998  250.53846     65.600 -9.990e-29
   39.32520  -72.09208     93.650     92.917    14.2656    35.5247      8.043    -0.0255 1.6880e-11  1026.9525    14.2519    26.5392     5.4038    164.503    8.23003  250.54000     65.659 -9.990e-29
   39.32520  -72.09208     93.650     92.917    14.2651    35.5252      8.043     0.0013 1.6880e-11  1026.9527    14.2514    26.5396     5.3994    164.370    8.23008  250.54138     65.606 -9.990e-29
   39.32520  -72.09208     93.661     92.928    14.2649    35.5257      8.043     0.0148 1.6880e-11  1026.9532    14.2512    26.5401     5.3994    164.368    8.23014  250.54324     65.605 0.0000e+00
   39.32520  -72.09208     93.670     92.937    14.2646    35.5261      8.048     0.0013 1.6880e-11  1026.9538    14.2509    26.5405     5.3946    164.222    8.23024  250.54597     65.546 0.0000e+00
   39.32520  -72.09208     93.681     92.948    14.2642    35.5266      8.043     0.0013 1.6880e-11  1026.9541    14.2505    26.5409     5.3997    164.378    8.23027  250.54695     65.608 0.0000e+00
   39.32520  -72.09208     93.702     92.969    14.2641    35.5270      8.043     0.0013 1.6880e-11  1026.9546    14.2504    26.5413     5.3956    164.253    8.23035  250.54934     65.557 -9.990e-29
   39.32520  -72.09208     93.691     92.958    14.2636    35.5273      8.043     0.0013 1.6880e-11  1026.9550    14.2499    26.5416     5.3906    164.103    8.23040  250.55073     65.497 -9.990e-29
   39.32520  -72.09208     93.712     92.979    14.2636    35.5275      8.043     0.0013 1.6880e-11  1026.9550    14.2499    26.5418     5.3906    164.100    8.23041  250.55099     65.496 0.0000e+00
   39.32520  -72.09208     93.733     92.999    14.2633    35.5279      8.043     0.0013 1.6880e-11  1026.9556    14.2495    26.5422     5.3959    164.263    8.23049  250.55339     65.560 -9.990e-29
   39.32520  -72.09208     93.722     92.988    14.2629    35.5282      8.043     0.0013 1.6880e-11  1026.9561    14.2491    26.5425     5.3914    164.126    8.23054  250.55477     65.505 -9.990e-29
   39.32520  -72.09208     93.733     92.999    14.2631    35.5283      8.043     0.0013 1.6880e-11  1026.9559    14.2493    26.5426     5.3918    164.137    8.23054  250.55461     65.509 0.0000e+00
   39.32520  -72.09208     93.742     93.009    14.2629    35.5284      8.043     0.0148 1.6880e-11  1026.9562    14.2492    26.5427     5.3924    164.157    8.23058  250.55588     65.517 0.0000e+00
   39.32518  -72.09208     93.767     93.034    14.2627    35.5286      8.043     0.0013 1.6880e-11  1026.9563    14.2490    26.5428     5.3883    164.032    8.23059  250.55635     65.467 -9.990e-29
   39.32518  -72.09208     93.754     93.020    14.2626    35.5288      8.043     0.0013 1.6880e-11  1026.9565    14.2488    26.5430     5.3936    164.193    8.23064  250.55774     65.531 -9.990e-29
   39.32518  -72.09208     93.774     93.040    14.2622    35.5292      8.043     0.0013 1.6880e-11  1026.9570    14.2485    26.5434     5.3896    164.072    8.23069  250.55915     65.482 0.0000e+00
   39.32518  -72.09208     93.784     93.050    14.2622    35.5296      8.043     0.0013 1.6880e-11  1026.9575    14.2485    26.5437     5.3899    164.079    8.23072  250.55998     65.485 -9.990e-29
   39.32518  -72.09208     93.774     93.040    14.2621    35.5298      8.043     0.0013 1.6880e-11  1026.9576    14.2483    26.5439     5.3854    163.941    8.23076  250.56125     65.430 -9.990e-29
   39.32518  -72.09208     93.805     93.071    14.2621    35.5300      8.043     0.0013 1.6880e-11  1026.9578    14.2483    26.5440     5.3908    164.107    8.23084  250.56356     65.495 -9.990e-29
   39.32518  -72.09208     93.805     93.071    14.2619    35.5300      8.043     0.0013 1.6880e-11  1026.9580    14.2481    26.5441     5.3869    163.988    8.23090  250.56527     65.447 -9.990e-29
   39.32518  -72.09208     93.826     93.091    14.2621    35.5300      8.043     0.0013 1.6880e-11  1026.9578    14.2483    26.5441     5.3873    164.000    8.23097  250.56742     65.452 -9.990e-29
   39.32518  -72.09208     93.826     93.091    14.2617    35.5301      8.043     0.0013 1.6880e-11  1026.9580    14.2480    26.5442     5.3835    163.884    8.23102  250.56888     65.405 -9.990e-29
   39.32518  -72.09208     93.826     93.091    14.2621    35.5303      8.048     0.0013 1.6880e-11  1026.9581    14.2483    26.5443     5.3840    163.900    8.23112  250.57176     65.410 -9.990e-29
   39.32518  -72.09208     93.845     93.111    14.2617    35.5305      8.048     0.0013 1.6880e-11  1026.9586    14.2480    26.5445     5.3842    163.906    8.23119  250.57360     65.412 0.0000e+00
   39.32518  -72.09208     93.856     93.122    14.2619    35.5305      8.048     0.0013 1.6880e-11  1026.9585    14.2481    26.5446     5.3848    163.923    8.23130  250.57682     65.418 0.0000e+00
   39.32518  -72.09208     93.866     93.131    14.2617    35.5305      8.048     0.0013 1.6880e-11  1026.9585    14.2480    26.5446     5.3800    163.776    8.23136  250.57870     65.359 0.0000e+00
   39.32518  -72.09208     93.877     93.142    14.2615    35.5307      8.043     0.0013 1.6880e-11  1026.9588    14.2478    26.5447     5.3805    163.794    8.23146  250.58146     65.366 0.0000e+00
   39.32518  -72.09208     93.887     93.152    14.2615    35.5309      8.048    -0.0121 1.6880e-11  1026.9589    14.2478    26.5449     5.3814    163.821    8.23152  250.58318     65.376 0.0000e+00
   39.32518  -72.09208     93.907     93.172    14.2612    35.5311      8.043    -0.0121 1.6880e-11  1026.9595    14.2474    26.5451     5.3826    163.858    8.23155  250.58412     65.390 0.0000e+00
   39.32518  -72.09208     93.917     93.182    14.2614    35.5313      8.043    -0.0121 1.6880e-11  1026.9593    14.2476    26.5453     5.3836    163.886    8.23155  250.58416     65.402 -9.990e-29
   39.32518  -72.09208     93.917     93.182    14.2609    35.5316      8.043    -0.0121 1.6880e-11  1026.9599    14.2471    26.5455     5.3792    163.752    8.23161  250.58595     65.348 -9.990e-29
   39.32518  -72.09208     93.938     93.203    14.2609    35.5318      8.043    -0.0121 1.6880e-11  1026.9601    14.2471    26.5457     5.3745    163.610    8.23164  250.58651     65.291 0.0000e+00
   39.32518  -72.09208     93.949     93.214    14.2605    35.5320      8.043    -0.0121 1.6880e-11  1026.9604    14.2468    26.5459     5.3747    163.614    8.23163  250.58571     65.293 0.0000e+00
   39.32518  -72.09208     93.980     93.244    14.2605    35.5322      8.043    -0.0121 1.6880e-11  1026.9606    14.2468    26.5461     5.3751    163.628    8.23160  250.58445     65.299 -9.990e-29
   39.32518  -72.09208     93.980     93.244    14.2602    35.5323      8.043    -0.0121 1.6880e-11  1026.9609    14.2464    26.5463     5.3753    163.635    8.23161  250.58451     65.301 -9.990e-29
   39.32518  -72.09208     94.014     93.278    14.2602    35.5325      8.043    -0.0121 1.6880e-11  1026.9612    14.2464    26.5465     5.3759    163.652    8.23166  250.58572     65.308 -9.990e-29
   39.32518  -72.09208     94.010     93.274    14.2597    35.5328      8.043    -0.0121 1.6880e-11  1026.9613    14.2459    26.5467     5.3762    163.660    8.23166  250.58565     65.311 -9.990e-29
   39.32518  -72.09208     94.031     93.295    14.2597    35.5330      8.043    -0.0121 1.6880e-11  1026.9617    14.2459    26.5469     5.3716    163.521    8.23165  250.58543     65.256 0.0000e+00
   39.32518  -72.09208     94.052     93.316    14.2593    35.5332      8.043    -0.0121 1.6880e-11  1026.9620    14.2456    26.5472     5.3713    163.512    8.23167  250.58580     65.252 0.0000e+00
   39.32518  -72.09208     94.073     93.336    14.2587    35.5335      8.043    -0.0121 1.6880e-11  1026.9624    14.2449    26.5475     5.3713    163.511    8.23168  250.58606     65.251 0.0000e+00
   39.32518  -72.09208     94.093     93.357    14.2581    35.5337      8.043    -0.0121 1.6880e-11  1026.9627    14.2444    26.5478     5.3716    163.520    8.23173  250.58746     65.255 0.0000e+00
   39.32518  -72.09208     94.113     93.376    14.2575    35.5341      8.038    -0.0121 1.6880e-11  1026.9634    14.2437    26.5482     5.3721    163.536    8.23174  250.58786     65.261 0.0000e+00
   39.32518  -72.09208     94.134     93.397    14.2570    35.5346      8.043    -0.0121 1.6880e-11  1026.9639    14.2432    26.5487     5.3679    163.408    8.23183  250.59077     65.209 0.0000e+00
   39.32518  -72.09208     94.154     93.417    14.2565    35.5350      8.043    -0.0121 1.6880e-11  1026.9644    14.2427    26.5491     5.3678    163.406    8.23180  250.58975     65.209 0.0000e+00
   39.32518  -72.09208     94.175     93.438    14.2560    35.5354      8.043    -0.0121 1.6880e-11  1026.9650    14.2422    26.5496     5.3630    163.259    8.23183  250.59058     65.150 0.0000e+00
   39.32518  -72.09208     94.206     93.468    14.2555    35.5357      8.043    -0.0121 1.6880e-11  1026.9655    14.2417    26.5499     5.3681    163.414    8.23183  250.59061     65.212 0.0000e+00
 -9.990e-29  -72.09208     94.226     93.489    14.2551    35.5360      8.043    -0.0121 1.6880e-11  1026.9658    14.2413    26.5502     5.3638    163.283    8.23179  250.58915     65.160 0.0000e+00
 -9.990e-29  -72.09208     94.247     93.510    14.2544    35.5362      8.043    -0.0121 1.6880e-11  1026.9663    14.2406    26.5505     5.3638    163.283    8.23178  250.58883     65.160 0.0000e+00
 -9.990e-29  -72.09208     94.257     93.519    14.2541    35.5365      8.043    -0.0121 1.6880e-11  1026.9664    14.2403    26.5508     5.3641    163.291    8.23177  250.58852     65.163 0.0000e+00
 -9.990e-29  -72.09208     94.299     93.560    14.2536    35.5368      8.043    -0.0121 1.6880e-11  1026.9671    14.2398    26.5511     5.3590    163.136    8.23178  250.58888     65.101 0.0000e+00
