CalculateIndicators/WaterTemperature/Data/CTD_NYOS/20240914_C23.cnv
* Sea-Bird SBE 9 Data File:
* FileName = C:\Seabird 9 CTD\Data\2024\202409_offshore\20240914_C23.hex
* Software Version Seasave V 7.23.2
* Temperature SN = 4590
* Conductivity SN = 3228
* Number of Bytes Per Scan = 44
* Number of Voltage Words = 5
* Number of Scans Averaged by the Deck Unit = 1
* NMEA Latitude = 40 21.40 N
* NMEA Longitude = 072 18.72 W
* NMEA UTC (Time) = Sep 14 2024  05:56:39
* NMEA baud rate = 4800
** Ship: Seawolf
** Station: 10.3
** Operator: TCM
# nquan = 18
# nvalues = 13671                       
# units = specified
# name 0 = latitude: Latitude [deg]
# name 1 = longitude: Longitude [deg]
# name 2 = prDM: Pressure, Digiquartz [db]
# name 3 = depSM: Depth [salt water, m]
# name 4 = t090C: Temperature [ITS-90, deg C]
# name 5 = sal00: Salinity, Practical [PSU]
# name 6 = ph: pH
# name 7 = flECO-AFL: Fluorescence, WET Labs ECO-AFL/FL [mg/m^3]
# name 8 = cpar: CPAR/Corrected Irradiance [%]
# name 9 = density00: Density [density, kg/m^3]
# name 10 = potemp090C: Potential Temperature [ITS-90, deg C]
# name 11 = sigma-é00: Density [sigma-theta, kg/m^3]
# name 12 = sbeox0Mg/L: Oxygen, SBE 43 [mg/l]
# name 13 = sbox0Mm/Kg: Oxygen, SBE 43 [umol/kg]
# name 14 = oxsolMg/L: Oxygen Saturation, Garcia & Gordon [mg/l]
# name 15 = oxsolMm/Kg: Oxygen Saturation, Garcia & Gordon [umol/kg]
# name 16 = sbeox0PS: Oxygen, SBE 43 [% saturation]
# name 17 = flag:  0.000e+00
# span 0 =   40.35666,   40.35682       
# span 1 =  -72.31318,  -72.31200       
# span 2 =      1.953,     53.321       
# span 3 =      1.938,     52.904       
# span 4 =     9.7695,    21.3902       
# span 5 =    31.4869,    32.9696       
# span 6 =      7.856,      8.199       
# span 7 =    -0.0121,     1.2236       
# span 8 = 1.6880e-11, 9.9999e+04       
# span 9 =  1021.8410,  1025.0549       
# span 10 =     9.7637,    21.3898      
# span 11 =    21.8232,    24.8137      
# span 12 =     6.6163,     9.3527      
# span 13 =    201.758,    285.442      
# span 14 =    7.34924,    9.23398      
# span 15 =  224.73818,  281.58048      
# span 16 =     71.713,    110.252      
# span 17 = 0.0000e+00, 0.0000e+00      
# interval = seconds: 0.0416667
# start_time = Sep 14 2024 05:56:40 [System UTC, first data scan.]
# bad_flag = -9.990e-29
*END*
[from data line 8764]
   40.35670  -72.31282     14.819     14.704    20.0964    31.6507      8.145     0.1357 1.6880e-11  1022.2493    20.0937    22.1846     7.4560    227.942    7.53749  230.43203     98.919 -9.990e-29
   40.35670  -72.31282     14.821     14.707    20.0968    31.6505      8.145     0.1357 1.6880e-11  1022.2487    20.0941    22.1847     7.4562    227.946    7.53768  230.43766     98.919 -9.990e-29
   40.35670  -72.31282     14.819     14.704    20.0960    31.6503      8.145     0.1357 1.6880e-11  1022.2489    20.0933    22.1847     7.4563    227.950    7.53788  230.44405     98.918 -9.990e-29
   40.35670  -72.31282     14.821     14.707    20.0953    31.6504      8.145     0.1357 1.6880e-11  1022.2489    20.0926    22.1850     7.4567    227.961    7.53829  230.45715     98.917 -9.990e-29
   40.35670  -72.31282     14.821     14.707    20.0931    31.6506      8.145     0.1357 1.6880e-11  1022.2503    20.0904    22.1857     7.4572    227.978    7.53889  230.47504     98.916 -9.990e-29
   40.35670  -72.31282     14.809     14.695    20.0911    31.6508      8.145     0.1357 1.6880e-11  1022.2506    20.0884    22.1863     7.4580    228.003    7.53939  230.48991     98.921 -9.990e-29
   40.35670  -72.31282     14.810     14.696    20.0891    31.6510      8.145     0.1357 1.6880e-11  1022.2511    20.0864    22.1869     7.4589    228.028    7.53986  230.50453     98.926 -9.990e-29
   40.35670  -72.31282     14.821     14.707    20.0872    31.6515      8.145     0.1357 1.6880e-11  1022.2518    20.0845    22.1879     7.4640    228.184    7.54053  230.52469     98.985 -9.990e-29
   40.35670  -72.31282     14.809     14.695    20.0846    31.6525      8.145     0.1357 1.6880e-11  1022.2535    20.0819    22.1893     7.4602    228.068    7.54090  230.53481     98.930 -9.990e-29
   40.35670  -72.31282     14.810     14.696    20.0814    31.6538      8.145     0.1357 1.6880e-11  1022.2555    20.0787    22.1910     7.4642    228.190    7.54051  230.52144     98.989 -9.990e-29
   40.35670  -72.31282     14.798     14.684    20.0791    31.6548      8.145     0.1357 1.6880e-11  1022.2570    20.0765    22.1923     7.4636    228.171    7.53953  230.49279     98.993 -9.990e-29
   40.35670  -72.31282     14.810     14.696    20.0779    31.6551      8.145     0.1357 1.6880e-11  1022.2574    20.0752    22.1929     7.4632    228.161    7.53884  230.47270     98.997 -9.990e-29
   40.35670  -72.31282     14.801     14.686    20.0767    31.6550      8.145     0.1357 1.6880e-11  1022.2573    20.0740    22.1933     7.4581    228.004    7.53783  230.44230     98.942 -9.990e-29
   40.35670  -72.31282     14.798     14.684    20.0755    31.6555      8.145     0.1357 1.6880e-11  1022.2576    20.0728    22.1940     7.4570    227.971    7.53683  230.41255     98.941 -9.990e-29
   40.35670  -72.31282     14.801     14.686    20.0737    31.6566      8.145     0.1357 1.6880e-11  1022.2597    20.0710    22.1952     7.4564    227.953    7.53630  230.39675     98.939 -9.990e-29
   40.35670  -72.31282     14.791     14.677    20.0723    31.6577      8.145     0.1357 1.6880e-11  1022.2607    20.0696    22.1964     7.4603    228.074    7.53585  230.38361     98.997 -9.990e-29
   40.35670  -72.31282     14.788     14.674    20.0716    31.6584      8.145     0.1222 1.6880e-11  1022.2615    20.0689    22.1971     7.4557    227.933    7.53541  230.37047     98.942 -9.990e-29
   40.35670  -72.31282     14.791     14.677    20.0711    31.6587      8.145     0.1088 1.6880e-11  1022.2618    20.0684    22.1974     7.4553    227.922    7.53515  230.36286     98.941 -9.990e-29
   40.35670  -72.31282     14.788     14.674    20.0713    31.6587      8.150     0.1088 1.6880e-11  1022.2615    20.0686    22.1974     7.4554    227.926    7.53536  230.37011     98.939 -9.990e-29
   40.35670  -72.31282     14.780     14.666    20.0714    31.6587      8.145     0.1088 1.6880e-11  1022.2615    20.0687    22.1974     7.4516    227.811    7.53615  230.39474     98.879 -9.990e-29
   40.35670  -72.31282     14.780     14.666    20.0716    31.6588      8.145     0.1088 1.6880e-11  1022.2617    20.0689    22.1973     7.4568    227.969    7.53696  230.41885     98.937 -9.990e-29
   40.35670  -72.31282     14.788     14.674    20.0720    31.6587      8.145     0.1222 1.6880e-11  1022.2615    20.0693    22.1971     7.4534    227.862    7.53762  230.43832     98.882 -9.990e-29
   40.35670  -72.31282     14.770     14.656    20.0730    31.6583      8.145     0.1088 1.6880e-11  1022.2606    20.0703    22.1966     7.4533    227.862    7.53802  230.45043     98.877 -9.990e-29
   40.35670  -72.31282     14.758     14.644    20.0746    31.6583      8.145     0.1088 1.6880e-11  1022.2600    20.0719    22.1963     7.4531    227.854    7.53816  230.45486     98.871 -9.990e-29
   40.35670  -72.31282     14.770     14.656    20.0755    31.6586      8.145     0.1088 1.6880e-11  1022.2606    20.0728    22.1962     7.4528    227.846    7.53830  230.45885     98.866 -9.990e-29
   40.35670  -72.31282     14.770     14.656    20.0768    31.6586      8.145     0.1088 1.6880e-11  1022.2604    20.0741    22.1958     7.4526    227.840    7.53849  230.46423     98.861 -9.990e-29
   40.35670  -72.31282     14.758     14.644    20.0795    31.6581      8.145     0.1088 1.6880e-11  1022.2589    20.0768    22.1949     7.4526    227.838    7.53882  230.47353     98.857 -9.990e-29
   40.35670  -72.31282     14.750     14.636    20.0821    31.6576      8.145     0.1088 1.6880e-11  1022.2575    20.0795    22.1939     7.4525    227.834    7.53906  230.47994     98.852 -9.990e-29
   40.35670  -72.31282     14.750     14.636    20.0838    31.6575      8.145     0.1088 1.6880e-11  1022.2571    20.0811    22.1933     7.4522    227.825    7.53911  230.48056     98.848 -9.990e-29
   40.35670  -72.31282     14.748     14.634    20.0851    31.6575      8.145     0.1088 1.6880e-11  1022.2571    20.0824    22.1929     7.4518    227.810    7.53892  230.47455     98.844 -9.990e-29
   40.35670  -72.31282     14.740     14.626    20.0869    31.6575      8.145     0.1088 1.6880e-11  1022.2564    20.0842    22.1923     7.4512    227.794    7.53870  230.46805     98.840 -9.990e-29
   40.35670  -72.31282     14.737     14.624    20.0894    31.6574      8.145     0.1088 1.6880e-11  1022.2555    20.0868    22.1917     7.4508    227.781    7.53851  230.46221     98.836 -9.990e-29
   40.35670  -72.31282     14.729     14.615    20.0916    31.6570      8.145     0.1088 1.6880e-11  1022.2557    20.0890    22.1906     7.4460    227.635    7.53844  230.46069     98.774 -9.990e-29
   40.35670  -72.31282     14.720     14.606    20.0961    31.6549      8.145     0.1088 1.6880e-11  1022.2531    20.0934    22.1878     7.4456    227.623    7.53865  230.46769     98.766 -9.990e-29
   40.35670  -72.31282     14.717     14.603    20.1039    31.6506      8.145     0.1088 1.6880e-11  1022.2471    20.1012    22.1828     7.4500    227.756    7.53911  230.48175     98.817 -9.990e-29
   40.35670  -72.31282     14.720     14.606    20.1118    31.6454      8.145     0.1088 1.6880e-11  1022.2399    20.1091    22.1774     7.4500    227.758    7.53938  230.48928     98.815 -9.990e-29
   40.35670  -72.31282     14.710     14.596    20.1138    31.6416      8.145     0.1088 1.6880e-11  1022.2360    20.1111    22.1740     7.4496    227.745    7.53913  230.48086     98.813 -9.990e-29
   40.35670  -72.31282     14.698     14.584    20.1101    31.6401      8.145     0.1088 1.6880e-11  1022.2364    20.1074    22.1734     7.4489    227.722    7.53853  230.46111     98.811 -9.990e-29
   40.35670  -72.31282     14.689     14.576    20.1059    31.6404      8.145     0.1088 1.6880e-11  1022.2378    20.1032    22.1747     7.4474    227.677    7.53718  230.41968     98.810 -9.990e-29
   40.35670  -72.31282     14.687     14.573    20.1008    31.6419      8.145     0.1088 1.6880e-11  1022.2402    20.0981    22.1772     7.4453    227.611    7.53549  230.36906     98.803 -9.990e-29
   40.35670  -72.31282     14.678     14.565    20.0936    31.6444      8.145     0.1222 1.6880e-11  1022.2442    20.0910    22.1810     7.4394    227.434    7.53420  230.33081     98.742 -9.990e-29
   40.35670  -72.31282     14.669     14.555    20.0841    31.6473      8.145     0.1357 1.6880e-11  1022.2496    20.0814    22.1854     7.4379    227.388    7.53311  230.29854     98.736 -9.990e-29
   40.35670  -72.31282     14.667     14.554    20.0751    31.6494      8.145     0.1357 1.6880e-11  1022.2539    20.0724    22.1891     7.4365    227.345    7.53210  230.26861     98.730 -9.990e-29
   40.35670  -72.31282     14.659     14.546    20.0688    31.6505      8.145     0.1357 1.6880e-11  1022.2547    20.0662    22.1919     7.4397    227.443    7.53119  230.24118     98.785 -9.990e-29
   40.35670  -72.31282     14.656     14.543    20.0605    31.6523      8.145     0.1357 1.6880e-11  1022.2582    20.0579    22.1954     7.4344    227.284    7.53042  230.21819     98.726 -9.990e-29
   40.35670  -72.31282     14.638     14.525    20.0518    31.6557      8.145     0.1357 1.6880e-11  1022.2636    20.0491    22.2000     7.4335    227.257    7.52982  230.20050     98.721 -9.990e-29
   40.35670  -72.31282     14.638     14.525    20.0442    31.6594      8.146     0.1357 1.6880e-11  1022.2690    20.0416    22.2046     7.4328    227.235    7.52940  230.18835     98.717 -9.990e-29
   40.35670  -72.31282     14.616     14.503    20.0398    31.6620      8.146     0.1357 1.6880e-11  1022.2724    20.0372    22.2077     7.4323    227.220    7.52916  230.18185     98.713 -9.990e-29
   40.35670  -72.31282     14.618     14.505    20.0386    31.6630      8.146     0.1357 1.6880e-11  1022.2727    20.0360    22.2091     7.4321    227.215    7.52919  230.18368     98.710 -9.990e-29
   40.35670  -72.31282     14.605     14.492    20.0371    31.6630      8.146     0.1357 1.6880e-11  1022.2735    20.0344    22.2095     7.4276    227.078    7.52938  230.18963     98.648 -9.990e-29
   40.35670  -72.31282     14.598     14.486    20.0360    31.6618      8.146     0.1357 1.6880e-11  1022.2728    20.0334    22.2090     7.4317    227.203    7.52959  230.19527     98.700 -9.990e-29
   40.35670  -72.31282     14.587     14.475    20.0342    31.6601      8.146     0.1357 1.6880e-11  1022.2704    20.0316    22.2084     7.4315    227.197    7.52953  230.19359     98.698 -9.990e-29
   40.35670  -72.31282     14.586     14.473    20.0299    31.6596      8.146     0.1357 1.6880e-11  1022.2717    20.0272    22.2089     7.4270    227.058    7.52954  230.19424     98.638 -9.990e-29
   40.35670  -72.31282     14.578     14.465    20.0256    31.6598      8.146     0.1357 1.6880e-11  1022.2742    20.0230    22.2100     7.4268    227.053    7.52979  230.20213     98.632 -9.990e-29
   40.35670  -72.31282     14.565     14.453    20.0229    31.6596      8.146     0.1357 1.6880e-11  1022.2734    20.0202    22.2108     7.4310    227.182    7.52994  230.20638     98.686 -9.990e-29
   40.35670  -72.31282     14.557     14.445    20.0183    31.6606      8.146     0.1357 1.6880e-11  1022.2741    20.0156    22.2125     7.4263    227.036    7.52964  230.19638     98.627 -9.990e-29
   40.35670  -72.31282     14.548     14.435    20.0139    31.6643      8.146     0.1357 1.6880e-11  1022.2793    20.0112    22.2160     7.4257    227.019    7.52897  230.17554     98.628 -9.990e-29
   40.35670  -72.31282     14.535     14.423    20.0142    31.6677      8.146     0.1357 1.6880e-11  1022.2850    20.0116    22.2183     7.4248    226.990    7.52828  230.15456     98.625 -9.990e-29
   40.35670  -72.31282     14.527     14.415    20.0223    31.6675      8.146     0.1357 1.6880e-11  1022.2803    20.0197    22.2168     7.4289    227.117    7.52774  230.13904     98.687 -9.990e-29
   40.35670  -72.31282     14.524     14.412    20.0285    31.6652      8.146     0.1357 1.6880e-11  1022.2759    20.0258    22.2134     7.4247    226.991    7.52740  230.12923     98.636 -9.990e-29
   40.35670  -72.31282     14.517     14.405    20.0360    31.6633      8.146     0.1357 1.6880e-11  1022.2733    20.0334    22.2101     7.4247    226.990    7.52702  230.11845     98.640 -9.990e-29
   40.35670  -72.31282     14.506     14.394    20.0439    31.6616      8.146     0.1357 1.6880e-11  1022.2696    20.0413    22.2071     7.4290    227.121    7.52686  230.11411     98.699 -9.990e-29
   40.35670  -72.31282     14.494     14.382    20.0482    31.6600      8.145     0.1357 1.6880e-11  1022.2672    20.0456    22.2045     7.4291    227.126    7.52664  230.10686     98.705 0.0000e+00
   40.35670  -72.31282     14.486     14.374    20.0519    31.6586      8.145     0.1357 1.6880e-11  1022.2650    20.0493    22.2025     7.4289    227.118    7.52597  230.08502     98.710 -9.990e-29
   40.35670  -72.31282     14.484     14.372    20.0553    31.6574      8.145     0.1357 1.6880e-11  1022.2637    20.0527    22.2007     7.4289    227.117    7.52507  230.05840     98.721 -9.990e-29
   40.35670  -72.31282     14.476     14.364    20.0576    31.6552      8.145     0.1491 1.6880e-11  1022.2621    20.0549    22.1986     7.4335    227.260    7.52474  230.04936     98.788 0.0000e+00
   40.35670  -72.31282     14.464     14.352    20.0578    31.6518      8.145     0.1491 1.6880e-11  1022.2579    20.0552    22.1961     7.4342    227.281    7.52452  230.04318     98.799 -9.990e-29
   40.35670  -72.31282     14.466     14.355    20.0534    31.6491      8.145     0.1491 1.6880e-11  1022.2561    20.0507    22.1950     7.4302    227.160    7.52410  230.02989     98.752 -9.990e-29
   40.35670  -72.31282     14.455     14.344    20.0472    31.6489      8.150     0.1491 1.6880e-11  1022.2584    20.0446    22.1962     7.4296    227.142    7.52332  230.00632     98.755 0.0000e+00
   40.35670  -72.31282     14.443     14.331    20.0416    31.6500      8.146     0.1491 1.6880e-11  1022.2618    20.0390    22.1982     7.4341    227.278    7.52270  229.98836     98.822 -9.990e-29
   40.35670  -72.31282     14.446     14.334    20.0388    31.6505      8.146     0.1491 1.6880e-11  1022.2624    20.0362    22.1994     7.4344    227.288    7.52244  229.98048     98.829 -9.990e-29
   40.35670  -72.31282     14.443     14.331    20.0379    31.6507      8.146     0.1491 1.6880e-11  1022.2623    20.0353    22.2000     7.4346    227.297    7.52211  229.97138     98.837 0.0000e+00
   40.35670  -72.31282     14.436     14.325    20.0367    31.6515      8.146     0.1491 1.6880e-11  1022.2632    20.0340    22.2010     7.4350    227.309    7.52190  229.96582     98.845 0.0000e+00
   40.35670  -72.31282     14.425     14.314    20.0348    31.6533      8.146     0.1491 1.6880e-11  1022.2649    20.0322    22.2029     7.4355    227.325    7.52186  229.96441     98.852 -9.990e-29
   40.35670  -72.31282     14.424     14.312    20.0314    31.6563      8.146     0.1491 1.6880e-11  1022.2681    20.0288    22.2059     7.4405    227.478    7.52182  229.96285     98.919 -9.990e-29
   40.35670  -72.31282     14.425     14.314    20.0283    31.6601      8.146     0.1491 1.6880e-11  1022.2723    20.0256    22.2094     7.4368    227.364    7.52161  229.95579     98.873 -9.990e-29
   40.35670  -72.31282     14.424     14.312    20.0265    31.6636      8.146     0.1491 1.6880e-11  1022.2761    20.0239    22.2124     7.4369    227.365    7.52110  229.94041     98.880 -9.990e-29
   40.35670  -72.31282     14.425     14.314    20.0272    31.6656      8.146     0.1491 1.6880e-11  1022.2774    20.0246    22.2140     7.4369    227.368    7.52058  229.92496     98.888 -9.990e-29
   40.35670  -72.31282     14.413     14.301    20.0288    31.6661      8.146     0.1491 1.6880e-11  1022.2769    20.0262    22.2141     7.4415    227.506    7.52011  229.91070     98.954 -9.990e-29
   40.35670  -72.31282     14.425     14.314    20.0302    31.6652      8.146     0.1491 1.6880e-11  1022.2765    20.0276    22.2131     7.4419    227.519    7.51958  229.89465     98.967 -9.990e-29
