CalculateIndicators/WaterTemperature/Data/CTD_NYOS/20240913_C19.cnv
* Sea-Bird SBE 9 Data File:
* FileName = C:\Seabird 9 CTD\Data\2024\202409_offshore\20240913_C19.hex
* Software Version Seasave V 7.23.2
* Temperature SN = 4590
* Conductivity SN = 3228
* Number of Bytes Per Scan = 44
* Number of Voltage Words = 5
* Number of Scans Averaged by the Deck Unit = 1
* NMEA Latitude = 40 25.86 N
* NMEA Longitude = 072 50.31 W
* NMEA UTC (Time) = Sep 13 2024  19:17:40
* NMEA baud rate = 4800
** Ship: Seawolf
** Station: 9.2
** Operator: TDK
# nquan = 18
# nvalues = 11270                       
# units = specified
# name 0 = latitude: Latitude [deg]
# name 1 = longitude: Longitude [deg]
# name 2 = prDM: Pressure, Digiquartz [db]
# name 3 = depSM: Depth [salt water, m]
# name 4 = t090C: Temperature [ITS-90, deg C]
# name 5 = sal00: Salinity, Practical [PSU]
# name 6 = ph: pH
# name 7 = flECO-AFL: Fluorescence, WET Labs ECO-AFL/FL [mg/m^3]
# name 8 = cpar: CPAR/Corrected Irradiance [%]
# name 9 = density00: Density [density, kg/m^3]
# name 10 = potemp090C: Potential Temperature [ITS-90, deg C]
# name 11 = sigma-é00: Density [sigma-theta, kg/m^3]
# name 12 = sbeox0Mg/L: Oxygen, SBE 43 [mg/l]
# name 13 = sbox0Mm/Kg: Oxygen, SBE 43 [umol/kg]
# name 14 = oxsolMg/L: Oxygen Saturation, Garcia & Gordon [mg/l]
# name 15 = oxsolMm/Kg: Oxygen Saturation, Garcia & Gordon [umol/kg]
# name 16 = sbeox0PS: Oxygen, SBE 43 [% saturation]
# name 17 = flag:  0.000e+00
# span 0 =   40.43104,   40.43184       
# span 1 =  -72.83978,  -72.83854       
# span 2 =      1.777,     39.379       
# span 3 =      1.763,     39.072       
# span 4 =    10.3164,    21.9068       
# span 5 =    30.9997,    32.0825       
# span 6 =      7.840,      8.205       
# span 7 =     0.0148,     2.9562       
# span 8 = 1.3753e-01, 1.1647e+02       
# span 9 =  1021.3048,  1024.6190       
# span 10 =    10.3120,    21.9063      
# span 11 =    21.3179,    24.4434      
# span 12 =     6.4400,     8.6416      
# span 13 =    196.497,    263.760      
# span 14 =    7.30654,    9.14610      
# span 15 =  223.56179,  279.00335      
# span 16 =     72.026,    106.643      
# span 17 = 0.0000e+00, 0.0000e+00      
# interval = seconds: 0.0416667
# start_time = Sep 13 2024 19:17:40 [System UTC, first data scan.]
# bad_flag = -9.990e-29
*END*
[from data line 9649]
   40.43174  -72.83954      2.403      2.384    21.8674    31.1721 -9.990e-29     0.0416 1.8657e+01  1021.3594    21.8670    21.3486     7.4360    227.522    7.31073  223.68807    101.714 -9.990e-29
   40.43174  -72.83954      2.403      2.384    21.8666    31.1739 -9.990e-29     0.0416 2.0818e+01  1021.3612    21.8661    21.3502     7.4364    227.533    7.31072  223.68774    101.719 -9.990e-29
   40.43174  -72.83954      2.393      2.375    21.8665    31.1748 -9.990e-29     0.0416 2.1431e+01  1021.3615    21.8661    21.3509     7.4411    227.676    7.31068  223.68659    101.784 -9.990e-29
   40.43174  -72.83954      2.423      2.405    21.8669    31.1751 -9.990e-29     0.0282 2.0164e+01  1021.3614    21.8664    21.3510     7.4375    227.567    7.31065  223.68587    101.735 -9.990e-29
   40.43174  -72.83954      2.403      2.384    21.8676    31.1752 -9.990e-29     0.0416 1.7307e+01  1021.3614    21.8672    21.3510     7.4379    227.580    7.31062  223.68487    101.741 -9.990e-29
   40.43174  -72.83954      2.403      2.384    21.8681    31.1753 -9.990e-29     0.0416 1.6469e+01  1021.3612    21.8677    21.3509     7.4385    227.597    7.31069  223.68714    101.748 -9.990e-29
   40.43174  -72.83954      2.414      2.395    21.8685    31.1752 -9.990e-29     0.0416 1.6813e+01  1021.3611    21.8680    21.3507     7.4387    227.603    7.31075  223.68891    101.750 -9.990e-29
   40.43174  -72.83954      2.404      2.386    21.8690    31.1751 -9.990e-29     0.0416 1.8260e+01  1021.3607    21.8686    21.3505     7.4392    227.619    7.31075  223.68882    101.757 -9.990e-29
   40.43174  -72.83954      2.403      2.384    21.8692    31.1749 -9.990e-29     0.0416 1.8923e+01  1021.3609    21.8687    21.3503     7.4394    227.626    7.31080  223.69030    101.760 -9.990e-29
   40.43174  -72.83954      2.403      2.384    21.8697    31.1744 -9.990e-29     0.0551 1.8959e+01  1021.3603    21.8693    21.3498     7.4397    227.634    7.31082  223.69086    101.763 -9.990e-29
   40.43174  -72.83954      2.403      2.384    21.8699    31.1735 -9.990e-29     0.0416 1.9720e+01  1021.3595    21.8695    21.3491     7.4353    227.500    7.31087  223.69245    101.702 -9.990e-29
   40.43174  -72.83954      2.403      2.384    21.8692    31.1724 -9.990e-29     0.0551 2.0150e+01  1021.3586    21.8687    21.3484     7.4395    227.629    7.31090  223.69361    101.759 -9.990e-29
   40.43174  -72.83954      2.393      2.375    21.8680    31.1717 -9.990e-29     0.0416 2.0378e+01  1021.3581    21.8675    21.3483     7.4356    227.509    7.31101  223.69676    101.704 -9.990e-29
   40.43174  -72.83954      2.403      2.384    21.8664    31.1721 -9.990e-29     0.0416 2.5447e+01  1021.3589    21.8659    21.3490     7.4356    227.509    7.31106  223.69839    101.703 -9.990e-29
   40.43174  -72.83954      2.393      2.375    21.8637    31.1733 -9.990e-29     0.0416 2.8799e+01  1021.3608    21.8633    21.3505     7.4399    227.640    7.31109  223.69914    101.762 -9.990e-29
   40.43174  -72.83954      2.393      2.375    21.8613    31.1747 -9.990e-29     0.0416 2.9207e+01  1021.3628    21.8609    21.3521     7.4402    227.649    7.31105  223.69790    101.766 -9.990e-29
   40.43174  -72.83954      2.383      2.365    21.8607    31.1758 -9.990e-29     0.0551 2.5470e+01  1021.3636    21.8602    21.3532     7.4401    227.647    7.31102  223.69712    101.766 -9.990e-29
   40.43174  -72.83954      2.383      2.365    21.8609    31.1766 -9.990e-29     0.0416 2.2954e+01  1021.3645    21.8604    21.3537     7.4401    227.647    7.31104  223.69775    101.766 -9.990e-29
   40.43174  -72.83954      2.383      2.365    21.8621    31.1768 -9.990e-29     0.0416 2.2633e+01  1021.3644    21.8617    21.3535     7.4402    227.650    7.31113  223.70030    101.765 -9.990e-29
   40.43174  -72.83954      2.383      2.365    21.8644    31.1762 -9.990e-29     0.0416 1.9353e+01  1021.3628    21.8639    21.3526     7.4402    227.649    7.31113  223.70014    101.765 -9.990e-29
   40.43174  -72.83954      2.372      2.354    21.8664    31.1757 -9.990e-29     0.0416 1.6394e+01  1021.3615    21.8659    21.3518     7.4360    227.520    7.31123  223.70336    101.706 -9.990e-29
   40.43174  -72.83954      2.383      2.365    21.8674    31.1757 -9.990e-29     0.0416 1.5806e+01  1021.3618    21.8669    21.3515     7.4356    227.510    7.31125  223.70380    101.701 -9.990e-29
   40.43174  -72.83954      2.372      2.354    21.8681    31.1757 -9.990e-29     0.0416 1.7020e+01  1021.3616    21.8677    21.3512     7.4350    227.491    7.31130  223.70544    101.692 -9.990e-29
   40.43174  -72.83954      2.363      2.345    21.8695    31.1755 -9.990e-29     0.0416 1.8781e+01  1021.3609    21.8691    21.3507     7.4347    227.481    7.31132  223.70591    101.688 -9.990e-29
   40.43174  -72.83954      2.372      2.354    21.8708    31.1752 -9.990e-29     0.0416 1.9299e+01  1021.3602    21.8703    21.3502     7.4344    227.471    7.31131  223.70575    101.683 -9.990e-29
   40.43174  -72.83954      2.363      2.345    21.8711    31.1749 -9.990e-29     0.0416 2.0319e+01  1021.3600    21.8707    21.3497     7.4384    227.594    7.31131  223.70575    101.738 -9.990e-29
   40.43174  -72.83954      2.363      2.345    21.8717    31.1746 -9.990e-29     0.0416 2.2802e+01  1021.3595    21.8712    21.3494     7.4385    227.597    7.31139  223.70802    101.738 -9.990e-29
   40.43174  -72.83954      2.352      2.334    21.8719    31.1744 -9.990e-29     0.0416 2.3651e+01  1021.3593    21.8714    21.3492     7.4385    227.599    7.31141  223.70873    101.739 -9.990e-29
   40.43174  -72.83954      2.352      2.334    21.8722    31.1743 -9.990e-29     0.0416 2.2802e+01  1021.3590    21.8718    21.3491     7.4386    227.601    7.31145  223.70989    101.739 -9.990e-29
   40.43174  -72.83954      2.363      2.345    21.8720    31.1744 -9.990e-29     0.0416 2.0110e+01  1021.3594    21.8716    21.3491     7.4387    227.604    7.31151  223.71160    101.740 -9.990e-29
   40.43174  -72.83954      2.353      2.335    21.8722    31.1745 -9.990e-29     0.0416 1.9260e+01  1021.3593    21.8718    21.3491     7.4388    227.605    7.31152  223.71183    101.740 -9.990e-29
   40.43174  -72.83954      2.352      2.334    21.8724    31.1745 -9.990e-29     0.0551 1.9496e+01  1021.3592    21.8719    21.3491     7.4388    227.606    7.31151  223.71144    101.741 -9.990e-29
   40.43174  -72.83954      2.342      2.324    21.8724    31.1746 -9.990e-29     0.0551 2.0975e+01  1021.3592    21.8719    21.3492     7.4388    227.607    7.31149  223.71114    101.741 -9.990e-29
   40.43174  -72.83954      2.352      2.334    21.8724    31.1749 -9.990e-29     0.0551 2.1695e+01  1021.3597    21.8719    21.3493     7.4389    227.610    7.31155  223.71283    101.742 -9.990e-29
   40.43174  -72.83954      2.342      2.324    21.8728    31.1749 -9.990e-29     0.0551 2.1614e+01  1021.3595    21.8723    21.3493     7.4347    227.481    7.31160  223.71449    101.684 -9.990e-29
   40.43174  -72.83954      2.344      2.326    21.8729    31.1747 -9.990e-29     0.0551 2.0356e+01  1021.3593    21.8725    21.3491     7.4345    227.474    7.31168  223.71673    101.680 -9.990e-29
   40.43174  -72.83954      2.352      2.334    21.8733    31.1745 -9.990e-29     0.0551 1.9681e+01  1021.3589    21.8728    21.3488     7.4386    227.601    7.31180  223.72051    101.735 -9.990e-29
   40.43174  -72.83954      2.342      2.324    21.8733    31.1742 -9.990e-29     0.0551 1.9625e+01  1021.3586    21.8728    21.3487     7.4388    227.605    7.31187  223.72259    101.735 -9.990e-29
   40.43174  -72.83954      2.342      2.324    21.8733    31.1742 -9.990e-29     0.0551 2.1514e+01  1021.3589    21.8728    21.3486     7.4350    227.491    7.31200  223.72629    101.683 -9.990e-29
   40.43174  -72.83954      2.333      2.315    21.8734    31.1742 -9.990e-29     0.0551 2.2952e+01  1021.3585    21.8730    21.3486     7.4352    227.495    7.31206  223.72816    101.684 -9.990e-29
   40.43174  -72.83954      2.344      2.326    21.8734    31.1742 -9.990e-29     0.0551 2.3146e+01  1021.3588    21.8730    21.3486     7.4393    227.621    7.31209  223.72880    101.740 -9.990e-29
   40.43174  -72.83954      2.342      2.324    21.8738    31.1742 -9.990e-29     0.0551 2.1594e+01  1021.3586    21.8733    21.3486     7.4351    227.493    7.31209  223.72888    101.683 -9.990e-29
   40.43174  -72.83954      2.333      2.315    21.8736    31.1743 -9.990e-29     0.0551 2.0204e+01  1021.3587    21.8732    21.3487     7.4396    227.631    7.31215  223.73082    101.743 -9.990e-29
   40.43174  -72.83954      2.342      2.324    21.8738    31.1745 -9.990e-29     0.0551 1.9978e+01  1021.3589    21.8734    21.3487     7.4401    227.644    7.31209  223.72911    101.750 -9.990e-29
   40.43174  -72.83954      2.342      2.324    21.8738    31.1744 -9.990e-29     0.0551 2.0034e+01  1021.3589    21.8733    21.3486     7.4360    227.519    7.31211  223.72961    101.694 -9.990e-29
   40.43174  -72.83954      2.333      2.315    21.8743    31.1742 -9.990e-29     0.0551 2.0034e+01  1021.3582    21.8739    21.3484     7.4358    227.514    7.31210  223.72934    101.692 -9.990e-29
   40.43174  -72.83954      2.342      2.324    21.8743    31.1741 -9.990e-29     0.0551 2.0014e+01  1021.3585    21.8739    21.3483     7.4355    227.506    7.31202  223.72682    101.689 -9.990e-29
   40.43174  -72.83954      2.333      2.315    21.8747    31.1741 -9.990e-29     0.0551 2.1796e+01  1021.3583    21.8743    21.3482     7.4353    227.499    7.31192  223.72375    101.688 -9.990e-29
   40.43174  -72.83954      2.342      2.324    21.8749    31.1741 -9.990e-29     0.0551 2.5656e+01  1021.3582    21.8744    21.3482     7.4351    227.492    7.31179  223.71983    101.686 -9.990e-29
   40.43174  -72.83954      2.333      2.315    21.8749    31.1741 -9.990e-29     0.0551 2.6888e+01  1021.3583    21.8744    21.3481     7.4347    227.482    7.31157  223.71305    101.685 -9.990e-29
   40.43174  -72.83954      2.353      2.335    21.8752    31.1740 -9.990e-29     0.0551 2.5538e+01  1021.3582    21.8748    21.3479     7.4345    227.474    7.31142  223.70861    101.683 -9.990e-29
   40.43174 -9.990e-29      2.333      2.315    21.8756    31.1738 -9.990e-29     0.0551 2.2251e+01  1021.3576    21.8751    21.3477     7.4390    227.611    7.31132  223.70579    101.746 -9.990e-29
   40.43174 -9.990e-29      2.342      2.324    21.8757    31.1737 -9.990e-29     0.0551 2.1212e+01  1021.3578    21.8753    21.3477     7.4391    227.617    7.31122  223.70291    101.750 -9.990e-29
   40.43174 -9.990e-29      2.333      2.315    21.8752    31.1738 -9.990e-29     0.0551 2.0876e+01  1021.3578    21.8748    21.3479     7.4393    227.622    7.31111  223.69965    101.754 -9.990e-29
   40.43174 -9.990e-29      2.344      2.326    21.8747    31.1740 -9.990e-29     0.0551 1.9349e+01  1021.3581    21.8743    21.3481     7.4395    227.628    7.31104  223.69755    101.757 -9.990e-29
   40.43174 -9.990e-29      2.342      2.324    21.8745    31.1742 -9.990e-29     0.0551 1.8688e+01  1021.3586    21.8741    21.3483     7.4355    227.504    7.31099  223.69597    101.702 -9.990e-29
   40.43174 -9.990e-29      2.333      2.315    21.8742    31.1742 -9.990e-29     0.0416 1.9167e+01  1021.3586    21.8737    21.3484     7.4397    227.633    7.31098  223.69549    101.760 -9.990e-29
   40.43174 -9.990e-29      2.342      2.324    21.8742    31.1739 -9.990e-29     0.0416 2.5014e+01  1021.3583    21.8737    21.3482     7.4400    227.644    7.31103  223.69724    101.764 -9.990e-29
   40.43174 -9.990e-29      2.333      2.315    21.8740    31.1735 -9.990e-29     0.0416 2.8548e+01  1021.3579    21.8735    21.3479     7.4403    227.652    7.31100  223.69644    101.768 -9.990e-29
   40.43174 -9.990e-29      2.333      2.315    21.8738    31.1731 -9.990e-29     0.0416 2.9611e+01  1021.3577    21.8734    21.3478     7.4359    227.519    7.31098  223.69576    101.709 -9.990e-29
   40.43174 -9.990e-29      2.333      2.315    21.8731    31.1731 -9.990e-29     0.0551 5.3142e+01  1021.3577    21.8727    21.3479     7.4402    227.649    7.31099  223.69596    101.767 -9.990e-29
   40.43174 -9.990e-29      2.333      2.315    21.8726    31.1733 -9.990e-29     0.0551 7.5948e+01  1021.3581    21.8721    21.3482     7.4358    227.515    7.31098  223.69580    101.707 -9.990e-29
   40.43174 -9.990e-29      2.322      2.304    21.8720    31.1738 -9.990e-29     0.0416 7.9370e+01  1021.3589    21.8716    21.3486     7.4354    227.504    7.31101  223.69676    101.702 -9.990e-29
   40.43174 -9.990e-29      2.322      2.304    21.8724    31.1739 -9.990e-29     0.0416 3.4726e+01  1021.3588    21.8719    21.3487     7.4354    227.504    7.31104  223.69755    101.701 -9.990e-29
   40.43174 -9.990e-29      2.323      2.305    21.8728    31.1737 -9.990e-29     0.0416 1.7129e+01  1021.3583    21.8723    21.3485     7.4397    227.635    7.31105  223.69775    101.760 -9.990e-29
   40.43174 -9.990e-29      2.312      2.294    21.8726    31.1738 -9.990e-29     0.0416 1.5051e+01  1021.3584    21.8721    21.3486     7.4400    227.644    7.31103  223.69716    101.764 -9.990e-29
   40.43174 -9.990e-29      2.322      2.304    21.8717    31.1740 -9.990e-29     0.0416 1.5293e+01  1021.3591    21.8712    21.3488     7.4403    227.653    7.31105  223.69779    101.768 -9.990e-29
   40.43174 -9.990e-29      2.302      2.285    21.8719    31.1741 -9.990e-29     0.0416 1.5179e+01  1021.3587    21.8714    21.3490     7.4363    227.530    7.31101  223.69668    101.714 -9.990e-29
   40.43174 -9.990e-29      2.302      2.285    21.8710    31.1741 -9.990e-29     0.0416 1.5109e+01  1021.3592    21.8705    21.3491     7.4363    227.531    7.31101  223.69669    101.714 -9.990e-29
   40.43174 -9.990e-29      2.302      2.285    21.8708    31.1742 -9.990e-29     0.0416 1.5953e+01  1021.3593    21.8704    21.3493     7.4402    227.650    7.31098  223.69560    101.768 -9.990e-29
   40.43174 -9.990e-29      2.291      2.274    21.8705    31.1742 -9.990e-29     0.0416 1.7586e+01  1021.3592    21.8700    21.3494     7.4402    227.650    7.31100  223.69636    101.767 -9.990e-29
   40.43174 -9.990e-29      2.291      2.274    21.8703    31.1743 -9.990e-29     0.0416 1.8053e+01  1021.3594    21.8698    21.3495     7.4402    227.648    7.31097  223.69533    101.767 -9.990e-29
   40.43174 -9.990e-29      2.282      2.264    21.8703    31.1744 -9.990e-29     0.0416 1.7767e+01  1021.3594    21.8698    21.3496     7.4358    227.516    7.31100  223.69621    101.708 -9.990e-29
   40.43174 -9.990e-29      2.282      2.264    21.8703    31.1744 -9.990e-29     0.0416 1.7177e+01  1021.3594    21.8698    21.3496     7.4355    227.504    7.31101  223.69653    101.702 -9.990e-29
   40.43174 -9.990e-29      2.272      2.255    21.8697    31.1743 -9.990e-29     0.0416 1.6938e+01  1021.3595    21.8693    21.3497     7.4355    227.505    7.31106  223.69813    101.702 -9.990e-29
   40.43174 -9.990e-29      2.261      2.244    21.8695    31.1742 -9.990e-29     0.0416 1.6780e+01  1021.3595    21.8691    21.3497     7.4355    227.506    7.31112  223.69993    101.702 -9.990e-29
   40.43174 -9.990e-29      2.261      2.244    21.8694    31.1741 -9.990e-29     0.0416 1.6192e+01  1021.3592    21.8690    21.3497     7.4399    227.641    7.31122  223.70333    101.760 -9.990e-29
   40.43174 -9.990e-29      2.261      2.244    21.8689    31.1743 -9.990e-29     0.0416 1.5877e+01  1021.3596    21.8684    21.3499     7.4404    227.656    7.31139  223.70840    101.765 -9.990e-29
   40.43174 -9.990e-29      2.241      2.223    21.8687    31.1745 -9.990e-29     0.0551 1.6361e+01  1021.3598    21.8682    21.3501     7.4366    227.541    7.31157  223.71387    101.711 -9.990e-29
