CalculateIndicators/WaterTemperature/Data/CTD_NYOS/20240430_C35.cnv
* Sea-Bird SBE 9 Data File:
* FileName = C:\Seabird 9 CTD\Data\2024\202404_offshore\20240430_C35.hex
* Software Version Seasave V 7.23.2
* Temperature SN = 4590
* Conductivity SN = 3228
* Number of Bytes Per Scan = 44
* Number of Voltage Words = 5
* Number of Scans Averaged by the Deck Unit = 1
* NMEA Latitude = 40 53.53 N
* NMEA Longitude = 072 12.56 W
* NMEA UTC (Time) = Apr 30 2024  01:12:24
* NMEA baud rate = 4800
** Ship: Seawolf
** Station: 11.1
** Operator: TDK
# nquan = 18
# nvalues = 8889                        
# units = specified
# name 0 = latitude: Latitude [deg]
# name 1 = longitude: Longitude [deg]
# name 2 = prDM: Pressure, Digiquartz [db]
# name 3 = depSM: Depth [salt water, m]
# name 4 = t090C: Temperature [ITS-90, deg C]
# name 5 = sal00: Salinity, Practical [PSU]
# name 6 = ph: pH
# name 7 = flECO-AFL: Fluorescence, WET Labs ECO-AFL/FL [mg/m^3]
# name 8 = cpar: CPAR/Corrected Irradiance [%]
# name 9 = density00: Density [density, kg/m^3]
# name 10 = potemp090C: Potential Temperature [ITS-90, deg C]
# name 11 = sigma-é00: Density [sigma-theta, kg/m^3]
# name 12 = sbeox0Mg/L: Oxygen, SBE 43 [mg/l]
# name 13 = sbox0Mm/Kg: Oxygen, SBE 43 [umol/kg]
# name 14 = oxsolMg/L: Oxygen Saturation, Garcia & Gordon [mg/l]
# name 15 = oxsolMm/Kg: Oxygen Saturation, Garcia & Gordon [umol/kg]
# name 16 = sbeox0PS: Oxygen, SBE 43 [% saturation]
# name 17 = flag:  0.000e+00
# span 0 =   40.89230,   40.89316       
# span 1 =  -72.21036,  -72.20932       
# span 2 =      1.728,     18.767       
# span 3 =      1.715,     18.621       
# span 4 =     7.8074,    10.7220       
# span 5 =    29.5256,    30.0631       
# span 6 =      7.945,      8.060       
# span 7 =     0.4849,     1.1161       
# span 8 = 2.5320e-11, 9.9999e+04       
# span 9 =  1022.6172,  1023.5095       
# span 10 =     7.8057,    10.7217      
# span 11 =    22.6071,    23.4222      
# span 12 =     8.9564,    10.0547      
# span 13 =    273.514,    307.176      
# span 14 =    9.19691,    9.79219      
# span 15 =  281.05245,  299.04109      
# span 16 =     91.500,    107.187      
# span 17 = 0.0000e+00, 0.0000e+00      
# interval = seconds: 0.0416667
# start_time = Apr 30 2024 01:12:21 [System UTC, first data scan.]
# bad_flag = -9.990e-29
*END*
[from data line 7156]
   40.89302  -72.21022      2.024      2.008    10.7124    29.5877      8.045     0.5386 2.2547e+01  1022.6224    10.7121    22.6131     9.7911    299.209    9.19895  281.11430    106.437 -9.990e-29
   40.89302  -72.21022      2.024      2.008    10.7124    29.5875      8.045     0.5386 3.0824e+01  1022.6220    10.7121    22.6129     9.7854    299.036    9.19896  281.11442    106.375 -9.990e-29
   40.89302  -72.21022      2.024      2.008    10.7122    29.5874      8.045     0.5386 3.8794e+01  1022.6221    10.7120    22.6129     9.7855    299.038    9.19894  281.11388    106.376 -9.990e-29
   40.89302  -72.21022      2.035      2.019    10.7122    29.5874      8.041     0.5386 4.0268e+01  1022.6222    10.7120    22.6129     9.7855    299.040    9.19893  281.11376    106.377 -9.990e-29
   40.89302  -72.21022      2.024      2.008    10.7120    29.5874      8.045     0.5386 2.7545e+01  1022.6221    10.7118    22.6129     9.7856    299.042    9.19895  281.11419    106.377 -9.990e-29
   40.89302  -72.21022      2.024      2.008    10.7117    29.5874      8.045     0.5386 1.9110e+01  1022.6221    10.7115    22.6129     9.7849    299.022    9.19894  281.11396    106.370 -9.990e-29
   40.89302  -72.21022      2.024      2.008    10.7122    29.5874      8.041     0.5386 1.7776e+01  1022.6220    10.7120    22.6130     9.7842    298.999    9.19893  281.11378    106.362 -9.990e-29
   40.89302  -72.21022      2.035      2.019    10.7117    29.5876      8.041     0.5386 2.0044e+01  1022.6225    10.7115    22.6131     9.7835    298.977    9.19892  281.11330    106.354 -9.990e-29
   40.89302  -72.21022      2.024      2.008    10.7119    29.5876      8.045     0.5386 2.3309e+01  1022.6222    10.7116    22.6131     9.7827    298.954    9.19893  281.11380    106.346 -9.990e-29
   40.89302  -72.21022      2.035      2.019    10.7117    29.5876      8.045     0.5386 2.4172e+01  1022.6225    10.7115    22.6132     9.7826    298.952    9.19893  281.11380    106.345 -9.990e-29
   40.89302  -72.21022      2.024      2.008    10.7117    29.5876      8.041     0.5386 2.4735e+01  1022.6224    10.7115    22.6132     9.7819    298.929    9.19897  281.11498    106.337 -9.990e-29
   40.89302  -72.21022      2.035      2.019    10.7119    29.5876      8.041     0.5386 2.6150e+01  1022.6222    10.7116    22.6132     9.7811    298.905    9.19900  281.11566    106.328 -9.990e-29
   40.89302  -72.21022      2.035      2.019    10.7115    29.5877      8.045     0.5386 2.6666e+01  1022.6226    10.7113    22.6133     9.7810    298.902    9.19900  281.11592    106.327 -9.990e-29
   40.89302  -72.21022      2.035      2.019    10.7115    29.5878      8.045     0.5252 2.5559e+01  1022.6225    10.7113    22.6133     9.7751    298.722    9.19897  281.11482    106.263 -9.990e-29
   40.89302  -72.21022      2.035      2.019    10.7115    29.5879      8.041     0.5252 2.2249e+01  1022.6226    10.7113    22.6134     9.7800    298.872    9.19893  281.11369    106.317 -9.990e-29
   40.89300  -72.21022      2.024      2.008    10.7117    29.5879      8.045     0.5252 2.1087e+01  1022.6226    10.7115    22.6134     9.7799    298.868    9.19890  281.11289    106.316 -9.990e-29
   40.89300  -72.21022      2.044      2.028    10.7115    29.5879      8.041     0.5252 2.1087e+01  1022.6226    10.7113    22.6134     9.7799    298.867    9.19893  281.11375    106.315 -9.990e-29
   40.89300  -72.21022      2.035      2.019    10.7115    29.5879      8.041     0.5252 2.1444e+01  1022.6226    10.7113    22.6135     9.7798    298.865    9.19893  281.11352    106.315 -9.990e-29
   40.89300  -72.21022      2.035      2.019    10.7114    29.5879      8.045     0.5252 2.1589e+01  1022.6228    10.7111    22.6135     9.7740    298.688    9.19897  281.11493    106.251 -9.990e-29
   40.89300  -72.21022      2.035      2.019    10.7115    29.5879      8.045     0.5252 2.1661e+01  1022.6226    10.7113    22.6134     9.7790    298.839    9.19893  281.11366    106.305 -9.990e-29
   40.89300  -72.21022      2.035      2.019    10.7115    29.5877      8.045     0.5252 2.2926e+01  1022.6225    10.7113    22.6133     9.7732    298.664    9.19899  281.11544    106.243 -9.990e-29
   40.89300  -72.21022      2.044      2.028    10.7115    29.5877      8.045     0.5252 2.3620e+01  1022.6225    10.7113    22.6133     9.7725    298.643    9.19901  281.11625    106.235 -9.990e-29
   40.89300  -72.21022      2.044      2.028    10.7115    29.5877      8.045     0.5252 2.3698e+01  1022.6225    10.7113    22.6133     9.7718    298.621    9.19900  281.11577    106.227 -9.990e-29
   40.89300  -72.21022      2.035      2.019    10.7115    29.5877      8.041     0.5252 2.0595e+01  1022.6226    10.7113    22.6133     9.7769    298.777    9.19905  281.11719    106.282 -9.990e-29
   40.89300  -72.21022      2.044      2.028    10.7115    29.5878      8.045     0.5252 1.8721e+01  1022.6225    10.7113    22.6133     9.7770    298.778    9.19906  281.11756    106.282 -9.990e-29
   40.89300  -72.21022      2.044      2.028    10.7115    29.5879      8.045     0.5252 1.8465e+01  1022.6227    10.7113    22.6134     9.7713    298.605    9.19904  281.11709    106.221 -9.990e-29
   40.89300  -72.21022      2.035      2.019    10.7115    29.5881      8.045     0.5252 1.8914e+01  1022.6228    10.7113    22.6136     9.7706    298.585    9.19906  281.11749    106.213 -9.990e-29
   40.89300  -72.21022      2.054      2.038    10.7114    29.5882      8.045     0.5252 1.9307e+01  1022.6231    10.7111    22.6137     9.7700    298.566    9.19904  281.11710    106.207 -9.990e-29
   40.89300  -72.21022      2.044      2.028    10.7120    29.5881      8.045     0.5252 1.9373e+01  1022.6227    10.7118    22.6136     9.7752    298.723    9.19905  281.11734    106.263 -9.990e-29
   40.89300  -72.21022      2.054      2.038    10.7120    29.5880      8.041     0.5252 1.9773e+01  1022.6227    10.7118    22.6134     9.7696    298.553    9.19909  281.11862    106.202 -9.990e-29
   40.89300  -72.21022      2.054      2.038    10.7124    29.5880      8.045     0.5252 2.0249e+01  1022.6227    10.7121    22.6134     9.7690    298.536    9.19908  281.11815    106.196 -9.990e-29
   40.89300  -72.21022      2.065      2.049    10.7124    29.5880      8.045     0.5252 2.0387e+01  1022.6227    10.7121    22.6134     9.7750    298.717    9.19904  281.11689    106.261 -9.990e-29
   40.89300  -72.21022      2.065      2.049    10.7125    29.5880      8.045     0.5252 2.0595e+01  1022.6228    10.7123    22.6134     9.7751    298.721    9.19901  281.11602    106.263 -9.990e-29
   40.89300  -72.21022      2.065      2.049    10.7124    29.5879      8.045     0.5252 2.1016e+01  1022.6226    10.7121    22.6133     9.7753    298.728    9.19898  281.11512    106.265 -9.990e-29
   40.89300  -72.21022      2.074      2.058    10.7124    29.5877      8.045     0.5252 2.1158e+01  1022.6226    10.7121    22.6132     9.7698    298.559    9.19898  281.11500    106.205 -9.990e-29
   40.89300  -72.21022      2.074      2.058    10.7122    29.5876      8.045     0.5252 2.1807e+01  1022.6225    10.7120    22.6131     9.7693    298.544    9.19895  281.11433    106.200 -9.990e-29
   40.89300  -72.21022      2.084      2.068    10.7122    29.5876      8.045     0.5252 2.4172e+01  1022.6225    10.7120    22.6131     9.7746    298.707    9.19902  281.11635    106.258 -9.990e-29
   40.89300  -72.21022      2.095      2.079    10.7122    29.5876      8.045     0.5520 2.5062e+01  1022.6226    10.7120    22.6131     9.7699    298.562    9.19896  281.11477    106.206 -9.990e-29
   40.89300  -72.21022      2.095      2.079    10.7120    29.5875      8.045     0.6057 2.5062e+01  1022.6226    10.7118    22.6131     9.7703    298.576    9.19905  281.11740    106.210 -9.990e-29
   40.89300  -72.21022      2.105      2.088    10.7119    29.5874      8.045     0.6192 2.5062e+01  1022.6225    10.7116    22.6130     9.7701    298.567    9.19908  281.11825    106.207 -9.990e-29
   40.89300  -72.21022      2.095      2.079    10.7120    29.5874      8.045     0.6192 2.5062e+01  1022.6223    10.7118    22.6130     9.7698    298.559    9.19911  281.11904    106.204 -9.990e-29
   40.89300  -72.21022      2.114      2.098    10.7117    29.5876      8.045     0.6192 2.4573e+01  1022.6230    10.7115    22.6132     9.7752    298.725    9.19908  281.11825    106.263 -9.990e-29
   40.89300  -72.21022      2.125      2.109    10.7117    29.5877      8.045     0.6192 1.9773e+01  1022.6228    10.7115    22.6133     9.7700    298.564    9.19911  281.11904    106.206 -9.990e-29
   40.89300  -72.21022      2.114      2.098    10.7114    29.5878      8.045     0.6192 1.7530e+01  1022.6229    10.7111    22.6133     9.7698    298.558    9.19913  281.11973    106.203 -9.990e-29
   40.89300  -72.21022      2.135      2.118    10.7115    29.5878 -9.990e-29     0.6192 1.7348e+01  1022.6231    10.7113    22.6134     9.7696    298.553    9.19915  281.12045    106.201 -9.990e-29
   40.89300  -72.21022      2.146      2.129    10.7117    29.5878 -9.990e-29     0.6192 2.4817e+01  1022.6232    10.7115    22.6134     9.7694    298.548    9.19918  281.12123    106.199 -9.990e-29
   40.89300  -72.21022      2.146      2.129    10.7117    29.5878 -9.990e-29     0.6192 3.1519e+01  1022.6231    10.7115    22.6134     9.7693    298.545    9.19921  281.12222    106.197 -9.990e-29
   40.89300  -72.21022      2.146      2.129    10.7114    29.5879 -9.990e-29     0.6192 3.2640e+01  1022.6232    10.7111    22.6134     9.7693    298.543    9.19927  281.12399    106.196 -9.990e-29
   40.89300  -72.21022      2.165      2.148    10.7115    29.5879 -9.990e-29     0.6192 2.5227e+01  1022.6233    10.7113    22.6134     9.7693    298.543    9.19934  281.12637    106.195 -9.990e-29
   40.89300  -72.21022      2.165      2.148    10.7115    29.5879 -9.990e-29     0.6192 1.9908e+01  1022.6233    10.7113    22.6134     9.7757    298.740    9.19937  281.12716    106.265 -9.990e-29
   40.89300  -72.21022      2.176      2.159    10.7117    29.5878 -9.990e-29     0.6192 1.9045e+01  1022.6231    10.7115    22.6134     9.7707    298.588    9.19943  281.12898    106.210 -9.990e-29
   40.89300  -72.21022      2.186      2.169    10.7117    29.5878 -9.990e-29     0.6192 1.9506e+01  1022.6232    10.7115    22.6134     9.7708    298.590    9.19952  281.13141    106.210 -9.990e-29
   40.89300  -72.21022      2.186      2.169    10.7115    29.5880 -9.990e-29     0.6192 1.9976e+01  1022.6235    10.7113    22.6135     9.7708    298.590    9.19949  281.13061    106.211 -9.990e-29
   40.89300  -72.21022      2.206      2.189    10.7115    29.5880 -9.990e-29     0.6192 2.0044e+01  1022.6236    10.7113    22.6135     9.7709    298.592    9.19947  281.12988    106.211 -9.990e-29
   40.89300  -72.21022      2.206      2.189    10.7117    29.5879 -9.990e-29     0.6192 1.9976e+01  1022.6233    10.7115    22.6134     9.7709    298.593    9.19947  281.12998    106.212 -9.990e-29
   40.89300  -72.21022      2.226      2.208    10.7117    29.5879 -9.990e-29     0.6192 1.9908e+01  1022.6235    10.7115    22.6134     9.7712    298.601    9.19955  281.13233    106.214 -9.990e-29
   40.89300  -72.21022      2.237      2.219    10.7117    29.5878 -9.990e-29     0.6192 1.9908e+01  1022.6234    10.7115    22.6133     9.7712    298.603    9.19951  281.13102    106.215 -9.990e-29
   40.89300  -72.21022      2.237      2.219    10.7117    29.5877 -9.990e-29     0.6192 2.1373e+01  1022.6234    10.7115    22.6133     9.7715    298.610    9.19955  281.13230    106.217 -9.990e-29
   40.89300  -72.21022      2.257      2.240    10.7115    29.5878 -9.990e-29     0.6192 2.6666e+01  1022.6235    10.7113    22.6133     9.7717    298.616    9.19953  281.13182    106.219 -9.990e-29
   40.89300  -72.21022      2.267      2.249    10.7114    29.5878 -9.990e-29     0.6192 2.8818e+01  1022.6237    10.7111    22.6134     9.7719    298.622    9.19951  281.13102    106.222 -9.990e-29
   40.89300  -72.21022      2.276      2.259    10.7114    29.5879 -9.990e-29     0.6192 2.8725e+01  1022.6237    10.7111    22.6135     9.7720    298.626    9.19939  281.12735    106.224 -9.990e-29
   40.89300  -72.21022      2.287      2.270    10.7114    29.5880 -9.990e-29     0.6057 2.7545e+01  1022.6241    10.7111    22.6136     9.7723    298.634    9.19938  281.12698    106.228 -9.990e-29
   40.89300  -72.21022      2.307      2.289    10.7117    29.5880 -9.990e-29     0.5386 2.7102e+01  1022.6239    10.7114    22.6135     9.7660    298.443    9.19929  281.12429    106.160 -9.990e-29
   40.89300  -72.21022      2.307      2.289    10.7119    29.5878 -9.990e-29     0.5252 2.6666e+01  1022.6237    10.7116    22.6133     9.7656    298.430    9.19924  281.12282    106.156 -9.990e-29
   40.89300  -72.21022      2.329      2.311    10.7117    29.5878 -9.990e-29     0.5252 2.2027e+01  1022.6238    10.7115    22.6133     9.7709    298.593    9.19916  281.12045    106.215 -9.990e-29
   40.89300  -72.21022      2.348      2.330    10.7117    29.5878 -9.990e-29     0.5252 1.9773e+01  1022.6240    10.7115    22.6133     9.7713    298.605    9.19912  281.11936    106.220 -9.990e-29
   40.89300  -72.21022      2.348      2.330    10.7115    29.5878 -9.990e-29     0.5252 1.9572e+01  1022.6239    10.7113    22.6133     9.7718    298.621    9.19917  281.12092    106.225 -9.990e-29
   40.89300  -72.21022      2.368      2.350    10.7117    29.5877 -9.990e-29     0.5252 2.1229e+01  1022.6241    10.7115    22.6132     9.7716    298.614    9.19918  281.12117    106.223 -9.990e-29
   40.89300  -72.21022      2.378      2.360    10.7115    29.5876 -9.990e-29     0.5252 2.2323e+01  1022.6239    10.7113    22.6132     9.7721    298.629    9.19917  281.12086    106.228 -9.990e-29
   40.89300  -72.21022      2.388      2.369    10.7114    29.5876 -9.990e-29     0.5252 2.2547e+01  1022.6240    10.7111    22.6133     9.7719    298.623    9.19916  281.12075    106.226 -9.990e-29
   40.89300  -72.21022      2.399      2.380    10.7114    29.5877 -9.990e-29     0.5252 1.7837e+01  1022.6243    10.7111    22.6133     9.7718    298.620    9.19926  281.12368    106.224 -9.990e-29
   40.89300  -72.21022      2.418      2.399    10.7112    29.5876 -9.990e-29     0.5252 7.1849e+00  1022.6243    10.7109    22.6133     9.7658    298.438    9.19928  281.12426    106.159 -9.990e-29
   40.89300  -72.21022      2.418      2.399    10.7112    29.5876 -9.990e-29     0.5252 1.3755e+01  1022.6241    10.7109    22.6133     9.7715    298.611    9.19934  281.12598    106.220 -9.990e-29
   40.89300  -72.21022      2.450      2.431    10.7112    29.5878 -9.990e-29     0.5252 1.6693e+01  1022.6244    10.7109    22.6135     9.7721    298.630    9.19935  281.12635    106.226 -9.990e-29
   40.89300  -72.21022      2.439      2.420    10.7109    29.5880 -9.990e-29     0.5252 2.1158e+01  1022.6250    10.7106    22.6136     9.7720    298.626    9.19935  281.12634    106.225 -9.990e-29
   40.89300  -72.21022      2.459      2.440    10.7112    29.5880 -9.990e-29     0.5252 2.2472e+01  1022.6245    10.7109    22.6135     9.7720    298.625    9.19943  281.12889    106.224 -9.990e-29
   40.89300  -72.21022      2.469      2.450    10.7111    29.5879 -9.990e-29     0.5252 2.4013e+01  1022.6248    10.7108    22.6135     9.7661    298.446    9.19944  281.12912    106.160 -9.990e-29
   40.89300  -72.21022      2.469      2.450    10.7109    29.5880 -9.990e-29     0.5252 2.7456e+01  1022.6247    10.7106    22.6136     9.7718    298.621    9.19949  281.13047    106.222 -9.990e-29
   40.89300  -72.21022      2.489      2.470    10.7109    29.5880 -9.990e-29     0.5252 2.8633e+01  1022.6250    10.7106    22.6136     9.7718    298.621    9.19952  281.13151    106.221 -9.990e-29
   40.89300  -72.21022      2.510      2.491    10.7112    29.5880 -9.990e-29     0.5252 2.9097e+01  1022.6248    10.7109    22.6136     9.7661    298.444    9.19956  281.13261    106.158 -9.990e-29
