CalculateIndicators/WaterTemperature/Data/CTD_NYOS/20240914_C23.cnv
* Sea-Bird SBE 9 Data File:
* FileName = C:\Seabird 9 CTD\Data\2024\202409_offshore\20240914_C23.hex
* Software Version Seasave V 7.23.2
* Temperature SN = 4590
* Conductivity SN = 3228
* Number of Bytes Per Scan = 44
* Number of Voltage Words = 5
* Number of Scans Averaged by the Deck Unit = 1
* NMEA Latitude = 40 21.40 N
* NMEA Longitude = 072 18.72 W
* NMEA UTC (Time) = Sep 14 2024  05:56:39
* NMEA baud rate = 4800
** Ship: Seawolf
** Station: 10.3
** Operator: TCM
# nquan = 18
# nvalues = 13671                       
# units = specified
# name 0 = latitude: Latitude [deg]
# name 1 = longitude: Longitude [deg]
# name 2 = prDM: Pressure, Digiquartz [db]
# name 3 = depSM: Depth [salt water, m]
# name 4 = t090C: Temperature [ITS-90, deg C]
# name 5 = sal00: Salinity, Practical [PSU]
# name 6 = ph: pH
# name 7 = flECO-AFL: Fluorescence, WET Labs ECO-AFL/FL [mg/m^3]
# name 8 = cpar: CPAR/Corrected Irradiance [%]
# name 9 = density00: Density [density, kg/m^3]
# name 10 = potemp090C: Potential Temperature [ITS-90, deg C]
# name 11 = sigma-é00: Density [sigma-theta, kg/m^3]
# name 12 = sbeox0Mg/L: Oxygen, SBE 43 [mg/l]
# name 13 = sbox0Mm/Kg: Oxygen, SBE 43 [umol/kg]
# name 14 = oxsolMg/L: Oxygen Saturation, Garcia & Gordon [mg/l]
# name 15 = oxsolMm/Kg: Oxygen Saturation, Garcia & Gordon [umol/kg]
# name 16 = sbeox0PS: Oxygen, SBE 43 [% saturation]
# name 17 = flag:  0.000e+00
# span 0 =   40.35666,   40.35682       
# span 1 =  -72.31318,  -72.31200       
# span 2 =      1.953,     53.321       
# span 3 =      1.938,     52.904       
# span 4 =     9.7695,    21.3902       
# span 5 =    31.4869,    32.9696       
# span 6 =      7.856,      8.199       
# span 7 =    -0.0121,     1.2236       
# span 8 = 1.6880e-11, 9.9999e+04       
# span 9 =  1021.8410,  1025.0549       
# span 10 =     9.7637,    21.3898      
# span 11 =    21.8232,    24.8137      
# span 12 =     6.6163,     9.3527      
# span 13 =    201.758,    285.442      
# span 14 =    7.34924,    9.23398      
# span 15 =  224.73818,  281.58048      
# span 16 =     71.713,    110.252      
# span 17 = 0.0000e+00, 0.0000e+00      
# interval = seconds: 0.0416667
# start_time = Sep 14 2024 05:56:40 [System UTC, first data scan.]
# bad_flag = -9.990e-29
*END*
[from data line 7960]
   40.35672 -9.990e-29     25.434     25.237    15.4440    32.2157      8.089     0.3103 1.6880e-11  1023.8219    15.4402    23.7380     8.4544    258.253    7.98883  244.03187    105.827 -9.990e-29
   40.35672 -9.990e-29     25.439     25.242    15.4200    32.1717      8.089     0.3103 1.6880e-11  1023.8057    15.4162    23.7049     8.4529    258.230    7.97889  243.75042    105.940 -9.990e-29
   40.35672 -9.990e-29     25.409     25.212    15.3721    32.1519      8.089     0.3103 1.6880e-11  1023.8100    15.3683    23.6952     8.4574    258.379    7.97404  243.61272    106.062 -9.990e-29
   40.35672 -9.990e-29     25.409     25.212    15.3618    32.1289      8.089     0.3103 1.6880e-11  1023.8078    15.3580    23.6817     8.4612    258.504    7.96830  243.44466    106.186 -9.990e-29
   40.35672 -9.990e-29     25.388     25.192    15.3643    32.0657      8.089     0.3103 1.6880e-11  1023.7821    15.3605    23.6388     8.4796    259.050    7.97485  243.62878    106.330 0.0000e+00
   40.35672 -9.990e-29     25.377     25.181    15.3099    31.9508      8.089     0.3103 1.6880e-11  1023.6633    15.3061    23.5664     8.5140    260.047    7.99455  244.18267    106.497 -9.990e-29
   40.35672 -9.990e-29     25.377     25.181    15.1381    31.8451      8.090     0.3103 1.6880e-11  1023.5829    15.1344    23.5150     8.5396    260.788    8.01018  244.61979    106.609 -9.990e-29
   40.35672 -9.990e-29     25.358     25.162    14.9383    31.8105      8.091     0.3103 1.6880e-11  1023.6150    14.9346    23.5242     8.5505    261.112    8.00904  244.57731    106.761 0.0000e+00
   40.35672 -9.990e-29     25.338     25.141    14.7883    31.8375      8.091     0.3103 1.6880e-11  1023.6876    14.7846    23.5760     8.5491    261.076    8.00091  244.33496    106.852 0.0000e+00
   40.35672 -9.990e-29     25.333     25.137    14.6847    31.8872      8.097     0.3103 1.6880e-11  1023.7539    14.6811    23.6364     8.5456    260.984    7.99089  244.04446    106.941 0.0000e+00
   40.35672 -9.990e-29     25.317     25.121    14.6311    31.9424      8.092     0.3103 1.6880e-11  1023.8028    14.6275    23.6936     8.5485    261.094    7.98236  243.80187    107.093 0.0000e+00
   40.35672 -9.990e-29     25.296     25.100    14.5842    31.9987      8.092     0.3103 1.6880e-11  1023.8670    14.5805    23.7478     8.5536    261.256    7.97926  243.71554    107.197 0.0000e+00
   40.35672 -9.990e-29     25.287     25.090    14.5420    32.0492      8.092     0.3103 1.6880e-11  1023.9083    14.5384    23.7971     8.5664    261.650    7.97864  243.69774    107.367 0.0000e+00
   40.35672 -9.990e-29     25.266     25.070    14.4813    32.0987      8.093     0.3103 1.6880e-11  1023.9537    14.4777    23.8460     8.5768    261.965    7.97909  243.71000    107.490 0.0000e+00
   40.35672 -9.990e-29     25.256     25.060    14.4291    32.1559      8.093     0.3103 1.6880e-11  1024.0118    14.4255    23.8990     8.5870    262.279    7.97941  243.71965    107.615 0.0000e+00
   40.35672 -9.990e-29     25.245     25.049    14.4145    32.2193      8.093     0.3103 1.6880e-11  1024.0656    14.4109    23.9533     8.6053    262.834    7.98235  243.80736    107.804 0.0000e+00
   40.35672 -9.990e-29     25.220     25.025    14.4038    32.2881      8.093     0.3103 1.6880e-11  1024.1154    14.4002    24.0098     8.6282    263.522    7.99246  244.10419    107.955 0.0000e+00
   40.35672 -9.990e-29     25.205     25.010    14.3824    32.3644      8.093     0.3103 1.6880e-11  1024.1841    14.3788    24.0716     8.6494    264.163    8.00053  244.34725    108.110 0.0000e+00
   40.35672 -9.990e-29     25.185     24.989    14.3677    32.4300      8.093     0.3237 1.6880e-11  1024.2609    14.3641    24.1232     8.6681    264.737    8.00686  244.54228    108.258 0.0000e+00
   40.35672 -9.990e-29     25.164     24.969    14.3924    32.4554      8.098     0.3237 1.6880e-11  1024.2707    14.3888    24.1401     8.6881    265.342    8.01360  244.74334    108.417 0.0000e+00
   40.35672 -9.990e-29     25.154     24.959    14.4220    32.4493      8.093     0.3237 1.6880e-11  1024.2317    14.4184    24.1312     8.7040    265.816    8.02072  244.94813    108.519 0.0000e+00
   40.35672 -9.990e-29     25.134     24.939    14.4357    32.4653      8.093     0.3237 1.6880e-11  1024.2160    14.4321    24.1414     8.7187    266.259    8.02297  245.01186    108.672 0.0000e+00
   40.35672 -9.990e-29     25.103     24.909    14.4190    32.5396      8.093     0.3237 1.6880e-11  1024.2968    14.4154    24.1989     8.7320    266.659    8.02427  245.04784    108.819 0.0000e+00
   40.35672 -9.990e-29     25.088     24.894    14.3950    32.6421      8.098     0.3237 1.6880e-11  1024.4138    14.3914    24.2725     8.7400    266.898    8.02508  245.06589    108.908 0.0000e+00
   40.35672 -9.990e-29     25.073     24.879    14.5243    32.7415      8.097     0.3237 1.6880e-11  1024.4271    14.5207    24.3304     8.7499    267.192    8.02402  245.02566    109.046 0.0000e+00
   40.35672 -9.990e-29     25.043     24.849    14.6708    32.8531      8.097     0.3237 1.6880e-11  1024.4965    14.6671    24.3891     8.7563    267.388    8.02049  244.91768    109.175 0.0000e+00
   40.35672 -9.990e-29     25.032     24.838    14.7873    32.9514      8.096     0.3237 1.6880e-11  1024.5950    14.7836    24.4335     8.7607    267.522    8.01596  244.78061    109.291 0.0000e+00
   40.35672 -9.990e-29     25.002     24.808    14.9737    32.9696      8.096     0.3237 1.6880e-11  1024.5654    14.9700    24.4077     8.7629    267.587    8.00994  244.59407    109.400 0.0000e+00
   40.35672 -9.990e-29     24.982     24.789    15.2155    32.8923      8.095     0.3237 1.6880e-11  1024.4365    15.2118    24.2983     8.7573    267.417    8.00226  244.36189    109.435 0.0000e+00
   40.35672 -9.990e-29     24.967     24.773    15.4847    32.7487      8.094     0.3237 1.6880e-11  1024.2572    15.4810    24.1321     8.7568    267.418    7.99635  244.19332    109.511 0.0000e+00
   40.35672 -9.990e-29     24.931     24.738    15.7583    32.5759      8.093     0.3237 1.6880e-11  1024.0400    15.7545    23.9455     8.7626    267.609    7.99566  244.18719    109.592 0.0000e+00
   40.35672 -9.990e-29     24.920     24.727    15.9510    32.4167      8.087     0.3237 1.6880e-11  1023.8632    15.9472    23.7789     8.7754    268.009    8.00081  244.35292    109.681 0.0000e+00
   40.35672 -9.990e-29     24.890     24.697    16.0899    32.2989      8.087     0.3237 1.6880e-11  1023.7431    16.0861    23.6544     8.7844    268.281    8.00824  244.57663    109.692 0.0000e+00
   40.35672 -9.990e-29     24.869     24.676    16.2099    32.2254      8.091     0.3237 1.6880e-11  1023.6626    16.2060    23.5705     8.7885    268.396    8.01226  244.69156    109.688 0.0000e+00
   40.35672 -9.990e-29     24.845     24.652    16.3063    32.1839      8.086     0.3237 1.6880e-11  1023.6202    16.3024    23.5158     8.7940    268.556    8.01392  244.73341    109.734 0.0000e+00
   40.35672 -9.990e-29     24.829     24.637    16.3954    32.1520      8.090     0.3237 1.6880e-11  1023.5855    16.3915    23.4722     8.7860    268.304    8.01279  244.69298    109.649 0.0000e+00
   40.35672 -9.990e-29     24.799     24.607    16.4653    32.1151      8.090     0.3237 1.6880e-11  1023.5324    16.4614    23.4305     8.7819    268.175    8.00815  244.54671    109.662 0.0000e+00
   40.35672 -9.990e-29     24.778     24.586    16.4829    32.0845      8.090     0.3237 1.6880e-11  1023.4946    16.4790    23.4009     8.7657    267.684    8.00245  244.37661    109.537 0.0000e+00
   40.35672 -9.990e-29     24.758     24.566    16.4680    32.0745      8.090     0.3237 1.6880e-11  1023.4961    16.4641    23.3915     8.7580    267.453    8.00111  244.33937    109.459 0.0000e+00
   40.35672 -9.990e-29     24.733     24.541    16.4783    32.0762      8.090     0.3237 1.6880e-11  1023.5079    16.4744    23.3883     8.7553    267.372    8.00078  244.33004    109.431 0.0000e+00
   40.35672  -72.31276     24.718     24.526    16.5359    32.0686      8.090     0.3237 1.6880e-11  1023.4901    16.5320    23.3724     8.7492    267.185    8.00082  244.32934    109.354 0.0000e+00
   40.35672  -72.31276     24.688     24.496    16.5984    32.0456      8.090     0.3237 1.6880e-11  1023.4524    16.5945    23.3410     8.7362    266.787    8.00032  244.31351    109.199 0.0000e+00
   40.35672  -72.31276     24.667     24.476    16.6634    32.0088      8.089     0.3237 1.6880e-11  1023.4166    16.6595    23.2970     8.7305    266.613    7.99870  244.26469    109.149 0.0000e+00
   40.35672  -72.31276     24.646     24.455    16.7544    31.9586      8.089     0.3237 1.6880e-11  1023.3470    16.7504    23.2425     8.7198    266.283    7.99643  244.19205    109.047 0.0000e+00
   40.35672  -72.31276     24.621     24.431    16.8069    31.9032      8.089     0.3237 1.6880e-11  1023.2919    16.8030    23.1885     8.7081    265.922    7.99365  244.10447    108.938 0.0000e+00
   40.35672  -72.31276     24.606     24.416    16.8200    31.8540      8.089     0.3237 1.6880e-11  1023.2436    16.8161    23.1457     8.6945    265.510    7.98974  243.98844    108.821 0.0000e+00
   40.35672  -72.31276     24.586     24.395    16.8119    31.8226      8.089     0.3237 1.6880e-11  1023.2184    16.8080    23.1192     8.6818    265.123    7.98647  243.89071    108.706 0.0000e+00
   40.35672  -72.31276     24.565     24.375    16.8195    31.7963      8.089     0.3237 1.6880e-11  1023.2301    16.8156    23.0910     8.6686    264.721    7.98263  243.77387    108.593 0.0000e+00
   40.35672  -72.31276     24.544     24.354    16.9348    31.7445      8.088     0.3237 1.6880e-11  1023.1476    16.9308    23.0342     8.6540    264.278    7.97745  243.61821    108.480 0.0000e+00
   40.35672  -72.31276     24.529     24.339    17.0278    31.6786      8.088     0.3237 1.6880e-11  1023.0553    17.0238    22.9656     8.6384    263.807    7.97124  243.43195    108.370 0.0000e+00
   40.35672  -72.31276     24.504     24.314    17.0730    31.6337      8.088     0.3237 1.6880e-11  1023.0108    17.0691    22.9190     8.6237    263.361    7.96553  243.25997    108.263 0.0000e+00
   40.35672  -72.31276     24.493     24.303    17.1182    31.6345      8.088     0.3237 1.6880e-11  1022.9807    17.1143    22.9174     8.6107    262.966    7.96097  243.12430    108.161 0.0000e+00
   40.35672  -72.31276     24.463     24.273    17.0548    31.7104      8.088     0.3237 1.6880e-11  1023.0468    17.0508    22.9906     8.5959    262.520    7.95883  243.06494    108.004 0.0000e+00
   40.35672  -72.31276     24.448     24.258    16.8636    31.8522      8.089     0.3237 1.6880e-11  1023.2477    16.8597    23.1290     8.5889    262.311    7.95943  243.08643    107.909 0.0000e+00
   40.35672  -72.31276     24.444     24.254    16.7089    31.9838      8.089     0.3237 1.6880e-11  1023.4163    16.7051    23.2553     8.5836    262.147    7.96107  243.13537    107.820 0.0000e+00
   40.35672  -72.31276     24.412     24.223    16.7037    32.0447      8.094     0.3237 1.6880e-11  1023.4481    16.6999    23.3090     8.5726    261.811    7.96195  243.16176    107.669 0.0000e+00
   40.35672  -72.31276     24.402     24.213    16.7606    32.0397      8.089     0.3237 1.6880e-11  1023.4237    16.7567    23.2966     8.5659    261.608    7.96247  243.17763    107.579 0.0000e+00
   40.35672  -72.31276     24.387     24.198    16.8436    31.9956      8.094     0.3237 1.6880e-11  1023.3590    16.8397    23.2474     8.5583    261.376    7.96203  243.16667    107.488 0.0000e+00
   40.35672  -72.31276     24.372     24.183    16.9221    31.9417      8.088     0.3237 1.6880e-11  1023.2833    16.9182    23.1916     8.5502    261.132    7.96122  243.14263    107.399 0.0000e+00
   40.35672  -72.31276     24.352     24.163    16.9534    31.9052      8.093     0.3237 1.6880e-11  1023.2482    16.9495    23.1551     8.5412    260.857    7.95900  243.07593    107.315 0.0000e+00
   40.35672  -72.31276     24.342     24.153    16.9592    31.8924      8.093     0.3237 1.6880e-11  1023.2427    16.9552    23.1425     8.5343    260.648    7.95861  243.06516    107.234 0.0000e+00
   40.35672  -72.31276     24.336     24.148    16.9538    31.8925      8.093     0.3237 1.6880e-11  1023.2498    16.9499    23.1427     8.5296    260.500    7.95953  243.09077    107.162 0.0000e+00
   40.35672  -72.31276     24.312     24.123    16.9517    31.8966      8.093     0.3237 1.6880e-11  1023.2503    16.9478    23.1482     8.5247    260.348    7.96020  243.10832    107.092 -9.990e-29
   40.35672  -72.31276     24.312     24.123    16.9315    31.9085      8.093     0.3237 1.6880e-11  1023.2580    16.9276    23.1644     8.5144    260.033    7.96010  243.10618    106.963 -9.990e-29
   40.35672  -72.31276     24.291     24.103    16.8532    31.9266      8.094     0.3237 1.6880e-11  1023.3080    16.8494    23.1902     8.5143    260.038    7.96050  243.12346    106.957 0.0000e+00
   40.35672  -72.31276     24.285     24.097    16.8004    31.9341      8.094     0.3237 1.6880e-11  1023.3223    16.7965    23.2082     8.5128    259.998    7.96321  243.21170    106.902 0.0000e+00
   40.35672  -72.31276     24.261     24.073    16.7659    31.9340      8.094     0.3505 1.6880e-11  1023.3150    16.7620    23.2184     8.5149    260.063    7.96893  243.38953    106.851 -9.990e-29
   40.35672  -72.31276     24.261     24.073    16.7185    31.9481      8.094     0.3774 1.6880e-11  1023.3359    16.7146    23.2400     8.5190    260.182    7.97622  243.60483    106.805 -9.990e-29
   40.35672  -72.31276     24.240     24.052    16.6574    31.9771      8.094     0.3774 1.6880e-11  1023.3879    16.6536    23.2724     8.5181    260.151    7.97866  243.67676    106.761 0.0000e+00
   40.35672  -72.31276     24.234     24.047    16.6362    32.0040      8.099     0.3774 1.6880e-11  1023.4093    16.6324    23.2998     8.5160    260.095    7.98029  243.73275    106.713 0.0000e+00
   40.35672  -72.31276     24.230     24.042    16.6230    32.0275      8.094     0.3774 1.6880e-11  1023.4245    16.6192    23.3218     8.5278    260.442    7.98972  244.00947    106.734 0.0000e+00
   40.35672  -72.31276     24.210     24.022    16.6079    32.0560      8.099     0.3774 1.6880e-11  1023.4523    16.6040    23.3463     8.5320    260.550    7.99587  244.17878    106.705 -9.990e-29
   40.35672  -72.31276     24.210     24.022    16.6018    32.0835      8.100     0.3774 1.6880e-11  1023.4853    16.5980    23.3676     8.5272    260.396    7.99402  244.11491    106.670 -9.990e-29
   40.35672  -72.31276     24.184     23.996    16.6221    32.0996      8.099     0.3774 1.6880e-11  1023.4861    16.6183    23.3765     8.5148    260.019    7.98933  243.97241    106.577 -9.990e-29
   40.35672  -72.31276     24.189     24.002    16.6503    32.1096      8.099     0.3774 1.6880e-11  1023.4815    16.6465    23.3781     8.5074    259.797    7.98489  243.84063    106.544 -9.990e-29
   40.35670  -72.31276     24.179     23.992    16.6818    32.1182      8.099     0.3774 1.6880e-11  1023.4919    16.6780    23.3767     8.5056    259.746    7.98074  243.71901    106.576 0.0000e+00
   40.35670  -72.31276     24.168     23.981    16.7303    32.1094      8.099     0.3774 1.6880e-11  1023.4826    16.7265    23.3601     8.5004    259.593    7.97712  243.61347    106.559 0.0000e+00
   40.35670  -72.31276     24.153     23.966    16.7839    32.0710      8.099     0.3774 1.6880e-11  1023.4320    16.7801    23.3212     8.4961    259.467    7.97440  243.53427    106.542 0.0000e+00
   40.35670  -72.31276     24.149     23.962    16.8109    32.0173      8.099     0.3774 1.6880e-11  1023.3702    16.8071    23.2755     8.4933    259.383    7.97263  243.48175    106.531 0.0000e+00
   40.35670  -72.31276     24.138     23.951    16.7942    31.9786      8.099     0.3774 1.6880e-11  1023.3337    16.7904    23.2484     8.4861    259.164    7.97080  243.42620    106.465 0.0000e+00
