CalculateIndicators/WaterTemperature/Data/CTD_NYOS/20240708_C02.cnv
* Sea-Bird SBE 9 Data File:
* FileName = C:\Seabird 9 CTD\Data\2024\202407_offshore\20240708_C02.hex
* Software Version Seasave V 7.23.2
* Temperature SN = 4590
* Conductivity SN = 3228
* Number of Bytes Per Scan = 44
* Number of Voltage Words = 5
* Number of Scans Averaged by the Deck Unit = 1
* NMEA Latitude = 40 25.60 N
* NMEA Longitude = 073 50.29 W
* NMEA UTC (Time) = Jul 08 2024  07:44:42
* NMEA baud rate = 4800
** Ship: seawolf
** Station: HR1
** Operator: TDK
# nquan = 18
# nvalues = 11678                       
# units = specified
# name 0 = latitude: Latitude [deg]
# name 1 = longitude: Longitude [deg]
# name 2 = prDM: Pressure, Digiquartz [db]
# name 3 = depSM: Depth [salt water, m]
# name 4 = t090C: Temperature [ITS-90, deg C]
# name 5 = sal00: Salinity, Practical [PSU]
# name 6 = ph: pH
# name 7 = flECO-AFL: Fluorescence, WET Labs ECO-AFL/FL [mg/m^3]
# name 8 = cpar: CPAR/Corrected Irradiance [%]
# name 9 = density00: Density [density, kg/m^3]
# name 10 = potemp090C: Potential Temperature [ITS-90, deg C]
# name 11 = sigma-é00: Density [sigma-theta, kg/m^3]
# name 12 = sbeox0Mg/L: Oxygen, SBE 43 [mg/l]
# name 13 = sbox0Mm/Kg: Oxygen, SBE 43 [umol/kg]
# name 14 = oxsolMg/L: Oxygen Saturation, Garcia & Gordon [mg/l]
# name 15 = oxsolMm/Kg: Oxygen Saturation, Garcia & Gordon [umol/kg]
# name 16 = sbeox0PS: Oxygen, SBE 43 [% saturation]
# name 17 = flag:  0.000e+00
# span 0 =   40.42642,   40.42676       
# span 1 =  -73.83860,  -73.83822       
# span 2 =      1.106,     21.658       
# span 3 =      1.098,     21.490       
# span 4 =     9.8323,    20.4474       
# span 5 =    29.3158,    31.4262       
# span 6 =      7.722,      8.062       
# span 7 =     1.4519,     3.3860       
# span 8 = 2.5320e-11, 9.9999e+04       
# span 9 =  1020.3198,  1024.0586       
# span 10 =     9.8300,    20.4470      
# span 11 =    20.3166,    23.9574      
# span 12 =     5.5600,     9.4841      
# span 13 =    169.759,    289.680      
# span 14 =    7.58257,    9.28658      
# span 15 =  232.22669,  283.42505      
# span 16 =     61.316,    112.596      
# span 17 = 0.0000e+00, 0.0000e+00      
# interval = seconds: 0.0416667
# start_time = Jul 08 2024 07:44:44 [System UTC, first data scan.]
# bad_flag = -9.990e-29
*END*
[from data line 6272]
   40.42654  -73.83850     10.073      9.996    13.8427    30.6801      7.780     2.8487 2.5320e-11  1022.9483    13.8413    22.8821     8.2859    253.260    8.36679  255.73327     99.033 -9.990e-29
   40.42654  -73.83850     10.083     10.005    13.8451    30.6824      7.780     2.8487 2.5320e-11  1022.9354    13.8437    22.8853     8.3067    253.895    8.37440  255.96246     99.192 -9.990e-29
   40.42654  -73.83850     10.094     10.016    13.8507    30.6838      7.780     2.8487 2.5320e-11  1022.9067    13.8493    22.8839     8.3275    254.524    8.38195  256.18951     99.350 -9.990e-29
   40.42654  -73.83850     10.113     10.035    13.8486    30.7093      7.780     2.8353 2.5320e-11  1022.9432    13.8473    22.9044     8.3539    255.331    8.39030  256.44497     99.566 -9.990e-29
   40.42654  -73.83850     10.124     10.046    13.8469    30.7661      7.780     2.8353 2.5320e-11  1022.9808    13.8455    22.9471     8.3807    256.154    8.39874  256.70485     99.786 -9.990e-29
   40.42654  -73.83850     10.134     10.056    13.8665    30.8727      7.780     2.8353 2.5320e-11  1023.0253    13.8651    23.0258     8.4059    256.921    8.40473  256.88427    100.014 -9.990e-29
   40.42654  -73.83850     10.145     10.067    13.8923    31.0442      7.779     2.8353 2.5320e-11  1023.2026    13.8909    23.1506     8.4240    257.461    8.40840  256.98466    100.185 -9.990e-29
   40.42654  -73.83850     10.155     10.076    13.9558    31.2128      7.779     2.8487 2.5320e-11  1023.3621    13.9544    23.2666     8.4402    257.939    8.41103  257.04907    100.346 -9.990e-29
   40.42654  -73.83850     10.175     10.097    14.0746    31.2455      7.774     2.8353 2.5320e-11  1023.3969    14.0732    23.3115     8.4562    258.416    8.41392  257.12389    100.502 -9.990e-29
   40.42654  -73.83850     10.190     10.112    14.2160    31.2455      7.779     2.8353 2.5320e-11  1023.3488    14.2146    23.2838     8.4727    258.915    8.41777  257.23502    100.653 -9.990e-29
   40.42654  -73.83850     10.194     10.116    14.3589    31.2455      7.778     2.8219 2.5320e-11  1023.2659    14.3575    23.2149     8.4925    259.521    8.42050  257.31988    100.856 -9.990e-29
   40.42654  -73.83850     10.205     10.127    14.4920    31.1720      7.778     2.8219 2.5320e-11  1023.1764    14.4905    23.1312     8.5143    260.192    8.42448  257.44722    101.066 -9.990e-29
   40.42654  -73.83850     10.215     10.136    14.6114    31.0936      7.777     2.8353 2.5320e-11  1023.0889    14.6099    23.0462     8.5315    260.727    8.42952  257.60916    101.210 -9.990e-29
   40.42654  -73.83850     10.215     10.136    14.7149    31.0148      7.777     2.8219 2.5320e-11  1023.0089    14.7134    22.9639     8.5535    261.404    8.43462  257.77055    101.410 -9.990e-29
   40.42654  -73.83850     10.226     10.147    14.8029    30.9316      7.777     2.8353 2.5320e-11  1022.9304    14.8014    22.8813     8.5711    261.936    8.44061  257.94966    101.545 -9.990e-29
   40.42654  -73.83850     10.236     10.157    14.8760    30.8430      7.777     2.8353 2.5320e-11  1022.8379    14.8745    22.7981     8.5882    262.451    8.44665  258.12622    101.676 -9.990e-29
   40.42654  -73.83850     10.236     10.157    14.9316    30.7734      7.777     2.8353 2.5320e-11  1022.7477    14.9302    22.7333     8.6021    262.870    8.45047  258.23512    101.795 -9.990e-29
   40.42654  -73.83850     10.256     10.177    14.9583    30.7734      7.777     2.8219 2.5320e-11  1022.7372    14.9568    22.7098     8.6145    263.242    8.45351  258.32369    101.904 -9.990e-29
   40.42654  -73.83850     10.251     10.172    14.9808    30.7672      7.777     2.8219 2.5320e-11  1022.7687    14.9793    22.7144     8.6264    263.605    8.45640  258.40903    102.011 -9.990e-29
   40.42654  -73.83850     10.245     10.166    15.0197    30.7668      7.776     2.8219 2.5320e-11  1022.7699    15.0182    22.7142     8.6379    263.951    8.45992  258.51163    102.104 -9.990e-29
   40.42654  -73.83850     10.256     10.177    15.0634    30.7668      7.776     2.8219 2.5320e-11  1022.7468    15.0619    22.6981     8.6491    264.284    8.46377  258.62209    102.189 -9.990e-29
   40.42654  -73.83850     10.256     10.177    15.1025    30.7461      7.776     2.8353 2.5320e-11  1022.7192    15.1010    22.6740     8.6570    264.515    8.46482  258.64309    102.270 -9.990e-29
   40.42654  -73.83850     10.266     10.187    15.1363    30.7233      7.771     2.8219 2.5320e-11  1022.6935    15.1348    22.6493     8.6590    264.565    8.46141  258.52676    102.336 -9.990e-29
   40.42654  -73.83850     10.256     10.177    15.1644    30.7015      7.776     2.8353 2.5320e-11  1022.6710    15.1629    22.6265     8.6565    264.481    8.45483  258.31869    102.385 -9.990e-29
   40.42654  -73.83850     10.256     10.177    15.1876    30.6813      7.776     2.8219 2.5320e-11  1022.6499    15.1861    22.6059     8.6515    264.325    8.44693  258.07433    102.422 -9.990e-29
   40.42654  -73.83850     10.266     10.187    15.2063    30.6640      7.776     2.8353 2.5320e-11  1022.6312    15.2048    22.5886     8.6466    264.174    8.43891  257.82876    102.461 -9.990e-29
   40.42654  -73.83850     10.256     10.177    15.2203    30.6518      7.776     2.8219 2.5320e-11  1022.6190    15.2188    22.5761     8.6422    264.045    8.43172  257.61318    102.497 -9.990e-29
   40.42654  -73.83850     10.261     10.181    15.2317    30.6451      7.776     2.8353 2.5320e-11  1022.6117    15.2302    22.5683     8.6448    264.130    8.42640  257.45843    102.591 -9.990e-29
   40.42654  -73.83850     10.256     10.177    15.2419    30.6447      7.776     2.8353 2.5320e-11  1022.6085    15.2404    22.5647     8.6397    263.987    8.42326  257.37458    102.569 -9.990e-29
   40.42654  -73.83850     10.256     10.177    15.2506    30.6441      7.776     2.8353 2.5320e-11  1022.6090    15.2491    22.5635     8.6421    264.070    8.42234  257.35638    102.609 -9.990e-29
   40.42654  -73.83850     10.245     10.166    15.2579    30.6431      7.776     2.8353 2.5320e-11  1022.6093    15.2564    22.5622     8.6475    264.239    8.42410  257.41170    102.652 -9.990e-29
   40.42654  -73.83850     10.245     10.166    15.2669    30.6424      7.776     2.8353 2.5320e-11  1022.6052    15.2654    22.5586     8.6541    264.437    8.42641  257.47953    102.702 -9.990e-29
   40.42654  -73.83850     10.245     10.166    15.2755    30.6355      7.776     2.8353 2.5320e-11  1022.6001    15.2740    22.5515     8.6502    264.319    8.42879  257.55470    102.626 -9.990e-29
   40.42654  -73.83850     10.236     10.157    15.2842    30.6221      7.776     2.8487 2.5320e-11  1022.5872    15.2827    22.5394     8.6589    264.588    8.42990  257.59188    102.716 -9.990e-29
   40.42654  -73.83850     10.236     10.157    15.2921    30.6040      7.776     2.8621 2.5320e-11  1022.5681    15.2906    22.5241     8.6621    264.687    8.43031  257.60371    102.750 -9.990e-29
   40.42654  -73.83850     10.230     10.151    15.2958    30.5863      7.776     2.8621 2.5320e-11  1022.5534    15.2943    22.5098     8.6598    264.615    8.43049  257.60967    102.720 -9.990e-29
   40.42654  -73.83850     10.226     10.147    15.2952    30.5713      7.776     2.8487 2.5320e-11  1022.5422    15.2937    22.4985     8.6619    264.682    8.43075  257.61980    102.741 -9.990e-29
   40.42654  -73.83850     10.215     10.136    15.2889    30.5577      7.776     2.8621 2.5320e-11  1022.5348    15.2874    22.4894     8.6598    264.626    8.43161  257.65158    102.707 -9.990e-29
   40.42654  -73.83850     10.215     10.136    15.2768    30.5418      7.776     2.8487 2.5320e-11  1022.5273    15.2753    22.4794     8.6626    264.717    8.43278  257.69287    102.726 -9.990e-29
   40.42654  -73.83850     10.206     10.127    15.2622    30.5185      7.776     2.8487 2.5320e-11  1022.5144    15.2607    22.4646     8.6606    264.656    8.43424  257.73883    102.684 -9.990e-29
   40.42654  -73.83850     10.195     10.116    15.2467    30.4900      7.776     2.8487 2.5320e-11  1022.4866    15.2452    22.4464     8.6632    264.732    8.43568  257.77944    102.697 -9.990e-29
   40.42654  -73.83850     10.195     10.116    15.2240    30.4693      7.771     2.8487 2.5320e-11  1022.4712    15.2225    22.4351     8.6656    264.801    8.43701  257.81490    102.710 -9.990e-29
   40.42654  -73.83850     10.175     10.097    15.1975    30.4624      7.776     2.8487 2.5320e-11  1022.4796    15.1960    22.4353     8.6671    264.841    8.43810  257.84442    102.713 -9.990e-29
   40.42654  -73.83850     10.185     10.106    15.1660    30.4567      7.776     2.8621 2.5320e-11  1022.4898    15.1646    22.4371     8.6613    264.654    8.43728  257.81010    102.655 -9.990e-29
   40.42654  -73.83850     10.175     10.097    15.1374    30.4411      7.776     2.8621 2.5320e-11  1022.4783    15.1359    22.4309     8.6582    264.547    8.43435  257.70659    102.654 -9.990e-29
   40.42654  -73.83850     10.149     10.071    15.1156    30.4205      7.776     2.8487 2.5320e-11  1022.4622    15.1141    22.4206     8.6511    264.332    8.43278  257.66258    102.588 -9.990e-29
   40.42654  -73.83850     10.164     10.086    15.0888    30.4039      7.771     2.8621 2.5320e-11  1022.4561    15.0874    22.4139     8.6506    264.332    8.43285  257.67700    102.583 -9.990e-29
   40.42654  -73.83850     10.145     10.067    15.0544    30.3939      7.776     2.8621 2.5320e-11  1022.4548    15.0529    22.4133     8.6515    264.366    8.43398  257.72002    102.579 -9.990e-29
   40.42654  -73.83850     10.145     10.067    15.0148    30.3924      7.776     2.8621 2.5320e-11  1022.4608    15.0133    22.4193     8.6476    264.252    8.43538  257.76780    102.516 -9.990e-29
   40.42654  -73.83850     10.124     10.046    14.9676    30.3920      7.771     2.8621 2.5320e-11  1022.4752    14.9662    22.4299     8.6489    264.295    8.43681  257.81245    102.514 -9.990e-29
   40.42654  -73.83850     10.134     10.056    14.9210    30.3906      7.777     2.8487 2.5320e-11  1022.4899    14.9195    22.4392     8.6394    263.997    8.43749  257.82658    102.393 -9.990e-29
   40.42654  -73.83850     10.113     10.035    14.8757    30.3904      7.772     2.8621 2.5320e-11  1022.4887    14.8743    22.4422     8.6370    263.907    8.43605  257.76848    102.382 -9.990e-29
   40.42654  -73.83850     10.124     10.046    14.8327    30.3904      7.777     2.8487 2.5320e-11  1022.4806    14.8312    22.4456     8.6275    263.604    8.43236  257.64054    102.315 -9.990e-29
   40.42654  -73.83850     10.113     10.035    14.7944    30.3904      7.777     2.8487 2.5320e-11  1022.4958    14.7929    22.4646     8.6150    263.208    8.42581  257.42782    102.245 -9.990e-29
   40.42654  -73.83850     10.104     10.026    14.7572    30.4327      7.777     2.8621 2.5320e-11  1022.5428    14.7557    22.5051     8.6025    262.828    8.41944  257.23592    102.174 -9.990e-29
   40.42654  -73.83850     10.100     10.022    14.7197    30.4904      7.777     2.8487 2.5320e-11  1022.6061    14.7182    22.5571     8.5909    262.485    8.41434  257.09136    102.098 -9.990e-29
   40.42654  -73.83850     10.094     10.016    14.6842    30.5402      7.777     2.8621 2.5320e-11  1022.6600    14.6828    22.6025     8.5805    262.181    8.41067  256.99053    102.020 -9.990e-29
   40.42654  -73.83850     10.094     10.016    14.6537    30.5402      7.777     2.9562 2.5320e-11  1022.6861    14.6523    22.6266     8.5644    261.694    8.40650  256.86911    101.878 -9.990e-29
   40.42654  -73.83850     10.083     10.005    14.6411    30.5402      7.777     2.9965 2.5320e-11  1022.6799    14.6397    22.6263     8.5512    261.283    8.40076  256.68777    101.790 -9.990e-29
   40.42654  -73.83850     10.083     10.005    14.6281    30.5318      7.777     2.9965 2.5320e-11  1022.6567    14.6267    22.6087     8.5364    260.823    8.39325  256.44881    101.706 -9.990e-29
   40.42654  -73.83850     10.083     10.005    14.6121    30.4977      7.772     2.9965 2.5320e-11  1022.6257    14.6106    22.5860     8.5254    260.477    8.38414  256.16011    101.685 -9.990e-29
   40.42654  -73.83850     10.074      9.996    14.5924    30.4977      7.778     2.9965 2.5320e-11  1022.6038    14.5910    22.5739     8.5095    259.985    8.37490  255.87179    101.608 -9.990e-29
   40.42654  -73.83850     10.074      9.996    14.5544    30.4977      7.778     2.9965 2.5320e-11  1022.6191    14.5530    22.5827     8.4887    259.354    8.36555  255.59035    101.472 -9.990e-29
   40.42654  -73.83850     10.074      9.996    14.5099    30.4989      7.778     2.9830 2.5320e-11  1022.6514    14.5085    22.6066     8.4734    258.894    8.35714  255.34271    101.391 -9.990e-29
   40.42654  -73.83850     10.064      9.986    14.4783    30.5237      7.778     2.9830 2.5320e-11  1022.6817    14.4768    22.6324     8.4594    258.477    8.35002  255.13517    101.310 -9.990e-29
   40.42654  -73.83850     10.068      9.990    14.4552    30.5431      7.778     2.9965 2.5320e-11  1022.6999    14.4538    22.6526     8.4467    258.099    8.34409  254.96255    101.230 -9.990e-29
   40.42654  -73.83850     10.064      9.986    14.4354    30.5590      7.778     2.9965 2.5320e-11  1022.7114    14.4340    22.6697     8.4352    257.752    8.33908  254.81660    101.152 -9.990e-29
   40.42654  -73.83850     10.074      9.996    14.4093    30.5794      7.778     2.9965 2.5320e-11  1022.7309    14.4079    22.6906     8.4245    257.433    8.33485  254.69363    101.075 -9.990e-29
   40.42654  -73.83850     10.053      9.975    14.3785    30.6114      7.778     2.9965 2.5320e-11  1022.7585    14.3771    22.7204     8.4147    257.141    8.33143  254.59478    101.000 -9.990e-29
   40.42654  -73.83850     10.074      9.996    14.3565    30.6574      7.778     2.9965 2.5320e-11  1022.8031    14.3551    22.7592     8.4109    257.026    8.32863  254.51303    100.987 -9.990e-29
   40.42654  -73.83850     10.064      9.986    14.3574    30.7083      7.778     2.9830 2.5320e-11  1022.8510    14.3560    22.7981     8.4028    256.781    8.32608  254.43736    100.921 -9.990e-29
   40.42654  -73.83850     10.074      9.996    14.3829    30.7501      7.778     2.9965 2.5320e-11  1022.8782    14.3815    22.8259     8.3999    256.696    8.32355  254.36221    100.917 -9.990e-29
   40.42654  -73.83850     10.064      9.986    14.4210    30.7770      7.778     2.9965 2.5320e-11  1022.8906    14.4196    22.8396     8.3875    256.320    8.32100  254.28745    100.799 -9.990e-29
   40.42654  -73.83850     10.074      9.996    14.4635    30.7770      7.778     2.9830 2.5320e-11  1022.8928    14.4621    22.8395     8.3853    256.255    8.31885  254.22528    100.798 -9.990e-29
   40.42654  -73.83850     10.074      9.996    14.5082    30.7770      7.778     2.9965 2.5320e-11  1022.8768    14.5068    22.8245     8.3790    256.066    8.31701  254.17250    100.745 -9.990e-29
   40.42654  -73.83850     10.074      9.996    14.5483    30.7512      7.778     2.9965 2.5320e-11  1022.8460    14.5469    22.7947     8.3782    256.043    8.31545  254.12710    100.754 -9.990e-29
   40.42654  -73.83850     10.079     10.001    14.5831    30.7104      7.778     2.9965 2.5320e-11  1022.7975    14.5817    22.7569     8.3734    255.901    8.31377  254.07717    100.718 -9.990e-29
   40.42654  -73.83850     10.083     10.005    14.6027    30.6750      7.778     2.9830 2.5320e-11  1022.7577    14.6013    22.7263     8.3735    255.903    8.31214  254.02846    100.738 -9.990e-29
   40.42654  -73.83850     10.094     10.016    14.5954    30.6587      7.778     2.9965 2.5320e-11  1022.7517    14.5940    22.7139     8.3744    255.931    8.31068  253.98458    100.767 -9.990e-29
