CalculateIndicators/WaterTemperature/Data/CTD_NYOS/20240429_C33.cnv
* Sea-Bird SBE 9 Data File:
* FileName = C:\Seabird 9 CTD\Data\2024\202404_offshore\20240429_C33.hex
* Software Version Seasave V 7.23.2
* Temperature SN = 4590
* Conductivity SN = 3228
* Number of Bytes Per Scan = 44
* Number of Voltage Words = 5
* Number of Scans Averaged by the Deck Unit = 1
* NMEA Latitude = 40 29.67 N
* NMEA Longitude = 071 56.07 W
* NMEA UTC (Time) = Apr 29 2024  20:59:27
* NMEA baud rate = 4800
** Ship: Seawolf
** Station: 11.3
** Operator: TCM
# nquan = 18
# nvalues = 13220                       
# units = specified
# name 0 = latitude: Latitude [deg]
# name 1 = longitude: Longitude [deg]
# name 2 = prDM: Pressure, Digiquartz [db]
# name 3 = depSM: Depth [salt water, m]
# name 4 = t090C: Temperature [ITS-90, deg C]
# name 5 = sal00: Salinity, Practical [PSU]
# name 6 = ph: pH
# name 7 = flECO-AFL: Fluorescence, WET Labs ECO-AFL/FL [mg/m^3]
# name 8 = cpar: CPAR/Corrected Irradiance [%]
# name 9 = density00: Density [density, kg/m^3]
# name 10 = potemp090C: Potential Temperature [ITS-90, deg C]
# name 11 = sigma-é00: Density [sigma-theta, kg/m^3]
# name 12 = sbeox0Mg/L: Oxygen, SBE 43 [mg/l]
# name 13 = sbox0Mm/Kg: Oxygen, SBE 43 [umol/kg]
# name 14 = oxsolMg/L: Oxygen Saturation, Garcia & Gordon [mg/l]
# name 15 = oxsolMm/Kg: Oxygen Saturation, Garcia & Gordon [umol/kg]
# name 16 = sbeox0PS: Oxygen, SBE 43 [% saturation]
# name 17 = flag:  0.000e+00
# span 0 =   40.49450,   40.49466       
# span 1 =  -71.93658,  -71.93462       
# span 2 =      1.581,     61.337       
# span 3 =      1.568,     60.855       
# span 4 =     6.0676,     9.0854       
# span 5 =    31.3118,    31.9102       
# span 6 =      7.909,      8.073       
# span 7 =     0.0148,     3.0368       
# span 8 = 5.1411e-14, 9.3755e+00       
# span 9 =  1024.2085,  1025.3876       
# span 10 =     6.0627,     9.0852      
# span 11 =    24.2316,    25.1042      
# span 12 =     9.1833,    10.5976      
# span 13 =    279.968,    323.255      
# span 14 =    9.42731,   10.06774      
# span 15 =  287.63660,  306.95123      
# span 16 =     91.361,    110.610      
# span 17 = 0.0000e+00, 0.0000e+00      
# interval = seconds: 0.0416667
# start_time = Apr 29 2024 20:59:25 [System UTC, first data scan.]
# bad_flag = -9.990e-29
*END*
[from data line 483]
   40.49450  -71.93466      6.259      6.211     8.9198    31.3505 -9.990e-29     0.2431 3.1757e+00  1024.3036     8.9192    24.2743    10.3056    314.404    9.50954  290.11872    108.371 0.0000e+00
   40.49450  -71.93466      6.291      6.242     8.9174    31.3430 -9.990e-29     0.2431 3.1668e+00  1024.2976     8.9168    24.2692    10.3131    314.632    9.51097  290.15991    108.434 0.0000e+00
   40.49450  -71.93466      6.320      6.271     8.9057    31.3366 -9.990e-29     0.2431 3.1700e+00  1024.2907     8.9051    24.2658    10.3140    314.657    9.51121  290.16651    108.440 0.0000e+00
   40.49450  -71.93466      6.340      6.291     8.8859    31.3355 -9.990e-29     0.2431 3.1345e+00  1024.2942     8.8852    24.2673    10.3105    314.553    9.51293  290.22140    108.384 0.0000e+00
   40.49450  -71.93466      6.383      6.334     8.8694    31.3392 -9.990e-29     0.2431 3.1289e+00  1024.3018     8.8688    24.2726    10.3205    314.857    9.51651  290.33009    108.448 0.0000e+00
   40.49450  -71.93466      6.410      6.361     8.8555    31.3448 -9.990e-29     0.2431 3.1233e+00  1024.3078     8.8548    24.2792    10.3185    314.797    9.51951  290.42028    108.393 0.0000e+00
   40.49450  -71.93466      6.441      6.391     8.8430    31.3513 -9.990e-29     0.2431 3.0883e+00  1024.3156     8.8424    24.2860    10.3209    314.865    9.52169  290.48466    108.393 0.0000e+00
   40.49450  -71.93466      6.464      6.414     8.8354    31.3579 -9.990e-29     0.2431 3.0765e+00  1024.3229     8.8347    24.2923    10.3215    314.882    9.52246  290.50554    108.391 0.0000e+00
   40.49450  -71.93466      6.512      6.462     8.8318    31.3629 -9.990e-29     0.2431 3.0765e+00  1024.3279     8.8312    24.2968    10.3212    314.873    9.52179  290.48388    108.396 0.0000e+00
   40.49450  -71.93466      6.522      6.471     8.8302    31.3661 -9.990e-29     0.2565 3.0506e+00  1024.3290     8.8296    24.2998    10.3153    314.692    9.52140  290.47330    108.338 0.0000e+00
   40.49450  -71.93466      6.552      6.501     8.8275    31.3692 -9.990e-29     0.2700 3.0366e+00  1024.3324     8.8268    24.3024    10.3219    314.896    9.52283  290.51838    108.391 0.0000e+00
   40.49450  -71.93466      6.596      6.545     8.8282    31.3724 -9.990e-29     0.2700 3.0366e+00  1024.3355     8.8275    24.3048    10.3263    315.036    9.52687  290.64684    108.391 0.0000e+00
   40.49450  -71.93466      6.612      6.561     8.8314    31.3749 -9.990e-29     0.2700 3.0056e+00  1024.3369     8.8307    24.3064    10.3374    315.377    9.53643  290.94044    108.399 0.0000e+00
   40.49450  -71.93466      6.654      6.602     8.8366    31.3772 -9.990e-29     0.2700 2.9887e+00  1024.3373     8.8359    24.3075    10.3481    315.699    9.54549  291.21379    108.408 0.0000e+00
   40.49450  -71.93466      6.666      6.614     8.8421    31.3792 -9.990e-29     0.2700 2.9918e+00  1024.3402     8.8414    24.3082    10.3556    315.923    9.55187  291.40310    108.414 0.0000e+00
   40.49450  -71.93466      6.693      6.642     8.8500    31.3787 -9.990e-29     0.2700 2.9666e+00  1024.3385     8.8494    24.3069    10.3613    316.091    9.55598  291.52393    108.427 0.0000e+00
   40.49450  -71.93466      6.735      6.683     8.8555    31.3758 -9.990e-29     0.2565 2.9417e+00  1024.3341     8.8548    24.3038    10.3592    316.026    9.55944  291.62659    108.367 0.0000e+00
   40.49450  -71.93466      6.755      6.703     8.8578    31.3724      8.061     0.2700 2.9447e+00  1024.3314     8.8571    24.3006    10.3618    316.098    9.56157  291.68751    108.369 0.0000e+00
   40.49450  -71.93466      6.798      6.745     8.8598    31.3692      8.061     0.2700 2.9281e+00  1024.3284     8.8591    24.2979    10.3621    316.107    9.56187  291.69391    108.369 0.0000e+00
   40.49450  -71.93466      6.816      6.763     8.8596    31.3670      8.061     0.2700 2.9035e+00  1024.3260     8.8589    24.2961    10.3619    316.100    9.56169  291.68782    108.369 0.0000e+00
   40.49450  -71.93466      6.856      6.803     8.8578    31.3663      8.061     0.2700 2.8953e+00  1024.3270     8.8571    24.2957    10.3622    316.109    9.56260  291.71642    108.362 0.0000e+00
   40.49450  -71.93466      6.889      6.835     8.8582    31.3665      8.061     0.2700 2.8791e+00  1024.3271     8.8575    24.2958    10.3638    316.158    9.56458  291.77638    108.356 0.0000e+00
   40.49450  -71.93466      6.906      6.853     8.8586    31.3666      8.061     0.2700 2.8337e+00  1024.3277     8.8579    24.2958    10.3646    316.181    9.56583  291.81396    108.350 0.0000e+00
   40.49450  -71.93466      6.948      6.894     8.8601    31.3660      8.061     0.2700 2.8258e+00  1024.3275     8.8594    24.2953    10.3595    316.025    9.56725  291.85700    108.281 0.0000e+00
   40.49450  -71.93466      6.978      6.924     8.8605    31.3631      8.061     0.2700 2.8128e+00  1024.3269     8.8598    24.2931    10.3598    316.033    9.56869  291.90036    108.267 0.0000e+00
   40.49450  -71.93466      6.990      6.936     8.8593    31.3578      8.061     0.2700 2.7920e+00  1024.3198     8.8586    24.2895    10.3597    316.028    9.56974  291.93126    108.254 0.0000e+00
   40.49450  -71.93466      7.018      6.964     8.8489    31.3542      8.061     0.2700 2.7763e+00  1024.3169     8.8482    24.2878    10.3591    316.011    9.57038  291.94987    108.241 0.0000e+00
   40.49450  -71.93466      7.069      7.014     8.8375    31.3549      8.061     0.2700 2.7713e+00  1024.3215     8.8368    24.2897    10.3578    315.968    9.57028  291.94499    108.229 0.0000e+00
   40.49450  -71.93466      7.089      7.035     8.8297    31.3579      8.061     0.2700 2.7326e+00  1024.3259     8.8290    24.2934    10.3496    315.720    9.56956  291.92330    108.152 0.0000e+00
   40.49450  -71.93466      7.122      7.067     8.8238    31.3611      8.061     0.2700 2.7172e+00  1024.3295     8.8231    24.2968    10.3537    315.844    9.56948  291.92072    108.195 0.0000e+00
   40.49450  -71.93466      7.150      7.095     8.8187    31.3639      8.061     0.2700 2.7172e+00  1024.3329     8.8180    24.2997    10.3460    315.607    9.56890  291.90271    108.121 0.0000e+00
   40.49450  -71.93466      7.170      7.115     8.8158    31.3655      8.061     0.2700 2.6868e+00  1024.3348     8.8151    24.3015    10.3493    315.709    9.56809  291.87782    108.165 0.0000e+00
   40.49450  -71.93466      7.210      7.155     8.8132    31.3657      8.061     0.2700 2.6745e+00  1024.3356     8.8125    24.3022    10.3414    315.470    9.56728  291.85363    108.092 0.0000e+00
   40.49450  -71.93466      7.231      7.175     8.8093    31.3655      8.061     0.2700 2.6724e+00  1024.3341     8.8085    24.3028    10.3392    315.401    9.56670  291.83665    108.074 0.0000e+00
   40.49450  -71.93466      7.264      7.208     8.8009    31.3673      8.061     0.2700 2.6649e+00  1024.3374     8.8002    24.3050    10.3382    315.375    9.56721  291.85445    108.059 0.0000e+00
   40.49450  -71.93466      7.301      7.245     8.7955    31.3698      8.061     0.2700 2.6452e+00  1024.3432     8.7948    24.3077    10.3336    315.236    9.56964  291.92985    107.984 0.0000e+00
   40.49450  -71.93466      7.333      7.276     8.7953    31.3698      8.061     0.2700 2.6452e+00  1024.3423     8.7946    24.3081    10.3346    315.265    9.57218  292.00655    107.965 0.0000e+00
   40.49450  -71.93466      7.363      7.306     8.7922    31.3675      8.062     0.2700 2.6331e+00  1024.3403     8.7915    24.3069    10.3348    315.269    9.57391  292.05789    107.947 0.0000e+00
   40.49450  -71.93466      7.396      7.339     8.7837    31.3658      8.062     0.2700 2.6109e+00  1024.3381     8.7829    24.3066    10.3343    315.254    9.57500  292.08956    107.930 0.0000e+00
   40.49450  -71.93466      7.423      7.366     8.7748    31.3673      8.062     0.2700 2.6036e+00  1024.3421     8.7741    24.3087    10.3336    315.231    9.57575  292.11141    107.915 0.0000e+00
   40.49450  -71.93468      7.454      7.396     8.7739    31.3702      8.062     0.2700 2.5916e+00  1024.3470     8.7731    24.3114    10.3328    315.205    9.57632  292.12797    107.900 0.0000e+00
   40.49450  -71.93468      7.474      7.416     8.7750    31.3695      8.062     0.2700 2.5698e+00  1024.3485     8.7742    24.3111    10.3320    315.178    9.57672  292.13984    107.886 0.0000e+00
   40.49450  -71.93468      7.504      7.446     8.7720    31.3644      8.062     0.2700 2.5652e+00  1024.3398     8.7713    24.3079    10.3314    315.162    9.57730  292.15696    107.874 0.0000e+00
   40.49450  -71.93468      7.537      7.479     8.7581    31.3595      8.062     0.2700 2.5580e+00  1024.3392     8.7574    24.3058    10.3310    315.148    9.57783  292.17296    107.864 0.0000e+00
   40.49450  -71.93468      7.555      7.497     8.7436    31.3577      8.062     0.2700 2.5365e+00  1024.3390     8.7428    24.3066    10.3307    315.138    9.57832  292.18740    107.855 0.0000e+00
   40.49450  -71.93468      7.585      7.527     8.7224    31.3601      8.062     0.2700 2.5320e+00  1024.3433     8.7216    24.3110    10.3303    315.128    9.57870  292.19876    107.847 0.0000e+00
   40.49450  -71.93468      7.625      7.566     8.7053    31.3660      8.062     0.2700 2.5275e+00  1024.3542     8.7045    24.3181    10.3303    315.125    9.57919  292.21340    107.841 0.0000e+00
   40.49450  -71.93468      7.636      7.577     8.6954    31.3721      8.062     0.2700 2.5133e+00  1024.3599     8.6947    24.3247    10.3311    315.151    9.57958  292.22505    107.845 0.0000e+00
   40.49450  -71.93468      7.676      7.617     8.6835    31.3778      8.062     0.2700 2.5133e+00  1024.3651     8.6828    24.3307    10.3320    315.178    9.57985  292.23287    107.852 0.0000e+00
   40.49450  -71.93468      7.700      7.640     8.6742    31.3829      8.062     0.2700 2.5088e+00  1024.3738     8.6734    24.3360    10.3320    315.178    9.57998  292.23670    107.850 0.0000e+00
   40.49450  -71.93468      7.727      7.667     8.6724    31.3836      8.062     0.2700 2.4973e+00  1024.3759     8.6717    24.3374    10.3331    315.211    9.58018  292.24281    107.859 0.0000e+00
   40.49450  -71.93468      7.767      7.707     8.6675    31.3799      8.062     0.2700 2.4858e+00  1024.3682     8.6667    24.3357    10.3345    315.252    9.58042  292.25028    107.870 0.0000e+00
   40.49450  -71.93468      7.778      7.718     8.6512    31.3780      8.062     0.2700 2.4954e+00  1024.3696     8.6504    24.3360    10.3351    315.271    9.58067  292.25768    107.874 0.0000e+00
   40.49450  -71.93468      7.808      7.748     8.6362    31.3809      8.062     0.2700 2.4814e+00  1024.3745     8.6354    24.3403    10.3371    315.332    9.58120  292.27438    107.889 0.0000e+00
   40.49450  -71.93468      7.838      7.778     8.6237    31.3873      8.062     0.2700 2.4675e+00  1024.3824     8.6230    24.3469    10.3392    315.399    9.58251  292.31529    107.897 0.0000e+00
   40.49450  -71.93468      7.862      7.801     8.6171    31.3946      8.062     0.2700 2.4675e+00  1024.3918     8.6163    24.3535    10.3420    315.484    9.58416  292.36539    107.907 0.0000e+00
   40.49450  -71.93468      7.880      7.819     8.6187    31.3979      8.062     0.2700 2.4675e+00  1024.3958     8.6179    24.3563    10.3446    315.561    9.58548  292.40520    107.919 0.0000e+00
   40.49450  -71.93468      7.920      7.858     8.6220    31.3945      8.062     0.2834 2.4675e+00  1024.3915     8.6212    24.3538    10.3474    315.646    9.58693  292.44907    107.932 0.0000e+00
   40.49450  -71.93468      7.940      7.879     8.6175    31.3837      8.062     0.3103 2.4631e+00  1024.3862     8.6167    24.3462    10.3492    315.700    9.58816  292.48571    107.937 0.0000e+00
   40.49450  -71.93468      7.959      7.898     8.6060    31.3678      8.062     0.3103 2.4631e+00  1024.3680     8.6052    24.3364    10.3514    315.767    9.58891  292.50758    107.952 0.0000e+00
   40.49450  -71.93468      7.991      7.929     8.5657    31.3571      8.062     0.3103 2.4631e+00  1024.3621     8.5649    24.3327    10.3536    315.833    9.58949  292.52499    107.968 0.0000e+00
   40.49450  -71.93468      8.010      7.948     8.5220    31.3593      8.063     0.2968 2.4605e+00  1024.3726     8.5212    24.3400    10.3619    316.086    9.58998  292.53931    108.049 0.0000e+00
   40.49450  -71.93468      8.031      7.969     8.4871    31.3712      8.063     0.3103 2.4511e+00  1024.3916     8.4863    24.3542    10.3591    316.000    9.59059  292.55815    108.013 0.0000e+00
   40.49450  -71.93468      8.065      8.003     8.4636    31.3849      8.063     0.3103 2.4485e+00  1024.4073     8.4628    24.3687    10.3623    316.099    9.59177  292.59489    108.033 0.0000e+00
   40.49450  -71.93468      8.091      8.029     8.4446    31.3975      8.063     0.3103 2.4416e+00  1024.4179     8.4438    24.3814    10.3727    316.417    9.59371  292.65474    108.120 0.0000e+00
   40.49450  -71.93468      8.122      8.059     8.4304    31.4098      8.063     0.3103 2.4416e+00  1024.4318     8.4296    24.3929    10.3771    316.553    9.59570  292.71509    108.144 0.0000e+00
   40.49450  -71.93468      8.142      8.079     8.4257    31.4194      8.063     0.3103 2.4348e+00  1024.4417     8.4249    24.4014    10.3817    316.691    9.59771  292.77626    108.168 0.0000e+00
   40.49450  -71.93468      8.163      8.100     8.4255    31.4232      8.063     0.3103 2.4279e+00  1024.4444     8.4247    24.4048    10.3865    316.836    9.59984  292.84015    108.194 0.0000e+00
   40.49450  -71.93468      8.193      8.130     8.4227    31.4228      8.068     0.3103 2.4323e+00  1024.4412     8.4219    24.4052    10.3967    317.147    9.60133  292.88422    108.284 0.0000e+00
   40.49450  -71.93468      8.233      8.169     8.4133    31.4225      8.063     0.3103 2.4254e+00  1024.4433     8.4125    24.4059    10.4010    317.277    9.60227  292.91195    108.318 0.0000e+00
   40.49450  -71.93468      8.254      8.190     8.4071    31.4232      8.063     0.3103 2.4161e+00  1024.4454     8.4063    24.4074    10.4055    317.413    9.60329  292.94278    108.353 0.0000e+00
   40.49450  -71.93468      8.284      8.220     8.4006    31.4240      8.063     0.3103 2.4161e+00  1024.4463     8.3998    24.4090    10.4107    317.572    9.60493  292.99272    108.389 0.0000e+00
   40.49450  -71.93468      8.309      8.244     8.3935    31.4258      8.063     0.3103 2.4093e+00  1024.4486     8.3926    24.4114    10.4149    317.700    9.60645  293.03795    108.416 0.0000e+00
   40.49450  -71.93468      8.335      8.270     8.3874    31.4289      8.068     0.3103 2.4025e+00  1024.4529     8.3866    24.4146    10.4189    317.822    9.60779  293.07847    108.443 0.0000e+00
   40.49450  -71.93468      8.365      8.300     8.3836    31.4331      8.063     0.3103 2.3958e+00  1024.4558     8.3828    24.4185    10.4232    317.951    9.60932  293.12458    108.470 0.0000e+00
   40.49450  -71.93468      8.386      8.321     8.3816    31.4372      8.063     0.3103 2.3823e+00  1024.4627     8.3808    24.4219    10.4273    318.074    9.61067  293.16482    108.497 0.0000e+00
   40.49450  -71.93468      8.416      8.351     8.3852    31.4392      8.068     0.3103 2.3756e+00  1024.4617     8.3844    24.4233    10.4306    318.174    9.61143  293.18703    108.523 0.0000e+00
   40.49450  -71.93468      8.457      8.392     8.3856    31.4402      8.068     0.3103 2.3689e+00  1024.4620     8.3847    24.4237    10.4391    318.433    9.61213  293.20807    108.603 0.0000e+00
   40.49450  -71.93468      8.487      8.422     8.3875    31.4413      8.068     0.3103 2.3490e+00  1024.4638     8.3867    24.4243    10.4433    318.562    9.61299  293.23375    108.637 0.0000e+00
