CalculateIndicators/WaterTemperature/Data/CTD_NYOS/20240915_C34.cnv
* Sea-Bird SBE 9 Data File:
* FileName = C:\Seabird 9 CTD\Data\2024\202409_offshore\20240915_C34.hex
* Software Version Seasave V 7.23.2
* Temperature SN = 4590
* Conductivity SN = 3228
* Number of Bytes Per Scan = 44
* Number of Voltage Words = 5
* Number of Scans Averaged by the Deck Unit = 1
* NMEA Latitude = 40 29.74 N
* NMEA Longitude = 071 55.69 W
* NMEA UTC (Time) = Sep 15 2024  06:38:55
* NMEA baud rate = 4800
** Ship: Seawolf
** Station: 11.3
** Operator: TCM
# nquan = 18
# nvalues = 14099                       
# units = specified
# name 0 = latitude: Latitude [deg]
# name 1 = longitude: Longitude [deg]
# name 2 = prDM: Pressure, Digiquartz [db]
# name 3 = depSM: Depth [salt water, m]
# name 4 = t090C: Temperature [ITS-90, deg C]
# name 5 = sal00: Salinity, Practical [PSU]
# name 6 = ph: pH
# name 7 = flECO-AFL: Fluorescence, WET Labs ECO-AFL/FL [mg/m^3]
# name 8 = cpar: CPAR/Corrected Irradiance [%]
# name 9 = density00: Density [density, kg/m^3]
# name 10 = potemp090C: Potential Temperature [ITS-90, deg C]
# name 11 = sigma-é00: Density [sigma-theta, kg/m^3]
# name 12 = sbeox0Mg/L: Oxygen, SBE 43 [mg/l]
# name 13 = sbox0Mm/Kg: Oxygen, SBE 43 [umol/kg]
# name 14 = oxsolMg/L: Oxygen Saturation, Garcia & Gordon [mg/l]
# name 15 = oxsolMm/Kg: Oxygen Saturation, Garcia & Gordon [umol/kg]
# name 16 = sbeox0PS: Oxygen, SBE 43 [% saturation]
# name 17 = flag:  0.000e+00
# span 0 =   40.49506,   40.49566       
# span 1 =  -71.93136,  -71.92816       
# span 2 =      1.807,     61.192       
# span 3 =      1.793,     60.711       
# span 4 =    10.1293,    20.9700       
# span 5 =    31.8222,    33.0664       
# span 6 =      7.864,      8.212       
# span 7 =    -0.0121,     3.5740       
# span 8 = 1.6880e-11, 9.9999e+04       
# span 9 =  1022.2674,  1025.6189       
# span 10 =    10.1235,    20.9691      
# span 11 =    22.2658,    25.3462      
# span 12 =     5.6697,     8.5524      
# span 13 =    172.800,    260.979      
# span 14 =    7.39235,    9.13792      
# span 15 =  225.98096,  278.58589      
# span 16 =     62.810,    103.852      
# span 17 = 0.0000e+00, 0.0000e+00      
# interval = seconds: 0.0416667
# start_time = Sep 15 2024 06:38:55 [System UTC, first data scan.]
# bad_flag = -9.990e-29
*END*
[from data line 403]
   40.49564  -71.92840      2.541      2.522    20.9650    32.0700 -9.990e-29     0.0551 1.5373e+01  1022.2854    20.9646    22.2746     7.2931    222.946    7.39302  226.00105     98.648 0.0000e+00
   40.49564  -71.92840      2.611      2.591    20.9650    32.0702 -9.990e-29     0.0551 1.5186e+01  1022.2860    20.9646    22.2747     7.2885    222.807    7.39300  226.00056     98.587 0.0000e+00
   40.49564  -71.92840      2.632      2.612    20.9650    32.0703 -9.990e-29     0.0551 1.5186e+01  1022.2862    20.9646    22.2748     7.2928    222.936    7.39303  226.00138     98.644 0.0000e+00
   40.49564  -71.92840      2.662      2.642    20.9652    32.0703 -9.990e-29     0.0551 1.1124e+01  1022.2862    20.9647    22.2747     7.2929    222.942    7.39301  226.00082     98.646 0.0000e+00
   40.49564  -71.92840      2.703      2.683    20.9652    32.0697 -9.990e-29     0.0551 8.1373e+00  1022.2865    20.9647    22.2743     7.2884    222.803    7.39302  226.00107     98.585 0.0000e+00
   40.49564  -71.92840      2.734      2.713    20.9652    32.0675 -9.990e-29     0.0551 7.6418e+00  1022.2858    20.9647    22.2725     7.2879    222.787    7.39303  226.00124     98.578 0.0000e+00
   40.49564  -71.92840      2.753      2.732    20.9654 -9.990e-29 -9.990e-29     0.0551 7.8213e+00  1022.2694    20.9649 -9.990e-29     7.2873    222.770    7.39301  226.00059     98.570 0.0000e+00
   40.49564  -71.92840      2.794      2.773    20.9654    32.0657 -9.990e-29     0.0551 7.9780e+00  1022.2790    20.9649    22.2712     7.2872    222.765    7.39303  226.00133     98.568 0.0000e+00
   40.49564  -71.92840      2.845      2.823    20.9654    32.0674 -9.990e-29     0.0551 8.0308e+00  1022.2863    20.9649    22.2724     7.2870    222.761    7.39303  226.00134     98.566 0.0000e+00
   40.49564  -71.92840      2.866      2.843    20.9656    32.0695 -9.990e-29     0.0551 8.7166e+00  1022.2868    20.9650    22.2740     7.2865    222.745    7.39301  226.00062     98.559 -9.990e-29
   40.49564  -71.92840      2.864      2.842    20.9652    32.0700 -9.990e-29     0.0551 1.0177e+01  1022.2869    20.9647    22.2744     7.2860    222.730    7.39303  226.00136     98.552 -9.990e-29
   40.49564  -71.92840      2.875      2.853    20.9654    32.0700 -9.990e-29     0.0551 1.0675e+01  1022.2868    20.9649    22.2745     7.2855    222.714    7.39300  226.00055     98.546 0.0000e+00
   40.49564  -71.92840      2.905      2.883    20.9650    32.0700 -9.990e-29     0.0551 1.0811e+01  1022.2872    20.9645    22.2745     7.2854    222.711    7.39303  226.00130     98.544 0.0000e+00
   40.49564  -71.92840      2.956      2.933    20.9652    32.0700 -9.990e-29     0.0685 1.1230e+01  1022.2872    20.9646    22.2745     7.2852    222.706    7.39301  226.00066     98.542 0.0000e+00
   40.49564  -71.92840      2.977      2.954    20.9650    32.0699 -9.990e-29     0.0551 1.1372e+01  1022.2873    20.9645    22.2745     7.2848    222.692    7.39300  226.00050     98.536 0.0000e+00
   40.49564  -71.92840      3.037      3.014    20.9649    32.0699 -9.990e-29     0.0685 1.0506e+01  1022.2876    20.9643    22.2745     7.2847    222.689    7.39303  226.00132     98.534 0.0000e+00
   40.49564  -71.92840      3.077      3.053    20.9650    32.0698 -9.990e-29     0.0685 7.2689e+00  1022.2878    20.9645    22.2745     7.2846    222.686    7.39299  226.00003     98.533 0.0000e+00
   40.49564  -71.92840      3.128      3.104    20.9647    32.0698 -9.990e-29     0.0819 6.1974e+00  1022.2878    20.9641    22.2745     7.2845    222.684    7.39301  226.00061     98.532 0.0000e+00
   40.49564  -71.92840      3.169      3.145    20.9645    32.0699 -9.990e-29     0.0819 6.3264e+00  1022.2884    20.9639    22.2745     7.2844    222.681    7.39297  225.99930     98.532 0.0000e+00
   40.49564  -71.92840      3.199      3.175    20.9647    32.0699 -9.990e-29     0.0685 8.8022e+00  1022.2883    20.9641    22.2745     7.2843    222.679    7.39295  225.99885     98.531 0.0000e+00
   40.49564  -71.92840      3.230      3.205    20.9645    32.0699 -9.990e-29     0.0685 1.0373e+01  1022.2885    20.9639    22.2745     7.2843    222.678    7.39296  225.99919     98.530 0.0000e+00
   40.49564  -71.92840      3.249      3.224    20.9645    32.0699 -9.990e-29     0.0819 1.0540e+01  1022.2887    20.9639    22.2746     7.2800    222.545    7.39297  225.99945     98.471 0.0000e+00
   40.49564  -71.92840      3.290      3.265    20.9645    32.0699 -9.990e-29     0.0819 1.2613e+01  1022.2888    20.9639    22.2746     7.2843    222.680    7.39335  226.01264     98.526 0.0000e+00
   40.49564  -71.92840      3.330      3.304    20.9645    32.0700 -9.990e-29     0.0685 1.4368e+01  1022.2891    20.9639    22.2747     7.2804    222.560    7.39373  226.02560     98.467 0.0000e+00
   40.49564  -71.92840      3.351      3.325    20.9643    32.0700 -9.990e-29     0.0685 1.4636e+01  1022.2892    20.9637    22.2747     7.2796    222.534    7.39322  226.00791     98.463 0.0000e+00
   40.49564  -71.92840      3.362      3.336    20.9645    32.0700 -9.990e-29     0.0685 1.3053e+01  1022.2893    20.9639    22.2747     7.2795    222.530    7.39298  225.99973     98.465 0.0000e+00
   40.49564  -71.92840      3.381      3.355    20.9647    32.0700 -9.990e-29     0.0685 1.1847e+01  1022.2892    20.9640    22.2747     7.2796    222.534    7.39297  225.99948     98.466 0.0000e+00
   40.49564  -71.92840      3.411      3.385    20.9647    32.0700 -9.990e-29     0.0685 1.1626e+01  1022.2895    20.9640    22.2747     7.2798    222.540    7.39296  225.99933     98.469 0.0000e+00
   40.49564  -71.92840      3.452      3.426    20.9647    32.0698 -9.990e-29     0.0685 1.0777e+01  1022.2895    20.9640    22.2745     7.2840    222.670    7.39300  226.00032     98.526 0.0000e+00
   40.49564  -71.92840      3.482      3.456    20.9649    32.0696 -9.990e-29     0.0685 9.7929e+00  1022.2893    20.9642    22.2743     7.2799    222.543    7.39297  225.99938     98.471 0.0000e+00
   40.49564  -71.92840      3.522      3.495    20.9647    32.0691 -9.990e-29     0.0685 9.5750e+00  1022.2896    20.9640    22.2739     7.2798    222.538    7.39290  225.99737     98.469 0.0000e+00
   40.49564  -71.92840      3.564      3.536    20.9649    32.0663 -9.990e-29     0.0685 1.0015e+01  1022.2899    20.9642    22.2719     7.2797    222.537    7.39290  225.99757     98.469 0.0000e+00
   40.49564  -71.92840      3.594      3.566    20.9647    32.0628 -9.990e-29     0.0685 1.0675e+01  1022.2802    20.9640    22.2692     7.2796    222.533    7.39282  225.99489     98.468 0.0000e+00
   40.49564  -71.92840      3.654      3.626    20.9647    32.0637 -9.990e-29     0.0685 1.0880e+01  1022.2851    20.9640    22.2699     7.2839    222.665    7.39278  225.99398     98.527 0.0000e+00
   40.49564  -71.92840      3.675      3.646    20.9647    32.0673 -9.990e-29     0.0819 1.0307e+01  1022.2898    20.9640    22.2726     7.2794    222.528    7.39265  225.98991     98.468 0.0000e+00
   40.49564  -71.92840      3.695      3.667    20.9647    32.0694 -9.990e-29     0.0685 8.9465e+00  1022.2907    20.9640    22.2742     7.2794    222.527    7.39260  225.98814     98.469 0.0000e+00
   40.49564  -71.92840      3.726      3.697    20.9647    32.0699 -9.990e-29     0.0819 8.4919e+00  1022.2907    20.9640    22.2746     7.2794    222.528    7.39255  225.98688     98.469 0.0000e+00
   40.49564  -71.92840      3.756      3.727    20.9647    32.0700 -9.990e-29     0.0819 8.0308e+00  1022.2909    20.9640    22.2746     7.2791    222.518    7.39252  225.98593     98.465 0.0000e+00
   40.49564  -71.92840      3.786      3.757    20.9647    32.0698 -9.990e-29     0.0685 6.4356e+00  1022.2909    20.9640    22.2745     7.2787    222.508    7.39246  225.98402     98.462 0.0000e+00
   40.49564  -71.92840      3.796      3.766    20.9649    32.0697 -9.990e-29     0.0685 5.8637e+00  1022.2906    20.9641    22.2744     7.2788    222.511    7.39242  225.98284     98.464 0.0000e+00
   40.49564  -71.92840      3.807      3.777    20.9647    32.0697 -9.990e-29     0.0551 6.1974e+00  1022.2909    20.9639    22.2744     7.2786    222.503    7.39239  225.98187     98.461 0.0000e+00
   40.49564  -71.92840      3.826      3.796    20.9649    32.0698 -9.990e-29     0.0416 1.0406e+01  1022.2910    20.9641    22.2745     7.2784    222.496    7.39237  225.98126     98.458 0.0000e+00
   40.49564  -71.92840      3.867      3.837    20.9645    32.0698 -9.990e-29     0.0416 1.3381e+01  1022.2914    20.9638    22.2745     7.2785    222.502    7.39236  225.98120     98.460 -9.990e-29
   40.49564  -71.92840      3.867      3.837    20.9649    32.0698 -9.990e-29     0.0416 1.3590e+01  1022.2911    20.9641    22.2745     7.2788    222.508    7.39236  225.98118     98.463 -9.990e-29
   40.49564  -71.92840      3.918      3.888    20.9647    32.0699 -9.990e-29     0.0551 1.2417e+01  1022.2916    20.9639    22.2746     7.2790    222.516    7.39239  225.98205     98.466 0.0000e+00
   40.49564  -71.92840      3.937      3.907    20.9649    32.0699 -9.990e-29     0.0551 1.1736e+01  1022.2916    20.9641    22.2746     7.2836    222.657    7.39235  225.98096     98.529 0.0000e+00
   40.49564  -71.92840      3.969      3.938    20.9647    32.0699 -9.990e-29     0.0416 1.1663e+01  1022.2917    20.9639    22.2745     7.2839    222.666    7.39236  225.98129     98.533 0.0000e+00
   40.49564  -71.92840      3.999      3.968    20.9649    32.0698 -9.990e-29     0.0551 8.0308e+00  1022.2918    20.9641    22.2745     7.2798    222.541    7.39237  225.98163     98.478 0.0000e+00
   40.49564  -71.92840      4.018      3.987    20.9649    32.0698 -9.990e-29     0.0416 5.9457e+00  1022.2917    20.9641    22.2745     7.2845    222.684    7.39241  225.98274     98.540 0.0000e+00
   40.49564  -71.92840      4.039      4.008    20.9649    32.0699 -9.990e-29     0.0551 5.6035e+00  1022.2921    20.9641    22.2746     7.2852    222.705    7.39242  225.98292     98.549 0.0000e+00
   40.49564  -71.92840      4.060      4.028    20.9647    32.0700 -9.990e-29     0.0551 6.0495e+00  1022.2922    20.9639    22.2746     7.2855    222.716    7.39244  225.98375     98.554 0.0000e+00
   40.49564  -71.92840      4.079      4.047    20.9649    32.0700 -9.990e-29     0.0416 6.4797e+00  1022.2921    20.9641    22.2746     7.2862    222.737    7.39246  225.98421     98.563 0.0000e+00
   40.49564  -71.92840      4.099      4.068    20.9647    32.0701 -9.990e-29     0.0416 6.5687e+00  1022.2925    20.9639    22.2747     7.2869    222.759    7.39243  225.98341     98.573 0.0000e+00
   40.49564  -71.92840      4.110      4.079    20.9647    32.0701 -9.990e-29     0.0416 7.6927e+00  1022.2925    20.9639    22.2747     7.2873    222.768    7.39241  225.98264     98.578 0.0000e+00
   40.49564  -71.92840      4.120      4.088    20.9649    32.0700 -9.990e-29     0.0416 9.7615e+00  1022.2924    20.9641    22.2747     7.2876    222.778    7.39239  225.98206     98.582 0.0000e+00
   40.49564  -71.92840      4.131      4.099    20.9647    32.0700 -9.990e-29     0.0416 1.0406e+01  1022.2925    20.9639    22.2747     7.2836    222.656    7.39241  225.98269     98.528 0.0000e+00
   40.49564  -71.92840      4.150      4.118    20.9647    32.0700 -9.990e-29     0.0416 9.8244e+00  1022.2926    20.9639    22.2747     7.2880    222.790    7.39241  225.98276     98.587 0.0000e+00
   40.49564  -71.92840      4.171      4.139    20.9649    32.0700 -9.990e-29     0.0416 8.7166e+00  1022.2926    20.9641    22.2747     7.2840    222.668    7.39242  225.98302     98.533 0.0000e+00
   40.49564  -71.92840      4.191      4.159    20.9647    32.0700 -9.990e-29     0.0416 8.4089e+00  1022.2928    20.9639    22.2747     7.2840    222.669    7.39243  225.98327     98.533 0.0000e+00
   40.49564  -71.92840      4.201      4.169    20.9649    32.0700 -9.990e-29     0.0416 8.2180e+00  1022.2928    20.9641    22.2747     7.2841    222.672    7.39246  225.98450     98.534 0.0000e+00
   40.49564  -71.92840      4.242      4.210    20.9647    32.0700 -9.990e-29     0.0416 7.6165e+00  1022.2930    20.9639    22.2747     7.2885    222.807    7.39246  225.98451     98.594 0.0000e+00
   40.49564  -71.92840      4.252      4.219    20.9649    32.0700 -9.990e-29     0.0416 7.3668e+00  1022.2930    20.9641    22.2747     7.2890    222.822    7.39255  225.98717     98.599 0.0000e+00
   40.49564  -71.92840      4.282      4.249    20.9649    32.0700 -9.990e-29     0.0551 7.4162e+00  1022.2932    20.9641    22.2747     7.2851    222.701    7.39255  225.98702     98.546 -9.990e-29
   40.49564  -71.92840      4.282      4.249    20.9647    32.0699 -9.990e-29     0.0416 7.7697e+00  1022.2932    20.9639    22.2746     7.2895    222.836    7.39256  225.98731     98.606 -9.990e-29
   40.49564  -71.92840      4.312      4.279    20.9650    32.0699 -9.990e-29     0.0685 7.9254e+00  1022.2931    20.9642    22.2746     7.2900    222.851    7.39261  225.98881     98.611 0.0000e+00
   40.49564  -71.92840      4.323      4.290    20.9649    32.0700 -9.990e-29     0.0819 7.9517e+00  1022.2933    20.9640    22.2746     7.2906    222.871    7.39283  225.99617     98.617 0.0000e+00
   40.49564  -71.92840      4.343      4.309    20.9650    32.0701 -9.990e-29     0.0685 8.1105e+00  1022.2936    20.9642    22.2747     7.2916    222.905    7.39344  226.01720     98.623 0.0000e+00
   40.49564  -71.92840      4.352      4.319    20.9652    32.0700 -9.990e-29     0.0685 8.1910e+00  1022.2935    20.9644    22.2746     7.2916    222.901    7.39297  226.00074     98.629 0.0000e+00
   40.49564  -71.92840      4.363      4.330    20.9652    32.0695 -9.990e-29     0.0819 8.2180e+00  1022.2934    20.9644    22.2741     7.2874    222.772    7.39272  225.99217     98.575 0.0000e+00
   40.49564  -71.92840      4.382      4.349    20.9652    32.0670 -9.990e-29     0.0685 8.0043e+00  1022.2933    20.9644    22.2723     7.2918    222.908    7.39270  225.99153     98.636 0.0000e+00
   40.49564  -71.92840      4.393      4.360    20.9650    32.0619 -9.990e-29     0.0685 7.8472e+00  1022.2870    20.9642    22.2684     7.2962    223.043    7.39270  225.99137     98.695 0.0000e+00
   40.49564  -71.92840      4.404      4.370    20.9652    32.0594 -9.990e-29     0.0685 7.8213e+00  1022.2801    20.9644    22.2665     7.2927    222.933    7.39272  225.99189     98.647 0.0000e+00
   40.49564  -71.92840      4.424      4.390    20.9650    32.0630 -9.990e-29     0.0819 7.6418e+00  1022.2896    20.9642    22.2692     7.2971    223.070    7.39275  225.99299     98.706 0.0000e+00
   40.49564  -71.92840      4.454      4.420    20.9652    32.0676 -9.990e-29     0.0685 7.4658e+00  1022.2935    20.9644    22.2727     7.2974    223.078    7.39270  225.99130     98.711 0.0000e+00
   40.49564  -71.92840      4.464      4.429    20.9652    32.0694 -9.990e-29     0.0685 7.4410e+00  1022.2937    20.9644    22.2741     7.2977    223.089    7.39269  225.99107     98.716 0.0000e+00
   40.49564  -71.92840      4.495      4.460    20.9652    32.0698 -9.990e-29     0.0819 7.1721e+00  1022.2939    20.9644    22.2744     7.2980    223.098    7.39267  225.99057     98.720 0.0000e+00
   40.49564  -71.92840      4.505      4.470    20.9650    32.0700 -9.990e-29     0.0685 6.8417e+00  1022.2939    20.9642    22.2745     7.3026    223.238    7.39263  225.98943     98.783 0.0000e+00
   40.49564  -71.92840      4.524      4.489    20.9650    32.0702 -9.990e-29     0.0819 6.7726e+00  1022.2943    20.9642    22.2747     7.2992    223.134    7.39263  225.98911     98.737 0.0000e+00
   40.49564  -71.92840      4.546      4.511    20.9654    32.0701 -9.990e-29     0.0685 6.0078e+00  1022.2946    20.9645    22.2745     7.2995    223.141    7.39264  225.98961     98.739 0.0000e+00
