CalculateIndicators/WaterTemperature/Data/CTD_NYOS/20240914_C22.cnv
* Sea-Bird SBE 9 Data File:
* FileName = C:\Seabird 9 CTD\Data\2024\202409_offshore\20240914_C22.hex
* Software Version Seasave V 7.23.2
* Temperature SN = 4590
* Conductivity SN = 3228
* Number of Bytes Per Scan = 44
* Number of Voltage Words = 5
* Number of Scans Averaged by the Deck Unit = 1
* NMEA Latitude = 40 33.38 N
* NMEA Longitude = 072 26.96 W
* NMEA UTC (Time) = Sep 14 2024  02:54:58
* NMEA baud rate = 4800
** Ship: Seawolf
** Station: 10.2
** Operator: TCM
# nquan = 18
# nvalues = 10505                       
# units = specified
# name 0 = latitude: Latitude [deg]
# name 1 = longitude: Longitude [deg]
# name 2 = prDM: Pressure, Digiquartz [db]
# name 3 = depSM: Depth [salt water, m]
# name 4 = t090C: Temperature [ITS-90, deg C]
# name 5 = sal00: Salinity, Practical [PSU]
# name 6 = ph: pH
# name 7 = flECO-AFL: Fluorescence, WET Labs ECO-AFL/FL [mg/m^3]
# name 8 = cpar: CPAR/Corrected Irradiance [%]
# name 9 = density00: Density [density, kg/m^3]
# name 10 = potemp090C: Potential Temperature [ITS-90, deg C]
# name 11 = sigma-é00: Density [sigma-theta, kg/m^3]
# name 12 = sbeox0Mg/L: Oxygen, SBE 43 [mg/l]
# name 13 = sbox0Mm/Kg: Oxygen, SBE 43 [umol/kg]
# name 14 = oxsolMg/L: Oxygen Saturation, Garcia & Gordon [mg/l]
# name 15 = oxsolMm/Kg: Oxygen Saturation, Garcia & Gordon [umol/kg]
# name 16 = sbeox0PS: Oxygen, SBE 43 [% saturation]
# name 17 = flag:  0.000e+00
# span 0 =   40.55640,   40.55654       
# span 1 =  -72.44950,  -72.44932       
# span 2 =      1.416,     41.247       
# span 3 =      1.405,     40.925       
# span 4 =    10.0282,    21.4248       
# span 5 =    31.7326,    32.5518       
# span 6 =      7.880,      8.213       
# span 7 =    -0.0255,     1.4653       
# span 8 = 1.6880e-11, 5.4693e+01       
# span 9 =  1021.9724,  1024.8985       
# span 10 =    10.0236,    21.4243      
# span 11 =    21.9524,    24.7089      
# span 12 =     6.9757,     9.4908      
# span 13 =    212.743,    289.601      
# span 14 =    7.34186,    9.19025      
# span 15 =  224.50372,  280.28874      
# span 16 =     75.960,    115.456      
# span 17 = 0.0000e+00, 0.0000e+00      
# interval = seconds: 0.0416667
# start_time = Sep 14 2024 02:55:00 [System UTC, first data scan.]
# bad_flag = -9.990e-29
*END*
[from data line 8684]
   40.55652  -72.44948      2.165      2.148    21.4114    31.8333      8.199     0.0282 5.8637e+00  1021.9840    21.4110    21.9746     7.1563    218.827    7.34398  224.56743     97.444 -9.990e-29
   40.55652  -72.44948      2.165      2.148    21.4117    31.8328      8.194     0.0282 4.8774e+00  1021.9835    21.4113    21.9741     7.1563    218.827    7.34386  224.56395     97.445 -9.990e-29
   40.55652  -72.44948      2.146      2.129    21.4115    31.8322      8.199     0.0282 4.5182e+00  1021.9827    21.4111    21.9738     7.1606    218.960    7.34378  224.56145     97.506 -9.990e-29
   40.55652  -72.44948      2.115      2.099    21.4101    31.8320      8.194     0.0282 4.6525e+00  1021.9830    21.4097    21.9739     7.1564    218.830    7.34375  224.56066     97.448 -9.990e-29
   40.55652  -72.44948      2.125      2.109    21.4096    31.8321      8.194     0.0282 6.2832e+00  1021.9833    21.4092    21.9741     7.1604    218.955    7.34376  224.56123     97.503 -9.990e-29
   40.55652  -72.44948      2.095      2.079    21.4090    31.8322      8.194     0.0282 7.2446e+00  1021.9834    21.4086    21.9744     7.1604    218.955    7.34371  224.55955     97.504 -9.990e-29
   40.55652  -72.44948      2.085      2.069    21.4085    31.8324      8.199     0.0282 7.2689e+00  1021.9836    21.4081    21.9746     7.1604    218.954    7.34370  224.55912     97.504 -9.990e-29
   40.55652  -72.44948      2.084      2.068    21.4080    31.8325      8.199     0.0282 5.5253e+00  1021.9840    21.4076    21.9748     7.1607    218.963    7.34364  224.55743     97.509 -9.990e-29
   40.55652  -72.44948      2.064      2.049    21.4077    31.8326      8.194     0.0282 4.6695e+00  1021.9838    21.4073    21.9751     7.1610    218.973    7.34362  224.55682     97.513 -9.990e-29
   40.55652  -72.44948      2.053      2.038    21.4073    31.8328      8.199     0.0282 4.5682e+00  1021.9841    21.4069    21.9753     7.1609    218.971    7.34360  224.55626     97.513 -9.990e-29
   40.55652  -72.44948      2.064      2.049    21.4070    31.8331      8.199     0.0282 3.4223e+00  1021.9846    21.4066    21.9756     7.1609    218.969    7.34359  224.55602     97.512 -9.990e-29
   40.55652  -72.44948      2.044      2.028    21.4064    31.8331      8.199     0.0282 2.6756e+00  1021.9847    21.4060    21.9757     7.1607    218.964    7.34356  224.55517     97.510 -9.990e-29
   40.55652  -72.44948      2.044      2.028    21.4066    31.8331      8.194     0.0282 1.6970e+00  1021.9843    21.4062    21.9757     7.1606    218.961    7.34360  224.55626     97.508 -9.990e-29
   40.55652  -72.44948      2.044      2.028    21.4063    31.8331      8.194     0.0282 2.3702e-01  1021.9846    21.4059    21.9758     7.1608    218.968    7.34361  224.55666     97.511 -9.990e-29
   40.55652  -72.44948      2.034      2.019    21.4063    31.8331      8.194     0.0148 1.6880e-11  1021.9847    21.4059    21.9758     7.1607    218.964    7.34368  224.55873     97.509 -9.990e-29
   40.55652  -72.44948      2.044      2.028    21.4062    31.8329      8.194     0.0148 1.6880e-11  1021.9847    21.4058    21.9757     7.1606    218.961    7.34378  224.56191     97.506 -9.990e-29
   40.55652  -72.44948      2.034      2.019    21.4061    31.8327 -9.990e-29     0.0148 1.6880e-11  1021.9843    21.4057    21.9756     7.1604    218.955    7.34383  224.56349     97.503 -9.990e-29
   40.55652  -72.44948      2.044      2.028    21.4059    31.8325 -9.990e-29     0.0148 1.6880e-11  1021.9842    21.4055    21.9755     7.1606    218.960    7.34387  224.56448     97.504 -9.990e-29
   40.55652  -72.44948      2.044      2.028    21.4055    31.8325 -9.990e-29     0.0148 1.6880e-11  1021.9843    21.4051    21.9756     7.1602    218.949    7.34382  224.56269     97.500 -9.990e-29
   40.55652  -72.44948      2.044      2.028    21.4052    31.8327 -9.990e-29     0.0148 1.6880e-11  1021.9847    21.4048    21.9758     7.1598    218.936    7.34369  224.55864     97.496 -9.990e-29
   40.55652  -72.44948      2.044      2.028    21.4050    31.8327 -9.990e-29     0.0148 1.6880e-11  1021.9847    21.4046    21.9759     7.1640    219.065    7.34357  224.55517     97.555 -9.990e-29
   40.55652  -72.44948      2.064      2.049    21.4048    31.8327 -9.990e-29     0.0148 1.6880e-11  1021.9847    21.4045    21.9759     7.1597    218.931    7.34353  224.55417     97.496 -9.990e-29
   40.55652  -72.44948      2.064      2.049    21.4048    31.8328 -9.990e-29     0.0148 1.6880e-11  1021.9847    21.4045    21.9760     7.1596    218.931    7.34352  224.55389     97.496 -9.990e-29
   40.55652  -72.44948      2.074      2.058    21.4045    31.8332 -9.990e-29     0.0148 1.6880e-11  1021.9852    21.4041    21.9763     7.1595    218.926    7.34344  224.55114     97.495 -9.990e-29
   40.55652  -72.44948      2.074      2.058    21.4046    31.8336 -9.990e-29     0.0148 1.6880e-11  1021.9858    21.4042    21.9766     7.1593    218.920    7.34328  224.54628     97.494 -9.990e-29
   40.55652  -72.44948      2.095      2.079    21.4048    31.8336 -9.990e-29     0.0148 1.6880e-11  1021.9856    21.4044    21.9766     7.1591    218.913    7.34314  224.54203     97.493 -9.990e-29
   40.55652  -72.44948      2.095      2.079    21.4050    31.8334 -9.990e-29     0.0148 1.6880e-11  1021.9854    21.4046    21.9764     7.1588    218.906    7.34301  224.53800     97.492 -9.990e-29
   40.55652  -72.44948      2.104      2.088    21.4052    31.8333 -9.990e-29     0.0148 1.6880e-11  1021.9853    21.4048    21.9763     7.1626    219.022    7.34290  224.53495     97.545 -9.990e-29
   40.55652  -72.44948      2.115      2.099    21.4050    31.8335 -9.990e-29     0.0148 1.6880e-11  1021.9856    21.4046    21.9764     7.1627    219.024    7.34279  224.53167     97.547 -9.990e-29
   40.55652  -72.44948      2.125      2.109    21.4052    31.8337 -9.990e-29     0.0148 1.6880e-11  1021.9857    21.4048    21.9766     7.1628    219.028    7.34271  224.52931     97.550 -9.990e-29
   40.55652  -72.44948      2.136      2.119    21.4052    31.8339 -9.990e-29     0.0148 1.6880e-11  1021.9860    21.4048    21.9767     7.1586    218.900    7.34272  224.52990     97.493 -9.990e-29
   40.55652  -72.44948      2.155      2.139    21.4055    31.8341 -9.990e-29     0.0148 1.6880e-11  1021.9860    21.4051    21.9767     7.1632    219.040    7.34284  224.53354     97.554 -9.990e-29
   40.55652  -72.44948      2.155      2.139    21.4057    31.8341 -9.990e-29     0.0013 1.6880e-11  1021.9863    21.4053    21.9767     7.1634    219.046    7.34292  224.53588     97.555 -9.990e-29
   40.55652  -72.44948      2.165      2.148    21.4063    31.8339 -9.990e-29     0.0148 1.6880e-11  1021.9856    21.4059    21.9764     7.1635    219.050    7.34297  224.53762     97.556 -9.990e-29
   40.55652  -72.44948      2.176      2.159    21.4066    31.8337 -9.990e-29     0.0148 1.6880e-11  1021.9854    21.4062    21.9762     7.1637    219.056    7.34309  224.54129     97.557 -9.990e-29
   40.55652  -72.44948      2.185      2.169    21.4068    31.8337 -9.990e-29     0.0148 1.6880e-11  1021.9858    21.4064    21.9762     7.1638    219.058    7.34315  224.54273     97.558 -9.990e-29
   40.55652  -72.44948      2.206      2.189    21.4072    31.8337 -9.990e-29     0.0148 1.6880e-11  1021.9855    21.4067    21.9761     7.1638    219.058    7.34314  224.54258     97.558 -9.990e-29
   40.55652  -72.44948      2.196      2.179    21.4072    31.8336 -9.990e-29     0.0148 1.6880e-11  1021.9855    21.4067    21.9759     7.1638    219.060    7.34323  224.54520     97.557 -9.990e-29
   40.55652  -72.44948      2.227      2.209    21.4075    31.8335 -9.990e-29     0.0282 1.6880e-11  1021.9853    21.4071    21.9758     7.1642    219.072    7.34331  224.54758     97.561 -9.990e-29
   40.55652  -72.44948      2.216      2.198    21.4073    31.8334 -9.990e-29     0.0282 1.6880e-11  1021.9853    21.4069    21.9757     7.1642    219.072    7.34339  224.55016     97.560 -9.990e-29
   40.55652  -72.44948      2.227      2.209    21.4077    31.8333 -9.990e-29     0.0282 1.6880e-11  1021.9851    21.4072    21.9756     7.1642    219.070    7.34343  224.55126     97.559 -9.990e-29
   40.55652  -72.44948      2.246      2.228    21.4077    31.8333 -9.990e-29     0.0282 1.6880e-11  1021.9853    21.4072    21.9756     7.1645    219.079    7.34348  224.55282     97.562 -9.990e-29
   40.55652  -72.44948      2.246      2.228    21.4076    31.8332 -9.990e-29     0.0282 1.6880e-11  1021.9853    21.4072    21.9755     7.1647    219.085    7.34347  224.55217     97.565 -9.990e-29
   40.55652  -72.44948      2.257      2.239    21.4077    31.8331 -9.990e-29     0.0282 1.6880e-11  1021.9850    21.4072    21.9754     7.1602    218.947    7.34341  224.55060     97.505 -9.990e-29
   40.55652  -72.44948      2.247      2.230    21.4077    31.8331 -9.990e-29     0.0282 1.6880e-11  1021.9851    21.4072    21.9754     7.1639    219.062    7.34337  224.54931     97.556 -9.990e-29
   40.55652  -72.44948      2.266      2.249    21.4077    31.8333 -9.990e-29     0.0282 1.6880e-11  1021.9853    21.4072    21.9755     7.1595    218.926    7.34342  224.55085     97.495 -9.990e-29
   40.55652  -72.44948      2.266      2.249    21.4077    31.8335 -9.990e-29     0.0282 1.6880e-11  1021.9856    21.4072    21.9757     7.1593    218.920    7.34343  224.55126     97.492 -9.990e-29
   40.55652  -72.44948      2.266      2.249    21.4082    31.8337 -9.990e-29     0.0282 1.6880e-11  1021.9856    21.4078    21.9757     7.1634    219.047    7.34348  224.55276     97.548 -9.990e-29
   40.55652  -72.44948      2.276      2.258    21.4087    31.8339 -9.990e-29     0.0282 1.6880e-11  1021.9855    21.4083    21.9757     7.1593    218.920    7.34349  224.55297     97.491 -9.990e-29
   40.55652  -72.44948      2.276      2.258    21.4094    31.8340 -9.990e-29     0.0282 1.6880e-11  1021.9856    21.4090    21.9756     7.1587    218.903    7.34353  224.55410     97.483 -9.990e-29
   40.55652  -72.44948      2.276      2.258    21.4101    31.8339 -9.990e-29     0.0282 1.6880e-11  1021.9853    21.4097    21.9754     7.1582    218.886    7.34353  224.55417     97.476 -9.990e-29
   40.55652  -72.44948      2.277      2.260    21.4105    31.8334 -9.990e-29     0.0282 1.6880e-11  1021.9848    21.4101    21.9748     7.1579    218.879    7.34355  224.55478     97.472 -9.990e-29
   40.55652  -72.44948      2.276      2.258    21.4108    31.8328 -9.990e-29     0.0282 1.6880e-11  1021.9838    21.4104    21.9743     7.1573    218.860    7.34355  224.55454     97.464 -9.990e-29
   40.55652  -72.44948      2.287      2.269    21.4112    31.8327 -9.990e-29     0.0282 1.6880e-11  1021.9838    21.4108    21.9742     7.1570    218.851    7.34350  224.55313     97.461 -9.990e-29
   40.55652  -72.44948      2.276      2.258    21.4110    31.8330 -9.990e-29     0.0282 1.6880e-11  1021.9844    21.4106    21.9744     7.1611    218.975    7.34350  224.55330     97.516 -9.990e-29
   40.55652  -72.44948      2.276      2.258    21.4114    31.8333 -9.990e-29     0.0282 1.6880e-11  1021.9844    21.4110    21.9745     7.1568    218.845    7.34349  224.55282     97.458 -9.990e-29
   40.55652  -72.44948      2.266      2.249    21.4115    31.8333 -9.990e-29     0.0282 1.6880e-11  1021.9843    21.4111    21.9745     7.1609    218.969    7.34350  224.55314     97.513 -9.990e-29
   40.55652  -72.44948      2.276      2.258    21.4117    31.8333 -9.990e-29     0.0282 1.6880e-11  1021.9842    21.4113    21.9745     7.1609    218.970    7.34347  224.55230     97.514 -9.990e-29
   40.55652  -72.44948      2.277      2.260    21.4117    31.8332 -9.990e-29     0.0282 1.6880e-11  1021.9843    21.4113    21.9744     7.1566    218.840    7.34345  224.55183     97.456 -9.990e-29
   40.55652  -72.44948      2.266      2.249    21.4121    31.8331 -9.990e-29     0.0282 1.6880e-11  1021.9839    21.4117    21.9743     7.1607    218.962    7.34344  224.55158     97.511 -9.990e-29
   40.55652  -72.44948      2.266      2.249    21.4117    31.8331 -9.990e-29     0.0282 1.6880e-11  1021.9842    21.4113    21.9743     7.1564    218.832    7.34345  224.55176     97.453 -9.990e-29
   40.55652  -72.44948      2.257      2.239    21.4117    31.8329 -9.990e-29     0.0282 1.6880e-11  1021.9839    21.4113    21.9742     7.1604    218.954    7.34347  224.55257     97.507 -9.990e-29
   40.55652  -72.44948      2.257      2.239    21.4114    31.8326 -9.990e-29     0.0148 1.6880e-11  1021.9837    21.4110    21.9740     7.1562    218.825    7.34352  224.55404     97.449 -9.990e-29
   40.55652  -72.44948      2.246      2.228    21.4107    31.8324 -9.990e-29     0.0013 1.6880e-11  1021.9837    21.4102    21.9740     7.1602    218.949    7.34359  224.55621     97.503 -9.990e-29
   40.55652  -72.44948      2.246      2.228    21.4103    31.8325 -9.990e-29     0.0013 1.6880e-11  1021.9837    21.4099    21.9742     7.1602    218.948    7.34358  224.55556     97.503 -9.990e-29
   40.55652  -72.44948      2.247      2.230    21.4098    31.8329 -9.990e-29     0.0013 1.6880e-11  1021.9844    21.4093    21.9747     7.1602    218.948    7.34360  224.55608     97.503 -9.990e-29
   40.55652  -72.44948      2.236      2.219    21.4100    31.8336 -9.990e-29     0.0013 1.6880e-11  1021.9849    21.4095    21.9751     7.1602    218.947    7.34359  224.55570     97.503 -9.990e-29
   40.55652  -72.44948      2.236      2.219    21.4107    31.8341 -9.990e-29     0.0013 1.6880e-11  1021.9853    21.4102    21.9754     7.1601    218.945    7.34355  224.55474     97.502 -9.990e-29
   40.55652  -72.44948      2.236      2.219    21.4115    31.8341 -9.990e-29     0.0013 1.6880e-11  1021.9850    21.4111    21.9752     7.1600    218.942    7.34350  224.55334     97.501 -9.990e-29
   40.55652  -72.44948      2.216      2.198    21.4121    31.8338 -9.990e-29     0.0013 1.6880e-11  1021.9842    21.4117    21.9748     7.1604    218.953    7.34355  224.55472     97.505 -9.990e-29
   40.55652  -72.44948      2.227      2.209    21.4122    31.8338 -9.990e-29     0.0013 1.6880e-11  1021.9840    21.4118    21.9747     7.1603    218.951    7.34358  224.55573     97.504 -9.990e-29
   40.55652  -72.44948      2.216      2.198    21.4126    31.8343 -9.990e-29     0.0013 1.6880e-11  1021.9845    21.4122    21.9749     7.1603    218.950    7.34360  224.55639     97.504 -9.990e-29
   40.55652  -72.44948      2.217      2.200    21.4135    31.8348 -9.990e-29     0.0013 1.6880e-11  1021.9850    21.4131    21.9752     7.1602    218.947    7.34363  224.55716     97.502 -9.990e-29
   40.55652  -72.44948      2.206      2.189    21.4146    31.8350 -9.990e-29     0.0013 1.6880e-11  1021.9847    21.4141    21.9751     7.1601    218.946    7.34368  224.55856     97.500 -9.990e-29
   40.55652  -72.44948      2.195      2.178    21.4156    31.8350 -9.990e-29     0.0013 1.6880e-11  1021.9842    21.4152    21.9747     7.1643    219.073    7.34363  224.55719     97.558 -9.990e-29
   40.55652  -72.44948      2.206      2.189    21.4165    31.8347 -9.990e-29     0.0013 1.6880e-11  1021.9838    21.4161    21.9743     7.1601    218.946    7.34362  224.55662     97.501 -9.990e-29
   40.55652  -72.44948      2.195      2.178    21.4174    31.8345 -9.990e-29     0.0013 1.6880e-11  1021.9834    21.4169    21.9738     7.1602    218.949    7.34352  224.55369     97.504 -9.990e-29
   40.55652  -72.44948      2.206      2.189    21.4181    31.8338 -9.990e-29     0.0013 1.6880e-11  1021.9830    21.4177    21.9732     7.1603    218.953    7.34345  224.55161     97.507 -9.990e-29
   40.55652  -72.44948      2.195      2.178    21.4186    31.8328 -9.990e-29     0.0013 1.6880e-11  1021.9815    21.4182    21.9724     7.1648    219.090    7.34342  224.55058     97.568 -9.990e-29
