CalculateIndicators/WaterTemperature/Data/CTD_NYOS/20240708_C03.cnv
* Sea-Bird SBE 9 Data File:
* FileName = C:\Seabird 9 CTD\Data\2024\202407_offshore\20240708_C03.hex
* Software Version Seasave V 7.23.2
* Temperature SN = 4590
* Conductivity SN = 3228
* Number of Bytes Per Scan = 44
* Number of Voltage Words = 5
* Number of Scans Averaged by the Deck Unit = 1
* NMEA Latitude = 40 26.73 N
* NMEA Longitude = 073 43.02 W
* NMEA UTC (Time) = Jul 08 2024  09:02:46
* NMEA baud rate = 4800
** Ship: seawolf
** Station: HR2
** Operator: TDK
# nquan = 18
# nvalues = 11499                       
# units = specified
# name 0 = latitude: Latitude [deg]
# name 1 = longitude: Longitude [deg]
# name 2 = prDM: Pressure, Digiquartz [db]
# name 3 = depSM: Depth [salt water, m]
# name 4 = t090C: Temperature [ITS-90, deg C]
# name 5 = sal00: Salinity, Practical [PSU]
# name 6 = ph: pH
# name 7 = flECO-AFL: Fluorescence, WET Labs ECO-AFL/FL [mg/m^3]
# name 8 = cpar: CPAR/Corrected Irradiance [%]
# name 9 = density00: Density [density, kg/m^3]
# name 10 = potemp090C: Potential Temperature [ITS-90, deg C]
# name 11 = sigma-é00: Density [sigma-theta, kg/m^3]
# name 12 = sbeox0Mg/L: Oxygen, SBE 43 [mg/l]
# name 13 = sbox0Mm/Kg: Oxygen, SBE 43 [umol/kg]
# name 14 = oxsolMg/L: Oxygen Saturation, Garcia & Gordon [mg/l]
# name 15 = oxsolMm/Kg: Oxygen Saturation, Garcia & Gordon [umol/kg]
# name 16 = sbeox0PS: Oxygen, SBE 43 [% saturation]
# name 17 = flag:  0.000e+00
# span 0 =   40.44558,   40.44582       
# span 1 =  -73.71830,  -73.71700       
# span 2 =      1.474,     23.494       
# span 3 =      1.462,     23.311       
# span 4 =     9.5941,    21.4347       
# span 5 =    28.9223,    31.3589       
# span 6 =      7.798,      8.088       
# span 7 =     0.7803,     3.9635       
# span 8 = 1.6880e-11, 9.9999e+04       
# span 9 =  1019.7893,  1024.1500       
# span 10 =     9.5916,    21.4344      
# span 11 =    19.7852,    24.0442      
# span 12 =     5.9780,     9.4387      
# span 13 =    182.431,    288.229      
# span 14 =    7.46419,    9.33147      
# span 15 =  228.72884,  284.76966      
# span 16 =     64.084,    113.147      
# span 17 = 0.0000e+00, 0.0000e+00      
# interval = seconds: 0.0416667
# start_time = Jul 08 2024 09:02:49 [System UTC, first data scan.]
# bad_flag = -9.990e-29
*END*
[from data line 5468]
   40.44562  -73.71754     10.117     10.039    11.3107    31.0534      7.812     3.9501 9.9999e+04  1023.6956    11.3095    23.6498     8.4792    258.879    8.91134  272.07218     95.151 -9.990e-29
   40.44562  -73.71754     10.117     10.039    11.3131    31.0561      7.807     3.9501 9.9999e+04  1023.7021    11.3119    23.6543     8.4825    258.976    8.90993  272.02680     95.202 -9.990e-29
   40.44562  -73.71754     10.098     10.020    11.3164    31.0561      7.807     3.9501 9.9999e+04  1023.7038    11.3152    23.6550     8.4853    259.058    8.90821  271.97015     95.252 0.0000e+00
   40.44562  -73.71754     10.072      9.994    11.3201    31.0561      7.807     3.9501 9.9999e+04  1023.6979    11.3189    23.6506     8.4919    259.258    8.90512  271.87250     95.360 -9.990e-29
   40.44562  -73.71754     10.077      9.999    11.3219    31.0457      7.807     3.9501 9.9999e+04  1023.6885    11.3207    23.6423     8.4914    259.229    8.89906  271.67344     95.419 -9.990e-29
   40.44562  -73.71754     10.057      9.979    11.3209    31.0334      7.807     3.9501 9.9999e+04  1023.6769    11.3197    23.6329     8.4878    259.104    8.89026  271.38952     95.473 0.0000e+00
   40.44562  -73.71754     10.047      9.969    11.3170    31.0233      7.807     3.8023 9.9999e+04  1023.6682    11.3159    23.6258     8.4829    258.957    8.88043  271.09118     95.524 0.0000e+00
   40.44562  -73.71754     10.036      9.958    11.3087    31.0233      7.807     3.6277 9.9999e+04  1023.6659    11.3075    23.6234     8.4779    258.810    8.87074  270.80060     95.572 0.0000e+00
   40.44562  -73.71754     10.017      9.939    11.2972    31.0233      7.807     3.5874 9.9999e+04  1023.6684    11.2961    23.6267     8.4715    258.611    8.85961  270.45879     95.619 0.0000e+00
   40.44562  -73.71754     10.006      9.928    11.2846    31.0302      7.807     3.6009 9.9999e+04  1023.6781    11.2835    23.6363     8.4636    258.375    8.84750  270.09547     95.661 0.0000e+00
   40.44562  -73.71754      9.955      9.878    11.2743    31.0505      7.807     3.6009 9.9999e+04  1023.6925    11.2731    23.6537     8.4577    258.217    8.83730  269.80769     95.704 0.0000e+00
   40.44562  -73.71754      9.915      9.838    11.2677    31.0839      7.807     3.6009 9.9999e+04  1023.7213    11.2665    23.6804     8.4610    258.336    8.83050  269.61701     95.816 -9.990e-29
   40.44562  -73.71754      9.925      9.848    11.2710    31.1150      7.807     3.6009 9.9999e+04  1023.7660    11.2698    23.7067     8.4607    258.324    8.82430  269.42700     95.879 -9.990e-29
   40.44562  -73.71754     10.006      9.928    11.2916    31.1150      7.807     3.6009 9.9999e+04  1023.7729    11.2904    23.7143     8.4590    258.267    8.81685  269.19153     95.942 -9.990e-29
   40.44562  -73.71754     10.087     10.009    11.3109    31.1150      7.807     3.6009 9.9999e+04  1023.7504    11.3097    23.6986     8.4560    258.174    8.80845  268.93349     95.999 -9.990e-29
   40.44562  -73.71754     10.026      9.949    11.3186    31.0864      7.807     3.6009 9.9999e+04  1023.7104    11.3174    23.6751     8.4547    258.143    8.80210  268.75005     96.053 -9.990e-29
   40.44562  -73.71754      9.945      9.868    11.3149    31.0864      7.807     3.6009 9.9999e+04  1023.6950    11.3137    23.6655     8.4578    258.258    8.80029  268.71670     96.108 0.0000e+00
   40.44562  -73.71754      9.941      9.864    11.3039    31.0864      7.807     3.6009 9.9999e+04  1023.7208    11.3027    23.6750     8.4649    258.491    8.80216  268.78950     96.169 -9.990e-29
   40.44562  -73.71754      9.955      9.878    11.2976    31.0999      7.807     3.6009 9.9999e+04  1023.7390    11.2964    23.6877     8.4742    258.778    8.80570  268.90066     96.236 -9.990e-29
   40.44562  -73.71754     10.036      9.958    11.3006    31.1080      7.807     3.6009 9.9999e+04  1023.7388    11.2994    23.6938     8.4830    259.040    8.80798  268.96371     96.310 -9.990e-29
   40.44562  -73.71754     10.057      9.979    11.3069    31.1116      7.812     3.6009 9.9999e+04  1023.7438    11.3057    23.6956     8.4949    259.401    8.80895  268.98931     96.435 -9.990e-29
   40.44562  -73.71754     10.017      9.939    11.3164    31.1127      7.807     3.6009 9.9999e+04  1023.7393    11.3152    23.6951     8.5014    259.602    8.80971  269.01571     96.501 -9.990e-29
   40.44562  -73.71754      9.955      9.878    11.3247    31.1160      7.807     3.6009 9.9999e+04  1023.7365    11.3235    23.6962     8.5088    259.829    8.81136  269.06834     96.566 -9.990e-29
   40.44562  -73.71754      9.925      9.848    11.3320    31.1306      7.807     3.6009 9.9999e+04  1023.7429    11.3309    23.7060     8.5224    260.243    8.81316  269.12248     96.700 -9.990e-29
   40.44562  -73.71754      9.945      9.868    11.3409    31.1612      7.807     3.6009 -9.990e-29  1023.7677    11.3397    23.7282     8.5298    260.466    8.81440  269.15705     96.771 -9.990e-29
   40.44562  -73.71754     10.006      9.928    11.3510    31.2010      7.807     3.6009 -9.990e-29  1023.8069    11.3498    23.7568     8.5412    260.810    8.81446  269.15366     96.900 -9.990e-29
   40.44562  -73.71754     10.006      9.928    11.3689    31.2368      7.807     3.6009 -9.990e-29  1023.8305    11.3677    23.7813     8.5462    260.956    8.81315  269.10787     96.971 -9.990e-29
   40.44562  -73.71754      9.955      9.878    11.3967    31.2665      7.807     3.6009 -9.990e-29  1023.8444    11.3955    23.7995     8.5540    261.189    8.81026  269.01405     97.091 -9.990e-29
   40.44562  -73.71754      9.925      9.848    11.4327    31.2738      7.807     3.6009 -9.990e-29  1023.8651    11.4315    23.8112     8.5559    261.244    8.80678  268.90434     97.151 -9.990e-29
   40.44562  -73.71754      9.936      9.859    11.4793    31.2738      7.807     3.6009 -9.990e-29  1023.8656    11.4781    23.8076     8.5689    261.641    8.80320  268.79558     97.338 -9.990e-29
   40.44562  -73.71754      9.986      9.909    11.5338    31.2738      7.806     3.5203 -9.990e-29  1023.8372    11.5326    23.7817     8.5725    261.753    8.80017  268.70511     97.413 -9.990e-29
   40.44562  -73.71754     10.002      9.924    11.5851    31.2225      7.806     3.2382 -9.990e-29  1023.7906    11.5839    23.7334     8.5822    262.053    8.79744  268.62398     97.554 -9.990e-29
   40.44562  -73.71754      9.996      9.919    11.6281    31.1528      7.806     3.1442 2.5320e-11  1023.7084    11.6269    23.6725     8.5929    262.382    8.79587  268.57988     97.692 -9.990e-29
   40.44562  -73.71754      9.945      9.868    11.6471    31.1082      7.806     3.1442 2.5320e-11  1023.6455    11.6459    23.6274     8.6041    262.725    8.79448  268.53926     97.835 -9.990e-29
   40.44562  -73.71754      9.925      9.848    11.6451    31.1082      7.806     3.1576 1.6880e-11  1023.6506    11.6439    23.6183     8.6099    262.903    8.79283  268.48827     97.920 -9.990e-29
   40.44562  -73.71754      9.955      9.878    11.6530    31.0995      7.806     3.1576 2.5320e-11  1023.6828    11.6518    23.6302     8.6150    263.058    8.79086  268.42915     97.999 -9.990e-29
   40.44562  -73.71754      9.966      9.889    11.6793    31.0904      7.806     3.1711 2.5320e-11  1023.6952    11.6781    23.6317     8.6196    263.202    8.78891  268.37341     98.073 -9.990e-29
   40.44562  -73.71754      9.986      9.909    11.7092    31.0904      7.806     3.1576 2.5320e-11  1023.6596    11.7079    23.6084     8.6250    263.374    8.78811  268.35460     98.144 -9.990e-29
   40.44562  -73.71754      9.955      9.878    11.7296    31.0524      7.806     3.1576 2.5320e-11  1023.6085    11.7283    23.5756     8.6305    263.542    8.78755  268.33846     98.213 -9.990e-29
   40.44562  -73.71754      9.945      9.868    11.7356    31.0397      7.806     3.1711 1.6880e-11  1023.5898    11.7344    23.5565     8.6387    263.785    8.78462  268.24032     98.339 -9.990e-29
   40.44562  -73.71754      9.936      9.859    11.7366    31.0397      7.806     3.1711 2.5320e-11  1023.5966    11.7354    23.5559     8.6383    263.768    8.77875  268.05687     98.400 -9.990e-29
   40.44562  -73.71754      9.955      9.878    11.7400    31.0313      7.806     3.1576 2.5320e-11  1023.6122    11.7388    23.5623     8.6394    263.807    8.77430  267.92610     98.463 -9.990e-29
   40.44562  -73.71754      9.986      9.909    11.7502    31.0313      7.806     3.1711 2.5320e-11  1023.6143    11.7490    23.5622     8.6471    264.047    8.77123  267.83563     98.585 -9.990e-29
   40.44562  -73.71754      9.975      9.898    11.7592    31.0313      7.806     3.1576 2.5320e-11  1023.5969    11.7580    23.5533     8.6446    263.969    8.76771  267.72912     98.596 -9.990e-29
   40.44562  -73.71754      9.955      9.878    11.7597    31.0313      7.806     3.1576 2.5320e-11  1023.5819    11.7585    23.5470     8.6516    264.185    8.76463  267.63664     98.710 -9.990e-29
   40.44562  -73.71754      9.936      9.859    11.7532    31.0313      7.806     3.1576 2.5320e-11  1023.5952    11.7520    23.5510     8.6620    264.515    8.76411  267.63233     98.835 -9.990e-29
   40.44562  -73.71754      9.951      9.874    11.7529    31.0373      7.806     3.1711 2.5320e-11  1023.6074    11.7516    23.5581     8.6709    264.808    8.76718  267.74968     98.901 -9.990e-29
   40.44562  -73.71756      9.966      9.889    11.7589    31.0428      7.806     3.1576 1.6880e-11  1023.6048    11.7577    23.5618     8.6846    265.242    8.77401  267.97332     98.981 -9.990e-29
   40.44562  -73.71756      9.975      9.898    11.7614    31.0494      7.806     3.1576 2.5320e-11  1023.6085    11.7601    23.5662     8.6998    265.704    8.78190  268.21211     99.065 -9.990e-29
   40.44562  -73.71756      9.975      9.898    11.7652    31.0621      7.806     3.1576 2.5320e-11  1023.6173    11.7640    23.5755     8.7130    266.098    8.78810  268.39287     99.145 -9.990e-29
   40.44562  -73.71756      9.945      9.868    11.7682    31.0821      7.806     3.1576 2.5320e-11  1023.6325    11.7670    23.5900     8.7289    266.573    8.79216  268.50558     99.280 -9.990e-29
   40.44562  -73.71756      9.945      9.868    11.7787    31.1161      7.806     3.1576 2.5320e-11  1023.6458    11.7775    23.6146     8.7375    266.824    8.79428  268.55765     99.354 -9.990e-29
   40.44562  -73.71756      9.975      9.898    11.7900    31.1697      7.806     3.1576 2.5320e-11  1023.6981    11.7888    23.6534     8.7456    267.067    8.79600  268.60581     99.427 -9.990e-29
   40.44562  -73.71756      9.986      9.909    11.8130    31.2208      7.806     3.1576 2.5320e-11  1023.7557    11.8118    23.6879     8.7586    267.462    8.79765  268.65496     99.556 -9.990e-29
   40.44562  -73.71756      9.986      9.909    11.8641    31.2426      7.806     3.1576 2.5320e-11  1023.7493    11.8629    23.6970     8.7652    267.654    8.79800  268.65735     99.627 -9.990e-29
   40.44562  -73.71756      9.975      9.898    11.9195    31.2426      7.805     2.9830 2.5320e-11  1023.7295    11.9182    23.6904     8.7685    267.748    8.79587  268.58358     99.689 -9.990e-29
   40.44562  -73.71756      9.966      9.889    11.9720    31.2426      7.805     2.8756 2.5320e-11  1023.7376    11.9707    23.6790     8.7750    267.940    8.79216  268.46329     99.805 -9.990e-29
   40.44562  -73.71756      9.975      9.898    12.0412    31.2186      7.805     2.8621 2.5320e-11  1023.7135    12.0399    23.6458     8.7757    267.961    8.78818  268.34116     99.858 -9.990e-29
   40.44562  -73.71756      9.986      9.909    12.1245    31.1607      7.800     2.8621 2.5320e-11  1023.6238    12.1233    23.5882     8.7766    267.991    8.78482  268.24171     99.907 -9.990e-29
   40.44562  -73.71756     10.006      9.928    12.1818    31.1275      7.799     2.8756 2.5320e-11  1023.5594    12.1806    23.5411     8.7837    268.211    8.78254  268.17639    100.013 -9.990e-29
   40.44562  -73.71756      9.996      9.919    12.2118    31.1275      7.799     2.8756 2.5320e-11  1023.5626    12.2105    23.5300     8.7927    268.490    8.78122  268.14098    100.130 -9.990e-29
   40.44562  -73.71756      9.981      9.904    12.2383    31.1133      7.804     2.8756 2.5320e-11  1023.5929    12.2370    23.5386     8.7971    268.629    8.78048  268.12179    100.189 -9.990e-29
   40.44562  -73.71756      9.986      9.909    12.2783    31.1082      7.799     2.8756 2.5320e-11  1023.5992    12.2771    23.5342     8.8010    268.750    8.77960  268.09634    100.244 -9.990e-29
   40.44562  -73.71756     10.006      9.928    12.3248    31.0934      7.799     2.8756 2.5320e-11  1023.5592    12.3235    23.4977     8.8094    269.004    8.77817  268.05077    100.356 -9.990e-29
   40.44562  -73.71756     10.017      9.939    12.3640    31.0258      7.799     2.8756 2.5320e-11  1023.4758    12.3627    23.4394     8.8118    269.076    8.77613  267.98637    100.407 -9.990e-29
   40.44562  -73.71756     10.006      9.928    12.3763    30.9666      7.799     2.8756 2.5320e-11  1023.4154    12.3751    23.3912     8.8138    269.139    8.77424  267.93063    100.451 -9.990e-29
   40.44562  -73.71756     10.017      9.939    12.3626    30.9577      7.799     2.8756 2.5320e-11  1023.4039    12.3613    23.3746     8.8164    269.224    8.77344  267.91153    100.490 -9.990e-29
   40.44562  -73.71756      9.996      9.919    12.3420    30.9536      7.799     2.8756 2.5320e-11  1023.4291    12.3407    23.3818     8.8198    269.334    8.77374  267.92607    100.525 -9.990e-29
   40.44562  -73.71756     10.017      9.939    12.3317    30.9499      7.799     2.8756 2.5320e-11  1023.4443    12.3304    23.3898     8.8187    269.302    8.77514  267.97260    100.496 -9.990e-29
   40.44562  -73.71756     10.026      9.949    12.3323    30.9499      7.799     2.8756 2.5320e-11  1023.4319    12.3310    23.3876     8.8243    269.477    8.77807  268.06622    100.526 -9.990e-29
   40.44562  -73.71756     10.036      9.958    12.3270    30.9536      7.804     2.8756 2.5320e-11  1023.4237    12.3257    23.3835     8.8309    269.683    8.78226  268.19905    100.553 -9.990e-29
   40.44562  -73.71756     10.026      9.949    12.3167    30.9536      7.799     2.8756 2.5320e-11  1023.4268    12.3155    23.3864     8.8377    269.898    8.78708  268.35193    100.576 -9.990e-29
   40.44562  -73.71756     10.026      9.949    12.3061    30.9613      7.799     2.8621 2.5320e-11  1023.4390    12.3049    23.3978     8.8510    270.307    8.79251  268.51943    100.666 -9.990e-29
   40.44562  -73.71756     10.026      9.949    12.2985    30.9827      7.799     2.8756 2.5320e-11  1023.4592    12.2973    23.4156     8.8587    270.533    8.79721  268.65627    100.698 -9.990e-29
   40.44562  -73.71756     10.036      9.958    12.2971    31.0088      7.799     2.8756 2.5320e-11  1023.4817    12.2958    23.4359     8.8650    270.715    8.80043  268.74478    100.733 -9.990e-29
   40.44562  -73.71756     10.072      9.994    12.3039    31.0336      7.799     2.8756 2.5320e-11  1023.5032    12.3026    23.4539     8.8750    271.016    8.80269  268.80710    100.822 -9.990e-29
   40.44562  -73.71756     10.047      9.969    12.3169    31.0503      7.799     2.8756 2.5320e-11  1023.5157    12.3157    23.4646     8.8802    271.171    8.80476  268.86837    100.857 -9.990e-29
   40.44562  -73.71756     10.057      9.979    12.3355    31.0503      7.799     2.8756 2.5320e-11  1023.5142    12.3342    23.4657     8.8847    271.307    8.80664  268.92346    100.886 -9.990e-29
   40.44562  -73.71756     10.047      9.969    12.3536    31.0503      7.799     2.8756 2.5320e-11  1023.5065    12.3523    23.4600     8.8892    271.440    8.80761  268.94863    100.926 -9.990e-29
