CalculateIndicators/WaterTemperature/Data/CTD_NYOS/20240429_C32.cnv
* Sea-Bird SBE 9 Data File:
* FileName = C:\Seabird 9 CTD\Data\2024\202404_offshore\20240429_C32.hex
* Software Version Seasave V 7.23.2
* Temperature SN = 4590
* Conductivity SN = 3228
* Number of Bytes Per Scan = 44
* Number of Voltage Words = 5
* Number of Scans Averaged by the Deck Unit = 1
* NMEA Latitude = 40 18.39 N
* NMEA Longitude = 071 48.01 W
* NMEA UTC (Time) = Apr 29 2024  10:01:40
* NMEA baud rate = 4800
** Ship: Seawolf
** Station: 11.4
** Operator: TDK
# nquan = 18
# nvalues = 18848                       
# units = specified
# name 0 = latitude: Latitude [deg]
# name 1 = longitude: Longitude [deg]
# name 2 = prDM: Pressure, Digiquartz [db]
# name 3 = depSM: Depth [salt water, m]
# name 4 = t090C: Temperature [ITS-90, deg C]
# name 5 = sal00: Salinity, Practical [PSU]
# name 6 = ph: pH
# name 7 = flECO-AFL: Fluorescence, WET Labs ECO-AFL/FL [mg/m^3]
# name 8 = cpar: CPAR/Corrected Irradiance [%]
# name 9 = density00: Density [density, kg/m^3]
# name 10 = potemp090C: Potential Temperature [ITS-90, deg C]
# name 11 = sigma-é00: Density [sigma-theta, kg/m^3]
# name 12 = sbeox0Mg/L: Oxygen, SBE 43 [mg/l]
# name 13 = sbox0Mm/Kg: Oxygen, SBE 43 [umol/kg]
# name 14 = oxsolMg/L: Oxygen Saturation, Garcia & Gordon [mg/l]
# name 15 = oxsolMm/Kg: Oxygen Saturation, Garcia & Gordon [umol/kg]
# name 16 = sbeox0PS: Oxygen, SBE 43 [% saturation]
# name 17 = flag:  0.000e+00
# span 0 =   40.30650,   40.30696       
# span 1 =  -71.80022,  -71.79914       
# span 2 =      1.613,     71.276       
# span 3 =      1.601,     70.716       
# span 4 =     6.0652,     8.1997       
# span 5 =    32.0016,    32.1274       
# span 6 =      7.923,      8.046       
# span 7 =    -0.0255,     1.5459       
# span 8 = 8.7310e-13, 2.2680e+01       
# span 9 =  1024.9301,  1025.5994       
# span 10 =     6.0605,     8.1994      
# span 11 =    24.9167,    25.2710      
# span 12 =     9.1251,    10.3241      
# span 13 =    278.140,    314.761      
# span 14 =    9.57218,   10.04925      
# span 15 =  291.86123,  306.30583      
# span 16 =     90.807,    107.281      
# span 17 = 0.0000e+00, 0.0000e+00      
# interval = seconds: 0.0416667
# start_time = Apr 29 2024 10:01:39 [System UTC, first data scan.]
# bad_flag = -9.990e-29
*END*
[from data line 5950]
   40.30684  -71.79986     70.932     70.375     6.0721    32.1197      7.923     0.0013 1.1777e-12  1025.5965     6.0663    25.2692     9.1857    279.983   10.04678  306.22820     91.429 -9.990e-29
   40.30684  -71.79986     70.912     70.354     6.0720    32.1197      7.923     0.0013 1.1777e-12  1025.5965     6.0662    25.2692     9.1802    279.814   10.04684  306.22972     91.374 -9.990e-29
   40.30684  -71.79986     70.926     70.368     6.0718    32.1197      7.923     0.0013 1.1777e-12  1025.5966     6.0661    25.2692     9.1867    280.013   10.04676  306.22740     91.440 -9.990e-29
   40.30684  -71.79986     70.912     70.354     6.0721    32.1197      7.923     0.0013 1.1777e-12  1025.5964     6.0663    25.2692     9.1802    279.814   10.04679  306.22820     91.374 -9.990e-29
   40.30684  -71.79986     70.912     70.354     6.0720    32.1198      7.923     0.0013 1.1777e-12  1025.5966     6.0662    25.2692     9.1802    279.814   10.04679  306.22812     91.375 -9.990e-29
   40.30684  -71.79986     70.912     70.354     6.0718    32.1198      7.923     0.0013 1.1777e-12  1025.5967     6.0661    25.2692     9.1802    279.815   10.04674  306.22698     91.375 -9.990e-29
   40.30684  -71.79986     70.912     70.354     6.0720    32.1197      7.923     0.0013 1.1777e-12  1025.5962     6.0662    25.2692     9.1794    279.790   10.04684  306.22957     91.366 -9.990e-29
   40.30684  -71.79986     70.902     70.345     6.0721    32.1197      7.923     0.0013 1.1777e-12  1025.5964     6.0663    25.2692     9.1850    279.960   10.04676  306.22723     91.422 -9.990e-29
   40.30684  -71.79986     70.902     70.345     6.0718    32.1198      7.923     0.0013 1.1777e-12  1025.5967     6.0661    25.2693     9.1850    279.962   10.04678  306.22795     91.423 -9.990e-29
   40.30684  -71.79986     70.902     70.345     6.0718    32.1198      7.923     0.0013 1.1777e-12  1025.5965     6.0661    25.2693     9.1784    279.761   10.04677  306.22769     91.357 -9.990e-29
   40.30684  -71.79986     70.891     70.334     6.0720    32.1197      7.923     0.0013 1.1777e-12  1025.5964     6.0662    25.2692     9.1841    279.933   10.04682  306.22906     91.413 -9.990e-29
   40.30684  -71.79986     70.891     70.334     6.0719    32.1197      7.923     0.0013 1.1777e-12  1025.5963     6.0661    25.2692     9.1784    279.760   10.04676  306.22737     91.357 -9.990e-29
   40.30684  -71.79986     70.895     70.338     6.0723    32.1197      7.923     0.0013 1.2057e-12  1025.5962     6.0666    25.2692     9.1851    279.963   10.04678  306.22814     91.423 -9.990e-29
   40.30684  -71.79986     70.881     70.324     6.0722    32.1199      7.923     0.0013 1.2057e-12  1025.5966     6.0664    25.2693     9.1795    279.795   10.04681  306.22907     91.368 -9.990e-29
   40.30684  -71.79986     70.881     70.324     6.0721    32.1199      7.923     0.0013 1.2057e-12  1025.5966     6.0663    25.2694     9.1862    279.998   10.04681  306.22886     91.434 -9.990e-29
   40.30684  -71.79986     70.881     70.324     6.0723    32.1199      7.923     0.0013 1.2057e-12  1025.5963     6.0666    25.2694     9.1808    279.833   10.04689  306.23146     91.380 -9.990e-29
   40.30684  -71.79986     70.870     70.313     6.0720    32.1200      7.923     0.0013 1.2057e-12  1025.5966     6.0662    25.2694     9.1808    279.833   10.04676  306.22756     91.381 -9.990e-29
   40.30684  -71.79986     70.860     70.304     6.0723    32.1200      7.923     0.0013 1.2057e-12  1025.5964     6.0666    25.2694     9.1866    280.009   10.04685  306.23025     91.438 -9.990e-29
   40.30684  -71.79986     70.860     70.304     6.0719    32.1200      7.923     0.0013 1.1777e-12  1025.5966     6.0661    25.2694     9.1801    279.810   10.04683  306.22961     91.373 -9.990e-29
   40.30684  -71.79986     70.860     70.304     6.0723    32.1200      7.923     0.0013 1.1777e-12  1025.5964     6.0666    25.2694     9.1791    279.782   10.04685  306.23025     91.363 -9.990e-29
   40.30684  -71.79986     70.860     70.304     6.0722    32.1201      7.923     0.0013 1.1777e-12  1025.5966     6.0664    25.2695     9.1793    279.787   10.04688  306.23099     91.365 -9.990e-29
   40.30684  -71.79986     70.851     70.294     6.0721    32.1202      7.923     0.0013 1.1777e-12  1025.5967     6.0663    25.2696     9.1784    279.758   10.04684  306.22976     91.356 -9.990e-29
   40.30684  -71.79986     70.840     70.283     6.0722    32.1201      7.923     0.0013 1.1777e-12  1025.5965     6.0664    25.2695     9.1785    279.764   10.04684  306.22978     91.357 -9.990e-29
   40.30684  -71.79986     70.833     70.276     6.0722    32.1201      7.923     0.0013 1.1777e-12  1025.5963     6.0664    25.2695     9.1787    279.768   10.04680  306.22850     91.359 -9.990e-29
   40.30684  -71.79986     70.840     70.283     6.0723    32.1201      7.923     0.0013 1.1509e-12  1025.5965     6.0666    25.2695     9.1790    279.777   10.04683  306.22960     91.362 -9.990e-29
   40.30684  -71.79986     70.830     70.273     6.0726    32.1200      7.923     0.0013 1.1253e-12  1025.5962     6.0668    25.2694     9.1782    279.755   10.04685  306.23023     91.354 -9.990e-29
   40.30684  -71.79986     70.819     70.262     6.0723    32.1200      7.923     0.0013 1.0774e-12  1025.5963     6.0666    25.2694     9.1774    279.730   10.04682  306.22925     91.346 -9.990e-29
   40.30684  -71.79986     70.819     70.262     6.0723    32.1200      7.923     0.0013 1.0774e-12  1025.5961     6.0666    25.2694     9.1767    279.707   10.04684  306.22975     91.339 -9.990e-29
   40.30684  -71.79986     70.819     70.262     6.0722    32.1200      7.923     0.0013 1.0774e-12  1025.5962     6.0664    25.2694     9.1769    279.714   10.04676  306.22751     91.342 -9.990e-29
   40.30684  -71.79986     70.809     70.253     6.0724    32.1202      7.923     0.0013 1.0550e-12  1025.5965     6.0666    25.2696     9.1773    279.726   10.04684  306.22969     91.345 -9.990e-29
   40.30684  -71.79986     70.809     70.253     6.0720    32.1204      7.923     0.0013 1.0550e-12  1025.5965     6.0662    25.2697     9.1766    279.705   10.04684  306.22988     91.338 -9.990e-29
   40.30684  -71.79986     70.800     70.243     6.0722    32.1205      7.923     0.0013 1.0550e-12  1025.5965     6.0664    25.2698     9.1770    279.717   10.04685  306.23019     91.342 -9.990e-29
   40.30684  -71.79986     70.800     70.243     6.0721    32.1205      7.923     0.0013 1.0550e-12  1025.5967     6.0663    25.2698     9.1763    279.696   10.04681  306.22897     91.336 -9.990e-29
   40.30684  -71.79986     70.800     70.243     6.0720    32.1204      7.923     0.0013 1.0550e-12  1025.5964     6.0662    25.2697     9.1767    279.709   10.04680  306.22875     91.340 -9.990e-29
   40.30684  -71.79986     70.782     70.225     6.0722    32.1204      7.923     0.0013 1.0550e-12  1025.5964     6.0664    25.2697     9.1761    279.691   10.04681  306.22890     91.334 -9.990e-29
   40.30684  -71.79986     70.788     70.232     6.0722    32.1203      7.923     0.0013 1.0550e-12  1025.5964     6.0664    25.2696     9.1756    279.673   10.04683  306.22968     91.328 -9.990e-29
   40.30684  -71.79986     70.779     70.222     6.0724    32.1202      7.923     0.0013 1.0550e-12  1025.5961     6.0666    25.2696     9.1750    279.655   10.04682  306.22919     91.322 -9.990e-29
   40.30684  -71.79986     70.779     70.222     6.0720    32.1203      7.923     0.0013 1.0550e-12  1025.5964     6.0662    25.2696     9.1744    279.637   10.04685  306.23015     91.316 -9.990e-29
   40.30684  -71.79986     70.779     70.222     6.0725    32.1203      7.923     0.0013 1.0550e-12  1025.5962     6.0667    25.2696     9.1738    279.618   10.04682  306.22918     91.310 -9.990e-29
   40.30684  -71.79986     70.768     70.211     6.0722    32.1204      7.923     0.0013 1.0550e-12  1025.5964     6.0664    25.2697     9.1732    279.601   10.04685  306.23027     91.304 -9.990e-29
   40.30684  -71.79986     70.768     70.211     6.0722    32.1204      7.923     0.0013 1.0550e-12  1025.5962     6.0665    25.2697     9.1660    279.382   10.04685  306.23029     91.233 -9.990e-29
   40.30684  -71.79986     70.768     70.211     6.0723    32.1204      7.923     0.0013 1.0550e-12  1025.5964     6.0666    25.2697     9.1711    279.536   10.04689  306.23136     91.283 -9.990e-29
   40.30684  -71.79986     70.758     70.202     6.0722    32.1204      7.923     0.0013 1.0550e-12  1025.5961     6.0664    25.2697     9.1715    279.551   10.04686  306.23071     91.288 -9.990e-29
   40.30684  -71.79986     70.758     70.202     6.0724    32.1204      7.923    -0.0121 1.0550e-12  1025.5963     6.0666    25.2697     9.1655    279.367   10.04688  306.23100     91.228 -9.990e-29
   40.30684  -71.79986     70.748     70.192     6.0722    32.1204      7.923     0.0013 1.0550e-12  1025.5962     6.0664    25.2697     9.1717    279.554   10.04683  306.22975     91.289 -9.990e-29
   40.30684  -71.79986     70.748     70.192     6.0723    32.1204      7.923     0.0013 1.0550e-12  1025.5960     6.0666    25.2697     9.1723    279.575   10.04684  306.22991     91.296 -9.990e-29
   40.30684  -71.79986     70.748     70.192     6.0722    32.1205      7.923     0.0013 1.0550e-12  1025.5965     6.0664    25.2697     9.1731    279.598   10.04687  306.23085     91.303 -9.990e-29
   40.30684  -71.79986     70.741     70.185     6.0722    32.1205      7.923     0.0013 1.0550e-12  1025.5963     6.0665    25.2697     9.1662    279.387   10.04683  306.22960     91.234 -9.990e-29
   40.30684  -71.79986     70.748     70.192     6.0723    32.1203      7.923     0.0013 1.0550e-12  1025.5959     6.0666    25.2696     9.1659    279.379   10.04682  306.22913     91.232 -9.990e-29
   40.30684  -71.79986     70.737     70.181     6.0720    32.1203      7.923     0.0013 1.0550e-12  1025.5962     6.0662    25.2697     9.1658    279.376   10.04685  306.23020     91.231 -9.990e-29
   40.30684  -71.79986     70.728     70.172     6.0723    32.1203      7.923     0.0013 1.0550e-12  1025.5961     6.0666    25.2697     9.1647    279.343   10.04686  306.23053     91.220 -9.990e-29
   40.30684  -71.79986     70.737     70.181     6.0722    32.1204      7.923     0.0013 1.0550e-12  1025.5961     6.0665    25.2697     9.1647    279.342   10.04680  306.22871     91.220 -9.990e-29
   40.30684  -71.79986     70.728     70.172     6.0722    32.1204      7.923     0.0013 1.0550e-12  1025.5962     6.0664    25.2697     9.1703    279.513   10.04683  306.22957     91.276 -9.990e-29
   40.30684  -71.79986     70.716     70.161     6.0725    32.1204      7.923     0.0013 1.0550e-12  1025.5958     6.0667    25.2697     9.1638    279.316   10.04689  306.23144     91.211 -9.990e-29
   40.30684  -71.79986     70.728     70.172     6.0719    32.1205      7.923     0.0013 1.0550e-12  1025.5965     6.0661    25.2698     9.1629    279.286   10.04683  306.22973     91.201 -9.990e-29
   40.30684  -71.79986     70.716     70.161     6.0723    32.1205      7.923     0.0013 1.0550e-12  1025.5961     6.0666    25.2698     9.1620    279.260   10.04687  306.23085     91.193 -9.990e-29
   40.30684  -71.79986     70.707     70.151     6.0722    32.1204      7.923     0.0013 1.0550e-12  1025.5962     6.0664    25.2697     9.1622    279.267   10.04690  306.23157     91.195 -9.990e-29
   40.30684  -71.79986     70.707     70.151     6.0723    32.1203      7.923     0.0013 1.0550e-12  1025.5959     6.0666    25.2697     9.1625    279.275   10.04685  306.23037     91.198 -9.990e-29
   40.30684  -71.79986     70.716     70.161     6.0721    32.1203      7.923     0.0013 1.0550e-12  1025.5961     6.0663    25.2697     9.1685    279.457   10.04690  306.23157     91.257 -9.990e-29
   40.30684  -71.79986     70.697     70.141     6.0723    32.1203      7.923     0.0013 1.0550e-12  1025.5960     6.0666    25.2696     9.1633    279.298   10.04688  306.23133     91.205 -9.990e-29
   40.30684  -71.79986     70.700     70.144     6.0723    32.1201      7.923     0.0013 1.0550e-12  1025.5957     6.0666    25.2695     9.1626    279.278   10.04683  306.22959     91.199 -9.990e-29
   40.30684  -71.79986     70.686     70.130     6.0722    32.1200      7.923     0.0013 1.0550e-12  1025.5956     6.0665    25.2694     9.1698    279.497   10.04688  306.23119     91.270 -9.990e-29
   40.30684  -71.79986     70.697     70.141     6.0722    32.1200      7.923     0.0013 1.0550e-12  1025.5958     6.0664    25.2694     9.1703    279.512   10.04688  306.23133     91.275 -9.990e-29
   40.30684  -71.79986     70.686     70.130     6.0718    32.1200      7.923     0.0013 1.0550e-12  1025.5957     6.0661    25.2694     9.1652    279.358   10.04686  306.23057     91.225 -9.990e-29
   40.30684  -71.79986     70.686     70.130     6.0725    32.1199      7.923     0.0013 1.0550e-12  1025.5955     6.0667    25.2693     9.1714    279.546   10.04683  306.22953     91.286 -9.990e-29
   40.30684  -71.79986     70.676     70.121     6.0721    32.1199      7.923     0.0013 1.0550e-12  1025.5955     6.0663    25.2693     9.1720    279.566   10.04690  306.23161     91.292 -9.990e-29
   40.30684  -71.79986     70.676     70.121     6.0722    32.1200      7.923     0.0013 1.0550e-12  1025.5955     6.0664    25.2694     9.1671    279.414   10.04687  306.23090     91.243 -9.990e-29
   40.30684  -71.79986     70.656     70.100     6.0720    32.1201      7.923     0.0013 1.0550e-12  1025.5956     6.0662    25.2695     9.1734    279.606   10.04689  306.23153     91.305 -9.990e-29
   40.30684  -71.79986     70.676     70.121     6.0718    32.1202      7.923     0.0013 1.0550e-12  1025.5959     6.0661    25.2696     9.1674    279.425   10.04686  306.23058     91.247 -9.990e-29
   40.30684  -71.79986     70.656     70.100     6.0721    32.1202      7.923     0.0013 1.0550e-12  1025.5956     6.0663    25.2696     9.1672    279.417   10.04688  306.23103     91.244 -9.990e-29
   40.30684  -71.79986     70.656     70.100     6.0720    32.1202      7.923     0.0013 1.0550e-12  1025.5958     6.0662    25.2696     9.1735    279.611   10.04691  306.23212     91.307 -9.990e-29
   40.30684  -71.79986     70.644     70.089     6.0722    32.1202      7.923     0.0013 1.0550e-12  1025.5957     6.0664    25.2696     9.1677    279.432   10.04684  306.23001     91.249 -9.990e-29
   40.30684  -71.79986     70.644     70.089     6.0721    32.1202      7.923     0.0013 1.0550e-12  1025.5956     6.0663    25.2696     9.1675    279.426   10.04687  306.23080     91.247 -9.990e-29
   40.30684  -71.79986     70.644     70.089     6.0720    32.1202      7.923     0.0013 1.0550e-12  1025.5956     6.0663    25.2695     9.1673    279.422   10.04686  306.23051     91.246 -9.990e-29
   40.30684  -71.79986     70.625     70.070     6.0722    32.1202      7.923     0.0013 1.0550e-12  1025.5953     6.0664    25.2695     9.1672    279.418   10.04685  306.23021     91.244 -9.990e-29
   40.30684  -71.79986     70.628     70.073     6.0720    32.1202      7.923     0.0013 1.0550e-12  1025.5957     6.0663    25.2696     9.1671    279.416   10.04687  306.23069     91.244 -9.990e-29
   40.30684  -71.79986     70.625     70.070     6.0724    32.1204      7.923     0.0013 1.0550e-12  1025.5954     6.0666    25.2697     9.1671    279.414   10.04681  306.22882     91.243 -9.990e-29
   40.30684  -71.79986     70.614     70.059     6.0718    32.1205      7.923     0.0013 1.0550e-12  1025.5960     6.0661    25.2698     9.1671    279.415   10.04683  306.22959     91.243 -9.990e-29
   40.30684  -71.79986     70.604     70.049     6.0720    32.1204      7.923     0.0013 1.0550e-12  1025.5955     6.0663    25.2698     9.1672    279.417   10.04684  306.22996     91.244 -9.990e-29
   40.30684  -71.79986     70.604     70.049     6.0720    32.1202      7.923     0.0013 1.0550e-12  1025.5954     6.0663    25.2696     9.1739    279.621   10.04685  306.22999     91.311 -9.990e-29
