CalculateIndicators/WaterTemperature/Data/CTD_NYOS/20240710_C22.cnv
* Sea-Bird SBE 9 Data File:
* FileName = C:\Seabird 9 CTD\Data\2024\202407_offshore\20240710_C22.hex
* Software Version Seasave V 7.23.2
* Temperature SN = 4590
* Conductivity SN = 3228
* Number of Bytes Per Scan = 44
* Number of Voltage Words = 5
* Number of Scans Averaged by the Deck Unit = 1
* NMEA Latitude = 40 21.39 N
* NMEA Longitude = 072 18.44 W
* NMEA UTC (Time) = Jul 10 2024  16:16:47
* NMEA baud rate = 4800
** Ship: seawolf
** Station: 10.3
** Operator: TCM
# nquan = 18
# nvalues = 13581                       
# units = specified
# name 0 = latitude: Latitude [deg]
# name 1 = longitude: Longitude [deg]
# name 2 = prDM: Pressure, Digiquartz [db]
# name 3 = depSM: Depth [salt water, m]
# name 4 = t090C: Temperature [ITS-90, deg C]
# name 5 = sal00: Salinity, Practical [PSU]
# name 6 = ph: pH
# name 7 = flECO-AFL: Fluorescence, WET Labs ECO-AFL/FL [mg/m^3]
# name 8 = cpar: CPAR/Corrected Irradiance [%]
# name 9 = density00: Density [density, kg/m^3]
# name 10 = potemp090C: Potential Temperature [ITS-90, deg C]
# name 11 = sigma-é00: Density [sigma-theta, kg/m^3]
# name 12 = sbeox0Mg/L: Oxygen, SBE 43 [mg/l]
# name 13 = sbox0Mm/Kg: Oxygen, SBE 43 [umol/kg]
# name 14 = oxsolMg/L: Oxygen Saturation, Garcia & Gordon [mg/l]
# name 15 = oxsolMm/Kg: Oxygen Saturation, Garcia & Gordon [umol/kg]
# name 16 = sbeox0PS: Oxygen, SBE 43 [% saturation]
# name 17 = flag:  0.000e+00
# span 0 =   40.35648,   40.35786       
# span 1 =  -72.30736,  -72.30502       
# span 2 =      1.839,     55.165       
# span 3 =      1.825,     54.733       
# span 4 =     6.7181,    22.7753       
# span 5 =    29.9918,    32.0027       
# span 6 =      7.824,      8.093       
# span 7 =    -0.0255,     2.0832       
# span 8 = 4.0190e-14, 1.2364e+02       
# span 9 =  1020.2637,  1025.3270       
# span 10 =     6.7134,    22.7743      
# span 11 =    20.2512,    25.0747      
# span 12 =     7.3036,    10.5026      
# span 13 =    222.662,    320.293      
# span 14 =    7.24020,    9.90636      
# span 15 =  221.76481,  302.00628      
# span 16 =     73.838,    111.382      
# span 17 = 0.0000e+00, 0.0000e+00      
# interval = seconds: 0.0416667
# start_time = Jul 10 2024 16:16:48 [System UTC, first data scan.]
# bad_flag = -9.990e-29
*END*
[from data line 6352]
   40.35744  -72.30632     34.286     34.019     7.2750    31.8823      7.913     0.1491 6.1525e-02  1025.0855     7.2719    24.9273     8.1367    248.087    9.77997  298.19132     83.197 -9.990e-29
   40.35744  -72.30632     34.307     34.040     7.2758    31.8826      7.907     0.1491 6.1343e-02  1025.0859     7.2727    24.9279     8.1296    247.871    9.77968  298.18312     83.127 -9.990e-29
   40.35744  -72.30632     34.337     34.070     7.2763    31.8830      7.907     0.1491 6.1343e-02  1025.0854     7.2732    24.9277     8.1218    247.635    9.77954  298.17964     83.049 -9.990e-29
   40.35744  -72.30632     34.358     34.090     7.2765    31.8831      7.907     0.1491 6.1161e-02  1025.0846     7.2734    24.9273     8.1260    247.764    9.77943  298.17684     83.093 -9.990e-29
   40.35744  -72.30632     34.388     34.120     7.2768    31.8831      7.907     0.1491 6.0750e-02  1025.0849     7.2737    24.9277     8.1250    247.733    9.77935  298.17472     83.083 -9.990e-29
   40.35744  -72.30632     34.418     34.151     7.2772    31.8851      7.913     0.1491 6.0750e-02  1025.0869     7.2741    24.9293     8.1179    247.517    9.77933  298.17441     83.011 -9.990e-29
   40.35744  -72.30632     34.449     34.181     7.2776    31.8879      7.913     0.1491 6.0570e-02  1025.0895     7.2745    24.9314     8.1163    247.468    9.77924  298.17200     82.995 -9.990e-29
   40.35744  -72.30632     34.469     34.201     7.2789    31.8910      7.907     0.1491 6.0212e-02  1025.0916     7.2758    24.9338     8.1150    247.429    9.77928  298.17374     82.981 -9.990e-29
   40.35744  -72.30632     34.500     34.231     7.2800    31.8946      7.907     0.1491 6.0033e-02  1025.0946     7.2769    24.9363     8.1140    247.399    9.77944  298.17901     82.970 -9.990e-29
   40.35744  -72.30632     34.530     34.261     7.2821    31.8984      7.907     0.1491 5.9807e-02  1025.0976     7.2790    24.9390     8.1132    247.375    9.77960  298.18420     82.960 -9.990e-29
   40.35744  -72.30632     34.551     34.282     7.2846    31.9019      7.907     0.1491 5.9629e-02  1025.1004     7.2815    24.9415     8.1189    247.549    9.77977  298.18914     83.017 -9.990e-29
   40.35744  -72.30632     34.581     34.312     7.2873    31.9048      7.907     0.1491 5.9452e-02  1025.1021     7.2842    24.9434     8.1129    247.365    9.77970  298.18680     82.956 -9.990e-29
   40.35744  -72.30632     34.611     34.342     7.2901    31.9075      7.907     0.1491 5.9276e-02  1025.1039     7.2870    24.9452     8.1125    247.352    9.77968  298.18569     82.952 -9.990e-29
   40.35744  -72.30632     34.653     34.383     7.2936    31.9100      7.907     0.1491 5.8750e-02  1025.1063     7.2905    24.9466     8.1122    247.343    9.77959  298.18307     82.950 -9.990e-29
   40.35744  -72.30632     34.673     34.404     7.2974    31.9100      7.907     0.1491 5.8354e-02  1025.1070     7.2943    24.9470     8.1122    247.342    9.77960  298.18341     82.950 -9.990e-29
   40.35744  -72.30632     34.724     34.454     7.3013    31.9100      7.907     0.1491 5.8354e-02  1025.1056     7.2982    24.9459     8.1123    247.346    9.77954  298.18137     82.952 -9.990e-29
   40.35744  -72.30632     34.724     34.454     7.3048    31.9086      7.907     0.1491 5.8008e-02  1025.1035     7.3017    24.9440     8.1126    247.357    9.77955  298.18191     82.955 -9.990e-29
   40.35744  -72.30632     34.785     34.514     7.3079    31.9067      7.907     0.1491 5.7836e-02  1025.1014     7.3048    24.9422     8.1195    247.568    9.77960  298.18346     83.025 -9.990e-29
   40.35744  -72.30632     34.806     34.535     7.3099    31.9051      7.912     0.1491 5.7836e-02  1025.1003     7.3067    24.9406     8.1211    247.614    9.77949  298.17996     83.042 -9.990e-29
   40.35744  -72.30632     34.826     34.555     7.3118    31.9038      7.907     0.1491 5.7322e-02  1025.0990     7.3087    24.9394     8.1217    247.633    9.77928  298.17346     83.050 -9.990e-29
   40.35744  -72.30632     34.846     34.575     7.3131    31.9026      7.907     0.1491 5.6981e-02  1025.0981     7.3100    24.9383     8.1225    247.658    9.77916  298.16999     83.059 -9.990e-29
   40.35744  -72.30632     34.887     34.616     7.3141    31.9017      7.907     0.1491 5.6935e-02  1025.0974     7.3110    24.9374     8.1245    247.719    9.77918  298.17093     83.080 -9.990e-29
   40.35744  -72.30632     34.897     34.625     7.3151    31.9010      7.907     0.1357 5.6429e-02  1025.0966     7.3119    24.9367     8.1266    247.784    9.77914  298.16962     83.102 -9.990e-29
   40.35744  -72.30632     34.948     34.676     7.3156    31.9004      7.907     0.1357 5.5926e-02  1025.0965     7.3124    24.9361     8.1279    247.821    9.77901  298.16569     83.115 -9.990e-29
   40.35744  -72.30632     34.959     34.687     7.3164    31.8997      7.912     0.1357 5.5760e-02  1025.0958     7.3132    24.9355     8.1356    248.057    9.77898  298.16449     83.195 -9.990e-29
   40.35744  -72.30632     34.989     34.717     7.3165    31.8990      7.907     0.1357 5.5594e-02  1025.0955     7.3134    24.9350     8.1316    247.936    9.77885  298.16079     83.155 -9.990e-29
   40.35744  -72.30632     35.010     34.737     7.3164    31.8981      7.907     0.1357 5.5428e-02  1025.0951     7.3132    24.9343     8.1395    248.178    9.77880  298.15895     83.237 -9.990e-29
   40.35744  -72.30632     35.040     34.767     7.3160    31.8968      7.907     0.1357 5.5428e-02  1025.0944     7.3129    24.9333     8.1421    248.255    9.77869  298.15529     83.264 -9.990e-29
   40.35744  -72.30632     35.056     34.784     7.3155    31.8947      7.907     0.1357 5.5099e-02  1025.0926     7.3124    24.9318     8.1509    248.523    9.77843  298.14715     83.356 -9.990e-29
   40.35744  -72.30632     35.070     34.797     7.3147    31.8927      7.907     0.1357 5.4771e-02  1025.0907     7.3116    24.9303     8.1491    248.467    9.77826  298.14161     83.339 -9.990e-29
   40.35744  -72.30632     35.080     34.807     7.3133    31.8914      7.907     0.1357 5.4608e-02  1025.0899     7.3101    24.9294     8.1581    248.743    9.77811  298.13677     83.433 -9.990e-29
   40.35744  -72.30632     35.110     34.837     7.3113    31.8905      7.907     0.1357 5.4445e-02  1025.0904     7.3082    24.9289     8.1672    249.019    9.77794  298.13170     83.526 -9.990e-29
   40.35744  -72.30632     35.131     34.858     7.3094    31.8892      7.912     0.1357 5.4121e-02  1025.0895     7.3062    24.9282     8.1645    248.938    9.77784  298.12895     83.500 -9.990e-29
   40.35744  -72.30632     35.131     34.858     7.3070    31.8874      7.907     0.1357 5.3798e-02  1025.0882     7.3038    24.9271     8.1673    249.024    9.77780  298.12804     83.529 -9.990e-29
   40.35744  -72.30632     35.161     34.888     7.3042    31.8860      7.907     0.1357 5.3798e-02  1025.0873     7.3010    24.9264     8.1701    249.109    9.77775  298.12658     83.558 -9.990e-29
   40.35744  -72.30632     35.161     34.888     7.3011    31.8860      7.907     0.1357 5.3478e-02  1025.0874     7.2979    24.9264     8.1730    249.197    9.77778  298.12801     83.587 -9.990e-29
   40.35744  -72.30632     35.172     34.899     7.2980    31.8860      7.907     0.1357 5.3318e-02  1025.0882     7.2949    24.9272     8.1758    249.285    9.77784  298.12989     83.616 -9.990e-29
   40.35744  -72.30632     35.182     34.908     7.2953    31.8875      7.907     0.1357 5.3318e-02  1025.0898     7.2921    24.9287     8.1787    249.372    9.77786  298.13059     83.645 -9.990e-29
   40.35744  -72.30632     35.182     34.908     7.2925    31.8896      7.913     0.1357 5.3159e-02  1025.0921     7.2893    24.9307     8.1941    249.841    9.77778  298.12786     83.803 -9.990e-29
   40.35744  -72.30632     35.192     34.918     7.2909    31.8919      7.907     0.1357 5.3159e-02  1025.0945     7.2877    24.9327     8.1987    249.980    9.77770  298.12478     83.851 -9.990e-29
   40.35744  -72.30632     35.192     34.918     7.2902    31.8935      7.907     0.1357 5.2957e-02  1025.0962     7.2871    24.9341     8.2030    250.110    9.77745  298.11695     83.897 -9.990e-29
   40.35744  -72.30632     35.189     34.915     7.2900    31.8944      7.907     0.1357 5.2842e-02  1025.0963     7.2869    24.9349     8.2064    250.214    9.77735  298.11349     83.932 -9.990e-29
   40.35744  -72.30632     35.192     34.918     7.2894    31.8954      7.913     0.1357 5.2527e-02  1025.0966     7.2863    24.9358     8.2096    250.314    9.77723  298.11028     83.967 -9.990e-29
   40.35744  -72.30632     35.192     34.918     7.2886    31.8975      7.907     0.1357 5.2527e-02  1025.0986     7.2855    24.9375     8.2129    250.415    9.77730  298.11296     84.000 -9.990e-29
   40.35744  -72.30632     35.172     34.899     7.2890    31.9005      7.907     0.1357 5.2527e-02  1025.1012     7.2858    24.9398     8.2163    250.517    9.77749  298.11970     84.032 -9.990e-29
   40.35744  -72.30632     35.182     34.908     7.2898    31.9034      7.907     0.1357 5.2527e-02  1025.1042     7.2866    24.9419     8.2249    250.781    9.77775  298.12845     84.118 -9.990e-29
   40.35744  -72.30632     35.161     34.888     7.2916    31.9034      7.907     0.1491 5.2527e-02  1025.1052     7.2884    24.9427     8.2289    250.904    9.77804  298.13792     84.157 -9.990e-29
   40.35744  -72.30632     35.152     34.878     7.2935    31.9034      7.907     0.1491 5.2527e-02  1025.1033     7.2903    24.9418     8.2379    251.179    9.77809  298.13937     84.249 -9.990e-29
   40.35744 -9.990e-29     35.152     34.878     7.2951    31.9019      7.907     0.1491 5.2842e-02  1025.1016     7.2919    24.9401     8.2350    251.088    9.77807  298.13818     84.219 -9.990e-29
   40.35744 -9.990e-29     35.142     34.869     7.2971    31.8994      7.907     0.1491 5.2842e-02  1025.0993     7.2939    24.9379     8.2444    251.376    9.77799  298.13570     84.316 -9.990e-29
   40.35744 -9.990e-29     35.121     34.848     7.2987    31.8968      7.907     0.1491 5.2684e-02  1025.0963     7.2955    24.9357     8.2473    251.464    9.77789  298.13212     84.346 -9.990e-29
   40.35744 -9.990e-29     35.101     34.828     7.2996    31.8947      7.907     0.1491 5.2684e-02  1025.0948     7.2965    24.9338     8.2489    251.511    9.77766  298.12450     84.365 -9.990e-29
   40.35744 -9.990e-29     35.080     34.807     7.3004    31.8931      7.912     0.1491 5.2684e-02  1025.0934     7.2973    24.9325     8.2511    251.579    9.77737  298.11497     84.390 -9.990e-29
   40.35744 -9.990e-29     35.077     34.804     7.3010    31.8916      7.907     0.1491 5.2684e-02  1025.0922     7.2978    24.9312     8.2531    251.640    9.77714  298.10740     84.413 -9.990e-29
   40.35744 -9.990e-29     35.050     34.777     7.3018    31.8900      7.907     0.1491 5.2684e-02  1025.0908     7.2986    24.9299     8.2604    251.861    9.77697  298.10237     84.488 -9.990e-29
   40.35744 -9.990e-29     35.029     34.756     7.3021    31.8884      7.907     0.1491 5.2842e-02  1025.0892     7.2990    24.9285     8.2619    251.909    9.77688  298.09971     84.505 -9.990e-29
   40.35744 -9.990e-29     35.019     34.747     7.3019    31.8868      7.907     0.1491 5.2842e-02  1025.0878     7.2988    24.9274     8.2633    251.951    9.77688  298.09985     84.519 -9.990e-29
   40.35744 -9.990e-29     34.978     34.706     7.3016    31.8868      7.907     0.1491 5.3000e-02  1025.0866     7.2984    24.9267     8.2644    251.984    9.77686  298.09926     84.530 -9.990e-29
   40.35744 -9.990e-29     34.959     34.687     7.3006    31.8868      7.907     0.1491 5.3159e-02  1025.0872     7.2975    24.9269     8.2588    251.813    9.77682  298.09811     84.473 -9.990e-29
   40.35744 -9.990e-29     34.948     34.676     7.3006    31.8872      7.907     0.1491 5.3159e-02  1025.0880     7.2975    24.9278     8.2658    252.025    9.77695  298.10211     84.543 -9.990e-29
   40.35744 -9.990e-29     34.927     34.655     7.3002    31.8884      7.912     0.1491 5.3116e-02  1025.0895     7.2970    24.9288     8.2660    252.033    9.77695  298.10246     84.546 -9.990e-29
   40.35744 -9.990e-29     34.917     34.646     7.3005    31.8888      7.907     0.1491 5.3116e-02  1025.0895     7.2974    24.9292     8.2659    252.032    9.77698  298.10355     84.545 -9.990e-29
   40.35744 -9.990e-29     34.876     34.605     7.3004    31.8888      7.907     0.1491 5.3275e-02  1025.0893     7.2973    24.9293     8.2657    252.023    9.77709  298.10674     84.541 -9.990e-29
   40.35744 -9.990e-29     34.866     34.595     7.3008    31.8888      7.907     0.1625 5.3275e-02  1025.0892     7.2976    24.9290     8.2652    252.009    9.77730  298.11353     84.534 -9.990e-29
   40.35744 -9.990e-29     34.846     34.575     7.3010    31.8888      7.907     0.1491 5.3435e-02  1025.0884     7.2978    24.9288     8.2644    251.984    9.77749  298.11974     84.524 -9.990e-29
   40.35744 -9.990e-29     34.815     34.544     7.3006    31.8888      7.907     0.1491 5.3435e-02  1025.0885     7.2975    24.9289     8.2696    252.143    9.77768  298.12561     84.576 -9.990e-29
   40.35744 -9.990e-29     34.795     34.524     7.3010    31.8888      7.907     0.1491 5.3755e-02  1025.0889     7.2978    24.9291     8.2700    252.154    9.77784  298.13012     84.579 -9.990e-29
   40.35744 -9.990e-29     34.764     34.494     7.3018    31.8888      7.907     0.1491 5.4077e-02  1025.0890     7.2986    24.9292     8.2637    251.963    9.77794  298.13340     84.513 -9.990e-29
   40.35744 -9.990e-29     34.755     34.484     7.3024    31.8888      7.907     0.1491 5.4077e-02  1025.0885     7.2993    24.9288     8.2688    252.120    9.77805  298.13654     84.565 -9.990e-29
   40.35744 -9.990e-29     34.713     34.443     7.3027    31.8881      7.907     0.1491 5.4239e-02  1025.0872     7.2996    24.9282     8.2621    251.915    9.77826  298.14306     84.495 -9.990e-29
   40.35744 -9.990e-29     34.704     34.434     7.3030    31.8881      7.912     0.1491 5.4401e-02  1025.0868     7.2999    24.9279     8.2666    252.053    9.77832  298.14464     84.540 -9.990e-29
   40.35744 -9.990e-29     34.683     34.413     7.3034    31.8881      7.907     0.1491 5.4563e-02  1025.0873     7.3003    24.9280     8.2655    252.017    9.77833  298.14459     84.528 -9.990e-29
   40.35744 -9.990e-29     34.653     34.383     7.3034    31.8883      7.912     0.1491 5.4563e-02  1025.0875     7.3003    24.9282     8.2639    251.969    9.77830  298.14321     84.513 -9.990e-29
   40.35744 -9.990e-29     34.632     34.363     7.3041    31.8886      7.907     0.1491 5.4727e-02  1025.0869     7.3010    24.9284     8.2629    251.939    9.77819  298.13987     84.504 -9.990e-29
   40.35744 -9.990e-29     34.611     34.342     7.3040    31.8895      7.907     0.1491 5.4727e-02  1025.0876     7.3009    24.9291     8.2546    251.684    9.77822  298.14077     84.418 -9.990e-29
   40.35744 -9.990e-29     34.592     34.323     7.3040    31.8908      7.907     0.1491 5.4890e-02  1025.0889     7.3009    24.9302     8.2522    251.612    9.77816  298.13904     84.394 -9.990e-29
   40.35744 -9.990e-29     34.571     34.302     7.3047    31.8924      7.907     0.1491 5.5384e-02  1025.0900     7.3016    24.9313     8.2497    251.535    9.77820  298.14010     84.368 -9.990e-29
   40.35744 -9.990e-29     34.551     34.282     7.3050    31.8935      7.907     0.1491 5.5384e-02  1025.0910     7.3019    24.9321     8.2541    251.668    9.77806  298.13571     84.414 -9.990e-29
   40.35744 -9.990e-29     34.541     34.272     7.3056    31.8935      7.907     0.1491 5.5384e-02  1025.0911     7.3025    24.9325     8.2519    251.601    9.77795  298.13180     84.393 -9.990e-29
   40.35744 -9.990e-29     34.530     34.261     7.3063    31.8935      7.907     0.1491 5.5670e-02  1025.0912     7.3032    24.9325     8.2502    251.551    9.77770  298.12403     84.378 -9.990e-29
