CalculateIndicators/WaterTemperature/Data/CTD_NYOS/20240427_C14.cnv
* Sea-Bird SBE 9 Data File:
* FileName = C:\Seabird 9 CTD\Data\2024\202404_offshore\20240427_C14.hex
* Software Version Seasave V 7.23.2
* Temperature SN = 4590
* Conductivity SN = 3228
* Number of Bytes Per Scan = 44
* Number of Voltage Words = 5
* Number of Scans Averaged by the Deck Unit = 1
* NMEA Latitude = 39 32.61 N
* NMEA Longitude = 072 14.62 W
* NMEA UTC (Time) = Apr 27 2024  12:43:15
* NMEA baud rate = 4800
** Ship: Seawolf
** Station: 9.6
** Operator: TCM
# nquan = 18
# nvalues = 20401                       
# units = specified
# name 0 = latitude: Latitude [deg]
# name 1 = longitude: Longitude [deg]
# name 2 = prDM: Pressure, Digiquartz [db]
# name 3 = depSM: Depth [salt water, m]
# name 4 = t090C: Temperature [ITS-90, deg C]
# name 5 = sal00: Salinity, Practical [PSU]
# name 6 = ph: pH
# name 7 = flECO-AFL: Fluorescence, WET Labs ECO-AFL/FL [mg/m^3]
# name 8 = cpar: CPAR/Corrected Irradiance [%]
# name 9 = density00: Density [density, kg/m^3]
# name 10 = potemp090C: Potential Temperature [ITS-90, deg C]
# name 11 = sigma-é00: Density [sigma-theta, kg/m^3]
# name 12 = sbeox0Mg/L: Oxygen, SBE 43 [mg/l]
# name 13 = sbox0Mm/Kg: Oxygen, SBE 43 [umol/kg]
# name 14 = oxsolMg/L: Oxygen Saturation, Garcia & Gordon [mg/l]
# name 15 = oxsolMm/Kg: Oxygen Saturation, Garcia & Gordon [umol/kg]
# name 16 = sbeox0PS: Oxygen, SBE 43 [% saturation]
# name 17 = flag:  0.000e+00
# span 0 =   39.54064,   39.54352       
# span 1 =  -72.24712,  -72.24366       
# span 2 =      1.567,    135.146       
# span 3 =      1.555,    134.072       
# span 4 =     5.7806,    12.3243       
# span 5 =    32.1534,    35.0360       
# span 6 =      7.965,      8.094       
# span 7 =    -0.0927,     1.2639       
# span 8 = 4.6889e-14, 1.1078e+02       
# span 9 =  1025.1243,  1027.1705       
# span 10 =     5.7766,    12.3088      
# span 11 =    25.1138,    26.5699      
# span 12 =     6.4780,    10.3991      
# span 13 =    197.202,    317.003      
# span 14 =    8.58915,   10.10411      
# span 15 =  261.47109,  307.92366      
# span 16 =     75.316,    107.214      
# span 17 = 0.0000e+00, 0.0000e+00      
# interval = seconds: 0.0416667
# start_time = Apr 27 2024 12:43:16 [System UTC, first data scan.]
# bad_flag = -9.990e-29
*END*
[from data line 7880]
   39.54242  -72.24504    115.585    114.672    12.2448    34.9605 -9.990e-29    -0.0792 5.2152e-14  1027.0289    12.2296    26.5141     6.8732    209.245    8.60612  261.99915     79.865 0.0000e+00
   39.54242  -72.24504    115.556    114.644    12.2450    34.9604 -9.990e-29    -0.0658 5.2152e-14  1027.0283    12.2297    26.5141     6.8782    209.398    8.60660  262.01474     79.918 0.0000e+00
   39.54242  -72.24504    115.544    114.631    12.2445    34.9608 -9.990e-29    -0.0524 5.2206e-14  1027.0291    12.2293    26.5145     6.8840    209.572    8.60747  262.04115     79.977 0.0000e+00
   39.54242  -72.24504    115.513    114.601    12.2448    34.9615 -9.990e-29    -0.0524 5.2206e-14  1027.0295    12.2296    26.5151     6.8787    209.411    8.60769  262.04726     79.913 0.0000e+00
   39.54242  -72.24504    115.494    114.581    12.2450    34.9619 -9.990e-29    -0.0658 5.2260e-14  1027.0300    12.2298    26.5153     6.8774    209.372    8.60733  262.03592     79.902 0.0000e+00
   39.54242  -72.24504    115.481    114.569    12.2457    34.9620 -9.990e-29    -0.0658 5.2260e-14  1027.0292    12.2305    26.5152     6.8821    209.513    8.60712  262.02943     79.958 0.0000e+00
   39.54242  -72.24504    115.451    114.539    12.2458    34.9619 -9.990e-29    -0.0658 5.2314e-14  1027.0295    12.2306    26.5151     6.8768    209.352    8.60750  262.04146     79.893 0.0000e+00
   39.54242  -72.24504    115.442    114.530    12.2460    34.9615 -9.990e-29    -0.0658 5.2314e-14  1027.0291    12.2308    26.5148     6.8818    209.505    8.60831  262.06645     79.943 0.0000e+00
   39.54242  -72.24504    115.420    114.508    12.2463    34.9608 -9.990e-29    -0.0658 5.2314e-14  1027.0281    12.2311    26.5142     6.8812    209.488    8.60851  262.07230     79.935 0.0000e+00
   39.54242  -72.24504    115.399    114.488    12.2462    34.9602 -9.990e-29    -0.0658 5.2368e-14  1027.0274    12.2310    26.5138     6.8809    209.477    8.60846  262.07100     79.932 0.0000e+00
   39.54242  -72.24504    115.380    114.468    12.2459    34.9602 -9.990e-29    -0.0658 5.2368e-14  1027.0273    12.2307    26.5138     6.8805    209.466    8.60867  262.07697     79.925 0.0000e+00
   39.54242  -72.24504    115.357    114.446    12.2458    34.9605 -9.990e-29    -0.0658 5.2422e-14  1027.0279    12.2306    26.5141     6.8798    209.443    8.60873  262.07843     79.916 0.0000e+00
   39.54242  -72.24504    115.348    114.437    12.2458    34.9608 -9.990e-29    -0.0658 5.2422e-14  1027.0282    12.2306    26.5143     6.8795    209.436    8.60889  262.08353     79.912 0.0000e+00
   39.54242  -72.24504    115.319    114.408    12.2459    34.9607 -9.990e-29    -0.0658 5.2477e-14  1027.0276    12.2307    26.5142     6.8846    209.591    8.60918  262.09234     79.968 0.0000e+00
   39.54242  -72.24504    115.306    114.395    12.2457    34.9605 -9.990e-29    -0.0658 5.2477e-14  1027.0274    12.2305    26.5141     6.8846    209.590    8.60938  262.09823     79.966 0.0000e+00
   39.54242  -72.24504    115.285    114.375    12.2453    34.9603 -9.990e-29    -0.0524 5.2531e-14  1027.0275    12.2301    26.5139     6.8843    209.580    8.60947  262.10072     79.962 0.0000e+00
   39.54242  -72.24504    115.264    114.354    12.2450    34.9599 -9.990e-29    -0.0658 5.2531e-14  1027.0269    12.2298    26.5137     6.8837    209.564    8.60964  262.10611     79.954 0.0000e+00
   39.54242  -72.24504    115.256    114.346    12.2448    34.9597 -9.990e-29    -0.0658 5.2531e-14  1027.0267    12.2297    26.5136     6.8890    209.724    8.60975  262.10944     80.014 0.0000e+00
   39.54242  -72.24504    115.234    114.324    12.2451    34.9597 -9.990e-29    -0.0658 5.2531e-14  1027.0270    12.2299    26.5136     6.8892    209.731    8.60980  262.11095     80.016 0.0000e+00
   39.54242  -72.24504    115.213    114.303    12.2457    34.9594 -9.990e-29    -0.0658 5.2586e-14  1027.0263    12.2305    26.5133     6.8891    209.727    8.60973  262.10888     80.015 0.0000e+00
 -9.990e-29  -72.24504    115.195    114.285    12.2458    34.9591 -9.990e-29    -0.0658 5.2586e-14  1027.0259    12.2306    26.5130     6.8888    209.718    8.60974  262.10915     80.012 0.0000e+00
 -9.990e-29  -72.24504    115.192    114.282    12.2458    34.9589 -9.990e-29    -0.0524 5.2640e-14  1027.0258    12.2306    26.5128     6.8888    209.719    8.60963  262.10576     80.013 0.0000e+00
 -9.990e-29  -72.24504    115.161    114.252    12.2458    34.9588 -9.990e-29    -0.0658 5.2640e-14  1027.0256    12.2307    26.5127     6.8933    209.855    8.60948  262.10121     80.066 0.0000e+00
 -9.990e-29  -72.24504    115.150    114.241    12.2463    34.9587 -9.990e-29    -0.0658 5.2640e-14  1027.0253    12.2311    26.5126     6.8882    209.701    8.60951  262.10225     80.007 0.0000e+00
 -9.990e-29  -72.24504    115.123    114.213    12.2463    34.9585 -9.990e-29    -0.0524 5.2695e-14  1027.0251    12.2312    26.5124     6.8931    209.850    8.60961  262.10545     80.063 0.0000e+00
 -9.990e-29  -72.24504    115.109    114.200    12.2461    34.9584 -9.990e-29    -0.0524 5.2695e-14  1027.0250    12.2309    26.5124     6.8939    209.872    8.60988  262.11401     80.069 0.0000e+00
 -9.990e-29  -72.24504    115.099    114.190    12.2461    34.9583 -9.990e-29    -0.0524 5.2695e-14  1027.0249    12.2309    26.5123     6.8938    209.871    8.61029  262.12644     80.065 0.0000e+00
 -9.990e-29  -72.24504    115.070    114.161    12.2462    34.9583 -9.990e-29    -0.0524 5.2695e-14  1027.0247    12.2310    26.5123     6.8934    209.860    8.61060  262.13587     80.058 -9.990e-29
 -9.990e-29  -72.24504    115.068    114.160    12.2466    34.9583 -9.990e-29    -0.0524 5.2750e-14  1027.0246    12.2315    26.5123     6.8988    210.023    8.61079  262.14139     80.118 -9.990e-29
 -9.990e-29  -72.24504    115.036    114.128    12.2467    34.9583 -9.990e-29    -0.0524 5.2750e-14  1027.0246    12.2315    26.5122     6.8936    209.865    8.61081  262.14181     80.058 -9.990e-29
 -9.990e-29  -72.24504    115.036    114.128    12.2469    34.9582 -9.990e-29    -0.0524 5.2750e-14  1027.0241    12.2318    26.5120     6.8929    209.842    8.61072  262.13877     80.050 -9.990e-29
 -9.990e-29  -72.24504    115.009    114.100    12.2472    34.9581 -9.990e-29    -0.0389 5.2750e-14  1027.0240    12.2321    26.5119     6.8981    210.000    8.61072  262.13899     80.110 0.0000e+00
 -9.990e-29  -72.24504    114.996    114.088    12.2475    34.9581 -9.990e-29    -0.0524 5.2750e-14  1027.0240    12.2323    26.5119     6.8983    210.006    8.61068  262.13798     80.113 0.0000e+00
 -9.990e-29  -72.24504    114.975    114.067    12.2473    34.9580 -9.990e-29    -0.0524 5.2805e-14  1027.0238    12.2321    26.5118     6.8983    210.007    8.61070  262.13874     80.113 0.0000e+00
 -9.990e-29  -72.24504    114.964    114.056    12.2473    34.9580 -9.990e-29    -0.0524 5.2805e-14  1027.0237    12.2322    26.5118     6.8982    210.003    8.61079  262.14154     80.111 0.0000e+00
 -9.990e-29  -72.24504    114.946    114.038    12.2475    34.9580 -9.990e-29    -0.0524 5.2805e-14  1027.0239    12.2323    26.5118     6.9032    210.156    8.61084  262.14297     80.168 0.0000e+00
 -9.990e-29  -72.24504    114.933    114.026    12.2475    34.9578 -9.990e-29    -0.0524 5.2805e-14  1027.0233    12.2324    26.5116     6.9032    210.155    8.61082  262.14210     80.168 0.0000e+00
 -9.990e-29  -72.24504    114.913    114.005    12.2475    34.9576 -9.990e-29    -0.0524 5.2860e-14  1027.0231    12.2323    26.5114     6.9028    210.143    8.61069  262.13831     80.165 0.0000e+00
 -9.990e-29  -72.24504    114.903    113.995    12.2468    34.9574 -9.990e-29    -0.0524 5.2860e-14  1027.0231    12.2316    26.5114     6.8975    209.983    8.61063  262.13645     80.104 0.0000e+00
 -9.990e-29  -72.24504    114.874    113.967    12.2465    34.9574 -9.990e-29    -0.0389 5.2860e-14  1027.0230    12.2314    26.5115     6.9023    210.128    8.61065  262.13709     80.160 0.0000e+00
 -9.990e-29  -72.24504    114.861    113.954    12.2465    34.9573 -9.990e-29    -0.0524 5.2860e-14  1027.0230    12.2313    26.5115     6.9069    210.268    8.61081  262.14205     80.212 0.0000e+00
 -9.990e-29  -72.24504    114.851    113.944    12.2463    34.9573 -9.990e-29    -0.0389 5.2860e-14  1027.0229    12.2312    26.5115     6.9071    210.276    8.61095  262.14621     80.213 0.0000e+00
 -9.990e-29  -72.24504    114.840    113.933    12.2461    34.9575 -9.990e-29    -0.0524 5.2860e-14  1027.0230    12.2310    26.5116     6.9079    210.300    8.61119  262.15360     80.220 0.0000e+00
 -9.990e-29  -72.24504    114.813    113.906    12.2463    34.9576 -9.990e-29    -0.0524 5.2860e-14  1027.0231    12.2312    26.5117     6.9086    210.321    8.61157  262.16516     80.225 0.0000e+00
 -9.990e-29  -72.24504    114.810    113.903    12.2463    34.9574 -9.990e-29    -0.0524 5.2915e-14  1027.0228    12.2312    26.5115     6.9089    210.330    8.61173  262.17014     80.227 0.0000e+00
 -9.990e-29  -72.24504    114.789    113.882    12.2468    34.9573 -9.990e-29    -0.0389 5.2915e-14  1027.0223    12.2316    26.5114     6.9082    210.309    8.61179  262.17206     80.218 0.0000e+00
 -9.990e-29  -72.24504    114.768    113.862    12.2467    34.9572 -9.990e-29    -0.0524 5.2915e-14  1027.0226    12.2316    26.5113     6.9135    210.469    8.61200  262.17818     80.277 0.0000e+00
 -9.990e-29  -72.24504    114.750    113.844    12.2468    34.9567 -9.990e-29    -0.0524 5.2915e-14  1027.0223    12.2316    26.5109     6.9136    210.475    8.61210  262.18123     80.278 0.0000e+00
 -9.990e-29  -72.24504    114.747    113.841    12.2468    34.9550 -9.990e-29    -0.0524 5.2915e-14  1027.0214    12.2316    26.5097     6.9136    210.472    8.61217  262.18347     80.277 0.0000e+00
 -9.990e-29  -72.24504    114.726    113.820    12.2455    34.9527 -9.990e-29    -0.0658 5.2915e-14  1027.0179    12.2304    26.5083     6.9131    210.458    8.61210  262.18136     80.272 0.0000e+00
 -9.990e-29  -72.24504    114.705    113.800    12.2409    34.9520 -9.990e-29    -0.0658 5.2915e-14  1027.0180    12.2258    26.5083     6.9132    210.461    8.61216  262.18323     80.272 0.0000e+00
 -9.990e-29  -72.24504    114.687    113.782    12.2388    34.9534 -9.990e-29    -0.0792 5.2915e-14  1027.0206    12.2237    26.5097     6.9139    210.482    8.61240  262.19051     80.278 0.0000e+00
 -9.990e-29  -72.24504    114.675    113.769    12.2400    34.9551 -9.990e-29    -0.0792 5.2915e-14  1027.0224    12.2249    26.5110     6.9136    210.472    8.61245  262.19188     80.274 0.0000e+00
 -9.990e-29  -72.24504    114.665    113.760    12.2410    34.9553 -9.990e-29    -0.0658 5.2915e-14  1027.0226    12.2259    26.5111     6.9183    210.617    8.61237  262.18957     80.330 0.0000e+00
 -9.990e-29  -72.24504    114.633    113.728    12.2398    34.9537 -9.990e-29    -0.0792 5.2915e-14  1027.0203    12.2247    26.5101     6.9134    210.466    8.61229  262.18714     80.273 -9.990e-29
 -9.990e-29  -72.24504    114.633    113.728    12.2361    34.9522 -9.990e-29    -0.0792 5.2915e-14  1027.0190    12.2210    26.5093     6.9124    210.437    8.61236  262.18937     80.261 -9.990e-29
 -9.990e-29  -72.24504    114.615    113.710    12.2346    34.9517 -9.990e-29    -0.0792 5.2915e-14  1027.0201    12.2195    26.5093     6.9173    210.585    8.61240  262.19051     80.318 0.0000e+00
 -9.990e-29  -72.24504    114.612    113.707    12.2351    34.9519 -9.990e-29    -0.0792 5.2915e-14  1027.0194    12.2200    26.5095     6.9171    210.578    8.61229  262.18671     80.316 0.0000e+00
 -9.990e-29  -72.24504    114.593    113.688    12.2336    34.9525 -9.990e-29    -0.0792 5.2860e-14  1027.0205    12.2185    26.5101     6.9165    210.562    8.61205  262.17921     80.312 -9.990e-29
 -9.990e-29  -72.24504    114.593    113.688    12.2329    34.9531 -9.990e-29    -0.0792 5.2860e-14  1027.0215    12.2179    26.5108     6.9157    210.538    8.61177  262.17097     80.305 -9.990e-29
 -9.990e-29  -72.24504    114.572    113.667    12.2321    34.9531 -9.990e-29    -0.0792 5.2860e-14  1027.0214    12.2170    26.5110     6.9149    210.513    8.61176  262.17095     80.296 0.0000e+00
 -9.990e-29  -72.24504    114.564    113.659    12.2308    34.9530 -9.990e-29    -0.0658 5.2805e-14  1027.0209    12.2157    26.5112     6.9197    210.659    8.61218  262.18412     80.348 0.0000e+00
 -9.990e-29  -72.24504    114.540    113.636    12.2292    34.9534 -9.990e-29    -0.0792 5.2750e-14  1027.0221    12.2142    26.5117     6.9148    210.511    8.61269  262.19991     80.287 0.0000e+00
 -9.990e-29  -72.24504    114.530    113.626    12.2288    34.9536 -9.990e-29    -0.0792 5.2750e-14  1027.0222    12.2137    26.5120     6.9198    210.664    8.61310  262.21232     80.341 0.0000e+00
 -9.990e-29  -72.24504    114.509    113.605    12.2279    34.9535 -9.990e-29    -0.0792 5.2695e-14  1027.0220    12.2128    26.5121     6.9144    210.499    8.61345  262.22310     80.275 0.0000e+00
 -9.990e-29  -72.24504    114.491    113.587    12.2273    34.9534 -9.990e-29    -0.0792 5.2695e-14  1027.0221    12.2122    26.5121     6.9191    210.640    8.61388  262.23638     80.325 0.0000e+00
 -9.990e-29  -72.24504    114.468    113.564    12.2271    34.9533 -9.990e-29    -0.0792 5.2695e-14  1027.0219    12.2120    26.5120     6.9192    210.644    8.61410  262.24290     80.324 0.0000e+00
 -9.990e-29  -72.24504    114.458    113.554    12.2276    34.9532 -9.990e-29    -0.0792 5.2640e-14  1027.0214    12.2125    26.5119     6.9190    210.638    8.61412  262.24316     80.322 0.0000e+00
 -9.990e-29  -72.24504    114.437    113.534    12.2274    34.9532 -9.990e-29    -0.0792 5.2640e-14  1027.0216    12.2123    26.5119     6.9186    210.624    8.61409  262.24180     80.317 0.0000e+00
 -9.990e-29  -72.24504    114.427    113.524    12.2279    34.9532 -9.990e-29    -0.0792 5.2640e-14  1027.0217    12.2129    26.5119     6.9179    210.605    8.61408  262.24151     80.310 0.0000e+00
 -9.990e-29  -72.24504    114.398    113.495    12.2289    34.9530 -9.990e-29    -0.0792 5.2640e-14  1027.0211    12.2138    26.5115     6.9172    210.583    8.61414  262.24340     80.301 0.0000e+00
 -9.990e-29  -72.24504    114.395    113.492    12.2289    34.9524 -9.990e-29    -0.0792 5.2586e-14  1027.0205    12.2139    26.5111     6.9170    210.576    8.61424  262.24623     80.297 0.0000e+00
 -9.990e-29  -72.24504    114.375    113.472    12.2286    34.9516 -9.990e-29    -0.0792 5.2586e-14  1027.0200    12.2135    26.5106     6.9159    210.543    8.61432  262.24872     80.284 0.0000e+00
 -9.990e-29  -72.24504    114.355    113.452    12.2274    34.9507 -9.990e-29    -0.0658 5.2586e-14  1027.0192    12.2124    26.5101     6.9153    210.525    8.61440  262.25114     80.276 0.0000e+00
 -9.990e-29  -72.24504    114.334    113.432    12.2254    34.9500 -9.990e-29    -0.0792 5.2586e-14  1027.0188    12.2104    26.5098     6.9144    210.497    8.61430  262.24791     80.267 0.0000e+00
 -9.990e-29  -72.24504    114.323    113.421    12.2238    34.9498 -9.990e-29    -0.0792 5.2531e-14  1027.0187    12.2088    26.5100     6.9188    210.630    8.61421  262.24510     80.318 0.0000e+00
 -9.990e-29  -72.24504    114.307    113.404    12.2224    34.9505 -9.990e-29    -0.0658 5.2531e-14  1027.0197    12.2074    26.5107     6.9183    210.617    8.61436  262.24970     80.312 0.0000e+00
 -9.990e-29  -72.24504    114.293    113.390    12.2219    34.9514 -9.990e-29    -0.0792 5.2531e-14  1027.0209    12.2068    26.5115     6.9184    210.621    8.61453  262.25525     80.311 0.0000e+00
 -9.990e-29  -72.24504    114.272    113.370    12.2223    34.9517 -9.990e-29    -0.0658 5.2477e-14  1027.0211    12.2072    26.5118     6.9123    210.432    8.61462  262.25811     80.239 0.0000e+00
