CalculateIndicators/WaterTemperature/Data/CTD_NYOS/20240913_C13.cnv
* Sea-Bird SBE 9 Data File:
* FileName = C:\Seabird 9 CTD\Data\2024\202409_offshore\20240913_C13.hex
* Software Version Seasave V 7.23.2
* Temperature SN = 4590
* Conductivity SN = 3228
* Number of Bytes Per Scan = 44
* Number of Voltage Words = 5
* Number of Scans Averaged by the Deck Unit = 1
* NMEA Latitude = 39 19.48 N
* NMEA Longitude = 072 05.45 W
* NMEA UTC (Time) = Sep 13 2024  02:40:20
* NMEA baud rate = 4800
** Ship: Seawolf
** Station: 9.7a
** Operator: TCM
# nquan = 18
# nvalues = 19715                       
# units = specified
# name 0 = latitude: Latitude [deg]
# name 1 = longitude: Longitude [deg]
# name 2 = prDM: Pressure, Digiquartz [db]
# name 3 = depSM: Depth [salt water, m]
# name 4 = t090C: Temperature [ITS-90, deg C]
# name 5 = sal00: Salinity, Practical [PSU]
# name 6 = ph: pH
# name 7 = flECO-AFL: Fluorescence, WET Labs ECO-AFL/FL [mg/m^3]
# name 8 = cpar: CPAR/Corrected Irradiance [%]
# name 9 = density00: Density [density, kg/m^3]
# name 10 = potemp090C: Potential Temperature [ITS-90, deg C]
# name 11 = sigma-é00: Density [sigma-theta, kg/m^3]
# name 12 = sbeox0Mg/L: Oxygen, SBE 43 [mg/l]
# name 13 = sbox0Mm/Kg: Oxygen, SBE 43 [umol/kg]
# name 14 = oxsolMg/L: Oxygen Saturation, Garcia & Gordon [mg/l]
# name 15 = oxsolMm/Kg: Oxygen Saturation, Garcia & Gordon [umol/kg]
# name 16 = sbeox0PS: Oxygen, SBE 43 [% saturation]
# name 17 = flag:  0.000e+00
# span 0 =   39.32474,   39.32670       
# span 1 =  -72.09578,  -72.09082       
# span 2 =      1.308,    101.905       
# span 3 =      1.298,    101.105       
# span 4 =    14.0678,    24.0668       
# span 5 =    33.0745,    35.6115       
# span 6 =      8.014,      8.251       
# span 7 =    -0.0792,     0.5654       
# span 8 = 1.6880e-11, 4.8788e+01       
# span 9 =  1022.5293,  1027.0966       
# span 10 =    14.0531,    24.0632      
# span 11 =    22.5180,    26.6485      
# span 12 =     5.0292,     8.6551      
# span 13 =    153.086,    263.952      
# span 14 =    6.92293,    8.25702      
# span 15 =  211.51986,  251.33795      
# span 16 =     60.919,    113.140      
# span 17 = 0.0000e+00, 0.0000e+00      
# interval = seconds: 0.0416667
# start_time = Sep 13 2024 02:40:21 [System UTC, first data scan.]
# bad_flag = -9.990e-29
*END*
[from data line 18332]
   39.32654  -72.09544      7.340      7.284    22.8508    33.0852      8.222    -0.0255 1.6880e-11  1022.5565    22.8493    22.5250     6.7701    206.907    7.10575  217.16629     95.276 -9.990e-29
   39.32654  -72.09544      7.340      7.284    22.8508    33.0851      8.222    -0.0255 1.6880e-11  1022.5565    22.8493    22.5249     6.7624    206.672    7.10581  217.16813     95.167 -9.990e-29
   39.32654  -72.09544      7.319      7.263    22.8508    33.0848      8.222    -0.0255 1.6880e-11  1022.5561    22.8493    22.5248     6.7662    206.790    7.10588  217.17067     95.220 0.0000e+00
   39.32654  -72.09544      7.303      7.247    22.8508    33.0846      8.222    -0.0255 1.6880e-11  1022.5559    22.8493    22.5245     6.7662    206.791    7.10595  217.17264     95.219 -9.990e-29
   39.32654  -72.09544      7.310      7.254    22.8508    33.0843      8.222    -0.0255 1.6880e-11  1022.5558    22.8493    22.5243     6.7621    206.663    7.10599  217.17403     95.160 -9.990e-29
   39.32654  -72.09544      7.289      7.233    22.8506    33.0838      8.222    -0.0255 1.6880e-11  1022.5551    22.8491    22.5241     6.7663    206.791    7.10604  217.17522     95.219 -9.990e-29
   39.32654  -72.09544      7.289      7.233    22.8504    33.0838      8.222    -0.0255 1.6880e-11  1022.5552    22.8489    22.5241     6.7659    206.781    7.10608  217.17635     95.213 -9.990e-29
   39.32654  -72.09544      7.271      7.216    22.8504    33.0841      8.222    -0.0255 1.6880e-11  1022.5556    22.8489    22.5243     6.7659    206.780    7.10608  217.17626     95.213 0.0000e+00
   39.32654  -72.09544      7.268      7.213    22.8501    33.0843      8.222    -0.0255 1.6880e-11  1022.5559    22.8486    22.5245     6.7659    206.779    7.10610  217.17689     95.212 0.0000e+00
   39.32654  -72.09544      7.259      7.203    22.8501    33.0841      8.222    -0.0255 1.6880e-11  1022.5555    22.8486    22.5244     6.7652    206.759    7.10610  217.17696     95.203 0.0000e+00
   39.32654  -72.09544      7.249      7.194    22.8499    33.0839      8.222    -0.0255 1.6880e-11  1022.5554    22.8484    22.5243     6.7693    206.882    7.10607  217.17582     95.260 0.0000e+00
   39.32654  -72.09544      7.241      7.186    22.8497    33.0836      8.222    -0.0255 1.6880e-11  1022.5551    22.8482    22.5241     6.7612    206.635    7.10606  217.17558     95.147 0.0000e+00
   39.32654  -72.09544      7.219      7.164    22.8497    33.0835      8.222    -0.0255 1.6880e-11  1022.5550    22.8482    22.5241     6.7646    206.741    7.10606  217.17576     95.195 -9.990e-29
   39.32654  -72.09544      7.229      7.173    22.8493    33.0835      8.222    -0.0255 1.6880e-11  1022.5551    22.8479    22.5242     6.7642    206.729    7.10608  217.17630     95.189 -9.990e-29
   39.32654  -72.09544      7.198      7.143    22.8493    33.0836      8.222    -0.0255 1.6880e-11  1022.5552    22.8479    22.5243     6.7635    206.706    7.10607  217.17633     95.179 0.0000e+00
   39.32654  -72.09544      7.190      7.135    22.8491    33.0837      8.222    -0.0255 1.6880e-11  1022.5552    22.8477    22.5244     6.7634    206.704    7.10612  217.17772     95.177 0.0000e+00
   39.32654  -72.09544      7.178      7.123    22.8490    33.0836      8.222    -0.0255 1.6880e-11  1022.5553    22.8475    22.5244     6.7591    206.573    7.10613  217.17788     95.117 -9.990e-29
   39.32654  -72.09544      7.178      7.123    22.8490    33.0834      8.222    -0.0255 1.6880e-11  1022.5549    22.8475    22.5243     6.7581    206.543    7.10620  217.18027     95.102 -9.990e-29
   39.32654  -72.09544      7.141      7.086    22.8488    33.0832      8.222    -0.0255 1.6880e-11  1022.5548    22.8474    22.5241     6.7620    206.661    7.10633  217.18447     95.154 -9.990e-29
   39.32654  -72.09544      7.157      7.103    22.8484    33.0828      8.222    -0.0255 1.6880e-11  1022.5547    22.8470    22.5238     6.7620    206.661    7.10648  217.18888     95.153 -9.990e-29
   39.32654  -72.09544      7.127      7.073    22.8484    33.0822      8.222    -0.0255 1.6880e-11  1022.5538    22.8470    22.5234     6.7658    206.777    7.10655  217.19108     95.205 -9.990e-29
   39.32654  -72.09544      7.127      7.073    22.8482    33.0817      8.222    -0.0255 1.6880e-11  1022.5534    22.8468    22.5231     6.7577    206.530    7.10662  217.19308     95.090 -9.990e-29
   39.32654  -72.09544      7.099      7.045    22.8477    33.0817      8.222    -0.0255 1.6880e-11  1022.5537    22.8463    22.5231     6.7573    206.517    7.10664  217.19381     95.084 0.0000e+00
   39.32656  -72.09546      7.087      7.033    22.8474    33.0817      8.222    -0.0255 1.6880e-11  1022.5537    22.8459    22.5233     6.7656    206.770    7.10673  217.19620     95.200 0.0000e+00
   39.32656  -72.09546      7.076      7.022    22.8474    33.0819      8.222    -0.0255 1.6880e-11  1022.5536    22.8460    22.5235     6.7620    206.660    7.10676  217.19720     95.149 0.0000e+00
   39.32656  -72.09546      7.066      7.013    22.8470    33.0821      8.222    -0.0255 1.6880e-11  1022.5541    22.8456    22.5237     6.7539    206.414    7.10681  217.19859     95.035 0.0000e+00
   39.32656  -72.09546      7.048      6.995    22.8468    33.0823      8.222    -0.0255 1.6880e-11  1022.5542    22.8454    22.5239     6.7577    206.530    7.10680  217.19820     95.088 0.0000e+00
   39.32656  -72.09546      7.015      6.962    22.8467    33.0823      8.222    -0.0255 1.6880e-11  1022.5541    22.8452    22.5240     6.7619    206.656    7.10679  217.19802     95.146 0.0000e+00
   39.32656  -72.09546      7.006      6.953    22.8470    33.0825      8.222    -0.0255 1.6880e-11  1022.5539    22.8456    22.5241     6.7538    206.411    7.10679  217.19794     95.034 0.0000e+00
   39.32656  -72.09546      6.998      6.944    22.8468    33.0828      8.222    -0.0255 1.6880e-11  1022.5544    22.8454    22.5243     6.7577    206.529    7.10677  217.19729     95.088 0.0000e+00
   39.32656  -72.09546      6.965      6.912    22.8468    33.0832      8.222    -0.0255 1.6880e-11  1022.5544    22.8454    22.5246     6.7619    206.659    7.10680  217.19830     95.147 0.0000e+00
   39.32656  -72.09546      6.955      6.902    22.8467    33.0836      8.222    -0.0255 1.6880e-11  1022.5549    22.8453    22.5249     6.7578    206.533    7.10679  217.19807     95.090 0.0000e+00
   39.32656  -72.09546      6.934      6.882    22.8470    33.0841      8.222    -0.0255 1.6880e-11  1022.5549    22.8456    22.5253     6.7579    206.535    7.10677  217.19731     95.091 0.0000e+00
   39.32656  -72.09546      6.917      6.864    22.8468    33.0847      8.222    -0.0255 1.6880e-11  1022.5555    22.8455    22.5257     6.7580    206.539    7.10679  217.19804     95.093 0.0000e+00
   39.32656  -72.09546      6.895      6.842    22.8468    33.0849      8.222    -0.0255 1.6880e-11  1022.5557    22.8455    22.5259     6.7623    206.670    7.10679  217.19779     95.153 0.0000e+00
   39.32656  -72.09546      6.864      6.812    22.8476    33.0848      8.222    -0.0255 1.6880e-11  1022.5550    22.8462    22.5257     6.7583    206.546    7.10677  217.19722     95.096 0.0000e+00
   39.32656  -72.09546      6.856      6.804    22.8479    33.0847      8.222    -0.0255 1.6880e-11  1022.5548    22.8465    22.5255     6.7543    206.425    7.10677  217.19741     95.040 0.0000e+00
   39.32656  -72.09546      6.823      6.771    22.8479    33.0847      8.222    -0.0255 1.6880e-11  1022.5548    22.8465    22.5255     6.7580    206.539    7.10680  217.19816     95.092 0.0000e+00
   39.32656  -72.09546      6.804      6.752    22.8482    33.0846      8.222    -0.0255 1.6880e-11  1022.5546    22.8469    22.5253     6.7541    206.418    7.10680  217.19822     95.037 0.0000e+00
   39.32656  -72.09546      6.786      6.734    22.8484    33.0844      8.222    -0.0255 1.6880e-11  1022.5540    22.8471    22.5251     6.7536    206.405    7.10674  217.19651     95.031 0.0000e+00
   39.32656  -72.09546      6.742      6.691    22.8484    33.0842      8.222    -0.0255 1.6880e-11  1022.5539    22.8471    22.5249     6.7574    206.521    7.10673  217.19618     95.085 0.0000e+00
   39.32656  -72.09546      6.732      6.681    22.8488    33.0841      8.222    -0.0255 1.6880e-11  1022.5534    22.8475    22.5248     6.7532    206.393    7.10673  217.19606     95.026 0.0000e+00
   39.32656  -72.09546      6.702      6.651    22.8486    33.0843      8.222    -0.0255 1.6880e-11  1022.5537    22.8473    22.5249     6.7529    206.383    7.10672  217.19582     95.022 0.0000e+00
   39.32656  -72.09546      6.673      6.622    22.8488    33.0845      8.222    -0.0255 1.6880e-11  1022.5538    22.8475    22.5250     6.7526    206.374    7.10673  217.19604     95.017 0.0000e+00
   39.32656  -72.09546      6.651      6.601    22.8490    33.0846      8.222    -0.0255 1.6880e-11  1022.5534    22.8476    22.5250     6.7565    206.493    7.10672  217.19595     95.072 0.0000e+00
   39.32656  -72.09546      6.621      6.571    22.8490    33.0846      8.222    -0.0255 1.6880e-11  1022.5536    22.8476    22.5250     6.7562    206.485    7.10672  217.19583     95.068 0.0000e+00
   39.32656  -72.09546      6.592      6.542    22.8491    33.0845      8.222    -0.0389 1.6880e-11  1022.5533    22.8478    22.5249     6.7601    206.604    7.10672  217.19586     95.123 0.0000e+00
   39.32656  -72.09546      6.570      6.520    22.8493    33.0841      8.222    -0.0524 1.6880e-11  1022.5528    22.8480    22.5246     6.7567    206.497    7.10670  217.19541     95.074 0.0000e+00
   39.32656  -72.09546      6.530      6.481    22.8495    33.0835      8.222    -0.0524 1.6880e-11  1022.5522    22.8482    22.5241     6.7523    206.363    7.10671  217.19572     95.012 0.0000e+00
   39.32656  -72.09546      6.511      6.462    22.8493    33.0827      8.222    -0.0524 1.6880e-11  1022.5515    22.8480    22.5235     6.7565    206.493    7.10669  217.19515     95.072 0.0000e+00
   39.32656  -72.09546      6.489      6.440    22.8491    33.0820      8.222    -0.0524 1.6880e-11  1022.5505    22.8478    22.5231     6.7521    206.359    7.10669  217.19499     95.011 0.0000e+00
   39.32656  -72.09546      6.459      6.410    22.8486    33.0817      8.222    -0.0524 1.6880e-11  1022.5505    22.8473    22.5229     6.7519    206.353    7.10670  217.19537     95.008 0.0000e+00
   39.32656  -72.09546      6.420      6.371    22.8482    33.0819      8.222    -0.0524 1.6880e-11  1022.5505    22.8470    22.5232     6.7518    206.349    7.10670  217.19529     95.006 0.0000e+00
   39.32656  -72.09546      6.408      6.359    22.8477    33.0824      8.222    -0.0524 1.6880e-11  1022.5510    22.8464    22.5237     6.7514    206.336    7.10675  217.19675     95.000 0.0000e+00
   39.32656  -72.09546      6.370      6.321    22.8470    33.0830      8.222    -0.0524 1.6880e-11  1022.5519    22.8457    22.5243     6.7637    206.713    7.10674  217.19658     95.173 0.0000e+00
   39.32656  -72.09546      6.338      6.290    22.8470    33.0833      8.222    -0.0524 1.6880e-11  1022.5518    22.8457    22.5246     6.7562    206.484    7.10675  217.19681     95.068 0.0000e+00
   39.32656  -72.09546      6.308      6.260    22.8468    33.0833      8.222    -0.0524 1.6880e-11  1022.5517    22.8456    22.5246     6.7523    206.363    7.10675  217.19673     95.012 0.0000e+00
   39.32656  -72.09546      6.299      6.251    22.8468    33.0834      8.222    -0.0524 1.6880e-11  1022.5516    22.8456    22.5247     6.7563    206.487    7.10672  217.19598     95.069 0.0000e+00
   39.32656  -72.09546      6.246      6.198    22.8470    33.0835      8.222    -0.0524 1.6880e-11  1022.5517    22.8457    22.5248     6.7607    206.622    7.10674  217.19640     95.131 0.0000e+00
   39.32656  -72.09546      6.227      6.179    22.8470    33.0835      8.222    -0.0524 1.6880e-11  1022.5517    22.8457    22.5248     6.7616    206.650    7.10677  217.19761     95.144 0.0000e+00
   39.32656  -72.09546      6.188      6.141    22.8472    33.0832      8.222    -0.0524 1.6880e-11  1022.5510    22.8459    22.5245     6.7577    206.529    7.10674  217.19662     95.088 0.0000e+00
   39.32656  -72.09546      6.165      6.118    22.8472    33.0828      8.222    -0.0524 1.6880e-11  1022.5506    22.8459    22.5241     6.7621    206.664    7.10677  217.19744     95.150 0.0000e+00
   39.32656  -72.09546      6.137      6.091    22.8474    33.0825      8.222    -0.0524 1.6880e-11  1022.5500    22.8461    22.5239     6.7627    206.682    7.10678  217.19782     95.158 0.0000e+00
   39.32656  -72.09546      6.095      6.048    22.8470    33.0823      8.222    -0.0524 1.6880e-11  1022.5500    22.8458    22.5238     6.7591    206.572    7.10680  217.19832     95.108 0.0000e+00
   39.32656  -72.09546      6.074      6.028    22.8468    33.0821      8.222    -0.0524 1.6880e-11  1022.5502    22.8456    22.5237     6.7677    206.835    7.10680  217.19832     95.229 0.0000e+00
   39.32656  -72.09546      6.056      6.010    22.8467    33.0814      8.222    -0.0524 1.6880e-11  1022.5492    22.8454    22.5233     6.7641    206.725    7.10681  217.19872     95.178 0.0000e+00
   39.32656  -72.09546      6.014      5.968    22.8459    33.0807      8.222    -0.0524 1.6880e-11  1022.5485    22.8447    22.5229     6.7685    206.859    7.10681  217.19871     95.239 0.0000e+00
   39.32656  -72.09546      5.996      5.950    22.8449    33.0802      8.222    -0.0524 1.6880e-11  1022.5485    22.8437    22.5228     6.7651    206.757    7.10678  217.19783     95.193 0.0000e+00
   39.32656  -72.09546      5.953      5.908    22.8444    33.0801      8.222    -0.0524 1.6880e-11  1022.5483    22.8432    22.5230     6.7698    206.900    7.10680  217.19823     95.259 0.0000e+00
   39.32656  -72.09546      5.933      5.887    22.8436    33.0803      8.222    -0.0524 1.6880e-11  1022.5488    22.8424    22.5232     6.7669    206.809    7.10680  217.19822     95.217 0.0000e+00
   39.32656  -72.09546      5.904      5.859    22.8434    33.0805      8.222    -0.0524 1.6880e-11  1022.5487    22.8423    22.5235     6.7712    206.942    7.10680  217.19828     95.278 0.0000e+00
   39.32656  -72.09548      5.861      5.816    22.8427    33.0806      8.222    -0.0389 1.6880e-11  1022.5489    22.8415    22.5237     6.7717    206.957    7.10680  217.19828     95.285 0.0000e+00
   39.32656  -72.09548      5.853      5.808    22.8424    33.0808      8.222    -0.0389 1.6880e-11  1022.5491    22.8412    22.5240     6.7686    206.864    7.10681  217.19858     95.242 0.0000e+00
   39.32656  -72.09548      5.821      5.777    22.8420    33.0810      8.222    -0.0389 1.6880e-11  1022.5491    22.8408    22.5242     6.7692    206.879    7.10683  217.19930     95.249 0.0000e+00
   39.32656  -72.09548      5.791      5.747    22.8419    33.0812      8.222    -0.0389 1.6880e-11  1022.5495    22.8407    22.5244     6.7732    207.002    7.10684  217.19953     95.305 0.0000e+00
   39.32656  -72.09548      5.762      5.718    22.8420    33.0814      8.222    -0.0389 1.6880e-11  1022.5492    22.8408    22.5246     6.7736    207.016    7.10687  217.20054     95.311 0.0000e+00
   39.32656  -72.09548      5.730      5.687    22.8419    33.0816      8.222    -0.0389 1.6880e-11  1022.5494    22.8407    22.5247     6.7702    206.911    7.10687  217.20053     95.263 0.0000e+00
   39.32656  -72.09548      5.721      5.677    22.8420    33.0816      8.222    -0.0389 1.6880e-11  1022.5494    22.8409    22.5247     6.7741    207.032    7.10688  217.20093     95.318 0.0000e+00
   39.32656  -72.09548      5.680      5.636    22.8420    33.0815      8.222    -0.0389 1.6880e-11  1022.5486    22.8409    22.5246     6.7703    206.916    7.10690  217.20131     95.264 0.0000e+00
   39.32656  -72.09548      5.660      5.617    22.8419    33.0815      8.222    -0.0389 1.6880e-11  1022.5490    22.8407    22.5247     6.7707    206.927    7.10689  217.20124     95.270 0.0000e+00
