CalculateIndicators/WaterTemperature/Data/CTD_NYOS/20240914_C24.cnv
* Sea-Bird SBE 9 Data File:
* FileName = C:\Seabird 9 CTD\Data\2024\202409_offshore\20240914_C24.hex
* Software Version Seasave V 7.23.2
* Temperature SN = 4590
* Conductivity SN = 3228
* Number of Bytes Per Scan = 44
* Number of Voltage Words = 5
* Number of Scans Averaged by the Deck Unit = 1
* NMEA Latitude = 40 09.14 N
* NMEA Longitude = 072 10.44 W
* NMEA UTC (Time) = Sep 14 2024  08:19:29
* NMEA baud rate = 4800
** Ship: Seawolf
** Station: 10.4
** Operator: TCM
# nquan = 18
# nvalues = 15106                       
# units = specified
# name 0 = latitude: Latitude [deg]
# name 1 = longitude: Longitude [deg]
# name 2 = prDM: Pressure, Digiquartz [db]
# name 3 = depSM: Depth [salt water, m]
# name 4 = t090C: Temperature [ITS-90, deg C]
# name 5 = sal00: Salinity, Practical [PSU]
# name 6 = ph: pH
# name 7 = flECO-AFL: Fluorescence, WET Labs ECO-AFL/FL [mg/m^3]
# name 8 = cpar: CPAR/Corrected Irradiance [%]
# name 9 = density00: Density [density, kg/m^3]
# name 10 = potemp090C: Potential Temperature [ITS-90, deg C]
# name 11 = sigma-é00: Density [sigma-theta, kg/m^3]
# name 12 = sbeox0Mg/L: Oxygen, SBE 43 [mg/l]
# name 13 = sbox0Mm/Kg: Oxygen, SBE 43 [umol/kg]
# name 14 = oxsolMg/L: Oxygen Saturation, Garcia & Gordon [mg/l]
# name 15 = oxsolMm/Kg: Oxygen Saturation, Garcia & Gordon [umol/kg]
# name 16 = sbeox0PS: Oxygen, SBE 43 [% saturation]
# name 17 = flag:  0.000e+00
# span 0 =   40.15232,   40.15276       
# span 1 =  -72.17596,  -72.17400       
# span 2 =      1.729,     65.904       
# span 3 =      1.716,     65.388       
# span 4 =     9.7255,    22.0942       
# span 5 =    32.0940,    33.9351       
# span 6 =      7.897,      8.227       
# span 7 =    -0.0389,     0.4714       
# span 8 = 1.6880e-11, 9.9999e+04       
# span 9 =  1022.4429,  1026.1444       
# span 10 =     9.7203,    22.0918      
# span 11 =    22.4424,    25.8496      
# span 12 =     6.1306,     8.3493      
# span 13 =    186.755,    254.710      
# span 14 =    7.18491,    9.20779      
# span 15 =  219.47515,  280.65271      
# span 16 =     69.410,    108.234      
# span 17 = 0.0000e+00, 0.0000e+00      
# interval = seconds: 0.0416667
# start_time = Sep 14 2024 08:19:31 [System UTC, first data scan.]
# bad_flag = -9.990e-29
*END*
[from data line 7478]
   40.15264  -72.17508     38.137     37.841    11.7000    32.8820      7.952     0.2700 1.6880e-11  1025.1689    11.6952    25.0019     7.2809    221.971    8.82005  268.89479     82.549 0.0000e+00
   40.15264  -72.17508     38.132     37.836    11.6968    32.8666      7.947     0.2968 1.6880e-11  1025.1552    11.6920    24.9906     7.2850    222.095    8.81818  268.83728     82.613 0.0000e+00
   40.15264  -72.17508     38.128     37.831    11.6819    32.8639      7.947     0.3237 1.6880e-11  1025.1546    11.6772    24.9907     7.2834    222.050    8.81630  268.78236     82.613 -9.990e-29
   40.15264  -72.17508     38.132     37.836    11.6609    32.8753      7.947     0.3237 1.6880e-11  1025.1698    11.6561    25.0023     7.2932    222.351    8.81547  268.76038     82.732 -9.990e-29
   40.15264  -72.17508     38.122     37.826    11.6485    32.8942      7.947     0.3103 1.6880e-11  1025.1939    11.6437    25.0189     7.2993    222.540    8.81660  268.79946     82.790 0.0000e+00
   40.15264  -72.17508     38.117     37.821    11.6482    32.9084      7.947     0.3237 1.6880e-11  1025.2077    11.6435    25.0303     7.3018    222.618    8.81898  268.87429     82.796 -9.990e-29
   40.15264  -72.17508     38.122     37.826    11.6568    32.9133      7.947     0.3103 1.6880e-11  1025.2045    11.6521    25.0330     7.3143    223.000    8.82094  268.93348     82.920 -9.990e-29
   40.15264  -72.17508     38.101     37.805    11.6675    32.9165      7.947     0.3103 1.6880e-11  1025.2007    11.6628    25.0340     7.3215    223.219    8.82232  268.97460     82.989 -9.990e-29
   40.15264  -72.17508     38.117     37.821    11.6752    32.9258      7.947     0.3103 1.6880e-11  1025.2081    11.6704    25.0396     7.3287    223.437    8.82370  269.01638     83.057 -9.990e-29
   40.15264  -72.17508     38.101     37.805    11.6819    32.9391      7.952     0.3103 1.6880e-11  1025.2219    11.6772    25.0482     7.3303    223.485    8.82498  269.05491     83.063 0.0000e+00
   40.15264  -72.17508     38.097     37.801    11.6961    32.9482      7.952     0.3237 1.6880e-11  1025.2286    11.6914    25.0528     7.3350    223.628    8.82513  269.05694     83.115 0.0000e+00
   40.15264  -72.17508     38.092     37.796    11.7133    32.9471      7.947     0.3237 1.6880e-11  1025.2243    11.7085    25.0492     7.3393    223.757    8.82483  269.04767     83.166 0.0000e+00
   40.15264  -72.17508     38.081     37.785    11.7299    32.9366      7.952     0.3103 1.6880e-11  1025.2101    11.7252    25.0384     7.3390    223.747    8.82553  269.06843     83.156 -9.990e-29
   40.15264  -72.17508     38.086     37.790    11.7417    32.9221      7.952     0.3103 1.6880e-11  1025.1941    11.7370    25.0250     7.3421    223.841    8.82543  269.06313     83.193 -9.990e-29
   40.15264  -72.17508     38.071     37.775    11.7474    32.9075      7.946     0.3237 1.6880e-11  1025.1831    11.7426    25.0125     7.3440    223.898    8.82402  269.01788     83.228 -9.990e-29
   40.15264  -72.17508     38.071     37.775    11.7489    32.8929      7.952     0.3237 1.6880e-11  1025.1712    11.7441    25.0012     7.3518    224.136    8.82240  268.96967     83.331 -9.990e-29
   40.15264  -72.17508     38.056     37.760    11.7401    32.8792      7.952     0.3237 1.6880e-11  1025.1598    11.7353    24.9919     7.3499    224.078    8.82214  268.96383     83.311 -9.990e-29
   40.15264  -72.17508     38.060     37.764    11.7276    32.8700      7.947     0.3103 1.6880e-11  1025.1541    11.7228    24.9870     7.3528    224.165    8.82180  268.95173     83.348 -9.990e-29
   40.15264  -72.17508     38.035     37.740    11.7086    32.8629      7.952     0.3103 1.6880e-11  1025.1600    11.7038    24.9844     7.3552    224.237    8.82093  268.92395     83.383 -9.990e-29
   40.15264  -72.17508     38.041     37.745    11.6932    32.8500      7.952     0.3103 1.6880e-11  1025.1504    11.6885    24.9777     7.3581    224.327    8.82001  268.89634     83.425 -9.990e-29
   40.15264  -72.17508     38.020     37.725    11.6735    32.8352      7.952     0.3237 1.6880e-11  1025.1334    11.6688    24.9702     7.3647    224.528    8.81708  268.80636     83.528 0.0000e+00
   40.15264  -72.17508     38.016     37.721    11.6428    32.8347      7.952     0.3103 1.6880e-11  1025.1330    11.6381    24.9747     7.3593    224.366    8.81250  268.66902     83.510 0.0000e+00
   40.15264  -72.17508     38.010     37.715    11.6082    32.8590      7.952     0.3103 1.6880e-11  1025.1618    11.6035    24.9976     7.3591    224.359    8.80890  268.56106     83.541 0.0000e+00
   40.15264  -72.17508     37.999     37.704    11.6026    32.8944      7.952     0.3237 1.6880e-11  1025.2102    11.5979    25.0258     7.3563    224.277    8.80845  268.54874     83.514 0.0000e+00
   40.15264  -72.17508     37.984     37.689    11.6333    32.9120      7.952     0.3103 1.6880e-11  1025.2216    11.6286    25.0363     7.3610    224.425    8.81081  268.62613     83.545 0.0000e+00
   40.15264  -72.17508     37.979     37.684    11.6635    32.8994      7.952     0.3371 1.6880e-11  1025.1991    11.6588    25.0228     7.3669    224.606    8.81431  268.73468     83.579 0.0000e+00
   40.15264  -72.17508     37.965     37.670    11.6723    32.8701      7.952     0.3640 1.6880e-11  1025.1639    11.6676    24.9989     7.3654    224.553    8.81473  268.74146     83.557 0.0000e+00
   40.15264  -72.17508     37.948     37.654    11.6528    32.8516      7.952     0.3774 1.6880e-11  1025.1375    11.6481    24.9862     7.3631    224.480    8.81004  268.59468     83.576 0.0000e+00
   40.15264  -72.17508     37.928     37.633    11.6316    32.8589      7.957     0.3640 1.6880e-11  1025.1649    11.6269    24.9939     7.3618    224.443    8.80650  268.48704     83.595 0.0000e+00
   40.15264  -72.17508     37.924     37.629    11.6388    32.8737      7.952     0.3640 1.6880e-11  1025.1840    11.6341    25.0058     7.3627    224.470    8.80444  268.42384     83.625 0.0000e+00
   40.15264  -72.17508     37.908     37.614    11.6408    32.8785      7.952     0.3774 1.6880e-11  1025.1798    11.6361    25.0088     7.3585    224.346    8.80211  268.35775     83.600 0.0000e+00
   40.15264  -72.17508     37.877     37.582    11.6453    32.8742      7.957     0.3640 1.6880e-11  1025.1800    11.6406    25.0036     7.3601    224.399    8.80070  268.32111     83.631 0.0000e+00
   40.15264  -72.17508     37.873     37.578    11.6707    32.8615      7.957     0.3640 1.6880e-11  1025.1629    11.6660    24.9903     7.3567    224.297    8.80022  268.30896     83.596 0.0000e+00
   40.15264  -72.17508     37.857     37.563    11.6959    32.8396      7.957     0.3640 1.6880e-11  1025.1430    11.6912    24.9692     7.3573    224.316    8.79801  268.24297     83.624 0.0000e+00
   40.15264  -72.17508     37.827     37.533    11.7201    32.8098      7.957     0.3640 1.6880e-11  1025.1120    11.7154    24.9428     7.3578    224.331    8.79546  268.16348     83.655 0.0000e+00
   40.15264  -72.17508     37.822     37.528    11.7272    32.7824      7.957     0.3774 1.6880e-11  1025.0775    11.7225    24.9211     7.3529    224.178    8.79269  268.07422     83.625 0.0000e+00
   40.15264  -72.17508     37.795     37.502    11.7036    32.7763      7.957     0.3640 1.6880e-11  1025.0737    11.6989    24.9197     7.3525    224.159    8.79002  267.98394     83.647 0.0000e+00
   40.15264  -72.17508     37.776     37.483    11.6617    32.7985      7.957     0.3640 1.6880e-11  1025.1059    11.6570    24.9427     7.3513    224.122    8.78580  267.85525     83.673 0.0000e+00
   40.15264  -72.17508     37.751     37.458    11.6277    32.8329      7.957     0.3774 1.6880e-11  1025.1532    11.6231    24.9747     7.3494    224.070    8.78163  267.73536     83.691 0.0000e+00
   40.15264  -72.17508     37.735     37.442    11.6134    32.8577      7.957     0.3640 1.6880e-11  1025.1740    11.6088    24.9972     7.3454    223.954    8.78011  267.69714     83.660 0.0000e+00
   40.15264  -72.17508     37.704     37.411    11.6073    32.8720      7.957     0.3640 1.6880e-11  1025.1750    11.6026    25.0100     7.3477    224.024    8.78043  267.70613     83.683 0.0000e+00
   40.15264  -72.17508     37.679     37.387    11.6006    32.8892      7.957     0.3774 1.6880e-11  1025.1911    11.5959    25.0242     7.3426    223.863    8.77753  267.61290     83.652 0.0000e+00
   40.15264  -72.17508     37.663     37.370    11.6022    32.9108      7.957     0.3640 1.6880e-11  1025.2130    11.5976    25.0405     7.3426    223.864    8.77497  267.53352     83.677 0.0000e+00
   40.15264  -72.17508     37.642     37.350    11.6129    32.9288      7.962     0.3640 1.6880e-11  1025.2249    11.6082    25.0529     7.3401    223.787    8.77518  267.53915     83.646 0.0000e+00
   40.15264  -72.17508     37.608     37.316    11.6275    32.9394      7.962     0.3774 1.6880e-11  1025.2312    11.6229    25.0587     7.3367    223.677    8.77465  267.51714     83.612 0.0000e+00
   40.15264  -72.17508     37.582     37.290    11.6458    32.9431      7.962     0.3640 1.6880e-11  1025.2282    11.6411    25.0586     7.3348    223.611    8.77099  267.39633     83.625 0.0000e+00
   40.15264  -72.17508     37.561     37.269    11.6615    32.9423      7.962     0.3640 1.6880e-11  1025.2243    11.6568    25.0552     7.3377    223.700    8.76589  267.23980     83.707 0.0000e+00
   40.15264  -72.17508     37.536     37.245    11.6747    32.9405      7.962     0.3640 1.6880e-11  1025.2177    11.6700    25.0515     7.3333    223.564    8.76358  267.16849     83.679 0.0000e+00
   40.15264  -72.17508     37.510     37.219    11.6827    32.9404      7.962     0.3640 1.6880e-11  1025.2172    11.6780    25.0496     7.3340    223.585    8.76131  267.09832     83.709 0.0000e+00
   40.15264  -72.17508     37.480     37.188    11.6913    32.9396      7.962     0.3640 1.6880e-11  1025.2192    11.6866    25.0471     7.3333    223.564    8.75724  266.97299     83.740 0.0000e+00
   40.15264  -72.17508     37.455     37.164    11.7039    32.9327      7.962     0.3908 1.6880e-11  1025.2100    11.6993    25.0400     7.3253    223.324    8.75104  266.78880     83.708 0.0000e+00
   40.15264  -72.17508     37.419     37.128    11.7126    32.9190      7.962     0.4043 1.6880e-11  1025.1974    11.7079    25.0281     7.3220    223.226    8.74503  266.60965     83.728 0.0000e+00
   40.15264  -72.17508     37.409     37.119    11.7134    32.9026      7.962     0.4043 1.6880e-11  1025.1793    11.7087    25.0153     7.3121    222.926    8.73670  266.35932     83.694 0.0000e+00
   40.15264  -72.17508     37.358     37.068    11.7046    32.8911      7.962     0.4043 1.6880e-11  1025.1704    11.7000    25.0075     7.3012    222.598    8.72769  266.08834     83.656 0.0000e+00
   40.15264  -72.17508     37.333     37.043    11.6941    32.8877      7.962     0.4043 1.6880e-11  1025.1722    11.6895    25.0064     7.2967    222.464    8.72070  265.87887     83.671 0.0000e+00
   40.15264  -72.17508     37.317     37.027    11.6856    32.8883      7.967     0.4043 1.6880e-11  1025.1766    11.6809    25.0084     7.2894    222.248    8.71545  265.72521     83.638 0.0000e+00
   40.15264  -72.17508     37.266     36.976    11.6784    32.8895      7.967     0.3908 1.6880e-11  1025.1773    11.6737    25.0107     7.2909    222.300    8.71413  265.69304     83.668 0.0000e+00
   40.15264  -72.17508     37.241     36.952    11.6714    32.8925      7.962     0.4043 1.6880e-11  1025.1788    11.6667    25.0142     7.2965    222.475    8.71670  265.77671     83.707 0.0000e+00
   40.15264  -72.17508     37.215     36.926    11.6672    32.8977      7.962     0.3908 1.6880e-11  1025.1882    11.6626    25.0189     7.3027    222.662    8.71998  265.87389     83.747 0.0000e+00
   40.15264  -72.17508     37.184     36.896    11.6685    32.9018      7.967     0.4043 1.6880e-11  1025.1886    11.6639    25.0224     7.3067    222.779    8.72042  265.88129     83.789 0.0000e+00
   40.15264  -72.17508     37.143     36.855    11.6642    32.9062      7.967     0.3908 1.6880e-11  1025.1907    11.6596    25.0263     7.2982    222.517    8.71870  265.82835     83.707 0.0000e+00
   40.15264  -72.17508     37.109     36.820    11.6617    32.9137      7.967     0.3908 1.6880e-11  1025.1990    11.6571    25.0322     7.3061    222.762    8.71903  265.84127     83.795 0.0000e+00
   40.15264  -72.17508     37.082     36.794    11.6657    32.9201      7.962     0.4043 1.6880e-11  1025.2073    11.6611    25.0365     7.3031    222.670    8.72384  265.98817     83.714 0.0000e+00
   40.15264  -72.17508     37.052     36.764    11.6753    32.9204      7.967     0.3908 1.6880e-11  1025.2028    11.6707    25.0356     7.3206    223.203    8.72837  266.12649     83.871 0.0000e+00
   40.15264  -72.17508     37.022     36.734    11.6793    32.9189      7.967     0.4043 1.6880e-11  1025.1952    11.6747    25.0337     7.3224    223.258    8.73098  266.20618     83.867 0.0000e+00
   40.15264  -72.17508     36.987     36.700    11.6787    32.9219      7.962     0.4043 1.6880e-11  1025.2015    11.6741    25.0357     7.3276    223.414    8.73225  266.24167     83.914 0.0000e+00
   40.15264  -72.17508     36.960     36.673    11.6811    32.9264      7.962     0.4043 1.6880e-11  1025.2067    11.6765    25.0387     7.3327    223.568    8.73307  266.26323     83.965 0.0000e+00
   40.15264  -72.17508     36.920     36.633    11.6864    32.9294      7.962     0.3908 1.6880e-11  1025.2047    11.6818    25.0396     7.3322    223.552    8.73324  266.26929     83.957 0.0000e+00
   40.15264  -72.17508     36.889     36.603    11.7001    32.9306      7.962     0.3908 1.6880e-11  1025.2072    11.6955    25.0379     7.3358    223.662    8.73230  266.24111     84.007 0.0000e+00
   40.15264  -72.17508     36.844     36.558    11.7264    32.9286      7.967     0.4043 1.6880e-11  1025.1978    11.7218    25.0327     7.3405    223.806    8.73135  266.21076     84.071 0.0000e+00
   40.15264  -72.17508     36.818     36.532    11.7469    32.9231      7.967     0.4043 1.6880e-11  1025.1909    11.7423    25.0255     7.3456    223.958    8.73089  266.19482     84.133 0.0000e+00
   40.15264  -72.17508     36.776     36.491    11.7514    32.9123      7.967     0.3908 1.6880e-11  1025.1846    11.7468    25.0160     7.3510    224.122    8.73046  266.17992     84.200 0.0000e+00
   40.15264  -72.17508     36.757     36.472    11.7467    32.8978      7.967     0.3908 1.6880e-11  1025.1644    11.7421    25.0054     7.3559    224.272    8.72974  266.15777     84.263 0.0000e+00
   40.15264  -72.17508     36.716     36.431    11.7315    32.8932      7.967     0.3908 1.6880e-11  1025.1576    11.7270    25.0033     7.3561    224.275    8.72924  266.14085     84.269 0.0000e+00
   40.15264  -72.17508     36.681     36.396    11.7216    32.9055      7.967     0.3774 1.6880e-11  1025.1794    11.7170    25.0133     7.3602    224.399    8.72745  266.08463     84.334 0.0000e+00
   40.15264  -72.17508     36.644     36.359    11.7399    32.9214      7.967     0.3640 1.6880e-11  1025.1938    11.7353    25.0239     7.3622    224.464    8.72384  265.97734     84.392 0.0000e+00
   40.15264  -72.17508     36.614     36.329    11.7577    32.9294      7.967     0.3640 1.6880e-11  1025.1934    11.7531    25.0276     7.3678    224.635    8.72349  265.96832     84.459 0.0000e+00
   40.15264  -72.17508     36.574     36.290    11.7675    32.9270      7.967     0.3774 1.6880e-11  1025.1946    11.7630    25.0231     7.3757    224.876    8.72518  266.01976     84.534 0.0000e+00
   40.15264  -72.17508     36.542     36.258    11.7862    32.9129      7.967     0.3640 1.6880e-11  1025.1751    11.7816    25.0093     7.3832    225.102    8.72592  266.03918     84.612 0.0000e+00
