CalculateIndicators/WaterTemperature/Data/CTD_NYOS/20240912_C05.cnv
* Sea-Bird SBE 9 Data File:
* FileName = C:\Seabird 9 CTD\Data\2024\202409_offshore\20240912_C05.hex
* Software Version Seasave V 7.23.2
* Temperature SN = 4590
* Conductivity SN = 3228
* Number of Bytes Per Scan = 44
* Number of Voltage Words = 5
* Number of Scans Averaged by the Deck Unit = 1
* NMEA Latitude = 40 18.13 N
* NMEA Longitude = 073 13.61 W
* NMEA UTC (Time) = Sep 12 2024  05:53:24
* NMEA baud rate = 4800
** Ship: Seawolf
** Station: 8.2
** Operator: TCM
# nquan = 18
# nvalues = 10998                       
# units = specified
# name 0 = latitude: Latitude [deg]
# name 1 = longitude: Longitude [deg]
# name 2 = prDM: Pressure, Digiquartz [db]
# name 3 = depSM: Depth [salt water, m]
# name 4 = t090C: Temperature [ITS-90, deg C]
# name 5 = sal00: Salinity, Practical [PSU]
# name 6 = ph: pH
# name 7 = flECO-AFL: Fluorescence, WET Labs ECO-AFL/FL [mg/m^3]
# name 8 = cpar: CPAR/Corrected Irradiance [%]
# name 9 = density00: Density [density, kg/m^3]
# name 10 = potemp090C: Potential Temperature [ITS-90, deg C]
# name 11 = sigma-é00: Density [sigma-theta, kg/m^3]
# name 12 = sbeox0Mg/L: Oxygen, SBE 43 [mg/l]
# name 13 = sbox0Mm/Kg: Oxygen, SBE 43 [umol/kg]
# name 14 = oxsolMg/L: Oxygen Saturation, Garcia & Gordon [mg/l]
# name 15 = oxsolMm/Kg: Oxygen Saturation, Garcia & Gordon [umol/kg]
# name 16 = sbeox0PS: Oxygen, SBE 43 [% saturation]
# name 17 = flag:  0.000e+00
# span 0 =   40.30226,   40.30246       
# span 1 =  -73.22782,  -73.22682       
# span 2 =      1.877,     33.966       
# span 3 =      1.862,     33.702       
# span 4 =     9.7799,    20.9011       
# span 5 =    29.9969,    33.0423       
# span 6 =      7.882,      8.193       
# span 7 =     0.0819,     3.6411       
# span 8 = 1.6880e-11, 9.9999e+04       
# span 9 =  1021.7534,  1024.7185       
# span 10 =     9.7762,    20.9005      
# span 11 =    21.7485,    24.5365      
# span 12 =     7.0892,     9.6209      
# span 13 =    216.793,    293.677      
# span 14 =    7.43247,    9.25364      
# span 15 =  227.32286,  282.25892      
# span 16 =     79.988,    112.417      
# span 17 = 0.0000e+00, 0.0000e+00      
# interval = seconds: 0.0416667
# start_time = Sep 12 2024 05:53:27 [System UTC, first data scan.]
# bad_flag = -9.990e-29
*END*
[from data line 2332]
   40.30230  -73.22710     33.742     33.480     9.7824    31.8464      7.912     0.9147 1.6880e-11  1024.6794     9.7787    24.5266     7.4169    226.233    9.25238  282.21961     80.162 -9.990e-29
   40.30230  -73.22710     33.751     33.489     9.7824    31.8477      7.912     0.9147 1.6880e-11  1024.6808     9.7787    24.5276     7.4173    226.246    9.25244  282.22183     80.166 -9.990e-29
   40.30230  -73.22710     33.742     33.480     9.7822    31.8483      7.912     0.9147 1.6880e-11  1024.6815     9.7785    24.5281     7.4177    226.259    9.25248  282.22325     80.170 -9.990e-29
   40.30230  -73.22710     33.742     33.480     9.7825    31.8482      7.912     0.9147 1.6880e-11  1024.6809     9.7788    24.5279     7.4182    226.274    9.25251  282.22416     80.175 -9.990e-29
   40.30230  -73.22710     33.732     33.470     9.7825    31.8476      7.912     0.9147 1.6880e-11  1024.6803     9.7789    24.5275     7.4188    226.293    9.25258  282.22639     80.181 -9.990e-29
   40.30230  -73.22710     33.710     33.448     9.7827    31.8469      7.912     0.9147 1.6880e-11  1024.6798     9.7790    24.5269     7.4194    226.311    9.25257  282.22594     80.188 -9.990e-29
   40.30230  -73.22710     33.731     33.469     9.7828    31.8463      7.912     0.9147 1.6880e-11  1024.6790     9.7791    24.5265     7.4202    226.333    9.25262  282.22752     80.195 -9.990e-29
   40.30230  -73.22710     33.710     33.448     9.7829    31.8462      7.907     0.9147 1.6880e-11  1024.6788     9.7792    24.5264     7.4209    226.355    9.25263  282.22796     80.203 -9.990e-29
   40.30230  -73.22710     33.710     33.448     9.7828    31.8465      7.912     0.9147 1.6880e-11  1024.6794     9.7791    24.5267     7.4217    226.380    9.25264  282.22816     80.212 -9.990e-29
   40.30230  -73.22710     33.700     33.439     9.7827    31.8469      7.912     0.9147 1.6880e-11  1024.6797     9.7790    24.5269     7.4218    226.383    9.25268  282.22942     80.212 -9.990e-29
   40.30230  -73.22710     33.672     33.410     9.7830    31.8472      7.912     0.9147 1.6880e-11  1024.6797     9.7793    24.5271     7.4161    226.209    9.25271  282.23027     80.150 -9.990e-29
   40.30230  -73.22710     33.710     33.448     9.7832    31.8473      7.912     0.9147 1.6880e-11  1024.6802     9.7795    24.5272     7.4213    226.368    9.25271  282.23020     80.207 -9.990e-29
   40.30230  -73.22710     33.680     33.418     9.7830    31.8472      7.912     0.8744 1.6880e-11  1024.6798     9.7793    24.5271     7.4215    226.375    9.25275  282.23147     80.209 -9.990e-29
   40.30230  -73.22710     33.670     33.409     9.7832    31.8469      7.912     0.8341 1.6880e-11  1024.6791     9.7795    24.5268     7.4218    226.382    9.25277  282.23205     80.211 -9.990e-29
   40.30230  -73.22710     33.680     33.418     9.7827    31.8471      7.912     0.8072 1.6880e-11  1024.6796     9.7790    24.5271     7.4220    226.389    9.25272  282.23042     80.214 -9.990e-29
   40.30230  -73.22712     33.659     33.398     9.7829    31.8478      7.912     0.8072 1.6880e-11  1024.6801     9.7792    24.5276     7.4231    226.422    9.25273  282.23067     80.226 -9.990e-29
   40.30230  -73.22712     33.659     33.398     9.7828    31.8483      7.912     0.8206 1.6880e-11  1024.6808     9.7791    24.5279     7.4235    226.434    9.25277  282.23199     80.230 -9.990e-29
   40.30230  -73.22712     33.641     33.380     9.7832    31.8482      7.907     0.8206 1.6880e-11  1024.6806     9.7795    24.5278     7.4239    226.446    9.25277  282.23212     80.234 -9.990e-29
   40.30230  -73.22712     33.649     33.388     9.7835    31.8475      7.912     0.8206 1.6880e-11  1024.6797     9.7798    24.5273     7.4243    226.458    9.25277  282.23204     80.238 -9.990e-29
   40.30230  -73.22712     33.640     33.378     9.7836    31.8467      7.912     0.8206 1.6880e-11  1024.6790     9.7800    24.5266     7.4247    226.472    9.25281  282.23322     80.243 -9.990e-29
   40.30230  -73.22712     33.629     33.367     9.7843    31.8461      7.912     0.8072 1.6880e-11  1024.6781     9.7807    24.5260     7.4252    226.487    9.25281  282.23336     80.248 -9.990e-29
   40.30230  -73.22712     33.629     33.367     9.7844    31.8460      7.907     0.8072 1.6880e-11  1024.6781     9.7808    24.5260     7.4316    226.682    9.25286  282.23475     80.317 -9.990e-29
   40.30230  -73.22712     33.619     33.358     9.7843    31.8464      7.912     0.8206 1.6880e-11  1024.6788     9.7807    24.5262     7.4270    226.542    9.25283  282.23375     80.268 -9.990e-29
   40.30230  -73.22712     33.621     33.359     9.7847    31.8467      7.912     0.8072 1.6880e-11  1024.6789     9.7810    24.5264     7.4276    226.559    9.25286  282.23461     80.273 -9.990e-29
   40.30230  -73.22712     33.598     33.337     9.7850    31.8468      7.907     0.8072 1.6880e-11  1024.6788     9.7813    24.5264     7.4282    226.577    9.25286  282.23455     80.280 -9.990e-29
   40.30230  -73.22712     33.609     33.348     9.7855    31.8466      7.907     0.8072 1.6880e-11  1024.6786     9.7818    24.5262     7.4279    226.569    9.25280  282.23270     80.277 -9.990e-29
   40.30230  -73.22712     33.598     33.337     9.7855    31.8460      7.907     0.8072 1.6880e-11  1024.6783     9.7818    24.5257     7.4277    226.563    9.25277  282.23191     80.275 -9.990e-29
   40.30230  -73.22712     33.598     33.337     9.7858    31.8451      7.907     0.8072 1.6880e-11  1024.6771     9.7821    24.5251     7.4275    226.558    9.25282  282.23335     80.273 -9.990e-29
   40.30230  -73.22712     33.589     33.328     9.7858    31.8444      7.907     0.8206 1.6880e-11  1024.6765     9.7822    24.5245     7.4281    226.576    9.25281  282.23309     80.280 -9.990e-29
   40.30230  -73.22712     33.579     33.318     9.7858    31.8439      7.912     0.8072 1.6880e-11  1024.6764     9.7821    24.5240     7.4288    226.596    9.25282  282.23323     80.287 -9.990e-29
   40.30230  -73.22712     33.578     33.317     9.7861    31.8434      7.907     0.8072 1.6880e-11  1024.6758     9.7825    24.5236     7.4294    226.615    9.25276  282.23139     80.294 -9.990e-29
   40.30230  -73.22712     33.578     33.317     9.7865    31.8427      7.912     0.8072 1.6880e-11  1024.6751     9.7828    24.5231     7.4293    226.612    9.25277  282.23177     80.293 -9.990e-29
   40.30230  -73.22712     33.578     33.317     9.7866    31.8422      7.912     0.8206 1.6880e-11  1024.6747     9.7829    24.5226     7.4300    226.634    9.25278  282.23217     80.301 -9.990e-29
   40.30230  -73.22712     33.568     33.307     9.7870    31.8419      7.912     0.8206 1.6880e-11  1024.6744     9.7833    24.5223     7.4307    226.655    9.25275  282.23130     80.308 -9.990e-29
   40.30230  -73.22712     33.568     33.307     9.7874    31.8416      7.907     0.8072 1.6880e-11  1024.6741     9.7838    24.5220     7.4365    226.832    9.25273  282.23059     80.371 -9.990e-29
   40.30230  -73.22712     33.569     33.309     9.7874    31.8412      7.907     0.8072 1.6880e-11  1024.6738     9.7838    24.5216     7.4372    226.852    9.25270  282.22960     80.379 -9.990e-29
   40.30230  -73.22712     33.568     33.307     9.7876    31.8407      7.912     0.8072 1.6880e-11  1024.6733     9.7840    24.5213     7.4379    226.873    9.25272  282.23031     80.386 -9.990e-29
   40.30230  -73.22712     33.558     33.298     9.7873    31.8404      7.912     0.7938 1.6880e-11  1024.6733     9.7836    24.5211     7.4327    226.714    9.25270  282.22959     80.330 -9.990e-29
   40.30230  -73.22712     33.558     33.298     9.7871    31.8402      7.907     0.7803 1.6880e-11  1024.6728     9.7834    24.5210     7.4325    226.710    9.25270  282.22973     80.328 -9.990e-29
   40.30230  -73.22712     33.547     33.287     9.7870    31.8402      7.912     0.7803 1.6880e-11  1024.6731     9.7833    24.5210     7.4324    226.707    9.25272  282.23024     80.327 -9.990e-29
   40.30230  -73.22712     33.558     33.298     9.7868    31.8403      7.912     0.7803 1.6880e-11  1024.6732     9.7831    24.5211     7.4323    226.702    9.25270  282.22971     80.325 -9.990e-29
   40.30230  -73.22712     33.549     33.288     9.7863    31.8404      7.907     0.7938 1.6880e-11  1024.6732     9.7826    24.5212     7.4329    226.722    9.25269  282.22931     80.333 -9.990e-29
   40.30230  -73.22712     33.558     33.298     9.7860    31.8405      7.907     0.7803 1.6880e-11  1024.6735     9.7823    24.5213     7.4328    226.719    9.25266  282.22866     80.332 -9.990e-29
   40.30230  -73.22712     33.547     33.287     9.7860    31.8407      7.907     0.7938 1.6880e-11  1024.6733     9.7823    24.5215     7.4386    226.894    9.25267  282.22886     80.394 -9.990e-29
   40.30230  -73.22712     33.547     33.287     9.7858    31.8411      7.907     0.7938 1.6880e-11  1024.6738     9.7822    24.5219     7.4333    226.735    9.25268  282.22903     80.337 -9.990e-29
   40.30230  -73.22712     33.547     33.287     9.7855    31.8418      7.907     0.7938 1.6880e-11  1024.6744     9.7818    24.5225     7.4332    226.732    9.25268  282.22899     80.336 -9.990e-29
   40.30230  -73.22712     33.547     33.287     9.7853    31.8427      7.907     0.7938 1.6880e-11  1024.6752     9.7817    24.5233     7.4389    226.906    9.25267  282.22897     80.398 -9.990e-29
   40.30230  -73.22712     33.549     33.288     9.7847    31.8435      7.907     0.7938 1.6880e-11  1024.6764     9.7810    24.5239     7.4395    226.924    9.25266  282.22865     80.404 -9.990e-29
   40.30230  -73.22712     33.538     33.277     9.7846    31.8435      7.907     0.7803 1.6880e-11  1024.6763     9.7810    24.5240     7.4343    226.764    9.25271  282.23002     80.347 -9.990e-29
   40.30230  -73.22712     33.547     33.287     9.7846    31.8428      7.907     0.7803 1.6880e-11  1024.6755     9.7810    24.5234     7.4399    226.936    9.25268  282.22937     80.408 -9.990e-29
   40.30230  -73.22712     33.547     33.287     9.7848    31.8419      7.907     0.7938 1.6880e-11  1024.6745     9.7812    24.5227     7.4405    226.954    9.25271  282.23035     80.414 -9.990e-29
   40.30230  -73.22712     33.538     33.277     9.7848    31.8414      7.907     0.7938 1.6880e-11  1024.6741     9.7812    24.5223     7.4411    226.970    9.25276  282.23172     80.420 -9.990e-29
   40.30230  -73.22712     33.538     33.277     9.7844    31.8413      7.907     0.7938 1.6880e-11  1024.6741     9.7808    24.5222     7.4357    226.808    9.25281  282.23330     80.362 -9.990e-29
   40.30230  -73.22712     33.539     33.279     9.7845    31.8412      7.907     0.7803 1.6880e-11  1024.6742     9.7808    24.5222     7.4413    226.979    9.25284  282.23441     80.422 -9.990e-29
   40.30230  -73.22712     33.547     33.287     9.7843    31.8411      7.907     0.7938 1.6880e-11  1024.6741     9.7807    24.5222     7.4418    226.992    9.25285  282.23467     80.427 -9.990e-29
   40.30230  -73.22712     33.527     33.266     9.7842    31.8410      7.907     0.7803 1.6880e-11  1024.6742     9.7805    24.5221     7.4422    227.007    9.25290  282.23645     80.431 -9.990e-29
   40.30230  -73.22712     33.538     33.277     9.7843    31.8410      7.912     0.7938 1.6880e-11  1024.6738     9.7807    24.5220     7.4427    227.020    9.25294  282.23750     80.436 -9.990e-29
   40.30230  -73.22712     33.538     33.277     9.7840    31.8410      7.907     0.7803 1.6880e-11  1024.6741     9.7803    24.5221     7.4430    227.031    9.25295  282.23778     80.440 -9.990e-29
   40.30230  -73.22712     33.538     33.277     9.7839    31.8411      7.912     0.7938 1.6880e-11  1024.6741     9.7802    24.5222     7.4434    227.042    9.25300  282.23936     80.443 -9.990e-29
   40.30230  -73.22712     33.528     33.268     9.7838    31.8413      7.907     0.7938 1.6880e-11  1024.6742     9.7802    24.5223     7.4429    227.027    9.25303  282.24008     80.438 -9.990e-29
   40.30230  -73.22712     33.538     33.277     9.7835    31.8415      7.907     0.7938 1.6880e-11  1024.6746     9.7798    24.5225     7.4432    227.035    9.25305  282.24082     80.440 -9.990e-29
   40.30230  -73.22712     33.527     33.266     9.7834    31.8417      7.907     0.8341 1.6880e-11  1024.6747     9.7797    24.5227     7.4434    227.042    9.25309  282.24213     80.442 -9.990e-29
   40.30230  -73.22712     33.527     33.266     9.7835    31.8419      7.907     0.8609 1.6880e-11  1024.6750     9.7798    24.5229     7.4494    227.226    9.25310  282.24229     80.507 -9.990e-29
   40.30230  -73.22712     33.517     33.257     9.7835    31.8420      7.907     0.8609 1.6880e-11  1024.6748     9.7798    24.5229     7.4444    227.074    9.25309  282.24202     80.453 -9.990e-29
   40.30230  -73.22712     33.528     33.268     9.7833    31.8419      7.907     0.8609 1.6880e-11  1024.6748     9.7797    24.5229     7.4445    227.077    9.25313  282.24308     80.454 -9.990e-29
   40.30230  -73.22712     33.527     33.266     9.7833    31.8418      7.907     0.8609 1.6880e-11  1024.6748     9.7797    24.5228     7.4446    227.079    9.25318  282.24460     80.455 -9.990e-29
   40.30230  -73.22712     33.517     33.257     9.7834    31.8417      7.907     0.8475 1.6880e-11  1024.6746     9.7797    24.5228     7.4446    227.079    9.25316  282.24409     80.455 -9.990e-29
   40.30230  -73.22712     33.507     33.247     9.7832    31.8417      7.912     0.8609 1.6880e-11  1024.6746     9.7795    24.5228     7.4445    227.077    9.25310  282.24213     80.455 -9.990e-29
   40.30230  -73.22712     33.517     33.257     9.7832    31.8417 -9.990e-29     0.8609 1.6880e-11  1024.6746     9.7795    24.5228     7.4445    227.076    9.25313  282.24274     80.454 -9.990e-29
   40.30230  -73.22712     33.517     33.257     9.7829    31.8418 -9.990e-29     0.8609 1.6880e-11  1024.6749     9.7792    24.5229     7.4444    227.072    9.25309  282.24175     80.453 -9.990e-29
   40.30230  -73.22712     33.509     33.248     9.7830    31.8419 -9.990e-29     0.8609 1.6880e-11  1024.6749     9.7793    24.5230     7.4450    227.092    9.25306  282.24078     80.460 -9.990e-29
   40.30230  -73.22712     33.507     33.247     9.7829    31.8420 -9.990e-29     0.8609 1.6880e-11  1024.6749     9.7792    24.5231     7.4507    227.265    9.25302  282.23973     80.522 -9.990e-29
   40.30230  -73.22712     33.507     33.247     9.7828    31.8421 -9.990e-29     0.8609 1.6880e-11  1024.6750     9.7792    24.5232     7.4454    227.104    9.25298  282.23848     80.465 -9.990e-29
   40.30230  -73.22712     33.496     33.236     9.7830    31.8423 -9.990e-29     0.8475 1.6880e-11  1024.6752     9.7793    24.5233     7.4452    227.098    9.25298  282.23869     80.463 -9.990e-29
   40.30230  -73.22712     33.496     33.236     9.7832    31.8423 -9.990e-29     0.8609 1.6880e-11  1024.6751     9.7795    24.5233     7.4450    227.091    9.25300  282.23923     80.460 -9.990e-29
   40.30230  -73.22712     33.496     33.236     9.7830    31.8422 -9.990e-29     0.8609 1.6880e-11  1024.6750     9.7793    24.5233     7.4447    227.081    9.25297  282.23824     80.457 -9.990e-29
   40.30230  -73.22712     33.498     33.237     9.7830    31.8424 -9.990e-29     0.8609 1.6880e-11  1024.6751     9.7793    24.5234     7.4444    227.071    9.25296  282.23792     80.454 -9.990e-29
   40.30230  -73.22712     33.487     33.226     9.7828    31.8426 -9.990e-29     0.8609 1.6880e-11  1024.6754     9.7792    24.5236     7.4382    226.884    9.25299  282.23886     80.387 -9.990e-29
   40.30230  -73.22712     33.496     33.236     9.7832    31.8427 -9.990e-29     0.8609 1.6880e-11  1024.6753     9.7795    24.5236     7.4429    227.027    9.25295  282.23749     80.438 -9.990e-29
   40.30230  -73.22712     33.477     33.217     9.7830    31.8427 -9.990e-29     0.8609 1.6880e-11  1024.6755     9.7793    24.5236     7.4425    227.015    9.25292  282.23645     80.434 -9.990e-29
