CalculateIndicators/WaterTemperature/Data/CTD_NYOS/20240710_C21.cnv
* Sea-Bird SBE 9 Data File:
* FileName = C:\Seabird 9 CTD\Data\2024\202407_offshore\20240710_C21.hex
* Software Version Seasave V 7.23.2
* Temperature SN = 4590
* Conductivity SN = 3228
* Number of Bytes Per Scan = 44
* Number of Voltage Words = 5
* Number of Scans Averaged by the Deck Unit = 1
* NMEA Latitude = 40 33.50 N
* NMEA Longitude = 072 26.88 W
* NMEA UTC (Time) = Jul 10 2024  14:00:20
* NMEA baud rate = 4800
** Ship: seawolf
** Station: 10.2
** Operator: TCM
# nquan = 18
# nvalues = 11491                       
# units = specified
# name 0 = latitude: Latitude [deg]
# name 1 = longitude: Longitude [deg]
# name 2 = prDM: Pressure, Digiquartz [db]
# name 3 = depSM: Depth [salt water, m]
# name 4 = t090C: Temperature [ITS-90, deg C]
# name 5 = sal00: Salinity, Practical [PSU]
# name 6 = ph: pH
# name 7 = flECO-AFL: Fluorescence, WET Labs ECO-AFL/FL [mg/m^3]
# name 8 = cpar: CPAR/Corrected Irradiance [%]
# name 9 = density00: Density [density, kg/m^3]
# name 10 = potemp090C: Potential Temperature [ITS-90, deg C]
# name 11 = sigma-é00: Density [sigma-theta, kg/m^3]
# name 12 = sbeox0Mg/L: Oxygen, SBE 43 [mg/l]
# name 13 = sbox0Mm/Kg: Oxygen, SBE 43 [umol/kg]
# name 14 = oxsolMg/L: Oxygen Saturation, Garcia & Gordon [mg/l]
# name 15 = oxsolMm/Kg: Oxygen Saturation, Garcia & Gordon [umol/kg]
# name 16 = sbeox0PS: Oxygen, SBE 43 [% saturation]
# name 17 = flag:  0.000e+00
# span 0 =   40.55832,   40.55952       
# span 1 =  -72.44804,  -72.44750       
# span 2 =      1.860,     42.253       
# span 3 =      1.845,     41.923       
# span 4 =     7.6155,    22.6750       
# span 5 =    29.5016,    32.7659       
# span 6 =      7.877,      8.190       
# span 7 =     0.0013,     3.0905       
# span 8 = 2.7255e-03, 4.0093e+01       
# span 9 =  1020.0345,  1025.2318       
# span 10 =     7.6116,    22.6745      
# span 11 =    20.0639,    25.0891      
# span 12 =     7.0924,     9.7672      
# span 13 =    216.279,    298.247      
# span 14 =    7.23736,    9.71677      
# span 15 =  221.61034,  296.30635      
# span 16 =     73.062,    118.664      
# span 17 = 0.0000e+00, 0.0000e+00      
# interval = seconds: 0.0416667
# start_time = Jul 10 2024 14:00:21 [System UTC, first data scan.]
# bad_flag = -9.990e-29
*END*
[from data line 8604]
   40.55924  -72.44768      5.808      5.763    18.6215    30.9985      7.917     2.3786 8.2095e+00  1022.0975    18.6205    22.0611     8.7071    266.375    7.66981  234.64134    113.524 -9.990e-29
   40.55924  -72.44768      5.820      5.775    18.7767    30.9171      7.917     2.3786 8.1406e+00  1021.9876    18.7757    21.9624     8.6948    265.996    7.66010  234.34253    113.507 -9.990e-29
   40.55924  -72.44768      5.817      5.773    18.9027    30.8261      7.916     2.3786 8.1250e+00  1021.8805    18.9017    21.8621     8.6862    265.741    7.65388  234.16019    113.487 -9.990e-29
   40.55924  -72.44768      5.820      5.775    18.9997    30.7424      7.916     2.3786 8.0567e+00  1021.7884    18.9987    21.7739     8.6832    265.660    7.65307  234.14439    113.460 -9.990e-29
   40.55924  -72.44768      5.828      5.783    19.0699    30.6764      7.916     2.3786 7.9890e+00  1021.7194    19.0689    21.7048     8.6838    265.681    7.65561  234.22251    113.431 -9.990e-29
   40.55924  -72.44768      5.817      5.773    19.1251    30.6314      7.916     2.3786 7.9666e+00  1021.6726    19.1241    21.6557     8.6778    265.490    7.65653  234.24430    113.339 -9.990e-29
   40.55924  -72.44768      5.820      5.775    19.1745    30.5980      7.915     2.3786 7.9068e+00  1021.6483    19.1735    21.6173     8.6661    265.121    7.65346  234.14132    113.231 -9.990e-29
   40.55924  -72.44768      5.817      5.773    19.2273    30.5587      7.915     2.3786 7.8404e+00  1021.6045    19.2263    21.5760     8.6516    264.655    7.64843  233.96897    113.115 -9.990e-29
   40.55924  -72.44768      5.830      5.785    19.2614    30.5129      7.915     2.3518 7.8254e+00  1021.5499    19.2604    21.5332     8.6290    263.943    7.63702  233.60028    112.989 -9.990e-29
   40.55924  -72.44768      5.828      5.783    19.2714    30.4769      7.915     2.1369 7.7815e+00  1021.5174    19.2704    21.5022     8.6014    263.098    7.61828  233.02499    112.905 -9.990e-29
   40.55924  -72.44768      5.757      5.713    19.2688    30.4581      7.915     2.0294 7.7014e+00  1021.5079    19.2678    21.4873     8.5719    262.213    7.60156  232.53164    112.765 -9.990e-29
   40.55924  -72.44768      5.850      5.805    19.2640    30.4574      7.915     2.0160 7.7014e+00  1021.5060    19.2630    21.4830     8.5502    261.584    7.59217  232.27575    112.618 -9.990e-29
   40.55924  -72.44768      5.848      5.803    19.2594    30.4574      7.915     2.0429 7.6652e+00  1021.5074    19.2583    21.4845     8.5390    261.270    7.59250  232.30893    112.467 -9.990e-29
   40.55924  -72.44768      5.820      5.775    19.2546    30.4574      7.915     2.0294 7.6008e+00  1021.5155    19.2536    21.4894     8.5382    261.261    7.59804  232.49417    112.373 -9.990e-29
   40.55924  -72.44768      5.767      5.722    19.2543    30.4635      7.915     2.0429 7.5863e+00  1021.5205    19.2533    21.4942     8.5309    261.051    7.60569  232.73882    112.165 -9.990e-29
   40.55924  -72.44768      5.808      5.763    19.2579    30.4694      7.915     2.0294 7.5863e+00  1021.5222    19.2569    21.4980     8.5365    261.215    7.61320  232.96285    112.127 -9.990e-29
   40.55924  -72.44768      5.800      5.755    19.2628    30.4771      7.915     2.0294 7.5225e+00  1021.5273    19.2618    21.5025     8.5261    260.889    7.61770  233.09202    111.925 -9.990e-29
   40.55924  -72.44768      5.787      5.743    19.2700    30.4860      7.915     2.0429 7.5082e+00  1021.5338    19.2690    21.5075     8.5159    260.566    7.61863  233.11176    111.777 0.0000e+00
   40.55924  -72.44768      5.769      5.725    19.2789    30.4930      7.915     2.0429 7.5082e+00  1021.5381    19.2779    21.5105     8.5063    260.267    7.61653  233.04303    111.682 0.0000e+00
   40.55924  -72.44768      5.747      5.703    19.2911    30.4930      7.915     2.0429 7.4871e+00  1021.5367    19.2901    21.5098     8.4915    259.804    7.61309  232.92927    111.538 -9.990e-29
   40.55924  -72.44768      5.757      5.713    19.3051    30.4940      7.915     2.0294 7.4939e+00  1021.5321    19.3041    21.5051     8.4780    259.381    7.60673  232.72525    111.454 -9.990e-29
   40.55924  -72.44768      5.719      5.674    19.3208    30.4958      7.915     2.0294 7.4729e+00  1021.5196    19.3198    21.5004     8.4621    258.888    7.59745  232.43424    111.381 0.0000e+00
   40.55924  -72.44768      5.706      5.662    19.3294    30.4992      7.915     2.0429 7.4729e+00  1021.5218    19.3284    21.5034     8.4398    258.189    7.58592  232.06782    111.256 0.0000e+00
   40.55924  -72.44768      5.688      5.644    19.3332    30.5183      7.915     2.0429 7.4939e+00  1021.5392    19.3322    21.5163     8.4185    257.516    7.57110  231.59607    111.192 -9.990e-29
   40.55924  -72.44768      5.686      5.642    19.3369    30.5410      7.910     2.0294 7.4939e+00  1021.5626    19.3359    21.5307     8.3911    256.662    7.55399  231.05653    111.082 -9.990e-29
   40.55924  -72.44768      5.668      5.624    19.3621    30.5575      7.910     2.0429 7.5362e+00  1021.5659    19.3611    21.5375     8.3684    255.971    7.53709  230.54405    111.029 0.0000e+00
   40.55924  -72.44768      5.636      5.593    19.3984    30.5575      7.910     2.0429 7.5643e+00  1021.5645    19.3974    21.5346     8.3501    255.450    7.52355  230.16447    110.986 0.0000e+00
   40.55924  -72.44768      5.615      5.572    19.4477    30.5575      7.910     2.0294 7.5643e+00  1021.5570    19.4467    21.5174     8.3478    255.447    7.52027  230.12442    111.004 0.0000e+00
   40.55924  -72.44768      5.587      5.543    19.5224    30.5288      7.909     2.0294 7.6284e+00  1021.5149    19.5214    21.4763     8.3515    255.606    7.52583  230.33462    110.972 0.0000e+00
   40.55924  -72.44768      5.574      5.531    19.6068    30.4821      7.909     2.0429 7.6931e+00  1021.4276    19.6058    21.4243     8.3607    255.899    7.53563  230.64542    110.949 0.0000e+00
   40.55924  -72.44768      5.545      5.503    19.6405    30.4821      7.909     2.0429 7.6931e+00  1021.3993    19.6395    21.3953     8.3750    256.339    7.54620  230.97172    110.983 0.0000e+00
   40.55924  -72.44768      5.514      5.471    19.6742    30.4821      7.909     2.0429 7.8020e+00  1021.4197    19.6732    21.3960     8.3779    256.418    7.55410  231.20500    110.905 0.0000e+00
   40.55924  -72.44768      5.496      5.453    19.7189    30.4745      7.909     2.0294 7.9125e+00  1021.4360    19.7179    21.4014     8.3821    256.527    7.55893  231.33557    110.890 0.0000e+00
   40.55924  -72.44768      5.453      5.411    19.7825    30.4745      7.909     1.9488 7.9348e+00  1021.4326    19.7816    21.3853     8.3794    256.433    7.56144  231.39966    110.818 0.0000e+00
   40.55924  -72.44768      5.433      5.391    19.8474    30.4446      7.908     1.8548 8.0319e+00  1021.3697    19.8464    21.3370     8.3815    256.495    7.56423  231.48370    110.805 0.0000e+00
   40.55924  -72.44768      5.404      5.362    19.8505    30.3636      7.908     1.8414 8.2147e+00  1021.2852    19.8496    21.2752     8.3847    256.593    7.56784  231.59446    110.794 0.0000e+00
   40.55924  -72.44768      5.382      5.340    19.7913    30.2929      7.908     1.8414 8.2610e+00  1021.2354    19.7903    21.2313     8.3903    256.771    7.57310  231.76140    110.791 0.0000e+00
   40.55924  -72.44768      5.343      5.302    19.6945    30.2929      7.909     1.8414 8.3310e+00  1021.2187    19.6936    21.2286     8.3983    257.020    7.58030  231.98599    110.791 0.0000e+00
   40.55924  -72.44768      5.312      5.271    19.5920    30.2929      7.909     1.8548 8.5609e+00  1021.2827    19.5911    21.2744     8.4001    257.037    7.58178  231.99750    110.793 0.0000e+00
   40.55924  -72.44768      5.292      5.252    19.5414    30.3659      7.909     1.8548 8.6334e+00  1021.3818    19.5405    21.3429     8.3822    256.396    7.56552  231.41660    110.794 0.0000e+00
   40.55924  -72.44768      5.270      5.230    19.5355    30.4101      7.909     1.8548 8.7066e+00  1021.4416    19.5345    21.3890     8.3470    255.234    7.52879  230.21492    110.868 0.0000e+00
   40.55924  -72.44768      5.222      5.182    19.5537    30.4101      7.909     1.8548 8.9802e+00  1021.4247    19.5527    21.3963     8.3031    253.884    7.48317  228.81372    110.957 0.0000e+00
   40.55924  -72.44768      5.189      5.149    19.5376    30.4101      7.909     1.8548 9.1074e+00  1021.4062    19.5367    21.3839     8.2627    252.699    7.44414  227.66523    110.996 0.0000e+00
   40.55924  -72.44768      5.161      5.121    19.5154    30.4057      7.909     1.8414 9.1330e+00  1021.3875    19.5145    21.3726     8.2369    251.966    7.41427  226.80191    111.095 0.0000e+00
   40.55924  -72.44768      5.129      5.089    19.4803    30.4057      7.909     1.8414 9.4114e+00  1021.3829    19.4794    21.3765     8.2129    251.276    7.38968  226.08944    111.140 0.0000e+00
   40.55924  -72.44768      5.090      5.051    19.4363    30.4057      7.910     1.8414 9.5986e+00  1021.4186    19.4354    21.4023     8.1929    250.700    7.36901  225.48914    111.181 0.0000e+00
   40.55924  -72.44768      5.059      5.020    19.4173    30.4472      7.910     1.8414 9.6256e+00  1021.4669    19.4164    21.4377     8.1777    250.266    7.35265  225.01605    111.221 0.0000e+00
   40.55924  -72.44768      5.030      4.991    19.4276    30.4892      7.910     1.8548 9.9190e+00  1021.4929    19.4267    21.4675     8.1667    249.951    7.34002  224.64986    111.262 0.0000e+00
   40.55924  -72.44768      4.998      4.960    19.4618    30.5242      7.905     1.8414 1.0145e+01  1021.5170    19.4609    21.4863     8.1535    249.564    7.32929  224.33590    111.246 0.0000e+00
   40.55924  -72.44768      4.968      4.930    19.5203    30.5242      7.904     1.8548 1.0173e+01  1021.5246    19.5194    21.4867     8.1418    249.217    7.32005  224.06438    111.226 0.0000e+00
   40.55924  -72.44768      4.937      4.898    19.5729    30.5242      7.904     1.8548 1.0463e+01  1021.4896    19.5720    21.4663     8.1396    249.162    7.31189  223.82511    111.320 0.0000e+00
   40.55924  -72.44768      4.908      4.870    19.5930    30.5270      7.904     1.8548 1.0732e+01  1021.4499    19.5922    21.4434     8.1301    248.881    7.30437  223.60484    111.304 0.0000e+00
   40.55924  -72.44768      4.876      4.838    19.5775    30.5270      7.904     1.8548 1.0792e+01  1021.4481    19.5767    21.4410     8.1169    248.489    7.29768  223.40854    111.226 0.0000e+00
   40.55924  -72.44768      4.857      4.819    19.5612    30.5270      7.904     1.8414 1.1069e+01  1021.4758    19.5603    21.4638     8.1127    248.368    7.29170  223.23254    111.260 0.0000e+00
   40.55924  -72.44768      4.816      4.778    19.5656    30.5873      7.904     1.8548 1.1385e+01  1021.5155    19.5647    21.5097     8.1092    248.270    7.28656  223.08246    111.290 0.0000e+00
   40.55926  -72.44768      4.796      4.759    19.5669    30.6772      7.904     1.8414 1.1449e+01  1021.5961    19.5661    21.5738     8.1069    248.207    7.28262  222.96895    111.319 0.0000e+00
   40.55926  -72.44768      4.776      4.739    19.6070    30.7539      7.904     1.8548 1.1644e+01  1021.6819    19.6061    21.6278     8.1057    248.175    7.27983  222.88899    111.344 0.0000e+00
   40.55926  -72.44768      4.746      4.709    19.7232    30.7539      7.904     1.8280 1.1976e+01  1021.6903    19.7223    21.6299     8.1100    248.313    7.27840  222.85090    111.426 0.0000e+00
   40.55926  -72.44768      4.714      4.678    19.8603    30.7539      7.903     1.7742 1.2077e+01  1021.6105    19.8595    21.5655     8.1208    248.653    7.27857  222.86298    111.572 0.0000e+00
   40.55926  -72.44768      4.695      4.658    19.9724    30.6506      7.903     1.7608 1.2214e+01  1021.4735    19.9715    21.4632     8.1295    248.925    7.28026  222.92187    111.665 0.0000e+00
   40.55926  -72.44768      4.684      4.648    20.0090    30.5385      7.903     1.7608 1.2527e+01  1021.3713    20.0082    21.3664     8.1399    249.248    7.28345  223.02411    111.758 0.0000e+00
   40.55926  -72.44768      4.655      4.619    19.9999    30.4474      7.898     1.7608 1.2669e+01  1021.3014    19.9991    21.2969     8.1547    249.703    7.28683  223.12722    111.911 0.0000e+00
   40.55926  -72.44768      4.644      4.608    19.9683    30.4140      7.898     1.7608 1.2740e+01  1021.2552    19.9675    21.2637     8.1716    250.223    7.29133  223.26866    112.072 0.0000e+00
   40.55926  -72.44768      4.625      4.589    19.9104    30.4140      7.898     1.7608 1.3030e+01  1021.2811    19.9095    21.2700     8.1967    251.006    7.29942  223.52939    112.292 0.0000e+00
   40.55926  -72.44768      4.604      4.568    19.8675    30.4140      7.898     1.7608 1.3140e+01  1021.3183    19.8666    21.2991     8.2244    251.876    7.31248  223.94885    112.470 -9.990e-29
   40.55926  -72.44768      4.603      4.567    19.8474    30.4495      7.898     1.7608 1.3140e+01  1021.3557    19.8466    21.3311     8.2559    252.853    7.32898  224.46577    112.647 -9.990e-29
   40.55926  -72.44768      4.574      4.538    19.8530    30.4889      7.898     1.7742 1.3364e+01  1021.3762    19.8522    21.3615     8.2905    253.919    7.34809  225.05439    112.826 0.0000e+00
   40.55926  -72.44768      4.563      4.528    19.8609    30.5379      7.898     1.7608 1.3477e+01  1021.4133    19.8601    21.3956     8.3312    255.161    7.37200  225.78219    113.012 -9.990e-29
   40.55926  -72.44768      4.564      4.529    19.8858    30.5970      7.898     1.7742 1.3515e+01  1021.4550    19.8850    21.4338     8.3719    256.386    7.39563  226.48733    113.201 -9.990e-29
   40.55926  -72.44768      4.542      4.507    19.9334    30.6677      7.898     1.7608 1.3668e+01  1021.4862    19.9326    21.4769     8.4029    257.307    7.41399  227.02443    113.339 0.0000e+00
   40.55926  -72.44768      4.533      4.498    19.9852    30.7602      7.898     1.7608 1.3784e+01  1021.5452    19.9843    21.5334     8.4216    257.833    7.42510  227.32568    113.420 -9.990e-29
   40.55926  -72.44768      4.533      4.498    20.0493    30.8677      7.898     1.7742 1.3784e+01  1021.6275    20.0485    21.5978     8.4252    257.888    7.42356  227.23020    113.492 -9.990e-29
   40.55926  -72.44768      4.523      4.488    20.1330    30.8677      7.897     1.7608 1.3874e+01  1021.6983    20.1322    21.6357     8.4227    257.785    7.40941  226.77187    113.676 0.0000e+00
   40.55926  -72.44768      4.513      4.478    20.2502    30.8677      7.897     1.7608 1.3953e+01  1021.6781    20.2494    21.5985     8.4087    257.351    7.39292  226.26247    113.740 0.0000e+00
   40.55926  -72.44768      4.502      4.468    20.3965    30.7991      7.897     1.7608 1.3953e+01  1021.5246    20.3957    21.4617     8.3996    257.075    7.37729  225.78580    113.858 -9.990e-29
   40.55926  -72.44768      4.513      4.478    20.5196    30.5797      7.896     1.7742 1.3992e+01  1021.2571    20.5188    21.2696     8.3822    256.552    7.36202  225.32748    113.857 -9.990e-29
   40.55926  -72.44768      4.502      4.468    20.5510    30.3868      7.896     1.7608 1.4044e+01  1021.0793    20.5501    21.1137     8.3772    256.420    7.35042  224.99027    113.969 0.0000e+00
   40.55926  -72.44768      4.493      4.458    20.5052    30.2787      7.896     1.7608 1.4057e+01  1021.0317    20.5044    21.0375     8.3704    256.229    7.34472  224.83106    113.965 -9.990e-29
   40.55926  -72.44768      4.491      4.457    20.4414    30.2787      7.892     1.7608 1.4070e+01  1021.0188    20.4406    21.0235     8.3666    256.124    7.34217  224.76416    113.952 -9.990e-29
