CalculateIndicators/WaterTemperature/Data/CTD_NYOS/20240709_C12.cnv
* Sea-Bird SBE 9 Data File:
* FileName = C:\Seabird 9 CTD\Data\2024\202407_offshore\20240709_C12.hex
* Software Version Seasave V 7.23.2
* Temperature SN = 4590
* Conductivity SN = 3228
* Number of Bytes Per Scan = 44
* Number of Voltage Words = 5
* Number of Scans Averaged by the Deck Unit = 1
* NMEA Latitude = 39 19.29 N
* NMEA Longitude = 072 05.50 W
* NMEA UTC (Time) = Jul 09 2024  15:04:38
* NMEA baud rate = 4800
** Ship: seawolf
** Station: 9.7
** Operator: TCM
# nquan = 18
# nvalues = 20551                       
# units = specified
# name 0 = latitude: Latitude [deg]
# name 1 = longitude: Longitude [deg]
# name 2 = prDM: Pressure, Digiquartz [db]
# name 3 = depSM: Depth [salt water, m]
# name 4 = t090C: Temperature [ITS-90, deg C]
# name 5 = sal00: Salinity, Practical [PSU]
# name 6 = ph: pH
# name 7 = flECO-AFL: Fluorescence, WET Labs ECO-AFL/FL [mg/m^3]
# name 8 = cpar: CPAR/Corrected Irradiance [%]
# name 9 = density00: Density [density, kg/m^3]
# name 10 = potemp090C: Potential Temperature [ITS-90, deg C]
# name 11 = sigma-é00: Density [sigma-theta, kg/m^3]
# name 12 = sbeox0Mg/L: Oxygen, SBE 43 [mg/l]
# name 13 = sbox0Mm/Kg: Oxygen, SBE 43 [umol/kg]
# name 14 = oxsolMg/L: Oxygen Saturation, Garcia & Gordon [mg/l]
# name 15 = oxsolMm/Kg: Oxygen Saturation, Garcia & Gordon [umol/kg]
# name 16 = sbeox0PS: Oxygen, SBE 43 [% saturation]
# name 17 = flag:  0.000e+00
# span 0 =   39.32150,   39.32190       
# span 1 =  -72.09594,  -72.09166       
# span 2 =      2.000,    101.659       
# span 3 =      1.985,    100.861       
# span 4 =    10.6625,    25.1953       
# span 5 =    32.7637,    36.5564       
# span 6 =      8.015,      8.331       
# span 7 =    -0.0792,     0.9012       
# span 8 = 9.5022e-03, 3.4929e+01       
# span 9 =  1021.8656,  1027.3626       
# span 10 =    10.6567,    25.1942      
# span 11 =    21.8565,    26.9974      
# span 12 =     4.8483,     8.6042      
# span 13 =    147.648,    262.201      
# span 14 =    6.79072,    8.98936      
# span 15 =  207.39012,  273.91964      
# span 16 =     64.436,    103.411      
# span 17 = 0.0000e+00, 0.0000e+00      
# interval = seconds: 0.0416667
# start_time = Jul 09 2024 15:04:40 [System UTC, first data scan.]
# bad_flag = -9.990e-29
*END*
[from data line 7478]
   39.32172  -72.09328     86.301     85.627    14.7498    35.4684      8.107 -9.990e-29 3.0158e-02  1026.7723    14.7369    26.3917     5.9604    181.476    8.15653  248.34066     73.075 -9.990e-29
   39.32172  -72.09328     86.301     85.627    14.7509    35.4684      8.102 -9.990e-29 3.0059e-02  1026.7707    14.7379    26.3907     5.9593    181.442    8.15635  248.33518     73.063 -9.990e-29
   39.32172  -72.09328     86.311     85.637    14.7519    35.4669      8.107 -9.990e-29 3.0258e-02  1026.7693    14.7390    26.3893     5.9588    181.427    8.15622  248.33109     73.058 -9.990e-29
   39.32172  -72.09328     86.311     85.637    14.7523    35.4650      8.102 -9.990e-29 3.0059e-02  1026.7681    14.7393    26.3878     5.9583    181.413    8.15607  248.32652     73.054 -9.990e-29
   39.32172  -72.09328     86.311     85.637    14.7529    35.4630      8.102 -9.990e-29 2.9960e-02  1026.7658    14.7400    26.3860     5.9579    181.400    8.15595  248.32264     73.050 -9.990e-29
   39.32172  -72.09328     86.322     85.648    14.7536    35.4614      8.107 -9.990e-29 2.9998e-02  1026.7640    14.7407    26.3848     5.9575    181.388    8.15576  248.31686     73.047 -9.990e-29
   39.32172  -72.09328     86.322     85.648    14.7529    35.4605      8.102 -9.990e-29 3.0196e-02  1026.7647    14.7400    26.3842     5.9622    181.530    8.15557  248.31100     73.106 -9.990e-29
   39.32172  -72.09328     86.332     85.658    14.7524    35.4590      8.107 -9.990e-29 3.0296e-02  1026.7640    14.7395    26.3831     5.9573    181.381    8.15525  248.30123     73.049 -9.990e-29
   39.32172  -72.09328     86.333     85.659    14.7519    35.4567      8.107 -9.990e-29 3.0296e-02  1026.7606    14.7390    26.3816     5.9619    181.521    8.15491  248.29087     73.108 -9.990e-29
   39.32172  -72.09328     86.343     85.669    14.7503    35.4561      8.107 -9.990e-29 3.0097e-02  1026.7600    14.7374    26.3811     5.9622    181.529    8.15470  248.28438     73.113 -9.990e-29
   39.32172  -72.09328     86.343     85.669    14.7488    35.4558      8.107 -9.990e-29 2.9800e-02  1026.7631    14.7359    26.3816     5.9624    181.538    8.15448  248.27838     73.119 -9.990e-29
   39.32172  -72.09328     86.353     85.678    14.7476    35.4543      8.102 -9.990e-29 2.9800e-02  1026.7626    14.7347    26.3806     5.9578    181.396    8.15430  248.27337     73.063 -9.990e-29
   39.32172  -72.09328     86.353     85.678    14.7465    35.4495      8.102 -9.990e-29 2.9800e-02  1026.7571    14.7335    26.3772     5.9626    181.544    8.15417  248.26955     73.124 -9.990e-29
   39.32172  -72.09328     86.364     85.689    14.7446    35.4447      8.107 -9.990e-29 2.9701e-02  1026.7528    14.7317    26.3738     5.9637    181.577    8.15413  248.26820     73.137 -9.990e-29
   39.32172  -72.09328     86.364     85.689    14.7429    35.4419      8.107 -9.990e-29 2.9701e-02  1026.7518    14.7300    26.3720     5.9597    181.455    8.15398  248.26345     73.090 -9.990e-29
   39.32172  -72.09328     86.373     85.699    14.7409    35.4404      8.107 -9.990e-29 2.9701e-02  1026.7515    14.7279    26.3713     5.9595    181.449    8.15359  248.25071     73.091 -9.990e-29
   39.32172  -72.09328     86.373     85.699    14.7382    35.4404      8.107 -9.990e-29 2.9701e-02  1026.7508    14.7252    26.3713     5.9643    181.593    8.15302  248.23255     73.154 -9.990e-29
   39.32172  -72.09328     86.375     85.700    14.7347    35.4404      8.102 -9.990e-29 2.9701e-02  1026.7520    14.7218    26.3722     5.9596    181.449    8.15245  248.21492     73.101 -9.990e-29
   39.32172  -72.09328     86.383     85.709    14.7312    35.4414      8.107 -9.990e-29 2.9838e-02  1026.7543    14.7182    26.3741     5.9644    181.596    8.15196  248.20010     73.165 -9.990e-29
   39.32172  -72.09328     86.383     85.709    14.7280    35.4434      8.107 -9.990e-29 3.0036e-02  1026.7569    14.7150    26.3764     5.9599    181.461    8.15163  248.19039     73.113 -9.990e-29
   39.32172  -72.09328     86.394     85.720    14.7255    35.4454      8.107 -9.990e-29 3.0135e-02  1026.7589    14.7126    26.3784     5.9650    181.614    8.15127  248.17975     73.178 -9.990e-29
   39.32172  -72.09328     86.394     85.720    14.7232    35.4472      8.107 -9.990e-29 3.0135e-02  1026.7608    14.7103    26.3803     5.9655    181.632    8.15095  248.17022     73.188 -9.990e-29
   39.32172  -72.09328     86.394     85.720    14.7214    35.4490      8.107     0.0013 3.0036e-02  1026.7626    14.7084    26.3821     5.9668    181.669    8.15063  248.16072     73.206 -9.990e-29
   39.32172  -72.09328     86.394     85.720    14.7198    35.4509      8.107     0.0013 2.9936e-02  1026.7641    14.7069    26.3839     5.9675    181.692    8.15044  248.15500     73.217 -9.990e-29
   39.32172  -72.09328     86.404     85.729    14.7185    35.4531      8.107     0.0013 2.9936e-02  1026.7663    14.7055    26.3859     5.9682    181.714    8.15013  248.14569     73.229 -9.990e-29
   39.32172  -72.09328     86.396     85.721    14.7176    35.4557      8.102     0.0013 2.9936e-02  1026.7687    14.7047    26.3880     5.9684    181.719    8.14983  248.13676     73.233 -9.990e-29
   39.32172  -72.09328     86.404     85.729    14.7169    35.4575      8.107     0.0148 2.9936e-02  1026.7711    14.7040    26.3896     5.9687    181.727    8.14965  248.13141     73.238 -9.990e-29
   39.32172  -72.09328     86.394     85.720    14.7174    35.4575      8.107     0.0148 3.0036e-02  1026.7705    14.7045    26.3899     5.9689    181.734    8.14944  248.12495     73.243 -9.990e-29
   39.32172  -72.09328     86.404     85.729    14.7174    35.4575      8.107     0.0148 2.9838e-02  1026.7698    14.7045    26.3896     5.9698    181.761    8.14933  248.12149     73.255 -9.990e-29
   39.32172  -72.09330     86.404     85.729    14.7171    35.4579      8.107     0.0148 2.9739e-02  1026.7699    14.7042    26.3896     5.9700    181.768    8.14907  248.11360     73.260 -9.990e-29
   39.32172  -72.09330     86.404     85.729    14.7169    35.4580      8.107     0.0148 2.9641e-02  1026.7704    14.7040    26.3901     5.9703    181.777    8.14892  248.10922     73.265 -9.990e-29
   39.32172  -72.09330     86.394     85.720    14.7169    35.4588      8.107     0.0148 2.9936e-02  1026.7713    14.7040    26.3908     5.9707    181.788    8.14882  248.10652     73.270 -9.990e-29
   39.32172  -72.09330     86.404     85.729    14.7171    35.4596      8.107     0.0148 3.0135e-02  1026.7718    14.7042    26.3914     5.9710    181.799    8.14872  248.10387     73.275 -9.990e-29
   39.32172  -72.09330     86.384     85.710    14.7173    35.4603      8.107     0.0148 3.0135e-02  1026.7723    14.7044    26.3918     5.9719    181.828    8.14865  248.10224     73.287 -9.990e-29
   39.32172  -72.09330     86.394     85.720    14.7174    35.4607      8.107     0.0148 3.0135e-02  1026.7726    14.7045    26.3921     5.9723    181.839    8.14855  248.09929     73.293 -9.990e-29
   39.32172  -72.09330     86.383     85.709    14.7178    35.4607      8.107     0.0148 3.0173e-02  1026.7727    14.7048    26.3922     5.9777    182.003    8.14844  248.09600     73.360 -9.990e-29
   39.32172  -72.09330     86.394     85.720    14.7183    35.4607      8.107     0.0148 3.0074e-02  1026.7724    14.7054    26.3920     5.9792    182.048    8.14841  248.09509     73.379 -9.990e-29
   39.32172  -72.09330     86.373     85.699    14.7186    35.4607      8.107     0.0148 2.9974e-02  1026.7720    14.7057    26.3918     5.9752    181.928    8.14851  248.09828     73.329 -9.990e-29
   39.32172  -72.09330     86.373     85.699    14.7188    35.4604      8.102     0.0148 2.9678e-02  1026.7720    14.7059    26.3915     5.9809    182.099    8.14878  248.10631     73.396 -9.990e-29
   39.32172  -72.09330     86.373     85.699    14.7195    35.4601      8.107     0.0148 2.9580e-02  1026.7715    14.7066    26.3912     5.9819    182.132    8.14893  248.11084     73.407 -9.990e-29
   39.32172  -72.09330     86.364     85.689    14.7198    35.4601      8.107     0.0148 2.9678e-02  1026.7711    14.7069    26.3910     5.9824    182.146    8.14908  248.11550     73.412 -9.990e-29
   39.32172  -72.09330     86.354     85.680    14.7200    35.4601      8.107     0.0148 3.0074e-02  1026.7709    14.7071    26.3910     5.9828    182.160    8.14923  248.12036     73.416 -9.990e-29
   39.32172  -72.09330     86.353     85.678    14.7202    35.4605      8.107     0.0148 3.0173e-02  1026.7714    14.7072    26.3913     5.9826    182.153    8.14935  248.12398     73.412 -9.990e-29
   39.32172  -72.09330     86.343     85.669    14.7205    35.4616      8.107     0.0148 3.0074e-02  1026.7719    14.7076    26.3921     5.9829    182.162    8.14947  248.12793     73.415 -9.990e-29
   39.32172  -72.09330     86.332     85.658    14.7207    35.4631      8.107     0.0148 3.0173e-02  1026.7734    14.7078    26.3932     5.9781    182.016    8.14953  248.12953     73.355 -9.990e-29
   39.32172  -72.09330     86.322     85.648    14.7208    35.4644      8.107     0.0148 3.0173e-02  1026.7749    14.7079    26.3941     5.9832    182.171    8.14943  248.12619     73.419 -9.990e-29
   39.32172  -72.09330     86.311     85.637    14.7219    35.4644      8.107     0.0148 3.0112e-02  1026.7743    14.7089    26.3943     5.9832    182.170    8.14925  248.11960     73.420 -9.990e-29
   39.32172  -72.09330     86.311     85.637    14.7228    35.4644      8.107     0.0148 2.9618e-02  1026.7742    14.7099    26.3939     5.9831    182.166    8.14901  248.11135     73.421 -9.990e-29
   39.32172  -72.09330     86.301     85.627    14.7242    35.4646      8.107     0.0148 2.9324e-02  1026.7733    14.7113    26.3935     5.9829    182.160    8.14875  248.10292     73.421 -9.990e-29
   39.32172  -72.09330     86.281     85.607    14.7254    35.4646      8.107     0.0148 2.9422e-02  1026.7728    14.7125    26.3932     5.9777    182.002    8.14850  248.09555     73.359 -9.990e-29
   39.32172  -72.09330     86.282     85.608    14.7259    35.4648      8.102     0.0148 3.0012e-02  1026.7734    14.7130    26.3934     5.9820    182.133    8.14835  248.09157     73.414 -9.990e-29
   39.32172  -72.09330     86.271     85.597    14.7268    35.4654      8.102     0.0013 3.0512e-02  1026.7733    14.7139    26.3936     5.9817    182.125    8.14812  248.08444     73.412 -9.990e-29
   39.32172  -72.09330     86.250     85.577    14.7273    35.4660      8.107     0.0013 3.0512e-02  1026.7738    14.7144    26.3939     5.9814    182.115    8.14784  248.07639     73.411 -9.990e-29
   39.32172  -72.09330     86.239     85.566    14.7283    35.4668      8.107     0.0013 3.0412e-02  1026.7738    14.7154    26.3944     5.9811    182.105    8.14765  248.07085     73.408 -9.990e-29
   39.32172  -72.09330     86.229     85.556    14.7290    35.4678      8.102     0.0013 3.0311e-02  1026.7748    14.7161    26.3949     5.9808    182.098    8.14762  248.07073     73.406 -9.990e-29
   39.32172  -72.09330     86.229     85.556    14.7307    35.4683      8.107     0.0013 3.0212e-02  1026.7751    14.7178    26.3952     5.9813    182.113    8.14783  248.07838     73.409 -9.990e-29
   39.32172  -72.09330     86.199     85.526    14.7325    35.4683      8.107     0.0013 3.0311e-02  1026.7751    14.7196    26.3951     5.9811    182.108    8.14799  248.08409     73.406 -9.990e-29
   39.32172  -72.09330     86.188     85.515    14.7341    35.4683      8.102     0.0013 3.0212e-02  1026.7743    14.7212    26.3943     5.9813    182.115    8.14799  248.08348     73.409 -9.990e-29
   39.32172  -72.09330     86.188     85.515    14.7361    35.4669      8.107     0.0013 3.0212e-02  1026.7721    14.7232    26.3928     5.9815    182.118    8.14789  248.07943     73.411 -9.990e-29
   39.32172  -72.09330     86.168     85.495    14.7377    35.4655      8.107     0.0013 3.0412e-02  1026.7704    14.7248    26.3914     5.9817    182.126    8.14797  248.08179     73.414 -9.990e-29
   39.32172  -72.09330     86.168     85.495    14.7387    35.4655      8.107     0.0013 3.0613e-02  1026.7697    14.7258    26.3907     5.9815    182.119    8.14820  248.08970     73.409 -9.990e-29
   39.32172  -72.09330     86.157     85.484    14.7390    35.4655      8.107     0.0013 3.0714e-02  1026.7694    14.7261    26.3907     5.9818    182.130    8.14849  248.09970     73.410 -9.990e-29
   39.32172  -72.09330     86.136     85.464    14.7395    35.4669      8.107     0.0013 3.0512e-02  1026.7702    14.7266    26.3920     5.9823    182.145    8.14899  248.11599     73.411 -9.990e-29
   39.32172  -72.09330     86.136     85.464    14.7405    35.4705      8.107     0.0013 3.0212e-02  1026.7735    14.7276    26.3945     5.9823    182.146    8.14962  248.13626     73.406 -9.990e-29
   39.32172  -72.09330     86.116     85.443    14.7422    35.4745      8.102     0.0013 3.0112e-02  1026.7775    14.7293    26.3972     5.9823    182.145    8.15028  248.15674     73.399 0.0000e+00
   39.32172  -72.09330     86.106     85.434    14.7451    35.4769      8.107     0.0013 3.0112e-02  1026.7784    14.7322    26.3985     5.9827    182.160    8.15092  248.17636     73.399 0.0000e+00
   39.32172  -72.09330     86.096     85.424    14.7481    35.4769      8.107     0.0013 3.0311e-02  1026.7776    14.7353    26.3984     5.9826    182.156    8.15154  248.19502     73.392 -9.990e-29
   39.32172  -72.09330     86.096     85.424    14.7503    35.4769      8.107     0.0013 3.0311e-02  1026.7767    14.7375    26.3976     5.9830    182.167    8.15212  248.21239     73.392 -9.990e-29
   39.32172  -72.09330     86.085     85.413    14.7528    35.4764      8.107     0.0013 3.0412e-02  1026.7756    14.7399    26.3965     5.9827    182.159    8.15263  248.22780     73.384 0.0000e+00
   39.32172  -72.09330     86.064     85.392    14.7551    35.4755      8.107     0.0013 3.0613e-02  1026.7740    14.7422    26.3953     5.9880    182.321    8.15326  248.24685     73.444 -9.990e-29
   39.32172  -72.09330     86.075     85.403    14.7575    35.4748      8.107     0.0013 3.0714e-02  1026.7726    14.7446    26.3942     5.9888    182.345    8.15384  248.26454     73.448 -9.990e-29
   39.32172  -72.09330     86.045     85.373    14.7586    35.4745      8.102     0.0013 3.0714e-02  1026.7725    14.7457    26.3937     5.9846    182.215    8.15439  248.28084     73.391 -9.990e-29
   39.32172  -72.09330     86.044     85.372    14.7604    35.4745      8.107     0.0013 3.0613e-02  1026.7723    14.7475    26.3933     5.9847    182.219    8.15492  248.29680     73.388 -9.990e-29
   39.32172  -72.09330     86.044     85.372    14.7624    35.4745      8.102     0.0013 3.0613e-02  1026.7714    14.7495    26.3928     5.9898    182.373    8.15535  248.30919     73.446 -9.990e-29
   39.32172  -72.09330     86.034     85.362    14.7636    35.4745      8.102     0.0013 3.0613e-02  1026.7709    14.7507    26.3924     5.9853    182.237    8.15580  248.32252     73.387 0.0000e+00
   39.32172  -72.09330     86.024     85.352    14.7647    35.4745      8.102     0.0013 3.0714e-02  1026.7712    14.7518    26.3924     5.9903    182.389    8.15621  248.33492     73.445 0.0000e+00
   39.32172  -72.09330     86.013     85.341    14.7653    35.4745      8.102     0.0013 3.0675e-02  1026.7711    14.7524    26.3923     5.9907    182.399    8.15648  248.34259     73.447 -9.990e-29
   39.32170  -72.09330     86.013     85.341    14.7669    35.4745      8.107     0.0013 3.0675e-02  1026.7709    14.7540    26.3920     5.9859    182.254    8.15670  248.34854     73.387 -9.990e-29
   39.32170  -72.09330     86.003     85.332    14.7680    35.4740      8.107     0.0013 3.0675e-02  1026.7700    14.7551    26.3913     5.9856    182.245    8.15691  248.35485     73.381 -9.990e-29
