CalculateIndicators/WaterTemperature/Data/CTD_NYOS/20240427_C14.cnv
* Sea-Bird SBE 9 Data File:
* FileName = C:\Seabird 9 CTD\Data\2024\202404_offshore\20240427_C14.hex
* Software Version Seasave V 7.23.2
* Temperature SN = 4590
* Conductivity SN = 3228
* Number of Bytes Per Scan = 44
* Number of Voltage Words = 5
* Number of Scans Averaged by the Deck Unit = 1
* NMEA Latitude = 39 32.61 N
* NMEA Longitude = 072 14.62 W
* NMEA UTC (Time) = Apr 27 2024  12:43:15
* NMEA baud rate = 4800
** Ship: Seawolf
** Station: 9.6
** Operator: TCM
# nquan = 18
# nvalues = 20401                       
# units = specified
# name 0 = latitude: Latitude [deg]
# name 1 = longitude: Longitude [deg]
# name 2 = prDM: Pressure, Digiquartz [db]
# name 3 = depSM: Depth [salt water, m]
# name 4 = t090C: Temperature [ITS-90, deg C]
# name 5 = sal00: Salinity, Practical [PSU]
# name 6 = ph: pH
# name 7 = flECO-AFL: Fluorescence, WET Labs ECO-AFL/FL [mg/m^3]
# name 8 = cpar: CPAR/Corrected Irradiance [%]
# name 9 = density00: Density [density, kg/m^3]
# name 10 = potemp090C: Potential Temperature [ITS-90, deg C]
# name 11 = sigma-é00: Density [sigma-theta, kg/m^3]
# name 12 = sbeox0Mg/L: Oxygen, SBE 43 [mg/l]
# name 13 = sbox0Mm/Kg: Oxygen, SBE 43 [umol/kg]
# name 14 = oxsolMg/L: Oxygen Saturation, Garcia & Gordon [mg/l]
# name 15 = oxsolMm/Kg: Oxygen Saturation, Garcia & Gordon [umol/kg]
# name 16 = sbeox0PS: Oxygen, SBE 43 [% saturation]
# name 17 = flag:  0.000e+00
# span 0 =   39.54064,   39.54352       
# span 1 =  -72.24712,  -72.24366       
# span 2 =      1.567,    135.146       
# span 3 =      1.555,    134.072       
# span 4 =     5.7806,    12.3243       
# span 5 =    32.1534,    35.0360       
# span 6 =      7.965,      8.094       
# span 7 =    -0.0927,     1.2639       
# span 8 = 4.6889e-14, 1.1078e+02       
# span 9 =  1025.1243,  1027.1705       
# span 10 =     5.7766,    12.3088      
# span 11 =    25.1138,    26.5699      
# span 12 =     6.4780,    10.3991      
# span 13 =    197.202,    317.003      
# span 14 =    8.58915,   10.10411      
# span 15 =  261.47109,  307.92366      
# span 16 =     75.316,    107.214      
# span 17 = 0.0000e+00, 0.0000e+00      
# interval = seconds: 0.0416667
# start_time = Apr 27 2024 12:43:16 [System UTC, first data scan.]
# bad_flag = -9.990e-29
*END*
[from data line 242]
   39.54348  -72.24372      2.195      2.179     7.6373    32.1930      8.094     0.3103 3.6727e+01  1025.1315     7.6371    25.1214    10.3386    315.167    9.68530  295.25260    106.745 -9.990e-29
   39.54348  -72.24372      2.184      2.168     7.6373    32.1933      8.094     0.3103 4.0110e+01  1025.1317     7.6371    25.1217    10.3381    315.153    9.68525  295.25093    106.741 -9.990e-29
   39.54348  -72.24372      2.165      2.149     7.6373    32.1933      8.094     0.3103 4.1370e+01  1025.1318     7.6371    25.1217    10.3377    315.142    9.68528  295.25194    106.737 -9.990e-29
   39.54348  -72.24372      2.144      2.128     7.6373    32.1932      8.094     0.3103 4.0148e+01  1025.1313     7.6371    25.1216    10.3383    315.160    9.68531  295.25306    106.742 -9.990e-29
   39.54348  -72.24372      2.135      2.119     7.6373    32.1932      8.094     0.3103 3.3915e+01  1025.1312     7.6371    25.1215    10.3380    315.150    9.68534  295.25381    106.739 -9.990e-29
   39.54348  -72.24372      2.124      2.108     7.6372    32.1933      8.094     0.3103 3.1613e+01  1025.1315     7.6370    25.1216    10.3376    315.137    9.68528  295.25184    106.735 -9.990e-29
   39.54348  -72.24372      2.094      2.078     7.6373    32.1934      8.094     0.3103 3.1114e+01  1025.1314     7.6371    25.1217    10.3373    315.128    9.68533  295.25352    106.731 -9.990e-29
   39.54348  -72.24372      2.084      2.068     7.6375    32.1934      8.094     0.3103 2.4776e+01  1025.1312     7.6373    25.1217    10.3370    315.119    9.68533  295.25370    106.728 -9.990e-29
   39.54348  -72.24372      2.063      2.048     7.6373    32.1934      8.094     0.3103 2.1852e+01  1025.1311     7.6371    25.1218    10.3366    315.109    9.68537  295.25472    106.724 -9.990e-29
   39.54348  -72.24372      2.043      2.027     7.6372    32.1935      8.094     0.3103 2.1608e+01  1025.1313     7.6370    25.1218    10.3364    315.100    9.68542  295.25628    106.721 -9.990e-29
   39.54348  -72.24372      2.022      2.007     7.6373    32.1934      8.094     0.3103 2.6707e+01  1025.1309     7.6371    25.1218    10.3413    315.251    9.68544  295.25674    106.772 -9.990e-29
   39.54348  -72.24372      2.003      1.988     7.6373    32.1934      8.094     0.2968 3.0738e+01  1025.1308     7.6371    25.1218    10.3356    315.076    9.68544  295.25704    106.713 -9.990e-29
   39.54348  -72.24372      1.981      1.966     7.6375    32.1935      8.094     0.3103 3.1291e+01  1025.1309     7.6373    25.1218    10.3352    315.064    9.68544  295.25706    106.708 -9.990e-29
   39.54348  -72.24372      1.973      1.958     7.6376    32.1935      8.094     0.3103 2.8922e+01  1025.1308     7.6375    25.1218    10.3347    315.051    9.68543  295.25664    106.704 -9.990e-29
   39.54348  -72.24372      1.942      1.928     7.6378    32.1935      8.094     0.3103 2.6883e+01  1025.1306     7.6376    25.1218    10.3343    315.037    9.68542  295.25622    106.700 -9.990e-29
   39.54348  -72.24372      1.922      1.907     7.6378    32.1935      8.094     0.3103 2.6533e+01  1025.1306     7.6376    25.1218    10.3400    315.212    9.68536  295.25436    106.759 -9.990e-29
   39.54348  -72.24372      1.911      1.896     7.6378    32.1935      8.094     0.3103 3.0112e+01  1025.1305     7.6376    25.1218    10.3342    315.035    9.68533  295.25343    106.700 -9.990e-29
   39.54348  -72.24374      1.892      1.877     7.6373    32.1934      8.094     0.2968 3.5247e+01  1025.1306     7.6371    25.1218    10.3400    315.211    9.68538  295.25497    106.759 -9.990e-29
   39.54348  -72.24374      1.861      1.847     7.6375    32.1933      8.094     0.3103 3.6697e+01  1025.1301     7.6373    25.1217    10.3404    315.224    9.68540  295.25556    106.763 -9.990e-29
   39.54348  -72.24374      1.850      1.836     7.6370    32.1932      8.094     0.3103 4.6867e+01  1025.1301     7.6368    25.1216    10.3346    315.047    9.68543  295.25647    106.703 -9.990e-29
   39.54348  -72.24374      1.831      1.817     7.6372    32.1933      8.094     0.3103 7.2060e+01  1025.1300     7.6370    25.1217    10.3403    315.221    9.68546  295.25758    106.761 -9.990e-29
   39.54348  -72.24374      1.800      1.786     7.6373    32.1934      8.094     0.3103 8.1320e+01  1025.1302     7.6371    25.1217    10.3406    315.231    9.68545  295.25723    106.765 -9.990e-29
   39.54348  -72.24374      1.790      1.776     7.6375    32.1933      8.094     0.2968 8.6349e+01  1025.1297     7.6373    25.1217    10.3410    315.240    9.68548  295.25813    106.768 -9.990e-29
   39.54348  -72.24374      1.769      1.756     7.6373    32.1932      8.094     0.2968 1.0279e+02  1025.1299     7.6371    25.1216    10.3412    315.246    9.68543  295.25640    106.770 -9.990e-29
   39.54348  -72.24374      1.760      1.746     7.6378    32.1930      8.094     0.3103 1.0904e+02  1025.1292     7.6377    25.1214    10.3361    315.091    9.68544  295.25664    106.718 -9.990e-29
   39.54348  -72.24374      1.730      1.716     7.6373    32.1930      8.094     0.3103 1.0079e+02  1025.1292     7.6371    25.1214    10.3425    315.288    9.68541  295.25586    106.785 -9.990e-29
   39.54348  -72.24374      1.720      1.707     7.6375    32.1931      8.094     0.3103 7.0129e+01  1025.1295     7.6373    25.1215    10.3437    315.323    9.68540  295.25543    106.797 -9.990e-29
   39.54348  -72.24374      1.708      1.695     7.6375    32.1932      8.094     0.3103 6.0420e+01  1025.1295     7.6373    25.1216    10.3385    315.166    9.68528  295.25203    106.745 -9.990e-29
   39.54348  -72.24374      1.688      1.675     7.6373    32.1932      8.094     0.3103 5.9744e+01  1025.1293     7.6372    25.1216    10.3440    315.334    9.68522  295.24981    106.802 -9.990e-29
   39.54348  -72.24374      1.679      1.666     7.6372    32.1932      8.094     0.3103 5.5119e+01  1025.1294     7.6370    25.1216    10.3441    315.336    9.68507  295.24530    106.805 -9.990e-29
   39.54348  -72.24374      1.658      1.645     7.6373    32.1931      8.094     0.3103 5.2694e+01  1025.1289     7.6372    25.1215    10.3441    315.336    9.68490  295.24007    106.807 -9.990e-29
   39.54348  -72.24374      1.639      1.626     7.6372    32.1930      8.094     0.3103 5.2399e+01  1025.1289     7.6370    25.1214    10.3450    315.364    9.68478  295.23656    106.818 -9.990e-29
   39.54348  -72.24374      1.639      1.626     7.6372    32.1931      8.094     0.3103 5.1959e+01  1025.1289     7.6370    25.1215    10.3461    315.396    9.68473  295.23505    106.829 -9.990e-29
   39.54348  -72.24374      1.628      1.615     7.6370    32.1932      8.094     0.3103 5.1522e+01  1025.1291     7.6368    25.1216    10.3471    315.426    9.68466  295.23293    106.840 -9.990e-29
   39.54348  -72.24374      1.618      1.606     7.6370    32.1932      8.094     0.3103 5.1522e+01  1025.1290     7.6368    25.1216    10.3472    315.431    9.68462  295.23172    106.842 -9.990e-29
   39.54348  -72.24374      1.609      1.596     7.6368    32.1933      8.094     0.3103 4.7756e+01  1025.1291     7.6367    25.1217    10.3482    315.460    9.68456  295.23005    106.852 -9.990e-29
   39.54348  -72.24374      1.598      1.585     7.6368    32.1933      8.094     0.3103 4.4640e+01  1025.1291     7.6367    25.1217    10.3482    315.462    9.68450  295.22837    106.854 -9.990e-29
   39.54348  -72.24374      1.588      1.576     7.6370    32.1933      8.094     0.2968 4.4016e+01  1025.1289     7.6368    25.1217    10.3484    315.467    9.68455  295.22985    106.855 -9.990e-29
   39.54348  -72.24374      1.585      1.573     7.6367    32.1933      8.094     0.3103 4.3158e+01  1025.1292     7.6365    25.1217    10.3483    315.465    9.68446  295.22715    106.855 -9.990e-29
   39.54348  -72.24374      1.588      1.576     7.6368    32.1932      8.094     0.2968 4.1922e+01  1025.1288     7.6367    25.1216    10.3485    315.469    9.68451  295.22880    106.856 -9.990e-29
   39.54348  -72.24374      1.577      1.565     7.6370    32.1931      8.094     0.3103 4.1570e+01  1025.1286     7.6368    25.1215    10.3494    315.497    9.68450  295.22827    106.866 -9.990e-29
   39.54348  -72.24376      1.567      1.555     7.6368    32.1934      8.094     0.3103 3.7886e+01  1025.1288     7.6367    25.1217    10.3494    315.498    9.68452  295.22902    106.866 -9.990e-29
   39.54348  -72.24376      1.577      1.565     7.6368    32.1936      8.094     0.3103 3.1825e+01  1025.1294     7.6367    25.1219    10.3494    315.498    9.68455  295.22986    106.865 -9.990e-29
   39.54348  -72.24376      1.577      1.565     7.6370    32.1936      8.094     0.3103 3.0254e+01  1025.1292     7.6368    25.1219    10.3503    315.525    9.68458  295.23090    106.874 -9.990e-29
   39.54348  -72.24376      1.567      1.555     7.6372    32.1935      8.094     0.3103 3.2276e+01  1025.1289     7.6370    25.1218    10.3565    315.713    9.68462  295.23217    106.937 -9.990e-29
   39.54348  -72.24376      1.577      1.565     7.6370    32.1935      8.094     0.3103 3.8966e+01  1025.1291     7.6368    25.1219    10.3510    315.545    9.68458  295.23096    106.881 -9.990e-29
   39.54348  -72.24376      1.588      1.576     7.6370    32.1936      8.094     0.3103 4.1453e+01  1025.1294     7.6368    25.1220    10.3570    315.729    9.68460  295.23131    106.943 -9.990e-29
   39.54348  -72.24376      1.598      1.585     7.6372    32.1936      8.094     0.3103 4.0265e+01  1025.1291     7.6370    25.1219    10.3514    315.558    9.68456  295.22995    106.885 -9.990e-29
   39.54348  -72.24376      1.606      1.594     7.6372    32.1936      8.094     0.3103 3.4690e+01  1025.1292     7.6370    25.1219    10.3580    315.761    9.68444  295.22618    106.956 -9.990e-29
   39.54348  -72.24376      1.609      1.596     7.6373    32.1937      8.094     0.2968 3.2609e+01  1025.1295     7.6372    25.1219    10.3586    315.777    9.68441  295.22549    106.961 -9.990e-29
   39.54348  -72.24376      1.609      1.596     7.6373    32.1935      8.094     0.2700 3.3040e+01  1025.1291     7.6372    25.1218    10.3589    315.788    9.68432  295.22286    106.966 -9.990e-29
   39.54348  -72.24376      1.639      1.626     7.6372    32.1934      8.094     0.2565 3.9332e+01  1025.1292     7.6370    25.1218    10.3531    315.612    9.68433  295.22303    106.906 -9.990e-29
   39.54348  -72.24376      1.648      1.636     7.6370    32.1934      8.094     0.2700 4.3035e+01  1025.1295     7.6368    25.1218    10.3588    315.784    9.68430  295.22237    106.965 -9.990e-29
   39.54348  -72.24376      1.658      1.645     7.6373    32.1934      8.094     0.2700 4.3358e+01  1025.1294     7.6372    25.1217    10.3591    315.793    9.68437  295.22447    106.967 -9.990e-29
   39.54348  -72.24376      1.669      1.656     7.6372    32.1932      8.094     0.2565 4.1218e+01  1025.1292     7.6370    25.1216    10.3594    315.803    9.68444  295.22663    106.970 -9.990e-29
   39.54348  -72.24376      1.699      1.686     7.6372    32.1931      8.094     0.2700 3.9925e+01  1025.1292     7.6370    25.1215    10.3596    315.809    9.68447  295.22767    106.971 -9.990e-29
   39.54348  -72.24376      1.699      1.686     7.6370    32.1932      8.094     0.2565 3.9701e+01  1025.1294     7.6368    25.1216    10.3536    315.625    9.68458  295.23088    106.908 -9.990e-29
   39.54348  -72.24376      1.709      1.696     7.6367    32.1932      8.094     0.2700 6.0529e+01  1025.1297     7.6365    25.1217    10.3592    315.796    9.68476  295.23660    106.964 -9.990e-29
   39.54348  -72.24376      1.739      1.726     7.6367    32.1932 -9.990e-29     0.2700 8.6666e+01  1025.1297     7.6365    25.1217    10.3594    315.804    9.68495  295.24252    106.964 -9.990e-29
   39.54348  -72.24376      1.750      1.737     7.6367    32.1932 -9.990e-29     0.2700 9.2455e+01  1025.1296     7.6365    25.1216    10.3604    315.835    9.68517  295.24922    106.972 -9.990e-29
   39.54348  -72.24376      1.778      1.764     7.6367    32.1932 -9.990e-29     0.2700 7.2528e+01  1025.1297     7.6365    25.1216    10.3605    315.837    9.68536  295.25488    106.971 -9.990e-29
   39.54348  -72.24376      1.790      1.776     7.6367    32.1933 -9.990e-29     0.2700 5.4393e+01  1025.1299     7.6365    25.1217    10.3543    315.648    9.68550  295.25916    106.905 -9.990e-29
   39.54348  -72.24376      1.800      1.786     7.6367    32.1935 -9.990e-29     0.2700 5.0701e+01  1025.1301     7.6365    25.1219    10.3596    315.808    9.68565  295.26338    106.958 -9.990e-29
   39.54348  -72.24376      1.831      1.817     7.6368    32.1936 -9.990e-29     0.2700 5.6523e+01  1025.1305     7.6367    25.1220    10.3593    315.798    9.68565  295.26324    106.955 -9.990e-29
   39.54348  -72.24376      1.850      1.836     7.6370    32.1936 -9.990e-29     0.2700 6.7099e+01  1025.1305     7.6368    25.1219    10.3597    315.811    9.68557  295.26099    106.960 -9.990e-29
   39.54348  -72.24376      1.861      1.847     7.6368    32.1935 -9.990e-29     0.2700 7.0317e+01  1025.1304     7.6367    25.1218    10.3592    315.796    9.68552  295.25936    106.955 -9.990e-29
   39.54348  -72.24376      1.881      1.866     7.6368    32.1933 -9.990e-29     0.2700 6.8688e+01  1025.1302     7.6367    25.1217    10.3595    315.805    9.68545  295.25711    106.959 -9.990e-29
   39.54348  -72.24376      1.901      1.887     7.6367    32.1933 -9.990e-29     0.2700 6.4932e+01  1025.1305     7.6365    25.1217    10.3599    315.816    9.68548  295.25798    106.963 -9.990e-29
   39.54348  -72.24376      1.922      1.907     7.6365    32.1932 -9.990e-29     0.2700 6.3965e+01  1025.1305     7.6363    25.1217    10.3594    315.801    9.68555  295.26027    106.957 -9.990e-29
   39.54348  -72.24376      1.942      1.928     7.6367    32.1932 -9.990e-29     0.2700 6.3546e+01  1025.1304     7.6365    25.1217    10.3534    315.620    9.68556  295.26057    106.895 -9.990e-29
   39.54348  -72.24376      1.952      1.937     7.6364    32.1933 -9.990e-29     0.2700 6.2659e+01  1025.1309     7.6362    25.1218    10.3590    315.791    9.68561  295.26212    106.953 -9.990e-29
   39.54348  -72.24376      1.982      1.967     7.6367    32.1935 -9.990e-29     0.2700 6.2248e+01  1025.1309     7.6365    25.1219    10.3592    315.797    9.68565  295.26341    106.954 -9.990e-29
   39.54348  -72.24376      1.992      1.977     7.6365    32.1936 -9.990e-29     0.2700 6.2716e+01  1025.1312     7.6363    25.1220    10.3533    315.617    9.68575  295.26650    106.892 -9.990e-29
   39.54348  -72.24376      2.012      1.997     7.6367    32.1937 -9.990e-29     0.2700 6.8172e+01  1025.1312     7.6365    25.1221    10.3579    315.757    9.68577  295.26695    106.939 -9.990e-29
   39.54348  -72.24376      2.022      2.007     7.6367    32.1938 -9.990e-29     0.2834 7.0909e+01  1025.1314     7.6365    25.1221    10.3580    315.760    9.68577  295.26698    106.941 -9.990e-29
   39.54348  -72.24376      2.054      2.038     7.6372    32.1940 -9.990e-29     0.2834 7.1241e+01  1025.1315     7.6370    25.1222    10.3519    315.574    9.68579  295.26751    106.877 -9.990e-29
   39.54348  -72.24376      2.073      2.057     7.6373    32.1942 -9.990e-29     0.2834 7.4869e+01  1025.1320     7.6371    25.1224    10.3563    315.707    9.68572  295.26540    106.923 -9.990e-29
   39.54348  -72.24376      2.093      2.078     7.6380    32.1945 -9.990e-29     0.2700 7.7365e+01  1025.1321     7.6378    25.1225    10.3500    315.515    9.68565  295.26318    106.859 -9.990e-29
   39.54348  -72.24376      2.103      2.087     7.6386    32.1946 -9.990e-29     0.2834 7.7728e+01  1025.1323     7.6384    25.1225    10.3491    315.487    9.68562  295.26218    106.850 -9.990e-29
