CalculateIndicators/WaterTemperature/Data/CTD_NYOS/20240914_C21.cnv
* Sea-Bird SBE 9 Data File:
* FileName = C:\Seabird 9 CTD\Data\2024\202409_offshore\20240914_C21.hex
* Software Version Seasave V 7.23.2
* Temperature SN = 4590
* Conductivity SN = 3228
* Number of Bytes Per Scan = 44
* Number of Voltage Words = 5
* Number of Scans Averaged by the Deck Unit = 1
* NMEA Latitude = 40 46.53 N
* NMEA Longitude = 072 34.38 W
* NMEA UTC (Time) = Sep 14 2024  00:45:53
* NMEA baud rate = 4800
** Ship: Seawolf
** Station: 10.1
** Operator: TCM
# nquan = 18
# nvalues = 7467                        
# units = specified
# name 0 = latitude: Latitude [deg]
# name 1 = longitude: Longitude [deg]
# name 2 = prDM: Pressure, Digiquartz [db]
# name 3 = depSM: Depth [salt water, m]
# name 4 = t090C: Temperature [ITS-90, deg C]
# name 5 = sal00: Salinity, Practical [PSU]
# name 6 = ph: pH
# name 7 = flECO-AFL: Fluorescence, WET Labs ECO-AFL/FL [mg/m^3]
# name 8 = cpar: CPAR/Corrected Irradiance [%]
# name 9 = density00: Density [density, kg/m^3]
# name 10 = potemp090C: Potential Temperature [ITS-90, deg C]
# name 11 = sigma-é00: Density [sigma-theta, kg/m^3]
# name 12 = sbeox0Mg/L: Oxygen, SBE 43 [mg/l]
# name 13 = sbox0Mm/Kg: Oxygen, SBE 43 [umol/kg]
# name 14 = oxsolMg/L: Oxygen Saturation, Garcia & Gordon [mg/l]
# name 15 = oxsolMm/Kg: Oxygen Saturation, Garcia & Gordon [umol/kg]
# name 16 = sbeox0PS: Oxygen, SBE 43 [% saturation]
# name 17 = flag:  0.000e+00
# span 0 =   40.77554,   40.77562       
# span 1 =  -72.57312,  -72.57258       
# span 2 =      1.744,     18.884       
# span 3 =      1.730,     18.737       
# span 4 =    18.8382,    21.5496       
# span 5 =    30.9140,    31.2011       
# span 6 =      8.070,      8.216       
# span 7 =     0.5654,     2.2175       
# span 8 = 1.6880e-11, 9.9999e+04       
# span 9 =  1021.2775,  1022.2336       
# span 10 =    18.8350,    21.5492      
# span 11 =    21.2674,    22.1508      
# span 12 =     7.0429,     8.2669      
# span 13 =    215.337,    252.885      
# span 14 =    7.36288,    7.73037      
# span 15 =  225.30021,  236.34447      
# span 16 =     91.217,    110.625      
# span 17 = 0.0000e+00, 0.0000e+00      
# interval = seconds: 0.0416667
# start_time = Sep 14 2024 00:45:53 [System UTC, first data scan.]
# bad_flag = -9.990e-29
*END*
[from data line 4664]
   40.77558  -72.57276      2.432      2.413    21.5306    30.9550      8.193     0.6057 1.2574e+01  1021.2860    21.5301    21.2756     7.7328    236.617    7.36910  225.48849    104.935 -9.990e-29
   40.77558  -72.57276      2.421      2.402    21.5304    30.9550      8.193     0.6057 1.6848e+01  1021.2862    21.5300    21.2756     7.7336    236.642    7.36914  225.48963    104.946 -9.990e-29
   40.77558  -72.57276      2.432      2.413    21.5306    30.9549      8.193     0.6057 1.9076e+01  1021.2860    21.5301    21.2755     7.7300    236.533    7.36914  225.48975    104.897 -9.990e-29
   40.77558  -72.57276      2.421      2.402    21.5306    30.9548      8.193     0.6057 1.8904e+01  1021.2859    21.5301    21.2754     7.7348    236.678    7.36906  225.48721    104.963 -9.990e-29
   40.77558  -72.57276      2.432      2.413    21.5308    30.9547      8.193     0.6057 1.5997e+01  1021.2859    21.5303    21.2753     7.7356    236.703    7.36902  225.48600    104.974 -9.990e-29
   40.77558  -72.57276      2.421      2.402    21.5308    30.9547      8.193     0.6057 1.4726e+01  1021.2857    21.5303    21.2753     7.7364    236.728    7.36895  225.48384    104.987 -9.990e-29
   40.77558  -72.57276      2.421      2.402    21.5306    30.9548      8.193     0.6192 1.4368e+01  1021.2859    21.5301    21.2754     7.7367    236.737    7.36872  225.47636    104.994 -9.990e-29
   40.77558  -72.57276      2.432      2.413    21.5306    30.9549      8.193     0.6057 9.1815e+00  1021.2860    21.5301    21.2755     7.7325    236.608    7.36829  225.46321    104.943 -9.990e-29
   40.77558  -72.57276      2.411      2.393    21.5304    30.9550      8.193     0.6057 6.8649e+00  1021.2860    21.5300    21.2755     7.7368    236.739    7.36800  225.45451    105.005 -9.990e-29
   40.77558  -72.57276      2.411      2.393    21.5308    30.9550      8.193     0.6057 6.6136e+00  1021.2861    21.5303    21.2755     7.7369    236.744    7.36787  225.45069    105.009 -9.990e-29
   40.77558  -72.57276      2.411      2.393    21.5311    30.9549      8.193     0.6057 7.3177e+00  1021.2856    21.5306    21.2753     7.7331    236.626    7.36775  225.44727    104.958 -9.990e-29
   40.77558  -72.57276      2.411      2.393    21.5315    30.9547      8.193     0.6192 7.8732e+00  1021.2855    21.5310    21.2751     7.7329    236.620    7.36761  225.44294    104.958 -9.990e-29
   40.77558  -72.57276      2.400      2.382    21.5315    30.9546      8.193     0.6057 7.9517e+00  1021.2853    21.5310    21.2750     7.7370    236.747    7.36749  225.43987    105.016 -9.990e-29
   40.77558  -72.57276      2.411      2.393    21.5315    30.9546      8.193     0.6192 1.0307e+01  1021.2854    21.5310    21.2750     7.7373    236.757    7.36749  225.43993    105.020 -9.990e-29
   40.77558  -72.57276      2.381      2.363    21.5315    30.9546      8.193     0.6057 1.3717e+01  1021.2854    21.5310    21.2750     7.7376    236.765    7.36747  225.43958    105.024 -9.990e-29
   40.77558  -72.57276      2.391      2.372    21.5315    30.9546      8.193     0.6057 1.4591e+01  1021.2852    21.5310    21.2750     7.7379    236.774    7.36746  225.43913    105.028 -9.990e-29
   40.77558  -72.57276      2.371      2.353    21.5313    30.9546      8.193     0.6192 1.4412e+01  1021.2853    21.5308    21.2750     7.7381    236.782    7.36741  225.43771    105.032 -9.990e-29
   40.77558  -72.57276      2.381      2.363    21.5310    30.9546      8.193     0.6192 1.4235e+01  1021.2853    21.5305    21.2750     7.7384    236.789    7.36736  225.43598    105.036 -9.990e-29
   40.77558  -72.57276      2.360      2.342    21.5308    30.9546      8.193     0.6192 1.4192e+01  1021.2853    21.5303    21.2752     7.7386    236.796    7.36731  225.43478    105.040 -9.990e-29
   40.77558  -72.57276      2.360      2.342    21.5304    30.9548      8.193     0.6192 1.2891e+01  1021.2858    21.5300    21.2754     7.7390    236.809    7.36741  225.43791    105.044 -9.990e-29
   40.77558  -72.57276      2.351      2.333    21.5306    30.9549      8.193     0.6192 1.0340e+01  1021.2856    21.5302    21.2755     7.7394    236.819    7.36745  225.43887    105.048 -9.990e-29
   40.77558  -72.57276      2.340      2.322    21.5306    30.9549      8.193     0.6192 9.6368e+00  1021.2856    21.5301    21.2755     7.7394    236.819    7.36752  225.44090    105.047 -9.990e-29
   40.77558  -72.57276      2.330      2.312    21.5308    30.9548      8.193     0.6192 1.0607e+01  1021.2855    21.5303    21.2754     7.7393    236.817    7.36752  225.44086    105.046 -9.990e-29
   40.77558  -72.57276      2.330      2.312    21.5306    30.9546      8.193     0.6192 1.5186e+01  1021.2854    21.5301    21.2752     7.7435    236.945    7.36747  225.43955    105.103 -9.990e-29
   40.77558  -72.57276      2.321      2.303    21.5308    30.9542      8.193     0.6192 1.7474e+01  1021.2850    21.5303    21.2750     7.7437    236.950    7.36743  225.43814    105.107 -9.990e-29
   40.77558  -72.57276      2.300      2.282    21.5306    30.9533      8.193     0.6192 1.7741e+01  1021.2847    21.5301    21.2744     7.7438    236.955    7.36740  225.43753    105.109 -9.990e-29
   40.77558  -72.57276      2.300      2.282    21.5299    30.9515      8.193     0.6192 1.9719e+01  1021.2832    21.5294    21.2733     7.7440    236.961    7.36742  225.43798    105.111 -9.990e-29
   40.77558  -72.57276      2.300      2.282    21.5278    30.9495      8.193     0.6192 2.0814e+01  1021.2817    21.5273    21.2723     7.7441    236.964    7.36740  225.43744    105.113 -9.990e-29
   40.77558  -72.57276      2.281      2.263    21.5246    30.9483      8.193     0.6192 2.0877e+01  1021.2813    21.5242    21.2722     7.7442    236.969    7.36743  225.43851    105.115 -9.990e-29
   40.77558  -72.57276      2.279      2.262    21.5208    30.9483      8.193     0.6192 2.0078e+01  1021.2829    21.5204    21.2731     7.7443    236.971    7.36745  225.43895    105.116 -9.990e-29
   40.77558  -72.57276      2.270      2.252    21.5173    30.9490      8.194     0.6192 1.9600e+01  1021.2842    21.5169    21.2745     7.7444    236.974    7.36748  225.44005    105.116 -9.990e-29
   40.77558  -72.57276      2.259      2.241    21.5142    30.9499      8.194     0.6192 1.9600e+01  1021.2859    21.5137    21.2760     7.7445    236.977    7.36758  225.44271    105.116 -9.990e-29
   40.77558  -72.57276      2.259      2.241    21.5118    30.9510      8.194     0.6192 1.6797e+01  1021.2873    21.5114    21.2775     7.7446    236.978    7.36760  225.44339    105.116 -9.990e-29
   40.77558  -72.57276      2.249      2.232    21.5098    30.9520      8.194     0.6192 1.4908e+01  1021.2888    21.5094    21.2789     7.7449    236.988    7.36762  225.44392    105.121 -9.990e-29
   40.77558  -72.57276      2.251      2.233    21.5086    30.9529      8.194     0.6192 1.4636e+01  1021.2897    21.5082    21.2799     7.7495    237.129    7.36760  225.44317    105.184 -9.990e-29
   40.77558  -72.57276      2.240      2.222    21.5077    30.9535      8.194     0.6192 1.5997e+01  1021.2904    21.5073    21.2806     7.7454    237.004    7.36759  225.44279    105.128 -9.990e-29
   40.77558  -72.57276      2.240      2.222    21.5067    30.9537      8.194     0.6192 1.7474e+01  1021.2910    21.5062    21.2810     7.7456    237.010    7.36751  225.44046    105.132 -9.990e-29
   40.77558  -72.57276      2.229      2.211    21.5064    30.9537      8.194     0.6192 1.7795e+01  1021.2906    21.5060    21.2811     7.7458    237.015    7.36747  225.43925    105.135 -9.990e-29
   40.77558  -72.57276      2.229      2.211    21.5053    30.9536      8.194     0.6192 1.7003e+01  1021.2910    21.5049    21.2813     7.7499    237.142    7.36743  225.43804    105.192 -9.990e-29
   40.77558  -72.57276      2.229      2.211    21.5046    30.9537      8.194     0.6192 1.5997e+01  1021.2911    21.5041    21.2816     7.7460    237.023    7.36736  225.43601    105.140 -9.990e-29
   40.77558  -72.57276      2.240      2.222    21.5036    30.9542      8.194     0.6057 1.5754e+01  1021.2917    21.5032    21.2822     7.7462    237.028    7.36735  225.43557    105.142 -9.990e-29
   40.77558  -72.57276      2.219      2.202    21.5028    30.9551      8.194     0.5923 1.5563e+01  1021.2926    21.5024    21.2830     7.7459    237.018    7.36726  225.43296    105.139 -9.990e-29
   40.77558  -72.57276      2.229      2.211    21.5026    30.9560      8.194     0.5923 1.5046e+01  1021.2938    21.5022    21.2838     7.7502    237.151    7.36717  225.43005    105.199 -9.990e-29
   40.77558  -72.57276      2.229      2.211    21.5031    30.9566      8.194     0.5923 1.4908e+01  1021.2941    21.5027    21.2841     7.7462    237.029    7.36706  225.42699    105.147 -9.990e-29
   40.77558  -72.57276      2.229      2.211    21.5037    30.9566      8.194     0.5923 1.5563e+01  1021.2937    21.5032    21.2841     7.7415    236.885    7.36701  225.42532    105.084 -9.990e-29
   40.77558  -72.57276      2.240      2.222    21.5040    30.9564      8.194     0.5923 1.7957e+01  1021.2936    21.5036    21.2838     7.7412    236.877    7.36700  225.42513    105.080 -9.990e-29
   40.77558  -72.57276      2.240      2.222    21.5042    30.9560      8.194     0.5923 1.8904e+01  1021.2932    21.5038    21.2835     7.7453    237.000    7.36699  225.42478    105.135 -9.990e-29
   40.77558  -72.57276      2.240      2.222    21.5043    30.9557      8.194     0.5923 1.8509e+01  1021.2928    21.5039    21.2832     7.7453    237.000    7.36697  225.42426    105.135 -9.990e-29
   40.77558  -72.57276      2.240      2.222    21.5042    30.9555      8.194     0.5923 1.5948e+01  1021.2927    21.5038    21.2831     7.7453    237.001    7.36697  225.42454    105.135 -9.990e-29
   40.77558  -72.57276      2.259      2.241    21.5040    30.9555      8.194     0.5923 1.4954e+01  1021.2927    21.5036    21.2831     7.7410    236.869    7.36697  225.42453    105.077 -9.990e-29
   40.77558  -72.57276      2.259      2.241    21.5038    30.9558      8.194     0.5923 1.4954e+01  1021.2931    21.5034    21.2834     7.7406    236.858    7.36698  225.42466    105.072 -9.990e-29
   40.77558  -72.57276      2.270      2.252    21.5042    30.9563      8.194     0.5923 1.6194e+01  1021.2935    21.5038    21.2837     7.7399    236.837    7.36697  225.42437    105.063 -9.990e-29
   40.77558  -72.57276      2.270      2.252    21.5044    30.9567      8.194     0.5923 1.6899e+01  1021.2937    21.5040    21.2839     7.7439    236.958    7.36695  225.42367    105.117 -9.990e-29
   40.77558  -72.57276      2.281      2.263    21.5049    30.9576      8.194     0.5923 1.6951e+01  1021.2938    21.5044    21.2844     7.7395    236.825    7.36695  225.42379    105.058 -9.990e-29
   40.77558  -72.57276      2.300      2.282    21.5058    30.9589      8.194     0.6057 1.5803e+01  1021.2955    21.5053    21.2851     7.7392    236.813    7.36692  225.42286    105.053 -9.990e-29
   40.77558  -72.57276      2.300      2.282    21.5086    30.9597      8.194     0.5923 1.5093e+01  1021.2956    21.5082    21.2851     7.7430    236.932    7.36686  225.42099    105.106 -9.990e-29
   40.77558  -72.57276      2.300      2.282    21.5112    30.9595      8.194     0.5923 1.4954e+01  1021.2942    21.5107    21.2843     7.7382    236.783    7.36671  225.41632    105.042 -9.990e-29
   40.77558  -72.57276      2.321      2.303    21.5124    30.9590      8.194     0.5923 1.5563e+01  1021.2934    21.5119    21.2836     7.7377    236.769    7.36664  225.41449    105.037 -9.990e-29
   40.77558  -72.57276      2.321      2.303    21.5133    30.9586      8.194     0.5923 1.6095e+01  1021.2931    21.5128    21.2829     7.7373    236.758    7.36669  225.41606    105.031 -9.990e-29
   40.77558  -72.57276      2.330      2.312    21.5146    30.9578      8.194     0.5923 1.6243e+01  1021.2924    21.5141    21.2820     7.7367    236.738    7.36680  225.41927    105.021 -9.990e-29
   40.77558  -72.57276      2.340      2.322    21.5159    30.9566      8.194     0.5923 1.7315e+01  1021.2908    21.5155    21.2808     7.7360    236.716    7.36683  225.42039    105.011 -9.990e-29
   40.77558  -72.57276      2.351      2.333    21.5164    30.9555      8.194     0.5923 1.8847e+01  1021.2897    21.5160    21.2797     7.7357    236.706    7.36694  225.42353    105.005 -9.990e-29
   40.77558  -72.57276      2.360      2.342    21.5168    30.9548      8.194     0.5923 1.9249e+01  1021.2889    21.5164    21.2791     7.7353    236.695    7.36699  225.42490    104.999 -9.990e-29
   40.77558  -72.57276      2.360      2.342    21.5168    30.9548      8.194     0.5923 1.7474e+01  1021.2893    21.5163    21.2791     7.7349    236.681    7.36699  225.42487    104.993 -9.990e-29
   40.77558  -72.57276      2.370      2.352    21.5169    30.9551      8.194     0.6057 1.4636e+01  1021.2897    21.5165    21.2792     7.7345    236.669    7.36700  225.42530    104.988 -9.990e-29
   40.77558  -72.57276      2.381      2.363    21.5174    30.9551      8.194     0.6192 1.3888e+01  1021.2896    21.5169    21.2791     7.7341    236.659    7.36707  225.42753    104.982 -9.990e-29
   40.77558  -72.57276      2.381      2.363    21.5178    30.9548      8.193     0.6192 1.4235e+01  1021.2892    21.5174    21.2789     7.7337    236.647    7.36712  225.42900    104.976 -9.990e-29
   40.77558  -72.57276      2.400      2.382    21.5173    30.9545      8.194     0.6192 1.5139e+01  1021.2889    21.5168    21.2787     7.7334    236.636    7.36719  225.43114    104.971 -9.990e-29
   40.77558  -72.57276      2.400      2.382    21.5170    30.9545      8.194     0.6192 1.5515e+01  1021.2890    21.5166    21.2789     7.7330    236.625    7.36725  225.43317    104.965 -9.990e-29
   40.77558  -72.57276      2.411      2.393    21.5163    30.9548      8.194     0.6192 1.5093e+01  1021.2898    21.5158    21.2792     7.7327    236.616    7.36738  225.43687    104.959 -9.990e-29
   40.77558  -72.57276      2.411      2.393    21.5163    30.9549      8.194     0.6192 1.3257e+01  1021.2898    21.5158    21.2793     7.7366    236.736    7.36738  225.43690    105.012 -9.990e-29
   40.77558  -72.57276      2.411      2.393    21.5166    30.9549      8.194     0.6192 1.2574e+01  1021.2897    21.5161    21.2793     7.7365    236.731    7.36733  225.43512    105.011 -9.990e-29
   40.77558  -72.57276      2.432      2.413    21.5169    30.9548      8.194     0.6192 1.2731e+01  1021.2897    21.5165    21.2790     7.7323    236.603    7.36721  225.43160    104.955 -9.990e-29
   40.77558  -72.57276      2.421      2.402    21.5174    30.9545      8.194     0.6192 1.4368e+01  1021.2890    21.5169    21.2788     7.7364    236.730    7.36711  225.42862    105.013 -9.990e-29
   40.77558  -72.57276      2.441      2.423    21.5171    30.9544      8.194     0.6192 1.5279e+01  1021.2894    21.5167    21.2787     7.7367    236.737    7.36709  225.42777    105.017 -9.990e-29
   40.77558  -72.57276      2.432      2.413    21.5173    30.9544      8.194     0.6192 1.5373e+01  1021.2893    21.5168    21.2787     7.7369    236.745    7.36707  225.42743    105.020 -9.990e-29
   40.77558  -72.57276      2.441      2.423    21.5172    30.9543      8.194     0.6192 1.5997e+01  1021.2890    21.5167    21.2787     7.7372    236.753    7.36705  225.42689    105.024 -9.990e-29
   40.77558  -72.57276      2.441      2.423    21.5169    30.9543      8.194     0.6192 1.6442e+01  1021.2893    21.5165    21.2787     7.7375    236.761    7.36706  225.42723    105.028 -9.990e-29
   40.77558  -72.57276      2.451      2.432    21.5168    30.9544      8.194     0.6192 1.6493e+01  1021.2892    21.5163    21.2789     7.7377    236.768    7.36702  225.42600    105.032 -9.990e-29
