CalculateIndicators/WaterTemperature/Data/CTD_NYOS/20240710_C17.cnv
* Sea-Bird SBE 9 Data File:
* FileName = C:\Seabird 9 CTD\Data\2024\202407_offshore\20240710_C17.hex
* Software Version Seasave V 7.23.2
* Temperature SN = 4590
* Conductivity SN = 3228
* Number of Bytes Per Scan = 44
* Number of Voltage Words = 5
* Number of Scans Averaged by the Deck Unit = 1
* NMEA Latitude = 40 13.24 N
* NMEA Longitude = 072 41.16 W
* NMEA UTC (Time) = Jul 10 2024  03:29:26
* NMEA baud rate = 4800
** Ship: seawolf
** Station: 9.3
** Operator: TDK
# nquan = 18
# nvalues = 14666                       
# units = specified
# name 0 = latitude: Latitude [deg]
# name 1 = longitude: Longitude [deg]
# name 2 = prDM: Pressure, Digiquartz [db]
# name 3 = depSM: Depth [salt water, m]
# name 4 = t090C: Temperature [ITS-90, deg C]
# name 5 = sal00: Salinity, Practical [PSU]
# name 6 = ph: pH
# name 7 = flECO-AFL: Fluorescence, WET Labs ECO-AFL/FL [mg/m^3]
# name 8 = cpar: CPAR/Corrected Irradiance [%]
# name 9 = density00: Density [density, kg/m^3]
# name 10 = potemp090C: Potential Temperature [ITS-90, deg C]
# name 11 = sigma-é00: Density [sigma-theta, kg/m^3]
# name 12 = sbeox0Mg/L: Oxygen, SBE 43 [mg/l]
# name 13 = sbox0Mm/Kg: Oxygen, SBE 43 [umol/kg]
# name 14 = oxsolMg/L: Oxygen Saturation, Garcia & Gordon [mg/l]
# name 15 = oxsolMm/Kg: Oxygen Saturation, Garcia & Gordon [umol/kg]
# name 16 = sbeox0PS: Oxygen, SBE 43 [% saturation]
# name 17 = flag:  0.000e+00
# span 0 =   40.22082,   40.22164       
# span 1 =  -72.68612,  -72.68358       
# span 2 =      1.647,     53.107       
# span 3 =      1.635,     52.692       
# span 4 =     6.6829,    23.5302       
# span 5 =    30.0280,    31.9726       
# span 6 =      7.830,      8.102       
# span 7 =    -0.0255,     3.7755       
# span 8 = 1.6880e-11, 9.9999e+04       
# span 9 =  1020.2189,  1025.3156       
# span 10 =     6.6788,    23.5294      
# span 11 =    20.2141,    25.0721      
# span 12 =     7.1156,    10.3649      
# span 13 =    216.969,    316.364      
# span 14 =    7.13401,    9.91787      
# span 15 =  218.51775,  302.36799      
# span 16 =     72.409,    119.926      
# span 17 = 0.0000e+00, 0.0000e+00      
# interval = seconds: 0.0416667
# start_time = Jul 10 2024 03:29:27 [System UTC, first data scan.]
# bad_flag = -9.990e-29
*END*
[from data line 12784]
   40.22154  -72.68398      2.153      2.137    23.4878    30.3210      7.966     0.8744 1.5326e+01  1020.2603    23.4874    20.2510     7.5865    232.376    7.13862  218.65718    106.274 -9.990e-29
   40.22154  -72.68398      2.142      2.126    23.4876    30.3205      7.966     0.8744 1.5279e+01  1020.2599    23.4872    20.2507     7.5870    232.391    7.13863  218.65763    106.281 -9.990e-29
   40.22154  -72.68398      2.163      2.146    23.4875    30.3205      7.966     0.8744 1.5186e+01  1020.2596    23.4870    20.2506     7.5875    232.408    7.13866  218.65837    106.288 -9.990e-29
   40.22154  -72.68398      2.163      2.146    23.4867    30.3205      7.966     0.8744 1.5093e+01  1020.2603    23.4863    20.2508     7.5881    232.426    7.13870  218.65972    106.296 -9.990e-29
   40.22154  -72.68398      2.173      2.156    23.4867    30.3206      7.961     0.8744 2.2709e+01  1020.2604    23.4863    20.2511     7.5846    232.317    7.13876  218.66175    106.245 -9.990e-29
   40.22154  -72.68398      2.193      2.176    23.4862    30.3208      7.966     0.8744 1.6343e+01  1020.2608    23.4858    20.2514     7.5891    232.456    7.13885  218.66469    106.307 -9.990e-29
   40.22154  -72.68398      2.193      2.176    23.4858    30.3211      7.966     0.8744 1.7106e+01  1020.2612    23.4854    20.2518     7.5897    232.476    7.13893  218.66720    106.315 -9.990e-29
   40.22154  -72.68398      2.193      2.176    23.4853    30.3214      7.966     0.8744 1.7158e+01  1020.2617    23.4849    20.2520     7.5904    232.496    7.13900  218.66884    106.323 -9.990e-29
   40.22154  -72.68398      2.214      2.197    23.4853    30.3214      7.966     0.8744 1.6144e+01  1020.2614    23.4849    20.2521     7.5910    232.515    7.13901  218.66921    106.332 -9.990e-29
   40.22154  -72.68398      2.204      2.187    23.4848    30.3216      7.966     0.8744 1.5468e+01  1020.2618    23.4843    20.2523     7.5917    232.535    7.13906  218.67081    106.340 -9.990e-29
   40.22154  -72.68398      2.223      2.206    23.4846    30.3219      7.966     0.8744 1.5326e+01  1020.2621    23.4842    20.2526     7.5924    232.556    7.13912  218.67270    106.349 -9.990e-29
   40.22154  -72.68398      2.223      2.206    23.4842    30.3224      7.966     0.8744 1.2495e+01  1020.2626    23.4838    20.2530     7.5932    232.580    7.13924  218.67615    106.358 -9.990e-29
   40.22154  -72.68398      2.233      2.216    23.4848    30.3231      7.966     0.8744 1.0112e+01  1020.2631    23.4843    20.2535     7.5938    232.600    7.13927  218.67705    106.367 -9.990e-29
   40.22154  -72.68398      2.233      2.216    23.4849    30.3231      7.966     0.8744 9.6679e+00  1020.2637    23.4845    20.2537     7.5945    232.621    7.13928  218.67724    106.376 -9.990e-29
   40.22154  -72.68398      2.233      2.216    23.4858    30.3231      7.966     0.8744 1.0675e+01  1020.2631    23.4854    20.2535     7.5949    232.632    7.13928  218.67725    106.382 -9.990e-29
   40.22154  -72.68398      2.244      2.227    23.4864    30.3230      7.966     0.8744 1.2225e+01  1020.2628    23.4859    20.2530     7.5951    232.640    7.13921  218.67484    106.386 -9.990e-29
   40.22154 -9.990e-29      2.254      2.236    23.4867    30.3224      7.966     0.8744 1.2652e+01  1020.2621    23.4863    20.2525     7.5913    232.522    7.13916  218.67344    106.333 -9.990e-29
   40.22154 -9.990e-29      2.244      2.227    23.4869    30.3219      7.966     0.8744 1.3717e+01  1020.2614    23.4865    20.2521     7.5913    232.523    7.13911  218.67211    106.334 -9.990e-29
   40.22154 -9.990e-29      2.254      2.236    23.4869    30.3219      7.966     0.8744 1.6443e+01  1020.2618    23.4865    20.2520     7.5914    232.526    7.13913  218.67263    106.335 -9.990e-29
   40.22154 -9.990e-29      2.233      2.216    23.4871    30.3217      7.966     0.8744 1.7474e+01  1020.2618    23.4866    20.2518     7.5915    232.529    7.13915  218.67322    106.336 -9.990e-29
   40.22154 -9.990e-29      2.254      2.236    23.4878    30.3210      7.966     0.8744 1.8453e+01  1020.2608    23.4874    20.2511     7.5958    232.661    7.13918  218.67434    106.396 -9.990e-29
   40.22154 -9.990e-29      2.244      2.227    23.4882    30.3201      7.966     0.8744 2.2566e+01  1020.2596    23.4877    20.2504     7.5963    232.675    7.13921  218.67503    106.402 -9.990e-29
   40.22154 -9.990e-29      2.233      2.216    23.4875    30.3201      7.966     0.8609 2.4382e+01  1020.2596    23.4870    20.2503     7.5925    232.559    7.13920  218.67497    106.349 -9.990e-29
   40.22154 -9.990e-29      2.233      2.216    23.4869    30.3201      7.966     0.8609 2.3388e+01  1020.2602    23.4865    20.2506     7.5926    232.564    7.13923  218.67579    106.351 -9.990e-29
   40.22154 -9.990e-29      2.233      2.216    23.4862    30.3205      7.966     0.8609 1.7527e+01  1020.2608    23.4858    20.2511     7.5925    232.559    7.13927  218.67713    106.348 -9.990e-29
   40.22154 -9.990e-29      2.214      2.197    23.4860    30.3209      7.966     0.8609 1.5279e+01  1020.2610    23.4856    20.2515     7.5965    232.683    7.13935  218.67952    106.404 -9.990e-29
   40.22154 -9.990e-29      2.225      2.208    23.4855    30.3213      7.966     0.8609 1.5093e+01  1020.2615    23.4850    20.2519     7.5926    232.563    7.13946  218.68291    106.347 -9.990e-29
   40.22154 -9.990e-29      2.214      2.197    23.4853    30.3217      7.966     0.8609 1.4681e+01  1020.2617    23.4849    20.2523     7.5925    232.558    7.13952  218.68456    106.344 -9.990e-29
   40.22154 -9.990e-29      2.214      2.197    23.4849    30.3222      7.966     0.8609 1.4368e+01  1020.2624    23.4845    20.2527     7.5962    232.673    7.13962  218.68758    106.395 -9.990e-29
   40.22154 -9.990e-29      2.214      2.197    23.4851    30.3228      7.966     0.8609 1.4324e+01  1020.2627    23.4847    20.2532     7.5960    232.667    7.13966  218.68870    106.392 -9.990e-29
   40.22154 -9.990e-29      2.214      2.197    23.4853    30.3232      7.966     0.8609 1.4017e+01  1020.2632    23.4849    20.2534     7.5920    232.543    7.13972  218.69055    106.334 -9.990e-29
   40.22154 -9.990e-29      2.203      2.186    23.4858    30.3233      7.966     0.8609 1.3802e+01  1020.2630    23.4854    20.2535     7.5918    232.538    7.13978  218.69247    106.331 -9.990e-29
   40.22154 -9.990e-29      2.225      2.208    23.4858    30.3233      7.966     0.8609 1.3760e+01  1020.2630    23.4854    20.2533     7.5955    232.650    7.13985  218.69435    106.381 -9.990e-29
   40.22154 -9.990e-29      2.214      2.197    23.4866    30.3234      7.966     0.8609 1.4863e+01  1020.2625    23.4861    20.2532     7.5952    232.642    7.13988  218.69529    106.377 -9.990e-29
   40.22154 -9.990e-29      2.223      2.206    23.4864    30.3237      7.966     0.8609 1.6046e+01  1020.2628    23.4859    20.2535     7.5908    232.507    7.13993  218.69672    106.315 -9.990e-29
   40.22154 -9.990e-29      2.233      2.216    23.4866    30.3247      7.966     0.8609 1.6293e+01  1020.2638    23.4861    20.2542     7.5947    232.626    7.13997  218.69804    106.369 -9.990e-29
   40.22154 -9.990e-29      2.233      2.216    23.4869    30.3257      7.966     0.8609 1.6695e+01  1020.2648    23.4865    20.2548     7.5944    232.618    7.14003  218.69984    106.364 -9.990e-29
   40.22154 -9.990e-29      2.244      2.227    23.4880    30.3257      7.966     0.8609 1.7263e+01  1020.2648    23.4875    20.2549     7.5900    232.482    7.14012  218.70251    106.301 -9.990e-29
   40.22154 -9.990e-29      2.265      2.247    23.4892    30.3257      7.966     0.8609 1.7421e+01  1020.2644    23.4888    20.2545     7.5935    232.589    7.14013  218.70267    106.350 -9.990e-29
   40.22154 -9.990e-29      2.254      2.236    23.4905    30.3254      7.966     0.8609 1.5851e+01  1020.2631    23.4900    20.2537     7.5889    232.449    7.14012  218.70235    106.286 -9.990e-29
   40.22154 -9.990e-29      2.274      2.257    23.4911    30.3247      7.966     0.8609 1.3053e+01  1020.2628    23.4906    20.2529     7.5926    232.563    7.14008  218.70077    106.338 -9.990e-29
   40.22154 -9.990e-29      2.274      2.257    23.4921    30.3242      7.966     0.8609 1.2263e+01  1020.2619    23.4916    20.2523     7.5884    232.432    7.14005  218.70017    106.279 -9.990e-29
   40.22154 -9.990e-29      2.284      2.266    23.4925    30.3238      7.966     0.8609 1.2225e+01  1020.2616    23.4920    20.2518     7.5880    232.421    7.14011  218.70215    106.273 -9.990e-29
   40.22154 -9.990e-29      2.285      2.268    23.4930    30.3235      7.966     0.8609 1.2110e+01  1020.2613    23.4925    20.2515     7.5923    232.552    7.14026  218.70685    106.330 -9.990e-29
   40.22154 -9.990e-29      2.274      2.257    23.4933    30.3233      7.966     0.8609 1.2073e+01  1020.2609    23.4929    20.2512     7.5926    232.562    7.14037  218.71019    106.333 -9.990e-29
   40.22154 -9.990e-29      2.274      2.257    23.4937    30.3231      7.966     0.8609 1.1997e+01  1020.2608    23.4932    20.2510     7.5887    232.443    7.14042  218.71150    106.278 -9.990e-29
   40.22154 -9.990e-29      2.274      2.257    23.4939    30.3229      7.966     0.8609 1.1553e+01  1020.2604    23.4935    20.2508     7.5886    232.439    7.14040  218.71037    106.277 -9.990e-29
   40.22154 -9.990e-29      2.265      2.247    23.4940    30.3226      7.966     0.8744 1.1372e+01  1020.2604    23.4936    20.2505     7.5926    232.561    7.14027  218.70613    106.335 -9.990e-29
   40.22154 -9.990e-29      2.265      2.247    23.4942    30.3223      7.971     0.8744 1.1444e+01  1020.2599    23.4938    20.2503     7.5886    232.439    7.14019  218.70369    106.280 -9.990e-29
   40.22154 -9.990e-29      2.255      2.238    23.4942    30.3219      7.966     0.8744 1.2732e+01  1020.2597    23.4938    20.2500     7.5927    232.563    7.14012  218.70192    106.338 -9.990e-29
   40.22154 -9.990e-29      2.244      2.227    23.4942    30.3215      7.966     0.8744 2.0197e+01  1020.2592    23.4938    20.2496     7.5930    232.573    7.14015  218.70322    106.342 -9.990e-29
   40.22154 -9.990e-29      2.244      2.227    23.4940    30.3208      7.966     0.8744 1.3548e+01  1020.2589    23.4936    20.2491     7.5891    232.456    7.14020  218.70534    106.287 -9.990e-29
   40.22154 -9.990e-29      2.233      2.216    23.4939    30.3199      7.971     0.8744 1.2891e+01  1020.2581    23.4935    20.2486     7.5892    232.457    7.14026  218.70714    106.287 -9.990e-29
   40.22154 -9.990e-29      2.223      2.206    23.4935    30.3198      7.966     0.8744 1.2495e+01  1020.2574    23.4931    20.2481     7.5889    232.449    7.14033  218.70922    106.282 -9.990e-29
   40.22154 -9.990e-29      2.203      2.186    23.4930    30.3198      7.966     0.8744 1.2418e+01  1020.2572    23.4925    20.2483     7.5931    232.579    7.14039  218.71086    106.341 -9.990e-29
   40.22154 -9.990e-29      2.204      2.187    23.4919    30.3198      7.966     0.8744 1.2692e+01  1020.2588    23.4915    20.2489     7.5935    232.588    7.14043  218.71179    106.345 -9.990e-29
   40.22154 -9.990e-29      2.193      2.176    23.4917    30.3200      7.971     0.8744 1.2891e+01  1020.2590    23.4913    20.2493     7.5896    232.469    7.14041  218.71090    106.291 -9.990e-29
   40.22154 -9.990e-29      2.163      2.146    23.4916    30.3200      7.971     0.8744 1.2972e+01  1020.2584    23.4911    20.2493     7.5938    232.598    7.14044  218.71166    106.349 -9.990e-29
   40.22154 -9.990e-29      2.163      2.146    23.4911    30.3202      7.971     0.8744 1.2613e+01  1020.2585    23.4906    20.2494     7.5941    232.606    7.14040  218.71055    106.353 -9.990e-29
   40.22154 -9.990e-29      2.153      2.137    23.4900    30.3203      7.966     0.8744 1.2187e+01  1020.2592    23.4895    20.2499     7.5944    232.615    7.14039  218.71025    106.358 -9.990e-29
   40.22154 -9.990e-29      2.133      2.116    23.4896    30.3208      7.971     0.8744 1.2073e+01  1020.2595    23.4892    20.2504     7.5946    232.622    7.14032  218.70786    106.362 -9.990e-29
   40.22154 -9.990e-29      2.123      2.107    23.4892    30.3213      7.971     0.8744 1.2263e+01  1020.2601    23.4888    20.2509     7.5990    232.758    7.14028  218.70644    106.425 -9.990e-29
   40.22154 -9.990e-29      2.122      2.105    23.4891    30.3219      7.971     0.8744 1.2613e+01  1020.2605    23.4886    20.2513     7.5996    232.775    7.14022  218.70483    106.433 -9.990e-29
   40.22154 -9.990e-29      2.092      2.075    23.4894    30.3219      7.971     0.8744 1.2732e+01  1020.2608    23.4890    20.2516     7.6001    232.790    7.14014  218.70239    106.441 -9.990e-29
   40.22154 -9.990e-29      2.092      2.075    23.4898    30.3219      7.971     0.8744 1.2574e+01  1020.2608    23.4893    20.2515     7.5964    232.678    7.14007  218.70024    106.391 -9.990e-29
   40.22154 -9.990e-29      2.072      2.056    23.4905    30.3219      7.966     0.8744 1.2149e+01  1020.2598    23.4901    20.2511     7.6004    232.801    7.14000  218.69825    106.449 -9.990e-29
   40.22154 -9.990e-29      2.072      2.056    23.4905    30.3214      7.971     0.8744 1.1997e+01  1020.2595    23.4901    20.2506     7.6006    232.808    7.13995  218.69683    106.452 -9.990e-29
   40.22154 -9.990e-29      2.042      2.026    23.4905    30.3211      7.971     0.8744 1.2302e+01  1020.2591    23.4901    20.2504     7.6007    232.809    7.13984  218.69305    106.455 -9.990e-29
   40.22154 -9.990e-29      2.031      2.016    23.4903    30.3210      7.971     0.8744 1.3845e+01  1020.2588    23.4899    20.2503     7.6008    232.811    7.13971  218.68909    106.458 -9.990e-29
   40.22154 -9.990e-29      2.022      2.006    23.4900    30.3210      7.971     0.8744 1.4591e+01  1020.2591    23.4896    20.2504     7.6011    232.822    7.13960  218.68574    106.464 -9.990e-29
   40.22154 -9.990e-29      1.991      1.976    23.4900    30.3209      7.971     0.8744 1.4726e+01  1020.2591    23.4896    20.2504     7.6015    232.833    7.13951  218.68310    106.471 -9.990e-29
   40.22154 -9.990e-29      1.991      1.976    23.4898    30.3208      7.971     0.8609 1.6243e+01  1020.2591    23.4894    20.2503     7.6016    232.836    7.13945  218.68170    106.472 -9.990e-29
   40.22154 -9.990e-29      1.971      1.956    23.4898    30.3202      7.971     0.8609 1.7106e+01  1020.2583    23.4894    20.2499     7.6057    232.964    7.13938  218.67963    106.532 -9.990e-29
   40.22154 -9.990e-29      1.961      1.946    23.4894    30.3202      7.971     0.8609 1.7106e+01  1020.2578    23.4890    20.2496     7.6061    232.975    7.13934  218.67848    106.538 -9.990e-29
   40.22154 -9.990e-29      1.951      1.936    23.4885    30.3202      7.971     0.8609 1.2456e+01  1020.2580    23.4881    20.2498     7.6067    232.993    7.13930  218.67705    106.547 -9.990e-29
   40.22154 -9.990e-29      1.940      1.926    23.4878    30.3202      7.971     0.8609 1.0144e+01  1020.2588    23.4874    20.2504     7.6027    232.872    7.13920  218.67398    106.493 -9.990e-29
   40.22154 -9.990e-29      1.940      1.926    23.4867    30.3207      7.971     0.8609 9.8876e+00  1020.2596    23.4863    20.2510     7.6068    232.997    7.13916  218.67296    106.550 -9.990e-29
   40.22154 -9.990e-29      1.920      1.905    23.4864    30.3209      7.971     0.8609 2.1954e+01  1020.2597    23.4860    20.2514     7.6073    233.012    7.13908  218.67082    106.558 -9.990e-29
   40.22154 -9.990e-29      1.920      1.905    23.4858    30.3209      7.971     0.8609 2.0505e+01  1020.2600    23.4855    20.2516     7.6078    233.029    7.13908  218.67071    106.566 -9.990e-29
   40.22154 -9.990e-29      1.920      1.905    23.4855    30.3209      7.971     0.8609 2.1902e+01  1020.2597    23.4851    20.2516     7.6080    233.034    7.13908  218.67092    106.568 -9.990e-29
