CalculateIndicators/WaterTemperature/Data/CTD_NYOS/20240426_C08.cnv
* Sea-Bird SBE 9 Data File:
* FileName = C:\Seabird 9 CTD\Data\2024\202404_offshore\20240426_C08.hex
* Software Version Seasave V 7.23.2
* Temperature SN = 4590
* Conductivity SN = 3228
* Number of Bytes Per Scan = 44
* Number of Voltage Words = 5
* Number of Scans Averaged by the Deck Unit = 1
* NMEA Latitude = 39 36.16 N
* NMEA Longitude = 072 45.30 W
* NMEA UTC (Time) = Apr 26 2024  22:08:35
* NMEA baud rate = 4800
** Ship: Seawolf
** Station: 8.5
** Operator: SJW
# nquan = 18
# nvalues = 14800                       
# units = specified
# name 0 = latitude: Latitude [deg]
# name 1 = longitude: Longitude [deg]
# name 2 = prDM: Pressure, Digiquartz [db]
# name 3 = depSM: Depth [salt water, m]
# name 4 = t090C: Temperature [ITS-90, deg C]
# name 5 = sal00: Salinity, Practical [PSU]
# name 6 = ph: pH
# name 7 = flECO-AFL: Fluorescence, WET Labs ECO-AFL/FL [mg/m^3]
# name 8 = cpar: CPAR/Corrected Irradiance [%]
# name 9 = density00: Density [density, kg/m^3]
# name 10 = potemp090C: Potential Temperature [ITS-90, deg C]
# name 11 = sigma-é00: Density [sigma-theta, kg/m^3]
# name 12 = sbeox0Mg/L: Oxygen, SBE 43 [mg/l]
# name 13 = sbox0Mm/Kg: Oxygen, SBE 43 [umol/kg]
# name 14 = oxsolMg/L: Oxygen Saturation, Garcia & Gordon [mg/l]
# name 15 = oxsolMm/Kg: Oxygen Saturation, Garcia & Gordon [umol/kg]
# name 16 = sbeox0PS: Oxygen, SBE 43 [% saturation]
# name 17 = flag:  0.000e+00
# span 0 =   39.60266,   39.60346       
# span 1 =  -72.75806,  -72.75500       
# span 2 =      1.674,     65.126       
# span 3 =      1.661,     64.619       
# span 4 =     6.0067,     8.0474       
# span 5 =    31.8245,    32.2615       
# span 6 =      7.933,      8.038       
# span 7 =     0.0148,     1.1027       
# span 8 = 5.7940e-14, 4.0936e+00       
# span 9 =  1024.8099,  1025.6823       
# span 10 =     6.0023,     8.0472      
# span 11 =    24.7882,    25.3827      
# span 12 =     9.2566,    10.0285      
# span 13 =    282.113,    305.801      
# span 14 =    9.61569,   10.05611      
# span 15 =  293.21922,  306.48880      
# span 16 =     92.163,    103.801      
# span 17 = 0.0000e+00, 0.0000e+00      
# interval = seconds: 0.0416667
# start_time = Apr 26 2024 22:08:37 [System UTC, first data scan.]
# bad_flag = -9.990e-29
*END*
[from data line 3538]
   39.60282  -72.75574     64.329     63.829     6.0594    32.2597      7.937     0.0282 5.9929e-14  1025.6779     6.0542    25.3811     9.2886    283.089   10.04097  306.01768     92.507 -9.990e-29
   39.60282  -72.75574     64.320     63.819     6.0596    32.2597      7.937     0.0282 5.9929e-14  1025.6780     6.0544    25.3812     9.2892    283.106   10.04091  306.01577     92.514 -9.990e-29
   39.60282  -72.75574     64.347     63.847     6.0594    32.2597      7.942     0.0282 5.9858e-14  1025.6782     6.0542    25.3812     9.2897    283.122   10.04079  306.01202     92.520 -9.990e-29
   39.60282  -72.75574     64.350     63.849     6.0596    32.2596      7.942     0.0282 5.9858e-14  1025.6781     6.0544    25.3811     9.2904    283.142   10.04074  306.01058     92.527 -9.990e-29
   39.60282  -72.75574     64.360     63.859     6.0596    32.2595      7.942     0.0282 5.9787e-14  1025.6781     6.0544    25.3810     9.2901    283.134   10.04078  306.01206     92.524 -9.990e-29
   39.60282  -72.75574     64.378     63.877     6.0596    32.2594      7.942     0.0282 5.9787e-14  1025.6780     6.0544    25.3809     9.2899    283.126   10.04084  306.01406     92.521 -9.990e-29
   39.60282  -72.75574     64.391     63.890     6.0598    32.2593      7.942     0.0282 5.9787e-14  1025.6778     6.0546    25.3808     9.2897    283.120   10.04094  306.01691     92.518 -9.990e-29
   39.60282  -72.75574     64.401     63.900     6.0594    32.2594      7.942     0.0282 5.9717e-14  1025.6781     6.0542    25.3809     9.2959    283.310   10.04090  306.01572     92.580 -9.990e-29
   39.60282  -72.75574     64.409     63.908     6.0594    32.2595      7.942     0.0282 5.9717e-14  1025.6783     6.0542    25.3810     9.2901    283.133   10.04099  306.01842     92.521 -9.990e-29
   39.60282  -72.75574     64.422     63.921     6.0596    32.2595      7.942     0.0282 5.9717e-14  1025.6781     6.0544    25.3810     9.2897    283.122   10.04098  306.01809     92.518 -9.990e-29
   39.60282  -72.75574     64.450     63.948     6.0594    32.2596      7.937     0.0282 5.9647e-14  1025.6785     6.0542    25.3811     9.2894    283.111   10.04099  306.01839     92.515 -9.990e-29
   39.60282  -72.75574     64.452     63.951     6.0593    32.2598      7.942     0.0282 5.9647e-14  1025.6788     6.0540    25.3812     9.2824    282.900   10.04101  306.01878     92.445 -9.990e-29
   39.60282  -72.75574     64.462     63.960     6.0594    32.2598      7.937     0.0282 5.9647e-14  1025.6788     6.0542    25.3812     9.2888    283.093   10.04100  306.01883     92.508 -9.990e-29
   39.60282  -72.75574     64.480     63.978     6.0596    32.2597      7.942     0.0282 5.9576e-14  1025.6787     6.0544    25.3811     9.2885    283.085   10.04101  306.01912     92.506 -9.990e-29
   39.60282  -72.75574     64.494     63.992     6.0593    32.2595      7.942     0.0416 5.9576e-14  1025.6787     6.0540    25.3810     9.2893    283.110   10.04105  306.02008     92.513 -9.990e-29
   39.60282  -72.75574     64.503     64.002     6.0596    32.2594      7.942     0.0416 5.9576e-14  1025.6784     6.0544    25.3809     9.2891    283.102   10.04099  306.01849     92.511 -9.990e-29
   39.60282  -72.75574     64.531     64.029     6.0596    32.2595      7.942     0.0416 5.9576e-14  1025.6787     6.0544    25.3810     9.2889    283.098   10.04106  306.02063     92.509 -9.990e-29
   39.60282  -72.75574     64.534     64.032     6.0594    32.2596      7.937     0.0416 5.9576e-14  1025.6791     6.0542    25.3811     9.2886    283.089   10.04104  306.01980     92.507 -9.990e-29
   39.60282  -72.75574     64.542     64.040     6.0596    32.2595      7.942     0.0416 5.9576e-14  1025.6787     6.0544    25.3811     9.2818    282.881   10.04101  306.01908     92.439 -9.990e-29
   39.60282  -72.75574     64.564     64.062     6.0594    32.2597      7.937     0.0416 5.9576e-14  1025.6790     6.0542    25.3812     9.2872    283.044   10.04097  306.01787     92.493 -9.990e-29
   39.60282  -72.75574     64.575     64.073     6.0591    32.2600      7.942     0.0416 5.9576e-14  1025.6798     6.0539    25.3814     9.2870    283.039   10.04097  306.01794     92.491 -9.990e-29
   39.60282  -72.75574     64.593     64.091     6.0594    32.2600      7.942     0.0416 5.9576e-14  1025.6793     6.0542    25.3814     9.2869    283.036   10.04103  306.01967     92.489 -9.990e-29
   39.60282  -72.75574     64.596     64.093     6.0593    32.2598      7.942     0.0416 5.9647e-14  1025.6795     6.0541    25.3813     9.2878    283.063   10.04107  306.02077     92.498 -9.990e-29
   39.60282  -72.75574     64.606     64.103     6.0596    32.2597      7.942     0.0416 5.9647e-14  1025.6792     6.0544    25.3812     9.2887    283.091   10.04108  306.02124     92.507 -9.990e-29
   39.60282  -72.75574     64.624     64.121     6.0593    32.2597      7.942     0.0416 5.9647e-14  1025.6795     6.0540    25.3812     9.2821    282.889   10.04109  306.02176     92.441 -9.990e-29
   39.60282  -72.75574     64.636     64.133     6.0596    32.2597      7.937     0.0416 5.9647e-14  1025.6793     6.0543    25.3812     9.2810    282.857   10.04112  306.02255     92.430 -9.990e-29
   39.60282  -72.75574     64.633     64.131     6.0594    32.2597      7.942     0.0416 5.9647e-14  1025.6794     6.0542    25.3812     9.2800    282.825   10.04107  306.02091     92.420 -9.990e-29
   39.60282  -72.75574     64.647     64.144     6.0593    32.2597      7.942     0.0416 5.9647e-14  1025.6796     6.0540    25.3812     9.2789    282.793   10.04100  306.01855     92.410 -9.990e-29
   39.60282  -72.75574     64.657     64.154     6.0596    32.2596      7.942     0.0416 5.9647e-14  1025.6794     6.0543    25.3811     9.2779    282.763   10.04097  306.01766     92.401 -9.990e-29
   39.60282  -72.75574     64.665     64.162     6.0596    32.2595      7.942     0.0416 5.9717e-14  1025.6794     6.0543    25.3810     9.2771    282.736   10.04094  306.01697     92.392 -9.990e-29
   39.60282  -72.75574     64.668     64.165     6.0596    32.2595      7.942     0.0416 5.9717e-14  1025.6794     6.0543    25.3810     9.2828    282.910   10.04091  306.01608     92.449 -9.990e-29
   39.60282  -72.75574     64.654     64.151     6.0594    32.2594      7.937     0.0416 5.9717e-14  1025.6795     6.0542    25.3809     9.2762    282.711   10.04082  306.01316     92.385 -9.990e-29
   39.60282  -72.75574     64.678     64.174     6.0594    32.2592      7.942     0.0416 5.9717e-14  1025.6791     6.0542    25.3808     9.2754    282.686   10.04080  306.01260     92.377 -9.990e-29
   39.60284  -72.75576     64.668     64.165     6.0594    32.2591      7.937     0.0416 5.9717e-14  1025.6790     6.0542    25.3808     9.2680    282.461   10.04076  306.01120     92.304 -9.990e-29
   39.60284  -72.75576     64.685     64.181     6.0591    32.2592      7.942     0.0416 5.9717e-14  1025.6795     6.0539    25.3808     9.2728    282.606   10.04060  306.00638     92.353 -9.990e-29
   39.60284  -72.75576     64.678     64.174     6.0596    32.2592      7.942     0.0416 5.9717e-14  1025.6792     6.0543    25.3808     9.2731    282.617   10.04053  306.00412     92.357 -9.990e-29
   39.60284  -72.75576     64.685     64.181     6.0593    32.2594      7.937     0.0416 5.9717e-14  1025.6795     6.0540    25.3809     9.2725    282.598   10.04047  306.00223     92.352 -9.990e-29
   39.60284  -72.75576     64.678     64.174     6.0593    32.2595      7.942     0.0416 5.9717e-14  1025.6796     6.0541    25.3810     9.2720    282.582   10.04045  306.00182     92.347 -9.990e-29
   39.60284  -72.75576     64.678     64.174     6.0594    32.2594      7.942     0.0416 5.9717e-14  1025.6794     6.0542    25.3809     9.2715    282.567   10.04041  306.00034     92.342 -9.990e-29
   39.60284  -72.75576     64.675     64.172     6.0594    32.2592      7.942     0.0416 5.9787e-14  1025.6793     6.0542    25.3808     9.2710    282.552   10.04033  305.99793     92.338 -9.990e-29
   39.60284  -72.75576     64.678     64.174     6.0591    32.2591      7.942     0.0416 5.9787e-14  1025.6792     6.0539    25.3807     9.2716    282.569   10.04020  305.99411     92.345 -9.990e-29
   39.60284  -72.75576     64.665     64.162     6.0590    32.2589      7.937     0.0416 5.9787e-14  1025.6790     6.0537    25.3806     9.2713    282.561   10.04025  305.99560     92.342 -9.990e-29
   39.60284  -72.75576     64.668     64.165     6.0588    32.2588      7.937     0.0416 5.9858e-14  1025.6791     6.0536    25.3806     9.2711    282.554   10.04023  305.99505     92.339 -9.990e-29
   39.60284  -72.75576     64.657     64.154     6.0585    32.2587      7.942     0.0416 5.9858e-14  1025.6789     6.0532    25.3805     9.2709    282.547   10.04022  305.99459     92.337 -9.990e-29
   39.60284  -72.75576     64.654     64.151     6.0583    32.2586      7.942     0.0416 5.9858e-14  1025.6787     6.0531    25.3804     9.2707    282.543   10.04025  305.99564     92.336 -9.990e-29
   39.60284  -72.75576     64.636     64.133     6.0580    32.2586      7.942     0.0416 5.9858e-14  1025.6788     6.0528    25.3804     9.2706    282.539   10.04024  305.99533     92.334 -9.990e-29
   39.60284  -72.75576     64.636     64.133     6.0580    32.2586      7.937     0.0416 5.9929e-14  1025.6786     6.0528    25.3805     9.2705    282.535   10.04018  305.99335     92.334 -9.990e-29
   39.60284  -72.75576     64.633     64.131     6.0577    32.2588      7.942     0.0416 5.9929e-14  1025.6788     6.0524    25.3807     9.2639    282.334   10.04021  305.99431     92.268 -9.990e-29
   39.60284  -72.75576     64.617     64.114     6.0575    32.2592      7.937     0.0416 5.9929e-14  1025.6795     6.0523    25.3811     9.2706    282.538   10.04021  305.99413     92.335 -9.990e-29
   39.60284  -72.75576     64.614     64.111     6.0578    32.2594      7.937     0.0416 6.0000e-14  1025.6794     6.0526    25.3812     9.2706    282.539   10.04011  305.99126     92.336 -9.990e-29
   39.60284  -72.75576     64.596     64.093     6.0583    32.2594      7.937     0.0416 6.0000e-14  1025.6792     6.0531    25.3811     9.2708    282.544   10.04008  305.99032     92.337 -9.990e-29
   39.60284  -72.75576     64.596     64.093     6.0586    32.2592      7.942     0.0416 6.0000e-14  1025.6790     6.0534    25.3808     9.2776    282.752   10.04010  305.99084     92.405 -9.990e-29
   39.60284  -72.75576     64.582     64.080     6.0585    32.2588      7.942     0.0416 6.0000e-14  1025.6788     6.0532    25.3805     9.2721    282.586   10.04001  305.98813     92.352 -9.990e-29
   39.60284  -72.75576     64.564     64.062     6.0585    32.2585      7.942     0.0416 6.0071e-14  1025.6780     6.0532    25.3803     9.2724    282.593   10.03999  305.98768     92.354 -9.990e-29
   39.60284  -72.75576     64.552     64.050     6.0580    32.2584      7.937     0.0416 6.0071e-14  1025.6782     6.0528    25.3803     9.2726    282.601   10.03994  305.98632     92.357 -9.990e-29
   39.60284  -72.75576     64.545     64.043     6.0581    32.2585      7.942     0.0416 6.0071e-14  1025.6782     6.0529    25.3804     9.2664    282.412   10.03997  305.98722     92.295 -9.990e-29
   39.60284  -72.75576     64.534     64.032     6.0577    32.2587      7.942     0.0282 6.0142e-14  1025.6785     6.0524    25.3806     9.2735    282.628   10.03999  305.98783     92.366 -9.990e-29
   39.60284  -72.75576     64.521     64.019     6.0577    32.2588      7.937     0.0416 6.0142e-14  1025.6785     6.0524    25.3807     9.2740    282.642   10.03994  305.98621     92.371 -9.990e-29
   39.60284  -72.75576     64.513     64.011     6.0577    32.2589      7.942     0.0416 6.0214e-14  1025.6784     6.0524    25.3807     9.2811    282.860   10.03994  305.98601     92.442 -9.990e-29
   39.60284  -72.75576     64.494     63.992     6.0575    32.2589      7.937     0.0416 6.0214e-14  1025.6785     6.0523    25.3807     9.2761    282.708   10.03998  305.98756     92.392 -9.990e-29
   39.60284  -72.75576     64.491     63.989     6.0577    32.2587      7.942     0.0416 6.0214e-14  1025.6781     6.0524    25.3806     9.2758    282.697   10.04006  305.98973     92.388 -9.990e-29
   39.60284  -72.75576     64.473     63.971     6.0577    32.2587      7.942     0.0416 6.0214e-14  1025.6779     6.0524    25.3806     9.2763    282.714   10.04002  305.98855     92.394 -9.990e-29
   39.60284  -72.75576     64.452     63.951     6.0574    32.2588      7.942     0.0282 6.0214e-14  1025.6783     6.0521    25.3807     9.2835    282.932   10.03994  305.98611     92.466 -9.990e-29
   39.60284  -72.75576     64.461     63.959     6.0577    32.2588      7.942     0.0282 6.0214e-14  1025.6781     6.0524    25.3807     9.2851    282.982   10.03995  305.98630     92.482 -9.990e-29
   39.60284  -72.75576     64.452     63.951     6.0573    32.2588      7.942     0.0282 6.0214e-14  1025.6782     6.0521    25.3807     9.2802    282.831   10.03990  305.98494     92.433 -9.990e-29
   39.60284  -72.75576     64.429     63.927     6.0575    32.2587      7.942     0.0282 6.0214e-14  1025.6779     6.0523    25.3806     9.2808    282.851   10.03989  305.98465     92.440 -9.990e-29
   39.60284  -72.75576     64.432     63.930     6.0577    32.2586      7.942     0.0282 6.0286e-14  1025.6778     6.0524    25.3805     9.2882    283.075   10.03993  305.98568     92.512 -9.990e-29
   39.60284  -72.75576     64.411     63.910     6.0578    32.2585      7.937     0.0282 6.0286e-14  1025.6777     6.0526    25.3804     9.2889    283.096   10.03991  305.98514     92.519 -9.990e-29
   39.60284  -72.75576     64.409     63.908     6.0579    32.2584      7.942     0.0282 6.0286e-14  1025.6776     6.0526    25.3803     9.2906    283.148   10.03992  305.98540     92.536 -9.990e-29
   39.60284  -72.75576     64.401     63.900     6.0577    32.2583      7.942     0.0282 6.0286e-14  1025.6774     6.0524    25.3803     9.2922    283.197   10.03987  305.98403     92.553 -9.990e-29
   39.60284  -72.75576     64.391     63.890     6.0575    32.2583      7.942     0.0282 6.0286e-14  1025.6775     6.0522    25.3803     9.2873    283.049   10.03991  305.98516     92.504 -9.990e-29
   39.60284  -72.75576     64.378     63.877     6.0574    32.2582      7.942     0.0282 6.0286e-14  1025.6775     6.0522    25.3802     9.2947    283.273   10.03996  305.98659     92.577 -9.990e-29
   39.60284  -72.75576     64.380     63.879     6.0575    32.2580      7.942     0.0282 6.0286e-14  1025.6770     6.0523    25.3801     9.2899    283.128   10.04003  305.98881     92.529 -9.990e-29
   39.60284  -72.75576     64.371     63.870     6.0573    32.2581      7.942     0.0282 6.0286e-14  1025.6772     6.0521    25.3802     9.2895    283.117   10.03995  305.98636     92.526 -9.990e-29
   39.60284  -72.75576     64.368     63.867     6.0574    32.2584      7.942     0.0282 6.0286e-14  1025.6776     6.0522    25.3804     9.2893    283.109   10.03996  305.98664     92.523 -9.990e-29
   39.60284  -72.75576     64.371     63.870     6.0577    32.2586      7.942     0.0282 6.0358e-14  1025.6777     6.0524    25.3805     9.2890    283.100   10.03998  305.98726     92.520 -9.990e-29
   39.60284  -72.75576     64.358     63.857     6.0578    32.2587      7.937     0.0282 6.0358e-14  1025.6775     6.0526    25.3806     9.2954    283.294   10.04005  305.98946     92.583 -9.990e-29
   39.60284  -72.75576     64.371     63.870     6.0579    32.2587      7.937     0.0282 6.0358e-14  1025.6777     6.0526    25.3806     9.2895    283.114   10.04003  305.98895     92.524 -9.990e-29
   39.60284  -72.75576     64.360     63.859     6.0580    32.2588      7.942     0.0282 6.0358e-14  1025.6776     6.0528    25.3806     9.2956    283.301   10.03992  305.98548     92.587 -9.990e-29
   39.60284  -72.75576     64.358     63.857     6.0583    32.2589      7.942     0.0282 6.0358e-14  1025.6777     6.0531    25.3806     9.2972    283.350   10.03983  305.98280     92.603 -9.990e-29
