CalculateIndicators/WaterTemperature/Data/CTD_NYOS/20240912_C08.cnv
* Sea-Bird SBE 9 Data File:
* FileName = C:\Seabird 9 CTD\Data\2024\202409_offshore\20240912_C08.hex
* Software Version Seasave V 7.23.2
* Temperature SN = 4590
* Conductivity SN = 3228
* Number of Bytes Per Scan = 44
* Number of Voltage Words = 5
* Number of Scans Averaged by the Deck Unit = 1
* NMEA Latitude = 39 36.11 N
* NMEA Longitude = 072 45.25 W
* NMEA UTC (Time) = Sep 12 2024  13:55:24
* NMEA baud rate = 4800
** Ship: Seawolf
** Station: 8.5
** Operator: TDK
# nquan = 18
# nvalues = 16664                       
# units = specified
# name 0 = latitude: Latitude [deg]
# name 1 = longitude: Longitude [deg]
# name 2 = prDM: Pressure, Digiquartz [db]
# name 3 = depSM: Depth [salt water, m]
# name 4 = t090C: Temperature [ITS-90, deg C]
# name 5 = sal00: Salinity, Practical [PSU]
# name 6 = ph: pH
# name 7 = flECO-AFL: Fluorescence, WET Labs ECO-AFL/FL [mg/m^3]
# name 8 = cpar: CPAR/Corrected Irradiance [%]
# name 9 = density00: Density [density, kg/m^3]
# name 10 = potemp090C: Potential Temperature [ITS-90, deg C]
# name 11 = sigma-é00: Density [sigma-theta, kg/m^3]
# name 12 = sbeox0Mg/L: Oxygen, SBE 43 [mg/l]
# name 13 = sbox0Mm/Kg: Oxygen, SBE 43 [umol/kg]
# name 14 = oxsolMg/L: Oxygen Saturation, Garcia & Gordon [mg/l]
# name 15 = oxsolMm/Kg: Oxygen Saturation, Garcia & Gordon [umol/kg]
# name 16 = sbeox0PS: Oxygen, SBE 43 [% saturation]
# name 17 = flag:  0.000e+00
# span 0 =   39.60182,   39.60192       
# span 1 =  -72.75622,  -72.75420       
# span 2 =      1.995,     66.332       
# span 3 =      1.980,     65.816       
# span 4 =     7.8074,    21.6417       
# span 5 =    31.8582,    34.0941       
# span 6 =      7.830,      8.232       
# span 7 =    -0.1464,     2.4995       
# span 8 = 5.0298e-03, 1.5784e+02       
# span 9 =  1022.8140,  1026.4910       
# span 10 =     7.8028,    21.6412      
# span 11 =    22.7690,    26.1855      
# span 12 =     6.4549,     9.1287      
# span 13 =    196.645,    278.498      
# span 14 =    7.25768,    9.65779      
# span 15 =  221.72744,  294.45655      
# span 16 =     71.674,    107.473      
# span 17 = 0.0000e+00, 0.0000e+00      
# interval = seconds: 0.0416667
# start_time = Sep 12 2024 13:55:26 [System UTC, first data scan.]
# bad_flag = -9.990e-29
*END*
[from data line 9408]
   39.60186  -72.75540     38.327     38.031     8.3056    32.0178 -9.990e-29     0.1894 2.0036e-01  1025.0635     8.3019    24.8889     7.1874    219.159    9.53738  290.81282     75.361 0.0000e+00
   39.60186  -72.75540     38.302     38.006     8.3074    32.0166 -9.990e-29     0.1894 2.0151e-01  1025.0631     8.3037    24.8876     7.1875    219.161    9.53729  290.81027     75.362 0.0000e+00
   39.60186  -72.75540     38.287     37.991     8.3097    32.0148 -9.990e-29     0.1894 2.0151e-01  1025.0604     8.3059    24.8859     7.1935    219.344    9.53720  290.80764     75.426 0.0000e+00
   39.60186  -72.75540     38.266     37.971     8.3100    32.0125 -9.990e-29     0.1894 2.0228e-01  1025.0585     8.3063    24.8840     7.1880    219.177    9.53714  290.80587     75.369 0.0000e+00
   39.60186  -72.75540     38.241     37.946     8.3111    32.0106 -9.990e-29     0.1894 2.0228e-01  1025.0563     8.3074    24.8824     7.1876    219.163    9.53699  290.80123     75.365 0.0000e+00
   39.60186  -72.75540     38.225     37.930     8.3115    32.0100 -9.990e-29     0.1894 2.0286e-01  1025.0553     8.3078    24.8818     7.1931    219.331    9.53684  290.79632     75.424 0.0000e+00
   39.60186  -72.75540     38.211     37.916     8.3114    32.0104 -9.990e-29     0.1894 2.0402e-01  1025.0572     8.3077    24.8821     7.1871    219.148    9.53668  290.79146     75.362 0.0000e+00
   39.60186  -72.75540     38.194     37.900     8.3122    32.0099 -9.990e-29     0.1894 2.0461e-01  1025.0567     8.3084    24.8816     7.1923    219.306    9.53653  290.78703     75.418 0.0000e+00
   39.60186  -72.75540     38.175     37.880     8.3128    32.0083 -9.990e-29     0.1894 2.0461e-01  1025.0542     8.3091    24.8802     7.1921    219.300    9.53641  290.78337     75.417 0.0000e+00
   39.60186  -72.75540     38.149     37.854     8.3127    32.0070 -9.990e-29     0.1894 2.0520e-01  1025.0524     8.3090    24.8793     7.1986    219.500    9.53626  290.77883     75.487 0.0000e+00
   39.60186  -72.75540     38.134     37.839     8.3122    32.0076 -9.990e-29     0.2028 2.0637e-01  1025.0530     8.3084    24.8798     7.1929    219.324    9.53619  290.77678     75.427 0.0000e+00
   39.60186  -72.75540     38.118     37.824     8.3113    32.0099 -9.990e-29     0.2431 2.0637e-01  1025.0555     8.3076    24.8817     7.1991    219.515    9.53609  290.77388     75.493 0.0000e+00
   39.60186  -72.75540     38.103     37.809     8.3112    32.0132 -9.990e-29     0.2431 2.0697e-01  1025.0577     8.3075    24.8842     7.1990    219.513    9.53596  290.77000     75.494 0.0000e+00
   39.60186  -72.75540     38.092     37.798     8.3105    32.0171 -9.990e-29     0.2297 2.0756e-01  1025.0611     8.3068    24.8874     7.1997    219.534    9.53597  290.77027     75.501 0.0000e+00
   39.60186  -72.75540     38.078     37.785     8.3098    32.0203 -9.990e-29     0.2431 2.0756e-01  1025.0656     8.3061    24.8900     7.2002    219.547    9.53584  290.76638     75.506 0.0000e+00
   39.60186  -72.75540     38.062     37.768     8.3118    32.0201 -9.990e-29     0.2431 2.0816e-01  1025.0657     8.3081    24.8895     7.2005    219.558    9.53584  290.76645     75.510 0.0000e+00
   39.60186  -72.75540     38.041     37.748     8.3155    32.0152 -9.990e-29     0.2297 2.0935e-01  1025.0598     8.3118    24.8853     7.2006    219.561    9.53576  290.76403     75.512 0.0000e+00
   39.60186  -72.75540     38.027     37.734     8.3187    32.0081 -9.990e-29     0.2297 2.0935e-01  1025.0522     8.3150    24.8793     7.1997    219.532    9.53570  290.76226     75.502 0.0000e+00
   39.60186  -72.75540     38.022     37.728     8.3201    32.0017 -9.990e-29     0.2431 2.0935e-01  1025.0464     8.3164    24.8741     7.2056    219.712    9.53569  290.76213     75.564 0.0000e+00
   39.60186  -72.75540     37.997     37.704     8.3200    31.9969 -9.990e-29     0.2297 2.1036e-01  1025.0436     8.3163    24.8704     7.2059    219.723    9.53563  290.76035     75.568 -9.990e-29
   39.60186  -72.75540     38.001     37.708     8.3192    31.9930 -9.990e-29     0.2431 2.1036e-01  1025.0405     8.3155    24.8674     7.2061    219.729    9.53559  290.75915     75.571 -9.990e-29
   39.60186  -72.75540     37.971     37.678     8.3179    31.9898 -9.990e-29     0.2297 2.1036e-01  1025.0378     8.3142    24.8650     7.2070    219.756    9.53560  290.75942     75.580 0.0000e+00
   39.60186  -72.75540     37.965     37.672     8.3166    31.9872 -9.990e-29     0.2297 2.1096e-01  1025.0366     8.3129    24.8631     7.2128    219.934    9.53551  290.75668     75.642 0.0000e+00
   39.60186  -72.75540     37.960     37.667     8.3160    31.9859 -9.990e-29     0.2431 2.1096e-01  1025.0337     8.3123    24.8622     7.2141    219.973    9.53549  290.75618     75.655 0.0000e+00
   39.60186  -72.75540     37.941     37.648     8.3159    31.9877 -9.990e-29     0.2431 2.1156e-01  1025.0350     8.3122    24.8637     7.2152    220.007    9.53549  290.75631     75.667 -9.990e-29
   39.60186  -72.75540     37.946     37.653     8.3160    31.9931 -9.990e-29     0.2431 2.1258e-01  1025.0407     8.3123    24.8679     7.2161    220.032    9.53545  290.75477     75.676 -9.990e-29
   39.60186  -72.75540     37.920     37.627     8.3164    31.9991 -9.990e-29     0.2431 2.1258e-01  1025.0471     8.3127    24.8724     7.2167    220.053    9.53545  290.75504     75.683 0.0000e+00
   39.60186  -72.75540     37.914     37.622     8.3186    32.0030 -9.990e-29     0.2431 2.1258e-01  1025.0489     8.3149    24.8752     7.2172    220.066    9.53545  290.75489     75.688 0.0000e+00
   39.60186  -72.75540     37.909     37.616     8.3221    32.0054 -9.990e-29     0.2431 2.1319e-01  1025.0494     8.3184    24.8766     7.2174    220.073    9.53538  290.75300     75.691 0.0000e+00
   39.60186  -72.75540     37.878     37.586     8.3253    32.0071 -9.990e-29     0.2431 2.1299e-01  1025.0511     8.3215    24.8775     7.2174    220.074    9.53538  290.75287     75.691 -9.990e-29
   39.60186  -72.75540     37.895     37.603     8.3287    32.0085 -9.990e-29     0.2431 2.1299e-01  1025.0500     8.3250    24.8781     7.2172    220.067    9.53534  290.75165     75.689 -9.990e-29
   39.60186  -72.75540     37.878     37.586     8.3313    32.0113 -9.990e-29     0.2431 2.1360e-01  1025.0514     8.3276    24.8799     7.2168    220.056    9.53539  290.75313     75.685 0.0000e+00
   39.60186  -72.75540     37.869     37.577     8.3346    32.0161 -9.990e-29     0.2431 2.1401e-01  1025.0564     8.3309    24.8830     7.2232    220.250    9.53534  290.75180     75.752 0.0000e+00
   39.60186  -72.75540     37.865     37.572     8.3394    32.0202 -9.990e-29     0.2297 2.1401e-01  1025.0597     8.3357    24.8857     7.2241    220.276    9.53532  290.75108     75.761 0.0000e+00
   39.60186  -72.75540     37.858     37.566     8.3441    32.0220 -9.990e-29     0.2297 2.1462e-01  1025.0601     8.3404    24.8865     7.2239    220.271    9.53531  290.75080     75.759 0.0000e+00
   39.60186  -72.75540     37.848     37.556     8.3477    32.0216 -9.990e-29     0.2028 2.1462e-01  1025.0586     8.3440    24.8856     7.2235    220.258    9.53534  290.75163     75.755 0.0000e+00
   39.60186  -72.75540     37.833     37.541     8.3515    32.0205 -9.990e-29     0.1894 2.1442e-01  1025.0565     8.3477    24.8842     7.2298    220.451    9.53533  290.75148     75.821 -9.990e-29
   39.60186  -72.75540     37.838     37.546     8.3544    32.0192 -9.990e-29     0.1894 2.1504e-01  1025.0556     8.3507    24.8827     7.2245    220.291    9.53538  290.75302     75.766 -9.990e-29
   39.60186  -72.75540     37.827     37.536     8.3570    32.0176 -9.990e-29     0.1894 2.1545e-01  1025.0538     8.3533    24.8810     7.2304    220.468    9.53536  290.75258     75.827 0.0000e+00
   39.60186  -72.75540     37.814     37.522     8.3596    32.0159 -9.990e-29     0.2028 2.1545e-01  1025.0511     8.3559    24.8794     7.2307    220.479    9.53536  290.75244     75.830 -9.990e-29
   39.60186  -72.75540     37.818     37.526     8.3609    32.0150 -9.990e-29     0.2028 2.1545e-01  1025.0510     8.3572    24.8784     7.2317    220.508    9.53534  290.75192     75.841 -9.990e-29
   39.60186  -72.75540     37.803     37.511     8.3625    32.0147 -9.990e-29     0.2028 2.1525e-01  1025.0504     8.3588    24.8780     7.2316    220.506    9.53538  290.75331     75.840 0.0000e+00
   39.60186  -72.75540     37.797     37.505     8.3637    32.0145 -9.990e-29     0.1894 2.1525e-01  1025.0499     8.3600    24.8776     7.2313    220.496    9.53544  290.75519     75.836 -9.990e-29
   39.60186  -72.75540     37.807     37.515     8.3646    32.0143 -9.990e-29     0.2028 2.1567e-01  1025.0500     8.3609    24.8774     7.2315    220.504    9.53540  290.75411     75.839 -9.990e-29
   39.60186  -72.75540     37.793     37.501     8.3657    32.0142 -9.990e-29     0.2028 2.1567e-01  1025.0494     8.3620    24.8771     7.2325    220.533    9.53542  290.75454     75.849 -9.990e-29
   39.60186  -72.75540     37.797     37.505     8.3665    32.0142 -9.990e-29     0.1894 2.1567e-01  1025.0492     8.3628    24.8769     7.2324    220.530    9.53542  290.75480     75.847 -9.990e-29
   39.60186  -72.75540     37.776     37.485     8.3672    32.0145 -9.990e-29     0.2028 2.1546e-01  1025.0494     8.3635    24.8771     7.2381    220.705    9.53539  290.75394     75.908 -9.990e-29
   39.60186  -72.75540     37.793     37.501     8.3678    32.0147 -9.990e-29     0.2028 2.1608e-01  1025.0501     8.3641    24.8772     7.2323    220.528    9.53540  290.75414     75.847 -9.990e-29
   39.60186  -72.75540     37.776     37.485     8.3689    32.0144 -9.990e-29     0.2028 2.1546e-01  1025.0491     8.3651    24.8768     7.2445    220.901    9.53537  290.75328     75.975 -9.990e-29
   39.60186  -72.75540     37.776     37.485     8.3694    32.0140 -9.990e-29     0.2028 2.1588e-01  1025.0486     8.3657    24.8763     7.2391    220.735    9.53535  290.75259     75.919 -9.990e-29
   39.60186  -72.75540     37.763     37.471     8.3699    32.0136 -9.990e-29     0.2028 2.1588e-01  1025.0482     8.3662    24.8760     7.2386    220.721    9.53533  290.75172     75.914 -9.990e-29
   39.60186  -72.75540     37.776     37.485     8.3703    32.0135 -9.990e-29     0.2028 2.1568e-01  1025.0479     8.3666    24.8758     7.2389    220.728    9.53535  290.75257     75.916 -9.990e-29
   39.60186  -72.75540     37.767     37.475     8.3709    32.0138 -9.990e-29     0.1894 2.1630e-01  1025.0481     8.3672    24.8759     7.2379    220.700    9.53534  290.75224     75.907 0.0000e+00
   39.60186  -72.75540     37.763     37.471     8.3714    32.0143 -9.990e-29     0.2028 2.1609e-01  1025.0487     8.3677    24.8763     7.2368    220.664    9.53529  290.75058     75.895 0.0000e+00
   39.60186  -72.75540     37.757     37.466     8.3720    32.0147 -9.990e-29     0.2028 2.1671e-01  1025.0490     8.3683    24.8766     7.2363    220.648    9.53529  290.75043     75.889 -9.990e-29
   39.60186  -72.75540     37.767     37.475     8.3727    32.0149 -9.990e-29     0.2028 2.1671e-01  1025.0489     8.3690    24.8766     7.2407    220.785    9.53527  290.74985     75.936 -9.990e-29
   39.60186  -72.75540     37.763     37.471     8.3731    32.0149 -9.990e-29     0.1894 2.1651e-01  1025.0490     8.3694    24.8765     7.2406    220.780    9.53527  290.74986     75.935 -9.990e-29
   39.60186  -72.75540     37.746     37.455     8.3740    32.0146 -9.990e-29     0.2028 2.1651e-01  1025.0485     8.3703    24.8762     7.2402    220.767    9.53525  290.74946     75.930 -9.990e-29
   39.60186  -72.75540     37.767     37.475     8.3745    32.0143 -9.990e-29     0.2028 2.1631e-01  1025.0480     8.3708    24.8759     7.2404    220.774    9.53526  290.74952     75.933 -9.990e-29
   39.60186  -72.75540     37.752     37.460     8.3749    32.0141 -9.990e-29     0.2028 2.1693e-01  1025.0480     8.3712    24.8757     7.2396    220.749    9.53529  290.75030     75.924 -9.990e-29
   39.60186  -72.75540     37.757     37.466     8.3756    32.0139 -9.990e-29     0.2028 2.1631e-01  1025.0476     8.3719    24.8754     7.2393    220.740    9.53521  290.74797     75.922 -9.990e-29
   39.60186  -72.75540     37.746     37.455     8.3756    32.0137 -9.990e-29     0.2162 2.1673e-01  1025.0475     8.3719    24.8752     7.2449    220.911    9.53515  290.74605     75.981 -9.990e-29
   39.60186  -72.75540     37.752     37.460     8.3764    32.0133 -9.990e-29     0.2162 2.1673e-01  1025.0469     8.3727    24.8748     7.2450    220.916    9.53514  290.74608     75.982 -9.990e-29
   39.60186  -72.75540     37.757     37.466     8.3764    32.0130 -9.990e-29     0.2028 2.1673e-01  1025.0468     8.3727    24.8746     7.2450    220.914    9.53517  290.74685     75.981 -9.990e-29
   39.60186  -72.75540     37.742     37.451     8.3769    32.0128 -9.990e-29     0.2162 2.1653e-01  1025.0464     8.3732    24.8744     7.2445    220.901    9.53508  290.74400     75.978 -9.990e-29
   39.60186  -72.75540     37.746     37.455     8.3772    32.0126 -9.990e-29     0.2162 2.1653e-01  1025.0463     8.3735    24.8742     7.2440    220.885    9.53513  290.74557     75.972 -9.990e-29
   39.60186  -72.75540     37.757     37.466     8.3772    32.0125 -9.990e-29     0.2162 2.1715e-01  1025.0464     8.3735    24.8741     7.2431    220.857    9.53503  290.74257     75.963 -9.990e-29
   39.60188  -72.75542     37.742     37.451     8.3776    32.0124 -9.990e-29     0.2162 2.1715e-01  1025.0461     8.3738    24.8739     7.2429    220.850    9.53501  290.74159     75.961 -9.990e-29
   39.60188  -72.75542     37.757     37.466     8.3779    32.0121 -9.990e-29     0.2028 2.1695e-01  1025.0458     8.3742    24.8737     7.2485    221.021    9.53491  290.73868     76.021 -9.990e-29
   39.60188  -72.75542     37.746     37.455     8.3779    32.0120 -9.990e-29     0.2028 2.1757e-01  1025.0457     8.3742    24.8736     7.2486    221.026    9.53487  290.73753     76.022 0.0000e+00
   39.60188  -72.75542     37.742     37.451     8.3782    32.0120 -9.990e-29     0.2162 2.1695e-01  1025.0458     8.3745    24.8736     7.2485    221.022    9.53479  290.73523     76.022 -9.990e-29
   39.60188  -72.75542     37.746     37.455     8.3783    32.0119 -9.990e-29     0.2162 2.1675e-01  1025.0457     8.3746    24.8734     7.2491    221.040    9.53478  290.73494     76.028 -9.990e-29
   39.60188  -72.75542     37.757     37.466     8.3785    32.0118 -9.990e-29     0.2162 2.1799e-01  1025.0452     8.3748    24.8733     7.2495    221.052    9.53481  290.73584     76.032 -9.990e-29
   39.60188  -72.75542     37.742     37.451     8.3785    32.0118 -9.990e-29     0.2162 2.1799e-01  1025.0457     8.3748    24.8733     7.2556    221.239    9.53470  290.73256     76.097 -9.990e-29
   39.60188  -72.75542     37.746     37.455     8.3787    32.0116 -9.990e-29     0.2162 2.1799e-01  1025.0452     8.3750    24.8731     7.2503    221.077    9.53471  290.73281     76.041 -9.990e-29
   39.60188  -72.75542     37.736     37.445     8.3787    32.0115 -9.990e-29     0.2162 2.1779e-01  1025.0452     8.3750    24.8730     7.2561    221.254    9.53474  290.73404     76.102 -9.990e-29
   39.60188  -72.75542     37.752     37.460     8.3790    32.0116 -9.990e-29     0.2162 2.1779e-01  1025.0451     8.3753    24.8731     7.2565    221.265    9.53480  290.73616     76.105 -9.990e-29
   39.60188  -72.75542     37.746     37.455     8.3789    32.0118 -9.990e-29     0.2028 2.1779e-01  1025.0456     8.3751    24.8732     7.2566    221.270    9.53496  290.74105     76.106 -9.990e-29
   39.60188  -72.75542     37.736     37.445     8.3792    32.0118 -9.990e-29     0.2162 2.1841e-01  1025.0452     8.3755    24.8732     7.2565    221.267    9.53509  290.74497     76.104 0.0000e+00
