CalculateIndicators/WaterTemperature/Data/CTD_NYOS/20240709_C06.cnv
* Sea-Bird SBE 9 Data File:
* FileName = C:\Seabird 9 CTD\Data\2024\202407_offshore\20240709_C06.hex
* Software Version Seasave V 7.23.2
* Temperature SN = 4590
* Conductivity SN = 3228
* Number of Bytes Per Scan = 44
* Number of Voltage Words = 5
* Number of Scans Averaged by the Deck Unit = 1
* NMEA Latitude = 40 04.94 N
* NMEA Longitude = 073 04.22 W
* NMEA UTC (Time) = Jul 09 2024  00:08:22
* NMEA baud rate = 4800
** Ship: seawolf
** Station: 8.3
** Operator: TDK
# nquan = 18
# nvalues = 13553                       
# units = specified
# name 0 = latitude: Latitude [deg]
# name 1 = longitude: Longitude [deg]
# name 2 = prDM: Pressure, Digiquartz [db]
# name 3 = depSM: Depth [salt water, m]
# name 4 = t090C: Temperature [ITS-90, deg C]
# name 5 = sal00: Salinity, Practical [PSU]
# name 6 = ph: pH
# name 7 = flECO-AFL: Fluorescence, WET Labs ECO-AFL/FL [mg/m^3]
# name 8 = cpar: CPAR/Corrected Irradiance [%]
# name 9 = density00: Density [density, kg/m^3]
# name 10 = potemp090C: Potential Temperature [ITS-90, deg C]
# name 11 = sigma-é00: Density [sigma-theta, kg/m^3]
# name 12 = sbeox0Mg/L: Oxygen, SBE 43 [mg/l]
# name 13 = sbox0Mm/Kg: Oxygen, SBE 43 [umol/kg]
# name 14 = oxsolMg/L: Oxygen Saturation, Garcia & Gordon [mg/l]
# name 15 = oxsolMm/Kg: Oxygen Saturation, Garcia & Gordon [umol/kg]
# name 16 = sbeox0PS: Oxygen, SBE 43 [% saturation]
# name 17 = flag:  0.000e+00
# span 0 =   40.08246,   40.08372       
# span 1 =  -73.07046,  -73.07008       
# span 2 =      1.543,     40.806       
# span 3 =      1.531,     40.489       
# span 4 =     7.0928,    24.1526       
# span 5 =    29.6663,    31.7310       
# span 6 =      7.933,      8.311       
# span 7 =     0.0551,     3.0368       
# span 8 = 4.2200e-12, 6.2218e+01       
# span 9 =  1019.9281,  1024.9991       
# span 10 =     7.0892,    24.1522      
# span 11 =    19.9197,    24.8327      
# span 12 =     6.4491,     9.4759      
# span 13 =    196.679,    289.104      
# span 14 =    7.06444,    9.84098      
# span 15 =  216.45496,  300.09920      
# span 16 =     65.968,    108.274      
# span 17 = 0.0000e+00, 0.0000e+00      
# interval = seconds: 0.0416667
# start_time = Jul 09 2024 00:08:25 [System UTC, first data scan.]
# bad_flag = -9.990e-29
*END*
[from data line 13106]
   40.08360  -73.07008      2.092      2.076    24.0502    30.1516 -9.990e-29     0.3371 3.2747e+01  1019.9699    24.0498    19.9612     7.3866    226.314    7.08195  216.98040    104.302 -9.990e-29
   40.08360  -73.07008      2.090      2.074    24.0491    30.1520 -9.990e-29     0.3371 3.2935e+01  1019.9708    24.0487    19.9618     7.3878    226.350    7.08243  216.99551    104.311 -9.990e-29
   40.08360  -73.07008      2.081      2.065    24.0482    30.1527 -9.990e-29     0.3371 3.3030e+01  1019.9713    24.0478    19.9626     7.3888    226.383    7.08306  217.01473    104.317 -9.990e-29
   40.08360  -73.07008      2.070      2.054    24.0475    30.1535 -9.990e-29     0.3505 2.8901e+01  1019.9726    24.0471    19.9633     7.3902    226.424    7.08364  217.03176    104.327 -9.990e-29
   40.08360  -73.07008      2.060      2.044    24.0477    30.1535 -9.990e-29     0.3371 2.8984e+01  1019.9727    24.0473    19.9636     7.3915    226.462    7.08413  217.04571    104.339 -9.990e-29
   40.08360  -73.07008      2.039      2.024    24.0479    30.1537 -9.990e-29     0.3371 2.8572e+01  1019.9722    24.0474    19.9634     7.3965    226.616    7.08450  217.05658    104.404 -9.990e-29
   40.08360  -73.07008      2.030      2.014    24.0475    30.1539 -9.990e-29     0.3371 2.7925e+01  1019.9718    24.0471    19.9634     7.3939    226.534    7.08482  217.06580    104.362 -9.990e-29
   40.08360  -73.07008      2.030      2.014    24.0472    30.1539 -9.990e-29     0.3371 2.7765e+01  1019.9723    24.0467    19.9637     7.3991    226.694    7.08507  217.07294    104.432 -9.990e-29
   40.08360  -73.07008      2.009      1.994    24.0475    30.1546 -9.990e-29     0.3371 2.8085e+01  1019.9731    24.0471    19.9642     7.3961    226.601    7.08525  217.07784    104.387 -9.990e-29
   40.08360  -73.07008      1.989      1.973    24.0481    30.1546 -9.990e-29     0.3505 2.9067e+01  1019.9730    24.0476    19.9642     7.3968    226.622    7.08533  217.08009    104.396 -9.990e-29
   40.08360  -73.07008      2.000      1.984    24.0491    30.1546 -9.990e-29     0.3640 3.3602e+01  1019.9725    24.0487    19.9638     7.4016    226.771    7.08541  217.08258    104.463 -9.990e-29
   40.08360  -73.07008      1.979      1.964    24.0495    30.1541 -9.990e-29     0.3640 3.3698e+01  1019.9716    24.0491    19.9633     7.3986    226.680    7.08558  217.08822    104.418 -9.990e-29
   40.08360  -73.07008      1.980      1.965    24.0495    30.1536 -9.990e-29     0.3640 3.3891e+01  1019.9713    24.0491    19.9629     7.4035    226.827    7.08586  217.09686    104.482 -9.990e-29
   40.08360  -73.07008      1.969      1.954    24.0493    30.1534 -9.990e-29     0.3640 3.3988e+01  1019.9713    24.0489    19.9628     7.4048    226.867    7.08619  217.10702    104.496 -9.990e-29
   40.08360  -73.07008      1.958      1.943    24.0493    30.1532 -9.990e-29     0.3640 3.4281e+01  1019.9711    24.0489    19.9627     7.4018    226.777    7.08665  217.12154    104.447 -9.990e-29
   40.08360  -73.07008      1.939      1.924    24.0491    30.1532 -9.990e-29     0.3774 3.7457e+01  1019.9708    24.0487    19.9627     7.4069    226.932    7.08718  217.13719    104.511 -9.990e-29
   40.08360  -73.07008      1.928      1.913    24.0486    30.1532 -9.990e-29     0.3640 3.9208e+01  1019.9710    24.0482    19.9629     7.4080    226.967    7.08761  217.15000    104.521 -9.990e-29
   40.08360  -73.07008      1.919      1.904    24.0482    30.1536 -9.990e-29     0.3640 3.9320e+01  1019.9716    24.0478    19.9633     7.4088    226.990    7.08798  217.16069    104.526 -9.990e-29
   40.08360  -73.07008      1.908      1.893    24.0482    30.1541 -9.990e-29     0.3640 3.6195e+01  1019.9719    24.0478    19.9637     7.4096    227.013    7.08836  217.17185    104.531 -9.990e-29
   40.08360  -73.07008      1.879      1.864    24.0479    30.1547 -9.990e-29     0.3640 3.4380e+01  1019.9719    24.0475    19.9641     7.4104    227.037    7.08876  217.18423    104.537 -9.990e-29
   40.08360  -73.07008      1.858      1.844    24.0482    30.1560 -9.990e-29     0.3640 3.4086e+01  1019.9727    24.0479    19.9649     7.4112    227.062    7.08923  217.19820    104.541 -9.990e-29
   40.08360  -73.07008      1.838      1.823    24.0493    30.1560 -9.990e-29     0.3640 2.9740e+01  1019.9745    24.0489    19.9654     7.4116    227.074    7.08963  217.20938    104.542 -9.990e-29
   40.08360  -73.07008      1.838      1.823    24.0524    30.1560 -9.990e-29     0.3640 3.3795e+01  1019.9733    24.0520    19.9642     7.4123    227.094    7.08993  217.21834    104.546 -9.990e-29
   40.08360  -73.07008      1.807      1.793    24.0559    30.1537 -9.990e-29     0.3640 3.3698e+01  1019.9691    24.0556    19.9614     7.4128    227.110    7.09017  217.22535    104.551 -9.990e-29
   40.08360  -73.07008      1.796      1.783    24.0576    30.1503 -9.990e-29     0.3640 3.4380e+01  1019.9651    24.0572    19.9584     7.4129    227.114    7.09033  217.23005    104.550 -9.990e-29
   40.08360  -73.07008      1.777      1.763    24.0567    30.1480 -9.990e-29     0.3640 3.5075e+01  1019.9637    24.0563    19.9567     7.4131    227.119    7.09052  217.23576    104.550 -9.990e-29
   40.08360  -73.07008      1.767      1.754    24.0549    30.1480 -9.990e-29     0.3640 3.5276e+01  1019.9635    24.0545    19.9564     7.4132    227.122    7.09068  217.24048    104.549 -9.990e-29
   40.08360  -73.07008      1.766      1.753    24.0525    30.1480 -9.990e-29     0.3640 3.4577e+01  1019.9641    24.0521    19.9571     7.4132    227.120    7.09072  217.24114    104.547 -9.990e-29
   40.08360  -73.07008      1.726      1.713    24.0497    30.1482 -9.990e-29     0.3640 3.3410e+01  1019.9659    24.0493    19.9587     7.4126    227.100    7.09028  217.22558    104.546 -9.990e-29
   40.08360  -73.07008      1.726      1.713    24.0468    30.1496 -9.990e-29     0.3640 3.3124e+01  1019.9686    24.0464    19.9605     7.4114    227.063    7.08932  217.19441    104.544 -9.990e-29
   40.08360  -73.07008      1.715      1.702    24.0457    30.1504 -9.990e-29     0.3640 3.3988e+01  1019.9692    24.0454    19.9616     7.4101    227.024    7.08819  217.16039    104.542 -9.990e-29
   40.08360  -73.07008      1.696      1.683    24.0441    30.1505 -9.990e-29     0.3640 3.6195e+01  1019.9694    24.0438    19.9621     7.4091    226.993    7.08736  217.13634    104.540 -9.990e-29
   40.08360  -73.07008      1.685      1.672    24.0421    30.1508 -9.990e-29     0.3640 3.6926e+01  1019.9695    24.0418    19.9629     7.4082    226.968    7.08671  217.11789    104.537 -9.990e-29
   40.08360  -73.07008      1.675      1.663    24.0398    30.1523 -9.990e-29     0.3640 3.7565e+01  1019.9713    24.0395    19.9646     7.4034    226.822    7.08627  217.10562    104.475 -9.990e-29
   40.08360  -73.07008      1.656      1.644    24.0383    30.1538 -9.990e-29     0.3505 4.0114e+01  1019.9746    24.0380    19.9666     7.4027    226.800    7.08607  217.10098    104.468 -9.990e-29
   40.08360  -73.07008      1.655      1.642    24.0387    30.1538 -9.990e-29     0.3505 4.1274e+01  1019.9759    24.0384    19.9673     7.4022    226.787    7.08615  217.10440    104.460 -9.990e-29
   40.08360  -73.07008      1.634      1.622    24.0398    30.1538 -9.990e-29     0.3505 4.0923e+01  1019.9734    24.0395    19.9660     7.4062    226.910    7.08626  217.10814    104.515 -9.990e-29
   40.08360  -73.07008      1.615      1.603    24.0394    30.1508 -9.990e-29     0.3505 3.8323e+01  1019.9702    24.0391    19.9639     7.4020    226.782    7.08624  217.10672    104.456 -9.990e-29
   40.08360  -73.07008      1.615      1.603    24.0373    30.1483 -9.990e-29     0.3505 3.7138e+01  1019.9688    24.0369    19.9626     7.4054    226.884    7.08581  217.09200    104.511 -9.990e-29
   40.08360  -73.07008      1.604      1.592    24.0342    30.1470 -9.990e-29     0.3505 3.6926e+01  1019.9688    24.0339    19.9623     7.4006    226.736    7.08512  217.07049    104.453 0.0000e+00
   40.08360  -73.07008      1.594      1.582    24.0310    30.1470 -9.990e-29     0.3505 3.4875e+01  1019.9696    24.0307    19.9630     7.3998    226.711    7.08456  217.05435    104.449 0.0000e+00
   40.08362  -73.07008      1.585      1.573    24.0277    30.1470 -9.990e-29     0.3505 3.3698e+01  1019.9710    24.0273    19.9641     7.4035    226.828    7.08446  217.05316    104.503 -9.990e-29
   40.08362  -73.07008      1.585      1.573    24.0245    30.1471 -9.990e-29     0.3505 3.3506e+01  1019.9719    24.0242    19.9653     7.3993    226.701    7.08473  217.06216    104.441 -9.990e-29
   40.08362  -73.07008      1.585      1.573    24.0209    30.1477 -9.990e-29     0.3505 3.4281e+01  1019.9732    24.0206    19.9667     7.3992    226.696    7.08491  217.06611    104.436 -9.990e-29
   40.08362  -73.07008      1.564      1.552    24.0172    30.1486 -9.990e-29     0.3505 3.4975e+01  1019.9753    24.0169    19.9685     7.4027    226.801    7.08457  217.05488    104.490 -9.990e-29
   40.08362  -73.07008      1.574      1.562    24.0139    30.1497 -9.990e-29     0.3505 3.5075e+01  1019.9771    24.0136    19.9703     7.4022    226.786    7.08410  217.04071    104.490 -9.990e-29
   40.08362  -73.07008      1.564      1.552    24.0111    30.1497 -9.990e-29     0.3505 3.4975e+01  1019.9786    24.0108    19.9717     7.4018    226.775    7.08375  217.03079    104.490 -9.990e-29
   40.08362  -73.07008      1.564      1.552    24.0084    30.1497 -9.990e-29     0.3505 3.5075e+01  1019.9800    24.0080    19.9725     7.4015    226.766    7.08350  217.02373    104.489 -9.990e-29
   40.08362  -73.07008      1.574      1.562    24.0060    30.1492 -9.990e-29     0.3505 3.4975e+01  1019.9796    24.0057    19.9722     7.3971    226.632    7.08328  217.01783    104.430 -9.990e-29
   40.08362  -73.07008      1.564      1.552    24.0035    30.1482 -9.990e-29     0.3505 3.0955e+01  1019.9771    24.0032    19.9716     7.4008    226.746    7.08321  217.01632    104.483 -9.990e-29
   40.08362  -73.07008      1.574      1.562    23.9987    30.1482 -9.990e-29     0.3505 3.5784e+01  1019.9779    23.9984    19.9724     7.4008    226.747    7.08330  217.01979    104.482 -9.990e-29
   40.08362  -73.07008      1.574      1.562    23.9931    30.1482 -9.990e-29     0.3505 3.5886e+01  1019.9816    23.9928    19.9751     7.4009    226.751    7.08350  217.02623    104.481 -9.990e-29
   40.08362  -73.07008      1.585      1.573    23.9881    30.1509 -9.990e-29     0.3505 3.6403e+01  1019.9856    23.9878    19.9785     7.4009    226.751    7.08363  217.02942    104.479 -9.990e-29
   40.08362  -73.07008      1.574      1.562    23.9841    30.1535 -9.990e-29     0.3505 3.2869e+01  1019.9888    23.9838    19.9817     7.4007    226.744    7.08357  217.02624    104.478 -9.990e-29
   40.08362  -73.07008      1.594      1.582    23.9809    30.1557 -9.990e-29     0.3505 3.7888e+01  1019.9913    23.9806    19.9843     7.4007    226.741    7.08332  217.01820    104.480 -9.990e-29
   40.08362  -73.07008      1.585      1.573    23.9784    30.1577 -9.990e-29     0.3505 3.7672e+01  1019.9931    23.9781    19.9865     7.4001    226.723    7.08287  217.00448    104.479 -9.990e-29
   40.08362  -73.07008      1.594      1.582    23.9761    30.1598 -9.990e-29     0.3505 3.6926e+01  1019.9959    23.9757    19.9887     7.4039    226.842    7.08244  216.99154    104.539 -9.990e-29
   40.08362  -73.07008      1.604      1.592    23.9747    30.1598 -9.990e-29     0.3505 3.6716e+01  1019.9980    23.9743    19.9900     7.4038    226.839    7.08220  216.98448    104.542 -9.990e-29
   40.08362  -73.07008      1.604      1.592    23.9745    30.1598 -9.990e-29     0.3640 3.6821e+01  1019.9971    23.9741    19.9899     7.4081    226.969    7.08217  216.98405    104.602 -9.990e-29
   40.08362  -73.07008      1.615      1.603    23.9738    30.1590 -9.990e-29     0.3640 3.7888e+01  1019.9957    23.9734    19.9891     7.4045    226.860    7.08205  216.98107    104.553 -9.990e-29
   40.08362  -73.07008      1.634      1.622    23.9720    30.1573 -9.990e-29     0.3640 3.8323e+01  1019.9953    23.9716    19.9882     7.4044    226.858    7.08189  216.97639    104.554 -9.990e-29
   40.08362  -73.07008      1.626      1.614    23.9700    30.1553 -9.990e-29     0.3640 3.8323e+01  1019.9943    23.9697    19.9872     7.4047    226.868    7.08185  216.97582    104.559 -9.990e-29
   40.08362  -73.07008      1.645      1.633    23.9675    30.1553 -9.990e-29     0.3640 3.8323e+01  1019.9924    23.9671    19.9869     7.4092    227.007    7.08189  216.97738    104.622 -9.990e-29
   40.08362  -73.07008      1.645      1.633    23.9626    30.1553 -9.990e-29     0.3640 3.8214e+01  1019.9951    23.9623    19.9883     7.4098    227.024    7.08212  216.98477    104.627 -9.990e-29
   40.08362  -73.07008      1.655      1.642    23.9583    30.1557 -9.990e-29     0.3640 3.3533e+01  1019.9981    23.9580    19.9907     7.4065    226.924    7.08239  216.99341    104.577 -9.990e-29
   40.08362  -73.07008      1.666      1.653    23.9549    30.1572 -9.990e-29     0.3640 3.6195e+01  1020.0003    23.9545    19.9930     7.4113    227.071    7.08275  217.00451    104.639 -9.990e-29
   40.08362  -73.07008      1.676      1.663    23.9514    30.1582 -9.990e-29     0.3640 3.4875e+01  1020.0024    23.9510    19.9947     7.4081    226.972    7.08310  217.01520    104.588 -9.990e-29
   40.08362  -73.07008      1.696      1.683    23.9483    30.1586 -9.990e-29     0.3640 3.4577e+01  1020.0029    23.9480    19.9961     7.4129    227.118    7.08352  217.02776    104.649 -9.990e-29
   40.08362  -73.07008      1.685      1.672    23.9444    30.1599 -9.990e-29     0.3640 3.4577e+01  1020.0044    23.9440    19.9982     7.4138    227.145    7.08391  217.03925    104.656 -9.990e-29
   40.08362  -73.07008      1.696      1.683    23.9397    30.1622 -9.990e-29     0.3640 3.4577e+01  1020.0091    23.9394    20.0010     7.4146    227.170    7.08425  217.04924    104.663 -9.990e-29
   40.08362  -73.07008      1.728      1.715    23.9367    30.1641 -9.990e-29     0.3640 3.4577e+01  1020.0113    23.9364    20.0034     7.4153    227.193    7.08454  217.05764    104.669 -9.990e-29
   40.08362  -73.07008      1.726      1.713    23.9345    30.1650 -9.990e-29     0.3640 3.4676e+01  1020.0126    23.9341    20.0047     7.4160    227.212    7.08474  217.06336    104.676 -9.990e-29
   40.08362  -73.07008      1.726      1.713    23.9334    30.1655 -9.990e-29     0.3640 3.4875e+01  1020.0126    23.9331    20.0055     7.4165    227.228    7.08485  217.06619    104.681 -9.990e-29
   40.08362  -73.07008      1.747      1.734    23.9316    30.1662 -9.990e-29     0.3640 3.4875e+01  1020.0137    23.9313    20.0066     7.4128    227.112    7.08486  217.06536    104.628 -9.990e-29
   40.08362  -73.07008      1.747      1.734    23.9299    30.1682 -9.990e-29     0.3640 3.5175e+01  1020.0152    23.9295    20.0085     7.4169    227.237    7.08476  217.06170    104.688 -9.990e-29
   40.08362  -73.07008      1.777      1.764    23.9286    30.1733 -9.990e-29     0.3640 3.5478e+01  1020.0178    23.9282    20.0126     7.4129    227.114    7.08455  217.05468    104.635 -9.990e-29
   40.08362  -73.07008      1.777      1.764    23.9280    30.1821 -9.990e-29     0.3640 3.5682e+01  1020.0275    23.9277    20.0190     7.4124    227.099    7.08410  217.03996    104.635 -9.990e-29
   40.08362  -73.07008      1.788      1.775    23.9318    30.1881 -9.990e-29     0.3640 3.5478e+01  1020.0356    23.9314    20.0238     7.4161    227.210    7.08357  217.02365    104.694 -9.990e-29
   40.08362  -73.07008      1.807      1.794    23.9409    30.1881 -9.990e-29     0.3640 3.4775e+01  1020.0332    23.9405    20.0231     7.4117    227.076    7.08303  217.00776    104.640 -9.990e-29
