CalculateIndicators/WaterTemperature/Data/CTD_NYOS/20240710_C22.cnv
* Sea-Bird SBE 9 Data File:
* FileName = C:\Seabird 9 CTD\Data\2024\202407_offshore\20240710_C22.hex
* Software Version Seasave V 7.23.2
* Temperature SN = 4590
* Conductivity SN = 3228
* Number of Bytes Per Scan = 44
* Number of Voltage Words = 5
* Number of Scans Averaged by the Deck Unit = 1
* NMEA Latitude = 40 21.39 N
* NMEA Longitude = 072 18.44 W
* NMEA UTC (Time) = Jul 10 2024  16:16:47
* NMEA baud rate = 4800
** Ship: seawolf
** Station: 10.3
** Operator: TCM
# nquan = 18
# nvalues = 13581                       
# units = specified
# name 0 = latitude: Latitude [deg]
# name 1 = longitude: Longitude [deg]
# name 2 = prDM: Pressure, Digiquartz [db]
# name 3 = depSM: Depth [salt water, m]
# name 4 = t090C: Temperature [ITS-90, deg C]
# name 5 = sal00: Salinity, Practical [PSU]
# name 6 = ph: pH
# name 7 = flECO-AFL: Fluorescence, WET Labs ECO-AFL/FL [mg/m^3]
# name 8 = cpar: CPAR/Corrected Irradiance [%]
# name 9 = density00: Density [density, kg/m^3]
# name 10 = potemp090C: Potential Temperature [ITS-90, deg C]
# name 11 = sigma-é00: Density [sigma-theta, kg/m^3]
# name 12 = sbeox0Mg/L: Oxygen, SBE 43 [mg/l]
# name 13 = sbox0Mm/Kg: Oxygen, SBE 43 [umol/kg]
# name 14 = oxsolMg/L: Oxygen Saturation, Garcia & Gordon [mg/l]
# name 15 = oxsolMm/Kg: Oxygen Saturation, Garcia & Gordon [umol/kg]
# name 16 = sbeox0PS: Oxygen, SBE 43 [% saturation]
# name 17 = flag:  0.000e+00
# span 0 =   40.35648,   40.35786       
# span 1 =  -72.30736,  -72.30502       
# span 2 =      1.839,     55.165       
# span 3 =      1.825,     54.733       
# span 4 =     6.7181,    22.7753       
# span 5 =    29.9918,    32.0027       
# span 6 =      7.824,      8.093       
# span 7 =    -0.0255,     2.0832       
# span 8 = 4.0190e-14, 1.2364e+02       
# span 9 =  1020.2637,  1025.3270       
# span 10 =     6.7134,    22.7743      
# span 11 =    20.2512,    25.0747      
# span 12 =     7.3036,    10.5026      
# span 13 =    222.662,    320.293      
# span 14 =    7.24020,    9.90636      
# span 15 =  221.76481,  302.00628      
# span 16 =     73.838,    111.382      
# span 17 = 0.0000e+00, 0.0000e+00      
# interval = seconds: 0.0416667
# start_time = Jul 10 2024 16:16:48 [System UTC, first data scan.]
# bad_flag = -9.990e-29
*END*
[from data line 3699]
   40.35714  -72.30674     54.679     54.251     6.7198    31.9723 -9.990e-29     0.0148 4.5911e-14  1025.3232     6.7151    25.0717     7.5883    231.337    9.90552  301.98124     76.606 -9.990e-29
   40.35714  -72.30674     54.684     54.256     6.7198    31.9723      7.951     0.0148 4.5911e-14  1025.3234     6.7151    25.0717     7.5889    231.356    9.90557  301.98243     76.612 -9.990e-29
   40.35714  -72.30674     54.688     54.260     6.7198    31.9723      7.951     0.0148 4.5911e-14  1025.3233     6.7151    25.0717     7.5895    231.376    9.90557  301.98233     76.619 -9.990e-29
   40.35714  -72.30674     54.684     54.256     6.7198    31.9722      7.951     0.0148 4.5953e-14  1025.3232     6.7151    25.0716     7.5902    231.397    9.90557  301.98219     76.626 -9.990e-29
   40.35714  -72.30674     54.675     54.247     6.7198    31.9722      7.951     0.0148 4.5953e-14  1025.3232     6.7151    25.0716     7.5910    231.419    9.90559  301.98314     76.633 -9.990e-29
   40.35714  -72.30674     54.668     54.240     6.7198    31.9722      7.951     0.0148 4.5995e-14  1025.3231     6.7151    25.0716     7.5908    231.414    9.90566  301.98548     76.631 -9.990e-29
   40.35714  -72.30674     54.675     54.247     6.7200    31.9724      7.951     0.0148 4.5995e-14  1025.3232     6.7153    25.0717     7.5906    231.409    9.90574  301.98787     76.628 -9.990e-29
   40.35714  -72.30674     54.675     54.247     6.7199    31.9725      7.951     0.0148 4.5995e-14  1025.3235     6.7152    25.0717     7.5905    231.404    9.90581  301.98992     76.626 -9.990e-29
   40.35714  -72.30674     54.658     54.230     6.7200    31.9725      7.951     0.0148 4.6036e-14  1025.3230     6.7153    25.0717     7.5912    231.427    9.90581  301.98977     76.634 -9.990e-29
   40.35714  -72.30674     54.665     54.237     6.7200    31.9725      7.951     0.0148 4.6036e-14  1025.3233     6.7153    25.0717     7.5846    231.225    9.90586  301.99129     76.567 -9.990e-29
   40.35714  -72.30674     54.658     54.230     6.7202    31.9725      7.951     0.0148 4.6078e-14  1025.3232     6.7156    25.0717     7.5900    231.390    9.90592  301.99294     76.621 -9.990e-29
   40.35714  -72.30674     54.654     54.226     6.7201    31.9726      7.951     0.0148 4.6078e-14  1025.3233     6.7154    25.0718     7.5899    231.386    9.90595  301.99381     76.619 -9.990e-29
   40.35714  -72.30674     54.644     54.217     6.7201    31.9728      7.951     0.0148 4.6078e-14  1025.3234     6.7154    25.0720     7.5907    231.411    9.90592  301.99310     76.628 -9.990e-29
   40.35714  -72.30674     54.628     54.200     6.7202    31.9729      7.951     0.0148 4.6120e-14  1025.3234     6.7156    25.0721     7.5917    231.441    9.90602  301.99605     76.637 -9.990e-29
   40.35714  -72.30674     54.633     54.206     6.7204    31.9729      7.951     0.0148 4.6120e-14  1025.3237     6.7158    25.0721     7.5927    231.471    9.90606  301.99737     76.647 -9.990e-29
   40.35714  -72.30674     54.633     54.206     6.7208    31.9730      7.951     0.0148 4.6162e-14  1025.3232     6.7161    25.0720     7.5861    231.272    9.90603  301.99636     76.581 -9.990e-29
   40.35714  -72.30672     54.617     54.189     6.7209    31.9730      7.951     0.0148 4.6162e-14  1025.3233     6.7162    25.0720     7.5852    231.243    9.90601  301.99579     76.571 -9.990e-29
   40.35714  -72.30672     54.614     54.186     6.7212    31.9734      7.951     0.0148 4.6204e-14  1025.3233     6.7166    25.0724     7.5843    231.216    9.90605  301.99704     76.562 -9.990e-29
   40.35714  -72.30672     54.596     54.169     6.7208    31.9741      7.951     0.0148 4.6204e-14  1025.3245     6.7161    25.0729     7.5899    231.387    9.90610  301.99844     76.619 -9.990e-29
   40.35714  -72.30672     54.603     54.175     6.7216    31.9741      7.951     0.0148 4.6204e-14  1025.3245     6.7169    25.0732     7.5900    231.390    9.90609  301.99801     76.620 -9.990e-29
   40.35714  -72.30672     54.582     54.155     6.7220    31.9741      7.951     0.0148 4.6247e-14  1025.3242     6.7173    25.0730     7.5901    231.393    9.90610  301.99848     76.621 -9.990e-29
   40.35714  -72.30672     54.586     54.159     6.7223    31.9740      7.951     0.0148 4.6247e-14  1025.3239     6.7177    25.0726     7.5847    231.229    9.90607  301.99748     76.566 -9.990e-29
   40.35714  -72.30672     54.572     54.145     6.7230    31.9736      7.951     0.0148 4.6289e-14  1025.3233     6.7183    25.0722     7.5914    231.434    9.90612  301.99896     76.634 -9.990e-29
   40.35714  -72.30672     54.552     54.125     6.7233    31.9733      7.951     0.0013 4.6289e-14  1025.3227     6.7187    25.0719     7.5917    231.442    9.90618  302.00090     76.636 -9.990e-29
   40.35714  -72.30672     54.556     54.129     6.7237    31.9731      7.951    -0.0121 4.6331e-14  1025.3229     6.7190    25.0718     7.5919    231.448    9.90617  302.00045     76.638 -9.990e-29
   40.35714  -72.30672     54.552     54.125     6.7238    31.9730      7.951    -0.0121 4.6331e-14  1025.3226     6.7191    25.0717     7.5857    231.258    9.90615  301.99986     76.575 -9.990e-29
   40.35714  -72.30672     54.525     54.099     6.7242    31.9730      7.946    -0.0121 4.6374e-14  1025.3224     6.7195    25.0716     7.5914    231.433    9.90618  302.00094     76.633 -9.990e-29
   40.35714  -72.30672     54.531     54.104     6.7242    31.9730      7.951    -0.0121 4.6374e-14  1025.3227     6.7195    25.0716     7.5852    231.243    9.90613  301.99942     76.571 -9.990e-29
   40.35714  -72.30672     54.521     54.095     6.7243    31.9730      7.951    -0.0121 4.6416e-14  1025.3225     6.7196    25.0716     7.5910    231.419    9.90612  301.99885     76.629 -9.990e-29
   40.35714  -72.30672     54.505     54.078     6.7248    31.9729      7.951    -0.0121 4.6416e-14  1025.3221     6.7201    25.0715     7.5913    231.429    9.90616  302.00025     76.632 -9.990e-29
   40.35714  -72.30672     54.500     54.074     6.7250    31.9727      7.946    -0.0121 7.8960e-07  1025.3220     6.7203    25.0713     7.5906    231.406    9.90612  301.99900     76.625 -9.990e-29
   40.35714  -72.30672     54.500     54.074     6.7251    31.9726      7.951    -0.0121 7.8960e-07  1025.3220     6.7204    25.0712     7.5908    231.415    9.90615  301.99994     76.627 -9.990e-29
   40.35714  -72.30672     54.494     54.067     6.7253    31.9725      7.946    -0.0121 4.6501e-14  1025.3218     6.7206    25.0711     7.5911    231.424    9.90619  302.00104     76.630 -9.990e-29
   40.35714  -72.30672     54.480     54.053     6.7253    31.9723      7.951    -0.0121 4.6501e-14  1025.3216     6.7206    25.0710     7.5914    231.432    9.90621  302.00175     76.633 -9.990e-29
   40.35714  -72.30672     54.480     54.053     6.7253    31.9723      7.951    -0.0121 4.6544e-14  1025.3216     6.7206    25.0710     7.5852    231.243    9.90619  302.00106     76.570 -9.990e-29
   40.35714  -72.30672     54.474     54.048     6.7253    31.9721      7.951    -0.0121 4.6544e-14  1025.3216     6.7206    25.0708     7.5846    231.224    9.90624  302.00283     76.564 -9.990e-29
   40.35714  -72.30672     54.480     54.053     6.7251    31.9716      7.946    -0.0121 4.6587e-14  1025.3214     6.7204    25.0703     7.5904    231.401    9.90625  302.00294     76.622 -9.990e-29
   40.35714  -72.30672     54.463     54.037     6.7254    31.9707      7.951    -0.0121 4.6587e-14  1025.3198     6.7208    25.0696     7.5907    231.411    9.90621  302.00181     76.626 -9.990e-29
   40.35714  -72.30672     54.449     54.023     6.7250    31.9707      7.951    -0.0121 4.6630e-14  1025.3196     6.7203    25.0694     7.5846    231.224    9.90622  302.00207     76.564 -9.990e-29
   40.35714  -72.30672     54.460     54.034     6.7245    31.9707      7.951    -0.0121 4.6630e-14  1025.3201     6.7198    25.0697     7.5840    231.208    9.90628  302.00376     76.558 -9.990e-29
   40.35714  -72.30672     54.454     54.027     6.7238    31.9710      7.951    -0.0121 4.6673e-14  1025.3211     6.7192    25.0702     7.5899    231.388    9.90627  302.00363     76.618 -9.990e-29
   40.35714  -72.30672     54.449     54.023     6.7240    31.9711      7.951    -0.0121 4.6673e-14  1025.3206     6.7193    25.0702     7.5903    231.399    9.90621  302.00185     76.622 -9.990e-29
   40.35714  -72.30672     54.449     54.023     6.7240    31.9711      7.951    -0.0255 4.6716e-14  1025.3207     6.7193    25.0702     7.5843    231.216    9.90625  302.00280     76.561 -9.990e-29
   40.35714  -72.30672     54.442     54.016     6.7233    31.9711      7.951    -0.0121 4.6716e-14  1025.3210     6.7187    25.0702     7.5902    231.397    9.90626  302.00306     76.621 -9.990e-29
   40.35714  -72.30672     54.429     54.003     6.7235    31.9707      7.951    -0.0121 4.6759e-14  1025.3203     6.7188    25.0699     7.5906    231.409    9.90622  302.00217     76.625 -9.990e-29
   40.35714  -72.30672     54.440     54.014     6.7233    31.9706      7.951    -0.0121 4.6759e-14  1025.3200     6.7187    25.0697     7.5911    231.424    9.90623  302.00230     76.630 -9.990e-29
   40.35714  -72.30672     54.442     54.016     6.7225    31.9706      7.946    -0.0121 4.6759e-14  1025.3202     6.7179    25.0697     7.5916    231.437    9.90623  302.00244     76.634 -9.990e-29
   40.35714  -72.30672     54.440     54.014     6.7222    31.9706      7.951    -0.0121 4.6802e-14  1025.3205     6.7175    25.0700     7.5930    231.482    9.90624  302.00262     76.649 -9.990e-29
   40.35714  -72.30672     54.440     54.014     6.7222    31.9709      7.951     0.0013 4.6845e-14  1025.3206     6.7175    25.0702     7.5935    231.496    9.90624  302.00261     76.654 -9.990e-29
   40.35714  -72.30672     54.442     54.016     6.7219    31.9714      7.951     0.0148 4.6845e-14  1025.3210     6.7172    25.0706     7.5876    231.315    9.90627  302.00355     76.594 -9.990e-29
   40.35714  -72.30672     54.440     54.014     6.7216    31.9714      7.951     0.0148 4.6845e-14  1025.3218     6.7169    25.0711     7.5936    231.498    9.90626  302.00322     76.654 -9.990e-29
   40.35714  -72.30672     54.454     54.027     6.7216    31.9714      7.951     0.0148 4.6889e-14  1025.3219     6.7169    25.0711     7.5941    231.515    9.90629  302.00430     76.659 -9.990e-29
   40.35714  -72.30672     54.449     54.023     6.7217    31.9714      7.951     0.0148 4.6889e-14  1025.3212     6.7171    25.0708     7.5881    231.332    9.90622  302.00207     76.600 -9.990e-29
   40.35714  -72.30672     54.449     54.023     6.7216    31.9712      7.946     0.0148 4.6932e-14  1025.3207     6.7169    25.0704     7.5942    231.518    9.90626  302.00313     76.661 -9.990e-29
   40.35714  -72.30672     54.454     54.027     6.7212    31.9712      7.946     0.0148 4.6932e-14  1025.3208     6.7166    25.0704     7.5947    231.534    9.90622  302.00203     76.666 -9.990e-29
   40.35714  -72.30672     54.470     54.044     6.7208    31.9712      7.951     0.0148 4.6976e-14  1025.3214     6.7161    25.0706     7.5953    231.551    9.90621  302.00157     76.672 -9.990e-29
   40.35714  -72.30672     54.470     54.044     6.7208    31.9713      7.946     0.0148 4.6976e-14  1025.3214     6.7161    25.0708     7.5959    231.569    9.90625  302.00281     76.678 -9.990e-29
   40.35714  -72.30672     54.463     54.037     6.7206    31.9714      7.946     0.0148 4.7019e-14  1025.3213     6.7159    25.0709     7.5964    231.586    9.90624  302.00248     76.683 -9.990e-29
   40.35714  -72.30672     54.480     54.053     6.7202    31.9715      7.946     0.0148 4.7019e-14  1025.3217     6.7156    25.0710     7.5960    231.572    9.90623  302.00217     76.679 -9.990e-29
   40.35714  -72.30672     54.500     54.074     6.7201    31.9716      7.951     0.0148 4.7019e-14  1025.3219     6.7154    25.0710     7.5965    231.587    9.90619  302.00087     76.684 -9.990e-29
   40.35714  -72.30672     54.494     54.067     6.7202    31.9716      7.946     0.0148 4.7063e-14  1025.3217     6.7156    25.0711     7.5970    231.603    9.90622  302.00206     76.689 -9.990e-29
   40.35714  -72.30672     54.512     54.085     6.7198    31.9716      7.951     0.0148 4.7063e-14  1025.3220     6.7151    25.0711     7.5975    231.618    9.90618  302.00091     76.694 -9.990e-29
   40.35714  -72.30672     54.531     54.104     6.7196    31.9716      7.951     0.0148 4.7107e-14  1025.3220     6.7149    25.0711     7.5980    231.633    9.90617  302.00060     76.700 -9.990e-29
   40.35714  -72.30672     54.514     54.088     6.7198    31.9717      7.946     0.0148 4.7107e-14  1025.3219     6.7151    25.0712     7.5985    231.648    9.90614  301.99954     76.705 -9.990e-29
   40.35714  -72.30672     54.542     54.115     6.7198    31.9718      7.946     0.0148 4.7107e-14  1025.3222     6.7151    25.0713     7.6044    231.829    9.90612  301.99905     76.765 -9.990e-29
   40.35714  -72.30672     54.565     54.138     6.7196    31.9719      7.946     0.0148 4.7151e-14  1025.3224     6.7149    25.0714     7.5984    231.645    9.90612  301.99892     76.704 -9.990e-29
   40.35714  -72.30672     54.563     54.136     6.7193    31.9720      7.951     0.0148 4.7151e-14  1025.3226     6.7146    25.0715     7.5977    231.624    9.90604  301.99624     76.698 -9.990e-29
   40.35714  -72.30672     54.582     54.155     6.7193    31.9720      7.951     0.0148 4.7195e-14  1025.3229     6.7146    25.0716     7.5980    231.632    9.90596  301.99372     76.701 -9.990e-29
   40.35714  -72.30672     54.607     54.180     6.7193    31.9720      7.946     0.0148 4.7195e-14  1025.3228     6.7146    25.0716     7.5982    231.640    9.90584  301.99010     76.704 -9.990e-29
   40.35714  -72.30672     54.603     54.175     6.7194    31.9721      7.946     0.0148 4.7239e-14  1025.3228     6.7148    25.0715     7.5985    231.649    9.90580  301.98884     76.708 -9.990e-29
   40.35714  -72.30672     54.633     54.206     6.7193    31.9721      7.946     0.0148 4.7239e-14  1025.3228     6.7146    25.0715     7.5977    231.624    9.90562  301.98351     76.701 -9.990e-29
   40.35714  -72.30672     54.637     54.210     6.7190    31.9720      7.951     0.0148 4.7283e-14  1025.3230     6.7143    25.0716     7.5980    231.634    9.90562  301.98351     76.704 -9.990e-29
   40.35714  -72.30672     54.644     54.217     6.7190    31.9720      7.946     0.0148 4.7283e-14  1025.3231     6.7143    25.0716     7.5982    231.640    9.90550  301.97993     76.707 -9.990e-29
   40.35714  -72.30672     54.679     54.251     6.7191    31.9721      7.946     0.0013 4.7327e-14  1025.3230     6.7145    25.0715     7.6050    231.847    9.90554  301.98121     76.775 -9.990e-29
   40.35714  -72.30672     54.684     54.256     6.7190    31.9721      7.946     0.0013 4.7327e-14  1025.3232     6.7143    25.0715     7.6052    231.853    9.90550  301.97990     76.778 -9.990e-29
   40.35714  -72.30672     54.695     54.267     6.7191    31.9721      7.946     0.0013 4.7371e-14  1025.3233     6.7145    25.0716     7.5999    231.691    9.90548  301.97947     76.724 -9.990e-29
   40.35714  -72.30672     54.719     54.291     6.7191    31.9721      7.946     0.0013 4.7416e-14  1025.3236     6.7145    25.0717     7.5990    231.665    9.90545  301.97868     76.716 -9.990e-29
   40.35714  -72.30672     54.735     54.307     6.7190    31.9721      7.946     0.0013 4.7416e-14  1025.3236     6.7143    25.0717     7.6056    231.865    9.90541  301.97736     76.782 -9.990e-29
   40.35714  -72.30672     54.739     54.311     6.7192    31.9721      7.946     0.0013 4.7460e-14  1025.3234     6.7145    25.0716     7.6066    231.896    9.90537  301.97605     76.793 -9.990e-29
