CalculateIndicators/WaterTemperature/Data/CTD_NYOS/20240710_25.cnv
* Sea-Bird SBE 9 Data File:
* FileName = C:\Seabird 9 CTD\Data\2024\202407_offshore\20240710_25.hex
* Software Version Seasave V 7.23.2
* Temperature SN = 4590
* Conductivity SN = 3228
* Number of Bytes Per Scan = 44
* Number of Voltage Words = 5
* Number of Scans Averaged by the Deck Unit = 1
* NMEA Latitude = 40 53.51 N
* NMEA Longitude = 072 12.44 W
* NMEA UTC (Time) = Jul 10 2024  23:51:27
* NMEA baud rate = 4800
** Ship: seawolf
** Station: 11.1
** Operator: SJW
# nquan = 18
# nvalues = 8543                        
# units = specified
# name 0 = latitude: Latitude [deg]
# name 1 = longitude: Longitude [deg]
# name 2 = prDM: Pressure, Digiquartz [db]
# name 3 = depSM: Depth [salt water, m]
# name 4 = t090C: Temperature [ITS-90, deg C]
# name 5 = sal00: Salinity, Practical [PSU]
# name 6 = ph: pH
# name 7 = flECO-AFL: Fluorescence, WET Labs ECO-AFL/FL [mg/m^3]
# name 8 = cpar: CPAR/Corrected Irradiance [%]
# name 9 = density00: Density [density, kg/m^3]
# name 10 = potemp090C: Potential Temperature [ITS-90, deg C]
# name 11 = sigma-é00: Density [sigma-theta, kg/m^3]
# name 12 = sbeox0Mg/L: Oxygen, SBE 43 [mg/l]
# name 13 = sbox0Mm/Kg: Oxygen, SBE 43 [umol/kg]
# name 14 = oxsolMg/L: Oxygen Saturation, Garcia & Gordon [mg/l]
# name 15 = oxsolMm/Kg: Oxygen Saturation, Garcia & Gordon [umol/kg]
# name 16 = sbeox0PS: Oxygen, SBE 43 [% saturation]
# name 17 = flag:  0.000e+00
# span 0 =   40.89194,   40.89264       
# span 1 =  -72.20762,  -72.20740       
# span 2 =      1.212,     19.854       
# span 3 =      1.203,     19.699       
# span 4 =    15.0505,    19.8727       
# span 5 =    29.8058,    30.8608       
# span 6 =      7.892,      8.023       
# span 7 =     1.0758,     1.9354       
# span 8 = 4.6459e-13, 7.7638e+01       
# span 9 =  1020.6914,  1022.7056       
# span 10 =    15.0476,    19.8723      
# span 11 =    20.8136,    22.6231      
# span 12 =     7.3835,     8.5620      
# span 13 =    225.704,    261.892      
# span 14 =    7.62831,    8.34940      
# span 15 =  233.46058,  255.16193      
# span 16 =     89.677,    108.578      
# span 17 = 0.0000e+00, 0.0000e+00      
# interval = seconds: 0.0416667
# start_time = Jul 10 2024 23:51:27 [System UTC, first data scan.]
# bad_flag = -9.990e-29
*END*
[from data line 6593]
   40.89252  -72.20758      2.497      2.477    19.8332    30.1590 -9.990e-29     1.4116 1.3654e+01  1021.1271    19.8327    21.1164     8.2533    252.586    7.63404  233.63362    108.112 -9.990e-29
   40.89252  -72.20758      2.506      2.487    19.8328    30.1589 -9.990e-29     1.4116 1.3452e+01  1021.1275    19.8324    21.1164     8.2537    252.596    7.63401  233.63273    108.117 -9.990e-29
   40.89252  -72.20758      2.498      2.479    19.8331    30.1588 -9.990e-29     1.4250 1.3692e+01  1021.1270    19.8326    21.1162     8.2582    252.735    7.63400  233.63223    108.176 -9.990e-29
   40.89252  -72.20758      2.517      2.498    19.8332    30.1588 -9.990e-29     1.4250 1.3577e+01  1021.1271    19.8327    21.1162     8.2541    252.609    7.63404  233.63343    108.122 -9.990e-29
   40.89252  -72.20758      2.506      2.487    19.8330    30.1588 -9.990e-29     1.4250 1.3500e+01  1021.1272    19.8326    21.1163     8.2541    252.610    7.63404  233.63368    108.122 -9.990e-29
   40.89252  -72.20758      2.527      2.507    19.8331    30.1589 -9.990e-29     1.4250 1.3462e+01  1021.1273    19.8326    21.1164     8.2542    252.612    7.63405  233.63376    108.123 -9.990e-29
   40.89252  -72.20758      2.517      2.498    19.8328    30.1590 -9.990e-29     1.4250 1.3348e+01  1021.1276    19.8324    21.1165     8.2587    252.751    7.63403  233.63333    108.183 -9.990e-29
   40.89252  -72.20758      2.528      2.509    19.8332    30.1590 -9.990e-29     1.4250 1.3198e+01  1021.1274    19.8327    21.1165     8.2641    252.915    7.63403  233.63316    108.253 -9.990e-29
   40.89252  -72.20758      2.538      2.518    19.8329    30.1590 -9.990e-29     1.4250 1.3161e+01  1021.1276    19.8324    21.1164     8.2559    252.664    7.63403  233.63332    108.146 -9.990e-29
   40.89252  -72.20758      2.527      2.507    19.8337    30.1588 -9.990e-29     1.4250 1.3087e+01  1021.1269    19.8332    21.1162     8.2650    252.944    7.63406  233.63425    108.265 -9.990e-29
   40.89252  -72.20758      2.538      2.518    19.8332    30.1588 -9.990e-29     1.4250 1.2940e+01  1021.1274    19.8327    21.1162     8.2613    252.831    7.63404  233.63367    108.217 -9.990e-29
   40.89252  -72.20758      2.548      2.528    19.8334    30.1588 -9.990e-29     1.4250 1.2903e+01  1021.1272    19.8330    21.1161     8.2618    252.847    7.63409  233.63513    108.223 -9.990e-29
   40.89252  -72.20758      2.548      2.528    19.8333    30.1587 -9.990e-29     1.4250 1.2830e+01  1021.1271    19.8329    21.1160     8.2618    252.847    7.63407  233.63451    108.223 -9.990e-29
   40.89252  -72.20758      2.538      2.518    19.8333    30.1586 -9.990e-29     1.4250 1.2722e+01  1021.1269    19.8329    21.1160     8.2619    252.850    7.63411  233.63563    108.224 -9.990e-29
   40.89252  -72.20758      2.548      2.528    19.8331    30.1586 -9.990e-29     1.4250 1.2650e+01  1021.1273    19.8326    21.1160     8.2574    252.711    7.63409  233.63511    108.165 -9.990e-29
   40.89252  -72.20758      2.548      2.528    19.8332    30.1586 -9.990e-29     1.4250 1.2358e+01  1021.1272    19.8327    21.1160     8.2571    252.701    7.63409  233.63505    108.161 -9.990e-29
   40.89252  -72.20758      2.548      2.528    19.8332    30.1586 -9.990e-29     1.4250 1.2082e+01  1021.1269    19.8327    21.1160     8.2657    252.964    7.63405  233.63401    108.274 -9.990e-29
   40.89252  -72.20758      2.538      2.518    19.8332    30.1586 -9.990e-29     1.4250 1.1980e+01  1021.1271    19.8327    21.1161     8.2612    252.826    7.63405  233.63393    108.214 -9.990e-29
   40.89252  -72.20758      2.548      2.528    19.8329    30.1585 -9.990e-29     1.4250 1.1946e+01  1021.1273    19.8324    21.1161     8.2611    252.824    7.63402  233.63310    108.214 -9.990e-29
   40.89252  -72.20758      2.527      2.507    19.8328    30.1586 -9.990e-29     1.4250 1.1678e+01  1021.1270    19.8324    21.1161     8.2615    252.837    7.63407  233.63449    108.219 -9.990e-29
   40.89252  -72.20758      2.527      2.507    19.8330    30.1586 -9.990e-29     1.4250 1.1613e+01  1021.1270    19.8326    21.1161     8.2614    252.834    7.63404  233.63345    108.218 -9.990e-29
   40.89252  -72.20758      2.517      2.498    19.8327    30.1586 -9.990e-29     1.4250 1.1580e+01  1021.1272    19.8323    21.1162     8.2564    252.682    7.63405  233.63397    108.153 -9.990e-29
   40.89252  -72.20758      2.517      2.498    19.8328    30.1586 -9.990e-29     1.4250 1.1449e+01  1021.1274    19.8324    21.1163     8.2650    252.944    7.63404  233.63372    108.265 -9.990e-29
   40.89252  -72.20758      2.506      2.487    19.8327    30.1586 -9.990e-29     1.4250 1.1385e+01  1021.1271    19.8322    21.1162     8.2608    252.814    7.63405  233.63393    108.210 -9.990e-29
   40.89252  -72.20758      2.497      2.477    19.8329    30.1584 -9.990e-29     1.4250 1.1385e+01  1021.1267    19.8324    21.1160     8.2656    252.960    7.63402  233.63298    108.273 -9.990e-29
   40.89252  -72.20758      2.497      2.477    19.8328    30.1584 -9.990e-29     1.4116 1.1353e+01  1021.1270    19.8324    21.1160     8.2659    252.970    7.63408  233.63487    108.276 -9.990e-29
   40.89252  -72.20758      2.478      2.458    19.8327    30.1584 -9.990e-29     1.3982 1.1353e+01  1021.1268    19.8322    21.1160     8.2616    252.838    7.63407  233.63463    108.220 -9.990e-29
   40.89252  -72.20758      2.476      2.457    19.8329    30.1585 -9.990e-29     1.3982 1.1353e+01  1021.1268    19.8325    21.1161     8.2663    252.982    7.63402  233.63317    108.282 -9.990e-29
   40.89252  -72.20758      2.446      2.427    19.8327    30.1586 -9.990e-29     1.3982 1.1385e+01  1021.1270    19.8322    21.1162     8.2664    252.986    7.63398  233.63157    108.284 -9.990e-29
   40.89252  -72.20758      2.436      2.417    19.8328    30.1586 -9.990e-29     1.3982 1.1417e+01  1021.1267    19.8324    21.1162     8.2665    252.990    7.63397  233.63124    108.286 -9.990e-29
   40.89252  -72.20758      2.427      2.408    19.8327    30.1586 -9.990e-29     1.3982 1.1417e+01  1021.1266    19.8323    21.1162     8.2670    253.005    7.63392  233.62974    108.293 -9.990e-29
   40.89252  -72.20758      2.406      2.387    19.8327    30.1587 -9.990e-29     1.3982 1.1547e+01  1021.1268    19.8322    21.1163     8.2720    253.158    7.63390  233.62913    108.359 -9.990e-29
   40.89252  -72.20758      2.385      2.367    19.8327    30.1587 -9.990e-29     1.3982 1.1678e+01  1021.1268    19.8322    21.1164     8.2729    253.186    7.63393  233.63007    108.371 -9.990e-29
   40.89252  -72.20758      2.365      2.347    19.8324    30.1587 -9.990e-29     1.3982 1.1712e+01  1021.1267    19.8320    21.1164     8.2692    253.072    7.63390  233.62933    108.322 -9.990e-29
   40.89252  -72.20758      2.346      2.327    19.8325    30.1587 -9.990e-29     1.3982 1.1811e+01  1021.1265    19.8320    21.1163     8.2742    253.225    7.63392  233.63003    108.387 -9.990e-29
   40.89252  -72.20758      2.335      2.317    19.8325    30.1586 -9.990e-29     1.3982 1.2048e+01  1021.1263    19.8320    21.1163     8.2745    253.235    7.63388  233.62873    108.392 -9.990e-29
   40.89252  -72.20758      2.315      2.297    19.8323    30.1586 -9.990e-29     1.3982 1.2150e+01  1021.1265    19.8319    21.1163     8.2749    253.246    7.63390  233.62937    108.396 -9.990e-29
   40.89252  -72.20758      2.284      2.266    19.8322    30.1586 -9.990e-29     1.3982 1.2288e+01  1021.1263    19.8318    21.1163     8.2800    253.403    7.63387  233.62858    108.464 -9.990e-29
   40.89252  -72.20758      2.274      2.257    19.8323    30.1584 -9.990e-29     1.3982 1.2388e+01  1021.1260    19.8319    21.1162     8.2806    253.422    7.63388  233.62884    108.472 -9.990e-29
   40.89252  -72.20758      2.265      2.247    19.8321    30.1582 -9.990e-29     1.3982 1.2749e+01  1021.1263    19.8317    21.1160     8.2812    253.440    7.63388  233.62868    108.480 -9.990e-29
   40.89252  -72.20758      2.244      2.227    19.8322    30.1581 -9.990e-29     1.3982 1.2600e+01  1021.1250    19.8318    21.1156     8.2775    253.326    7.63384  233.62733    108.432 -9.990e-29
   40.89252  -72.20758      2.225      2.208    19.8323    30.1581 -9.990e-29     1.3982 1.3226e+01  1021.1250    19.8319    21.1156     8.2780    253.342    7.63387  233.62842    108.438 -9.990e-29
   40.89252  -72.20758      2.203      2.186    19.8321    30.1581 -9.990e-29     1.3982 1.3376e+01  1021.1257    19.8317    21.1159     8.2784    253.354    7.63383  233.62726    108.444 -9.990e-29
   40.89252  -72.20758      2.184      2.167    19.8320    30.1584 -9.990e-29     1.3982 1.3452e+01  1021.1258    19.8316    21.1162     8.2788    253.367    7.63383  233.62724    108.449 -9.990e-29
   40.89252  -72.20758      2.163      2.146    19.8323    30.1586 -9.990e-29     1.3982 1.3676e+01  1021.1256    19.8319    21.1163     8.2792    253.378    7.63383  233.62728    108.454 -9.990e-29
   40.89252  -72.20758      2.153      2.137    19.8319    30.1587 -9.990e-29     1.3982 1.4154e+01  1021.1259    19.8316    21.1164     8.2791    253.376    7.63384  233.62762    108.453 -9.990e-29
   40.89252  -72.20758      2.142      2.126    19.8320    30.1588 -9.990e-29     1.3982 1.4234e+01  1021.1258    19.8316    21.1165     8.2790    253.373    7.63385  233.62794    108.452 -9.990e-29
   40.89252  -72.20758      2.123      2.107    19.8319    30.1588 -9.990e-29     1.3982 1.4725e+01  1021.1258    19.8316    21.1165     8.2789    253.368    7.63387  233.62857    108.449 -9.990e-29
   40.89252  -72.20758      2.102      2.086    19.8319    30.1588 -9.990e-29     1.3982 1.5019e+01  1021.1257    19.8316    21.1164     8.2791    253.376    7.63393  233.63034    108.452 -9.990e-29
   40.89252  -72.20758      2.082      2.066    19.8322    30.1588 -9.990e-29     1.3847 1.5062e+01  1021.1254    19.8319    21.1164     8.2789    253.369    7.63396  233.63148    108.448 -9.990e-29
   40.89252  -72.20758      2.082      2.066    19.8323    30.1588 -9.990e-29     1.3713 1.5450e+01  1021.1254    19.8319    21.1165     8.2786    253.359    7.63394  233.63077    108.444 -9.990e-29
   40.89252  -72.20758      2.061      2.045    19.8319    30.1588 -9.990e-29     1.3713 1.5803e+01  1021.1256    19.8316    21.1165     8.2786    253.360    7.63393  233.63051    108.445 -9.990e-29
   40.89252  -72.20758      2.042      2.026    19.8320    30.1587 -9.990e-29     1.3713 1.5848e+01  1021.1252    19.8317    21.1164     8.2738    253.212    7.63399  233.63201    108.381 -9.990e-29
   40.89252  -72.20758      2.042      2.026    19.8319    30.1587 -9.990e-29     1.3713 1.6118e+01  1021.1254    19.8316    21.1164     8.2730    253.187    7.63397  233.63164    108.370 -9.990e-29
   40.89252  -72.20758      2.021      2.006    19.8321    30.1587 -9.990e-29     1.3713 1.6487e+01  1021.1251    19.8317    21.1164     8.2721    253.162    7.63399  233.63226    108.359 -9.990e-29
   40.89252  -72.20758      2.021      2.006    19.8321    30.1587 -9.990e-29     1.3713 1.6580e+01  1021.1252    19.8317    21.1164     8.2671    253.009    7.63399  233.63217    108.294 -9.990e-29
   40.89252  -72.20758      2.012      1.996    19.8320    30.1586 -9.990e-29     1.3713 1.6580e+01  1021.1253    19.8317    21.1164     8.2621    252.856    7.63397  233.63155    108.229 -9.990e-29
   40.89252  -72.20758      2.012      1.996    19.8319    30.1585 -9.990e-29     1.3713 1.6580e+01  1021.1250    19.8316    21.1163     8.2605    252.807    7.63398  233.63183    108.207 -9.990e-29
   40.89252  -72.20758      2.001      1.985    19.8321    30.1585 -9.990e-29     1.3713 1.6580e+01  1021.1249    19.8317    21.1162     8.2597    252.783    7.63401  233.63267    108.197 -9.990e-29
   40.89252  -72.20758      2.012      1.996    19.8317    30.1585 -9.990e-29     1.3713 1.6210e+01  1021.1252    19.8313    21.1162     8.2586    252.748    7.63404  233.63354    108.181 -9.990e-29
   40.89252  -72.20758      2.002      1.987    19.8319    30.1585 -9.990e-29     1.3713 1.5494e+01  1021.1248    19.8316    21.1162     8.2574    252.711    7.63401  233.63284    108.166 -9.990e-29
   40.89252  -72.20758      2.012      1.996    19.8316    30.1586 -9.990e-29     1.3713 1.5276e+01  1021.1251    19.8312    21.1164     8.2563    252.677    7.63406  233.63430    108.151 -9.990e-29
   40.89252  -72.20758      2.012      1.996    19.8315    30.1588 -9.990e-29     1.3713 1.5105e+01  1021.1256    19.8312    21.1166     8.2506    252.503    7.63406  233.63420    108.076 -9.990e-29
   40.89252  -72.20758      2.042      2.026    19.8316    30.1588 -9.990e-29     1.3713 1.4478e+01  1021.1256    19.8312    21.1166     8.2487    252.445    7.63404  233.63378    108.051 -9.990e-29
   40.89252  -72.20758      2.031      2.015    19.8319    30.1588 -9.990e-29     1.3713 1.4234e+01  1021.1252    19.8316    21.1165     8.2468    252.386    7.63404  233.63367    108.027 -9.990e-29
   40.89252  -72.20758      2.052      2.036    19.8319    30.1588 -9.990e-29     1.3713 1.4194e+01  1021.1255    19.8315    21.1165     8.2457    252.354    7.63405  233.63409    108.012 -9.990e-29
   40.89252  -72.20758      2.072      2.056    19.8321    30.1588 -9.990e-29     1.3713 1.3877e+01  1021.1254    19.8317    21.1165     8.2443    252.310    7.63406  233.63433    107.994 -9.990e-29
   40.89252  -72.20758      2.091      2.075    19.8318    30.1588 -9.990e-29     1.3713 1.3721e+01  1021.1257    19.8314    21.1165     8.2429    252.268    7.63406  233.63424    107.975 -9.990e-29
   40.89252  -72.20758      2.102      2.086    19.8320    30.1588 -9.990e-29     1.3713 1.3682e+01  1021.1256    19.8317    21.1164     8.2416    252.228    7.63411  233.63579    107.958 -9.990e-29
   40.89252  -72.20758      2.123      2.107    19.8319    30.1588 -9.990e-29     1.3713 1.3490e+01  1021.1256    19.8316    21.1164     8.2358    252.050    7.63415  233.63691    107.881 -9.990e-29
   40.89252  -72.20758      2.142      2.126    19.8319    30.1587 -9.990e-29     1.3713 1.3376e+01  1021.1258    19.8316    21.1166     8.2337    251.986    7.63415  233.63704    107.854 -9.990e-29
   40.89252  -72.20758      2.163      2.146    19.8318    30.1587 -9.990e-29     1.3713 1.3339e+01  1021.1263    19.8314    21.1167     8.2326    251.952    7.63425  233.63995    107.838 -9.990e-29
   40.89252  -72.20758      2.195      2.178    19.8320    30.1587 -9.990e-29     1.3713 1.3077e+01  1021.1262    19.8316    21.1165     8.2311    251.906    7.63430  233.64167    107.817 -9.990e-29
   40.89252  -72.20758      2.223      2.206    19.8319    30.1585 -9.990e-29     1.3713 1.2857e+01  1021.1256    19.8316    21.1161     8.2255    251.736    7.63438  233.64407    107.743 -9.990e-29
   40.89252  -72.20758      2.244      2.227    19.8321    30.1585 -9.990e-29     1.3847 1.3050e+01  1021.1254    19.8317    21.1160     8.2286    251.829    7.63436  233.64335    107.784 -9.990e-29
   40.89252  -72.20758      2.274      2.257    19.8322    30.1585 -9.990e-29     1.3982 1.3087e+01  1021.1260    19.8318    21.1162     8.2272    251.787    7.63434  233.64261    107.766 -9.990e-29
   40.89252  -72.20758      2.304      2.287    19.8323    30.1590 -9.990e-29     1.3982 1.3087e+01  1021.1267    19.8319    21.1166     8.2263    251.758    7.63433  233.64226    107.754 -9.990e-29
   40.89252  -72.20758      2.325      2.307    19.8323    30.1594 -9.990e-29     1.3982 1.3087e+01  1021.1270    19.8319    21.1168     8.2209    251.592    7.63431  233.64163    107.683 -9.990e-29
   40.89252  -72.20758      2.366      2.348    19.8325    30.1594 -9.990e-29     1.3982 1.3386e+01  1021.1274    19.8321    21.1169     8.2242    251.695    7.63432  233.64187    107.727 -9.990e-29
   40.89252  -72.20758      2.385      2.367    19.8328    30.1594 -9.990e-29     1.3982 1.3809e+01  1021.1271    19.8324    21.1168     8.2235    251.673    7.63429  233.64112    107.718 -9.990e-29
