CalculateIndicators/WaterTemperature/Data/CTD_NYOS/20240709_C15.cnv
* Sea-Bird SBE 9 Data File:
* FileName = C:\Seabird 9 CTD\Data\2024\202407_offshore\20240709_C15.hex
* Software Version Seasave V 7.23.2
* Temperature SN = 4590
* Conductivity SN = 3228
* Number of Bytes Per Scan = 44
* Number of Voltage Words = 5
* Number of Scans Averaged by the Deck Unit = 1
* NMEA Latitude = 39 46.55 N
* NMEA Longitude = 072 23.36 W
* NMEA UTC (Time) = Jul 09 2024  22:19:42
* NMEA baud rate = 4800
** Ship: seawolf
** Station: 9.5
** Operator: TDK
# nquan = 18
# nvalues = 20774                       
# units = specified
# name 0 = latitude: Latitude [deg]
# name 1 = longitude: Longitude [deg]
# name 2 = prDM: Pressure, Digiquartz [db]
# name 3 = depSM: Depth [salt water, m]
# name 4 = t090C: Temperature [ITS-90, deg C]
# name 5 = sal00: Salinity, Practical [PSU]
# name 6 = ph: pH
# name 7 = flECO-AFL: Fluorescence, WET Labs ECO-AFL/FL [mg/m^3]
# name 8 = cpar: CPAR/Corrected Irradiance [%]
# name 9 = density00: Density [density, kg/m^3]
# name 10 = potemp090C: Potential Temperature [ITS-90, deg C]
# name 11 = sigma-é00: Density [sigma-theta, kg/m^3]
# name 12 = sbeox0Mg/L: Oxygen, SBE 43 [mg/l]
# name 13 = sbox0Mm/Kg: Oxygen, SBE 43 [umol/kg]
# name 14 = oxsolMg/L: Oxygen Saturation, Garcia & Gordon [mg/l]
# name 15 = oxsolMm/Kg: Oxygen Saturation, Garcia & Gordon [umol/kg]
# name 16 = sbeox0PS: Oxygen, SBE 43 [% saturation]
# name 17 = flag:  0.000e+00
# span 0 =   39.77582,   39.77714       
# span 1 =  -72.38942,  -72.38912       
# span 2 =      1.813,     80.980       
# span 3 =      1.799,     80.345       
# span 4 =     7.3807,    24.8768       
# span 5 =    30.0579,    34.3150       
# span 6 =      7.977,      8.262       
# span 7 =    -0.0658,     1.3310       
# span 8 = 9.2073e-14, 9.8912e+01       
# span 9 =  1019.6975,  1026.0982       
# span 10 =     7.3764,    24.8763      
# span 11 =    19.7272,    25.7330      
# span 12 =     6.9643,    10.2620      
# span 13 =    212.810,    313.008      
# span 14 =    6.96283,    9.71712      
# span 15 =  213.33220,  296.12304      
# span 16 =     79.595,    118.080      
# span 17 = 0.0000e+00, 0.0000e+00      
# interval = seconds: 0.0416667
# start_time = Jul 09 2024 22:19:44 [System UTC, first data scan.]
# bad_flag = -9.990e-29
*END*
[from data line 4825]
   39.77616  -72.38936     40.024     39.714     9.9934    32.9806      8.203     0.1357 5.4194e-02  1025.5586     9.9890    25.3774     8.8201    268.848    9.23958  281.63528     95.460 0.0000e+00
   39.77616  -72.38936     40.044     39.734     9.9965    32.9797      8.203     0.1357 5.3623e-02  1025.5573     9.9920    25.3760     8.8335    269.250    9.24683  281.84892     95.530 0.0000e+00
   39.77616  -72.38936     40.082     39.771     9.9992    32.9778      8.208     0.1357 5.4007e-02  1025.5553     9.9947    25.3741     8.8320    269.196    9.25148  281.98070     95.466 0.0000e+00
   39.77616  -72.38936     40.095     39.785    10.0010    32.9754      8.203     0.1357 5.4205e-02  1025.5533     9.9965    25.3719     8.8352    269.284    9.25470  282.07114     95.467 0.0000e+00
   39.77616  -72.38936     40.106     39.796    10.0022    32.9725      8.203     0.1357 5.4205e-02  1025.5507     9.9977    25.3695     8.8387    269.389    9.25809  282.17127     95.470 0.0000e+00
   39.77616  -72.38936     40.146     39.836    10.0027    32.9696      8.203     0.1357 5.3636e-02  1025.5482     9.9982    25.3672     8.8375    269.356    9.26326  282.33319     95.404 0.0000e+00
   39.77616  -72.38936     40.174     39.863    10.0025    32.9671      8.203     0.1357 5.3255e-02  1025.5463     9.9980    25.3653     8.8429    269.524    9.26958  282.52895     95.397 0.0000e+00
   39.77616  -72.38936     40.197     39.886    10.0015    32.9651      8.203     0.1357 5.3072e-02  1025.5459     9.9970    25.3638     8.8477    269.670    9.27497  282.69118     95.394 0.0000e+00
   39.77616  -72.38936     40.228     39.916    10.0003    32.9629      8.203     0.1357 5.3262e-02  1025.5436     9.9958    25.3623     8.8516    269.782    9.27903  282.81082     95.393 0.0000e+00
   39.77616  -72.38936     40.255     39.944     9.9985    32.9610      8.203     0.1357 5.2891e-02  1025.5428     9.9940    25.3611     8.8537    269.844    9.28199  282.89662     95.386 0.0000e+00
   39.77616  -72.38936     40.279     39.967     9.9964    32.9596      8.203     0.1222 5.2899e-02  1025.5426     9.9918    25.3604     8.8508    269.752    9.28472  282.97736     95.326 0.0000e+00
   39.77616  -72.38936     40.299     39.988     9.9939    32.9582      8.203     0.1357 5.2159e-02  1025.5415     9.9894    25.3597     8.8530    269.816    9.28713  283.04822     95.325 0.0000e+00
   39.77616  -72.38936     40.320     40.008     9.9914    32.9570      8.203     0.1357 5.1071e-02  1025.5412     9.9869    25.3593     8.8541    269.852    9.28991  283.13384     95.309 0.0000e+00
   39.77616  -72.38936     40.346     40.034     9.9885    32.9559      8.203     0.1222 5.0718e-02  1025.5420     9.9840    25.3588     8.8454    269.595    9.29526  283.30456     95.161 0.0000e+00
   39.77616  -72.38936     40.371     40.059     9.9856    32.9538      8.203     0.1357 5.0380e-02  1025.5399     9.9811    25.3577     8.8475    269.674    9.30519  283.62502     95.081 0.0000e+00
   39.77616  -72.38936     40.391     40.078     9.9820    32.9538      8.203     0.1357 4.9361e-02  1025.5382     9.9774    25.3572     8.8567    269.963    9.31738  284.00641     95.055 0.0000e+00
   39.77616  -72.38936     40.432     40.119     9.9775    32.9538      8.203     0.1357 4.8388e-02  1025.5406     9.9730    25.3584     8.8596    270.054    9.32875  284.35489     94.971 0.0000e+00
   39.77616  -72.38936     40.439     40.126     9.9741    32.9532      8.203     0.1357 4.7317e-02  1025.5446     9.9695    25.3601     8.8672    270.287    9.33926  284.67539     94.946 0.0000e+00
   39.77616  -72.38936     40.462     40.149     9.9721    32.9532      8.203     0.1357 4.5841e-02  1025.5436     9.9675    25.3600     8.8688    270.333    9.34930  284.97779     94.861 0.0000e+00
   39.77616  -72.38936     40.483     40.170     9.9687    32.9513      8.203     0.1357 4.4050e-02  1025.5411     9.9642    25.3585     8.8745    270.500    9.35781  285.23145     94.835 0.0000e+00
   39.77616  -72.38936     40.504     40.190     9.9648    32.9481      8.203     0.1357 4.2414e-02  1025.5405     9.9603    25.3567     8.8706    270.387    9.36843  285.56136     94.686 0.0000e+00
   39.77616  -72.38936     40.520     40.207     9.9607    32.9434      8.203     0.1357 4.0782e-02  1025.5382     9.9561    25.3537     8.8823    270.759    9.38404  286.05231     94.654 0.0000e+00
   39.77616  -72.38936     40.555     40.241     9.9552    32.9361      8.203     0.1222 3.9065e-02  1025.5325     9.9507    25.3490     8.8887    270.952    9.39942  286.52070     94.566 0.0000e+00
   39.77616  -72.38936     40.585     40.271     9.9481    32.9284      8.204     0.1357 3.7677e-02  1025.5263     9.9436    25.3442     8.8951    271.136    9.40991  286.82783     94.529 0.0000e+00
   39.77616  -72.38936     40.606     40.291     9.9395    32.9247      8.204     0.1357 3.5476e-02  1025.5221     9.9350    25.3423     8.8942    271.098    9.41776  287.05723     94.440 0.0000e+00
   39.77616  -72.38936     40.633     40.319     9.9296    32.9246      8.204     0.1357 3.4048e-02  1025.5285     9.9251    25.3441     8.8915    271.007    9.42420  287.24446     94.347 0.0000e+00
   39.77616  -72.38936     40.657     40.342     9.9222    32.9242      8.204     0.1357 3.3289e-02  1025.5323     9.9177    25.3453     8.8927    271.037    9.42885  287.37692     94.314 0.0000e+00
   39.77616  -72.38936     40.666     40.352     9.9154    32.9246      8.204     0.1357 3.3110e-02  1025.5255     9.9109    25.3442     8.8922    271.013    9.43199  287.46405     94.277 0.0000e+00
   39.77616  -72.38936     40.697     40.382     9.9063    32.9246      8.204     0.1222 3.2971e-02  1025.5270     9.9018    25.3451     8.8888    270.911    9.43698  287.61918     94.191 0.0000e+00
   39.77616  -72.38936     40.724     40.409     9.8987    32.9256      8.204     0.1357 3.2674e-02  1025.5329     9.8942    25.3500     8.8872    270.871    9.44498  287.87116     94.095 0.0000e+00
   39.77616  -72.38936     40.748     40.432     9.8918    32.9333      8.204     0.1357 3.1986e-02  1025.5410     9.8873    25.3570     8.8842    270.778    9.45240  288.09704     93.988 0.0000e+00
   39.77616  -72.38936     40.778     40.462     9.8874    32.9410      8.204     0.1357 3.1384e-02  1025.5501     9.8828    25.3639     8.8852    270.806    9.45804  288.26422     93.944 -9.990e-29
   39.77616  -72.38936     40.778     40.462     9.8852    32.9410      8.204     0.1357 3.1244e-02  1025.5551     9.8807    25.3676     8.8809    270.669    9.46277  288.40428     93.851 -9.990e-29
   39.77616  -72.38936     40.799     40.483     9.8836    32.9410      8.204     0.1357 3.1106e-02  1025.5543     9.8791    25.3646     8.8747    270.478    9.46673  288.52086     93.746 0.0000e+00
   39.77616  -72.38936     40.836     40.520     9.8813    32.9276      8.204     0.1088 3.0924e-02  1025.5401     9.8767    25.3548     8.8675    270.253    9.46973  288.60776     93.640 0.0000e+00
   39.77616  -72.38936     40.840     40.524     9.8740    32.9141      8.204     0.0954 3.0856e-02  1025.5229     9.8695    25.3454     8.8594    270.003    9.47195  288.67145     93.533 0.0000e+00
   39.77616  -72.38936     40.880     40.564     9.8622    32.9088      8.204     0.0954 3.0564e-02  1025.5274     9.8576    25.3428     8.8496    269.702    9.47347  288.71369     93.415 0.0000e+00
   39.77616  -72.38936     40.911     40.594     9.8543    32.9045      8.204     0.0954 2.9944e-02  1025.5320     9.8497    25.3409     8.8462    269.594    9.47438  288.73834     93.370 0.0000e+00
   39.77616  -72.38936     40.931     40.614     9.8473    32.8950      8.204     0.0819 2.9769e-02  1025.5167     9.8428    25.3350     8.8320    269.162    9.47588  288.78486     93.205 0.0000e+00
   39.77616  -72.38936     40.970     40.653     9.8345    32.8852      8.204     0.0954 2.9660e-02  1025.5149     9.8299    25.3292     8.8223    268.866    9.47748  288.83330     93.087 0.0000e+00
   39.77616  -72.38936     40.982     40.665     9.8215    32.8746      8.199     0.0954 2.9270e-02  1025.5119     9.8170    25.3232     8.8117    268.541    9.47808  288.84831     92.970 0.0000e+00
   39.77616  -72.38936     41.013     40.695     9.8070    32.8608      8.204     0.0954 2.9270e-02  1025.4981     9.8025    25.3149     8.8006    268.201    9.47809  288.84577     92.853 0.0000e+00
   39.77616  -72.38936     41.024     40.706     9.7878    32.8474      8.204     0.0954 2.9314e-02  1025.4925     9.7832    25.3074     8.7888    267.837    9.47801  288.84202     92.728 0.0000e+00
   39.77616  -72.38936     41.054     40.736     9.7681    32.8320      8.204     0.0954 2.9314e-02  1025.4902     9.7636    25.2987     8.7778    267.504    9.47793  288.83902     92.613 0.0000e+00
   39.77616  -72.38936     41.061     40.743     9.7471    32.8056      8.204     0.0954 2.9422e-02  1025.4737     9.7426    25.2818     8.7663    267.153    9.47794  288.83919     92.492 0.0000e+00
   39.77616  -72.38936     41.094     40.776     9.7194    32.7708      8.199     0.0954 2.9358e-02  1025.4389     9.7149    25.2595     8.7552    266.815    9.47813  288.84554     92.373 0.0000e+00
   39.77616  -72.38936     41.115     40.796     9.6790    32.7418      8.205     0.0954 2.9036e-02  1025.4246     9.6745    25.2429     8.7496    266.644    9.47841  288.85446     92.311 0.0000e+00
   39.77616  -72.38936     41.135     40.817     9.6371    32.7398      8.205     0.0954 2.8929e-02  1025.4178     9.6326    25.2359     8.7391    266.324    9.47876  288.86561     92.196 0.0000e+00
   39.77616  -72.38936     41.166     40.847     9.5948    32.7398      8.205     0.0954 2.8760e-02  1025.4161     9.5903    25.2409     8.7288    266.010    9.47912  288.87604     92.084 0.0000e+00
   39.77616  -72.38936     41.186     40.868     9.5517    32.7398      8.205     0.0954 2.8442e-02  1025.4428     9.5473    25.2611     8.7178    265.674    9.47934  288.88260     91.966 0.0000e+00
   39.77616  -72.38936     41.214     40.895     9.5170    32.7693      8.205     0.0819 2.8337e-02  1025.4800     9.5126    25.2897     8.7080    265.377    9.47967  288.89298     91.860 0.0000e+00
   39.77616  -72.38936     41.226     40.907     9.4922    32.7905      8.205     0.0954 2.8232e-02  1025.5081     9.4877    25.3131     8.6978    265.067    9.48011  288.90698     91.748 0.0000e+00
   39.77616  -72.38936     41.258     40.939     9.4726    32.7905      8.206     0.0954 2.8023e-02  1025.5194     9.4681    25.3220     8.6941    264.952    9.48055  288.92050     91.704 0.0000e+00
   39.77616  -72.38936     41.277     40.958     9.4544    32.7905      8.206     0.0954 2.7652e-02  1025.5033     9.4500    25.3174     8.6854    264.690    9.48101  288.93463     91.609 0.0000e+00
   39.77616  -72.38936     41.298     40.978     9.4290    32.7896      8.206     0.0954 2.7549e-02  1025.4926     9.4245    25.3123     8.6761    264.406    9.48130  288.94354     91.508 0.0000e+00
   39.77616  -72.38936     41.339     41.019     9.4017    32.7896      8.206     0.0954 2.7652e-02  1025.4997     9.3972    25.3165     8.6732    264.318    9.48151  288.94981     91.475 0.0000e+00
   39.77616  -72.38936     41.357     41.037     9.3774    32.7896      8.206     0.0954 2.7652e-02  1025.5155     9.3729    25.3283     8.6652    264.071    9.48137  288.94445     91.392 0.0000e+00
   39.77616  -72.38936     41.391     41.070     9.3582    32.8021      8.206     0.0954 2.7755e-02  1025.5312     9.3538    25.3412     8.6573    263.830    9.48098  288.93170     91.312 0.0000e+00
   39.77616  -72.38936     41.410     41.089     9.3423    32.8021      8.206     0.0954 2.7755e-02  1025.5407     9.3379    25.3513     8.6502    263.613    9.48090  288.92964     91.238 0.0000e+00
   39.77616  -72.38936     41.451     41.130     9.3280    32.8021      8.206     0.0954 2.7859e-02  1025.5500     9.3236    25.3556     8.6491    263.581    9.48121  288.94047     91.223 -9.990e-29
   39.77616  -72.38936     41.451     41.130     9.3163    32.8003      8.206     0.1088 2.7799e-02  1025.5468     9.3119    25.3471     8.6492    263.586    9.48150  288.94965     91.222 -9.990e-29
   39.77616  -72.38936     41.493     41.171     9.3017    32.7599      8.206     0.1088 2.7755e-02  1025.5187     9.2973    25.3182     8.6442    263.431    9.48128  288.94136     91.171 0.0000e+00
   39.77616  -72.38936     41.502     41.181     9.2784    32.7009      8.206     0.1088 2.7652e-02  1025.4553     9.2740    25.2763     8.6438    263.420    9.48099  288.93247     91.170 0.0000e+00
   39.77616  -72.38936     41.530     41.208     9.2351    32.6509      8.207     0.1088 2.7652e-02  1025.4196     9.2307    25.2434     8.6387    263.268    9.48169  288.95709     91.110 0.0000e+00
   39.77616  -72.38936     41.553     41.232     9.1856    32.6238      8.207     0.1088 2.7446e-02  1025.4126     9.1812    25.2294     8.6411    263.344    9.48347  289.01546     91.118 0.0000e+00
   39.77616  -72.38936     41.604     41.282     9.1375    32.6145      8.207     0.1088 2.6436e-02  1025.4128     9.1332    25.2292     8.6380    263.251    9.48541  289.07634     91.066 0.0000e+00
   39.77618  -72.38936     41.625     41.303     9.0874    32.6138      8.207     0.1088 2.5941e-02  1025.4253     9.0830    25.2374     8.6352    263.165    9.48719  289.13055     91.020 0.0000e+00
   39.77618  -72.38936     41.655     41.333     9.0411    32.6102      8.207     0.1088 2.6096e-02  1025.4467     9.0367    25.2412     8.6377    263.241    9.48865  289.17417     91.032 0.0000e+00
   39.77618  -72.38936     41.676     41.353     9.0006    32.5803      8.208     0.1088 2.6693e-02  1025.4246     8.9963    25.2251     8.6347    263.147    9.48930  289.19145     90.994 0.0000e+00
   39.77618  -72.38936     41.695     41.373     8.9490    32.5487      8.208     0.1088 2.6895e-02  1025.3700     8.9447    25.2010     8.6354    263.164    9.48882  289.17252     91.006 0.0000e+00
   39.77618  -72.38936     41.727     41.404     8.8786    32.5487      8.208     0.1088 2.6895e-02  1025.3723     8.8743    25.2006     8.6306    263.016    9.48769  289.13520     90.966 0.0000e+00
   39.77618  -72.38936     41.746     41.423     8.8154    32.5487      8.208     0.1088 2.6451e-02  1025.4174     8.8112    25.2273     8.6310    263.024    9.48605  289.08164     90.986 0.0000e+00
   39.77618  -72.38936     41.785     41.462     8.7676    32.5830      8.209     0.1088 2.6152e-02  1025.4530     8.7633    25.2618     8.6322    263.061    9.48409  289.02006     91.018 0.0000e+00
   39.77618  -72.38936     41.797     41.474     8.7273    32.6171      8.214     0.1088 2.6110e-02  1025.4852     8.7231    25.2947     8.6294    262.979    9.48391  289.01988     90.990 0.0000e+00
   39.77618  -72.38936     41.818     41.494     8.6946    32.6490      8.214     0.1088 2.6209e-02  1025.5190     8.6903    25.3247     8.6273    262.918    9.48500  289.05658     90.957 0.0000e+00
   39.77618  -72.38936     41.849     41.525     8.6700    32.6490      8.209     0.1088 2.6267e-02  1025.5491     8.6657    25.3430     8.6309    263.027    9.48524  289.06361     90.993 0.0000e+00
   39.77618  -72.38936     41.879     41.555     8.6514    32.6490      8.214     0.1088 2.6267e-02  1025.5384     8.6471    25.3409     8.6360    263.183    9.48579  289.08168     91.041 0.0000e+00
   39.77618  -72.38936     41.900     41.575     8.6254    32.6400      8.209     0.1088 2.6125e-02  1025.5100     8.6212    25.3292     8.6420    263.369    9.48695  289.11976     91.093 0.0000e+00
   39.77618  -72.38936     41.920     41.596     8.5919    32.6400      8.214     0.0954 2.5928e-02  1025.5108     8.5877    25.3271     8.6425    263.386    9.48838  289.16501     91.085 0.0000e+00
