CalculateIndicators/WaterTemperature/Data/CTD_NYOS/20240912_C05.cnv
* Sea-Bird SBE 9 Data File:
* FileName = C:\Seabird 9 CTD\Data\2024\202409_offshore\20240912_C05.hex
* Software Version Seasave V 7.23.2
* Temperature SN = 4590
* Conductivity SN = 3228
* Number of Bytes Per Scan = 44
* Number of Voltage Words = 5
* Number of Scans Averaged by the Deck Unit = 1
* NMEA Latitude = 40 18.13 N
* NMEA Longitude = 073 13.61 W
* NMEA UTC (Time) = Sep 12 2024  05:53:24
* NMEA baud rate = 4800
** Ship: Seawolf
** Station: 8.2
** Operator: TCM
# nquan = 18
# nvalues = 10998                       
# units = specified
# name 0 = latitude: Latitude [deg]
# name 1 = longitude: Longitude [deg]
# name 2 = prDM: Pressure, Digiquartz [db]
# name 3 = depSM: Depth [salt water, m]
# name 4 = t090C: Temperature [ITS-90, deg C]
# name 5 = sal00: Salinity, Practical [PSU]
# name 6 = ph: pH
# name 7 = flECO-AFL: Fluorescence, WET Labs ECO-AFL/FL [mg/m^3]
# name 8 = cpar: CPAR/Corrected Irradiance [%]
# name 9 = density00: Density [density, kg/m^3]
# name 10 = potemp090C: Potential Temperature [ITS-90, deg C]
# name 11 = sigma-é00: Density [sigma-theta, kg/m^3]
# name 12 = sbeox0Mg/L: Oxygen, SBE 43 [mg/l]
# name 13 = sbox0Mm/Kg: Oxygen, SBE 43 [umol/kg]
# name 14 = oxsolMg/L: Oxygen Saturation, Garcia & Gordon [mg/l]
# name 15 = oxsolMm/Kg: Oxygen Saturation, Garcia & Gordon [umol/kg]
# name 16 = sbeox0PS: Oxygen, SBE 43 [% saturation]
# name 17 = flag:  0.000e+00
# span 0 =   40.30226,   40.30246       
# span 1 =  -73.22782,  -73.22682       
# span 2 =      1.877,     33.966       
# span 3 =      1.862,     33.702       
# span 4 =     9.7799,    20.9011       
# span 5 =    29.9969,    33.0423       
# span 6 =      7.882,      8.193       
# span 7 =     0.0819,     3.6411       
# span 8 = 1.6880e-11, 9.9999e+04       
# span 9 =  1021.7534,  1024.7185       
# span 10 =     9.7762,    20.9005      
# span 11 =    21.7485,    24.5365      
# span 12 =     7.0892,     9.6209      
# span 13 =    216.793,    293.677      
# span 14 =    7.43247,    9.25364      
# span 15 =  227.32286,  282.25892      
# span 16 =     79.988,    112.417      
# span 17 = 0.0000e+00, 0.0000e+00      
# interval = seconds: 0.0416667
# start_time = Sep 12 2024 05:53:27 [System UTC, first data scan.]
# bad_flag = -9.990e-29
*END*
[from data line 4664]
   40.30232  -73.22732     22.298     22.125    11.1536    31.8107      7.938     2.6338 2.5320e-11  1024.3675    11.1510    24.2665     8.6789    264.800    8.96820  273.62480     96.775 -9.990e-29
   40.30232  -73.22732     22.302     22.130    11.1557    31.8125      7.938     2.6338 2.5320e-11  1024.3683    11.1530    24.2675     8.6953    265.299    8.96830  273.62870     96.956 -9.990e-29
   40.30232  -73.22732     22.309     22.136    11.1579    31.8135      7.938     2.6338 2.5320e-11  1024.3685    11.1553    24.2680     8.7117    265.801    8.96847  273.63412     97.137 -9.990e-29
   40.30232  -73.22732     22.302     22.130    11.1600    31.8141      7.938     2.6338 2.5320e-11  1024.3685    11.1573    24.2681     8.7280    266.298    8.96844  273.63258     97.320 0.0000e+00
   40.30232  -73.22732     22.298     22.125    11.1621    31.8146      7.938     2.6204 2.5320e-11  1024.3686    11.1594    24.2681     8.7386    266.621    8.96829  273.62796     97.439 0.0000e+00
   40.30232  -73.22732     22.293     22.120    11.1642    31.8148      7.938     2.6338 2.5320e-11  1024.3682    11.1616    24.2678     8.7598    267.266    8.96818  273.62422     97.676 -9.990e-29
   40.30232  -73.22732     22.298     22.125    11.1663    31.8151      7.943     2.6338 2.5320e-11  1024.3676    11.1637    24.2676     8.7701    267.580    8.96832  273.62806     97.790 -9.990e-29
   40.30232  -73.22732     22.293     22.120    11.1681    31.8158      7.943     2.6204 2.5320e-11  1024.3683    11.1654    24.2679     8.7854    268.048    8.96864  273.63740     97.957 0.0000e+00
   40.30232  -73.22732     22.288     22.116    11.1705    31.8164      7.938     2.6338 2.5320e-11  1024.3687    11.1679    24.2680     8.8006    268.510    8.96889  273.64404     98.124 -9.990e-29
   40.30232  -73.22732     22.293     22.120    11.1727    31.8165      7.938     2.6338 2.5320e-11  1024.3680    11.1700    24.2677     8.8156    268.965    8.96909  273.64948     98.288 -9.990e-29
   40.30232  -73.22732     22.279     22.106    11.1750    31.8164      7.938     2.6338 2.5320e-11  1024.3675    11.1724    24.2672     8.8303    269.414    8.96926  273.65404     98.451 0.0000e+00
   40.30232  -73.22732     22.272     22.099    11.1770    31.8161      7.943     2.6338 2.5320e-11  1024.3673    11.1744    24.2667     8.8392    269.685    8.96930  273.65424     98.549 -9.990e-29
   40.30232  -73.22732     22.279     22.106    11.1788    31.8155      7.943     2.6338 2.5320e-11  1024.3661    11.1762    24.2658     8.8523    270.083    8.96890  273.64149     98.699 -9.990e-29
   40.30232  -73.22732     22.272     22.099    11.1806    31.8146      7.943     2.6338 2.5320e-11  1024.3649    11.1780    24.2648     8.8594    270.300    8.96834  273.62444     98.785 0.0000e+00
   40.30232  -73.22732     22.268     22.095    11.1823    31.8141      7.943     2.6338 2.5320e-11  1024.3642    11.1797    24.2641     8.8712    270.661    8.96780  273.60854     98.923 -9.990e-29
   40.30232  -73.22732     22.272     22.099    11.1841    31.8138      7.943     2.6338 2.5320e-11  1024.3639    11.1815    24.2636     8.8885    271.189    8.96739  273.59698     99.120 -9.990e-29
   40.30232  -73.22732     22.258     22.086    11.1856    31.8136      7.943     2.6338 2.5320e-11  1024.3634    11.1830    24.2631     8.8949    271.387    8.96696  273.58447     99.197 -9.990e-29
   40.30232  -73.22732     22.261     22.089    11.1867    31.8130      7.943     2.6875 2.5320e-11  1024.3630    11.1840    24.2624     8.9012    271.578    8.96659  273.57319     99.271 -9.990e-29
   40.30232  -73.22732     22.249     22.076    11.1881    31.8121      7.943     2.7278 2.5320e-11  1024.3617    11.1855    24.2615     8.9122    271.914    8.96625  273.56298     99.397 -9.990e-29
   40.30232  -73.22732     22.251     22.079    11.1894    31.8109      7.943     2.7278 2.5320e-11  1024.3607    11.1868    24.2603     8.9236    272.263    8.96594  273.55398     99.528 -9.990e-29
   40.30232  -73.22732     22.237     22.065    11.1911    31.8093      7.948     2.7278 2.5320e-11  1024.3588    11.1885    24.2589     8.9349    272.607    8.96569  273.54654     99.657 0.0000e+00
   40.30232  -73.22732     22.231     22.058    11.1924    31.8080      7.948     2.7278 2.5320e-11  1024.3574    11.1897    24.2576     8.9403    272.771    8.96546  273.53976     99.719 0.0000e+00
   40.30232  -73.22732     22.228     22.056    11.1937    31.8069      7.948     2.7278 2.5320e-11  1024.3566    11.1911    24.2565     8.9510    273.097    8.96526  273.53388     99.840 -9.990e-29
   40.30232  -73.22732     22.231     22.058    11.1949    31.8060      7.948     2.7278 2.5320e-11  1024.3555    11.1923    24.2556     8.9613    273.413    8.96504  273.52684     99.958 -9.990e-29
   40.30232  -73.22732     22.217     22.045    11.1964    31.8054      7.948     2.7278 2.5320e-11  1024.3547    11.1937    24.2549     8.9664    273.569    8.96481  273.51955    100.018 0.0000e+00
   40.30232  -73.22732     22.210     22.038    11.1976    31.8049      7.948     2.7278 2.5320e-11  1024.3546    11.1949    24.2543     8.9760    273.860    8.96446  273.50896    100.128 0.0000e+00
   40.30232  -73.22732     22.198     22.026    11.1989    31.8037      7.948     2.7278 2.5320e-11  1024.3536    11.1962    24.2531     8.9797    273.973    8.96415  273.49992    100.173 -9.990e-29
   40.30232  -73.22732     22.200     22.028    11.2002    31.8011      7.948     2.7278 2.5320e-11  1024.3513    11.1976    24.2508     8.9887    274.249    8.96391  273.49260    100.277 -9.990e-29
   40.30232  -73.22732     22.198     22.026    11.2017    31.7974      7.948     2.7278 2.5320e-11  1024.3475    11.1990    24.2477     8.9925    274.366    8.96366  273.48539    100.322 -9.990e-29
   40.30232  -73.22732     22.180     22.008    11.2032    31.7943      7.948     2.7278 2.5320e-11  1024.3436    11.2006    24.2451     9.0009    274.622    8.96343  273.47859    100.418 0.0000e+00
   40.30232  -73.22732     22.177     22.005    11.2039    31.7933      7.948     2.7278 2.5320e-11  1024.3432    11.2012    24.2442     9.0098    274.892    8.96326  273.47369    100.519 0.0000e+00
   40.30232  -73.22732     22.170     21.998    11.2044    31.7938      7.953     2.7278 2.5320e-11  1024.3445    11.2017    24.2445     9.0134    275.002    8.96306  273.46775    100.561 0.0000e+00
   40.30232  -73.22732     22.167     21.996    11.2050    31.7949      7.953     2.7278 2.5320e-11  1024.3442    11.2024    24.2452     9.0222    275.273    8.96285  273.46139    100.663 0.0000e+00
   40.30232  -73.22732     22.149     21.978    11.2050    31.7967      7.953     2.7278 2.5320e-11  1024.3461    11.2024    24.2466     9.0260    275.389    8.96268  273.45651    100.707 -9.990e-29
   40.30232  -73.22732     22.147     21.975    11.2059    31.7990      7.953     2.7278 2.5320e-11  1024.3485    11.2032    24.2481     9.0343    275.642    8.96243  273.44893    100.802 -9.990e-29
   40.30232  -73.22732     22.129     21.957    11.2073    31.7999      7.953     2.7278 2.5320e-11  1024.3493    11.2047    24.2486     9.0374    275.737    8.96221  273.44197    100.839 -9.990e-29
   40.30232  -73.22732     22.136     21.964    11.2092    31.7984      7.953     2.7278 2.5320e-11  1024.3478    11.2066    24.2471     9.0396    275.802    8.96198  273.43481    100.866 -9.990e-29
   40.30232  -73.22732     22.119     21.948    11.2112    31.7956      7.953     2.7144 2.5320e-11  1024.3434    11.2085    24.2446     9.0415    275.860    8.96176  273.42851    100.889 -9.990e-29
   40.30232  -73.22732     22.119     21.948    11.2132    31.7929      7.958     2.7278 2.5320e-11  1024.3422    11.2105    24.2422     9.0480    276.060    8.96158  273.42307    100.965 -9.990e-29
   40.30232  -73.22732     22.096     21.925    11.2147    31.7895      7.958     2.7278 2.5320e-11  1024.3395    11.2120    24.2393     9.0550    276.272    8.96135  273.41585    101.045 -9.990e-29
   40.30232  -73.22732     22.098     21.927    11.2165    31.7860      7.958     2.7278 2.5320e-11  1024.3338    11.2138    24.2363     9.0512    276.156    8.96107  273.40744    101.005 -9.990e-29
   40.30232  -73.22732     22.086     21.915    11.2182    31.7861      7.958     2.6741 2.5320e-11  1024.3326    11.2156    24.2359     9.0578    276.358    8.96095  273.40402    101.080 0.0000e+00
   40.30232  -73.22732     22.079     21.908    11.2206    31.7906      7.958     2.6070 2.5320e-11  1024.3387    11.2180    24.2390     9.0655    276.595    8.96081  273.40033    101.169 0.0000e+00
   40.30232  -73.22732     22.075     21.904    11.2236    31.7959      7.958     2.5801 2.5320e-11  1024.3431    11.2210    24.2426     9.0676    276.658    8.96072  273.39806    101.193 0.0000e+00
   40.30232  -73.22732     22.058     21.888    11.2265    31.7993      7.958     2.5801 2.5320e-11  1024.3445    11.2238    24.2448     9.0686    276.691    8.96054  273.39267    101.206 0.0000e+00
   40.30232  -73.22732     22.014     21.844    11.2293    31.8018      7.958     2.5935 2.5320e-11  1024.3449    11.2266    24.2462     9.0752    276.891    8.96043  273.38918    101.281 0.0000e+00
   40.30232  -73.22732     21.966     21.796    11.2318    31.8043      7.958     2.5935 2.5320e-11  1024.3470    11.2291    24.2477     9.0766    276.934    8.96021  273.38301    101.299 -9.990e-29
   40.30232  -73.22732     21.994     21.824    11.2344    31.8062      7.963     2.5935 2.5320e-11  1024.3484    11.2318    24.2488     9.0778    276.972    8.96000  273.37665    101.315 -9.990e-29
   40.30232  -73.22732     22.047     21.877    11.2363    31.8063      7.963     2.5935 2.5320e-11  1024.3489    11.2336    24.2485     9.0789    277.004    8.95971  273.36787    101.330 -9.990e-29
   40.30232  -73.22732     22.116     21.945    11.2369    31.8050      7.963     2.5935 2.5320e-11  1024.3459    11.2343    24.2474     9.0792    277.013    8.95950  273.36174    101.336 -9.990e-29
   40.30232  -73.22732     22.079     21.908    11.2361    31.8047      7.963     2.5935 2.5320e-11  1024.3457    11.2334    24.2472     9.0852    277.199    8.95952  273.36306    101.403 -9.990e-29
   40.30232  -73.22732     22.054     21.884    11.2354    31.8057      7.963     2.5935 2.5320e-11  1024.3479    11.2328    24.2480     9.0862    277.230    8.95947  273.36232    101.415 -9.990e-29
   40.30232  -73.22732     22.017     21.847    11.2361    31.8069      7.963     2.5935 2.5320e-11  1024.3479    11.2335    24.2489     9.0870    277.253    8.95925  273.35571    101.426 -9.990e-29
   40.30232  -73.22732     22.005     21.834    11.2364    31.8081      7.963     2.5935 2.5320e-11  1024.3486    11.2338    24.2500     9.0871    277.257    8.95907  273.35029    101.429 -9.990e-29
   40.30232  -73.22732     22.058     21.888    11.2351    31.8099      7.963     2.5935 2.5320e-11  1024.3506    11.2324    24.2516     9.0878    277.277    8.95881  273.34210    101.440 -9.990e-29
   40.30232  -73.22732     22.096     21.925    11.2327    31.8124      7.963     2.5935 2.5320e-11  1024.3528    11.2301    24.2539     9.0933    277.445    8.95849  273.33191    101.505 -9.990e-29
   40.30232  -73.22732     22.109     21.938    11.2303    31.8153      7.963     2.5935 2.5320e-11  1024.3565    11.2276    24.2565     9.0939    277.463    8.95816  273.32153    101.515 -9.990e-29
   40.30232  -73.22732     22.089     21.918    11.2286    31.8182      7.963     2.5935 2.5320e-11  1024.3583    11.2260    24.2591     9.0947    277.487    8.95799  273.31663    101.526 -9.990e-29
   40.30232  -73.22732     22.045     21.874    11.2270    31.8213      7.963     2.5801 2.5320e-11  1024.3604    11.2243    24.2618     9.0956    277.517    8.95792  273.31569    101.537 -9.990e-29
   40.30232  -73.22732     22.038     21.867    11.2251    31.8249      7.963     2.5935 2.5320e-11  1024.3649    11.2225    24.2647     9.1022    277.719    8.95784  273.31385    101.612 -9.990e-29
   40.30232  -73.22732     22.014     21.844    11.2265    31.8275      7.968     2.5935 2.5320e-11  1024.3665    11.2238    24.2666     9.1033    277.751    8.95770  273.31017    101.625 -9.990e-29
   40.30232  -73.22732     22.038     21.867    11.2291    31.8280      7.968     2.5935 2.5320e-11  1024.3669    11.2265    24.2666     9.1043    277.785    8.95754  273.30583    101.639 -9.990e-29
   40.30232  -73.22732     22.065     21.895    11.2326    31.8266      7.968     2.5935 2.5320e-11  1024.3647    11.2299    24.2649     9.1046    277.791    8.95713  273.29343    101.646 -9.990e-29
   40.30232  -73.22732     22.079     21.908    11.2357    31.8240      7.968     2.5935 2.5320e-11  1024.3615    11.2331    24.2624     9.1047    277.795    8.95655  273.27506    101.654 -9.990e-29
   40.30232  -73.22732     22.065     21.895    11.2388    31.8219      7.968     2.5935 2.5320e-11  1024.3588    11.2361    24.2602     9.1057    277.824    8.95593  273.25555    101.672 -9.990e-29
   40.30232  -73.22732     22.038     21.867    11.2409    31.8207      7.968     2.6204 2.5320e-11  1024.3579    11.2383    24.2589     9.1117    278.006    8.95529  273.23553    101.746 -9.990e-29
   40.30232  -73.22732     22.045     21.874    11.2427    31.8201      7.968     2.7010 2.5320e-11  1024.3574    11.2401    24.2581     9.1068    277.859    8.95481  273.22083    101.698 -9.990e-29
   40.30232  -73.22732     22.038     21.867    11.2446    31.8195      7.968     2.7413 2.5320e-11  1024.3564    11.2419    24.2573     9.1072    277.870    8.95442  273.20925    101.706 -9.990e-29
   40.30232  -73.22732     22.065     21.895    11.2461    31.8188      7.968     2.7413 2.5320e-11  1024.3558    11.2434    24.2565     9.1132    278.053    8.95391  273.19375    101.779 -9.990e-29
   40.30232  -73.22732     22.079     21.908    11.2475    31.8181      7.968     2.7413 2.5320e-11  1024.3549    11.2449    24.2557     9.1146    278.098    8.95350  273.18160    101.800 -9.990e-29
   40.30232  -73.22732     22.075     21.904    11.2487    31.8180      7.973     2.7278 2.5320e-11  1024.3543    11.2461    24.2554     9.1158    278.134    8.95323  273.17414    101.816 -9.990e-29
   40.30232  -73.22732     22.058     21.888    11.2495    31.8185      7.968     2.7278 2.5320e-11  1024.3549    11.2469    24.2557     9.1171    278.173    8.95283  273.16249    101.834 -9.990e-29
   40.30232  -73.22732     22.035     21.864    11.2505    31.8192      7.973     2.7413 2.5320e-11  1024.3554    11.2478    24.2559     9.1184    278.216    8.95228  273.14602    101.856 -9.990e-29
   40.30232  -73.22732     22.028     21.858    11.2522    31.8193      7.973     2.7278 2.5320e-11  1024.3553    11.2496    24.2557     9.1140    278.080    8.95182  273.13184    101.812 -9.990e-29
   40.30232  -73.22732     22.038     21.867    11.2542    31.8188      7.973     2.7413 2.5320e-11  1024.3540    11.2515    24.2551     9.1203    278.272    8.95132  273.11604    101.888 -9.990e-29
   40.30232  -73.22732     22.054     21.884    11.2555    31.8182      7.973     2.7278 2.5320e-11  1024.3537    11.2529    24.2544     9.1159    278.138    8.95094  273.10387    101.843 -9.990e-29
   40.30232  -73.22732     22.068     21.897    11.2570    31.8175      7.973     2.7413 2.5320e-11  1024.3529    11.2544    24.2536     9.1169    278.166    8.95061  273.09308    101.857 -9.990e-29
   40.30232  -73.22732     22.054     21.884    11.2585    31.8167      7.973     2.7278 2.5320e-11  1024.3519    11.2559    24.2527     9.1174    278.180    8.95018  273.07961    101.868 -9.990e-29
   40.30232  -73.22732     22.047     21.877    11.2597    31.8159      7.973     2.7278 2.5320e-11  1024.3509    11.2570    24.2519     9.1182    278.205    8.94967  273.06354    101.883 -9.990e-29
