CalculateIndicators/WaterTemperature/Data/CTD_NYOS/20240426_C01.cnv
* Sea-Bird SBE 9 Data File:
* FileName = C:\Seabird 9 CTD\Data\2024\202404_offshore\20240426_C01.hex
* Software Version Seasave V 7.23.2
* Temperature SN = 4590
* Conductivity SN = 3228
* Number of Bytes Per Scan = 44
* Number of Voltage Words = 5
* Number of Scans Averaged by the Deck Unit = 1
* NMEA Latitude = 40 57.60 N
* NMEA Longitude = 073 34.67 W
* NMEA UTC (Time) = Apr 26 2024  01:39:48
* NMEA baud rate = 4800
** Ship: Seawolf
** Station: LIS_ARIG
** Operator: TDK
# nquan = 18
# nvalues = 11911                       
# units = specified
# name 0 = latitude: Latitude [deg]
# name 1 = longitude: Longitude [deg]
# name 2 = prDM: Pressure, Digiquartz [db]
# name 3 = depSM: Depth [salt water, m]
# name 4 = t090C: Temperature [ITS-90, deg C]
# name 5 = sal00: Salinity, Practical [PSU]
# name 6 = ph: pH
# name 7 = flECO-AFL: Fluorescence, WET Labs ECO-AFL/FL [mg/m^3]
# name 8 = cpar: CPAR/Corrected Irradiance [%]
# name 9 = density00: Density [density, kg/m^3]
# name 10 = potemp090C: Potential Temperature [ITS-90, deg C]
# name 11 = sigma-é00: Density [sigma-theta, kg/m^3]
# name 12 = sbeox0Mg/L: Oxygen, SBE 43 [mg/l]
# name 13 = sbox0Mm/Kg: Oxygen, SBE 43 [umol/kg]
# name 14 = oxsolMg/L: Oxygen Saturation, Garcia & Gordon [mg/l]
# name 15 = oxsolMm/Kg: Oxygen Saturation, Garcia & Gordon [umol/kg]
# name 16 = sbeox0PS: Oxygen, SBE 43 [% saturation]
# name 17 = flag:  0.000e+00
# span 0 =   40.95976,   40.96006       
# span 1 =  -73.57792,  -73.57782       
# span 2 =      1.792,     12.983       
# span 3 =      1.778,     12.882       
# span 4 =     8.9484,    10.4944       
# span 5 =    22.8130,    23.5409       
# span 6 =      7.903,      8.220       
# span 7 =     1.7071,     7.4958       
# span 8 = 5.0640e-11, 9.9999e+04       
# span 9 =  1017.3967,  1018.2290       
# span 10 =     8.9472,    10.4942      
# span 11 =    17.3843,    18.1688      
# span 12 =     8.8178,    11.3120      
# span 13 =    270.647,    347.461      
# span 14 =    9.65017,    9.94449      
# span 15 =  296.41821,  305.22402      
# span 16 =     88.737,    117.151      
# span 17 = 0.0000e+00, 0.0000e+00      
# interval = seconds: 0.0416667
# start_time = Apr 26 2024 01:39:50 [System UTC, first data scan.]
# bad_flag = -9.990e-29
*END*
[from data line 3860]
   40.95996  -73.57784     12.907     12.807     8.9789    23.5330      7.905     1.8280 5.0640e-11  1018.2192     8.9777    18.1585     8.8373    271.246    9.93375  304.89988     88.962 -9.990e-29
   40.95996  -73.57784     12.913     12.812     8.9851    23.5321      7.905     1.8280 5.0640e-11  1018.2175     8.9839    18.1572     8.8378    271.262    9.93380  304.90150     88.967 -9.990e-29
   40.95996  -73.57784     12.913     12.812     8.9931    23.5300      7.905     1.8280 5.0640e-11  1018.2141     8.9919    18.1548     8.8380    271.267    9.93437  304.91935     88.964 -9.990e-29
   40.95996  -73.57784     12.924     12.823     8.9962    23.5277      7.909     1.8280 5.0640e-11  1018.2118     8.9950    18.1526     8.8387    271.290    9.93554  304.95494     88.961 -9.990e-29
   40.95996  -73.57784     12.897     12.797     8.9969    23.5260      7.905     1.8280 5.0640e-11  1018.2099     8.9957    18.1510     8.8393    271.308    9.93652  304.98483     88.958 -9.990e-29
   40.95996  -73.57784     12.913     12.812     8.9963    23.5250      7.905     1.8280 5.0640e-11  1018.2100     8.9952    18.1503     8.8409    271.356    9.93764  305.01833     88.964 -9.990e-29
   40.95996  -73.57784     12.913     12.812     8.9964    23.5243      7.905     1.8280 5.0640e-11  1018.2093     8.9952    18.1498     8.8425    271.403    9.93867  305.04912     88.970 -9.990e-29
   40.95996  -73.57784     12.903     12.803     8.9960    23.5238      7.905     1.8280 5.0640e-11  1018.2086     8.9949    18.1495     8.8430    271.418    9.93951  305.07452     88.968 -9.990e-29
   40.95996  -73.57784     12.907     12.807     8.9944    23.5241      7.905     1.8280 5.0640e-11  1018.2087     8.9932    18.1500     8.8432    271.426    9.94008  305.09179     88.965 -9.990e-29
   40.95996  -73.57784     12.893     12.793     8.9903    23.5252      7.905     1.8280 5.0640e-11  1018.2111     8.9891    18.1512     8.8445    271.464    9.94077  305.11256     88.972 -9.990e-29
   40.95996  -73.57784     12.903     12.803     8.9871    23.5260      7.909     1.8280 5.0640e-11  1018.2121     8.9859    18.1522     8.8447    271.470    9.94129  305.12821     88.969 -9.990e-29
   40.95996  -73.57784     12.903     12.803     8.9857    23.5267      7.909     1.8280 5.0640e-11  1018.2118     8.9846    18.1530     8.8447    271.470    9.94156  305.13623     88.967 -9.990e-29
   40.95996  -73.57784     12.897     12.797     8.9844    23.5280      7.905     1.8414 5.0640e-11  1018.2141     8.9832    18.1541     8.8448    271.472    9.94193  305.14725     88.964 -9.990e-29
   40.95996  -73.57784     12.913     12.812     8.9844    23.5289      7.905     1.8280 5.0640e-11  1018.2149     8.9832    18.1549     8.8446    271.466    9.94204  305.15050     88.961 -9.990e-29
   40.95996  -73.57784     12.893     12.793     8.9839    23.5292      7.905     1.8280 5.0640e-11  1018.2147     8.9828    18.1551     8.8445    271.465    9.94228  305.15776     88.959 -9.990e-29
   40.95996  -73.57784     12.903     12.803     8.9833    23.5292      7.905     1.8280 5.0640e-11  1018.2147     8.9821    18.1553     8.8444    271.462    9.94246  305.16327     88.956 -9.990e-29
   40.95996  -73.57784     12.897     12.797     8.9823    23.5295      7.905     1.8280 5.0640e-11  1018.2151     8.9811    18.1556     8.8444    271.460    9.94270  305.17029     88.954 -9.990e-29
   40.95996  -73.57784     12.903     12.803     8.9816    23.5299      7.905     1.8280 5.0640e-11  1018.2156     8.9805    18.1560     8.8451    271.481    9.94279  305.17293     88.960 -9.990e-29
   40.95996  -73.57784     12.893     12.793     8.9813    23.5303      7.905     1.8280 5.0640e-11  1018.2160     8.9801    18.1564     8.8449    271.474    9.94279  305.17257     88.957 -9.990e-29
   40.95996  -73.57784     12.893     12.793     8.9811    23.5305      7.905     1.7877 5.0640e-11  1018.2161     8.9800    18.1567     8.8442    271.454    9.94238  305.16029     88.954 -9.990e-29
   40.95996  -73.57784     12.886     12.786     8.9805    23.5307      7.905     1.7742 5.0640e-11  1018.2164     8.9794    18.1569     8.8434    271.431    9.94185  305.14464     88.952 -9.990e-29
   40.95996  -73.57784     12.903     12.803     8.9800    23.5309      7.905     1.7742 5.0640e-11  1018.2167     8.9788    18.1572     8.8436    271.435    9.94135  305.12949     88.957 -9.990e-29
   40.95996  -73.57784     12.893     12.793     8.9796    23.5309      7.905     1.7742 5.0640e-11  1018.2169     8.9785    18.1572     8.8442    271.455    9.94133  305.12862     88.964 -9.990e-29
   40.95996  -73.57784     12.893     12.793     8.9796    23.5305      7.909     1.7742 5.0640e-11  1018.2162     8.9785    18.1569     8.8439    271.446    9.94119  305.12413     88.962 -9.990e-29
   40.95996  -73.57784     12.897     12.797     8.9798    23.5303      7.905     1.7742 5.0640e-11  1018.2156     8.9787    18.1566     8.8441    271.452    9.94065  305.10786     88.969 -9.990e-29
   40.95996  -73.57784     12.903     12.803     8.9800    23.5308      7.905     1.7742 5.0640e-11  1018.2163     8.9788    18.1570     8.8446    271.468    9.94046  305.10222     88.976 -9.990e-29
   40.95996  -73.57784     12.893     12.793     8.9793    23.5318      7.905     1.7742 5.0640e-11  1018.2175     8.9782    18.1579     8.8446    271.466    9.94047  305.10284     88.975 -9.990e-29
   40.95996  -73.57784     12.893     12.793     8.9790    23.5330      7.909     1.7877 5.0640e-11  1018.2183     8.9778    18.1588     8.8453    271.489    9.94044  305.10197     88.983 -9.990e-29
   40.95996  -73.57784     12.898     12.797     8.9787    23.5341      7.909     1.7742 5.0640e-11  1018.2194     8.9775    18.1596     8.8460    271.511    9.94032  305.09810     88.991 -9.990e-29
   40.95996  -73.57784     12.893     12.793     8.9795    23.5348      7.909     1.7877 5.0640e-11  1018.2201     8.9783    18.1601     8.8459    271.507    9.94024  305.09571     88.991 -9.990e-29
   40.95996  -73.57784     12.903     12.803     8.9815    23.5347      7.909     1.7742 5.0640e-11  1018.2198     8.9803    18.1598     8.8458    271.504    9.94017  305.09358     88.990 -9.990e-29
   40.95996  -73.57784     12.893     12.793     8.9834    23.5338      7.905     1.7742 5.0640e-11  1018.2185     8.9823    18.1589     8.8456    271.499    9.94006  305.09044     88.990 -9.990e-29
   40.95996  -73.57784     12.882     12.782     8.9859    23.5326      7.905     1.7742 5.0640e-11  1018.2168     8.9847    18.1576     8.8402    271.333    9.94009  305.09132     88.935 -9.990e-29
   40.95996  -73.57784     12.917     12.816     8.9879    23.5316      7.905     1.7742 5.0640e-11  1018.2161     8.9867    18.1566     8.8463    271.520    9.93978  305.08196     88.999 -9.990e-29
   40.95996  -73.57784     12.893     12.793     8.9893    23.5307      7.905     1.7742 5.0640e-11  1018.2151     8.9882    18.1558     8.8461    271.513    9.93949  305.07306     88.999 -9.990e-29
   40.95996  -73.57784     12.903     12.803     8.9898    23.5301      7.905     1.7742 5.0640e-11  1018.2146     8.9887    18.1551     8.8459    271.509    9.93930  305.06755     89.000 -9.990e-29
   40.95996  -73.57784     12.903     12.803     8.9900    23.5294      7.905     1.7742 5.0640e-11  1018.2142     8.9888    18.1546     8.8460    271.509    9.93923  305.06531     89.000 -9.990e-29
   40.95996  -73.57784     12.886     12.786     8.9907    23.5290      7.905     1.7877 5.0640e-11  1018.2134     8.9895    18.1542     8.8459    271.508    9.93913  305.06242     89.001 -9.990e-29
   40.95996  -73.57784     12.913     12.812     8.9920    23.5289      7.905     1.7742 5.0640e-11  1018.2134     8.9909    18.1539     8.8395    271.310    9.93889  305.05505     88.938 -9.990e-29
   40.95996  -73.57784     12.893     12.793     8.9932    23.5288      7.905     1.7742 5.0640e-11  1018.2134     8.9921    18.1536     8.8447    271.470    9.93853  305.04441     88.994 -9.990e-29
   40.95996  -73.57784     12.903     12.803     8.9962    23.5283 -9.990e-29     1.7742 -9.990e-29  1018.2124     8.9950    18.1528     8.8446    271.468    9.93838  305.03953     88.995 -9.990e-29
   40.95996  -73.57784     12.907     12.807     8.9985    23.5274 -9.990e-29     1.7742 -9.990e-29  1018.2117     8.9973    18.1519     8.8373    271.243    9.93811  305.03128     88.923 -9.990e-29
   40.95996  -73.57784     12.903     12.803     9.0010    23.5264 -9.990e-29     1.7742 -9.990e-29  1018.2102     8.9998    18.1508     8.8426    271.408    9.93792  305.02554     88.979 -9.990e-29
   40.95996  -73.57784     12.903     12.803     9.0026    23.5254 -9.990e-29     1.8414 -9.990e-29  1018.2090     9.0014    18.1498     8.8424    271.402    9.93761  305.01627     88.979 -9.990e-29
   40.95996  -73.57784     12.903     12.803     9.0032    23.5249 -9.990e-29     1.9220 -9.990e-29  1018.2087     9.0021    18.1493     8.8423    271.397    9.93734  305.00803     88.980 -9.990e-29
   40.95996  -73.57784     12.907     12.807     9.0032    23.5248 -9.990e-29     1.9354 -9.990e-29  1018.2086     9.0021    18.1492     8.8355    271.191    9.93678  304.99126     88.918 -9.990e-29
   40.95996  -73.57784     12.903     12.803     9.0029    23.5249 -9.990e-29     1.9354 -9.990e-29  1018.2086     9.0017    18.1494     8.8347    271.164    9.93663  304.98663     88.910 -9.990e-29
   40.95996  -73.57784     12.913     12.812     9.0013    23.5254 -9.990e-29     1.9220 -9.990e-29  1018.2095     9.0001    18.1499     8.8401    271.332    9.93648  304.98214     88.967 -9.990e-29
   40.95996  -73.57784     12.903     12.803     8.9998    23.5257 -9.990e-29     1.9220 -9.990e-29  1018.2105     8.9987    18.1503     8.8400    271.327    9.93614  304.97200     88.968 -9.990e-29
   40.95996  -73.57784     12.907     12.807     9.0000    23.5252 -9.990e-29     1.9354 -9.990e-29  1018.2096     8.9988    18.1501     8.8400    271.328    9.93596  304.96675     88.970 -9.990e-29
   40.95996  -73.57784     12.913     12.812     8.9978    23.5245 -9.990e-29     1.9220 -9.990e-29  1018.2089     8.9966    18.1499     8.8401    271.330    9.93585  304.96325     88.971 -9.990e-29
   40.95996  -73.57784     12.903     12.803     8.9926    23.5245 -9.990e-29     1.9220 -9.990e-29  1018.2096     8.9914    18.1504     8.8400    271.327    9.93558  304.95512     88.973 -9.990e-29
   40.95996  -73.57784     12.924     12.823     8.9880    23.5254 -9.990e-29     1.9354 -9.990e-29  1018.2109     8.9869    18.1517     8.8335    271.130    9.93526  304.94538     88.911 -9.990e-29
   40.95996  -73.57784     12.907     12.807     8.9825    23.5271 -9.990e-29     1.9220 -9.990e-29  1018.2133     8.9813    18.1538     8.8390    271.297    9.93504  304.93863     88.968 -9.990e-29
   40.95996  -73.57784     12.913     12.812     8.9772    23.5291 -9.990e-29     1.9220 -9.990e-29  1018.2159     8.9760    18.1560     8.8390    271.298    9.93485  304.93300     88.970 -9.990e-29
   40.95996  -73.57784     12.913     12.812     8.9731    23.5306 -9.990e-29     1.9220 -9.990e-29  1018.2175     8.9719    18.1577     8.8452    271.489    9.93457  304.92463     89.035 -9.990e-29
   40.95996  -73.57784     12.924     12.823     8.9703    23.5317 -9.990e-29     1.9220 -9.990e-29  1018.2185     8.9692    18.1590     8.8397    271.320    9.93435  304.91799     88.981 -9.990e-29
   40.95996  -73.57784     12.917     12.816     8.9669    23.5328 -9.990e-29     1.9354 -9.990e-29  1018.2201     8.9657    18.1603     8.8398    271.325    9.93429  304.91673     88.983 -9.990e-29
   40.95996  -73.57784     12.913     12.812     8.9643    23.5337 -9.990e-29     1.9220 -9.990e-29  1018.2211     8.9631    18.1614     8.8340    271.146    9.93460  304.92659     88.922 -9.990e-29
   40.95996  -73.57784     12.924     12.823     8.9630    23.5343 -9.990e-29     1.9220 -9.990e-29  1018.2216     8.9619    18.1621     8.8403    271.339    9.93527  304.94718     88.979 -9.990e-29
   40.95996  -73.57784     12.924     12.823     8.9612    23.5350 -9.990e-29     1.9220 -9.990e-29  1018.2225     8.9600    18.1628     8.8412    271.367    9.93595  304.96769     88.982 -9.990e-29
   40.95996  -73.57784     12.917     12.816     8.9605    23.5355 -9.990e-29     1.9220 -9.990e-29  1018.2230     8.9593    18.1633     8.8420    271.389    9.93651  304.98455     88.985 -9.990e-29
   40.95996  -73.57784     12.924     12.823     8.9594    23.5359 -9.990e-29     1.9220 -9.990e-29  1018.2233     8.9582    18.1637     8.8427    271.412    9.93705  305.00082     88.987 -9.990e-29
   40.95996  -73.57784     12.924     12.823     8.9585    23.5363 -9.990e-29     1.9220 -9.990e-29  1018.2236     8.9574    18.1642     8.8371    271.239    9.93752  305.01470     88.927 -9.990e-29
   40.95996  -73.57784     12.924     12.823     8.9572    23.5370 -9.990e-29     1.9220 -9.990e-29  1018.2245     8.9561    18.1649     8.8431    271.424    9.93784  305.02422     88.984 -9.990e-29
   40.95996  -73.57784     12.917     12.816     8.9565    23.5379 -9.990e-29     1.9220 -9.990e-29  1018.2255     8.9553    18.1656     8.8437    271.440    9.93816  305.03336     88.987 -9.990e-29
   40.95996  -73.57784     12.933     12.833     8.9563    23.5382 -9.990e-29     1.9354 -9.990e-29  1018.2262     8.9551    18.1659     8.8441    271.454    9.93836  305.03937     88.990 -9.990e-29
   40.95996  -73.57784     12.924     12.823     8.9584    23.5377 -9.990e-29     1.9354 -9.990e-29  1018.2250     8.9572    18.1652     8.8445    271.464    9.93843  305.04150     88.992 -9.990e-29
   40.95996  -73.57784     12.933     12.833     8.9611    23.5368 -9.990e-29     1.9488 -9.990e-29  1018.2237     8.9599    18.1642     8.8450    271.479    9.93869  305.04902     88.995 -9.990e-29
   40.95996  -73.57784     12.928     12.827     8.9636    23.5362 -9.990e-29     1.9488 -9.990e-29  1018.2225     8.9624    18.1635     8.8451    271.485    9.93862  305.04689     88.998 -9.990e-29
   40.95996  -73.57784     12.933     12.833     8.9635    23.5366 -9.990e-29     1.9623 -9.990e-29  1018.2232     8.9623    18.1637     8.8452    271.487    9.93843  305.04102     89.000 -9.990e-29
   40.95996  -73.57784     12.924     12.823     8.9636    23.5371 -9.990e-29     1.9488 -9.990e-29  1018.2244     8.9624    18.1639     8.8452    271.488    9.93821  305.03415     89.002 -9.990e-29
   40.95996  -73.57784     12.933     12.833     8.9663    23.5367 -9.990e-29     1.9488 -9.990e-29  1018.2232     8.9652    18.1634     8.8451    271.484    9.93786  305.02339     89.004 -9.990e-29
   40.95996  -73.57784     12.928     12.827     8.9676    23.5358 -9.990e-29     1.9488 -9.990e-29  1018.2220     8.9664    18.1627     8.8451    271.485    9.93759  305.01552     89.007 -9.990e-29
   40.95996  -73.57784     12.933     12.833     8.9676    23.5354 -9.990e-29     1.9623 -9.990e-29  1018.2218     8.9664    18.1622     8.8450    271.482    9.93726  305.00575     89.009 -9.990e-29
   40.95996  -73.57784     12.933     12.833     8.9677    23.5353 -9.990e-29     1.9623 -9.990e-29  1018.2217     8.9665    18.1621     8.8452    271.488    9.93720  305.00423     89.011 -9.990e-29
   40.95996  -73.57784     12.943     12.842     8.9682    23.5353 -9.990e-29     1.9488 -9.990e-29  1018.2220     8.9670    18.1621     8.8455    271.498    9.93727  305.00672     89.014 -9.990e-29
   40.95996  -73.57784     12.928     12.827     8.9687    23.5351 -9.990e-29     1.9623 -9.990e-29  1018.2214     8.9675    18.1619     8.8461    271.516    9.93760  305.01673     89.017 -9.990e-29
   40.95996  -73.57784     12.933     12.833     8.9690    23.5348 -9.990e-29     1.9488 -9.990e-29  1018.2213     8.9679    18.1616     8.8467    271.534    9.93797  305.02773     89.019 -9.990e-29
