CalculateIndicators/WaterTemperature/Data/CTD_NYOS/20240429_C30A.cnv
* Sea-Bird SBE 9 Data File:
* FileName = C:\Seabird 9 CTD\Data\2024\202404_offshore\20240429_C30A.hex
* Software Version Seasave V 7.23.2
* Temperature SN = 4590
* Conductivity SN = 3228
* Number of Bytes Per Scan = 44
* Number of Voltage Words = 5
* Number of Scans Averaged by the Deck Unit = 1
* NMEA Latitude = 39 55.35 N
* NMEA Longitude = 071 32.08 W
* NMEA UTC (Time) = Apr 29 2024  05:42:34
* NMEA baud rate = 4800
** Ship: Seawolf
** Station: 11.6
** Operator: TDK
# nquan = 18
# nvalues = 2514                        
# units = specified
# name 0 = latitude: Latitude [deg]
# name 1 = longitude: Longitude [deg]
# name 2 = prDM: Pressure, Digiquartz [db]
# name 3 = depSM: Depth [salt water, m]
# name 4 = t090C: Temperature [ITS-90, deg C]
# name 5 = sal00: Salinity, Practical [PSU]
# name 6 = ph: pH
# name 7 = flECO-AFL: Fluorescence, WET Labs ECO-AFL/FL [mg/m^3]
# name 8 = cpar: CPAR/Corrected Irradiance [%]
# name 9 = density00: Density [density, kg/m^3]
# name 10 = potemp090C: Potential Temperature [ITS-90, deg C]
# name 11 = sigma-é00: Density [sigma-theta, kg/m^3]
# name 12 = sbeox0Mg/L: Oxygen, SBE 43 [mg/l]
# name 13 = sbox0Mm/Kg: Oxygen, SBE 43 [umol/kg]
# name 14 = oxsolMg/L: Oxygen Saturation, Garcia & Gordon [mg/l]
# name 15 = oxsolMm/Kg: Oxygen Saturation, Garcia & Gordon [umol/kg]
# name 16 = sbeox0PS: Oxygen, SBE 43 [% saturation]
# name 17 = flag:  0.000e+00
# span 0 =   39.92250,   39.92254       
# span 1 =  -71.53476,  -71.53454       
# span 2 =      1.741,      2.750       
# span 3 =      1.727,      2.729       
# span 4 =     7.5072,     7.5190       
# span 5 =    32.1091,    32.1130       
# span 6 =      8.085,      8.085       
# span 7 =     1.1698,     1.7877       
# span 8 = 5.0640e-11, 7.9950e+01       
# span 9 =  1025.0744,  1025.0875       
# span 10 =     7.5070,     7.5188      
# span 11 =    25.0728,    25.0757      
# span 12 =    10.8197,    10.9163      
# span 13 =    329.849,    332.793      
# span 14 =    9.71672,    9.71931      
# span 15 =  296.22430,  296.30291      
# span 16 =    111.334,    112.329      
# span 17 = 0.0000e+00, 0.0000e+00      
# interval = seconds: 0.0416667
# start_time = Apr 29 2024 05:42:33 [System UTC, first data scan.]
# bad_flag = -9.990e-29
*END*
[from data line 2091]
   39.92254  -71.53458      2.215      2.198     7.5134    32.1114 -9.990e-29     1.3310 1.1449e+01  1025.0848     7.5132    25.0745    10.8593    331.057    9.71734  296.24309    111.752 -9.990e-29
   39.92254  -71.53458      2.205      2.188     7.5135    32.1111 -9.990e-29     1.3444 1.3958e+01  1025.0842     7.5133    25.0743    10.8542    330.903    9.71728  296.24146    111.700 -9.990e-29
   39.92254  -71.53458      2.205      2.188     7.5134    32.1110 -9.990e-29     1.3310 2.9004e+01  1025.0843     7.5132    25.0742    10.8600    331.077    9.71727  296.24111    111.759 -9.990e-29
   39.92254  -71.53458      2.215      2.198     7.5139    32.1110 -9.990e-29     1.3444 3.8195e+01  1025.0843     7.5137    25.0742    10.8551    330.928    9.71729  296.24170    111.709 -9.990e-29
   39.92254  -71.53458      2.194      2.177     7.5139    32.1110 -9.990e-29     1.3444 3.4988e+01  1025.0841     7.5137    25.0742    10.8548    330.919    9.71738  296.24451    111.705 -9.990e-29
   39.92254  -71.53458      2.194      2.177     7.5141    32.1113 -9.990e-29     1.3444 1.7107e+01  1025.0846     7.5139    25.0744    10.8544    330.907    9.71738  296.24473    111.701 -9.990e-29
   39.92254  -71.53458      2.194      2.177     7.5140    32.1114 -9.990e-29     1.3444 1.1715e+01  1025.0845     7.5138    25.0744    10.8541    330.899    9.71745  296.24667    111.697 -9.990e-29
   39.92254  -71.53458      2.184      2.168     7.5142    32.1112 -9.990e-29     1.3444 1.1537e+01  1025.0843     7.5140    25.0742    10.8538    330.889    9.71745  296.24669    111.694 -9.990e-29
   39.92254  -71.53458      2.184      2.168     7.5142    32.1109 -9.990e-29     1.3444 1.3856e+01  1025.0839     7.5140    25.0740    10.8606    331.097    9.71741  296.24523    111.764 -9.990e-29
   39.92254  -71.53458      2.175      2.158     7.5140    32.1109      8.085     1.3444 1.5387e+01  1025.0839     7.5138    25.0740    10.8550    330.927    9.71739  296.24474    111.707 -9.990e-29
   39.92254  -71.53458      2.164      2.147     7.5142    32.1109      8.085     1.3444 1.5552e+01  1025.0840     7.5140    25.0740    10.8558    330.949    9.71739  296.24475    111.715 -9.990e-29
   39.92254  -71.53458      2.164      2.147     7.5145    32.1109      8.085     1.3444 1.4214e+01  1025.0839     7.5143    25.0740    10.8557    330.947    9.71743  296.24615    111.713 -9.990e-29
   39.92254  -71.53458      2.164      2.147     7.5145    32.1110      8.085     1.3310 1.3307e+01  1025.0839     7.5143    25.0740    10.8619    331.136    9.71751  296.24831    111.777 -9.990e-29
   39.92254  -71.53458      2.145      2.128     7.5144    32.1112      8.085     1.3444 1.3112e+01  1025.0842     7.5142    25.0742    10.8627    331.160    9.71750  296.24801    111.785 -9.990e-29
   39.92254  -71.53458      2.142      2.125     7.5148    32.1114      8.085     1.3444 1.5114e+01  1025.0842     7.5147    25.0743    10.8573    330.996    9.71751  296.24848    111.729 -9.990e-29
   39.92254  -71.53458      2.124      2.108     7.5152    32.1114      8.085     1.3444 1.7409e+01  1025.0841     7.5150    25.0743    10.8634    331.183    9.71750  296.24807    111.793 -9.990e-29
   39.92254  -71.53458      2.124      2.108     7.5152    32.1112      8.085     1.3444 1.7961e+01  1025.0841     7.5150    25.0741    10.8643    331.209    9.71752  296.24867    111.801 -9.990e-29
   39.92254  -71.53458      2.113      2.097     7.5158    32.1110      8.085     1.3444 1.9706e+01  1025.0835     7.5156    25.0739    10.8651    331.235    9.71752  296.24882    111.810 -9.990e-29
   39.92254  -71.53458      2.113      2.097     7.5155    32.1107      8.085     1.3444 2.3002e+01  1025.0834     7.5153    25.0737    10.8597    331.069    9.71747  296.24729    111.754 -9.990e-29
   39.92254  -71.53458      2.094      2.078     7.5159    32.1105      8.085     1.3444 2.4092e+01  1025.0828     7.5157    25.0736    10.8659    331.259    9.71749  296.24797    111.818 -9.990e-29
   39.92254  -71.53458      2.103      2.087     7.5155    32.1107      8.085     1.3444 2.2101e+01  1025.0834     7.5153    25.0737    10.8677    331.314    9.71750  296.24833    111.836 -9.990e-29
   39.92254  -71.53458      2.083      2.067     7.5158    32.1108      8.085     1.3444 1.8212e+01  1025.0833     7.5156    25.0738    10.8624    331.151    9.71749  296.24769    111.782 -9.990e-29
   39.92254  -71.53458      2.094      2.078     7.5160    32.1108      8.085     1.3444 1.7107e+01  1025.0833     7.5158    25.0738    10.8686    331.340    9.71744  296.24617    111.846 -9.990e-29
   39.92254  -71.53458      2.083      2.067     7.5158    32.1108      8.085     1.3444 1.8528e+01  1025.0834     7.5156    25.0737    10.8695    331.368    9.71742  296.24558    111.856 -9.990e-29
   39.92254  -71.53458      2.063      2.048     7.5161    32.1107      8.085     1.3444 2.5310e+01  1025.0830     7.5159    25.0737    10.8705    331.398    9.71743  296.24604    111.866 -9.990e-29
   39.92254  -71.53458      2.094      2.078     7.5160    32.1107      8.085     1.3444 2.8541e+01  1025.0833     7.5158    25.0737    10.8714    331.427    9.71745  296.24662    111.875 -9.990e-29
   39.92254  -71.53458      2.073      2.057     7.5161    32.1108      8.085     1.3444 2.5062e+01  1025.0831     7.5159    25.0738    10.8724    331.456    9.71748  296.24765    111.885 -9.990e-29
   39.92254  -71.53458      2.083      2.067     7.5158    32.1109      8.085     1.3444 8.0956e+00  1025.0835     7.5156    25.0738    10.8733    331.484    9.71747  296.24715    111.894 -9.990e-29
   39.92254  -71.53458      2.083      2.067     7.5162    32.1108      8.085     1.3444 3.9226e+00  1025.0831     7.5160    25.0737    10.8734    331.488    9.71756  296.24988    111.895 -9.990e-29
   39.92254  -71.53458      2.094      2.078     7.5160    32.1108      8.085     1.3444 3.6984e+00  1025.0834     7.5158    25.0737    10.8743    331.514    9.71753  296.24920    111.904 -9.990e-29
   39.92254  -71.53458      2.083      2.067     7.5161    32.1107      8.085     1.3444 4.2236e+00  1025.0832     7.5159    25.0736    10.8743    331.515    9.71759  296.25077    111.904 -9.990e-29
   39.92254  -71.53458      2.094      2.078     7.5159    32.1107      8.085     1.3444 4.4871e+00  1025.0832     7.5157    25.0736    10.8752    331.540    9.71755  296.24974    111.912 -9.990e-29
   39.92254  -71.53458      2.113      2.097     7.5160    32.1106      8.085     1.3444 2.6865e+00  1025.0833     7.5158    25.0735    10.8760    331.567    9.71757  296.25019    111.921 -9.990e-29
   39.92254  -71.53458      2.113      2.097     7.5161    32.1105      8.085     1.3444 3.0414e-01  1025.0831     7.5159    25.0734    10.8769    331.594    9.71760  296.25106    111.930 -9.990e-29
   39.92254  -71.53458      2.124      2.108     7.5160    32.1105      8.085     1.3444 5.0640e-11  1025.0832     7.5158    25.0734    10.8778    331.621    9.71761  296.25144    111.939 -9.990e-29
   39.92254  -71.53458      2.134      2.117     7.5158    32.1104      8.085     1.3444 5.0640e-11  1025.0832     7.5156    25.0734    10.8786    331.647    9.71761  296.25151    111.948 -9.990e-29
   39.92254  -71.53458      2.145      2.128     7.5160    32.1104      8.085     1.3444 5.0640e-11  1025.0832     7.5158    25.0734    10.8786    331.644    9.71761  296.25144    111.947 -9.990e-29
   39.92254  -71.53458      2.164      2.147     7.5158    32.1106      8.085     1.3444 5.0640e-11  1025.0834     7.5156    25.0735    10.8793    331.668    9.71758  296.25063    111.955 -9.990e-29
   39.92254  -71.53458      2.175      2.158     7.5158    32.1109      8.085     1.3444 5.0640e-11  1025.0839     7.5156    25.0738    10.8854    331.853    9.71755  296.24961    112.018 -9.990e-29
   39.92254  -71.53458      2.184      2.168     7.5159    32.1109      8.085     1.3444 5.0640e-11  1025.0840     7.5157    25.0738    10.8861    331.875    9.71756  296.24975    112.025 -9.990e-29
   39.92254  -71.53458      2.205      2.188     7.5160    32.1108      8.085     1.3444 5.0640e-11  1025.0837     7.5158    25.0737    10.8868    331.894    9.71756  296.24975    112.032 -9.990e-29
   39.92254  -71.53458      2.215      2.198     7.5158    32.1107      8.085     1.3444 5.0640e-11  1025.0839     7.5156    25.0737    10.8882    331.938    9.71754  296.24922    112.047 -9.990e-29
   39.92254  -71.53458      2.235      2.218     7.5159    32.1107      8.085     1.3444 5.0640e-11  1025.0840     7.5157    25.0736    10.8887    331.955    9.71755  296.24959    112.052 -9.990e-29
   39.92254  -71.53458      2.235      2.218     7.5161    32.1107      8.085     1.3444 5.0640e-11  1025.0838     7.5159    25.0736    10.8892    331.968    9.71755  296.24972    112.057 -9.990e-29
   39.92254  -71.53458      2.265      2.248     7.5160    32.1107      8.085     1.3444 5.0640e-11  1025.0839     7.5158    25.0736    10.8895    331.978    9.71752  296.24849    112.061 -9.990e-29
   39.92254  -71.53458      2.275      2.258     7.5157    32.1109      8.085     1.3444 5.0640e-11  1025.0844     7.5155    25.0738    10.8898    331.987    9.71752  296.24871    112.064 -9.990e-29
   39.92254  -71.53458      2.286      2.269     7.5156    32.1110      8.085     1.3713 1.6807e-01  1025.0844     7.5154    25.0739    10.8900    331.992    9.71749  296.24772    112.066 -9.990e-29
   39.92254  -71.53458      2.305      2.288     7.5161    32.1110      8.085     1.3982 3.6543e+00  1025.0844     7.5159    25.0739    10.8901    331.996    9.71747  296.24728    112.067 -9.990e-29
   39.92254  -71.53458      2.316      2.299     7.5160    32.1110      8.085     1.3982 6.3097e+00  1025.0845     7.5158    25.0739    10.8840    331.810    9.71752  296.24875    112.004 -9.990e-29
   39.92254  -71.53458      2.316      2.299     7.5163    32.1109      8.085     1.3982 6.6996e+00  1025.0844     7.5161    25.0738    10.8902    331.999    9.71747  296.24732    112.068 -9.990e-29
   39.92254  -71.53458      2.346      2.329     7.5165    32.1107      8.085     1.3982 1.4738e+01  1025.0843     7.5162    25.0736    10.8902    331.998    9.71744  296.24630    112.068 -9.990e-29
   39.92254  -71.53458      2.346      2.329     7.5164    32.1106      8.085     1.3847 2.3386e+01  1025.0843     7.5161    25.0735    10.8910    332.023    9.71743  296.24600    112.077 -9.990e-29
   39.92254  -71.53458      2.367      2.349     7.5160    32.1104      8.085     1.3982 2.4898e+01  1025.0843     7.5158    25.0734    10.8908    332.018    9.71741  296.24531    112.076 -9.990e-29
   39.92254  -71.53458      2.386      2.368     7.5161    32.1103      8.085     1.3982 2.3464e+01  1025.0840     7.5159    25.0733    10.8906    332.013    9.71741  296.24525    112.074 -9.990e-29
   39.92254  -71.53458      2.397      2.379     7.5157    32.1103      8.085     1.3982 2.2547e+01  1025.0843     7.5155    25.0733    10.8905    332.007    9.71747  296.24708    112.071 -9.990e-29
   39.92254  -71.53458      2.407      2.389     7.5156    32.1105      8.085     1.3982 2.2398e+01  1025.0846     7.5154    25.0735    10.8901    331.995    9.71744  296.24625    112.067 -9.990e-29
   39.92254  -71.53458      2.417      2.398     7.5158    32.1106      8.085     1.3982 1.4845e+01  1025.0847     7.5156    25.0736    10.8896    331.981    9.71740  296.24514    112.063 -9.990e-29
   39.92254  -71.53458      2.437      2.419     7.5159    32.1106      8.085     1.3982 8.5878e+00  1025.0848     7.5157    25.0736    10.8963    332.185    9.71744  296.24610    112.131 -9.990e-29
   39.92254  -71.53458      2.458      2.439     7.5160    32.1104      8.085     1.3982 7.4579e+00  1025.0847     7.5158    25.0735    10.8904    332.004    9.71741  296.24526    112.071 -9.990e-29
   39.92254  -71.53458      2.467      2.448     7.5158    32.1103      8.085     1.3982 1.1405e+01  1025.0846     7.5156    25.0734    10.8960    332.175    9.71743  296.24608    112.128 -9.990e-29
   39.92254  -71.53458      2.488      2.469     7.5154    32.1104      8.085     1.3982 2.1953e+01  1025.0850     7.5152    25.0735    10.8899    331.989    9.71741  296.24547    112.065 -9.990e-29
   39.92254  -71.53458      2.488      2.469     7.5155    32.1104      8.085     1.3982 2.6235e+01  1025.0848     7.5153    25.0735    10.8962    332.182    9.71744  296.24619    112.130 -9.990e-29
   39.92254  -71.53458      2.518      2.499     7.5155    32.1104      8.085     1.3982 2.5144e+01  1025.0848     7.5153    25.0735    10.8971    332.210    9.71742  296.24574    112.140 -9.990e-29
   39.92254  -71.53458      2.528      2.508     7.5154    32.1105      8.085     1.3982 2.2774e+01  1025.0853     7.5152    25.0736    10.8907    332.015    9.71738  296.24448    112.075 -9.990e-29
   39.92254  -71.53458      2.539      2.519     7.5153    32.1106      8.085     1.3982 2.2027e+01  1025.0853     7.5151    25.0737    10.8907    332.013    9.71741  296.24545    112.074 -9.990e-29
   39.92254  -71.53458      2.548      2.529     7.5153    32.1106      8.085     1.3982 2.1517e+01  1025.0853     7.5151    25.0736    10.8967    332.196    9.71738  296.24454    112.136 -9.990e-29
   39.92254  -71.53458      2.569      2.549     7.5156    32.1105      8.085     1.3982 1.9307e+01  1025.0854     7.5153    25.0736    10.8972    332.214    9.71732  296.24248    112.143 -9.990e-29
   39.92254  -71.53458      2.590      2.570     7.5155    32.1104      8.085     1.3982 1.8401e+01  1025.0853     7.5153    25.0735    10.8907    332.013    9.71731  296.24232    112.075 -9.990e-29
   39.92254  -71.53458      2.590      2.570     7.5156    32.1103      8.085     1.3982 1.8528e+01  1025.0851     7.5153    25.0734    10.8965    332.192    9.71732  296.24246    112.135 -9.990e-29
   39.92254  -71.53458      2.599      2.579     7.5155    32.1105      8.085     1.3982 2.0112e+01  1025.0855     7.5153    25.0735    10.8907    332.015    9.71733  296.24274    112.075 -9.990e-29
   39.92254  -71.53458      2.609      2.589     7.5156    32.1107      8.085     1.3847 2.1016e+01  1025.0857     7.5154    25.0737    10.8893    331.971    9.71730  296.24200    112.061 -9.990e-29
   39.92254  -71.53458      2.609      2.589     7.5157    32.1108      8.085     1.3713 2.1158e+01  1025.0857     7.5155    25.0737    10.8886    331.952    9.71725  296.24059    112.055 -9.990e-29
   39.92254  -71.53458      2.630      2.609     7.5156    32.1107      8.085     1.3713 3.2228e+01  1025.0858     7.5154    25.0737    10.8942    332.121    9.71722  296.23968    112.112 -9.990e-29
   39.92254  -71.53458      2.630      2.609     7.5156    32.1106      8.085     1.3713 4.2838e+01  1025.0856     7.5154    25.0736    10.8945    332.130    9.71729  296.24159    112.115 -9.990e-29
   39.92254  -71.53458      2.631      2.611     7.5156    32.1106      8.085     1.3713 4.4588e+01  1025.0855     7.5153    25.0736    10.8883    331.942    9.71721  296.23937    112.052 -9.990e-29
   39.92254  -71.53458      2.639      2.619     7.5155    32.1106      8.085     1.3713 2.5811e+01  1025.0859     7.5153    25.0736    10.8875    331.918    9.71722  296.23951    112.044 -9.990e-29
   39.92254  -71.53458      2.650      2.630     7.5152    32.1105      8.085     1.3713 1.5719e+01  1025.0858     7.5149    25.0736    10.8929    332.082    9.71721  296.23942    112.099 -9.990e-29
   39.92254  -71.53458      2.650      2.630     7.5154    32.1104      8.085     1.3713 1.4318e+01  1025.0854     7.5152    25.0735    10.8929    332.081    9.71721  296.23919    112.099 -9.990e-29
   39.92254  -71.53458      2.650      2.630     7.5150    32.1105      8.085     1.3713 1.6634e+01  1025.0859     7.5147    25.0736    10.8928    332.078    9.71719  296.23867    112.098 -9.990e-29
