CalculateIndicators/WaterTemperature/Data/CTD_NYOS/20240912_C03.cnv
* Sea-Bird SBE 9 Data File:
* FileName = C:\Seabird 9 CTD\Data\2024\202409_offshore\20240912_C03.hex
* Software Version Seasave V 7.23.2
* Temperature SN = 4590
* Conductivity SN = 3228
* Number of Bytes Per Scan = 44
* Number of Voltage Words = 5
* Number of Scans Averaged by the Deck Unit = 1
* NMEA Latitude = 40 26.89 N
* NMEA Longitude = 073 42.83 W
* NMEA UTC (Time) = Sep 12 2024  00:13:53
* NMEA baud rate = 4800
** Ship: Seawolf
** Station: HR2
** Operator: TCM
# nquan = 18
# nvalues = 9126                        
# units = specified
# name 0 = latitude: Latitude [deg]
# name 1 = longitude: Longitude [deg]
# name 2 = prDM: Pressure, Digiquartz [db]
# name 3 = depSM: Depth [salt water, m]
# name 4 = t090C: Temperature [ITS-90, deg C]
# name 5 = sal00: Salinity, Practical [PSU]
# name 6 = ph: pH
# name 7 = flECO-AFL: Fluorescence, WET Labs ECO-AFL/FL [mg/m^3]
# name 8 = cpar: CPAR/Corrected Irradiance [%]
# name 9 = density00: Density [density, kg/m^3]
# name 10 = potemp090C: Potential Temperature [ITS-90, deg C]
# name 11 = sigma-é00: Density [sigma-theta, kg/m^3]
# name 12 = sbeox0Mg/L: Oxygen, SBE 43 [mg/l]
# name 13 = sbox0Mm/Kg: Oxygen, SBE 43 [umol/kg]
# name 14 = oxsolMg/L: Oxygen Saturation, Garcia & Gordon [mg/l]
# name 15 = oxsolMm/Kg: Oxygen Saturation, Garcia & Gordon [umol/kg]
# name 16 = sbeox0PS: Oxygen, SBE 43 [% saturation]
# name 17 = flag:  0.000e+00
# span 0 =   40.44832,   40.44902       
# span 1 =  -73.71394,  -73.71348       
# span 2 =      1.547,     22.691       
# span 3 =      1.535,     22.515       
# span 4 =    11.2437,    21.0541       
# span 5 =    30.6104,    31.9300       
# span 6 =      7.846,      8.244       
# span 7 =     0.4580,     1.8011       
# span 8 = 1.6880e-11, 9.9999e+04       
# span 9 =  1021.2544,  1024.4401       
# span 10 =    11.2410,    21.0536      
# span 11 =    21.2577,    24.3306      
# span 12 =     5.0360,     8.1277      
# span 13 =    153.808,    248.695      
# span 14 =    7.43727,    8.96835      
# span 15 =  227.57753,  273.63856      
# span 16 =     60.017,    109.051      
# span 17 = 0.0000e+00, 0.0000e+00      
# interval = seconds: 0.0416667
# start_time = Sep 12 2024 00:13:55 [System UTC, first data scan.]
# bad_flag = -9.990e-29
*END*
[from data line 5468]
   40.44874  -73.71364     10.082     10.004    20.9442    30.7818      8.225     1.3847 1.6880e-11  1021.3455    20.9423    21.3015     8.0850    247.390    7.45336  228.06195    108.475 -9.990e-29
   40.44874  -73.71364     10.072      9.994    20.9451    30.7814      8.225     1.3847 1.6880e-11  1021.3446    20.9432    21.3010     8.0843    247.368    7.45340  228.06300    108.465 -9.990e-29
   40.44874  -73.71364     10.091     10.013    20.9450    30.7806      8.225     1.3847 1.6880e-11  1021.3444    20.9431    21.3005     8.0788    247.199    7.45340  228.06325    108.390 -9.990e-29
   40.44874  -73.71364     10.091     10.013    20.9442    30.7796      8.225     1.3847 1.6880e-11  1021.3433    20.9423    21.2998     8.0821    247.300    7.45342  228.06376    108.435 -9.990e-29
   40.44874  -73.71364     10.091     10.013    20.9429    30.7788      8.225     1.3847 1.6880e-11  1021.3428    20.9410    21.2996     8.0814    247.279    7.45343  228.06390    108.425 -9.990e-29
   40.44874  -73.71364     10.097     10.019    20.9411    30.7788      8.225     1.3847 1.6880e-11  1021.3437    20.9392    21.3000     8.0763    247.123    7.45340  228.06308    108.357 -9.990e-29
   40.44874  -73.71364     10.091     10.013    20.9395    30.7792      8.225     1.3847 1.6880e-11  1021.3444    20.9376    21.3006     8.0753    247.093    7.45340  228.06280    108.344 -9.990e-29
   40.44874  -73.71364     10.102     10.024    20.9388    30.7797      8.225     1.3847 1.6880e-11  1021.3449    20.9369    21.3012     8.0744    247.064    7.45341  228.06314    108.332 -9.990e-29
   40.44874  -73.71364     10.112     10.034    20.9381    30.7801      8.225     1.3847 1.6880e-11  1021.3457    20.9362    21.3018     8.0739    247.049    7.45344  228.06398    108.325 -9.990e-29
   40.44874  -73.71364     10.112     10.034    20.9376    30.7805      8.225     1.3847 1.6880e-11  1021.3461    20.9357    21.3022     8.0734    247.034    7.45340  228.06304    108.318 -9.990e-29
   40.44874  -73.71364     10.102     10.024    20.9370    30.7807      8.225     1.3847 1.6880e-11  1021.3462    20.9351    21.3025     8.0730    247.022    7.45340  228.06296    108.313 -9.990e-29
   40.44874  -73.71364     10.112     10.034    20.9363    30.7809      8.225     1.3847 1.6880e-11  1021.3468    20.9344    21.3029     8.0726    247.011    7.45336  228.06166    108.309 -9.990e-29
   40.44874  -73.71364     10.112     10.034    20.9362    30.7811      8.225     1.3847 1.6880e-11  1021.3469    20.9343    21.3032     8.0724    247.003    7.45338  228.06241    108.305 -9.990e-29
   40.44874  -73.71364     10.121     10.043    20.9354    30.7814      8.225     1.3847 1.6880e-11  1021.3473    20.9335    21.3034     8.0678    246.862    7.45337  228.06218    108.243 -9.990e-29
   40.44874  -73.71364     10.112     10.034    20.9351    30.7816      8.225     1.3847 1.6880e-11  1021.3476    20.9332    21.3038     8.0673    246.846    7.45339  228.06280    108.236 -9.990e-29
   40.44874  -73.71364     10.121     10.043    20.9344    30.7820      8.225     1.3847 1.6880e-11  1021.3481    20.9325    21.3042     8.0712    246.968    7.45338  228.06250    108.290 -9.990e-29
   40.44874  -73.71364     10.117     10.039    20.9343    30.7822      8.225     1.3982 1.6880e-11  1021.3483    20.9324    21.3044     8.0716    246.978    7.45335  228.06169    108.295 -9.990e-29
   40.44874  -73.71364     10.121     10.043    20.9338    30.7824      8.225     1.4250 1.6880e-11  1021.3486    20.9319    21.3046     8.0716    246.980    7.45334  228.06145    108.296 -9.990e-29
   40.44874  -73.71364     10.132     10.054    20.9337    30.7826      8.225     1.4250 1.6880e-11  1021.3487    20.9318    21.3048     8.0717    246.983    7.45330  228.06025    108.297 -9.990e-29
   40.44874  -73.71364     10.121     10.043    20.9331    30.7827      8.225     1.4250 1.6880e-11  1021.3489    20.9312    21.3051     8.0718    246.987    7.45323  228.05799    108.300 -9.990e-29
   40.44874  -73.71364     10.121     10.043    20.9326    30.7829      8.225     1.4250 1.6880e-11  1021.3491    20.9307    21.3053     8.0764    247.126    7.45317  228.05603    108.362 -9.990e-29
   40.44874  -73.71364     10.132     10.054    20.9323    30.7832      8.225     1.4250 1.6880e-11  1021.3496    20.9304    21.3056     8.0726    247.010    7.45309  228.05368    108.312 -9.990e-29
   40.44874  -73.71364     10.132     10.054    20.9321    30.7834      8.225     1.4250 1.6880e-11  1021.3499    20.9302    21.3058     8.0729    247.018    7.45300  228.05108    108.317 -9.990e-29
   40.44874  -73.71364     10.132     10.054    20.9323    30.7833      8.225     1.4250 1.6880e-11  1021.3497    20.9304    21.3058     8.0732    247.028    7.45292  228.04865    108.323 -9.990e-29
   40.44874  -73.71364     10.132     10.054    20.9323    30.7833      8.225     1.4250 1.6880e-11  1021.3496    20.9304    21.3058     8.0736    247.042    7.45289  228.04784    108.329 -9.990e-29
   40.44874  -73.71364     10.132     10.054    20.9323    30.7834      8.225     1.4250 1.6880e-11  1021.3496    20.9304    21.3058     8.0738    247.047    7.45290  228.04833    108.331 -9.990e-29
   40.44874  -73.71364     10.132     10.054    20.9323    30.7835      8.225     1.4250 1.6880e-11  1021.3499    20.9304    21.3058     8.0744    247.066    7.45291  228.04875    108.339 -9.990e-29
   40.44874  -73.71364     10.121     10.043    20.9324    30.7834      8.225     1.4250 1.6880e-11  1021.3497    20.9305    21.3058     8.0751    247.086    7.45291  228.04858    108.348 -9.990e-29
   40.44874  -73.71364     10.148     10.069    20.9326    30.7832      8.225     1.4250 1.6880e-11  1021.3494    20.9307    21.3056     8.0798    247.229    7.45291  228.04854    108.411 -9.990e-29
   40.44874  -73.71364     10.142     10.064    20.9326    30.7832      8.225     1.4250 1.6880e-11  1021.3495    20.9307    21.3055     8.0805    247.252    7.45289  228.04776    108.421 -9.990e-29
   40.44874  -73.71364     10.132     10.054    20.9330    30.7833      8.225     1.4250 1.6880e-11  1021.3494    20.9311    21.3055     8.0811    247.271    7.45278  228.04440    108.431 -9.990e-29
   40.44874  -73.71364     10.142     10.064    20.9330    30.7833      8.225     1.4250 1.6880e-11  1021.3495    20.9311    21.3055     8.0818    247.293    7.45272  228.04244    108.442 -9.990e-29
   40.44874  -73.71364     10.132     10.054    20.9335    30.7830 -9.990e-29     1.4250 1.6880e-11  1021.3492    20.9316    21.3052     8.0826    247.316    7.45267  228.04086    108.452 -9.990e-29
   40.44874  -73.71364     10.132     10.054    20.9338    30.7828 -9.990e-29     1.4250 1.6880e-11  1021.3486    20.9319    21.3050     8.0837    247.350    7.45256  228.03780    108.469 -9.990e-29
   40.44874  -73.71364     10.142     10.064    20.9337    30.7826 -9.990e-29     1.4250 1.6880e-11  1021.3489    20.9318    21.3049     8.0846    247.376    7.45251  228.03642    108.481 -9.990e-29
   40.44874  -73.71364     10.132     10.054    20.9342    30.7826 -9.990e-29     1.4250 1.6880e-11  1021.3485    20.9323    21.3048     8.0854    247.403    7.45248  228.03545    108.493 -9.990e-29
   40.44874  -73.71364     10.132     10.054    20.9341    30.7827 -9.990e-29     1.4250 1.6880e-11  1021.3488    20.9322    21.3048     8.0863    247.430    7.45244  228.03439    108.506 -9.990e-29
   40.44874  -73.71364     10.132     10.054    20.9342    30.7828 -9.990e-29     1.4250 1.6880e-11  1021.3487    20.9323    21.3048     8.0873    247.459    7.45241  228.03316    108.519 -9.990e-29
   40.44874  -73.71364     10.121     10.043    20.9342    30.7828 -9.990e-29     1.4250 1.6880e-11  1021.3488    20.9323    21.3048     8.0878    247.475    7.45228  228.02952    108.528 -9.990e-29
   40.44874  -73.71364     10.127     10.049    20.9344    30.7828 -9.990e-29     1.4250 1.6880e-11  1021.3488    20.9325    21.3048     8.0884    247.494    7.45227  228.02918    108.536 -9.990e-29
   40.44874  -73.71364     10.121     10.043    20.9346    30.7826 -9.990e-29     1.3713 1.6880e-11  1021.3484    20.9327    21.3047     8.0890    247.513    7.45220  228.02716    108.545 -9.990e-29
   40.44874  -73.71364     10.121     10.043    20.9346    30.7824 -9.990e-29     1.2370 1.6880e-11  1021.3484    20.9327    21.3045     8.0944    247.679    7.45220  228.02718    108.618 -9.990e-29
   40.44874  -73.71364     10.121     10.043    20.9347    30.7823 -9.990e-29     1.1833 1.6880e-11  1021.3481    20.9328    21.3043     8.0911    247.578    7.45222  228.02817    108.573 -9.990e-29
   40.44874  -73.71364     10.112     10.034    20.9346    30.7822 -9.990e-29     1.1833 1.6880e-11  1021.3480    20.9327    21.3043     8.0918    247.598    7.45218  228.02670    108.583 -9.990e-29
   40.44874  -73.71364     10.102     10.024    20.9346    30.7822 -9.990e-29     1.1967 1.6880e-11  1021.3480    20.9327    21.3044     8.0926    247.621    7.45221  228.02767    108.593 -9.990e-29
   40.44874  -73.71364     10.112     10.034    20.9340    30.7823 -9.990e-29     1.1967 1.6880e-11  1021.3484    20.9321    21.3045     8.0929    247.632    7.45218  228.02685    108.598 -9.990e-29
   40.44874  -73.71364     10.091     10.013    20.9341    30.7823 -9.990e-29     1.1967 1.6880e-11  1021.3482    20.9322    21.3045     8.0977    247.777    7.45218  228.02687    108.662 -9.990e-29
   40.44874  -73.71364     10.102     10.024    20.9338    30.7823 -9.990e-29     1.1967 1.6880e-11  1021.3483    20.9319    21.3046     8.0940    247.664    7.45218  228.02703    108.612 -9.990e-29
   40.44874  -73.71364     10.082     10.004    20.9337    30.7824 -9.990e-29     1.1833 1.6880e-11  1021.3484    20.9318    21.3047     8.0988    247.813    7.45226  228.02957    108.676 -9.990e-29
   40.44874  -73.71364     10.082     10.004    20.9333    30.7825 -9.990e-29     1.1967 1.6880e-11  1021.3487    20.9314    21.3048     8.0996    247.836    7.45234  228.03170    108.685 -9.990e-29
   40.44874  -73.71364     10.076      9.998    20.9333    30.7824 -9.990e-29     1.1967 1.6880e-11  1021.3485    20.9314    21.3048     8.1003    247.859    7.45240  228.03364    108.694 -9.990e-29
   40.44874  -73.71364     10.072      9.994    20.9335    30.7823 -9.990e-29     1.1967 1.6880e-11  1021.3479    20.9316    21.3048     8.1007    247.870    7.45247  228.03565    108.698 -9.990e-29
   40.44874  -73.71364     10.061      9.983    20.9331    30.7826 -9.990e-29     1.1967 1.6880e-11  1021.3486    20.9313    21.3050     8.1058    248.025    7.45252  228.03727    108.765 -9.990e-29
   40.44874  -73.71364     10.061      9.983    20.9331    30.7832 -9.990e-29     1.1967 1.6880e-11  1021.3490    20.9313    21.3054     8.1112    248.193    7.45262  228.04023    108.837 -9.990e-29
   40.44874  -73.71364     10.051      9.974    20.9330    30.7836 -9.990e-29     1.1967 1.6880e-11  1021.3495    20.9311    21.3058     8.1167    248.359    7.45274  228.04374    108.908 -9.990e-29
   40.44874  -73.71364     10.051      9.974    20.9328    30.7838 -9.990e-29     1.1967 1.6880e-11  1021.3497    20.9309    21.3060     8.1179    248.397    7.45280  228.04575    108.924 -9.990e-29
   40.44874  -73.71364     10.040      9.963    20.9327    30.7838 -9.990e-29     1.1967 1.6880e-11  1021.3495    20.9308    21.3060     8.1191    248.432    7.45284  228.04689    108.939 -9.990e-29
   40.44874  -73.71364     10.031      9.953    20.9330    30.7837 -9.990e-29     1.1967 1.6880e-11  1021.3493    20.9311    21.3059     8.1202    248.465    7.45289  228.04808    108.953 -9.990e-29
   40.44874  -73.71364     10.031      9.953    20.9330    30.7837 -9.990e-29     1.1967 1.6880e-11  1021.3493    20.9311    21.3058     8.1212    248.496    7.45293  228.04924    108.966 -9.990e-29
   40.44874  -73.71364     10.031      9.953    20.9333    30.7836 -9.990e-29     1.1967 1.6880e-11  1021.3491    20.9315    21.3058     8.1220    248.523    7.45293  228.04914    108.978 -9.990e-29
   40.44874  -73.71364     10.021      9.944    20.9331    30.7834 -9.990e-29     1.1967 1.6880e-11  1021.3492    20.9313    21.3056     8.1185    248.414    7.45293  228.04922    108.930 -9.990e-29
   40.44874  -73.71364     10.021      9.944    20.9335    30.7830 -9.990e-29     1.1967 1.6880e-11  1021.3485    20.9316    21.3053     8.1189    248.426    7.45295  228.04972    108.935 -9.990e-29
   40.44874  -73.71364     10.001      9.923    20.9333    30.7828 -9.990e-29     1.1967 1.6880e-11  1021.3484    20.9315    21.3051     8.1188    248.425    7.45295  228.04988    108.934 -9.990e-29
   40.44874  -73.71364     10.006      9.929    20.9335    30.7826 -9.990e-29     1.1967 1.6880e-11  1021.3482    20.9316    21.3049     8.1144    248.288    7.45299  228.05093    108.874 -9.990e-29
   40.44874  -73.71364     10.001      9.923    20.9338    30.7824 -9.990e-29     1.2101 1.6880e-11  1021.3478    20.9320    21.3047     8.1186    248.417    7.45299  228.05074    108.931 -9.990e-29
   40.44874  -73.71364     10.001      9.923    20.9338    30.7824 -9.990e-29     1.3713 1.6880e-11  1021.3479    20.9320    21.3046     8.1186    248.419    7.45292  228.04852    108.932 -9.990e-29
   40.44874  -73.71364      9.991      9.914    20.9341    30.7825 -9.990e-29     1.4519 1.6880e-11  1021.3480    20.9322    21.3046     8.1187    248.419    7.45287  228.04673    108.933 -9.990e-29
   40.44874  -73.71364     10.001      9.923    20.9346    30.7826 -9.990e-29     1.4653 1.6880e-11  1021.3480    20.9327    21.3046     8.1185    248.415    7.45274  228.04297    108.933 -9.990e-29
   40.44874  -73.71364      9.980      9.903    20.9349    30.7827 -9.990e-29     1.4519 1.6880e-11  1021.3480    20.9331    21.3046     8.1184    248.412    7.45267  228.04087    108.933 -9.990e-29
   40.44874  -73.71364      9.991      9.914    20.9356    30.7827 -9.990e-29     1.4519 1.6880e-11  1021.3476    20.9338    21.3044     8.1143    248.285    7.45265  228.04039    108.878 -9.990e-29
   40.44874  -73.71364      9.980      9.903    20.9363    30.7824 -9.990e-29     1.4519 1.6880e-11  1021.3473    20.9345    21.3041     8.1137    248.268    7.45260  228.03894    108.871 -9.990e-29
   40.44874  -73.71364      9.980      9.903    20.9370    30.7822 -9.990e-29     1.4519 1.6880e-11  1021.3469    20.9352    21.3037     8.1131    248.250    7.45258  228.03829    108.863 -9.990e-29
   40.44874  -73.71364      9.980      9.903    20.9374    30.7818 -9.990e-29     1.4519 1.6880e-11  1021.3465    20.9355    21.3033     8.1125    248.230    7.45250  228.03576    108.856 -9.990e-29
   40.44874  -73.71364      9.970      9.893    20.9374    30.7815 -9.990e-29     1.4519 1.6880e-11  1021.3462    20.9355    21.3031     8.1118    248.209    7.45244  228.03397    108.847 -9.990e-29
   40.44874  -73.71364      9.980      9.903    20.9374    30.7814 -9.990e-29     1.4519 1.6880e-11  1021.3460    20.9355    21.3030     8.1154    248.319    7.45234  228.03085    108.897 -9.990e-29
   40.44874  -73.71364      9.970      9.893    20.9374    30.7815 -9.990e-29     1.4519 1.6880e-11  1021.3461    20.9355    21.3031     8.1105    248.170    7.45225  228.02817    108.833 -9.990e-29
   40.44874  -73.71364      9.950      9.873    20.9372    30.7819 -9.990e-29     1.4519 1.6880e-11  1021.3464    20.9354    21.3034     8.1097    248.144    7.45220  228.02697    108.822 -9.990e-29
   40.44874  -73.71364      9.985      9.908    20.9371    30.7825 -9.990e-29     1.4519 1.6880e-11  1021.3472    20.9352    21.3038     8.1091    248.128    7.45212  228.02443    108.816 -9.990e-29
   40.44874  -73.71364      9.970      9.893    20.9377    30.7830 -9.990e-29     1.4519 1.6880e-11  1021.3474    20.9359    21.3041     8.1042    247.977    7.45207  228.02313    108.751 -9.990e-29
