CalculateIndicators/WaterTemperature/Data/CTD_NYOS/20240426_C03.cnv
* Sea-Bird SBE 9 Data File:
* FileName = C:\Seabird 9 CTD\Data\2024\202404_offshore\20240426_C03.hex
* Software Version Seasave V 7.23.2
* Temperature SN = 4590
* Conductivity SN = 3228
* Number of Bytes Per Scan = 44
* Number of Voltage Words = 5
* Number of Scans Averaged by the Deck Unit = 1
* NMEA Latitude = 40 26.82 N
* NMEA Longitude = 073 43.11 W
* NMEA UTC (Time) = Apr 26 2024  08:44:13
* NMEA baud rate = 4800
** Ship: Seawolf
** Station: HR2
** Operator: TDK
# nquan = 18
# nvalues = 13373                       
# units = specified
# name 0 = latitude: Latitude [deg]
# name 1 = longitude: Longitude [deg]
# name 2 = prDM: Pressure, Digiquartz [db]
# name 3 = depSM: Depth [salt water, m]
# name 4 = t090C: Temperature [ITS-90, deg C]
# name 5 = sal00: Salinity, Practical [PSU]
# name 6 = ph: pH
# name 7 = flECO-AFL: Fluorescence, WET Labs ECO-AFL/FL [mg/m^3]
# name 8 = cpar: CPAR/Corrected Irradiance [%]
# name 9 = density00: Density [density, kg/m^3]
# name 10 = potemp090C: Potential Temperature [ITS-90, deg C]
# name 11 = sigma-é00: Density [sigma-theta, kg/m^3]
# name 12 = sbeox0Mg/L: Oxygen, SBE 43 [mg/l]
# name 13 = sbox0Mm/Kg: Oxygen, SBE 43 [umol/kg]
# name 14 = oxsolMg/L: Oxygen Saturation, Garcia & Gordon [mg/l]
# name 15 = oxsolMm/Kg: Oxygen Saturation, Garcia & Gordon [umol/kg]
# name 16 = sbeox0PS: Oxygen, SBE 43 [% saturation]
# name 17 = flag:  0.000e+00
# span 0 =   40.44704,   40.44740       
# span 1 =  -73.71930,  -73.71856       
# span 2 =      1.899,     22.681       
# span 3 =      1.885,     22.505       
# span 4 =     7.3288,    10.0012       
# span 5 =    27.8575,    31.0895       
# span 6 =      7.864,      8.167       
# span 7 =     0.4311,     1.3444       
# span 8 = 2.5320e-11, 9.9999e+04       
# span 9 =  1021.3980,  1024.4009       
# span 10 =     7.3268,    10.0004      
# span 11 =    21.3859,    24.2966      
# span 12 =     8.0253,    10.3776      
# span 13 =    244.852,    317.513      
# span 14 =    9.44068,    9.82464      
# span 15 =  288.81740,  299.74202      
# span 16 =     81.724,    109.785      
# span 17 = 0.0000e+00, 0.0000e+00      
# interval = seconds: 0.0416667
# start_time = Apr 26 2024 08:44:15 [System UTC, first data scan.]
# bad_flag = -9.990e-29
*END*
[from data line 2815]
   40.44712  -73.71878     22.225     22.053     7.3409    31.0833 -9.990e-29     0.5789 2.5320e-11  1024.3924     7.3389    24.2902     8.0407    245.317    9.82200  299.66304     81.864 -9.990e-29
   40.44712  -73.71878     22.225     22.053     7.3409    31.0831 -9.990e-29     0.5789 2.5320e-11  1024.3924     7.3389    24.2901     8.0404    245.309    9.82196  299.66185     81.862 -9.990e-29
   40.44712  -73.71878     22.243     22.071     7.3409    31.0828 -9.990e-29     0.5789 2.5320e-11  1024.3920     7.3389    24.2899     8.0403    245.304    9.82199  299.66272     81.860 -9.990e-29
   40.44712  -73.71878     22.235     22.063     7.3411    31.0826 -9.990e-29     0.5789 2.5320e-11  1024.3917     7.3391    24.2897     8.0464    245.490    9.82195  299.66136     81.923 -9.990e-29
   40.44712  -73.71878     22.246     22.074     7.3411    31.0826 -9.990e-29     0.5789 2.5320e-11  1024.3918     7.3391    24.2897     8.0408    245.319    9.82188  299.65932     81.866 -9.990e-29
   40.44712  -73.71878     22.243     22.071     7.3407    31.0826 -9.990e-29     0.5789 2.5320e-11  1024.3922     7.3387    24.2897     8.0406    245.312    9.82179  299.65671     81.864 -9.990e-29
   40.44712  -73.71878     22.246     22.074     7.3414    31.0823 -9.990e-29     0.5789 2.5320e-11  1024.3915     7.3394    24.2894     8.0395    245.280    9.82176  299.65579     81.854 -9.990e-29
   40.44712  -73.71878     22.256     22.083     7.3411    31.0820 -9.990e-29     0.5789 2.5320e-11  1024.3914     7.3391    24.2892     8.0393    245.275    9.82170  299.65395     81.853 -9.990e-29
   40.44712  -73.71878     22.253     22.080     7.3412    31.0819 -9.990e-29     0.5789 2.5320e-11  1024.3912     7.3392    24.2891     8.0456    245.465    9.82163  299.65206     81.917 -9.990e-29
   40.44712  -73.71878     22.265     22.093     7.3411    31.0819 -9.990e-29     0.5789 2.5320e-11  1024.3915     7.3391    24.2891     8.0400    245.296    9.82153  299.64898     81.861 -9.990e-29
   40.44712  -73.71878     22.256     22.083     7.3412    31.0819 -9.990e-29     0.5789 2.5320e-11  1024.3914     7.3392    24.2891     8.0463    245.487    9.82147  299.64704     81.925 -9.990e-29
   40.44712  -73.71878     22.274     22.101     7.3411    31.0819 -9.990e-29     0.5789 2.5320e-11  1024.3914     7.3391    24.2891     8.0407    245.318    9.82135  299.64343     81.870 -9.990e-29
   40.44712  -73.71878     22.276     22.104     7.3409    31.0819 -9.990e-29     0.5789 2.5320e-11  1024.3914     7.3389    24.2891     8.0408    245.319    9.82133  299.64287     81.870 -9.990e-29
   40.44712  -73.71878     22.276     22.104     7.3406    31.0819 -9.990e-29     0.5789 2.5320e-11  1024.3916     7.3386    24.2892     8.0408    245.321    9.82136  299.64359     81.871 -9.990e-29
   40.44712  -73.71878     22.283     22.110     7.3407    31.0819 -9.990e-29     0.5789 2.5320e-11  1024.3916     7.3387    24.2892     8.0399    245.292    9.82124  299.64019     81.862 -9.990e-29
   40.44712  -73.71878     22.276     22.104     7.3406    31.0821 -9.990e-29     0.5789 2.5320e-11  1024.3914     7.3386    24.2894     8.0399    245.294    9.82119  299.63864     81.863 -9.990e-29
   40.44712  -73.71878     22.286     22.113     7.3396    31.0825 -9.990e-29     0.5789 2.5320e-11  1024.3921     7.3377    24.2897     8.0463    245.489    9.82112  299.63655     81.929 -9.990e-29
   40.44712  -73.71878     22.294     22.121     7.3389    31.0829 -9.990e-29     0.5789 2.5320e-11  1024.3928     7.3369    24.2901     8.0473    245.520    9.82105  299.63449     81.940 -9.990e-29
   40.44712  -73.71878     22.296     22.123     7.3388    31.0831 -9.990e-29     0.5923 2.5320e-11  1024.3927     7.3368    24.2903     8.0483    245.550    9.82098  299.63257     81.950 -9.990e-29
   40.44712  -73.71878     22.296     22.123     7.3383    31.0833 -9.990e-29     0.5789 2.5320e-11  1024.3932     7.3363    24.2906     8.0484    245.552    9.82096  299.63188     81.951 -9.990e-29
   40.44712  -73.71878     22.304     22.131     7.3381    31.0835 -9.990e-29     0.5789 2.5320e-11  1024.3933     7.3361    24.2907     8.0494    245.583    9.82096  299.63169     81.962 -9.990e-29
   40.44712  -73.71878     22.307     22.134     7.3383    31.0836 -9.990e-29     0.5923 2.5320e-11  1024.3932     7.3363    24.2907     8.0441    245.420    9.82087  299.62928     81.908 -9.990e-29
   40.44712  -73.71878     22.307     22.134     7.3388    31.0836 -9.990e-29     0.6057 2.5320e-11  1024.3933     7.3368    24.2907     8.0495    245.587    9.82087  299.62912     81.964 -9.990e-29
   40.44712  -73.71878     22.304     22.131     7.3389    31.0834 -9.990e-29     0.6057 2.5320e-11  1024.3931     7.3369    24.2906     8.0442    245.425    9.82085  299.62854     81.910 -9.990e-29
   40.44712  -73.71878     22.316     22.143     7.3391    31.0832 -9.990e-29     0.6192 2.5320e-11  1024.3928     7.3371    24.2903     8.0506    245.619    9.82074  299.62527     81.975 -9.990e-29
   40.44712  -73.71878     22.316     22.143     7.3393    31.0830 -9.990e-29     0.6057 2.5320e-11  1024.3927     7.3373    24.2902     8.0516    245.650    9.82070  299.62385     81.986 -9.990e-29
   40.44712  -73.71878     22.304     22.131     7.3393    31.0830 -9.990e-29     0.6057 2.5320e-11  1024.3927     7.3373    24.2902     8.0527    245.682    9.82067  299.62313     81.997 -9.990e-29
   40.44712  -73.71878     22.316     22.143     7.3389    31.0831 -9.990e-29     0.6057 2.5320e-11  1024.3929     7.3369    24.2903     8.0536    245.712    9.82057  299.62009     82.008 -9.990e-29
   40.44712  -73.71878     22.316     22.143     7.3389    31.0832 -9.990e-29     0.6057 2.5320e-11  1024.3930     7.3369    24.2904     8.0483    245.549    9.82050  299.61790     81.954 -9.990e-29
   40.44712  -73.71878     22.313     22.140     7.3393    31.0831 -9.990e-29     0.6057 2.5320e-11  1024.3928     7.3373    24.2903     8.0537    245.715    9.82038  299.61427     82.010 -9.990e-29
   40.44712  -73.71878     22.316     22.143     7.3394    31.0829 -9.990e-29     0.6057 2.5320e-11  1024.3927     7.3375    24.2901     8.0484    245.553    9.82031  299.61236     81.957 -9.990e-29
   40.44712  -73.71878     22.316     22.143     7.3401    31.0827 -9.990e-29     0.6057 2.5320e-11  1024.3923     7.3381    24.2899     8.0486    245.559    9.82034  299.61334     81.959 -9.990e-29
   40.44712  -73.71878     22.313     22.140     7.3406    31.0825 -9.990e-29     0.6057 2.5320e-11  1024.3921     7.3386    24.2897     8.0543    245.731    9.82039  299.61508     82.016 -9.990e-29
   40.44712  -73.71878     22.307     22.134     7.3407    31.0825 -9.990e-29     0.6057 2.5320e-11  1024.3921     7.3387    24.2896     8.0544    245.736    9.82040  299.61498     82.017 -9.990e-29
   40.44712  -73.71878     22.316     22.143     7.3407    31.0825 -9.990e-29     0.6057 2.5320e-11  1024.3921     7.3387    24.2896     8.0545    245.740    9.82042  299.61552     82.018 -9.990e-29
   40.44712  -73.71878     22.304     22.131     7.3409    31.0825 -9.990e-29     0.6057 2.5320e-11  1024.3921     7.3389    24.2896     8.0556    245.771    9.82043  299.61591     82.029 -9.990e-29
   40.44712  -73.71878     22.307     22.134     7.3411    31.0825 -9.990e-29     0.6057 2.5320e-11  1024.3922     7.3391    24.2896     8.0566    245.802    9.82039  299.61483     82.039 -9.990e-29
   40.44712  -73.71878     22.307     22.134     7.3411    31.0824 -9.990e-29     0.6057 5.0640e-11  1024.3920     7.3391    24.2895     8.0567    245.805    9.82042  299.61566     82.040 -9.990e-29
   40.44712  -73.71878     22.304     22.131     7.3412    31.0823 -9.990e-29     0.6192 2.5320e-11  1024.3919     7.3392    24.2894     8.0504    245.614    9.82046  299.61697     81.976 -9.990e-29
   40.44712  -73.71878     22.296     22.123     7.3415    31.0822 -9.990e-29     0.6057 2.5320e-11  1024.3916     7.3395    24.2893     8.0568    245.809    9.82047  299.61725     82.041 -9.990e-29
   40.44712  -73.71878     22.286     22.113     7.3414    31.0822 -9.990e-29     0.6057 2.5320e-11  1024.3918     7.3394    24.2893     8.0578    245.841    9.82050  299.61837     82.051 -9.990e-29
   40.44712  -73.71878     22.294     22.121     7.3415    31.0822 -9.990e-29     0.6057 2.5320e-11  1024.3916     7.3395    24.2893     8.0525    245.679    9.82052  299.61909     81.997 -9.990e-29
   40.44712  -73.71878     22.276     22.104     7.3419    31.0823 -9.990e-29     0.6057 2.5320e-11  1024.3916     7.3399    24.2893     8.0581    245.849    9.82062  299.62178     82.053 -9.990e-29
   40.44712  -73.71878     22.276     22.104     7.3419    31.0825 -9.990e-29     0.6057 2.5320e-11  1024.3919     7.3399    24.2895     8.0582    245.852    9.82069  299.62408     82.054 -9.990e-29
   40.44712  -73.71878     22.274     22.101     7.3419    31.0827 -9.990e-29     0.6192 2.5320e-11  1024.3921     7.3399    24.2897     8.0583    245.854    9.82075  299.62569     82.054 -9.990e-29
   40.44712  -73.71878     22.265     22.093     7.3420    31.0828 -9.990e-29     0.6192 2.5320e-11  1024.3920     7.3401    24.2897     8.0583    245.854    9.82078  299.62662     82.053 -9.990e-29
   40.44712  -73.71878     22.265     22.093     7.3422    31.0829 -9.990e-29     0.7132 2.5320e-11  1024.3921     7.3402    24.2897     8.0583    245.853    9.82084  299.62843     82.053 -9.990e-29
   40.44712  -73.71878     22.243     22.071     7.3423    31.0829 -9.990e-29     0.7400 2.5320e-11  1024.3919     7.3403    24.2897     8.0581    245.848    9.82081  299.62745     82.051 -9.990e-29
   40.44712  -73.71878     22.246     22.073     7.3423    31.0828 -9.990e-29     0.7400 2.5320e-11  1024.3919     7.3403    24.2896     8.0580    245.845    9.82082  299.62777     82.050 -9.990e-29
   40.44712  -73.71878     22.235     22.063     7.3427    31.0827 -9.990e-29     0.7400 2.5320e-11  1024.3915     7.3407    24.2895     8.0579    245.842    9.82091  299.63068     82.048 -9.990e-29
   40.44712  -73.71878     22.223     22.050     7.3423    31.0829 -9.990e-29     0.7400 2.5320e-11  1024.3919     7.3403    24.2897     8.0514    245.643    9.82093  299.63123     81.982 -9.990e-29
   40.44712  -73.71878     22.214     22.042     7.3425    31.0830 -9.990e-29     0.7400 2.5320e-11  1024.3919     7.3405    24.2898     8.0566    245.801    9.82092  299.63095     82.035 -9.990e-29
   40.44712  -73.71878     22.214     22.042     7.3428    31.0829 -9.990e-29     0.7400 2.5320e-11  1024.3918     7.3409    24.2897     8.0573    245.824    9.82101  299.63372     82.042 -9.990e-29
   40.44712  -73.71878     22.202     22.030     7.3433    31.0828 -9.990e-29     0.7400 2.5320e-11  1024.3914     7.3413    24.2895     8.0571    245.818    9.82107  299.63521     82.039 -9.990e-29
   40.44712  -73.71878     22.195     22.023     7.3435    31.0826 -9.990e-29     0.7400 2.5320e-11  1024.3912     7.3415    24.2893     8.0568    245.810    9.82111  299.63675     82.036 -9.990e-29
   40.44712  -73.71878     22.174     22.002     7.3438    31.0825 -9.990e-29     0.7400 2.5320e-11  1024.3911     7.3418    24.2892     8.0590    245.885    9.82413  299.73921     82.033 -9.990e-29
   40.44712  -73.71878     22.183     22.011     7.3441    31.0825 -9.990e-29     0.7400 2.5320e-11  1024.3909     7.3421    24.2891     8.0587    245.876    9.82422  299.74202     82.029 -9.990e-29
   40.44712  -73.71878     22.163     21.991     7.3445    31.0827 -9.990e-29     0.7400 2.5320e-11  1024.3911     7.3425    24.2893     8.0574    245.830    9.82196  299.66476     82.035 -9.990e-29
   40.44712  -73.71878     22.154     21.982     7.3446    31.0829 -9.990e-29     0.7400 2.5320e-11  1024.3913     7.3427    24.2895     8.0565    245.798    9.82130  299.64218     82.031 -9.990e-29
   40.44712  -73.71878     22.141     21.970     7.3451    31.0830 -9.990e-29     0.7400 2.5320e-11  1024.3913     7.3431    24.2895     8.0571    245.816    9.82139  299.64478     82.036 -9.990e-29
   40.44712  -73.71878     22.133     21.961     7.3453    31.0829 -9.990e-29     0.7400 2.5320e-11  1024.3911     7.3433    24.2894     8.0567    245.804    9.82143  299.64587     82.031 -9.990e-29
   40.44712  -73.71878     22.123     21.952     7.3453    31.0827 -9.990e-29     0.7400 2.5320e-11  1024.3908     7.3433    24.2892     8.0562    245.788    9.82141  299.64543     82.026 -9.990e-29
   40.44712  -73.71878     22.121     21.949     7.3458    31.0825 -9.990e-29     0.7400 2.5320e-11  1024.3906     7.3438    24.2889     8.0557    245.776    9.82151  299.64869     82.021 -9.990e-29
   40.44712  -73.71878     22.103     21.931     7.3461    31.0822 -9.990e-29     0.7400 2.5320e-11  1024.3904     7.3441    24.2887     8.0553    245.762    9.82162  299.65187     82.016 -9.990e-29
   40.44712  -73.71878     22.103     21.931     7.3466    31.0819 -9.990e-29     0.7400 2.5320e-11  1024.3898     7.3446    24.2883     8.0547    245.745    9.82169  299.65415     82.010 -9.990e-29
   40.44712  -73.71878     22.093     21.922     7.3469    31.0816 -9.990e-29     0.7400 2.5320e-11  1024.3896     7.3449    24.2881     8.0551    245.758    9.82178  299.65671     82.013 -9.990e-29
   40.44712  -73.71878     22.070     21.899     7.3472    31.0815 -9.990e-29     0.7400 2.5320e-11  1024.3893     7.3453    24.2879     8.0555    245.769    9.82184  299.65862     82.016 -9.990e-29
   40.44712  -73.71878     22.072     21.901     7.3474    31.0815 -9.990e-29     0.7400 2.5320e-11  1024.3892     7.3454    24.2879     8.0559    245.780    9.82191  299.66073     82.020 -9.990e-29
   40.44712  -73.71878     22.063     21.892     7.3472    31.0815 -9.990e-29     0.7400 2.5320e-11  1024.3896     7.3453    24.2879     8.0563    245.794    9.82204  299.66470     82.023 -9.990e-29
   40.44712  -73.71878     22.060     21.889     7.3479    31.0813 -9.990e-29     0.7400 2.5320e-11  1024.3889     7.3459    24.2877     8.0567    245.805    9.82209  299.66602     82.026 -9.990e-29
   40.44712  -73.71878     22.042     21.871     7.3479    31.0812 -9.990e-29     0.6192 2.5320e-11  1024.3889     7.3459    24.2877     8.0498    245.593    9.82211  299.66644     81.956 -9.990e-29
   40.44712  -73.71878     22.042     21.871     7.3479    31.0813 -9.990e-29     0.5520 2.5320e-11  1024.3891     7.3459    24.2877     8.0556    245.770    9.82218  299.66896     82.014 -9.990e-29
   40.44712  -73.71878     22.030     21.859     7.3484    31.0813 -9.990e-29     0.5386 2.5320e-11  1024.3888     7.3464    24.2877     8.0550    245.755    9.82233  299.67344     82.007 -9.990e-29
   40.44712  -73.71878     22.022     21.851     7.3485    31.0815 -9.990e-29     0.5386 2.5320e-11  1024.3889     7.3466    24.2878     8.0555    245.769    9.82252  299.67939     82.011 -9.990e-29
   40.44712  -73.71878     22.022     21.851     7.3485    31.0816 -9.990e-29     0.5520 2.5320e-11  1024.3892     7.3466    24.2879     8.0560    245.782    9.82273  299.68535     82.013 -9.990e-29
   40.44712  -73.71878     22.009     21.838     7.3490    31.0816 -9.990e-29     0.5520 2.5320e-11  1024.3890     7.3470    24.2878     8.0565    245.799    9.82299  299.69309     82.017 -9.990e-29
   40.44712  -73.71878     22.001     21.830     7.3493    31.0814 -9.990e-29     0.5520 2.5320e-11  1024.3889     7.3474    24.2876     8.0570    245.813    9.82322  299.69980     82.020 -9.990e-29
   40.44712  -73.71878     22.001     21.830     7.3501    31.0810 -9.990e-29     0.5520 2.5320e-11  1024.3881     7.3482    24.2872     8.0564    245.796    9.82335  299.70364     82.013 -9.990e-29
   40.44712  -73.71878     21.991     21.821     7.3505    31.0806 -9.990e-29     0.5520 2.5320e-11  1024.3879     7.3485    24.2869     8.0567    245.805    9.82338  299.70460     82.016 -9.990e-29
