CalculateIndicators/WaterTemperature/Data/CTD_NYOS/20240710_C16.cnv
* Sea-Bird SBE 9 Data File:
* FileName = C:\Seabird 9 CTD\Data\2024\202407_offshore\20240710_C16.hex
* Software Version Seasave V 7.23.2
* Temperature SN = 4590
* Conductivity SN = 3228
* Number of Bytes Per Scan = 44
* Number of Voltage Words = 5
* Number of Scans Averaged by the Deck Unit = 1
* NMEA Latitude = 39 59.92 N
* NMEA Longitude = 072 32.23 W
* NMEA UTC (Time) = Jul 10 2024  00:52:05
* NMEA baud rate = 4800
** Ship: seawolf
** Station: 9.4
** Operator: TDK
# nquan = 18
# nvalues = 14089                       
# units = specified
# name 0 = latitude: Latitude [deg]
# name 1 = longitude: Longitude [deg]
# name 2 = prDM: Pressure, Digiquartz [db]
# name 3 = depSM: Depth [salt water, m]
# name 4 = t090C: Temperature [ITS-90, deg C]
# name 5 = sal00: Salinity, Practical [PSU]
# name 6 = ph: pH
# name 7 = flECO-AFL: Fluorescence, WET Labs ECO-AFL/FL [mg/m^3]
# name 8 = cpar: CPAR/Corrected Irradiance [%]
# name 9 = density00: Density [density, kg/m^3]
# name 10 = potemp090C: Potential Temperature [ITS-90, deg C]
# name 11 = sigma-é00: Density [sigma-theta, kg/m^3]
# name 12 = sbeox0Mg/L: Oxygen, SBE 43 [mg/l]
# name 13 = sbox0Mm/Kg: Oxygen, SBE 43 [umol/kg]
# name 14 = oxsolMg/L: Oxygen Saturation, Garcia & Gordon [mg/l]
# name 15 = oxsolMm/Kg: Oxygen Saturation, Garcia & Gordon [umol/kg]
# name 16 = sbeox0PS: Oxygen, SBE 43 [% saturation]
# name 17 = flag:  0.000e+00
# span 0 =   39.99866,   40.00002       
# span 1 =  -72.53720,  -72.53518       
# span 2 =      1.661,     63.292       
# span 3 =      1.648,     62.797       
# span 4 =     6.6387,    23.8874       
# span 5 =    30.0600,    32.3745       
# span 6 =      7.900,      8.211       
# span 7 =    -0.0389,     2.8084       
# span 8 = 1.6880e-11, 3.5502e+01       
# span 9 =  1020.0281,  1025.6143       
# span 10 =     6.6354,    23.8869      
# span 11 =    20.0278,    25.3356      
# span 12 =     7.4061,    10.7293      
# span 13 =    226.874,    327.189      
# span 14 =    7.09281,    9.92335      
# span 15 =  217.29079,  302.51662      
# span 16 =     81.765,    115.428      
# span 17 = 0.0000e+00, 0.0000e+00      
# interval = seconds: 0.0416667
# start_time = Jul 10 2024 00:52:06 [System UTC, first data scan.]
# bad_flag = -9.990e-29
*END*
[from data line 7237]
   39.99938  -72.53622     36.280     35.999     6.6776    31.9704      8.009     0.0819 1.6880e-11  1025.2428     6.6745    25.0755     8.3963    255.969    9.90388  301.92899     84.778 -9.990e-29
   39.99938  -72.53622     36.278     35.996     6.6791    31.9702      8.003     0.0819 2.5320e-11  1025.2421     6.6760    25.0751     8.3963    255.968    9.90310  301.90600     84.784 -9.990e-29
   39.99938  -72.53622     36.261     35.980     6.6800    31.9697      8.009     0.0819 1.6880e-11  1025.2413     6.6769    25.0745     8.3965    255.977    9.90265  301.89263     84.791 -9.990e-29
   39.99938  -72.53622     36.261     35.980     6.6807    31.9692      8.009     0.0819 1.6880e-11  1025.2409     6.6776    25.0740     8.3969    255.988    9.90230  301.88244     84.797 -9.990e-29
   39.99938  -72.53622     36.250     35.969     6.6814    31.9688      8.003     0.0819 1.6880e-11  1025.2406     6.6783    25.0736     8.3911    255.811    9.90216  301.87820     84.740 0.0000e+00
   39.99938  -72.53622     36.247     35.966     6.6823    31.9687      8.009     0.0819 1.6880e-11  1025.2399     6.6792    25.0734     8.3906    255.796    9.90188  301.86982     84.737 0.0000e+00
   39.99938  -72.53622     36.229     35.949     6.6826    31.9686      8.009     0.0819 1.6880e-11  1025.2402     6.6795    25.0733     8.3892    255.756    9.90168  301.86394     84.725 0.0000e+00
   39.99938  -72.53622     36.220     35.939     6.6836    31.9686      8.009     0.0819 1.6880e-11  1025.2400     6.6805    25.0732     8.3953    255.941    9.90149  301.85836     84.788 0.0000e+00
   39.99938  -72.53622     36.210     35.929     6.6845    31.9686      8.003     0.0819 1.6880e-11  1025.2398     6.6814    25.0730     8.3960    255.961    9.90135  301.85446     84.796 0.0000e+00
   39.99938  -72.53622     36.199     35.918     6.6850    31.9683      8.003     0.0819 1.6880e-11  1025.2395     6.6819    25.0728     8.3901    255.781    9.90107  301.84558     84.739 0.0000e+00
   39.99938  -72.53622     36.185     35.905     6.6857    31.9678      8.003     0.0819 1.6880e-11  1025.2389     6.6826    25.0723     8.3897    255.770    9.90081  301.83739     84.738 0.0000e+00
   39.99938  -72.53622     36.180     35.899     6.6862    31.9677      8.009     0.0819 1.6880e-11  1025.2383     6.6831    25.0719     8.3946    255.921    9.90038  301.82471     84.791 0.0000e+00
   39.99938  -72.53622     36.169     35.888     6.6865    31.9677      8.003     0.0819 1.6880e-11  1025.2383     6.6834    25.0719     8.3941    255.904    9.89997  301.81281     84.789 0.0000e+00
   39.99938  -72.53622     36.148     35.868     6.6868    31.9677      8.009     0.0819 1.6880e-11  1025.2386     6.6837    25.0721     8.3947    255.923    9.89978  301.80770     84.797 0.0000e+00
   39.99938  -72.53622     36.138     35.858     6.6871    31.9681      8.003     0.0819 1.6880e-11  1025.2385     6.6840    25.0723     8.3953    255.942    9.89962  301.80298     84.804 0.0000e+00
   39.99938  -72.53622     36.125     35.845     6.6876    31.9684      8.003     0.0819 1.6880e-11  1025.2390     6.6845    25.0725     8.3897    255.770    9.89961  301.80278     84.748 0.0000e+00
   39.99938  -72.53622     36.108     35.828     6.6881    31.9685      8.009     0.0819 1.6880e-11  1025.2387     6.6850    25.0725     8.3896    255.770    9.89971  301.80644     84.746 0.0000e+00
   39.99938  -72.53622     36.097     35.817     6.6888    31.9686      8.003     0.0819 1.6880e-11  1025.2384     6.6857    25.0725     8.3962    255.971    9.89999  301.81530     84.811 0.0000e+00
   39.99938  -72.53622     36.078     35.798     6.6892    31.9686      8.003     0.0819 1.6880e-11  1025.2391     6.6861    25.0727     8.3974    256.006    9.90027  301.82355     84.820 0.0000e+00
   39.99938  -72.53622     36.057     35.778     6.6909    31.9686      8.003     0.0819 1.6880e-11  1025.2388     6.6879    25.0727     8.3984    256.037    9.90042  301.82775     84.829 0.0000e+00
   39.99938  -72.53622     36.034     35.754     6.6923    31.9686      8.009     0.0819 1.6880e-11  1025.2383     6.6893    25.0721     8.3984    256.036    9.90049  301.82981     84.828 0.0000e+00
   39.99938  -72.53622     36.016     35.737     6.6939    31.9675      8.009     0.0819 1.6880e-11  1025.2370     6.6908    25.0710     8.3919    255.837    9.90055  301.83166     84.762 0.0000e+00
   39.99938  -72.53622     35.996     35.717     6.6951    31.9657      8.003     0.0819 1.6880e-11  1025.2351     6.6920    25.0695     8.3907    255.800    9.90042  301.82689     84.751 0.0000e+00
   39.99938  -72.53622     35.985     35.706     6.6952    31.9638      8.008     0.0819 1.6880e-11  1025.2334     6.6921    25.0680     8.3957    255.954    9.90014  301.81774     84.804 0.0000e+00
   39.99938  -72.53622     35.955     35.676     6.6951    31.9634      8.009     0.0819 1.6880e-11  1025.2318     6.6920    25.0669     8.3952    255.939    9.89982  301.80805     84.802 0.0000e+00
   39.99938  -72.53622     35.934     35.656     6.6942    31.9634      8.003     0.0819 1.6880e-11  1025.2318     6.6912    25.0669     8.3957    255.954    9.89954  301.79959     84.809 0.0000e+00
   39.99938  -72.53622     35.911     35.633     6.6936    31.9634      8.003     0.0819 1.6880e-11  1025.2329     6.6906    25.0678     8.3962    255.969    9.89924  301.79070     84.817 0.0000e+00
   39.99938  -72.53622     35.874     35.596     6.6934    31.9649      8.003     0.0819 1.6880e-11  1025.2342     6.6904    25.0690     8.3967    255.984    9.89897  301.78243     84.824 0.0000e+00
   39.99938  -72.53622     35.853     35.575     6.6934    31.9664      8.003     0.0819 1.6880e-11  1025.2353     6.6904    25.0702     8.3908    255.805    9.89872  301.77508     84.767 0.0000e+00
   39.99938  -72.53622     35.832     35.555     6.6938    31.9677      8.003     0.0819 1.6880e-11  1025.2362     6.6907    25.0711     8.3905    255.794    9.89851  301.76920     84.765 0.0000e+00
   39.99938  -72.53622     35.792     35.515     6.6946    31.9677      8.003     0.0819 1.6880e-11  1025.2367     6.6915    25.0716     8.3956    255.953    9.89838  301.76551     84.818 0.0000e+00
   39.99938  -72.53622     35.772     35.494     6.6960    31.9677      8.003     0.0819 1.6880e-11  1025.2364     6.6930    25.0711     8.3889    255.746    9.89820  301.76004     84.752 0.0000e+00
   39.99938  -72.53622     35.748     35.471     6.6978    31.9666      8.003     0.0819 1.6880e-11  1025.2346     6.6948    25.0698     8.3941    255.905    9.89809  301.75680     84.805 0.0000e+00
   39.99938  -72.53622     35.711     35.434     6.6993    31.9644      8.003     0.0819 1.6880e-11  1025.2322     6.6962    25.0679     8.3937    255.893    9.89795  301.75239     84.802 0.0000e+00
   39.99938  -72.53622     35.679     35.403     6.6999    31.9644      8.008     0.0819 1.6880e-11  1025.2295     6.6969    25.0664     8.3933    255.880    9.89775  301.74648     84.800 0.0000e+00
   39.99938  -72.53622     35.649     35.373     6.6996    31.9644      8.003     0.0819 1.6880e-11  1025.2298     6.6965    25.0664     8.3927    255.862    9.89745  301.73766     84.796 0.0000e+00
   39.99938  -72.53622     35.619     35.343     6.6999    31.9644      8.003     0.0819 1.6880e-11  1025.2313     6.6969    25.0678     8.3931    255.875    9.89721  301.73046     84.803 0.0000e+00
   39.99938  -72.53622     35.588     35.313     6.7009    31.9670      8.003     0.0819 1.6880e-11  1025.2338     6.6978    25.0696     8.3946    255.920    9.89703  301.72526     84.819 0.0000e+00
   39.99938  -72.53622     35.547     35.271     6.7028    31.9689      8.008     0.0819 1.6880e-11  1025.2354     6.6998    25.0710     8.3940    255.903    9.89678  301.71744     84.815 0.0000e+00
   39.99938  -72.53622     35.514     35.239     6.7047    31.9698      8.008     0.0819 1.6880e-11  1025.2348     6.7017    25.0715     8.3935    255.887    9.89655  301.71066     84.812 0.0000e+00
   39.99938  -72.53622     35.477     35.202     6.7055    31.9704      8.003     0.0819 1.6880e-11  1025.2348     6.7025    25.0718     8.3938    255.898    9.89629  301.70267     84.818 0.0000e+00
   39.99938  -72.53622     35.446     35.172     6.7064    31.9717      8.003     0.0819 1.6880e-11  1025.2352     6.7033    25.0727     8.3941    255.906    9.89591  301.69136     84.824 0.0000e+00
   39.99938  -72.53622     35.405     35.131     6.7080    31.9736      8.008     0.0819 1.6880e-11  1025.2374     6.7050    25.0739     8.3944    255.916    9.89560  301.68178     84.830 0.0000e+00
   39.99938  -72.53622     35.375     35.101     6.7114    31.9749      8.003     0.0819 1.6880e-11  1025.2382     6.7083    25.0746     8.4012    256.123    9.89533  301.67391     84.900 0.0000e+00
   39.99938  -72.53622     35.333     35.059     6.7139    31.9750      8.003     0.0819 1.6880e-11  1025.2367     6.7109    25.0743     8.3960    255.965    9.89505  301.66557     84.851 0.0000e+00
   39.99938  -72.53622     35.303     35.029     6.7156    31.9756      8.003     0.0819 1.6880e-11  1025.2357     6.7125    25.0745     8.3954    255.947    9.89486  301.66003     84.846 0.0000e+00
   39.99938  -72.53622     35.263     34.990     6.7170    31.9779      8.003     0.0819 1.6880e-11  1025.2386     6.7140    25.0760     8.4012    256.125    9.89472  301.65607     84.906 0.0000e+00
   39.99938  -72.53622     35.222     34.949     6.7214    31.9788      8.003     0.0819 1.6880e-11  1025.2406     6.7184    25.0773     8.4016    256.135    9.89461  301.65284     84.911 0.0000e+00
   39.99938  -72.53622     35.201     34.928     6.7264    31.9788      8.003     0.0819 1.6880e-11  1025.2395     6.7234    25.0768     8.4018    256.142    9.89450  301.64931     84.914 0.0000e+00
   39.99938  -72.53622     35.158     34.886     6.7305    31.9788      8.003     0.0819 1.6880e-11  1025.2370     6.7274    25.0752     8.3964    255.978    9.89428  301.64291     84.861 0.0000e+00
   39.99938  -72.53622     35.120     34.847     6.7330    31.9770      8.003     0.0819 1.6880e-11  1025.2348     6.7300    25.0735     8.4031    256.181    9.89421  301.64073     84.929 0.0000e+00
   39.99938  -72.53622     35.080     34.808     6.7350    31.9758      8.003     0.0819 1.6880e-11  1025.2332     6.7320    25.0723     8.4042    256.216    9.89412  301.63810     84.941 0.0000e+00
   39.99938  -72.53622     35.059     34.787     6.7356    31.9752      8.003     0.0685 1.6880e-11  1025.2330     6.7326    25.0716     8.4052    256.247    9.89396  301.63293     84.953 0.0000e+00
   39.99938  -72.53622     34.998     34.727     6.7369    31.9748      8.003     0.0685 1.6880e-11  1025.2322     6.7339    25.0712     8.4052    256.246    9.89377  301.62712     84.955 0.0000e+00
   39.99938  -72.53622     34.978     34.707     6.7379    31.9741      8.003     0.0685 1.6880e-11  1025.2317     6.7349    25.0705     8.4051    256.244    9.89361  301.62257     84.955 0.0000e+00
   39.99938  -72.53622     34.936     34.666     6.7392    31.9736      8.003     0.0685 1.6880e-11  1025.2302     6.7362    25.0698     8.4051    256.242    9.89355  301.62049     84.955 0.0000e+00
   39.99938  -72.53622     34.896     34.626     6.7398    31.9736      8.003     0.0685 1.6880e-11  1025.2296     6.7369    25.0695     8.4123    256.462    9.89344  301.61741     85.029 0.0000e+00
   39.99938  -72.53622     34.864     34.594     6.7408    31.9733      8.003     0.0685 1.6880e-11  1025.2302     6.7378    25.0697     8.4074    256.315    9.89326  301.61200     84.982 0.0000e+00
   39.99938  -72.53622     34.825     34.555     6.7416    31.9732      8.003     0.0685 1.6880e-11  1025.2308     6.7386    25.0698     8.4071    256.305    9.89314  301.60808     84.980 0.0000e+00
   39.99938  -72.53622     34.783     34.514     6.7437    31.9732      8.003     0.0685 1.6880e-11  1025.2296     6.7407    25.0690     8.4066    256.290    9.89290  301.60070     84.977 0.0000e+00
   39.99938  -72.53622     34.753     34.484     6.7461    31.9714      8.003     0.0685 1.6880e-11  1025.2274     6.7432    25.0674     8.4134    256.497    9.89267  301.59384     85.047 0.0000e+00
   39.99938  -72.53622     34.713     34.444     6.7478    31.9693      8.003     0.0685 1.6880e-11  1025.2248     6.7448    25.0656     8.4148    256.538    9.89250  301.58869     85.062 0.0000e+00
   39.99938  -72.53622     34.683     34.414     6.7489    31.9679      8.003     0.0685 1.6880e-11  1025.2234     6.7459    25.0642     8.4159    256.573    9.89223  301.57995     85.076 0.0000e+00
 -9.990e-29  -72.53622     34.641     34.373     6.7489    31.9668 -9.990e-29     0.0685 1.6880e-11  1025.2233     6.7459    25.0633     8.4170    256.607    9.89197  301.57209     85.090 0.0000e+00
 -9.990e-29  -72.53622     34.611     34.343     6.7492    31.9654 -9.990e-29     0.0685 1.6880e-11  1025.2211     6.7462    25.0622     8.4171    256.607    9.89173  301.56458     85.092 0.0000e+00
 -9.990e-29  -72.53622     34.581     34.313     6.7484    31.9654 -9.990e-29     0.0685 1.6880e-11  1025.2199     6.7454    25.0616     8.4169    256.603    9.89141  301.55489     85.093 0.0000e+00
 -9.990e-29  -72.53622     34.549     34.281     6.7468    31.9654 -9.990e-29     0.0685 1.6880e-11  1025.2209     6.7438    25.0621     8.4177    256.628    9.89122  301.54924     85.103 0.0000e+00
 -9.990e-29  -72.53622     34.509     34.242     6.7457    31.9659 -9.990e-29     0.0685 1.6880e-11  1025.2222     6.7427    25.0630     8.4250    256.849    9.89109  301.54574     85.177 0.0000e+00
 -9.990e-29  -72.53622     34.488     34.221     6.7453    31.9664 -9.990e-29     0.0685 1.6880e-11  1025.2223     6.7424    25.0635     8.4201    256.702    9.89090  301.53987     85.130 0.0000e+00
 -9.990e-29  -72.53622     34.448     34.181     6.7452    31.9672 -9.990e-29     0.0685 1.6880e-11  1025.2218     6.7422    25.0641     8.4208    256.722    9.89083  301.53800     85.138 0.0000e+00
 -9.990e-29  -72.53622     34.428     34.161     6.7450    31.9690 -9.990e-29     0.0685 1.6880e-11  1025.2239     6.7420    25.0655     8.4268    256.904    9.89070  301.53410     85.199 0.0000e+00
 -9.990e-29  -72.53622     34.397     34.131     6.7453    31.9709 -9.990e-29     0.0685 1.6880e-11  1025.2261     6.7424    25.0670     8.4271    256.913    9.89054  301.52909     85.203 0.0000e+00
 -9.990e-29  -72.53622     34.367     34.101     6.7467    31.9714 -9.990e-29     0.0685 1.6880e-11  1025.2260     6.7437    25.0676     8.4282    256.948    9.89036  301.52368     85.216 0.0000e+00
 -9.990e-29  -72.53622     34.346     34.080     6.7479    31.9714 -9.990e-29     0.0685 1.6880e-11  1025.2256     6.7450    25.0674     8.4292    256.978    9.89016  301.51760     85.228 0.0000e+00
 -9.990e-29  -72.53622     34.316     34.050     6.7494    31.9714 -9.990e-29     0.0685 1.6880e-11  1025.2248     6.7464    25.0669     8.4301    257.005    9.88999  301.51266     85.239 0.0000e+00
 -9.990e-29  -72.53622     34.284     34.019     6.7507    31.9709 -9.990e-29     0.0685 1.6880e-11  1025.2243     6.7477    25.0664     8.4310    257.033    9.88999  301.51297     85.248 0.0000e+00
 -9.990e-29  -72.53622     34.265     34.000     6.7520    31.9700 -9.990e-29     0.0685 1.6880e-11  1025.2234     6.7490    25.0655     8.4318    257.058    9.88996  301.51224     85.256 0.0000e+00
 -9.990e-29  -72.53622     34.244     33.979     6.7534    31.9688 -9.990e-29     0.0819 1.6880e-11  1025.2216     6.7505    25.0643     8.4378    257.242    9.88988  301.50936     85.318 0.0000e+00
 -9.990e-29  -72.53620     34.214     33.949     6.7542    31.9679 -9.990e-29     0.0819 1.6880e-11  1025.2207     6.7513    25.0635     8.4383    257.254    9.88983  301.50790     85.323 0.0000e+00
