CalculateIndicators/WaterTemperature/Data/CTD_NYOS/20240911_C01.cnv
* Sea-Bird SBE 9 Data File:
* FileName = C:\Seabird 9 CTD\Data\2024\202409_offshore\20240911_C01.hex
* Software Version Seasave V 7.23.2
* Temperature SN = 4590
* Conductivity SN = 3228
* Number of Bytes Per Scan = 44
* Number of Voltage Words = 5
* Number of Scans Averaged by the Deck Unit = 1
* NMEA Latitude = 40 57.55 N
* NMEA Longitude = 073 34.84 W
* NMEA UTC (Time) = Sep 11 2024  16:12:57
* NMEA baud rate = 4800
** Ship: Seawolf
** Station: LIS_ARIG
** Operator: TDK
# nquan = 18
# nvalues = 9269                        
# units = specified
# name 0 = latitude: Latitude [deg]
# name 1 = longitude: Longitude [deg]
# name 2 = prDM: Pressure, Digiquartz [db]
# name 3 = depSM: Depth [salt water, m]
# name 4 = t090C: Temperature [ITS-90, deg C]
# name 5 = sal00: Salinity, Practical [PSU]
# name 6 = ph: pH
# name 7 = flECO-AFL: Fluorescence, WET Labs ECO-AFL/FL [mg/m^3]
# name 8 = cpar: CPAR/Corrected Irradiance [%]
# name 9 = density00: Density [density, kg/m^3]
# name 10 = potemp090C: Potential Temperature [ITS-90, deg C]
# name 11 = sigma-é00: Density [sigma-theta, kg/m^3]
# name 12 = sbeox0Mg/L: Oxygen, SBE 43 [mg/l]
# name 13 = sbox0Mm/Kg: Oxygen, SBE 43 [umol/kg]
# name 14 = oxsolMg/L: Oxygen Saturation, Garcia & Gordon [mg/l]
# name 15 = oxsolMm/Kg: Oxygen Saturation, Garcia & Gordon [umol/kg]
# name 16 = sbeox0PS: Oxygen, SBE 43 [% saturation]
# name 17 = flag:  0.000e+00
# span 0 =   40.95916,   40.95934       
# span 1 =  -73.58098,  -73.58068       
# span 2 =      1.856,     13.108       
# span 3 =      1.842,     13.006       
# span 4 =    21.9873,    22.4498       
# span 5 =    26.4195,    26.7224       
# span 6 =      7.757,      7.844       
# span 7 =     0.9415,     2.7950       
# span 8 = 2.5826e-02, 7.5430e+01       
# span 9 =  1017.6005,  1017.9737       
# span 10 =    21.9861,    22.4494      
# span 11 =    17.5914,    17.9170      
# span 12 =     5.5768,     6.6833      
# span 13 =    171.212,    205.245      
# span 14 =    7.43823,    7.49488      
# span 15 =  228.42405,  230.12089      
# span 16 =     74.627,     89.839      
# span 17 = 0.0000e+00, 0.0000e+00      
# interval = seconds: 0.0416667
# start_time = Sep 11 2024 16:13:00 [System UTC, first data scan.]
# bad_flag = -9.990e-29
*END*
[from data line 4423]
   40.95922  -73.58084      5.112      5.072    22.1275    26.5207 -9.990e-29     2.0966 5.0049e+00  1017.7771    22.1266    17.7551     6.3222    194.126    7.47749  229.59834     84.550 -9.990e-29
   40.95922  -73.58084      5.100      5.060    22.1275    26.5205 -9.990e-29     2.0966 5.0190e+00  1017.7771    22.1266    17.7550     6.3263    194.252    7.47744  229.59672     84.606 -9.990e-29
   40.95922  -73.58084      5.091      5.052    22.1275    26.5206 -9.990e-29     2.0966 5.0332e+00  1017.7771    22.1266    17.7551     6.3264    194.254    7.47745  229.59717     84.606 -9.990e-29
   40.95922  -73.58084      5.120      5.081    22.1273    26.5207 -9.990e-29     2.1100 5.0474e+00  1017.7775    22.1264    17.7552     6.3264    194.255    7.47746  229.59732     84.607 -9.990e-29
   40.95922  -73.58084      5.111      5.071    22.1277    26.5207 -9.990e-29     2.0966 5.0659e+00  1017.7772    22.1268    17.7552     6.3264    194.254    7.47741  229.59596     84.607 -9.990e-29
   40.95922  -73.58084      5.091      5.052    22.1275    26.5207 -9.990e-29     2.0966 5.0802e+00  1017.7773    22.1266    17.7551     6.3264    194.253    7.47740  229.59563     84.606 -9.990e-29
   40.95922  -73.58084      5.111      5.071    22.1279    26.5206 -9.990e-29     2.0966 5.0945e+00  1017.7771    22.1269    17.7550     6.3307    194.387    7.47744  229.59680     84.664 -9.990e-29
   40.95922  -73.58084      5.101      5.061    22.1281    26.5203 -9.990e-29     2.0966 5.1045e+00  1017.7768    22.1271    17.7547     6.3265    194.258    7.47740  229.59548     84.609 -9.990e-29
   40.95922  -73.58084      5.100      5.060    22.1283    26.5200 -9.990e-29     2.0966 5.1045e+00  1017.7766    22.1273    17.7544     6.3264    194.255    7.47741  229.59593     84.607 -9.990e-29
   40.95922  -73.58084      5.091      5.052    22.1284    26.5197 -9.990e-29     2.0966 5.1001e+00  1017.7761    22.1275    17.7542     6.3266    194.261    7.47741  229.59608     84.610 -9.990e-29
   40.95922  -73.58084      5.100      5.060    22.1286    26.5195 -9.990e-29     2.0966 5.1145e+00  1017.7761    22.1276    17.7540     6.3268    194.266    7.47739  229.59548     84.612 -9.990e-29
   40.95922  -73.58084      5.101      5.061    22.1286    26.5194 -9.990e-29     2.0966 5.1145e+00  1017.7760    22.1276    17.7539     6.3270    194.272    7.47740  229.59578     84.615 -9.990e-29
   40.95922  -73.58084      5.090      5.051    22.1286    26.5193 -9.990e-29     2.1369 5.1145e+00  1017.7758    22.1276    17.7537     6.3271    194.276    7.47738  229.59525     84.617 -9.990e-29
   40.95922  -73.58084      5.091      5.052    22.1286    26.5193 -9.990e-29     2.1637 5.1145e+00  1017.7758    22.1276    17.7537     6.3273    194.281    7.47740  229.59585     84.619 -9.990e-29
   40.95922  -73.58084      5.100      5.060    22.1286    26.5193 -9.990e-29     2.1772 5.1145e+00  1017.7758    22.1276    17.7538     6.3270    194.273    7.47738  229.59502     84.616 -9.990e-29
   40.95922  -73.58084      5.091      5.052    22.1286    26.5194 -9.990e-29     2.1772 5.1001e+00  1017.7760    22.1276    17.7539     6.3268    194.265    7.47735  229.59439     84.612 -9.990e-29
   40.95922  -73.58084      5.090      5.051    22.1286    26.5194 -9.990e-29     2.1637 5.1001e+00  1017.7759    22.1276    17.7539     6.3269    194.268    7.47738  229.59512     84.613 -9.990e-29
   40.95922  -73.58084      5.091      5.052    22.1284    26.5196 -9.990e-29     2.1637 5.1001e+00  1017.7761    22.1275    17.7541     6.3269    194.268    7.47733  229.59356     84.614 -9.990e-29
   40.95922  -73.58084      5.090      5.050    22.1283    26.5198 -9.990e-29     2.1772 5.0957e+00  1017.7765    22.1273    17.7542     6.3269    194.269    7.47731  229.59292     84.614 -9.990e-29
   40.95922  -73.58084      5.101      5.061    22.1285    26.5198 -9.990e-29     2.1772 5.0957e+00  1017.7763    22.1276    17.7542     6.3313    194.405    7.47729  229.59262     84.674 -9.990e-29
   40.95922  -73.58084      5.080      5.041    22.1286    26.5198 -9.990e-29     2.1772 5.0814e+00  1017.7762    22.1276    17.7542     6.3316    194.414    7.47726  229.59156     84.678 -9.990e-29
   40.95922  -73.58084      5.090      5.050    22.1286    26.5198 -9.990e-29     2.1637 5.0814e+00  1017.7762    22.1276    17.7542     6.3319    194.423    7.47724  229.59085     84.683 -9.990e-29
   40.95922  -73.58084      5.091      5.052    22.1284    26.5198 -9.990e-29     2.1637 5.0814e+00  1017.7763    22.1275    17.7541     6.3278    194.297    7.47723  229.59063     84.628 -9.990e-29
   40.95922  -73.58084      5.100      5.060    22.1286    26.5198 -9.990e-29     2.1772 5.0814e+00  1017.7762    22.1276    17.7541     6.3321    194.429    7.47719  229.58927     84.685 -9.990e-29
   40.95922  -73.58084      5.082      5.042    22.1286    26.5199 -9.990e-29     2.1637 5.0957e+00  1017.7764    22.1276    17.7542     6.3323    194.435    7.47715  229.58825     84.689 -9.990e-29
   40.95922  -73.58084      5.090      5.050    22.1286    26.5200 -9.990e-29     2.1637 5.0957e+00  1017.7765    22.1276    17.7543     6.3325    194.440    7.47709  229.58641     84.691 -9.990e-29
   40.95922  -73.58084      5.082      5.042    22.1290    26.5199 -9.990e-29     2.1772 5.0957e+00  1017.7762    22.1280    17.7542     6.3326    194.445    7.47707  229.58595     84.694 -9.990e-29
   40.95922  -73.58084      5.090      5.050    22.1288    26.5198 -9.990e-29     2.1772 5.1101e+00  1017.7762    22.1278    17.7541     6.3328    194.450    7.47707  229.58580     84.696 -9.990e-29
   40.95922  -73.58084      5.082      5.042    22.1288    26.5196 -9.990e-29     2.1637 5.1245e+00  1017.7760    22.1278    17.7539     6.3373    194.590    7.47711  229.58708     84.756 -9.990e-29
   40.95922  -73.58084      5.090      5.050    22.1291    26.5196 -9.990e-29     2.1637 5.1245e+00  1017.7759    22.1282    17.7539     6.3334    194.468    7.47708  229.58617     84.704 -9.990e-29
   40.95922  -73.58084      5.091      5.052    22.1291    26.5196 -9.990e-29     2.1637 5.1389e+00  1017.7759    22.1282    17.7539     6.3334    194.469    7.47708  229.58625     84.704 -9.990e-29
   40.95922  -73.58084      5.090      5.050    22.1291    26.5197 -9.990e-29     2.1772 5.1389e+00  1017.7760    22.1282    17.7540     6.3334    194.471    7.47709  229.58640     84.705 -9.990e-29
   40.95922  -73.58084      5.082      5.042    22.1290    26.5197 -9.990e-29     2.1772 5.1534e+00  1017.7761    22.1280    17.7540     6.3378    194.605    7.47708  229.58618     84.763 -9.990e-29
   40.95922  -73.58084      5.090      5.050    22.1288    26.5197 -9.990e-29     2.1637 5.1534e+00  1017.7763    22.1278    17.7540     6.3378    194.603    7.47707  229.58580     84.763 -9.990e-29
   40.95922  -73.58084      5.082      5.042    22.1290    26.5195 -9.990e-29     2.1637 5.1825e+00  1017.7758    22.1280    17.7539     6.3376    194.599    7.47706  229.58569     84.761 -9.990e-29
   40.95922  -73.58084      5.090      5.050    22.1290    26.5195 -9.990e-29     2.1772 5.1679e+00  1017.7760    22.1280    17.7538     6.3335    194.471    7.47711  229.58715     84.705 -9.990e-29
   40.95922  -73.58084      5.082      5.042    22.1290    26.5195 -9.990e-29     2.1503 5.1825e+00  1017.7759    22.1280    17.7538     6.3377    194.601    7.47712  229.58753     84.761 -9.990e-29
   40.95922  -73.58084      5.080      5.041    22.1286    26.5193 -9.990e-29     2.1234 5.1780e+00  1017.7759    22.1276    17.7537     6.3378    194.605    7.47714  229.58798     84.763 -9.990e-29
   40.95922  -73.58084      5.082      5.042    22.1288    26.5190 -9.990e-29     2.1234 5.1971e+00  1017.7756    22.1278    17.7536     6.3379    194.607    7.47715  229.58843     84.763 -9.990e-29
   40.95922  -73.58084      5.100      5.060    22.1286    26.5188 -9.990e-29     2.1234 5.1971e+00  1017.7755    22.1276    17.7534     6.3379    194.608    7.47715  229.58836     84.764 -9.990e-29
   40.95922  -73.58084      5.080      5.041    22.1284    26.5188 -9.990e-29     2.1234 5.1971e+00  1017.7753    22.1275    17.7534     6.3380    194.609    7.47720  229.58991     84.764 -9.990e-29
   40.95922  -73.58084      5.091      5.052    22.1281    26.5191 -9.990e-29     2.1234 5.1971e+00  1017.7758    22.1271    17.7538     6.3423    194.741    7.47717  229.58899     84.822 -9.990e-29
   40.95922  -73.58084      5.090      5.050    22.1278    26.5197 -9.990e-29     2.1234 5.1971e+00  1017.7766    22.1268    17.7543     6.3385    194.626    7.47723  229.59076     84.771 -9.990e-29
   40.95922  -73.58084      5.091      5.052    22.1275    26.5201 -9.990e-29     2.1234 5.1768e+00  1017.7769    22.1266    17.7546     6.3427    194.756    7.47721  229.59028     84.828 -9.990e-29
   40.95922  -73.58084      5.090      5.050    22.1275    26.5202 -9.990e-29     2.1234 5.1812e+00  1017.7767    22.1266    17.7547     6.3385    194.625    7.47721  229.59018     84.771 -9.990e-29
   40.95922  -73.58084      5.091      5.052    22.1273    26.5203 -9.990e-29     2.1369 5.1667e+00  1017.7770    22.1264    17.7549     6.3386    194.629    7.47725  229.59129     84.772 -9.990e-29
   40.95922  -73.58084      5.090      5.050    22.1275    26.5205 -9.990e-29     2.1234 5.1333e+00  1017.7772    22.1266    17.7551     6.3431    194.767    7.47725  229.59137     84.832 -9.990e-29
   40.95922  -73.58084      5.091      5.052    22.1275    26.5207 -9.990e-29     2.1234 5.1145e+00  1017.7771    22.1266    17.7551     6.3391    194.644    7.47725  229.59137     84.778 -9.990e-29
   40.95922  -73.58084      5.080      5.041    22.1275    26.5207 -9.990e-29     2.1234 5.1145e+00  1017.7773    22.1266    17.7551     6.3435    194.780    7.47726  229.59174     84.837 -9.990e-29
   40.95922  -73.58084      5.101      5.061    22.1281    26.5206 -9.990e-29     2.1234 5.0957e+00  1017.7770    22.1271    17.7550     6.3435    194.778    7.47726  229.59182     84.837 -9.990e-29
   40.95922  -73.58084      5.090      5.050    22.1279    26.5206 -9.990e-29     2.1234 5.0715e+00  1017.7772    22.1269    17.7550     6.3393    194.651    7.47726  229.59182     84.782 -9.990e-29
   40.95922  -73.58084      5.091      5.052    22.1279    26.5206 -9.990e-29     2.1234 5.0715e+00  1017.7771    22.1269    17.7549     6.3392    194.647    7.47724  229.59122     84.780 -9.990e-29
   40.95922  -73.58084      5.100      5.060    22.1283    26.5205 -9.990e-29     2.1234 5.0572e+00  1017.7769    22.1273    17.7548     6.3391    194.644    7.47728  229.59227     84.778 -9.990e-29
   40.95922  -73.58084      5.091      5.052    22.1284    26.5204 -9.990e-29     2.1234 5.0430e+00  1017.7767    22.1275    17.7547     6.3433    194.773    7.47726  229.59182     84.834 -9.990e-29
   40.95922  -73.58084      5.099      5.060    22.1281    26.5204 -9.990e-29     2.1234 5.0387e+00  1017.7769    22.1271    17.7547     6.3434    194.777    7.47727  229.59213     84.836 -9.990e-29
   40.95922  -73.58084      5.091      5.052    22.1284    26.5203 -9.990e-29     2.1234 5.0387e+00  1017.7768    22.1275    17.7546     6.3439    194.791    7.47728  229.59235     84.842 -9.990e-29
   40.95922  -73.58084      5.099      5.060    22.1284    26.5202 -9.990e-29     2.1234 5.0245e+00  1017.7766    22.1274    17.7545     6.3440    194.793    7.47730  229.59291     84.843 -9.990e-29
   40.95922  -73.58084      5.099      5.060    22.1284    26.5200 -9.990e-29     2.1234 5.0245e+00  1017.7765    22.1274    17.7544     6.3439    194.792    7.47725  229.59152     84.843 -9.990e-29
   40.95922  -73.58084      5.101      5.061    22.1286    26.5199 -9.990e-29     2.1234 5.0245e+00  1017.7764    22.1276    17.7542     6.3439    194.793    7.47731  229.59313     84.843 -9.990e-29
   40.95922  -73.58084      5.099      5.060    22.1286    26.5197 -9.990e-29     2.1234 5.0387e+00  1017.7762    22.1276    17.7541     6.3482    194.925    7.47729  229.59257     84.900 -9.990e-29
   40.95922  -73.58084      5.112      5.072    22.1288    26.5196 -9.990e-29     2.1369 5.0387e+00  1017.7761    22.1278    17.7540     6.3441    194.797    7.47730  229.59291     84.845 -9.990e-29
   40.95922  -73.58084      5.099      5.060    22.1286    26.5196 -9.990e-29     2.1503 5.0387e+00  1017.7762    22.1276    17.7540     6.3439    194.790    7.47724  229.59096     84.842 -9.990e-29
   40.95922  -73.58084      5.101      5.061    22.1288    26.5197 -9.990e-29     2.1637 5.0572e+00  1017.7762    22.1278    17.7540     6.3480    194.918    7.47722  229.59040     84.898 -9.990e-29
   40.95922  -73.58084      5.110      5.071    22.1290    26.5197 -9.990e-29     2.1772 5.0616e+00  1017.7762    22.1280    17.7541     6.3481    194.919    7.47717  229.58874     84.899 -9.990e-29
   40.95922  -73.58084      5.112      5.072    22.1287    26.5197 -9.990e-29     2.1772 5.0616e+00  1017.7763    22.1278    17.7541     6.3524    195.053    7.47714  229.58768     84.958 -9.990e-29
   40.95922  -73.58084      5.110      5.071    22.1291    26.5197 -9.990e-29     2.1637 5.0572e+00  1017.7761    22.1282    17.7540     6.3483    194.926    7.47711  229.58689     84.903 -9.990e-29
   40.95922  -73.58084      5.101      5.061    22.1293    26.5196 -9.990e-29     2.1637 5.0572e+00  1017.7761    22.1283    17.7539     6.3482    194.923    7.47710  229.58677     84.901 -9.990e-29
   40.95922  -73.58084      5.120      5.080    22.1295    26.5196 -9.990e-29     2.1772 5.0572e+00  1017.7758    22.1285    17.7537     6.3480    194.918    7.47713  229.58782     84.899 -9.990e-29
   40.95922  -73.58084      5.101      5.061    22.1297    26.5196 -9.990e-29     2.1637 5.0659e+00  1017.7759    22.1287    17.7537     6.3482    194.923    7.47715  229.58865     84.901 -9.990e-29
   40.95922  -73.58084      5.120      5.080    22.1298    26.5197 -9.990e-29     2.1637 5.0703e+00  1017.7759    22.1289    17.7537     6.3483    194.927    7.47719  229.58971     84.902 -9.990e-29
   40.95922  -73.58084      5.112      5.072    22.1298    26.5198 -9.990e-29     2.1772 5.0791e+00  1017.7760    22.1289    17.7538     6.3483    194.928    7.47720  229.59004     84.903 -9.990e-29
   40.95922  -73.58084      5.120      5.080    22.1300    26.5199 -9.990e-29     2.1637 5.0648e+00  1017.7763    22.1290    17.7539     6.3480    194.918    7.47725  229.59153     84.898 -9.990e-29
   40.95922  -73.58084      5.112      5.072    22.1304    26.5199 -9.990e-29     2.1637 5.0604e+00  1017.7760    22.1294    17.7538     6.3524    195.052    7.47728  229.59234     84.956 -9.990e-29
   40.95922  -73.58084      5.110      5.071    22.1309    26.5197 -9.990e-29     2.1637 5.0517e+00  1017.7756    22.1299    17.7535     6.3526    195.059    7.47727  229.59219     84.959 -9.990e-29
   40.95922  -73.58084      5.110      5.071    22.1311    26.5195 -9.990e-29     2.1772 5.0332e+00  1017.7754    22.1301    17.7533     6.3484    194.931    7.47730  229.59310     84.903 -9.990e-29
   40.95922  -73.58084      5.121      5.082    22.1313    26.5193 -9.990e-29     2.1637 5.0147e+00  1017.7751    22.1303    17.7531     6.3482    194.924    7.47732  229.59366     84.900 -9.990e-29
   40.95922  -73.58084      5.110      5.071    22.1309    26.5191 -9.990e-29     2.1637 5.0147e+00  1017.7753    22.1299    17.7529     6.3480    194.917    7.47734  229.59405     84.896 -9.990e-29
   40.95922  -73.58084      5.121      5.082    22.1313    26.5191 -9.990e-29     2.1637 5.0006e+00  1017.7749    22.1303    17.7529     6.3524    195.052    7.47730  229.59306     84.956 -9.990e-29
   40.95922  -73.58084      5.110      5.071    22.1311    26.5192 -9.990e-29     2.1637 4.9823e+00  1017.7753    22.1301    17.7530     6.3524    195.053    7.47730  229.59303     84.956 -9.990e-29
