CalculateIndicators/WaterTemperature/Data/CTD_NYOS/20240915_C32.cnv
* Sea-Bird SBE 9 Data File:
* FileName = C:\Seabird 9 CTD\Data\2024\202409_offshore\20240915_C32.hex
* Software Version Seasave V 7.23.2
* Temperature SN = 4590
* Conductivity SN = 3228
* Number of Bytes Per Scan = 44
* Number of Voltage Words = 5
* Number of Scans Averaged by the Deck Unit = 1
* NMEA Latitude = 40 07.11 N
* NMEA Longitude = 071 40.36 W
* NMEA UTC (Time) = Sep 15 2024  02:00:20
* NMEA baud rate = 4800
** Ship: Seawolf
** Station: 11.5
** Operator: TCM
# nquan = 18
# nvalues = 15146                       
# units = specified
# name 0 = latitude: Latitude [deg]
# name 1 = longitude: Longitude [deg]
# name 2 = prDM: Pressure, Digiquartz [db]
# name 3 = depSM: Depth [salt water, m]
# name 4 = t090C: Temperature [ITS-90, deg C]
# name 5 = sal00: Salinity, Practical [PSU]
# name 6 = ph: pH
# name 7 = flECO-AFL: Fluorescence, WET Labs ECO-AFL/FL [mg/m^3]
# name 8 = cpar: CPAR/Corrected Irradiance [%]
# name 9 = density00: Density [density, kg/m^3]
# name 10 = potemp090C: Potential Temperature [ITS-90, deg C]
# name 11 = sigma-é00: Density [sigma-theta, kg/m^3]
# name 12 = sbeox0Mg/L: Oxygen, SBE 43 [mg/l]
# name 13 = sbox0Mm/Kg: Oxygen, SBE 43 [umol/kg]
# name 14 = oxsolMg/L: Oxygen Saturation, Garcia & Gordon [mg/l]
# name 15 = oxsolMm/Kg: Oxygen Saturation, Garcia & Gordon [umol/kg]
# name 16 = sbeox0PS: Oxygen, SBE 43 [% saturation]
# name 17 = flag:  0.000e+00
# span 0 =   40.11850,   40.11860       
# span 1 =  -71.67420,  -71.67276       
# span 2 =      1.891,     79.604       
# span 3 =      1.877,     78.978       
# span 4 =    10.8651,    23.4683       
# span 5 =    32.2441,    34.4461       
# span 6 =      7.944,      8.232       
# span 7 =    -0.0658,     2.2040       
# span 8 = 1.6880e-11, 9.9999e+04       
# span 9 =  1023.2723,  1026.4529       
# span 10 =    10.8600,    23.4658      
# span 11 =    23.2526,    26.0981      
# span 12 =     6.2284,     8.4348      
# span 13 =    189.696,    257.343      
# span 14 =    6.97435,    9.00192      
# span 15 =  212.97341,  274.49983      
# span 16 =     72.193,    102.082      
# span 17 = 0.0000e+00, 0.0000e+00      
# interval = seconds: 0.0416667
# start_time = Sep 15 2024 02:00:21 [System UTC, first data scan.]
# bad_flag = -9.990e-29
*END*
[from data line 13990]
   40.11860  -71.67408      2.327      2.309    22.8880    34.0858 -9.990e-29    -0.0121 1.3632e+01  1023.2827    22.8876    23.2726     6.7899    207.362    7.05996  215.60893     96.175 -9.990e-29
   40.11860  -71.67408      2.317      2.299    22.8880    34.0859 -9.990e-29    -0.0121 1.3134e+01  1023.2825    22.8876    23.2727     6.7896    207.353    7.05995  215.60862     96.171 -9.990e-29
   40.11860  -71.67408      2.306      2.289    22.8878    34.0860 -9.990e-29    -0.0121 1.3675e+01  1023.2827    22.8874    23.2728     6.7893    207.342    7.05995  215.60885     96.166 -9.990e-29
   40.11860  -71.67408      2.287      2.269    22.8878    34.0860 -9.990e-29    -0.0121 1.4863e+01  1023.2827    22.8874    23.2728     6.7889    207.330    7.05995  215.60862     96.160 -9.990e-29
   40.11860  -71.67408      2.287      2.269    22.8878    34.0860 -9.990e-29    -0.0121 1.5279e+01  1023.2826    22.8874    23.2728     6.7843    207.191    7.05997  215.60925     96.096 -9.990e-29
   40.11860  -71.67408      2.287      2.269    22.8878    34.0861 -9.990e-29    -0.0121 1.5139e+01  1023.2827    22.8874    23.2729     6.7877    207.294    7.05997  215.60941     96.143 -9.990e-29
   40.11860  -71.67408      2.276      2.259    22.8875    34.0861 -9.990e-29    -0.0121 1.4636e+01  1023.2828    22.8870    23.2730     6.7875    207.288    7.05994  215.60830     96.141 -9.990e-29
   40.11860  -71.67408      2.276      2.259    22.8875    34.0861 -9.990e-29    -0.0121 1.4457e+01  1023.2828    22.8870    23.2730     6.7870    207.272    7.05994  215.60838     96.134 -9.990e-29
   40.11860  -71.67408      2.257      2.239    22.8877    34.0862 -9.990e-29    -0.0121 1.4817e+01  1023.2825    22.8872    23.2730     6.7867    207.265    7.05994  215.60846     96.130 -9.990e-29
   40.11860  -71.67408      2.266      2.249    22.8875    34.0862 -9.990e-29    -0.0121 1.7315e+01  1023.2829    22.8870    23.2730     6.7865    207.257    7.05995  215.60885     96.126 -9.990e-29
   40.11860  -71.67408      2.266      2.249    22.8875    34.0860 -9.990e-29    -0.0121 1.8677e+01  1023.2827    22.8870    23.2729     6.7903    207.375    7.05996  215.60893     96.181 -9.990e-29
   40.11860  -71.67408      2.257      2.239    22.8878    34.0859 -9.990e-29    -0.0121 1.8904e+01  1023.2822    22.8874    23.2728     6.7862    207.248    7.05997  215.60932     96.122 -9.990e-29
   40.11860  -71.67408      2.257      2.239    22.8875    34.0860 -9.990e-29    -0.0121 2.1771e+01  1023.2828    22.8870    23.2729     6.7858    207.237    7.05995  215.60898     96.117 -9.990e-29
   40.11860  -71.67408      2.257      2.239    22.8877    34.0860 -9.990e-29    -0.0121 2.3597e+01  1023.2826    22.8872    23.2729     6.7896    207.352    7.05999  215.60987     96.170 -9.990e-29
   40.11860  -71.67408      2.266      2.249    22.8877    34.0859 -9.990e-29    -0.0121 2.3809e+01  1023.2823    22.8872    23.2728     6.7854    207.223    7.05998  215.60971     96.110 -9.990e-29
   40.11860  -71.67408      2.257      2.239    22.8877    34.0861 -9.990e-29    -0.0121 2.5341e+01  1023.2826    22.8872    23.2729     6.7894    207.346    7.06001  215.61069     96.167 -9.990e-29
   40.11860  -71.67408      2.257      2.239    22.8878    34.0862 -9.990e-29    -0.0255 2.6571e+01  1023.2826    22.8874    23.2730     6.7855    207.226    7.06004  215.61179     96.111 -9.990e-29
   40.11860  -71.67408      2.266      2.249    22.8876    34.0862 -9.990e-29    -0.0121 2.6808e+01  1023.2828    22.8872    23.2730     6.7853    207.222    7.06007  215.61260     96.109 -9.990e-29
   40.11860  -71.67408      2.257      2.239    22.8880    34.0861 -9.990e-29    -0.0121 2.2701e+01  1023.2824    22.8876    23.2729     6.7893    207.344    7.06010  215.61349     96.164 -9.990e-29
   40.11860  -71.67408      2.276      2.259    22.8880    34.0861 -9.990e-29    -0.0121 1.9249e+01  1023.2826    22.8876    23.2728     6.7894    207.348    7.06011  215.61375     96.166 -9.990e-29
   40.11860  -71.67408      2.266      2.249    22.8878    34.0860 -9.990e-29    -0.0121 1.8621e+01  1023.2827    22.8874    23.2728     6.7857    207.235    7.06014  215.61472     96.113 -9.990e-29
   40.11858  -71.67408      2.276      2.259    22.8880    34.0860 -9.990e-29    -0.0121 1.7795e+01  1023.2823    22.8876    23.2728     6.7856    207.229    7.06018  215.61577     96.110 -9.990e-29
   40.11858  -71.67408      2.266      2.249    22.8880    34.0860 -9.990e-29    -0.0121 1.6644e+01  1023.2824    22.8876    23.2728     6.7857    207.232    7.06019  215.61617     96.112 -9.990e-29
   40.11858  -71.67408      2.287      2.269    22.8877    34.0862 -9.990e-29    -0.0121 1.6342e+01  1023.2829    22.8872    23.2730     6.7858    207.237    7.06025  215.61804     96.113 -9.990e-29
   40.11858  -71.67408      2.276      2.259    22.8878    34.0863 -9.990e-29    -0.0121 1.6144e+01  1023.2828    22.8874    23.2731     6.7856    207.229    7.06025  215.61780     96.110 -9.990e-29
   40.11858  -71.67408      2.287      2.269    22.8878    34.0863 -9.990e-29    -0.0121 1.5706e+01  1023.2828    22.8874    23.2730     6.7854    207.223    7.06027  215.61853     96.106 -9.990e-29
   40.11858  -71.67408      2.287      2.269    22.8878    34.0862 -9.990e-29    -0.0121 1.5610e+01  1023.2828    22.8874    23.2729     6.7851    207.215    7.06029  215.61920     96.103 -9.990e-29
   40.11858  -71.67408      2.306      2.289    22.8878    34.0860 -9.990e-29    -0.0121 1.7795e+01  1023.2826    22.8874    23.2729     6.7852    207.217    7.06031  215.61959     96.103 -9.990e-29
   40.11858  -71.67408      2.297      2.279    22.8878    34.0860 -9.990e-29    -0.0121 2.6493e+01  1023.2825    22.8874    23.2729     6.7808    207.082    7.06029  215.61912     96.041 -9.990e-29
   40.11858  -71.67408      2.298      2.280    22.8878    34.0862 -9.990e-29    -0.0121 3.0611e+01  1023.2829    22.8874    23.2730     6.7843    207.191    7.06029  215.61912     96.091 -9.990e-29
   40.11858  -71.67408      2.306      2.289    22.8878    34.0863 -9.990e-29    -0.0121 2.7775e+01  1023.2829    22.8874    23.2730     6.7840    207.182    7.06029  215.61912     96.087 -9.990e-29
   40.11858  -71.67408      2.317      2.299    22.8878    34.0864 -9.990e-29    -0.0121 1.6243e+01  1023.2830    22.8874    23.2731     6.7799    207.058    7.06030  215.61944     96.029 -9.990e-29
   40.11858  -71.67408      2.327      2.309    22.8880    34.0864 -9.990e-29    -0.0121 1.2731e+01  1023.2831    22.8876    23.2731     6.7794    207.039    7.06031  215.61968     96.021 -9.990e-29
   40.11858  -71.67408      2.327      2.309    22.8880    34.0863 -9.990e-29    -0.0255 1.3012e+01  1023.2831    22.8876    23.2730     6.7750    206.906    7.06035  215.62099     95.958 -9.990e-29
   40.11858  -71.67408      2.336      2.319    22.8880    34.0862 -9.990e-29    -0.0121 1.9483e+01  1023.2828    22.8876    23.2729     6.7741    206.878    7.06032  215.61992     95.946 -9.990e-29
   40.11858  -71.67408      2.338      2.320    22.8880    34.0862 -9.990e-29    -0.0121 2.4094e+01  1023.2830    22.8876    23.2729     6.7736    206.863    7.06035  215.62082     95.938 -9.990e-29
   40.11858  -71.67408      2.336      2.319    22.8882    34.0861 -9.990e-29    -0.0121 2.4455e+01  1023.2827    22.8877    23.2728     6.7730    206.846    7.06033  215.62040     95.931 -9.990e-29
   40.11858  -71.67408      2.357      2.339    22.8880    34.0859 -9.990e-29    -0.0121 1.9719e+01  1023.2829    22.8875    23.2727     6.7681    206.696    7.06038  215.62179     95.861 -9.990e-29
   40.11858  -71.67408      2.357      2.339    22.8880    34.0859 -9.990e-29    -0.0121 1.7106e+01  1023.2827    22.8875    23.2727     6.7673    206.672    7.06036  215.62137     95.850 -9.990e-29
   40.11858  -71.67408      2.347      2.329    22.8882    34.0859 -9.990e-29    -0.0121 1.6746e+01  1023.2828    22.8877    23.2727     6.7666    206.650    7.06036  215.62132     95.839 -9.990e-29
   40.11858  -71.67408      2.368      2.350    22.8878    34.0857 -9.990e-29    -0.0121 1.6543e+01  1023.2828    22.8874    23.2726     6.7614    206.493    7.06037  215.62171     95.766 -9.990e-29
   40.11858  -71.67408      2.368      2.350    22.8880    34.0854 -9.990e-29    -0.0121 1.6293e+01  1023.2824    22.8875    23.2724     6.7605    206.462    7.06036  215.62116     95.752 -9.990e-29
   40.11858  -71.67408      2.378      2.359    22.8878    34.0852 -9.990e-29    -0.0255 1.6243e+01  1023.2825    22.8874    23.2723     6.7595    206.434    7.06037  215.62163     95.739 -9.990e-29
   40.11858  -71.67408      2.368      2.350    22.8877    34.0851 -9.990e-29    -0.0121 1.6695e+01  1023.2823    22.8872    23.2722     6.7587    206.408    7.06037  215.62155     95.727 -9.990e-29
   40.11858  -71.67408      2.378      2.359    22.8877    34.0851 -9.990e-29    -0.0121 1.7263e+01  1023.2823    22.8872    23.2722     6.7575    206.373    7.06039  215.62229     95.711 -9.990e-29
   40.11858  -71.67408      2.378      2.359    22.8873    34.0853 -9.990e-29    -0.0121 1.7421e+01  1023.2826    22.8868    23.2724     6.7567    206.349    7.06037  215.62155     95.699 -9.990e-29
   40.11858  -71.67408      2.387      2.369    22.8873    34.0854 -9.990e-29    -0.0121 1.7849e+01  1023.2828    22.8868    23.2725     6.7560    206.327    7.06040  215.62237     95.689 -9.990e-29
   40.11858  -71.67408      2.389      2.370    22.8873    34.0854 -9.990e-29    -0.0121 1.8734e+01  1023.2827    22.8868    23.2725     6.7553    206.306    7.06037  215.62147     95.680 -9.990e-29
   40.11858  -71.67408      2.387      2.369    22.8871    34.0855 -9.990e-29    -0.0121 1.9019e+01  1023.2828    22.8866    23.2726     6.7547    206.286    7.06036  215.62108     95.671 -9.990e-29
   40.11858  -71.67408      2.398      2.380    22.8871    34.0856 -9.990e-29    -0.0121 1.9660e+01  1023.2830    22.8866    23.2727     6.7541    206.269    7.06036  215.62131     95.663 -9.990e-29
   40.11858  -71.67408      2.387      2.369    22.8871    34.0856 -9.990e-29    -0.0121 2.1512e+01  1023.2829    22.8866    23.2727     6.7536    206.253    7.06036  215.62107     95.655 -9.990e-29
   40.11858  -71.67408      2.398      2.380    22.8871    34.0856 -9.990e-29    -0.0121 2.2231e+01  1023.2830    22.8866    23.2728     6.7531    206.239    7.06038  215.62181     95.648 -9.990e-29
   40.11858  -71.67408      2.398      2.380    22.8870    34.0856 -9.990e-29    -0.0121 2.2701e+01  1023.2830    22.8865    23.2728     6.7527    206.226    7.06034  215.62087     95.643 -9.990e-29
   40.11858  -71.67408      2.398      2.380    22.8870    34.0857 -9.990e-29    -0.0121 2.5117e+01  1023.2830    22.8865    23.2728     6.7520    206.204    7.06036  215.62123     95.633 -9.990e-29
   40.11858  -71.67408      2.387      2.369    22.8871    34.0858 -9.990e-29    -0.0255 2.6181e+01  1023.2832    22.8866    23.2729     6.7517    206.195    7.06035  215.62113     95.628 -9.990e-29
   40.11858  -71.67408      2.398      2.380    22.8871    34.0858 -9.990e-29    -0.0255 2.6026e+01  1023.2832    22.8866    23.2729     6.7514    206.186    7.06036  215.62127     95.624 -9.990e-29
   40.11858  -71.67408      2.398      2.380    22.8871    34.0857 -9.990e-29    -0.0255 2.4820e+01  1023.2831    22.8866    23.2728     6.7512    206.180    7.06036  215.62131     95.621 -9.990e-29
   40.11858  -71.67408      2.378      2.359    22.8871    34.0856 -9.990e-29    -0.0255 2.4237e+01  1023.2828    22.8866    23.2727     6.7510    206.174    7.06035  215.62081     95.619 -9.990e-29
   40.11858  -71.67408      2.398      2.380    22.8871    34.0854 -9.990e-29    -0.0255 2.3951e+01  1023.2829    22.8866    23.2725     6.7509    206.170    7.06033  215.62026     95.617 -9.990e-29
   40.11858  -71.67408      2.378      2.359    22.8871    34.0852 -9.990e-29    -0.0255 1.8790e+01  1023.2826    22.8866    23.2724     6.7511    206.178    7.06032  215.61978     95.621 -9.990e-29
   40.11858  -71.67408      2.378      2.359    22.8873    34.0851 -9.990e-29    -0.0255 1.6095e+01  1023.2823    22.8868    23.2723     6.7511    206.177    7.06030  215.61945     95.621 -9.990e-29
   40.11858  -71.67408      2.368      2.350    22.8870    34.0851 -9.990e-29    -0.0255 1.5803e+01  1023.2826    22.8865    23.2723     6.7512    206.179    7.06030  215.61921     95.622 -9.990e-29
   40.11858  -71.67408      2.357      2.339    22.8871    34.0850 -9.990e-29    -0.0255 1.5754e+01  1023.2823    22.8866    23.2723     6.7516    206.192    7.06029  215.61905     95.628 -9.990e-29
   40.11858  -71.67408      2.368      2.350    22.8868    34.0848 -9.990e-29    -0.0255 1.5706e+01  1023.2826    22.8863    23.2722     6.7517    206.196    7.06027  215.61834     95.630 -9.990e-29
   40.11858  -71.67408      2.347      2.329    22.8868    34.0845 -9.990e-29    -0.0255 1.5658e+01  1023.2819    22.8863    23.2720     6.7481    206.086    7.06024  215.61744     95.579 -9.990e-29
   40.11858  -71.67408      2.358      2.340    22.8866    34.0843 -9.990e-29    -0.0255 1.0047e+01  1023.2819    22.8861    23.2719     6.7522    206.211    7.06022  215.61679     95.638 -9.990e-29
   40.11858  -71.67408      2.336      2.319    22.8862    34.0845 -9.990e-29    -0.0255 6.2832e+00  1023.2821    22.8858    23.2721     6.7484    206.096    7.06022  215.61686     95.584 -9.990e-29
   40.11858  -71.67408      2.347      2.329    22.8861    34.0847 -9.990e-29    -0.0255 5.6627e+00  1023.2825    22.8856    23.2723     6.7489    206.109    7.06022  215.61695     95.590 -9.990e-29
   40.11858  -71.67408      2.336      2.319    22.8859    34.0847 -9.990e-29    -0.0255 5.1657e+00  1023.2823    22.8854    23.2724     6.7535    206.249    7.06018  215.61558     95.656 -9.990e-29
   40.11858  -71.67408      2.336      2.319    22.8855    34.0847 -9.990e-29    -0.0255 4.4357e+00  1023.2826    22.8851    23.2724     6.7499    206.140    7.06017  215.61542     95.606 -9.990e-29
   40.11858  -71.67408      2.336      2.319    22.8855    34.0846 -9.990e-29    -0.0255 4.2584e+00  1023.2823    22.8851    23.2724     6.7502    206.149    7.06015  215.61482     95.610 -9.990e-29
   40.11858  -71.67408      2.338      2.320    22.8850    34.0846 -9.990e-29    -0.0255 5.2212e+00  1023.2826    22.8845    23.2725     6.7547    206.287    7.06018  215.61558     95.674 -9.990e-29
   40.11858  -71.67408      2.336      2.319    22.8850    34.0847 -9.990e-29    -0.0255 7.9254e+00  1023.2827    22.8845    23.2727     6.7514    206.184    7.06017  215.61541     95.626 -9.990e-29
   40.11858  -71.67408      2.336      2.319    22.8848    34.0847 -9.990e-29    -0.0255 9.0047e+00  1023.2827    22.8843    23.2727     6.7560    206.327    7.06021  215.61662     95.691 -9.990e-29
   40.11858  -71.67408      2.347      2.329    22.8846    34.0848 -9.990e-29    -0.0255 8.1105e+00  1023.2828    22.8841    23.2728     6.7569    206.355    7.06025  215.61807     95.704 -9.990e-29
   40.11858  -71.67408      2.347      2.329    22.8845    34.0848 -9.990e-29    -0.0255 5.8434e+00  1023.2830    22.8840    23.2728     6.7578    206.382    7.06025  215.61783     95.717 -9.990e-29
   40.11858  -71.67408      2.347      2.329    22.8846    34.0848 -9.990e-29    -0.0255 5.1473e+00  1023.2829    22.8841    23.2728     6.7588    206.411    7.06022  215.61696     95.730 -9.990e-29
   40.11858  -71.67408      2.358      2.340    22.8846    34.0848 -9.990e-29    -0.0255 5.3715e+00  1023.2829    22.8841    23.2728     6.7554    206.307    7.06024  215.61752     95.682 -9.990e-29
   40.11858  -71.67408      2.357      2.339    22.8846    34.0847 -9.990e-29    -0.0255 6.7497e+00  1023.2829    22.8841    23.2728     6.7603    206.456    7.06024  215.61776     95.751 -9.990e-29
   40.11858  -71.67408      2.368      2.350    22.8846    34.0846 -9.990e-29    -0.0255 7.4658e+00  1023.2828    22.8841    23.2727     6.7614    206.492    7.06029  215.61913     95.767 -9.990e-29
