CalculateIndicators/WaterTemperature/Data/CTD_NYOS/20240710_C16.cnv
* Sea-Bird SBE 9 Data File:
* FileName = C:\Seabird 9 CTD\Data\2024\202407_offshore\20240710_C16.hex
* Software Version Seasave V 7.23.2
* Temperature SN = 4590
* Conductivity SN = 3228
* Number of Bytes Per Scan = 44
* Number of Voltage Words = 5
* Number of Scans Averaged by the Deck Unit = 1
* NMEA Latitude = 39 59.92 N
* NMEA Longitude = 072 32.23 W
* NMEA UTC (Time) = Jul 10 2024  00:52:05
* NMEA baud rate = 4800
** Ship: seawolf
** Station: 9.4
** Operator: TDK
# nquan = 18
# nvalues = 14089                       
# units = specified
# name 0 = latitude: Latitude [deg]
# name 1 = longitude: Longitude [deg]
# name 2 = prDM: Pressure, Digiquartz [db]
# name 3 = depSM: Depth [salt water, m]
# name 4 = t090C: Temperature [ITS-90, deg C]
# name 5 = sal00: Salinity, Practical [PSU]
# name 6 = ph: pH
# name 7 = flECO-AFL: Fluorescence, WET Labs ECO-AFL/FL [mg/m^3]
# name 8 = cpar: CPAR/Corrected Irradiance [%]
# name 9 = density00: Density [density, kg/m^3]
# name 10 = potemp090C: Potential Temperature [ITS-90, deg C]
# name 11 = sigma-é00: Density [sigma-theta, kg/m^3]
# name 12 = sbeox0Mg/L: Oxygen, SBE 43 [mg/l]
# name 13 = sbox0Mm/Kg: Oxygen, SBE 43 [umol/kg]
# name 14 = oxsolMg/L: Oxygen Saturation, Garcia & Gordon [mg/l]
# name 15 = oxsolMm/Kg: Oxygen Saturation, Garcia & Gordon [umol/kg]
# name 16 = sbeox0PS: Oxygen, SBE 43 [% saturation]
# name 17 = flag:  0.000e+00
# span 0 =   39.99866,   40.00002       
# span 1 =  -72.53720,  -72.53518       
# span 2 =      1.661,     63.292       
# span 3 =      1.648,     62.797       
# span 4 =     6.6387,    23.8874       
# span 5 =    30.0600,    32.3745       
# span 6 =      7.900,      8.211       
# span 7 =    -0.0389,     2.8084       
# span 8 = 1.6880e-11, 3.5502e+01       
# span 9 =  1020.0281,  1025.6143       
# span 10 =     6.6354,    23.8869      
# span 11 =    20.0278,    25.3356      
# span 12 =     7.4061,    10.7293      
# span 13 =    226.874,    327.189      
# span 14 =    7.09281,    9.92335      
# span 15 =  217.29079,  302.51662      
# span 16 =     81.765,    115.428      
# span 17 = 0.0000e+00, 0.0000e+00      
# interval = seconds: 0.0416667
# start_time = Jul 10 2024 00:52:06 [System UTC, first data scan.]
# bad_flag = -9.990e-29
*END*
[from data line 5387]
   39.99924  -72.53640     50.535     50.141     6.9091    32.2110      8.029     0.0282 1.6880e-11  1025.4675     6.9046    25.2351     8.5477    260.558    9.86774  300.79676     86.623 0.0000e+00
   39.99924  -72.53640     50.500     50.107     6.9120    32.2110      8.029     0.0282 1.6880e-11  1025.4656     6.9075    25.2346     8.5463    260.516    9.86779  300.79748     86.608 0.0000e+00
   39.99924  -72.53640     50.438     50.046     6.9149    32.2110      8.029     0.0282 1.6880e-11  1025.4671     6.9105    25.2347     8.5446    260.463    9.86790  300.80075     86.590 0.0000e+00
   39.99924  -72.53640     50.419     50.026     6.9182    32.2107      8.029     0.0282 1.6880e-11  1025.4675     6.9138    25.2335     8.5488    260.591    9.86794  300.80151     86.632 0.0000e+00
   39.99924  -72.53640     50.387     49.995     6.9212    32.2052      8.029     0.0282 1.6880e-11  1025.4623     6.9168    25.2290     8.5468    260.528    9.86771  300.79411     86.614 0.0000e+00
   39.99924  -72.53640     50.347     49.955     6.9214    32.1955      8.029     0.0282 1.6880e-11  1025.4533     6.9170    25.2213     8.5451    260.479    9.86738  300.78395     86.600 0.0000e+00
   39.99924  -72.53640     50.306     49.914     6.9196    32.1847      8.029     0.0282 1.6880e-11  1025.4421     6.9152    25.2130     8.5432    260.419    9.86714  300.77630     86.582 0.0000e+00
   39.99924  -72.53640     50.266     49.874     6.9165    32.1777      8.029     0.0148 1.6880e-11  1025.4358     6.9121    25.2076     8.5469    260.533    9.86663  300.76065     86.625 0.0000e+00
   39.99924  -72.53640     50.238     49.847     6.9130    32.1777      8.029     0.0148 1.6880e-11  1025.4359     6.9086    25.2065     8.5446    260.462    9.86596  300.73967     86.607 0.0000e+00
   39.99924  -72.53640     50.194     49.803     6.9105    32.1777      8.029     0.0148 1.6880e-11  1025.4387     6.9061    25.2085     8.5364    260.210    9.86527  300.71882     86.529 0.0000e+00
   39.99924  -72.53640     50.152     49.762     6.9089    32.1777      8.029     0.0148 1.6880e-11  1025.4427     6.9045    25.2108     8.5397    260.312    9.86473  300.70309     86.568 0.0000e+00
   39.99924  -72.53640     50.132     49.741     6.9083    32.1777      8.029     0.0148 1.6880e-11  1025.4440     6.9039    25.2102     8.5447    260.465    9.86434  300.69192     86.622 0.0000e+00
   39.99924  -72.53640     50.080     49.691     6.9074    32.1730      8.029     0.0148 1.6880e-11  1025.4359     6.9031    25.2053     8.5375    260.247    9.86408  300.68453     86.551 0.0000e+00
   39.99924  -72.53640     50.050     49.661     6.9052    32.1658      8.029     0.0148 1.6880e-11  1025.4267     6.9008    25.1999     8.5428    260.410    9.86389  300.67945     86.607 0.0000e+00
   39.99924  -72.53640     49.999     49.610     6.9026    32.1658      8.029     0.0282 1.6880e-11  1025.4263     6.8982    25.1980     8.5488    260.591    9.86372  300.67464     86.669 0.0000e+00
   39.99924  -72.53640     49.973     49.584     6.9006    32.1653      8.029     0.0148 1.6880e-11  1025.4289     6.8963    25.1993     8.5423    260.395    9.86347  300.66738     86.606 0.0000e+00
   39.99924  -72.53640     49.929     49.540     6.8984    32.1643      8.029     0.0282 1.6880e-11  1025.4316     6.8940    25.2008     8.5420    260.385    9.86329  300.66194     86.604 0.0000e+00
   39.99924  -72.53640     49.887     49.499     6.8971    32.1643      8.029     0.0148 1.6880e-11  1025.4308     6.8927    25.2005     8.5478    260.561    9.86315  300.65803     86.664 0.0000e+00
   39.99924  -72.53640     49.846     49.458     6.8960    32.1626      8.029     0.0148 1.6880e-11  1025.4278     6.8916    25.1986     8.5476    260.556    9.86295  300.65175     86.664 0.0000e+00
   39.99924  -72.53640     49.795     49.407     6.8940    32.1591      8.029     0.0282 1.6880e-11  1025.4246     6.8896    25.1961     8.5534    260.734    9.86269  300.64426     86.725 0.0000e+00
   39.99924  -72.53640     49.757     49.370     6.8919    32.1559      8.029     0.0148 1.6880e-11  1025.4222     6.8876    25.1938     8.5545    260.766    9.86260  300.64173     86.737 0.0000e+00
   39.99924  -72.53640     49.724     49.337     6.8894    32.1519      8.029     0.0282 1.6880e-11  1025.4216     6.8851    25.1910     8.5617    260.988    9.86272  300.64623     86.809 0.0000e+00
   39.99924  -72.53640     49.683     49.296     6.8876    32.1433      8.029     0.0148 1.6880e-11  1025.4168     6.8833    25.1846     8.5621    261.001    9.86286  300.65123     86.812 0.0000e+00
   39.99924  -72.53640     49.641     49.255     6.8842    32.1297      8.029     0.0148 1.6880e-11  1025.4004     6.8799    25.1745     8.5630    261.029    9.86296  300.65480     86.820 0.0000e+00
   39.99924  -72.53640     49.611     49.225     6.8761    32.1260      8.029     0.0148 1.6880e-11  1025.3896     6.8718    25.1672     8.5646    261.076    9.86317  300.66115     86.834 0.0000e+00
   39.99924  -72.53640     49.574     49.188     6.8675    32.1260      8.029     0.0148 2.5320e-11  1025.3931     6.8632    25.1679     8.5721    261.306    9.86332  300.66582     86.909 0.0000e+00
   39.99924  -72.53640     49.530     49.144     6.8622    32.1260      8.029     0.0148 2.5320e-11  1025.4018     6.8579    25.1740     8.5802    261.553    9.86357  300.67405     86.989 0.0000e+00
   39.99924  -72.53640     49.490     49.105     6.8592    32.1339      8.029     0.0282 1.6880e-11  1025.4094     6.8549    25.1807     8.5828    261.632    9.86422  300.69515     87.009 0.0000e+00
   39.99924  -72.53640     49.458     49.073     6.8571    32.1397      8.029     0.0148 1.6880e-11  1025.4144     6.8528    25.1856     8.5857    261.721    9.86467  300.70911     87.034 0.0000e+00
   39.99924  -72.53640     49.411     49.026     6.8562    32.1426      8.029     0.0282 2.5320e-11  1025.4162     6.8519    25.1880     8.5869    261.756    9.86480  300.71241     87.045 0.0000e+00
   39.99924  -72.53640     49.387     49.003     6.8550    32.1436      8.029     0.0282 1.6880e-11  1025.4156     6.8507    25.1890     8.5940    261.973    9.86490  300.71457     87.117 0.0000e+00
   39.99924  -72.53640     49.336     48.952     6.8529    32.1453      8.029     0.0282 1.6880e-11  1025.4160     6.8486    25.1905     8.5959    262.030    9.86481  300.71108     87.137 0.0000e+00
   39.99924  -72.53640     49.305     48.921     6.8518    32.1494      8.029     0.0282 1.6880e-11  1025.4198     6.8475    25.1939     8.6047    262.300    9.86475  300.70927     87.227 0.0000e+00
   39.99924  -72.53640     49.267     48.884     6.8521    32.1547      8.029     0.0148 1.6880e-11  1025.4257     6.8478    25.1980     8.6141    262.585    9.86472  300.70827     87.322 0.0000e+00
   39.99924  -72.53640     49.234     48.851     6.8534    32.1547      8.029     0.0148 1.6880e-11  1025.4289     6.8491    25.2003     8.6175    262.689    9.86474  300.70892     87.357 0.0000e+00
   39.99924  -72.53640     49.202     48.820     6.8550    32.1547      8.029     0.0148 1.6880e-11  1025.4267     6.8507    25.1989     8.6269    262.975    9.86481  300.71077     87.451 0.0000e+00
   39.99924  -72.53640     49.172     48.789     6.8560    32.1508      8.029     0.0282 1.6880e-11  1025.4206     6.8517    25.1946     8.6303    263.078    9.86490  300.71359     87.484 0.0000e+00
   39.99924  -72.53640     49.124     48.742     6.8563    32.1448      8.029     0.0282 1.6880e-11  1025.4150     6.8520    25.1898     8.6397    263.367    9.86525  300.72538     87.577 0.0000e+00
   39.99924  -72.53640     49.102     48.720     6.8555    32.1398      8.029     0.0148 1.6880e-11  1025.4109     6.8512    25.1860     8.6434    263.481    9.86589  300.74644     87.609 0.0000e+00
   39.99924  -72.53640     49.070     48.688     6.8543    32.1364      8.029     0.0282 1.6880e-11  1025.4085     6.8501    25.1833     8.6528    263.767    9.86639  300.76231     87.699 0.0000e+00
   39.99924  -72.53640     49.030     48.648     6.8531    32.1340      8.029     0.0148 1.6880e-11  1025.4066     6.8488    25.1817     8.6557    263.855    9.86648  300.76425     87.728 0.0000e+00
   39.99924  -72.53640     49.012     48.631     6.8510    32.1340      8.029     0.0148 1.6880e-11  1025.4054     6.8467    25.1810     8.6642    264.113    9.86631  300.75772     87.816 0.0000e+00
   39.99924  -72.53640     48.968     48.587     6.8489    32.1340      8.029     0.0148 1.6880e-11  1025.4062     6.8446    25.1816     8.6674    264.210    9.86606  300.74947     87.851 0.0000e+00
   39.99924  -72.53640     48.948     48.568     6.8467    32.1343      8.029     0.0282 1.6880e-11  1025.4084     6.8425    25.1828     8.6766    264.493    9.86612  300.75171     87.944 0.0000e+00
   39.99924  -72.53640     48.919     48.539     6.8454    32.1343      8.029     0.0282 1.6880e-11  1025.4089     6.8412    25.1834     8.6863    264.787    9.86630  300.75785     88.040 0.0000e+00
   39.99924  -72.53640     48.877     48.496     6.8445    32.1343      8.029     0.0282 1.6880e-11  1025.4080     6.8403    25.1829     8.6897    264.892    9.86639  300.76076     88.074 0.0000e+00
   39.99924  -72.53640     48.866     48.485     6.8437    32.1328      8.029     0.0148 1.6880e-11  1025.4065     6.8394    25.1819     8.6986    265.163    9.86627  300.75708     88.165 0.0000e+00
   39.99924  -72.53640     48.835     48.455     6.8429    32.1328      8.029     0.0148 1.6880e-11  1025.4048     6.8386    25.1813     8.7088    265.474    9.86627  300.75714     88.269 0.0000e+00
   39.99924  -72.53640     48.808     48.428     6.8414    32.1328      8.029     0.0148 1.6880e-11  1025.4059     6.8372    25.1820     8.7119    265.567    9.86633  300.75937     88.299 0.0000e+00
   39.99924  -72.53640     48.774     48.395     6.8404    32.1342      8.029     0.0148 1.6880e-11  1025.4082     6.8362    25.1834     8.7215    265.862    9.86636  300.76042     88.396 0.0000e+00
   39.99924  -72.53640     48.754     48.374     6.8398    32.1357      8.029     0.0148 1.6880e-11  1025.4085     6.8355    25.1847     8.7313    266.158    9.86633  300.75899     88.496 0.0000e+00
   39.99924  -72.53640     48.736     48.357     6.8391    32.1372      8.029     0.0148 1.6880e-11  1025.4100     6.8348    25.1860     8.7346    266.259    9.86619  300.75464     88.530 0.0000e+00
   39.99924  -72.53640     48.703     48.324     6.8394    32.1386      8.029     0.0282 1.6880e-11  1025.4115     6.8352    25.1870     8.7446    266.563    9.86611  300.75167     88.632 0.0000e+00
   39.99924  -72.53640     48.672     48.294     6.8409    32.1396      8.029     0.0148 1.6880e-11  1025.4112     6.8367    25.1877     8.7545    266.867    9.86589  300.74498     88.735 0.0000e+00
   39.99924  -72.53640     48.664     48.285     6.8416    32.1408      8.029     0.0282 1.6880e-11  1025.4120     6.8374    25.1885     8.7583    266.981    9.86582  300.74261     88.774 0.0000e+00
   39.99924  -72.53640     48.621     48.243     6.8433    32.1424      8.029     0.0282 1.6880e-11  1025.4129     6.8391    25.1895     8.7676    267.267    9.86584  300.74355     88.869 0.0000e+00
   39.99926  -72.53640     48.612     48.233     6.8456    32.1424      8.029     0.0416 1.6880e-11  1025.4146     6.8414    25.1901     8.7782    267.588    9.86598  300.74842     88.974 0.0000e+00
   39.99926  -72.53640     48.594     48.216     6.8489    32.1424      8.029     0.0282 1.6880e-11  1025.4134     6.8446    25.1895     8.7823    267.714    9.86606  300.75110     89.015 0.0000e+00
   39.99926  -72.53640     48.560     48.183     6.8518    32.1416      8.029     0.0282 1.6880e-11  1025.4113     6.8475    25.1879     8.7908    267.973    9.86605  300.75075     89.101 0.0000e+00
   39.99926  -72.53640     48.549     48.172     6.8542    32.1393      8.029     0.0282 1.6880e-11  1025.4089     6.8500    25.1858     8.8002    268.259    9.86594  300.74731     89.197 0.0000e+00
   39.99926  -72.53640     48.522     48.144     6.8562    32.1369      8.029     0.0416 2.5320e-11  1025.4064     6.8519    25.1835     8.8104    268.571    9.86573  300.74079     89.303 0.0000e+00
   39.99926  -72.53640     48.498     48.121     6.8576    32.1347      8.029     0.0282 1.6880e-11  1025.4043     6.8534    25.1816     8.8132    268.657    9.86557  300.73603     89.333 0.0000e+00
   39.99926  -72.53640     48.489     48.112     6.8589    32.1329      8.029     0.0282 2.5320e-11  1025.4027     6.8546    25.1800     8.8160    268.742    9.86539  300.73043     89.363 0.0000e+00
   39.99926  -72.53640     48.460     48.083     6.8604    32.1316      8.029     0.0282 1.6880e-11  1025.4012     6.8562    25.1788     8.8317    269.219    9.86527  300.72662     89.523 0.0000e+00
   39.99926  -72.53640     48.438     48.061     6.8613    32.1309      8.029     0.0282 1.6880e-11  1025.4007     6.8571    25.1782     8.8344    269.301    9.86513  300.72236     89.551 0.0000e+00
   39.99926  -72.53640     48.428     48.051     6.8620    32.1305      8.029     0.0282 1.6880e-11  1025.4002     6.8578    25.1777     8.8425    269.549    9.86508  300.72047     89.634 0.0000e+00
   39.99926  -72.53640     48.399     48.023     6.8630    32.1300      8.029     0.0282 1.6880e-11  1025.3999     6.8587    25.1772     8.8514    269.821    9.86500  300.71776     89.726 0.0000e+00
   39.99926  -72.53640     48.387     48.010     6.8642    32.1292      8.029     0.0416 1.6880e-11  1025.3993     6.8600    25.1764     8.8537    269.891    9.86486  300.71341     89.750 0.0000e+00
   39.99926  -72.53640     48.366     47.990     6.8651    32.1273      8.029     0.0416 1.6880e-11  1025.3978     6.8608    25.1749     8.8560    269.959    9.86476  300.71022     89.774 0.0000e+00
   39.99926  -72.53640     48.338     47.962     6.8656    32.1246      8.029     0.0282 1.6880e-11  1025.3946     6.8614    25.1726     8.8636    270.191    9.86469  300.70802     89.852 0.0000e+00
   39.99926  -72.53640     48.315     47.939     6.8659    32.1219      8.029     0.0282 1.6880e-11  1025.3920     6.8617    25.1705     8.8720    270.448    9.86461  300.70569     89.938 0.0000e+00
   39.99926  -72.53640     48.297     47.921     6.8658    32.1203      8.029     0.0282 1.6880e-11  1025.3909     6.8616    25.1692     8.8739    270.504    9.86454  300.70324     89.957 0.0000e+00
   39.99926  -72.53640     48.275     47.899     6.8651    32.1193      8.029     0.0416 1.6880e-11  1025.3905     6.8609    25.1685     8.8873    270.914    9.86434  300.69726     90.095 0.0000e+00
   39.99926  -72.53640     48.264     47.888     6.8646    32.1180      8.029     0.0282 1.6880e-11  1025.3900     6.8604    25.1675     8.8885    270.950    9.86403  300.68799     90.110 0.0000e+00
   39.99926  -72.53640     48.246     47.871     6.8642    32.1155      8.029     0.0282 1.6880e-11  1025.3880     6.8600    25.1656     8.8895    270.981    9.86369  300.67817     90.123 0.0000e+00
   39.99926  -72.53640     48.213     47.838     6.8628    32.1123      8.029     0.0282 1.6880e-11  1025.3839     6.8586    25.1633     8.8903    271.008    9.86340  300.66971     90.135 0.0000e+00
   39.99926  -72.53640     48.192     47.817     6.8614    32.1123      8.029     0.0416 1.6880e-11  1025.3824     6.8572    25.1624     8.8966    271.199    9.86321  300.66395     90.200 0.0000e+00
   39.99926  -72.53640     48.174     47.799     6.8602    32.1123      8.029     0.0282 1.6880e-11  1025.3844     6.8560    25.1636     8.9027    271.384    9.86300  300.65767     90.264 0.0000e+00
   39.99926  -72.53640     48.162     47.787     6.8586    32.1150      8.029     0.0416 1.6880e-11  1025.3877     6.8544    25.1659     8.9083    271.556    9.86261  300.64616     90.324 0.0000e+00
   39.99926  -72.53640     48.123     47.749     6.8582    32.1174      8.029     0.0282 1.6880e-11  1025.3897     6.8541    25.1678     8.9147    271.751    9.86228  300.63663     90.392 0.0000e+00
