CalculateIndicators/WaterTemperature/Data/CTD_NYOS/20240427_C15.cnv
* Sea-Bird SBE 9 Data File:
* FileName = C:\Seabird 9 CTD\Data\2024\202404_offshore\20240427_C15.hex
* Software Version Seasave V 7.23.2
* Temperature SN = 4590
* Conductivity SN = 3228
* Number of Bytes Per Scan = 44
* Number of Voltage Words = 5
* Number of Scans Averaged by the Deck Unit = 1
* NMEA Latitude = 39 46.38 N
* NMEA Longitude = 072 23.28 W
* NMEA UTC (Time) = Apr 27 2024  15:23:52
* NMEA baud rate = 4800
** Ship: Seawolf
** Station: 9.5
** Operator: TCM
# nquan = 18
# nvalues = 16220                       
# units = specified
# name 0 = latitude: Latitude [deg]
# name 1 = longitude: Longitude [deg]
# name 2 = prDM: Pressure, Digiquartz [db]
# name 3 = depSM: Depth [salt water, m]
# name 4 = t090C: Temperature [ITS-90, deg C]
# name 5 = sal00: Salinity, Practical [PSU]
# name 6 = ph: pH
# name 7 = flECO-AFL: Fluorescence, WET Labs ECO-AFL/FL [mg/m^3]
# name 8 = cpar: CPAR/Corrected Irradiance [%]
# name 9 = density00: Density [density, kg/m^3]
# name 10 = potemp090C: Potential Temperature [ITS-90, deg C]
# name 11 = sigma-é00: Density [sigma-theta, kg/m^3]
# name 12 = sbeox0Mg/L: Oxygen, SBE 43 [mg/l]
# name 13 = sbox0Mm/Kg: Oxygen, SBE 43 [umol/kg]
# name 14 = oxsolMg/L: Oxygen Saturation, Garcia & Gordon [mg/l]
# name 15 = oxsolMm/Kg: Oxygen Saturation, Garcia & Gordon [umol/kg]
# name 16 = sbeox0PS: Oxygen, SBE 43 [% saturation]
# name 17 = flag:  0.000e+00
# span 0 =   39.77286,   39.77306       
# span 1 =  -72.38858,  -72.38814       
# span 2 =      1.800,     83.904       
# span 3 =      1.786,     83.246       
# span 4 =     5.8473,     8.0585       
# span 5 =    32.0624,    32.2758       
# span 6 =      7.933,      8.052       
# span 7 =    -0.0255,     0.7938       
# span 8 = 4.3505e-14, 4.8719e+02       
# span 9 =  1024.9981,  1025.8036       
# span 10 =     5.8427,     8.0582      
# span 11 =    24.9885,    25.4180      
# span 12 =     9.3077,    10.1277      
# span 13 =    283.661,    308.765      
# span 14 =    9.59852,   10.09135      
# span 15 =  292.64334,  307.54792      
# span 16 =     92.294,    105.303      
# span 17 = 0.0000e+00, 0.0000e+00      
# interval = seconds: 0.0416667
# start_time = Apr 27 2024 15:23:53 [System UTC, first data scan.]
# bad_flag = -9.990e-29
*END*
[from data line 12784]
   39.77292  -72.38848     12.323     12.228     7.4536    32.1336      8.011     0.5386 6.9156e+00  1025.1573     7.4525    25.1003     9.8674    300.816    9.71362  296.12845    101.583 0.0000e+00
   39.77292  -72.38848     12.313     12.218     7.4551    32.1315      8.016     0.5386 6.9863e+00  1025.1551     7.4539    25.0985     9.8693    300.873    9.71425  296.14690    101.596 0.0000e+00
   39.77292  -72.38848     12.283     12.188     7.4564    32.1293      8.016     0.5386 7.0758e+00  1025.1524     7.4553    25.0965     9.8760    301.078    9.71388  296.13551    101.669 0.0000e+00
   39.77292  -72.38848     12.266     12.172     7.4579    32.1277      8.016     0.5386 7.1811e+00  1025.1508     7.4568    25.0951     9.8710    300.925    9.71359  296.12623    101.620 0.0000e+00
   39.77292  -72.38848     12.252     12.158     7.4591    32.1282      8.016     0.5386 7.3534e+00  1025.1495     7.4580    25.0953     9.8774    301.120    9.71335  296.11877    101.689 0.0000e+00
   39.77292  -72.38848     12.241     12.147     7.4599    32.1318      8.016     0.5386 7.6100e+00  1025.1540     7.4588    25.0976     9.8776    301.127    9.71264  296.09689    101.699 0.0000e+00
   39.77292  -72.38848     12.211     12.117     7.4694    32.1358      8.016     0.5386 7.9686e+00  1025.1575     7.4683    25.0998     9.8838    301.315    9.71187  296.07332    101.770 0.0000e+00
   39.77292  -72.38848     12.201     12.108     7.4824    32.1379      8.016     0.5386 8.3323e+00  1025.1561     7.4813    25.1000     9.8838    301.315    9.71145  296.06075    101.775 0.0000e+00
   39.77292  -72.38848     12.186     12.093     7.4908    32.1377      8.016     0.5386 8.7421e+00  1025.1555     7.4896    25.0988     9.8843    301.331    9.71100  296.04715    101.785 0.0000e+00
   39.77292  -72.38848     12.171     12.078     7.4947    32.1357      8.016     0.5386 9.1926e+00  1025.1524     7.4936    25.0966     9.8848    301.344    9.71072  296.03849    101.792 0.0000e+00
   39.77292  -72.38848     12.151     12.057     7.4943    32.1323      8.016     0.5386 9.5763e+00  1025.1497     7.4932    25.0937     9.8850    301.351    9.71049  296.03139    101.797 0.0000e+00
   39.77292  -72.38848     12.141     12.048     7.4952    32.1282      8.016     0.5386 9.8586e+00  1025.1462     7.4941    25.0905     9.8912    301.540    9.71031  296.02566    101.863 0.0000e+00
   39.77292  -72.38848     12.120     12.027     7.4954    32.1239      8.020     0.5386 9.9288e+00  1025.1426     7.4943    25.0870     9.8919    301.561    9.71026  296.02408    101.870 0.0000e+00
   39.77292  -72.38848     12.111     12.018     7.4950    32.1204      8.016     0.5386 9.6731e+00  1025.1382     7.4939    25.0843     9.8921    301.569    9.71014  296.02026    101.874 0.0000e+00
   39.77292  -72.38848     12.094     12.001     7.4928    32.1199      8.016     0.5386 9.2987e+00  1025.1375     7.4917    25.0840     9.8932    301.601    9.71019  296.02175    101.885 0.0000e+00
   39.77292  -72.38848     12.079     11.986     7.4935    32.1227      8.016     0.5386 8.8602e+00  1025.1423     7.4924    25.0860     9.8941    301.628    9.71036  296.02673    101.892 0.0000e+00
   39.77292  -72.38848     12.069     11.977     7.5004    32.1259      8.020     0.5386 8.3538e+00  1025.1436     7.4993    25.0880     9.9009    301.834    9.71047  296.02992    101.961 0.0000e+00
   39.77292  -72.38848     12.039     11.947     7.5022    32.1286      8.020     0.5386 7.9046e+00  1025.1439     7.5011    25.0897     9.9017    301.861    9.71041  296.02814    101.970 -9.990e-29
   39.77292  -72.38848     12.039     11.947     7.5033    32.1320      8.020     0.5386 7.5341e+00  1025.1479     7.5022    25.0919     9.9033    301.908    9.71037  296.02705    101.986 -9.990e-29
   39.77292  -72.38848     12.039     11.947     7.5109    32.1347      8.020     0.5386 7.2412e+00  1025.1497     7.5098    25.0932     9.9045    301.944    9.71034  296.02628    101.999 -9.990e-29
   39.77292  -72.38848     11.994     11.902     7.5182    32.1351      8.020     0.5386 7.0758e+00  1025.1481     7.5171    25.0927     9.9107    302.135    9.71034  296.02600    102.064 -9.990e-29
   39.77292  -72.38848     11.998     11.906     7.5233    32.1343      8.020     0.5386 6.9388e+00  1025.1460     7.5222    25.0914     9.9112    302.151    9.71031  296.02525    102.069 -9.990e-29
   39.77292  -72.38848     11.988     11.896     7.5280    32.1335      8.020     0.5386 6.8466e+00  1025.1451     7.5269    25.0901     9.9122    302.181    9.71021  296.02224    102.081 0.0000e+00
   39.77292  -72.38848     11.958     11.866     7.5325    32.1325      8.020     0.5386 6.8285e+00  1025.1436     7.5314    25.0887     9.9130    302.204    9.71018  296.02115    102.089 -9.990e-29
   39.77292  -72.38848     11.958     11.866     7.5356    32.1314      8.020     0.5386 6.8085e+00  1025.1416     7.5345    25.0874     9.9197    302.408    9.71019  296.02138    102.157 -9.990e-29
   39.77292  -72.38848     11.937     11.846     7.5369    32.1309      8.020     0.5386 6.7998e+00  1025.1412     7.5358    25.0867     9.9206    302.437    9.71019  296.02153    102.167 0.0000e+00
   39.77292  -72.38848     11.932     11.840     7.5388    32.1308      8.020     0.5386 6.9125e+00  1025.1413     7.5377    25.0864     9.9275    302.646    9.71023  296.02251    102.238 0.0000e+00
   39.77292  -72.38848     11.907     11.816     7.5409    32.1303      8.020     0.5386 6.9598e+00  1025.1405     7.5398    25.0857     9.9223    302.489    9.71021  296.02166    102.185 0.0000e+00
   39.77292  -72.38848     11.887     11.795     7.5426    32.1294      8.020     0.5386 6.9681e+00  1025.1391     7.5415    25.0848     9.9222    302.484    9.71023  296.02252    102.183 0.0000e+00
   39.77292  -72.38848     11.877     11.786     7.5432    32.1283      8.020     0.5386 7.1956e+00  1025.1386     7.5421    25.0838     9.9277    302.652    9.71013  296.01935    102.241 0.0000e+00
   39.77292  -72.38848     11.867     11.776     7.5432    32.1266      8.020     0.5386 7.3328e+00  1025.1370     7.5421    25.0825     9.9285    302.677    9.71004  296.01620    102.250 0.0000e+00
   39.77292  -72.38848     11.856     11.765     7.5425    32.1248      8.020     0.5386 7.3475e+00  1025.1350     7.5414    25.0812     9.9288    302.686    9.70991  296.01237    102.254 0.0000e+00
   39.77292  -72.38848     11.836     11.745     7.5416    32.1236      8.020     0.5386 7.5510e+00  1025.1346     7.5405    25.0804     9.9351    302.876    9.70982  296.00938    102.320 0.0000e+00
   39.77292  -72.38848     11.821     11.730     7.5423    32.1231      8.020     0.5386 7.7011e+00  1025.1336     7.5412    25.0799     9.9356    302.892    9.70975  296.00739    102.326 0.0000e+00
   39.77292  -72.38848     11.805     11.715     7.5424    32.1233      8.020     0.5386 7.7166e+00  1025.1338     7.5413    25.0800     9.9357    302.894    9.70967  296.00511    102.327 0.0000e+00
   39.77292  -72.38848     11.796     11.705     7.5426    32.1238      8.020     0.5386 7.8259e+00  1025.1350     7.5416    25.0804     9.9364    302.918    9.70971  296.00600    102.335 0.0000e+00
   39.77292  -72.38848     11.775     11.685     7.5427    32.1236      8.020     0.5386 7.9144e+00  1025.1345     7.5417    25.0802     9.9428    303.112    9.70957  296.00196    102.402 0.0000e+00
   39.77292  -72.38848     11.766     11.675     7.5429    32.1226      8.020     0.5386 7.9367e+00  1025.1333     7.5418    25.0794     9.9436    303.135    9.70952  296.00028    102.411 0.0000e+00
   39.77292  -72.38848     11.755     11.664     7.5432    32.1216      8.020     0.5386 7.9526e+00  1025.1321     7.5421    25.0785     9.9439    303.146    9.70948  295.99916    102.415 0.0000e+00
   39.77292  -72.38848     11.724     11.634     7.5436    32.1209      8.020     0.5386 7.9750e+00  1025.1315     7.5426    25.0780     9.9501    303.335    9.70944  295.99820    102.479 0.0000e+00
   39.77292  -72.38848     11.700     11.610     7.5437    32.1209      8.020     0.5386 7.9750e+00  1025.1311     7.5427    25.0780     9.9514    303.375    9.70941  295.99689    102.493 0.0000e+00
   39.77292  -72.38848     11.684     11.595     7.5427    32.1214      8.020     0.5386 7.9526e+00  1025.1324     7.5417    25.0785     9.9524    303.404    9.70935  295.99523    102.503 -9.990e-29
   39.77292  -72.38848     11.684     11.595     7.5426    32.1217      8.020     0.5386 7.9526e+00  1025.1323     7.5415    25.0788     9.9591    303.609    9.70930  295.99370    102.573 -9.990e-29
   39.77292  -72.38848     11.694     11.604     7.5404    32.1220      8.020     0.5386 7.9526e+00  1025.1321     7.5393    25.0793     9.9601    303.639    9.70926  295.99254    102.583 -9.990e-29
   39.77292  -72.38848     11.694     11.604     7.5380    32.1229      8.020     0.5386 7.9526e+00  1025.1342     7.5370    25.0802     9.9606    303.654    9.70921  295.99094    102.589 -9.990e-29
   39.77292  -72.38848     11.664     11.574     7.5387    32.1234      8.020     0.5386 7.9080e+00  1025.1351     7.5376    25.0807     9.9606    303.656    9.70916  295.98926    102.590 0.0000e+00
   39.77292  -72.38848     11.654     11.565     7.5382    32.1221      8.020     0.5386 7.8922e+00  1025.1338     7.5371    25.0798     9.9663    303.830    9.70900  295.98449    102.651 -9.990e-29
   39.77292  -72.38848     11.654     11.565     7.5366    32.1202      8.020     0.5386 7.8700e+00  1025.1304     7.5355    25.0785     9.9674    303.862    9.70905  295.98609    102.661 -9.990e-29
   39.77292  -72.38848     11.643     11.554     7.5306    32.1201      8.020     0.5386 7.7820e+00  1025.1314     7.5295    25.0790     9.9680    303.881    9.70908  295.98726    102.667 -9.990e-29
   39.77292  -72.38848     11.649     11.559     7.5267    32.1217      8.020     0.5386 7.7383e+00  1025.1348     7.5256    25.0806     9.9682    303.887    9.70916  295.98953    102.668 -9.990e-29
   39.77292  -72.38848     11.624     11.535     7.5281    32.1233      8.020     0.5386 7.7446e+00  1025.1351     7.5271    25.0819     9.9679    303.879    9.70919  295.99049    102.665 0.0000e+00
   39.77292  -72.38848     11.613     11.524     7.5289    32.1246      8.020     0.5386 7.7011e+00  1025.1363     7.5279    25.0828     9.9681    303.884    9.70923  295.99173    102.666 -9.990e-29
   39.77292  -72.38848     11.613     11.524     7.5298    32.1257      8.020     0.5386 7.6857e+00  1025.1369     7.5287    25.0835     9.9669    303.848    9.70922  295.99131    102.654 -9.990e-29
   39.77292  -72.38848     11.594     11.505     7.5327    32.1266      8.020     0.5386 7.6857e+00  1025.1372     7.5316    25.0839     9.9725    304.017    9.70923  295.99196    102.711 0.0000e+00
   39.77292  -72.38848     11.583     11.494     7.5360    32.1273      8.020     0.5386 7.6273e+00  1025.1373     7.5349    25.0840     9.9722    304.009    9.70924  295.99217    102.709 -9.990e-29
   39.77292  -72.38848     11.583     11.494     7.5379    32.1275      8.020     0.5386 7.5939e+00  1025.1369     7.5368    25.0839     9.9787    304.206    9.70924  295.99204    102.775 -9.990e-29
   39.77292  -72.38848     11.562     11.473     7.5398    32.1279      8.020     0.5386 7.6812e+00  1025.1368     7.5388    25.0840     9.9794    304.229    9.70930  295.99390    102.782 0.0000e+00
   39.77292  -72.38848     11.543     11.454     7.5409    32.1284      8.025     0.5386 7.8221e+00  1025.1371     7.5398    25.0842     9.9796    304.234    9.70927  295.99293    102.784 -9.990e-29
   39.77292  -72.38848     11.547     11.458     7.5418    32.1289      8.020     0.5386 8.1480e+00  1025.1374     7.5407    25.0844     9.9794    304.228    9.70929  295.99345    102.782 -9.990e-29
   39.77292  -72.38848     11.543     11.454     7.5426    32.1293      8.020     0.5386 8.7447e+00  1025.1373     7.5415    25.0847     9.9850    304.400    9.70934  295.99493    102.839 0.0000e+00
   39.77292  -72.38848     11.532     11.443     7.5424    32.1300      8.020     0.5386 9.5724e+00  1025.1383     7.5413    25.0852     9.9857    304.419    9.70932  295.99449    102.846 -9.990e-29
   39.77292  -72.38848     11.532     11.443     7.5430    32.1304      8.025     0.5386 1.0430e+01  1025.1383     7.5419    25.0855     9.9859    304.427    9.70934  295.99521    102.849 -9.990e-29
   39.77292  -72.38848     11.532     11.443     7.5426    32.1308      8.020     0.5386 1.1110e+01  1025.1387     7.5415    25.0858     9.9858    304.423    9.70942  295.99788    102.846 -9.990e-29
   39.77292  -72.38848     11.512     11.424     7.5418    32.1311      8.020     0.5386 1.1521e+01  1025.1390     7.5407    25.0862     9.9852    304.406    9.70954  296.00164    102.839 -9.990e-29
   39.77292  -72.38848     11.522     11.434     7.5411    32.1315      8.025     0.5386 1.1765e+01  1025.1394     7.5401    25.0865     9.9843    304.378    9.70972  296.00734    102.828 -9.990e-29
   39.77292  -72.38848     11.501     11.413     7.5413    32.1317      8.020     0.5386 1.2010e+01  1025.1395     7.5403    25.0867     9.9900    304.552    9.70983  296.01071    102.886 -9.990e-29
   39.77292  -72.38848     11.512     11.424     7.5415    32.1317      8.020     0.5386 1.2610e+01  1025.1396     7.5404    25.0867     9.9899    304.548    9.70987  296.01207    102.884 -9.990e-29
   39.77292  -72.38848     11.497     11.409     7.5418    32.1315      8.025     0.5520 1.3792e+01  1025.1391     7.5407    25.0865     9.9892    304.529    9.70990  296.01320    102.877 -9.990e-29
   39.77292  -72.38848     11.501     11.413     7.5418    32.1314      8.020     0.5789 1.5529e+01  1025.1392     7.5407    25.0865     9.9883    304.500    9.71000  296.01621    102.866 -9.990e-29
   39.77292  -72.38848     11.481     11.393     7.5418    32.1315      8.025     0.5923 1.7818e+01  1025.1391     7.5408    25.0865     9.9878    304.484    9.71007  296.01846    102.860 -9.990e-29
   39.77292  -72.38848     11.481     11.393     7.5423    32.1316      8.020     0.5789 2.0575e+01  1025.1391     7.5412    25.0865     9.9930    304.643    9.71006  296.01816    102.913 -9.990e-29
   39.77292  -72.38848     11.492     11.404     7.5424    32.1318      8.025     0.5789 2.2931e+01  1025.1392     7.5414    25.0866     9.9924    304.627    9.71011  296.01974    102.908 -9.990e-29
   39.77292  -72.38848     11.492     11.404     7.5423    32.1320      8.025     0.5789 2.4819e+01  1025.1395     7.5412    25.0868     9.9976    304.783    9.71005  296.01816    102.961 -9.990e-29
   39.77292  -72.38848     11.481     11.393     7.5422    32.1324      8.020     0.5789 2.6521e+01  1025.1396     7.5411    25.0872     9.9917    304.604    9.71007  296.01875    102.900 -9.990e-29
   39.77292  -72.38848     11.481     11.393     7.5418    32.1329      8.025     0.5789 2.7801e+01  1025.1404     7.5407    25.0876     9.9969    304.764    9.71008  296.01915    102.954 -9.990e-29
   39.77292  -72.38848     11.492     11.404     7.5418    32.1333      8.025     0.5789 2.8609e+01  1025.1407     7.5407    25.0879     9.9974    304.779    9.71017  296.02205    102.958 -9.990e-29
   39.77292  -72.38848     11.492     11.404     7.5418    32.1333      8.025     0.5789 2.9373e+01  1025.1404     7.5407    25.0879     9.9966    304.753    9.71024  296.02442    102.949 -9.990e-29
   39.77292  -72.38848     11.471     11.383     7.5422    32.1336      8.020     0.5789 2.9816e+01  1025.1404     7.5411    25.0881     9.9952    304.712    9.71029  296.02580    102.934 -9.990e-29
   39.77292  -72.38848     11.507     11.419     7.5423    32.1342      8.020     0.5789 3.0181e+01  1025.1414     7.5412    25.0885    10.0006    304.876    9.71033  296.02674    102.989 -9.990e-29
   39.77292  -72.38848     11.481     11.393     7.5427    32.1347      8.025     0.5789 3.0632e+01  1025.1415     7.5417    25.0888    10.0002    304.862    9.71036  296.02708    102.984 -9.990e-29
