CalculateIndicators/WaterTemperature/Data/CTD_NYOS/20240708_C03.cnv
* Sea-Bird SBE 9 Data File:
* FileName = C:\Seabird 9 CTD\Data\2024\202407_offshore\20240708_C03.hex
* Software Version Seasave V 7.23.2
* Temperature SN = 4590
* Conductivity SN = 3228
* Number of Bytes Per Scan = 44
* Number of Voltage Words = 5
* Number of Scans Averaged by the Deck Unit = 1
* NMEA Latitude = 40 26.73 N
* NMEA Longitude = 073 43.02 W
* NMEA UTC (Time) = Jul 08 2024  09:02:46
* NMEA baud rate = 4800
** Ship: seawolf
** Station: HR2
** Operator: TDK
# nquan = 18
# nvalues = 11499                       
# units = specified
# name 0 = latitude: Latitude [deg]
# name 1 = longitude: Longitude [deg]
# name 2 = prDM: Pressure, Digiquartz [db]
# name 3 = depSM: Depth [salt water, m]
# name 4 = t090C: Temperature [ITS-90, deg C]
# name 5 = sal00: Salinity, Practical [PSU]
# name 6 = ph: pH
# name 7 = flECO-AFL: Fluorescence, WET Labs ECO-AFL/FL [mg/m^3]
# name 8 = cpar: CPAR/Corrected Irradiance [%]
# name 9 = density00: Density [density, kg/m^3]
# name 10 = potemp090C: Potential Temperature [ITS-90, deg C]
# name 11 = sigma-é00: Density [sigma-theta, kg/m^3]
# name 12 = sbeox0Mg/L: Oxygen, SBE 43 [mg/l]
# name 13 = sbox0Mm/Kg: Oxygen, SBE 43 [umol/kg]
# name 14 = oxsolMg/L: Oxygen Saturation, Garcia & Gordon [mg/l]
# name 15 = oxsolMm/Kg: Oxygen Saturation, Garcia & Gordon [umol/kg]
# name 16 = sbeox0PS: Oxygen, SBE 43 [% saturation]
# name 17 = flag:  0.000e+00
# span 0 =   40.44558,   40.44582       
# span 1 =  -73.71830,  -73.71700       
# span 2 =      1.474,     23.494       
# span 3 =      1.462,     23.311       
# span 4 =     9.5941,    21.4347       
# span 5 =    28.9223,    31.3589       
# span 6 =      7.798,      8.088       
# span 7 =     0.7803,     3.9635       
# span 8 = 1.6880e-11, 9.9999e+04       
# span 9 =  1019.7893,  1024.1500       
# span 10 =     9.5916,    21.4344      
# span 11 =    19.7852,    24.0442      
# span 12 =     5.9780,     9.4387      
# span 13 =    182.431,    288.229      
# span 14 =    7.46419,    9.33147      
# span 15 =  228.72884,  284.76966      
# span 16 =     64.084,    113.147      
# span 17 = 0.0000e+00, 0.0000e+00      
# interval = seconds: 0.0416667
# start_time = Jul 08 2024 09:02:49 [System UTC, first data scan.]
# bad_flag = -9.990e-29
*END*
[from data line 9327]
   40.44574  -73.71800      1.846      1.832    21.1385    28.9655      8.009     1.3310 2.1836e+01  1019.8818    21.1382    19.8702     8.3913    257.112    7.51127  230.14686    111.716 -9.990e-29
   40.44574  -73.71800      1.846      1.832    21.1279    28.9726      8.009     1.3310 2.1902e+01  1019.8892    21.1276    19.8784     8.3925    257.147    7.51115  230.14253    111.734 -9.990e-29
   40.44574  -73.71800      1.868      1.854    21.1202    28.9752      8.009     1.3310 2.2566e+01  1019.8901    21.1199    19.8827     8.3893    257.049    7.51098  230.13725    111.694 -9.990e-29
   40.44574  -73.71800      1.857      1.843    21.1134    28.9779      8.009     1.3310 2.3042e+01  1019.8941    21.1130    19.8865     8.3947    257.214    7.51081  230.13207    111.768 -9.990e-29
   40.44574  -73.71800      1.876      1.862    21.1070    28.9817      8.009     1.3310 2.3110e+01  1019.8999    21.1067    19.8910     8.3958    257.249    7.51072  230.12950    111.785 -9.990e-29
   40.44574  -73.71800      1.867      1.852    21.1028    28.9854      8.009     1.3310 2.2298e+01  1019.9031    21.1024    19.8951     8.3925    257.148    7.51057  230.12491    111.743 -9.990e-29
   40.44574  -73.71800      1.887      1.873    21.0994    28.9896      8.009     1.3310 2.1706e+01  1019.9067    21.0991    19.8993     8.3933    257.173    7.51035  230.11832    111.757 -9.990e-29
   40.44574  -73.71800      1.876      1.862    21.0963    28.9947      8.009     1.3310 2.1576e+01  1019.9126    21.0959    19.9038     8.3985    257.331    7.51033  230.11816    111.826 -9.990e-29
   40.44574  -73.71800      1.897      1.882    21.0939    28.9993      8.009     1.3310 2.3179e+01  1019.9167    21.0935    19.9079     8.3954    257.237    7.51049  230.12314    111.782 -9.990e-29
   40.44574  -73.71800      1.887      1.873    21.0929    29.0029      8.009     1.3310 2.4968e+01  1019.9195    21.0926    19.9110     8.3964    257.269    7.51065  230.12823    111.794 -9.990e-29
   40.44574  -73.71800      1.907      1.892    21.0930    29.0059      8.009     1.3310 2.5341e+01  1019.9217    21.0927    19.9134     8.4020    257.440    7.51084  230.13386    111.865 -9.990e-29
   40.44574  -73.71800      1.908      1.893    21.0927    29.0070      8.014     1.3310 2.3951e+01  1019.9245    21.0924    19.9149     8.3996    257.367    7.51108  230.14137    111.830 -9.990e-29
   40.44574  -73.71800      1.907      1.892    21.0932    29.0075      8.014     1.3310 2.2231e+01  1019.9236    21.0928    19.9147     8.4055    257.547    7.51141  230.15162    111.903 -9.990e-29
   40.44574  -73.71800      1.917      1.903    21.0952    29.0079      8.009     1.3310 2.1771e+01  1019.9212    21.0949    19.9137     8.4078    257.616    7.51205  230.17095    111.924 -9.990e-29
   40.44574  -73.71800      1.937      1.922    21.0958    29.0079      8.009     1.3310 2.2836e+01  1019.9210    21.0954    19.9140     8.4052    257.538    7.51268  230.18945    111.881 -9.990e-29
   40.44574  -73.71800      1.927      1.912    21.0941    29.0105      8.009     1.3310 2.4894e+01  1019.9244    21.0937    19.9165     8.4070    257.592    7.51344  230.21269    111.893 -9.990e-29
   40.44574  -73.71800      1.948      1.933    21.0926    29.0105      8.009     1.3310 2.5568e+01  1019.9300    21.0922    19.9188     8.4090    257.652    7.51433  230.24008    111.906 -9.990e-29
   40.44574  -73.71800      1.948      1.933    21.0942    29.0105      8.014     1.3176 2.4821e+01  1019.9279    21.0939    19.9179     8.4108    257.709    7.51543  230.27296    111.914 -9.990e-29
   40.44574  -73.71800      1.957      1.942    21.0956    29.0087      8.009     1.3042 2.2498e+01  1019.9219    21.0952    19.9151     8.4124    257.756    7.51624  230.29655    111.923 -9.990e-29
   40.44574  -73.71800      1.968      1.953    21.0937    29.0062      8.014     1.3042 2.1706e+01  1019.9213    21.0934    19.9134     8.4136    257.791    7.51663  230.30782    111.933 -9.990e-29
   40.44574  -73.71800      1.978      1.963    21.0924    29.0054      8.009     1.3042 2.1967e+01  1019.9217    21.0920    19.9131     8.4101    257.683    7.51707  230.32103    111.880 -9.990e-29
   40.44574  -73.71800      1.988      1.972    21.0917    29.0044      8.009     1.3042 2.3809e+01  1019.9221    21.0913    19.9124     8.4109    257.708    7.51772  230.34111    111.881 -9.990e-29
   40.44574  -73.71800      1.999      1.983    21.0929    29.0023      8.009     1.3042 2.4674e+01  1019.9193    21.0925    19.9107     8.4119    257.737    7.51846  230.36291    111.883 -9.990e-29
   40.44574  -73.71800      2.008      1.993    21.0929    29.0010      8.009     1.3042 2.4382e+01  1019.9166    21.0926    19.9094     8.4170    257.891    7.51889  230.37511    111.944 -9.990e-29
   40.44574  -73.71800      2.008      1.993    21.0911    29.0010      8.009     1.3042 1.9778e+01  1019.9180    21.0907    19.9096     8.4171    257.894    7.51882  230.37165    111.947 -9.990e-29
   40.44574  -73.71800      2.018      2.002    21.0884    29.0010      8.014     1.3042 1.7634e+01  1019.9197    21.0880    19.9108     8.4125    257.753    7.51848  230.36081    111.891 -9.990e-29
   40.44574  -73.71800      2.038      2.023    21.0867    29.0024      8.014     1.3042 1.7421e+01  1019.9203    21.0863    19.9124     8.4120    257.737    7.51812  230.34981    111.889 -9.990e-29
   40.44574  -73.71800      2.040      2.024    21.0841    29.0053      8.009     1.2907 1.6393e+01  1019.9235    21.0838    19.9151     8.4116    257.726    7.51785  230.34195    111.888 -9.990e-29
   40.44574  -73.71800      2.049      2.034    21.0824    29.0090      8.014     1.2907 1.5658e+01  1019.9281    21.0820    19.9183     8.4109    257.705    7.51759  230.33481    111.883 -9.990e-29
   40.44574  -73.71800      2.059      2.043    21.0831    29.0117      8.014     1.3042 1.5515e+01  1019.9302    21.0827    19.9202     8.4108    257.702    7.51756  230.33404    111.882 -9.990e-29
   40.44574  -73.71800      2.059      2.043    21.0850    29.0117      8.014     1.3042 1.7003e+01  1019.9299    21.0846    19.9205     8.4108    257.702    7.51755  230.33352    111.882 -9.990e-29
   40.44574  -73.71800      2.069      2.053    21.0872    29.0117      8.014     1.3042 1.8509e+01  1019.9286    21.0868    19.9196     8.4104    257.692    7.51758  230.33440    111.877 -9.990e-29
   40.44574  -73.71800      2.080      2.064    21.0889    29.0113      8.014     1.3042 1.8847e+01  1019.9275    21.0885    19.9186     8.4057    257.548    7.51763  230.33629    111.814 -9.990e-29
   40.44574  -73.71800      2.089      2.073    21.0902    29.0106      8.014     1.3042 1.9366e+01  1019.9265    21.0898    19.9177     8.4097    257.668    7.51778  230.34100    111.864 -9.990e-29
   40.44574  -73.71800      2.089      2.073    21.0915    29.0103      8.014     1.3042 2.0138e+01  1019.9260    21.0911    19.9170     8.4095    257.663    7.51788  230.34430    111.860 -9.990e-29
   40.44574  -73.71800      2.100      2.084    21.0929    29.0101      8.014     1.3042 2.0382e+01  1019.9258    21.0925    19.9166     8.4092    257.653    7.51788  230.34341    111.856 -9.990e-29
   40.44574  -73.71800      2.099      2.083    21.0940    29.0098      8.014     1.3042 2.0260e+01  1019.9251    21.0936    19.9161     8.4086    257.633    7.51759  230.33281    111.852 -9.990e-29
   40.44574  -73.71800      2.099      2.083    21.0941    29.0094      8.014     1.3042 2.0018e+01  1019.9253    21.0937    19.9156     8.4036    257.477    7.51725  230.32130    111.791 -9.990e-29
   40.44574  -73.71800      2.119      2.103    21.0954    29.0078      8.014     1.3042 1.9898e+01  1019.9241    21.0950    19.9142     8.4025    257.446    7.51686  230.30937    111.783 -9.990e-29
   40.44574  -73.71800      2.110      2.094    21.0964    29.0047      8.014     1.3042 1.9542e+01  1019.9209    21.0961    19.9117     8.4013    257.409    7.51625  230.29105    111.776 -9.990e-29
   40.44574  -73.71800      2.119      2.103    21.0966    29.0015      8.014     1.3042 1.8342e+01  1019.9174    21.0962    19.9093     8.4043    257.499    7.51537  230.26384    111.828 -9.990e-29
   40.44574  -73.71800      2.110      2.094    21.0947    29.0009      8.014     1.3042 1.7957e+01  1019.9165    21.0943    19.9084     8.3985    257.321    7.51426  230.22999    111.767 -9.990e-29
   40.44574  -73.71800      2.121      2.104    21.0929    29.0009      8.014     1.3042 1.8066e+01  1019.9184    21.0925    19.9091     8.3963    257.257    7.51277  230.18522    111.761 -9.990e-29
   40.44574  -73.71800      2.119      2.103    21.0917    29.0007      8.014     1.3042 1.8904e+01  1019.9193    21.0913    19.9100     8.3943    257.197    7.51136  230.14336    111.755 -9.990e-29
   40.44574  -73.71800      2.119      2.103    21.0905    29.0007      8.014     1.3042 1.9192e+01  1019.9200    21.0901    19.9105     8.3973    257.290    7.51040  230.11623    111.809 -9.990e-29
   40.44574  -73.71800      2.119      2.103    21.0889    29.0009      8.014     1.3042 1.9250e+01  1019.9197    21.0885    19.9106     8.3922    257.137    7.50983  230.10060    111.750 -9.990e-29
   40.44574  -73.71800      2.119      2.103    21.0864    29.0012      8.014     1.3042 1.9366e+01  1019.9195    21.0860    19.9110     8.3959    257.251    7.50947  230.09076    111.804 -9.990e-29
   40.44574  -73.71800      2.119      2.103    21.0838    29.0018      8.014     1.3042 1.9424e+01  1019.9208    21.0834    19.9126     8.3912    257.107    7.50919  230.08304    111.745 -9.990e-29
   40.44574  -73.71800      2.119      2.103    21.0813    29.0047      8.014     1.3042 1.9424e+01  1019.9249    21.0809    19.9153     8.3909    257.098    7.50920  230.08409    111.741 -9.990e-29
   40.44574  -73.71800      2.119      2.103    21.0810    29.0077      8.014     1.3042 1.9542e+01  1019.9278    21.0806    19.9178     8.3911    257.107    7.50934  230.08907    111.742 -9.990e-29
   40.44574  -73.71800      2.100      2.084    21.0817    29.0094      8.014     1.3042 1.9660e+01  1019.9288    21.0813    19.9189     8.3914    257.117    7.50951  230.09457    111.744 -9.990e-29
   40.44574  -73.71800      2.110      2.094    21.0831    29.0095      8.014     1.3042 1.9660e+01  1019.9281    21.0827    19.9189     8.3915    257.118    7.50972  230.10124    111.741 -9.990e-29
   40.44574  -73.71800      2.110      2.094    21.0839    29.0095      8.014     1.3042 2.0321e+01  1019.9274    21.0836    19.9185     8.3920    257.133    7.50996  230.10855    111.744 -9.990e-29
   40.44574  -73.71800      2.089      2.073    21.0847    29.0095      8.014     1.3042 2.0940e+01  1019.9278    21.0843    19.9182     8.3926    257.153    7.51034  230.11972    111.748 -9.990e-29
   40.44574  -73.71800      2.099      2.083    21.0866    29.0089      8.014     1.3042 2.1066e+01  1019.9268    21.0862    19.9173     8.3974    257.299    7.51073  230.13130    111.805 -9.990e-29
   40.44574  -73.71800      2.089      2.073    21.0874    29.0076      8.014     1.3042 2.0628e+01  1019.9250    21.0870    19.9162     8.3981    257.319    7.51104  230.14050    111.809 -9.990e-29
   40.44574  -73.71800      2.089      2.073    21.0866    29.0063      8.014     1.2907 2.0138e+01  1019.9243    21.0862    19.9154     8.3946    257.213    7.51131  230.14858    111.760 -9.990e-29
   40.44574  -73.71800      2.070      2.054    21.0858    29.0055      8.014     1.3042 1.9958e+01  1019.9236    21.0854    19.9150     8.3949    257.222    7.51155  230.15602    111.760 -9.990e-29
   40.44574  -73.71800      2.069      2.053    21.0843    29.0049      8.014     1.3042 1.9958e+01  1019.9242    21.0839    19.9148     8.3996    257.366    7.51178  230.16301    111.819 -9.990e-29
   40.44574  -73.71800      2.069      2.053    21.0829    29.0040      8.014     1.3042 1.9898e+01  1019.9236    21.0826    19.9146     8.4007    257.401    7.51208  230.17258    111.829 -9.990e-29
   40.44574  -73.71800      2.049      2.034    21.0811    29.0037      8.014     1.3042 1.9838e+01  1019.9227    21.0807    19.9147     8.3977    257.311    7.51296  230.20187    111.776 -9.990e-29
   40.44574  -73.71800      2.049      2.034    21.0762    29.0033      8.014     1.3042 2.0505e+01  1019.9245    21.0758    19.9159     8.4043    257.515    7.51445  230.25032    111.842 -9.990e-29
   40.44574  -73.71800      2.038      2.023    21.0711    29.0032      8.014     1.2907 2.2431e+01  1019.9271    21.0707    19.9175     8.4072    257.606    7.51631  230.30782    111.853 -9.990e-29
   40.44574  -73.71800      2.029      2.013    21.0660    29.0033      8.014     1.3042 2.3179e+01  1019.9274    21.0656    19.9185     8.4099    257.686    7.51824  230.36550    111.860 -9.990e-29
   40.44574  -73.71800      2.018      2.002    21.0604    29.0037      8.014     1.3042 2.3179e+01  1019.9268    21.0600    19.9196     8.4124    257.761    7.52003  230.41842    111.867 -9.990e-29
   40.44574  -73.71800      2.019      2.004    21.0517    29.0040      8.019     1.2907 2.3249e+01  1019.9307    21.0513    19.9226     8.4148    257.832    7.52165  230.46622    111.874 -9.990e-29
   40.44574  -73.71800      1.999      1.983    21.0442    29.0071      8.014     1.3042 2.3318e+01  1019.9362    21.0438    19.9267     8.4168    257.891    7.52293  230.50382    111.881 -9.990e-29
   40.44574  -73.71800      1.988      1.972    21.0403    29.0096      8.014     1.3042 2.3388e+01  1019.9396    21.0400    19.9298     8.4183    257.934    7.52374  230.52588    111.889 -9.990e-29
   40.44574  -73.71800      1.988      1.972    21.0372    29.0102      8.014     1.3042 2.4455e+01  1019.9404    21.0368    19.9314     8.4191    257.957    7.52399  230.53051    111.897 -9.990e-29
   40.44574  -73.71800      1.968      1.953    21.0329    29.0104      8.014     1.3042 2.5043e+01  1019.9402    21.0326    19.9327     8.4189    257.948    7.52359  230.51576    111.900 -9.990e-29
   40.44574  -73.71800      1.968      1.953    21.0271    29.0122      8.014     1.3042 2.5117e+01  1019.9429    21.0267    19.9353     8.4187    257.941    7.52316  230.50269    111.904 -9.990e-29
   40.44574  -73.71800      1.948      1.933    21.0223    29.0162      8.014     1.3042 2.4527e+01  1019.9479    21.0220    19.9394     8.4187    257.944    7.52296  230.49804    111.907 -9.990e-29
   40.44574  -73.71800      1.948      1.933    21.0209    29.0209      8.014     1.3042 2.4238e+01  1019.9529    21.0206    19.9434     8.4198    257.977    7.52334  230.51094    111.915 -9.990e-29
   40.44574  -73.71800      1.938      1.923    21.0221    29.0238      8.019     1.3042 2.4238e+01  1019.9556    21.0217    19.9457     8.4212    258.023    7.52407  230.53414    111.924 -9.990e-29
   40.44574  -73.71800      1.917      1.903    21.0248    29.0238 -9.990e-29     1.3042 2.3951e+01  1019.9546    21.0245    19.9458     8.4224    258.058    7.52487  230.55848    111.927 -9.990e-29
   40.44574  -73.71800      1.917      1.903    21.0269    29.0238 -9.990e-29     1.3042 2.3738e+01  1019.9535    21.0266    19.9443     8.4234    258.087    7.52549  230.57745    111.931 -9.990e-29
   40.44574  -73.71802      1.907      1.892    21.0302    29.0219 -9.990e-29     1.3042 2.3668e+01  1019.9495    21.0298    19.9423     8.4245    258.123    7.52629  230.60208    111.934 -9.990e-29
   40.44574  -73.71802      1.897      1.882    21.0307    29.0207 -9.990e-29     1.3042 2.2364e+01  1019.9487    21.0303    19.9411     8.4258    258.164    7.52723  230.63088    111.938 -9.990e-29
   40.44574  -73.71802      1.887      1.873    21.0305    29.0206 -9.990e-29     1.3042 2.0940e+01  1019.9494    21.0301    19.9410     8.4228    258.071    7.52827  230.66208    111.883 -9.990e-29
   40.44574  -73.71802      1.876      1.862    21.0303    29.0204      8.019     1.3042 2.0628e+01  1019.9492    21.0300    19.9408     8.4281    258.231    7.52910  230.68626    111.941 -9.990e-29
