CalculateIndicators/WaterTemperature/Data/CTD_NYOS/20240913_C13.cnv
* Sea-Bird SBE 9 Data File:
* FileName = C:\Seabird 9 CTD\Data\2024\202409_offshore\20240913_C13.hex
* Software Version Seasave V 7.23.2
* Temperature SN = 4590
* Conductivity SN = 3228
* Number of Bytes Per Scan = 44
* Number of Voltage Words = 5
* Number of Scans Averaged by the Deck Unit = 1
* NMEA Latitude = 39 19.48 N
* NMEA Longitude = 072 05.45 W
* NMEA UTC (Time) = Sep 13 2024  02:40:20
* NMEA baud rate = 4800
** Ship: Seawolf
** Station: 9.7a
** Operator: TCM
# nquan = 18
# nvalues = 19715                       
# units = specified
# name 0 = latitude: Latitude [deg]
# name 1 = longitude: Longitude [deg]
# name 2 = prDM: Pressure, Digiquartz [db]
# name 3 = depSM: Depth [salt water, m]
# name 4 = t090C: Temperature [ITS-90, deg C]
# name 5 = sal00: Salinity, Practical [PSU]
# name 6 = ph: pH
# name 7 = flECO-AFL: Fluorescence, WET Labs ECO-AFL/FL [mg/m^3]
# name 8 = cpar: CPAR/Corrected Irradiance [%]
# name 9 = density00: Density [density, kg/m^3]
# name 10 = potemp090C: Potential Temperature [ITS-90, deg C]
# name 11 = sigma-é00: Density [sigma-theta, kg/m^3]
# name 12 = sbeox0Mg/L: Oxygen, SBE 43 [mg/l]
# name 13 = sbox0Mm/Kg: Oxygen, SBE 43 [umol/kg]
# name 14 = oxsolMg/L: Oxygen Saturation, Garcia & Gordon [mg/l]
# name 15 = oxsolMm/Kg: Oxygen Saturation, Garcia & Gordon [umol/kg]
# name 16 = sbeox0PS: Oxygen, SBE 43 [% saturation]
# name 17 = flag:  0.000e+00
# span 0 =   39.32474,   39.32670       
# span 1 =  -72.09578,  -72.09082       
# span 2 =      1.308,    101.905       
# span 3 =      1.298,    101.105       
# span 4 =    14.0678,    24.0668       
# span 5 =    33.0745,    35.6115       
# span 6 =      8.014,      8.251       
# span 7 =    -0.0792,     0.5654       
# span 8 = 1.6880e-11, 4.8788e+01       
# span 9 =  1022.5293,  1027.0966       
# span 10 =    14.0531,    24.0632      
# span 11 =    22.5180,    26.6485      
# span 12 =     5.0292,     8.6551      
# span 13 =    153.086,    263.952      
# span 14 =    6.92293,    8.25702      
# span 15 =  211.51986,  251.33795      
# span 16 =     60.919,    113.140      
# span 17 = 0.0000e+00, 0.0000e+00      
# interval = seconds: 0.0416667
# start_time = Sep 13 2024 02:40:21 [System UTC, first data scan.]
# bad_flag = -9.990e-29
*END*
[from data line 13508]
   39.32604  -72.09426     41.661     41.341    18.1858    34.6756      8.192     0.2968 1.6880e-11  1025.1607    18.1786    24.9795     8.0245    244.684    7.65159  233.31301    104.874 0.0000e+00
   39.32604  -72.09426     41.642     41.321    18.1876    34.6735      8.192     0.2968 1.6880e-11  1025.1584    18.1805    24.9774     8.0282    244.795    7.65134  233.30528    104.925 0.0000e+00
   39.32604  -72.09426     41.619     41.298    18.1904    34.6718      8.192     0.2968 1.6880e-11  1025.1563    18.1833    24.9756     8.0272    244.766    7.65089  233.29200    104.919 0.0000e+00
   39.32604  -72.09426     41.591     41.271    18.1928    34.6699      8.192     0.2968 1.6880e-11  1025.1552    18.1857    24.9737     8.0305    244.869    7.65039  233.27749    104.969 0.0000e+00
   39.32604  -72.09426     41.570     41.250    18.1928    34.6665      8.192     0.2968 1.6880e-11  1025.1526    18.1857    24.9707     8.0341    244.978    7.64994  233.26463    105.022 0.0000e+00
   39.32604  -72.09426     41.540     41.220    18.1941    34.6614      8.192     0.2968 1.6880e-11  1025.1471    18.1870    24.9664     8.0381    245.102    7.64973  233.25868    105.077 0.0000e+00
   39.32604  -72.09426     41.529     41.209    18.1964    34.6560      8.192     0.3103 1.6880e-11  1025.1420    18.1893    24.9618     8.0424    245.233    7.64956  233.25391    105.136 0.0000e+00
   39.32604  -72.09426     41.506     41.186    18.1992    34.6512      8.192     0.3103 1.6880e-11  1025.1379    18.1920    24.9575     8.0422    245.228    7.64933  233.24753    105.136 0.0000e+00
   39.32604  -72.09426     41.478     41.159    18.2021    34.6471      8.192     0.3103 1.6880e-11  1025.1339    18.1950    24.9537     8.0511    245.499    7.64921  233.24380    105.254 0.0000e+00
   39.32604  -72.09426     41.459     41.139    18.2051    34.6435      8.192     0.3103 1.6880e-11  1025.1303    18.1979    24.9501     8.0557    245.639    7.64919  233.24324    105.315 0.0000e+00
   39.32604  -72.09426     41.438     41.119    18.2082    34.6402      8.192     0.3103 1.6880e-11  1025.1268    18.2011    24.9469     8.0559    245.644    7.64914  233.24143    105.317 0.0000e+00
   39.32604  -72.09426     41.415     41.096    18.2111    34.6375      8.192     0.3103 1.6880e-11  1025.1238    18.2040    24.9441     8.0650    245.923    7.64911  233.24074    105.437 0.0000e+00
   39.32604  -72.09426     41.397     41.078    18.2136    34.6354      8.192     0.3103 1.6880e-11  1025.1219    18.2064    24.9418     8.0656    245.939    7.64909  233.23993    105.445 0.0000e+00
   39.32604  -72.09426     41.366     41.048    18.2160    34.6335      8.192     0.3103 1.6880e-11  1025.1197    18.2089    24.9398     8.0699    246.072    7.64894  233.23564    105.504 0.0000e+00
   39.32604  -72.09426     41.357     41.038    18.2186    34.6315      8.192     0.3103 1.6880e-11  1025.1177    18.2115    24.9375     8.0744    246.209    7.64877  233.23066    105.565 0.0000e+00
   39.32604  -72.09426     41.336     41.018    18.2208    34.6286      8.192     0.3237 1.6880e-11  1025.1156    18.2137    24.9346     8.0836    246.489    7.64852  233.22333    105.688 0.0000e+00
   39.32604  -72.09426     41.322     41.004    18.2250    34.6234      8.192     0.3103 1.6880e-11  1025.1109    18.2179    24.9293     8.0841    246.507    7.64828  233.21633    105.699 0.0000e+00
   39.32604  -72.09426     41.295     40.977    18.2338    34.6156      8.192     0.3103 1.6880e-11  1025.1017    18.2267    24.9214     8.0795    246.366    7.64810  233.21131    105.641 0.0000e+00
   39.32604  -72.09426     41.275     40.957    18.2453    34.6065      8.192     0.3103 1.6880e-11  1025.0909    18.2382    24.9121     8.0927    246.768    7.64803  233.20938    105.814 0.0000e+00
   39.32604  -72.09426     41.264     40.946    18.2551    34.5984      8.192     0.3103 1.6880e-11  1025.0816    18.2480    24.9037     8.1022    247.057    7.64825  233.21601    105.935 0.0000e+00
   39.32604  -72.09426     41.231     40.914    18.2617    34.5927      8.192     0.3103 1.6880e-11  1025.0754    18.2546    24.8976     8.1036    247.102    7.64861  233.22655    105.949 -9.990e-29
   39.32604  -72.09426     41.234     40.916    18.2654    34.5892      8.192     0.3103 1.6880e-11  1025.0727    18.2582    24.8938     8.1048    247.136    7.64890  233.23494    105.960 -9.990e-29
   39.32604  -72.09426     41.203     40.886    18.2681    34.5869      8.192     0.3103 1.6880e-11  1025.0701    18.2610    24.8913     8.1143    247.426    7.64913  233.24147    106.081 0.0000e+00
   39.32604  -72.09426     41.183     40.866    18.2697    34.5850      8.192     0.3103 1.6880e-11  1025.0682    18.2626    24.8894     8.1196    247.588    7.64918  233.24237    106.151 0.0000e+00
   39.32604  -72.09426     41.169     40.852    18.2712    34.5839      8.192     0.3103 1.6880e-11  1025.0668    18.2641    24.8882     8.1244    247.732    7.64898  233.23550    106.215 0.0000e+00
   39.32604  -72.09426     41.152     40.836    18.2720    34.5833      8.197     0.3103 1.6880e-11  1025.0662    18.2649    24.8875     8.1289    247.869    7.64844  233.21873    106.282 0.0000e+00
   39.32604  -72.09426     41.132     40.815    18.2720    34.5832      8.197     0.3103 1.6880e-11  1025.0663    18.2649    24.8873     8.1333    248.005    7.64779  233.19924    106.349 0.0000e+00
   39.32604  -72.09426     41.111     40.794    18.2723    34.5831      8.197     0.3103 1.6880e-11  1025.0660    18.2652    24.8872     8.1335    248.010    7.64725  233.18368    106.358 0.0000e+00
   39.32604  -72.09426     41.099     40.782    18.2730    34.5831      8.197     0.3103 1.6880e-11  1025.0656    18.2659    24.8871     8.1381    248.151    7.64685  233.17219    106.424 0.0000e+00
   39.32604  -72.09426     41.081     40.764    18.2726    34.5832      8.197     0.3103 1.6880e-11  1025.0660    18.2656    24.8872     8.1425    248.285    7.64655  233.16346    106.486 0.0000e+00
   39.32604  -72.09426     41.060     40.744    18.2730    34.5833      8.192     0.3237 1.6880e-11  1025.0659    18.2659    24.8872     8.1472    248.429    7.64639  233.15884    106.549 0.0000e+00
   39.32604  -72.09426     41.041     40.725    18.2735    34.5831      8.192     0.3371 1.6880e-11  1025.0655    18.2664    24.8870     8.1521    248.578    7.64629  233.15610    106.615 0.0000e+00
   39.32604  -72.09426     41.027     40.711    18.2740    34.5829      8.197     0.3371 1.6880e-11  1025.0647    18.2669    24.8868     8.1523    248.586    7.64606  233.14894    106.621 0.0000e+00
   39.32604  -72.09426     41.009     40.693    18.2735    34.5831      8.197     0.3371 1.6880e-11  1025.0654    18.2664    24.8869     8.1562    248.704    7.64556  233.13376    106.679 0.0000e+00
   39.32604  -72.09426     40.979     40.663    18.2737    34.5835      8.197     0.3371 1.6880e-11  1025.0652    18.2666    24.8873     8.1600    248.820    7.64492  233.11488    106.737 0.0000e+00
   39.32604  -72.09426     40.969     40.654    18.2735    34.5842      8.197     0.3371 1.6880e-11  1025.0659    18.2664    24.8877     8.1639    248.941    7.64430  233.09708    106.797 0.0000e+00
   39.32604  -72.09426     40.955     40.640    18.2735    34.5849      8.192     0.3371 1.6880e-11  1025.0666    18.2664    24.8881     8.1638    248.938    7.64400  233.08860    106.800 0.0000e+00
   39.32604  -72.09426     40.918     40.603    18.2751    34.5849      8.192     0.3371 1.6880e-11  1025.0664    18.2680    24.8878     8.1677    249.057    7.64390  233.08592    106.852 0.0000e+00
   39.32604  -72.09426     40.908     40.593    18.2777    34.5843      8.192     0.3371 1.6880e-11  1025.0646    18.2706    24.8867     8.1718    249.182    7.64382  233.08401    106.907 0.0000e+00
   39.32604  -72.09426     40.888     40.573    18.2797    34.5831      8.197     0.3371 1.6880e-11  1025.0633    18.2727    24.8854     8.1760    249.313    7.64380  233.08335    106.963 0.0000e+00
   39.32604  -72.09426     40.864     40.550    18.2820    34.5818      8.197     0.3371 1.6880e-11  1025.0617    18.2749    24.8837     8.1758    249.305    7.64371  233.08065    106.961 0.0000e+00
   39.32604  -72.09426     40.846     40.532    18.2853    34.5797      8.197     0.3371 1.6880e-11  1025.0594    18.2782    24.8812     8.1751    249.284    7.64348  233.07347    106.955 0.0000e+00
   39.32604  -72.09426     40.816     40.502    18.2903    34.5768      8.197     0.3371 1.6880e-11  1025.0557    18.2833    24.8779     8.1779    249.368    7.64289  233.05501    107.000 0.0000e+00
   39.32604  -72.09426     40.802     40.488    18.2959    34.5737      8.192     0.3505 1.6880e-11  1025.0509    18.2888    24.8743     8.1806    249.451    7.64213  233.03223    107.046 0.0000e+00
   39.32604  -72.09426     40.776     40.462    18.2995    34.5715      8.197     0.3371 1.6880e-11  1025.0482    18.2925    24.8718     8.1790    249.406    7.64154  233.01552    107.034 0.0000e+00
   39.32604  -72.09426     40.765     40.451    18.3009    34.5708      8.197     0.3371 1.6880e-11  1025.0476    18.2939    24.8708     8.1817    249.488    7.64123  233.00762    107.073 0.0000e+00
   39.32604  -72.09426     40.734     40.421    18.3016    34.5708      8.197     0.3371 1.6880e-11  1025.0476    18.2945    24.8706     8.1808    249.461    7.64130  233.01028    107.060 0.0000e+00
   39.32606  -72.09428     40.700     40.387    18.3021    34.5710      8.197     0.3371 1.6880e-11  1025.0476    18.2951    24.8704     8.1838    249.552    7.64140  233.01262    107.098 0.0000e+00
   39.32606  -72.09428     40.693     40.380    18.3033    34.5711      8.197     0.3371 1.6880e-11  1025.0471    18.2963    24.8702     8.1865    249.632    7.64100  232.99965    107.139 0.0000e+00
   39.32606  -72.09428     40.653     40.340    18.3049    34.5708      8.197     0.3371 1.6880e-11  1025.0471    18.2979    24.8695     8.1842    249.565    7.64023  232.97637    107.120 0.0000e+00
   39.32606  -72.09428     40.639     40.326    18.3085    34.5695      8.197     0.3371 1.6880e-11  1025.0449    18.3015    24.8677     8.1818    249.491    7.63948  232.95448    107.099 0.0000e+00
   39.32606  -72.09428     40.612     40.299    18.3129    34.5671      8.197     0.3371 1.6880e-11  1025.0416    18.3059    24.8649     8.1837    249.552    7.63916  232.94587    107.129 0.0000e+00
   39.32606  -72.09428     40.581     40.269    18.3170    34.5643      8.197     0.3371 1.6880e-11  1025.0379    18.3100    24.8619     8.1818    249.494    7.63932  232.95076    107.102 0.0000e+00
   39.32606  -72.09428     40.558     40.246    18.3193    34.5619      8.197     0.3371 1.6880e-11  1025.0354    18.3123    24.8594     8.1844    249.571    7.63956  232.95809    107.131 0.0000e+00
   39.32606  -72.09428     40.541     40.229    18.3211    34.5600      8.197     0.3371 1.6880e-11  1025.0335    18.3140    24.8574     8.1872    249.656    7.63985  232.96643    107.164 0.0000e+00
   39.32606  -72.09428     40.510     40.198    18.3231    34.5586      8.197     0.3237 1.6880e-11  1025.0316    18.3161    24.8560     8.1857    249.611    7.64025  232.97831    107.139 0.0000e+00
   39.32606  -72.09428     40.486     40.175    18.3241    34.5581      8.197     0.3103 1.6880e-11  1025.0309    18.3172    24.8553     8.1837    249.550    7.64078  232.99356    107.106 0.0000e+00
   39.32606  -72.09428     40.459     40.147    18.3240    34.5583      8.197     0.3103 1.6880e-11  1025.0314    18.3170    24.8554     8.1862    249.623    7.64095  232.99775    107.135 0.0000e+00
   39.32606  -72.09428     40.428     40.117    18.3243    34.5588      8.197     0.3103 1.6880e-11  1025.0315    18.3173    24.8557     8.1840    249.558    7.64091  232.99652    107.108 0.0000e+00
   39.32606  -72.09428     40.414     40.103    18.3243    34.5590      8.197     0.3103 1.6880e-11  1025.0317    18.3173    24.8558     8.1812    249.473    7.64088  232.99564    107.072 0.0000e+00
   39.32606  -72.09428     40.377     40.066    18.3245    34.5590      8.197     0.3103 1.6880e-11  1025.0314    18.3175    24.8557     8.1834    249.540    7.64094  232.99746    107.100 0.0000e+00
   39.32606  -72.09428     40.358     40.047    18.3256    34.5587      8.197     0.3103 1.6880e-11  1025.0309    18.3186    24.8553     8.1854    249.598    7.64093  232.99664    107.125 0.0000e+00
   39.32606  -72.09428     40.323     40.013    18.3269    34.5581      8.197     0.3103 1.6880e-11  1025.0300    18.3200    24.8544     8.1825    249.509    7.64046  232.98191    107.094 0.0000e+00
   39.32606  -72.09428     40.307     39.997    18.3290    34.5571      8.197     0.3103 1.6880e-11  1025.0286    18.3220    24.8532     8.1833    249.537    7.63945  232.95209    107.119 0.0000e+00
   39.32606  -72.09428     40.286     39.976    18.3310    34.5557      8.197     0.3103 1.6880e-11  1025.0271    18.3241    24.8517     8.1803    249.447    7.63842  232.92227    107.095 0.0000e+00
   39.32606  -72.09428     40.252     39.942    18.3330    34.5541      8.197     0.3103 1.6880e-11  1025.0248    18.3260    24.8501     8.1771    249.350    7.63770  232.90152    107.062 0.0000e+00
   39.32606  -72.09428     40.235     39.925    18.3340    34.5528      8.197     0.3103 1.6880e-11  1025.0232    18.3271    24.8490     8.1778    249.371    7.63726  232.88905    107.077 0.0000e+00
   39.32606  -72.09428     40.194     39.884    18.3327    34.5526      8.197     0.3103 1.6880e-11  1025.0230    18.3257    24.8490     8.1796    249.429    7.63688  232.87828    107.107 0.0000e+00
   39.32606  -72.09428     40.180     39.871    18.3297    34.5536      8.197     0.3103 1.6880e-11  1025.0248    18.3228    24.8503     8.1777    249.371    7.63651  232.86716    107.087 0.0000e+00
   39.32606  -72.09428     40.154     39.845    18.3271    34.5554      8.197     0.3103 1.6880e-11  1025.0267    18.3202    24.8523     8.1751    249.291    7.63601  232.85256    107.060 0.0000e+00
   39.32606  -72.09428     40.123     39.815    18.3248    34.5579      8.197     0.3103 1.6880e-11  1025.0289    18.3179    24.8547     8.1766    249.338    7.63559  232.84038    107.085 0.0000e+00
   39.32606  -72.09428     40.108     39.800    18.3233    34.5611      8.197     0.3103 1.6880e-11  1025.0319    18.3164    24.8575     8.1790    249.411    7.63527  232.83115    107.121 0.0000e+00
   39.32606  -72.09428     40.072     39.764    18.3233    34.5646      8.197     0.3103 1.6880e-11  1025.0351    18.3164    24.8601     8.1773    249.359    7.63505  232.82485    107.102 0.0000e+00
   39.32606  -72.09428     40.068     39.760    18.3259    34.5668      8.197     0.3103 1.6880e-11  1025.0371    18.3190    24.8611     8.1800    249.444    7.63486  232.81947    107.141 0.0000e+00
   39.32606  -72.09428     40.031     39.723    18.3309    34.5663      8.197     0.3103 1.6880e-11  1025.0345    18.3240    24.8598     8.1832    249.542    7.63470  232.81501    107.185 0.0000e+00
   39.32606  -72.09428     40.010     39.702    18.3358    34.5641      8.197     0.3103 1.6880e-11  1025.0306    18.3289    24.8571     8.1822    249.510    7.63454  232.81003    107.173 0.0000e+00
   39.32606  -72.09428     39.987     39.679    18.3392    34.5618      8.197     0.3103 1.6880e-11  1025.0281    18.3322    24.8544     8.1806    249.462    7.63434  232.80435    107.155 0.0000e+00
   39.32606  -72.09428     39.959     39.652    18.3420    34.5598      8.197     0.3103 1.6880e-11  1025.0254    18.3351    24.8522     8.1836    249.553    7.63418  232.79961    107.197 0.0000e+00
   39.32606  -72.09428     39.955     39.648    18.3436    34.5584      8.197     0.3103 1.6880e-11  1025.0240    18.3367    24.8507     8.1823    249.515    7.63398  232.79377    107.183 0.0000e+00
