CalculateIndicators/WaterTemperature/Data/CTD_NYOS/20240429_C30A.cnv
* Sea-Bird SBE 9 Data File:
* FileName = C:\Seabird 9 CTD\Data\2024\202404_offshore\20240429_C30A.hex
* Software Version Seasave V 7.23.2
* Temperature SN = 4590
* Conductivity SN = 3228
* Number of Bytes Per Scan = 44
* Number of Voltage Words = 5
* Number of Scans Averaged by the Deck Unit = 1
* NMEA Latitude = 39 55.35 N
* NMEA Longitude = 071 32.08 W
* NMEA UTC (Time) = Apr 29 2024  05:42:34
* NMEA baud rate = 4800
** Ship: Seawolf
** Station: 11.6
** Operator: TDK
# nquan = 18
# nvalues = 2514                        
# units = specified
# name 0 = latitude: Latitude [deg]
# name 1 = longitude: Longitude [deg]
# name 2 = prDM: Pressure, Digiquartz [db]
# name 3 = depSM: Depth [salt water, m]
# name 4 = t090C: Temperature [ITS-90, deg C]
# name 5 = sal00: Salinity, Practical [PSU]
# name 6 = ph: pH
# name 7 = flECO-AFL: Fluorescence, WET Labs ECO-AFL/FL [mg/m^3]
# name 8 = cpar: CPAR/Corrected Irradiance [%]
# name 9 = density00: Density [density, kg/m^3]
# name 10 = potemp090C: Potential Temperature [ITS-90, deg C]
# name 11 = sigma-é00: Density [sigma-theta, kg/m^3]
# name 12 = sbeox0Mg/L: Oxygen, SBE 43 [mg/l]
# name 13 = sbox0Mm/Kg: Oxygen, SBE 43 [umol/kg]
# name 14 = oxsolMg/L: Oxygen Saturation, Garcia & Gordon [mg/l]
# name 15 = oxsolMm/Kg: Oxygen Saturation, Garcia & Gordon [umol/kg]
# name 16 = sbeox0PS: Oxygen, SBE 43 [% saturation]
# name 17 = flag:  0.000e+00
# span 0 =   39.92250,   39.92254       
# span 1 =  -71.53476,  -71.53454       
# span 2 =      1.741,      2.750       
# span 3 =      1.727,      2.729       
# span 4 =     7.5072,     7.5190       
# span 5 =    32.1091,    32.1130       
# span 6 =      8.085,      8.085       
# span 7 =     1.1698,     1.7877       
# span 8 = 5.0640e-11, 7.9950e+01       
# span 9 =  1025.0744,  1025.0875       
# span 10 =     7.5070,     7.5188      
# span 11 =    25.0728,    25.0757      
# span 12 =    10.8197,    10.9163      
# span 13 =    329.849,    332.793      
# span 14 =    9.71672,    9.71931      
# span 15 =  296.22430,  296.30291      
# span 16 =    111.334,    112.329      
# span 17 = 0.0000e+00, 0.0000e+00      
# interval = seconds: 0.0416667
# start_time = Apr 29 2024 05:42:33 [System UTC, first data scan.]
# bad_flag = -9.990e-29
*END*
[from data line 1528]
   39.92254  -71.53464      2.417      2.398     7.5124    32.1110 -9.990e-29     1.3579 3.1319e+01  1025.0855     7.5122    25.0743    10.8965    332.191    9.71810  296.26645    112.126 -9.990e-29
   39.92254  -71.53464      2.428      2.409     7.5124    32.1108 -9.990e-29     1.3444 1.8275e+01  1025.0853     7.5122    25.0742    10.8970    332.207    9.71809  296.26608    112.131 -9.990e-29
   39.92254  -71.53464      2.428      2.409     7.5126    32.1107 -9.990e-29     1.3444 9.5935e+00  1025.0851     7.5124    25.0741    10.8975    332.222    9.71812  296.26681    112.136 -9.990e-29
   39.92254  -71.53464      2.437      2.419     7.5123    32.1108 -9.990e-29     1.3444 8.2343e+00  1025.0854     7.5120    25.0742    10.8918    332.046    9.71815  296.26770    112.076 -9.990e-29
   39.92254  -71.53464      2.447      2.428     7.5123    32.1109 -9.990e-29     1.3444 1.1759e+01  1025.0854     7.5121    25.0743    10.8974    332.218    9.71811  296.26642    112.135 -9.990e-29
   39.92254  -71.53464      2.450      2.431     7.5121    32.1109 -9.990e-29     1.3444 1.9307e+01  1025.0857     7.5118    25.0743    10.8976    332.226    9.71809  296.26597    112.138 -9.990e-29
   39.92254  -71.53464      2.447      2.428     7.5124    32.1109 -9.990e-29     1.3444 2.1880e+01  1025.0853     7.5122    25.0743    10.8917    332.045    9.71816  296.26797    112.076 -9.990e-29
   39.92254  -71.53464      2.468      2.449     7.5123    32.1110 -9.990e-29     1.3444 2.3855e+01  1025.0857     7.5120    25.0744    10.8972    332.211    9.71811  296.26661    112.132 -9.990e-29
   39.92254  -71.53464      2.468      2.449     7.5123    32.1111 -9.990e-29     1.3444 3.0142e+01  1025.0858     7.5120    25.0744    10.8973    332.216    9.71815  296.26765    112.134 -9.990e-29
   39.92254  -71.53464      2.479      2.460     7.5123    32.1111 -9.990e-29     1.3444 3.2640e+01  1025.0860     7.5121    25.0744    10.8919    332.051    9.71806  296.26484    112.079 -9.990e-29
   39.92254  -71.53464      2.488      2.469     7.5124    32.1110 -9.990e-29     1.3444 3.3796e+01  1025.0856     7.5122    25.0743    10.8920    332.054    9.71808  296.26563    112.080 -9.990e-29
   39.92254  -71.53464      2.498      2.479     7.5127    32.1110 -9.990e-29     1.3444 3.9895e+01  1025.0857     7.5125    25.0743    10.8912    332.028    9.71809  296.26592    112.071 -9.990e-29
   39.92254  -71.53464      2.509      2.490     7.5124    32.1112 -9.990e-29     1.3444 4.2838e+01  1025.0861     7.5122    25.0745    10.8966    332.194    9.71821  296.26963    112.126 -9.990e-29
   39.92254  -71.53464      2.518      2.499     7.5127    32.1112 -9.990e-29     1.3310 3.8794e+01  1025.0859     7.5125    25.0745    10.8965    332.192    9.71820  296.26942    112.125 -9.990e-29
   39.92254  -71.53464      2.528      2.509     7.5127    32.1112 -9.990e-29     1.3444 1.7591e+01  1025.0861     7.5125    25.0744    10.8974    332.218    9.71829  296.27185    112.133 -9.990e-29
   39.92254  -71.53464      2.518      2.499     7.5126    32.1111 -9.990e-29     1.3444 1.1537e+01  1025.0858     7.5124    25.0744    10.8981    332.239    9.71825  296.27079    112.140 -9.990e-29
   39.92254  -71.53464      2.549      2.529     7.5127    32.1111 -9.990e-29     1.3444 1.1449e+01  1025.0861     7.5125    25.0744    10.8917    332.045    9.71831  296.27271    112.074 -9.990e-29
   39.92254  -71.53464      2.549      2.529     7.5127    32.1110 -9.990e-29     1.3444 3.1821e+01  1025.0861     7.5125    25.0743    10.8905    332.009    9.71830  296.27239    112.062 -9.990e-29
   39.92254  -71.53464      2.560      2.540     7.5128    32.1108 -9.990e-29     1.3444 5.7749e+01  1025.0858     7.5125    25.0742    10.8893    331.972    9.71829  296.27231    112.050 -9.990e-29
   39.92254  -71.53464      2.569      2.550     7.5129    32.1106 -9.990e-29     1.3444 6.2257e+01  1025.0859     7.5127    25.0740    10.8890    331.962    9.71828  296.27164    112.046 -9.990e-29
   39.92254  -71.53464      2.579      2.559     7.5129    32.1106 -9.990e-29     1.3310 3.0142e+01  1025.0857     7.5127    25.0740    10.8878    331.926    9.71830  296.27232    112.034 -9.990e-29
   39.92254  -71.53464      2.579      2.559     7.5126    32.1107 -9.990e-29     1.3444 1.6229e+01  1025.0859     7.5124    25.0741    10.8875    331.915    9.71832  296.27290    112.030 -9.990e-29
   39.92254  -71.53464      2.599      2.580     7.5126    32.1109 -9.990e-29     1.3444 1.4685e+01  1025.0861     7.5123    25.0742    10.8872    331.906    9.71833  296.27320    112.027 -9.990e-29
   39.92254  -71.53464      2.599      2.580     7.5126    32.1110 -9.990e-29     1.3310 1.1145e+01  1025.0864     7.5124    25.0743    10.8868    331.894    9.71829  296.27201    112.023 -9.990e-29
   39.92254  -71.53464      2.609      2.589     7.5129    32.1110 -9.990e-29     1.3444 7.8230e+00  1025.0862     7.5127    25.0743    10.8864    331.883    9.71829  296.27193    112.020 -9.990e-29
   39.92254  -71.53464      2.609      2.589     7.5129    32.1110 -9.990e-29     1.3982 7.1994e+00  1025.0863     7.5127    25.0743    10.8861    331.873    9.71829  296.27220    112.016 -9.990e-29
   39.92254  -71.53464      2.620      2.600     7.5126    32.1110 -9.990e-29     1.4385 1.1274e+01  1025.0864     7.5124    25.0743    10.8857    331.863    9.71829  296.27215    112.013 -9.990e-29
   39.92254  -71.53464      2.609      2.589     7.5129    32.1109 -9.990e-29     1.4385 2.1301e+01  1025.0862     7.5127    25.0742    10.8845    331.824    9.71828  296.27162    112.000 -9.990e-29
   39.92254  -71.53464      2.630      2.610     7.5129    32.1108 -9.990e-29     1.4385 2.5144e+01  1025.0861     7.5127    25.0742    10.8831    331.784    9.71828  296.27176    111.986 -9.990e-29
   39.92254  -71.53464      2.620      2.600     7.5128    32.1108 -9.990e-29     1.4385 2.6321e+01  1025.0862     7.5125    25.0742    10.8765    331.582    9.71829  296.27199    111.918 -9.990e-29
   39.92254  -71.53464      2.639      2.619     7.5129    32.1109 -9.990e-29     1.4385 3.0432e+01  1025.0863     7.5127    25.0742    10.8815    331.735    9.71834  296.27325    111.969 -9.990e-29
   39.92254  -71.53464      2.630      2.610     7.5129    32.1110 -9.990e-29     1.4385 3.1923e+01  1025.0864     7.5127    25.0743    10.8750    331.534    9.71835  296.27383    111.901 -9.990e-29
   39.92254  -71.53464      2.639      2.619     7.5126    32.1110 -9.990e-29     1.4385 3.1319e+01  1025.0865     7.5124    25.0743    10.8736    331.493    9.71826  296.27108    111.888 -9.990e-29
   39.92254  -71.53464      2.639      2.619     7.5127    32.1110 -9.990e-29     1.4385 2.8633e+01  1025.0864     7.5125    25.0743    10.8787    331.649    9.71832  296.27306    111.940 -9.990e-29
   39.92254  -71.53464      2.639      2.619     7.5129    32.1110 -9.990e-29     1.4385 2.7634e+01  1025.0863     7.5127    25.0744    10.8784    331.639    9.71832  296.27276    111.937 -9.990e-29
   39.92254  -71.53464      2.639      2.619     7.5124    32.1110 -9.990e-29     1.4385 2.7456e+01  1025.0867     7.5122    25.0744    10.8719    331.441    9.71833  296.27323    111.870 -9.990e-29
   39.92254  -71.53464      2.642      2.622     7.5129    32.1109 -9.990e-29     1.4385 2.5727e+01  1025.0863     7.5127    25.0743    10.8707    331.404    9.71830  296.27212    111.858 -9.990e-29
   39.92254  -71.53464      2.639      2.619     7.5124    32.1108 -9.990e-29     1.4385 2.4898e+01  1025.0865     7.5122    25.0742    10.8695    331.369    9.71828  296.27151    111.846 -9.990e-29
   39.92254  -71.53464      2.650      2.630     7.5127    32.1107 -9.990e-29     1.4385 2.4735e+01  1025.0862     7.5125    25.0741    10.8746    331.524    9.71822  296.26987    111.899 -9.990e-29
   39.92254  -71.53464      2.639      2.619     7.5127    32.1107 -9.990e-29     1.4385 2.2027e+01  1025.0861     7.5125    25.0740    10.8682    331.329    9.71825  296.27082    111.833 -9.990e-29
   39.92254  -71.53464      2.639      2.619     7.5126    32.1108 -9.990e-29     1.4385 2.0456e+01  1025.0862     7.5124    25.0741    10.8671    331.296    9.71823  296.27006    111.822 -9.990e-29
   39.92254  -71.53464      2.630      2.610     7.5127    32.1109 -9.990e-29     1.4385 2.0249e+01  1025.0863     7.5125    25.0742    10.8662    331.266    9.71826  296.27094    111.812 -9.990e-29
   39.92254  -71.53464      2.639      2.619     7.5123    32.1110 -9.990e-29     1.4385 2.0945e+01  1025.0866     7.5120    25.0743    10.8651    331.235    9.71822  296.26983    111.802 -9.990e-29
   39.92254  -71.53464      2.630      2.610     7.5126    32.1109 -9.990e-29     1.4385 2.1517e+01  1025.0864     7.5124    25.0743    10.8642    331.205    9.71819  296.26900    111.792 -9.990e-29
   39.92254  -71.53464      2.620      2.600     7.5126    32.1107 -9.990e-29     1.4385 2.1661e+01  1025.0860     7.5123    25.0741    10.8632    331.177    9.71819  296.26892    111.783 -9.990e-29
   39.92254  -71.53464      2.609      2.589     7.5127    32.1107 -9.990e-29     1.4250 2.1087e+01  1025.0859     7.5125    25.0741    10.8624    331.150    9.71816  296.26797    111.774 -9.990e-29
   39.92254  -71.53464      2.609      2.589     7.5124    32.1108 -9.990e-29     1.4385 2.0525e+01  1025.0863     7.5122    25.0741    10.8615    331.125    9.71819  296.26896    111.765 -9.990e-29
   39.92254  -71.53464      2.609      2.589     7.5127    32.1108 -9.990e-29     1.4385 2.0318e+01  1025.0862     7.5125    25.0741    10.8607    331.100    9.71816  296.26823    111.757 -9.990e-29
   39.92254  -71.53464      2.599      2.580     7.5127    32.1106 -9.990e-29     1.4385 2.2398e+01  1025.0858     7.5125    25.0740    10.8600    331.078    9.71819  296.26909    111.749 -9.990e-29
   39.92254  -71.53464      2.590      2.570     7.5128    32.1106 -9.990e-29     1.4250 2.6065e+01  1025.0858     7.5125    25.0740    10.8541    330.897    9.71825  296.27077    111.687 -9.990e-29
   39.92254  -71.53464      2.579      2.559     7.5126    32.1107 -9.990e-29     1.4250 2.7634e+01  1025.0860     7.5123    25.0741    10.8597    331.070    9.71827  296.27157    111.745 -9.990e-29
   39.92254  -71.53464      2.579      2.559     7.5124    32.1108 -9.990e-29     1.4116 2.7813e+01  1025.0861     7.5122    25.0742    10.8539    330.892    9.71827  296.27133    111.685 -9.990e-29
   39.92254  -71.53464      2.560      2.540     7.5126    32.1108 -9.990e-29     1.4250 2.8725e+01  1025.0859     7.5124    25.0742    10.8589    331.045    9.71835  296.27377    111.736 -9.990e-29
   39.92254  -71.53464      2.549      2.529     7.5127    32.1109 -9.990e-29     1.4250 2.9004e+01  1025.0858     7.5125    25.0743    10.8532    330.871    9.71834  296.27333    111.678 -9.990e-29
   39.92254  -71.53464      2.549      2.529     7.5123    32.1110 -9.990e-29     1.4250 3.0238e+01  1025.0861     7.5121    25.0743    10.8593    331.056    9.71839  296.27485    111.739 -9.990e-29
   39.92254  -71.53464      2.528      2.509     7.5126    32.1110 -9.990e-29     1.4250 3.6560e+01  1025.0858     7.5124    25.0743    10.8590    331.047    9.71833  296.27335    111.737 -9.990e-29
   39.92254  -71.53464      2.528      2.509     7.5124    32.1110 -9.990e-29     1.4250 3.9648e+01  1025.0859     7.5122    25.0743    10.8535    330.880    9.71833  296.27305    111.681 -9.990e-29
   39.92254  -71.53464      2.509      2.490     7.5128    32.1110 -9.990e-29     1.4250 3.8674e+01  1025.0859     7.5125    25.0743    10.8535    330.879    9.71830  296.27238    111.681 -9.990e-29
   39.92254  -71.53464      2.498      2.479     7.5127    32.1109 -9.990e-29     1.4250 2.9473e+01  1025.0857     7.5125    25.0742    10.8526    330.851    9.71825  296.27074    111.672 -9.990e-29
   39.92254  -71.53464      2.498      2.479     7.5127    32.1107 -9.990e-29     1.4250 2.5643e+01  1025.0856     7.5125    25.0741    10.8580    331.018    9.71824  296.27051    111.728 -9.990e-29
   39.92254  -71.53464      2.479      2.460     7.5123    32.1106 -9.990e-29     1.4250 2.5559e+01  1025.0852     7.5121    25.0740    10.8520    330.834    9.71828  296.27175    111.666 -9.990e-29
   39.92254  -71.53464      2.479      2.460     7.5123    32.1107 -9.990e-29     1.4250 3.2126e+01  1025.0854     7.5120    25.0741    10.8585    331.032    9.71826  296.27119    111.733 -9.990e-29
   39.92254  -71.53464      2.458      2.439     7.5117    32.1108 -9.990e-29     1.4250 3.6905e+01  1025.0858     7.5115    25.0742    10.8598    331.071    9.71831  296.27279    111.745 -9.990e-29
   39.92254  -71.53464      2.458      2.439     7.5121    32.1107 -9.990e-29     1.4250 3.7603e+01  1025.0852     7.5119    25.0741    10.8548    330.921    9.71828  296.27168    111.695 -9.990e-29
   39.92254  -71.53464      2.447      2.428     7.5117    32.1105 -9.990e-29     1.4250 4.1535e+01  1025.0854     7.5115    25.0740    10.8554    330.938    9.71830  296.27226    111.701 -9.990e-29
   39.92254  -71.53464      2.437      2.419     7.5119    32.1103 -9.990e-29     1.4250 4.5557e+01  1025.0850     7.5117    25.0739    10.8551    330.929    9.71829  296.27202    111.698 -9.990e-29
   39.92254  -71.53464      2.437      2.419     7.5120    32.1103 -9.990e-29     1.4250 4.6403e+01  1025.0849     7.5117    25.0739    10.8549    330.923    9.71830  296.27225    111.696 -9.990e-29
   39.92254  -71.53464      2.417      2.398     7.5119    32.1105 -9.990e-29     1.4250 4.0394e+01  1025.0852     7.5117    25.0740    10.8547    330.918    9.71827  296.27133    111.694 -9.990e-29
   39.92254  -71.53464      2.428      2.409     7.5118    32.1107 -9.990e-29     1.4250 3.4333e+01  1025.0853     7.5116    25.0742    10.8547    330.917    9.71829  296.27198    111.694 -9.990e-29
   39.92254  -71.53464      2.407      2.389     7.5116    32.1109 -9.990e-29     1.4250 3.3056e+01  1025.0855     7.5114    25.0744    10.8548    330.918    9.71831  296.27277    111.694 -9.990e-29
   39.92254  -71.53464      2.417      2.398     7.5116    32.1109 -9.990e-29     1.4250 3.7136e+01  1025.0855     7.5114    25.0744    10.8548    330.921    9.71831  296.27247    111.695 -9.990e-29
   39.92254  -71.53464      2.408      2.390     7.5118    32.1109 -9.990e-29     1.4250 4.5001e+01  1025.0854     7.5116    25.0744    10.8550    330.925    9.71828  296.27152    111.697 -9.990e-29
   39.92254 -9.990e-29      2.397      2.379     7.5117    32.1108      8.085     1.4250 4.7408e+01  1025.0855     7.5115    25.0743    10.8552    330.932    9.71826  296.27101    111.699 -9.990e-29
   39.92254 -9.990e-29      2.397      2.379     7.5119    32.1107      8.085     1.4116 4.4315e+01  1025.0849     7.5117    25.0742    10.8555    330.940    9.71823  296.27008    111.702 -9.990e-29
   39.92254 -9.990e-29      2.397      2.379     7.5118    32.1107      8.085     1.3982 3.7486e+01  1025.0853     7.5116    25.0742    10.8559    330.953    9.71823  296.27016    111.706 -9.990e-29
   39.92254 -9.990e-29      2.397      2.379     7.5119    32.1107      8.085     1.3982 3.5320e+01  1025.0851     7.5117    25.0742    10.8564    330.969    9.71828  296.27169    111.711 -9.990e-29
   39.92254 -9.990e-29      2.386      2.368     7.5119    32.1107      8.085     1.3982 3.6674e+01  1025.0850     7.5117    25.0742    10.8570    330.987    9.71831  296.27264    111.717 -9.990e-29
   39.92254 -9.990e-29      2.386      2.368     7.5118    32.1109      8.085     1.3982 4.3504e+01  1025.0853     7.5116    25.0743    10.8576    331.005    9.71827  296.27154    111.724 -9.990e-29
   39.92254 -9.990e-29      2.377      2.359     7.5115    32.1110      8.085     1.3982 4.6688e+01  1025.0856     7.5112    25.0745    10.8575    331.000    9.71832  296.27282    111.721 -9.990e-29
   39.92254 -9.990e-29      2.377      2.359     7.5115    32.1110      8.085     1.3982 4.5697e+01  1025.0854     7.5112    25.0745    10.8582    331.024    9.71833  296.27327    111.729 -9.990e-29
