CalculateIndicators/WaterTemperature/Data/CTD_NYOS/20240912_C06.cnv
* Sea-Bird SBE 9 Data File:
* FileName = C:\Seabird 9 CTD\Data\2024\202409_offshore\20240912_C06.hex
* Software Version Seasave V 7.23.2
* Temperature SN = 4590
* Conductivity SN = 3228
* Number of Bytes Per Scan = 44
* Number of Voltage Words = 5
* Number of Scans Averaged by the Deck Unit = 1
* NMEA Latitude = 40 04.75 N
* NMEA Longitude = 073 04.26 W
* NMEA UTC (Time) = Sep 12 2024  08:22:47
* NMEA baud rate = 4800
** Ship: Seawolf
** Station: 8.3
** Operator: TCM
# nquan = 18
# nvalues = 10316                       
# units = specified
# name 0 = latitude: Latitude [deg]
# name 1 = longitude: Longitude [deg]
# name 2 = prDM: Pressure, Digiquartz [db]
# name 3 = depSM: Depth [salt water, m]
# name 4 = t090C: Temperature [ITS-90, deg C]
# name 5 = sal00: Salinity, Practical [PSU]
# name 6 = ph: pH
# name 7 = flECO-AFL: Fluorescence, WET Labs ECO-AFL/FL [mg/m^3]
# name 8 = cpar: CPAR/Corrected Irradiance [%]
# name 9 = density00: Density [density, kg/m^3]
# name 10 = potemp090C: Potential Temperature [ITS-90, deg C]
# name 11 = sigma-é00: Density [sigma-theta, kg/m^3]
# name 12 = sbeox0Mg/L: Oxygen, SBE 43 [mg/l]
# name 13 = sbox0Mm/Kg: Oxygen, SBE 43 [umol/kg]
# name 14 = oxsolMg/L: Oxygen Saturation, Garcia & Gordon [mg/l]
# name 15 = oxsolMm/Kg: Oxygen Saturation, Garcia & Gordon [umol/kg]
# name 16 = sbeox0PS: Oxygen, SBE 43 [% saturation]
# name 17 = flag:  0.000e+00
# span 0 =   40.07916,   40.07924       
# span 1 =  -73.07158,  -73.07112       
# span 2 =      2.087,     40.388       
# span 3 =      2.071,     40.074       
# span 4 =     8.3816,    21.2050       
# span 5 =    30.4211,    32.5399       
# span 6 =      7.863,      8.206       
# span 7 =     0.0013,     1.9354       
# span 8 = 1.6880e-11, 9.9999e+04       
# span 9 =  1021.9874,  1025.0048       
# span 10 =     8.3777,    21.2045      
# span 11 =    21.9672,    24.8253      
# span 12 =     7.0164,    10.1974      
# span 13 =    214.550,    311.046      
# span 14 =    7.37409,    9.53964      
# span 15 =  225.48774,  290.90114      
# span 16 =     77.379,    120.737      
# span 17 = 0.0000e+00, 0.0000e+00      
# interval = seconds: 0.0416667
# start_time = Sep 12 2024 08:22:49 [System UTC, first data scan.]
# bad_flag = -9.990e-29
*END*
[from data line 5146]
   40.07920  -73.07134     26.097     25.895    15.2843    31.8108      8.134     0.7669 1.6880e-11  1023.5719    15.2805    23.4537     8.9765    274.068    8.23202  251.33624    109.044 -9.990e-29
   40.07920  -73.07134     26.097     25.895    15.2719    31.8162      8.135     0.7669 1.6880e-11  1023.5804    15.2680    23.4607     8.9790    274.144    8.22981  251.26890    109.104 -9.990e-29
   40.07920  -73.07134     26.108     25.906    15.2637    31.8153      8.135     0.7669 1.6880e-11  1023.5771    15.2598    23.4624     8.9862    274.362    8.22756  251.20097    109.220 -9.990e-29
   40.07920  -73.07134     26.097     25.895    15.2513    31.8133      8.135     0.7669 1.6880e-11  1023.5772    15.2474    23.4634     8.9890    274.449    8.22534  251.13381    109.284 -9.990e-29
   40.07920  -73.07134     26.118     25.916    15.2365    31.8118      8.135     0.7669 1.6880e-11  1023.5831    15.2326    23.4651     8.9913    274.520    8.22302  251.06378    109.343 -9.990e-29
   40.07920  -73.07134     26.118     25.916    15.2239    31.8055      8.135     0.7669 1.6880e-11  1023.5829    15.2200    23.4632     8.9986    274.746    8.22068  250.99310    109.463 -9.990e-29
   40.07920  -73.07134     26.127     25.925    15.2116    31.7944      8.135     0.7669 1.6880e-11  1023.5699    15.2078    23.4577     9.0062    274.977    8.21844  250.92534    109.585 -9.990e-29
   40.07920  -73.07134     26.118     25.916    15.1935    31.7887      8.135     0.7669 1.6880e-11  1023.5652    15.1896    23.4569     9.0094    275.074    8.21619  250.85740    109.654 -9.990e-29
   40.07920  -73.07134     26.127     25.925    15.1747    31.7949      8.135     0.7669 1.6880e-11  1023.5792    15.1708    23.4653     9.0176    275.328    8.21401  250.79193    109.783 -9.990e-29
   40.07920  -73.07134     26.138     25.936    15.1604    31.8056      8.135     0.7669 1.6880e-11  1023.5964    15.1566    23.4765     9.0260    275.586    8.21196  250.73055    109.913 -9.990e-29
   40.07920  -73.07134     26.138     25.936    15.1509    31.8116      8.135     0.7669 1.6880e-11  1023.6007    15.1471    23.4836     9.0296    275.698    8.21011  250.67560    109.982 -9.990e-29
   40.07920  -73.07134     26.138     25.936    15.1399    31.8142      8.140     0.7669 1.6880e-11  1023.6022    15.1361    23.4879     9.0379    275.951    8.20842  250.62569    110.105 -9.990e-29
   40.07920  -73.07134     26.144     25.942    15.1285    31.8182      8.135     0.7669 1.6880e-11  1023.6080    15.1247    23.4934     9.0416    276.066    8.20675  250.57625    110.172 -9.990e-29
   40.07920  -73.07134     26.138     25.936    15.1171    31.8242      8.140     0.7669 1.6880e-11  1023.6164    15.1133    23.5004     9.0503    276.333    8.20520  250.53013    110.299 -9.990e-29
   40.07920  -73.07134     26.148     25.946    15.1074    31.8306      8.135     0.7669 1.6880e-11  1023.6231    15.1036    23.5075     9.0541    276.451    8.20377  250.48755    110.365 -9.990e-29
   40.07920  -73.07134     26.138     25.936    15.0981    31.8375      8.135     0.7669 1.6880e-11  1023.6294    15.0943    23.5149     9.0629    276.719    8.20245  250.44796    110.490 -9.990e-29
   40.07920  -73.07134     26.148     25.946    15.0880    31.8463      8.135     0.7669 1.6880e-11  1023.6386    15.0841    23.5238     9.0667    276.836    8.20124  250.41196    110.552 -9.990e-29
   40.07920  -73.07134     26.138     25.936    15.0786    31.8579      8.135     0.7669 1.6880e-11  1023.6492    15.0748    23.5346     9.0753    277.100    8.20005  250.37631    110.673 -9.990e-29
   40.07920  -73.07134     26.148     25.946    15.0718    31.8721      8.135     0.7669 1.6880e-11  1023.6620    15.0679    23.5469     9.0794    277.228    8.19902  250.34526    110.738 -9.990e-29
   40.07920  -73.07134     26.138     25.936    15.0670    31.8881      8.135     0.7535 1.6880e-11  1023.6760    15.0631    23.5603     9.0878    277.484    8.19795  250.31323    110.855 -9.990e-29
   40.07920  -73.07134     26.148     25.946    15.0643    31.9039      8.135     0.7535 1.6880e-11  1023.6903    15.0604    23.5731     9.0917    277.602    8.19699  250.28454    110.915 -9.990e-29
   40.07920  -73.07134     26.148     25.946    15.0629    31.9171      8.135     0.7535 1.6880e-11  1023.7010    15.0591    23.5835     9.0996    277.847    8.19597  250.25441    111.026 -9.990e-29
   40.07920  -73.07134     26.127     25.925    15.0637    31.9268      8.135     0.7535 1.6880e-11  1023.7074    15.0599    23.5907     9.1029    277.948    8.19496  250.22406    111.080 -9.990e-29
   40.07920  -73.07134     26.138     25.936    15.0677    31.9344      8.135     0.7535 1.6880e-11  1023.7115    15.0638    23.5958     9.1159    278.343    8.19393  250.19339    111.251 -9.990e-29
   40.07920  -73.07134     26.127     25.925    15.0731    31.9413      8.135     0.7535 1.6880e-11  1023.7159    15.0693    23.6001     9.1141    278.290    8.19292  250.16306    111.244 -9.990e-29
   40.07920  -73.07134     26.127     25.925    15.0791    31.9474      8.135     0.7535 1.6880e-11  1023.7202    15.0753    23.6035     9.1160    278.348    8.19194  250.13366    111.280 -9.990e-29
   40.07920  -73.07134     26.127     25.925    15.0859    31.9520      8.135     0.7535 1.6880e-11  1023.7210    15.0821    23.6057     9.1225    278.549    8.19096  250.10425    111.373 -9.990e-29
   40.07920  -73.07134     26.127     25.925    15.0926    31.9570      8.140     0.7535 1.6880e-11  1023.7223    15.0887    23.6080     9.1243    278.605    8.19006  250.07690    111.408 -9.990e-29
   40.07920  -73.07134     26.118     25.916    15.0994    31.9638      8.135     0.7535 2.5320e-11  1023.7269    15.0956    23.6117     9.1257    278.647    8.18903  250.04592    111.438 -9.990e-29
   40.07920  -73.07134     26.108     25.906    15.1073    31.9717      8.135     0.7535 2.5320e-11  1023.7320    15.1035    23.6160     9.1264    278.668    8.18820  250.02089    111.458 -9.990e-29
   40.07920  -73.07134     26.108     25.906    15.1168    31.9788      8.135     0.7535 2.5320e-11  1023.7358    15.1129    23.6196     9.1322    278.846    8.18737  249.99564    111.540 -9.990e-29
   40.07920  -73.07134     26.108     25.906    15.1267    31.9838      8.140     0.7535 2.5320e-11  1023.7386    15.1228    23.6213     9.1327    278.862    8.18653  249.97028    111.558 -9.990e-29
   40.07920  -73.07134     26.097     25.895    15.1374    31.9849      8.135     0.7535 2.5320e-11  1023.7373    15.1336    23.6198     9.1329    278.866    8.18574  249.94645    111.570 -9.990e-29
   40.07920  -73.07134     26.076     25.875    15.1504    31.9823      8.135     0.7535 2.5320e-11  1023.7306    15.1466    23.6150     9.1370    278.992    8.18489  249.92063    111.632 -9.990e-29
   40.07920  -73.07134     26.108     25.906    15.1640    31.9784      8.135     0.7535 2.5320e-11  1023.7241    15.1602    23.6091     9.1362    278.970    8.18405  249.89514    111.635 -9.990e-29
   40.07920  -73.07134     26.072     25.871    15.1781    31.9757      8.135     0.7535 2.5320e-11  1023.7184    15.1742    23.6040     9.1351    278.934    8.18321  249.86967    111.632 -9.990e-29
   40.07920  -73.07134     26.067     25.865    15.1919    31.9746      8.135     0.7535 2.5320e-11  1023.7149    15.1880    23.6002     9.1336    278.890    8.18249  249.84801    111.624 -9.990e-29
   40.07920  -73.07134     26.067     25.865    15.2052    31.9739      8.135     0.7535 2.5320e-11  1023.7132    15.2013    23.5968     9.1373    279.002    8.18178  249.82663    111.678 -9.990e-29
   40.07920  -73.07134     26.057     25.856    15.2184    31.9717      8.135     0.7535 2.5320e-11  1023.7081    15.2145    23.5922     9.1358    278.959    8.18094  249.80127    111.672 -9.990e-29
   40.07920  -73.07134     26.046     25.845    15.2322    31.9681      8.135     0.7535 2.5320e-11  1023.7014    15.2283    23.5866     9.1391    279.058    8.18018  249.77847    111.722 -9.990e-29
   40.07920  -73.07134     26.046     25.845    15.2450    31.9645      8.135     0.7535 2.5320e-11  1023.6959    15.2411    23.5809     9.1374    279.007    8.17942  249.75571    111.712 -9.990e-29
   40.07920  -73.07134     26.025     25.824    15.2574    31.9610      8.135     0.7535 2.5320e-11  1023.6907    15.2535    23.5755     9.1304    278.794    8.17872  249.73475    111.636 -9.990e-29
   40.07920  -73.07134     26.036     25.835    15.2705    31.9573      8.135     0.7400 2.5320e-11  1023.6850    15.2666    23.5699     9.1280    278.721    8.17804  249.71462    111.616 -9.990e-29
   40.07920  -73.07134     26.016     25.815    15.2831    31.9539      8.134     0.7266 2.5320e-11  1023.6791    15.2792    23.5645     9.1252    278.637    8.17742  249.69633    111.590 -9.990e-29
   40.07920  -73.07134     26.006     25.805    15.2961    31.9510      8.134     0.7132 2.5320e-11  1023.6740    15.2922    23.5595     9.1222    278.545    8.17689  249.68057    111.560 -9.990e-29
   40.07920  -73.07134     26.006     25.805    15.3089    31.9492      8.134     0.7132 2.5320e-11  1023.6697    15.3050    23.5554     9.1242    278.608    8.17639  249.66565    111.593 -9.990e-29
   40.07920  -73.07134     25.985     25.785    15.3210    31.9484      8.134     0.7132 2.5320e-11  1023.6667    15.3171    23.5520     9.1215    278.524    8.17590  249.65110    111.565 -9.990e-29
   40.07920  -73.07134     25.985     25.785    15.3342    31.9483      8.134     0.7132 2.5320e-11  1023.6635    15.3303    23.5491     9.1190    278.448    8.17551  249.63960    111.540 -9.990e-29
   40.07920  -73.07134     25.985     25.785    15.3473    31.9490      8.139     0.7132 2.5320e-11  1023.6614    15.3434    23.5468     9.1161    278.360    8.17513  249.62834    111.510 -9.990e-29
   40.07920  -73.07134     25.965     25.764    15.3602    31.9501      8.134     0.7132 2.5320e-11  1023.6599    15.3564    23.5448     9.1084    278.124    8.17472  249.61600    111.421 -9.990e-29
   40.07920  -73.07134     25.965     25.764    15.3738    31.9508      8.134     0.7132 2.5320e-11  1023.6573    15.3699    23.5424     9.1097    278.166    8.17435  249.60500    111.443 -9.990e-29
   40.07920  -73.07134     25.955     25.755    15.3874    31.9510      8.134     0.7132 2.5320e-11  1023.6542    15.3835    23.5396     9.1019    277.929    8.17401  249.59490    111.352 -9.990e-29
   40.07920  -73.07134     25.951     25.750    15.4015    31.9512      8.134     0.7132 2.5320e-11  1023.6514    15.3976    23.5367     9.0983    277.819    8.17374  249.58719    111.311 -9.990e-29
   40.07920  -73.07134     25.935     25.734    15.4158    31.9514      8.134     0.7132 2.5320e-11  1023.6483    15.4119    23.5338     9.0944    277.700    8.17348  249.57952    111.267 -9.990e-29
   40.07920  -73.07134     25.925     25.724    15.4293    31.9514      8.134     0.7132 2.5320e-11  1023.6457    15.4254    23.5308     9.0908    277.590    8.17330  249.57432    111.225 -9.990e-29
   40.07920  -73.07134     25.925     25.724    15.4433    31.9507      8.134     0.7132 2.5320e-11  1023.6421    15.4394    23.5273     9.0874    277.488    8.17313  249.56948    111.187 -9.990e-29
   40.07920  -73.07134     25.914     25.714    15.4571    31.9490      8.134     0.7132 2.5320e-11  1023.6379    15.4532    23.5230     9.0839    277.380    8.17304  249.56722    111.144 -9.990e-29
   40.07920  -73.07134     25.914     25.714    15.4706    31.9462      8.134     0.7132 2.5320e-11  1023.6328    15.4667    23.5179     9.0856    277.432    8.17295  249.56471    111.166 -9.990e-29
   40.07920  -73.07134     25.904     25.704    15.4832    31.9423      8.134     0.7132 2.5320e-11  1023.6267    15.4793    23.5121     9.0831    277.358    8.17295  249.56491    111.137 -9.990e-29
   40.07920  -73.07134     25.895     25.694    15.4951    31.9378      8.134     0.7132 2.5320e-11  1023.6202    15.4912    23.5060     9.0755    277.126    8.17296  249.56550    111.043 -9.990e-29
   40.07920  -73.07134     25.895     25.694    15.5069    31.9333      8.134     0.7132 2.5320e-11  1023.6138    15.5030    23.5001     9.0728    277.043    8.17309  249.56980    111.008 -9.990e-29
   40.07920  -73.07134     25.874     25.674    15.5175    31.9297      8.134     0.7132 2.5320e-11  1023.6088    15.5136    23.4949     9.0699    276.954    8.17323  249.57426    110.970 -9.990e-29
   40.07920  -73.07134     25.874     25.674    15.5272    31.9267      8.134     0.7132 2.5320e-11  1023.6043    15.5233    23.4905     9.0673    276.875    8.17342  249.58024    110.936 -9.990e-29
   40.07920  -73.07134     25.863     25.663    15.5359    31.9244      8.133     0.7132 2.5320e-11  1023.6008    15.5320    23.4868     9.0646    276.794    8.17365  249.58745    110.900 -9.990e-29
   40.07920  -73.07134     25.863     25.663    15.5439    31.9225      8.133     0.7132 2.5320e-11  1023.5976    15.5400    23.4835     9.0623    276.724    8.17393  249.59641    110.868 -9.990e-29
   40.07920  -73.07134     25.863     25.663    15.5518    31.9208      8.133     0.7132 2.5320e-11  1023.5945    15.5479    23.4806     9.0599    276.650    8.17426  249.60681    110.834 -9.990e-29
   40.07920  -73.07134     25.849     25.649    15.5586    31.9193      8.138     0.7132 2.5320e-11  1023.5919    15.5547    23.4778     9.0529    276.438    8.17464  249.61845    110.744 -9.990e-29
   40.07920  -73.07134     25.844     25.644    15.5656    31.9178      8.133     0.7132 2.5320e-11  1023.5893    15.5617    23.4752     9.0504    276.360    8.17508  249.63197    110.707 -9.990e-29
   40.07920  -73.07134     25.844     25.644    15.5719    31.9162      8.133     0.7132 2.5320e-11  1023.5868    15.5681    23.4725     9.0482    276.293    8.17549  249.64460    110.675 -9.990e-29
   40.07920  -73.07134     25.833     25.633    15.5789    31.9144      8.133     0.7132 2.5320e-11  1023.5835    15.5750    23.4697     9.0460    276.228    8.17602  249.66099    110.641 -9.990e-29
   40.07920  -73.07134     25.833     25.633    15.5856    31.9128      8.133     0.7132 2.5320e-11  1023.5809    15.5817    23.4669     9.0443    276.175    8.17656  249.67777    110.613 -9.990e-29
   40.07920  -73.07134     25.823     25.623    15.5923    31.9115      8.133     0.7132 2.5320e-11  1023.5784    15.5884    23.4644     9.0425    276.119    8.17712  249.69430    110.583 -9.990e-29
   40.07920  -73.07134     25.823     25.623    15.5990    31.9101      8.133     0.7132 2.5320e-11  1023.5758    15.5951    23.4619     9.0415    276.089    8.17757  249.70766    110.565 -9.990e-29
   40.07920  -73.07134     25.812     25.612    15.6054    31.9090      8.133     0.7132 2.5320e-11  1023.5733    15.6015    23.4596     9.0348    275.884    8.17783  249.71461    110.480 -9.990e-29
   40.07920  -73.07134     25.823     25.623    15.6118    31.9083      8.133     0.7132 2.5320e-11  1023.5713    15.6079    23.4578     9.0325    275.811    8.17804  249.71990    110.448 -9.990e-29
   40.07920  -73.07134     25.802     25.603    15.6172    31.9082      8.133     0.7132 2.5320e-11  1023.5703    15.6133    23.4564     9.0304    275.747    8.17806  249.71978    110.423 -9.990e-29
   40.07920  -73.07134     25.812     25.612    15.6234    31.9084      8.133     0.7132 2.5320e-11  1023.5693    15.6195    23.4553     9.0283    275.682    8.17805  249.71918    110.397 -9.990e-29
   40.07920  -73.07134     25.802     25.603    15.6286    31.9087      8.133     0.7132 2.5320e-11  1023.5679    15.6247    23.4543     9.0212    275.464    8.17800  249.71732    110.310 -9.990e-29
   40.07920  -73.07134     25.793     25.593    15.6335    31.9089      8.133     0.7132 2.5320e-11  1023.5673    15.6296    23.4533     9.0185    275.382    8.17799  249.71670    110.278 -9.990e-29
   40.07920  -73.07134     25.808     25.608    15.6386    31.9090      8.133     0.7132 2.5320e-11  1023.5663    15.6347    23.4523     9.0163    275.313    8.17788  249.71312    110.252 -9.990e-29
