CalculateIndicators/WaterTemperature/Data/CTD_NYOS/20240428_C21.cnv
* Sea-Bird SBE 9 Data File:
* FileName = C:\Seabird 9 CTD\Data\2024\202404_offshore\20240428_C21.hex
* Software Version Seasave V 7.23.2
* Temperature SN = 4590
* Conductivity SN = 3228
* Number of Bytes Per Scan = 44
* Number of Voltage Words = 5
* Number of Scans Averaged by the Deck Unit = 1
* NMEA Latitude = 40 33.26 N
* NMEA Longitude = 072 27.12 W
* NMEA UTC (Time) = Apr 28 2024  08:17:26
* NMEA baud rate = 4800
** Ship: Seawolf
** Station: 10.2
** Operator: TDK
# nquan = 18
# nvalues = 13598                       
# units = specified
# name 0 = latitude: Latitude [deg]
# name 1 = longitude: Longitude [deg]
# name 2 = prDM: Pressure, Digiquartz [db]
# name 3 = depSM: Depth [salt water, m]
# name 4 = t090C: Temperature [ITS-90, deg C]
# name 5 = sal00: Salinity, Practical [PSU]
# name 6 = ph: pH
# name 7 = flECO-AFL: Fluorescence, WET Labs ECO-AFL/FL [mg/m^3]
# name 8 = cpar: CPAR/Corrected Irradiance [%]
# name 9 = density00: Density [density, kg/m^3]
# name 10 = potemp090C: Potential Temperature [ITS-90, deg C]
# name 11 = sigma-é00: Density [sigma-theta, kg/m^3]
# name 12 = sbeox0Mg/L: Oxygen, SBE 43 [mg/l]
# name 13 = sbox0Mm/Kg: Oxygen, SBE 43 [umol/kg]
# name 14 = oxsolMg/L: Oxygen Saturation, Garcia & Gordon [mg/l]
# name 15 = oxsolMm/Kg: Oxygen Saturation, Garcia & Gordon [umol/kg]
# name 16 = sbeox0PS: Oxygen, SBE 43 [% saturation]
# name 17 = flag:  0.000e+00
# span 0 =   40.55426,   40.55448       
# span 1 =  -72.45314,  -72.45214       
# span 2 =      1.598,     39.936       
# span 3 =      1.586,     39.624       
# span 4 =     5.9059,     8.9619       
# span 5 =    29.2287,    31.7943       
# span 6 =      7.886,      8.078       
# span 7 =     0.0819,     3.8158       
# span 8 = 9.9999e+04, 9.9999e+04       
# span 9 =  1022.6183,  1025.1878       
# span 10 =     5.9039,     8.9617      
# span 11 =    22.6090,    25.0047      
# span 12 =     8.6874,    10.5499      
# span 13 =    264.865,    321.785      
# span 14 =    9.56068,   10.12397      
# span 15 =  291.76371,  308.70924      
# span 16 =     86.393,    108.361      
# span 17 = 0.0000e+00, 0.0000e+00      
# interval = seconds: 0.0416667
# start_time = Apr 28 2024 08:17:26 [System UTC, first data scan.]
# bad_flag = -9.990e-29
*END*
[from data line 805]
   40.55444  -72.45224      6.186      6.138     8.9448    29.2379 -9.990e-29     0.6192 9.9999e+04  1022.6466     8.9442    22.6183    10.1173    309.176    9.58562  292.92919    105.546 -9.990e-29
   40.55444  -72.45224      6.188      6.140     8.9447    29.2380 -9.990e-29     0.6192 9.9999e+04  1022.6466     8.9441    22.6184    10.1121    309.018    9.58569  292.93110    105.492 -9.990e-29
   40.55444  -72.45224      6.186      6.138     8.9448    29.2380 -9.990e-29     0.6192 9.9999e+04  1022.6468     8.9442    22.6184    10.1181    309.203    9.58559  292.92849    105.556 -9.990e-29
   40.55444  -72.45224      6.208      6.160     8.9450    29.2378 -9.990e-29     0.6192 9.9999e+04  1022.6465     8.9444    22.6183    10.1199    309.257    9.58563  292.92969    105.574 -9.990e-29
   40.55444  -72.45224      6.216      6.168     8.9447    29.2377 -9.990e-29     0.6192 9.9999e+04  1022.6466     8.9441    22.6182    10.1217    309.311    9.58565  292.93015    105.592 -9.990e-29
   40.55444  -72.45224      6.218      6.170     8.9450    29.2378 -9.990e-29     0.6192 9.9999e+04  1022.6466     8.9444    22.6183    10.1166    309.155    9.58563  292.92956    105.539 -9.990e-29
   40.55444  -72.45224      6.227      6.179     8.9450    29.2379 -9.990e-29     0.6192 9.9999e+04  1022.6469     8.9444    22.6183    10.1176    309.186    9.58562  292.92922    105.550 -9.990e-29
   40.55444  -72.45224      6.227      6.179     8.9449    29.2378 -9.990e-29     0.6192 9.9999e+04  1022.6466     8.9443    22.6182    10.1239    309.380    9.58566  292.93048    105.615 -9.990e-29
   40.55444  -72.45224      6.248      6.200     8.9450    29.2376 -9.990e-29     0.6192 9.9999e+04  1022.6466     8.9444    22.6181    10.1250    309.412    9.58566  292.93067    105.626 -9.990e-29
   40.55444  -72.45224      6.247      6.198     8.9451    29.2377 -9.990e-29     0.6192 9.9999e+04  1022.6465     8.9445    22.6181    10.1260    309.443    9.58562  292.92916    105.638 -9.990e-29
   40.55444  -72.45224      6.258      6.209     8.9447    29.2378 -9.990e-29     0.6192 9.9999e+04  1022.6472     8.9441    22.6182    10.1271    309.477    9.58567  292.93095    105.649 -9.990e-29
   40.55444  -72.45224      6.267      6.219     8.9450    29.2378 -9.990e-29     0.6192 9.9999e+04  1022.6467     8.9444    22.6182    10.1221    309.324    9.58567  292.93101    105.596 0.0000e+00
   40.55444  -72.45224      6.278      6.230     8.9448    29.2377 -9.990e-29     0.6192 9.9999e+04  1022.6470     8.9442    22.6182    10.1276    309.491    9.58563  292.92963    105.654 0.0000e+00
   40.55444  -72.45224      6.288      6.239     8.9451    29.2377 -9.990e-29     0.6192 9.9999e+04  1022.6467     8.9445    22.6181    10.1217    309.313    9.58566  292.93062    105.592 0.0000e+00
   40.55444  -72.45224      6.299      6.250     8.9450    29.2377 -9.990e-29     0.6192 9.9999e+04  1022.6470     8.9444    22.6181    10.1220    309.322    9.58572  292.93236    105.595 0.0000e+00
   40.55444  -72.45224      6.309      6.260     8.9449    29.2376 -9.990e-29     0.6192 9.9999e+04  1022.6469     8.9443    22.6181    10.1276    309.490    9.58573  292.93279    105.652 0.0000e+00
   40.55444  -72.45224      6.329      6.280     8.9450    29.2376 -9.990e-29     0.6192 9.9999e+04  1022.6469     8.9443    22.6181    10.1277    309.496    9.58570  292.93189    105.655 -9.990e-29
   40.55444  -72.45224      6.328      6.279     8.9450    29.2377 -9.990e-29     0.6192 9.9999e+04  1022.6471     8.9443    22.6182    10.1279    309.500    9.58569  292.93151    105.656 -9.990e-29
   40.55444  -72.45224      6.339      6.290     8.9447    29.2378 -9.990e-29     0.6326 9.9999e+04  1022.6474     8.9441    22.6182    10.1289    309.532    9.58570  292.93181    105.667 0.0000e+00
   40.55444  -72.45224      6.350      6.301     8.9451    29.2377 -9.990e-29     0.6326 9.9999e+04  1022.6469     8.9445    22.6181    10.1290    309.536    9.58572  292.93248    105.668 0.0000e+00
   40.55444  -72.45224      6.390      6.340     8.9450    29.2376 -9.990e-29     0.6326 9.9999e+04  1022.6474     8.9443    22.6181    10.1300    309.567    9.58575  292.93331    105.678 -9.990e-29
   40.55444  -72.45224      6.380      6.331     8.9447    29.2377 -9.990e-29     0.6192 9.9999e+04  1022.6473     8.9441    22.6181    10.1302    309.571    9.58579  292.93474    105.679 -9.990e-29
   40.55444  -72.45224      6.390      6.340     8.9448    29.2378 -9.990e-29     0.6326 9.9999e+04  1022.6475     8.9442    22.6182    10.1303    309.576    9.58585  292.93635    105.680 0.0000e+00
   40.55444  -72.45224      6.410      6.361     8.9450    29.2378 -9.990e-29     0.6326 9.9999e+04  1022.6475     8.9443    22.6182    10.1304    309.578    9.58587  292.93717    105.681 0.0000e+00
   40.55444  -72.45224      6.420      6.370     8.9447    29.2377 -9.990e-29     0.6326 9.9999e+04  1022.6476     8.9441    22.6181    10.1313    309.604    9.58589  292.93776    105.689 0.0000e+00
   40.55444  -72.45224      6.440      6.391     8.9453    29.2376 -9.990e-29     0.6326 9.9999e+04  1022.6473     8.9447    22.6181    10.1313    309.605    9.58590  292.93797    105.690 0.0000e+00
   40.55444  -72.45224      6.450      6.400     8.9451    29.2377 -9.990e-29     0.6326 9.9999e+04  1022.6478     8.9445    22.6182    10.1372    309.787    9.58583  292.93592    105.752 0.0000e+00
   40.55444  -72.45224      6.471      6.421     8.9451    29.2378 -9.990e-29     0.6326 9.9999e+04  1022.6477     8.9445    22.6182    10.1320    309.626    9.58590  292.93797    105.697 0.0000e+00
   40.55444  -72.45224      6.480      6.430     8.9450    29.2379 -9.990e-29     0.6326 9.9999e+04  1022.6480     8.9443    22.6183    10.1326    309.646    9.58585  292.93632    105.704 0.0000e+00
   40.55444  -72.45224      6.491      6.441     8.9450    29.2381 -9.990e-29     0.6326 9.9999e+04  1022.6481     8.9443    22.6185    10.1395    309.856    9.58591  292.93816    105.775 0.0000e+00
   40.55444  -72.45226      6.511      6.460     8.9447    29.2382 -9.990e-29     0.6326 9.9999e+04  1022.6483     8.9441    22.6186    10.1410    309.900    9.58589  292.93764    105.791 0.0000e+00
   40.55444  -72.45226      6.531      6.481     8.9450    29.2382 -9.990e-29     0.6326 9.9999e+04  1022.6485     8.9443    22.6186    10.1416    309.919    9.58586  292.93666    105.797 0.0000e+00
   40.55444  -72.45226      6.550      6.500     8.9449    29.2381 -9.990e-29     0.6326 9.9999e+04  1022.6485     8.9443    22.6185    10.1421    309.935    9.58586  292.93667    105.803 0.0000e+00
   40.55444  -72.45226      6.563      6.512     8.9453    29.2380 -9.990e-29     0.6326 9.9999e+04  1022.6482     8.9446    22.6184    10.1426    309.952    9.58591  292.93825    105.808 0.0000e+00
   40.55444  -72.45226      6.581      6.530     8.9451    29.2382 -9.990e-29     0.6326 9.9999e+04  1022.6487     8.9445    22.6185    10.1430    309.962    9.58586  292.93659    105.812 0.0000e+00
   40.55444  -72.45226      6.593      6.542     8.9452    29.2384 -9.990e-29     0.6326 9.9999e+04  1022.6488     8.9446    22.6186    10.1433    309.973    9.58587  292.93683    105.816 0.0000e+00
   40.55444  -72.45226      6.622      6.571     8.9453    29.2384 -9.990e-29     0.6326 9.9999e+04  1022.6490     8.9446    22.6186    10.1436    309.982    9.58588  292.93729    105.818 -9.990e-29
   40.55444  -72.45226      6.623      6.572     8.9453    29.2382 -9.990e-29     0.6326 9.9999e+04  1022.6488     8.9446    22.6185    10.1439    309.989    9.58590  292.93810    105.820 -9.990e-29
   40.55444  -72.45226      6.652      6.601     8.9452    29.2380 -9.990e-29     0.6326 9.9999e+04  1022.6486     8.9446    22.6183    10.1449    310.019    9.58593  292.93887    105.831 0.0000e+00
   40.55444  -72.45226      6.663      6.612     8.9453    29.2379 -9.990e-29     0.6326 9.9999e+04  1022.6489     8.9446    22.6182    10.1389    309.838    9.58594  292.93916    105.769 0.0000e+00
   40.55444  -72.45226      6.692      6.640     8.9456    29.2378 -9.990e-29     0.6326 9.9999e+04  1022.6486     8.9450    22.6181    10.1391    309.842    9.58599  292.94063    105.770 0.0000e+00
   40.55444  -72.45226      6.704      6.653     8.9454    29.2378 -9.990e-29     0.6192 9.9999e+04  1022.6488     8.9448    22.6181    10.1443    310.003    9.58597  292.94007    105.825 0.0000e+00
   40.55444  -72.45226      6.724      6.672     8.9453    29.2378 -9.990e-29     0.6192 9.9999e+04  1022.6489     8.9446    22.6182    10.1443    310.003    9.58595  292.93934    105.825 0.0000e+00
   40.55444  -72.45226      6.755      6.703     8.9453    29.2379 -9.990e-29     0.6057 9.9999e+04  1022.6492     8.9446    22.6183    10.1442    310.000    9.58594  292.93910    105.824 0.0000e+00
   40.55444  -72.45226      6.763      6.711     8.9454    29.2381 -9.990e-29     0.6057 9.9999e+04  1022.6493     8.9448    22.6184    10.1441    309.996    9.58596  292.93959    105.823 0.0000e+00
   40.55444  -72.45226      6.785      6.733     8.9454    29.2382 -9.990e-29     0.6057 9.9999e+04  1022.6495     8.9448    22.6185    10.1438    309.988    9.58592  292.93859    105.820 0.0000e+00
   40.55444  -72.45226      6.803      6.751     8.9451    29.2383 -9.990e-29     0.6057 9.9999e+04  1022.6498     8.9444    22.6185    10.1375    309.795    9.58594  292.93901    105.754 0.0000e+00
   40.55444  -72.45226      6.836      6.783     8.9454    29.2383 -9.990e-29     0.6057 9.9999e+04  1022.6497     8.9448    22.6185    10.1424    309.945    9.58592  292.93850    105.805 0.0000e+00
   40.55444  -72.45226      6.854      6.801     8.9456    29.2384 -9.990e-29     0.6057 9.9999e+04  1022.6500     8.9449    22.6186    10.1429    309.960    9.58594  292.93930    105.810 0.0000e+00
   40.55444  -72.45226      6.867      6.813     8.9452    29.2383 -9.990e-29     0.6057 9.9999e+04  1022.6502     8.9446    22.6185    10.1434    309.974    9.58596  292.93967    105.815 0.0000e+00
   40.55444  -72.45226      6.905      6.852     8.9459    29.2380 -9.990e-29     0.6057 9.9999e+04  1022.6496     8.9453    22.6183    10.1428    309.958    9.58591  292.93818    105.810 0.0000e+00
   40.55444  -72.45226      6.916      6.863     8.9458    29.2378 -9.990e-29     0.6057 9.9999e+04  1022.6496     8.9451    22.6182    10.1432    309.967    9.58590  292.93793    105.813 0.0000e+00
   40.55444  -72.45226      6.937      6.883     8.9456    29.2380 -9.990e-29     0.6057 9.9999e+04  1022.6501     8.9449    22.6183    10.1374    309.791    9.58590  292.93803    105.753 0.0000e+00
   40.55444  -72.45226      6.976      6.923     8.9456    29.2381 -9.990e-29     0.6057 9.9999e+04  1022.6504     8.9449    22.6183    10.1369    309.776    9.58594  292.93910    105.748 0.0000e+00
   40.55444  -72.45226      6.987      6.933     8.9458    29.2380 -9.990e-29     0.6057 9.9999e+04  1022.6501     8.9451    22.6182    10.1355    309.734    9.58594  292.93924    105.733 0.0000e+00
   40.55444  -72.45226      7.016      6.962     8.9456    29.2379 -9.990e-29     0.6057 9.9999e+04  1022.6503     8.9449    22.6182    10.1340    309.686    9.58583  292.93577    105.718 0.0000e+00
   40.55444  -72.45226      7.038      6.984     8.9456    29.2378 -9.990e-29     0.6057 9.9999e+04  1022.6503     8.9449    22.6182    10.1335    309.672    9.58595  292.93965    105.712 0.0000e+00
   40.55444  -72.45226      7.077      7.022     8.9458    29.2378 -9.990e-29     0.6057 9.9999e+04  1022.6505     8.9451    22.6182    10.1329    309.653    9.58590  292.93800    105.706 0.0000e+00
   40.55444  -72.45226      7.099      7.044     8.9456    29.2377 -9.990e-29     0.6057 9.9999e+04  1022.6505     8.9449    22.6181    10.1323    309.634    9.58591  292.93822    105.699 0.0000e+00
   40.55444  -72.45226      7.118      7.063     8.9456    29.2377 -9.990e-29     0.6057 9.9999e+04  1022.6505     8.9449    22.6181    10.1316    309.615    9.58589  292.93774    105.693 0.0000e+00
   40.55444  -72.45226      7.159      7.104     8.9458    29.2377 -9.990e-29     0.6057 9.9999e+04  1022.6507     8.9451    22.6181    10.1303    309.574    9.58598  292.94035    105.678 0.0000e+00
   40.55444  -72.45226      7.179      7.123     8.9456    29.2377 -9.990e-29     0.6057 9.9999e+04  1022.6510     8.9449    22.6181    10.1357    309.739    9.58597  292.94018    105.735 0.0000e+00
   40.55444  -72.45226      7.209      7.153     8.9454    29.2377 -9.990e-29     0.6057 9.9999e+04  1022.6509     8.9447    22.6181    10.1289    309.530    9.58591  292.93817    105.664 0.0000e+00
   40.55444  -72.45226      7.240      7.184     8.9453    29.2377 -9.990e-29     0.6057 9.9999e+04  1022.6512     8.9446    22.6181    10.1273    309.483    9.58592  292.93849    105.648 0.0000e+00
   40.55444  -72.45226      7.269      7.213     8.9454    29.2378 -9.990e-29     0.6057 9.9999e+04  1022.6513     8.9447    22.6181    10.1266    309.460    9.58591  292.93832    105.640 0.0000e+00
   40.55444  -72.45226      7.291      7.235     8.9454    29.2378 -9.990e-29     0.6057 9.9999e+04  1022.6516     8.9447    22.6181    10.1258    309.438    9.58595  292.93946    105.632 0.0000e+00
   40.55444  -72.45226      7.331      7.274     8.9454    29.2377 -9.990e-29     0.6326 9.9999e+04  1022.6516     8.9447    22.6180    10.1251    309.415    9.58591  292.93829    105.625 0.0000e+00
   40.55444  -72.45226      7.350      7.294     8.9454    29.2376 -9.990e-29     0.6460 9.9999e+04  1022.6515     8.9447    22.6179    10.1243    309.391    9.58590  292.93781    105.617 0.0000e+00
   40.55444  -72.45226      7.383      7.326     8.9453    29.2374 -9.990e-29     0.6460 9.9999e+04  1022.6517     8.9446    22.6178    10.1236    309.370    9.58595  292.93935    105.609 0.0000e+00
   40.55444  -72.45226      7.411      7.354     8.9452    29.2372 -9.990e-29     0.6460 9.9999e+04  1022.6514     8.9445    22.6176    10.1229    309.349    9.58597  292.93985    105.601 0.0000e+00
   40.55444  -72.45226      7.444      7.386     8.9450    29.2370 -9.990e-29     0.6460 9.9999e+04  1022.6517     8.9442    22.6175    10.1221    309.325    9.58594  292.93923    105.594 0.0000e+00
   40.55444  -72.45226      7.473      7.415     8.9450    29.2369 -9.990e-29     0.6460 9.9999e+04  1022.6515     8.9442    22.6175    10.1214    309.303    9.58597  292.94004    105.586 0.0000e+00
   40.55444  -72.45226      7.492      7.434     8.9447    29.2370 -9.990e-29     0.6460 9.9999e+04  1022.6520     8.9440    22.6176    10.1207    309.281    9.58597  292.94014    105.578 0.0000e+00
   40.55444  -72.45226      7.525      7.467     8.9446    29.2372 -9.990e-29     0.6460 9.9999e+04  1022.6523     8.9439    22.6178    10.1199    309.258    9.58596  292.93979    105.570 0.0000e+00
   40.55444  -72.45226      7.554      7.495     8.9450    29.2373 -9.990e-29     0.6460 9.9999e+04  1022.6523     8.9442    22.6179    10.1131    309.049    9.58595  292.93966    105.499 0.0000e+00
   40.55444  -72.45226      7.585      7.527     8.9446    29.2374 -9.990e-29     0.6460 9.9999e+04  1022.6527     8.9439    22.6180    10.1124    309.028    9.58593  292.93900    105.492 0.0000e+00
   40.55444  -72.45226      7.603      7.544     8.9448    29.2376 -9.990e-29     0.6460 9.9999e+04  1022.6529     8.9440    22.6181    10.1170    309.169    9.58595  292.93954    105.540 0.0000e+00
   40.55444  -72.45226      7.644      7.585     8.9445    29.2377 -9.990e-29     0.6460 9.9999e+04  1022.6532     8.9437    22.6182    10.1103    308.964    9.58594  292.93901    105.470 0.0000e+00
   40.55444  -72.45226      7.657      7.598     8.9446    29.2376 -9.990e-29     0.6460 9.9999e+04  1022.6531     8.9438    22.6181    10.1158    309.132    9.58594  292.93898    105.528 0.0000e+00
