CalculateIndicators/WaterTemperature/Data/CTD_NYOS/20240428_C19.cnv
* Sea-Bird SBE 9 Data File:
* FileName = C:\Seabird 9 CTD\Data\2024\202404_offshore\20240428_C19.hex
* Software Version Seasave V 7.23.2
* Temperature SN = 4590
* Conductivity SN = 3228
* Number of Bytes Per Scan = 44
* Number of Voltage Words = 5
* Number of Scans Averaged by the Deck Unit = 1
* NMEA Latitude = 40 39.83 N
* NMEA Longitude = 072 58.62 W
* NMEA UTC (Time) = Apr 28 2024  03:02:37
* NMEA baud rate = 4800
** Ship: Seawolf
** Station: 9.1
** Operator: TDK
# nquan = 18
# nvalues = 8467                        
# units = specified
# name 0 = latitude: Latitude [deg]
# name 1 = longitude: Longitude [deg]
# name 2 = prDM: Pressure, Digiquartz [db]
# name 3 = depSM: Depth [salt water, m]
# name 4 = t090C: Temperature [ITS-90, deg C]
# name 5 = sal00: Salinity, Practical [PSU]
# name 6 = ph: pH
# name 7 = flECO-AFL: Fluorescence, WET Labs ECO-AFL/FL [mg/m^3]
# name 8 = cpar: CPAR/Corrected Irradiance [%]
# name 9 = density00: Density [density, kg/m^3]
# name 10 = potemp090C: Potential Temperature [ITS-90, deg C]
# name 11 = sigma-é00: Density [sigma-theta, kg/m^3]
# name 12 = sbeox0Mg/L: Oxygen, SBE 43 [mg/l]
# name 13 = sbox0Mm/Kg: Oxygen, SBE 43 [umol/kg]
# name 14 = oxsolMg/L: Oxygen Saturation, Garcia & Gordon [mg/l]
# name 15 = oxsolMm/Kg: Oxygen Saturation, Garcia & Gordon [umol/kg]
# name 16 = sbeox0PS: Oxygen, SBE 43 [% saturation]
# name 17 = flag:  0.000e+00
# span 0 =   40.66398,   40.66488       
# span 1 =  -72.97710,  -72.97554       
# span 2 =      1.543,     14.488       
# span 3 =      1.531,     14.376       
# span 4 =     7.8086,     9.9115       
# span 5 =    29.6300,    30.3512       
# span 6 =      7.904,      8.049       
# span 7 =     0.3640,     1.3579       
# span 8 = 9.9999e+04, 9.9999e+04       
# span 9 =  1022.7890,  1023.7183       
# span 10 =     7.8073,     9.9111      
# span 11 =    22.7776,    23.6518      
# span 12 =     8.2440,     9.5578      
# span 13 =    251.679,    291.950      
# span 14 =    9.35406,    9.76435      
# span 15 =  285.77906,  298.08973      
# span 16 =     84.454,    102.011      
# span 17 = 0.0000e+00, 0.0000e+00      
# interval = seconds: 0.0416667
# start_time = Apr 28 2024 03:02:37 [System UTC, first data scan.]
# bad_flag = -9.990e-29
*END*
[from data line 1046]
   40.66408  -72.97686      9.761      9.686     8.2092    30.1248      8.013     0.7400 9.9999e+04  1023.4629     8.2082    23.4185     9.2659    282.923    9.67488  295.41083     95.773 -9.990e-29
   40.66408  -72.97686      9.750      9.675     8.2088    30.1257      8.008     0.7400 9.9999e+04  1023.4639     8.2079    23.4193     9.2612    282.781    9.67466  295.40445     95.727 -9.990e-29
   40.66408  -72.97686      9.750      9.675     8.2087    30.1270      8.008     0.7400 9.9999e+04  1023.4648     8.2078    23.4203     9.2628    282.828    9.67441  295.39707     95.745 -9.990e-29
   40.66408  -72.97686      9.761      9.686     8.2078    30.1285      8.008     0.7400 9.9999e+04  1023.4662     8.2069    23.4216     9.2646    282.885    9.67441  295.39667     95.764 -9.990e-29
   40.66408  -72.97686      9.755      9.679     8.2078    30.1304      8.008     0.7400 9.9999e+04  1023.4675     8.2069    23.4232     9.2673    282.966    9.67513  295.41956     95.784 -9.990e-29
   40.66408  -72.97686      9.792      9.716     8.2059    30.1323      8.008     0.7400 9.9999e+04  1023.4705     8.2050    23.4249     9.2653    282.905    9.67646  295.46045     95.751 -9.990e-29
   40.66408  -72.97686      9.771      9.695     8.2048    30.1334      8.008     0.7400 9.9999e+04  1023.4709     8.2038    23.4258     9.2681    282.991    9.67727  295.48338     95.772 -9.990e-29
   40.66408  -72.97686      9.761      9.686     8.2039    30.1336      8.008     0.7400 9.9999e+04  1023.4707     8.2030    23.4262     9.2635    282.848    9.67680  295.46825     95.729 -9.990e-29
   40.66408  -72.97686      9.782      9.706     8.2029    30.1341      8.008     0.7400 9.9999e+04  1023.4713     8.2020    23.4266     9.2651    282.896    9.67635  295.45490     95.749 -9.990e-29
   40.66408  -72.97686      9.771      9.695     8.2026    30.1350      8.008     0.7400 9.9999e+04  1023.4720     8.2017    23.4274     9.2677    282.978    9.67696  295.47425     95.771 -9.990e-29
   40.66408  -72.97686      9.782      9.706     8.2023    30.1362      8.008     0.7400 9.9999e+04  1023.4735     8.2014    23.4284     9.2650    282.896    9.67844  295.51909     95.729 -9.990e-29
   40.66408  -72.97686      9.771      9.695     8.2021    30.1369      8.008     0.7400 9.9999e+04  1023.4742     8.2012    23.4290     9.2620    282.803    9.67956  295.55302     95.686 -9.990e-29
   40.66408  -72.97686      9.775      9.699     8.2016    30.1371      8.004     0.7400 9.9999e+04  1023.4739     8.2007    23.4292     9.2635    282.848    9.67987  295.56126     95.698 0.0000e+00
   40.66408  -72.97686      9.782      9.706     8.2011    30.1372      8.008     0.7400 9.9999e+04  1023.4741     8.2002    23.4294     9.2653    282.902    9.67968  295.55496     95.719 -9.990e-29
   40.66408  -72.97686      9.782      9.706     8.2010    30.1374      8.004     0.7400 9.9999e+04  1023.4746     8.2001    23.4296     9.2673    282.964    9.67978  295.55799     95.739 -9.990e-29
   40.66408  -72.97686      9.782      9.706     8.2010    30.1375      8.004     0.7400 9.9999e+04  1023.4744     8.2001    23.4297     9.2633    282.841    9.68002  295.56593     95.695 -9.990e-29
   40.66408  -72.97686      9.771      9.695     8.2010    30.1376      8.004     0.7400 9.9999e+04  1023.4744     8.2001    23.4297     9.2590    282.714    9.68101  295.59842     95.641 -9.990e-29
   40.66408  -72.97686      9.782      9.706     8.2008    30.1378      8.004     0.7400 9.9999e+04  1023.4747     8.1999    23.4298     9.2560    282.621    9.68316  295.66499     95.588 -9.990e-29
   40.66408  -72.97686      9.782      9.706     8.2007    30.1380      8.004     0.7400 9.9999e+04  1023.4749     8.1997    23.4301     9.2582    282.690    9.68535  295.73107     95.590 -9.990e-29
   40.66408  -72.97686      9.782      9.706     8.2008    30.1384      8.004     0.7400 9.9999e+04  1023.4751     8.1999    23.4303     9.2670    282.955    9.68700  295.77932     95.664 -9.990e-29
   40.66408  -72.97686      9.775      9.699     8.2009    30.1389      8.004     0.7400 9.9999e+04  1023.4755     8.2000    23.4307     9.2640    282.862    9.68766  295.79698     95.627 -9.990e-29
   40.66408  -72.97686      9.792      9.716     8.2010    30.1394      8.004     0.7400 9.9999e+04  1023.4760     8.2001    23.4311     9.2594    282.719    9.68760  295.79395     95.580 -9.990e-29
   40.66408  -72.97686      9.792      9.716     8.2016    30.1399      8.004     0.7400 9.9999e+04  1023.4762     8.2007    23.4314     9.2599    282.735    9.68752  295.79098     95.586 -9.990e-29
   40.66408  -72.97686      9.792      9.716     8.2018    30.1405      8.004     0.7400 9.9999e+04  1023.4766     8.2009    23.4318     9.2551    282.586    9.68741  295.78757     95.537 -9.990e-29
   40.66408  -72.97686      9.771      9.695     8.2021    30.1413      8.004     0.7266 9.9999e+04  1023.4772     8.2012    23.4324     9.2566    282.633    9.68757  295.79238     95.551 -9.990e-29
   40.66408  -72.97686      9.812      9.736     8.2026    30.1425      7.999     0.7266 9.9999e+04  1023.4781     8.2017    23.4333     9.2520    282.492    9.68779  295.79909     95.501 -9.990e-29
   40.66408  -72.97686      9.801      9.725     8.2029    30.1441      8.004     0.7266 9.9999e+04  1023.4793     8.2020    23.4344     9.2527    282.514    9.68813  295.80939     95.505 -9.990e-29
   40.66408  -72.97686      9.812      9.736     8.2041    30.1465      8.004     0.7266 9.9999e+04  1023.4803     8.2032    23.4362     9.2489    282.400    9.68938  295.84876     95.454 -9.990e-29
   40.66408  -72.97686      9.801      9.725     8.2052    30.1507      8.004     0.7400 9.9999e+04  1023.4834     8.2043    23.4394     9.2526    282.513    9.69189  295.92656     95.467 -9.990e-29
   40.66408  -72.97686      9.815      9.739     8.2077    30.1564      8.004     0.7266 9.9999e+04  1023.4892     8.2068    23.4434     9.2562    282.622    9.69433  296.00084     95.480 0.0000e+00
   40.66408  -72.97686      9.822      9.746     8.2118    30.1607      7.999     0.7266 9.9999e+04  1023.4929     8.2108    23.4463     9.2586    282.697    9.69581  296.04488     95.491 -9.990e-29
   40.66408  -72.97686      9.822      9.746     8.2155    30.1630      7.999     0.7266 9.9999e+04  1023.4920     8.2146    23.4476     9.2549    282.583    9.69655  296.06676     95.446 -9.990e-29
   40.66408  -72.97686      9.832      9.755     8.2185    30.1659      7.999     0.7266 9.9999e+04  1023.4930     8.2176    23.4494     9.2574    282.659    9.69740  296.09256     95.463 0.0000e+00
   40.66408  -72.97686      9.842      9.766     8.2214    30.1711      7.999     0.7266 9.9999e+04  1023.4980     8.2205    23.4530     9.2591    282.710    9.69842  296.12425     95.470 0.0000e+00
   40.66408  -72.97686      9.852      9.776     8.2245    30.1777      8.004     0.7266 9.9999e+04  1023.5023     8.2236    23.4577     9.2564    282.627    9.70049  296.18766     95.422 0.0000e+00
   40.66408  -72.97686      9.862      9.785     8.2280    30.1849      7.999     0.7266 9.9999e+04  1023.5084     8.2271    23.4628     9.2598    282.732    9.70264  296.25331     95.436 0.0000e+00
   40.66408  -72.97686      9.882      9.806     8.2335    30.1910      7.999     0.7266 9.9999e+04  1023.5138     8.2326    23.4670     9.2575    282.663    9.70452  296.31025     95.394 0.0000e+00
   40.66408  -72.97686      9.896      9.819     8.2389    30.1945      8.004     0.7266 9.9999e+04  1023.5154     8.2380    23.4691     9.2613    282.776    9.70628  296.36282     95.415 0.0000e+00
   40.66408  -72.97686      9.903      9.826     8.2430    30.1953      7.999     0.7266 9.9999e+04  1023.5150     8.2420    23.4691     9.2577    282.664    9.70788  296.41086     95.362 0.0000e+00
   40.66408  -72.97686      9.924      9.847     8.2461    30.1947      7.999     0.7266 9.9999e+04  1023.5136     8.2451    23.4681     9.2591    282.708    9.70938  296.45645     95.363 0.0000e+00
   40.66408  -72.97686      9.933      9.856     8.2480    30.1935      7.999     0.7266 9.9999e+04  1023.5126     8.2471    23.4669     9.2547    282.574    9.71053  296.49172     95.306 0.0000e+00
   40.66408  -72.97686      9.943      9.866     8.2495    30.1923      7.999     0.7266 9.9999e+04  1023.5108     8.2485    23.4657     9.2563    282.621    9.71155  296.52254     95.312 0.0000e+00
   40.66408  -72.97686      9.963      9.886     8.2508    30.1918      7.999     0.7266 9.9999e+04  1023.5103     8.2499    23.4652     9.2514    282.474    9.71252  296.55140     95.253 0.0000e+00
   40.66408  -72.97686      9.984      9.907     8.2523    30.1928      7.999     0.7266 9.9999e+04  1023.5107     8.2513    23.4658     9.2524    282.502    9.71318  296.57107     95.256 0.0000e+00
   40.66408  -72.97686      9.994      9.916     8.2536    30.1955      7.999     0.7266 9.9999e+04  1023.5128     8.2526    23.4677     9.2477    282.358    9.71364  296.58468     95.203 0.0000e+00
   40.66408  -72.97686     10.014      9.937     8.2547    30.1990      7.999     0.7266 9.9999e+04  1023.5168     8.2538    23.4702     9.2481    282.371    9.71403  296.59603     95.204 0.0000e+00
   40.66408  -72.97686     10.024      9.946     8.2557    30.2012      7.999     0.7266 9.9999e+04  1023.5188     8.2547    23.4719     9.2484    282.378    9.71437  296.60598     95.203 0.0000e+00
   40.66408  -72.97686     10.058      9.980     8.2560    30.2014      7.999     0.7266 9.9999e+04  1023.5186     8.2551    23.4719     9.2431    282.216    9.71460  296.61254     95.146 0.0000e+00
   40.66408  -72.97686     10.065      9.987     8.2572    30.2001      7.999     0.6863 9.9999e+04  1023.5168     8.2562    23.4707     9.2366    282.017    9.71472  296.61585     95.078 0.0000e+00
   40.66408  -72.97686     10.095     10.017     8.2588    30.1988      7.999     0.6729 9.9999e+04  1023.5150     8.2579    23.4695     9.2363    282.008    9.71490  296.62113     95.073 0.0000e+00
   40.66408  -72.97686     10.105     10.027     8.2599    30.1984      7.994     0.6729 9.9999e+04  1023.5151     8.2589    23.4691     9.2297    281.807    9.71514  296.62855     95.003 0.0000e+00
   40.66408  -72.97686     10.126     10.047     8.2595    30.1977      7.999     0.6729 9.9999e+04  1023.5163     8.2585    23.4686     9.2231    281.604    9.71547  296.63860     94.932 0.0000e+00
   40.66408  -72.97686     10.135     10.057     8.2575    30.1961      7.994     0.6729 9.9999e+04  1023.5130     8.2566    23.4677     9.2162    281.396    9.71569  296.64519     94.859 0.0000e+00
   40.66408  -72.97686     10.156     10.077     8.2519    30.1961      7.994     0.6729 9.9999e+04  1023.5125     8.2510    23.4683     9.2156    281.377    9.71591  296.65184     94.851 0.0000e+00
   40.66408  -72.97686     10.186     10.107     8.2463    30.1991      7.999     0.6729 9.9999e+04  1023.5189     8.2453    23.4712     9.2150    281.357    9.71619  296.66023     94.841 0.0000e+00
   40.66408  -72.97686     10.197     10.118     8.2474    30.2016      7.995     0.6729 9.9999e+04  1023.5216     8.2464    23.4732     9.2151    281.361    9.71647  296.66876     94.840 0.0000e+00
   40.66408  -72.97686     10.227     10.148     8.2498    30.2014      7.994     0.6729 9.9999e+04  1023.5203     8.2489    23.4730     9.2089    281.172    9.71673  296.67671     94.774 0.0000e+00
   40.66408  -72.97686     10.248     10.169     8.2480    30.1998      7.995     0.6729 9.9999e+04  1023.5180     8.2471    23.4720     9.2026    280.979    9.71693  296.68293     94.707 0.0000e+00
   40.66408  -72.97686     10.267     10.188     8.2415    30.1991      7.995     0.6729 9.9999e+04  1023.5185     8.2405    23.4722     9.2024    280.972    9.71704  296.68647     94.703 -9.990e-29
   40.66408  -72.97686     10.262     10.182     8.2360    30.2005      7.995     0.6729 9.9999e+04  1023.5203     8.2350    23.4739     9.2021    280.965    9.71723  296.69240     94.699 -9.990e-29
   40.66408  -72.97686     10.318     10.238     8.2334    30.2029      7.995     0.6729 9.9999e+04  1023.5241     8.2324    23.4762     9.1894    280.577    9.71747  296.69979     94.566 -9.990e-29
   40.66408  -72.97686     10.318     10.238     8.2337    30.2046      7.995     0.6729 9.9999e+04  1023.5257     8.2327    23.4776     9.1883    280.544    9.71781  296.71014     94.551 -9.990e-29
   40.66408  -72.97686     10.339     10.259     8.2332    30.2042      7.995     0.6729 9.9999e+04  1023.5260     8.2322    23.4774     9.1880    280.533    9.71806  296.71809     94.545 0.0000e+00
   40.66408  -72.97686     10.359     10.279     8.2330    30.2005      7.995     0.6729 9.9999e+04  1023.5237     8.2320    23.4747     9.1822    280.358    9.71830  296.72535     94.484 0.0000e+00
   40.66408  -72.97686     10.379     10.298     8.2312    30.1948      7.995     0.6729 9.9999e+04  1023.5165     8.2302    23.4706     9.1818    280.344    9.71850  296.73177     94.477 0.0000e+00
   40.66408  -72.97686     10.390     10.309     8.2229    30.1910      7.995     0.6729 9.9999e+04  1023.5137     8.2219    23.4686     9.1750    280.138    9.71872  296.73828     94.406 0.0000e+00
   40.66408  -72.97686     10.409     10.328     8.2124    30.1923      7.995     0.6729 9.9999e+04  1023.5165     8.2114    23.4709     9.1735    280.090    9.71884  296.74191     94.388 0.0000e+00
   40.66408  -72.97686     10.430     10.349     8.2028    30.1981      7.995     0.6729 9.9999e+04  1023.5238     8.2018    23.4766     9.1665    279.879    9.71901  296.74705     94.316 0.0000e+00
   40.66408  -72.97686     10.441     10.360     8.1969    30.2054      7.995     0.6729 9.9999e+04  1023.5325     8.1959    23.4831     9.1667    279.883    9.71918  296.75204     94.315 0.0000e+00
   40.66408  -72.97686     10.450     10.369     8.1956    30.2108      7.995     0.6729 9.9999e+04  1023.5369     8.1946    23.4877     9.1607    279.701    9.71950  296.76173     94.251 0.0000e+00
   40.66408  -72.97686     10.471     10.390     8.1953    30.2134      7.995     0.6729 9.9999e+04  1023.5389     8.1943    23.4899     9.1601    279.681    9.71980  296.77076     94.242 0.0000e+00
   40.66408  -72.97686     10.480     10.399     8.1960    30.2141      7.995     0.6863 9.9999e+04  1023.5385     8.1950    23.4904     9.1540    279.495    9.72006  296.77858     94.176 0.0000e+00
   40.66408  -72.97686     10.490     10.409     8.1953    30.2142      7.995     0.9147 9.9999e+04  1023.5385     8.1943    23.4906     9.1538    279.487    9.72083  296.80123     94.166 0.0000e+00
   40.66408  -72.97686     10.511     10.429     8.1940    30.2141      7.995     1.0758 9.9999e+04  1023.5395     8.1930    23.4907     9.1479    279.308    9.72138  296.81761     94.101 0.0000e+00
   40.66408  -72.97686     10.522     10.440     8.1927    30.2123      7.995     1.1027 9.9999e+04  1023.5392     8.1917    23.4896     9.1409    279.095    9.72170  296.82715     94.026 0.0000e+00
   40.66408  -72.97686     10.531     10.450     8.1887    30.2079      7.995     1.0758 9.9999e+04  1023.5350     8.1877    23.4869     9.1403    279.075    9.72219  296.84189     94.015 0.0000e+00
   40.66408  -72.97686     10.541     10.459     8.1793    30.2035      7.995     1.0758 9.9999e+04  1023.5310     8.1783    23.4846     9.1335    278.868    9.72270  296.85703     93.940 0.0000e+00
   40.66408  -72.97684     10.562     10.480     8.1685    30.2024      7.995     1.0758 9.9999e+04  1023.5317     8.1675    23.4849     9.1390    279.036    9.72320  296.87192     93.992 -9.990e-29
   40.66408  -72.97684     10.562     10.480     8.1604    30.2041      7.995     1.0758 9.9999e+04  1023.5366     8.1594    23.4873     9.1338    278.877    9.72360  296.88380     93.935 -9.990e-29
