CalculateIndicators/WaterTemperature/Data/CTD_NYOS/20240710_24.cnv
* Sea-Bird SBE 9 Data File:
* FileName = C:\Seabird 9 CTD\Data\2024\202407_offshore\20240710_24.hex
* Software Version Seasave V 7.23.2
* Temperature SN = 4590
* Conductivity SN = 3228
* Number of Bytes Per Scan = 44
* Number of Voltage Words = 5
* Number of Scans Averaged by the Deck Unit = 1
* NMEA Latitude = 40 41.26 N
* NMEA Longitude = 072 03.63 W
* NMEA UTC (Time) = Jul 10 2024  21:31:42
* NMEA baud rate = 4800
** Ship: seawolf
** Station: 11.2
** Operator: TCM
# nquan = 18
# nvalues = 11145                       
# units = specified
# name 0 = latitude: Latitude [deg]
# name 1 = longitude: Longitude [deg]
# name 2 = prDM: Pressure, Digiquartz [db]
# name 3 = depSM: Depth [salt water, m]
# name 4 = t090C: Temperature [ITS-90, deg C]
# name 5 = sal00: Salinity, Practical [PSU]
# name 6 = ph: pH
# name 7 = flECO-AFL: Fluorescence, WET Labs ECO-AFL/FL [mg/m^3]
# name 8 = cpar: CPAR/Corrected Irradiance [%]
# name 9 = density00: Density [density, kg/m^3]
# name 10 = potemp090C: Potential Temperature [ITS-90, deg C]
# name 11 = sigma-é00: Density [sigma-theta, kg/m^3]
# name 12 = sbeox0Mg/L: Oxygen, SBE 43 [mg/l]
# name 13 = sbox0Mm/Kg: Oxygen, SBE 43 [umol/kg]
# name 14 = oxsolMg/L: Oxygen Saturation, Garcia & Gordon [mg/l]
# name 15 = oxsolMm/Kg: Oxygen Saturation, Garcia & Gordon [umol/kg]
# name 16 = sbeox0PS: Oxygen, SBE 43 [% saturation]
# name 17 = flag:  0.000e+00
# span 0 =   40.68778,   40.68904       
# span 1 =  -72.06056,  -72.05938       
# span 2 =      1.644,     45.051       
# span 3 =      1.631,     44.698       
# span 4 =     7.1443,    23.5134       
# span 5 =    29.7469,    32.2937       
# span 6 =      7.879,      8.165       
# span 7 =     0.0013,     2.5667       
# span 8 = 2.3624e-03, 1.2817e+02       
# span 9 =  1020.2797,  1025.1716       
# span 10 =     7.1403,    23.5130      
# span 11 =    20.2712,    24.9798      
# span 12 =     7.5920,    10.8091      
# span 13 =    231.485,    329.751      
# span 14 =    7.12936,    9.81378      
# span 15 =  218.34761,  299.21610      
# span 16 =     77.511,    118.480      
# span 17 = 0.0000e+00, 0.0000e+00      
# interval = seconds: 0.0416667
# start_time = Jul 10 2024 21:31:42 [System UTC, first data scan.]
# bad_flag = -9.990e-29
*END*
[from data line 9166]
   40.68886  -72.05958      2.514      2.495    23.5093    30.4911 -9.990e-29     0.7803 2.3952e+01  1020.3844    23.5087    20.3736     7.8118    239.249    7.12961  218.35472    109.569 -9.990e-29
   40.68886  -72.05958      2.493      2.474    23.5089    30.4911 -9.990e-29     0.7803 2.3980e+01  1020.3844    23.5084    20.3736     7.8118    239.248    7.12964  218.35560    109.568 -9.990e-29
   40.68886  -72.05958      2.484      2.465    23.5091    30.4911 -9.990e-29     0.7803 2.2532e+01  1020.3842    23.5086    20.3736     7.8114    239.236    7.12962  218.35523    109.563 -9.990e-29
   40.68886  -72.05958      2.474      2.455    23.5089    30.4913 -9.990e-29     0.7803 2.1523e+01  1020.3844    23.5084    20.3738     7.8110    239.224    7.12961  218.35497    109.557 -9.990e-29
   40.68886  -72.05958      2.465      2.446    23.5087    30.4913 -9.990e-29     0.7803 2.1659e+01  1020.3848    23.5082    20.3739     7.8110    239.223    7.12963  218.35540    109.557 -9.990e-29
   40.68886  -72.05958      2.444      2.425    23.5091    30.4913 -9.990e-29     0.7803 2.1521e+01  1020.3842    23.5086    20.3738     7.8106    239.212    7.12964  218.35578    109.552 -9.990e-29
   40.68886  -72.05958      2.433      2.414    23.5089    30.4914 -9.990e-29     0.7803 2.0798e+01  1020.3842    23.5084    20.3737     7.8102    239.200    7.12961  218.35490    109.547 -9.990e-29
   40.68886  -72.05958      2.412      2.394    23.5088    30.4914 -9.990e-29     0.7803 1.9851e+01  1020.3840    23.5083    20.3738     7.8099    239.190    7.12962  218.35520    109.541 -9.990e-29
   40.68886  -72.05958      2.393      2.375    23.5085    30.4915 -9.990e-29     0.7803 1.9389e+01  1020.3844    23.5081    20.3740     7.8095    239.178    7.12962  218.35506    109.536 -9.990e-29
   40.68886  -72.05958      2.373      2.354    23.5087    30.4918 -9.990e-29     0.7803 1.9951e+01  1020.3843    23.5082    20.3742     7.8092    239.167    7.12961  218.35469    109.531 -9.990e-29
   40.68886  -72.05958      2.352      2.334    23.5085    30.4918 -9.990e-29     0.7938 2.1820e+01  1020.3846    23.5081    20.3743     7.8130    239.284    7.12963  218.35538    109.585 -9.990e-29
   40.68886  -72.05958      2.342      2.324    23.5089    30.4918 -9.990e-29     0.7938 2.2612e+01  1020.3841    23.5084    20.3742     7.8088    239.155    7.12962  218.35510    109.526 -9.990e-29
   40.68886  -72.05958      2.333      2.315    23.5087    30.4917 -9.990e-29     0.7938 2.2109e+01  1020.3842    23.5083    20.3741     7.8084    239.143    7.12962  218.35504    109.520 -9.990e-29
   40.68886  -72.05958      2.303      2.285    23.5089    30.4916 -9.990e-29     0.7938 2.0996e+01  1020.3839    23.5084    20.3740     7.8038    239.004    7.12961  218.35475    109.457 -9.990e-29
   40.68886  -72.05958      2.292      2.274    23.5089    30.4916 -9.990e-29     0.7938 2.0220e+01  1020.3838    23.5084    20.3739     7.8073    239.111    7.12961  218.35468    109.506 -9.990e-29
   40.68886  -72.05958      2.282      2.264    23.5091    30.4916 -9.990e-29     0.7938 1.9589e+01  1020.3836    23.5086    20.3739     7.8070    239.100    7.12961  218.35491    109.501 -9.990e-29
   40.68886  -72.05958      2.261      2.244    23.5091    30.4916 -9.990e-29     0.7938 1.9049e+01  1020.3836    23.5086    20.3740     7.8066    239.088    7.12960  218.35435    109.496 -9.990e-29
   40.68886  -72.05958      2.241      2.223    23.5090    30.4916 -9.990e-29     0.7938 1.9212e+01  1020.3837    23.5086    20.3740     7.8024    238.960    7.12960  218.35451    109.437 -9.990e-29
   40.68886  -72.05958      2.221      2.204    23.5093    30.4916 -9.990e-29     0.7938 1.9725e+01  1020.3835    23.5088    20.3739     7.8059    239.068    7.12961  218.35479    109.486 -9.990e-29
   40.68886  -72.05958      2.212      2.195    23.5091    30.4913 -9.990e-29     0.7938 1.9771e+01  1020.3833    23.5086    20.3737     7.8056    239.058    7.12961  218.35472    109.481 -9.990e-29
   40.68886  -72.05958      2.210      2.193    23.5093    30.4909 -9.990e-29     0.7938 1.9766e+01  1020.3829    23.5088    20.3735     7.8014    238.929    7.12960  218.35442    109.423 -9.990e-29
   40.68886  -72.05958      2.150      2.133    23.5089    30.4907 -9.990e-29     0.7938 2.0004e+01  1020.3825    23.5085    20.3733     7.8011    238.921    7.12963  218.35534    109.418 -9.990e-29
   40.68886  -72.05958      2.180      2.163    23.5087    30.4907 -9.990e-29     0.7938 2.0002e+01  1020.3826    23.5083    20.3733     7.8008    238.912    7.12962  218.35497    109.415 -9.990e-29
   40.68886  -72.05958      2.129      2.113    23.5085    30.4907 -9.990e-29     0.7938 2.0245e+01  1020.3824    23.5081    20.3734     7.8006    238.904    7.12961  218.35475    109.411 -9.990e-29
   40.68886  -72.05958      2.140      2.124    23.5082    30.4909 -9.990e-29     0.7938 2.0920e+01  1020.3828    23.5078    20.3736     7.7962    238.770    7.12963  218.35536    109.349 -9.990e-29
   40.68886  -72.05958      2.120      2.103    23.5078    30.4912 -9.990e-29     0.7938 2.1196e+01  1020.3831    23.5074    20.3739     7.7960    238.764    7.12961  218.35479    109.347 -9.990e-29
   40.68886  -72.05958      2.109      2.093    23.5078    30.4916 -9.990e-29     0.7938 2.1196e+01  1020.3833    23.5074    20.3743     7.7997    238.878    7.12962  218.35514    109.399 -9.990e-29
   40.68886  -72.05958      2.090      2.073    23.5079    30.4919 -9.990e-29     0.7938 2.1235e+01  1020.3836    23.5075    20.3745     7.7958    238.758    7.12964  218.35567    109.344 -9.990e-29
   40.68886  -72.05958      2.090      2.073    23.5080    30.4921 -9.990e-29     0.7938 2.1295e+01  1020.3837    23.5076    20.3746     7.7957    238.755    7.12961  218.35485    109.342 -9.990e-29
   40.68886  -72.05958      2.079      2.063    23.5084    30.4922 -9.990e-29     0.7938 2.1295e+01  1020.3834    23.5079    20.3746     7.7954    238.745    7.12962  218.35507    109.338 -9.990e-29
   40.68886  -72.05958      2.080      2.064    23.5085    30.4922 -9.990e-29     0.7938 2.1295e+01  1020.3836    23.5081    20.3746     7.7912    238.618    7.12961  218.35485    109.280 -9.990e-29
   40.68886  -72.05958      2.079      2.063    23.5087    30.4922 -9.990e-29     0.7938 2.1255e+01  1020.3836    23.5083    20.3745     7.7869    238.484    7.12962  218.35506    109.218 -9.990e-29
   40.68886  -72.05958      2.090      2.073    23.5089    30.4921 -9.990e-29     0.7938 2.1255e+01  1020.3834    23.5085    20.3743     7.7861    238.461    7.12963  218.35545    109.208 -9.990e-29
   40.68886  -72.05958      2.090      2.073    23.5093    30.4919 -9.990e-29     0.7938 2.1315e+01  1020.3830    23.5088    20.3741     7.7854    238.439    7.12961  218.35477    109.198 -9.990e-29
   40.68886 -9.990e-29      2.090      2.073    23.5096    30.4917 -9.990e-29     0.8072 2.1315e+01  1020.3826    23.5092    20.3739     7.7851    238.430    7.12964  218.35552    109.193 -9.990e-29
   40.68886 -9.990e-29      2.109      2.093    23.5096    30.4917 -9.990e-29     0.8072 2.1315e+01  1020.3831    23.5092    20.3739     7.7845    238.412    7.12964  218.35566    109.185 -9.990e-29
   40.68886 -9.990e-29      2.101      2.084    23.5097    30.4917 -9.990e-29     0.8072 2.2612e+01  1020.3828    23.5093    20.3738     7.7840    238.396    7.12962  218.35514    109.178 -9.990e-29
   40.68886 -9.990e-29      2.120      2.103    23.5098    30.4917 -9.990e-29     0.8072 2.3719e+01  1020.3829    23.5093    20.3738     7.7836    238.383    7.12966  218.35618    109.172 -9.990e-29
   40.68886 -9.990e-29      2.120      2.103    23.5098    30.4917 -9.990e-29     0.8072 2.3987e+01  1020.3830    23.5093    20.3738     7.7832    238.371    7.12965  218.35594    109.166 -9.990e-29
   40.68886 -9.990e-29      2.140      2.124    23.5100    30.4917 -9.990e-29     0.8072 2.2739e+01  1020.3830    23.5095    20.3738     7.7868    238.481    7.12972  218.35825    109.216 -9.990e-29
   40.68886 -9.990e-29      2.150      2.133    23.5100    30.4917 -9.990e-29     0.8072 2.1336e+01  1020.3831    23.5095    20.3737     7.7868    238.483    7.12973  218.35852    109.216 -9.990e-29
   40.68886 -9.990e-29      2.161      2.144    23.5101    30.4915 -9.990e-29     0.8072 2.1038e+01  1020.3827    23.5097    20.3736     7.7827    238.358    7.12974  218.35872    109.159 -9.990e-29
   40.68886 -9.990e-29      2.180      2.163    23.5101    30.4915 -9.990e-29     0.8072 2.1038e+01  1020.3830    23.5097    20.3736     7.7826    238.352    7.12974  218.35873    109.156 -9.990e-29
   40.68886 -9.990e-29      2.201      2.184    23.5101    30.4915 -9.990e-29     0.8072 2.1058e+01  1020.3829    23.5097    20.3736     7.7867    238.478    7.12979  218.36015    109.213 -9.990e-29
   40.68886 -9.990e-29      2.210      2.193    23.5101    30.4916 -9.990e-29     0.8072 2.1058e+01  1020.3831    23.5097    20.3736     7.7866    238.476    7.12978  218.36007    109.212 -9.990e-29
   40.68886 -9.990e-29      2.241      2.223    23.5101    30.4916 -9.990e-29     0.8072 2.1058e+01  1020.3833    23.5097    20.3736     7.7866    238.476    7.12980  218.36051    109.212 -9.990e-29
   40.68886 -9.990e-29      2.261      2.244    23.5103    30.4916 -9.990e-29     0.8072 2.1058e+01  1020.3832    23.5099    20.3736     7.7907    238.603    7.12980  218.36042    109.270 -9.990e-29
   40.68886 -9.990e-29      2.293      2.275    23.5103    30.4916 -9.990e-29     0.8072 2.1058e+01  1020.3837    23.5098    20.3736     7.7911    238.614    7.12981  218.36083    109.275 -9.990e-29
   40.68886 -9.990e-29      2.312      2.294    23.5107    30.4916 -9.990e-29     0.8072 2.1079e+01  1020.3833    23.5102    20.3735     7.7915    238.625    7.12983  218.36134    109.280 -9.990e-29
   40.68886 -9.990e-29      2.342      2.324    23.5103    30.4916 -9.990e-29     0.8072 2.0961e+01  1020.3837    23.5099    20.3735     7.7919    238.637    7.12982  218.36104    109.286 -9.990e-29
   40.68886 -9.990e-29      2.363      2.345    23.5105    30.4914 -9.990e-29     0.8072 2.0902e+01  1020.3836    23.5100    20.3734     7.7881    238.523    7.12983  218.36141    109.233 -9.990e-29
   40.68886 -9.990e-29      2.384      2.365    23.5107    30.4913 -9.990e-29     0.8072 2.0902e+01  1020.3834    23.5102    20.3733     7.7924    238.654    7.12984  218.36175    109.293 -9.990e-29
   40.68886 -9.990e-29      2.412      2.394    23.5105    30.4913 -9.990e-29     0.8072 2.0902e+01  1020.3837    23.5100    20.3733     7.7888    238.543    7.12985  218.36206    109.242 -9.990e-29
   40.68886 -9.990e-29      2.433      2.414    23.5105    30.4913 -9.990e-29     0.8072 2.0843e+01  1020.3836    23.5100    20.3733     7.7931    238.676    7.12985  218.36198    109.303 -9.990e-29
   40.68886 -9.990e-29      2.463      2.444    23.5105    30.4914 -9.990e-29     0.8072 2.0902e+01  1020.3842    23.5100    20.3734     7.7895    238.566    7.12988  218.36271    109.252 -9.990e-29
   40.68886 -9.990e-29      2.484      2.465    23.5105    30.4914 -9.990e-29     0.8072 2.1802e+01  1020.3841    23.5100    20.3735     7.7940    238.701    7.12986  218.36218    109.314 -9.990e-29
   40.68886 -9.990e-29      2.504      2.485    23.5105    30.4914 -9.990e-29     0.8072 2.2424e+01  1020.3843    23.5100    20.3735     7.7904    238.592    7.12986  218.36225    109.264 -9.990e-29
   40.68886 -9.990e-29      2.535      2.515    23.5106    30.4915 -9.990e-29     0.8072 2.2487e+01  1020.3843    23.5101    20.3734     7.7949    238.730    7.12987  218.36246    109.327 -9.990e-29
   40.68886 -9.990e-29      2.544      2.525    23.5105    30.4915 -9.990e-29     0.8072 2.2742e+01  1020.3843    23.5100    20.3734     7.7914    238.624    7.12990  218.36350    109.278 -9.990e-29
   40.68886 -9.990e-29      2.595      2.575    23.5105    30.4915 -9.990e-29     0.7803 2.2934e+01  1020.3846    23.5100    20.3735     7.7922    238.646    7.12991  218.36378    109.288 -9.990e-29
   40.68886 -9.990e-29      2.625      2.605    23.5105    30.4916 -9.990e-29     0.7803 2.2957e+01  1020.3848    23.5100    20.3736     7.7926    238.660    7.12992  218.36434    109.295 -9.990e-29
   40.68886 -9.990e-29      2.646      2.626    23.5105    30.4917 -9.990e-29     0.7803 2.3216e+01  1020.3850    23.5100    20.3737     7.7931    238.676    7.12993  218.36454    109.302 -9.990e-29
   40.68886 -9.990e-29      2.667      2.646    23.5105    30.4917 -9.990e-29     0.7803 2.3390e+01  1020.3852    23.5100    20.3737     7.7933    238.681    7.12992  218.36402    109.304 -9.990e-29
   40.68886 -9.990e-29      2.686      2.665    23.5105    30.4917 -9.990e-29     0.7803 2.3571e+01  1020.3851    23.5100    20.3736     7.7980    238.826    7.12993  218.36439    109.371 -9.990e-29
   40.68886 -9.990e-29      2.706      2.686    23.5107    30.4917 -9.990e-29     0.7803 2.4233e+01  1020.3852    23.5101    20.3736     7.7947    238.725    7.12991  218.36392    109.324 -9.990e-29
   40.68886 -9.990e-29      2.737      2.715    23.5107    30.4917 -9.990e-29     0.7803 2.5622e+01  1020.3852    23.5101    20.3736     7.7953    238.743    7.12990  218.36362    109.333 -9.990e-29
   40.68886 -9.990e-29      2.757      2.736    23.5105    30.4916 -9.990e-29     0.7803 2.6121e+01  1020.3855    23.5100    20.3737     7.7956    238.752    7.12986  218.36206    109.337 -9.990e-29
   40.68886 -9.990e-29      2.778      2.756    23.5105    30.4916 -9.990e-29     0.7803 2.5238e+01  1020.3856    23.5100    20.3737     7.7962    238.771    7.12980  218.36056    109.347 -9.990e-29
   40.68886 -9.990e-29      2.797      2.775    23.5106    30.4916 -9.990e-29     0.7803 2.4609e+01  1020.3856    23.5101    20.3736     7.8011    238.921    7.12981  218.36062    109.416 -9.990e-29
   40.68888 -9.990e-29      2.818      2.796    23.5105    30.4916 -9.990e-29     0.7803 2.5308e+01  1020.3855    23.5100    20.3735     7.8018    238.943    7.12981  218.36061    109.426 -9.990e-29
   40.68888 -9.990e-29      2.838      2.816    23.5105    30.4916 -9.990e-29     0.7803 2.5757e+01  1020.3858    23.5099    20.3736     7.7984    238.838    7.12981  218.36060    109.378 -9.990e-29
   40.68888 -9.990e-29      2.859      2.837    23.5105    30.4916 -9.990e-29     0.7803 2.5050e+01  1020.3860    23.5099    20.3736     7.7989    238.851    7.12979  218.36012    109.384 -9.990e-29
   40.68888 -9.990e-29      2.869      2.846    23.5105    30.4915 -9.990e-29     0.7803 2.4511e+01  1020.3857    23.5099    20.3735     7.7993    238.866    7.12976  218.35920    109.391 -9.990e-29
   40.68888 -9.990e-29      2.878      2.856    23.5107    30.4915 -9.990e-29     0.7803 2.3378e+01  1020.3857    23.5101    20.3734     7.8037    239.000    7.12980  218.36053    109.452 -9.990e-29
   40.68888 -9.990e-29      2.889      2.867    23.5105    30.4915 -9.990e-29     0.7803 2.1159e+01  1020.3859    23.5099    20.3735     7.8042    239.015    7.12978  218.35999    109.459 -9.990e-29
   40.68888 -9.990e-29      2.910      2.887    23.5103    30.4916 -9.990e-29     0.7803 1.9861e+01  1020.3861    23.5097    20.3736     7.8092    239.168    7.12978  218.36006    109.529 -9.990e-29
   40.68888 -9.990e-29      2.899      2.876    23.5105    30.4916 -9.990e-29     0.7803 1.9364e+01  1020.3861    23.5099    20.3736     7.8058    239.065    7.12980  218.36057    109.482 -9.990e-29
   40.68888 -9.990e-29      2.910      2.887    23.5105    30.4916 -9.990e-29     0.7803 1.8408e+01  1020.3860    23.5099    20.3736     7.8064    239.081    7.12981  218.36079    109.489 -9.990e-29
   40.68888 -9.990e-29      2.919      2.897    23.5105    30.4916 -9.990e-29     0.7803 1.7888e+01  1020.3862    23.5099    20.3735     7.8110    239.223    7.12978  218.35996    109.555 -9.990e-29
   40.68888 -9.990e-29      2.910      2.887    23.5106    30.4916 -9.990e-29     0.7803 1.7732e+01  1020.3858    23.5100    20.3735     7.8115    239.238    7.12979  218.36032    109.561 -9.990e-29
