CalculateIndicators/WaterTemperature/Data/CTD_NYOS/20240709_C07.cnv
* Sea-Bird SBE 9 Data File:
* FileName = C:\Seabird 9 CTD\Data\2024\202407_offshore\20240709_C07.hex
* Software Version Seasave V 7.23.2
* Temperature SN = 4590
* Conductivity SN = 3228
* Number of Bytes Per Scan = 44
* Number of Voltage Words = 5
* Number of Scans Averaged by the Deck Unit = 1
* NMEA Latitude = 39 50.44 N
* NMEA Longitude = 072 54.50 W
* NMEA UTC (Time) = Jul 09 2024  02:39:49
* NMEA baud rate = 4800
** Ship: seawolf
** Station: 8.4
** Operator: TDK
# nquan = 18
# nvalues = 15365                       
# units = specified
# name 0 = latitude: Latitude [deg]
# name 1 = longitude: Longitude [deg]
# name 2 = prDM: Pressure, Digiquartz [db]
# name 3 = depSM: Depth [salt water, m]
# name 4 = t090C: Temperature [ITS-90, deg C]
# name 5 = sal00: Salinity, Practical [PSU]
# name 6 = ph: pH
# name 7 = flECO-AFL: Fluorescence, WET Labs ECO-AFL/FL [mg/m^3]
# name 8 = cpar: CPAR/Corrected Irradiance [%]
# name 9 = density00: Density [density, kg/m^3]
# name 10 = potemp090C: Potential Temperature [ITS-90, deg C]
# name 11 = sigma-é00: Density [sigma-theta, kg/m^3]
# name 12 = sbeox0Mg/L: Oxygen, SBE 43 [mg/l]
# name 13 = sbox0Mm/Kg: Oxygen, SBE 43 [umol/kg]
# name 14 = oxsolMg/L: Oxygen Saturation, Garcia & Gordon [mg/l]
# name 15 = oxsolMm/Kg: Oxygen Saturation, Garcia & Gordon [umol/kg]
# name 16 = sbeox0PS: Oxygen, SBE 43 [% saturation]
# name 17 = flag:  0.000e+00
# span 0 =   39.84070,   39.84110       
# span 1 =  -72.90840,  -72.90796       
# span 2 =      1.469,     59.843       
# span 3 =      1.457,     59.377       
# span 4 =     6.8083,    23.9071       
# span 5 =    29.8053,    32.8629       
# span 6 =      7.903,      8.133       
# span 7 =     0.0013,     2.7010       
# span 8 = 1.6880e-11, 9.9999e+04       
# span 9 =  1019.9006,  1025.4515       
# span 10 =     6.8051,    23.9068      
# span 11 =    19.8950,    25.1766      
# span 12 =     7.5853,    10.9221      
# span 13 =    232.391,    333.131      
# span 14 =    7.09881,    9.88485      
# span 15 =  217.50592,  301.35127      
# span 16 =     78.254,    122.941      
# span 17 = 0.0000e+00, 0.0000e+00      
# interval = seconds: 0.0416667
# start_time = Jul 09 2024 02:39:51 [System UTC, first data scan.]
# bad_flag = -9.990e-29
*END*
[from data line 7076]
   39.84086  -72.90828     35.339     35.066     6.8500    31.9670      7.930     0.0685 1.6880e-11  1025.2131     6.8469    25.0504     7.9964    243.785    9.87895  301.17883     80.944 -9.990e-29
   39.84086  -72.90828     35.318     35.045     6.8502    31.9669      7.930     0.0685 1.6880e-11  1025.2127     6.8471    25.0503     7.9953    243.752    9.87919  301.18622     80.931 -9.990e-29
   39.84086  -72.90828     35.318     35.045     6.8503    31.9667      7.935     0.0685 1.6880e-11  1025.2127     6.8472    25.0502     8.0014    243.937    9.87941  301.19267     80.990 -9.990e-29
   39.84086  -72.90828     35.309     35.036     6.8505    31.9667      7.930     0.0551 1.6880e-11  1025.2121     6.8474    25.0500     7.9954    243.756    9.87968  301.20054     80.928 -9.990e-29
   39.84086  -72.90828     35.309     35.036     6.8508    31.9667      7.935     0.0551 1.6880e-11  1025.2123     6.8478    25.0501     8.0012    243.931    9.87994  301.20851     80.984 -9.990e-29
   39.84086  -72.90828     35.298     35.025     6.8503    31.9671      7.930     0.0416 1.6880e-11  1025.2131     6.8472    25.0504     8.0002    243.902    9.88012  301.21384     80.973 -9.990e-29
   39.84086  -72.90828     35.309     35.036     6.8510    31.9674      7.935     0.0551 1.6880e-11  1025.2126     6.8479    25.0506     7.9937    243.703    9.88038  301.22144     80.905 -9.990e-29
   39.84086  -72.90828     35.288     35.015     6.8508    31.9679      7.930     0.0551 1.6880e-11  1025.2132     6.8478    25.0510     7.9987    243.856    9.88051  301.22549     80.955 -9.990e-29
   39.84086  -72.90828     35.277     35.004     6.8510    31.9685      7.930     0.0551 1.6880e-11  1025.2140     6.8479    25.0514     7.9982    243.839    9.88067  301.23011     80.948 -9.990e-29
   39.84086  -72.90828     35.305     35.032     6.8514    31.9685      7.930     0.0416 1.6880e-11  1025.2140     6.8484    25.0516     7.9983    243.843    9.88077  301.23292     80.948 -9.990e-29
   39.84086  -72.90828     35.277     35.004     6.8516    31.9685      7.930     0.0551 1.6880e-11  1025.2139     6.8486    25.0513     7.9973    243.813    9.88088  301.23618     80.938 -9.990e-29
   39.84086  -72.90828     35.277     35.004     6.8521    31.9685      7.930     0.0416 1.6880e-11  1025.2129     6.8491    25.0511     7.9971    243.805    9.88090  301.23656     80.935 -9.990e-29
   39.84086  -72.90828     35.277     35.004     6.8521    31.9685      7.930     0.0416 1.6880e-11  1025.2134     6.8491    25.0511     7.9967    243.793    9.88100  301.23936     80.930 -9.990e-29
   39.84086  -72.90828     35.277     35.004     6.8526    31.9686      7.930     0.0416 1.6880e-11  1025.2133     6.8495    25.0513     7.9962    243.776    9.88106  301.24100     80.924 -9.990e-29
   39.84086  -72.90828     35.267     34.995     6.8527    31.9693      7.930     0.0551 1.6880e-11  1025.2140     6.8497    25.0518     7.9954    243.752    9.88103  301.23973     80.916 -9.990e-29
   39.84086  -72.90828     35.277     35.004     6.8531    31.9693      7.930     0.0416 1.6880e-11  1025.2148     6.8500    25.0521     7.9944    243.723    9.88097  301.23770     80.907 -9.990e-29
   39.84086  -72.90828     35.267     34.995     6.8537    31.9693      7.930     0.0551 1.6880e-11  1025.2142     6.8507    25.0519     7.9943    243.718    9.88092  301.23592     80.906 -9.990e-29
   39.84086  -72.90828     35.267     34.995     6.8542    31.9693      7.930     0.0551 1.6880e-11  1025.2137     6.8511    25.0516     7.9930    243.680    9.88088  301.23479     80.894 -9.990e-29
   39.84086  -72.90828     35.277     35.004     6.8547    31.9690      7.935     0.0416 1.6880e-11  1025.2136     6.8516    25.0514     7.9916    243.638    9.88089  301.23516     80.880 -9.990e-29
   39.84086  -72.90828     35.258     34.985     6.8552    31.9688      7.930     0.0416 1.6880e-11  1025.2133     6.8521    25.0511     7.9976    243.819    9.88095  301.23712     80.939 -9.990e-29
   39.84086  -72.90828     35.285     35.012     6.8555    31.9685      7.930     0.0416 1.6880e-11  1025.2134     6.8524    25.0508     7.9979    243.829    9.88105  301.24049     80.942 -9.990e-29
   39.84086  -72.90828     35.267     34.995     6.8560    31.9680      7.930     0.0416 1.6880e-11  1025.2123     6.8530    25.0504     7.9981    243.834    9.88112  301.24270     80.943 -9.990e-29
   39.84086  -72.90828     35.277     35.004     6.8562    31.9675      7.930     0.0551 1.6880e-11  1025.2122     6.8531    25.0500     7.9981    243.836    9.88126  301.24727     80.942 -9.990e-29
   39.84086  -72.90828     35.288     35.015     6.8563    31.9673      7.930     0.0416 1.6880e-11  1025.2121     6.8532    25.0498     7.9981    243.836    9.88150  301.25500     80.940 -9.990e-29
   39.84086  -72.90828     35.277     35.004     6.8563    31.9670 -9.990e-29     0.0551 1.6880e-11  1025.2118     6.8532    25.0495     7.9915    243.637    9.88180  301.26446     80.871 -9.990e-29
   39.84086  -72.90828     35.288     35.015     6.8562    31.9668 -9.990e-29     0.0416 1.6880e-11  1025.2115     6.8531    25.0494     7.9967    243.794    9.88204  301.27179     80.922 -9.990e-29
   39.84086  -72.90828     35.288     35.015     6.8558    31.9668 -9.990e-29     0.0416 1.6880e-11  1025.2118     6.8528    25.0495     7.9973    243.811    9.88227  301.27870     80.925 -9.990e-29
   39.84086  -72.90828     35.309     35.036     6.8560    31.9668 -9.990e-29     0.0551 1.6880e-11  1025.2119     6.8530    25.0495     7.9967    243.794    9.88250  301.28573     80.918 -9.990e-29
   39.84086  -72.90828     35.309     35.036     6.8562    31.9668 -9.990e-29     0.0685 1.6880e-11  1025.2117     6.8531    25.0495     7.9969    243.800    9.88270  301.29179     80.918 -9.990e-29
   39.84086  -72.90828     35.309     35.036     6.8562    31.9667 -9.990e-29     0.0819 1.6880e-11  1025.2119     6.8531    25.0493     8.0035    244.000    9.88294  301.29880     80.983 -9.990e-29
   39.84086  -72.90828     35.316     35.043     6.8563    31.9664 -9.990e-29     0.0685 1.6880e-11  1025.2115     6.8532    25.0491     7.9980    243.832    9.88315  301.30489     80.925 -9.990e-29
   39.84086  -72.90828     35.328     35.055     6.8566    31.9660 -9.990e-29     0.0685 1.6880e-11  1025.2112     6.8536    25.0488     8.0042    244.021    9.88327  301.30852     80.987 -9.990e-29
   39.84086  -72.90828     35.339     35.066     6.8565    31.9655 -9.990e-29     0.0685 1.6880e-11  1025.2111     6.8534    25.0484     8.0047    244.037    9.88339  301.31201     80.992 -9.990e-29
   39.84086  -72.90828     35.349     35.075     6.8566    31.9648 -9.990e-29     0.0685 1.6880e-11  1025.2105     6.8536    25.0478     7.9987    243.854    9.88352  301.31593     80.930 -9.990e-29
   39.84086  -72.90828     35.360     35.086     6.8566    31.9638 -9.990e-29     0.0685 1.6880e-11  1025.2095     6.8536    25.0470     7.9980    243.832    9.88358  301.31728     80.922 -9.990e-29
   39.84086  -72.90828     35.369     35.096     6.8563    31.9629 -9.990e-29     0.0819 1.6880e-11  1025.2088     6.8532    25.0463     8.0035    244.001    9.88364  301.31916     80.978 -9.990e-29
   39.84086  -72.90828     35.379     35.105     6.8560    31.9625 -9.990e-29     0.0685 1.6880e-11  1025.2086     6.8529    25.0460     8.0035    243.999    9.88369  301.32014     80.977 -9.990e-29
   39.84086  -72.90828     35.400     35.126     6.8553    31.9622 -9.990e-29     0.0685 1.6880e-11  1025.2088     6.8523    25.0460     8.0032    243.991    9.88372  301.32087     80.974 -9.990e-29
   39.84086  -72.90828     35.409     35.136     6.8547    31.9619 -9.990e-29     0.0819 1.6880e-11  1025.2087     6.8516    25.0458     8.0027    243.976    9.88365  301.31861     80.969 -9.990e-29
   39.84086  -72.90828     35.430     35.156     6.8543    31.9615 -9.990e-29     0.0685 1.6880e-11  1025.2085     6.8513    25.0455     8.0031    243.986    9.88358  301.31640     80.973 -9.990e-29
   39.84086  -72.90828     35.427     35.153     6.8537    31.9608 -9.990e-29     0.0685 1.6880e-11  1025.2080     6.8507    25.0451     8.0033    243.992    9.88351  301.31402     80.976 -9.990e-29
   39.84086  -72.90828     35.471     35.197     6.8527    31.9598 -9.990e-29     0.0685 1.6880e-11  1025.2081     6.8497    25.0444     8.0033    243.993    9.88336  301.30946     80.978 -9.990e-29
   39.84086  -72.90828     35.460     35.186     6.8522    31.9579 -9.990e-29     0.0685 1.6880e-11  1025.2062     6.8492    25.0430     8.0032    243.989    9.88318  301.30385     80.978 -9.990e-29
   39.84086  -72.90828     35.502     35.227     6.8512    31.9555 -9.990e-29     0.0685 1.6880e-11  1025.2041     6.8481    25.0412     8.0030    243.982    9.88304  301.29941     80.977 -9.990e-29
   39.84086  -72.90828     35.502     35.227     6.8498    31.9539 -9.990e-29     0.0685 1.6880e-11  1025.2025     6.8467    25.0400     8.0026    243.971    9.88282  301.29306     80.975 -9.990e-29
   39.84086  -72.90828     35.532     35.257     6.8479    31.9539 -9.990e-29     0.0685 1.6880e-11  1025.2028     6.8448    25.0399     8.0021    243.957    9.88267  301.28832     80.971 -9.990e-29
   39.84086  -72.90828     35.543     35.268     6.8460    31.9539 -9.990e-29     0.0685 1.6880e-11  1025.2038     6.8429    25.0406     7.9951    243.742    9.88245  301.28175     80.902 -9.990e-29
   39.84088  -72.90828     35.573     35.298     6.8440    31.9553 -9.990e-29     0.0685 1.6880e-11  1025.2057     6.8409    25.0420     7.9998    243.888    9.88227  301.27617     80.952 -9.990e-29
   39.84088  -72.90828     35.580     35.305     6.8422    31.9565 -9.990e-29     0.0685 1.6880e-11  1025.2071     6.8391    25.0432     7.9937    243.700    9.88216  301.27293     80.890 -9.990e-29
   39.84088  -72.90828     35.604     35.328     6.8410    31.9573 -9.990e-29     0.0685 1.6880e-11  1025.2078     6.8379    25.0440     7.9919    243.647    9.88203  301.26915     80.874 -9.990e-29
   39.84088  -72.90828     35.613     35.338     6.8399    31.9579 -9.990e-29     0.0685 1.6880e-11  1025.2083     6.8368    25.0446     7.9965    243.786    9.88188  301.26456     80.921 -9.990e-29
   39.84088  -72.90828     35.644     35.368     6.8385    31.9585 -9.990e-29     0.0685 1.6880e-11  1025.2093     6.8354    25.0453     7.9901    243.592    9.88178  301.26179     80.857 -9.990e-29
   39.84088  -72.90828     35.655     35.379     6.8373    31.9590 -9.990e-29     0.0685 1.6880e-11  1025.2097     6.8342    25.0458     7.9818    243.337    9.88168  301.25904     80.773 -9.990e-29
   39.84088  -72.90828     35.685     35.409     6.8363    31.9594 -9.990e-29     0.0551 1.6880e-11  1025.2103     6.8333    25.0462     7.9862    243.474    9.88162  301.25725     80.819 -9.990e-29
   39.84088  -72.90828     35.695     35.419     6.8351    31.9598 -9.990e-29     0.0551 1.6880e-11  1025.2110     6.8320    25.0467     7.9853    243.444    9.88159  301.25627     80.810 -9.990e-29
   39.84088  -72.90828     35.706     35.430     6.8345    31.9603 -9.990e-29     0.0551 1.6880e-11  1025.2110     6.8314    25.0472     7.9833    243.384    9.88159  301.25626     80.790 -9.990e-29
   39.84088  -72.90828     35.733     35.457     6.8334    31.9611 -9.990e-29     0.0551 1.6880e-11  1025.2123     6.8304    25.0479     7.9758    243.155    9.88155  301.25512     80.714 -9.990e-29
   39.84088  -72.90828     35.746     35.469     6.8328    31.9619 -9.990e-29     0.0551 1.6880e-11  1025.2131     6.8297    25.0486     7.9737    243.090    9.88144  301.25156     80.693 -9.990e-29
   39.84088  -72.90828     35.766     35.490     6.8321    31.9626 -9.990e-29     0.0551 1.6880e-11  1025.2138     6.8290    25.0493     7.9715    243.023    9.88123  301.24502     80.673 -9.990e-29
   39.84088  -72.90828     35.797     35.520     6.8318    31.9633 -9.990e-29     0.0551 2.5320e-11  1025.2145     6.8287    25.0499     7.9757    243.151    9.88102  301.23824     80.717 -9.990e-29
   39.84088  -72.90828     35.797     35.520     6.8312    31.9640 -9.990e-29     0.0551 1.6880e-11  1025.2152     6.8281    25.0505     7.9744    243.112    9.88083  301.23233     80.706 -9.990e-29
   39.84088  -72.90828     35.817     35.540     6.8308    31.9648 -9.990e-29     0.0551 1.6880e-11  1025.2156     6.8277    25.0512     7.9667    242.876    9.88063  301.22616     80.629 -9.990e-29
   39.84088  -72.90828     35.834     35.557     6.8305    31.9659 -9.990e-29     0.0551 1.6880e-11  1025.2169     6.8274    25.0521     7.9645    242.811    9.88058  301.22454     80.608 -9.990e-29
   39.84088  -72.90828     35.859     35.581     6.8303    31.9671 -9.990e-29     0.0551 1.6880e-11  1025.2182     6.8272    25.0531     7.9622    242.740    9.88033  301.21738     80.586 -9.990e-29
   39.84088  -72.90828     35.868     35.591     6.8303    31.9677 -9.990e-29     0.0551 1.6880e-11  1025.2189     6.8272    25.0536     7.9535    242.476    9.88015  301.21206     80.500 -9.990e-29
   39.84088  -72.90828     35.878     35.601     6.8305    31.9677 -9.990e-29     0.0551 1.6880e-11  1025.2190     6.8274    25.0537     7.9504    242.382    9.88005  301.20905     80.470 -9.990e-29
   39.84088  -72.90828     35.889     35.612     6.8305    31.9677 -9.990e-29     0.0551 1.6880e-11  1025.2188     6.8274    25.0535     7.9473    242.287    9.87987  301.20361     80.439 -9.990e-29
   39.84088  -72.90828     35.908     35.631     6.8305    31.9669 -9.990e-29     0.0551 1.6880e-11  1025.2182     6.8274    25.0528     7.9506    242.387    9.87967  301.19771     80.475 -9.990e-29
   39.84088  -72.90828     35.915     35.638     6.8305    31.9659 -9.990e-29     0.0551 1.6880e-11  1025.2171     6.8274    25.0521     7.9432    242.160    9.87959  301.19507     80.400 -9.990e-29
   39.84088  -72.90828     35.940     35.662     6.8303    31.9649 -9.990e-29     0.0551 1.6880e-11  1025.2168     6.8272    25.0513     7.9411    242.098    9.87939  301.18877     80.381 -9.990e-29
   39.84088  -72.90828     35.940     35.662     6.8302    31.9635 -9.990e-29     0.0551 1.6880e-11  1025.2156     6.8271    25.0503     7.9392    242.038    9.87920  301.18328     80.362 -9.990e-29
   39.84088  -72.90828     35.959     35.681     6.8295    31.9621 -9.990e-29     0.0551 1.6880e-11  1025.2146     6.8264    25.0493     7.9373    241.982    9.87906  301.17919     80.345 -9.990e-29
   39.84088  -72.90828     35.959     35.681     6.8287    31.9609 -9.990e-29     0.0551 1.6880e-11  1025.2134     6.8256    25.0484     7.9292    241.735    9.87895  301.17612     80.264 -9.990e-29
   39.84088  -72.90828     35.970     35.692     6.8278    31.9605 -9.990e-29     0.0551 1.6880e-11  1025.2133     6.8247    25.0481     7.9321    241.822    9.87882  301.17219     80.294 -9.990e-29
   39.84088  -72.90828     35.977     35.699     6.8266    31.9605 -9.990e-29     0.0551 1.6880e-11  1025.2138     6.8235    25.0483     7.9241    241.580    9.87872  301.16913     80.214 -9.990e-29
   39.84088  -72.90828     35.991     35.713     6.8257    31.9605 -9.990e-29     0.0551 2.5320e-11  1025.2139     6.8226    25.0485     7.9218    241.508    9.87866  301.16721     80.191 -9.990e-29
   39.84088  -72.90828     35.991     35.713     6.8247    31.9609 -9.990e-29     0.0416 1.6880e-11  1025.2143     6.8216    25.0489     7.9195    241.439    9.87854  301.16384     80.169 -9.990e-29
   39.84088  -72.90828     35.991     35.713     6.8234    31.9616 -9.990e-29     0.0416 1.6880e-11  1025.2151     6.8203    25.0496     7.9109    241.178    9.87843  301.16027     80.083 -9.990e-29
   39.84088  -72.90828     36.001     35.722     6.8223    31.9623 -9.990e-29     0.0282 1.6880e-11  1025.2159     6.8192    25.0502     7.9090    241.118    9.87832  301.15693     80.064 -9.990e-29
