CalculateIndicators/WaterTemperature/Data/CTD_NYOS/20240430_C35.cnv
* Sea-Bird SBE 9 Data File:
* FileName = C:\Seabird 9 CTD\Data\2024\202404_offshore\20240430_C35.hex
* Software Version Seasave V 7.23.2
* Temperature SN = 4590
* Conductivity SN = 3228
* Number of Bytes Per Scan = 44
* Number of Voltage Words = 5
* Number of Scans Averaged by the Deck Unit = 1
* NMEA Latitude = 40 53.53 N
* NMEA Longitude = 072 12.56 W
* NMEA UTC (Time) = Apr 30 2024  01:12:24
* NMEA baud rate = 4800
** Ship: Seawolf
** Station: 11.1
** Operator: TDK
# nquan = 18
# nvalues = 8889                        
# units = specified
# name 0 = latitude: Latitude [deg]
# name 1 = longitude: Longitude [deg]
# name 2 = prDM: Pressure, Digiquartz [db]
# name 3 = depSM: Depth [salt water, m]
# name 4 = t090C: Temperature [ITS-90, deg C]
# name 5 = sal00: Salinity, Practical [PSU]
# name 6 = ph: pH
# name 7 = flECO-AFL: Fluorescence, WET Labs ECO-AFL/FL [mg/m^3]
# name 8 = cpar: CPAR/Corrected Irradiance [%]
# name 9 = density00: Density [density, kg/m^3]
# name 10 = potemp090C: Potential Temperature [ITS-90, deg C]
# name 11 = sigma-é00: Density [sigma-theta, kg/m^3]
# name 12 = sbeox0Mg/L: Oxygen, SBE 43 [mg/l]
# name 13 = sbox0Mm/Kg: Oxygen, SBE 43 [umol/kg]
# name 14 = oxsolMg/L: Oxygen Saturation, Garcia & Gordon [mg/l]
# name 15 = oxsolMm/Kg: Oxygen Saturation, Garcia & Gordon [umol/kg]
# name 16 = sbeox0PS: Oxygen, SBE 43 [% saturation]
# name 17 = flag:  0.000e+00
# span 0 =   40.89230,   40.89316       
# span 1 =  -72.21036,  -72.20932       
# span 2 =      1.728,     18.767       
# span 3 =      1.715,     18.621       
# span 4 =     7.8074,    10.7220       
# span 5 =    29.5256,    30.0631       
# span 6 =      7.945,      8.060       
# span 7 =     0.4849,     1.1161       
# span 8 = 2.5320e-11, 9.9999e+04       
# span 9 =  1022.6172,  1023.5095       
# span 10 =     7.8057,    10.7217      
# span 11 =    22.6071,    23.4222      
# span 12 =     8.9564,    10.0547      
# span 13 =    273.514,    307.176      
# span 14 =    9.19691,    9.79219      
# span 15 =  281.05245,  299.04109      
# span 16 =     91.500,    107.187      
# span 17 = 0.0000e+00, 0.0000e+00      
# interval = seconds: 0.0416667
# start_time = Apr 30 2024 01:12:21 [System UTC, first data scan.]
# bad_flag = -9.990e-29
*END*
[from data line 2734]
   40.89248  -72.20966     18.361     18.218     7.8107    29.9245 -9.990e-29     1.0221 5.0640e-11  1023.4008     7.8091    23.3168     8.9721    273.995    9.79099  299.00070     91.637 -9.990e-29
   40.89248  -72.20966     18.361     18.218     7.8105    29.9268 -9.990e-29     1.0221 5.0640e-11  1023.4030     7.8088    23.3186     8.9789    274.200    9.79095  298.99958     91.706 -9.990e-29
   40.89248  -72.20966     18.361     18.218     7.8104    29.9289 -9.990e-29     1.0221 5.0640e-11  1023.4051     7.8087    23.3203     8.9803    274.244    9.79096  298.99991     91.720 -9.990e-29
   40.89248  -72.20966     18.382     18.239     7.8103    29.9297 -9.990e-29     1.0221 5.0640e-11  1023.4065     7.8086    23.3210     8.9807    274.257    9.79092  298.99885     91.725 -9.990e-29
   40.89248  -72.20966     18.382     18.239     7.8101    29.9288 -9.990e-29     1.0221 5.0640e-11  1023.4050     7.8085    23.3203     8.9750    274.081    9.79097  299.00016     91.666 -9.990e-29
   40.89248  -72.20966     18.403     18.259     7.8097    29.9270 -9.990e-29     1.0087 5.0640e-11  1023.4029     7.8080    23.3190     8.9744    274.065    9.79090  298.99850     91.661 -9.990e-29
   40.89248  -72.20966     18.393     18.250     7.8095    29.9261 -9.990e-29     0.9952 5.0640e-11  1023.4022     7.8078    23.3183     8.9749    274.080    9.79088  298.99781     91.666 -9.990e-29
   40.89248  -72.20966     18.412     18.269     7.8096    29.9257 -9.990e-29     0.9952 5.0640e-11  1023.4032     7.8079    23.3180     8.9754    274.095    9.79087  298.99719     91.671 -9.990e-29
   40.89248  -72.20966     18.403     18.259     7.8096    29.9245 -9.990e-29     0.9952 5.0640e-11  1023.4021     7.8079    23.3171     8.9822    274.303    9.79087  298.99725     91.741 -9.990e-29
   40.89248  -72.20966     18.423     18.280     7.8096    29.9224 -9.990e-29     0.9952 5.0640e-11  1023.3998     7.8079    23.3153     8.9837    274.348    9.79089  298.99788     91.756 -9.990e-29
   40.89248  -72.20966     18.423     18.280     7.8096    29.9200 -9.990e-29     0.9952 5.0640e-11  1023.3982     7.8079    23.3134     8.9842    274.361    9.79081  298.99510     91.761 -9.990e-29
   40.89248  -72.20966     18.423     18.280     7.8099    29.9174 -9.990e-29     0.9952 5.0640e-11  1023.3962     7.8082    23.3114     8.9846    274.373    9.79070  298.99166     91.766 -9.990e-29
   40.89248  -72.20966     18.443     18.299     7.8096    29.9144 -9.990e-29     0.9952 5.0640e-11  1023.3937     7.8079    23.3090     8.9850    274.387    9.79074  298.99271     91.771 -9.990e-29
   40.89248  -72.20966     18.423     18.280     7.8103    29.9116 -9.990e-29     0.9952 5.0640e-11  1023.3912     7.8086    23.3067     8.9864    274.428    9.79073  298.99257     91.784 -9.990e-29
   40.89248  -72.20966     18.454     18.310     7.8114    29.9092 -9.990e-29     0.9952 5.0640e-11  1023.3893     7.8097    23.3047     8.9876    274.466    9.79066  298.99020     91.798 -9.990e-29
   40.89248  -72.20966     18.433     18.289     7.8129    29.9072 -9.990e-29     0.9952 5.0640e-11  1023.3873     7.8112    23.3030     8.9888    274.504    9.79054  298.98586     91.812 -9.990e-29
   40.89248  -72.20966     18.454     18.310     7.8138    29.9063 -9.990e-29     0.9952 5.0640e-11  1023.3861     7.8122    23.3023     8.9892    274.515    9.79051  298.98452     91.816 -9.990e-29
   40.89248  -72.20966     18.454     18.310     7.8125    29.9066 -9.990e-29     0.9952 5.0640e-11  1023.3872     7.8108    23.3025     8.9834    274.338    9.79060  298.98770     91.756 -9.990e-29
   40.89248  -72.20966     18.454     18.310     7.8116    29.9076 -9.990e-29     0.9952 5.0640e-11  1023.3880     7.8099    23.3034     8.9892    274.515    9.79066  298.98976     91.814 -9.990e-29
   40.89248  -72.20966     18.463     18.319     7.8105    29.9087 -9.990e-29     0.9952 5.0640e-11  1023.3895     7.8088    23.3044     8.9895    274.525    9.79065  298.98949     91.818 -9.990e-29
   40.89248  -72.20966     18.463     18.319     7.8104    29.9095 -9.990e-29     0.9952 5.0640e-11  1023.3903     7.8087    23.3051     8.9897    274.530    9.79052  298.98559     91.821 -9.990e-29
   40.89248  -72.20966     18.463     18.319     7.8114    29.9097 -9.990e-29     0.9952 5.0640e-11  1023.3899     7.8097    23.3052     8.9900    274.538    9.79053  298.98556     91.823 -9.990e-29
   40.89248  -72.20966     18.463     18.319     7.8124    29.9097 -9.990e-29     0.9952 5.0640e-11  1023.3899     7.8107    23.3050     8.9902    274.546    9.79058  298.98710     91.826 -9.990e-29
   40.89248  -72.20966     18.463     18.319     7.8134    29.9095 -9.990e-29     0.9952 5.0640e-11  1023.3896     7.8117    23.3048     8.9905    274.554    9.79062  298.98847     91.828 -9.990e-29
   40.89248  -72.20966     18.463     18.319     7.8140    29.9092 -9.990e-29     0.9952 5.0640e-11  1023.3892     7.8123    23.3044     8.9906    274.558    9.79061  298.98824     91.829 -9.990e-29
   40.89248  -72.20966     18.474     18.330     7.8147    29.9087 -9.990e-29     0.9952 5.0640e-11  1023.3889     7.8130    23.3039     8.9907    274.560    9.79055  298.98647     91.830 -9.990e-29
   40.89248  -72.20966     18.474     18.330     7.8148    29.9082 -9.990e-29     0.9952 5.0640e-11  1023.3883     7.8132    23.3035     8.9907    274.561    9.79052  298.98543     91.831 -9.990e-29
   40.89248  -72.20966     18.474     18.330     7.8148    29.9077 -9.990e-29     0.9952 5.0640e-11  1023.3878     7.8131    23.3031     8.9908    274.563    9.79055  298.98599     91.831 -9.990e-29
   40.89248  -72.20966     18.463     18.319     7.8152    29.9076 -9.990e-29     0.9952 5.0640e-11  1023.3877     7.8135    23.3030     8.9909    274.565    9.79063  298.98844     91.831 -9.990e-29
   40.89248  -72.20966     18.454     18.310     7.8152    29.9075 -9.990e-29     0.9684 5.0640e-11  1023.3878     7.8135    23.3029     8.9908    274.562    9.79054  298.98574     91.831 -9.990e-29
   40.89248  -72.20966     18.474     18.330     7.8153    29.9072 -9.990e-29     0.9281 5.0640e-11  1023.3876     7.8136    23.3026     8.9844    274.367    9.79053  298.98535     91.766 -9.990e-29
   40.89248  -72.20966     18.463     18.319     7.8153    29.9068 -9.990e-29     0.9147 5.0640e-11  1023.3869     7.8136    23.3024     8.9896    274.527    9.79045  298.98271     91.820 -9.990e-29
   40.89248  -72.20966     18.474     18.330     7.8150    29.9068 -9.990e-29     0.9147 5.0640e-11  1023.3871     7.8133    23.3024     8.9833    274.334    9.79051  298.98441     91.755 -9.990e-29
   40.89248  -72.20966     18.463     18.319     7.8150    29.9072 -9.990e-29     0.9147 5.0640e-11  1023.3875     7.8133    23.3027     8.9886    274.495    9.79052  298.98480     91.809 -9.990e-29
   40.89248  -72.20966     18.474     18.330     7.8148    29.9079 -9.990e-29     0.9147 5.0640e-11  1023.3879     7.8132    23.3033     8.9885    274.493    9.79061  298.98789     91.808 -9.990e-29
   40.89248  -72.20966     18.463     18.319     7.8144    29.9089 -9.990e-29     0.9147 5.0640e-11  1023.3889     7.8127    23.3042     8.9884    274.489    9.79068  298.99048     91.805 -9.990e-29
   40.89248  -72.20966     18.463     18.319     7.8137    29.9101 -9.990e-29     0.9147 5.0640e-11  1023.3901     7.8120    23.3051     8.9882    274.484    9.79071  298.99137     91.803 -9.990e-29
   40.89248  -72.20966     18.463     18.319     7.8137    29.9111 -9.990e-29     0.9147 5.0640e-11  1023.3907     7.8120    23.3059     8.9942    274.666    9.79065  298.98942     91.865 -9.990e-29
   40.89248  -72.20966     18.463     18.319     7.8132    29.9118 -9.990e-29     0.9147 5.0640e-11  1023.3916     7.8115    23.3065     8.9884    274.489    9.79060  298.98760     91.806 -9.990e-29
   40.89248  -72.20966     18.454     18.310     7.8132    29.9124 -9.990e-29     0.9147 5.0640e-11  1023.3914     7.8115    23.3070     8.9881    274.480    9.79067  298.98978     91.803 -9.990e-29
   40.89248  -72.20966     18.463     18.319     7.8130    29.9136 -9.990e-29     0.9147 5.0640e-11  1023.3922     7.8113    23.3080     8.9877    274.470    9.79074  298.99235     91.798 -9.990e-29
   40.89248  -72.20966     18.463     18.319     7.8126    29.9157 -9.990e-29     0.9147 5.0640e-11  1023.3945     7.8109    23.3097     8.9873    274.457    9.79076  298.99340     91.794 -9.990e-29
   40.89248  -72.20966     18.454     18.310     7.8124    29.9181 -9.990e-29     0.9147 5.0640e-11  1023.3964     7.8107    23.3116     8.9869    274.446    9.79088  298.99721     91.789 -9.990e-29
   40.89248  -72.20966     18.454     18.310     7.8122    29.9204 -9.990e-29     0.9147 5.0640e-11  1023.3982     7.8105    23.3134     8.9874    274.461    9.79096  298.99985     91.793 -9.990e-29
   40.89248  -72.20966     18.454     18.310     7.8119    29.9225 -9.990e-29     0.9147 5.0640e-11  1023.4002     7.8102    23.3152     8.9869    274.446    9.79101  299.00145     91.788 -9.990e-29
   40.89248  -72.20966     18.463     18.319     7.8116    29.9240 -9.990e-29     0.9147 5.0640e-11  1023.4017     7.8099    23.3164     8.9873    274.459    9.79105  299.00308     91.791 -9.990e-29
   40.89248  -72.20966     18.454     18.310     7.8112    29.9247 -9.990e-29     0.9147 5.0640e-11  1023.4018     7.8095    23.3170     8.9867    274.441    9.79100  299.00151     91.786 -9.990e-29
   40.89248  -72.20966     18.454     18.310     7.8113    29.9251 -9.990e-29     0.9147 5.0640e-11  1023.4019     7.8096    23.3172     8.9924    274.612    9.79095  298.99997     91.843 -9.990e-29
   40.89248  -72.20966     18.463     18.319     7.8111    29.9254 -9.990e-29     0.9147 5.0640e-11  1023.4025     7.8094    23.3175     8.9863    274.427    9.79095  298.99963     91.782 -9.990e-29
   40.89248  -72.20966     18.454     18.310     7.8112    29.9256 -9.990e-29     0.9147 5.0640e-11  1023.4024     7.8095    23.3176     8.9855    274.404    9.79089  298.99787     91.775 -9.990e-29
   40.89248  -72.20966     18.454     18.310     7.8113    29.9253 -9.990e-29     0.9147 5.0640e-11  1023.4022     7.8096    23.3174     8.9857    274.410    9.79091  298.99840     91.776 -9.990e-29
   40.89248  -72.20966     18.454     18.310     7.8116    29.9250 -9.990e-29     0.9147 5.0640e-11  1023.4017     7.8099    23.3171     8.9859    274.413    9.79083  298.99606     91.778 -9.990e-29
   40.89248  -72.20966     18.463     18.319     7.8114    29.9247 -9.990e-29     0.9281 5.0640e-11  1023.4019     7.8097    23.3169     8.9861    274.419    9.79086  298.99658     91.780 -9.990e-29
   40.89248  -72.20966     18.454     18.310     7.8119    29.9244 -9.990e-29     0.9147 5.0640e-11  1023.4010     7.8102    23.3166     8.9852    274.394    9.79075  298.99364     91.772 -9.990e-29
   40.89248  -72.20966     18.463     18.319     7.8119    29.9244 -9.990e-29     0.8744 5.0640e-11  1023.4013     7.8102    23.3166     8.9844    274.368    9.79073  298.99288     91.764 -9.990e-29
   40.89248  -72.20966     18.454     18.310     7.8119    29.9246 -9.990e-29     0.8475 5.0640e-11  1023.4016     7.8102    23.3168     8.9835    274.341    9.79062  298.98966     91.756 -9.990e-29
   40.89248  -72.20966     18.463     18.319     7.8119    29.9247 -9.990e-29     0.8475 5.0640e-11  1023.4015     7.8102    23.3169     8.9825    274.312    9.79054  298.98704     91.747 -9.990e-29
   40.89248  -72.20966     18.454     18.310     7.8117    29.9250 -9.990e-29     0.8609 5.0640e-11  1023.4017     7.8101    23.3171     8.9888    274.503    9.79051  298.98621     91.811 -9.990e-29
   40.89248  -72.20966     18.463     18.319     7.8119    29.9258 -9.990e-29     0.8475 5.0640e-11  1023.4024     7.8102    23.3177     8.9896    274.529    9.79046  298.98494     91.820 -9.990e-29
   40.89248  -72.20966     18.474     18.330     7.8119    29.9267 -9.990e-29     0.8609 5.0640e-11  1023.4036     7.8102    23.3184     8.9842    274.363    9.79044  298.98437     91.765 -9.990e-29
   40.89248  -72.20966     18.463     18.319     7.8117    29.9272 -9.990e-29     0.8609 5.0640e-11  1023.4036     7.8101    23.3188     8.9904    274.551    9.79038  298.98240     91.828 -9.990e-29
   40.89248  -72.20966     18.463     18.319     7.8117    29.9276 -9.990e-29     0.8609 5.0640e-11  1023.4037     7.8101    23.3191     8.9849    274.383    9.79033  298.98039     91.773 -9.990e-29
   40.89248  -72.20966     18.463     18.319     7.8119    29.9285 -9.990e-29     0.8609 5.0640e-11  1023.4042     7.8102    23.3199     8.9847    274.378    9.79025  298.97764     91.772 -9.990e-29
   40.89248  -72.20966     18.474     18.330     7.8117    29.9300 -9.990e-29     0.8475 5.0640e-11  1023.4061     7.8101    23.3210     8.9846    274.375    9.79025  298.97744     91.771 -9.990e-29
   40.89248  -72.20966     18.463     18.319     7.8114    29.9309 -9.990e-29     0.8609 5.0640e-11  1023.4074     7.8097    23.3217     8.9844    274.369    9.79013  298.97365     91.770 -9.990e-29
   40.89248  -72.20966     18.474     18.330     7.8114    29.9305 -9.990e-29     0.8609 5.0640e-11  1023.4065     7.8097    23.3214     8.9906    274.556    9.79008  298.97174     91.834 -9.990e-29
   40.89248  -72.20966     18.463     18.319     7.8116    29.9296 -9.990e-29     0.8609 5.0640e-11  1023.4051     7.8099    23.3208     8.9841    274.358    9.79001  298.96970     91.768 -9.990e-29
   40.89248  -72.20966     18.474     18.330     7.8116    29.9293 -9.990e-29     0.8609 5.0640e-11  1023.4052     7.8099    23.3206     8.9840    274.354    9.79004  298.97055     91.766 -9.990e-29
   40.89248  -72.20966     18.474     18.330     7.8120    29.9298 -9.990e-29     0.8475 5.0640e-11  1023.4055     7.8103    23.3209     8.9838    274.350    9.79003  298.97035     91.765 -9.990e-29
   40.89248  -72.20968     18.463     18.319     7.8116    29.9303 -9.990e-29     0.8609 5.0640e-11  1023.4066     7.8099    23.3212     8.9837    274.346    9.79005  298.97103     91.763 -9.990e-29
   40.89248  -72.20968     18.463     18.319     7.8116    29.9302 -9.990e-29     0.8609 5.0640e-11  1023.4060     7.8099    23.3212     8.9834    274.338    9.78995  298.96818     91.762 -9.990e-29
   40.89248  -72.20968     18.484     18.340     7.8115    29.9298 -9.990e-29     0.8609 5.0640e-11  1023.4057     7.8099    23.3209     8.9896    274.527    9.79002  298.97024     91.824 -9.990e-29
   40.89248  -72.20968     18.474     18.330     7.8117    29.9295 -9.990e-29     0.8609 5.0640e-11  1023.4053     7.8101    23.3207     8.9902    274.546    9.78997  298.96863     91.831 -9.990e-29
   40.89248  -72.20968     18.474     18.330     7.8119    29.9296 -9.990e-29     0.8475 5.0640e-11  1023.4054     7.8102    23.3208     8.9909    274.566    9.78994  298.96775     91.838 -9.990e-29
   40.89248  -72.20968     18.463     18.319     7.8119    29.9301 -9.990e-29     0.8609 5.0640e-11  1023.4059     7.8102    23.3211     8.9853    274.396    9.79003  298.97052     91.780 -9.990e-29
   40.89248  -72.20968     18.474     18.330     7.8116    29.9305 -9.990e-29     0.8609 5.0640e-11  1023.4065     7.8099    23.3215     8.9852    274.392    9.79013  298.97375     91.778 -9.990e-29
   40.89248  -72.20968     18.474     18.330     7.8113    29.9309 -9.990e-29     0.8475 5.0640e-11  1023.4064     7.8096    23.3218     8.9850    274.385    9.79017  298.97522     91.775 -9.990e-29
   40.89248  -72.20968     18.474     18.330     7.8114    29.9315 -9.990e-29     0.8609 5.0640e-11  1023.4072     7.8097    23.3223     8.9847    274.378    9.79020  298.97600     91.772 -9.990e-29
   40.89248  -72.20968     18.463     18.319     7.8113    29.9321 -9.990e-29     0.8878 5.0640e-11  1023.4075     7.8096    23.3227     8.9844    274.369    9.79018  298.97584     91.770 -9.990e-29
   40.89248  -72.20968     18.474     18.330     7.8114    29.9326 -9.990e-29     0.9147 5.0640e-11  1023.4081     7.8097    23.3231     8.9832    274.332    9.79014  298.97470     91.758 -9.990e-29
