CalculateIndicators/WaterTemperature/Data/CTD_NYOS/20240429_C31.cnv
* Sea-Bird SBE 9 Data File:
* FileName = C:\Seabird 9 CTD\Data\2024\202404_offshore\20240429_C31.hex
* Software Version Seasave V 7.23.2
* Temperature SN = 4590
* Conductivity SN = 3228
* Number of Bytes Per Scan = 44
* Number of Voltage Words = 5
* Number of Scans Averaged by the Deck Unit = 1
* NMEA Latitude = 40 06.86 N
* NMEA Longitude = 071 39.98 W
* NMEA UTC (Time) = Apr 29 2024  07:47:19
* NMEA baud rate = 4800
** Ship: Seawolf
** Station: 11.5
** Operator: TDK
# nquan = 18
# nvalues = 17373                       
# units = specified
# name 0 = latitude: Latitude [deg]
# name 1 = longitude: Longitude [deg]
# name 2 = prDM: Pressure, Digiquartz [db]
# name 3 = depSM: Depth [salt water, m]
# name 4 = t090C: Temperature [ITS-90, deg C]
# name 5 = sal00: Salinity, Practical [PSU]
# name 6 = ph: pH
# name 7 = flECO-AFL: Fluorescence, WET Labs ECO-AFL/FL [mg/m^3]
# name 8 = cpar: CPAR/Corrected Irradiance [%]
# name 9 = density00: Density [density, kg/m^3]
# name 10 = potemp090C: Potential Temperature [ITS-90, deg C]
# name 11 = sigma-é00: Density [sigma-theta, kg/m^3]
# name 12 = sbeox0Mg/L: Oxygen, SBE 43 [mg/l]
# name 13 = sbox0Mm/Kg: Oxygen, SBE 43 [umol/kg]
# name 14 = oxsolMg/L: Oxygen Saturation, Garcia & Gordon [mg/l]
# name 15 = oxsolMm/Kg: Oxygen Saturation, Garcia & Gordon [umol/kg]
# name 16 = sbeox0PS: Oxygen, SBE 43 [% saturation]
# name 17 = flag:  0.000e+00
# span 0 =   40.11428,   40.11434       
# span 1 =  -71.66644,  -71.66512       
# span 2 =      1.679,     80.066       
# span 3 =      1.666,     79.436       
# span 4 =     6.0498,     7.8282       
# span 5 =    32.0006,    32.1998       
# span 6 =      7.960,      8.038       
# span 7 =    -0.0121,     1.6131       
# span 8 = 2.5320e-11, 9.9999e+04       
# span 9 =  1025.0231,  1025.7042       
# span 10 =     6.0444,     7.8280      
# span 11 =    25.0095,    25.3348      
# span 12 =     9.3619,    10.2217      
# span 13 =    285.335,    311.633      
# span 14 =    9.64968,   10.04876      
# span 15 =  294.19725,  306.27602      
# span 16 =     93.203,    105.686      
# span 17 = 0.0000e+00, 0.0000e+00      
# interval = seconds: 0.0416667
# start_time = Apr 29 2024 07:47:17 [System UTC, first data scan.]
# bad_flag = -9.990e-29
*END*
[from data line 16805]
   40.11434  -71.66516      2.022      2.006     7.8266    32.0922      8.037     1.5056 4.0645e+01  1025.0250     7.8264    25.0156    10.1530    309.544    9.65003  294.20783    105.213 -9.990e-29
   40.11434  -71.66516      2.022      2.006     7.8266    32.0922      8.037     1.4922 4.3237e+01  1025.0248     7.8264    25.0156    10.1529    309.539    9.65002  294.20755    105.211 -9.990e-29
   40.11434  -71.66516      2.033      2.017     7.8266    32.0922      8.037     1.4922 4.8730e+01  1025.0249     7.8264    25.0157    10.1527    309.535    9.65006  294.20858    105.209 -9.990e-29
   40.11434  -71.66516      2.012      1.997     7.8266    32.0924      8.037     1.4922 5.0544e+01  1025.0252     7.8264    25.0158    10.1525    309.526    9.65001  294.20740    105.207 -9.990e-29
   40.11434  -71.66516      2.022      2.006     7.8266    32.0924      8.037     1.4922 5.1008e+01  1025.0250     7.8264    25.0158    10.1523    309.521    9.65007  294.20915    105.204 -9.990e-29
   40.11434  -71.66516      2.022      2.006     7.8266    32.0924      8.037     1.4922 5.2741e+01  1025.0250     7.8264    25.0158    10.1520    309.510    9.65004  294.20820    105.201 -9.990e-29
   40.11434  -71.66516      2.022      2.006     7.8264    32.0925      8.037     1.4922 5.3546e+01  1025.0252     7.8262    25.0159    10.1516    309.501    9.65004  294.20826    105.198 -9.990e-29
   40.11434  -71.66516      2.022      2.006     7.8266    32.0925      8.037     1.4922 5.1163e+01  1025.0253     7.8264    25.0159    10.1522    309.518    9.65008  294.20942    105.203 -9.990e-29
   40.11434  -71.66516      2.012      1.997     7.8266    32.0924      8.037     1.4922 4.0394e+01  1025.0250     7.8264    25.0158    10.1527    309.534    9.65008  294.20926    105.209 -9.990e-29
   40.11434  -71.66516      2.022      2.006     7.8264    32.0923      8.037     1.4922 3.6331e+01  1025.0249     7.8262    25.0157    10.1533    309.552    9.65009  294.20972    105.215 -9.990e-29
   40.11434  -71.66516      2.012      1.997     7.8267    32.0923      8.037     1.4922 3.6674e+01  1025.0249     7.8265    25.0157    10.1539    309.569    9.65012  294.21064    105.220 -9.990e-29
   40.11434  -71.66516      2.020      2.005     7.8267    32.0923      8.037     1.4922 4.3773e+01  1025.0249     7.8265    25.0157    10.1544    309.585    9.65012  294.21036    105.226 -9.990e-29
   40.11434  -71.66516      2.022      2.006     7.8267    32.0923      8.037     1.4922 4.8138e+01  1025.0250     7.8265    25.0157    10.1479    309.386    9.65011  294.21041    105.158 -9.990e-29
   40.11434  -71.66516      2.012      1.997     7.8266    32.0923      8.037     1.4922 4.8581e+01  1025.0250     7.8264    25.0157    10.1466    309.348    9.65011  294.21018    105.145 -9.990e-29
   40.11434  -71.66516      2.012      1.997     7.8266    32.0922      8.037     1.4922 4.5139e+01  1025.0249     7.8264    25.0156    10.1453    309.309    9.65008  294.20938    105.132 -9.990e-29
   40.11434  -71.66516      2.012      1.997     7.8266    32.0921      8.037     1.4922 4.2706e+01  1025.0247     7.8264    25.0156    10.1442    309.273    9.65014  294.21133    105.119 -9.990e-29
   40.11434  -71.66516      2.012      1.997     7.8267    32.0921      8.037     1.4922 4.2444e+01  1025.0247     7.8265    25.0156    10.1429    309.235    9.65014  294.21104    105.107 -9.990e-29
   40.11434  -71.66516      2.022      2.006     7.8266    32.0923      8.037     1.4922 4.7553e+01  1025.0250     7.8264    25.0157    10.1416    309.196    9.65010  294.20988    105.094 -9.990e-29
   40.11434  -71.66516      2.012      1.997     7.8267    32.0924      8.037     1.4922 5.2741e+01  1025.0251     7.8265    25.0158    10.1466    309.347    9.65013  294.21088    105.145 -9.990e-29
   40.11434  -71.66516      2.022      2.006     7.8267    32.0923      8.037     1.4922 5.3872e+01  1025.0248     7.8265    25.0157    10.1409    309.174    9.65010  294.21021    105.086 -9.990e-29
   40.11434  -71.66516      2.022      2.006     7.8264    32.0922      8.037     1.4922 5.1008e+01  1025.0250     7.8262    25.0156    10.1406    309.164    9.65014  294.21115    105.082 -9.990e-29
   40.11434  -71.66516      2.022      2.006     7.8268    32.0922      8.037     1.4922 4.7553e+01  1025.0245     7.8266    25.0156    10.1394    309.126    9.65011  294.21041    105.070 -9.990e-29
   40.11434  -71.66516      2.033      2.017     7.8264    32.0924      8.037     1.4922 4.6688e+01  1025.0253     7.8262    25.0158    10.1382    309.091    9.65013  294.21101    105.058 -9.990e-29
   40.11434  -71.66516      2.033      2.017     7.8264    32.0924      8.037     1.4922 4.4315e+01  1025.0253     7.8262    25.0158    10.1370    309.054    9.65014  294.21127    105.045 -9.990e-29
   40.11434  -71.66516      2.042      2.027     7.8267    32.0923      8.037     1.4922 3.9403e+01  1025.0248     7.8265    25.0158    10.1357    309.015    9.65008  294.20933    105.033 -9.990e-29
   40.11434  -71.66516      2.053      2.038     7.8264    32.0924      8.037     1.4922 3.7957e+01  1025.0253     7.8262    25.0158    10.1355    309.008    9.65015  294.21141    105.029 -9.990e-29
   40.11434  -71.66516      2.053      2.038     7.8264    32.0924      8.037     1.4922 3.5431e+01  1025.0252     7.8262    25.0158    10.1352    309.001    9.65014  294.21113    105.027 -9.990e-29
   40.11434  -71.66516      2.063      2.047     7.8266    32.0924      8.037     1.4922 2.8633e+01  1025.0252     7.8264    25.0159    10.1341    308.967    9.65017  294.21214    105.015 -9.990e-29
   40.11434  -71.66516      2.073      2.057     7.8262    32.0925      8.037     1.4922 2.6407e+01  1025.0256     7.8260    25.0159    10.1330    308.932    9.65016  294.21162    105.003 -9.990e-29
   40.11434  -71.66516      2.073      2.057     7.8266    32.0924      8.037     1.4922 2.6321e+01  1025.0253     7.8264    25.0158    10.1328    308.925    9.65014  294.21099    105.001 -9.990e-29
   40.11434  -71.66516      2.084      2.068     7.8266    32.0923      8.037     1.4922 2.5727e+01  1025.0252     7.8264    25.0157    10.1317    308.893    9.65018  294.21222    104.990 -9.990e-29
   40.11434  -71.66516      2.093      2.077     7.8264    32.0923      8.037     1.4922 2.5476e+01  1025.0253     7.8262    25.0157    10.1314    308.885    9.65011  294.21011    104.988 -9.990e-29
   40.11434  -71.66516      2.093      2.077     7.8266    32.0923      8.037     1.4922 2.6235e+01  1025.0253     7.8264    25.0157    10.1314    308.884    9.65019  294.21265    104.987 -9.990e-29
   40.11434  -71.66516      2.103      2.087     7.8266    32.0923      8.037     1.4922 3.8794e+01  1025.0252     7.8264    25.0157    10.1312    308.879    9.65015  294.21140    104.985 -9.990e-29
   40.11434  -71.66516      2.114      2.098     7.8267    32.0923      8.037     1.4922 4.7845e+01  1025.0253     7.8265    25.0157    10.1312    308.877    9.65015  294.21154    104.985 -9.990e-29
   40.11434  -71.66516      2.124      2.107     7.8266    32.0923      8.037     1.4922 4.8878e+01  1025.0257     7.8264    25.0158    10.1312    308.878    9.65019  294.21286    104.984 -9.990e-29
   40.11434  -71.66516      2.124      2.107     7.8266    32.0923      8.037     1.4922 4.3638e+01  1025.0252     7.8264    25.0157    10.1312    308.877    9.65019  294.21265    104.984 -9.990e-29
   40.11434  -71.66516      2.133      2.117     7.8266    32.0923      8.037     1.4922 4.0394e+01  1025.0256     7.8264    25.0157    10.1312    308.879    9.65020  294.21280    104.985 -9.990e-29
   40.11434  -71.66516      2.133      2.117     7.8266    32.0924      8.037     1.4922 3.9895e+01  1025.0255     7.8264    25.0158    10.1304    308.853    9.65018  294.21243    104.976 -9.990e-29
   40.11434  -71.66516      2.133      2.117     7.8267    32.0924      8.037     1.4922 4.1152e+01  1025.0257     7.8265    25.0158    10.1305    308.856    9.65020  294.21295    104.977 -9.990e-29
   40.11434  -71.66516      2.144      2.128     7.8264    32.0924      8.037     1.4922 4.2313e+01  1025.0257     7.8262    25.0158    10.1307    308.861    9.65023  294.21397    104.978 -9.990e-29
   40.11434  -71.66516      2.144      2.128     7.8268    32.0924      8.037     1.4922 4.2575e+01  1025.0255     7.8266    25.0158    10.1308    308.864    9.65020  294.21297    104.980 -9.990e-29
   40.11434  -71.66516      2.144      2.128     7.8266    32.0925      8.037     1.4922 4.3908e+01  1025.0257     7.8264    25.0159    10.1309    308.870    9.65020  294.21310    104.982 -9.990e-29
   40.11434  -71.66516      2.154      2.137     7.8266    32.0925      8.037     1.4922 4.5837e+01  1025.0258     7.8264    25.0159    10.1312    308.876    9.65018  294.21241    104.984 -9.990e-29
   40.11434  -71.66516      2.154      2.137     7.8267    32.0924      8.037     1.4922 4.6261e+01  1025.0256     7.8265    25.0158    10.1375    309.070    9.65015  294.21144    105.050 -9.990e-29
   40.11434  -71.66516      2.154      2.137     7.8268    32.0922      8.037     1.4922 4.2575e+01  1025.0256     7.8266    25.0157    10.1325    308.918    9.65015  294.21145    104.998 -9.990e-29
   40.11434  -71.66516      2.132      2.115     7.8267    32.0922      8.037     1.4922 3.6104e+01  1025.0253     7.8265    25.0157    10.1328    308.926    9.65013  294.21102    105.001 -9.990e-29
   40.11434  -71.66516      2.174      2.158     7.8266    32.0921      8.037     1.4922 3.4442e+01  1025.0256     7.8263    25.0156    10.1393    309.125    9.65015  294.21141    105.069 -9.990e-29
   40.11434  -71.66516      2.154      2.137     7.8268    32.0921      8.037     1.4922 3.5431e+01  1025.0252     7.8266    25.0156    10.1405    309.161    9.65016  294.21176    105.081 -9.990e-29
   40.11434  -71.66516      2.154      2.137     7.8268    32.0921      8.037     1.4922 3.8434e+01  1025.0253     7.8266    25.0156    10.1417    309.197    9.65011  294.21019    105.094 -9.990e-29
   40.11434  -71.66516      2.154      2.137     7.8266    32.0922      8.037     1.5190 3.9648e+01  1025.0257     7.8264    25.0156    10.1429    309.233    9.65013  294.21075    105.106 -9.990e-29
   40.11434  -71.66516      2.144      2.128     7.8268    32.0921      8.037     1.5325 4.1279e+01  1025.0253     7.8266    25.0156    10.1441    309.272    9.65017  294.21199    105.119 -9.990e-29
   40.11434  -71.66516      2.154      2.137     7.8266    32.0921      8.037     1.5325 5.2104e+01  1025.0254     7.8264    25.0156    10.1453    309.307    9.65011  294.21040    105.131 -9.990e-29
   40.11434  -71.66516      2.144      2.128     7.8267    32.0921      8.037     1.5325 5.7923e+01  1025.0254     7.8265    25.0155    10.1403    309.155    9.65009  294.20956    105.080 -9.990e-29
   40.11434  -71.66516      2.144      2.128     7.8267    32.0920      8.037     1.5325 5.8098e+01  1025.0252     7.8265    25.0155    10.1469    309.355    9.65013  294.21078    105.147 -9.990e-29
   40.11434  -71.66516      2.144      2.128     7.8266    32.0920      8.037     1.5325 5.5863e+01  1025.0253     7.8264    25.0155    10.1419    309.204    9.65011  294.21021    105.096 -9.990e-29
   40.11434  -71.66516      2.124      2.107     7.8266    32.0921      8.037     1.5325 5.4693e+01  1025.0253     7.8264    25.0156    10.1424    309.219    9.65017  294.21210    105.101 -9.990e-29
   40.11434  -71.66516      2.133      2.117     7.8264    32.0923      8.037     1.5325 5.4363e+01  1025.0256     7.8262    25.0158    10.1490    309.419    9.65013  294.21093    105.169 -9.990e-29
   40.11434  -71.66516      2.114      2.098     7.8262    32.0924      8.037     1.5325 4.5001e+01  1025.0256     7.8260    25.0159    10.1502    309.458    9.65010  294.21007    105.183 -9.990e-29
   40.11434  -71.66516      2.124      2.107     7.8262    32.0924      8.037     1.5325 3.9037e+01  1025.0257     7.8260    25.0158    10.1517    309.502    9.65019  294.21269    105.197 -9.990e-29
   40.11434  -71.66516      2.114      2.098     7.8264    32.0923      8.037     1.5325 3.8195e+01  1025.0253     7.8262    25.0157    10.1468    309.353    9.65019  294.21277    105.146 -9.990e-29
   40.11434  -71.66516      2.103      2.087     7.8264    32.0921      8.037     1.5325 3.7839e+01  1025.0252     7.8262    25.0156    10.1525    309.528    9.65018  294.21228    105.206 -9.990e-29
   40.11434  -71.66516      2.103      2.087     7.8266    32.0921      8.037     1.5325 3.7253e+01  1025.0251     7.8264    25.0156    10.1529    309.540    9.65018  294.21234    105.210 -9.990e-29
   40.11434  -71.66516      2.093      2.077     7.8262    32.0922      8.037     1.5325 3.7136e+01  1025.0252     7.8260    25.0156    10.1533    309.551    9.65015  294.21154    105.214 -9.990e-29
   40.11434  -71.66516      2.084      2.068     7.8262    32.0922      8.037     1.5325 3.4117e+01  1025.0253     7.8260    25.0157    10.1536    309.560    9.65012  294.21056    105.217 -9.990e-29
   40.11434  -71.66516      2.084      2.068     7.8264    32.0922      8.037     1.5325 3.0432e+01  1025.0252     7.8262    25.0157    10.1539    309.569    9.65013  294.21079    105.220 -9.990e-29
   40.11434  -71.66516      2.063      2.047     7.8262    32.0921      8.037     1.5325 2.9663e+01  1025.0252     7.8260    25.0156    10.1541    309.575    9.65009  294.20962    105.223 -9.990e-29
   40.11434  -71.66516      2.073      2.057     7.8266    32.0920      8.037     1.5325 2.7278e+01  1025.0247     7.8264    25.0155    10.1552    309.610    9.65009  294.20949    105.235 -9.990e-29
   40.11434  -71.66516      2.053      2.038     7.8262    32.0920      8.037     1.5325 2.3155e+01  1025.0251     7.8260    25.0156    10.1554    309.614    9.65002  294.20752    105.237 -9.990e-29
   40.11434  -71.66516      2.042      2.027     7.8264    32.0921      8.037     1.5325 2.2027e+01  1025.0248     7.8262    25.0156    10.1556    309.621    9.65003  294.20804    105.239 -9.990e-29
   40.11434  -71.66516      2.053      2.038     7.8262    32.0922      8.037     1.5325 2.4654e+01  1025.0252     7.8260    25.0157    10.1557    309.626    9.65006  294.20889    105.240 -9.990e-29
   40.11434  -71.66516      2.033      2.017     7.8262    32.0923      8.037     1.5325 3.5209e+01  1025.0250     7.8260    25.0158    10.1558    309.629    9.65005  294.20833    105.241 -9.990e-29
   40.11434  -71.66516      2.033      2.017     7.8264    32.0924      8.037     1.5325 4.0019e+01  1025.0253     7.8262    25.0158    10.1559    309.631    9.65006  294.20882    105.242 -9.990e-29
   40.11434  -71.66516      2.022      2.006     7.8262    32.0923      8.037     1.5325 4.1152e+01  1025.0249     7.8260    25.0157    10.1560    309.633    9.65008  294.20927    105.243 -9.990e-29
   40.11434  -71.66516      2.033      2.017     7.8262    32.0922      8.037     1.4922 4.7699e+01  1025.0250     7.8260    25.0157    10.1560    309.633    9.65008  294.20947    105.242 -9.990e-29
   40.11434  -71.66516      2.022      2.006     7.8260    32.0923      8.037     1.4519 5.1319e+01  1025.0251     7.8258    25.0158    10.1559    309.631    9.65005  294.20839    105.242 -9.990e-29
   40.11434  -71.66516      2.012      1.997     7.8261    32.0925      8.037     1.4519 5.0698e+01  1025.0251     7.8259    25.0159    10.1558    309.629    9.65006  294.20862    105.241 -9.990e-29
   40.11434  -71.66516      2.012      1.997     7.8260    32.0927      8.037     1.4519 4.1279e+01  1025.0255     7.8258    25.0161    10.1558    309.627    9.65011  294.21028    105.240 -9.990e-29
   40.11434  -71.66516      2.022      2.006     7.8259    32.0927      8.037     1.4519 3.6905e+01  1025.0254     7.8257    25.0162    10.1556    309.621    9.65007  294.20916    105.238 -9.990e-29
