CalculateIndicators/WaterTemperature/Data/CTD_NYOS/20240428_C18.cnv
* Sea-Bird SBE 9 Data File:
* FileName = C:\Seabird 9 CTD\Data\2024\202404_offshore\20240428_C18.hex
* Software Version Seasave V 7.23.2
* Temperature SN = 4590
* Conductivity SN = 3228
* Number of Bytes Per Scan = 44
* Number of Voltage Words = 5
* Number of Scans Averaged by the Deck Unit = 1
* NMEA Latitude = 40 25.77 N
* NMEA Longitude = 072 49.78 W
* NMEA UTC (Time) = Apr 28 2024  00:34:14
* NMEA baud rate = 4800
** Ship: Seawolf
** Station: 9.2
** Operator: TDK
# nquan = 18
# nvalues = 13496                       
# units = specified
# name 0 = latitude: Latitude [deg]
# name 1 = longitude: Longitude [deg]
# name 2 = prDM: Pressure, Digiquartz [db]
# name 3 = depSM: Depth [salt water, m]
# name 4 = t090C: Temperature [ITS-90, deg C]
# name 5 = sal00: Salinity, Practical [PSU]
# name 6 = ph: pH
# name 7 = flECO-AFL: Fluorescence, WET Labs ECO-AFL/FL [mg/m^3]
# name 8 = cpar: CPAR/Corrected Irradiance [%]
# name 9 = density00: Density [density, kg/m^3]
# name 10 = potemp090C: Potential Temperature [ITS-90, deg C]
# name 11 = sigma-é00: Density [sigma-theta, kg/m^3]
# name 12 = sbeox0Mg/L: Oxygen, SBE 43 [mg/l]
# name 13 = sbox0Mm/Kg: Oxygen, SBE 43 [umol/kg]
# name 14 = oxsolMg/L: Oxygen Saturation, Garcia & Gordon [mg/l]
# name 15 = oxsolMm/Kg: Oxygen Saturation, Garcia & Gordon [umol/kg]
# name 16 = sbeox0PS: Oxygen, SBE 43 [% saturation]
# name 17 = flag:  0.000e+00
# span 0 =   40.42958,   40.43070       
# span 1 =  -72.82974,  -72.82754       
# span 2 =      1.702,     38.907       
# span 3 =      1.689,     38.604       
# span 4 =     6.0295,     9.1693       
# span 5 =    30.0772,    31.7985       
# span 6 =      7.843,      8.101       
# span 7 =     0.0819,     2.2712       
# span 8 = 9.9999e+04, 9.9999e+04       
# span 9 =  1023.2435,  1025.1830       
# span 10 =     6.0269,     9.1685      
# span 11 =    23.1735,    25.0036      
# span 12 =     7.8722,    10.3120      
# span 13 =    240.195,    314.692      
# span 14 =    9.48085,   10.10673      
# span 15 =  289.53146,  308.23129      
# span 16 =     79.179,    106.699      
# span 17 = 0.0000e+00, 0.0000e+00      
# interval = seconds: 0.0416667
# start_time = Apr 28 2024 00:34:15 [System UTC, first data scan.]
# bad_flag = -9.990e-29
*END*
[from data line 6995]
   40.43012  -72.82862     25.401     25.204     6.4213    31.2017      7.876     0.5520 9.9999e+04  1024.6192     6.4192    24.5018     8.4216    256.894   10.02893  305.92401     83.973 -9.990e-29
   40.43012  -72.82862     25.381     25.184     6.4199    31.2008      7.876     0.5117 9.9999e+04  1024.6178     6.4178    24.5012     8.4165    256.737   10.02862  305.91471     83.924 -9.990e-29
   40.43012  -72.82862     25.341     25.144     6.4181    31.2005      7.876     0.4983 9.9999e+04  1024.6180     6.4160    24.5012     8.4230    256.936   10.02839  305.90778     83.991 -9.990e-29
   40.43012  -72.82862     25.335     25.139     6.4171    31.2008      7.876     0.4983 9.9999e+04  1024.6187     6.4151    24.5015     8.4233    256.947   10.02803  305.89699     83.998 -9.990e-29
   40.43012  -72.82862     25.300     25.103     6.4167    31.2009      7.876     0.4983 9.9999e+04  1024.6185     6.4146    24.5017     8.4234    256.949   10.02782  305.89071     84.000 -9.990e-29
   40.43012  -72.82862     25.279     25.083     6.4163    31.2009      7.876     0.4983 9.9999e+04  1024.6183     6.4143    24.5018     8.4228    256.932   10.02751  305.88138     83.997 -9.990e-29
   40.43012  -72.82862     25.243     25.047     6.4160    31.2012      7.876     0.4983 9.9999e+04  1024.6184     6.4139    24.5020     8.4283    257.099   10.02719  305.87183     84.054 -9.990e-29
   40.43012  -72.82862     25.218     25.023     6.4150    31.2016      7.876     0.4983 9.9999e+04  1024.6192     6.4130    24.5024     8.4287    257.111   10.02684  305.86129     84.061 -9.990e-29
   40.43012  -72.82862     25.198     25.002     6.4147    31.2016      7.881     0.4983 9.9999e+04  1024.6190     6.4126    24.5025     8.4352    257.311   10.02664  305.85540     84.128 -9.990e-29
   40.43012  -72.82862     25.178     24.983     6.4134    31.2011      7.876     0.4983 9.9999e+04  1024.6184     6.4113    24.5022     8.4292    257.127   10.02644  305.84944     84.070 -9.990e-29
   40.43012  -72.82862     25.141     24.946     6.4124    31.2007      7.876     0.4983 9.9999e+04  1024.6179     6.4104    24.5020     8.4292    257.126   10.02615  305.84067     84.072 -9.990e-29
   40.43012  -72.82862     25.127     24.932     6.4115    31.2004      7.876     0.4983 9.9999e+04  1024.6180     6.4094    24.5019     8.4287    257.112   10.02590  305.83338     84.069 -9.990e-29
   40.43012  -72.82862     25.107     24.912     6.4108    31.2002      7.876     0.4983 9.9999e+04  1024.6180     6.4088    24.5018     8.4278    257.086   10.02568  305.82667     84.063 -9.990e-29
   40.43012  -72.82862     25.071     24.876     6.4103    31.1993      7.876     0.4983 9.9999e+04  1024.6173     6.4083    24.5013     8.4331    257.247   10.02553  305.82236     84.116 -9.990e-29
   40.43012  -72.82862     25.046     24.852     6.4097    31.1981      7.876     0.4983 9.9999e+04  1024.6156     6.4077    24.5003     8.4322    257.219   10.02526  305.81441     84.110 -9.990e-29
   40.43012  -72.82862     25.035     24.841     6.4083    31.1970      7.876     0.4983 9.9999e+04  1024.6151     6.4062    24.4996     8.4319    257.211   10.02505  305.80811     84.109 -9.990e-29
   40.43012  -72.82862     25.009     24.815     6.4071    31.1962      7.876     0.4983 9.9999e+04  1024.6147     6.4050    24.4991     8.4376    257.385   10.02477  305.79986     84.168 -9.990e-29
   40.43012  -72.82862     24.995     24.801     6.4062    31.1952      7.881     0.4983 9.9999e+04  1024.6141     6.4041    24.4984     8.4374    257.377   10.02454  305.79310     84.167 -9.990e-29
   40.43012  -72.82862     24.965     24.771     6.4066    31.1941      7.876     0.4983 9.9999e+04  1024.6125     6.4046    24.4976     8.4367    257.356   10.02440  305.78880     84.161 -9.990e-29
   40.43012  -72.82862     24.959     24.766     6.4054    31.1934      7.876     0.4983 9.9999e+04  1024.6120     6.4033    24.4971     8.4354    257.316   10.02408  305.77973     84.151 -9.990e-29
   40.43012  -72.82862     24.944     24.751     6.4041    31.1929      7.876     0.4983 9.9999e+04  1024.6125     6.4020    24.4969     8.4347    257.295   10.02390  305.77428     84.146 -9.990e-29
   40.43012  -72.82862     24.924     24.730     6.4034    31.1920      7.876     0.4983 9.9999e+04  1024.6117     6.4014    24.4964     8.4335    257.260   10.02367  305.76719     84.136 -9.990e-29
   40.43012  -72.82862     24.908     24.715     6.4018    31.1907      7.876     0.4983 9.9999e+04  1024.6101     6.3998    24.4956     8.4319    257.212   10.02347  305.76115     84.122 -9.990e-29
   40.43012  -72.82862     24.884     24.691     6.3993    31.1900      7.876     0.4983 9.9999e+04  1024.6098     6.3972    24.4952     8.4299    257.150   10.02326  305.75506     84.103 -9.990e-29
   40.43012  -72.82862     24.873     24.680     6.3973    31.1900      7.876     0.4983 9.9999e+04  1024.6104     6.3953    24.4954     8.4275    257.078   10.02317  305.75251     84.080 -9.990e-29
   40.43012  -72.82862     24.867     24.674     6.3973    31.1897      7.876     0.5252 9.9999e+04  1024.6107     6.3953    24.4952     8.4256    257.018   10.02292  305.74522     84.063 -9.990e-29
   40.43012  -72.82862     24.853     24.660     6.3979    31.1879      7.876     0.5520 9.9999e+04  1024.6096     6.3959    24.4937     8.4233    256.949   10.02278  305.74078     84.042 -9.990e-29
   40.43012  -72.82862     24.833     24.640     6.3978    31.1843      7.876     0.5520 9.9999e+04  1024.6054     6.3958    24.4909     8.4206    256.866   10.02257  305.73461     84.016 -9.990e-29
   40.43012  -72.82862     24.827     24.634     6.3970    31.1805      7.876     0.5520 9.9999e+04  1024.6023     6.3949    24.4879     8.4175    256.773   10.02242  305.73037     83.987 -9.990e-29
   40.43012  -72.82862     24.812     24.619     6.3968    31.1771      7.876     0.5520 9.9999e+04  1024.5998     6.3948    24.4853     8.4215    256.895   10.02224  305.72505     84.028 -9.990e-29
   40.43012  -72.82862     24.812     24.619     6.3976    31.1742      7.876     0.5520 9.9999e+04  1024.5971     6.3956    24.4829     8.4131    256.639   10.02208  305.72006     83.946 -9.990e-29
   40.43012  -72.82862     24.795     24.603     6.3984    31.1722      7.876     0.5520 9.9999e+04  1024.5950     6.3964    24.4813     8.4098    256.538   10.02186  305.71374     83.914 -9.990e-29
   40.43012  -72.82862     24.791     24.599     6.3981    31.1713      7.876     0.5520 9.9999e+04  1024.5952     6.3961    24.4805     8.4073    256.461   10.02178  305.71117     83.890 -9.990e-29
   40.43012  -72.82862     24.782     24.589     6.3992    31.1704      7.876     0.5654 9.9999e+04  1024.5944     6.3972    24.4797     8.4055    256.406   10.02169  305.70844     83.873 -9.990e-29
   40.43012  -72.82862     24.776     24.584     6.4010    31.1688      7.876     0.5520 9.9999e+04  1024.5930     6.3990    24.4783     8.4012    256.277   10.02152  305.70342     83.832 -9.990e-29
   40.43012  -72.82862     24.761     24.569     6.4032    31.1668      7.876     0.5520 9.9999e+04  1024.5907     6.4012    24.4764     8.3978    256.171   10.02147  305.70205     83.798 -9.990e-29
   40.43012  -72.82862     24.761     24.569     6.4049    31.1647      7.876     0.5520 9.9999e+04  1024.5887     6.4029    24.4746     8.3951    256.089   10.02150  305.70294     83.771 -9.990e-29
   40.43012  -72.82862     24.756     24.563     6.4066    31.1629      7.876     0.5520 9.9999e+04  1024.5870     6.4046    24.4730     8.3855    255.798   10.02144  305.70142     83.676 -9.990e-29
   40.43012  -72.82862     24.740     24.548     6.4078    31.1617      7.876     0.5520 9.9999e+04  1024.5860     6.4058    24.4718     8.3834    255.732   10.02150  305.70295     83.654 -9.990e-29
   40.43012  -72.82862     24.746     24.554     6.4094    31.1608      7.876     0.5520 9.9999e+04  1024.5852     6.4074    24.4709     8.3865    255.829   10.02153  305.70392     83.685 -9.990e-29
   40.43012  -72.82862     24.740     24.548     6.4103    31.1598      7.876     0.5520 9.9999e+04  1024.5844     6.4083    24.4700     8.3764    255.519   10.02152  305.70356     83.584 -9.990e-29
   40.43012  -72.82862     24.731     24.539     6.4121    31.1588      7.876     0.5520 9.9999e+04  1024.5830     6.4101    24.4690     8.3725    255.402   10.02152  305.70364     83.546 -9.990e-29
   40.43012  -72.82862     24.725     24.533     6.4134    31.1580      7.876     0.5520 9.9999e+04  1024.5823     6.4114    24.4682     8.3686    255.281   10.02164  305.70725     83.505 -9.990e-29
   40.43012  -72.82862     24.721     24.529     6.4147    31.1574      7.876     0.5520 9.9999e+04  1024.5819     6.4127    24.4676     8.3654    255.183   10.02170  305.70914     83.473 -9.990e-29
   40.43012  -72.82862     24.721     24.529     6.4159    31.1568      7.876     0.5520 9.9999e+04  1024.5811     6.4138    24.4670     8.3547    254.857   10.02190  305.71510     83.364 -9.990e-29
   40.43012  -72.82862     24.714     24.522     6.4173    31.1563      7.876     0.5520 9.9999e+04  1024.5804     6.4153    24.4664     8.3502    254.721   10.02200  305.71810     83.319 -9.990e-29
   40.43012  -72.82862     24.721     24.529     6.4187    31.1558      7.876     0.5520 9.9999e+04  1024.5800     6.4167    24.4659     8.3457    254.584   10.02219  305.72372     83.273 -9.990e-29
   40.43012  -72.82862     24.710     24.518     6.4199    31.1555      7.876     0.5520 9.9999e+04  1024.5795     6.4179    24.4655     8.3412    254.445   10.02244  305.73129     83.225 -9.990e-29
   40.43012  -72.82862     24.705     24.513     6.4213    31.1551      7.871     0.5520 9.9999e+04  1024.5792     6.4193    24.4650     8.3375    254.334   10.02268  305.73831     83.187 -9.990e-29
   40.43012  -72.82862     24.710     24.518     6.4228    31.1547      7.871     0.5520 9.9999e+04  1024.5786     6.4208    24.4645     8.3283    254.051   10.02291  305.74537     83.092 -9.990e-29
   40.43012  -72.82862     24.700     24.509     6.4239    31.1543      7.871     0.5520 9.9999e+04  1024.5781     6.4219    24.4640     8.3236    253.908   10.02315  305.75222     83.044 0.0000e+00
   40.43012  -72.82862     24.695     24.503     6.4255    31.1539      7.871     0.5520 9.9999e+04  1024.5776     6.4235    24.4635     8.3135    253.599   10.02356  305.76448     82.939 0.0000e+00
   40.43012  -72.82862     24.691     24.499     6.4265    31.1535      7.871     0.5520 9.9999e+04  1024.5771     6.4245    24.4630     8.3154    253.658   10.02387  305.77378     82.956 -9.990e-29
   40.43012  -72.82862     24.695     24.503     6.4281    31.1530      7.871     0.5520 9.9999e+04  1024.5763     6.4261    24.4625     8.3055    253.355   10.02446  305.79137     82.852 -9.990e-29
   40.43012  -72.82862     24.691     24.499     6.4294    31.1528      7.871     0.5520 9.9999e+04  1024.5762     6.4274    24.4622     8.3012    253.223   10.02500  305.80737     82.805 -9.990e-29
   40.43012  -72.82862     24.691     24.499     6.4310    31.1525      7.871     0.5654 9.9999e+04  1024.5758     6.4290    24.4618     8.2912    252.920   10.02544  305.82059     82.702 -9.990e-29
   40.43012  -72.82860     24.684     24.492     6.4320    31.1520      7.871     0.5520 9.9999e+04  1024.5753     6.4299    24.4612     8.2872    252.798   10.02613  305.84147     82.656 0.0000e+00
   40.43012  -72.82860     24.680     24.488     6.4331    31.1514      7.871     0.5520 9.9999e+04  1024.5744     6.4311    24.4606     8.2844    252.709   10.02681  305.86150     82.622 -9.990e-29
   40.43012  -72.82860     24.691     24.499     6.4344    31.1508      7.871     0.5520 9.9999e+04  1024.5741     6.4324    24.4600     8.2738    252.386   10.02712  305.87088     82.514 -9.990e-29
   40.43012  -72.82860     24.674     24.483     6.4357    31.1502      7.871     0.5520 9.9999e+04  1024.5732     6.4337    24.4593     8.2756    252.443   10.02772  305.88893     82.528 0.0000e+00
   40.43012  -72.82860     24.670     24.479     6.4368    31.1495      7.867     0.5520 9.9999e+04  1024.5725     6.4348    24.4587     8.2657    252.138   10.02839  305.90900     82.423 -9.990e-29
   40.43012  -72.82860     24.680     24.488     6.4376    31.1488      7.867     0.5520 9.9999e+04  1024.5721     6.4356    24.4580     8.2547    251.804   10.02891  305.92469     82.309 -9.990e-29
   40.43012  -72.82860     24.663     24.472     6.4391    31.1480      7.867     0.5520 9.9999e+04  1024.5709     6.4371    24.4572     8.2506    251.679   10.02951  305.94251     82.264 -9.990e-29
   40.43012  -72.82860     24.670     24.479     6.4402    31.1471      7.867     0.5520 9.9999e+04  1024.5703     6.4382    24.4563     8.2467    251.560   10.03007  305.95930     82.220 -9.990e-29
   40.43012  -72.82860     24.670     24.479     6.4417    31.1464      7.867     0.5520 9.9999e+04  1024.5693     6.4397    24.4556     8.2298    251.044   10.03042  305.96960     82.049 -9.990e-29
   40.43012  -72.82860     24.663     24.472     6.4428    31.1458      7.867     0.5520 9.9999e+04  1024.5688     6.4408    24.4550     8.2321    251.113   10.03098  305.98623     82.067 0.0000e+00
   40.43012  -72.82860     24.649     24.458     6.4435    31.1451      7.867     0.5520 9.9999e+04  1024.5685     6.4414    24.4543     8.2226    250.823   10.03152  306.00206     81.968 -9.990e-29
   40.43012  -72.82860     24.663     24.472     6.4452    31.1442      7.867     0.5520 9.9999e+04  1024.5671     6.4432    24.4535     8.2191    250.716   10.03218  306.02096     81.928 -9.990e-29
   40.43012  -72.82860     24.649     24.458     6.4462    31.1436      7.867     0.5520 9.9999e+04  1024.5664     6.4442    24.4528     8.2159    250.617   10.03271  306.03614     81.891 -9.990e-29
   40.43012  -72.82860     24.649     24.458     6.4471    31.1433      7.862     0.5520 9.9999e+04  1024.5664     6.4451    24.4525     8.2064    250.328   10.03315  306.04893     81.793 -9.990e-29
   40.43012  -72.82860     24.644     24.453     6.4481    31.1429      7.862     0.5520 9.9999e+04  1024.5660     6.4461    24.4521     8.1963    250.017   10.03341  306.05675     81.690 -9.990e-29
   40.43012  -72.82860     24.649     24.458     6.4492    31.1422      7.867     0.5520 9.9999e+04  1024.5651     6.4472    24.4514     8.1919    249.884   10.03358  306.06167     81.645 -9.990e-29
   40.43012  -72.82860     24.640     24.449     6.4499    31.1415      7.862     0.5520 9.9999e+04  1024.5644     6.4478    24.4507     8.1814    249.564   10.03359  306.06156     81.540 -9.990e-29
   40.43012  -72.82860     24.644     24.453     6.4510    31.1411      7.862     0.5654 9.9999e+04  1024.5639     6.4490    24.4503     8.1768    249.421   10.03342  306.05543     81.495 -9.990e-29
   40.43012  -72.82860     24.640     24.449     6.4517    31.1406      7.862     0.6863 9.9999e+04  1024.5637     6.4497    24.4498     8.1662    249.098   10.03334  306.05157     81.391 0.0000e+00
   40.43012  -72.82860     24.629     24.438     6.4528    31.1401      7.862     0.7669 9.9999e+04  1024.5630     6.4508    24.4493     8.1616    248.957   10.03318  306.04554     81.346 -9.990e-29
   40.43012  -72.82860     24.644     24.453     6.4536    31.1396      7.862     0.7669 9.9999e+04  1024.5624     6.4516    24.4488     8.1575    248.832   10.03299  306.03993     81.307 -9.990e-29
   40.43012  -72.82860     24.629     24.438     6.4544    31.1392      7.857     0.7535 9.9999e+04  1024.5621     6.4524    24.4484     8.1474    248.523   10.03279  306.03376     81.208 -9.990e-29
   40.43012  -72.82860     24.644     24.453     6.4552    31.1388      7.862     0.7535 9.9999e+04  1024.5618     6.4532    24.4479     8.1441    248.423   10.03223  306.01570     81.180 -9.990e-29
   40.43012  -72.82860     24.629     24.438     6.4563    31.1383      7.857     0.7535 9.9999e+04  1024.5610     6.4543    24.4475     8.1405    248.312   10.03174  305.99903     81.148 -9.990e-29
