CalculateIndicators/WaterTemperature/Data/CTD_NYOS/20240914_C24.cnv
* Sea-Bird SBE 9 Data File:
* FileName = C:\Seabird 9 CTD\Data\2024\202409_offshore\20240914_C24.hex
* Software Version Seasave V 7.23.2
* Temperature SN = 4590
* Conductivity SN = 3228
* Number of Bytes Per Scan = 44
* Number of Voltage Words = 5
* Number of Scans Averaged by the Deck Unit = 1
* NMEA Latitude = 40 09.14 N
* NMEA Longitude = 072 10.44 W
* NMEA UTC (Time) = Sep 14 2024  08:19:29
* NMEA baud rate = 4800
** Ship: Seawolf
** Station: 10.4
** Operator: TCM
# nquan = 18
# nvalues = 15106                       
# units = specified
# name 0 = latitude: Latitude [deg]
# name 1 = longitude: Longitude [deg]
# name 2 = prDM: Pressure, Digiquartz [db]
# name 3 = depSM: Depth [salt water, m]
# name 4 = t090C: Temperature [ITS-90, deg C]
# name 5 = sal00: Salinity, Practical [PSU]
# name 6 = ph: pH
# name 7 = flECO-AFL: Fluorescence, WET Labs ECO-AFL/FL [mg/m^3]
# name 8 = cpar: CPAR/Corrected Irradiance [%]
# name 9 = density00: Density [density, kg/m^3]
# name 10 = potemp090C: Potential Temperature [ITS-90, deg C]
# name 11 = sigma-é00: Density [sigma-theta, kg/m^3]
# name 12 = sbeox0Mg/L: Oxygen, SBE 43 [mg/l]
# name 13 = sbox0Mm/Kg: Oxygen, SBE 43 [umol/kg]
# name 14 = oxsolMg/L: Oxygen Saturation, Garcia & Gordon [mg/l]
# name 15 = oxsolMm/Kg: Oxygen Saturation, Garcia & Gordon [umol/kg]
# name 16 = sbeox0PS: Oxygen, SBE 43 [% saturation]
# name 17 = flag:  0.000e+00
# span 0 =   40.15232,   40.15276       
# span 1 =  -72.17596,  -72.17400       
# span 2 =      1.729,     65.904       
# span 3 =      1.716,     65.388       
# span 4 =     9.7255,    22.0942       
# span 5 =    32.0940,    33.9351       
# span 6 =      7.897,      8.227       
# span 7 =    -0.0389,     0.4714       
# span 8 = 1.6880e-11, 9.9999e+04       
# span 9 =  1022.4429,  1026.1444       
# span 10 =     9.7203,    22.0918      
# span 11 =    22.4424,    25.8496      
# span 12 =     6.1306,     8.3493      
# span 13 =    186.755,    254.710      
# span 14 =    7.18491,    9.20779      
# span 15 =  219.47515,  280.65271      
# span 16 =     69.410,    108.234      
# span 17 = 0.0000e+00, 0.0000e+00      
# interval = seconds: 0.0416667
# start_time = Sep 14 2024 08:19:31 [System UTC, first data scan.]
# bad_flag = -9.990e-29
*END*
[from data line 8925]
   40.15268  -72.17526     24.714     24.523    20.4964    33.4388      8.168     0.1894 1.6880e-11  1023.5467    20.4918    23.4412     7.3918    225.676    7.35003  224.40050    100.568 -9.990e-29
   40.15268  -72.17526     24.719     24.528    20.4945    33.4481      8.168     0.1894 1.6880e-11  1023.5589    20.4899    23.4489     7.3901    225.627    7.34781  224.33556    100.576 -9.990e-29
   40.15268  -72.17526     24.719     24.528    20.4966    33.4522      8.168     0.1894 1.6880e-11  1023.5634    20.4920    23.4519     7.3933    225.727    7.34616  224.28778    100.642 -9.990e-29
   40.15268  -72.17526     24.719     24.528    20.4992    33.4479      8.168     0.1759 1.6880e-11  1023.5559    20.4946    23.4486     7.3929    225.716    7.34492  224.25209    100.653 -9.990e-29
   40.15268  -72.17526     24.719     24.528    20.4955    33.4399      8.168     0.1759 1.6880e-11  1023.5489    20.4909    23.4429     7.3970    225.844    7.34397  224.22458    100.722 -9.990e-29
   40.15268  -72.17526     24.723     24.532    20.4924    33.4331      8.168     0.1894 1.6880e-11  1023.5440    20.4878    23.4385     7.3930    225.721    7.34322  224.20255    100.677 -9.990e-29
   40.15268  -72.17526     24.719     24.528    20.4899    33.4307      8.168     0.1759 1.6880e-11  1023.5408    20.4853    23.4376     7.3927    225.712    7.34227  224.17311    100.686 -9.990e-29
   40.15268  -72.17526     24.729     24.538    20.4852    33.4346      8.168     0.1759 1.6880e-11  1023.5467    20.4806    23.4415     7.3965    225.829    7.34118  224.13959    100.754 -9.990e-29
   40.15268  -72.17526     24.729     24.538    20.4810    33.4418      8.168     0.1894 1.6880e-11  1023.5565    20.4764    23.4479     7.3970    225.845    7.34038  224.11570    100.771 -9.990e-29
   40.15268  -72.17526     24.739     24.547    20.4799    33.4485      8.168     0.1759 1.6880e-11  1023.5602    20.4753    23.4533     7.3972    225.850    7.33969  224.09517    100.783 -9.990e-29
   40.15268  -72.17526     24.744     24.553    20.4808    33.4542      8.168     0.1759 1.6880e-11  1023.5654    20.4762    23.4574     7.4012    225.972    7.33861  224.06066    100.853 -9.990e-29
   40.15268  -72.17526     24.750     24.558    20.4832    33.4582      8.168     0.1759 1.6880e-11  1023.5681    20.4786    23.4600     7.3957    225.799    7.33635  223.98713    100.809 -9.990e-29
   40.15268  -72.17526     24.750     24.558    20.4857    33.4615      8.168     0.1894 1.6880e-11  1023.5670    20.4811    23.4619     7.3982    225.870    7.33383  223.90600    100.877 -9.990e-29
   40.15268  -72.17526     24.770     24.579    20.4882    33.4679      8.168     0.1894 1.6880e-11  1023.5706    20.4836    23.4661     7.3971    225.835    7.33181  223.84238    100.890 -9.990e-29
   40.15268  -72.17526     24.770     24.579    20.4908    33.4788      8.168     0.2028 1.6880e-11  1023.5804    20.4862    23.4734     7.3964    225.814    7.33027  223.79545    100.902 -9.990e-29
   40.15268  -72.17526     24.785     24.594    20.4968    33.4899      8.168     0.2028 1.6880e-11  1023.5907    20.4922    23.4802     7.3965    225.819    7.32923  223.76440    100.918 -9.990e-29
   40.15268  -72.17526     24.780     24.588    20.5063    33.4967      8.168     0.2162 1.6880e-11  1023.5914    20.5017    23.4834     7.3964    225.817    7.32841  223.74032    100.928 -9.990e-29
   40.15268  -72.17526     24.801     24.609    20.5142    33.5008      8.168     0.2028 1.6880e-11  1023.5906    20.5096    23.4844     7.4007    225.948    7.32771  223.71970    100.996 -9.990e-29
   40.15268  -72.17526     24.810     24.618    20.5201    33.5040      8.168     0.2028 1.6880e-11  1023.5942    20.5155    23.4848     7.4011    225.961    7.32718  223.70420    101.009 -9.990e-29
   40.15268  -72.17526     24.831     24.639    20.5295    33.5046      8.168     0.2028 1.6880e-11  1023.5914    20.5249    23.4831     7.4020    225.988    7.32683  223.69426    101.026 -9.990e-29
   40.15268  -72.17526     24.825     24.633    20.5381    33.5025      8.168     0.2028 1.6880e-11  1023.5867    20.5335    23.4794     7.4025    226.004    7.32658  223.68707    101.036 -9.990e-29
   40.15268  -72.17526     24.852     24.659    20.5457    33.5003      8.168     0.2028 1.6880e-11  1023.5817    20.5410    23.4758     7.4029    226.018    7.32637  223.68085    101.045 -9.990e-29
   40.15268  -72.17526     24.852     24.659    20.5508    33.5003      8.168     0.2028 1.6880e-11  1023.5804    20.5461    23.4743     7.4034    226.032    7.32623  223.67708    101.053 -9.990e-29
   40.15268  -72.17526     24.871     24.678    20.5552    33.5039      8.168     0.2028 1.6880e-11  1023.5811    20.5505    23.4757     7.4081    226.178    7.32616  223.67523    101.119 -9.990e-29
   40.15268  -72.17526     24.882     24.689    20.5594    33.5142      8.168     0.2028 1.6880e-11  1023.5848    20.5548    23.4823     7.4088    226.198    7.32606  223.67225    101.129 -9.990e-29
   40.15268  -72.17526     24.887     24.695    20.5653    33.5367      8.168     0.2028 1.6880e-11  1023.5989    20.5607    23.4975     7.4094    226.218    7.32607  223.67312    101.138 -9.990e-29
   40.15268  -72.17526     24.922     24.729    20.5754    33.5702      8.168     0.2028 1.6880e-11  1023.6296    20.5708    23.5200     7.4100    226.237    7.32613  223.67507    101.145 -9.990e-29
   40.15268  -72.17526     24.922     24.729    20.5930    33.6013      8.168     0.2028 1.6880e-11  1023.6557    20.5884    23.5393     7.4105    226.252    7.32619  223.67686    101.151 -9.990e-29
   40.15268  -72.17526     24.942     24.749    20.6156    33.6179      8.168     0.2028 1.6880e-11  1023.6593    20.6110    23.5466     7.4153    226.397    7.32628  223.67968    101.215 -9.990e-29
   40.15268  -72.17526     24.963     24.770    20.6367    33.6211      8.168     0.2028 1.6880e-11  1023.6537    20.6320    23.5436     7.4160    226.420    7.32645  223.68508    101.222 -9.990e-29
   40.15268  -72.17526     24.952     24.759    20.6553    33.6178      8.168     0.2028 1.6880e-11  1023.6431    20.6507    23.5363     7.4167    226.440    7.32667  223.69205    101.229 -9.990e-29
   40.15268  -72.17526     24.988     24.795    20.6700    33.6143      8.168     0.2028 1.6880e-11  1023.6356    20.6653    23.5296     7.4172    226.455    7.32684  223.69699    101.233 -9.990e-29
   40.15268  -72.17526     24.993     24.800    20.6810    33.6144      8.168     0.2028 1.6880e-11  1023.6317    20.6763    23.5267     7.4176    226.467    7.32700  223.70218    101.236 -9.990e-29
   40.15268  -72.17526     25.003     24.810    20.6894    33.6195      8.163     0.2028 1.6880e-11  1023.6346    20.6847    23.5282     7.4180    226.481    7.32735  223.71343    101.237 -9.990e-29
   40.15268  -72.17526     25.024     24.830    20.6965    33.6252      8.167     0.2028 1.6880e-11  1023.6428    20.6918    23.5303     7.4230    226.635    7.32803  223.73646    101.296 -9.990e-29
   40.15268  -72.17526     25.044     24.851    20.7067    33.6277      8.167     0.2028 1.6880e-11  1023.6354    20.7020    23.5301     7.4203    226.556    7.32945  223.78266    101.239 -9.990e-29
   40.15268  -72.17526     25.054     24.860    20.7106    33.6345      8.167     0.2028 1.6880e-11  1023.6356    20.7059    23.5335     7.4222    226.616    7.33161  223.85100    101.235 -9.990e-29
   40.15268  -72.17526     25.080     24.886    20.7169    33.6497      8.167     0.2028 1.6880e-11  1023.6534    20.7122    23.5428     7.4237    226.665    7.33355  223.91090    101.230 -9.990e-29
   40.15268  -72.17526     25.095     24.901    20.7313    33.6575      8.167     0.2028 1.6880e-11  1023.6689    20.7266    23.5454     7.4290    226.826    7.33500  223.95525    101.282 -9.990e-29
   40.15268  -72.17526     25.105     24.911    20.7496    33.6391      8.167     0.2028 1.6880e-11  1023.6449    20.7449    23.5282     7.4300    226.857    7.33626  223.99462    101.278 -9.990e-29
   40.15268  -72.17526     25.126     24.931    20.7549    33.5989      8.167     0.2028 1.6880e-11  1023.6030    20.7502    23.4963     7.4308    226.883    7.33748  224.03323    101.272 -9.990e-29
   40.15268  -72.17526     25.126     24.931    20.7489    33.5576      8.167     0.2028 1.6880e-11  1023.5661    20.7442    23.4661     7.4319    226.918    7.33878  224.07417    101.269 -9.990e-29
   40.15268  -72.17526     25.146     24.952    20.7336    33.5302      8.167     0.2028 1.6880e-11  1023.5495    20.7289    23.4486     7.4283    226.808    7.33982  224.10562    101.206 -9.990e-29
   40.15268  -72.17526     25.166     24.971    20.7158    33.5237      8.167     0.2028 1.6880e-11  1023.5452    20.7111    23.4478     7.4322    226.925    7.34051  224.12547    101.249 -9.990e-29
   40.15268  -72.17526     25.171     24.976    20.6988    33.5499      8.167     0.2028 1.6880e-11  1023.5595    20.6940    23.4716     7.4287    226.821    7.34193  224.17018    101.182 -9.990e-29
   40.15268  -72.17526     25.197     25.002    20.6857    33.6097      8.167     0.2028 1.6880e-11  1023.6320    20.6810    23.5185     7.4350    227.017    7.34487  224.26372    101.228 -9.990e-29
   40.15268  -72.17526     25.207     25.012    20.7009    33.6704      8.167     0.2028 1.6880e-11  1023.6896    20.6961    23.5620     7.4376    227.099    7.34819  224.36793    101.217 -9.990e-29
   40.15268  -72.17526     25.228     25.032    20.7294    33.7014      8.167     0.2028 1.6880e-11  1023.6992    20.7246    23.5797     7.4352    227.025    7.35063  224.44207    101.151 -9.990e-29
   40.15268  -72.17526     25.237     25.042    20.7549    33.7057      8.167     0.2028 1.6880e-11  1023.6883    20.7502    23.5767     7.4397    227.158    7.35171  224.47217    101.197 -9.990e-29
   40.15268  -72.17526     25.237     25.042    20.7752    33.6989      8.167     0.2028 1.6880e-11  1023.6745    20.7704    23.5661     7.4354    227.027    7.35251  224.49627    101.127 -9.990e-29
   40.15268  -72.17526     25.258     25.062    20.7907    33.6901      8.167     0.2028 1.6880e-11  1023.6630    20.7859    23.5551     7.4402    227.174    7.35406  224.54564    101.171 -9.990e-29
   40.15268  -72.17526     25.273     25.077    20.8025    33.6825      8.167     0.2028 1.6880e-11  1023.6539    20.7977    23.5460     7.4369    227.076    7.35572  224.59701    101.104 -9.990e-29
   40.15268  -72.17526     25.288     25.092    20.8117    33.6768      8.167     0.2028 1.6880e-11  1023.6468    20.8069    23.5392     7.4414    227.215    7.35687  224.63223    101.150 -9.990e-29
   40.15268  -72.17526     25.298     25.102    20.8185    33.6747      8.167     0.2028 1.6880e-11  1023.6422    20.8138    23.5357     7.4378    227.104    7.35792  224.66414    101.086 -9.990e-29
   40.15268  -72.17526     25.309     25.113    20.8240    33.6766      8.167     0.2028 1.6880e-11  1023.6446    20.8192    23.5353     7.4426    227.248    7.35942  224.70984    101.130 -9.990e-29
   40.15268  -72.17526     25.318     25.123    20.8308    33.6792      8.167     0.2028 1.6880e-11  1023.6460    20.8260    23.5356     7.4391    227.142    7.36117  224.76217    101.059 -9.990e-29
   40.15268  -72.17526     25.339     25.143    20.8371    33.6806      8.167     0.2028 1.6880e-11  1023.6438    20.8323    23.5350     7.4393    227.147    7.36233  224.79515    101.046 -9.990e-29
   40.15268  -72.17526     25.349     25.153    20.8426    33.6844      8.167     0.2028 1.6880e-11  1023.6416    20.8378    23.5364     7.4388    227.128    7.36275  224.80652    101.033 -9.990e-29
   40.15268  -72.17526     25.354     25.158    20.8471    33.6970      8.167     0.2028 1.6880e-11  1023.6487    20.8423    23.5444     7.4382    227.110    7.36320  224.82085    101.018 -9.990e-29
   40.15268  -72.17526     25.369     25.173    20.8547    33.7191      8.167     0.2028 1.6880e-11  1023.6689    20.8499    23.5593     7.4381    227.110    7.36389  224.84310    101.008 -9.990e-29
   40.15268  -72.17526     25.379     25.183    20.8644    33.7421      8.167     0.2028 1.6880e-11  1023.6881    20.8596    23.5743     7.4373    227.083    7.36419  224.85152    100.992 -9.990e-29
   40.15268  -72.17526     25.379     25.183    20.8748    33.7571      8.167     0.2028 1.6880e-11  1023.6965    20.8701    23.5830     7.4412    227.201    7.36458  224.86239    101.040 -9.990e-29
   40.15268  -72.17526     25.400     25.203    20.8853    33.7631      8.167     0.2162 1.6880e-11  1023.6964    20.8805    23.5850     7.4411    227.199    7.36505  224.87608    101.033 -9.990e-29
   40.15268  -72.17526     25.411     25.214    20.8937    33.7634      8.167     0.2162 1.6880e-11  1023.6929    20.8889    23.5829     7.4358    227.034    7.36470  224.86325    100.965 -9.990e-29
   40.15268  -72.17526     25.420     25.224    20.9007    33.7616      8.167     0.2162 1.6880e-11  1023.6891    20.8959    23.5797     7.4335    226.963    7.36343  224.82292    100.952 -9.990e-29
   40.15268  -72.17526     25.420     25.224    20.9066    33.7593      8.167     0.2162 1.6880e-11  1023.6860    20.9017    23.5763     7.4311    226.891    7.36208  224.78397    100.938 -9.990e-29
   40.15268  -72.17526     25.426     25.229    20.9115    33.7568      8.167     0.2162 1.6880e-11  1023.6826    20.9067    23.5732     7.4302    226.866    7.36188  224.78092    100.928 -9.990e-29
   40.15268  -72.17526     25.451     25.254    20.9150    33.7543      8.167     0.2162 1.6880e-11  1023.6796    20.9102    23.5702     7.4302    226.869    7.36268  224.80611    100.918 -9.990e-29
   40.15268  -72.17526     25.441     25.244    20.9177    33.7522      8.171     0.2162 1.6880e-11  1023.6771    20.9128    23.5679     7.4256    226.725    7.36314  224.81970    100.848 -9.990e-29
   40.15268  -72.17526     25.451     25.254    20.9196    33.7507      8.167     0.2162 1.6880e-11  1023.6759    20.9148    23.5662     7.4286    226.816    7.36297  224.81273    100.891 -9.990e-29
   40.15268  -72.17526     25.451     25.254    20.9210    33.7494      8.171     0.2162 1.6880e-11  1023.6746    20.9162    23.5648     7.4274    226.779    7.36262  224.80087    100.880 -9.990e-29
   40.15268  -72.17526     25.460     25.263    20.9220    33.7481      8.171     0.2162 1.6880e-11  1023.6731    20.9172    23.5635     7.4223    226.622    7.36269  224.80309    100.809 -9.990e-29
   40.15268  -72.17526     25.460     25.263    20.9231    33.7467      8.167     0.2162 1.6880e-11  1023.6722    20.9183    23.5622     7.4174    226.475    7.36308  224.81545    100.738 -9.990e-29
   40.15268  -72.17526     25.471     25.274    20.9236    33.7453      8.171     0.2162 1.6880e-11  1023.6706    20.9188    23.5609     7.4213    226.592    7.36377  224.83620    100.781 -9.990e-29
   40.15268  -72.17526     25.471     25.274    20.9236    33.7441      8.171     0.2162 1.6880e-11  1023.6696    20.9188    23.5599     7.4205    226.568    7.36382  224.83725    100.770 -9.990e-29
   40.15268  -72.17526     25.467     25.270    20.9235    33.7433      8.171     0.2162 1.6880e-11  1023.6690    20.9187    23.5594     7.4147    226.389    7.36323  224.81759    100.699 -9.990e-29
   40.15268  -72.17526     25.471     25.274    20.9228    33.7426      8.171     0.2162 1.6880e-11  1023.6692    20.9180    23.5592     7.4136    226.353    7.36332  224.81791    100.683 -9.990e-29
   40.15268  -72.17526     25.471     25.274    20.9219    33.7417      8.171     0.2162 1.6880e-11  1023.6685    20.9171    23.5587     7.4172    226.463    7.36337  224.81876    100.731 -9.990e-29
   40.15268  -72.17526     25.471     25.274    20.9206    33.7407      8.171     0.2162 1.6880e-11  1023.6678    20.9158    23.5582     7.4122    226.311    7.36317  224.81236    100.666 -9.990e-29
   40.15268  -72.17526     25.471     25.274    20.9194    33.7395      8.171     0.2162 1.6880e-11  1023.6681    20.9146    23.5577     7.4110    226.271    7.36263  224.79518    100.656 -9.990e-29
