CalculateIndicators/WaterTemperature/Data/CTD_NYOS/20240913_C20.cnv
* Sea-Bird SBE 9 Data File:
* FileName = C:\Seabird 9 CTD\Data\2024\202409_offshore\20240913_C20.hex
* Software Version Seasave V 7.23.2
* Temperature SN = 4590
* Conductivity SN = 3228
* Number of Bytes Per Scan = 44
* Number of Voltage Words = 5
* Number of Scans Averaged by the Deck Unit = 1
* NMEA Latitude = 40 40.23 N
* NMEA Longitude = 072 58.60 W
* NMEA UTC (Time) = Sep 13 2024  21:56:17
* NMEA baud rate = 4800
** Ship: Seawolf
** Station: 9.1
** Operator: TDK
# nquan = 18
# nvalues = 8194                        
# units = specified
# name 0 = latitude: Latitude [deg]
# name 1 = longitude: Longitude [deg]
# name 2 = prDM: Pressure, Digiquartz [db]
# name 3 = depSM: Depth [salt water, m]
# name 4 = t090C: Temperature [ITS-90, deg C]
# name 5 = sal00: Salinity, Practical [PSU]
# name 6 = ph: pH
# name 7 = flECO-AFL: Fluorescence, WET Labs ECO-AFL/FL [mg/m^3]
# name 8 = cpar: CPAR/Corrected Irradiance [%]
# name 9 = density00: Density [density, kg/m^3]
# name 10 = potemp090C: Potential Temperature [ITS-90, deg C]
# name 11 = sigma-é00: Density [sigma-theta, kg/m^3]
# name 12 = sbeox0Mg/L: Oxygen, SBE 43 [mg/l]
# name 13 = sbox0Mm/Kg: Oxygen, SBE 43 [umol/kg]
# name 14 = oxsolMg/L: Oxygen Saturation, Garcia & Gordon [mg/l]
# name 15 = oxsolMm/Kg: Oxygen Saturation, Garcia & Gordon [umol/kg]
# name 16 = sbeox0PS: Oxygen, SBE 43 [% saturation]
# name 17 = flag:  0.000e+00
# span 0 =   40.67048,   40.67146       
# span 1 =  -72.97682,  -72.97586       
# span 2 =      1.802,     14.010       
# span 3 =      1.788,     13.901       
# span 4 =    17.8518,    21.9369       
# span 5 =    30.4974,    31.2750       
# span 6 =      7.811,      8.249       
# span 7 =     0.7803,     2.0697       
# span 8 = 5.1241e-01, 3.1354e+01       
# span 9 =  1020.7965,  1022.5124       
# span 10 =    17.8495,    21.9365      
# span 11 =    20.8220,    22.4481      
# span 12 =     4.0479,     8.4465      
# span 13 =    123.754,    258.481      
# span 14 =    7.31237,    7.87384      
# span 15 =  223.78010,  240.66473      
# span 16 =     51.600,    115.217      
# span 17 = 0.0000e+00, 0.0000e+00      
# interval = seconds: 0.0416667
# start_time = Sep 13 2024 21:56:17 [System UTC, first data scan.]
# bad_flag = -9.990e-29
*END*
[from data line 3136]
   40.67090  -72.97648      8.899      8.830    21.6404    30.9095      8.198     1.1430 1.7231e+00  1021.2490    21.6387    21.2114     8.1208    248.518    7.34334  224.72578    110.587 0.0000e+00
   40.67090  -72.97648      8.878      8.810    21.6459    30.9094      8.203     1.1430 1.7279e+00  1021.2481    21.6442    21.2099     8.1197    248.486    7.34377  224.74012    110.566 -9.990e-29
   40.67090  -72.97648      8.888      8.819    21.6521    30.9103      8.203     1.1430 1.7279e+00  1021.2474    21.6504    21.2090     8.1188    248.460    7.34432  224.75731    110.546 -9.990e-29
   40.67090  -72.97648      8.869      8.800    21.6578    30.9104      8.203     1.1430 1.7338e+00  1021.2473    21.6561    21.2073     8.1173    248.412    7.34421  224.75362    110.526 0.0000e+00
   40.67090  -72.97648      8.858      8.789    21.6666    30.9086      8.203     1.1430 1.7338e+00  1021.2423    21.6649    21.2038     8.1202    248.501    7.34415  224.75152    110.567 0.0000e+00
   40.67090  -72.97648      8.848      8.780    21.6749    30.9060      8.203     1.1295 1.7338e+00  1021.2370    21.6732    21.1998     8.1149    248.338    7.34401  224.74733    110.496 0.0000e+00
   40.67090  -72.97648      8.839      8.770    21.6813    30.9043      8.203     1.1295 1.7289e+00  1021.2347    21.6796    21.1967     8.1140    248.311    7.34416  224.75224    110.482 0.0000e+00
   40.67090  -72.97648      8.828      8.759    21.6866    30.9032      8.203     1.1161 1.7240e+00  1021.2326    21.6849    21.1944     8.1096    248.175    7.34477  224.77009    110.413 -9.990e-29
   40.67090  -72.97648      8.828      8.759    21.6912    30.9019      8.203     1.1161 1.7201e+00  1021.2304    21.6895    21.1922     8.1090    248.158    7.34535  224.78703    110.397 -9.990e-29
   40.67090  -72.97648      8.818      8.750    21.6946    30.9004      8.203     1.1161 1.7250e+00  1021.2279    21.6929    21.1901     8.1086    248.143    7.34611  224.80948    110.379 0.0000e+00
   40.67090  -72.97648      8.788      8.720    21.6972    30.8989      8.203     1.1161 1.7299e+00  1021.2260    21.6955    21.1883     8.1090    248.154    7.34742  224.84861    110.365 -9.990e-29
   40.67090  -72.97648      8.797      8.729    21.6993    30.8976      8.203     1.1161 1.7250e+00  1021.2246    21.6977    21.1867     8.1058    248.056    7.34907  224.89805    110.297 -9.990e-29
   40.67090  -72.97648      8.781      8.713    21.7009    30.8965      8.203     1.1161 1.7308e+00  1021.2228    21.6992    21.1855     8.1070    248.091    7.35107  224.95807    110.283 0.0000e+00
   40.67090  -72.97648      8.777      8.709    21.7013    30.8965      8.203     1.1161 1.7407e+00  1021.2223    21.6996    21.1853     8.1085    248.137    7.35304  225.01711    110.275 -9.990e-29
   40.67090  -72.97648      8.777      8.709    21.7008    30.8983      8.203     1.1161 1.7407e+00  1021.2239    21.6991    21.1868     8.1094    248.161    7.35474  225.06778    110.261 -9.990e-29
   40.67090  -72.97648      8.757      8.690    21.7000    30.9015      8.203     1.1161 1.7397e+00  1021.2273    21.6984    21.1893     8.1058    248.050    7.35634  225.11502    110.188 0.0000e+00
   40.67090  -72.97648      8.746      8.679    21.6997    30.9046      8.203     1.1161 1.7348e+00  1021.2302    21.6980    21.1916     8.1106    248.196    7.35766  225.15373    110.234 -9.990e-29
   40.67090  -72.97648      8.746      8.679    21.7008    30.9060      8.203     1.1161 1.7308e+00  1021.2312    21.6991    21.1926     8.1066    248.071    7.35845  225.17670    110.167 -9.990e-29
   40.67090  -72.97648      8.737      8.669    21.7014    30.9057      8.207     1.1161 1.7308e+00  1021.2303    21.6997    21.1922     8.1110    248.202    7.35888  225.18806    110.220 0.0000e+00
   40.67090  -72.97648      8.726      8.658    21.7018    30.9048      8.207     1.1161 1.7407e+00  1021.2285    21.7001    21.1914     8.1017    247.916    7.35838  225.17055    110.101 0.0000e+00
   40.67090  -72.97648      8.716      8.649    21.7022    30.9046      8.207     1.1161 1.7367e+00  1021.2283    21.7005    21.1911     8.0990    247.835    7.35659  225.11639    110.092 -9.990e-29
   40.67090  -72.97648      8.716      8.649    21.7027    30.9057      8.207     1.1161 1.7417e+00  1021.2290    21.7011    21.1918     8.0971    247.778    7.35529  225.07877    110.085 -9.990e-29
   40.67090  -72.97648      8.707      8.639    21.7032    30.9073      8.207     1.1161 1.7565e+00  1021.2309    21.7016    21.1927     8.0929    247.650    7.35528  225.07899    110.028 0.0000e+00
   40.67090  -72.97648      8.696      8.628    21.7050    30.9083      8.207     1.1161 1.7615e+00  1021.2311    21.7033    21.1931     8.0925    247.637    7.35524  225.07584    110.024 -9.990e-29
   40.67090  -72.97648      8.696      8.628    21.7068    30.9083      8.207     1.1161 1.7615e+00  1021.2304    21.7051    21.1928     8.0909    247.586    7.35391  225.03391    110.021 -9.990e-29
   40.67090  -72.97648      8.676      8.609    21.7076    30.9079      8.207     1.1161 1.7765e+00  1021.2292    21.7059    21.1924     8.0851    247.409    7.35253  224.99094    109.964 -9.990e-29
   40.67090  -72.97648      8.686      8.619    21.7064    30.9082      8.207     1.1161 1.7865e+00  1021.2298    21.7047    21.1928     8.0795    247.237    7.35133  224.95446    109.905 -9.990e-29
   40.67092  -72.97648      8.665      8.598    21.7052    30.9093      8.207     1.1161 1.7865e+00  1021.2314    21.7035    21.1938     8.0785    247.209    7.35015  224.91987    109.910 0.0000e+00
   40.67092  -72.97648      8.656      8.589    21.7045    30.9099      8.207     1.1161 1.7916e+00  1021.2327    21.7028    21.1944     8.0735    247.056    7.34921  224.89206    109.855 -9.990e-29
   40.67092  -72.97648      8.656      8.589    21.7052    30.9096      8.207     1.1161 1.7967e+00  1021.2313    21.7035    21.1941     8.0724    247.022    7.34821  224.86271    109.855 -9.990e-29
   40.67092  -72.97648      8.646      8.579    21.7050    30.9089      8.207     1.1161 1.7967e+00  1021.2310    21.7033    21.1936     8.0676    246.878    7.34753  224.84330    109.800 0.0000e+00
   40.67092  -72.97648      8.635      8.568    21.7060    30.9078      8.207     1.1161 1.8017e+00  1021.2309    21.7043    21.1925     8.0679    246.890    7.34750  224.84430    109.805 -9.990e-29
   40.67092  -72.97648      8.635      8.568    21.7071    30.9043      8.207     1.1161 1.8109e+00  1021.2281    21.7055    21.1895     8.0645    246.787    7.34795  224.85932    109.752 -9.990e-29
   40.67092  -72.97648      8.625      8.559    21.7089    30.8989      8.207     1.1161 1.8109e+00  1021.2218    21.7073    21.1850     8.0659    246.831    7.34881  224.88578    109.758 0.0000e+00
   40.67092  -72.97648      8.614      8.548    21.7107    30.8941      8.207     1.1161 1.8160e+00  1021.2164    21.7090    21.1809     8.0591    246.619    7.34962  224.90861    109.653 0.0000e+00
   40.67092  -72.97648      8.605      8.538    21.7121    30.8920      8.207     1.1161 1.8315e+00  1021.2157    21.7104    21.1789     8.0556    246.509    7.35011  224.92010    109.598 0.0000e+00
   40.67092  -72.97648      8.595      8.529    21.7139    30.8910      8.207     1.1161 1.8315e+00  1021.2154    21.7122    21.1777     8.0559    246.519    7.34973  224.90860    109.609 -9.990e-29
   40.67092  -72.97648      8.595      8.529    21.7148    30.8897      8.207     1.1161 1.8315e+00  1021.2131    21.7131    21.1763     8.0516    246.388    7.34888  224.88448    109.562 -9.990e-29
   40.67092  -72.97648      8.584      8.518    21.7167    30.8888      8.207     1.1161 1.8367e+00  1021.2118    21.7151    21.1752     8.0516    246.390    7.34829  224.86707    109.572 0.0000e+00
   40.67092  -72.97648      8.575      8.508    21.7185    30.8888      8.207     1.1161 1.8461e+00  1021.2118    21.7168    21.1747     8.0481    246.283    7.34787  224.85462    109.530 -9.990e-29
   40.67092  -72.97648      8.575      8.508    21.7201    30.8892      8.212     1.1161 1.8565e+00  1021.2112    21.7184    21.1747     8.0398    246.030    7.34722  224.83573    109.426 -9.990e-29
   40.67092  -72.97648      8.548      8.482    21.7195    30.8899      8.207     1.1161 1.8670e+00  1021.2121    21.7179    21.1753     8.0401    246.041    7.34665  224.81916    109.439 -9.990e-29
   40.67092  -72.97648      8.554      8.488    21.7190    30.8907      8.207     1.1161 1.8670e+00  1021.2133    21.7174    21.1760     8.0372    245.952    7.34683  224.82441    109.397 -9.990e-29
   40.67092  -72.97648      8.533      8.467    21.7190    30.8911      8.207     1.1161 1.8713e+00  1021.2132    21.7174    21.1763     8.0395    246.019    7.34786  224.85429    109.413 0.0000e+00
   40.67092  -72.97648      8.524      8.458    21.7193    30.8906      8.207     1.1161 1.8660e+00  1021.2136    21.7177    21.1757     8.0378    245.966    7.34868  224.87881    109.377 -9.990e-29
   40.67092  -72.97648      8.524      8.458    21.7206    30.8882      8.207     1.1161 1.8660e+00  1021.2112    21.7190    21.1736     8.0350    245.882    7.34860  224.87769    109.340 -9.990e-29
   40.67092  -72.97648      8.503      8.437    21.7220    30.8846      8.207     1.1161 1.8660e+00  1021.2068    21.7204    21.1706     8.0323    245.801    7.34868  224.88026    109.303 0.0000e+00
   40.67092  -72.97648      8.493      8.428    21.7227    30.8813      8.212     1.1161 1.8702e+00  1021.2042    21.7211    21.1679     8.0339    245.847    7.34901  224.88946    109.319 -9.990e-29
   40.67092  -72.97648      8.493      8.428    21.7229    30.8780      8.212     1.1161 1.8702e+00  1021.2033    21.7213    21.1654     8.0314    245.772    7.34905  224.89032    109.285 -9.990e-29
   40.67092  -72.97648      8.463      8.398    21.7220    30.8739      8.207     1.1161 1.8702e+00  1021.1978    21.7204    21.1627     8.0293    245.708    7.34943  224.90248    109.251 -9.990e-29
   40.67092  -72.97648      8.473      8.407    21.7188    30.8716      8.212     1.1161 1.8702e+00  1021.1964    21.7172    21.1613     8.0271    245.640    7.34973  224.91228    109.216 -9.990e-29
   40.67092  -72.97648      8.452      8.387    21.7187    30.8720      8.212     1.1161 1.8650e+00  1021.1987    21.7170    21.1618     8.0285    245.684    7.34939  224.90280    109.240 0.0000e+00
   40.67092  -72.97648      8.422      8.357    21.7188    30.8729      8.212     1.1161 1.8692e+00  1021.1992    21.7172    21.1625     8.0258    245.603    7.34898  224.89086    109.210 0.0000e+00
   40.67092  -72.97648      8.412      8.347    21.7197    30.8731      8.212     1.1161 1.8692e+00  1021.1992    21.7181    21.1626     8.0237    245.537    7.34867  224.88115    109.185 0.0000e+00
   40.67092  -72.97648      8.352      8.287    21.7192    30.8732      8.212     1.1295 1.8639e+00  1021.1977    21.7176    21.1631     8.0255    245.593    7.34839  224.87145    109.215 -9.990e-29
   40.67092  -72.97648      8.361      8.297    21.7139    30.8746      8.212     1.1295 1.8639e+00  1021.2009    21.7123    21.1653     8.0234    245.525    7.34803  224.85946    109.191 -9.990e-29
   40.67092  -72.97648      8.392      8.327    21.7084    30.8771      8.212     1.1430 1.8894e+00  1021.2051    21.7068    21.1687     8.0207    245.443    7.34749  224.84311    109.162 -9.990e-29
   40.67092  -72.97648      8.392      8.327    21.7020    30.8792      8.212     1.1430 1.9001e+00  1021.2084    21.7004    21.1724     8.0228    245.511    7.34740  224.84116    109.193 -9.990e-29
   40.67092  -72.97648      8.366      8.301    21.6917    30.8811      8.212     1.1430 1.9099e+00  1021.2120    21.6901    21.1765     8.0172    245.338    7.34766  224.85012    109.112 0.0000e+00
   40.67092  -72.97648      8.361      8.297    21.6785    30.8830      8.212     1.1430 1.9207e+00  1021.2174    21.6769    21.1815     8.0200    245.425    7.34809  224.86298    109.144 -9.990e-29
   40.67092  -72.97648      8.392      8.327    21.6627    30.8850      8.212     1.1430 1.9261e+00  1021.2233    21.6611    21.1870     8.0184    245.373    7.34827  224.86760    109.119 -9.990e-29
   40.67092  -72.97648      8.412      8.347    21.6473    30.8873      8.213     1.1430 1.9316e+00  1021.2288    21.6457    21.1927     8.0166    245.317    7.34830  224.86728    109.094 -9.990e-29
   40.67092  -72.97648      8.412      8.347    21.6337    30.8905      8.213     1.1430 1.9316e+00  1021.2345    21.6321    21.1989     8.0192    245.398    7.34834  224.86795    109.130 -9.990e-29
   40.67092  -72.97648      8.403      8.338    21.6199    30.8953      8.213     1.1430 1.9360e+00  1021.2422    21.6183    21.2061     8.0177    245.352    7.34812  224.86167    109.112 -9.990e-29
   40.67092  -72.97648      8.403      8.338    21.6077    30.9011 -9.990e-29     1.1430 1.9360e+00  1021.2506    21.6061    21.2135     8.0153    245.281    7.34738  224.84027    109.091 -9.990e-29
   40.67092  -72.97648      8.422      8.357    21.6003    30.9074 -9.990e-29     1.1430 1.9305e+00  1021.2562    21.5987    21.2205     8.0180    245.364    7.34689  224.82599    109.135 -9.990e-29
   40.67092  -72.97648      8.422      8.357    21.5943    30.9153 -9.990e-29     1.1430 1.9305e+00  1021.2643    21.5927    21.2276     8.0173    245.341    7.34709  224.83216    109.122 -9.990e-29
   40.67092  -72.97648      8.412      8.347    21.5943    30.9226 -9.990e-29     1.1430 1.9295e+00  1021.2733    21.5926    21.2327     8.0171    245.335    7.34741  224.84114    109.115 -9.990e-29
   40.67092  -72.97648      8.403      8.338    21.6070    30.9247 -9.990e-29     1.1430 1.9241e+00  1021.2714    21.6054    21.2322     8.0160    245.301    7.34741  224.84071    109.100 -9.990e-29
   40.67092  -72.97648      8.392      8.327    21.6195    30.9220 -9.990e-29     1.1430 1.8971e+00  1021.2616    21.6179    21.2279     8.0196    245.410    7.34757  224.84584    109.146 -9.990e-29
   40.67092  -72.97648      8.392      8.327    21.6208    30.9219      8.217     1.1430 1.8907e+00  1021.2585    21.6192    21.2267     8.0197    245.412    7.34810  224.86108    109.139 -9.990e-29
   40.67092  -72.97648      8.403      8.338    21.6175    30.9278      8.218     1.1430 1.8854e+00  1021.2678    21.6159    21.2308     8.0188    245.385    7.34798  224.85609    109.130 -9.990e-29
   40.67092  -72.97648      8.382      8.317    21.6245    30.9358 -9.990e-29     1.1430 1.8801e+00  1021.2730    21.6229    21.2356     8.0172    245.334    7.34695  224.82470    109.122 -9.990e-29
   40.67092  -72.97648      8.375      8.310    21.6326    30.9416      8.217     1.1430 1.8748e+00  1021.2761    21.6310    21.2379     8.0157    245.290    7.34594  224.79532    109.117 -9.990e-29
   40.67092  -72.97648      8.372      8.308    21.6411    30.9432 -9.990e-29     1.1430 1.8748e+00  1021.2751    21.6395    21.2368     8.0191    245.396    7.34565  224.78822    109.168 -9.990e-29
   40.67092  -72.97648      8.372      8.308    21.6514    30.9413 -9.990e-29     1.1430 1.8738e+00  1021.2690    21.6498    21.2329     8.0190    245.393    7.34595  224.79744    109.162 -9.990e-29
   40.67092  -72.97648      8.392      8.327    21.6595    30.9377      8.217     1.1430 1.8632e+00  1021.2645    21.6579    21.2278     8.0188    245.387    7.34606  224.79993    109.158 -9.990e-29
   40.67092  -72.97648      8.382      8.317    21.6684    30.9329 -9.990e-29     1.1430 1.8632e+00  1021.2590    21.6668    21.2219     8.0222    245.489    7.34563  224.78630    109.210 -9.990e-29
   40.67092  -72.97648      8.372      8.308    21.6760    30.9261      8.217     1.1430 1.8527e+00  1021.2513    21.6744    21.2151     8.0214    245.467    7.34491  224.76479    109.211 -9.990e-29
   40.67092  -72.97648      8.361      8.297    21.6792    30.9183      8.217     1.1161 1.8475e+00  1021.2433    21.6776    21.2083     8.0206    245.443    7.34427  224.74627    109.209 -9.990e-29
