CalculateIndicators/WaterTemperature/Data/CTD_NYOS/20240429_C30A.cnv
* Sea-Bird SBE 9 Data File:
* FileName = C:\Seabird 9 CTD\Data\2024\202404_offshore\20240429_C30A.hex
* Software Version Seasave V 7.23.2
* Temperature SN = 4590
* Conductivity SN = 3228
* Number of Bytes Per Scan = 44
* Number of Voltage Words = 5
* Number of Scans Averaged by the Deck Unit = 1
* NMEA Latitude = 39 55.35 N
* NMEA Longitude = 071 32.08 W
* NMEA UTC (Time) = Apr 29 2024  05:42:34
* NMEA baud rate = 4800
** Ship: Seawolf
** Station: 11.6
** Operator: TDK
# nquan = 18
# nvalues = 2514                        
# units = specified
# name 0 = latitude: Latitude [deg]
# name 1 = longitude: Longitude [deg]
# name 2 = prDM: Pressure, Digiquartz [db]
# name 3 = depSM: Depth [salt water, m]
# name 4 = t090C: Temperature [ITS-90, deg C]
# name 5 = sal00: Salinity, Practical [PSU]
# name 6 = ph: pH
# name 7 = flECO-AFL: Fluorescence, WET Labs ECO-AFL/FL [mg/m^3]
# name 8 = cpar: CPAR/Corrected Irradiance [%]
# name 9 = density00: Density [density, kg/m^3]
# name 10 = potemp090C: Potential Temperature [ITS-90, deg C]
# name 11 = sigma-é00: Density [sigma-theta, kg/m^3]
# name 12 = sbeox0Mg/L: Oxygen, SBE 43 [mg/l]
# name 13 = sbox0Mm/Kg: Oxygen, SBE 43 [umol/kg]
# name 14 = oxsolMg/L: Oxygen Saturation, Garcia & Gordon [mg/l]
# name 15 = oxsolMm/Kg: Oxygen Saturation, Garcia & Gordon [umol/kg]
# name 16 = sbeox0PS: Oxygen, SBE 43 [% saturation]
# name 17 = flag:  0.000e+00
# span 0 =   39.92250,   39.92254       
# span 1 =  -71.53476,  -71.53454       
# span 2 =      1.741,      2.750       
# span 3 =      1.727,      2.729       
# span 4 =     7.5072,     7.5190       
# span 5 =    32.1091,    32.1130       
# span 6 =      8.085,      8.085       
# span 7 =     1.1698,     1.7877       
# span 8 = 5.0640e-11, 7.9950e+01       
# span 9 =  1025.0744,  1025.0875       
# span 10 =     7.5070,     7.5188      
# span 11 =    25.0728,    25.0757      
# span 12 =    10.8197,    10.9163      
# span 13 =    329.849,    332.793      
# span 14 =    9.71672,    9.71931      
# span 15 =  296.22430,  296.30291      
# span 16 =    111.334,    112.329      
# span 17 = 0.0000e+00, 0.0000e+00      
# interval = seconds: 0.0416667
# start_time = Apr 29 2024 05:42:33 [System UTC, first data scan.]
# bad_flag = -9.990e-29
*END*
[from data line 805]
   39.92254  -71.53468      2.296      2.279     7.5108    32.1110      8.085     1.3982 1.8217e+00  1025.0851     7.5106    25.0745    10.8530    330.866    9.71845  296.27675    111.675 -9.990e-29
   39.92254  -71.53468      2.287      2.269     7.5109    32.1109      8.085     1.3982 8.3042e+00  1025.0851     7.5107    25.0745    10.8513    330.812    9.71841  296.27558    111.657 -9.990e-29
   39.92254  -71.53468      2.296      2.279     7.5113    32.1108      8.085     1.3982 1.1537e+01  1025.0849     7.5111    25.0744    10.8496    330.760    9.71842  296.27594    111.639 -9.990e-29
   39.92254  -71.53468      2.287      2.269     7.5112    32.1107      8.085     1.3982 9.1745e+00  1025.0846     7.5110    25.0743    10.8541    330.899    9.71840  296.27522    111.686 -9.990e-29
   39.92254  -71.53468      2.296      2.279     7.5109    32.1107      8.085     1.3982 3.6984e+00  1025.0851     7.5107    25.0743    10.8533    330.875    9.71841  296.27551    111.678 -9.990e-29
   39.92254  -71.53468      2.287      2.269     7.5112    32.1107      8.085     1.3982 2.2938e+00  1025.0848     7.5110    25.0743    10.8464    330.662    9.71839  296.27502    111.606 -9.990e-29
   39.92254  -71.53468      2.296      2.279     7.5111    32.1107      8.085     1.3982 2.9816e+00  1025.0848     7.5109    25.0743    10.8447    330.610    9.71833  296.27306    111.590 -9.990e-29
   39.92254  -71.53468      2.296      2.279     7.5111    32.1107      8.085     1.3982 9.6710e+00  1025.0849     7.5109    25.0743    10.8432    330.565    9.71841  296.27570    111.573 -9.990e-29
   39.92254  -71.53468      2.287      2.269     7.5112    32.1107      8.085     1.3982 1.4474e+01  1025.0848     7.5110    25.0743    10.8488    330.737    9.71842  296.27594    111.631 -9.990e-29
   39.92254  -71.53468      2.287      2.269     7.5113    32.1108      8.085     1.3982 1.5006e+01  1025.0846     7.5111    25.0743    10.8481    330.715    9.71836  296.27408    111.625 -9.990e-29
   39.92254  -71.53468      2.287      2.269     7.5111    32.1110      8.085     1.3982 1.7652e+01  1025.0853     7.5109    25.0745    10.8485    330.727    9.71842  296.27602    111.628 -9.990e-29
   39.92254  -71.53468      2.287      2.269     7.5110    32.1109      8.085     1.3982 1.9506e+01  1025.0850     7.5108    25.0745    10.8487    330.735    9.71837  296.27439    111.631 -9.990e-29
   39.92254  -71.53468      2.276      2.258     7.5113    32.1108      8.085     1.3982 1.9706e+01  1025.0846     7.5111    25.0744    10.8492    330.748    9.71839  296.27500    111.635 -9.990e-29
   39.92254  -71.53468      2.266      2.249     7.5108    32.1110      8.085     1.3982 1.4370e+01  1025.0851     7.5106    25.0745    10.8487    330.732    9.71840  296.27537    111.630 -9.990e-29
   39.92254  -71.53468      2.266      2.249     7.5110    32.1110      8.085     1.3982 1.1274e+01  1025.0850     7.5108    25.0745    10.8482    330.718    9.71844  296.27640    111.625 -9.990e-29
   39.92254  -71.53468      2.256      2.239     7.5109    32.1109      8.085     1.3982 1.0804e+01  1025.0847     7.5107    25.0745    10.8477    330.702    9.71841  296.27575    111.620 -9.990e-29
   39.92254  -71.53468      2.245      2.228     7.5111    32.1110      8.085     1.3982 1.0889e+01  1025.0849     7.5109    25.0746    10.8480    330.711    9.71834  296.27353    111.624 -9.990e-29
   39.92254  -71.53468      2.236      2.219     7.5112    32.1111      8.085     1.3982 1.0889e+01  1025.0848     7.5110    25.0747    10.8485    330.727    9.71838  296.27460    111.628 -9.990e-29
   39.92254  -71.53468      2.225      2.208     7.5109    32.1112      8.085     1.4385 1.0889e+01  1025.0851     7.5107    25.0747    10.8490    330.742    9.71838  296.27447    111.634 -9.990e-29
   39.92254  -71.53468      2.215      2.198     7.5112    32.1112      8.085     1.4519 1.3907e+01  1025.0849     7.5110    25.0747    10.8433    330.568    9.71840  296.27524    111.575 -9.990e-29
   39.92254  -71.53468      2.215      2.198     7.5111    32.1110      8.085     1.4519 2.0318e+01  1025.0848     7.5109    25.0746    10.8493    330.751    9.71841  296.27578    111.636 -9.990e-29
   39.92254  -71.53468      2.206      2.189     7.5113    32.1109      8.085     1.4519 2.2398e+01  1025.0843     7.5111    25.0744    10.8499    330.769    9.71839  296.27512    111.643 -9.990e-29
   39.92254  -71.53468      2.195      2.178     7.5112    32.1109      8.085     1.4519 2.0318e+01  1025.0847     7.5110    25.0744    10.8504    330.787    9.71833  296.27306    111.649 -9.990e-29
   39.92254  -71.53468      2.195      2.178     7.5113    32.1109      8.085     1.4519 1.6634e+01  1025.0845     7.5111    25.0744    10.8512    330.809    9.71833  296.27335    111.657 -9.990e-29
   39.92254  -71.53468      2.175      2.159     7.5113    32.1108      8.085     1.4519 1.5608e+01  1025.0842     7.5111    25.0744    10.8519    330.832    9.71835  296.27394    111.664 -9.990e-29
   39.92254  -71.53468      2.185      2.168     7.5113    32.1108      8.085     1.4385 1.5332e+01  1025.0843     7.5111    25.0744    10.8527    330.855    9.71833  296.27315    111.672 -9.990e-29
   39.92254  -71.53468      2.185      2.168     7.5109    32.1109      8.085     1.4519 1.4163e+01  1025.0845     7.5107    25.0745    10.8472    330.689    9.71832  296.27311    111.616 -9.990e-29
   39.92254  -71.53468      2.185      2.168     7.5113    32.1111      8.085     1.4519 1.3705e+01  1025.0846     7.5111    25.0746    10.8536    330.883    9.71841  296.27555    111.681 -9.990e-29
   39.92254  -71.53468      2.175      2.159     7.5110    32.1112      8.085     1.4519 1.2680e+01  1025.0849     7.5108    25.0747    10.8544    330.909    9.71837  296.27443    111.690 -9.990e-29
   39.92254  -71.53468      2.175      2.159     7.5111    32.1110      8.085     1.4519 7.1040e+00  1025.0844     7.5109    25.0745    10.8554    330.938    9.71836  296.27405    111.700 -9.990e-29
   39.92252  -71.53468      2.195      2.178     7.5112    32.1109      8.085     1.4519 5.1694e+00  1025.0845     7.5110    25.0744    10.8564    330.968    9.71837  296.27463    111.710 -9.990e-29
   39.92252  -71.53468      2.195      2.178     7.5111    32.1110      8.085     1.4519 5.3015e+00  1025.0844     7.5109    25.0745    10.8574    330.999    9.71835  296.27374    111.721 -9.990e-29
   39.92252  -71.53468      2.195      2.178     7.5111    32.1112      8.085     1.4519 1.0186e+01  1025.0847     7.5109    25.0746    10.8585    331.032    9.71839  296.27499    111.731 -9.990e-29
   39.92252  -71.53468      2.206      2.189     7.5110    32.1114      8.085     1.4519 1.3958e+01  1025.0850     7.5108    25.0748    10.8587    331.039    9.71840  296.27536    111.733 -9.990e-29
   39.92252  -71.53468      2.215      2.198     7.5109    32.1114      8.085     1.4519 1.4474e+01  1025.0849     7.5107    25.0748    10.8589    331.045    9.71843  296.27637    111.735 -9.990e-29
   39.92252  -71.53468      2.236      2.219     7.5111    32.1114      8.085     1.4519 1.6752e+01  1025.0849     7.5109    25.0748    10.8589    331.046    9.71834  296.27347    111.737 -9.990e-29
   39.92252  -71.53468      2.236      2.219     7.5108    32.1114      8.085     1.4519 1.8785e+01  1025.0853     7.5106    25.0748    10.8663    331.269    9.71833  296.27306    111.812 -9.990e-29
   39.92252  -71.53468      2.256      2.239     7.5113    32.1113      8.085     1.4519 1.8914e+01  1025.0850     7.5111    25.0748    10.8683    331.330    9.71833  296.27319    111.833 -9.990e-29
   39.92252  -71.53468      2.266      2.249     7.5111    32.1113      8.085     1.4519 1.9110e+01  1025.0852     7.5109    25.0747    10.8692    331.360    9.71828  296.27176    111.843 -9.990e-29
   39.92252  -71.53468      2.276      2.258     7.5115    32.1111      8.085     1.4519 1.9110e+01  1025.0851     7.5113    25.0746    10.8641    331.203    9.71831  296.27265    111.790 -9.990e-29
   39.92252  -71.53468      2.296      2.279     7.5115    32.1109      8.085     1.4519 1.9110e+01  1025.0849     7.5112    25.0744    10.8714    331.425    9.71831  296.27254    111.865 -9.990e-29
   39.92252  -71.53468      2.306      2.288     7.5115    32.1109      8.085     1.4519 1.7409e+01  1025.0850     7.5112    25.0744    10.8724    331.457    9.71833  296.27312    111.875 -9.990e-29
   39.92252  -71.53468      2.336      2.318     7.5115    32.1110      8.085     1.3579 1.5168e+01  1025.0852     7.5113    25.0744    10.8671    331.296    9.71830  296.27223    111.821 -9.990e-29
   39.92252  -71.53468      2.336      2.318     7.5113    32.1110      8.085     1.2907 1.4579e+01  1025.0854     7.5111    25.0744    10.8673    331.300    9.71831  296.27260    111.823 -9.990e-29
   39.92252  -71.53468      2.368      2.350     7.5115    32.1110      8.085     1.2907 1.6402e+01  1025.0851     7.5113    25.0744    10.8683    331.330    9.71830  296.27227    111.833 -9.990e-29
   39.92252  -71.53468      2.368      2.350     7.5111    32.1110      8.085     1.2907 2.0945e+01  1025.0855     7.5109    25.0745    10.8738    331.498    9.71835  296.27388    111.889 -9.990e-29
   39.92252  -71.53468      2.398      2.380     7.5113    32.1110      8.085     1.3042 2.2623e+01  1025.0854     7.5110    25.0745    10.8684    331.334    9.71829  296.27211    111.834 -9.990e-29
   39.92252  -71.53468      2.398      2.380     7.5112    32.1110      8.085     1.3042 2.1807e+01  1025.0854     7.5110    25.0745    10.8747    331.526    9.71829  296.27188    111.899 -9.990e-29
   39.92252  -71.53468      2.417      2.399     7.5109    32.1112      8.085     1.3042 1.9241e+01  1025.0859     7.5107    25.0746    10.8756    331.555    9.71831  296.27255    111.909 -9.990e-29
   39.92252  -71.53468      2.428      2.410     7.5111    32.1112      8.085     1.3042 1.8338e+01  1025.0859     7.5109    25.0746    10.8756    331.553    9.71832  296.27289    111.908 -9.990e-29
   39.92252  -71.53468      2.438      2.419     7.5112    32.1110      8.085     1.3042 1.8086e+01  1025.0857     7.5109    25.0745    10.8693    331.361    9.71835  296.27391    111.843 -9.990e-29
   39.92252  -71.53468      2.447      2.429     7.5113    32.1109      8.085     1.3042 1.6752e+01  1025.0857     7.5110    25.0745    10.8744    331.517    9.71831  296.27257    111.896 -9.990e-29
   39.92252  -71.53468      2.447      2.429     7.5113    32.1109      8.085     1.3042 1.6172e+01  1025.0856     7.5110    25.0745    10.8750    331.536    9.71826  296.27100    111.903 -9.990e-29
   39.92252  -71.53468      2.468      2.449     7.5113    32.1110      8.085     1.3042 1.6344e+01  1025.0858     7.5111    25.0746    10.8758    331.560    9.71837  296.27432    111.910 -9.990e-29
   39.92252  -71.53468      2.479      2.460     7.5115    32.1111      8.085     1.3042 2.3078e+01  1025.0862     7.5112    25.0746    10.8755    331.550    9.71834  296.27349    111.907 -9.990e-29
   39.92252  -71.53468      2.479      2.460     7.5112    32.1111      8.085     1.3042 2.8175e+01  1025.0859     7.5109    25.0746    10.8751    331.537    9.71832  296.27297    111.903 -9.990e-29
   39.92252  -71.53468      2.498      2.479     7.5111    32.1110      8.085     1.3042 2.8725e+01  1025.0861     7.5109    25.0745    10.8746    331.523    9.71833  296.27318    111.898 -9.990e-29
   39.92252  -71.53468      2.489      2.470     7.5115    32.1109      8.085     1.2907 2.1087e+01  1025.0858     7.5112    25.0745    10.8750    331.535    9.71832  296.27273    111.902 -9.990e-29
   39.92252  -71.53468      2.509      2.490     7.5112    32.1109      8.085     1.3042 1.6634e+01  1025.0860     7.5109    25.0744    10.8754    331.547    9.71834  296.27346    111.906 -9.990e-29
   39.92252  -71.53468      2.509      2.490     7.5115    32.1109      8.085     1.2907 1.6001e+01  1025.0858     7.5112    25.0744    10.8756    331.555    9.71831  296.27249    111.909 -9.990e-29
   39.92252  -71.53468      2.519      2.500     7.5113    32.1109      8.085     1.2907 1.6929e+01  1025.0861     7.5110    25.0744    10.8759    331.563    9.71829  296.27183    111.912 -9.990e-29
   39.92252  -71.53468      2.528      2.509     7.5113    32.1109      8.085     1.3042 1.7652e+01  1025.0859     7.5111    25.0744    10.8762    331.570    9.71828  296.27174    111.914 -9.990e-29
   39.92252  -71.53468      2.531      2.512     7.5111    32.1108      8.085     1.3042 1.7837e+01  1025.0860     7.5109    25.0744    10.8764    331.579    9.71834  296.27357    111.917 -9.990e-29
   39.92252  -71.53468      2.539      2.520     7.5113    32.1108      8.085     1.3042 2.0734e+01  1025.0860     7.5110    25.0743    10.8766    331.583    9.71831  296.27251    111.918 -9.990e-29
   39.92252  -71.53468      2.539      2.520     7.5116    32.1108      8.085     1.3042 2.6150e+01  1025.0858     7.5114    25.0743    10.8767    331.588    9.71829  296.27203    111.920 -9.990e-29
   39.92252  -71.53468      2.549      2.530     7.5113    32.1111      8.085     1.3042 2.7813e+01  1025.0864     7.5110    25.0746    10.8767    331.588    9.71823  296.27017    111.921 -9.990e-29
   39.92252  -71.53468      2.570      2.550     7.5113    32.1111      8.085     1.3982 2.8175e+01  1025.0866     7.5110    25.0746    10.8769    331.592    9.71828  296.27150    111.922 -9.990e-29
   39.92252  -71.53468      2.549      2.530     7.5113    32.1109      8.085     1.5459 2.9191e+01  1025.0861     7.5111    25.0745    10.8769    331.592    9.71825  296.27070    111.922 -9.990e-29
   39.92252  -71.53468      2.570      2.550     7.5113    32.1108      8.085     1.5862 2.9568e+01  1025.0861     7.5110    25.0744    10.8759    331.564    9.71824  296.27054    111.912 -9.990e-29
   39.92252  -71.53468      2.570      2.550     7.5113    32.1109      8.085     1.5862 2.8725e+01  1025.0862     7.5111    25.0744    10.8759    331.562    9.71828  296.27162    111.911 -9.990e-29
   39.92252  -71.53468      2.570      2.550     7.5116    32.1109      8.085     1.5728 2.5727e+01  1025.0862     7.5114    25.0744    10.8758    331.559    9.71829  296.27186    111.910 -9.990e-29
   39.92252  -71.53468      2.570      2.550     7.5116    32.1109      8.085     1.5593 2.4654e+01  1025.0861     7.5114    25.0744    10.8756    331.554    9.71828  296.27171    111.909 -9.990e-29
   39.92252  -71.53468      2.570      2.550     7.5115    32.1109      8.085     1.5728 2.4332e+01  1025.0861     7.5113    25.0745    10.8754    331.547    9.71824  296.27059    111.907 -9.990e-29
   39.92252  -71.53468      2.570      2.550     7.5115    32.1110      8.085     1.5593 2.2323e+01  1025.0865     7.5112    25.0745    10.8752    331.541    9.71825  296.27082    111.905 -9.990e-29
   39.92252  -71.53468      2.560      2.540     7.5117    32.1108      8.085     1.5593 2.1373e+01  1025.0858     7.5115    25.0743    10.8750    331.535    9.71833  296.27296    111.902 -9.990e-29
   39.92252  -71.53468      2.570      2.550     7.5113    32.1107      8.085     1.5728 2.0595e+01  1025.0860     7.5111    25.0742    10.8737    331.496    9.71827  296.27128    111.889 -9.990e-29
   39.92252  -71.53468      2.549      2.530     7.5115    32.1107      8.085     1.5728 9.5548e+00  1025.0860     7.5112    25.0742    10.8734    331.486    9.71828  296.27158    111.886 -9.990e-29
   39.92252  -71.53468      2.549      2.530     7.5116    32.1106      8.085     1.5728 5.3817e+00  1025.0858     7.5114    25.0741    10.8792    331.662    9.71828  296.27149    111.945 -9.990e-29
   39.92252  -71.53466      2.539      2.520     7.5115    32.1105      8.085     1.5728 5.0910e+00  1025.0857     7.5113    25.0741    10.8734    331.487    9.71831  296.27239    111.886 -9.990e-29
