CalculateIndicators/WaterTemperature/Data/CTD_NYOS/20240915_C35.cnv
* Sea-Bird SBE 9 Data File:
* FileName = C:\Seabird 9 CTD\Data\2024\202409_offshore\20240915_C35.hex
* Software Version Seasave V 7.23.2
* Temperature SN = 4590
* Conductivity SN = 3228
* Number of Bytes Per Scan = 44
* Number of Voltage Words = 5
* Number of Scans Averaged by the Deck Unit = 1
* NMEA Latitude = 40 41.09 N
* NMEA Longitude = 072 03.64 W
* NMEA UTC (Time) = Sep 15 2024  08:57:12
* NMEA baud rate = 4800
** Ship: Seawolf
** Station: 11.2
** Operator: TCM
# nquan = 18
# nvalues = 11522                       
# units = specified
# name 0 = latitude: Latitude [deg]
# name 1 = longitude: Longitude [deg]
# name 2 = prDM: Pressure, Digiquartz [db]
# name 3 = depSM: Depth [salt water, m]
# name 4 = t090C: Temperature [ITS-90, deg C]
# name 5 = sal00: Salinity, Practical [PSU]
# name 6 = ph: pH
# name 7 = flECO-AFL: Fluorescence, WET Labs ECO-AFL/FL [mg/m^3]
# name 8 = cpar: CPAR/Corrected Irradiance [%]
# name 9 = density00: Density [density, kg/m^3]
# name 10 = potemp090C: Potential Temperature [ITS-90, deg C]
# name 11 = sigma-é00: Density [sigma-theta, kg/m^3]
# name 12 = sbeox0Mg/L: Oxygen, SBE 43 [mg/l]
# name 13 = sbox0Mm/Kg: Oxygen, SBE 43 [umol/kg]
# name 14 = oxsolMg/L: Oxygen Saturation, Garcia & Gordon [mg/l]
# name 15 = oxsolMm/Kg: Oxygen Saturation, Garcia & Gordon [umol/kg]
# name 16 = sbeox0PS: Oxygen, SBE 43 [% saturation]
# name 17 = flag:  0.000e+00
# span 0 =   40.68462,   40.68488       
# span 1 =  -72.06392,  -72.06082       
# span 2 =      1.781,     45.980       
# span 3 =      1.767,     45.620       
# span 4 =    10.7780,    20.6979       
# span 5 =    31.5147,    32.2842       
# span 6 =      7.863,      8.180       
# span 7 =     0.0282,     1.9085       
# span 8 = 1.6880e-11, 9.9999e+04       
# span 9 =  1021.9533,  1024.8478       
# span 10 =    10.7727,    20.6971      
# span 11 =    21.9461,    24.6423      
# span 12 =     6.5486,     8.5967      
# span 13 =    199.727,    262.377      
# span 14 =    7.45151,    9.03376      
# span 15 =  227.86003,  275.51956      
# span 16 =     72.513,    102.173      
# span 17 = 0.0000e+00, 0.0000e+00      
# interval = seconds: 0.0416667
# start_time = Sep 15 2024 08:57:12 [System UTC, first data scan.]
# bad_flag = -9.990e-29
*END*
[from data line 5789]
   40.68472 -9.990e-29     26.081     25.878    12.8368    31.8679      7.978     1.4922 1.6880e-11  1024.1168    12.8334    23.9999     7.8145    238.492    8.63439  263.51539     90.504 -9.990e-29
   40.68472 -9.990e-29     26.081     25.878    12.8368    31.8661      7.978     1.4788 1.6880e-11  1024.1152    12.8334    23.9985     7.8096    238.344    8.63349  263.48803     90.457 -9.990e-29
   40.68472 -9.990e-29     26.062     25.859    12.8371    31.8641      7.978     1.4788 1.6880e-11  1024.1129    12.8337    23.9970     7.8091    238.329    8.63257  263.45982     90.461 -9.990e-29
   40.68472 -9.990e-29     26.051     25.848    12.8373    31.8628      7.978     1.4788 1.6880e-11  1024.1119    12.8339    23.9959     7.8090    238.324    8.63163  263.43158     90.469 -9.990e-29
   40.68472 -9.990e-29     26.051     25.848    12.8375    31.8626      7.978     1.4788 1.6880e-11  1024.1116    12.8341    23.9957     7.8091    238.329    8.63071  263.40377     90.480 -9.990e-29
   40.68472 -9.990e-29     26.030     25.827    12.8381    31.8634      7.973     1.4788 1.6880e-11  1024.1120    12.8347    23.9961     7.8095    238.342    8.62978  263.37536     90.495 -9.990e-29
   40.68472 -9.990e-29     26.030     25.827    12.8398    31.8648      7.978     1.4788 1.6880e-11  1024.1134    12.8364    23.9969     7.8103    238.364    8.62885  263.34715     90.513 -9.990e-29
   40.68472 -9.990e-29     26.020     25.818    12.8419    31.8660      7.978     1.4788 1.6880e-11  1024.1138    12.8385    23.9974     7.8106    238.376    8.62788  263.31776     90.528 -9.990e-29
   40.68472 -9.990e-29     26.011     25.808    12.8444    31.8668      7.973     1.4788 1.6880e-11  1024.1138    12.8409    23.9976     7.8106    238.374    8.62681  263.28506     90.538 -9.990e-29
   40.68472 -9.990e-29     25.990     25.788    12.8477    31.8676      7.978     1.4788 1.6880e-11  1024.1136    12.8443    23.9976     7.8108    238.382    8.62586  263.25639     90.551 -9.990e-29
   40.68472 -9.990e-29     25.990     25.788    12.8512    31.8684      7.973     1.4788 1.6880e-11  1024.1137    12.8478    23.9974     7.8119    238.414    8.62541  263.24359     90.568 -9.990e-29
   40.68472  -72.06236     25.969     25.767    12.8561    31.8688      7.978     1.4788 1.6880e-11  1024.1131    12.8527    23.9969     7.8133    238.458    8.62515  263.23585     90.587 -9.990e-29
   40.68472  -72.06236     25.960     25.757    12.8606    31.8691      7.978     1.4788 1.6880e-11  1024.1123    12.8572    23.9962     7.8143    238.488    8.62479  263.22444     90.603 -9.990e-29
   40.68472  -72.06236     25.960     25.757    12.8657    31.8691      7.978     1.4788 1.6880e-11  1024.1112    12.8623    23.9953     7.8204    238.675    8.62403  263.20108     90.682 -9.990e-29
   40.68472  -72.06236     25.929     25.727    12.8702    31.8692      7.978     1.4788 1.6880e-11  1024.1103    12.8668    23.9943     7.8164    238.552    8.62290  263.16616     90.647 -9.990e-29
   40.68472  -72.06236     25.914     25.712    12.8756    31.8692      7.978     1.4788 1.6880e-11  1024.1091    12.8721    23.9934     7.8169    238.567    8.62134  263.11872     90.669 -9.990e-29
   40.68472  -72.06236     25.929     25.727    12.8806    31.8692      7.978     1.4788 1.6880e-11  1024.1084    12.8772    23.9924     7.8225    238.739    8.62004  263.07985     90.748 -9.990e-29
   40.68472  -72.06236     25.899     25.697    12.8859    31.8690      7.978     1.4788 1.6880e-11  1024.1069    12.8825    23.9913     7.8242    238.792    8.61936  263.05982     90.775 -9.990e-29
   40.68472  -72.06236     25.878     25.677    12.8913    31.8687      7.978     1.4788 1.6880e-11  1024.1058    12.8879    23.9899     7.8257    238.839    8.61899  263.04915     90.796 -9.990e-29
   40.68472  -72.06236     25.878     25.677    12.8969    31.8680      7.978     1.4788 1.6880e-11  1024.1041    12.8935    23.9884     7.8280    238.907    8.61851  263.03463     90.827 -9.990e-29
   40.68472  -72.06236     25.867     25.666    12.9021    31.8669      7.978     1.4788 1.6880e-11  1024.1021    12.8987    23.9865     7.8297    238.960    8.61799  263.01818     90.853 -9.990e-29
   40.68472  -72.06236     25.848     25.647    12.9071    31.8658      7.973     1.4788 1.6880e-11  1024.1001    12.9037    23.9847     7.8367    239.174    8.61733  262.99770     90.942 -9.990e-29
   40.68472  -72.06236     25.837     25.636    12.9121    31.8648      7.978     1.5190 1.6880e-11  1024.0980    12.9087    23.9830     7.8386    239.230    8.61663  262.97669     90.970 -9.990e-29
   40.68472  -72.06236     25.827     25.626    12.9165    31.8643      7.978     1.6534 1.6880e-11  1024.0970    12.9131    23.9817     7.8459    239.455    8.61612  262.96140     91.061 -9.990e-29
   40.68472  -72.06236     25.807     25.606    12.9211    31.8639      7.973     1.7205 1.6880e-11  1024.0959    12.9177    23.9805     7.8487    239.541    8.61562  262.94638     91.099 -9.990e-29
   40.68472  -72.06236     25.797     25.596    12.9258    31.8633      7.978     1.7071 1.6880e-11  1024.0944    12.9224    23.9792     7.8517    239.632    8.61525  262.93524     91.137 -9.990e-29
   40.68472  -72.06236     25.797     25.596    12.9302    31.8627      7.978     1.7071 1.6880e-11  1024.0929    12.9268    23.9778     7.8542    239.707    8.61492  262.92552     91.169 -9.990e-29
   40.68472  -72.06236     25.767     25.566    12.9349    31.8623      7.978     1.7071 1.6880e-11  1024.0914    12.9315    23.9766     7.8614    239.930    8.61470  262.91915     91.256 -9.990e-29
   40.68472  -72.06236     25.761     25.561    12.9395    31.8623      7.978     1.7071 1.6880e-11  1024.0906    12.9361    23.9756     7.8695    240.175    8.61462  262.91712     91.350 -9.990e-29
   40.68472  -72.06236     25.746     25.546    12.9443    31.8623      7.978     1.7071 1.6880e-11  1024.0902    12.9409    23.9747     7.8681    240.135    8.61458  262.91602     91.335 -9.990e-29
   40.68472  -72.06236     25.725     25.525    12.9495    31.8615      7.978     1.6937 1.6880e-11  1024.0883    12.9461    23.9732     7.8709    240.219    8.61452  262.91429     91.368 -9.990e-29
   40.68472  -72.06236     25.716     25.516    12.9542    31.8601      7.978     1.7071 1.6880e-11  1024.0856    12.9508    23.9712     7.8798    240.492    8.61472  262.92102     91.469 -9.990e-29
   40.68472  -72.06236     25.705     25.505    12.9574    31.8593      7.978     1.7071 1.6880e-11  1024.0840    12.9540    23.9698     7.8891    240.774    8.61527  262.93878     91.571 -9.990e-29
   40.68472  -72.06236     25.686     25.486    12.9608    31.8593      7.978     1.7071 1.6880e-11  1024.0838    12.9574    23.9691     7.8934    240.907    8.61568  262.95111     91.617 -9.990e-29
   40.68472  -72.06236     25.674     25.475    12.9649    31.8597      7.978     1.7071 1.6880e-11  1024.0834    12.9615    23.9687     7.8971    241.020    8.61608  262.96328     91.655 -9.990e-29
   40.68472  -72.06236     25.665     25.465    12.9687    31.8605      7.978     1.7071 1.6880e-11  1024.0827    12.9653    23.9686     7.9008    241.133    8.61659  262.97892     91.693 -9.990e-29
   40.68472  -72.06236     25.644     25.445    12.9725    31.8620      7.978     1.7071 1.6880e-11  1024.0833    12.9691    23.9689     7.9098    241.407    8.61712  262.99476     91.791 -9.990e-29
   40.68472  -72.06236     25.624     25.424    12.9780    31.8632      7.978     1.7071 1.6880e-11  1024.0846    12.9746    23.9688     7.9139    241.533    8.61762  263.01005     91.834 -9.990e-29
   40.68472  -72.06236     25.624     25.424    12.9848    31.8624      7.978     1.7071 1.6880e-11  1024.0821    12.9814    23.9671     7.9234    241.821    8.61824  263.02904     91.937 -9.990e-29
   40.68472  -72.06236     25.599     25.399    12.9904    31.8605      7.978     1.7071 1.6880e-11  1024.0778    12.9870    23.9645     7.9333    242.126    8.61889  263.04888     92.046 -9.990e-29
   40.68472  -72.06236     25.584     25.384    12.9942    31.8592      7.978     1.7071 1.6880e-11  1024.0768    12.9908    23.9626     7.9379    242.264    8.61957  263.06955     92.091 -9.990e-29
   40.68472  -72.06236     25.573     25.373    12.9986    31.8582      7.978     1.7071 1.6880e-11  1024.0756    12.9952    23.9611     7.9422    242.396    8.62025  263.09015     92.134 -9.990e-29
   40.68472  -72.06236     25.573     25.373    13.0021    31.8569      7.978     1.7071 1.6880e-11  1024.0732    12.9987    23.9594     7.9518    242.689    8.62104  263.11414     92.237 -9.990e-29
   40.68472  -72.06236     25.542     25.343    13.0056    31.8559      7.978     1.7071 1.6880e-11  1024.0714    13.0022    23.9579     7.9567    242.839    8.62206  263.14619     92.283 -9.990e-29
   40.68472  -72.06236     25.533     25.334    13.0086    31.8557      7.978     1.7071 1.6880e-11  1024.0710    13.0052    23.9571     7.9617    242.993    8.62341  263.18759     92.327 -9.990e-29
   40.68472  -72.06236     25.512     25.313    13.0119    31.8560      7.978     1.7071 1.6880e-11  1024.0704    13.0086    23.9567     7.9714    243.287    8.62485  263.23144     92.423 -9.990e-29
   40.68472  -72.06236     25.512     25.313    13.0153    31.8568      7.977     1.7071 1.6880e-11  1024.0704    13.0119    23.9566     7.9761    243.433    8.62643  263.28009     92.462 -9.990e-29
   40.68472  -72.06236     25.502     25.304    13.0193    31.8580      7.983     1.5862 1.6880e-11  1024.0705    13.0159    23.9567     7.9860    243.732    8.62795  263.32568     92.559 -9.990e-29
   40.68472  -72.06236     25.478     25.279    13.0237    31.8593      7.977     1.5325 1.6880e-11  1024.0708    13.0203    23.9569     7.9905    243.869    8.62914  263.36114     92.599 -9.990e-29
   40.68472  -72.06236     25.472     25.274    13.0284    31.8605      7.982     1.5190 1.6880e-11  1024.0707    13.0250    23.9569     7.9945    243.990    8.63009  263.38901     92.635 -9.990e-29
   40.68472  -72.06236     25.451     25.253    13.0333    31.8612      7.982     1.5190 1.6880e-11  1024.0704    13.0299    23.9565     8.0026    244.238    8.63077  263.40926     92.722 -9.990e-29
   40.68472  -72.06236     25.440     25.242    13.0384    31.8615      7.982     1.5325 1.6880e-11  1024.0696    13.0350    23.9558     8.0057    244.333    8.63149  263.43116     92.750 -9.990e-29
   40.68472  -72.06236     25.440     25.242    13.0438    31.8617      7.977     1.5325 1.6880e-11  1024.0681    13.0404    23.9549     8.0140    244.585    8.63236  263.45786     92.837 -9.990e-29
   40.68472  -72.06236     25.421     25.223    13.0487    31.8621      7.982     1.5325 1.6880e-11  1024.0679    13.0453    23.9542     8.0172    244.683    8.63325  263.48500     92.864 -9.990e-29
   40.68472  -72.06236     25.410     25.212    13.0539    31.8626      7.982     1.5325 1.6880e-11  1024.0668    13.0505    23.9537     8.0201    244.771    8.63418  263.51241     92.888 -9.990e-29
   40.68472  -72.06236     25.410     25.212    13.0589    31.8635      7.982     1.5325 1.6880e-11  1024.0667    13.0556    23.9533     8.0279    245.009    8.63500  263.53731     92.969 -9.990e-29
   40.68472  -72.06236     25.396     25.199    13.0644    31.8640      7.982     1.5325 1.6880e-11  1024.0669    13.0610    23.9527     8.0361    245.259    8.63602  263.56888     93.053 -9.990e-29
   40.68472  -72.06236     25.380     25.182    13.0701    31.8633      7.982     1.5325 1.6880e-11  1024.0648    13.0667    23.9512     8.0391    245.350    8.63698  263.59787     93.077 -9.990e-29
   40.68472  -72.06236     25.380     25.182    13.0735    31.8618      7.982     1.5325 1.6880e-11  1024.0619    13.0701    23.9493     8.0362    245.260    8.63768  263.61847     93.036 -9.990e-29
   40.68472  -72.06236     25.370     25.173    13.0753    31.8613      7.982     1.5325 1.6880e-11  1024.0605    13.0720    23.9485     8.0428    245.464    8.63842  263.64063     93.106 -9.990e-29
   40.68472  -72.06236     25.370     25.173    13.0765    31.8627      7.982     1.5325 1.6880e-11  1024.0624    13.0731    23.9491     8.0449    245.527    8.63959  263.67709     93.117 -9.990e-29
   40.68472  -72.06236     25.359     25.162    13.0800    31.8650      7.982     1.5325 1.6880e-11  1024.0635    13.0766    23.9502     8.0522    245.750    8.64110  263.72397     93.185 0.0000e+00
   40.68472  -72.06236     25.349     25.152    13.0856    31.8670      7.982     1.5190 1.6880e-11  1024.0645    13.0822    23.9507     8.0549    245.835    8.64260  263.76982     93.200 -9.990e-29
   40.68472  -72.06236     25.355     25.158    13.0939    31.8677      7.982     1.5325 1.6880e-11  1024.0638    13.0906    23.9498     8.0565    245.883    8.64396  263.81046     93.204 -9.990e-29
   40.68472  -72.06236     25.340     25.143    13.1018    31.8665      7.982     1.5325 1.6880e-11  1024.0608    13.0984    23.9475     8.0576    245.914    8.64519  263.84658     93.204 -9.990e-29
   40.68472  -72.06236     25.340     25.143    13.1066    31.8644      7.982     1.5325 1.6880e-11  1024.0575    13.1032    23.9449     8.0639    246.104    8.64611  263.87347     93.266 -9.990e-29
   40.68472  -72.06236     25.340     25.143    13.1092    31.8630      7.982     1.5325 1.6880e-11  1024.0553    13.1059    23.9432     8.0649    246.134    8.64692  263.89743     93.269 -9.990e-29
   40.68472  -72.06236     25.329     25.132    13.1118    31.8633      7.982     1.5325 1.6880e-11  1024.0552    13.1084    23.9429     8.0709    246.317    8.64787  263.92576     93.328 -9.990e-29
   40.68472  -72.06236     25.340     25.143    13.1139    31.8651      7.987     1.5325 1.6880e-11  1024.0568    13.1105    23.9438     8.0664    246.180    8.64880  263.95401     93.266 -9.990e-29
   40.68472  -72.06236     25.329     25.132    13.1168    31.8668      7.987     1.5325 1.6880e-11  1024.0583    13.1134    23.9445     8.0715    246.334    8.64967  263.98010     93.315 -9.990e-29
   40.68472  -72.06236     25.345     25.148    13.1207    31.8673      7.987     1.5325 1.6880e-11  1024.0575    13.1174    23.9443     8.0715    246.334    8.65007  263.99128     93.312 -9.990e-29
   40.68472  -72.06236     25.329     25.132    13.1237    31.8671      7.982     1.3847 1.6880e-11  1024.0566    13.1203    23.9435     8.0709    246.316    8.65028  263.99746     93.302 -9.990e-29
   40.68472  -72.06236     25.340     25.143    13.1267    31.8665      7.982     1.1967 1.6880e-11  1024.0555    13.1233    23.9425     8.0708    246.314    8.65078  264.01325     93.296 -9.990e-29
   40.68472  -72.06236     25.340     25.143    13.1291    31.8656      7.987     1.1564 1.6880e-11  1024.0545    13.1257    23.9413     8.0763    246.481    8.65195  264.04996     93.347 -9.990e-29
   40.68472  -72.06236     25.340     25.143    13.1313    31.8644      7.987     1.1698 1.6880e-11  1024.0531    13.1279    23.9400     8.0770    246.502    8.65344  264.09517     93.338 -9.990e-29
   40.68472  -72.06236     25.349     25.152    13.1330    31.8630      7.987     1.1698 1.6880e-11  1024.0517    13.1296    23.9386     8.0821    246.660    8.65455  264.12859     93.386 -9.990e-29
   40.68472  -72.06236     25.349     25.152    13.1339    31.8618      7.987     1.1698 1.6880e-11  1024.0501    13.1306    23.9374     8.0777    246.523    8.65585  264.16837     93.320 -9.990e-29
   40.68472  -72.06236     25.359     25.162    13.1343    31.8609      7.987     1.1833 1.6880e-11  1024.0497    13.1309    23.9366     8.0784    246.544    8.65739  264.21513     93.312 -9.990e-29
   40.68472  -72.06236     25.355     25.158    13.1346    31.8596      7.987     1.1833 1.6880e-11  1024.0497    13.1312    23.9356     8.0832    246.692    8.65881  264.25797     93.353 -9.990e-29
   40.68472  -72.06236     25.370     25.173    13.1347    31.8569      7.987     1.1833 1.6880e-11  1024.0466    13.1313    23.9336     8.0831    246.687    8.66033  264.30409     93.334 -9.990e-29
