CalculateIndicators/WaterTemperature/Data/CTD_NYOS/20240426_C04.cnv
* Sea-Bird SBE 9 Data File:
* FileName = C:\Seabird 9 CTD\Data\2024\202404_offshore\20240426_C04.hex
* Software Version Seasave V 7.23.2
* Temperature SN = 4590
* Conductivity SN = 3228
* Number of Bytes Per Scan = 44
* Number of Voltage Words = 5
* Number of Scans Averaged by the Deck Unit = 1
* NMEA Latitude = 40 34.13 N
* NMEA Longitude = 073 24.44 W
* NMEA UTC (Time) = Apr 26 2024  11:14:32
* NMEA baud rate = 4800
** Ship: Seawolf
** Station: 8.1
** Operator: SJW
# nquan = 18
# nvalues = 6873                        
# units = specified
# name 0 = latitude: Latitude [deg]
# name 1 = longitude: Longitude [deg]
# name 2 = prDM: Pressure, Digiquartz [db]
# name 3 = depSM: Depth [salt water, m]
# name 4 = t090C: Temperature [ITS-90, deg C]
# name 5 = sal00: Salinity, Practical [PSU]
# name 6 = ph: pH
# name 7 = flECO-AFL: Fluorescence, WET Labs ECO-AFL/FL [mg/m^3]
# name 8 = cpar: CPAR/Corrected Irradiance [%]
# name 9 = density00: Density [density, kg/m^3]
# name 10 = potemp090C: Potential Temperature [ITS-90, deg C]
# name 11 = sigma-é00: Density [sigma-theta, kg/m^3]
# name 12 = sbeox0Mg/L: Oxygen, SBE 43 [mg/l]
# name 13 = sbox0Mm/Kg: Oxygen, SBE 43 [umol/kg]
# name 14 = oxsolMg/L: Oxygen Saturation, Garcia & Gordon [mg/l]
# name 15 = oxsolMm/Kg: Oxygen Saturation, Garcia & Gordon [umol/kg]
# name 16 = sbeox0PS: Oxygen, SBE 43 [% saturation]
# name 17 = flag:  0.000e+00
# span 0 =   40.56888,   40.56894       
# span 1 =  -73.40814,  -73.40738       
# span 2 =      1.725,     14.796       
# span 3 =      1.711,     14.682       
# span 4 =     8.7454,     9.4701       
# span 5 =    29.5500,    30.0758       
# span 6 =      7.942,      8.022       
# span 7 =     0.5386,     1.1430       
# span 8 = 1.2349e-01, 1.5132e+02       
# span 9 =  1022.7958,  1023.3700       
# span 10 =     8.7439,     9.4697      
# span 11 =    22.7841,    23.3027      
# span 12 =     8.5280,     9.4646      
# span 13 =    260.438,    289.182      
# span 14 =    9.45317,    9.57691      
# span 15 =  288.82119,  292.46797      
# span 16 =     89.064,    100.077      
# span 17 = 0.0000e+00, 0.0000e+00      
# interval = seconds: 0.0416667
# start_time = Apr 26 2024 11:14:34 [System UTC, first data scan.]
# bad_flag = -9.990e-29
*END*
[from data line 5146]
   40.56888  -73.40796      2.181      2.164     9.4637    29.5553 -9.990e-29     0.7400 1.9077e+01  1022.7982     9.4634    22.7881     9.4377    288.361    9.45656  288.93710     99.801 -9.990e-29
   40.56888  -73.40796      2.181      2.164     9.4637    29.5553 -9.990e-29     0.7400 1.9649e+01  1022.7980     9.4634    22.7881     9.4327    288.209    9.45654  288.93655     99.748 -9.990e-29
   40.56888  -73.40796      2.171      2.155     9.4636    29.5552 -9.990e-29     0.7400 1.9429e+01  1022.7980     9.4633    22.7880     9.4330    288.216    9.45653  288.93612     99.751 -9.990e-29
   40.56888  -73.40796      2.151      2.134     9.4637    29.5551 -9.990e-29     0.7400 1.5580e+01  1022.7976     9.4634    22.7880     9.4323    288.196    9.45648  288.93454     99.745 -9.990e-29
   40.56888  -73.40796      2.151      2.134     9.4637    29.5551 -9.990e-29     0.7400 1.3727e+01  1022.7977     9.4635    22.7880     9.4325    288.203    9.45648  288.93464     99.747 -9.990e-29
   40.56888  -73.40796      2.141      2.125     9.4633    29.5552 -9.990e-29     0.7400 1.3536e+01  1022.7979     9.4631    22.7881     9.4327    288.209    9.45648  288.93463     99.749 -9.990e-29
   40.56888  -73.40796      2.141      2.125     9.4634    29.5553 -9.990e-29     0.7400 1.3593e+01  1022.7979     9.4632    22.7882     9.4321    288.190    9.45647  288.93430     99.742 -9.990e-29
   40.56888  -73.40796      2.120      2.104     9.4632    29.5555 -9.990e-29     0.7400 1.3554e+01  1022.7981     9.4629    22.7883     9.4323    288.195    9.45646  288.93402     99.744 -9.990e-29
   40.56888  -73.40796      2.120      2.104     9.4634    29.5555 -9.990e-29     0.7400 1.3573e+01  1022.7979     9.4632    22.7884     9.4375    288.356    9.45645  288.93397     99.800 -9.990e-29
   40.56888  -73.40796      2.111      2.095     9.4632    29.5555 -9.990e-29     0.7400 1.2687e+01  1022.7981     9.4629    22.7884     9.4317    288.178    9.45646  288.93415     99.738 -9.990e-29
   40.56888  -73.40796      2.100      2.084     9.4632    29.5555 -9.990e-29     0.7400 1.1875e+01  1022.7980     9.4630    22.7883     9.4377    288.360    9.45643  288.93308     99.802 -9.990e-29
   40.56888  -73.40796      2.081      2.065     9.4635    29.5554 -9.990e-29     0.7400 1.1677e+01  1022.7977     9.4633    22.7882     9.4385    288.385    9.45640  288.93228     99.810 -9.990e-29
   40.56888  -73.40796      2.081      2.065     9.4634    29.5553 -9.990e-29     0.7400 1.2146e+01  1022.7976     9.4632    22.7882     9.4326    288.204    9.45644  288.93349     99.747 -9.990e-29
   40.56888  -73.40796      2.068      2.052     9.4632    29.5554 -9.990e-29     0.7400 1.2830e+01  1022.7976     9.4629    22.7883     9.4376    288.358    9.45641  288.93255     99.801 -9.990e-29
   40.56888  -73.40796      2.060      2.044     9.4631    29.5554 -9.990e-29     0.7400 1.3012e+01  1022.7978     9.4629    22.7883     9.4383    288.380    9.45641  288.93261     99.809 -9.990e-29
   40.56888  -73.40796      2.050      2.035     9.4628    29.5554 -9.990e-29     0.7400 1.6090e+01  1022.7977     9.4626    22.7883     9.4390    288.400    9.45640  288.93231     99.816 -9.990e-29
   40.56888  -73.40796      2.039      2.024     9.4627    29.5553 -9.990e-29     0.7400 2.5447e+01  1022.7975     9.4625    22.7883     9.4387    288.393    9.45636  288.93099     99.814 -9.990e-29
   40.56888  -73.40796      2.030      2.014     9.4630    29.5554 -9.990e-29     0.7400 2.9495e+01  1022.7974     9.4628    22.7883     9.4334    288.229    9.45639  288.93194     99.757 -9.990e-29
   40.56888  -73.40796      2.019      2.003     9.4631    29.5554 -9.990e-29     0.7400 2.9165e+01  1022.7977     9.4629    22.7883     9.4391    288.404    9.45637  288.93152     99.817 -9.990e-29
   40.56888  -73.40796      2.009      1.994     9.4632    29.5554 -9.990e-29     0.7400 2.8396e+01  1022.7974     9.4629    22.7883     9.4396    288.419    9.45633  288.93020     99.823 -9.990e-29
   40.56888  -73.40796      2.000      1.984     9.4629    29.5553 -9.990e-29     0.7400 2.8158e+01  1022.7974     9.4627    22.7882     9.4400    288.433    9.45627  288.92842     99.828 -9.990e-29
   40.56888  -73.40796      1.989      1.973     9.4632    29.5553 -9.990e-29     0.7400 2.7531e+01  1022.7971     9.4629    22.7882     9.4406    288.449    9.45633  288.93013     99.833 -9.990e-29
   40.56888  -73.40796      1.979      1.964     9.4629    29.5553 -9.990e-29     0.6863 2.3619e+01  1022.7972     9.4627    22.7882     9.4409    288.460    9.45626  288.92818     99.838 -9.990e-29
   40.56888  -73.40796      1.979      1.964     9.4627    29.5556 -9.990e-29     0.6192 2.2016e+01  1022.7976     9.4624    22.7885     9.4414    288.474    9.45631  288.92951     99.842 -9.990e-29
   40.56888  -73.40796      1.958      1.943     9.4627    29.5556 -9.990e-29     0.6192 2.1800e+01  1022.7975     9.4625    22.7885     9.4418    288.485    9.45630  288.92917     99.846 -9.990e-29
   40.56888  -73.40796      1.958      1.943     9.4627    29.5555 -9.990e-29     0.6192 1.9924e+01  1022.7972     9.4624    22.7884     9.4480    288.677    9.45631  288.92951     99.913 -9.990e-29
   40.56888  -73.40796      1.949      1.934     9.4626    29.5555 -9.990e-29     0.6192 1.8967e+01  1022.7973     9.4624    22.7884     9.4490    288.708    9.45626  288.92795     99.924 -9.990e-29
   40.56888  -73.40796      1.936      1.921     9.4627    29.5555 -9.990e-29     0.6192 1.8807e+01  1022.7972     9.4625    22.7884     9.4441    288.555    9.45624  288.92752     99.871 -9.990e-29
   40.56888  -73.40796      1.939      1.924     9.4625    29.5555 -9.990e-29     0.6192 1.7679e+01  1022.7972     9.4623    22.7884     9.4442    288.560    9.45621  288.92671     99.873 -9.990e-29
   40.56888  -73.40796      1.928      1.913     9.4626    29.5556 -9.990e-29     0.6192 1.6877e+01  1022.7972     9.4624    22.7885     9.4503    288.747    9.45624  288.92740     99.937 -9.990e-29
   40.56888  -73.40796      1.928      1.913     9.4627    29.5556 -9.990e-29     0.6192 1.6783e+01  1022.7974     9.4625    22.7885     9.4452    288.591    9.45624  288.92754     99.884 -9.990e-29
   40.56888  -73.40796      1.919      1.904     9.4627    29.5555 -9.990e-29     0.6192 1.6642e+01  1022.7972     9.4625    22.7884     9.4453    288.592    9.45623  288.92711     99.884 -9.990e-29
   40.56888  -73.40796      1.919      1.904     9.4625    29.5554 -9.990e-29     0.6192 1.6642e+01  1022.7971     9.4623    22.7884     9.4504    288.749    9.45623  288.92715     99.938 -9.990e-29
   40.56888  -73.40796      1.919      1.904     9.4627    29.5554 -9.990e-29     0.6192 1.6665e+01  1022.7970     9.4625    22.7883     9.4452    288.590    9.45628  288.92875     99.883 -9.990e-29
   40.56888  -73.40796      1.908      1.893     9.4627    29.5553 -9.990e-29     0.6192 1.5188e+01  1022.7970     9.4625    22.7883     9.4450    288.585    9.45625  288.92793     99.881 -9.990e-29
   40.56888  -73.40796      1.908      1.893     9.4624    29.5553 -9.990e-29     0.6192 1.3382e+01  1022.7969     9.4622    22.7883     9.4448    288.578    9.45620  288.92647     99.879 -9.990e-29
   40.56888  -73.40796      1.908      1.893     9.4625    29.5554 -9.990e-29     0.6192 1.2956e+01  1022.7971     9.4623    22.7884     9.4506    288.755    9.45623  288.92715     99.940 -9.990e-29
   40.56888  -73.40796      1.908      1.893     9.4624    29.5554 -9.990e-29     0.6192 1.3103e+01  1022.7971     9.4622    22.7884     9.4511    288.770    9.45620  288.92634     99.946 -9.990e-29
   40.56888  -73.40796      1.908      1.893     9.4623    29.5554 -9.990e-29     0.6192 1.3326e+01  1022.7970     9.4621    22.7883     9.4456    288.602    9.45621  288.92668     99.888 -9.990e-29
   40.56888  -73.40796      1.906      1.891     9.4624    29.5554 -9.990e-29     0.6192 1.3401e+01  1022.7970     9.4622    22.7883     9.4452    288.590    9.45618  288.92557     99.884 -9.990e-29
   40.56888  -73.40796      1.898      1.883     9.4623    29.5554 -9.990e-29     0.6192 1.4540e+01  1022.7971     9.4621    22.7883     9.4448    288.578    9.45617  288.92557     99.880 -9.990e-29
   40.56888  -73.40796      1.908      1.893     9.4621    29.5554 -9.990e-29     0.6192 1.9290e+01  1022.7972     9.4619    22.7883     9.4443    288.564    9.45615  288.92471     99.875 -9.990e-29
   40.56888  -73.40796      1.898      1.883     9.4623    29.5553 -9.990e-29     0.6192 2.1465e+01  1022.7967     9.4621    22.7883     9.4439    288.550    9.45615  288.92466     99.870 -9.990e-29
   40.56888  -73.40796      1.908      1.893     9.4619    29.5553 -9.990e-29     0.6192 2.1345e+01  1022.7972     9.4617    22.7884     9.4426    288.510    9.45617  288.92535     99.856 -9.990e-29
   40.56888  -73.40796      1.908      1.893     9.4622    29.5554 -9.990e-29     0.6192 2.0008e+01  1022.7970     9.4620    22.7885     9.4420    288.492    9.45615  288.92478     99.850 -9.990e-29
   40.56888  -73.40796      1.908      1.893     9.4617    29.5555 -9.990e-29     0.6192 1.9453e+01  1022.7974     9.4615    22.7886     9.4473    288.656    9.45614  288.92462     99.907 -9.990e-29
   40.56888  -73.40796      1.908      1.893     9.4620    29.5555 -9.990e-29     0.6192 1.9290e+01  1022.7971     9.4618    22.7886     9.4415    288.477    9.45613  288.92431     99.845 -9.990e-29
   40.56888  -73.40796      1.919      1.904     9.4619    29.5556 -9.990e-29     0.6192 1.6386e+01  1022.7973     9.4617    22.7886     9.4417    288.482    9.45616  288.92520     99.847 -9.990e-29
   40.56888  -73.40796      1.919      1.904     9.4618    29.5557 -9.990e-29     0.6192 1.4976e+01  1022.7975     9.4616    22.7887     9.4410    288.461    9.45617  288.92528     99.839 -9.990e-29
   40.56888  -73.40796      1.919      1.904     9.4619    29.5558 -9.990e-29     0.6192 1.4808e+01  1022.7975     9.4617    22.7888     9.4411    288.465    9.45619  288.92598     99.840 -9.990e-29
   40.56888  -73.40796      1.919      1.904     9.4620    29.5558 -9.990e-29     0.6192 1.3822e+01  1022.7974     9.4618    22.7887     9.4404    288.443    9.45623  288.92728     99.832 -9.990e-29
   40.56888  -73.40796      1.927      1.912     9.4622    29.5558 -9.990e-29     0.6192 1.3066e+01  1022.7975     9.4620    22.7887     9.4396    288.419    9.45618  288.92577     99.824 -9.990e-29
   40.56888  -73.40796      1.939      1.924     9.4622    29.5559 -9.990e-29     0.6192 1.2957e+01  1022.7976     9.4620    22.7888     9.4388    288.394    9.45615  288.92489     99.816 -9.990e-29
   40.56888  -73.40796      1.928      1.913     9.4622    29.5559 -9.990e-29     0.6192 1.2077e+01  1022.7976     9.4620    22.7888     9.4439    288.552    9.45620  288.92641     99.870 -9.990e-29
   40.56888  -73.40796      1.939      1.924     9.4622    29.5558 -9.990e-29     0.6192 1.1257e+01  1022.7976     9.4620    22.7888     9.4379    288.366    9.45620  288.92623     99.806 -9.990e-29
   40.56888  -73.40796      1.958      1.943     9.4623    29.5557 -9.990e-29     0.6192 1.1068e+01  1022.7976     9.4621    22.7887     9.4370    288.339    9.45622  288.92692     99.797 -9.990e-29
   40.56888  -73.40796      1.949      1.934     9.4624    29.5556 -9.990e-29     0.6192 1.1975e+01  1022.7973     9.4622    22.7886     9.4360    288.309    9.45620  288.92624     99.787 -9.990e-29
   40.56888  -73.40796      1.969      1.954     9.4623    29.5557 -9.990e-29     0.6192 1.3326e+01  1022.7976     9.4621    22.7887     9.4359    288.305    9.45622  288.92691     99.785 -9.990e-29
   40.56888  -73.40796      1.969      1.954     9.4624    29.5558 -9.990e-29     0.6192 1.3706e+01  1022.7978     9.4622    22.7887     9.4349    288.275    9.45624  288.92747     99.774 -9.990e-29
   40.56888  -73.40796      1.979      1.964     9.4627    29.5557 -9.990e-29     0.6192 1.5210e+01  1022.7975     9.4624    22.7886     9.4347    288.269    9.45624  288.92756     99.772 -9.990e-29
   40.56888  -73.40796      1.989      1.973     9.4624    29.5556 -9.990e-29     0.6192 1.9155e+01  1022.7977     9.4622    22.7885     9.4286    288.082    9.45628  288.92875     99.707 -9.990e-29
   40.56888  -73.40796      1.989      1.973     9.4627    29.5556 -9.990e-29     0.6192 2.0550e+01  1022.7975     9.4624    22.7885     9.4327    288.208    9.45621  288.92666     99.751 -9.990e-29
   40.56888  -73.40796      2.009      1.994     9.4626    29.5556 -9.990e-29     0.6192 1.8887e+01  1022.7978     9.4624    22.7885     9.4325    288.203    9.45624  288.92746     99.749 -9.990e-29
   40.56888  -73.40796      2.009      1.994     9.4627    29.5556 -9.990e-29     0.6192 1.4197e+01  1022.7976     9.4624    22.7885     9.4264    288.015    9.45624  288.92747     99.684 -9.990e-29
   40.56888  -73.40796      2.017      2.002     9.4629    29.5556 -9.990e-29     0.6192 1.2758e+01  1022.7976     9.4627    22.7885     9.4314    288.168    9.45624  288.92755     99.737 -9.990e-29
   40.56888  -73.40796      2.030      2.014     9.4627    29.5557 -9.990e-29     0.6192 1.2938e+01  1022.7979     9.4624    22.7886     9.4313    288.164    9.45628  288.92875     99.735 -9.990e-29
   40.56888  -73.40796      2.039      2.024     9.4627    29.5558 -9.990e-29     0.6192 1.4117e+01  1022.7979     9.4625    22.7886     9.4303    288.134    9.45629  288.92917     99.725 -9.990e-29
   40.56888  -73.40796      2.050      2.035     9.4628    29.5558 -9.990e-29     0.6192 1.4684e+01  1022.7982     9.4626    22.7886     9.4300    288.127    9.45625  288.92772     99.723 -9.990e-29
   40.56888  -73.40796      2.060      2.044     9.4632    29.5557 -9.990e-29     0.6192 1.4684e+01  1022.7978     9.4630    22.7885     9.4299    288.123    9.45629  288.92905     99.721 -9.990e-29
   40.56888  -73.40796      2.060      2.044     9.4630    29.5555 -9.990e-29     0.6192 1.4117e+01  1022.7978     9.4628    22.7883     9.4297    288.116    9.45628  288.92875     99.719 -9.990e-29
   40.56888  -73.40796      2.070      2.054     9.4634    29.5554 -9.990e-29     0.6192 1.3842e+01  1022.7976     9.4632    22.7883     9.4236    287.929    9.45629  288.92918     99.654 -9.990e-29
   40.56888  -73.40796      2.081      2.065     9.4632    29.5555 -9.990e-29     0.6192 1.3784e+01  1022.7977     9.4629    22.7884     9.4286    288.082    9.45630  288.92922     99.707 -9.990e-29
   40.56888  -73.40796      2.090      2.074     9.4631    29.5557 -9.990e-29     0.6192 1.0975e+01  1022.7982     9.4628    22.7885     9.4284    288.076    9.45629  288.92905     99.705 -9.990e-29
   40.56888  -73.40796      2.090      2.074     9.4630    29.5557 -9.990e-29     0.6192 9.2967e+00  1022.7981     9.4628    22.7885     9.4283    288.072    9.45630  288.92929     99.703 -9.990e-29
   40.56888  -73.40796      2.100      2.084     9.4634    29.5555 -9.990e-29     0.6192 9.0643e+00  1022.7978     9.4632    22.7884     9.4289    288.094    9.45635  288.93107     99.710 -9.990e-29
   40.56888  -73.40796      2.100      2.084     9.4635    29.5554 -9.990e-29     0.6192 9.2446e+00  1022.7978     9.4633    22.7883     9.4296    288.114    9.45631  288.92949     99.718 -9.990e-29
   40.56888  -73.40796      2.111      2.095     9.4636    29.5554 -9.990e-29     0.6192 9.3887e+00  1022.7979     9.4633    22.7883     9.4295    288.110    9.45631  288.92939     99.717 -9.990e-29
   40.56888  -73.40796      2.111      2.095     9.4635    29.5554 -9.990e-29     0.6192 9.4152e+00  1022.7979     9.4633    22.7882     9.4235    287.926    9.45632  288.92988     99.653 -9.990e-29
   40.56888  -73.40796      2.120      2.104     9.4635    29.5554 -9.990e-29     0.6192 1.0215e+01  1022.7979     9.4633    22.7882     9.4234    287.924    9.45627  288.92843     99.652 -9.990e-29
   40.56888  -73.40796      2.119      2.103     9.4636    29.5554 -9.990e-29     0.6192 1.1497e+01  1022.7978     9.4633    22.7882     9.4286    288.083    9.45630  288.92937     99.707 -9.990e-29
