CalculateIndicators/WaterTemperature/Data/CTD_NYOS/20240710_C19.cnv
* Sea-Bird SBE 9 Data File:
* FileName = C:\Seabird 9 CTD\Data\2024\202407_offshore\20240710_C19.hex
* Software Version Seasave V 7.23.2
* Temperature SN = 4590
* Conductivity SN = 3228
* Number of Bytes Per Scan = 44
* Number of Voltage Words = 5
* Number of Scans Averaged by the Deck Unit = 1
* NMEA Latitude = 40 39.98 N
* NMEA Longitude = 072 58.85 W
* NMEA UTC (Time) = Jul 10 2024  08:37:53
* NMEA baud rate = 4800
** Ship: seawolf
** Station: 9.1
** Operator: TDK
# nquan = 18
# nvalues = 8257                        
# units = specified
# name 0 = latitude: Latitude [deg]
# name 1 = longitude: Longitude [deg]
# name 2 = prDM: Pressure, Digiquartz [db]
# name 3 = depSM: Depth [salt water, m]
# name 4 = t090C: Temperature [ITS-90, deg C]
# name 5 = sal00: Salinity, Practical [PSU]
# name 6 = ph: pH
# name 7 = flECO-AFL: Fluorescence, WET Labs ECO-AFL/FL [mg/m^3]
# name 8 = cpar: CPAR/Corrected Irradiance [%]
# name 9 = density00: Density [density, kg/m^3]
# name 10 = potemp090C: Potential Temperature [ITS-90, deg C]
# name 11 = sigma-é00: Density [sigma-theta, kg/m^3]
# name 12 = sbeox0Mg/L: Oxygen, SBE 43 [mg/l]
# name 13 = sbox0Mm/Kg: Oxygen, SBE 43 [umol/kg]
# name 14 = oxsolMg/L: Oxygen Saturation, Garcia & Gordon [mg/l]
# name 15 = oxsolMm/Kg: Oxygen Saturation, Garcia & Gordon [umol/kg]
# name 16 = sbeox0PS: Oxygen, SBE 43 [% saturation]
# name 17 = flag:  0.000e+00
# span 0 =   40.66632,   40.66694       
# span 1 =  -72.98084,  -72.98024       
# span 2 =      1.478,     12.368       
# span 3 =      1.466,     12.272       
# span 4 =    14.9252,    21.1782       
# span 5 =    29.6108,    30.3788       
# span 6 =      7.939,      8.085       
# span 7 =     1.0893,     2.3115       
# span 8 = 1.6880e-11, 3.8924e+01       
# span 9 =  1020.5657,  1022.4546       
# span 10 =    14.9234,    21.1778      
# span 11 =    20.5567,    22.3997      
# span 12 =     6.9994,     8.9163      
# span 13 =    213.947,    273.018      
# span 14 =    7.45533,    8.38553      
# span 15 =  228.27207,  256.31769      
# span 16 =     83.477,    119.261      
# span 17 = 0.0000e+00, 0.0000e+00      
# interval = seconds: 0.0416667
# start_time = Jul 10 2024 08:37:54 [System UTC, first data scan.]
# bad_flag = -9.990e-29
*END*
[from data line 6111]
   40.66680  -72.98042      1.710      1.697    21.1005    29.9886      8.004     1.1430 1.6880e-11  1020.6646    21.1002    20.6573     8.1859    250.636    7.46556  228.58079    109.649 0.0000e+00
   40.66680  -72.98042      1.689      1.676    21.1014    29.9883      8.004     1.1430 1.6880e-11  1020.6640    21.1010    20.6568     8.1860    250.640    7.46557  228.58064    109.650 0.0000e+00
   40.66680  -72.98042      1.680      1.667    21.1022    29.9881      8.004     1.1430 1.6880e-11  1020.6636    21.1019    20.6563     8.1816    250.505    7.46554  228.57946    109.592 0.0000e+00
   40.66680  -72.98042      1.669      1.656    21.1030    29.9879      8.004     1.1430 1.6880e-11  1020.6631    21.1026    20.6560     8.1852    250.613    7.46535  228.57380    109.642 0.0000e+00
   40.66680  -72.98042      1.660      1.648    21.1036    29.9879      8.004     1.1430 1.6880e-11  1020.6629    21.1033    20.6558     8.1850    250.607    7.46509  228.56554    109.643 -9.990e-29
   40.66680  -72.98042      1.659      1.646    21.1044    29.9878      8.004     1.1430 1.6880e-11  1020.6627    21.1041    20.6557     8.1848    250.601    7.46487  228.55903    109.644 -9.990e-29
   40.66680  -72.98042      1.638      1.626    21.1049    29.9877      8.004     1.1430 1.6880e-11  1020.6629    21.1046    20.6555     8.1848    250.601    7.46479  228.55699    109.645 -9.990e-29
   40.66680  -72.98042      1.659      1.646    21.1059    29.9877      8.004     1.1430 1.6880e-11  1020.6623    21.1056    20.6551     8.1848    250.602    7.46477  228.55685    109.645 -9.990e-29
   40.66680  -72.98042      1.649      1.637    21.1061    29.9872      8.009     1.1430 1.6880e-11  1020.6619    21.1058    20.6546     8.1849    250.606    7.46480  228.55831    109.646 -9.990e-29
   40.66680  -72.98042      1.659      1.646    21.1065    29.9867      8.009     1.1430 1.6880e-11  1020.6613    21.1062    20.6542     8.1847    250.602    7.46495  228.56328    109.642 -9.990e-29
   40.66680  -72.98042      1.659      1.646    21.1068    29.9862      8.004     1.1430 1.6880e-11  1020.6609    21.1065    20.6537     8.1849    250.608    7.46512  228.56887    109.642 -9.990e-29
   40.66680  -72.98042      1.680      1.667    21.1068    29.9858      8.009     1.1430 1.6880e-11  1020.6606    21.1065    20.6533     8.1853    250.618    7.46538  228.57678    109.643 -9.990e-29
   40.66680  -72.98042      1.669      1.656    21.1072    29.9850      8.004     1.1430 1.6880e-11  1020.6604    21.1069    20.6527     8.1856    250.629    7.46565  228.58494    109.644 -9.990e-29
   40.66680  -72.98042      1.680      1.667    21.1070    29.9833      8.009     1.1295 1.6880e-11  1020.6593    21.1067    20.6515     8.1815    250.502    7.46586  228.59095    109.585 -9.990e-29
   40.66680  -72.98042      1.691      1.678    21.1067    29.9808      8.009     1.1430 1.6880e-11  1020.6566    21.1064    20.6498     8.1857    250.632    7.46602  228.59521    109.640 -9.990e-29
   40.66680  -72.98042      1.710      1.697    21.1052    29.9805      8.004     1.1430 1.6880e-11  1020.6552    21.1049    20.6489     8.1859    250.635    7.46607  228.59655    109.641 -9.990e-29
   40.66680  -72.98042      1.720      1.706    21.1030    29.9805      8.004     1.1430 1.6880e-11  1020.6567    21.1026    20.6495     8.1860    250.638    7.46613  228.59802    109.641 -9.990e-29
   40.66680  -72.98042      1.731      1.717    21.1011    29.9805      8.004     1.1430 1.6880e-11  1020.6588    21.1008    20.6507     8.1860    250.639    7.46610  228.59720    109.642 -9.990e-29
   40.66680  -72.98042      1.761      1.747    21.1000    29.9810      8.004     1.1430 5.1968e-02  1020.6593    21.0996    20.6516     8.1861    250.641    7.46612  228.59746    109.643 -9.990e-29
   40.66680  -72.98042      1.780      1.766    21.0984    29.9812      8.009     1.1430 1.1400e-01  1020.6598    21.0981    20.6521     8.1818    250.509    7.46616  228.59859    109.585 -9.990e-29
   40.66680  -72.98042      1.791      1.777    21.0971    29.9814      8.009     1.1430 1.2247e-01  1020.6602    21.0967    20.6526     8.1859    250.636    7.46620  228.59967    109.639 -9.990e-29
   40.66680  -72.98042      1.821      1.807    21.0959    29.9821      8.009     1.1430 4.0002e-01  1020.6612    21.0956    20.6535     8.1816    250.503    7.46619  228.59948    109.581 -9.990e-29
   40.66680  -72.98042      1.851      1.837    21.0948    29.9834      8.004     1.1430 8.3221e-01  1020.6625    21.0944    20.6548     8.1857    250.629    7.46618  228.59940    109.637 -9.990e-29
   40.66680  -72.98042      1.862      1.848    21.0938    29.9854      8.004     1.1430 9.5403e-01  1020.6643    21.0935    20.6565     8.1901    250.766    7.46619  228.59971    109.696 -9.990e-29
   40.66680  -72.98042      1.902      1.888    21.0933    29.9874      8.009     1.1430 1.2254e+00  1020.6672    21.0929    20.6581     8.1861    250.641    7.46610  228.59677    109.643 -9.990e-29
   40.66680  -72.98042      1.912      1.897    21.0935    29.9874      8.009     1.1430 1.8028e+00  1020.6677    21.0932    20.6587     8.1816    250.503    7.46595  228.59204    109.585 -9.990e-29
   40.66680  -72.98042      1.942      1.927    21.0942    29.9874      8.009     1.1430 1.9969e+00  1020.6669    21.0938    20.6582     8.1855    250.625    7.46582  228.58840    109.640 -9.990e-29
   40.66680  -72.98042      1.963      1.948    21.0948    29.9870      8.004     1.1430 2.4860e+00  1020.6655    21.0944    20.6575     8.1860    250.638    7.46579  228.58751    109.647 -9.990e-29
   40.66682  -72.98040      1.983      1.968    21.0951    29.9866      8.009     1.1430 4.2268e+00  1020.6659    21.0947    20.6572     8.1817    250.507    7.46580  228.58816    109.589 -9.990e-29
   40.66682  -72.98040      1.993      1.978    21.0950    29.9860      8.004     1.1430 5.0019e+00  1020.6659    21.0946    20.6567     8.1858    250.633    7.46580  228.58781    109.644 -9.990e-29
   40.66682  -72.98040      2.024      2.009    21.0954    29.9860      8.009     1.1430 5.3148e+00  1020.6639    21.0950    20.6560     8.1815    250.500    7.46576  228.58637    109.587 -9.990e-29
   40.66682  -72.98040      2.044      2.028    21.0952    29.9860      8.004     1.1430 7.1722e+00  1020.6643    21.0948    20.6563     8.1811    250.489    7.46563  228.58249    109.584 -9.990e-29
   40.66682  -72.98040      2.053      2.037    21.0946    29.9872      8.009     1.1430 8.1642e+00  1020.6670    21.0942    20.6576     8.1808    250.479    7.46555  228.58001    109.581 -9.990e-29
   40.66682  -72.98040      2.074      2.058    21.0956    29.9888      8.009     1.1564 8.2994e+00  1020.6681    21.0952    20.6586     8.1805    250.469    7.46544  228.57664    109.578 -9.990e-29
   40.66682  -72.98040      2.095      2.078    21.0971    29.9888      8.009     1.1564 9.3011e+00  1020.6680    21.0967    20.6587     8.1802    250.461    7.46535  228.57414    109.575 -9.990e-29
   40.66682  -72.98040      2.104      2.088    21.0984    29.9888      8.009     1.1564 9.9512e+00  1020.6673    21.0980    20.6581     8.1800    250.454    7.46531  228.57311    109.573 -9.990e-29
   40.66682  -72.98040      2.134      2.118    21.0996    29.9879      8.009     1.1564 1.0015e+01  1020.6664    21.0992    20.6570     8.1754    250.313    7.46529  228.57240    109.512 -9.990e-29
   40.66682  -72.98040      2.136      2.119    21.1004    29.9861      8.009     1.1564 9.7302e+00  1020.6655    21.1000    20.6554     8.1793    250.434    7.46530  228.57253    109.564 -9.990e-29
   40.66682  -72.98040      2.165      2.148    21.1010    29.9830      8.009     1.1564 9.5750e+00  1020.6620    21.1006    20.6530     8.1791    250.429    7.46526  228.57152    109.562 -9.990e-29
   40.66682  -72.98040      2.176      2.159    21.1003    29.9830      8.009     1.1564 9.5750e+00  1020.6588    21.0999    20.6514     8.1790    250.425    7.46523  228.57065    109.561 -9.990e-29
   40.66682  -72.98040      2.185      2.168    21.0980    29.9830      8.004     1.1564 9.8876e+00  1020.6606    21.0976    20.6529     8.1785    250.411    7.46524  228.57109    109.555 -9.990e-29
   40.66682  -72.98040      2.206      2.189    21.0961    29.9867      8.009     1.1564 1.0209e+01  1020.6673    21.0957    20.6567     8.1737    250.262    7.46523  228.57078    109.490 -9.990e-29
   40.66682  -72.98040      2.215      2.198    21.0967    29.9909      8.009     1.1564 1.0242e+01  1020.6706    21.0963    20.6598     8.1777    250.384    7.46526  228.57164    109.543 -9.990e-29
   40.66682  -72.98040      2.226      2.209    21.0982    29.9909      8.009     1.1564 1.0406e+01  1020.6714    21.0978    20.6608     8.1776    250.383    7.46528  228.57230    109.542 -9.990e-29
   40.66682  -72.98040      2.236      2.219    21.0999    29.9909      8.009     1.1564 1.0540e+01  1020.6707    21.0995    20.6596     8.1776    250.382    7.46529  228.57236    109.542 -9.990e-29
   40.66682  -72.98040      2.246      2.228    21.1019    29.9882      8.009     1.1564 1.0573e+01  1020.6662    21.1015    20.6567     8.1776    250.381    7.46528  228.57214    109.542 -9.990e-29
   40.66682  -72.98040      2.246      2.228    21.1028    29.9854      8.009     1.1564 1.0607e+01  1020.6622    21.1024    20.6540     8.1816    250.504    7.46529  228.57241    109.595 -9.990e-29
   40.66682  -72.98040      2.276      2.258    21.1022    29.9854      8.009     1.1564 1.0641e+01  1020.6621    21.1018    20.6534     8.1775    250.380    7.46529  228.57235    109.541 -9.990e-29
   40.66682  -72.98040      2.246      2.228    21.1007    29.9854      8.009     1.1564 1.0641e+01  1020.6644    21.1002    20.6547     8.1820    250.515    7.46532  228.57327    109.600 -9.990e-29
   40.66682  -72.98040      2.298      2.280    21.0997    29.9872      8.009     1.1564 1.0709e+01  1020.6668    21.0993    20.6563     8.1823    250.525    7.46531  228.57313    109.604 -9.990e-29
   40.66682  -72.98040      2.287      2.269    21.0998    29.9884      8.009     1.1564 1.0949e+01  1020.6673    21.0994    20.6572     8.1782    250.402    7.46530  228.57285    109.550 -9.990e-29
   40.66682  -72.98040      2.266      2.249    21.1009    29.9893      8.009     1.1564 1.1019e+01  1020.6675    21.1004    20.6576     8.1823    250.525    7.46532  228.57319    109.604 -9.990e-29
   40.66682  -72.98040      2.297      2.279    21.1026    29.9893      8.009     1.1564 1.0949e+01  1020.6678    21.1021    20.6576     8.1826    250.534    7.46528  228.57200    109.608 -9.990e-29
   40.66682  -72.98040      2.276      2.258    21.1042    29.9893      8.009     1.1564 1.0709e+01  1020.6672    21.1038    20.6570     8.1830    250.547    7.46530  228.57277    109.614 -9.990e-29
   40.66682  -72.98040      2.287      2.269    21.1052    29.9880      8.009     1.1564 1.0607e+01  1020.6659    21.1048    20.6555     8.1833    250.558    7.46532  228.57337    109.618 -9.990e-29
   40.66682  -72.98040      2.276      2.258    21.1063    29.9855      8.009     1.1564 1.0573e+01  1020.6634    21.1059    20.6534     8.1837    250.570    7.46536  228.57457    109.623 -9.990e-29
   40.66682  -72.98040      2.287      2.269    21.1072    29.9827      8.009     1.1564 1.0275e+01  1020.6607    21.1067    20.6511     8.1842    250.583    7.46541  228.57602    109.628 -9.990e-29
   40.66682  -72.98040      2.287      2.269    21.1070    29.9803      8.009     1.1698 1.0112e+01  1020.6587    21.1065    20.6493     8.1845    250.593    7.46540  228.57583    109.632 -9.990e-29
   40.66682  -72.98040      2.266      2.249    21.1061    29.9788      8.009     1.1698 1.0079e+01  1020.6577    21.1057    20.6484     8.1849    250.604    7.46540  228.57579    109.637 -9.990e-29
   40.66682  -72.98040      2.266      2.249    21.1044    29.9788      8.009     1.1698 9.9194e+00  1020.6578    21.1040    20.6484     8.1853    250.616    7.46543  228.57665    109.642 -9.990e-29
   40.66682  -72.98040      2.268      2.250    21.1024    29.9788      8.009     1.1698 9.8560e+00  1020.6584    21.1019    20.6491     8.1812    250.494    7.46545  228.57742    109.588 -9.990e-29
   40.66682  -72.98040      2.266      2.249    21.1003    29.9799      8.009     1.1698 9.8244e+00  1020.6602    21.0999    20.6506     8.1857    250.629    7.46545  228.57750    109.647 -9.990e-29
   40.66682  -72.98040      2.257      2.239    21.0983    29.9817      8.009     1.1698 9.0048e+00  1020.6627    21.0979    20.6525     8.1857    250.630    7.46549  228.57852    109.647 -9.990e-29
   40.66682  -72.98040      2.246      2.228    21.0975    29.9832      8.009     1.1698 8.3540e+00  1020.6638    21.0971    20.6539     8.1861    250.643    7.46556  228.58082    109.652 -9.990e-29
   40.66682  -72.98040      2.246      2.228    21.0968    29.9842      8.009     1.1698 8.2451e+00  1020.6647    21.0964    20.6548     8.1867    250.661    7.46574  228.58651    109.657 -9.990e-29
   40.66682  -72.98040      2.236      2.219    21.0967    29.9850      8.009     1.1698 7.7184e+00  1020.6653    21.0963    20.6555     8.1829    250.543    7.46591  228.59178    109.603 -9.990e-29
   40.66682  -72.98040      2.226      2.209    21.0964    29.9856      8.009     1.1698 7.1481e+00  1020.6657    21.0960    20.6560     8.1829    250.546    7.46600  228.59407    109.603 -9.990e-29
   40.66682  -72.98040      2.215      2.198    21.0960    29.9861      8.009     1.1698 7.0053e+00  1020.6661    21.0956    20.6565     8.1830    250.547    7.46600  228.59383    109.603 -9.990e-29
   40.66682  -72.98040      2.206      2.189    21.0956    29.9863      8.009     1.1698 6.6814e+00  1020.6666    21.0951    20.6568     8.1826    250.533    7.46590  228.59043    109.599 -9.990e-29
   40.66682  -72.98040      2.196      2.179    21.0957    29.9864      8.009     1.1698 6.1549e+00  1020.6664    21.0953    20.6568     8.1824    250.529    7.46574  228.58570    109.600 -9.990e-29
   40.66682  -72.98040      2.185      2.168    21.0958    29.9864      8.009     1.1698 6.0287e+00  1020.6662    21.0953    20.6568     8.1821    250.519    7.46571  228.58455    109.596 -9.990e-29
   40.66682  -72.98040      2.165      2.148    21.0958    29.9865      8.009     1.1698 5.6429e+00  1020.6660    21.0953    20.6569     8.1821    250.518    7.46564  228.58275    109.596 -9.990e-29
   40.66682  -72.98040      2.156      2.140    21.0960    29.9867      8.009     1.1698 4.8951e+00  1020.6668    21.0956    20.6571     8.1781    250.397    7.46559  228.58118    109.544 -9.990e-29
   40.66682  -72.98040      2.155      2.138    21.0970    29.9867      8.009     1.1698 4.6526e+00  1020.6669    21.0966    20.6571     8.1778    250.387    7.46550  228.57860    109.541 -9.990e-29
   40.66682  -72.98040      2.125      2.108    21.0982    29.9867      8.009     1.1698 4.4851e+00  1020.6659    21.0978    20.6565     8.1816    250.503    7.46548  228.57798    109.592 -9.990e-29
   40.66682  -72.98040      2.134      2.118    21.0989    29.9858      8.009     1.1698 3.9347e+00  1020.6646    21.0985    20.6556     8.1817    250.508    7.46549  228.57819    109.594 -9.990e-29
   40.66682  -72.98040      2.104      2.088    21.0991    29.9858      8.009     1.1698 3.7293e+00  1020.6637    21.0987    20.6552     8.1819    250.512    7.46545  228.57696    109.596 -9.990e-29
   40.66682  -72.98040      2.085      2.069    21.0988    29.9858      8.009     1.1698 3.6863e+00  1020.6644    21.0985    20.6555     8.1817    250.508    7.46548  228.57832    109.594 -9.990e-29
   40.66682  -72.98040      2.075      2.059    21.0987    29.9867      8.009     1.1698 3.4088e+00  1020.6653    21.0983    20.6561     8.1819    250.515    7.46552  228.57958    109.596 -9.990e-29
