CalculateIndicators/WaterTemperature/Data/CTD_NYOS/20240914_C25.cnv
* Sea-Bird SBE 9 Data File:
* FileName = C:\Seabird 9 CTD\Data\2024\202409_offshore\20240914_C25.hex
* Software Version Seasave V 7.23.2
* Temperature SN = 4590
* Conductivity SN = 3228
* Number of Bytes Per Scan = 44
* Number of Voltage Words = 5
* Number of Scans Averaged by the Deck Unit = 1
* NMEA Latitude = 39 56.45 N
* NMEA Longitude = 072 02.07 W
* NMEA UTC (Time) = Sep 14 2024  10:34:52
* NMEA baud rate = 4800
** Ship: Seawolf
** Station: 10.5
** Operator: TDK
# nquan = 18
# nvalues = 20276                       
# units = specified
# name 0 = latitude: Latitude [deg]
# name 1 = longitude: Longitude [deg]
# name 2 = prDM: Pressure, Digiquartz [db]
# name 3 = depSM: Depth [salt water, m]
# name 4 = t090C: Temperature [ITS-90, deg C]
# name 5 = sal00: Salinity, Practical [PSU]
# name 6 = ph: pH
# name 7 = flECO-AFL: Fluorescence, WET Labs ECO-AFL/FL [mg/m^3]
# name 8 = cpar: CPAR/Corrected Irradiance [%]
# name 9 = density00: Density [density, kg/m^3]
# name 10 = potemp090C: Potential Temperature [ITS-90, deg C]
# name 11 = sigma-é00: Density [sigma-theta, kg/m^3]
# name 12 = sbeox0Mg/L: Oxygen, SBE 43 [mg/l]
# name 13 = sbox0Mm/Kg: Oxygen, SBE 43 [umol/kg]
# name 14 = oxsolMg/L: Oxygen Saturation, Garcia & Gordon [mg/l]
# name 15 = oxsolMm/Kg: Oxygen Saturation, Garcia & Gordon [umol/kg]
# name 16 = sbeox0PS: Oxygen, SBE 43 [% saturation]
# name 17 = flag:  0.000e+00
# span 0 =   39.93896,   39.94086       
# span 1 =  -72.03808,  -72.03462       
# span 2 =      1.444,     85.370       
# span 3 =      1.433,     84.699       
# span 4 =    11.6253,    21.8264       
# span 5 =    32.9418,    34.1995       
# span 6 =      7.957,      8.220       
# span 7 =    -0.0524,     0.9684       
# span 8 = 1.0128e-12, 3.8621e+01       
# span 9 =  1022.8939,  1026.4192       
# span 10 =    11.6146,    21.8221      
# span 11 =    22.8934,    26.0383      
# span 12 =     5.9679,     8.5268      
# span 13 =    181.767,    260.143      
# span 14 =    7.21361,    8.77162      
# span 15 =  220.31402,  267.26606      
# span 16 =     68.121,    106.656      
# span 17 = 0.0000e+00, 0.0000e+00      
# interval = seconds: 0.0416667
# start_time = Sep 14 2024 10:34:53 [System UTC, first data scan.]
# bad_flag = -9.990e-29
*END*
[from data line 12543]
   39.93972  -72.03678     46.726     46.363    13.8579    33.7833      8.085     0.8206 1.4113e-01  1025.4848    13.8513    25.2777     7.7225    235.381    8.38710  255.63838     92.076 -9.990e-29
   39.93972  -72.03678     46.727     46.364    13.8579    33.7847      8.090     0.8072 1.3645e-01  1025.4862    13.8513    25.2788     7.7225    235.381    8.38708  255.63765     92.076 -9.990e-29
   39.93972  -72.03678     46.707     46.344    13.8586    33.7857      8.085     0.8206 1.3522e-01  1025.4868    13.8520    25.2795     7.7275    235.533    8.38707  255.63719     92.136 0.0000e+00
   39.93972  -72.03678     46.696     46.333    13.8589    33.7861      8.090     0.8206 1.3522e-01  1025.4870    13.8523    25.2796     7.7277    235.541    8.38705  255.63678     92.139 -9.990e-29
   39.93972  -72.03680     46.697     46.334    13.8593    33.7859      8.090     0.8206 1.3707e-01  1025.4865    13.8527    25.2794     7.7284    235.562    8.38704  255.63655     92.147 -9.990e-29
   39.93972  -72.03680     46.675     46.312    13.8598    33.7855      8.090     0.8206 1.3956e-01  1025.4859    13.8532    25.2790     7.7290    235.579    8.38704  255.63632     92.154 -9.990e-29
   39.93972  -72.03680     46.676     46.314    13.8597    33.7850      8.090     0.8072 1.4019e-01  1025.4854    13.8531    25.2787     7.7294    235.591    8.38704  255.63630     92.159 -9.990e-29
   39.93972  -72.03680     46.656     46.293    13.8591    33.7846      8.090     0.8206 1.4019e-01  1025.4855    13.8525    25.2785     7.7291    235.581    8.38704  255.63629     92.155 -9.990e-29
   39.93972  -72.03680     46.656     46.293    13.8590    33.7840      8.090     0.8206 1.4082e-01  1025.4850    13.8524    25.2781     7.7337    235.722    8.38701  255.63566     92.210 -9.990e-29
   39.93972  -72.03680     46.646     46.284    13.8586    33.7832      8.090     0.8206 1.4082e-01  1025.4843    13.8520    25.2776     7.7336    235.720    8.38705  255.63682     92.209 0.0000e+00
   39.93972  -72.03680     46.625     46.263    13.8581    33.7826      8.090     0.8206 1.4145e-01  1025.4835    13.8515    25.2772     7.7333    235.711    8.38706  255.63709     92.205 -9.990e-29
   39.93972  -72.03680     46.624     46.262    13.8574    33.7825      8.090     0.8206 1.4145e-01  1025.4838    13.8508    25.2773     7.7328    235.697    8.38708  255.63785     92.199 -9.990e-29
   39.93972  -72.03680     46.616     46.254    13.8572    33.7828      8.090     0.8206 1.4145e-01  1025.4841    13.8506    25.2775     7.7328    235.695    8.38711  255.63867     92.198 0.0000e+00
   39.93972  -72.03680     46.605     46.243    13.8569    33.7831      8.090     0.8206 1.3805e-01  1025.4844    13.8503    25.2778     7.7377    235.846    8.38717  255.64034     92.257 0.0000e+00
   39.93972  -72.03680     46.595     46.233    13.8567    33.7835      8.090     0.8206 1.3867e-01  1025.4847    13.8502    25.2781     7.7379    235.850    8.38720  255.64133     92.258 0.0000e+00
   39.93972  -72.03680     46.584     46.222    13.8567    33.7839      8.090     0.8206 1.3805e-01  1025.4849    13.8502    25.2784     7.7379    235.851    8.38728  255.64382     92.258 0.0000e+00
   39.93972  -72.03680     46.574     46.212    13.8566    33.7841      8.090     0.8206 1.3929e-01  1025.4853    13.8500    25.2787     7.7377    235.843    8.38729  255.64403     92.255 0.0000e+00
   39.93972  -72.03680     46.565     46.203    13.8567    33.7843      8.090     0.8072 1.4179e-01  1025.4852    13.8502    25.2788     7.7372    235.830    8.38733  255.64536     92.249 0.0000e+00
   39.93972  -72.03680     46.554     46.192    13.8566    33.7843      8.090     0.8206 1.4305e-01  1025.4852    13.8500    25.2788     7.7372    235.829    8.38732  255.64522     92.249 0.0000e+00
   39.93972  -72.03680     46.543     46.181    13.8567    33.7842      8.090     0.8206 1.4242e-01  1025.4850    13.8502    25.2787     7.7370    235.823    8.38734  255.64584     92.246 0.0000e+00
   39.93972  -72.03680     46.533     46.171    13.8569    33.7841      8.090     0.8206 1.3929e-01  1025.4848    13.8503    25.2786     7.7366    235.812    8.38735  255.64606     92.242 0.0000e+00
   39.93972  -72.03680     46.512     46.151    13.8572    33.7840      8.090     0.8206 1.3744e-01  1025.4845    13.8506    25.2785     7.7361    235.796    8.38735  255.64614     92.235 -9.990e-29
   39.93972  -72.03680     46.514     46.152    13.8569    33.7841      8.090     0.8206 1.3744e-01  1025.4848    13.8503    25.2786     7.7411    235.949    8.38735  255.64607     92.295 -9.990e-29
   39.93972  -72.03680     46.493     46.132    13.8569    33.7841      8.090     0.8206 1.3722e-01  1025.4847    13.8503    25.2786     7.7414    235.957    8.38730  255.64456     92.299 -9.990e-29
   39.93972  -72.03680     46.491     46.130    13.8567    33.7840      8.090     0.8341 1.3845e-01  1025.4846    13.8502    25.2786     7.7466    236.117    8.38729  255.64410     92.362 -9.990e-29
   39.93972  -72.03680     46.472     46.111    13.8567    33.7839      8.090     0.8475 1.3845e-01  1025.4845    13.8502    25.2785     7.7420    235.976    8.38729  255.64415     92.306 0.0000e+00
   39.93972  -72.03680     46.451     46.091    13.8567    33.7838      8.090     0.8475 1.3661e-01  1025.4842    13.8502    25.2784     7.7418    235.969    8.38730  255.64435     92.304 -9.990e-29
   39.93972  -72.03680     46.451     46.091    13.8564    33.7837      8.090     0.8475 1.3479e-01  1025.4843    13.8498    25.2784     7.7413    235.956    8.38726  255.64324     92.299 -9.990e-29
   39.93972  -72.03680     46.442     46.081    13.8562    33.7836      8.090     0.8475 1.3479e-01  1025.4843    13.8497    25.2783     7.7459    236.096    8.38728  255.64388     92.353 0.0000e+00
   39.93972  -72.03680     46.411     46.051    13.8566    33.7834      8.090     0.8341 1.3845e-01  1025.4837    13.8500    25.2781     7.7407    235.935    8.38732  255.64495     92.290 -9.990e-29
   39.93972  -72.03680     46.421     46.060    13.8562    33.7832      8.090     0.8475 1.4154e-01  1025.4836    13.8497    25.2780     7.7449    236.063    8.38730  255.64449     92.340 -9.990e-29
   39.93972  -72.03680     46.400     46.040    13.8559    33.7832      8.090     0.8475 1.4217e-01  1025.4839    13.8493    25.2780     7.7449    236.065    8.38731  255.64470     92.341 0.0000e+00
   39.93972  -72.03680     46.380     46.019    13.8561    33.7831      8.090     0.8475 1.4092e-01  1025.4835    13.8495    25.2780     7.7500    236.218    8.38731  255.64489     92.401 0.0000e+00
   39.93972  -72.03680     46.360     46.000    13.8556    33.7831      8.090     0.8475 1.3906e-01  1025.4836    13.8490    25.2780     7.7451    236.071    8.38733  255.64530     92.343 0.0000e+00
   39.93972  -72.03680     46.349     45.989    13.8559    33.7831      8.090     0.8475 1.3584e-01  1025.4832    13.8493    25.2780     7.7492    236.195    8.38735  255.64600     92.392 0.0000e+00
   39.93972  -72.03680     46.340     45.980    13.8552    33.7831      8.090     0.8475 1.3644e-01  1025.4837    13.8487    25.2781     7.7497    236.210    8.38735  255.64610     92.397 0.0000e+00
   39.93972  -72.03680     46.319     45.959    13.8555    33.7832      8.090     0.8475 1.3887e-01  1025.4832    13.8490    25.2782     7.7449    236.063    8.38735  255.64596     92.340 0.0000e+00
   39.93972  -72.03680     46.309     45.950    13.8552    33.7835      8.090     0.8475 1.3948e-01  1025.4838    13.8487    25.2785     7.7497    236.210    8.38739  255.64754     92.397 0.0000e+00
   39.93972  -72.03680     46.289     45.929    13.8549    33.7838      8.090     0.8475 1.3948e-01  1025.4841    13.8484    25.2787     7.7497    236.210    8.38742  255.64835     92.397 0.0000e+00
   39.93972  -72.03680     46.268     45.908    13.8554    33.7839      8.090     0.8341 1.4195e-01  1025.4838    13.8488    25.2788     7.7495    236.204    8.38737  255.64682     92.395 0.0000e+00
   39.93972  -72.03680     46.258     45.899    13.8552    33.7839      8.090     0.8475 1.4319e-01  1025.4840    13.8487    25.2788     7.7544    236.353    8.38741  255.64806     92.452 0.0000e+00
   39.93972  -72.03680     46.247     45.888    13.8556    33.7839      8.090     0.8475 1.4319e-01  1025.4836    13.8491    25.2788     7.7499    236.216    8.38742  255.64838     92.399 0.0000e+00
   39.93972  -72.03680     46.217     45.858    13.8554    33.7839      8.090     0.8475 1.4257e-01  1025.4838    13.8488    25.2788     7.7492    236.197    8.38745  255.64932     92.391 -9.990e-29
   39.93972  -72.03680     46.217     45.858    13.8554    33.7838      8.090     0.8475 1.3932e-01  1025.4833    13.8489    25.2787     7.7542    236.347    8.38746  255.64953     92.450 -9.990e-29
   39.93972  -72.03680     46.186     45.828    13.8555    33.7838      8.090     0.8341 1.3932e-01  1025.4834    13.8490    25.2786     7.7492    236.196    8.38749  255.65030     92.390 0.0000e+00
   39.93972  -72.03680     46.175     45.817    13.8554    33.7838      8.090     0.8341 1.3811e-01  1025.4833    13.8488    25.2786     7.7487    236.180    8.38749  255.65035     92.384 0.0000e+00
   39.93972  -72.03680     46.156     45.798    13.8556    33.7839      8.090     0.8475 1.3750e-01  1025.4831    13.8491    25.2786     7.7532    236.316    8.38750  255.65073     92.437 0.0000e+00
   39.93972  -72.03680     46.145     45.787    13.8555    33.7840      8.090     0.8475 1.3750e-01  1025.4834    13.8490    25.2787     7.7483    236.167    8.38743  255.64827     92.379 0.0000e+00
   39.93972  -72.03680     46.115     45.756    13.8557    33.7842      8.090     0.8341 1.4116e-01  1025.4834    13.8492    25.2788     7.7524    236.293    8.38740  255.64753     92.429 0.0000e+00
   39.93972  -72.03680     46.105     45.747    13.8559    33.7843      8.090     0.8206 1.4362e-01  1025.4832    13.8494    25.2789     7.7519    236.276    8.38739  255.64730     92.423 0.0000e+00
   39.93972  -72.03680     46.084     45.726    13.8559    33.7843      8.090     0.8206 1.4362e-01  1025.4833    13.8494    25.2789     7.7511    236.254    8.38740  255.64763     92.414 0.0000e+00
   39.93972  -72.03680     46.064     45.706    13.8561    33.7843      8.090     0.8206 1.4300e-01  1025.4830    13.8495    25.2789     7.7509    236.246    8.38744  255.64868     92.410 0.0000e+00
   39.93972  -72.03680     46.054     45.696    13.8561    33.7844      8.090     0.8206 1.4177e-01  1025.4830    13.8496    25.2789     7.7504    236.233    8.38747  255.64950     92.405 0.0000e+00
   39.93972  -72.03680     46.033     45.676    13.8561    33.7845      8.090     0.8206 1.4177e-01  1025.4831    13.8496    25.2790     7.7499    236.216    8.38749  255.65027     92.398 0.0000e+00
   39.93972  -72.03680     46.013     45.655    13.8561    33.7845      8.090     0.8206 1.4177e-01  1025.4830    13.8496    25.2790     7.7491    236.192    8.38745  255.64893     92.389 0.0000e+00
   39.93972  -72.03680     46.003     45.646    13.8561    33.7844      8.090     0.8206 1.4239e-01  1025.4829    13.8496    25.2790     7.7534    236.324    8.38749  255.65030     92.440 0.0000e+00
   39.93972  -72.03680     45.972     45.615    13.8562    33.7843      8.090     0.8206 1.4239e-01  1025.4826    13.8497    25.2789     7.7530    236.310    8.38750  255.65057     92.435 0.0000e+00
   39.93972  -72.03680     45.961     45.604    13.8561    33.7843 -9.990e-29     0.8206 1.4223e-01  1025.4825    13.8496    25.2789     7.7529    236.309    8.38750  255.65067     92.434 0.0000e+00
   39.93972  -72.03680     45.941     45.584    13.8559    33.7843 -9.990e-29     0.8206 1.4657e-01  1025.4827    13.8494    25.2789     7.7528    236.304    8.38754  255.65189     92.432 0.0000e+00
   39.93972  -72.03680     45.921     45.565    13.8559    33.7842 -9.990e-29     0.8206 1.4845e-01  1025.4823    13.8494    25.2788     7.7525    236.296    8.38758  255.65311     92.428 0.0000e+00
   39.93972  -72.03680     45.901     45.544    13.8557    33.7841 -9.990e-29     0.8206 1.4719e-01  1025.4823    13.8492    25.2788     7.7520    236.281    8.38758  255.65292     92.423 0.0000e+00
   39.93972  -72.03680     45.890     45.533    13.8554    33.7841 -9.990e-29     0.8206 1.4223e-01  1025.4823    13.8489    25.2788     7.7514    236.263    8.38759  255.65320     92.415 0.0000e+00
   39.93972  -72.03680     45.859     45.503    13.8552    33.7840 -9.990e-29     0.8206 1.4101e-01  1025.4821    13.8488    25.2788     7.7564    236.415    8.38759  255.65334     92.475 0.0000e+00
   39.93972  -72.03680     45.850     45.494    13.8549    33.7838 -9.990e-29     0.8206 1.4425e-01  1025.4819    13.8484    25.2787     7.7515    236.267    8.38760  255.65372     92.417 0.0000e+00
   39.93972  -72.03680     45.839     45.483    13.8549    33.7835 -9.990e-29     0.8206 1.5249e-01  1025.4818    13.8484    25.2786     7.7563    236.412    8.38765  255.65511     92.473 0.0000e+00
   39.93972  -72.03680     45.808     45.452    13.8547    33.7833 -9.990e-29     0.8206 1.5419e-01  1025.4814    13.8483    25.2784     7.7563    236.412    8.38764  255.65487     92.473 0.0000e+00
   39.93972  -72.03680     45.788     45.432    13.8549    33.7831 -9.990e-29     0.8206 1.5419e-01  1025.4810    13.8484    25.2783     7.7511    236.252    8.38768  255.65586     92.410 0.0000e+00
   39.93972  -72.03680     45.778     45.422    13.8546    33.7832 -9.990e-29     0.8206 1.5549e-01  1025.4814    13.8481    25.2784     7.7554    236.383    8.38767  255.65551     92.462 0.0000e+00
   39.93972  -72.03680     45.768     45.413    13.8546    33.7832 -9.990e-29     0.8206 1.5614e-01  1025.4813    13.8481    25.2784     7.7550    236.370    8.38765  255.65511     92.457 0.0000e+00
   39.93972  -72.03680     45.748     45.392    13.8547    33.7833 -9.990e-29     0.8206 1.5679e-01  1025.4809    13.8482    25.2784     7.7544    236.354    8.38766  255.65549     92.450 0.0000e+00
   39.93972  -72.03680     45.706     45.351    13.8544    33.7836 -9.990e-29     0.8206 1.5355e-01  1025.4814    13.8479    25.2786     7.7538    236.334    8.38768  255.65615     92.442 -9.990e-29
   39.93972  -72.03680     45.727     45.372    13.8547    33.7838 -9.990e-29     0.8206 1.5098e-01  1025.4815    13.8482    25.2788     7.7535    236.326    8.38766  255.65541     92.439 -9.990e-29
   39.93972  -72.03680     45.696     45.342    13.8547    33.7839 -9.990e-29     0.8206 1.5098e-01  1025.4815    13.8482    25.2789     7.7531    236.315    8.38765  255.65528     92.435 0.0000e+00
   39.93972  -72.03680     45.676     45.321    13.8547    33.7838 -9.990e-29     0.8206 1.5290e-01  1025.4813    13.8483    25.2788     7.7533    236.322    8.38773  255.65767     92.437 0.0000e+00
   39.93972  -72.03680     45.666     45.311    13.8549    33.7836 -9.990e-29     0.8206 1.5549e-01  1025.4809    13.8484    25.2785     7.7528    236.304    8.38773  255.65776     92.430 0.0000e+00
   39.93972  -72.03680     45.645     45.291    13.8551    33.7835 -9.990e-29     0.8206 1.5549e-01  1025.4807    13.8486    25.2785     7.7521    236.284    8.38775  255.65863     92.422 0.0000e+00
   39.93972  -72.03680     45.625     45.270    13.8549    33.7837 -9.990e-29     0.8206 1.5614e-01  1025.4809    13.8484    25.2786     7.7514    236.263    8.38786  255.66202     92.412 0.0000e+00
   39.93972  -72.03680     45.615     45.261    13.8546    33.7839 -9.990e-29     0.8072 1.5679e-01  1025.4811    13.8481    25.2788     7.7511    236.255    8.38794  255.66446     92.408 0.0000e+00
   39.93972  -72.03680     45.594     45.240    13.8546    33.7840 -9.990e-29     0.8206 1.5679e-01  1025.4812    13.8481    25.2789     7.7502    236.226    8.38802  255.66697     92.396 0.0000e+00
   39.93972  -72.03680     45.585     45.231    13.8546    33.7839 -9.990e-29     0.8206 1.5614e-01  1025.4811    13.8481    25.2788     7.7497    236.212    8.38811  255.66940     92.390 0.0000e+00
