CalculateIndicators/WaterTemperature/Data/CTD_NYOS/20240912_C05.cnv
* Sea-Bird SBE 9 Data File:
* FileName = C:\Seabird 9 CTD\Data\2024\202409_offshore\20240912_C05.hex
* Software Version Seasave V 7.23.2
* Temperature SN = 4590
* Conductivity SN = 3228
* Number of Bytes Per Scan = 44
* Number of Voltage Words = 5
* Number of Scans Averaged by the Deck Unit = 1
* NMEA Latitude = 40 18.13 N
* NMEA Longitude = 073 13.61 W
* NMEA UTC (Time) = Sep 12 2024  05:53:24
* NMEA baud rate = 4800
** Ship: Seawolf
** Station: 8.2
** Operator: TCM
# nquan = 18
# nvalues = 10998                       
# units = specified
# name 0 = latitude: Latitude [deg]
# name 1 = longitude: Longitude [deg]
# name 2 = prDM: Pressure, Digiquartz [db]
# name 3 = depSM: Depth [salt water, m]
# name 4 = t090C: Temperature [ITS-90, deg C]
# name 5 = sal00: Salinity, Practical [PSU]
# name 6 = ph: pH
# name 7 = flECO-AFL: Fluorescence, WET Labs ECO-AFL/FL [mg/m^3]
# name 8 = cpar: CPAR/Corrected Irradiance [%]
# name 9 = density00: Density [density, kg/m^3]
# name 10 = potemp090C: Potential Temperature [ITS-90, deg C]
# name 11 = sigma-é00: Density [sigma-theta, kg/m^3]
# name 12 = sbeox0Mg/L: Oxygen, SBE 43 [mg/l]
# name 13 = sbox0Mm/Kg: Oxygen, SBE 43 [umol/kg]
# name 14 = oxsolMg/L: Oxygen Saturation, Garcia & Gordon [mg/l]
# name 15 = oxsolMm/Kg: Oxygen Saturation, Garcia & Gordon [umol/kg]
# name 16 = sbeox0PS: Oxygen, SBE 43 [% saturation]
# name 17 = flag:  0.000e+00
# span 0 =   40.30226,   40.30246       
# span 1 =  -73.22782,  -73.22682       
# span 2 =      1.877,     33.966       
# span 3 =      1.862,     33.702       
# span 4 =     9.7799,    20.9011       
# span 5 =    29.9969,    33.0423       
# span 6 =      7.882,      8.193       
# span 7 =     0.0819,     3.6411       
# span 8 = 1.6880e-11, 9.9999e+04       
# span 9 =  1021.7534,  1024.7185       
# span 10 =     9.7762,    20.9005      
# span 11 =    21.7485,    24.5365      
# span 12 =     7.0892,     9.6209      
# span 13 =    216.793,    293.677      
# span 14 =    7.43247,    9.25364      
# span 15 =  227.32286,  282.25892      
# span 16 =     79.988,    112.417      
# span 17 = 0.0000e+00, 0.0000e+00      
# interval = seconds: 0.0416667
# start_time = Sep 12 2024 05:53:27 [System UTC, first data scan.]
# bad_flag = -9.990e-29
*END*
[from data line 6835]
   40.30238  -73.22748      9.989      9.912    20.7895    31.4218 -9.990e-29     0.1357 2.5320e-11  1021.8719    20.7877    21.8288     7.2113    220.540    7.44510  227.69200     96.859 -9.990e-29
   40.30238  -73.22748      9.999      9.922    20.7889    31.4221 -9.990e-29     0.1357 2.5320e-11  1021.8724    20.7871    21.8291     7.2107    220.523    7.44515  227.69352     96.851 -9.990e-29
   40.30238  -73.22748     10.019      9.942    20.7887    31.4224 -9.990e-29     0.1357 2.5320e-11  1021.8730    20.7869    21.8295     7.2105    220.517    7.44520  227.69536     96.847 -9.990e-29
   40.30238  -73.22748      9.989      9.912    20.7885    31.4227 -9.990e-29     0.1357 2.5320e-11  1021.8730    20.7866    21.8298     7.2142    220.632    7.44525  227.69709     96.897 -9.990e-29
   40.30238  -73.22748      9.969      9.892    20.7884    31.4229 -9.990e-29     0.1357 2.5320e-11  1021.8733    20.7865    21.8299     7.2095    220.488    7.44528  227.69809     96.833 -9.990e-29
   40.30238  -73.22748      9.995      9.918    20.7884    31.4229 -9.990e-29     0.1357 2.5320e-11  1021.8732    20.7865    21.8299     7.2135    220.611    7.44528  227.69806     96.888 -9.990e-29
   40.30238  -73.22748     10.019      9.942    20.7886    31.4228 -9.990e-29     0.1357 2.5320e-11  1021.8732    20.7867    21.8298     7.2135    220.611    7.44531  227.69865     96.887 -9.990e-29
   40.30238  -73.22748     10.040      9.963    20.7886    31.4226 -9.990e-29     0.1357 2.5320e-11  1021.8731    20.7868    21.8297     7.2135    220.610    7.44536  227.70001     96.886 -9.990e-29
   40.30238  -73.22748     10.029      9.952    20.7887    31.4224 -9.990e-29     0.1357 2.5320e-11  1021.8728    20.7869    21.8295     7.2091    220.474    7.44539  227.70116     96.826 -9.990e-29
   40.30238  -73.22748     10.019      9.942    20.7886    31.4224 -9.990e-29     0.1357 2.5320e-11  1021.8728    20.7867    21.8295     7.2134    220.606    7.44540  227.70123     96.884 -9.990e-29
   40.30238  -73.22748     10.019      9.942    20.7883    31.4225 -9.990e-29     0.1357 2.5320e-11  1021.8732    20.7864    21.8297     7.2089    220.467    7.44538  227.70055     96.823 -9.990e-29
   40.30238  -73.22748     10.040      9.963    20.7880    31.4227 -9.990e-29     0.1357 2.5320e-11  1021.8733    20.7862    21.8299     7.2128    220.587    7.44539  227.70115     96.875 -9.990e-29
   40.30238  -73.22748     10.050      9.972    20.7877    31.4229 -9.990e-29     0.1357 2.5320e-11  1021.8735    20.7858    21.8301     7.2127    220.584    7.44546  227.70332     96.873 -9.990e-29
   40.30238  -73.22748     10.070      9.993    20.7873    31.4232 -9.990e-29     0.1357 2.5320e-11  1021.8741    20.7855    21.8305     7.2125    220.579    7.44551  227.70489     96.871 -9.990e-29
   40.30238  -73.22748     10.050      9.972    20.7871    31.4237 -9.990e-29     0.1357 2.5320e-11  1021.8744    20.7852    21.8309     7.2124    220.575    7.44561  227.70822     96.868 -9.990e-29
   40.30238  -73.22748     10.040      9.963    20.7871    31.4239 -9.990e-29     0.1357 2.5320e-11  1021.8746    20.7853    21.8311     7.2123    220.572    7.44576  227.71273     96.864 -9.990e-29
   40.30238  -73.22748     10.050      9.972    20.7873    31.4241 -9.990e-29     0.1357 2.5320e-11  1021.8747    20.7855    21.8312     7.2126    220.581    7.44598  227.71939     96.865 -9.990e-29
   40.30238  -73.22748     10.070      9.993    20.7876    31.4241 -9.990e-29     0.1357 2.5320e-11  1021.8747    20.7857    21.8311     7.2129    220.590    7.44621  227.72616     96.866 -9.990e-29
   40.30238  -73.22748     10.080     10.002    20.7877    31.4240 -9.990e-29     0.1357 2.5320e-11  1021.8747    20.7858    21.8310     7.2128    220.587    7.44646  227.73308     96.862 -9.990e-29
   40.30238  -73.22748     10.080     10.002    20.7882    31.4240 -9.990e-29     0.1357 2.5320e-11  1021.8744    20.7863    21.8309     7.2129    220.590    7.44653  227.73530     96.862 -9.990e-29
   40.30238  -73.22748     10.070      9.993    20.7879    31.4240 -9.990e-29     0.1357 2.5320e-11  1021.8746    20.7861    21.8309     7.2129    220.591    7.44656  227.73601     96.862 -9.990e-29
   40.30238  -73.22748     10.059      9.982    20.7882    31.4239 -9.990e-29     0.1357 2.5320e-11  1021.8745    20.7863    21.8308     7.2129    220.590    7.44653  227.73521     96.862 -9.990e-29
   40.30238  -73.22748     10.090     10.012    20.7886    31.4237 -9.990e-29     0.1357 2.5320e-11  1021.8741    20.7867    21.8305     7.2130    220.593    7.44665  227.73900     96.862 -9.990e-29
   40.30238  -73.22748     10.090     10.012    20.7886    31.4236 -9.990e-29     0.1357 2.5320e-11  1021.8740    20.7867    21.8304     7.2175    220.730    7.44675  227.74238     96.921 -9.990e-29
   40.30238  -73.22748     10.095     10.017    20.7883    31.4235 -9.990e-29     0.1357 2.5320e-11  1021.8742    20.7864    21.8304     7.2134    220.606    7.44681  227.74410     96.866 -9.990e-29
   40.30238  -73.22748     10.090     10.012    20.7882    31.4235 -9.990e-29     0.1491 2.5320e-11  1021.8740    20.7863    21.8304     7.2135    220.607    7.44693  227.74756     96.865 -9.990e-29
   40.30238  -73.22748     10.080     10.002    20.7880    31.4236 -9.990e-29     0.1357 2.5320e-11  1021.8743    20.7862    21.8306     7.2134    220.605    7.44697  227.74852     96.863 -9.990e-29
   40.30238  -73.22748     10.090     10.012    20.7879    31.4237 -9.990e-29     0.1357 2.5320e-11  1021.8745    20.7861    21.8307     7.2176    220.734    7.44689  227.74589     96.921 -9.990e-29
   40.30238  -73.22748     10.090     10.012    20.7880    31.4237 -9.990e-29     0.1357 2.5320e-11  1021.8744    20.7861    21.8307     7.2133    220.602    7.44675  227.74151     96.865 -9.990e-29
   40.30238  -73.22748     10.110     10.032    20.7880    31.4235 -9.990e-29     0.1357 2.5320e-11  1021.8741    20.7861    21.8306     7.2130    220.594    7.44664  227.73829     96.863 -9.990e-29
   40.30238  -73.22748     10.101     10.023    20.7880    31.4235 -9.990e-29     0.1357 2.5320e-11  1021.8743    20.7861    21.8306     7.2128    220.586    7.44653  227.73541     96.861 -9.990e-29
   40.30238  -73.22748     10.080     10.002    20.7879    31.4237 -9.990e-29     0.1357 2.5320e-11  1021.8744    20.7861    21.8307     7.2126    220.580    7.44651  227.73475     96.858 -9.990e-29
   40.30238  -73.22748     10.090     10.012    20.7880    31.4237 -9.990e-29     0.1357 2.5320e-11  1021.8743    20.7861    21.8307     7.2123    220.572    7.44646  227.73320     96.856 -9.990e-29
   40.30238  -73.22748     10.110     10.032    20.7878    31.4237 -9.990e-29     0.1357 1.6880e-11  1021.8744    20.7860    21.8307     7.2124    220.576    7.44643  227.73203     96.858 -9.990e-29
   40.30238  -73.22748     10.101     10.023    20.7878    31.4238 -9.990e-29     0.1357 1.6880e-11  1021.8745    20.7859    21.8308     7.2122    220.568    7.44637  227.73015     96.855 -9.990e-29
   40.30238  -73.22748     10.110     10.032    20.7878    31.4240 -9.990e-29     0.1357 1.6880e-11  1021.8748    20.7860    21.8310     7.2078    220.434    7.44623  227.72619     96.798 -9.990e-29
   40.30238  -73.22748     10.101     10.023    20.7877    31.4240 -9.990e-29     0.1357 1.6880e-11  1021.8747    20.7858    21.8310     7.2115    220.549    7.44615  227.72377     96.849 -9.990e-29
   40.30238  -73.22748     10.090     10.012    20.7877    31.4240 -9.990e-29     0.1222 1.6880e-11  1021.8747    20.7858    21.8310     7.2068    220.405    7.44609  227.72160     96.787 -9.990e-29
   40.30238  -73.22748     10.101     10.023    20.7878    31.4239 -9.990e-29     0.1222 1.6880e-11  1021.8747    20.7859    21.8309     7.2065    220.396    7.44600  227.71904     96.784 -9.990e-29
   40.30238  -73.22748     10.101     10.023    20.7878    31.4238 -9.990e-29     0.1222 1.6880e-11  1021.8745    20.7860    21.8308     7.2063    220.390    7.44598  227.71863     96.782 -9.990e-29
   40.30238  -73.22748     10.110     10.032    20.7878    31.4236 -9.990e-29     0.1357 1.6880e-11  1021.8744    20.7860    21.8307     7.2062    220.385    7.44600  227.71922     96.779 -9.990e-29
   40.30238  -73.22748     10.101     10.023    20.7878    31.4234 -9.990e-29     0.1357 1.6880e-11  1021.8743    20.7859    21.8305     7.2057    220.369    7.44604  227.72071     96.772 -9.990e-29
   40.30238  -73.22748     10.095     10.017    20.7880    31.4232 -9.990e-29     0.1222 1.6880e-11  1021.8738    20.7861    21.8303     7.2055    220.365    7.44607  227.72191     96.769 -9.990e-29
   40.30238  -73.22748     10.101     10.023    20.7880    31.4232 -9.990e-29     0.1222 1.6880e-11  1021.8740    20.7861    21.8303     7.2053    220.360    7.44605  227.72137     96.767 -9.990e-29
   40.30238  -73.22748     10.101     10.023    20.7878    31.4233 -9.990e-29     0.1222 1.6880e-11  1021.8742    20.7860    21.8304     7.2048    220.342    7.44599  227.71966     96.760 -9.990e-29
   40.30238  -73.22748     10.101     10.023    20.7878    31.4233 -9.990e-29     0.1222 1.6880e-11  1021.8742    20.7859    21.8304     7.2042    220.325    7.44594  227.71783     96.753 -9.990e-29
   40.30238  -73.22748     10.110     10.032    20.7878    31.4232 -9.990e-29     0.1357 1.6880e-11  1021.8740    20.7860    21.8303     7.2040    220.319    7.44591  227.71682     96.751 -9.990e-29
   40.30238  -73.22748     10.090     10.012    20.7880    31.4231 -9.990e-29     0.1222 1.6880e-11  1021.8739    20.7861    21.8303     7.2039    220.315    7.44591  227.71662     96.750 -9.990e-29
   40.30238  -73.22748     10.089     10.012    20.7879    31.4230 -9.990e-29     0.1222 1.6880e-11  1021.8741    20.7861    21.8302     7.2034    220.299    7.44587  227.71532     96.743 -9.990e-29
   40.30238  -73.22748     10.100     10.023    20.7878    31.4224 -9.990e-29     0.1222 1.6880e-11  1021.8736    20.7860    21.8297     7.2029    220.283    7.44583  227.71431     96.737 -9.990e-29
   40.30238  -73.22748     10.110     10.032    20.7878    31.4213 -9.990e-29     0.1222 1.6880e-11  1021.8727    20.7860    21.8289     7.2024    220.270    7.44588  227.71573     96.730 -9.990e-29
   40.30238  -73.22748     10.100     10.023    20.7879    31.4204 -9.990e-29     0.1222 1.6880e-11  1021.8716    20.7861    21.8282     7.2019    220.255    7.44589  227.71606     96.723 -9.990e-29
   40.30238  -73.22748     10.089     10.012    20.7878    31.4200 -9.990e-29     0.1222 1.6880e-11  1021.8713    20.7860    21.8279     7.2018    220.252    7.44589  227.71598     96.722 -9.990e-29
   40.30238  -73.22748     10.089     10.012    20.7877    31.4204 -9.990e-29     0.1222 1.6880e-11  1021.8717    20.7858    21.8283     7.2013    220.235    7.44583  227.71421     96.716 -9.990e-29
   40.30238  -73.22748     10.089     10.012    20.7870    31.4212 -9.990e-29     0.1222 1.6880e-11  1021.8730    20.7851    21.8290     7.2012    220.232    7.44582  227.71390     96.714 -9.990e-29
   40.30238  -73.22748     10.100     10.023    20.7865    31.4217 -9.990e-29     0.1222 1.6880e-11  1021.8733    20.7847    21.8295     7.2011    220.229    7.44580  227.71310     96.713 -9.990e-29
   40.30238  -73.22748     10.100     10.023    20.7863    31.4219 -9.990e-29     0.1357 1.6880e-11  1021.8734    20.7844    21.8297     7.2010    220.227    7.44578  227.71268     96.713 -9.990e-29
   40.30238  -73.22748     10.089     10.012    20.7861    31.4221 -9.990e-29     0.1222 1.6880e-11  1021.8738    20.7842    21.8300     7.1962    220.078    7.44576  227.71196     96.648 -9.990e-29
   40.30238  -73.22748     10.089     10.012    20.7862    31.4221 -9.990e-29     0.1222 1.6880e-11  1021.8738    20.7843    21.8300     7.2002    220.200    7.44575  227.71143     96.702 -9.990e-29
   40.30238  -73.22748     10.085     10.008    20.7863    31.4215 -9.990e-29     0.1222 1.6880e-11  1021.8733    20.7844    21.8295     7.1997    220.187    7.44569  227.70989     96.696 -9.990e-29
   40.30238  -73.22748     10.089     10.012    20.7863    31.4206 -9.990e-29     0.1491 1.6880e-11  1021.8723    20.7844    21.8288     7.1996    220.185    7.44566  227.70884     96.696 -9.990e-29
   40.30238  -73.22748     10.089     10.012    20.7861    31.4198 -9.990e-29     0.1625 1.6880e-11  1021.8719    20.7842    21.8283     7.1996    220.184    7.44562  227.70795     96.696 -9.990e-29
   40.30238  -73.22748     10.089     10.012    20.7855    31.4192 -9.990e-29     0.1625 1.6880e-11  1021.8716    20.7836    21.8280     7.1996    220.182    7.44555  227.70575     96.696 -9.990e-29
   40.30238  -73.22748     10.080     10.002    20.7847    31.4189 -9.990e-29     0.1625 1.6880e-11  1021.8712    20.7828    21.8280     7.1995    220.180    7.44547  227.70307     96.696 -9.990e-29
   40.30238  -73.22748     10.070      9.993    20.7829    31.4193 -9.990e-29     0.1625 1.6880e-11  1021.8720    20.7810    21.8287     7.1951    220.045    7.44537  227.70007     96.638 -9.990e-29
   40.30238  -73.22748     10.080     10.002    20.7808    31.4205      8.143     0.1625 1.6880e-11  1021.8735    20.7789    21.8301     7.1990    220.167    7.44526  227.69669     96.693 -9.990e-29
   40.30238  -73.22748     10.080     10.002    20.7783    31.4219      8.143     0.1625 1.6880e-11  1021.8758    20.7764    21.8316     7.1991    220.168    7.44520  227.69491     96.694 -9.990e-29
   40.30238  -73.22748     10.080     10.002    20.7775    31.4229      8.143     0.1625 1.6880e-11  1021.8767    20.7756    21.8328     7.1991    220.170    7.44516  227.69361     96.696 -9.990e-29
   40.30238  -73.22748     10.070      9.993    20.7771    31.4234      8.143     0.1625 1.6880e-11  1021.8771    20.7752    21.8332     7.1992    220.172    7.44511  227.69230     96.697 -9.990e-29
   40.30238  -73.22748     10.070      9.993    20.7773    31.4233      8.143     0.1625 1.6880e-11  1021.8771    20.7754    21.8332     7.1950    220.042    7.44510  227.69202     96.640 -9.990e-29
   40.30238  -73.22748     10.059      9.982    20.7767    31.4224      8.143     0.1625 1.6880e-11  1021.8764    20.7748    21.8326     7.1991    220.170    7.44509  227.69185     96.696 -9.990e-29
   40.30238  -73.22748     10.070      9.993    20.7766    31.4213      8.143     0.1625 1.6880e-11  1021.8751    20.7747    21.8319     7.1993    220.176    7.44510  227.69209     96.699 -9.990e-29
   40.30238  -73.22750     10.070      9.993    20.7764    31.4210      8.143     0.1625 1.6880e-11  1021.8746    20.7745    21.8318     7.1999    220.192    7.44508  227.69127     96.707 -9.990e-29
   40.30238  -73.22750     10.070      9.993    20.7750    31.4218      8.143     0.1625 1.6880e-11  1021.8762    20.7731    21.8326     7.2001    220.199    7.44508  227.69118     96.710 -9.990e-29
   40.30238  -73.22750     10.050      9.972    20.7741    31.4230      8.143     0.1625 1.6880e-11  1021.8777    20.7722    21.8337     7.2047    220.339    7.44502  227.68947     96.772 -9.990e-29
   40.30238  -73.22750     10.059      9.982    20.7745    31.4238      8.143     0.1625 1.6880e-11  1021.8782    20.7726    21.8342     7.2053    220.357    7.44500  227.68879     96.780 -9.990e-29
   40.30238  -73.22750     10.050      9.972    20.7755    31.4240      8.143     0.1625 1.6880e-11  1021.8779    20.7736    21.8341     7.2018    220.252    7.44498  227.68814     96.734 -9.990e-29
   40.30238  -73.22750     10.059      9.982    20.7766    31.4235      8.143     0.1625 1.6880e-11  1021.8771    20.7747    21.8336     7.2021    220.259    7.44493  227.68664     96.738 -9.990e-29
   40.30238  -73.22750     10.045      9.968    20.7776    31.4230      8.143     0.1759 1.6880e-11  1021.8761    20.7757    21.8330     7.2023    220.265    7.44485  227.68420     96.742 -9.990e-29
