CalculateIndicators/WaterTemperature/Data/CTD_NYOS/20240708_C01.cnv
* Sea-Bird SBE 9 Data File:
* FileName = C:\Seabird 9 CTD\Data\2024\202407_offshore\20240708_C01.hex
* Software Version Seasave V 7.23.2
* Temperature SN = 4590
* Conductivity SN = 3228
* Number of Bytes Per Scan = 44
* Number of Voltage Words = 5
* Number of Scans Averaged by the Deck Unit = 1
* NMEA Latitude = 40 57.49 N
* NMEA Longitude = 073 35.06 W
* NMEA UTC (Time) = Jul 08 2024  01:30:50
* NMEA baud rate = 4800
** Ship: seawolf
** Station: LIS_ARIG
** Operator: TDK
# nquan = 18
# nvalues = 10701                       
# units = specified
# name 0 = latitude: Latitude [deg]
# name 1 = longitude: Longitude [deg]
# name 2 = prDM: Pressure, Digiquartz [db]
# name 3 = depSM: Depth [salt water, m]
# name 4 = t090C: Temperature [ITS-90, deg C]
# name 5 = sal00: Salinity, Practical [PSU]
# name 6 = ph: pH
# name 7 = flECO-AFL: Fluorescence, WET Labs ECO-AFL/FL [mg/m^3]
# name 8 = cpar: CPAR/Corrected Irradiance [%]
# name 9 = density00: Density [density, kg/m^3]
# name 10 = potemp090C: Potential Temperature [ITS-90, deg C]
# name 11 = sigma-é00: Density [sigma-theta, kg/m^3]
# name 12 = sbeox0Mg/L: Oxygen, SBE 43 [mg/l]
# name 13 = sbox0Mm/Kg: Oxygen, SBE 43 [umol/kg]
# name 14 = oxsolMg/L: Oxygen Saturation, Garcia & Gordon [mg/l]
# name 15 = oxsolMm/Kg: Oxygen Saturation, Garcia & Gordon [umol/kg]
# name 16 = sbeox0PS: Oxygen, SBE 43 [% saturation]
# name 17 = flag:  0.000e+00
# span 0 =   40.95722,   40.95826       
# span 1 =  -73.58622,  -73.58432       
# span 2 =      1.828,     14.090       
# span 3 =      1.814,     13.980       
# span 4 =    16.8502,    22.6086       
# span 5 =    25.1261,    26.3013       
# span 6 =      7.501,      8.103       
# span 7 =     1.6265,     3.5471       
# span 8 = 2.5320e-11, 9.9999e+04       
# span 9 =  1016.7457,  1018.9404       
# span 10 =    16.8486,    22.6082      
# span 11 =    16.7388,    18.8781      
# span 12 =     3.1465,    10.2131      
# span 13 =     96.513,    313.805      
# span 14 =    7.46356,    8.27729      
# span 15 =  229.39985,  253.90780      
# span 16 =     38.046,    134.711      
# span 17 = 0.0000e+00, 0.0000e+00      
# interval = seconds: 0.0416667
# start_time = Jul 08 2024 01:30:53 [System UTC, first data scan.]
# bad_flag = -9.990e-29
*END*
[from data line 1930]
   40.95808  -73.58470     14.050     13.941    16.8858    26.2934      7.650     1.8951 2.5320e-11  1018.9334    16.8836    18.8709     3.4139    104.711    8.26513  253.50541     41.305 -9.990e-29
   40.95808  -73.58470     14.047     13.938    16.8861    26.2934      7.650     1.8817 2.5320e-11  1018.9333    16.8840    18.8709     3.4136    104.702    8.26513  253.50526     41.302 -9.990e-29
   40.95808  -73.58470     14.060     13.950    16.8864    26.2934      7.650     1.8817 5.0640e-11  1018.9329    16.8842    18.8706     3.4088    104.555    8.26508  253.50383     41.244 -9.990e-29
   40.95808  -73.58470     14.060     13.950    16.8867    26.2931      7.645     1.8817 5.0640e-11  1018.9326    16.8845    18.8703     3.4130    104.682    8.26504  253.50251     41.294 -9.990e-29
   40.95808  -73.58470     14.058     13.949    16.8867    26.2928      7.650     1.8817 5.0640e-11  1018.9322    16.8846    18.8701     3.4132    104.688    8.26502  253.50183     41.297 -9.990e-29
   40.95808  -73.58470     14.060     13.950    16.8867    26.2925      7.650     1.8817 5.0640e-11  1018.9322    16.8845    18.8699     3.4084    104.540    8.26500  253.50105     41.239 -9.990e-29
   40.95808  -73.58470     14.068     13.959    16.8863    26.2924      7.650     1.8817 5.0640e-11  1018.9320    16.8841    18.8697     3.4076    104.516    8.26496  253.50011     41.229 -9.990e-29
   40.95808  -73.58470     14.060     13.950    16.8862    26.2924      7.650     1.8817 5.0640e-11  1018.9317    16.8841    18.8697     3.4068    104.491    8.26490  253.49828     41.220 -9.990e-29
   40.95808  -73.58470     14.060     13.950    16.8856    26.2924      7.645     1.8817 5.0640e-11  1018.9324    16.8835    18.8699     3.4060    104.467    8.26490  253.49815     41.210 -9.990e-29
   40.95808  -73.58472     14.068     13.959    16.8852    26.2925      7.650     1.8817 5.0640e-11  1018.9324    16.8830    18.8701     3.4057    104.457    8.26485  253.49687     41.207 -9.990e-29
   40.95808  -73.58472     14.060     13.950    16.8849    26.2926      7.650     1.8817 5.0640e-11  1018.9325    16.8828    18.8703     3.4054    104.449    8.26481  253.49544     41.203 -9.990e-29
   40.95808  -73.58472     14.071     13.961    16.8849    26.2929      7.645     1.8683 5.0640e-11  1018.9329    16.8828    18.8705     3.4051    104.441    8.26474  253.49360     41.201 -9.990e-29
   40.95808  -73.58472     14.068     13.959    16.8849    26.2929      7.650     1.8817 5.0640e-11  1018.9329    16.8827    18.8705     3.4049    104.434    8.26476  253.49394     41.198 -9.990e-29
   40.95808  -73.58472     14.060     13.950    16.8849    26.2929      7.645     1.8817 5.0640e-11  1018.9326    16.8828    18.8705     3.4047    104.427    8.26469  253.49184     41.195 -9.990e-29
   40.95808  -73.58472     14.068     13.959    16.8851    26.2929      7.645     1.8817 5.0640e-11  1018.9328    16.8829    18.8706     3.4045    104.421    8.26465  253.49062     41.193 -9.990e-29
   40.95808  -73.58472     14.071     13.961    16.8849    26.2932      7.645     1.8817 2.5320e-11  1018.9331    16.8827    18.8707     3.4038    104.400    8.26458  253.48859     41.185 -9.990e-29
   40.95808  -73.58472     14.060     13.950    16.8846    26.2932      7.650     1.8683 2.5320e-11  1018.9333    16.8824    18.8708     3.4036    104.394    8.26455  253.48776     41.183 -9.990e-29
   40.95808  -73.58472     14.078     13.968    16.8845    26.2932      7.645     1.8817 5.0640e-11  1018.9330    16.8824    18.8708     3.4035    104.391    8.26461  253.48998     41.181 -9.990e-29
   40.95808  -73.58472     14.060     13.950    16.8846    26.2932      7.645     1.8817 5.0640e-11  1018.9330    16.8824    18.8708     3.4029    104.373    8.26473  253.49372     41.174 -9.990e-29
   40.95808  -73.58472     14.058     13.949    16.8846    26.2932      7.645     1.8817 5.0640e-11  1018.9332    16.8824    18.8708     3.4029    104.372    8.26489  253.49872     41.172 -9.990e-29
   40.95808  -73.58472     14.071     13.961    16.8849    26.2932      7.645     1.8817 5.0640e-11  1018.9329    16.8827    18.8707     3.4078    104.522    8.26497  253.50103     41.231 -9.990e-29
   40.95808  -73.58472     14.071     13.961    16.8848    26.2932      7.645     1.8683 5.0640e-11  1018.9330    16.8826    18.8707     3.4032    104.383    8.26511  253.50506     41.176 -9.990e-29
   40.95808  -73.58472     14.068     13.959    16.8846    26.2932      7.645     1.8683 5.0640e-11  1018.9332    16.8824    18.8708     3.4032    104.383    8.26526  253.50974     41.175 -9.990e-29
   40.95808  -73.58472     14.060     13.950    16.8849    26.2934      7.645     1.8817 5.0640e-11  1018.9332    16.8827    18.8710     3.4082    104.535    8.26541  253.51407     41.234 -9.990e-29
   40.95808  -73.58472     14.060     13.950    16.8846    26.2935      7.645     1.8548 5.0640e-11  1018.9335    16.8824    18.8711     3.4037    104.398    8.26557  253.51861     41.179 -9.990e-29
   40.95808  -73.58472     14.058     13.949    16.8849    26.2935      7.645     1.8280 5.0640e-11  1018.9333    16.8827    18.8711     3.4037    104.397    8.26567  253.52161     41.179 -9.990e-29
   40.95808  -73.58472     14.060     13.950    16.8849    26.2935      7.645     1.8280 5.0640e-11  1018.9333    16.8828    18.8710     3.4037    104.398    8.26577  253.52453     41.179 -9.990e-29
   40.95808  -73.58472     14.058     13.949    16.8853    26.2933      7.645     1.8145 5.0640e-11  1018.9330    16.8831    18.8708     3.4038    104.399    8.26582  253.52605     41.179 -9.990e-29
   40.95808  -73.58472     14.050     13.941    16.8853    26.2931      7.645     1.8145 5.0640e-11  1018.9327    16.8832    18.8706     3.4038    104.400    8.26585  253.52704     41.179 -9.990e-29
   40.95808  -73.58472     14.050     13.941    16.8856    26.2931      7.645     1.8280 5.0640e-11  1018.9327    16.8835    18.8705     3.4038    104.401    8.26588  253.52789     41.179 -9.990e-29
   40.95808  -73.58472     14.047     13.938    16.8857    26.2931      7.645     1.8280 5.0640e-11  1018.9328    16.8836    18.8705     3.4039    104.404    8.26592  253.52889     41.180 -9.990e-29
   40.95808  -73.58472     14.060     13.950    16.8858    26.2930      7.645     1.8145 5.0640e-11  1018.9326    16.8836    18.8704     3.4085    104.543    8.26591  253.52870     41.235 -9.990e-29
   40.95808  -73.58472     14.039     13.930    16.8856    26.2930      7.645     1.8280 5.0640e-11  1018.9326    16.8835    18.8704     3.4040    104.407    8.26591  253.52863     41.182 -9.990e-29
   40.95808  -73.58472     14.047     13.938    16.8859    26.2930      7.645     1.8280 5.0640e-11  1018.9326    16.8837    18.8704     3.4041    104.410    8.26592  253.52900     41.183 -9.990e-29
   40.95808  -73.58472     14.039     13.930    16.8858    26.2930      7.645     1.8145 5.0640e-11  1018.9325    16.8836    18.8704     3.4042    104.413    8.26593  253.52912     41.184 -9.990e-29
   40.95808  -73.58472     14.047     13.938    16.8860    26.2930      7.645     1.8280 5.0640e-11  1018.9325    16.8838    18.8703     3.4044    104.417    8.26593  253.52917     41.185 -9.990e-29
   40.95808  -73.58472     14.039     13.930    16.8860    26.2930      7.645     1.8280 5.0640e-11  1018.9324    16.8839    18.8703     3.4040    104.406    8.26592  253.52899     41.181 -9.990e-29
   40.95808  -73.58472     14.030     13.920    16.8858    26.2929      7.645     1.8280 5.0640e-11  1018.9326    16.8836    18.8703     3.4041    104.410    8.26590  253.52843     41.183 -9.990e-29
   40.95808  -73.58472     14.038     13.929    16.8860    26.2929      7.645     1.8145 5.0640e-11  1018.9325    16.8839    18.8703     3.4043    104.415    8.26591  253.52853     41.185 -9.990e-29
   40.95808  -73.58472     14.030     13.920    16.8860    26.2929      7.645     1.8145 5.0640e-11  1018.9325    16.8838    18.8703     3.4045    104.421    8.26590  253.52825     41.187 -9.990e-29
   40.95808  -73.58472     14.030     13.920    16.8860    26.2928      7.645     1.8145 5.0640e-11  1018.9322    16.8838    18.8702     3.4047    104.427    8.26589  253.52791     41.189 -9.990e-29
   40.95808  -73.58472     14.038     13.929    16.8864    26.2928      7.645     1.8280 2.5320e-11  1018.9322    16.8842    18.8701     3.4049    104.433    8.26585  253.52683     41.192 -9.990e-29
   40.95808  -73.58472     14.020     13.911    16.8861    26.2928      7.645     1.8280 5.0640e-11  1018.9322    16.8840    18.8701     3.4046    104.424    8.26580  253.52528     41.189 -9.990e-29
   40.95808  -73.58472     14.028     13.919    16.8860    26.2928      7.645     1.8280 2.5320e-11  1018.9323    16.8839    18.8701     3.4048    104.432    8.26582  253.52578     41.192 -9.990e-29
   40.95808  -73.58472     14.030     13.920    16.8863    26.2928      7.645     1.8280 5.0640e-11  1018.9322    16.8841    18.8701     3.4051    104.439    8.26577  253.52434     41.195 -9.990e-29
   40.95808  -73.58472     14.020     13.911    16.8865    26.2929      7.645     1.8280 5.0640e-11  1018.9322    16.8843    18.8702     3.4054    104.448    8.26577  253.52457     41.198 -9.990e-29
   40.95808  -73.58472     14.017     13.908    16.8864    26.2929      7.645     1.8145 2.5320e-11  1018.9324    16.8842    18.8702     3.4057    104.457    8.26573  253.52328     41.202 -9.990e-29
   40.95808  -73.58472     14.020     13.911    16.8863    26.2929      7.645     1.8145 5.0640e-11  1018.9323    16.8841    18.8701     3.4060    104.467    8.26574  253.52343     41.206 -9.990e-29
   40.95808  -73.58472     14.017     13.908    16.8867    26.2930      7.645     1.8280 5.0640e-11  1018.9320    16.8846    18.8701     3.4063    104.477    8.26570  253.52247     41.210 -9.990e-29
   40.95808  -73.58472     14.020     13.911    16.8867    26.2930      7.640     1.8280 5.0640e-11  1018.9323    16.8845    18.8701     3.4067    104.489    8.26575  253.52390     41.215 -9.990e-29
   40.95808  -73.58472     14.009     13.900    16.8870    26.2931      7.645     1.8145 5.0640e-11  1018.9321    16.8848    18.8702     3.4021    104.348    8.26570  253.52235     41.159 -9.990e-29
   40.95808  -73.58472     14.017     13.908    16.8871    26.2934      7.640     1.8145 2.5320e-11  1018.9325    16.8849    18.8704     3.4065    104.483    8.26571  253.52256     41.212 -9.990e-29
   40.95808  -73.58472     14.020     13.911    16.8871    26.2934      7.645     1.8280 5.0640e-11  1018.9327    16.8850    18.8705     3.4069    104.496    8.26570  253.52219     41.218 -9.990e-29
   40.95808  -73.58472     14.009     13.900    16.8874    26.2934      7.640     1.8280 5.0640e-11  1018.9325    16.8852    18.8704     3.4074    104.509    8.26570  253.52244     41.223 -9.990e-29
   40.95808  -73.58472     14.008     13.899    16.8876    26.2933      7.640     1.8280 5.0640e-11  1018.9323    16.8855    18.8702     3.4073    104.508    8.26568  253.52160     41.222 -9.990e-29
   40.95808  -73.58472     14.020     13.911    16.8880    26.2932      7.640     1.8280 5.0640e-11  1018.9322    16.8859    18.8701     3.4073    104.506    8.26565  253.52093     41.222 -9.990e-29
   40.95808  -73.58472     14.017     13.908    16.8881    26.2931      7.645     1.8145 5.0640e-11  1018.9320    16.8859    18.8699     3.4072    104.505    8.26566  253.52107     41.221 -9.990e-29
   40.95808  -73.58472     14.009     13.900    16.8884    26.2930      7.645     1.8280 5.0640e-11  1018.9318    16.8862    18.8698     3.4072    104.504    8.26565  253.52097     41.221 -9.990e-29
   40.95808  -73.58472     14.020     13.911    16.8887    26.2929      7.640     1.8280 2.5320e-11  1018.9317    16.8866    18.8696     3.4071    104.502    8.26562  253.52002     41.220 -9.990e-29
   40.95808  -73.58472     14.017     13.908    16.8891    26.2928      7.640     1.8280 5.0640e-11  1018.9315    16.8870    18.8695     3.4071    104.500    8.26556  253.51791     41.220 -9.990e-29
   40.95808  -73.58472     14.009     13.900    16.8891    26.2927      7.640     1.8280 5.0640e-11  1018.9315    16.8869    18.8694     3.4070    104.498    8.26552  253.51694     41.219 -9.990e-29
   40.95808  -73.58472     14.028     13.919    16.8895    26.2927      7.640     1.8280 5.0640e-11  1018.9315    16.8873    18.8694     3.4070    104.497    8.26551  253.51663     41.219 -9.990e-29
   40.95808  -73.58472     14.009     13.900    16.8897    26.2926      7.640     1.8280 5.0640e-11  1018.9314    16.8876    18.8692     3.4069    104.495    8.26544  253.51442     41.218 -9.990e-29
   40.95808  -73.58472     14.020     13.911    16.8903    26.2922      7.640     1.8280 5.0640e-11  1018.9310    16.8881    18.8688     3.4068    104.493    8.26539  253.51280     41.218 -9.990e-29
   40.95808  -73.58472     14.017     13.908    16.8907    26.2917      7.640     1.8145 5.0640e-11  1018.9304    16.8885    18.8683     3.4068    104.491    8.26534  253.51169     41.217 -9.990e-29
   40.95808  -73.58472     14.020     13.911    16.8904    26.2910      7.640     1.8280 5.0640e-11  1018.9300    16.8883    18.8679     3.4017    104.337    8.26529  253.51010     41.157 -9.990e-29
   40.95808  -73.58472     14.030     13.920    16.8900    26.2903      7.640     1.8280 5.0640e-11  1018.9295    16.8878    18.8674     3.4062    104.473    8.26523  253.50808     41.211 -9.990e-29
   40.95808  -73.58472     14.017     13.908    16.8892    26.2903      7.640     1.8145 2.5320e-11  1018.9290    16.8871    18.8672     3.4061    104.471    8.26517  253.50654     41.211 -9.990e-29
   40.95808  -73.58472     14.030     13.920    16.8887    26.2903      7.640     1.8280 5.0640e-11  1018.9293    16.8866    18.8674     3.4061    104.471    8.26517  253.50637     41.210 -9.990e-29
   40.95808  -73.58472     14.028     13.919    16.8876    26.2904      7.640     1.8280 5.0640e-11  1018.9302    16.8855    18.8680     3.4066    104.485    8.26513  253.50524     41.216 -9.990e-29
   40.95808  -73.58472     14.030     13.920    16.8865    26.2909      7.640     1.8280 5.0640e-11  1018.9308    16.8843    18.8686     3.4066    104.485    8.26511  253.50466     41.216 -9.990e-29
   40.95808  -73.58472     14.039     13.930    16.8855    26.2914      7.640     1.8280 5.0640e-11  1018.9312    16.8834    18.8692     3.4065    104.485    8.26509  253.50426     41.216 -9.990e-29
   40.95808  -73.58472     14.038     13.929    16.8842    26.2921      7.640     1.8280 5.0640e-11  1018.9323    16.8821    18.8700     3.4070    104.500    8.26505  253.50309     41.222 -9.990e-29
   40.95808  -73.58472     14.030     13.920    16.8834    26.2927      7.640     1.8683 5.0640e-11  1018.9330    16.8812    18.8707     3.4021    104.348    8.26503  253.50227     41.162 -9.990e-29
   40.95808  -73.58472     14.039     13.930    16.8828    26.2932      7.640     1.8951 5.0640e-11  1018.9332    16.8806    18.8711     3.4016    104.334    8.26505  253.50295     41.157 -9.990e-29
   40.95808  -73.58472     14.047     13.938    16.8822    26.2936      7.640     1.8951 5.0640e-11  1018.9340    16.8800    18.8716     3.4012    104.322    8.26507  253.50372     41.152 -9.990e-29
   40.95808  -73.58472     14.039     13.930    16.8820    26.2938      7.640     1.8817 5.0640e-11  1018.9339    16.8799    18.8718     3.4008    104.309    8.26506  253.50350     41.147 -9.990e-29
   40.95808  -73.58472     14.038     13.929    16.8818    26.2939      7.640     1.8817 5.0640e-11  1018.9341    16.8796    18.8719     3.4004    104.297    8.26502  253.50228     41.142 -9.990e-29
   40.95808  -73.58472     14.050     13.941    16.8815    26.2939      7.640     1.8951 5.0640e-11  1018.9344    16.8793    18.8720     3.4001    104.286    8.26504  253.50272     41.138 -9.990e-29
   40.95808  -73.58472     14.050     13.941    16.8816    26.2939      7.640     1.8951 5.0640e-11  1018.9342    16.8795    18.8720     3.3997    104.275    8.26501  253.50179     41.134 -9.990e-29
