CalculateIndicators/WaterTemperature/Data/CTD_NYOS/20240426_C02.cnv
* Sea-Bird SBE 9 Data File:
* FileName = C:\Seabird 9 CTD\Data\2024\202404_offshore\20240426_C02.hex
* Software Version Seasave V 7.23.2
* Temperature SN = 4590
* Conductivity SN = 3228
* Number of Bytes Per Scan = 44
* Number of Voltage Words = 5
* Number of Scans Averaged by the Deck Unit = 1
* NMEA Latitude = 40 25.80 N
* NMEA Longitude = 073 50.34 W
* NMEA UTC (Time) = Apr 26 2024  07:21:48
* NMEA baud rate = 4800
** Ship: Seawolf
** Station: HR1
** Operator: TDK
# nquan = 18
# nvalues = 11022                       
# units = specified
# name 0 = latitude: Latitude [deg]
# name 1 = longitude: Longitude [deg]
# name 2 = prDM: Pressure, Digiquartz [db]
# name 3 = depSM: Depth [salt water, m]
# name 4 = t090C: Temperature [ITS-90, deg C]
# name 5 = sal00: Salinity, Practical [PSU]
# name 6 = ph: pH
# name 7 = flECO-AFL: Fluorescence, WET Labs ECO-AFL/FL [mg/m^3]
# name 8 = cpar: CPAR/Corrected Irradiance [%]
# name 9 = density00: Density [density, kg/m^3]
# name 10 = potemp090C: Potential Temperature [ITS-90, deg C]
# name 11 = sigma-é00: Density [sigma-theta, kg/m^3]
# name 12 = sbeox0Mg/L: Oxygen, SBE 43 [mg/l]
# name 13 = sbox0Mm/Kg: Oxygen, SBE 43 [umol/kg]
# name 14 = oxsolMg/L: Oxygen Saturation, Garcia & Gordon [mg/l]
# name 15 = oxsolMm/Kg: Oxygen Saturation, Garcia & Gordon [umol/kg]
# name 16 = sbeox0PS: Oxygen, SBE 43 [% saturation]
# name 17 = flag:  0.000e+00
# span 0 =   40.43004,   40.43012       
# span 1 =  -73.83928,  -73.83914       
# span 2 =      1.921,     19.527       
# span 3 =      1.906,     19.375       
# span 4 =     8.2835,     9.9912       
# span 5 =    28.0480,    30.4484       
# span 6 =      7.952,      8.131       
# span 7 =     0.8072,     1.3176       
# span 8 = 2.5320e-11, 9.9999e+04       
# span 9 =  1021.5468,  1023.7433       
# span 10 =     8.2817,     9.9910      
# span 11 =    21.5512,    23.6555      
# span 12 =     8.7679,    10.0693      
# span 13 =    267.673,    307.914      
# span 14 =    9.41865,    9.65449      
# span 15 =  288.06477,  294.73666      
# span 16 =     90.873,    106.726      
# span 17 = 0.0000e+00, 0.0000e+00      
# interval = seconds: 0.0416667
# start_time = Apr 26 2024 07:21:50 [System UTC, first data scan.]
# bad_flag = -9.990e-29
*END*
[from data line 6031]
   40.43010  -73.83924     11.283     11.195     9.5903    28.9082      8.068     1.0624 9.9999e+04  1022.3153     9.5892    22.2639     9.7868    299.177    9.47296  289.58393    103.313 0.0000e+00
   40.43010  -73.83924     11.262     11.175     9.5918    28.9072      8.068     1.0624 9.9999e+04  1022.3142     9.5907    22.2629     9.7900    299.275    9.47242  289.56805    103.352 0.0000e+00
   40.43010  -73.83924     11.252     11.165     9.5930    28.9061      8.068     1.0624 9.9999e+04  1022.3132     9.5918    22.2619     9.7827    299.053    9.47221  289.56187    103.278 0.0000e+00
   40.43010  -73.83924     11.221     11.134     9.5940    28.9049      8.068     1.0624 9.9999e+04  1022.3120     9.5928    22.2608     9.7862    299.162    9.47207  289.55775    103.317 0.0000e+00
   40.43010  -73.83924     11.211     11.124     9.5943    28.9033      8.068     1.0624 9.9999e+04  1022.3108     9.5931    22.2594     9.7842    299.099    9.47196  289.55478    103.296 0.0000e+00
   40.43010  -73.83924     11.190     11.104     9.5949    28.9013      8.068     1.0624 9.9999e+04  1022.3089     9.5938    22.2578     9.7885    299.230    9.47186  289.55150    103.343 0.0000e+00
   40.43010  -73.83924     11.181     11.094     9.5948    28.8992      8.068     1.0624 9.9999e+04  1022.3067     9.5936    22.2562     9.7867    299.177    9.47144  289.53939    103.329 0.0000e+00
   40.43010  -73.83924     11.160     11.074     9.5949    28.8980      8.068     1.0624 9.9999e+04  1022.3054     9.5938    22.2552     9.7852    299.132    9.47090  289.52356    103.319 0.0000e+00
   40.43010  -73.83924     11.151     11.064     9.5952    28.8982      8.068     1.0624 9.9999e+04  1022.3058     9.5940    22.2553     9.7893    299.256    9.47040  289.50883    103.367 0.0000e+00
   40.43010  -73.83924     11.140     11.053     9.5953    28.8991      8.068     1.0624 9.9999e+04  1022.3070     9.5942    22.2560     9.7877    299.208    9.46987  289.49326    103.356 0.0000e+00
   40.43010  -73.83924     11.120     11.034     9.5948    28.8997      8.072     1.0624 9.9999e+04  1022.3075     9.5937    22.2565     9.7865    299.173    9.46942  289.47995    103.348 0.0000e+00
   40.43010  -73.83924     11.109     11.023     9.5948    28.8997      8.068     1.0624 9.9999e+04  1022.3072     9.5937    22.2565     9.7911    299.313    9.46912  289.47120    103.400 0.0000e+00
   40.43010  -73.83924     11.090     11.004     9.5941    28.8993      8.068     1.0624 9.9999e+04  1022.3073     9.5930    22.2563     9.7901    299.284    9.46891  289.46524    103.392 -9.990e-29
   40.43010  -73.83924     11.090     11.004     9.5941    28.8984      8.072     1.0624 9.9999e+04  1022.3063     9.5930    22.2556     9.7896    299.268    9.46876  289.46061    103.388 -9.990e-29
   40.43010  -73.83924     11.069     10.984     9.5951    28.8971      8.072     1.0624 9.9999e+04  1022.3049     9.5940    22.2545     9.7886    299.238    9.46861  289.45652    103.379 -9.990e-29
   40.43010  -73.83924     11.069     10.984     9.5964    28.8960      8.072     1.0624 9.9999e+04  1022.3036     9.5953    22.2535     9.7941    299.407    9.46856  289.45515    103.438 -9.990e-29
   40.43010  -73.83924     11.049     10.963     9.5971    28.8952      8.072     1.0624 9.9999e+04  1022.3030     9.5959    22.2527     9.7939    299.402    9.46845  289.45192    103.437 0.0000e+00
   40.43010  -73.83924     11.039     10.954     9.5978    28.8945      8.072     1.0624 9.9999e+04  1022.3021     9.5966    22.2521     9.7934    299.387    9.46842  289.45110    103.433 -9.990e-29
   40.43010  -73.83924     11.039     10.954     9.5982    28.8942      8.072     1.0624 9.9999e+04  1022.3021     9.5971    22.2518     9.7933    299.383    9.46836  289.44947    103.432 -9.990e-29
   40.43010  -73.83924     11.028     10.943     9.5989    28.8941      8.072     1.0624 9.9999e+04  1022.3019     9.5978    22.2516     9.7979    299.525    9.46836  289.44945    103.481 0.0000e+00
   40.43010  -73.83924     11.018     10.933     9.5990    28.8940      8.072     1.0624 9.9999e+04  1022.3017     9.5979    22.2514     9.7978    299.519    9.46830  289.44770    103.480 -9.990e-29
   40.43010  -73.83924     11.018     10.933     9.5995    28.8938      8.072     1.0624 9.9999e+04  1022.3014     9.5984    22.2513     9.7971    299.498    9.46818  289.44393    103.473 -9.990e-29
   40.43010  -73.83924     11.009     10.924     9.5994    28.8939      8.072     1.0490 9.9999e+04  1022.3013     9.5983    22.2514     9.7967    299.488    9.46805  289.44002    103.472 0.0000e+00
   40.43010  -73.83924     10.998     10.913     9.5986    28.8941      8.072     1.0221 9.9999e+04  1022.3018     9.5975    22.2516     9.8027    299.670    9.46784  289.43376    103.537 -9.990e-29
   40.43010  -73.83924     11.009     10.924     9.5981    28.8944      8.072     1.0221 9.9999e+04  1022.3021     9.5970    22.2519     9.8023    299.657    9.46761  289.42689    103.535 -9.990e-29
   40.43010  -73.83924     11.009     10.924     9.5976    28.8948      8.077     1.0221 9.9999e+04  1022.3025     9.5965    22.2523     9.8082    299.839    9.46741  289.42075    103.600 -9.990e-29
   40.43010  -73.83924     11.009     10.924     9.5974    28.8953      8.077     1.0221 9.9999e+04  1022.3028     9.5963    22.2527     9.8085    299.849    9.46721  289.41499    103.605 -9.990e-29
   40.43010  -73.83924     11.009     10.924     9.5973    28.8960      8.077     1.0221 9.9999e+04  1022.3032     9.5961    22.2534     9.8145    300.033    9.46712  289.41220    103.670 -9.990e-29
   40.43010  -73.83924     11.009     10.924     9.5956    28.8973      8.077     1.0221 9.9999e+04  1022.3045     9.5945    22.2547     9.8089    299.859    9.46694  289.40684    103.612 -9.990e-29
   40.43010  -73.83924     11.009     10.924     9.5927    28.8994      8.077     1.0221 9.9999e+04  1022.3064     9.5915    22.2568     9.8147    300.037    9.46676  289.40134    103.675 -9.990e-29
   40.43010  -73.83924     11.018     10.933     9.5882    28.9027      8.077     1.0221 9.9999e+04  1022.3091     9.5871    22.2602     9.8157    300.070    9.46658  289.39606    103.688 -9.990e-29
   40.43010  -73.83924     11.018     10.933     9.5800    28.9080      8.077     1.0221 9.9999e+04  1022.3147     9.5789    22.2655     9.8157    300.068    9.46649  289.39355    103.688 -9.990e-29
   40.43010  -73.83924     11.039     10.954     9.5689    28.9149      8.077     1.0087 9.9999e+04  1022.3228     9.5678    22.2722     9.8153    300.058    9.46653  289.39482    103.685 -9.990e-29
   40.43010  -73.83924     11.028     10.943     9.5598    28.9215      8.077     1.0221 9.9999e+04  1022.3300     9.5586    22.2788     9.8152    300.055    9.46645  289.39258    103.684 -9.990e-29
   40.43010  -73.83924     11.049     10.963     9.5532    28.9267      8.077     1.0221 9.9999e+04  1022.3354     9.5521    22.2838     9.8207    300.223    9.46639  289.39042    103.743 -9.990e-29
   40.43010  -73.83924     11.049     10.963     9.5502    28.9294      8.077     1.0221 9.9999e+04  1022.3384     9.5491    22.2861     9.8216    300.249    9.46640  289.39093    103.752 -9.990e-29
   40.43010  -73.83924     11.060     10.974     9.5525    28.9292      8.077     1.0221 9.9999e+04  1022.3370     9.5514    22.2859     9.8220    300.262    9.46642  289.39168    103.756 -9.990e-29
   40.43010  -73.83924     11.060     10.974     9.5558    28.9277      8.082     1.0221 9.9999e+04  1022.3346     9.5547    22.2844     9.8220    300.262    9.46641  289.39116    103.756 -9.990e-29
   40.43010  -73.83924     11.090     11.004     9.5581    28.9261      8.077     1.0221 9.9999e+04  1022.3333     9.5570    22.2828     9.8217    300.252    9.46647  289.39286    103.752 -9.990e-29
   40.43010  -73.83924     11.090     11.004     9.5601    28.9247      8.077     1.0221 9.9999e+04  1022.3321     9.5589    22.2814     9.8208    300.225    9.46637  289.39010    103.744 -9.990e-29
   40.43010  -73.83924     11.090     11.004     9.5620    28.9233      8.077     1.0087 9.9999e+04  1022.3306     9.5609    22.2800     9.8263    300.392    9.46625  289.38624    103.803 -9.990e-29
   40.43010  -73.83924     11.109     11.023     9.5644    28.9219      8.082     1.0087 9.9999e+04  1022.3289     9.5632    22.2787     9.8253    300.364    9.46611  289.38212    103.795 -9.990e-29
   40.43010  -73.83924     11.120     11.034     9.5649    28.9212      8.082     1.0221 9.9999e+04  1022.3283     9.5637    22.2780     9.8248    300.348    9.46599  289.37859    103.791 -9.990e-29
   40.43010  -73.83924     11.130     11.044     9.5642    28.9211      8.082     1.0221 9.9999e+04  1022.3285     9.5631    22.2779     9.8239    300.320    9.46587  289.37506    103.782 -9.990e-29
   40.43010  -73.83924     11.139     11.053     9.5636    28.9212      8.077     1.0221 9.9999e+04  1022.3290     9.5624    22.2781     9.8294    300.487    9.46573  289.37106    103.841 -9.990e-29
   40.43010  -73.83924     11.139     11.053     9.5634    28.9212      8.082     1.0221 9.9999e+04  1022.3291     9.5622    22.2781     9.8292    300.482    9.46554  289.36530    103.842 -9.990e-29
   40.43010  -73.83924     11.150     11.064     9.5637    28.9206      8.082     1.0221 9.9999e+04  1022.3289     9.5625    22.2775     9.8227    300.283    9.46537  289.36032    103.775 -9.990e-29
   40.43010  -73.83924     11.160     11.074     9.5653    28.9192      8.082     1.0490 9.9999e+04  1022.3275     9.5642    22.2762     9.8210    300.232    9.46523  289.35606    103.759 -9.990e-29
   40.43010  -73.83924     11.171     11.085     9.5689    28.9172      8.082     1.0490 9.9999e+04  1022.3250     9.5678    22.2742     9.8249    300.352    9.46505  289.35092    103.802 -9.990e-29
   40.43010  -73.83924     11.181     11.094     9.5722    28.9152      8.081     1.0490 9.9999e+04  1022.3228     9.5710    22.2723     9.8233    300.302    9.46488  289.34593    103.786 -9.990e-29
   40.43010  -73.83924     11.181     11.094     9.5736    28.9139      8.081     1.0490 9.9999e+04  1022.3216     9.5724    22.2709     9.8221    300.265    9.46474  289.34172    103.775 -9.990e-29
   40.43010  -73.83924     11.190     11.104     9.5744    28.9130      8.081     1.0490 9.9999e+04  1022.3211     9.5732    22.2701     9.8198    300.195    9.46467  289.33986    103.752 -9.990e-29
   40.43010  -73.83924     11.181     11.094     9.5751    28.9125      8.081     1.0490 9.9999e+04  1022.3204     9.5739    22.2695     9.8178    300.136    9.46454  289.33624    103.733 -9.990e-29
   40.43010  -73.83924     11.201     11.115     9.5755    28.9118      8.081     1.0490 9.9999e+04  1022.3206     9.5744    22.2688     9.8155    300.066    9.46438  289.33165    103.710 -9.990e-29
   40.43010  -73.83924     11.201     11.115     9.5780    28.9104      8.081     1.0490 9.9999e+04  1022.3189     9.5768    22.2675     9.8135    300.006    9.46415  289.32494    103.692 -9.990e-29
   40.43010  -73.83924     11.211     11.124     9.5813    28.9084      8.081     1.0490 9.9999e+04  1022.3165     9.5801    22.2654     9.8173    300.120    9.46395  289.31911    103.733 -9.990e-29
   40.43010  -73.83924     11.201     11.115     9.5842    28.9061      8.081     1.0490 9.9999e+04  1022.3144     9.5831    22.2632     9.8155    300.067    9.46381  289.31515    103.716 -9.990e-29
   40.43010  -73.83924     11.221     11.134     9.5875    28.9039      8.081     1.0490 9.9999e+04  1022.3120     9.5864    22.2610     9.8142    300.027    9.46365  289.31039    103.704 -9.990e-29
   40.43010  -73.83924     11.211     11.124     9.5904    28.9018      8.081     1.0490 9.9999e+04  1022.3097     9.5892    22.2590     9.8127    299.982    9.46364  289.31012    103.689 -9.990e-29
   40.43010  -73.83924     11.221     11.134     9.5922    28.9003      8.081     1.0490 9.9999e+04  1022.3085     9.5910    22.2575     9.8111    299.931    9.46371  289.31210    103.670 -9.990e-29
   40.43010  -73.83924     11.221     11.134     9.5935    28.8993      8.081     1.0490 9.9999e+04  1022.3074     9.5923    22.2564     9.8099    299.894    9.46378  289.31419    103.657 -9.990e-29
   40.43010  -73.83924     11.221     11.134     9.5943    28.8985      8.081     1.0490 9.9999e+04  1022.3070     9.5931    22.2557     9.8143    300.029    9.46384  289.31581    103.703 -9.990e-29
   40.43010  -73.83924     11.211     11.124     9.5953    28.8977      8.081     1.0490 9.9999e+04  1022.3059     9.5941    22.2549     9.8132    299.997    9.46388  289.31672    103.692 -9.990e-29
   40.43010  -73.83924     11.221     11.134     9.5958    28.8968      8.081     1.0490 9.9999e+04  1022.3053     9.5946    22.2541     9.8118    299.952    9.46388  289.31675    103.676 -9.990e-29
   40.43010  -73.83924     11.211     11.124     9.5966    28.8960      8.081     1.0490 9.9999e+04  1022.3044     9.5954    22.2534     9.8108    299.924    9.46388  289.31688    103.666 -9.990e-29
   40.43010  -73.83924     11.211     11.124     9.5969    28.8952      8.081     1.0490 9.9999e+04  1022.3038     9.5958    22.2528     9.8096    299.887    9.46392  289.31786    103.653 -9.990e-29
   40.43010  -73.83924     11.221     11.134     9.5974    28.8948      8.081     1.0490 9.9999e+04  1022.3033     9.5962    22.2523     9.8141    300.024    9.46399  289.32025    103.700 -9.990e-29
   40.43010  -73.83924     11.190     11.104     9.5974    28.8947      8.081     1.0490 9.9999e+04  1022.3032     9.5963    22.2522     9.8073    299.814    9.46415  289.32513    103.625 -9.990e-29
   40.43010  -73.83924     11.201     11.115     9.5976    28.8948      8.081     1.0490 9.9999e+04  1022.3034     9.5964    22.2523     9.8120    299.958    9.46423  289.32739    103.674 -9.990e-29
   40.43010  -73.83924     11.190     11.104     9.5981    28.8951      8.081     1.0490 9.9999e+04  1022.3035     9.5969    22.2525     9.8111    299.931    9.46420  289.32662    103.665 -9.990e-29
   40.43010  -73.83924     11.181     11.094     9.5986    28.8951      8.081     1.0490 9.9999e+04  1022.3036     9.5974    22.2524     9.8097    299.890    9.46404  289.32203    103.653 -9.990e-29
   40.43010  -73.83924     11.171     11.085     9.5997    28.8948      8.081     1.0490 9.9999e+04  1022.3030     9.5986    22.2520     9.8081    299.840    9.46388  289.31718    103.637 -9.990e-29
   40.43010  -73.83924     11.160     11.074     9.6011    28.8943      8.077     1.0490 9.9999e+04  1022.3022     9.5999    22.2513     9.8070    299.808    9.46376  289.31383    103.627 -9.990e-29
   40.43010  -73.83924     11.150     11.064     9.6022    28.8938      8.081     1.0490 -9.990e-29  1022.3016     9.6010    22.2508     9.8118    299.953    9.46373  289.31322    103.678 -9.990e-29
   40.43010  -73.83924     11.130     11.044     9.6032    28.8934      8.077     1.0490 9.9999e+04  1022.3011     9.6021    22.2504     9.8119    299.957    9.46372  289.31300    103.679 -9.990e-29
   40.43010  -73.83924     11.130     11.044     9.6037    28.8932      8.081     1.0490 9.9999e+04  1022.3009     9.6025    22.2501     9.8116    299.948    9.46358  289.30888    103.677 -9.990e-29
   40.43010  -73.83924     11.120     11.034     9.6047    28.8928      8.081     1.0490 -9.990e-29  1022.3004     9.6035    22.2497     9.8118    299.955    9.46344  289.30475    103.681 -9.990e-29
   40.43010  -73.83924     11.109     11.023     9.6057    28.8925      8.081     1.0490 9.9999e+04  1022.2998     9.6045    22.2493     9.8111    299.933    9.46331  289.30091    103.675 -9.990e-29
   40.43010  -73.83924     11.090     11.004     9.6065    28.8922      8.081     1.0490 -9.990e-29  1022.2996     9.6053    22.2489     9.8169    300.109    9.46323  289.29870    103.737 -9.990e-29
