CalculateIndicators/WaterTemperature/Data/CTD_NYOS/20240429_C33.cnv
* Sea-Bird SBE 9 Data File:
* FileName = C:\Seabird 9 CTD\Data\2024\202404_offshore\20240429_C33.hex
* Software Version Seasave V 7.23.2
* Temperature SN = 4590
* Conductivity SN = 3228
* Number of Bytes Per Scan = 44
* Number of Voltage Words = 5
* Number of Scans Averaged by the Deck Unit = 1
* NMEA Latitude = 40 29.67 N
* NMEA Longitude = 071 56.07 W
* NMEA UTC (Time) = Apr 29 2024  20:59:27
* NMEA baud rate = 4800
** Ship: Seawolf
** Station: 11.3
** Operator: TCM
# nquan = 18
# nvalues = 13220                       
# units = specified
# name 0 = latitude: Latitude [deg]
# name 1 = longitude: Longitude [deg]
# name 2 = prDM: Pressure, Digiquartz [db]
# name 3 = depSM: Depth [salt water, m]
# name 4 = t090C: Temperature [ITS-90, deg C]
# name 5 = sal00: Salinity, Practical [PSU]
# name 6 = ph: pH
# name 7 = flECO-AFL: Fluorescence, WET Labs ECO-AFL/FL [mg/m^3]
# name 8 = cpar: CPAR/Corrected Irradiance [%]
# name 9 = density00: Density [density, kg/m^3]
# name 10 = potemp090C: Potential Temperature [ITS-90, deg C]
# name 11 = sigma-é00: Density [sigma-theta, kg/m^3]
# name 12 = sbeox0Mg/L: Oxygen, SBE 43 [mg/l]
# name 13 = sbox0Mm/Kg: Oxygen, SBE 43 [umol/kg]
# name 14 = oxsolMg/L: Oxygen Saturation, Garcia & Gordon [mg/l]
# name 15 = oxsolMm/Kg: Oxygen Saturation, Garcia & Gordon [umol/kg]
# name 16 = sbeox0PS: Oxygen, SBE 43 [% saturation]
# name 17 = flag:  0.000e+00
# span 0 =   40.49450,   40.49466       
# span 1 =  -71.93658,  -71.93462       
# span 2 =      1.581,     61.337       
# span 3 =      1.568,     60.855       
# span 4 =     6.0676,     9.0854       
# span 5 =    31.3118,    31.9102       
# span 6 =      7.909,      8.073       
# span 7 =     0.0148,     3.0368       
# span 8 = 5.1411e-14, 9.3755e+00       
# span 9 =  1024.2085,  1025.3876       
# span 10 =     6.0627,     9.0852      
# span 11 =    24.2316,    25.1042      
# span 12 =     9.1833,    10.5976      
# span 13 =    279.968,    323.255      
# span 14 =    9.42731,   10.06774      
# span 15 =  287.63660,  306.95123      
# span 16 =     91.361,    110.610      
# span 17 = 0.0000e+00, 0.0000e+00      
# interval = seconds: 0.0416667
# start_time = Apr 29 2024 20:59:25 [System UTC, first data scan.]
# bad_flag = -9.990e-29
*END*
[from data line 965]
   40.49450  -71.93474     19.605     19.453     8.2667    31.6645      8.045     0.6595 7.2527e-01  1024.7066     8.2648    24.6172    10.1557    309.742    9.58983  292.48208    105.901 0.0000e+00
   40.49450  -71.93474     19.665     19.512     8.2649    31.6652      8.045     0.6460 7.2192e-01  1024.7078     8.2629    24.6180    10.1571    309.783    9.58989  292.48403    105.914 0.0000e+00
   40.49450  -71.93474     19.718     19.565     8.2637    31.6663      8.040     0.6595 7.1582e-01  1024.7091     8.2618    24.6190    10.1580    309.810    9.59004  292.48828    105.922 0.0000e+00
   40.49450  -71.93474     19.779     19.626     8.2629    31.6673      8.040     0.6595 7.1655e-01  1024.7104     8.2610    24.6199    10.1592    309.846    9.59014  292.49124    105.933 0.0000e+00
   40.49450  -71.93474     19.809     19.656     8.2620    31.6680      8.040     0.6595 7.1251e-01  1024.7113     8.2601    24.6206    10.1607    309.892    9.59026  292.49511    105.948 0.0000e+00
   40.49450  -71.93474     19.868     19.714     8.2611    31.6684      8.040     0.6595 7.0649e-01  1024.7119     8.2592    24.6211    10.1554    309.732    9.59031  292.49680    105.892 0.0000e+00
   40.49450  -71.93474     19.900     19.746     8.2603    31.6687      8.040     0.6595 7.0522e-01  1024.7124     8.2584    24.6215    10.1558    309.744    9.59044  292.50067    105.895 0.0000e+00
   40.49450  -71.93474     19.962     19.807     8.2592    31.6692      8.041     0.6595 7.0395e-01  1024.7130     8.2572    24.6219    10.1626    309.952    9.59051  292.50258    105.965 0.0000e+00
   40.49450  -71.93474     20.031     19.875     8.2581    31.6698      8.041     0.6595 6.9801e-01  1024.7142     8.2562    24.6226    10.1583    309.821    9.59060  292.50526    105.920 0.0000e+00
   40.49450  -71.93474     20.073     19.918     8.2575    31.6707      8.041     0.6595 6.9478e-01  1024.7149     8.2556    24.6233    10.1595    309.856    9.59060  292.50522    105.932 0.0000e+00
   40.49450  -71.93474     20.113     19.957     8.2572    31.6717      8.045     0.6595 6.9550e-01  1024.7161     8.2552    24.6242    10.1611    309.906    9.59068  292.50745    105.948 0.0000e+00
   40.49450  -71.93474     20.185     20.028     8.2572    31.6728      8.041     0.6595 6.8839e-01  1024.7175     8.2552    24.6250    10.1621    309.936    9.59069  292.50802    105.958 0.0000e+00
   40.49450  -71.93474     20.214     20.057     8.2575    31.6735      8.041     0.6729 6.8644e-01  1024.7182     8.2556    24.6256    10.1634    309.975    9.59077  292.51051    105.971 0.0000e+00
   40.49450  -71.93474     20.266     20.109     8.2580    31.6739      8.041     0.7669 6.8450e-01  1024.7184     8.2560    24.6259    10.1650    310.025    9.59084  292.51266    105.987 0.0000e+00
   40.49450  -71.93474     20.317     20.160     8.2585    31.6744      8.041     0.8072 6.7942e-01  1024.7189     8.2565    24.6262    10.1660    310.056    9.59091  292.51504    105.996 0.0000e+00
   40.49450  -71.93474     20.365     20.207     8.2593    31.6748      8.041     0.8206 6.7559e-01  1024.7197     8.2573    24.6264    10.1671    310.089    9.59085  292.51299    106.009 0.0000e+00
   40.49450  -71.93474     20.398     20.240     8.2601    31.6749      8.041     0.8072 6.7368e-01  1024.7196     8.2582    24.6264    10.1624    309.946    9.59090  292.51431    105.959 0.0000e+00
   40.49450  -71.93474     20.470     20.311     8.2599    31.6747      8.041     0.8072 6.6868e-01  1024.7198     8.2579    24.6262    10.1632    309.969    9.59085  292.51293    105.968 0.0000e+00
   40.49450  -71.93474     20.497     20.338     8.2595    31.6743      8.041     0.8072 6.6302e-01  1024.7195     8.2575    24.6260    10.1644    310.005    9.59090  292.51437    105.979 0.0000e+00
   40.49450  -71.93474     20.551     20.392     8.2588    31.6740      8.041     0.8072 6.6302e-01  1024.7196     8.2568    24.6258    10.1649    310.021    9.59091  292.51462    105.985 0.0000e+00
   40.49450  -71.93474     20.581     20.422     8.2582    31.6735      8.041     0.8072 6.5997e-01  1024.7197     8.2562    24.6255    10.1658    310.047    9.59097  292.51635    105.993 0.0000e+00
   40.49450  -71.93474     20.680     20.520     8.2573    31.6730      8.041     0.8072 6.5507e-01  1024.7197     8.2553    24.6252    10.1668    310.079    9.59100  292.51727    106.004 0.0000e+00
   40.49450  -71.93474     20.702     20.542     8.2559    31.6725      8.041     0.8072 6.5389e-01  1024.7194     8.2539    24.6250    10.1681    310.119    9.59105  292.51880    106.017 0.0000e+00
   40.49450  -71.93474     20.751     20.590     8.2542    31.6722      8.041     0.8072 6.5020e-01  1024.7198     8.2522    24.6250    10.1687    310.138    9.59107  292.51936    106.023 0.0000e+00
   40.49450  -71.93474     20.795     20.633     8.2528    31.6721      8.041     0.8072 6.4538e-01  1024.7202     8.2508    24.6251    10.1636    309.980    9.59114  292.52168    105.968 0.0000e+00
   40.49450  -71.93474     20.846     20.684     8.2513    31.6720      8.041     0.8072 6.4422e-01  1024.7204     8.2493    24.6252    10.1698    310.172    9.59109  292.51997    106.034 0.0000e+00
   40.49450  -71.93474     20.883     20.721     8.2500    31.6720      8.041     0.8072 6.4125e-01  1024.7208     8.2480    24.6255    10.1651    310.027    9.59116  292.52233    105.984 0.0000e+00
   40.49450  -71.93474     20.916     20.754     8.2485    31.6722      8.041     0.8072 6.3403e-01  1024.7216     8.2465    24.6259    10.1649    310.022    9.59120  292.52327    105.982 0.0000e+00
   40.49450  -71.93474     20.945     20.782     8.2474    31.6724      8.041     0.8072 6.3290e-01  1024.7219     8.2453    24.6262    10.1598    309.864    9.59121  292.52371    105.928 0.0000e+00
   40.49450  -71.93474     20.997     20.834     8.2461    31.6726      8.041     0.8072 6.3111e-01  1024.7225     8.2440    24.6265    10.1593    309.849    9.59125  292.52496    105.922 0.0000e+00
   40.49450  -71.93474     21.029     20.866     8.2451    31.6728      8.041     0.8072 6.2466e-01  1024.7227     8.2431    24.6269    10.1651    310.027    9.59128  292.52580    105.983 0.0000e+00
   40.49450  -71.93474     21.076     20.912     8.2441    31.6733      8.041     0.8072 6.2289e-01  1024.7238     8.2421    24.6274    10.1598    309.865    9.59132  292.52711    105.927 0.0000e+00
   40.49450  -71.93474     21.120     20.956     8.2433    31.6735      8.041     0.8072 6.2113e-01  1024.7244     8.2412    24.6277    10.1601    309.873    9.59141  292.52975    105.929 0.0000e+00
   40.49450  -71.93474     21.147     20.983     8.2426    31.6734      8.041     0.8072 6.1414e-01  1024.7243     8.2406    24.6277    10.1596    309.858    9.59140  292.52948    105.924 0.0000e+00
   40.49450  -71.93474     21.201     21.036     8.2416    31.6731      8.041     0.8072 6.1131e-01  1024.7244     8.2396    24.6276    10.1593    309.851    9.59145  292.53086    105.921 0.0000e+00
   40.49450  -71.93474     21.210     21.046     8.2407    31.6728      8.041     0.8072 6.1131e-01  1024.7243     8.2386    24.6275    10.1593    309.849    9.59143  292.53057    105.920 0.0000e+00
   40.49450  -71.93474     21.259     21.094     8.2389    31.6726      8.041     0.8072 6.0442e-01  1024.7246     8.2369    24.6276    10.1595    309.856    9.59149  292.53224    105.922 0.0000e+00
   40.49450  -71.93474     21.272     21.107     8.2374    31.6726      8.041     0.8878 5.9931e-01  1024.7250     8.2353    24.6278    10.1598    309.866    9.59144  292.53062    105.926 0.0000e+00
   40.49450  -71.93474     21.319     21.154     8.2360    31.6727      8.041     0.9818 5.9931e-01  1024.7255     8.2339    24.6281    10.1604    309.884    9.59145  292.53086    105.932 0.0000e+00
   40.49450  -71.93474     21.333     21.167     8.2345    31.6728      8.041     0.9952 5.9655e-01  1024.7258     8.2324    24.6284    10.1612    309.908    9.59144  292.53064    105.940 0.0000e+00
   40.49450  -71.93474     21.370     21.204     8.2332    31.6729      8.041     0.9952 5.9318e-01  1024.7263     8.2311    24.6286    10.1623    309.941    9.59152  292.53300    105.951 0.0000e+00
   40.49450  -71.93474     21.405     21.238     8.2319    31.6729      8.036     0.9952 5.9150e-01  1024.7268     8.2298    24.6288    10.1651    310.033    9.59302  292.58445    105.964 0.0000e+00
   40.49450  -71.93474     21.432     21.266     8.2306    31.6728      8.041     0.9952 5.8816e-01  1024.7268     8.2285    24.6290    10.1652    310.035    9.59259  292.56984    105.970 0.0000e+00
   40.49450  -71.93474     21.455     21.289     8.2290    31.6730      8.041     0.9952 5.8484e-01  1024.7272     8.2269    24.6294    10.1650    310.025    9.59171  292.53946    105.977 0.0000e+00
   40.49450  -71.93474     21.472     21.305     8.2274    31.6734      8.041     0.9952 5.8484e-01  1024.7281     8.2254    24.6299    10.1657    310.045    9.59148  292.53206    105.987 0.0000e+00
   40.49450  -71.93474     21.505     21.338     8.2263    31.6737      8.041     0.9952 5.8154e-01  1024.7286     8.2242    24.6303    10.1606    309.890    9.59146  292.53137    105.934 -9.990e-29
   40.49450  -71.93474     21.505     21.338     8.2255    31.6739      8.036     0.9952 5.7825e-01  1024.7289     8.2234    24.6306    10.1671    310.087    9.59138  292.52879    106.002 -9.990e-29
   40.49450  -71.93474     21.544     21.376     8.2248    31.6741      8.041     0.9952 5.7661e-01  1024.7291     8.2227    24.6308    10.1686    310.134    9.59141  292.52988    106.018 0.0000e+00
   40.49450  -71.93474     21.556     21.389     8.2235    31.6744      8.041     0.9952 5.7498e-01  1024.7298     8.2214    24.6312    10.1694    310.158    9.59142  292.53018    106.026 0.0000e+00
   40.49450  -71.93474     21.574     21.406     8.2232    31.6747      8.041     0.9952 5.7114e-01  1024.7300     8.2211    24.6315    10.1703    310.186    9.59144  292.53063    106.035 0.0000e+00
   40.49450  -71.93474     21.597     21.430     8.2224    31.6749      8.041     0.9818 5.7114e-01  1024.7306     8.2203    24.6318    10.1652    310.030    9.59141  292.52992    105.982 0.0000e+00
   40.49450  -71.93474     21.614     21.446     8.2219    31.6751      8.041     0.9952 5.6952e-01  1024.7309     8.2198    24.6321    10.1717    310.229    9.59144  292.53076    106.050 0.0000e+00
   40.49450  -71.93474     21.618     21.450     8.2212    31.6751      8.041     0.9952 5.6571e-01  1024.7311     8.2191    24.6321    10.1670    310.084    9.59144  292.53091    106.001 0.0000e+00
   40.49450  -71.93474     21.644     21.476     8.2212    31.6749      8.041     0.9952 5.6411e-01  1024.7306     8.2191    24.6320    10.1738    310.292    9.59146  292.53134    106.071 0.0000e+00
   40.49450  -71.93474     21.648     21.480     8.2206    31.6750      8.041     0.9952 5.6411e-01  1024.7309     8.2185    24.6321    10.1687    310.136    9.59163  292.53661    106.016 0.0000e+00
   40.49450  -71.93474     21.676     21.508     8.2201    31.6752      8.041     0.9952 5.6034e-01  1024.7315     8.2180    24.6324    10.1690    310.145    9.59178  292.54147    106.017 0.0000e+00
   40.49450  -71.93474     21.688     21.520     8.2196    31.6754      8.041     0.9952 5.5875e-01  1024.7319     8.2175    24.6326    10.1702    310.181    9.59185  292.54329    106.029 -9.990e-29
   40.49450  -71.93474     21.685     21.517     8.2198    31.6755      8.041     0.9818 5.5875e-01  1024.7314     8.2177    24.6327    10.1707    310.199    9.59197  292.54722    106.034 -9.990e-29
   40.49450  -71.93474     21.718     21.550     8.2191    31.6757      8.041     0.9952 5.5659e-01  1024.7324     8.2170    24.6329    10.1715    310.222    9.59214  292.55231    106.040 0.0000e+00
   40.49450  -71.93474     21.736     21.568     8.2191    31.6757      8.041     0.9952 5.5659e-01  1024.7323     8.2170    24.6330    10.1724    310.248    9.59230  292.55710    106.047 -9.990e-29
   40.49450  -71.93474     21.729     21.561     8.2188    31.6755      8.041     0.9952 5.5601e-01  1024.7322     8.2167    24.6328    10.1734    310.279    9.59243  292.56092    106.056 -9.990e-29
   40.49450  -71.93474     21.767     21.598     8.2186    31.6750      8.041     0.9952 5.5601e-01  1024.7320     8.2165    24.6324    10.1745    310.313    9.59254  292.56439    106.067 0.0000e+00
   40.49450  -71.93474     21.801     21.632     8.2188    31.6745      8.041     1.0355 5.5543e-01  1024.7308     8.2167    24.6321    10.1758    310.353    9.59269  292.56902    106.078 0.0000e+00
   40.49450  -71.93474     21.817     21.648     8.2186    31.6749      8.041     1.0490 5.5543e-01  1024.7321     8.2165    24.6324    10.1772    310.395    9.59279  292.57189    106.092 -9.990e-29
   40.49450  -71.93474     21.811     21.641     8.2182    31.6754      8.041     1.0490 5.5543e-01  1024.7328     8.2160    24.6328    10.1787    310.442    9.59290  292.57528    106.107 -9.990e-29
   40.49450  -71.93474     21.806     21.637     8.2185    31.6755      8.041     1.0490 5.5329e-01  1024.7325     8.2164    24.6329    10.1735    310.283    9.59311  292.58180    106.050 -9.990e-29
   40.49450  -71.93474     21.820     21.651     8.2183    31.6755      8.041     1.0490 5.5329e-01  1024.7325     8.2162    24.6329    10.1736    310.287    9.59325  292.58607    106.050 0.0000e+00
   40.49450  -71.93474     21.838     21.669     8.2182    31.6756      8.041     1.0490 5.5329e-01  1024.7328     8.2160    24.6330    10.1801    310.485    9.59351  292.59398    106.115 0.0000e+00
   40.49450  -71.93474     21.871     21.701     8.2180    31.6756      8.041     1.0490 5.5271e-01  1024.7328     8.2159    24.6330    10.1754    310.343    9.59384  292.60430    106.062 -9.990e-29
   40.49450  -71.93474     21.868     21.699     8.2178    31.6756      8.041     1.0490 5.5271e-01  1024.7328     8.2157    24.6330    10.1766    310.378    9.59450  292.62495    106.067 -9.990e-29
   40.49450  -71.93474     21.882     21.712     8.2175    31.6756      8.036     1.0490 5.5271e-01  1024.7332     8.2154    24.6331    10.1779    310.418    9.59521  292.64634    106.073 -9.990e-29
   40.49450  -71.93474     21.878     21.708     8.2175    31.6756      8.036     1.0490 5.5370e-01  1024.7329     8.2154    24.6331    10.1792    310.458    9.59581  292.66457    106.080 -9.990e-29
   40.49450  -71.93474     21.901     21.732     8.2170    31.6757      8.041     1.0490 5.5370e-01  1024.7334     8.2149    24.6332    10.1748    310.325    9.59663  292.68997    106.025 0.0000e+00
   40.49450  -71.93474     21.908     21.738     8.2173    31.6758      8.041     1.0490 5.5313e-01  1024.7333     8.2152    24.6332    10.1813    310.522    9.59759  292.71921    106.082 0.0000e+00
   40.49450  -71.93474     21.912     21.742     8.2170    31.6757      8.041     1.0490 5.5157e-01  1024.7333     8.2149    24.6332    10.1834    310.584    9.59843  292.74440    106.094 0.0000e+00
   40.49450  -71.93474     21.929     21.759     8.2168    31.6757      8.041     1.0490 5.5099e-01  1024.7334     8.2147    24.6332    10.1843    310.612    9.59895  292.75957    106.098 0.0000e+00
   40.49450  -71.93474     21.952     21.782     8.2168    31.6757      8.041     1.0490 5.5099e-01  1024.7334     8.2147    24.6332    10.1851    310.635    9.59921  292.76706    106.103 0.0000e+00
   40.49450  -71.93474     21.969     21.798     8.2165    31.6757      8.041     1.0490 5.4887e-01  1024.7338     8.2144    24.6332    10.1850    310.632    9.59944  292.77373    106.100 0.0000e+00
   40.49450  -71.93474     21.973     21.803     8.2165    31.6756      8.041     1.0490 5.4887e-01  1024.7335     8.2144    24.6331    10.1848    310.627    9.59958  292.77760    106.097 0.0000e+00
   40.49450  -71.93474     22.001     21.830     8.2163    31.6754      8.036     1.0490 5.4887e-01  1024.7336     8.2142    24.6331    10.1794    310.463    9.59961  292.77846    106.040 -9.990e-29
