CalculateIndicators/WaterTemperature/Data/CTD_NYOS/20240913_C18.cnv
* Sea-Bird SBE 9 Data File:
* FileName = C:\Seabird 9 CTD\Data\2024\202409_offshore\20240913_C18.hex
* Software Version Seasave V 7.23.2
* Temperature SN = 4590
* Conductivity SN = 3228
* Number of Bytes Per Scan = 44
* Number of Voltage Words = 5
* Number of Scans Averaged by the Deck Unit = 1
* NMEA Latitude = 40 13.00 N
* NMEA Longitude = 072 41.79 W
* NMEA UTC (Time) = Sep 13 2024  15:49:23
* NMEA baud rate = 4800
** Ship: Seawolf
** Station: 9.3
** Operator: TDK
# nquan = 18
# nvalues = 13989                       
# units = specified
# name 0 = latitude: Latitude [deg]
# name 1 = longitude: Longitude [deg]
# name 2 = prDM: Pressure, Digiquartz [db]
# name 3 = depSM: Depth [salt water, m]
# name 4 = t090C: Temperature [ITS-90, deg C]
# name 5 = sal00: Salinity, Practical [PSU]
# name 6 = ph: pH
# name 7 = flECO-AFL: Fluorescence, WET Labs ECO-AFL/FL [mg/m^3]
# name 8 = cpar: CPAR/Corrected Irradiance [%]
# name 9 = density00: Density [density, kg/m^3]
# name 10 = potemp090C: Potential Temperature [ITS-90, deg C]
# name 11 = sigma-é00: Density [sigma-theta, kg/m^3]
# name 12 = sbeox0Mg/L: Oxygen, SBE 43 [mg/l]
# name 13 = sbox0Mm/Kg: Oxygen, SBE 43 [umol/kg]
# name 14 = oxsolMg/L: Oxygen Saturation, Garcia & Gordon [mg/l]
# name 15 = oxsolMm/Kg: Oxygen Saturation, Garcia & Gordon [umol/kg]
# name 16 = sbeox0PS: Oxygen, SBE 43 [% saturation]
# name 17 = flag:  0.000e+00
# span 0 =   40.21614,   40.21672       
# span 1 =  -72.69976,  -72.69666       
# span 2 =      1.903,     52.345       
# span 3 =      1.889,     51.936       
# span 4 =     8.5839,    21.2982       
# span 5 =    31.6483,    32.3965       
# span 6 =      7.803,      8.212       
# span 7 =    -0.0792,     2.5935       
# span 8 = 6.8738e-02, 1.7312e+02       
# span 9 =  1022.2196,  1025.1346       
# span 10 =     8.5790,    21.2978      
# span 11 =    22.2109,    24.8976      
# span 12 =     6.5661,     9.6876      
# span 13 =    200.211,    295.548      
# span 14 =    7.34698,    9.49607      
# span 15 =  224.60731,  289.57945      
# span 16 =     69.247,    110.383      
# span 17 = 0.0000e+00, 0.0000e+00      
# interval = seconds: 0.0416667
# start_time = Sep 13 2024 15:49:23 [System UTC, first data scan.]
# bad_flag = -9.990e-29
*END*
[from data line 13186]
   40.21616  -72.69954      1.913      1.898    21.2825    32.1064 -9.990e-29    -0.0255 2.6103e+01  1022.2250    21.2821    22.2168     7.0517    215.581    7.34806  224.63975     95.967 -9.990e-29
   40.21616  -72.69954      1.903      1.889    21.2826    32.1064 -9.990e-29    -0.0255 3.7822e+01  1022.2250    21.2822    22.2168     7.0519    215.587    7.34809  224.64086     95.970 -9.990e-29
   40.21616  -72.69954      1.903      1.889    21.2825    32.1064 -9.990e-29    -0.0255 4.4937e+01  1022.2249    21.2821    22.2168     7.0518    215.584    7.34810  224.64111     95.968 -9.990e-29
   40.21616  -72.69954      1.903      1.889    21.2822    32.1065 -9.990e-29    -0.0255 4.6532e+01  1022.2251    21.2819    22.2169     7.0518    215.582    7.34815  224.64249     95.967 -9.990e-29
   40.21616  -72.69954      1.903      1.889    21.2821    32.1067 -9.990e-29    -0.0255 6.9250e+01  1022.2254    21.2817    22.2171     7.0521    215.591    7.34815  224.64227     95.971 -9.990e-29
   40.21616  -72.69954      1.903      1.889    21.2821    32.1069 -9.990e-29    -0.0255 8.6988e+01  1022.2256    21.2818    22.2173     7.0521    215.591    7.34814  224.64213     95.971 -9.990e-29
   40.21616  -72.69954      1.903      1.889    21.2824    32.1071 -9.990e-29    -0.0255 8.8819e+01  1022.2256    21.2821    22.2174     7.0525    215.604    7.34813  224.64181     95.977 -9.990e-29
   40.21616  -72.69954      1.913      1.898    21.2826    32.1071 -9.990e-29    -0.0255 5.0533e+01  1022.2257    21.2822    22.2174     7.0529    215.617    7.34809  224.64053     95.983 -9.990e-29
   40.21616  -72.69954      1.903      1.889    21.2825    32.1071 -9.990e-29    -0.0255 3.3024e+01  1022.2256    21.2821    22.2173     7.0534    215.633    7.34806  224.63955     95.991 -9.990e-29
   40.21616  -72.69954      1.913      1.898    21.2828    32.1070 -9.990e-29    -0.0255 3.0869e+01  1022.2254    21.2824    22.2172     7.0540    215.650    7.34803  224.63874     95.998 -9.990e-29
   40.21616  -72.69954      1.903      1.889    21.2828    32.1068 -9.990e-29    -0.0255 3.5930e+01  1022.2255    21.2825    22.2171     7.0589    215.801    7.34801  224.63807     96.066 -9.990e-29
   40.21616  -72.69954      1.903      1.889    21.2828    32.1066 -9.990e-29    -0.0255 4.1587e+01  1022.2249    21.2824    22.2169     7.0596    215.822    7.34801  224.63816     96.075 -9.990e-29
   40.21616  -72.69954      1.913      1.898    21.2828    32.1066 -9.990e-29    -0.0255 4.2915e+01  1022.2251    21.2824    22.2169     7.0647    215.976    7.34802  224.63846     96.144 -9.990e-29
   40.21616  -72.69954      1.923      1.908    21.2828    32.1067 -9.990e-29    -0.0255 4.5473e+01  1022.2255    21.2825    22.2170     7.0614    215.876    7.34799  224.63744     96.100 -9.990e-29
   40.21616 -9.990e-29      1.903      1.889    21.2828    32.1067 -9.990e-29    -0.0389 4.9239e+01  1022.2251    21.2824    22.2170     7.0621    215.898    7.34798  224.63720     96.110 -9.990e-29
   40.21616 -9.990e-29      1.923      1.908    21.2824    32.1067 -9.990e-29    -0.0524 5.0259e+01  1022.2254    21.2820    22.2170     7.0668    216.043    7.34797  224.63694     96.174 -9.990e-29
   40.21616 -9.990e-29      1.913      1.898    21.2828    32.1068 -9.990e-29    -0.0524 4.9377e+01  1022.2251    21.2825    22.2170     7.0637    215.946    7.34800  224.63803     96.131 -9.990e-29
   40.21616 -9.990e-29      1.914      1.900    21.2828    32.1068 -9.990e-29    -0.0524 4.7526e+01  1022.2255    21.2824    22.2170     7.0646    215.973    7.34807  224.63998     96.142 -9.990e-29
   40.21616 -9.990e-29      1.923      1.908    21.2829    32.1066 -9.990e-29    -0.0524 4.7010e+01  1022.2250    21.2826    22.2168     7.0697    216.130    7.34807  224.64017     96.212 -9.990e-29
   40.21616 -9.990e-29      1.923      1.908    21.2832    32.1063 -9.990e-29    -0.0524 4.8214e+01  1022.2248    21.2828    22.2167     7.0749    216.289    7.34807  224.64018     96.282 -9.990e-29
   40.21616 -9.990e-29      1.923      1.908    21.2826    32.1063 -9.990e-29    -0.0524 5.1974e+01  1022.2250    21.2822    22.2167     7.0717    216.192    7.34808  224.64040     96.239 -9.990e-29
   40.21616 -9.990e-29      1.934      1.919    21.2828    32.1065 -9.990e-29    -0.0524 5.3412e+01  1022.2251    21.2825    22.2168     7.0726    216.218    7.34810  224.64100     96.250 -9.990e-29
   40.21616 -9.990e-29      1.934      1.919    21.2826    32.1068 -9.990e-29    -0.0524 5.2224e+01  1022.2256    21.2822    22.2170     7.0734    216.243    7.34810  224.64109     96.262 -9.990e-29
   40.21616 -9.990e-29      1.934      1.919    21.2829    32.1068 -9.990e-29    -0.0524 4.5465e+01  1022.2253    21.2825    22.2171     7.0782    216.390    7.34812  224.64160     96.327 -9.990e-29
   40.21616 -9.990e-29      1.935      1.920    21.2826    32.1068 -9.990e-29    -0.0524 4.2703e+01  1022.2254    21.2823    22.2171     7.0790    216.414    7.34812  224.64161     96.337 -9.990e-29
   40.21616 -9.990e-29      1.943      1.928    21.2829    32.1068 -9.990e-29    -0.0524 4.4168e+01  1022.2253    21.2825    22.2171     7.0801    216.447    7.34813  224.64169     96.352 -9.990e-29
   40.21616 -9.990e-29      1.943      1.928    21.2824    32.1068 -9.990e-29    -0.0524 6.6719e+01  1022.2256    21.2820    22.2171     7.0812    216.482    7.34814  224.64220     96.367 -9.990e-29
   40.21616 -9.990e-29      1.954      1.939    21.2830    32.1069 -9.990e-29    -0.0524 8.2845e+01  1022.2253    21.2827    22.2171     7.0823    216.515    7.34814  224.64209     96.382 -9.990e-29
   40.21616 -9.990e-29      1.954      1.939    21.2829    32.1071 -9.990e-29    -0.0524 8.4018e+01  1022.2258    21.2825    22.2172     7.0830    216.536    7.34815  224.64253     96.392 -9.990e-29
   40.21616 -9.990e-29      1.973      1.958    21.2830    32.1074 -9.990e-29    -0.0524 5.6455e+01  1022.2259    21.2827    22.2174     7.0836    216.556    7.34812  224.64151     96.401 -9.990e-29
   40.21616 -9.990e-29      1.964      1.949    21.2833    32.1076 -9.990e-29    -0.0524 4.3014e+01  1022.2262    21.2829    22.2176     7.0886    216.707    7.34811  224.64104     96.468 -9.990e-29
   40.21616 -9.990e-29      1.984      1.969    21.2837    32.1078 -9.990e-29    -0.0524 4.1354e+01  1022.2261    21.2833    22.2176     7.0895    216.736    7.34810  224.64070     96.481 -9.990e-29
   40.21616 -9.990e-29      1.994      1.979    21.2839    32.1081 -9.990e-29    -0.0524 3.7237e+01  1022.2263    21.2835    22.2177     7.0904    216.763    7.34807  224.64004     96.494 -9.990e-29
   40.21616  -72.69956      1.994      1.979    21.2845    32.1084 -9.990e-29    -0.0524 3.3558e+01  1022.2264    21.2842    22.2179     7.0913    216.789    7.34809  224.64066     96.505 -9.990e-29
   40.21616  -72.69956      2.015      1.999    21.2849    32.1087 -9.990e-29    -0.0524 3.2812e+01  1022.2269    21.2845    22.2180     7.0921    216.815    7.34810  224.64108     96.516 -9.990e-29
   40.21616  -72.69956      2.015      1.999    21.2855    32.1087 -9.990e-29    -0.0524 4.2260e+01  1022.2264    21.2851    22.2178     7.0929    216.839    7.34813  224.64190     96.527 -9.990e-29
   40.21616  -72.69956      2.035      2.020    21.2859    32.1087 -9.990e-29    -0.0524 5.7415e+01  1022.2264    21.2855    22.2176     7.0937    216.864    7.34820  224.64409     96.537 -9.990e-29
   40.21616  -72.69956      2.045      2.029    21.2869    32.1088 -9.990e-29    -0.0524 6.1596e+01  1022.2263    21.2865    22.2175     7.0944    216.886    7.34826  224.64605     96.546 -9.990e-29
   40.21616  -72.69956      2.065      2.050    21.2872    32.1087 -9.990e-29    -0.0524 5.7254e+01  1022.2265    21.2868    22.2173     7.0951    216.908    7.34833  224.64818     96.554 -9.990e-29
   40.21616  -72.69956      2.065      2.050    21.2879    32.1084 -9.990e-29    -0.0524 5.0978e+01  1022.2257    21.2875    22.2169     7.0958    216.929    7.34844  224.65132     96.562 -9.990e-29
   40.21616  -72.69956      2.085      2.069    21.2885    32.1081 -9.990e-29    -0.0389 4.9327e+01  1022.2256    21.2881    22.2165     7.0960    216.935    7.34847  224.65208     96.565 -9.990e-29
   40.21616  -72.69956      2.105      2.089    21.2888    32.1078 -9.990e-29    -0.0389 4.8542e+01  1022.2252    21.2884    22.2162     7.0962    216.940    7.34849  224.65262     96.567 -9.990e-29
   40.21616  -72.69956      2.115      2.099    21.2892    32.1076 -9.990e-29    -0.0389 4.6055e+01  1022.2248    21.2888    22.2160     7.0962    216.940    7.34845  224.65153     96.567 -9.990e-29
   40.21616  -72.69956      2.135      2.119    21.2891    32.1076 -9.990e-29    -0.0524 4.5068e+01  1022.2254    21.2887    22.2159     7.1005    217.072    7.34844  224.65093     96.627 -9.990e-29
   40.21616  -72.69956      2.137      2.120    21.2897    32.1074 -9.990e-29    -0.0389 4.5911e+01  1022.2250    21.2893    22.2157     7.0965    216.948    7.34839  224.64935     96.572 -9.990e-29
   40.21616  -72.69956      2.166      2.149    21.2901    32.1070 -9.990e-29    -0.0389 4.9214e+01  1022.2246    21.2896    22.2153     7.1006    217.075    7.34835  224.64826     96.629 -9.990e-29
   40.21616  -72.69956      2.166      2.149    21.2902    32.1066 -9.990e-29    -0.0389 5.0617e+01  1022.2241    21.2898    22.2150     7.1011    217.090    7.34830  224.64698     96.636 -9.990e-29
   40.21616  -72.69956      2.186      2.170    21.2899    32.1064 -9.990e-29    -0.0389 5.0009e+01  1022.2247    21.2895    22.2148     7.1012    217.092    7.34829  224.64640     96.637 -9.990e-29
   40.21616  -72.69956      2.196      2.179    21.2898    32.1060 -9.990e-29    -0.0389 4.3782e+01  1022.2238    21.2894    22.2145     7.1012    217.092    7.34826  224.64577     96.637 -9.990e-29
   40.21616  -72.69956      2.207      2.190    21.2897    32.1057 -9.990e-29    -0.0389 4.1041e+01  1022.2236    21.2893    22.2144     7.1011    217.089    7.34822  224.64428     96.637 -9.990e-29
   40.21616  -72.69956      2.228      2.210    21.2894    32.1059 -9.990e-29    -0.0389 4.0468e+01  1022.2243    21.2889    22.2147     7.1009    217.085    7.34820  224.64385     96.635 -9.990e-29
   40.21616  -72.69956      2.217      2.199    21.2889    32.1063 -9.990e-29    -0.0389 3.2289e+01  1022.2245    21.2885    22.2150     7.0964    216.946    7.34817  224.64312     96.574 -9.990e-29
   40.21616  -72.69956      2.247      2.229    21.2888    32.1066 -9.990e-29    -0.0524 2.7764e+01  1022.2251    21.2884    22.2153     7.1001    217.059    7.34814  224.64212     96.624 -9.990e-29
   40.21616  -72.69956      2.247      2.229    21.2888    32.1069 -9.990e-29    -0.0389 2.7268e+01  1022.2252    21.2884    22.2155     7.0998    217.049    7.34815  224.64245     96.620 -9.990e-29
   40.21616  -72.69956      2.258      2.240    21.2888    32.1070 -9.990e-29    -0.0389 3.0198e+01  1022.2254    21.2884    22.2156     7.0994    217.036    7.34813  224.64196     96.614 -9.990e-29
   40.21616  -72.69956      2.267      2.250    21.2892    32.1071 -9.990e-29    -0.0389 3.2801e+01  1022.2252    21.2887    22.2156     7.0989    217.023    7.34816  224.64261     96.608 -9.990e-29
   40.21616  -72.69956      2.288      2.270    21.2893    32.1072 -9.990e-29    -0.0389 3.3210e+01  1022.2256    21.2889    22.2156     7.0940    216.873    7.34814  224.64210     96.542 -9.990e-29
   40.21616  -72.69956      2.277      2.259    21.2895    32.1072 -9.990e-29    -0.0389 3.1928e+01  1022.2255    21.2890    22.2156     7.0974    216.976    7.34813  224.64186     96.588 -9.990e-29
   40.21616  -72.69956      2.288      2.270    21.2897    32.1070 -9.990e-29    -0.0389 3.0635e+01  1022.2253    21.2893    22.2154     7.0968    216.957    7.34816  224.64280     96.579 -9.990e-29
   40.21616  -72.69956      2.307      2.289    21.2898    32.1068 -9.990e-29    -0.0389 3.0403e+01  1022.2251    21.2894    22.2152     7.0964    216.946    7.34818  224.64329     96.573 -9.990e-29
   40.21616  -72.69956      2.307      2.289    21.2899    32.1067 -9.990e-29    -0.0389 2.8363e+01  1022.2249    21.2894    22.2150     7.0916    216.801    7.34820  224.64420     96.508 -9.990e-29
   40.21616  -72.69956      2.318      2.300    21.2900    32.1067 -9.990e-29    -0.0389 2.4992e+01  1022.2251    21.2896    22.2150     7.0912    216.788    7.34826  224.64580     96.502 -9.990e-29
   40.21616  -72.69956      2.328      2.310    21.2900    32.1067 -9.990e-29    -0.0389 2.4115e+01  1022.2252    21.2896    22.2150     7.0904    216.763    7.34830  224.64729     96.490 -9.990e-29
   40.21616  -72.69956      2.328      2.310    21.2903    32.1065 -9.990e-29    -0.0389 2.6112e+01  1022.2248    21.2898    22.2149     7.0895    216.736    7.34833  224.64792     96.478 -9.990e-29
   40.21616  -72.69956      2.339      2.321    21.2900    32.1064 -9.990e-29    -0.0255 3.1765e+01  1022.2249    21.2896    22.2148     7.0890    216.718    7.34835  224.64842     96.470 -9.990e-29
   40.21616  -72.69956      2.348      2.330    21.2895    32.1064 -9.990e-29    -0.0255 3.3859e+01  1022.2251    21.2891    22.2149     7.0880    216.690    7.34840  224.65005     96.457 -9.990e-29
   40.21616  -72.69956      2.339      2.321    21.2895    32.1063 -9.990e-29    -0.0255 3.8287e+01  1022.2250    21.2890    22.2149     7.0870    216.658    7.34839  224.64977     96.443 -9.990e-29
   40.21616  -72.69956      2.369      2.351    21.2895    32.1062 -9.990e-29    -0.0255 6.0206e+01  1022.2251    21.2890    22.2148     7.0820    216.506    7.34843  224.65086     96.374 -9.990e-29
   40.21616  -72.69956      2.369      2.351    21.2895    32.1061 -9.990e-29    -0.0255 7.1874e+01  1022.2249    21.2891    22.2147     7.0813    216.485    7.34844  224.65128     96.365 -9.990e-29
   40.21616  -72.69956      2.369      2.351    21.2895    32.1060 -9.990e-29    -0.0255 6.7184e+01  1022.2247    21.2890    22.2146     7.0803    216.453    7.34847  224.65213     96.350 -9.990e-29
   40.21616  -72.69956      2.379      2.360    21.2894    32.1060 -9.990e-29    -0.0255 3.7965e+01  1022.2250    21.2889    22.2147     7.0792    216.421    7.34851  224.65330     96.336 -9.990e-29
   40.21616  -72.69956      2.379      2.360    21.2891    32.1062 -9.990e-29    -0.0255 2.8764e+01  1022.2253    21.2887    22.2149     7.0781    216.387    7.34848  224.65253     96.321 -9.990e-29
   40.21616  -72.69956      2.399      2.381    21.2891    32.1064 -9.990e-29    -0.0255 2.7990e+01  1022.2253    21.2887    22.2151     7.0774    216.365    7.34852  224.65369     96.311 -9.990e-29
   40.21616  -72.69956      2.388      2.370    21.2890    32.1065 -9.990e-29    -0.0255 2.1916e+01  1022.2255    21.2886    22.2152     7.0723    216.210    7.34853  224.65364     96.242 -9.990e-29
   40.21616  -72.69956      2.399      2.381    21.2888    32.1067 -9.990e-29    -0.0255 1.8655e+01  1022.2258    21.2883    22.2154     7.0712    216.177    7.34851  224.65328     96.227 -9.990e-29
   40.21616  -72.69956      2.399      2.381    21.2888    32.1067 -9.990e-29    -0.0255 1.8240e+01  1022.2258    21.2884    22.2154     7.0702    216.144    7.34852  224.65344     96.212 -9.990e-29
   40.21616  -72.69956      2.399      2.381    21.2888    32.1067 -9.990e-29    -0.0255 2.6215e+01  1022.2257    21.2883    22.2154     7.0734    216.244    7.34850  224.65288     96.257 -9.990e-29
   40.21616  -72.69956      2.410      2.392    21.2889    32.1068 -9.990e-29    -0.0255 3.4658e+01  1022.2259    21.2885    22.2155     7.0684    216.091    7.34852  224.65350     96.188 -9.990e-29
   40.21616  -72.69956      2.409      2.390    21.2890    32.1069 -9.990e-29    -0.0255 3.6325e+01  1022.2259    21.2886    22.2155     7.0674    216.058    7.34849  224.65272     96.174 -9.990e-29
   40.21616  -72.69956      2.399      2.381    21.2891    32.1068 -9.990e-29    -0.0255 6.0938e+01  1022.2258    21.2887    22.2154     7.0667    216.039    7.34853  224.65390     96.165 -9.990e-29
