CalculateIndicators/WaterTemperature/Data/CTD_NYOS/20240915_C32.cnv
* Sea-Bird SBE 9 Data File:
* FileName = C:\Seabird 9 CTD\Data\2024\202409_offshore\20240915_C32.hex
* Software Version Seasave V 7.23.2
* Temperature SN = 4590
* Conductivity SN = 3228
* Number of Bytes Per Scan = 44
* Number of Voltage Words = 5
* Number of Scans Averaged by the Deck Unit = 1
* NMEA Latitude = 40 07.11 N
* NMEA Longitude = 071 40.36 W
* NMEA UTC (Time) = Sep 15 2024  02:00:20
* NMEA baud rate = 4800
** Ship: Seawolf
** Station: 11.5
** Operator: TCM
# nquan = 18
# nvalues = 15146                       
# units = specified
# name 0 = latitude: Latitude [deg]
# name 1 = longitude: Longitude [deg]
# name 2 = prDM: Pressure, Digiquartz [db]
# name 3 = depSM: Depth [salt water, m]
# name 4 = t090C: Temperature [ITS-90, deg C]
# name 5 = sal00: Salinity, Practical [PSU]
# name 6 = ph: pH
# name 7 = flECO-AFL: Fluorescence, WET Labs ECO-AFL/FL [mg/m^3]
# name 8 = cpar: CPAR/Corrected Irradiance [%]
# name 9 = density00: Density [density, kg/m^3]
# name 10 = potemp090C: Potential Temperature [ITS-90, deg C]
# name 11 = sigma-é00: Density [sigma-theta, kg/m^3]
# name 12 = sbeox0Mg/L: Oxygen, SBE 43 [mg/l]
# name 13 = sbox0Mm/Kg: Oxygen, SBE 43 [umol/kg]
# name 14 = oxsolMg/L: Oxygen Saturation, Garcia & Gordon [mg/l]
# name 15 = oxsolMm/Kg: Oxygen Saturation, Garcia & Gordon [umol/kg]
# name 16 = sbeox0PS: Oxygen, SBE 43 [% saturation]
# name 17 = flag:  0.000e+00
# span 0 =   40.11850,   40.11860       
# span 1 =  -71.67420,  -71.67276       
# span 2 =      1.891,     79.604       
# span 3 =      1.877,     78.978       
# span 4 =    10.8651,    23.4683       
# span 5 =    32.2441,    34.4461       
# span 6 =      7.944,      8.232       
# span 7 =    -0.0658,     2.2040       
# span 8 = 1.6880e-11, 9.9999e+04       
# span 9 =  1023.2723,  1026.4529       
# span 10 =    10.8600,    23.4658      
# span 11 =    23.2526,    26.0981      
# span 12 =     6.2284,     8.4348      
# span 13 =    189.696,    257.343      
# span 14 =    6.97435,    9.00192      
# span 15 =  212.97341,  274.49983      
# span 16 =     72.193,    102.082      
# span 17 = 0.0000e+00, 0.0000e+00      
# interval = seconds: 0.0416667
# start_time = Sep 15 2024 02:00:21 [System UTC, first data scan.]
# bad_flag = -9.990e-29
*END*
[from data line 1367]
   40.11852  -71.67286     26.665     26.458    18.8493    33.2948      8.199     0.1625 1.6880e-11  1023.8748    18.8446    23.7577     7.7834    237.582    7.72228  235.71816    100.791 0.0000e+00
   40.11852  -71.67286     26.674     26.468    18.8373    33.2902      8.200     0.1625 1.6880e-11  1023.8702    18.8326    23.7570     7.7851    237.633    7.72429  235.77857    100.787 0.0000e+00
   40.11852  -71.67286     26.684     26.478    18.8240    33.2895      8.200     0.1625 1.6880e-11  1023.8738    18.8193    23.7593     7.7907    237.807    7.72633  235.84094    100.834 -9.990e-29
   40.11852  -71.67286     26.684     26.478    18.8154    33.2915      8.200     0.1759 1.6880e-11  1023.8820    18.8107    23.7631     7.7922    237.853    7.72861  235.91110    100.823 -9.990e-29
   40.11852  -71.67286     26.705     26.498    18.8101    33.2898      8.200     0.1759 1.6880e-11  1023.8825    18.8055    23.7636     7.7897    237.777    7.73096  235.98248    100.760 0.0000e+00
   40.11852  -71.67286     26.725     26.519    18.8028    33.2837      8.200     0.1894 1.6880e-11  1023.8754    18.7982    23.7610     7.7909    237.810    7.73293  236.04118    100.749 0.0000e+00
   40.11852  -71.67286     26.739     26.532    18.7917    33.2787      8.200     0.1759 1.6880e-11  1023.8743    18.7870    23.7594     7.7914    237.825    7.73454  236.08872    100.736 0.0000e+00
   40.11852  -71.67286     26.756     26.549    18.7833    33.2763      8.200     0.1894 1.6880e-11  1023.8767    18.7786    23.7597     7.7926    237.862    7.73655  236.15079    100.725 0.0000e+00
   40.11852  -71.67286     26.765     26.558    18.7772    33.2744      8.200     0.1759 1.6880e-11  1023.8764    18.7726    23.7600     7.7943    237.914    7.73922  236.23347    100.711 0.0000e+00
   40.11852  -71.67286     26.786     26.579    18.7706    33.2733      8.200     0.1759 1.6880e-11  1023.8756    18.7660    23.7610     7.8006    238.106    7.74208  236.32125    100.755 0.0000e+00
   40.11852  -71.67286     26.797     26.590    18.7621    33.2752      8.200     0.1894 1.6880e-11  1023.8798    18.7574    23.7642     7.7986    238.046    7.74525  236.41868    100.688 0.0000e+00
   40.11852  -71.67286     26.816     26.609    18.7543    33.2786      8.200     0.1894 1.6880e-11  1023.8868    18.7496    23.7686     7.8007    238.111    7.74852  236.51855    100.673 0.0000e+00
   40.11852  -71.67286     26.827     26.620    18.7485    33.2826      8.195     0.1759 1.6880e-11  1023.8877    18.7439    23.7732     7.8030    238.181    7.75212  236.62848    100.656 0.0000e+00
   40.11852  -71.67286     26.847     26.639    18.7434    33.2873      8.195     0.1759 1.6880e-11  1023.8975    18.7387    23.7775     7.8057    238.266    7.75633  236.75841    100.637 0.0000e+00
   40.11852  -71.67286     26.867     26.659    18.7468    33.2848      8.195     0.1894 1.6880e-11  1023.9013    18.7421    23.7755     7.8096    238.385    7.76139  236.91491    100.621 0.0000e+00
   40.11852  -71.67286     26.888     26.680    18.7501    33.2698      8.195     0.1894 1.6880e-11  1023.8793    18.7454    23.7645     7.8147    238.547    7.76789  237.11714    100.603 0.0000e+00
   40.11852  -71.67286     26.909     26.700    18.7395    33.2525      8.195     0.1894 1.6880e-11  1023.8662    18.7348    23.7534     7.8165    238.605    7.77579  237.36158    100.524 0.0000e+00
   40.11852  -71.67286     26.939     26.730    18.7233    33.2415      8.195     0.1894 1.6880e-11  1023.8633    18.7187    23.7485     7.8277    238.947    7.78432  237.62252    100.557 -9.990e-29
   40.11852  -71.67286     26.939     26.730    18.7059    33.2359      8.195     0.1894 1.6880e-11  1023.8650    18.7012    23.7483     7.8356    239.188    7.79346  237.90220    100.540 -9.990e-29
   40.11852  -71.67286     26.969     26.760    18.6900    33.2354      8.195     0.1894 1.6880e-11  1023.8647    18.6853    23.7520     7.8434    239.426    7.80272  238.18316    100.522 0.0000e+00
   40.11852  -71.67288     26.990     26.781    18.6730    33.2452      8.195     0.1894 1.6880e-11  1023.8748    18.6683    23.7632     7.8499    239.618    7.81034  238.40964    100.507 0.0000e+00
   40.11852  -71.67288     27.004     26.795    18.6596    33.2619      8.195     0.1894 1.6880e-11  1023.9034    18.6549    23.7787     7.8544    239.747    7.81610  238.57876    100.490 0.0000e+00
   40.11852  -71.67288     27.041     26.832    18.6583    33.2707      8.195     0.1894 1.6880e-11  1023.9114    18.6536    23.7866     7.8583    239.863    7.82106  238.72583    100.476 0.0000e+00
   40.11852  -71.67288     27.060     26.851    18.6582    33.2648      8.195     0.1894 1.6880e-11  1023.9036    18.6535    23.7830     7.8615    239.956    7.82539  238.85423    100.461 0.0000e+00
   40.11852  -71.67288     27.092     26.882    18.6517    33.2549      8.195     0.1894 1.6880e-11  1023.8871    18.6470    23.7769     7.8638    240.024    7.82903  238.96155    100.445 0.0000e+00
   40.11852  -71.67288     27.111     26.901    18.6394    33.2508      8.195     0.1894 1.6880e-11  1023.8964    18.6347    23.7756     7.8655    240.071    7.83208  239.05195    100.426 0.0000e+00
   40.11852  -71.67288     27.143     26.933    18.6382    33.2406      8.195     0.1894 1.6880e-11  1023.8999    18.6335    23.7692     7.8669    240.113    7.83464  239.12741    100.412 0.0000e+00
   40.11852  -71.67288     27.173     26.963    18.6359    33.2127      8.195     0.1894 1.6880e-11  1023.8663    18.6312    23.7501     7.8727    240.286    7.83686  239.19331    100.457 0.0000e+00
   40.11852  -71.67288     27.203     26.993    18.6133    33.1817      8.196     0.1894 1.6880e-11  1023.8408    18.6086    23.7311     7.8738    240.318    7.83883  239.25214    100.445 0.0000e+00
   40.11852  -71.67288     27.243     27.032    18.5832    33.1667      8.196     0.1894 1.6880e-11  1023.8348    18.5785    23.7262     7.8700    240.204    7.84081  239.31214    100.373 0.0000e+00
   40.11852  -71.67288     27.254     27.043    18.5526    33.1737      8.196     0.1894 1.6880e-11  1023.8505    18.5479    23.7382     7.8704    240.216    7.84277  239.37108    100.353 0.0000e+00
   40.11852  -71.67288     27.294     27.083    18.5295    33.1905      8.196     0.1894 1.6880e-11  1023.8854    18.5248    23.7562     7.8712    240.239    7.84470  239.42957    100.338 0.0000e+00
   40.11852  -71.67288     27.318     27.106    18.5219    33.1945      8.196     0.1894 1.6880e-11  1023.8912    18.5172    23.7627     7.8720    240.263    7.84672  239.49098    100.322 0.0000e+00
   40.11852  -71.67288     27.356     27.144    18.5115    33.1802      8.196     0.1894 1.6880e-11  1023.8738    18.5067    23.7552     7.8725    240.276    7.84853  239.54537    100.305 0.0000e+00
   40.11852  -71.67288     27.375     27.164    18.4913    33.1632      8.196     0.1894 1.6880e-11  1023.8594    18.4866    23.7468     7.8729    240.286    7.84986  239.58429    100.293 0.0000e+00
   40.11852  -71.67288     27.417     27.205    18.4664    33.1563      8.196     0.1894 1.6880e-11  1023.8621    18.4616    23.7469     7.8728    240.283    7.85080  239.61121    100.280 0.0000e+00
   40.11852  -71.67288     27.447     27.235    18.4441    33.1590      8.191     0.1894 1.6880e-11  1023.8741    18.4394    23.7542     7.8729    240.287    7.85200  239.64823    100.267 0.0000e+00
   40.11852  -71.67288     27.477     27.265    18.4262    33.1640      8.196     0.1894 1.6880e-11  1023.8835    18.4214    23.7626     7.8738    240.314    7.85352  239.69531    100.258 0.0000e+00
   40.11852  -71.67288     27.508     27.295    18.4107    33.1686      8.196     0.1894 1.6880e-11  1023.8893    18.4060    23.7699     7.8697    240.187    7.85479  239.73299    100.189 0.0000e+00
   40.11852  -71.67288     27.542     27.329    18.3973    33.1712      8.191     0.1894 1.6880e-11  1023.8993    18.3926    23.7751     7.8693    240.176    7.85562  239.75718    100.175 0.0000e+00
   40.11852  -71.67288     27.570     27.356    18.3891    33.1682      8.191     0.1894 1.6880e-11  1023.8974    18.3844    23.7756     7.8642    240.020    7.85645  239.78202    100.099 0.0000e+00
   40.11852  -71.67288     27.610     27.396    18.3773    33.1608      8.196     0.1894 1.6880e-11  1023.8923    18.3726    23.7729     7.8684    240.147    7.85751  239.81501    100.138 0.0000e+00
   40.11852  -71.67288     27.630     27.416    18.3626    33.1533      8.192     0.1894 1.6880e-11  1023.8903    18.3578    23.7706     7.8641    240.016    7.85870  239.85117    100.069 0.0000e+00
   40.11852  -71.67288     27.670     27.456    18.3471    33.1467      8.192     0.1894 1.6880e-11  1023.8902    18.3423    23.7693     7.8640    240.013    7.85977  239.88375    100.054 0.0000e+00
   40.11852  -71.67288     27.702     27.488    18.3311    33.1408      8.192     0.1894 1.6880e-11  1023.8878    18.3264    23.7688     7.8587    239.850    7.86078  239.91402     99.973 0.0000e+00
   40.11852  -71.67288     27.732     27.518    18.3136    33.1386      8.192     0.1894 1.6880e-11  1023.8890    18.3088    23.7712     7.8628    239.975    7.86176  239.94390    100.013 0.0000e+00
   40.11852  -71.67288     27.775     27.560    18.2964    33.1409      8.192     0.1894 1.6880e-11  1023.8991    18.2916    23.7770     7.8579    239.826    7.86273  239.97299     99.939 0.0000e+00
   40.11852  -71.67288     27.802     27.587    18.2830    33.1432      8.192     0.1894 1.6880e-11  1023.9053    18.2783    23.7823     7.8577    239.819    7.86361  239.99956     99.925 0.0000e+00
   40.11852  -71.67288     27.834     27.619    18.2699    33.1428      8.192     0.1894 1.6880e-11  1023.9064    18.2651    23.7853     7.8579    239.828    7.86487  240.03899     99.912 0.0000e+00
   40.11852  -71.67288     27.864     27.649    18.2562    33.1409      8.192     0.1894 1.6880e-11  1023.9097    18.2515    23.7872     7.8587    239.851    7.86654  240.09087     99.900 0.0000e+00
   40.11852  -71.67288     27.915     27.699    18.2435    33.1373      8.192     0.2028 1.6880e-11  1023.9099    18.2388    23.7876     7.8644    240.025    7.86839  240.14782     99.949 0.0000e+00
   40.11852  -71.67288     27.948     27.732    18.2300    33.1329      8.192     0.2028 1.6880e-11  1023.9083    18.2252    23.7876     7.8614    239.935    7.87011  240.19958     99.890 0.0000e+00
   40.11852  -71.67288     27.976     27.760    18.2151    33.1306      8.192     0.2028 1.6880e-11  1023.9093    18.2104    23.7893     7.8626    239.968    7.87156  240.24277     99.886 0.0000e+00
   40.11852  -71.67288     27.997     27.780    18.2006    33.1316      8.192     0.2162 1.6880e-11  1023.9157    18.1958    23.7936     7.8630    239.979    7.87267  240.27522     99.877 0.0000e+00
   40.11852  -71.67288     28.048     27.831    18.1879    33.1320      8.192     0.2162 1.6880e-11  1023.9229    18.1832    23.7971     7.8632    239.984    7.87352  240.30019     99.868 0.0000e+00
   40.11852  -71.67288     28.078     27.861    18.1765    33.1271      8.192     0.2162 1.6880e-11  1023.9202    18.1718    23.7966     7.8632    239.985    7.87421  240.32011     99.861 0.0000e+00
   40.11852  -71.67288     28.111     27.893    18.1619    33.1184      8.187     0.2297 1.6880e-11  1023.9153    18.1571    23.7934     7.8633    239.987    7.87480  240.33793     99.854 0.0000e+00
   40.11852  -71.67288     28.148     27.930    18.1451    33.1091      8.192     0.2297 1.6880e-11  1023.9130    18.1403    23.7904     7.8637    240.000    7.87571  240.36630     99.847 0.0000e+00
   40.11852  -71.67288     28.180     27.962    18.1266    33.1005      8.193     0.2162 1.6880e-11  1023.9102    18.1218    23.7883     7.8649    240.038    7.87693  240.40392     99.848 0.0000e+00
   40.11852  -71.67288     28.210     27.992    18.1062    33.0922      8.188     0.2162 1.6880e-11  1023.9107    18.1015    23.7869     7.8658    240.063    7.87810  240.43924     99.844 0.0000e+00
   40.11852  -71.67288     28.250     28.031    18.0846    33.0819      8.188     0.2162 1.6880e-11  1023.9095    18.0798    23.7845     7.8663    240.080    7.87897  240.46486     99.840 0.0000e+00
   40.11852  -71.67288     28.283     28.064    18.0605    33.0668      8.188     0.2162 1.6880e-11  1023.9044    18.0557    23.7790     7.8665    240.083    7.87940  240.47653     99.837 0.0000e+00
   40.11852  -71.67288     28.312     28.093    18.0327    33.0451      8.193     0.2162 1.6880e-11  1023.8954    18.0279    23.7694     7.8664    240.078    7.87945  240.47661     99.834 0.0000e+00
   40.11852  -71.67288     28.352     28.133    17.9987    33.0174      8.188     0.2297 1.6880e-11  1023.8796    17.9939    23.7568     7.8661    240.070    7.87937  240.47396     99.832 0.0000e+00
   40.11852  -71.67288     28.393     28.174    17.9554    32.9897      8.188     0.2162 1.6880e-11  1023.8655    17.9506    23.7459     7.8661    240.069    7.87940  240.47475     99.831 0.0000e+00
   40.11852  -71.67288     28.415     28.196    17.9040    32.9667      8.189     0.2162 1.6880e-11  1023.8630    17.8992    23.7404     7.8702    240.195    7.87930  240.47189     99.885 0.0000e+00
   40.11852  -71.67288     28.464     28.243    17.8492    32.9502      8.189     0.2162 1.6880e-11  1023.8599    17.8445    23.7409     7.8704    240.201    7.87907  240.46454     99.890 0.0000e+00
   40.11852  -71.67288     28.495     28.275    17.7896    32.9454      8.189     0.2162 1.6880e-11  1023.8680    17.7848    23.7509     7.8660    240.067    7.87896  240.46150     99.836 0.0000e+00
   40.11852  -71.67288     28.526     28.305    17.7332    32.9553      8.189     0.2162 1.6880e-11  1023.8943    17.7285    23.7714     7.8710    240.218    7.87908  240.46521     99.897 0.0000e+00
   40.11852  -71.67288     28.568     28.347    17.6872    32.9720      8.189     0.2162 1.6880e-11  1023.9236    17.6824    23.7953     7.8715    240.232    7.87898  240.46180     99.905 0.0000e+00
   40.11852  -71.67288     28.607     28.386    17.6499    32.9867      8.190     0.2162 1.6880e-11  1023.9425    17.6451    23.8158     7.8719    240.245    7.87878  240.45553     99.912 0.0000e+00
   40.11852  -71.67288     28.628     28.406    17.6176    32.9986      8.190     0.2162 1.6880e-11  1023.9586    17.6128    23.8328     7.8725    240.265    7.87876  240.45579     99.921 0.0000e+00
   40.11852  -71.67288     28.668     28.446    17.5897    33.0091      8.190     0.2162 1.6880e-11  1023.9742    17.5849    23.8475     7.8782    240.441    7.87908  240.46604     99.989 0.0000e+00
   40.11852  -71.67288     28.710     28.488    17.5666    33.0182      8.190     0.2162 1.6880e-11  1023.9865    17.5618    23.8602     7.8749    240.337    7.87924  240.47074     99.944 0.0000e+00
   40.11852  -71.67288     28.749     28.526    17.5470    33.0257      8.190     0.2297 1.6880e-11  1023.9974    17.5423    23.8706     7.8804    240.505    7.87928  240.47154    100.014 0.0000e+00
   40.11852  -71.67288     28.779     28.556    17.5303    33.0313      8.190     0.2162 1.6880e-11  1024.0062    17.5255    23.8790     7.8815    240.537    7.87913  240.46661    100.029 0.0000e+00
   40.11852  -71.67288     28.812     28.589    17.5161    33.0341      8.190     0.2431 1.6880e-11  1024.0122    17.5114    23.8847     7.8829    240.582    7.87889  240.45898    100.051 0.0000e+00
   40.11852  -71.67288     28.851     28.627    17.5034    33.0345      8.185     0.2968 1.6880e-11  1024.0144    17.4986    23.8881     7.8846    240.633    7.87878  240.45606    100.073 0.0000e+00
   40.11852  -71.67288     28.881     28.658    17.4905    33.0337      8.185     0.3103 1.6880e-11  1024.0173    17.4857    23.8906     7.8862    240.685    7.87912  240.46805    100.090 0.0000e+00
   40.11852  -71.67288     28.914     28.690    17.4782    33.0325      8.185     0.3237 1.6880e-11  1024.0190    17.4734    23.8926     7.8982    241.052    7.88026  240.50504    100.227 0.0000e+00
