CalculateIndicators/WaterTemperature/Data/CTD_NYOS/20240428_C26.cnv
* Sea-Bird SBE 9 Data File:
* FileName = C:\Seabird 9 CTD\Data\2024\202404_offshore\20240428_C26.hex
* Software Version Seasave V 7.23.2
* Temperature SN = 4590
* Conductivity SN = 3228
* Number of Bytes Per Scan = 44
* Number of Voltage Words = 5
* Number of Scans Averaged by the Deck Unit = 1
* NMEA Latitude = 39 31.74 N
* NMEA Longitude = 071 44.91 W
* NMEA UTC (Time) = Apr 28 2024  21:51:57
* NMEA baud rate = 4800
** Ship: Seawolf
** Station: 10.7
** Operator: TCM
# nquan = 18
# nvalues = 18309                       
# units = specified
# name 0 = latitude: Latitude [deg]
# name 1 = longitude: Longitude [deg]
# name 2 = prDM: Pressure, Digiquartz [db]
# name 3 = depSM: Depth [salt water, m]
# name 4 = t090C: Temperature [ITS-90, deg C]
# name 5 = sal00: Salinity, Practical [PSU]
# name 6 = ph: pH
# name 7 = flECO-AFL: Fluorescence, WET Labs ECO-AFL/FL [mg/m^3]
# name 8 = cpar: CPAR/Corrected Irradiance [%]
# name 9 = density00: Density [density, kg/m^3]
# name 10 = potemp090C: Potential Temperature [ITS-90, deg C]
# name 11 = sigma-é00: Density [sigma-theta, kg/m^3]
# name 12 = sbeox0Mg/L: Oxygen, SBE 43 [mg/l]
# name 13 = sbox0Mm/Kg: Oxygen, SBE 43 [umol/kg]
# name 14 = oxsolMg/L: Oxygen Saturation, Garcia & Gordon [mg/l]
# name 15 = oxsolMm/Kg: Oxygen Saturation, Garcia & Gordon [umol/kg]
# name 16 = sbeox0PS: Oxygen, SBE 43 [% saturation]
# name 17 = flag:  0.000e+00
# span 0 =   39.52916,   39.53050       
# span 1 =  -71.74900,  -71.74858       
# span 2 =      1.749,    101.317       
# span 3 =      1.736,    100.520       
# span 4 =     8.8803,    10.8591       
# span 5 =    33.0876,    34.5498       
# span 6 =      8.023,      8.118       
# span 7 =    -0.0658,     0.9147       
# span 8 = 2.7672e-13, 4.1579e+01       
# span 9 =  1025.4708,  1026.9517       
# span 10 =     8.8747,    10.8476      
# span 11 =    25.4547,    26.4971      
# span 12 =     7.2645,     9.4054      
# span 13 =    221.162,    286.603      
# span 14 =    8.88587,    9.33370      
# span 15 =  270.53576,  284.28631      
# span 16 =     81.248,    102.514      
# span 17 = 0.0000e+00, 0.0000e+00      
# interval = seconds: 0.0416667
# start_time = Apr 28 2024 21:51:56 [System UTC, first data scan.]
# bad_flag = -9.990e-29
*END*
[from data line 17448]
   39.53042  -71.74898      2.065      2.049    10.1209    33.1354      8.107     0.3908 3.8626e+01  1025.4853    10.1206    25.4759     9.2667    282.395    9.10915  277.59261    101.730 -9.990e-29
   39.53042  -71.74898      2.065      2.049    10.1204    33.1361      8.111     0.3908 3.8844e+01  1025.4860    10.1202    25.4765     9.2663    282.381    9.10914  277.59224    101.725 -9.990e-29
   39.53042  -71.74898      2.074      2.059    10.1204    33.1366      8.111     0.3908 3.8735e+01  1025.4865    10.1202    25.4770     9.2666    282.391    9.10916  277.59294    101.729 -9.990e-29
   39.53042  -71.74898      2.065      2.049    10.1202    33.1368      8.107     0.3908 3.7343e+01  1025.4867    10.1200    25.4772     9.2670    282.404    9.10915  277.59263    101.733 -9.990e-29
   39.53042  -71.74898      2.065      2.049    10.1204    33.1366      8.111     0.3908 3.6718e+01  1025.4864    10.1202    25.4770     9.2667    282.393    9.10912  277.59187    101.730 -9.990e-29
   39.53042  -71.74898      2.065      2.049    10.1206    33.1363      8.107     0.3908 3.6615e+01  1025.4858    10.1203    25.4768     9.2664    282.386    9.10915  277.59276    101.727 -9.990e-29
   39.53042  -71.74898      2.065      2.049    10.1201    33.1363      8.111     0.3908 3.4319e+01  1025.4861    10.1198    25.4768     9.2662    282.378    9.10914  277.59235    101.724 -9.990e-29
   39.53042  -71.74898      2.054      2.038    10.1201    33.1365      8.111     0.3908 3.2993e+01  1025.4860    10.1198    25.4770     9.2667    282.394    9.10911  277.59148    101.730 -9.990e-29
   39.53042  -71.74898      2.054      2.038    10.1201    33.1369      8.111     0.3908 3.2808e+01  1025.4866    10.1199    25.4772     9.2665    282.389    9.10911  277.59147    101.728 -9.990e-29
   39.53042  -71.74898      2.065      2.049    10.1204    33.1371      8.107     0.3908 3.1629e+01  1025.4867    10.1202    25.4774     9.2664    282.384    9.10908  277.59059    101.727 -9.990e-29
   39.53042  -71.74898      2.054      2.038    10.1206    33.1373      8.107     0.3908 3.0578e+01  1025.4868    10.1203    25.4775     9.2663    282.382    9.10912  277.59170    101.726 -9.990e-29
   39.53042  -71.74898      2.054      2.038    10.1211    33.1374      8.111     0.3908 3.0407e+01  1025.4866    10.1208    25.4775     9.2670    282.402    9.10907  277.59006    101.733 -9.990e-29
   39.53042  -71.74898      2.054      2.038    10.1214    33.1374      8.107     0.4043 3.0236e+01  1025.4868    10.1211    25.4774     9.2612    282.226    9.10901  277.58822    101.671 -9.990e-29
   39.53042  -71.74898      2.065      2.049    10.1214    33.1373      8.111     0.3908 3.0066e+01  1025.4866    10.1211    25.4773     9.2662    282.378    9.10899  277.58771    101.726 -9.990e-29
   39.53042  -71.74898      2.044      2.029    10.1214    33.1371      8.111     0.3908 2.9982e+01  1025.4863    10.1212    25.4772     9.2663    282.380    9.10898  277.58744    101.727 -9.990e-29
   39.53042  -71.74898      2.065      2.049    10.1216    33.1371      8.111     0.4043 3.0578e+01  1025.4865    10.1213    25.4771     9.2664    282.383    9.10896  277.58675    101.728 -9.990e-29
   39.53042  -71.74898      2.074      2.059    10.1222    33.1371      8.111     0.3908 3.1629e+01  1025.4864    10.1220    25.4770     9.2664    282.385    9.10885  277.58364    101.730 -9.990e-29
   39.53042  -71.74898      2.065      2.049    10.1229    33.1371      8.111     0.3908 3.1897e+01  1025.4863    10.1226    25.4770     9.2665    282.389    9.10885  277.58336    101.731 -9.990e-29
   39.53042  -71.74898      2.065      2.049    10.1229    33.1371      8.111     0.4043 3.2258e+01  1025.4864    10.1226    25.4769     9.2668    282.397    9.10889  277.58478    101.734 -9.990e-29
   39.53044  -71.74898      2.074      2.059    10.1234    33.1368      8.111     0.3908 3.3273e+01  1025.4859    10.1231    25.4766     9.2671    282.405    9.10891  277.58553    101.736 -9.990e-29
   39.53044  -71.74898      2.084      2.068    10.1236    33.1367      8.107     0.3908 3.3650e+01  1025.4858    10.1234    25.4765     9.2673    282.412    9.10889  277.58469    101.739 -9.990e-29
   39.53044  -71.74898      2.084      2.068    10.1236    33.1368      8.111     0.3908 3.3650e+01  1025.4861    10.1233    25.4766     9.2676    282.422    9.10890  277.58525    101.742 -9.990e-29
   39.53044  -71.74898      2.084      2.068    10.1234    33.1368      8.111     0.3908 3.3840e+01  1025.4861    10.1231    25.4765     9.2736    282.605    9.10890  277.58490    101.809 -9.990e-29
   39.53044  -71.74898      2.095      2.079    10.1240    33.1365      8.107     0.4043 3.3935e+01  1025.4857    10.1238    25.4762     9.2690    282.463    9.10889  277.58451    101.758 -9.990e-29
   39.53044  -71.74898      2.105      2.089    10.1240    33.1362      8.107     0.4177 3.3840e+01  1025.4854    10.1238    25.4759     9.2693    282.473    9.10883  277.58308    101.762 -9.990e-29
   39.53044  -71.74898      2.095      2.079    10.1239    33.1357      8.111     0.4177 3.3367e+01  1025.4852    10.1236    25.4757     9.2689    282.461    9.10884  277.58320    101.757 -9.990e-29
   39.53044  -71.74898      2.105      2.089    10.1236    33.1352      8.111     0.4177 3.3086e+01  1025.4847    10.1234    25.4753     9.2693    282.474    9.10885  277.58364    101.762 -9.990e-29
   39.53044  -71.74898      2.114      2.098    10.1232    33.1349      8.111     0.4177 3.3086e+01  1025.4844    10.1229    25.4751     9.2697    282.486    9.10883  277.58305    101.766 -9.990e-29
   39.53044  -71.74898      2.114      2.098    10.1226    33.1349      8.107     0.4177 3.2532e+01  1025.4849    10.1223    25.4753     9.2702    282.499    9.10882  277.58262    101.771 -9.990e-29
   39.53044  -71.74898      2.105      2.088    10.1222    33.1351      8.107     0.4177 3.2168e+01  1025.4849    10.1220    25.4755     9.2699    282.492    9.10885  277.58342    101.768 -9.990e-29
   39.53044  -71.74898      2.114      2.098    10.1219    33.1354      8.107     0.4177 3.2168e+01  1025.4854    10.1216    25.4758     9.2696    282.483    9.10884  277.58344    101.765 -9.990e-29
   39.53044  -71.74898      2.125      2.109    10.1214    33.1355      8.111     0.4177 3.2077e+01  1025.4856    10.1211    25.4759     9.2701    282.497    9.10883  277.58291    101.770 -9.990e-29
   39.53044  -71.74898      2.114      2.098    10.1211    33.1355      8.107     0.4177 3.1987e+01  1025.4853    10.1208    25.4760     9.2706    282.512    9.10880  277.58201    101.776 -9.990e-29
   39.53044  -71.74898      2.114      2.098    10.1206    33.1357      8.111     0.4177 3.1987e+01  1025.4858    10.1204    25.4763     9.2704    282.506    9.10882  277.58278    101.774 -9.990e-29
   39.53044  -71.74898      2.125      2.109    10.1201    33.1362      8.111     0.4177 3.2349e+01  1025.4863    10.1198    25.4766     9.2702    282.500    9.10885  277.58340    101.771 -9.990e-29
   39.53044  -71.74898      2.125      2.109    10.1202    33.1364      8.107     0.4177 3.2716e+01  1025.4864    10.1200    25.4768     9.2700    282.495    9.10887  277.58433    101.769 -9.990e-29
   39.53044  -71.74898      2.114      2.098    10.1201    33.1365      8.107     0.4177 3.2900e+01  1025.4866    10.1198    25.4769     9.2706    282.512    9.10888  277.58458    101.775 -9.990e-29
   39.53044  -71.74898      2.125      2.109    10.1202    33.1365      8.111     0.4177 3.3179e+01  1025.4864    10.1200    25.4769     9.2711    282.529    9.10887  277.58406    101.782 -9.990e-29
   39.53044  -71.74898      2.114      2.098    10.1199    33.1365      8.111     0.4177 3.3745e+01  1025.4863    10.1197    25.4769     9.2717    282.547    9.10884  277.58317    101.788 -9.990e-29
   39.53044  -71.74898      2.125      2.109    10.1197    33.1366      8.107     0.4177 3.3935e+01  1025.4868    10.1195    25.4771     9.2724    282.567    9.10885  277.58341    101.795 -9.990e-29
   39.53044  -71.74898      2.125      2.109    10.1196    33.1367      8.111     0.4177 3.3840e+01  1025.4867    10.1193    25.4771     9.2730    282.587    9.10884  277.58315    101.803 -9.990e-29
   39.53044  -71.74898      2.125      2.109    10.1196    33.1368      8.107     0.4177 3.3745e+01  1025.4867    10.1193    25.4772     9.2738    282.609    9.10884  277.58343    101.810 -9.990e-29
   39.53044  -71.74898      2.135      2.118    10.1196    33.1369      8.111     0.4177 3.3650e+01  1025.4870    10.1193    25.4773     9.2745    282.632    9.10887  277.58406    101.819 -9.990e-29
   39.53044  -71.74898      2.135      2.118    10.1197    33.1370      8.111     0.4177 3.3461e+01  1025.4870    10.1195    25.4773     9.2745    282.632    9.10887  277.58416    101.819 -9.990e-29
   39.53044  -71.74898      2.135      2.118    10.1194    33.1369      8.107     0.4177 3.2900e+01  1025.4870    10.1192    25.4773     9.2745    282.633    9.10889  277.58475    101.819 -9.990e-29
   39.53044  -71.74898      2.135      2.118    10.1197    33.1369      8.107     0.4177 3.2624e+01  1025.4869    10.1195    25.4773     9.2746    282.635    9.10895  277.58665    101.819 -9.990e-29
   39.53044  -71.74898      2.144      2.128    10.1196    33.1368      8.111     0.4177 3.2624e+01  1025.4872    10.1193    25.4772     9.2689    282.460    9.10891  277.58533    101.756 -9.990e-29
   39.53044  -71.74898      2.144      2.128    10.1197    33.1368      8.111     0.4177 3.2716e+01  1025.4866    10.1195    25.4772     9.2739    282.612    9.10892  277.58577    101.811 -9.990e-29
   39.53044  -71.74898      2.144      2.128    10.1196    33.1368      8.111     0.4043 3.2716e+01  1025.4870    10.1193    25.4772     9.2739    282.614    9.10894  277.58629    101.811 -9.990e-29
   39.53044  -71.74898      2.165      2.148    10.1196    33.1368      8.107     0.4043 3.2808e+01  1025.4872    10.1193    25.4772     9.2682    282.441    9.10892  277.58565    101.749 -9.990e-29
   39.53044  -71.74898      2.144      2.128    10.1196    33.1367      8.107     0.4043 3.3935e+01  1025.4867    10.1194    25.4772     9.2733    282.594    9.10895  277.58671    101.804 -9.990e-29
   39.53044  -71.74898      2.165      2.148    10.1196    33.1367      8.111     0.4043 3.4708e+01  1025.4871    10.1193    25.4772     9.2677    282.423    9.10894  277.58627    101.742 -9.990e-29
   39.53044  -71.74898      2.155      2.139    10.1197    33.1367      8.107     0.4043 3.4708e+01  1025.4869    10.1195    25.4772     9.2726    282.575    9.10887  277.58417    101.798 -9.990e-29
   39.53044  -71.74898      2.165      2.148    10.1196    33.1368      8.107     0.4043 3.4806e+01  1025.4870    10.1193    25.4773     9.2727    282.576    9.10882  277.58253    101.799 -9.990e-29
   39.53044  -71.74898      2.144      2.128    10.1196    33.1369      8.111     0.4043 3.4806e+01  1025.4871    10.1193    25.4773     9.2727    282.577    9.10876  277.58070    101.800 -9.990e-29
   39.53044  -71.74898      2.165      2.148    10.1197    33.1369      8.107     0.4043 3.4806e+01  1025.4870    10.1195    25.4773     9.2728    282.579    9.10874  277.58020    101.801 -9.990e-29
   39.53044  -71.74898      2.144      2.128    10.1197    33.1369      8.111     0.4043 3.4416e+01  1025.4870    10.1195    25.4773     9.2672    282.408    9.10875  277.58047    101.739 -9.990e-29
   39.53044  -71.74898      2.155      2.139    10.1199    33.1370      8.107     0.4043 3.3935e+01  1025.4869    10.1197    25.4774     9.2723    282.563    9.10874  277.58030    101.795 -9.990e-29
   39.53044  -71.74898      2.144      2.128    10.1196    33.1370      8.107     0.4043 3.3745e+01  1025.4873    10.1193    25.4774     9.2667    282.393    9.10873  277.58009    101.734 -9.990e-29
   39.53044  -71.74898      2.135      2.118    10.1199    33.1370      8.111     0.4043 3.3461e+01  1025.4870    10.1197    25.4774     9.2661    282.375    9.10874  277.58029    101.727 -9.990e-29
   39.53044  -71.74898      2.144      2.128    10.1202    33.1369      8.111     0.4043 3.2993e+01  1025.4870    10.1200    25.4773     9.2656    282.361    9.10879  277.58190    101.722 -9.990e-29
   39.53044  -71.74898      2.125      2.109    10.1204    33.1368      8.111     0.4043 3.2900e+01  1025.4866    10.1202    25.4771     9.2643    282.322    9.10879  277.58204    101.708 -9.990e-29
   39.53044  -71.74898      2.114      2.098    10.1204    33.1368      8.107     0.4043 3.2808e+01  1025.4867    10.1202    25.4771     9.2696    282.483    9.10887  277.58438    101.765 -9.990e-29
   39.53044  -71.74898      2.114      2.098    10.1206    33.1368      8.111     0.4043 3.2532e+01  1025.4866    10.1203    25.4771     9.2641    282.316    9.10888  277.58452    101.705 -9.990e-29
   39.53044  -71.74898      2.114      2.098    10.1211    33.1368      8.111     0.4043 3.2532e+01  1025.4866    10.1208    25.4771     9.2637    282.304    9.10895  277.58660    101.699 -9.990e-29
   39.53044  -71.74898      2.095      2.079    10.1211    33.1368      8.111     0.4043 3.2441e+01  1025.4866    10.1208    25.4770     9.2633    282.291    9.10897  277.58724    101.695 -9.990e-29
   39.53044  -71.74898      2.084      2.068    10.1211    33.1366      8.111     0.4043 3.2349e+01  1025.4860    10.1208    25.4768     9.2572    282.104    9.10896  277.58685    101.627 -9.990e-29
   39.53044  -71.74898      2.084      2.068    10.1209    33.1366      8.107     0.4043 3.2258e+01  1025.4862    10.1206    25.4768     9.2675    282.417    9.10894  277.58621    101.740 -9.990e-29
   39.53044  -71.74898      2.074      2.058    10.1209    33.1366      8.111     0.4043 3.2168e+01  1025.4863    10.1207    25.4769     9.2679    282.429    9.10895  277.58652    101.745 -9.990e-29
   39.53044  -71.74898      2.065      2.049    10.1209    33.1368      8.111     0.4043 3.1808e+01  1025.4862    10.1206    25.4770     9.2625    282.267    9.10893  277.58597    101.686 -9.990e-29
   39.53044  -71.74898      2.054      2.038    10.1207    33.1370      8.111     0.4043 3.1629e+01  1025.4866    10.1205    25.4772     9.2621    282.255    9.10889  277.58478    101.682 -9.990e-29
   39.53044  -71.74898      2.044      2.028    10.1207    33.1370      8.107     0.4043 3.1629e+01  1025.4867    10.1205    25.4772     9.2626    282.269    9.10889  277.58479    101.688 -9.990e-29
   39.53044  -71.74898      2.044      2.028    10.1212    33.1368      8.107     0.4043 3.1540e+01  1025.4860    10.1210    25.4770     9.2623    282.261    9.10885  277.58352    101.685 -9.990e-29
   39.53044  -71.74898      2.033      2.018    10.1212    33.1366      8.107     0.4043 3.1451e+01  1025.4859    10.1210    25.4769     9.2621    282.253    9.10883  277.58315    101.682 -9.990e-29
   39.53044  -71.74898      2.033      2.018    10.1211    33.1366      8.111     0.3908 3.1451e+01  1025.4861    10.1209    25.4769     9.2620    282.251    9.10891  277.58552    101.681 -9.990e-29
   39.53044  -71.74898      2.014      1.998    10.1212    33.1366      8.107     0.3908 3.2077e+01  1025.4859    10.1210    25.4768     9.2619    282.248    9.10896  277.58706    101.679 -9.990e-29
   39.53044  -71.74898      2.014      1.998    10.1214    33.1366      8.107     0.3908 3.2624e+01  1025.4857    10.1211    25.4768     9.2618    282.245    9.10898  277.58761    101.678 -9.990e-29
   39.53044  -71.74898      2.014      1.998    10.1211    33.1367      8.111     0.3908 3.2716e+01  1025.4862    10.1208    25.4769     9.2618    282.244    9.10903  277.58886    101.677 -9.990e-29
   39.53044  -71.74898      2.014      1.998    10.1212    33.1367      8.107     0.4043 3.3650e+01  1025.4858    10.1210    25.4769     9.2618    282.244    9.10907  277.59033    101.676 -9.990e-29
