CalculateIndicators/WaterTemperature/Data/CTD_NYOS/20240708_C05.cnv
* Sea-Bird SBE 9 Data File:
* FileName = C:\Seabird 9 CTD\Data\2024\202407_offshore\20240708_C05.hex
* Software Version Seasave V 7.23.2
* Temperature SN = 4590
* Conductivity SN = 3228
* Number of Bytes Per Scan = 44
* Number of Voltage Words = 5
* Number of Scans Averaged by the Deck Unit = 1
* NMEA Latitude = 40 18.14 N
* NMEA Longitude = 073 13.15 W
* NMEA UTC (Time) = Jul 08 2024  21:45:36
* NMEA baud rate = 4800
** Ship: seawolf
** Station: 8.2
** Operator: tcm
# nquan = 18
# nvalues = 11246                       
# units = specified
# name 0 = latitude: Latitude [deg]
# name 1 = longitude: Longitude [deg]
# name 2 = prDM: Pressure, Digiquartz [db]
# name 3 = depSM: Depth [salt water, m]
# name 4 = t090C: Temperature [ITS-90, deg C]
# name 5 = sal00: Salinity, Practical [PSU]
# name 6 = ph: pH
# name 7 = flECO-AFL: Fluorescence, WET Labs ECO-AFL/FL [mg/m^3]
# name 8 = cpar: CPAR/Corrected Irradiance [%]
# name 9 = density00: Density [density, kg/m^3]
# name 10 = potemp090C: Potential Temperature [ITS-90, deg C]
# name 11 = sigma-é00: Density [sigma-theta, kg/m^3]
# name 12 = sbeox0Mg/L: Oxygen, SBE 43 [mg/l]
# name 13 = sbox0Mm/Kg: Oxygen, SBE 43 [umol/kg]
# name 14 = oxsolMg/L: Oxygen Saturation, Garcia & Gordon [mg/l]
# name 15 = oxsolMm/Kg: Oxygen Saturation, Garcia & Gordon [umol/kg]
# name 16 = sbeox0PS: Oxygen, SBE 43 [% saturation]
# name 17 = flag:  0.000e+00
# span 0 =   40.30246,   40.30312       
# span 1 =  -73.21936,  -73.21926       
# span 2 =      1.552,     34.119       
# span 3 =      1.540,     33.853       
# span 4 =     8.0731,    24.3041       
# span 5 =    29.8891,    31.5517       
# span 6 =      7.798,      8.072       
# span 7 =     0.1088,     3.0368       
# span 8 = 3.9463e-02, 4.3033e+01       
# span 9 =  1019.8397,  1024.7023       
# span 10 =     8.0699,    24.3037      
# span 11 =    19.8601,    24.5527      
# span 12 =     6.3596,     9.6636      
# span 13 =    193.980,    294.987      
# span 14 =    7.04231,    9.63165      
# span 15 =  215.77209,  293.78502      
# span 16 =     66.039,    115.844      
# span 17 = 0.0000e+00, 0.0000e+00      
# interval = seconds: 0.0416667
# start_time = Jul 08 2024 21:45:38 [System UTC, first data scan.]
# bad_flag = -9.990e-29
*END*
[from data line 10855]
 -9.990e-29  -73.21936      1.677      1.664    24.1544    30.2263      8.067     0.3103 3.1612e+01  1019.9948    24.1541    19.9874     7.3994    226.703    7.06118  216.34019    104.790 -9.990e-29
 -9.990e-29  -73.21936      1.688      1.675    24.1544    30.2266      8.067     0.2968 3.1790e+01  1019.9939    24.1541    19.9870     7.3993    226.701    7.06115  216.33940    104.789 -9.990e-29
 -9.990e-29  -73.21936      1.707      1.694    24.1546    30.2266      8.067     0.2968 3.2241e+01  1019.9938    24.1542    19.9869     7.3993    226.698    7.06109  216.33745    104.789 -9.990e-29
 -9.990e-29  -73.21936      1.718      1.705    24.1546    30.2269      8.067     0.2968 3.2514e+01  1019.9949    24.1543    19.9876     7.4034    226.825    7.06105  216.33620    104.848 -9.990e-29
 -9.990e-29  -73.21936      1.729      1.716    24.1544    30.2280      8.067     0.2968 3.2422e+01  1019.9963    24.1541    19.9884     7.3993    226.700    7.06102  216.33526    104.791 -9.990e-29
 -9.990e-29  -73.21936      1.758      1.744    24.1546    30.2280      8.067     0.2968 3.1346e+01  1019.9968    24.1542    19.9888     7.3994    226.703    7.06100  216.33471    104.793 -9.990e-29
 -9.990e-29  -73.21936      1.769      1.755    24.1552    30.2280      8.062     0.2968 3.0735e+01  1019.9963    24.1548    19.9886     7.4037    226.835    7.06102  216.33543    104.853 -9.990e-29
 -9.990e-29  -73.21936      1.778      1.765    24.1552    30.2274      8.067     0.2968 3.0649e+01  1019.9954    24.1548    19.9879     7.4001    226.724    7.06101  216.33527    104.802 -9.990e-29
 -9.990e-29  -73.21936      1.809      1.795    24.1552    30.2274      8.067     0.2968 2.8891e+01  1019.9948    24.1548    19.9876     7.4001    226.723    7.06102  216.33558    104.802 -9.990e-29
 -9.990e-29  -73.21936      1.818      1.804    24.1548    30.2274      8.067     0.2968 2.7775e+01  1019.9956    24.1544    19.9879     7.4042    226.848    7.06102  216.33536    104.860 -9.990e-29
 -9.990e-29  -73.21936      1.840      1.826    24.1548    30.2280      8.067     0.2968 2.7619e+01  1019.9963    24.1544    19.9884     7.4004    226.732    7.06104  216.33592    104.806 -9.990e-29
 -9.990e-29  -73.21936      1.880      1.865    24.1550    30.2285      8.067     0.2968 2.5962e+01  1019.9973    24.1546    19.9888     7.4004    226.734    7.06104  216.33602    104.806 -9.990e-29
 -9.990e-29  -73.21936      1.890      1.875    24.1556    30.2287      8.067     0.2968 2.4611e+01  1019.9967    24.1553    19.9888     7.4005    226.736    7.06102  216.33550    104.807 -9.990e-29
 -9.990e-29  -73.21936      1.910      1.895    24.1562    30.2300      8.067     0.2968 2.4404e+01  1019.9959    24.1558    19.9896     7.4047    226.867    7.06105  216.33644    104.867 -9.990e-29
 -9.990e-29  -73.21936      1.940      1.925    24.1564    30.2340      8.062     0.2968 2.4335e+01  1020.0005    24.1560    19.9924     7.4052    226.879    7.06104  216.33594    104.874 -9.990e-29
 -9.990e-29  -73.21936      1.940      1.925    24.1573    30.2392      8.067     0.2968 2.4048e+01  1020.0051    24.1569    19.9960     7.4056    226.894    7.06105  216.33659    104.880 -9.990e-29
 -9.990e-29  -73.21936      1.971      1.955    24.1596    30.2392      8.067     0.2968 2.4131e+01  1020.0082    24.1592    19.9982     7.4059    226.903    7.06115  216.33977    104.883 -9.990e-29
 -9.990e-29  -73.21936      1.971      1.955    24.1630    30.2392      8.067     0.2968 2.5313e+01  1020.0080    24.1626    19.9970     7.4063    226.913    7.06128  216.34392    104.885 -9.990e-29
 -9.990e-29  -73.21936      1.980      1.965    24.1679    30.2369      8.067     0.2968 2.7294e+01  1020.0023    24.1675    19.9915     7.4028    226.809    7.06147  216.34989    104.834 -9.990e-29
 -9.990e-29  -73.21936      2.001      1.985    24.1724    30.2271      8.067     0.2968 2.7915e+01  1019.9907    24.1720    19.9830     7.4072    226.941    7.06172  216.35736    104.892 -9.990e-29
 -9.990e-29  -73.21936      2.001      1.985    24.1747    30.2186      8.062     0.2968 2.8072e+01  1019.9808    24.1743    19.9759     7.4035    226.830    7.06195  216.36419    104.837 -9.990e-29
 -9.990e-29  -73.21936      2.010      1.995    24.1746    30.2153      8.067     0.2968 2.8630e+01  1019.9809    24.1742    19.9733     7.4081    226.970    7.06214  216.36996    104.899 -9.990e-29
 -9.990e-29  -73.21936      2.021      2.006    24.1729    30.2144      8.067     0.2968 2.8873e+01  1019.9826    24.1725    19.9731     7.4086    226.984    7.06229  216.37468    104.903 -9.990e-29
 -9.990e-29  -73.21936      2.041      2.025    24.1709    30.2144      8.067     0.2968 2.8711e+01  1019.9807    24.1705    19.9729     7.4050    226.873    7.06248  216.38022    104.849 -9.990e-29
 -9.990e-29  -73.21936      2.041      2.025    24.1684    30.2144      8.067     0.2968 2.8470e+01  1019.9816    24.1680    19.9736     7.4093    227.008    7.06269  216.38687    104.908 -9.990e-29
 -9.990e-29  -73.21936      2.061      2.045    24.1656    30.2148      8.067     0.3103 2.8310e+01  1019.9846    24.1651    19.9754     7.4101    227.030    7.06306  216.39807    104.913 -9.990e-29
 -9.990e-29  -73.21936      2.061      2.045    24.1634    30.2160      8.067     0.3103 2.8310e+01  1019.9859    24.1630    19.9770     7.4070    226.936    7.06345  216.40987    104.864 -9.990e-29
 -9.990e-29  -73.21936      2.072      2.056    24.1607    30.2168      8.062     0.3103 2.7758e+01  1019.9872    24.1603    19.9784     7.4074    226.946    7.06369  216.41662    104.866 -9.990e-29
 -9.990e-29  -73.21936      2.092      2.075    24.1575    30.2177      8.067     0.3103 2.7525e+01  1019.9887    24.1571    19.9799     7.4118    227.081    7.06384  216.42095    104.925 -9.990e-29
 -9.990e-29  -73.21936      2.092      2.075    24.1548    30.2187      8.062     0.3103 2.7448e+01  1019.9904    24.1543    19.9814     7.4122    227.092    7.06381  216.41947    104.932 -9.990e-29
 -9.990e-29  -73.21936      2.103      2.086    24.1528    30.2200      8.067     0.3103 2.6462e+01  1019.9916    24.1524    19.9830     7.4124    227.100    7.06363  216.41383    104.938 -9.990e-29
 -9.990e-29  -73.21936      2.112      2.096    24.1505    30.2217      8.067     0.3103 2.5873e+01  1019.9946    24.1500    19.9849     7.4087    226.986    7.06353  216.41114    104.886 -9.990e-29
 -9.990e-29  -73.21936      2.133      2.116    24.1492    30.2227      8.067     0.3103 2.5800e+01  1019.9957    24.1487    19.9861     7.4128    227.111    7.06335  216.40546    104.947 -9.990e-29
 -9.990e-29  -73.21936      2.152      2.135    24.1481    30.2230      8.067     0.3103 2.5226e+01  1019.9956    24.1477    19.9867     7.4132    227.123    7.06323  216.40180    104.954 -9.990e-29
 -9.990e-29  -73.21936      2.163      2.146    24.1466    30.2238      8.067     0.3103 2.4804e+01  1019.9962    24.1461    19.9878     7.4136    227.138    7.06319  216.40066    104.962 -9.990e-29
 -9.990e-29  -73.21936      2.173      2.156    24.1448    30.2262      8.062     0.3103 2.4734e+01  1019.9989    24.1443    19.9900     7.4138    227.142    7.06313  216.39893    104.965 -9.990e-29
 -9.990e-29  -73.21936      2.173      2.156    24.1434    30.2291      8.067     0.3103 2.4874e+01  1020.0027    24.1429    19.9925     7.4142    227.155    7.06305  216.39640    104.972 -9.990e-29
 -9.990e-29  -73.21936      2.174      2.157    24.1435    30.2311      8.067     0.3103 2.5014e+01  1020.0041    24.1431    19.9941     7.4145    227.165    7.06313  216.39892    104.975 -9.990e-29
 -9.990e-29  -73.21936      2.193      2.176    24.1438    30.2311      8.067     0.3103 2.5085e+01  1020.0042    24.1434    19.9944     7.4149    227.175    7.06322  216.40224    104.978 -9.990e-29
 -9.990e-29  -73.21936      2.184      2.167    24.1447    30.2311      8.067     0.3103 2.5440e+01  1020.0032    24.1442    19.9940     7.4151    227.182    7.06322  216.40183    104.982 -9.990e-29
 -9.990e-29  -73.21936      2.193      2.176    24.1451    30.2310      8.067     0.3103 2.6092e+01  1020.0029    24.1446    19.9936     7.4193    227.310    7.06307  216.39708    105.043 -9.990e-29
 -9.990e-29  -73.21936      2.184      2.167    24.1455    30.2310      8.067     0.3103 2.6166e+01  1020.0027    24.1450    19.9934     7.4155    227.194    7.06291  216.39182    104.992 -9.990e-29
 -9.990e-29  -73.21936      2.193      2.176    24.1457    30.2310      8.062     0.3103 2.6314e+01  1020.0031    24.1453    19.9934     7.4155    227.194    7.06270  216.38537    104.995 -9.990e-29
 -9.990e-29  -73.21936      2.184      2.167    24.1464    30.2308      8.067     0.3103 2.6611e+01  1020.0025    24.1459    19.9931     7.4156    227.198    7.06259  216.38243    104.998 -9.990e-29
 -9.990e-29  -73.21936      2.193      2.176    24.1466    30.2304      8.067     0.3103 2.6686e+01  1020.0020    24.1461    19.9927     7.4154    227.192    7.06249  216.37932    104.997 -9.990e-29
   40.30310  -73.21936      2.184      2.167    24.1472    30.2301 -9.990e-29     0.3103 2.6611e+01  1020.0017    24.1467    19.9923     7.4152    227.186    7.06240  216.37660    104.996 -9.990e-29
   40.30310  -73.21936      2.193      2.176    24.1476    30.2299 -9.990e-29     0.3103 2.6298e+01  1020.0013    24.1472    19.9920     7.4153    227.190    7.06234  216.37480    104.998 -9.990e-29
   40.30310  -73.21936      2.184      2.167    24.1480    30.2296 -9.990e-29     0.3103 2.6224e+01  1020.0013    24.1475    19.9918     7.4155    227.195    7.06229  216.37359    105.001 -9.990e-29
   40.30310  -73.21936      2.184      2.167    24.1484    30.2293 -9.990e-29     0.3103 2.6077e+01  1020.0006    24.1480    19.9913     7.4153    227.189    7.06221  216.37124    105.000 -9.990e-29
   40.30310  -73.21936      2.193      2.176    24.1489    30.2290 -9.990e-29     0.3103 2.5211e+01  1020.0001    24.1484    19.9910     7.4151    227.184    7.06217  216.37017    104.998 -9.990e-29
   40.30310  -73.21936      2.173      2.156    24.1492    30.2290 -9.990e-29     0.3371 2.4859e+01  1020.0003    24.1488    19.9909     7.4149    227.177    7.06206  216.36685    104.996 -9.990e-29
   40.30310  -73.21936      2.184      2.167    24.1495    30.2290 -9.990e-29     0.3371 2.4789e+01  1020.0003    24.1491    19.9908     7.4147    227.172    7.06203  216.36596    104.994 -9.990e-29
   40.30310  -73.21936      2.184      2.167    24.1500    30.2287 -9.990e-29     0.3371 2.4034e+01  1019.9998    24.1495    19.9905     7.4149    227.176    7.06203  216.36581    104.996 -9.990e-29
   40.30310  -73.21936      2.184      2.167    24.1503    30.2283 -9.990e-29     0.3371 2.3565e+01  1019.9994    24.1498    19.9900     7.4147    227.172    7.06204  216.36620    104.994 -9.990e-29
   40.30310  -73.21936      2.173      2.156    24.1503    30.2279 -9.990e-29     0.3371 2.3565e+01  1019.9989    24.1499    19.9897     7.4145    227.166    7.06202  216.36574    104.992 -9.990e-29
   40.30310  -73.21936      2.184      2.167    24.1504    30.2278 -9.990e-29     0.3371 2.3236e+01  1019.9988    24.1500    19.9895     7.4147    227.170    7.06204  216.36633    104.993 -9.990e-29
   40.30310  -73.21936      2.173      2.156    24.1503    30.2278 -9.990e-29     0.3371 2.2976e+01  1019.9988    24.1499    19.9895     7.4145    227.165    7.06204  216.36642    104.991 -9.990e-29
   40.30310  -73.21936      2.174      2.157    24.1503    30.2278 -9.990e-29     0.3371 2.2911e+01  1019.9990    24.1499    19.9896     7.4185    227.288    7.06211  216.36838    105.047 -9.990e-29
   40.30310  -73.21936      2.163      2.146    24.1500    30.2279 -9.990e-29     0.3371 2.2528e+01  1019.9992    24.1496    19.9898     7.4188    227.297    7.06204  216.36607    105.052 -9.990e-29
   40.30310  -73.21936      2.173      2.156    24.1501    30.2279 -9.990e-29     0.3505 2.2151e+01  1019.9990    24.1497    19.9898     7.4188    227.297    7.06197  216.36401    105.053 -9.990e-29
   40.30310  -73.21936      2.163      2.146    24.1501    30.2279 -9.990e-29     0.3371 2.2089e+01  1019.9993    24.1497    19.9898     7.4188    227.295    7.06188  216.36087    105.054 -9.990e-29
   40.30310  -73.21936      2.163      2.146    24.1500    30.2278 -9.990e-29     0.3371 2.2276e+01  1019.9989    24.1496    19.9898     7.4187    227.293    7.06180  216.35848    105.054 -9.990e-29
   40.30310  -73.21936      2.153      2.137    24.1501    30.2276 -9.990e-29     0.3371 2.2591e+01  1019.9990    24.1497    19.9896     7.4189    227.301    7.06174  216.35674    105.058 -9.990e-29
   40.30310  -73.21936      2.152      2.136    24.1501    30.2269 -9.990e-29     0.3371 2.2655e+01  1019.9986    24.1497    19.9890     7.4192    227.308    7.06170  216.35538    105.062 -9.990e-29
   40.30310  -73.21936      2.152      2.136    24.1500    30.2255 -9.990e-29     0.3371 2.3041e+01  1019.9973    24.1495    19.9881     7.4194    227.315    7.06164  216.35401    105.066 -9.990e-29
   40.30310  -73.21936      2.142      2.126    24.1495    30.2242 -9.990e-29     0.3371 2.3765e+01  1019.9960    24.1491    19.9872     7.4197    227.324    7.06166  216.35465    105.070 -9.990e-29
   40.30310  -73.21936      2.133      2.116    24.1481    30.2234 -9.990e-29     0.3371 2.4034e+01  1019.9959    24.1477    19.9870     7.4200    227.332    7.06168  216.35545    105.074 -9.990e-29
   40.30310  -73.21936      2.133      2.116    24.1462    30.2234 -9.990e-29     0.3371 2.4374e+01  1019.9964    24.1457    19.9874     7.4240    227.457    7.06169  216.35561    105.131 -9.990e-29
   40.30310  -73.21936      2.122      2.106    24.1441    30.2233 -9.990e-29     0.3371 2.5353e+01  1019.9974    24.1437    19.9880     7.4204    227.347    7.06173  216.35672    105.080 -9.990e-29
   40.30310  -73.21936      2.112      2.096    24.1426    30.2233 -9.990e-29     0.3371 2.5785e+01  1019.9976    24.1422    19.9885     7.4244    227.470    7.06173  216.35700    105.136 -9.990e-29
   40.30310  -73.21936      2.092      2.076    24.1415    30.2232 -9.990e-29     0.3371 2.5930e+01  1019.9975    24.1411    19.9888     7.4249    227.485    7.06175  216.35780    105.143 -9.990e-29
   40.30310  -73.21936      2.092      2.076    24.1398    30.2231 -9.990e-29     0.3371 2.6821e+01  1019.9985    24.1394    19.9891     7.4253    227.495    7.06168  216.35519    105.149 -9.990e-29
   40.30310  -73.21936      2.082      2.066    24.1383    30.2225 -9.990e-29     0.3371 2.7200e+01  1019.9982    24.1379    19.9892     7.4253    227.497    7.06165  216.35433    105.150 -9.990e-29
   40.30310  -73.21936      2.072      2.056    24.1360    30.2225 -9.990e-29     0.3371 2.7277e+01  1019.9975    24.1355    19.9893     7.4257    227.508    7.06165  216.35441    105.155 -9.990e-29
   40.30310  -73.21936      2.061      2.046    24.1326    30.2225 -9.990e-29     0.3237 2.7354e+01  1019.9988    24.1322    19.9904     7.4260    227.518    7.06164  216.35411    105.160 -9.990e-29
   40.30310  -73.21936      2.061      2.046    24.1301    30.2236 -9.990e-29     0.3103 2.7354e+01  1020.0010    24.1296    19.9922     7.4260    227.518    7.06161  216.35318    105.160 -9.990e-29
   40.30310  -73.21936      2.041      2.025    24.1281    30.2258 -9.990e-29     0.3103 2.7354e+01  1020.0031    24.1277    19.9944     7.4260    227.518    7.06164  216.35428    105.160 -9.990e-29
   40.30310  -73.21936      2.041      2.025    24.1272    30.2280 -9.990e-29     0.3103 2.7431e+01  1020.0059    24.1268    19.9963     7.4263    227.528    7.06170  216.35620    105.164 -9.990e-29
   40.30310  -73.21936      2.033      2.017    24.1282    30.2290 -9.990e-29     0.3103 2.7508e+01  1020.0065    24.1278    19.9969     7.4307    227.660    7.06168  216.35561    105.225 -9.990e-29
