CalculateIndicators/WaterTemperature/Data/CTD_NYOS/20240709_C12.cnv
* Sea-Bird SBE 9 Data File:
* FileName = C:\Seabird 9 CTD\Data\2024\202407_offshore\20240709_C12.hex
* Software Version Seasave V 7.23.2
* Temperature SN = 4590
* Conductivity SN = 3228
* Number of Bytes Per Scan = 44
* Number of Voltage Words = 5
* Number of Scans Averaged by the Deck Unit = 1
* NMEA Latitude = 39 19.29 N
* NMEA Longitude = 072 05.50 W
* NMEA UTC (Time) = Jul 09 2024  15:04:38
* NMEA baud rate = 4800
** Ship: seawolf
** Station: 9.7
** Operator: TCM
# nquan = 18
# nvalues = 20551                       
# units = specified
# name 0 = latitude: Latitude [deg]
# name 1 = longitude: Longitude [deg]
# name 2 = prDM: Pressure, Digiquartz [db]
# name 3 = depSM: Depth [salt water, m]
# name 4 = t090C: Temperature [ITS-90, deg C]
# name 5 = sal00: Salinity, Practical [PSU]
# name 6 = ph: pH
# name 7 = flECO-AFL: Fluorescence, WET Labs ECO-AFL/FL [mg/m^3]
# name 8 = cpar: CPAR/Corrected Irradiance [%]
# name 9 = density00: Density [density, kg/m^3]
# name 10 = potemp090C: Potential Temperature [ITS-90, deg C]
# name 11 = sigma-é00: Density [sigma-theta, kg/m^3]
# name 12 = sbeox0Mg/L: Oxygen, SBE 43 [mg/l]
# name 13 = sbox0Mm/Kg: Oxygen, SBE 43 [umol/kg]
# name 14 = oxsolMg/L: Oxygen Saturation, Garcia & Gordon [mg/l]
# name 15 = oxsolMm/Kg: Oxygen Saturation, Garcia & Gordon [umol/kg]
# name 16 = sbeox0PS: Oxygen, SBE 43 [% saturation]
# name 17 = flag:  0.000e+00
# span 0 =   39.32150,   39.32190       
# span 1 =  -72.09594,  -72.09166       
# span 2 =      2.000,    101.659       
# span 3 =      1.985,    100.861       
# span 4 =    10.6625,    25.1953       
# span 5 =    32.7637,    36.5564       
# span 6 =      8.015,      8.331       
# span 7 =    -0.0792,     0.9012       
# span 8 = 9.5022e-03, 3.4929e+01       
# span 9 =  1021.8656,  1027.3626       
# span 10 =    10.6567,    25.1942      
# span 11 =    21.8565,    26.9974      
# span 12 =     4.8483,     8.6042      
# span 13 =    147.648,    262.201      
# span 14 =    6.79072,    8.98936      
# span 15 =  207.39012,  273.91964      
# span 16 =     64.436,    103.411      
# span 17 = 0.0000e+00, 0.0000e+00      
# interval = seconds: 0.0416667
# start_time = Jul 09 2024 15:04:40 [System UTC, first data scan.]
# bad_flag = -9.990e-29
*END*
[from data line 10774]
   39.32176  -72.09398     71.015     70.463    18.6107    36.2506 -9.990e-29     0.0819 8.0069e-02  1026.3877    18.5981    26.0801     5.1685    157.412    7.53195  229.39329     68.621 -9.990e-29
   39.32176  -72.09398     70.997     70.445    18.6104    36.2509 -9.990e-29     0.0819 8.0069e-02  1026.3879    18.5978    26.0804     5.1730    157.549    7.53190  229.39178     68.681 -9.990e-29
   39.32176  -72.09398     70.984     70.432    18.6101    36.2511 -9.990e-29     0.0819 8.0169e-02  1026.3879    18.5975    26.0806     5.1735    157.563    7.53193  229.39256     68.687 -9.990e-29
   39.32176  -72.09398     70.984     70.432    18.6097    36.2511 -9.990e-29     0.0819 8.0550e-02  1026.3884    18.5971    26.0808     5.1693    157.437    7.53191  229.39200     68.632 -9.990e-29
   39.32176  -72.09398     70.974     70.423    18.6095    36.2511 -9.990e-29     0.0819 8.0550e-02  1026.3880    18.5970    26.0808     5.1693    157.436    7.53189  229.39134     68.632 -9.990e-29
   39.32176  -72.09398     70.955     70.404    18.6094    36.2512 -9.990e-29     0.0819 8.0550e-02  1026.3879    18.5969    26.0808     5.1738    157.572    7.53184  229.38968     68.692 -9.990e-29
   39.32176  -72.09398     70.954     70.402    18.6090    36.2512 -9.990e-29     0.0819 8.0069e-02  1026.3884    18.5964    26.0810     5.1741    157.584    7.53181  229.38891     68.697 -9.990e-29
   39.32176  -72.09398     70.943     70.391    18.6090    36.2514 -9.990e-29     0.0819 8.0069e-02  1026.3883    18.5964    26.0812     5.1745    157.593    7.53174  229.38676     68.702 -9.990e-29
   39.32176  -72.09398     70.925     70.373    18.6086    36.2517 -9.990e-29     0.0819 8.0069e-02  1026.3885    18.5961    26.0815     5.1748    157.604    7.53173  229.38661     68.707 -9.990e-29
   39.32176  -72.09398     70.912     70.361    18.6084    36.2521 -9.990e-29     0.0819 8.0309e-02  1026.3891    18.5958    26.0818     5.1751    157.614    7.53174  229.38697     68.711 -9.990e-29
   39.32176  -72.09398     70.902     70.351    18.6082    36.2523 -9.990e-29     0.0954 8.0550e-02  1026.3890    18.5957    26.0820     5.1754    157.623    7.53169  229.38558     68.715 -9.990e-29
   39.32176  -72.09398     70.894     70.343    18.6079    36.2525 -9.990e-29     0.1088 8.0550e-02  1026.3893    18.5954    26.0822     5.1758    157.633    7.53172  229.38652     68.719 -9.990e-29
   39.32176  -72.09398     70.882     70.331    18.6082    36.2527 -9.990e-29     0.1222 8.0550e-02  1026.3894    18.5957    26.0824     5.1760    157.642    7.53174  229.38701     68.723 -9.990e-29
   39.32176  -72.09398     70.872     70.321    18.6082    36.2527 -9.990e-29     0.1222 8.0550e-02  1026.3894    18.5957    26.0824     5.1763    157.650    7.53173  229.38672     68.727 -9.990e-29
   39.32176  -72.09398     70.872     70.321    18.6081    36.2527 -9.990e-29     0.1222 8.0550e-02  1026.3893    18.5956    26.0823     5.1761    157.644    7.53172  229.38633     68.724 -9.990e-29
   39.32176  -72.09398     70.853     70.302    18.6084    36.2525 -9.990e-29     0.1222 8.1033e-02  1026.3887    18.5959    26.0821     5.1763    157.650    7.53170  229.38572     68.727 -9.990e-29
   39.32176  -72.09398     70.840     70.290    18.6081    36.2523 -9.990e-29     0.1222 8.0933e-02  1026.3891    18.5956    26.0821     5.1765    157.657    7.53171  229.38637     68.730 -9.990e-29
   39.32176  -72.09398     70.831     70.280    18.6081    36.2520 -9.990e-29     0.1222 8.0933e-02  1026.3885    18.5956    26.0819     5.1763    157.650    7.53174  229.38721     68.726 -9.990e-29
   39.32176  -72.09398     70.832     70.281    18.6081    36.2516 -9.990e-29     0.1222 8.0933e-02  1026.3883    18.5956    26.0815     5.1764    157.653    7.53172  229.38631     68.728 -9.990e-29
   39.32176  -72.09398     70.810     70.259    18.6080    36.2511 -9.990e-29     0.1222 8.0933e-02  1026.3877    18.5955    26.0811     5.1761    157.643    7.53164  229.38385     68.724 -9.990e-29
   39.32176  -72.09398     70.810     70.259    18.6077    36.2505 -9.990e-29     0.1222 8.0933e-02  1026.3874    18.5952    26.0806     5.1762    157.646    7.53167  229.38479     68.726 -9.990e-29
   39.32176  -72.09398     70.801     70.251    18.6079    36.2501 -9.990e-29     0.1222 8.0833e-02  1026.3868    18.5954    26.0804     5.1762    157.648    7.53164  229.38396     68.727 -9.990e-29
   39.32176  -72.09398     70.789     70.239    18.6077    36.2501 -9.990e-29     0.1222 8.0833e-02  1026.3868    18.5952    26.0804     5.1763    157.650    7.53165  229.38456     68.727 -9.990e-29
   39.32176  -72.09398     70.779     70.229    18.6074    36.2501 -9.990e-29     0.1222 8.1075e-02  1026.3871    18.5949    26.0805     5.1809    157.789    7.53166  229.38482     68.788 -9.990e-29
   39.32176  -72.09398     70.779     70.229    18.6074    36.2501 -9.990e-29     0.1222 8.1075e-02  1026.3869    18.5949    26.0805     5.1764    157.651    7.53167  229.38511     68.728 -9.990e-29
   39.32176  -72.09398     70.771     70.221    18.6070    36.2501 -9.990e-29     0.1222 8.1075e-02  1026.3870    18.5945    26.0806     5.1763    157.651    7.53169  229.38571     68.727 -9.990e-29
   39.32176  -72.09398     70.768     70.218    18.6065    36.2504      8.088     0.1222 8.0975e-02  1026.3874    18.5940    26.0809     5.1762    157.648    7.53162  229.38352     68.727 -9.990e-29
   39.32176  -72.09398     70.749     70.199    18.6064    36.2506      8.088     0.1222 8.0975e-02  1026.3875    18.5939    26.0812     5.1761    157.643    7.53151  229.37974     68.726 -9.990e-29
   39.32176  -72.09398     70.761     70.211    18.6060    36.2511      8.088     0.1222 8.0733e-02  1026.3880    18.5935    26.0816     5.1760    157.639    7.53139  229.37587     68.725 -9.990e-29
   39.32176  -72.09398     70.749     70.199    18.6058    36.2515      8.088     0.1222 8.0733e-02  1026.3885    18.5933    26.0820     5.1758    157.634    7.53130  229.37321     68.724 -9.990e-29
   39.32176  -72.09398     70.749     70.199    18.6055    36.2520      8.088     0.1222 8.0975e-02  1026.3888    18.5930    26.0824     5.1756    157.628    7.53119  229.36985     68.722 -9.990e-29
   39.32176  -72.09398     70.749     70.199    18.6055    36.2525      8.088     0.1222 8.1117e-02  1026.3892    18.5930    26.0828     5.1754    157.623    7.53114  229.36845     68.720 -9.990e-29
   39.32176  -72.09398     70.741     70.191    18.6051    36.2527      8.088     0.1222 8.1117e-02  1026.3898    18.5926    26.0831     5.1752    157.616    7.53103  229.36513     68.718 -9.990e-29
   39.32176  -72.09398     70.738     70.188    18.6051    36.2527      8.088     0.1222 8.1117e-02  1026.3895    18.5926    26.0832     5.1750    157.609    7.53093  229.36180     68.716 -9.990e-29
   39.32176  -72.09398     70.738     70.188    18.6050    36.2527      8.088     0.1222 8.1117e-02  1026.3896    18.5925    26.0831     5.1745    157.595    7.53060  229.35100     68.714 -9.990e-29
   39.32176  -72.09398     70.741     70.191    18.6051    36.2524      8.088     0.1088 8.1017e-02  1026.3892    18.5926    26.0829     5.1738    157.570    7.52977  229.32299     68.711 -9.990e-29
   39.32176  -72.09398     70.738     70.188    18.6049    36.2524      8.088     0.1088 8.1017e-02  1026.3891    18.5924    26.0828     5.1728    157.540    7.52871  229.28876     68.708 -9.990e-29
   39.32176  -72.09398     70.738     70.188    18.6050    36.2524      8.093     0.1088 8.0775e-02  1026.3892    18.5925    26.0829     5.1724    157.525    7.52776  229.25879     68.711 -9.990e-29
   39.32176  -72.09398     70.738     70.188    18.6050    36.2526      8.088     0.1088 8.0534e-02  1026.3895    18.5925    26.0830     5.1760    157.636    7.52684  229.23041     68.767 -9.990e-29
   39.32176  -72.09398     70.741     70.191    18.6051    36.2528      8.088     0.1088 8.0534e-02  1026.3895    18.5926    26.0832     5.1711    157.488    7.52613  229.20921     68.709 -9.990e-29
   39.32176  -72.09398     70.749     70.199    18.6050    36.2531      8.088     0.1088 8.1503e-02  1026.3897    18.5925    26.0834     5.1705    157.468    7.52559  229.19357     68.705 -9.990e-29
   39.32176  -72.09398     70.749     70.199    18.6050    36.2537      8.088     0.1088 8.1646e-02  1026.3903    18.5925    26.0839     5.1700    157.455    7.52537  229.18822     68.701 -9.990e-29
   39.32176  -72.09398     70.750     70.200    18.6051    36.2542      8.088     0.1088 8.1890e-02  1026.3909    18.5926    26.0843     5.1696    157.443    7.52526  229.18616     68.697 -9.990e-29
   39.32176  -72.09398     70.759     70.209    18.6052    36.2545      8.088     0.1088 8.1646e-02  1026.3910    18.5927    26.0844     5.1692    157.432    7.52519  229.18444     68.692 -9.990e-29
   39.32176  -72.09398     70.759     70.209    18.6053    36.2546      8.088     0.1088 8.1402e-02  1026.3909    18.5928    26.0844     5.1693    157.434    7.52518  229.18452     68.693 -9.990e-29
   39.32176  -72.09398     70.768     70.218    18.6056    36.2546      8.088     0.1088 8.1402e-02  1026.3910    18.5931    26.0845     5.1689    157.424    7.52520  229.18593     68.688 -9.990e-29
   39.32176  -72.09398     70.771     70.221    18.6058    36.2546      8.088     0.1088 8.1402e-02  1026.3912    18.5933    26.0845     5.1686    157.414    7.52528  229.18882     68.683 -9.990e-29
   39.32176  -72.09398     70.779     70.229    18.6060    36.2545      8.088     0.1088 8.1159e-02  1026.3907    18.5935    26.0843     5.1687    157.417    7.52536  229.19159     68.684 -9.990e-29
   39.32176  -72.09398     70.789     70.239    18.6062    36.2543      8.088     0.1088 8.1159e-02  1026.3907    18.5937    26.0841     5.1683    157.406    7.52541  229.19293     68.678 -9.990e-29
   39.32176  -72.09398     70.792     70.242    18.6065    36.2542      8.093     0.1088 8.1159e-02  1026.3906    18.5940    26.0840     5.1679    157.394    7.52540  229.19244     68.673 -9.990e-29
   39.32176  -72.09398     70.800     70.250    18.6065    36.2542      8.088     0.1088 8.0817e-02  1026.3903    18.5940    26.0838     5.1724    157.530    7.52538  229.19173     68.733 -9.990e-29
   39.32176  -72.09398     70.810     70.259    18.6067    36.2542      8.088     0.1088 8.0817e-02  1026.3902    18.5942    26.0837     5.1683    157.406    7.52540  229.19262     68.678 -9.990e-29
   39.32176  -72.09398     70.821     70.270    18.6067    36.2543      8.088     0.1088 8.0817e-02  1026.3905    18.5942    26.0839     5.1680    157.395    7.52552  229.19690     68.672 -9.990e-29
   39.32176  -72.09398     70.822     70.272    18.6068    36.2546      8.088     0.1088 8.0817e-02  1026.3911    18.5943    26.0841     5.1676    157.386    7.52573  229.20388     68.666 -9.990e-29
   39.32176  -72.09398     70.840     70.290    18.6070    36.2546      8.088     0.1088 8.0576e-02  1026.3910    18.5945    26.0841     5.1677    157.389    7.52595  229.21113     68.665 -9.990e-29
   39.32176  -72.09398     70.840     70.290    18.6076    36.2546      8.088     0.1088 8.0096e-02  1026.3908    18.5951    26.0840     5.1678    157.391    7.52612  229.21651     68.665 -9.990e-29
   39.32176  -72.09398     70.853     70.302    18.6077    36.2544      8.088     0.1088 8.0336e-02  1026.3907    18.5952    26.0837     5.1679    157.393    7.52627  229.22087     68.664 -9.990e-29
   39.32176  -72.09398     70.861     70.310    18.6077    36.2541      8.088     0.1088 8.0336e-02  1026.3904    18.5952    26.0834     5.1679    157.395    7.52644  229.22616     68.663 -9.990e-29
   39.32176  -72.09398     70.872     70.321    18.6082    36.2537      8.088     0.1088 8.0336e-02  1026.3899    18.5957    26.0831     5.1680    157.397    7.52662  229.23141     68.663 -9.990e-29
   39.32176  -72.09398     70.894     70.343    18.6081    36.2535      8.088     0.0954 8.0336e-02  1026.3900    18.5956    26.0829     5.1681    157.399    7.52681  229.23755     68.662 -9.990e-29
   39.32176  -72.09398     70.891     70.340    18.6080    36.2535      8.088     0.0819 8.0576e-02  1026.3898    18.5955    26.0829     5.1682    157.404    7.52711  229.24676     68.661 -9.990e-29
   39.32176  -72.09398     70.912     70.361    18.6081    36.2535      8.088     0.0819 8.0576e-02  1026.3899    18.5956    26.0829     5.1684    157.409    7.52738  229.25555     68.661 -9.990e-29
   39.32176  -72.09398     70.912     70.361    18.6079    36.2535      8.088     0.0819 8.0336e-02  1026.3905    18.5954    26.0831     5.1685    157.413    7.52767  229.26463     68.660 -9.990e-29
   39.32176  -72.09398     70.934     70.383    18.6080    36.2535      8.088     0.0819 8.0096e-02  1026.3906    18.5955    26.0831     5.1686    157.417    7.52790  229.27149     68.659 -9.990e-29
   39.32176  -72.09398     70.943     70.391    18.6082    36.2538      8.093     0.0819 8.0096e-02  1026.3899    18.5957    26.0829     5.1687    157.420    7.52817  229.27971     68.659 -9.990e-29
   39.32176  -72.09398     70.954     70.402    18.6081    36.2538      8.088     0.0819 7.9856e-02  1026.3899    18.5956    26.0829     5.1689    157.424    7.52842  229.28746     68.658 -9.990e-29
   39.32176  -72.09398     70.966     70.415    18.6078    36.2541      8.088     0.0819 7.9856e-02  1026.3909    18.5953    26.0833     5.1690    157.429    7.52873  229.29674     68.657 -9.990e-29
   39.32176  -72.09398     70.984     70.432    18.6082    36.2541      8.088     0.0819 7.9856e-02  1026.3913    18.5957    26.0836     5.1692    157.433    7.52898  229.30449     68.657 -9.990e-29
   39.32176  -72.09398     70.984     70.432    18.6082    36.2541      8.088     0.0819 7.9856e-02  1026.3908    18.5957    26.0834     5.1693    157.438    7.52930  229.31391     68.656 -9.990e-29
   39.32176  -72.09398     71.006     70.454    18.6086    36.2537      8.088     0.0819 8.0096e-02  1026.3905    18.5961    26.0830     5.1694    157.441    7.52951  229.32038     68.655 -9.990e-29
   39.32176  -72.09398     71.005     70.453    18.6087    36.2532      8.088     0.0819 8.0096e-02  1026.3899    18.5962    26.0826     5.1650    157.306    7.52973  229.32665     68.595 -9.990e-29
   39.32176  -72.09398     71.026     70.474    18.6086    36.2531      8.088     0.0819 7.9856e-02  1026.3901    18.5961    26.0825     5.1646    157.295    7.52987  229.33061     68.589 -9.990e-29
   39.32176  -72.09398     71.038     70.486    18.6086    36.2531      8.088     0.0819 7.9856e-02  1026.3901    18.5961    26.0824     5.1647    157.297    7.52999  229.33418     68.589 -9.990e-29
   39.32176  -72.09398     71.046     70.494    18.6087    36.2531      8.088     0.0819 7.9618e-02  1026.3895    18.5962    26.0825     5.1644    157.287    7.53008  229.33670     68.583 -9.990e-29
   39.32176  -72.09398     71.056     70.504    18.6086    36.2542      8.088     0.0819 7.9618e-02  1026.3909    18.5961    26.0834     5.1640    157.276    7.53012  229.33797     68.578 -9.990e-29
   39.32176  -72.09398     71.046     70.494    18.6086    36.2558      8.088     0.0819 7.9856e-02  1026.3928    18.5961    26.0845     5.1637    157.266    7.53016  229.33905     68.573 -9.990e-29
   39.32176  -72.09398     71.099     70.546    18.6093    36.2567      8.093     0.0819 7.9955e-02  1026.3934    18.5967    26.0851     5.1633    157.254    7.53014  229.33847     68.569 -9.990e-29
   39.32176  -72.09398     71.086     70.534    18.6100    36.2568      8.088     0.0819 7.9955e-02  1026.3929    18.5975    26.0850     5.1630    157.245    7.53018  229.33955     68.564 -9.990e-29
   39.32176  -72.09398     71.107     70.555    18.6109    36.2568      8.088     0.0819 7.9478e-02  1026.3926    18.5983    26.0849     5.1627    157.236    7.53019  229.33976     68.560 -9.990e-29
   39.32176  -72.09398     71.109     70.556    18.6111    36.2571      8.088     0.0819 7.9478e-02  1026.3929    18.5985    26.0849     5.1579    157.090    7.53026  229.34230     68.496 -9.990e-29
