CalculateIndicators/WaterTemperature/Data/CTD_NYOS/20240428_C26.cnv
* Sea-Bird SBE 9 Data File:
* FileName = C:\Seabird 9 CTD\Data\2024\202404_offshore\20240428_C26.hex
* Software Version Seasave V 7.23.2
* Temperature SN = 4590
* Conductivity SN = 3228
* Number of Bytes Per Scan = 44
* Number of Voltage Words = 5
* Number of Scans Averaged by the Deck Unit = 1
* NMEA Latitude = 39 31.74 N
* NMEA Longitude = 071 44.91 W
* NMEA UTC (Time) = Apr 28 2024  21:51:57
* NMEA baud rate = 4800
** Ship: Seawolf
** Station: 10.7
** Operator: TCM
# nquan = 18
# nvalues = 18309                       
# units = specified
# name 0 = latitude: Latitude [deg]
# name 1 = longitude: Longitude [deg]
# name 2 = prDM: Pressure, Digiquartz [db]
# name 3 = depSM: Depth [salt water, m]
# name 4 = t090C: Temperature [ITS-90, deg C]
# name 5 = sal00: Salinity, Practical [PSU]
# name 6 = ph: pH
# name 7 = flECO-AFL: Fluorescence, WET Labs ECO-AFL/FL [mg/m^3]
# name 8 = cpar: CPAR/Corrected Irradiance [%]
# name 9 = density00: Density [density, kg/m^3]
# name 10 = potemp090C: Potential Temperature [ITS-90, deg C]
# name 11 = sigma-é00: Density [sigma-theta, kg/m^3]
# name 12 = sbeox0Mg/L: Oxygen, SBE 43 [mg/l]
# name 13 = sbox0Mm/Kg: Oxygen, SBE 43 [umol/kg]
# name 14 = oxsolMg/L: Oxygen Saturation, Garcia & Gordon [mg/l]
# name 15 = oxsolMm/Kg: Oxygen Saturation, Garcia & Gordon [umol/kg]
# name 16 = sbeox0PS: Oxygen, SBE 43 [% saturation]
# name 17 = flag:  0.000e+00
# span 0 =   39.52916,   39.53050       
# span 1 =  -71.74900,  -71.74858       
# span 2 =      1.749,    101.317       
# span 3 =      1.736,    100.520       
# span 4 =     8.8803,    10.8591       
# span 5 =    33.0876,    34.5498       
# span 6 =      8.023,      8.118       
# span 7 =    -0.0658,     0.9147       
# span 8 = 2.7672e-13, 4.1579e+01       
# span 9 =  1025.4708,  1026.9517       
# span 10 =     8.8747,    10.8476      
# span 11 =    25.4547,    26.4971      
# span 12 =     7.2645,     9.4054      
# span 13 =    221.162,    286.603      
# span 14 =    8.88587,    9.33370      
# span 15 =  270.53576,  284.28631      
# span 16 =     81.248,    102.514      
# span 17 = 0.0000e+00, 0.0000e+00      
# interval = seconds: 0.0416667
# start_time = Apr 28 2024 21:51:56 [System UTC, first data scan.]
# bad_flag = -9.990e-29
*END*
[from data line 12302]
   39.53008  -71.74884     40.849     40.533     9.8813    33.3506      8.094     0.7400 2.9366e-01  1025.8699     9.8767    25.6847     9.0651    276.198    9.15074  278.80771     99.064 -9.990e-29
   39.53008  -71.74884     40.875     40.559     9.8854    33.3508      8.094     0.7400 2.9366e-01  1025.8684     9.8808    25.6842     9.0641    276.168    9.15079  278.80902     99.053 -9.990e-29
   39.53008  -71.74884     40.890     40.574     9.8890    33.3519      8.094     0.7400 2.9181e-01  1025.8682     9.8844    25.6844     9.0623    276.114    9.15085  278.81094     99.033 -9.990e-29
   39.53008  -71.74884     40.905     40.590     9.8926    33.3544      8.094     0.7400 2.8997e-01  1025.8707     9.8881    25.6858     9.0605    276.057    9.15091  278.81244     99.012 -9.990e-29
   39.53008  -71.74884     40.930     40.614     9.8968    33.3569      8.094     0.7400 2.8997e-01  1025.8729     9.8922    25.6870     9.0593    276.022    9.15092  278.81277     98.999 -9.990e-29
   39.53008  -71.74884     40.947     40.631     9.9019    33.3577      8.094     0.7400 2.8813e-01  1025.8725     9.8973    25.6869     9.0580    275.982    9.15083  278.80999     98.986 -9.990e-29
   39.53008  -71.74884     40.960     40.644     9.9061    33.3570      8.094     0.7400 2.8631e-01  1025.8710     9.9015    25.6856     9.0568    275.943    9.15083  278.80985     98.972 -9.990e-29
   39.53008  -71.74884     40.971     40.655     9.9101    33.3552      8.094     0.7400 2.8541e-01  1025.8687     9.9056    25.6835     9.0506    275.757    9.15099  278.81481     98.903 -9.990e-29
   39.53008  -71.74884     40.987     40.670     9.9138    33.3530      8.094     0.7400 2.8450e-01  1025.8663     9.9092    25.6812     9.0487    275.698    9.15103  278.81617     98.882 -9.990e-29
   39.53008  -71.74884     41.002     40.685     9.9162    33.3508      8.094     0.7400 2.8541e-01  1025.8639     9.9116    25.6792     9.0465    275.632    9.15089  278.81164     98.860 -9.990e-29
   39.53008  -71.74884     41.007     40.691     9.9177    33.3497      8.094     0.7400 2.8203e-01  1025.8624     9.9131    25.6780     9.0441    275.557    9.15045  278.79839     98.837 -9.990e-29
   39.53008  -71.74884     41.022     40.706     9.9187    33.3506      8.094     0.7400 2.8450e-01  1025.8629     9.9141    25.6785     9.0429    275.523    9.15053  278.80167     98.824 -9.990e-29
   39.53008  -71.74884     41.032     40.715     9.9201    33.3534      8.094     0.7400 2.8203e-01  1025.8653     9.9155    25.6805     9.0424    275.508    9.15116  278.82161     98.811 -9.990e-29
   39.53008  -71.74884     41.038     40.721     9.9227    33.3575      8.094     0.7400 2.8114e-01  1025.8687     9.9181    25.6832     9.0414    275.477    9.15204  278.84881     98.791 -9.990e-29
   39.53008  -71.74884     41.042     40.725     9.9260    33.3613      8.094     0.7400 2.8114e-01  1025.8718     9.9214    25.6856     9.0410    275.467    9.15279  278.87154     98.779 -9.990e-29
   39.53008  -71.74884     41.058     40.741     9.9309    33.3635      8.094     0.7400 2.8025e-01  1025.8733     9.9263    25.6865     9.0407    275.455    9.15346  278.89194     98.768 -9.990e-29
   39.53008  -71.74884     41.053     40.736     9.9365    33.3628      8.094     0.7400 2.7936e-01  1025.8717     9.9319    25.6851     9.0402    275.442    9.15407  278.91062     98.756 -9.990e-29
   39.53008  -71.74884     41.053     40.736     9.9422    33.3592      8.094     0.7400 2.7936e-01  1025.8676     9.9376    25.6815     9.0397    275.426    9.15458  278.92626     98.745 -9.990e-29
   39.53008  -71.74884     41.069     40.752     9.9458    33.3536      8.094     0.7400 2.7847e-01  1025.8622     9.9412    25.6766     9.0333    275.230    9.15491  278.93628     98.671 -9.990e-29
   39.53008  -71.74884     41.062     40.746     9.9464    33.3474      8.094     0.7400 2.7759e-01  1025.8562     9.9418    25.6716     9.0369    275.339    9.15520  278.94500     98.707 -9.990e-29
   39.53008  -71.74884     41.053     40.736     9.9432    33.3419      8.094     0.7400 2.7759e-01  1025.8527     9.9386    25.6677     9.0361    275.317    9.15542  278.95113     98.697 -9.990e-29
   39.53008  -71.74884     41.058     40.741     9.9392    33.3378      8.094     0.7400 2.7671e-01  1025.8499     9.9346    25.6651     9.0359    275.309    9.15529  278.94661     98.696 -9.990e-29
   39.53008  -71.74884     41.062     40.746     9.9350    33.3348      8.094     0.7400 2.7583e-01  1025.8486     9.9304    25.6635     9.0346    275.267    9.15484  278.93107     98.686 -9.990e-29
   39.53008  -71.74884     41.049     40.732     9.9309    33.3326      8.094     0.7400 2.7583e-01  1025.8480     9.9263    25.6625     9.0281    275.071    9.15424  278.91324     98.622 -9.990e-29
   39.53008  -71.74884     41.042     40.725     9.9266    33.3308      8.094     0.7400 2.7583e-01  1025.8466     9.9220    25.6619     9.0273    275.048    9.15418  278.91261     98.614 -9.990e-29
   39.53008  -71.74884     41.032     40.715     9.9204    33.3303      8.094     0.7400 2.7583e-01  1025.8467     9.9158    25.6624     9.0326    275.207    9.15423  278.91376     98.671 -9.990e-29
   39.53008  -71.74884     41.028     40.711     9.9146    33.3315      8.094     0.7400 2.7583e-01  1025.8494     9.9100    25.6642     9.0323    275.198    9.15374  278.89762     98.673 -9.990e-29
   39.53008  -71.74884     41.022     40.706     9.9108    33.3336      8.094     0.7400 2.7583e-01  1025.8522     9.9062    25.6664     9.0261    275.007    9.15306  278.87654     98.613 -9.990e-29
   39.53008  -71.74884     41.007     40.691     9.9097    33.3350      8.094     0.7400 2.7759e-01  1025.8537     9.9051    25.6677     9.0303    275.136    9.15268  278.86589     98.662 -9.990e-29
   39.53008  -71.74884     40.991     40.674     9.9096    33.3355      8.094     0.7400 2.7847e-01  1025.8531     9.9051    25.6682     9.0298    275.122    9.15259  278.86370     98.658 -9.990e-29
   39.53008  -71.74884     40.981     40.665     9.9088    33.3359      8.094     0.7400 2.7759e-01  1025.8538     9.9042    25.6686     9.0295    275.112    9.15264  278.86534     98.654 -9.990e-29
   39.53008  -71.74884     40.967     40.651     9.9086    33.3352      8.094     0.7400 2.7759e-01  1025.8551     9.9041    25.6682     9.0242    274.952    9.15267  278.86625     98.596 -9.990e-29
   39.53008  -71.74884     40.951     40.635     9.9095    33.3314      8.094     0.7400 2.7759e-01  1025.8516     9.9049    25.6654     9.0239    274.942    9.15256  278.86243     98.594 -9.990e-29
   39.53008  -71.74884     40.947     40.631     9.9058    33.3256      8.094     0.7400 2.7759e-01  1025.8446     9.9012    25.6616     9.0235    274.930    9.15227  278.85350     98.593 -9.990e-29
   39.53008  -71.74884     40.920     40.605     9.8958    33.3219      8.094     0.7400 2.8025e-01  1025.8429     9.8912    25.6599     9.0290    275.096    9.15198  278.84444     98.656 -9.990e-29
   39.53008  -71.74884     40.896     40.580     9.8876    33.3219      8.094     0.7400 2.8114e-01  1025.8455     9.8830    25.6611     9.0288    275.092    9.15182  278.83969     98.656 -9.990e-29
   39.53008  -71.74884     40.890     40.574     9.8828    33.3234      8.094     0.7400 2.8114e-01  1025.8486     9.8782    25.6632     9.0237    274.937    9.15165  278.83465     98.602 -9.990e-29
   39.53008  -71.74884     40.869     40.554     9.8790    33.3245      8.094     0.7400 2.8114e-01  1025.8496     9.8744    25.6647     9.0237    274.935    9.15143  278.82784     98.604 -9.990e-29
   39.53008  -71.74884     40.865     40.550     9.8753    33.3250      8.094     0.7535 2.8114e-01  1025.8500     9.8708    25.6657     9.0292    275.105    9.15099  278.81403     98.670 -9.990e-29
   39.53008  -71.74884     40.828     40.513     9.8720    33.3257      8.094     0.7535 2.8025e-01  1025.8513     9.8675    25.6668     9.0307    275.149    9.15056  278.80062     98.690 -9.990e-29
   39.53008  -71.74884     40.814     40.499     9.8699    33.3266      8.094     0.7535 2.8025e-01  1025.8525     9.8654    25.6678     9.0315    275.173    9.15017  278.78868     98.703 -9.990e-29
   39.53008  -71.74884     40.798     40.483     9.8688    33.3270      8.094     0.7535 2.8025e-01  1025.8531     9.8642    25.6684     9.0324    275.202    9.14989  278.78062     98.716 -9.990e-29
   39.53008  -71.74884     40.777     40.462     9.8675    33.3265      8.094     0.7535 2.8025e-01  1025.8531     9.8629    25.6683     9.0329    275.218    9.14989  278.78099     98.722 -9.990e-29
   39.53008  -71.74884     40.763     40.449     9.8655    33.3250      8.094     0.7535 2.8025e-01  1025.8514     9.8609    25.6674     9.0335    275.236    9.14990  278.78194     98.728 -9.990e-29
   39.53008  -71.74884     40.737     40.423     9.8625    33.3234      8.094     0.7535 2.8025e-01  1025.8505     9.8579    25.6666     9.0340    275.252    9.14984  278.78059     98.734 -9.990e-29
   39.53008  -71.74884     40.722     40.407     9.8597    33.3227      8.094     0.7535 2.8025e-01  1025.8499     9.8551    25.6666     9.0347    275.273    9.14990  278.78223     98.741 -9.990e-29
   39.53008  -71.74884     40.707     40.392     9.8562    33.3231      8.094     0.7535 2.8114e-01  1025.8510     9.8517    25.6674     9.0362    275.318    9.14994  278.78308     98.757 -9.990e-29
   39.53008  -71.74884     40.691     40.377     9.8548    33.3244      8.094     0.7535 2.8203e-01  1025.8526     9.8502    25.6687     9.0378    275.368    9.15004  278.78652     98.774 -9.990e-29
   39.53008  -71.74884     40.665     40.351     9.8546    33.3258      8.094     0.7535 2.8293e-01  1025.8539     9.8500    25.6698     9.0395    275.420    9.15016  278.79017     98.791 -9.990e-29
   39.53008  -71.74884     40.640     40.327     9.8543    33.3265      8.094     0.7535 2.8293e-01  1025.8541     9.8497    25.6704     9.0405    275.448    9.15024  278.79296     98.800 -9.990e-29
   39.53008  -71.74884     40.635     40.321     9.8539    33.3267      8.094     0.7535 2.8382e-01  1025.8543     9.8494    25.6706     9.0416    275.482    9.15046  278.79994     98.810 -9.990e-29
   39.53008  -71.74884     40.614     40.301     9.8535    33.3269      8.094     0.7535 2.8382e-01  1025.8545     9.8490    25.6708     9.0426    275.515    9.15064  278.80527     98.820 -9.990e-29
   39.53008  -71.74884     40.610     40.297     9.8536    33.3272      8.094     0.7535 2.8473e-01  1025.8542     9.8491    25.6711     9.0438    275.551    9.15083  278.81117     98.831 -9.990e-29
   39.53008  -71.74884     40.584     40.271     9.8536    33.3277      8.094     0.7535 2.8744e-01  1025.8552     9.8491    25.6715     9.0449    275.583    9.15093  278.81426     98.841 -9.990e-29
   39.53008  -71.74884     40.569     40.256     9.8536    33.3278      8.094     0.7535 2.8835e-01  1025.8552     9.8491    25.6716     9.0518    275.794    9.15105  278.81789     98.915 -9.990e-29
   39.53008  -71.74884     40.542     40.230     9.8531    33.3275      8.094     0.7535 2.8835e-01  1025.8544     9.8486    25.6714     9.0536    275.850    9.15115  278.82054     98.935 -9.990e-29
   39.53008  -71.74884     40.548     40.235     9.8529    33.3276      8.094     0.7535 2.9018e-01  1025.8542     9.8484    25.6714     9.0489    275.706    9.15122  278.82263     98.882 -9.990e-29
   39.53008  -71.74884     40.523     40.210     9.8531    33.3278      8.094     0.7535 2.9110e-01  1025.8555     9.8486    25.6715     9.0492    275.714    9.15126  278.82383     98.885 -9.990e-29
   39.53008  -71.74884     40.508     40.195     9.8556    33.3269      8.094     0.7535 2.9110e-01  1025.8543     9.8511    25.6706     9.0495    275.722    9.15133  278.82600     98.887 -9.990e-29
   39.53008  -71.74884     40.502     40.190     9.8561    33.3243      8.094     0.7535 2.9110e-01  1025.8518     9.8516    25.6686     9.0497    275.729    9.15136  278.82669     98.889 -9.990e-29
   39.53008  -71.74884     40.487     40.175     9.8542    33.3211      8.094     0.7535 2.9110e-01  1025.8487     9.8497    25.6663     9.0557    275.913    9.15139  278.82773     98.955 -9.990e-29
   39.53008  -71.74884     40.472     40.160     9.8506    33.3187      8.094     0.7535 2.9110e-01  1025.8470     9.8461    25.6649     9.0568    275.945    9.15150  278.83099     98.965 -9.990e-29
   39.53008  -71.74884     40.461     40.149     9.8470    33.3176      8.094     0.7535 2.9018e-01  1025.8473     9.8425    25.6646     9.0577    275.974    9.15155  278.83258     98.975 -9.990e-29
   39.53008  -71.74884     40.467     40.154     9.8435    33.3169      8.094     0.7132 2.9018e-01  1025.8481     9.8390    25.6646     9.0529    275.825    9.15157  278.83305     98.921 -9.990e-29
   39.53008  -71.74884     40.440     40.128     9.8411    33.3159      8.094     0.6863 2.9018e-01  1025.8469     9.8366    25.6643     9.0587    276.004    9.15155  278.83238     98.986 -9.990e-29
   39.53008  -71.74884     40.436     40.124     9.8388    33.3152      8.094     0.6863 2.9295e-01  1025.8466     9.8342    25.6641     9.0595    276.028    9.15151  278.83108     98.995 -9.990e-29
   39.53008  -71.74884     40.440     40.128     9.8371    33.3150      8.094     0.6863 2.9295e-01  1025.8468     9.8326    25.6643     9.0603    276.052    9.15150  278.83065     99.004 -9.990e-29
   39.53008  -71.74884     40.427     40.115     9.8357    33.3156      8.094     0.6863 2.9388e-01  1025.8471     9.8312    25.6650     9.0605    276.059    9.15171  278.83698     99.004 -9.990e-29
   39.53008  -71.74884     40.410     40.098     9.8340    33.3177      8.094     0.6863 2.9388e-01  1025.8488     9.8295    25.6668     9.0613    276.084    9.15181  278.84033     99.011 -9.990e-29
   39.53008  -71.74884     40.426     40.115     9.8335    33.3215      8.094     0.6863 2.9295e-01  1025.8518     9.8290    25.6699     9.0620    276.105    9.15182  278.84126     99.019 -9.990e-29
   39.53008  -71.74884     40.400     40.089     9.8335    33.3253      8.094     0.6863 2.9295e-01  1025.8578     9.8290    25.6727     9.0628    276.129    9.15196  278.84583     99.026 -9.990e-29
   39.53008  -71.74884     40.406     40.094     9.8366    33.3259      8.094     0.6863 2.9203e-01  1025.8569     9.8321    25.6729     9.0635    276.152    9.15208  278.84979     99.033 -9.990e-29
   39.53008  -71.74884     40.400     40.089     9.8386    33.3244      8.094     0.6863 2.9203e-01  1025.8521     9.8341    25.6715     9.0578    275.979    9.15235  278.85843     98.967 -9.990e-29
   39.53008  -71.74884     40.406     40.094     9.8379    33.3252      8.094     0.6863 2.9203e-01  1025.8534     9.8334    25.6720     9.0629    276.132    9.15258  278.86553     99.020 -9.990e-29
   39.53008  -71.74884     40.400     40.089     9.8386    33.3280      8.094     0.6863 2.9203e-01  1025.8579     9.8341    25.6741     9.0635    276.153    9.15274  278.87056     99.025 -9.990e-29
   39.53008  -71.74884     40.385     40.073     9.8416    33.3294      8.094     0.6863 2.9203e-01  1025.8586     9.8371    25.6748     9.0641    276.171    9.15288  278.87446     99.031 -9.990e-29
   39.53008  -71.74884     40.391     40.079     9.8442    33.3283      8.094     0.6863 2.9203e-01  1025.8562     9.8397    25.6736     9.0638    276.161    9.15292  278.87527     99.027 -9.990e-29
   39.53008  -71.74884     40.396     40.084     9.8454    33.3265      8.094     0.6863 2.9203e-01  1025.8541     9.8409    25.6720     9.0644    276.178    9.15308  278.87990     99.031 -9.990e-29
   39.53008  -71.74884     40.380     40.068     9.8455    33.3254      8.094     0.6863 2.9203e-01  1025.8530     9.8410    25.6711     9.0707    276.370    9.15326  278.88526     99.098 -9.990e-29
