CalculateIndicators/WaterTemperature/Data/CTD_NYOS/20240911_C01.cnv
* Sea-Bird SBE 9 Data File:
* FileName = C:\Seabird 9 CTD\Data\2024\202409_offshore\20240911_C01.hex
* Software Version Seasave V 7.23.2
* Temperature SN = 4590
* Conductivity SN = 3228
* Number of Bytes Per Scan = 44
* Number of Voltage Words = 5
* Number of Scans Averaged by the Deck Unit = 1
* NMEA Latitude = 40 57.55 N
* NMEA Longitude = 073 34.84 W
* NMEA UTC (Time) = Sep 11 2024  16:12:57
* NMEA baud rate = 4800
** Ship: Seawolf
** Station: LIS_ARIG
** Operator: TDK
# nquan = 18
# nvalues = 9269                        
# units = specified
# name 0 = latitude: Latitude [deg]
# name 1 = longitude: Longitude [deg]
# name 2 = prDM: Pressure, Digiquartz [db]
# name 3 = depSM: Depth [salt water, m]
# name 4 = t090C: Temperature [ITS-90, deg C]
# name 5 = sal00: Salinity, Practical [PSU]
# name 6 = ph: pH
# name 7 = flECO-AFL: Fluorescence, WET Labs ECO-AFL/FL [mg/m^3]
# name 8 = cpar: CPAR/Corrected Irradiance [%]
# name 9 = density00: Density [density, kg/m^3]
# name 10 = potemp090C: Potential Temperature [ITS-90, deg C]
# name 11 = sigma-é00: Density [sigma-theta, kg/m^3]
# name 12 = sbeox0Mg/L: Oxygen, SBE 43 [mg/l]
# name 13 = sbox0Mm/Kg: Oxygen, SBE 43 [umol/kg]
# name 14 = oxsolMg/L: Oxygen Saturation, Garcia & Gordon [mg/l]
# name 15 = oxsolMm/Kg: Oxygen Saturation, Garcia & Gordon [umol/kg]
# name 16 = sbeox0PS: Oxygen, SBE 43 [% saturation]
# name 17 = flag:  0.000e+00
# span 0 =   40.95916,   40.95934       
# span 1 =  -73.58098,  -73.58068       
# span 2 =      1.856,     13.108       
# span 3 =      1.842,     13.006       
# span 4 =    21.9873,    22.4498       
# span 5 =    26.4195,    26.7224       
# span 6 =      7.757,      7.844       
# span 7 =     0.9415,     2.7950       
# span 8 = 2.5826e-02, 7.5430e+01       
# span 9 =  1017.6005,  1017.9737       
# span 10 =    21.9861,    22.4494      
# span 11 =    17.5914,    17.9170      
# span 12 =     5.5768,     6.6833      
# span 13 =    171.212,    205.245      
# span 14 =    7.43823,    7.49488      
# span 15 =  228.42405,  230.12089      
# span 16 =     74.627,     89.839      
# span 17 = 0.0000e+00, 0.0000e+00      
# interval = seconds: 0.0416667
# start_time = Sep 11 2024 16:13:00 [System UTC, first data scan.]
# bad_flag = -9.990e-29
*END*
[from data line 2091]
   40.95920  -73.58074     13.005     12.903    22.0965    26.7158 -9.990e-29     1.1027 3.3773e-02  1017.9679    22.0940    17.9114     5.6481    173.398    7.47316  229.42998     75.578 -9.990e-29
   40.95920  -73.58074     13.002     12.901    22.0967    26.7157 -9.990e-29     1.1027 3.3604e-02  1017.9678    22.0942    17.9113     5.6480    173.397    7.47317  229.43040     75.577 -9.990e-29
   40.95920  -73.58074     12.995     12.894    22.0967    26.7156 -9.990e-29     1.1027 3.3362e-02  1017.9675    22.0942    17.9113     5.6483    173.406    7.47318  229.43077     75.581 -9.990e-29
   40.95920  -73.58074     13.011     12.910    22.0965    26.7157 -9.990e-29     1.1027 3.3299e-02  1017.9679    22.0940    17.9114     5.6482    173.404    7.47318  229.43085     75.580 -9.990e-29
   40.95920  -73.58074     13.005     12.903    22.0969    26.7158 -9.990e-29     1.1027 3.3373e-02  1017.9677    22.0944    17.9114     5.6485    173.412    7.47319  229.43089     75.584 -9.990e-29
   40.95920  -73.58074     13.002     12.901    22.0969    26.7158 -9.990e-29     1.1027 3.3552e-02  1017.9679    22.0944    17.9114     5.6444    173.286    7.47318  229.43055     75.529 -9.990e-29
   40.95920  -73.58074     13.002     12.901    22.0965    26.7158 -9.990e-29     1.0893 3.3583e-02  1017.9679    22.0940    17.9114     5.6439    173.272    7.47316  229.42998     75.523 -9.990e-29
   40.95920  -73.58074     13.005     12.903    22.0968    26.7158 -9.990e-29     1.0355 3.3509e-02  1017.9680    22.0943    17.9114     5.6483    173.406    7.47317  229.43047     75.581 -9.990e-29
   40.95920  -73.58074     13.002     12.901    22.0967    26.7157 -9.990e-29     0.9952 3.3509e-02  1017.9676    22.0942    17.9113     5.6438    173.269    7.47317  229.43047     75.521 -9.990e-29
   40.95920  -73.58074     13.015     12.914    22.0969    26.7157 -9.990e-29     0.9818 3.3509e-02  1017.9678    22.0944    17.9113     5.6434    173.256    7.47317  229.43034     75.516 -9.990e-29
   40.95920  -73.58074     13.002     12.901    22.0969    26.7158 -9.990e-29     0.9818 3.3646e-02  1017.9676    22.0944    17.9114     5.6474    173.378    7.47318  229.43054     75.569 -9.990e-29
   40.95920  -73.58074     13.004     12.903    22.0965    26.7158 -9.990e-29     0.9952 3.3752e-02  1017.9681    22.0940    17.9114     5.6436    173.262    7.47316  229.42999     75.519 -9.990e-29
   40.95920  -73.58074     13.002     12.901    22.0969    26.7156 -9.990e-29     0.9952 3.3720e-02  1017.9676    22.0944    17.9112     5.6432    173.250    7.47315  229.42969     75.513 -9.990e-29
   40.95920  -73.58074     13.015     12.914    22.0970    26.7155 -9.990e-29     0.9952 3.3615e-02  1017.9673    22.0945    17.9111     5.6516    173.507    7.47315  229.42961     75.625 -9.990e-29
   40.95920  -73.58074     13.002     12.901    22.0969    26.7155 -9.990e-29     0.9952 3.3299e-02  1017.9676    22.0944    17.9112     5.6431    173.246    7.47316  229.43002     75.511 -9.990e-29
   40.95920  -73.58074     13.004     12.903    22.0967    26.7156 -9.990e-29     0.9952 3.3164e-02  1017.9677    22.0942    17.9112     5.6471    173.368    7.47320  229.43112     75.564 -9.990e-29
   40.95920  -73.58074     13.011     12.910    22.0967    26.7155 -9.990e-29     0.9952 3.3268e-02  1017.9677    22.0942    17.9112     5.6469    173.364    7.47316  229.42994     75.563 -9.990e-29
   40.95920  -73.58074     12.995     12.894    22.0969    26.7154 -9.990e-29     0.9952 3.3552e-02  1017.9673    22.0944    17.9111     5.6428    173.237    7.47315  229.42979     75.507 -9.990e-29
   40.95920  -73.58074     13.002     12.901    22.0968    26.7154 -9.990e-29     0.9952 3.3626e-02  1017.9675    22.0943    17.9111     5.6468    173.359    7.47319  229.43085     75.560 -9.990e-29
   40.95920  -73.58074     13.004     12.903    22.0969    26.7155 -9.990e-29     0.9952 3.3563e-02  1017.9675    22.0944    17.9112     5.6419    173.209    7.47319  229.43077     75.495 -9.990e-29
   40.95920  -73.58074     13.011     12.910    22.0969    26.7157 -9.990e-29     0.9952 3.3563e-02  1017.9679    22.0944    17.9113     5.6411    173.184    7.47319  229.43081     75.484 -9.990e-29
   40.95920  -73.58074     13.002     12.901    22.0967    26.7158 -9.990e-29     0.9952 3.3594e-02  1017.9678    22.0942    17.9114     5.6450    173.303    7.47316  229.43009     75.536 -9.990e-29
   40.95920  -73.58074     12.995     12.894    22.0969    26.7159 -9.990e-29     0.9952 3.3563e-02  1017.9679    22.0944    17.9114     5.6448    173.299    7.47319  229.43092     75.534 -9.990e-29
   40.95920  -73.58074     13.002     12.901    22.0969    26.7160 -9.990e-29     0.9952 3.3531e-02  1017.9678    22.0944    17.9115     5.6402    173.159    7.47318  229.43055     75.473 -9.990e-29
   40.95920  -73.58074     13.004     12.903    22.0968    26.7161 -9.990e-29     0.9952 3.3500e-02  1017.9680    22.0943    17.9116     5.6489    173.423    7.47318  229.43054     75.588 -9.990e-29
   40.95920  -73.58074     13.002     12.901    22.0967    26.7162 -9.990e-29     0.9818 3.3469e-02  1017.9681    22.0942    17.9117     5.6446    173.293    7.47315  229.42979     75.532 -9.990e-29
   40.95920  -73.58074     13.004     12.903    22.0967    26.7163 -9.990e-29     0.9952 3.3679e-02  1017.9682    22.0942    17.9118     5.6397    173.141    7.47319  229.43097     75.466 -9.990e-29
   40.95920  -73.58074     12.992     12.891    22.0967    26.7164 -9.990e-29     0.9952 3.3754e-02  1017.9683    22.0942    17.9119     5.6391    173.124    7.47317  229.43040     75.458 -9.990e-29
   40.95920  -73.58074     13.004     12.903    22.0967    26.7164 -9.990e-29     0.9952 3.3754e-02  1017.9683    22.0942    17.9119     5.6477    173.387    7.47316  229.42994     75.573 -9.990e-29
   40.95920  -73.58074     12.992     12.891    22.0967    26.7164 -9.990e-29     0.9952 3.3648e-02  1017.9682    22.0942    17.9119     5.6394    173.132    7.47315  229.42972     75.462 -9.990e-29
   40.95920  -73.58074     13.004     12.903    22.0965    26.7164 -9.990e-29     0.9952 3.3617e-02  1017.9685    22.0940    17.9119     5.6432    173.249    7.47315  229.42971     75.513 -9.990e-29
   40.95920  -73.58074     12.992     12.891    22.0969    26.7163 -9.990e-29     1.0087 3.3617e-02  1017.9680    22.0944    17.9118     5.6434    173.254    7.47318  229.43067     75.515 -9.990e-29
   40.95920  -73.58074     12.995     12.894    22.0965    26.7163 -9.990e-29     1.0490 3.3722e-02  1017.9684    22.0940    17.9118     5.6391    173.123    7.47316  229.43002     75.458 -9.990e-29
   40.95920  -73.58074     13.002     12.901    22.0967    26.7163 -9.990e-29     1.0490 3.3828e-02  1017.9683    22.0942    17.9118     5.6392    173.128    7.47316  229.43009     75.460 -9.990e-29
   40.95920  -73.58074     12.992     12.891    22.0967    26.7162 -9.990e-29     1.0490 3.3934e-02  1017.9681    22.0942    17.9117     5.6435    173.258    7.47318  229.43069     75.516 -9.990e-29
   40.95920  -73.58074     12.995     12.894    22.0968    26.7162 -9.990e-29     1.0490 3.4041e-02  1017.9681    22.0943    17.9117     5.6389    173.117    7.47317  229.43040     75.455 -9.990e-29
   40.95920  -73.58074     12.992     12.891    22.0965    26.7162 -9.990e-29     1.0490 3.4147e-02  1017.9683    22.0940    17.9117     5.6435    173.257    7.47317  229.43047     75.516 -9.990e-29
   40.95920  -73.58074     12.995     12.894    22.0967    26.7160 -9.990e-29     1.0490 3.4254e-02  1017.9679    22.0942    17.9116     5.6389    173.118    7.47319  229.43089     75.455 -9.990e-29
   40.95920  -73.58074     12.992     12.891    22.0967    26.7159 -9.990e-29     1.0490 3.4116e-02  1017.9678    22.0942    17.9115     5.6431    173.247    7.47316  229.43009     75.512 -9.990e-29
   40.95920  -73.58074     12.995     12.894    22.0967    26.7160 -9.990e-29     1.0490 3.4009e-02  1017.9680    22.0942    17.9116     5.6433    173.253    7.47317  229.43032     75.514 -9.990e-29
   40.95920  -73.58074     12.992     12.891    22.0965    26.7161 -9.990e-29     1.0490 3.3903e-02  1017.9681    22.0940    17.9117     5.6435    173.259    7.47319  229.43077     75.517 -9.990e-29
   40.95920  -73.58074     12.995     12.894    22.0967    26.7160 -9.990e-29     1.0490 3.3903e-02  1017.9679    22.0942    17.9116     5.6485    173.411    7.47320  229.43130     75.583 -9.990e-29
   40.95920  -73.58074     12.992     12.891    22.0965    26.7160 -9.990e-29     1.0490 3.3903e-02  1017.9681    22.0940    17.9116     5.6446    173.291    7.47316  229.43018     75.531 -9.990e-29
   40.95920  -73.58074     12.995     12.894    22.0969    26.7160 -9.990e-29     1.0490 3.3871e-02  1017.9679    22.0944    17.9115     5.6447    173.297    7.47315  229.42968     75.534 -9.990e-29
   40.95920  -73.58074     12.981     12.880    22.0967    26.7159 -9.990e-29     1.0490 3.3871e-02  1017.9678    22.0942    17.9115     5.6450    173.303    7.47316  229.43009     75.536 -9.990e-29
   40.95920  -73.58074     12.995     12.894    22.0967    26.7158 -9.990e-29     1.0490 3.4191e-02  1017.9678    22.0942    17.9114     5.6495    173.443    7.47314  229.42953     75.598 -9.990e-29
   40.95920  -73.58074     12.992     12.891    22.0965    26.7157 -9.990e-29     1.0490 3.4373e-02  1017.9677    22.0940    17.9114     5.6504    173.470    7.47315  229.42991     75.609 -9.990e-29
   40.95920  -73.58074     12.992     12.891    22.0967    26.7158 -9.990e-29     1.0490 3.4481e-02  1017.9678    22.0942    17.9115     5.6509    173.486    7.47317  229.43047     75.616 -9.990e-29
   40.95920  -73.58074     12.984     12.883    22.0969    26.7160 -9.990e-29     1.0490 3.4481e-02  1017.9678    22.0944    17.9115     5.6470    173.366    7.47315  229.42958     75.564 -9.990e-29
   40.95920  -73.58074     12.992     12.891    22.0967    26.7160 -9.990e-29     1.0490 3.4373e-02  1017.9680    22.0942    17.9115     5.6516    173.506    7.47314  229.42946     75.625 -9.990e-29
   40.95920  -73.58074     12.995     12.894    22.0967    26.7159 -9.990e-29     1.0490 3.4449e-02  1017.9678    22.0942    17.9115     5.6521    173.521    7.47317  229.43032     75.631 -9.990e-29
   40.95920  -73.58074     12.992     12.891    22.0967    26.7159 -9.990e-29     1.0490 3.4342e-02  1017.9678    22.0942    17.9115     5.6481    173.401    7.47314  229.42968     75.579 -9.990e-29
   40.95920  -73.58074     12.984     12.883    22.0967    26.7159 -9.990e-29     1.0490 3.4342e-02  1017.9678    22.0942    17.9115     5.6483    173.405    7.47316  229.43006     75.581 -9.990e-29
   40.95920  -73.58074     12.992     12.891    22.0967    26.7160 -9.990e-29     1.0490 3.4310e-02  1017.9679    22.0942    17.9115     5.6484    173.408    7.47314  229.42946     75.582 -9.990e-29
   40.95920  -73.58074     12.984     12.883    22.0969    26.7160 -9.990e-29     1.0490 3.4203e-02  1017.9678    22.0944    17.9115     5.6526    173.537    7.47317  229.43036     75.638 -9.990e-29
   40.95920  -73.58074     12.992     12.891    22.0967    26.7160 -9.990e-29     1.0490 3.4096e-02  1017.9680    22.0942    17.9115     5.6526    173.539    7.47315  229.42968     75.639 -9.990e-29
   40.95920  -73.58074     12.984     12.883    22.0967    26.7160 -9.990e-29     1.0490 3.4096e-02  1017.9679    22.0942    17.9115     5.6487    173.417    7.47315  229.42961     75.586 -9.990e-29
   40.95920  -73.58074     13.002     12.900    22.0968    26.7160 -9.990e-29     1.0490 3.4171e-02  1017.9678    22.0943    17.9115     5.6528    173.544    7.47318  229.43062     75.641 -9.990e-29
   40.95920  -73.58074     12.984     12.883    22.0967    26.7160 -9.990e-29     1.0490 3.4385e-02  1017.9679    22.0942    17.9115     5.6528    173.544    7.47315  229.42976     75.641 -9.990e-29
   40.95920  -73.58074     12.992     12.891    22.0969    26.7161 -9.990e-29     1.0490 3.4493e-02  1017.9679    22.0944    17.9116     5.6532    173.555    7.47318  229.43051     75.646 -9.990e-29
   40.95920  -73.58074     12.992     12.891    22.0969    26.7162 -9.990e-29     1.0490 3.4353e-02  1017.9680    22.0944    17.9117     5.6487    173.420    7.47316  229.42998     75.587 -9.990e-29
   40.95920  -73.58074     12.984     12.883    22.0969    26.7163 -9.990e-29     1.0490 3.4139e-02  1017.9680    22.0944    17.9117     5.6528    173.544    7.47317  229.43047     75.641 -9.990e-29
   40.95920  -73.58074     12.992     12.891    22.0967    26.7164 -9.990e-29     1.0490 3.4171e-02  1017.9682    22.0942    17.9119     5.6490    173.428    7.47315  229.42968     75.591 -9.990e-29
   40.95920  -73.58074     12.984     12.883    22.0963    26.7165 -9.990e-29     1.0490 3.4064e-02  1017.9686    22.0938    17.9120     5.6531    173.552    7.47317  229.43032     75.645 -9.990e-29
   40.95920  -73.58074     12.992     12.891    22.0967    26.7165 -9.990e-29     1.0490 3.4171e-02  1017.9682    22.0942    17.9120     5.6533    173.560    7.47315  229.42968     75.648 -9.990e-29
   40.95920  -73.58074     12.984     12.883    22.0967    26.7164 -9.990e-29     1.0490 3.4171e-02  1017.9683    22.0942    17.9120     5.6536    173.568    7.47314  229.42935     75.652 -9.990e-29
   40.95920  -73.58074     12.992     12.891    22.0965    26.7164 -9.990e-29     1.0490 3.4139e-02  1017.9682    22.0940    17.9119     5.6491    173.431    7.47316  229.42998     75.592 -9.990e-29
   40.95920  -73.58074     12.995     12.894    22.0965    26.7164 -9.990e-29     1.0490 3.4033e-02  1017.9683    22.0940    17.9119     5.6490    173.428    7.47316  229.42998     75.591 -9.990e-29
   40.95920  -73.58074     12.981     12.880    22.0965    26.7164 -9.990e-29     1.0490 3.3970e-02  1017.9683    22.0940    17.9119     5.6486    173.414    7.47316  229.43021     75.585 -9.990e-29
   40.95920  -73.58074     12.995     12.894    22.0967    26.7164 -9.990e-29     1.0490 3.3970e-02  1017.9682    22.0942    17.9119     5.6481    173.399    7.47315  229.42983     75.578 -9.990e-29
   40.95920  -73.58074     12.981     12.880    22.0965    26.7164 -9.990e-29     1.0490 3.3938e-02  1017.9681    22.0940    17.9119     5.6479    173.395    7.47315  229.42973     75.577 -9.990e-29
   40.95920  -73.58074     12.995     12.894    22.0965    26.7165 -9.990e-29     1.0490 3.3938e-02  1017.9684    22.0940    17.9120     5.6478    173.391    7.47313  229.42900     75.575 -9.990e-29
   40.95920  -73.58074     12.981     12.880    22.0965    26.7165 -9.990e-29     1.0490 3.3938e-02  1017.9683    22.0940    17.9120     5.6429    173.241    7.47315  229.42960     75.509 -9.990e-29
   40.95920  -73.58074     12.992     12.891    22.0967    26.7165 -9.990e-29     1.0490 3.4151e-02  1017.9683    22.0942    17.9120     5.6472    173.373    7.47317  229.43032     75.567 -9.990e-29
   40.95920  -73.58074     12.984     12.883    22.0965    26.7164 -9.990e-29     1.0490 3.4366e-02  1017.9682    22.0940    17.9119     5.6471    173.369    7.47314  229.42946     75.565 -9.990e-29
   40.95920  -73.58074     12.992     12.891    22.0967    26.7163 -9.990e-29     1.0490 3.4334e-02  1017.9680    22.0942    17.9118     5.6466    173.355    7.47316  229.42994     75.559 -9.990e-29
   40.95920  -73.58074     12.984     12.883    22.0967    26.7164 -9.990e-29     1.0490 3.4227e-02  1017.9682    22.0942    17.9119     5.6461    173.339    7.47313  229.42912     75.552 -9.990e-29
   40.95920  -73.58074     12.992     12.891    22.0967    26.7166 -9.990e-29     1.0490 3.4120e-02  1017.9684    22.0942    17.9120     5.6463    173.346    7.47313  229.42903     75.555 -9.990e-29
   40.95920  -73.58074     12.984     12.883    22.0967    26.7166 -9.990e-29     1.0490 3.4120e-02  1017.9683    22.0942    17.9120     5.6458    173.330    7.47313  229.42888     75.549 -9.990e-29
