CalculateIndicators/WaterTemperature/Data/CTD_NYOS/20240914_C21.cnv
* Sea-Bird SBE 9 Data File:
* FileName = C:\Seabird 9 CTD\Data\2024\202409_offshore\20240914_C21.hex
* Software Version Seasave V 7.23.2
* Temperature SN = 4590
* Conductivity SN = 3228
* Number of Bytes Per Scan = 44
* Number of Voltage Words = 5
* Number of Scans Averaged by the Deck Unit = 1
* NMEA Latitude = 40 46.53 N
* NMEA Longitude = 072 34.38 W
* NMEA UTC (Time) = Sep 14 2024  00:45:53
* NMEA baud rate = 4800
** Ship: Seawolf
** Station: 10.1
** Operator: TCM
# nquan = 18
# nvalues = 7467                        
# units = specified
# name 0 = latitude: Latitude [deg]
# name 1 = longitude: Longitude [deg]
# name 2 = prDM: Pressure, Digiquartz [db]
# name 3 = depSM: Depth [salt water, m]
# name 4 = t090C: Temperature [ITS-90, deg C]
# name 5 = sal00: Salinity, Practical [PSU]
# name 6 = ph: pH
# name 7 = flECO-AFL: Fluorescence, WET Labs ECO-AFL/FL [mg/m^3]
# name 8 = cpar: CPAR/Corrected Irradiance [%]
# name 9 = density00: Density [density, kg/m^3]
# name 10 = potemp090C: Potential Temperature [ITS-90, deg C]
# name 11 = sigma-é00: Density [sigma-theta, kg/m^3]
# name 12 = sbeox0Mg/L: Oxygen, SBE 43 [mg/l]
# name 13 = sbox0Mm/Kg: Oxygen, SBE 43 [umol/kg]
# name 14 = oxsolMg/L: Oxygen Saturation, Garcia & Gordon [mg/l]
# name 15 = oxsolMm/Kg: Oxygen Saturation, Garcia & Gordon [umol/kg]
# name 16 = sbeox0PS: Oxygen, SBE 43 [% saturation]
# name 17 = flag:  0.000e+00
# span 0 =   40.77554,   40.77562       
# span 1 =  -72.57312,  -72.57258       
# span 2 =      1.744,     18.884       
# span 3 =      1.730,     18.737       
# span 4 =    18.8382,    21.5496       
# span 5 =    30.9140,    31.2011       
# span 6 =      8.070,      8.216       
# span 7 =     0.5654,     2.2175       
# span 8 = 1.6880e-11, 9.9999e+04       
# span 9 =  1021.2775,  1022.2336       
# span 10 =    18.8350,    21.5492      
# span 11 =    21.2674,    22.1508      
# span 12 =     7.0429,     8.2669      
# span 13 =    215.337,    252.885      
# span 14 =    7.36288,    7.73037      
# span 15 =  225.30021,  236.34447      
# span 16 =     91.217,    110.625      
# span 17 = 0.0000e+00, 0.0000e+00      
# interval = seconds: 0.0416667
# start_time = Sep 14 2024 00:45:53 [System UTC, first data scan.]
# bad_flag = -9.990e-29
*END*
[from data line 4021]
   40.77558  -72.57280      2.441      2.423    21.5117    30.9534      8.189     0.5923 4.4686e+00  1021.2902    21.5112    21.2794     7.7368    236.740    7.36960  225.50330    104.983 -9.990e-29
   40.77558  -72.57280      2.451      2.432    21.5120    30.9534      8.189     0.6057 5.3336e+00  1021.2899    21.5115    21.2794     7.7366    236.734    7.36941  225.49768    104.983 -9.990e-29
   40.77558  -72.57280      2.472      2.453    21.5120    30.9533      8.189     0.6460 5.7024e+00  1021.2899    21.5115    21.2793     7.7366    236.733    7.36932  225.49500    104.984 -9.990e-29
   40.77558  -72.57280      2.472      2.453    21.5121    30.9533      8.194     0.6460 5.7625e+00  1021.2899    21.5116    21.2793     7.7368    236.739    7.36935  225.49629    104.986 -9.990e-29
   40.77558  -72.57280      2.472      2.453    21.5120    30.9532      8.189     0.6460 6.1337e+00  1021.2899    21.5115    21.2792     7.7323    236.602    7.36938  225.49747    104.925 -9.990e-29
   40.77558  -72.57280      2.452      2.433    21.5120    30.9531      8.189     0.6460 6.3264e+00  1021.2897    21.5115    21.2791     7.7361    236.720    7.36937  225.49680    104.977 -9.990e-29
   40.77558  -72.57280      2.451      2.432    21.5119    30.9530      8.194     0.6460 6.3481e+00  1021.2897    21.5114    21.2791     7.7319    236.590    7.36920  225.49116    104.922 -9.990e-29
   40.77558  -72.57280      2.462      2.443    21.5120    30.9529      8.189     0.6460 6.5687e+00  1021.2897    21.5115    21.2790     7.7356    236.704    7.36894  225.48326    104.976 -9.990e-29
   40.77558  -72.57280      2.462      2.443    21.5120    30.9529      8.189     0.6460 6.7041e+00  1021.2895    21.5115    21.2789     7.7354    236.698    7.36872  225.47676    104.977 -9.990e-29
   40.77558  -72.57280      2.451      2.432    21.5121    30.9529      8.189     0.6460 6.7041e+00  1021.2897    21.5116    21.2790     7.7354    236.698    7.36862  225.47405    104.978 -9.990e-29
   40.77558  -72.57280      2.441      2.423    21.5116    30.9529      8.194     0.6460 6.9817e+00  1021.2896    21.5112    21.2790     7.7311    236.565    7.36850  225.47041    104.921 -9.990e-29
   40.77558  -72.57280      2.432      2.413    21.5116    30.9528      8.189     0.6460 7.1962e+00  1021.2896    21.5112    21.2789     7.7309    236.559    7.36845  225.46892    104.919 -9.990e-29
   40.77558  -72.57280      2.441      2.423    21.5119    30.9527      8.194     0.6460 7.2204e+00  1021.2891    21.5114    21.2788     7.7350    236.686    7.36836  225.46626    104.976 -9.990e-29
   40.77558  -72.57280      2.441      2.423    21.5115    30.9528      8.189     0.6460 6.5019e+00  1021.2896    21.5110    21.2790     7.7309    236.560    7.36829  225.46417    104.921 -9.990e-29
   40.77558  -72.57280      2.421      2.402    21.5112    30.9528      8.189     0.6460 5.8637e+00  1021.2898    21.5107    21.2791     7.7348    236.678    7.36822  225.46212    104.975 -9.990e-29
   40.77558  -72.57280      2.421      2.402    21.5109    30.9525      8.194     0.6460 5.7424e+00  1021.2894    21.5105    21.2790     7.7305    236.546    7.36819  225.46143    104.916 -9.990e-29
   40.77558  -72.57280      2.411      2.393    21.5104    30.9523      8.189     0.6460 5.3715e+00  1021.2891    21.5099    21.2790     7.7301    236.536    7.36817  225.46072    104.912 -9.990e-29
   40.77558  -72.57280      2.432      2.413    21.5093    30.9525      8.194     0.6460 4.8774e+00  1021.2898    21.5089    21.2795     7.7298    236.527    7.36812  225.45938    104.909 -9.990e-29
   40.77558  -72.57280      2.432      2.413    21.5080    30.9529      8.189     0.6460 4.7553e+00  1021.2908    21.5076    21.2800     7.7253    236.388    7.36810  225.45875    104.848 -9.990e-29
   40.77558  -72.57280      2.391      2.372    21.5079    30.9531      8.194     0.6460 5.8841e+00  1021.2907    21.5075    21.2803     7.7291    236.506    7.36813  225.45971    104.899 -9.990e-29
   40.77558  -72.57280      2.360      2.342    21.5076    30.9531      8.194     0.6460 9.0340e+00  1021.2907    21.5071    21.2803     7.7293    236.513    7.36809  225.45834    104.903 -9.990e-29
   40.77558  -72.57280      2.432      2.413    21.5082    30.9530      8.189     0.6460 1.0307e+01  1021.2905    21.5077    21.2801     7.7293    236.511    7.36807  225.45788    104.902 -9.990e-29
   40.77558  -72.57280      2.362      2.343    21.5081    30.9527      8.189     0.6460 8.9174e+00  1021.2901    21.5076    21.2800     7.7292    236.509    7.36804  225.45669    104.902 -9.990e-29
   40.77558  -72.57280      2.340      2.322    21.5076    30.9527      8.189     0.6460 5.6429e+00  1021.2900    21.5071    21.2800     7.7250    236.378    7.36805  225.45709    104.844 -9.990e-29
   40.77558  -72.57280      2.370      2.352    21.5068    30.9527      8.189     0.6460 4.7208e+00  1021.2907    21.5063    21.2802     7.7290    236.502    7.36801  225.45602    104.899 -9.990e-29
   40.77558  -72.57280      2.340      2.322    21.5065    30.9526      8.189     0.6460 4.8248e+00  1021.2901    21.5061    21.2802     7.7295    236.518    7.36803  225.45665    104.906 -9.990e-29
   40.77558  -72.57280      2.351      2.333    21.5058    30.9526      8.189     0.6057 5.5253e+00  1021.2904    21.5053    21.2804     7.7254    236.390    7.36800  225.45576    104.850 -9.990e-29
   40.77558  -72.57280      2.300      2.282    21.5050    30.9529      8.194     0.5789 5.8434e+00  1021.2907    21.5046    21.2808     7.7296    236.519    7.36798  225.45513    104.908 -9.990e-29
   40.77558  -72.57280      2.330      2.312    21.5044    30.9533      8.189     0.5789 5.8841e+00  1021.2915    21.5040    21.2813     7.7256    236.397    7.36802  225.45625    104.853 -9.990e-29
   40.77558  -72.57280      2.300      2.282    21.5042    30.9537      8.194     0.5789 6.5911e+00  1021.2916    21.5038    21.2817     7.7259    236.408    7.36802  225.45642    104.858 -9.990e-29
   40.77558  -72.57280      2.330      2.312    21.5038    30.9539      8.189     0.5789 7.0053e+00  1021.2922    21.5033    21.2819     7.7260    236.410    7.36800  225.45587    104.859 -9.990e-29
   40.77558  -72.57280      2.270      2.252    21.5042    30.9539      8.194     0.5789 7.0764e+00  1021.2916    21.5038    21.2819     7.7262    236.415    7.36801  225.45610    104.861 -9.990e-29
   40.77558  -72.57280      2.270      2.252    21.5039    30.9535      8.189     0.5789 8.3540e+00  1021.2918    21.5034    21.2816     7.7264    236.422    7.36806  225.45752    104.863 -9.990e-29
   40.77558  -72.57280      2.270      2.252    21.5044    30.9529      8.194     0.5789 9.3916e+00  1021.2907    21.5040    21.2811     7.7266    236.430    7.36805  225.45738    104.867 -9.990e-29
   40.77558  -72.57280      2.270      2.252    21.5041    30.9524      8.189     0.5789 9.5442e+00  1021.2903    21.5037    21.2807     7.7270    236.440    7.36806  225.45761    104.871 -9.990e-29
   40.77558  -72.57280      2.259      2.241    21.5035    30.9521      8.189     0.5789 9.9193e+00  1021.2904    21.5031    21.2807     7.7273    236.450    7.36805  225.45729    104.876 -9.990e-29
   40.77558  -72.57280      2.228      2.211    21.5031    30.9521      8.194     0.5789 1.0340e+01  1021.2903    21.5027    21.2807     7.7321    236.596    7.36807  225.45779    104.940 -9.990e-29
   40.77558  -72.57280      2.249      2.232    21.5026    30.9521      8.189     0.5789 1.0440e+01  1021.2905    21.5021    21.2809     7.7282    236.478    7.36808  225.45818    104.888 -9.990e-29
   40.77558  -72.57280      2.219      2.202    21.5016    30.9524      8.189     0.5789 1.0845e+01  1021.2909    21.5011    21.2814     7.7284    236.482    7.36810  225.45863    104.890 -9.990e-29
   40.77558  -72.57280      2.239      2.222    21.5010    30.9528      8.194     0.5789 1.1444e+01  1021.2916    21.5006    21.2818     7.7332    236.632    7.36808  225.45820    104.956 -9.990e-29
   40.77558  -72.57280      2.209      2.192    21.5003    30.9531      8.189     0.5789 1.1589e+01  1021.2919    21.4999    21.2823     7.7338    236.648    7.36806  225.45745    104.964 -9.990e-29
   40.77558  -72.57280      2.219      2.202    21.5000    30.9534      8.189     0.5923 1.2495e+01  1021.2922    21.4996    21.2826     7.7344    236.667    7.36807  225.45769    104.972 -9.990e-29
   40.77558  -72.57280      2.209      2.192    21.4996    30.9536      8.189     0.5789 1.4457e+01  1021.2924    21.4992    21.2828     7.7351    236.688    7.36809  225.45833    104.981 0.0000e+00
   40.77558  -72.57280      2.198      2.181    21.4992    30.9537      8.189     0.5923 1.5139e+01  1021.2925    21.4988    21.2829     7.7358    236.709    7.36814  225.45991    104.989 -9.990e-29
   40.77558  -72.57280      2.198      2.181    21.4992    30.9537      8.189     0.5923 1.4681e+01  1021.2923    21.4988    21.2830     7.7361    236.720    7.36814  225.46009    104.994 -9.990e-29
   40.77558  -72.57280      2.168      2.151    21.4986    30.9540      8.194     0.5789 1.3257e+01  1021.2927    21.4981    21.2834     7.7365    236.731    7.36818  225.46120    104.999 -9.990e-29
   40.77558  -72.57280      2.198      2.181    21.4986    30.9548      8.194     0.5789 1.2771e+01  1021.2935    21.4981    21.2840     7.7412    236.876    7.36822  225.46231    105.062 -9.990e-29
   40.77558  -72.57280      2.239      2.222    21.4991    30.9557      8.194     0.5789 1.2891e+01  1021.2943    21.4986    21.2846     7.7376    236.766    7.36827  225.46373    105.013 -9.990e-29
   40.77558  -72.57280      2.228      2.211    21.5000    30.9565      8.189     0.5789 1.3675e+01  1021.2949    21.4996    21.2849     7.7424    236.912    7.36831  225.46517    105.077 -9.990e-29
   40.77558  -72.57280      2.219      2.202    21.5014    30.9565      8.189     0.5789 1.4017e+01  1021.2945    21.5009    21.2846     7.7431    236.933    7.36831  225.46499    105.087 -9.990e-29
   40.77558  -72.57280      2.239      2.222    21.5024    30.9557      8.194     0.6057 1.4192e+01  1021.2935    21.5020    21.2837     7.7439    236.956    7.36833  225.46569    105.096 -9.990e-29
   40.77558  -72.57280      2.270      2.252    21.5027    30.9546      8.189     0.6192 1.6644e+01  1021.2923    21.5023    21.2828     7.7489    237.111    7.36834  225.46594    105.165 -9.990e-29
   40.77558  -72.57280      2.279      2.262    21.5028    30.9542      8.194     0.6192 1.8176e+01  1021.2916    21.5024    21.2825     7.7456    237.011    7.36835  225.46617    105.120 -9.990e-29
   40.77558  -72.57280      2.289      2.271    21.5024    30.9550      8.189     0.6192 1.8286e+01  1021.2928    21.5020    21.2831     7.7503    237.153    7.36834  225.46584    105.184 -9.990e-29
   40.77558  -72.57280      2.300      2.282    21.5031    30.9561      8.194     0.6192 1.6095e+01  1021.2942    21.5027    21.2838     7.7513    237.184    7.36833  225.46561    105.198 -9.990e-29
   40.77558  -72.57280      2.330      2.312    21.5049    30.9567      8.189     0.6192 1.4817e+01  1021.2942    21.5045    21.2838     7.7476    237.072    7.36834  225.46599    105.148 -9.990e-29
   40.77558  -72.57280      2.340      2.322    21.5067    30.9565      8.189     0.6192 1.4636e+01  1021.2934    21.5062    21.2832     7.7483    237.092    7.36835  225.46639    105.156 -9.990e-29
   40.77558  -72.57280      2.340      2.322    21.5077    30.9559      8.189     0.6192 1.5948e+01  1021.2925    21.5072    21.2825     7.7533    237.246    7.36839  225.46743    105.224 -9.990e-29
   40.77558  -72.57280      2.351      2.333    21.5088    30.9554      8.189     0.6192 1.7210e+01  1021.2917    21.5084    21.2819     7.7543    237.275    7.36838  225.46720    105.237 -9.990e-29
   40.77558  -72.57280      2.381      2.363    21.5092    30.9552      8.194     0.6192 1.7421e+01  1021.2918    21.5087    21.2815     7.7549    237.293    7.36836  225.46671    105.245 -9.990e-29
   40.77558  -72.57280      2.392      2.373    21.5099    30.9549      8.189     0.6192 1.7687e+01  1021.2914    21.5095    21.2811     7.7554    237.311    7.36837  225.46677    105.253 -9.990e-29
   40.77558  -72.57280      2.391      2.372    21.5106    30.9547      8.189     0.6192 1.8121e+01  1021.2910    21.5101    21.2807     7.7564    237.340    7.36841  225.46816    105.265 -9.990e-29
   40.77558  -72.57280      2.381      2.363    21.5111    30.9545      8.189     0.6192 1.8176e+01  1021.2908    21.5106    21.2805     7.7569    237.357    7.36844  225.46910    105.273 -9.990e-29
   40.77558  -72.57280      2.421      2.402    21.5114    30.9544      8.189     0.6192 1.7527e+01  1021.2907    21.5109    21.2803     7.7578    237.383    7.36843  225.46879    105.284 -9.990e-29
   40.77558  -72.57280      2.421      2.402    21.5116    30.9542      8.189     0.6192 1.6392e+01  1021.2905    21.5112    21.2801     7.7583    237.398    7.36844  225.46901    105.291 -9.990e-29
   40.77558  -72.57280      2.432      2.413    21.5120    30.9540      8.189     0.6192 1.6046e+01  1021.2904    21.5115    21.2799     7.7588    237.413    7.36847  225.47003    105.297 -9.990e-29
   40.77558  -72.57280      2.451      2.432    21.5123    30.9539      8.189     0.6192 1.5515e+01  1021.2902    21.5118    21.2797     7.7592    237.426    7.36848  225.47025    105.303 -9.990e-29
   40.77558  -72.57280      2.451      2.432    21.5120    30.9538      8.189     0.6192 1.4192e+01  1021.2903    21.5115    21.2796     7.7593    237.428    7.36850  225.47083    105.303 -9.990e-29
   40.77558  -72.57280      2.472      2.453    21.5124    30.9538      8.194     0.6192 1.3760e+01  1021.2902    21.5119    21.2796     7.7553    237.308    7.36853  225.47185    105.249 -9.990e-29
   40.77558  -72.57280      2.481      2.462    21.5124    30.9539      8.189     0.6192 1.3423e+01  1021.2903    21.5120    21.2797     7.7553    237.307    7.36851  225.47113    105.249 -9.990e-29
   40.77558  -72.57280      2.492      2.473    21.5125    30.9541      8.189     0.6192 1.2263e+01  1021.2908    21.5120    21.2798     7.7597    237.441    7.36857  225.47289    105.308 -9.990e-29
   40.77558  -72.57280      2.492      2.473    21.5125    30.9541      8.189     0.6192 1.1773e+01  1021.2906    21.5120    21.2797     7.7557    237.319    7.36862  225.47456    105.253 -9.990e-29
   40.77558  -72.57280      2.513      2.493    21.5129    30.9538      8.189     0.6192 1.2035e+01  1021.2902    21.5125    21.2795     7.7553    237.307    7.36865  225.47516    105.247 -9.990e-29
   40.77558  -72.57280      2.522      2.503    21.5129    30.9536      8.194     0.6192 1.4681e+01  1021.2901    21.5124    21.2793     7.7552    237.305    7.36868  225.47635    105.246 -9.990e-29
   40.77558  -72.57280      2.522      2.503    21.5131    30.9536      8.189     0.6057 1.6243e+01  1021.2901    21.5126    21.2792     7.7551    237.300    7.36864  225.47501    105.245 -9.990e-29
   40.77558  -72.57280      2.532      2.513    21.5131    30.9536      8.194     0.5789 1.6342e+01  1021.2903    21.5127    21.2792     7.7547    237.287    7.36867  225.47580    105.238 -9.990e-29
   40.77558  -72.57280      2.533      2.514    21.5131    30.9535      8.189     0.5789 1.4954e+01  1021.2899    21.5126    21.2792     7.7545    237.282    7.36866  225.47557    105.236 -9.990e-29
   40.77558  -72.57280      2.543      2.523    21.5129    30.9535      8.189     0.5789 1.4192e+01  1021.2903    21.5124    21.2792     7.7540    237.266    7.36868  225.47626    105.229 -9.990e-29
   40.77558  -72.57280      2.553      2.533    21.5131    30.9534      8.189     0.5923 1.4104e+01  1021.2900    21.5127    21.2791     7.7534    237.250    7.36870  225.47676    105.221 -9.990e-29
