CalculateIndicators/WaterTemperature/Data/CTD_NYOS/20240428_C20.cnv
* Sea-Bird SBE 9 Data File:
* FileName = C:\Seabird 9 CTD\Data\2024\202404_offshore\20240428_C20.hex
* Software Version Seasave V 7.23.2
* Temperature SN = 4590
* Conductivity SN = 3228
* Number of Bytes Per Scan = 44
* Number of Voltage Words = 5
* Number of Scans Averaged by the Deck Unit = 1
* NMEA Latitude = 40 46.62 N
* NMEA Longitude = 072 34.65 W
* NMEA UTC (Time) = Apr 28 2024  05:51:45
* NMEA baud rate = 4800
** Ship: Seawolf
** Station: 10.1
** Operator: TDK
# nquan = 18
# nvalues = 10029                       
# units = specified
# name 0 = latitude: Latitude [deg]
# name 1 = longitude: Longitude [deg]
# name 2 = prDM: Pressure, Digiquartz [db]
# name 3 = depSM: Depth [salt water, m]
# name 4 = t090C: Temperature [ITS-90, deg C]
# name 5 = sal00: Salinity, Practical [PSU]
# name 6 = ph: pH
# name 7 = flECO-AFL: Fluorescence, WET Labs ECO-AFL/FL [mg/m^3]
# name 8 = cpar: CPAR/Corrected Irradiance [%]
# name 9 = density00: Density [density, kg/m^3]
# name 10 = potemp090C: Potential Temperature [ITS-90, deg C]
# name 11 = sigma-é00: Density [sigma-theta, kg/m^3]
# name 12 = sbeox0Mg/L: Oxygen, SBE 43 [mg/l]
# name 13 = sbox0Mm/Kg: Oxygen, SBE 43 [umol/kg]
# name 14 = oxsolMg/L: Oxygen Saturation, Garcia & Gordon [mg/l]
# name 15 = oxsolMm/Kg: Oxygen Saturation, Garcia & Gordon [umol/kg]
# name 16 = sbeox0PS: Oxygen, SBE 43 [% saturation]
# name 17 = flag:  0.000e+00
# span 0 =   40.77712,   40.77816       
# span 1 =  -72.57750,  -72.57706       
# span 2 =      1.649,     18.814       
# span 3 =      1.637,     18.668       
# span 4 =     7.8014,     9.1508       
# span 5 =    29.8646,    30.2424       
# span 6 =      7.963,      8.071       
# span 7 =     0.6326,     2.0294       
# span 8 = 9.9999e+04, 9.9999e+04       
# span 9 =  1023.1520,  1023.6532       
# span 10 =     7.7997,     9.1506      
# span 11 =    23.1247,    23.5675      
# span 12 =     8.9403,    10.0831      
# span 13 =    272.966,    307.921      
# span 14 =    9.49717,    9.77296      
# span 15 =  290.07397,  298.37731      
# span 16 =     91.646,    104.561      
# span 17 = 0.0000e+00, 0.0000e+00      
# interval = seconds: 0.0416667
# start_time = Apr 28 2024 05:51:44 [System UTC, first data scan.]
# bad_flag = -9.990e-29
*END*
[from data line 1609]
   40.77730  -72.57744     13.876     13.769     8.0242    30.1378      8.041     1.2101 9.9999e+04  1023.5181     8.0229    23.4548     9.7197    296.790    9.72559  296.96897     99.940 -9.990e-29
   40.77730  -72.57744     13.872     13.764     8.0207    30.1391      8.041     1.2101 9.9999e+04  1023.5196     8.0194    23.4562     9.7168    296.700    9.72652  296.99605     99.900 -9.990e-29
   40.77730  -72.57744     13.872     13.764     8.0177    30.1409      8.041     1.2101 9.9999e+04  1023.5217     8.0164    23.4579     9.7081    296.432    9.72704  297.01115     99.805 -9.990e-29
   40.77730  -72.57744     13.886     13.778     8.0160    30.1428      8.041     1.2101 9.9999e+04  1023.5235     8.0147    23.4597     9.6991    296.158    9.72742  297.02295     99.709 -9.990e-29
   40.77730  -72.57744     13.863     13.755     8.0154    30.1443      8.041     1.2101 9.9999e+04  1023.5250     8.0142    23.4609     9.6969    296.092    9.72836  297.05143     99.677 -9.990e-29
   40.77730  -72.57744     13.882     13.774     8.0166    30.1448      8.041     1.2101 9.9999e+04  1023.5255     8.0153    23.4612     9.6887    295.838    9.72940  297.08140     99.581 -9.990e-29
   40.77730  -72.57744     13.865     13.758     8.0188    30.1443      8.041     1.2101 9.9999e+04  1023.5243     8.0175    23.4605     9.6796    295.559    9.72967  297.08873     99.485 -9.990e-29
   40.77730  -72.57744     13.872     13.764     8.0210    30.1432      8.037     1.2101 9.9999e+04  1023.5231     8.0197    23.4594     9.6706    295.285    9.73003  297.10012     99.389 -9.990e-29
   40.77730  -72.57744     13.856     13.748     8.0225    30.1423      8.037     1.2101 9.9999e+04  1023.5214     8.0212    23.4585     9.6684    295.219    9.73093  297.12796     99.358 -9.990e-29
   40.77730  -72.57744     13.863     13.755     8.0226    30.1423      8.037     1.2101 9.9999e+04  1023.5218     8.0213    23.4584     9.6604    294.973    9.73208  297.16250     99.263 -9.990e-29
   40.77730  -72.57744     13.852     13.744     8.0233    30.1428      8.037     1.2101 9.9999e+04  1023.5223     8.0220    23.4586     9.6586    294.919    9.73322  297.19621     99.234 -9.990e-29
   40.77730  -72.57744     13.856     13.748     8.0247    30.1429      8.037     1.2101 9.9999e+04  1023.5228     8.0234    23.4586     9.6513    294.694    9.73408  297.22132     99.150 -9.990e-29
   40.77730  -72.57744     13.832     13.725     8.0274    30.1422      8.037     1.2101 9.9999e+04  1023.5212     8.0261    23.4577     9.6500    294.653    9.73464  297.23758     99.130 -9.990e-29
   40.77730  -72.57744     13.832     13.725     8.0298    30.1410      8.037     1.2101 9.9999e+04  1023.5200     8.0286    23.4563     9.6433    294.448    9.73508  297.25099     99.057 -9.990e-29
   40.77730  -72.57744     13.825     13.718     8.0326    30.1394      8.037     1.2101 9.9999e+04  1023.5182     8.0313    23.4547     9.6425    294.424    9.73593  297.27662     99.040 -9.990e-29
   40.77730  -72.57744     13.821     13.714     8.0358    30.1377      8.037     1.2101 9.9999e+04  1023.5163     8.0345    23.4530     9.6365    294.239    9.73679  297.30198     98.970 -9.990e-29
   40.77730  -72.57744     13.812     13.704     8.0388    30.1360      8.037     1.2101 9.9999e+04  1023.5147     8.0375    23.4512     9.6306    294.058    9.73764  297.32771     98.900 -9.990e-29
   40.77730  -72.57744     13.805     13.698     8.0425    30.1341      8.037     1.2101 9.9999e+04  1023.5127     8.0412    23.4492     9.6302    294.047    9.73853  297.35441     98.888 -9.990e-29
   40.77730  -72.57744     13.801     13.693     8.0468    30.1318      8.037     1.2236 9.9999e+04  1023.5104     8.0455    23.4469     9.6241    293.859    9.73974  297.39059     98.813 -9.990e-29
   40.77730  -72.57744     13.781     13.674     8.0513    30.1293      8.037     1.3444 9.9999e+04  1023.5073     8.0500    23.4444     9.6180    293.671    9.74084  297.42276     98.739 -9.990e-29
   40.77730  -72.57744     13.775     13.668     8.0550    30.1272      8.037     1.3982 9.9999e+04  1023.5049     8.0537    23.4421     9.6171    293.644    9.74168  297.44746     98.721 -9.990e-29
   40.77730  -72.57744     13.781     13.674     8.0581    30.1256      8.037     1.4116 9.9999e+04  1023.5036     8.0568    23.4404     9.6108    293.450    9.74229  297.46536     98.650 -9.990e-29
   40.77730  -72.57744     13.761     13.654     8.0625    30.1244      8.037     1.3982 9.9999e+04  1023.5016     8.0612    23.4389     9.6046    293.259    9.74285  297.48208     98.580 -9.990e-29
   40.77730  -72.57744     13.754     13.647     8.0650    30.1233      8.037     1.3982 9.9999e+04  1023.5013     8.0637    23.4375     9.6037    293.233    9.74324  297.49342     98.568 -9.990e-29
   40.77730  -72.57744     13.761     13.654     8.0689    30.1211      8.037     1.3982 9.9999e+04  1023.4993     8.0676    23.4353     9.5977    293.048    9.74360  297.50397     98.502 -9.990e-29
   40.77730  -72.57744     13.740     13.633     8.0749    30.1175      8.037     1.3982 9.9999e+04  1023.4947     8.0736    23.4318     9.5908    292.837    9.74385  297.51135     98.429 -9.990e-29
   40.77730  -72.57744     13.744     13.638     8.0791    30.1136      8.037     1.3982 9.9999e+04  1023.4906     8.0778    23.4282     9.5904    292.827    9.74418  297.52131     98.422 -9.990e-29
   40.77730  -72.57744     13.740     13.633     8.0812    30.1109      8.037     1.3982 9.9999e+04  1023.4876     8.0799    23.4258     9.5913    292.855    9.74466  297.53575     98.427 -9.990e-29
   40.77730  -72.57744     13.740     13.633     8.0799    30.1100      8.037     1.3982 9.9999e+04  1023.4874     8.0786    23.4252     9.5925    292.889    9.74520  297.55201     98.433 -9.990e-29
   40.77730  -72.57744     13.735     13.628     8.0774    30.1106      8.037     1.3982 9.9999e+04  1023.4889     8.0761    23.4259     9.5885    292.768    9.74581  297.57028     98.386 -9.990e-29
   40.77730  -72.57744     13.740     13.633     8.0758    30.1116      8.037     1.3982 9.9999e+04  1023.4900     8.0746    23.4269     9.5901    292.814    9.74633  297.58583     98.397 -9.990e-29
   40.77730  -72.57744     13.735     13.628     8.0741    30.1125      8.037     1.3982 9.9999e+04  1023.4908     8.0728    23.4278     9.5865    292.706    9.74699  297.60520     98.354 -9.990e-29
   40.77730  -72.57744     13.740     13.633     8.0730    30.1132      8.037     1.3982 9.9999e+04  1023.4919     8.0717    23.4285     9.5885    292.764    9.74756  297.62188     98.368 -9.990e-29
   40.77730  -72.57744     13.740     13.633     8.0735    30.1134      8.037     1.3982 9.9999e+04  1023.4921     8.0723    23.4285     9.5904    292.824    9.74803  297.63584     98.383 -9.990e-29
   40.77730  -72.57744     13.735     13.628     8.0756    30.1126      8.037     1.3982 9.9999e+04  1023.4913     8.0743    23.4276     9.5870    292.718    9.74832  297.64437     98.345 -9.990e-29
   40.77730  -72.57744     13.751     13.644     8.0796    30.1105      8.037     1.3982 9.9999e+04  1023.4891     8.0783    23.4256     9.5765    292.399    9.74858  297.65168     98.235 -9.990e-29
   40.77730  -72.57744     13.751     13.644     8.0830    30.1079      8.037     1.3982 9.9999e+04  1023.4855     8.0817    23.4232     9.5778    292.436    9.74869  297.65481     98.247 -9.990e-29
   40.77730  -72.57744     13.765     13.658     8.0836    30.1062      8.037     1.3982 9.9999e+04  1023.4839     8.0824    23.4218     9.5801    292.507    9.74886  297.65936     98.269 -9.990e-29
   40.77730  -72.57744     13.761     13.654     8.0812    30.1060      8.037     1.3982 9.9999e+04  1023.4846     8.0799    23.4219     9.5765    292.397    9.74910  297.66575     98.230 -9.990e-29
   40.77730  -72.57744     13.770     13.663     8.0785    30.1071      8.037     1.3982 9.9999e+04  1023.4857     8.0773    23.4232     9.5785    292.457    9.74939  297.67400     98.247 -9.990e-29
   40.77730  -72.57744     13.784     13.677     8.0744    30.1092      8.037     1.3982 9.9999e+04  1023.4883     8.0731    23.4252     9.5754    292.361    9.74976  297.68432     98.212 -9.990e-29
   40.77730  -72.57744     13.791     13.684     8.0705    30.1115      8.037     1.3982 9.9999e+04  1023.4912     8.0692    23.4275     9.5840    292.624    9.75009  297.69404     98.297 -9.990e-29
   40.77730  -72.57744     13.801     13.693     8.0679    30.1132      8.037     1.3982 9.9999e+04  1023.4929     8.0666    23.4292     9.5812    292.536    9.75040  297.70313     98.264 -9.990e-29
   40.77730  -72.57744     13.825     13.718     8.0666    30.1142      8.037     1.3579 9.9999e+04  1023.4936     8.0653    23.4302     9.5845    292.638    9.75059  297.70839     98.297 -9.990e-29
   40.77730  -72.57744     13.842     13.734     8.0646    30.1149      8.037     1.3310 9.9999e+04  1023.4946     8.0633    23.4311     9.5817    292.552    9.75069  297.71120     98.267 -9.990e-29
   40.77730  -72.57744     13.852     13.744     8.0620    30.1154      8.037     1.3176 9.9999e+04  1023.4955     8.0607    23.4319     9.5781    292.441    9.75078  297.71377     98.229 -9.990e-29
   40.77730  -72.57744     13.865     13.758     8.0591    30.1159      8.037     1.3176 9.9999e+04  1023.4958     8.0578    23.4328     9.5799    292.496    9.75085  297.71550     98.247 0.0000e+00
   40.77730  -72.57744     13.893     13.785     8.0549    30.1172      8.037     1.3176 9.9999e+04  1023.4975     8.0536    23.4344     9.5826    292.579    9.75085  297.71557     98.275 0.0000e+00
   40.77730  -72.57744     13.913     13.805     8.0499    30.1199      8.037     1.3176 9.9999e+04  1023.5003     8.0486    23.4371     9.5793    292.476    9.75091  297.71711     98.240 0.0000e+00
   40.77730  -72.57744     13.937     13.829     8.0443    30.1234      8.041     1.3176 9.9999e+04  1023.5050     8.0430    23.4405     9.5812    292.535    9.75086  297.71581     98.260 0.0000e+00
   40.77730  -72.57744     13.963     13.854     8.0409    30.1257      8.037     1.3176 9.9999e+04  1023.5083     8.0396    23.4428     9.5779    292.436    9.75088  297.71629     98.226 0.0000e+00
   40.77730  -72.57744     13.988     13.879     8.0398    30.1263      8.041     1.3176 9.9999e+04  1023.5071     8.0385    23.4437     9.5801    292.501    9.75091  297.71725     98.248 0.0000e+00
   40.77730  -72.57744     14.014     13.905     8.0355    30.1278      8.041     1.3176 9.9999e+04  1023.5078     8.0342    23.4454     9.5822    292.567    9.75090  297.71664     98.270 0.0000e+00
   40.77730  -72.57744     14.044     13.935     8.0289    30.1314      8.041     1.3176 9.9999e+04  1023.5142     8.0276    23.4488     9.5791    292.471    9.75091  297.71726     98.238 0.0000e+00
   40.77730  -72.57744     14.069     13.960     8.0265    30.1341      8.041     1.3176 9.9999e+04  1023.5177     8.0252    23.4513     9.5752    292.352    9.75096  297.71859     98.197 0.0000e+00
   40.77730  -72.57744     14.116     14.006     8.0256    30.1341      8.041     1.3176 9.9999e+04  1023.5162     8.0243    23.4518     9.5703    292.204    9.75096  297.71873     98.148 0.0000e+00
   40.77730  -72.57744     14.125     14.016     8.0218    30.1338      8.041     1.3176 9.9999e+04  1023.5159     8.0205    23.4520     9.5709    292.221    9.75097  297.71917     98.153 0.0000e+00
   40.77730  -72.57744     14.160     14.050     8.0162    30.1351      8.041     1.3176 9.9999e+04  1023.5179     8.0149    23.4538     9.5662    292.077    9.75101  297.72056     98.104 0.0000e+00
   40.77730  -72.57744     14.206     14.096     8.0100    30.1380      8.041     1.3176 9.9999e+04  1023.5219     8.0087    23.4568     9.5669    292.099    9.75108  297.72295     98.111 0.0000e+00
   40.77730  -72.57744     14.231     14.121     8.0050    30.1413      8.041     1.3176 9.9999e+04  1023.5259     8.0036    23.4600     9.5622    291.954    9.75106  297.72223     98.063 0.0000e+00
   40.77730  -72.57744     14.268     14.157     8.0017    30.1435      8.041     1.3176 9.9999e+04  1023.5285     8.0004    23.4623     9.5566    291.784    9.75104  297.72140     98.006 0.0000e+00
   40.77730  -72.57744     14.299     14.187     7.9997    30.1448      8.041     1.3176 9.9999e+04  1023.5289     7.9984    23.4637     9.5574    291.808    9.75103  297.72112     98.014 0.0000e+00
   40.77730  -72.57744     14.343     14.231     7.9955    30.1460      8.037     1.3176 9.9999e+04  1023.5307     7.9942    23.4651     9.5582    291.834    9.75106  297.72210     98.022 0.0000e+00
   40.77730  -72.57744     14.369     14.257     7.9911    30.1476      8.037     1.3176 9.9999e+04  1023.5330     7.9897    23.4670     9.5538    291.698    9.75114  297.72474     97.976 0.0000e+00
   40.77730  -72.57744     14.403     14.291     7.9868    30.1492      8.037     1.3176 9.9999e+04  1023.5348     7.9855    23.4688     9.5546    291.725    9.75113  297.72475     97.985 0.0000e+00
   40.77730  -72.57744     14.450     14.338     7.9824    30.1509      8.037     1.3176 9.9999e+04  1023.5367     7.9811    23.4708     9.5491    291.558    9.75102  297.72164     97.930 0.0000e+00
   40.77730  -72.57744     14.484     14.372     7.9764    30.1534      8.032     1.3176 9.9999e+04  1023.5393     7.9750    23.4736     9.5435    291.387    9.75076  297.71408     97.875 0.0000e+00
   40.77730  -72.57744     14.512     14.399     7.9701    30.1569      8.032     1.3176 9.9999e+04  1023.5439     7.9688    23.4772     9.5371    291.192    9.75054  297.70770     97.811 0.0000e+00
   40.77730  -72.57744     14.552     14.439     7.9651    30.1605      8.032     1.3579 9.9999e+04  1023.5479     7.9638    23.4806     9.5298    290.969    9.75027  297.69963     97.739 0.0000e+00
   40.77730  -72.57744     14.596     14.482     7.9617    30.1631      8.032     1.3579 9.9999e+04  1023.5505     7.9604    23.4831     9.5290    290.945    9.75016  297.69625     97.732 0.0000e+00
   40.77730  -72.57744     14.612     14.499     7.9588    30.1650      8.028     1.3579 9.9999e+04  1023.5521     7.9574    23.4850     9.5219    290.727    9.74995  297.68990     97.661 0.0000e+00
   40.77730  -72.57744     14.667     14.553     7.9565    30.1667      8.028     1.3713 9.9999e+04  1023.5541     7.9551    23.4867     9.5198    290.664    9.74939  297.67341     97.645 0.0000e+00
   40.77730  -72.57744     14.693     14.579     7.9544    30.1680      8.028     1.3579 9.9999e+04  1023.5559     7.9530    23.4880     9.5121    290.428    9.74853  297.64786     97.575 0.0000e+00
   40.77730  -72.57744     14.717     14.602     7.9532    30.1687      8.023     1.3579 9.9999e+04  1023.5563     7.9519    23.4888     9.5098    290.359    9.74772  297.62367     97.559 0.0000e+00
   40.77730  -72.57744     14.765     14.650     7.9516    30.1692      8.023     1.3579 9.9999e+04  1023.5571     7.9502    23.4895     9.5013    290.101    9.74691  297.60005     97.480 0.0000e+00
   40.77730  -72.57744     14.798     14.683     7.9493    30.1696      8.023     1.3579 9.9999e+04  1023.5578     7.9480    23.4901     9.4992    290.038    9.74627  297.58101     97.465 0.0000e+00
   40.77730  -72.57744     14.825     14.710     7.9467    30.1703      8.019     1.3579 9.9999e+04  1023.5588     7.9453    23.4910     9.4920    289.817    9.74576  297.56585     97.396 0.0000e+00
   40.77730  -72.57744     14.839     14.724     7.9438    30.1713      8.023     1.3579 9.9999e+04  1023.5599     7.9424    23.4922     9.4850    289.604    9.74540  297.55549     97.328 0.0000e+00
   40.77730  -72.57744     14.887     14.772     7.9409    30.1729      8.019     1.3579 9.9999e+04  1023.5620     7.9395    23.4939     9.4834    289.556    9.74506  297.54537     97.315 0.0000e+00
