CalculateIndicators/WaterTemperature/Data/CTD_NYOS/20240427_C16.cnv
* Sea-Bird SBE 9 Data File:
* FileName = C:\Seabird 9 CTD\Data\2024\202404_offshore\20240427_C16.hex
* Software Version Seasave V 7.23.2
* Temperature SN = 4590
* Conductivity SN = 3228
* Number of Bytes Per Scan = 44
* Number of Voltage Words = 5
* Number of Scans Averaged by the Deck Unit = 1
* NMEA Latitude = 39 59.86 N
* NMEA Longitude = 072 32.38 W
* NMEA UTC (Time) = Apr 27 2024  19:47:10
* NMEA baud rate = 4800
** Ship: Seawolf
** Station: 9.4
** Operator: TCM
# nquan = 18
# nvalues = 13206                       
# units = specified
# name 0 = latitude: Latitude [deg]
# name 1 = longitude: Longitude [deg]
# name 2 = prDM: Pressure, Digiquartz [db]
# name 3 = depSM: Depth [salt water, m]
# name 4 = t090C: Temperature [ITS-90, deg C]
# name 5 = sal00: Salinity, Practical [PSU]
# name 6 = ph: pH
# name 7 = flECO-AFL: Fluorescence, WET Labs ECO-AFL/FL [mg/m^3]
# name 8 = cpar: CPAR/Corrected Irradiance [%]
# name 9 = density00: Density [density, kg/m^3]
# name 10 = potemp090C: Potential Temperature [ITS-90, deg C]
# name 11 = sigma-é00: Density [sigma-theta, kg/m^3]
# name 12 = sbeox0Mg/L: Oxygen, SBE 43 [mg/l]
# name 13 = sbox0Mm/Kg: Oxygen, SBE 43 [umol/kg]
# name 14 = oxsolMg/L: Oxygen Saturation, Garcia & Gordon [mg/l]
# name 15 = oxsolMm/Kg: Oxygen Saturation, Garcia & Gordon [umol/kg]
# name 16 = sbeox0PS: Oxygen, SBE 43 [% saturation]
# name 17 = flag:  0.000e+00
# span 0 =   39.99782,   39.99894       
# span 1 =  -72.54004,  -72.53966       
# span 2 =      2.158,     61.573       
# span 3 =      2.141,     61.092       
# span 4 =     6.1452,     8.4352       
# span 5 =    31.7636,    31.9349       
# span 6 =      7.932,      8.056       
# span 7 =     0.0416,     1.7205       
# span 8 = 4.3208e-14, 1.4406e+02       
# span 9 =  1024.7071,  1025.3980       
# span 10 =     6.1406,     8.4349      
# span 11 =    24.6900,    25.1136      
# span 12 =     9.2795,    10.3121      
# span 13 =    282.886,    314.464      
# span 14 =    9.53647,   10.04229      
# span 15 =  290.83553,  306.13866      
# span 16 =     92.413,    106.887      
# span 17 = 0.0000e+00, 0.0000e+00      
# interval = seconds: 0.0416667
# start_time = Apr 27 2024 19:47:11 [System UTC, first data scan.]
# bad_flag = -9.990e-29
*END*
[from data line 161]
   39.99782  -72.53968      2.547      2.527     8.4141    31.8013      8.040     0.4177 2.2921e+01  1024.7139     8.4139    24.7025    10.0166    305.476    9.54114  290.97660    104.983 -9.990e-29
   39.99782  -72.53968      2.526      2.507     8.4133    31.8015      8.035     0.4177 2.1606e+01  1024.7146     8.4131    24.7028    10.0167    305.479    9.54114  290.97629    104.984 -9.990e-29
   39.99784  -72.53970      2.516      2.497     8.4131    31.8018      8.040     0.4177 2.1052e+01  1024.7146     8.4129    24.7031    10.0166    305.477    9.54102  290.97270    104.985 -9.990e-29
   39.99784  -72.53970      2.496      2.477     8.4128    31.8018      8.040     0.4177 1.9119e+01  1024.7145     8.4126    24.7031    10.0166    305.477    9.54093  290.97018    104.986 -9.990e-29
   39.99784  -72.53970      2.488      2.468     8.4127    31.8018      8.035     0.4177 1.5722e+01  1024.7144     8.4124    24.7032    10.0168    305.482    9.54098  290.97185    104.987 -9.990e-29
   39.99784  -72.53970      2.477      2.458     8.4121    31.8018      8.040     0.4177 1.4754e+01  1024.7147     8.4119    24.7033    10.0169    305.485    9.54098  290.97187    104.988 -9.990e-29
   39.99784  -72.53970      2.466      2.447     8.4116    31.8017      8.035     0.4177 1.5177e+01  1024.7145     8.4114    24.7033    10.0221    305.646    9.54099  290.97216    105.043 -9.990e-29
   39.99784  -72.53970      2.446      2.428     8.4108    31.8015      8.035     0.4177 1.6670e+01  1024.7145     8.4106    24.7033    10.0170    305.489    9.54103  290.97318    104.989 -9.990e-29
   39.99784  -72.53970      2.446      2.428     8.4103    31.8013      8.040     0.4177 1.7260e+01  1024.7143     8.4101    24.7032    10.0170    305.490    9.54104  290.97342    104.989 -9.990e-29
   39.99784  -72.53970      2.426      2.407     8.4097    31.8012      8.035     0.4177 1.7702e+01  1024.7140     8.4094    24.7032    10.0170    305.488    9.54096  290.97102    104.989 -9.990e-29
   39.99784  -72.53970      2.415      2.396     8.4086    31.8015      8.040     0.4177 2.0721e+01  1024.7146     8.4083    24.7035    10.0171    305.491    9.54104  290.97376    104.989 -9.990e-29
   39.99784  -72.53970      2.405      2.387     8.4074    31.8019      8.040     0.4177 2.2293e+01  1024.7151     8.4072    24.7040    10.0172    305.495    9.54111  290.97597    104.990 -9.990e-29
   39.99784  -72.53970      2.395      2.377     8.4071    31.8023      8.035     0.4177 2.2168e+01  1024.7153     8.4068    24.7044    10.0174    305.501    9.54125  290.98040    104.990 -9.990e-29
   39.99784  -72.53970      2.375      2.357     8.4066    31.8026      8.040     0.4177 1.8448e+01  1024.7156     8.4064    24.7047    10.0174    305.503    9.54130  290.98164    104.990 -9.990e-29
   39.99784  -72.53970      2.376      2.358     8.4068    31.8029      8.040     0.4177 1.6643e+01  1024.7157     8.4065    24.7049    10.0175    305.504    9.54131  290.98176    104.991 -9.990e-29
   39.99784  -72.53970      2.365      2.347     8.4069    31.8031      8.035     0.4177 1.6456e+01  1024.7161     8.4067    24.7050    10.0164    305.471    9.54111  290.97497    104.982 -9.990e-29
   39.99784  -72.53970      2.345      2.327     8.4073    31.8031      8.040     0.4177 1.4311e+01  1024.7156     8.4070    24.7050    10.0160    305.457    9.54074  290.96362    104.981 -9.990e-29
   39.99784  -72.53970      2.354      2.336     8.4074    31.8029      8.040     0.4177 1.2908e+01  1024.7157     8.4072    24.7048    10.0147    305.418    9.54039  290.95284    104.972 -9.990e-29
   39.99784  -72.53970      2.335      2.317     8.4077    31.8028      8.035     0.4177 1.2681e+01  1024.7152     8.4075    24.7047    10.0144    305.408    9.54016  290.94619    104.971 -9.990e-29
   39.99784  -72.53970      2.324      2.306     8.4077    31.8030      8.035     0.4177 1.1932e+01  1024.7154     8.4075    24.7048    10.0142    305.403    9.54004  290.94283    104.970 -9.990e-29
   39.99784  -72.53970      2.314      2.297     8.4079    31.8031      8.035     0.4177 1.1226e+01  1024.7157     8.4077    24.7049    10.0140    305.398    9.53996  290.94056    104.969 -9.990e-29
   39.99784  -72.53970      2.314      2.297     8.4087    31.8030      8.035     0.4177 1.1109e+01  1024.7154     8.4085    24.7048    10.0139    305.395    9.53991  290.93921    104.969 -9.990e-29
   39.99784  -72.53970      2.314      2.297     8.4092    31.8028      8.035     0.4177 1.1160e+01  1024.7150     8.4090    24.7045    10.0138    305.392    9.53986  290.93775    104.968 -9.990e-29
   39.99784  -72.53970      2.294      2.276     8.4094    31.8024      8.040     0.4177 1.1192e+01  1024.7150     8.4091    24.7041    10.0137    305.390    9.53984  290.93694    104.968 -9.990e-29
   39.99784  -72.53970      2.303      2.286     8.4094    31.8018      8.035     0.4177 1.1192e+01  1024.7138     8.4091    24.7037    10.0144    305.411    9.53975  290.93431    104.976 -9.990e-29
   39.99784  -72.53970      2.286      2.268     8.4094    31.8016      8.040     0.4177 1.2373e+01  1024.7136     8.4091    24.7035    10.0143    305.408    9.53968  290.93221    104.976 -9.990e-29
   39.99784  -72.53970      2.284      2.267     8.4099    31.8020      8.035     0.4177 1.5364e+01  1024.7142     8.4096    24.7038    10.0152    305.434    9.53967  290.93208    104.985 -9.990e-29
   39.99784  -72.53970      2.284      2.267     8.4100    31.8024      8.040     0.4177 1.6422e+01  1024.7147     8.4098    24.7041    10.0151    305.432    9.53959  290.92955    104.985 -9.990e-29
   39.99784  -72.53970      2.284      2.267     8.4105    31.8027      8.035     0.4177 1.7668e+01  1024.7147     8.4103    24.7042    10.0159    305.455    9.53949  290.92627    104.994 -9.990e-29
   39.99784  -72.53970      2.273      2.256     8.4105    31.8028      8.040     0.4177 2.2949e+01  1024.7146     8.4103    24.7042    10.0159    305.455    9.53945  290.92508    104.994 -9.990e-29
   39.99784  -72.53970      2.273      2.256     8.4107    31.8029      8.040     0.4177 2.5296e+01  1024.7147     8.4104    24.7043    10.0158    305.454    9.53938  290.92305    104.995 -9.990e-29
   39.99784  -72.53970      2.284      2.267     8.4107    31.8030      8.040     0.4177 2.5055e+01  1024.7149     8.4104    24.7044    10.0157    305.449    9.53917  290.91679    104.995 -9.990e-29
   39.99784  -72.53970      2.284      2.267     8.4107    31.8029      8.035     0.4043 2.3234e+01  1024.7147     8.4105    24.7044    10.0156    305.446    9.53907  290.91361    104.995 -9.990e-29
   39.99784  -72.53970      2.273      2.256     8.4107    31.8029      8.035     0.3908 2.2856e+01  1024.7146     8.4104    24.7044    10.0095    305.260    9.53899  290.91120    104.932 -9.990e-29
   39.99784  -72.53970      2.294      2.276     8.4107    31.8033      8.035     0.3908 2.4214e+01  1024.7149     8.4104    24.7047    10.0088    305.239    9.53907  290.91392    104.924 -9.990e-29
   39.99784  -72.53970      2.294      2.276     8.4107    31.8040      8.040     0.3908 3.2172e+01  1024.7159     8.4104    24.7051    10.0082    305.222    9.53917  290.91712    104.917 -9.990e-29
   39.99784  -72.53970      2.295      2.278     8.4117    31.8044      8.040     0.3908 3.9331e+01  1024.7161     8.4115    24.7054    10.0074    305.197    9.53910  290.91465    104.910 -9.990e-29
   39.99784  -72.53970      2.314      2.297     8.4130    31.8043      8.040     0.3908 4.3640e+01  1024.7157     8.4128    24.7051    10.0127    305.358    9.53897  290.91079    104.966 -9.990e-29
   39.99784  -72.53970      2.314      2.297     8.4141    31.8038      8.040     0.3908 3.2688e+01  1024.7154     8.4139    24.7046    10.0067    305.176    9.53891  290.90888    104.904 -9.990e-29
   39.99784  -72.53970      2.324      2.306     8.4151    31.8030      8.035     0.3908 2.7784e+01  1024.7144     8.4148    24.7039    10.0122    305.342    9.53890  290.90880    104.961 -9.990e-29
   39.99784  -72.53970      2.345      2.327     8.4146    31.8023      8.035     0.3908 3.0367e+01  1024.7137     8.4144    24.7034    10.0124    305.351    9.53896  290.91065    104.964 -9.990e-29
   39.99784  -72.53970      2.345      2.327     8.4135    31.8021      8.040     0.3908 3.5566e+01  1024.7139     8.4133    24.7034    10.0126    305.356    9.53894  290.91001    104.966 -9.990e-29
   39.99784  -72.53970      2.354      2.336     8.4128    31.8023      8.035     0.3908 4.0035e+01  1024.7144     8.4126    24.7036    10.0128    305.362    9.53894  290.90975    104.968 -9.990e-29
   39.99784  -72.53970      2.365      2.347     8.4127    31.8025      8.040     0.4043 4.3190e+01  1024.7147     8.4124    24.7037    10.0061    305.157    9.53892  290.90932    104.897 -9.990e-29
   39.99784  -72.53970      2.375      2.357     8.4131    31.8025      8.040     0.3908 4.3403e+01  1024.7146     8.4129    24.7037    10.0045    305.108    9.53884  290.90671    104.882 -9.990e-29
   39.99784  -72.53970      2.396      2.377     8.4128    31.8023      8.035     0.3908 4.2326e+01  1024.7144     8.4126    24.7036    10.0099    305.273    9.53885  290.90711    104.938 -9.990e-29
   39.99784  -72.53970      2.385      2.366     8.4127    31.8023      8.040     0.3908 4.2882e+01  1024.7145     8.4124    24.7036    10.0101    305.278    9.53880  290.90564    104.941 -9.990e-29
   39.99784  -72.53970      2.437      2.418     8.4123    31.8025      8.040     0.3908 4.2751e+01  1024.7147     8.4121    24.7037    10.0102    305.282    9.53873  290.90360    104.943 -9.990e-29
   39.99784  -72.53970      2.435      2.417     8.4125    31.8028      8.035     0.3908 4.0763e+01  1024.7151     8.4122    24.7040    10.0043    305.101    9.53867  290.90149    104.881 -9.990e-29
   39.99784  -72.53970      2.456      2.437     8.4123    31.8031      8.035     0.3908 3.7807e+01  1024.7156     8.4121    24.7042    10.0036    305.082    9.53863  290.90043    104.875 -9.990e-29
   39.99784  -72.53970      2.466      2.447     8.4128    31.8032      8.040     0.3908 3.2240e+01  1024.7157     8.4126    24.7043    10.0030    305.062    9.53854  290.89767    104.869 -9.990e-29
   39.99784  -72.53970      2.496      2.477     8.4133    31.8030      8.040     0.3908 2.4443e+01  1024.7156     8.4131    24.7041    10.0024    305.044    9.53850  290.89654    104.863 -9.990e-29
   39.99784  -72.53970      2.507      2.488     8.4133    31.8027      8.040     0.3908 1.9751e+01  1024.7150     8.4131    24.7038    10.0018    305.027    9.53844  290.89481    104.858 -9.990e-29
   39.99784  -72.53970      2.526      2.507     8.4133    31.8024      8.040     0.3908 1.7227e+01  1024.7151     8.4131    24.7036    10.0014    305.012    9.53843  290.89444    104.853 -9.990e-29
   39.99784  -72.53970      2.537      2.518     8.4133    31.8024      8.040     0.3908 1.8848e+01  1024.7150     8.4131    24.7036    10.0011    305.003    9.53853  290.89760    104.849 -9.990e-29
   39.99784  -72.53970      2.569      2.549     8.4131    31.8024      8.040     0.3908 1.8833e+01  1024.7153     8.4129    24.7036    10.0077    305.205    9.53859  290.89962    104.918 -9.990e-29
   39.99784  -72.53970      2.588      2.568     8.4130    31.8024      8.040     0.3774 1.7732e+01  1024.7156     8.4127    24.7036    10.0022    305.038    9.53870  290.90299    104.859 -9.990e-29
   39.99784  -72.53970      2.597      2.578     8.4135    31.8022      8.040     0.3640 1.5581e+01  1024.7154     8.4132    24.7034    10.0080    305.217    9.53877  290.90498    104.920 -9.990e-29
   39.99784  -72.53970      2.618      2.598     8.4133    31.8018      8.040     0.3640 1.4492e+01  1024.7148     8.4131    24.7031    10.0026    305.050    9.53884  290.90715    104.861 -9.990e-29
   39.99784  -72.53970      2.648      2.628     8.4130    31.8014      8.035     0.3640 1.4187e+01  1024.7150     8.4127    24.7028    10.0024    305.044    9.53891  290.90942    104.859 -9.990e-29
   39.99784  -72.53970      2.658      2.638     8.4125    31.8012      8.040     0.3640 1.6411e+01  1024.7147     8.4122    24.7028    10.0022    305.039    9.53900  290.91202    104.856 -9.990e-29
   39.99784  -72.53970      2.679      2.658     8.4121    31.8017      8.040     0.3640 1.8284e+01  1024.7151     8.4119    24.7032    10.0082    305.220    9.53907  290.91434    104.918 -9.990e-29
   39.99784  -72.53970      2.688      2.668     8.4118    31.8029      8.035     0.3640 1.8495e+01  1024.7160     8.4116    24.7041    10.0029    305.061    9.53925  290.91970    104.861 -9.990e-29
   39.99784  -72.53970      2.710      2.689     8.4120    31.8045      8.040     0.3640 1.7437e+01  1024.7181     8.4117    24.7053    10.0028    305.058    9.53932  290.92169    104.859 -9.990e-29
   39.99784  -72.53970      2.729      2.708     8.4133    31.8057      8.035     0.3640 1.6579e+01  1024.7191     8.4130    24.7061    10.0028    305.056    9.53942  290.92458    104.858 -9.990e-29
   39.99784  -72.53970      2.739      2.718     8.4149    31.8059      8.040     0.3640 1.6364e+01  1024.7190     8.4147    24.7061    10.0028    305.055    9.53944  290.92538    104.857 -9.990e-29
   39.99784  -72.53970      2.760      2.738     8.4162    31.8053      8.035     0.3640 1.8487e+01  1024.7182     8.4160    24.7055    10.0027    305.054    9.53948  290.92645    104.856 -9.990e-29
   39.99784  -72.53970      2.780      2.759     8.4172    31.8043      8.040     0.3640 2.1926e+01  1024.7170     8.4169    24.7046    10.0026    305.051    9.53945  290.92520    104.856 -9.990e-29
   39.99784  -72.53970      2.790      2.768     8.4178    31.8036      8.040     0.3640 2.2831e+01  1024.7165     8.4175    24.7039    10.0026    305.050    9.53940  290.92359    104.856 -9.990e-29
   39.99784  -72.53970      2.810      2.789     8.4182    31.8031      8.040     0.3640 2.6899e+01  1024.7160     8.4179    24.7035    10.0026    305.049    9.53935  290.92206    104.856 -9.990e-29
   39.99784  -72.53970      2.821      2.800     8.4183    31.8031      8.035     0.3640 3.7052e+01  1024.7163     8.4181    24.7035    10.0025    305.046    9.53922  290.91811    104.856 -9.990e-29
   39.99784  -72.53970      2.841      2.819     8.4183    31.8032      8.035     0.3640 4.1061e+01  1024.7166     8.4181    24.7035    10.0025    305.045    9.53910  290.91444    104.857 -9.990e-29
   39.99784  -72.53970      2.841      2.819     8.4188    31.8032      8.040     0.3640 3.9467e+01  1024.7163     8.4186    24.7034    10.0025    305.047    9.53902  290.91223    104.859 -9.990e-29
   39.99784  -72.53970      2.861      2.839     8.4192    31.8030      8.040     0.3640 3.5060e+01  1024.7162     8.4189    24.7032    10.0026    305.050    9.53897  290.91077    104.860 0.0000e+00
   39.99784  -72.53970      2.881      2.858     8.4193    31.8029      8.035     0.3640 3.4361e+01  1024.7161     8.4190    24.7031    10.0028    305.057    9.53900  290.91168    104.862 0.0000e+00
   39.99784  -72.53970      2.892      2.869     8.4197    31.8030      8.040     0.3640 3.4349e+01  1024.7162     8.4194    24.7031    10.0031    305.064    9.53899  290.91160    104.865 0.0000e+00
   39.99784  -72.53970      2.903      2.880     8.4200    31.8033      8.040     0.3640 2.7585e+01  1024.7166     8.4197    24.7033    10.0034    305.073    9.53900  290.91196    104.868 0.0000e+00
   39.99784  -72.53970      2.911      2.888     8.4201    31.8035      8.040     0.3640 2.4837e+01  1024.7167     8.4199    24.7034    10.0035    305.078    9.53888  290.90815    104.871 -9.990e-29
   39.99784  -72.53970      2.911      2.888     8.4204    31.8036      8.040     0.3640 2.4775e+01  1024.7169     8.4201    24.7034    10.0037    305.085    9.53878  290.90516    104.874 -9.990e-29
   39.99784  -72.53970      2.942      2.920     8.4214    31.8035      8.035     0.3640 2.8196e+01  1024.7166     8.4212    24.7032    10.0042    305.098    9.53880  290.90581    104.878 -9.990e-29
