CalculateIndicators/WaterTemperature/Data/CTD_NYOS/20240913_C16.cnv
* Sea-Bird SBE 9 Data File:
* FileName = C:\Seabird 9 CTD\Data\2024\202409_offshore\20240913_C16.hex
* Software Version Seasave V 7.23.2
* Temperature SN = 4590
* Conductivity SN = 3228
* Number of Bytes Per Scan = 44
* Number of Voltage Words = 5
* Number of Scans Averaged by the Deck Unit = 1
* NMEA Latitude = 39 46.26 N
* NMEA Longitude = 072 23.28 W
* NMEA UTC (Time) = Sep 13 2024  10:42:08
* NMEA baud rate = 4800
** Ship: Seawolf
** Station: 9.5
** Operator: TDK
# nquan = 18
# nvalues = 16892                       
# units = specified
# name 0 = latitude: Latitude [deg]
# name 1 = longitude: Longitude [deg]
# name 2 = prDM: Pressure, Digiquartz [db]
# name 3 = depSM: Depth [salt water, m]
# name 4 = t090C: Temperature [ITS-90, deg C]
# name 5 = sal00: Salinity, Practical [PSU]
# name 6 = ph: pH
# name 7 = flECO-AFL: Fluorescence, WET Labs ECO-AFL/FL [mg/m^3]
# name 8 = cpar: CPAR/Corrected Irradiance [%]
# name 9 = density00: Density [density, kg/m^3]
# name 10 = potemp090C: Potential Temperature [ITS-90, deg C]
# name 11 = sigma-é00: Density [sigma-theta, kg/m^3]
# name 12 = sbeox0Mg/L: Oxygen, SBE 43 [mg/l]
# name 13 = sbox0Mm/Kg: Oxygen, SBE 43 [umol/kg]
# name 14 = oxsolMg/L: Oxygen Saturation, Garcia & Gordon [mg/l]
# name 15 = oxsolMm/Kg: Oxygen Saturation, Garcia & Gordon [umol/kg]
# name 16 = sbeox0PS: Oxygen, SBE 43 [% saturation]
# name 17 = flag:  0.000e+00
# span 0 =   39.76854,   39.77110       
# span 1 =  -72.38996,  -72.38812       
# span 2 =      1.851,     81.729       
# span 3 =      1.836,     81.089       
# span 4 =     9.0694,    21.1900       
# span 5 =    31.8800,    34.2292       
# span 6 =      7.867,      8.213       
# span 7 =    -0.0658,     2.2443       
# span 8 = 3.8363e-13, 6.1045e+01       
# span 9 =  1022.4732,  1026.4096       
# span 10 =     9.0651,    21.1892      
# span 11 =    22.4650,    26.0442      
# span 12 =     6.0836,     8.7313      
# span 13 =    185.290,    266.396      
# span 14 =    7.34425,    9.37008      
# span 15 =  224.45113,  285.67200      
# span 16 =     69.594,    105.410      
# span 17 = 0.0000e+00, 0.0000e+00      
# interval = seconds: 0.0416667
# start_time = Sep 13 2024 10:42:08 [System UTC, first data scan.]
# bad_flag = -9.990e-29
*END*
[from data line 16403]
   39.76858  -72.38994      2.365      2.347    21.1288    32.3918      8.195 -9.990e-29 1.7763e+01  1022.4857    21.1283    22.4752     7.1356    218.088    7.35683  224.85066     96.992 -9.990e-29
   39.76858  -72.38994      2.365      2.347    21.1287    32.3915      8.195 -9.990e-29 1.7848e+01  1022.4850    21.1282    22.4750     7.1396    218.210    7.35695  224.85441     97.045 -9.990e-29
   39.76858  -72.38994      2.356      2.338    21.1283    32.3913      8.195 -9.990e-29 1.7834e+01  1022.4851    21.1279    22.4749     7.1308    217.944    7.35702  224.85674     96.926 -9.990e-29
   39.76858  -72.38994      2.356      2.338    21.1278    32.3910      8.195 -9.990e-29 1.8036e+01  1022.4852    21.1273    22.4748     7.1343    218.050    7.35701  224.85626     96.973 -9.990e-29
   39.76858  -72.38994      2.356      2.338    21.1277    32.3905      8.195 -9.990e-29 1.8022e+01  1022.4846    21.1272    22.4745     7.1336    218.026    7.35673  224.84652     96.967 -9.990e-29
   39.76858  -72.38994      2.346      2.328    21.1273    32.3902      8.195 -9.990e-29 1.8060e+01  1022.4844    21.1268    22.4744     7.1284    217.868    7.35639  224.83559     96.901 -9.990e-29
   39.76858  -72.38994      2.356      2.338    21.1269    32.3903      8.195 -9.990e-29 1.8615e+01  1022.4846    21.1265    22.4745     7.1274    217.836    7.35621  224.83041     96.889 -9.990e-29
   39.76858  -72.38994      2.335      2.317    21.1268    32.3905      8.195 -9.990e-29 1.8814e+01  1022.4850    21.1263    22.4747     7.1269    217.823    7.35622  224.83160     96.883 -9.990e-29
   39.76858  -72.38994      2.346      2.328    21.1269    32.3906      8.195 -9.990e-29 1.8697e+01  1022.4849    21.1265    22.4748     7.1266    217.816    7.35647  224.83993     96.876 -9.990e-29
   39.76858  -72.38994      2.335      2.317    21.1267    32.3905      8.195 -9.990e-29 1.8687e+01  1022.4849    21.1263    22.4747     7.1220    217.675    7.35663  224.84505     96.811 -9.990e-29
   39.76858  -72.38994      2.335      2.317    21.1264    32.3902      8.195 -9.990e-29 1.8624e+01  1022.4847    21.1259    22.4746     7.1256    217.784    7.35668  224.84636     96.859 -9.990e-29
   39.76858  -72.38994      2.326      2.308    21.1263    32.3898      8.195 -9.990e-29 1.8624e+01  1022.4844    21.1258    22.4744     7.1251    217.769    7.35662  224.84405     96.853 -9.990e-29
   39.76858  -72.38994      2.335      2.317    21.1255    32.3896      8.195 -9.990e-29 1.7795e+01  1022.4843    21.1251    22.4743     7.1246    217.754    7.35656  224.84203     96.848 -9.990e-29
   39.76858  -72.38994      2.326      2.308    21.1248    32.3894      8.195 -9.990e-29 1.7294e+01  1022.4844    21.1244    22.4744     7.1203    217.620    7.35653  224.84133     96.788 -9.990e-29
   39.76858  -72.38994      2.326      2.308    21.1245    32.3894      8.195 -9.990e-29 1.7141e+01  1022.4845    21.1241    22.4744     7.1195    217.597    7.35648  224.83972     96.779 -9.990e-29
   39.76858  -72.38994      2.326      2.308    21.1243    32.3893      8.195 -9.990e-29 1.5576e+01  1022.4846    21.1238    22.4744     7.1188    217.575    7.35645  224.83834     96.770 -9.990e-29
   39.76858  -72.38994      2.335      2.317    21.1241    32.3889      8.195 -9.990e-29 1.4269e+01  1022.4845    21.1236    22.4742     7.1181    217.554    7.35639  224.83640     96.761 -9.990e-29
   39.76858  -72.38994      2.315      2.297    21.1243    32.3883      8.195 -9.990e-29 1.3985e+01  1022.4836    21.1238    22.4738     7.1178    217.545    7.35636  224.83567     96.757 -9.990e-29
   39.76858  -72.38994      2.335      2.317    21.1236    32.3879      8.195 -9.990e-29 1.3674e+01  1022.4835    21.1232    22.4737     7.1176    217.540    7.35638  224.83658     96.755 -9.990e-29
   39.76858  -72.38994      2.326      2.308    21.1230    32.3882      8.195 -9.990e-29 1.3215e+01  1022.4838    21.1226    22.4739     7.1175    217.536    7.35643  224.83816     96.752 -9.990e-29
   39.76858  -72.38994      2.326      2.308    21.1227    32.3888      8.195 -9.990e-29 1.3064e+01  1022.4845    21.1222    22.4745     7.1175    217.534    7.35647  224.83953     96.751 -9.990e-29
   39.76858  -72.38994      2.335      2.317    21.1227    32.3899      8.195 -9.990e-29 1.3286e+01  1022.4853    21.1223    22.4753     7.1127    217.390    7.35655  224.84198     96.686 -9.990e-29
   39.76858  -72.38994      2.337      2.319    21.1228    32.3912      8.195 -9.990e-29 1.3624e+01  1022.4866    21.1224    22.4763     7.1124    217.381    7.35660  224.84371     96.681 -9.990e-29
   39.76858  -72.38994      2.326      2.308    21.1232    32.3922      8.195 -9.990e-29 1.3622e+01  1022.4874    21.1228    22.4769     7.1117    217.359    7.35661  224.84409     96.671 -9.990e-29
   39.76858  -72.38994      2.346      2.328    21.1238    32.3927      8.195 -9.990e-29 1.4290e+01  1022.4874    21.1234    22.4771     7.1111    217.341    7.35666  224.84562     96.662 -9.990e-29
   39.76858  -72.38994      2.346      2.328    21.1244    32.3928      8.195 -9.990e-29 1.5856e+01  1022.4873    21.1240    22.4770     7.1148    217.455    7.35666  224.84556     96.713 -9.990e-29
   39.76858  -72.38994      2.346      2.328    21.1250    32.3925      8.195 -9.990e-29 1.6401e+01  1022.4871    21.1245    22.4767     7.1146    217.448    7.35666  224.84564     96.710 -9.990e-29
   39.76858  -72.38994      2.356      2.338    21.1255    32.3920      8.195 -9.990e-29 1.6587e+01  1022.4864    21.1251    22.4762     7.1144    217.441    7.35664  224.84484     96.707 -9.990e-29
   39.76858  -72.38994      2.356      2.338    21.1257    32.3912      8.195 -9.990e-29 1.7203e+01  1022.4857    21.1253    22.4755     7.1142    217.436    7.35662  224.84436     96.705 -9.990e-29
   39.76858  -72.38994      2.366      2.347    21.1260    32.3903      8.195 -9.990e-29 1.7396e+01  1022.4849    21.1256    22.4748     7.1141    217.431    7.35661  224.84369     96.703 -9.990e-29
   39.76858  -72.38994      2.366      2.347    21.1260    32.3896      8.195 -9.990e-29 1.7445e+01  1022.4844    21.1256    22.4742     7.1139    217.426    7.35657  224.84255     96.702 -9.990e-29
   39.76858  -72.38994      2.377      2.358    21.1259    32.3891      8.195 -9.990e-29 1.7543e+01  1022.4840    21.1255    22.4739     7.1138    217.422    7.35650  224.84078     96.700 -9.990e-29
   39.76856  -72.38994      2.377      2.358    21.1257    32.3890      8.195 -9.990e-29 1.7642e+01  1022.4839    21.1252    22.4740     7.1137    217.421    7.35650  224.84080     96.700 -9.990e-29
   39.76856  -72.38994      2.386      2.368    21.1253    32.3895      8.195 -9.990e-29 1.7642e+01  1022.4844    21.1249    22.4744     7.1137    217.420    7.35649  224.84054     96.699 -9.990e-29
   39.76856  -72.38994      2.396      2.377    21.1250    32.3905      8.195 -9.990e-29 1.8043e+01  1022.4856    21.1246    22.4752     7.1141    217.433    7.35657  224.84312     96.705 -9.990e-29
   39.76856  -72.38994      2.407      2.388    21.1253    32.3913      8.195 -9.990e-29 1.8299e+01  1022.4864    21.1249    22.4757     7.1102    217.314    7.35658  224.84342     96.651 -9.990e-29
   39.76856  -72.38994      2.416      2.398    21.1257    32.3917      8.195 -9.990e-29 1.8196e+01  1022.4864    21.1252    22.4759     7.1100    217.308    7.35662  224.84466     96.648 -9.990e-29
   39.76856  -72.38994      2.426      2.407    21.1260    32.3917      8.195 -9.990e-29 1.5411e+01  1022.4865    21.1256    22.4759     7.1099    217.305    7.35670  224.84731     96.645 -9.990e-29
   39.76856  -72.38994      2.437      2.418    21.1264    32.3914      8.195 -9.990e-29 1.3539e+01  1022.4859    21.1260    22.4756     7.1098    217.301    7.35676  224.84913     96.643 -9.990e-29
   39.76856  -72.38994      2.447      2.428    21.1267    32.3914      8.195 -9.990e-29 1.3163e+01  1022.4859    21.1263    22.4755     7.1102    217.314    7.35692  224.85389     96.647 -9.990e-29
   39.76856  -72.38994      2.447      2.428    21.1267    32.3916      8.195 -9.990e-29 1.2618e+01  1022.4861    21.1263    22.4755     7.1103    217.316    7.35705  224.85797     96.646 -9.990e-29
   39.76856  -72.38994      2.467      2.448    21.1272    32.3919      8.195 -9.990e-29 1.1928e+01  1022.4862    21.1267    22.4756     7.1108    217.331    7.35717  224.86168     96.651 -9.990e-29
   39.76856  -72.38994      2.488      2.469    21.1271    32.3922      8.195 -9.990e-29 1.1828e+01  1022.4868    21.1266    22.4758     7.1109    217.335    7.35727  224.86447     96.652 -9.990e-29
   39.76856  -72.38994      2.497      2.478    21.1274    32.3925      8.195 -9.990e-29 1.2029e+01  1022.4868    21.1270    22.4760     7.1114    217.351    7.35734  224.86655     96.658 -9.990e-29
   39.76856  -72.38994      2.497      2.478    21.1279    32.3930      8.195 -9.990e-29 1.2338e+01  1022.4868    21.1275    22.4762     7.1117    217.359    7.35744  224.86982     96.660 -9.990e-29
   39.76856  -72.38994      2.518      2.499    21.1284    32.3939      8.195 -9.990e-29 1.2339e+01  1022.4875    21.1279    22.4768     7.1120    217.367    7.35750  224.87185     96.663 -9.990e-29
   39.76856  -72.38994      2.528      2.508    21.1290    32.3948      8.195 -9.990e-29 1.2620e+01  1022.4892    21.1286    22.4773     7.1127    217.388    7.35758  224.87416     96.671 -9.990e-29
   39.76856  -72.38994      2.539      2.519    21.1301    32.3943      8.195 -9.990e-29 1.3239e+01  1022.4882    21.1296    22.4768     7.1131    217.401    7.35772  224.87825     96.675 -9.990e-29
   39.76856  -72.38994      2.558      2.538    21.1309    32.3929      8.195 -9.990e-29 1.3391e+01  1022.4862    21.1304    22.4756     7.1135    217.415    7.35783  224.88167     96.680 -9.990e-29
   39.76856  -72.38994      2.558      2.538    21.1304    32.3915      8.195 -9.990e-29 1.3581e+01  1022.4854    21.1299    22.4745     7.1140    217.429    7.35789  224.88364     96.685 -9.990e-29
   39.76856  -72.38994      2.579      2.559    21.1304    32.3912      8.195 -9.990e-29 1.4247e+01  1022.4843    21.1299    22.4743     7.1192    217.590    7.35800  224.88688     96.755 -9.990e-29
   39.76856  -72.38994      2.579      2.559    21.1297    32.3933      8.195 -9.990e-29 1.4490e+01  1022.4861    21.1292    22.4759     7.1154    217.473    7.35805  224.88838     96.703 -9.990e-29
   39.76856  -72.38994      2.599      2.579    21.1300    32.3970      8.195 -9.990e-29 1.4408e+01  1022.4906    21.1295    22.4787     7.1160    217.490    7.35812  224.89036     96.710 -9.990e-29
   39.76856  -72.38994      2.609      2.589    21.1313    32.3997      8.195 -9.990e-29 1.3660e+01  1022.4932    21.1308    22.4805     7.1209    217.640    7.35810  224.88981     96.776 -9.990e-29
   39.76856  -72.38994      2.609      2.589    21.1327    32.3994      8.195 -9.990e-29 1.3355e+01  1022.4926    21.1322    22.4799     7.1215    217.659    7.35815  224.89131     96.784 -9.990e-29
   39.76856  -72.38994      2.629      2.609    21.1341    32.3964      8.195 -9.990e-29 1.3318e+01  1022.4887    21.1336    22.4774     7.1221    217.677    7.35817  224.89179     96.792 -9.990e-29
   39.76856  -72.38994      2.618      2.598    21.1339    32.3930      8.195 -9.990e-29 1.3058e+01  1022.4851    21.1334    22.4748     7.1227    217.696    7.35816  224.89174     96.800 -9.990e-29
   39.76856  -72.38994      2.639      2.619    21.1332    32.3913      8.195 -9.990e-29 1.2912e+01  1022.4840    21.1327    22.4736     7.1234    217.716    7.35821  224.89305     96.809 -9.990e-29
   39.76856  -72.38994      2.629      2.609    21.1324    32.3917      8.195 -9.990e-29 1.2805e+01  1022.4853    21.1319    22.4741     7.1237    217.724    7.35821  224.89305     96.812 -9.990e-29
   39.76856  -72.38994      2.639      2.619    21.1324    32.3930      8.195 -9.990e-29 1.3021e+01  1022.4865    21.1319    22.4751     7.1242    217.740    7.35807  224.88832     96.821 -9.990e-29
   39.76856  -72.38994      2.639      2.619    21.1323    32.3940      8.195 -9.990e-29 1.3024e+01  1022.4877    21.1318    22.4759     7.1289    217.884    7.35783  224.88060     96.889 -9.990e-29
   39.76856  -72.38994      2.650      2.630    21.1326    32.3946      8.195 -9.990e-29 1.3060e+01  1022.4875    21.1321    22.4763     7.1297    217.907    7.35755  224.87223     96.903 -9.990e-29
   39.76856  -72.38994      2.650      2.630    21.1327    32.3952      8.195 -9.990e-29 1.3134e+01  1022.4880    21.1322    22.4767     7.1302    217.922    7.35741  224.86763     96.911 -9.990e-29
   39.76856  -72.38994      2.650      2.630    21.1326    32.3960      8.195 -9.990e-29 1.3171e+01  1022.4891    21.1321    22.4773     7.1305    217.932    7.35711  224.85808     96.920 -9.990e-29
   39.76856  -72.38994      2.650      2.630    21.1328    32.3964      8.195 -9.990e-29 1.3208e+01  1022.4894    21.1323    22.4776     7.1309    217.945    7.35692  224.85218     96.928 -9.990e-29
   39.76856  -72.38994      2.650      2.630    21.1332    32.3961      8.195 -9.990e-29 1.4700e+01  1022.4888    21.1327    22.4773     7.1314    217.960    7.35679  224.84869     96.936 -9.990e-29
   39.76856  -72.38994      2.650      2.630    21.1332    32.3956      8.195 -9.990e-29 1.6970e+01  1022.4883    21.1327    22.4769     7.1318    217.972    7.35659  224.84217     96.944 -9.990e-29
   39.76856  -72.38994      2.639      2.619    21.1330    32.3950      8.195 -9.990e-29 1.7553e+01  1022.4880    21.1325    22.4764     7.1321    217.982    7.35634  224.83440     96.952 -9.990e-29
   39.76856  -72.38994      2.660      2.639    21.1331    32.3940      8.195 -9.990e-29 1.8465e+01  1022.4872    21.1326    22.4757     7.1325    217.992    7.35613  224.82783     96.960 -9.990e-29
   39.76856  -72.38994      2.629      2.609    21.1329    32.3931      8.195 -9.990e-29 2.0434e+01  1022.4863    21.1324    22.4751     7.1329    218.004    7.35596  224.82272     96.967 -9.990e-29
   39.76856  -72.38994      2.650      2.630    21.1327    32.3925      8.195 -9.990e-29 2.1077e+01  1022.4859    21.1322    22.4747     7.1286    217.873    7.35586  224.81977     96.910 -9.990e-29
   39.76856  -72.38994      2.629      2.609    21.1326    32.3923      8.195 -9.990e-29 2.0900e+01  1022.4858    21.1321    22.4745     7.1326    217.998    7.35579  224.81788     96.966 -9.990e-29
   39.76856  -72.38994      2.629      2.609    21.1324    32.3922      8.195 -9.990e-29 2.0377e+01  1022.4857    21.1319    22.4745     7.1327    218.000    7.35576  224.81690     96.968 -9.990e-29
   39.76856  -72.38994      2.618      2.598    21.1322    32.3923      8.195 -9.990e-29 2.0206e+01  1022.4860    21.1317    22.4746     7.1328    218.002    7.35572  224.81587     96.969 -9.990e-29
   39.76856  -72.38994      2.620      2.600    21.1322    32.3925      8.195 -9.990e-29 2.0206e+01  1022.4860    21.1317    22.4748     7.1288    217.882    7.35570  224.81537     96.916 -9.990e-29
   39.76856  -72.38994      2.609      2.589    21.1323    32.3926      8.195 -9.990e-29 2.0149e+01  1022.4862    21.1318    22.4749     7.1331    218.013    7.35558  224.81168     96.976 -9.990e-29
   39.76856  -72.38994      2.599      2.579    21.1324    32.3929      8.195 -9.990e-29 2.0092e+01  1022.4862    21.1319    22.4750     7.1335    218.023    7.35552  224.80977     96.981 -9.990e-29
   39.76856  -72.38994      2.599      2.579    21.1324    32.3931      8.195 -9.990e-29 1.9923e+01  1022.4865    21.1319    22.4752     7.1338    218.033    7.35545  224.80760     96.986 -9.990e-29
   39.76856  -72.38994      2.588      2.568    21.1326    32.3931      8.195 -9.990e-29 1.8310e+01  1022.4866    21.1321    22.4751     7.1341    218.041    7.35536  224.80453     96.992 -9.990e-29
