CalculateIndicators/WaterTemperature/Data/CTD_NYOS/20240426_C03.cnv
* Sea-Bird SBE 9 Data File:
* FileName = C:\Seabird 9 CTD\Data\2024\202404_offshore\20240426_C03.hex
* Software Version Seasave V 7.23.2
* Temperature SN = 4590
* Conductivity SN = 3228
* Number of Bytes Per Scan = 44
* Number of Voltage Words = 5
* Number of Scans Averaged by the Deck Unit = 1
* NMEA Latitude = 40 26.82 N
* NMEA Longitude = 073 43.11 W
* NMEA UTC (Time) = Apr 26 2024  08:44:13
* NMEA baud rate = 4800
** Ship: Seawolf
** Station: HR2
** Operator: TDK
# nquan = 18
# nvalues = 13373                       
# units = specified
# name 0 = latitude: Latitude [deg]
# name 1 = longitude: Longitude [deg]
# name 2 = prDM: Pressure, Digiquartz [db]
# name 3 = depSM: Depth [salt water, m]
# name 4 = t090C: Temperature [ITS-90, deg C]
# name 5 = sal00: Salinity, Practical [PSU]
# name 6 = ph: pH
# name 7 = flECO-AFL: Fluorescence, WET Labs ECO-AFL/FL [mg/m^3]
# name 8 = cpar: CPAR/Corrected Irradiance [%]
# name 9 = density00: Density [density, kg/m^3]
# name 10 = potemp090C: Potential Temperature [ITS-90, deg C]
# name 11 = sigma-é00: Density [sigma-theta, kg/m^3]
# name 12 = sbeox0Mg/L: Oxygen, SBE 43 [mg/l]
# name 13 = sbox0Mm/Kg: Oxygen, SBE 43 [umol/kg]
# name 14 = oxsolMg/L: Oxygen Saturation, Garcia & Gordon [mg/l]
# name 15 = oxsolMm/Kg: Oxygen Saturation, Garcia & Gordon [umol/kg]
# name 16 = sbeox0PS: Oxygen, SBE 43 [% saturation]
# name 17 = flag:  0.000e+00
# span 0 =   40.44704,   40.44740       
# span 1 =  -73.71930,  -73.71856       
# span 2 =      1.899,     22.681       
# span 3 =      1.885,     22.505       
# span 4 =     7.3288,    10.0012       
# span 5 =    27.8575,    31.0895       
# span 6 =      7.864,      8.167       
# span 7 =     0.4311,     1.3444       
# span 8 = 2.5320e-11, 9.9999e+04       
# span 9 =  1021.3980,  1024.4009       
# span 10 =     7.3268,    10.0004      
# span 11 =    21.3859,    24.2966      
# span 12 =     8.0253,    10.3776      
# span 13 =    244.852,    317.513      
# span 14 =    9.44068,    9.82464      
# span 15 =  288.81740,  299.74202      
# span 16 =     81.724,    109.785      
# span 17 = 0.0000e+00, 0.0000e+00      
# interval = seconds: 0.0416667
# start_time = Apr 26 2024 08:44:15 [System UTC, first data scan.]
# bad_flag = -9.990e-29
*END*
[from data line 12543]
   40.44738  -73.71928      2.595      2.575     9.9667    27.8625 -9.990e-29     0.9952 1.0579e+01  1021.4023     9.9665    21.3905    10.3687    317.239    9.45249  289.20850    109.692 -9.990e-29
   40.44738  -73.71928      2.606      2.585     9.9666    27.8625 -9.990e-29     0.9818 1.0686e+01  1021.4024     9.9663    21.3905    10.3626    317.055    9.45251  289.20902    109.628 -9.990e-29
   40.44738  -73.71928      2.595      2.575     9.9667    27.8624 -9.990e-29     0.9952 9.8867e+00  1021.4023     9.9664    21.3904    10.3617    317.027    9.45247  289.20777    109.619 -9.990e-29
   40.44738  -73.71928      2.595      2.575     9.9667    27.8622 -9.990e-29     0.9818 9.3603e+00  1021.4021     9.9665    21.3903    10.3616    317.023    9.45249  289.20836    109.617 -9.990e-29
   40.44738  -73.71928      2.585      2.565     9.9664    27.8622 -9.990e-29     0.9952 9.2961e+00  1021.4021     9.9662    21.3902    10.3614    317.017    9.45243  289.20652    109.616 -9.990e-29
   40.44738  -73.71928      2.585      2.565     9.9667    27.8622 -9.990e-29     0.9952 9.4248e+00  1021.4019     9.9665    21.3902    10.3605    316.989    9.45245  289.20725    109.606 -9.990e-29
   40.44738  -73.71928      2.585      2.565     9.9667    27.8623 -9.990e-29     0.9952 9.5223e+00  1021.4022     9.9664    21.3903    10.3603    316.985    9.45247  289.20776    109.605 -9.990e-29
   40.44738  -73.71928      2.585      2.565     9.9666    27.8624 -9.990e-29     0.9952 9.5877e+00  1021.4022     9.9663    21.3905    10.3602    316.981    9.45251  289.20914    109.603 -9.990e-29
   40.44738  -73.71928      2.575      2.555     9.9666    27.8625 -9.990e-29     1.0087 9.5223e+00  1021.4024     9.9663    21.3905    10.3601    316.978    9.45255  289.21050    109.601 -9.990e-29
   40.44738  -73.71928      2.575      2.555     9.9667    27.8625 -9.990e-29     0.9952 9.4248e+00  1021.4022     9.9665    21.3905    10.3600    316.975    9.45261  289.21197    109.599 -9.990e-29
   40.44738  -73.71928      2.564      2.545     9.9667    27.8624 -9.990e-29     1.0087 9.3925e+00  1021.4022     9.9664    21.3905    10.3599    316.970    9.45262  289.21248    109.598 -9.990e-29
   40.44738  -73.71928      2.564      2.545     9.9666    27.8623 -9.990e-29     0.9952 1.0125e+01  1021.4021     9.9663    21.3904    10.3597    316.966    9.45262  289.21249    109.596 -9.990e-29
   40.44738  -73.71928      2.555      2.535     9.9664    27.8622 -9.990e-29     0.9952 1.1771e+01  1021.4019     9.9662    21.3903    10.3598    316.967    9.45281  289.21810    109.594 -9.990e-29
   40.44738  -73.71928      2.555      2.535     9.9663    27.8621 -9.990e-29     0.9952 1.2368e+01  1021.4020     9.9661    21.3903    10.3597    316.965    9.45289  289.22060    109.593 -9.990e-29
   40.44738  -73.71928      2.545      2.525     9.9663    27.8620 -9.990e-29     0.9952 1.2007e+01  1021.4018     9.9660    21.3902    10.3595    316.960    9.45289  289.22047    109.591 -9.990e-29
   40.44738  -73.71928      2.534      2.515     9.9663    27.8620 -9.990e-29     0.9952 1.0977e+01  1021.4017     9.9660    21.3902    10.3594    316.955    9.45289  289.22047    109.589 -9.990e-29
   40.44738  -73.71928      2.534      2.515     9.9659    27.8621 -9.990e-29     1.0087 1.0579e+01  1021.4020     9.9657    21.3903    10.3533    316.769    9.45288  289.22035    109.525 -9.990e-29
   40.44738  -73.71928      2.534      2.515     9.9658    27.8621 -9.990e-29     0.9952 1.0579e+01  1021.4019     9.9656    21.3903    10.3582    316.919    9.45278  289.21722    109.578 -9.990e-29
   40.44738  -73.71928      2.515      2.495     9.9659    27.8622 -9.990e-29     0.9952 1.0332e+01  1021.4018     9.9657    21.3904    10.3580    316.914    9.45275  289.21621    109.577 -9.990e-29
   40.44738  -73.71928      2.515      2.495     9.9656    27.8624 -9.990e-29     1.0087 1.0228e+01  1021.4022     9.9654    21.3906    10.3578    316.907    9.45266  289.21362    109.575 -9.990e-29
   40.44738  -73.71928      2.515      2.495     9.9655    27.8626 -9.990e-29     1.0087 1.0263e+01  1021.4023     9.9653    21.3908    10.3577    316.903    9.45266  289.21359    109.574 -9.990e-29
   40.44738  -73.71928      2.504      2.485     9.9651    27.8626 -9.990e-29     1.0087 1.0508e+01  1021.4023     9.9649    21.3908    10.3515    316.714    9.45255  289.21039    109.510 -9.990e-29
   40.44738  -73.71928      2.494      2.475     9.9654    27.8625 -9.990e-29     0.9952 1.0686e+01  1021.4021     9.9652    21.3907    10.3506    316.688    9.45257  289.21086    109.501 -9.990e-29
   40.44738  -73.71928      2.483      2.464     9.9654    27.8625 -9.990e-29     0.9952 1.0686e+01  1021.4020     9.9652    21.3907    10.3498    316.664    9.45260  289.21184    109.492 -9.990e-29
   40.44738  -73.71928      2.483      2.464     9.9652    27.8625 -9.990e-29     1.0087 1.0615e+01  1021.4021     9.9649    21.3907    10.3490    316.638    9.45255  289.21050    109.484 -9.990e-29
   40.44738  -73.71928      2.474      2.455     9.9648    27.8625 -9.990e-29     1.0087 1.0579e+01  1021.4020     9.9645    21.3907    10.3475    316.592    9.45262  289.21234    109.467 -9.990e-29
   40.44738  -73.71928      2.464      2.445     9.9648    27.8625 -9.990e-29     0.9952 1.0579e+01  1021.4020     9.9645    21.3909    10.3475    316.593    9.45261  289.21197    109.467 -9.990e-29
   40.44738  -73.71928      2.464      2.445     9.9644    27.8628 -9.990e-29     0.9952 1.0650e+01  1021.4025     9.9642    21.3911    10.3527    316.752    9.45259  289.21164    109.523 -9.990e-29
   40.44738  -73.71928      2.453      2.434     9.9645    27.8628 -9.990e-29     0.9952 1.0722e+01  1021.4023     9.9643    21.3911    10.3529    316.756    9.45265  289.21325    109.523 -9.990e-29
   40.44738  -73.71928      2.443      2.424     9.9646    27.8627 -9.990e-29     0.9952 1.0758e+01  1021.4021     9.9644    21.3910    10.3470    316.576    9.45262  289.21248    109.462 -9.990e-29
   40.44738  -73.71928      2.434      2.415     9.9646    27.8627 -9.990e-29     0.9818 1.0831e+01  1021.4021     9.9644    21.3910    10.3463    316.557    9.45265  289.21336    109.454 -9.990e-29
   40.44738  -73.71928      2.443      2.424     9.9647    27.8628 -9.990e-29     0.9818 1.0940e+01  1021.4021     9.9645    21.3911    10.3458    316.540    9.45271  289.21527    109.448 -9.990e-29
   40.44738  -73.71928      2.423      2.404     9.9646    27.8631 -9.990e-29     0.9818 1.0977e+01  1021.4024     9.9644    21.3913    10.3454    316.527    9.45288  289.22050    109.442 -9.990e-29
   40.44738  -73.71928      2.423      2.404     9.9651    27.8635 -9.990e-29     0.9952 1.0579e+01  1021.4026     9.9649    21.3915    10.3450    316.516    9.45304  289.22561    109.436 -9.990e-29
   40.44738  -73.71928      2.403      2.385     9.9661    27.8637 -9.990e-29     0.9952 9.8531e+00  1021.4028     9.9659    21.3915    10.3454    316.528    9.45315  289.22863    109.439 -9.990e-29
   40.44738  -73.71928      2.413      2.394     9.9680    27.8635 -9.990e-29     0.9818 9.6205e+00  1021.4021     9.9677    21.3911    10.3451    316.518    9.45328  289.23285    109.434 -9.990e-29
   40.44738  -73.71928      2.403      2.385     9.9696    27.8630 -9.990e-29     0.9952 9.6205e+00  1021.4014     9.9693    21.3906    10.3507    316.691    9.45339  289.23623    109.492 -9.990e-29
   40.44738  -73.71928      2.392      2.374     9.9701    27.8627 -9.990e-29     0.9952 9.5223e+00  1021.4010     9.9698    21.3902    10.3452    316.521    9.45344  289.23753    109.433 -9.990e-29
   40.44738  -73.71928      2.383      2.364     9.9704    27.8625 -9.990e-29     0.9952 9.4572e+00  1021.4008     9.9702    21.3899    10.3448    316.510    9.45348  289.23864    109.429 -9.990e-29
   40.44738  -73.71928      2.392      2.374     9.9709    27.8624 -9.990e-29     0.9952 9.5549e+00  1021.4006     9.9706    21.3898    10.3445    316.500    9.45352  289.23977    109.425 -9.990e-29
   40.44738  -73.71928      2.372      2.354     9.9716    27.8624 -9.990e-29     0.9818 1.0228e+01  1021.4006     9.9713    21.3898    10.3449    316.511    9.45344  289.23701    109.430 -9.990e-29
   40.44738  -73.71928      2.372      2.354     9.9712    27.8624 -9.990e-29     0.9818 1.0508e+01  1021.4005     9.9710    21.3897    10.3445    316.500    9.45336  289.23446    109.427 -9.990e-29
   40.44738  -73.71928      2.362      2.344     9.9707    27.8624 -9.990e-29     0.9952 1.0473e+01  1021.4005     9.9705    21.3897    10.3442    316.490    9.45329  289.23266    109.424 -9.990e-29
   40.44738  -73.71928      2.362      2.344     9.9711    27.8626 -9.990e-29     0.9818 9.7529e+00  1021.4005     9.9708    21.3899    10.3506    316.688    9.45324  289.23117    109.493 -9.990e-29
   40.44738  -73.71928      2.353      2.334     9.9709    27.8628 -9.990e-29     0.9818 9.3925e+00  1021.4011     9.9706    21.3901    10.3453    316.525    9.45327  289.23208    109.436 -9.990e-29
   40.44738  -73.71928      2.353      2.334     9.9717    27.8628 -9.990e-29     0.9952 9.3603e+00  1021.4007     9.9715    21.3900    10.3454    316.529    9.45347  289.23845    109.435 -9.990e-29
   40.44738  -73.71928      2.353      2.334     9.9722    27.8627 -9.990e-29     0.9818 8.7956e+00  1021.4005     9.9720    21.3898    10.3454    316.529    9.45359  289.24205    109.434 -9.990e-29
   40.44738  -73.71928      2.342      2.324     9.9726    27.8626 -9.990e-29     0.9818 8.4052e+00  1021.4004     9.9723    21.3896    10.3455    316.532    9.45374  289.24682    109.433 -9.990e-29
   40.44738  -73.71928      2.342      2.324     9.9727    27.8624 -9.990e-29     0.9818 8.3464e+00  1021.4001     9.9725    21.3896    10.3465    316.560    9.45388  289.25087    109.441 -9.990e-29
   40.44738  -73.71928      2.332      2.314     9.9726    27.8623 -9.990e-29     0.9818 9.1058e+00  1021.4002     9.9723    21.3895    10.3533    316.770    9.45399  289.25433    109.513 -9.990e-29
   40.44738  -73.71928      2.340      2.322     9.9729    27.8623 -9.990e-29     0.9952 9.9204e+00  1021.3999     9.9726    21.3894    10.3483    316.616    9.45406  289.25631    109.459 -9.990e-29
   40.44738  -73.71928      2.322      2.304     9.9727    27.8623 -9.990e-29     0.9952 1.0125e+01  1021.4001     9.9725    21.3894    10.3544    316.804    9.45414  289.25882    109.523 -9.990e-29
   40.44738  -73.71928      2.332      2.314     9.9731    27.8623 -9.990e-29     0.9952 1.0940e+01  1021.3999     9.9728    21.3894    10.3553    316.831    9.45418  289.25990    109.532 -9.990e-29
   40.44738  -73.71928      2.311      2.294     9.9729    27.8623 -9.990e-29     1.0221 1.2287e+01  1021.4000     9.9726    21.3894    10.3562    316.859    9.45426  289.26221    109.540 -9.990e-29
   40.44738  -73.71928      2.332      2.314     9.9729    27.8621 -9.990e-29     1.0624 1.2613e+01  1021.3999     9.9726    21.3893    10.3571    316.886    9.45428  289.26286    109.550 -9.990e-29
   40.44738  -73.71928      2.311      2.294     9.9727    27.8620 -9.990e-29     1.0758 1.2046e+01  1021.3996     9.9725    21.3892    10.3581    316.916    9.45438  289.26614    109.559 -9.990e-29
   40.44738  -73.71928      2.311      2.294     9.9726    27.8620 -9.990e-29     1.0758 1.0977e+01  1021.3996     9.9723    21.3892    10.3589    316.942    9.45437  289.26561    109.568 -9.990e-29
   40.44738  -73.71928      2.311      2.294     9.9722    27.8621 -9.990e-29     1.0624 1.0650e+01  1021.4000     9.9720    21.3893    10.3597    316.964    9.45430  289.26326    109.576 -9.990e-29
   40.44738  -73.71928      2.302      2.284     9.9721    27.8623 -9.990e-29     1.0758 1.0332e+01  1021.4001     9.9718    21.3895    10.3605    316.989    9.45425  289.26177    109.585 -9.990e-29
   40.44738  -73.71928      2.311      2.294     9.9721    27.8623 -9.990e-29     1.0624 9.3925e+00  1021.4001     9.9718    21.3896    10.3613    317.015    9.45428  289.26282    109.594 -9.990e-29
   40.44738  -73.71928      2.302      2.284     9.9712    27.8623 -9.990e-29     1.0758 9.0430e+00  1021.4000     9.9710    21.3897    10.3623    317.046    9.45438  289.26615    109.603 -9.990e-29
   40.44738  -73.71928      2.302      2.284     9.9707    27.8624 -9.990e-29     1.0624 9.0430e+00  1021.4004     9.9705    21.3898    10.3633    317.075    9.45449  289.26940    109.613 -9.990e-29
   40.44738  -73.71928      2.302      2.284     9.9707    27.8625 -9.990e-29     1.0758 9.1058e+00  1021.4004     9.9705    21.3899    10.3642    317.102    9.45451  289.26980    109.622 -9.990e-29
   40.44738  -73.71928      2.302      2.284     9.9707    27.8625 -9.990e-29     1.0624 9.1373e+00  1021.4004     9.9705    21.3899    10.3590    316.944    9.45445  289.26785    109.568 -9.990e-29
   40.44738  -73.71928      2.302      2.284     9.9707    27.8626 -9.990e-29     1.0624 9.1689e+00  1021.4004     9.9705    21.3899    10.3650    317.127    9.45440  289.26666    109.631 -9.990e-29
   40.44738  -73.71928      2.292      2.274     9.9712    27.8626 -9.990e-29     1.0758 9.7197e+00  1021.4003     9.9710    21.3899    10.3653    317.137    9.45460  289.27267    109.633 -9.990e-29
   40.44738  -73.71928      2.302      2.284     9.9714    27.8626 -9.990e-29     1.0624 1.0022e+01  1021.4004     9.9711    21.3899    10.3662    317.165    9.45468  289.27512    109.641 -9.990e-29
   40.44738  -73.71928      2.302      2.284     9.9717    27.8626 -9.990e-29     1.0624 1.0022e+01  1021.4004     9.9715    21.3898    10.3672    317.194    9.45476  289.27781    109.650 -9.990e-29
   40.44738  -73.71928      2.302      2.284     9.9719    27.8625 -9.990e-29     1.0758 9.3281e+00  1021.4001     9.9716    21.3897    10.3682    317.224    9.45486  289.28083    109.660 -9.990e-29
   40.44738  -73.71928      2.302      2.284     9.9724    27.8623 -9.990e-29     1.0624 8.8878e+00  1021.3999     9.9722    21.3895    10.3691    317.252    9.45493  289.28268    109.669 -9.990e-29
   40.44738  -73.71928      2.311      2.294     9.9724    27.8622 -9.990e-29     1.0624 8.8262e+00  1021.3999     9.9721    21.3894    10.3691    317.252    9.45490  289.28151    109.669 -9.990e-29
   40.44738  -73.71928      2.302      2.284     9.9722    27.8621 -9.990e-29     1.0624 8.6137e+00  1021.4000     9.9720    21.3893    10.3689    317.247    9.45474  289.27672    109.669 -9.990e-29
   40.44738  -73.71928      2.311      2.294     9.9726    27.8620 -9.990e-29     1.0624 8.4052e+00  1021.3996     9.9723    21.3893    10.3687    317.241    9.45460  289.27246    109.668 -9.990e-29
   40.44738  -73.71928      2.311      2.294     9.9722    27.8620 -9.990e-29     1.0624 8.3758e+00  1021.3998     9.9720    21.3893    10.3626    317.054    9.45451  289.26973    109.605 -9.990e-29
   40.44738  -73.71928      2.311      2.293     9.9722    27.8621 -9.990e-29     1.0758 8.6438e+00  1021.4000     9.9720    21.3894    10.3620    317.034    9.45465  289.27415    109.596 -9.990e-29
   40.44738  -73.71928      2.322      2.304     9.9722    27.8621 -9.990e-29     1.0758 9.0118e+00  1021.4000     9.9720    21.3894    10.3671    317.192    9.45469  289.27547    109.650 -9.990e-29
   40.44738  -73.71928      2.322      2.304     9.9721    27.8620 -9.990e-29     1.0624 9.1373e+00  1021.3999     9.9718    21.3893    10.3619    317.031    9.45467  289.27483    109.595 -9.990e-29
   40.44738  -73.71928      2.332      2.314     9.9722    27.8618 -9.990e-29     1.0624 8.2880e+00  1021.3999     9.9720    21.3892    10.3677    317.210    9.45463  289.27361    109.657 -9.990e-29
   40.44738  -73.71928      2.332      2.314     9.9722    27.8616 -9.990e-29     1.0221 6.8524e+00  1021.3995     9.9720    21.3890    10.3617    317.025    9.45460  289.27267    109.594 -9.990e-29
   40.44738  -73.71928      2.332      2.314     9.9719    27.8613 -9.990e-29     1.0087 6.4834e+00  1021.3995     9.9717    21.3888    10.3667    317.178    9.45449  289.26924    109.648 -9.990e-29
