CalculateIndicators/WaterTemperature/Data/CTD_NYOS/20240708_C05.cnv
* Sea-Bird SBE 9 Data File:
* FileName = C:\Seabird 9 CTD\Data\2024\202407_offshore\20240708_C05.hex
* Software Version Seasave V 7.23.2
* Temperature SN = 4590
* Conductivity SN = 3228
* Number of Bytes Per Scan = 44
* Number of Voltage Words = 5
* Number of Scans Averaged by the Deck Unit = 1
* NMEA Latitude = 40 18.14 N
* NMEA Longitude = 073 13.15 W
* NMEA UTC (Time) = Jul 08 2024  21:45:36
* NMEA baud rate = 4800
** Ship: seawolf
** Station: 8.2
** Operator: tcm
# nquan = 18
# nvalues = 11246                       
# units = specified
# name 0 = latitude: Latitude [deg]
# name 1 = longitude: Longitude [deg]
# name 2 = prDM: Pressure, Digiquartz [db]
# name 3 = depSM: Depth [salt water, m]
# name 4 = t090C: Temperature [ITS-90, deg C]
# name 5 = sal00: Salinity, Practical [PSU]
# name 6 = ph: pH
# name 7 = flECO-AFL: Fluorescence, WET Labs ECO-AFL/FL [mg/m^3]
# name 8 = cpar: CPAR/Corrected Irradiance [%]
# name 9 = density00: Density [density, kg/m^3]
# name 10 = potemp090C: Potential Temperature [ITS-90, deg C]
# name 11 = sigma-é00: Density [sigma-theta, kg/m^3]
# name 12 = sbeox0Mg/L: Oxygen, SBE 43 [mg/l]
# name 13 = sbox0Mm/Kg: Oxygen, SBE 43 [umol/kg]
# name 14 = oxsolMg/L: Oxygen Saturation, Garcia & Gordon [mg/l]
# name 15 = oxsolMm/Kg: Oxygen Saturation, Garcia & Gordon [umol/kg]
# name 16 = sbeox0PS: Oxygen, SBE 43 [% saturation]
# name 17 = flag:  0.000e+00
# span 0 =   40.30246,   40.30312       
# span 1 =  -73.21936,  -73.21926       
# span 2 =      1.552,     34.119       
# span 3 =      1.540,     33.853       
# span 4 =     8.0731,    24.3041       
# span 5 =    29.8891,    31.5517       
# span 6 =      7.798,      8.072       
# span 7 =     0.1088,     3.0368       
# span 8 = 3.9463e-02, 4.3033e+01       
# span 9 =  1019.8397,  1024.7023       
# span 10 =     8.0699,    24.3037      
# span 11 =    19.8601,    24.5527      
# span 12 =     6.3596,     9.6636      
# span 13 =    193.980,    294.987      
# span 14 =    7.04231,    9.63165      
# span 15 =  215.77209,  293.78502      
# span 16 =     66.039,    115.844      
# span 17 = 0.0000e+00, 0.0000e+00      
# interval = seconds: 0.0416667
# start_time = Jul 08 2024 21:45:38 [System UTC, first data scan.]
# bad_flag = -9.990e-29
*END*
[from data line 7237]
   40.30286  -73.21932      7.431      7.374    21.9795    30.4237      7.902     0.6595 8.6474e+00  1020.7828    21.9780    20.7508     7.9189    242.438    7.32690  224.31390    108.080 -9.990e-29
   40.30286  -73.21932      7.424      7.367    21.9790    30.4243      7.902     0.6595 8.6474e+00  1020.7832    21.9776    20.7514     7.9185    242.425    7.32678  224.31053    108.076 -9.990e-29
   40.30286  -73.21932      7.410      7.353    21.9788    30.4252      7.902     0.6595 8.6474e+00  1020.7843    21.9773    20.7521     7.9181    242.413    7.32672  224.30859    108.071 -9.990e-29
   40.30286  -73.21932      7.410      7.353    21.9788    30.4258      7.902     0.6595 8.6474e+00  1020.7849    21.9773    20.7525     7.9173    242.390    7.32663  224.30588    108.062 -9.990e-29
   40.30286  -73.21932      7.410      7.353    21.9793    30.4261      7.902     0.6595 8.6718e+00  1020.7845    21.9779    20.7526     7.9170    242.380    7.32657  224.30421    108.058 -9.990e-29
   40.30286  -73.21932      7.401      7.344    21.9793    30.4261      7.902     0.6595 8.6718e+00  1020.7847    21.9779    20.7527     7.9166    242.368    7.32649  224.30172    108.054 -9.990e-29
   40.30286  -73.21932      7.401      7.344    21.9793    30.4261      7.907     0.6595 8.6962e+00  1020.7848    21.9779    20.7527     7.9206    242.490    7.32644  224.30031    108.109 -9.990e-29
   40.30286  -73.21932      7.394      7.337    21.9795    30.4261      7.902     0.6595 8.6962e+00  1020.7847    21.9781    20.7526     7.9206    242.492    7.32643  224.30003    108.110 -9.990e-29
   40.30286  -73.21932      7.390      7.333    21.9797    30.4256      7.902     0.6595 8.7208e+00  1020.7841    21.9782    20.7521     7.9206    242.491    7.32635  224.29773    108.111 -9.990e-29
   40.30286  -73.21932      7.380      7.323    21.9798    30.4248      7.902     0.6595 8.7208e+00  1020.7833    21.9784    20.7515     7.9206    242.492    7.32630  224.29636    108.112 -9.990e-29
   40.30286  -73.21932      7.380      7.323    21.9801    30.4246      7.907     0.6595 8.6912e+00  1020.7826    21.9786    20.7511     7.9207    242.494    7.32630  224.29624    108.113 -9.990e-29
   40.30286  -73.21932      7.369      7.312    21.9800    30.4246      7.902     0.6595 8.7700e+00  1020.7830    21.9786    20.7511     7.9208    242.497    7.32634  224.29755    108.114 -9.990e-29
   40.30286  -73.21932      7.373      7.317    21.9800    30.4246      7.907     0.6460 8.7947e+00  1020.7832    21.9786    20.7513     7.9212    242.510    7.32634  224.29769    108.120 -9.990e-29
   40.30286  -73.21932      7.360      7.303    21.9801    30.4249      7.907     0.6595 8.7947e+00  1020.7832    21.9786    20.7515     7.9213    242.514    7.32638  224.29874    108.121 -9.990e-29
   40.30286  -73.21932      7.360      7.303    21.9802    30.4254      7.907     0.6595 8.8195e+00  1020.7835    21.9788    20.7519     7.9218    242.527    7.32638  224.29878    108.127 -9.990e-29
   40.30286  -73.21932      7.360      7.303    21.9802    30.4263      7.902     0.6595 8.8444e+00  1020.7844    21.9788    20.7526     7.9218    242.528    7.32635  224.29761    108.128 -9.990e-29
   40.30286  -73.21932      7.350      7.293    21.9806    30.4272      7.907     0.6595 8.8144e+00  1020.7850    21.9791    20.7531     7.9222    242.541    7.32630  224.29588    108.134 -9.990e-29
   40.30286  -73.21932      7.350      7.293    21.9811    30.4277      7.907     0.6595 8.8393e+00  1020.7852    21.9797    20.7534     7.9269    242.683    7.32620  224.29287    108.199 -9.990e-29
   40.30286  -73.21932      7.343      7.287    21.9816    30.4281      7.907     0.6460 8.8642e+00  1020.7852    21.9802    20.7535     7.9230    242.563    7.32613  224.29076    108.147 -9.990e-29
   40.30286  -73.21932      7.350      7.293    21.9823    30.4284      7.907     0.6326 8.8642e+00  1020.7854    21.9809    20.7536     7.9233    242.574    7.32602  224.28761    108.153 -9.990e-29
   40.30286  -73.21932      7.329      7.273    21.9829    30.4286      7.907     0.6326 8.8892e+00  1020.7852    21.9815    20.7535     7.9234    242.576    7.32599  224.28669    108.154 -9.990e-29
   40.30286  -73.21932      7.339      7.282    21.9836    30.4287      7.907     0.6326 8.9143e+00  1020.7851    21.9822    20.7534     7.9238    242.589    7.32593  224.28465    108.161 -9.990e-29
   40.30286  -73.21932      7.329      7.273    21.9839    30.4289      7.907     0.6326 8.9143e+00  1020.7851    21.9825    20.7534     7.9242    242.601    7.32583  224.28197    108.168 -9.990e-29
   40.30286  -73.21932      7.323      7.266    21.9845    30.4291      7.902     0.6326 8.9143e+00  1020.7851    21.9830    20.7535     7.9243    242.605    7.32580  224.28120    108.170 -9.990e-29
   40.30286  -73.21932      7.329      7.273    21.9848    30.4294      7.907     0.6326 8.9646e+00  1020.7854    21.9834    20.7536     7.9244    242.608    7.32576  224.28017    108.172 -9.990e-29
   40.30286  -73.21932      7.320      7.263    21.9857    30.4294      7.907     0.6326 8.9899e+00  1020.7853    21.9843    20.7536     7.9245    242.612    7.32574  224.27949    108.174 -9.990e-29
   40.30286  -73.21932      7.320      7.263    21.9864    30.4294      7.907     0.6326 8.9899e+00  1020.7850    21.9850    20.7533     7.9247    242.616    7.32572  224.27891    108.176 -9.990e-29
   40.30286  -73.21932      7.299      7.243    21.9875    30.4292      7.907     0.6326 9.0407e+00  1020.7843    21.9861    20.7529     7.9248    242.620    7.32570  224.27838    108.178 -9.990e-29
   40.30286  -73.21932      7.313      7.257    21.9882    30.4290      7.907     0.6326 9.0407e+00  1020.7838    21.9868    20.7524     7.9249    242.624    7.32567  224.27726    108.180 -9.990e-29
   40.30286  -73.21932      7.299      7.243    21.9891    30.4289      7.907     0.6326 9.0662e+00  1020.7836    21.9877    20.7521     7.9250    242.626    7.32563  224.27600    108.182 -9.990e-29
   40.30286  -73.21932      7.299      7.243    21.9898    30.4288      7.907     0.6326 9.0917e+00  1020.7833    21.9884    20.7518     7.9252    242.631    7.32560  224.27507    108.184 -9.990e-29
   40.30286  -73.21932      7.299      7.243    21.9905    30.4286      7.907     0.6326 9.0917e+00  1020.7830    21.9891    20.7515     7.9209    242.500    7.32549  224.27159    108.128 -9.990e-29
   40.30286  -73.21932      7.288      7.232    21.9908    30.4284      7.907     0.6326 9.0917e+00  1020.7827    21.9894    20.7512     7.9248    242.621    7.32534  224.26681    108.184 -9.990e-29
   40.30286  -73.21932      7.292      7.236    21.9914    30.4282      7.907     0.6326 9.0917e+00  1020.7825    21.9900    20.7510     7.9206    242.490    7.32519  224.26263    108.128 -9.990e-29
   40.30286  -73.21932      7.288      7.232    21.9917    30.4279      7.907     0.6326 9.1174e+00  1020.7823    21.9903    20.7506     7.9246    242.614    7.32513  224.26060    108.184 -9.990e-29
   40.30286  -73.21932      7.279      7.222    21.9919    30.4272      7.907     0.6326 9.0917e+00  1020.7815    21.9905    20.7500     7.9243    242.604    7.32498  224.25603    108.182 -9.990e-29
   40.30286  -73.21932      7.279      7.222    21.9923    30.4263      7.912     0.6326 9.0917e+00  1020.7806    21.9908    20.7493     7.9242    242.600    7.32472  224.24756    108.184 -9.990e-29
   40.30286  -73.21932      7.269      7.213    21.9923    30.4256      7.907     0.6326 9.0917e+00  1020.7802    21.9908    20.7488     7.9240    242.594    7.32439  224.23740    108.186 -9.990e-29
   40.30286  -73.21932      7.272      7.216    21.9921    30.4256      7.907     0.6326 9.0917e+00  1020.7796    21.9907    20.7485     7.9236    242.581    7.32414  224.23023    108.184 -9.990e-29
   40.30286  -73.21932      7.269      7.213    21.9917    30.4256      7.907     0.6326 9.0917e+00  1020.7795    21.9903    20.7485     7.9235    242.580    7.32395  224.22457    108.186 -9.990e-29
   40.30286  -73.21932      7.258      7.202    21.9916    30.4257      7.912     0.6326 9.0917e+00  1020.7802    21.9902    20.7489     7.9235    242.581    7.32383  224.22145    108.188 -9.990e-29
   40.30286  -73.21932      7.269      7.213    21.9914    30.4264      7.912     0.6326 9.0917e+00  1020.7810    21.9900    20.7495     7.9236    242.583    7.32373  224.21891    108.190 -9.990e-29
   40.30286  -73.21932      7.248      7.192    21.9915    30.4270      7.912     0.6326 9.0917e+00  1020.7814    21.9901    20.7500     7.9234    242.577    7.32371  224.21837    108.188 -9.990e-29
   40.30286  -73.21932      7.248      7.192    21.9916    30.4274      7.907     0.6460 9.0917e+00  1020.7815    21.9902    20.7503     7.9231    242.569    7.32369  224.21776    108.185 -9.990e-29
   40.30286  -73.21932      7.251      7.195    21.9919    30.4279      7.907     0.6729 9.1174e+00  1020.7818    21.9905    20.7506     7.9228    242.560    7.32362  224.21554    108.182 -9.990e-29
   40.30286  -73.21932      7.239      7.183    21.9921    30.4284      7.912     0.6729 9.0917e+00  1020.7822    21.9907    20.7509     7.9228    242.560    7.32352  224.21233    108.183 -9.990e-29
   40.30286  -73.21932      7.239      7.183    21.9924    30.4289      7.912     0.6729 9.1174e+00  1020.7824    21.9910    20.7511     7.9270    242.689    7.32335  224.20696    108.243 -9.990e-29
   40.30286  -73.21932      7.239      7.183    21.9933    30.4293      7.912     0.6729 9.1174e+00  1020.7825    21.9919    20.7513     7.9226    242.554    7.32315  224.20077    108.186 -9.990e-29
   40.30286  -73.21932      7.228      7.172    21.9935    30.4295      7.912     0.6729 9.1174e+00  1020.7827    21.9921    20.7514     7.9268    242.681    7.32293  224.19418    108.246 -9.990e-29
   40.30286  -73.21932      7.232      7.176    21.9944    30.4295      7.912     0.6729 9.1174e+00  1020.7824    21.9930    20.7512     7.9223    242.543    7.32269  224.18649    108.188 -9.990e-29
   40.30286  -73.21932      7.218      7.162    21.9949    30.4295      7.912     0.6729 9.1431e+00  1020.7822    21.9935    20.7509     7.9260    242.656    7.32238  224.17699    108.243 -9.990e-29
   40.30286  -73.21932      7.218      7.162    21.9957    30.4292      7.912     0.6729 9.1431e+00  1020.7818    21.9943    20.7505     7.9213    242.513    7.32205  224.16695    108.184 -9.990e-29
   40.30286  -73.21932      7.218      7.162    21.9963    30.4288      7.912     0.6729 9.1689e+00  1020.7812    21.9949    20.7501     7.9249    242.625    7.32172  224.15716    108.239 -9.990e-29
   40.30286  -73.21932      7.208      7.153    21.9971    30.4285      7.912     0.6729 9.1689e+00  1020.7806    21.9957    20.7496     7.9245    242.613    7.32138  224.14688    108.238 -9.990e-29
   40.30286  -73.21932      7.200      7.145    21.9974    30.4283      7.912     0.6729 9.1689e+00  1020.7805    21.9960    20.7493     7.9198    242.469    7.32104  224.13672    108.179 -9.990e-29
   40.30286  -73.21932      7.208      7.153    21.9976    30.4282      7.912     0.6729 9.1947e+00  1020.7803    21.9962    20.7491     7.9238    242.591    7.32079  224.12949    108.237 -9.990e-29
   40.30286  -73.21932      7.188      7.132    21.9983    30.4279      7.912     0.6729 9.1947e+00  1020.7798    21.9969    20.7488     7.9238    242.593    7.32058  224.12328    108.241 -9.990e-29
   40.30286  -73.21932      7.197      7.142    21.9986    30.4277      7.912     0.6729 9.1947e+00  1020.7798    21.9972    20.7486     7.9196    242.463    7.32038  224.11748    108.186 -9.990e-29
   40.30286  -73.21932      7.200      7.145    21.9988    30.4274      7.912     0.6729 9.2206e+00  1020.7793    21.9974    20.7482     7.9237    242.590    7.32029  224.11509    108.243 -9.990e-29
   40.30286  -73.21932      7.177      7.122    21.9987    30.4270      7.912     0.6729 9.2466e+00  1020.7789    21.9973    20.7479     7.9240    242.600    7.32035  224.11778    108.247 -9.990e-29
   40.30286  -73.21932      7.177      7.122    21.9988    30.4270      7.912     0.6729 9.2466e+00  1020.7786    21.9974    20.7478     7.9245    242.615    7.32056  224.12462    108.250 -9.990e-29
   40.30286  -73.21932      7.177      7.122    21.9985    30.4270      7.912     0.6729 9.2466e+00  1020.7787    21.9971    20.7480     7.9250    242.631    7.32084  224.13383    108.253 -9.990e-29
   40.30286  -73.21932      7.177      7.122    21.9983    30.4274      7.912     0.6729 9.2727e+00  1020.7792    21.9969    20.7484     7.9212    242.515    7.32112  224.14204    108.197 -9.990e-29
   40.30286  -73.21932      7.160      7.105    21.9981    30.4283      7.912     0.6729 9.2727e+00  1020.7800    21.9968    20.7491     7.9253    242.639    7.32106  224.13913    108.254 -9.990e-29
   40.30286  -73.21932      7.167      7.112    21.9981    30.4292      7.912     0.6729 9.2727e+00  1020.7810    21.9968    20.7497     7.9254    242.640    7.32092  224.13448    108.256 -9.990e-29
   40.30286  -73.21932      7.158      7.102    21.9988    30.4296      7.912     0.6729 9.2989e+00  1020.7810    21.9974    20.7500     7.9258    242.653    7.32112  224.14143    108.259 -9.990e-29
   40.30286  -73.21932      7.158      7.102    21.9992    30.4296      7.912     0.6729 9.2989e+00  1020.7811    21.9978    20.7499     7.9267    242.683    7.32152  224.15453    108.266 -9.990e-29
   40.30286  -73.21932      7.158      7.102    22.0002    30.4296      7.912     0.6729 9.2989e+00  1020.7804    21.9988    20.7496     7.9275    242.708    7.32212  224.17329    108.268 -9.990e-29
   40.30286  -73.21932      7.140      7.085    22.0004    30.4294      7.912     0.6595 9.2989e+00  1020.7803    21.9991    20.7494     7.9241    242.604    7.32280  224.19432    108.212 -9.990e-29
   40.30286  -73.21932      7.147      7.092    22.0010    30.4292      7.912     0.6595 9.2989e+00  1020.7801    21.9996    20.7490     7.9289    242.749    7.32340  224.21269    108.267 -9.990e-29
   40.30286  -73.21932      7.137      7.082    22.0020    30.4285      7.912     0.6595 9.2989e+00  1020.7791    22.0006    20.7483     7.9295    242.769    7.32391  224.22729    108.269 -9.990e-29
   40.30286  -73.21932      7.137      7.082    22.0026    30.4277      7.912     0.6595 9.2989e+00  1020.7781    22.0012    20.7475     7.9344    242.917    7.32431  224.23877    108.330 -9.990e-29
   40.30286  -73.21932      7.127      7.072    22.0030    30.4271      7.912     0.6595 9.3251e+00  1020.7776    22.0017    20.7469     7.9308    242.806    7.32456  224.24553    108.277 -9.990e-29
   40.30286  -73.21932      7.119      7.064    22.0033    30.4270      7.912     0.6595 9.2989e+00  1020.7773    22.0019    20.7466     7.9312    242.818    7.32485  224.25416    108.278 -9.990e-29
   40.30286  -73.21932      7.127      7.072    22.0036    30.4270      7.912     0.6595 9.3251e+00  1020.7770    22.0022    20.7465     7.9359    242.960    7.32512  224.26243    108.338 -9.990e-29
   40.30286  -73.21932      7.116      7.062    22.0035    30.4270      7.917     0.6595 9.3514e+00  1020.7774    22.0021    20.7466     7.9322    242.849    7.32540  224.27074    108.284 -9.990e-29
   40.30286  -73.21932      7.116      7.062    22.0036    30.4273      7.912     0.6595 9.3514e+00  1020.7776    22.0023    20.7468     7.9326    242.859    7.32567  224.27906    108.284 -9.990e-29
   40.30286  -73.21932      7.100      7.045    22.0039    30.4275      7.917     0.6595 9.3514e+00  1020.7775    22.0025    20.7470     7.9328    242.868    7.32594  224.28684    108.284 -9.990e-29
   40.30286  -73.21932      7.116      7.062    22.0040    30.4280      7.917     0.6595 9.3514e+00  1020.7779    22.0026    20.7473     7.9288    242.742    7.32616  224.29308    108.226 -9.990e-29
