CalculateIndicators/WaterTemperature/Data/CTD_NYOS/20240710_C18.cnv
* Sea-Bird SBE 9 Data File:
* FileName = C:\Seabird 9 CTD\Data\2024\202407_offshore\20240710_C18.hex
* Software Version Seasave V 7.23.2
* Temperature SN = 4590
* Conductivity SN = 3228
* Number of Bytes Per Scan = 44
* Number of Voltage Words = 5
* Number of Scans Averaged by the Deck Unit = 1
* NMEA Latitude = 40 25.77 N
* NMEA Longitude = 072 49.82 W
* NMEA UTC (Time) = Jul 10 2024  06:00:12
* NMEA baud rate = 4800
** Ship: seawolf
** Station: 9.2
** Operator: TDK
# nquan = 18
# nvalues = 13145                       
# units = specified
# name 0 = latitude: Latitude [deg]
# name 1 = longitude: Longitude [deg]
# name 2 = prDM: Pressure, Digiquartz [db]
# name 3 = depSM: Depth [salt water, m]
# name 4 = t090C: Temperature [ITS-90, deg C]
# name 5 = sal00: Salinity, Practical [PSU]
# name 6 = ph: pH
# name 7 = flECO-AFL: Fluorescence, WET Labs ECO-AFL/FL [mg/m^3]
# name 8 = cpar: CPAR/Corrected Irradiance [%]
# name 9 = density00: Density [density, kg/m^3]
# name 10 = potemp090C: Potential Temperature [ITS-90, deg C]
# name 11 = sigma-é00: Density [sigma-theta, kg/m^3]
# name 12 = sbeox0Mg/L: Oxygen, SBE 43 [mg/l]
# name 13 = sbox0Mm/Kg: Oxygen, SBE 43 [umol/kg]
# name 14 = oxsolMg/L: Oxygen Saturation, Garcia & Gordon [mg/l]
# name 15 = oxsolMm/Kg: Oxygen Saturation, Garcia & Gordon [umol/kg]
# name 16 = sbeox0PS: Oxygen, SBE 43 [% saturation]
# name 17 = flag:  0.000e+00
# span 0 =   40.42956,   40.42998       
# span 1 =  -72.83032,  -72.82794       
# span 2 =      1.665,     40.389       
# span 3 =      1.652,     40.074       
# span 4 =     7.7458,    22.9867       
# span 5 =    29.4269,    31.7640       
# span 6 =      7.776,      8.125       
# span 7 =     0.0551,     2.2443       
# span 8 = 1.6880e-11, 9.9999e+04       
# span 9 =  1020.1085,  1024.8538       
# span 10 =     7.7422,    22.9862      
# span 11 =    20.0930,    24.6751      
# span 12 =     6.7237,     9.2633      
# span 13 =    205.062,    282.768      
# span 14 =    7.21693,    9.69685      
# span 15 =  221.07995,  295.73607      
# span 16 =     69.340,    118.061      
# span 17 = 0.0000e+00, 0.0000e+00      
# interval = seconds: 0.0416667
# start_time = Jul 10 2024 06:00:13 [System UTC, first data scan.]
# bad_flag = -9.990e-29
*END*
[from data line 10935]
   40.42992  -72.82830      1.859      1.845    22.8539    29.9791      7.958     1.1430 1.6880e-11  1020.1797    22.8536    20.1718     8.1095    248.415    7.22998  221.47354    112.165 -9.990e-29
   40.42992  -72.82830      1.847      1.832    22.8539    29.9786      7.958     1.1430 1.6880e-11  1020.1793    22.8535    20.1714     8.1102    248.438    7.22975  221.46696    112.178 -9.990e-29
   40.42992  -72.82830      1.847      1.832    22.8541    29.9782      7.958     1.1430 1.6880e-11  1020.1788    22.8538    20.1711     8.1109    248.460    7.22954  221.46080    112.191 -9.990e-29
   40.42992  -72.82830      1.837      1.823    22.8539    29.9780      7.958     1.1430 1.6880e-11  1020.1790    22.8536    20.1710     8.1159    248.614    7.22938  221.45598    112.263 -9.990e-29
   40.42992  -72.82830      1.827      1.813    22.8538    29.9779      7.958     1.1295 1.6880e-11  1020.1788    22.8534    20.1709     8.1128    248.518    7.22921  221.45094    112.222 -9.990e-29
   40.42992  -72.82830      1.817      1.803    22.8539    29.9776      7.958     1.1430 1.6880e-11  1020.1785    22.8536    20.1708     8.1136    248.541    7.22905  221.44628    112.235 -9.990e-29
   40.42992  -72.82830      1.817      1.803    22.8534    29.9774      7.958     1.1295 1.6880e-11  1020.1785    22.8531    20.1706     8.1144    248.566    7.22894  221.44303    112.248 -9.990e-29
   40.42992  -72.82830      1.807      1.793    22.8527    29.9774      7.958     1.1430 1.6880e-11  1020.1783    22.8523    20.1706     8.1151    248.590    7.22879  221.43872    112.261 -9.990e-29
   40.42992  -72.82830      1.808      1.794    22.8524    29.9774      7.963     1.1430 1.6880e-11  1020.1782    22.8520    20.1707     8.1198    248.734    7.22868  221.43542    112.328 -9.990e-29
   40.42992  -72.82830      1.807      1.793    22.8520    29.9774      7.958     1.1430 1.6880e-11  1020.1787    22.8517    20.1711     8.1210    248.770    7.22859  221.43293    112.346 -9.990e-29
   40.42992  -72.82830      1.797      1.783    22.8518    29.9781      7.958     1.1430 1.6880e-11  1020.1796    22.8515    20.1716     8.1175    248.663    7.22847  221.42931    112.299 -9.990e-29
   40.42992  -72.82830      1.797      1.783    22.8522    29.9784      7.958     1.1430 1.6880e-11  1020.1795    22.8518    20.1718     8.1183    248.688    7.22842  221.42772    112.311 -9.990e-29
   40.42992  -72.82830      1.786      1.773    22.8527    29.9786      7.958     1.1295 1.6880e-11  1020.1795    22.8523    20.1718     8.1188    248.703    7.22834  221.42542    112.319 -9.990e-29
   40.42992  -72.82830      1.786      1.773    22.8529    29.9787      7.963     1.1295 1.6880e-11  1020.1794    22.8525    20.1718     8.1193    248.718    7.22829  221.42414    112.327 -9.990e-29
   40.42992  -72.82830      1.777      1.763    22.8531    29.9788      7.963     1.1430 1.6880e-11  1020.1795    22.8527    20.1718     8.1194    248.722    7.22824  221.42268    112.329 -9.990e-29
   40.42992  -72.82830      1.786      1.773    22.8534    29.9788      7.963     1.1295 1.6880e-11  1020.1796    22.8531    20.1718     8.1196    248.727    7.22822  221.42214    112.332 -9.990e-29
   40.42992  -72.82830      1.766      1.752    22.8538    29.9788      7.958     1.1430 1.6880e-11  1020.1794    22.8534    20.1716     8.1197    248.731    7.22824  221.42282    112.333 -9.990e-29
   40.42992  -72.82830      1.748      1.734    22.8543    29.9787      7.958     1.1430 1.6880e-11  1020.1790    22.8539    20.1714     8.1198    248.735    7.22825  221.42312    112.335 -9.990e-29
   40.42992  -72.82830      1.756      1.743    22.8545    29.9786      7.958     1.1430 1.6880e-11  1020.1786    22.8542    20.1712     8.1199    248.738    7.22825  221.42320    112.336 -9.990e-29
   40.42992  -72.82830      1.735      1.722    22.8545    29.9786      7.963     1.1430 1.6880e-11  1020.1785    22.8542    20.1711     8.1200    248.739    7.22823  221.42246    112.337 -9.990e-29
   40.42992  -72.82830      1.735      1.722    22.8547    29.9786      7.958     1.1430 1.6880e-11  1020.1787    22.8543    20.1712     8.1196    248.729    7.22821  221.42186    112.333 -9.990e-29
   40.42992  -72.82830      1.716      1.703    22.8545    29.9789      7.963     1.1295 1.6880e-11  1020.1788    22.8542    20.1714     8.1193    248.719    7.22824  221.42276    112.328 -9.990e-29
   40.42992  -72.82830      1.716      1.703    22.8545    29.9791      7.963     1.1430 1.6880e-11  1020.1790    22.8542    20.1716     8.1189    248.708    7.22824  221.42298    112.322 -9.990e-29
   40.42992  -72.82830      1.716      1.703    22.8549    29.9794      7.963     1.1430 1.6880e-11  1020.1792    22.8545    20.1717     8.1185    248.695    7.22824  221.42290    112.317 -9.990e-29
   40.42992  -72.82830      1.705      1.692    22.8552    29.9797      7.963     1.1564 1.6880e-11  1020.1791    22.8549    20.1719     8.1180    248.678    7.22820  221.42153    112.310 -9.990e-29
   40.42992  -72.82830      1.705      1.692    22.8552    29.9800      7.963     1.1564 1.7430e-01  1020.1796    22.8549    20.1721     8.1171    248.652    7.22819  221.42151    112.298 -9.990e-29
   40.42992  -72.82830      1.707      1.693    22.8558    29.9801      7.963     1.1564 1.6115e+00  1020.1796    22.8554    20.1721     8.1209    248.766    7.22826  221.42373    112.349 -9.990e-29
   40.42992  -72.82830      1.726      1.713    22.8564    29.9803      7.963     1.1564 2.5964e+00  1020.1787    22.8561    20.1721     8.1165    248.634    7.22844  221.42958    112.286 -9.990e-29
   40.42992  -72.82828      1.726      1.713    22.8563    29.9819      7.963     1.1564 2.8507e+00  1020.1795    22.8559    20.1732     8.1162    248.625    7.22874  221.43904    112.277 -9.990e-29
   40.42992  -72.82828      1.746      1.733    22.8563    29.9848      7.963     1.1564 6.7956e+00  1020.1839    22.8559    20.1753     8.1160    248.618    7.22920  221.45282    112.267 -9.990e-29
   40.42992  -72.82828      1.766      1.752    22.8581    29.9865      7.963     1.1564 1.0440e+01  1020.1848    22.8577    20.1764     8.1157    248.607    7.22957  221.46377    112.256 -9.990e-29
   40.42992  -72.82828      1.786      1.773    22.8609    29.9865      7.963     1.1564 1.0880e+01  1020.1839    22.8605    20.1761     8.1152    248.592    7.22984  221.47177    112.246 -9.990e-29
   40.42992  -72.82828      1.807      1.793    22.8632    29.9865      7.963     1.1430 9.5443e+00  1020.1835    22.8629    20.1748     8.1107    248.455    7.23006  221.47842    112.180 -9.990e-29
   40.42992  -72.82828      1.847      1.833    22.8659    29.9847      7.963     1.1564 8.7736e+00  1020.1802    22.8656    20.1727     8.1143    248.565    7.23025  221.48399    112.227 -9.990e-29
   40.42992  -72.82828      1.848      1.834    22.8680    29.9827      7.958     1.1564 8.6883e+00  1020.1789    22.8677    20.1706     8.1140    248.555    7.23044  221.48978    112.219 -9.990e-29
   40.42992  -72.82828      1.888      1.873    22.8697    29.9809      7.958     1.1564 7.4659e+00  1020.1763    22.8693    20.1688     8.1136    248.542    7.23059  221.49412    112.212 -9.990e-29
   40.42992  -72.82828      1.909      1.894    22.8714    29.9799      7.963     1.1430 6.4798e+00  1020.1756    22.8711    20.1673     8.1135    248.539    7.23075  221.49878    112.208 -9.990e-29
   40.42992  -72.82828      1.939      1.924    22.8729    29.9799      7.963     1.1564 6.3048e+00  1020.1741    22.8725    20.1666     8.1129    248.522    7.23080  221.50031    112.200 -9.990e-29
   40.42992  -72.82828      1.979      1.963    22.8734    29.9799      7.963     1.1564 7.9517e+00  1020.1749    22.8730    20.1669     8.1127    248.515    7.23086  221.50196    112.195 -9.990e-29
   40.42992  -72.82828      1.999      1.984    22.8742    29.9809      7.963     1.1430 1.0743e+01  1020.1772    22.8738    20.1677     8.1123    248.502    7.23104  221.50790    112.186 -9.990e-29
   40.42992  -72.82828      2.029      2.014    22.8757    29.9809      7.963     1.1564 1.1553e+01  1020.1770    22.8753    20.1677     8.1122    248.501    7.23134  221.51707    112.182 -9.990e-29
   40.42992  -72.82828      2.071      2.055    22.8777    29.9809      7.963     1.1564 9.8244e+00  1020.1757    22.8773    20.1666     8.1081    248.375    7.23174  221.52928    112.118 -9.990e-29
   40.42992  -72.82828      2.090      2.074    22.8791    29.9791      7.963     1.1564 7.3178e+00  1020.1742    22.8787    20.1648     8.1120    248.495    7.23208  221.53924    112.167 -9.990e-29
   40.42992  -72.82828      2.131      2.115    22.8805    29.9791      7.963     1.1564 6.6814e+00  1020.1711    22.8801    20.1631     8.1122    248.501    7.23229  221.54547    112.167 -9.990e-29
   40.42992  -72.82828      2.171      2.154    22.8811    29.9791      7.963     1.1564 6.8418e+00  1020.1709    22.8806    20.1628     8.1122    248.498    7.23256  221.55342    112.162 -9.990e-29
   40.42992  -72.82828      2.201      2.184    22.8807    29.9793      7.963     1.1564 7.2690e+00  1020.1739    22.8803    20.1644     8.1124    248.504    7.23277  221.55970    112.161 -9.990e-29
   40.42992  -72.82828      2.231      2.214    22.8814    29.9819      7.963     1.1430 7.4410e+00  1020.1765    22.8810    20.1662     8.1083    248.380    7.23298  221.56580    112.102 -9.990e-29
   40.42992  -72.82828      2.253      2.236    22.8825    29.9828      7.963     1.1430 7.1003e+00  1020.1775    22.8821    20.1671     8.1082    248.375    7.23316  221.57107    112.097 -9.990e-29
   40.42992  -72.82828      2.273      2.255    22.8846    29.9828      7.963     1.1430 5.7424e+00  1020.1768    22.8842    20.1666     8.1079    248.367    7.23324  221.57345    112.093 -9.990e-29
   40.42992  -72.82828      2.303      2.285    22.8868    29.9828      7.963     1.1430 5.2398e+00  1020.1754    22.8863    20.1655     8.1077    248.361    7.23335  221.57664    112.088 -9.990e-29
   40.42992  -72.82828      2.303      2.285    22.8887    29.9819      7.963     1.1430 5.2585e+00  1020.1741    22.8882    20.1643     8.1074    248.350    7.23332  221.57574    112.084 -9.990e-29
   40.42992  -72.82828      2.312      2.295    22.8903    29.9811      7.963     1.1430 5.6429e+00  1020.1730    22.8899    20.1632     8.1072    248.344    7.23337  221.57711    112.080 -9.990e-29
   40.42992  -72.82828      2.333      2.315    22.8918    29.9807      7.963     1.1430 5.8231e+00  1020.1724    22.8913    20.1624     8.1073    248.348    7.23346  221.58007    112.081 -9.990e-29
   40.42992  -72.82828      2.334      2.316    22.8930    29.9802      7.963     1.1430 5.8434e+00  1020.1720    22.8925    20.1617     8.1071    248.343    7.23354  221.58228    112.077 -9.990e-29
   40.42992  -72.82828      2.333      2.315    22.8942    29.9796      7.963     1.1295 6.8187e+00  1020.1709    22.8938    20.1609     8.1070    248.338    7.23359  221.58389    112.074 -9.990e-29
   40.42992  -72.82828      2.333      2.315    22.8955    29.9790      7.963     1.1295 7.5409e+00  1020.1702    22.8950    20.1601     8.1068    248.332    7.23364  221.58518    112.071 -9.990e-29
   40.42992  -72.82828      2.343      2.325    22.8966    29.9784      7.963     1.1430 7.6419e+00  1020.1694    22.8961    20.1594     8.1023    248.196    7.23363  221.58479    112.009 -9.990e-29
   40.42992  -72.82828      2.374      2.356    22.8975    29.9779      7.963     1.1430 8.2451e+00  1020.1689    22.8970    20.1587     8.1064    248.321    7.23363  221.58459    112.066 -9.990e-29
   40.42992  -72.82828      2.374      2.356    22.8985    29.9775      7.963     1.1295 8.8309e+00  1020.1684    22.8980    20.1581     8.1066    248.325    7.23360  221.58366    112.068 -9.990e-29
   40.42992  -72.82828      2.374      2.356    22.8991    29.9771      7.963     1.1430 8.9465e+00  1020.1678    22.8986    20.1576     8.1022    248.192    7.23358  221.58338    112.008 -9.990e-29
   40.42992  -72.82828      2.374      2.356    22.8998    29.9766      7.963     1.1430 8.7167e+00  1020.1674    22.8993    20.1572     8.1018    248.179    7.23360  221.58383    112.002 -9.990e-29
   40.42992  -72.82828      2.405      2.386    22.9003    29.9763      7.963     1.1430 8.4365e+00  1020.1670    22.8999    20.1567     8.1056    248.297    7.23359  221.58343    112.056 -9.990e-29
   40.42992  -72.82828      2.394      2.375    22.9008    29.9758      7.963     1.1295 8.3814e+00  1020.1667    22.9003    20.1562     8.1056    248.294    7.23356  221.58252    112.055 -9.990e-29
   40.42992  -72.82828      2.424      2.405    22.9012    29.9753      7.963     1.1430 7.9780e+00  1020.1660    22.9008    20.1557     8.1055    248.292    7.23354  221.58192    112.054 -9.990e-29
   40.42992  -72.82828      2.395      2.376    22.9012    29.9748      7.968     1.1430 7.3178e+00  1020.1655    22.9008    20.1553     8.1055    248.291    7.23354  221.58184    112.054 -9.990e-29
 -9.990e-29  -72.82828      2.394      2.375    22.9012    29.9747      7.963     1.1295 7.1481e+00  1020.1654    22.9008    20.1552     8.1054    248.289    7.23347  221.57970    112.054 -9.990e-29
 -9.990e-29  -72.82828      2.424      2.405    22.9012    29.9747      7.963     1.1295 6.5688e+00  1020.1656    22.9007    20.1552     8.1096    248.417    7.23343  221.57841    112.112 -9.990e-29
 -9.990e-29  -72.82828      2.405      2.386    22.9014    29.9746      7.963     1.1295 5.2772e+00  1020.1654    22.9009    20.1552     8.1098    248.425    7.23335  221.57620    112.117 -9.990e-29
 -9.990e-29  -72.82828      2.424      2.405    22.9014    29.9746      7.963     1.1430 4.8774e+00  1020.1658    22.9009    20.1552     8.1058    248.302    7.23324  221.57262    112.063 -9.990e-29
 -9.990e-29  -72.82828      2.405      2.386    22.9013    29.9746      7.968     1.1295 4.5850e+00  1020.1654    22.9008    20.1551     8.1099    248.426    7.23309  221.56767    112.122 -9.990e-29
 -9.990e-29  -72.82828      2.414      2.396    22.9012    29.9746      7.963     1.1430 3.4904e+00  1020.1655    22.9008    20.1551     8.1058    248.302    7.23293  221.56286    112.068 -9.990e-29
 -9.990e-29  -72.82828      2.424      2.405    22.9012    29.9746      7.963     1.1161 3.0958e+00  1020.1656    22.9008    20.1551     8.1057    248.297    7.23273  221.55690    112.069 -9.990e-29
 -9.990e-29  -72.82828      2.384      2.366    22.9016    29.9745      7.963     1.0893 2.9961e+00  1020.1654    22.9011    20.1550     8.1055    248.293    7.23256  221.55179    112.070 -9.990e-29
 -9.990e-29  -72.82828      2.394      2.375    22.9017    29.9740      7.968     1.0893 2.3998e+00  1020.1652    22.9012    20.1546     8.1055    248.291    7.23244  221.54859    112.071 -9.990e-29
 -9.990e-29  -72.82828      2.365      2.346    22.9016    29.9727      7.968     1.1027 2.1328e+00  1020.1642    22.9011    20.1537     8.1055    248.292    7.23239  221.54728    112.072 -9.990e-29
 -9.990e-29  -72.82828      2.363      2.345    22.9011    29.9710      7.963     1.1027 2.0934e+00  1020.1623    22.9006    20.1527     8.1101    248.433    7.23231  221.54476    112.136 -9.990e-29
 -9.990e-29  -72.82828      2.363      2.345    22.8991    29.9699      7.963     1.1027 1.4715e+00  1020.1619    22.8986    20.1523     8.1062    248.313    7.23223  221.54217    112.084 -9.990e-29
 -9.990e-29  -72.82828      2.333      2.315    22.8955    29.9699      7.963     1.1027 1.1459e+00  1020.1629    22.8950    20.1529     8.1104    248.442    7.23211  221.53854    112.144 -9.990e-29
 -9.990e-29  -72.82828      2.312      2.295    22.8925    29.9699      7.968     1.0893 1.1105e+00  1020.1639    22.8920    20.1540     8.1107    248.454    7.23203  221.53636    112.150 -9.990e-29
 -9.990e-29  -72.82828      2.303      2.285    22.8902    29.9704      7.968     1.0893 7.0491e-01  1020.1650    22.8897    20.1551     8.1112    248.467    7.23203  221.53675    112.156 -9.990e-29
