CalculateIndicators/WaterTemperature/Data/CTD_NYOS/20240914_C22.cnv
* Sea-Bird SBE 9 Data File:
* FileName = C:\Seabird 9 CTD\Data\2024\202409_offshore\20240914_C22.hex
* Software Version Seasave V 7.23.2
* Temperature SN = 4590
* Conductivity SN = 3228
* Number of Bytes Per Scan = 44
* Number of Voltage Words = 5
* Number of Scans Averaged by the Deck Unit = 1
* NMEA Latitude = 40 33.38 N
* NMEA Longitude = 072 26.96 W
* NMEA UTC (Time) = Sep 14 2024  02:54:58
* NMEA baud rate = 4800
** Ship: Seawolf
** Station: 10.2
** Operator: TCM
# nquan = 18
# nvalues = 10505                       
# units = specified
# name 0 = latitude: Latitude [deg]
# name 1 = longitude: Longitude [deg]
# name 2 = prDM: Pressure, Digiquartz [db]
# name 3 = depSM: Depth [salt water, m]
# name 4 = t090C: Temperature [ITS-90, deg C]
# name 5 = sal00: Salinity, Practical [PSU]
# name 6 = ph: pH
# name 7 = flECO-AFL: Fluorescence, WET Labs ECO-AFL/FL [mg/m^3]
# name 8 = cpar: CPAR/Corrected Irradiance [%]
# name 9 = density00: Density [density, kg/m^3]
# name 10 = potemp090C: Potential Temperature [ITS-90, deg C]
# name 11 = sigma-é00: Density [sigma-theta, kg/m^3]
# name 12 = sbeox0Mg/L: Oxygen, SBE 43 [mg/l]
# name 13 = sbox0Mm/Kg: Oxygen, SBE 43 [umol/kg]
# name 14 = oxsolMg/L: Oxygen Saturation, Garcia & Gordon [mg/l]
# name 15 = oxsolMm/Kg: Oxygen Saturation, Garcia & Gordon [umol/kg]
# name 16 = sbeox0PS: Oxygen, SBE 43 [% saturation]
# name 17 = flag:  0.000e+00
# span 0 =   40.55640,   40.55654       
# span 1 =  -72.44950,  -72.44932       
# span 2 =      1.416,     41.247       
# span 3 =      1.405,     40.925       
# span 4 =    10.0282,    21.4248       
# span 5 =    31.7326,    32.5518       
# span 6 =      7.880,      8.213       
# span 7 =    -0.0255,     1.4653       
# span 8 = 1.6880e-11, 5.4693e+01       
# span 9 =  1021.9724,  1024.8985       
# span 10 =    10.0236,    21.4243      
# span 11 =    21.9524,    24.7089      
# span 12 =     6.9757,     9.4908      
# span 13 =    212.743,    289.601      
# span 14 =    7.34186,    9.19025      
# span 15 =  224.50372,  280.28874      
# span 16 =     75.960,    115.456      
# span 17 = 0.0000e+00, 0.0000e+00      
# interval = seconds: 0.0416667
# start_time = Sep 14 2024 02:55:00 [System UTC, first data scan.]
# bad_flag = -9.990e-29
*END*
[from data line 9086]
   40.55652  -72.44948      2.468      2.449    21.4089    31.8331      8.199     0.0282 1.6880e-11  1021.9858    21.4084    21.9750     7.1370    218.239    7.34314  224.54265     97.193 -9.990e-29
   40.55652  -72.44948      2.468      2.449    21.4089    31.8330      8.199     0.0148 1.6880e-11  1021.9856    21.4084    21.9750     7.1372    218.247    7.34323  224.54527     97.195 -9.990e-29
   40.55652  -72.44948      2.459      2.440    21.4087    31.8331      8.199     0.0148 1.6880e-11  1021.9858    21.4082    21.9751     7.1379    218.266    7.34328  224.54693     97.203 -9.990e-29
   40.55652  -72.44948      2.449      2.430    21.4087    31.8332      8.199     0.0148 3.5864e-02  1021.9858    21.4083    21.9752     7.1382    218.275    7.34337  224.54958     97.206 -9.990e-29
   40.55652  -72.44948      2.449      2.430    21.4087    31.8333      8.199     0.0148 4.4069e-01  1021.9858    21.4083    21.9753     7.1388    218.293    7.34337  224.54933     97.214 -9.990e-29
   40.55652  -72.44948      2.440      2.421    21.4087    31.8333      8.199     0.0148 6.7569e-01  1021.9859    21.4083    21.9753     7.1394    218.313    7.34339  224.54993     97.222 -9.990e-29
   40.55652  -72.44948      2.438      2.419    21.4089    31.8331      8.199     0.0148 3.6025e-01  1021.9857    21.4084    21.9751     7.1398    218.324    7.34344  224.55154     97.227 -9.990e-29
   40.55652  -72.44948      2.429      2.410    21.4089    31.8328      8.199     0.0148 2.7880e-02  1021.9852    21.4084    21.9749     7.1445    218.467    7.34349  224.55296     97.290 -9.990e-29
   40.55652  -72.44948      2.419      2.400    21.4089    31.8328      8.199     0.0148 1.6880e-11  1021.9852    21.4084    21.9749     7.1408    218.356    7.34350  224.55345     97.240 -9.990e-29
   40.55652  -72.44948      2.408      2.389    21.4087    31.8330      8.199     0.0148 1.6880e-11  1021.9854    21.4083    21.9751     7.1412    218.367    7.34354  224.55444     97.245 -9.990e-29
   40.55652  -72.44948      2.408      2.389    21.4085    31.8333      8.199     0.0148 1.6880e-11  1021.9859    21.4081    21.9753     7.1459    218.511    7.34359  224.55593     97.308 -9.990e-29
   40.55652  -72.44948      2.389      2.370    21.4089    31.8334      8.199     0.0148 1.6880e-11  1021.9857    21.4084    21.9753     7.1466    218.533    7.34360  224.55642     97.318 -9.990e-29
   40.55652  -72.44948      2.387      2.369    21.4090    31.8335      8.199     0.0148 1.6880e-11  1021.9855    21.4086    21.9753     7.1477    218.567    7.34366  224.55796     97.332 -9.990e-29
   40.55652  -72.44948      2.378      2.359    21.4094    31.8336      8.199     0.0148 1.6880e-11  1021.9857    21.4090    21.9754     7.1441    218.457    7.34367  224.55848     97.283 -9.990e-29
   40.55652  -72.44948      2.368      2.350    21.4098    31.8337 -9.990e-29     0.0148 1.6880e-11  1021.9857    21.4093    21.9754     7.1442    218.459    7.34371  224.55957     97.283 -9.990e-29
   40.55652  -72.44948      2.357      2.339    21.4103    31.8337 -9.990e-29     0.0148 1.6880e-11  1021.9854    21.4099    21.9752     7.1442    218.460    7.34373  224.56031     97.283 -9.990e-29
   40.55652  -72.44948      2.338      2.320    21.4107    31.8337 -9.990e-29     0.0148 1.6880e-11  1021.9851    21.4102    21.9750     7.1490    218.605    7.34378  224.56161     97.348 -9.990e-29
   40.55652  -72.44948      2.328      2.310    21.4109    31.8335 -9.990e-29     0.0148 1.6880e-11  1021.9851    21.4104    21.9748     7.1493    218.616    7.34375  224.56076     97.353 -9.990e-29
   40.55652  -72.44948      2.317      2.299    21.4114    31.8333 -9.990e-29     0.0148 1.6880e-11  1021.9845    21.4110    21.9746     7.1497    218.627    7.34374  224.56039     97.358 -9.990e-29
   40.55652  -72.44948      2.297      2.279    21.4114    31.8331 -9.990e-29     0.0148 1.6880e-11  1021.9843    21.4110    21.9744     7.1500    218.636    7.34369  224.55903     97.362 -9.990e-29
   40.55652  -72.44948      2.287      2.269    21.4114    31.8329 -9.990e-29     0.0148 1.6880e-11  1021.9841    21.4110    21.9743     7.1503    218.646    7.34370  224.55932     97.367 -9.990e-29
   40.55652  -72.44948      2.276      2.258    21.4115    31.8329 -9.990e-29     0.0148 1.5988e-02  1021.9839    21.4111    21.9743     7.1506    218.655    7.34368  224.55839     97.371 -9.990e-29
   40.55652  -72.44948      2.257      2.239    21.4114    31.8331 -9.990e-29     0.0148 2.3905e-02  1021.9843    21.4110    21.9743     7.1509    218.665    7.34366  224.55809     97.375 -9.990e-29
   40.55652  -72.44948      2.246      2.228    21.4115    31.8331 -9.990e-29     0.0148 7.6465e-02  1021.9840    21.4111    21.9743     7.1512    218.672    7.34363  224.55687     97.379 -9.990e-29
   40.55652  -72.44948      2.217      2.200    21.4119    31.8329 -9.990e-29     0.0148 4.3556e-01  1021.9836    21.4115    21.9741     7.1470    218.543    7.34345  224.55141     97.324 -9.990e-29
   40.55652  -72.44948      2.206      2.189    21.4121    31.8329 -9.990e-29     0.0148 6.4117e-01  1021.9835    21.4117    21.9741     7.1467    218.536    7.34326  224.54570     97.324 -9.990e-29
   40.55652  -72.44948      2.185      2.169    21.4121    31.8330 -9.990e-29     0.0282 3.4070e-01  1021.9837    21.4117    21.9742     7.1466    218.531    7.34317  224.54294     97.323 -9.990e-29
   40.55652  -72.44948      2.165      2.148    21.4122    31.8331 -9.990e-29     0.0282 2.3905e-02  1021.9835    21.4118    21.9742     7.1465    218.528    7.34313  224.54178     97.322 -9.990e-29
   40.55652  -72.44948      2.155      2.139    21.4122    31.8331 -9.990e-29     0.0282 1.6880e-11  1021.9835    21.4118    21.9742     7.1463    218.523    7.34303  224.53884     97.321 -9.990e-29
   40.55652  -72.44948      2.135      2.118    21.4122    31.8331 -9.990e-29     0.0282 1.6880e-11  1021.9834    21.4118    21.9742     7.1462    218.520    7.34300  224.53802     97.320 -9.990e-29
   40.55652  -72.44948      2.125      2.109    21.4124    31.8331 -9.990e-29     0.0282 1.6880e-11  1021.9834    21.4120    21.9742     7.1504    218.649    7.34299  224.53766     97.378 -9.990e-29
   40.55652  -72.44948      2.106      2.089    21.4122    31.8330 -9.990e-29     0.0282 1.6880e-11  1021.9832    21.4118    21.9740     7.1463    218.524    7.34292  224.53578     97.323 -9.990e-29
   40.55652  -72.44948      2.084      2.068    21.4126    31.8329 -9.990e-29     0.0282 1.6880e-11  1021.9827    21.4122    21.9739     7.1462    218.521    7.34289  224.53483     97.322 -9.990e-29
   40.55652  -72.44948      2.064      2.049    21.4124    31.8329 -9.990e-29     0.0282 1.6880e-11  1021.9829    21.4120    21.9740     7.1458    218.508    7.34291  224.53561     97.315 -9.990e-29
   40.55652  -72.44948      2.053      2.038    21.4124    31.8330 -9.990e-29     0.0282 1.6880e-11  1021.9829    21.4120    21.9741     7.1457    218.506    7.34296  224.53704     97.314 -9.990e-29
   40.55652  -72.44948      2.034      2.019    21.4122    31.8331 -9.990e-29     0.0282 1.6880e-11  1021.9830    21.4119    21.9741     7.1453    218.494    7.34302  224.53862     97.308 -9.990e-29
   40.55652  -72.44948      2.014      1.998    21.4128    31.8332 -9.990e-29     0.0282 1.6880e-11  1021.9826    21.4124    21.9741     7.1452    218.490    7.34300  224.53797     97.306 -9.990e-29
   40.55652  -72.44948      2.003      1.987    21.4130    31.8335 -9.990e-29     0.0282 1.6880e-11  1021.9830    21.4126    21.9742     7.1493    218.616    7.34291  224.53505     97.364 -9.990e-29
   40.55652  -72.44948      1.983      1.968    21.4135    31.8335 -9.990e-29     0.0282 1.6880e-11  1021.9828    21.4131    21.9741     7.1447    218.474    7.34274  224.52981     97.303 -9.990e-29
   40.55652  -72.44948      1.964      1.949    21.4139    31.8333 -9.990e-29     0.0282 1.6880e-11  1021.9822    21.4135    21.9739     7.1441    218.456    7.34264  224.52689     97.296 -9.990e-29
   40.55652  -72.44948      1.953      1.938    21.4144    31.8332 -9.990e-29     0.0282 1.6880e-11  1021.9821    21.4140    21.9737     7.1479    218.572    7.34260  224.52598     97.348 -9.990e-29
   40.55652  -72.44948      1.933      1.918    21.4144    31.8332 -9.990e-29     0.0282 1.6880e-11  1021.9820    21.4140    21.9737     7.1437    218.444    7.34258  224.52539     97.291 -9.990e-29
   40.55652  -72.44948      1.923      1.908    21.4149    31.8334 -9.990e-29     0.0282 1.6880e-11  1021.9818    21.4145    21.9737     7.1431    218.427    7.34255  224.52467     97.284 -9.990e-29
   40.55652  -72.44948      1.891      1.877    21.4147    31.8336 -9.990e-29     0.0282 1.6880e-11  1021.9823    21.4144    21.9738     7.1430    218.422    7.34260  224.52612     97.281 -9.990e-29
   40.55652  -72.44948      1.891      1.877    21.4152    31.8336 -9.990e-29     0.0282 1.6880e-11  1021.9820    21.4149    21.9737     7.1472    218.551    7.34266  224.52809     97.338 -9.990e-29
   40.55652  -72.44948      1.882      1.867    21.4158    31.8334 -9.990e-29     0.0282 1.6880e-11  1021.9816    21.4154    21.9735     7.1473    218.554    7.34265  224.52752     97.339 -9.990e-29
   40.55652  -72.44948      1.861      1.847    21.4160    31.8330 -9.990e-29     0.0282 1.6880e-11  1021.9811    21.4156    21.9732     7.1474    218.557    7.34266  224.52774     97.341 -9.990e-29
   40.55652  -72.44948      1.852      1.837    21.4154    31.8327 -9.990e-29     0.0282 1.6880e-11  1021.9809    21.4151    21.9730     7.1475    218.559    7.34261  224.52587     97.342 -9.990e-29
   40.55652  -72.44948      1.852      1.837    21.4154    31.8324 -9.990e-29     0.0282 1.6880e-11  1021.9808    21.4151    21.9728     7.1474    218.556    7.34242  224.52032     97.344 -9.990e-29
   40.55652  -72.44948      1.823      1.809    21.4149    31.8322 -9.990e-29     0.0282 1.6880e-11  1021.9805    21.4146    21.9728     7.1474    218.557    7.34235  224.51808     97.345 -9.990e-29
   40.55652  -72.44948      1.831      1.817    21.4146    31.8322 -9.990e-29     0.0282 1.6880e-11  1021.9805    21.4142    21.9729     7.1473    218.555    7.34224  224.51503     97.345 -9.990e-29
   40.55652  -72.44948      1.821      1.807    21.4137    31.8324 -9.990e-29     0.0148 1.6880e-11  1021.9812    21.4133    21.9731     7.1473    218.554    7.34215  224.51222     97.346 -9.990e-29
   40.55652  -72.44948      1.821      1.807    21.4137    31.8326 -9.990e-29     0.0282 1.6880e-11  1021.9813    21.4133    21.9734     7.1473    218.554    7.34211  224.51123     97.347 -9.990e-29
   40.55652  -72.44948      1.801      1.787    21.4135    31.8327 -9.990e-29     0.0282 1.6880e-11  1021.9813    21.4132    21.9735     7.1472    218.552    7.34204  224.50902     97.347 -9.990e-29
   40.55652  -72.44948      1.812      1.798    21.4131    31.8326 -9.990e-29     0.0282 1.6880e-11  1021.9814    21.4128    21.9736     7.1515    218.683    7.34199  224.50753     97.406 -9.990e-29
   40.55652  -72.44948      1.812      1.798    21.4128    31.8326 -9.990e-29     0.0282 1.6880e-11  1021.9815    21.4124    21.9736     7.1518    218.691    7.34195  224.50637     97.410 -9.990e-29
   40.55652  -72.44948      1.812      1.798    21.4128    31.8326 -9.990e-29     0.0282 1.6880e-11  1021.9812    21.4124    21.9737     7.1524    218.711    7.34194  224.50615     97.419 -9.990e-29
   40.55652  -72.44948      1.812      1.798    21.4122    31.8329 -9.990e-29     0.0282 1.6880e-11  1021.9820    21.4119    21.9739     7.1527    218.720    7.34196  224.50697     97.423 -9.990e-29
   40.55652  -72.44948      1.801      1.787    21.4119    31.8329 -9.990e-29     0.0282 1.6880e-11  1021.9820    21.4116    21.9741     7.1529    218.727    7.34193  224.50583     97.426 -9.990e-29
   40.55652  -72.44948      1.812      1.798    21.4119    31.8329 -9.990e-29     0.0282 1.6880e-11  1021.9817    21.4116    21.9741     7.1535    218.744    7.34190  224.50491     97.434 -9.990e-29
   40.55652  -72.44948      1.823      1.809    21.4114    31.8329 -9.990e-29     0.0282 1.6880e-11  1021.9822    21.4110    21.9742     7.1540    218.760    7.34187  224.50410     97.441 -9.990e-29
   40.55652  -72.44948      1.821      1.807    21.4114    31.8328 -9.990e-29     0.0282 1.6880e-11  1021.9820    21.4110    21.9742     7.1503    218.646    7.34189  224.50483     97.390 -9.990e-29
   40.55652  -72.44948      1.831      1.817    21.4110    31.8327 -9.990e-29     0.0282 1.6880e-11  1021.9823    21.4107    21.9742     7.1544    218.773    7.34191  224.50547     97.447 -9.990e-29
   40.55652  -72.44948      1.831      1.817    21.4110    31.8327 -9.990e-29     0.0282 1.6880e-11  1021.9819    21.4107    21.9742     7.1546    218.779    7.34193  224.50609     97.449 -9.990e-29
   40.55652  -72.44948      1.852      1.837    21.4105    31.8329 -9.990e-29     0.0282 1.6880e-11  1021.9825    21.4102    21.9744     7.1548    218.783    7.34195  224.50649     97.451 -9.990e-29
   40.55652  -72.44948      1.872      1.858    21.4107    31.8332 -9.990e-29     0.0282 1.6880e-11  1021.9826    21.4103    21.9747     7.1552    218.796    7.34193  224.50600     97.457 -9.990e-29
   40.55652  -72.44948      1.872      1.858    21.4105    31.8334 -9.990e-29     0.0282 1.6880e-11  1021.9832    21.4102    21.9748     7.1557    218.810    7.34193  224.50585     97.463 -9.990e-29
   40.55652  -72.44948      1.891      1.877    21.4110    31.8335 -9.990e-29     0.0282 1.6880e-11  1021.9828    21.4106    21.9748     7.1561    218.822    7.34190  224.50505     97.469 -9.990e-29
   40.55652  -72.44948      1.912      1.897    21.4109    31.8335 -9.990e-29     0.0282 1.6880e-11  1021.9831    21.4105    21.9749     7.1565    218.835    7.34191  224.50521     97.474 -9.990e-29
   40.55652  -72.44948      1.933      1.918    21.4110    31.8336 -9.990e-29     0.0282 1.6880e-11  1021.9833    21.4106    21.9749     7.1568    218.846    7.34188  224.50432     97.480 -9.990e-29
   40.55652  -72.44948      1.953      1.938    21.4112    31.8338 -9.990e-29     0.0282 1.6880e-11  1021.9831    21.4108    21.9750     7.1615    218.989    7.34186  224.50372     97.544 -9.990e-29
   40.55652  -72.44948      1.972      1.957    21.4112    31.8343 -9.990e-29     0.0282 1.6880e-11  1021.9838    21.4108    21.9752     7.1623    219.012    7.34190  224.50490     97.553 -9.990e-29
   40.55652  -72.44948      1.983      1.968    21.4122    31.8349 -9.990e-29     0.0282 1.6880e-11  1021.9843    21.4119    21.9755     7.1629    219.032    7.34186  224.50390     97.563 -9.990e-29
   40.55652  -72.44948      2.014      1.998    21.4135    31.8351 -9.990e-29     0.0282 1.6880e-11  1021.9844    21.4131    21.9754     7.1632    219.041    7.34189  224.50478     97.566 -9.990e-29
   40.55652  -72.44948      2.034      2.019    21.4146    31.8348 -9.990e-29     0.0282 1.6880e-11  1021.9835    21.4142    21.9749     7.1591    218.916    7.34190  224.50487     97.511 -9.990e-29
   40.55652  -72.44948      2.053      2.038    21.4149    31.8345 -9.990e-29     0.0282 1.6880e-11  1021.9833    21.4145    21.9745     7.1633    219.044    7.34191  224.50528     97.568 -9.990e-29
   40.55652  -72.44948      2.064      2.049    21.4156    31.8344 -9.990e-29     0.0282 1.6880e-11  1021.9832    21.4152    21.9743     7.1635    219.049    7.34192  224.50548     97.570 -9.990e-29
   40.55652  -72.44948      2.095      2.079    21.4160    31.8341 -9.990e-29     0.0282 1.6880e-11  1021.9829    21.4156    21.9740     7.1636    219.052    7.34190  224.50487     97.571 -9.990e-29
   40.55652  -72.44948      2.106      2.089    21.4161    31.8339 -9.990e-29     0.0282 1.6880e-11  1021.9828    21.4157    21.9737     7.1637    219.055    7.34190  224.50487     97.572 -9.990e-29
