CalculateIndicators/WaterTemperature/Data/CTD_NYOS/20240427_C16.cnv
* Sea-Bird SBE 9 Data File:
* FileName = C:\Seabird 9 CTD\Data\2024\202404_offshore\20240427_C16.hex
* Software Version Seasave V 7.23.2
* Temperature SN = 4590
* Conductivity SN = 3228
* Number of Bytes Per Scan = 44
* Number of Voltage Words = 5
* Number of Scans Averaged by the Deck Unit = 1
* NMEA Latitude = 39 59.86 N
* NMEA Longitude = 072 32.38 W
* NMEA UTC (Time) = Apr 27 2024  19:47:10
* NMEA baud rate = 4800
** Ship: Seawolf
** Station: 9.4
** Operator: TCM
# nquan = 18
# nvalues = 13206                       
# units = specified
# name 0 = latitude: Latitude [deg]
# name 1 = longitude: Longitude [deg]
# name 2 = prDM: Pressure, Digiquartz [db]
# name 3 = depSM: Depth [salt water, m]
# name 4 = t090C: Temperature [ITS-90, deg C]
# name 5 = sal00: Salinity, Practical [PSU]
# name 6 = ph: pH
# name 7 = flECO-AFL: Fluorescence, WET Labs ECO-AFL/FL [mg/m^3]
# name 8 = cpar: CPAR/Corrected Irradiance [%]
# name 9 = density00: Density [density, kg/m^3]
# name 10 = potemp090C: Potential Temperature [ITS-90, deg C]
# name 11 = sigma-é00: Density [sigma-theta, kg/m^3]
# name 12 = sbeox0Mg/L: Oxygen, SBE 43 [mg/l]
# name 13 = sbox0Mm/Kg: Oxygen, SBE 43 [umol/kg]
# name 14 = oxsolMg/L: Oxygen Saturation, Garcia & Gordon [mg/l]
# name 15 = oxsolMm/Kg: Oxygen Saturation, Garcia & Gordon [umol/kg]
# name 16 = sbeox0PS: Oxygen, SBE 43 [% saturation]
# name 17 = flag:  0.000e+00
# span 0 =   39.99782,   39.99894       
# span 1 =  -72.54004,  -72.53966       
# span 2 =      2.158,     61.573       
# span 3 =      2.141,     61.092       
# span 4 =     6.1452,     8.4352       
# span 5 =    31.7636,    31.9349       
# span 6 =      7.932,      8.056       
# span 7 =     0.0416,     1.7205       
# span 8 = 4.3208e-14, 1.4406e+02       
# span 9 =  1024.7071,  1025.3980       
# span 10 =     6.1406,     8.4349      
# span 11 =    24.6900,    25.1136      
# span 12 =     9.2795,    10.3121      
# span 13 =    282.886,    314.464      
# span 14 =    9.53647,   10.04229      
# span 15 =  290.83553,  306.13866      
# span 16 =     92.413,    106.887      
# span 17 = 0.0000e+00, 0.0000e+00      
# interval = seconds: 0.0416667
# start_time = Apr 27 2024 19:47:11 [System UTC, first data scan.]
# bad_flag = -9.990e-29
*END*
[from data line 10694]
   39.99874  -72.53998     10.678     10.595     7.8727    31.8019 -9.990e-29     1.3982 5.7774e+00  1024.8301     7.8717    24.7814    10.2931    313.885    9.65882  294.54251    106.567 -9.990e-29
   39.99874  -72.53998     10.672     10.590     7.8724    31.8019 -9.990e-29     1.3982 5.8317e+00  1024.8303     7.8714    24.7814    10.2873    313.708    9.65873  294.53973    106.508 -9.990e-29
   39.99874  -72.53998     10.662     10.580     7.8724    31.8020 -9.990e-29     1.3982 5.9198e+00  1024.8302     7.8714    24.7814    10.2859    313.666    9.65863  294.53689    106.495 -9.990e-29
   39.99874  -72.53998     10.651     10.570     7.8724    31.8020 -9.990e-29     1.3982 5.9365e+00  1024.8303     7.8714    24.7814    10.2844    313.621    9.65852  294.53352    106.481 -9.990e-29
   39.99874  -72.53998     10.672     10.590     7.8724    31.8018 -9.990e-29     1.3982 5.9532e+00  1024.8299     7.8714    24.7813    10.2839    313.605    9.65844  294.53099    106.476 -9.990e-29
   39.99874  -72.53998     10.672     10.590     7.8714    31.8016 -9.990e-29     1.3982 6.0093e+00  1024.8302     7.8704    24.7813    10.2823    313.557    9.65828  294.52609    106.461 -9.990e-29
   39.99874  -72.53998     10.662     10.580     7.8704    31.8016 -9.990e-29     1.3982 6.0262e+00  1024.8301     7.8694    24.7814    10.2879    313.728    9.65818  294.52318    106.521 -9.990e-29
   39.99874  -72.53998     10.662     10.580     7.8696    31.8017 -9.990e-29     1.3982 6.0093e+00  1024.8304     7.8686    24.7816    10.2820    313.545    9.65808  294.52018    106.460 -9.990e-29
   39.99874  -72.53998     10.651     10.570     7.8690    31.8020 -9.990e-29     1.3982 6.0093e+00  1024.8306     7.8680    24.7820    10.2813    313.525    9.65796  294.51654    106.454 -9.990e-29
   39.99874  -72.53998     10.651     10.570     7.8680    31.8024 -9.990e-29     1.4116 5.9924e+00  1024.8313     7.8670    24.7824    10.2808    313.510    9.65797  294.51709    106.449 -9.990e-29
   39.99874  -72.53998     10.662     10.580     7.8678    31.8026 -9.990e-29     1.4116 5.9979e+00  1024.8314     7.8668    24.7826    10.2803    313.495    9.65802  294.51844    106.443 -9.990e-29
   39.99874  -72.53998     10.662     10.580     7.8672    31.8028 -9.990e-29     1.4116 5.9308e+00  1024.8317     7.8662    24.7828    10.2798    313.479    9.65802  294.51848    106.438 -9.990e-29
   39.99874  -72.53998     10.651     10.570     7.8672    31.8030 -9.990e-29     1.4116 5.9142e+00  1024.8316     7.8662    24.7830    10.2792    313.462    9.65799  294.51761    106.432 -9.990e-29
   39.99874  -72.53998     10.647     10.565     7.8667    31.8033 -9.990e-29     1.4116 5.8976e+00  1024.8322     7.8657    24.7832    10.2787    313.445    9.65796  294.51686    106.427 -9.990e-29
   39.99874  -72.53998     10.651     10.570     7.8669    31.8033 -9.990e-29     1.4116 5.8370e+00  1024.8321     7.8659    24.7833    10.2782    313.430    9.65798  294.51742    106.421 -9.990e-29
   39.99874  -72.53998     10.651     10.570     7.8664    31.8033 -9.990e-29     1.4116 5.8096e+00  1024.8320     7.8654    24.7833    10.2776    313.412    9.65794  294.51604    106.416 -9.990e-29
   39.99874  -72.53998     10.662     10.580     7.8659    31.8033 -9.990e-29     1.4116 5.8096e+00  1024.8323     7.8649    24.7834    10.2770    313.395    9.65791  294.51529    106.410 -9.990e-29
   39.99874  -72.53998     10.651     10.570     7.8660    31.8035 -9.990e-29     1.4116 5.6856e+00  1024.8322     7.8650    24.7836    10.2766    313.382    9.65798  294.51753    106.405 -9.990e-29
   39.99874  -72.53998     10.651     10.570     7.8657    31.8038 -9.990e-29     1.4116 5.5800e+00  1024.8326     7.8647    24.7838    10.2761    313.367    9.65802  294.51854    106.400 -9.990e-29
   39.99874  -72.53998     10.642     10.560     7.8651    31.8040 -9.990e-29     1.4116 5.5695e+00  1024.8329     7.8641    24.7840    10.2756    313.351    9.65802  294.51852    106.394 -9.990e-29
   39.99874  -72.53998     10.662     10.580     7.8657    31.8041 -9.990e-29     1.4116 5.4711e+00  1024.8328     7.8647    24.7841    10.2750    313.334    9.65799  294.51760    106.389 -9.990e-29
   39.99874  -72.53998     10.651     10.570     7.8660    31.8042 -9.990e-29     1.4116 5.3594e+00  1024.8327     7.8650    24.7841    10.2744    313.316    9.65794  294.51606    106.383 -9.990e-29
   39.99874  -72.53998     10.651     10.570     7.8664    31.8042 -9.990e-29     1.4116 5.3394e+00  1024.8329     7.8654    24.7841    10.2749    313.329    9.65796  294.51665    106.387 -9.990e-29
   39.99874  -72.53998     10.651     10.570     7.8673    31.8041 -9.990e-29     1.4116 5.3045e+00  1024.8328     7.8663    24.7838    10.2752    313.340    9.65793  294.51581    106.392 -9.990e-29
   39.99874  -72.53998     10.642     10.560     7.8683    31.8037 -9.990e-29     1.4116 5.2599e+00  1024.8321     7.8673    24.7834    10.2757    313.354    9.65791  294.51523    106.396 -9.990e-29
   39.99874  -72.53998     10.647     10.565     7.8691    31.8031 -9.990e-29     1.4116 5.2549e+00  1024.8314     7.8681    24.7829    10.2700    313.179    9.65787  294.51392    106.338 -9.990e-29
   39.99874  -72.53998     10.651     10.570     7.8695    31.8029 -9.990e-29     1.4116 5.2796e+00  1024.8310     7.8685    24.7827    10.2758    313.357    9.65785  294.51325    106.398 -9.990e-29
   39.99874  -72.53998     10.651     10.570     7.8687    31.8032 -9.990e-29     1.4116 5.2994e+00  1024.8316     7.8677    24.7829    10.2754    313.347    9.65781  294.51236    106.395 -9.990e-29
   39.99874  -72.53998     10.651     10.570     7.8680    31.8037 -9.990e-29     1.4116 5.3094e+00  1024.8322     7.8670    24.7834    10.2750    313.334    9.65770  294.50874    106.392 -9.990e-29
   39.99874  -72.54000     10.632     10.550     7.8673    31.8042 -9.990e-29     1.4116 5.3243e+00  1024.8327     7.8663    24.7839    10.2755    313.350    9.65763  294.50662    106.398 -9.990e-29
   39.99874  -72.54000     10.642     10.560     7.8672    31.8045 -9.990e-29     1.4116 5.3947e+00  1024.8330     7.8662    24.7842    10.2699    313.179    9.65757  294.50508    106.341 -9.990e-29
   39.99874  -72.54000     10.642     10.560     7.8670    31.8047 -9.990e-29     1.4116 5.4302e+00  1024.8330     7.8660    24.7843    10.2750    313.333    9.65752  294.50343    106.394 -9.990e-29
   39.99874  -72.54000     10.632     10.550     7.8670    31.8047 -9.990e-29     1.4116 5.4353e+00  1024.8333     7.8660    24.7843    10.2748    313.327    9.65750  294.50269    106.392 -9.990e-29
   39.99874  -72.54000     10.642     10.560     7.8673    31.8044 -9.990e-29     1.3982 5.5071e+00  1024.8329     7.8663    24.7841    10.2684    313.132    9.65746  294.50171    106.326 -9.990e-29
   39.99874  -72.54000     10.632     10.550     7.8675    31.8040 -9.990e-29     1.3982 5.5486e+00  1024.8322     7.8665    24.7837    10.2683    313.127    9.65745  294.50130    106.325 -9.990e-29
   39.99874  -72.54000     10.621     10.540     7.8675    31.8039 -9.990e-29     1.3982 5.5486e+00  1024.8322     7.8665    24.7836    10.2743    313.312    9.65738  294.49921    106.388 -9.990e-29
   39.99874  -72.54000     10.621     10.540     7.8675    31.8040 -9.990e-29     1.3982 5.5852e+00  1024.8324     7.8665    24.7838    10.2742    313.310    9.65737  294.49888    106.388 -9.990e-29
   39.99874  -72.54000     10.612     10.530     7.8675    31.8042 -9.990e-29     1.3982 5.6009e+00  1024.8326     7.8665    24.7839    10.2680    313.121    9.65737  294.49902    106.323 -9.990e-29
   39.99874  -72.54000     10.617     10.535     7.8677    31.8042 -9.990e-29     1.3982 5.6114e+00  1024.8325     7.8667    24.7839    10.2671    313.092    9.65731  294.49706    106.314 -9.990e-29
   39.99874  -72.54000     10.602     10.520     7.8679    31.8042 -9.990e-29     1.3982 5.5905e+00  1024.8322     7.8669    24.7839    10.2725    313.258    9.65736  294.49880    106.370 -9.990e-29
   39.99874  -72.54000     10.602     10.520     7.8672    31.8044 -9.990e-29     1.3982 5.5905e+00  1024.8328     7.8662    24.7840    10.2663    313.069    9.65733  294.49777    106.306 -9.990e-29
   39.99874  -72.54000     10.581     10.500     7.8675    31.8045 -9.990e-29     1.3982 5.5905e+00  1024.8325     7.8665    24.7841    10.2656    313.047    9.65739  294.49960    106.298 -9.990e-29
   39.99874  -72.54000     10.591     10.510     7.8673    31.8045 -9.990e-29     1.3982 5.5800e+00  1024.8326     7.8664    24.7841    10.2709    313.210    9.65733  294.49778    106.354 -9.990e-29
   39.99874  -72.54000     10.572     10.490     7.8672    31.8045 -9.990e-29     1.3982 5.5643e+00  1024.8325     7.8662    24.7841    10.2658    313.054    9.65736  294.49880    106.301 -9.990e-29
   39.99874  -72.54000     10.572     10.490     7.8675    31.8045 -9.990e-29     1.3982 5.5643e+00  1024.8326     7.8665    24.7841    10.2661    313.062    9.65739  294.49974    106.303 -9.990e-29
   39.99874  -72.54000     10.551     10.470     7.8680    31.8045 -9.990e-29     1.3982 5.5643e+00  1024.8322     7.8670    24.7840    10.2655    313.042    9.65737  294.49909    106.297 -9.990e-29
   39.99874  -72.54000     10.540     10.459     7.8683    31.8045 -9.990e-29     1.3982 5.5435e+00  1024.8323     7.8673    24.7840    10.2648    313.023    9.65731  294.49722    106.290 -9.990e-29
   39.99874  -72.54000     10.540     10.459     7.8687    31.8045 -9.990e-29     1.3982 5.5435e+00  1024.8321     7.8677    24.7839    10.2643    313.009    9.65738  294.49939    106.285 -9.990e-29
   39.99874  -72.54000     10.521     10.440     7.8693    31.8045 -9.990e-29     1.3982 5.5591e+00  1024.8321     7.8683    24.7838    10.2648    313.022    9.65739  294.49982    106.289 -9.990e-29
   39.99874  -72.54000     10.510     10.429     7.8698    31.8044 -9.990e-29     1.3982 5.6062e+00  1024.8318     7.8688    24.7837    10.2652    313.036    9.65738  294.49940    106.294 -9.990e-29
   39.99874  -72.54000     10.510     10.429     7.8703    31.8043 -9.990e-29     1.3982 5.6168e+00  1024.8315     7.8693    24.7835    10.2650    313.028    9.65746  294.50188    106.291 -9.990e-29
   39.99874  -72.54000     10.480     10.399     7.8708    31.8043 -9.990e-29     1.3982 5.6432e+00  1024.8314     7.8698    24.7835    10.2647    313.019    9.65748  294.50227    106.287 -9.990e-29
   39.99874  -72.54000     10.480     10.399     7.8711    31.8043 -9.990e-29     1.3982 5.7608e+00  1024.8315     7.8701    24.7834    10.2645    313.013    9.65755  294.50432    106.285 -9.990e-29
   39.99874  -72.54000     10.449     10.369     7.8719    31.8041 -9.990e-29     1.3982 5.8150e+00  1024.8311     7.8709    24.7832    10.2705    313.195    9.65761  294.50600    106.346 -9.990e-29
   39.99874  -72.54000     10.475     10.395     7.8726    31.8039 -9.990e-29     1.3982 5.8314e+00  1024.8306     7.8716    24.7829    10.2711    313.216    9.65764  294.50714    106.352 -9.990e-29
   39.99874  -72.54000     10.429     10.349     7.8729    31.8038 -9.990e-29     1.3982 5.8974e+00  1024.8307     7.8719    24.7828    10.2729    313.268    9.65779  294.51159    106.369 -9.990e-29
   39.99874  -72.54000     10.429     10.349     7.8735    31.8036 -9.990e-29     1.3982 5.9474e+00  1024.8303     7.8726    24.7826    10.2736    313.290    9.65785  294.51354    106.376 -9.990e-29
   39.99874  -72.54000     10.409     10.329     7.8735    31.8033 -9.990e-29     1.3982 5.9419e+00  1024.8300     7.8726    24.7824    10.2743    313.311    9.65785  294.51329    106.383 -9.990e-29
   39.99874  -72.54000     10.398     10.319     7.8734    31.8031 -9.990e-29     1.3982 6.0260e+00  1024.8298     7.8724    24.7822    10.2687    313.141    9.65780  294.51185    106.325 -9.990e-29
   39.99874  -72.54000     10.389     10.309     7.8735    31.8029 -9.990e-29     1.3982 6.0828e+00  1024.8294     7.8726    24.7821    10.2685    313.134    9.65776  294.51055    106.324 -9.990e-29
   39.99874  -72.54000     10.368     10.289     7.8735    31.8029 -9.990e-29     1.3982 6.1056e+00  1024.8296     7.8726    24.7821    10.2683    313.129    9.65773  294.50956    106.322 -9.990e-29
   39.99874  -72.54000     10.348     10.268     7.8737    31.8029 -9.990e-29     1.3982 6.1113e+00  1024.8293     7.8727    24.7820    10.2682    313.126    9.65771  294.50893    106.321 -9.990e-29
   39.99874  -72.54000     10.348     10.268     7.8737    31.8027 -9.990e-29     1.3982 6.1170e+00  1024.8291     7.8727    24.7819    10.2742    313.309    9.65765  294.50718    106.384 -9.990e-29
   39.99874  -72.54000     10.328     10.249     7.8739    31.8027 -9.990e-29     1.3982 6.1227e+00  1024.8292     7.8729    24.7818    10.2751    313.336    9.65769  294.50842    106.393 -9.990e-29
   39.99874  -72.54000     10.317     10.238     7.8740    31.8026 -9.990e-29     1.3982 6.0713e+00  1024.8289     7.8731    24.7817    10.2759    313.362    9.65772  294.50931    106.401 -9.990e-29
   39.99874  -72.54000     10.308     10.228     7.8737    31.8026 -9.990e-29     1.3982 6.0429e+00  1024.8289     7.8728    24.7817    10.2767    313.386    9.65771  294.50917    106.410 -9.990e-29
   39.99874  -72.54000     10.297     10.218     7.8735    31.8027 -9.990e-29     1.3982 6.0259e+00  1024.8290     7.8726    24.7818    10.2776    313.413    9.65777  294.51098    106.418 -9.990e-29
   39.99874  -72.54000     10.277     10.198     7.8735    31.8029 -9.990e-29     1.3982 5.9697e+00  1024.8289     7.8726    24.7820    10.2785    313.439    9.65781  294.51235    106.426 -9.990e-29
   39.99874  -72.54000     10.257     10.178     7.8734    31.8032 -9.990e-29     1.3982 5.8973e+00  1024.8295     7.8724    24.7822    10.2794    313.467    9.65789  294.51461    106.435 -9.990e-29
   39.99874  -72.54000     10.257     10.178     7.8737    31.8033 -9.990e-29     1.3982 5.8973e+00  1024.8292     7.8728    24.7823    10.2802    313.491    9.65788  294.51432    106.443 -9.990e-29
   39.99874  -72.54000     10.247     10.168     7.8735    31.8033 -9.990e-29     1.3982 5.8918e+00  1024.8294     7.8726    24.7823    10.2811    313.521    9.65802  294.51861    106.452 -9.990e-29
   39.99874  -72.54000     10.236     10.158     7.8739    31.8032 -9.990e-29     1.3982 5.8204e+00  1024.8288     7.8729    24.7822    10.2758    313.357    9.65801  294.51832    106.396 -9.990e-29
   39.99874  -72.54000     10.227     10.148     7.8739    31.8032 -9.990e-29     1.3982 5.8041e+00  1024.8290     7.8729    24.7822    10.2820    313.546    9.65805  294.51970    106.460 -9.990e-29
   39.99874  -72.54000     10.217     10.138     7.8740    31.8032 -9.990e-29     1.3982 5.7715e+00  1024.8290     7.8731    24.7822    10.2768    313.387    9.65816  294.52284    106.405 -9.990e-29
   39.99874  -72.54000     10.206     10.128     7.8742    31.8031 -9.990e-29     1.3982 5.7123e+00  1024.8288     7.8732    24.7821    10.2758    313.358    9.65811  294.52125    106.396 -9.990e-29
   39.99874  -72.54000     10.196     10.118     7.8744    31.8030 -9.990e-29     1.3982 5.6856e+00  1024.8286     7.8734    24.7820    10.2758    313.357    9.65807  294.52017    106.396 -9.990e-29
   39.99874  -72.54000     10.196     10.118     7.8748    31.8030 -9.990e-29     1.3982 5.6910e+00  1024.8287     7.8739    24.7820    10.2758    313.357    9.65803  294.51862    106.396 -9.990e-29
   39.99874  -72.54000     10.185     10.107     7.8752    31.8030 -9.990e-29     1.3982 5.7070e+00  1024.8286     7.8742    24.7819    10.2758    313.357    9.65798  294.51718    106.397 -9.990e-29
   39.99874  -72.54000     10.176     10.098     7.8755    31.8030 -9.990e-29     1.3982 5.7070e+00  1024.8283     7.8745    24.7818    10.2760    313.364    9.65804  294.51921    106.398 -9.990e-29
