CalculateIndicators/WaterTemperature/Data/CTD_NYOS/20240709_C08.cnv
* Sea-Bird SBE 9 Data File:
* FileName = C:\Seabird 9 CTD\Data\2024\202407_offshore\20240709_C08.hex
* Software Version Seasave V 7.23.2
* Temperature SN = 4590
* Conductivity SN = 3228
* Number of Bytes Per Scan = 44
* Number of Voltage Words = 5
* Number of Scans Averaged by the Deck Unit = 1
* NMEA Latitude = 39 35.99 N
* NMEA Longitude = 072 44.64 W
* NMEA UTC (Time) = Jul 09 2024  05:10:04
* NMEA baud rate = 4800
** Ship: seawolf
** Station: 8.5
** Operator: TDK
# nquan = 18
# nvalues = 16432                       
# units = specified
# name 0 = latitude: Latitude [deg]
# name 1 = longitude: Longitude [deg]
# name 2 = prDM: Pressure, Digiquartz [db]
# name 3 = depSM: Depth [salt water, m]
# name 4 = t090C: Temperature [ITS-90, deg C]
# name 5 = sal00: Salinity, Practical [PSU]
# name 6 = ph: pH
# name 7 = flECO-AFL: Fluorescence, WET Labs ECO-AFL/FL [mg/m^3]
# name 8 = cpar: CPAR/Corrected Irradiance [%]
# name 9 = density00: Density [density, kg/m^3]
# name 10 = potemp090C: Potential Temperature [ITS-90, deg C]
# name 11 = sigma-é00: Density [sigma-theta, kg/m^3]
# name 12 = sbeox0Mg/L: Oxygen, SBE 43 [mg/l]
# name 13 = sbox0Mm/Kg: Oxygen, SBE 43 [umol/kg]
# name 14 = oxsolMg/L: Oxygen Saturation, Garcia & Gordon [mg/l]
# name 15 = oxsolMm/Kg: Oxygen Saturation, Garcia & Gordon [umol/kg]
# name 16 = sbeox0PS: Oxygen, SBE 43 [% saturation]
# name 17 = flag:  0.000e+00
# span 0 =   39.59978,   39.60004       
# span 1 =  -72.74402,  -72.74312       
# span 2 =      1.484,     66.171       
# span 3 =      1.472,     65.656       
# span 4 =     6.5101,    23.9642       
# span 5 =    29.8943,    33.6933       
# span 6 =      7.874,      8.244       
# span 7 =     0.0013,     1.3444       
# span 8 = 1.6880e-11, 9.9999e+04       
# span 9 =  1019.8515,  1026.1907       
# span 10 =     6.5064,    23.9639      
# span 11 =    19.8398,    25.8882      
# span 12 =     7.5908,    11.0285      
# span 13 =    232.597,    336.300      
# span 14 =    7.09437,    9.94781      
# span 15 =  217.38691,  303.24002      
# span 16 =     86.718,    124.349      
# span 17 = 0.0000e+00, 0.0000e+00      
# interval = seconds: 0.0416667
# start_time = Jul 09 2024 05:10:05 [System UTC, first data scan.]
# bad_flag = -9.990e-29
*END*
[from data line 12865]
   39.59978  -72.74318      9.774      9.700    21.9589    30.4769      8.090     1.1027 1.6880e-11  1020.8386    21.9570    20.7970     7.7586    237.521    7.32901  224.37044    105.861 -9.990e-29
   39.59978  -72.74318      9.765      9.690    21.9580    30.4780      8.095     1.1161 1.6880e-11  1020.8400    21.9561    20.7980     7.7543    237.391    7.32895  224.36849    105.804 -9.990e-29
   39.59978  -72.74318      9.755      9.681    21.9560    30.4791      8.090     1.1161 1.6880e-11  1020.8419    21.9542    20.7992     7.7587    237.525    7.32885  224.36559    105.865 0.0000e+00
   39.59978  -72.74318      9.744      9.670    21.9553    30.4791      8.090     1.1161 1.6880e-11  1020.8423    21.9535    20.7998     7.7591    237.538    7.32876  224.36321    105.872 0.0000e+00
   39.59978  -72.74318      9.735      9.660    21.9557    30.4791      8.090     1.1161 1.6880e-11  1020.8416    21.9538    20.7996     7.7553    237.421    7.32871  224.36164    105.821 0.0000e+00
   39.59978  -72.74318      9.724      9.649    21.9564    30.4790      8.095     1.1161 1.6880e-11  1020.8409    21.9545    20.7991     7.7601    237.567    7.32860  224.35850    105.887 0.0000e+00
   39.59978  -72.74318      9.704      9.630    21.9571    30.4787      8.090     1.1161 1.6880e-11  1020.8409    21.9552    20.7988     7.7606    237.583    7.32853  224.35661    105.895 0.0000e+00
   39.59978  -72.74318      9.693      9.619    21.9570    30.4780      8.090     1.1161 1.6880e-11  1020.8405    21.9551    20.7982     7.7611    237.601    7.32850  224.35565    105.904 0.0000e+00
   39.59978  -72.74318      9.674      9.600    21.9578    30.4764      8.095     1.1027 1.6880e-11  1020.8388    21.9559    20.7966     7.7621    237.630    7.32849  224.35566    105.917 0.0000e+00
   39.59978  -72.74318      9.663      9.589    21.9603    30.4743      8.095     1.1161 1.6880e-11  1020.8361    21.9585    20.7944     7.7631    237.661    7.32848  224.35581    105.931 -9.990e-29
   39.59978  -72.74318      9.669      9.595    21.9630    30.4725      8.090     1.1161 1.6880e-11  1020.8336    21.9611    20.7924     7.7638    237.684    7.32853  224.35787    105.940 -9.990e-29
   39.59978  -72.74318      9.642      9.569    21.9656    30.4725      8.090     1.1161 1.6880e-11  1020.8322    21.9638    20.7914     7.7687    237.833    7.32838  224.35405    106.008 0.0000e+00
   39.59978  -72.74318      9.612      9.539    21.9670    30.4725      8.095     1.1161 1.6880e-11  1020.8327    21.9651    20.7914     7.7693    237.854    7.32802  224.34427    106.022 0.0000e+00
   39.59978  -72.74318      9.603      9.529    21.9663    30.4730      8.090     1.1161 1.6880e-11  1020.8337    21.9645    20.7919     7.7702    237.882    7.32784  224.34037    106.036 0.0000e+00
   39.59978  -72.74318      9.582      9.509    21.9665    30.4733      8.095     1.1161 1.6880e-11  1020.8333    21.9647    20.7921     7.7710    237.908    7.32765  224.33610    106.050 0.0000e+00
   39.59978  -72.74318      9.572      9.499    21.9662    30.4736      8.090     1.1161 1.6880e-11  1020.8333    21.9643    20.7925     7.7713    237.919    7.32727  224.32611    106.059 0.0000e+00
   39.59978  -72.74318      9.552      9.479    21.9650    30.4750      8.090     1.1161 1.6880e-11  1020.8339    21.9632    20.7938     7.7713    237.923    7.32672  224.31039    106.068 0.0000e+00
   39.59978  -72.74318      9.542      9.469    21.9633    30.4784      8.095     1.1161 1.6880e-11  1020.8372    21.9615    20.7969     7.7716    237.932    7.32636  224.30006    106.077 0.0000e+00
   39.59978  -72.74318      9.521      9.449    21.9599    30.4832      8.095     1.1161 1.6880e-11  1020.8427    21.9581    20.8015     7.7677    237.813    7.32613  224.29419    106.027 0.0000e+00
   39.59978  -72.74318      9.512      9.439    21.9550    30.4877      8.095     1.1161 1.6880e-11  1020.8478    21.9532    20.8060     7.7720    237.945    7.32581  224.28558    106.090 0.0000e+00
   39.59978  -72.74318      9.480      9.408    21.9504    30.4907      8.095     1.1161 1.6880e-11  1020.8511    21.9485    20.8095     7.7721    237.948    7.32532  224.27108    106.099 0.0000e+00
   39.59978  -72.74318      9.461      9.389    21.9470    30.4925      8.095     1.1161 1.6880e-11  1020.8529    21.9452    20.8118     7.7679    237.820    7.32484  224.25628    106.048 -9.990e-29
   39.59978  -72.74318      9.461      9.389    21.9445    30.4938      8.095     1.1161 1.6880e-11  1020.8545    21.9427    20.8134     7.7721    237.950    7.32454  224.24699    106.111 -9.990e-29
   39.59978  -72.74318      9.431      9.359    21.9440    30.4951      8.095     1.1027 1.6880e-11  1020.8553    21.9422    20.8147     7.7725    237.960    7.32433  224.24002    106.119 0.0000e+00
   39.59978  -72.74318      9.420      9.348    21.9431    30.4965      8.095     1.1161 1.6880e-11  1020.8569    21.9413    20.8160     7.7727    237.967    7.32436  224.23993    106.122 0.0000e+00
   39.59978  -72.74318      9.410      9.338    21.9428    30.4977      8.095     1.1295 1.6880e-11  1020.8578    21.9409    20.8171     7.7731    237.977    7.32453  224.24386    106.124 0.0000e+00
   39.59978  -72.74318      9.380      9.308    21.9415    30.4985      8.095     1.1564 1.6880e-11  1020.8586    21.9397    20.8180     7.7780    238.125    7.32489  224.25408    106.185 0.0000e+00
   39.59978  -72.74318      9.369      9.297    21.9395    30.4985      8.090     1.1564 1.6880e-11  1020.8592    21.9377    20.8187     7.7745    238.020    7.32530  224.26599    106.133 0.0000e+00
   39.59978  -72.74318      9.359      9.288    21.9385    30.4985      8.095     1.1564 1.6880e-11  1020.8596    21.9367    20.8189     7.7794    238.166    7.32569  224.27720    106.193 0.0000e+00
   39.59978  -72.74318      9.329      9.258    21.9374    30.4980      8.095     1.1564 1.6880e-11  1020.8591    21.9356    20.8186     7.7800    238.185    7.32593  224.28404    106.198 0.0000e+00
   39.59978  -72.74318      9.319      9.248    21.9374    30.4968      8.095     1.1564 1.6880e-11  1020.8584    21.9356    20.8176     7.7763    238.072    7.32618  224.29122    106.144 0.0000e+00
   39.59978  -72.74318      9.299      9.228    21.9385    30.4947      8.095     1.1564 1.6880e-11  1020.8565    21.9367    20.8157     7.7766    238.081    7.32647  224.30040    106.144 0.0000e+00
   39.59978  -72.74318      9.278      9.207    21.9410    30.4917      8.095     1.1564 1.6880e-11  1020.8530    21.9392    20.8130     7.7774    238.109    7.32728  224.32755    106.143 0.0000e+00
   39.59978  -72.74318      9.248      9.177    21.9436    30.4886      8.095     1.1564 1.6880e-11  1020.8498    21.9419    20.8100     7.7826    238.273    7.32820  224.36017    106.201 0.0000e+00
   39.59978  -72.74318      9.238      9.168    21.9461    30.4859      8.095     1.1564 1.6880e-11  1020.8468    21.9443    20.8073     7.7826    238.277    7.32798  224.35665    106.204 0.0000e+00
   39.59978  -72.74318      9.218      9.147    21.9481    30.4838      8.095     1.1564 1.6880e-11  1020.8445    21.9463    20.8051     7.7817    238.252    7.32696  224.32739    106.207 0.0000e+00
   39.59978  -72.74318      9.187      9.117    21.9493    30.4824      8.095     1.1564 1.6880e-11  1020.8431    21.9475    20.8037     7.7853    238.363    7.32613  224.30366    106.268 0.0000e+00
   39.59978  -72.74318      9.176      9.106    21.9502    30.4813      8.095     1.1564 1.6880e-11  1020.8423    21.9484    20.8026     7.7804    238.214    7.32547  224.28539    106.210 0.0000e+00
   39.59978  -72.74318      9.157      9.087    21.9518    30.4803      8.095     1.1564 1.6880e-11  1020.8409    21.9500    20.8014     7.7797    238.193    7.32475  224.26450    106.211 0.0000e+00
   39.59978  -72.74318      9.146      9.076    21.9529    30.4791 -9.990e-29     1.1564 1.6880e-11  1020.8396    21.9511    20.8001     7.7743    238.030    7.32407  224.24501    106.147 0.0000e+00
   39.59978  -72.74318      9.127      9.057    21.9543    30.4777      8.095     1.1564 1.6880e-11  1020.8383    21.9525    20.7986     7.7776    238.133    7.32351  224.22925    106.201 0.0000e+00
   39.59978  -72.74318      9.106      9.037    21.9566    30.4760      8.095     1.1564 1.6880e-11  1020.8361    21.9548    20.7968     7.7771    238.120    7.32315  224.21964    106.199 0.0000e+00
   39.59978  -72.74318      9.086      9.016    21.9589    30.4742      8.095     1.1564 1.6880e-11  1020.8338    21.9572    20.7948     7.7767    238.108    7.32288  224.21247    106.198 0.0000e+00
   39.59978  -72.74318      9.055      8.986    21.9608    30.4727      8.095     1.1564 1.6880e-11  1020.8321    21.9590    20.7932     7.7763    238.095    7.32259  224.20486    106.195 0.0000e+00
   39.59978  -72.74318      9.046      8.977    21.9624    30.4715      8.095     1.1564 1.6880e-11  1020.8308    21.9607    20.7918     7.7757    238.080    7.32231  224.19710    106.192 0.0000e+00
   39.59978  -72.74318      9.025      8.956    21.9635    30.4706      8.095     1.1564 2.5320e-11  1020.8295    21.9618    20.7909     7.7751    238.063    7.32200  224.18839    106.189 0.0000e+00
   39.59978  -72.74318      8.995      8.926    21.9638    30.4699      8.095     1.1564 1.6880e-11  1020.8292    21.9621    20.7902     7.7702    237.912    7.32167  224.17893    106.126 0.0000e+00
   39.59978  -72.74318      8.984      8.915    21.9645    30.4693      8.095     1.1564 1.6880e-11  1020.8283    21.9628    20.7896     7.7736    238.017    7.32147  224.17322    106.176 0.0000e+00
   39.59978  -72.74318      8.965      8.896    21.9648    30.4687      8.095     1.1564 2.5320e-11  1020.8277    21.9630    20.7890     7.7732    238.004    7.32139  224.17083    106.171 0.0000e+00
   39.59978  -72.74318      8.933      8.865    21.9654    30.4682      8.095     1.1295 1.6880e-11  1020.8270    21.9637    20.7884     7.7687    237.867    7.32128  224.16767    106.111 -9.990e-29
   39.59978  -72.74318      8.933      8.865    21.9663    30.4676      8.095     1.1027 1.6880e-11  1020.8265    21.9646    20.7877     7.7720    237.969    7.32109  224.16176    106.159 -9.990e-29
   39.59978  -72.74318      8.893      8.825    21.9673    30.4668      8.095     1.0758 2.5320e-11  1020.8252    21.9656    20.7869     7.7717    237.960    7.32095  224.15746    106.158 0.0000e+00
   39.59978  -72.74318      8.884      8.816    21.9679    30.4661      8.095     1.0893 1.6880e-11  1020.8245    21.9662    20.7861     7.7720    237.970    7.32130  224.17004    106.156 0.0000e+00
   39.59978  -72.74318      8.873      8.805    21.9690    30.4655      8.095     1.0893 1.6880e-11  1020.8236    21.9673    20.7854     7.7760    238.094    7.32151  224.17845    106.207 0.0000e+00
   39.59978  -72.74318      8.842      8.775    21.9696    30.4649      8.095     1.0893 1.6880e-11  1020.8231    21.9679    20.7848     7.7716    237.960    7.32128  224.17297    106.150 0.0000e+00
   39.59978  -72.74318      8.833      8.765    21.9701    30.4642      8.095     1.0893 1.6880e-11  1020.8224    21.9684    20.7841     7.7709    237.942    7.32095  224.16365    106.147 0.0000e+00
   39.59978  -72.74318      8.802      8.735    21.9704    30.4630      8.095     1.0893 1.6880e-11  1020.8215    21.9687    20.7831     7.7703    237.921    7.32055  224.15160    106.143 0.0000e+00
   39.59978  -72.74318      8.791      8.724    21.9711    30.4609      8.095     1.0893 1.6880e-11  1020.8197    21.9694    20.7813     7.7696    237.900    7.32021  224.14118    106.139 0.0000e+00
   39.59978  -72.74318      8.761      8.694    21.9718    30.4577      8.095     1.0893 1.6880e-11  1020.8171    21.9701    20.7785     7.7691    237.886    7.32005  224.13669    106.134 0.0000e+00
   39.59978  -72.74318      8.752      8.685    21.9745    30.4533      8.095     1.0893 1.6880e-11  1020.8126    21.9728    20.7745     7.7731    238.009    7.32012  224.13927    106.188 0.0000e+00
   39.59978  -72.74318      8.731      8.664    21.9788    30.4476      8.095     1.0893 1.6880e-11  1020.8078    21.9771    20.7692     7.7691    237.890    7.32020  224.14297    106.133 0.0000e+00
   39.59978  -72.74318      8.710      8.644    21.9827    30.4404      8.095     1.0893 1.6880e-11  1020.8006    21.9810    20.7626     7.7733    238.018    7.32014  224.14198    106.191 0.0000e+00
   39.59978  -72.74318      8.680      8.614    21.9871    30.4326      8.095     1.0758 1.6880e-11  1020.7924    21.9855    20.7554     7.7734    238.021    7.32000  224.13789    106.194 0.0000e+00
   39.59978  -72.74318      8.671      8.604    21.9923    30.4257      8.095     1.0893 1.6880e-11  1020.7856    21.9906    20.7489     7.7777    238.153    7.31982  224.13227    106.256 0.0000e+00
   39.59978  -72.74318      8.650      8.584    21.9981    30.4205      8.095     1.0893 1.6880e-11  1020.7802    21.9964    20.7435     7.7737    238.030    7.31961  224.12527    106.204 0.0000e+00
   39.59978  -72.74318      8.633      8.567    22.0018    30.4160      8.095     1.0893 1.6880e-11  1020.7766    22.0002    20.7389     7.7737    238.030    7.31951  224.12223    106.206 0.0000e+00
   39.59978  -72.74318      8.620      8.554    22.0053    30.4114      8.095     1.0893 1.6880e-11  1020.7715    22.0037    20.7344     7.7740    238.038    7.31961  224.12613    106.207 0.0000e+00
   39.59978  -72.74318      8.610      8.544    22.0095    30.4073      8.095     1.0893 1.6880e-11  1020.7663    22.0078    20.7302     7.7782    238.171    7.31985  224.13478    106.262 0.0000e+00
   39.59978  -72.74318      8.580      8.514    22.0138    30.4073      8.095     1.0893 1.6880e-11  1020.7636    22.0122    20.7277     7.7791    238.201    7.32034  224.15251    106.267 0.0000e+00
   39.59978  -72.74318      8.569      8.503    22.0171    30.4073      8.095     1.0893 1.6880e-11  1020.7635    22.0155    20.7272     7.7798    238.225    7.32064  224.16539    106.272 0.0000e+00
   39.59978  -72.74318      8.548      8.483    22.0187    30.4079      8.095     1.0893 1.6880e-11  1020.7645    22.0171    20.7283     7.7792    238.211    7.32018  224.15480    106.271 0.0000e+00
   39.59978  -72.74318      8.529      8.464    22.0193    30.4113      8.095     1.0893 1.6880e-11  1020.7666    22.0177    20.7308     7.7786    238.197    7.31940  224.13369    106.274 0.0000e+00
   39.59978  -72.74318      8.518      8.453    22.0173    30.4159      8.095     1.0893 1.6880e-11  1020.7712    22.0157    20.7348     7.7779    238.175    7.31850  224.10799    106.277 0.0000e+00
   39.59978  -72.74318      8.488      8.423    22.0142    30.4209      8.095     1.0893 1.6880e-11  1020.7764    22.0125    20.7394     7.7814    238.285    7.31767  224.08403    106.337 -9.990e-29
   39.59978  -72.74318      8.488      8.423    22.0100    30.4250      8.095     1.0893 1.6880e-11  1020.7807    22.0084    20.7435     7.7770    238.151    7.31710  224.06801    106.285 -9.990e-29
   39.59978  -72.74318      8.467      8.402    22.0062    30.4280      8.095     1.0893 2.5320e-11  1020.7833    22.0046    20.7468     7.7770    238.154    7.31677  224.05979    106.290 0.0000e+00
   39.59978  -72.74318      8.457      8.393    22.0024    30.4306      8.095     1.0893 1.6880e-11  1020.7864    22.0007    20.7497     7.7765    238.139    7.31626  224.04552    106.291 0.0000e+00
   39.59978  -72.74318      8.427      8.363    21.9997    30.4306      8.095     1.0893 1.6880e-11  1020.7890    21.9980    20.7520     7.7761    238.129    7.31562  224.02618    106.295 -9.990e-29
   39.59978  -72.74318      8.431      8.367    21.9972    30.4306      8.095     1.0893 1.6880e-11  1020.7910    21.9956    20.7529     7.7760    238.125    7.31524  224.01461    106.299 -9.990e-29
