CalculateIndicators/WaterTemperature/Data/CTD_NYOS/20240913_C15.cnv
* Sea-Bird SBE 9 Data File:
* FileName = C:\Seabird 9 CTD\Data\2024\202409_offshore\20240913_C15.hex
* Software Version Seasave V 7.23.2
* Temperature SN = 4590
* Conductivity SN = 3228
* Number of Bytes Per Scan = 44
* Number of Voltage Words = 5
* Number of Scans Averaged by the Deck Unit = 1
* NMEA Latitude = 39 33.14 N
* NMEA Longitude = 072 14.48 W
* NMEA UTC (Time) = Sep 13 2024  06:12:16
* NMEA baud rate = 4800
** Ship: Seawolf
** Station: 9.6
** Operator: TCM
# nquan = 18
# nvalues = 20584                       
# units = specified
# name 0 = latitude: Latitude [deg]
# name 1 = longitude: Longitude [deg]
# name 2 = prDM: Pressure, Digiquartz [db]
# name 3 = depSM: Depth [salt water, m]
# name 4 = t090C: Temperature [ITS-90, deg C]
# name 5 = sal00: Salinity, Practical [PSU]
# name 6 = ph: pH
# name 7 = flECO-AFL: Fluorescence, WET Labs ECO-AFL/FL [mg/m^3]
# name 8 = cpar: CPAR/Corrected Irradiance [%]
# name 9 = density00: Density [density, kg/m^3]
# name 10 = potemp090C: Potential Temperature [ITS-90, deg C]
# name 11 = sigma-é00: Density [sigma-theta, kg/m^3]
# name 12 = sbeox0Mg/L: Oxygen, SBE 43 [mg/l]
# name 13 = sbox0Mm/Kg: Oxygen, SBE 43 [umol/kg]
# name 14 = oxsolMg/L: Oxygen Saturation, Garcia & Gordon [mg/l]
# name 15 = oxsolMm/Kg: Oxygen Saturation, Garcia & Gordon [umol/kg]
# name 16 = sbeox0PS: Oxygen, SBE 43 [% saturation]
# name 17 = flag:  0.000e+00
# span 0 =   39.55246,   39.55328       
# span 1 =  -72.24440,  -72.24150       
# span 2 =      2.037,    131.659       
# span 3 =      2.021,    130.613       
# span 4 =    10.5769,    21.7069       
# span 5 =    31.9767,    35.1695       
# span 6 =      7.934,      8.219       
# span 7 =    -0.0927,     1.2236       
# span 8 = 1.6880e-11, 9.9999e+04       
# span 9 =  1022.6298,  1027.3478       
# span 10 =    10.5724,    21.7043      
# span 11 =    22.6150,    26.7607      
# span 12 =     5.1720,     8.8321      
# span 13 =    157.415,    269.529      
# span 14 =    7.25022,    9.05678      
# span 15 =  221.50539,  276.15640      
# span 16 =     59.629,    106.113      
# span 17 = 0.0000e+00, 0.0000e+00      
# interval = seconds: 0.0416667
# start_time = Sep 13 2024 06:12:18 [System UTC, first data scan.]
# bad_flag = -9.990e-29
*END*
[from data line 7317]
   39.55276  -72.24238    127.781    126.768    11.8196    35.1515 -9.990e-29    -0.0389 1.6880e-11  1027.3142    11.8031    26.7444     5.1984    158.222    8.67277  263.96890     59.940 0.0000e+00
   39.55276  -72.24238    127.750    126.737    11.8194    35.1516 -9.990e-29    -0.0524 1.6880e-11  1027.3143    11.8029    26.7445     5.1977    158.201    8.67275  263.96845     59.932 0.0000e+00
   39.55276  -72.24238    127.739    126.726    11.8196    35.1518 -9.990e-29    -0.0524 1.6880e-11  1027.3142    11.8031    26.7446     5.1977    158.200    8.67271  263.96729     59.932 0.0000e+00
   39.55276  -72.24238    127.708    126.696    11.8194    35.1520 -9.990e-29    -0.0524 1.6880e-11  1027.3143    11.8029    26.7448     5.1977    158.199    8.67276  263.96865     59.931 0.0000e+00
   39.55276  -72.24238    127.699    126.686    11.8190    35.1522 -9.990e-29    -0.0389 1.6880e-11  1027.3145    11.8026    26.7450     5.1976    158.198    8.67281  263.97028     59.930 0.0000e+00
   39.55276  -72.24238    127.678    126.665    11.8190    35.1526 -9.990e-29    -0.0524 1.6880e-11  1027.3148    11.8026    26.7453     5.1975    158.195    8.67279  263.96959     59.929 0.0000e+00
   39.55276  -72.24238    127.646    126.634    11.8190    35.1528 -9.990e-29    -0.0389 1.6880e-11  1027.3149    11.8026    26.7455     5.1974    158.191    8.67280  263.97006     59.928 0.0000e+00
   39.55276  -72.24238    127.633    126.621    11.8190    35.1528 -9.990e-29    -0.0389 1.6880e-11  1027.3148    11.8026    26.7455     5.1980    158.208    8.67283  263.97094     59.934 0.0000e+00
   39.55276  -72.24238    127.605    126.594    11.8187    35.1528 -9.990e-29    -0.0524 1.6880e-11  1027.3146    11.8023    26.7455     5.1978    158.203    8.67280  263.96982     59.932 0.0000e+00
   39.55276  -72.24238    127.584    126.573    11.8189    35.1530 -9.990e-29    -0.0389 1.6880e-11  1027.3145    11.8024    26.7457     5.1976    158.197    8.67281  263.97016     59.930 0.0000e+00
   39.55276  -72.24238    127.543    126.532    11.8187    35.1533 -9.990e-29    -0.0524 1.6880e-11  1027.3147    11.8023    26.7459     5.1974    158.191    8.67280  263.96997     59.928 0.0000e+00
   39.55276  -72.24238    127.512    126.501    11.8185    35.1537 -9.990e-29    -0.0524 1.6880e-11  1027.3150    11.8021    26.7462     5.1972    158.185    8.67286  263.97188     59.925 0.0000e+00
   39.55276  -72.24238    127.501    126.490    11.8187    35.1541 -9.990e-29    -0.0524 1.6880e-11  1027.3152    11.8023    26.7465     5.1969    158.175    8.67278  263.96932     59.922 0.0000e+00
   39.55276  -72.24238    127.470    126.460    11.8184    35.1543 -9.990e-29    -0.0524 1.6880e-11  1027.3154    11.8019    26.7468     5.1966    158.166    8.67277  263.96919     59.918 0.0000e+00
   39.55276  -72.24238    127.440    126.429    11.8182    35.1544 -9.990e-29    -0.0524 1.6880e-11  1027.3153    11.8018    26.7469     5.1970    158.177    8.67279  263.96957     59.923 0.0000e+00
   39.55276  -72.24238    127.419    126.409    11.8182    35.1543 -9.990e-29    -0.0524 1.6880e-11  1027.3152    11.8018    26.7469     5.2021    158.334    8.67278  263.96939     59.982 0.0000e+00
   39.55276  -72.24238    127.374    126.365    11.8182    35.1542 -9.990e-29    -0.0524 1.6880e-11  1027.3148    11.8018    26.7468     5.1969    158.176    8.67276  263.96887     59.922 0.0000e+00
   39.55276  -72.24238    127.356    126.347    11.8182    35.1538 -9.990e-29    -0.0524 1.6880e-11  1027.3146    11.8018    26.7464     5.1972    158.186    8.67279  263.96957     59.926 0.0000e+00
   39.55276  -72.24238    127.326    126.316    11.8185    35.1532 -9.990e-29    -0.0524 1.6880e-11  1027.3136    11.8021    26.7459     5.1968    158.172    8.67274  263.96810     59.921 0.0000e+00
   39.55276  -72.24238    127.294    126.284    11.8185    35.1528 -9.990e-29    -0.0524 1.6880e-11  1027.3129    11.8021    26.7456     5.1964    158.159    8.67273  263.96765     59.916 0.0000e+00
   39.55276  -72.24238    127.263    126.254    11.8187    35.1527 -9.990e-29    -0.0524 1.6880e-11  1027.3133    11.8023    26.7455     5.1959    158.144    8.67273  263.96750     59.911 0.0000e+00
   39.55276  -72.24238    127.242    126.233    11.8187    35.1525 -9.990e-29    -0.0658 1.6880e-11  1027.3129    11.8023    26.7453     5.1954    158.129    8.67270  263.96638     59.905 0.0000e+00
   39.55276  -72.24240    127.211    126.203    11.8187    35.1522 -9.990e-29    -0.0658 1.6880e-11  1027.3123    11.8023    26.7451     5.1956    158.135    8.67272  263.96715     59.907 0.0000e+00
   39.55276  -72.24240    127.177    126.169    11.8189    35.1520 -9.990e-29    -0.0524 1.6880e-11  1027.3122    11.8025    26.7449     5.1951    158.119    8.67273  263.96750     59.901 0.0000e+00
   39.55276  -72.24240    127.149    126.141    11.8192    35.1519 -9.990e-29    -0.0524 1.6880e-11  1027.3117    11.8028    26.7448     5.1945    158.102    8.67270  263.96670     59.895 0.0000e+00
   39.55276  -72.24240    127.118    126.111    11.8192    35.1520 -9.990e-29    -0.0658 1.6880e-11  1027.3118    11.8028    26.7448     5.1939    158.085    8.67270  263.96655     59.888 0.0000e+00
   39.55276  -72.24240    127.097    126.090    11.8190    35.1520 -9.990e-29    -0.0658 1.6880e-11  1027.3117    11.8026    26.7448     5.1933    158.066    8.67271  263.96678     59.881 0.0000e+00
   39.55276  -72.24240    127.067    126.059    11.8190    35.1521 -9.990e-29    -0.0658 1.6880e-11  1027.3116    11.8026    26.7449     5.1927    158.048    8.67276  263.96828     59.874 0.0000e+00
   39.55276  -72.24240    127.035    126.028    11.8190    35.1521 -9.990e-29    -0.0658 1.6880e-11  1027.3115    11.8026    26.7449     5.1927    158.049    8.67272  263.96704     59.874 0.0000e+00
   39.55276  -72.24240    127.001    125.995    11.8192    35.1519 -9.990e-29    -0.0524 1.6880e-11  1027.3112    11.8028    26.7447     5.1928    158.051    8.67275  263.96800     59.875 0.0000e+00
   39.55276  -72.24240    126.973    125.967    11.8194    35.1514 -9.990e-29    -0.0658 1.6880e-11  1027.3107    11.8030    26.7443     5.1928    158.052    8.67276  263.96834     59.875 0.0000e+00
   39.55276  -72.24240    126.953    125.946    11.8194    35.1509 -9.990e-29    -0.0658 1.6880e-11  1027.3100    11.8030    26.7440     5.1929    158.054    8.67278  263.96939     59.876 0.0000e+00
   39.55276  -72.24240    126.911    125.905    11.8194    35.1507 -9.990e-29    -0.0524 1.6880e-11  1027.3098    11.8030    26.7438     5.1923    158.035    8.67282  263.97072     59.868 0.0000e+00
   39.55276  -72.24240    126.890    125.884    11.8196    35.1506 -9.990e-29    -0.0658 1.6880e-11  1027.3096    11.8032    26.7437     5.1923    158.036    8.67287  263.97209     59.868 0.0000e+00
   39.55276  -72.24240    126.859    125.854    11.8197    35.1505 -9.990e-29    -0.0658 1.6880e-11  1027.3092    11.8033    26.7435     5.1971    158.182    8.67288  263.97263     59.924 0.0000e+00
   39.55276  -72.24240    126.834    125.829    11.8196    35.1505 -9.990e-29    -0.0524 1.6880e-11  1027.3092    11.8032    26.7435     5.1977    158.201    8.67291  263.97364     59.931 0.0000e+00
   39.55276  -72.24240    126.787    125.782    11.8197    35.1505 -9.990e-29    -0.0658 1.6880e-11  1027.3092    11.8033    26.7435     5.1983    158.220    8.67289  263.97330     59.938 0.0000e+00
   39.55276  -72.24240    126.776    125.771    11.8197    35.1503 -9.990e-29    -0.0658 1.6880e-11  1027.3087    11.8033    26.7434     5.1989    158.238    8.67293  263.97455     59.944 0.0000e+00
   39.55276  -72.24240    126.745    125.741    11.8196    35.1500 -9.990e-29    -0.0658 1.6880e-11  1027.3084    11.8032    26.7432     5.1995    158.254    8.67289  263.97315     59.951 0.0000e+00
   39.55276  -72.24240    126.713    125.709    11.8197    35.1498 -9.990e-29    -0.0658 1.6880e-11  1027.3080    11.8033    26.7430     5.2000    158.270    8.67292  263.97403     59.957 0.0000e+00
   39.55276  -72.24240    126.680    125.676    11.8200    35.1497 -9.990e-29    -0.0658 1.6880e-11  1027.3077    11.8037    26.7429     5.2005    158.285    8.67289  263.97299     59.962 0.0000e+00
   39.55276  -72.24240    126.662    125.658    11.8199    35.1497 -9.990e-29    -0.0524 1.6880e-11  1027.3078    11.8035    26.7429     5.2009    158.299    8.67289  263.97323     59.968 0.0000e+00
   39.55276  -72.24240    126.631    125.627    11.8199    35.1496 -9.990e-29    -0.0658 1.6880e-11  1027.3075    11.8035    26.7429     5.2014    158.312    8.67289  263.97326     59.973 0.0000e+00
   39.55276  -72.24240    126.600    125.597    11.8197    35.1494 -9.990e-29    -0.0658 1.6880e-11  1027.3075    11.8034    26.7427     5.2011    158.304    8.67292  263.97404     59.969 0.0000e+00
   39.55276  -72.24240    126.575    125.572    11.8197    35.1490 -9.990e-29    -0.0524 1.6880e-11  1027.3068    11.8034    26.7423     5.2015    158.315    8.67295  263.97517     59.973 0.0000e+00
   39.55276  -72.24240    126.548    125.545    11.8199    35.1486 -9.990e-29    -0.0524 1.6880e-11  1027.3063    11.8035    26.7420     5.1963    158.158    8.67291  263.97377     59.914 0.0000e+00
   39.55276  -72.24240    126.528    125.525    11.8200    35.1484 -9.990e-29    -0.0524 1.6880e-11  1027.3060    11.8037    26.7418     5.1960    158.147    8.67293  263.97440     59.910 0.0000e+00
   39.55276  -72.24240    126.486    125.484    11.8199    35.1481 -9.990e-29    -0.0524 1.6880e-11  1027.3059    11.8036    26.7417     5.1956    158.136    8.67289  263.97319     59.906 0.0000e+00
   39.55276  -72.24240    126.475    125.473    11.8199    35.1479 -9.990e-29    -0.0524 1.6880e-11  1027.3056    11.8036    26.7415     5.1952    158.125    8.67291  263.97375     59.902 0.0000e+00
   39.55276  -72.24240    126.431    125.429    11.8200    35.1477 -9.990e-29    -0.0524 1.6880e-11  1027.3051    11.8037    26.7413     5.1949    158.114    8.67287  263.97243     59.898 0.0000e+00
   39.55276  -72.24240    126.414    125.412    11.8202    35.1476 -9.990e-29    -0.0524 1.6880e-11  1027.3051    11.8039    26.7413     5.1945    158.103    8.67287  263.97264     59.894 0.0000e+00
   39.55276  -72.24240    126.372    125.371    11.8200    35.1475 -9.990e-29    -0.0389 1.6880e-11  1027.3048    11.8037    26.7412     5.1942    158.094    8.67293  263.97431     59.890 0.0000e+00
   39.55276  -72.24240    126.361    125.360    11.8199    35.1472 -9.990e-29    -0.0389 1.6880e-11  1027.3045    11.8036    26.7410     5.1993    158.249    8.67289  263.97311     59.949 0.0000e+00
   39.55276  -72.24240    126.326    125.325    11.8200    35.1470 -9.990e-29    -0.0524 1.6880e-11  1027.3042    11.8037    26.7408     5.1942    158.092    8.67293  263.97448     59.889 0.0000e+00
   39.55276  -72.24240    126.300    125.299    11.8200    35.1469 -9.990e-29    -0.0524 1.6880e-11  1027.3039    11.8038    26.7407     5.1992    158.247    8.67294  263.97495     59.948 0.0000e+00
   39.55276  -72.24240    126.279    125.278    11.8199    35.1470 -9.990e-29    -0.0524 1.6880e-11  1027.3038    11.8036    26.7408     5.1940    158.089    8.67295  263.97505     59.888 0.0000e+00
   39.55276  -72.24240    126.248    125.248    11.8199    35.1472 -9.990e-29    -0.0524 1.6880e-11  1027.3042    11.8036    26.7409     5.1936    158.077    8.67295  263.97515     59.883 0.0000e+00
   39.55276  -72.24240    126.223    125.223    11.8199    35.1471 -9.990e-29    -0.0524 1.6880e-11  1027.3039    11.8036    26.7409     5.1932    158.065    8.67296  263.97551     59.879 0.0000e+00
   39.55276  -72.24240    126.196    125.195    11.8200    35.1469 -9.990e-29    -0.0389 1.6880e-11  1027.3034    11.8038    26.7408     5.1983    158.218    8.67294  263.97495     59.937 0.0000e+00
   39.55276  -72.24240    126.175    125.175    11.8197    35.1469 -9.990e-29    -0.0524 1.6880e-11  1027.3034    11.8034    26.7408     5.1985    158.226    8.67296  263.97571     59.940 0.0000e+00
   39.55276  -72.24240    126.140    125.140    11.8200    35.1471 -9.990e-29    -0.0389 1.6880e-11  1027.3035    11.8038    26.7409     5.1933    158.066    8.67297  263.97600     59.879 0.0000e+00
   39.55276  -72.24240    126.134    125.135    11.8200    35.1473 -9.990e-29    -0.0524 1.6880e-11  1027.3035    11.8038    26.7410     5.1928    158.052    8.67297  263.97586     59.874 0.0000e+00
   39.55276  -72.24240    126.093    125.093    11.8199    35.1474 -9.990e-29    -0.0524 1.6880e-11  1027.3036    11.8036    26.7410     5.1978    158.204    8.67299  263.97656     59.931 0.0000e+00
   39.55276  -72.24240    126.081    125.082    11.8200    35.1474 -9.990e-29    -0.0524 1.6880e-11  1027.3032    11.8038    26.7410     5.1925    158.043    8.67299  263.97648     59.870 0.0000e+00
   39.55276  -72.24240    126.047    125.048    11.8200    35.1476 -9.990e-29    -0.0524 1.6880e-11  1027.3032    11.8038    26.7412     5.1927    158.049    8.67297  263.97616     59.873 0.0000e+00
   39.55276  -72.24240    126.041    125.042    11.8197    35.1479 -9.990e-29    -0.0524 1.6880e-11  1027.3038    11.8034    26.7414     5.1923    158.036    8.67302  263.97757     59.867 0.0000e+00
   39.55276  -72.24240    125.999    125.001    11.8200    35.1481 -9.990e-29    -0.0524 1.6880e-11  1027.3033    11.8038    26.7417     5.1973    158.188    8.67300  263.97677     59.925 0.0000e+00
   39.55276  -72.24240    125.995    124.997    11.8199    35.1484 -9.990e-29    -0.0524 1.6880e-11  1027.3039    11.8036    26.7419     5.1920    158.027    8.67301  263.97737     59.864 0.0000e+00
   39.55276  -72.24240    125.958    124.959    11.8199    35.1488 -9.990e-29    -0.0524 1.6880e-11  1027.3038    11.8036    26.7422     5.1915    158.012    8.67303  263.97782     59.858 0.0000e+00
   39.55276  -72.24240    125.937    124.939    11.8199    35.1491 -9.990e-29    -0.0524 1.6880e-11  1027.3042    11.8036    26.7425     5.1965    158.163    8.67301  263.97726     59.915 0.0000e+00
   39.55276  -72.24240    125.916    124.918    11.8197    35.1493 -9.990e-29    -0.0658 1.6880e-11  1027.3042    11.8034    26.7426     5.1912    158.002    8.67301  263.97736     59.854 0.0000e+00
   39.55276  -72.24240    125.892    124.895    11.8197    35.1492 -9.990e-29    -0.0658 1.6880e-11  1027.3040    11.8035    26.7425     5.1907    157.987    8.67308  263.97951     59.848 0.0000e+00
   39.55276  -72.24240    125.875    124.878    11.8199    35.1492 -9.990e-29    -0.0658 1.6880e-11  1027.3038    11.8036    26.7425     5.1956    158.137    8.67305  263.97870     59.905 0.0000e+00
   39.55276  -72.24240    125.843    124.846    11.8199    35.1492 -9.990e-29    -0.0658 1.6880e-11  1027.3037    11.8036    26.7425     5.1903    157.974    8.67305  263.97887     59.843 0.0000e+00
   39.55276  -72.24240    125.818    124.821    11.8199    35.1492 -9.990e-29    -0.0524 1.6880e-11  1027.3035    11.8036    26.7425     5.1897    157.958    8.67309  263.97988     59.837 0.0000e+00
   39.55276  -72.24240    125.803    124.806    11.8196    35.1493 -9.990e-29    -0.0658 1.6880e-11  1027.3036    11.8033    26.7426     5.1891    157.940    8.67307  263.97954     59.831 0.0000e+00
   39.55276  -72.24240    125.782    124.785    11.8197    35.1493 -9.990e-29    -0.0658 1.6880e-11  1027.3037    11.8035    26.7426     5.1886    157.924    8.67308  263.97977     59.824 0.0000e+00
   39.55276  -72.24240    125.757    124.761    11.8196    35.1491 -9.990e-29    -0.0524 1.6880e-11  1027.3035    11.8033    26.7424     5.1935    158.073    8.67307  263.97930     59.881 0.0000e+00
   39.55276  -72.24240    125.729    124.733    11.8197    35.1486 -9.990e-29    -0.0524 1.6880e-11  1027.3029    11.8035    26.7420     5.1882    157.910    8.67310  263.98030     59.819 0.0000e+00
