CalculateIndicators/WaterTemperature/Data/CTD_NYOS/20240426_C01.cnv
* Sea-Bird SBE 9 Data File:
* FileName = C:\Seabird 9 CTD\Data\2024\202404_offshore\20240426_C01.hex
* Software Version Seasave V 7.23.2
* Temperature SN = 4590
* Conductivity SN = 3228
* Number of Bytes Per Scan = 44
* Number of Voltage Words = 5
* Number of Scans Averaged by the Deck Unit = 1
* NMEA Latitude = 40 57.60 N
* NMEA Longitude = 073 34.67 W
* NMEA UTC (Time) = Apr 26 2024  01:39:48
* NMEA baud rate = 4800
** Ship: Seawolf
** Station: LIS_ARIG
** Operator: TDK
# nquan = 18
# nvalues = 11911                       
# units = specified
# name 0 = latitude: Latitude [deg]
# name 1 = longitude: Longitude [deg]
# name 2 = prDM: Pressure, Digiquartz [db]
# name 3 = depSM: Depth [salt water, m]
# name 4 = t090C: Temperature [ITS-90, deg C]
# name 5 = sal00: Salinity, Practical [PSU]
# name 6 = ph: pH
# name 7 = flECO-AFL: Fluorescence, WET Labs ECO-AFL/FL [mg/m^3]
# name 8 = cpar: CPAR/Corrected Irradiance [%]
# name 9 = density00: Density [density, kg/m^3]
# name 10 = potemp090C: Potential Temperature [ITS-90, deg C]
# name 11 = sigma-é00: Density [sigma-theta, kg/m^3]
# name 12 = sbeox0Mg/L: Oxygen, SBE 43 [mg/l]
# name 13 = sbox0Mm/Kg: Oxygen, SBE 43 [umol/kg]
# name 14 = oxsolMg/L: Oxygen Saturation, Garcia & Gordon [mg/l]
# name 15 = oxsolMm/Kg: Oxygen Saturation, Garcia & Gordon [umol/kg]
# name 16 = sbeox0PS: Oxygen, SBE 43 [% saturation]
# name 17 = flag:  0.000e+00
# span 0 =   40.95976,   40.96006       
# span 1 =  -73.57792,  -73.57782       
# span 2 =      1.792,     12.983       
# span 3 =      1.778,     12.882       
# span 4 =     8.9484,    10.4944       
# span 5 =    22.8130,    23.5409       
# span 6 =      7.903,      8.220       
# span 7 =     1.7071,     7.4958       
# span 8 = 5.0640e-11, 9.9999e+04       
# span 9 =  1017.3967,  1018.2290       
# span 10 =     8.9472,    10.4942      
# span 11 =    17.3843,    18.1688      
# span 12 =     8.8178,    11.3120      
# span 13 =    270.647,    347.461      
# span 14 =    9.65017,    9.94449      
# span 15 =  296.41821,  305.22402      
# span 16 =     88.737,    117.151      
# span 17 = 0.0000e+00, 0.0000e+00      
# interval = seconds: 0.0416667
# start_time = Apr 26 2024 01:39:50 [System UTC, first data scan.]
# bad_flag = -9.990e-29
*END*
[from data line 483]
   40.96006  -73.57786      2.500      2.480    10.4824    22.8151 -9.990e-29     6.7571 5.0640e-11  1017.3980    10.4822    17.3866    11.2552    345.719    9.65244  296.48830    116.605 0.0000e+00
   40.96006  -73.57786      2.509      2.490    10.4826    22.8149 -9.990e-29     6.7571 5.0640e-11  1017.3979    10.4824    17.3863    11.2542    345.688    9.65241  296.48727    116.595 0.0000e+00
   40.96006  -73.57786      2.530      2.510    10.4828    22.8145 -9.990e-29     6.7706 5.0640e-11  1017.3977    10.4825    17.3861    11.2591    345.838    9.65230  296.48422    116.646 -9.990e-29
   40.96006  -73.57786      2.522      2.502    10.4825    22.8141 -9.990e-29     6.7706 5.0640e-11  1017.3973    10.4822    17.3857    11.2527    345.642    9.65226  296.48284    116.581 -9.990e-29
   40.96006  -73.57786      2.560      2.540    10.4826    22.8137 -9.990e-29     6.7706 5.0640e-11  1017.3970    10.4824    17.3855    11.2516    345.608    9.65225  296.48260    116.569 -9.990e-29
   40.96006  -73.57786      2.551      2.531    10.4824    22.8136 -9.990e-29     6.7706 5.0640e-11  1017.3971    10.4822    17.3854    11.2572    345.781    9.65220  296.48121    116.628 -9.990e-29
   40.96006  -73.57786      2.581      2.561    10.4823    22.8137 -9.990e-29     6.7571 5.0640e-11  1017.3973    10.4820    17.3855    11.2576    345.792    9.65219  296.48074    116.632 -9.990e-29
   40.96006  -73.57786      2.581      2.561    10.4823    22.8137 -9.990e-29     6.7706 1.5590e-01  1017.3973    10.4820    17.3855    11.2571    345.778    9.65216  296.47982    116.628 -9.990e-29
   40.96006  -73.57786      2.611      2.591    10.4823    22.8137 -9.990e-29     6.7571 3.9295e-01  1017.3975    10.4820    17.3855    11.2513    345.600    9.65210  296.47829    116.568 -9.990e-29
   40.96006  -73.57786      2.601      2.581    10.4823    22.8138 -9.990e-29     6.7706 4.4449e-01  1017.3974    10.4820    17.3856    11.2561    345.748    9.65214  296.47968    116.618 -9.990e-29
   40.96006  -73.57786      2.622      2.602    10.4823    22.8140 -9.990e-29     6.7706 4.8352e-01  1017.3977    10.4820    17.3857    11.2564    345.757    9.65219  296.48097    116.620 0.0000e+00
   40.96006  -73.57786      2.632      2.611    10.4823    22.8141 -9.990e-29     6.7571 5.7590e-01  1017.3979    10.4820    17.3858    11.2567    345.767    9.65228  296.48380    116.623 0.0000e+00
   40.96006  -73.57786      2.641      2.621    10.4824    22.8141 -9.990e-29     6.7303 5.8924e-01  1017.3980    10.4822    17.3858    11.2509    345.587    9.65227  296.48346    116.562 0.0000e+00
   40.96006  -73.57786      2.662      2.641    10.4828    22.8140 -9.990e-29     6.7034 6.0262e-01  1017.3979    10.4825    17.3857    11.2563    345.754    9.65226  296.48313    116.618 -9.990e-29
   40.96006  -73.57786      2.662      2.641    10.4826    22.8138 -9.990e-29     6.7034 6.1604e-01  1017.3977    10.4823    17.3855    11.2563    345.755    9.65219  296.48102    116.620 -9.990e-29
   40.96006  -73.57786      2.671      2.651    10.4824    22.8137 -9.990e-29     6.7034 6.1604e-01  1017.3976    10.4822    17.3855    11.2565    345.761    9.65225  296.48256    116.621 0.0000e+00
   40.96006  -73.57786      2.682      2.662    10.4826    22.8138 -9.990e-29     6.7034 5.4932e-01  1017.3978    10.4823    17.3856    11.2566    345.762    9.65220  296.48117    116.622 0.0000e+00
   40.96006  -73.57786      2.692      2.671    10.4823    22.8140 -9.990e-29     6.7034 2.9159e-01  1017.3982    10.4820    17.3857    11.2565    345.761    9.65213  296.47897    116.622 0.0000e+00
   40.96006  -73.57786      2.713      2.692    10.4825    22.8140 -9.990e-29     6.7168 1.8026e-01  1017.3981    10.4822    17.3857    11.2565    345.760    9.65214  296.47898    116.622 0.0000e+00
   40.96006  -73.57786      2.722      2.701    10.4826    22.8140 -9.990e-29     6.7034 5.9823e-02  1017.3981    10.4823    17.3857    11.2565    345.760    9.65214  296.47899    116.622 -9.990e-29
   40.96006  -73.57786      2.722      2.701    10.4824    22.8139 -9.990e-29     6.7168 5.0640e-11  1017.3982    10.4822    17.3857    11.2565    345.760    9.65217  296.47993    116.622 -9.990e-29
   40.96006  -73.57786      2.743      2.722    10.4823    22.8138 -9.990e-29     6.7034 5.0640e-11  1017.3982    10.4820    17.3856    11.2571    345.779    9.65209  296.47761    116.629 -9.990e-29
   40.96006  -73.57786      2.743      2.722    10.4823    22.8137 -9.990e-29     6.7168 5.0640e-11  1017.3979    10.4820    17.3855    11.2579    345.802    9.65210  296.47774    116.637 -9.990e-29
   40.96006  -73.57786      2.763      2.742    10.4821    22.8139 -9.990e-29     6.7168 5.0640e-11  1017.3982    10.4818    17.3857    11.2638    345.985    9.65212  296.47865    116.698 0.0000e+00
   40.96006  -73.57786      2.773      2.752    10.4821    22.8143 -9.990e-29     6.7168 5.0640e-11  1017.3987    10.4818    17.3859    11.2644    346.003    9.65209  296.47761    116.704 -9.990e-29
   40.96006  -73.57786      2.763      2.742    10.4823    22.8145 -9.990e-29     6.7168 2.2940e-01  1017.3989    10.4820    17.3861    11.2590    345.836    9.65211  296.47833    116.648 -9.990e-29
   40.96006  -73.57786      2.803      2.782    10.4824    22.8146 -9.990e-29     6.7034 6.2950e-01  1017.3991    10.4822    17.3862    11.2587    345.827    9.65207  296.47706    116.645 -9.990e-29
   40.96006  -73.57786      2.794      2.772    10.4828    22.8146 -9.990e-29     6.7168 7.3854e-01  1017.3988    10.4825    17.3862    11.2585    345.820    9.65211  296.47823    116.643 -9.990e-29
   40.96006  -73.57786      2.813      2.791    10.4826    22.8146 -9.990e-29     6.7034 8.2195e-01  1017.3992    10.4823    17.3862    11.2582    345.811    9.65211  296.47835    116.639 0.0000e+00
   40.96006  -73.57786      2.825      2.803    10.4829    22.8146 -9.990e-29     6.7168 1.0076e+00  1017.3989    10.4826    17.3861    11.2639    345.986    9.65214  296.47916    116.698 0.0000e+00
   40.96006  -73.57786      2.845      2.822    10.4829    22.8146 -9.990e-29     6.7168 1.0660e+00  1017.3992    10.4826    17.3861    11.2581    345.810    9.65205  296.47661    116.640 -9.990e-29
   40.96006  -73.57786      2.845      2.822    10.4831    22.8146 -9.990e-29     6.7034 1.0660e+00  1017.3991    10.4828    17.3861    11.2637    345.982    9.65206  296.47696    116.698 -9.990e-29
   40.96006  -73.57786      2.854      2.832    10.4833    22.8147 -9.990e-29     6.7168 1.0660e+00  1017.3990    10.4830    17.3861    11.2640    345.991    9.65209  296.47767    116.700 0.0000e+00
   40.96006  -73.57786      2.875      2.852    10.4833    22.8149 -9.990e-29     6.7168 1.0660e+00  1017.3995    10.4830    17.3862    11.2651    346.023    9.65211  296.47839    116.711 0.0000e+00
   40.96006  -73.57786      2.884      2.862    10.4836    22.8151 -9.990e-29     6.7034 4.4449e-01  1017.3996    10.4833    17.3864    11.2653    346.029    9.65214  296.47919    116.713 0.0000e+00
   40.96006  -73.57786      2.894      2.872    10.4839    22.8152 -9.990e-29     6.7168 5.0640e-11  1017.3999    10.4836    17.3865    11.2602    345.873    9.65218  296.48059    116.660 -9.990e-29
   40.96006  -73.57786      2.894      2.872    10.4838    22.8150 -9.990e-29     6.7437 5.0640e-11  1017.3996    10.4835    17.3863    11.2595    345.852    9.65217  296.48003    116.653 -9.990e-29
   40.96006  -73.57786      2.915      2.892    10.4838    22.8147 -9.990e-29     6.7840 5.0640e-11  1017.3993    10.4835    17.3861    11.2597    345.856    9.65217  296.48004    116.654 0.0000e+00
   40.96006  -73.57786      2.935      2.912    10.4839    22.8145 -9.990e-29     6.7974 5.0640e-11  1017.3993    10.4836    17.3859    11.2598    345.860    9.65218  296.48072    116.655 -9.990e-29
   40.96006  -73.57786      2.935      2.912    10.4838    22.8145 -9.990e-29     6.7974 5.0640e-11  1017.3994    10.4835    17.3859    11.2653    346.030    9.65234  296.48560    116.711 -9.990e-29
   40.96006  -73.57786      2.935      2.912    10.4839    22.8144 -9.990e-29     6.7974 5.0640e-11  1017.3993    10.4836    17.3858    11.2603    345.877    9.65252  296.49101    116.657 -9.990e-29
   40.96006  -73.57786      2.956      2.933    10.4843    22.8143 -9.990e-29     6.7974 5.0640e-11  1017.3990    10.4840    17.3857    11.2595    345.850    9.65243  296.48779    116.649 0.0000e+00
   40.96006  -73.57786      2.965      2.942    10.4839    22.8143 -9.990e-29     6.7974 5.0640e-11  1017.3994    10.4836    17.3857    11.2647    346.010    9.65241  296.48722    116.703 0.0000e+00
   40.96006  -73.57786      2.996      2.972    10.4841    22.8143 -9.990e-29     6.7974 5.0640e-11  1017.3993    10.4838    17.3857    11.2594    345.847    9.65242  296.48755    116.648 -9.990e-29
   40.96006  -73.57786      2.976      2.953    10.4841    22.8143 -9.990e-29     6.7840 5.0640e-11  1017.3993    10.4838    17.3857    11.2594    345.848    9.65246  296.48885    116.648 -9.990e-29
   40.96006  -73.57786      3.005      2.982    10.4841    22.8143 -9.990e-29     6.7974 5.0640e-11  1017.3993    10.4838    17.3857    11.2653    346.029    9.65241  296.48722    116.710 -9.990e-29
   40.96006  -73.57786      3.005      2.982    10.4839    22.8144 -9.990e-29     6.7840 5.0640e-11  1017.3997    10.4836    17.3857    11.2608    345.890    9.65242  296.48748    116.663 -9.990e-29
   40.96006  -73.57786      3.037      3.013    10.4843    22.8145 -9.990e-29     6.7974 5.0640e-11  1017.3997    10.4840    17.3857    11.2659    346.047    9.65237  296.48608    116.716 -9.990e-29
   40.96006  -73.57786      3.026      3.002    10.4849    22.8146 -9.990e-29     6.7840 5.0640e-11  1017.3995    10.4846    17.3857    11.2596    345.855    9.65231  296.48422    116.652 -9.990e-29
   40.96006  -73.57786      3.047      3.023    10.4849    22.8146 -9.990e-29     6.7974 5.0640e-11  1017.4000    10.4846    17.3857    11.2587    345.827    9.65234  296.48493    116.642 -9.990e-29
   40.96006  -73.57786      3.047      3.023    10.4856    22.8144 -9.990e-29     6.7840 5.0640e-11  1017.3994    10.4853    17.3856    11.2577    345.796    9.65231  296.48423    116.632 -9.990e-29
   40.96006  -73.57786      3.067      3.043    10.4858    22.8142 -9.990e-29     6.7840 5.0640e-11  1017.3995    10.4855    17.3854    11.2575    345.790    9.65232  296.48445    116.630 0.0000e+00
   40.96006  -73.57786      3.077      3.053    10.4859    22.8141 -9.990e-29     6.7974 5.0640e-11  1017.3993    10.4856    17.3853    11.2565    345.760    9.65234  296.48516    116.620 0.0000e+00
   40.96006  -73.57786      3.086      3.062    10.4861    22.8140 -9.990e-29     6.7840 5.0640e-11  1017.3994    10.4858    17.3852    11.2615    345.912    9.65229  296.48365    116.671 0.0000e+00
   40.96006  -73.57786      3.097      3.073    10.4863    22.8139 -9.990e-29     6.7840 5.0640e-11  1017.3992    10.4860    17.3851    11.2618    345.923    9.65224  296.48225    116.676 0.0000e+00
   40.96006  -73.57786      3.117      3.092    10.4864    22.8136 -9.990e-29     6.7974 5.0640e-11  1017.3993    10.4861    17.3848    11.2623    345.937    9.65225  296.48238    116.680 -9.990e-29
   40.96006  -73.57786      3.118      3.094    10.4868    22.8133 -9.990e-29     6.7840 5.0640e-11  1017.3989    10.4864    17.3845    11.2627    345.950    9.65227  296.48319    116.685 -9.990e-29
   40.96006  -73.57786      3.128      3.103    10.4868    22.8130 -9.990e-29     6.7974 5.0640e-11  1017.3984    10.4864    17.3843    11.2563    345.753    9.65229  296.48378    116.618 0.0000e+00
   40.96006  -73.57786      3.137      3.113    10.4866    22.8130 -9.990e-29     6.7974 5.0640e-11  1017.3985    10.4863    17.3844    11.2558    345.739    9.65230  296.48413    116.613 0.0000e+00
   40.96006  -73.57786      3.148      3.124    10.4859    22.8134 -9.990e-29     6.7974 5.0640e-11  1017.3992    10.4856    17.3846    11.2554    345.725    9.65226  296.48287    116.609 0.0000e+00
   40.96006  -73.57786      3.158      3.133    10.4859    22.8136 -9.990e-29     6.8109 5.0640e-11  1017.3994    10.4856    17.3849    11.2610    345.897    9.65225  296.48263    116.667 0.0000e+00
   40.96006  -73.57786      3.178      3.154    10.4859    22.8137 -9.990e-29     6.8512 5.0640e-11  1017.3996    10.4856    17.3849    11.2605    345.882    9.65226  296.48310    116.662 -9.990e-29
   40.96006  -73.57786      3.167      3.143    10.4863    22.8138 -9.990e-29     6.8646 5.0640e-11  1017.3994    10.4859    17.3850    11.2547    345.704    9.65226  296.48289    116.602 -9.990e-29
   40.96006  -73.57786      3.188      3.163    10.4859    22.8140 -9.990e-29     6.8646 5.0640e-11  1017.3998    10.4856    17.3851    11.2541    345.686    9.65222  296.48160    116.596 0.0000e+00
   40.96006  -73.57786      3.209      3.184    10.4861    22.8142 -9.990e-29     6.8646 5.0640e-11  1017.4000    10.4858    17.3853    11.2595    345.851    9.65212  296.47856    116.653 0.0000e+00
   40.96006  -73.57786      3.228      3.203    10.4864    22.8143 -9.990e-29     6.8646 5.0640e-11  1017.4001    10.4861    17.3854    11.2597    345.857    9.65210  296.47812    116.655 -9.990e-29
   40.96006  -73.57786      3.218      3.193    10.4863    22.8145 -9.990e-29     6.8646 5.0640e-11  1017.4004    10.4859    17.3855    11.2538    345.675    9.65205  296.47660    116.594 -9.990e-29
   40.96006  -73.57786      3.240      3.215    10.4863    22.8146 -9.990e-29     6.8646 5.0640e-11  1017.4005    10.4859    17.3856    11.2531    345.655    9.65203  296.47600    116.588 0.0000e+00
   40.96006  -73.57786      3.248      3.223    10.4861    22.8147 -9.990e-29     6.8512 5.0640e-11  1017.4006    10.4858    17.3857    11.2525    345.637    9.65201  296.47544    116.582 0.0000e+00
   40.96006  -73.57786      3.259      3.234    10.4864    22.8148 -9.990e-29     6.8646 5.0640e-11  1017.4007    10.4861    17.3857    11.2519    345.618    9.65199  296.47463    116.576 0.0000e+00
   40.96006  -73.57786      3.279      3.253    10.4864    22.8147 -9.990e-29     6.8512 5.0640e-11  1017.4008    10.4861    17.3856    11.2513    345.601    9.65199  296.47466    116.570 -9.990e-29
   40.96006  -73.57786      3.269      3.244    10.4864    22.8145 -9.990e-29     6.8646 5.0640e-11  1017.4004    10.4861    17.3855    11.2567    345.765    9.65193  296.47257    116.626 -9.990e-29
   40.96006  -73.57786      3.290      3.264    10.4866    22.8144 -9.990e-29     6.8646 5.0640e-11  1017.4004    10.4863    17.3854    11.2576    345.794    9.65196  296.47351    116.636 0.0000e+00
   40.96006  -73.57786      3.309      3.283    10.4864    22.8145 -9.990e-29     6.8512 5.0640e-11  1017.4007    10.4861    17.3855    11.2586    345.824    9.65195  296.47330    116.646 0.0000e+00
   40.96006  -73.57786      3.320      3.294    10.4866    22.8146 -9.990e-29     6.8646 5.0640e-11  1017.4008    10.4862    17.3855    11.2587    345.828    9.65195  296.47319    116.647 0.0000e+00
   40.96006  -73.57786      3.330      3.304    10.4864    22.8146 -9.990e-29     6.8512 5.0640e-11  1017.4008    10.4861    17.3855    11.2589    345.833    9.65200  296.47493    116.648 -9.990e-29
   40.96006  -73.57786      3.331      3.305    10.4864    22.8144 -9.990e-29     6.8646 5.0640e-11  1017.4008    10.4861    17.3854    11.2530    345.653    9.65208  296.47705    116.587 -9.990e-29
   40.96006  -73.57786      3.339      3.313    10.4864    22.8142 -9.990e-29     6.8512 5.0640e-11  1017.4005    10.4861    17.3853    11.2584    345.819    9.65211  296.47779    116.642 0.0000e+00
   40.96006  -73.57786      3.360      3.334    10.4868    22.8142 -9.990e-29     6.8646 5.0640e-11  1017.4006    10.4864    17.3852    11.2534    345.662    9.65217  296.47915    116.589 0.0000e+00
