CalculateIndicators/WaterTemperature/Data/CTD_NYOS/20240426_C08.cnv
* Sea-Bird SBE 9 Data File:
* FileName = C:\Seabird 9 CTD\Data\2024\202404_offshore\20240426_C08.hex
* Software Version Seasave V 7.23.2
* Temperature SN = 4590
* Conductivity SN = 3228
* Number of Bytes Per Scan = 44
* Number of Voltage Words = 5
* Number of Scans Averaged by the Deck Unit = 1
* NMEA Latitude = 39 36.16 N
* NMEA Longitude = 072 45.30 W
* NMEA UTC (Time) = Apr 26 2024  22:08:35
* NMEA baud rate = 4800
** Ship: Seawolf
** Station: 8.5
** Operator: SJW
# nquan = 18
# nvalues = 14800                       
# units = specified
# name 0 = latitude: Latitude [deg]
# name 1 = longitude: Longitude [deg]
# name 2 = prDM: Pressure, Digiquartz [db]
# name 3 = depSM: Depth [salt water, m]
# name 4 = t090C: Temperature [ITS-90, deg C]
# name 5 = sal00: Salinity, Practical [PSU]
# name 6 = ph: pH
# name 7 = flECO-AFL: Fluorescence, WET Labs ECO-AFL/FL [mg/m^3]
# name 8 = cpar: CPAR/Corrected Irradiance [%]
# name 9 = density00: Density [density, kg/m^3]
# name 10 = potemp090C: Potential Temperature [ITS-90, deg C]
# name 11 = sigma-é00: Density [sigma-theta, kg/m^3]
# name 12 = sbeox0Mg/L: Oxygen, SBE 43 [mg/l]
# name 13 = sbox0Mm/Kg: Oxygen, SBE 43 [umol/kg]
# name 14 = oxsolMg/L: Oxygen Saturation, Garcia & Gordon [mg/l]
# name 15 = oxsolMm/Kg: Oxygen Saturation, Garcia & Gordon [umol/kg]
# name 16 = sbeox0PS: Oxygen, SBE 43 [% saturation]
# name 17 = flag:  0.000e+00
# span 0 =   39.60266,   39.60346       
# span 1 =  -72.75806,  -72.75500       
# span 2 =      1.674,     65.126       
# span 3 =      1.661,     64.619       
# span 4 =     6.0067,     8.0474       
# span 5 =    31.8245,    32.2615       
# span 6 =      7.933,      8.038       
# span 7 =     0.0148,     1.1027       
# span 8 = 5.7940e-14, 4.0936e+00       
# span 9 =  1024.8099,  1025.6823       
# span 10 =     6.0023,     8.0472      
# span 11 =    24.7882,    25.3827      
# span 12 =     9.2566,    10.0285      
# span 13 =    282.113,    305.801      
# span 14 =    9.61569,   10.05611      
# span 15 =  293.21922,  306.48880      
# span 16 =     92.163,    103.801      
# span 17 = 0.0000e+00, 0.0000e+00      
# interval = seconds: 0.0416667
# start_time = Apr 26 2024 22:08:37 [System UTC, first data scan.]
# bad_flag = -9.990e-29
*END*
[from data line 3779]
   39.60286  -72.75580     64.166     63.667     6.0619    32.2607      7.937     0.0551 5.9437e-14  1025.6779     6.0566    25.3817     9.2757    282.696   10.03972  305.97937     92.390 -9.990e-29
   39.60286  -72.75580     64.153     63.654     6.0620    32.2606      7.937     0.0551 5.9437e-14  1025.6774     6.0568    25.3816     9.2745    282.659   10.03969  305.97865     92.379 -9.990e-29
   39.60286  -72.75580     64.155     63.656     6.0622    32.2606      7.937     0.0551 5.9367e-14  1025.6778     6.0570    25.3816     9.2734    282.625   10.03974  305.97989     92.367 -9.990e-29
   39.60286  -72.75580     64.155     63.656     6.0623    32.2605      7.937     0.0551 5.9367e-14  1025.6773     6.0571    25.3815     9.2733    282.622   10.03976  305.98065     92.366 -9.990e-29
   39.60286  -72.75580     64.153     63.654     6.0620    32.2605      7.937     0.0551 5.9297e-14  1025.6776     6.0568    25.3815     9.2733    282.620   10.03974  305.98007     92.366 -9.990e-29
   39.60286  -72.75580     64.155     63.656     6.0622    32.2606      7.942     0.0551 5.9297e-14  1025.6777     6.0570    25.3815     9.2732    282.619   10.03975  305.98022     92.365 -9.990e-29
   39.60286  -72.75580     64.155     63.656     6.0620    32.2605      7.942     0.0551 5.9228e-14  1025.6775     6.0568    25.3815     9.2722    282.588   10.03975  305.98040     92.355 -9.990e-29
   39.60286  -72.75580     64.153     63.654     6.0619    32.2604      7.937     0.0416 5.9228e-14  1025.6776     6.0567    25.3814     9.2722    282.587   10.03972  305.97944     92.355 -9.990e-29
   39.60286  -72.75582     64.166     63.667     6.0616    32.2603      7.937     0.0416 5.9228e-14  1025.6774     6.0564    25.3814     9.2722    282.588   10.03971  305.97900     92.355 -9.990e-29
   39.60286  -72.75582     64.166     63.667     6.0617    32.2603      7.942     0.0416 5.9159e-14  1025.6776     6.0565    25.3815     9.2723    282.592   10.03972  305.97932     92.356 -9.990e-29
   39.60286  -72.75582     64.153     63.654     6.0615    32.2603      7.937     0.0551 5.9159e-14  1025.6776     6.0563    25.3815     9.2725    282.596   10.03974  305.97998     92.358 -9.990e-29
   39.60286  -72.75582     64.176     63.676     6.0616    32.2603      7.937     0.0551 5.9159e-14  1025.6774     6.0564    25.3814     9.2726    282.601   10.03972  305.97934     92.360 -9.990e-29
   39.60286  -72.75582     64.166     63.667     6.0617    32.2604      7.937     0.0551 5.9159e-14  1025.6776     6.0565    25.3814     9.2729    282.608   10.03971  305.97905     92.362 -9.990e-29
   39.60286  -72.75582     64.173     63.673     6.0617    32.2604      7.942     0.0551 5.9159e-14  1025.6776     6.0565    25.3814     9.2731    282.615   10.03968  305.97803     92.365 -9.990e-29
   39.60286  -72.75582     64.176     63.676     6.0616    32.2604      7.937     0.0416 5.9159e-14  1025.6778     6.0564    25.3814     9.2734    282.626   10.03972  305.97938     92.368 -9.990e-29
   39.60286  -72.75582     64.185     63.686     6.0617    32.2602      7.937     0.0551 5.9159e-14  1025.6774     6.0565    25.3813     9.2672    282.436   10.03971  305.97930     92.306 -9.990e-29
   39.60286  -72.75582     64.184     63.684     6.0617    32.2601      7.942     0.0551 5.9159e-14  1025.6773     6.0565    25.3812     9.2732    282.617   10.03967  305.97791     92.365 -9.990e-29
   39.60286  -72.75582     64.196     63.697     6.0614    32.2602      7.937     0.0685 5.9159e-14  1025.6776     6.0562    25.3813     9.2737    282.632   10.03967  305.97794     92.370 -9.990e-29
   39.60286  -72.75582     64.196     63.697     6.0616    32.2603      7.942     0.0685 5.9090e-14  1025.6775     6.0564    25.3814     9.2742    282.648   10.03968  305.97810     92.375 -9.990e-29
   39.60286  -72.75582     64.205     63.705     6.0612    32.2604      7.937     0.0551 5.9090e-14  1025.6779     6.0560    25.3815     9.2748    282.666   10.03970  305.97873     92.381 -9.990e-29
   39.60286  -72.75582     64.206     63.706     6.0614    32.2604      7.937     0.0551 5.9090e-14  1025.6779     6.0562    25.3815     9.2688    282.484   10.03970  305.97890     92.321 -9.990e-29
   39.60286  -72.75582     64.217     63.717     6.0616    32.2603 -9.990e-29     0.0685 5.9159e-14  1025.6776     6.0564    25.3814     9.2750    282.674   10.03969  305.97844     92.384 -9.990e-29
   39.60286  -72.75582     64.214     63.715     6.0614    32.2601 -9.990e-29     0.0685 5.9159e-14  1025.6777     6.0562    25.3813     9.2758    282.696   10.03968  305.97816     92.391 -9.990e-29
   39.60286  -72.75582     64.236     63.737     6.0614    32.2600 -9.990e-29     0.0551 5.9159e-14  1025.6776     6.0562    25.3812     9.2766    282.721   10.03972  305.97951     92.399 -9.990e-29
   39.60286  -72.75582     64.236     63.737     6.0614    32.2600 -9.990e-29     0.0685 5.9159e-14  1025.6776     6.0562    25.3812     9.2774    282.745   10.03970  305.97860     92.407 -9.990e-29
   39.60286  -72.75582     64.235     63.735     6.0612    32.2601 -9.990e-29     0.0685 5.9159e-14  1025.6777     6.0560    25.3813     9.2772    282.740   10.03970  305.97877     92.405 -9.990e-29
   39.60286  -72.75582     64.247     63.748     6.0610    32.2602 -9.990e-29     0.0551 5.9159e-14  1025.6779     6.0558    25.3814     9.2781    282.767   10.03974  305.98003     92.414 -9.990e-29
   39.60286  -72.75582     64.257     63.757     6.0611    32.2602 -9.990e-29     0.0685 5.9228e-14  1025.6779     6.0559    25.3814     9.2789    282.793   10.03970  305.97869     92.422 -9.990e-29
   39.60286  -72.75582     64.256     63.756     6.0612    32.2603 -9.990e-29     0.0551 5.9228e-14  1025.6780     6.0560    25.3814     9.2788    282.790   10.03973  305.97958     92.421 -9.990e-29
   39.60286  -72.75582     64.278     63.778     6.0610    32.2603 -9.990e-29     0.0551 5.9228e-14  1025.6783     6.0558    25.3814     9.2798    282.819   10.03973  305.97974     92.431 -9.990e-29
   39.60286  -72.75582     64.278     63.778     6.0612    32.2601 -9.990e-29     0.0551 5.9297e-14  1025.6777     6.0560    25.3813     9.2808    282.849   10.03974  305.98023     92.440 -9.990e-29
   39.60286  -72.75582     64.286     63.786     6.0609    32.2601 -9.990e-29     0.0551 5.9297e-14  1025.6781     6.0557    25.3813     9.2807    282.848   10.03972  305.97947     92.440 -9.990e-29
   39.60286  -72.75582     64.299     63.798     6.0612    32.2601 -9.990e-29     0.0685 5.9297e-14  1025.6779     6.0560    25.3813     9.2807    282.848   10.03976  305.98059     92.440 -9.990e-29
   39.60286  -72.75582     64.296     63.796     6.0609    32.2602 -9.990e-29     0.0551 5.9297e-14  1025.6780     6.0557    25.3814     9.2807    282.846   10.03972  305.97933     92.440 -9.990e-29
   39.60286  -72.75582     64.319     63.819     6.0607    32.2602 -9.990e-29     0.0685 5.9297e-14  1025.6784     6.0555    25.3814     9.2818    282.879   10.03976  305.98063     92.450 -9.990e-29
   39.60286  -72.75582     64.329     63.828     6.0612    32.2602 -9.990e-29     0.0551 5.9367e-14  1025.6781     6.0560    25.3814     9.2828    282.911   10.03977  305.98077     92.460 -9.990e-29
   39.60286  -72.75582     64.317     63.816     6.0611    32.2603 -9.990e-29     0.0551 5.9367e-14  1025.6782     6.0559    25.3814     9.2828    282.912   10.03972  305.97938     92.461 -9.990e-29
   39.60286  -72.75582     64.340     63.839     6.0611    32.2605 -9.990e-29     0.0685 5.9367e-14  1025.6784     6.0559    25.3816     9.2829    282.913   10.03971  305.97908     92.462 -9.990e-29
   39.60286  -72.75582     64.350     63.849     6.0614    32.2607 -9.990e-29     0.0551 5.9367e-14  1025.6789     6.0562    25.3818     9.2829    282.914   10.03969  305.97837     92.462 -9.990e-29
   39.60286  -72.75582     64.358     63.857     6.0614    32.2608 -9.990e-29     0.0551 5.9437e-14  1025.6789     6.0562    25.3818     9.2840    282.949   10.03973  305.97972     92.473 -9.990e-29
   39.60286  -72.75582     64.359     63.859     6.0617    32.2608 -9.990e-29     0.0551 5.9437e-14  1025.6787     6.0565    25.3818     9.2842    282.952   10.03975  305.98037     92.474 -9.990e-29
   39.60286  -72.75582     64.391     63.890     6.0619    32.2609 -9.990e-29     0.0416 5.9506e-14  1025.6790     6.0566    25.3818     9.2842    282.954   10.03970  305.97902     92.475 -9.990e-29
   39.60286  -72.75582     64.377     63.876     6.0619    32.2609 -9.990e-29     0.0416 5.9576e-14  1025.6791     6.0566    25.3818     9.2843    282.957   10.03973  305.97988     92.476 -9.990e-29
   39.60286  -72.75582     64.401     63.900     6.0620    32.2607 -9.990e-29     0.0551 5.9576e-14  1025.6788     6.0568    25.3817     9.2844    282.961   10.03974  305.97993     92.477 -9.990e-29
   39.60286  -72.75582     64.401     63.900     6.0620    32.2606 -9.990e-29     0.0416 5.9647e-14  1025.6787     6.0568    25.3816     9.2845    282.964   10.03975  305.98041     92.478 -9.990e-29
   39.60286  -72.75582     64.419     63.918     6.0620    32.2607 -9.990e-29     0.0416 5.9647e-14  1025.6790     6.0568    25.3817     9.2846    282.967   10.03976  305.98073     92.479 -9.990e-29
   39.60286  -72.75582     64.422     63.920     6.0622    32.2608 -9.990e-29     0.0416 5.9717e-14  1025.6789     6.0570    25.3818     9.2913    283.170   10.03974  305.97980     92.545 -9.990e-29
   39.60286  -72.75582     64.429     63.927     6.0620    32.2609 -9.990e-29     0.0551 5.9717e-14  1025.6793     6.0568    25.3818     9.2923    283.201   10.03971  305.97901     92.556 -9.990e-29
   39.60286  -72.75582     64.452     63.951     6.0625    32.2608 -9.990e-29     0.0416 5.9787e-14  1025.6790     6.0573    25.3816     9.2934    283.233   10.03974  305.98025     92.566 -9.990e-29
   39.60286  -72.75582     64.452     63.951     6.0627    32.2607 -9.990e-29     0.0551 5.9787e-14  1025.6789     6.0574    25.3816     9.2944    283.263   10.03976  305.98060     92.576 -9.990e-29
   39.60286  -72.75582     64.470     63.968     6.0623    32.2608 -9.990e-29     0.0551 5.9858e-14  1025.6794     6.0571    25.3817     9.2887    283.091   10.03976  305.98075     92.519 -9.990e-29
   39.60286  -72.75582     64.462     63.960     6.0623    32.2608 -9.990e-29     0.0551 5.9858e-14  1025.6791     6.0571    25.3817     9.2886    283.089   10.03978  305.98137     92.518 -9.990e-29
   39.60286  -72.75582     64.494     63.992     6.0623    32.2609 -9.990e-29     0.0551 5.9929e-14  1025.6794     6.0571    25.3818     9.2885    283.085   10.03973  305.97965     92.518 -9.990e-29
   39.60286  -72.75582     64.491     63.989     6.0623    32.2609 -9.990e-29     0.0416 5.9929e-14  1025.6794     6.0571    25.3818     9.2885    283.084   10.03976  305.98077     92.517 -9.990e-29
   39.60286  -72.75582     64.513     64.011     6.0623    32.2608 -9.990e-29     0.0416 6.0000e-14  1025.6794     6.0571    25.3817     9.2884    283.081   10.03976  305.98045     92.516 -9.990e-29
   39.60286  -72.75582     64.513     64.011     6.0625    32.2607 -9.990e-29     0.0416 6.0071e-14  1025.6793     6.0573    25.3816     9.2883    283.079   10.03977  305.98087     92.515 -9.990e-29
   39.60286  -72.75584     64.531     64.029     6.0625    32.2607 -9.990e-29     0.0416 6.0071e-14  1025.6795     6.0573    25.3816     9.2882    283.075   10.03975  305.98026     92.514 -9.990e-29
   39.60286  -72.75584     64.545     64.042     6.0625    32.2608 -9.990e-29     0.0416 6.0142e-14  1025.6794     6.0573    25.3817     9.2947    283.274   10.03974  305.98012     92.579 -9.990e-29
   39.60286  -72.75584     64.552     64.049     6.0623    32.2608 -9.990e-29     0.0551 6.0214e-14  1025.6797     6.0571    25.3817     9.2891    283.101   10.03979  305.98164     92.522 -9.990e-29
   39.60286  -72.75584     64.564     64.062     6.0625    32.2608 -9.990e-29     0.0416 6.0286e-14  1025.6795     6.0573    25.3817     9.2889    283.097   10.03977  305.98092     92.521 -9.990e-29
   39.60286  -72.75584     64.585     64.082     6.0625    32.2608 -9.990e-29     0.0551 6.0358e-14  1025.6797     6.0573    25.3817     9.2888    283.092   10.03976  305.98046     92.520 -9.990e-29
   39.60286  -72.75584     64.593     64.090     6.0627    32.2608 -9.990e-29     0.0551 6.0358e-14  1025.6797     6.0574    25.3817     9.2886    283.087   10.03971  305.97907     92.518 -9.990e-29
   39.60286  -72.75584     64.596     64.093     6.0625    32.2606 -9.990e-29     0.0416 6.0430e-14  1025.6797     6.0573    25.3815     9.2951    283.285   10.03974  305.97996     92.583 -9.990e-29
   39.60286  -72.75584     64.623     64.121     6.0627    32.2605 -9.990e-29     0.0416 6.0502e-14  1025.6794     6.0574    25.3814     9.2893    283.110   10.03977  305.98090     92.525 -9.990e-29
   39.60286  -72.75584     64.626     64.123     6.0627    32.2607 -9.990e-29     0.0416 6.0574e-14  1025.6799     6.0574    25.3816     9.2881    283.072   10.03976  305.98044     92.513 -9.990e-29
   39.60286  -72.75584     64.647     64.144     6.0627    32.2608 -9.990e-29     0.0551 6.0574e-14  1025.6800     6.0574    25.3817     9.2945    283.267   10.03976  305.98073     92.577 -9.990e-29
   39.60286  -72.75584     64.654     64.151     6.0627    32.2607 -9.990e-29     0.0551 6.0647e-14  1025.6800     6.0574    25.3816     9.2886    283.089   10.03975  305.98042     92.519 -9.990e-29
   39.60286  -72.75584     64.668     64.165     6.0627    32.2606 -9.990e-29     0.0416 6.0719e-14  1025.6798     6.0574    25.3814     9.2950    283.282   10.03976  305.98072     92.582 -9.990e-29
   39.60286  -72.75584     64.677     64.174     6.0627    32.2605 -9.990e-29     0.0416 6.0792e-14  1025.6798     6.0574    25.3814     9.2957    283.303   10.03975  305.98041     92.589 -9.990e-29
   39.60286  -72.75584     64.684     64.181     6.0627    32.2606 -9.990e-29     0.0551 6.0865e-14  1025.6800     6.0574    25.3815     9.2952    283.290   10.03971  305.97912     92.585 -9.990e-29
   39.60286  -72.75584     64.708     64.204     6.0627    32.2607 -9.990e-29     0.0551 6.0939e-14  1025.6802     6.0574    25.3815     9.2958    283.307   10.03971  305.97912     92.590 -9.990e-29
   39.60286  -72.75584     64.716     64.213     6.0625    32.2608 -9.990e-29     0.0551 6.1012e-14  1025.6802     6.0573    25.3816     9.2898    283.124   10.03974  305.98007     92.530 -9.990e-29
   39.60286  -72.75584     64.738     64.234     6.0625    32.2608 -9.990e-29     0.0416 6.1086e-14  1025.6806     6.0573    25.3817     9.2894    283.111   10.03980  305.98186     92.526 -9.990e-29
   39.60286  -72.75584     64.749     64.245     6.0625    32.2608 -9.990e-29     0.0416 6.1159e-14  1025.6806     6.0573    25.3817     9.2955    283.297   10.03977  305.98097     92.586 -9.990e-29
   39.60286  -72.75584     64.767     64.263     6.0625    32.2606 -9.990e-29     0.0416 6.1159e-14  1025.6802     6.0573    25.3815     9.2893    283.109   10.03972  305.97939     92.526 -9.990e-29
   39.60286  -72.75584     64.770     64.266     6.0627    32.2605 -9.990e-29     0.0416 6.1233e-14  1025.6803     6.0574    25.3814     9.2954    283.296   10.03979  305.98135     92.586 -9.990e-29
   39.60286  -72.75584     64.787     64.282     6.0625    32.2605 -9.990e-29     0.0416 6.1307e-14  1025.6805     6.0573    25.3814     9.2893    283.109   10.03975  305.98030     92.525 -9.990e-29
   39.60286  -72.75584     64.789     64.285     6.0625    32.2604 -9.990e-29     0.0551 6.1307e-14  1025.6804     6.0573    25.3814     9.2887    283.092   10.03977  305.98092     92.519 -9.990e-29
   39.60286  -72.75584     64.810     64.306     6.0625    32.2604 -9.990e-29     0.0551 6.1382e-14  1025.6804     6.0573    25.3814     9.2882    283.075   10.03978  305.98122     92.514 -9.990e-29
   39.60286  -72.75584     64.828     64.324     6.0625    32.2605 -9.990e-29     0.0551 6.1382e-14  1025.6807     6.0573    25.3815     9.2877    283.059   10.03983  305.98270     92.508 -9.990e-29
