CalculateIndicators/WaterTemperature/Data/CTD_NYOS/20240911_C02.cnv
* Sea-Bird SBE 9 Data File:
* FileName = C:\Seabird 9 CTD\Data\2024\202409_offshore\20240911_C02.hex
* Software Version Seasave V 7.23.2
* Temperature SN = 4590
* Conductivity SN = 3228
* Number of Bytes Per Scan = 44
* Number of Voltage Words = 5
* Number of Scans Averaged by the Deck Unit = 1
* NMEA Latitude = 40 25.63 N
* NMEA Longitude = 073 50.21 W
* NMEA UTC (Time) = Sep 11 2024  22:59:46
* NMEA baud rate = 4800
** Ship: Seawolf
** Station: HR1
** Operator: TCM
# nquan = 18
# nvalues = 10857                       
# units = specified
# name 0 = latitude: Latitude [deg]
# name 1 = longitude: Longitude [deg]
# name 2 = prDM: Pressure, Digiquartz [db]
# name 3 = depSM: Depth [salt water, m]
# name 4 = t090C: Temperature [ITS-90, deg C]
# name 5 = sal00: Salinity, Practical [PSU]
# name 6 = ph: pH
# name 7 = flECO-AFL: Fluorescence, WET Labs ECO-AFL/FL [mg/m^3]
# name 8 = cpar: CPAR/Corrected Irradiance [%]
# name 9 = density00: Density [density, kg/m^3]
# name 10 = potemp090C: Potential Temperature [ITS-90, deg C]
# name 11 = sigma-é00: Density [sigma-theta, kg/m^3]
# name 12 = sbeox0Mg/L: Oxygen, SBE 43 [mg/l]
# name 13 = sbox0Mm/Kg: Oxygen, SBE 43 [umol/kg]
# name 14 = oxsolMg/L: Oxygen Saturation, Garcia & Gordon [mg/l]
# name 15 = oxsolMm/Kg: Oxygen Saturation, Garcia & Gordon [umol/kg]
# name 16 = sbeox0PS: Oxygen, SBE 43 [% saturation]
# name 17 = flag:  0.000e+00
# span 0 =   40.42724,   40.42754       
# span 1 =  -73.83690,  -73.83636       
# span 2 =      1.619,     21.786       
# span 3 =      1.606,     21.617       
# span 4 =    10.4338,    20.9842       
# span 5 =    30.3751,    31.8901       
# span 6 =      7.750,      8.284       
# span 7 =     0.4311,     3.7889       
# span 8 = 1.3326e-12, 1.7758e+01       
# span 9 =  1020.9487,  1024.5088       
# span 10 =    10.4313,    20.9826      
# span 11 =    20.9912,    24.4106      
# span 12 =     5.4392,     8.7959      
# span 13 =    166.219,    269.214      
# span 14 =    7.46170,    9.12554      
# span 15 =  228.37924,  278.39224      
# span 16 =     62.996,    117.880      
# span 17 = 0.0000e+00, 0.0000e+00      
# interval = seconds: 0.0416667
# start_time = Sep 11 2024 22:59:49 [System UTC, first data scan.]
# bad_flag = -9.990e-29
*END*
[from data line 4262]
   40.42734  -73.83668     18.003     17.863    11.2853    31.7691      7.756     0.6192 1.6335e-12  1024.2922    11.2831    24.2108     5.9674    182.085    8.93537  272.64759     66.784 -9.990e-29
   40.42734  -73.83668     17.993     17.854    11.2916    31.7688      7.756     0.6192 1.6335e-12  1024.2909    11.2894    24.2094     5.9676    182.092    8.93499  272.63631     66.789 -9.990e-29
   40.42734  -73.83668     18.003     17.863    11.2983    31.7676      7.756     0.6192 1.6335e-12  1024.2884    11.2961    24.2073     5.9678    182.096    8.93469  272.62749     66.793 -9.990e-29
   40.42734  -73.83668     17.982     17.843    11.3048    31.7659      7.756     0.6192 1.6335e-12  1024.2858    11.3026    24.2049     5.9740    182.288    8.93441  272.61912     66.866 -9.990e-29
   40.42734  -73.83668     17.982     17.843    11.3107    31.7640      7.756     0.6192 1.6335e-12  1024.2835    11.3086    24.2022     5.9746    182.306    8.93418  272.61249     66.874 -9.990e-29
   40.42734  -73.83668     17.982     17.843    11.3176    31.7616      7.756     0.6192 1.6335e-12  1024.2802    11.3154    24.1992     5.9757    182.339    8.93387  272.60333     66.888 -9.990e-29
   40.42734  -73.83668     17.973     17.833    11.3239    31.7586      7.756     0.6192 1.6335e-12  1024.2769    11.3217    24.1958     5.9705    182.179    8.93368  272.59744     66.831 -9.990e-29
   40.42734  -73.83668     17.973     17.833    11.3302    31.7554      7.756     0.6192 1.6335e-12  1024.2730    11.3280    24.1921     5.9762    182.354    8.93345  272.59041     66.897 -9.990e-29
   40.42734  -73.83668     17.973     17.833    11.3354    31.7522      7.756     0.6192 1.6335e-12  1024.2692    11.3332    24.1887     5.9817    182.522    8.93315  272.58130     66.960 -9.990e-29
   40.42734  -73.83668     17.963     17.824    11.3402    31.7496      7.756     0.6192 1.6335e-12  1024.2665    11.3381    24.1859     5.9766    182.367    8.93288  272.57307     66.906 -9.990e-29
   40.42734  -73.83668     17.973     17.833    11.3442    31.7473      7.756     0.6192 1.6335e-12  1024.2643    11.3420    24.1835     5.9769    182.375    8.93260  272.56426     66.911 -9.990e-29
   40.42734  -73.83668     17.963     17.824    11.3484    31.7453      7.756     0.6192 1.6335e-12  1024.2618    11.3462    24.1812     5.9826    182.548    8.93223  272.55270     66.977 -9.990e-29
   40.42734  -73.83668     17.952     17.813    11.3517    31.7434      7.756     0.6192 1.6335e-12  1024.2597    11.3496    24.1790     5.9832    182.567    8.93189  272.54190     66.987 -9.990e-29
   40.42734  -73.83668     17.963     17.824    11.3547    31.7416      7.756     0.6192 1.6335e-12  1024.2578    11.3525    24.1772     5.9774    182.389    8.93151  272.53009     66.924 -9.990e-29
   40.42734  -73.83668     17.963     17.824    11.3572    31.7403      7.756     0.6192 1.6335e-12  1024.2561    11.3551    24.1757     5.9824    182.542    8.93098  272.51368     66.985 -9.990e-29
   40.42734  -73.83668     17.952     17.813    11.3588    31.7395      7.756     0.6192 1.6335e-12  1024.2554    11.3567    24.1746     5.9817    182.521    8.93048  272.49816     66.981 -9.990e-29
   40.42734  -73.83668     17.952     17.813    11.3607    31.7390      7.756     0.6192 1.6335e-12  1024.2547    11.3585    24.1739     5.9815    182.514    8.92996  272.48240     66.982 -9.990e-29
   40.42734  -73.83668     17.963     17.824    11.3626    31.7387      7.756     0.6192 1.6335e-12  1024.2541    11.3604    24.1734     5.9810    182.501    8.92936  272.46422     66.982 -9.990e-29
   40.42734  -73.83668     17.942     17.803    11.3638    31.7386      7.756     0.6192 1.6335e-12  1024.2537    11.3616    24.1731     5.9804    182.482    8.92875  272.44563     66.979 -9.990e-29
   40.42734  -73.83668     17.962     17.823    11.3659    31.7388      7.756     0.6192 1.6335e-12  1024.2535    11.3637    24.1730     5.9796    182.457    8.92807  272.42534     66.975 -9.990e-29
   40.42734  -73.83668     17.952     17.813    11.3674    31.7392      7.756     0.6192 1.6335e-12  1024.2540    11.3652    24.1730     5.9786    182.427    8.92741  272.40564     66.969 -9.990e-29
   40.42734  -73.83668     17.942     17.803    11.3688    31.7394      7.756     0.6192 1.6335e-12  1024.2537    11.3666    24.1728     5.9775    182.394    8.92683  272.38845     66.961 -9.990e-29
   40.42734  -73.83668     17.952     17.813    11.3700    31.7390      7.756     0.6192 1.6335e-12  1024.2531    11.3679    24.1723     5.9818    182.526    8.92631  272.37299     67.013 -9.990e-29
   40.42734  -73.83668     17.952     17.813    11.3709    31.7383      7.756     0.6192 1.6335e-12  1024.2524    11.3688    24.1716     5.9755    182.335    8.92584  272.35936     66.946 -9.990e-29
   40.42734  -73.83668     17.952     17.813    11.3717    31.7376      7.755     0.6192 1.6335e-12  1024.2517    11.3696    24.1709     5.9741    182.291    8.92552  272.35029     66.933 -9.990e-29
   40.42734  -73.83668     17.942     17.803    11.3725    31.7371      7.755     0.6192 1.6335e-12  1024.2510    11.3704    24.1704     5.9788    182.435    8.92533  272.34507     66.987 -9.990e-29
   40.42734  -73.83668     17.942     17.803    11.3732    31.7368      7.755     0.6057 1.6335e-12  1024.2506    11.3711    24.1701     5.9731    182.261    8.92529  272.34458     66.923 -9.990e-29
   40.42734  -73.83668     17.952     17.813    11.3742    31.7370      7.755     0.6057 1.6335e-12  1024.2504    11.3721    24.1701     5.9722    182.234    8.92544  272.35013     66.912 -9.990e-29
   40.42734  -73.83668     17.942     17.803    11.3751    31.7377      7.755     0.6057 1.6335e-12  1024.2513    11.3729    24.1704     5.9712    182.205    8.92569  272.35811     66.899 -9.990e-29
   40.42734  -73.83668     17.942     17.803    11.3762    31.7386      7.755     0.5923 1.6335e-12  1024.2516    11.3741    24.1709     5.9756    182.340    8.92587  272.36385     66.947 -9.990e-29
   40.42734  -73.83668     17.942     17.803    11.3779    31.7396      7.755     0.6057 1.6335e-12  1024.2517    11.3757    24.1714     5.9750    182.321    8.92609  272.37064     66.939 -9.990e-29
   40.42734  -73.83668     17.933     17.794    11.3792    31.7411      7.755     0.5923 1.6335e-12  1024.2529    11.3770    24.1723     5.9742    182.298    8.92630  272.37753     66.928 -9.990e-29
   40.42734  -73.83668     17.933     17.794    11.3807    31.7428      7.755     0.5923 1.6335e-12  1024.2541    11.3785    24.1734     5.9685    182.122    8.92657  272.38600     66.862 -9.990e-29
   40.42734  -73.83668     17.933     17.794    11.3827    31.7445      7.755     0.6057 1.6335e-12  1024.2550    11.3805    24.1743     5.9676    182.095    8.92695  272.39811     66.849 -9.990e-29
   40.42734  -73.83668     17.942     17.803    11.3852    31.7461      7.755     0.5923 1.6335e-12  1024.2560    11.3830    24.1750     5.9722    182.236    8.92748  272.41468     66.897 -9.990e-29
   40.42734  -73.83668     17.922     17.783    11.3884    31.7473      7.755     0.5923 1.6335e-12  1024.2563    11.3862    24.1753     5.9718    182.225    8.92799  272.43055     66.888 -9.990e-29
   40.42734  -73.83668     17.922     17.783    11.3921    31.7477      7.755     0.6057 1.6335e-12  1024.2562    11.3900    24.1750     5.9657    182.038    8.92845  272.44430     66.817 -9.990e-29
   40.42734  -73.83668     17.922     17.783    11.3964    31.7473      7.755     0.5923 1.6335e-12  1024.2548    11.3942    24.1741     5.9587    181.824    8.92879  272.45436     66.736 -9.990e-29
   40.42734  -73.83668     17.912     17.773    11.4003    31.7464 -9.990e-29     0.5923 1.6335e-12  1024.2535    11.3981    24.1727     5.9627    181.947    8.92912  272.46383     66.779 -9.990e-29
   40.42734  -73.83668     17.912     17.773    11.4041    31.7451 -9.990e-29     0.6057 1.6335e-12  1024.2516    11.4019    24.1710     5.9617    181.916    8.92930  272.46851     66.766 -9.990e-29
   40.42734  -73.83668     17.922     17.783    11.4079    31.7434 -9.990e-29     0.6057 1.6335e-12  1024.2497    11.4058    24.1690     5.9605    181.877    8.92927  272.46660     66.752 -9.990e-29
   40.42734  -73.83668     17.901     17.762    11.4117    31.7416 -9.990e-29     0.6057 1.6335e-12  1024.2472    11.4096    24.1669     5.9591    181.835    8.92921  272.46401     66.737 -9.990e-29
   40.42734  -73.83668     17.901     17.762    11.4147    31.7400 -9.990e-29     0.5923 1.6335e-12  1024.2456    11.4126    24.1651     5.9584    181.812    8.92916  272.46196     66.729 -9.990e-29
   40.42734  -73.83668     17.901     17.762    11.4179    31.7386 -9.990e-29     0.6057 1.6335e-12  1024.2437    11.4158    24.1635     5.9569    181.769    8.92921  272.46390     66.713 -9.990e-29
   40.42734  -73.83668     17.891     17.753    11.4207    31.7377 -9.990e-29     0.6057 1.6335e-12  1024.2426    11.4185    24.1622     5.9556    181.730    8.92958  272.47595     66.696 -9.990e-29
   40.42734  -73.83668     17.891     17.753    11.4231    31.7370 -9.990e-29     0.5923 1.6335e-12  1024.2417    11.4210    24.1613     5.9495    181.542    8.93005  272.49090     66.623 -9.990e-29
   40.42734  -73.83668     17.882     17.743    11.4252    31.7364 -9.990e-29     0.5923 1.6335e-12  1024.2410    11.4230    24.1604     5.9482    181.502    8.93047  272.50369     66.605 -9.990e-29
   40.42734  -73.83668     17.882     17.743    11.4278    31.7355 -9.990e-29     0.5923 1.6335e-12  1024.2397    11.4256    24.1593     5.9469    181.462    8.93098  272.51938     66.587 -9.990e-29
   40.42734  -73.83668     17.871     17.732    11.4298    31.7346 -9.990e-29     0.5923 1.6335e-12  1024.2387    11.4277    24.1582     5.9454    181.416    8.93125  272.52757     66.568 -9.990e-29
   40.42734  -73.83668     17.882     17.743    11.4321    31.7337 -9.990e-29     0.6057 1.6335e-12  1024.2375    11.4300    24.1571     5.9493    181.537    8.93144  272.53280     66.611 -9.990e-29
   40.42734  -73.83668     17.861     17.723    11.4340    31.7327 -9.990e-29     0.6326 1.6335e-12  1024.2364    11.4318    24.1560     5.9426    181.333    8.93140  272.53111     66.537 -9.990e-29
   40.42734  -73.83668     17.871     17.732    11.4358    31.7316 -9.990e-29     0.6460 1.6335e-12  1024.2351    11.4337    24.1549     5.9408    181.276    8.93135  272.52918     66.516 -9.990e-29
   40.42734  -73.83668     17.852     17.713    11.4373    31.7307 -9.990e-29     0.6595 1.6335e-12  1024.2341    11.4351    24.1539     5.9396    181.240    8.93127  272.52599     66.504 -9.990e-29
   40.42734  -73.83668     17.861     17.723    11.4391    31.7302 -9.990e-29     0.6460 1.6335e-12  1024.2332    11.4369    24.1532     5.9383    181.199    8.93097  272.51595     66.491 -9.990e-29
   40.42734  -73.83668     17.852     17.713    11.4401    31.7300 -9.990e-29     0.6460 1.6335e-12  1024.2330    11.4380    24.1528     5.9370    181.160    8.93075  272.50905     66.478 -9.990e-29
   40.42734  -73.83668     17.852     17.713    11.4413    31.7302 -9.990e-29     0.6460 1.6335e-12  1024.2330    11.4391    24.1527     5.9352    181.106    8.93084  272.51237     66.458 -9.990e-29
   40.42734  -73.83668     17.841     17.702    11.4428    31.7305 -9.990e-29     0.6460 1.6335e-12  1024.2328    11.4406    24.1528     5.9286    180.904    8.93099  272.51727     66.383 -9.990e-29
   40.42734  -73.83668     17.852     17.713    11.4439    31.7311 -9.990e-29     0.6460 1.6335e-12  1024.2333    11.4418    24.1530     5.9331    181.041    8.93105  272.51933     66.432 -9.990e-29
   40.42734  -73.83668     17.831     17.693    11.4453    31.7322 -9.990e-29     0.6460 1.6335e-12  1024.2333    11.4432    24.1536     5.9266    180.842    8.93120  272.52411     66.358 -9.990e-29
   40.42734  -73.83668     17.852     17.713    11.4466    31.7338 -9.990e-29     0.6460 1.6335e-12  1024.2348    11.4445    24.1546     5.9305    180.963    8.93146  272.53241     66.401 -9.990e-29
   40.42734  -73.83668     17.831     17.693    11.4478    31.7358 -9.990e-29     0.6460 1.6335e-12  1024.2362    11.4456    24.1559     5.9304    180.959    8.93175  272.54156     66.397 -9.990e-29
   40.42734  -73.83668     17.831     17.693    11.4491    31.7377 -9.990e-29     0.6460 1.6335e-12  1024.2375    11.4470    24.1571     5.9247    180.784    8.93197  272.54860     66.331 -9.990e-29
   40.42734  -73.83668     17.841     17.702    11.4514    31.7392 -9.990e-29     0.6460 1.6335e-12  1024.2385    11.4493    24.1579     5.9176    180.570    8.93227  272.55755     66.250 -9.990e-29
   40.42734  -73.83668     17.831     17.693    11.4538    31.7403 -9.990e-29     0.6460 1.6335e-12  1024.2387    11.4517    24.1583     5.9163    180.528    8.93254  272.56582     66.233 -9.990e-29
   40.42734  -73.83668     17.831     17.693    11.4564    31.7409 -9.990e-29     0.6460 1.6335e-12  1024.2386    11.4542    24.1583     5.9149    180.486    8.93277  272.57248     66.216 -9.990e-29
   40.42734  -73.83668     17.831     17.693    11.4594    31.7413 -9.990e-29     0.6460 1.6335e-12  1024.2384    11.4572    24.1580     5.9137    180.449    8.93303  272.58062     66.200 -9.990e-29
   40.42734  -73.83668     17.831     17.693    11.4626    31.7411 -9.990e-29     0.6460 1.6335e-12  1024.2380    11.4604    24.1574     5.9126    180.415    8.93332  272.58941     66.186 -9.990e-29
   40.42734  -73.83668     17.841     17.702    11.4665    31.7403 -9.990e-29     0.6460 1.6335e-12  1024.2364    11.4644    24.1560     5.9115    180.381    8.93355  272.59650     66.172 -9.990e-29
   40.42734  -73.83668     17.831     17.693    11.4704    31.7390 -9.990e-29     0.6460 1.6335e-12  1024.2346    11.4682    24.1544     5.9105    180.352    8.93383  272.60488     66.159 -9.990e-29
   40.42734  -73.83668     17.841     17.702    11.4738    31.7376 -9.990e-29     0.6460 1.6335e-12  1024.2329    11.4717    24.1527     5.9041    180.156    8.93409  272.61282     66.085 -9.990e-29
   40.42734  -73.83668     17.831     17.693    11.4770    31.7357 -9.990e-29     0.6460 1.6335e-12  1024.2313    11.4748    24.1506     5.9027    180.114    8.93449  272.62501     66.067 -9.990e-29
   40.42734  -73.83668     17.831     17.693    11.4804    31.7333 -9.990e-29     0.6460 1.6335e-12  1024.2282    11.4782    24.1482     5.9021    180.096    8.93482  272.63478     66.058 -9.990e-29
   40.42734  -73.83668     17.850     17.712    11.4828    31.7307 -9.990e-29     0.6595 1.6335e-12  1024.2260    11.4806    24.1458     5.9010    180.062    8.93521  272.64674     66.042 -9.990e-29
   40.42734  -73.83668     17.841     17.702    11.4845    31.7279 -9.990e-29     0.6460 1.6335e-12  1024.2238    11.4823    24.1433     5.9000    180.032    8.93563  272.65930     66.028 -9.990e-29
   40.42734  -73.83668     17.852     17.713    11.4858    31.7246 -9.990e-29     0.6326 1.6335e-12  1024.2208    11.4837    24.1405     5.9053    180.194    8.93592  272.66810     66.085 -9.990e-29
   40.42734  -73.83668     17.852     17.713    11.4863    31.7214 -9.990e-29     0.6192 1.6335e-12  1024.2174    11.4841    24.1379     5.8997    180.022    8.93635  272.68104     66.019 -9.990e-29
   40.42734  -73.83668     17.852     17.713    11.4855    31.7191 -9.990e-29     0.6192 1.6335e-12  1024.2162    11.4833    24.1363     5.8990    180.000    8.93664  272.68966     66.009 -9.990e-29
   40.42734  -73.83668     17.852     17.713    11.4848    31.7177 -9.990e-29     0.6192 1.6335e-12  1024.2156    11.4826    24.1353     5.8984    179.980    8.93690  272.69767     66.000 -9.990e-29
   40.42734  -73.83668     17.861     17.723    11.4840    31.7163 -9.990e-29     0.6192 1.6335e-12  1024.2149    11.4818    24.1343     5.8986    179.989    8.93733  272.71071     66.000 -9.990e-29
