CalculateIndicators/WaterTemperature/Data/CTD_NYOS/20240426_C02.cnv
* Sea-Bird SBE 9 Data File:
* FileName = C:\Seabird 9 CTD\Data\2024\202404_offshore\20240426_C02.hex
* Software Version Seasave V 7.23.2
* Temperature SN = 4590
* Conductivity SN = 3228
* Number of Bytes Per Scan = 44
* Number of Voltage Words = 5
* Number of Scans Averaged by the Deck Unit = 1
* NMEA Latitude = 40 25.80 N
* NMEA Longitude = 073 50.34 W
* NMEA UTC (Time) = Apr 26 2024  07:21:48
* NMEA baud rate = 4800
** Ship: Seawolf
** Station: HR1
** Operator: TDK
# nquan = 18
# nvalues = 11022                       
# units = specified
# name 0 = latitude: Latitude [deg]
# name 1 = longitude: Longitude [deg]
# name 2 = prDM: Pressure, Digiquartz [db]
# name 3 = depSM: Depth [salt water, m]
# name 4 = t090C: Temperature [ITS-90, deg C]
# name 5 = sal00: Salinity, Practical [PSU]
# name 6 = ph: pH
# name 7 = flECO-AFL: Fluorescence, WET Labs ECO-AFL/FL [mg/m^3]
# name 8 = cpar: CPAR/Corrected Irradiance [%]
# name 9 = density00: Density [density, kg/m^3]
# name 10 = potemp090C: Potential Temperature [ITS-90, deg C]
# name 11 = sigma-é00: Density [sigma-theta, kg/m^3]
# name 12 = sbeox0Mg/L: Oxygen, SBE 43 [mg/l]
# name 13 = sbox0Mm/Kg: Oxygen, SBE 43 [umol/kg]
# name 14 = oxsolMg/L: Oxygen Saturation, Garcia & Gordon [mg/l]
# name 15 = oxsolMm/Kg: Oxygen Saturation, Garcia & Gordon [umol/kg]
# name 16 = sbeox0PS: Oxygen, SBE 43 [% saturation]
# name 17 = flag:  0.000e+00
# span 0 =   40.43004,   40.43012       
# span 1 =  -73.83928,  -73.83914       
# span 2 =      1.921,     19.527       
# span 3 =      1.906,     19.375       
# span 4 =     8.2835,     9.9912       
# span 5 =    28.0480,    30.4484       
# span 6 =      7.952,      8.131       
# span 7 =     0.8072,     1.3176       
# span 8 = 2.5320e-11, 9.9999e+04       
# span 9 =  1021.5468,  1023.7433       
# span 10 =     8.2817,     9.9910      
# span 11 =    21.5512,    23.6555      
# span 12 =     8.7679,    10.0693      
# span 13 =    267.673,    307.914      
# span 14 =    9.41865,    9.65449      
# span 15 =  288.06477,  294.73666      
# span 16 =     90.873,    106.726      
# span 17 = 0.0000e+00, 0.0000e+00      
# interval = seconds: 0.0416667
# start_time = Apr 26 2024 07:21:50 [System UTC, first data scan.]
# bad_flag = -9.990e-29
*END*
[from data line 3940]
   40.43012  -73.83922     17.069     16.936     8.3967    30.4317      7.953     1.0490 2.5320e-11  1023.7107     8.3950    23.6323     8.8880    271.444    9.57390  292.39105     92.836 0.0000e+00
   40.43012  -73.83922     17.049     16.917     8.4125    30.4248      7.953     1.0355 2.5320e-11  1023.7049     8.4109    23.6244     8.8910    271.537    9.57364  292.38413     92.870 0.0000e+00
   40.43012  -73.83922     17.038     16.906     8.4342    30.4146      7.957     1.0355 2.5320e-11  1023.6921     8.4325    23.6136     8.8927    271.590    9.57332  292.37597     92.891 0.0000e+00
   40.43012  -73.83922     17.016     16.885     8.4553    30.4027      7.952     1.0355 2.5320e-11  1023.6784     8.4536    23.6015     8.8941    271.633    9.57305  292.36927     92.907 0.0000e+00
   40.43012  -73.83922     16.998     16.867     8.4705    30.3923      7.952     1.0355 2.5320e-11  1023.6666     8.4688    23.5913     8.9018    271.870    9.57267  292.35932     92.992 0.0000e+00
   40.43012  -73.83922     16.978     16.846     8.4785    30.3854      7.952     1.0490 2.5320e-11  1023.6610     8.4768    23.5842     8.9099    272.120    9.57228  292.34829     93.081 0.0000e+00
   40.43012  -73.83922     16.956     16.824     8.4868    30.3796      7.952     1.0490 2.5320e-11  1023.6581     8.4852    23.5780     8.9126    272.201    9.57203  292.34126     93.111 0.0000e+00
   40.43012  -73.83922     16.947     16.816     8.5043    30.3705      7.952     1.0490 2.5320e-11  1023.6487     8.5027    23.5685     8.9147    272.266    9.57172  292.33261     93.136 0.0000e+00
   40.43012  -73.83922     16.917     16.786     8.5278    30.3575      7.952     1.0355 2.5320e-11  1023.6322     8.5262    23.5556     8.9225    272.505    9.57150  292.32658     93.220 0.0000e+00
   40.43012  -73.83922     16.895     16.764     8.5465    30.3456      7.952     1.0355 2.5320e-11  1023.6171     8.5449    23.5441     8.9247    272.572    9.57132  292.32105     93.244 0.0000e+00
   40.43012  -73.83922     16.866     16.736     8.5497    30.3393      7.952     1.0355 2.5320e-11  1023.6130     8.5480    23.5382     8.9333    272.835    9.57117  292.31648     93.336 0.0000e+00
   40.43012  -73.83922     16.855     16.725     8.5473    30.3364      7.952     1.0355 2.5320e-11  1023.6147     8.5457    23.5354     8.9363    272.925    9.57103  292.31186     93.368 0.0000e+00
   40.43012  -73.83922     16.833     16.703     8.5555    30.3314      7.952     1.0355 2.5320e-11  1023.6095     8.5538    23.5304     8.9450    273.190    9.57106  292.31209     93.459 0.0000e+00
   40.43012  -73.83922     16.815     16.685     8.5687    30.3226      7.957     1.0355 2.5320e-11  1023.5998     8.5670    23.5220     8.9475    273.267    9.57150  292.32390     93.481 0.0000e+00
   40.43012  -73.83922     16.785     16.655     8.5826    30.3119      7.952     1.0355 2.5320e-11  1023.5881     8.5810    23.5118     8.9503    273.350    9.57183  292.33167     93.507 -9.990e-29
   40.43012  -73.83922     16.784     16.654     8.5931    30.3007      7.952     1.0355 2.5320e-11  1023.5784     8.5915    23.5014     8.9527    273.421    9.57231  292.34384     93.527 -9.990e-29
   40.43012  -73.83922     16.744     16.614     8.6018    30.2884      7.956     1.0490 2.5320e-11  1023.5686     8.6001    23.4902     8.9670    273.856    9.57300  292.36430     93.669 -9.990e-29
   40.43012  -73.83922     16.744     16.614     8.6153    30.2737      7.956     1.0355 2.5320e-11  1023.5538     8.6136    23.4769     8.9694    273.931    9.57306  292.36820     93.694 -9.990e-29
   40.43012  -73.83922     16.703     16.573     8.6303    30.2588      7.956     1.0355 2.5320e-11  1023.5374     8.6287    23.4634     8.9757    274.126    9.57249  292.35276     93.766 0.0000e+00
   40.43012  -73.83922     16.693     16.564     8.6401    30.2469      7.956     1.0490 2.5320e-11  1023.5274     8.6385    23.4526     8.9771    274.170    9.57198  292.33824     93.785 0.0000e+00
   40.43012  -73.83922     16.663     16.534     8.6454    30.2369      7.956     1.0490 2.5320e-11  1023.5213     8.6438    23.4436     8.9782    274.202    9.57169  292.32937     93.799 0.0000e+00
   40.43012  -73.83922     16.652     16.523     8.6535    30.2250      7.956     1.0490 5.0640e-11  1023.5110     8.6519    23.4330     8.9848    274.405    9.57153  292.32337     93.870 0.0000e+00
   40.43012  -73.83922     16.623     16.494     8.6636    30.2096      7.956     1.0490 5.0640e-11  1023.4966     8.6620    23.4196     8.9870    274.470    9.57185  292.33174     93.890 0.0000e+00
   40.43012  -73.83922     16.602     16.474     8.6739    30.1921      7.956     1.0490 5.0640e-11  1023.4801     8.6722    23.4045     8.9940    274.685    9.57169  292.32688     93.965 0.0000e+00
   40.43012  -73.83922     16.580     16.452     8.6843    30.1763      7.961     1.0490 5.0640e-11  1023.4632     8.6827    23.3908     9.0015    274.913    9.57172  292.32756     94.043 0.0000e+00
   40.43012  -73.83922     16.551     16.423     8.6905    30.1663      7.956     1.0490 5.0640e-11  1023.4543     8.6889    23.3822     9.0037    274.980    9.57161  292.32402     94.067 0.0000e+00
   40.43012  -73.83922     16.542     16.414     8.6918    30.1623      7.961     1.0490 9.9999e+04  1023.4542     8.6902    23.3786     9.0054    275.031    9.57161  292.32294     94.085 0.0000e+00
   40.43012  -73.83922     16.520     16.392     8.6922    30.1580      7.956     1.0490 5.0640e-11  1023.4540     8.6906    23.3749     9.0132    275.266    9.57218  292.33880     94.160 0.0000e+00
   40.43012  -73.83922     16.491     16.363     8.6963    30.1476      7.961     1.0490 9.9999e+04  1023.4448     8.6947    23.3663     9.0150    275.320    9.57271  292.35334     94.174 0.0000e+00
   40.43012  -73.83922     16.470     16.343     8.7025    30.1303      7.961     1.0490 9.9999e+04  1023.4289     8.7009    23.3518     9.0221    275.536    9.57323  292.36697     94.243 0.0000e+00
   40.43012  -73.83922     16.438     16.311     8.7116    30.1097      7.961     1.0490 9.9999e+04  1023.4084     8.7100    23.3344     9.0243    275.601    9.57388  292.38549     94.260 -9.990e-29
   40.43012  -73.83922     16.440     16.312     8.7227    30.0919      7.961     1.0490 9.9999e+04  1023.3904     8.7211    23.3192     9.0317    275.827    9.57441  292.40094     94.332 -9.990e-29
   40.43012  -73.83922     16.408     16.281     8.7300    30.0807      7.961     1.0490 9.9999e+04  1023.3822     8.7284    23.3093     9.0330    275.865    9.57477  292.41152     94.341 0.0000e+00
   40.43012  -73.83922     16.379     16.252     8.7342    30.0742      7.961     1.0490 9.9999e+04  1023.3779     8.7326    23.3035     9.0333    275.875    9.57498  292.41747     94.343 0.0000e+00
   40.43012  -73.83922     16.370     16.243     8.7386    30.0695      7.961     1.0490 9.9999e+04  1023.3736     8.7370    23.2992     9.0399    276.076    9.57518  292.42298     94.410 0.0000e+00
   40.43012  -73.83922     16.357     16.231     8.7407    30.0641      7.961     1.0490 9.9999e+04  1023.3713     8.7391    23.2944     9.0463    276.268    9.57506  292.41687     94.478 0.0000e+00
   40.43012  -73.83922     16.338     16.211     8.7437    30.0545      7.961     1.0490 9.9999e+04  1023.3646     8.7421    23.2862     9.0478    276.312    9.57517  292.41681     94.493 0.0000e+00
   40.43012  -73.83922     16.308     16.181     8.7534    30.0394      7.961     1.0490 9.9999e+04  1023.3484     8.7518    23.2732     9.0554    276.542    9.57599  292.44017     94.563 0.0000e+00
   40.43012  -73.83922     16.295     16.169     8.7648    30.0229      7.961     1.0490 9.9999e+04  1023.3311     8.7632    23.2589     9.0565    276.576    9.57643  292.45302     94.571 -9.990e-29
   40.43012  -73.83922     16.298     16.172     8.7742    30.0102      7.960     1.0490 9.9999e+04  1023.3194     8.7726    23.2477     9.0635    276.785    9.57644  292.45072     94.643 -9.990e-29
   40.43012  -73.83922     16.276     16.150     8.7809    30.0037      7.960     1.0490 9.9999e+04  1023.3129     8.7793    23.2417     9.0654    276.842    9.57659  292.45157     94.662 0.0000e+00
   40.43012  -73.83922     16.257     16.131     8.7835    30.0039      7.960     1.0490 9.9999e+04  1023.3133     8.7819    23.2415     9.0669    276.881    9.57689  292.45563     94.674 0.0000e+00
   40.43012  -73.83922     16.237     16.112     8.7817    30.0088      7.965     1.0490 9.9999e+04  1023.3192     8.7801    23.2454     9.0800    277.276    9.57740  292.46668     94.806 -9.990e-29
   40.43012  -73.83922     16.246     16.120     8.7784    30.0149      7.965     1.0490 9.9999e+04  1023.3257     8.7768    23.2505     9.0819    277.334    9.57816  292.48771     94.819 -9.990e-29
   40.43012  -73.83922     16.207     16.082     8.7757    30.0191      7.965     1.0221 9.9999e+04  1023.3296     8.7741    23.2541     9.0838    277.391    9.57879  292.50693     94.832 -9.990e-29
   40.43012  -73.83922     16.225     16.099     8.7739    30.0206      7.965     0.9952 9.9999e+04  1023.3307     8.7723    23.2555     9.0908    277.604    9.57926  292.52119     94.901 -9.990e-29
   40.43012  -73.83922     16.196     16.071     8.7732    30.0194      7.965     0.9952 9.9999e+04  1023.3300     8.7716    23.2547     9.0915    277.625    9.57950  292.52787     94.905 0.0000e+00
   40.43012  -73.83922     16.187     16.061     8.7743    30.0159      7.965     0.9952 9.9999e+04  1023.3263     8.7727    23.2518     9.0974    277.804    9.57965  292.53134     94.966 0.0000e+00
   40.43012  -73.83922     16.184     16.059     8.7772    30.0113      7.965     0.9952 9.9999e+04  1023.3219     8.7756    23.2479     9.0970    277.791    9.57960  292.52836     94.962 -9.990e-29
   40.43012  -73.83922     16.187     16.061     8.7797    30.0063      7.965     0.9952 9.9999e+04  1023.3179     8.7781    23.2436     9.0982    277.824    9.58009  292.54030     94.969 -9.990e-29
   40.43012  -73.83922     16.174     16.049     8.7829    30.0006      7.965     0.9952 9.9999e+04  1023.3128     8.7813    23.2387     9.1046    278.020    9.58061  292.55397     95.032 -9.990e-29
   40.43012  -73.83922     16.187     16.061     8.7861    29.9944      7.965     0.9952 9.9999e+04  1023.3071     8.7845    23.2333     9.1050    278.029    9.58109  292.56768     95.031 -9.990e-29
   40.43012  -73.83922     16.177     16.052     8.7897    29.9888      7.965     0.9952 9.9999e+04  1023.3015     8.7881    23.2284     9.1105    278.200    9.58156  292.58318     95.084 0.0000e+00
   40.43012  -73.83922     16.174     16.049     8.7927    29.9846      7.965     0.9952 9.9999e+04  1023.2980     8.7911    23.2248     9.1105    278.201    9.58175  292.59226     95.082 -9.990e-29
   40.43012  -73.83922     16.187     16.061     8.7945    29.9815      7.970     0.9952 9.9999e+04  1023.2961     8.7929    23.2221     9.1100    278.191    9.58151  292.58795     95.079 -9.990e-29
   40.43012  -73.83922     16.184     16.059     8.7968    29.9790      7.970     0.9952 9.9999e+04  1023.2934     8.7952    23.2198     9.1147    278.337    9.58109  292.57793     95.133 -9.990e-29
   40.43012  -73.83922     16.187     16.061     8.7984    29.9773      7.970     0.9952 9.9999e+04  1023.2915     8.7968    23.2182     9.1195    278.484    9.58066  292.56684     95.187 -9.990e-29
   40.43012  -73.83922     16.196     16.071     8.7992    29.9767      7.970     0.9952 9.9999e+04  1023.2914     8.7976    23.2176     9.1130    278.288    9.58029  292.55634     95.123 -9.990e-29
   40.43012  -73.83922     16.195     16.069     8.8000    29.9770      7.970     0.9952 9.9999e+04  1023.2912     8.7984    23.2177     9.1174    278.421    9.58010  292.55032     95.170 -9.990e-29
   40.43012  -73.83922     16.217     16.091     8.8004    29.9785      7.970     0.9952 9.9999e+04  1023.2920     8.7988    23.2190     9.1227    278.583    9.57998  292.54656     95.227 -9.990e-29
   40.43012  -73.83922     16.214     16.089     8.7992    29.9824      7.970     0.9952 9.9999e+04  1023.2948     8.7976    23.2222     9.1220    278.561    9.57986  292.54316     95.220 -9.990e-29
   40.43012  -73.83922     16.226     16.101     8.7951    29.9889      7.974     0.9952 9.9999e+04  1023.3010     8.7935    23.2278     9.1275    278.729    9.57980  292.54169     95.278 -9.990e-29
   40.43012  -73.83922     16.237     16.112     8.7909    29.9969      7.974     0.9952 9.9999e+04  1023.3091     8.7893    23.2346     9.1270    278.713    9.57980  292.54205     95.273 -9.990e-29
   40.43012  -73.83922     16.246     16.120     8.7860    30.0035      7.974     0.9952 9.9999e+04  1023.3171     8.7844    23.2403     9.1257    278.675    9.57986  292.54514     95.259 -9.990e-29
   40.43012  -73.83922     16.268     16.142     8.7820    30.0047      7.974     0.9952 9.9999e+04  1023.3197     8.7804    23.2417     9.1232    278.604    9.57963  292.54205     95.235 -9.990e-29
   40.43012  -73.83922     16.277     16.151     8.7842    30.0002      7.979     0.9952 9.9999e+04  1023.3129     8.7826    23.2380     9.1273    278.732    9.57899  292.52554     95.285 -9.990e-29
   40.43012  -73.83922     16.286     16.160     8.7892    29.9940      7.979     0.9952 9.9999e+04  1023.3056     8.7876    23.2327     9.1316    278.863    9.57834  292.50600     95.336 -9.990e-29
   40.43012  -73.83922     16.308     16.181     8.7928    29.9903      7.979     0.9952 9.9999e+04  1023.3020     8.7912    23.2293     9.1311    278.846    9.57799  292.49329     95.334 -9.990e-29
   40.43012  -73.83922     16.316     16.190     8.7941    29.9906      7.979     0.9952 9.9999e+04  1023.3019     8.7925    23.2293     9.1303    278.820    9.57806  292.49314     95.325 -9.990e-29
   40.43012  -73.83922     16.319     16.192     8.7932    29.9940      7.979     0.9818 9.9999e+04  1023.3066     8.7916    23.2320     9.1290    278.778    9.57837  292.50161     95.308 -9.990e-29
   40.43012  -73.83922     16.338     16.211     8.7902    29.9974      7.979     0.9818 9.9999e+04  1023.3112     8.7886    23.2349     9.1276    278.738    9.57868  292.51233     95.291 -9.990e-29
   40.43012  -73.83922     16.346     16.220     8.7910    29.9992      7.979     0.9818 9.9999e+04  1023.3109     8.7894    23.2364     9.1315    278.859    9.57886  292.51938     95.330 -9.990e-29
   40.43012  -73.83922     16.370     16.243     8.7905    30.0004      7.979     0.9818 9.9999e+04  1023.3120     8.7889    23.2374     9.1300    278.814    9.57884  292.51998     95.315 -9.990e-29
   40.43012  -73.83922     16.387     16.261     8.7907    30.0024      7.979     0.9818 9.9999e+04  1023.3129     8.7891    23.2391     9.1285    278.769    9.57864  292.51652     95.300 -9.990e-29
   40.43012  -73.83922     16.409     16.282     8.7897    30.0062      7.979     0.9818 9.9999e+04  1023.3160     8.7881    23.2423     9.1321    278.882    9.57829  292.50881     95.342 -9.990e-29
   40.43012  -73.83922     16.409     16.282     8.7851    30.0120      7.979     0.9818 9.9999e+04  1023.3219     8.7835    23.2473     9.1294    278.802    9.57756  292.48954     95.320 -9.990e-29
   40.43012  -73.83922     16.438     16.311     8.7806    30.0191      7.979     0.9818 9.9999e+04  1023.3283     8.7789    23.2535     9.1330    278.915    9.57695  292.47314     95.364 -9.990e-29
   40.43012  -73.83922     16.451     16.323     8.7757    30.0261      7.979     0.9818 9.9999e+04  1023.3359     8.7740    23.2596     9.1307    278.848    9.57641  292.45856     95.346 -9.990e-29
   40.43012  -73.83922     16.470     16.342     8.7712    30.0313      7.979     0.9818 9.9999e+04  1023.3406     8.7696    23.2643     9.1286    278.785    9.57587  292.44423     95.329 -9.990e-29
   40.43012  -73.83922     16.489     16.362     8.7679    30.0346      7.979     0.9818 9.9999e+04  1023.3432     8.7663    23.2675     9.1319    278.888    9.57540  292.43148     95.369 -9.990e-29
