CalculateIndicators/WaterTemperature/Data/CTD_NYOS/20240710_C21.cnv
* Sea-Bird SBE 9 Data File:
* FileName = C:\Seabird 9 CTD\Data\2024\202407_offshore\20240710_C21.hex
* Software Version Seasave V 7.23.2
* Temperature SN = 4590
* Conductivity SN = 3228
* Number of Bytes Per Scan = 44
* Number of Voltage Words = 5
* Number of Scans Averaged by the Deck Unit = 1
* NMEA Latitude = 40 33.50 N
* NMEA Longitude = 072 26.88 W
* NMEA UTC (Time) = Jul 10 2024  14:00:20
* NMEA baud rate = 4800
** Ship: seawolf
** Station: 10.2
** Operator: TCM
# nquan = 18
# nvalues = 11491                       
# units = specified
# name 0 = latitude: Latitude [deg]
# name 1 = longitude: Longitude [deg]
# name 2 = prDM: Pressure, Digiquartz [db]
# name 3 = depSM: Depth [salt water, m]
# name 4 = t090C: Temperature [ITS-90, deg C]
# name 5 = sal00: Salinity, Practical [PSU]
# name 6 = ph: pH
# name 7 = flECO-AFL: Fluorescence, WET Labs ECO-AFL/FL [mg/m^3]
# name 8 = cpar: CPAR/Corrected Irradiance [%]
# name 9 = density00: Density [density, kg/m^3]
# name 10 = potemp090C: Potential Temperature [ITS-90, deg C]
# name 11 = sigma-é00: Density [sigma-theta, kg/m^3]
# name 12 = sbeox0Mg/L: Oxygen, SBE 43 [mg/l]
# name 13 = sbox0Mm/Kg: Oxygen, SBE 43 [umol/kg]
# name 14 = oxsolMg/L: Oxygen Saturation, Garcia & Gordon [mg/l]
# name 15 = oxsolMm/Kg: Oxygen Saturation, Garcia & Gordon [umol/kg]
# name 16 = sbeox0PS: Oxygen, SBE 43 [% saturation]
# name 17 = flag:  0.000e+00
# span 0 =   40.55832,   40.55952       
# span 1 =  -72.44804,  -72.44750       
# span 2 =      1.860,     42.253       
# span 3 =      1.845,     41.923       
# span 4 =     7.6155,    22.6750       
# span 5 =    29.5016,    32.7659       
# span 6 =      7.877,      8.190       
# span 7 =     0.0013,     3.0905       
# span 8 = 2.7255e-03, 4.0093e+01       
# span 9 =  1020.0345,  1025.2318       
# span 10 =     7.6116,    22.6745      
# span 11 =    20.0639,    25.0891      
# span 12 =     7.0924,     9.7672      
# span 13 =    216.279,    298.247      
# span 14 =    7.23736,    9.71677      
# span 15 =  221.61034,  296.30635      
# span 16 =     73.062,    118.664      
# span 17 = 0.0000e+00, 0.0000e+00      
# interval = seconds: 0.0416667
# start_time = Jul 10 2024 14:00:21 [System UTC, first data scan.]
# bad_flag = -9.990e-29
*END*
[from data line 4583]
   40.55890  -72.44786     27.352     27.140     7.7731    31.7530 -9.990e-29     0.0282 4.6897e-02  1024.8824     7.7706    24.7571     7.1579    218.285    9.67999  295.19618     73.946 -9.990e-29
   40.55890  -72.44786     27.322     27.109     7.7734    31.7530 -9.990e-29     0.0282 4.7329e-02  1024.8821     7.7709    24.7571     7.1578    218.281    9.67979  295.19024     73.946 0.0000e+00
   40.55890  -72.44786     27.301     27.089     7.7736    31.7530 -9.990e-29     0.0282 4.7329e-02  1024.8821     7.7710    24.7572     7.1577    218.279    9.67962  295.18496     73.946 0.0000e+00
   40.55890  -72.44786     27.292     27.079     7.7738    31.7530 -9.990e-29     0.0282 4.7329e-02  1024.8823     7.7712    24.7572     7.1586    218.305    9.67943  295.17920     73.957 0.0000e+00
   40.55890  -72.44786     27.283     27.071     7.7739    31.7530 -9.990e-29     0.0282 4.7329e-02  1024.8820     7.7714    24.7571     7.1586    218.304    9.67922  295.17277     73.958 0.0000e+00
   40.55890  -72.44786     27.250     27.038     7.7741    31.7527 -9.990e-29     0.0282 4.7329e-02  1024.8817     7.7716    24.7568     7.1586    218.306    9.67900  295.16611     73.960 0.0000e+00
   40.55890  -72.44786     27.241     27.029     7.7747    31.7525 -9.990e-29     0.0282 4.7329e-02  1024.8812     7.7722    24.7566     7.1588    218.311    9.67893  295.16441     73.963 0.0000e+00
   40.55890  -72.44786     27.220     27.008     7.7748    31.7523 -9.990e-29     0.0282 4.7863e-02  1024.8810     7.7722    24.7564     7.1590    218.319    9.67889  295.16362     73.965 0.0000e+00
   40.55890  -72.44786     27.209     26.997     7.7747    31.7522 -9.990e-29     0.0282 4.8009e-02  1024.8810     7.7722    24.7563     7.1532    218.140    9.67894  295.16535     73.904 0.0000e+00
   40.55890  -72.44786     27.179     26.967     7.7750    31.7521 -9.990e-29     0.0282 4.8009e-02  1024.8805     7.7725    24.7562     7.1527    218.127    9.67900  295.16733     73.899 0.0000e+00
   40.55890  -72.44786     27.169     26.958     7.7751    31.7521 -9.990e-29     0.0282 4.8156e-02  1024.8807     7.7725    24.7562     7.1523    218.116    9.67905  295.16903     73.895 0.0000e+00
   40.55890  -72.44786     27.148     26.937     7.7752    31.7521 -9.990e-29     0.0282 4.8156e-02  1024.8803     7.7726    24.7562     7.1520    218.104    9.67902  295.16826     73.891 0.0000e+00
   40.55890  -72.44786     27.142     26.930     7.7754    31.7525 -9.990e-29     0.0282 4.8351e-02  1024.8807     7.7729    24.7564     7.1518    218.099    9.67914  295.17207     73.889 0.0000e+00
   40.55890  -72.44786     27.128     26.917     7.7757    31.7529 -9.990e-29     0.0282 4.8499e-02  1024.8810     7.7732    24.7567     7.1517    218.095    9.67923  295.17455     73.887 0.0000e+00
   40.55890  -72.44786     27.097     26.887     7.7761    31.7529 -9.990e-29     0.0282 4.8499e-02  1024.8812     7.7735    24.7569     7.1516    218.093    9.67931  295.17696     73.885 -9.990e-29
   40.55890  -72.44786     27.097     26.887     7.7767    31.7529 -9.990e-29     0.0282 4.8499e-02  1024.8810     7.7741    24.7568     7.1516    218.092    9.67930  295.17621     73.885 -9.990e-29
   40.55890  -72.44786     27.078     26.868     7.7774    31.7528 -9.990e-29     0.0282 4.8647e-02  1024.8803     7.7749    24.7564     7.1506    218.062    9.67922  295.17319     73.876 0.0000e+00
   40.55890  -72.44786     27.058     26.847     7.7778    31.7523      7.973     0.0282 4.8795e-02  1024.8798     7.7753    24.7560     7.1505    218.059    9.67904  295.16766     73.876 0.0000e+00
   40.55890  -72.44786     27.047     26.836     7.7783    31.7523      7.973     0.0282 4.8795e-02  1024.8794     7.7757    24.7558     7.1505    218.058    9.67885  295.16200     73.877 0.0000e+00
   40.55890  -72.44786     27.027     26.817     7.7785    31.7523      7.973     0.0282 4.9093e-02  1024.8796     7.7760    24.7558     7.1506    218.060    9.67868  295.15709     73.879 0.0000e+00
   40.55890  -72.44786     27.016     26.806     7.7788    31.7523      7.973     0.0282 4.9243e-02  1024.8798     7.7763    24.7560     7.1507    218.064    9.67849  295.15110     73.882 0.0000e+00
   40.55890  -72.44786     27.000     26.790     7.7792    31.7523      7.973     0.0282 4.9243e-02  1024.8798     7.7766    24.7559     7.1507    218.066    9.67816  295.14114     73.885 0.0000e+00
   40.55890  -72.44786     26.986     26.776     7.7797    31.7523      7.973     0.0282 4.9593e-02  1024.8791     7.7772    24.7557     7.1510    218.073    9.67790  295.13340     73.889 0.0000e+00
   40.55890  -72.44786     26.965     26.756     7.7796    31.7522      7.973     0.0282 4.9896e-02  1024.8793     7.7771    24.7556     7.1512    218.081    9.67765  295.12581     73.894 0.0000e+00
   40.55890  -72.44786     26.946     26.736     7.7804    31.7521      7.973     0.0282 5.0048e-02  1024.8788     7.7779    24.7555     7.1507    218.065    9.67743  295.11889     73.890 -9.990e-29
   40.55890  -72.44786     26.946     26.736     7.7809    31.7520      7.973     0.0282 5.0048e-02  1024.8789     7.7784    24.7554     7.1501    218.047    9.67711  295.10939     73.887 -9.990e-29
   40.55890  -72.44786     26.914     26.705     7.7811    31.7519      7.973     0.0282 5.0353e-02  1024.8784     7.7786    24.7552     7.1498    218.037    9.67699  295.10632     73.884 -9.990e-29
   40.55890  -72.44786     26.914     26.705     7.7814    31.7518      7.973     0.0282 5.0507e-02  1024.8782     7.7789    24.7551     7.1433    217.840    9.67704  295.10812     73.817 -9.990e-29
   40.55890  -72.44786     26.884     26.675     7.7816    31.7518      7.968     0.0282 5.0556e-02  1024.8784     7.7791    24.7550     7.1433    217.838    9.67712  295.11061     73.816 -9.990e-29
   40.55890  -72.44786     26.884     26.675     7.7820    31.7518      7.968     0.0282 5.0556e-02  1024.8777     7.7795    24.7549     7.1432    217.836    9.67703  295.10825     73.816 -9.990e-29
   40.55890  -72.44786     26.863     26.654     7.7826    31.7517      7.968     0.0282 5.0710e-02  1024.8779     7.7801    24.7548     7.1495    218.029    9.67709  295.11020     73.880 0.0000e+00
   40.55890  -72.44786     26.854     26.645     7.7830    31.7517      7.973     0.0282 5.0710e-02  1024.8779     7.7805    24.7548     7.1497    218.035    9.67720  295.11347     73.882 0.0000e+00
   40.55890  -72.44786     26.826     26.618     7.7833    31.7516      7.968     0.0282 5.0710e-02  1024.8775     7.7808    24.7546     7.1438    217.855    9.67736  295.11789     73.820 0.0000e+00
   40.55890  -72.44786     26.823     26.615     7.7834    31.7512      7.973     0.0282 5.0865e-02  1024.8773     7.7809    24.7544     7.1432    217.836    9.67743  295.11976     73.813 0.0000e+00
   40.55890  -72.44786     26.814     26.605     7.7840    31.7508      7.973     0.0282 5.0865e-02  1024.8767     7.7814    24.7540     7.1426    217.817    9.67736  295.11706     73.807 0.0000e+00
   40.55890  -72.44786     26.803     26.594     7.7839    31.7506      7.973     0.0282 5.1330e-02  1024.8764     7.7814    24.7538     7.1544    218.178    9.67727  295.11443     73.930 0.0000e+00
   40.55890  -72.44786     26.782     26.574     7.7838    31.7504      7.973     0.0282 5.1330e-02  1024.8762     7.7813    24.7536     7.1494    218.027    9.67727  295.11428     73.879 0.0000e+00
   40.55890  -72.44786     26.772     26.564     7.7838    31.7504      7.973     0.0282 5.1330e-02  1024.8761     7.7813    24.7536     7.1488    218.007    9.67709  295.10818     73.874 0.0000e+00
   40.55890  -72.44786     26.752     26.544     7.7837    31.7504      7.968     0.0282 5.1643e-02  1024.8761     7.7812    24.7536     7.1428    217.823    9.67683  295.10026     73.813 0.0000e+00
   40.55890  -72.44786     26.742     26.534     7.7838    31.7503      7.968     0.0416 5.1694e-02  1024.8761     7.7813    24.7536     7.1484    217.995    9.67660  295.09356     73.873 0.0000e+00
   40.55890  -72.44786     26.732     26.525     7.7839    31.7501      7.968     0.0416 5.1643e-02  1024.8759     7.7814    24.7534     7.1424    217.811    9.67619  295.08058     73.814 0.0000e+00
   40.55890  -72.44786     26.712     26.504     7.7838    31.7501      7.973     0.0416 5.2009e-02  1024.8753     7.7813    24.7532     7.1479    217.978    9.67564  295.06427     73.875 0.0000e+00
   40.55890  -72.44786     26.701     26.493     7.7839    31.7501      7.973     0.0416 5.2009e-02  1024.8751     7.7814    24.7534     7.1484    217.996    9.67561  295.06382     73.881 0.0000e+00
   40.55890  -72.44786     26.691     26.484     7.7836    31.7512      7.968     0.0416 5.2167e-02  1024.8765     7.7811    24.7543     7.1491    218.016    9.67559  295.06339     73.888 0.0000e+00
   40.55890  -72.44786     26.682     26.474     7.7841    31.7525      7.973     0.0416 5.2325e-02  1024.8777     7.7816    24.7553     7.1436    217.849    9.67562  295.06455     73.831 0.0000e+00
   40.55890  -72.44786     26.640     26.433     7.7849    31.7533      7.968     0.0416 5.2592e-02  1024.8779     7.7824    24.7558     7.1434    217.843    9.67551  295.06077     73.830 -9.990e-29
   40.55890  -72.44786     26.664     26.456     7.7859    31.7536      7.968     0.0416 5.2644e-02  1024.8779     7.7834    24.7559     7.1421    217.803    9.67510  295.04727     73.820 -9.990e-29
   40.55890  -72.44786     26.640     26.433     7.7867    31.7536      7.968     0.0416 5.2592e-02  1024.8779     7.7842    24.7559     7.1418    217.793    9.67467  295.03403     73.820 0.0000e+00
   40.55890  -72.44786     26.620     26.413     7.7875    31.7536      7.973     0.0416 5.2751e-02  1024.8777     7.7850    24.7557     7.1418    217.793    9.67456  295.03150     73.820 0.0000e+00
   40.55890  -72.44786     26.610     26.403     7.7885    31.7536      7.973     0.0416 5.2751e-02  1024.8773     7.7860    24.7555     7.1421    217.803    9.67479  295.03912     73.822 0.0000e+00
   40.55890  -72.44786     26.600     26.393     7.7894    31.7535      7.973     0.0416 5.2751e-02  1024.8768     7.7870    24.7552     7.1425    217.815    9.67498  295.04519     73.824 0.0000e+00
   40.55890  -72.44786     26.580     26.373     7.7901    31.7534      7.968     0.0416 5.2911e-02  1024.8770     7.7877    24.7552     7.1428    217.825    9.67504  295.04728     73.827 0.0000e+00
   40.55890  -72.44786     26.559     26.352     7.7911    31.7534      7.968     0.0416 5.3020e-02  1024.8768     7.7886    24.7550     7.1431    217.833    9.67488  295.04182     73.831 -9.990e-29
   40.55890  -72.44786     26.559     26.352     7.7923    31.7529      7.968     0.0416 5.3020e-02  1024.8762     7.7898    24.7545     7.1371    217.650    9.67459  295.03206     73.772 -9.990e-29
   40.55890  -72.44786     26.529     26.322     7.7929    31.7519      7.968     0.0416 5.3020e-02  1024.8750     7.7904    24.7536     7.1365    217.633    9.67429  295.02299     73.768 -9.990e-29
   40.55890  -72.44786     26.529     26.322     7.7934    31.7508      7.968     0.0416 5.3020e-02  1024.8741     7.7909    24.7526     7.1423    217.810    9.67408  295.01691     73.830 -9.990e-29
   40.55890  -72.44786     26.498     26.292     7.7935    31.7497      7.973     0.0416 5.3020e-02  1024.8730     7.7910    24.7517     7.1431    217.833    9.67411  295.01842     73.837 0.0000e+00
   40.55890  -72.44786     26.487     26.281     7.7935    31.7488      7.968     0.0416 5.3180e-02  1024.8722     7.7910    24.7510     7.1430    217.830    9.67411  295.01882     73.836 0.0000e+00
   40.55890  -72.44786     26.478     26.272     7.7935    31.7481      7.968     0.0416 5.3342e-02  1024.8715     7.7911    24.7505     7.1367    217.639    9.67409  295.01799     73.771 0.0000e+00
   40.55890  -72.44786     26.457     26.251     7.7937    31.7476      7.968     0.0416 5.3289e-02  1024.8712     7.7912    24.7501     7.1418    217.794    9.67380  295.00838     73.826 0.0000e+00
   40.55890  -72.44786     26.436     26.231     7.7934    31.7476      7.968     0.0416 5.3613e-02  1024.8706     7.7909    24.7499     7.1416    217.787    9.67345  294.99721     73.827 0.0000e+00
   40.55890  -72.44786     26.427     26.221     7.7929    31.7476      7.968     0.0416 5.3938e-02  1024.8708     7.7904    24.7501     7.1350    217.586    9.67289  294.97960     73.763 0.0000e+00
   40.55890  -72.44786     26.396     26.191     7.7924    31.7483      7.968     0.0416 5.3938e-02  1024.8712     7.7899    24.7508     7.1400    217.738    9.67228  294.96083     73.819 -9.990e-29
   40.55890  -72.44786     26.396     26.191     7.7917    31.7498      7.973     0.0416 5.4048e-02  1024.8731     7.7893    24.7520     7.1399    217.735    9.67194  294.95112     73.821 -9.990e-29
   40.55890  -72.44786     26.366     26.161     7.7917    31.7511      7.968     0.0416 5.4376e-02  1024.8741     7.7893    24.7530     7.1339    217.554    9.67194  294.95215     73.759 0.0000e+00
   40.55890  -72.44786     26.345     26.141     7.7924    31.7515      7.968     0.0416 5.4376e-02  1024.8743     7.7899    24.7534     7.1334    217.539    9.67203  294.95500     73.753 0.0000e+00
   40.55890  -72.44786     26.325     26.120     7.7934    31.7515      7.968     0.0416 5.4487e-02  1024.8737     7.7909    24.7533     7.1328    217.520    9.67192  294.95125     73.748 0.0000e+00
   40.55890  -72.44786     26.315     26.111     7.7942    31.7515      7.968     0.0416 5.4652e-02  1024.8734     7.7917    24.7531     7.1384    217.691    9.67168  294.94411     73.807 0.0000e+00
   40.55890  -72.44786     26.285     26.080     7.7950    31.7515      7.968     0.0416 5.4652e-02  1024.8733     7.7926    24.7529     7.1388    217.703    9.67157  294.94103     73.812 0.0000e+00
   40.55890  -72.44786     26.264     26.060     7.7966    31.7515      7.968     0.0416 5.4764e-02  1024.8727     7.7942    24.7526     7.1331    217.528    9.67146  294.93798     73.754 0.0000e+00
   40.55890  -72.44786     26.244     26.039     7.7977    31.7515      7.968     0.0416 5.5096e-02  1024.8726     7.7953    24.7525     7.1388    217.702    9.67120  294.92970     73.815 0.0000e+00
   40.55890  -72.44786     26.213     26.009     7.7988    31.7515      7.968     0.0416 5.5096e-02  1024.8725     7.7963    24.7526     7.1329    217.523    9.67083  294.91767     73.757 0.0000e+00
   40.55890  -72.44786     26.183     25.979     7.7996    31.7515      7.968     0.0416 5.5429e-02  1024.8729     7.7971    24.7524     7.1326    217.513    9.67060  294.91165     73.755 0.0000e+00
   40.55890  -72.44786     26.153     25.949     7.8014    31.7508      7.968     0.0416 5.5878e-02  1024.8715     7.7990    24.7516     7.1384    217.691    9.67026  294.90082     73.818 -9.990e-29
   40.55890  -72.44786     26.166     25.963     7.8025    31.7493      7.968     0.0416 5.5878e-02  1024.8699     7.8000    24.7502     7.1388    217.701    9.66965  294.88116     73.827 -9.990e-29
   40.55890  -72.44786     26.098     25.895     7.8028    31.7481      7.968     0.0416 5.6047e-02  1024.8681     7.8004    24.7492     7.1332    217.530    9.66933  294.87138     73.771 0.0000e+00
   40.55890  -72.44786     26.091     25.888     7.8023    31.7473      7.968     0.0416 5.6331e-02  1024.8684     7.7999    24.7485     7.1386    217.695    9.66939  294.87452     73.826 0.0000e+00
   40.55890  -72.44786     26.071     25.869     7.8031    31.7465      7.973     0.0416 5.6501e-02  1024.8671     7.8007    24.7479     7.1324    217.507    9.66937  294.87429     73.763 0.0000e+00
   40.55890  -72.44786     26.030     25.828     7.8031    31.7465      7.973     0.0416 5.6501e-02  1024.8662     7.8007    24.7475     7.1312    217.468    9.66881  294.85511     73.754 0.0000e+00
   40.55890  -72.44786     26.000     25.798     7.8025    31.7465      7.968     0.0416 5.6787e-02  1024.8664     7.8001    24.7477     7.1307    217.452    9.66800  294.82898     73.755 0.0000e+00
