CalculateIndicators/WaterTemperature/Data/CTD_NYOS/20240428_C23.cnv
* Sea-Bird SBE 9 Data File:
* FileName = C:\Seabird 9 CTD\Data\2024\202404_offshore\20240428_C23.hex
* Software Version Seasave V 7.23.2
* Temperature SN = 4590
* Conductivity SN = 3228
* Number of Bytes Per Scan = 44
* Number of Voltage Words = 5
* Number of Scans Averaged by the Deck Unit = 1
* NMEA Latitude = 40 09.42 N
* NMEA Longitude = 072 10.34 W
* NMEA UTC (Time) = Apr 28 2024  13:12:25
* NMEA baud rate = 4800
** Ship: Seawolf
** Station: 10.4
** Operator: TCM
# nquan = 18
# nvalues = 13679                       
# units = specified
# name 0 = latitude: Latitude [deg]
# name 1 = longitude: Longitude [deg]
# name 2 = prDM: Pressure, Digiquartz [db]
# name 3 = depSM: Depth [salt water, m]
# name 4 = t090C: Temperature [ITS-90, deg C]
# name 5 = sal00: Salinity, Practical [PSU]
# name 6 = ph: pH
# name 7 = flECO-AFL: Fluorescence, WET Labs ECO-AFL/FL [mg/m^3]
# name 8 = cpar: CPAR/Corrected Irradiance [%]
# name 9 = density00: Density [density, kg/m^3]
# name 10 = potemp090C: Potential Temperature [ITS-90, deg C]
# name 11 = sigma-é00: Density [sigma-theta, kg/m^3]
# name 12 = sbeox0Mg/L: Oxygen, SBE 43 [mg/l]
# name 13 = sbox0Mm/Kg: Oxygen, SBE 43 [umol/kg]
# name 14 = oxsolMg/L: Oxygen Saturation, Garcia & Gordon [mg/l]
# name 15 = oxsolMm/Kg: Oxygen Saturation, Garcia & Gordon [umol/kg]
# name 16 = sbeox0PS: Oxygen, SBE 43 [% saturation]
# name 17 = flag:  0.000e+00
# span 0 =   40.15714,   40.15924       
# span 1 =  -72.17284,  -72.17238       
# span 2 =      2.017,     67.730       
# span 3 =      2.001,     67.199       
# span 4 =     5.9642,     8.2672       
# span 5 =    31.6148,    32.1847       
# span 6 =      7.928,      8.071       
# span 7 =    -0.0255,     0.9012       
# span 8 = 2.0926e-13, 3.4062e+01       
# span 9 =  1024.5738,  1025.6459       
# span 10 =     5.9590,     8.2670      
# span 11 =    24.5782,    25.3335      
# span 12 =     9.0561,    10.4232      
# span 13 =    276.096,    317.852      
# span 14 =    9.58230,   10.08009      
# span 15 =  292.26077,  307.30424      
# span 16 =     90.681,    106.393      
# span 17 = 0.0000e+00, 0.0000e+00      
# interval = seconds: 0.0416667
# start_time = Apr 28 2024 13:12:25 [System UTC, first data scan.]
# bad_flag = -9.990e-29
*END*
[from data line 7397]
   40.15830  -72.17258     43.541     43.203     6.0240    31.8798 -9.990e-29 -9.990e-29 5.1932e-02  1025.2861     6.0205    25.0854     9.1731    279.650   10.07193  307.05250     91.076 0.0000e+00
   40.15830  -72.17258     43.519     43.181     6.0233    31.8786 -9.990e-29 -9.990e-29 5.2126e-02  1025.2847     6.0198    25.0844     9.1735    279.664   10.07193  307.05248     91.080 0.0000e+00
   40.15830  -72.17258     43.490     43.152     6.0227    31.8785 -9.990e-29 -9.990e-29 5.2711e-02  1025.2853     6.0192    25.0844     9.1731    279.651   10.07192  307.05217     91.076 0.0000e+00
   40.15830  -72.17258     43.471     43.133     6.0227    31.8787 -9.990e-29 -9.990e-29 5.3696e-02  1025.2856     6.0192    25.0846     9.1739    279.676   10.07202  307.05519     91.083 -9.990e-29
   40.15830  -72.17258     43.471     43.133     6.0223    31.8789 -9.990e-29 -9.990e-29 5.4115e-02  1025.2856     6.0188    25.0848     9.1684    279.507   10.07225  307.06251     91.026 -9.990e-29
   40.15830  -72.17258     43.420     43.082     6.0219    31.8791 -9.990e-29 -9.990e-29 5.3895e-02  1025.2855     6.0185    25.0850     9.1753    279.719   10.07262  307.07381     91.092 0.0000e+00
   40.15830  -72.17258     43.409     43.071     6.0222    31.8796 -9.990e-29 -9.990e-29 5.3895e-02  1025.2859     6.0187    25.0855     9.1766    279.757   10.07273  307.07715     91.103 0.0000e+00
   40.15830  -72.17258     43.369     43.032     6.0217    31.8801 -9.990e-29 -9.990e-29 5.3895e-02  1025.2865     6.0183    25.0858     9.1713    279.596   10.07279  307.07884     91.050 0.0000e+00
   40.15830  -72.17258     43.355     43.018     6.0222    31.8802 -9.990e-29 -9.990e-29 5.4095e-02  1025.2860     6.0187    25.0859     9.1718    279.611   10.07287  307.08126     91.054 0.0000e+00
   40.15830  -72.17258     43.328     42.990     6.0221    31.8802 -9.990e-29 -9.990e-29 5.5100e-02  1025.2861     6.0186    25.0859     9.1713    279.595   10.07281  307.07919     91.050 0.0000e+00
   40.15830  -72.17258     43.318     42.981     6.0223    31.8803 -9.990e-29 -9.990e-29 5.5506e-02  1025.2862     6.0189    25.0860     9.1709    279.583   10.07278  307.07823     91.046 0.0000e+00
   40.15830  -72.17258     43.297     42.960     6.0226    31.8802 -9.990e-29 -9.990e-29 5.5506e-02  1025.2859     6.0191    25.0858     9.1708    279.581   10.07293  307.08319     91.044 0.0000e+00
   40.15830  -72.17258     43.277     42.940     6.0225    31.8797 -9.990e-29 -9.990e-29 5.4898e-02  1025.2856     6.0191    25.0855     9.1709    279.583   10.07307  307.08739     91.043 0.0000e+00
   40.15830  -72.17258     43.256     42.919     6.0227    31.8789 -9.990e-29 -9.990e-29 5.4696e-02  1025.2847     6.0192    25.0849     9.1775    279.785   10.07309  307.08803     91.109 0.0000e+00
   40.15830  -72.17258     43.234     42.897     6.0227    31.8780 -9.990e-29 -9.990e-29 5.4696e-02  1025.2838     6.0193    25.0841     9.1712    279.592   10.07329  307.09408     91.045 0.0000e+00
   40.15830  -72.17258     43.205     42.869     6.0235    31.8771 -9.990e-29 -9.990e-29 5.4495e-02  1025.2827     6.0200    25.0832     9.1714    279.598   10.07328  307.09347     91.047 0.0000e+00
   40.15830  -72.17258     43.185     42.849     6.0242    31.8765 -9.990e-29 -9.990e-29 5.4495e-02  1025.2819     6.0207    25.0827     9.1782    279.806   10.07319  307.09068     91.115 -9.990e-29
   40.15830  -72.17258     43.185     42.849     6.0240    31.8765 -9.990e-29 -9.990e-29 5.4495e-02  1025.2819     6.0205    25.0826     9.1729    279.646   10.07311  307.08817     91.064 -9.990e-29
   40.15830  -72.17258     43.155     42.819     6.0245    31.8769 -9.990e-29 -9.990e-29 5.5100e-02  1025.2822     6.0210    25.0831     9.1737    279.671   10.07338  307.09684     91.069 0.0000e+00
   40.15830  -72.17258     43.144     42.808     6.0243    31.8776 -9.990e-29 -9.990e-29 5.5710e-02  1025.2833     6.0208    25.0836     9.1746    279.697   10.07359  307.10330     91.076 0.0000e+00
   40.15830  -72.17258     43.132     42.796     6.0246    31.8776 -9.990e-29 -9.990e-29 5.5710e-02  1025.2833     6.0211    25.0835     9.1757    279.729   10.07384  307.11069     91.084 0.0000e+00
   40.15830  -72.17258     43.123     42.788     6.0255    31.8767 -9.990e-29 -9.990e-29 5.5915e-02  1025.2820     6.0220    25.0827     9.1756    279.727   10.07392  307.11300     91.083 0.0000e+00
   40.15830  -72.17258     43.093     42.758     6.0267    31.8756 -9.990e-29 -9.990e-29 5.6325e-02  1025.2807     6.0232    25.0817     9.1755    279.725   10.07393  307.11317     91.082 0.0000e+00
   40.15830  -72.17258     43.083     42.748     6.0282    31.8744 -9.990e-29 -9.990e-29 5.6325e-02  1025.2797     6.0248    25.0806     9.1755    279.724   10.07387  307.11137     91.082 0.0000e+00
   40.15830  -72.17258     43.063     42.728     6.0292    31.8730 -9.990e-29 -9.990e-29 5.6532e-02  1025.2784     6.0258    25.0794     9.1690    279.526   10.07386  307.11102     91.018 0.0000e+00
   40.15830  -72.17258     43.060     42.725     6.0300    31.8717 -9.990e-29 -9.990e-29 5.7572e-02  1025.2767     6.0265    25.0783     9.1683    279.504   10.07392  307.11288     91.010 0.0000e+00
   40.15830  -72.17258     43.042     42.707     6.0299    31.8710 -9.990e-29 -9.990e-29 5.7992e-02  1025.2762     6.0264    25.0777     9.1742    279.685   10.07389  307.11223     91.069 0.0000e+00
   40.15830  -72.17258     43.021     42.687     6.0297    31.8713 -9.990e-29 -9.990e-29 5.7572e-02  1025.2766     6.0263    25.0779     9.1682    279.500   10.07396  307.11409     91.008 0.0000e+00
   40.15830  -72.17258     42.991     42.656     6.0305    31.8719 -9.990e-29 -9.990e-29 5.6946e-02  1025.2769     6.0270    25.0783     9.1676    279.483   10.07384  307.11067     91.004 -9.990e-29
   40.15830  -72.17258     42.991     42.656     6.0309    31.8723 -9.990e-29 -9.990e-29 5.6738e-02  1025.2774     6.0274    25.0786     9.1673    279.475   10.07390  307.11248     91.001 -9.990e-29
   40.15830  -72.17258     42.967     42.633     6.0319    31.8725 -9.990e-29 -9.990e-29 5.6946e-02  1025.2772     6.0285    25.0786     9.1670    279.466   10.07380  307.10924     90.999 0.0000e+00
   40.15830  -72.17258     42.961     42.626     6.0328    31.8724 -9.990e-29 -9.990e-29 5.7967e-02  1025.2770     6.0293    25.0785     9.1668    279.458   10.07360  307.10310     90.998 0.0000e+00
   40.15830  -72.17258     42.951     42.617     6.0334    31.8723 -9.990e-29 -9.990e-29 5.8389e-02  1025.2767     6.0300    25.0783     9.1655    279.420   10.07335  307.09531     90.988 0.0000e+00
   40.15830  -72.17258     42.940     42.606     6.0340    31.8721 -9.990e-29 -9.990e-29 5.8601e-02  1025.2764     6.0306    25.0781     9.1654    279.416   10.07308  307.08723     90.989 0.0000e+00
   40.15830  -72.17258     42.920     42.587     6.0347    31.8719 -9.990e-29 -9.990e-29 5.8601e-02  1025.2762     6.0313    25.0778     9.1654    279.417   10.07285  307.08018     90.991 0.0000e+00
   40.15830  -72.17258     42.907     42.573     6.0353    31.8716 -9.990e-29 -9.990e-29 5.8601e-02  1025.2759     6.0319    25.0775     9.1580    279.189   10.07262  307.07299     90.919 0.0000e+00
   40.15830  -72.17258     42.889     42.555     6.0358    31.8712 -9.990e-29 -9.990e-29 5.8813e-02  1025.2751     6.0324    25.0771     9.1638    279.368   10.07241  307.06668     90.980 0.0000e+00
   40.15830  -72.17258     42.879     42.546     6.0360    31.8709 -9.990e-29 -9.990e-29 5.9026e-02  1025.2748     6.0325    25.0768     9.1643    279.382   10.07225  307.06190     90.986 0.0000e+00
   40.15832  -72.17258     42.869     42.536     6.0356    31.8708 -9.990e-29 -9.990e-29 5.9454e-02  1025.2749     6.0322    25.0768     9.1639    279.371   10.07214  307.05862     90.983 0.0000e+00
   40.15832  -72.17258     42.858     42.525     6.0358    31.8709 -9.990e-29 -9.990e-29 5.9669e-02  1025.2748     6.0324    25.0768     9.1647    279.394   10.07205  307.05607     90.991 0.0000e+00
   40.15832  -72.17258     42.846     42.513     6.0355    31.8708 -9.990e-29 -9.990e-29 6.0101e-02  1025.2751     6.0321    25.0768     9.1579    279.188   10.07196  307.05331     90.925 0.0000e+00
   40.15832  -72.17258     42.838     42.504     6.0360    31.8705 -9.990e-29 -9.990e-29 6.0317e-02  1025.2740     6.0325    25.0765     9.1579    279.189   10.07189  307.05105     90.926 0.0000e+00
   40.15832  -72.17258     42.818     42.485     6.0358    31.8705 -9.990e-29 -9.990e-29 6.0534e-02  1025.2743     6.0324    25.0765     9.1571    279.163   10.07186  307.05034     90.918 -9.990e-29
   40.15832  -72.17258     42.818     42.485     6.0358    31.8707 -9.990e-29 -9.990e-29 6.0317e-02  1025.2746     6.0324    25.0767     9.1565    279.146   10.07193  307.05268     90.911 -9.990e-29
   40.15832  -72.17258     42.798     42.465     6.0358    31.8709 -9.990e-29 -9.990e-29 6.0317e-02  1025.2747     6.0324    25.0768     9.1560    279.129   10.07193  307.05249     90.906 0.0000e+00
   40.15832  -72.17258     42.784     42.451     6.0363    31.8708 -9.990e-29 -9.990e-29 6.0317e-02  1025.2744     6.0329    25.0767     9.1556    279.119   10.07200  307.05474     90.902 -9.990e-29
   40.15832  -72.17258     42.787     42.454     6.0363    31.8707 -9.990e-29 -9.990e-29 6.0534e-02  1025.2744     6.0329    25.0767     9.1554    279.113   10.07208  307.05714     90.899 -9.990e-29
   40.15832  -72.17258     42.767     42.435     6.0365    31.8704 -9.990e-29 -9.990e-29 6.0752e-02  1025.2742     6.0330    25.0765     9.1553    279.108   10.07210  307.05786     90.898 -9.990e-29
   40.15832  -72.17258     42.767     42.435     6.0365    31.8701 -9.990e-29 -9.990e-29 6.0752e-02  1025.2736     6.0330    25.0762     9.1553    279.108   10.07214  307.05910     90.897 -9.990e-29
   40.15832  -72.17258     42.744     42.411     6.0365    31.8700 -9.990e-29 -9.990e-29 6.0507e-02  1025.2735     6.0330    25.0761     9.1555    279.113   10.07220  307.06105     90.898 -9.990e-29
   40.15832  -72.17258     42.747     42.414     6.0365    31.8700 -9.990e-29 -9.990e-29 6.0290e-02  1025.2736     6.0330    25.0761     9.1557    279.120   10.07221  307.06132     90.900 -9.990e-29
   40.15832  -72.17258     42.726     42.394     6.0360    31.8698 -9.990e-29 -9.990e-29 6.0290e-02  1025.2737     6.0325    25.0760     9.1561    279.131   10.07226  307.06251     90.904 0.0000e+00
   40.15832  -72.17258     42.716     42.384     6.0353    31.8693 -9.990e-29 -9.990e-29 6.0290e-02  1025.2728     6.0319    25.0757     9.1565    279.146   10.07229  307.06351     90.908 -9.990e-29
   40.15832  -72.17258     42.716     42.384     6.0339    31.8688 -9.990e-29 -9.990e-29 6.1822e-02  1025.2726     6.0305    25.0755     9.1562    279.135   10.07239  307.06667     90.904 -9.990e-29
   40.15832  -72.17258     42.702     42.370     6.0334    31.8688 -9.990e-29 -9.990e-29 6.2266e-02  1025.2726     6.0300    25.0755     9.1568    279.154   10.07235  307.06535     90.910 0.0000e+00
   40.15832  -72.17258     42.696     42.363     6.0331    31.8690 -9.990e-29 -9.990e-29 6.2488e-02  1025.2729     6.0297    25.0757     9.1577    279.182   10.07245  307.06842     90.919 0.0000e+00
   40.15832  -72.17258     42.686     42.354     6.0326    31.8694 -9.990e-29 -9.990e-29 6.2044e-02  1025.2733     6.0292    25.0760     9.1577    279.182   10.07256  307.07178     90.917 0.0000e+00
   40.15832  -72.17258     42.675     42.343     6.0328    31.8696 -9.990e-29 -9.990e-29 6.1822e-02  1025.2734     6.0294    25.0762     9.1578    279.183   10.07265  307.07459     90.917 0.0000e+00
   40.15832  -72.17258     42.662     42.331     6.0329    31.8695 -9.990e-29 -9.990e-29 6.1822e-02  1025.2735     6.0295    25.0762     9.1578    279.186   10.07268  307.07573     90.918 0.0000e+00
   40.15832  -72.17258     42.654     42.322     6.0325    31.8692 -9.990e-29 -9.990e-29 6.1822e-02  1025.2728     6.0290    25.0759     9.1582    279.197   10.07294  307.08409     90.919 0.0000e+00
   40.15832  -72.17258     42.644     42.313     6.0319    31.8689 -9.990e-29 -9.990e-29 6.1602e-02  1025.2727     6.0285    25.0758     9.1522    279.015   10.07332  307.09567     90.856 -9.990e-29
   40.15832  -72.17258     42.644     42.313     6.0318    31.8689 -9.990e-29 -9.990e-29 6.1822e-02  1025.2728     6.0284    25.0758     9.1583    279.201   10.07349  307.10069     90.915 -9.990e-29
   40.15832  -72.17258     42.621     42.289     6.0310    31.8692 -9.990e-29 -9.990e-29 6.1822e-02  1025.2728     6.0275    25.0761     9.1599    279.248   10.07358  307.10333     90.930 0.0000e+00
   40.15832  -72.17258     42.614     42.283     6.0309    31.8697 -9.990e-29 -9.990e-29 6.1822e-02  1025.2732     6.0274    25.0765     9.1605    279.266   10.07360  307.10387     90.935 0.0000e+00
   40.15832  -72.17258     42.603     42.272     6.0309    31.8702 -9.990e-29 -9.990e-29 6.1822e-02  1025.2742     6.0274    25.0770     9.1613    279.291   10.07378  307.10932     90.942 0.0000e+00
   40.15832  -72.17258     42.593     42.262     6.0313    31.8700 -9.990e-29 -9.990e-29 6.2488e-02  1025.2739     6.0279    25.0768     9.1632    279.348   10.07389  307.11269     90.960 0.0000e+00
   40.15832  -72.17258     42.580     42.248     6.0305    31.8694 -9.990e-29 -9.990e-29 6.3385e-02  1025.2728     6.0271    25.0763     9.1575    279.176   10.07398  307.11528     90.903 0.0000e+00
   40.15832  -72.17258     42.553     42.222     6.0298    31.8689 -9.990e-29 -9.990e-29 6.3611e-02  1025.2722     6.0264    25.0760     9.1642    279.381   10.07415  307.12041     90.968 -9.990e-29
   40.15832  -72.17258     42.553     42.222     6.0286    31.8690 -9.990e-29 -9.990e-29 6.3385e-02  1025.2729     6.0252    25.0762     9.1653    279.412   10.07413  307.11965     90.978 -9.990e-29
   40.15832  -72.17258     42.542     42.211     6.0283    31.8692 -9.990e-29 -9.990e-29 6.2711e-02  1025.2729     6.0249    25.0765     9.1598    279.246   10.07413  307.11983     90.924 0.0000e+00
   40.15832  -72.17258     42.519     42.188     6.0281    31.8697 -9.990e-29 -9.990e-29 6.2488e-02  1025.2733     6.0247    25.0768     9.1665    279.451   10.07400  307.11575     90.992 0.0000e+00
   40.15832  -72.17258     42.512     42.181     6.0281    31.8701 -9.990e-29 -9.990e-29 6.2711e-02  1025.2737     6.0247    25.0771     9.1678    279.490   10.07394  307.11398     91.005 0.0000e+00
   40.15832  -72.17258     42.491     42.161     6.0282    31.8701 -9.990e-29 -9.990e-29 6.3160e-02  1025.2735     6.0248    25.0771     9.1693    279.536   10.07401  307.11613     91.020 0.0000e+00
   40.15832  -72.17258     42.471     42.140     6.0281    31.8698 -9.990e-29 -9.990e-29 6.3385e-02  1025.2730     6.0247    25.0769     9.1698    279.551   10.07406  307.11767     91.024 0.0000e+00
   40.15832  -72.17258     42.468     42.138     6.0282    31.8698 -9.990e-29 -9.990e-29 6.3385e-02  1025.2730     6.0248    25.0769     9.1704    279.569   10.07411  307.11937     91.029 0.0000e+00
   40.15832  -72.17258     42.451     42.121     6.0278    31.8699 -9.990e-29 -9.990e-29 6.4261e-02  1025.2734     6.0244    25.0770     9.1722    279.623   10.07427  307.12438     91.045 0.0000e+00
   40.15832  -72.17258     42.431     42.101     6.0284    31.8698 -9.990e-29 -9.990e-29 6.4749e-02  1025.2727     6.0251    25.0769     9.1730    279.648   10.07446  307.13038     91.052 0.0000e+00
   40.15832  -72.17258     42.410     42.080     6.0282    31.8698 -9.990e-29 -9.990e-29 6.4717e-02  1025.2726     6.0248    25.0769     9.1739    279.675   10.07467  307.13638     91.059 0.0000e+00
   40.15832  -72.17258     42.396     42.066     6.0284    31.8702 -9.990e-29 -9.990e-29 6.5407e-02  1025.2731     6.0251    25.0771     9.1748    279.702   10.07481  307.14063     91.066 0.0000e+00
   40.15832  -72.17258     42.370     42.040     6.0292    31.8707 -9.990e-29 -9.990e-29 6.5870e-02  1025.2732     6.0258    25.0775     9.1758    279.732   10.07505  307.14791     91.074 0.0000e+00
