CalculateIndicators/WaterTemperature/Data/CTD_NYOS/20240427_C17.cnv
* Sea-Bird SBE 9 Data File:
* FileName = C:\Seabird 9 CTD\Data\2024\202404_offshore\20240427_C17.hex
* Software Version Seasave V 7.23.2
* Temperature SN = 4590
* Conductivity SN = 3228
* Number of Bytes Per Scan = 44
* Number of Voltage Words = 5
* Number of Scans Averaged by the Deck Unit = 1
* NMEA Latitude = 40 13.47 N
* NMEA Longitude = 072 41.56 W
* NMEA UTC (Time) = Apr 27 2024  22:15:55
* NMEA baud rate = 4800
** Ship: Seawolf
** Station: 9.3
** Operator: TDK
# nquan = 18
# nvalues = 14204                       
# units = specified
# name 0 = latitude: Latitude [deg]
# name 1 = longitude: Longitude [deg]
# name 2 = prDM: Pressure, Digiquartz [db]
# name 3 = depSM: Depth [salt water, m]
# name 4 = t090C: Temperature [ITS-90, deg C]
# name 5 = sal00: Salinity, Practical [PSU]
# name 6 = ph: pH
# name 7 = flECO-AFL: Fluorescence, WET Labs ECO-AFL/FL [mg/m^3]
# name 8 = cpar: CPAR/Corrected Irradiance [%]
# name 9 = density00: Density [density, kg/m^3]
# name 10 = potemp090C: Potential Temperature [ITS-90, deg C]
# name 11 = sigma-é00: Density [sigma-theta, kg/m^3]
# name 12 = sbeox0Mg/L: Oxygen, SBE 43 [mg/l]
# name 13 = sbox0Mm/Kg: Oxygen, SBE 43 [umol/kg]
# name 14 = oxsolMg/L: Oxygen Saturation, Garcia & Gordon [mg/l]
# name 15 = oxsolMm/Kg: Oxygen Saturation, Garcia & Gordon [umol/kg]
# name 16 = sbeox0PS: Oxygen, SBE 43 [% saturation]
# name 17 = flag:  0.000e+00
# span 0 =   40.22466,   40.22682       
# span 1 =  -72.69304,  -72.69280       
# span 2 =      1.845,     50.142       
# span 3 =      1.830,     49.751       
# span 4 =     6.3003,     8.8913       
# span 5 =    30.9309,    31.9037       
# span 6 =      7.913,      8.096       
# span 7 =     0.0551,     5.3872       
# span 8 = 2.9964e-13, 2.9968e+01       
# span 9 =  1023.9642,  1025.2410       
# span 10 =     6.2983,     8.8907      
# span 11 =    23.9540,    25.0168      
# span 12 =     8.2437,    10.6120      
# span 13 =    251.578,    323.704      
# span 14 =    9.48690,   10.02534      
# span 15 =  289.51393,  305.69680      
# span 16 =     86.855,    108.842      
# span 17 = 0.0000e+00, 0.0000e+00      
# interval = seconds: 0.0416667
# start_time = Apr 27 2024 22:15:55 [System UTC, first data scan.]
# bad_flag = -9.990e-29
*END*
[from data line 6593]
   40.22570  -72.69288     33.601     33.340     6.9841    31.8631      7.943     0.1894 1.9538e-01  1025.1059     6.9811    24.9511     9.2267    281.321    9.86696  300.84337     93.511 0.0000e+00
   40.22570  -72.69288     33.580     33.319     6.9852    31.8640      7.948     0.1894 1.9600e-01  1025.1063     6.9823    24.9516     9.2206    281.138    9.86758  300.86294     93.444 0.0000e+00
   40.22570  -72.69288     33.551     33.291     6.9864    31.8639      7.948     0.1894 1.9663e-01  1025.1063     6.9834    24.9514     9.2268    281.328    9.86857  300.89388     93.497 0.0000e+00
   40.22570  -72.69288     33.519     33.259     6.9876    31.8627      7.943     0.1759 1.9663e-01  1025.1047     6.9847    24.9504     9.2201    281.122    9.86944  300.92065     93.421 0.0000e+00
   40.22570  -72.69288     33.499     33.239     6.9857    31.8608      7.948     0.1894 1.9725e-01  1025.1026     6.9828    24.9491     9.2195    281.105    9.87014  300.94125     93.409 0.0000e+00
   40.22570  -72.69288     33.479     33.219     6.9839    31.8593      7.948     0.1894 1.9725e-01  1025.1022     6.9810    24.9481     9.2249    281.268    9.87035  300.94728     93.461 0.0000e+00
   40.22570  -72.69288     33.438     33.178     6.9821    31.8575      7.948     0.3103 1.9788e-01  1025.1008     6.9792    24.9470     9.2247    281.262    9.87054  300.95249     93.457 0.0000e+00
   40.22570  -72.69288     33.417     33.158     6.9779    31.8553      7.944     0.3774 1.9788e-01  1025.0991     6.9750    24.9457     9.2244    281.251    9.87060  300.95390     93.453 0.0000e+00
   40.22570  -72.69288     33.387     33.128     6.9746    31.8537      7.944     0.3774 1.9788e-01  1025.0977     6.9717    24.9447     9.2240    281.239    9.87066  300.95601     93.449 0.0000e+00
   40.22570  -72.69288     33.357     33.098     6.9729    31.8530      7.948     0.3640 2.0040e-01  1025.0976     6.9700    24.9445     9.2241    281.243    9.87125  300.97458     93.444 0.0000e+00
   40.22570  -72.69288     33.326     33.068     6.9719    31.8525      7.944     0.3640 2.0295e-01  1025.0983     6.9690    24.9443     9.2255    281.287    9.87221  301.00456     93.449 0.0000e+00
   40.22570  -72.69288     33.296     33.038     6.9706    31.8513      7.948     0.3640 2.0295e-01  1025.0965     6.9677    24.9436     9.2191    281.091    9.87271  301.01897     93.380 0.0000e+00
   40.22570  -72.69288     33.275     33.017     6.9678    31.8501      7.944     0.3640 2.0359e-01  1025.0954     6.9649    24.9429     9.2173    281.036    9.87237  301.00712     93.365 0.0000e+00
   40.22570  -72.69288     33.245     32.987     6.9655    31.8495      7.944     0.3640 2.0488e-01  1025.0955     6.9626    24.9427     9.2151    280.967    9.87163  300.98373     93.349 0.0000e+00
   40.22570  -72.69288     33.224     32.966     6.9638    31.8493      7.948     0.3640 2.0553e-01  1025.0956     6.9609    24.9428     9.2130    280.901    9.87101  300.96500     93.334 0.0000e+00
   40.22570  -72.69288     33.194     32.936     6.9624    31.8492      7.944     0.3640 2.0683e-01  1025.0956     6.9595    24.9430     9.2113    280.849    9.87078  300.95818     93.318 0.0000e+00
   40.22570  -72.69288     33.164     32.906     6.9600    31.8491      7.948     0.3640 2.0945e-01  1025.0955     6.9571    24.9431     9.2105    280.827    9.87059  300.95218     93.313 0.0000e+00
   40.22570  -72.69288     33.143     32.886     6.9585    31.8491      7.944     0.3640 2.0945e-01  1025.0954     6.9556    24.9434     9.2083    280.760    9.86985  300.92939     93.298 0.0000e+00
   40.22570  -72.69288     33.113     32.856     6.9556    31.8499      7.944     0.3640 2.1011e-01  1025.0960     6.9527    24.9443     9.2058    280.681    9.86875  300.89523     93.282 0.0000e+00
   40.22570  -72.69288     33.092     32.835     6.9545    31.8512      7.944     0.3774 2.1210e-01  1025.0984     6.9516    24.9455     9.2108    280.836    9.86795  300.87099     93.341 0.0000e+00
   40.22570  -72.69288     33.062     32.805     6.9548    31.8514      7.944     0.3640 2.1277e-01  1025.0986     6.9519    24.9457     9.2049    280.655    9.86793  300.87091     93.281 0.0000e+00
   40.22570  -72.69288     33.031     32.775     6.9525    31.8500      7.944     0.3774 2.1277e-01  1025.0962     6.9496    24.9449     9.2048    280.654    9.86830  300.88309     93.277 0.0000e+00
   40.22570  -72.69288     33.001     32.745     6.9501    31.8491      7.944     0.3640 2.1344e-01  1025.0956     6.9472    24.9445     9.2049    280.655    9.86876  300.89748     93.273 0.0000e+00
   40.22570  -72.69288     32.990     32.734     6.9477    31.8494      7.944     0.3640 2.1344e-01  1025.0965     6.9448    24.9450     9.2049    280.656    9.86910  300.90790     93.270 0.0000e+00
   40.22570  -72.69288     32.950     32.694     6.9462    31.8504      7.944     0.3774 2.1344e-01  1025.0975     6.9433    24.9459     9.2046    280.648    9.86915  300.90965     93.266 0.0000e+00
   40.22570  -72.69288     32.939     32.683     6.9459    31.8512      7.944     0.3640 2.1546e-01  1025.0985     6.9430    24.9466     9.2046    280.646    9.86938  300.91649     93.264 0.0000e+00
   40.22572  -72.69288     32.929     32.674     6.9467    31.8513      7.944     0.3640 2.1682e-01  1025.0984     6.9439    24.9467     9.1981    280.449    9.86953  300.92103     93.197 0.0000e+00
   40.22572  -72.69288     32.899     32.644     6.9466    31.8510      7.944     0.3640 2.1682e-01  1025.0970     6.9438    24.9464     9.2025    280.582    9.86961  300.92305     93.241 -9.990e-29
   40.22572  -72.69288     32.909     32.653     6.9451    31.8514      7.944     0.3774 2.1886e-01  1025.0980     6.9422    24.9469     9.2014    280.551    9.86972  300.92621     93.229 -9.990e-29
   40.22572  -72.69288     32.869     32.614     6.9448    31.8529      7.944     0.3640 2.2024e-01  1025.0988     6.9419    24.9480     9.2018    280.562    9.87024  300.94248     93.228 -9.990e-29
   40.22572  -72.69288     32.869     32.614     6.9452    31.8554      7.944     0.3505 2.2024e-01  1025.1006     6.9423    24.9499     9.2023    280.577    9.87083  300.96069     93.227 -9.990e-29
   40.22572  -72.69288     32.858     32.603     6.9482    31.8591      7.944     0.3371 2.1955e-01  1025.1034     6.9453    24.9525     9.2031    280.603    9.87081  300.95995     93.236 0.0000e+00
   40.22572  -72.69288     32.848     32.593     6.9527    31.8629      7.944     0.3237 2.1955e-01  1025.1071     6.9498    24.9550     9.1965    280.399    9.87056  300.95188     93.171 0.0000e+00
   40.22572  -72.69288     32.838     32.584     6.9582    31.8648      7.944     0.3237 2.1955e-01  1025.1079     6.9553    24.9559     9.1953    280.362    9.87025  300.94215     93.162 0.0000e+00
   40.22572  -72.69288     32.827     32.573     6.9624    31.8642      7.944     0.3237 2.1955e-01  1025.1064     6.9595    24.9549     9.2008    280.531    9.87019  300.94056     93.218 0.0000e+00
   40.22572  -72.69288     32.818     32.563     6.9635    31.8611      7.944     0.3237 2.1955e-01  1025.1044     6.9606    24.9523     9.1945    280.339    9.87014  300.93946     93.155 0.0000e+00
   40.22572  -72.69288     32.807     32.552     6.9629    31.8558      7.944     0.3237 2.1955e-01  1025.0987     6.9600    24.9482     9.1940    280.324    9.87032  300.94495     93.148 -9.990e-29
   40.22572  -72.69288     32.818     32.563     6.9606    31.8501      7.944     0.3237 2.2093e-01  1025.0942     6.9577    24.9440     9.1934    280.306    9.87033  300.94539     93.142 -9.990e-29
   40.22572  -72.69288     32.807     32.552     6.9570    31.8456      7.944     0.3237 2.2232e-01  1025.0912     6.9542    24.9409     9.1931    280.296    9.87055  300.95225     93.136 -9.990e-29
   40.22572  -72.69288     32.807     32.552     6.9524    31.8422      7.944     0.3237 2.2301e-01  1025.0891     6.9495    24.9388     9.1993    280.485    9.87082  300.96060     93.197 -9.990e-29
   40.22572  -72.69288     32.797     32.543     6.9464    31.8402      7.944     0.3237 2.2301e-01  1025.0881     6.9435    24.9380     9.1938    280.318    9.87120  300.97215     93.138 -9.990e-29
   40.22572  -72.69288     32.807     32.552     6.9416    31.8398      7.944     0.3237 2.2301e-01  1025.0886     6.9387    24.9382     9.1939    280.323    9.87167  300.98716     93.134 -9.990e-29
   40.22572  -72.69288     32.807     32.552     6.9380    31.8404      7.944     0.3237 2.2301e-01  1025.0900     6.9351    24.9391     9.1942    280.330    9.87219  301.00305     93.132 -9.990e-29
   40.22572  -72.69288     32.818     32.563     6.9344    31.8413      7.944     0.3237 2.2301e-01  1025.0912     6.9316    24.9403     9.1941    280.329    9.87233  301.00736     93.130 -9.990e-29
   40.22572  -72.69288     32.818     32.563     6.9320    31.8421      7.944     0.3237 2.2093e-01  1025.0925     6.9291    24.9413     9.1939    280.322    9.87223  301.00354     93.129 -9.990e-29
   40.22572  -72.69288     32.827     32.573     6.9312    31.8425      7.944     0.3237 2.2024e-01  1025.0928     6.9283    24.9418     9.1936    280.313    9.87198  300.99572     93.129 -9.990e-29
   40.22572  -72.69288     32.827     32.573     6.9298    31.8424      7.944     0.3237 2.2024e-01  1025.0930     6.9269    24.9419     9.1938    280.320    9.87216  301.00186     93.129 -9.990e-29
   40.22572  -72.69288     32.848     32.593     6.9286    31.8420      7.944     0.3237 2.2024e-01  1025.0928     6.9258    24.9417     9.1944    280.338    9.87262  301.01593     93.130 -9.990e-29
   40.22572  -72.69288     32.858     32.603     6.9275    31.8407      7.944     0.3237 2.2024e-01  1025.0929     6.9246    24.9408     9.1951    280.360    9.87312  301.03152     93.133 -9.990e-29
   40.22572  -72.69288     32.858     32.603     6.9259    31.8382      7.944     0.3237 2.2093e-01  1025.0901     6.9230    24.9391     9.1958    280.381    9.87352  301.04366     93.136 -9.990e-29
   40.22572  -72.69288     32.869     32.614     6.9226    31.8355      7.944     0.3371 2.2024e-01  1025.0876     6.9197    24.9374     9.1954    280.368    9.87371  301.04940     93.130 -9.990e-29
   40.22572  -72.69288     32.878     32.623     6.9191    31.8344      7.944     0.3237 2.2024e-01  1025.0873     6.9162    24.9370     9.1895    280.188    9.87383  301.05283     93.069 -9.990e-29
   40.22572  -72.69288     32.888     32.633     6.9156    31.8353      7.944     0.3237 2.2024e-01  1025.0890     6.9127    24.9381     9.1946    280.344    9.87397  301.05694     93.120 -9.990e-29
   40.22572  -72.69288     32.899     32.644     6.9139    31.8371      7.944     0.3237 2.2024e-01  1025.0912     6.9111    24.9397     9.1943    280.335    9.87407  301.06005     93.116 -9.990e-29
   40.22572  -72.69288     32.899     32.644     6.9126    31.8387      7.944     0.3908 2.1955e-01  1025.0927     6.9098    24.9411     9.1951    280.357    9.87423  301.06456     93.122 -9.990e-29
   40.22572  -72.69288     32.929     32.674     6.9120    31.8395      7.944     0.4983 2.2024e-01  1025.0939     6.9092    24.9418     9.1958    280.379    9.87429  301.06675     93.129 -9.990e-29
   40.22572  -72.69288     32.929     32.674     6.9118    31.8388      7.944     0.5252 2.1886e-01  1025.0937     6.9090    24.9414     9.1904    280.215    9.87454  301.07469     93.072 -9.990e-29
   40.22572  -72.69288     32.950     32.694     6.9102    31.8368      7.944     0.5252 2.1818e-01  1025.0913     6.9073    24.9400     9.1908    280.227    9.87499  301.08864     93.071 -9.990e-29
   40.22572  -72.69288     32.950     32.694     6.9070    31.8354      7.944     0.5252 2.1750e-01  1025.0891     6.9041    24.9393     9.1910    280.235    9.87520  301.09454     93.072 -9.990e-29
   40.22572  -72.69288     32.939     32.683     6.9041    31.8372      7.944     0.5117 2.1682e-01  1025.0914     6.9012    24.9410     9.1911    280.237    9.87513  301.09210     93.074 -9.990e-29
   40.22572  -72.69288     32.971     32.715     6.9037    31.8413      7.944     0.5117 2.1614e-01  1025.0966     6.9009    24.9442     9.1905    280.217    9.87517  301.09333     93.067 -9.990e-29
   40.22572  -72.69288     32.969     32.714     6.9058    31.8446      7.944     0.5117 2.1546e-01  1025.0995     6.9030    24.9467     9.1901    280.206    9.87541  301.10088     93.061 -9.990e-29
   40.22572  -72.69288     32.969     32.714     6.9084    31.8459      7.939     0.5252 2.1546e-01  1025.0995     6.9055    24.9475     9.1898    280.196    9.87561  301.10677     93.055 -9.990e-29
   40.22572  -72.69288     32.990     32.734     6.9097    31.8461      7.944     0.5117 2.1546e-01  1025.0987     6.9068    24.9474     9.1893    280.181    9.87558  301.10580     93.051 -9.990e-29
   40.22572  -72.69288     32.981     32.725     6.9104    31.8468      7.944     0.5252 2.1546e-01  1025.0990     6.9075    24.9478     9.1888    280.167    9.87550  301.10301     93.047 -9.990e-29
   40.22572  -72.69288     32.981     32.725     6.9129    31.8486      7.944     0.5117 2.1546e-01  1025.1005     6.9101    24.9489     9.1883    280.152    9.87531  301.09741     93.044 -9.990e-29
   40.22572  -72.69288     33.001     32.745     6.9169    31.8504      7.944     0.5117 2.1614e-01  1025.1026     6.9140    24.9499     9.1882    280.147    9.87540  301.10015     93.041 -9.990e-29
   40.22572  -72.69288     32.990     32.734     6.9204    31.8504      7.944     0.5252 2.1682e-01  1025.1020     6.9175    24.9496     9.1886    280.161    9.87597  301.11844     93.040 -9.990e-29
   40.22572  -72.69288     32.990     32.734     6.9212    31.8484      7.939     0.5252 2.1682e-01  1025.1000     6.9183    24.9479     9.1905    280.220    9.87693  301.14836     93.050 -9.990e-29
   40.22572  -72.69288     33.001     32.745     6.9208    31.8456      7.939     0.5252 2.1682e-01  1025.0968     6.9179    24.9457     9.1851    280.054    9.87783  301.17578     92.987 -9.990e-29
   40.22572  -72.69288     32.981     32.725     6.9194    31.8435      7.944     0.5117 2.1614e-01  1025.0951     6.9165    24.9441     9.1846    280.038    9.87804  301.18154     92.980 -9.990e-29
   40.22572  -72.69288     32.981     32.725     6.9180    31.8426      7.939     0.5252 2.1614e-01  1025.0950     6.9151    24.9435     9.1838    280.015    9.87793  301.17815     92.973 -9.990e-29
   40.22572  -72.69288     32.981     32.725     6.9178    31.8423      7.944     0.5117 2.1614e-01  1025.0950     6.9149    24.9434     9.1833    279.999    9.87792  301.17797     92.968 -9.990e-29
   40.22572  -72.69288     32.970     32.714     6.9168    31.8423      7.944     0.5252 2.1614e-01  1025.0950     6.9140    24.9434     9.1832    279.997    9.87828  301.18929     92.964 -9.990e-29
   40.22572  -72.69288     32.960     32.704     6.9162    31.8426      7.944     0.5117 2.1614e-01  1025.0948     6.9134    24.9438     9.1836    280.009    9.87892  301.20873     92.962 -9.990e-29
   40.22572  -72.69288     32.950     32.694     6.9153    31.8434      7.939     0.5117 2.1614e-01  1025.0964     6.9125    24.9445     9.1828    279.984    9.87926  301.21851     92.950 -9.990e-29
   40.22572  -72.69288     32.939     32.684     6.9146    31.8438      7.944     0.5117 2.1682e-01  1025.0970     6.9118    24.9450     9.1891    280.174    9.87919  301.21623     93.014 -9.990e-29
   40.22572  -72.69288     32.920     32.664     6.9128    31.8432      7.944     0.5117 2.1682e-01  1025.0960     6.9099    24.9447     9.1835    280.004    9.87908  301.21290     92.959 -9.990e-29
   40.22572  -72.69288     32.909     32.653     6.9105    31.8427      7.939     0.5252 2.1750e-01  1025.0954     6.9076    24.9444     9.1838    280.013    9.87926  301.21838     92.960 -9.990e-29
   40.22572  -72.69288     32.888     32.633     6.9104    31.8431      7.944     0.5386 2.1818e-01  1025.0958     6.9075    24.9448     9.1842    280.025    9.87941  301.22251     92.963 -9.990e-29
