CalculateIndicators/WaterTemperature/Data/CTD_NYOS/20240709_C12.cnv
* Sea-Bird SBE 9 Data File:
* FileName = C:\Seabird 9 CTD\Data\2024\202407_offshore\20240709_C12.hex
* Software Version Seasave V 7.23.2
* Temperature SN = 4590
* Conductivity SN = 3228
* Number of Bytes Per Scan = 44
* Number of Voltage Words = 5
* Number of Scans Averaged by the Deck Unit = 1
* NMEA Latitude = 39 19.29 N
* NMEA Longitude = 072 05.50 W
* NMEA UTC (Time) = Jul 09 2024  15:04:38
* NMEA baud rate = 4800
** Ship: seawolf
** Station: 9.7
** Operator: TCM
# nquan = 18
# nvalues = 20551                       
# units = specified
# name 0 = latitude: Latitude [deg]
# name 1 = longitude: Longitude [deg]
# name 2 = prDM: Pressure, Digiquartz [db]
# name 3 = depSM: Depth [salt water, m]
# name 4 = t090C: Temperature [ITS-90, deg C]
# name 5 = sal00: Salinity, Practical [PSU]
# name 6 = ph: pH
# name 7 = flECO-AFL: Fluorescence, WET Labs ECO-AFL/FL [mg/m^3]
# name 8 = cpar: CPAR/Corrected Irradiance [%]
# name 9 = density00: Density [density, kg/m^3]
# name 10 = potemp090C: Potential Temperature [ITS-90, deg C]
# name 11 = sigma-é00: Density [sigma-theta, kg/m^3]
# name 12 = sbeox0Mg/L: Oxygen, SBE 43 [mg/l]
# name 13 = sbox0Mm/Kg: Oxygen, SBE 43 [umol/kg]
# name 14 = oxsolMg/L: Oxygen Saturation, Garcia & Gordon [mg/l]
# name 15 = oxsolMm/Kg: Oxygen Saturation, Garcia & Gordon [umol/kg]
# name 16 = sbeox0PS: Oxygen, SBE 43 [% saturation]
# name 17 = flag:  0.000e+00
# span 0 =   39.32150,   39.32190       
# span 1 =  -72.09594,  -72.09166       
# span 2 =      2.000,    101.659       
# span 3 =      1.985,    100.861       
# span 4 =    10.6625,    25.1953       
# span 5 =    32.7637,    36.5564       
# span 6 =      8.015,      8.331       
# span 7 =    -0.0792,     0.9012       
# span 8 = 9.5022e-03, 3.4929e+01       
# span 9 =  1021.8656,  1027.3626       
# span 10 =    10.6567,    25.1942      
# span 11 =    21.8565,    26.9974      
# span 12 =     4.8483,     8.6042      
# span 13 =    147.648,    262.201      
# span 14 =    6.79072,    8.98936      
# span 15 =  207.39012,  273.91964      
# span 16 =     64.436,    103.411      
# span 17 = 0.0000e+00, 0.0000e+00      
# interval = seconds: 0.0416667
# start_time = Jul 09 2024 15:04:40 [System UTC, first data scan.]
# bad_flag = -9.990e-29
*END*
[from data line 644]
   39.32158  -72.09180     10.981     10.898    24.8564    34.3183      8.129     0.0013 1.0615e+01  1022.9167    24.8541    22.8702     6.6638    203.587    6.81186  208.11109     97.826 0.0000e+00
   39.32158  -72.09180     11.013     10.929    24.8580    34.3183      8.129     0.0013 1.0615e+01  1022.9163    24.8556    22.8697     6.6631    203.564    6.81190  208.11181     97.815 0.0000e+00
   39.32158  -72.09180     11.027     10.943    24.8598    34.3187      8.129     0.0013 1.0615e+01  1022.9162    24.8575    22.8696     6.6623    203.541    6.81188  208.11095     97.804 0.0000e+00
   39.32158  -72.09180     11.053     10.969    24.8611    34.3195      8.129     0.0013 1.0645e+01  1022.9171    24.8587    22.8698     6.6615    203.517    6.81185  208.10957     97.793 0.0000e+00
   39.32158  -72.09180     11.074     10.989    24.8629    34.3197      8.129     0.0013 1.0645e+01  1022.9170    24.8605    22.8695     6.6608    203.494    6.81178  208.10735     97.783 0.0000e+00
   39.32158  -72.09180     11.094     11.010    24.8645    34.3199      8.129     0.0013 1.0615e+01  1022.9158    24.8621    22.8690     6.6601    203.473    6.81177  208.10699     97.773 0.0000e+00
   39.32158  -72.09180     11.129     11.044    24.8660    34.3200      8.129     0.0013 1.0615e+01  1022.9155    24.8636    22.8688     6.6597    203.462    6.81177  208.10701     97.768 0.0000e+00
   39.32158  -72.09180     11.144     11.059    24.8672    34.3209      8.129     0.0148 1.0645e+01  1022.9168    24.8648    22.8690     6.6590    203.441    6.81173  208.10568     97.759 0.0000e+00
   39.32158  -72.09180     11.164     11.079    24.8687    34.3209      8.129     0.0148 1.0570e+01  1022.9168    24.8663    22.8689     6.6584    203.420    6.81164  208.10280     97.750 0.0000e+00
   39.32158  -72.09180     11.206     11.120    24.8701    34.3209      8.129     0.0148 1.0541e+01  1022.9159    24.8677    22.8682     6.6537    203.278    6.81154  208.09960     97.683 0.0000e+00
   39.32158  -72.09180     11.219     11.134    24.8714    34.3209      8.129     0.0148 1.0541e+01  1022.9146    24.8690    22.8674     6.6529    203.252    6.81151  208.09870     97.671 0.0000e+00
   39.32158  -72.09180     11.245     11.160    24.8723    34.3209      8.129     0.0148 1.0541e+01  1022.9147    24.8698    22.8673     6.6524    203.236    6.81147  208.09758     97.664 0.0000e+00
   39.32158  -72.09180     11.276     11.190    24.8732    34.3219      8.129     0.0148 1.0511e+01  1022.9159    24.8708    22.8679     6.6518    203.219    6.81136  208.09410     97.657 0.0000e+00
   39.32158  -72.09180     11.296     11.210    24.8744    34.3237      8.129     0.0148 1.0511e+01  1022.9165    24.8720    22.8689     6.6510    203.195    6.81129  208.09171     97.647 0.0000e+00
   39.32158  -72.09180     11.331     11.244    24.8753    34.3262      8.128     0.0148 1.0481e+01  1022.9184    24.8729    22.8705     6.6506    203.181    6.81118  208.08828     97.642 0.0000e+00
   39.32158  -72.09180     11.368     11.281    24.8766    34.3297      8.128     0.0148 1.0481e+01  1022.9209    24.8742    22.8728     6.6498    203.159    6.81106  208.08442     97.633 0.0000e+00
   39.32158  -72.09180     11.377     11.291    24.8777    34.3339      8.128     0.0148 1.0481e+01  1022.9239    24.8753    22.8756     6.6534    203.266    6.81090  208.07936     97.687 0.0000e+00
   39.32158  -72.09180     11.417     11.330    24.8791    34.3382      8.128     0.0148 1.0452e+01  1022.9274    24.8766    22.8785     6.6490    203.134    6.81081  208.07666     97.625 0.0000e+00
   39.32158  -72.09180     11.453     11.366    24.8808    34.3419      8.128     0.0148 1.0438e+01  1022.9301    24.8783    22.8808     6.6487    203.125    6.81072  208.07396     97.622 0.0000e+00
   39.32158  -72.09180     11.468     11.381    24.8824    34.3440      8.128     0.0148 1.0408e+01  1022.9313    24.8799    22.8819     6.6485    203.119    6.81068  208.07307     97.619 0.0000e+00
   39.32158  -72.09180     11.489     11.401    24.8838    34.3447      8.128     0.0148 1.0438e+01  1022.9309    24.8813    22.8821     6.6483    203.114    6.81063  208.07157     97.617 0.0000e+00
   39.32158  -72.09180     11.533     11.445    24.8851    34.3451      8.128     0.0148 1.0408e+01  1022.9309    24.8826    22.8819     6.6485    203.119    6.81061  208.07120     97.620 0.0000e+00
   39.32158  -72.09180     11.560     11.472    24.8860    34.3455      8.128     0.0148 1.0408e+01  1022.9311    24.8835    22.8819     6.6524    203.238    6.81054  208.06918     97.678 0.0000e+00
   39.32158  -72.09180     11.591     11.502    24.8870    34.3459      8.128     0.0148 1.0379e+01  1022.9313    24.8846    22.8819     6.6487    203.125    6.81052  208.06829     97.624 0.0000e+00
   39.32158  -72.09180     11.611     11.523    24.8880    34.3459      8.128     0.0148 1.0379e+01  1022.9312    24.8855    22.8818     6.6530    203.255    6.81047  208.06674     97.687 0.0000e+00
   39.32158  -72.09180     11.646     11.557    24.8887    34.3459      8.128     0.0148 1.0379e+01  1022.9314    24.8862    22.8815     6.6533    203.265    6.81041  208.06510     97.693 0.0000e+00
   39.32158  -72.09180     11.681     11.592    24.8898    34.3457      8.128     0.0148 1.0379e+01  1022.9308    24.8873    22.8810     6.6500    203.164    6.81039  208.06443     97.645 0.0000e+00
   39.32158  -72.09180     11.702     11.613    24.8903    34.3448      8.128     0.0148 1.0379e+01  1022.9299    24.8878    22.8802     6.6505    203.179    6.81038  208.06448     97.652 0.0000e+00
   39.32158  -72.09180     11.736     11.647    24.8905    34.3437      8.128     0.0148 1.0350e+01  1022.9291    24.8879    22.8793     6.6510    203.194    6.81033  208.06287     97.660 0.0000e+00
   39.32158  -72.09180     11.783     11.693    24.8903    34.3428      8.128     0.0148 1.0379e+01  1022.9285    24.8877    22.8787     6.6555    203.332    6.81028  208.06123     97.727 0.0000e+00
   39.32158  -72.09180     11.793     11.703    24.8900    34.3422      8.128     0.0148 1.0350e+01  1022.9284    24.8874    22.8783     6.6564    203.360    6.81028  208.06116     97.740 0.0000e+00
   39.32158  -72.09180     11.838     11.748    24.8892    34.3417      8.128     0.0148 1.0350e+01  1022.9285    24.8867    22.8781     6.6573    203.389    6.81027  208.06102     97.754 0.0000e+00
   39.32158  -72.09180     11.855     11.764    24.8885    34.3408      8.128     0.0148 1.0336e+01  1022.9285    24.8859    22.8777     6.6581    203.412    6.81029  208.06156     97.765 0.0000e+00
   39.32158  -72.09180     11.915     11.824    24.8875    34.3392      8.128     0.0148 1.0336e+01  1022.9279    24.8850    22.8768     6.6588    203.435    6.81029  208.06185     97.776 0.0000e+00
   39.32158  -72.09180     11.929     11.838    24.8867    34.3372      8.128     0.0148 1.0336e+01  1022.9256    24.8841    22.8756     6.6555    203.333    6.81040  208.06530     97.725 0.0000e+00
   39.32158  -72.09180     11.966     11.875    24.8851    34.3359      8.128     0.0148 1.0336e+01  1022.9254    24.8825    22.8750     6.6558    203.342    6.81045  208.06715     97.729 0.0000e+00
   39.32158  -72.09180     11.996     11.905    24.8834    34.3359      8.128     0.0148 1.0336e+01  1022.9260    24.8809    22.8753     6.6565    203.364    6.81056  208.07061     97.738 0.0000e+00
   39.32158  -72.09180     12.031     11.939    24.8813    34.3359      8.128     0.0148 1.0336e+01  1022.9275    24.8787    22.8761     6.6569    203.377    6.81065  208.07314     97.743 0.0000e+00
   39.32158  -72.09180     12.057     11.965    24.8798    34.3363      8.128     0.0148 1.0336e+01  1022.9281    24.8772    22.8769     6.6614    203.512    6.81074  208.07587     97.807 0.0000e+00
   39.32158  -72.09180     12.080     11.988    24.8782    34.3366      8.128     0.0148 1.0336e+01  1022.9288    24.8756    22.8776     6.6582    203.415    6.81086  208.07928     97.758 0.0000e+00
   39.32158  -72.09180     12.128     12.036    24.8766    34.3371      8.128     0.0148 1.0336e+01  1022.9301    24.8740    22.8784     6.6587    203.431    6.81095  208.08198     97.765 0.0000e+00
   39.32158  -72.09180     12.148     12.055    24.8753    34.3378      8.128     0.0148 1.0336e+01  1022.9310    24.8727    22.8794     6.6593    203.448    6.81106  208.08514     97.771 0.0000e+00
   39.32158  -72.09180     12.172     12.079    24.8741    34.3385      8.129     0.0148 1.0336e+01  1022.9320    24.8714    22.8803     6.6596    203.457    6.81115  208.08794     97.775 0.0000e+00
   39.32158  -72.09180     12.219     12.126    24.8726    34.3392      8.129     0.0148 1.0307e+01  1022.9332    24.8700    22.8812     6.6562    203.355    6.81124  208.09058     97.724 0.0000e+00
   39.32158  -72.09180     12.240     12.146    24.8714    34.3400      8.129     0.0148 1.0307e+01  1022.9343    24.8688    22.8822     6.6603    203.478    6.81129  208.09210     97.783 0.0000e+00
   39.32158  -72.09180     12.263     12.169    24.8705    34.3408      8.129     0.0148 1.0307e+01  1022.9354    24.8678    22.8831     6.6606    203.488    6.81134  208.09346     97.787 0.0000e+00
   39.32158  -72.09180     12.310     12.216    24.8694    34.3414      8.129     0.0148 1.0278e+01  1022.9362    24.8667    22.8839     6.6571    203.380    6.81144  208.09625     97.734 0.0000e+00
   39.32158  -72.09182     12.335     12.240    24.8687    34.3420      8.129     0.0148 1.0278e+01  1022.9370    24.8660    22.8846     6.6572    203.385    6.81152  208.09875     97.735 0.0000e+00
   39.32158  -72.09182     12.361     12.266    24.8678    34.3428      8.129     0.0148 1.0278e+01  1022.9378    24.8651    22.8855     6.6572    203.383    6.81161  208.10161     97.732 0.0000e+00
   39.32158  -72.09182     12.391     12.296    24.8670    34.3440      8.129     0.0148 1.0249e+01  1022.9392    24.8644    22.8866     6.6571    203.380    6.81167  208.10321     97.730 0.0000e+00
   39.32158  -72.09182     12.425     12.330    24.8667    34.3458      8.129     0.0148 1.0249e+01  1022.9406    24.8640    22.8881     6.6570    203.379    6.81175  208.10518     97.729 0.0000e+00
   39.32158  -72.09182     12.453     12.358    24.8660    34.3477      8.129     0.0148 1.0249e+01  1022.9431    24.8633    22.8896     6.6530    203.254    6.81175  208.10507     97.669 0.0000e+00
   39.32158  -72.09182     12.476     12.381    24.8662    34.3490      8.129     0.0148 1.0220e+01  1022.9440    24.8635    22.8906     6.6566    203.366    6.81179  208.10587     97.723 0.0000e+00
   39.32158  -72.09182     12.513     12.418    24.8662    34.3495      8.129     0.0148 1.0220e+01  1022.9444    24.8635    22.8910     6.6567    203.367    6.81185  208.10775     97.722 0.0000e+00
   39.32158  -72.09182     12.544     12.448    24.8663    34.3497      8.129     0.0148 1.0192e+01  1022.9442    24.8636    22.8911     6.6567    203.367    6.81190  208.10904     97.721 0.0000e+00
   39.32158  -72.09182     12.557     12.461    24.8665    34.3504      8.129    -0.0121 1.0192e+01  1022.9446    24.8638    22.8916     6.6567    203.369    6.81194  208.11019     97.722 0.0000e+00
   39.32158  -72.09182     12.594     12.498    24.8665    34.3516      8.129    -0.0121 1.0163e+01  1022.9464    24.8638    22.8925     6.6528    203.250    6.81198  208.11140     97.664 0.0000e+00
   39.32158  -72.09182     12.618     12.522    24.8670    34.3524      8.129    -0.0121 1.0163e+01  1022.9470    24.8643    22.8930     6.6527    203.244    6.81201  208.11211     97.661 0.0000e+00
   39.32158  -72.09182     12.645     12.549    24.8674    34.3527      8.129    -0.0121 1.0163e+01  1022.9468    24.8647    22.8930     6.6522    203.231    6.81203  208.11279     97.654 0.0000e+00
   39.32158  -72.09182     12.676     12.579    24.8678    34.3530      8.129    -0.0121 1.0134e+01  1022.9467    24.8651    22.8931     6.6518    203.218    6.81206  208.11371     97.648 0.0000e+00
   39.32158  -72.09182     12.699     12.602    24.8683    34.3537      8.129    -0.0121 1.0134e+01  1022.9476    24.8656    22.8936     6.6554    203.329    6.81213  208.11575     97.700 0.0000e+00
   39.32158  -72.09182     12.715     12.618    24.8687    34.3546      8.129    -0.0121 1.0120e+01  1022.9482    24.8659    22.8941     6.6513    203.203    6.81214  208.11598     97.640 0.0000e+00
   39.32158  -72.09182     12.750     12.653    24.8694    34.3556      8.129    -0.0121 1.0091e+01  1022.9486    24.8667    22.8947     6.6510    203.193    6.81218  208.11705     97.634 0.0000e+00
   39.32158  -72.09182     12.777     12.680    24.8698    34.3569      8.129    -0.0121 1.0091e+01  1022.9501    24.8670    22.8954     6.6467    203.061    6.81218  208.11715     97.570 0.0000e+00
   39.32158  -72.09182     12.810     12.713    24.8708    34.3576      8.129    -0.0121 1.0120e+01  1022.9507    24.8681    22.8959     6.6461    203.043    6.81222  208.11828     97.561 0.0000e+00
   39.32158  -72.09182     12.828     12.730    24.8716    34.3576      8.129    -0.0121 1.0091e+01  1022.9506    24.8688    22.8958     6.6459    203.036    6.81226  208.11950     97.558 0.0000e+00
   39.32158  -72.09182     12.861     12.763    24.8725    34.3576      8.129    -0.0121 1.0091e+01  1022.9502    24.8697    22.8953     6.6454    203.022    6.81232  208.12107     97.550 0.0000e+00
   39.32158  -72.09182     12.889     12.790    24.8732    34.3568      8.129    -0.0121 1.0091e+01  1022.9492    24.8704    22.8945     6.6450    203.009    6.81239  208.12325     97.542 0.0000e+00
   39.32158  -72.09182     12.912     12.814    24.8739    34.3562      8.129    -0.0121 1.0063e+01  1022.9486    24.8711    22.8938     6.6446    202.996    6.81244  208.12464     97.536 0.0000e+00
   39.32158  -72.09182     12.929     12.830    24.8741    34.3558      8.129    -0.0121 1.0063e+01  1022.9484    24.8713    22.8933     6.6442    202.984    6.81246  208.12552     97.530 0.0000e+00
   39.32158  -72.09182     12.959     12.860    24.8748    34.3558      8.133    -0.0121 1.0035e+01  1022.9480    24.8720    22.8931     6.6399    202.853    6.81253  208.12748     97.466 0.0000e+00
   39.32158  -72.09182     12.982     12.883    24.8750    34.3558      8.133    -0.0121 1.0006e+01  1022.9482    24.8722    22.8931     6.6396    202.844    6.81255  208.12810     97.461 0.0000e+00
   39.32158  -72.09182     13.021     12.921    24.8752    34.3558      8.128    -0.0121 1.0006e+01  1022.9488    24.8724    22.8932     6.6391    202.828    6.81261  208.12968     97.453 0.0000e+00
   39.32158  -72.09182     13.033     12.934    24.8757    34.3558      8.133    -0.0121 1.0006e+01  1022.9486    24.8729    22.8932     6.6389    202.823    6.81266  208.13135     97.449 0.0000e+00
   39.32158  -72.09182     13.051     12.951    24.8759    34.3558      8.128    -0.0121 9.9784e+00  1022.9487    24.8731    22.8928     6.6388    202.819    6.81273  208.13358     97.447 0.0000e+00
   39.32158  -72.09182     13.094     12.994    24.8765    34.3556      8.133    -0.0121 9.9784e+00  1022.9475    24.8736    22.8924     6.6345    202.687    6.81277  208.13479     97.383 0.0000e+00
   39.32158  -72.09182     13.111     13.011    24.8766    34.3555      8.128    -0.0121 9.9504e+00  1022.9481    24.8738    22.8923     6.6339    202.670    6.81281  208.13593     97.374 0.0000e+00
   39.32158  -72.09182     13.145     13.044    24.8770    34.3553      8.128    -0.0121 9.9360e+00  1022.9484    24.8741    22.8924     6.6334    202.653    6.81285  208.13708     97.365 0.0000e+00
   39.32158  -72.09182     13.162     13.062    24.8770    34.3553      8.128    -0.0121 9.9360e+00  1022.9485    24.8741    22.8923     6.6332    202.647    6.81288  208.13778     97.362 0.0000e+00
