CalculateIndicators/WaterTemperature/Data/CTD_NYOS/20240428_C23.cnv
* Sea-Bird SBE 9 Data File:
* FileName = C:\Seabird 9 CTD\Data\2024\202404_offshore\20240428_C23.hex
* Software Version Seasave V 7.23.2
* Temperature SN = 4590
* Conductivity SN = 3228
* Number of Bytes Per Scan = 44
* Number of Voltage Words = 5
* Number of Scans Averaged by the Deck Unit = 1
* NMEA Latitude = 40 09.42 N
* NMEA Longitude = 072 10.34 W
* NMEA UTC (Time) = Apr 28 2024  13:12:25
* NMEA baud rate = 4800
** Ship: Seawolf
** Station: 10.4
** Operator: TCM
# nquan = 18
# nvalues = 13679                       
# units = specified
# name 0 = latitude: Latitude [deg]
# name 1 = longitude: Longitude [deg]
# name 2 = prDM: Pressure, Digiquartz [db]
# name 3 = depSM: Depth [salt water, m]
# name 4 = t090C: Temperature [ITS-90, deg C]
# name 5 = sal00: Salinity, Practical [PSU]
# name 6 = ph: pH
# name 7 = flECO-AFL: Fluorescence, WET Labs ECO-AFL/FL [mg/m^3]
# name 8 = cpar: CPAR/Corrected Irradiance [%]
# name 9 = density00: Density [density, kg/m^3]
# name 10 = potemp090C: Potential Temperature [ITS-90, deg C]
# name 11 = sigma-é00: Density [sigma-theta, kg/m^3]
# name 12 = sbeox0Mg/L: Oxygen, SBE 43 [mg/l]
# name 13 = sbox0Mm/Kg: Oxygen, SBE 43 [umol/kg]
# name 14 = oxsolMg/L: Oxygen Saturation, Garcia & Gordon [mg/l]
# name 15 = oxsolMm/Kg: Oxygen Saturation, Garcia & Gordon [umol/kg]
# name 16 = sbeox0PS: Oxygen, SBE 43 [% saturation]
# name 17 = flag:  0.000e+00
# span 0 =   40.15714,   40.15924       
# span 1 =  -72.17284,  -72.17238       
# span 2 =      2.017,     67.730       
# span 3 =      2.001,     67.199       
# span 4 =     5.9642,     8.2672       
# span 5 =    31.6148,    32.1847       
# span 6 =      7.928,      8.071       
# span 7 =    -0.0255,     0.9012       
# span 8 = 2.0926e-13, 3.4062e+01       
# span 9 =  1024.5738,  1025.6459       
# span 10 =     5.9590,     8.2670      
# span 11 =    24.5782,    25.3335      
# span 12 =     9.0561,    10.4232      
# span 13 =    276.096,    317.852      
# span 14 =    9.58230,   10.08009      
# span 15 =  292.26077,  307.30424      
# span 16 =     90.681,    106.393      
# span 17 = 0.0000e+00, 0.0000e+00      
# interval = seconds: 0.0416667
# start_time = Apr 28 2024 13:12:25 [System UTC, first data scan.]
# bad_flag = -9.990e-29
*END*
[from data line 11016]
   40.15886  -72.17272     13.144     13.043     7.5565    31.7203 -9.990e-29     0.6057 3.7392e+00  1024.8216     7.5553    24.7613    10.2602    312.886    9.72829  296.66659    105.467 -9.990e-29
   40.15886  -72.17272     13.150     13.048     7.5548    31.7208 -9.990e-29     0.6057 3.7392e+00  1024.8221     7.5535    24.7621    10.2597    312.872    9.72836  296.66853    105.462 -9.990e-29
   40.15886  -72.17272     13.170     13.069     7.5524    31.7214 -9.990e-29     0.6057 3.7181e+00  1024.8234     7.5512    24.7628    10.2529    312.663    9.72835  296.66836    105.391 -9.990e-29
   40.15886  -72.17272     13.174     13.073     7.5525    31.7216 -9.990e-29     0.6057 3.7076e+00  1024.8239     7.5513    24.7630    10.2585    312.835    9.72835  296.66827    105.449 -9.990e-29
   40.15886  -72.17272     13.180     13.078     7.5514    31.7212 -9.990e-29     0.6057 3.7076e+00  1024.8232     7.5502    24.7628    10.2587    312.843    9.72837  296.66892    105.452 -9.990e-29
   40.15886  -72.17272     13.191     13.089     7.5492    31.7203 -9.990e-29     0.6057 3.6972e+00  1024.8230     7.5480    24.7624    10.2590    312.850    9.72840  296.66980    105.454 -9.990e-29
   40.15886  -72.17272     13.191     13.089     7.5470    31.7194 -9.990e-29     0.6057 3.6868e+00  1024.8221     7.5458    24.7621    10.2591    312.853    9.72834  296.66780    105.456 -9.990e-29
   40.15886  -72.17272     13.205     13.103     7.5425    31.7195 -9.990e-29     0.6057 3.6764e+00  1024.8225     7.5413    24.7626    10.2592    312.857    9.72833  296.66750    105.457 -9.990e-29
   40.15886  -72.17272     13.201     13.099     7.5400    31.7208 -9.990e-29     0.6057 3.6660e+00  1024.8245     7.5388    24.7639    10.2584    312.832    9.72837  296.66862    105.448 -9.990e-29
   40.15886  -72.17272     13.221     13.119     7.5397    31.7228 -9.990e-29     0.6057 3.6557e+00  1024.8262     7.5385    24.7656    10.2584    312.831    9.72831  296.66676    105.449 -9.990e-29
   40.15886  -72.17272     13.205     13.103     7.5397    31.7249 -9.990e-29     0.6057 3.6557e+00  1024.8279     7.5385    24.7673    10.2583    312.828    9.72825  296.66497    105.448 -9.990e-29
   40.15886  -72.17272     13.231     13.129     7.5407    31.7267 -9.990e-29     0.6057 3.6454e+00  1024.8298     7.5395    24.7686    10.2644    313.016    9.72823  296.66445    105.512 -9.990e-29
   40.15886  -72.17272     13.221     13.119     7.5423    31.7279 -9.990e-29     0.6057 3.6351e+00  1024.8300     7.5411    24.7694    10.2592    312.856    9.72842  296.67030    105.456 -9.990e-29
   40.15886  -72.17272     13.231     13.129     7.5431    31.7288 -9.990e-29     0.6057 3.6248e+00  1024.8307     7.5419    24.7699    10.2592    312.856    9.72856  296.67449    105.454 -9.990e-29
   40.15886  -72.17272     13.235     13.133     7.5445    31.7295 -9.990e-29     0.6057 3.6248e+00  1024.8312     7.5433    24.7702    10.2590    312.851    9.72858  296.67508    105.452 -9.990e-29
   40.15886  -72.17272     13.242     13.140     7.5472    31.7298 -9.990e-29     0.6057 3.6146e+00  1024.8312     7.5460    24.7702    10.2586    312.839    9.72844  296.67074    105.450 -9.990e-29
   40.15886  -72.17272     13.231     13.129     7.5491    31.7295 -9.990e-29     0.6057 3.6146e+00  1024.8306     7.5478    24.7697    10.2645    313.018    9.72837  296.66848    105.511 -9.990e-29
   40.15886  -72.17272     13.246     13.144     7.5500    31.7288 -9.990e-29     0.6057 3.6044e+00  1024.8296     7.5488    24.7690    10.2587    312.841    9.72829  296.66597    105.452 -9.990e-29
   40.15886  -72.17272     13.231     13.129     7.5518    31.7284 -9.990e-29     0.6057 3.6044e+00  1024.8286     7.5506    24.7685    10.2583    312.828    9.72824  296.66464    105.448 -9.990e-29
   40.15886  -72.17272     13.242     13.140     7.5526    31.7285 -9.990e-29     0.6057 3.5943e+00  1024.8292     7.5514    24.7685    10.2642    313.008    9.72831  296.66689    105.508 -9.990e-29
   40.15886  -72.17272     13.242     13.140     7.5533    31.7289 -9.990e-29     0.6057 3.5943e+00  1024.8295     7.5521    24.7687    10.2586    312.838    9.72854  296.67373    105.448 -9.990e-29
   40.15886  -72.17272     13.246     13.144     7.5538    31.7284 -9.990e-29     0.6057 3.5943e+00  1024.8299     7.5526    24.7682    10.2582    312.827    9.72870  296.67896    105.443 -9.990e-29
   40.15886  -72.17272     13.231     13.129     7.5541    31.7268 -9.990e-29     0.6057 3.5943e+00  1024.8274     7.5529    24.7670    10.2587    312.842    9.72880  296.68197    105.447 -9.990e-29
   40.15886  -72.17272     13.231     13.129     7.5514    31.7254 -9.990e-29     0.6057 3.5943e+00  1024.8258     7.5502    24.7661    10.2583    312.828    9.72890  296.68481    105.441 -9.990e-29
   40.15886  -72.17272     13.235     13.133     7.5502    31.7260 -9.990e-29     0.6057 3.5943e+00  1024.8262     7.5490    24.7666    10.2575    312.806    9.72881  296.68215    105.435 -9.990e-29
   40.15886  -72.17272     13.231     13.129     7.5528    31.7290 -9.990e-29     0.6057 3.5943e+00  1024.8293     7.5516    24.7686    10.2630    312.971    9.72867  296.67781    105.492 -9.990e-29
   40.15886  -72.17272     13.231     13.129     7.5579    31.7323 -9.990e-29     0.6057 3.5943e+00  1024.8323     7.5566    24.7706    10.2568    312.783    9.72857  296.67468    105.430 -9.990e-29
   40.15886  -72.17272     13.221     13.119     7.5621    31.7339 -9.990e-29     0.6057 3.5841e+00  1024.8327     7.5608    24.7713    10.2561    312.763    9.72865  296.67704    105.422 -9.990e-29
   40.15886  -72.17272     13.216     13.114     7.5661    31.7338 -9.990e-29     0.6057 3.5943e+00  1024.8315     7.5649    24.7708    10.2552    312.735    9.72856  296.67437    105.414 -9.990e-29
   40.15886  -72.17272     13.221     13.119     7.5690    31.7330 -9.990e-29     0.6057 3.5841e+00  1024.8303     7.5678    24.7697    10.2553    312.739    9.72856  296.67431    105.415 -9.990e-29
   40.15886  -72.17272     13.212     13.110     7.5708    31.7321 -9.990e-29     0.6057 3.5841e+00  1024.8293     7.5696    24.7688    10.2615    312.927    9.72843  296.67046    105.480 -9.990e-29
   40.15886  -72.17272     13.205     13.103     7.5721    31.7312 -9.990e-29     0.6057 3.5841e+00  1024.8283     7.5709    24.7679    10.2552    312.734    9.72831  296.66657    105.416 -9.990e-29
   40.15886  -72.17272     13.191     13.089     7.5734    31.7304 -9.990e-29     0.6057 3.5943e+00  1024.8275     7.5722    24.7671    10.2551    312.730    9.72820  296.66351    105.416 -9.990e-29
   40.15886  -72.17272     13.191     13.089     7.5742    31.7298 -9.990e-29     0.6057 3.5841e+00  1024.8267     7.5730    24.7665    10.2541    312.700    9.72812  296.66106    105.407 -9.990e-29
   40.15886  -72.17272     13.191     13.089     7.5744    31.7294 -9.990e-29     0.5923 3.5943e+00  1024.8266     7.5732    24.7661    10.2541    312.700    9.72813  296.66161    105.406 -9.990e-29
   40.15886  -72.17272     13.174     13.073     7.5747    31.7292 -9.990e-29     0.5789 3.5943e+00  1024.8262     7.5735    24.7659    10.2541    312.702    9.72818  296.66290    105.406 -9.990e-29
   40.15886  -72.17272     13.161     13.059     7.5753    31.7291 -9.990e-29     0.5789 3.5943e+00  1024.8260     7.5741    24.7658    10.2532    312.674    9.72821  296.66404    105.397 -9.990e-29
   40.15886  -72.17272     13.150     13.048     7.5757    31.7291 -9.990e-29     0.5789 3.5943e+00  1024.8262     7.5745    24.7658    10.2522    312.644    9.72818  296.66294    105.387 -9.990e-29
   40.15886  -72.17272     13.154     13.052     7.5757    31.7290 -9.990e-29     0.5789 3.6044e+00  1024.8259     7.5745    24.7657    10.2522    312.644    9.72826  296.66535    105.386 -9.990e-29
   40.15886  -72.17272     13.140     13.039     7.5760    31.7290 -9.990e-29     0.5789 3.5943e+00  1024.8258     7.5748    24.7656    10.2513    312.615    9.72831  296.66699    105.376 -9.990e-29
   40.15886  -72.17272     13.140     13.039     7.5765    31.7289 -9.990e-29     0.5789 3.6146e+00  1024.8257     7.5753    24.7655    10.2502    312.581    9.72825  296.66517    105.365 -9.990e-29
   40.15886  -72.17272     13.119     13.018     7.5765    31.7287 -9.990e-29     0.5789 3.6146e+00  1024.8258     7.5753    24.7653    10.2438    312.387    9.72827  296.66592    105.299 -9.990e-29
   40.15886  -72.17272     13.103     13.002     7.5770    31.7282 -9.990e-29     0.5789 3.6146e+00  1024.8247     7.5758    24.7649    10.2491    312.548    9.72832  296.66720    105.353 -9.990e-29
   40.15886  -72.17272     13.099     12.998     7.5768    31.7277 -9.990e-29     0.5789 3.6248e+00  1024.8244     7.5756    24.7644    10.2490    312.546    9.72836  296.66844    105.352 -9.990e-29
   40.15886  -72.17272     13.099     12.998     7.5770    31.7275 -9.990e-29     0.5789 3.6351e+00  1024.8240     7.5758    24.7642    10.2489    312.544    9.72838  296.66916    105.351 -9.990e-29
   40.15886  -72.17272     13.079     12.979     7.5768    31.7277 -9.990e-29     0.5789 3.6351e+00  1024.8246     7.5756    24.7644    10.2489    312.543    9.72846  296.67153    105.350 -9.990e-29
   40.15886  -72.17272     13.073     12.972     7.5764    31.7280 -9.990e-29     0.5789 3.6454e+00  1024.8247     7.5752    24.7647    10.2488    312.539    9.72843  296.67066    105.349 -9.990e-29
   40.15886  -72.17272     13.059     12.958     7.5765    31.7280 -9.990e-29     0.5789 3.6660e+00  1024.8246     7.5753    24.7647    10.2487    312.537    9.72849  296.67228    105.347 -9.990e-29
   40.15886  -72.17272     13.049     12.949     7.5765    31.7281 -9.990e-29     0.5789 3.6557e+00  1024.8245     7.5753    24.7648    10.2486    312.533    9.72846  296.67143    105.347 -9.990e-29
   40.15886  -72.17272     13.033     12.932     7.5760    31.7283 -9.990e-29     0.5789 3.6764e+00  1024.8249     7.5748    24.7650    10.2484    312.528    9.72841  296.67001    105.345 -9.990e-29
   40.15886  -72.17272     13.029     12.928     7.5761    31.7283 -9.990e-29     0.5789 3.6868e+00  1024.8247     7.5749    24.7650    10.2420    312.331    9.72832  296.66701    105.280 -9.990e-29
   40.15886  -72.17272     13.018     12.917     7.5762    31.7283 -9.990e-29     0.5789 3.6868e+00  1024.8246     7.5750    24.7650    10.2401    312.273    9.72831  296.66692    105.260 -9.990e-29
   40.15886  -72.17272     12.998     12.898     7.5760    31.7284 -9.990e-29     0.5789 3.6972e+00  1024.8246     7.5748    24.7651    10.2455    312.439    9.72848  296.67226    105.315 -9.990e-29
   40.15886  -72.17272     12.982     12.882     7.5758    31.7284 -9.990e-29     0.5789 3.7181e+00  1024.8247     7.5747    24.7651    10.2457    312.444    9.72865  296.67736    105.314 -9.990e-29
   40.15886  -72.17272     12.978     12.878     7.5762    31.7284 -9.990e-29     0.5789 3.7181e+00  1024.8246     7.5750    24.7651    10.2395    312.255    9.72874  296.67989    105.250 -9.990e-29
   40.15886  -72.17272     12.968     12.868     7.5762    31.7286 -9.990e-29     0.5789 3.7286e+00  1024.8246     7.5750    24.7653    10.2448    312.416    9.72872  296.67945    105.304 -9.990e-29
   40.15886  -72.17272     12.947     12.848     7.5758    31.7288 -9.990e-29     0.5789 3.7497e+00  1024.8250     7.5747    24.7654    10.2385    312.224    9.72868  296.67829    105.240 -9.990e-29
   40.15886  -72.17272     12.942     12.842     7.5762    31.7289 -9.990e-29     0.5789 3.7497e+00  1024.8248     7.5750    24.7654    10.2375    312.195    9.72864  296.67690    105.231 -9.990e-29
   40.15886  -72.17272     12.927     12.827     7.5765    31.7289 -9.990e-29     0.5789 3.7603e+00  1024.8246     7.5753    24.7654    10.2366    312.169    9.72861  296.67591    105.222 -9.990e-29
   40.15886  -72.17272     12.917     12.818     7.5765    31.7287 -9.990e-29     0.5923 3.7816e+00  1024.8246     7.5753    24.7653    10.2358    312.143    9.72857  296.67473    105.214 -9.990e-29
   40.15886  -72.17272     12.906     12.807     7.5758    31.7284 -9.990e-29     0.6057 3.7923e+00  1024.8242     7.5747    24.7652    10.2360    312.147    9.72857  296.67465    105.215 -9.990e-29
   40.15886  -72.17272     12.891     12.792     7.5752    31.7283 -9.990e-29     0.6057 3.7923e+00  1024.8242     7.5741    24.7652    10.2353    312.127    9.72859  296.67546    105.208 -9.990e-29
   40.15886  -72.17272     12.876     12.777     7.5750    31.7285 -9.990e-29     0.6057 3.8138e+00  1024.8244     7.5739    24.7654    10.2346    312.107    9.72857  296.67507    105.202 -9.990e-29
   40.15886  -72.17272     12.866     12.767     7.5756    31.7290 -9.990e-29     0.6057 3.8246e+00  1024.8245     7.5744    24.7656    10.2279    311.903    9.72874  296.68026    105.131 -9.990e-29
   40.15886  -72.17272     12.857     12.758     7.5757    31.7294 -9.990e-29     0.6057 3.8246e+00  1024.8250     7.5745    24.7659    10.2268    311.868    9.72897  296.68710    105.117 -9.990e-29
   40.15886  -72.17272     12.840     12.741     7.5760    31.7297 -9.990e-29     0.6057 3.8571e+00  1024.8251     7.5748    24.7661    10.2266    311.861    9.72916  296.69321    105.112 -9.990e-29
   40.15886  -72.17272     12.836     12.737     7.5762    31.7296 -9.990e-29     0.6057 3.8680e+00  1024.8250     7.5750    24.7661    10.2260    311.844    9.72973  296.71067    105.100 -9.990e-29
   40.15886  -72.17272     12.825     12.726     7.5760    31.7293 -9.990e-29     0.6057 3.8789e+00  1024.8245     7.5749    24.7658    10.2313    312.005    9.72990  296.71542    105.153 -9.990e-29
   40.15886  -72.17272     12.815     12.717     7.5750    31.7289 -9.990e-29     0.6057 3.9009e+00  1024.8246     7.5739    24.7656    10.2316    312.016    9.72961  296.70614    105.160 -9.990e-29
   40.15886  -72.17272     12.789     12.691     7.5746    31.7284 -9.990e-29     0.6057 3.9263e+00  1024.8238     7.5734    24.7653    10.2311    311.999    9.72929  296.69606    105.158 -9.990e-29
   40.15886  -72.17272     12.795     12.696     7.5742    31.7282 -9.990e-29     0.6057 3.9263e+00  1024.8236     7.5731    24.7652    10.2305    311.982    9.72892  296.68494    105.156 -9.990e-29
   40.15886  -72.17272     12.785     12.687     7.5736    31.7285 -9.990e-29     0.6057 3.9486e+00  1024.8242     7.5724    24.7655    10.2304    311.978    9.72890  296.68458    105.155 -9.990e-29
   40.15886  -72.17272     12.765     12.666     7.5739    31.7288 -9.990e-29     0.6057 3.9709e+00  1024.8243     7.5727    24.7657    10.2306    311.984    9.72910  296.69075    105.154 -9.990e-29
   40.15886  -72.17272     12.755     12.657     7.5744    31.7290 -9.990e-29     0.6057 3.9709e+00  1024.8245     7.5732    24.7658    10.2308    311.989    9.72927  296.69643    105.154 -9.990e-29
   40.15886  -72.17272     12.759     12.661     7.5750    31.7290 -9.990e-29     0.6057 3.9821e+00  1024.8240     7.5739    24.7657    10.2320    312.029    9.72956  296.70558    105.164 -9.990e-29
   40.15886  -72.17272     12.734     12.636     7.5746    31.7290 -9.990e-29     0.6057 4.0047e+00  1024.8242     7.5734    24.7657    10.2263    311.852    9.72986  296.71461    105.102 -9.990e-29
   40.15886  -72.17272     12.734     12.636     7.5750    31.7291 -9.990e-29     0.6057 4.0047e+00  1024.8240     7.5739    24.7658    10.2322    312.034    9.73026  296.72729    105.159 -9.990e-29
   40.15886  -72.17272     12.725     12.627     7.5749    31.7292 -9.990e-29     0.6057 4.0274e+00  1024.8243     7.5737    24.7658    10.2338    312.083    9.73144  296.76416    105.162 -9.990e-29
   40.15886  -72.17272     12.719     12.621     7.5756    31.7293 -9.990e-29     0.6057 4.0502e+00  1024.8240     7.5744    24.7658    10.2293    311.947    9.73274  296.80393    105.102 -9.990e-29
