CalculateIndicators/WaterTemperature/Data/CTD_NYOS/20240710_C18.cnv
* Sea-Bird SBE 9 Data File:
* FileName = C:\Seabird 9 CTD\Data\2024\202407_offshore\20240710_C18.hex
* Software Version Seasave V 7.23.2
* Temperature SN = 4590
* Conductivity SN = 3228
* Number of Bytes Per Scan = 44
* Number of Voltage Words = 5
* Number of Scans Averaged by the Deck Unit = 1
* NMEA Latitude = 40 25.77 N
* NMEA Longitude = 072 49.82 W
* NMEA UTC (Time) = Jul 10 2024  06:00:12
* NMEA baud rate = 4800
** Ship: seawolf
** Station: 9.2
** Operator: TDK
# nquan = 18
# nvalues = 13145                       
# units = specified
# name 0 = latitude: Latitude [deg]
# name 1 = longitude: Longitude [deg]
# name 2 = prDM: Pressure, Digiquartz [db]
# name 3 = depSM: Depth [salt water, m]
# name 4 = t090C: Temperature [ITS-90, deg C]
# name 5 = sal00: Salinity, Practical [PSU]
# name 6 = ph: pH
# name 7 = flECO-AFL: Fluorescence, WET Labs ECO-AFL/FL [mg/m^3]
# name 8 = cpar: CPAR/Corrected Irradiance [%]
# name 9 = density00: Density [density, kg/m^3]
# name 10 = potemp090C: Potential Temperature [ITS-90, deg C]
# name 11 = sigma-é00: Density [sigma-theta, kg/m^3]
# name 12 = sbeox0Mg/L: Oxygen, SBE 43 [mg/l]
# name 13 = sbox0Mm/Kg: Oxygen, SBE 43 [umol/kg]
# name 14 = oxsolMg/L: Oxygen Saturation, Garcia & Gordon [mg/l]
# name 15 = oxsolMm/Kg: Oxygen Saturation, Garcia & Gordon [umol/kg]
# name 16 = sbeox0PS: Oxygen, SBE 43 [% saturation]
# name 17 = flag:  0.000e+00
# span 0 =   40.42956,   40.42998       
# span 1 =  -72.83032,  -72.82794       
# span 2 =      1.665,     40.389       
# span 3 =      1.652,     40.074       
# span 4 =     7.7458,    22.9867       
# span 5 =    29.4269,    31.7640       
# span 6 =      7.776,      8.125       
# span 7 =     0.0551,     2.2443       
# span 8 = 1.6880e-11, 9.9999e+04       
# span 9 =  1020.1085,  1024.8538       
# span 10 =     7.7422,    22.9862      
# span 11 =    20.0930,    24.6751      
# span 12 =     6.7237,     9.2633      
# span 13 =    205.062,    282.768      
# span 14 =    7.21693,    9.69685      
# span 15 =  221.07995,  295.73607      
# span 16 =     69.340,    118.061      
# span 17 = 0.0000e+00, 0.0000e+00      
# interval = seconds: 0.0416667
# start_time = Jul 10 2024 06:00:13 [System UTC, first data scan.]
# bad_flag = -9.990e-29
*END*
[from data line 4181]
   40.42974  -72.82950     39.692     39.383     7.7468    31.6316      7.942     0.0551 2.5320e-11  1024.8475     7.7431    24.6657     6.7406    205.577    9.69659  295.72857     69.515 -9.990e-29
   40.42974  -72.82950     39.697     39.387     7.7471    31.6316      7.942     0.0551 2.5320e-11  1024.8473     7.7435    24.6657     6.7407    205.580    9.69662  295.72918     69.516 -9.990e-29
   40.42974  -72.82950     39.706     39.397     7.7468    31.6316      7.942     0.0551 2.5320e-11  1024.8474     7.7431    24.6657     6.7345    205.391    9.69660  295.72868     69.453 -9.990e-29
   40.42974  -72.82950     39.723     39.413     7.7470    31.6316      7.942     0.0551 2.5320e-11  1024.8479     7.7433    24.6658     6.7338    205.367    9.69658  295.72824     69.445 -9.990e-29
   40.42974  -72.82950     39.727     39.417     7.7468    31.6316      7.942     0.0551 2.5320e-11  1024.8480     7.7431    24.6658     6.7330    205.345    9.69660  295.72855     69.437 -9.990e-29
   40.42974  -72.82950     39.738     39.428     7.7473    31.6315      7.942     0.0551 2.5320e-11  1024.8472     7.7436    24.6656     6.7386    205.514    9.69660  295.72849     69.494 -9.990e-29
   40.42974  -72.82950     39.753     39.443     7.7470    31.6314      7.942     0.0551 2.5320e-11  1024.8479     7.7433    24.6655     6.7387    205.519    9.69657  295.72789     69.496 -9.990e-29
   40.42974  -72.82950     39.757     39.447     7.7471    31.6313      7.942     0.0551 2.5320e-11  1024.8473     7.7434    24.6654     6.7380    205.497    9.69659  295.72827     69.489 -9.990e-29
   40.42974  -72.82950     39.764     39.454     7.7473    31.6313      7.942     0.0551 2.5320e-11  1024.8473     7.7436    24.6654     6.7391    205.530    9.69660  295.72857     69.500 -9.990e-29
   40.42974  -72.82950     39.778     39.468     7.7470    31.6313      7.942     0.0551 2.5320e-11  1024.8478     7.7433    24.6655     6.7393    205.537    9.69663  295.72952     69.502 -9.990e-29
   40.42974  -72.82950     39.788     39.477     7.7470    31.6314      7.942     0.0551 1.6880e-11  1024.8478     7.7433    24.6656     6.7395    205.542    9.69659  295.72836     69.504 -9.990e-29
   40.42974  -72.82950     39.804     39.494     7.7471    31.6314      7.942     0.0551 1.6880e-11  1024.8478     7.7434    24.6656     6.7397    205.549    9.69662  295.72932     69.506 -9.990e-29
   40.42974  -72.82950     39.799     39.488     7.7470    31.6315      7.942     0.0685 2.5320e-11  1024.8478     7.7433    24.6656     6.7399    205.555    9.69665  295.73026     69.508 -9.990e-29
   40.42974  -72.82950     39.815     39.505     7.7468    31.6316      7.942     0.0685 1.6880e-11  1024.8481     7.7431    24.6657     6.7464    205.752    9.69665  295.73037     69.574 -9.990e-29
   40.42974  -72.82950     39.819     39.509     7.7466    31.6316      7.942     0.0685 2.5320e-11  1024.8482     7.7429    24.6658     6.7412    205.593    9.69664  295.72981     69.521 -9.990e-29
   40.42974  -72.82950     39.819     39.509     7.7468    31.6316      7.942     0.0685 2.5320e-11  1024.8482     7.7431    24.6658     6.7413    205.598    9.69662  295.72936     69.522 -9.990e-29
   40.42974  -72.82950     39.834     39.524     7.7471    31.6316      7.942     0.0685 1.6880e-11  1024.8478     7.7434    24.6657     6.7361    205.440    9.69658  295.72822     69.469 -9.990e-29
   40.42974  -72.82950     39.839     39.528     7.7467    31.6316      7.942     0.0685 2.5320e-11  1024.8484     7.7430    24.6657     6.7417    205.610    9.69661  295.72910     69.527 -9.990e-29
   40.42974  -72.82950     39.834     39.524     7.7470    31.6316      7.942     0.0685 2.5320e-11  1024.8481     7.7433    24.6657     6.7419    205.617    9.69658  295.72810     69.529 -9.990e-29
   40.42974  -72.82950     39.859     39.548     7.7468    31.6316 -9.990e-29     0.0685 2.5320e-11  1024.8483     7.7431    24.6657     6.7413    205.597    9.69663  295.72959     69.522 -9.990e-29
   40.42974  -72.82950     39.850     39.539     7.7468    31.6318 -9.990e-29     0.0685 2.5320e-11  1024.8483     7.7431    24.6659     6.7415    205.603    9.69663  295.72965     69.524 -9.990e-29
   40.42974  -72.82950     39.866     39.555     7.7468    31.6318 -9.990e-29     0.0685 2.5320e-11  1024.8489     7.7431    24.6660     6.7417    205.608    9.69659  295.72850     69.526 -9.990e-29
   40.42974  -72.82950     39.859     39.548     7.7470    31.6318 -9.990e-29     0.0685 2.5320e-11  1024.8485     7.7432    24.6660     6.7356    205.423    9.69656  295.72741     69.464 -9.990e-29
   40.42974  -72.82950     39.870     39.559     7.7470    31.6316 -9.990e-29     0.0685 2.5320e-11  1024.8482     7.7433    24.6657     6.7350    205.404    9.69658  295.72823     69.457 -9.990e-29
   40.42974  -72.82950     39.866     39.555     7.7471    31.6316 -9.990e-29     0.0685 2.5320e-11  1024.8480     7.7434    24.6657     6.7406    205.575    9.69658  295.72825     69.515 -9.990e-29
   40.42974  -72.82950     39.870     39.559     7.7468    31.6316 -9.990e-29     0.0685 2.5320e-11  1024.8486     7.7431    24.6657     6.7409    205.585    9.69662  295.72916     69.518 -9.990e-29
   40.42974  -72.82950     39.876     39.565     7.7471    31.6316 -9.990e-29     0.0685 2.5320e-11  1024.8481     7.7434    24.6657     6.7402    205.563    9.69659  295.72823     69.511 -9.990e-29
   40.42974  -72.82950     39.880     39.569     7.7470    31.6316 -9.990e-29     0.0685 1.6880e-11  1024.8485     7.7432    24.6657     6.7404    205.571    9.69659  295.72838     69.513 -9.990e-29
   40.42974  -72.82950     39.880     39.569     7.7473    31.6315 -9.990e-29     0.0685 2.5320e-11  1024.8482     7.7436    24.6656     6.7407    205.579    9.69663  295.72945     69.516 -9.990e-29
   40.42974  -72.82950     39.876     39.565     7.7471    31.6314 -9.990e-29     0.0685 2.5320e-11  1024.8480     7.7434    24.6655     6.7409    205.586    9.69663  295.72964     69.518 -9.990e-29
   40.42974  -72.82950     39.880     39.569     7.7471    31.6314 -9.990e-29     0.0685 2.5320e-11  1024.8482     7.7434    24.6655     6.7411    205.592    9.69662  295.72926     69.520 -9.990e-29
   40.42974  -72.82950     39.880     39.569     7.7471    31.6313 -9.990e-29     0.0685 1.6880e-11  1024.8481     7.7434    24.6654     6.7413    205.598    9.69659  295.72837     69.523 -9.990e-29
   40.42974  -72.82950     39.876     39.565     7.7473    31.6313 -9.990e-29     0.0685 1.6880e-11  1024.8479     7.7436    24.6654     6.7353    205.415    9.69661  295.72895     69.461 -9.990e-29
   40.42974  -72.82950     39.870     39.559     7.7473    31.6313 -9.990e-29     0.0685 1.6880e-11  1024.8481     7.7436    24.6654     6.7409    205.586    9.69663  295.72940     69.518 -9.990e-29
   40.42974  -72.82950     39.885     39.574     7.7473    31.6313 -9.990e-29     0.0685 1.6880e-11  1024.8479     7.7436    24.6654     6.7411    205.592    9.69658  295.72811     69.521 -9.990e-29
   40.42974  -72.82950     39.880     39.569     7.7470    31.6313 -9.990e-29     0.0685 1.6880e-11  1024.8484     7.7432    24.6655     6.7351    205.410    9.69655  295.72723     69.459 -9.990e-29
   40.42974  -72.82950     39.870     39.559     7.7475    31.6313 -9.990e-29     0.0819 1.6880e-11  1024.8480     7.7438    24.6655     6.7345    205.391    9.69655  295.72716     69.453 -9.990e-29
   40.42974  -72.82950     39.876     39.565     7.7473    31.6313 -9.990e-29     0.0954 1.6880e-11  1024.8481     7.7436    24.6654     6.7402    205.565    9.69658  295.72812     69.512 -9.990e-29
   40.42974  -72.82950     39.880     39.569     7.7473    31.6313 -9.990e-29     0.0954 1.6880e-11  1024.8479     7.7436    24.6654     6.7406    205.575    9.69658  295.72805     69.515 -9.990e-29
   40.42974  -72.82950     39.870     39.559     7.7471    31.6313 -9.990e-29     0.0954 1.6880e-11  1024.8482     7.7434    24.6654     6.7347    205.395    9.69659  295.72834     69.454 -9.990e-29
   40.42974  -72.82950     39.866     39.555     7.7473    31.6313 -9.990e-29     0.0954 1.6880e-11  1024.8479     7.7436    24.6654     6.7404    205.568    9.69657  295.72759     69.513 -9.990e-29
   40.42974  -72.82950     39.880     39.569     7.7473    31.6313 -9.990e-29     0.0954 1.6880e-11  1024.8481     7.7436    24.6654     6.7336    205.362    9.69660  295.72873     69.443 -9.990e-29
   40.42974  -72.82950     39.866     39.555     7.7471    31.6313 -9.990e-29     0.0954 1.6880e-11  1024.8481     7.7434    24.6654     6.7392    205.534    9.69655  295.72709     69.501 -9.990e-29
   40.42974  -72.82950     39.870     39.559     7.7473    31.6313 -9.990e-29     0.0954 1.6880e-11  1024.8479     7.7436    24.6654     6.7396    205.546    9.69659  295.72826     69.505 -9.990e-29
   40.42974  -72.82950     39.870     39.559     7.7471    31.6314 -9.990e-29     0.0954 1.6880e-11  1024.8482     7.7434    24.6655     6.7337    205.365    9.69651  295.72597     69.444 -9.990e-29
   40.42974  -72.82950     39.876     39.565     7.7473    31.6314 -9.990e-29     0.0954 1.6880e-11  1024.8481     7.7436    24.6655     6.7394    205.540    9.69652  295.72611     69.504 -9.990e-29
   40.42974  -72.82950     39.880     39.569     7.7474    31.6314 -9.990e-29     0.0954 1.6880e-11  1024.8481     7.7437    24.6655     6.7336    205.361    9.69650  295.72552     69.443 -9.990e-29
   40.42974  -72.82950     39.880     39.569     7.7473    31.6313 -9.990e-29     0.0954 1.6880e-11  1024.8482     7.7436    24.6654     6.7393    205.536    9.69644  295.72376     69.503 -9.990e-29
   40.42974  -72.82950     39.876     39.565     7.7475    31.6313 -9.990e-29     0.0954 1.6880e-11  1024.8478     7.7438    24.6654     6.7334    205.357    9.69637  295.72138     69.443 -9.990e-29
   40.42974  -72.82950     39.880     39.569     7.7473    31.6313 -9.990e-29     0.0954 1.6880e-11  1024.8481     7.7436    24.6655     6.7330    205.343    9.69635  295.72084     69.438 -9.990e-29
   40.42974  -72.82950     39.885     39.574     7.7473    31.6313 -9.990e-29     0.0954 1.6880e-11  1024.8482     7.7436    24.6655     6.7326    205.331    9.69633  295.72051     69.434 -9.990e-29
   40.42974  -72.82950     39.890     39.579     7.7474    31.6314 -9.990e-29     0.0954 1.6880e-11  1024.8481     7.7437    24.6655     6.7313    205.293    9.69636  295.72143     69.421 -9.990e-29
   40.42974  -72.82950     39.901     39.590     7.7473    31.6315 -9.990e-29     0.0954 1.6880e-11  1024.8483     7.7436    24.6656     6.7362    205.443    9.69633  295.72044     69.472 -9.990e-29
   40.42974  -72.82950     39.897     39.585     7.7473    31.6315 -9.990e-29     0.0954 1.6880e-11  1024.8484     7.7436    24.6656     6.7296    205.241    9.69636  295.72150     69.404 -9.990e-29
   40.42974  -72.82950     39.910     39.599     7.7475    31.6315 -9.990e-29     0.0954 1.6880e-11  1024.8482     7.7438    24.6655     6.7355    205.419    9.69637  295.72181     69.464 -9.990e-29
   40.42974  -72.82950     39.920     39.609     7.7474    31.6314 -9.990e-29     0.0954 1.6880e-11  1024.8482     7.7437    24.6655     6.7360    205.436    9.69640  295.72291     69.469 -9.990e-29
   40.42974  -72.82950     39.917     39.606     7.7473    31.6314 -9.990e-29     0.0954 1.6880e-11  1024.8484     7.7436    24.6655     6.7364    205.449    9.69637  295.72164     69.474 -9.990e-29
   40.42974  -72.82950     39.931     39.620     7.7473    31.6313 -9.990e-29     0.0954 1.6880e-11  1024.8482     7.7436    24.6654     6.7369    205.464    9.69634  295.72081     69.479 -9.990e-29
   40.42974  -72.82950     39.948     39.636     7.7475    31.6311 -9.990e-29     0.0954 1.6880e-11  1024.8482     7.7438    24.6653     6.7312    205.290    9.69640  295.72254     69.420 -9.990e-29
   40.42974  -72.82950     39.961     39.650     7.7473    31.6311 -9.990e-29     0.0954 1.6880e-11  1024.8483     7.7436    24.6652     6.7308    205.278    9.69637  295.72182     69.416 -9.990e-29
   40.42974  -72.82950     39.961     39.650     7.7473    31.6311 -9.990e-29     0.0954 1.6880e-11  1024.8481     7.7436    24.6652     6.7305    205.269    9.69642  295.72325     69.413 -9.990e-29
   40.42974  -72.82950     39.978     39.666     7.7471    31.6312 -9.990e-29     0.0954 1.6880e-11  1024.8485     7.7434    24.6654     6.7364    205.449    9.69636  295.72148     69.474 -9.990e-29
   40.42974  -72.82950     39.992     39.680     7.7471    31.6313 -9.990e-29     0.0954 1.6880e-11  1024.8487     7.7434    24.6655     6.7317    205.306    9.69636  295.72153     69.425 -9.990e-29
   40.42974  -72.82950     40.003     39.691     7.7473    31.6313 -9.990e-29     0.0954 1.6880e-11  1024.8485     7.7436    24.6654     6.7315    205.298    9.69632  295.72024     69.423 -9.990e-29
   40.42974  -72.82950     40.019     39.707     7.7474    31.6313 -9.990e-29     0.0954 1.6880e-11  1024.8487     7.7437    24.6654     6.7313    205.293    9.69632  295.72030     69.421 -9.990e-29
   40.42974  -72.82950     40.022     39.710     7.7473    31.6313 -9.990e-29     0.0954 1.6880e-11  1024.8487     7.7436    24.6654     6.7302    205.260    9.69630  295.71961     69.410 -9.990e-29
   40.42974  -72.82950     40.043     39.730     7.7474    31.6313 -9.990e-29     0.0954 1.6880e-11  1024.8489     7.7437    24.6655     6.7301    205.256    9.69631  295.71994     69.409 -9.990e-29
   40.42974  -72.82950     40.059     39.747     7.7471    31.6313 -9.990e-29     0.0954 1.6880e-11  1024.8491     7.7434    24.6655     6.7300    205.252    9.69627  295.71874     69.408 -9.990e-29
   40.42974  -72.82950     40.073     39.761     7.7473    31.6312 -9.990e-29     0.0954 1.6880e-11  1024.8488     7.7436    24.6654     6.7299    205.249    9.69626  295.71846     69.407 -9.990e-29
   40.42974  -72.82950     40.090     39.777     7.7475    31.6312 -9.990e-29     0.0954 1.6880e-11  1024.8488     7.7437    24.6653     6.7361    205.440    9.69631  295.71991     69.471 -9.990e-29
   40.42974  -72.82950     40.094     39.781     7.7476    31.6312 -9.990e-29     0.0954 1.6880e-11  1024.8489     7.7439    24.6653     6.7369    205.464    9.69625  295.71810     69.480 -9.990e-29
   40.42974  -72.82950     40.114     39.802     7.7475    31.6312 -9.990e-29     0.0954 1.6880e-11  1024.8490     7.7437    24.6653     6.7306    205.272    9.69621  295.71675     69.415 -9.990e-29
   40.42974  -72.82950     40.131     39.818     7.7475    31.6313 -9.990e-29     0.0954 1.6880e-11  1024.8491     7.7437    24.6654     6.7296    205.241    9.69615  295.71487     69.405 -9.990e-29
   40.42974  -72.82950     40.154     39.841     7.7473    31.6314 -9.990e-29     0.0954 1.6880e-11  1024.8494     7.7436    24.6655     6.7358    205.431    9.69619  295.71615     69.469 -9.990e-29
   40.42974  -72.82950     40.154     39.841     7.7473    31.6314 -9.990e-29     0.0954 1.6880e-11  1024.8496     7.7436    24.6656     6.7367    205.457    9.69615  295.71496     69.478 -9.990e-29
   40.42974  -72.82950     40.182     39.869     7.7474    31.6314 -9.990e-29     0.0954 1.6880e-11  1024.8494     7.7437    24.6656     6.7313    205.293    9.69615  295.71472     69.423 -9.990e-29
   40.42974  -72.82950     40.205     39.892     7.7471    31.6314 -9.990e-29     0.0954 1.6880e-11  1024.8499     7.7434    24.6655     6.7313    205.292    9.69609  295.71319     69.423 -9.990e-29
   40.42974  -72.82950     40.205     39.892     7.7473    31.6313 -9.990e-29     0.0954 1.6880e-11  1024.8494     7.7435    24.6654     6.7314    205.294    9.69614  295.71470     69.423 -9.990e-29
   40.42974  -72.82950     40.192     39.878     7.7473    31.6313 -9.990e-29     0.0954 1.6880e-11  1024.8494     7.7436    24.6653     6.7314    205.295    9.69605  295.71215     69.424 -9.990e-29
   40.42974  -72.82950     40.175     39.862     7.7474    31.6313 -9.990e-29     0.0954 1.6880e-11  1024.8494     7.7437    24.6654     6.7316    205.301    9.69614  295.71475     69.425 -9.990e-29
