CalculateIndicators/WaterTemperature/Data/CTD_NYOS/20240428_C24.cnv
* Sea-Bird SBE 9 Data File:
* FileName = C:\Seabird 9 CTD\Data\2024\202404_offshore\20240428_C24.hex
* Software Version Seasave V 7.23.2
* Temperature SN = 4590
* Conductivity SN = 3228
* Number of Bytes Per Scan = 44
* Number of Voltage Words = 5
* Number of Scans Averaged by the Deck Unit = 1
* NMEA Latitude = 39 56.85 N
* NMEA Longitude = 072 01.93 W
* NMEA UTC (Time) = Apr 28 2024  16:45:54
* NMEA baud rate = 4800
** Ship: Seawolf
** Station: 10.5
** Operator: TCM
# nquan = 18
# nvalues = 15945                       
# units = specified
# name 0 = latitude: Latitude [deg]
# name 1 = longitude: Longitude [deg]
# name 2 = prDM: Pressure, Digiquartz [db]
# name 3 = depSM: Depth [salt water, m]
# name 4 = t090C: Temperature [ITS-90, deg C]
# name 5 = sal00: Salinity, Practical [PSU]
# name 6 = ph: pH
# name 7 = flECO-AFL: Fluorescence, WET Labs ECO-AFL/FL [mg/m^3]
# name 8 = cpar: CPAR/Corrected Irradiance [%]
# name 9 = density00: Density [density, kg/m^3]
# name 10 = potemp090C: Potential Temperature [ITS-90, deg C]
# name 11 = sigma-é00: Density [sigma-theta, kg/m^3]
# name 12 = sbeox0Mg/L: Oxygen, SBE 43 [mg/l]
# name 13 = sbox0Mm/Kg: Oxygen, SBE 43 [umol/kg]
# name 14 = oxsolMg/L: Oxygen Saturation, Garcia & Gordon [mg/l]
# name 15 = oxsolMm/Kg: Oxygen Saturation, Garcia & Gordon [umol/kg]
# name 16 = sbeox0PS: Oxygen, SBE 43 [% saturation]
# name 17 = flag:  0.000e+00
# span 0 =   39.94764,   39.94876       
# span 1 =  -72.03262,  -72.03224       
# span 2 =      2.035,     86.953       
# span 3 =      2.019,     86.269       
# span 4 =     6.1072,     7.9591       
# span 5 =    32.0802,    32.4679       
# span 6 =      7.969,      8.060       
# span 7 =     0.0148,     1.1430       
# span 8 = 7.1224e-14, 3.1823e+01       
# span 9 =  1025.0388,  1025.9134       
# span 10 =     6.1027,     7.9588      
# span 11 =    25.0183,    25.5139      
# span 12 =     9.2437,    10.3245      
# span 13 =    281.682,    314.765      
# span 14 =    9.61841,   10.02844      
# span 15 =  293.23959,  305.63443      
# span 16 =     92.746,    107.267      
# span 17 = 0.0000e+00, 0.0000e+00      
# interval = seconds: 0.0416667
# start_time = Apr 28 2024 16:45:53 [System UTC, first data scan.]
# bad_flag = -9.990e-29
*END*
[from data line 8282]
   39.94826  -72.03254     47.975     47.602     6.4486    32.1904      7.982     0.2968 9.0496e-02  1025.4989     6.4446    25.2781     9.9342    302.796    9.94233  303.04400     99.918 0.0000e+00
   39.94826  -72.03254     47.955     47.583     6.4523    32.1886      7.982     0.2968 9.0768e-02  1025.4970     6.4483    25.2762     9.9403    302.981    9.94236  303.04508     99.979 0.0000e+00
   39.94826  -72.03254     47.944     47.572     6.4549    32.1876      7.982     0.2968 9.0768e-02  1025.4949     6.4509    25.2750     9.9405    302.988    9.94244  303.04794     99.980 0.0000e+00
   39.94826  -72.03254     47.913     47.540     6.4572    32.1879      7.982     0.2968 9.0768e-02  1025.4953     6.4531    25.2750     9.9408    302.998    9.94293  303.06316     99.979 -9.990e-29
   39.94826  -72.03254     47.924     47.551     6.4607    32.1891      7.982     0.2968 9.1313e-02  1025.4964     6.4567    25.2756     9.9483    303.228    9.94346  303.07993    100.049 -9.990e-29
   39.94826  -72.03254     47.893     47.521     6.4638    32.1901      7.982     0.2968 9.1313e-02  1025.4971     6.4597    25.2759     9.9500    303.280    9.94406  303.09806    100.060 0.0000e+00
   39.94826  -72.03254     47.884     47.511     6.4667    32.1901      7.982     0.2968 9.1184e-02  1025.4962     6.4627    25.2756     9.9511    303.313    9.94441  303.10850    100.068 0.0000e+00
   39.94826  -72.03254     47.872     47.500     6.4693    32.1895      7.982     0.2968 9.1731e-02  1025.4952     6.4652    25.2748     9.9516    303.328    9.94458  303.11318    100.071 0.0000e+00
   39.94826  -72.03254     47.852     47.480     6.4719    32.1891      7.982     0.2968 9.2006e-02  1025.4940     6.4678    25.2741     9.9517    303.330    9.94467  303.11573    100.071 -9.990e-29
   39.94826  -72.03254     47.853     47.481     6.4740    32.1891      7.982     0.2968 9.2006e-02  1025.4943     6.4699    25.2738     9.9515    303.322    9.94481  303.11960    100.067 -9.990e-29
   39.94826  -72.03254     47.852     47.480     6.4764    32.1892      7.982     0.2968 9.2006e-02  1025.4942     6.4724    25.2736     9.9507    303.299    9.94483  303.12008    100.059 -9.990e-29
   39.94826  -72.03254     47.832     47.461     6.4787    32.1890      7.982     0.2968 9.1731e-02  1025.4933     6.4746    25.2731     9.9562    303.466    9.94497  303.12432    100.113 -9.990e-29
   39.94826  -72.03254     47.832     47.461     6.4809    32.1889      7.982     0.2968 9.1731e-02  1025.4928     6.4769    25.2728     9.9566    303.477    9.94489  303.12138    100.117 -9.990e-29
   39.94826  -72.03254     47.821     47.450     6.4834    32.1891      7.982     0.2968 9.1877e-02  1025.4929     6.4794    25.2726     9.9562    303.466    9.94454  303.11049    100.117 0.0000e+00
   39.94826  -72.03254     47.812     47.440     6.4856    32.1892      7.982     0.2968 9.2152e-02  1025.4927     6.4816    25.2724     9.9552    303.436    9.94392  303.09153    100.113 -9.990e-29
   39.94826  -72.03254     47.812     47.440     6.4877    32.1890      7.982     0.2968 9.1877e-02  1025.4923     6.4837    25.2721     9.9602    303.587    9.94319  303.06920    100.171 -9.990e-29
   39.94826  -72.03254     47.791     47.420     6.4890    32.1887      7.982     0.2968 9.2152e-02  1025.4918     6.4850    25.2717     9.9591    303.555    9.94236  303.04409    100.169 -9.990e-29
   39.94826  -72.03254     47.802     47.431     6.4900    32.1883      7.982     0.2968 9.2152e-02  1025.4913     6.4859    25.2712     9.9577    303.513    9.94160  303.02132    100.162 -9.990e-29
   39.94826  -72.03254     47.801     47.429     6.4909    32.1879      7.982     0.2968 9.2152e-02  1025.4909     6.4869    25.2708     9.9563    303.471    9.94121  303.00948    100.152 -9.990e-29
   39.94826  -72.03254     47.791     47.420     6.4914    32.1876      7.982     0.2968 9.2428e-02  1025.4905     6.4874    25.2705     9.9560    303.459    9.94113  303.00755    100.149 -9.990e-29
   39.94826  -72.03254     47.801     47.429     6.4916    32.1876      7.982     0.2968 9.2705e-02  1025.4903     6.4876    25.2704     9.9550    303.431    9.94093  303.00184    100.142 -9.990e-29
   39.94826  -72.03254     47.781     47.410     6.4917    32.1878      7.982     0.2968 9.2705e-02  1025.4904     6.4877    25.2705     9.9547    303.422    9.94068  302.99428    100.141 -9.990e-29
   39.94826  -72.03254     47.791     47.420     6.4917    32.1886      7.982     0.2968 9.2705e-02  1025.4909     6.4877    25.2711     9.9540    303.402    9.94043  302.98679    100.137 -9.990e-29
   39.94826  -72.03254     47.791     47.420     6.4917    32.1898      7.982     0.2968 9.2852e-02  1025.4922     6.4877    25.2720     9.9598    303.579    9.94044  302.98722    100.195 -9.990e-29
   39.94826  -72.03254     47.791     47.420     6.4935    32.1910      7.982     0.2968 9.2852e-02  1025.4930     6.4895    25.2728     9.9599    303.580    9.94054  302.99029    100.195 -9.990e-29
   39.94826  -72.03254     47.780     47.409     6.4959    32.1918      7.982     0.2968 9.2852e-02  1025.4938     6.4919    25.2731     9.9594    303.564    9.94048  302.98803    100.190 -9.990e-29
   39.94826  -72.03254     47.781     47.410     6.4985    32.1918      7.982     0.2968 9.2575e-02  1025.4929     6.4945    25.2729     9.9648    303.730    9.94024  302.98069    100.247 -9.990e-29
   39.94826  -72.03254     47.791     47.420     6.5005    32.1916      7.982     0.2968 9.2575e-02  1025.4925     6.4965    25.2724     9.9580    303.521    9.94014  302.97766    100.179 -9.990e-29
   39.94826  -72.03254     47.780     47.409     6.5026    32.1912      7.982     0.2968 9.2575e-02  1025.4921     6.4986    25.2719     9.9631    303.677    9.94033  302.98376    100.229 -9.990e-29
   39.94826  -72.03254     47.791     47.420     6.5042    32.1909      7.982     0.2968 9.3000e-02  1025.4913     6.5001    25.2714     9.9636    303.691    9.94074  302.99622    100.229 -9.990e-29
   39.94826  -72.03254     47.791     47.420     6.5052    32.1906      7.982     0.2968 9.3000e-02  1025.4912     6.5011    25.2711     9.9630    303.673    9.94053  302.98907    100.226 -9.990e-29
   39.94826  -72.03254     47.781     47.410     6.5061    32.1902      7.982     0.2968 9.3000e-02  1025.4907     6.5021    25.2706     9.9679    303.822    9.93980  302.96655    100.283 -9.990e-29
   39.94826  -72.03254     47.781     47.410     6.5070    32.1896      7.982     0.2968 9.3278e-02  1025.4902     6.5030    25.2701     9.9605    303.597    9.93911  302.94561    100.215 -9.990e-29
   39.94826  -72.03254     47.780     47.409     6.5073    32.1889      7.982     0.2968 9.3278e-02  1025.4895     6.5032    25.2695     9.9594    303.563    9.93858  302.92970    100.209 -9.990e-29
   39.94826  -72.03254     47.781     47.410     6.5073    32.1880      7.982     0.2968 9.3278e-02  1025.4890     6.5032    25.2688     9.9581    303.525    9.93819  302.91751    100.201 -9.990e-29
   39.94826  -72.03254     47.791     47.420     6.5066    32.1869      7.982     0.2968 9.3148e-02  1025.4879     6.5026    25.2680     9.9564    303.472    9.93765  302.90144    100.188 -9.990e-29
   39.94826  -72.03254     47.781     47.410     6.5048    32.1859      7.982     0.2968 9.3426e-02  1025.4875     6.5008    25.2673     9.9559    303.458    9.93762  302.90105    100.184 -9.990e-29
   39.94826  -72.03254     47.781     47.410     6.5032    32.1850      7.982     0.2968 9.3148e-02  1025.4865     6.4991    25.2669     9.9606    303.602    9.93765  302.90238    100.231 -9.990e-29
   39.94826  -72.03254     47.791     47.420     6.5014    32.1846      7.987     0.2968 9.3426e-02  1025.4869     6.4974    25.2668     9.9603    303.593    9.93748  302.89692    100.230 -9.990e-29
   39.94826  -72.03254     47.781     47.410     6.4998    32.1845      7.982     0.2968 9.3706e-02  1025.4868     6.4958    25.2670     9.9591    303.554    9.93675  302.87410    100.225 -9.990e-29
   39.94826  -72.03254     47.780     47.409     6.4977    32.1848      7.982     0.2968 9.3855e-02  1025.4874     6.4937    25.2674     9.9574    303.504    9.93599  302.85083    100.216 -9.990e-29
   39.94826  -72.03254     47.781     47.410     6.4961    32.1853      7.982     0.2700 9.3855e-02  1025.4879     6.4921    25.2679     9.9623    303.652    9.93553  302.83695    100.269 -9.990e-29
   39.94826  -72.03254     47.781     47.410     6.4951    32.1863      7.982     0.2700 9.3575e-02  1025.4886     6.4911    25.2689     9.9624    303.656    9.93519  302.82654    100.274 -9.990e-29
   39.94826  -72.03254     47.780     47.409     6.4945    32.1879      7.982     0.2700 9.3575e-02  1025.4901     6.4905    25.2702     9.9623    303.653    9.93493  302.81874    100.276 -9.990e-29
   39.94826  -72.03254     47.781     47.410     6.4953    32.1896      7.982     0.2700 9.3855e-02  1025.4922     6.4913    25.2715     9.9624    303.656    9.93513  302.82581    100.274 -9.990e-29
   39.94826  -72.03254     47.781     47.410     6.4977    32.1906      7.982     0.2700 9.4135e-02  1025.4921     6.4937    25.2721     9.9628    303.669    9.93588  302.84851    100.271 -9.990e-29
   39.94826  -72.03254     47.761     47.389     6.4987    32.1909      7.987     0.2700 9.4285e-02  1025.4925     6.4947    25.2721     9.9626    303.663    9.93641  302.86435    100.264 -9.990e-29
   39.94826  -72.03254     47.770     47.399     6.4993    32.1904      7.987     0.2700 9.4285e-02  1025.4919     6.4953    25.2717     9.9618    303.638    9.93661  302.87020    100.253 -9.990e-29
   39.94826  -72.03254     47.750     47.379     6.5003    32.1895      7.987     0.2700 9.4285e-02  1025.4906     6.4963    25.2709     9.9674    303.809    9.93709  302.88505    100.305 -9.990e-29
   39.94826  -72.03254     47.770     47.399     6.5003    32.1886      7.987     0.2700 9.4285e-02  1025.4903     6.4963    25.2701     9.9674    303.807    9.93777  302.90546    100.298 -9.990e-29
   39.94826  -72.03254     47.751     47.380     6.5003    32.1872      7.987     0.2700 9.4285e-02  1025.4892     6.4963    25.2690     9.9667    303.785    9.93725  302.88840    100.296 0.0000e+00
   39.94826  -72.03254     47.740     47.369     6.4989    32.1854      7.982     0.2700 9.4567e-02  1025.4875     6.4948    25.2677     9.9639    303.700    9.93524  302.82533    100.289 -9.990e-29
   39.94826  -72.03254     47.740     47.369     6.4972    32.1838      7.987     0.2700 9.4435e-02  1025.4858     6.4932    25.2667     9.9598    303.573    9.93229  302.73453    100.277 -9.990e-29
   39.94826  -72.03254     47.729     47.358     6.4946    32.1835      7.987     0.2700 9.4718e-02  1025.4861     6.4906    25.2667     9.9568    303.483    9.92980  302.65922    100.272 0.0000e+00
   39.94826  -72.03254     47.719     47.348     6.4927    32.1842      7.987     0.2700 9.4718e-02  1025.4873     6.4887    25.2675     9.9612    303.617    9.92834  302.61655    100.331 0.0000e+00
   39.94826  -72.03254     47.700     47.329     6.4918    32.1853      7.987     0.2700 9.4435e-02  1025.4881     6.4878    25.2686     9.9546    303.417    9.92805  302.60926    100.267 -9.990e-29
   39.94826  -72.03254     47.699     47.328     6.4909    32.1867      7.987     0.2700 9.4435e-02  1025.4894     6.4869    25.2698     9.9596    303.570    9.92767  302.59790    100.321 -9.990e-29
   39.94826  -72.03254     47.679     47.309     6.4898    32.1879      7.987     0.2700 9.5001e-02  1025.4908     6.4858    25.2709     9.9586    303.542    9.92718  302.58302    100.317 -9.990e-29
   39.94826  -72.03254     47.678     47.307     6.4896    32.1887      7.987     0.2700 9.5152e-02  1025.4912     6.4856    25.2715     9.9569    303.489    9.92629  302.55631    100.308 -9.990e-29
   39.94826  -72.03254     47.649     47.279     6.4890    32.1894      7.982     0.2700 9.5152e-02  1025.4912     6.4850    25.2721     9.9547    303.424    9.92528  302.52683    100.296 -9.990e-29
   39.94826  -72.03254     47.649     47.279     6.4889    32.1905      7.987     0.2700 9.5436e-02  1025.4926     6.4848    25.2730     9.9547    303.424    9.92558  302.53645    100.293 -9.990e-29
   39.94826  -72.03254     47.617     47.247     6.4900    32.1917      7.987     0.2700 9.5721e-02  1025.4934     6.4859    25.2738     9.9618    303.641    9.92670  302.57221    100.353 0.0000e+00
   39.94826  -72.03254     47.607     47.237     6.4924    32.1925      7.987     0.2700 9.5721e-02  1025.4937     6.4884    25.2742     9.9632    303.684    9.92789  302.60757    100.356 0.0000e+00
   39.94826  -72.03254     47.587     47.217     6.4955    32.1930      7.987     0.2700 9.5721e-02  1025.4935     6.4914    25.2741     9.9624    303.657    9.92734  302.58843    100.353 0.0000e+00
   39.94826  -72.03254     47.577     47.207     6.4990    32.1929      7.987     0.2700 9.6294e-02  1025.4931     6.4950    25.2737     9.9619    303.642    9.92656  302.56373    100.356 0.0000e+00
   39.94826  -72.03254     47.556     47.187     6.5026    32.1923      7.987     0.2834 9.6294e-02  1025.4917     6.4986    25.2728     9.9623    303.655    9.92683  302.57235    100.358 0.0000e+00
   39.94826  -72.03254     47.526     47.157     6.5045    32.1914      7.987     0.2834 9.6447e-02  1025.4908     6.5005    25.2718     9.9617    303.634    9.92638  302.55734    100.356 0.0000e+00
   39.94826  -72.03254     47.516     47.147     6.5052    32.1902      7.987     0.2834 9.6447e-02  1025.4896     6.5012    25.2707     9.9600    303.581    9.92524  302.52263    100.350 0.0000e+00
   39.94826  -72.03254     47.475     47.106     6.5065    32.1890      7.987     0.2834 9.6447e-02  1025.4880     6.5025    25.2696     9.9582    303.529    9.92437  302.49744    100.341 -9.990e-29
   39.94826  -72.03254     47.475     47.106     6.5079    32.1881      7.987     0.2834 9.6447e-02  1025.4870     6.5039    25.2687     9.9570    303.491    9.92419  302.48994    100.331 -9.990e-29
   39.94826  -72.03254     47.434     47.065     6.5091    32.1876      7.987     0.2834 9.7313e-02  1025.4865     6.5050    25.2682     9.9591    303.552    9.92137  302.40178    100.380 0.0000e+00
   39.94826  -72.03254     47.414     47.046     6.5091    32.1875      7.987     0.2834 9.7894e-02  1025.4863     6.5051    25.2681     9.9484    303.227    9.91828  302.31088    100.303 0.0000e+00
   39.94826  -72.03254     47.382     47.014     6.5086    32.1880      7.987     0.2834 9.7894e-02  1025.4863     6.5046    25.2685     9.9480    303.219    9.91884  302.33051    100.294 0.0000e+00
   39.94826  -72.03254     47.352     46.984     6.5083    32.1888      7.987     0.2834 9.8186e-02  1025.4877     6.5043    25.2692     9.9471    303.189    9.91896  302.33176    100.284 0.0000e+00
   39.94826  -72.03254     47.342     46.974     6.5092    32.1892      7.987     0.2834 9.8479e-02  1025.4879     6.5052    25.2695     9.9509    303.307    9.91789  302.29988    100.333 0.0000e+00
   39.94826  -72.03254     47.301     46.933     6.5099    32.1889      7.987     0.2834 9.8479e-02  1025.4870     6.5059    25.2692     9.9524    303.355    9.91901  302.33542    100.337 0.0000e+00
   39.94826  -72.03254     47.271     46.903     6.5094    32.1884      7.987     0.2834 9.8772e-02  1025.4860     6.5054    25.2689     9.9520    303.341    9.91943  302.34866    100.328 0.0000e+00
   39.94826  -72.03254     47.250     46.883     6.5075    32.1891      7.987     0.2834 9.8635e-02  1025.4863     6.5035    25.2695     9.9504    303.291    9.91816  302.30945    100.325 0.0000e+00
   39.94826  -72.03254     47.210     46.843     6.5074    32.1907      7.987     0.2834 9.8635e-02  1025.4889     6.5034    25.2708     9.9490    303.247    9.91730  302.28224    100.319 0.0000e+00
