CalculateIndicators/WaterTemperature/Data/CTD_NYOS/20240428_C20.cnv
* Sea-Bird SBE 9 Data File:
* FileName = C:\Seabird 9 CTD\Data\2024\202404_offshore\20240428_C20.hex
* Software Version Seasave V 7.23.2
* Temperature SN = 4590
* Conductivity SN = 3228
* Number of Bytes Per Scan = 44
* Number of Voltage Words = 5
* Number of Scans Averaged by the Deck Unit = 1
* NMEA Latitude = 40 46.62 N
* NMEA Longitude = 072 34.65 W
* NMEA UTC (Time) = Apr 28 2024  05:51:45
* NMEA baud rate = 4800
** Ship: Seawolf
** Station: 10.1
** Operator: TDK
# nquan = 18
# nvalues = 10029                       
# units = specified
# name 0 = latitude: Latitude [deg]
# name 1 = longitude: Longitude [deg]
# name 2 = prDM: Pressure, Digiquartz [db]
# name 3 = depSM: Depth [salt water, m]
# name 4 = t090C: Temperature [ITS-90, deg C]
# name 5 = sal00: Salinity, Practical [PSU]
# name 6 = ph: pH
# name 7 = flECO-AFL: Fluorescence, WET Labs ECO-AFL/FL [mg/m^3]
# name 8 = cpar: CPAR/Corrected Irradiance [%]
# name 9 = density00: Density [density, kg/m^3]
# name 10 = potemp090C: Potential Temperature [ITS-90, deg C]
# name 11 = sigma-é00: Density [sigma-theta, kg/m^3]
# name 12 = sbeox0Mg/L: Oxygen, SBE 43 [mg/l]
# name 13 = sbox0Mm/Kg: Oxygen, SBE 43 [umol/kg]
# name 14 = oxsolMg/L: Oxygen Saturation, Garcia & Gordon [mg/l]
# name 15 = oxsolMm/Kg: Oxygen Saturation, Garcia & Gordon [umol/kg]
# name 16 = sbeox0PS: Oxygen, SBE 43 [% saturation]
# name 17 = flag:  0.000e+00
# span 0 =   40.77712,   40.77816       
# span 1 =  -72.57750,  -72.57706       
# span 2 =      1.649,     18.814       
# span 3 =      1.637,     18.668       
# span 4 =     7.8014,     9.1508       
# span 5 =    29.8646,    30.2424       
# span 6 =      7.963,      8.071       
# span 7 =     0.6326,     2.0294       
# span 8 = 9.9999e+04, 9.9999e+04       
# span 9 =  1023.1520,  1023.6532       
# span 10 =     7.7997,     9.1506      
# span 11 =    23.1247,    23.5675      
# span 12 =     8.9403,    10.0831      
# span 13 =    272.966,    307.921      
# span 14 =    9.49717,    9.77296      
# span 15 =  290.07397,  298.37731      
# span 16 =     91.646,    104.561      
# span 17 = 0.0000e+00, 0.0000e+00      
# interval = seconds: 0.0416667
# start_time = Apr 28 2024 05:51:44 [System UTC, first data scan.]
# bad_flag = -9.990e-29
*END*
[from data line 5629]
   40.77770  -72.57724     10.248     10.168     9.0242    29.9483 -9.990e-29     0.7669 9.9999e+04  1023.2086     9.0232    23.1619     9.9002    302.380    9.52585  290.94770    103.929 -9.990e-29
   40.77770  -72.57724     10.259     10.179     9.0241    29.9486 -9.990e-29     0.7669 9.9999e+04  1023.2090     9.0230    23.1621     9.9007    302.395    9.52582  290.94682    103.935 -9.990e-29
   40.77770  -72.57724     10.259     10.179     9.0241    29.9487 -9.990e-29     0.7669 9.9999e+04  1023.2091     9.0230    23.1622     9.9004    302.386    9.52580  290.94629    103.932 -9.990e-29
   40.77770  -72.57724     10.238     10.159     9.0244    29.9487 -9.990e-29     0.7535 9.9999e+04  1023.2089     9.0234    23.1622     9.9001    302.379    9.52585  290.94766    103.929 -9.990e-29
   40.77770  -72.57724     10.248     10.168     9.0242    29.9487 -9.990e-29     0.7669 9.9999e+04  1023.2089     9.0232    23.1622     9.9058    302.553    9.52582  290.94660    103.989 -9.990e-29
   40.77770  -72.57724     10.238     10.159     9.0241    29.9485 -9.990e-29     0.7669 9.9999e+04  1023.2088     9.0230    23.1620     9.9003    302.384    9.52578  290.94547    103.931 -9.990e-29
   40.77770  -72.57724     10.238     10.159     9.0241    29.9483 -9.990e-29     0.7669 9.9999e+04  1023.2083     9.0230    23.1619     9.8999    302.371    9.52569  290.94263    103.928 -9.990e-29
   40.77770  -72.57724     10.231     10.152     9.0237    29.9485 -9.990e-29     0.7669 9.9999e+04  1023.2086     9.0227    23.1621     9.8994    302.357    9.52558  290.93931    103.924 -9.990e-29
   40.77770  -72.57724     10.217     10.138     9.0231    29.9487 -9.990e-29     0.7669 9.9999e+04  1023.2092     9.0221    23.1623     9.9048    302.523    9.52533  290.93172    103.984 -9.990e-29
   40.77770  -72.57724     10.217     10.138     9.0231    29.9487 -9.990e-29     0.7669 9.9999e+04  1023.2089     9.0221    23.1623     9.8998    302.370    9.52508  290.92404    103.935 -9.990e-29
   40.77770  -72.57724     10.217     10.138     9.0229    29.9486 -9.990e-29     0.7669 9.9999e+04  1023.2089     9.0219    23.1623     9.9002    302.381    9.52493  290.91951    103.940 -9.990e-29
   40.77770  -72.57724     10.208     10.129     9.0229    29.9486 -9.990e-29     0.7669 9.9999e+04  1023.2090     9.0219    23.1623     9.9057    302.550    9.52474  290.91391    104.000 -9.990e-29
   40.77770  -72.57724     10.197     10.118     9.0229    29.9485 -9.990e-29     0.7669 9.9999e+04  1023.2087     9.0218    23.1623     9.9060    302.560    9.52458  290.90911    104.005 -9.990e-29
   40.77770  -72.57724     10.197     10.118     9.0229    29.9485 -9.990e-29     0.7669 9.9999e+04  1023.2088     9.0219    23.1623     9.9063    302.567    9.52438  290.90283    104.010 -9.990e-29
   40.77770  -72.57724     10.177     10.099     9.0223    29.9485 -9.990e-29     0.7669 9.9999e+04  1023.2088     9.0212    23.1623     9.9065    302.573    9.52417  290.89644    104.014 -9.990e-29
   40.77770  -72.57724     10.187     10.108     9.0218    29.9484 -9.990e-29     0.7266 9.9999e+04  1023.2090     9.0207    23.1623     9.9067    302.580    9.52402  290.89200    104.018 -9.990e-29
   40.77770  -72.57724     10.166     10.088     9.0219    29.9481 -9.990e-29     0.6729 9.9999e+04  1023.2084     9.0209    23.1621     9.9069    302.586    9.52387  290.88746    104.022 -9.990e-29
   40.77770  -72.57724     10.177     10.099     9.0216    29.9479 -9.990e-29     0.6595 9.9999e+04  1023.2082     9.0206    23.1620     9.9079    302.619    9.52379  290.88521    104.034 -9.990e-29
   40.77770  -72.57724     10.157     10.078     9.0213    29.9479 -9.990e-29     0.6729 9.9999e+04  1023.2085     9.0203    23.1620     9.9083    302.629    9.52376  290.88430    104.037 -9.990e-29
   40.77770  -72.57724     10.157     10.078     9.0210    29.9480 -9.990e-29     0.6729 9.9999e+04  1023.2084     9.0200    23.1622     9.9025    302.451    9.52370  290.88264    103.977 -9.990e-29
   40.77770  -72.57724     10.150     10.071     9.0201    29.9482 -9.990e-29     0.6729 9.9999e+04  1023.2087     9.0191    23.1624     9.9080    302.620    9.52372  290.88310    104.035 -9.990e-29
   40.77770  -72.57724     10.136     10.058     9.0200    29.9484 -9.990e-29     0.6729 9.9999e+04  1023.2090     9.0189    23.1626     9.9022    302.443    9.52367  290.88151    103.975 -9.990e-29
   40.77770  -72.57724     10.136     10.058     9.0194    29.9484 -9.990e-29     0.6729 9.9999e+04  1023.2089     9.0184    23.1626     9.9024    302.449    9.52358  290.87854    103.978 -9.990e-29
   40.77770  -72.57724     10.116     10.037     9.0194    29.9485 -9.990e-29     0.6729 9.9999e+04  1023.2088     9.0184    23.1627     9.9026    302.455    9.52345  290.87466    103.981 -9.990e-29
   40.77770  -72.57724     10.116     10.037     9.0190    29.9488 -9.990e-29     0.6729 9.9999e+04  1023.2094     9.0180    23.1630     9.9029    302.465    9.52342  290.87394    103.985 -9.990e-29
   40.77770  -72.57724     10.106     10.028     9.0188    29.9488 -9.990e-29     0.6729 9.9999e+04  1023.2093     9.0178    23.1630     9.9025    302.453    9.52345  290.87514    103.980 -9.990e-29
   40.77770  -72.57724     10.106     10.028     9.0190    29.9487 -9.990e-29     0.6729 9.9999e+04  1023.2090     9.0180    23.1629     9.9022    302.445    9.52360  290.87968    103.976 -9.990e-29
   40.77770  -72.57724     10.085     10.007     9.0190    29.9487 -9.990e-29     0.6729 9.9999e+04  1023.2089     9.0180    23.1629     9.9079    302.618    9.52367  290.88172    104.035 -9.990e-29
   40.77770  -72.57724     10.085     10.007     9.0187    29.9489 -9.990e-29     0.6729 9.9999e+04  1023.2091     9.0177    23.1632     9.9084    302.631    9.52375  290.88404    104.038 -9.990e-29
   40.77770  -72.57724     10.076      9.998     9.0183    29.9492 -9.990e-29     0.6729 9.9999e+04  1023.2096     9.0173    23.1635     9.9086    302.639    9.52373  290.88349    104.041 -9.990e-29
   40.77770  -72.57724     10.065      9.987     9.0185    29.9495 -9.990e-29     0.6729 9.9999e+04  1023.2096     9.0175    23.1637     9.9096    302.668    9.52357  290.87814    104.053 -9.990e-29
   40.77770  -72.57724     10.029      9.951     9.0185    29.9496 -9.990e-29     0.6729 9.9999e+04  1023.2095     9.0175    23.1637     9.9095    302.666    9.52328  290.86917    104.056 -9.990e-29
   40.77770  -72.57724     10.065      9.987     9.0187    29.9496 -9.990e-29     0.6729 9.9999e+04  1023.2096     9.0177    23.1637     9.9093    302.660    9.52289  290.85745    104.058 -9.990e-29
   40.77770  -72.57724     10.034      9.957     9.0190    29.9496 -9.990e-29     0.6729 9.9999e+04  1023.2094     9.0180    23.1637     9.9094    302.662    9.52275  290.85319    104.060 -9.990e-29
   40.77770  -72.57724     10.025      9.947     9.0192    29.9497 -9.990e-29     0.6729 9.9999e+04  1023.2093     9.0182    23.1637     9.9096    302.669    9.52279  290.85497    104.062 -9.990e-29
   40.77770  -72.57724     10.015      9.938     9.0193    29.9500 -9.990e-29     0.6729 9.9999e+04  1023.2097     9.0183    23.1639     9.9099    302.678    9.52294  290.85933    104.063 -9.990e-29
   40.77770  -72.57724     10.004      9.927     9.0198    29.9501 -9.990e-29     0.6729 9.9999e+04  1023.2096     9.0188    23.1639     9.9109    302.709    9.52300  290.86083    104.074 -9.990e-29
   40.77770  -72.57724      9.985      9.908     9.0201    29.9499 -9.990e-29     0.6729 9.9999e+04  1023.2094     9.0191    23.1637     9.9109    302.708    9.52285  290.85595    104.075 -9.990e-29
   40.77770  -72.57724      9.985      9.908     9.0206    29.9496 -9.990e-29     0.6729 9.9999e+04  1023.2090     9.0196    23.1635     9.9108    302.705    9.52271  290.85181    104.075 -9.990e-29
   40.77770  -72.57724      9.985      9.908     9.0208    29.9493 -9.990e-29     0.6863 9.9999e+04  1023.2085     9.0198    23.1632     9.9047    302.518    9.52258  290.84780    104.012 -9.990e-29
   40.77770  -72.57724      9.953      9.876     9.0206    29.9493 -9.990e-29     0.7132 9.9999e+04  1023.2087     9.0196    23.1631     9.9098    302.674    9.52246  290.84447    104.067 -9.990e-29
   40.77770  -72.57724      9.948      9.871     9.0210    29.9492 -9.990e-29     0.7266 9.9999e+04  1023.2083     9.0200    23.1630     9.9097    302.673    9.52242  290.84356    104.067 -9.990e-29
   40.77770  -72.57724      9.953      9.876     9.0208    29.9490 -9.990e-29     0.7266 9.9999e+04  1023.2084     9.0198    23.1629     9.9098    302.676    9.52252  290.84715    104.067 -9.990e-29
   40.77770  -72.57724      9.944      9.867     9.0208    29.9489 -9.990e-29     0.7266 9.9999e+04  1023.2081     9.0198    23.1628     9.9040    302.498    9.52274  290.85394    104.003 -9.990e-29
   40.77770  -72.57724      9.913      9.837     9.0208    29.9489 -9.990e-29     0.7266 9.9999e+04  1023.2082     9.0198    23.1628     9.9033    302.478    9.52293  290.85954    103.995 -9.990e-29
   40.77770  -72.57724      9.913      9.837     9.0207    29.9488 -9.990e-29     0.7266 9.9999e+04  1023.2079     9.0197    23.1628     9.9026    302.457    9.52308  290.86403    103.986 -9.990e-29
   40.77770  -72.57724      9.904      9.827     9.0205    29.9488 -9.990e-29     0.7266 9.9999e+04  1023.2080     9.0195    23.1628     9.9080    302.622    9.52331  290.87150    104.040 -9.990e-29
   40.77770  -72.57724      9.893      9.816     9.0203    29.9489 -9.990e-29     0.7266 9.9999e+04  1023.2080     9.0193    23.1629     9.9022    302.445    9.52358  290.87981    103.976 -9.990e-29
   40.77770  -72.57724      9.883      9.807     9.0200    29.9489 -9.990e-29     0.7266 9.9999e+04  1023.2082     9.0190    23.1630     9.9076    302.609    9.52382  290.88681    104.030 -9.990e-29
   40.77770  -72.57724      9.872      9.796     9.0201    29.9490 -9.990e-29     0.7266 9.9999e+04  1023.2080     9.0192    23.1630     9.9017    302.427    9.52399  290.89189    103.966 -9.990e-29
   40.77770  -72.57724      9.867      9.790     9.0201    29.9492 -9.990e-29     0.7266 9.9999e+04  1023.2082     9.0192    23.1631     9.9071    302.593    9.52427  290.90059    104.019 -9.990e-29
   40.77770  -72.57724      9.853      9.777     9.0198    29.9494 -9.990e-29     0.7266 9.9999e+04  1023.2084     9.0188    23.1633     9.9011    302.410    9.52446  290.90613    103.954 -9.990e-29
   40.77770  -72.57724      9.842      9.766     9.0200    29.9495 -9.990e-29     0.7266 9.9999e+04  1023.2084     9.0190    23.1634     9.9004    302.387    9.52465  290.91179    103.945 -9.990e-29
   40.77770  -72.57724      9.842      9.766     9.0201    29.9496 -9.990e-29     0.7266 9.9999e+04  1023.2083     9.0192    23.1635     9.9064    302.571    9.52476  290.91509    104.007 -9.990e-29
   40.77770  -72.57724      9.832      9.756     9.0205    29.9498 -9.990e-29     0.7266 9.9999e+04  1023.2085     9.0195    23.1636     9.9063    302.569    9.52484  290.91753    104.005 -9.990e-29
   40.77770  -72.57724      9.812      9.736     9.0210    29.9500 -9.990e-29     0.7266 9.9999e+04  1023.2084     9.0200    23.1637     9.9003    302.386    9.52504  290.92335    103.940 -9.990e-29
   40.77770  -72.57724      9.812      9.736     9.0219    29.9503 -9.990e-29     0.7266 9.9999e+04  1023.2087     9.0210    23.1638     9.8993    302.353    9.52500  290.92201    103.929 -9.990e-29
   40.77770  -72.57724      9.812      9.736     9.0232    29.9504 -9.990e-29     0.7266 9.9999e+04  1023.2084     9.0222    23.1636     9.8991    302.349    9.52501  290.92222    103.928 -9.990e-29
   40.77770  -72.57724      9.792      9.717     9.0239    29.9502 -9.990e-29     0.7266 9.9999e+04  1023.2081     9.0229    23.1634     9.8981    302.318    9.52498  290.92116    103.918 -9.990e-29
   40.77770  -72.57724      9.786      9.710     9.0249    29.9499 -9.990e-29     0.7266 9.9999e+04  1023.2077     9.0239    23.1630     9.9031    302.470    9.52492  290.91932    103.970 -9.990e-29
   40.77770  -72.57724      9.781      9.706     9.0259    29.9496 -9.990e-29     0.7266 9.9999e+04  1023.2070     9.0249    23.1627     9.8977    302.305    9.52488  290.91834    103.914 -9.990e-29
   40.77770  -72.57724      9.781      9.706     9.0267    29.9496 -9.990e-29     0.7266 9.9999e+04  1023.2072     9.0257    23.1626     9.8976    302.302    9.52493  290.91987    103.913 -9.990e-29
   40.77770  -72.57724      9.772      9.696     9.0276    29.9497 -9.990e-29     0.7266 9.9999e+04  1023.2071     9.0267    23.1625     9.8975    302.301    9.52496  290.92066    103.912 -9.990e-29
   40.77770  -72.57724      9.761      9.685     9.0283    29.9496 -9.990e-29     0.7266 9.9999e+04  1023.2069     9.0274    23.1623     9.9035    302.484    9.52499  290.92174    103.974 -9.990e-29
   40.77770  -72.57724      9.772      9.696     9.0292    29.9493 -9.990e-29     0.7400 9.9999e+04  1023.2066     9.0282    23.1619     9.8983    302.324    9.52504  290.92304    103.919 -9.990e-29
   40.77770  -72.57724      9.742      9.666     9.0298    29.9489 -9.990e-29     0.7535 9.9999e+04  1023.2056     9.0288    23.1615     9.8923    302.140    9.52506  290.92351    103.856 -9.990e-29
   40.77770  -72.57724      9.761      9.685     9.0298    29.9488 -9.990e-29     0.7535 9.9999e+04  1023.2061     9.0288    23.1614     9.8975    302.298    9.52497  290.92099    103.911 -9.990e-29
   40.77770  -72.57724      9.744      9.669     9.0301    29.9489 -9.990e-29     0.7535 9.9999e+04  1023.2058     9.0292    23.1615     9.8975    302.298    9.52492  290.91948    103.911 -9.990e-29
   40.77770  -72.57724      9.742      9.666     9.0300    29.9492 -9.990e-29     0.7535 9.9999e+04  1023.2061     9.0290    23.1617     9.8967    302.273    9.52486  290.91758    103.903 -9.990e-29
   40.77770  -72.57724      9.742      9.666     9.0300    29.9496 -9.990e-29     0.7535 9.9999e+04  1023.2066     9.0290    23.1621     9.8968    302.277    9.52487  290.91785    103.905 -9.990e-29
   40.77770  -72.57724      9.742      9.666     9.0303    29.9498 -9.990e-29     0.7535 9.9999e+04  1023.2069     9.0293    23.1622     9.8961    302.256    9.52487  290.91792    103.897 -9.990e-29
 -9.990e-29  -72.57724      9.742      9.666     9.0311    29.9495      8.061     0.7535 9.9999e+04  1023.2063     9.0301    23.1618     9.8953    302.232    9.52482  290.91641    103.890 -9.990e-29
 -9.990e-29  -72.57724      9.742      9.666     9.0314    29.9490      8.061     0.7535 9.9999e+04  1023.2057     9.0304    23.1613     9.8946    302.211    9.52483  290.91668    103.882 -9.990e-29
 -9.990e-29  -72.57724      9.742      9.666     9.0314    29.9486      8.065     0.7535 9.9999e+04  1023.2053     9.0304    23.1611     9.8939    302.191    9.52487  290.91786    103.875 -9.990e-29
 -9.990e-29  -72.57724      9.735      9.659     9.0306    29.9486      8.065     0.7535 9.9999e+04  1023.2057     9.0296    23.1611     9.8993    302.354    9.52491  290.91911    103.931 -9.990e-29
 -9.990e-29  -72.57724      9.742      9.666     9.0303    29.9487      8.061     0.7535 9.9999e+04  1023.2057     9.0293    23.1612     9.8932    302.168    9.52479  290.91534    103.868 -9.990e-29
 -9.990e-29  -72.57724      9.751      9.676     9.0300    29.9489      8.061     0.7535 9.9999e+04  1023.2057     9.0290    23.1615     9.8932    302.166    9.52463  290.91041    103.869 -9.990e-29
 -9.990e-29  -72.57724      9.742      9.666     9.0298    29.9496      8.061     0.7535 9.9999e+04  1023.2063     9.0288    23.1620     9.8991    302.348    9.52446  290.90555    103.933 -9.990e-29
 -9.990e-29  -72.57724      9.751      9.676     9.0301    29.9506      8.061     0.7535 9.9999e+04  1023.2075     9.0292    23.1627     9.8941    302.194    9.52448  290.90614    103.880 -9.990e-29
