CalculateIndicators/WaterTemperature/Data/CTD_NYOS/20240912_C08.cnv
* Sea-Bird SBE 9 Data File:
* FileName = C:\Seabird 9 CTD\Data\2024\202409_offshore\20240912_C08.hex
* Software Version Seasave V 7.23.2
* Temperature SN = 4590
* Conductivity SN = 3228
* Number of Bytes Per Scan = 44
* Number of Voltage Words = 5
* Number of Scans Averaged by the Deck Unit = 1
* NMEA Latitude = 39 36.11 N
* NMEA Longitude = 072 45.25 W
* NMEA UTC (Time) = Sep 12 2024  13:55:24
* NMEA baud rate = 4800
** Ship: Seawolf
** Station: 8.5
** Operator: TDK
# nquan = 18
# nvalues = 16664                       
# units = specified
# name 0 = latitude: Latitude [deg]
# name 1 = longitude: Longitude [deg]
# name 2 = prDM: Pressure, Digiquartz [db]
# name 3 = depSM: Depth [salt water, m]
# name 4 = t090C: Temperature [ITS-90, deg C]
# name 5 = sal00: Salinity, Practical [PSU]
# name 6 = ph: pH
# name 7 = flECO-AFL: Fluorescence, WET Labs ECO-AFL/FL [mg/m^3]
# name 8 = cpar: CPAR/Corrected Irradiance [%]
# name 9 = density00: Density [density, kg/m^3]
# name 10 = potemp090C: Potential Temperature [ITS-90, deg C]
# name 11 = sigma-é00: Density [sigma-theta, kg/m^3]
# name 12 = sbeox0Mg/L: Oxygen, SBE 43 [mg/l]
# name 13 = sbox0Mm/Kg: Oxygen, SBE 43 [umol/kg]
# name 14 = oxsolMg/L: Oxygen Saturation, Garcia & Gordon [mg/l]
# name 15 = oxsolMm/Kg: Oxygen Saturation, Garcia & Gordon [umol/kg]
# name 16 = sbeox0PS: Oxygen, SBE 43 [% saturation]
# name 17 = flag:  0.000e+00
# span 0 =   39.60182,   39.60192       
# span 1 =  -72.75622,  -72.75420       
# span 2 =      1.995,     66.332       
# span 3 =      1.980,     65.816       
# span 4 =     7.8074,    21.6417       
# span 5 =    31.8582,    34.0941       
# span 6 =      7.830,      8.232       
# span 7 =    -0.1464,     2.4995       
# span 8 = 5.0298e-03, 1.5784e+02       
# span 9 =  1022.8140,  1026.4910       
# span 10 =     7.8028,    21.6412      
# span 11 =    22.7690,    26.1855      
# span 12 =     6.4549,     9.1287      
# span 13 =    196.645,    278.498      
# span 14 =    7.25768,    9.65779      
# span 15 =  221.72744,  294.45655      
# span 16 =     71.674,    107.473      
# span 17 = 0.0000e+00, 0.0000e+00      
# interval = seconds: 0.0416667
# start_time = Sep 12 2024 13:55:26 [System UTC, first data scan.]
# bad_flag = -9.990e-29
*END*
[from data line 403]
 -9.990e-29  -72.75424      2.671      2.651    21.6279    33.1410 -9.990e-29     0.0416 2.6984e+01  1022.9202    21.6274    22.9089     7.0144    214.294    7.25974  221.78900     96.621 -9.990e-29
 -9.990e-29  -72.75424      2.692      2.671    21.6276    33.1410 -9.990e-29     0.0416 2.8225e+01  1022.9206    21.6271    22.9089     7.0144    214.294    7.25975  221.78940     96.621 -9.990e-29
 -9.990e-29  -72.75424      2.672      2.652    21.6277    33.1410 -9.990e-29     0.0416 2.8384e+01  1022.9204    21.6272    22.9089     7.0144    214.295    7.25980  221.79078     96.620 -9.990e-29
 -9.990e-29  -72.75424      2.671      2.651    21.6275    33.1410 -9.990e-29     0.0416 3.4269e+01  1022.9203    21.6270    22.9089     7.0144    214.295    7.25978  221.78999     96.621 -9.990e-29
 -9.990e-29  -72.75424      2.682      2.661    21.6275    33.1411 -9.990e-29     0.0416 4.0452e+01  1022.9205    21.6270    22.9090     7.0145    214.296    7.25977  221.78971     96.621 -9.990e-29
 -9.990e-29  -72.75424      2.661      2.641    21.6273    33.1412 -9.990e-29     0.0416 4.1723e+01  1022.9206    21.6268    22.9091     7.0106    214.177    7.25977  221.78987     96.568 -9.990e-29
 -9.990e-29  -72.75424      2.671      2.651    21.6275    33.1413 -9.990e-29     0.0416 3.8708e+01  1022.9205    21.6270    22.9092     7.0146    214.300    7.25980  221.79049     96.623 -9.990e-29
 -9.990e-29  -72.75424      2.661      2.641    21.6273    33.1414 -9.990e-29     0.0416 3.5677e+01  1022.9209    21.6268    22.9092     7.0147    214.303    7.25978  221.78995     96.624 -9.990e-29
 -9.990e-29  -72.75424      2.661      2.641    21.6273    33.1412 -9.990e-29     0.0416 3.4982e+01  1022.9205    21.6268    22.9091     7.0148    214.306    7.25977  221.78962     96.626 -9.990e-29
 -9.990e-29  -72.75424      2.652      2.631    21.6273    33.1411 -9.990e-29     0.0416 3.3726e+01  1022.9203    21.6268    22.9090     7.0149    214.310    7.25978  221.78999     96.628 -9.990e-29
 -9.990e-29  -72.75424      2.641      2.621    21.6271    33.1410 -9.990e-29     0.0416 3.1614e+01  1022.9205    21.6266    22.9090     7.0151    214.313    7.25975  221.78921     96.629 -9.990e-29
 -9.990e-29  -72.75424      2.641      2.621    21.6271    33.1409 -9.990e-29     0.0416 3.1085e+01  1022.9203    21.6266    22.9090     7.0152    214.319    7.25977  221.78958     96.631 -9.990e-29
 -9.990e-29  -72.75424      2.631      2.611    21.6273    33.1409 -9.990e-29     0.0416 3.1972e+01  1022.9201    21.6268    22.9090     7.0196    214.454    7.25975  221.78903     96.693 -9.990e-29
 -9.990e-29  -72.75424      2.621      2.601    21.6268    33.1410 -9.990e-29     0.0416 3.4429e+01  1022.9205    21.6263    22.9091     7.0162    214.348    7.25970  221.78748     96.646 -9.990e-29
 -9.990e-29  -72.75424      2.610      2.591    21.6268    33.1411 -9.990e-29     0.0416 3.5311e+01  1022.9204    21.6263    22.9092     7.0164    214.354    7.25970  221.78745     96.648 -9.990e-29
 -9.990e-29  -72.75424      2.610      2.591    21.6268    33.1410 -9.990e-29     0.0416 3.5410e+01  1022.9204    21.6263    22.9091     7.0169    214.370    7.25965  221.78596     96.656 -9.990e-29
 -9.990e-29  -72.75424      2.601      2.581    21.6266    33.1408 -9.990e-29     0.0416 3.5811e+01  1022.9202    21.6261    22.9090     7.0171    214.377    7.25964  221.78559     96.660 -9.990e-29
 -9.990e-29  -72.75424      2.580      2.561    21.6268    33.1408 -9.990e-29     0.0416 3.6114e+01  1022.9199    21.6263    22.9090     7.0173    214.383    7.25958  221.78404     96.663 -9.990e-29
 -9.990e-29  -72.75424      2.582      2.562    21.6264    33.1409 -9.990e-29     0.0416 3.5610e+01  1022.9204    21.6259    22.9091     7.0176    214.391    7.25957  221.78369     96.667 -9.990e-29
 -9.990e-29  -72.75424      2.571      2.551    21.6265    33.1409 -9.990e-29     0.0416 3.1584e+01  1022.9203    21.6260    22.9091     7.0179    214.400    7.25957  221.78375     96.671 -9.990e-29
 -9.990e-29  -72.75424      2.560      2.540    21.6265    33.1408 -9.990e-29     0.0416 2.9689e+01  1022.9199    21.6260    22.9091     7.0178    214.398    7.25953  221.78263     96.670 -9.990e-29
 -9.990e-29  -72.75424      2.560      2.540    21.6263    33.1410 -9.990e-29     0.0416 2.9440e+01  1022.9204    21.6258    22.9093     7.0181    214.406    7.25954  221.78270     96.674 -9.990e-29
 -9.990e-29  -72.75424      2.550      2.531    21.6261    33.1413 -9.990e-29     0.0416 2.3509e+01  1022.9205    21.6256    22.9095     7.0184    214.416    7.25954  221.78271     96.678 -9.990e-29
 -9.990e-29  -72.75424      2.529      2.510    21.6263    33.1413 -9.990e-29     0.0416 2.0311e+01  1022.9203    21.6258    22.9095     7.0184    214.414    7.25951  221.78203     96.678 -9.990e-29
 -9.990e-29  -72.75424      2.550      2.531    21.6260    33.1413 -9.990e-29     0.0416 1.9915e+01  1022.9206    21.6255    22.9095     7.0187    214.426    7.25957  221.78381     96.682 -9.990e-29
 -9.990e-29  -72.75424      2.529      2.510    21.6263    33.1413 -9.990e-29     0.0416 2.4407e+01  1022.9203    21.6258    22.9095     7.0187    214.426    7.25957  221.78382     96.682 -9.990e-29
 -9.990e-29  -72.75424      2.520      2.501    21.6261    33.1414 -9.990e-29     0.0416 2.8570e+01  1022.9204    21.6256    22.9096     7.0187    214.425    7.25957  221.78369     96.682 -9.990e-29
 -9.990e-29  -72.75424      2.520      2.501    21.6261    33.1414 -9.990e-29     0.0416 2.9302e+01  1022.9205    21.6256    22.9096     7.0187    214.425    7.25959  221.78443     96.682 -9.990e-29
 -9.990e-29  -72.75424      2.499      2.480    21.6261    33.1414 -9.990e-29     0.0416 3.0137e+01  1022.9203    21.6256    22.9096     7.0187    214.424    7.25957  221.78373     96.682 -9.990e-29
 -9.990e-29  -72.75424      2.510      2.491    21.6262    33.1413 -9.990e-29     0.0416 3.1200e+01  1022.9203    21.6257    22.9095     7.0187    214.425    7.25960  221.78460     96.682 -9.990e-29
 -9.990e-29  -72.75424      2.490      2.471    21.6261    33.1413 -9.990e-29     0.0416 3.1553e+01  1022.9203    21.6256    22.9095     7.0186    214.423    7.25957  221.78370     96.681 -9.990e-29
 -9.990e-29  -72.75424      2.479      2.460    21.6261    33.1414 -9.990e-29     0.0416 2.9494e+01  1022.9202    21.6256    22.9096     7.0183    214.412    7.25957  221.78365     96.676 -9.990e-29
 -9.990e-29  -72.75424      2.479      2.460    21.6261    33.1415 -9.990e-29     0.0416 2.6580e+01  1022.9204    21.6256    22.9096     7.0182    214.410    7.25954  221.78287     96.676 -9.990e-29
 -9.990e-29  -72.75424      2.469      2.450    21.6261    33.1415 -9.990e-29     0.0416 2.5843e+01  1022.9202    21.6256    22.9096     7.0182    214.410    7.25955  221.78312     96.676 -9.990e-29
 -9.990e-29  -72.75424      2.459      2.441    21.6261    33.1415 -9.990e-29     0.0416 2.6381e+01  1022.9203    21.6256    22.9096     7.0182    214.409    7.25956  221.78341     96.675 -9.990e-29
 -9.990e-29  -72.75424      2.459      2.441    21.6262    33.1414 -9.990e-29     0.0416 2.7440e+01  1022.9201    21.6257    22.9096     7.0181    214.408    7.25954  221.78271     96.675 -9.990e-29
 -9.990e-29  -72.75424      2.448      2.430    21.6259    33.1414 -9.990e-29     0.0416 2.7751e+01  1022.9202    21.6254    22.9096     7.0185    214.418    7.25954  221.78268     96.679 -9.990e-29
 -9.990e-29  -72.75424      2.439      2.420    21.6259    33.1412 -9.990e-29     0.0416 2.7210e+01  1022.9200    21.6254    22.9095     7.0184    214.417    7.25950  221.78166     96.679 -9.990e-29
 -9.990e-29  -72.75424      2.429      2.411    21.6261    33.1410 -9.990e-29     0.0416 2.5529e+01  1022.9197    21.6256    22.9094     7.0145    214.298    7.25955  221.78312     96.625 -9.990e-29
 -9.990e-29  -72.75424      2.418      2.400    21.6259    33.1410 -9.990e-29     0.0416 2.4891e+01  1022.9197    21.6255    22.9094     7.0185    214.418    7.25954  221.78277     96.679 -9.990e-29
 -9.990e-29  -72.75424      2.418      2.400    21.6257    33.1411 -9.990e-29     0.0416 2.6037e+01  1022.9199    21.6252    22.9095     7.0185    214.418    7.25953  221.78244     96.679 -9.990e-29
 -9.990e-29  -72.75424      2.399      2.381    21.6256    33.1412 -9.990e-29     0.0416 3.5475e+01  1022.9200    21.6251    22.9096     7.0142    214.289    7.25954  221.78291     96.621 -9.990e-29
 -9.990e-29  -72.75424      2.409      2.390    21.6254    33.1411 -9.990e-29     0.0416 4.0829e+01  1022.9199    21.6249    22.9095     7.0139    214.280    7.25955  221.78311     96.617 -9.990e-29
 -9.990e-29  -72.75424      2.388      2.370    21.6254    33.1409 -9.990e-29     0.0416 4.1098e+01  1022.9197    21.6249    22.9094     7.0136    214.270    7.25953  221.78263     96.613 -9.990e-29
 -9.990e-29  -72.75424      2.388      2.370    21.6252    33.1408 -9.990e-29     0.0416 3.8633e+01  1022.9195    21.6248    22.9094     7.0133    214.261    7.25953  221.78261     96.609 -9.990e-29
 -9.990e-29  -72.75424      2.388      2.370    21.6250    33.1410 -9.990e-29     0.0416 3.7456e+01  1022.9199    21.6246    22.9095     7.0131    214.253    7.25955  221.78310     96.605 -9.990e-29
 -9.990e-29  -72.75424      2.378      2.360    21.6250    33.1411 -9.990e-29     0.0416 3.7351e+01  1022.9199    21.6245    22.9096     7.0128    214.246    7.25955  221.78327     96.601 -9.990e-29
 -9.990e-29  -72.75424      2.369      2.351    21.6250    33.1411 -9.990e-29     0.0416 3.6829e+01  1022.9197    21.6246    22.9096     7.0126    214.238    7.25955  221.78315     96.598 -9.990e-29
 -9.990e-29  -72.75424      2.367      2.349    21.6247    33.1411 -9.990e-29     0.0416 3.6451e+01  1022.9200    21.6242    22.9097     7.0124    214.231    7.25954  221.78278     96.595 -9.990e-29
 -9.990e-29  -72.75424      2.358      2.340    21.6247    33.1411 -9.990e-29     0.0416 3.6451e+01  1022.9198    21.6242    22.9097     7.0122    214.226    7.25958  221.78407     96.592 -9.990e-29
 -9.990e-29  -72.75424      2.348      2.330    21.6243    33.1411 -9.990e-29     0.0416 3.4555e+01  1022.9198    21.6239    22.9098     7.0120    214.220    7.25958  221.78423     96.589 -9.990e-29
 -9.990e-29  -72.75424      2.348      2.330    21.6244    33.1413 -9.990e-29     0.0416 3.2850e+01  1022.9201    21.6240    22.9099     7.0118    214.214    7.25957  221.78390     96.587 -9.990e-29
 -9.990e-29  -72.75424      2.358      2.340    21.6243    33.1415 -9.990e-29     0.0416 3.2574e+01  1022.9204    21.6239    22.9101     7.0116    214.208    7.25956  221.78353     96.584 -9.990e-29
 -9.990e-29  -72.75424      2.337      2.319    21.6243    33.1416 -9.990e-29     0.0416 3.8057e+01  1022.9202    21.6239    22.9102     7.0157    214.334    7.25958  221.78412     96.641 -9.990e-29
 -9.990e-29  -72.75424      2.338      2.321    21.6242    33.1416 -9.990e-29     0.0416 4.6859e+01  1022.9204    21.6237    22.9102     7.0113    214.199    7.25958  221.78407     96.580 -9.990e-29
 -9.990e-29  -72.75424      2.337      2.319    21.6243    33.1417 -9.990e-29     0.0416 4.9292e+01  1022.9202    21.6239    22.9103     7.0112    214.194    7.25960  221.78468     96.578 -9.990e-29
 -9.990e-29  -72.75424      2.348      2.330    21.6242    33.1419 -9.990e-29     0.0416 4.9990e+01  1022.9207    21.6238    22.9105     7.0110    214.190    7.25957  221.78390     96.576 -9.990e-29
 -9.990e-29  -72.75424      2.337      2.319    21.6242    33.1420 -9.990e-29     0.0416 5.1997e+01  1022.9206    21.6237    22.9106     7.0066    214.055    7.25958  221.78395     96.515 -9.990e-29
 -9.990e-29  -72.75424      2.327      2.310    21.6243    33.1420 -9.990e-29     0.0416 5.2585e+01  1022.9205    21.6239    22.9106     7.0062    214.042    7.25958  221.78387     96.509 -9.990e-29
 -9.990e-29  -72.75424      2.327      2.310    21.6242    33.1420 -9.990e-29     0.0416 5.1319e+01  1022.9208    21.6237    22.9106     7.0100    214.160    7.25957  221.78374     96.562 -9.990e-29
 -9.990e-29  -72.75424      2.338      2.321    21.6245    33.1419 -9.990e-29     0.0416 4.7567e+01  1022.9203    21.6240    22.9104     7.0100    214.159    7.25960  221.78469     96.562 -9.990e-29
 -9.990e-29  -72.75424      2.327      2.310    21.6248    33.1419 -9.990e-29     0.0416 4.6118e+01  1022.9203    21.6244    22.9104     7.0103    214.168    7.25957  221.78390     96.566 -9.990e-29
 -9.990e-29  -72.75424      2.327      2.310    21.6248    33.1421 -9.990e-29     0.0416 4.5092e+01  1022.9205    21.6243    22.9105     7.0103    214.168    7.25960  221.78460     96.566 -9.990e-29
 -9.990e-29  -72.75424      2.327      2.310    21.6250    33.1422 -9.990e-29     0.0416 3.9957e+01  1022.9206    21.6246    22.9105     7.0103    214.167    7.25958  221.78403     96.566 -9.990e-29
 -9.990e-29  -72.75424      2.327      2.310    21.6252    33.1422 -9.990e-29     0.0416 3.7772e+01  1022.9204    21.6248    22.9104     7.0103    214.167    7.25957  221.78366     96.566 -9.990e-29
 -9.990e-29  -72.75424      2.327      2.310    21.6256    33.1422 -9.990e-29     0.0416 3.6932e+01  1022.9204    21.6251    22.9103     7.0103    214.168    7.25954  221.78288     96.566 -9.990e-29
 -9.990e-29  -72.75424      2.318      2.300    21.6257    33.1422 -9.990e-29     0.0551 2.9163e+01  1022.9202    21.6253    22.9103     7.0104    214.170    7.25958  221.78400     96.567 -9.990e-29
 -9.990e-29  -72.75424      2.327      2.310    21.6257    33.1421 -9.990e-29     0.0551 2.5576e+01  1022.9204    21.6252    22.9102     7.0104    214.173    7.25960  221.78477     96.568 -9.990e-29
 -9.990e-29  -72.75424      2.337      2.319    21.6261    33.1419 -9.990e-29     0.0551 2.5219e+01  1022.9199    21.6257    22.9100     7.0105    214.173    7.25954  221.78297     96.569 -9.990e-29
 -9.990e-29  -72.75424      2.318      2.300    21.6261    33.1417 -9.990e-29     0.0551 2.4728e+01  1022.9198    21.6257    22.9098     7.0106    214.176    7.25956  221.78334     96.570 -9.990e-29
 -9.990e-29  -72.75424      2.327      2.310    21.6261    33.1417 -9.990e-29     0.0551 2.4314e+01  1022.9198    21.6257    22.9098     7.0149    214.310    7.25957  221.78375     96.630 -9.990e-29
 -9.990e-29  -72.75424      2.327      2.310    21.6263    33.1417 -9.990e-29     0.0685 2.4246e+01  1022.9198    21.6258    22.9098     7.0154    214.324    7.25957  221.78375     96.636 -9.990e-29
 -9.990e-29  -72.75424      2.318      2.300    21.6259    33.1415 -9.990e-29     0.0685 3.1670e+01  1022.9197    21.6255    22.9097     7.0158    214.337    7.25958  221.78408     96.642 -9.990e-29
 -9.990e-29  -72.75424      2.327      2.310    21.6260    33.1413 -9.990e-29     0.0551 3.9882e+01  1022.9194    21.6256    22.9095     7.0163    214.350    7.25957  221.78371     96.648 -9.990e-29
 -9.990e-29  -72.75424      2.327      2.310    21.6261    33.1413 -9.990e-29     0.0551 4.1717e+01  1022.9193    21.6257    22.9095     7.0167    214.364    7.25956  221.78338     96.654 -9.990e-29
 -9.990e-29  -72.75424      2.318      2.300    21.6257    33.1414 -9.990e-29     0.0685 4.6947e+01  1022.9198    21.6253    22.9096     7.0171    214.378    7.25957  221.78376     96.661 -9.990e-29
 -9.990e-29  -72.75424      2.327      2.310    21.6259    33.1415 -9.990e-29     0.0685 5.4185e+01  1022.9197    21.6255    22.9097     7.0176    214.392    7.25959  221.78426     96.667 -9.990e-29
 -9.990e-29  -72.75424      2.327      2.310    21.6257    33.1416 -9.990e-29     0.0685 5.6044e+01  1022.9197    21.6253    22.9098     7.0181    214.405    7.25959  221.78426     96.673 -9.990e-29
 -9.990e-29  -72.75424      2.327      2.310    21.6258    33.1416 -9.990e-29     0.0551 5.2831e+01  1022.9199    21.6254    22.9098     7.0185    214.419    7.25959  221.78458     96.679 -9.990e-29
