CalculateIndicators/WaterTemperature/Data/CTD_NYOS/20240913_C19.cnv
* Sea-Bird SBE 9 Data File:
* FileName = C:\Seabird 9 CTD\Data\2024\202409_offshore\20240913_C19.hex
* Software Version Seasave V 7.23.2
* Temperature SN = 4590
* Conductivity SN = 3228
* Number of Bytes Per Scan = 44
* Number of Voltage Words = 5
* Number of Scans Averaged by the Deck Unit = 1
* NMEA Latitude = 40 25.86 N
* NMEA Longitude = 072 50.31 W
* NMEA UTC (Time) = Sep 13 2024  19:17:40
* NMEA baud rate = 4800
** Ship: Seawolf
** Station: 9.2
** Operator: TDK
# nquan = 18
# nvalues = 11270                       
# units = specified
# name 0 = latitude: Latitude [deg]
# name 1 = longitude: Longitude [deg]
# name 2 = prDM: Pressure, Digiquartz [db]
# name 3 = depSM: Depth [salt water, m]
# name 4 = t090C: Temperature [ITS-90, deg C]
# name 5 = sal00: Salinity, Practical [PSU]
# name 6 = ph: pH
# name 7 = flECO-AFL: Fluorescence, WET Labs ECO-AFL/FL [mg/m^3]
# name 8 = cpar: CPAR/Corrected Irradiance [%]
# name 9 = density00: Density [density, kg/m^3]
# name 10 = potemp090C: Potential Temperature [ITS-90, deg C]
# name 11 = sigma-é00: Density [sigma-theta, kg/m^3]
# name 12 = sbeox0Mg/L: Oxygen, SBE 43 [mg/l]
# name 13 = sbox0Mm/Kg: Oxygen, SBE 43 [umol/kg]
# name 14 = oxsolMg/L: Oxygen Saturation, Garcia & Gordon [mg/l]
# name 15 = oxsolMm/Kg: Oxygen Saturation, Garcia & Gordon [umol/kg]
# name 16 = sbeox0PS: Oxygen, SBE 43 [% saturation]
# name 17 = flag:  0.000e+00
# span 0 =   40.43104,   40.43184       
# span 1 =  -72.83978,  -72.83854       
# span 2 =      1.777,     39.379       
# span 3 =      1.763,     39.072       
# span 4 =    10.3164,    21.9068       
# span 5 =    30.9997,    32.0825       
# span 6 =      7.840,      8.205       
# span 7 =     0.0148,     2.9562       
# span 8 = 1.3753e-01, 1.1647e+02       
# span 9 =  1021.3048,  1024.6190       
# span 10 =    10.3120,    21.9063      
# span 11 =    21.3179,    24.4434      
# span 12 =     6.4400,     8.6416      
# span 13 =    196.497,    263.760      
# span 14 =    7.30654,    9.14610      
# span 15 =  223.56179,  279.00335      
# span 16 =     72.026,    106.643      
# span 17 = 0.0000e+00, 0.0000e+00      
# interval = seconds: 0.0416667
# start_time = Sep 13 2024 19:17:40 [System UTC, first data scan.]
# bad_flag = -9.990e-29
*END*
[from data line 1287]
   40.43112  -72.83870     25.289     25.092    13.3650    31.7821      8.112     0.3103 2.3220e+00  1023.9424    13.3616    23.8303     8.5873    262.096    8.62983  263.39471     99.507 -9.990e-29
   40.43112  -72.83870     25.279     25.083    13.3400    31.7895      8.112     0.3103 2.3199e+00  1023.9536    13.3366    23.8400     8.5815    261.920    8.63039  263.41249     99.434 -9.990e-29
   40.43112  -72.83870     25.298     25.102    13.3252    31.7957      8.107     0.3103 2.3178e+00  1023.9636    13.3218    23.8476     8.5771    261.786    8.63218  263.46778     99.362 -9.990e-29
   40.43112  -72.83870     25.298     25.102    13.3220    31.7977      8.107     0.3103 2.3244e+00  1023.9657    13.3186    23.8504     8.5719    261.627    8.63264  263.47988     99.297 -9.990e-29
   40.43112  -72.83870     25.298     25.102    13.3227    31.7957      8.107     0.3103 2.3264e+00  1023.9617    13.3192    23.8494     8.5643    261.392    8.63062  263.41704     99.231 -9.990e-29
   40.43112  -72.83870     25.309     25.113    13.3181    31.7924      8.107     0.3103 2.3264e+00  1023.9607    13.3147    23.8475     8.5620    261.325    8.62868  263.36030     99.227 -9.990e-29
   40.43112  -72.83870     25.309     25.113    13.3126    31.7886      8.107     0.3103 2.3264e+00  1023.9585    13.3092    23.8457     8.5536    261.074    8.63026  263.41418     99.111 -9.990e-29
   40.43112  -72.83870     25.319     25.122    13.3066    31.7849      8.107     0.3103 2.3244e+00  1023.9561    13.3032    23.8441     8.5534    261.070    8.63495  263.55905     99.056 -9.990e-29
   40.43112  -72.83870     25.319     25.122    13.2978    31.7824      8.107     0.3103 2.3309e+00  1023.9560    13.2944    23.8437     8.5520    261.024    8.63821  263.65465     99.002 -9.990e-29
   40.43112  -72.83870     25.335     25.139    13.2897    31.7811      8.107     0.2968 2.3309e+00  1023.9574    13.2863    23.8440     8.5488    260.924    8.63897  263.67505     98.957 0.0000e+00
   40.43112  -72.83870     25.340     25.143    13.2857    31.7803      8.107     0.3103 2.3309e+00  1023.9570    13.2823    23.8447     8.5404    260.667    8.64021  263.71357     98.845 -9.990e-29
   40.43112  -72.83870     25.340     25.143    13.2781    31.7798      8.107     0.3103 2.3309e+00  1023.9590    13.2747    23.8456     8.5438    260.770    8.64286  263.79426     98.854 -9.990e-29
   40.43112  -72.83870     25.340     25.143    13.2698    31.7788      8.102     0.3103 2.3375e+00  1023.9599    13.2664    23.8463     8.5365    260.545    8.64454  263.84408     98.750 -9.990e-29
   40.43112  -72.83870     25.360     25.163    13.2642    31.7771      8.102     0.3103 2.3462e+00  1023.9591    13.2608    23.8462     8.5329    260.436    8.64562  263.87712     98.696 -9.990e-29
   40.43112  -72.83870     25.360     25.163    13.2592    31.7760      8.102     0.3103 2.3462e+00  1023.9587    13.2558    23.8464     8.5308    260.374    8.64781  263.94432     98.647 -9.990e-29
   40.43112  -72.83870     25.360     25.163    13.2532    31.7755      8.102     0.2968 2.3549e+00  1023.9607    13.2498    23.8472     8.5293    260.325    8.65010  264.01341     98.603 -9.990e-29
   40.43112  -72.83870     25.370     25.173    13.2485    31.7748      8.102     0.3103 2.3615e+00  1023.9609    13.2451    23.8478     8.5276    260.274    8.65193  264.06803     98.563 0.0000e+00
   40.43112  -72.83870     25.379     25.183    13.2405    31.7741      8.102     0.3103 2.3615e+00  1023.9611    13.2371    23.8488     8.5194    260.021    8.65275  264.09002     98.459 -9.990e-29
   40.43112  -72.83870     25.379     25.183    13.2302    31.7741      8.102     0.2968 2.3615e+00  1023.9639    13.2268    23.8504     8.5131    259.826    8.65103  264.03469     98.406 -9.990e-29
   40.43112  -72.83870     25.391     25.193    13.2233    31.7741      8.102     0.2968 2.3636e+00  1023.9658    13.2199    23.8518     8.5077    259.660    8.64913  263.97787     98.364 0.0000e+00
   40.43112  -72.83870     25.411     25.214    13.2176    31.7731      8.102     0.3103 2.3657e+00  1023.9659    13.2142    23.8525     8.4991    259.401    8.64951  263.99266     98.261 -9.990e-29
   40.43112  -72.83870     25.400     25.203    13.2096    31.7720      8.102     0.3103 2.3657e+00  1023.9651    13.2062    23.8531     8.4978    259.365    8.65186  264.06632     98.220 -9.990e-29
   40.43112  -72.83870     25.430     25.233    13.2004    31.7723      8.103     0.2968 2.3591e+00  1023.9683    13.1970    23.8549     8.4970    259.339    8.65464  264.15138     98.178 -9.990e-29
   40.43112  -72.83870     25.430     25.233    13.1936    31.7735      8.103     0.3103 2.3546e+00  1023.9708    13.1902    23.8573     8.4955    259.294    8.65695  264.22080     98.135 -9.990e-29
   40.43112  -72.83870     25.426     25.229    13.1850    31.7740      8.098     0.3103 2.3546e+00  1023.9738    13.1816    23.8591     8.4941    259.247    8.65865  264.27079     98.099 -9.990e-29
   40.43112  -72.83870     25.461     25.263    13.1827    31.7724      8.098     0.3103 2.3434e+00  1023.9736    13.1793    23.8588     8.4915    259.169    8.65940  264.29173     98.062 -9.990e-29
   40.43112  -72.83870     25.461     25.263    13.1778    31.7687      8.098     0.3103 2.3368e+00  1023.9699    13.1744    23.8572     8.4840    258.938    8.65990  264.30663     97.969 -9.990e-29
   40.43112  -72.83870     25.472     25.274    13.1667    31.7657      8.098     0.2968 2.3282e+00  1023.9686    13.1633    23.8567     8.4817    258.869    8.66096  264.33967     97.931 0.0000e+00
   40.43112  -72.83870     25.492     25.295    13.1536    31.7655      8.098     0.3103 2.3086e+00  1023.9717    13.1502    23.8588     8.4746    258.651    8.66245  264.38536     97.831 0.0000e+00
   40.43112  -72.83870     25.502     25.304    13.1433    31.7670      8.098     0.3103 2.2956e+00  1023.9770    13.1399    23.8619     8.4723    258.581    8.66405  264.43401     97.787 0.0000e+00
   40.43112  -72.83870     25.512     25.314    13.1380    31.7679      8.098     0.3103 2.2956e+00  1023.9780    13.1346    23.8639     8.4699    258.508    8.66554  264.47892     97.742 0.0000e+00
   40.43112  -72.83870     25.532     25.334    13.1313    31.7683      8.093     0.3103 2.2699e+00  1023.9788    13.1279    23.8655     8.4674    258.430    8.66627  264.49905     97.705 -9.990e-29
   40.43112  -72.83870     25.532     25.334    13.1244    31.7693      8.093     0.2968 2.2552e+00  1023.9817    13.1210    23.8675     8.4582    258.147    8.66560  264.47684     97.607 -9.990e-29
   40.43112  -72.83870     25.553     25.355    13.1188    31.7704      8.093     0.2968 2.2532e+00  1023.9838    13.1154    23.8696     8.4545    258.036    8.66504  264.46089     97.570 0.0000e+00
   40.43112  -72.83870     25.574     25.375    13.1136    31.7711      8.093     0.2968 2.1702e+00  1023.9856    13.1102    23.8711     8.4516    257.948    8.66576  264.48441     97.529 0.0000e+00
   40.43112  -72.83870     25.583     25.385    13.1084    31.7713      8.093     0.2968 2.1159e+00  1023.9866    13.1050    23.8723     8.4447    257.739    8.66714  264.52749     97.434 0.0000e+00
   40.43112  -72.83870     25.604     25.405    13.1044    31.7707      8.088     0.3103 2.1081e+00  1023.9879    13.1010    23.8726     8.4432    257.693    8.66900  264.58418     97.395 0.0000e+00
   40.43112  -72.83870     25.625     25.426    13.1021    31.7692      8.088     0.2968 2.1361e+00  1023.9857    13.0987    23.8724     8.4423    257.664    8.67068  264.63494     97.366 0.0000e+00
   40.43112  -72.83870     25.644     25.445    13.0950    31.7694      8.093     0.2968 2.1603e+00  1023.9857    13.0916    23.8735     8.4353    257.449    8.67150  264.65818     97.276 0.0000e+00
   40.43112  -72.83870     25.655     25.456    13.0874    31.7758      8.088     0.2968 2.1664e+00  1023.9896    13.0840    23.8792     8.4323    257.357    8.67142  264.65522     97.242 0.0000e+00
   40.43112  -72.83870     25.674     25.475    13.0861    31.7875      8.088     0.2968 2.1603e+00  1024.0071    13.0827    23.8879     8.4252    257.140    8.67176  264.66574     97.157 0.0000e+00
   40.43112  -72.83870     25.695     25.495    13.1033    31.7949      8.088     0.2968 2.1501e+00  1024.0115    13.0999    23.8916     8.4288    257.252    8.67254  264.69032     97.190 0.0000e+00
   40.43112  -72.83870     25.715     25.516    13.1171    31.7920      8.088     0.2968 2.1440e+00  1024.0043    13.1137    23.8870     8.4230    257.076    8.67376  264.72745     97.110 0.0000e+00
   40.43112  -72.83870     25.725     25.525    13.1284    31.7799      8.083     0.2968 2.1399e+00  1023.9934    13.1250    23.8761     8.4221    257.047    8.67488  264.76134     97.086 0.0000e+00
   40.43112  -72.83870     25.757     25.557    13.1301    31.7633      8.083     0.3103 2.1279e+00  1023.9740    13.1267    23.8636     8.4169    256.887    8.67614  264.80008     97.012 0.0000e+00
   40.43112  -72.83870     25.766     25.566    13.1098    31.7519      8.083     0.2968 2.1257e+00  1023.9660    13.1063    23.8574     8.4168    256.885    8.67761  264.84453     96.995 0.0000e+00
   40.43112  -72.83870     25.797     25.596    13.0883    31.7533      8.083     0.2968 2.1197e+00  1023.9722    13.0848    23.8618     8.4161    256.863    8.67876  264.87846     96.974 0.0000e+00
   40.43112  -72.83870     25.817     25.617    13.0740    31.7640      8.083     0.2968 2.1156e+00  1023.9905    13.0705    23.8724     8.4146    256.815    8.67886  264.87894     96.956 0.0000e+00
   40.43112  -72.83870     25.848     25.647    13.0735    31.7729      8.083     0.2968 2.1097e+00  1024.0006    13.0700    23.8804     8.4128    256.757    8.67772  264.84352     96.947 0.0000e+00
   40.43112  -72.83870     25.868     25.668    13.0717    31.7743      8.078     0.3103 2.1018e+00  1023.9977    13.0682    23.8823     8.4059    256.547    8.67726  264.83002     96.872 0.0000e+00
   40.43112  -72.83870     25.899     25.698    13.0630    31.7742      8.083     0.2968 2.0882e+00  1023.9960    13.0595    23.8831     8.3990    256.338    8.67717  264.82822     96.794 0.0000e+00
   40.43112  -72.83870     25.919     25.718    13.0582    31.7776      8.078     0.3103 2.0764e+00  1024.0028    13.0548    23.8861     8.3975    256.293    8.67740  264.83588     96.774 0.0000e+00
   40.43112  -72.83870     25.950     25.748    13.0667    31.7794      8.078     0.3103 2.0746e+00  1024.0083    13.0633    23.8865     8.3965    256.262    8.67780  264.84883     96.758 0.0000e+00
   40.43112  -72.83870     25.959     25.758    13.0804    31.7708      8.078     0.3103 2.0611e+00  1023.9986    13.0769    23.8786     8.3969    256.277    8.67934  264.89788     96.746 0.0000e+00
   40.43112  -72.83870     25.990     25.788    13.0800    31.7548      8.073     0.2968 2.0535e+00  1023.9769    13.0766    23.8667     8.3945    256.204    8.68243  264.99326     96.683 0.0000e+00
   40.43112  -72.83870     26.010     25.808    13.0580    31.7454      8.073     0.3103 2.0535e+00  1023.9704    13.0546    23.8623     8.3965    256.265    8.68548  265.08538     96.673 0.0000e+00
   40.43112  -72.83870     26.052     25.849    13.0360    31.7488      8.073     0.2968 2.0420e+00  1023.9848    13.0325    23.8682     8.3975    256.293    8.68715  265.13379     96.665 0.0000e+00
   40.43112  -72.83870     26.082     25.879    13.0279    31.7550      8.073     0.2968 2.0362e+00  1023.9964    13.0244    23.8753     8.3970    256.275    8.68700  265.12709     96.661 0.0000e+00
   40.43112  -72.83870     26.101     25.898    13.0224    31.7560      8.073     0.3103 2.0362e+00  1023.9939    13.0189    23.8778     8.3963    256.255    8.68642  265.10877     96.660 0.0000e+00
   40.43112  -72.83870     26.133     25.930    13.0086    31.7554      8.073     0.2968 2.0266e+00  1023.9943    13.0051    23.8794     8.3906    256.082    8.68644  265.11092     96.594 0.0000e+00
   40.43112  -72.83870     26.173     25.969    12.9975    31.7560      8.073     0.3103 2.0209e+00  1024.0007    12.9941    23.8818     8.3922    256.133    8.68808  265.16188     96.595 0.0000e+00
   40.43112  -72.83870     26.203     26.000    12.9922    31.7553      8.073     0.2968 2.0209e+00  1024.0002    12.9887    23.8830     8.3881    256.007    8.68960  265.20761     96.531 0.0000e+00
   40.43112  -72.83870     26.224     26.020    12.9812    31.7537      8.073     0.3103 2.0152e+00  1023.9993    12.9777    23.8837     8.3883    256.010    8.69026  265.22686     96.525 0.0000e+00
   40.43112  -72.83870     26.254     26.050    12.9683    31.7542      8.073     0.2968 2.0152e+00  1024.0023    12.9648    23.8863     8.3890    256.032    8.69117  265.25459     96.523 0.0000e+00
   40.43112  -72.83870     26.284     26.080    12.9572    31.7593      8.068     0.3103 2.0134e+00  1024.0068    12.9538    23.8922     8.3905    256.077    8.69247  265.29424     96.526 0.0000e+00
   40.43112  -72.83870     26.315     26.110    12.9485    31.7691      8.068     0.3103 2.0060e+00  1024.0194    12.9450    23.9008     8.3866    255.959    8.69343  265.32310     96.471 0.0000e+00
   40.43112  -72.83870     26.346     26.142    12.9535    31.7773      8.068     0.2968 2.0003e+00  1024.0301    12.9501    23.9067     8.3870    255.972    8.69418  265.34553     96.467 0.0000e+00
   40.43112  -72.83870     26.386     26.181    12.9648    31.7762      8.068     0.2968 2.0021e+00  1024.0264    12.9613    23.9048     8.3878    255.994    8.69487  265.36645     96.468 0.0000e+00
   40.43112  -72.83870     26.407     26.202    12.9675    31.7667      8.068     0.3103 2.0021e+00  1024.0136    12.9640    23.8973     8.3881    256.001    8.69480  265.36145     96.473 0.0000e+00
   40.43112  -72.83870     26.447     26.241    12.9582    31.7569      8.068     0.3103 1.9947e+00  1024.0058    12.9547    23.8910     8.3808    255.776    8.69272  265.29649     96.411 0.0000e+00
   40.43112  -72.83870     26.478     26.273    12.9439    31.7523      8.063     0.3103 1.9947e+00  1024.0056    12.9404    23.8898     8.3789    255.719    8.69098  265.24466     96.409 0.0000e+00
   40.43112  -72.83870     26.509     26.303    12.9305    31.7535      8.063     0.2834 1.9947e+00  1024.0099    12.9270    23.8931     8.3785    255.710    8.69043  265.23032     96.411 0.0000e+00
   40.43112  -72.83870     26.539     26.333    12.9189    31.7584      8.063     0.2700 1.9891e+00  1024.0177    12.9154    23.8990     8.3741    255.577    8.69081  265.24377     96.355 0.0000e+00
   40.43112  -72.83870     26.569     26.363    12.9123    31.7634      8.063     0.2565 1.9835e+00  1024.0253    12.9088    23.9042     8.3758    255.630    8.69218  265.28665     96.360 0.0000e+00
   40.43112  -72.83870     26.604     26.397    12.9093    31.7648      8.063     0.2700 1.9835e+00  1024.0267    12.9058    23.9062     8.3780    255.699    8.69371  265.33331     96.369 0.0000e+00
   40.43112  -72.83870     26.630     26.423    12.9048    31.7626      8.063     0.2565 1.9779e+00  1024.0241    12.9013    23.9056     8.3749    255.603    8.69545  265.38696     96.313 0.0000e+00
   40.43114  -72.83872     26.671     26.464    12.8976    31.7601      8.063     0.2565 1.9723e+00  1024.0230    12.8940    23.9049     8.3826    255.839    8.69760  265.45230     96.379 0.0000e+00
   40.43114  -72.83872     26.702     26.494    12.8890    31.7594      8.058     0.2700 1.9706e+00  1024.0240    12.8855    23.9059     8.3799    255.755    8.69963  265.51420     96.324 0.0000e+00
   40.43114  -72.83872     26.732     26.524    12.8802    31.7620      8.063     0.2700 1.9595e+00  1024.0269    12.8767    23.9093     8.3822    255.827    8.70168  265.57639     96.329 0.0000e+00
