CalculateIndicators/WaterTemperature/Data/CTD_NYOS/20240709_C10.cnv
* Sea-Bird SBE 9 Data File:
* FileName = C:\Seabird 9 CTD\Data\2024\202407_offshore\20240709_C10.hex
* Software Version Seasave V 7.23.2
* Temperature SN = 4590
* Conductivity SN = 3228
* Number of Bytes Per Scan = 44
* Number of Voltage Words = 5
* Number of Scans Averaged by the Deck Unit = 1
* NMEA Latitude = 39 06.89 N
* NMEA Longitude = 072 25.68 W
* NMEA UTC (Time) = Jul 09 2024  10:25:21
* NMEA baud rate = 4800
** Ship: seawolf
** Station: 8.7
** Operator: TCM
# nquan = 18
# nvalues = 20770                       
# units = specified
# name 0 = latitude: Latitude [deg]
# name 1 = longitude: Longitude [deg]
# name 2 = prDM: Pressure, Digiquartz [db]
# name 3 = depSM: Depth [salt water, m]
# name 4 = t090C: Temperature [ITS-90, deg C]
# name 5 = sal00: Salinity, Practical [PSU]
# name 6 = ph: pH
# name 7 = flECO-AFL: Fluorescence, WET Labs ECO-AFL/FL [mg/m^3]
# name 8 = cpar: CPAR/Corrected Irradiance [%]
# name 9 = density00: Density [density, kg/m^3]
# name 10 = potemp090C: Potential Temperature [ITS-90, deg C]
# name 11 = sigma-é00: Density [sigma-theta, kg/m^3]
# name 12 = sbeox0Mg/L: Oxygen, SBE 43 [mg/l]
# name 13 = sbox0Mm/Kg: Oxygen, SBE 43 [umol/kg]
# name 14 = oxsolMg/L: Oxygen Saturation, Garcia & Gordon [mg/l]
# name 15 = oxsolMm/Kg: Oxygen Saturation, Garcia & Gordon [umol/kg]
# name 16 = sbeox0PS: Oxygen, SBE 43 [% saturation]
# name 17 = flag:  0.000e+00
# span 0 =   39.11480,   39.11494       
# span 1 =  -72.43058,  -72.42808       
# span 2 =      2.176,    102.106       
# span 3 =      2.160,    101.307       
# span 4 =    13.2998,    26.5860       
# span 5 =    34.4236,    36.3109       
# span 6 =      8.011,      8.232       
# span 7 =    -0.0927,     1.5325       
# span 8 = 9.7777e-03, 3.8468e+01       
# span 9 =  1022.4915,  1027.3252       
# span 10 =    13.2855,    26.5821      
# span 11 =    22.4806,    26.8721      
# span 12 =     4.5377,     7.3835      
# span 13 =    138.109,    225.019      
# span 14 =    6.56782,    8.38447      
# span 15 =  200.56202,  255.17140      
# span 16 =     54.893,    103.438      
# span 17 = 0.0000e+00, 0.0000e+00      
# interval = seconds: 0.0416667
# start_time = Jul 09 2024 10:25:23 [System UTC, first data scan.]
# bad_flag = -9.990e-29
*END*
[from data line 5709]
   39.11488  -72.42890    101.077    100.286    13.4544    35.7009 -9.990e-29    -0.0524 1.3315e-02  1027.2949    13.4401    26.8461     4.6684    142.081    8.36706  254.64815     55.795 -9.990e-29
   39.11488  -72.42890    101.075    100.284    13.4601    35.7022 -9.990e-29    -0.0524 1.3525e-02  1027.2957    13.4458    26.8471     4.6684    142.081    8.36742  254.65751     55.793 -9.990e-29
   39.11488  -72.42890    101.087    100.295    13.4661    35.7022 -9.990e-29    -0.0524 1.3630e-02  1027.2934    13.4518    26.8457     4.6678    142.060    8.36771  254.66513     55.783 -9.990e-29
   39.11488  -72.42890    101.077    100.286    13.4720    35.7034 -9.990e-29    -0.0524 1.3630e-02  1027.2899    13.4577    26.8435     4.6672    142.042    8.36814  254.67845     55.773 -9.990e-29
   39.11488  -72.42890    101.087    100.295    13.4777    35.7034 -9.990e-29    -0.0524 1.3841e-02  1027.2886    13.4634    26.8422     4.6620    141.883    8.36858  254.69144     55.708 -9.990e-29
   39.11488  -72.42890    101.098    100.307    13.4838    35.7034 -9.990e-29    -0.0658 1.4053e-02  1027.2895    13.4695    26.8420     4.6613    141.862    8.36883  254.69841     55.698 -9.990e-29
   39.11488  -72.42890    101.087    100.295    13.4903    35.7034 -9.990e-29    -0.0524 1.4053e-02  1027.2896    13.4760    26.8417     4.6657    141.997    8.36896  254.70174     55.750 -9.990e-29
   39.11488  -72.42890    101.106    100.315    13.4964    35.7034 -9.990e-29    -0.0524 1.3525e-02  1027.2888    13.4821    26.8401     4.6655    141.991    8.36898  254.70220     55.748 -9.990e-29
   39.11488  -72.42890    101.107    100.316    13.5022    35.7007 -9.990e-29    -0.0524 1.3004e-02  1027.2850    13.4879    26.8363     4.6602    141.828    8.36908  254.70501     55.683 -9.990e-29
   39.11488  -72.42890    101.117    100.326    13.5064    35.6945 -9.990e-29    -0.0524 1.3004e-02  1027.2776    13.4921    26.8306     4.6595    141.806    8.36920  254.70886     55.674 -9.990e-29
   39.11488  -72.42890    101.128    100.337    13.5084    35.6882 -9.990e-29    -0.0658 1.3420e-02  1027.2713    13.4941    26.8252     4.6581    141.766    8.36929  254.71132     55.658 -9.990e-29
   39.11488  -72.42890    101.128    100.337    13.5094    35.6839 -9.990e-29    -0.0524 1.3841e-02  1027.2681    13.4951    26.8217     4.6574    141.743    8.36928  254.71078     55.648 -9.990e-29
   39.11488  -72.42890    101.149    100.357    13.5098    35.6814 -9.990e-29    -0.0524 1.3841e-02  1027.2671    13.4954    26.8196     4.6567    141.724    8.36948  254.71701     55.640 -9.990e-29
   39.11488  -72.42890    101.148    100.356    13.5099    35.6780 -9.990e-29    -0.0524 1.4266e-02  1027.2666    13.4956    26.8170     4.6562    141.709    8.36985  254.72889     55.631 -9.990e-29
   39.11488  -72.42890    101.170    100.378    13.5101    35.6700 -9.990e-29    -0.0524 1.4697e-02  1027.2612    13.4958    26.8110     4.6552    141.677    8.37031  254.74299     55.616 -9.990e-29
   39.11488  -72.42890    101.180    100.388    13.5083    35.6580 -9.990e-29    -0.0524 1.4914e-02  1027.2480    13.4939    26.8021     4.6554    141.683    8.37077  254.75718     55.615 -9.990e-29
   39.11488  -72.42890    101.189    100.397    13.5029    35.6480 -9.990e-29    -0.0524 1.4805e-02  1027.2395    13.4886    26.7953     4.6551    141.675    8.37140  254.77718     55.607 -9.990e-29
   39.11488  -72.42890    101.210    100.418    13.4967    35.6480 -9.990e-29    -0.0658 1.4589e-02  1027.2392    13.4824    26.7937     4.6549    141.670    8.37216  254.80087     55.600 -9.990e-29
   39.11488  -72.42890    101.221    100.429    13.4904    35.6480 -9.990e-29    -0.0524 1.4589e-02  1027.2440    13.4761    26.7958     4.6547    141.663    8.37279  254.81952     55.593 -9.990e-29
   39.11488  -72.42890    101.241    100.448    13.4860    35.6485 -9.990e-29    -0.0524 1.4589e-02  1027.2461    13.4717    26.7990     4.6550    141.672    8.37319  254.83135     55.594 -9.990e-29
   39.11488  -72.42890    101.252    100.459    13.4811    35.6522 -9.990e-29    -0.0524 1.4697e-02  1027.2511    13.4668    26.8029     4.6553    141.681    8.37354  254.84186     55.596 -9.990e-29
   39.11488  -72.42890    101.261    100.469    13.4775    35.6559 -9.990e-29    -0.0524 1.4805e-02  1027.2551    13.4632    26.8065     4.6550    141.672    8.37386  254.85155     55.590 -9.990e-29
   39.11488  -72.42890    101.282    100.490    13.4743    35.6589 -9.990e-29    -0.0524 1.4589e-02  1027.2576    13.4600    26.8095     4.6495    141.504    8.37409  254.85790     55.523 -9.990e-29
   39.11488  -72.42890    101.303    100.510    13.4720    35.6618 -9.990e-29    -0.0524 1.3630e-02  1027.2599    13.4577    26.8123     4.6538    141.635    8.37422  254.86142     55.573 -9.990e-29
   39.11488  -72.42890    101.324    100.531    13.4694    35.6654 -9.990e-29    -0.0524 1.3107e-02  1027.2642    13.4551    26.8154     4.6541    141.644    8.37433  254.86434     55.576 -9.990e-29
   39.11488  -72.42890    101.334    100.541    13.4683    35.6687 -9.990e-29    -0.0658 1.3107e-02  1027.2670    13.4539    26.8182     4.6539    141.636    8.37442  254.86656     55.572 -9.990e-29
   39.11488  -72.42890    101.343    100.550    13.4682    35.6687 -9.990e-29    -0.0524 1.3708e-02  1027.2692    13.4539    26.8202     4.6537    141.629    8.37456  254.87092     55.569 -9.990e-29
   39.11488  -72.42890    101.375    100.582    13.4681    35.6687 -9.990e-29    -0.0524 1.3920e-02  1027.2711    13.4538    26.8204     4.6535    141.626    8.37483  254.87938     55.566 -9.990e-29
   39.11488  -72.42890    101.386    100.593    13.4681    35.6684 -9.990e-29    -0.0524 1.4027e-02  1027.2669    13.4538    26.8183     4.6535    141.623    8.37512  254.88830     55.563 -9.990e-29
   39.11488  -72.42890    101.417    100.623    13.4666    35.6647 -9.990e-29    -0.0524 1.4027e-02  1027.2632    13.4522    26.8156     4.6534    141.620    8.37536  254.89519     55.560 -9.990e-29
   39.11488  -72.42890    101.417    100.623    13.4644    35.6623 -9.990e-29    -0.0524 1.4027e-02  1027.2626    13.4501    26.8142     4.6533    141.618    8.37554  254.90044     55.558 -9.990e-29
   39.11488  -72.42890    101.459    100.664    13.4625    35.6596 -9.990e-29    -0.0524 1.4108e-02  1027.2638    13.4482    26.8125     4.6532    141.615    8.37572  254.90596     55.556 -9.990e-29
   39.11488  -72.42890    101.468    100.674    13.4613    35.6529 -9.990e-29    -0.0658 1.4108e-02  1027.2584    13.4469    26.8077     4.6485    141.473    8.37583  254.90906     55.500 -9.990e-29
   39.11488  -72.42890    101.478    100.684    13.4588    35.6436 -9.990e-29    -0.0658 1.4108e-02  1027.2479    13.4445    26.8011     4.6485    141.471    8.37581  254.90829     55.499 -9.990e-29
   39.11488  -72.42890    101.510    100.715    13.4538    35.6436 -9.990e-29    -0.0658 1.4108e-02  1027.2432    13.4394    26.7977     4.6484    141.470    8.37569  254.90406     55.499 -9.990e-29
   39.11488  -72.42890    101.520    100.725    13.4479    35.6436 -9.990e-29    -0.0792 1.3894e-02  1027.2468    13.4335    26.8002     4.6537    141.628    8.37556  254.89955     55.562 -9.990e-29
   39.11488  -72.42890    101.531    100.736    13.4425    35.6473 -9.990e-29    -0.0792 1.3681e-02  1027.2567    13.4281    26.8069     4.6491    141.490    8.37543  254.89535     55.509 -9.990e-29
   39.11488  -72.42890    101.561    100.766    13.4384    35.6544 -9.990e-29    -0.0658 1.3654e-02  1027.2654    13.4241    26.8133     4.6493    141.495    8.37531  254.89161     55.512 -9.990e-29
   39.11488  -72.42890    101.582    100.787    13.4364    35.6579 -9.990e-29    -0.0658 1.3231e-02  1027.2670    13.4221    26.8165     4.6547    141.661    8.37523  254.88905     55.577 -9.990e-29
   39.11488  -72.42890    101.603    100.808    13.4340    35.6583 -9.990e-29    -0.0658 1.2295e-02  1027.2674    13.4197    26.8175     4.6504    141.528    8.37507  254.88431     55.527 -9.990e-29
   39.11488  -72.42890    101.613    100.817    13.4322    35.6583 -9.990e-29    -0.0658 1.1988e-02  1027.2675    13.4179    26.8179     4.6501    141.521    8.37500  254.88186     55.524 -9.990e-29
   39.11488  -72.42890    101.633    100.838    13.4302    35.6583 -9.990e-29    -0.0792 1.2295e-02  1027.2681    13.4158    26.8182     4.6552    141.675    8.37503  254.88312     55.584 -9.990e-29
   39.11488  -72.42890    101.653    100.857    13.4283    35.6576 -9.990e-29    -0.0792 1.3308e-02  1027.2685    13.4140    26.8179     4.6563    141.710    8.37510  254.88551     55.597 -9.990e-29
   39.11488  -72.42890    101.675    100.879    13.4266    35.6547 -9.990e-29    -0.0658 1.3627e-02  1027.2679    13.4123    26.8161     4.6569    141.726    8.37513  254.88615     55.604 -9.990e-29
   39.11488  -72.42890    101.685    100.889    13.4248    35.6483 -9.990e-29    -0.0792 1.3627e-02  1027.2628    13.4104    26.8117     4.6521    141.582    8.37499  254.88162     55.548 -9.990e-29
   39.11488  -72.42890    101.715    100.919    13.4218    35.6400 -9.990e-29    -0.0658 1.3308e-02  1027.2548    13.4074    26.8058     4.6572    141.734    8.37470  254.87247     55.610 -9.990e-29
   39.11488  -72.42890    101.726    100.930    13.4179    35.6371 -9.990e-29    -0.0658 1.3280e-02  1027.2493    13.4035    26.8019     4.6577    141.751    8.37456  254.86834     55.617 -9.990e-29
   39.11488  -72.42890    101.736    100.940    13.4125    35.6371 -9.990e-29    -0.0792 1.3280e-02  1027.2508    13.3982    26.8023     4.6583    141.770    8.37452  254.86732     55.625 -9.990e-29
   39.11488  -72.42890    101.747    100.951    13.4073    35.6371 -9.990e-29    -0.0658 1.3386e-02  1027.2559    13.3929    26.8064     4.6538    141.633    8.37456  254.86902     55.571 -9.990e-29
   39.11488  -72.42890    101.788    100.991    13.4025    35.6428 -9.990e-29    -0.0658 1.3493e-02  1027.2635    13.3882    26.8117     4.6539    141.635    8.37448  254.86656     55.572 -9.990e-29
   39.11488  -72.42890    101.788    100.991    13.3995    35.6468 -9.990e-29    -0.0658 1.3573e-02  1027.2675    13.3852    26.8154     4.6539    141.636    8.37428  254.86031     55.574 -9.990e-29
   39.11488  -72.42890    101.808    101.011    13.3972    35.6482 -9.990e-29    -0.0658 1.2828e-02  1027.2676    13.3828    26.8172     4.6540    141.639    8.37402  254.85243     55.577 -9.990e-29
   39.11488  -72.42890    101.819    101.022    13.3945    35.6493 -9.990e-29    -0.0658 1.2305e-02  1027.2686    13.3802    26.8185     4.6593    141.801    8.37378  254.84512     55.642 -9.990e-29
   39.11488  -72.42890    101.850    101.053    13.3921    35.6513 -9.990e-29    -0.0792 1.2378e-02  1027.2714    13.3778    26.8205     4.6543    141.648    8.37364  254.84081     55.583 -9.990e-29
   39.11488  -72.42890    101.850    101.053    13.3906    35.6535 -9.990e-29    -0.0792 1.2066e-02  1027.2737    13.3763    26.8225     4.6540    141.637    8.37355  254.83839     55.579 -9.990e-29
   39.11488  -72.42890    101.871    101.073    13.3899    35.6549 -9.990e-29    -0.0792 1.1963e-02  1027.2753    13.3756    26.8237     4.6543    141.647    8.37351  254.83771     55.583 -9.990e-29
   39.11488  -72.42890    101.881    101.083    13.3894    35.6551 -9.990e-29    -0.0658 1.1963e-02  1027.2753    13.3751    26.8240     4.6547    141.659    8.37352  254.83814     55.588 -9.990e-29
   39.11488  -72.42890    101.892    101.094    13.3891    35.6552 -9.990e-29    -0.0524 1.2138e-02  1027.2745    13.3747    26.8243     4.6545    141.655    8.37355  254.83935     55.586 -9.990e-29
   39.11488  -72.42890    101.911    101.113    13.3879    35.6552 -9.990e-29    -0.0524 1.2243e-02  1027.2764    13.3736    26.8249     4.6544    141.650    8.37358  254.84018     55.584 -9.990e-29
   39.11488  -72.42890    101.922    101.124    13.3877    35.6552 -9.990e-29    -0.0524 1.2347e-02  1027.2771    13.3734    26.8254     4.6594    141.803    8.37347  254.83682     55.645 -9.990e-29
   39.11488  -72.42890    101.932    101.134    13.3869    35.6552 -9.990e-29    -0.0524 1.2875e-02  1027.2765    13.3725    26.8247     4.6545    141.655    8.37325  254.82965     55.588 -9.990e-29
   39.11488  -72.42890    101.943    101.145    13.3857    35.6532 -9.990e-29    -0.0524 1.3927e-02  1027.2743    13.3714    26.8234     4.6596    141.808    8.37313  254.82611     55.649 -9.990e-29
   39.11488  -72.42890    101.943    101.145    13.3835    35.6511 -9.990e-29    -0.0524 1.4147e-02  1027.2735    13.3692    26.8222     4.6600    141.821    8.37303  254.82285     55.655 -9.990e-29
   39.11488  -72.42890    101.964    101.166    13.3814    35.6486 -9.990e-29    -0.0524 1.3818e-02  1027.2727    13.3670    26.8208     4.6603    141.831    8.37275  254.81398     55.661 -9.990e-29
   39.11488  -72.42890    101.964    101.166    13.3790    35.6455 -9.990e-29    -0.0524 1.3031e-02  1027.2698    13.3646    26.8189     4.6554    141.682    8.37244  254.80466     55.604 -9.990e-29
   39.11488  -72.42890    101.983    101.185    13.3756    35.6439 -9.990e-29    -0.0524 1.2710e-02  1027.2678    13.3613    26.8178     4.6552    141.676    8.37224  254.79881     55.603 -9.990e-29
   39.11488  -72.42890    101.983    101.185    13.3716    35.6439 -9.990e-29    -0.0524 1.2497e-02  1027.2694    13.3573    26.8183     4.6551    141.673    8.37213  254.79560     55.603 -9.990e-29
   39.11488  -72.42890    101.983    101.185    13.3687    35.6439 -9.990e-29    -0.0524 1.1314e-02  1027.2715    13.3544    26.8196     4.6551    141.671    8.37207  254.79402     55.602 -9.990e-29
   39.11488  -72.42890    101.994    101.196    13.3665    35.6446 -9.990e-29    -0.0524 1.0801e-02  1027.2722    13.3522    26.8206     4.6550    141.669    8.37198  254.79112     55.602 0.0000e+00
   39.11488  -72.42890    102.004    101.206    13.3647    35.6453 -9.990e-29    -0.0524 1.0801e-02  1027.2726    13.3504    26.8215     4.6549    141.667    8.37182  254.78577     55.602 -9.990e-29
   39.11488  -72.42890    102.004    101.206    13.3628    35.6468 -9.990e-29    -0.0524 1.0765e-02  1027.2744    13.3485    26.8231     4.6600    141.820    8.37146  254.77419     55.665 -9.990e-29
   39.11488  -72.42890    102.004    101.206    13.3612    35.6488 -9.990e-29    -0.0524 1.0765e-02  1027.2769    13.3469    26.8249     4.6546    141.656    8.37112  254.76349     55.603 -9.990e-29
   39.11488  -72.42890    102.015    101.217    13.3602    35.6504 -9.990e-29    -0.0524 1.0765e-02  1027.2782    13.3458    26.8265     4.6545    141.654    8.37090  254.75707     55.603 -9.990e-29
   39.11488  -72.42890    102.015    101.217    13.3591    35.6513 -9.990e-29    -0.0524 1.1176e-02  1027.2797    13.3448    26.8276     4.6545    141.653    8.37074  254.75213     55.604 -9.990e-29
   39.11488  -72.42890    102.015    101.217    13.3583    35.6513 -9.990e-29    -0.0524 1.1453e-02  1027.2799    13.3440    26.8280     4.6545    141.654    8.37062  254.74890     55.605 -9.990e-29
   39.11488  -72.42890    102.015    101.217    13.3570    35.6513 -9.990e-29    -0.0524 1.1453e-02  1027.2795    13.3426    26.8278     4.6546    141.657    8.37056  254.74741     55.607 -9.990e-29
   39.11488  -72.42890    102.025    101.226    13.3556    35.6513 -9.990e-29    -0.0524 1.2192e-02  1027.2789    13.3413    26.8278     4.6600    141.820    8.37060  254.74872     55.671 -9.990e-29
   39.11488  -72.42890    102.004    101.206    13.3539    35.6513 -9.990e-29    -0.0658 1.2808e-02  1027.2799    13.3396    26.8283     4.6555    141.685    8.37060  254.74856     55.617 -9.990e-29
   39.11488  -72.42890    102.015    101.217    13.3527    35.6515 -9.990e-29    -0.0524 1.3026e-02  1027.2806    13.3384    26.8288     4.6555    141.685    8.37033  254.73973     55.619 -9.990e-29
