CalculateIndicators/WaterTemperature/Data/CTD_NYOS/20240427_C17.cnv
* Sea-Bird SBE 9 Data File:
* FileName = C:\Seabird 9 CTD\Data\2024\202404_offshore\20240427_C17.hex
* Software Version Seasave V 7.23.2
* Temperature SN = 4590
* Conductivity SN = 3228
* Number of Bytes Per Scan = 44
* Number of Voltage Words = 5
* Number of Scans Averaged by the Deck Unit = 1
* NMEA Latitude = 40 13.47 N
* NMEA Longitude = 072 41.56 W
* NMEA UTC (Time) = Apr 27 2024  22:15:55
* NMEA baud rate = 4800
** Ship: Seawolf
** Station: 9.3
** Operator: TDK
# nquan = 18
# nvalues = 14204                       
# units = specified
# name 0 = latitude: Latitude [deg]
# name 1 = longitude: Longitude [deg]
# name 2 = prDM: Pressure, Digiquartz [db]
# name 3 = depSM: Depth [salt water, m]
# name 4 = t090C: Temperature [ITS-90, deg C]
# name 5 = sal00: Salinity, Practical [PSU]
# name 6 = ph: pH
# name 7 = flECO-AFL: Fluorescence, WET Labs ECO-AFL/FL [mg/m^3]
# name 8 = cpar: CPAR/Corrected Irradiance [%]
# name 9 = density00: Density [density, kg/m^3]
# name 10 = potemp090C: Potential Temperature [ITS-90, deg C]
# name 11 = sigma-é00: Density [sigma-theta, kg/m^3]
# name 12 = sbeox0Mg/L: Oxygen, SBE 43 [mg/l]
# name 13 = sbox0Mm/Kg: Oxygen, SBE 43 [umol/kg]
# name 14 = oxsolMg/L: Oxygen Saturation, Garcia & Gordon [mg/l]
# name 15 = oxsolMm/Kg: Oxygen Saturation, Garcia & Gordon [umol/kg]
# name 16 = sbeox0PS: Oxygen, SBE 43 [% saturation]
# name 17 = flag:  0.000e+00
# span 0 =   40.22466,   40.22682       
# span 1 =  -72.69304,  -72.69280       
# span 2 =      1.845,     50.142       
# span 3 =      1.830,     49.751       
# span 4 =     6.3003,     8.8913       
# span 5 =    30.9309,    31.9037       
# span 6 =      7.913,      8.096       
# span 7 =     0.0551,     5.3872       
# span 8 = 2.9964e-13, 2.9968e+01       
# span 9 =  1023.9642,  1025.2410       
# span 10 =     6.2983,     8.8907      
# span 11 =    23.9540,    25.0168      
# span 12 =     8.2437,    10.6120      
# span 13 =    251.578,    323.704      
# span 14 =    9.48690,   10.02534      
# span 15 =  289.51393,  305.69680      
# span 16 =     86.855,    108.842      
# span 17 = 0.0000e+00, 0.0000e+00      
# interval = seconds: 0.0416667
# start_time = Apr 27 2024 22:15:55 [System UTC, first data scan.]
# bad_flag = -9.990e-29
*END*
[from data line 13588]
   40.22676  -72.69304      2.148      2.131     8.8687    31.0566 -9.990e-29     0.1222 2.4986e+01  1024.0614     8.8684    24.0518     9.9919    304.916    9.48994  289.59949    105.289 -9.990e-29
   40.22676  -72.69304      2.148      2.131     8.8685    31.0566 -9.990e-29     0.1222 2.4915e+01  1024.0616     8.8683    24.0518     9.9915    304.905    9.48995  289.59958    105.285 -9.990e-29
   40.22676  -72.69304      2.168      2.152     8.8683    31.0568 -9.990e-29     0.1222 2.4915e+01  1024.0619     8.8681    24.0520     9.9912    304.895    9.48999  289.60069    105.281 -9.990e-29
   40.22676  -72.69304      2.159      2.142     8.8685    31.0568 -9.990e-29     0.1222 2.4915e+01  1024.0618     8.8683    24.0520     9.9907    304.882    9.48999  289.60080    105.277 -9.990e-29
   40.22676  -72.69304      2.190      2.173     8.8683    31.0570 -9.990e-29     0.1222 2.5127e+01  1024.0619     8.8681    24.0521     9.9912    304.896    9.48998  289.60040    105.282 -9.990e-29
   40.22676  -72.69304      2.199      2.182     8.8678    31.0573 -9.990e-29     0.1222 2.6210e+01  1024.0627     8.8676    24.0524     9.9909    304.887    9.49000  289.60121    105.278 -9.990e-29
   40.22676  -72.69304      2.199      2.182     8.8680    31.0574 -9.990e-29     0.1088 2.6656e+01  1024.0624     8.8678    24.0525     9.9905    304.875    9.48998  289.60051    105.274 -9.990e-29
   40.22676  -72.69304      2.210      2.193     8.8678    31.0572 -9.990e-29     0.1222 2.6656e+01  1024.0626     8.8676    24.0524     9.9902    304.865    9.49002  289.60158    105.270 -9.990e-29
   40.22676  -72.69304      2.229      2.212     8.8680    31.0570 -9.990e-29     0.1088 2.6807e+01  1024.0622     8.8677    24.0522     9.9958    305.037    9.48999  289.60078    105.330 -9.990e-29
   40.22676  -72.69304      2.240      2.223     8.8677    31.0571 -9.990e-29     0.1222 2.6807e+01  1024.0624     8.8675    24.0523     9.9902    304.867    9.48999  289.60089    105.271 -9.990e-29
   40.22676  -72.69304      2.249      2.232     8.8673    31.0574 -9.990e-29     0.1222 2.6807e+01  1024.0630     8.8671    24.0526     9.9899    304.856    9.48999  289.60077    105.268 -9.990e-29
   40.22676  -72.69304      2.249      2.232     8.8673    31.0577 -9.990e-29     0.1222 2.6523e+01  1024.0632     8.8671    24.0528     9.9895    304.845    9.49003  289.60192    105.263 -9.990e-29
 -9.990e-29  -72.69304      2.270      2.253     8.8675    31.0577 -9.990e-29     0.1222 2.6226e+01  1024.0632     8.8673    24.0528     9.9891    304.833    9.49002  289.60187    105.259 -9.990e-29
 -9.990e-29  -72.69304      2.270      2.253     8.8676    31.0578 -9.990e-29     0.1222 2.6152e+01  1024.0630     8.8674    24.0529     9.9896    304.848    9.49002  289.60174    105.265 -9.990e-29
 -9.990e-29  -72.69304      2.280      2.262     8.8672    31.0579 -9.990e-29     0.1222 2.5498e+01  1024.0635     8.8669    24.0530     9.9901    304.862    9.48998  289.60034    105.270 -9.990e-29
 -9.990e-29  -72.69304      2.291      2.273     8.8672    31.0581 -9.990e-29     0.1222 2.4930e+01  1024.0637     8.8669    24.0532     9.9907    304.880    9.49003  289.60201    105.276 -9.990e-29
 -9.990e-29  -72.69304      2.300      2.283     8.8669    31.0582 -9.990e-29     0.1222 2.4791e+01  1024.0637     8.8666    24.0533     9.9913    304.898    9.49003  289.60210    105.282 -9.990e-29
 -9.990e-29  -72.69304      2.300      2.283     8.8669    31.0582 -9.990e-29     0.1222 2.4239e+01  1024.0639     8.8666    24.0533     9.9910    304.890    9.49000  289.60117    105.279 -9.990e-29
 -9.990e-29  -72.69304      2.300      2.283     8.8669    31.0581 -9.990e-29     0.1357 2.3500e+01  1024.0639     8.8666    24.0533     9.9908    304.884    9.49001  289.60135    105.277 -9.990e-29
 -9.990e-29  -72.69304      2.310      2.292     8.8670    31.0579 -9.990e-29     0.1357 2.3302e+01  1024.0635     8.8668    24.0531     9.9906    304.877    9.49002  289.60159    105.275 -9.990e-29
 -9.990e-29  -72.69304      2.310      2.292     8.8672    31.0577 -9.990e-29     0.1357 2.2847e+01  1024.0633     8.8669    24.0529     9.9904    304.871    9.49003  289.60198    105.272 -9.990e-29
 -9.990e-29  -72.69304      2.321      2.303     8.8673    31.0577 -9.990e-29     0.1357 2.2027e+01  1024.0634     8.8671    24.0528     9.9901    304.862    9.48997  289.60023    105.270 -9.990e-29
 -9.990e-29  -72.69304      2.310      2.292     8.8673    31.0576 -9.990e-29     0.1357 2.1780e+01  1024.0633     8.8671    24.0527     9.9839    304.673    9.48998  289.60043    105.205 -9.990e-29
 -9.990e-29  -72.69304      2.321      2.303     8.8675    31.0574 -9.990e-29     0.1357 2.1719e+01  1024.0631     8.8673    24.0525     9.9837    304.668    9.48996  289.59987    105.203 -9.990e-29
 -9.990e-29  -72.69304      2.321      2.303     8.8675    31.0573 -9.990e-29     0.1357 2.1476e+01  1024.0631     8.8673    24.0525     9.9897    304.849    9.48998  289.60046    105.265 -9.990e-29
 -9.990e-29  -72.69304      2.321      2.303     8.8677    31.0573 -9.990e-29     0.1357 2.1415e+01  1024.0630     8.8675    24.0525     9.9845    304.691    9.48999  289.60090    105.211 -9.990e-29
 -9.990e-29  -72.69304      2.310      2.292     8.8675    31.0572 -9.990e-29     0.1357 2.1476e+01  1024.0631     8.8673    24.0524     9.9904    304.873    9.48995  289.59966    105.274 -9.990e-29
 -9.990e-29  -72.69304      2.321      2.303     8.8680    31.0569 -9.990e-29     0.1357 2.1903e+01  1024.0629     8.8677    24.0521     9.9845    304.692    9.48999  289.60071    105.211 -9.990e-29
 -9.990e-29  -72.69304      2.310      2.292     8.8678    31.0563 -9.990e-29     0.1357 2.2027e+01  1024.0623     8.8676    24.0517     9.9838    304.669    9.48996  289.59986    105.203 -9.990e-29
 -9.990e-29  -72.69304      2.300      2.283     8.8683    31.0559 -9.990e-29     0.1357 2.2089e+01  1024.0612     8.8681    24.0514     9.9830    304.647    9.48993  289.59911    105.196 -9.990e-29
 -9.990e-29  -72.69304      2.310      2.292     8.8680    31.0562 -9.990e-29     0.1357 2.2465e+01  1024.0623     8.8678    24.0516     9.9823    304.625    9.48990  289.59816    105.189 -9.990e-29
 -9.990e-29  -72.69304      2.280      2.262     8.8680    31.0566 -9.990e-29     0.1357 2.2592e+01  1024.0623     8.8677    24.0519     9.9817    304.605    9.48990  289.59805    105.182 -9.990e-29
 -9.990e-29  -72.69304      2.300      2.283     8.8680    31.0568 -9.990e-29     0.1357 2.2592e+01  1024.0627     8.8677    24.0520     9.9819    304.612    9.48988  289.59744    105.185 -9.990e-29
 -9.990e-29  -72.69304      2.270      2.253     8.8680    31.0568 -9.990e-29     0.1357 2.2976e+01  1024.0623     8.8678    24.0520     9.9814    304.597    9.48989  289.59772    105.179 -9.990e-29
 -9.990e-29  -72.69304      2.280      2.262     8.8681    31.0568 -9.990e-29     0.1357 2.3171e+01  1024.0623     8.8679    24.0520     9.9818    304.608    9.48992  289.59886    105.183 -9.990e-29
 -9.990e-29  -72.69304      2.259      2.242     8.8681    31.0568 -9.990e-29     0.1357 2.3237e+01  1024.0625     8.8679    24.0520     9.9814    304.596    9.48995  289.59965    105.178 -9.990e-29
 -9.990e-29  -72.69304      2.249      2.232     8.8681    31.0567 -9.990e-29     0.1357 2.3566e+01  1024.0621     8.8679    24.0519     9.9809    304.581    9.48988  289.59757    105.174 -9.990e-29
 -9.990e-29  -72.69304      2.240      2.223     8.8683    31.0566 -9.990e-29     0.1357 2.3833e+01  1024.0620     8.8681    24.0518     9.9806    304.571    9.48992  289.59868    105.170 -9.990e-29
 -9.990e-29  -72.69304      2.229      2.212     8.8681    31.0565 -9.990e-29     0.1357 2.3900e+01  1024.0620     8.8679    24.0518     9.9803    304.564    9.48998  289.60047    105.167 -9.990e-29
 -9.990e-29  -72.69304      2.219      2.202     8.8685    31.0565 -9.990e-29     0.1357 2.4239e+01  1024.0618     8.8682    24.0518     9.9800    304.553    9.48996  289.59980    105.163 -9.990e-29
 -9.990e-29  -72.69304      2.210      2.193     8.8683    31.0566 -9.990e-29     0.1357 2.4567e+01  1024.0619     8.8681    24.0519     9.9798    304.547    9.49001  289.60122    105.161 -9.990e-29
 -9.990e-29  -72.69304      2.189      2.172     8.8681    31.0567 -9.990e-29     0.1222 2.4637e+01  1024.0620     8.8679    24.0519     9.9796    304.540    9.49003  289.60198    105.158 -9.990e-29
 -9.990e-29  -72.69304      2.179      2.163     8.8685    31.0566 -9.990e-29     0.1222 2.4706e+01  1024.0617     8.8683    24.0518     9.9793    304.533    9.49002  289.60139    105.156 -9.990e-29
 -9.990e-29  -72.69304      2.159      2.142     8.8685    31.0566 -9.990e-29     0.1357 2.4776e+01  1024.0616     8.8683    24.0518     9.9792    304.529    9.49005  289.60231    105.154 -9.990e-29
 -9.990e-29  -72.69304      2.159      2.142     8.8683    31.0567 -9.990e-29     0.1357 2.4845e+01  1024.0617     8.8681    24.0519     9.9791    304.525    9.49007  289.60288    105.153 -9.990e-29
 -9.990e-29  -72.69304      2.138      2.122     8.8683    31.0568 -9.990e-29     0.1357 2.4915e+01  1024.0618     8.8681    24.0520     9.9729    304.339    9.49006  289.60276    105.088 -9.990e-29
 -9.990e-29  -72.69304      2.118      2.101     8.8683    31.0568 -9.990e-29     0.1357 2.5127e+01  1024.0616     8.8681    24.0520     9.9721    304.312    9.49007  289.60303    105.079 -9.990e-29
 -9.990e-29  -72.69304      2.108      2.092     8.8683    31.0567 -9.990e-29     0.1357 2.5198e+01  1024.0615     8.8681    24.0519     9.9712    304.285    9.48999  289.60052    105.070 -9.990e-29
 -9.990e-29  -72.69304      2.087      2.071     8.8685    31.0567 -9.990e-29     0.1357 2.5269e+01  1024.0613     8.8683    24.0519     9.9765    304.446    9.48999  289.60080    105.126 -9.990e-29
 -9.990e-29  -72.69304      2.078      2.062     8.8683    31.0568 -9.990e-29     0.1357 2.5917e+01  1024.0615     8.8681    24.0520     9.9766    304.450    9.48999  289.60078    105.127 -9.990e-29
 -9.990e-29  -72.69304      2.078      2.062     8.8681    31.0569 -9.990e-29     0.1357 2.6210e+01  1024.0616     8.8679    24.0521     9.9767    304.452    9.48996  289.59995    105.129 -9.990e-29
 -9.990e-29  -72.69304      2.048      2.032     8.8681    31.0569 -9.990e-29     0.1357 2.6284e+01  1024.0614     8.8679    24.0521     9.9768    304.457    9.48994  289.59912    105.131 -9.990e-29
 -9.990e-29  -72.69304      2.048      2.032     8.8681    31.0569 -9.990e-29     0.1357 2.6807e+01  1024.0616     8.8679    24.0521     9.9710    304.280    9.48994  289.59926    105.069 -9.990e-29
 -9.990e-29  -72.69304      2.048      2.032     8.8681    31.0569 -9.990e-29     0.1357 2.7187e+01  1024.0613     8.8679    24.0521     9.9704    304.263    9.48989  289.59779    105.064 -9.990e-29
 -9.990e-29  -72.69304      2.027      2.011     8.8681    31.0571 -9.990e-29     0.1357 2.7187e+01  1024.0614     8.8679    24.0522     9.9700    304.248    9.48989  289.59792    105.059 -9.990e-29
 -9.990e-29  -72.69304      2.006      1.991     8.8678    31.0572 -9.990e-29     0.1357 2.7417e+01  1024.0618     8.8676    24.0523     9.9695    304.235    9.48989  289.59791    105.054 -9.990e-29
 -9.990e-29  -72.69304      2.017      2.002     8.8681    31.0571 -9.990e-29     0.1357 2.7572e+01  1024.0613     8.8679    24.0522     9.9692    304.225    9.48990  289.59831    105.051 -9.990e-29
 -9.990e-29  -72.69304      1.997      1.981     8.8681    31.0569 -9.990e-29     0.1357 2.7572e+01  1024.0612     8.8679    24.0521     9.9698    304.243    9.48991  289.59849    105.057 -9.990e-29
 -9.990e-29  -72.69304      2.006      1.991     8.8681    31.0569 -9.990e-29     0.1222 2.7340e+01  1024.0612     8.8679    24.0521     9.9757    304.422    9.48996  289.59969    105.118 -9.990e-29
 -9.990e-29  -72.69304      1.987      1.972     8.8680    31.0569 -9.990e-29     0.1357 2.7187e+01  1024.0611     8.8678    24.0521     9.9764    304.445    9.48999  289.60074    105.126 -9.990e-29
 -9.990e-29  -72.69304      1.987      1.972     8.8680    31.0570 -9.990e-29     0.1357 2.7187e+01  1024.0612     8.8678    24.0522     9.9771    304.465    9.48996  289.59969    105.133 -9.990e-29
 -9.990e-29  -72.69304      1.997      1.981     8.8680    31.0570 -9.990e-29     0.1357 2.7034e+01  1024.0613     8.8678    24.0522     9.9719    304.306    9.48999  289.60081    105.078 -9.990e-29
 -9.990e-29  -72.69304      1.987      1.972     8.8681    31.0570 -9.990e-29     0.1357 2.6882e+01  1024.0613     8.8679    24.0522     9.9719    304.306    9.49003  289.60193    105.077 -9.990e-29
 -9.990e-29  -72.69304      1.997      1.981     8.8680    31.0570 -9.990e-29     0.1357 2.6882e+01  1024.0612     8.8678    24.0522     9.9719    304.307    9.49000  289.60092    105.078 -9.990e-29
 -9.990e-29  -72.69304      1.987      1.972     8.8678    31.0570 -9.990e-29     0.1357 2.6807e+01  1024.0615     8.8676    24.0522     9.9781    304.495    9.49005  289.60239    105.143 -9.990e-29
 -9.990e-29  -72.69304      2.006      1.991     8.8681    31.0570 -9.990e-29     0.1357 2.6507e+01  1024.0611     8.8679    24.0522     9.9790    304.523    9.49000  289.60122    105.153 -9.990e-29
 -9.990e-29  -72.69304      2.017      2.002     8.8680    31.0572 -9.990e-29     0.1222 2.6507e+01  1024.0616     8.8678    24.0523     9.9800    304.553    9.49000  289.60096    105.163 -9.990e-29
 -9.990e-29  -72.69304      2.017      2.002     8.8678    31.0572 -9.990e-29     0.1222 2.6284e+01  1024.0618     8.8676    24.0523     9.9810    304.585    9.49000  289.60113    105.174 -9.990e-29
 -9.990e-29  -72.69304      2.048      2.032     8.8680    31.0570 -9.990e-29     0.1222 2.5540e+01  1024.0613     8.8678    24.0521     9.9761    304.434    9.48998  289.60050    105.122 -9.990e-29
 -9.990e-29  -72.69304      2.057      2.041     8.8683    31.0568 -9.990e-29     0.1222 2.5483e+01  1024.0612     8.8681    24.0520     9.9764    304.446    9.49006  289.60272    105.125 -9.990e-29
 -9.990e-29  -72.69304      2.087      2.071     8.8681    31.0569 -9.990e-29     0.1222 2.5113e+01  1024.0617     8.8679    24.0521     9.9767    304.454    9.48997  289.60022    105.129 -9.990e-29
 -9.990e-29  -72.69304      2.098      2.082     8.8683    31.0569 -9.990e-29     0.1222 2.4210e+01  1024.0615     8.8681    24.0521     9.9824    304.626    9.49000  289.60093    105.188 -9.990e-29
 -9.990e-29  -72.69304      2.118      2.101     8.8681    31.0569 -9.990e-29     0.1088 2.3872e+01  1024.0619     8.8679    24.0521     9.9828    304.639    9.49001  289.60141    105.193 -9.990e-29
 -9.990e-29  -72.69304      2.159      2.142     8.8681    31.0569 -9.990e-29     0.1088 2.3738e+01  1024.0619     8.8679    24.0521     9.9781    304.495    9.49001  289.60139    105.143 -9.990e-29
 -9.990e-29  -72.69304      2.169      2.152     8.8683    31.0570 -9.990e-29     0.1222 2.2502e+01  1024.0619     8.8681    24.0522     9.9837    304.667    9.49002  289.60149    105.202 -9.990e-29
 -9.990e-29  -72.69304      2.199      2.182     8.8680    31.0571 -9.990e-29     0.1222 2.1877e+01  1024.0626     8.8677    24.0523     9.9790    304.525    9.49002  289.60147    105.153 -9.990e-29
 -9.990e-29  -72.69304      2.240      2.223     8.8683    31.0569 -9.990e-29     0.1222 2.1816e+01  1024.0622     8.8681    24.0521     9.9788    304.517    9.49005  289.60248    105.150 -9.990e-29
 -9.990e-29  -72.69304      2.270      2.253     8.8685    31.0567 -9.990e-29     0.1222 2.2502e+01  1024.0622     8.8682    24.0519     9.9785    304.507    9.49000  289.60090    105.147 -9.990e-29
 -9.990e-29  -72.69304      2.300      2.283     8.8687    31.0567 -9.990e-29     0.1222 2.3014e+01  1024.0623     8.8684    24.0518     9.9723    304.319    9.49004  289.60244    105.082 -9.990e-29
 -9.990e-29  -72.69304      2.331      2.313     8.8687    31.0566 -9.990e-29     0.1222 2.3079e+01  1024.0625     8.8684    24.0518     9.9713    304.289    9.49002  289.60161    105.072 -9.990e-29
