CalculateIndicators/WaterTemperature/Data/CTD_NYOS/20240915_C35.cnv
* Sea-Bird SBE 9 Data File:
* FileName = C:\Seabird 9 CTD\Data\2024\202409_offshore\20240915_C35.hex
* Software Version Seasave V 7.23.2
* Temperature SN = 4590
* Conductivity SN = 3228
* Number of Bytes Per Scan = 44
* Number of Voltage Words = 5
* Number of Scans Averaged by the Deck Unit = 1
* NMEA Latitude = 40 41.09 N
* NMEA Longitude = 072 03.64 W
* NMEA UTC (Time) = Sep 15 2024  08:57:12
* NMEA baud rate = 4800
** Ship: Seawolf
** Station: 11.2
** Operator: TCM
# nquan = 18
# nvalues = 11522                       
# units = specified
# name 0 = latitude: Latitude [deg]
# name 1 = longitude: Longitude [deg]
# name 2 = prDM: Pressure, Digiquartz [db]
# name 3 = depSM: Depth [salt water, m]
# name 4 = t090C: Temperature [ITS-90, deg C]
# name 5 = sal00: Salinity, Practical [PSU]
# name 6 = ph: pH
# name 7 = flECO-AFL: Fluorescence, WET Labs ECO-AFL/FL [mg/m^3]
# name 8 = cpar: CPAR/Corrected Irradiance [%]
# name 9 = density00: Density [density, kg/m^3]
# name 10 = potemp090C: Potential Temperature [ITS-90, deg C]
# name 11 = sigma-é00: Density [sigma-theta, kg/m^3]
# name 12 = sbeox0Mg/L: Oxygen, SBE 43 [mg/l]
# name 13 = sbox0Mm/Kg: Oxygen, SBE 43 [umol/kg]
# name 14 = oxsolMg/L: Oxygen Saturation, Garcia & Gordon [mg/l]
# name 15 = oxsolMm/Kg: Oxygen Saturation, Garcia & Gordon [umol/kg]
# name 16 = sbeox0PS: Oxygen, SBE 43 [% saturation]
# name 17 = flag:  0.000e+00
# span 0 =   40.68462,   40.68488       
# span 1 =  -72.06392,  -72.06082       
# span 2 =      1.781,     45.980       
# span 3 =      1.767,     45.620       
# span 4 =    10.7780,    20.6979       
# span 5 =    31.5147,    32.2842       
# span 6 =      7.863,      8.180       
# span 7 =     0.0282,     1.9085       
# span 8 = 1.6880e-11, 9.9999e+04       
# span 9 =  1021.9533,  1024.8478       
# span 10 =    10.7727,    20.6971      
# span 11 =    21.9461,    24.6423      
# span 12 =     6.5486,     8.5967      
# span 13 =    199.727,    262.377      
# span 14 =    7.45151,    9.03376      
# span 15 =  227.86003,  275.51956      
# span 16 =     72.513,    102.173      
# span 17 = 0.0000e+00, 0.0000e+00      
# interval = seconds: 0.0416667
# start_time = Sep 15 2024 08:57:12 [System UTC, first data scan.]
# bad_flag = -9.990e-29
*END*
[from data line 6191]
   40.68470 -9.990e-29     22.901     22.723    13.9043    31.8687      8.020     0.5252 1.6880e-11  1023.8921    13.9011    23.7883     8.1865    249.947    8.24273  251.66197     99.318 0.0000e+00
   40.68470 -9.990e-29     22.870     22.693    13.9136    31.8681      8.020     0.5252 1.6880e-11  1023.8870    13.9104    23.7864     8.1915    250.095    8.24087  251.60290     99.401 0.0000e+00
   40.68470 -9.990e-29     22.833     22.656    13.9198    31.8692      8.020     0.5117 1.6880e-11  1023.8848    13.9167    23.7856     8.1930    250.139    8.23584  251.44708     99.480 0.0000e+00
   40.68470 -9.990e-29     22.809     22.631    13.9284    31.8756      8.020     0.5252 1.6880e-11  1023.8878    13.9253    23.7887     8.1934    250.152    8.23024  251.27638     99.552 0.0000e+00
   40.68470 -9.990e-29     22.773     22.596    13.9403    31.8866      8.019     0.5252 1.6880e-11  1023.8966    13.9371    23.7947     8.1892    250.027    8.22513  251.12392     99.563 0.0000e+00
   40.68470 -9.990e-29     22.748     22.571    13.9571    31.8970      8.019     0.5252 1.6880e-11  1023.9041    13.9540    23.7995     8.1956    250.224    8.22098  250.99871     99.691 0.0000e+00
   40.68470 -9.990e-29     22.701     22.525    13.9754    31.9022      8.019     0.5252 1.6880e-11  1023.9023    13.9722    23.8000     8.2033    250.461    8.21754  250.89540     99.827 0.0000e+00
   40.68470 -9.990e-29     22.657     22.481    13.9932    31.9050      8.019     0.5252 1.6880e-11  1023.8970    13.9900    23.7986     8.2078    250.604    8.21539  250.83486     99.908 0.0000e+00
   40.68470 -9.990e-29     22.650     22.474    14.0084    31.9096      8.019     0.5117 1.6880e-11  1023.8997    14.0052    23.7986     8.2122    250.738    8.21297  250.76057     99.991 0.0000e+00
   40.68470  -72.06246     22.616     22.440    14.0279    31.9160      8.024     0.5117 -9.990e-29  1023.8994    14.0247    23.7996     8.2116    250.715    8.20639  250.55591    100.063 0.0000e+00
   40.68470  -72.06246     22.576     22.400    14.0490    31.9238      8.024     0.4446 -9.990e-29  1023.9014    14.0459    23.8008     8.2083    250.615    8.19752  250.28543    100.132 0.0000e+00
   40.68470  -72.06246     22.559     22.384    14.0790    31.9309      8.024     0.3774 -9.990e-29  1023.9043    14.0759    23.8004     8.2053    250.535    8.18965  250.05781    100.191 0.0000e+00
   40.68470  -72.06246     22.504     22.329    14.1154    31.9303      8.024     0.3774 -9.990e-29  1023.8992    14.1122    23.7934     8.2142    250.819    8.18822  250.02705    100.317 0.0000e+00
   40.68470  -72.06246     22.497     22.322    14.1461    31.9209      8.024     0.3774 -9.990e-29  1023.8775    14.1430    23.7805     8.2182    250.945    8.18628  249.96977    100.390 0.0000e+00
   40.68470  -72.06246     22.453     22.279    14.1619    31.9165      8.024     0.3908 -9.990e-29  1023.8617    14.1587    23.7730     8.2198    250.997    8.18214  249.84868    100.460 0.0000e+00
   40.68470  -72.06246     22.427     22.253    14.1727    31.9248      8.024     0.3774 -9.990e-29  1023.8795    14.1696    23.7751     8.2272    251.230    8.17944  249.77146    100.584 0.0000e+00
   40.68470  -72.06246     22.393     22.219    14.2094    31.9299      8.024     0.3908 -9.990e-29  1023.8825    14.2062    23.7731     8.2231    251.104    8.17473  249.62732    100.591 0.0000e+00
   40.68470  -72.06246     22.365     22.191    14.2490    31.9174      8.023     0.3908 -9.990e-29  1023.8604    14.2459    23.7571     8.2274    251.240    8.16938  249.46711    100.711 0.0000e+00
   40.68470  -72.06246     22.332     22.158    14.2691    31.8951      8.023     0.3774 -9.990e-29  1023.8277    14.2660    23.7358     8.2338    251.440    8.17004  249.49274    100.781 0.0000e+00
   40.68470  -72.06246     22.305     22.131    14.2680    31.8872      8.023     0.3774 -9.990e-29  1023.8094    14.2648    23.7282     8.2408    251.667    8.17154  249.55063    100.848 0.0000e+00
   40.68470  -72.06248     22.270     22.097    14.2629    31.9122      8.023     0.3774 -9.990e-29  1023.8359    14.2598    23.7452     8.2499    251.946    8.17475  249.65133    100.919 0.0000e+00
   40.68470  -72.06248     22.254     22.081    14.2995    31.9517      8.023     0.3774 -9.990e-29  1023.8880    14.2964    23.7690     8.2563    252.133    8.17541  249.66143    100.990 0.0000e+00
   40.68470  -72.06248     22.221     22.048    14.3662    31.9647      8.023     0.3774 -9.990e-29  1023.8846    14.3630    23.7688     8.2586    252.191    8.17236  249.55653    101.056 0.0000e+00
   40.68470  -72.06248     22.203     22.030    14.4145    31.9527      8.023     0.3908 -9.990e-29  1023.8319    14.4114    23.7504     8.2544    252.056    8.16414  249.30141    101.105 0.0000e+00
   40.68470  -72.06248     22.170     21.997    14.4302    31.9532      8.028     0.3774 -9.990e-29  1023.8347    14.4270    23.7436     8.2523    252.000    8.15826  249.12733    101.153 0.0000e+00
   40.68470  -72.06248     22.142     21.970    14.4730    31.9640      8.028     0.3908 -9.990e-29  1023.8591    14.4698    23.7435     8.2551    252.099    8.15704  249.10561    101.202 0.0000e+00
   40.68470  -72.06248     22.128     21.956    14.5331    31.9494      8.027     0.3774 -9.990e-29  1023.8363    14.5299    23.7228     8.2659    252.453    8.16248  249.29563    101.267 0.0000e+00
   40.68470  -72.06248     22.101     21.929    14.5692    31.9035      8.027     0.3908 -9.990e-29  1023.7748    14.5660    23.6808     8.2879    253.116    8.17785  249.75403    101.346 0.0000e+00
   40.68470  -72.06248     22.077     21.906    14.5729    31.8560      8.027     0.3774 -9.990e-29  1023.7257    14.5698    23.6423     8.3043    253.581    8.18807  250.03219    101.419 0.0000e+00
   40.68470  -72.06248     22.051     21.880    14.5621    31.8337      8.027     0.3774 -9.990e-29  1023.7095    14.5590    23.6268     8.3031    253.527    8.18742  249.99453    101.413 0.0000e+00
   40.68470  -72.06248     22.038     21.866    14.5404    31.8441      8.027     0.3908 -9.990e-29  1023.7246    14.5372    23.6384     8.3054    253.587    8.18172  249.80989    101.512 0.0000e+00
   40.68470  -72.06248     22.000     21.829    14.5133    31.8761      8.027     0.3908 -9.990e-29  1023.7682    14.5102    23.6663     8.2955    253.282    8.17377  249.56644    101.489 -9.990e-29
   40.68470  -72.06248     22.000     21.829    14.5089    31.9015      8.027     0.3908 -9.990e-29  1023.8042    14.5058    23.6853     8.2940    253.237    8.16958  249.43991    101.522 -9.990e-29
   40.68470  -72.06248     21.956     21.786    14.5515    31.9100      8.027     0.3774 -9.990e-29  1023.7735    14.5484    23.6866     8.2896    253.102    8.16683  249.35291    101.504 0.0000e+00
   40.68470  -72.06248     21.949     21.779    14.5808    31.9289      8.027     0.3774 -9.990e-29  1023.7791    14.5776    23.6930     8.2900    253.110    8.15988  249.13691    101.595 0.0000e+00
   40.68470  -72.06248     21.936     21.765    14.6301    31.9714      8.032     0.3640 -9.990e-29  1023.8139    14.6269    23.7139     8.2729    252.593    8.15035  248.85246    101.503 0.0000e+00
   40.68470  -72.06248     21.908     21.738    14.7224    32.0187      8.032     0.3505 -9.990e-29  1023.8387    14.7192    23.7336     8.2623    252.276    8.13920  248.51663    101.513 0.0000e+00
   40.68470  -72.06248     21.896     21.725    14.8206    32.0526      8.031     0.3505 -9.990e-29  1023.8439    14.8174    23.7417     8.2524    251.977    8.12820  248.18402    101.528 0.0000e+00
   40.68470  -72.06248     21.878     21.708    14.8879    32.0666      8.031     0.3505 -9.990e-29  1023.8428    14.8847    23.7362     8.2464    251.803    8.12087  247.96863    101.546 0.0000e+00
   40.68470  -72.06248     21.854     21.684    14.9595    32.0618      8.031     0.3640 -9.990e-29  1023.8170    14.9563    23.7174     8.2430    251.705    8.11981  247.94317    101.517 0.0000e+00
   40.68470  -72.06248     21.848     21.678    15.0279    32.0436      8.031     0.3505 -9.990e-29  1023.7901    15.0247    23.6890     8.2456    251.787    8.12508  248.10810    101.483 0.0000e+00
   40.68470  -72.06248     21.834     21.664    15.0910    32.0158      8.030     0.3640 -9.990e-29  1023.7521    15.0878    23.6542     8.2541    252.050    8.13123  248.29894    101.511 0.0000e+00
   40.68470  -72.06248     21.817     21.648    15.1490    31.9855      8.030     0.3505 -9.990e-29  1023.7091    15.1458    23.6190     8.2564    252.123    8.13222  248.33125    101.527 0.0000e+00
   40.68470  -72.06248     21.806     21.637    15.1954    31.9646      8.030     0.3640 -9.990e-29  1023.6814    15.1922    23.5932     8.2508    251.944    8.13024  248.26165    101.483 0.0000e+00
   40.68470  -72.06248     21.773     21.604    15.2250    31.9559      8.030     0.3505 -9.990e-29  1023.6736    15.2218    23.5794     8.2439    251.722    8.12254  248.01618    101.494 -9.990e-29
   40.68470  -72.06248     21.776     21.607    15.2474    31.9522      8.035     0.3505 -9.990e-29  1023.6678    15.2441    23.5715     8.2202    250.999    8.10860  247.59146    101.376 -9.990e-29
   40.68470  -72.06248     21.753     21.583    15.2644    31.9483      8.035     0.3640 -9.990e-29  1023.6604    15.2611    23.5646     8.2079    250.637    8.09719  247.25630    101.367 0.0000e+00
   40.68470  -72.06248     21.746     21.577    15.2766    31.9443      8.035     0.3505 -9.990e-29  1023.6536    15.2734    23.5587     8.2002    250.419    8.09439  247.18721    101.307 0.0000e+00
   40.68470  -72.06248     21.722     21.553    15.2853    31.9448      8.035     0.3505 -9.990e-29  1023.6475    15.2821    23.5568     8.2035    250.532    8.09698  247.27966    101.315 0.0000e+00
   40.68470  -72.06248     21.715     21.547    15.2925    31.9536      8.035     0.3505 -9.990e-29  1023.6563    15.2893    23.5607     8.2101    250.733    8.10226  247.44086    101.331 0.0000e+00
   40.68470  -72.06248     21.671     21.503    15.3172    31.9659      8.035     0.3505 -9.990e-29  1023.6656    15.3140    23.5654     8.2069    250.642    8.10308  247.47214    101.281 -9.990e-29
   40.68470  -72.06248     21.695     21.526    15.3491    31.9718      8.034     0.3505 -9.990e-29  1023.6644    15.3459    23.5637     8.2081    250.685    8.10373  247.49728    101.288 -9.990e-29
   40.68470  -72.06248     21.655     21.486    15.3833    31.9703      8.034     0.3505 -9.990e-29  1023.6494    15.3801    23.5560     8.2092    250.719    8.10404  247.50914    101.297 0.0000e+00
   40.68470  -72.06248     21.652     21.484    15.4086    31.9670      8.034     0.3505 -9.990e-29  1023.6440    15.4054    23.5476     8.2048    250.585    8.10415  247.51086    101.242 0.0000e+00
   40.68470  -72.06248     21.644     21.475    15.4306    31.9607      8.034     0.3505 -9.990e-29  1023.6370    15.4273    23.5378     8.2081    250.673    8.10646  247.56979    101.253 0.0000e+00
   40.68470  -72.06248     21.611     21.443    15.4505    31.9536      8.034     0.3505 -9.990e-29  1023.6156    15.4473    23.5280     8.2103    250.730    8.10720  247.58230    101.272 0.0000e+00
   40.68470  -72.06248     21.593     21.425    15.4636    31.9577      8.039     0.3505 -9.990e-29  1023.6170    15.4604    23.5264     8.2121    250.776    8.10743  247.57941    101.291 0.0000e+00
   40.68470  -72.06248     21.580     21.413    15.4948    31.9704      8.039     0.3505 -9.990e-29  1023.6330    15.4915    23.5291     8.2047    250.525    8.10321  247.42513    101.253 0.0000e+00
   40.68470  -72.06248     21.563     21.395    15.5458    31.9677      8.039     0.3640 -9.990e-29  1023.6305    15.5426    23.5170     8.1893    250.026    8.08727  246.91154    101.261 0.0000e+00
   40.68470  -72.06248     21.542     21.374    15.6095    31.9365      8.038     0.3774 -9.990e-29  1023.5785    15.6062    23.4825     8.1628    249.217    8.06135  246.11840    101.259 0.0000e+00
   40.68470  -72.06248     21.530     21.362    15.6371    31.8979      8.038     0.3908 -9.990e-29  1023.5256    15.6338    23.4454     8.1360    248.412    8.03958  245.46673    101.200 0.0000e+00
   40.68470  -72.06248     21.492     21.325    15.6509    31.8734      8.038     0.3908 -9.990e-29  1023.5178    15.6476    23.4212     8.1200    247.941    8.02757  245.12018    101.151 -9.990e-29
   40.68470  -72.06248     21.490     21.323    15.6821    31.8563      8.038     0.3774 -9.990e-29  1023.4967    15.6789    23.4025     8.1168    247.868    8.02334  245.01330    101.165 -9.990e-29
   40.68470  -72.06248     21.461     21.294    15.7056    31.8437      8.043     0.3774 -9.990e-29  1023.4746    15.7023    23.3871     8.1178    247.905    8.02246  244.99406    101.188 0.0000e+00
   40.68470  -72.06248     21.451     21.284    15.7318    31.8380      8.038     0.3774 -9.990e-29  1023.4758    15.7286    23.3767     8.1098    247.655    8.01679  244.81540    101.160 0.0000e+00
   40.68470  -72.06248     21.418     21.251    15.7670    31.8267      8.043     0.3774 -9.990e-29  1023.4628    15.7638    23.3629     8.0921    247.116    8.00282  244.38989    101.116 0.0000e+00
   40.68470  -72.06248     21.400     21.234    15.7718    31.7984      8.043     0.3774 -9.990e-29  1023.4396    15.7686    23.3381     8.0783    246.703    7.98773  243.93670    101.134 0.0000e+00
   40.68470  -72.06248     21.377     21.211    15.7814    31.7643      8.043     0.3908 -9.990e-29  1023.3905    15.7781    23.3113     8.0689    246.426    7.98096  243.74172    101.101 0.0000e+00
   40.68470  -72.06250     21.360     21.194    15.7674    31.7552      8.043     0.3774 -9.990e-29  1023.3790    15.7641    23.3059     8.0684    246.415    7.98263  243.79478    101.075 0.0000e+00
   40.68470  -72.06250     21.329     21.163    15.7482    31.7841      8.043     0.3774 -9.990e-29  1023.4205    15.7450    23.3301     8.0641    246.276    7.98062  243.72674    101.046 0.0000e+00
   40.68470  -72.06250     21.307     21.141    15.7476    31.8269      8.043     0.3774 -9.990e-29  1023.4690    15.7443    23.3615     8.0508    245.862    7.97028  243.40201    101.011 0.0000e+00
   40.68470  -72.06250     21.279     21.114    15.7884    31.8492      8.048     0.3774 -9.990e-29  1023.4850    15.7852    23.3727     8.0370    245.441    7.95511  242.93966    101.030 0.0000e+00
   40.68470  -72.06250     21.256     21.090    15.8301    31.8303      8.048     0.3774 -9.990e-29  1023.4626    15.8269    23.3509     8.0203    244.937    7.94135  242.52686    100.994 0.0000e+00
   40.68470  -72.06250     21.238     21.073    15.8604    31.7700      8.048     0.3774 -9.990e-29  1023.3993    15.8572    23.3000     8.0064    244.525    7.93039  242.20364    100.959 0.0000e+00
   40.68470  -72.06250     21.207     21.043    15.8659    31.7141      8.048     0.3774 -9.990e-29  1023.3005    15.8627    23.2611     7.9982    244.289    7.92484  242.04684    100.926 0.0000e+00
   40.68470  -72.06250     21.174     21.010    15.7618    31.7324      8.048     0.3774 -9.990e-29  1023.3457    15.7585    23.2900     7.9996    244.337    7.92372  242.02021    100.957 0.0000e+00
   40.68470  -72.06250     21.147     20.982    15.6526    31.8185      8.053     0.3774 -9.990e-29  1023.4841    15.6494    23.3725     8.0012    244.386    7.92235  241.97928    100.995 0.0000e+00
   40.68470  -72.06250     21.126     20.962    15.6294    31.9065      8.053     0.3774 -9.990e-29  1023.5568    15.6262    23.4477     7.9959    244.229    7.91862  241.86933    100.976 0.0000e+00
   40.68470  -72.06250     21.103     20.939    15.6453    31.9638      8.053     0.3774 -9.990e-29  1023.6012    15.6421    23.4902     7.9951    244.211    7.91509  241.76672    101.011 0.0000e+00
   40.68470  -72.06250     21.085     20.921    15.6897    31.9915      8.053     0.3774 -9.990e-29  1023.6031    15.6865    23.5054     8.0015    244.415    7.91305  241.71347    101.118 0.0000e+00
