CalculateIndicators/WaterTemperature/Data/CTD_NYOS/20240914_C23.cnv
* Sea-Bird SBE 9 Data File:
* FileName = C:\Seabird 9 CTD\Data\2024\202409_offshore\20240914_C23.hex
* Software Version Seasave V 7.23.2
* Temperature SN = 4590
* Conductivity SN = 3228
* Number of Bytes Per Scan = 44
* Number of Voltage Words = 5
* Number of Scans Averaged by the Deck Unit = 1
* NMEA Latitude = 40 21.40 N
* NMEA Longitude = 072 18.72 W
* NMEA UTC (Time) = Sep 14 2024  05:56:39
* NMEA baud rate = 4800
** Ship: Seawolf
** Station: 10.3
** Operator: TCM
# nquan = 18
# nvalues = 13671                       
# units = specified
# name 0 = latitude: Latitude [deg]
# name 1 = longitude: Longitude [deg]
# name 2 = prDM: Pressure, Digiquartz [db]
# name 3 = depSM: Depth [salt water, m]
# name 4 = t090C: Temperature [ITS-90, deg C]
# name 5 = sal00: Salinity, Practical [PSU]
# name 6 = ph: pH
# name 7 = flECO-AFL: Fluorescence, WET Labs ECO-AFL/FL [mg/m^3]
# name 8 = cpar: CPAR/Corrected Irradiance [%]
# name 9 = density00: Density [density, kg/m^3]
# name 10 = potemp090C: Potential Temperature [ITS-90, deg C]
# name 11 = sigma-é00: Density [sigma-theta, kg/m^3]
# name 12 = sbeox0Mg/L: Oxygen, SBE 43 [mg/l]
# name 13 = sbox0Mm/Kg: Oxygen, SBE 43 [umol/kg]
# name 14 = oxsolMg/L: Oxygen Saturation, Garcia & Gordon [mg/l]
# name 15 = oxsolMm/Kg: Oxygen Saturation, Garcia & Gordon [umol/kg]
# name 16 = sbeox0PS: Oxygen, SBE 43 [% saturation]
# name 17 = flag:  0.000e+00
# span 0 =   40.35666,   40.35682       
# span 1 =  -72.31318,  -72.31200       
# span 2 =      1.953,     53.321       
# span 3 =      1.938,     52.904       
# span 4 =     9.7695,    21.3902       
# span 5 =    31.4869,    32.9696       
# span 6 =      7.856,      8.199       
# span 7 =    -0.0121,     1.2236       
# span 8 = 1.6880e-11, 9.9999e+04       
# span 9 =  1021.8410,  1025.0549       
# span 10 =     9.7637,    21.3898      
# span 11 =    21.8232,    24.8137      
# span 12 =     6.6163,     9.3527      
# span 13 =    201.758,    285.442      
# span 14 =    7.34924,    9.23398      
# span 15 =  224.73818,  281.58048      
# span 16 =     71.713,    110.252      
# span 17 = 0.0000e+00, 0.0000e+00      
# interval = seconds: 0.0416667
# start_time = Sep 14 2024 05:56:40 [System UTC, first data scan.]
# bad_flag = -9.990e-29
*END*
[from data line 5709]
   40.35674  -72.31250     39.860     39.549    10.6420    32.2604 -9.990e-29     0.3908 1.6880e-11  1024.8854    10.6374    24.7060     7.0945    216.362    9.05630  276.19110     78.338 -9.990e-29
   40.35674  -72.31250     39.860     39.549    10.6433    32.2600 -9.990e-29     0.3774 1.6880e-11  1024.8851    10.6386    24.7054     7.0945    216.361    9.05636  276.19288     78.337 -9.990e-29
   40.35674  -72.31250     39.865     39.555    10.6448    32.2597 -9.990e-29     0.3774 1.6880e-11  1024.8846    10.6402    24.7050     7.0943    216.357    9.05644  276.19519     78.335 -9.990e-29
   40.35674  -72.31250     39.849     39.538    10.6455    32.2597 -9.990e-29     0.3908 1.6880e-11  1024.8843    10.6409    24.7048     7.0944    216.358    9.05672  276.20424     78.333 -9.990e-29
   40.35674  -72.31250     39.854     39.544    10.6461    32.2597 -9.990e-29     0.3908 1.6880e-11  1024.8846    10.6415    24.7047     7.0944    216.358    9.05709  276.21590     78.329 -9.990e-29
   40.35674  -72.31250     39.860     39.549    10.6468    32.2597 -9.990e-29     0.3774 1.6880e-11  1024.8843    10.6422    24.7045     7.0944    216.359    9.05755  276.22994     78.326 -9.990e-29
   40.35674  -72.31250     39.849     39.538    10.6477    32.2595 -9.990e-29     0.3908 1.6880e-11  1024.8838    10.6430    24.7042     7.0886    216.182    9.05790  276.24009     78.259 -9.990e-29
   40.35674  -72.31250     39.845     39.534    10.6483    32.2593 -9.990e-29     0.4043 1.6880e-11  1024.8836    10.6437    24.7040     7.0933    216.325    9.05810  276.24617     78.309 -9.990e-29
   40.35674  -72.31250     39.849     39.538    10.6487    32.2593 -9.990e-29     0.4043 1.6880e-11  1024.8837    10.6441    24.7039     7.0929    216.313    9.05822  276.24960     78.303 -9.990e-29
   40.35674  -72.31250     39.835     39.525    10.6495    32.2593 -9.990e-29     0.4043 1.6880e-11  1024.8833    10.6448    24.7038     7.0924    216.297    9.05828  276.25124     78.297 -9.990e-29
   40.35674  -72.31250     39.839     39.529    10.6498    32.2594 -9.990e-29     0.4043 1.6880e-11  1024.8834    10.6452    24.7038     7.0862    216.107    9.05838  276.25404     78.228 -9.990e-29
   40.35674  -72.31250     39.835     39.525    10.6499    32.2594 -9.990e-29     0.4043 1.6880e-11  1024.8836    10.6453    24.7037     7.0912    216.261    9.05836  276.25312     78.284 -9.990e-29
   40.35674  -72.31250     39.828     39.518    10.6506    32.2593 -9.990e-29     0.4043 1.6880e-11  1024.8829    10.6460    24.7035     7.0904    216.235    9.05820  276.24802     78.276 -9.990e-29
   40.35674  -72.31250     39.828     39.518    10.6508    32.2591 -9.990e-29     0.4043 1.6880e-11  1024.8830    10.6462    24.7033     7.0838    216.036    9.05805  276.24373     78.205 -9.990e-29
   40.35674  -72.31250     39.824     39.514    10.6509    32.2587 -9.990e-29     0.4043 1.6880e-11  1024.8829    10.6463    24.7031     7.0823    215.989    9.05800  276.24280     78.188 -9.990e-29
   40.35674  -72.31250     39.818     39.508    10.6511    32.2582 -9.990e-29     0.4043 1.6880e-11  1024.8820    10.6465    24.7027     7.0867    216.125    9.05836  276.25384     78.234 -9.990e-29
   40.35674  -72.31250     39.814     39.504    10.6513    32.2577 -9.990e-29     0.3908 1.6880e-11  1024.8819    10.6466    24.7022     7.0805    215.935    9.05875  276.26574     78.162 -9.990e-29
   40.35674  -72.31250     39.818     39.508    10.6514    32.2573 -9.990e-29     0.4043 1.6880e-11  1024.8813    10.6468    24.7019     7.0855    216.088    9.05900  276.27288     78.216 -9.990e-29
   40.35674  -72.31250     39.814     39.504    10.6511    32.2570 -9.990e-29     0.4043 1.6880e-11  1024.8812    10.6465    24.7017     7.0854    216.085    9.05909  276.27557     78.214 -9.990e-29
   40.35674  -72.31250     39.798     39.488    10.6511    32.2569 -9.990e-29     0.4043 1.6880e-11  1024.8812    10.6465    24.7016     7.0853    216.082    9.05922  276.27945     78.211 -9.990e-29
   40.35674  -72.31250     39.809     39.499    10.6514    32.2568 -9.990e-29     0.4043 1.6880e-11  1024.8809    10.6468    24.7014     7.0787    215.879    9.05923  276.27957     78.138 -9.990e-29
   40.35674  -72.31250     39.803     39.493    10.6513    32.2565 -9.990e-29     0.4043 1.6880e-11  1024.8807    10.6467    24.7013     7.0777    215.848    9.05922  276.27919     78.127 -9.990e-29
   40.35674  -72.31252     39.809     39.499    10.6514    32.2565 -9.990e-29     0.4043 1.6880e-11  1024.8806    10.6468    24.7013     7.0767    215.817    9.05920  276.27831     78.116 -9.990e-29
   40.35674  -72.31252     39.794     39.484    10.6508    32.2567 -9.990e-29     0.4043 1.6880e-11  1024.8811    10.6462    24.7015     7.0812    215.956    9.05903  276.27336     78.167 -9.990e-29
   40.35674  -72.31252     39.798     39.488    10.6506    32.2569 -9.990e-29     0.4043 1.6880e-11  1024.8811    10.6460    24.7017     7.0809    215.945    9.05898  276.27178     78.164 -9.990e-29
   40.35674  -72.31252     39.798     39.488    10.6499    32.2572 -9.990e-29     0.4043 1.6880e-11  1024.8816    10.6453    24.7020     7.0749    215.762    9.05897  276.27155     78.098 -9.990e-29
   40.35674  -72.31252     39.803     39.493    10.6498    32.2572 -9.990e-29     0.4043 1.6880e-11  1024.8817    10.6452    24.7021     7.0738    215.730    9.05900  276.27248     78.086 -9.990e-29
   40.35674  -72.31252     39.798     39.488    10.6499    32.2572 -9.990e-29     0.4043 1.6880e-11  1024.8814    10.6453    24.7021     7.0785    215.872    9.05904  276.27359     78.137 -9.990e-29
   40.35674  -72.31252     39.794     39.484    10.6498    32.2573 -9.990e-29     0.4043 1.6880e-11  1024.8814    10.6452    24.7022     7.0732    215.711    9.05903  276.27322     78.079 -9.990e-29
   40.35674  -72.31252     39.809     39.499    10.6493    32.2577 -9.990e-29     0.3908 1.6880e-11  1024.8819    10.6447    24.7026     7.0728    215.700    9.05899  276.27189     78.075 -9.990e-29
   40.35674  -72.31252     39.803     39.493    10.6488    32.2583 -9.990e-29     0.4043 1.6880e-11  1024.8826    10.6442    24.7030     7.0725    215.689    9.05891  276.26937     78.072 -9.990e-29
   40.35674  -72.31252     39.809     39.499    10.6487    32.2588 -9.990e-29     0.4043 1.6880e-11  1024.8830    10.6441    24.7035     7.0713    215.653    9.05869  276.26215     78.061 -9.990e-29
   40.35674  -72.31252     39.809     39.499    10.6486    32.2591 -9.990e-29     0.4177 1.6880e-11  1024.8834    10.6440    24.7037     7.0701    215.618    9.05848  276.25562     78.050 -9.990e-29
   40.35674  -72.31252     39.803     39.493    10.6493    32.2590 -9.990e-29     0.4043 1.6880e-11  1024.8832    10.6447    24.7036     7.0696    215.602    9.05818  276.24666     78.047 -9.990e-29
   40.35674  -72.31252     39.818     39.508    10.6501    32.2588 -9.990e-29     0.4043 1.6880e-11  1024.8827    10.6455    24.7033     7.0692    215.588    9.05789  276.23781     78.044 -9.990e-29
   40.35674  -72.31252     39.824     39.514    10.6504    32.2585 -9.990e-29     0.4043 1.6880e-11  1024.8826    10.6458    24.7030     7.0687    215.574    9.05755  276.22772     78.042 -9.990e-29
   40.35674  -72.31252     39.818     39.508    10.6509    32.2581 -9.990e-29     0.4043 1.6880e-11  1024.8821    10.6463    24.7026     7.0683    215.562    9.05731  276.22038     78.040 -9.990e-29
   40.35674  -72.31252     39.835     39.525    10.6511    32.2577 -9.990e-29     0.4043 1.6880e-11  1024.8817    10.6465    24.7022     7.0680    215.553    9.05705  276.21295     78.039 -9.990e-29
   40.35674  -72.31252     39.828     39.518    10.6511    32.2574 -9.990e-29     0.4177 1.6880e-11  1024.8815    10.6465    24.7020     7.0670    215.521    9.05686  276.20728     78.029 -9.990e-29
   40.35674  -72.31252     39.839     39.529    10.6511    32.2572 -9.990e-29     0.4177 1.6880e-11  1024.8815    10.6465    24.7019     7.0667    215.514    9.05670  276.20254     78.028 -9.990e-29
   40.35674  -72.31252     39.845     39.534    10.6509    32.2570 -9.990e-29     0.4177 1.6880e-11  1024.8814    10.6463    24.7017     7.0666    215.511    9.05664  276.20109     78.027 -9.990e-29
   40.35674  -72.31252     39.839     39.529    10.6506    32.2567 -9.990e-29     0.4177 1.6880e-11  1024.8810    10.6460    24.7015     7.0715    215.659    9.05662  276.20052     78.081 -9.990e-29
   40.35674  -72.31252     39.875     39.564    10.6504    32.2567 -9.990e-29     0.4043 1.6880e-11  1024.8814    10.6458    24.7015     7.0722    215.681    9.05667  276.20221     78.088 -9.990e-29
   40.35674  -72.31252     39.869     39.559    10.6503    32.2566 -9.990e-29     0.4043 1.6880e-11  1024.8816    10.6456    24.7015     7.0672    215.529    9.05674  276.20413     78.032 -9.990e-29
   40.35674  -72.31252     39.869     39.559    10.6501    32.2563 -9.990e-29     0.4177 1.6880e-11  1024.8810    10.6455    24.7013     7.0672    215.529    9.05682  276.20643     78.032 -9.990e-29
   40.35674  -72.31252     39.875     39.564    10.6499    32.2560 -9.990e-29     0.4043 1.6880e-11  1024.8809    10.6453    24.7011     7.0672    215.529    9.05680  276.20567     78.032 -9.990e-29
   40.35674  -72.31252     39.900     39.589    10.6493    32.2559 -9.990e-29     0.4177 1.6880e-11  1024.8809    10.6447    24.7011     7.0729    215.701    9.05677  276.20439     78.095 -9.990e-29
   40.35674  -72.31252     39.896     39.585    10.6486    32.2559 -9.990e-29     0.4043 1.6880e-11  1024.8812    10.6440    24.7013     7.0686    215.570    9.05663  276.20006     78.048 -9.990e-29
   40.35674  -72.31252     39.900     39.589    10.6482    32.2560 -9.990e-29     0.4043 1.6880e-11  1024.8815    10.6435    24.7014     7.0685    215.570    9.05653  276.19710     78.049 -9.990e-29
   40.35674  -72.31252     39.920     39.609    10.6480    32.2560 -9.990e-29     0.4043 1.6880e-11  1024.8814    10.6433    24.7014     7.0686    215.572    9.05647  276.19522     78.051 -9.990e-29
   40.35674  -72.31252     39.916     39.605    10.6475    32.2555 -9.990e-29     0.4177 1.6880e-11  1024.8817    10.6429    24.7011     7.0686    215.572    9.05629  276.18995     78.052 -9.990e-29
   40.35674  -72.31252     39.941     39.630    10.6466    32.2542 -9.990e-29     0.4043 1.6880e-11  1024.8805    10.6419    24.7003     7.0688    215.577    9.05633  276.19106     78.054 -9.990e-29
   40.35674  -72.31252     39.937     39.626    10.6453    32.2528 -9.990e-29     0.4177 1.6880e-11  1024.8790    10.6407    24.6994     7.0690    215.585    9.05637  276.19243     78.056 -9.990e-29
   40.35674  -72.31252     39.941     39.630    10.6432    32.2522 -9.990e-29     0.4043 1.6880e-11  1024.8789    10.6385    24.6993     7.0692    215.590    9.05630  276.19003     78.058 -9.990e-29
   40.35674  -72.31252     39.956     39.645    10.6411    32.2525 -9.990e-29     0.4043 1.6880e-11  1024.8802    10.6365    24.6999     7.0694    215.594    9.05617  276.18602     78.061 -9.990e-29
   40.35674  -72.31252     39.960     39.649    10.6399    32.2532 -9.990e-29     0.4311 1.6880e-11  1024.8808    10.6353    24.7006     7.0688    215.577    9.05603  276.18194     78.056 -9.990e-29
   40.35674  -72.31252     39.960     39.649    10.6390    32.2540 -9.990e-29     0.4311 1.6880e-11  1024.8816    10.6344    24.7014     7.0690    215.583    9.05592  276.17873     78.059 -9.990e-29
   40.35674  -72.31252     39.977     39.666    10.6384    32.2550 -9.990e-29     0.4446 1.6880e-11  1024.8826    10.6338    24.7023     7.0692    215.589    9.05578  276.17441     78.062 -9.990e-29
   40.35674  -72.31252     39.972     39.660    10.6376    32.2559 -9.990e-29     0.4311 1.6880e-11  1024.8834    10.6330    24.7031     7.0750    215.767    9.05555  276.16771     78.129 -9.990e-29
   40.35674  -72.31252     39.998     39.686    10.6374    32.2568 -9.990e-29     0.4311 1.6880e-11  1024.8844    10.6328    24.7039     7.0751    215.771    9.05531  276.16038     78.132 -9.990e-29
   40.35674  -72.31252     39.981     39.670    10.6379    32.2572 -9.990e-29     0.4311 1.6880e-11  1024.8851    10.6333    24.7041     7.0760    215.798    9.05513  276.15505     78.144 -9.990e-29
   40.35674  -72.31252     40.002     39.690    10.6391    32.2565 -9.990e-29     0.4311 1.6880e-11  1024.8839    10.6345    24.7034     7.0769    215.824    9.05493  276.14935     78.155 -9.990e-29
   40.35674  -72.31252     39.998     39.686    10.6399    32.2551 -9.990e-29     0.4446 1.6880e-11  1024.8823    10.6352    24.7022     7.0714    215.657    9.05478  276.14472     78.096 -9.990e-29
   40.35674  -72.31252     40.002     39.690    10.6385    32.2542 -9.990e-29     0.4311 1.6880e-11  1024.8814    10.6339    24.7017     7.0765    215.814    9.05468  276.14169     78.153 -9.990e-29
   40.35674  -72.31252     40.007     39.696    10.6363    32.2542 -9.990e-29     0.4446 1.6880e-11  1024.8823    10.6316    24.7020     7.0775    215.843    9.05459  276.13889     78.165 -9.990e-29
   40.35674  -72.31252     40.012     39.700    10.6348    32.2548 -9.990e-29     0.4311 1.6880e-11  1024.8834    10.6301    24.7027     7.0776    215.848    9.05449  276.13593     78.167 -9.990e-29
   40.35674  -72.31252     40.012     39.700    10.6343    32.2553 -9.990e-29     0.4446 1.6880e-11  1024.8835    10.6296    24.7033     7.0729    215.704    9.05444  276.13462     78.115 -9.990e-29
   40.35674  -72.31252     40.007     39.696    10.6333    32.2560 -9.990e-29     0.4311 1.6880e-11  1024.8845    10.6286    24.7039     7.0789    215.886    9.05444  276.13449     78.181 -9.990e-29
   40.35674  -72.31252     40.012     39.700    10.6331    32.2566 -9.990e-29     0.4446 1.6880e-11  1024.8849    10.6285    24.7044     7.0799    215.916    9.05440  276.13336     78.193 -9.990e-29
   40.35674  -72.31252     40.012     39.700    10.6329    32.2572 -9.990e-29     0.4446 1.6880e-11  1024.8855    10.6283    24.7049     7.0801    215.924    9.05441  276.13348     78.196 -9.990e-29
   40.35674  -72.31252     40.018     39.707    10.6329    32.2574 -9.990e-29     0.4446 1.6880e-11  1024.8859    10.6283    24.7051     7.0804    215.932    9.05444  276.13447     78.198 -9.990e-29
   40.35674  -72.31252     40.012     39.700    10.6339    32.2574 -9.990e-29     0.4311 1.6880e-11  1024.8852    10.6293    24.7050     7.0806    215.938    9.05443  276.13384     78.200 -9.990e-29
   40.35674  -72.31252     39.998     39.686    10.6341    32.2574 -9.990e-29     0.4446 1.6880e-11  1024.8854    10.6294    24.7049     7.0815    215.966    9.05440  276.13309     78.211 -9.990e-29
   40.35674  -72.31252     40.012     39.700    10.6343    32.2573 -9.990e-29     0.4446 1.6880e-11  1024.8851    10.6296    24.7048     7.0825    215.995    9.05442  276.13398     78.221 -9.990e-29
   40.35674  -72.31252     40.002     39.690    10.6341    32.2573 -9.990e-29     0.4311 1.6880e-11  1024.8850    10.6295    24.7049     7.0827    216.003    9.05454  276.13754     78.223 -9.990e-29
   40.35674  -72.31252     39.988     39.677    10.6338    32.2576 -9.990e-29     0.4446 1.6880e-11  1024.8854    10.6291    24.7052     7.0830    216.011    9.05464  276.14068     78.225 -9.990e-29
   40.35674  -72.31252     40.002     39.690    10.6336    32.2581 -9.990e-29     0.4446 1.6880e-11  1024.8861    10.6290    24.7055     7.0839    216.040    9.05476  276.14429     78.234 -9.990e-29
   40.35674  -72.31252     39.988     39.677    10.6338    32.2585 -9.990e-29     0.4311 1.6880e-11  1024.8860    10.6292    24.7058     7.0841    216.045    9.05481  276.14581     78.236 -9.990e-29
   40.35674  -72.31252     39.972     39.660    10.6341    32.2593 -9.990e-29     0.4311 1.6880e-11  1024.8862    10.6295    24.7064     7.0842    216.049    9.05485  276.14706     78.237 -9.990e-29
