CalculateIndicators/WaterTemperature/Data/CTD_NYOS/20240428_C18.cnv
* Sea-Bird SBE 9 Data File:
* FileName = C:\Seabird 9 CTD\Data\2024\202404_offshore\20240428_C18.hex
* Software Version Seasave V 7.23.2
* Temperature SN = 4590
* Conductivity SN = 3228
* Number of Bytes Per Scan = 44
* Number of Voltage Words = 5
* Number of Scans Averaged by the Deck Unit = 1
* NMEA Latitude = 40 25.77 N
* NMEA Longitude = 072 49.78 W
* NMEA UTC (Time) = Apr 28 2024  00:34:14
* NMEA baud rate = 4800
** Ship: Seawolf
** Station: 9.2
** Operator: TDK
# nquan = 18
# nvalues = 13496                       
# units = specified
# name 0 = latitude: Latitude [deg]
# name 1 = longitude: Longitude [deg]
# name 2 = prDM: Pressure, Digiquartz [db]
# name 3 = depSM: Depth [salt water, m]
# name 4 = t090C: Temperature [ITS-90, deg C]
# name 5 = sal00: Salinity, Practical [PSU]
# name 6 = ph: pH
# name 7 = flECO-AFL: Fluorescence, WET Labs ECO-AFL/FL [mg/m^3]
# name 8 = cpar: CPAR/Corrected Irradiance [%]
# name 9 = density00: Density [density, kg/m^3]
# name 10 = potemp090C: Potential Temperature [ITS-90, deg C]
# name 11 = sigma-é00: Density [sigma-theta, kg/m^3]
# name 12 = sbeox0Mg/L: Oxygen, SBE 43 [mg/l]
# name 13 = sbox0Mm/Kg: Oxygen, SBE 43 [umol/kg]
# name 14 = oxsolMg/L: Oxygen Saturation, Garcia & Gordon [mg/l]
# name 15 = oxsolMm/Kg: Oxygen Saturation, Garcia & Gordon [umol/kg]
# name 16 = sbeox0PS: Oxygen, SBE 43 [% saturation]
# name 17 = flag:  0.000e+00
# span 0 =   40.42958,   40.43070       
# span 1 =  -72.82974,  -72.82754       
# span 2 =      1.702,     38.907       
# span 3 =      1.689,     38.604       
# span 4 =     6.0295,     9.1693       
# span 5 =    30.0772,    31.7985       
# span 6 =      7.843,      8.101       
# span 7 =     0.0819,     2.2712       
# span 8 = 9.9999e+04, 9.9999e+04       
# span 9 =  1023.2435,  1025.1830       
# span 10 =     6.0269,     9.1685      
# span 11 =    23.1735,    25.0036      
# span 12 =     7.8722,    10.3120      
# span 13 =    240.195,    314.692      
# span 14 =    9.48085,   10.10673      
# span 15 =  289.53146,  308.23129      
# span 16 =     79.179,    106.699      
# span 17 = 0.0000e+00, 0.0000e+00      
# interval = seconds: 0.0416667
# start_time = Apr 28 2024 00:34:15 [System UTC, first data scan.]
# bad_flag = -9.990e-29
*END*
[from data line 6674]
   40.43010 -9.990e-29     25.005     24.811     6.4107    31.2008      7.876     0.4849 9.9999e+04  1024.6173     6.4086    24.5023     8.3834    255.721   10.02747  305.86871     83.605 -9.990e-29
   40.43010 -9.990e-29     25.016     24.822     6.4108    31.2020      7.876     0.4849 9.9999e+04  1024.6186     6.4088    24.5032     8.3840    255.739   10.02758  305.87219     83.610 -9.990e-29
   40.43010 -9.990e-29     25.030     24.836     6.4116    31.2035      7.881     0.4849 9.9999e+04  1024.6200     6.4096    24.5043     8.3785    255.571   10.02787  305.88087     83.553 -9.990e-29
   40.43010 -9.990e-29     25.036     24.841     6.4131    31.2049      7.881     0.4849 9.9999e+04  1024.6210     6.4111    24.5052     8.3787    255.576   10.02806  305.88655     83.553 -9.990e-29
   40.43010 -9.990e-29     25.056     24.862     6.4150    31.2056      7.876     0.4849 9.9999e+04  1024.6218     6.4130    24.5056     8.3788    255.580   10.02796  305.88324     83.555 -9.990e-29
   40.43010 -9.990e-29     25.061     24.866     6.4170    31.2052      7.876     0.5117 9.9999e+04  1024.6212     6.4149    24.5051     8.3793    255.595   10.02796  305.88340     83.559 -9.990e-29
   40.43010 -9.990e-29     25.077     24.882     6.4180    31.2039      7.881     0.5654 9.9999e+04  1024.6199     6.4159    24.5039     8.3803    255.624   10.02823  305.89178     83.567 -9.990e-29
   40.43010 -9.990e-29     25.077     24.882     6.4174    31.2020      7.876     0.5923 9.9999e+04  1024.6181     6.4154    24.5025     8.3814    255.660   10.02846  305.89899     83.577 -9.990e-29
   40.43010 -9.990e-29     25.102     24.907     6.4167    31.2005      7.881     0.5923 9.9999e+04  1024.6166     6.4146    24.5014     8.3818    255.672   10.02868  305.90568     83.579 -9.990e-29
   40.43010 -9.990e-29     25.117     24.922     6.4152    31.1998      7.876     0.5789 9.9999e+04  1024.6169     6.4131    24.5010     8.3759    255.490   10.02885  305.91083     83.518 -9.990e-29
   40.43010 -9.990e-29     25.117     24.922     6.4145    31.1997      7.876     0.5789 9.9999e+04  1024.6169     6.4125    24.5010     8.3821    255.679   10.02888  305.91163     83.579 -9.990e-29
   40.43010 -9.990e-29     25.132     24.937     6.4136    31.1996      7.876     0.5789 9.9999e+04  1024.6171     6.4115    24.5010     8.3831    255.711   10.02910  305.91826     83.588 -9.990e-29
   40.43010 -9.990e-29     25.138     24.943     6.4131    31.1996      7.876     0.5789 9.9999e+04  1024.6169     6.4111    24.5012     8.3843    255.748   10.02926  305.92321     83.599 -9.990e-29
   40.43010 -9.990e-29     25.158     24.963     6.4124    31.2001      7.876     0.5789 9.9999e+04  1024.6176     6.4104    24.5015     8.3845    255.752   10.02916  305.92005     83.601 -9.990e-29
   40.43010 -9.990e-29     25.168     24.973     6.4126    31.2009      7.876     0.5789 9.9999e+04  1024.6181     6.4105    24.5022     8.3783    255.564   10.02912  305.91875     83.540 -9.990e-29
   40.43010 -9.990e-29     25.162     24.967     6.4124    31.2023      7.876     0.5789 9.9999e+04  1024.6192     6.4104    24.5032     8.3782    255.561   10.02941  305.92822     83.536 -9.990e-29
   40.43010 -9.990e-29     25.189     24.993     6.4133    31.2039      7.876     0.5789 9.9999e+04  1024.6210     6.4112    24.5044     8.3849    255.766   10.02983  305.94133     83.600 -9.990e-29
   40.43010 -9.990e-29     25.189     24.993     6.4146    31.2050      7.876     0.5789 9.9999e+04  1024.6219     6.4125    24.5052     8.3798    255.609   10.03025  305.95420     83.545 -9.990e-29
   40.43010 -9.990e-29     25.204     25.008     6.4157    31.2053      7.876     0.5789 9.9999e+04  1024.6220     6.4136    24.5053     8.3802    255.622   10.03048  305.96134     83.547 -9.990e-29
   40.43010 -9.990e-29     25.209     25.014     6.4166    31.2046      7.876     0.5789 9.9999e+04  1024.6211     6.4146    24.5047     8.3808    255.640   10.03069  305.96826     83.551 -9.990e-29
   40.43010 -9.990e-29     25.219     25.023     6.4170    31.2036      7.876     0.5789 9.9999e+04  1024.6200     6.4149    24.5038     8.3816    255.665   10.03092  305.97527     83.557 -9.990e-29
   40.43010 -9.990e-29     25.224     25.029     6.4168    31.2028      7.876     0.5789 9.9999e+04  1024.6193     6.4147    24.5031     8.3826    255.696   10.03114  305.98206     83.566 -9.990e-29
   40.43010 -9.990e-29     25.240     25.044     6.4171    31.2028      7.876     0.5789 9.9999e+04  1024.6192     6.4151    24.5031     8.3827    255.699   10.03124  305.98563     83.566 -9.990e-29
   40.43010 -9.990e-29     25.230     25.034     6.4174    31.2033      7.881     0.5789 9.9999e+04  1024.6202     6.4154    24.5035     8.3839    255.737   10.03130  305.98751     83.578 -9.990e-29
   40.43010 -9.990e-29     25.240     25.044     6.4182    31.2038      7.881     0.5789 9.9999e+04  1024.6204     6.4162    24.5038     8.3844    255.752   10.03146  305.99221     83.581 -9.990e-29
   40.43010 -9.990e-29     25.234     25.038     6.4187    31.2038      7.876     0.5789 9.9999e+04  1024.6204     6.4167    24.5037     8.3786    255.576   10.03165  305.99760     83.522 -9.990e-29
 -9.990e-29  -72.82864     25.240     25.044     6.4191    31.2034      7.881     0.5789 9.9999e+04  1024.6199     6.4170    24.5034     8.3850    255.770   10.03177  306.00083     83.585 -9.990e-29
 -9.990e-29  -72.82864     25.240     25.044     6.4194    31.2027      7.876     0.5789 9.9999e+04  1024.6196     6.4173    24.5028     8.3860    255.799   10.03182  306.00214     83.594 -9.990e-29
 -9.990e-29  -72.82864     25.244     25.048     6.4197    31.2015      7.881     0.5789 9.9999e+04  1024.6183     6.4177    24.5019     8.3870    255.831   10.03180  306.00126     83.605 -9.990e-29
 -9.990e-29  -72.82864     25.240     25.044     6.4189    31.2006      7.876     0.5789 9.9999e+04  1024.6169     6.4169    24.5012     8.3873    255.838   10.03179  306.00098     83.607 -9.990e-29
 -9.990e-29  -72.82864     25.249     25.053     6.4170    31.2007      7.876     0.5654 9.9999e+04  1024.6179     6.4149    24.5015     8.3887    255.880   10.03184  306.00212     83.620 -9.990e-29
 -9.990e-29  -72.82864     25.219     25.023     6.4168    31.2014      7.876     0.5520 9.9999e+04  1024.6186     6.4147    24.5020     8.3902    255.926   10.03184  306.00213     83.635 -9.990e-29
 -9.990e-29  -72.82864     25.234     25.038     6.4178    31.2018      7.881     0.5520 9.9999e+04  1024.6192     6.4157    24.5023     8.3853    255.777   10.03179  306.00033     83.587 -9.990e-29
 -9.990e-29  -72.82864     25.230     25.034     6.4181    31.2014      7.876     0.5520 9.9999e+04  1024.6187     6.4160    24.5019     8.3916    255.970   10.03169  305.99718     83.651 -9.990e-29
 -9.990e-29  -72.82864     25.209     25.014     6.4176    31.2005      7.881     0.5520 9.9999e+04  1024.6173     6.4156    24.5013     8.3861    255.801   10.03169  305.99697     83.596 -9.990e-29
 -9.990e-29  -72.82864     25.224     25.029     6.4165    31.2000      7.881     0.5520 9.9999e+04  1024.6172     6.4144    24.5010     8.3863    255.807   10.03170  305.99758     83.598 -9.990e-29
 -9.990e-29  -72.82864     25.198     25.003     6.4157    31.2001      7.876     0.5520 9.9999e+04  1024.6172     6.4136    24.5012     8.3866    255.818   10.03171  305.99775     83.601 -9.990e-29
 -9.990e-29  -72.82864     25.198     25.003     6.4150    31.2005      7.881     0.5520 9.9999e+04  1024.6181     6.4130    24.5016     8.3870    255.829   10.03158  305.99383     83.606 -9.990e-29
 -9.990e-29  -72.82864     25.183     24.988     6.4152    31.2008      7.881     0.5520 9.9999e+04  1024.6181     6.4131    24.5018     8.3875    255.846   10.03146  305.99009     83.612 -9.990e-29
 -9.990e-29  -72.82864     25.168     24.973     6.4147    31.2009      7.881     0.5520 9.9999e+04  1024.6182     6.4126    24.5019     8.3884    255.872   10.03148  305.99051     83.621 -9.990e-29
 -9.990e-29  -72.82864     25.168     24.973     6.4146    31.2010      7.881     0.5520 9.9999e+04  1024.6180     6.4125    24.5020     8.3892    255.896   10.03126  305.98379     83.631 -9.990e-29
 -9.990e-29  -72.82864     25.138     24.942     6.4147    31.2014      7.881     0.5520 9.9999e+04  1024.6182     6.4126    24.5024     8.3900    255.920   10.03088  305.97176     83.642 -9.990e-29
 -9.990e-29  -72.82864     25.142     24.947     6.4147    31.2021      7.876     0.5520 9.9999e+04  1024.6190     6.4126    24.5029     8.3898    255.914   10.03034  305.95516     83.644 -9.990e-29
 -9.990e-29  -72.82864     25.117     24.922     6.4152    31.2027      7.876     0.5520 9.9999e+04  1024.6193     6.4131    24.5033     8.3964    256.114   10.02991  305.94186     83.713 -9.990e-29
 -9.990e-29  -72.82864     25.107     24.912     6.4163    31.2031      7.881     0.5520 9.9999e+04  1024.6196     6.4143    24.5035     8.3910    255.951   10.02958  305.93187     83.663 -9.990e-29
 -9.990e-29  -72.82864     25.092     24.897     6.4176    31.2028      7.881     0.5520 9.9999e+04  1024.6194     6.4156    24.5031     8.3915    255.966   10.02944  305.92793     83.669 -9.990e-29
 -9.990e-29  -72.82864     25.087     24.892     6.4173    31.2015      7.876     0.5520 9.9999e+04  1024.6180     6.4152    24.5020     8.3923    255.991   10.02950  305.93012     83.676 -9.990e-29
 -9.990e-29  -72.82864     25.067     24.873     6.4165    31.2001      7.881     0.5520 9.9999e+04  1024.6159     6.4144    24.5011     8.3932    256.018   10.02952  305.93060     83.685 -9.990e-29
 -9.990e-29  -72.82864     25.051     24.856     6.4149    31.1997      7.881     0.5520 9.9999e+04  1024.6168     6.4128    24.5009     8.3867    255.819   10.02954  305.93120     83.620 -9.990e-29
 -9.990e-29  -72.82864     25.026     24.832     6.4146    31.1996      7.881     0.5520 9.9999e+04  1024.6163     6.4125    24.5009     8.3933    256.021   10.02951  305.93048     83.686 -9.990e-29
 -9.990e-29  -72.82864     25.036     24.841     6.4134    31.1997      7.876     0.5520 9.9999e+04  1024.6163     6.4114    24.5011     8.3945    256.059   10.02950  305.93005     83.698 -9.990e-29
 -9.990e-29  -72.82864     25.009     24.815     6.4123    31.2002      7.876     0.5520 9.9999e+04  1024.6171     6.4103    24.5016     8.3948    256.065   10.02936  305.92560     83.702 -9.990e-29
 -9.990e-29  -72.82864     24.996     24.802     6.4124    31.2006      7.881     0.5520 9.9999e+04  1024.6178     6.4104    24.5020     8.3887    255.880   10.02936  305.92582     83.641 -9.990e-29
 -9.990e-29  -72.82864     24.975     24.781     6.4126    31.2004      7.876     0.5520 9.9999e+04  1024.6173     6.4105    24.5018     8.3882    255.865   10.02931  305.92443     83.637 -9.990e-29
 -9.990e-29  -72.82864     24.960     24.766     6.4118    31.1996      7.881     0.5654 9.9999e+04  1024.6163     6.4098    24.5013     8.3880    255.858   10.02940  305.92715     83.634 -9.990e-29
 -9.990e-29  -72.82864     24.945     24.751     6.4110    31.1991      7.881     0.5654 9.9999e+04  1024.6160     6.4089    24.5010     8.3878    255.852   10.02938  305.92645     83.632 -9.990e-29
 -9.990e-29  -72.82864     24.935     24.742     6.4101    31.1989      7.881     0.5654 9.9999e+04  1024.6160     6.4080    24.5010     8.3877    255.850   10.02936  305.92602     83.631 -9.990e-29
 -9.990e-29  -72.82864     24.919     24.725     6.4092    31.1991      7.881     0.5654 9.9999e+04  1024.6162     6.4072    24.5012     8.3879    255.855   10.02950  305.93041     83.632 -9.990e-29
 -9.990e-29  -72.82864     24.903     24.710     6.4090    31.1993      7.876     0.5654 9.9999e+04  1024.6164     6.4070    24.5014     8.3871    255.831   10.02957  305.93259     83.623 -9.990e-29
 -9.990e-29  -72.82864     24.884     24.691     6.4081    31.1994      7.881     0.5654 9.9999e+04  1024.6164     6.4061    24.5015     8.3874    255.841   10.02961  305.93335     83.626 -9.990e-29
 -9.990e-29  -72.82864     24.888     24.695     6.4075    31.1995      7.881     0.5654 9.9999e+04  1024.6164     6.4054    24.5017     8.3876    255.846   10.02939  305.92652     83.630 -9.990e-29
 -9.990e-29  -72.82864     24.863     24.671     6.4076    31.1996      7.876     0.5654 9.9999e+04  1024.6170     6.4056    24.5018     8.3879    255.856   10.02919  305.92032     83.635 -9.990e-29
 -9.990e-29  -72.82864     24.863     24.671     6.4079    31.1991      7.881     0.5654 9.9999e+04  1024.6167     6.4059    24.5013     8.3949    256.070   10.02908  305.91690     83.706 -9.990e-29
 -9.990e-29  -72.82864     24.847     24.654     6.4073    31.1976      7.881     0.5654 9.9999e+04  1024.6149     6.4052    24.5002     8.3954    256.083   10.02883  305.90904     83.712 -9.990e-29
 -9.990e-29  -72.82864     24.843     24.650     6.4062    31.1960      7.881     0.5654 9.9999e+04  1024.6132     6.4041    24.4991     8.3891    255.894   10.02841  305.89618     83.654 -9.990e-29
 -9.990e-29  -72.82864     24.843     24.650     6.4044    31.1950      7.876     0.5654 9.9999e+04  1024.6133     6.4024    24.4984     8.3898    255.914   10.02822  305.89043     83.662 -9.990e-29
 -9.990e-29  -72.82864     24.828     24.635     6.4037    31.1941      7.881     0.5654 9.9999e+04  1024.6125     6.4017    24.4978     8.3896    255.909   10.02814  305.88835     83.661 -9.990e-29
 -9.990e-29  -72.82864     24.822     24.630     6.4031    31.1930      7.881     0.5654 9.9999e+04  1024.6117     6.4011    24.4971     8.3897    255.911   10.02818  305.88963     83.661 -9.990e-29
 -9.990e-29  -72.82864     24.822     24.630     6.4024    31.1920      7.881     0.5654 9.9999e+04  1024.6110     6.4004    24.4964     8.3898    255.915   10.02824  305.89152     83.662 -9.990e-29
 -9.990e-29  -72.82864     24.817     24.624     6.4017    31.1911      7.876     0.5654 9.9999e+04  1024.6105     6.3997    24.4958     8.3832    255.713   10.02791  305.88090     83.599 -9.990e-29
 -9.990e-29  -72.82864     24.813     24.620     6.4017    31.1903      7.881     0.5654 9.9999e+04  1024.6093     6.3996    24.4951     8.3817    255.666   10.02702  305.85309     83.591 -9.990e-29
 -9.990e-29  -72.82864     24.822     24.630     6.4015    31.1900      7.881     0.5654 9.9999e+04  1024.6092     6.3994    24.4949     8.3802    255.619   10.02598  305.82114     83.585 -9.990e-29
 -9.990e-29  -72.82864     24.807     24.614     6.4007    31.1906      7.881     0.5654 9.9999e+04  1024.6096     6.3986    24.4955     8.3792    255.589   10.02536  305.80241     83.580 -9.990e-29
 -9.990e-29  -72.82864     24.822     24.630     6.3994    31.1918      7.881     0.5654 9.9999e+04  1024.6111     6.3974    24.4966     8.3850    255.766   10.02495  305.79002     83.641 -9.990e-29
 -9.990e-29  -72.82864     24.813     24.620     6.3983    31.1932      7.876     0.5654 9.9999e+04  1024.6129     6.3962    24.4979     8.3777    255.543   10.02442  305.77388     83.573 -9.990e-29
 -9.990e-29  -72.82864     24.828     24.635     6.3980    31.1943      7.881     0.5654 9.9999e+04  1024.6133     6.3959    24.4988     8.3772    255.529   10.02411  305.76461     83.571 -9.990e-29
 -9.990e-29  -72.82864     24.822     24.630     6.3976    31.1952      7.876     0.5654 9.9999e+04  1024.6144     6.3956    24.4995     8.3771    255.526   10.02403  305.76242     83.570 -9.990e-29
 -9.990e-29  -72.82864     24.843     24.650     6.3976    31.1959      7.876     0.5654 9.9999e+04  1024.6146     6.3956    24.5001     8.3770    255.525   10.02389  305.75859     83.571 -9.990e-29
 -9.990e-29  -72.82864     24.837     24.645     6.3971    31.1966      7.876     0.5654 9.9999e+04  1024.6156     6.3951    24.5006     8.3773    255.532   10.02391  305.75966     83.573 -9.990e-29
