CalculateIndicators/WaterTemperature/Data/CTD_NYOS/20240915_C33.cnv
* Sea-Bird SBE 9 Data File:
* FileName = C:\Seabird 9 CTD\Data\2024\202409_offshore\20240915_C33.hex
* Software Version Seasave V 7.23.2
* Temperature SN = 4590
* Conductivity SN = 3228
* Number of Bytes Per Scan = 44
* Number of Voltage Words = 5
* Number of Scans Averaged by the Deck Unit = 1
* NMEA Latitude = 40 18.52 N
* NMEA Longitude = 071 48.46 W
* NMEA UTC (Time) = Sep 15 2024  04:15:26
* NMEA baud rate = 4800
** Ship: Seawolf
** Station: 11.4
** Operator: TCM
# nquan = 18
# nvalues = 12790                       
# units = specified
# name 0 = latitude: Latitude [deg]
# name 1 = longitude: Longitude [deg]
# name 2 = prDM: Pressure, Digiquartz [db]
# name 3 = depSM: Depth [salt water, m]
# name 4 = t090C: Temperature [ITS-90, deg C]
# name 5 = sal00: Salinity, Practical [PSU]
# name 6 = ph: pH
# name 7 = flECO-AFL: Fluorescence, WET Labs ECO-AFL/FL [mg/m^3]
# name 8 = cpar: CPAR/Corrected Irradiance [%]
# name 9 = density00: Density [density, kg/m^3]
# name 10 = potemp090C: Potential Temperature [ITS-90, deg C]
# name 11 = sigma-é00: Density [sigma-theta, kg/m^3]
# name 12 = sbeox0Mg/L: Oxygen, SBE 43 [mg/l]
# name 13 = sbox0Mm/Kg: Oxygen, SBE 43 [umol/kg]
# name 14 = oxsolMg/L: Oxygen Saturation, Garcia & Gordon [mg/l]
# name 15 = oxsolMm/Kg: Oxygen Saturation, Garcia & Gordon [umol/kg]
# name 16 = sbeox0PS: Oxygen, SBE 43 [% saturation]
# name 17 = flag:  0.000e+00
# span 0 =   40.30872,   40.30896       
# span 1 =  -71.81032,  -71.80774       
# span 2 =      1.771,     69.766       
# span 3 =      1.757,     69.218       
# span 4 =    10.4303,    22.0846       
# span 5 =    31.8419,    34.3684       
# span 6 =      7.896,      8.207       
# span 7 =    -0.0524,     2.0294       
# span 8 = 1.6880e-11, 9.9999e+04       
# span 9 =  1022.9892,  1025.9149       
# span 10 =    10.4263,    22.0808      
# span 11 =    22.9833,    25.6031      
# span 12 =     6.3344,     8.5872      
# span 13 =    193.013,    261.971      
# span 14 =    7.17663,    9.09633      
# span 15 =  219.18501,  277.40191      
# span 16 =     71.367,    107.460      
# span 17 = 0.0000e+00, 0.0000e+00      
# interval = seconds: 0.0416667
# start_time = Sep 15 2024 04:15:27 [System UTC, first data scan.]
# bad_flag = -9.990e-29
*END*
[from data line 161]
   40.30876  -71.80776      2.373      2.355    21.5705    33.2320 -9.990e-29     0.0282 8.0901e+01  1023.0038    21.5700    22.9936     7.0850    216.432    7.26296  221.86913     97.549 -9.990e-29
   40.30876  -71.80776      2.383      2.365    21.5706    33.2319 -9.990e-29     0.0282 8.8909e+01  1023.0039    21.5702    22.9936     7.0852    216.438    7.26297  221.86926     97.552 -9.990e-29
   40.30876  -71.80776      2.362      2.344    21.5705    33.2318 -9.990e-29     0.0148 1.0087e+02  1023.0036    21.5700    22.9935     7.0857    216.455    7.26296  221.86905     97.560 -9.990e-29
   40.30876  -71.80776      2.353      2.335    21.5705    33.2318 -9.990e-29     0.0013 1.2885e+02  1023.0036    21.5700    22.9935     7.0905    216.602    7.26295  221.86872     97.626 -9.990e-29
   40.30876  -71.80776      2.342      2.324    21.5705    33.2318 -9.990e-29     0.0013 1.3893e+02  1023.0036    21.5700    22.9935     7.0911    216.619    7.26298  221.86958     97.633 -9.990e-29
   40.30876  -71.80776      2.323      2.305    21.5706    33.2318 -9.990e-29     0.0013 1.0820e+02  1023.0034    21.5702    22.9935     7.0919    216.644    7.26296  221.86912     97.645 -9.990e-29
   40.30876  -71.80776      2.323      2.305    21.5705    33.2319 -9.990e-29     0.0013 5.4363e+01  1023.0037    21.5700    22.9936     7.0881    216.529    7.26297  221.86937     97.593 -9.990e-29
   40.30876  -71.80776      2.323      2.305    21.5705    33.2320 -9.990e-29     0.0013 4.2313e+01  1023.0036    21.5700    22.9937     7.0883    216.533    7.26299  221.87004     97.595 -9.990e-29
   40.30876  -71.80776      2.312      2.294    21.5703    33.2321 -9.990e-29     0.0013 4.4314e+01  1023.0038    21.5698    22.9938     7.0926    216.666    7.26298  221.86965     97.655 -9.990e-29
   40.30876  -71.80776      2.302      2.284    21.5705    33.2322 -9.990e-29     0.0013 5.5025e+01  1023.0037    21.5700    22.9939     7.0931    216.680    7.26299  221.86999     97.661 -9.990e-29
   40.30876  -71.80776      2.292      2.275    21.5703    33.2323 -9.990e-29     0.0013 6.0053e+01  1023.0039    21.5699    22.9939     7.0935    216.691    7.26298  221.86954     97.666 -9.990e-29
   40.30876  -71.80776      2.302      2.284    21.5705    33.2322 -9.990e-29     0.0013 6.0779e+01  1023.0037    21.5700    22.9938     7.0938    216.702    7.26295  221.86878     97.671 -9.990e-29
   40.30876  -71.80776      2.292      2.275    21.5706    33.2320 -9.990e-29     0.0013 6.8305e+01  1023.0034    21.5702    22.9936     7.0942    216.713    7.26297  221.86946     97.676 -9.990e-29
   40.30876  -71.80776      2.302      2.284    21.5705    33.2319 -9.990e-29     0.0013 7.2497e+01  1023.0036    21.5700    22.9936     7.0945    216.722    7.26295  221.86869     97.680 -9.990e-29
   40.30876  -71.80776      2.292      2.275    21.5706    33.2318 -9.990e-29     0.0013 7.2497e+01  1023.0033    21.5702    22.9935     7.0948    216.731    7.26297  221.86945     97.684 -9.990e-29
   40.30876  -71.80776      2.302      2.284    21.5706    33.2317 -9.990e-29    -0.0121 6.0053e+01  1023.0032    21.5702    22.9934     7.0950    216.738    7.26297  221.86935     97.687 -9.990e-29
   40.30876  -71.80776      2.302      2.284    21.5705    33.2317 -9.990e-29    -0.0121 5.3061e+01  1023.0035    21.5700    22.9934     7.0952    216.745    7.26296  221.86918     97.691 -9.990e-29
   40.30876  -71.80776      2.302      2.284    21.5706    33.2317 -9.990e-29     0.0013 5.1789e+01  1023.0032    21.5702    22.9934     7.0954    216.751    7.26295  221.86869     97.693 -9.990e-29
   40.30876  -71.80776      2.312      2.294    21.5703    33.2317 -9.990e-29     0.0013 5.1946e+01  1023.0035    21.5698    22.9935     7.0956    216.756    7.26295  221.86868     97.696 -9.990e-29
   40.30876  -71.80776      2.302      2.284    21.5703    33.2318 -9.990e-29     0.0013 2.5973e+01  1023.0034    21.5699    22.9936     7.0957    216.760    7.26295  221.86893     97.697 -9.990e-29
   40.30876  -71.80776      2.323      2.305    21.5703    33.2319 -9.990e-29     0.0013 2.5973e+01  1023.0038    21.5698    22.9936     7.0958    216.763    7.26293  221.86810     97.699 -9.990e-29
   40.30876  -71.80776      2.323      2.305    21.5705    33.2319 -9.990e-29     0.0013 3.0481e+01  1023.0034    21.5700    22.9936     7.0959    216.766    7.26293  221.86811     97.700 -9.990e-29
   40.30876  -71.80776      2.332      2.314    21.5703    33.2319 -9.990e-29     0.0013 3.6573e+01  1023.0038    21.5699    22.9936     7.0963    216.777    7.26290  221.86736     97.706 -9.990e-29
   40.30876  -71.80776      2.332      2.314    21.5705    33.2319 -9.990e-29     0.0013 3.8125e+01  1023.0036    21.5700    22.9936     7.0963    216.779    7.26291  221.86748     97.706 -9.990e-29
   40.30876  -71.80776      2.342      2.324    21.5703    33.2318 -9.990e-29     0.0013 4.1540e+01  1023.0037    21.5698    22.9935     7.1006    216.909    7.26288  221.86652     97.765 -9.990e-29
   40.30876  -71.80776      2.342      2.324    21.5706    33.2317 -9.990e-29     0.0013 4.7983e+01  1023.0033    21.5702    22.9934     7.1009    216.919    7.26290  221.86722     97.770 -9.990e-29
   40.30874  -71.80776      2.353      2.335    21.5705    33.2318 -9.990e-29     0.0013 4.9993e+01  1023.0037    21.5700    22.9935     7.0969    216.797    7.26290  221.86726     97.715 -9.990e-29
   40.30874  -71.80776      2.353      2.335    21.5706    33.2320 -9.990e-29     0.0148 4.3934e+01  1023.0037    21.5702    22.9936     7.0968    216.794    7.26291  221.86769     97.713 -9.990e-29
   40.30874  -71.80776      2.372      2.354    21.5706    33.2321 -9.990e-29     0.0148 6.4729e+01  1023.0039    21.5702    22.9937     7.0971    216.802    7.26294  221.86848     97.717 -9.990e-29
   40.30874  -71.80776      2.372      2.354    21.5703    33.2324 -9.990e-29     0.0148 2.9136e+01  1023.0044    21.5698    22.9939     7.0969    216.797    7.26290  221.86751     97.715 -9.990e-29
   40.30874  -71.80776      2.372      2.354    21.5706    33.2325 -9.990e-29     0.0148 5.9335e+01  1023.0041    21.5702    22.9940     7.0968    216.793    7.26295  221.86877     97.712 -9.990e-29
   40.30874  -71.80776      2.372      2.354    21.5703    33.2324 -9.990e-29     0.0148 6.2819e+01  1023.0043    21.5698    22.9939     7.0970    216.799    7.26296  221.86895     97.715 -9.990e-29
   40.30874  -71.80776      2.383      2.365    21.5706    33.2322 -9.990e-29     0.0148 6.4150e+01  1023.0039    21.5702    22.9938     7.0967    216.792    7.26294  221.86857     97.712 -9.990e-29
   40.30874  -71.80776      2.383      2.365    21.5705    33.2320 -9.990e-29     0.0148 6.5704e+01  1023.0041    21.5700    22.9937     7.0965    216.785    7.26296  221.86903     97.709 -9.990e-29
   40.30874  -71.80776      2.393      2.374    21.5705    33.2320 -9.990e-29     0.0148 7.7159e+01  1023.0038    21.5700    22.9937     7.0920    216.647    7.26298  221.86988     97.646 -9.990e-29
   40.30874  -71.80776      2.393      2.374    21.5703    33.2320 -9.990e-29     0.0148 8.3326e+01  1023.0041    21.5698    22.9937     7.0957    216.758    7.26296  221.86912     97.696 -9.990e-29
   40.30874  -71.80776      2.404      2.385    21.5705    33.2320 -9.990e-29     0.0148 8.3326e+01  1023.0040    21.5700    22.9936     7.0911    216.618    7.26294  221.86847     97.633 -9.990e-29
   40.30874  -71.80776      2.393      2.374    21.5706    33.2319 -9.990e-29     0.0148 7.4020e+01  1023.0037    21.5702    22.9936     7.0904    216.598    7.26295  221.86864     97.625 -9.990e-29
   40.30874  -71.80776      2.413      2.395    21.5703    33.2320 -9.990e-29     0.0148 6.8919e+01  1023.0042    21.5698    22.9937     7.0940    216.708    7.26295  221.86864     97.674 -9.990e-29
   40.30874  -71.80776      2.404      2.385    21.5705    33.2320 -9.990e-29     0.0148 6.8305e+01  1023.0039    21.5700    22.9937     7.0893    216.565    7.26289  221.86701     97.610 -9.990e-29
   40.30874  -71.80776      2.404      2.385    21.5703    33.2320 -9.990e-29     0.0148 7.1003e+01  1023.0040    21.5698    22.9937     7.0886    216.544    7.26291  221.86755     97.601 -9.990e-29
   40.30874  -71.80776      2.413      2.395    21.5703    33.2320 -9.990e-29     0.0013 7.2712e+01  1023.0042    21.5698    22.9937     7.0879    216.521    7.26289  221.86685     97.590 -9.990e-29
   40.30874  -71.80776      2.413      2.395    21.5705    33.2319 -9.990e-29     0.0148 7.2929e+01  1023.0039    21.5700    22.9936     7.0872    216.499    7.26290  221.86713     97.580 -9.990e-29
   40.30874  -71.80776      2.413      2.395    21.5703    33.2319 -9.990e-29     0.0148 7.1214e+01  1023.0041    21.5698    22.9936     7.0821    216.345    7.26287  221.86644     97.511 -9.990e-29
   40.30874  -71.80776      2.413      2.395    21.5703    33.2319 -9.990e-29     0.0148 6.8714e+01  1023.0039    21.5698    22.9936     7.0853    216.441    7.26285  221.86577     97.555 -9.990e-29
   40.30874  -71.80776      2.413      2.395    21.5703    33.2319 -9.990e-29     0.0148 6.8305e+01  1023.0041    21.5698    22.9937     7.0845    216.417    7.26284  221.86553     97.544 -9.990e-29
   40.30874  -71.80776      2.413      2.395    21.5703    33.2319 -9.990e-29     0.0148 6.7293e+01  1023.0039    21.5698    22.9937     7.0841    216.404    7.26285  221.86576     97.538 -9.990e-29
   40.30874  -71.80776      2.413      2.395    21.5703    33.2319 -9.990e-29     0.0148 6.5704e+01  1023.0041    21.5698    22.9937     7.0790    216.249    7.26283  221.86513     97.469 -9.990e-29
   40.30874  -71.80776      2.413      2.395    21.5705    33.2320 -9.990e-29     0.0148 6.5312e+01  1023.0040    21.5700    22.9938     7.0825    216.357    7.26285  221.86561     97.517 -9.990e-29
   40.30874  -71.80776      2.404      2.385    21.5703    33.2321 -9.990e-29     0.0148 5.4363e+01  1023.0043    21.5698    22.9938     7.0820    216.343    7.26281  221.86461     97.511 -9.990e-29
   40.30874  -71.80776      2.404      2.385    21.5705    33.2321 -9.990e-29     0.0148 3.7721e+01  1023.0040    21.5700    22.9937     7.0816    216.330    7.26283  221.86519     97.505 -9.990e-29
   40.30874  -71.80776      2.404      2.385    21.5705    33.2321 -9.990e-29     0.0282 3.3689e+01  1023.0042    21.5700    22.9937     7.0812    216.316    7.26281  221.86441     97.499 -9.990e-29
   40.30874  -71.80776      2.393      2.374    21.5703    33.2320 -9.990e-29     0.0416 4.2182e+01  1023.0041    21.5698    22.9937     7.0811    216.315    7.26283  221.86528     97.498 -9.990e-29
   40.30874  -71.80776      2.393      2.374    21.5705    33.2319 -9.990e-29     0.0416 8.3081e+01  1023.0039    21.5700    22.9936     7.0811    216.313    7.26284  221.86566     97.497 -9.990e-29
   40.30874  -71.80776      2.393      2.374    21.5705    33.2318 -9.990e-29     0.0416 1.0601e+02  1023.0038    21.5700    22.9936     7.0853    216.443    7.26286  221.86608     97.556 -9.990e-29
   40.30874  -71.80776      2.383      2.365    21.5703    33.2318 -9.990e-29     0.0416 9.5126e+01  1023.0037    21.5698    22.9936     7.0810    216.311    7.26287  221.86625     97.496 -9.990e-29
   40.30874  -71.80776      2.362      2.344    21.5703    33.2319 -9.990e-29     0.0416 4.8878e+01  1023.0039    21.5698    22.9937     7.0806    216.299    7.26290  221.86743     97.490 -9.990e-29
   40.30874  -71.80776      2.394      2.376    21.5703    33.2319 -9.990e-29     0.0416 3.5991e+01  1023.0039    21.5698    22.9937     7.0806    216.299    7.26294  221.86862     97.490 -9.990e-29
   40.30874  -71.80776      2.362      2.344    21.5703    33.2320 -9.990e-29     0.0416 1.8109e+01  1023.0039    21.5698    22.9937     7.0806    216.299    7.26296  221.86915     97.489 -9.990e-29
   40.30874  -71.80776      2.362      2.344    21.5705    33.2321 -9.990e-29     0.0416 2.3995e+01  1023.0039    21.5700    22.9938     7.0806    216.298    7.26298  221.86977     97.489 -9.990e-29
   40.30874  -71.80776      2.362      2.344    21.5703    33.2321 -9.990e-29     0.0416 5.5526e+01  1023.0039    21.5698    22.9938     7.0848    216.428    7.26297  221.86928     97.548 -9.990e-29
   40.30874  -71.80776      2.353      2.335    21.5705    33.2321 -9.990e-29     0.0416 5.6201e+01  1023.0039    21.5700    22.9938     7.0809    216.308    7.26297  221.86948     97.493 -9.990e-29
   40.30874  -71.80776      2.353      2.335    21.5703    33.2320 -9.990e-29     0.0416 2.8356e+01  1023.0039    21.5698    22.9937     7.0809    216.308    7.26298  221.86973     97.493 -9.990e-29
   40.30874  -71.80776      2.343      2.325    21.5705    33.2319 -9.990e-29     0.0416 2.8528e+01  1023.0036    21.5700    22.9937     7.0809    216.309    7.26298  221.86963     97.494 -9.990e-29
   40.30874  -71.80776      2.342      2.324    21.5705    33.2319 -9.990e-29     0.0416 5.7228e+01  1023.0036    21.5700    22.9937     7.0809    216.309    7.26295  221.86875     97.494 -9.990e-29
   40.30874  -71.80776      2.342      2.324    21.5705    33.2321 -9.990e-29     0.0416 2.6131e+01  1023.0039    21.5700    22.9938     7.0810    216.311    7.26298  221.86963     97.495 -9.990e-29
   40.30874  -71.80776      2.332      2.314    21.5705    33.2322 -9.990e-29     0.0416 4.8138e+01  1023.0039    21.5700    22.9938     7.0810    216.312    7.26296  221.86895     97.495 -9.990e-29
   40.30874  -71.80776      2.332      2.314    21.5705    33.2322 -9.990e-29     0.0416 4.7408e+01  1023.0037    21.5700    22.9939     7.0811    216.315    7.26297  221.86945     97.496 -9.990e-29
   40.30874  -71.80776      2.322      2.305    21.5705    33.2324 -9.990e-29     0.0416 5.0391e+01  1023.0041    21.5700    22.9940     7.0812    216.318    7.26299  221.87008     97.498 -9.990e-29
   40.30874  -71.80776      2.333      2.316    21.5705    33.2324 -9.990e-29     0.0416 5.4363e+01  1023.0042    21.5700    22.9940     7.0813    216.321    7.26298  221.86966     97.499 -9.990e-29
   40.30874  -71.80776      2.332      2.314    21.5708    33.2323 -9.990e-29     0.0416 5.5359e+01  1023.0037    21.5704    22.9938     7.0814    216.323    7.26295  221.86874     97.500 -9.990e-29
   40.30874  -71.80776      2.322      2.305    21.5706    33.2323 -9.990e-29     0.0416 5.5025e+01  1023.0040    21.5702    22.9938     7.0815    216.327    7.26297  221.86928     97.502 -9.990e-29
   40.30874  -71.80776      2.322      2.305    21.5710    33.2323 -9.990e-29     0.0416 5.4528e+01  1023.0037    21.5705    22.9938     7.0817    216.331    7.26295  221.86886     97.504 -9.990e-29
   40.30874  -71.80776      2.332      2.314    21.5708    33.2321 -9.990e-29     0.0416 5.4528e+01  1023.0038    21.5704    22.9937     7.0822    216.347    7.26295  221.86886     97.511 -9.990e-29
   40.30874  -71.80776      2.332      2.314    21.5710    33.2319 -9.990e-29     0.0416 5.1008e+01  1023.0034    21.5705    22.9935     7.0784    216.231    7.26293  221.86823     97.459 -9.990e-29
   40.30874  -71.80776      2.322      2.305    21.5708    33.2318 -9.990e-29     0.0282 4.2575e+01  1023.0034    21.5704    22.9934     7.0826    216.359    7.26294  221.86844     97.517 -9.990e-29
   40.30874  -71.80776      2.342      2.324    21.5706    33.2318 -9.990e-29     0.0282 3.9895e+01  1023.0036    21.5702    22.9934     7.0785    216.234    7.26289  221.86689     97.461 -9.990e-29
   40.30874  -71.80776      2.342      2.324    21.5710    33.2318 -9.990e-29     0.0282 1.9886e+01  1023.0033    21.5705    22.9935     7.0784    216.231    7.26289  221.86686     97.460 -9.990e-29
   40.30874  -71.80776      2.342      2.324    21.5705    33.2319 -9.990e-29     0.0282 3.9158e+01  1023.0039    21.5700    22.9936     7.0783    216.228    7.26285  221.86566     97.459 -9.990e-29
   40.30874  -71.80776      2.362      2.344    21.5705    33.2319 -9.990e-29     0.0282 3.8915e+01  1023.0039    21.5700    22.9936     7.0783    216.227    7.26284  221.86553     97.459 -9.990e-29
