CalculateIndicators/WaterTemperature/Data/CTD_NYOS/20240709_C06.cnv
* Sea-Bird SBE 9 Data File:
* FileName = C:\Seabird 9 CTD\Data\2024\202407_offshore\20240709_C06.hex
* Software Version Seasave V 7.23.2
* Temperature SN = 4590
* Conductivity SN = 3228
* Number of Bytes Per Scan = 44
* Number of Voltage Words = 5
* Number of Scans Averaged by the Deck Unit = 1
* NMEA Latitude = 40 04.94 N
* NMEA Longitude = 073 04.22 W
* NMEA UTC (Time) = Jul 09 2024  00:08:22
* NMEA baud rate = 4800
** Ship: seawolf
** Station: 8.3
** Operator: TDK
# nquan = 18
# nvalues = 13553                       
# units = specified
# name 0 = latitude: Latitude [deg]
# name 1 = longitude: Longitude [deg]
# name 2 = prDM: Pressure, Digiquartz [db]
# name 3 = depSM: Depth [salt water, m]
# name 4 = t090C: Temperature [ITS-90, deg C]
# name 5 = sal00: Salinity, Practical [PSU]
# name 6 = ph: pH
# name 7 = flECO-AFL: Fluorescence, WET Labs ECO-AFL/FL [mg/m^3]
# name 8 = cpar: CPAR/Corrected Irradiance [%]
# name 9 = density00: Density [density, kg/m^3]
# name 10 = potemp090C: Potential Temperature [ITS-90, deg C]
# name 11 = sigma-é00: Density [sigma-theta, kg/m^3]
# name 12 = sbeox0Mg/L: Oxygen, SBE 43 [mg/l]
# name 13 = sbox0Mm/Kg: Oxygen, SBE 43 [umol/kg]
# name 14 = oxsolMg/L: Oxygen Saturation, Garcia & Gordon [mg/l]
# name 15 = oxsolMm/Kg: Oxygen Saturation, Garcia & Gordon [umol/kg]
# name 16 = sbeox0PS: Oxygen, SBE 43 [% saturation]
# name 17 = flag:  0.000e+00
# span 0 =   40.08246,   40.08372       
# span 1 =  -73.07046,  -73.07008       
# span 2 =      1.543,     40.806       
# span 3 =      1.531,     40.489       
# span 4 =     7.0928,    24.1526       
# span 5 =    29.6663,    31.7310       
# span 6 =      7.933,      8.311       
# span 7 =     0.0551,     3.0368       
# span 8 = 4.2200e-12, 6.2218e+01       
# span 9 =  1019.9281,  1024.9991       
# span 10 =     7.0892,    24.1522      
# span 11 =    19.9197,    24.8327      
# span 12 =     6.4491,     9.4759      
# span 13 =    196.679,    289.104      
# span 14 =    7.06444,    9.84098      
# span 15 =  216.45496,  300.09920      
# span 16 =     65.968,    108.274      
# span 17 = 0.0000e+00, 0.0000e+00      
# interval = seconds: 0.0416667
# start_time = Jul 09 2024 00:08:25 [System UTC, first data scan.]
# bad_flag = -9.990e-29
*END*
[from data line 3779]
   40.08280  -73.07032     40.237     39.924     7.0995    31.6615      8.091     0.0551 4.6036e-12  1024.9621     7.0959    24.7772     6.5135    198.627    9.83965  300.05869     66.196 -9.990e-29
   40.08280  -73.07032     40.232     39.920     7.0996    31.6613      8.091     0.0551 4.6036e-12  1024.9620     7.0961    24.7771     6.5077    198.450    9.83965  300.05855     66.137 -9.990e-29
   40.08280  -73.07032     40.225     39.913     7.0995    31.6611      8.091     0.0551 4.6036e-12  1024.9616     7.0960    24.7769     6.5073    198.440    9.83962  300.05784     66.134 -9.990e-29
   40.08280  -73.07032     40.225     39.913     7.0995    31.6610      8.091     0.0685 4.6036e-12  1024.9618     7.0959    24.7768     6.5135    198.628    9.83968  300.05950     66.196 -9.990e-29
   40.08280  -73.07032     40.223     39.910     7.0995    31.6608      8.091     0.0551 4.6036e-12  1024.9614     7.0959    24.7767     6.5131    198.617    9.83963  300.05827     66.193 -9.990e-29
   40.08280  -73.07032     40.216     39.904     7.0990    31.6608      8.091     0.0551 4.6036e-12  1024.9616     7.0954    24.7767     6.5129    198.609    9.83972  300.06082     66.189 -9.990e-29
   40.08280  -73.07032     40.216     39.904     7.0991    31.6608      8.091     0.0551 4.6036e-12  1024.9614     7.0955    24.7767     6.5125    198.597    9.83971  300.06069     66.186 -9.990e-29
   40.08280  -73.07032     40.205     39.893     7.0988    31.6611      8.091     0.0551 4.6036e-12  1024.9616     7.0953    24.7770     6.5121    198.584    9.83973  300.06114     66.181 -9.990e-29
   40.08280  -73.07032     40.212     39.899     7.0983    31.6614      8.091     0.0685 4.6036e-12  1024.9623     7.0948    24.7772     6.5116    198.572    9.83978  300.06301     66.177 -9.990e-29
   40.08280  -73.07032     40.205     39.893     7.0985    31.6614      8.091     0.0551 4.6036e-12  1024.9620     7.0949    24.7773     6.5121    198.587    9.83984  300.06479     66.181 -9.990e-29
   40.08280  -73.07032     40.195     39.883     7.0985    31.6614      8.091     0.0685 4.6036e-12  1024.9619     7.0949    24.7773     6.5127    198.604    9.83993  300.06753     66.186 -9.990e-29
   40.08280  -73.07032     40.191     39.879     7.0982    31.6614      8.091     0.0551 4.6036e-12  1024.9621     7.0947    24.7773     6.5132    198.620    9.84000  300.06988     66.191 -9.990e-29
   40.08280  -73.07032     40.195     39.883     7.0985    31.6614      8.091     0.0685 4.6036e-12  1024.9617     7.0949    24.7772     6.5138    198.637    9.84014  300.07428     66.196 -9.990e-29
   40.08280  -73.07032     40.174     39.862     7.0983    31.6614      8.091     0.0551 4.6036e-12  1024.9617     7.0948    24.7772     6.5134    198.625    9.84026  300.07794     66.191 -9.990e-29
   40.08280  -73.07032     40.191     39.879     7.0980    31.6614      8.091     0.0551 4.6036e-12  1024.9621     7.0945    24.7773     6.5129    198.610    9.84031  300.07924     66.186 -9.990e-29
   40.08280  -73.07032     40.174     39.862     7.0982    31.6616      8.091     0.0551 4.6036e-12  1024.9621     7.0946    24.7774     6.5197    198.818    9.84042  300.08257     66.254 -9.990e-29
   40.08280  -73.07032     40.185     39.873     7.0981    31.6616      8.091     0.0551 4.6036e-12  1024.9622     7.0946    24.7774     6.5210    198.858    9.84046  300.08380     66.268 -9.990e-29
   40.08280  -73.07032     40.172     39.860     7.0982    31.6616      8.091     0.0685 4.6036e-12  1024.9619     7.0946    24.7775     6.5096    198.510    9.84053  300.08586     66.151 -9.990e-29
   40.08280  -73.07032     40.165     39.853     7.0979    31.6616      8.091     0.0819 4.6036e-12  1024.9623     7.0943    24.7775     6.5091    198.494    9.84063  300.08878     66.145 -9.990e-29
   40.08280  -73.07032     40.165     39.853     7.0982    31.6616      8.091     0.0954 4.6036e-12  1024.9619     7.0946    24.7775     6.5150    198.674    9.84068  300.09019     66.205 -9.990e-29
   40.08280  -73.07032     40.161     39.849     7.0979    31.6618      8.091     0.0954 4.6036e-12  1024.9622     7.0944    24.7777     6.5154    198.686    9.84070  300.09088     66.209 -9.990e-29
 -9.990e-29  -73.07032     40.154     39.842     7.0982    31.6622      8.091     0.0954 4.6036e-12  1024.9624     7.0946    24.7779     6.5084    198.474    9.84068  300.09030     66.138 -9.990e-29
 -9.990e-29  -73.07032     40.165     39.853     7.0982    31.6624      8.091     0.0954 4.6036e-12  1024.9627     7.0946    24.7781     6.5079    198.458    9.84073  300.09152     66.133 -9.990e-29
 -9.990e-29  -73.07032     40.151     39.839     7.0982    31.6624      8.091     0.0954 4.6036e-12  1024.9627     7.0946    24.7782     6.5139    198.639    9.84079  300.09352     66.192 -9.990e-29
 -9.990e-29  -73.07032     40.144     39.832     7.0982    31.6624      8.091     0.0954 4.6036e-12  1024.9626     7.0946    24.7781     6.5079    198.459    9.84082  300.09442     66.132 -9.990e-29
 -9.990e-29  -73.07032     40.144     39.832     7.0982    31.6622      8.091     0.0954 4.6036e-12  1024.9625     7.0947    24.7779     6.5075    198.444    9.84079  300.09359     66.127 -9.990e-29
 -9.990e-29  -73.07032     40.151     39.839     7.0983    31.6619      8.091     0.0954 4.6036e-12  1024.9622     7.0948    24.7777     6.5134    198.627    9.84085  300.09507     66.188 -9.990e-29
 -9.990e-29  -73.07032     40.144     39.832     7.0985    31.6619      8.091     0.0954 4.6036e-12  1024.9618     7.0949    24.7776     6.5130    198.612    9.84083  300.09447     66.183 -9.990e-29
 -9.990e-29  -73.07032     40.154     39.842     7.0983    31.6619      8.091     0.0954 4.6036e-12  1024.9621     7.0948    24.7777     6.5061    198.403    9.84085  300.09503     66.113 -9.990e-29
 -9.990e-29  -73.07032     40.130     39.819     7.0982    31.6625      8.091     0.0954 4.6036e-12  1024.9626     7.0947    24.7782     6.5120    198.581    9.84078  300.09299     66.173 -9.990e-29
 -9.990e-29  -73.07032     40.144     39.832     7.0985    31.6631      8.091     0.0954 4.6036e-12  1024.9631     7.0949    24.7786     6.5051    198.373    9.84081  300.09373     66.104 -9.990e-29
 -9.990e-29  -73.07032     40.134     39.823     7.0983    31.6632      8.091     0.0954 4.6036e-12  1024.9637     7.0948    24.7789     6.5036    198.327    9.84071  300.09051     66.089 -9.990e-29
 -9.990e-29  -73.07032     40.140     39.828     7.0987    31.6632      8.091     0.0954 4.6036e-12  1024.9636     7.0951    24.7789     6.5021    198.281    9.84061  300.08747     66.074 -9.990e-29
 -9.990e-29  -73.07032     40.134     39.823     7.0990    31.6632      8.091     0.0954 4.6036e-12  1024.9629     7.0954    24.7786     6.5016    198.266    9.84054  300.08541     66.070 -9.990e-29
 -9.990e-29  -73.07032     40.144     39.832     7.0992    31.6628      8.091     0.0954 4.6036e-12  1024.9628     7.0957    24.7784     6.5075    198.445    9.84047  300.08338     66.130 -9.990e-29
 -9.990e-29  -73.07032     40.130     39.819     7.0988    31.6626      8.091     0.0954 4.6036e-12  1024.9627     7.0953    24.7781     6.5080    198.460    9.84047  300.08342     66.135 -9.990e-29
 -9.990e-29  -73.07032     40.144     39.832     7.0988    31.6623      8.091     0.0954 4.6036e-12  1024.9623     7.0953    24.7779     6.5012    198.253    9.84047  300.08370     66.066 -9.990e-29
 -9.990e-29  -73.07032     40.144     39.832     7.0987    31.6619      8.091     0.0954 4.6036e-12  1024.9622     7.0951    24.7777     6.5008    198.240    9.84050  300.08474     66.061 -9.990e-29
 -9.990e-29  -73.07032     40.151     39.839     7.0987    31.6617      8.091     0.0954 4.6036e-12  1024.9619     7.0952    24.7775     6.5068    198.423    9.84052  300.08506     66.122 -9.990e-29
 -9.990e-29  -73.07032     40.144     39.832     7.0985    31.6616      8.091     0.0954 4.6036e-12  1024.9620     7.0949    24.7774     6.5009    198.245    9.84049  300.08403     66.063 -9.990e-29
 -9.990e-29  -73.07032     40.144     39.832     7.0985    31.6616      8.091     0.0954 4.6036e-12  1024.9618     7.0949    24.7774     6.5006    198.235    9.84051  300.08487     66.060 -9.990e-29
 -9.990e-29  -73.07032     40.151     39.839     7.0987    31.6616      8.091     0.0954 4.6036e-12  1024.9618     7.0951    24.7774     6.5066    198.418    9.84045  300.08297     66.121 -9.990e-29
 -9.990e-29  -73.07032     40.154     39.842     7.0983    31.6616      8.091     0.0954 4.6036e-12  1024.9621     7.0948    24.7774     6.5009    198.242    9.84044  300.08280     66.063 -9.990e-29
 -9.990e-29  -73.07032     40.154     39.842     7.0986    31.6616      8.091     0.0954 4.6036e-12  1024.9618     7.0950    24.7774     6.5006    198.235    9.84045  300.08287     66.060 -9.990e-29
 -9.990e-29  -73.07032     40.172     39.860     7.0985    31.6617      8.091     0.0954 4.6036e-12  1024.9622     7.0949    24.7775     6.5003    198.227    9.84041  300.08170     66.058 -9.990e-29
 -9.990e-29  -73.07032     40.154     39.842     7.0985    31.6619      8.085     0.0954 4.6036e-12  1024.9621     7.0949    24.7777     6.5002    198.221    9.84046  300.08326     66.055 -9.990e-29
 -9.990e-29  -73.07032     40.174     39.862     7.0985    31.6620      8.091     0.0954 4.6036e-12  1024.9624     7.0949    24.7778     6.5054    198.381    9.84045  300.08297     66.109 -9.990e-29
 -9.990e-29  -73.07032     40.172     39.860     7.0987    31.6622      8.091     0.0954 4.6036e-12  1024.9626     7.0951    24.7779     6.4998    198.211    9.84049  300.08417     66.052 -9.990e-29
 -9.990e-29  -73.07032     40.185     39.873     7.0989    31.6622      8.091     0.0954 4.6036e-12  1024.9625     7.0954    24.7779     6.4996    198.205    9.84044  300.08287     66.050 -9.990e-29
 -9.990e-29  -73.07032     40.174     39.862     7.0988    31.6622      8.091     0.0954 4.6036e-12  1024.9627     7.0953    24.7778     6.5059    198.395    9.84047  300.08355     66.113 -9.990e-29
 -9.990e-29  -73.07032     40.191     39.879     7.0991    31.6619      8.091     0.0954 4.6036e-12  1024.9622     7.0956    24.7776     6.4994    198.197    9.84049  300.08444     66.047 -9.990e-29
 -9.990e-29  -73.07032     40.195     39.883     7.0990    31.6616      8.091     0.0954 4.6036e-12  1024.9621     7.0954    24.7774     6.4983    198.164    9.84048  300.08384     66.036 -9.990e-29
 -9.990e-29  -73.07032     40.205     39.893     7.0992    31.6614      8.085     0.0954 4.6036e-12  1024.9619     7.0957    24.7772     6.4982    198.161    9.84051  300.08489     66.035 -9.990e-29
 -9.990e-29  -73.07032     40.202     39.890     7.0990    31.6612      8.091     0.0954 4.6036e-12  1024.9617     7.0954    24.7770     6.5045    198.352    9.84051  300.08475     66.099 -9.990e-29
 -9.990e-29  -73.07032     40.216     39.904     7.0990    31.6610      8.091     0.0954 4.6036e-12  1024.9618     7.0954    24.7769     6.5053    198.378    9.84048  300.08387     66.107 -9.990e-29
 -9.990e-29  -73.07032     40.225     39.913     7.0990    31.6608      8.091     0.0954 4.6036e-12  1024.9617     7.0954    24.7767     6.4998    198.210    9.84048  300.08382     66.051 -9.990e-29
 -9.990e-29  -73.07030     40.225     39.913     7.0988    31.6605      8.091     0.0954 4.6036e-12  1024.9614     7.0953    24.7765     6.4997    198.208    9.84045  300.08308     66.051 -9.990e-29
 -9.990e-29  -73.07030     40.232     39.920     7.0987    31.6601      8.085     0.0954 4.6036e-12  1024.9610     7.0952    24.7762     6.4997    198.207    9.84045  300.08280     66.051 -9.990e-29
 -9.990e-29  -73.07030     40.246     39.934     7.0983    31.6597      8.085     0.0954 4.6036e-12  1024.9611     7.0948    24.7759     6.4997    198.207    9.84039  300.08121     66.051 -9.990e-29
 -9.990e-29  -73.07030     40.246     39.934     7.0983    31.6592      8.085     0.0954 4.6036e-12  1024.9603     7.0948    24.7756     6.4998    198.209    9.84038  300.08076     66.052 -9.990e-29
 -9.990e-29  -73.07030     40.253     39.940     7.0977    31.6592      8.091     0.0954 4.6036e-12  1024.9604     7.0941    24.7755     6.4999    198.212    9.84036  300.08002     66.053 -9.990e-29
 -9.990e-29  -73.07030     40.267     39.954     7.0971    31.6592      8.091     0.0954 4.6036e-12  1024.9607     7.0936    24.7756     6.5063    198.408    9.84027  300.07720     66.119 -9.990e-29
 -9.990e-29  -73.07030     40.277     39.964     7.0969    31.6592      8.085     0.0954 4.6036e-12  1024.9609     7.0933    24.7758     6.5010    198.248    9.84028  300.07740     66.066 -9.990e-29
 -9.990e-29  -73.07030     40.272     39.960     7.0964    31.6592      8.091     0.0954 4.6036e-12  1024.9609     7.0928    24.7758     6.5012    198.252    9.84023  300.07604     66.067 -9.990e-29
 -9.990e-29  -73.07030     40.288     39.975     7.0962    31.6593      8.085     0.0954 4.6036e-12  1024.9610     7.0927    24.7759     6.5024    198.289    9.84021  300.07561     66.080 -9.990e-29
 -9.990e-29  -73.07030     40.297     39.984     7.0959    31.6595      8.085     0.0954 4.6036e-12  1024.9612     7.0923    24.7762     6.5036    198.326    9.84016  300.07397     66.092 -9.990e-29
 -9.990e-29  -73.07030     40.293     39.980     7.0952    31.6599      8.091     0.0954 4.6036e-12  1024.9618     7.0917    24.7766     6.5030    198.307    9.84010  300.07208     66.086 -9.990e-29
 -9.990e-29  -73.07030     40.318     40.005     7.0949    31.6602      8.085     0.0819 4.6036e-12  1024.9622     7.0914    24.7768     6.5087    198.483    9.84010  300.07210     66.145 -9.990e-29
 -9.990e-29  -73.07030     40.318     40.005     7.0948    31.6604      8.085     0.0685 4.6036e-12  1024.9623     7.0912    24.7770     6.5036    198.327    9.84005  300.07052     66.093 -9.990e-29
 -9.990e-29  -73.07030     40.323     40.010     7.0948    31.6606      8.091     0.0685 4.6036e-12  1024.9625     7.0912    24.7772     6.5040    198.338    9.84003  300.06973     66.097 -9.990e-29
 -9.990e-29  -73.07030     40.328     40.014     7.0946    31.6608      8.091     0.0685 4.6036e-12  1024.9626     7.0910    24.7773     6.5034    198.319    9.83993  300.06665     66.092 -9.990e-29
 -9.990e-29  -73.07030     40.348     40.035     7.0942    31.6609      8.085     0.0685 4.6036e-12  1024.9630     7.0907    24.7775     6.5028    198.300    9.83984  300.06368     66.086 -9.990e-29
 -9.990e-29  -73.07030     40.348     40.035     7.0941    31.6609      8.091     0.0685 4.6036e-12  1024.9629     7.0906    24.7775     6.5031    198.309    9.83967  300.05847     66.090 -9.990e-29
 -9.990e-29  -73.07030     40.355     40.042     7.0943    31.6610      8.085     0.0685 4.6036e-12  1024.9628     7.0907    24.7775     6.5025    198.291    9.83956  300.05493     66.085 -9.990e-29
 -9.990e-29  -73.07030     40.369     40.055     7.0939    31.6612      8.085     0.0685 4.6036e-12  1024.9632     7.0904    24.7777     6.5018    198.271    9.83935  300.04871     66.080 -9.990e-29
 -9.990e-29  -73.07030     40.358     40.044     7.0939    31.6614      8.085     0.0685 4.6036e-12  1024.9634     7.0904    24.7779     6.5022    198.283    9.83925  300.04565     66.084 -9.990e-29
 -9.990e-29  -73.07030     40.385     40.072     7.0939    31.6615      8.085     0.0685 4.6036e-12  1024.9635     7.0903    24.7779     6.5026    198.294    9.83910  300.04138     66.089 -9.990e-29
 -9.990e-29  -73.07030     40.379     40.065     7.0941    31.6618      8.091     0.0685 4.6036e-12  1024.9635     7.0906    24.7781     6.5021    198.279    9.83900  300.03834     66.085 -9.990e-29
 -9.990e-29  -73.07030     40.388     40.075     7.0938    31.6623      8.091     0.0685 4.6036e-12  1024.9642     7.0902    24.7785     6.5025    198.292    9.83885  300.03368     66.090 -9.990e-29
 -9.990e-29  -73.07030     40.395     40.081     7.0941    31.6628      8.085     0.0685 4.6036e-12  1024.9645     7.0906    24.7790     6.5021    198.280    9.83884  300.03365     66.086 -9.990e-29
