CalculateIndicators/WaterTemperature/Data/CTD_NYOS/20240426_C07.cnv
* Sea-Bird SBE 9 Data File:
* FileName = C:\Seabird 9 CTD\Data\2024\202404_offshore\20240426_C07.hex
* Software Version Seasave V 7.23.2
* Temperature SN = 4590
* Conductivity SN = 3228
* Number of Bytes Per Scan = 44
* Number of Voltage Words = 5
* Number of Scans Averaged by the Deck Unit = 1
* NMEA Latitude = 39 50.38 N
* NMEA Longitude = 072 54.65 W
* NMEA UTC (Time) = Apr 26 2024  19:08:42
* NMEA baud rate = 4800
** Ship: Seawolf
** Station: 8.4
** Operator: TCM
# nquan = 18
# nvalues = 13931                       
# units = specified
# name 0 = latitude: Latitude [deg]
# name 1 = longitude: Longitude [deg]
# name 2 = prDM: Pressure, Digiquartz [db]
# name 3 = depSM: Depth [salt water, m]
# name 4 = t090C: Temperature [ITS-90, deg C]
# name 5 = sal00: Salinity, Practical [PSU]
# name 6 = ph: pH
# name 7 = flECO-AFL: Fluorescence, WET Labs ECO-AFL/FL [mg/m^3]
# name 8 = cpar: CPAR/Corrected Irradiance [%]
# name 9 = density00: Density [density, kg/m^3]
# name 10 = potemp090C: Potential Temperature [ITS-90, deg C]
# name 11 = sigma-é00: Density [sigma-theta, kg/m^3]
# name 12 = sbeox0Mg/L: Oxygen, SBE 43 [mg/l]
# name 13 = sbox0Mm/Kg: Oxygen, SBE 43 [umol/kg]
# name 14 = oxsolMg/L: Oxygen Saturation, Garcia & Gordon [mg/l]
# name 15 = oxsolMm/Kg: Oxygen Saturation, Garcia & Gordon [umol/kg]
# name 16 = sbeox0PS: Oxygen, SBE 43 [% saturation]
# name 17 = flag:  0.000e+00
# span 0 =   39.83934,   39.83978       
# span 1 =  -72.91188,  -72.91082       
# span 2 =      1.368,     58.954       
# span 3 =      1.357,     58.494       
# span 4 =     6.3140,     8.9951       
# span 5 =    31.4480,    32.1410       
# span 6 =      7.918,      8.090       
# span 7 =     0.0148,     7.0795       
# span 8 = 1.0148e-02, 2.5209e+01       
# span 9 =  1024.3781,  1025.4628       
# span 10 =     6.3092,     8.9948      
# span 11 =    24.3698,    25.2284      
# span 12 =     8.9033,    10.1149      
# span 13 =    271.396,    308.474      
# span 14 =    9.43604,    9.99426      
# span 15 =  287.86205,  304.65062      
# span 16 =     89.094,    104.814      
# span 17 = 0.0000e+00, 0.0000e+00      
# interval = seconds: 0.0416667
# start_time = Apr 26 2024 19:08:44 [System UTC, first data scan.]
# bad_flag = -9.990e-29
*END*
[from data line 5950]
   39.83956  -72.91130     35.390     35.116     6.5068    32.0455      7.931     0.1088 2.1713e-01  1025.3190     6.5038    25.1563     9.0005    274.368    9.92172  302.45120     90.715 -9.990e-29
   39.83956  -72.91130     35.380     35.107     6.5075    32.0451      7.936     0.0954 2.1838e-01  1025.3185     6.5045    25.1559     8.9970    274.265    9.91880  302.36388     90.707 -9.990e-29
   39.83956  -72.91130     35.380     35.107     6.5078    32.0451      7.931     0.1088 2.1775e-01  1025.3190     6.5048    25.1559     9.0007    274.380    9.91658  302.29878     90.765 -9.990e-29
   39.83956  -72.91130     35.380     35.107     6.5091    32.0451      7.936     0.0954 2.1857e-01  1025.3190     6.5061    25.1558     8.9940    274.179    9.91592  302.28234     90.703 -9.990e-29
   39.83956  -72.91130     35.360     35.086     6.5097    32.0444      7.931     0.0954 2.1982e-01  1025.3182     6.5067    25.1551     9.0004    274.375    9.91632  302.29691     90.763 -9.990e-29
   39.83956  -72.91130     35.351     35.078     6.5099    32.0431      7.936     0.1088 2.1982e-01  1025.3170     6.5069    25.1540     9.0015    274.410    9.91699  302.31770     90.769 -9.990e-29
   39.83956  -72.91130     35.349     35.075     6.5107    32.0417      7.931     0.1088 2.2045e-01  1025.3155     6.5078    25.1528     9.0040    274.487    9.91805  302.35187     90.784 -9.990e-29
   39.83956  -72.91130     35.339     35.066     6.5110    32.0403      7.931     0.1088 2.2108e-01  1025.3148     6.5080    25.1517     9.0138    274.790    9.92006  302.41613     90.865 -9.990e-29
   39.83956  -72.91130     35.329     35.056     6.5126    32.0388      7.936     0.0954 2.2069e-01  1025.3129     6.5096    25.1504     9.0117    274.725    9.92292  302.50502     90.817 -9.990e-29
   39.83956  -72.91130     35.309     35.036     6.5137    32.0380      7.931     0.0954 2.2011e-01  1025.3113     6.5108    25.1496     9.0151    274.829    9.92592  302.59635     90.824 -9.990e-29
   39.83956  -72.91130     35.309     35.036     6.5131    32.0386      7.931     0.0954 2.2118e-01  1025.3123     6.5101    25.1501     9.0183    274.925    9.92865  302.67754     90.831 -9.990e-29
   39.83956  -72.91130     35.298     35.025     6.5117    32.0404      7.931     0.0954 2.2118e-01  1025.3144     6.5087    25.1517     9.0274    275.200    9.93088  302.74323     90.902 -9.990e-29
   39.83956  -72.91130     35.288     35.015     6.5112    32.0421      7.931     0.0954 2.2098e-01  1025.3160     6.5082    25.1531     9.0314    275.321    9.93263  302.79446     90.927 -9.990e-29
   39.83956  -72.91130     35.267     34.995     6.5112    32.0431      7.936     0.0954 2.2079e-01  1025.3165     6.5082    25.1539     9.0339    275.394    9.93387  302.82982     90.940 -9.990e-29
   39.83956  -72.91130     35.258     34.985     6.5116    32.0440      7.931     0.1088 2.2123e-01  1025.3165     6.5087    25.1546     9.0292    275.251    9.93454  302.84810     90.887 -9.990e-29
   39.83956  -72.91130     35.248     34.975     6.5120    32.0456      7.936     0.1088 2.2021e-01  1025.3180     6.5090    25.1557     9.0298    275.266    9.93496  302.85981     90.889 -9.990e-29
   39.83956  -72.91130     35.229     34.956     6.5138    32.0471      7.931     0.0954 2.2084e-01  1025.3198     6.5108    25.1567     9.0368    275.480    9.93547  302.87590     90.955 -9.990e-29
   39.83956  -72.91130     35.216     34.944     6.5165    32.0471      7.936     0.1088 2.2147e-01  1025.3194     6.5135    25.1564     9.0381    275.519    9.93586  302.88774     90.964 -9.990e-29
   39.83956  -72.91130     35.207     34.934     6.5192    32.0455      7.936     0.0954 2.2103e-01  1025.3172     6.5163    25.1548     9.0458    275.755    9.93630  302.90024     91.038 -9.990e-29
   39.83956  -72.91130     35.197     34.925     6.5213    32.0431      7.936     0.1088 2.2186e-01  1025.3145     6.5184    25.1527     9.0413    275.618    9.93660  302.90945     90.990 -9.990e-29
   39.83956  -72.91130     35.176     34.904     6.5212    32.0412      7.936     0.1357 2.2142e-01  1025.3123     6.5182    25.1511     9.0487    275.843    9.93689  302.91744     91.062 -9.990e-29
   39.83956  -72.91130     35.165     34.893     6.5205    32.0405      7.936     0.1625 2.2225e-01  1025.3121     6.5176    25.1506     9.0504    275.894    9.93711  302.92347     91.077 -9.990e-29
   39.83956  -72.91130     35.165     34.893     6.5202    32.0411      7.936     0.1759 2.2142e-01  1025.3130     6.5172    25.1510     9.0521    275.947    9.93747  302.93536     91.091 -9.990e-29
   39.83956  -72.91130     35.135     34.863     6.5210    32.0421      7.936     0.1625 2.2123e-01  1025.3137     6.5181    25.1518     9.0541    276.007    9.93821  302.95931     91.104 -9.990e-29
   39.83956  -72.91130     35.125     34.854     6.5220    32.0430      7.936     0.1625 2.2103e-01  1025.3147     6.5190    25.1524     9.0563    276.075    9.93929  302.99305     91.116 -9.990e-29
   39.83956  -72.91130     35.106     34.835     6.5243    32.0432      7.936     0.1759 2.2040e-01  1025.3145     6.5213    25.1523     9.0585    276.143    9.94050  303.03047     91.127 -9.990e-29
   39.83956  -72.91130     35.105     34.833     6.5270    32.0425      7.936     0.1625 2.2060e-01  1025.3131     6.5240    25.1514     9.0542    276.013    9.94178  303.06903     91.073 -9.990e-29
   39.83956  -72.91130     35.084     34.813     6.5296    32.0421      7.936     0.1759 2.2060e-01  1025.3114     6.5266    25.1508     9.0624    276.262    9.94265  303.09449     91.147 -9.990e-29
   39.83956  -72.91130     35.084     34.813     6.5306    32.0430      7.936     0.1759 2.2060e-01  1025.3126     6.5277    25.1513     9.0640    276.308    9.94342  303.11702     91.156 -9.990e-29
   39.83956  -72.91130     35.065     34.794     6.5320    32.0448      7.936     0.1625 2.2060e-01  1025.3143     6.5291    25.1526     9.0653    276.348    9.94412  303.13796     91.162 -9.990e-29
   39.83956  -72.91130     35.065     34.794     6.5345    32.0469      7.936     0.1625 2.2079e-01  1025.3152     6.5315    25.1539     9.0664    276.381    9.94474  303.15664     91.168 -9.990e-29
   39.83956  -72.91130     35.044     34.773     6.5366    32.0494      7.936     0.1759 2.2035e-01  1025.3163     6.5337    25.1556     9.0671    276.401    9.94501  303.16246     91.172 -9.990e-29
   39.83956  -72.91130     35.033     34.762     6.5387    32.0525      7.936     0.1759 2.1953e-01  1025.3195     6.5357    25.1577     9.0673    276.404    9.94489  303.15701     91.175 -9.990e-29
   39.83956  -72.91130     35.025     34.754     6.5427    32.0550      7.936     0.1625 2.1915e-01  1025.3217     6.5397    25.1591     9.0667    276.386    9.94423  303.13584     91.176 -9.990e-29
   39.83956  -72.91130     35.023     34.752     6.5501    32.0560      7.936     0.1625 2.1915e-01  1025.3203     6.5471    25.1590     9.0659    276.362    9.94347  303.11190     91.175 -9.990e-29
   39.83956  -72.91130     35.014     34.743     6.5579    32.0568      7.936     0.1759 2.1871e-01  1025.3194     6.5549    25.1588     9.0658    276.358    9.94252  303.08320     91.182 -9.990e-29
   39.83956  -72.91130     34.993     34.722     6.5643    32.0587      7.936     0.1759 2.1891e-01  1025.3202     6.5613    25.1595     9.0649    276.333    9.94193  303.06690     91.179 -9.990e-29
   39.83956  -72.91130     34.993     34.722     6.5689    32.0608      7.936     0.1759 2.1891e-01  1025.3227     6.5660    25.1605     9.0646    276.326    9.94203  303.07216     91.175 -9.990e-29
   39.83956  -72.91130     34.993     34.722     6.5730    32.0612      7.936     0.1625 2.1809e-01  1025.3223     6.5700    25.1603     9.0646    276.324    9.94243  303.08481     91.170 -9.990e-29
   39.83956  -72.91130     34.983     34.713     6.5770    32.0604      7.936     0.1625 2.1790e-01  1025.3193     6.5740    25.1592     9.0640    276.306    9.94245  303.08326     91.165 -9.990e-29
   39.83956  -72.91130     34.983     34.713     6.5788    32.0598      7.936     0.1625 2.1809e-01  1025.3200     6.5759    25.1583     9.0624    276.256    9.94150  303.05243     91.158 -9.990e-29
   39.83956  -72.91130     34.974     34.703     6.5841    32.0589      7.936     0.1625 2.1809e-01  1025.3189     6.5811    25.1570     9.0679    276.422    9.94037  303.01814     91.223 -9.990e-29
   39.83956  -72.91130     34.963     34.692     6.5918    32.0568      7.936     0.1625 2.1728e-01  1025.3151     6.5888    25.1545     9.0608    276.209    9.93985  303.00551     91.157 -9.990e-29
   39.83956  -72.91130     34.972     34.702     6.5987    32.0550      7.940     0.1625 2.1790e-01  1025.3127     6.5958    25.1522     9.0600    276.185    9.94013  303.01505     91.145 -9.990e-29
   39.83956  -72.91130     34.963     34.692     6.6047    32.0540      7.936     0.1491 2.1847e-01  1025.3113     6.6018    25.1507     9.0599    276.181    9.94018  303.01528     91.144 -9.990e-29
   39.83956  -72.91130     34.972     34.702     6.6100    32.0543      7.940     0.1088 2.1886e-01  1025.3103     6.6070    25.1502     9.0591    276.156    9.93963  302.99710     91.141 -9.990e-29
   39.83956  -72.91130     34.963     34.692     6.6133    32.0557      7.935     0.0954 2.1924e-01  1025.3118     6.6104    25.1508     9.0642    276.311    9.93863  302.96707     91.202 -9.990e-29
   39.83956  -72.91130     34.972     34.702     6.6175    32.0570      7.940     0.0954 2.1963e-01  1025.3135     6.6145    25.1510     9.0630    276.276    9.93804  302.95045     91.195 -9.990e-29
   39.83956  -72.91130     34.974     34.703     6.6270    32.0557      7.940     0.0954 2.1919e-01  1025.3118     6.6240    25.1489     9.0636    276.295    9.93833  302.96056     91.198 -9.990e-29
   39.83956  -72.91130     34.972     34.702     6.6412    32.0507      7.940     0.0954 2.1900e-01  1025.3058     6.6382    25.1435     9.0635    276.292    9.93901  302.98234     91.191 -9.990e-29
   39.83956  -72.91130     34.983     34.713     6.6532    32.0419      7.940     0.0954 2.1924e-01  1025.2975     6.6503    25.1352     9.0632    276.285    9.93971  303.00393     91.182 -9.990e-29
   39.83956  -72.91130     34.983     34.713     6.6603    32.0311      7.940     0.0954 2.1886e-01  1025.2851     6.6573    25.1258     9.0572    276.101    9.94022  303.01899     91.117 -9.990e-29
   39.83956  -72.91130     35.003     34.732     6.6613    32.0220      7.940     0.1088 2.1866e-01  1025.2773     6.6583    25.1183     9.0554    276.047    9.94060  303.02976     91.096 -9.990e-29
   39.83956  -72.91130     35.003     34.732     6.6592    32.0152      7.940     0.1088 2.1948e-01  1025.2754     6.6562    25.1131     9.0608    276.211    9.94079  303.03512     91.148 -9.990e-29
   39.83956  -72.91130     35.014     34.743     6.6568    32.0071      7.940     0.1088 2.1929e-01  1025.2697     6.6538    25.1071     9.0604    276.196    9.94074  303.03341     91.144 -9.990e-29
   39.83956  -72.91130     35.014     34.743     6.6520    31.9971      7.940     0.0954 2.1929e-01  1025.2594     6.6490    25.1000     9.0595    276.169    9.94044  303.02443     91.138 -9.990e-29
   39.83956  -72.91130     35.045     34.774     6.6421    31.9897      7.940     0.0954 2.1992e-01  1025.2538     6.6391    25.0953     9.0596    276.171    9.94019  303.01626     91.141 -9.990e-29
   39.83956  -72.91130     35.033     34.762     6.6295    31.9883      7.940     0.1088 2.1929e-01  1025.2541     6.6266    25.0957     9.0587    276.144    9.94005  303.01106     91.133 -9.990e-29
   39.83956  -72.91130     35.065     34.794     6.6158    31.9926      7.940     0.1088 2.1929e-01  1025.2613     6.6128    25.1007     9.0574    276.104    9.93965  302.99884     91.124 -9.990e-29
   39.83956  -72.91130     35.065     34.794     6.6037    31.9996      7.940     0.0954 2.1910e-01  1025.2693     6.6008    25.1077     9.0621    276.248    9.93895  302.97863     91.178 -9.990e-29
   39.83956  -72.91130     35.084     34.813     6.5940    32.0073      7.940     0.0954 2.1891e-01  1025.2765     6.5911    25.1150     9.0557    276.055    9.93829  302.95894     91.120 -9.990e-29
   39.83956  -72.91130     35.095     34.824     6.5863    32.0151      7.945     0.1088 2.1891e-01  1025.2841     6.5834    25.1221     9.0551    276.034    9.93785  302.94539     91.117 -9.990e-29
   39.83956  -72.91130     35.105     34.833     6.5811    32.0219      7.945     0.0954 2.1910e-01  1025.2914     6.5781    25.1282     9.0541    276.005    9.93724  302.92678     91.113 -9.990e-29
   39.83956  -72.91130     35.125     34.854     6.5780    32.0257      7.945     0.0954 2.1992e-01  1025.2953     6.5751    25.1316     9.0582    276.131    9.93634  302.89972     91.163 -9.990e-29
   39.83956  -72.91130     35.157     34.885     6.5764    32.0266      7.945     0.0954 2.2011e-01  1025.2941     6.5734    25.1326     9.0569    276.091    9.93569  302.87989     91.155 -9.990e-29
   39.83956  -72.91130     35.146     34.874     6.5746    32.0272      7.945     0.0954 2.2011e-01  1025.2945     6.5716    25.1333     9.0570    276.093    9.93551  302.87429     91.158 -9.990e-29
   39.83956  -72.91130     35.176     34.904     6.5719    32.0285      7.945     0.1088 2.1992e-01  1025.2973     6.5689    25.1346     9.0506    275.898    9.93547  302.87334     91.094 -9.990e-29
   39.83956  -72.91130     35.186     34.914     6.5706    32.0299      7.945     0.0954 2.1871e-01  1025.2974     6.5676    25.1359     9.0572    276.100    9.93555  302.87653     91.159 -9.990e-29
   39.83956  -72.91130     35.207     34.934     6.5686    32.0314      7.945     0.0819 2.1915e-01  1025.2998     6.5656    25.1373     9.0576    276.113    9.93600  302.89026     91.159 -9.990e-29
   39.83956  -72.91130     35.216     34.944     6.5670    32.0318      7.945     0.0551 2.1852e-01  1025.3019     6.5640    25.1378     9.0587    276.147    9.93630  302.89924     91.168 -9.990e-29
   39.83956  -72.91130     35.248     34.975     6.5665    32.0293      7.945     0.0416 2.1891e-01  1025.2991     6.5635    25.1360     9.0597    276.178    9.93653  302.90636     91.176 -9.990e-29
   39.83956  -72.91130     35.258     34.985     6.5651    32.0249      7.945     0.0551 2.1891e-01  1025.2944     6.5621    25.1329     9.0606    276.205    9.93675  302.91355     91.183 -9.990e-29
   39.83956  -72.91130     35.278     35.006     6.5613    32.0213      7.945     0.0551 2.1871e-01  1025.2923     6.5584    25.1304     9.0617    276.237    9.93719  302.92708     91.189 -9.990e-29
   39.83956  -72.91130     35.298     35.025     6.5569    32.0194      7.950     0.0416 2.1871e-01  1025.2908     6.5539    25.1295     9.0626    276.265    9.93760  302.93951     91.195 -9.990e-29
   39.83956  -72.91130     35.310     35.037     6.5511    32.0199      7.945     0.0416 2.1891e-01  1025.2923     6.5481    25.1304     9.0636    276.295    9.93813  302.95560     91.200 -9.990e-29
   39.83956  -72.91130     35.329     35.056     6.5464    32.0221      7.945     0.0416 2.1910e-01  1025.2956     6.5434    25.1328     9.0635    276.293    9.93871  302.97255     91.194 -9.990e-29
   39.83956  -72.91130     35.360     35.086     6.5422    32.0246      7.945     0.0416 2.1847e-01  1025.2987     6.5392    25.1353     9.0641    276.312    9.93908  302.98372     91.197 -9.990e-29
   39.83956  -72.91130     35.369     35.096     6.5388    32.0268      7.950     0.0416 2.1828e-01  1025.3002     6.5358    25.1375     9.0645    276.323    9.93929  302.99015     91.199 -9.990e-29
   39.83956  -72.91130     35.380     35.107     6.5358    32.0304      7.945     0.0416 2.1847e-01  1025.3016     6.5328    25.1407     9.0650    276.338    9.93971  303.00269     91.200 -9.990e-29
   39.83956  -72.91130     35.400     35.126     6.5320    32.0365      7.950     0.0416 2.1766e-01  1025.3093     6.5290    25.1459     9.0653    276.348    9.94004  303.01270     91.200 -9.990e-29
