CalculateIndicators/WaterTemperature/Data/CTD_NYOS/20240426_C04.cnv
* Sea-Bird SBE 9 Data File:
* FileName = C:\Seabird 9 CTD\Data\2024\202404_offshore\20240426_C04.hex
* Software Version Seasave V 7.23.2
* Temperature SN = 4590
* Conductivity SN = 3228
* Number of Bytes Per Scan = 44
* Number of Voltage Words = 5
* Number of Scans Averaged by the Deck Unit = 1
* NMEA Latitude = 40 34.13 N
* NMEA Longitude = 073 24.44 W
* NMEA UTC (Time) = Apr 26 2024  11:14:32
* NMEA baud rate = 4800
** Ship: Seawolf
** Station: 8.1
** Operator: SJW
# nquan = 18
# nvalues = 6873                        
# units = specified
# name 0 = latitude: Latitude [deg]
# name 1 = longitude: Longitude [deg]
# name 2 = prDM: Pressure, Digiquartz [db]
# name 3 = depSM: Depth [salt water, m]
# name 4 = t090C: Temperature [ITS-90, deg C]
# name 5 = sal00: Salinity, Practical [PSU]
# name 6 = ph: pH
# name 7 = flECO-AFL: Fluorescence, WET Labs ECO-AFL/FL [mg/m^3]
# name 8 = cpar: CPAR/Corrected Irradiance [%]
# name 9 = density00: Density [density, kg/m^3]
# name 10 = potemp090C: Potential Temperature [ITS-90, deg C]
# name 11 = sigma-é00: Density [sigma-theta, kg/m^3]
# name 12 = sbeox0Mg/L: Oxygen, SBE 43 [mg/l]
# name 13 = sbox0Mm/Kg: Oxygen, SBE 43 [umol/kg]
# name 14 = oxsolMg/L: Oxygen Saturation, Garcia & Gordon [mg/l]
# name 15 = oxsolMm/Kg: Oxygen Saturation, Garcia & Gordon [umol/kg]
# name 16 = sbeox0PS: Oxygen, SBE 43 [% saturation]
# name 17 = flag:  0.000e+00
# span 0 =   40.56888,   40.56894       
# span 1 =  -73.40814,  -73.40738       
# span 2 =      1.725,     14.796       
# span 3 =      1.711,     14.682       
# span 4 =     8.7454,     9.4701       
# span 5 =    29.5500,    30.0758       
# span 6 =      7.942,      8.022       
# span 7 =     0.5386,     1.1430       
# span 8 = 1.2349e-01, 1.5132e+02       
# span 9 =  1022.7958,  1023.3700       
# span 10 =     8.7439,     9.4697      
# span 11 =    22.7841,    23.3027      
# span 12 =     8.5280,     9.4646      
# span 13 =    260.438,    289.182      
# span 14 =    9.45317,    9.57691      
# span 15 =  288.82119,  292.46797      
# span 16 =     89.064,    100.077      
# span 17 = 0.0000e+00, 0.0000e+00      
# interval = seconds: 0.0416667
# start_time = Apr 26 2024 11:14:34 [System UTC, first data scan.]
# bad_flag = -9.990e-29
*END*
[from data line 3297]
   40.56888  -73.40770      8.571      8.504     9.4629    29.5556      8.018     0.6192 1.1000e+00  1022.8276     9.4620    22.7886     9.4031    287.302    9.45645  288.93370     99.435 -9.990e-29
   40.56888  -73.40770      8.561      8.495     9.4628    29.5555      8.018     0.6192 1.1031e+00  1022.8276     9.4620    22.7885     9.4025    287.284    9.45643  288.93314     99.429 -9.990e-29
   40.56888  -73.40770      8.564      8.497     9.4629    29.5553      8.018     0.6192 1.1062e+00  1022.8273     9.4620    22.7884     9.4028    287.294    9.45644  288.93357     99.433 -9.990e-29
   40.56888 -9.990e-29      8.561      8.495     9.4627    29.5553      8.018     0.6192 1.1062e+00  1022.8275     9.4618    22.7884     9.4083    287.463    9.45644  288.93354     99.491 -9.990e-29
   40.56888 -9.990e-29      8.550      8.484     9.4627    29.5552      8.018     0.6192 1.1094e+00  1022.8273     9.4619    22.7883     9.4086    287.472    9.45643  288.93318     99.494 -9.990e-29
   40.56888 -9.990e-29      8.540      8.474     9.4625    29.5552      8.018     0.6192 1.1094e+00  1022.8272     9.4616    22.7883     9.4038    287.325    9.45640  288.93239     99.444 -9.990e-29
   40.56888 -9.990e-29      8.543      8.477     9.4624    29.5553      8.018     0.6192 1.1094e+00  1022.8273     9.4615    22.7884     9.4093    287.494    9.45641  288.93241     99.502 -9.990e-29
   40.56888 -9.990e-29      8.540      8.474     9.4625    29.5554      8.018     0.6192 1.1109e+00  1022.8274     9.4616    22.7884     9.4046    287.349    9.45637  288.93136     99.452 -9.990e-29
   40.56888 -9.990e-29      8.531      8.465     9.4624    29.5555      8.018     0.6192 1.1109e+00  1022.8274     9.4615    22.7885     9.4042    287.337    9.45633  288.93015     99.449 -9.990e-29
   40.56888 -9.990e-29      8.533      8.467     9.4623    29.5556      8.018     0.6192 1.1109e+00  1022.8276     9.4615    22.7887     9.4039    287.328    9.45632  288.92991     99.446 -9.990e-29
   40.56888 -9.990e-29      8.531      8.465     9.4622    29.5556      8.018     0.6192 1.1109e+00  1022.8276     9.4614    22.7887     9.4036    287.318    9.45627  288.92819     99.443 -9.990e-29
   40.56888 -9.990e-29      8.531      8.465     9.4620    29.5556      8.018     0.6192 1.1109e+00  1022.8275     9.4611    22.7887     9.4033    287.311    9.45627  288.92823     99.440 -9.990e-29
   40.56888 -9.990e-29      8.520      8.454     9.4622    29.5556      8.018     0.6192 1.1109e+00  1022.8274     9.4614    22.7887     9.4031    287.303    9.45620  288.92632     99.438 -9.990e-29
   40.56888 -9.990e-29      8.522      8.457     9.4618    29.5556      8.018     0.6192 1.1078e+00  1022.8276     9.4610    22.7887     9.4029    287.299    9.45623  288.92699     99.436 -9.990e-29
   40.56888 -9.990e-29      8.520      8.454     9.4621    29.5557      8.018     0.6192 1.1047e+00  1022.8275     9.4612    22.7887     9.4028    287.295    9.45624  288.92756     99.435 -9.990e-29
   40.56888 -9.990e-29      8.520      8.454     9.4622    29.5558      8.018     0.6192 1.1031e+00  1022.8277     9.4613    22.7888     9.4036    287.318    9.45628  288.92849     99.443 -9.990e-29
   40.56888 -9.990e-29      8.513      8.447     9.4620    29.5558      8.018     0.6192 1.1000e+00  1022.8277     9.4611    22.7888     9.4035    287.315    9.45622  288.92670     99.442 -9.990e-29
   40.56888 -9.990e-29      8.520      8.454     9.4621    29.5558      8.018     0.6192 1.0969e+00  1022.8276     9.4612    22.7888     9.4035    287.316    9.45623  288.92713     99.442 -9.990e-29
   40.56888 -9.990e-29      8.510      8.444     9.4622    29.5557      8.018     0.6192 1.0938e+00  1022.8276     9.4613    22.7887     9.4035    287.317    9.45624  288.92724     99.443 -9.990e-29
   40.56888 -9.990e-29      8.522      8.457     9.4624    29.5556      8.018     0.6192 1.0938e+00  1022.8272     9.4615    22.7887     9.4028    287.293    9.45622  288.92678     99.435 -9.990e-29
   40.56888 -9.990e-29      8.520      8.454     9.4625    29.5556      8.018     0.6192 1.0907e+00  1022.8276     9.4616    22.7887     9.4028    287.295    9.45620  288.92610     99.435 -9.990e-29
   40.56888 -9.990e-29      8.510      8.444     9.4624    29.5557      8.018     0.6192 1.0876e+00  1022.8275     9.4615    22.7887     9.4029    287.299    9.45623  288.92704     99.436 -9.990e-29
   40.56888 -9.990e-29      8.522      8.457     9.4625    29.5556      8.018     0.6192 1.0876e+00  1022.8275     9.4616    22.7886     9.4030    287.301    9.45619  288.92588     99.438 -9.990e-29
   40.56888 -9.990e-29      8.500      8.435     9.4626    29.5554      8.018     0.6192 1.0876e+00  1022.8272     9.4617    22.7885     9.4032    287.306    9.45619  288.92593     99.439 -9.990e-29
   40.56888 -9.990e-29      8.520      8.454     9.4627    29.5554      8.018     0.6192 1.0876e+00  1022.8272     9.4618    22.7884     9.4034    287.312    9.45619  288.92576     99.442 -9.990e-29
   40.56888 -9.990e-29      8.520      8.454     9.4624    29.5554      8.018     0.6192 1.0876e+00  1022.8273     9.4615    22.7885     9.4036    287.320    9.45620  288.92631     99.444 -9.990e-29
   40.56888 -9.990e-29      8.522      8.457     9.4627    29.5554      8.018     0.6192 1.0876e+00  1022.8273     9.4618    22.7885     9.4038    287.326    9.45615  288.92464     99.447 -9.990e-29
   40.56888 -9.990e-29      8.510      8.444     9.4624    29.5552      8.018     0.6192 1.0846e+00  1022.8274     9.4615    22.7884     9.4033    287.311    9.45618  288.92555     99.441 -9.990e-29
   40.56888 -9.990e-29      8.520      8.454     9.4627    29.5549      8.018     0.6192 1.0815e+00  1022.8266     9.4618    22.7881     9.4036    287.320    9.45619  288.92588     99.444 -9.990e-29
   40.56888 -9.990e-29      8.533      8.467     9.4624    29.5549      8.018     0.6192 1.0800e+00  1022.8269     9.4615    22.7881     9.4039    287.329    9.45617  288.92527     99.448 -9.990e-29
   40.56888 -9.990e-29      8.520      8.454     9.4622    29.5551      8.018     0.6192 1.0769e+00  1022.8270     9.4613    22.7883     9.3983    287.158    9.45616  288.92490     99.388 -9.990e-29
   40.56888 -9.990e-29      8.531      8.465     9.4619    29.5553      8.018     0.6192 1.0769e+00  1022.8275     9.4610    22.7885     9.4040    287.332    9.45623  288.92716     99.448 -9.990e-29
   40.56888 -9.990e-29      8.533      8.467     9.4618    29.5556      8.018     0.6192 1.0739e+00  1022.8276     9.4609    22.7887     9.4036    287.320    9.45622  288.92673     99.444 -9.990e-29
   40.56888 -9.990e-29      8.531      8.465     9.4614    29.5558      8.018     0.6192 1.0739e+00  1022.8280     9.4605    22.7889     9.4041    287.334    9.45622  288.92682     99.449 -9.990e-29
   40.56888 -9.990e-29      8.531      8.465     9.4615    29.5559      8.018     0.6192 1.0708e+00  1022.8279     9.4606    22.7890     9.4046    287.350    9.45623  288.92711     99.454 -9.990e-29
   40.56888 -9.990e-29      8.550      8.484     9.4616    29.5559      8.018     0.6192 1.0708e+00  1022.8280     9.4607    22.7890     9.4051    287.363    9.45618  288.92564     99.459 -9.990e-29
   40.56888 -9.990e-29      8.533      8.467     9.4618    29.5559      8.018     0.6192 1.0678e+00  1022.8279     9.4609    22.7890     9.4056    287.381    9.45619  288.92569     99.465 -9.990e-29
   40.56888 -9.990e-29      8.550      8.484     9.4619    29.5557      8.018     0.6192 1.0648e+00  1022.8279     9.4610    22.7888     9.4061    287.397    9.45613  288.92397     99.471 -9.990e-29
   40.56888 -9.990e-29      8.550      8.484     9.4620    29.5556      8.018     0.6192 1.0648e+00  1022.8274     9.4611    22.7887     9.4059    287.389    9.45607  288.92204     99.469 -9.990e-29
   40.56888 -9.990e-29      8.543      8.477     9.4620    29.5557      8.018     0.6192 1.0618e+00  1022.8278     9.4611    22.7888     9.4005    287.224    9.45603  288.92072     99.413 -9.990e-29
   40.56888 -9.990e-29      8.550      8.484     9.4619    29.5559      8.018     0.6192 1.0618e+00  1022.8279     9.4610    22.7890     9.3995    287.194    9.45597  288.91924     99.403 -9.990e-29
   40.56888 -9.990e-29      8.561      8.495     9.4617    29.5561      8.018     0.6192 1.0618e+00  1022.8282     9.4608    22.7891     9.3995    287.193    9.45598  288.91949     99.402 -9.990e-29
   40.56888 -9.990e-29      8.571      8.504     9.4621    29.5561      8.018     0.6192 1.0558e+00  1022.8282     9.4612    22.7890     9.3987    287.168    9.45600  288.91995     99.394 -9.990e-29
   40.56888 -9.990e-29      8.553      8.487     9.4623    29.5559      8.018     0.6192 1.0528e+00  1022.8278     9.4615    22.7889     9.4039    287.328    9.45606  288.92206     99.448 -9.990e-29
   40.56888 -9.990e-29      8.571      8.504     9.4621    29.5559      8.018     0.6192 1.0499e+00  1022.8280     9.4612    22.7889     9.3979    287.145    9.45603  288.92112     99.385 -9.990e-29
   40.56888 -9.990e-29      8.571      8.504     9.4622    29.5559      8.018     0.6460 1.0469e+00  1022.8281     9.4613    22.7889     9.3971    287.122    9.45603  288.92115     99.377 -9.990e-29
   40.56888 -9.990e-29      8.573      8.507     9.4624    29.5558      8.018     0.6998 1.0410e+00  1022.8278     9.4615    22.7888     9.3964    287.099    9.45603  288.92124     99.369 -9.990e-29
   40.56888 -9.990e-29      8.571      8.504     9.4623    29.5556      8.018     0.7132 1.0439e+00  1022.8277     9.4614    22.7886     9.3966    287.105    9.45608  288.92265     99.371 -9.990e-29
   40.56888 -9.990e-29      8.582      8.515     9.4624    29.5556      8.018     0.7132 1.0351e+00  1022.8278     9.4615    22.7886     9.3968    287.110    9.45607  288.92222     99.373 -9.990e-29
   40.56888 -9.990e-29      8.573      8.507     9.4625    29.5556      8.018     0.7132 1.0322e+00  1022.8277     9.4616    22.7886     9.3963    287.095    9.45612  288.92371     99.367 -9.990e-29
   40.56888 -9.990e-29      8.582      8.515     9.4624    29.5556      8.018     0.7132 1.0307e+00  1022.8278     9.4615    22.7886     9.4016    287.259    9.45607  288.92225     99.424 -9.990e-29
   40.56888 -9.990e-29      8.591      8.525     9.4625    29.5556      8.018     0.7132 1.0293e+00  1022.8276     9.4616    22.7886     9.3961    287.088    9.45616  288.92512     99.364 -9.990e-29
   40.56888 -9.990e-29      8.582      8.515     9.4624    29.5557      8.018     0.7132 1.0264e+00  1022.8279     9.4615    22.7887     9.3963    287.097    9.45613  288.92401     99.368 -9.990e-29
   40.56888 -9.990e-29      8.594      8.527     9.4627    29.5557      8.018     0.7132 1.0235e+00  1022.8277     9.4618    22.7887     9.3967    287.109    9.45611  288.92358     99.372 -9.990e-29
   40.56888 -9.990e-29      8.582      8.515     9.4626    29.5558      8.018     0.7266 1.0235e+00  1022.8279     9.4617    22.7888     9.3964    287.099    9.45615  288.92464     99.368 -9.990e-29
   40.56888 -9.990e-29      8.601      8.534     9.4627    29.5559      8.018     0.7132 1.0206e+00  1022.8281     9.4618    22.7888     9.3968    287.113    9.45611  288.92344     99.373 -9.990e-29
   40.56888 -9.990e-29      8.583      8.516     9.4629    29.5558      8.018     0.7132 1.0177e+00  1022.8279     9.4620    22.7887     9.4026    287.288    9.45616  288.92485     99.434 -9.990e-29
   40.56888 -9.990e-29      8.601      8.534     9.4630    29.5558      8.018     0.7132 1.0206e+00  1022.8277     9.4621    22.7887     9.4031    287.303    9.45613  288.92395     99.439 -9.990e-29
   40.56888 -9.990e-29      8.591      8.525     9.4632    29.5558      8.018     0.7132 1.0177e+00  1022.8278     9.4624    22.7887     9.4036    287.319    9.45613  288.92400     99.445 -9.990e-29
   40.56888 -9.990e-29      8.591      8.525     9.4632    29.5558      8.018     0.7266 1.0177e+00  1022.8280     9.4623    22.7887     9.4041    287.335    9.45612  288.92356     99.450 -9.990e-29
   40.56888 -9.990e-29      8.594      8.527     9.4636    29.5558      8.018     0.7132 1.0177e+00  1022.8277     9.4627    22.7887     9.4046    287.350    9.45610  288.92296     99.456 -9.990e-29
   40.56888 -9.990e-29      8.591      8.525     9.4633    29.5558      8.018     0.7132 1.0177e+00  1022.8280     9.4625    22.7887     9.4052    287.366    9.45610  288.92292     99.461 -9.990e-29
   40.56888 -9.990e-29      8.601      8.534     9.4634    29.5558      8.018     0.7132 1.0177e+00  1022.8277     9.4625    22.7886     9.4057    287.382    9.45607  288.92224     99.467 -9.990e-29
   40.56888 -9.990e-29      8.594      8.527     9.4632    29.5557      8.018     0.7132 1.0206e+00  1022.8279     9.4623    22.7886     9.4062    287.399    9.45611  288.92317     99.472 -9.990e-29
   40.56888 -9.990e-29      8.591      8.525     9.4636    29.5557      8.018     0.7132 1.0235e+00  1022.8275     9.4627    22.7886     9.4067    287.414    9.45609  288.92282     99.478 -9.990e-29
   40.56888 -9.990e-29      8.601      8.534     9.4633    29.5558      8.018     0.7132 1.0264e+00  1022.8280     9.4625    22.7887     9.4072    287.428    9.45601  288.92026     99.483 -9.990e-29
   40.56888 -9.990e-29      8.583      8.516     9.4633    29.5559      8.018     0.7132 1.0264e+00  1022.8279     9.4625    22.7887     9.4077    287.446    9.45606  288.92154     99.489 -9.990e-29
   40.56888 -9.990e-29      8.591      8.525     9.4634    29.5560      8.018     0.7132 1.0337e+00  1022.8280     9.4625    22.7888     9.4082    287.459    9.45599  288.91975     99.495 -9.990e-29
   40.56888 -9.990e-29      8.601      8.534     9.4635    29.5560      8.018     0.7132 1.0366e+00  1022.8280     9.4626    22.7888     9.4087    287.475    9.45597  288.91894     99.500 -9.990e-29
   40.56888 -9.990e-29      8.591      8.525     9.4634    29.5559      8.018     0.7132 1.0366e+00  1022.8279     9.4625    22.7887     9.4092    287.489    9.45593  288.91779     99.505 -9.990e-29
   40.56888 -9.990e-29      8.583      8.516     9.4637    29.5557      8.018     0.7132 1.0425e+00  1022.8276     9.4628    22.7886     9.4097    287.506    9.45594  288.91824     99.511 -9.990e-29
   40.56888 -9.990e-29      8.591      8.525     9.4636    29.5557      8.018     0.7132 1.0484e+00  1022.8278     9.4627    22.7886     9.4103    287.523    9.45597  288.91921     99.517 -9.990e-29
   40.56888 -9.990e-29      8.591      8.525     9.4637    29.5557      8.018     0.7132 1.0484e+00  1022.8276     9.4628    22.7885     9.4167    287.720    9.45595  288.91850     99.585 -9.990e-29
   40.56888 -9.990e-29      8.583      8.516     9.4636    29.5557      8.018     0.7266 1.0543e+00  1022.8276     9.4627    22.7885     9.4122    287.582    9.45609  288.92286     99.536 -9.990e-29
   40.56888 -9.990e-29      8.581      8.515     9.4638    29.5556      8.018     0.7132 1.0603e+00  1022.8275     9.4630    22.7884     9.4126    287.596    9.45604  288.92146     99.541 -9.990e-29
   40.56888 -9.990e-29      8.591      8.525     9.4637    29.5556      8.018     0.7132 1.0603e+00  1022.8276     9.4628    22.7884     9.4132    287.613    9.45610  288.92351     99.546 -9.990e-29
   40.56888 -9.990e-29      8.581      8.515     9.4637    29.5556      8.018     0.7132 1.0633e+00  1022.8275     9.4628    22.7885     9.4137    287.629    9.45613  288.92433     99.552 -9.990e-29
   40.56888 -9.990e-29      8.573      8.507     9.4637    29.5556      8.018     0.7132 1.0693e+00  1022.8276     9.4628    22.7885     9.4143    287.645    9.45617  288.92551     99.557 -9.990e-29
   40.56888 -9.990e-29      8.581      8.515     9.4638    29.5556      8.018     0.7132 1.0739e+00  1022.8274     9.4630    22.7885     9.4148    287.661    9.45619  288.92602     99.562 -9.990e-29
