CalculateIndicators/WaterTemperature/Data/CTD_NYOS/20240710_25.cnv
* Sea-Bird SBE 9 Data File:
* FileName = C:\Seabird 9 CTD\Data\2024\202407_offshore\20240710_25.hex
* Software Version Seasave V 7.23.2
* Temperature SN = 4590
* Conductivity SN = 3228
* Number of Bytes Per Scan = 44
* Number of Voltage Words = 5
* Number of Scans Averaged by the Deck Unit = 1
* NMEA Latitude = 40 53.51 N
* NMEA Longitude = 072 12.44 W
* NMEA UTC (Time) = Jul 10 2024  23:51:27
* NMEA baud rate = 4800
** Ship: seawolf
** Station: 11.1
** Operator: SJW
# nquan = 18
# nvalues = 8543                        
# units = specified
# name 0 = latitude: Latitude [deg]
# name 1 = longitude: Longitude [deg]
# name 2 = prDM: Pressure, Digiquartz [db]
# name 3 = depSM: Depth [salt water, m]
# name 4 = t090C: Temperature [ITS-90, deg C]
# name 5 = sal00: Salinity, Practical [PSU]
# name 6 = ph: pH
# name 7 = flECO-AFL: Fluorescence, WET Labs ECO-AFL/FL [mg/m^3]
# name 8 = cpar: CPAR/Corrected Irradiance [%]
# name 9 = density00: Density [density, kg/m^3]
# name 10 = potemp090C: Potential Temperature [ITS-90, deg C]
# name 11 = sigma-é00: Density [sigma-theta, kg/m^3]
# name 12 = sbeox0Mg/L: Oxygen, SBE 43 [mg/l]
# name 13 = sbox0Mm/Kg: Oxygen, SBE 43 [umol/kg]
# name 14 = oxsolMg/L: Oxygen Saturation, Garcia & Gordon [mg/l]
# name 15 = oxsolMm/Kg: Oxygen Saturation, Garcia & Gordon [umol/kg]
# name 16 = sbeox0PS: Oxygen, SBE 43 [% saturation]
# name 17 = flag:  0.000e+00
# span 0 =   40.89194,   40.89264       
# span 1 =  -72.20762,  -72.20740       
# span 2 =      1.212,     19.854       
# span 3 =      1.203,     19.699       
# span 4 =    15.0505,    19.8727       
# span 5 =    29.8058,    30.8608       
# span 6 =      7.892,      8.023       
# span 7 =     1.0758,     1.9354       
# span 8 = 4.6459e-13, 7.7638e+01       
# span 9 =  1020.6914,  1022.7056       
# span 10 =    15.0476,    19.8723      
# span 11 =    20.8136,    22.6231      
# span 12 =     7.3835,     8.5620      
# span 13 =    225.704,    261.892      
# span 14 =    7.62831,    8.34940      
# span 15 =  233.46058,  255.16193      
# span 16 =     89.677,    108.578      
# span 17 = 0.0000e+00, 0.0000e+00      
# interval = seconds: 0.0416667
# start_time = Jul 10 2024 23:51:27 [System UTC, first data scan.]
# bad_flag = -9.990e-29
*END*
[from data line 1126]
   40.89200  -72.20742     16.281     16.154    17.0073    30.5788      7.952     1.6668 5.8895e-02  1022.1940    17.0047    22.1227     7.8329    239.462    8.09195  247.38124     96.799 0.0000e+00
   40.89200  -72.20742     16.301     16.174    17.0056    30.5788      7.952     1.6668 5.8647e-02  1022.1945    17.0030    22.1232     7.8353    239.536    8.09486  247.47140     96.793 0.0000e+00
   40.89200  -72.20742     16.331     16.204    17.0042    30.5794      7.953     1.6668 5.8647e-02  1022.1960    17.0016    22.1241     7.8422    239.748    8.09756  247.55316     96.847 0.0000e+00
   40.89200  -72.20742     16.341     16.214    17.0033    30.5801      7.953     1.6668 5.8568e-02  1022.1974    17.0007    22.1251     7.8434    239.782    8.09957  247.61211     96.838 0.0000e+00
   40.89200  -72.20742     16.352     16.225    17.0026    30.5801      7.953     1.6534 5.7826e-02  1022.1980    17.0000    22.1255     7.8448    239.822    8.10138  247.66609     96.833 0.0000e+00
   40.89200  -72.20742     16.373     16.245    17.0018    30.5804      7.947     1.6668 5.7826e-02  1022.1971    16.9992    22.1252     7.8528    240.071    8.10520  247.78844     96.886 0.0000e+00
   40.89200  -72.20742     16.393     16.266    17.0009    30.5807      7.947     1.6668 5.7580e-02  1022.1963    16.9983    22.1253     7.8544    240.134    8.11220  248.01525     96.822 0.0000e+00
   40.89200  -72.20742     16.424     16.296    16.9995    30.5812      7.953     1.6668 5.7580e-02  1022.1988    16.9969    22.1266     7.8663    240.496    8.12015  248.25760     96.873 0.0000e+00
   40.89200  -72.20742     16.443     16.315    16.9976    30.5829      7.953     1.6668 5.7994e-02  1022.2013    16.9950    22.1282     7.8764    240.796    8.12551  248.41086     96.935 0.0000e+00
   40.89200  -72.20742     16.454     16.326    16.9970    30.5835      7.953     1.6668 5.6523e-02  1022.2017    16.9943    22.1290     7.8751    240.750    8.12893  248.50829     96.878 0.0000e+00
   40.89200  -72.20742     16.484     16.356    16.9965    30.5835      7.953     1.6668 5.2952e-02  1022.2014    16.9938    22.1291     7.8728    240.676    8.13200  248.60047     96.812 -9.990e-29
   40.89200  -72.20742     16.484     16.356    16.9965    30.5838      7.947     1.6534 5.2025e-02  1022.2016    16.9938    22.1294     7.8765    240.795    8.13643  248.74130     96.805 -9.990e-29
   40.89200  -72.20742     16.505     16.376    16.9961    30.5845      7.953     1.6668 5.2634e-02  1022.2024    16.9934    22.1299     7.8824    240.983    8.14369  248.97014     96.792 0.0000e+00
   40.89200  -72.20742     16.535     16.406    16.9963    30.5856      7.953     1.6668 5.3806e-02  1022.2035    16.9936    22.1308     7.8851    241.063    8.15217  249.22874     96.724 0.0000e+00
   40.89200  -72.20742     16.545     16.416    16.9965    30.5867      7.953     1.6668 5.4280e-02  1022.2042    16.9938    22.1317     7.8866    241.105    8.16013  249.46756     96.648 0.0000e+00
   40.89200  -72.20742     16.565     16.436    16.9961    30.5881      7.953     1.6534 5.4916e-02  1022.2054    16.9935    22.1329     7.8909    241.228    8.16644  249.65244     96.626 0.0000e+00
   40.89200  -72.20742     16.575     16.446    16.9944    30.5899      7.947     1.5996 5.5880e-02  1022.2071    16.9917    22.1346     7.8932    241.293    8.17094  249.78218     96.601 0.0000e+00
   40.89200  -72.20742     16.596     16.466    16.9916    30.5922      7.953     1.5862 5.6611e-02  1022.2098    16.9890    22.1370     7.8941    241.313    8.17406  249.87000     96.575 0.0000e+00
   40.89200  -72.20742     16.626     16.496    16.9886    30.5946      7.953     1.5862 5.7027e-02  1022.2128    16.9860    22.1395     7.8945    241.321    8.17680  249.94912     96.548 0.0000e+00
   40.89200  -72.20742     16.637     16.507    16.9854    30.5969      7.948     1.5996 5.3882e-02  1022.2151    16.9828    22.1419     7.8954    241.345    8.17960  250.03297     96.525 0.0000e+00
   40.89200  -72.20742     16.646     16.517    16.9829    30.5991      7.948     1.5996 5.2003e-02  1022.2175    16.9802    22.1442     7.8913    241.220    8.18249  250.12020     96.442 0.0000e+00
   40.89200  -72.20742     16.677     16.547    16.9799    30.6012      7.953     1.5996 5.2154e-02  1022.2199    16.9773    22.1465     7.8913    241.216    8.18500  250.19450     96.412 0.0000e+00
   40.89200  -72.20742     16.686     16.557    16.9771    30.6031      7.953     1.5996 5.2388e-02  1022.2223    16.9744    22.1486     7.8912    241.214    8.18752  250.27198     96.381 0.0000e+00
   40.89200  -72.20742     16.707     16.577    16.9746    30.6043      7.953     1.5996 5.3015e-02  1022.2241    16.9720    22.1502     7.8874    241.099    8.19084  250.37426     96.296 0.0000e+00
   40.89200  -72.20742     16.718     16.588    16.9733    30.6043      7.953     1.5996 5.3015e-02  1022.2249    16.9706    22.1510     7.8884    241.129    8.19450  250.48527     96.265 0.0000e+00
   40.89200  -72.20742     16.748     16.618    16.9724    30.6043      7.948     1.5996 5.2938e-02  1022.2254    16.9697    22.1506     7.8847    241.015    8.19839  250.60403     96.174 0.0000e+00
   40.89200  -72.20742     16.758     16.627    16.9710    30.5990      7.953     1.5862 5.2231e-02  1022.2247    16.9683    22.1471     7.8807    240.893    8.20253  250.72949     96.077 0.0000e+00
   40.89200  -72.20742     16.768     16.637    16.9684    30.5847      7.953     1.5862 5.1996e-02  1022.2153    16.9658    22.1370     7.8807    240.890    8.20613  250.83717     96.035 0.0000e+00
   40.89200  -72.20742     16.799     16.668    16.9616    30.5761      7.953     1.5996 5.3101e-02  1022.1899    16.9589    22.1252     7.8800    240.864    8.20894  250.91971     95.993 -9.990e-29
   40.89200  -72.20742     16.799     16.668    16.9415    30.5761      7.953     1.5862 5.4299e-02  1022.1882    16.9388    22.1253     7.8689    240.525    8.21135  250.99088     95.830 -9.990e-29
   40.89200  -72.20742     16.818     16.688    16.9195    30.5761      7.953     1.5996 5.4541e-02  1022.2147    16.9168    22.1403     7.8673    240.474    8.21370  251.06151     95.783 0.0000e+00
   40.89200  -72.20742     16.839     16.708    16.9065    30.5962      7.953     1.5996 5.4471e-02  1022.2360    16.9038    22.1587     7.8613    240.292    8.21656  251.14994     95.677 0.0000e+00
   40.89200  -72.20742     16.860     16.728    16.9004    30.6133      7.953     1.5996 5.3028e-02  1022.2486    16.8978    22.1733     7.8610    240.283    8.21998  251.25511     95.633 0.0000e+00
   40.89200  -72.20742     16.880     16.749    16.9001    30.6267      7.948     1.5862 5.2553e-02  1022.2614    16.8974    22.1836     7.8557    240.119    8.22321  251.35241     95.531 0.0000e+00
   40.89200  -72.20742     16.890     16.759    16.9061    30.6267      7.953     1.5996 5.2316e-02  1022.2665    16.9034    22.1881     7.8509    239.975    8.22738  251.48309     95.424 0.0000e+00
   40.89200  -72.20742     16.900     16.768    16.9141    30.6267      7.948     1.5996 5.2006e-02  1022.2644    16.9114    22.1842     7.8467    239.847    8.23249  251.63965     95.314 0.0000e+00
   40.89200  -72.20742     16.911     16.779    16.9202    30.6122      7.953     1.5996 5.1535e-02  1022.2497    16.9175    22.1699     7.8512    239.982    8.23663  251.76220     95.321 0.0000e+00
   40.89200  -72.20742     16.930     16.798    16.9167    30.5838      7.948     1.5996 5.1535e-02  1022.2197    16.9140    22.1494     7.8411    239.668    8.23980  251.85512     95.161 0.0000e+00
   40.89200  -72.20742     16.951     16.819    16.8952    30.5593      7.953     1.5996 5.1301e-02  1022.2005    16.8925    22.1347     7.8345    239.466    8.24292  251.94888     95.046 0.0000e+00
   40.89200  -72.20742     16.962     16.829    16.8675    30.5480      7.948     1.5862 5.1698e-02  1022.2036    16.8648    22.1315     7.8334    239.431    8.24624  252.04889     94.994 0.0000e+00
   40.89200  -72.20742     16.981     16.849    16.8429    30.5419      7.948     1.5996 5.1463e-02  1022.2120    16.8402    22.1325     7.8279    239.259    8.24930  252.13920     94.891 0.0000e+00
   40.89200  -72.20742     17.001     16.869    16.8190    30.5289      7.953     1.6131 4.9600e-02  1022.2069    16.8163    22.1283     7.8208    239.041    8.25155  252.20479     94.780 0.0000e+00
   40.89200  -72.20742     17.011     16.879    16.7923    30.5094      7.948     1.6131 4.8684e-02  1022.1913    16.7897    22.1198     7.8130    238.800    8.25323  252.25474     94.666 -9.990e-29
   40.89200  -72.20742     17.011     16.879    16.7599    30.5094      7.953     1.6131 4.8684e-02  1022.1828    16.7572    22.1171     7.8096    238.693    8.25396  252.27267     94.617 -9.990e-29
   40.89200  -72.20742     17.032     16.899    16.7219    30.5094      7.948     1.5996 4.9370e-02  1022.1921    16.7193    22.1320     7.7954    238.252    8.25335  252.24890     94.451 0.0000e+00
   40.89200  -72.20742     17.052     16.920    16.6807    30.5375      7.949     1.5996 4.9831e-02  1022.2421    16.6780    22.1643     7.7949    238.235    8.25217  252.21027     94.459 0.0000e+00
   40.89200  -72.20742     17.083     16.950    16.6612    30.5719      7.949     1.5996 5.0062e-02  1022.2820    16.6585    22.1960     7.7799    237.774    8.25052  252.15689     94.296 -9.990e-29
   40.89200  -72.20742     17.083     16.950    16.6495    30.5819      7.949     1.6131 4.9831e-02  1022.2956    16.6468    22.2120     7.7686    237.426    8.24808  252.08036     94.186 -9.990e-29
   40.89200  -72.20742     17.113     16.980    16.6384    30.5819      7.949     1.6131 4.9831e-02  1022.2906    16.6358    22.2143     7.7570    237.071    8.24543  251.99947     94.076 0.0000e+00
   40.89200  -72.20742     17.124     16.991    16.6235    30.5827      7.949     1.5996 4.9831e-02  1022.2855    16.6208    22.2134     7.7448    236.700    8.24278  251.91911     93.959 0.0000e+00
   40.89200  -72.20742     17.154     17.021    16.6063    30.5819      7.954     1.5996 4.8912e-02  1022.2897    16.6036    22.2161     7.7378    236.486    8.24032  251.84525     93.901 0.0000e+00
   40.89200  -72.20742     17.164     17.030    16.5911    30.5809      7.954     1.5996 4.7330e-02  1022.2996    16.5884    22.2209     7.7273    236.167    8.23837  251.78765     93.796 0.0000e+00
   40.89200  -72.20742     17.194     17.060    16.5785    30.5746      7.954     1.6131 4.7107e-02  1022.3054    16.5758    22.2180     7.7174    235.868    8.23715  251.75279     93.690 0.0000e+00
   40.89200  -72.20742     17.215     17.081    16.5649    30.5436      7.954     1.6131 4.6219e-02  1022.2826    16.5622    22.1980     7.7127    235.725    8.23607  251.72027     93.646 0.0000e+00
   40.89200  -72.20742     17.235     17.101    16.5443    30.5114      7.954     1.6131 4.4689e-02  1022.2294    16.5416    22.1739     7.7035    235.442    8.23432  251.66533     93.553 0.0000e+00
   40.89200  -72.20742     17.245     17.111    16.4971    30.5114      7.954     1.5996 4.4257e-02  1022.2329    16.4944    22.1734     7.6931    235.123    8.23182  251.58829     93.455 0.0000e+00
   40.89200  -72.20742     17.266     17.131    16.4501    30.5114      7.954     1.6131 4.4257e-02  1022.2767    16.4474    22.1968     7.6827    234.803    8.22865  251.48947     93.365 0.0000e+00
   40.89200  -72.20742     17.296     17.161    16.4195    30.5114      7.954     1.6131 4.4257e-02  1022.3062    16.4168    22.2197     7.6706    234.428    8.22306  251.31056     93.282 0.0000e+00
   40.89200  -72.20742     17.316     17.182    16.3991    30.5114      7.954     1.6131 4.4257e-02  1022.3136    16.3965    22.2249     7.6546    233.927    8.21353  251.00831     93.195 0.0000e+00
   40.89200  -72.20742     17.326     17.191    16.3823    30.5081      7.955     1.6131 4.3402e-02  1022.2905    16.3796    22.2123     7.6410    233.504    8.20162  250.63711     93.164 0.0000e+00
   40.89200  -72.20742     17.367     17.232    16.3511    30.4793      7.955     1.6131 3.8961e-02  1022.2626    16.3484    22.1976     7.6203    232.872    8.18676  250.18188     93.081 0.0000e+00
   40.89200  -72.20742     17.387     17.251    16.3015    30.4793      7.955     1.6131 3.7188e-02  1022.2654    16.2988    22.1971     7.6002    232.266    8.17217  249.74635     93.001 0.0000e+00
   40.89200  -72.20742     17.398     17.262    16.2492    30.4793      7.955     1.6131 3.7188e-02  1022.2837    16.2466    22.2136     7.5843    231.797    8.16249  249.46954     92.916 0.0000e+00
   40.89200  -72.20742     17.428     17.292    16.2008    30.4955      7.955     1.5996 3.8167e-02  1022.3173    16.1981    22.2408     7.5777    231.610    8.15798  249.34701     92.887 0.0000e+00
   40.89200  -72.20742     17.468     17.332    16.1633    30.5240      7.955     1.5862 3.8762e-02  1022.3493    16.1607    22.2711     7.5690    231.354    8.15589  249.29313     92.804 0.0000e+00
   40.89200  -72.20742     17.488     17.352    16.1340    30.5504      7.955     1.5593 3.8762e-02  1022.3806    16.1313    22.2981     7.5621    231.147    8.15547  249.28613     92.724 0.0000e+00
   40.89200  -72.20742     17.519     17.382    16.1115    30.5682      7.955     1.5459 3.7382e-02  1022.3994    16.1088    22.3171     7.5609    231.117    8.15581  249.30233     92.705 -9.990e-29
   40.89200  -72.20742     17.519     17.382    16.0927    30.5764      7.956     1.5593 3.6414e-02  1022.4071    16.0900    22.3278     7.5617    231.147    8.15760  249.36201     92.695 -9.990e-29
   40.89200  -72.20742     17.570     17.433    16.0748    30.5790      7.956     1.5593 3.6414e-02  1022.4113    16.0721    22.3349     7.5592    231.073    8.16037  249.44949     92.633 0.0000e+00
   40.89200  -72.20742     17.579     17.442    16.0565    30.5790      7.956     1.5593 3.6799e-02  1022.4220    16.0539    22.3401     7.5572    231.016    8.16407  249.56586     92.567 0.0000e+00
   40.89200  -72.20742     17.600     17.463    16.0432    30.5790      7.956     1.5593 3.7097e-02  1022.4197    16.0405    22.3414     7.5567    230.999    8.16913  249.72131     92.503 0.0000e+00
   40.89200  -72.20742     17.641     17.504    16.0254    30.5732      7.956     1.5593 3.7097e-02  1022.4169    16.0227    22.3409     7.5603    231.107    8.17315  249.84062     92.502 0.0000e+00
   40.89200  -72.20742     17.662     17.524    16.0035    30.5687      7.956     1.5593 3.5187e-02  1022.4201    16.0008    22.3420     7.5574    231.014    8.17514  249.89799     92.443 0.0000e+00
   40.89200  -72.20742     17.681     17.543    15.9810    30.5687      7.956     1.5593 3.2602e-02  1022.4213    15.9783    22.3446     7.5593    231.071    8.17679  249.94687     92.448 0.0000e+00
 -9.990e-29  -72.20742     17.722     17.584    15.9562    30.5687      7.956     1.5593 3.2062e-02  1022.4252    15.9535    22.3497     7.5572    231.008    8.17923  250.02167     92.395 0.0000e+00
 -9.990e-29  -72.20742     17.732     17.594    15.9319    30.5703      7.956     1.5593 3.2241e-02  1022.4357    15.9292    22.3585     7.5605    231.108    8.18249  250.12090     92.399 0.0000e+00
 -9.990e-29  -72.20742     17.762     17.624    15.9111    30.5783      7.961     1.5459 3.2853e-02  1022.4490    15.9084    22.3692     7.5599    231.091    8.18608  250.23160     92.351 0.0000e+00
 -9.990e-29  -72.20742     17.793     17.654    15.8939    30.5802      7.956     1.5593 3.2784e-02  1022.4591    15.8912    22.3780     7.5646    231.236    8.18984  250.34870     92.366 0.0000e+00
 -9.990e-29  -72.20742     17.813     17.674    15.8787    30.5802      7.961     1.5459 3.2853e-02  1022.4641    15.8761    22.3820     7.5688    231.364    8.19337  250.45664     92.377 0.0000e+00
 -9.990e-29  -72.20742     17.824     17.685    15.8640    30.5802      7.961     1.5593 3.2308e-02  1022.4602    15.8614    22.3817     7.5728    231.482    8.19591  250.53053     92.397 0.0000e+00
