CalculateIndicators/WaterTemperature/Data/CTD_NYOS/20240915_C33.cnv
* Sea-Bird SBE 9 Data File:
* FileName = C:\Seabird 9 CTD\Data\2024\202409_offshore\20240915_C33.hex
* Software Version Seasave V 7.23.2
* Temperature SN = 4590
* Conductivity SN = 3228
* Number of Bytes Per Scan = 44
* Number of Voltage Words = 5
* Number of Scans Averaged by the Deck Unit = 1
* NMEA Latitude = 40 18.52 N
* NMEA Longitude = 071 48.46 W
* NMEA UTC (Time) = Sep 15 2024  04:15:26
* NMEA baud rate = 4800
** Ship: Seawolf
** Station: 11.4
** Operator: TCM
# nquan = 18
# nvalues = 12790                       
# units = specified
# name 0 = latitude: Latitude [deg]
# name 1 = longitude: Longitude [deg]
# name 2 = prDM: Pressure, Digiquartz [db]
# name 3 = depSM: Depth [salt water, m]
# name 4 = t090C: Temperature [ITS-90, deg C]
# name 5 = sal00: Salinity, Practical [PSU]
# name 6 = ph: pH
# name 7 = flECO-AFL: Fluorescence, WET Labs ECO-AFL/FL [mg/m^3]
# name 8 = cpar: CPAR/Corrected Irradiance [%]
# name 9 = density00: Density [density, kg/m^3]
# name 10 = potemp090C: Potential Temperature [ITS-90, deg C]
# name 11 = sigma-é00: Density [sigma-theta, kg/m^3]
# name 12 = sbeox0Mg/L: Oxygen, SBE 43 [mg/l]
# name 13 = sbox0Mm/Kg: Oxygen, SBE 43 [umol/kg]
# name 14 = oxsolMg/L: Oxygen Saturation, Garcia & Gordon [mg/l]
# name 15 = oxsolMm/Kg: Oxygen Saturation, Garcia & Gordon [umol/kg]
# name 16 = sbeox0PS: Oxygen, SBE 43 [% saturation]
# name 17 = flag:  0.000e+00
# span 0 =   40.30872,   40.30896       
# span 1 =  -71.81032,  -71.80774       
# span 2 =      1.771,     69.766       
# span 3 =      1.757,     69.218       
# span 4 =    10.4303,    22.0846       
# span 5 =    31.8419,    34.3684       
# span 6 =      7.896,      8.207       
# span 7 =    -0.0524,     2.0294       
# span 8 = 1.6880e-11, 9.9999e+04       
# span 9 =  1022.9892,  1025.9149       
# span 10 =    10.4263,    22.0808      
# span 11 =    22.9833,    25.6031      
# span 12 =     6.3344,     8.5872      
# span 13 =    193.013,    261.971      
# span 14 =    7.17663,    9.09633      
# span 15 =  219.18501,  277.40191      
# span 16 =     71.367,    107.460      
# span 17 = 0.0000e+00, 0.0000e+00      
# interval = seconds: 0.0416667
# start_time = Sep 15 2024 04:15:27 [System UTC, first data scan.]
# bad_flag = -9.990e-29
*END*
[from data line 11418]
   40.30894  -71.81002      2.692      2.671    21.5932    33.2388 -9.990e-29     0.0416 1.4954e+01  1023.0042    21.5927    22.9926     7.0490    215.334    7.25935  221.75917     97.102 -9.990e-29
   40.30894  -71.81006      2.732      2.711    21.5938    33.2388 -9.990e-29     0.0416 1.4412e+01  1023.0043    21.5932    22.9926     7.0501    215.367    7.25934  221.75900     97.118 -9.990e-29
   40.30894  -71.81006      2.742      2.720    21.5937    33.2387 -9.990e-29     0.0416 1.2692e+01  1023.0043    21.5932    22.9924     7.0513    215.403    7.25933  221.75858     97.134 -9.990e-29
   40.30894  -71.81006      2.742      2.720    21.5941    33.2386 -9.990e-29     0.0416 8.2450e+00  1023.0039    21.5936    22.9922     7.0525    215.442    7.25935  221.75941     97.151 -9.990e-29
   40.30894  -71.81006      2.783      2.761    21.5941    33.2384 -9.990e-29     0.0416 6.9348e+00  1023.0041    21.5936    22.9921     7.0552    215.528    7.26073  221.80700     97.169 -9.990e-29
   40.30894  -71.81006      2.772      2.750    21.5943    33.2381 -9.990e-29     0.0416 7.0764e+00  1023.0039    21.5938    22.9918     7.0605    215.691    7.26074  221.80699     97.243 -9.990e-29
   40.30894  -71.81006      2.792      2.771    21.5944    33.2377 -9.990e-29     0.0416 8.2180e+00  1023.0033    21.5939    22.9915     7.0613    215.709    7.25967  221.77007     97.267 -9.990e-29
   40.30894  -71.81006      2.823      2.801    21.5943    33.2375 -9.990e-29     0.0416 8.7166e+00  1023.0034    21.5937    22.9914     7.0624    215.744    7.25936  221.75975     97.287 -9.990e-29
   40.30894  -71.81006      2.813      2.791    21.5943    33.2377 -9.990e-29     0.0416 8.8885e+00  1023.0037    21.5937    22.9916     7.0682    215.921    7.25937  221.75979     97.367 -9.990e-29
   40.30894  -71.81006      2.803      2.782    21.5941    33.2380 -9.990e-29     0.0282 1.1810e+01  1023.0040    21.5935    22.9917     7.0705    215.989    7.25935  221.75932     97.398 -9.990e-29
   40.30894  -71.81006      2.802      2.780    21.5941    33.2380 -9.990e-29     0.0416 1.3845e+01  1023.0037    21.5936    22.9917     7.0724    216.049    7.25939  221.76045     97.425 -9.990e-29
   40.30894  -71.81006      2.832      2.810    21.5941    33.2379 -9.990e-29     0.0416 1.4104e+01  1023.0040    21.5936    22.9917     7.0744    216.109    7.25939  221.76045     97.452 -9.990e-29
   40.30894  -71.81006      2.883      2.861    21.5941    33.2377 -9.990e-29     0.0416 1.3632e+01  1023.0039    21.5935    22.9915     7.0807    216.301    7.25939  221.76056     97.538 -9.990e-29
   40.30894  -71.81006      2.873      2.851    21.5943    33.2377 -9.990e-29     0.0416 1.3298e+01  1023.0036    21.5937    22.9915     7.0830    216.372    7.25939  221.76045     97.570 -9.990e-29
   40.30894  -71.81006      2.883      2.861    21.5941    33.2378 -9.990e-29     0.0416 1.3298e+01  1023.0043    21.5935    22.9916     7.0854    216.445    7.25941  221.76130     97.603 -9.990e-29
   40.30894  -71.81006      2.904      2.881    21.5943    33.2379 -9.990e-29     0.0416 1.2035e+01  1023.0041    21.5937    22.9917     7.0878    216.518    7.25943  221.76190     97.635 -9.990e-29
   40.30894  -71.81006      2.924      2.902    21.5941    33.2379 -9.990e-29     0.0416 1.0914e+01  1023.0044    21.5935    22.9917     7.0941    216.713    7.25949  221.76383     97.722 -9.990e-29
   40.30894  -71.81006      2.934      2.911    21.5945    33.2380 -9.990e-29     0.0416 1.0709e+01  1023.0041    21.5939    22.9917     7.0926    216.667    7.25954  221.76544     97.701 -9.990e-29
   40.30894  -71.81006      2.945      2.922    21.5943    33.2381 -9.990e-29     0.0416 1.2771e+01  1023.0045    21.5937    22.9918     7.0991    216.863    7.25967  221.76936     97.788 -9.990e-29
   40.30894  -71.81006      2.944      2.921    21.5941    33.2381 -9.990e-29     0.0416 1.6243e+01  1023.0048    21.5935    22.9918     7.1010    216.923    7.25963  221.76783     97.815 -9.990e-29
   40.30894  -71.81006      2.955      2.932    21.5943    33.2379 -9.990e-29     0.0416 1.7263e+01  1023.0043    21.5937    22.9916     7.1030    216.983    7.25962  221.76750     97.843 -9.990e-29
   40.30894  -71.81006      2.955      2.932    21.5948    33.2377 -9.990e-29     0.0416 1.6144e+01  1023.0039    21.5942    22.9914     7.1050    217.044    7.25965  221.76862     97.869 -9.990e-29
   40.30894  -71.81006      2.964      2.941    21.5943    33.2377 -9.990e-29     0.0416 1.4192e+01  1023.0046    21.5937    22.9914     7.1112    217.233    7.25968  221.76956     97.955 -9.990e-29
   40.30894  -71.81006      2.964      2.941    21.5945    33.2376 -9.990e-29     0.0416 1.3632e+01  1023.0040    21.5939    22.9914     7.1134    217.301    7.25968  221.76930     97.985 -9.990e-29
   40.30894  -71.81006      2.974      2.951    21.5945    33.2375 -9.990e-29     0.0416 1.3675e+01  1023.0040    21.5939    22.9913     7.1152    217.357    7.25968  221.76947     98.010 -9.990e-29
   40.30894  -71.81006      2.985      2.962    21.5943    33.2375 -9.990e-29     0.0416 1.3802e+01  1023.0041    21.5937    22.9914     7.1170    217.412    7.25972  221.77073     98.035 -9.990e-29
   40.30894  -71.81006      2.974      2.951    21.5941    33.2376 -9.990e-29     0.0416 1.3845e+01  1023.0043    21.5935    22.9915     7.1226    217.583    7.25971  221.77019     98.112 -9.990e-29
   40.30894  -71.81006      2.964      2.941    21.5941    33.2376 -9.990e-29     0.0416 1.4457e+01  1023.0043    21.5935    22.9915     7.1196    217.492    7.25972  221.77065     98.071 -9.990e-29
   40.30894  -71.81006      2.974      2.951    21.5943    33.2376 -9.990e-29     0.0416 1.8453e+01  1023.0041    21.5937    22.9914     7.1205    217.518    7.25975  221.77141     98.082 -9.990e-29
   40.30894  -71.81006      2.944      2.921    21.5943    33.2376 -9.990e-29     0.0416 2.0566e+01  1023.0040    21.5937    22.9915     7.1255    217.670    7.25972  221.77049     98.151 -9.990e-29
   40.30894  -71.81006      2.944      2.921    21.5939    33.2378 -9.990e-29     0.0416 2.1003e+01  1023.0046    21.5934    22.9917     7.1218    217.559    7.25973  221.77069     98.101 -9.990e-29
   40.30894  -71.81006      2.934      2.911    21.5941    33.2379 -9.990e-29     0.0416 2.4600e+01  1023.0043    21.5935    22.9918     7.1220    217.564    7.25972  221.77068     98.103 -9.990e-29
   40.30894  -71.81006      2.924      2.902    21.5941    33.2379 -9.990e-29     0.0148 2.6967e+01  1023.0044    21.5935    22.9917     7.1264    217.696    7.25968  221.76938     98.163 -9.990e-29
   40.30894  -71.81006      2.894      2.872    21.5941    33.2378 -9.990e-29     0.0148 2.7047e+01  1023.0041    21.5935    22.9916     7.1309    217.835    7.25965  221.76845     98.226 -9.990e-29
   40.30894  -71.81006      2.894      2.872    21.5941    33.2378 -9.990e-29     0.0148 1.7368e+01  1023.0041    21.5935    22.9916     7.1272    217.721    7.25966  221.76872     98.175 -9.990e-29
   40.30894  -71.81006      2.883      2.861    21.5939    33.2379 -9.990e-29     0.0148 1.2692e+01  1023.0041    21.5934    22.9917     7.1269    217.712    7.25965  221.76825     98.171 -9.990e-29
   40.30894  -71.81006      2.862      2.840    21.5939    33.2380 -9.990e-29     0.0148 1.2110e+01  1023.0040    21.5934    22.9918     7.1265    217.700    7.25965  221.76825     98.165 -9.990e-29
   40.30894  -71.81006      2.853      2.831    21.5937    33.2382 -9.990e-29     0.0148 1.0984e+01  1023.0044    21.5932    22.9920     7.1262    217.693    7.25962  221.76739     98.163 -9.990e-29
   40.30894  -71.81006      2.853      2.831    21.5939    33.2383 -9.990e-29     0.0148 1.0015e+01  1023.0043    21.5934    22.9921     7.1256    217.673    7.25962  221.76740     98.154 -9.990e-29
   40.30894  -71.81006      2.823      2.801    21.5941    33.2385 -9.990e-29     0.0148 9.8244e+00  1023.0044    21.5936    22.9921     7.1248    217.650    7.25963  221.76765     98.143 -9.990e-29
   40.30894  -71.81006      2.813      2.791    21.5946    33.2385 -9.990e-29     0.0148 1.1589e+01  1023.0042    21.5941    22.9920     7.1285    217.763    7.25963  221.76782     98.194 -9.990e-29
   40.30894  -71.81006      2.823      2.801    21.5948    33.2384 -9.990e-29     0.0148 1.4235e+01  1023.0039    21.5943    22.9919     7.1239    217.623    7.25965  221.76835     98.131 -9.990e-29
   40.30894  -71.81006      2.802      2.780    21.5948    33.2386 -9.990e-29     0.0148 1.4954e+01  1023.0042    21.5943    22.9920     7.1231    217.598    7.25966  221.76877     98.120 -9.990e-29
   40.30894  -71.81006      2.772      2.750    21.5950    33.2387 -9.990e-29     0.0148 1.6442e+01  1023.0040    21.5944    22.9921     7.1222    217.570    7.25964  221.76824     98.107 -9.990e-29
   40.30894  -71.81006      2.781      2.760    21.5953    33.2387 -9.990e-29     0.0148 1.9660e+01  1023.0040    21.5948    22.9920     7.1212    217.539    7.25965  221.76835     98.093 -9.990e-29
   40.30894  -71.81006      2.773      2.752    21.5955    33.2388 -9.990e-29     0.0148 2.0940e+01  1023.0039    21.5950    22.9920     7.1204    217.515    7.25964  221.76803     98.082 -9.990e-29
   40.30894  -71.81006      2.762      2.741    21.5959    33.2388 -9.990e-29     0.0148 1.8066e+01  1023.0039    21.5953    22.9919     7.1195    217.487    7.25965  221.76818     98.070 -9.990e-29
   40.30894  -71.81006      2.751      2.730    21.5958    33.2386 -9.990e-29     0.0148 1.2263e+01  1023.0036    21.5953    22.9918     7.1186    217.459    7.25968  221.76924     98.056 -9.990e-29
   40.30894  -71.81006      2.742      2.721    21.5961    33.2385 -9.990e-29     0.0148 1.0675e+01  1023.0034    21.5955    22.9916     7.1217    217.554    7.25964  221.76822     98.100 -9.990e-29
   40.30894  -71.81006      2.742      2.721    21.5961    33.2384 -9.990e-29     0.0148 1.1480e+01  1023.0034    21.5955    22.9915     7.1170    217.410    7.25967  221.76908     98.034 -9.990e-29
   40.30894  -71.81006      2.762      2.741    21.5962    33.2381 -9.990e-29     0.0148 1.6046e+01  1023.0034    21.5957    22.9913     7.1160    217.382    7.25969  221.76955     98.021 -9.990e-29
   40.30894  -71.81006      2.742      2.721    21.5961    33.2367 -9.990e-29     0.0148 1.8397e+01  1023.0032    21.5955    22.9902     7.1150    217.350    7.25966  221.76874     98.007 -9.990e-29
   40.30894  -71.81006      2.742      2.721    21.5963 -9.990e-29 -9.990e-29     0.0148 1.8621e+01 -9.990e-29    21.5957 -9.990e-29     7.1139    217.315    7.25964  221.76820     97.992 -9.990e-29
   40.30894  -71.81006      2.751      2.730    21.5960 -9.990e-29 -9.990e-29     0.0148 1.9958e+01 -9.990e-29    21.5955 -9.990e-29     7.1127    217.279    7.25964  221.76789     97.976 -9.990e-29
   40.30894  -71.81006      2.742      2.721    21.5959    33.2354 -9.990e-29     0.0148 2.0752e+01  1022.9981    21.5953    22.9893     7.1118    217.251    7.25964  221.76810     97.963 -9.990e-29
   40.30894  -71.81006      2.751      2.730    21.5961    33.2365 -9.990e-29     0.0148 2.0814e+01  1023.0031    21.5955    22.9902     7.1107    217.219    7.25960  221.76680     97.949 -9.990e-29
   40.30894  -71.81006      2.762      2.741    21.5959    33.2379 -9.990e-29     0.0282 1.9483e+01  1023.0036    21.5953    22.9912     7.1097    217.186    7.25958  221.76639     97.935 -9.990e-29
   40.30894  -71.81006      2.751      2.730    21.5962    33.2381 -9.990e-29     0.0416 1.8734e+01  1023.0030    21.5957    22.9913     7.1088    217.162    7.25955  221.76543     97.924 -9.990e-29
   40.30894  -71.81006      2.762      2.741    21.5959    33.2381 -9.990e-29     0.0416 1.8621e+01  1023.0032    21.5953    22.9913     7.1080    217.136    7.25955  221.76526     97.913 -9.990e-29
   40.30894  -71.81006      2.762      2.741    21.5959    33.2381 -9.990e-29     0.0416 1.8453e+01  1023.0032    21.5953    22.9913     7.1071    217.108    7.25953  221.76460     97.900 -9.990e-29
   40.30894  -71.81006      2.772      2.751    21.5958    33.2381 -9.990e-29     0.0416 1.8286e+01  1023.0033    21.5953    22.9913     7.1061    217.079    7.25952  221.76432     97.887 -9.990e-29
   40.30894  -71.81006      2.762      2.741    21.5959    33.2380 -9.990e-29     0.0416 1.8231e+01  1023.0032    21.5953    22.9913     7.1054    217.058    7.25948  221.76302     97.878 -9.990e-29
   40.30894  -71.81006      2.781      2.760    21.5957    33.2378 -9.990e-29     0.0282 1.7687e+01  1023.0032    21.5952    22.9912     7.1047    217.036    7.25945  221.76219     97.869 -9.990e-29
   40.30894  -71.81006      2.772      2.751    21.5957    33.2375 -9.990e-29     0.0416 1.7158e+01  1023.0030    21.5951    22.9909     7.1040    217.013    7.25945  221.76215     97.859 -9.990e-29
   40.30894  -71.81006      2.783      2.761    21.5954    33.2370 -9.990e-29     0.0416 1.7003e+01  1023.0027    21.5948    22.9907     7.1075    217.120    7.25945  221.76218     97.907 -9.990e-29
   40.30894  -71.81006      2.792      2.771    21.5952    33.2365 -9.990e-29     0.0416 1.5046e+01  1023.0024    21.5946    22.9903     7.1030    216.984    7.25942  221.76149     97.846 -9.990e-29
   40.30894  -71.81006      2.792      2.771    21.5946    33.2363 -9.990e-29     0.0416 1.2456e+01  1023.0017    21.5941    22.9903     7.1022    216.957    7.25940  221.76089     97.834 -9.990e-29
   40.30894  -71.81006      2.792      2.771    21.5943    33.2368 -9.990e-29     0.0416 1.1847e+01  1023.0032    21.5938    22.9907     7.1017    216.942    7.25944  221.76216     97.826 -9.990e-29
   40.30894  -71.81006      2.802      2.781    21.5943    33.2372 -9.990e-29     0.0416 1.1847e+01  1023.0034    21.5938    22.9911     7.1011    216.924    7.25943  221.76181     97.818 -9.990e-29
   40.30894  -71.81006      2.803      2.782    21.5941    33.2372 -9.990e-29     0.0416 1.1736e+01  1023.0032    21.5936    22.9912     7.0962    216.775    7.25945  221.76224     97.751 -9.990e-29
   40.30894  -71.81006      2.802      2.781    21.5939    33.2372 -9.990e-29     0.0416 1.1699e+01  1023.0032    21.5934    22.9912     7.0995    216.876    7.25945  221.76238     97.797 -9.990e-29
   40.30894  -71.81006      2.813      2.791    21.5939    33.2372 -9.990e-29     0.0416 1.2073e+01  1023.0033    21.5934    22.9912     7.0950    216.737    7.25946  221.76255     97.734 -9.990e-29
   40.30894  -71.81006      2.823      2.801    21.5939    33.2372 -9.990e-29     0.0416 1.3760e+01  1023.0032    21.5934    22.9912     7.0986    216.849    7.25947  221.76292     97.784 -9.990e-29
   40.30894  -71.81006      2.823      2.801    21.5935    33.2373 -9.990e-29     0.0416 1.4457e+01  1023.0036    21.5930    22.9913     7.0983    216.840    7.25948  221.76324     97.780 -9.990e-29
   40.30894  -71.81006      2.823      2.801    21.5936    33.2375 -9.990e-29     0.0416 1.5093e+01  1023.0037    21.5931    22.9915     7.0937    216.700    7.25948  221.76324     97.717 -9.990e-29
   40.30894  -71.81006      2.832      2.810    21.5934    33.2375 -9.990e-29     0.0416 2.0628e+01  1023.0039    21.5929    22.9916     7.0934    216.690    7.25949  221.76355     97.712 -9.990e-29
   40.30894  -71.81006      2.832      2.810    21.5934    33.2375 -9.990e-29     0.0416 2.4022e+01  1023.0036    21.5928    22.9916     7.0971    216.802    7.25951  221.76416     97.762 -9.990e-29
   40.30894  -71.81006      2.843      2.821    21.5934    33.2377 -9.990e-29     0.0416 2.3738e+01  1023.0040    21.5929    22.9918     7.0967    216.792    7.25952  221.76435     97.758 -9.990e-29
   40.30894  -71.81006      2.834      2.812    21.5932    33.2380 -9.990e-29     0.0416 1.5373e+01  1023.0043    21.5927    22.9919     7.0925    216.663    7.25953  221.76484     97.699 -9.990e-29
