CalculateIndicators/WaterTemperature/Data/CTD_NYOS/20240709_C07.cnv
* Sea-Bird SBE 9 Data File:
* FileName = C:\Seabird 9 CTD\Data\2024\202407_offshore\20240709_C07.hex
* Software Version Seasave V 7.23.2
* Temperature SN = 4590
* Conductivity SN = 3228
* Number of Bytes Per Scan = 44
* Number of Voltage Words = 5
* Number of Scans Averaged by the Deck Unit = 1
* NMEA Latitude = 39 50.44 N
* NMEA Longitude = 072 54.50 W
* NMEA UTC (Time) = Jul 09 2024  02:39:49
* NMEA baud rate = 4800
** Ship: seawolf
** Station: 8.4
** Operator: TDK
# nquan = 18
# nvalues = 15365                       
# units = specified
# name 0 = latitude: Latitude [deg]
# name 1 = longitude: Longitude [deg]
# name 2 = prDM: Pressure, Digiquartz [db]
# name 3 = depSM: Depth [salt water, m]
# name 4 = t090C: Temperature [ITS-90, deg C]
# name 5 = sal00: Salinity, Practical [PSU]
# name 6 = ph: pH
# name 7 = flECO-AFL: Fluorescence, WET Labs ECO-AFL/FL [mg/m^3]
# name 8 = cpar: CPAR/Corrected Irradiance [%]
# name 9 = density00: Density [density, kg/m^3]
# name 10 = potemp090C: Potential Temperature [ITS-90, deg C]
# name 11 = sigma-é00: Density [sigma-theta, kg/m^3]
# name 12 = sbeox0Mg/L: Oxygen, SBE 43 [mg/l]
# name 13 = sbox0Mm/Kg: Oxygen, SBE 43 [umol/kg]
# name 14 = oxsolMg/L: Oxygen Saturation, Garcia & Gordon [mg/l]
# name 15 = oxsolMm/Kg: Oxygen Saturation, Garcia & Gordon [umol/kg]
# name 16 = sbeox0PS: Oxygen, SBE 43 [% saturation]
# name 17 = flag:  0.000e+00
# span 0 =   39.84070,   39.84110       
# span 1 =  -72.90840,  -72.90796       
# span 2 =      1.469,     59.843       
# span 3 =      1.457,     59.377       
# span 4 =     6.8083,    23.9071       
# span 5 =    29.8053,    32.8629       
# span 6 =      7.903,      8.133       
# span 7 =     0.0013,     2.7010       
# span 8 = 1.6880e-11, 9.9999e+04       
# span 9 =  1019.9006,  1025.4515       
# span 10 =     6.8051,    23.9068      
# span 11 =    19.8950,    25.1766      
# span 12 =     7.5853,    10.9221      
# span 13 =    232.391,    333.131      
# span 14 =    7.09881,    9.88485      
# span 15 =  217.50592,  301.35127      
# span 16 =     78.254,    122.941      
# span 17 = 0.0000e+00, 0.0000e+00      
# interval = seconds: 0.0416667
# start_time = Jul 09 2024 02:39:51 [System UTC, first data scan.]
# bad_flag = -9.990e-29
*END*
[from data line 2171]
 -9.990e-29  -72.90838     51.847     51.444     6.9782    32.1186      8.039     0.0551 2.5320e-11  1025.3895     6.9737    25.1531     8.4246    256.812    9.82962  299.64098     85.706 0.0000e+00
 -9.990e-29  -72.90838     51.878     51.475     6.9784    32.1257      8.039     0.0551 2.5320e-11  1025.3968     6.9739    25.1586     8.4246    256.811    9.82954  299.63803     85.707 0.0000e+00
 -9.990e-29  -72.90838     51.898     51.495     6.9794    32.1327      8.039     0.0551 2.5320e-11  1025.4045     6.9748    25.1640     8.4234    256.774    9.82943  299.63488     85.696 0.0000e+00
 -9.990e-29  -72.90838     51.929     51.525     6.9811    32.1365      8.039     0.0551 2.5320e-11  1025.4067     6.9766    25.1668     8.4230    256.762    9.82943  299.63488     85.692 0.0000e+00
 -9.990e-29  -72.90838     51.950     51.546     6.9834    32.1365      8.039     0.0551 1.6880e-11  1025.4061     6.9788    25.1671     8.4224    256.743    9.82937  299.63298     85.686 0.0000e+00
 -9.990e-29  -72.90838     51.980     51.576     6.9854    32.1365      8.039     0.0416 1.6880e-11  1025.4052     6.9808    25.1663     8.4216    256.720    9.82936  299.63271     85.678 0.0000e+00
 -9.990e-29  -72.90838     52.001     51.596     6.9875    32.1354      8.039     0.0551 1.6880e-11  1025.4038     6.9829    25.1652     8.4270    256.883    9.82925  299.62947     85.733 0.0000e+00
 -9.990e-29  -72.90838     52.010     51.606     6.9889    32.1345      8.044     0.0551 1.6880e-11  1025.4030     6.9843    25.1643     8.4277    256.904    9.82924  299.62890     85.741 0.0000e+00
 -9.990e-29  -72.90838     52.052     51.647     6.9905    32.1340      8.039     0.0551 1.6880e-11  1025.4027     6.9860    25.1637     8.4282    256.919    9.82919  299.62741     85.746 0.0000e+00
 -9.990e-29  -72.90838     52.082     51.677     6.9918    32.1336      8.039     0.0551 1.6880e-11  1025.4025     6.9872    25.1632     8.4285    256.928    9.82914  299.62620     85.750 0.0000e+00
 -9.990e-29  -72.90838     52.103     51.698     6.9931    32.1336      8.039     0.0416 1.6880e-11  1025.4017     6.9885    25.1626     8.4296    256.962    9.82915  299.62649     85.761 0.0000e+00
 -9.990e-29  -72.90838     52.150     51.744     6.9942    32.1336      8.039     0.0551 1.6880e-11  1025.4013     6.9897    25.1624     8.4295    256.961    9.82915  299.62641     85.760 0.0000e+00
 -9.990e-29  -72.90838     52.205     51.799     6.9955    32.1339      8.039     0.0416 1.6880e-11  1025.4027     6.9909    25.1630     8.4293    256.953    9.82912  299.62565     85.758 0.0000e+00
 -9.990e-29  -72.90838     52.226     51.820     6.9962    32.1340      8.039     0.0551 1.6880e-11  1025.4042     6.9916    25.1635     8.4299    256.974    9.82923  299.62936     85.764 0.0000e+00
 -9.990e-29  -72.90838     52.246     51.840     6.9975    32.1340      8.039     0.0416 1.6880e-11  1025.4032     6.9929    25.1632     8.4294    256.959    9.82933  299.63279     85.758 -9.990e-29
 -9.990e-29  -72.90838     52.226     51.820     6.9985    32.1346      8.039     0.0416 1.6880e-11  1025.4022     6.9939    25.1626     8.4287    256.938    9.82938  299.63447     85.751 -9.990e-29
 -9.990e-29  -72.90838     52.205     51.799     6.9993    32.1346      8.039     0.0551 1.6880e-11  1025.4019     6.9947    25.1625     8.4351    257.132    9.82934  299.63277     85.816 -9.990e-29
 -9.990e-29  -72.90838     52.195     51.790     7.0001    32.1346      8.039     0.0416 1.6880e-11  1025.4028     6.9955    25.1628     8.4358    257.153    9.82924  299.62953     85.824 -9.990e-29
 -9.990e-29  -72.90838     52.195     51.790     7.0010    32.1351      8.039     0.0416 1.6880e-11  1025.4027     6.9964    25.1630     8.4364    257.169    9.82922  299.62854     85.829 -9.990e-29
 -9.990e-29  -72.90838     52.226     51.820     7.0017    32.1354      8.039     0.0551 1.6880e-11  1025.4032     6.9971    25.1632     8.4431    257.376    9.82925  299.62945     85.898 -9.990e-29
 -9.990e-29  -72.90838     52.256     51.850     7.0025    32.1354      8.039     0.0416 1.6880e-11  1025.4035     6.9979    25.1633     8.4378    257.215    9.82927  299.63038     85.844 0.0000e+00
 -9.990e-29  -72.90838     52.277     51.870     7.0032    32.1354      8.039     0.0551 1.6880e-11  1025.4035     6.9986    25.1631     8.4378    257.213    9.82928  299.63098     85.843 -9.990e-29
 -9.990e-29  -72.90838     52.271     51.865     7.0040    32.1348      8.039     0.0416 1.6880e-11  1025.4026     6.9994    25.1625     8.4439    257.400    9.82930  299.63159     85.906 -9.990e-29
 -9.990e-29  -72.90838     52.277     51.870     7.0048    32.1344      8.039     0.0551 1.6880e-11  1025.4018     7.0002    25.1620     8.4380    257.221    9.82933  299.63246     85.846 -9.990e-29
 -9.990e-29  -72.90838     52.266     51.860     7.0051    32.1344      8.039     0.0551 1.6880e-11  1025.4016     7.0005    25.1618     8.4447    257.423    9.82928  299.63084     85.913 -9.990e-29
 -9.990e-29  -72.90838     52.277     51.870     7.0057    32.1342      8.039     0.0551 1.6880e-11  1025.4022     7.0011    25.1619     8.4457    257.453    9.82924  299.62910     85.924 0.0000e+00
 -9.990e-29  -72.90838     52.298     51.891     7.0063    32.1342      8.039     0.0416 1.6880e-11  1025.4023     7.0017    25.1619     8.4464    257.476    9.82914  299.62600     85.932 0.0000e+00
 -9.990e-29  -72.90838     52.328     51.921     7.0064    32.1339      8.039     0.0416 1.6880e-11  1025.4022     7.0018    25.1614     8.4470    257.492    9.82903  299.62251     85.939 0.0000e+00
 -9.990e-29  -72.90838     52.358     51.951     7.0071    32.1328      8.033     0.0416 1.6880e-11  1025.4007     7.0025    25.1605     8.4538    257.699    9.82901  299.62177     86.008 0.0000e+00
   39.84076  -72.90838     52.400     51.992     7.0072    32.1319      8.039     0.0416 1.6880e-11  1025.4002     7.0026    25.1597     8.4539    257.703    9.82896  299.62020     86.010 0.0000e+00
   39.84076  -72.90838     52.409     52.002     7.0074    32.1314      8.039     0.0416 1.6880e-11  1025.3999     7.0027    25.1593     8.4537    257.698    9.82890  299.61862     86.009 -9.990e-29
   39.84076  -72.90838     52.409     52.002     7.0072    32.1310      8.033     0.0551 1.6880e-11  1025.4000     7.0026    25.1591     8.4543    257.716    9.82890  299.61853     86.015 -9.990e-29
   39.84076  -72.90838     52.415     52.007     7.0077    32.1306      8.039     0.0416 1.6880e-11  1025.3994     7.0031    25.1587     8.4546    257.726    9.82882  299.61597     86.019 -9.990e-29
   39.84076  -72.90838     52.409     52.002     7.0079    32.1302      8.039     0.0551 1.6880e-11  1025.3991     7.0033    25.1584     8.4546    257.724    9.82863  299.60946     86.020 -9.990e-29
   39.84076  -72.90838     52.419     52.012     7.0079    32.1300      8.039     0.0416 1.6880e-11  1025.3987     7.0033    25.1582     8.4543    257.714    9.82836  299.60081     86.019 0.0000e+00
   39.84076  -72.90838     52.430     52.023     7.0075    32.1300      8.039     0.0551 1.6880e-11  1025.3990     7.0029    25.1582     8.4538    257.701    9.82825  299.59767     86.016 0.0000e+00
   39.84076  -72.90838     52.470     52.062     7.0077    32.1300      8.039     0.0416 1.6880e-11  1025.3992     7.0031    25.1582     8.4605    257.905    9.82818  299.59560     86.084 0.0000e+00
   39.84076  -72.90838     52.491     52.083     7.0079    32.1301      8.033     0.0416 1.6880e-11  1025.3992     7.0033    25.1583     8.4616    257.937    9.82812  299.59399     86.096 0.0000e+00
   39.84076  -72.90838     52.512     52.103     7.0075    32.1304      8.039     0.0416 2.5320e-11  1025.3997     7.0029    25.1586     8.4625    257.964    9.82815  299.59535     86.104 0.0000e+00
   39.84076  -72.90838     52.532     52.124     7.0075    32.1307      8.033     0.0416 2.5320e-11  1025.4003     7.0029    25.1588     8.4631    257.984    9.82815  299.59584     86.111 0.0000e+00
   39.84076  -72.90838     52.548     52.139     7.0077    32.1308      8.039     0.0416 1.6880e-11  1025.4002     7.0031    25.1588     8.4635    257.996    9.82815  299.59590     86.115 0.0000e+00
   39.84076  -72.90838     52.563     52.154     7.0079    32.1310      8.039     0.0416 1.6880e-11  1025.4000     7.0032    25.1590     8.4700    258.194    9.82808  299.59367     86.181 -9.990e-29
   39.84076  -72.90838     52.563     52.154     7.0079    32.1317      8.033     0.0551 1.6880e-11  1025.4010     7.0032    25.1594     8.4707    258.216    9.82797  299.58964     86.190 -9.990e-29
   39.84076  -72.90838     52.583     52.175     7.0077    32.1322      8.033     0.0416 1.6880e-11  1025.4017     7.0031    25.1599     8.4712    258.230    9.82785  299.58575     86.196 -9.990e-29
   39.84076  -72.90838     52.583     52.175     7.0082    32.1326      8.033     0.0551 2.5320e-11  1025.4014     7.0035    25.1601     8.4714    258.236    9.82775  299.58279     86.198 -9.990e-29
   39.84076  -72.90838     52.623     52.214     7.0080    32.1328      8.033     0.0416 1.6880e-11  1025.4024     7.0034    25.1603     8.4723    258.265    9.82774  299.58227     86.208 0.0000e+00
   39.84076  -72.90838     52.655     52.246     7.0085    32.1329      8.039     0.0551 1.6880e-11  1025.4021     7.0039    25.1604     8.4720    258.256    9.82766  299.58000     86.206 0.0000e+00
   39.84076  -72.90838     52.695     52.286     7.0085    32.1329      8.039     0.0416 2.5320e-11  1025.4024     7.0038    25.1604     8.4715    258.239    9.82758  299.57762     86.201 0.0000e+00
   39.84076  -72.90838     52.722     52.312     7.0088    32.1334      8.039     0.0282 1.6880e-11  1025.4026     7.0042    25.1607     8.4780    258.437    9.82750  299.57522     86.268 0.0000e+00
   39.84076  -72.90838     52.737     52.327     7.0088    32.1340      8.033     0.0282 2.5320e-11  1025.4037     7.0042    25.1611     8.4724    258.267    9.82743  299.57302     86.212 0.0000e+00
   39.84076  -72.90838     52.757     52.347     7.0093    32.1340      8.039     0.0416 2.5320e-11  1025.4037     7.0047    25.1613     8.4785    258.453    9.82743  299.57319     86.274 -9.990e-29
   39.84076  -72.90838     52.757     52.347     7.0093    32.1340      8.033     0.0416 1.6880e-11  1025.4037     7.0047    25.1612     8.4788    258.463    9.82740  299.57227     86.277 -9.990e-29
   39.84076  -72.90838     52.777     52.366     7.0098    32.1341      8.033     0.0282 1.6880e-11  1025.4031     7.0052    25.1609     8.4789    258.466    9.82741  299.57291     86.278 0.0000e+00
   39.84076  -72.90838     52.809     52.398     7.0098    32.1341      8.033     0.0416 2.5320e-11  1025.4034     7.0052    25.1609     8.4851    258.656    9.82745  299.57437     86.341 0.0000e+00
   39.84076  -72.90838     52.854     52.443     7.0101    32.1341      8.033     0.0416 2.5320e-11  1025.4040     7.0054    25.1611     8.4856    258.671    9.82752  299.57673     86.345 0.0000e+00
   39.84076  -72.90838     52.879     52.468     7.0101    32.1341      8.033     0.0416 2.5320e-11  1025.4043     7.0054    25.1613     8.4868    258.706    9.82757  299.57834     86.357 0.0000e+00
   39.84076  -72.90838     52.900     52.488     7.0103    32.1341      8.033     0.0416 2.5320e-11  1025.4044     7.0056    25.1612     8.4812    258.537    9.82756  299.57805     86.300 0.0000e+00
   39.84076  -72.90838     52.930     52.519     7.0108    32.1339      8.033     0.0416 1.6880e-11  1025.4038     7.0061    25.1609     8.4873    258.722    9.82758  299.57854     86.362 -9.990e-29
   39.84076  -72.90838     52.930     52.519     7.0108    32.1335      8.033     0.0416 1.6880e-11  1025.4037     7.0061    25.1605     8.4876    258.732    9.82760  299.57928     86.365 -9.990e-29
   39.84076  -72.90838     52.941     52.530     7.0109    32.1331      8.039     0.0282 1.6880e-11  1025.4034     7.0062    25.1602     8.4878    258.738    9.82772  299.58324     86.366 0.0000e+00
   39.84076  -72.90838     52.945     52.534     7.0111    32.1324      8.033     0.0282 1.6880e-11  1025.4032     7.0064    25.1597     8.4940    258.926    9.82774  299.58364     86.428 0.0000e+00
   39.84076  -72.90838     52.962     52.550     7.0111    32.1312      8.033     0.0282 1.6880e-11  1025.4019     7.0064    25.1588     8.4880    258.743    9.82773  299.58304     86.368 0.0000e+00
   39.84076  -72.90838     52.981     52.569     7.0111    32.1312      8.033     0.0282 1.6880e-11  1025.4008     7.0064    25.1580     8.4935    258.910    9.82765  299.58056     86.424 0.0000e+00
   39.84076  -72.90838     53.013     52.601     7.0109    32.1312      8.033     0.0416 2.5320e-11  1025.4008     7.0062    25.1580     8.4933    258.905    9.82767  299.58099     86.422 0.0000e+00
   39.84076  -72.90838     53.043     52.631     7.0106    32.1312      8.033     0.0282 1.6880e-11  1025.4023     7.0060    25.1588     8.4928    258.889    9.82765  299.58037     86.417 0.0000e+00
   39.84076  -72.90838     53.059     52.646     7.0106    32.1323      8.033     0.0282 2.5320e-11  1025.4036     7.0060    25.1597     8.4929    258.893    9.82761  299.57896     86.419 0.0000e+00
   39.84076  -72.90838     53.083     52.671     7.0104    32.1323      8.033     0.0416 2.5320e-11  1025.4045     7.0058    25.1603     8.4928    258.890    9.82760  299.57878     86.418 0.0000e+00
   39.84076  -72.90838     53.104     52.691     7.0104    32.1323      8.033     0.0416 2.5320e-11  1025.4043     7.0058    25.1601     8.4924    258.876    9.82756  299.57746     86.414 0.0000e+00
   39.84076  -72.90838     53.115     52.702     7.0108    32.1321      8.033     0.0416 2.5320e-11  1025.4031     7.0061    25.1595     8.4927    258.885    9.82753  299.57651     86.417 0.0000e+00
   39.84076  -72.90838     53.125     52.712     7.0108    32.1316      8.033     0.0282 2.5320e-11  1025.4030     7.0061    25.1591     8.4917    258.856    9.82747  299.57478     86.408 0.0000e+00
   39.84076  -72.90838     53.146     52.732     7.0108    32.1316      8.033     0.0282 2.5320e-11  1025.4028     7.0061    25.1589     8.4970    259.017    9.82754  299.57675     86.461 0.0000e+00
   39.84076  -72.90838     53.180     52.767     7.0106    32.1316      8.033     0.0416 2.5320e-11  1025.4031     7.0059    25.1591     8.4974    259.031    9.82756  299.57775     86.465 0.0000e+00
   39.84076  -72.90838     53.186     52.772     7.0106    32.1323      8.033     0.0551 1.6880e-11  1025.4037     7.0059    25.1596     8.4966    259.007    9.82759  299.57859     86.457 0.0000e+00
   39.84076  -72.90838     53.197     52.783     7.0104    32.1333      8.033     0.0551 2.5320e-11  1025.4048     7.0058    25.1604     8.4965    259.001    9.82754  299.57718     86.456 0.0000e+00
   39.84076  -72.90838     53.227     52.813     7.0106    32.1342      8.033     0.0416 2.5320e-11  1025.4056     7.0059    25.1611     8.4960    258.988    9.82754  299.57704     86.451 0.0000e+00
   39.84076  -72.90838     53.231     52.817     7.0108    32.1350      8.033     0.0551 1.6880e-11  1025.4065     7.0061    25.1618     8.4954    258.968    9.82757  299.57805     86.444 0.0000e+00
   39.84076  -72.90838     53.237     52.823     7.0108    32.1351      8.033     0.0416 2.5320e-11  1025.4068     7.0061    25.1620     8.5008    259.132    9.82753  299.57657     86.499 0.0000e+00
   39.84076  -72.90838     53.257     52.843     7.0111    32.1351      8.033     0.0551 2.5320e-11  1025.4066     7.0064    25.1620     8.4950    258.956    9.82750  299.57558     86.441 0.0000e+00
   39.84076  -72.90838     53.278     52.864     7.0114    32.1353      8.033     0.0551 1.6880e-11  1025.4064     7.0067    25.1618     8.5008    259.134    9.82749  299.57526     86.500 0.0000e+00
   39.84076  -72.90838     53.288     52.873     7.0116    32.1353      8.033     0.0551 2.5320e-11  1025.4061     7.0069    25.1618     8.5009    259.137    9.82747  299.57471     86.501 0.0000e+00
