CalculateIndicators/WaterTemperature/Data/CTD_NYOS/20240708_C05.cnv
* Sea-Bird SBE 9 Data File:
* FileName = C:\Seabird 9 CTD\Data\2024\202407_offshore\20240708_C05.hex
* Software Version Seasave V 7.23.2
* Temperature SN = 4590
* Conductivity SN = 3228
* Number of Bytes Per Scan = 44
* Number of Voltage Words = 5
* Number of Scans Averaged by the Deck Unit = 1
* NMEA Latitude = 40 18.14 N
* NMEA Longitude = 073 13.15 W
* NMEA UTC (Time) = Jul 08 2024  21:45:36
* NMEA baud rate = 4800
** Ship: seawolf
** Station: 8.2
** Operator: tcm
# nquan = 18
# nvalues = 11246                       
# units = specified
# name 0 = latitude: Latitude [deg]
# name 1 = longitude: Longitude [deg]
# name 2 = prDM: Pressure, Digiquartz [db]
# name 3 = depSM: Depth [salt water, m]
# name 4 = t090C: Temperature [ITS-90, deg C]
# name 5 = sal00: Salinity, Practical [PSU]
# name 6 = ph: pH
# name 7 = flECO-AFL: Fluorescence, WET Labs ECO-AFL/FL [mg/m^3]
# name 8 = cpar: CPAR/Corrected Irradiance [%]
# name 9 = density00: Density [density, kg/m^3]
# name 10 = potemp090C: Potential Temperature [ITS-90, deg C]
# name 11 = sigma-é00: Density [sigma-theta, kg/m^3]
# name 12 = sbeox0Mg/L: Oxygen, SBE 43 [mg/l]
# name 13 = sbox0Mm/Kg: Oxygen, SBE 43 [umol/kg]
# name 14 = oxsolMg/L: Oxygen Saturation, Garcia & Gordon [mg/l]
# name 15 = oxsolMm/Kg: Oxygen Saturation, Garcia & Gordon [umol/kg]
# name 16 = sbeox0PS: Oxygen, SBE 43 [% saturation]
# name 17 = flag:  0.000e+00
# span 0 =   40.30246,   40.30312       
# span 1 =  -73.21936,  -73.21926       
# span 2 =      1.552,     34.119       
# span 3 =      1.540,     33.853       
# span 4 =     8.0731,    24.3041       
# span 5 =    29.8891,    31.5517       
# span 6 =      7.798,      8.072       
# span 7 =     0.1088,     3.0368       
# span 8 = 3.9463e-02, 4.3033e+01       
# span 9 =  1019.8397,  1024.7023       
# span 10 =     8.0699,    24.3037      
# span 11 =    19.8601,    24.5527      
# span 12 =     6.3596,     9.6636      
# span 13 =    193.980,    294.987      
# span 14 =    7.04231,    9.63165      
# span 15 =  215.77209,  293.78502      
# span 16 =     66.039,    115.844      
# span 17 = 0.0000e+00, 0.0000e+00      
# interval = seconds: 0.0416667
# start_time = Jul 08 2024 21:45:38 [System UTC, first data scan.]
# bad_flag = -9.990e-29
*END*
[from data line 5227]
   40.30274  -73.21930     14.702     14.589    10.8899    31.0855      7.860     1.7205 1.3982e+00  1023.8151    10.8882    23.7485     8.4422    257.703    9.07210  276.92988     93.057 -9.990e-29
   40.30274  -73.21930     14.691     14.578    10.8914    31.0855      7.865     1.7205 1.3982e+00  1023.8148    10.8897    23.7481     8.4414    257.676    9.07131  276.90527     93.056 -9.990e-29
   40.30274  -73.21930     14.680     14.567    10.8926    31.0849      7.865     1.7205 1.4061e+00  1023.8135    10.8909    23.7474     8.4405    257.650    9.07072  276.88796     93.052 -9.990e-29
   40.30274  -73.21930     14.661     14.548    10.8937    31.0840      7.860     1.7205 1.4141e+00  1023.8126    10.8920    23.7465     8.4453    257.798    9.07033  276.87712     93.109 -9.990e-29
   40.30274  -73.21930     14.651     14.538    10.8944    31.0835      7.860     1.7205 1.4141e+00  1023.8118    10.8927    23.7460     8.4458    257.813    9.07002  276.86793     93.118 -9.990e-29
   40.30274  -73.21930     14.639     14.526    10.8945    31.0834      7.865     1.7205 1.4221e+00  1023.8120    10.8928    23.7459     8.4516    257.990    9.06956  276.85340     93.187 -9.990e-29
   40.30274  -73.21930     14.621     14.508    10.8947    31.0834      7.860     1.7205 1.4302e+00  1023.8119    10.8930    23.7458     8.4465    257.836    9.06902  276.83702     93.136 -9.990e-29
   40.30274  -73.21930     14.610     14.497    10.8949    31.0831      7.860     1.7205 1.4343e+00  1023.8117    10.8932    23.7456     8.4520    258.003    9.06861  276.82479     93.201 -9.990e-29
   40.30274  -73.21930     14.609     14.496    10.8953    31.0824      7.860     1.7205 1.4384e+00  1023.8113    10.8936    23.7449     8.4468    257.845    9.06832  276.81715     93.146 -9.990e-29
   40.30274  -73.21930     14.589     14.477    10.8965    31.0810      7.860     1.6937 1.4509e+00  1023.8095    10.8948    23.7436     8.4468    257.845    9.06846  276.82268     93.145 -9.990e-29
   40.30274  -73.21930     14.570     14.458    10.8982    31.0797      7.860     1.6937 1.4466e+00  1023.8076    10.8966    23.7423     8.4524    258.018    9.06877  276.83347     93.203 -9.990e-29
   40.30274  -73.21930     14.567     14.455    10.8993    31.0788      7.865     1.6937 1.4507e+00  1023.8073    10.8976    23.7415     8.4529    258.035    9.06911  276.84439     93.206 -9.990e-29
   40.30274  -73.21930     14.550     14.437    10.9002    31.0778      7.865     1.6802 1.4674e+00  1023.8066    10.8985    23.7406     8.4531    258.038    9.06923  276.84684     93.206 -9.990e-29
   40.30274  -73.21930     14.540     14.428    10.9002    31.0762      7.860     1.6937 1.4674e+00  1023.8048    10.8985    23.7393     8.4527    258.027    9.06912  276.84231     93.204 -9.990e-29
   40.30274  -73.21930     14.528     14.415    10.9000    31.0754      7.860     1.6937 1.4716e+00  1023.8029    10.8983    23.7384     8.4530    258.033    9.06902  276.83901     93.207 -9.990e-29
   40.30274  -73.21930     14.519     14.407    10.8977    31.0754      7.860     1.6937 1.4841e+00  1023.8039    10.8960    23.7385     8.4533    258.046    9.06926  276.84741     93.209 -9.990e-29
   40.30274  -73.21930     14.508     14.396    10.8956    31.0754      7.860     1.6937 1.4841e+00  1023.8048    10.8939    23.7395     8.4532    258.044    9.06997  276.87152     93.200 -9.990e-29
   40.30274  -73.21930     14.486     14.374    10.8939    31.0766      7.865     1.6937 1.4884e+00  1023.8060    10.8922    23.7406     8.4591    258.226    9.07050  276.88815     93.260 -9.990e-29
   40.30274  -73.21930     14.489     14.377    10.8926    31.0780      7.865     1.6937 1.5011e+00  1023.8074    10.8909    23.7419     8.4597    258.243    9.07083  276.89721     93.263 -9.990e-29
   40.30274  -73.21930     14.478     14.366    10.8924    31.0792      7.865     1.6937 1.5053e+00  1023.8086    10.8907    23.7429     8.4603    258.260    9.07132  276.91287     93.264 0.0000e+00
   40.30274  -73.21930     14.456     14.344    10.8930    31.0792      7.865     1.6937 1.5053e+00  1023.8091    10.8914    23.7435     8.4608    258.278    9.07206  276.93677     93.263 -9.990e-29
   40.30274  -73.21930     14.468     14.357    10.8934    31.0792      7.860     1.6937 1.5182e+00  1023.8090    10.8917    23.7433     8.4669    258.462    9.07277  276.95825     93.322 -9.990e-29
   40.30274  -73.21930     14.448     14.336    10.8942    31.0792      7.860     1.6937 1.5225e+00  1023.8078    10.8925    23.7427     8.4681    258.497    9.07309  276.96558     93.332 -9.990e-29
   40.30274  -73.21930     14.446     14.335    10.8948    31.0786      7.865     1.6937 1.5225e+00  1023.8072    10.8932    23.7420     8.4689    258.520    9.07320  276.96724     93.339 -9.990e-29
   40.30274  -73.21930     14.418     14.306    10.8959    31.0784      7.865     1.6937 1.5355e+00  1023.8066    10.8942    23.7417     8.4695    258.540    9.07344  276.97531     93.344 -9.990e-29
   40.30274  -73.21930     14.427     14.316    10.8960    31.0784      7.860     1.6937 1.5398e+00  1023.8066    10.8943    23.7415     8.4703    258.566    9.07400  276.99382     93.347 -9.990e-29
   40.30274  -73.21930     14.416     14.305    10.8966    31.0784      7.865     1.6937 1.5398e+00  1023.8061    10.8949    23.7417     8.4711    258.589    9.07475  277.01732     93.348 -9.990e-29
   40.30274  -73.21930     14.418     14.306    10.8960    31.0799      7.865     1.6937 1.5530e+00  1023.8073    10.8943    23.7429     8.4719    258.614    9.07572  277.04741     93.346 -9.990e-29
   40.30274  -73.21930     14.416     14.305    10.8958    31.0827      7.860     1.6937 1.5574e+00  1023.8102    10.8942    23.7450     8.4726    258.637    9.07685  277.08260     93.343 -9.990e-29
   40.30274  -73.21930     14.397     14.286    10.8962    31.0853      7.860     1.6937 1.5574e+00  1023.8128    10.8946    23.7470     8.4732    258.655    9.07802  277.11820     93.337 -9.990e-29
   40.30274  -73.21930     14.397     14.286    10.8973    31.0856      7.865     1.6937 1.5663e+00  1023.8133    10.8957    23.7477     8.4735    258.665    9.07915  277.15225     93.330 -9.990e-29
   40.30274  -73.21930     14.395     14.284    10.8988    31.0856      7.865     1.6937 1.5752e+00  1023.8127    10.8972    23.7475     8.4800    258.863    9.08022  277.18397     93.390 -9.990e-29
   40.30274  -73.21930     14.387     14.276    10.9002    31.0856      7.865     1.6937 1.5752e+00  1023.8118    10.8985    23.7466     8.4813    258.901    9.08125  277.21421     93.394 -9.990e-29
   40.30274  -73.21930     14.387     14.276    10.9013    31.0843      7.865     1.6802 1.5796e+00  1023.8102    10.8996    23.7454     8.4823    258.930    9.08217  277.24167     93.395 -9.990e-29
   40.30274  -73.21930     14.386     14.275    10.9023    31.0833      7.865     1.6802 1.5841e+00  1023.8089    10.9006    23.7445     8.4830    258.952    9.08306  277.26812     93.394 -9.990e-29
   40.30274  -73.21930     14.387     14.276    10.9025    31.0829      7.860     1.6802 1.5886e+00  1023.8091    10.9009    23.7440     8.4835    258.965    9.08387  277.29215     93.391 -9.990e-29
   40.30274  -73.21930     14.387     14.276    10.9031    31.0826      7.865     1.6802 1.5931e+00  1023.8089    10.9015    23.7437     8.4901    259.167    9.08469  277.31637     93.455 -9.990e-29
   40.30274  -73.21930     14.375     14.264    10.9034    31.0817      7.865     1.6802 1.6022e+00  1023.8083    10.9018    23.7430     8.4915    259.209    9.08541  277.33737     93.463 -9.990e-29
   40.30274  -73.21930     14.387     14.276    10.9039    31.0801      7.865     1.6802 1.6022e+00  1023.8067    10.9022    23.7418     8.4927    259.244    9.08612  277.35824     93.469 -9.990e-29
   40.30274  -73.21930     14.387     14.276    10.9038    31.0800      7.865     1.6802 1.6067e+00  1023.8049    10.9021    23.7406     8.4937    259.275    9.08688  277.38095     93.472 -9.990e-29
   40.30274  -73.21930     14.386     14.275    10.9038    31.0800      7.860     1.6802 1.6067e+00  1023.8045    10.9021    23.7406     8.4944    259.295    9.08754  277.40038     93.473 -9.990e-29
   40.30274  -73.21930     14.387     14.276    10.9036    31.0800      7.860     1.6802 1.6113e+00  1023.8069    10.9019    23.7416     8.5007    259.486    9.08828  277.42262     93.534 -9.990e-29
   40.30274  -73.21930     14.387     14.276    10.9041    31.0812      7.865     1.6668 1.6113e+00  1023.8080    10.9024    23.7425     8.5017    259.517    9.08900  277.44405     93.538 -9.990e-29
   40.30274  -73.21930     14.396     14.284    10.9050    31.0821      7.865     1.6802 1.6113e+00  1023.8071    10.9033    23.7430     8.5024    259.538    9.08966  277.46385     93.539 -9.990e-29
   40.30274  -73.21930     14.397     14.286    10.9055    31.0839      7.865     1.6802 1.6158e+00  1023.8090    10.9039    23.7444     8.5028    259.551    9.09024  277.48106     93.538 -9.990e-29
   40.30274  -73.21930     14.396     14.284    10.9059    31.0861      7.865     1.6802 1.6158e+00  1023.8120    10.9043    23.7460     8.5038    259.578    9.09081  277.49789     93.542 -9.990e-29
   40.30274  -73.21930     14.418     14.306    10.9071    31.0874      7.865     1.6802 1.6158e+00  1023.8117    10.9054    23.7467     8.5045    259.599    9.09140  277.51529     93.544 -9.990e-29
   40.30274  -73.21930     14.408     14.297    10.9092    31.0889      7.860     1.6802 1.6158e+00  1023.8114    10.9075    23.7476     8.5106    259.784    9.09190  277.52995     93.606 -9.990e-29
   40.30274  -73.21930     14.426     14.314    10.9111    31.0918      7.865     1.6802 1.6158e+00  1023.8152    10.9094    23.7495     8.5114    259.809    9.09231  277.54176     93.611 -9.990e-29
   40.30274  -73.21930     14.427     14.316    10.9140    31.0918      7.860     1.6802 1.6158e+00  1023.8175    10.9124    23.7505     8.5062    259.651    9.09268  277.55249     93.550 -9.990e-29
   40.30274  -73.21930     14.448     14.336    10.9179    31.0918      7.865     1.6802 1.6204e+00  1023.8148    10.9162    23.7491     8.5114    259.809    9.09296  277.56013     93.604 -9.990e-29
   40.30274  -73.21930     14.446     14.335    10.9210    31.0906      7.865     1.6802 1.6158e+00  1023.8112    10.9194    23.7469     8.5113    259.806    9.09318  277.56564     93.601 -9.990e-29
   40.30274  -73.21930     14.459     14.347    10.9228    31.0903      7.865     1.6802 1.6158e+00  1023.8104    10.9211    23.7460     8.5174    259.989    9.09332  277.56899     93.666 -9.990e-29
   40.30274  -73.21930     14.468     14.357    10.9245    31.0903      7.865     1.6802 1.6158e+00  1023.8120    10.9228    23.7460     8.5125    259.837    9.09337  277.56924     93.612 -9.990e-29
   40.30274  -73.21930     14.477     14.365    10.9272    31.0898      7.865     1.6802 1.6113e+00  1023.8116    10.9255    23.7456     8.5187    260.027    9.09342  277.56971     93.680 -9.990e-29
   40.30274  -73.21930     14.499     14.387    10.9298    31.0885      7.865     1.6668 1.6113e+00  1023.8101    10.9281    23.7437     8.5191    260.037    9.09351  277.57194     93.683 -9.990e-29
   40.30274  -73.21930     14.499     14.387    10.9324    31.0846      7.865     1.6802 1.6067e+00  1023.8065    10.9308    23.7403     8.5199    260.062    9.09358  277.57354     93.691 -9.990e-29
   40.30274  -73.21930     14.507     14.395    10.9336    31.0794      7.865     1.6534 1.6067e+00  1023.8014    10.9319    23.7360     8.5141    259.886    9.09370  277.57682     93.627 -9.990e-29
   40.30274  -73.21930     14.529     14.417    10.9341    31.0756      7.865     1.6265 1.5974e+00  1023.7961    10.9324    23.7324     8.5188    260.027    9.09376  277.57856     93.677 -9.990e-29
   40.30274  -73.21930     14.529     14.417    10.9328    31.0756      7.865     1.6131 1.5929e+00  1023.7951    10.9311    23.7315     8.5189    260.031    9.09380  277.57989     93.678 -9.990e-29
   40.30274  -73.21930     14.558     14.445    10.9310    31.0756      7.865     1.6131 1.5884e+00  1023.7987    10.9293    23.7335     8.5189    260.031    9.09390  277.58267     93.677 -9.990e-29
   40.30274  -73.21930     14.559     14.447    10.9298    31.0756      7.865     1.6131 1.5884e+00  1023.8034    10.9281    23.7363     8.5186    260.021    9.09391  277.58268     93.673 -9.990e-29
   40.30274  -73.21930     14.570     14.458    10.9297    31.0756      7.865     1.6265 1.5794e+00  1023.8050    10.9280    23.7367     8.5181    260.007    9.09396  277.58451     93.668 -9.990e-29
   40.30274  -73.21930     14.599     14.486    10.9301    31.0749      7.865     1.6265 1.5749e+00  1023.8008    10.9284    23.7332     8.5174    259.987    9.09404  277.58690     93.659 -9.990e-29
   40.30274  -73.21930     14.600     14.488    10.9301    31.0683      7.865     1.6265 1.5749e+00  1023.7913    10.9284    23.7281     8.5165    259.958    9.09406  277.58753     93.649 -9.990e-29
   40.30274  -73.21930     14.631     14.518    10.9281    31.0650      7.865     1.6265 1.5705e+00  1023.7898    10.9264    23.7258     8.5154    259.924    9.09410  277.58861     93.636 -9.990e-29
   40.30274  -73.21930     14.639     14.526    10.9251    31.0647      7.865     1.6265 1.5616e+00  1023.7940    10.9234    23.7259     8.5148    259.907    9.09415  277.59025     93.630 -9.990e-29
   40.30274  -73.21930     14.661     14.548    10.9235    31.0626      7.865     1.6265 1.5616e+00  1023.7919    10.9218    23.7247     8.5140    259.882    9.09415  277.59037     93.621 -9.990e-29
   40.30274  -73.21930     14.671     14.557    10.9218    31.0626      7.865     1.6131 1.5528e+00  1023.7866    10.9201    23.7228     8.5131    259.854    9.09421  277.59230     93.610 -9.990e-29
   40.30274  -73.21930     14.700     14.586    10.9180    31.0626      7.865     1.6265 1.5484e+00  1023.7878    10.9163    23.7242     8.5119    259.818    9.09418  277.59135     93.597 -9.990e-29
   40.30274  -73.21930     14.712     14.598    10.9136    31.0661      7.865     1.6265 1.5484e+00  1023.7962    10.9118    23.7290     8.5113    259.799    9.09417  277.59106     93.590 -9.990e-29
   40.30274  -73.21930     14.742     14.628    10.9107    31.0661      7.865     1.6131 1.5353e+00  1023.8028    10.9090    23.7327     8.5105    259.776    9.09416  277.59106     93.582 -9.990e-29
   40.30274  -73.21930     14.730     14.616    10.9106    31.0661      7.865     1.6265 1.5309e+00  1023.7999    10.9089    23.7322     8.5038    259.572    9.09407  277.58860     93.510 -9.990e-29
   40.30274  -73.21930     14.793     14.679    10.9097    31.0650 -9.990e-29     1.6265 1.5266e+00  1023.7951    10.9080    23.7291     8.5076    259.688    9.09392  277.58467     93.553 -9.990e-29
   40.30274  -73.21930     14.793     14.679    10.9069    31.0610 -9.990e-29     1.6265 1.5180e+00  1023.7928    10.9052    23.7264     8.5063    259.647    9.09374  277.57960     93.540 -9.990e-29
   40.30274  -73.21930     14.823     14.709    10.9028    31.0576 -9.990e-29     1.6265 1.5051e+00  1023.7914    10.9011    23.7244     8.4988    259.420    9.09328  277.56571     93.462 -9.990e-29
   40.30274  -73.21930     14.832     14.717    10.8982    31.0549 -9.990e-29     1.6265 1.5051e+00  1023.7890    10.8965    23.7231     8.4960    259.334    9.09264  277.54649     93.438 -9.990e-29
   40.30274  -73.21930     14.854     14.739    10.8925    31.0549 -9.990e-29     1.6265 1.4966e+00  1023.7894    10.8908    23.7232     8.4928    259.235    9.09169  277.51753     93.412 -9.990e-29
   40.30274  -73.21930     14.874     14.759    10.8864    31.0549 -9.990e-29     1.6265 1.4839e+00  1023.7914    10.8847    23.7250     8.4892    259.126    9.09053  277.48210     93.385 -9.990e-29
