CalculateIndicators/WaterTemperature/Data/CTD_NYOS/20240913_C20.cnv
* Sea-Bird SBE 9 Data File:
* FileName = C:\Seabird 9 CTD\Data\2024\202409_offshore\20240913_C20.hex
* Software Version Seasave V 7.23.2
* Temperature SN = 4590
* Conductivity SN = 3228
* Number of Bytes Per Scan = 44
* Number of Voltage Words = 5
* Number of Scans Averaged by the Deck Unit = 1
* NMEA Latitude = 40 40.23 N
* NMEA Longitude = 072 58.60 W
* NMEA UTC (Time) = Sep 13 2024  21:56:17
* NMEA baud rate = 4800
** Ship: Seawolf
** Station: 9.1
** Operator: TDK
# nquan = 18
# nvalues = 8194                        
# units = specified
# name 0 = latitude: Latitude [deg]
# name 1 = longitude: Longitude [deg]
# name 2 = prDM: Pressure, Digiquartz [db]
# name 3 = depSM: Depth [salt water, m]
# name 4 = t090C: Temperature [ITS-90, deg C]
# name 5 = sal00: Salinity, Practical [PSU]
# name 6 = ph: pH
# name 7 = flECO-AFL: Fluorescence, WET Labs ECO-AFL/FL [mg/m^3]
# name 8 = cpar: CPAR/Corrected Irradiance [%]
# name 9 = density00: Density [density, kg/m^3]
# name 10 = potemp090C: Potential Temperature [ITS-90, deg C]
# name 11 = sigma-é00: Density [sigma-theta, kg/m^3]
# name 12 = sbeox0Mg/L: Oxygen, SBE 43 [mg/l]
# name 13 = sbox0Mm/Kg: Oxygen, SBE 43 [umol/kg]
# name 14 = oxsolMg/L: Oxygen Saturation, Garcia & Gordon [mg/l]
# name 15 = oxsolMm/Kg: Oxygen Saturation, Garcia & Gordon [umol/kg]
# name 16 = sbeox0PS: Oxygen, SBE 43 [% saturation]
# name 17 = flag:  0.000e+00
# span 0 =   40.67048,   40.67146       
# span 1 =  -72.97682,  -72.97586       
# span 2 =      1.802,     14.010       
# span 3 =      1.788,     13.901       
# span 4 =    17.8518,    21.9369       
# span 5 =    30.4974,    31.2750       
# span 6 =      7.811,      8.249       
# span 7 =     0.7803,     2.0697       
# span 8 = 5.1241e-01, 3.1354e+01       
# span 9 =  1020.7965,  1022.5124       
# span 10 =    17.8495,    21.9365      
# span 11 =    20.8220,    22.4481      
# span 12 =     4.0479,     8.4465      
# span 13 =    123.754,    258.481      
# span 14 =    7.31237,    7.87384      
# span 15 =  223.78010,  240.66473      
# span 16 =     51.600,    115.217      
# span 17 = 0.0000e+00, 0.0000e+00      
# interval = seconds: 0.0416667
# start_time = Sep 13 2024 21:56:17 [System UTC, first data scan.]
# bad_flag = -9.990e-29
*END*
[from data line 322]
   40.67062  -72.97676      4.040      4.009    21.9284    30.9156      8.226     0.8878 9.1940e+00  1021.1522    21.9276    21.1374     6.3973    195.785    7.31572  223.89124     87.446 0.0000e+00
   40.67062  -72.97676      4.062      4.030    21.9286    30.9096      8.226     0.8878 9.6932e+00  1021.1494    21.9278    21.1329     6.3912    195.597    7.31573  223.89165     87.363 0.0000e+00
   40.67062  -72.97676      4.070      4.039    21.9286    30.9065      8.226     0.8878 1.0048e+01  1021.1481    21.9278    21.1305     6.3810    195.286    7.31575  223.89213     87.223 0.0000e+00
   40.67062  -72.97676      4.092      4.060    21.9289    30.9041      8.226     0.9012 1.0216e+01  1021.1463    21.9281    21.1287     6.3711    194.981    7.31573  223.89158     87.087 0.0000e+00
   40.67062  -72.97676      4.102      4.070    21.9291    30.9020      8.226     0.8878 1.0159e+01  1021.1445    21.9283    21.1270     6.3567    194.541    7.31570  223.89064     86.891 0.0000e+00
   40.67062  -72.97676      4.132      4.100    21.9293    30.9003      8.226     0.8878 1.0368e+01  1021.1434    21.9285    21.1257     6.3502    194.340    7.31534  223.87832     86.806 0.0000e+00
   40.67062  -72.97676      4.143      4.111    21.9294    30.8991      8.226     0.8878 1.0623e+01  1021.1424    21.9286    21.1247     6.3394    194.008    7.31443  223.84653     86.670 0.0000e+00
   40.67062  -72.97676      4.151      4.119    21.9296    30.8984      8.226     0.9012 1.0475e+01  1021.1419    21.9288    21.1241     6.3288    193.682    7.31387  223.82694     86.532 0.0000e+00
   40.67062  -72.97676      4.162      4.130    21.9294    30.8980      8.226     0.9012 1.0578e+01  1021.1416    21.9286    21.1239     6.3185    193.363    7.31374  223.82205     86.392 0.0000e+00
   40.67064  -72.97676      4.192      4.160    21.9295    30.8978      8.226     0.8878 1.0872e+01  1021.1420    21.9287    21.1237     6.3127    193.188    7.31379  223.82353     86.313 -9.990e-29
   40.67064  -72.97676      4.192      4.160    21.9296    30.8977      8.226     0.9012 1.0692e+01  1021.1415    21.9288    21.1237     6.2985    192.753    7.31377  223.82310     86.119 -9.990e-29
   40.67064  -72.97676      4.192      4.160    21.9294    30.8978      8.226     0.9012 1.0665e+01  1021.1418    21.9286    21.1238     6.2884    192.445    7.31374  223.82243     85.981 -9.990e-29
   40.67064  -72.97676      4.213      4.180    21.9293    30.8980      8.226     0.9012 1.0888e+01  1021.1424    21.9284    21.1239     6.2781    192.130    7.31370  223.82127     85.841 0.0000e+00
   40.67064  -72.97676      4.224      4.191    21.9296    30.8980      8.226     0.8878 1.0808e+01  1021.1418    21.9288    21.1239     6.2677    191.810    7.31371  223.82152     85.698 -9.990e-29
   40.67064  -72.97676      4.213      4.180    21.9293    30.8980      8.226     0.9012 1.0751e+01  1021.1423    21.9284    21.1240     6.2613    191.614    7.31367  223.82033     85.610 -9.990e-29
   40.67064  -72.97676      4.224      4.191    21.9293    30.8981      8.226     0.8878 1.0841e+01  1021.1423    21.9284    21.1241     6.2511    191.301    7.31370  223.82095     85.471 0.0000e+00
   40.67064  -72.97676      4.232      4.199    21.9293    30.8982      8.226     0.9012 1.0887e+01  1021.1423    21.9284    21.1241     6.2450    191.114    7.31375  223.82271     85.386 0.0000e+00
   40.67064  -72.97676      4.264      4.231    21.9291    30.8982      8.226     0.9012 1.0895e+01  1021.1428    21.9283    21.1241     6.2355    190.828    7.31445  223.84680     85.249 -9.990e-29
   40.67064  -72.97676      4.243      4.210    21.9292    30.8977      8.226     0.9012 1.0864e+01  1021.1424    21.9284    21.1237     6.2306    190.681    7.31534  223.87759     85.172 -9.990e-29
   40.67064  -72.97676      4.254      4.221    21.9293    30.8968 -9.990e-29     0.8878 1.0987e+01  1021.1413    21.9284    21.1230     6.2211    190.390    7.31576  223.89206     85.037 0.0000e+00
   40.67064  -72.97676      4.273      4.240    21.9293    30.8959      8.226     0.9012 1.1175e+01  1021.1407    21.9284    21.1223     6.2157    190.228    7.31599  223.89992     84.961 0.0000e+00
   40.67064  -72.97676      4.293      4.259    21.9293    30.8952      8.226     0.8878 1.1238e+01  1021.1403    21.9284    21.1218     6.2065    189.944    7.31621  223.90732     84.832 -9.990e-29
   40.67064  -72.97676      4.294      4.261    21.9296    30.8947 -9.990e-29     0.8878 1.1453e+01  1021.1399    21.9288    21.1214     6.1968    189.648    7.31630  223.91027     84.698 -9.990e-29
   40.67064  -72.97676      4.304      4.270    21.9296    30.8945      8.226     0.8878 1.1981e+01  1021.1395    21.9288    21.1212     6.1909    189.470    7.31628  223.90949     84.619 -9.990e-29
   40.67064  -72.97676      4.305      4.272    21.9293    30.8946      8.226     0.8878 1.2150e+01  1021.1400    21.9284    21.1213     6.1858    189.312    7.31622  223.90733     84.549 -9.990e-29
   40.67064  -72.97676      4.313      4.280    21.9294    30.8947      8.226     0.8878 1.2185e+01  1021.1401    21.9286    21.1214     6.1765    189.024    7.31594  223.89675     84.425 -9.990e-29
   40.67064  -72.97676      4.305      4.272    21.9294    30.8945      8.226     0.8878 1.2323e+01  1021.1398    21.9286    21.1212     6.1723    188.901    7.31719  223.93797     84.354 -9.990e-29
   40.67064  -72.97676      4.304      4.270    21.9295    30.8944      8.226     0.8878 1.2392e+01  1021.1395    21.9287    21.1211     6.1665    188.733    7.32120  224.07345     84.228 -9.990e-29
   40.67064  -72.97676      4.305      4.272    21.9294    30.8943      8.226     0.8878 1.2577e+01  1021.1398    21.9286    21.1211     6.1654    188.714    7.32623  224.24381     84.156 -9.990e-29
   40.67064  -72.97676      4.313      4.280    21.9293    30.8941      8.226     0.8878 1.3231e+01  1021.1396    21.9284    21.1210     6.1636    188.664    7.32956  224.35524     84.092 -9.990e-29
   40.67064  -72.97676      4.294      4.261    21.9294    30.8941 -9.990e-29     0.8878 1.3580e+01  1021.1393    21.9286    21.1210     6.1531    188.337    7.32795  224.29592     83.968 -9.990e-29
   40.67064  -72.97676      4.305      4.272    21.9293    30.8941 -9.990e-29     0.8878 1.3619e+01  1021.1398    21.9284    21.1210     6.1452    188.078    7.32416  224.16233     83.903 -9.990e-29
   40.67064  -72.97676      4.304      4.270    21.9294    30.8940      8.226     0.8878 1.3695e+01  1021.1395    21.9286    21.1208     6.1418    187.961    7.32042  224.03080     83.900 -9.990e-29
   40.67066  -72.97676      4.294      4.261    21.9294    30.8936      8.226     0.8878 1.3647e+01  1021.1390    21.9286    21.1205     6.1326    187.676    7.31971  224.00405     83.782 -9.990e-29
   40.67066  -72.97676      4.304      4.270    21.9294    30.8932      8.226     0.8878 1.3588e+01  1021.1388    21.9286    21.1202     6.1285    187.549    7.32008  224.01440     83.722 -9.990e-29
   40.67066  -72.97676      4.294      4.261    21.9296    30.8929      8.226     0.8878 1.2954e+01  1021.1384    21.9288    21.1200     6.1202    187.295    7.32037  224.02245     83.605 -9.990e-29
   40.67066  -72.97676      4.313      4.280    21.9294    30.8929      8.226     0.8878 1.2492e+01  1021.1387    21.9286    21.1200     6.1203    187.296    7.32044  224.02412     83.605 -9.990e-29
   40.67066  -72.97676      4.315      4.281    21.9294    30.8928      8.226     0.8878 1.2329e+01  1021.1385    21.9285    21.1199     6.1161    187.167    7.32039  224.02227     83.549 -9.990e-29
   40.67066  -72.97676      4.313      4.280    21.9293    30.8925      8.226     0.8878 1.2233e+01  1021.1385    21.9284    21.1198     6.1121    187.045    7.32038  224.02181     83.494 -9.990e-29
   40.67066  -72.97676      4.315      4.281    21.9294    30.8923      8.226     0.8878 1.2213e+01  1021.1381    21.9286    21.1196     6.1082    186.928    7.32041  224.02315     83.441 -9.990e-29
   40.67066  -72.97676      4.324      4.291    21.9293    30.8922      8.226     0.8878 1.2093e+01  1021.1381    21.9284    21.1195     6.1043    186.807    7.32062  224.02968     83.385 -9.990e-29
   40.67066  -72.97676      4.324      4.291    21.9291    30.8921      8.226     0.8878 1.1534e+01  1021.1383    21.9283    21.1195     6.1006    186.694    7.32063  224.02974     83.335 -9.990e-29
   40.67066  -72.97676      4.335      4.302    21.9293    30.8920      8.226     0.8878 1.0912e+01  1021.1381    21.9284    21.1194     6.1010    186.706    7.32065  224.03005     83.340 -9.990e-29
   40.67066  -72.97676      4.334      4.300    21.9293    30.8918      8.226     0.8878 1.0584e+01  1021.1380    21.9284    21.1193     6.1014    186.720    7.32075  224.03337     83.345 -9.990e-29
   40.67066  -72.97676      4.335      4.302    21.9291    30.8916      8.226     0.8878 9.9538e+00  1021.1379    21.9283    21.1191     6.1068    186.882    7.32070  224.03116     83.418 -9.990e-29
   40.67066  -72.97676      4.354      4.321    21.9293    30.8913      8.226     0.8609 9.1064e+00  1021.1377    21.9284    21.1189     6.1083    186.929    7.32045  224.02288     83.442 -9.990e-29
   40.67066  -72.97676      4.354      4.321    21.9290    30.8910      8.226     0.8475 8.6985e+00  1021.1373    21.9281    21.1186     6.1145    187.117    7.32022  224.01589     83.528 -9.990e-29
   40.67066  -72.97676      4.354      4.321    21.9291    30.8906      8.226     0.8341 8.5275e+00  1021.1374    21.9283    21.1184     6.1251    187.442    7.31993  224.00688     83.677 -9.990e-29
   40.67066  -72.97676      4.375      4.341    21.9291    30.8902 -9.990e-29     0.8475 8.4577e+00  1021.1368    21.9283    21.1181     6.1366    187.793    7.31962  223.99746     83.837 0.0000e+00
   40.67066  -72.97676      4.394      4.360    21.9291    30.8899      8.226     0.8475 8.3884e+00  1021.1367    21.9283    21.1179     6.1486    188.161    7.31942  223.99182     84.003 -9.990e-29
   40.67066  -72.97676      4.396      4.362    21.9289    30.8900      8.226     0.8475 8.3672e+00  1021.1369    21.9281    21.1179     6.1702    188.823    7.31922  223.98572     84.301 -9.990e-29
   40.67066  -72.97676      4.405      4.371    21.9291    30.8908 -9.990e-29     0.8475 8.4628e+00  1021.1368    21.9283    21.1186     6.1934    189.533    7.31923  223.98690     84.618 0.0000e+00
   40.67066  -72.97676      4.445      4.411    21.9289    30.8943      8.226     0.8475 8.4877e+00  1021.1379    21.9281    21.1212     6.2179    190.284    7.31942  223.99348     84.951 -9.990e-29
   40.67066  -72.97676      4.435      4.401    21.9291    30.9039      8.226     0.8475 8.4660e+00  1021.1438    21.9282    21.1285     6.2519    191.325    7.31970  224.00243     85.412 -9.990e-29
   40.67066  -72.97676      4.455      4.420    21.9287    30.9190      8.226     0.8475 8.7607e+00  1021.1611    21.9279    21.1401     6.2881    192.432    7.32011  224.01561     85.901 0.0000e+00
   40.67066  -72.97676      4.486      4.452    21.9281    30.9320      8.226     0.8475 8.8409e+00  1021.1727    21.9272    21.1501     6.3259    193.588    7.32054  224.02855     86.412 0.0000e+00
   40.67066  -72.97676      4.496      4.461    21.9277    30.9386      8.226     0.8475 8.7488e+00  1021.1763    21.9268    21.1552     6.3691    194.911    7.32056  224.02765     87.003 0.0000e+00
   40.67068  -72.97676      4.517      4.482    21.9272    30.9404      8.226     0.8475 8.5376e+00  1021.1768    21.9263    21.1566     6.4139    196.281    7.32036  224.02081     87.617 0.0000e+00
   40.67068  -72.97676      4.536      4.501    21.9277    30.9402      8.226     0.8475 8.3346e+00  1021.1759    21.9268    21.1564     6.4649    197.842    7.32011  224.01311     88.317 0.0000e+00
   40.67068  -72.97676      4.567      4.532    21.9280    30.9397      8.226     0.8475 8.2715e+00  1021.1756    21.9272    21.1559     6.5132    199.319    7.31999  224.00939     88.978 0.0000e+00
   40.67068  -72.97676      4.577      4.542    21.9286    30.9395      8.226     0.8475 8.0290e+00  1021.1750    21.9277    21.1557     6.5628    200.838    7.31994  224.00827     89.656 0.0000e+00
   40.67068  -72.97676      4.598      4.562    21.9282    30.9397      8.226     0.8475 7.8774e+00  1021.1759    21.9273    21.1559     6.6181    202.532    7.32012  224.01488     90.410 0.0000e+00
   40.67068  -72.97676      4.617      4.581    21.9284    30.9400 -9.990e-29     0.8475 7.8164e+00  1021.1761    21.9275    21.1561     6.6793    204.406    7.32054  224.02843     91.241 0.0000e+00
   40.67068  -72.97676      4.648      4.613    21.9280    30.9391      8.226     0.8475 7.8384e+00  1021.1767    21.9271    21.1555     6.7382    206.206    7.32093  224.04012     92.040 0.0000e+00
   40.67068  -72.97676      4.677      4.641    21.9280    30.9338 -9.990e-29     0.8475 7.8800e+00  1021.1759    21.9271    21.1515     6.7980    208.037    7.32121  224.04823     92.854 0.0000e+00
   40.67068  -72.97676      4.709      4.673    21.9280    30.9214      8.226     0.8475 7.9193e+00  1021.1638    21.9270    21.1420     6.8633    210.036    7.32134  224.05178     93.744 0.0000e+00
   40.67068  -72.97676      4.728      4.692    21.9280    30.9062      8.226     0.8475 8.0718e+00  1021.1479    21.9271    21.1306     6.9256    211.940    7.32149  224.05626     94.592 0.0000e+00
   40.67068  -72.97676      4.750      4.713    21.9278    30.8952      8.226     0.8475 8.2557e+00  1021.1410    21.9269    21.1223     6.9931    214.007    7.32166  224.06138     95.513 0.0000e+00
   40.67068  -72.97676      4.789      4.752    21.9277    30.8887      8.226     0.8475 8.2815e+00  1021.1374    21.9268    21.1174     7.0572    215.968    7.32176  224.06385     96.387 0.0000e+00
   40.67068  -72.97676      4.811      4.773    21.9275    30.8847      8.226     0.8744 8.0795e+00  1021.1342    21.9266    21.1144     7.1177    217.818    7.32177  224.06412     97.213 0.0000e+00
   40.67068  -72.97676      4.839      4.802    21.9273    30.8830 -9.990e-29     0.9147 7.6665e+00  1021.1332    21.9264    21.1131     7.1867    219.930    7.32177  224.06413     98.155 0.0000e+00
   40.67068  -72.97676      4.861      4.824    21.9273    30.8834      8.226     0.9281 7.4854e+00  1021.1337    21.9264    21.1135     7.2518    221.921    7.32170  224.06150     99.045 0.0000e+00
   40.67068  -72.97676      4.900      4.862    21.9270    30.8855 -9.990e-29     0.9281 7.3270e+00  1021.1358    21.9260    21.1152     7.3171    223.922    7.32159  224.05831     99.939 0.0000e+00
   40.67068  -72.97676      4.922      4.884    21.9255    30.8817      8.226     0.9147 6.9873e+00  1021.1446    21.9246    21.1129     7.3786    225.804    7.32169  224.06180    100.778 0.0000e+00
   40.67068  -72.97676      4.962      4.923    21.9222    30.8533      8.226     0.9281 6.8869e+00  1021.1313    21.9212    21.0922     7.4439    227.803    7.32185  224.06701    101.667 0.0000e+00
   40.67068  -72.97676      4.982      4.944    21.9169    30.7920      8.226     0.9281 6.9011e+00  1021.0740    21.9159    21.0463     7.5047    229.662    7.32182  224.06515    102.498 0.0000e+00
   40.67068  -72.97676      5.022      4.983    21.9112    30.7248      8.226     0.9147 6.9129e+00  1020.9996    21.9102    20.9936     7.5688    231.622    7.32168  224.06059    103.375 0.0000e+00
   40.67068  -72.97676      5.044      5.005 -9.990e-29    30.7164 -9.990e-29     0.9281 6.9423e+00  1020.9560 -9.990e-29    20.9703     7.6284    233.447    7.32170  224.06174    104.189 0.0000e+00
   40.67068  -72.97676      5.073      5.034    21.8986 -9.990e-29 -9.990e-29     0.9281 6.9747e+00  1021.0022    21.8976    20.9979     7.6919    235.390    7.32196  224.07057    105.052 0.0000e+00
   40.67068  -72.97676      5.114      5.075    21.8936    30.7892 -9.990e-29     0.9147 6.8323e+00  1021.0826    21.8926    21.0592     7.7462    237.055    7.32255  224.09015    105.786 0.0000e+00
