CalculateIndicators/WaterTemperature/Data/CTD_NYOS/20240914_C22.cnv
* Sea-Bird SBE 9 Data File:
* FileName = C:\Seabird 9 CTD\Data\2024\202409_offshore\20240914_C22.hex
* Software Version Seasave V 7.23.2
* Temperature SN = 4590
* Conductivity SN = 3228
* Number of Bytes Per Scan = 44
* Number of Voltage Words = 5
* Number of Scans Averaged by the Deck Unit = 1
* NMEA Latitude = 40 33.38 N
* NMEA Longitude = 072 26.96 W
* NMEA UTC (Time) = Sep 14 2024  02:54:58
* NMEA baud rate = 4800
** Ship: Seawolf
** Station: 10.2
** Operator: TCM
# nquan = 18
# nvalues = 10505                       
# units = specified
# name 0 = latitude: Latitude [deg]
# name 1 = longitude: Longitude [deg]
# name 2 = prDM: Pressure, Digiquartz [db]
# name 3 = depSM: Depth [salt water, m]
# name 4 = t090C: Temperature [ITS-90, deg C]
# name 5 = sal00: Salinity, Practical [PSU]
# name 6 = ph: pH
# name 7 = flECO-AFL: Fluorescence, WET Labs ECO-AFL/FL [mg/m^3]
# name 8 = cpar: CPAR/Corrected Irradiance [%]
# name 9 = density00: Density [density, kg/m^3]
# name 10 = potemp090C: Potential Temperature [ITS-90, deg C]
# name 11 = sigma-é00: Density [sigma-theta, kg/m^3]
# name 12 = sbeox0Mg/L: Oxygen, SBE 43 [mg/l]
# name 13 = sbox0Mm/Kg: Oxygen, SBE 43 [umol/kg]
# name 14 = oxsolMg/L: Oxygen Saturation, Garcia & Gordon [mg/l]
# name 15 = oxsolMm/Kg: Oxygen Saturation, Garcia & Gordon [umol/kg]
# name 16 = sbeox0PS: Oxygen, SBE 43 [% saturation]
# name 17 = flag:  0.000e+00
# span 0 =   40.55640,   40.55654       
# span 1 =  -72.44950,  -72.44932       
# span 2 =      1.416,     41.247       
# span 3 =      1.405,     40.925       
# span 4 =    10.0282,    21.4248       
# span 5 =    31.7326,    32.5518       
# span 6 =      7.880,      8.213       
# span 7 =    -0.0255,     1.4653       
# span 8 = 1.6880e-11, 5.4693e+01       
# span 9 =  1021.9724,  1024.8985       
# span 10 =    10.0236,    21.4243      
# span 11 =    21.9524,    24.7089      
# span 12 =     6.9757,     9.4908      
# span 13 =    212.743,    289.601      
# span 14 =    7.34186,    9.19025      
# span 15 =  224.50372,  280.28874      
# span 16 =     75.960,    115.456      
# span 17 = 0.0000e+00, 0.0000e+00      
# interval = seconds: 0.0416667
# start_time = Sep 14 2024 02:55:00 [System UTC, first data scan.]
# bad_flag = -9.990e-29
*END*
[from data line 4744]
   40.55648  -72.44942     29.998     29.765    12.3211    32.1622      8.071     0.7132 1.6880e-11  1024.4602    12.3173    24.3268     8.3187    253.803    8.73848  266.61049     95.196 -9.990e-29
   40.55648  -72.44942     29.988     29.755    12.3243    32.1593      8.071     0.7132 1.6880e-11  1024.4567    12.3205    24.3238     8.3188    253.807    8.73824  266.60374     95.200 -9.990e-29
   40.55648  -72.44942     29.977     29.744    12.3265    32.1586      8.071     0.7132 1.6880e-11  1024.4563    12.3226    24.3227     8.3149    253.687    8.73830  266.60618     95.154 -9.990e-29
   40.55648  -72.44942     29.958     29.725    12.3287    32.1592      8.071     0.7132 1.6880e-11  1024.4570    12.3248    24.3227     8.3116    253.587    8.73851  266.61265     95.114 -9.990e-29
   40.55648  -72.44942     29.957     29.724    12.3315    32.1597      8.071     0.7266 1.6880e-11  1024.4569    12.3276    24.3225     8.3088    253.502    8.73878  266.62059     95.080 -9.990e-29
   40.55648  -72.44942     29.937     29.704    12.3348    32.1593      8.071     0.7132 1.6880e-11  1024.4562    12.3310    24.3216     8.3064    253.430    8.73900  266.62662     95.050 -9.990e-29
   40.55648  -72.44942     29.926     29.693    12.3388    32.1576      8.071     0.7132 1.6880e-11  1024.4540    12.3350    24.3196     8.3095    253.522    8.73871  266.61680     95.089 -9.990e-29
   40.55648  -72.44942     29.906     29.673    12.3427    32.1551      8.071     0.7132 1.6880e-11  1024.4507    12.3389    24.3170     8.3137    253.650    8.73848  266.60874     95.139 -9.990e-29
   40.55648  -72.44942     29.886     29.654    12.3449    32.1523      8.071     0.7132 1.6880e-11  1024.4481    12.3410    24.3144     8.3138    253.651    8.73848  266.60726     95.140 -9.990e-29
   40.55648  -72.44942     29.885     29.652    12.3465    32.1496      8.071     0.7132 1.6880e-11  1024.4456    12.3427    24.3120     8.3134    253.640    8.73824  266.59967     95.139 -9.990e-29
   40.55648  -72.44942     29.856     29.624    12.3477    32.1471      8.071     0.7132 1.6880e-11  1024.4429    12.3439    24.3099     8.3192    253.817    8.73766  266.58311     95.211 -9.990e-29
   40.55648  -72.44942     29.845     29.613    12.3479    32.1455      8.071     0.7266 1.6880e-11  1024.4417    12.3441    24.3085     8.3249    253.992    8.73724  266.57205     95.281 -9.990e-29
   40.55648  -72.44942     29.834     29.602    12.3482    32.1442      8.071     0.7132 1.6880e-11  1024.4421    12.3444    24.3074     8.3319    254.206    8.73727  266.57393     95.361 -9.990e-29
   40.55648  -72.44942     29.805     29.573    12.3495    32.1412      8.071     0.7400 1.6880e-11  1024.4390    12.3457    24.3049     8.3401    254.456    8.73751  266.58164     95.451 -9.990e-29
   40.55648  -72.44942     29.783     29.551    12.3497    32.1366      8.071     0.7803 1.6880e-11  1024.4343    12.3459    24.3013     8.3491    254.731    8.73773  266.58847     95.552 -9.990e-29
   40.55648  -72.44942     29.775     29.543    12.3491    32.1324      8.071     0.7938 1.6880e-11  1024.4306    12.3452    24.2982     8.3583    255.011    8.73788  266.59306     95.656 -9.990e-29
   40.55648  -72.44942     29.753     29.521    12.3479    32.1293      8.071     0.7803 1.6880e-11  1024.4289    12.3441    24.2959     8.3737    255.483    8.73808  266.59913     95.830 -9.990e-29
   40.55648  -72.44942     29.733     29.502    12.3465    32.1265      8.071     0.7803 1.6880e-11  1024.4276    12.3427    24.2940     8.3846    255.815    8.73840  266.60853     95.952 -9.990e-29
   40.55648  -72.44942     29.703     29.472    12.3454    32.1231      8.071     0.7803 1.6880e-11  1024.4245    12.3416    24.2917     8.3964    256.173    8.73881  266.62088     96.081 -9.990e-29
   40.55648  -72.44942     29.692     29.461    12.3430    32.1197      8.071     0.7938 1.6880e-11  1024.4220    12.3392    24.2894     8.4082    256.535    8.73935  266.63732     96.211 -9.990e-29
   40.55648  -72.44942     29.663     29.432    12.3405    32.1171      8.071     0.7803 1.6880e-11  1024.4200    12.3367    24.2878     8.4204    256.904    8.73950  266.64033     96.348 -9.990e-29
   40.55648  -72.44942     29.641     29.410    12.3382    32.1156      8.076     0.7803 1.6880e-11  1024.4197    12.3344    24.2871     8.4364    257.392    8.73884  266.61819     96.539 -9.990e-29
   40.55648  -72.44942     29.620     29.390    12.3366    32.1147      8.071     0.7803 1.6880e-11  1024.4192    12.3328    24.2868     8.4475    257.728    8.73744  266.57444     96.682 -9.990e-29
   40.55648  -72.44942     29.592     29.361    12.3350    32.1143      8.071     0.7803 1.6880e-11  1024.4190    12.3312    24.2867     8.4648    258.258    8.73640  266.54468     96.891 -9.990e-29
   40.55648  -72.44942     29.581     29.350    12.3335    32.1137      8.076     0.7803 1.6880e-11  1024.4195    12.3297    24.2865     8.4834    258.828    8.73631  266.54392     97.105 -9.990e-29
   40.55648  -72.44942     29.552     29.322    12.3323    32.1123      8.076     0.7803 1.6880e-11  1024.4182    12.3285    24.2857     8.4970    259.243    8.73632  266.54440     97.261 -9.990e-29
   40.55648  -72.44942     29.519     29.289    12.3317    32.1105      8.076     0.7803 1.6880e-11  1024.4163    12.3279    24.2844     8.5163    259.832    8.73630  266.54417     97.482 -9.990e-29
   40.55648  -72.44942     29.509     29.279    12.3303    32.1090      8.076     0.7803 1.6880e-11  1024.4152    12.3265    24.2835     8.5411    260.590    8.73683  266.56235     97.759 -9.990e-29
   40.55648  -72.44942     29.480     29.250    12.3293    32.1082      8.076     0.7803 1.6880e-11  1024.4148    12.3255    24.2830     8.5575    261.090    8.73772  266.59012     97.937 -9.990e-29
   40.55648  -72.44942     29.458     29.229    12.3288    32.1079      8.076     0.7803 1.6880e-11  1024.4148    12.3250    24.2829     8.5786    261.735    8.73848  266.61285     98.170 -9.990e-29
   40.55648  -72.44942     29.428     29.199    12.3281    32.1077      8.076     0.7803 1.6880e-11  1024.4148    12.3244    24.2828     8.5994    262.369    8.73893  266.62564     98.403 -9.990e-29
   40.55648  -72.44942     29.408     29.179    12.3292    32.1071      8.076     0.7803 1.6880e-11  1024.4141    12.3254    24.2822     8.6200    262.998    8.73926  266.63499     98.636 -9.990e-29
   40.55648  -72.44942     29.397     29.168    12.3308    32.1062      8.076     0.7803 1.6880e-11  1024.4126    12.3271    24.2813     8.6410    263.637    8.73942  266.63943     98.874 -9.990e-29
   40.55648  -72.44942     29.356     29.127    12.3317    32.1058      8.076     0.7803 1.6880e-11  1024.4117    12.3279    24.2808     8.6618    264.269    8.73958  266.64373     99.110 -9.990e-29
   40.55648  -72.44942     29.348     29.119    12.3323    32.1062      8.076     0.7803 1.6880e-11  1024.4122    12.3286    24.2809     8.6831    264.920    8.73993  266.65448     99.350 -9.990e-29
   40.55648  -72.44942     29.326     29.097    12.3345    32.1071      8.076     0.7938 1.6880e-11  1024.4127    12.3308    24.2812     8.7041    265.562    8.74036  266.66758     99.586 -9.990e-29
   40.55648  -72.44942     29.295     29.067    12.3387    32.1077      8.076     0.7803 1.6880e-11  1024.4123    12.3349    24.2809     8.7250    266.201    8.74103  266.68938     99.817 -9.990e-29
   40.55648  -72.44942     29.287     29.059    12.3422    32.1079      8.076     0.7535 1.6880e-11  1024.4114    12.3384    24.2804     8.7464    266.854    8.74202  266.72008    100.050 -9.990e-29
   40.55648  -72.44942     29.244     29.017    12.3450    32.1082      8.076     0.6192 1.6880e-11  1024.4106    12.3413    24.2801     8.7679    267.509    8.74296  266.74843    100.285 -9.990e-29
   40.55648  -72.44942     29.235     29.007    12.3492    32.1093      8.076     0.5654 1.6880e-11  1024.4107    12.3455    24.2801     8.7939    268.302    8.74365  266.76901    100.575 -9.990e-29
   40.55648  -72.44942     29.226     28.999    12.3548    32.1101      8.076     0.5654 1.6880e-11  1024.4122    12.3510    24.2797     8.8148    268.939    8.74406  266.78079    100.809 -9.990e-29
   40.55648  -72.44942     29.193     28.966    12.3616    32.1088      8.076     0.5654 1.6880e-11  1024.4087    12.3579    24.2777     8.8348    269.550    8.74438  266.79029    101.034 -9.990e-29
   40.55648  -72.44942     29.163     28.936    12.3651    32.1062      8.075     0.5789 1.6880e-11  1024.4045    12.3614    24.2749     8.8547    270.157    8.74474  266.80150    101.258 -9.990e-29
   40.55648  -72.44942     29.164     28.937    12.3663    32.1045      8.075     0.5789 1.6880e-11  1024.4031    12.3625    24.2733     8.8739    270.742    8.74527  266.81811    101.471 -9.990e-29
   40.55648  -72.44942     29.142     28.916    12.3673    32.1044      8.075     0.5789 1.6880e-11  1024.4030    12.3636    24.2730     8.8927    271.316    8.74573  266.83192    101.680 -9.990e-29
   40.55648  -72.44942     29.122     28.895    12.3681    32.1049      8.075     0.5654 1.6880e-11  1024.4040    12.3644    24.2731     8.9163    272.036    8.74600  266.83927    101.947 -9.990e-29
   40.55648  -72.44942     29.104     28.877    12.3705    32.1047      8.075     0.5654 1.6880e-11  1024.4032    12.3668    24.2726     8.9345    272.588    8.74600  266.83822    102.155 -9.990e-29
   40.55648  -72.44942     29.082     28.855    12.3732    32.1038      8.075     0.5654 1.6880e-11  1024.4016    12.3694    24.2714     8.9463    272.948    8.74569  266.82735    102.294 -9.990e-29
   40.55648  -72.44942     29.072     28.846    12.3750    32.1024      8.075     0.5654 1.6880e-11  1024.4003    12.3713    24.2699     8.9678    273.602    8.74533  266.81570    102.544 -9.990e-29
   40.55648  -72.44942     29.062     28.836    12.3770    32.1006      8.075     0.5654 1.6880e-11  1024.3981    12.3733    24.2683     8.9842    274.105    8.74535  266.81704    102.731 -9.990e-29
   40.55648  -72.44942     29.040     28.814    12.3772    32.0991      8.075     0.5654 1.6880e-11  1024.3965    12.3735    24.2671     9.0065    274.785    8.74572  266.82911    102.981 -9.990e-29
   40.55648  -72.44942     29.031     28.805    12.3763    32.0984      8.075     0.5789 1.6880e-11  1024.3960    12.3726    24.2667     9.0229    275.285    8.74578  266.83002    103.169 -9.990e-29
   40.55648  -72.44942     29.022     28.797    12.3748    32.0993      8.075     0.5789 1.6880e-11  1024.3964    12.3711    24.2676     9.0381    275.749    8.74545  266.81940    103.347 -9.990e-29
   40.55648  -72.44942     29.010     28.784    12.3726    32.1022      8.075     0.5789 1.6880e-11  1024.3992    12.3689    24.2701     9.0528    276.196    8.74533  266.81578    103.516 -9.990e-29
   40.55648  -72.44942     29.000     28.775    12.3725    32.1067      8.075     0.5789 1.6880e-11  1024.4037    12.3687    24.2737     9.0664    276.609    8.74504  266.80578    103.674 0.0000e+00
   40.55648  -72.44942     28.992     28.767    12.3725    32.1116      8.075     0.5789 1.6880e-11  1024.4070    12.3687    24.2776     9.0796    277.013    8.74470  266.79423    103.830 0.0000e+00
   40.55648  -72.44942     28.989     28.764    12.3705    32.1157      8.081     0.5654 1.6880e-11  1024.4125    12.3668    24.2809     9.0927    277.411    8.74447  266.78686    103.982 0.0000e+00
   40.55648  -72.44942     28.980     28.754    12.3713    32.1167      8.081     0.5654 1.6880e-11  1024.4135    12.3676    24.2815     9.1048    277.779    8.74424  266.77937    104.123 0.0000e+00
   40.55648  -72.44942     28.972     28.746    12.3758    32.1137      8.075     0.5654 1.6880e-11  1024.4091    12.3721    24.2786     9.1160    278.121    8.74416  266.77705    104.252 -9.990e-29
   40.55648  -72.44942     28.980     28.754    12.3802    32.1087      8.075     0.5654 1.6880e-11  1024.4030    12.3765    24.2741     9.1266    278.446    8.74397  266.77159    104.376 -9.990e-29
   40.55648  -72.44942     28.959     28.734    12.3815    32.1043      8.080     0.5789 1.6880e-11  1024.3988    12.3778    24.2704     9.1365    278.747    8.74351  266.75643    104.495 -9.990e-29
   40.55648  -72.44942     28.970     28.745    12.3807    32.1018      8.080     0.5654 1.6880e-11  1024.3977    12.3770    24.2684     9.1460    279.036    8.74312  266.74426    104.608 -9.990e-29
   40.55648  -72.44942     28.962     28.736    12.3800    32.1006      8.080     0.5117 1.6880e-11  1024.3966    12.3763    24.2677     9.1551    279.312    8.74279  266.73354    104.716 -9.990e-29
   40.55648  -72.44942     28.970     28.745    12.3789    32.1004      8.075     0.4714 1.6880e-11  1024.3975    12.3751    24.2677     9.1631    279.555    8.74201  266.70808    104.817 -9.990e-29
   40.55648  -72.44942     28.970     28.745    12.3780    32.1007      8.080     0.4714 1.6880e-11  1024.3971    12.3743    24.2682     9.1705    279.781    8.74121  266.68255    104.912 -9.990e-29
   40.55648  -72.44942     28.962     28.736    12.3757    32.1014      8.080     0.4714 1.6880e-11  1024.3990    12.3719    24.2690     9.1731    279.860    8.74088  266.67265    104.945 -9.990e-29
   40.55648  -72.44942     28.980     28.754    12.3735    32.1020      8.081     0.4849 1.6880e-11  1024.3994    12.3698    24.2699     9.1858    280.249    8.74098  266.67707    105.089 -9.990e-29
   40.55648  -72.44942     28.970     28.745    12.3708    32.1039      8.081     0.4714 1.6880e-11  1024.3992    12.3671    24.2718     9.1878    280.309    8.74111  266.68155    105.110 -9.990e-29
   40.55648  -72.44942     28.981     28.756    12.3678    32.1093      8.081     0.4714 1.6880e-11  1024.4055    12.3641    24.2763     9.1935    280.483    8.74090  266.67475    105.178 -9.990e-29
   40.55648  -72.44942     28.989     28.764    12.3683    32.1162      8.081     0.4849 1.6880e-11  1024.4134    12.3646    24.2814     9.1932    280.475    8.74069  266.66766    105.178 -9.990e-29
   40.55648  -72.44942     28.989     28.764    12.3743    32.1190      8.081     0.4714 1.6880e-11  1024.4166    12.3706    24.2828     9.2029    280.770    8.74031  266.65578    105.293 -9.990e-29
   40.55648  -72.44942     29.002     28.776    12.3824    32.1155      8.080     0.4714 1.6880e-11  1024.4090    12.3786    24.2790     9.2074    280.905    8.74007  266.64806    105.347 -9.990e-29
   40.55648  -72.44942     29.021     28.795    12.3854    32.1101      8.080     0.4714 1.6880e-11  1024.4019    12.3817    24.2742     9.2063    280.873    8.73981  266.64004    105.338 -9.990e-29
   40.55648  -72.44942     29.021     28.795    12.3856    32.1064      8.080     0.4714 1.6880e-11  1024.4013    12.3818    24.2711     9.2101    280.987    8.73958  266.63301    105.384 -9.990e-29
   40.55648  -72.44942     29.031     28.805    12.3864    32.1026      8.080     0.4849 1.6880e-11  1024.3994    12.3827    24.2681     9.2133    281.087    8.73950  266.63087    105.422 -9.990e-29
   40.55648  -72.44942     29.053     28.827    12.3860    32.0972      8.080     0.4849 1.6880e-11  1024.3928    12.3823    24.2641     9.2166    281.186    8.73943  266.62907    105.460 -9.990e-29
   40.55648  -72.44942     29.051     28.825    12.3827    32.0935      8.080     0.4849 1.6880e-11  1024.3896    12.3790    24.2618     9.2206    281.309    8.73946  266.63039    105.505 -9.990e-29
   40.55648  -72.44942     29.072     28.846    12.3780    32.0935      8.080     0.4714 1.6880e-11  1024.3919    12.3743    24.2625     9.2189    281.259    8.73984  266.64256    105.481 -9.990e-29
   40.55648  -72.44942     29.083     28.857    12.3747    32.0957      8.081     0.4714 1.6880e-11  1024.3950    12.3709    24.2648     9.2224    281.365    8.74052  266.66375    105.513 -9.990e-29
   40.55648  -72.44942     29.102     28.876    12.3720    32.0984      8.081     0.4714 1.6880e-11  1024.3978    12.3682    24.2674     9.2209    281.320    8.74159  266.69761    105.483 -9.990e-29
