CalculateIndicators/WaterTemperature/Data/CTD_NYOS/20240709_C12.cnv
* Sea-Bird SBE 9 Data File:
* FileName = C:\Seabird 9 CTD\Data\2024\202407_offshore\20240709_C12.hex
* Software Version Seasave V 7.23.2
* Temperature SN = 4590
* Conductivity SN = 3228
* Number of Bytes Per Scan = 44
* Number of Voltage Words = 5
* Number of Scans Averaged by the Deck Unit = 1
* NMEA Latitude = 39 19.29 N
* NMEA Longitude = 072 05.50 W
* NMEA UTC (Time) = Jul 09 2024  15:04:38
* NMEA baud rate = 4800
** Ship: seawolf
** Station: 9.7
** Operator: TCM
# nquan = 18
# nvalues = 20551                       
# units = specified
# name 0 = latitude: Latitude [deg]
# name 1 = longitude: Longitude [deg]
# name 2 = prDM: Pressure, Digiquartz [db]
# name 3 = depSM: Depth [salt water, m]
# name 4 = t090C: Temperature [ITS-90, deg C]
# name 5 = sal00: Salinity, Practical [PSU]
# name 6 = ph: pH
# name 7 = flECO-AFL: Fluorescence, WET Labs ECO-AFL/FL [mg/m^3]
# name 8 = cpar: CPAR/Corrected Irradiance [%]
# name 9 = density00: Density [density, kg/m^3]
# name 10 = potemp090C: Potential Temperature [ITS-90, deg C]
# name 11 = sigma-é00: Density [sigma-theta, kg/m^3]
# name 12 = sbeox0Mg/L: Oxygen, SBE 43 [mg/l]
# name 13 = sbox0Mm/Kg: Oxygen, SBE 43 [umol/kg]
# name 14 = oxsolMg/L: Oxygen Saturation, Garcia & Gordon [mg/l]
# name 15 = oxsolMm/Kg: Oxygen Saturation, Garcia & Gordon [umol/kg]
# name 16 = sbeox0PS: Oxygen, SBE 43 [% saturation]
# name 17 = flag:  0.000e+00
# span 0 =   39.32150,   39.32190       
# span 1 =  -72.09594,  -72.09166       
# span 2 =      2.000,    101.659       
# span 3 =      1.985,    100.861       
# span 4 =    10.6625,    25.1953       
# span 5 =    32.7637,    36.5564       
# span 6 =      8.015,      8.331       
# span 7 =    -0.0792,     0.9012       
# span 8 = 9.5022e-03, 3.4929e+01       
# span 9 =  1021.8656,  1027.3626       
# span 10 =    10.6567,    25.1942      
# span 11 =    21.8565,    26.9974      
# span 12 =     4.8483,     8.6042      
# span 13 =    147.648,    262.201      
# span 14 =    6.79072,    8.98936      
# span 15 =  207.39012,  273.91964      
# span 16 =     64.436,    103.411      
# span 17 = 0.0000e+00, 0.0000e+00      
# interval = seconds: 0.0416667
# start_time = Jul 09 2024 15:04:40 [System UTC, first data scan.]
# bad_flag = -9.990e-29
*END*
[from data line 13669]
   39.32182  -72.09462     49.273     48.893    13.8876    34.2591      8.187     0.2565 4.8247e-01  1025.8866    13.8806    25.6332     7.6019    231.562    8.72552  265.78888     87.123 0.0000e+00
   39.32182  -72.09462     49.246     48.866    13.8771    34.3690      8.187     0.2565 4.8325e-01  1025.9753    13.8701    25.7235     7.5945    231.342    8.71462  265.46185     87.147 0.0000e+00
   39.32182  -72.09462     49.222     48.842    13.8938    34.3690      8.187     0.2565 4.8462e-01  1025.9970    13.8868    25.7508     7.5953    231.385    8.70803  265.28327     87.222 0.0000e+00
   39.32182  -72.09462     49.202     48.822    13.9019    34.3690      8.192     0.2565 4.8462e-01  1025.9649    13.8949    25.7228     7.5865    231.106    8.69685  264.93047     87.233 0.0000e+00
   39.32182  -72.09462     49.191     48.811    13.9098    34.2863      8.187     0.2565 4.8600e-01  1025.8755    13.9028    25.6578     7.5701    230.566    8.67215  264.13245     87.292 0.0000e+00
   39.32182  -72.09462     49.163     48.783    13.8976    34.1851      8.192     0.2565 4.8877e-01  1025.7969    13.8906    25.5831     7.5423    229.712    8.64784  263.38256     87.216 0.0000e+00
   39.32182  -72.09462     49.140     48.760    13.8520    34.1095      8.192     0.2565 4.8877e-01  1025.7174    13.8451    25.5237     7.5312    229.405    8.63898  263.14746     87.177 0.0000e+00
   39.32182  -72.09462     49.130     48.751    13.7931    34.1095      8.192     0.2431 4.9076e-01  1025.6814    13.7862    25.5135     7.5339    229.510    8.63939  263.18939     87.204 0.0000e+00
   39.32182  -72.09462     49.109     48.730    13.7228    34.0978      8.193     0.2297 4.9076e-01  1025.7865    13.7159    25.5576     7.5380    229.682    8.64807  263.50432     87.164 0.0000e+00
   39.32182  -72.09462     49.102     48.723    13.6588    34.0696      8.193     0.2297 4.9016e-01  1025.8657    13.6519    25.5839     7.5553    230.259    8.66634  264.11908     87.180 0.0000e+00
   39.32182  -72.09462     49.079     48.700    13.5975    34.0556      8.193     0.2297 4.9156e-01  1025.7617    13.5907    25.5422     7.5678    230.655    8.68427  264.68359     87.144 0.0000e+00
   39.32182  -72.09462     49.069     48.690    13.5323    34.0556      8.194     0.2297 4.9496e-01  1025.6469    13.5254    25.5042     7.5741    230.840    8.69624  265.04133     87.096 0.0000e+00
   39.32182  -72.09462     49.058     48.679    13.4531    34.0556      8.199     0.2297 4.9356e-01  1025.7266    13.4463    25.5649     7.5844    231.151    8.70794  265.39260     87.098 0.0000e+00
   39.32182  -72.09462     49.041     48.663    13.3723    34.2221      8.199     0.2297 4.9496e-01  1025.9370    13.3655    25.7124     7.5952    231.481    8.72062  265.77978     87.095 0.0000e+00
   39.32182  -72.09462     49.028     48.649    13.3400    34.4041      8.199     0.2297 4.9637e-01  1026.1203    13.3332    25.8594     7.6096    231.917    8.73176  266.11537     87.149 0.0000e+00
   39.32182  -72.09462     49.018     48.640    13.3586    34.5003      8.199     0.2297 4.9637e-01  1026.2070    13.3518    25.9348     7.6076    231.812    8.72935  265.99188     87.150 -9.990e-29
   39.32182  -72.09462     49.018     48.640    13.4052    34.5003      8.199     0.2297 4.9778e-01  1026.1559    13.3984    25.9346     7.5891    231.170    8.70316  265.10522     87.199 -9.990e-29
   39.32182  -72.09462     48.990     48.612    13.4615    34.5003      8.199     0.2297 4.9920e-01  1026.1106    13.4547    25.9145     7.5634    230.360    8.67585  264.24293     87.177 -9.990e-29
   39.32182  -72.09462     48.997     48.619    13.5072    34.4983      8.199     0.2297 4.9920e-01  1026.1403    13.5004    25.9038     7.5455    229.796    8.65123  263.47006     87.219 -9.990e-29
   39.32182  -72.09462     48.977     48.599    13.5422    34.4426      8.199     0.2297 5.0062e-01  1026.1360    13.5353    25.8532     7.5170    228.869    8.61364  262.25757     87.269 0.0000e+00
   39.32182  -72.09462     48.970     48.592    13.5758    34.2663      8.198     0.2297 5.0204e-01  1025.9676    13.5690    25.7107     7.4834    227.814    8.57025  260.90114     87.318 0.0000e+00
   39.32182  -72.09462     48.967     48.589    13.6002    34.0142      8.198     0.2297 5.0204e-01  1025.6996    13.5934    25.5129     7.4555    226.968    8.53303  259.77049     87.373 -9.990e-29
   39.32182  -72.09462     48.967     48.589    13.5859    33.8633      8.204     0.2297 5.0204e-01  1025.4928    13.5791    25.3717     7.4406    226.541    8.51027  259.11037     87.431 -9.990e-29
   39.32182  -72.09462     48.946     48.568    13.5270    33.8633      8.204     0.2297 5.0204e-01  1025.5379    13.5202    25.3543     7.4422    226.632    8.50011  258.84748     87.554 -9.990e-29
   39.32182  -72.09462     48.959     48.581    13.4699    33.8633      8.204     0.2297 5.0204e-01  1025.6317    13.4631    25.4174     7.4435    226.700    8.49321  258.67003     87.641 -9.990e-29
   39.32182  -72.09462     48.946     48.568    13.4359    33.9769      8.204     0.2297 5.0347e-01  1025.7029    13.4291    25.5131     7.4393    226.570    8.48005  258.26665     87.727 0.0000e+00
   39.32182  -72.09462     48.937     48.559    13.4052    34.1205      8.204     0.2297 5.0347e-01  1025.8622    13.3984    25.6291     7.4229    226.027    8.45265  257.38339     87.817 -9.990e-29
   39.32182  -72.09462     48.949     48.571    13.3998    34.1205      8.204     0.2297 5.0490e-01  1025.9971    13.3930    25.7090     7.3981    225.240    8.41609  256.23415     87.904 -9.990e-29
   39.32182  -72.09462     48.926     48.548    13.4170    34.1205      8.204     0.2297 5.0490e-01  1025.9862    13.4102    25.6606     7.3719    224.450    8.38388  255.26059     87.930 -9.990e-29
   39.32182  -72.09462     48.937     48.559    13.4196    33.8598      8.204     0.2297 5.0490e-01  1025.7361    13.4128    25.4306     7.3600    224.115    8.36216  254.62967     88.016 -9.990e-29
   39.32182  -72.09462     48.926     48.548    13.3889    33.4476      8.204     0.2297 5.0490e-01  1025.2176    13.3822    25.1218     7.3556    224.010    8.34823  254.24034     88.110 -9.990e-29
   39.32182  -72.09462     48.928     48.551    13.2622    33.1919      8.205     0.2297 5.0490e-01  1025.0440    13.2556    24.9446     7.3534    223.960    8.33619  253.89243     88.211 -9.990e-29
   39.32182  -72.09462     48.926     48.548    13.0993    33.0883      8.206     0.2162 5.0490e-01  1025.2121    13.0927    24.8897     7.3538    223.973    8.32158  253.44811     88.370 -9.990e-29
   39.32182  -72.09462     48.926     48.548    13.0131    32.9291      8.206     0.2162 5.0490e-01  1025.0095    13.0065    24.7902     7.3527    223.953    8.30967  253.10050     88.484 -9.990e-29
   39.32182  -72.09462     48.919     48.541    12.8898    32.7637      8.212     0.2162 5.0633e-01  1024.8134    12.8833    24.6795     7.3631    224.319    8.31050  253.18109     88.600 0.0000e+00
   39.32182  -72.09462     48.916     48.538    12.7019    32.7637      8.212     0.2162 5.0633e-01  1024.8431    12.6955    24.6727     7.3842    225.011    8.32246  253.60248     88.726 -9.990e-29
   39.32182  -72.09462     48.916     48.538    12.5073    32.7637      8.213     0.2162 5.0633e-01  1024.9678    12.5010    24.7563     7.4222    226.206    8.34054  254.19311     88.990 -9.990e-29
   39.32182  -72.09462     48.916     48.538    12.3323    32.8656      8.214     0.2162 5.0777e-01  1025.0899    12.3260    24.8681     7.4543    227.202    8.36134  254.84848     89.152 -9.990e-29
   39.32182  -72.09462     48.919     48.541    12.1801    32.9783      8.215     0.2162 5.0633e-01  1025.1944    12.1739    24.9845     7.4909    228.318    8.38029  255.42660     89.387 -9.990e-29
   39.32182  -72.09462     48.926     48.548    12.0448    33.1104      8.215     0.2162 5.0777e-01  1025.3228    12.0386    25.1119     7.5330    229.602    8.39809  255.96877     89.699 -9.990e-29
   39.32182  -72.09462     48.916     48.538    11.9360    33.2724      8.216     0.2162 5.0777e-01  1025.4633    11.9298    25.2578     7.5781    230.989    8.41843  256.60207     90.019 -9.990e-29
   39.32182  -72.09462     48.919     48.541    11.8541    33.4542      8.216     0.2162 5.0777e-01  1025.6470    11.8479    25.4136     7.6249    232.435    8.44393  257.40070     90.301 -9.990e-29
   39.32182  -72.09462     48.916     48.538    11.8125    33.6066      8.216     0.2162 5.0777e-01  1025.8040    11.8063    25.5403     7.6725    233.883    8.46892  258.16158     90.596 -9.990e-29
   39.32182  -72.09462     48.916     48.538    11.8069    33.6819      8.216     0.2162 5.0777e-01  1025.8514    11.8007    25.6019     7.7183    235.268    8.49043  258.80503     90.905 -9.990e-29
   39.32182  -72.09462     48.916     48.538    11.8089    33.6978      8.216     0.2162 5.0777e-01  1025.8279    11.8027    25.6151     7.7731    236.937    8.50998  259.39734     91.341 -9.990e-29
   39.32182  -72.09462     48.908     48.530    11.8047    33.7247      8.216     0.2162 5.0922e-01  1025.8197    11.7985    25.6365     7.8169    238.269    8.52709  259.91529     91.672 -9.990e-29
   39.32182  -72.09462     48.916     48.538    11.7960    33.8144      8.216     0.2162 5.0922e-01  1025.9024    11.7898    25.7062     7.8632    239.665    8.54060  260.31315     92.068 -9.990e-29
   39.32182  -72.09462     48.905     48.527    11.8050    33.9439      8.216     0.2162 5.0922e-01  1026.0456    11.7988    25.8040     7.9013    240.812    8.55024  260.58831     92.411 -9.990e-29
   39.32182  -72.09462     48.908     48.530    11.8489    34.0377      8.216     0.2162 5.1067e-01  1026.1313    11.8427    25.8697     7.9491    242.262    8.56401  261.00395     92.819 -9.990e-29
   39.32182  -72.09462     48.895     48.518    11.9111    34.0485      8.216     0.2162 5.1067e-01  1026.1126    11.9048    25.8725     8.0007    243.842    8.58597  261.67910     93.184 -9.990e-29
   39.32182  -72.09462     48.905     48.527    11.9755    34.0544      8.215     0.2162 5.1067e-01  1026.0270    11.9692    25.8571     8.0556    245.524    8.61137  262.46453     93.546 -9.990e-29
   39.32182  -72.09462     48.895     48.518    12.0154    34.1160      8.215     0.2162 5.1067e-01  1026.0744    12.0091    25.8988     8.1084    247.138    8.63427  263.16526     93.910 -9.990e-29
   39.32182  -72.09462     48.898     48.521    12.0784    34.2066      8.215     0.2162 5.1212e-01  1026.2503    12.0721    25.9806     8.1567    248.611    8.65320  263.74452     94.262 -9.990e-29
   39.32182  -72.09462     48.895     48.518    12.1899    34.2066      8.215     0.2162 5.1212e-01  1026.2875    12.1836    26.0004     8.2008    249.965    8.66851  264.22122     94.605 0.0000e+00
   39.32182  -72.09462     48.885     48.508    12.2843    34.2066      8.214     0.2162 5.1212e-01  1026.1526    12.2779    25.9239     8.2401    251.162    8.68515  264.72746     94.876 -9.990e-29
   39.32182  -72.09462     48.898     48.521    12.3238    34.0454      8.214     0.2162 5.1357e-01  1026.0377    12.3174    25.7892     8.2811    252.407    8.70444  265.30945     95.137 -9.990e-29
   39.32182  -72.09462     48.885     48.508    12.3502    33.8293      8.214     0.1894 5.1212e-01  1025.8407    12.3438    25.6180     8.3188    253.567    8.72209  265.85912     95.377 0.0000e+00
   39.32182  -72.09462     48.874     48.497    12.3377    33.6168      8.214     0.1759 5.1295e-01  1025.6151    12.3313    25.4562     8.3518    254.583    8.73684  266.31890     95.593 -9.990e-29
   39.32182  -72.09462     48.895     48.518    12.2710    33.4945      8.214     0.1759 5.1295e-01  1025.5449    12.2647    25.3708     8.3784    255.390    8.75109  266.75076     95.741 -9.990e-29
   39.32182  -72.09462     48.877     48.500    12.1996    33.4716      8.215     0.1894 5.1295e-01  1025.5728    12.1933    25.3589     8.4077    256.278    8.76487  267.16423     95.925 0.0000e+00
   39.32182  -72.09462     48.865     48.488    12.1325    33.4716      8.215     0.1759 5.1295e-01  1025.5930    12.1262    25.3709     8.4292    256.926    8.77805  267.55911     96.026 -9.990e-29
   39.32182  -72.09462     48.874     48.497    12.0687    33.4716      8.215     0.1759 5.1441e-01  1025.5905    12.0625    25.3900     8.4419    257.303    8.78981  267.90891     96.041 -9.990e-29
   39.32182  -72.09462     48.857     48.479    12.0065    33.5471      8.215     0.1894 5.1441e-01  1025.6058    12.0003    25.4593     8.4570    257.754    8.80103  268.24053     96.091 0.0000e+00
   39.32182  -72.09462     48.854     48.477    11.9492    33.7603      8.216     0.1759 5.1441e-01  1025.7988    11.9430    25.6313     8.4696    258.130    8.81106  268.53502     96.125 -9.990e-29
   39.32182  -72.09462     48.854     48.477    11.9591    34.0508      8.216     0.1759 5.1441e-01  1026.1412    11.9528    25.8540     8.4718    258.181    8.81813  268.73594     96.072 -9.990e-29
   39.32182  -72.09462     48.857     48.479    12.0559    34.2918      8.215     0.1759 5.1524e-01  1026.2599    12.0496    26.0282     8.4753    258.273    8.82314  268.87469     96.057 -9.990e-29
   39.32182  -72.09462     48.823     48.447    12.1503    34.5105      8.220     0.1759 5.1524e-01  1026.3485    12.1439    26.1798     8.4763    258.297    8.82786  269.01138     96.017 -9.990e-29
   39.32182  -72.09462     48.834     48.458    12.2484    34.7596      8.214     0.1759 5.1524e-01  1026.6139    12.2420    26.3501     8.4651    257.953    8.83273  269.15711     95.837 -9.990e-29
   39.32182  -72.09462     48.834     48.458    12.4241    34.9111      8.219     0.1759 5.1524e-01  1026.7519    12.4176    26.4668     8.4563    257.682    8.83697  269.28326     95.692 -9.990e-29
   39.32182  -72.09462     48.816     48.440    12.6225    34.9111      8.213     0.1759 5.1524e-01  1026.7424    12.6159    26.4685     8.4450    257.337    8.84050  269.38779     95.527 -9.990e-29
   39.32182  -72.09462     48.814     48.437    12.7897    34.9111      8.217     0.1759 5.1524e-01  1026.6120    12.7831    26.3714     8.4320    256.938    8.84393  269.49052     95.342 -9.990e-29
   39.32182  -72.09462     48.803     48.426    12.9103    34.7687      8.217     0.1759 5.1671e-01  1026.4280    12.9037    26.2364     8.4171    256.483    8.84715  269.58838     95.139 0.0000e+00
   39.32182  -72.09462     48.796     48.419    12.9941    34.7687      8.216     0.1759 5.1524e-01  1026.2981    12.9874    26.1453     8.4009    255.991    8.84999  269.67454     94.926 0.0000e+00
   39.32182  -72.09462     48.793     48.416    13.0602    34.7687      8.216     0.1759 5.1671e-01  1026.3082    13.0536    26.1621     8.3769    255.257    8.85189  269.72926     94.634 0.0000e+00
   39.32182  -72.09462     48.783     48.407    13.1351    34.8815      8.216     0.1759 5.1608e-01  1026.5034    13.1284    26.2696     8.3558    254.608    8.85316  269.76406     94.382 0.0000e+00
   39.32182  -72.09462     48.754     48.378    13.2789    34.9997      8.215     0.1759 5.1608e-01  1026.6463    13.2721    26.3614     8.3276    253.750    8.85442  269.80182     94.051 -9.990e-29
   39.32182  -72.09462     48.783     48.407    13.4629    34.9997      8.214     0.1759 5.1754e-01  1026.6183    13.4560    26.3565     8.3033    253.010    8.85587  269.84696     93.761 -9.990e-29
   39.32182  -72.09462     48.752     48.375    13.6253    34.9997      8.214     0.1759 5.1754e-01  1026.4958    13.6184    26.2697     8.2764    252.190    8.85659  269.86821     93.449 0.0000e+00
   39.32182  -72.09462     48.742     48.366    13.7530    34.8958      8.213     0.1759 5.1902e-01  1026.3539    13.7461    26.1629     8.2419    251.134    8.85626  269.85407     93.063 0.0000e+00
