CalculateIndicators/WaterTemperature/Data/CTD_NYOS/20240426_C06.cnv
* Sea-Bird SBE 9 Data File:
* FileName = C:\Seabird 9 CTD\Data\2024\202404_offshore\20240426_C06.hex
* Software Version Seasave V 7.23.2
* Temperature SN = 4590
* Conductivity SN = 3228
* Number of Bytes Per Scan = 44
* Number of Voltage Words = 5
* Number of Scans Averaged by the Deck Unit = 1
* NMEA Latitude = 40 04.74 N
* NMEA Longitude = 073 04.17 W
* NMEA UTC (Time) = Apr 26 2024  16:22:05
* NMEA baud rate = 4800
** Ship: Seawolf
** Station: 8.3
** Operator: TCM
# nquan = 18
# nvalues = 12480                       
# units = specified
# name 0 = latitude: Latitude [deg]
# name 1 = longitude: Longitude [deg]
# name 2 = prDM: Pressure, Digiquartz [db]
# name 3 = depSM: Depth [salt water, m]
# name 4 = t090C: Temperature [ITS-90, deg C]
# name 5 = sal00: Salinity, Practical [PSU]
# name 6 = ph: pH
# name 7 = flECO-AFL: Fluorescence, WET Labs ECO-AFL/FL [mg/m^3]
# name 8 = cpar: CPAR/Corrected Irradiance [%]
# name 9 = density00: Density [density, kg/m^3]
# name 10 = potemp090C: Potential Temperature [ITS-90, deg C]
# name 11 = sigma-é00: Density [sigma-theta, kg/m^3]
# name 12 = sbeox0Mg/L: Oxygen, SBE 43 [mg/l]
# name 13 = sbox0Mm/Kg: Oxygen, SBE 43 [umol/kg]
# name 14 = oxsolMg/L: Oxygen Saturation, Garcia & Gordon [mg/l]
# name 15 = oxsolMm/Kg: Oxygen Saturation, Garcia & Gordon [umol/kg]
# name 16 = sbeox0PS: Oxygen, SBE 43 [% saturation]
# name 17 = flag:  0.000e+00
# span 0 =   40.07888,   40.07910       
# span 1 =  -73.06990,  -73.06962       
# span 2 =      1.218,     39.089       
# span 3 =      1.208,     38.785       
# span 4 =     6.2760,     8.8414       
# span 5 =    30.5086,    31.6428       
# span 6 =      7.867,      8.127       
# span 7 =    -0.5762,     4.0709       
# span 8 = 1.2309e-01, 1.5345e+02       
# span 9 =  1023.5704,  1025.0452       
# span 10 =     6.2737,     8.8412      
# span 11 =    23.6276,    24.8646      
# span 12 =     8.2921,    10.1804      
# span 13 =    252.846,    310.729      
# span 14 =    9.52058,   10.04090      
# span 15 =  290.62320,  306.20617      
# span 16 =     82.732,    106.047      
# span 17 = 0.0000e+00, 0.0000e+00      
# interval = seconds: 0.0416667
# start_time = Apr 26 2024 16:22:07 [System UTC, first data scan.]
# bad_flag = -9.990e-29
*END*
[from data line 5870]
   40.07902  -73.06976     24.333     24.145     6.4170    31.3847      7.899     3.0368 1.2522e+00  1024.7588     6.4150    24.6466     8.5908    262.010   10.01415  305.41929     85.787 -9.990e-29
   40.07902  -73.06976     24.349     24.161     6.4170    31.3850      7.899     3.0905 1.2522e+00  1024.7593     6.4150    24.6467     8.5898    261.979   10.01413  305.41877     85.777 -9.990e-29
   40.07902  -73.06976     24.360     24.172     6.4168    31.3850      7.899     3.1039 1.2452e+00  1024.7592     6.4148    24.6467     8.5953    262.147   10.01411  305.41819     85.832 -9.990e-29
   40.07902  -73.06976     24.384     24.195     6.4168    31.3849      7.899     3.1039 1.2417e+00  1024.7590     6.4148    24.6467     8.5887    261.946   10.01409  305.41755     85.766 -9.990e-29
   40.07902  -73.06976     24.400     24.212     6.4163    31.3850      7.899     3.1039 1.2382e+00  1024.7595     6.4143    24.6468     8.5877    261.914   10.01408  305.41738     85.756 -9.990e-29
   40.07902  -73.06976     24.411     24.223     6.4163    31.3851      7.899     3.0905 1.2347e+00  1024.7595     6.4143    24.6470     8.5866    261.881   10.01401  305.41532     85.746 -9.990e-29
   40.07902  -73.06976     24.414     24.225     6.4157    31.3853      7.899     3.0905 1.2323e+00  1024.7599     6.4137    24.6471     8.5866    261.882   10.01407  305.41681     85.746 -9.990e-29
   40.07902  -73.06976     24.421     24.232     6.4157    31.3854      7.899     3.1039 1.2333e+00  1024.7597     6.4137    24.6472     8.5856    261.851   10.01406  305.41664     85.736 -9.990e-29
   40.07902  -73.06976     24.446     24.257     6.4152    31.3856      7.899     3.0905 1.2288e+00  1024.7603     6.4132    24.6474     8.5846    261.821   10.01405  305.41627     85.726 -9.990e-29
   40.07902  -73.06976     24.442     24.253     6.4152    31.3858      7.899     3.1039 1.2288e+00  1024.7604     6.4132    24.6476     8.5837    261.791   10.01407  305.41685     85.716 -9.990e-29
   40.07902  -73.06976     24.461     24.272     6.4149    31.3859      7.899     3.0905 1.2243e+00  1024.7607     6.4129    24.6477     8.5826    261.760   10.01403  305.41582     85.706 -9.990e-29
   40.07902  -73.06976     24.455     24.266     6.4147    31.3859      7.899     3.0905 1.2264e+00  1024.7607     6.4127    24.6477     8.5816    261.729   10.01401  305.41505     85.696 -9.990e-29
   40.07902  -73.06976     24.472     24.283     6.4146    31.3859      7.899     3.0905 1.2296e+00  1024.7605     6.4125    24.6477     8.5806    261.699   10.01400  305.41477     85.686 -9.990e-29
   40.07902  -73.06976     24.481     24.292     6.4149    31.3859      7.899     3.0905 1.2327e+00  1024.7606     6.4129    24.6477     8.5796    261.667   10.01395  305.41348     85.676 -9.990e-29
   40.07902  -73.06976     24.476     24.287     6.4146    31.3862      7.899     3.1039 1.2282e+00  1024.7609     6.4125    24.6480     8.5786    261.638   10.01398  305.41424     85.666 -9.990e-29
   40.07902  -73.06976     24.492     24.303     6.4139    31.3864      7.899     3.0905 1.2296e+00  1024.7614     6.4119    24.6482     8.5786    261.637   10.01393  305.41289     85.667 -9.990e-29
   40.07902  -73.06976     24.497     24.307     6.4139    31.3865      7.899     3.1039 1.2240e+00  1024.7614     6.4119    24.6483     8.5787    261.639   10.01392  305.41243     85.667 -9.990e-29
   40.07902  -73.06976     24.492     24.303     6.4139    31.3866      7.899     3.0905 1.2230e+00  1024.7612     6.4119    24.6484     8.5788    261.643   10.01396  305.41358     85.668 -9.990e-29
   40.07902  -73.06976     24.502     24.313     6.4136    31.3868      7.899     3.0905 1.2230e+00  1024.7618     6.4116    24.6486     8.5789    261.647   10.01397  305.41386     85.670 -9.990e-29
   40.07902  -73.06976     24.497     24.307     6.4134    31.3869      7.899     3.1039 1.2219e+00  1024.7617     6.4114    24.6487     8.5791    261.653   10.01395  305.41339     85.672 -9.990e-29
   40.07902  -73.06976     24.502     24.313     6.4133    31.3868      7.899     3.0905 1.2219e+00  1024.7617     6.4113    24.6486     8.5794    261.660   10.01398  305.41404     85.674 -9.990e-29
   40.07902  -73.06976     24.512     24.322     6.4133    31.3868      7.899     3.1039 1.2185e+00  1024.7616     6.4112    24.6486     8.5796    261.668   10.01394  305.41306     85.677 -9.990e-29
   40.07902  -73.06976     24.506     24.317     6.4133    31.3869      7.899     3.0905 1.2174e+00  1024.7619     6.4112    24.6487     8.5799    261.676   10.01393  305.41259     85.680 -9.990e-29
   40.07902  -73.06976     24.502     24.313     6.4134    31.3869      7.899     3.0905 1.2174e+00  1024.7617     6.4114    24.6487     8.5737    261.488   10.01389  305.41144     85.618 -9.990e-29
   40.07902  -73.06976     24.512     24.322     6.4131    31.3869      7.899     2.9562 1.2174e+00  1024.7619     6.4111    24.6487     8.5797    261.669   10.01388  305.41133     85.678 -9.990e-29
   40.07902  -73.06976     24.497     24.307     6.4133    31.3868      7.899     2.4324 1.2174e+00  1024.7617     6.4113    24.6486     8.5736    261.486   10.01390  305.41182     85.617 -9.990e-29
   40.07902  -73.06976     24.502     24.313     6.4134    31.3868      7.899     2.2443 1.2174e+00  1024.7616     6.4114    24.6486     8.5732    261.471   10.01383  305.40971     85.613 -9.990e-29
   40.07902  -73.06976     24.506     24.317     6.4131    31.3869      7.899     2.2443 1.2140e+00  1024.7619     6.4111    24.6487     8.5728    261.459   10.01378  305.40843     85.610 -9.990e-29
   40.07902  -73.06976     24.492     24.303     6.4134    31.3870      7.899     2.2712 1.2106e+00  1024.7618     6.4114    24.6487     8.5715    261.421   10.01379  305.40873     85.597 -9.990e-29
   40.07902  -73.06976     24.502     24.313     6.4134    31.3870      7.899     2.2712 1.2106e+00  1024.7619     6.4114    24.6487     8.5778    261.612   10.01380  305.40886     85.660 -9.990e-29
   40.07902  -73.06976     24.486     24.296     6.4136    31.3870      7.899     2.2712 1.2106e+00  1024.7615     6.4116    24.6487     8.5721    261.438   10.01377  305.40812     85.603 -9.990e-29
   40.07902  -73.06976     24.481     24.292     6.4136    31.3871      7.899     2.2712 1.2072e+00  1024.7619     6.4116    24.6488     8.5720    261.435   10.01378  305.40838     85.602 -9.990e-29
   40.07902  -73.06976     24.481     24.292     6.4136    31.3870      7.899     2.2712 1.2072e+00  1024.7618     6.4115    24.6487     8.5709    261.403   10.01375  305.40748     85.591 -9.990e-29
   40.07902  -73.06976     24.476     24.287     6.4141    31.3868      7.899     2.2712 1.2072e+00  1024.7612     6.4121    24.6486     8.5699    261.373   10.01378  305.40819     85.582 -9.990e-29
   40.07902  -73.06976     24.461     24.272     6.4142    31.3870      7.899     2.2712 1.2072e+00  1024.7617     6.4122    24.6488     8.5690    261.345   10.01378  305.40853     85.572 -9.990e-29
   40.07902  -73.06976     24.465     24.276     6.4142    31.3872      7.899     2.2712 1.2038e+00  1024.7619     6.4122    24.6489     8.5746    261.515   10.01378  305.40836     85.628 -9.990e-29
   40.07902  -73.06976     24.442     24.253     6.4147    31.3870      7.899     2.2712 1.2038e+00  1024.7615     6.4127    24.6487     8.5747    261.517   10.01376  305.40759     85.629 -9.990e-29
   40.07902  -73.06976     24.451     24.262     6.4155    31.3867      7.899     2.2712 1.2004e+00  1024.7612     6.4135    24.6483     8.5757    261.550   10.01377  305.40788     85.640 -9.990e-29
   40.07902  -73.06976     24.425     24.236     6.4161    31.3863      7.899     2.2712 1.2004e+00  1024.7606     6.4141    24.6479     8.5694    261.355   10.01376  305.40758     85.576 -9.990e-29
   40.07902  -73.06976     24.421     24.232     6.4168    31.3860      7.899     2.2712 1.1970e+00  1024.7603     6.4148    24.6476     8.5695    261.361   10.01376  305.40786     85.578 -9.990e-29
   40.07902  -73.06976     24.421     24.232     6.4170    31.3858      7.899     2.2712 1.1970e+00  1024.7601     6.4149    24.6474     8.5698    261.368   10.01371  305.40623     85.580 -9.990e-29
   40.07902  -73.06976     24.404     24.216     6.4174    31.3854      7.899     2.2712 1.1936e+00  1024.7597     6.4154    24.6470     8.5702    261.380   10.01374  305.40709     85.584 -9.990e-29
   40.07902  -73.06976     24.400     24.212     6.4181    31.3851      7.899     2.2712 1.1936e+00  1024.7592     6.4161    24.6467     8.5771    261.592   10.01376  305.40784     85.653 -9.990e-29
   40.07902  -73.06976     24.384     24.195     6.4182    31.3850      7.899     2.2712 1.1936e+00  1024.7590     6.4162    24.6466     8.5720    261.436   10.01370  305.40585     85.603 -9.990e-29
   40.07902  -73.06976     24.380     24.191     6.4181    31.3849      7.899     2.2712 1.1936e+00  1024.7593     6.4161    24.6465     8.5726    261.453   10.01371  305.40614     85.608 -9.990e-29
   40.07902  -73.06976     24.360     24.172     6.4184    31.3846      7.899     2.2712 1.1936e+00  1024.7586     6.4164    24.6462     8.5722    261.443   10.01373  305.40680     85.605 -9.990e-29
   40.07902  -73.06976     24.353     24.165     6.4187    31.3843      7.899     2.2712 1.1970e+00  1024.7582     6.4167    24.6460     8.5718    261.431   10.01366  305.40473     85.601 -9.990e-29
   40.07902  -73.06976     24.340     24.152     6.4194    31.3843      7.899     2.2712 1.1970e+00  1024.7581     6.4174    24.6459     8.5715    261.422   10.01367  305.40495     85.598 -9.990e-29
   40.07902  -73.06976     24.329     24.141     6.4195    31.3844      7.899     2.2712 1.2004e+00  1024.7584     6.4175    24.6459     8.5713    261.415   10.01367  305.40496     85.596 -9.990e-29
   40.07902  -73.06976     24.323     24.135     6.4197    31.3842      7.899     2.3518 1.2038e+00  1024.7581     6.4177    24.6457     8.5711    261.407   10.01363  305.40378     85.594 -9.990e-29
   40.07902  -73.06976     24.309     24.121     6.4199    31.3839      7.899     2.4055 1.2072e+00  1024.7578     6.4179    24.6455     8.5709    261.403   10.01366  305.40466     85.592 -9.990e-29
   40.07902  -73.06976     24.293     24.105     6.4202    31.3835      7.899     2.4055 1.2072e+00  1024.7571     6.4182    24.6452     8.5653    261.232   10.01365  305.40435     85.536 -9.990e-29
   40.07902  -73.06976     24.279     24.091     6.4202    31.3834      7.899     2.4055 1.2106e+00  1024.7571     6.4182    24.6451     8.5708    261.400   10.01362  305.40348     85.592 -9.990e-29
   40.07902  -73.06976     24.268     24.080     6.4205    31.3836      7.899     2.4055 1.2174e+00  1024.7570     6.4185    24.6452     8.5709    261.402   10.01366  305.40481     85.592 -9.990e-29
   40.07902  -73.06976     24.262     24.075     6.4200    31.3840      7.899     2.4055 1.2174e+00  1024.7577     6.4180    24.6455     8.5710    261.406   10.01369  305.40569     85.593 -9.990e-29
   40.07902  -73.06976     24.238     24.050     6.4200    31.3841      7.899     2.4055 1.2209e+00  1024.7577     6.4180    24.6456     8.5711    261.408   10.01364  305.40425     85.594 -9.990e-29
   40.07902  -73.06976     24.232     24.045     6.4202    31.3839      7.899     2.4055 1.2312e+00  1024.7573     6.4182    24.6455     8.5648    261.215   10.01363  305.40366     85.531 -9.990e-29
   40.07902  -73.06976     24.207     24.020     6.4202    31.3837      7.899     2.4055 1.2347e+00  1024.7569     6.4182    24.6453     8.5705    261.391   10.01364  305.40398     85.589 -9.990e-29
   40.07902  -73.06976     24.198     24.011     6.4204    31.3837      7.899     2.4055 1.2382e+00  1024.7569     6.4184    24.6453     8.5708    261.399   10.01362  305.40351     85.591 -9.990e-29
   40.07902  -73.06976     24.181     23.994     6.4204    31.3837      7.899     2.4055 1.2487e+00  1024.7571     6.4184    24.6453     8.5712    261.411   10.01364  305.40414     85.595 -9.990e-29
   40.07902  -73.06976     24.177     23.990     6.4205    31.3836      7.899     2.4055 1.2558e+00  1024.7568     6.4185    24.6452     8.5715    261.422   10.01364  305.40429     85.599 -9.990e-29
   40.07902  -73.06976     24.151     23.964     6.4207    31.3835 -9.990e-29     2.4055 1.2558e+00  1024.7566     6.4187    24.6451     8.5720    261.436   10.01367  305.40502     85.603 -9.990e-29
   40.07902  -73.06976     24.147     23.960     6.4207    31.3834      7.899     2.4055 1.2700e+00  1024.7563     6.4187    24.6451     8.5724    261.448   10.01361  305.40335     85.607 -9.990e-29
   40.07902  -73.06976     24.126     23.940     6.4208    31.3834      7.899     2.4055 1.2808e+00  1024.7563     6.4189    24.6451     8.5794    261.663   10.01365  305.40444     85.677 -9.990e-29
   40.07902  -73.06976     24.119     23.933     6.4208    31.3835      7.899     2.4055 1.2772e+00  1024.7565     6.4189    24.6451     8.5744    261.509   10.01364  305.40419     85.627 -9.990e-29
   40.07902  -73.06976     24.096     23.910     6.4207    31.3835      7.899     2.4055 1.2917e+00  1024.7563     6.4187    24.6451     8.5749    261.525   10.01361  305.40329     85.633 -9.990e-29
   40.07902  -73.06976     24.079     23.893     6.4207    31.3835 -9.990e-29     2.4055 1.2990e+00  1024.7561     6.4187    24.6451     8.5755    261.541   10.01357  305.40223     85.638 -9.990e-29
   40.07902  -73.06976     24.066     23.880     6.4207    31.3836      7.899     2.4055 1.3027e+00  1024.7562     6.4187    24.6452     8.5827    261.761   10.01365  305.40450     85.710 -9.990e-29
   40.07902  -73.06976     24.049     23.863     6.4205    31.3838      7.899     2.4055 1.3137e+00  1024.7564     6.4185    24.6454     8.5776    261.608   10.01353  305.40100     85.661 -9.990e-29
   40.07902  -73.06976     24.035     23.850     6.4207    31.3838      7.899     2.4055 1.3249e+00  1024.7562     6.4187    24.6454     8.5784    261.631   10.01363  305.40366     85.667 -9.990e-29
   40.07902  -73.06976     24.015     23.829     6.4207    31.3838      7.899     2.4055 1.3249e+00  1024.7563     6.4187    24.6453     8.5791    261.653   10.01362  305.40378     85.674 -9.990e-29
   40.07902  -73.06976     24.008     23.822     6.4210    31.3837      7.899     2.4055 1.3361e+00  1024.7559     6.4190    24.6452     8.5799    261.676   10.01363  305.40409     85.682 -9.990e-29
   40.07902  -73.06976     23.994     23.809     6.4210    31.3836      7.899     2.4055 1.3475e+00  1024.7558     6.4191    24.6452     8.5797    261.672   10.01372  305.40652     85.680 -9.990e-29
   40.07902  -73.06976     23.968     23.783     6.4208    31.3836 -9.990e-29     2.5129 1.3513e+00  1024.7560     6.4189    24.6452     8.5806    261.698   10.01377  305.40803     85.688 -9.990e-29
   40.07902  -73.06976     23.964     23.779     6.4213    31.3834      7.899     2.6473 1.3589e+00  1024.7554     6.4193    24.6450     8.5805    261.694   10.01382  305.40947     85.686 -9.990e-29
   40.07902  -73.06976     23.947     23.762     6.4215    31.3832      7.899     2.6875 1.3705e+00  1024.7553     6.4195    24.6448     8.5803    261.688   10.01382  305.40949     85.684 -9.990e-29
   40.07902  -73.06976     23.943     23.758     6.4215    31.3831      7.899     2.6875 1.3755e+00  1024.7552     6.4195    24.6447     8.5800    261.680   10.01375  305.40721     85.682 -9.990e-29
   40.07902  -73.06976     23.922     23.738     6.4215    31.3831      7.899     2.6741 1.3794e+00  1024.7551     6.4195    24.6446     8.5799    261.676   10.01378  305.40845     85.681 -9.990e-29
   40.07902  -73.06976     23.906     23.721     6.4217    31.3831 -9.990e-29     2.6741 1.3911e+00  1024.7549     6.4197    24.6446     8.5807    261.701   10.01377  305.40801     85.689 -9.990e-29
