CalculateIndicators/WaterTemperature/Data/CTD_NYOS/20240429_C34.cnv
* Sea-Bird SBE 9 Data File:
* FileName = C:\Seabird 9 CTD\Data\2024\202404_offshore\20240429_C34.hex
* Software Version Seasave V 7.23.2
* Temperature SN = 4590
* Conductivity SN = 3228
* Number of Bytes Per Scan = 44
* Number of Voltage Words = 5
* Number of Scans Averaged by the Deck Unit = 1
* NMEA Latitude = 40 41.11 N
* NMEA Longitude = 072 04.13 W
* NMEA UTC (Time) = Apr 29 2024  23:00:46
* NMEA baud rate = 4800
** Ship: Seawolf
** Station: 11.2
** Operator: TDK
# nquan = 18
# nvalues = 13541                       
# units = specified
# name 0 = latitude: Latitude [deg]
# name 1 = longitude: Longitude [deg]
# name 2 = prDM: Pressure, Digiquartz [db]
# name 3 = depSM: Depth [salt water, m]
# name 4 = t090C: Temperature [ITS-90, deg C]
# name 5 = sal00: Salinity, Practical [PSU]
# name 6 = ph: pH
# name 7 = flECO-AFL: Fluorescence, WET Labs ECO-AFL/FL [mg/m^3]
# name 8 = cpar: CPAR/Corrected Irradiance [%]
# name 9 = density00: Density [density, kg/m^3]
# name 10 = potemp090C: Potential Temperature [ITS-90, deg C]
# name 11 = sigma-é00: Density [sigma-theta, kg/m^3]
# name 12 = sbeox0Mg/L: Oxygen, SBE 43 [mg/l]
# name 13 = sbox0Mm/Kg: Oxygen, SBE 43 [umol/kg]
# name 14 = oxsolMg/L: Oxygen Saturation, Garcia & Gordon [mg/l]
# name 15 = oxsolMm/Kg: Oxygen Saturation, Garcia & Gordon [umol/kg]
# name 16 = sbeox0PS: Oxygen, SBE 43 [% saturation]
# name 17 = flag:  0.000e+00
# span 0 =   40.68522,   40.68670       
# span 1 =  -72.07206,  -72.06882       
# span 2 =      1.264,     44.580       
# span 3 =      1.255,     44.231       
# span 4 =     5.8869,    10.2131       
# span 5 =    29.1194,    31.7475       
# span 6 =      7.887,      8.077       
# span 7 =     0.0416,     4.3530       
# span 8 = 3.8954e-13, 3.3420e+01       
# span 9 =  1022.3454,  1025.1975       
# span 10 =     5.8839,    10.2129      
# span 11 =    22.3499,    24.9920      
# span 12 =     8.9890,    10.8126      
# span 13 =    274.061,    330.085      
# span 14 =    9.32558,   10.11972      
# span 15 =  285.05658,  308.54779      
# span 16 =     88.942,    112.869      
# span 17 = 0.0000e+00, 0.0000e+00      
# interval = seconds: 0.0416667
# start_time = Apr 29 2024 23:00:43 [System UTC, first data scan.]
# bad_flag = -9.990e-29
*END*
[from data line 8684]
   40.68616  -72.07090     18.650     18.505     7.6588    31.4144      8.015     0.2968 2.1504e-01  1024.5929     7.6571    24.5071     9.9813    304.458    9.72412  296.61369    102.645 -9.990e-29
   40.68616  -72.07090     18.661     18.516     7.6588    31.4161      8.015     0.2968 2.1645e-01  1024.5936     7.6571    24.5085     9.9802    304.426    9.72395  296.60886    102.635 -9.990e-29
   40.68616  -72.07090     18.680     18.535     7.6590    31.4182      8.015     0.2968 2.1786e-01  1024.5957     7.6573    24.5101     9.9850    304.571    9.72391  296.60784    102.685 -9.990e-29
   40.68616  -72.07090     18.680     18.535     7.6600    31.4200      8.015     0.2968 2.1786e-01  1024.5981     7.6583    24.5113     9.9776    304.345    9.72393  296.60852    102.608 -9.990e-29
   40.68616  -72.07090     18.680     18.535     7.6620    31.4201      8.015     0.2968 2.1786e-01  1024.5974     7.6603    24.5112     9.9811    304.452    9.72386  296.60640    102.645 -9.990e-29
   40.68616  -72.07090     18.691     18.546     7.6632    31.4192      8.015     0.2968 2.1715e-01  1024.5955     7.6615    24.5103     9.9795    304.405    9.72382  296.60487    102.630 -9.990e-29
   40.68616  -72.07090     18.711     18.565     7.6637    31.4184      8.015     0.2968 2.1715e-01  1024.5954     7.6620    24.5095     9.9773    304.336    9.72366  296.60003    102.608 -9.990e-29
   40.68616  -72.07090     18.711     18.565     7.6644    31.4172      8.015     0.2968 2.1645e-01  1024.5952     7.6626    24.5085     9.9816    304.468    9.72351  296.59529    102.654 -9.990e-29
   40.68616  -72.07090     18.711     18.565     7.6655    31.4148      8.015     0.2968 2.1575e-01  1024.5923     7.6638    24.5065     9.9801    304.424    9.72351  296.59587    102.639 -9.990e-29
   40.68616  -72.07090     18.722     18.576     7.6656    31.4124      8.015     0.2968 2.1504e-01  1024.5896     7.6639    24.5047     9.9783    304.369    9.72371  296.60241    102.618 -9.990e-29
   40.68616  -72.07090     18.722     18.576     7.6645    31.4119      8.015     0.2968 2.1575e-01  1024.5891     7.6628    24.5044     9.9768    304.324    9.72392  296.60907    102.601 -9.990e-29
   40.68616  -72.07090     18.742     18.597     7.6627    31.4133      8.015     0.2834 2.1824e-01  1024.5916     7.6610    24.5056     9.9748    304.262    9.72412  296.61475    102.578 -9.990e-29
   40.68616  -72.07090     18.722     18.576     7.6620    31.4151      8.015     0.2834 2.1824e-01  1024.5935     7.6603    24.5072     9.9722    304.180    9.72424  296.61839    102.549 -9.990e-29
   40.68616  -72.07090     18.731     18.586     7.6619    31.4160      8.015     0.2834 2.1895e-01  1024.5945     7.6602    24.5079     9.9696    304.102    9.72415  296.61503    102.524 -9.990e-29
   40.68616  -72.07090     18.742     18.597     7.6622    31.4161      8.015     0.2834 2.1895e-01  1024.5936     7.6605    24.5079     9.9727    304.196    9.72398  296.60920    102.558 -9.990e-29
   40.68616  -72.07090     18.742     18.597     7.6619    31.4165      8.015     0.2834 2.1895e-01  1024.5936     7.6602    24.5083     9.9708    304.138    9.72381  296.60403    102.540 -9.990e-29
   40.68616  -72.07090     18.742     18.597     7.6624    31.4179 -9.990e-29     0.2834 2.2149e-01  1024.5955     7.6607    24.5093     9.9694    304.096    9.72378  296.60288    102.526 -9.990e-29
   40.68616  -72.07090     18.742     18.597     7.6634    31.4193 -9.990e-29     0.2834 2.2221e-01  1024.5965     7.6616    24.5103     9.9676    304.039    9.72368  296.59997    102.508 -9.990e-29
   40.68616  -72.07090     18.742     18.597     7.6647    31.4202 -9.990e-29     0.2834 2.2221e-01  1024.5969     7.6630    24.5109     9.9649    303.958    9.72333  296.58880    102.485 -9.990e-29
   40.68616  -72.07090     18.752     18.606     7.6660    31.4207 -9.990e-29     0.2834 2.2408e-01  1024.5973     7.6643    24.5111     9.9615    303.853    9.72275  296.57055    102.456 -9.990e-29
   40.68616  -72.07090     18.742     18.597     7.6679    31.4208 -9.990e-29     0.2834 2.2335e-01  1024.5969     7.6662    24.5110     9.9646    303.949    9.72205  296.54908    102.495 -9.990e-29
   40.68616  -72.07090     18.731     18.586     7.6690    31.4210 -9.990e-29     0.2834 2.2452e-01  1024.5963     7.6673    24.5109     9.9620    303.869    9.72143  296.53017    102.475 -9.990e-29
   40.68616  -72.07090     18.731     18.586     7.6702    31.4218 -9.990e-29     0.2834 2.2452e-01  1024.5971     7.6685    24.5114     9.9526    303.583    9.72076  296.50956    102.385 -9.990e-29
   40.68616  -72.07090     18.722     18.576     7.6715    31.4229 -9.990e-29     0.2834 2.2791e-01  1024.5984     7.6698    24.5119     9.9552    303.661    9.72002  296.48695    102.420 -9.990e-29
   40.68616  -72.07090     18.722     18.576     7.6733    31.4229 -9.990e-29     0.2834 2.2791e-01  1024.5982     7.6716    24.5117     9.9582    303.753    9.71925  296.46373    102.459 -9.990e-29
   40.68616  -72.07090     18.711     18.565     7.6756    31.4218 -9.990e-29     0.2834 2.3062e-01  1024.5963     7.6739    24.5106     9.9504    303.515    9.71876  296.44914    102.384 -9.990e-29
   40.68616  -72.07090     18.711     18.565     7.6766    31.4205 -9.990e-29     0.2834 2.2988e-01  1024.5952     7.6749    24.5095     9.9476    303.429    9.71829  296.43555    102.359 -9.990e-29
   40.68616  -72.07090     18.701     18.556     7.6777    31.4195 -9.990e-29     0.2834 2.3188e-01  1024.5939     7.6760    24.5086     9.9516    303.551    9.71794  296.42510    102.404 -9.990e-29
   40.68616  -72.07090     18.691     18.546     7.6775    31.4190 -9.990e-29     0.2834 2.3188e-01  1024.5937     7.6758    24.5082     9.9499    303.500    9.71759  296.41504    102.390 -9.990e-29
   40.68616  -72.07090     18.671     18.526     7.6770    31.4190 -9.990e-29     0.2834 2.3467e-01  1024.5936     7.6753    24.5082     9.9543    303.637    9.71758  296.41486    102.436 -9.990e-29
   40.68616  -72.07090     18.690     18.545     7.6769    31.4194 -9.990e-29     0.2834 2.3907e-01  1024.5942     7.6752    24.5085     9.9528    303.590    9.71735  296.40786    102.423 -9.990e-29
   40.68616  -72.07090     18.671     18.526     7.6766    31.4198 -9.990e-29     0.2834 2.3907e-01  1024.5948     7.6749    24.5089     9.9519    303.561    9.71722  296.40430    102.415 -9.990e-29
   40.68616  -72.07090     18.661     18.516     7.6769    31.4198 -9.990e-29     0.2834 2.4120e-01  1024.5945     7.6752    24.5089     9.9570    303.720    9.71737  296.40967    102.466 -9.990e-29
   40.68616  -72.07090     18.641     18.496     7.6770    31.4196 -9.990e-29     0.2834 2.4496e-01  1024.5940     7.6753    24.5087     9.9573    303.729    9.71748  296.41302    102.468 -9.990e-29
   40.68616  -72.07090     18.630     18.485     7.6774    31.4193 -9.990e-29     0.2834 2.4496e-01  1024.5941     7.6757    24.5085     9.9572    303.725    9.71758  296.41625    102.466 -9.990e-29
   40.68616  -72.07090     18.620     18.475     7.6780    31.4186 -9.990e-29     0.2834 2.4799e-01  1024.5937     7.6763    24.5079     9.9503    303.515    9.71754  296.41435    102.395 -9.990e-29
   40.68616  -72.07090     18.599     18.455     7.6784    31.4173 -9.990e-29     0.2834 2.4879e-01  1024.5915     7.6767    24.5068     9.9554    303.668    9.71733  296.40721    102.450 -9.990e-29
   40.68616  -72.07090     18.599     18.455     7.6782    31.4167 -9.990e-29     0.2834 2.5107e-01  1024.5908     7.6765    24.5063     9.9546    303.646    9.71709  296.39977    102.445 -9.990e-29
   40.68616  -72.07090     18.559     18.415     7.6777    31.4176 -9.990e-29     0.2834 2.5189e-01  1024.5917     7.6760    24.5070     9.9539    303.622    9.71713  296.40087    102.436 -9.990e-29
   40.68616  -72.07090     18.569     18.425     7.6782    31.4194 -9.990e-29     0.2834 2.5422e-01  1024.5936     7.6765    24.5084     9.9584    303.761    9.71672  296.38819    102.488 -9.990e-29
   40.68616  -72.07090     18.539     18.395     7.6789    31.4205 -9.990e-29     0.2834 2.5422e-01  1024.5954     7.6772    24.5092     9.9569    303.714    9.71600  296.36574    102.479 -9.990e-29
   40.68616  -72.07090     18.529     18.385     7.6801    31.4195 -9.990e-29     0.2834 2.5660e-01  1024.5941     7.6784    24.5082     9.9560    303.688    9.71545  296.34948    102.476 0.0000e+00
   40.68616  -72.07090     18.499     18.355     7.6809    31.4173 -9.990e-29     0.2834 2.5660e-01  1024.5897     7.6792    24.5065     9.9553    303.666    9.71530  296.34588    102.470 0.0000e+00
   40.68616  -72.07090     18.488     18.344     7.6803    31.4171 -9.990e-29     0.2834 2.5902e-01  1024.5898     7.6786    24.5062     9.9616    303.858    9.71537  296.34827    102.534 0.0000e+00
   40.68616  -72.07090     18.467     18.324     7.6803    31.4188 -9.990e-29     0.2834 2.5902e-01  1024.5928     7.6786    24.5075     9.9621    303.876    9.71543  296.35043    102.539 0.0000e+00
   40.68616  -72.07090     18.437     18.294     7.6810    31.4201 -9.990e-29     0.2834 2.6154e-01  1024.5940     7.6793    24.5084     9.9622    303.878    9.71539  296.34918    102.541 0.0000e+00
   40.68616  -72.07090     18.416     18.273     7.6821    31.4197 -9.990e-29     0.2834 2.6575e-01  1024.5927     7.6804    24.5080     9.9617    303.863    9.71516  296.34153    102.538 0.0000e+00
   40.68616  -72.07090     18.397     18.254     7.6834    31.4189 -9.990e-29     0.2834 2.6575e-01  1024.5911     7.6817    24.5073     9.9608    303.833    9.71481  296.33072    102.532 0.0000e+00
   40.68616  -72.07090     18.376     18.234     7.6839    31.4187 -9.990e-29     0.2834 2.6661e-01  1024.5914     7.6822    24.5070     9.9656    303.980    9.71446  296.31969    102.585 0.0000e+00
   40.68616  -72.07090     18.346     18.204     7.6847    31.4183 -9.990e-29     0.2834 2.6833e-01  1024.5910     7.6830    24.5066     9.9594    303.792    9.71413  296.30986    102.525 0.0000e+00
   40.68616  -72.07090     18.325     18.183     7.6854    31.4176 -9.990e-29     0.2834 2.7091e-01  1024.5896     7.6837    24.5059     9.9648    303.956    9.71405  296.30801    102.581 0.0000e+00
   40.68616  -72.07090     18.295     18.153     7.6854    31.4172 -9.990e-29     0.2834 2.7179e-01  1024.5892     7.6837    24.5056     9.9653    303.971    9.71394  296.30496    102.587 0.0000e+00
   40.68616  -72.07090     18.275     18.133     7.6855    31.4174 -9.990e-29     0.2834 2.7267e-01  1024.5895     7.6838    24.5058     9.9645    303.947    9.71377  296.29989    102.581 0.0000e+00
   40.68616  -72.07090     18.244     18.103     7.6856    31.4179 -9.990e-29     0.2834 2.7267e-01  1024.5898     7.6839    24.5062     9.9642    303.940    9.71359  296.29472    102.580 0.0000e+00
   40.68616  -72.07090     18.214     18.073     7.6860    31.4183 -9.990e-29     0.2834 2.7532e-01  1024.5902     7.6843    24.5064     9.9637    303.924    9.71346  296.29040    102.576 0.0000e+00
   40.68616  -72.07090     18.184     18.042     7.6867    31.4181 -9.990e-29     0.2834 2.8068e-01  1024.5901     7.6850    24.5061     9.9626    303.889    9.71309  296.27913    102.569 0.0000e+00
   40.68616  -72.07090     18.153     18.012     7.6872    31.4170 -9.990e-29     0.2834 2.8249e-01  1024.5885     7.6855    24.5052     9.9686    304.073    9.71303  296.27757    102.631 0.0000e+00
   40.68616  -72.07090     18.123     17.982     7.6868    31.4155 -9.990e-29     0.2834 2.8340e-01  1024.5869     7.6852    24.5041     9.9690    304.085    9.71299  296.27587    102.636 0.0000e+00
   40.68616  -72.07090     18.082     17.941     7.6862    31.4147 -9.990e-29     0.2834 2.8522e-01  1024.5859     7.6845    24.5036     9.9685    304.068    9.71240  296.25741    102.636 0.0000e+00
   40.68616  -72.07090     18.061     17.921     7.6852    31.4149 -9.990e-29     0.2834 2.8614e-01  1024.5863     7.6835    24.5038     9.9737    304.230    9.71181  296.23986    102.697 0.0000e+00
   40.68616  -72.07090     18.031     17.891     7.6844    31.4160 -9.990e-29     0.2968 2.8705e-01  1024.5869     7.6827    24.5049     9.9677    304.046    9.71172  296.23785    102.636 0.0000e+00
   40.68616  -72.07090     17.991     17.851     7.6839    31.4180 -9.990e-29     0.2968 2.8706e-01  1024.5892     7.6823    24.5065     9.9663    304.002    9.71128  296.22378    102.626 0.0000e+00
   40.68616  -72.07090     17.970     17.831     7.6840    31.4198 -9.990e-29     0.2968 2.8891e-01  1024.5908     7.6824    24.5079     9.9701    304.120    9.71031  296.19450    102.676 0.0000e+00
   40.68616  -72.07090     17.929     17.790     7.6847    31.4207 -9.990e-29     0.2968 2.8983e-01  1024.5908     7.6831    24.5085     9.9696    304.103    9.70967  296.17471    102.677 0.0000e+00
   40.68616  -72.07090     17.880     17.741     7.6848    31.4211 -9.990e-29     0.2968 2.9169e-01  1024.5907     7.6832    24.5087     9.9684    304.066    9.70878  296.14701    102.674 0.0000e+00
   40.68616  -72.07090     17.859     17.720     7.6854    31.4219 -9.990e-29     0.2968 2.8986e-01  1024.5903     7.6837    24.5093     9.9664    304.004    9.70740  296.10429    102.668 0.0000e+00
   40.68616  -72.07090     17.818     17.679     7.6860    31.4238 -9.990e-29     0.2968 2.9079e-01  1024.5924     7.6844    24.5107     9.9701    304.119    9.70600  296.06226    102.721 0.0000e+00
   40.68616  -72.07090     17.778     17.640     7.6878    31.4260 -9.990e-29     0.2968 2.9177e-01  1024.5943     7.6862    24.5122     9.9697    304.109    9.70599  296.06397    102.717 0.0000e+00
   40.68616  -72.07090     17.748     17.610     7.6907    31.4274 -9.990e-29     0.2968 2.9363e-01  1024.5944     7.6891    24.5130     9.9691    304.089    9.70597  296.06235    102.711 0.0000e+00
   40.68616  -72.07090     17.717     17.580     7.6933    31.4282 -9.990e-29     0.2968 2.9184e-01  1024.5945     7.6917    24.5132     9.9675    304.038    9.70460  296.01870    102.709 0.0000e+00
   40.68616  -72.07090     17.676     17.539     7.6961    31.4289 -9.990e-29     0.2968 2.9184e-01  1024.5945     7.6945    24.5133     9.9655    303.978    9.70330  295.97985    102.702 0.0000e+00
   40.68616  -72.07090     17.635     17.498     7.6994    31.4290 -9.990e-29     0.2968 2.9277e-01  1024.5942     7.6977    24.5129     9.9626    303.891    9.70229  295.94935    102.683 0.0000e+00
   40.68616  -72.07090     17.595     17.458     7.7031    31.4283 -9.990e-29     0.2968 2.9009e-01  1024.5927     7.7015    24.5120     9.9596    303.800    9.70068  295.90177    102.669 0.0000e+00
   40.68616  -72.07090     17.574     17.438     7.7056    31.4272 -9.990e-29     0.2968 2.8928e-01  1024.5915     7.7040    24.5106     9.9636    303.920    9.69919  295.85592    102.726 0.0000e+00
   40.68616  -72.07090     17.534     17.398     7.7083    31.4259 -9.990e-29     0.2968 2.9205e-01  1024.5892     7.7067    24.5093     9.9608    303.837    9.69762  295.80823    102.714 0.0000e+00
   40.68616  -72.07090     17.483     17.348     7.7100    31.4245 -9.990e-29     0.2968 2.9034e-01  1024.5885     7.7084    24.5080     9.9583    303.762    9.69660  295.77790    102.699 0.0000e+00
   40.68616  -72.07090     17.453     17.318     7.7122    31.4232 -9.990e-29     0.2968 2.9219e-01  1024.5862     7.7106    24.5067     9.9561    303.693    9.69527  295.73632    102.690 0.0000e+00
   40.68616  -72.07090     17.412     17.277     7.7126    31.4221 -9.990e-29     0.2968 2.9328e-01  1024.5853     7.7110    24.5057     9.9526    303.586    9.69314  295.67114    102.677 0.0000e+00
   40.68616  -72.07090     17.382     17.247     7.7136    31.4212 -9.990e-29     0.2968 2.9161e-01  1024.5851     7.7120    24.5049     9.9560    303.691    9.69115  295.61093    102.733 0.0000e+00
