CalculateIndicators/WaterTemperature/Data/CTD_NYOS/20240710_C16.cnv
* Sea-Bird SBE 9 Data File:
* FileName = C:\Seabird 9 CTD\Data\2024\202407_offshore\20240710_C16.hex
* Software Version Seasave V 7.23.2
* Temperature SN = 4590
* Conductivity SN = 3228
* Number of Bytes Per Scan = 44
* Number of Voltage Words = 5
* Number of Scans Averaged by the Deck Unit = 1
* NMEA Latitude = 39 59.92 N
* NMEA Longitude = 072 32.23 W
* NMEA UTC (Time) = Jul 10 2024  00:52:05
* NMEA baud rate = 4800
** Ship: seawolf
** Station: 9.4
** Operator: TDK
# nquan = 18
# nvalues = 14089                       
# units = specified
# name 0 = latitude: Latitude [deg]
# name 1 = longitude: Longitude [deg]
# name 2 = prDM: Pressure, Digiquartz [db]
# name 3 = depSM: Depth [salt water, m]
# name 4 = t090C: Temperature [ITS-90, deg C]
# name 5 = sal00: Salinity, Practical [PSU]
# name 6 = ph: pH
# name 7 = flECO-AFL: Fluorescence, WET Labs ECO-AFL/FL [mg/m^3]
# name 8 = cpar: CPAR/Corrected Irradiance [%]
# name 9 = density00: Density [density, kg/m^3]
# name 10 = potemp090C: Potential Temperature [ITS-90, deg C]
# name 11 = sigma-é00: Density [sigma-theta, kg/m^3]
# name 12 = sbeox0Mg/L: Oxygen, SBE 43 [mg/l]
# name 13 = sbox0Mm/Kg: Oxygen, SBE 43 [umol/kg]
# name 14 = oxsolMg/L: Oxygen Saturation, Garcia & Gordon [mg/l]
# name 15 = oxsolMm/Kg: Oxygen Saturation, Garcia & Gordon [umol/kg]
# name 16 = sbeox0PS: Oxygen, SBE 43 [% saturation]
# name 17 = flag:  0.000e+00
# span 0 =   39.99866,   40.00002       
# span 1 =  -72.53720,  -72.53518       
# span 2 =      1.661,     63.292       
# span 3 =      1.648,     62.797       
# span 4 =     6.6387,    23.8874       
# span 5 =    30.0600,    32.3745       
# span 6 =      7.900,      8.211       
# span 7 =    -0.0389,     2.8084       
# span 8 = 1.6880e-11, 3.5502e+01       
# span 9 =  1020.0281,  1025.6143       
# span 10 =     6.6354,    23.8869      
# span 11 =    20.0278,    25.3356      
# span 12 =     7.4061,    10.7293      
# span 13 =    226.874,    327.189      
# span 14 =    7.09281,    9.92335      
# span 15 =  217.29079,  302.51662      
# span 16 =     81.765,    115.428      
# span 17 = 0.0000e+00, 0.0000e+00      
# interval = seconds: 0.0416667
# start_time = Jul 10 2024 00:52:06 [System UTC, first data scan.]
# bad_flag = -9.990e-29
*END*
[from data line 12463]
   39.99990 -9.990e-29      2.806      2.785    23.8647    30.2498      8.063     0.6192 3.3819e+00  1020.1015    23.8641    20.0892     7.4704    228.854    7.09647  217.39900    105.269 -9.990e-29
   39.99990 -9.990e-29      2.806      2.785    23.8644    30.2498      8.063     0.6192 3.1085e+00  1020.1011    23.8639    20.0892     7.4698    228.835    7.09641  217.39712    105.261 -9.990e-29
   39.99990 -9.990e-29      2.806      2.785    23.8641    30.2500      8.063     0.6192 3.0958e+00  1020.1011    23.8635    20.0893     7.4688    228.806    7.09633  217.39490    105.249 -9.990e-29
   39.99990 -9.990e-29      2.786      2.764    23.8636    30.2500      8.063     0.6192 2.9838e+00  1020.1015    23.8631    20.0895     7.4679    228.777    7.09627  217.39282    105.237 -9.990e-29
   39.99990 -9.990e-29      2.786      2.764    23.8632    30.2502      8.063     0.6192 2.9107e+00  1020.1019    23.8626    20.0898     7.4672    228.756    7.09618  217.39016    105.228 -9.990e-29
   39.99990 -9.990e-29      2.776      2.755    23.8629    30.2502      8.063     0.6192 2.8986e+00  1020.1020    23.8624    20.0900     7.4624    228.611    7.09616  217.38999    105.162 -9.990e-29
   39.99990 -9.990e-29      2.766      2.745    23.8628    30.2502      8.063     0.6192 2.4751e+00  1020.1021    23.8622    20.0901     7.4656    228.708    7.09608  217.38744    105.208 -9.990e-29
   39.99990 -9.990e-29      2.755      2.734    23.8625    30.2502      8.063     0.6192 2.2028e+00  1020.1017    23.8620    20.0900     7.4608    228.561    7.09600  217.38517    105.141 -9.990e-29
   39.99990 -9.990e-29      2.746      2.725    23.8625    30.2501      8.063     0.6192 2.1726e+00  1020.1016    23.8619    20.0900     7.4644    228.672    7.09602  217.38597    105.192 -9.990e-29
   39.99990 -9.990e-29      2.736      2.715    23.8624    30.2501      8.063     0.6192 3.3153e+00  1020.1019    23.8618    20.0900     7.4639    228.656    7.09604  217.38672    105.184 -9.990e-29
   39.99990 -9.990e-29      2.736      2.715    23.8623    30.2501      8.063     0.6192 4.6866e+00  1020.1014    23.8617    20.0900     7.4636    228.648    7.09604  217.38685    105.180 -9.990e-29
   39.99990 -9.990e-29      2.716      2.695    23.8614    30.2502      8.063     0.6192 5.0019e+00  1020.1020    23.8608    20.0903     7.4635    228.643    7.09609  217.38820    105.177 -9.990e-29
   39.99990 -9.990e-29      2.716      2.695    23.8611    30.2502      8.063     0.6192 5.3906e+00  1020.1023    23.8606    20.0906     7.4591    228.509    7.09609  217.38817    105.116 -9.990e-29
   39.99990 -9.990e-29      2.705      2.684    23.8605    30.2502      8.063     0.6192 5.9871e+00  1020.1027    23.8599    20.0907     7.4587    228.496    7.09614  217.38979    105.109 -9.990e-29
   39.99990 -9.990e-29      2.695      2.674    23.8604    30.2501      8.063     0.6192 6.1549e+00  1020.1020    23.8598    20.0905     7.4582    228.483    7.09617  217.39060    105.102 -9.990e-29
   39.99990 -9.990e-29      2.695      2.674    23.8603    30.2497      8.063     0.6192 5.6232e+00  1020.1017    23.8598    20.0902     7.4620    228.598    7.09623  217.39240    105.154 -9.990e-29
   39.99990 -9.990e-29      2.685      2.665    23.8597    30.2497      8.063     0.6192 4.7381e+00  1020.1016    23.8591    20.0903     7.4578    228.469    7.09629  217.39462    105.094 -9.990e-29
   39.99990 -9.990e-29      2.685      2.665    23.8589    30.2497      8.063     0.6192 4.5016e+00  1020.1021    23.8583    20.0906     7.4575    228.459    7.09636  217.39682    105.089 -9.990e-29
   39.99990 -9.990e-29      2.676      2.655    23.8580    30.2499      8.063     0.6192 4.4686e+00  1020.1024    23.8574    20.0911     7.4614    228.578    7.09648  217.40058    105.142 -9.990e-29
   39.99990 -9.990e-29      2.665      2.644    23.8574    30.2503      8.063     0.6192 4.3383e+00  1020.1031    23.8568    20.0915     7.4572    228.452    7.09658  217.40342    105.082 -9.990e-29
   39.99990 -9.990e-29      2.674      2.654    23.8571    30.2507      8.063     0.6192 4.2743e+00  1020.1035    23.8565    20.0919     7.4570    228.444    7.09666  217.40571    105.077 -9.990e-29
   39.99990 -9.990e-29      2.655      2.635    23.8568    30.2511      8.063     0.6192 4.5016e+00  1020.1036    23.8563    20.0923     7.4567    228.436    7.09670  217.40674    105.073 -9.990e-29
   39.99990 -9.990e-29      2.644      2.624    23.8564    30.2514      8.063     0.6192 5.6826e+00  1020.1041    23.8558    20.0927     7.4568    228.437    7.09673  217.40780    105.073 -9.990e-29
   39.99990 -9.990e-29      2.655      2.635    23.8562    30.2516      8.063     0.6192 6.2617e+00  1020.1043    23.8556    20.0929     7.4565    228.430    7.09677  217.40863    105.070 -9.990e-29
   39.99990 -9.990e-29      2.655      2.635    23.8561    30.2516      8.063     0.6192 6.0915e+00  1020.1046    23.8556    20.0930     7.4563    228.423    7.09675  217.40785    105.066 -9.990e-29
   39.99990 -9.990e-29      2.635      2.614    23.8565    30.2516      8.063     0.6192 4.1640e+00  1020.1040    23.8560    20.0928     7.4605    228.552    7.09671  217.40664    105.126 -9.990e-29
   39.99990 -9.990e-29      2.655      2.635    23.8563    30.2515      8.063     0.6192 3.3685e+00  1020.1041    23.8557    20.0927     7.4568    228.438    7.09672  217.40686    105.074 -9.990e-29
   39.99990 -9.990e-29      2.635      2.614    23.8562    30.2515      8.063     0.6192 3.3153e+00  1020.1040    23.8556    20.0928     7.4570    228.443    7.09670  217.40640    105.076 -9.990e-29
   39.99990 -9.990e-29      2.635      2.614    23.8561    30.2515      8.063     0.6192 4.3545e+00  1020.1043    23.8556    20.0928     7.4569    228.440    7.09673  217.40737    105.075 -9.990e-29
   39.99990 -9.990e-29      2.644      2.624    23.8562    30.2514      8.063     0.6192 5.1473e+00  1020.1041    23.8556    20.0928     7.4571    228.449    7.09675  217.40824    105.078 -9.990e-29
   39.99990 -9.990e-29      2.635      2.614    23.8562    30.2512      8.063     0.6192 5.2585e+00  1020.1037    23.8556    20.0926     7.4575    228.459    7.09681  217.41009    105.082 -9.990e-29
   39.99990 -9.990e-29      2.644      2.624    23.8558    30.2512      8.063     0.6192 6.8187e+00  1020.1042    23.8552    20.0926     7.4620    228.597    7.09686  217.41179    105.145 -9.990e-29
   39.99990 -9.990e-29      2.635      2.614    23.8557    30.2510      8.063     0.6192 8.6600e+00  1020.1039    23.8551    20.0926     7.4623    228.607    7.09687  217.41190    105.149 -9.990e-29
   39.99990 -9.990e-29      2.635      2.614    23.8552    30.2507      8.063     0.6192 9.0634e+00  1020.1037    23.8547    20.0924     7.4629    228.626    7.09686  217.41140    105.158 -9.990e-29
   39.99990 -9.990e-29      2.635      2.614    23.8551    30.2507      8.063     0.6326 8.2451e+00  1020.1036    23.8546    20.0924     7.4633    228.638    7.09689  217.41238    105.163 -9.990e-29
   39.99990 -9.990e-29      2.644      2.624    23.8547    30.2507      8.063     0.6326 7.3423e+00  1020.1038    23.8542    20.0925     7.4637    228.650    7.09690  217.41258    105.169 -9.990e-29
   39.99992 -9.990e-29      2.635      2.614    23.8540    30.2507      8.063     0.6326 7.1242e+00  1020.1041    23.8534    20.0928     7.4644    228.671    7.09692  217.41313    105.178 -9.990e-29
   39.99992 -9.990e-29      2.644      2.624    23.8537    30.2509      8.063     0.6326 6.4137e+00  1020.1044    23.8531    20.0931     7.4607    228.559    7.09697  217.41467    105.126 -9.990e-29
   39.99992 -9.990e-29      2.644      2.624    23.8533    30.2513      8.063     0.6326 5.2585e+00  1020.1049    23.8527    20.0935     7.4612    228.573    7.09699  217.41535    105.132 -9.990e-29
   39.99992 -9.990e-29      2.635      2.614    23.8531    30.2517      8.063     0.6326 4.9661e+00  1020.1052    23.8526    20.0939     7.4613    228.577    7.09697  217.41476    105.134 -9.990e-29
   39.99992 -9.990e-29      2.644      2.624    23.8527    30.2520      8.063     0.6326 5.0019e+00  1020.1057    23.8522    20.0942     7.4657    228.710    7.09694  217.41376    105.196 -9.990e-29
   39.99992 -9.990e-29      2.635      2.614    23.8529    30.2522      8.063     0.6326 5.0199e+00  1020.1056    23.8524    20.0943     7.4621    228.599    7.09696  217.41417    105.144 -9.990e-29
   39.99992 -9.990e-29      2.644      2.624    23.8529    30.2525      8.063     0.6326 5.0380e+00  1020.1058    23.8524    20.0944     7.4623    228.606    7.09696  217.41412    105.148 -9.990e-29
   39.99992 -9.990e-29      2.644      2.624    23.8529    30.2527      8.063     0.6326 5.0380e+00  1020.1060    23.8524    20.0947     7.4622    228.603    7.09693  217.41335    105.147 -9.990e-29
   39.99992 -9.990e-29      2.644      2.624    23.8531    30.2531      8.063     0.6326 5.0380e+00  1020.1062    23.8526    20.0949     7.4625    228.612    7.09694  217.41358    105.151 -9.990e-29
   39.99992 -9.990e-29      2.644      2.624    23.8531    30.2535      8.063     0.6326 5.0561e+00  1020.1065    23.8526    20.0952     7.4624    228.610    7.09690  217.41242    105.151 -9.990e-29
   39.99992 -9.990e-29      2.644      2.624    23.8536    30.2540      8.063     0.6326 5.0742e+00  1020.1068    23.8531    20.0954     7.4627    228.619    7.09686  217.41106    105.155 -9.990e-29
   39.99992 -9.990e-29      2.655      2.635    23.8538    30.2544      8.063     0.6326 5.3906e+00  1020.1072    23.8533    20.0957     7.4630    228.629    7.09685  217.41069    105.160 -9.990e-29
   39.99992 -9.990e-29      2.644      2.624    23.8543    30.2546      8.063     0.6326 5.5448e+00  1020.1072    23.8538    20.0957     7.4631    228.629    7.09681  217.40947    105.161 -9.990e-29
   39.99992 -9.990e-29      2.644      2.624    23.8549    30.2546      8.063     0.6326 5.5643e+00  1020.1068    23.8544    20.0956     7.4630    228.629    7.09672  217.40692    105.162 -9.990e-29
   39.99992 -9.990e-29      2.644      2.624    23.8555    30.2546      8.063     0.6326 6.3699e+00  1020.1067    23.8549    20.0954     7.4589    228.503    7.09669  217.40591    105.105 -9.990e-29
   39.99992 -9.990e-29      2.655      2.635    23.8560    30.2546      8.063     0.6326 6.9349e+00  1020.1068    23.8554    20.0953     7.4628    228.623    7.09664  217.40426    105.160 -9.990e-29
   39.99992 -9.990e-29      2.644      2.624    23.8567    30.2544      8.063     0.6326 7.0053e+00  1020.1064    23.8562    20.0949     7.4588    228.498    7.09658  217.40248    105.104 -9.990e-29
   39.99992 -9.990e-29      2.644      2.624    23.8572    30.2540      8.063     0.6326 6.7269e+00  1020.1054    23.8566    20.0943     7.4627    228.618    7.09652  217.40075    105.160 -9.990e-29
   39.99992 -9.990e-29      2.644      2.624    23.8578    30.2535      8.063     0.6326 6.5019e+00  1020.1054    23.8572    20.0939     7.4583    228.484    7.09644  217.39810    105.099 -9.990e-29
   39.99992 -9.990e-29      2.635      2.615    23.8587    30.2530      8.063     0.6326 6.4577e+00  1020.1046    23.8581    20.0933     7.4581    228.477    7.09635  217.39531    105.098 -9.990e-29
   39.99992 -9.990e-29      2.644      2.624    23.8588    30.2523      8.063     0.6326 6.8418e+00  1020.1039    23.8582    20.0926     7.4576    228.462    7.09625  217.39261    105.092 -9.990e-29
   39.99992 -9.990e-29      2.635      2.615    23.8589    30.2516      8.063     0.6326 7.3423e+00  1020.1033    23.8583    20.0921     7.4616    228.585    7.09621  217.39127    105.149 -9.990e-29
   39.99992 -9.990e-29      2.624      2.604    23.8590    30.2512      8.063     0.6326 7.4659e+00  1020.1029    23.8584    20.0918     7.4576    228.463    7.09616  217.38984    105.094 -9.990e-29
   39.99992 -9.990e-29      2.635      2.615    23.8587    30.2509      8.063     0.6326 7.2447e+00  1020.1029    23.8581    20.0916     7.4617    228.588    7.09613  217.38914    105.152 -9.990e-29
   39.99992 -9.990e-29      2.614      2.594    23.8588    30.2508      8.063     0.6326 6.9115e+00  1020.1026    23.8582    20.0916     7.4619    228.595    7.09611  217.38853    105.155 -9.990e-29
   39.99992 -9.990e-29      2.624      2.604    23.8582    30.2508      8.063     0.6326 6.8418e+00  1020.1032    23.8576    20.0917     7.4619    228.594    7.09611  217.38848    105.155 -9.990e-29
   39.99992 -9.990e-29      2.624      2.604    23.8582    30.2506      8.063     0.6326 6.8418e+00  1020.1028    23.8576    20.0915     7.4619    228.593    7.09611  217.38869    105.154 -9.990e-29
   39.99992 -9.990e-29      2.614      2.594    23.8577    30.2501      8.063     0.6326 6.8418e+00  1020.1027    23.8572    20.0912     7.4618    228.591    7.09609  217.38797    105.154 -9.990e-29
   39.99992 -9.990e-29      2.605      2.585    23.8576    30.2493      8.063     0.6326 6.8418e+00  1020.1017    23.8571    20.0907     7.4663    228.728    7.09613  217.38930    105.216 -9.990e-29
   39.99992 -9.990e-29      2.605      2.585    23.8574    30.2489      8.063     0.6326 6.4137e+00  1020.1012    23.8568    20.0904     7.4624    228.610    7.09615  217.39004    105.161 -9.990e-29
   39.99992 -9.990e-29      2.605      2.585    23.8564    30.2489      8.063     0.6326 4.9305e+00  1020.1015    23.8558    20.0905     7.4623    228.608    7.09611  217.38865    105.161 -9.990e-29
   39.99992 -9.990e-29      2.584      2.564    23.8554    30.2489      8.063     0.6326 4.4031e+00  1020.1021    23.8549    20.0912     7.4625    228.612    7.09601  217.38547    105.164 -9.990e-29
   39.99992 -9.990e-29      2.594      2.574    23.8544    30.2495      8.063     0.6326 4.4031e+00  1020.1032    23.8539    20.0918     7.4624    228.609    7.09595  217.38337    105.164 -9.990e-29
   39.99992 -9.990e-29      2.584      2.564    23.8540    30.2500      8.063     0.6326 4.5016e+00  1020.1035    23.8535    20.0923     7.4665    228.735    7.09592  217.38270    105.222 -9.990e-29
   39.99992 -9.990e-29      2.584      2.564    23.8538    30.2502      8.063     0.6326 4.5348e+00  1020.1034    23.8533    20.0926     7.4666    228.739    7.09583  217.37971    105.226 -9.990e-29
   39.99992 -9.990e-29      2.574      2.555    23.8533    30.2508      8.063     0.6326 4.6018e+00  1020.1040    23.8528    20.0931     7.4627    228.618    7.09577  217.37807    105.171 -9.990e-29
   39.99992 -9.990e-29      2.574      2.555    23.8531    30.2516      8.063     0.6326 6.4577e+00  1020.1050    23.8526    20.0938     7.4667    228.743    7.09574  217.37716    105.228 -9.990e-29
   39.99992 -9.990e-29      2.574      2.555    23.8531    30.2519      8.063     0.6326 7.8993e+00  1020.1055    23.8526    20.0942     7.4669    228.749    7.09572  217.37656    105.232 -9.990e-29
   39.99992 -9.990e-29      2.554      2.534    23.8531    30.2519      8.063     0.6326 8.0839e+00  1020.1053    23.8526    20.0942     7.4674    228.762    7.09562  217.37355    105.239 -9.990e-29
   39.99992 -9.990e-29      2.563      2.544    23.8534    30.2519      8.063     0.6326 1.2732e+01  1020.1049    23.8529    20.0940     7.4634    228.641    7.09557  217.37195    105.184 -9.990e-29
   39.99992 -9.990e-29      2.544      2.525    23.8533    30.2514      8.063     0.6326 1.8565e+01  1020.1046    23.8528    20.0936     7.4674    228.762    7.09548  217.36937    105.241 -9.990e-29
   39.99992 -9.990e-29      2.554      2.534    23.8534    30.2508      8.063     0.6326 1.9898e+01  1020.1039    23.8529    20.0931     7.4634    228.639    7.09540  217.36710    105.186 -9.990e-29
   39.99992 -9.990e-29      2.533      2.514    23.8529    30.2504      8.063     0.6326 1.7580e+01  1020.1039    23.8524    20.0928     7.4673    228.760    7.09532  217.36438    105.243 -9.990e-29
