CalculateIndicators/WaterTemperature/Data/CTD_NYOS/20240709_C10.cnv
* Sea-Bird SBE 9 Data File:
* FileName = C:\Seabird 9 CTD\Data\2024\202407_offshore\20240709_C10.hex
* Software Version Seasave V 7.23.2
* Temperature SN = 4590
* Conductivity SN = 3228
* Number of Bytes Per Scan = 44
* Number of Voltage Words = 5
* Number of Scans Averaged by the Deck Unit = 1
* NMEA Latitude = 39 06.89 N
* NMEA Longitude = 072 25.68 W
* NMEA UTC (Time) = Jul 09 2024  10:25:21
* NMEA baud rate = 4800
** Ship: seawolf
** Station: 8.7
** Operator: TCM
# nquan = 18
# nvalues = 20770                       
# units = specified
# name 0 = latitude: Latitude [deg]
# name 1 = longitude: Longitude [deg]
# name 2 = prDM: Pressure, Digiquartz [db]
# name 3 = depSM: Depth [salt water, m]
# name 4 = t090C: Temperature [ITS-90, deg C]
# name 5 = sal00: Salinity, Practical [PSU]
# name 6 = ph: pH
# name 7 = flECO-AFL: Fluorescence, WET Labs ECO-AFL/FL [mg/m^3]
# name 8 = cpar: CPAR/Corrected Irradiance [%]
# name 9 = density00: Density [density, kg/m^3]
# name 10 = potemp090C: Potential Temperature [ITS-90, deg C]
# name 11 = sigma-é00: Density [sigma-theta, kg/m^3]
# name 12 = sbeox0Mg/L: Oxygen, SBE 43 [mg/l]
# name 13 = sbox0Mm/Kg: Oxygen, SBE 43 [umol/kg]
# name 14 = oxsolMg/L: Oxygen Saturation, Garcia & Gordon [mg/l]
# name 15 = oxsolMm/Kg: Oxygen Saturation, Garcia & Gordon [umol/kg]
# name 16 = sbeox0PS: Oxygen, SBE 43 [% saturation]
# name 17 = flag:  0.000e+00
# span 0 =   39.11480,   39.11494       
# span 1 =  -72.43058,  -72.42808       
# span 2 =      2.176,    102.106       
# span 3 =      2.160,    101.307       
# span 4 =    13.2998,    26.5860       
# span 5 =    34.4236,    36.3109       
# span 6 =      8.011,      8.232       
# span 7 =    -0.0927,     1.5325       
# span 8 = 9.7777e-03, 3.8468e+01       
# span 9 =  1022.4915,  1027.3252       
# span 10 =    13.2855,    26.5821      
# span 11 =    22.4806,    26.8721      
# span 12 =     4.5377,     7.3835      
# span 13 =    138.109,    225.019      
# span 14 =    6.56782,    8.38447      
# span 15 =  200.56202,  255.17140      
# span 16 =     54.893,    103.438      
# span 17 = 0.0000e+00, 0.0000e+00      
# interval = seconds: 0.0416667
# start_time = Jul 09 2024 10:25:23 [System UTC, first data scan.]
# bad_flag = -9.990e-29
*END*
[from data line 644]
   39.11492 -9.990e-29      9.991      9.915    26.3249    35.3398      8.069    -0.0389 9.8448e+00  1023.2310    26.3227    23.1887     6.3067    192.624    6.60239  201.65381     95.522 0.0000e+00
   39.11492 -9.990e-29     10.017      9.941    26.3280    35.3378      8.069    -0.0389 9.8448e+00  1023.2282    26.3258    23.1862     6.3069    192.628    6.60245  201.65580     95.523 0.0000e+00
   39.11492 -9.990e-29     10.032      9.956    26.3306    35.3376      8.069    -0.0389 9.8448e+00  1023.2260    26.3284    23.1845     6.3071    192.634    6.60256  201.65934     95.525 0.0000e+00
   39.11492 -9.990e-29     10.072      9.995    26.3328    35.3373      8.069    -0.0389 9.8448e+00  1023.2260    26.3305    23.1839     6.3032    192.515    6.60268  201.66313     95.464 0.0000e+00
   39.11492 -9.990e-29     10.083     10.006    26.3350    35.3367      8.069    -0.0389 9.8171e+00  1023.2269    26.3327    23.1838     6.3030    192.511    6.60276  201.66561     95.461 0.0000e+00
   39.11492 -9.990e-29     10.123     10.046    26.3368    35.3367      8.069    -0.0389 9.7894e+00  1023.2269    26.3345    23.1830     6.3030    192.509    6.60287  201.66915     95.458 0.0000e+00
   39.11492 -9.990e-29     10.153     10.076    26.3390    35.3351      8.069    -0.0389 9.7894e+00  1023.2241    26.3367    23.1806     6.3027    192.502    6.60309  201.67650     95.451 0.0000e+00
   39.11492 -9.990e-29     10.174     10.096    26.3408    35.3317      8.069    -0.0389 9.7894e+00  1023.2200    26.3385    23.1776     6.2989    192.386    6.60333  201.68420     95.390 0.0000e+00
   39.11492 -9.990e-29     10.204     10.126    26.3421    35.3317      8.069    -0.0389 9.7618e+00  1023.2179    26.3398    23.1751     6.2986    192.378    6.60354  201.69025     95.383 0.0000e+00
   39.11492 -9.990e-29     10.225     10.147    26.3426    35.3317      8.069    -0.0389 9.7343e+00  1023.2148    26.3403    23.1744     6.2985    192.372    6.60380  201.69774     95.376 0.0000e+00
   39.11492 -9.990e-29     10.249     10.171    26.3431    35.3323      8.069    -0.0389 9.7069e+00  1023.2193    26.3408    23.1772     6.2983    192.366    6.60403  201.70507     95.370 0.0000e+00
   39.11492 -9.990e-29     10.275     10.197    26.3449    35.3394      8.074    -0.0389 9.6795e+00  1023.2263    26.3426    23.1820     6.2980    192.359    6.60424  201.71128     95.363 0.0000e+00
   39.11492 -9.990e-29     10.295     10.216    26.3466    35.3456      8.069    -0.0389 9.6522e+00  1023.2306    26.3443    23.1862     6.2977    192.346    6.60427  201.71121     95.357 0.0000e+00
   39.11492 -9.990e-29     10.326     10.248    26.3488    35.3495      8.069    -0.0389 9.6522e+00  1023.2332    26.3464    23.1885     6.3010    192.448    6.60418  201.70732     95.409 0.0000e+00
   39.11492 -9.990e-29     10.346     10.267    26.3510    35.3507      8.069    -0.0389 9.5979e+00  1023.2334    26.3486    23.1889     6.2971    192.327    6.60421  201.70852     95.349 0.0000e+00
   39.11492 -9.990e-29     10.366     10.287    26.3537    35.3508      8.069    -0.0389 9.5708e+00  1023.2317    26.3513    23.1881     6.2968    192.321    6.60433  201.71323     95.344 0.0000e+00
   39.11492 -9.990e-29     10.387     10.308    26.3559    35.3511      8.069    -0.0389 9.5708e+00  1023.2311    26.3536    23.1872     6.2964    192.308    6.60428  201.71162     95.338 0.0000e+00
   39.11492 -9.990e-29     10.407     10.328    26.3582    35.3511      8.069    -0.0524 9.5439e+00  1023.2299    26.3559    23.1865     6.2962    192.304    6.60450  201.71872     95.333 0.0000e+00
   39.11492 -9.990e-29     10.412     10.332    26.3599    35.3519      8.069    -0.0524 9.4901e+00  1023.2299    26.3576    23.1867     6.2959    192.294    6.60481  201.72863     95.323 0.0000e+00
   39.11492 -9.990e-29     10.447     10.368    26.3620    35.3543      8.069    -0.0524 9.4901e+00  1023.2321    26.3597    23.1879     6.2919    192.171    6.60498  201.73387     95.260 -9.990e-29
   39.11492 -9.990e-29     10.447     10.368    26.3637    35.3568      8.069    -0.0524 9.4634e+00  1023.2342    26.3614    23.1892     6.2953    192.274    6.60510  201.73772     95.309 -9.990e-29
   39.11492 -9.990e-29     10.468     10.388    26.3658    35.3568      8.069    -0.0524 9.4367e+00  1023.2343    26.3635    23.1894     6.2950    192.267    6.60520  201.74095     95.304 0.0000e+00
   39.11492 -9.990e-29     10.489     10.409    26.3681    35.3568      8.069    -0.0524 9.4367e+00  1023.2327    26.3658    23.1883     6.2909    192.140    6.60510  201.73751     95.242 0.0000e+00
   39.11492 -9.990e-29     10.498     10.418    26.3698    35.3561      8.069    -0.0524 9.5241e+00  1023.2312    26.3674    23.1868     6.2976    192.343    6.60468  201.72272     95.350 0.0000e+00
   39.11492 -9.990e-29     10.513     10.433    26.3716    35.3549      8.074    -0.0524 9.8625e+00  1023.2295    26.3692    23.1854     6.2931    192.204    6.60406  201.70136     95.291 0.0000e+00
   39.11492 -9.990e-29     10.519     10.439    26.3726    35.3540      8.069    -0.0524 1.0127e+01  1023.2286    26.3702    23.1844     6.2923    192.178    6.60349  201.68279     95.287 0.0000e+00
   39.11492 -9.990e-29     10.538     10.458    26.3735    35.3537      8.069    -0.0524 1.0228e+01  1023.2284    26.3711    23.1838     6.2916    192.156    6.60301  201.66771     95.283 0.0000e+00
   39.11492 -9.990e-29     10.549     10.469    26.3745    35.3536      8.069    -0.0524 1.0331e+01  1023.2279    26.3721    23.1835     6.2946    192.249    6.60246  201.65058     95.338 0.0000e+00
   39.11492 -9.990e-29     10.559     10.478    26.3753    35.3536      8.069    -0.0524 1.0331e+01  1023.2279    26.3729    23.1831     6.2903    192.117    6.60192  201.63384     95.280 0.0000e+00
   39.11492 -9.990e-29     10.570     10.489    26.3761    35.3536      8.069    -0.0524 1.0331e+01  1023.2272    26.3737    23.1829     6.2897    192.099    6.60154  201.62249     95.277 0.0000e+00
   39.11492 -9.990e-29     10.574     10.493    26.3767    35.3539      8.069    -0.0524 1.0302e+01  1023.2277    26.3744    23.1829     6.2930    192.199    6.60118  201.61196     95.331 0.0000e+00
   39.11492 -9.990e-29     10.579     10.499    26.3775    35.3543      8.074    -0.0524 1.0302e+01  1023.2279    26.3751    23.1830     6.2928    192.193    6.60094  201.60478     95.332 0.0000e+00
   39.11492 -9.990e-29     10.589     10.508    26.3781    35.3543      8.069    -0.0524 1.0199e+01  1023.2279    26.3758    23.1829     6.2926    192.189    6.60074  201.59944     95.332 0.0000e+00
   39.11492 -9.990e-29     10.600     10.519    26.3789    35.3543      8.069    -0.0524 1.0199e+01  1023.2275    26.3765    23.1827     6.2925    192.185    6.60055  201.59389     95.333 -9.990e-29
   39.11492 -9.990e-29     10.600     10.519    26.3794    35.3541      8.069    -0.0524 1.0199e+01  1023.2272    26.3770    23.1823     6.2926    192.190    6.60041  201.58964     95.337 -9.990e-29
   39.11492 -9.990e-29     10.600     10.519    26.3798    35.3536      8.069    -0.0524 1.0199e+01  1023.2268    26.3774    23.1818     6.2927    192.192    6.60018  201.58269     95.341 -9.990e-29
   39.11492 -9.990e-29     10.604     10.523    26.3803    35.3528      8.074    -0.0524 1.0199e+01  1023.2256    26.3779    23.1810     6.2928    192.196    6.60001  201.57758     95.346 0.0000e+00
   39.11492 -9.990e-29     10.619     10.538    26.3807    35.3522      8.069    -0.0524 1.0199e+01  1023.2254    26.3783    23.1804     6.2930    192.202    6.59988  201.57383     95.351 -9.990e-29
   39.11492 -9.990e-29     10.619     10.538    26.3811    35.3515      8.069    -0.0524 1.0098e+01  1023.2245    26.3787    23.1798     6.2933    192.209    6.59975  201.56986     95.356 -9.990e-29
   39.11492 -9.990e-29     10.619     10.538    26.3813    35.3510      8.074    -0.0524 1.0127e+01  1023.2241    26.3789    23.1794     6.2938    192.224    6.59965  201.56699     95.365 -9.990e-29
   39.11492 -9.990e-29     10.630     10.549    26.3809    35.3507      8.069    -0.0524 1.0155e+01  1023.2243    26.3785    23.1792     6.2940    192.231    6.59951  201.56268     95.371 -9.990e-29
   39.11492 -9.990e-29     10.630     10.549    26.3811    35.3504      8.069    -0.0524 1.0184e+01  1023.2237    26.3787    23.1790     6.2942    192.238    6.59937  201.55811     95.376 -9.990e-29
   39.11492 -9.990e-29     10.634     10.553    26.3807    35.3503      8.069    -0.0524 1.0184e+01  1023.2239    26.3783    23.1790     6.2944    192.244    6.59919  201.55251     95.382 0.0000e+00
   39.11492 -9.990e-29     10.640     10.559    26.3806    35.3503      8.074    -0.0524 1.0213e+01  1023.2241    26.3782    23.1790     6.2949    192.259    6.59901  201.54686     95.392 -9.990e-29
   39.11492 -9.990e-29     10.640     10.559    26.3803    35.3501      8.074    -0.0524 1.0315e+01  1023.2241    26.3779    23.1789     6.2952    192.267    6.59885  201.54180     95.398 -9.990e-29
   39.11492 -9.990e-29     10.640     10.559    26.3803    35.3497      8.069    -0.0524 1.0242e+01  1023.2235    26.3779    23.1787     6.2954    192.274    6.59867  201.53612     95.404 -9.990e-29
   39.11492 -9.990e-29     10.640     10.559    26.3802    35.3494      8.069    -0.0524 1.0300e+01  1023.2236    26.3778    23.1784     6.2960    192.290    6.59851  201.53102     95.415 -9.990e-29
   39.11492 -9.990e-29     10.651     10.570    26.3802    35.3489      8.069    -0.0524 1.0300e+01  1023.2232    26.3778    23.1781     6.2962    192.298    6.59829  201.52433     95.422 0.0000e+00
   39.11492 -9.990e-29     10.655     10.574    26.3800    35.3480      8.074    -0.0524 1.0329e+01  1023.2227    26.3776    23.1775     6.2965    192.308    6.59815  201.51990     95.429 -9.990e-29
   39.11492 -9.990e-29     10.651     10.570    26.3800    35.3468      8.069    -0.0524 1.0387e+01  1023.2215    26.3776    23.1767     6.2969    192.318    6.59800  201.51525     95.436 -9.990e-29
   39.11492 -9.990e-29     10.660     10.579    26.3794    35.3455      8.074    -0.0524 1.0417e+01  1023.2208    26.3770    23.1758     6.2972    192.328    6.59784  201.51039     95.443 -9.990e-29
   39.11492 -9.990e-29     10.660     10.579    26.3787    35.3442      8.069    -0.0524 1.0417e+01  1023.2201    26.3763    23.1749     6.2976    192.341    6.59773  201.50719     95.451 -9.990e-29
   39.11492 -9.990e-29     10.660     10.579    26.3785    35.3427      8.069    -0.0524 1.0476e+01  1023.2191    26.3761    23.1739     6.3016    192.462    6.59765  201.50469     95.513 -9.990e-29
   39.11492 -9.990e-29     10.681     10.600    26.3780    35.3406      8.074    -0.0524 1.0476e+01  1023.2184    26.3756    23.1726     6.3020    192.475    6.59755  201.50180     95.520 -9.990e-29
   39.11492 -9.990e-29     10.675     10.594    26.3775    35.3379      8.069    -0.0524 1.0505e+01  1023.2152    26.3751    23.1709     6.3023    192.485    6.59742  201.49790     95.527 -9.990e-29
   39.11492 -9.990e-29     10.681     10.600    26.3759    35.3364      8.074    -0.0524 1.0565e+01  1023.2141    26.3735    23.1700     6.3026    192.493    6.59721  201.49086     95.534 -9.990e-29
   39.11492  -72.42824     10.681     10.600    26.3736    35.3363 -9.990e-29    -0.0524 1.0595e+01  1023.2158    26.3712    23.1706     6.3026    192.491    6.59696  201.48268     95.537 -9.990e-29
   39.11492  -72.42824     10.700     10.619    26.3711    35.3363 -9.990e-29    -0.0524 1.0491e+01  1023.2172    26.3687    23.1714     6.3023    192.484    6.59656  201.46946     95.540 -9.990e-29
   39.11492  -72.42824     10.700     10.619    26.3694    35.3364 -9.990e-29    -0.0524 1.0550e+01  1023.2168    26.3670    23.1719     6.3021    192.474    6.59610  201.45416     95.542 -9.990e-29
   39.11492  -72.42824     10.700     10.619    26.3677    35.3376 -9.990e-29    -0.0524 1.0610e+01  1023.2170    26.3652    23.1735     6.3018    192.464    6.59567  201.44046     95.544 -9.990e-29
   39.11492  -72.42824     10.706     10.624    26.3654    35.3415 -9.990e-29    -0.0524 1.0610e+01  1023.2222    26.3630    23.1771     6.3015    192.456    6.59528  201.42816     95.546 0.0000e+00
   39.11492  -72.42824     10.711     10.630    26.3637    35.3424 -9.990e-29    -0.0524 1.0640e+01  1023.2284    26.3612    23.1803     6.3013    192.450    6.59498  201.41857     95.548 0.0000e+00
   39.11492  -72.42824     10.721     10.639    26.3639    35.3424 -9.990e-29    -0.0524 1.0700e+01  1023.2271    26.3615    23.1803     6.3014    192.452    6.59466  201.40870     95.553 0.0000e+00
   39.11492  -72.42824     10.730     10.649    26.3649    35.3424 -9.990e-29    -0.0524 1.0700e+01  1023.2222    26.3625    23.1781     6.3050    192.562    6.59434  201.39905     95.612 -9.990e-29
   39.11492  -72.42824     10.730     10.649    26.3655    35.3398 -9.990e-29    -0.0524 1.0730e+01  1023.2219    26.3630    23.1761     6.3012    192.445    6.59407  201.39078     95.558 -9.990e-29
   39.11492  -72.42824     10.745     10.664    26.3647    35.3372 -9.990e-29    -0.0524 1.0761e+01  1023.2196    26.3622    23.1744     6.3048    192.555    6.59381  201.38289     95.616 0.0000e+00
   39.11492  -72.42824     10.751     10.669    26.3629    35.3347 -9.990e-29    -0.0389 1.0791e+01  1023.2177    26.3605    23.1728     6.3047    192.554    6.59354  201.37437     95.620 -9.990e-29
   39.11492  -72.42824     10.751     10.669    26.3617    35.3330 -9.990e-29    -0.0389 1.0791e+01  1023.2173    26.3593    23.1719     6.3047    192.551    6.59324  201.36501     95.623 -9.990e-29
   39.11492  -72.42824     10.751     10.669    26.3611    35.3330 -9.990e-29    -0.0389 1.0883e+01  1023.2165    26.3587    23.1713     6.3005    192.423    6.59296  201.35620     95.563 -9.990e-29
   39.11492  -72.42824     10.741     10.660    26.3608    35.3330 -9.990e-29    -0.0389 1.0883e+01  1023.2152    26.3584    23.1718     6.3002    192.415    6.59277  201.35056     95.562 -9.990e-29
   39.11492  -72.42824     10.847     10.765    26.3604    35.3374 -9.990e-29    -0.0389 1.0883e+01  1023.2187    26.3579    23.1756     6.2999    192.405    6.59259  201.34540     95.560 -9.990e-29
   39.11492  -72.42824     10.832     10.750    26.3597    35.3478 -9.990e-29    -0.0389 1.0944e+01  1023.2287    26.3573    23.1835     6.2993    192.389    6.59245  201.34139     95.554 -9.990e-29
   39.11492  -72.42824     10.811     10.729    26.3602    35.3599 -9.990e-29    -0.0389 1.0944e+01  1023.2401    26.3578    23.1924     6.2993    192.387    6.59231  201.33723     95.555 -9.990e-29
   39.11492  -72.42824     10.811     10.729    26.3621    35.3690 -9.990e-29    -0.0389 1.0944e+01  1023.2466    26.3597    23.1988     6.3028    192.494    6.59218  201.33319     95.610 -9.990e-29
   39.11492  -72.42824     10.832     10.750    26.3655    35.3745 -9.990e-29    -0.0389 1.0975e+01  1023.2480    26.3630    23.2020     6.2989    192.375    6.59208  201.33019     95.552 0.0000e+00
   39.11492  -72.42824     10.853     10.770    26.3690    35.3783 -9.990e-29    -0.0389 1.1006e+01  1023.2501    26.3666    23.2037     6.3023    192.479    6.59191  201.32502     95.606 0.0000e+00
   39.11492  -72.42824     10.877     10.795    26.3729    35.3808 -9.990e-29    -0.0389 1.0869e+01  1023.2513    26.3705    23.2045     6.3023    192.480    6.59171  201.31848     95.610 0.0000e+00
   39.11492  -72.42824     10.893     10.810    26.3762    35.3808 -9.990e-29    -0.0389 1.0930e+01  1023.2506    26.3737    23.2040     6.2980    192.348    6.59128  201.30411     95.551 0.0000e+00
   39.11492  -72.42824     10.904     10.821    26.3798    35.3808 -9.990e-29    -0.0389 1.0900e+01  1023.2487    26.3773    23.2025     6.2971    192.319    6.59066  201.28351     95.546 -9.990e-29
