CalculateIndicators/WaterTemperature/Data/CTD_NYOS/20240428_C19.cnv
* Sea-Bird SBE 9 Data File:
* FileName = C:\Seabird 9 CTD\Data\2024\202404_offshore\20240428_C19.hex
* Software Version Seasave V 7.23.2
* Temperature SN = 4590
* Conductivity SN = 3228
* Number of Bytes Per Scan = 44
* Number of Voltage Words = 5
* Number of Scans Averaged by the Deck Unit = 1
* NMEA Latitude = 40 39.83 N
* NMEA Longitude = 072 58.62 W
* NMEA UTC (Time) = Apr 28 2024  03:02:37
* NMEA baud rate = 4800
** Ship: Seawolf
** Station: 9.1
** Operator: TDK
# nquan = 18
# nvalues = 8467                        
# units = specified
# name 0 = latitude: Latitude [deg]
# name 1 = longitude: Longitude [deg]
# name 2 = prDM: Pressure, Digiquartz [db]
# name 3 = depSM: Depth [salt water, m]
# name 4 = t090C: Temperature [ITS-90, deg C]
# name 5 = sal00: Salinity, Practical [PSU]
# name 6 = ph: pH
# name 7 = flECO-AFL: Fluorescence, WET Labs ECO-AFL/FL [mg/m^3]
# name 8 = cpar: CPAR/Corrected Irradiance [%]
# name 9 = density00: Density [density, kg/m^3]
# name 10 = potemp090C: Potential Temperature [ITS-90, deg C]
# name 11 = sigma-é00: Density [sigma-theta, kg/m^3]
# name 12 = sbeox0Mg/L: Oxygen, SBE 43 [mg/l]
# name 13 = sbox0Mm/Kg: Oxygen, SBE 43 [umol/kg]
# name 14 = oxsolMg/L: Oxygen Saturation, Garcia & Gordon [mg/l]
# name 15 = oxsolMm/Kg: Oxygen Saturation, Garcia & Gordon [umol/kg]
# name 16 = sbeox0PS: Oxygen, SBE 43 [% saturation]
# name 17 = flag:  0.000e+00
# span 0 =   40.66398,   40.66488       
# span 1 =  -72.97710,  -72.97554       
# span 2 =      1.543,     14.488       
# span 3 =      1.531,     14.376       
# span 4 =     7.8086,     9.9115       
# span 5 =    29.6300,    30.3512       
# span 6 =      7.904,      8.049       
# span 7 =     0.3640,     1.3579       
# span 8 = 9.9999e+04, 9.9999e+04       
# span 9 =  1022.7890,  1023.7183       
# span 10 =     7.8073,     9.9111      
# span 11 =    22.7776,    23.6518      
# span 12 =     8.2440,     9.5578      
# span 13 =    251.679,    291.950      
# span 14 =    9.35406,    9.76435      
# span 15 =  285.77906,  298.08973      
# span 16 =     84.454,    102.011      
# span 17 = 0.0000e+00, 0.0000e+00      
# interval = seconds: 0.0416667
# start_time = Apr 28 2024 03:02:37 [System UTC, first data scan.]
# bad_flag = -9.990e-29
*END*
[from data line 1609]
   40.66414  -72.97676     14.194     14.084     7.8314    30.3404 -9.990e-29     1.0087 9.9999e+04  1023.7053     7.8301    23.6403     8.2835    252.885    9.76126  297.99870     84.861 -9.990e-29
   40.66414  -72.97676     14.190     14.080     7.8312    30.3406 -9.990e-29     1.0087 9.9999e+04  1023.7057     7.8299    23.6404     8.2788    252.741    9.76125  297.99844     84.813 -9.990e-29
   40.66414  -72.97676     14.183     14.073     7.8316    30.3408 -9.990e-29     0.9952 9.9999e+04  1023.7055     7.8303    23.6405     8.2787    252.737    9.76122  297.99737     84.812 -9.990e-29
   40.66414  -72.97676     14.171     14.061     7.8313    30.3408 -9.990e-29     0.9952 9.9999e+04  1023.7058     7.8300    23.6406     8.2788    252.741    9.76123  297.99779     84.813 -9.990e-29
   40.66414  -72.97676     14.180     14.070     7.8319    30.3406 -9.990e-29     1.0087 9.9999e+04  1023.7054     7.8306    23.6404     8.2792    252.752    9.76130  298.00009     84.816 -9.990e-29
   40.66414  -72.97676     14.164     14.054     7.8319    30.3404 -9.990e-29     1.0087 9.9999e+04  1023.7048     7.8306    23.6402     8.2797    252.768    9.76134  298.00114     84.821 -9.990e-29
   40.66414  -72.97676     14.160     14.050     7.8312    30.3406 -9.990e-29     1.0087 9.9999e+04  1023.7053     7.8299    23.6404     8.2794    252.761    9.76136  298.00183     84.818 -9.990e-29
   40.66414  -72.97676     14.164     14.054     7.8310    30.3410 -9.990e-29     1.0087 9.9999e+04  1023.7060     7.8297    23.6408     8.2802    252.784    9.76132  298.00030     84.827 -9.990e-29
   40.66414  -72.97676     14.150     14.040     7.8306    30.3410 -9.990e-29     1.0087 9.9999e+04  1023.7058     7.8293    23.6408     8.2804    252.789    9.76141  298.00328     84.827 -9.990e-29
   40.66414  -72.97676     14.140     14.031     7.8306    30.3408 -9.990e-29     1.0087 9.9999e+04  1023.7056     7.8293    23.6406     8.2807    252.798    9.76151  298.00605     84.830 -9.990e-29
   40.66414  -72.97676     14.143     14.033     7.8304    30.3404 -9.990e-29     0.9952 9.9999e+04  1023.7054     7.8292    23.6403     8.2821    252.841    9.76166  298.01048     84.843 -9.990e-29
   40.66414  -72.97676     14.129     14.020     7.8305    30.3398 -9.990e-29     0.9952 9.9999e+04  1023.7046     7.8292    23.6399     8.2817    252.829    9.76161  298.00895     84.839 -9.990e-29
   40.66414  -72.97676     14.134     14.024     7.8304    30.3393 -9.990e-29     0.9952 9.9999e+04  1023.7045     7.8292    23.6395     8.2752    252.630    9.76161  298.00895     84.773 -9.990e-29
   40.66414  -72.97676     14.120     14.010     7.8304    30.3387 -9.990e-29     1.0087 9.9999e+04  1023.7039     7.8292    23.6391     8.2803    252.788    9.76155  298.00713     84.826 -9.990e-29
   40.66414  -72.97676     14.120     14.010     7.8309    30.3381 -9.990e-29     0.9952 9.9999e+04  1023.7034     7.8296    23.6385     8.2803    252.787    9.76153  298.00641     84.826 -9.990e-29
   40.66414  -72.97676     14.113     14.003     7.8319    30.3374 -9.990e-29     1.0087 9.9999e+04  1023.7026     7.8307    23.6378     8.2748    252.618    9.76117  297.99578     84.772 -9.990e-29
   40.66414  -72.97676     14.120     14.010     7.8330    30.3367 -9.990e-29     0.9952 9.9999e+04  1023.7018     7.8317    23.6371     8.2808    252.802    9.76059  297.97873     84.839 -9.990e-29
   40.66414  -72.97676     14.103     13.994     7.8335    30.3362 -9.990e-29     1.0087 9.9999e+04  1023.7013     7.8323    23.6366     8.2746    252.613    9.76021  297.96725     84.779 -9.990e-29
   40.66414  -72.97674     14.109     13.999     7.8342    30.3359 -9.990e-29     1.0087 9.9999e+04  1023.7011     7.8329    23.6363     8.2740    252.596    9.75992  297.95908     84.775 -9.990e-29
   40.66414  -72.97674     14.099     13.990     7.8344    30.3357 -9.990e-29     0.9952 9.9999e+04  1023.7010     7.8331    23.6361     8.2800    252.778    9.75978  297.95491     84.838 -9.990e-29
   40.66414  -72.97674     14.103     13.994     7.8353    30.3353 -9.990e-29     0.9952 9.9999e+04  1023.7004     7.8340    23.6357     8.2808    252.802    9.75973  297.95358     84.846 -9.990e-29
   40.66414  -72.97674     14.099     13.990     7.8357    30.3348 -9.990e-29     0.9818 9.9999e+04  1023.6999     7.8344    23.6353     8.2753    252.637    9.75960  297.94957     84.792 -9.990e-29
   40.66414  -72.97674     14.099     13.990     7.8355    30.3344 -9.990e-29     0.9684 9.9999e+04  1023.6996     7.8342    23.6349     8.2754    252.639    9.75947  297.94577     84.794 -9.990e-29
   40.66414  -72.97674     14.092     13.983     7.8357    30.3341 -9.990e-29     0.9684 9.9999e+04  1023.6992     7.8345    23.6347     8.2757    252.648    9.75939  297.94320     84.797 -9.990e-29
   40.66414  -72.97674     14.090     13.980     7.8357    30.3340 -9.990e-29     0.9818 9.9999e+04  1023.6995     7.8344    23.6347     8.2761    252.659    9.75923  297.93861     84.802 -9.990e-29
   40.66414  -72.97674     14.092     13.983     7.8360    30.3338 -9.990e-29     0.9818 9.9999e+04  1023.6991     7.8347    23.6345     8.2758    252.650    9.75920  297.93755     84.800 -9.990e-29
   40.66414  -72.97674     14.099     13.990     7.8361    30.3336 -9.990e-29     0.9684 9.9999e+04  1023.6988     7.8348    23.6343     8.2766    252.675    9.75927  297.93978     84.807 -9.990e-29
   40.66414  -72.97674     14.089     13.980     7.8362    30.3336 -9.990e-29     0.9818 9.9999e+04  1023.6990     7.8349    23.6342     8.2766    252.675    9.75929  297.94051     84.807 -9.990e-29
   40.66414  -72.97674     14.092     13.983     7.8365    30.3336 -9.990e-29     0.9818 9.9999e+04  1023.6990     7.8352    23.6342     8.2768    252.681    9.75939  297.94343     84.808 -9.990e-29
   40.66414  -72.97674     14.099     13.990     7.8363    30.3335 -9.990e-29     0.9818 9.9999e+04  1023.6988     7.8350    23.6341     8.2771    252.690    9.75948  297.94585     84.811 -9.990e-29
   40.66414  -72.97674     14.103     13.994     7.8365    30.3333 -9.990e-29     0.9818 9.9999e+04  1023.6987     7.8352    23.6340     8.2783    252.728    9.75950  297.94654     84.823 -9.990e-29
   40.66414  -72.97674     14.099     13.990     7.8365    30.3333 -9.990e-29     0.9818 9.9999e+04  1023.6987     7.8352    23.6340     8.2796    252.768    9.75938  297.94285     84.838 -9.990e-29
   40.66414  -72.97674     14.099     13.990     7.8367    30.3333 -9.990e-29     0.9818 9.9999e+04  1023.6985     7.8354    23.6340     8.2811    252.812    9.75928  297.94020     84.853 -9.990e-29
   40.66414  -72.97674     14.103     13.994     7.8361    30.3335 -9.990e-29     0.9684 9.9999e+04  1023.6988     7.8348    23.6342     8.2817    252.830    9.75911  297.93513     84.861 -9.990e-29
   40.66414  -72.97674     14.109     13.999     7.8351    30.3340 -9.990e-29     0.9818 9.9999e+04  1023.6994     7.8338    23.6348     8.2824    252.854    9.75903  297.93279     84.869 -9.990e-29
   40.66414  -72.97674     14.113     14.003     7.8337    30.3347 -9.990e-29     0.9818 9.9999e+04  1023.7002     7.8324    23.6355     8.2834    252.884    9.75900  297.93222     84.880 -9.990e-29
   40.66414  -72.97674     14.109     13.999     7.8316    30.3357 -9.990e-29     0.9818 9.9999e+04  1023.7012     7.8303    23.6366     8.2845    252.917    9.75898  297.93136     84.891 -9.990e-29
   40.66414  -72.97674     14.120     14.010     7.8291    30.3371 -9.990e-29     0.9684 9.9999e+04  1023.7027     7.8278    23.6379     8.2848    252.926    9.75900  297.93206     84.894 -9.990e-29
   40.66414  -72.97674     14.122     14.013     7.8270    30.3384 -9.990e-29     0.9684 9.9999e+04  1023.7044     7.8257    23.6392     8.2853    252.940    9.75911  297.93512     84.898 -9.990e-29
   40.66414  -72.97674     14.129     14.020     7.8264    30.3391 -9.990e-29     0.9818 9.9999e+04  1023.7051     7.8251    23.6399     8.2857    252.953    9.75908  297.93436     84.902 -9.990e-29
   40.66414  -72.97674     14.120     14.010     7.8267    30.3392 -9.990e-29     0.9818 9.9999e+04  1023.7046     7.8255    23.6400     8.2862    252.969    9.75908  297.93440     84.907 -9.990e-29
   40.66414  -72.97674     14.133     14.024     7.8267    30.3392 -9.990e-29     0.9818 9.9999e+04  1023.7048     7.8254    23.6400     8.2867    252.984    9.75903  297.93265     84.913 -9.990e-29
   40.66416  -72.97674     14.140     14.031     7.8267    30.3394 -9.990e-29     0.9818 9.9999e+04  1023.7049     7.8254    23.6402     8.2882    253.031    9.75897  297.93092     84.930 -9.990e-29
   40.66416  -72.97674     14.143     14.033     7.8262    30.3398 -9.990e-29     0.9684 9.9999e+04  1023.7055     7.8249    23.6405     8.2891    253.057    9.75905  297.93330     84.937 -9.990e-29
   40.66416  -72.97674     14.140     14.031     7.8260    30.3401 -9.990e-29     0.9684 9.9999e+04  1023.7056     7.8247    23.6407     8.2899    253.083    9.75904  297.93321     84.946 -9.990e-29
   40.66416  -72.97674     14.140     14.031     7.8256    30.3403 -9.990e-29     0.9952 9.9999e+04  1023.7059     7.8243    23.6410     8.2909    253.111    9.75905  297.93348     84.956 -9.990e-29
   40.66416  -72.97674     14.153     14.043     7.8252    30.3404 -9.990e-29     0.9952 9.9999e+04  1023.7062     7.8239    23.6411     8.2918    253.141    9.75904  297.93321     84.966 -9.990e-29
   40.66416  -72.97674     14.140     14.031     7.8258    30.3404 -9.990e-29     0.9952 9.9999e+04  1023.7059     7.8245    23.6410     8.2929    253.173    9.75901  297.93240     84.977 -9.990e-29
   40.66416  -72.97674     14.143     14.033     7.8257    30.3404 -9.990e-29     0.9952 9.9999e+04  1023.7058     7.8244    23.6410     8.2931    253.179    9.75898  297.93142     84.979 -9.990e-29
   40.66416  -72.97674     14.160     14.050     7.8257    30.3404 -9.990e-29     0.9952 9.9999e+04  1023.7060     7.8244    23.6410     8.2942    253.214    9.75894  297.93031     84.991 -9.990e-29
   40.66416  -72.97674     14.140     14.031     7.8259    30.3403 -9.990e-29     0.9952 9.9999e+04  1023.7058     7.8246    23.6409     8.2945    253.222    9.75887  297.92803     84.995 -9.990e-29
   40.66416  -72.97674     14.143     14.033     7.8259    30.3401 -9.990e-29     0.9952 9.9999e+04  1023.7057     7.8246    23.6408     8.2948    253.233    9.75883  297.92705     84.998 -9.990e-29
   40.66416  -72.97674     14.140     14.031     7.8256    30.3401 -9.990e-29     0.9952 9.9999e+04  1023.7057     7.8243    23.6408     8.2953    253.247    9.75888  297.92855     85.003 -9.990e-29
   40.66416  -72.97674     14.143     14.033     7.8254    30.3402 -9.990e-29     0.9952 9.9999e+04  1023.7058     7.8241    23.6409     8.2957    253.260    9.75888  297.92848     85.007 -9.990e-29
   40.66416  -72.97674     14.140     14.031     7.8252    30.3403 -9.990e-29     0.9818 9.9999e+04  1023.7059     7.8239    23.6410     8.2962    253.275    9.75886  297.92808     85.012 -9.990e-29
   40.66416  -72.97674     14.140     14.031     7.8254    30.3406 -9.990e-29     0.9952 9.9999e+04  1023.7061     7.8241    23.6412     8.2968    253.292    9.75887  297.92837     85.018 -9.990e-29
   40.66416  -72.97674     14.133     14.024     7.8249    30.3408 -9.990e-29     0.9952 9.9999e+04  1023.7062     7.8236    23.6414     8.2974    253.310    9.75893  297.92992     85.023 -9.990e-29
   40.66416  -72.97674     14.120     14.010     7.8244    30.3412 -9.990e-29     0.9952 9.9999e+04  1023.7065     7.8231    23.6418     8.2980    253.328    9.75889  297.92878     85.030 -9.990e-29
   40.66416  -72.97674     14.120     14.010     7.8235    30.3417 -9.990e-29     0.9818 9.9999e+04  1023.7073     7.8222    23.6423     8.2987    253.352    9.75904  297.93338     85.036 -9.990e-29
   40.66416  -72.97674     14.122     14.013     7.8236    30.3420 -9.990e-29     0.9818 9.9999e+04  1023.7075     7.8223    23.6426     8.2934    253.189    9.75929  297.94071     84.980 -9.990e-29
   40.66416  -72.97674     14.120     14.010     7.8236    30.3419 -9.990e-29     0.9952 9.9999e+04  1023.7075     7.8223    23.6425     8.2934    253.190    9.75945  297.94515     84.979 -9.990e-29
   40.66416  -72.97674     14.103     13.994     7.8241    30.3416 -9.990e-29     0.9952 9.9999e+04  1023.7067     7.8228    23.6422     8.2988    253.354    9.75957  297.94889     85.033 -9.990e-29
   40.66416  -72.97674     14.089     13.980     7.8241    30.3413 -9.990e-29     0.9952 9.9999e+04  1023.7069     7.8228    23.6419     8.2934    253.189    9.75960  297.94956     84.977 -9.990e-29
   40.66416  -72.97674     14.099     13.990     7.8259    30.3406 -9.990e-29     0.9952 9.9999e+04  1023.7062     7.8246    23.6411     8.2934    253.189    9.75955  297.94826     84.978 -9.990e-29
   40.66416  -72.97674     14.071     13.962     7.8290    30.3393 -9.990e-29     0.9818 9.9999e+04  1023.7043     7.8277    23.6397     8.2989    253.356    9.75963  297.95042     85.033 -9.990e-29
   40.66416  -72.97674     14.069     13.960     7.8312    30.3378 -9.990e-29     0.9952 9.9999e+04  1023.7028     7.8299    23.6383     8.2936    253.195    9.75959  297.94945     84.979 -9.990e-29
   40.66416  -72.97674     14.062     13.953     7.8329    30.3366 -9.990e-29     0.9952 9.9999e+04  1023.7013     7.8316    23.6371     8.2928    253.170    9.75954  297.94798     84.971 -9.990e-29
   40.66416  -72.97674     14.048     13.939     7.8337    30.3358 -9.990e-29     0.9952 9.9999e+04  1023.7007     7.8324    23.6363     8.2921    253.150    9.75959  297.94947     84.964 -9.990e-29
   40.66416  -72.97674     14.038     13.930     7.8340    30.3354 -9.990e-29     0.9952 9.9999e+04  1023.7003     7.8327    23.6359     8.2925    253.161    9.75971  297.95308     84.967 -9.990e-29
   40.66416  -72.97674     14.032     13.923     7.8346    30.3351 -9.990e-29     1.0221 9.9999e+04  1023.7002     7.8333    23.6357     8.2929    253.172    9.75974  297.95386     84.970 -9.990e-29
   40.66416  -72.97674     14.018     13.909     7.8353    30.3348 -9.990e-29     1.0355 9.9999e+04  1023.6996     7.8340    23.6353     8.2926    253.164    9.76004  297.96303     84.965 -9.990e-29
   40.66416  -72.97674     14.008     13.900     7.8358    30.3345 -9.990e-29     1.0355 9.9999e+04  1023.6993     7.8345    23.6350     8.2987    253.351    9.76043  297.97487     85.024 -9.990e-29
   40.66416  -72.97674     14.001     13.893     7.8366    30.3342 -9.990e-29     1.0355 9.9999e+04  1023.6989     7.8353    23.6347     8.2931    253.179    9.76066  297.98155     84.965 -9.990e-29
   40.66416  -72.97674     13.988     13.879     7.8368    30.3341 -9.990e-29     1.0355 9.9999e+04  1023.6987     7.8355    23.6346     8.2927    253.166    9.76072  297.98307     84.960 -9.990e-29
   40.66416  -72.97674     13.981     13.872     7.8364    30.3341 -9.990e-29     1.0221 9.9999e+04  1023.6988     7.8351    23.6346     8.2986    253.347    9.76081  297.98580     85.020 -9.990e-29
   40.66416  -72.97674     13.967     13.859     7.8363    30.3342 -9.990e-29     1.0221 9.9999e+04  1023.6987     7.8350    23.6347     8.2929    253.172    9.76086  297.98714     84.961 -9.990e-29
   40.66416  -72.97674     13.957     13.849     7.8358    30.3344 -9.990e-29     1.0221 9.9999e+04  1023.6990     7.8345    23.6349     8.2925    253.159    9.76085  297.98680     84.957 -9.990e-29
   40.66416  -72.97674     13.950     13.842     7.8353    30.3347 -9.990e-29     1.0221 9.9999e+04  1023.6993     7.8340    23.6352     8.2923    253.152    9.76097  297.99041     84.953 -9.990e-29
   40.66416  -72.97674     13.927     13.819     7.8351    30.3347 -9.990e-29     1.0221 9.9999e+04  1023.6995     7.8338    23.6353     8.2982    253.334    9.76098  297.99064     85.014 -9.990e-29
