CalculateIndicators/WaterTemperature/Data/CTD_NYOS/20240429_C31.cnv
* Sea-Bird SBE 9 Data File:
* FileName = C:\Seabird 9 CTD\Data\2024\202404_offshore\20240429_C31.hex
* Software Version Seasave V 7.23.2
* Temperature SN = 4590
* Conductivity SN = 3228
* Number of Bytes Per Scan = 44
* Number of Voltage Words = 5
* Number of Scans Averaged by the Deck Unit = 1
* NMEA Latitude = 40 06.86 N
* NMEA Longitude = 071 39.98 W
* NMEA UTC (Time) = Apr 29 2024  07:47:19
* NMEA baud rate = 4800
** Ship: Seawolf
** Station: 11.5
** Operator: TDK
# nquan = 18
# nvalues = 17373                       
# units = specified
# name 0 = latitude: Latitude [deg]
# name 1 = longitude: Longitude [deg]
# name 2 = prDM: Pressure, Digiquartz [db]
# name 3 = depSM: Depth [salt water, m]
# name 4 = t090C: Temperature [ITS-90, deg C]
# name 5 = sal00: Salinity, Practical [PSU]
# name 6 = ph: pH
# name 7 = flECO-AFL: Fluorescence, WET Labs ECO-AFL/FL [mg/m^3]
# name 8 = cpar: CPAR/Corrected Irradiance [%]
# name 9 = density00: Density [density, kg/m^3]
# name 10 = potemp090C: Potential Temperature [ITS-90, deg C]
# name 11 = sigma-é00: Density [sigma-theta, kg/m^3]
# name 12 = sbeox0Mg/L: Oxygen, SBE 43 [mg/l]
# name 13 = sbox0Mm/Kg: Oxygen, SBE 43 [umol/kg]
# name 14 = oxsolMg/L: Oxygen Saturation, Garcia & Gordon [mg/l]
# name 15 = oxsolMm/Kg: Oxygen Saturation, Garcia & Gordon [umol/kg]
# name 16 = sbeox0PS: Oxygen, SBE 43 [% saturation]
# name 17 = flag:  0.000e+00
# span 0 =   40.11428,   40.11434       
# span 1 =  -71.66644,  -71.66512       
# span 2 =      1.679,     80.066       
# span 3 =      1.666,     79.436       
# span 4 =     6.0498,     7.8282       
# span 5 =    32.0006,    32.1998       
# span 6 =      7.960,      8.038       
# span 7 =    -0.0121,     1.6131       
# span 8 = 2.5320e-11, 9.9999e+04       
# span 9 =  1025.0231,  1025.7042       
# span 10 =     6.0444,     7.8280      
# span 11 =    25.0095,    25.3348      
# span 12 =     9.3619,    10.2217      
# span 13 =    285.335,    311.633      
# span 14 =    9.64968,   10.04876      
# span 15 =  294.19725,  306.27602      
# span 16 =     93.203,    105.686      
# span 17 = 0.0000e+00, 0.0000e+00      
# interval = seconds: 0.0416667
# start_time = Apr 29 2024 07:47:17 [System UTC, first data scan.]
# bad_flag = -9.990e-29
*END*
[from data line 2654]
   40.11434 -9.990e-29     42.496     42.165     6.5233    32.1485 -9.990e-29     0.1088 9.9999e+04  1025.4311     6.5197    25.2355     9.7356    296.753    9.94145  303.02791     97.929 0.0000e+00
   40.11434 -9.990e-29     42.530     42.200     6.5231    32.1484 -9.990e-29     0.1088 9.9999e+04  1025.4312     6.5195    25.2355     9.7365    296.782    9.94183  303.03920     97.935 -9.990e-29
   40.11434 -9.990e-29     42.530     42.200     6.5230    32.1485 -9.990e-29     0.1088 9.9999e+04  1025.4314     6.5194    25.2356     9.7373    296.804    9.94199  303.04403     97.941 -9.990e-29
   40.11434 -9.990e-29     42.551     42.220     6.5230    32.1486 -9.990e-29     0.1088 9.9999e+04  1025.4316     6.5194    25.2357     9.7382    296.833    9.94228  303.05299     97.948 0.0000e+00
   40.11434 -9.990e-29     42.568     42.237     6.5230    32.1486 -9.990e-29     0.1088 9.9999e+04  1025.4317     6.5194    25.2357     9.7382    296.831    9.94254  303.06058     97.944 0.0000e+00
   40.11434 -9.990e-29     42.591     42.260     6.5231    32.1485 -9.990e-29     0.1088 9.9999e+04  1025.4319     6.5195    25.2355     9.7326    296.662    9.94280  303.06831     97.886 0.0000e+00
   40.11434 -9.990e-29     42.612     42.280     6.5231    32.1481 -9.990e-29     0.1088 5.0640e-11  1025.4314     6.5195    25.2352     9.7326    296.663    9.94303  303.07587     97.884 0.0000e+00
   40.11434 -9.990e-29     42.621     42.290     6.5231    32.1479 -9.990e-29     0.1088 5.0640e-11  1025.4311     6.5195    25.2350     9.7328    296.667    9.94331  303.08387     97.883 0.0000e+00
   40.11434 -9.990e-29     42.639     42.308     6.5230    32.1481 -9.990e-29     0.1088 5.0640e-11  1025.4314     6.5194    25.2352     9.7394    296.867    9.94347  303.08860     97.947 0.0000e+00
   40.11434 -9.990e-29     42.663     42.331     6.5226    32.1484 -9.990e-29     0.1088 5.0640e-11  1025.4323     6.5190    25.2354     9.7406    296.904    9.94371  303.09612     97.957 0.0000e+00
   40.11434 -9.990e-29     42.683     42.352     6.5230    32.1484 -9.990e-29     0.1088 5.0640e-11  1025.4320     6.5194    25.2354     9.7410    296.918    9.94415  303.10978     97.957 0.0000e+00
   40.11434 -9.990e-29     42.704     42.372     6.5230    32.1482 -9.990e-29     0.1088 5.0640e-11  1025.4320     6.5194    25.2353     9.7424    296.960    9.94452  303.12107     97.967 0.0000e+00
   40.11434 -9.990e-29     42.714     42.382     6.5230    32.1481 -9.990e-29     0.1088 5.0640e-11  1025.4320     6.5194    25.2353     9.7429    296.975    9.94498  303.13484     97.968 0.0000e+00
   40.11434 -9.990e-29     42.741     42.409     6.5228    32.1481 -9.990e-29     0.1088 5.0640e-11  1025.4320     6.5192    25.2353     9.7433    296.986    9.94530  303.14417     97.969 0.0000e+00
   40.11434 -9.990e-29     42.754     42.421     6.5225    32.1482 -9.990e-29     0.1088 5.0640e-11  1025.4324     6.5188    25.2353     9.7447    297.031    9.94571  303.15716     97.979 0.0000e+00
   40.11434 -9.990e-29     42.774     42.442     6.5228    32.1483 -9.990e-29     0.1088 5.0640e-11  1025.4322     6.5192    25.2354     9.7455    297.056    9.94641  303.17875     97.981 0.0000e+00
   40.11434 -9.990e-29     42.805     42.472     6.5225    32.1484 -9.990e-29     0.1088 5.0640e-11  1025.4328     6.5188    25.2355     9.7474    297.112    9.94713  303.20070     97.992 0.0000e+00
   40.11434 -9.990e-29     42.813     42.480     6.5226    32.1486 -9.990e-29     0.1088 5.0640e-11  1025.4328     6.5190    25.2356     9.7484    297.142    9.94790  303.22418     97.994 0.0000e+00
   40.11434 -9.990e-29     42.846     42.513     6.5226    32.1487 -9.990e-29     0.1088 5.0640e-11  1025.4331     6.5190    25.2357     9.7492    297.168    9.94862  303.24619     97.996 0.0000e+00
   40.11434 -9.990e-29     42.867     42.534     6.5230    32.1489 -9.990e-29     0.1088 5.0640e-11  1025.4333     6.5194    25.2359     9.7502    297.198    9.94943  303.27043     97.998 0.0000e+00
   40.11434 -9.990e-29     42.888     42.554     6.5230    32.1489 -9.990e-29     0.1088 5.0640e-11  1025.4334     6.5194    25.2359     9.7508    297.216    9.94989  303.28393     97.999 0.0000e+00
   40.11434 -9.990e-29     42.907     42.573     6.5233    32.1490 -9.990e-29     0.1088 5.0640e-11  1025.4333     6.5196    25.2359     9.7459    297.066    9.95030  303.29578     97.946 0.0000e+00
   40.11434 -9.990e-29     42.925     42.591     6.5231    32.1491 -9.990e-29     0.0954 5.0640e-11  1025.4338     6.5195    25.2360     9.7464    297.081    9.95055  303.30310     97.948 0.0000e+00
   40.11434 -9.990e-29     42.958     42.624     6.5235    32.1490 -9.990e-29     0.0819 5.0640e-11  1025.4339     6.5198    25.2359     9.7524    297.263    9.95076  303.30938     98.007 0.0000e+00
   40.11434 -9.990e-29     42.979     42.644     6.5237    32.1488 -9.990e-29     0.0819 5.0640e-11  1025.4334     6.5201    25.2357     9.7530    297.280    9.95106  303.31868     98.009 0.0000e+00
   40.11434 -9.990e-29     42.999     42.665     6.5237    32.1489 -9.990e-29     0.0819 5.0640e-11  1025.4337     6.5201    25.2358     9.7535    297.297    9.95132  303.32639     98.012 0.0000e+00
   40.11434 -9.990e-29     43.020     42.686     6.5237    32.1490 -9.990e-29     0.0819 5.0640e-11  1025.4342     6.5201    25.2359     9.7475    297.113    9.95151  303.33209     97.950 0.0000e+00
   40.11434 -9.990e-29     43.050     42.716     6.5239    32.1489 -9.990e-29     0.0819 5.0640e-11  1025.4340     6.5203    25.2358     9.7535    297.297    9.95172  303.33821     98.008 0.0000e+00
   40.11434 -9.990e-29     43.068     42.733     6.5237    32.1487 -9.990e-29     0.0819 5.0640e-11  1025.4340     6.5201    25.2356     9.7540    297.312    9.95191  303.34374     98.012 0.0000e+00
   40.11434 -9.990e-29     43.101     42.766     6.5239    32.1484 -9.990e-29     0.0819 5.0640e-11  1025.4339     6.5202    25.2354     9.7479    297.125    9.95197  303.34547     97.949 0.0000e+00
   40.11434 -9.990e-29     43.122     42.787     6.5237    32.1482 -9.990e-29     0.0819 5.0640e-11  1025.4336     6.5201    25.2352     9.7473    297.107    9.95201  303.34686     97.943 0.0000e+00
   40.11434 -9.990e-29     43.152     42.817     6.5235    32.1481 -9.990e-29     0.0819 5.0640e-11  1025.4340     6.5198    25.2352     9.7467    297.090    9.95204  303.34749     97.937 0.0000e+00
   40.11434 -9.990e-29     43.183     42.847     6.5231    32.1481 -9.990e-29     0.0819 5.0640e-11  1025.4340     6.5195    25.2352     9.7461    297.070    9.95196  303.34511     97.931 0.0000e+00
   40.11434 -9.990e-29     43.210     42.874     6.5228    32.1481 -9.990e-29     0.0819 5.0640e-11  1025.4342     6.5191    25.2352     9.7457    297.059    9.95212  303.35019     97.926 0.0000e+00
   40.11434 -9.990e-29     43.234     42.898     6.5225    32.1482 -9.990e-29     0.0819 5.0640e-11  1025.4344     6.5188    25.2353     9.7454    297.049    9.95230  303.35579     97.921 0.0000e+00
   40.11434 -9.990e-29     43.264     42.928     6.5223    32.1483 -9.990e-29     0.0819 5.0640e-11  1025.4347     6.5187    25.2355     9.7452    297.045    9.95255  303.36363     97.917 0.0000e+00
   40.11434 -9.990e-29     43.295     42.958     6.5220    32.1484 -9.990e-29     0.0819 5.0640e-11  1025.4350     6.5183    25.2356     9.7452    297.044    9.95289  303.37417     97.913 0.0000e+00
   40.11434 -9.990e-29     43.325     42.988     6.5216    32.1486 -9.990e-29     0.0819 5.0640e-11  1025.4353     6.5180    25.2358     9.7453    297.045    9.95329  303.38644     97.910 0.0000e+00
   40.11434 -9.990e-29     43.355     43.018     6.5213    32.1488 -9.990e-29     0.0819 5.0640e-11  1025.4357     6.5177    25.2360     9.7453    297.045    9.95360  303.39545     97.907 0.0000e+00
   40.11434 -9.990e-29     43.387     43.050     6.5212    32.1488 -9.990e-29     0.0819 5.0640e-11  1025.4358     6.5175    25.2360     9.7451    297.041    9.95373  303.39923     97.904 0.0000e+00
   40.11434 -9.990e-29     43.415     43.077     6.5210    32.1488 -9.990e-29     0.0819 5.0640e-11  1025.4360     6.5174    25.2360     9.7453    297.047    9.95412  303.41182     97.902 0.0000e+00
   40.11434 -9.990e-29     43.448     43.110     6.5208    32.1486 -9.990e-29     0.0819 5.0640e-11  1025.4361     6.5172    25.2359     9.7456    297.057    9.95460  303.42630     97.901 0.0000e+00
   40.11434 -9.990e-29     43.468     43.130     6.5202    32.1483 -9.990e-29     0.0819 5.0640e-11  1025.4359     6.5165    25.2357     9.7458    297.061    9.95489  303.43470     97.900 0.0000e+00
   40.11434 -9.990e-29     43.519     43.181     6.5196    32.1480 -9.990e-29     0.0819 5.0640e-11  1025.4357     6.5159    25.2356     9.7462    297.073    9.95537  303.44983     97.899 0.0000e+00
   40.11434 -9.990e-29     43.550     43.211     6.5188    32.1480 -9.990e-29     0.0819 5.0640e-11  1025.4363     6.5151    25.2356     9.7466    297.087    9.95588  303.46537     97.898 0.0000e+00
   40.11434 -9.990e-29     43.571     43.232     6.5183    32.1481 -9.990e-29     0.0819 5.0640e-11  1025.4365     6.5146    25.2358     9.7470    297.098    9.95625  303.47634     97.898 0.0000e+00
   40.11434  -71.66628     43.611     43.271     6.5176    32.1480      7.982     0.0819 -9.990e-29  1025.4370     6.5139    25.2358     9.7474    297.110    9.95663  303.48796     97.899 0.0000e+00
   40.11434  -71.66628     43.652     43.312     6.5173    32.1475      7.982     0.0819 -9.990e-29  1025.4368     6.5136    25.2355     9.7413    296.925    9.95697  303.49797     97.834 0.0000e+00
   40.11434  -71.66628     43.680     43.340     6.5163    32.1469      7.982     0.0819 -9.990e-29  1025.4358     6.5126    25.2351     9.7472    297.105    9.95723  303.50587     97.891 0.0000e+00
   40.11434  -71.66628     43.713     43.373     6.5146    32.1467      7.982     0.0819 -9.990e-29  1025.4366     6.5109    25.2351     9.7477    297.120    9.95755  303.51553     97.893 0.0000e+00
   40.11434  -71.66628     43.743     43.403     6.5139    32.1467      7.982     0.0819 -9.990e-29  1025.4367     6.5102    25.2354     9.7482    297.133    9.95778  303.52233     97.895 0.0000e+00
   40.11434  -71.66628     43.784     43.444     6.5126    32.1469      7.982     0.0819 -9.990e-29  1025.4371     6.5089    25.2357     9.7486    297.148    9.95802  303.52963     97.897 0.0000e+00
   40.11434  -71.66628     43.824     43.484     6.5113    32.1473      7.982     0.0819 -9.990e-29  1025.4380     6.5076    25.2361     9.7491    297.163    9.95822  303.53568     97.900 0.0000e+00
   40.11434  -71.66628     43.845     43.504     6.5100    32.1474      7.982     0.0819 -9.990e-29  1025.4387     6.5063    25.2363     9.7496    297.178    9.95841  303.54108     97.904 0.0000e+00
   40.11434  -71.66628     43.896     43.555     6.5094    32.1472      7.982     0.0819 -9.990e-29  1025.4378     6.5057    25.2363     9.7491    297.162    9.95854  303.54508     97.897 0.0000e+00
   40.11434  -71.66628     43.926     43.585     6.5079    32.1475      7.982     0.0819 -9.990e-29  1025.4391     6.5042    25.2367     9.7486    297.144    9.95863  303.54761     97.891 0.0000e+00
   40.11434  -71.66628     43.958     43.616     6.5069    32.1479      7.982     0.0819 -9.990e-29  1025.4401     6.5032    25.2371     9.7479    297.125    9.95869  303.54926     97.884 0.0000e+00
   40.11434  -71.66628     43.998     43.656     6.5061    32.1473      7.982     0.0819 -9.990e-29  1025.4397     6.5024    25.2368     9.7484    297.139    9.95880  303.55283     97.887 0.0000e+00
   40.11434  -71.66628     44.040     43.697     6.5048    32.1463      7.982     0.0819 -9.990e-29  1025.4384     6.5011    25.2362     9.7489    297.155    9.95891  303.55598     97.891 0.0000e+00
   40.11434  -71.66628     44.078     43.735     6.5032    32.1460      7.982     0.0819 -9.990e-29  1025.4390     6.4995    25.2362     9.7494    297.171    9.95903  303.55971     97.896 0.0000e+00
   40.11434  -71.66628     44.110     43.767     6.5011    32.1463      7.982     0.0819 -9.990e-29  1025.4396     6.4974    25.2367     9.7499    297.187    9.95908  303.56141     97.900 0.0000e+00
   40.11434  -71.66628     44.142     43.798     6.4993    32.1466      7.982     0.0819 -9.990e-29  1025.4411     6.4956    25.2371     9.7505    297.202    9.95909  303.56137     97.905 0.0000e+00
   40.11434  -71.66628     44.172     43.829     6.4979    32.1459      7.982     0.0819 -9.990e-29  1025.4404     6.4942    25.2368     9.7511    297.221    9.95917  303.56373     97.911 0.0000e+00
   40.11434  -71.66628     44.223     43.879     6.4955    32.1447      7.982     0.0819 -9.990e-29  1025.4394     6.4917    25.2361     9.7517    297.239    9.95918  303.56405     97.917 0.0000e+00
   40.11434  -71.66628     44.254     43.909     6.4925    32.1438      7.982     0.0819 -9.990e-29  1025.4394     6.4888    25.2358     9.7523    297.258    9.95920  303.56452     97.923 0.0000e+00
   40.11434  -71.66628     44.305     43.960     6.4892    32.1434      7.982     0.0819 -9.990e-29  1025.4400     6.4855    25.2358     9.7464    297.080    9.95917  303.56375     97.864 0.0000e+00
   40.11434  -71.66628     44.335     43.990     6.4864    32.1433      7.982     0.0819 -9.990e-29  1025.4396     6.4827    25.2361     9.7527    297.269    9.95913  303.56254     97.927 0.0000e+00
   40.11434  -71.66628     44.376     44.031     6.4825    32.1442      7.982     0.0819 -9.990e-29  1025.4414     6.4788    25.2372     9.7533    297.289    9.95902  303.55907     97.935 0.0000e+00
   40.11434  -71.66628     44.416     44.071     6.4799    32.1458      7.982     0.0819 -9.990e-29  1025.4435     6.4762    25.2388     9.7474    297.109    9.95881  303.55235     97.877 0.0000e+00
   40.11434  -71.66628     44.447     44.101     6.4777    32.1474      7.982     0.0819 -9.990e-29  1025.4453     6.4740    25.2404     9.7468    297.091    9.95835  303.53816     97.876 0.0000e+00
   40.11434  -71.66628     44.478     44.132     6.4762    32.1485      7.982     0.0819 -9.990e-29  1025.4468     6.4725    25.2415     9.7452    297.042    9.95781  303.52192     97.865 0.0000e+00
   40.11434  -71.66628     44.528     44.182     6.4753    32.1489      7.982     0.0685 -9.990e-29  1025.4473     6.4715    25.2420     9.7438    296.999    9.95740  303.50969     97.855 0.0000e+00
   40.11434  -71.66628     44.539     44.193     6.4741    32.1491      7.982     0.0685 -9.990e-29  1025.4470     6.4704    25.2422     9.7436    296.993    9.95716  303.50244     97.855 0.0000e+00
   40.11434  -71.66628     44.590     44.243     6.4727    32.1495      7.982     0.0685 -9.990e-29  1025.4483     6.4689    25.2426     9.7436    296.992    9.95696  303.49632     97.857 0.0000e+00
   40.11434  -71.66628     44.621     44.273     6.4719    32.1498      7.982     0.0685 -9.990e-29  1025.4485     6.4681    25.2431     9.7436    296.991    9.95673  303.48892     97.859 0.0000e+00
   40.11434  -71.66628     44.662     44.314     6.4709    32.1502      7.982     0.0685 -9.990e-29  1025.4491     6.4671    25.2435     9.7356    296.749    9.95601  303.46699     97.786 0.0000e+00
   40.11434  -71.66628     44.692     44.345     6.4697    32.1508      7.982     0.0685 -9.990e-29  1025.4502     6.4660    25.2441     9.7341    296.704    9.95517  303.44175     97.779 0.0000e+00
   40.11434  -71.66628     44.713     44.365     6.4695    32.1513      7.982     0.0685 -9.990e-29  1025.4505     6.4657    25.2445     9.7397    296.875    9.95480  303.43097     97.839 0.0000e+00
   40.11434  -71.66628     44.753     44.405     6.4691    32.1518      7.982     0.0685 -9.990e-29  1025.4510     6.4654    25.2449     9.7392    296.859    9.95468  303.42792     97.835 0.0000e+00
