CalculateIndicators/WaterTemperature/Data/CTD_NYOS/20240915_C32.cnv
* Sea-Bird SBE 9 Data File:
* FileName = C:\Seabird 9 CTD\Data\2024\202409_offshore\20240915_C32.hex
* Software Version Seasave V 7.23.2
* Temperature SN = 4590
* Conductivity SN = 3228
* Number of Bytes Per Scan = 44
* Number of Voltage Words = 5
* Number of Scans Averaged by the Deck Unit = 1
* NMEA Latitude = 40 07.11 N
* NMEA Longitude = 071 40.36 W
* NMEA UTC (Time) = Sep 15 2024  02:00:20
* NMEA baud rate = 4800
** Ship: Seawolf
** Station: 11.5
** Operator: TCM
# nquan = 18
# nvalues = 15146                       
# units = specified
# name 0 = latitude: Latitude [deg]
# name 1 = longitude: Longitude [deg]
# name 2 = prDM: Pressure, Digiquartz [db]
# name 3 = depSM: Depth [salt water, m]
# name 4 = t090C: Temperature [ITS-90, deg C]
# name 5 = sal00: Salinity, Practical [PSU]
# name 6 = ph: pH
# name 7 = flECO-AFL: Fluorescence, WET Labs ECO-AFL/FL [mg/m^3]
# name 8 = cpar: CPAR/Corrected Irradiance [%]
# name 9 = density00: Density [density, kg/m^3]
# name 10 = potemp090C: Potential Temperature [ITS-90, deg C]
# name 11 = sigma-é00: Density [sigma-theta, kg/m^3]
# name 12 = sbeox0Mg/L: Oxygen, SBE 43 [mg/l]
# name 13 = sbox0Mm/Kg: Oxygen, SBE 43 [umol/kg]
# name 14 = oxsolMg/L: Oxygen Saturation, Garcia & Gordon [mg/l]
# name 15 = oxsolMm/Kg: Oxygen Saturation, Garcia & Gordon [umol/kg]
# name 16 = sbeox0PS: Oxygen, SBE 43 [% saturation]
# name 17 = flag:  0.000e+00
# span 0 =   40.11850,   40.11860       
# span 1 =  -71.67420,  -71.67276       
# span 2 =      1.891,     79.604       
# span 3 =      1.877,     78.978       
# span 4 =    10.8651,    23.4683       
# span 5 =    32.2441,    34.4461       
# span 6 =      7.944,      8.232       
# span 7 =    -0.0658,     2.2040       
# span 8 = 1.6880e-11, 9.9999e+04       
# span 9 =  1023.2723,  1026.4529       
# span 10 =    10.8600,    23.4658      
# span 11 =    23.2526,    26.0981      
# span 12 =     6.2284,     8.4348      
# span 13 =    189.696,    257.343      
# span 14 =    6.97435,    9.00192      
# span 15 =  212.97341,  274.49983      
# span 16 =     72.193,    102.082      
# span 17 = 0.0000e+00, 0.0000e+00      
# interval = seconds: 0.0416667
# start_time = Sep 15 2024 02:00:21 [System UTC, first data scan.]
# bad_flag = -9.990e-29
*END*
[from data line 3779]
   40.11852  -71.67308     79.191     78.569    12.2668    34.4165      8.000    -0.0121 1.6880e-11  1026.4400    12.2565    26.0867     6.2550    190.501    8.63254  262.91186     72.458 -9.990e-29
   40.11852  -71.67308     79.173     78.551    12.2685    34.4160      8.000    -0.0121 1.6880e-11  1026.4391    12.2581    26.0860     6.2554    190.512    8.63253  262.91168     72.463 -9.990e-29
   40.11852  -71.67308     79.173     78.551    12.2700    34.4155      8.000    -0.0121 1.6880e-11  1026.4382    12.2596    26.0853     6.2558    190.525    8.63247  262.90988     72.468 -9.990e-29
   40.11852  -71.67308     79.154     78.531    12.2715    34.4149      8.000    -0.0121 1.6880e-11  1026.4377    12.2611    26.0845     6.2563    190.540    8.63242  262.90846     72.474 -9.990e-29
   40.11852  -71.67308     79.150     78.527    12.2735    34.4140      8.000    -0.0121 1.6880e-11  1026.4363    12.2631    26.0836     6.2562    190.539    8.63245  262.90942     72.473 -9.990e-29
   40.11852  -71.67308     79.143     78.520    12.2750    34.4131      8.000    -0.0121 1.6880e-11  1026.4354    12.2647    26.0826     6.2562    190.540    8.63247  262.90983     72.473 -9.990e-29
   40.11852  -71.67308     79.143     78.520    12.2768    34.4123      8.000    -0.0121 1.6880e-11  1026.4344    12.2665    26.0817     6.2563    190.542    8.63248  262.91020     72.474 -9.990e-29
   40.11852  -71.67308     79.122     78.500    12.2783    34.4115      8.000    -0.0121 1.6880e-11  1026.4335    12.2680    26.0808     6.2564    190.544    8.63244  262.90917     72.475 -9.990e-29
 -9.990e-29  -71.67308     79.122     78.500    12.2796    34.4108      8.000    -0.0121 1.6880e-11  1026.4326    12.2692    26.0799     6.2565    190.548    8.63240  262.90785     72.477 -9.990e-29
 -9.990e-29  -71.67308     79.119     78.497    12.2808    34.4101      8.000    -0.0121 1.6880e-11  1026.4320    12.2705    26.0791     6.2567    190.555    8.63243  262.90887     72.480 -9.990e-29
 -9.990e-29  -71.67308     79.112     78.490    12.2825    34.4094      8.000    -0.0121 1.6880e-11  1026.4309    12.2721    26.0783     6.2631    190.748    8.63242  262.90864     72.553 -9.990e-29
 -9.990e-29  -71.67308     79.112     78.490    12.2834    34.4087      8.000    -0.0121 1.6880e-11  1026.4301    12.2730    26.0775     6.2640    190.777    8.63243  262.90886     72.564 -9.990e-29
 -9.990e-29  -71.67308     79.112     78.490    12.2841    34.4082      8.000    -0.0121 1.6880e-11  1026.4297    12.2737    26.0770     6.2650    190.807    8.63241  262.90827     72.575 -9.990e-29
 -9.990e-29  -71.67308     79.082     78.460    12.2850    34.4079      8.000    -0.0121 1.6880e-11  1026.4290    12.2747    26.0766     6.2660    190.838    8.63240  262.90791     72.587 -9.990e-29
 -9.990e-29  -71.67308     79.119     78.497    12.2850    34.4077      8.000    -0.0121 1.6880e-11  1026.4292    12.2747    26.0764     6.2671    190.870    8.63240  262.90791     72.599 -9.990e-29
 -9.990e-29  -71.67308     79.101     78.479    12.2853    34.4076      8.000    -0.0121 1.6880e-11  1026.4288    12.2749    26.0763     6.2681    190.901    8.63236  262.90677     72.612 -9.990e-29
 -9.990e-29  -71.67308     79.101     78.479    12.2855    34.4076      8.000    -0.0121 1.6880e-11  1026.4290    12.2751    26.0763     6.2692    190.934    8.63232  262.90551     72.624 -9.990e-29
 -9.990e-29  -71.67308     79.101     78.479    12.2859    34.4075      8.000    -0.0121 1.6880e-11  1026.4287    12.2755    26.0762     6.2649    190.803    8.63229  262.90462     72.575 -9.990e-29
 -9.990e-29  -71.67308     79.108     78.486    12.2860    34.4074      8.000    -0.0121 1.6880e-11  1026.4288    12.2756    26.0761     6.2708    190.985    8.63234  262.90622     72.644 -9.990e-29
 -9.990e-29  -71.67308     79.101     78.479    12.2863    34.4073      8.000    -0.0121 1.6880e-11  1026.4283    12.2759    26.0759     6.2720    191.021    8.63235  262.90615     72.658 -9.990e-29
 -9.990e-29  -71.67308     79.112     78.490    12.2865    34.4072      8.000    -0.0121 1.6880e-11  1026.4284    12.2762    26.0758     6.2733    191.059    8.63235  262.90609     72.672 -9.990e-29
   40.11854  -71.67308     79.112     78.490    12.2867    34.4071      8.000    -0.0121 1.6880e-11  1026.4284    12.2763    26.0757     6.2738    191.075    8.63230  262.90465     72.679 -9.990e-29
   40.11854  -71.67308     79.122     78.500    12.2870    34.4070 -9.990e-29    -0.0121 1.6880e-11  1026.4281    12.2766    26.0754     6.2744    191.091    8.63222  262.90237     72.685 -9.990e-29
   40.11854  -71.67308     79.119     78.497    12.2875    34.4067      8.000    -0.0121 1.6880e-11  1026.4279    12.2771    26.0752     6.2748    191.106    8.63207  262.89772     72.692 -9.990e-29
   40.11854  -71.67308     79.122     78.500    12.2877    34.4064      8.000    -0.0121 1.6880e-11  1026.4277    12.2773    26.0749     6.2753    191.120    8.63190  262.89257     72.699 -9.990e-29
   40.11854  -71.67308     79.133     78.511    12.2875    34.4060      8.000    -0.0121 1.6880e-11  1026.4274    12.2772    26.0746     6.2757    191.133    8.63174  262.88736     72.705 -9.990e-29
   40.11854  -71.67308     79.154     78.531    12.2870    34.4055      8.000    -0.0121 1.6880e-11  1026.4270    12.2766    26.0744     6.2815    191.309    8.63149  262.88000     72.774 -9.990e-29
   40.11854  -71.67308     79.139     78.516    12.2861    34.4054      8.000    -0.0121 1.6880e-11  1026.4272    12.2758    26.0744     6.2825    191.340    8.63121  262.87189     72.788 -9.990e-29
   40.11854  -71.67308     79.164     78.541    12.2860    34.4056      8.000    -0.0121 1.6880e-11  1026.4274    12.2756    26.0746     6.2782    191.208    8.63105  262.86714     72.739 -9.990e-29
   40.11854  -71.67308     79.173     78.551    12.2853    34.4056      8.000    -0.0121 1.6880e-11  1026.4281    12.2750    26.0748     6.2779    191.200    8.63092  262.86362     72.738 -9.990e-29
   40.11854  -71.67308     79.173     78.551    12.2852    34.4052      8.000    -0.0121 1.6880e-11  1026.4277    12.2748    26.0745     6.2784    191.217    8.63094  262.86388     72.744 -9.990e-29
   40.11854  -71.67308     79.191     78.569    12.2841    34.4044      8.000    -0.0121 1.6880e-11  1026.4267    12.2737    26.0742     6.2790    191.233    8.63101  262.86629     72.749 -9.990e-29
   40.11854  -71.67308     79.194     78.571    12.2808    34.4042      8.000    -0.0121 1.6880e-11  1026.4269    12.2704    26.0746     6.2795    191.248    8.63098  262.86540     72.755 -9.990e-29
   40.11854  -71.67308     79.205     78.582    12.2768    34.4052      8.000    -0.0121 1.6880e-11  1026.4288    12.2665    26.0760     6.2799    191.261    8.63086  262.86152     72.761 -9.990e-29
   40.11854  -71.67308     79.224     78.602    12.2732    34.4072      8.000    -0.0121 1.6880e-11  1026.4313    12.2628    26.0782     6.2796    191.252    8.63070  262.85672     72.759 -9.990e-29
   40.11854  -71.67308     79.224     78.602    12.2702    34.4093      8.000    -0.0121 1.6880e-11  1026.4341    12.2598    26.0805     6.2853    191.426    8.63051  262.85117     72.827 -9.990e-29
   40.11854  -71.67308     79.242     78.619    12.2685    34.4111      8.000    -0.0121 1.6880e-11  1026.4356    12.2581    26.0823     6.2856    191.435    8.63034  262.84632     72.832 -9.990e-29
   40.11854  -71.67308     79.245     78.622    12.2675    34.4123      8.000    -0.0121 1.6880e-11  1026.4371    12.2571    26.0834     6.2812    191.300    8.63021  262.84222     72.781 -9.990e-29
   40.11854  -71.67308     79.256     78.633    12.2668    34.4129      8.000    -0.0121 1.6880e-11  1026.4375    12.2564    26.0840     6.2815    191.309    8.63009  262.83884     72.786 -9.990e-29
   40.11854  -71.67308     79.277     78.654    12.2666    34.4133      8.000    -0.0121 1.6880e-11  1026.4376    12.2563    26.0844     6.2864    191.460    8.62986  262.83222     72.845 -9.990e-29
   40.11854  -71.67308     79.273     78.650    12.2658    34.4138      8.000    -0.0121 1.6880e-11  1026.4383    12.2554    26.0849     6.2812    191.302    8.62971  262.82765     72.786 -9.990e-29
   40.11854  -71.67308     79.287     78.663    12.2652    34.4144      8.000    -0.0255 1.6880e-11  1026.4388    12.2548    26.0855     6.2814    191.308    8.62958  262.82394     72.790 -9.990e-29
   40.11854  -71.67308     79.308     78.684    12.2638    34.4151      8.000    -0.0121 1.6880e-11  1026.4399    12.2534    26.0862     6.2810    191.294    8.62941  262.81866     72.786 -9.990e-29
   40.11854  -71.67308     79.296     78.673    12.2631    34.4156      8.000    -0.0121 1.6880e-11  1026.4404    12.2528    26.0867     6.2805    191.281    8.62933  262.81644     72.781 -9.990e-29
   40.11854  -71.67308     79.313     78.689    12.2630    34.4160      8.000    -0.0121 2.5320e-11  1026.4407    12.2526    26.0871     6.2800    191.266    8.62922  262.81307     72.776 -9.990e-29
   40.11854  -71.67308     79.317     78.694    12.2625    34.4162      8.000    -0.0121 1.6880e-11  1026.4411    12.2521    26.0873     6.2795    191.251    8.62913  262.81059     72.771 -9.990e-29
   40.11854  -71.67308     79.328     78.705    12.2626    34.4163      8.000    -0.0121 1.6880e-11  1026.4412    12.2522    26.0875     6.2844    191.399    8.62905  262.80813     72.828 -9.990e-29
   40.11854  -71.67308     79.328     78.705    12.2623    34.4163      8.000    -0.0121 1.6880e-11  1026.4412    12.2519    26.0875     6.2851    191.421    8.62893  262.80468     72.838 -9.990e-29
   40.11854  -71.67308     79.334     78.710    12.2627    34.4163      8.000    -0.0121 1.6880e-11  1026.4411    12.2523    26.0875     6.2852    191.423    8.62890  262.80370     72.839 -9.990e-29
   40.11854  -71.67308     79.348     78.724    12.2626    34.4163      8.000     0.0013 1.6880e-11  1026.4413    12.2522    26.0875     6.2852    191.424    8.62885  262.80247     72.839 -9.990e-29
   40.11854  -71.67308     79.338     78.714    12.2630    34.4163      8.000     0.0013 1.6880e-11  1026.4411    12.2526    26.0874     6.2798    191.258    8.62879  262.80055     72.777 -9.990e-29
   40.11854  -71.67308     79.348     78.724    12.2633    34.4161      8.000     0.0013 1.6880e-11  1026.4409    12.2529    26.0872     6.2845    191.402    8.62878  262.80037     72.832 -9.990e-29
   40.11854  -71.67308     79.345     78.721    12.2633    34.4158      8.000     0.0013 1.6880e-11  1026.4405    12.2529    26.0870     6.2790    191.235    8.62876  262.79979     72.768 -9.990e-29
   40.11854  -71.67308     79.348     78.724    12.2631    34.4158      8.000     0.0013 1.6880e-11  1026.4408    12.2527    26.0869     6.2836    191.377    8.62877  262.80021     72.822 -9.990e-29
   40.11854  -71.67308     79.359     78.735    12.2631    34.4156      8.000     0.0013 1.6880e-11  1026.4407    12.2527    26.0867     6.2835    191.374    8.62883  262.80207     72.820 -9.990e-29
   40.11854  -71.67308     79.348     78.724    12.2634    34.4154      8.000     0.0013 1.6880e-11  1026.4403    12.2531    26.0865     6.2834    191.370    8.62895  262.80591     72.818 -9.990e-29
   40.11854  -71.67308     79.345     78.721    12.2638    34.4151      8.000     0.0013 1.6880e-11  1026.4400    12.2534    26.0863     6.2833    191.365    8.62909  262.81025     72.815 -9.990e-29
   40.11854  -71.67308     79.348     78.724    12.2636    34.4150      8.000     0.0013 1.6880e-11  1026.4400    12.2532    26.0862     6.2778    191.197    8.62934  262.81765     72.749 -9.990e-29
   40.11854  -71.67308     79.359     78.735    12.2636    34.4150      8.000     0.0013 1.6880e-11  1026.4401    12.2532    26.0862     6.2823    191.335    8.62947  262.82185     72.800 -9.990e-29
   40.11854  -71.67308     79.338     78.714    12.2636    34.4151      8.000     0.0013 1.6880e-11  1026.4399    12.2532    26.0863     6.2774    191.186    8.62977  262.83078     72.741 -9.990e-29
   40.11854  -71.67308     79.345     78.721    12.2636    34.4153      8.000     0.0013 1.6880e-11  1026.4402    12.2532    26.0864     6.2772    191.181    8.63007  262.83953     72.737 -9.990e-29
   40.11854  -71.67308     79.338     78.714    12.2636    34.4155      8.000     0.0013 1.6880e-11  1026.4403    12.2532    26.0866     6.2824    191.338    8.63026  262.84515     72.795 -9.990e-29
   40.11854  -71.67308     79.348     78.724    12.2636    34.4155      8.000     0.0013 1.6880e-11  1026.4404    12.2532    26.0866     6.2774    191.186    8.63042  262.84967     72.736 -9.990e-29
   40.11854  -71.67308     79.328     78.705    12.2638    34.4156      8.000     0.0013 1.6880e-11  1026.4403    12.2534    26.0867     6.2825    191.342    8.63061  262.85543     72.794 -9.990e-29
   40.11854  -71.67308     79.324     78.700    12.2640    34.4157 -9.990e-29     0.0013 1.6880e-11  1026.4404    12.2536    26.0867     6.2830    191.356    8.63095  262.86547     72.796 -9.990e-29
   40.11854  -71.67308     79.328     78.705    12.2641    34.4157      8.000     0.0013 1.6880e-11  1026.4404    12.2538    26.0867     6.2835    191.371    8.63130  262.87594     72.799 -9.990e-29
   40.11854  -71.67308     79.317     78.694    12.2640    34.4157      8.000     0.0013 1.6880e-11  1026.4401    12.2536    26.0867     6.2831    191.359    8.63150  262.88157     72.793 -9.990e-29
   40.11854  -71.67308     79.308     78.684    12.2638    34.4160      8.000     0.0013 1.6880e-11  1026.4405    12.2534    26.0869     6.2779    191.201    8.63158  262.88408     72.732 -9.990e-29
   40.11854  -71.67308     79.313     78.689    12.2636    34.4163      8.000     0.0013 1.6880e-11  1026.4410    12.2532    26.0871     6.2774    191.184    8.63157  262.88359     72.726 -9.990e-29
   40.11854  -71.67308     79.296     78.673    12.2640    34.4163      8.000     0.0013 1.6880e-11  1026.4407    12.2536    26.0871     6.2769    191.170    8.63164  262.88595     72.720 -9.990e-29
   40.11854  -71.67308     79.296     78.673    12.2645    34.4163      8.000     0.0013 1.6880e-11  1026.4404    12.2541    26.0870     6.2818    191.318    8.63169  262.88725     72.776 -9.990e-29
   40.11854  -71.67308     79.287     78.663    12.2652    34.4165 -9.990e-29     0.0013 1.6880e-11  1026.4406    12.2548    26.0871     6.2819    191.323    8.63178  262.88976     72.777 -9.990e-29
   40.11854  -71.67308     79.283     78.659    12.2660    34.4170      8.000     0.0013 1.6880e-11  1026.4407    12.2556    26.0873     6.2820    191.325    8.63180  262.89024     72.777 -9.990e-29
   40.11854  -71.67308     79.266     78.643    12.2666    34.4172      8.000     0.0013 1.6880e-11  1026.4412    12.2563    26.0873     6.2767    191.164    8.63186  262.89221     72.716 -9.990e-29
   40.11854  -71.67308     79.266     78.643    12.2681    34.4170      8.000     0.0013 1.6880e-11  1026.4405    12.2578    26.0869     6.2815    191.311    8.63195  262.89496     72.771 -9.990e-29
   40.11854  -71.67308     79.266     78.643    12.2700    34.4161      8.000     0.0013 1.6880e-11  1026.4393    12.2596    26.0859     6.2822    191.332    8.63200  262.89616     72.779 -9.990e-29
   40.11854  -71.67308     79.256     78.633    12.2713    34.4152      8.000     0.0013 1.6880e-11  1026.4381    12.2609    26.0850     6.2830    191.354    8.63205  262.89772     72.786 -9.990e-29
   40.11854  -71.67308     79.242     78.619    12.2722    34.4147      8.000     0.0013 1.6880e-11  1026.4373    12.2618    26.0845     6.2830    191.355    8.63212  262.89968     72.786 -9.990e-29
   40.11854  -71.67308     79.256     78.633    12.2720    34.4145      8.000     0.0013 1.6880e-11  1026.4376    12.2617    26.0843     6.2830    191.355    8.63212  262.89968     72.786 -9.990e-29
   40.11854  -71.67308     79.236     78.612    12.2717    34.4145      8.000     0.0013 1.6880e-11  1026.4375    12.2613    26.0842     6.2775    191.189    8.63212  262.89967     72.723 -9.990e-29
