CalculateIndicators/WaterTemperature/Data/CTD_NYOS/20240914_C25.cnv
* Sea-Bird SBE 9 Data File:
* FileName = C:\Seabird 9 CTD\Data\2024\202409_offshore\20240914_C25.hex
* Software Version Seasave V 7.23.2
* Temperature SN = 4590
* Conductivity SN = 3228
* Number of Bytes Per Scan = 44
* Number of Voltage Words = 5
* Number of Scans Averaged by the Deck Unit = 1
* NMEA Latitude = 39 56.45 N
* NMEA Longitude = 072 02.07 W
* NMEA UTC (Time) = Sep 14 2024  10:34:52
* NMEA baud rate = 4800
** Ship: Seawolf
** Station: 10.5
** Operator: TDK
# nquan = 18
# nvalues = 20276                       
# units = specified
# name 0 = latitude: Latitude [deg]
# name 1 = longitude: Longitude [deg]
# name 2 = prDM: Pressure, Digiquartz [db]
# name 3 = depSM: Depth [salt water, m]
# name 4 = t090C: Temperature [ITS-90, deg C]
# name 5 = sal00: Salinity, Practical [PSU]
# name 6 = ph: pH
# name 7 = flECO-AFL: Fluorescence, WET Labs ECO-AFL/FL [mg/m^3]
# name 8 = cpar: CPAR/Corrected Irradiance [%]
# name 9 = density00: Density [density, kg/m^3]
# name 10 = potemp090C: Potential Temperature [ITS-90, deg C]
# name 11 = sigma-é00: Density [sigma-theta, kg/m^3]
# name 12 = sbeox0Mg/L: Oxygen, SBE 43 [mg/l]
# name 13 = sbox0Mm/Kg: Oxygen, SBE 43 [umol/kg]
# name 14 = oxsolMg/L: Oxygen Saturation, Garcia & Gordon [mg/l]
# name 15 = oxsolMm/Kg: Oxygen Saturation, Garcia & Gordon [umol/kg]
# name 16 = sbeox0PS: Oxygen, SBE 43 [% saturation]
# name 17 = flag:  0.000e+00
# span 0 =   39.93896,   39.94086       
# span 1 =  -72.03808,  -72.03462       
# span 2 =      1.444,     85.370       
# span 3 =      1.433,     84.699       
# span 4 =    11.6253,    21.8264       
# span 5 =    32.9418,    34.1995       
# span 6 =      7.957,      8.220       
# span 7 =    -0.0524,     0.9684       
# span 8 = 1.0128e-12, 3.8621e+01       
# span 9 =  1022.8939,  1026.4192       
# span 10 =    11.6146,    21.8221      
# span 11 =    22.8934,    26.0383      
# span 12 =     5.9679,     8.5268      
# span 13 =    181.767,    260.143      
# span 14 =    7.21361,    8.77162      
# span 15 =  220.31402,  267.26606      
# span 16 =     68.121,    106.656      
# span 17 = 0.0000e+00, 0.0000e+00      
# interval = seconds: 0.0416667
# start_time = Sep 14 2024 10:34:53 [System UTC, first data scan.]
# bad_flag = -9.990e-29
*END*
[from data line 13990]
 -9.990e-29 -9.990e-29     38.946     38.644    13.2068    33.3269      8.067     0.3103 4.8584e-01  1025.2295    13.2015    25.0569     7.8475    239.249    8.53437  260.18920     91.952 0.0000e+00
 -9.990e-29 -9.990e-29     38.942     38.640    13.2076    33.3350      8.067     0.3103 4.9500e-01  1025.2359    13.2023    25.0630     7.8494    239.306    8.53576  260.23261     91.959 0.0000e+00
 -9.990e-29 -9.990e-29     38.937     38.635    13.2078    33.3432      8.067     0.3103 4.9500e-01  1025.2435    13.2025    25.0692     7.8521    239.390    8.53754  260.28737     91.971 -9.990e-29
 -9.990e-29 -9.990e-29     38.942     38.640    13.2078    33.3484      8.067     0.3103 4.9500e-01  1025.2496    13.2025    25.0731     7.8495    239.312    8.53940  260.34438     91.921 -9.990e-29
 -9.990e-29 -9.990e-29     38.937     38.635    13.2119    33.3483      8.067     0.3103 4.9339e-01  1025.2474    13.2066    25.0724     7.8565    239.525    8.54096  260.39108     91.987 0.0000e+00
 -9.990e-29 -9.990e-29     38.931     38.629    13.2159    33.3441      8.067     0.3103 5.0124e-01  1025.2417    13.2106    25.0684     7.8584    239.582    8.54214  260.42581     91.996 -9.990e-29
 -9.990e-29 -9.990e-29     38.937     38.635    13.2187    33.3382      8.067     0.3103 4.9961e-01  1025.2371    13.2134    25.0632     7.8600    239.627    8.54304  260.45233     92.004 -9.990e-29
 -9.990e-29 -9.990e-29     38.942     38.640    13.2223    33.3315      8.067     0.2968 4.9961e-01  1025.2302    13.2170    25.0575     7.8613    239.668    8.54388  260.47727     92.011 -9.990e-29
 -9.990e-29 -9.990e-29     38.937     38.635    13.2229    33.3247      8.067     0.2968 5.0288e-01  1025.2252    13.2176    25.0520     7.8625    239.706    8.54532  260.52289     92.009 -9.990e-29
 -9.990e-29 -9.990e-29     38.931     38.629    13.2235    33.3180      8.067     0.3103 5.0452e-01  1025.2198    13.2182    25.0468     7.8698    239.930    8.54777  260.60028     92.068 -9.990e-29
   39.93956  -72.03706     38.937     38.635    13.2226    33.3133      8.067     0.2968 5.1442e-01  1025.2130    13.2173    25.0434     7.8725    240.012    8.55042  260.68157     92.071 -9.990e-29
   39.93956  -72.03706     38.942     38.640    13.2187    33.3140      8.067     0.3103 5.1442e-01  1025.2160    13.2134    25.0443     7.8755    240.104    8.55287  260.75603     92.080 -9.990e-29
   39.93956  -72.03706     38.957     38.655    13.2170    33.3185      8.067     0.3103 5.1442e-01  1025.2226    13.2117    25.0482     7.8783    240.190    8.55529  260.82904     92.087 -9.990e-29
   39.93956  -72.03706     38.942     38.640    13.2150    33.3203      8.067     0.3237 5.1442e-01  1025.2272    13.2097    25.0498     7.8811    240.274    8.55774  260.90409     92.093 -9.990e-29
   39.93956  -72.03706     38.957     38.655    13.2170    33.3158      8.067     0.3237 5.1107e-01  1025.2210    13.2117    25.0462     7.8787    240.203    8.56053  260.98968     92.035 -9.990e-29
   39.93956  -72.03706     38.952     38.650    13.2199    33.3081      8.067     0.3237 5.0775e-01  1025.2115    13.2146    25.0399     7.8865    240.439    8.56355  261.08210     92.093 -9.990e-29
   39.93956  -72.03706     38.972     38.670    13.2197    33.3026      8.067     0.3237 5.0775e-01  1025.2066    13.2144    25.0357     7.8893    240.524    8.56641  261.16835     92.095 -9.990e-29
   39.93956  -72.03706     38.967     38.665    13.2167    33.3015      8.067     0.3237 5.2129e-01  1025.2075    13.2114    25.0353     7.8919    240.606    8.56930  261.25671     92.096 -9.990e-29
   39.93956  -72.03706     38.972     38.670    13.2135    33.3031      8.067     0.3237 5.2470e-01  1025.2108    13.2082    25.0370     7.8999    240.849    8.57232  261.34809     92.156 -9.990e-29
   39.93956  -72.03706     38.977     38.675    13.2115    33.3048      8.067     0.3103 5.2470e-01  1025.2127    13.2062    25.0388     7.8978    240.782    8.57466  261.41731     92.106 -9.990e-29
   39.93956  -72.03706     38.993     38.691    13.2098    33.3065      8.067     0.3237 5.2300e-01  1025.2128    13.2045    25.0404     7.8995    240.834    8.57692  261.48617     92.102 -9.990e-29
   39.93956  -72.03706     38.988     38.685    13.2080    33.3111      8.067     0.3237 5.2300e-01  1025.2148    13.2027    25.0442     7.9019    240.905    8.57934  261.55920     92.104 -9.990e-29
   39.93956  -72.03706     39.012     38.710    13.2070    33.3200      8.067     0.3237 5.2300e-01  1025.2252    13.2017    25.0509     7.9087    241.111    8.58099  261.60736     92.165 -9.990e-29
   39.93956  -72.03706     39.008     38.706    13.2119    33.3282      8.067     0.3237 5.2300e-01  1025.2341    13.2066    25.0566     7.9049    240.992    8.58205  261.63778     92.109 -9.990e-29
   39.93956  -72.03706     39.024     38.721    13.2197    33.3303      8.067     0.3237 5.1442e-01  1025.2331    13.2144    25.0570     7.9052    241.003    8.58276  261.65805     92.106 -9.990e-29
   39.93956  -72.03706     39.028     38.725    13.2258    33.3270      8.072     0.3237 5.1442e-01  1025.2265    13.2205    25.0534     7.9054    241.007    8.58337  261.67570     92.101 -9.990e-29
   39.93956  -72.03706     39.033     38.731    13.2292    33.3237      8.067     0.3237 5.1442e-01  1025.2215    13.2239    25.0501     7.9056    241.014    8.58416  261.70017     92.095 -9.990e-29
   39.93956  -72.03706     39.048     38.746    13.2307    33.3247      8.067     0.3237 5.1274e-01  1025.2215    13.2254    25.0504     7.9063    241.037    8.58558  261.74507     92.088 -9.990e-29
   39.93956  -72.03706     39.054     38.751    13.2329    33.3308      8.072     0.3237 5.1274e-01  1025.2276    13.2276    25.0545     7.9074    241.070    8.58746  261.80358     92.081 -9.990e-29
   39.93956  -72.03706     39.079     38.776    13.2378    33.3374      8.072     0.3237 5.0124e-01  1025.2363    13.2325    25.0586     7.9138    241.265    8.58880  261.84317     92.141 -9.990e-29
   39.93956  -72.03706     39.084     38.781    13.2457    33.3389      8.067     0.3103 4.9798e-01  1025.2339    13.2404    25.0585     7.9087    241.109    8.58937  261.85838     92.076 -9.990e-29
   39.93956  -72.03706     39.090     38.787    13.2508    33.3361      8.067     0.3237 4.9636e-01  1025.2290    13.2455    25.0553     7.9088    241.108    8.58980  261.87073     92.071 -9.990e-29
   39.93956  -72.03706     39.115     38.811    13.2550    33.3327      8.067     0.3237 4.9636e-01  1025.2254    13.2496    25.0518     7.9091    241.118    8.59063  261.89660     92.066 -9.990e-29
   39.93956  -72.03706     39.120     38.817    13.2577    33.3295      8.067     0.3237 4.8700e-01  1025.2231    13.2524    25.0488     7.9086    241.105    8.59147  261.92183     92.052 -9.990e-29
   39.93956  -72.03706     39.135     38.832    13.2602    33.3247      8.067     0.3237 4.8700e-01  1025.2206    13.2548    25.0447     7.9082    241.091    8.59170  261.92742     92.045 -9.990e-29
   39.93956  -72.03706     39.150     38.847    13.2619    33.3131      8.067     0.3237 4.8700e-01  1025.2160    13.2565    25.0355     7.9020    240.900    8.59153  261.92121     91.974 -9.990e-29
   39.93956  -72.03706     39.166     38.862    13.2621    33.2919      8.072     0.2968 4.7642e-01  1025.1931    13.2567    25.0197     7.9006    240.857    8.59155  261.92168     91.958 -9.990e-29
   39.93956  -72.03706     39.201     38.898    13.2513    33.2711      8.067     0.2968 4.7487e-01  1025.1717    13.2459    25.0055     7.8995    240.824    8.59194  261.93441     91.941 -9.990e-29
   39.93956  -72.03706     39.186     38.883    13.2327    33.2626      8.072     0.2834 4.7487e-01  1025.1712    13.2274    25.0019     7.8982    240.786    8.59223  261.94263     91.923 -9.990e-29
   39.93956  -72.03706     39.222     38.918    13.2156    33.2661      8.072     0.2968 4.7177e-01  1025.1810    13.2103    25.0077     7.8968    240.743    8.59243  261.94893     91.905 -9.990e-29
   39.93956  -72.03706     39.228     38.924    13.2022    33.2747      8.072     0.2968 4.6017e-01  1025.1920    13.1969    25.0169     7.8955    240.702    8.59270  261.95798     91.886 -9.990e-29
   39.93956  -72.03706     39.243     38.939    13.1933    33.2828      8.072     0.2968 4.6017e-01  1025.2020    13.1880    25.0251     7.8886    240.493    8.59283  261.96249     91.804 -9.990e-29
   39.93956  -72.03706     39.258     38.954    13.1876    33.2875      8.072     0.2968 4.6017e-01  1025.2063    13.1822    25.0302     7.8860    240.412    8.59253  261.95300     91.777 -9.990e-29
   39.93956  -72.03706     39.283     38.978    13.1817    33.2902      8.072     0.2968 4.6168e-01  1025.2068    13.1763    25.0335     7.8827    240.312    8.59162  261.92337     91.749 -9.990e-29
   39.93956  -72.03706     39.298     38.993    13.1760    33.2933      8.072     0.2968 4.6168e-01  1025.2130    13.1706    25.0369     7.8739    240.041    8.59040  261.88457     91.659 -9.990e-29
   39.93956  -72.03708     39.313     39.008    13.1729    33.2939      8.072     0.2968 4.5867e-01  1025.2162    13.1676    25.0381     7.8706    239.939    8.58940  261.85344     91.631 -9.990e-29
   39.93956  -72.03708     39.330     39.025    13.1702    33.2904      8.072     0.2968 4.5567e-01  1025.2100    13.1649    25.0362     7.8675    239.847    8.58869  261.83183     91.603 -9.990e-29
   39.93956  -72.03708     39.355     39.049    13.1632    33.2864      8.072     0.2968 4.5567e-01  1025.2089    13.1579    25.0342     7.8644    239.752    8.58786  261.80631     91.576 -9.990e-29
   39.93956  -72.03708     39.370     39.065    13.1570    33.2829      8.073     0.2968 4.4753e-01  1025.2090    13.1516    25.0328     7.8565    239.510    8.58684  261.77485     91.495 -9.990e-29
   39.93956  -72.03708     39.385     39.080    13.1508    33.2783      8.073     0.2968 4.4607e-01  1025.2058    13.1454    25.0306     7.8530    239.404    8.58550  261.73439     91.468 -9.990e-29
   39.93956  -72.03708     39.400     39.095    13.1425    33.2736      8.073     0.2968 4.4607e-01  1025.2029    13.1372    25.0285     7.8493    239.292    8.58383  261.68434     91.443 -9.990e-29
   39.93956  -72.03708     39.425     39.119    13.1331    33.2709      8.073     0.2968 4.4607e-01  1025.2019    13.1277    25.0283     7.8458    239.185    8.58232  261.63786     91.418 -9.990e-29
   39.93956  -72.03708     39.436     39.130    13.1237    33.2718      8.073     0.2968 4.4315e-01  1025.2053    13.1183    25.0306     7.8413    239.044    8.58024  261.57265     91.387 -9.990e-29
   39.93956  -72.03708     39.451     39.145    13.1154    33.2748      8.073     0.2968 4.4170e-01  1025.2108    13.1101    25.0345     7.8372    238.920    8.57803  261.50307     91.364 -9.990e-29
   39.93956  -72.03708     39.476     39.170    13.1094    33.2770      8.073     0.2968 4.4170e-01  1025.2145    13.1041    25.0376     7.8332    238.796    8.57566  261.43086     91.342 -9.990e-29
   39.93956  -72.03708     39.483     39.177    13.1042    33.2756      8.073     0.2968 4.4315e-01  1025.2167    13.0989    25.0376     7.8233    238.496    8.57275  261.34283     91.258 -9.990e-29
   39.93956  -72.03708     39.517     39.211    13.0988    33.2682      8.068     0.2968 4.4461e-01  1025.2107    13.0935    25.0332     7.8184    238.345    8.56993  261.25678     91.230 -9.990e-29
   39.93956  -72.03708     39.523     39.216    13.0898    33.2578      8.068     0.2968 4.4461e-01  1025.2001    13.0844    25.0270     7.8126    238.169    8.56616  261.14196     91.203 -9.990e-29
   39.93956  -72.03708     39.538     39.231    13.0766    33.2505      8.068     0.2968 4.4170e-01  1025.1980    13.0713    25.0237     7.8028    237.872    8.56294  261.04466     91.123 -9.990e-29
   39.93956  -72.03708     39.553     39.247    13.0634    33.2471      8.073     0.2968 4.4025e-01  1025.1990    13.0581    25.0237     7.7983    237.736    8.56020  260.96199     91.100 -9.990e-29
   39.93956  -72.03708     39.568     39.262    13.0497    33.2448      8.073     0.2968 4.3252e-01  1025.2019    13.0443    25.0246     7.7886    237.438    8.55729  260.87310     91.017 -9.990e-29
   39.93956  -72.03708     39.594     39.288    13.0370    33.2411      8.073     0.3103 4.3111e-01  1025.2013    13.0317    25.0244     7.7837    237.288    8.55441  260.78491     90.990 -9.990e-29
   39.93956  -72.03708     39.608     39.301    13.0232    33.2361      8.073     0.3237 4.2969e-01  1025.1991    13.0179    25.0232     7.7737    236.984    8.55151  260.69662     90.904 -9.990e-29
   39.93956  -72.03708     39.619     39.312    13.0079    33.2319      8.068     0.3103 4.2969e-01  1025.1977    13.0025    25.0229     7.7682    236.817    8.54888  260.61779     90.868 -9.990e-29
   39.93956  -72.03708     39.634     39.327    12.9915    33.2291      8.068     0.3103 4.2969e-01  1025.2014    12.9862    25.0238     7.7640    236.689    8.54676  260.55304     90.841 -9.990e-29
   39.93956  -72.03708     39.650     39.342    12.9769    33.2268      8.068     0.3237 4.2228e-01  1025.2001    12.9716    25.0251     7.7598    236.563    8.54450  260.48423     90.817 -9.990e-29
   39.93956  -72.03708     39.655     39.348    12.9599    33.2269      8.068     0.3237 4.2089e-01  1025.2034    12.9546    25.0283     7.7611    236.601    8.54215  260.41345     90.856 -9.990e-29
   39.93956  -72.03708     39.680     39.372    12.9446    33.2288      8.073     0.3237 4.2089e-01  1025.2119    12.9393    25.0327     7.7534    236.370    8.54002  260.35093     90.789 -9.990e-29
   39.93956  -72.03708     39.697     39.389    12.9327    33.2297      8.073     0.3237 4.1813e-01  1025.2121    12.9274    25.0360     7.7507    236.290    8.53868  260.31245     90.772 -9.990e-29
   39.93956  -72.03708     39.710     39.403    12.9191    33.2315      8.068     0.3237 4.1813e-01  1025.2147    12.9138    25.0399     7.7434    236.066    8.53772  260.28322     90.696 -9.990e-29
   39.93956  -72.03708     39.717     39.409    12.9075    33.2368      8.068     0.3103 4.1951e-01  1025.2231    12.9022    25.0462     7.7403    235.974    8.53612  260.23469     90.677 -9.990e-29
   39.93956  -72.03708     39.731     39.423    12.8991    33.2434      8.068     0.3103 4.2228e-01  1025.2309    12.8938    25.0530     7.7377    235.894    8.53410  260.17292     90.668 -9.990e-29
   39.93956  -72.03708     39.752     39.444    12.8933    33.2486      8.068     0.3237 4.2367e-01  1025.2366    12.8880    25.0583     7.7294    235.639    8.53198  260.10686     90.593 -9.990e-29
   39.93956  -72.03708     39.757     39.449    12.8888    33.2508      8.068     0.3103 4.2228e-01  1025.2403    12.8835    25.0609     7.7252    235.509    8.52903  260.01407     90.576 -9.990e-29
   39.93956  -72.03708     39.772     39.464    12.8851    33.2483      8.069     0.3237 4.1676e-01  1025.2391    12.8798    25.0599     7.7165    235.242    8.52656  259.93818     90.499 -9.990e-29
   39.93956  -72.03708     39.788     39.479    12.8802    33.2422      8.069     0.3237 4.1538e-01  1025.2324    12.8749    25.0563     7.7198    235.344    8.52610  259.92637     90.543 -9.990e-29
   39.93956  -72.03708     39.792     39.483    12.8719    33.2380      8.069     0.3237 4.1402e-01  1025.2282    12.8665    25.0544     7.7193    235.332    8.52630  259.93588     90.535 -9.990e-29
   39.93956  -72.03708     39.808     39.500    12.8632    33.2396      8.069     0.3237 4.0566e-01  1025.2330    12.8578    25.0572     7.7129    235.139    8.52552  259.91377     90.468 -9.990e-29
   39.93956  -72.03708     39.812     39.504    12.8571    33.2446      8.069     0.3237 4.0566e-01  1025.2415    12.8518    25.0622     7.7119    235.110    8.52460  259.88748     90.466 -9.990e-29
   39.93956  -72.03708     39.823     39.515    12.8538    33.2473      8.069     0.3237 4.0566e-01  1025.2446    12.8484    25.0651     7.7111    235.086    8.52417  259.87531     90.461 -9.990e-29
