CalculateIndicators/WaterTemperature/Data/CTD_NYOS/20240427_C15.cnv
* Sea-Bird SBE 9 Data File:
* FileName = C:\Seabird 9 CTD\Data\2024\202404_offshore\20240427_C15.hex
* Software Version Seasave V 7.23.2
* Temperature SN = 4590
* Conductivity SN = 3228
* Number of Bytes Per Scan = 44
* Number of Voltage Words = 5
* Number of Scans Averaged by the Deck Unit = 1
* NMEA Latitude = 39 46.38 N
* NMEA Longitude = 072 23.28 W
* NMEA UTC (Time) = Apr 27 2024  15:23:52
* NMEA baud rate = 4800
** Ship: Seawolf
** Station: 9.5
** Operator: TCM
# nquan = 18
# nvalues = 16220                       
# units = specified
# name 0 = latitude: Latitude [deg]
# name 1 = longitude: Longitude [deg]
# name 2 = prDM: Pressure, Digiquartz [db]
# name 3 = depSM: Depth [salt water, m]
# name 4 = t090C: Temperature [ITS-90, deg C]
# name 5 = sal00: Salinity, Practical [PSU]
# name 6 = ph: pH
# name 7 = flECO-AFL: Fluorescence, WET Labs ECO-AFL/FL [mg/m^3]
# name 8 = cpar: CPAR/Corrected Irradiance [%]
# name 9 = density00: Density [density, kg/m^3]
# name 10 = potemp090C: Potential Temperature [ITS-90, deg C]
# name 11 = sigma-é00: Density [sigma-theta, kg/m^3]
# name 12 = sbeox0Mg/L: Oxygen, SBE 43 [mg/l]
# name 13 = sbox0Mm/Kg: Oxygen, SBE 43 [umol/kg]
# name 14 = oxsolMg/L: Oxygen Saturation, Garcia & Gordon [mg/l]
# name 15 = oxsolMm/Kg: Oxygen Saturation, Garcia & Gordon [umol/kg]
# name 16 = sbeox0PS: Oxygen, SBE 43 [% saturation]
# name 17 = flag:  0.000e+00
# span 0 =   39.77286,   39.77306       
# span 1 =  -72.38858,  -72.38814       
# span 2 =      1.800,     83.904       
# span 3 =      1.786,     83.246       
# span 4 =     5.8473,     8.0585       
# span 5 =    32.0624,    32.2758       
# span 6 =      7.933,      8.052       
# span 7 =    -0.0255,     0.7938       
# span 8 = 4.3505e-14, 4.8719e+02       
# span 9 =  1024.9981,  1025.8036       
# span 10 =     5.8427,     8.0582      
# span 11 =    24.9885,    25.4180      
# span 12 =     9.3077,    10.1277      
# span 13 =    283.661,    308.765      
# span 14 =    9.59852,   10.09135      
# span 15 =  292.64334,  307.54792      
# span 16 =     92.294,    105.303      
# span 17 = 0.0000e+00, 0.0000e+00      
# interval = seconds: 0.0416667
# start_time = Apr 27 2024 15:23:53 [System UTC, first data scan.]
# bad_flag = -9.990e-29
*END*
[from data line 14473]
   39.77290  -72.38852      3.369      3.343     8.0442    32.1072      8.041     0.4311 5.1042e+01  1025.0118     8.0439    24.9964    10.0905    307.641    9.60571  292.86087    105.047 -9.990e-29
   39.77290  -72.38852      3.369      3.343     8.0449    32.1071      8.041     0.4311 5.8351e+01  1025.0115     8.0446    24.9961    10.0841    307.446    9.60551  292.85496    104.982 -9.990e-29
   39.77290  -72.38852      3.360      3.334     8.0456    32.1069      8.041     0.4311 6.6085e+01  1025.0113     8.0453    24.9959    10.0768    307.225    9.60537  292.85054    104.908 -9.990e-29
   39.77290  -72.38852      3.369      3.343     8.0463    32.1069      8.037     0.4311 6.7931e+01  1025.0111     8.0459    24.9957    10.0809    307.348    9.60521  292.84571    104.952 -9.990e-29
   39.77290  -72.38852      3.360      3.334     8.0471    32.1069      8.041     0.4311 7.2059e+01  1025.0110     8.0468    24.9957    10.0857    307.495    9.60502  292.84043    105.004 -9.990e-29
   39.77290  -72.38852      3.369      3.343     8.0476    32.1069      8.041     0.4311 8.0159e+01  1025.0112     8.0472    24.9957    10.0854    307.485    9.60503  292.84082    105.001 -9.990e-29
   39.77290  -72.38852      3.360      3.334     8.0479    32.1067      8.041     0.4311 1.0880e+02  1025.0108     8.0476    24.9954    10.0851    307.479    9.60522  292.84707    104.996 -9.990e-29
   39.77290  -72.38852      3.379      3.353     8.0484    32.1064      8.041     0.4311 1.2873e+02  1025.0105     8.0480    24.9952    10.0729    307.107    9.60575  292.86302    104.864 -9.990e-29
   39.77290  -72.38852      3.360      3.334     8.0488    32.1063      8.041     0.4311 1.3512e+02  1025.0103     8.0485    24.9951    10.0772    307.237    9.60612  292.87429    104.904 -9.990e-29
   39.77290  -72.38852      3.369      3.343     8.0488    32.1063      8.041     0.4446 1.7522e+02  1025.0105     8.0485    24.9950    10.0820    307.382    9.60624  292.87780    104.952 -9.990e-29
   39.77290  -72.38852      3.369      3.343     8.0489    32.1061      8.041     0.4446 2.0589e+02  1025.0102     8.0486    24.9948    10.0821    307.386    9.60624  292.87734    104.954 -9.990e-29
   39.77290  -72.38852      3.360      3.334     8.0490    32.1059      8.041     0.4446 2.1197e+02  1025.0099     8.0487    24.9947    10.0821    307.385    9.60618  292.87549    104.954 -9.990e-29
   39.77290  -72.38852      3.369      3.343     8.0489    32.1059      8.041     0.4446 2.4547e+02  1025.0101     8.0486    24.9947    10.0820    307.383    9.60612  292.87354    104.954 -9.990e-29
   39.77290  -72.38852      3.360      3.334     8.0490    32.1059      8.037     0.4446 2.7640e+02  1025.0100     8.0487    24.9947    10.0819    307.379    9.60608  292.87259    104.953 -9.990e-29
   39.77290  -72.38852      3.360      3.334     8.0489    32.1058      8.041     0.4446 2.8278e+02  1025.0100     8.0486    24.9946    10.0757    307.191    9.60617  292.87536    104.888 -9.990e-29
   39.77290  -72.38852      3.360      3.334     8.0487    32.1056      8.041     0.4446 2.3038e+02  1025.0097     8.0484    24.9944    10.0688    306.979    9.60636  292.88136    104.813 -9.990e-29
   39.77290  -72.38852      3.349      3.323     8.0486    32.1055      8.041     0.4446 1.8501e+02  1025.0096     8.0483    24.9944    10.0792    307.298    9.60647  292.88469    104.921 -9.990e-29
   39.77290  -72.38852      3.349      3.323     8.0484    32.1057      8.041     0.4446 1.7588e+02  1025.0098     8.0480    24.9946    10.0853    307.484    9.60668  292.89113    104.982 -9.990e-29
   39.77290  -72.38852      3.360      3.334     8.0478    32.1058      8.037     0.4446 1.5717e+02  1025.0104     8.0475    24.9947    10.0809    307.350    9.60697  292.90007    104.933 -9.990e-29
   39.77290  -72.38852      3.350      3.324     8.0484    32.1057      8.037     0.4446 1.2837e+02  1025.0098     8.0480    24.9946    10.0860    307.506    9.60723  292.90787    104.984 -9.990e-29
   39.77290  -72.38852      3.349      3.323     8.0483    32.1056      8.037     0.4446 1.2067e+02  1025.0099     8.0479    24.9945    10.0815    307.366    9.60751  292.91640    104.933 -9.990e-29
   39.77290  -72.38852      3.349      3.323     8.0480    32.1056      8.041     0.4446 1.2481e+02  1025.0097     8.0477    24.9945    10.0812    307.359    9.60781  292.92541    104.927 -9.990e-29
   39.77290  -72.38852      3.339      3.313     8.0478    32.1053      8.037     0.4446 1.3428e+02  1025.0099     8.0475    24.9944    10.0819    307.378    9.60815  292.93554    104.930 -9.990e-29
   39.77290  -72.38852      3.349      3.323     8.0482    32.1048      8.041     0.4446 1.3733e+02  1025.0093     8.0479    24.9940    10.0814    307.365    9.60837  292.94210    104.924 -9.990e-29
   39.77290  -72.38852      3.339      3.313     8.0478    32.1040      8.041     0.4446 1.3541e+02  1025.0087     8.0475    24.9933    10.0817    307.371    9.60844  292.94391    104.925 -9.990e-29
   39.77290  -72.38852      3.339      3.313     8.0476    32.1027      8.041     0.4446 1.2658e+02  1025.0079     8.0472    24.9924    10.0808    307.346    9.60843  292.94327    104.917 -9.990e-29
   39.77290  -72.38852      3.329      3.304     8.0476    32.1011      8.041     0.4446 1.2307e+02  1025.0062     8.0473    24.9911    10.0808    307.345    9.60836  292.94113    104.917 0.0000e+00
   39.77290  -72.38852      3.318      3.293     8.0476    32.0996 -9.990e-29     0.4446 1.2873e+02  1025.0047     8.0472    24.9899    10.0798    307.313    9.60827  292.93839    104.907 -9.990e-29
   39.77290  -72.38852      3.318      3.293     8.0473    32.0991 -9.990e-29     0.4446 1.8294e+02  1025.0039     8.0470    24.9897    10.0794    307.301    9.60797  292.92885    104.906 -9.990e-29
   39.77290  -72.38852      3.318      3.293     8.0438    32.0998 -9.990e-29     0.4446 2.1649e+02  1025.0060     8.0435    24.9905    10.0781    307.262    9.60775  292.92205    104.895 -9.990e-29
   39.77290  -72.38852      3.309      3.283     8.0432    32.1003 -9.990e-29     0.4446 2.1710e+02  1025.0068     8.0429    24.9910    10.0775    307.244    9.60743  292.91183    104.893 -9.990e-29
   39.77290  -72.38852      3.309      3.283     8.0436    32.1000 -9.990e-29     0.4446 1.6297e+02  1025.0060     8.0433    24.9908    10.0777    307.249    9.60700  292.89872    104.900 -9.990e-29
   39.77290  -72.38852      3.299      3.274     8.0440    32.0993 -9.990e-29     0.4311 1.3652e+02  1025.0051     8.0437    24.9903    10.0962    307.815    9.60658  292.88616    105.097 -9.990e-29
   39.77290  -72.38852      3.299      3.274     8.0438    32.0993 -9.990e-29     0.4177 1.3348e+02  1025.0046     8.0435    24.9903    10.0865    307.519    9.60609  292.87185    105.001 -9.990e-29
   39.77290  -72.38852      3.299      3.274     8.0409    32.0998 -9.990e-29     0.4043 1.3236e+02  1025.0067     8.0406    24.9909    10.0798    307.314    9.60589  292.86655    104.933 -9.990e-29
   39.77290  -72.38852      3.288      3.263     8.0402    32.0999 -9.990e-29     0.4043 1.3051e+02  1025.0063     8.0399    24.9911    10.0794    307.303    9.60598  292.86930    104.929 0.0000e+00
   39.77290  -72.38852      3.279      3.253     8.0393    32.0997 -9.990e-29     0.4043 1.3014e+02  1025.0057     8.0390    24.9912    10.0799    307.318    9.60603  292.87119    104.933 -9.990e-29
   39.77290  -72.38852      3.279      3.253     8.0375    32.0999 -9.990e-29     0.4043 1.2757e+02  1025.0065     8.0372    24.9916    10.0786    307.278    9.60610  292.87321    104.919 -9.990e-29
   39.77290  -72.38852      3.279      3.253     8.0357    32.1000 -9.990e-29     0.4043 1.2473e+02  1025.0074     8.0354    24.9919    10.0904    307.639    9.60622  292.87684    105.040 -9.990e-29
   39.77290  -72.38852      3.268      3.243     8.0344    32.0993 -9.990e-29     0.4043 1.2403e+02  1025.0066     8.0341    24.9917    10.0925    307.704    9.60637  292.88173    105.061 0.0000e+00
   39.77290  -72.38852      3.258      3.233     8.0329    32.0988 -9.990e-29     0.4043 1.4807e+02  1025.0054     8.0326    24.9916    10.0833    307.423    9.60657  292.88832    104.962 0.0000e+00
   39.77290  -72.38852      3.248      3.223     8.0295    32.0998 -9.990e-29     0.4043 1.9614e+02  1025.0069     8.0292    24.9927    10.0830    307.414    9.60693  292.89912    104.955 -9.990e-29
   39.77290  -72.38852      3.248      3.223     8.0261    32.1019 -9.990e-29     0.4043 2.1102e+02  1025.0099     8.0258    24.9947    10.0941    307.751    9.60730  292.91030    105.067 -9.990e-29
   39.77290  -72.38852      3.228      3.203     8.0241    32.1035 -9.990e-29     0.4043 2.0749e+02  1025.0115     8.0238    24.9963    10.0963    307.818    9.60768  292.92190    105.085 -9.990e-29
   39.77290  -72.38852      3.237      3.213     8.0230    32.1046 -9.990e-29     0.4043 2.0060e+02  1025.0117     8.0227    24.9973    10.0922    307.694    9.60805  292.93287    105.039 -9.990e-29
   39.77290  -72.38852      3.218      3.193     8.0221    32.1059 -9.990e-29     0.4043 1.9836e+02  1025.0131     8.0218    24.9985    10.0871    307.537    9.60823  292.93825    104.984 -9.990e-29
   39.77290  -72.38852      3.218      3.193     8.0223    32.1076 -9.990e-29     0.4043 1.9775e+02  1025.0148     8.0220    24.9998    10.0977    307.860    9.60842  292.94379    105.092 -9.990e-29
   39.77290  -72.38852      3.207      3.183     8.0230    32.1089 -9.990e-29     0.4043 1.9664e+02  1025.0159     8.0227    25.0006    10.0984    307.883    9.60853  292.94717    105.098 -9.990e-29
   39.77290  -72.38852      3.207      3.183     8.0249    32.1092 -9.990e-29     0.4043 1.9553e+02  1025.0155     8.0246    25.0008    10.0877    307.555    9.60862  292.94968    104.985 -9.990e-29
   39.77290  -72.38852      3.186      3.162     8.0259    32.1092 -9.990e-29     0.4043 1.9065e+02  1025.0150     8.0256    25.0006    10.0936    307.737    9.60879  292.95464    105.046 -9.990e-29
   39.77290  -72.38852      3.188      3.163     8.0264    32.1092 -9.990e-29     0.4043 1.5139e+02  1025.0154     8.0261    25.0004    10.0995    307.914    9.60888  292.95749    105.105 -9.990e-29
   39.77290  -72.38852      3.177      3.153     8.0274    32.1087 -9.990e-29     0.4043 1.3453e+02  1025.0146     8.0271    24.9999    10.0929    307.715    9.60899  292.96058    105.036 0.0000e+00
   39.77290  -72.38852      3.167      3.143     8.0285    32.1078 -9.990e-29     0.4043 1.3302e+02  1025.0135     8.0282    24.9991    10.0864    307.515    9.60916  292.96581    104.966 0.0000e+00
   39.77290  -72.38852      3.156      3.132     8.0288    32.1066 -9.990e-29     0.4043 1.2192e+02  1025.0126     8.0285    24.9982    10.0919    307.685    9.60921  292.96717    105.024 0.0000e+00
   39.77290  -72.38852      3.147      3.123     8.0283    32.1056 -9.990e-29     0.4043 1.1493e+02  1025.0115     8.0280    24.9975    10.0983    307.880    9.60928  292.96937    105.089 0.0000e+00
   39.77290  -72.38852      3.137      3.113     8.0261    32.1052 -9.990e-29     0.4043 1.1396e+02  1025.0114     8.0258    24.9974    10.0871    307.538    9.60932  292.97098    104.972 -9.990e-29
   39.77290  -72.38852      3.137      3.113     8.0241    32.1055 -9.990e-29     0.4043 9.9576e+01  1025.0122     8.0238    24.9979    10.0909    307.652    9.60946  292.97512    105.010 -9.990e-29
   39.77290  -72.38852      3.116      3.093     8.0234    32.1062 -9.990e-29     0.3908 8.8235e+01  1025.0126     8.0231    24.9985    10.1024    308.004    9.60960  292.97920    105.128 -9.990e-29
   39.77290  -72.38852      3.116      3.093     8.0231    32.1071 -9.990e-29     0.3908 8.6030e+01  1025.0136     8.0228    24.9993    10.0859    307.501    9.60982  292.98601    104.954 -9.990e-29
   39.77290  -72.38852      3.097      3.073     8.0230    32.1078 -9.990e-29     0.3908 9.8739e+01  1025.0145     8.0227    24.9999    10.0975    307.855    9.61013  292.99499    105.072 -9.990e-29
   39.77290  -72.38852      3.096      3.072     8.0234    32.1079 -9.990e-29     0.3908 1.1623e+02  1025.0141     8.0231    24.9999    10.0923    307.695    9.61033  293.00090    105.015 -9.990e-29
   39.77290  -72.38852      3.086      3.063     8.0237    32.1076 -9.990e-29     0.3908 1.2022e+02  1025.0138     8.0234    24.9996    10.0982    307.877    9.61039  293.00279    105.076 0.0000e+00
   39.77290  -72.38852      3.075      3.052     8.0234    32.1071 -9.990e-29     0.3908 1.1988e+02  1025.0133     8.0231    24.9993    10.0986    307.889    9.61031  293.00035    105.081 0.0000e+00
   39.77290  -72.38852      3.066      3.042     8.0227    32.1065 -9.990e-29     0.3908 1.1954e+02  1025.0130     8.0224    24.9989    10.0920    307.687    9.61029  292.99992    105.013 0.0000e+00
   39.77290  -72.38852      3.056      3.033     8.0225    32.1059 -9.990e-29     0.3908 1.1917e+02  1025.0123     8.0222    24.9985    10.0959    307.806    9.61026  292.99901    105.054 -9.990e-29
   39.77290  -72.38852      3.056      3.033     8.0216    32.1055 -9.990e-29     0.3908 1.2930e+02  1025.0121     8.0213    24.9982    10.0902    307.632    9.61025  292.99869    104.994 -9.990e-29
   39.77290  -72.38854      3.035      3.012     8.0203    32.1053 -9.990e-29     0.3908 1.6055e+02  1025.0122     8.0200    24.9982    10.0966    307.827    9.61019  292.99694    105.062 -9.990e-29
   39.77290  -72.38854      3.035      3.012     8.0192    32.1052 -9.990e-29     0.3908 1.7273e+02  1025.0121     8.0189    24.9984    10.0905    307.640    9.61018  292.99682    104.998 -9.990e-29
   39.77290  -72.38854      3.026      3.003     8.0178    32.1052 -9.990e-29     0.3908 1.6794e+02  1025.0124     8.0175    24.9987    10.0907    307.648    9.61024  292.99841    105.000 0.0000e+00
   39.77290  -72.38854      3.006      2.983     8.0164    32.1056 -9.990e-29     0.3908 1.4882e+02  1025.0126     8.0161    24.9991    10.0961    307.810    9.61009  292.99400    105.057 0.0000e+00
   39.77290  -72.38854      2.995      2.973     8.0146    32.1064 -9.990e-29     0.3908 1.4187e+02  1025.0135     8.0143    24.9999    10.0901    307.629    9.61008  292.99356    104.995 -9.990e-29
   39.77290  -72.38854      2.995      2.973     8.0132    32.1073 -9.990e-29     0.3908 1.4592e+02  1025.0146     8.0130    25.0008    10.0954    307.790    9.61002  292.99177    105.051 -9.990e-29
   39.77290  -72.38854      2.975      2.952     8.0126    32.1082 -9.990e-29     0.3908 1.9006e+02  1025.0154     8.0124    25.0016    10.0891    307.598    9.60997  292.98992    104.986 0.0000e+00
   39.77290  -72.38854      2.964      2.941     8.0125    32.1089 -9.990e-29     0.3908 2.1569e+02  1025.0159     8.0122    25.0022    10.0941    307.752    9.60986  292.98659    105.039 -9.990e-29
   39.77290  -72.38854      2.964      2.941     8.0128    32.1094 -9.990e-29     0.3908 2.1936e+02  1025.0160     8.0125    25.0026    10.0878    307.558    9.60975  292.98350    104.974 -9.990e-29
   39.77290  -72.38854      2.934      2.911     8.0130    32.1102 -9.990e-29     0.3908 2.5749e+02  1025.0164     8.0127    25.0032    10.0929    307.714    9.60967  292.98092    105.029 -9.990e-29
   39.77290  -72.38854      2.945      2.922     8.0139    32.1114 -9.990e-29     0.3908 2.8492e+02  1025.0175     8.0136    25.0040    10.0926    307.705    9.60961  292.97919    105.026 -9.990e-29
   39.77290  -72.38854      2.924      2.902     8.0146    32.1125 -9.990e-29     0.3908 2.8895e+02  1025.0181     8.0143    25.0048    10.0983    307.878    9.60958  292.97823    105.086 0.0000e+00
   39.77290  -72.38854      2.914      2.892     8.0158    32.1135 -9.990e-29     0.3908 1.9936e+02  1025.0189     8.0155    25.0053    10.0927    307.707    9.60962  292.97932    105.027 0.0000e+00
