CalculateIndicators/WaterTemperature/Data/CTD_NYOS/20240428_C20.cnv
* Sea-Bird SBE 9 Data File:
* FileName = C:\Seabird 9 CTD\Data\2024\202404_offshore\20240428_C20.hex
* Software Version Seasave V 7.23.2
* Temperature SN = 4590
* Conductivity SN = 3228
* Number of Bytes Per Scan = 44
* Number of Voltage Words = 5
* Number of Scans Averaged by the Deck Unit = 1
* NMEA Latitude = 40 46.62 N
* NMEA Longitude = 072 34.65 W
* NMEA UTC (Time) = Apr 28 2024  05:51:45
* NMEA baud rate = 4800
** Ship: Seawolf
** Station: 10.1
** Operator: TDK
# nquan = 18
# nvalues = 10029                       
# units = specified
# name 0 = latitude: Latitude [deg]
# name 1 = longitude: Longitude [deg]
# name 2 = prDM: Pressure, Digiquartz [db]
# name 3 = depSM: Depth [salt water, m]
# name 4 = t090C: Temperature [ITS-90, deg C]
# name 5 = sal00: Salinity, Practical [PSU]
# name 6 = ph: pH
# name 7 = flECO-AFL: Fluorescence, WET Labs ECO-AFL/FL [mg/m^3]
# name 8 = cpar: CPAR/Corrected Irradiance [%]
# name 9 = density00: Density [density, kg/m^3]
# name 10 = potemp090C: Potential Temperature [ITS-90, deg C]
# name 11 = sigma-é00: Density [sigma-theta, kg/m^3]
# name 12 = sbeox0Mg/L: Oxygen, SBE 43 [mg/l]
# name 13 = sbox0Mm/Kg: Oxygen, SBE 43 [umol/kg]
# name 14 = oxsolMg/L: Oxygen Saturation, Garcia & Gordon [mg/l]
# name 15 = oxsolMm/Kg: Oxygen Saturation, Garcia & Gordon [umol/kg]
# name 16 = sbeox0PS: Oxygen, SBE 43 [% saturation]
# name 17 = flag:  0.000e+00
# span 0 =   40.77712,   40.77816       
# span 1 =  -72.57750,  -72.57706       
# span 2 =      1.649,     18.814       
# span 3 =      1.637,     18.668       
# span 4 =     7.8014,     9.1508       
# span 5 =    29.8646,    30.2424       
# span 6 =      7.963,      8.071       
# span 7 =     0.6326,     2.0294       
# span 8 = 9.9999e+04, 9.9999e+04       
# span 9 =  1023.1520,  1023.6532       
# span 10 =     7.7997,     9.1506      
# span 11 =    23.1247,    23.5675      
# span 12 =     8.9403,    10.0831      
# span 13 =    272.966,    307.921      
# span 14 =    9.49717,    9.77296      
# span 15 =  290.07397,  298.37731      
# span 16 =     91.646,    104.561      
# span 17 = 0.0000e+00, 0.0000e+00      
# interval = seconds: 0.0416667
# start_time = Apr 28 2024 05:51:44 [System UTC, first data scan.]
# bad_flag = -9.990e-29
*END*
[from data line 9649]
   40.77810  -72.57708      2.317      2.299     9.1402    29.9627      8.060     0.7669 9.9999e+04  1023.1662     9.1399    23.1555     9.8649    301.305    9.49941  290.14244    103.847 -9.990e-29
   40.77810  -72.57708      2.307      2.289     9.1403    29.9627      8.060     0.7669 9.9999e+04  1023.1660     9.1401    23.1555     9.8645    301.294    9.49944  290.14338    103.843 -9.990e-29
   40.77810  -72.57708      2.307      2.289     9.1403    29.9626      8.065     0.7669 9.9999e+04  1023.1660     9.1401    23.1554     9.8702    301.468    9.49951  290.14555    103.902 -9.990e-29
   40.77810  -72.57708      2.296      2.278     9.1408    29.9624      8.060     0.7669 9.9999e+04  1023.1657     9.1406    23.1553     9.8707    301.482    9.49956  290.14701    103.907 -9.990e-29
   40.77810  -72.57708      2.286      2.269     9.1410    29.9622      8.060     0.7669 9.9999e+04  1023.1654     9.1408    23.1550     9.8711    301.494    9.49953  290.14597    103.911 -9.990e-29
   40.77810  -72.57708      2.286      2.269     9.1412    29.9621      8.060     0.7669 9.9999e+04  1023.1652     9.1409    23.1549     9.8715    301.508    9.49956  290.14687    103.916 -9.990e-29
   40.77810  -72.57708      2.277      2.259     9.1408    29.9621      8.060     0.7669 9.9999e+04  1023.1653     9.1406    23.1550     9.8719    301.520    9.49953  290.14600    103.920 -9.990e-29
   40.77810  -72.57708      2.266      2.248     9.1407    29.9621      8.065     0.7669 9.9999e+04  1023.1654     9.1404    23.1550     9.8725    301.537    9.49966  290.14987    103.925 -9.990e-29
   40.77810  -72.57708      2.266      2.248     9.1410    29.9620      8.060     0.7669 9.9999e+04  1023.1652     9.1408    23.1549     9.8729    301.550    9.49966  290.14988    103.929 -9.990e-29
   40.77810  -72.57708      2.247      2.229     9.1413    29.9620      8.060     0.7669 9.9999e+04  1023.1650     9.1411    23.1548     9.8733    301.563    9.49967  290.15003    103.934 -9.990e-29
   40.77810  -72.57708      2.247      2.229     9.1413    29.9623      8.060     0.7669 9.9999e+04  1023.1653     9.1411    23.1551     9.8737    301.575    9.49962  290.14866    103.938 -9.990e-29
   40.77810  -72.57708      2.236      2.218     9.1412    29.9627      8.060     0.7535 9.9999e+04  1023.1657     9.1409    23.1554     9.8742    301.589    9.49965  290.14960    103.942 -9.990e-29
   40.77810  -72.57708      2.226      2.209     9.1410    29.9629      8.065     0.7535 9.9999e+04  1023.1659     9.1408    23.1555     9.8747    301.605    9.49974  290.15244    103.947 -9.990e-29
   40.77810  -72.57708      2.226      2.209     9.1410    29.9628      8.065     0.7535 9.9999e+04  1023.1657     9.1408    23.1555     9.8753    301.623    9.49989  290.15712    103.951 -9.990e-29
   40.77810  -72.57708      2.205      2.188     9.1413    29.9626      8.060     0.7535 9.9999e+04  1023.1654     9.1411    23.1554     9.8758    301.638    9.49995  290.15875    103.956 -9.990e-29
   40.77810  -72.57708      2.196      2.179     9.1413    29.9624      8.065     0.7535 9.9999e+04  1023.1653     9.1411    23.1552     9.8763    301.654    9.50003  290.16107    103.961 -9.990e-29
   40.77810  -72.57708      2.196      2.179     9.1413    29.9623      8.060     0.7535 9.9999e+04  1023.1648     9.1411    23.1551     9.8768    301.667    9.50005  290.16168    103.965 -9.990e-29
   40.77810  -72.57708      2.175      2.158     9.1412    29.9624      8.060     0.7535 9.9999e+04  1023.1651     9.1410    23.1552     9.8763    301.654    9.50002  290.16083    103.961 -9.990e-29
   40.77810  -72.57708      2.175      2.158     9.1411    29.9628      8.060     0.7535 9.9999e+04  1023.1654     9.1409    23.1555     9.8758    301.637    9.49995  290.15855    103.956 -9.990e-29
   40.77810  -72.57708      2.166      2.149     9.1411    29.9630      8.060     0.7535 9.9999e+04  1023.1656     9.1409    23.1557     9.8701    301.464    9.49993  290.15778    103.897 -9.990e-29
   40.77810  -72.57708      2.155      2.138     9.1415    29.9632      8.060     0.7535 9.9999e+04  1023.1655     9.1413    23.1557     9.8757    301.634    9.49989  290.15667    103.955 -9.990e-29
   40.77810  -72.57708      2.155      2.138     9.1415    29.9633      8.060     0.7535 9.9999e+04  1023.1656     9.1413    23.1558     9.8760    301.645    9.49987  290.15605    103.960 -9.990e-29
   40.77810  -72.57708      2.155      2.138     9.1415    29.9634      8.060     0.7535 9.9999e+04  1023.1658     9.1413    23.1559     9.8764    301.656    9.49984  290.15514    103.964 -9.990e-29
   40.77810  -72.57708      2.135      2.119     9.1415    29.9633      8.060     0.7535 9.9999e+04  1023.1656     9.1413    23.1558     9.8768    301.668    9.49984  290.15507    103.968 -9.990e-29
   40.77810  -72.57708      2.135      2.119     9.1413    29.9631      8.060     0.7535 9.9999e+04  1023.1653     9.1411    23.1557     9.8711    301.493    9.49975  290.15228    103.909 -9.990e-29
   40.77810  -72.57708      2.124      2.108     9.1410    29.9630      8.065     0.7535 9.9999e+04  1023.1653     9.1408    23.1557     9.8758    301.639    9.49975  290.15230    103.959 -9.990e-29
   40.77810  -72.57708      2.135      2.119     9.1408    29.9630      8.065     0.7535 9.9999e+04  1023.1656     9.1406    23.1557     9.8754    301.626    9.49975  290.15245    103.954 -9.990e-29
   40.77810  -72.57708      2.124      2.108     9.1410    29.9630      8.060     0.7535 9.9999e+04  1023.1654     9.1408    23.1556     9.8748    301.609    9.49969  290.15056    103.949 -9.990e-29
   40.77810  -72.57708      2.115      2.098     9.1408    29.9629      8.060     0.7535 9.9999e+04  1023.1651     9.1406    23.1556     9.8751    301.618    9.49966  290.14980    103.953 -9.990e-29
   40.77810  -72.57708      2.124      2.108     9.1407    29.9628      8.065     0.7535 9.9999e+04  1023.1653     9.1405    23.1556     9.8755    301.628    9.49967  290.14999    103.956 -9.990e-29
   40.77810  -72.57708      2.115      2.098     9.1407    29.9628      8.065     0.7535 9.9999e+04  1023.1650     9.1405    23.1556     9.8750    301.614    9.49970  290.15101    103.951 -9.990e-29
   40.77810  -72.57708      2.104      2.087     9.1402    29.9628      8.060     0.7535 9.9999e+04  1023.1651     9.1399    23.1556     9.8745    301.598    9.49975  290.15240    103.945 -9.990e-29
   40.77810  -72.57708      2.115      2.098     9.1402    29.9629      8.060     0.7535 9.9999e+04  1023.1654     9.1399    23.1557     9.8739    301.579    9.49973  290.15192    103.938 -9.990e-29
   40.77810  -72.57708      2.115      2.098     9.1402    29.9630      8.060     0.7535 9.9999e+04  1023.1656     9.1399    23.1558     9.8742    301.588    9.49976  290.15296    103.941 -9.990e-29
   40.77810  -72.57708      2.115      2.098     9.1402    29.9630      8.060     0.7535 9.9999e+04  1023.1654     9.1399    23.1558     9.8744    301.596    9.49979  290.15388    103.943 -9.990e-29
   40.77810  -72.57708      2.104      2.087     9.1398    29.9630      8.060     0.7535 9.9999e+04  1023.1655     9.1396    23.1558     9.8746    301.602    9.49978  290.15349    103.946 -9.990e-29
   40.77810  -72.57708      2.115      2.098     9.1402    29.9631      8.060     0.7266 9.9999e+04  1023.1655     9.1399    23.1559     9.8749    301.611    9.49983  290.15516    103.948 -9.990e-29
   40.77810  -72.57708      2.124      2.108     9.1398    29.9632      8.060     0.7266 9.9999e+04  1023.1657     9.1396    23.1560     9.8751    301.616    9.49982  290.15450    103.950 -9.990e-29
   40.77810  -72.57708      2.123      2.107     9.1398    29.9632      8.060     0.7266 9.9999e+04  1023.1658     9.1396    23.1560     9.8752    301.620    9.49971  290.15137    103.953 -9.990e-29
   40.77810  -72.57708      2.115      2.098     9.1402    29.9632      8.060     0.7266 9.9999e+04  1023.1657     9.1399    23.1560     9.8753    301.624    9.49967  290.14979    103.955 -9.990e-29
   40.77810  -72.57708      2.135      2.119     9.1402    29.9629      8.060     0.7266 9.9999e+04  1023.1654     9.1399    23.1558     9.8755    301.629    9.49959  290.14739    103.957 -9.990e-29
   40.77810  -72.57708      2.135      2.119     9.1400    29.9628      8.060     0.7266 9.9999e+04  1023.1653     9.1398    23.1557     9.8756    301.633    9.49951  290.14531    103.959 -9.990e-29
   40.77810  -72.57708      2.145      2.128     9.1398    29.9629      8.060     0.7266 9.9999e+04  1023.1657     9.1396    23.1558     9.8759    301.640    9.49954  290.14591    103.962 -9.990e-29
   40.77810  -72.57708      2.155      2.138     9.1398    29.9631      8.060     0.7266 9.9999e+04  1023.1656     9.1396    23.1560     9.8760    301.646    9.49953  290.14583    103.964 -9.990e-29
   40.77810  -72.57708      2.155      2.138     9.1402    29.9635      8.060     0.7266 9.9999e+04  1023.1660     9.1399    23.1562     9.8762    301.652    9.49951  290.14526    103.966 -9.990e-29
   40.77810  -72.57708      2.175      2.158     9.1403    29.9637      8.065     0.7266 9.9999e+04  1023.1665     9.1401    23.1563     9.8757    301.634    9.49954  290.14612    103.959 -9.990e-29
   40.77810  -72.57708      2.185      2.168     9.1405    29.9636      8.060     0.7266 9.9999e+04  1023.1662     9.1403    23.1562     9.8758    301.639    9.49953  290.14573    103.961 -9.990e-29
   40.77810  -72.57708      2.185      2.168     9.1403    29.9632      8.060     0.7266 9.9999e+04  1023.1660     9.1401    23.1558     9.8760    301.644    9.49953  290.14599    103.963 -9.990e-29
   40.77810  -72.57708      2.196      2.179     9.1407    29.9625      8.060     0.7266 9.9999e+04  1023.1652     9.1404    23.1553     9.8753    301.622    9.49948  290.14424    103.956 -9.990e-29
   40.77810  -72.57708      2.215      2.198     9.1407    29.9621      8.065     0.7266 9.9999e+04  1023.1649     9.1404    23.1550     9.8746    301.602    9.49951  290.14537    103.949 -9.990e-29
   40.77810  -72.57708      2.236      2.218     9.1403    29.9620      8.060     0.7266 9.9999e+04  1023.1650     9.1401    23.1550     9.8738    301.578    9.49950  290.14487    103.941 -9.990e-29
   40.77810  -72.57708      2.236      2.218     9.1400    29.9623      8.060     0.7266 9.9999e+04  1023.1654     9.1398    23.1552     9.8739    301.580    9.49947  290.14398    103.942 -9.990e-29
   40.77810  -72.57708      2.256      2.239     9.1400    29.9627      8.060     0.7266 9.9999e+04  1023.1659     9.1397    23.1555     9.8740    301.582    9.49947  290.14398    103.942 -9.990e-29
   40.77810  -72.57708      2.266      2.248     9.1397    29.9629      8.060     0.7266 9.9999e+04  1023.1663     9.1395    23.1557     9.8740    301.584    9.49947  290.14397    103.943 -9.990e-29
   40.77810  -72.57708      2.296      2.278     9.1400    29.9627      8.065     0.7266 9.9999e+04  1023.1661     9.1397    23.1556     9.8741    301.586    9.49948  290.14449    103.943 -9.990e-29
   40.77810  -72.57708      2.307      2.289     9.1395    29.9625      8.065     0.7266 9.9999e+04  1023.1659     9.1393    23.1554     9.8742    301.589    9.49949  290.14463    103.944 -9.990e-29
   40.77810  -72.57708      2.317      2.299     9.1395    29.9627      8.060     0.7266 9.9999e+04  1023.1659     9.1393    23.1556     9.8743    301.592    9.49952  290.14579    103.945 -9.990e-29
   40.77810  -72.57708      2.337      2.319     9.1391    29.9631      8.060     0.7266 9.9999e+04  1023.1669     9.1389    23.1559     9.8743    301.593    9.49952  290.14574    103.945 -9.990e-29
   40.77810  -72.57708      2.358      2.340     9.1393    29.9632      8.060     0.7266 9.9999e+04  1023.1670     9.1391    23.1561     9.8743    301.594    9.49950  290.14466    103.946 -9.990e-29
   40.77810  -72.57708      2.377      2.359     9.1393    29.9629      8.060     0.7266 9.9999e+04  1023.1668     9.1391    23.1559     9.8804    301.778    9.49947  290.14421    104.010 -9.990e-29
   40.77810  -72.57708      2.398      2.379     9.1390    29.9625      8.065     0.7400 9.9999e+04  1023.1666     9.1388    23.1556     9.8752    301.620    9.49947  290.14418    103.955 -9.990e-29
   40.77810  -72.57708      2.407      2.389     9.1387    29.9620      8.065     0.7669 9.9999e+04  1023.1657     9.1384    23.1553     9.8752    301.621    9.49950  290.14478    103.955 -9.990e-29
   40.77810  -72.57708      2.428      2.409     9.1382    29.9622      8.060     0.7669 9.9999e+04  1023.1664     9.1380    23.1555     9.8752    301.620    9.49944  290.14305    103.956 -9.990e-29
   40.77810  -72.57708      2.458      2.439     9.1375    29.9628      8.060     0.7669 9.9999e+04  1023.1674     9.1373    23.1560     9.8752    301.621    9.49945  290.14350    103.956 -9.990e-29
   40.77810  -72.57708      2.469      2.450     9.1374    29.9631      8.060     0.7669 9.9999e+04  1023.1677     9.1371    23.1563     9.8753    301.622    9.49948  290.14428    103.956 -9.990e-29
   40.77810  -72.57708      2.488      2.469     9.1375    29.9632      8.060     0.7669 9.9999e+04  1023.1676     9.1373    23.1563     9.8753    301.623    9.49949  290.14478    103.956 -9.990e-29
   40.77810  -72.57708      2.499      2.480     9.1379    29.9633      8.065     0.7669 9.9999e+04  1023.1677     9.1376    23.1564     9.8753    301.623    9.49949  290.14471    103.956 -9.990e-29
   40.77810  -72.57708      2.519      2.499     9.1379    29.9635      8.060     0.7669 9.9999e+04  1023.1681     9.1376    23.1565     9.8752    301.620    9.49940  290.14194    103.956 -9.990e-29
   40.77810  -72.57708      2.539      2.520     9.1380    29.9636      8.060     0.7669 9.9999e+04  1023.1681     9.1378    23.1566     9.8743    301.593    9.49934  290.13987    103.947 -9.990e-29
   40.77810  -72.57708      2.560      2.540     9.1382    29.9636      8.065     0.7669 9.9999e+04  1023.1681     9.1379    23.1566     9.8743    301.592    9.49934  290.13999    103.947 -9.990e-29
   40.77810  -72.57708      2.580      2.560     9.1382    29.9637      8.060     0.7669 9.9999e+04  1023.1686     9.1379    23.1567     9.8742    301.591    9.49931  290.13907    103.947 -9.990e-29
   40.77810  -72.57708      2.590      2.570     9.1382    29.9638      8.065     0.7669 9.9999e+04  1023.1685     9.1380    23.1567     9.8742    301.589    9.49929  290.13846    103.947 -9.990e-29
   40.77810  -72.57708      2.611      2.590     9.1387    29.9637      8.060     0.7669 9.9999e+04  1023.1685     9.1384    23.1566     9.8742    301.589    9.49932  290.13943    103.946 -9.990e-29
   40.77810  -72.57708      2.630      2.610     9.1387    29.9637      8.060     0.7669 9.9999e+04  1023.1686     9.1384    23.1566     9.8733    301.561    9.49927  290.13791    103.937 -9.990e-29
   40.77810  -72.57708      2.650      2.630     9.1387    29.9636      8.065     0.7669 9.9999e+04  1023.1686     9.1384    23.1565     9.8733    301.560    9.49931  290.13899    103.937 -9.990e-29
   40.77810  -72.57708      2.661      2.641     9.1390    29.9635      8.060     0.7669 9.9999e+04  1023.1685     9.1387    23.1564     9.8792    301.741    9.49927  290.13786    103.999 -9.990e-29
   40.77810  -72.57708      2.681      2.660     9.1391    29.9634      8.060     0.7669 9.9999e+04  1023.1685     9.1389    23.1563     9.8798    301.760    9.49922  290.13634    104.006 -9.990e-29
   40.77810  -72.57708      2.692      2.671     9.1392    29.9633      8.060     0.7669 9.9999e+04  1023.1684     9.1389    23.1562     9.8805    301.781    9.49923  290.13657    104.014 -9.990e-29
   40.77810  -72.57708      2.722      2.701     9.1390    29.9633      8.060     0.7669 9.9999e+04  1023.1686     9.1387    23.1562     9.8752    301.620    9.49931  290.13905    103.957 -9.990e-29
