CalculateIndicators/WaterTemperature/Data/CTD_NYOS/20240912_C06.cnv
* Sea-Bird SBE 9 Data File:
* FileName = C:\Seabird 9 CTD\Data\2024\202409_offshore\20240912_C06.hex
* Software Version Seasave V 7.23.2
* Temperature SN = 4590
* Conductivity SN = 3228
* Number of Bytes Per Scan = 44
* Number of Voltage Words = 5
* Number of Scans Averaged by the Deck Unit = 1
* NMEA Latitude = 40 04.75 N
* NMEA Longitude = 073 04.26 W
* NMEA UTC (Time) = Sep 12 2024  08:22:47
* NMEA baud rate = 4800
** Ship: Seawolf
** Station: 8.3
** Operator: TCM
# nquan = 18
# nvalues = 10316                       
# units = specified
# name 0 = latitude: Latitude [deg]
# name 1 = longitude: Longitude [deg]
# name 2 = prDM: Pressure, Digiquartz [db]
# name 3 = depSM: Depth [salt water, m]
# name 4 = t090C: Temperature [ITS-90, deg C]
# name 5 = sal00: Salinity, Practical [PSU]
# name 6 = ph: pH
# name 7 = flECO-AFL: Fluorescence, WET Labs ECO-AFL/FL [mg/m^3]
# name 8 = cpar: CPAR/Corrected Irradiance [%]
# name 9 = density00: Density [density, kg/m^3]
# name 10 = potemp090C: Potential Temperature [ITS-90, deg C]
# name 11 = sigma-é00: Density [sigma-theta, kg/m^3]
# name 12 = sbeox0Mg/L: Oxygen, SBE 43 [mg/l]
# name 13 = sbox0Mm/Kg: Oxygen, SBE 43 [umol/kg]
# name 14 = oxsolMg/L: Oxygen Saturation, Garcia & Gordon [mg/l]
# name 15 = oxsolMm/Kg: Oxygen Saturation, Garcia & Gordon [umol/kg]
# name 16 = sbeox0PS: Oxygen, SBE 43 [% saturation]
# name 17 = flag:  0.000e+00
# span 0 =   40.07916,   40.07924       
# span 1 =  -73.07158,  -73.07112       
# span 2 =      2.087,     40.388       
# span 3 =      2.071,     40.074       
# span 4 =     8.3816,    21.2050       
# span 5 =    30.4211,    32.5399       
# span 6 =      7.863,      8.206       
# span 7 =     0.0013,     1.9354       
# span 8 = 1.6880e-11, 9.9999e+04       
# span 9 =  1021.9874,  1025.0048       
# span 10 =     8.3777,    21.2045      
# span 11 =    21.9672,    24.8253      
# span 12 =     7.0164,    10.1974      
# span 13 =    214.550,    311.046      
# span 14 =    7.37409,    9.53964      
# span 15 =  225.48774,  290.90114      
# span 16 =     77.379,    120.737      
# span 17 = 0.0000e+00, 0.0000e+00      
# interval = seconds: 0.0416667
# start_time = Sep 12 2024 08:22:49 [System UTC, first data scan.]
# bad_flag = -9.990e-29
*END*
[from data line 5548]
   40.07922  -73.07136     20.563     20.404    18.2851    31.9004      8.152     0.2700 2.5320e-11  1022.9222    18.2816    22.8304     8.0516    246.055    7.69862  235.26735    104.585 0.0000e+00
   40.07922  -73.07136     20.533     20.374    18.3002    31.9110      8.152     0.2700 2.5320e-11  1022.9318    18.2967    22.8348     8.0524    246.076    7.69963  235.29554    104.582 0.0000e+00
   40.07922  -73.07136     20.523     20.365    18.3254    31.9077      8.152     0.2700 2.5320e-11  1022.9250    18.3219    22.8275     8.0529    246.083    7.70014  235.30336    104.581 0.0000e+00
   40.07922  -73.07136     20.511     20.352    18.3464    31.8877      8.152     0.2700 2.5320e-11  1022.9001    18.3429    22.8079     8.0531    246.083    7.70015  235.29681    104.584 0.0000e+00
   40.07922  -73.07136     20.482     20.324    18.3561    31.8591      8.152     0.2700 2.5320e-11  1022.8694    18.3526    22.7841     8.0527    246.066    7.69972  235.28056    104.584 0.0000e+00
   40.07922  -73.07136     20.472     20.314    18.3523    31.8373      8.152     0.2700 2.5320e-11  1022.8468    18.3488    22.7682     8.0523    246.050    7.69905  235.25738    104.588 0.0000e+00
   40.07922  -73.07136     20.439     20.281    18.3346    31.8331      8.157     0.2565 2.5320e-11  1022.8503    18.3311    22.7684     8.0474    245.898    7.69835  235.23192    104.534 0.0000e+00
   40.07922  -73.07136     20.421     20.264    18.3118    31.8413      8.152     0.2565 2.5320e-11  1022.8721    18.3084    22.7790     8.0465    245.867    7.69719  235.19404    104.538 0.0000e+00
   40.07922  -73.07136     20.401     20.243    18.2980    31.8456      8.152     0.2565 2.5320e-11  1022.8820    18.2945    22.7859     8.0457    245.842    7.69585  235.15277    104.546 0.0000e+00
   40.07922  -73.07136     20.380     20.223    18.2886    31.8450      8.152     0.2565 2.5320e-11  1022.8687    18.2851    22.7886     8.0446    245.810    7.69448  235.11165    104.550 0.0000e+00
   40.07922  -73.07136     20.358     20.201    18.2716    31.8677      8.152     0.2565 2.5320e-11  1022.8718    18.2681    22.8091     8.0430    245.764    7.69283  235.06285    104.552 0.0000e+00
   40.07922  -73.07136     20.329     20.172    18.2553    31.9329      8.157     0.2565 2.5320e-11  1022.9471    18.2518    22.8599     8.0367    245.571    7.69036  234.98872    104.503 0.0000e+00
   40.07922  -73.07136     20.319     20.163    18.2747    32.0037      8.152     0.2565 2.5320e-11  1023.0300    18.2712    22.9093     8.0344    245.505    7.68799  234.91950    104.506 0.0000e+00
   40.07922  -73.07136     20.286     20.130    18.3314    32.0269      8.152     0.2565 2.5320e-11  1023.0288    18.3280    22.9179     8.0332    245.472    7.68644  234.87625    104.511 0.0000e+00
   40.07922  -73.07136     20.268     20.112    18.3724    31.9990      8.157     0.2565 2.5320e-11  1022.9793    18.3690    22.8881     8.0282    245.320    7.68581  234.85795    104.455 0.0000e+00
   40.07922  -73.07136     20.248     20.092    18.3839    31.9515      8.157     0.2565 2.5320e-11  1022.9309    18.3805    22.8475     8.0282    245.319    7.68579  234.85722    104.455 0.0000e+00
   40.07922  -73.07136     20.229     20.072    18.3863    31.9092      8.157     0.2565 2.5320e-11  1022.8953    18.3829    22.8136     8.0287    245.334    7.68603  234.86417    104.458 0.0000e+00
   40.07922  -73.07136     20.195     20.040    18.3872    31.8851      8.157     0.2565 2.5320e-11  1022.8700    18.3838    22.7947     8.0246    245.207    7.68605  234.86340    104.404 0.0000e+00
   40.07922  -73.07136     20.187     20.031    18.3874    31.8894      8.157     0.2565 2.5320e-11  1022.8728    18.3840    22.7977     8.0197    245.059    7.68554  234.84640    104.348 0.0000e+00
   40.07922  -73.07136     20.157     20.001    18.3872    31.9166      8.157     0.2565 2.5320e-11  1022.9101    18.3838    22.8173     8.0182    245.009    7.68389  234.79517    104.350 0.0000e+00
   40.07922  -73.07136     20.136     19.981    18.4019    31.9417      8.157     0.2565 2.5320e-11  1022.9319    18.3985    22.8332     8.0145    244.894    7.68044  234.68511    104.350 0.0000e+00
   40.07922  -73.07136     20.114     19.959    18.4291    31.9501      8.157     0.2565 2.5320e-11  1022.9254    18.4257    22.8349     8.0096    244.738    7.67553  234.52937    104.353 0.0000e+00
   40.07922  -73.07136     20.085     19.930    18.4457    31.9441      8.157     0.2565 2.5320e-11  1022.9191    18.4423    22.8261     7.9996    244.428    7.66984  234.35193    104.300 0.0000e+00
   40.07922  -73.07136     20.065     19.910    18.4570    31.9291      8.157     0.2565 2.5320e-11  1022.8973    18.4536    22.8121     7.9940    244.254    7.66417  234.17610    104.304 0.0000e+00
   40.07922  -73.07136     20.034     19.880    18.4610    31.9185      8.157     0.2565 2.5320e-11  1022.8797    18.4576    22.8028     7.9841    243.954    7.65894  234.01754    104.246 0.0000e+00
   40.07922  -73.07136     20.023     19.869    18.4554    31.9196      8.157     0.2565 2.5320e-11  1022.8941    18.4520    22.8031     7.9740    243.651    7.65358  233.85969    104.187 0.0000e+00
   40.07922  -73.07136     19.994     19.840    18.4636    31.9218      8.157     0.2565 2.5320e-11  1022.8946    18.4602    22.8026     7.9687    243.496    7.64904  233.72769    104.180 0.0000e+00
   40.07922  -73.07136     19.974     19.820    18.4844    31.9215      8.157     0.2565 2.5320e-11  1022.8807    18.4810    22.7981     7.9649    243.386    7.64563  233.62995    104.176 0.0000e+00
   40.07922  -73.07136     19.944     19.790    18.5081    31.9272      8.156     0.2565 2.5320e-11  1022.8816    18.5047    22.7968     7.9614    243.287    7.64232  233.53622    104.175 0.0000e+00
   40.07922  -73.07136     19.923     19.769    18.5380    31.9391      8.156     0.2565 2.5320e-11  1022.8861    18.5346    22.8004     7.9496    242.940    7.63995  233.47641    104.053 0.0000e+00
   40.07922  -73.07136     19.891     19.738    18.5500    31.9524      8.156     0.2565 2.5320e-11  1022.8926    18.5466    22.8069     7.9510    242.991    7.63765  233.41360    104.103 0.0000e+00
   40.07922  -73.07136     19.872     19.719    18.5551    31.9712      8.156     0.2431 2.5320e-11  1022.8976    18.5517    22.8191     7.9447    242.793    7.63604  233.36078    104.042 0.0000e+00
   40.07922  -73.07136     19.853     19.700    18.5638    31.9983      8.156     0.2431 2.5320e-11  1022.9282    18.5604    22.8379     7.9428    242.728    7.63491  233.31850    104.033 0.0000e+00
   40.07922  -73.07136     19.832     19.679    18.5686    32.0172      8.156     0.2431 2.5320e-11  1022.9511    18.5652    22.8502     7.9314    242.370    7.63264  233.24181    103.914 0.0000e+00
   40.07922  -73.07136     19.789     19.637    18.5813    32.0113      8.156     0.2431 2.5320e-11  1022.9379    18.5779    22.8424     7.9276    242.246    7.62987  233.14903    103.902 0.0000e+00
   40.07922  -73.07136     19.781     19.629    18.6043    31.9823      8.156     0.2431 2.5320e-11  1022.9087    18.6009    22.8151     7.9235    242.117    7.62700  233.05632    103.888 0.0000e+00
   40.07922  -73.07136     19.751     19.598    18.6335    31.9417      8.156     0.2431 2.5320e-11  1022.8599    18.6301    22.7785     7.9149    241.856    7.62374  232.96072    103.818 0.0000e+00
   40.07922  -73.07136     19.730     19.578    18.6504    31.9081      8.161     0.2431 2.5320e-11  1022.8226    18.6470    22.7486     7.9057    241.583    7.62011  232.85686    103.748 0.0000e+00
   40.07922  -73.07136     19.700     19.548    18.6560    31.8949      8.156     0.2431 2.5320e-11  1022.8148    18.6526    22.7361     7.9005    241.429    7.61645  232.74880    103.730 0.0000e+00
   40.07922  -73.07136     19.678     19.526    18.6626    31.9007      8.156     0.2431 2.5320e-11  1022.8198    18.6592    22.7389     7.8912    241.146    7.61291  232.64142    103.656 0.0000e+00
   40.07922  -73.07136     19.649     19.497    18.6687    31.9184      8.161     0.2431 2.5320e-11  1022.8345    18.6653    22.7507     7.8913    241.151    7.60977  232.54789    103.699 0.0000e+00
   40.07922  -73.07136     19.628     19.477    18.6744    31.9425      8.161     0.2431 2.5320e-11  1022.8517    18.6711    22.7672     7.8880    241.055    7.60751  232.48319    103.687 0.0000e+00
   40.07922  -73.07136     19.608     19.456    18.6835    31.9677      8.161     0.2431 2.5320e-11  1022.8741    18.6801    22.7831     7.8822    240.883    7.60688  232.47046    103.619 0.0000e+00
   40.07922  -73.07136     19.577     19.426    18.7091    31.9836      8.161     0.2431 2.5320e-11  1022.8845    18.7057    22.7893     7.8808    240.847    7.60636  232.45932    103.608 0.0000e+00
   40.07922  -73.07136     19.568     19.417    18.7457    31.9770      8.160     0.2431 2.5320e-11  1022.8765    18.7423    22.7757     7.8752    240.678    7.60619  232.45754    103.536 0.0000e+00
   40.07922  -73.07136     19.536     19.385    18.7894    31.9399      8.160     0.2431 2.5320e-11  1022.8329    18.7861    22.7375     7.8752    240.680    7.60680  232.47866    103.528 0.0000e+00
   40.07922  -73.07136     19.517     19.366    18.8331    31.8822      8.160     0.2431 2.5320e-11  1022.7643    18.8298    22.6843     7.8752    240.683    7.60763  232.50540    103.517 0.0000e+00
   40.07922  -73.07136     19.496     19.346    18.8593    31.8304      8.160     0.2431 2.5320e-11  1022.7076    18.8559    22.6390     7.8759    240.705    7.60878  232.54082    103.511 0.0000e+00
   40.07922  -73.07136     19.466     19.316    18.8622    31.8062      8.160     0.2431 2.5320e-11  1022.6890    18.8588    22.6188     7.8722    240.592    7.60978  232.57180    103.448 0.0000e+00
   40.07922  -73.07136     19.456     19.306    18.8515    31.8127      8.160     0.2431 2.5320e-11  1022.7005    18.8482    22.6254     7.8675    240.448    7.61032  232.58803    103.379 0.0000e+00
   40.07922  -73.07136     19.436     19.286    18.8361    31.8389      8.160     0.2431 2.5320e-11  1022.7331    18.8327    22.6482     7.8667    240.423    7.61038  232.58908    103.368 0.0000e+00
   40.07922  -73.07136     19.414     19.264    18.8246    31.8678      8.160     0.2431 2.5320e-11  1022.7632    18.8212    22.6726     7.8660    240.398    7.61014  232.58016    103.361 0.0000e+00
   40.07922  -73.07136     19.375     19.226    18.8223    31.8898      8.160     0.2431 2.5320e-11  1022.7763    18.8190    22.6906     7.8653    240.377    7.60977  232.56644    103.358 -9.990e-29
   40.07922  -73.07136     19.375     19.226    18.8220    31.9082      8.160     0.2431 2.5320e-11  1022.7883    18.8186    22.7051     7.8651    240.366    7.60947  232.55492    103.359 -9.990e-29
   40.07922  -73.07136     19.345     19.196    18.8198    31.9261      8.160     0.2162 2.5320e-11  1022.8055    18.8164    22.7188     7.8601    240.211    7.60868  232.52791    103.304 0.0000e+00
   40.07922  -73.07136     19.313     19.164    18.8227    31.9398      8.160     0.2028 2.5320e-11  1022.8169    18.8193    22.7285     7.8586    240.162    7.60736  232.48400    103.303 -9.990e-29
   40.07922  -73.07136     19.313     19.164    18.8305    31.9460      8.160     0.2028 2.5320e-11  1022.8184    18.8272    22.7314     7.8520    239.958    7.60517  232.41475    103.246 -9.990e-29
   40.07922  -73.07136     19.282     19.133    18.8406    31.9459      8.160     0.2028 2.5320e-11  1022.8143    18.8373    22.7288     7.8484    239.844    7.60151  232.30005    103.247 0.0000e+00
   40.07922  -73.07136     19.264     19.115    18.8535    31.9429      8.160     0.2028 2.5320e-11  1022.8075    18.8502    22.7233     7.8401    239.592    7.59747  232.17584    103.194 0.0000e+00
   40.07922  -73.07136     19.232     19.084    18.8709    31.9376      8.160     0.2028 2.5320e-11  1022.8021    18.8676    22.7151     7.8412    239.628    7.59381  232.06610    103.258 0.0000e+00
   40.07922  -73.07136     19.222     19.074    18.8911    31.9278      8.160     0.2028 2.5320e-11  1022.7879    18.8878    22.7032     7.8342    239.413    7.59065  231.97133    103.208 0.0000e+00
   40.07922  -73.07136     19.192     19.044    18.9076    31.9166      8.160     0.2028 2.5320e-11  1022.7700    18.9042    22.6913     7.8261    239.168    7.58664  231.84985    103.157 0.0000e+00
   40.07922  -73.07136     19.182     19.034    18.9131    31.9105      8.160     0.2028 2.5320e-11  1022.7657    18.9098    22.6848     7.8172    238.895    7.58183  231.70253    103.104 0.0000e+00
   40.07922  -73.07136     19.151     19.003    18.9131    31.9096      8.160     0.2028 2.5320e-11  1022.7660    18.9098    22.6837     7.8118    238.731    7.57653  231.53969    103.106 0.0000e+00
   40.07922  -73.07136     19.140     18.992    18.9111    31.9119      8.160     0.2028 2.5320e-11  1022.7674    18.9077    22.6857     7.8018    238.427    7.57074  231.36519    103.052 0.0000e+00
   40.07922  -73.07136     19.120     18.973    18.9090    31.9174      8.160     0.2028 2.5320e-11  1022.7726    18.9057    22.6900     7.7926    238.155    7.56580  231.22281    102.998 0.0000e+00
   40.07922  -73.07136     19.101     18.954    18.9098    31.9261      8.160     0.2028 2.5320e-11  1022.7788    18.9065    22.6959     7.7854    237.947    7.56317  231.15558    102.938 0.0000e+00
   40.07922  -73.07136     19.081     18.933    18.9187    31.9412      8.160     0.2028 2.5320e-11  1022.7825    18.9154    22.7054     7.7809    237.822    7.56372  231.18335    102.872 0.0000e+00
   40.07922  -73.07136     19.060     18.913    18.9328    31.9674      8.160     0.2028 2.5320e-11  1022.8026    18.9295    22.7217     7.7743    237.627    7.56660  231.27949    102.745 0.0000e+00
   40.07922  -73.07136     19.039     18.892    18.9542    32.0002      8.165     0.2028 2.5320e-11  1022.8277    18.9509    22.7413     7.7766    237.701    7.56984  231.38205    102.731 0.0000e+00
   40.07922  -73.07136     19.030     18.883    18.9841    32.0297      8.160     0.2028 2.5320e-11  1022.8433    18.9807    22.7570     7.7823    237.874    7.57175  231.43697    102.781 0.0000e+00
   40.07922  -73.07136     19.009     18.862    19.0156    32.0492      8.164     0.2028 1.6880e-11  1022.8544    19.0123    22.7639     7.7734    237.597    7.57211  231.44349    102.659 0.0000e+00
   40.07922  -73.07136     18.998     18.851    19.0508    32.0527      8.164     0.2028 1.6880e-11  1022.8486    19.0475    22.7575     7.7637    237.293    7.57202  231.43491    102.531 0.0000e+00
   40.07922  -73.07136     18.979     18.832    19.0940    32.0398      8.159     0.2028 1.6880e-11  1022.8235    19.0907    22.7377     7.7624    237.247    7.57221  231.43424    102.512 0.0000e+00
   40.07922  -73.07136     18.958     18.812    19.1340    32.0167      8.164     0.2028 1.6880e-11  1022.7937    19.1307    22.7105     7.7568    237.078    7.57253  231.44498    102.434 0.0000e+00
   40.07922  -73.07136     18.948     18.802    19.1665    31.9881      8.164     0.2028 1.6880e-11  1022.7647    19.1632    22.6799     7.7518    236.929    7.57330  231.47471    102.356 0.0000e+00
   40.07922  -73.07136     18.928     18.782    19.1997    31.9515      8.164     0.2028 1.6880e-11  1022.7322    19.1964    22.6435     7.7519    236.938    7.57485  231.52546    102.338 0.0000e+00
   40.07922  -73.07136     18.907     18.761    19.2356    31.9109      8.163     0.2028 1.6880e-11  1022.6769    19.2323    22.6047     7.7488    236.843    7.57716  231.59631    102.266 0.0000e+00
   40.07922  -73.07136     18.898     18.752    19.2625    31.8886      8.163     0.2028 1.6880e-11  1022.6443    19.2592    22.5820     7.7493    236.856    7.57933  231.66175    102.242 0.0000e+00
   40.07922  -73.07136     18.877     18.731    19.2665    31.8992      8.163     0.2028 1.6880e-11  1022.6606    19.2632    22.5878     7.7448    236.714    7.58027  231.68556    102.170 0.0000e+00
