CalculateIndicators/WaterTemperature/Data/CTD_NYOS/20240427_C14.cnv
* Sea-Bird SBE 9 Data File:
* FileName = C:\Seabird 9 CTD\Data\2024\202404_offshore\20240427_C14.hex
* Software Version Seasave V 7.23.2
* Temperature SN = 4590
* Conductivity SN = 3228
* Number of Bytes Per Scan = 44
* Number of Voltage Words = 5
* Number of Scans Averaged by the Deck Unit = 1
* NMEA Latitude = 39 32.61 N
* NMEA Longitude = 072 14.62 W
* NMEA UTC (Time) = Apr 27 2024  12:43:15
* NMEA baud rate = 4800
** Ship: Seawolf
** Station: 9.6
** Operator: TCM
# nquan = 18
# nvalues = 20401                       
# units = specified
# name 0 = latitude: Latitude [deg]
# name 1 = longitude: Longitude [deg]
# name 2 = prDM: Pressure, Digiquartz [db]
# name 3 = depSM: Depth [salt water, m]
# name 4 = t090C: Temperature [ITS-90, deg C]
# name 5 = sal00: Salinity, Practical [PSU]
# name 6 = ph: pH
# name 7 = flECO-AFL: Fluorescence, WET Labs ECO-AFL/FL [mg/m^3]
# name 8 = cpar: CPAR/Corrected Irradiance [%]
# name 9 = density00: Density [density, kg/m^3]
# name 10 = potemp090C: Potential Temperature [ITS-90, deg C]
# name 11 = sigma-é00: Density [sigma-theta, kg/m^3]
# name 12 = sbeox0Mg/L: Oxygen, SBE 43 [mg/l]
# name 13 = sbox0Mm/Kg: Oxygen, SBE 43 [umol/kg]
# name 14 = oxsolMg/L: Oxygen Saturation, Garcia & Gordon [mg/l]
# name 15 = oxsolMm/Kg: Oxygen Saturation, Garcia & Gordon [umol/kg]
# name 16 = sbeox0PS: Oxygen, SBE 43 [% saturation]
# name 17 = flag:  0.000e+00
# span 0 =   39.54064,   39.54352       
# span 1 =  -72.24712,  -72.24366       
# span 2 =      1.567,    135.146       
# span 3 =      1.555,    134.072       
# span 4 =     5.7806,    12.3243       
# span 5 =    32.1534,    35.0360       
# span 6 =      7.965,      8.094       
# span 7 =    -0.0927,     1.2639       
# span 8 = 4.6889e-14, 1.1078e+02       
# span 9 =  1025.1243,  1027.1705       
# span 10 =     5.7766,    12.3088      
# span 11 =    25.1138,    26.5699      
# span 12 =     6.4780,    10.3991      
# span 13 =    197.202,    317.003      
# span 14 =    8.58915,   10.10411      
# span 15 =  261.47109,  307.92366      
# span 16 =     75.316,    107.214      
# span 17 = 0.0000e+00, 0.0000e+00      
# interval = seconds: 0.0416667
# start_time = Apr 27 2024 12:43:16 [System UTC, first data scan.]
# bad_flag = -9.990e-29
*END*
[from data line 15840]
   39.54140  -72.24632     42.259     41.932     5.8963    32.2483      7.966     0.1088 8.1891e-02  1025.5872     5.8929    25.3917     9.6168    293.088   10.08262  307.28404     95.380 -9.990e-29
   39.54140  -72.24632     42.259     41.932     5.8965    32.2482      7.970     0.1088 8.1891e-02  1025.5870     5.8932    25.3915     9.6112    292.917   10.08276  307.28825     95.323 -9.990e-29
   39.54140  -72.24632     42.246     41.920     5.8971    32.2476      7.970     0.1088 8.1969e-02  1025.5863     5.8938    25.3911     9.6110    292.911   10.08277  307.28836     95.321 -9.990e-29
   39.54140  -72.24632     42.259     41.932     5.8972    32.2470      7.966     0.1088 8.1969e-02  1025.5857     5.8939    25.3906     9.6109    292.907   10.08280  307.28927     95.320 -9.990e-29
   39.54140  -72.24632     42.259     41.932     5.8974    32.2465      7.966     0.1088 8.2289e-02  1025.5853     5.8940    25.3902     9.6107    292.902   10.08285  307.29065     95.317 -9.990e-29
   39.54140  -72.24632     42.259     41.932     5.8974    32.2463      7.970     0.1088 8.2289e-02  1025.5852     5.8940    25.3900     9.6096    292.868   10.08298  307.29461     95.305 -9.990e-29
   39.54140  -72.24632     42.246     41.920     5.8970    32.2462      7.970     0.1088 8.2532e-02  1025.5853     5.8937    25.3899     9.6161    293.064   10.08304  307.29645     95.369 -9.990e-29
   39.54140  -72.24632     42.249     41.923     5.8969    32.2464      7.970     0.1088 8.2611e-02  1025.5846     5.8935    25.3901     9.6104    292.891   10.08319  307.30096     95.311 -9.990e-29
   39.54140  -72.24632     42.270     41.943     5.8967    32.2473      7.966     0.1088 8.2855e-02  1025.5862     5.8934    25.3908     9.6102    292.886   10.08332  307.30510     95.308 -9.990e-29
   39.54140  -72.24632     42.246     41.920     5.8972    32.2482      7.970     0.1088 8.3179e-02  1025.5871     5.8939    25.3915     9.6168    293.087   10.08355  307.31185     95.371 -9.990e-29
   39.54140  -72.24632     42.279     41.953     5.8976    32.2484      7.970     0.1088 8.3179e-02  1025.5871     5.8942    25.3916     9.6099    292.878   10.08367  307.31554     95.302 -9.990e-29
   39.54140  -72.24632     42.259     41.932     5.8983    32.2481      7.966     0.1088 8.3259e-02  1025.5867     5.8950    25.3913     9.6098    292.873   10.08385  307.32093     95.299 -9.990e-29
   39.54140  -72.24632     42.270     41.943     5.8985    32.2475      7.970     0.1088 8.3014e-02  1025.5860     5.8951    25.3908     9.6095    292.865   10.08393  307.32349     95.295 -9.990e-29
   39.54140  -72.24632     42.286     41.960     5.8985    32.2471      7.970     0.1088 8.3259e-02  1025.5855     5.8951    25.3905     9.6082    292.824   10.08402  307.32630     95.281 -9.990e-29
   39.54140  -72.24632     42.279     41.953     5.8980    32.2468      7.970     0.1088 8.3094e-02  1025.5859     5.8946    25.3903     9.6146    293.018   10.08418  307.33100     95.343 -9.990e-29
   39.54140  -72.24632     42.300     41.973     5.8982    32.2466      7.970     0.1088 8.2362e-02  1025.5854     5.8948    25.3902     9.6086    292.837   10.08425  307.33303     95.283 -9.990e-29
   39.54140  -72.24632     42.300     41.973     5.8980    32.2465      7.970     0.1088 8.2605e-02  1025.5855     5.8946    25.3901     9.6094    292.860   10.08438  307.33704     95.290 -9.990e-29
   39.54140  -72.24632     42.297     41.971     5.8978    32.2465      7.970     0.1222 8.2929e-02  1025.5854     5.8944    25.3901     9.6101    292.882   10.08445  307.33928     95.296 -9.990e-29
   39.54140  -72.24632     42.330     42.003     5.8975    32.2465      7.970     0.1491 8.3173e-02  1025.5859     5.8941    25.3901     9.6098    292.873   10.08451  307.34105     95.292 -9.990e-29
   39.54138  -72.24634     42.321     41.994     5.8977    32.2463      7.966     0.1759 8.3173e-02  1025.5857     5.8943    25.3900     9.6095    292.863   10.08455  307.34206     95.289 -9.990e-29
   39.54138  -72.24634     42.337     42.010     5.8975    32.2457      7.966     0.1625 8.3253e-02  1025.5852     5.8941    25.3895     9.6091    292.852   10.08454  307.34163     95.285 -9.990e-29
   39.54138  -72.24634     42.341     42.014     5.8969    32.2447      7.966     0.1625 8.3008e-02  1025.5843     5.8935    25.3888     9.6077    292.809   10.08457  307.34257     95.271 -9.990e-29
   39.54138  -72.24634     42.351     42.024     5.8958    32.2441      7.966     0.1625 8.3008e-02  1025.5838     5.8924    25.3884     9.6074    292.799   10.08465  307.34497     95.267 -9.990e-29
   39.54138  -72.24634     42.372     42.045     5.8945    32.2439      7.970     0.1625 8.2764e-02  1025.5840     5.8911    25.3883     9.6070    292.789   10.08471  307.34685     95.263 -9.990e-29
   39.54138  -72.24634     42.368     42.040     5.8935    32.2441      7.970     0.1625 8.2764e-02  1025.5843     5.8901    25.3887     9.6131    292.975   10.08465  307.34506     95.325 -9.990e-29
   39.54138  -72.24634     42.392     42.065     5.8923    32.2446      7.970     0.1625 8.2521e-02  1025.5852     5.8890    25.3892     9.6072    292.794   10.08474  307.34774     95.265 -9.990e-29
   39.54138  -72.24634     42.392     42.065     5.8917    32.2451      7.970     0.1625 8.2521e-02  1025.5855     5.8883    25.3897     9.6134    292.984   10.08479  307.34921     95.326 -9.990e-29
   39.54138  -72.24634     42.412     42.084     5.8911    32.2458      7.970     0.1625 8.2278e-02  1025.5863     5.8877    25.3902     9.6084    292.829   10.08476  307.34840     95.276 -9.990e-29
   39.54138  -72.24634     42.430     42.102     5.8906    32.2462      7.970     0.1625 8.2278e-02  1025.5870     5.8872    25.3907     9.6090    292.849   10.08478  307.34877     95.282 -9.990e-29
   39.54138  -72.24634     42.442     42.114     5.8903    32.2464      7.970     0.1625 8.2114e-02  1025.5870     5.8869    25.3908     9.6152    293.037   10.08479  307.34908     95.344 -9.990e-29
   39.54138  -72.24634     42.453     42.125     5.8900    32.2462      7.970     0.1625 8.2114e-02  1025.5870     5.8866    25.3908     9.6092    292.855   10.08483  307.35024     95.284 -9.990e-29
   39.54138  -72.24634     42.460     42.132     5.8893    32.2457      7.966     0.1625 8.2035e-02  1025.5870     5.8859    25.3905     9.6087    292.841   10.08484  307.35055     95.279 -9.990e-29
   39.54138  -72.24634     42.484     42.155     5.8890    32.2451      7.970     0.1625 8.1794e-02  1025.5862     5.8856    25.3900     9.6093    292.859   10.08482  307.35016     95.285 -9.990e-29
   39.54138  -72.24634     42.484     42.155     5.8885    32.2447      7.970     0.1625 8.1794e-02  1025.5855     5.8851    25.3898     9.6089    292.846   10.08480  307.34954     95.281 -9.990e-29
   39.54138  -72.24634     42.504     42.176     5.8871    32.2453      7.970     0.1625 8.1553e-02  1025.5864     5.8837    25.3904     9.6086    292.836   10.08488  307.35172     95.277 -9.990e-29
   39.54138  -72.24634     42.521     42.192     5.8864    32.2468      7.970     0.1625 8.1553e-02  1025.5882     5.8830    25.3916     9.6147    293.023   10.08483  307.35028     95.338 -9.990e-29
   39.54138  -72.24634     42.535     42.206     5.8864    32.2479      7.966     0.1759 8.1313e-02  1025.5902     5.8830    25.3925     9.6153    293.041   10.08484  307.35063     95.344 -9.990e-29
   39.54138  -72.24634     42.544     42.216     5.8878    32.2478      7.970     0.1625 8.1313e-02  1025.5887     5.8845    25.3924     9.6092    292.854   10.08481  307.34989     95.284 -9.990e-29
   39.54138  -72.24634     42.565     42.236     5.8880    32.2477      7.970     0.1625 8.1313e-02  1025.5883     5.8847    25.3923     9.6088    292.842   10.08491  307.35264     95.279 -9.990e-29
   39.54138  -72.24634     42.572     42.243     5.8878    32.2482      7.966     0.1625 8.1073e-02  1025.5897     5.8845    25.3926     9.6093    292.858   10.08489  307.35201     95.284 -9.990e-29
   39.54138  -72.24634     42.595     42.266     5.8890    32.2485      7.970     0.1625 8.0596e-02  1025.5899     5.8856    25.3928     9.6088    292.842   10.08483  307.35005     95.280 -9.990e-29
   39.54138  -72.24634     42.606     42.277     5.8896    32.2481      7.970     0.1625 8.0519e-02  1025.5893     5.8862    25.3923     9.6083    292.828   10.08480  307.34924     95.275 -9.990e-29
   39.54138  -72.24634     42.616     42.287     5.8903    32.2472      7.970     0.1357 8.0519e-02  1025.5887     5.8869    25.3916     9.6077    292.810   10.08467  307.34543     95.271 -9.990e-29
   39.54138  -72.24634     42.644     42.314     5.8904    32.2460      7.970     0.1088 8.0282e-02  1025.5875     5.8870    25.3907     9.6072    292.793   10.08461  307.34344     95.266 -9.990e-29
   39.54138  -72.24634     42.657     42.328     5.8893    32.2450      7.966     0.1088 8.0204e-02  1025.5868     5.8859    25.3900     9.6067    292.778   10.08455  307.34160     95.261 -9.990e-29
   39.54138  -72.24634     42.667     42.337     5.8880    32.2445      7.970     0.1088 8.0204e-02  1025.5867     5.8846    25.3897     9.6073    292.797   10.08459  307.34283     95.267 -9.990e-29
   39.54138  -72.24634     42.688     42.358     5.8871    32.2444      7.970     0.1088 7.9732e-02  1025.5867     5.8837    25.3898     9.6067    292.779   10.08445  307.33843     95.263 -9.990e-29
   39.54138  -72.24634     42.697     42.368     5.8859    32.2449      7.966     0.1088 7.9656e-02  1025.5874     5.8825    25.3903     9.6074    292.799   10.08443  307.33810     95.269 -9.990e-29
   39.54138  -72.24634     42.704     42.374     5.8851    32.2455      7.970     0.1088 7.9421e-02  1025.5883     5.8817    25.3908     9.6070    292.787   10.08441  307.33748     95.266 -9.990e-29
   39.54138  -72.24634     42.739     42.409     5.8845    32.2460      7.966     0.1088 7.9187e-02  1025.5887     5.8811    25.3913     9.6076    292.805   10.08436  307.33602     95.272 -9.990e-29
   39.54138  -72.24634     42.739     42.409     5.8843    32.2463      7.970     0.1088 7.8878e-02  1025.5891     5.8809    25.3915     9.6072    292.794   10.08431  307.33428     95.269 -9.990e-29
   39.54138  -72.24634     42.769     42.439     5.8842    32.2465      7.970     0.1088 7.8645e-02  1025.5893     5.8808    25.3918     9.6069    292.785   10.08434  307.33554     95.266 -9.990e-29
   39.54138  -72.24634     42.766     42.436     5.8838    32.2468      7.966     0.1088 7.8107e-02  1025.5897     5.8804    25.3920     9.6066    292.775   10.08438  307.33650     95.262 -9.990e-29
   39.54138  -72.24634     42.790     42.459     5.8832    32.2469      7.970     0.1088 7.7876e-02  1025.5900     5.8798    25.3922     9.6063    292.765   10.08436  307.33604     95.259 -9.990e-29
   39.54138  -72.24634     42.809     42.478     5.8831    32.2469      7.966     0.1088 7.7876e-02  1025.5899     5.8797    25.3922     9.6059    292.756   10.08439  307.33698     95.256 -9.990e-29
   39.54138  -72.24634     42.830     42.499     5.8824    32.2468      7.966     0.1088 7.7417e-02  1025.5902     5.8790    25.3922     9.6067    292.778   10.08440  307.33713     95.263 -9.990e-29
   39.54138  -72.24634     42.827     42.496     5.8819    32.2467      7.970     0.1088 7.7343e-02  1025.5900     5.8785    25.3922     9.6064    292.769   10.08442  307.33785     95.260 -9.990e-29
   39.54138  -72.24634     42.851     42.520     5.8809    32.2467      7.966     0.1088 7.7343e-02  1025.5903     5.8775    25.3923     9.6061    292.759   10.08438  307.33664     95.257 -9.990e-29
   39.54138  -72.24634     42.860     42.529     5.8805    32.2467      7.970     0.1088 7.7041e-02  1025.5903     5.8770    25.3924     9.6068    292.783   10.08440  307.33729     95.264 -9.990e-29
   39.54138  -72.24634     42.881     42.550     5.8796    32.2467      7.966     0.1088 7.6814e-02  1025.5907     5.8762    25.3925     9.6066    292.777   10.08444  307.33869     95.262 -9.990e-29
   39.54138  -72.24634     42.892     42.561     5.8793    32.2467      7.970     0.1088 7.6741e-02  1025.5906     5.8759    25.3925     9.6064    292.769   10.08445  307.33894     95.259 -9.990e-29
   39.54138  -72.24634     42.908     42.577     5.8790    32.2468      7.966     0.1088 7.6288e-02  1025.5906     5.8756    25.3926     9.6061    292.760   10.08440  307.33729     95.257 -9.990e-29
   39.54138  -72.24634     42.911     42.580     5.8780    32.2472      7.970     0.1088 7.5766e-02  1025.5915     5.8746    25.3930     9.6058    292.751   10.08438  307.33662     95.254 -9.990e-29
   39.54138  -72.24634     42.932     42.600     5.8777    32.2474      7.970     0.1088 7.5766e-02  1025.5918     5.8743    25.3933     9.6066    292.775   10.08438  307.33677     95.262 -9.990e-29
   39.54138  -72.24634     42.953     42.621     5.8772    32.2474      7.970     0.1088 7.5542e-02  1025.5918     5.8738    25.3933     9.6064    292.769   10.08438  307.33679     95.260 -9.990e-29
   39.54138  -72.24634     42.953     42.621     5.8769    32.2474      7.970     0.1088 7.5470e-02  1025.5917     5.8735    25.3933     9.6061    292.762   10.08437  307.33666     95.258 -9.990e-29
   39.54138  -72.24634     42.971     42.639     5.8767    32.2475      7.966     0.1088 7.5247e-02  1025.5917     5.8733    25.3935     9.6059    292.756   10.08439  307.33692     95.256 -9.990e-29
   39.54138  -72.24636     42.983     42.651     5.8763    32.2479      7.970     0.1088 7.4953e-02  1025.5924     5.8729    25.3937     9.6057    292.747   10.08432  307.33470     95.254 -9.990e-29
   39.54138  -72.24636     43.004     42.671     5.8762    32.2481      7.970     0.1088 7.4290e-02  1025.5929     5.8728    25.3939     9.6121    292.942   10.08431  307.33463     95.317 -9.990e-29
   39.54138  -72.24636     43.004     42.671     5.8762    32.2481      7.970     0.1088 7.4220e-02  1025.5926     5.8728    25.3939     9.6127    292.960   10.08420  307.33109     95.324 -9.990e-29
   39.54138  -72.24636     43.013     42.681     5.8760    32.2480      7.966     0.1088 7.3781e-02  1025.5926     5.8725    25.3939     9.6133    292.979   10.08408  307.32709     95.331 -9.990e-29
   39.54138  -72.24636     43.031     42.699     5.8756    32.2479      7.970     0.1088 7.3493e-02  1025.5929     5.8722    25.3938     9.6071    292.791   10.08386  307.32046     95.272 -9.990e-29
   39.54138  -72.24636     43.044     42.711     5.8761    32.2478      7.970     0.1088 7.3711e-02  1025.5923     5.8727    25.3938     9.6067    292.778   10.08378  307.31813     95.269 -9.990e-29
   39.54138  -72.24636     43.044     42.711     5.8755    32.2480      7.966     0.1088 7.3641e-02  1025.5930     5.8721    25.3939     9.6006    292.592   10.08363  307.31360     95.210 -9.990e-29
   39.54138  -72.24636     43.064     42.732     5.8753    32.2481      7.970     0.1088 7.3424e-02  1025.5931     5.8719    25.3940     9.6058    292.752   10.08353  307.31051     95.263 -9.990e-29
   39.54138  -72.24636     43.075     42.743     5.8755    32.2481      7.966     0.1088 7.3424e-02  1025.5929     5.8721    25.3941     9.5999    292.570   10.08341  307.30666     95.205 -9.990e-29
   39.54138  -72.24636     43.092     42.759     5.8753    32.2482      7.966     0.1088 7.3354e-02  1025.5934     5.8719    25.3942     9.6050    292.727   10.08315  307.29868     95.258 -9.990e-29
   39.54138  -72.24636     43.095     42.762     5.8753    32.2484      7.970     0.1088 7.3137e-02  1025.5933     5.8719    25.3943     9.6045    292.712   10.08285  307.28963     95.256 -9.990e-29
   39.54138  -72.24636     43.106     42.773     5.8750    32.2484      7.966     0.1088 7.2851e-02  1025.5937     5.8716    25.3943     9.6051    292.731   10.08262  307.28315     95.264 -9.990e-29
