CalculateIndicators/WaterTemperature/Data/CTD_NYOS/20240708_C04.cnv
* Sea-Bird SBE 9 Data File:
* FileName = C:\Seabird 9 CTD\Data\2024\202407_offshore\20240708_C04.hex
* Software Version Seasave V 7.23.2
* Temperature SN = 4590
* Conductivity SN = 3228
* Number of Bytes Per Scan = 44
* Number of Voltage Words = 5
* Number of Scans Averaged by the Deck Unit = 1
* NMEA Latitude = 40 33.13 N
* NMEA Longitude = 073 24.24 W
* NMEA UTC (Time) = Jul 08 2024  19:01:33
* NMEA baud rate = 4800
** Ship: seawolf
** Station: 8.1
** Operator: tcm
# nquan = 18
# nvalues = 7907                        
# units = specified
# name 0 = latitude: Latitude [deg]
# name 1 = longitude: Longitude [deg]
# name 2 = prDM: Pressure, Digiquartz [db]
# name 3 = depSM: Depth [salt water, m]
# name 4 = t090C: Temperature [ITS-90, deg C]
# name 5 = sal00: Salinity, Practical [PSU]
# name 6 = ph: pH
# name 7 = flECO-AFL: Fluorescence, WET Labs ECO-AFL/FL [mg/m^3]
# name 8 = cpar: CPAR/Corrected Irradiance [%]
# name 9 = density00: Density [density, kg/m^3]
# name 10 = potemp090C: Potential Temperature [ITS-90, deg C]
# name 11 = sigma-é00: Density [sigma-theta, kg/m^3]
# name 12 = sbeox0Mg/L: Oxygen, SBE 43 [mg/l]
# name 13 = sbox0Mm/Kg: Oxygen, SBE 43 [umol/kg]
# name 14 = oxsolMg/L: Oxygen Saturation, Garcia & Gordon [mg/l]
# name 15 = oxsolMm/Kg: Oxygen Saturation, Garcia & Gordon [umol/kg]
# name 16 = sbeox0PS: Oxygen, SBE 43 [% saturation]
# name 17 = flag:  0.000e+00
# span 0 =   40.55218,   40.55288       
# span 1 =  -73.40408,  -73.40358       
# span 2 =      1.755,     18.437       
# span 3 =      1.742,     18.294       
# span 4 =    13.0867,    23.3921       
# span 5 =    29.6498,    30.9567       
# span 6 =      7.722,      8.021       
# span 7 =     0.8475,     2.9427       
# span 8 = 3.2270e-02, 1.3086e+02       
# span 9 =  1019.8332,  1023.2441       
# span 10 =    13.0843,    23.3916      
# span 11 =    19.9204,    23.1569      
# span 12 =     6.1922,     9.0637      
# span 13 =    189.159,    277.465      
# span 14 =    7.15852,    8.68246      
# span 15 =  219.28615,  265.20569      
# span 16 =     71.581,    122.928      
# span 17 = 0.0000e+00, 0.0000e+00      
# interval = seconds: 0.0416667
# start_time = Jul 08 2024 19:01:36 [System UTC, first data scan.]
# bad_flag = -9.990e-29
*END*
[from data line 81]
 -9.990e-29 -9.990e-29      2.231      2.213    23.1322    30.1427      7.740     0.9281 6.2400e+01  1020.2266    23.1318    20.2172     8.6917    266.236    7.19146  220.28299    120.861 0.0000e+00
 -9.990e-29 -9.990e-29      2.240      2.223    23.1326    30.1443      7.740     0.9281 6.2878e+01  1020.2281    23.1321    20.2183     8.6913    266.224    7.19137  220.28034    120.857 -9.990e-29
 -9.990e-29 -9.990e-29      2.231      2.213    23.1335    30.1458      7.740     0.9415 6.2828e+01  1020.2291    23.1331    20.2192     8.6913    266.225    7.19136  220.28008    120.857 -9.990e-29
 -9.990e-29 -9.990e-29      2.251      2.234    23.1350    30.1468      7.740     0.9281 5.8078e+01  1020.2295    23.1345    20.2197     8.6913    266.225    7.19136  220.28027    120.858 0.0000e+00
 -9.990e-29 -9.990e-29      2.261      2.243    23.1363    30.1474      7.740     0.9415 5.1418e+01  1020.2297    23.1359    20.2197     8.6869    266.092    7.19147  220.28365    120.795 -9.990e-29
 -9.990e-29 -9.990e-29      2.261      2.243    23.1381    30.1474      7.740     0.9415 4.9668e+01  1020.2293    23.1377    20.2194     8.6869    266.091    7.19167  220.29025    120.791 -9.990e-29
 -9.990e-29 -9.990e-29      2.271      2.253    23.1398    30.1474      7.740     0.9281 5.0468e+01  1020.2287    23.1393    20.2187     8.6908    266.211    7.19194  220.29837    120.841 -9.990e-29
 -9.990e-29 -9.990e-29      2.271      2.253    23.1417    30.1466      7.740     0.9415 5.2053e+01  1020.2275    23.1413    20.2176     8.6867    266.084    7.19199  220.29926    120.783 -9.990e-29
 -9.990e-29 -9.990e-29      2.291      2.273    23.1427    30.1453      7.740     0.9281 5.2588e+01  1020.2263    23.1422    20.2163     8.6905    266.200    7.19189  220.29617    120.837 -9.990e-29
 -9.990e-29 -9.990e-29      2.291      2.273    23.1437    30.1438      7.740     0.9415 5.4026e+01  1020.2245    23.1432    20.2150     8.6864    266.075    7.19197  220.29853    120.779 -9.990e-29
 -9.990e-29 -9.990e-29      2.291      2.273    23.1439    30.1428      7.740     0.9415 5.8881e+01  1020.2237    23.1434    20.2141     8.6905    266.201    7.19210  220.30250    120.834 -9.990e-29
 -9.990e-29 -9.990e-29      2.301      2.283    23.1439    30.1423      7.740     0.9415 6.0951e+01  1020.2235    23.1435    20.2136     8.6907    266.207    7.19223  220.30640    120.835 0.0000e+00
 -9.990e-29 -9.990e-29      2.312      2.294    23.1446    30.1423      7.740     0.9415 6.0374e+01  1020.2233    23.1441    20.2134     8.6911    266.218    7.19249  220.31456    120.836 0.0000e+00
 -9.990e-29 -9.990e-29      2.321      2.303    23.1448    30.1423      7.740     0.9281 5.5585e+01  1020.2233    23.1443    20.2133     8.6873    266.102    7.19280  220.32408    120.778 -9.990e-29
 -9.990e-29 -9.990e-29      2.321      2.303    23.1450    30.1424      7.740     0.9281 5.3833e+01  1020.2234    23.1446    20.2134     8.6874    266.106    7.19313  220.33389    120.774 -9.990e-29
 -9.990e-29 -9.990e-29      2.342      2.324    23.1455    30.1427      7.740     0.9415 5.4797e+01  1020.2236    23.1450    20.2135     8.6918    266.238    7.19343  220.34241    120.829 -9.990e-29
 -9.990e-29 -9.990e-29      2.331      2.313    23.1460    30.1433      7.740     0.9415 6.1962e+01  1020.2236    23.1455    20.2138     8.6918    266.239    7.19372  220.35069    120.825 -9.990e-29
 -9.990e-29 -9.990e-29      2.352      2.333    23.1463    30.1442      7.740     0.9281 6.6806e+01  1020.2245    23.1458    20.2144     8.6922    266.251    7.19401  220.35878    120.826 -9.990e-29
 -9.990e-29 -9.990e-29      2.352      2.333    23.1465    30.1452      7.740     0.9281 6.8369e+01  1020.2255    23.1461    20.2151     8.6920    266.243    7.19402  220.35887    120.822 -9.990e-29
   40.55218 -9.990e-29      2.363      2.344    23.1473    30.1457      7.740     0.9281 6.3520e+01  1020.2259    23.1468    20.2154     8.6920    266.243    7.19400  220.35808    120.823 0.0000e+00
   40.55218 -9.990e-29      2.372      2.354    23.1490    30.1457      7.740     0.9281 6.1033e+01  1020.2256    23.1485    20.2152     8.6922    266.251    7.19415  220.36313    120.824 -9.990e-29
   40.55218 -9.990e-29      2.363      2.344    23.1503    30.1457      7.740     0.9147 6.2325e+01  1020.2247    23.1498    20.2145     8.6926    266.262    7.19441  220.37135    120.824 -9.990e-29
   40.55218 -9.990e-29      2.383      2.365    23.1515    30.1451      7.740     0.9147 6.2391e+01  1020.2239    23.1511    20.2137     8.6926    266.262    7.19463  220.37832    120.820 -9.990e-29
   40.55218 -9.990e-29      2.382      2.363    23.1523    30.1445      7.740     0.9147 6.2266e+01  1020.2232    23.1518    20.2130     8.6927    266.266    7.19471  220.38080    120.821 -9.990e-29
   40.55218 -9.990e-29      2.382      2.363    23.1532    30.1440      7.740     0.9147 6.4192e+01  1020.2227    23.1527    20.2124     8.6970    266.397    7.19474  220.38157    120.880 -9.990e-29
   40.55218 -9.990e-29      2.393      2.374    23.1539    30.1433      7.745     0.9147 6.7707e+01  1020.2219    23.1534    20.2117     8.6974    266.408    7.19477  220.38284    120.884 -9.990e-29
   40.55218 -9.990e-29      2.393      2.374    23.1544    30.1428      7.745     0.9281 7.1556e+01  1020.2213    23.1540    20.2111     8.6977    266.419    7.19479  220.38336    120.889 -9.990e-29
   40.55218 -9.990e-29      2.382      2.363    23.1550    30.1423      7.745     0.9281 7.3337e+01  1020.2209    23.1545    20.2106     8.6939    266.302    7.19486  220.38568    120.835 -9.990e-29
   40.55218 -9.990e-29      2.393      2.374    23.1550    30.1419      7.745     0.9281 7.1865e+01  1020.2206    23.1545    20.2103     8.6940    266.306    7.19495  220.38848    120.835 0.0000e+00
   40.55218 -9.990e-29      2.402      2.384    23.1552    30.1416      7.745     0.9147 6.7912e+01  1020.2202    23.1547    20.2100     8.6985    266.444    7.19518  220.39604    120.893 -9.990e-29
   40.55218 -9.990e-29      2.393      2.374    23.1551    30.1413      7.745     0.9147 6.5413e+01  1020.2202    23.1546    20.2098     8.6950    266.339    7.19557  220.40857    120.839 -9.990e-29
   40.55218 -9.990e-29      2.382      2.363    23.1552    30.1409      7.740     0.9147 6.3864e+01  1020.2199    23.1547    20.2095     8.6955    266.352    7.19594  220.41990    120.838 -9.990e-29
   40.55218 -9.990e-29      2.393      2.374    23.1551    30.1400      7.745     0.9147 6.2620e+01  1020.2193    23.1546    20.2088     8.6959    266.365    7.19634  220.43190    120.838 -9.990e-29
   40.55218 -9.990e-29      2.393      2.374    23.1551    30.1388      7.745     0.9147 6.0473e+01  1020.2181    23.1546    20.2080     8.6964    266.378    7.19671  220.44288    120.838 -9.990e-29
   40.55218 -9.990e-29      2.383      2.365    23.1544    30.1378      7.745     0.9147 5.8141e+01  1020.2174    23.1540    20.2074     8.6967    266.388    7.19699  220.45110    120.837 -9.990e-29
   40.55218 -9.990e-29      2.382      2.363    23.1539    30.1373      7.745     0.9147 5.8715e+01  1020.2171    23.1534    20.2072     8.6969    266.393    7.19718  220.45640    120.837 -9.990e-29
   40.55218 -9.990e-29      2.382      2.363    23.1525    30.1371      7.745     0.9147 5.7922e+01  1020.2177    23.1520    20.2073     8.6970    266.396    7.19729  220.45947    120.837 -9.990e-29
   40.55218 -9.990e-29      2.393      2.374    23.1518    30.1367      7.745     0.9147 5.6523e+01  1020.2176    23.1513    20.2073     8.6971    266.399    7.19738  220.46205    120.837 -9.990e-29
   40.55218 -9.990e-29      2.372      2.354    23.1505    30.1359      7.745     0.9147 5.9380e+01  1020.2175    23.1500    20.2070     8.6972    266.404    7.19752  220.46614    120.837 -9.990e-29
   40.55218 -9.990e-29      2.382      2.363    23.1500    30.1349      7.745     0.9147 6.0775e+01  1020.2165    23.1495    20.2065     8.6973    266.407    7.19760  220.46863    120.837 -9.990e-29
   40.55218 -9.990e-29      2.372      2.354    23.1486    30.1339      7.745     0.9147 6.0302e+01  1020.2161    23.1481    20.2061     8.6978    266.422    7.19775  220.47300    120.841 -9.990e-29
   40.55218 -9.990e-29      2.372      2.354    23.1473    30.1337      7.745     0.9147 5.7720e+01  1020.2159    23.1468    20.2061     8.6979    266.423    7.19779  220.47406    120.841 -9.990e-29
   40.55218 -9.990e-29      2.363      2.344    23.1450    30.1337      7.745     0.9147 5.6317e+01  1020.2167    23.1445    20.2066     8.7020    266.547    7.19768  220.47018    120.900 -9.990e-29
   40.55218 -9.990e-29      2.363      2.344    23.1427    30.1337      7.745     0.9147 5.6758e+01  1020.2176    23.1422    20.2075     8.6978    266.418    7.19744  220.46209    120.845 -9.990e-29
   40.55218 -9.990e-29      2.372      2.354    23.1405    30.1346      7.745     0.9147 5.5244e+01  1020.2186    23.1400    20.2089     8.7016    266.534    7.19707  220.45053    120.904 -9.990e-29
   40.55218 -9.990e-29      2.352      2.333    23.1376    30.1362      7.745     0.9147 5.4494e+01  1020.2209    23.1372    20.2108     8.6972    266.401    7.19670  220.43904    120.850 -9.990e-29
   40.55218 -9.990e-29      2.352      2.333    23.1358    30.1382      7.745     0.9012 5.5474e+01  1020.2230    23.1353    20.2128     8.6972    266.401    7.19642  220.43089    120.854 -9.990e-29
   40.55218 -9.990e-29      2.342      2.324    23.1350    30.1403      7.745     0.9012 5.6038e+01  1020.2250    23.1345    20.2146     8.7011    266.521    7.19618  220.42400    120.913 -9.990e-29
   40.55218 -9.990e-29      2.342      2.324    23.1346    30.1413      7.745     0.9012 5.6377e+01  1020.2265    23.1341    20.2157     8.7013    266.527    7.19605  220.42068    120.917 -9.990e-29
   40.55218 -9.990e-29      2.331      2.313    23.1355    30.1413      7.745     0.9012 5.7383e+01  1020.2258    23.1350    20.2157     8.6974    266.407    7.19604  220.42078    120.863 -9.990e-29
   40.55218 -9.990e-29      2.321      2.303    23.1358    30.1413      7.745     0.9147 5.7930e+01  1020.2252    23.1353    20.2153     8.6973    266.407    7.19605  220.42128    120.863 -9.990e-29
   40.55218 -9.990e-29      2.302      2.284    23.1358    30.1406      7.745     0.9012 5.7607e+01  1020.2249    23.1354    20.2147     8.6974    266.409    7.19611  220.42333    120.863 -9.990e-29
   40.55218 -9.990e-29      2.301      2.283    23.1355    30.1395      7.745     0.9147 5.8151e+01  1020.2239    23.1350    20.2140     8.6973    266.407    7.19609  220.42251    120.862 -9.990e-29
   40.55218 -9.990e-29      2.291      2.273    23.1345    30.1395      7.745     0.9012 6.1318e+01  1020.2226    23.1341    20.2135     8.6969    266.394    7.19599  220.41919    120.858 -9.990e-29
   40.55218 -9.990e-29      2.282      2.264    23.1324    30.1395      7.745     0.9147 6.9494e+01  1020.2231    23.1320    20.2139     8.6965    266.380    7.19594  220.41767    120.853 -9.990e-29
   40.55218 -9.990e-29      2.261      2.243    23.1312    30.1398      7.745     0.9012 7.2766e+01  1020.2254    23.1307    20.2152     8.6963    266.376    7.19585  220.41506    120.852 -9.990e-29
   40.55218 -9.990e-29      2.240      2.223    23.1315    30.1407      7.750     0.9012 7.2516e+01  1020.2262    23.1311    20.2162     8.6917    266.234    7.19578  220.41309    120.788 -9.990e-29
   40.55218 -9.990e-29      2.231      2.213    23.1310    30.1407      7.745     0.9147 7.0427e+01  1020.2262    23.1305    20.2164     8.6913    266.224    7.19578  220.41348    120.784 -9.990e-29
   40.55220 -9.990e-29      2.210      2.193    23.1301    30.1407      7.745     0.9147 7.0363e+01  1020.2260    23.1297    20.2164     8.6909    266.210    7.19593  220.41870    120.774 -9.990e-29
   40.55220 -9.990e-29      2.200      2.183    23.1292    30.1400      7.745     0.9012 7.1531e+01  1020.2259    23.1288    20.2162     8.6907    266.205    7.19610  220.42384    120.770 -9.990e-29
   40.55220 -9.990e-29      2.191      2.174    23.1278    30.1400      7.745     0.9012 7.0312e+01  1020.2248    23.1274    20.2160     8.6904    266.195    7.19612  220.42384    120.765 -9.990e-29
   40.55220 -9.990e-29      2.159      2.143    23.1253    30.1400      7.750     0.9012 7.0359e+01  1020.2255    23.1248    20.2166     8.6900    266.183    7.19607  220.42150    120.761 -9.990e-29
   40.55220 -9.990e-29      2.150      2.133    23.1224    30.1402      7.750     0.9012 7.1685e+01  1020.2269    23.1220    20.2182     8.6894    266.163    7.19604  220.42083    120.752 -9.990e-29
   40.55220 -9.990e-29      2.139      2.122    23.1192    30.1422      7.750     0.9012 7.3006e+01  1020.2297    23.1188    20.2206     8.6889    266.148    7.19614  220.42462    120.743 -9.990e-29
   40.55220 -9.990e-29      2.108      2.092    23.1160    30.1447      7.750     0.9012 7.4077e+01  1020.2326    23.1156    20.2234     8.6888    266.148    7.19633  220.43137    120.739 -9.990e-29
   40.55220 -9.990e-29      2.099      2.083    23.1130    30.1472      7.750     0.9147 7.4556e+01  1020.2353    23.1125    20.2259     8.6887    266.145    7.19651  220.43680    120.735 -9.990e-29
   40.55220 -9.990e-29      2.078      2.062    23.1119    30.1474      7.750     0.9012 9.0478e+01  1020.2375    23.1115    20.2275     8.6886    266.141    7.19665  220.44051    120.731 -9.990e-29
   40.55220 -9.990e-29      2.069      2.053    23.1122    30.1474      7.750     0.9012 1.0513e+02  1020.2372    23.1118    20.2277     8.6884    266.133    7.19668  220.44082    120.728 -9.990e-29
   40.55220 -9.990e-29      2.048      2.032    23.1117    30.1474      7.750     0.9147 1.0841e+02  1020.2356    23.1113    20.2267     8.6842    266.005    7.19688  220.44738    120.666 -9.990e-29
   40.55220 -9.990e-29      2.027      2.012    23.1105    30.1454      7.750     0.9281 1.0509e+02  1020.2341    23.1101    20.2255     8.6840    266.001    7.19719  220.45763    120.658 -9.990e-29
   40.55220 -9.990e-29      2.019      2.004    23.1094    30.1439      7.750     0.9415 1.0202e+02  1020.2329    23.1090    20.2246     8.6838    265.994    7.19747  220.46565    120.651 -9.990e-29
   40.55220 -9.990e-29      1.997      1.982    23.1089    30.1432      7.750     0.9415 1.0145e+02  1020.2327    23.1085    20.2243     8.6837    265.989    7.19774  220.47381    120.644 -9.990e-29
   40.55220 -9.990e-29      1.978      1.963    23.1086    30.1430      7.750     0.9281 9.3386e+01  1020.2329    23.1082    20.2242     8.6839    265.996    7.19828  220.49099    120.638 -9.990e-29
   40.55220 -9.990e-29      1.957      1.942    23.1085    30.1426      7.750     0.9415 8.2179e+01  1020.2323    23.1081    20.2239     8.6845    266.018    7.19894  220.51195    120.636 -9.990e-29
   40.55220 -9.990e-29      1.948      1.933    23.1085    30.1420      7.750     0.9281 7.9126e+01  1020.2320    23.1081    20.2235     8.6811    265.913    7.19966  220.53395    120.577 -9.990e-29
   40.55220 -9.990e-29      1.927      1.912    23.1081    30.1411      7.750     0.9415 8.1982e+01  1020.2315    23.1078    20.2229     8.6816    265.926    7.20032  220.55365    120.572 -9.990e-29
   40.55220 -9.990e-29      1.916      1.901    23.1080    30.1395      7.750     0.9281 8.9215e+01  1020.2304    23.1076    20.2218     8.6858    266.053    7.20083  220.56834    120.622 -9.990e-29
   40.55220 -9.990e-29      1.897      1.882    23.1071    30.1371      7.750     0.9281 9.1285e+01  1020.2284    23.1067    20.2202     8.6818    265.931    7.20123  220.57993    120.560 -9.990e-29
   40.55220 -9.990e-29      1.886      1.871    23.1050    30.1348      7.750     0.9415 8.9412e+01  1020.2264    23.1046    20.2190     8.6820    265.935    7.20157  220.58992    120.556 -9.990e-29
