CalculateIndicators/WaterTemperature/Data/CTD_NYOS/20240914_C29.cnv
* Sea-Bird SBE 9 Data File:
* FileName = C:\Seabird 9 CTD\Data\2024\202409_offshore\20240914_C29.hex
* Software Version Seasave V 7.23.2
* Temperature SN = 4590
* Conductivity SN = 3228
* Number of Bytes Per Scan = 44
* Number of Voltage Words = 5
* Number of Scans Averaged by the Deck Unit = 1
* NMEA Latitude = 39 44.23 N
* NMEA Longitude = 071 24.96 W
* NMEA UTC (Time) = Sep 14 2024  20:16:58
* NMEA baud rate = 4800
** Ship: Seawolf
** Station: 11.7a
** Operator: TDK
# nquan = 18
# nvalues = 20410                       
# units = specified
# name 0 = latitude: Latitude [deg]
# name 1 = longitude: Longitude [deg]
# name 2 = prDM: Pressure, Digiquartz [db]
# name 3 = depSM: Depth [salt water, m]
# name 4 = t090C: Temperature [ITS-90, deg C]
# name 5 = sal00: Salinity, Practical [PSU]
# name 6 = ph: pH
# name 7 = flECO-AFL: Fluorescence, WET Labs ECO-AFL/FL [mg/m^3]
# name 8 = cpar: CPAR/Corrected Irradiance [%]
# name 9 = density00: Density [density, kg/m^3]
# name 10 = potemp090C: Potential Temperature [ITS-90, deg C]
# name 11 = sigma-é00: Density [sigma-theta, kg/m^3]
# name 12 = sbeox0Mg/L: Oxygen, SBE 43 [mg/l]
# name 13 = sbox0Mm/Kg: Oxygen, SBE 43 [umol/kg]
# name 14 = oxsolMg/L: Oxygen Saturation, Garcia & Gordon [mg/l]
# name 15 = oxsolMm/Kg: Oxygen Saturation, Garcia & Gordon [umol/kg]
# name 16 = sbeox0PS: Oxygen, SBE 43 [% saturation]
# name 17 = flag:  0.000e+00
# span 0 =   39.73716,   39.73908       
# span 1 =  -71.42058,  -71.41616       
# span 2 =      1.858,    101.233       
# span 3 =      1.844,    100.435       
# span 4 =    12.7861,    24.4313       
# span 5 =    33.7411,    35.2654       
# span 6 =      8.032,      8.251       
# span 7 =    -0.0792,     0.8341       
# span 8 = 1.0607e-02, 1.7316e+01       
# span 9 =  1022.8098,  1026.9887       
# span 10 =    12.7748,    24.4305      
# span 11 =    22.7998,    26.5429      
# span 12 =     6.0913,     8.9839      
# span 13 =    185.494,    273.814      
# span 14 =    6.87411,    8.52997      
# span 15 =  210.02982,  259.83651      
# span 16 =     73.530,    112.522      
# span 17 = 0.0000e+00, 0.0000e+00      
# interval = seconds: 0.0416667
# start_time = Sep 14 2024 20:16:59 [System UTC, first data scan.]
# bad_flag = -9.990e-29
*END*
[from data line 3860]
   39.73754  -71.41704     96.929     96.166    13.1368    35.1994      8.058    -0.0524 1.5940e-02  1026.9522    13.1234    26.5226     6.3016    191.837    8.42418  256.45531     74.803 -9.990e-29
   39.73754  -71.41704     96.925     96.162    13.1363    35.1976      8.058    -0.0524 1.5940e-02  1026.9505    13.1229    26.5212     6.3018    191.845    8.42401  256.44993     74.808 -9.990e-29
   39.73754  -71.41704     96.945     96.182    13.1365    35.1969      8.058    -0.0524 1.5940e-02  1026.9499    13.1231    26.5206     6.3067    191.994    8.42385  256.44507     74.868 0.0000e+00
   39.73754  -71.41704     96.959     96.196    13.1363    35.1975      8.058    -0.0524 1.5925e-02  1026.9508    13.1229    26.5211     6.3018    191.843    8.42373  256.44164     74.810 0.0000e+00
   39.73754  -71.41704     96.965     96.202    13.1366    35.1989      8.058    -0.0524 1.5869e-02  1026.9523    13.1232    26.5221     6.3015    191.835    8.42370  256.44068     74.807 0.0000e+00
   39.73754  -71.41704     96.976     96.213    13.1373    35.2001      8.058    -0.0524 1.5910e-02  1026.9532    13.1239    26.5230     6.3012    191.826    8.42362  256.43840     74.804 0.0000e+00
   39.73754  -71.41704     96.990     96.226    13.1383    35.2009      8.058    -0.0524 1.5966e-02  1026.9535    13.1249    26.5234     6.3009    191.818    8.42360  256.43784     74.801 0.0000e+00
   39.73754  -71.41704     97.006     96.243    13.1390    35.2017      8.058    -0.0524 1.5966e-02  1026.9540    13.1256    26.5238     6.3007    191.811    8.42360  256.43787     74.798 0.0000e+00
   39.73754  -71.41704     97.018     96.254    13.1400    35.2025      8.058    -0.0524 1.5966e-02  1026.9545    13.1266    26.5243     6.3004    191.802    8.42353  256.43578     74.795 0.0000e+00
   39.73754  -71.41704     97.052     96.288    13.1410    35.2033      8.057    -0.0524 1.5840e-02  1026.9552    13.1276    26.5246     6.3001    191.794    8.42352  256.43542     74.792 0.0000e+00
   39.73754  -71.41704     97.058     96.294    13.1422    35.2035      8.057    -0.0524 1.5840e-02  1026.9554    13.1288    26.5246     6.2999    191.787    8.42352  256.43537     74.789 0.0000e+00
   39.73754  -71.41704     97.062     96.298    13.1430    35.2033      8.057    -0.0524 1.5840e-02  1026.9546    13.1296    26.5243     6.2996    191.777    8.42342  256.43233     74.787 0.0000e+00
   39.73754  -71.41704     97.099     96.335    13.1442    35.2031      8.057    -0.0524 1.5881e-02  1026.9543    13.1307    26.5240     6.2993    191.769    8.42340  256.43155     74.784 -9.990e-29
   39.73754  -71.41704     97.090     96.325    13.1450    35.2031      8.057    -0.0524 1.5936e-02  1026.9546    13.1316    26.5238     6.2991    191.761    8.42338  256.43100     74.781 -9.990e-29
   39.73754  -71.41704     97.134     96.369    13.1459    35.2030      8.057    -0.0524 1.5936e-02  1026.9538    13.1324    26.5235     6.2988    191.753    8.42336  256.43018     74.778 0.0000e+00
   39.73754  -71.41704     97.141     96.376    13.1464    35.2041      8.057    -0.0524 1.5825e-02  1026.9536    13.1329    26.5242     6.2939    191.605    8.42335  256.42987     74.720 0.0000e+00
   39.73754  -71.41704     97.155     96.390    13.1474    35.2077      8.057    -0.0524 1.5756e-02  1026.9569    13.1339    26.5267     6.2990    191.758    8.42332  256.42894     74.780 0.0000e+00
   39.73754  -71.41704     97.192     96.427    13.1487    35.2119      8.057    -0.0524 1.5811e-02  1026.9624    13.1353    26.5297     6.2942    191.614    8.42337  256.43062     74.724 0.0000e+00
   39.73754  -71.41704     97.202     96.437    13.1519    35.2137      8.057    -0.0524 1.5851e-02  1026.9628    13.1385    26.5306     6.2988    191.752    8.42338  256.43099     74.777 0.0000e+00
   39.73754  -71.41704     97.237     96.471    13.1540    35.2133      8.057    -0.0524 1.5907e-02  1026.9604    13.1405    26.5298     6.2934    191.589    8.42340  256.43163     74.714 0.0000e+00
   39.73754  -71.41704     97.265     96.499    13.1556    35.2131      8.057    -0.0524 1.5907e-02  1026.9599    13.1421    26.5294     6.2980    191.728    8.42341  256.43201     74.767 0.0000e+00
   39.73754  -71.41704     97.278     96.513    13.1573    35.2145      8.057    -0.0524 1.5851e-02  1026.9609    13.1438    26.5300     6.2926    191.564    8.42339  256.43133     74.704 0.0000e+00
   39.73754  -71.41704     97.306     96.540    13.1598    35.2166      8.057    -0.0524 1.5741e-02  1026.9634    13.1463    26.5312     6.2920    191.545    8.42345  256.43302     74.696 0.0000e+00
   39.73754  -71.41704     97.346     96.580    13.1627    35.2174      8.057    -0.0524 1.5727e-02  1026.9638    13.1492    26.5313     6.2920    191.544    8.42345  256.43316     74.696 0.0000e+00
   39.73754  -71.41704     97.360     96.594    13.1651    35.2164      8.057    -0.0524 1.5453e-02  1026.9620    13.1516    26.5300     6.2920    191.545    8.42344  256.43263     74.696 0.0000e+00
   39.73754  -71.41704     97.419     96.652    13.1667    35.2148      8.057    -0.0524 1.5291e-02  1026.9599    13.1532    26.5284     6.2966    191.687    8.42343  256.43219     74.752 0.0000e+00
   39.73754  -71.41704     97.443     96.676    13.1677    35.2138      8.057    -0.0524 1.5238e-02  1026.9589    13.1542    26.5274     6.2921    191.548    8.42342  256.43186     74.697 0.0000e+00
   39.73754  -71.41704     97.491     96.723    13.1687    35.2137      8.057    -0.0524 1.5184e-02  1026.9595    13.1552    26.5271     6.2916    191.532    8.42341  256.43163     74.691 0.0000e+00
   39.73754  -71.41704     97.511     96.744    13.1699    35.2139      8.057    -0.0524 1.5131e-02  1026.9593    13.1564    26.5271     6.2911    191.518    8.42342  256.43202     74.686 0.0000e+00
   39.73754  -71.41704     97.567     96.799    13.1704    35.2145      8.057    -0.0524 1.5077e-02  1026.9596    13.1569    26.5274     6.2854    191.344    8.42341  256.43167     74.618 0.0000e+00
   39.73754  -71.41704     97.574     96.806    13.1716    35.2161      8.052    -0.0524 1.5024e-02  1026.9604    13.1581    26.5284     6.2896    191.473    8.42339  256.43109     74.668 0.0000e+00
   39.73754  -71.41704     97.639     96.870    13.1726    35.2179      8.057    -0.0524 1.4905e-02  1026.9637    13.1591    26.5295     6.2840    191.302    8.42341  256.43183     74.602 0.0000e+00
   39.73754  -71.41704     97.667     96.898    13.1750    35.2183      8.057    -0.0524 1.4747e-02  1026.9630    13.1614    26.5294     6.2837    191.294    8.42344  256.43289     74.598 0.0000e+00
   39.73754  -71.41704     97.721     96.952    13.1761    35.2177      8.057    -0.0524 1.4852e-02  1026.9612    13.1626    26.5288     6.2829    191.268    8.42348  256.43402     74.588 0.0000e+00
   39.73754  -71.41704     97.758     96.989    13.1772    35.2187      8.052    -0.0524 1.5010e-02  1026.9617    13.1636    26.5292     6.2827    191.262    8.42343  256.43250     74.586 0.0000e+00
   39.73754  -71.41704     97.814     97.044    13.1783    35.2214      8.057    -0.0524 1.5010e-02  1026.9649    13.1648    26.5310     6.2767    191.080    8.42344  256.43267     74.515 0.0000e+00
   39.73754  -71.41704     97.842     97.071    13.1807    35.2245      8.057    -0.0524 1.5024e-02  1026.9672    13.1671    26.5331     6.2754    191.041    8.42343  256.43242     74.500 0.0000e+00
   39.73754  -71.41704     97.886     97.115    13.1832    35.2269      8.057    -0.0524 1.4761e-02  1026.9689    13.1696    26.5344     6.2749    191.024    8.42343  256.43252     74.493 0.0000e+00
   39.73754  -71.41704     97.944     97.173    13.1859    35.2283      8.057    -0.0524 1.4605e-02  1026.9694    13.1723    26.5350     6.2738    190.992    8.42349  256.43433     74.480 0.0000e+00
   39.73754  -71.41704     97.989     97.217    13.1886    35.2290      8.057    -0.0524 1.4605e-02  1026.9696    13.1750    26.5350     6.2728    190.961    8.42349  256.43433     74.468 0.0000e+00
   39.73754  -71.41704     98.028     97.256    13.1910    35.2292 -9.990e-29    -0.0524 1.4553e-02  1026.9696    13.1774    26.5347     6.2666    190.772    8.42348  256.43399     74.394 0.0000e+00
   39.73754  -71.41704     98.082     97.309    13.1930    35.2287 -9.990e-29    -0.0658 1.4450e-02  1026.9687    13.1794    26.5339     6.2704    190.888    8.42349  256.43436     74.439 0.0000e+00
   39.73754  -71.41704     98.119     97.347    13.1943    35.2280 -9.990e-29    -0.0658 1.4501e-02  1026.9679    13.1807    26.5330     6.2644    190.705    8.42349  256.43416     74.368 0.0000e+00
   39.73754  -71.41704     98.175     97.402    13.1960    35.2274 -9.990e-29    -0.0658 1.4515e-02  1026.9672    13.1824    26.5323     6.2631    190.665    8.42348  256.43381     74.353 0.0000e+00
   39.73754  -71.41704     98.223     97.450    13.1968    35.2272 -9.990e-29    -0.0658 1.4566e-02  1026.9675    13.1832    26.5319     6.2619    190.629    8.42348  256.43402     74.339 0.0000e+00
   39.73754  -71.41704     98.277     97.503    13.1979    35.2267 -9.990e-29    -0.0658 1.4566e-02  1026.9674    13.1842    26.5313     6.2615    190.616    8.42350  256.43463     74.333 0.0000e+00
   39.73754  -71.41704     98.326     97.552    13.1987    35.2258 -9.990e-29    -0.0658 1.4412e-02  1026.9661    13.1851    26.5305     6.2605    190.587    8.42349  256.43406     74.322 0.0000e+00
   39.73754  -71.41706     98.370     97.596    13.1994    35.2254 -9.990e-29    -0.0658 1.4309e-02  1026.9654    13.1857    26.5300     6.2543    190.399    8.42341  256.43164     74.250 0.0000e+00
   39.73754  -71.41706     98.419     97.644    13.1994    35.2260 -9.990e-29    -0.0658 1.4258e-02  1026.9668    13.1857    26.5304     6.2530    190.360    8.42345  256.43299     74.234 0.0000e+00
   39.73754  -71.41706     98.463     97.688    13.2000    35.2267 -9.990e-29    -0.0658 1.4056e-02  1026.9677    13.1864    26.5309     6.2466    190.163    8.42342  256.43183     74.157 0.0000e+00
   39.73754  -71.41706     98.522     97.746    13.2009    35.2271 -9.990e-29    -0.0658 1.4221e-02  1026.9679    13.1872    26.5311     6.2449    190.112    8.42343  256.43240     74.137 0.0000e+00
   39.73754  -71.41706     98.555     97.779    13.2016    35.2271 -9.990e-29    -0.0658 1.4272e-02  1026.9680    13.1879    26.5309     6.2440    190.086    8.42341  256.43170     74.127 0.0000e+00
   39.73754  -71.41706     98.605     97.828    13.2019    35.2268 -9.990e-29    -0.0658 1.4170e-02  1026.9678    13.1882    26.5306     6.2427    190.044    8.42340  256.43130     74.111 0.0000e+00
   39.73754  -71.41706     98.669     97.892    13.2026    35.2264 -9.990e-29    -0.0658 1.4032e-02  1026.9673    13.1889    26.5302     6.2415    190.009    8.42342  256.43192     74.097 0.0000e+00
   39.73754  -71.41706     98.689     97.912    13.2027    35.2262 -9.990e-29    -0.0658 1.3981e-02  1026.9673    13.1890    26.5300     6.2352    189.818    8.42342  256.43203     74.023 0.0000e+00
   39.73754  -71.41706     98.738     97.960    13.2026    35.2262 -9.990e-29    -0.0792 1.3981e-02  1026.9679    13.1889    26.5300     6.2338    189.775    8.42347  256.43369     74.005 0.0000e+00
   39.73754  -71.41706     98.803     98.025    13.2031    35.2262 -9.990e-29    -0.0658 1.4045e-02  1026.9679    13.1894    26.5299     6.2325    189.736    8.42348  256.43392     73.990 0.0000e+00
   39.73754  -71.41706     98.831     98.053    13.2032    35.2262 -9.990e-29    -0.0658 1.4095e-02  1026.9677    13.1895    26.5299     6.2314    189.702    8.42348  256.43392     73.977 0.0000e+00
   39.73754  -71.41706     98.875     98.097    13.2031    35.2266 -9.990e-29    -0.0658 1.4095e-02  1026.9684    13.1893    26.5301     6.2305    189.675    8.42353  256.43533     73.966 0.0000e+00
   39.73754  -71.41706     98.924     98.145    13.2034    35.2271 -9.990e-29    -0.0658 1.4196e-02  1026.9691    13.1897    26.5305     6.2245    189.492    8.42351  256.43464     73.895 0.0000e+00
   39.73754  -71.41706     98.957     98.178    13.2034    35.2275 -9.990e-29    -0.0658 1.4260e-02  1026.9696    13.1897    26.5308     6.2234    189.456    8.42350  256.43442     73.881 0.0000e+00
   39.73754  -71.41706     98.999     98.219    13.2034    35.2278 -9.990e-29    -0.0658 1.4209e-02  1026.9700    13.1897    26.5310     6.2276    189.586    8.42349  256.43406     73.932 0.0000e+00
   39.73754  -71.41706     99.027     98.247    13.2036    35.2279 -9.990e-29    -0.0658 1.4007e-02  1026.9700    13.1898    26.5311     6.2222    189.422    8.42352  256.43509     73.867 0.0000e+00
   39.73754  -71.41706     99.081     98.300    13.2036    35.2279 -9.990e-29    -0.0658 1.3870e-02  1026.9704    13.1898    26.5311     6.2217    189.405    8.42352  256.43521     73.861 0.0000e+00
   39.73754  -71.41706     99.111     98.331    13.2038    35.2279 -9.990e-29    -0.0658 1.3870e-02  1026.9705    13.1900    26.5311     6.2207    189.374    8.42353  256.43545     73.849 0.0000e+00
   39.73754  -71.41706     99.152     98.371    13.2036    35.2277 -9.990e-29    -0.0792 1.3684e-02  1026.9704    13.1898    26.5309     6.2257    189.527    8.42354  256.43578     73.908 0.0000e+00
   39.73754  -71.41706     99.184     98.402    13.2036    35.2275 -9.990e-29    -0.0792 1.3586e-02  1026.9704    13.1898    26.5308     6.2204    189.366    8.42353  256.43555     73.846 0.0000e+00
   39.73754  -71.41706     99.224     98.442    13.2034    35.2275 -9.990e-29    -0.0792 1.3586e-02  1026.9707    13.1896    26.5308     6.2205    189.370    8.42350  256.43452     73.847 0.0000e+00
   39.73754  -71.41706     99.267     98.485    13.2034    35.2275 -9.990e-29    -0.0792 1.3734e-02  1026.9707    13.1896    26.5308     6.2203    189.362    8.42352  256.43532     73.844 0.0000e+00
   39.73754  -71.41706     99.288     98.505    13.2034    35.2275 -9.990e-29    -0.0792 1.3896e-02  1026.9711    13.1896    26.5308     6.2155    189.218    8.42351  256.43485     73.788 0.0000e+00
   39.73754  -71.41706     99.326     98.544    13.2032    35.2274 -9.990e-29    -0.0792 1.3896e-02  1026.9710    13.1895    26.5308     6.2203    189.363    8.42350  256.43450     73.844 0.0000e+00
   39.73754  -71.41706     99.360     98.577    13.2032    35.2275 -9.990e-29    -0.0792 1.3846e-02  1026.9711    13.1895    26.5309     6.2154    189.213    8.42352  256.43497     73.786 0.0000e+00
   39.73754  -71.41706     99.379     98.596    13.2031    35.2278 -9.990e-29    -0.0792 1.3759e-02  1026.9718    13.1893    26.5312     6.2205    189.369    8.42350  256.43438     73.847 0.0000e+00
   39.73754  -71.41706     99.419     98.636    13.2031    35.2281 -9.990e-29    -0.0792 1.3759e-02  1026.9722    13.1893    26.5314     6.2212    189.390    8.42352  256.43495     73.855 0.0000e+00
   39.73754  -71.41706     99.442     98.658    13.2031    35.2282 -9.990e-29    -0.0792 1.3723e-02  1026.9724    13.1893    26.5315     6.2174    189.275    8.42350  256.43449     73.810 0.0000e+00
   39.73754  -71.41706     99.483     98.700    13.2032    35.2282 -9.990e-29    -0.0792 1.3575e-02  1026.9723    13.1894    26.5314     6.2179    189.289    8.42347  256.43356     73.816 0.0000e+00
   39.73754  -71.41706     99.501     98.717    13.2031    35.2282 -9.990e-29    -0.0792 1.3526e-02  1026.9726    13.1893    26.5314     6.2133    189.150    8.42346  256.43342     73.762 0.0000e+00
   39.73754  -71.41706     99.535     98.751    13.2032    35.2280 -9.990e-29    -0.0792 1.3624e-02  1026.9725    13.1894    26.5313     6.2136    189.158    8.42344  256.43267     73.765 0.0000e+00
   39.73754  -71.41706     99.576     98.792    13.2034    35.2279 -9.990e-29    -0.0792 1.3735e-02  1026.9725    13.1896    26.5312     6.2135    189.156    8.42348  256.43379     73.764 0.0000e+00
