CalculateIndicators/WaterTemperature/Data/CTD_NYOS/20240914_C29.cnv
* Sea-Bird SBE 9 Data File:
* FileName = C:\Seabird 9 CTD\Data\2024\202409_offshore\20240914_C29.hex
* Software Version Seasave V 7.23.2
* Temperature SN = 4590
* Conductivity SN = 3228
* Number of Bytes Per Scan = 44
* Number of Voltage Words = 5
* Number of Scans Averaged by the Deck Unit = 1
* NMEA Latitude = 39 44.23 N
* NMEA Longitude = 071 24.96 W
* NMEA UTC (Time) = Sep 14 2024  20:16:58
* NMEA baud rate = 4800
** Ship: Seawolf
** Station: 11.7a
** Operator: TDK
# nquan = 18
# nvalues = 20410                       
# units = specified
# name 0 = latitude: Latitude [deg]
# name 1 = longitude: Longitude [deg]
# name 2 = prDM: Pressure, Digiquartz [db]
# name 3 = depSM: Depth [salt water, m]
# name 4 = t090C: Temperature [ITS-90, deg C]
# name 5 = sal00: Salinity, Practical [PSU]
# name 6 = ph: pH
# name 7 = flECO-AFL: Fluorescence, WET Labs ECO-AFL/FL [mg/m^3]
# name 8 = cpar: CPAR/Corrected Irradiance [%]
# name 9 = density00: Density [density, kg/m^3]
# name 10 = potemp090C: Potential Temperature [ITS-90, deg C]
# name 11 = sigma-é00: Density [sigma-theta, kg/m^3]
# name 12 = sbeox0Mg/L: Oxygen, SBE 43 [mg/l]
# name 13 = sbox0Mm/Kg: Oxygen, SBE 43 [umol/kg]
# name 14 = oxsolMg/L: Oxygen Saturation, Garcia & Gordon [mg/l]
# name 15 = oxsolMm/Kg: Oxygen Saturation, Garcia & Gordon [umol/kg]
# name 16 = sbeox0PS: Oxygen, SBE 43 [% saturation]
# name 17 = flag:  0.000e+00
# span 0 =   39.73716,   39.73908       
# span 1 =  -71.42058,  -71.41616       
# span 2 =      1.858,    101.233       
# span 3 =      1.844,    100.435       
# span 4 =    12.7861,    24.4313       
# span 5 =    33.7411,    35.2654       
# span 6 =      8.032,      8.251       
# span 7 =    -0.0792,     0.8341       
# span 8 = 1.0607e-02, 1.7316e+01       
# span 9 =  1022.8098,  1026.9887       
# span 10 =    12.7748,    24.4305      
# span 11 =    22.7998,    26.5429      
# span 12 =     6.0913,     8.9839      
# span 13 =    185.494,    273.814      
# span 14 =    6.87411,    8.52997      
# span 15 =  210.02982,  259.83651      
# span 16 =     73.530,    112.522      
# span 17 = 0.0000e+00, 0.0000e+00      
# interval = seconds: 0.0416667
# start_time = Sep 14 2024 20:16:59 [System UTC, first data scan.]
# bad_flag = -9.990e-29
*END*
[from data line 2975]
   39.73746  -71.41686     73.854     73.277    13.4266    34.9711      8.082     0.0416 5.9590e-02  1026.6123    13.4163    26.2860     6.4517    196.448    8.40084  255.79879     76.798 0.0000e+00
   39.73746  -71.41686     73.873     73.296    13.4192    34.9702      8.082     0.0416 5.9590e-02  1026.6146    13.4089    26.2869     6.4507    196.420    8.40064  255.79298     76.789 0.0000e+00
   39.73746  -71.41686     73.924     73.347    13.4108    34.9695      8.082     0.0551 5.9590e-02  1026.6158    13.4005    26.2880     6.4543    196.529    8.40053  255.78989     76.832 0.0000e+00
   39.73746  -71.41686     73.956     73.378    13.4019    34.9679      8.082     0.0551 5.9234e-02  1026.6171    13.3915    26.2884     6.4589    196.669    8.40046  255.78777     76.888 0.0000e+00
   39.73746  -71.41686     74.007     73.429    13.3950    34.9654      8.082     0.0551 5.9057e-02  1026.6158    13.3846    26.2880     6.4587    196.663    8.40036  255.78470     76.886 0.0000e+00
   39.73746  -71.41686     74.038     73.459    13.3874    34.9636      8.082     0.0551 5.9057e-02  1026.6149    13.3771    26.2882     6.4536    196.509    8.40016  255.77859     76.828 0.0000e+00
   39.73746  -71.41686     74.079     73.500    13.3797    34.9645      8.082     0.0551 5.8704e-02  1026.6177    13.3693    26.2904     6.4576    196.630    8.39998  255.77296     76.877 0.0000e+00
   39.73746  -71.41686     74.110     73.531    13.3731    34.9683      8.082     0.0551 5.8528e-02  1026.6226    13.3628    26.2946     6.4574    196.623    8.39977  255.76647     76.876 0.0000e+00
   39.73746  -71.41686     74.150     73.570    13.3684    34.9732      8.082     0.0551 5.8528e-02  1026.6293    13.3581    26.2994     6.4570    196.612    8.39960  255.76135     76.873 0.0000e+00
   39.73746  -71.41686     74.182     73.602    13.3664    34.9765      8.082     0.0551 5.8353e-02  1026.6328    13.3560    26.3025     6.4618    196.757    8.39955  255.76011     76.930 0.0000e+00
   39.73746  -71.41686     74.212     73.632    13.3643    34.9770      8.082     0.0551 5.8353e-02  1026.6327    13.3540    26.3033     6.4566    196.598    8.39952  255.75959     76.868 0.0000e+00
   39.73746  -71.41686     74.252     73.672    13.3620    34.9763      8.082     0.0551 5.8353e-02  1026.6321    13.3517    26.3033     6.4616    196.751    8.39952  255.75950     76.928 0.0000e+00
   39.73746  -71.41686     74.294     73.713    13.3596    34.9760      8.082     0.0551 5.8179e-02  1026.6326    13.3493    26.3036     6.4618    196.758    8.39948  255.75818     76.931 0.0000e+00
   39.73746  -71.41686     74.326     73.745    13.3574    34.9765      8.082     0.0551 5.7831e-02  1026.6339    13.3471    26.3044     6.4671    196.918    8.39943  255.75658     76.994 0.0000e+00
   39.73746  -71.41686     74.366     73.785    13.3556    34.9773      8.082     0.0551 5.7831e-02  1026.6348    13.3453    26.3053     6.4676    196.934    8.39946  255.75774     77.000 0.0000e+00
   39.73746  -71.41686     74.396     73.815    13.3542    34.9786      8.082     0.0551 5.7485e-02  1026.6361    13.3439    26.3066     6.4679    196.944    8.39950  255.75911     77.004 0.0000e+00
   39.73746  -71.41686     74.438     73.856    13.3534    34.9799      8.082     0.0551 5.7141e-02  1026.6385    13.3430    26.3078     6.4686    196.966    8.39952  255.75963     77.012 0.0000e+00
   39.73746  -71.41686     74.479     73.897    13.3536    34.9804      8.082     0.0551 5.7194e-02  1026.6390    13.3432    26.3082     6.4692    196.982    8.39949  255.75863     77.019 0.0000e+00
   39.73746  -71.41686     74.520     73.937    13.3532    34.9799      8.082     0.0551 5.7194e-02  1026.6379    13.3429    26.3079     6.4747    197.150    8.39946  255.75770     77.085 0.0000e+00
   39.73746  -71.41686     74.540     73.958    13.3524    34.9799      8.082     0.0551 5.7194e-02  1026.6376    13.3420    26.3080     6.4703    197.015    8.39943  255.75700     77.032 0.0000e+00
   39.73746  -71.41688     74.582     73.999    13.3516    34.9813      8.082     0.0551 5.7194e-02  1026.6397    13.3412    26.3092     6.4754    197.172    8.39941  255.75622     77.094 0.0000e+00
   39.73746  -71.41688     74.612     74.029    13.3516    34.9832      8.082     0.0551 5.7023e-02  1026.6419    13.3412    26.3107     6.4765    197.205    8.39948  255.75844     77.106 0.0000e+00
   39.73746  -71.41688     74.652     74.069    13.3524    34.9844      8.082     0.0551 5.6681e-02  1026.6430    13.3420    26.3115     6.4767    197.213    8.39952  255.75953     77.109 0.0000e+00
   39.73746  -71.41688     74.684     74.100    13.3532    34.9844      8.082     0.0551 5.6511e-02  1026.6426    13.3428    26.3113     6.4774    197.232    8.39949  255.75846     77.116 0.0000e+00
   39.73746  -71.41688     74.705     74.121    13.3542    34.9839      8.077     0.0551 5.6511e-02  1026.6417    13.3438    26.3108     6.4771    197.224    8.39938  255.75536     77.115 0.0000e+00
   39.73746  -71.41688     74.745     74.161    13.3546    34.9833      8.082     0.0551 5.6394e-02  1026.6421    13.3442    26.3102     6.4768    197.214    8.39940  255.75584     77.110 0.0000e+00
   39.73746  -71.41688     74.776     74.191    13.3553    34.9819      8.077     0.0416 5.6225e-02  1026.6406    13.3448    26.3091     6.4769    197.216    8.39940  255.75597     77.111 0.0000e+00
   39.73746  -71.41688     74.817     74.232    13.3551    34.9802      8.082     0.0416 5.6225e-02  1026.6392    13.3447    26.3078     6.4761    197.194    8.39935  255.75447     77.103 0.0000e+00
   39.73746  -71.41688     74.839     74.254    13.3544    34.9789      8.077     0.0416 5.5888e-02  1026.6381    13.3440    26.3069     6.4758    197.183    8.39931  255.75306     77.099 0.0000e+00
   39.73746  -71.41688     74.879     74.294    13.3534    34.9790      8.082     0.0416 5.5720e-02  1026.6382    13.3430    26.3072     6.4812    197.348    8.39937  255.75505     77.163 0.0000e+00
   39.73746  -71.41688     74.899     74.313    13.3526    34.9805      8.077     0.0416 5.5720e-02  1026.6406    13.3422    26.3084     6.4819    197.369    8.39953  255.76036     77.169 0.0000e+00
   39.73746  -71.41688     74.931     74.345    13.3529    34.9823      8.077     0.0416 5.5553e-02  1026.6423    13.3425    26.3098     6.4824    197.384    8.39967  255.76487     77.174 0.0000e+00
   39.73746  -71.41688     74.961     74.375    13.3538    34.9844      8.082     0.0416 5.5438e-02  1026.6425    13.3433    26.3112     6.4826    197.392    8.39969  255.76494     77.177 0.0000e+00
   39.73746  -71.41688     74.982     74.396    13.3542    34.9887      8.077     0.0416 5.5438e-02  1026.6449    13.3438    26.3145     6.4826    197.391    8.39959  255.76164     77.178 0.0000e+00
   39.73746  -71.41688     75.033     74.446    13.3559    34.9978      8.082     0.0416 5.5438e-02  1026.6515    13.3455    26.3211     6.4876    197.543    8.39952  255.75956     77.238 0.0000e+00
   39.73746  -71.41688     75.043     74.456    13.3595    35.0099      8.082     0.0416 5.5438e-02  1026.6644    13.3490    26.3295     6.4886    197.573    8.39962  255.76283     77.248 0.0000e+00
   39.73746  -71.41688     75.084     74.497    13.3672    35.0188      8.077     0.0416 5.5605e-02  1026.6715    13.3567    26.3351     6.4835    197.419    8.39968  255.76476     77.188 0.0000e+00
   39.73746  -71.41688     75.105     74.518    13.3760    35.0207      8.077     0.0416 5.5271e-02  1026.6700    13.3655    26.3350     6.4881    197.557    8.39969  255.76477     77.242 0.0000e+00
   39.73746  -71.41688     75.124     74.537    13.3835    35.0168      8.077     0.0416 5.5156e-02  1026.6643    13.3730    26.3305     6.4874    197.535    8.39916  255.74687     77.238 0.0000e+00
   39.73746  -71.41688     75.145     74.558    13.3887    35.0104      8.082     0.0416 5.5156e-02  1026.6569    13.3782    26.3244     6.4872    197.526    8.39793  255.70702     77.247 0.0000e+00
   39.73746  -71.41688     75.176     74.588    13.3920    35.0044      8.077     0.0416 5.4990e-02  1026.6505    13.3815    26.3191     6.4854    197.471    8.39651  255.66218     77.239 0.0000e+00
   39.73746  -71.41688     75.196     74.608    13.3934    35.0010      8.077     0.0416 5.4825e-02  1026.6487    13.3829    26.3161     6.4890    197.580    8.39555  255.63386     77.290 0.0000e+00
   39.73746  -71.41688     75.227     74.639    13.3951    34.9999      8.077     0.0416 5.4661e-02  1026.6475    13.3846    26.3149     6.4889    197.579    8.39526  255.62657     77.292 0.0000e+00
   39.73746  -71.41688     75.249     74.661    13.3962    35.0001      8.077     0.0416 5.4711e-02  1026.6480    13.3856    26.3148     6.4886    197.572    8.39502  255.62012     77.291 0.0000e+00
   39.73746  -71.41688     75.279     74.691    13.3981    35.0010      8.077     0.0416 5.4876e-02  1026.6491    13.3876    26.3151     6.4888    197.576    8.39469  255.61011     77.296 0.0000e+00
   39.73746  -71.41688     75.299     74.710    13.3995    35.0015      8.077     0.0416 5.5042e-02  1026.6491    13.3890    26.3152     6.4888    197.577    8.39446  255.60332     77.298 0.0000e+00
   39.73746  -71.41688     75.310     74.721    13.4010    35.0015      8.077     0.0416 5.5042e-02  1026.6487    13.3905    26.3148     6.4881    197.558    8.39437  255.60091     77.291 0.0000e+00
   39.73746  -71.41688     75.361     74.772    13.4029    35.0012      8.077     0.0416 5.4711e-02  1026.6480    13.3924    26.3143     6.4822    197.376    8.39438  255.60147     77.220 0.0000e+00
   39.73746  -71.41688     75.372     74.783    13.4037    35.0010      8.077     0.0416 5.4711e-02  1026.6480    13.3932    26.3138     6.4811    197.342    8.39413  255.59368     77.209 0.0000e+00
   39.73746  -71.41688     75.401     74.812    13.4049    35.0006      8.077     0.0416 5.4762e-02  1026.6478    13.3943    26.3133     6.4841    197.433    8.39352  255.57440     77.251 0.0000e+00
   39.73746  -71.41688     75.433     74.843    13.4058    34.9999      8.077     0.0416 5.4433e-02  1026.6469    13.3953    26.3126     6.4770    197.218    8.39283  255.55281     77.173 0.0000e+00
   39.73746  -71.41688     75.454     74.864    13.4066    34.9994      8.077     0.0551 5.4433e-02  1026.6461    13.3960    26.3121     6.4802    197.315    8.39213  255.53050     77.218 0.0000e+00
   39.73746  -71.41688     75.473     74.883    13.4071    34.9995      8.077     0.0551 5.4433e-02  1026.6463    13.3965    26.3120     6.4793    197.288    8.39156  255.51362     77.212 0.0000e+00
   39.73746  -71.41688     75.505     74.915    13.4079    35.0001      8.077     0.0551 5.3994e-02  1026.6470    13.3974    26.3123     6.4784    197.261    8.39114  255.50073     77.206 0.0000e+00
   39.73746  -71.41688     75.524     74.934    13.4088    35.0007      8.077     0.0551 5.4157e-02  1026.6475    13.3982    26.3126     6.4765    197.202    8.39037  255.47672     77.190 0.0000e+00
   39.73746  -71.41688     75.558     74.967    13.4099    35.0009      8.077     0.0551 5.4157e-02  1026.6476    13.3994    26.3126     6.4749    197.152    8.38945  255.44785     77.179 0.0000e+00
   39.73746  -71.41688     75.576     74.985    13.4110    35.0007      8.077     0.0551 5.4157e-02  1026.6474    13.4004    26.3122     6.4732    197.099    8.38857  255.42113     77.166 0.0000e+00
   39.73746  -71.41688     75.596     75.005    13.4115    35.0001      8.077     0.0551 5.4207e-02  1026.6467    13.4009    26.3116     6.4715    197.048    8.38793  255.40201     77.152 0.0000e+00
   39.73746  -71.41688     75.617     75.026    13.4120    34.9995      8.077     0.0551 5.4207e-02  1026.6459    13.4014    26.3111     6.4704    197.016    8.38749  255.38905     77.143 0.0000e+00
   39.73746  -71.41688     75.648     75.056    13.4120    34.9992      8.077     0.0551 5.4044e-02  1026.6460    13.4014    26.3108     6.4685    196.959    8.38698  255.37311     77.126 0.0000e+00
   39.73746  -71.41688     75.668     75.077    13.4123    34.9991      8.077     0.0551 5.3881e-02  1026.6459    13.4017    26.3107     6.4670    196.913    8.38632  255.35305     77.114 0.0000e+00
   39.73746  -71.41688     75.710     75.118    13.4125    34.9990      8.077     0.0551 5.3769e-02  1026.6463    13.4019    26.3106     6.4655    196.866    8.38577  255.33628     77.101 0.0000e+00
   39.73746  -71.41688     75.732     75.140    13.4125    34.9986      8.077     0.0551 5.3769e-02  1026.6459    13.4019    26.3103     6.4646    196.839    8.38542  255.32599     77.093 0.0000e+00
   39.73746  -71.41688     75.740     75.148    13.4125    34.9982      8.077     0.0551 5.3769e-02  1026.6454    13.4019    26.3100     6.4689    196.971    8.38521  255.31989     77.147 0.0000e+00
   39.73746  -71.41688     75.771     75.178    13.4123    34.9982      8.077     0.0551 5.3819e-02  1026.6457    13.4017    26.3100     6.4633    196.800    8.38497  255.31166     77.082 0.0000e+00
   39.73746  -71.41688     75.812     75.219    13.4123    34.9985      8.077     0.0551 5.3657e-02  1026.6463    13.4017    26.3102     6.4669    196.909    8.38416  255.28616     77.133 0.0000e+00
   39.73746  -71.41688     75.833     75.240    13.4125    34.9986      8.077     0.0551 5.3496e-02  1026.6464    13.4019    26.3103     6.4603    196.707    8.38296  255.24849     77.065 0.0000e+00
   39.73746  -71.41688     75.864     75.270    13.4126    34.9986      8.077     0.0551 5.3546e-02  1026.6464    13.4020    26.3102     6.4638    196.814    8.38155  255.20477     77.120 0.0000e+00
   39.73748  -71.41688     75.894     75.301    13.4128    34.9985      8.077     0.0551 5.3384e-02  1026.6466    13.4022    26.3101     6.4569    196.602    8.38019  255.16269     77.050 0.0000e+00
   39.73748  -71.41688     75.915     75.321    13.4125    34.9984      8.077     0.0551 5.3224e-02  1026.6464    13.4019    26.3101     6.4602    196.700    8.37869  255.11632     77.102 0.0000e+00
   39.73748  -71.41688     75.945     75.351    13.4123    34.9986      8.077     0.0551 5.2585e-02  1026.6465    13.4017    26.3102     6.4589    196.662    8.37743  255.07828     77.099 0.0000e+00
   39.73748  -71.41688     75.988     75.394    13.4121    34.9989      8.077     0.0551 5.2953e-02  1026.6476    13.4015    26.3105     6.4576    196.622    8.37622  255.04128     77.094 0.0000e+00
   39.73748  -71.41688     76.017     75.423    13.4128    34.9990      8.082     0.0551 5.2953e-02  1026.6474    13.4022    26.3105     6.4506    196.409    8.37451  254.98812     77.027 0.0000e+00
   39.73748  -71.41688     76.048     75.453    13.4128    34.9988      8.077     0.0551 5.2793e-02  1026.6473    13.4022    26.3103     6.4531    196.484    8.37254  254.92757     77.074 0.0000e+00
   39.73748  -71.41688     76.068     75.474    13.4128    34.9988      8.077     0.0551 5.3002e-02  1026.6473    13.4022    26.3103     6.4513    196.430    8.37106  254.88334     77.066 0.0000e+00
   39.73748  -71.41688     76.110     75.515    13.4130    34.9988      8.077     0.0282 5.2683e-02  1026.6477    13.4024    26.3103     6.4497    196.383    8.37004  254.85325     77.057 -9.990e-29
   39.73748  -71.41688     76.110     75.515    13.4133    34.9985      8.077     0.0282 5.2525e-02  1026.6476    13.4027    26.3100     6.4429    196.176    8.36900  254.82147     76.986 -9.990e-29
   39.73748  -71.41688     76.161     75.566    13.4133    34.9975      8.077     0.0282 5.2525e-02  1026.6470    13.4026    26.3093     6.4458    196.265    8.36801  254.79208     77.029 0.0000e+00
   39.73748  -71.41688     76.182     75.586    13.4130    34.9964      8.077     0.0282 5.2208e-02  1026.6455    13.4023    26.3084     6.4450    196.239    8.36740  254.77413     77.025 0.0000e+00
   39.73748  -71.41688     76.203     75.607    13.4123    34.9962      8.077     0.0282 5.2208e-02  1026.6453    13.4016    26.3084     6.4435    196.193    8.36610  254.73271     77.019 0.0000e+00
