CalculateIndicators/WaterTemperature/Data/CTD_NYOS/20240710_23.cnv
* Sea-Bird SBE 9 Data File:
* FileName = C:\Seabird 9 CTD\Data\2024\202407_offshore\20240710_23.hex
* Software Version Seasave V 7.23.2
* Temperature SN = 4590
* Conductivity SN = 3228
* Number of Bytes Per Scan = 44
* Number of Voltage Words = 5
* Number of Scans Averaged by the Deck Unit = 1
* NMEA Latitude = 40 29.88 N
* NMEA Longitude = 071 55.70 W
* NMEA UTC (Time) = Jul 10 2024  19:16:12
* NMEA baud rate = 4800
** Ship: seawolf
** Station: 11.3
** Operator: SJW
# nquan = 18
# nvalues = 14320                       
# units = specified
# name 0 = latitude: Latitude [deg]
# name 1 = longitude: Longitude [deg]
# name 2 = prDM: Pressure, Digiquartz [db]
# name 3 = depSM: Depth [salt water, m]
# name 4 = t090C: Temperature [ITS-90, deg C]
# name 5 = sal00: Salinity, Practical [PSU]
# name 6 = ph: pH
# name 7 = flECO-AFL: Fluorescence, WET Labs ECO-AFL/FL [mg/m^3]
# name 8 = cpar: CPAR/Corrected Irradiance [%]
# name 9 = density00: Density [density, kg/m^3]
# name 10 = potemp090C: Potential Temperature [ITS-90, deg C]
# name 11 = sigma-é00: Density [sigma-theta, kg/m^3]
# name 12 = sbeox0Mg/L: Oxygen, SBE 43 [mg/l]
# name 13 = sbox0Mm/Kg: Oxygen, SBE 43 [umol/kg]
# name 14 = oxsolMg/L: Oxygen Saturation, Garcia & Gordon [mg/l]
# name 15 = oxsolMm/Kg: Oxygen Saturation, Garcia & Gordon [umol/kg]
# name 16 = sbeox0PS: Oxygen, SBE 43 [% saturation]
# name 17 = flag:  0.000e+00
# span 0 =   40.49802,   40.49930       
# span 1 =  -71.92846,  -71.92672       
# span 2 =      1.575,     61.350       
# span 3 =      1.563,     60.868       
# span 4 =     6.6544,    23.5948       
# span 5 =    29.9467,    32.3963       
# span 6 =      7.965,      8.224       
# span 7 =    -0.0389,     2.1369       
# span 8 = 4.0222e-14, 3.0094e+02       
# span 9 =  1020.2050,  1025.4164       
# span 10 =     6.6491,    23.5943      
# span 11 =    20.1972,    25.1343      
# span 12 =     7.5533,    10.6401      
# span 13 =    231.358,    324.496      
# span 14 =    7.12573,    9.91664      
# span 15 =  218.26711,  302.30181      
# span 16 =     78.676,    117.330      
# span 17 = 0.0000e+00, 0.0000e+00      
# interval = seconds: 0.0416667
# start_time = Jul 10 2024 19:16:12 [System UTC, first data scan.]
# bad_flag = -9.990e-29
*END*
[from data line 5789]
   40.49856  -71.92786     43.977     43.633     6.8693    31.9553      8.029     0.0148 1.7563e-02  1025.2407     6.8655    25.0387     7.8192    238.384    9.87096  300.93701     79.214 0.0000e+00
   40.49856  -71.92786     43.956     43.613     6.8690    31.9553      8.029     0.0148 1.7786e-02  1025.2410     6.8651    25.0389     7.8195    238.394    9.87082  300.93249     79.218 0.0000e+00
   40.49856  -71.92786     43.916     43.573     6.8684    31.9555      8.029     0.0148 1.7845e-02  1025.2411     6.8646    25.0391     7.8191    238.381    9.87068  300.92829     79.215 0.0000e+00
   40.49856  -71.92786     43.875     43.532     6.8681    31.9557      8.029     0.0148 1.7757e-02  1025.2410     6.8643    25.0393     7.8179    238.345    9.87053  300.92379     79.204 0.0000e+00
   40.49856  -71.92786     43.865     43.523     6.8681    31.9559      8.029     0.0148 1.7595e-02  1025.2410     6.8642    25.0394     7.8242    238.538    9.87037  300.91908     79.270 0.0000e+00
   40.49856  -71.92786     43.824     43.482     6.8677    31.9559      8.029     0.0148 1.7507e-02  1025.2412     6.8639    25.0396     7.8189    238.376    9.87028  300.91645     79.217 0.0000e+00
   40.49856  -71.92786     43.794     43.451     6.8672    31.9559      8.029     0.0013 1.7523e-02  1025.2409     6.8634    25.0396     7.8192    238.385    9.87014  300.91225     79.221 0.0000e+00
   40.49856  -71.92786     43.752     43.410     6.8667    31.9560      8.029     0.0148 1.7554e-02  1025.2408     6.8629    25.0396     7.8198    238.403    9.87013  300.91190     79.227 0.0000e+00
   40.49856  -71.92786     43.733     43.391     6.8661    31.9560      8.029     0.0148 1.7525e-02  1025.2408     6.8623    25.0398     7.8195    238.395    9.87002  300.90895     79.225 0.0000e+00
   40.49856  -71.92786     43.682     43.341     6.8656    31.9563      8.029     0.0148 1.7570e-02  1025.2408     6.8618    25.0401     7.8131    238.198    9.86995  300.90666     79.160 0.0000e+00
   40.49856  -71.92786     43.640     43.299     6.8651    31.9566      8.029     0.0013 1.7542e-02  1025.2411     6.8613    25.0404     7.8133    238.205    9.86995  300.90646     79.163 0.0000e+00
   40.49856  -71.92786     43.610     43.269     6.8649    31.9568 -9.990e-29    -0.0121 1.7527e-02  1025.2412     6.8611    25.0405     7.8190    238.379    9.86974  300.90015     79.222 0.0000e+00
   40.49856  -71.92786     43.569     43.228     6.8642    31.9568 -9.990e-29    -0.0121 1.7586e-02  1025.2408     6.8605    25.0405     7.8194    238.392    9.86958  300.89512     79.228 0.0000e+00
   40.49856  -71.92786     43.538     43.198     6.8635    31.9568 -9.990e-29    -0.0121 1.7749e-02  1025.2408     6.8598    25.0407     7.8200    238.411    9.86940  300.88994     79.235 0.0000e+00
   40.49856  -71.92784     43.478     43.138     6.8630    31.9570 -9.990e-29    -0.0121 1.7928e-02  1025.2408     6.8592    25.0410     7.8144    238.239    9.86925  300.88533     79.179 0.0000e+00
   40.49856  -71.92784     43.457     43.117     6.8623    31.9575 -9.990e-29    -0.0121 1.7928e-02  1025.2412     6.8585    25.0414     7.8144    238.240    9.86913  300.88188     79.181 0.0000e+00
   40.49856  -71.92784     43.406     43.067     6.8622    31.9581 -9.990e-29    -0.0255 1.8169e-02  1025.2414     6.8585    25.0419     7.8147    238.248    9.86900  300.87817     79.184 0.0000e+00
   40.49856  -71.92784     43.355     43.016     6.8620    31.9586 -9.990e-29    -0.0121 1.8351e-02  1025.2419     6.8582    25.0423     7.8215    238.457    9.86892  300.87564     79.254 0.0000e+00
   40.49856  -71.92784     43.324     42.986     6.8626    31.9589 -9.990e-29    -0.0121 1.8366e-02  1025.2418     6.8588    25.0425     7.8158    238.281    9.86886  300.87410     79.196 0.0000e+00
   40.49856  -71.92784     43.273     42.935     6.8628    31.9591 -9.990e-29    -0.0121 1.8503e-02  1025.2415     6.8591    25.0425     7.8157    238.278    9.86886  300.87429     79.195 0.0000e+00
   40.49856  -71.92784     43.243     42.905     6.8631    31.9593 -9.990e-29    -0.0255 1.8657e-02  1025.2413     6.8594    25.0427     7.8157    238.278    9.86883  300.87342     79.195 0.0000e+00
   40.49856  -71.92784     43.173     42.835     6.8635    31.9597 -9.990e-29    -0.0255 1.8748e-02  1025.2417     6.8598    25.0429     7.8159    238.286    9.86887  300.87459     79.198 0.0000e+00
   40.49856  -71.92784     43.141     42.804     6.8646    31.9597 -9.990e-29    -0.0121 1.9248e-02  1025.2415     6.8608    25.0429     7.8162    238.295    9.86885  300.87400     79.201 0.0000e+00
   40.49856  -71.92784     43.080     42.744     6.8661    31.9597 -9.990e-29    -0.0121 2.0141e-02  1025.2405     6.8624    25.0426     7.8167    238.311    9.86884  300.87371     79.206 0.0000e+00
   40.49856  -71.92784     43.039     42.703     6.8669    31.9596 -9.990e-29    -0.0121 2.1666e-02  1025.2404     6.8631    25.0424     7.8174    238.332    9.86887  300.87477     79.213 0.0000e+00
   40.49856  -71.92784     42.988     42.652     6.8675    31.9595 -9.990e-29    -0.0255 2.4426e-02  1025.2400     6.8638    25.0422     7.8183    238.359    9.86893  300.87651     79.221 0.0000e+00
   40.49856  -71.92784     42.957     42.622     6.8684    31.9593 -9.990e-29    -0.0255 2.8811e-02  1025.2395     6.8647    25.0420     7.8184    238.360    9.86899  300.87841     79.222 0.0000e+00
   40.49856  -71.92784     42.895     42.560     6.8691    31.9590 -9.990e-29    -0.0121 3.4537e-02  1025.2389     6.8654    25.0417     7.8121    238.170    9.86905  300.88029     79.158 0.0000e+00
   40.49856  -71.92784     42.865     42.530     6.8697    31.9588 -9.990e-29    -0.0121 4.0700e-02  1025.2386     6.8660    25.0415     7.8126    238.184    9.86920  300.88501     79.161 0.0000e+00
   40.49856  -71.92784     42.814     42.480     6.8704    31.9585 -9.990e-29    -0.0121 4.6083e-02  1025.2380     6.8667    25.0411     7.8196    238.398    9.86933  300.88881     79.231 0.0000e+00
   40.49856  -71.92784     42.763     42.429     6.8711    31.9578 -9.990e-29    -0.0255 4.8727e-02  1025.2374     6.8674    25.0405     7.8213    238.450    9.86943  300.89173     79.248 0.0000e+00
   40.49856  -71.92784     42.723     42.389     6.8719    31.9570 -9.990e-29    -0.0121 4.8214e-02  1025.2359     6.8682    25.0398     7.8221    238.474    9.86944  300.89194     79.256 0.0000e+00
   40.49856  -71.92784     42.681     42.348     6.8716    31.9565 -9.990e-29    -0.0121 4.5571e-02  1025.2354     6.8679    25.0394     7.8230    238.501    9.86942  300.89111     79.265 0.0000e+00
   40.49856  -71.92784     42.641     42.308     6.8712    31.9565 -9.990e-29    -0.0255 4.1294e-02  1025.2354     6.8675    25.0393     7.8167    238.308    9.86947  300.89262     79.200 0.0000e+00
   40.49856  -71.92784     42.600     42.267     6.8711    31.9565 -9.990e-29    -0.0121 3.6441e-02  1025.2352     6.8674    25.0395     7.8158    238.283    9.86943  300.89140     79.192 0.0000e+00
   40.49856  -71.92784     42.570     42.237     6.8707    31.9567 -9.990e-29     0.0013 3.2784e-02  1025.2357     6.8670    25.0397     7.8161    238.290    9.86935  300.88900     79.195 0.0000e+00
   40.49856  -71.92784     42.528     42.196     6.8711    31.9569 -9.990e-29     0.0013 3.0821e-02  1025.2353     6.8674    25.0399     7.8166    238.306    9.86940  300.89038     79.200 0.0000e+00
   40.49856  -71.92784     42.488     42.157     6.8708    31.9571 -9.990e-29     0.0148 3.0970e-02  1025.2355     6.8671    25.0400     7.8172    238.323    9.86933  300.88824     79.207 0.0000e+00
   40.49856  -71.92784     42.458     42.126     6.8712    31.9571 -9.990e-29     0.0148 3.2094e-02  1025.2353     6.8676    25.0400     7.8179    238.346    9.86929  300.88708     79.214 0.0000e+00
   40.49856  -71.92784     42.417     42.085     6.8716    31.9572 -9.990e-29     0.0148 3.1644e-02  1025.2349     6.8679    25.0398     7.8188    238.372    9.86922  300.88494     79.224 0.0000e+00
   40.49856  -71.92784     42.396     42.065     6.8721    31.9572 -9.990e-29     0.0013 2.8874e-02  1025.2346     6.8684    25.0398     7.8198    238.404    9.86916  300.88311     79.235 0.0000e+00
   40.49856  -71.92784     42.356     42.025     6.8722    31.9576 -9.990e-29     0.0148 2.6052e-02  1025.2349     6.8686    25.0401     7.8264    238.606    9.86910  300.88132     79.302 0.0000e+00
   40.49856  -71.92784     42.326     41.995     6.8729    31.9578 -9.990e-29     0.0148 2.4145e-02  1025.2352     6.8692    25.0404     7.8212    238.447    9.86899  300.87802     79.250 0.0000e+00
   40.49856  -71.92784     42.292     41.962     6.8739    31.9578 -9.990e-29     0.0148 2.3073e-02  1025.2352     6.8702    25.0404     7.8152    238.264    9.86893  300.87617     79.190 -9.990e-29
   40.49856  -71.92784     42.294     41.964     6.8750    31.9578 -9.990e-29     0.0148 2.3083e-02  1025.2343     6.8713    25.0400     7.8148    238.251    9.86883  300.87312     79.187 -9.990e-29
   40.49856  -71.92784     42.254     41.924     6.8758    31.9573 -9.990e-29     0.0148 2.3950e-02  1025.2337     6.8721    25.0395     7.8146    238.244    9.86875  300.87083     79.185 0.0000e+00
   40.49856  -71.92784     42.233     41.903     6.8765    31.9569 -9.990e-29     0.0148 2.5982e-02  1025.2332     6.8728    25.0391     7.8144    238.240    9.86861  300.86648     79.185 0.0000e+00
   40.49856  -71.92784     42.212     41.883     6.8771    31.9564 -9.990e-29     0.0148 2.9955e-02  1025.2326     6.8734    25.0386     7.8199    238.407    9.86855  300.86488     79.241 0.0000e+00
   40.49856  -71.92784     42.192     41.862     6.8774    31.9563 -9.990e-29     0.0013 3.6654e-02  1025.2322     6.8738    25.0383     7.8146    238.246    9.86848  300.86279     79.188 0.0000e+00
   40.49856  -71.92784     42.172     41.843     6.8780    31.9562 -9.990e-29     0.0148 4.4874e-02  1025.2322     6.8744    25.0383     7.8140    238.228    9.86850  300.86364     79.181 0.0000e+00
   40.49856  -71.92784     42.152     41.823     6.8786    31.9562 -9.990e-29     0.0148 5.3668e-02  1025.2322     6.8749    25.0383     7.8136    238.215    9.86858  300.86631     79.176 0.0000e+00
   40.49856  -71.92784     42.141     41.812     6.8792    31.9562 -9.990e-29     0.0148 6.1776e-02  1025.2321     6.8755    25.0381     7.8133    238.205    9.86865  300.86848     79.173 0.0000e+00
   40.49856  -71.92784     42.131     41.802     6.8802    31.9557 -9.990e-29     0.0148 6.8298e-02  1025.2312     6.8765    25.0377     7.8067    238.006    9.86880  300.87275     79.105 0.0000e+00
   40.49856  -71.92784     42.110     41.781     6.8807    31.9553 -9.990e-29     0.0013 7.3411e-02  1025.2308     6.8770    25.0373     7.8195    238.394    9.86878  300.87222     79.234 -9.990e-29
   40.49856  -71.92784     42.110     41.781     6.8813    31.9551 -9.990e-29     0.0148 7.7123e-02  1025.2307     6.8776    25.0370     7.8141    238.231    9.86889  300.87534     79.179 -9.990e-29
   40.49856  -71.92784     42.091     41.762     6.8815    31.9547 -9.990e-29     0.0148 8.0046e-02  1025.2302     6.8778    25.0367     7.8079    238.040    9.86887  300.87466     79.116 0.0000e+00
   40.49856  -71.92784     42.080     41.751     6.8821    31.9546 -9.990e-29     0.0148 8.1713e-02  1025.2295     6.8785    25.0363     7.8136    238.214    9.86883  300.87362     79.174 0.0000e+00
   40.49856  -71.92784     42.070     41.742     6.8824    31.9546 -9.990e-29     0.0148 8.2717e-02  1025.2295     6.8788    25.0362     7.8076    238.031    9.86882  300.87293     79.113 -9.990e-29
   40.49856  -71.92784     42.070     41.742     6.8823    31.9546 -9.990e-29     0.0148 8.2966e-02  1025.2300     6.8786    25.0364     7.8061    237.986    9.86873  300.87003     79.099 -9.990e-29
   40.49856  -71.92784     42.068     41.739     6.8831    31.9549 -9.990e-29     0.0013 8.2737e-02  1025.2301     6.8794    25.0366     7.8049    237.948    9.86873  300.87035     79.087 -9.990e-29
   40.49856  -71.92784     42.050     41.721     6.8838    31.9549 -9.990e-29    -0.0121 8.1757e-02  1025.2301     6.8801    25.0367     7.8047    237.944    9.86874  300.87053     79.085 -9.990e-29
   40.49856  -71.92784     42.059     41.731     6.8845    31.9549 -9.990e-29     0.0013 8.1277e-02  1025.2300     6.8809    25.0365     7.8111    238.138    9.86868  300.86892     79.150 -9.990e-29
   40.49856  -71.92784     42.050     41.721     6.8854    31.9545 -9.990e-29     0.0013 8.1038e-02  1025.2294     6.8817    25.0360     7.7993    237.779    9.86861  300.86674     79.031 -9.990e-29
   40.49856  -71.92784     42.050     41.721     6.8860    31.9540 -9.990e-29     0.0013 8.2311e-02  1025.2290     6.8823    25.0355     7.7977    237.731    9.86866  300.86821     79.015 -9.990e-29
   40.49856  -71.92784     42.059     41.731     6.8868    31.9534 -9.990e-29     0.0013 8.4084e-02  1025.2281     6.8832    25.0350     7.8027    237.882    9.86867  300.86869     79.065 -9.990e-29
   40.49856  -71.92784     42.050     41.721     6.8873    31.9529 -9.990e-29     0.0013 8.5622e-02  1025.2279     6.8836    25.0345     7.7959    237.676    9.86871  300.86997     78.996 -9.990e-29
   40.49856  -71.92784     42.059     41.731     6.8877    31.9524 -9.990e-29     0.0013 8.6377e-02  1025.2275     6.8840    25.0340     7.7957    237.670    9.86871  300.86994     78.994 -9.990e-29
   40.49856  -71.92784     42.070     41.742     6.8879    31.9518 -9.990e-29     0.0013 8.6347e-02  1025.2269     6.8842    25.0336     7.7947    237.640    9.86869  300.86916     78.985 -9.990e-29
   40.49856  -71.92784     42.059     41.731     6.8881    31.9515 -9.990e-29     0.0013 8.6892e-02  1025.2265     6.8845    25.0333     7.7939    237.614    9.86868  300.86880     78.976 -9.990e-29
   40.49856  -71.92784     42.070     41.742     6.8879    31.9513 -9.990e-29     0.0013 8.7444e-02  1025.2268     6.8842    25.0331     7.7932    237.593    9.86861  300.86669     78.970 -9.990e-29
   40.49856  -71.92784     42.050     41.721     6.8881    31.9511 -9.990e-29     0.0013 8.8006e-02  1025.2263     6.8845    25.0330     7.7927    237.577    9.86860  300.86625     78.964 -9.990e-29
   40.49856  -71.92784     42.070     41.742     6.8882    31.9509 -9.990e-29     0.0013 8.8288e-02  1025.2262     6.8846    25.0328     7.7922    237.563    9.86846  300.86212     78.961 -9.990e-29
   40.49856  -71.92784     42.067     41.739     6.8881    31.9507 -9.990e-29    -0.0121 8.8574e-02  1025.2261     6.8845    25.0327     7.7855    237.359    9.86836  300.85885     78.894 0.0000e+00
   40.49856  -71.92784     42.059     41.731     6.8879    31.9506 -9.990e-29     0.0013 8.8858e-02  1025.2260     6.8842    25.0326     7.7844    237.326    9.86818  300.85339     78.884 -9.990e-29
   40.49856  -71.92784     42.059     41.731     6.8877    31.9505 -9.990e-29     0.0013 8.9145e-02  1025.2260     6.8840    25.0326     7.7900    237.496    9.86810  300.85121     78.941 -9.990e-29
   40.49856  -71.92784     42.050     41.721     6.8874    31.9504 -9.990e-29     0.0013 8.9145e-02  1025.2259     6.8838    25.0325     7.7840    237.311    9.86807  300.85026     78.880 -9.990e-29
   40.49856  -71.92784     42.059     41.731     6.8868    31.9504 -9.990e-29     0.0013 8.8571e-02  1025.2257     6.8832    25.0324     7.7825    237.268    9.86801  300.84834     78.866 -9.990e-29
   40.49856  -71.92784     42.050     41.721     6.8863    31.9504 -9.990e-29    -0.0121 8.8571e-02  1025.2258     6.8826    25.0326     7.7812    237.226    9.86783  300.84282     78.854 0.0000e+00
   40.49856  -71.92784     42.040     41.712     6.8857    31.9508 -9.990e-29     0.0013 8.8571e-02  1025.2262     6.8821    25.0330     7.7808    237.216    9.86752  300.83327     78.853 -9.990e-29
   40.49856  -71.92784     42.040     41.712     6.8853    31.9514 -9.990e-29     0.0013 8.8858e-02  1025.2271     6.8817    25.0336     7.7807    237.212    9.86724  300.82513     78.854 -9.990e-29
