CalculateIndicators/WaterTemperature/Data/CTD_NYOS/20240911_C01.cnv
* Sea-Bird SBE 9 Data File:
* FileName = C:\Seabird 9 CTD\Data\2024\202409_offshore\20240911_C01.hex
* Software Version Seasave V 7.23.2
* Temperature SN = 4590
* Conductivity SN = 3228
* Number of Bytes Per Scan = 44
* Number of Voltage Words = 5
* Number of Scans Averaged by the Deck Unit = 1
* NMEA Latitude = 40 57.55 N
* NMEA Longitude = 073 34.84 W
* NMEA UTC (Time) = Sep 11 2024  16:12:57
* NMEA baud rate = 4800
** Ship: Seawolf
** Station: LIS_ARIG
** Operator: TDK
# nquan = 18
# nvalues = 9269                        
# units = specified
# name 0 = latitude: Latitude [deg]
# name 1 = longitude: Longitude [deg]
# name 2 = prDM: Pressure, Digiquartz [db]
# name 3 = depSM: Depth [salt water, m]
# name 4 = t090C: Temperature [ITS-90, deg C]
# name 5 = sal00: Salinity, Practical [PSU]
# name 6 = ph: pH
# name 7 = flECO-AFL: Fluorescence, WET Labs ECO-AFL/FL [mg/m^3]
# name 8 = cpar: CPAR/Corrected Irradiance [%]
# name 9 = density00: Density [density, kg/m^3]
# name 10 = potemp090C: Potential Temperature [ITS-90, deg C]
# name 11 = sigma-é00: Density [sigma-theta, kg/m^3]
# name 12 = sbeox0Mg/L: Oxygen, SBE 43 [mg/l]
# name 13 = sbox0Mm/Kg: Oxygen, SBE 43 [umol/kg]
# name 14 = oxsolMg/L: Oxygen Saturation, Garcia & Gordon [mg/l]
# name 15 = oxsolMm/Kg: Oxygen Saturation, Garcia & Gordon [umol/kg]
# name 16 = sbeox0PS: Oxygen, SBE 43 [% saturation]
# name 17 = flag:  0.000e+00
# span 0 =   40.95916,   40.95934       
# span 1 =  -73.58098,  -73.58068       
# span 2 =      1.856,     13.108       
# span 3 =      1.842,     13.006       
# span 4 =    21.9873,    22.4498       
# span 5 =    26.4195,    26.7224       
# span 6 =      7.757,      7.844       
# span 7 =     0.9415,     2.7950       
# span 8 = 2.5826e-02, 7.5430e+01       
# span 9 =  1017.6005,  1017.9737       
# span 10 =    21.9861,    22.4494      
# span 11 =    17.5914,    17.9170      
# span 12 =     5.5768,     6.6833      
# span 13 =    171.212,    205.245      
# span 14 =    7.43823,    7.49488      
# span 15 =  228.42405,  230.12089      
# span 16 =     74.627,     89.839      
# span 17 = 0.0000e+00, 0.0000e+00      
# interval = seconds: 0.0416667
# start_time = Sep 11 2024 16:13:00 [System UTC, first data scan.]
# bad_flag = -9.990e-29
*END*
[from data line 6433]
   40.95926  -73.58090      2.139      2.123    22.2936    26.4817      7.840     2.4189 3.9925e+01  1017.6901    22.2932    17.6807     6.5115    199.951    7.45517  228.93076     87.341 -9.990e-29
   40.95926  -73.58090      2.149      2.132    22.2932    26.4817      7.835     2.4189 4.0037e+01  1017.6902    22.2928    17.6808     6.5158    200.085    7.45522  228.93208     87.399 -9.990e-29
   40.95926  -73.58090      2.139      2.123    22.2927    26.4815      7.840     2.4189 4.1063e+01  1017.6900    22.2923    17.6807     6.5161    200.094    7.45519  228.93118     87.404 -9.990e-29
   40.95926  -73.58090      2.139      2.123    22.2925    26.4813      7.835     2.4324 4.1880e+01  1017.6899    22.2921    17.6807     6.5120    199.969    7.45521  228.93185     87.349 -9.990e-29
   40.95926  -73.58090      2.149      2.132    22.2922    26.4811      7.835     2.4189 4.1997e+01  1017.6900    22.2918    17.6806     6.5164    200.102    7.45518  228.93113     87.407 -9.990e-29
   40.95926  -73.58090      2.139      2.123    22.2921    26.4809      7.840     2.4189 4.7796e+01  1017.6897    22.2917    17.6806     6.5167    200.111    7.45517  228.93077     87.411 -9.990e-29
   40.95926  -73.58090      2.149      2.132    22.2916    26.4809      7.835     2.4189 5.3939e+01  1017.6898    22.2912    17.6806     6.5123    199.976    7.45517  228.93077     87.352 -9.990e-29
   40.95926  -73.58090      2.149      2.132    22.2913    26.4810      7.840     2.4189 5.5166e+01  1017.6901    22.2909    17.6808     6.5122    199.975    7.45517  228.93065     87.352 -9.990e-29
   40.95926  -73.58090      2.149      2.132    22.2909    26.4813      7.840     2.4189 5.1711e+01  1017.6903    22.2905    17.6812     6.5122    199.973    7.45513  228.92956     87.351 -9.990e-29
   40.95926  -73.58090      2.139      2.123    22.2904    26.4818      7.840     2.4189 4.7528e+01  1017.6908    22.2900    17.6816     6.5121    199.973    7.45509  228.92849     87.352 -9.990e-29
   40.95926  -73.58090      2.149      2.132    22.2900    26.4824      7.835     2.4189 4.6602e+01  1017.6916    22.2896    17.6821     6.5121    199.971    7.45504  228.92680     87.352 -9.990e-29
   40.95926  -73.58090      2.149      2.132    22.2897    26.4827      7.835     2.4189 4.4677e+01  1017.6920    22.2892    17.6824     6.5168    200.117    7.45500  228.92590     87.416 -9.990e-29
   40.95926  -73.58090      2.149      2.132    22.2897    26.4827      7.840     2.4189 4.0983e+01  1017.6918    22.2893    17.6826     6.5172    200.128    7.45499  228.92549     87.421 -9.990e-29
   40.95926  -73.58090      2.149      2.132    22.2894    26.4829      7.835     2.4189 3.9847e+01  1017.6921    22.2889    17.6828     6.5132    200.005    7.45495  228.92441     87.367 -9.990e-29
   40.95926  -73.58090      2.149      2.132    22.2891    26.4834      7.840     2.4189 4.0072e+01  1017.6925    22.2887    17.6832     6.5176    200.140    7.45493  228.92365     87.426 -9.990e-29
   40.95926  -73.58090      2.149      2.132    22.2888    26.4840      7.840     2.4189 4.0376e+01  1017.6931    22.2884    17.6837     6.5180    200.152    7.45495  228.92411     87.432 -9.990e-29
   40.95926  -73.58090      2.149      2.132    22.2888    26.4848      7.840     2.4189 4.0490e+01  1017.6936    22.2884    17.6843     6.5184    200.164    7.45491  228.92306     87.437 -9.990e-29
   40.95926  -73.58090      2.139      2.123    22.2892    26.4856      7.835     2.4189 4.2271e+01  1017.6942    22.2888    17.6849     6.5144    200.041    7.45490  228.92287     87.384 -9.990e-29
   40.95926  -73.58090      2.149      2.132    22.2895    26.4861      7.840     2.4189 5.1265e+01  1017.6948    22.2891    17.6852     6.5188    200.177    7.45488  228.92223     87.443 -9.990e-29
   40.95926  -73.58090      2.149      2.132    22.2904    26.4861      7.835     2.4189 5.5716e+01  1017.6945    22.2900    17.6849     6.5192    200.189    7.45488  228.92212     87.449 -9.990e-29
   40.95926  -73.58090      2.149      2.132    22.2916    26.4858      7.835     2.4189 5.5344e+01  1017.6936    22.2912    17.6844     6.5196    200.201    7.45484  228.92090     87.454 -9.990e-29
   40.95926  -73.58090      2.139      2.123    22.2929    26.4853      7.840     2.4324 4.9275e+01  1017.6930    22.2925    17.6837     6.5244    200.348    7.45485  228.92138     87.518 -9.990e-29
   40.95926  -73.58090      2.149      2.132    22.2941    26.4849      7.840     2.4055 4.6319e+01  1017.6922    22.2937    17.6830     6.5207    200.237    7.45487  228.92186     87.470 -9.990e-29
   40.95926  -73.58090      2.139      2.123    22.2954    26.4844      7.840     2.3518 4.6020e+01  1017.6916    22.2950    17.6824     6.5212    200.250    7.45489  228.92258     87.475 -9.990e-29
   40.95926  -73.58090      2.139      2.123    22.2961    26.4841      7.835     2.3383 4.3588e+01  1017.6911    22.2957    17.6819     6.5259    200.396    7.45490  228.92284     87.539 -9.990e-29
   40.95926  -73.58090      2.149      2.132    22.2970    26.4839      7.840     2.3383 4.1870e+01  1017.6907    22.2966    17.6815     6.5267    200.420    7.45496  228.92455     87.549 -9.990e-29
   40.95926  -73.58090      2.139      2.123    22.2973    26.4839      7.840     2.3383 4.1752e+01  1017.6907    22.2969    17.6813     6.5274    200.442    7.45497  228.92474     87.558 -9.990e-29
   40.95926  -73.58090      2.130      2.113    22.2977    26.4837      7.835     2.3383 4.1988e+01  1017.6905    22.2973    17.6811     6.5278    200.453    7.45497  228.92475     87.563 -9.990e-29
   40.95926  -73.58090      2.139      2.123    22.2988    26.4833      7.840     2.3383 4.2188e+01  1017.6898    22.2983    17.6806     6.5281    200.463    7.45500  228.92595     87.567 -9.990e-29
   40.95926  -73.58090      2.139      2.123    22.2991    26.4828      7.835     2.3383 4.2152e+01  1017.6894    22.2987    17.6800     6.5284    200.472    7.45502  228.92623     87.571 -9.990e-29
   40.95926  -73.58090      2.128      2.112    22.2996    26.4824      7.835     2.3518 4.0983e+01  1017.6887    22.2992    17.6795     6.5287    200.480    7.45502  228.92632     87.574 -9.990e-29
   40.95926  -73.58090      2.139      2.123    22.3004    26.4819      7.840     2.3383 3.9769e+01  1017.6882    22.2999    17.6790     6.5289    200.486    7.45500  228.92572     87.577 -9.990e-29
   40.95926  -73.58090      2.130      2.113    22.3007    26.4817      7.840     2.3383 3.9469e+01  1017.6879    22.3003    17.6788     6.5294    200.503    7.45499  228.92560     87.584 -9.990e-29
   40.95926  -73.58090      2.139      2.123    22.3010    26.4815      7.840     2.3383 4.8746e+01  1017.6878    22.3006    17.6785     6.5296    200.508    7.45494  228.92404     87.587 -9.990e-29
   40.95926  -73.58090      2.128      2.112    22.3016    26.4814      7.840     2.3383 6.2708e+01  1017.6876    22.3012    17.6783     6.5341    200.646    7.45495  228.92423     87.648 -9.990e-29
   40.95926  -73.58090      2.128      2.112    22.3023    26.4814      7.835     2.3383 5.9066e+01  1017.6871    22.3019    17.6781     6.5301    200.525    7.45491  228.92315     87.595 -9.990e-29
   40.95926  -73.58090      2.128      2.112    22.3026    26.4816      7.840     2.3383 5.7004e+01  1017.6875    22.3022    17.6781     6.5346    200.662    7.45491  228.92287     87.655 -9.990e-29
   40.95926  -73.58090      2.128      2.112    22.3032    26.4817      7.840     2.3383 6.1334e+01  1017.6874    22.3028    17.6781     6.5306    200.538    7.45485  228.92124     87.601 -9.990e-29
   40.95926  -73.58090      2.130      2.113    22.3037    26.4817      7.835     2.3383 6.3957e+01  1017.6871    22.3033    17.6779     6.5305    200.537    7.45481  228.91982     87.602 -9.990e-29
   40.95926  -73.58090      2.128      2.112    22.3039    26.4817      7.840     2.3383 6.1337e+01  1017.6873    22.3035    17.6779     6.5304    200.535    7.45472  228.91735     87.601 -9.990e-29
   40.95926  -73.58090      2.128      2.112    22.3040    26.4816      7.835     2.3383 5.1656e+01  1017.6872    22.3036    17.6778     6.5304    200.533    7.45471  228.91700     87.601 -9.990e-29
   40.95926  -73.58090      2.128      2.112    22.3044    26.4814      7.835     2.3383 4.7620e+01  1017.6866    22.3040    17.6775     6.5302    200.529    7.45463  228.91481     87.600 -9.990e-29
   40.95926  -73.58090      2.128      2.112    22.3050    26.4812      7.840     2.3383 4.6958e+01  1017.6865    22.3046    17.6772     6.5302    200.527    7.45466  228.91552     87.599 -9.990e-29
   40.95926  -73.58090      2.130      2.113    22.3053    26.4810      7.835     2.3383 4.3073e+01  1017.6862    22.3049    17.6770     6.5344    200.657    7.45464  228.91506     87.655 -9.990e-29
   40.95926  -73.58090      2.128      2.112    22.3055    26.4809      7.840     2.3383 4.1331e+01  1017.6861    22.3051    17.6769     6.5390    200.797    7.45469  228.91640     87.716 -9.990e-29
   40.95926  -73.58090      2.139      2.123    22.3055    26.4808      7.835     2.3383 4.1368e+01  1017.6861    22.3051    17.6768     6.5351    200.677    7.45471  228.91719     87.664 -9.990e-29
   40.95926  -73.58090      2.128      2.112    22.3056    26.4808      7.840     2.3383 4.1834e+01  1017.6860    22.3052    17.6768     6.5352    200.680    7.45473  228.91780     87.665 -9.990e-29
   40.95926  -73.58090      2.128      2.112    22.3056    26.4807      7.840     2.3921 4.1992e+01  1017.6859    22.3052    17.6766     6.5356    200.692    7.45475  228.91816     87.670 -9.990e-29
   40.95926  -73.58090      2.128      2.112    22.3061    26.4805      7.840     2.4189 4.1992e+01  1017.6856    22.3057    17.6765     6.5355    200.692    7.45472  228.91761     87.670 -9.990e-29
   40.95926  -73.58090      2.130      2.113    22.3056    26.4804      7.840     2.4189 4.9015e+01  1017.6859    22.3052    17.6764     6.5354    200.689    7.45466  228.91592     87.669 -9.990e-29
   40.95926  -73.58090      2.139      2.123    22.3060    26.4803      7.840     2.4324 5.5003e+01  1017.6855    22.3056    17.6763     6.5401    200.831    7.45463  228.91521     87.731 -9.990e-29
   40.95926  -73.58090      2.128      2.112    22.3058    26.4802      7.835     2.4189 5.6045e+01  1017.6855    22.3054    17.6762     6.5362    200.712    7.45459  228.91388     87.680 -9.990e-29
   40.95926  -73.58090      2.128      2.112    22.3061    26.4801      7.840     2.4189 5.7805e+01  1017.6854    22.3057    17.6761     6.5361    200.709    7.45463  228.91506     87.678 -9.990e-29
   40.95926  -73.58090      2.128      2.112    22.3062    26.4801      7.840     2.4189 5.9902e+01  1017.6853    22.3058    17.6761     6.5406    200.848    7.45465  228.91561     87.739 -9.990e-29
   40.95926  -73.58090      2.139      2.123    22.3062    26.4801      7.840     2.4189 6.0526e+01  1017.6853    22.3058    17.6761     6.5367    200.729    7.45469  228.91689     87.686 -9.990e-29
   40.95926  -73.58090      2.130      2.113    22.3062    26.4800      7.835     2.4189 5.6208e+01  1017.6853    22.3058    17.6760     6.5409    200.856    7.45472  228.91781     87.741 -9.990e-29
   40.95926  -73.58090      2.128      2.112    22.3066    26.4798      7.840     2.4189 5.0419e+01  1017.6850    22.3062    17.6757     6.5409    200.857    7.45475  228.91865     87.742 -9.990e-29
   40.95926  -73.58090      2.139      2.123    22.3069    26.4795      7.840     2.4189 4.8883e+01  1017.6848    22.3065    17.6755     6.5365    200.721    7.45474  228.91812     87.682 -9.990e-29
   40.95926  -73.58090      2.128      2.112    22.3074    26.4793      7.840     2.4189 4.6296e+01  1017.6844    22.3070    17.6751     6.5404    200.842    7.45473  228.91790     87.735 -9.990e-29
   40.95926  -73.58090      2.139      2.123    22.3078    26.4790      7.840     2.4189 4.1139e+01  1017.6840    22.3074    17.6748     6.5359    200.703    7.45471  228.91707     87.675 -9.990e-29
   40.95926  -73.58090      2.130      2.113    22.3080    26.4788      7.835     2.4189 3.9476e+01  1017.6838    22.3076    17.6746     6.5444    200.965    7.45468  228.91625     87.790 -9.990e-29
   40.95926  -73.58090      2.139      2.123    22.3083    26.4788      7.835     2.4189 4.1254e+01  1017.6836    22.3079    17.6746     6.5405    200.843    7.45462  228.91465     87.737 -9.990e-29
   40.95926  -73.58090      2.128      2.112    22.3082    26.4791      7.840     2.4189 4.7703e+01  1017.6842    22.3078    17.6748     6.5402    200.834    7.45460  228.91396     87.733 -9.990e-29
   40.95926  -73.58090      2.128      2.112    22.3081    26.4791      7.835     2.4189 5.0225e+01  1017.6841    22.3077    17.6748     6.5445    200.968    7.45458  228.91326     87.792 -9.990e-29
   40.95926  -73.58090      2.139      2.123    22.3085    26.4789      7.840     2.4189 5.1032e+01  1017.6838    22.3081    17.6746     6.5448    200.976    7.45455  228.91222     87.796 -9.990e-29
   40.95926  -73.58090      2.128      2.112    22.3087    26.4787      7.835     2.4189 5.5369e+01  1017.6835    22.3082    17.6744     6.5406    200.848    7.45449  228.91068     87.741 -9.990e-29
   40.95926  -73.58090      2.139      2.123    22.3089    26.4785      7.840     2.4189 5.8597e+01  1017.6834    22.3085    17.6742     6.5445    200.965    7.45443  228.90862     87.793 -9.990e-29
   40.95926 -9.990e-29      2.128      2.112    22.3088    26.4785      7.835     2.4324 5.9004e+01  1017.6835    22.3084    17.6742     6.5445    200.968    7.45440  228.90773     87.794 -9.990e-29
   40.95926 -9.990e-29      2.139      2.123    22.3092    26.4785      7.840     2.4189 5.6402e+01  1017.6833    22.3088    17.6742     6.5446    200.969    7.45432  228.90571     87.795 -9.990e-29
   40.95926 -9.990e-29      2.139      2.123    22.3090    26.4786      7.840     2.4189 5.5040e+01  1017.6834    22.3086    17.6742     6.5445    200.968    7.45429  228.90465     87.796 -9.990e-29
   40.95926 -9.990e-29      2.139      2.123    22.3089    26.4787      7.840     2.4189 5.4678e+01  1017.6836    22.3085    17.6743     6.5448    200.977    7.45426  228.90371     87.800 -9.990e-29
   40.95926 -9.990e-29      2.149      2.132    22.3087    26.4788      7.835     2.4324 4.8952e+01  1017.6838    22.3082    17.6745     6.5447    200.974    7.45425  228.90350     87.799 -9.990e-29
   40.95926 -9.990e-29      2.139      2.123    22.3085    26.4790      7.835     2.4592 4.5329e+01  1017.6839    22.3081    17.6747     6.5358    200.701    7.45426  228.90360     87.679 -9.990e-29
   40.95926 -9.990e-29      2.139      2.123    22.3080    26.4792      7.835     2.4592 4.4822e+01  1017.6842    22.3076    17.6749     6.5397    200.821    7.45427  228.90384     87.731 -9.990e-29
   40.95926 -9.990e-29      2.139      2.123    22.3080    26.4792      7.840     2.4726 4.5369e+01  1017.6842    22.3076    17.6749     6.5439    200.949    7.45425  228.90344     87.788 -9.990e-29
   40.95926 -9.990e-29      2.149      2.132    22.3080    26.4791      7.840     2.4592 4.5355e+01  1017.6843    22.3076    17.6749     6.5440    200.950    7.45418  228.90140     87.789 -9.990e-29
   40.95926 -9.990e-29      2.149      2.132    22.3078    26.4791      7.840     2.4592 4.4671e+01  1017.6841    22.3074    17.6749     6.5484    201.086    7.45415  228.90039     87.849 -9.990e-29
   40.95926 -9.990e-29      2.149      2.132    22.3077    26.4791      7.840     2.4592 4.8284e+01  1017.6842    22.3073    17.6749     6.5443    200.961    7.45410  228.89916     87.795 -9.990e-29
   40.95926 -9.990e-29      2.149      2.132    22.3076    26.4791      7.835     2.4592 5.2930e+01  1017.6844    22.3072    17.6749     6.5443    200.960    7.45407  228.89816     87.794 -9.990e-29
