CalculateIndicators/WaterTemperature/Data/CTD_NYOS/20240912_C05.cnv
* Sea-Bird SBE 9 Data File:
* FileName = C:\Seabird 9 CTD\Data\2024\202409_offshore\20240912_C05.hex
* Software Version Seasave V 7.23.2
* Temperature SN = 4590
* Conductivity SN = 3228
* Number of Bytes Per Scan = 44
* Number of Voltage Words = 5
* Number of Scans Averaged by the Deck Unit = 1
* NMEA Latitude = 40 18.13 N
* NMEA Longitude = 073 13.61 W
* NMEA UTC (Time) = Sep 12 2024  05:53:24
* NMEA baud rate = 4800
** Ship: Seawolf
** Station: 8.2
** Operator: TCM
# nquan = 18
# nvalues = 10998                       
# units = specified
# name 0 = latitude: Latitude [deg]
# name 1 = longitude: Longitude [deg]
# name 2 = prDM: Pressure, Digiquartz [db]
# name 3 = depSM: Depth [salt water, m]
# name 4 = t090C: Temperature [ITS-90, deg C]
# name 5 = sal00: Salinity, Practical [PSU]
# name 6 = ph: pH
# name 7 = flECO-AFL: Fluorescence, WET Labs ECO-AFL/FL [mg/m^3]
# name 8 = cpar: CPAR/Corrected Irradiance [%]
# name 9 = density00: Density [density, kg/m^3]
# name 10 = potemp090C: Potential Temperature [ITS-90, deg C]
# name 11 = sigma-é00: Density [sigma-theta, kg/m^3]
# name 12 = sbeox0Mg/L: Oxygen, SBE 43 [mg/l]
# name 13 = sbox0Mm/Kg: Oxygen, SBE 43 [umol/kg]
# name 14 = oxsolMg/L: Oxygen Saturation, Garcia & Gordon [mg/l]
# name 15 = oxsolMm/Kg: Oxygen Saturation, Garcia & Gordon [umol/kg]
# name 16 = sbeox0PS: Oxygen, SBE 43 [% saturation]
# name 17 = flag:  0.000e+00
# span 0 =   40.30226,   40.30246       
# span 1 =  -73.22782,  -73.22682       
# span 2 =      1.877,     33.966       
# span 3 =      1.862,     33.702       
# span 4 =     9.7799,    20.9011       
# span 5 =    29.9969,    33.0423       
# span 6 =      7.882,      8.193       
# span 7 =     0.0819,     3.6411       
# span 8 = 1.6880e-11, 9.9999e+04       
# span 9 =  1021.7534,  1024.7185       
# span 10 =     9.7762,    20.9005      
# span 11 =    21.7485,    24.5365      
# span 12 =     7.0892,     9.6209      
# span 13 =    216.793,    293.677      
# span 14 =    7.43247,    9.25364      
# span 15 =  227.32286,  282.25892      
# span 16 =     79.988,    112.417      
# span 17 = 0.0000e+00, 0.0000e+00      
# interval = seconds: 0.0416667
# start_time = Sep 12 2024 05:53:27 [System UTC, first data scan.]
# bad_flag = -9.990e-29
*END*
[from data line 10131]
   40.30244  -73.22776      2.119      2.102    20.8853    31.3569      8.172     0.0954 1.6880e-11  1021.7625    20.8849    21.7538     7.1968    220.113    7.43490  227.39666     96.797 -9.990e-29
   40.30244  -73.22776      2.119      2.102    20.8844    31.3567      8.172     0.0954 1.6880e-11  1021.7630    20.8840    21.7538     7.1959    220.086    7.43488  227.39600     96.785 -9.990e-29
   40.30244  -73.22776      2.130      2.113    20.8842    31.3569      8.172     0.0954 1.6880e-11  1021.7631    20.8838    21.7541     7.1910    219.937    7.43487  227.39591     96.720 -9.990e-29
   40.30244  -73.22776      2.119      2.102    20.8835    31.3573      8.172     0.0954 1.6880e-11  1021.7638    20.8831    21.7545     7.1942    220.036    7.43489  227.39632     96.763 -9.990e-29
   40.30244  -73.22776      2.131      2.115    20.8833    31.3578      8.172     0.0954 1.6880e-11  1021.7640    20.8829    21.7549     7.1938    220.024    7.43490  227.39657     96.758 -9.990e-29
   40.30244  -73.22776      2.119      2.102    20.8828    31.3582      8.172     0.0954 1.6880e-11  1021.7647    20.8824    21.7554     7.1935    220.012    7.43485  227.39509     96.753 -9.990e-29
   40.30244  -73.22776      2.130      2.113    20.8828    31.3586      8.172     0.0954 1.6880e-11  1021.7649    20.8824    21.7556     7.1932    220.004    7.43488  227.39607     96.749 -9.990e-29
   40.30244  -73.22776      2.130      2.113    20.8826    31.3588      8.172     0.0954 1.6880e-11  1021.7650    20.8822    21.7558     7.1929    219.996    7.43488  227.39607     96.746 -9.990e-29
   40.30244  -73.22776      2.130      2.113    20.8826    31.3590      8.172     0.1088 1.6880e-11  1021.7653    20.8822    21.7560     7.1927    219.989    7.43486  227.39557     96.743 -9.990e-29
   40.30244  -73.22776      2.119      2.102    20.8826    31.3591      8.172     0.0954 1.6880e-11  1021.7652    20.8822    21.7561     7.1925    219.984    7.43488  227.39624     96.741 -9.990e-29
   40.30244  -73.22776      2.139      2.123    20.8825    31.3590      8.172     0.0954 1.6880e-11  1021.7653    20.8821    21.7561     7.1968    220.114    7.43486  227.39553     96.798 -9.990e-29
   40.30244  -73.22776      2.109      2.093    20.8826    31.3589      8.172     0.0954 1.6880e-11  1021.7651    20.8823    21.7560     7.1967    220.110    7.43485  227.39507     96.796 -9.990e-29
   40.30244  -73.22776      2.119      2.102    20.8828    31.3588      8.172     0.0954 1.6880e-11  1021.7649    20.8824    21.7559     7.1970    220.120    7.43487  227.39591     96.800 -9.990e-29
   40.30244  -73.22776      2.120      2.104    20.8825    31.3588      8.172     0.1088 1.6880e-11  1021.7650    20.8821    21.7559     7.1933    220.006    7.43485  227.39511     96.751 -9.990e-29
   40.30244  -73.22776      2.109      2.093    20.8826    31.3589      8.172     0.0954 1.6880e-11  1021.7651    20.8823    21.7560     7.1980    220.153    7.43486  227.39557     96.815 -9.990e-29
   40.30244  -73.22776      2.119      2.102    20.8825    31.3590      8.172     0.0954 1.6880e-11  1021.7652    20.8821    21.7561     7.1985    220.166    7.43487  227.39582     96.820 -9.990e-29
   40.30244  -73.22776      2.099      2.083    20.8823    31.3591      8.172     0.0954 1.6880e-11  1021.7652    20.8819    21.7562     7.1993    220.192    7.43490  227.39657     96.832 -9.990e-29
   40.30244  -73.22776      2.099      2.083    20.8828    31.3592      8.172     0.1088 1.6880e-11  1021.7654    20.8824    21.7562     7.1998    220.206    7.43484  227.39500     96.838 -9.990e-29
   40.30244  -73.22776      2.099      2.083    20.8828    31.3593      8.172     0.0954 1.6880e-11  1021.7651    20.8824    21.7562     7.2003    220.223    7.43487  227.39591     96.845 -9.990e-29
   40.30244  -73.22776      2.088      2.072    20.8828    31.3594      8.172     0.0954 1.6880e-11  1021.7654    20.8824    21.7563     7.2009    220.239    7.43486  227.39558     96.853 -9.990e-29
   40.30244  -73.22776      2.099      2.083    20.8830    31.3595      8.172     0.0954 1.6880e-11  1021.7655    20.8826    21.7563     7.2018    220.268    7.43484  227.39500     96.866 -9.990e-29
   40.30244  -73.22776      2.088      2.072    20.8832    31.3594      8.172     0.1088 1.6880e-11  1021.7652    20.8828    21.7562     7.2025    220.288    7.43484  227.39492     96.874 -9.990e-29
   40.30244  -73.22776      2.080      2.064    20.8833    31.3592      8.172     0.1088 1.6880e-11  1021.7648    20.8829    21.7560     7.2035    220.319    7.43484  227.39500     96.888 -9.990e-29
   40.30244  -73.22776      2.079      2.063    20.8835    31.3592      8.172     0.1088 1.6880e-11  1021.7650    20.8831    21.7559     7.2046    220.352    7.43482  227.39442     96.903 -9.990e-29
   40.30244  -73.22776      2.079      2.063    20.8837    31.3593      8.172     0.1088 1.6880e-11  1021.7649    20.8833    21.7560     7.2057    220.387    7.43484  227.39500     96.918 -9.990e-29
   40.30244  -73.22776      2.079      2.063    20.8835    31.3594      8.172     0.1088 1.6880e-11  1021.7653    20.8831    21.7561     7.2065    220.410    7.43480  227.39356     96.929 -9.990e-29
   40.30244  -73.22776      2.069      2.053    20.8838    31.3593      8.172     0.1222 1.6880e-11  1021.7648    20.8835    21.7559     7.2073    220.435    7.43478  227.39326     96.940 -9.990e-29
   40.30244  -73.22776      2.058      2.042    20.8838    31.3591      8.172     0.1088 1.6880e-11  1021.7647    20.8835    21.7557     7.2038    220.328    7.43480  227.39355     96.893 -9.990e-29
   40.30244  -73.22776      2.069      2.053    20.8838    31.3589      8.172     0.1088 1.6880e-11  1021.7644    20.8835    21.7556     7.2087    220.477    7.43476  227.39235     96.959 -9.990e-29
   40.30244  -73.22776      2.049      2.033    20.8838    31.3588      8.172     0.1222 1.6880e-11  1021.7645    20.8835    21.7556     7.2052    220.373    7.43478  227.39302     96.913 -9.990e-29
   40.30244  -73.22776      2.049      2.033    20.8838    31.3588      8.172     0.1088 1.6880e-11  1021.7643    20.8835    21.7556     7.2062    220.403    7.43477  227.39269     96.926 -9.990e-29
   40.30244  -73.22776      2.050      2.034    20.8837    31.3589      8.172     0.1088 1.6880e-11  1021.7645    20.8833    21.7556     7.2113    220.557    7.43475  227.39228     96.994 -9.990e-29
   40.30244  -73.22776      2.038      2.022    20.8837    31.3590      8.172     0.1088 1.6880e-11  1021.7645    20.8833    21.7557     7.2120    220.578    7.43476  227.39252     97.003 -9.990e-29
   40.30244  -73.22776      2.038      2.022    20.8835    31.3591      8.172     0.1088 1.6880e-11  1021.7648    20.8831    21.7558     7.2083    220.466    7.43476  227.39237     96.954 -9.990e-29
   40.30244  -73.22776      2.028      2.012    20.8837    31.3591      8.172     0.1088 1.6880e-11  1021.7645    20.8833    21.7558     7.2087    220.478    7.43475  227.39220     96.959 -9.990e-29
   40.30244  -73.22776      2.018      2.003    20.8838    31.3590      8.172     0.1088 1.6880e-11  1021.7645    20.8835    21.7557     7.2091    220.490    7.43475  227.39216     96.965 -9.990e-29
   40.30244  -73.22776      2.018      2.003    20.8840    31.3590      8.172     0.1088 1.6880e-11  1021.7642    20.8837    21.7556     7.2092    220.492    7.43476  227.39265     96.966 -9.990e-29
   40.30244  -73.22776      2.007      1.992    20.8840    31.3590      8.172     0.1088 1.6880e-11  1021.7644    20.8837    21.7556     7.2092    220.495    7.43475  227.39224     96.967 -9.990e-29
   40.30244  -73.22776      2.007      1.992    20.8840    31.3590      8.172     0.1088 1.6880e-11  1021.7643    20.8837    21.7556     7.2093    220.498    7.43476  227.39254     96.968 -9.990e-29
   40.30244  -73.22776      2.007      1.992    20.8840    31.3589      8.172     0.1088 1.6880e-11  1021.7642    20.8837    21.7556     7.2047    220.356    7.43477  227.39283     96.906 -9.990e-29
   40.30244  -73.22776      1.998      1.982    20.8840    31.3589      8.172     0.1088 1.6880e-11  1021.7642    20.8837    21.7556     7.2085    220.471    7.43476  227.39250     96.956 -9.990e-29
   40.30244  -73.22776      1.990      1.974    20.8838    31.3590      8.172     0.1088 1.6880e-11  1021.7643    20.8835    21.7556     7.2086    220.476    7.43480  227.39379     96.958 -9.990e-29
   40.30244  -73.22776      1.988      1.973    20.8838    31.3591      8.172     0.1088 1.6880e-11  1021.7643    20.8835    21.7557     7.2084    220.469    7.43481  227.39396     96.955 -9.990e-29
   40.30244  -73.22776      1.998      1.982    20.8837    31.3592      8.172     0.1088 1.6880e-11  1021.7646    20.8833    21.7558     7.2082    220.464    7.43486  227.39558     96.952 -9.990e-29
   40.30244  -73.22776      1.988      1.973    20.8838    31.3591      8.172     0.1088 1.6880e-11  1021.7644    20.8835    21.7558     7.2124    220.590    7.43486  227.39559     97.007 -9.990e-29
   40.30244  -73.22776      1.977      1.962    20.8838    31.3590      8.172     0.1222 1.6880e-11  1021.7642    20.8835    21.7557     7.2125    220.594    7.43487  227.39597     97.009 -9.990e-29
   40.30244  -73.22776      1.977      1.962    20.8838    31.3589      8.172     0.1491 1.6880e-11  1021.7641    20.8835    21.7556     7.2126    220.598    7.43490  227.39680     97.010 -9.990e-29
   40.30244  -73.22776      1.977      1.962    20.8838    31.3590      8.172     0.1625 1.6880e-11  1021.7642    20.8835    21.7556     7.2127    220.599    7.43487  227.39573     97.011 -9.990e-29
   40.30244  -73.22776      1.977      1.962    20.8838    31.3590      8.172     0.1491 1.6880e-11  1021.7643    20.8835    21.7556     7.2080    220.457    7.43489  227.39632     96.948 -9.990e-29
   40.30244  -73.22776      1.977      1.962    20.8840    31.3590      8.172     0.1491 1.6880e-11  1021.7642    20.8837    21.7556     7.2121    220.582    7.43491  227.39714     97.003 -9.990e-29
   40.30244  -73.22776      1.977      1.962    20.8840    31.3590      8.172     0.1491 1.6880e-11  1021.7642    20.8837    21.7556     7.2121    220.583    7.43491  227.39698     97.004 -9.990e-29
   40.30244  -73.22776      1.968      1.952    20.8840    31.3590      8.172     0.1491 1.6880e-11  1021.7640    20.8837    21.7556     7.2118    220.572    7.43490  227.39674     96.999 -9.990e-29
   40.30244  -73.22776      1.969      1.954    20.8838    31.3590      8.172     0.1491 1.6880e-11  1021.7643    20.8835    21.7556     7.2117    220.571    7.43488  227.39599     96.999 -9.990e-29
   40.30244  -73.22776      1.977      1.962    20.8842    31.3590      8.172     0.1491 1.6880e-11  1021.7642    20.8839    21.7556     7.2117    220.571    7.43490  227.39666     96.998 -9.990e-29
   40.30244  -73.22776      1.968      1.952    20.8840    31.3590      8.172     0.1625 1.6880e-11  1021.7641    20.8837    21.7556     7.2117    220.570    7.43490  227.39659     96.998 -9.990e-29
   40.30244  -73.22776      1.958      1.943    20.8840    31.3590      8.172     0.1491 1.6880e-11  1021.7641    20.8837    21.7557     7.2116    220.568    7.43489  227.39634     96.997 -9.990e-29
   40.30244  -73.22776      1.958      1.943    20.8840    31.3591      8.172     0.1491 1.6880e-11  1021.7643    20.8837    21.7557     7.2116    220.566    7.43490  227.39659     96.996 -9.990e-29
   40.30244  -73.22776      1.958      1.943    20.8840    31.3590      8.172     0.1491 1.6880e-11  1021.7640    20.8837    21.7556     7.2115    220.564    7.43490  227.39660     96.995 -9.990e-29
   40.30244  -73.22776      1.968      1.952    20.8842    31.3590      8.172     0.1491 1.6880e-11  1021.7640    20.8838    21.7555     7.2158    220.695    7.43492  227.39715     97.053 -9.990e-29
   40.30244  -73.22776      1.947      1.932    20.8842    31.3591      8.172     0.1491 1.6880e-11  1021.7641    20.8839    21.7556     7.2120    220.580    7.43492  227.39727     97.002 -9.990e-29
   40.30244  -73.22776      1.968      1.952    20.8840    31.3591      8.172     0.1491 1.6880e-11  1021.7642    20.8837    21.7557     7.2122    220.586    7.43488  227.39594     97.005 -9.990e-29
   40.30244  -73.22776      1.958      1.943    20.8842    31.3592      8.172     0.1625 1.6880e-11  1021.7642    20.8838    21.7557     7.2169    220.729    7.43489  227.39642     97.068 -9.990e-29
   40.30244  -73.22776      1.958      1.943    20.8840    31.3592      8.172     0.1491 1.6880e-11  1021.7643    20.8837    21.7557     7.2171    220.734    7.43487  227.39562     97.071 -9.990e-29
   40.30244  -73.22776      1.958      1.943    20.8840    31.3591      8.172     0.1625 1.6880e-11  1021.7642    20.8837    21.7557     7.2176    220.751    7.43485  227.39488     97.078 -9.990e-29
   40.30244  -73.22776      1.958      1.943    20.8838    31.3591      8.172     0.1491 1.6880e-11  1021.7643    20.8835    21.7557     7.2181    220.767    7.43483  227.39439     97.086 -9.990e-29
   40.30244  -73.22776      1.968      1.952    20.8842    31.3591      8.172     0.1491 1.6880e-11  1021.7642    20.8839    21.7557     7.2231    220.917    7.43482  227.39410     97.152 -9.990e-29
   40.30244  -73.22776      1.968      1.952    20.8840    31.3592      8.172     0.1491 1.6880e-11  1021.7642    20.8837    21.7557     7.2239    220.942    7.43478  227.39294     97.163 -9.990e-29
   40.30244  -73.22776      1.968      1.952    20.8840    31.3592      8.172     0.1491 1.6880e-11  1021.7643    20.8837    21.7557     7.2203    220.834    7.43477  227.39270     97.116 -9.990e-29
   40.30244  -73.22776      1.968      1.952    20.8842    31.3592      8.172     0.1625 1.6880e-11  1021.7642    20.8839    21.7557     7.2208    220.848    7.43478  227.39307     97.122 -9.990e-29
   40.30244  -73.22776      1.977      1.962    20.8842    31.3592      8.172     0.1491 1.6880e-11  1021.7643    20.8839    21.7557     7.2212    220.861    7.43476  227.39232     97.128 -9.990e-29
   40.30244  -73.22776      1.977      1.962    20.8842    31.3590      8.172     0.1357 1.6880e-11  1021.7642    20.8839    21.7556     7.2216    220.873    7.43473  227.39159     97.134 -9.990e-29
   40.30244  -73.22776      1.988      1.973    20.8845    31.3589      8.172     0.1357 1.6880e-11  1021.7638    20.8842    21.7555     7.2221    220.887    7.43477  227.39258     97.139 -9.990e-29
   40.30244  -73.22776      1.977      1.962    20.8842    31.3590      8.172     0.1491 1.6880e-11  1021.7642    20.8839    21.7555     7.2224    220.898    7.43475  227.39220     97.144 -9.990e-29
   40.30244  -73.22776      1.999      1.984    20.8846    31.3590      8.172     0.1491 1.6880e-11  1021.7642    20.8842    21.7555     7.2272    221.044    7.43476  227.39233     97.208 -9.990e-29
   40.30244  -73.22776      1.988      1.973    20.8847    31.3590      8.172     0.1357 1.6880e-11  1021.7640    20.8844    21.7555     7.2279    221.065    7.43472  227.39113     97.218 -9.990e-29
   40.30244  -73.22776      1.988      1.973    20.8846    31.3590      8.172     0.1357 1.6880e-11  1021.7642    20.8842    21.7555     7.2285    221.086    7.43471  227.39097     97.227 -9.990e-29
   40.30244  -73.22776      1.998      1.982    20.8849    31.3590      8.172     0.1357 1.6880e-11  1021.7640    20.8846    21.7555     7.2288    221.094    7.43472  227.39122     97.231 -9.990e-29
   40.30244  -73.22776      2.007      1.992    20.8847    31.3590      8.172     0.1357 1.6880e-11  1021.7642    20.8844    21.7554     7.2294    221.112    7.43472  227.39122     97.239 -9.990e-29
   40.30244  -73.22776      2.007      1.992    20.8849    31.3590      8.172     0.1357 1.6880e-11  1021.7639    20.8846    21.7554     7.2253    220.985    7.43473  227.39147     97.182 -9.990e-29
   40.30244  -73.22776      2.018      2.003    20.8849    31.3590      8.172     0.1357 1.6880e-11  1021.7642    20.8846    21.7554     7.2294    221.112    7.43470  227.39073     97.239 -9.990e-29
