CalculateIndicators/WaterTemperature/Data/CTD_NYOS/20240428_C22.cnv
* Sea-Bird SBE 9 Data File:
* FileName = C:\Seabird 9 CTD\Data\2024\202404_offshore\20240428_C22.hex
* Software Version Seasave V 7.23.2
* Temperature SN = 4590
* Conductivity SN = 3228
* Number of Bytes Per Scan = 44
* Number of Voltage Words = 5
* Number of Scans Averaged by the Deck Unit = 1
* NMEA Latitude = 40 21.57 N
* NMEA Longitude = 072 19.02 W
* NMEA UTC (Time) = Apr 28 2024  10:46:36
* NMEA baud rate = 4800
** Ship: Seawolf
** Station: 10.3
** Operator: TCM
# nquan = 18
# nvalues = 12680                       
# units = specified
# name 0 = latitude: Latitude [deg]
# name 1 = longitude: Longitude [deg]
# name 2 = prDM: Pressure, Digiquartz [db]
# name 3 = depSM: Depth [salt water, m]
# name 4 = t090C: Temperature [ITS-90, deg C]
# name 5 = sal00: Salinity, Practical [PSU]
# name 6 = ph: pH
# name 7 = flECO-AFL: Fluorescence, WET Labs ECO-AFL/FL [mg/m^3]
# name 8 = cpar: CPAR/Corrected Irradiance [%]
# name 9 = density00: Density [density, kg/m^3]
# name 10 = potemp090C: Potential Temperature [ITS-90, deg C]
# name 11 = sigma-é00: Density [sigma-theta, kg/m^3]
# name 12 = sbeox0Mg/L: Oxygen, SBE 43 [mg/l]
# name 13 = sbox0Mm/Kg: Oxygen, SBE 43 [umol/kg]
# name 14 = oxsolMg/L: Oxygen Saturation, Garcia & Gordon [mg/l]
# name 15 = oxsolMm/Kg: Oxygen Saturation, Garcia & Gordon [umol/kg]
# name 16 = sbeox0PS: Oxygen, SBE 43 [% saturation]
# name 17 = flag:  0.000e+00
# span 0 =   40.35956,   40.36086       
# span 1 =  -72.31890,  -72.31698       
# span 2 =      1.493,     53.817       
# span 3 =      1.481,     53.396       
# span 4 =     6.0591,     8.4037       
# span 5 =    30.9875,    31.8722       
# span 6 =      7.877,      8.081       
# span 7 =    -0.0255,     2.6741       
# span 8 = 1.5825e-12, 1.4309e+02       
# span 9 =  1024.1411,  1025.3197       
# span 10 =     6.0551,     8.4024      
# span 11 =    24.1330,    25.0748      
# span 12 =     8.5774,    10.5372      
# span 13 =    261.492,    321.391      
# span 14 =    9.56820,   10.07002      
# span 15 =  291.89182,  307.01461      
# span 16 =     85.208,    109.420      
# span 17 = 0.0000e+00, 0.0000e+00      
# interval = seconds: 0.0416667
# start_time = Apr 28 2024 10:46:36 [System UTC, first data scan.]
# bad_flag = -9.990e-29
*END*
[from data line 4101]
   40.35994  -72.31762     52.609     52.198     6.0603    31.8658      7.877     0.4311 2.8133e-12  1025.3131     6.0560    25.0700     8.6010    262.212   10.06648  306.88832     85.442 -9.990e-29
   40.35994  -72.31762     52.609     52.198     6.0603    31.8657      7.877     0.4311 2.8133e-12  1025.3129     6.0560    25.0699     8.6012    262.218   10.06646  306.88759     85.444 -9.990e-29
   40.35994  -72.31762     52.598     52.187     6.0603    31.8655      7.877     0.4311 2.8133e-12  1025.3126     6.0560    25.0698     8.6004    262.192   10.06649  306.88857     85.436 -9.990e-29
   40.35994  -72.31762     52.579     52.168     6.0603    31.8654      7.877     0.4311 2.8133e-12  1025.3125     6.0560    25.0697     8.6005    262.195   10.06642  306.88643     85.437 -9.990e-29
   40.35994  -72.31762     52.568     52.157     6.0601    31.8654      7.877     0.4311 2.8133e-12  1025.3126     6.0558    25.0697     8.6072    262.401   10.06644  306.88701     85.504 -9.990e-29
   40.35994  -72.31762     52.568     52.157     6.0599    31.8654      7.877     0.4311 2.8133e-12  1025.3123     6.0557    25.0697     8.6083    262.435   10.06644  306.88705     85.515 -9.990e-29
   40.35994  -72.31762     52.558     52.147     6.0603    31.8655      7.877     0.4311 2.8133e-12  1025.3124     6.0560    25.0698     8.6083    262.435   10.06642  306.88633     85.515 -9.990e-29
   40.35994  -72.31762     52.547     52.136     6.0601    31.8657      7.877     0.4311 2.8133e-12  1025.3128     6.0558    25.0700     8.6028    262.265   10.06649  306.88830     85.460 -9.990e-29
   40.35994  -72.31762     52.537     52.126     6.0604    31.8658      7.877     0.4311 2.8133e-12  1025.3126     6.0562    25.0700     8.6027    262.263   10.06641  306.88621     85.459 -9.990e-29
   40.35994  -72.31762     52.528     52.117     6.0601    31.8658      7.877     0.4311 2.8133e-12  1025.3127     6.0558    25.0699     8.6027    262.262   10.06643  306.88684     85.459 -9.990e-29
   40.35994  -72.31762     52.528     52.117     6.0603    31.8655      7.877     0.4311 2.8133e-12  1025.3121     6.0560    25.0697     8.6027    262.262   10.06643  306.88656     85.459 -9.990e-29
   40.35994  -72.31762     52.521     52.110     6.0604    31.8655      7.877     0.4311 2.8133e-12  1025.3122     6.0562    25.0697     8.6092    262.462   10.06642  306.88643     85.524 -9.990e-29
   40.35994  -72.31762     52.507     52.096     6.0603    31.8655      7.877     0.4311 2.6653e-12  1025.3124     6.0560    25.0697     8.6101    262.490   10.06641  306.88598     85.533 -9.990e-29
   40.35994  -72.31762     52.517     52.106     6.0604    31.8655      7.877     0.4311 2.6653e-12  1025.3124     6.0562    25.0697     8.6045    262.318   10.06646  306.88750     85.477 -9.990e-29
   40.35994  -72.31762     52.507     52.096     6.0606    31.8654      7.877     0.4311 2.6653e-12  1025.3120     6.0563    25.0697     8.6099    262.483   10.06643  306.88664     85.531 -9.990e-29
   40.35994  -72.31762     52.507     52.096     6.0603    31.8655      7.877     0.4311 2.6653e-12  1025.3123     6.0560    25.0697     8.6096    262.474   10.06637  306.88481     85.529 -9.990e-29
   40.35994  -72.31762     52.507     52.096     6.0603    31.8655      7.877     0.4311 2.6653e-12  1025.3122     6.0560    25.0697     8.6027    262.264   10.06639  306.88544     85.460 -9.990e-29
   40.35994  -72.31762     52.507     52.096     6.0603    31.8656      7.877     0.4311 2.6653e-12  1025.3122     6.0560    25.0698     8.6080    262.424   10.06637  306.88490     85.512 -9.990e-29
   40.35994  -72.31762     52.496     52.085     6.0603    31.8656      7.877     0.4311 2.6653e-12  1025.3125     6.0560    25.0698     8.6019    262.240   10.06634  306.88409     85.452 -9.990e-29
   40.35994  -72.31762     52.507     52.096     6.0603    31.8657      7.877     0.4311 2.6653e-12  1025.3121     6.0560    25.0699     8.6081    262.429   10.06636  306.88437     85.514 -9.990e-29
   40.35994  -72.31762     52.507     52.096     6.0599    31.8657      7.877     0.4311 2.6653e-12  1025.3128     6.0557    25.0699     8.6022    262.247   10.06640  306.88568     85.454 -9.990e-29
   40.35994  -72.31762     52.507     52.096     6.0603    31.8656      7.877     0.4311 2.6653e-12  1025.3121     6.0560    25.0698     8.6083    262.433   10.06635  306.88416     85.515 -9.990e-29
   40.35994  -72.31762     52.507     52.096     6.0603    31.8656      7.877     0.4446 2.6653e-12  1025.3123     6.0560    25.0698     8.6089    262.451   10.06641  306.88588     85.521 -9.990e-29
   40.35994  -72.31762     52.507     52.096     6.0601    31.8658      7.877     0.6998 2.6653e-12  1025.3126     6.0559    25.0700     8.6093    262.464   10.06637  306.88492     85.525 -9.990e-29
   40.35994  -72.31762     52.521     52.110     6.0601    31.8659      7.877     0.8744 2.5320e-12  1025.3127     6.0559    25.0701     8.6097    262.477   10.06637  306.88483     85.530 -9.990e-29
   40.35994  -72.31762     52.517     52.106     6.0604    31.8660      7.877     0.9012 2.5320e-12  1025.3125     6.0562    25.0702     8.6101    262.489   10.06636  306.88452     85.533 -9.990e-29
   40.35994  -72.31762     52.517     52.106     6.0603    31.8661      7.877     0.8878 2.5320e-12  1025.3129     6.0560    25.0703     8.6105    262.501   10.06637  306.88498     85.537 -9.990e-29
   40.35994  -72.31762     52.528     52.117     6.0601    31.8662      7.877     0.8744 2.5320e-12  1025.3130     6.0558    25.0703     8.6108    262.511   10.06639  306.88551     85.540 -9.990e-29
   40.35994  -72.31762     52.537     52.126     6.0606    31.8661      7.877     0.8744 2.5320e-12  1025.3127     6.0563    25.0702     8.6111    262.519   10.06639  306.88548     85.543 -9.990e-29
   40.35994  -72.31762     52.537     52.126     6.0606    31.8659      7.877     0.8744 2.5320e-12  1025.3126     6.0563    25.0700     8.6047    262.325   10.06638  306.88535     85.480 -9.990e-29
   40.35994  -72.31762     52.537     52.126     6.0604    31.8658      7.877     0.8744 2.5320e-12  1025.3125     6.0562    25.0700     8.6105    262.501   10.06635  306.88432     85.537 -9.990e-29
   40.35994  -72.31762     52.547     52.136     6.0604    31.8660      7.877     0.8744 2.5320e-12  1025.3129     6.0562    25.0701     8.6041    262.307   10.06638  306.88507     85.474 -9.990e-29
   40.35994  -72.31762     52.558     52.147     6.0606    31.8661      7.877     0.8744 2.5320e-12  1025.3129     6.0563    25.0702     8.6099    262.482   10.06638  306.88508     85.531 -9.990e-29
   40.35994  -72.31762     52.558     52.147     6.0606    31.8660      7.877     0.8744 2.4114e-12  1025.3129     6.0563    25.0701     8.6034    262.285   10.06635  306.88439     85.467 -9.990e-29
   40.35994  -72.31762     52.568     52.157     6.0607    31.8660      7.877     0.8744 2.4114e-12  1025.3128     6.0565    25.0701     8.6092    262.460   10.06638  306.88512     85.524 -9.990e-29
   40.35994  -72.31762     52.579     52.168     6.0604    31.8660      7.877     0.8744 2.4114e-12  1025.3132     6.0562    25.0701     8.6092    262.463   10.06636  306.88466     85.525 -9.990e-29
   40.35994  -72.31762     52.598     52.187     6.0609    31.8660      7.877     0.8744 2.4114e-12  1025.3128     6.0567    25.0701     8.6092    262.463   10.06631  306.88291     85.525 -9.990e-29
   40.35994  -72.31762     52.598     52.187     6.0607    31.8660      7.877     0.8744 2.4114e-12  1025.3131     6.0565    25.0701     8.6104    262.498   10.06639  306.88537     85.536 -9.990e-29
   40.35994  -72.31762     52.609     52.198     6.0607    31.8660      7.877     0.8744 2.4114e-12  1025.3132     6.0565    25.0701     8.6104    262.497   10.06635  306.88429     85.536 -9.990e-29
   40.35994  -72.31762     52.613     52.202     6.0607    31.8659      7.877     0.8744 2.4114e-12  1025.3128     6.0565    25.0700     8.6038    262.295   10.06634  306.88400     85.470 -9.990e-29
   40.35994  -72.31762     52.630     52.218     6.0607    31.8659      7.877     0.8744 2.4114e-12  1025.3131     6.0565    25.0700     8.6027    262.263   10.06633  306.88360     85.460 -9.990e-29
   40.35994  -72.31762     52.639     52.228     6.0609    31.8659      7.877     0.8744 2.4114e-12  1025.3130     6.0567    25.0700     8.6016    262.231   10.06632  306.88330     85.450 -9.990e-29
   40.35994  -72.31762     52.649     52.237     6.0607    31.8659      7.877     0.8744 2.4114e-12  1025.3133     6.0565    25.0700     8.6017    262.231   10.06631  306.88300     85.450 -9.990e-29
   40.35994  -72.31762     52.660     52.248     6.0609    31.8659      7.877     0.8744 2.4114e-12  1025.3131     6.0567    25.0700     8.6073    262.404   10.06635  306.88437     85.506 -9.990e-29
   40.35994  -72.31762     52.691     52.278     6.0609    31.8659      7.877     0.8744 2.4114e-12  1025.3134     6.0567    25.0700     8.6081    262.432   10.06736  306.91859     85.505 -9.990e-29
   40.35994  -72.31762     52.691     52.278     6.0609    31.8659      7.877     0.8744 2.4114e-12  1025.3133     6.0567    25.0700     8.6090    262.461   10.06842  306.95457     85.505 -9.990e-29
   40.35994  -72.31762     52.700     52.288     6.0607    31.8659      7.877     0.8744 2.4114e-12  1025.3134     6.0565    25.0700     8.6010    262.212   10.06692  306.90384     85.438 -9.990e-29
   40.35994  -72.31762     52.721     52.309     6.0606    31.8658      7.877     0.7400 2.4114e-12  1025.3134     6.0563    25.0699     8.6060    262.364   10.06642  306.88625     85.492 -9.990e-29
   40.35994  -72.31762     52.721     52.309     6.0607    31.8657      7.877     0.5654 2.4114e-12  1025.3132     6.0565    25.0698     8.6058    262.358   10.06637  306.88482     85.491 -9.990e-29
   40.35994  -72.31762     52.751     52.339     6.0607    31.8658      7.877     0.5252 2.4114e-12  1025.3136     6.0565    25.0699     8.6057    262.353   10.06643  306.88672     85.489 -9.990e-29
   40.35994  -72.31762     52.762     52.350     6.0606    31.8659      7.877     0.5252 2.4114e-12  1025.3138     6.0563    25.0700     8.6053    262.344   10.06635  306.88427     85.486 -9.990e-29
   40.35994  -72.31762     52.782     52.369     6.0609    31.8660      7.877     0.5386 2.4114e-12  1025.3138     6.0566    25.0701     8.6050    262.334   10.06634  306.88380     85.483 -9.990e-29
   40.35994  -72.31762     52.793     52.380     6.0607    31.8661      7.877     0.5386 2.4114e-12  1025.3140     6.0565    25.0702     8.5981    262.124   10.06636  306.88448     85.415 -9.990e-29
   40.35994  -72.31762     52.823     52.410     6.0607    31.8661      7.877     0.5386 2.4114e-12  1025.3141     6.0565    25.0702     8.6045    262.317   10.06639  306.88562     85.477 -9.990e-29
   40.35994  -72.31762     52.833     52.420     6.0609    31.8661      7.877     0.5386 2.4114e-12  1025.3140     6.0566    25.0702     8.5986    262.138   10.06637  306.88491     85.419 -9.990e-29
   40.35994  -72.31762     52.844     52.431     6.0604    31.8662      7.877     0.5386 2.5320e-12  1025.3147     6.0562    25.0703     8.5984    262.131   10.06640  306.88594     85.416 -9.990e-29
   40.35994  -72.31762     52.865     52.451     6.0609    31.8661      7.877     0.5386 2.4114e-12  1025.3142     6.0566    25.0702     8.6037    262.294   10.06640  306.88587     85.469 -9.990e-29
   40.35994  -72.31762     52.874     52.461     6.0609    31.8658      7.877     0.5386 2.4114e-12  1025.3140     6.0566    25.0700     8.5968    262.083   10.06638  306.88533     85.401 -9.990e-29
   40.35994  -72.31762     52.905     52.491     6.0609    31.8658      7.877     0.5386 2.4114e-12  1025.3143     6.0566    25.0699     8.5955    262.045   10.06642  306.88631     85.388 -9.990e-29
   40.35994  -72.31762     52.925     52.511     6.0609    31.8659      7.877     0.5386 2.4114e-12  1025.3144     6.0566    25.0700     8.6008    262.205   10.06638  306.88510     85.441 -9.990e-29
   40.35994  -72.31762     52.935     52.521     6.0609    31.8660      7.877     0.5386 2.4114e-12  1025.3146     6.0566    25.0701     8.5949    262.026   10.06641  306.88614     85.382 -9.990e-29
   40.35994  -72.31762     52.956     52.542     6.0607    31.8659      7.877     0.5386 2.5320e-12  1025.3146     6.0565    25.0700     8.6012    262.219   10.06638  306.88532     85.445 -9.990e-29
   40.35994  -72.31762     52.976     52.562     6.0609    31.8658      7.877     0.5386 2.5320e-12  1025.3146     6.0566    25.0699     8.5944    262.010   10.06642  306.88629     85.377 -9.990e-29
   40.35994  -72.31762     52.997     52.583     6.0612    31.8658      7.877     0.5386 2.5320e-12  1025.3144     6.0570    25.0699     8.5941    262.001   10.06638  306.88532     85.374 -9.990e-29
   40.35994  -72.31762     53.007     52.592     6.0609    31.8660      7.877     0.5386 2.5320e-12  1025.3151     6.0566    25.0701     8.6005    262.197   10.06642  306.88629     85.438 -9.990e-29
   40.35994  -72.31762     53.037     52.622     6.0610    31.8660      7.877     0.5386 2.5320e-12  1025.3151     6.0568    25.0701     8.5936    261.987   10.06639  306.88567     85.370 -9.990e-29
   40.35994  -72.31762     53.048     52.633     6.0612    31.8660      7.877     0.5386 2.5320e-12  1025.3149     6.0570    25.0701     8.5934    261.981   10.06640  306.88578     85.367 -9.990e-29
   40.35994  -72.31762     53.062     52.647     6.0611    31.8661      7.877     0.5386 2.5320e-12  1025.3153     6.0568    25.0701     8.5923    261.945   10.06645  306.88737     85.356 -9.990e-29
   40.35994  -72.31762     53.088     52.673     6.0609    31.8661      7.877     0.5386 2.5320e-12  1025.3154     6.0566    25.0701     8.5987    262.140   10.06643  306.88695     85.419 -9.990e-29
   40.35994  -72.31762     53.109     52.694     6.0612    31.8660      7.877     0.5386 2.5320e-12  1025.3152     6.0570    25.0701     8.5985    262.135   10.06649  306.88843     85.417 -9.990e-29
   40.35994  -72.31762     53.130     52.714     6.0609    31.8660      7.877     0.5386 2.5320e-12  1025.3156     6.0566    25.0701     8.5926    261.957   10.06642  306.88639     85.360 -9.990e-29
   40.35994  -72.31762     53.139     52.724     6.0611    31.8659      7.877     0.5252 2.5320e-12  1025.3154     6.0568    25.0700     8.5991    262.154   10.06647  306.88792     85.423 -9.990e-29
   40.35994  -72.31762     53.160     52.744     6.0612    31.8657      7.877     0.4983 2.5320e-12  1025.3152     6.0570    25.0699     8.5999    262.178   10.06644  306.88703     85.432 -9.990e-29
   40.35994  -72.31762     53.160     52.744     6.0612    31.8657      7.877     0.4849 2.5320e-12  1025.3153     6.0570    25.0699     8.6007    262.203   10.06641  306.88595     85.440 -9.990e-29
   40.35994  -72.31762     53.197     52.781     6.0611    31.8659      7.877     0.4849 2.6653e-12  1025.3157     6.0568    25.0700     8.5950    262.030   10.06647  306.88780     85.383 -9.990e-29
   40.35994  -72.31762     53.222     52.806     6.0609    31.8660      7.877     0.4849 2.5320e-12  1025.3161     6.0566    25.0701     8.5948    262.024   10.06640  306.88580     85.382 -9.990e-29
   40.35994  -72.31762     53.232     52.816     6.0611    31.8659      7.877     0.4849 2.6653e-12  1025.3157     6.0568    25.0700     8.5948    262.022   10.06644  306.88682     85.381 -9.990e-29
   40.35994  -72.31762     53.253     52.836     6.0611    31.8658      7.877     0.4849 2.6653e-12  1025.3158     6.0568    25.0699     8.5947    262.019   10.06638  306.88527     85.380 -9.990e-29
   40.35994  -72.31762     53.262     52.846     6.0612    31.8658      7.877     0.4849 2.6653e-12  1025.3158     6.0569    25.0699     8.5937    261.988   10.06642  306.88624     85.370 -9.990e-29
