CalculateIndicators/WaterTemperature/Data/CTD_NYOS/20240426_C01.cnv
* Sea-Bird SBE 9 Data File:
* FileName = C:\Seabird 9 CTD\Data\2024\202404_offshore\20240426_C01.hex
* Software Version Seasave V 7.23.2
* Temperature SN = 4590
* Conductivity SN = 3228
* Number of Bytes Per Scan = 44
* Number of Voltage Words = 5
* Number of Scans Averaged by the Deck Unit = 1
* NMEA Latitude = 40 57.60 N
* NMEA Longitude = 073 34.67 W
* NMEA UTC (Time) = Apr 26 2024  01:39:48
* NMEA baud rate = 4800
** Ship: Seawolf
** Station: LIS_ARIG
** Operator: TDK
# nquan = 18
# nvalues = 11911                       
# units = specified
# name 0 = latitude: Latitude [deg]
# name 1 = longitude: Longitude [deg]
# name 2 = prDM: Pressure, Digiquartz [db]
# name 3 = depSM: Depth [salt water, m]
# name 4 = t090C: Temperature [ITS-90, deg C]
# name 5 = sal00: Salinity, Practical [PSU]
# name 6 = ph: pH
# name 7 = flECO-AFL: Fluorescence, WET Labs ECO-AFL/FL [mg/m^3]
# name 8 = cpar: CPAR/Corrected Irradiance [%]
# name 9 = density00: Density [density, kg/m^3]
# name 10 = potemp090C: Potential Temperature [ITS-90, deg C]
# name 11 = sigma-é00: Density [sigma-theta, kg/m^3]
# name 12 = sbeox0Mg/L: Oxygen, SBE 43 [mg/l]
# name 13 = sbox0Mm/Kg: Oxygen, SBE 43 [umol/kg]
# name 14 = oxsolMg/L: Oxygen Saturation, Garcia & Gordon [mg/l]
# name 15 = oxsolMm/Kg: Oxygen Saturation, Garcia & Gordon [umol/kg]
# name 16 = sbeox0PS: Oxygen, SBE 43 [% saturation]
# name 17 = flag:  0.000e+00
# span 0 =   40.95976,   40.96006       
# span 1 =  -73.57792,  -73.57782       
# span 2 =      1.792,     12.983       
# span 3 =      1.778,     12.882       
# span 4 =     8.9484,    10.4944       
# span 5 =    22.8130,    23.5409       
# span 6 =      7.903,      8.220       
# span 7 =     1.7071,     7.4958       
# span 8 = 5.0640e-11, 9.9999e+04       
# span 9 =  1017.3967,  1018.2290       
# span 10 =     8.9472,    10.4942      
# span 11 =    17.3843,    18.1688      
# span 12 =     8.8178,    11.3120      
# span 13 =    270.647,    347.461      
# span 14 =    9.65017,    9.94449      
# span 15 =  296.41821,  305.22402      
# span 16 =     88.737,    117.151      
# span 17 = 0.0000e+00, 0.0000e+00      
# interval = seconds: 0.0416667
# start_time = Apr 26 2024 01:39:50 [System UTC, first data scan.]
# bad_flag = -9.990e-29
*END*
[from data line 8121]
   40.95984  -73.57784      4.750      4.713    10.3895    22.9495      8.083     5.6155 5.0640e-11  1017.5264    10.3890    17.5048    10.9949    337.707    9.66105  296.73691    113.807 0.0000e+00
   40.95984  -73.57784      4.730      4.693    10.3895    22.9492      8.083     5.6155 5.0640e-11  1017.5263    10.3890    17.5046    10.9956    337.726    9.66139  296.74730    113.809 0.0000e+00
   40.95984  -73.57784      4.719      4.682    10.3900    22.9491      8.083     5.6155 5.0640e-11  1017.5261    10.3895    17.5044    11.0063    338.056    9.66109  296.73859    113.924 0.0000e+00
   40.95984  -73.57784      4.709      4.673    10.3903    22.9490      8.083     5.6155 5.0640e-11  1017.5259    10.3898    17.5043    11.0064    338.060    9.66108  296.73845    113.925 0.0000e+00
   40.95984  -73.57784      4.699      4.663    10.3903    22.9488      8.083     5.6155 5.0640e-11  1017.5257    10.3898    17.5042    11.0123    338.243    9.66115  296.74097    113.986 0.0000e+00
   40.95984  -73.57784      4.679      4.643    10.3900    22.9485      8.083     5.6021 5.0640e-11  1017.5256    10.3895    17.5040    11.0173    338.395    9.66081  296.73140    114.041 0.0000e+00
   40.95984  -73.57784      4.649      4.613    10.3898    22.9476      8.083     5.6021 5.0640e-11  1017.5253    10.3894    17.5033    11.0162    338.362    9.66021  296.71387    114.037 -9.990e-29
   40.95984  -73.57784      4.669      4.633    10.3905    22.9457      8.083     5.6155 5.0640e-11  1017.5235    10.3900    17.5017    11.0213    338.520    9.66000  296.70785    114.092 -9.990e-29
   40.95984  -73.57784      4.639      4.603    10.3915    22.9430      8.083     5.6155 5.0640e-11  1017.5205    10.3910    17.4995    11.0259    338.663    9.65979  296.70150    114.143 0.0000e+00
   40.95984  -73.57784      4.628      4.592    10.3932    22.9409      8.083     5.6155 5.0640e-11  1017.5179    10.3928    17.4977    11.0253    338.642    9.65982  296.70233    114.135 0.0000e+00
   40.95984  -73.57784      4.607      4.572    10.3931    22.9403      8.083     5.6155 5.0640e-11  1017.5179    10.3926    17.4972    11.0312    338.824    9.66057  296.72387    114.188 -9.990e-29
   40.95984  -73.57784      4.607      4.572    10.3916    22.9407      8.088     5.6155 5.0640e-11  1017.5189    10.3912    17.4976    11.0313    338.826    9.66124  296.74358    114.182 -9.990e-29
   40.95984  -73.57784      4.588      4.553    10.3916    22.9416      8.083     5.6155 5.0640e-11  1017.5189    10.3912    17.4985    11.0348    338.936    9.66075  296.72998    114.224 0.0000e+00
   40.95984  -73.57784      4.577      4.542    10.3893    22.9434      8.083     5.6155 5.0640e-11  1017.5207    10.3889    17.5003    11.0384    339.047    9.66004  296.70990    114.269 0.0000e+00
   40.95984  -73.57784      4.568      4.532    10.3833    22.9448      8.088     5.6155 5.0640e-11  1017.5249    10.3828    17.5019    11.0427    339.179    9.65956  296.69610    114.319 0.0000e+00
   40.95984  -73.57784      4.547      4.512    10.3809    22.9427      8.088     5.6155 5.0640e-11  1017.5240    10.3804    17.5004    11.0407    339.120    9.65924  296.68694    114.302 0.0000e+00
   40.95984  -73.57784      4.537      4.502    10.3865    22.9363      8.088     5.6155 5.0640e-11  1017.5165    10.3861    17.4949    11.0446    339.238    9.65903  296.68058    114.344 0.0000e+00
   40.95984  -73.57784      4.517      4.482    10.3938    22.9285      8.087     5.6155 5.0640e-11  1017.5074    10.3933    17.4880    11.0486    339.363    9.65870  296.67073    114.391 -9.990e-29
   40.95984  -73.57784      4.517      4.482    10.3983    22.9224      8.087     5.6155 5.0640e-11  1017.5021    10.3978    17.4827    11.0471    339.317    9.65843  296.66284    114.378 -9.990e-29
   40.95984  -73.57784      4.496      4.461    10.4007    22.9186      8.087     5.6155 5.0640e-11  1017.4998    10.4003    17.4793    11.0454    339.264    9.65822  296.65706    114.362 -9.990e-29
   40.95984  -73.57784      4.498      4.463    10.4011    22.9152      8.087     5.6155 5.0640e-11  1017.4979    10.4006    17.4764    11.0553    339.569    9.65798  296.64998    114.468 -9.990e-29
   40.95984  -73.57784      4.466      4.431    10.4020    22.9107      8.087     5.6155 5.0640e-11  1017.4935    10.4016    17.4727    11.0534    339.511    9.65763  296.63954    114.452 -9.990e-29
   40.95984  -73.57784      4.477      4.442    10.4063    22.9062      8.087     5.6155 5.0640e-11  1017.4879    10.4059    17.4688    11.0576    339.641    9.65762  296.63887    114.496 -9.990e-29
   40.95984  -73.57784      4.447      4.412    10.4087    22.9039      8.087     5.6155 5.0640e-11  1017.4859    10.4082    17.4667    11.0628    339.798    9.65797  296.64867    114.546 -9.990e-29
   40.95984  -73.57784      4.447      4.412    10.4098    22.9042      8.087     5.6155 5.0640e-11  1017.4864    10.4094    17.4667    11.0616    339.761    9.65838  296.66054    114.529 -9.990e-29
   40.95984  -73.57784      4.426      4.392    10.4100    22.9065      8.087     5.6155 5.0640e-11  1017.4876    10.4095    17.4685    11.0658    339.889    9.65795  296.64755    114.577 -9.990e-29
   40.95984  -73.57784      4.426      4.392    10.4066    22.9104      8.087     5.6155 5.0640e-11  1017.4922    10.4061    17.4719    11.0642    339.840    9.65799  296.64882    114.560 -9.990e-29
   40.95984  -73.57784      4.415      4.381    10.4025    22.9143      8.087     5.6155 5.0640e-11  1017.4967    10.4021    17.4754    11.0686    339.977    9.65828  296.65716    114.603 0.0000e+00
   40.95984  -73.57784      4.386      4.352    10.4009    22.9167      8.087     5.6155 5.0640e-11  1017.4983    10.4004    17.4777    11.0738    340.133    9.65874  296.66993    114.650 -9.990e-29
   40.95984  -73.57784      4.385      4.351    10.3996    22.9179      8.087     5.6021 5.0640e-11  1017.4990    10.3991    17.4789    11.0733    340.117    9.65979  296.70132    114.633 -9.990e-29
   40.95984  -73.57784      4.375      4.341    10.3950    22.9183      8.087     5.6155 5.0640e-11  1017.5005    10.3945    17.4796    11.0768    340.228    9.65961  296.69740    114.672 0.0000e+00
   40.95984  -73.57784      4.366      4.332    10.3936    22.9184      8.092     5.6155 5.0640e-11  1017.4994    10.3932    17.4799    11.0740    340.142    9.65879  296.67414    114.652 0.0000e+00
   40.95984  -73.57784      4.355      4.321    10.3947    22.9193      8.087     5.6155 5.0640e-11  1017.4999    10.3943    17.4806    11.0767    340.228    9.65788  296.64756    114.691 0.0000e+00
   40.95984  -73.57784      4.345      4.311    10.3940    22.9216      8.092     5.6155 5.0640e-11  1017.5020    10.3935    17.4826    11.0743    340.153    9.65718  296.62703    114.674 0.0000e+00
   40.95984  -73.57784      4.315      4.281    10.3915    22.9252      8.088     5.6155 5.0640e-11  1017.5047    10.3911    17.4859    11.0772    340.243    9.65678  296.61474    114.709 -9.990e-29
   40.95984  -73.57784      4.315      4.281    10.3840    22.9296      8.092     5.6155 5.0640e-11  1017.5107    10.3836    17.4900    11.0805    340.346    9.65637  296.60244    114.748 -9.990e-29
   40.95984  -73.57784      4.315      4.281    10.3796    22.9328      8.092     5.6155 5.0640e-11  1017.5142    10.3791    17.4930    11.0846    340.473    9.65617  296.59668    114.793 -9.990e-29
   40.95984  -73.57784      4.285      4.251    10.3791    22.9335      8.092     5.6155 5.0640e-11  1017.5145    10.3787    17.4939    11.0833    340.431    9.65602  296.59242    114.781 -9.990e-29
   40.95984  -73.57784      4.285      4.251    10.3806    22.9319      8.092     5.6155 5.0640e-11  1017.5132    10.3801    17.4925    11.0877    340.568    9.65590  296.58920    114.828 -9.990e-29
   40.95984  -73.57784      4.264      4.231    10.3824    22.9278      8.092     5.6021 5.0640e-11  1017.5099    10.3819    17.4889    11.0861    340.518    9.65597  296.59163    114.811 0.0000e+00
   40.95984  -73.57784      4.234      4.201    10.3891    22.9213      8.092     5.6155 5.0640e-11  1017.5029    10.3887    17.4830    11.0911    340.672    9.65610  296.59494    114.861 -9.990e-29
   40.95984  -73.57784      4.254      4.221    10.3936    22.9124      8.092     5.6155 5.0640e-11  1017.4962    10.3932    17.4754    11.0965    340.838    9.65671  296.61216    114.910 -9.990e-29
   40.95984  -73.57784      4.234      4.201    10.3992    22.9016      8.092     5.6155 5.0640e-11  1017.4856    10.3988    17.4661    11.0962    340.825    9.65773  296.64114    114.895 0.0000e+00
   40.95984  -73.57784      4.213      4.180    10.4075    22.8909      8.092     5.8438 5.0640e-11  1017.4746    10.4071    17.4567    11.1026    341.018    9.65884  296.67336    114.947 0.0000e+00
   40.95984  -73.57784      4.203      4.171    10.4144    22.8826      8.092     6.0453 5.0640e-11  1017.4671    10.4140    17.4492    11.1016    340.988    9.65918  296.68430    114.933 0.0000e+00
   40.95984  -73.57784      4.183      4.150    10.4204    22.8772      8.097     6.0722 5.0640e-11  1017.4623    10.4200    17.4442    11.1066    341.140    9.65963  296.69755    114.979 0.0000e+00
   40.95984  -73.57784      4.173      4.141    10.4257    22.8743      8.092     6.0587 5.0640e-11  1017.4594    10.4253    17.4413    11.1119    341.302    9.65990  296.70520    115.031 0.0000e+00
   40.95984  -73.57784      4.153      4.120    10.4287    22.8733      8.092     6.0453 5.0640e-11  1017.4584    10.4282    17.4401    11.1104    341.256    9.65979  296.70129    115.017 -9.990e-29
   40.95984  -73.57784      4.153      4.120    10.4277    22.8732      8.092     6.0453 5.0640e-11  1017.4591    10.4272    17.4399    11.1152    341.403    9.66005  296.70829    115.064 -9.990e-29
   40.95984  -73.57784      4.132      4.100    10.4262    22.8728      8.097     6.0453 5.0640e-11  1017.4590    10.4258    17.4396    11.1151    341.399    9.66075  296.72937    115.054 0.0000e+00
   40.95984  -73.57784      4.113      4.081    10.4280    22.8719      8.097     6.0587 5.0640e-11  1017.4575    10.4276    17.4389    11.1194    341.533    9.66104  296.73791    115.096 0.0000e+00
   40.95984  -73.57784      4.092      4.060    10.4282    22.8707      8.097     6.0453 5.0640e-11  1017.4570    10.4278    17.4379    11.1250    341.702    9.66118  296.74171    115.151 -9.990e-29
   40.95984  -73.57784      4.092      4.060    10.4283    22.8689      8.097     6.0453 5.0640e-11  1017.4556    10.4279    17.4363    11.1243    341.680    9.66133  296.74544    115.143 -9.990e-29
   40.95984  -73.57784      4.072      4.040    10.4308    22.8663      8.096     6.0587 5.0640e-11  1017.4527    10.4304    17.4340    11.1251    341.702    9.66274  296.78722    115.134 0.0000e+00
   40.95984  -73.57784      4.051      4.020    10.4346    22.8636      8.096     6.0453 5.0640e-11  1017.4494    10.4342    17.4315    11.1366    342.055    9.66329  296.80310    115.247 -9.990e-29
   40.95984  -73.57784      4.052      4.021    10.4361    22.8618      8.096     6.0453 5.0640e-11  1017.4479    10.4357    17.4298    11.1354    342.016    9.66286  296.78841    115.239 -9.990e-29
   40.95984  -73.57784      4.021      3.990    10.4373    22.8613      8.096     6.0453 5.0640e-11  1017.4469    10.4369    17.4293    11.1405    342.170    9.66279  296.78416    115.293 0.0000e+00
   40.95984  -73.57784      4.000      3.969    10.4369    22.8627      8.096     6.0453 5.0640e-11  1017.4476    10.4365    17.4306    11.1427    342.235    9.66467  296.83879    115.293 -9.990e-29
   40.95984  -73.57784      4.011      3.980    10.4319    22.8653      8.096     6.0453 5.0640e-11  1017.4523    10.4315    17.4331    11.1453    342.309    9.66757  296.92231    115.286 -9.990e-29
   40.95984  -73.57784      3.970      3.939    10.4280    22.8662      8.097     6.0453 5.0640e-11  1017.4550    10.4276    17.4340    11.1544    342.580    9.67087  297.01756    115.340 -9.990e-29
   40.95984  -73.57784      3.971      3.940    10.4318    22.8631      8.096     6.0453 5.0640e-11  1017.4503    10.4314    17.4313    11.1612    342.784    9.67264  297.06839    115.389 -9.990e-29
   40.95984  -73.57784      3.951      3.920    10.4371    22.8583      8.101     6.0453 5.0640e-11  1017.4441    10.4367    17.4270    11.1668    342.955    9.67311  297.08086    115.441 0.0000e+00
   40.95984  -73.57784      3.930      3.900    10.4404    22.8545      8.096     6.0453 5.0640e-11  1017.4407    10.4400    17.4236    11.1725    343.133    9.67329  297.08768    115.499 0.0000e+00
   40.95984  -73.57784      3.919      3.889    10.4422    22.8524      8.101     6.0453 5.0640e-11  1017.4393    10.4418    17.4216    11.1706    343.079    9.67187  297.05037    115.495 0.0000e+00
   40.95984  -73.57784      3.900      3.870    10.4435    22.8511      8.101     6.0453 5.0640e-11  1017.4382    10.4431    17.4204    11.1661    342.952    9.66935  296.98067    115.480 0.0000e+00
   40.95984  -73.57784      3.890      3.860    10.4454    22.8500      8.101     6.0453 5.0640e-11  1017.4371    10.4450    17.4192    11.1673    342.996    9.66657  296.90166    115.525 0.0000e+00
   40.95984  -73.57784      3.870      3.840    10.4470    22.8486      8.101     6.0453 5.0640e-11  1017.4358    10.4466    17.4179    11.1701    343.086    9.66448  296.84122    115.579 0.0000e+00
   40.95984  -73.57784      3.859      3.829    10.4485    22.8470      8.101     6.1125 5.0640e-11  1017.4341    10.4481    17.4164    11.1668    342.988    9.66249  296.78341    115.569 0.0000e+00
   40.95984  -73.57784      3.838      3.808    10.4502    22.8455      8.101     6.2333 5.0640e-11  1017.4323    10.4498    17.4151    11.1688    343.052    9.66065  296.72943    115.611 0.0000e+00
   40.95984  -73.57784      3.828      3.799    10.4521    22.8451      8.101     6.2736 5.0640e-11  1017.4311    10.4518    17.4146    11.1671    343.003    9.65956  296.69757    115.607 0.0000e+00
   40.95984  -73.57784      3.808      3.778    10.4517    22.8465      8.101     6.2602 5.0640e-11  1017.4325    10.4513    17.4157    11.1706    343.112    9.65853  296.66736    115.655 0.0000e+00
   40.95984  -73.57784      3.800      3.770    10.4490    22.8490      8.101     6.2602 5.0640e-11  1017.4356    10.4486    17.4179    11.1750    343.249    9.65770  296.64304    115.711 0.0000e+00
   40.95984  -73.57784      3.789      3.759    10.4464    22.8509      8.101     6.2602 5.0640e-11  1017.4378    10.4460    17.4196    11.1741    343.222    9.65697  296.62178    115.710 0.0000e+00
   40.95984  -73.57784      3.768      3.739    10.4484    22.8518      8.101     6.2602 5.0640e-11  1017.4375    10.4480    17.4203    11.1727    343.178    9.65650  296.60782    115.701 0.0000e+00
   40.95984  -73.57784      3.747      3.718    10.4482    22.8525      8.101     6.2602 5.0640e-11  1017.4374    10.4478    17.4209    11.1771    343.313    9.65603  296.59362    115.752 -9.990e-29
   40.95984  -73.57784      3.747      3.718    10.4464    22.8547      8.101     6.2602 5.0640e-11  1017.4389    10.4460    17.4228    11.1814    343.447    9.65559  296.58040    115.802 -9.990e-29
   40.95984  -73.57784      3.717      3.688    10.4425    22.8577      8.101     6.2602 5.0640e-11  1017.4438    10.4422    17.4257    11.1863    343.598    9.65515  296.56706    115.858 0.0000e+00
   40.95984  -73.57784      3.707      3.679    10.4369    22.8583      8.106     6.2602 5.0640e-11  1017.4466    10.4365    17.4265    11.1861    343.592    9.65493  296.56041    115.859 0.0000e+00
   40.95984  -73.57784      3.696      3.668    10.4396    22.8545      8.106     6.2602 5.0640e-11  1017.4412    10.4392    17.4233    11.1856    343.577    9.65520  296.56774    115.851 0.0000e+00
   40.95984  -73.57784      3.687      3.658    10.4457    22.8485      8.106     6.2602 5.0640e-11  1017.4341    10.4453    17.4179    11.1849    343.553    9.65535  296.57230    115.841 0.0000e+00
