CalculateIndicators/WaterTemperature/Data/CTD_NYOS/20240426_C05.cnv
* Sea-Bird SBE 9 Data File:
* FileName = C:\Seabird 9 CTD\Data\2024\202404_offshore\20240426_C05.hex
* Software Version Seasave V 7.23.2
* Temperature SN = 4590
* Conductivity SN = 3228
* Number of Bytes Per Scan = 44
* Number of Voltage Words = 5
* Number of Scans Averaged by the Deck Unit = 1
* NMEA Latitude = 40 18.14 N
* NMEA Longitude = 073 13.44 W
* NMEA UTC (Time) = Apr 26 2024  13:54:56
* NMEA baud rate = 4800
** Ship: Seawolf
** Station: 8.2
** Operator: TCM
# nquan = 18
# nvalues = 10873                       
# units = specified
# name 0 = latitude: Latitude [deg]
# name 1 = longitude: Longitude [deg]
# name 2 = prDM: Pressure, Digiquartz [db]
# name 3 = depSM: Depth [salt water, m]
# name 4 = t090C: Temperature [ITS-90, deg C]
# name 5 = sal00: Salinity, Practical [PSU]
# name 6 = ph: pH
# name 7 = flECO-AFL: Fluorescence, WET Labs ECO-AFL/FL [mg/m^3]
# name 8 = cpar: CPAR/Corrected Irradiance [%]
# name 9 = density00: Density [density, kg/m^3]
# name 10 = potemp090C: Potential Temperature [ITS-90, deg C]
# name 11 = sigma-é00: Density [sigma-theta, kg/m^3]
# name 12 = sbeox0Mg/L: Oxygen, SBE 43 [mg/l]
# name 13 = sbox0Mm/Kg: Oxygen, SBE 43 [umol/kg]
# name 14 = oxsolMg/L: Oxygen Saturation, Garcia & Gordon [mg/l]
# name 15 = oxsolMm/Kg: Oxygen Saturation, Garcia & Gordon [umol/kg]
# name 16 = sbeox0PS: Oxygen, SBE 43 [% saturation]
# name 17 = flag:  0.000e+00
# span 0 =   40.30232,   40.30316       
# span 1 =  -73.22518,  -73.22400       
# span 2 =      1.846,     34.362       
# span 3 =      1.831,     34.095       
# span 4 =     6.9522,     8.6780       
# span 5 =    30.4824,    31.0484       
# span 6 =      7.916,      8.099       
# span 7 =     0.0282,     1.0893       
# span 8 = 1.4059e-01, 3.0029e+02       
# span 9 =  1023.6481,  1024.4716       
# span 10 =     6.9493,     8.6777      
# span 11 =    23.6395,    24.3134      
# span 12 =     8.4280,     9.9417      
# span 13 =    257.133,    303.498      
# span 14 =    9.56523,    9.91375      
# span 15 =  292.01410,  302.45807      
# span 16 =     85.115,    103.796      
# span 17 = 0.0000e+00, 0.0000e+00      
# interval = seconds: 0.0416667
# start_time = Apr 26 2024 13:54:58 [System UTC, first data scan.]
# bad_flag = -9.990e-29
*END*
   40.30232  -73.22400      2.980      2.957     8.6453    30.4939 -9.990e-29     0.1357 4.1733e+01  1023.6583     8.6450    23.6447     9.9111    302.572    9.57193  292.21797    103.543 -9.990e-29
   40.30232  -73.22400      2.971      2.948     8.6452    30.4940 -9.990e-29     0.1357 3.7189e+01  1023.6584     8.6449    23.6448     9.9109    302.568    9.57191  292.21743    103.542 -9.990e-29
   40.30232  -73.22400      2.960      2.938     8.6453    30.4941 -9.990e-29     0.1357 3.5354e+01  1023.6584     8.6450    23.6449     9.9108    302.564    9.57188  292.21644    103.541 -9.990e-29
   40.30232  -73.22400      2.949      2.927     8.6453    30.4940 -9.990e-29     0.1357 3.5422e+01  1023.6583     8.6450    23.6448     9.9107    302.561    9.57189  292.21682    103.540 -9.990e-29
   40.30232  -73.22400      2.940      2.917     8.6456    30.4939 -9.990e-29     0.1357 3.9195e+01  1023.6580     8.6453    23.6446     9.9097    302.531    9.57186  292.21602    103.530 -9.990e-29
   40.30232  -73.22400      2.930      2.908     8.6459    30.4937 -9.990e-29     0.1357 4.1346e+01  1023.6578     8.6457    23.6445     9.9096    302.528    9.57185  292.21567    103.529 -9.990e-29
   40.30232  -73.22400      2.910      2.887     8.6459    30.4937 -9.990e-29     0.1357 4.1579e+01  1023.6578     8.6457    23.6445     9.9094    302.521    9.57179  292.21398    103.527 -9.990e-29
   40.30232  -73.22400      2.899      2.876     8.6459    30.4938 -9.990e-29     0.1357 4.6268e+01  1023.6576     8.6457    23.6445     9.9094    302.520    9.57188  292.21649    103.526 -9.990e-29
   40.30232  -73.22400      2.889      2.867     8.6458    30.4939 -9.990e-29     0.1357 4.9872e+01  1023.6579     8.6455    23.6446     9.9101    302.542    9.57185  292.21561    103.534 -9.990e-29
   40.30232  -73.22400      2.879      2.857     8.6459    30.4940 -9.990e-29     0.1357 5.0578e+01  1023.6578     8.6457    23.6447     9.9169    302.750    9.57182  292.21482    103.605 -9.990e-29
   40.30232  -73.22400      2.868      2.846     8.6459    30.4941 -9.990e-29     0.1357 4.9732e+01  1023.6579     8.6457    23.6448     9.9125    302.615    9.57184  292.21549    103.559 -9.990e-29
   40.30232  -73.22400      2.849      2.827     8.6458    30.4942 -9.990e-29     0.1357 4.9038e+01  1023.6578     8.6455    23.6448     9.9124    302.612    9.57180  292.21434    103.558 -9.990e-29
   40.30232  -73.22400      2.828      2.807     8.6461    30.4942 -9.990e-29     0.1357 4.8900e+01  1023.6577     8.6458    23.6448     9.9124    302.611    9.57183  292.21492    103.558 -9.990e-29
   40.30232  -73.22400      2.819      2.797     8.6459    30.4942 -9.990e-29     0.1357 4.8354e+01  1023.6576     8.6457    23.6449     9.9122    302.606    9.57172  292.21174    103.557 -9.990e-29
   40.30232  -73.22400      2.798      2.777     8.6459    30.4942 -9.990e-29     0.1357 4.7545e+01  1023.6579     8.6457    23.6449     9.9120    302.601    9.57160  292.20828    103.557 -9.990e-29
   40.30232  -73.22400      2.778      2.756     8.6456    30.4941 -9.990e-29     0.1357 4.7369e+01  1023.6573     8.6453    23.6448     9.9118    302.594    9.57145  292.20389    103.556 -9.990e-29
   40.30232  -73.22400      2.768      2.747     8.6453    30.4940 -9.990e-29     0.1357 4.3537e+01  1023.6575     8.6450    23.6447     9.9117    302.591    9.57139  292.20236    103.555 -9.990e-29
   40.30232  -73.22400      2.747      2.726     8.6452    30.4941 -9.990e-29     0.1357 3.6675e+01  1023.6573     8.6449    23.6448     9.9055    302.401    9.57128  292.19884    103.492 -9.990e-29
   40.30232  -73.22400      2.727      2.706     8.6451    30.4943 -9.990e-29     0.1222 3.4767e+01  1023.6576     8.6448    23.6450     9.9045    302.373    9.57122  292.19689    103.483 -9.990e-29
   40.30234  -73.22408      2.717      2.696     8.6453    30.4943 -9.990e-29     0.1222 3.7299e+01  1023.6574     8.6450    23.6450     9.9038    302.350    9.57124  292.19761    103.474 -9.990e-29
   40.30234  -73.22408      2.697      2.676     8.6453    30.4943 -9.990e-29     0.1222 4.6315e+01  1023.6573     8.6450    23.6450     9.9091    302.513    9.57128  292.19872    103.530 -9.990e-29
   40.30234  -73.22408      2.676      2.655     8.6452    30.4943 -9.990e-29     0.1222 5.0295e+01  1023.6573     8.6449    23.6450     9.9092    302.515    9.57130  292.19923    103.531 -9.990e-29
   40.30234  -73.22408      2.657      2.636     8.6453    30.4943 -9.990e-29     0.1222 4.8218e+01  1023.6571     8.6450    23.6450     9.9092    302.515    9.57121  292.19649    103.531 -9.990e-29
   40.30234  -73.22408      2.646      2.625     8.6452    30.4944 -9.990e-29     0.1222 3.7788e+01  1023.6572     8.6449    23.6451     9.9093    302.519    9.57128  292.19842    103.532 -9.990e-29
   40.30234  -73.22408      2.615      2.595     8.6452    30.4944 -9.990e-29     0.1222 3.3894e+01  1023.6570     8.6449    23.6451     9.9033    302.334    9.57123  292.19696    103.469 -9.990e-29
   40.30234  -73.22408      2.598      2.578     8.6453    30.4942 -9.990e-29     0.1222 3.3764e+01  1023.6568     8.6450    23.6449     9.9087    302.499    9.57127  292.19795    103.525 -9.990e-29
   40.30234  -73.22408      2.576      2.556     8.6456    30.4939 -9.990e-29     0.1222 3.5269e+01  1023.6563     8.6454    23.6447     9.9089    302.506    9.57138  292.20163    103.526 -9.990e-29
   40.30234  -73.22408      2.565      2.545     8.6456    30.4936 -9.990e-29     0.1222 3.7140e+01  1023.6563     8.6454    23.6445     9.9091    302.512    9.57147  292.20388    103.528 -9.990e-29
   40.30234  -73.22408      2.545      2.526     8.6458    30.4934 -9.990e-29     0.1222 4.0280e+01  1023.6558     8.6456    23.6443     9.9092    302.515    9.57144  292.20309    103.529 -9.990e-29
   40.30234  -73.22408      2.515      2.496     8.6458    30.4933 -9.990e-29     0.1222 5.9396e+01  1023.6556     8.6456    23.6442     9.9091    302.512    9.57128  292.19836    103.530 -9.990e-29
   40.30234  -73.22408      2.504      2.485     8.6461    30.4933 -9.990e-29     0.1222 7.7679e+01  1023.6556     8.6458    23.6441     9.9092    302.513    9.57119  292.19572    103.531 -9.990e-29
   40.30234  -73.22408      2.474      2.455     8.6461    30.4931 -9.990e-29     0.1222 7.9894e+01  1023.6552     8.6459    23.6439     9.9093    302.517    9.57120  292.19613    103.532 -9.990e-29
   40.30234  -73.22408      2.464      2.445     8.6464    30.4930 -9.990e-29     0.1222 8.1881e+01  1023.6549     8.6462    23.6438     9.9094    302.520    9.57119  292.19575    103.533 -9.990e-29
   40.30234  -73.22408      2.434      2.415     8.6464    30.4931 -9.990e-29     0.1222 8.2997e+01  1023.6551     8.6462    23.6439     9.9086    302.498    9.57120  292.19602    103.526 -9.990e-29
   40.30234  -73.22408      2.414      2.395     8.6466    30.4932 -9.990e-29     0.1222 7.9668e+01  1023.6550     8.6464    23.6439     9.9026    302.314    9.57117  292.19496    103.463 -9.990e-29
   40.30234  -73.22408      2.404      2.385     8.6467    30.4932 -9.990e-29     0.1222 6.7099e+01  1023.6550     8.6465    23.6439     9.9020    302.293    9.57121  292.19622    103.456 -9.990e-29
   40.30234  -73.22408      2.372      2.354     8.6466    30.4932 -9.990e-29     0.1222 5.5419e+01  1023.6547     8.6464    23.6439     9.9074    302.459    9.57124  292.19705    103.512 -9.990e-29
   40.30234  -73.22408      2.363      2.345     8.6467    30.4933 -9.990e-29     0.1222 5.2548e+01  1023.6548     8.6465    23.6440     9.9084    302.489    9.57121  292.19632    103.523 -9.990e-29
   40.30234  -73.22408      2.342      2.324     8.6464    30.4933 -9.990e-29     0.1222 4.6621e+01  1023.6549     8.6462    23.6440     9.9085    302.494    9.57119  292.19580    103.524 -9.990e-29
   40.30234  -73.22408      2.312      2.294     8.6466    30.4933 -9.990e-29     0.1222 3.6821e+01  1023.6544     8.6464    23.6440     9.9028    302.318    9.57130  292.19908    103.463 -9.990e-29
   40.30234  -73.22408      2.293      2.275     8.6466    30.4933 -9.990e-29     0.1222 3.4168e+01  1023.6544     8.6464    23.6440     9.9022    302.301    9.57134  292.20050    103.457 -9.990e-29
   40.30234  -73.22408      2.290      2.272     8.6464    30.4934 -9.990e-29     0.1222 3.5544e+01  1023.6546     8.6462    23.6441     9.9077    302.469    9.57136  292.20102    103.514 -9.990e-29
   40.30234  -73.22408      2.251      2.234     8.6466    30.4936 -9.990e-29     0.1222 4.0493e+01  1023.6546     8.6464    23.6442     9.9019    302.292    9.57138  292.20164    103.453 -9.990e-29
   40.30234  -73.22408      2.242      2.225     8.6466    30.4936 -9.990e-29     0.1357 4.2437e+01  1023.6545     8.6464    23.6443     9.9075    302.464    9.57144  292.20339    103.511 -9.990e-29
   40.30234  -73.22408      2.212      2.195     8.6464    30.4936 -9.990e-29     0.1357 4.2162e+01  1023.6545     8.6462    23.6443     9.9079    302.475    9.57152  292.20564    103.514 -9.990e-29
   40.30234  -73.22408      2.201      2.184     8.6466    30.4935 -9.990e-29     0.1357 4.1303e+01  1023.6542     8.6464    23.6442     9.9083    302.486    9.57160  292.20789    103.517 -9.990e-29
   40.30234  -73.22408      2.181      2.165     8.6466    30.4934 -9.990e-29     0.1357 4.0956e+01  1023.6542     8.6464    23.6441     9.9085    302.494    9.57156  292.20669    103.520 -9.990e-29
   40.30234  -73.22408      2.150      2.133     8.6471    30.4933 -9.990e-29     0.1357 4.0612e+01  1023.6537     8.6469    23.6440     9.9028    302.319    9.57161  292.20816    103.460 -9.990e-29
   40.30234  -73.22408      2.150      2.133     8.6473    30.4930 -9.990e-29     0.1357 3.5385e+01  1023.6536     8.6471    23.6438     9.9084    302.490    9.57164  292.20905    103.518 -9.990e-29
   40.30234  -73.22408      2.120      2.103     8.6474    30.4928 -9.990e-29     0.1357 3.2798e+01  1023.6533     8.6472    23.6435     9.9027    302.315    9.57164  292.20913    103.458 -9.990e-29
   40.30234  -73.22408      2.110      2.094     8.6477    30.4925 -9.990e-29     0.1357 3.2798e+01  1023.6528     8.6475    23.6433     9.9022    302.300    9.57163  292.20886    103.453 -9.990e-29
   40.30234  -73.22408      2.080      2.064     8.6477    30.4923 -9.990e-29     0.1357 5.4609e+01  1023.6525     8.6475    23.6431     9.9016    302.282    9.57151  292.20545    103.448 -9.990e-29
   40.30234  -73.22408      2.069      2.053     8.6479    30.4922 -9.990e-29     0.1357 7.6738e+01  1023.6524     8.6477    23.6430     9.9073    302.456    9.57153  292.20597    103.508 -9.990e-29
   40.30234  -73.22408      2.069      2.053     8.6479    30.4922 -9.990e-29     0.1357 8.0495e+01  1023.6524     8.6477    23.6429     9.9137    302.653    9.57151  292.20560    103.575 -9.990e-29
   40.30234  -73.22408      2.038      2.023     8.6483    30.4922 -9.990e-29     0.1357 5.6324e+01  1023.6521     8.6481    23.6429     9.9149    302.690    9.57150  292.20519    103.588 -9.990e-29
   40.30234  -73.22408      2.019      2.004     8.6477    30.4922 -9.990e-29     0.1357 4.0343e+01  1023.6524     8.6475    23.6430     9.9100    302.539    9.57142  292.20282    103.537 -9.990e-29
   40.30234  -73.22408      2.008      1.993     8.6479    30.4922 -9.990e-29     0.1357 3.7711e+01  1023.6522     8.6477    23.6430     9.9103    302.550    9.57145  292.20387    103.541 -9.990e-29
   40.30234  -73.22408      1.999      1.983     8.6481    30.4921 -9.990e-29     0.1357 4.0230e+01  1023.6521     8.6479    23.6429     9.9108    302.562    9.57147  292.20415    103.545 -9.990e-29
   40.30234  -73.22408      1.989      1.974     8.6481    30.4920 -9.990e-29     0.1357 4.3320e+01  1023.6518     8.6479    23.6427     9.9059    302.414    9.57149  292.20453    103.494 -9.990e-29
   40.30234  -73.22408      1.978      1.963     8.6483    30.4919 -9.990e-29     0.1357 4.4057e+01  1023.6517     8.6481    23.6427     9.9117    302.590    9.57155  292.20647    103.553 -9.990e-29
   40.30234  -73.22408      1.957      1.942     8.6481    30.4918 -9.990e-29     0.1357 4.6736e+01  1023.6518     8.6479    23.6426     9.9120    302.601    9.57153  292.20581    103.558 -9.990e-29
   40.30234  -73.22408      1.957      1.942     8.6487    30.4916 -9.990e-29     0.1357 5.2153e+01  1023.6514     8.6485    23.6424     9.9126    302.617    9.57158  292.20735    103.562 -9.990e-29
   40.30234  -73.22408      1.948      1.933     8.6494    30.4911 -9.990e-29     0.1357 5.3991e+01  1023.6509     8.6492    23.6418     9.9129    302.629    9.57156  292.20675    103.567 -9.990e-29
   40.30234  -73.22408      1.938      1.923     8.6504    30.4905 -9.990e-29     0.1357 5.1326e+01  1023.6499     8.6502    23.6412     9.9134    302.642    9.57155  292.20663    103.571 -9.990e-29
   40.30234  -73.22408      1.926      1.911     8.6507    30.4901 -9.990e-29     0.1357 4.4220e+01  1023.6496     8.6505    23.6409     9.9138    302.656    9.57160  292.20790    103.575 -9.990e-29
   40.30234  -73.22408      1.938      1.923     8.6512    30.4901 -9.990e-29     0.1357 4.1840e+01  1023.6498     8.6510    23.6409     9.9141    302.666    9.57149  292.20485    103.580 -9.990e-29
   40.30234  -73.22408      1.918      1.903     8.6515    30.4903 -9.990e-29     0.1357 4.1605e+01  1023.6495     8.6513    23.6411     9.9077    302.468    9.57154  292.20626    103.512 -9.990e-29
   40.30234  -73.22410      1.927      1.912     8.6512    30.4907 -9.990e-29     0.1357 4.0297e+01  1023.6502     8.6510    23.6414     9.9065    302.431    9.57159  292.20773    103.499 -9.990e-29
   40.30234  -73.22410      1.918      1.903     8.6508    30.4911 -9.990e-29     0.1357 3.9694e+01  1023.6505     8.6507    23.6417     9.9113    302.579    9.57162  292.20858    103.549 -9.990e-29
   40.30234  -73.22410      1.918      1.903     8.6507    30.4914 -9.990e-29     0.1357 3.9765e+01  1023.6507     8.6505    23.6419     9.9117    302.592    9.57165  292.20960    103.553 -9.990e-29
   40.30234  -73.22410      1.918      1.903     8.6510    30.4916 -9.990e-29     0.1357 4.1088e+01  1023.6509     8.6508    23.6421     9.9121    302.604    9.57168  292.21047    103.557 -9.990e-29
   40.30234  -73.22410      1.918      1.903     8.6507    30.4919 -9.990e-29     0.1357 4.1787e+01  1023.6510     8.6505    23.6423     9.9065    302.432    9.57172  292.21150    103.498 -9.990e-29
   40.30234  -73.22410      1.918      1.903     8.6508    30.4921 -9.990e-29     0.1357 4.1905e+01  1023.6512     8.6507    23.6425     9.9122    302.606    9.57174  292.21219    103.557 -9.990e-29
   40.30234  -73.22410      1.927      1.912     8.6505    30.4923 -9.990e-29     0.1357 5.0354e+01  1023.6517     8.6503    23.6426     9.9118    302.593    9.57178  292.21333    103.552 -9.990e-29
   40.30234  -73.22410      1.918      1.903     8.6502    30.4923 -9.990e-29     0.1357 5.7145e+01  1023.6511     8.6500    23.6427     9.9122    302.606    9.57179  292.21372    103.556 -9.990e-29
   40.30234  -73.22410      1.938      1.923     8.6496    30.4925 -9.990e-29     0.1357 5.8170e+01  1023.6520     8.6494    23.6429     9.9126    302.618    9.57182  292.21461    103.560 -9.990e-29
   40.30234  -73.22410      1.938      1.923     8.6497    30.4926 -9.990e-29     0.1357 5.2570e+01  1023.6520     8.6495    23.6429     9.9130    302.630    9.57183  292.21507    103.564 -9.990e-29
   40.30234  -73.22410      1.938      1.923     8.6505    30.4924 -9.990e-29     0.1357 4.8090e+01  1023.6516     8.6503    23.6427     9.9133    302.638    9.57173  292.21182    103.568 -9.990e-29
   40.30234  -73.22410      1.957      1.942     8.6510    30.4922 -9.990e-29     0.1357 4.7286e+01  1023.6513     8.6508    23.6425     9.9136    302.647    9.57166  292.20983    103.572 0.0000e+00
   40.30234  -73.22410      1.968      1.953     8.6510    30.4919 -9.990e-29     0.1357 4.7153e+01  1023.6512     8.6508    23.6423     9.9140    302.661    9.57169  292.21084    103.576 -9.990e-29
