CalculateIndicators/WaterTemperature/Data/CTD_NYOS/20240429_C33.cnv
* Sea-Bird SBE 9 Data File:
* FileName = C:\Seabird 9 CTD\Data\2024\202404_offshore\20240429_C33.hex
* Software Version Seasave V 7.23.2
* Temperature SN = 4590
* Conductivity SN = 3228
* Number of Bytes Per Scan = 44
* Number of Voltage Words = 5
* Number of Scans Averaged by the Deck Unit = 1
* NMEA Latitude = 40 29.67 N
* NMEA Longitude = 071 56.07 W
* NMEA UTC (Time) = Apr 29 2024  20:59:27
* NMEA baud rate = 4800
** Ship: Seawolf
** Station: 11.3
** Operator: TCM
# nquan = 18
# nvalues = 13220                       
# units = specified
# name 0 = latitude: Latitude [deg]
# name 1 = longitude: Longitude [deg]
# name 2 = prDM: Pressure, Digiquartz [db]
# name 3 = depSM: Depth [salt water, m]
# name 4 = t090C: Temperature [ITS-90, deg C]
# name 5 = sal00: Salinity, Practical [PSU]
# name 6 = ph: pH
# name 7 = flECO-AFL: Fluorescence, WET Labs ECO-AFL/FL [mg/m^3]
# name 8 = cpar: CPAR/Corrected Irradiance [%]
# name 9 = density00: Density [density, kg/m^3]
# name 10 = potemp090C: Potential Temperature [ITS-90, deg C]
# name 11 = sigma-é00: Density [sigma-theta, kg/m^3]
# name 12 = sbeox0Mg/L: Oxygen, SBE 43 [mg/l]
# name 13 = sbox0Mm/Kg: Oxygen, SBE 43 [umol/kg]
# name 14 = oxsolMg/L: Oxygen Saturation, Garcia & Gordon [mg/l]
# name 15 = oxsolMm/Kg: Oxygen Saturation, Garcia & Gordon [umol/kg]
# name 16 = sbeox0PS: Oxygen, SBE 43 [% saturation]
# name 17 = flag:  0.000e+00
# span 0 =   40.49450,   40.49466       
# span 1 =  -71.93658,  -71.93462       
# span 2 =      1.581,     61.337       
# span 3 =      1.568,     60.855       
# span 4 =     6.0676,     9.0854       
# span 5 =    31.3118,    31.9102       
# span 6 =      7.909,      8.073       
# span 7 =     0.0148,     3.0368       
# span 8 = 5.1411e-14, 9.3755e+00       
# span 9 =  1024.2085,  1025.3876       
# span 10 =     6.0627,     9.0852      
# span 11 =    24.2316,    25.1042      
# span 12 =     9.1833,    10.5976      
# span 13 =    279.968,    323.255      
# span 14 =    9.42731,   10.06774      
# span 15 =  287.63660,  306.95123      
# span 16 =     91.361,    110.610      
# span 17 = 0.0000e+00, 0.0000e+00      
# interval = seconds: 0.0416667
# start_time = Apr 29 2024 20:59:25 [System UTC, first data scan.]
# bad_flag = -9.990e-29
*END*
[from data line 2895]
   40.49450  -71.93504     60.467     59.992     6.1280    31.8636 -9.990e-29     0.0551 5.2206e-14  1025.3394     6.1231    25.0601     9.2152    280.941   10.04831  306.34036     91.709 -9.990e-29
   40.49450  -71.93504     60.445     59.970     6.1283    31.8633 -9.990e-29     0.0551 5.2206e-14  1025.3392     6.1234    25.0598     9.2153    280.946   10.04830  306.34006     91.711 -9.990e-29
   40.49450  -71.93504     60.456     59.981     6.1291    31.8625 -9.990e-29     0.0685 5.2260e-14  1025.3381     6.1242    25.0590     9.2156    280.955   10.04833  306.34099     91.713 -9.990e-29
   40.49450  -71.93504     60.456     59.981     6.1304    31.8613 -9.990e-29     0.0551 5.2260e-14  1025.3373     6.1255    25.0580     9.2148    280.930   10.04825  306.33888     91.706 -9.990e-29
   40.49450  -71.93504     60.446     59.972     6.1322    31.8600 -9.990e-29     0.0551 5.2260e-14  1025.3358     6.1273    25.0568     9.2208    281.111   10.04825  306.33889     91.765 -9.990e-29
   40.49450  -71.93504     60.446     59.972     6.1335    31.8588      7.928     0.0685 5.2206e-14  1025.3345     6.1286    25.0556     9.2212    281.126   10.04837  306.34255     91.768 -9.990e-29
   40.49450  -71.93504     60.446     59.972     6.1344    31.8577      7.928     0.0685 5.2152e-14  1025.3336     6.1295    25.0547     9.2216    281.136   10.04839  306.34311     91.772 -9.990e-29
   40.49450  -71.93504     60.435     59.961     6.1354    31.8569      7.928     0.0685 5.2099e-14  1025.3327     6.1305    25.0540     9.2166    280.984   10.04857  306.34831     91.720 -9.990e-29
   40.49450  -71.93504     60.426     59.951     6.1357    31.8563      7.928     0.0551 5.2045e-14  1025.3324     6.1308    25.0534     9.2172    281.001   10.04869  306.35185     91.725 -9.990e-29
   40.49450  -71.93504     60.456     59.981     6.1366    31.8558      7.928     0.0685 5.2045e-14  1025.3318     6.1317    25.0530     9.2179    281.025   10.04889  306.35771     91.731 -9.990e-29
   40.49450  -71.93504     60.435     59.961     6.1362    31.8556      7.928     0.0551 5.2045e-14  1025.3318     6.1313    25.0528     9.2241    281.214   10.04892  306.35874     91.792 -9.990e-29
   40.49450  -71.93504     60.435     59.961     6.1356    31.8558      7.928     0.0685 5.2045e-14  1025.3319     6.1307    25.0530     9.2183    281.034   10.04902  306.36167     91.733 -9.990e-29
   40.49450  -71.93504     60.426     59.951     6.1353    31.8560      7.928     0.0685 5.2099e-14  1025.3321     6.1304    25.0532     9.2190    281.058   10.04912  306.36456     91.740 -9.990e-29
   40.49450  -71.93504     60.435     59.961     6.1343    31.8564      7.928     0.0685 5.2099e-14  1025.3327     6.1294    25.0536     9.2256    281.257   10.04933  306.37095     91.803 -9.990e-29
   40.49450  -71.93504     60.426     59.951     6.1338    31.8567      7.928     0.0685 5.2152e-14  1025.3328     6.1289    25.0539     9.2203    281.095   10.04986  306.38651     91.745 -9.990e-29
   40.49450  -71.93504     60.426     59.951     6.1335    31.8570      7.928     0.0685 5.2206e-14  1025.3332     6.1286    25.0542     9.2270    281.301   10.05025  306.39792     91.809 -9.990e-29
   40.49450  -71.93504     60.416     59.942     6.1335    31.8573      7.928     0.0551 5.2260e-14  1025.3332     6.1286    25.0545     9.2290    281.360   10.05038  306.40159     91.827 -9.990e-29
   40.49450  -71.93504     60.426     59.951     6.1330    31.8577      7.928     0.0551 5.2206e-14  1025.3339     6.1281    25.0549     9.2299    281.388   10.05046  306.40407     91.836 -9.990e-29
   40.49450  -71.93504     60.415     59.940     6.1331    31.8579      7.928     0.0551 5.2206e-14  1025.3342     6.1282    25.0549     9.2316    281.440   10.05032  306.39983     91.854 -9.990e-29
   40.49450  -71.93504     60.426     59.951     6.1343    31.8574      7.928     0.0685 5.2206e-14  1025.3334     6.1294    25.0545     9.2324    281.463   10.05023  306.39727     91.862 -9.990e-29
   40.49450  -71.93504     60.405     59.931     6.1351    31.8568      7.928     0.0551 5.2206e-14  1025.3326     6.1302    25.0540     9.2333    281.490   10.05027  306.39835     91.871 -9.990e-29
   40.49450  -71.93504     60.416     59.942     6.1353    31.8563      7.928     0.0551 5.2152e-14  1025.3325     6.1304    25.0535     9.2340    281.514   10.05018  306.39566     91.879 -9.990e-29
   40.49450  -71.93504     60.405     59.931     6.1360    31.8558      7.928     0.0685 5.2152e-14  1025.3318     6.1311    25.0530     9.2349    281.540   10.05018  306.39547     91.888 -9.990e-29
   40.49450  -71.93504     60.395     59.921     6.1368    31.8553      7.928     0.0685 5.2152e-14  1025.3314     6.1319    25.0525     9.2357    281.565   10.05016  306.39527     91.896 -9.990e-29
   40.49450  -71.93504     60.405     59.931     6.1377    31.8547      7.928     0.0551 5.2152e-14  1025.3306     6.1328    25.0519     9.2301    281.394   10.05027  306.39859     91.839 -9.990e-29
   40.49450  -71.93504     60.395     59.921     6.1381    31.8542      7.928     0.0685 5.2152e-14  1025.3301     6.1332    25.0515     9.2299    281.387   10.05115  306.42519     91.829 -9.990e-29
   40.49450  -71.93504     60.395     59.921     6.1385    31.8540      7.928     0.0685 5.2152e-14  1025.3302     6.1336    25.0513     9.2381    281.636   10.05278  306.47320     91.896 -9.990e-29
   40.49450  -71.93504     60.395     59.921     6.1391    31.8536      7.928     0.0685 5.2206e-14  1025.3297     6.1342    25.0509     9.2402    281.699   10.05389  306.50560     91.907 -9.990e-29
   40.49452  -71.93504     60.384     59.910     6.1393    31.8532      7.928     0.0551 5.2206e-14  1025.3291     6.1344    25.0506     9.2414    281.736   10.05421  306.51460     91.916 -9.990e-29
   40.49452  -71.93504     60.384     59.910     6.1393    31.8532      7.928     0.0551 5.2206e-14  1025.3293     6.1344    25.0506     9.2425    281.767   10.05433  306.51801     91.925 -9.990e-29
   40.49452  -71.93504     60.375     59.900     6.1393    31.8533      7.928     0.0685 5.2260e-14  1025.3294     6.1344    25.0506     9.2434    281.797   10.05440  306.52039     91.934 -9.990e-29
   40.49452  -71.93504     60.384     59.910     6.1393    31.8533      7.928     0.0685 5.2260e-14  1025.3292     6.1344    25.0506     9.2448    281.840   10.05488  306.53480     91.944 -9.990e-29
   40.49452  -71.93504     60.375     59.901     6.1390    31.8533      7.928     0.0685 5.2260e-14  1025.3294     6.1341    25.0507     9.2469    281.902   10.05596  306.56664     91.954 -9.990e-29
   40.49452  -71.93504     60.365     59.891     6.1390    31.8534      7.928     0.0685 5.2260e-14  1025.3293     6.1341    25.0508     9.2487    281.957   10.05680  306.59136     91.965 -9.990e-29
   40.49452  -71.93504     60.365     59.891     6.1388    31.8535      7.928     0.0551 5.2260e-14  1025.3295     6.1339    25.0508     9.2435    281.796   10.05724  306.60362     91.909 -9.990e-29
   40.49452  -71.93504     60.354     59.880     6.1390    31.8535      7.928     0.0685 5.2314e-14  1025.3293     6.1341    25.0508     9.2434    281.793   10.05718  306.60194     91.908 -9.990e-29
   40.49452  -71.93504     60.365     59.891     6.1386    31.8536      7.928     0.0551 5.2368e-14  1025.3295     6.1337    25.0509     9.2433    281.791   10.05712  306.59998     91.908 -9.990e-29
   40.49452  -71.93504     60.354     59.880     6.1385    31.8537      7.928     0.0685 5.2368e-14  1025.3297     6.1336    25.0510     9.2500    281.994   10.05718  306.60182     91.974 -9.990e-29
   40.49452  -71.93504     60.344     59.870     6.1386    31.8540      7.928     0.0685 5.2368e-14  1025.3297     6.1337    25.0512     9.2515    282.039   10.05759  306.61396     91.985 -9.990e-29
   40.49452  -71.93504     60.354     59.880     6.1381    31.8541      7.928     0.0685 5.2368e-14  1025.3302     6.1333    25.0513     9.2519    282.052   10.05801  306.62652     91.985 -9.990e-29
   40.49452  -71.93504     60.344     59.870     6.1386    31.8538      7.928     0.0685 5.2368e-14  1025.3298     6.1337    25.0511     9.2454    281.855   10.05819  306.63175     91.920 -9.990e-29
   40.49452  -71.93504     60.344     59.870     6.1396    31.8534      7.928     0.0685 5.2314e-14  1025.3292     6.1347    25.0507     9.2511    282.028   10.05833  306.63568     91.975 -9.990e-29
   40.49452  -71.93504     60.344     59.870     6.1403    31.8530      7.928     0.0685 5.2260e-14  1025.3287     6.1354    25.0503     9.2512    282.029   10.05847  306.63985     91.974 -9.990e-29
   40.49452  -71.93504     60.333     59.859     6.1405    31.8527      7.928     0.0685 5.2314e-14  1025.3285     6.1357    25.0500     9.2512    282.030   10.05865  306.64528     91.973 -9.990e-29
   40.49452  -71.93504     60.344     59.870     6.1412    31.8527      7.928     0.0685 5.2314e-14  1025.3284     6.1363    25.0499     9.2524    282.065   10.05890  306.65240     91.982 -9.990e-29
   40.49452  -71.93504     60.333     59.859     6.1414    31.8526      7.928     0.0551 5.2260e-14  1025.3283     6.1365    25.0498     9.2524    282.065   10.05907  306.65701     91.980 -9.990e-29
   40.49452  -71.93504     60.344     59.870     6.1417    31.8524      7.928     0.0685 5.2260e-14  1025.3281     6.1368    25.0496     9.2521    282.055   10.05899  306.65486     91.978 -9.990e-29
   40.49452  -71.93504     60.344     59.870     6.1415    31.8523      7.928     0.0551 5.2260e-14  1025.3280     6.1366    25.0495     9.2517    282.044   10.05890  306.65213     91.975 -9.990e-29
   40.49452  -71.93504     60.333     59.859     6.1415    31.8524      7.928     0.0685 5.2260e-14  1025.3282     6.1366    25.0496     9.2512    282.030   10.05878  306.64869     91.972 -9.990e-29
   40.49452  -71.93504     60.344     59.870     6.1415    31.8524      7.928     0.0685 5.2260e-14  1025.3283     6.1366    25.0496     9.2442    281.817   10.05873  306.64721     91.903 -9.990e-29
   40.49452  -71.93504     60.344     59.870     6.1415    31.8521      7.928     0.0685 5.2260e-14  1025.3280     6.1366    25.0493     9.2495    281.976   10.05873  306.64708     91.955 -9.990e-29
   40.49452  -71.93504     60.344     59.870     6.1420    31.8518      7.928     0.0551 5.2260e-14  1025.3275     6.1371    25.0491     9.2490    281.962   10.05866  306.64529     91.951 -9.990e-29
   40.49452  -71.93504     60.354     59.880     6.1420    31.8516      7.928     0.0685 5.2260e-14  1025.3275     6.1371    25.0490     9.2486    281.950   10.05869  306.64620     91.946 -9.990e-29
   40.49452  -71.93504     60.365     59.891     6.1415    31.8516      7.928     0.0551 5.2260e-14  1025.3275     6.1366    25.0490     9.2428    281.772   10.05887  306.65140     91.887 -9.990e-29
   40.49452  -71.93504     60.354     59.880     6.1414    31.8518      7.928     0.0551 5.2314e-14  1025.3277     6.1365    25.0492     9.2492    281.968   10.05909  306.65777     91.949 -9.990e-29
   40.49452  -71.93504     60.375     59.901     6.1405    31.8521      7.928     0.0416 5.2314e-14  1025.3281     6.1357    25.0496     9.2435    281.793   10.05933  306.66452     91.890 -9.990e-29
   40.49452  -71.93504     60.365     59.891     6.1398    31.8527      7.928     0.0551 5.2260e-14  1025.3288     6.1349    25.0501     9.2490    281.962   10.05968  306.67449     91.942 -9.990e-29
   40.49452  -71.93504     60.384     59.910     6.1388    31.8531      7.928     0.0551 5.2260e-14  1025.3295     6.1339    25.0506     9.2489    281.958   10.05998  306.68319     91.938 -9.990e-29
   40.49452  -71.93504     60.384     59.910     6.1386    31.8533      7.928     0.0551 5.2206e-14  1025.3295     6.1337    25.0507     9.2486    281.949   10.06016  306.68850     91.933 -9.990e-29
   40.49452  -71.93504     60.395     59.921     6.1383    31.8533      7.928     0.0416 5.2206e-14  1025.3294     6.1334    25.0508     9.2492    281.967   10.06023  306.69059     91.939 -9.990e-29
   40.49452  -71.93504     60.405     59.931     6.1378    31.8536      7.928     0.0551 5.2206e-14  1025.3297     6.1329    25.0510     9.2422    281.751   10.06029  306.69222     91.868 -9.990e-29
   40.49452  -71.93504     60.426     59.951     6.1368    31.8543      7.928     0.0551 5.2260e-14  1025.3301     6.1319    25.0518     9.2473    281.909   10.06038  306.69473     91.918 -9.990e-29
   40.49452  -71.93504     60.426     59.951     6.1340    31.8557      7.928     0.0551 5.2260e-14  1025.3322     6.1291    25.0532     9.2412    281.722   10.06039  306.69515     91.857 -9.990e-29
   40.49452  -71.93504     60.435     59.961     6.1318    31.8573      7.928     0.0416 5.2260e-14  1025.3338     6.1269    25.0546     9.2397    281.675   10.06038  306.69475     91.842 -9.990e-29
   40.49452  -71.93504     60.446     59.972     6.1309    31.8582      7.928     0.0551 5.2260e-14  1025.3350     6.1260    25.0555     9.2456    281.858   10.06026  306.69145     91.903 -9.990e-29
   40.49452  -71.93504     60.467     59.992     6.1306    31.8584      7.928     0.0551 5.2260e-14  1025.3351     6.1257    25.0557     9.2461    281.873   10.06026  306.69143     91.908 -9.990e-29
   40.49452  -71.93504     60.477     60.002     6.1314    31.8581      7.928     0.0551 5.2260e-14  1025.3345     6.1265    25.0554     9.2402    281.690   10.06035  306.69401     91.847 -9.990e-29
   40.49452  -71.93504     60.487     60.012     6.1319    31.8579      7.928     0.0416 5.2260e-14  1025.3342     6.1270    25.0552     9.2463    281.877   10.06033  306.69329     91.908 -9.990e-29
   40.49452  -71.93504     60.498     60.023     6.1315    31.8580      7.928     0.0551 5.2206e-14  1025.3347     6.1266    25.0552     9.2470    281.900   10.06051  306.69839     91.914 -9.990e-29
   40.49452  -71.93504     60.528     60.053     6.1320    31.8580      7.928     0.0551 5.2152e-14  1025.3345     6.1271    25.0553     9.2478    281.922   10.06067  306.70294     91.920 -9.990e-29
   40.49452  -71.93504     60.528     60.053     6.1319    31.8580      7.928     0.0551 5.2152e-14  1025.3350     6.1270    25.0553     9.2419    281.742   10.06081  306.70686     91.860 -9.990e-29
   40.49452  -71.93504     60.549     60.073     6.1322    31.8578      7.928     0.0551 5.2152e-14  1025.3344     6.1273    25.0551     9.2417    281.735   10.06098  306.71190     91.856 -9.990e-29
   40.49452  -71.93504     60.569     60.094     6.1319    31.8580      7.928     0.0551 5.2152e-14  1025.3341     6.1270    25.0554     9.2480    281.929   10.06111  306.71574     91.919 -9.990e-29
   40.49452  -71.93504     60.579     60.103     6.1278    31.8598      7.928     0.0416 5.2152e-14  1025.3354     6.1229    25.0573     9.2411    281.718   10.06121  306.71866     91.849 -9.990e-29
   40.49452  -71.93504     60.599     60.123     6.1193    31.8636      7.928     0.0551 5.2099e-14  1025.3411     6.1144    25.0611     9.2463    281.877   10.06125  306.71964     91.901 -9.990e-29
   40.49452  -71.93504     60.621     60.145     6.1132    31.8677      7.928     0.0551 5.2099e-14  1025.3458     6.1083    25.0649     9.2470    281.896   10.06129  306.72084     91.906 -9.990e-29
   40.49452  -71.93504     60.630     60.154     6.1112    31.8703      7.928     0.0551 5.2045e-14  1025.3479     6.1063    25.0673     9.2477    281.918   10.06140  306.72402     91.913 -9.990e-29
   40.49452  -71.93504     60.640     60.164     6.1105    31.8714      7.928     0.0416 5.2099e-14  1025.3488     6.1056    25.0684     9.2484    281.939   10.06149  306.72649     91.919 -9.990e-29
   40.49452  -71.93504     60.661     60.184     6.1103    31.8718      7.928     0.0282 5.2152e-14  1025.3485     6.1054    25.0689     9.2491    281.961   10.06165  306.73091     91.925 -9.990e-29
