CalculateIndicators/WaterTemperature/Data/CTD_NYOS/20240708_C04.cnv
* Sea-Bird SBE 9 Data File:
* FileName = C:\Seabird 9 CTD\Data\2024\202407_offshore\20240708_C04.hex
* Software Version Seasave V 7.23.2
* Temperature SN = 4590
* Conductivity SN = 3228
* Number of Bytes Per Scan = 44
* Number of Voltage Words = 5
* Number of Scans Averaged by the Deck Unit = 1
* NMEA Latitude = 40 33.13 N
* NMEA Longitude = 073 24.24 W
* NMEA UTC (Time) = Jul 08 2024  19:01:33
* NMEA baud rate = 4800
** Ship: seawolf
** Station: 8.1
** Operator: tcm
# nquan = 18
# nvalues = 7907                        
# units = specified
# name 0 = latitude: Latitude [deg]
# name 1 = longitude: Longitude [deg]
# name 2 = prDM: Pressure, Digiquartz [db]
# name 3 = depSM: Depth [salt water, m]
# name 4 = t090C: Temperature [ITS-90, deg C]
# name 5 = sal00: Salinity, Practical [PSU]
# name 6 = ph: pH
# name 7 = flECO-AFL: Fluorescence, WET Labs ECO-AFL/FL [mg/m^3]
# name 8 = cpar: CPAR/Corrected Irradiance [%]
# name 9 = density00: Density [density, kg/m^3]
# name 10 = potemp090C: Potential Temperature [ITS-90, deg C]
# name 11 = sigma-é00: Density [sigma-theta, kg/m^3]
# name 12 = sbeox0Mg/L: Oxygen, SBE 43 [mg/l]
# name 13 = sbox0Mm/Kg: Oxygen, SBE 43 [umol/kg]
# name 14 = oxsolMg/L: Oxygen Saturation, Garcia & Gordon [mg/l]
# name 15 = oxsolMm/Kg: Oxygen Saturation, Garcia & Gordon [umol/kg]
# name 16 = sbeox0PS: Oxygen, SBE 43 [% saturation]
# name 17 = flag:  0.000e+00
# span 0 =   40.55218,   40.55288       
# span 1 =  -73.40408,  -73.40358       
# span 2 =      1.755,     18.437       
# span 3 =      1.742,     18.294       
# span 4 =    13.0867,    23.3921       
# span 5 =    29.6498,    30.9567       
# span 6 =      7.722,      8.021       
# span 7 =     0.8475,     2.9427       
# span 8 = 3.2270e-02, 1.3086e+02       
# span 9 =  1019.8332,  1023.2441       
# span 10 =    13.0843,    23.3916      
# span 11 =    19.9204,    23.1569      
# span 12 =     6.1922,     9.0637      
# span 13 =    189.159,    277.465      
# span 14 =    7.15852,    8.68246      
# span 15 =  219.28615,  265.20569      
# span 16 =     71.581,    122.928      
# span 17 = 0.0000e+00, 0.0000e+00      
# interval = seconds: 0.0416667
# start_time = Jul 08 2024 19:01:36 [System UTC, first data scan.]
# bad_flag = -9.990e-29
*END*
[from data line 1930]
   40.55234  -73.40400     17.989     17.850    13.2970    30.6845      7.812     0.9549 3.7398e-02  1023.0762    13.2946    22.9947     6.2591    191.191    8.66811  264.77718     72.208 -9.990e-29
   40.55234  -73.40400     17.989     17.850    13.2862    30.6923      7.812     0.9549 3.7398e-02  1023.0837    13.2838    23.0030     6.2544    191.048    8.66872  264.79603     72.149 -9.990e-29
   40.55234  -73.40400     17.999     17.859    13.2762    30.7005      7.812     0.9549 3.7169e-02  1023.0900    13.2738    23.0112     6.2546    191.053    8.66944  264.81760     72.145 -9.990e-29
   40.55234  -73.40400     18.000     17.861    13.2673    30.7113      7.812     0.9549 3.7138e-02  1023.1010    13.2649    23.0213     6.2600    191.219    8.67003  264.83482     72.203 -9.990e-29
   40.55234  -73.40400     18.000     17.861    13.2604    30.7244      7.812     0.9549 3.7138e-02  1023.1135    13.2580    23.0326     6.2553    191.075    8.67041  264.84533     72.146 -9.990e-29
   40.55234  -73.40400     18.000     17.861    13.2570    30.7365      7.812     0.9549 3.7138e-02  1023.1256    13.2546    23.0425     6.2499    190.909    8.67062  264.85138     72.082 -9.990e-29
   40.55234  -73.40400     18.000     17.861    13.2589    30.7365      7.812     0.9549 3.7252e-02  1023.1324    13.2565    23.0474     6.2547    191.054    8.67088  264.85914     72.134 -9.990e-29
   40.55234  -73.40400     18.010     17.870    13.2642    30.7365      7.812     0.9549 3.7252e-02  1023.1285    13.2619    23.0452     6.2548    191.058    8.67124  264.87005     72.133 -9.990e-29
   40.55234  -73.40400     18.000     17.861    13.2696    30.7335      7.812     0.9549 3.7138e-02  1023.1180    13.2672    23.0384     6.2498    190.904    8.67168  264.88332     72.071 -9.990e-29
   40.55234  -73.40400     18.010     17.870    13.2718    30.7335      7.812     0.9549 3.7138e-02  1023.1089    13.2694    23.0335     6.2494    190.891    8.67195  264.89086     72.064 -9.990e-29
   40.55234  -73.40400     18.010     17.870    13.2691    30.7335      7.812     0.9549 3.7024e-02  1023.1126    13.2667    23.0356     6.2490    190.880    8.67217  264.89714     72.058 -9.990e-29
   40.55234  -73.40400     18.010     17.870    13.2671    30.7390      7.812     0.9549 3.7024e-02  1023.1247    13.2647    23.0425     6.2433    190.708    8.67234  264.90278     71.992 -9.990e-29
   40.55234  -73.40400     18.010     17.870    13.2698    30.7390      7.812     0.9549 3.7024e-02  1023.1322    13.2674    23.0474     6.2481    190.853    8.67282  264.91826     72.042 -9.990e-29
   40.55234  -73.40400     18.010     17.870    13.2761    30.7390      7.812     0.9549 3.7024e-02  1023.1292    13.2737    23.0458     6.2436    190.717    8.67353  264.94036     71.985 -9.990e-29
   40.55234  -73.40400     18.010     17.870    13.2823    30.7377      7.812     0.9549 3.7024e-02  1023.1199    13.2799    23.0392     6.2488    190.874    8.67427  264.96282     72.038 -9.990e-29
   40.55234  -73.40400     18.010     17.870    13.2850    30.7288      7.812     0.9549 3.6911e-02  1023.1109    13.2827    23.0318     6.2493    190.890    8.67505  264.98626     72.038 -9.990e-29
   40.55234  -73.40400     18.021     17.881    13.2841    30.7221      7.812     0.9549 3.6880e-02  1023.1052    13.2817    23.0268     6.2498    190.903    8.67563  265.00278     72.038 -9.990e-29
   40.55234  -73.40400     18.010     17.870    13.2804    30.7212      7.812     0.9549 3.6880e-02  1023.1038    13.2780    23.0253     6.2502    190.915    8.67607  265.01506     72.039 -9.990e-29
   40.55234  -73.40400     18.021     17.881    13.2761    30.7212      7.812     0.9549 3.7108e-02  1023.1073    13.2737    23.0264     6.2451    190.758    8.67612  265.01573     71.980 -9.990e-29
   40.55234  -73.40400     18.010     17.870    13.2742    30.7212      7.812     0.9549 3.7336e-02  1023.1089    13.2718    23.0278     6.2448    190.751    8.67628  265.02014     71.976 -9.990e-29
   40.55234  -73.40400     18.021     17.881    13.2725    30.7212      7.812     0.9549 3.7222e-02  1023.1086    13.2701    23.0285     6.2442    190.732    8.67660  265.03070     71.966 -9.990e-29
   40.55234  -73.40400     18.021     17.881    13.2698    30.7212      7.812     0.9684 3.7108e-02  1023.1100    13.2674    23.0290     6.2443    190.736    8.67705  265.04454     71.964 -9.990e-29
   40.55234  -73.40400     18.021     17.881    13.2676    30.7200      7.807     0.9684 3.7108e-02  1023.1109    13.2652    23.0282     6.2393    190.582    8.67749  265.05771     71.902 -9.990e-29
   40.55234  -73.40400     18.021     17.881    13.2648    30.7153      7.812     0.9684 3.7108e-02  1023.1057    13.2624    23.0253     6.2437    190.717    8.67788  265.06941     71.950 -9.990e-29
   40.55234  -73.40400     18.020     17.880    13.2595    30.7121      7.812     0.9684 3.7108e-02  1023.1007    13.2571    23.0225     6.2382    190.548    8.67830  265.08190     71.883 -9.990e-29
   40.55234  -73.40400     18.021     17.881    13.2520    30.7121      7.807     0.9684 3.6880e-02  1023.1014    13.2496    23.0229     6.2375    190.526    8.67866  265.09271     71.871 -9.990e-29
   40.55234  -73.40400     18.021     17.881    13.2440    30.7121      7.807     0.9684 3.6880e-02  1023.1065    13.2416    23.0266     6.2421    190.668    8.67899  265.10221     71.923 -9.990e-29
   40.55234  -73.40400     18.021     17.881    13.2371    30.7167      7.812     0.9684 3.6994e-02  1023.1126    13.2347    23.0314     6.2368    190.506    8.67930  265.11142     71.859 -9.990e-29
   40.55234  -73.40400     18.031     17.891    13.2317    30.7208      7.812     0.9684 3.7108e-02  1023.1167    13.2293    23.0357     6.2362    190.487    8.67948  265.11642     71.850 -9.990e-29
   40.55234  -73.40400     18.031     17.891    13.2272    30.7242      7.812     0.9684 3.7108e-02  1023.1201    13.2248    23.0392     6.2357    190.470    8.67957  265.11848     71.843 -9.990e-29
   40.55234  -73.40400     18.031     17.891    13.2233    30.7267      7.807     0.9684 3.7108e-02  1023.1232    13.2209    23.0420     6.2352    190.457    8.67971  265.12272     71.837 -9.990e-29
   40.55234  -73.40400     18.040     17.900    13.2199    30.7280      7.807     0.9684 3.7108e-02  1023.1248    13.2175    23.0437     6.2297    190.287    8.68001  265.13190     71.771 -9.990e-29
   40.55234  -73.40400     18.040     17.900    13.2165    30.7284      7.807     0.9684 3.7108e-02  1023.1251    13.2141    23.0447     6.2289    190.264    8.68019  265.13767     71.760 -9.990e-29
   40.55234  -73.40400     18.040     17.900    13.2125    30.7288      7.807     0.9684 3.7108e-02  1023.1260    13.2101    23.0457     6.2283    190.245    8.68043  265.14498     71.751 -9.990e-29
   40.55234  -73.40400     18.040     17.900    13.2087    30.7298      7.812     0.9684 3.6994e-02  1023.1275    13.2063    23.0472     6.2332    190.393    8.68063  265.15074     71.805 -9.990e-29
   40.55234  -73.40400     18.050     17.910    13.2046    30.7315      7.807     0.9684 3.6994e-02  1023.1299    13.2022    23.0493     6.2280    190.235    8.68077  265.15506     71.745 -9.990e-29
   40.55234  -73.40400     18.061     17.921    13.2014    30.7334      7.807     0.9684 3.7108e-02  1023.1322    13.1990    23.0513     6.2223    190.062    8.68093  265.15967     71.678 -9.990e-29
   40.55234  -73.40400     18.051     17.911    13.1992    30.7350      7.807     0.9684 3.7252e-02  1023.1342    13.1968    23.0530     6.2268    190.198    8.68094  265.15965     71.730 -9.990e-29
   40.55234  -73.40400     18.061     17.921    13.1972    30.7358      7.812     0.9684 3.7252e-02  1023.1351    13.1948    23.0540     6.2266    190.191    8.68083  265.15590     71.728 -9.990e-29
   40.55234  -73.40400     18.070     17.930    13.1957    30.7359      7.807     0.9684 3.7283e-02  1023.1351    13.1933    23.0545     6.2264    190.186    8.68067  265.15073     71.728 -9.990e-29
   40.55234  -73.40400     18.070     17.930    13.1933    30.7360      7.807     0.9684 3.7200e-02  1023.1356    13.1909    23.0549     6.2211    190.024    8.68054  265.14710     71.667 -9.990e-29
   40.55234  -73.40400     18.070     17.930    13.1911    30.7364      7.807     0.9684 3.7240e-02  1023.1362    13.1887    23.0557     6.2208    190.016    8.68067  265.15168     71.663 -9.990e-29
   40.55234  -73.40400     18.081     17.941    13.1890    30.7366      7.807     0.9684 3.7553e-02  1023.1377    13.1866    23.0566     6.2200    189.991    8.68069  265.15235     71.653 -9.990e-29
   40.55234  -73.40400     18.091     17.951    13.1871    30.7366      7.812     0.9684 3.8181e-02  1023.1387    13.1847    23.0573     6.2193    189.969    8.68066  265.15145     71.645 -9.990e-29
   40.55234  -73.40400     18.091     17.951    13.1854    30.7366      7.807     0.9684 3.8910e-02  1023.1385    13.1830    23.0570     6.2192    189.966    8.68050  265.14683     71.646 -9.990e-29
   40.55234  -73.40400     18.101     17.960    13.1841    30.7345      7.807     0.9281 3.9807e-02  1023.1364    13.1817    23.0557     6.2187    189.951    8.68039  265.14323     71.641 -9.990e-29
   40.55234  -73.40400     18.102     17.962    13.1817    30.7334      7.807     0.8878 4.0645e-02  1023.1347    13.1793    23.0549     6.2189    189.956    8.68019  265.13671     71.644 -9.990e-29
   40.55234  -73.40400     18.112     17.971    13.1782    30.7334      7.807     0.8878 4.1660e-02  1023.1363    13.1758    23.0555     6.2132    189.783    8.67996  265.12944     71.581 -9.990e-29
   40.55234  -73.40400     18.121     17.981    13.1748    30.7334      7.807     0.8878 4.2824e-02  1023.1382    13.1724    23.0566     6.2183    189.939    8.67964  265.11985     71.643 -9.990e-29
   40.55234  -73.40400     18.132     17.992    13.1718    30.7338      7.807     0.8878 4.3924e-02  1023.1379    13.1694    23.0575     6.2136    189.794    8.67937  265.11143     71.590 -9.990e-29
   40.55234  -73.40400     18.132     17.992    13.1674    30.7350      7.807     0.9012 4.4762e-02  1023.1396    13.1650    23.0592     6.2131    189.780    8.67911  265.10344     71.587 -9.990e-29
   40.55234  -73.40400     18.142     18.001    13.1632    30.7375      7.807     0.8878 4.5638e-02  1023.1428    13.1608    23.0619     6.2180    189.930    8.67874  265.09232     71.647 -9.990e-29
   40.55234  -73.40400     18.153     18.012    13.1600    30.7403      7.807     0.8878 4.6164e-02  1023.1464    13.1576    23.0647     6.2137    189.798    8.67841  265.08230     71.600 -9.990e-29
   40.55234  -73.40400     18.153     18.012    13.1582    30.7421      7.807     0.8878 4.6606e-02  1023.1484    13.1558    23.0665     6.2190    189.958    8.67808  265.07196     71.663 -9.990e-29
   40.55234  -73.40400     18.172     18.031    13.1568    30.7427      7.807     0.8878 4.7054e-02  1023.1485    13.1544    23.0674     6.2189    189.956    8.67765  265.05829     71.666 -9.990e-29
   40.55234  -73.40400     18.161     18.020    13.1548    30.7431      7.807     0.8878 4.7212e-02  1023.1489    13.1524    23.0680     6.2142    189.811    8.67706  265.04020     71.616 -9.990e-29
   40.55234  -73.40400     18.183     18.042    13.1521    30.7442      7.807     0.8878 4.7074e-02  1023.1501    13.1497    23.0693     6.2142    189.812    8.67637  265.01950     71.622 -9.990e-29
   40.55234  -73.40400     18.183     18.042    13.1498    30.7448      7.807     0.8878 4.7031e-02  1023.1527    13.1474    23.0710     6.2137    189.798    8.67565  264.99755     71.623 -9.990e-29
   40.55234  -73.40400     18.193     18.052    13.1479    30.7448      7.807     0.8878 4.6980e-02  1023.1546    13.1455    23.0718     6.2133    189.785    8.67483  264.97217     71.624 -9.990e-29
   40.55234  -73.40400     18.193     18.052    13.1479    30.7448      7.807     0.8878 4.6879e-02  1023.1524    13.1455    23.0708     6.2183    189.937    8.67390  264.94363     71.689 -9.990e-29
   40.55234  -73.40400     18.214     18.072    13.1464    30.7419      7.807     0.8878 4.6728e-02  1023.1498    13.1440    23.0688     6.2126    189.764    8.67293  264.91455     71.632 -9.990e-29
   40.55234  -73.40400     18.214     18.072    13.1433    30.7404      7.807     0.8878 4.6335e-02  1023.1480    13.1409    23.0675     6.2124    189.760    8.67202  264.88763     71.638 -9.990e-29
   40.55234  -73.40400     18.223     18.082    13.1395    30.7404      7.807     0.8878 4.6089e-02  1023.1482    13.1371    23.0677     6.2119    189.744    8.67131  264.86659     71.638 -9.990e-29
   40.55234  -73.40400     18.233     18.091    13.1346    30.7404      7.807     0.8878 4.5846e-02  1023.1505    13.1322    23.0698     6.2120    189.746    8.67039  264.83811     71.646 -9.990e-29
   40.55234  -73.40400     18.234     18.093    13.1303    30.7438      7.807     0.9012 4.5417e-02  1023.1543    13.1279    23.0732     6.2174    189.910    8.66928  264.80390     71.717 -9.990e-29
   40.55234  -73.40400     18.253     18.112    13.1262    30.7481      7.807     0.9012 4.5132e-02  1023.1593    13.1238    23.0772     6.2128    189.770    8.66814  264.76998     71.674 -9.990e-29
   40.55234  -73.40400     18.244     18.102    13.1245    30.7513      7.807     0.8878 4.4713e-02  1023.1630    13.1221    23.0803     6.2131    189.780    8.66708  264.73805     71.686 -9.990e-29
   40.55234  -73.40400     18.264     18.123    13.1234    30.7513      7.807     0.8878 4.4437e-02  1023.1642    13.1210    23.0813     6.2129    189.774    8.66604  264.70698     71.692 -9.990e-29
   40.55234  -73.40400     18.264     18.123    13.1225    30.7513      7.807     0.8878 4.3892e-02  1023.1619    13.1201    23.0806     6.2127    189.768    8.66484  264.67070     71.700 -9.990e-29
   40.55234  -73.40400     18.264     18.123    13.1206    30.7507      7.807     0.8878 4.3534e-02  1023.1610    13.1181    23.0800     6.2124    189.760    8.66342  264.62703     71.709 -9.990e-29
   40.55234 -9.990e-29     18.284     18.142    13.1180    30.7507      7.807     0.8878 4.3357e-02  1023.1620    13.1155    23.0805     6.2121    189.750    8.66176  264.57670     71.718 -9.990e-29
   40.55234 -9.990e-29     18.284     18.142    13.1154    30.7507      7.807     0.8744 4.2872e-02  1023.1633    13.1130    23.0815     6.2111    189.720    8.65995  264.52253     71.722 -9.990e-29
   40.55234 -9.990e-29     18.284     18.142    13.1129    30.7516      7.807     0.8744 4.2654e-02  1023.1643    13.1105    23.0826     6.2109    189.714    8.65826  264.47151     71.733 -9.990e-29
   40.55234 -9.990e-29     18.304     18.162    13.1106    30.7526      7.807     0.8744 4.2394e-02  1023.1656    13.1082    23.0839     6.2156    189.859    8.65672  264.42588     71.800 -9.990e-29
   40.55234 -9.990e-29     18.304     18.162    13.1084    30.7538      7.807     0.8744 4.2091e-02  1023.1671    13.1060    23.0853     6.2158    189.867    8.65549  264.39004     71.813 -9.990e-29
   40.55234 -9.990e-29     18.315     18.173    13.1064    30.7552      7.807     0.8744 4.1873e-02  1023.1682    13.1040    23.0867     6.2171    189.908    8.65474  264.36821     71.835 -9.990e-29
   40.55234 -9.990e-29     18.315     18.173    13.1047    30.7571      7.807     0.8744 4.1958e-02  1023.1703    13.1023    23.0885     6.2179    189.934    8.65410  264.34928     71.850 -9.990e-29
   40.55234 -9.990e-29     18.325     18.183    13.1033    30.7587      7.807     0.8878 4.1913e-02  1023.1728    13.1009    23.0900     6.2188    189.959    8.65334  264.32687     71.865 -9.990e-29
   40.55234 -9.990e-29     18.325     18.183    13.1027    30.7587      7.807     0.8744 4.2256e-02  1023.1726    13.1003    23.0906     6.2195    189.981    8.65241  264.29885     71.881 -9.990e-29
   40.55234 -9.990e-29     18.325     18.183    13.1011    30.7587      7.807     0.8744 4.2471e-02  1023.1727    13.0987    23.0906     6.2203    190.006    8.65152  264.27266     71.898 -9.990e-29
