CalculateIndicators/WaterTemperature/Data/CTD_NYOS/20240709_C08.cnv
* Sea-Bird SBE 9 Data File:
* FileName = C:\Seabird 9 CTD\Data\2024\202407_offshore\20240709_C08.hex
* Software Version Seasave V 7.23.2
* Temperature SN = 4590
* Conductivity SN = 3228
* Number of Bytes Per Scan = 44
* Number of Voltage Words = 5
* Number of Scans Averaged by the Deck Unit = 1
* NMEA Latitude = 39 35.99 N
* NMEA Longitude = 072 44.64 W
* NMEA UTC (Time) = Jul 09 2024  05:10:04
* NMEA baud rate = 4800
** Ship: seawolf
** Station: 8.5
** Operator: TDK
# nquan = 18
# nvalues = 16432                       
# units = specified
# name 0 = latitude: Latitude [deg]
# name 1 = longitude: Longitude [deg]
# name 2 = prDM: Pressure, Digiquartz [db]
# name 3 = depSM: Depth [salt water, m]
# name 4 = t090C: Temperature [ITS-90, deg C]
# name 5 = sal00: Salinity, Practical [PSU]
# name 6 = ph: pH
# name 7 = flECO-AFL: Fluorescence, WET Labs ECO-AFL/FL [mg/m^3]
# name 8 = cpar: CPAR/Corrected Irradiance [%]
# name 9 = density00: Density [density, kg/m^3]
# name 10 = potemp090C: Potential Temperature [ITS-90, deg C]
# name 11 = sigma-é00: Density [sigma-theta, kg/m^3]
# name 12 = sbeox0Mg/L: Oxygen, SBE 43 [mg/l]
# name 13 = sbox0Mm/Kg: Oxygen, SBE 43 [umol/kg]
# name 14 = oxsolMg/L: Oxygen Saturation, Garcia & Gordon [mg/l]
# name 15 = oxsolMm/Kg: Oxygen Saturation, Garcia & Gordon [umol/kg]
# name 16 = sbeox0PS: Oxygen, SBE 43 [% saturation]
# name 17 = flag:  0.000e+00
# span 0 =   39.59978,   39.60004       
# span 1 =  -72.74402,  -72.74312       
# span 2 =      1.484,     66.171       
# span 3 =      1.472,     65.656       
# span 4 =     6.5101,    23.9642       
# span 5 =    29.8943,    33.6933       
# span 6 =      7.874,      8.244       
# span 7 =     0.0013,     1.3444       
# span 8 = 1.6880e-11, 9.9999e+04       
# span 9 =  1019.8515,  1026.1907       
# span 10 =     6.5064,    23.9639      
# span 11 =    19.8398,    25.8882      
# span 12 =     7.5908,    11.0285      
# span 13 =    232.597,    336.300      
# span 14 =    7.09437,    9.94781      
# span 15 =  217.38691,  303.24002      
# span 16 =     86.718,    124.349      
# span 17 = 0.0000e+00, 0.0000e+00      
# interval = seconds: 0.0416667
# start_time = Jul 09 2024 05:10:05 [System UTC, first data scan.]
# bad_flag = -9.990e-29
*END*
[from data line 7719]
   39.59986  -72.74348     35.402     35.129     7.2872    32.1072      8.032     0.2834 1.6880e-11  1025.2650     7.2840    25.1026     9.2741    282.717    9.76714  297.74648     94.952 -9.990e-29
   39.59986  -72.74348     35.423     35.150     7.2856    32.1074      8.032     0.2968 1.6880e-11  1025.2655     7.2824    25.1030     9.2677    282.521    9.76642  297.72522     94.893 -9.990e-29
   39.59986  -72.74348     35.423     35.150     7.2842    32.1077      8.032     0.2968 1.6880e-11  1025.2659     7.2810    25.1033     9.2721    282.657    9.76587  297.70909     94.944 -9.990e-29
   39.59986  -72.74348     35.450     35.177     7.2830    32.1077      8.032     0.2968 1.6880e-11  1025.2664     7.2798    25.1036     9.2659    282.470    9.76544  297.69677     94.885 -9.990e-29
   39.59986  -72.74348     35.463     35.189     7.2817    32.1077      8.032     0.2968 1.6880e-11  1025.2662     7.2785    25.1037     9.2716    282.641    9.76508  297.68601     94.946 -9.990e-29
   39.59986  -72.74348     35.463     35.189     7.2805    32.1078      8.032     0.2968 1.6880e-11  1025.2666     7.2773    25.1039     9.2656    282.459    9.76479  297.67747     94.888 -9.990e-29
   39.59986  -72.74348     35.483     35.210     7.2792    32.1080      8.032     0.2968 1.6880e-11  1025.2670     7.2760    25.1043     9.2642    282.416    9.76459  297.67221     94.875 -9.990e-29
   39.59986  -72.74348     35.504     35.230     7.2777    32.1084      8.032     0.2834 1.6880e-11  1025.2676     7.2745    25.1048     9.2639    282.408    9.76457  297.67203     94.872 -9.990e-29
   39.59986  -72.74348     35.504     35.230     7.2768    32.1090      8.032     0.2834 1.6880e-11  1025.2684     7.2736    25.1055     9.2690    282.565    9.76455  297.67150     94.925 -9.990e-29
   39.59986  -72.74348     35.514     35.240     7.2755    32.1098      8.032     0.2968 1.6880e-11  1025.2690     7.2723    25.1062     9.2632    282.389    9.76442  297.66761     94.867 -9.990e-29
   39.59986  -72.74348     35.525     35.251     7.2746    32.1107      8.032     0.2968 1.6880e-11  1025.2701     7.2714    25.1071     9.2628    282.376    9.76420  297.66072     94.865 -9.990e-29
   39.59986  -72.74348     35.544     35.270     7.2737    32.1110      8.032     0.2968 1.6880e-11  1025.2712     7.2705    25.1078     9.2624    282.364    9.76400  297.65435     94.863 -9.990e-29
   39.59986  -72.74348     35.541     35.267     7.2729    32.1110      8.032     0.2968 1.6880e-11  1025.2714     7.2697    25.1080     9.2610    282.319    9.76362  297.64264     94.852 -9.990e-29
   39.59986  -72.74348     35.555     35.281     7.2723    32.1110      8.032     0.2968 1.6880e-11  1025.2707     7.2691    25.1077     9.2605    282.306    9.76334  297.63448     94.850 -9.990e-29
   39.59986  -72.74348     35.555     35.281     7.2713    32.1103      8.032     0.2700 1.6880e-11  1025.2702     7.2681    25.1072     9.2656    282.462    9.76323  297.63141     94.903 -9.990e-29
   39.59986  -72.74348     35.576     35.301     7.2707    32.1102      8.033     0.2700 1.6880e-11  1025.2701     7.2674    25.1070     9.2590    282.262    9.76311  297.62804     94.837 -9.990e-29
   39.59986  -72.74348     35.565     35.290     7.2697    32.1102      8.033     0.2700 1.6880e-11  1025.2700     7.2665    25.1071     9.2589    282.256    9.76307  297.62671     94.836 -9.990e-29
   39.59986  -72.74348     35.585     35.311     7.2685    32.1102      8.033     0.2565 1.6880e-11  1025.2707     7.2653    25.1075     9.2650    282.443    9.76298  297.62395     94.899 -9.990e-29
   39.59986  -72.74348     35.576     35.301     7.2675    32.1106      8.033     0.2565 1.6880e-11  1025.2712     7.2643    25.1079     9.2660    282.472    9.76311  297.62782     94.908 -9.990e-29
   39.59986  -72.74348     35.595     35.321     7.2667    32.1111      8.033     0.2700 1.6880e-11  1025.2715     7.2635    25.1084     9.2595    282.275    9.76309  297.62703     94.842 -9.990e-29
   39.59986  -72.74348     35.592     35.318     7.2657    32.1117      8.033     0.2565 1.6880e-11  1025.2724     7.2625    25.1090     9.2648    282.436    9.76310  297.62722     94.896 -9.990e-29
   39.59986  -72.74348     35.595     35.321     7.2655    32.1124      8.033     0.2700 1.6880e-11  1025.2728     7.2622    25.1097     9.2584    282.240    9.76314  297.62895     94.830 -9.990e-29
   39.59986  -72.74348     35.595     35.321     7.2646    32.1133      8.033     0.2700 1.6880e-11  1025.2737     7.2614    25.1104     9.2573    282.209    9.76319  297.63041     94.819 -9.990e-29
   39.59986  -72.74348     35.606     35.332     7.2638    32.1143      8.033     0.2565 1.6880e-11  1025.2748     7.2606    25.1113     9.2573    282.209    9.76330  297.63414     94.817 -9.990e-29
   39.59986  -72.74348     35.606     35.332     7.2633    32.1152      8.033     0.2700 1.6880e-11  1025.2754     7.2601    25.1121     9.2628    282.376    9.76351  297.64078     94.871 -9.990e-29
   39.59986  -72.74348     35.595     35.321     7.2633    32.1163      8.033     0.2700 1.6880e-11  1025.2762     7.2601    25.1130     9.2637    282.403    9.76361  297.64412     94.879 -9.990e-29
   39.59986  -72.74348     35.595     35.321     7.2630    32.1176      8.033     0.2700 1.6880e-11  1025.2774     7.2598    25.1141     9.2584    282.242    9.76385  297.65111     94.823 -9.990e-29
   39.59986  -72.74348     35.606     35.332     7.2632    32.1187      8.033     0.2565 1.6880e-11  1025.2784     7.2600    25.1150     9.2585    282.245    9.76398  297.65503     94.823 -9.990e-29
   39.59986  -72.74348     35.602     35.327     7.2635    32.1196      8.033     0.2700 1.6880e-11  1025.2791     7.2603    25.1156     9.2585    282.246    9.76409  297.65750     94.822 -9.990e-29
   39.59986  -72.74348     35.595     35.321     7.2646    32.1201      8.033     0.2565 1.6880e-11  1025.2791     7.2614    25.1158     9.2584    282.240    9.76391  297.65086     94.822 -9.990e-29
   39.59986  -72.74348     35.595     35.321     7.2651    32.1204      8.033     0.2700 1.6880e-11  1025.2793     7.2619    25.1159     9.2642    282.415    9.76336  297.63333     94.887 -9.990e-29
   39.59986  -72.74348     35.585     35.311     7.2659    32.1206      8.033     0.2565 1.6880e-11  1025.2791     7.2627    25.1160     9.2644    282.421    9.76266  297.61174     94.896 -9.990e-29
   39.59986  -72.74348     35.595     35.321     7.2666    32.1211      8.033     0.2565 1.6880e-11  1025.2795     7.2634    25.1164     9.2573    282.208    9.76201  297.59233     94.830 -9.990e-29
   39.59986  -72.74348     35.585     35.311     7.2671    32.1220      8.033     0.2700 1.6880e-11  1025.2802     7.2639    25.1170     9.2623    282.359    9.76161  297.58070     94.885 -9.990e-29
   39.59986  -72.74348     35.576     35.301     7.2674    32.1229      8.033     0.2700 1.6880e-11  1025.2810     7.2642    25.1176     9.2629    282.377    9.76134  297.57336     94.893 -9.990e-29
   39.59986  -72.74348     35.585     35.311     7.2682    32.1229      8.033     0.2700 1.6880e-11  1025.2816     7.2650    25.1179     9.2639    282.409    9.76146  297.57763     94.902 -9.990e-29
   39.59986  -72.74348     35.562     35.288     7.2690    32.1229      8.033     0.2700 1.6880e-11  1025.2811     7.2658    25.1177     9.2647    282.434    9.76141  297.57585     94.912 -9.990e-29
   39.59986  -72.74348     35.565     35.290     7.2703    32.1227      8.033     0.2700 1.6880e-11  1025.2801     7.2671    25.1171     9.2644    282.425    9.76115  297.56762     94.911 -9.990e-29
   39.59986  -72.74348     35.555     35.281     7.2713    32.1226      8.032     0.2834 1.6880e-11  1025.2797     7.2681    25.1166     9.2586    282.248    9.76083  297.55770     94.855 -9.990e-29
   39.59986  -72.74348     35.544     35.270     7.2721    32.1226      8.032     0.3371 1.6880e-11  1025.2789     7.2689    25.1163     9.2585    282.246    9.76074  297.55624     94.855 -9.990e-29
   39.59986  -72.74348     35.544     35.270     7.2725    32.1226      8.032     0.3505 1.6880e-11  1025.2795     7.2692    25.1167     9.2586    282.251    9.76089  297.56234     94.854 -9.990e-29
   39.59986  -72.74348     35.534     35.260     7.2727    32.1238      8.032     0.3505 1.6880e-11  1025.2808     7.2695    25.1176     9.2655    282.459    9.76134  297.57686     94.920 -9.990e-29
   39.59986  -72.74348     35.525     35.251     7.2737    32.1247      8.032     0.3505 1.6880e-11  1025.2816     7.2705    25.1182     9.2670    282.507    9.76188  297.59307     94.931 -9.990e-29
   39.59986  -72.74348     35.525     35.251     7.2749    32.1252      8.032     0.3505 1.6880e-11  1025.2811     7.2717    25.1184     9.2613    282.332    9.76239  297.60819     94.867 -9.990e-29
   39.59986  -72.74348     35.511     35.237     7.2761    32.1263      8.032     0.3371 1.6880e-11  1025.2811     7.2729    25.1191     9.2617    282.345    9.76275  297.61848     94.868 -9.990e-29
   39.59986  -72.74348     35.504     35.230     7.2769    32.1292      8.032     0.3505 1.6880e-11  1025.2833     7.2737    25.1212     9.2683    282.544    9.76285  297.62078     94.934 -9.990e-29
   39.59986  -72.74348     35.483     35.210     7.2778    32.1331      8.032     0.3505 1.6880e-11  1025.2878     7.2746    25.1241     9.2630    282.382    9.76282  297.61924     94.880 -9.990e-29
   39.59986  -72.74348     35.483     35.210     7.2808    32.1332      8.032     0.3371 1.6880e-11  1025.2901     7.2776    25.1257     9.2631    282.386    9.76281  297.61879     94.882 -9.990e-29
   39.59986  -72.74348     35.474     35.200     7.2854    32.1332      8.032     0.3505 1.6880e-11  1025.2884     7.2822    25.1250     9.2685    282.550    9.76268  297.61413     94.939 -9.990e-29
   39.59986  -72.74348     35.474     35.200     7.2894    32.1332      8.032     0.3505 1.6880e-11  1025.2855     7.2862    25.1228     9.2693    282.572    9.76236  297.60381     94.949 -9.990e-29
   39.59986  -72.74348     35.453     35.180     7.2927    32.1306      8.032     0.3505 1.6880e-11  1025.2828     7.2895    25.1203     9.2626    282.370    9.76193  297.59019     94.885 -9.990e-29
   39.59986  -72.74348     35.453     35.180     7.2954    32.1284      8.032     0.3505 1.6880e-11  1025.2802     7.2922    25.1182     9.2624    282.361    9.76154  297.57778     94.887 -9.990e-29
   39.59986  -72.74348     35.432     35.159     7.2972    32.1269      8.032     0.3505 1.6880e-11  1025.2793     7.2940    25.1167     9.2674    282.513    9.76102  297.56170     94.943 -9.990e-29
   39.59986  -72.74348     35.420     35.147     7.2988    32.1254      8.032     0.3371 1.6880e-11  1025.2782     7.2956    25.1153     9.2614    282.332    9.76035  297.54090     94.888 -9.990e-29
   39.59986  -72.74348     35.412     35.139     7.3005    32.1233      8.032     0.3371 1.6880e-11  1025.2758     7.2973    25.1135     9.2599    282.286    9.75967  297.52050     94.880 -9.990e-29
   39.59986  -72.74348     35.402     35.129     7.3013    32.1215      8.032     0.3505 1.6880e-11  1025.2737     7.2981    25.1120     9.2648    282.435    9.75906  297.50207     94.935 -9.990e-29
   39.59986  -72.74348     35.402     35.129     7.3014    32.1215      8.032     0.3505 2.5320e-11  1025.2735     7.2982    25.1114     9.2578    282.221    9.75828  297.47816     94.871 -9.990e-29
   39.59986  -72.74348     35.372     35.099     7.3019    32.1215      8.032     0.3505 1.6880e-11  1025.2736     7.2987    25.1115     9.2633    282.390    9.75743  297.45240     94.936 -9.990e-29
   39.59986  -72.74348     35.372     35.099     7.3027    32.1216      8.032     0.3505 1.6880e-11  1025.2740     7.2995    25.1119     9.2562    282.172    9.75654  297.42569     94.872 -9.990e-29
   39.59986  -72.74348     35.361     35.088     7.3034    32.1223      8.032     0.3371 1.6880e-11  1025.2745     7.3002    25.1123     9.2608    282.312    9.75568  297.39936     94.927 -9.990e-29
   39.59986  -72.74348     35.351     35.078     7.3047    32.1223      8.032     0.3505 1.6880e-11  1025.2753     7.3015    25.1125     9.2601    282.292    9.75499  297.37870     94.927 -9.990e-29
   39.59986  -72.74348     35.330     35.058     7.3062    32.1223      8.032     0.3371 1.6880e-11  1025.2744     7.3030    25.1119     9.2595    282.274    9.75440  297.36085     94.926 -9.990e-29
   39.59986  -72.74348     35.321     35.048     7.3073    32.1213      8.032     0.3371 1.6880e-11  1025.2725     7.3041    25.1109     9.2588    282.253    9.75377  297.34171     94.925 -9.990e-29
   39.59986  -72.74348     35.310     35.037     7.3079    32.1210      8.032     0.2968 1.6880e-11  1025.2721     7.3047    25.1104     9.2592    282.266    9.75332  297.32845     94.934 -9.990e-29
   39.59986  -72.74348     35.297     35.025     7.3079    32.1210      8.032     0.2700 1.6880e-11  1025.2725     7.3047    25.1104     9.2525    282.061    9.75295  297.31722     94.869 -9.990e-29
   39.59986  -72.74348     35.300     35.028     7.3084    32.1210      8.032     0.2700 1.6880e-11  1025.2722     7.3052    25.1106     9.2574    282.212    9.75260  297.30693     94.923 -9.990e-29
   39.59986  -72.74348     35.270     34.998     7.3076    32.1214      8.032     0.2700 1.6880e-11  1025.2728     7.3044    25.1110     9.2517    282.037    9.75228  297.29734     94.867 -9.990e-29
   39.59986  -72.74348     35.259     34.987     7.3074    32.1214      8.032     0.2700 1.6880e-11  1025.2734     7.3043    25.1113     9.2514    282.028    9.75204  297.29044     94.866 -9.990e-29
   39.59986  -72.74348     35.249     34.977     7.3076    32.1214      8.032     0.2700 1.6880e-11  1025.2729     7.3044    25.1111     9.2501    281.990    9.75171  297.28050     94.857 -9.990e-29
   39.59986  -72.74348     35.239     34.968     7.3077    32.1208      8.032     0.2700 1.6880e-11  1025.2720     7.3045    25.1106     9.2561    282.171    9.75134  297.26903     94.921 -9.990e-29
   39.59986  -72.74348     35.228     34.957     7.3076    32.1200      8.032     0.2700 1.6880e-11  1025.2717     7.3044    25.1099     9.2558    282.161    9.75105  297.26003     94.921 -9.990e-29
   39.59986  -72.74348     35.219     34.947     7.3074    32.1190      8.032     0.2700 1.6880e-11  1025.2707     7.3043    25.1091     9.2490    281.956    9.75069  297.24899     94.855 -9.990e-29
   39.59986  -72.74348     35.209     34.938     7.3068    32.1179      8.032     0.2700 1.6880e-11  1025.2699     7.3036    25.1083     9.2540    282.106    9.75028  297.23640     94.910 -9.990e-29
   39.59986  -72.74348     35.198     34.927     7.3068    32.1179      8.032     0.2700 1.6880e-11  1025.2687     7.3036    25.1078     9.2543    282.116    9.74977  297.22097     94.918 -9.990e-29
   39.59986  -72.74348     35.177     34.906     7.3056    32.1179      8.032     0.2700 1.6880e-11  1025.2690     7.3025    25.1081     9.2548    282.132    9.74944  297.21124     94.926 -9.990e-29
   39.59986  -72.74348     35.188     34.917     7.3047    32.1188      8.032     0.2834 1.6880e-11  1025.2701     7.3015    25.1094     9.2543    282.116    9.74904  297.19893     94.925 -9.990e-29
   39.59986  -72.74348     35.155     34.884     7.3034    32.1217      8.032     0.2834 1.6880e-11  1025.2725     7.3002    25.1118     9.2539    282.104    9.74877  297.19089     94.924 -9.990e-29
   39.59986  -72.74348     35.147     34.876     7.3027    32.1255      8.032     0.2834 1.6880e-11  1025.2765     7.2995    25.1148     9.2535    282.093    9.74858  297.18565     94.922 -9.990e-29
   39.59986  -72.74348     35.147     34.876     7.3040    32.1289      8.032     0.2700 1.6880e-11  1025.2794     7.3009    25.1173     9.2531    282.081    9.74838  297.17981     94.919 -9.990e-29
