CalculateIndicators/WaterTemperature/Data/CTD_NYOS/20240710_C19.cnv
* Sea-Bird SBE 9 Data File:
* FileName = C:\Seabird 9 CTD\Data\2024\202407_offshore\20240710_C19.hex
* Software Version Seasave V 7.23.2
* Temperature SN = 4590
* Conductivity SN = 3228
* Number of Bytes Per Scan = 44
* Number of Voltage Words = 5
* Number of Scans Averaged by the Deck Unit = 1
* NMEA Latitude = 40 39.98 N
* NMEA Longitude = 072 58.85 W
* NMEA UTC (Time) = Jul 10 2024  08:37:53
* NMEA baud rate = 4800
** Ship: seawolf
** Station: 9.1
** Operator: TDK
# nquan = 18
# nvalues = 8257                        
# units = specified
# name 0 = latitude: Latitude [deg]
# name 1 = longitude: Longitude [deg]
# name 2 = prDM: Pressure, Digiquartz [db]
# name 3 = depSM: Depth [salt water, m]
# name 4 = t090C: Temperature [ITS-90, deg C]
# name 5 = sal00: Salinity, Practical [PSU]
# name 6 = ph: pH
# name 7 = flECO-AFL: Fluorescence, WET Labs ECO-AFL/FL [mg/m^3]
# name 8 = cpar: CPAR/Corrected Irradiance [%]
# name 9 = density00: Density [density, kg/m^3]
# name 10 = potemp090C: Potential Temperature [ITS-90, deg C]
# name 11 = sigma-é00: Density [sigma-theta, kg/m^3]
# name 12 = sbeox0Mg/L: Oxygen, SBE 43 [mg/l]
# name 13 = sbox0Mm/Kg: Oxygen, SBE 43 [umol/kg]
# name 14 = oxsolMg/L: Oxygen Saturation, Garcia & Gordon [mg/l]
# name 15 = oxsolMm/Kg: Oxygen Saturation, Garcia & Gordon [umol/kg]
# name 16 = sbeox0PS: Oxygen, SBE 43 [% saturation]
# name 17 = flag:  0.000e+00
# span 0 =   40.66632,   40.66694       
# span 1 =  -72.98084,  -72.98024       
# span 2 =      1.478,     12.368       
# span 3 =      1.466,     12.272       
# span 4 =    14.9252,    21.1782       
# span 5 =    29.6108,    30.3788       
# span 6 =      7.939,      8.085       
# span 7 =     1.0893,     2.3115       
# span 8 = 1.6880e-11, 3.8924e+01       
# span 9 =  1020.5657,  1022.4546       
# span 10 =    14.9234,    21.1778      
# span 11 =    20.5567,    22.3997      
# span 12 =     6.9994,     8.9163      
# span 13 =    213.947,    273.018      
# span 14 =    7.45533,    8.38553      
# span 15 =  228.27207,  256.31769      
# span 16 =     83.477,    119.261      
# span 17 = 0.0000e+00, 0.0000e+00      
# interval = seconds: 0.0416667
# start_time = Jul 10 2024 08:37:54 [System UTC, first data scan.]
# bad_flag = -9.990e-29
*END*
[from data line 6835]
   40.66684  -72.98036      1.842      1.828    21.0787    29.9804 -9.990e-29     1.1430 4.5515e+00  1020.6652    21.0783    20.6568     8.1899    250.756    7.46839  228.66460    109.661 -9.990e-29
   40.66684  -72.98036      1.882      1.867    21.0776    29.9801 -9.990e-29     1.1430 4.8774e+00  1020.6640    21.0773    20.6565     8.1898    250.754    7.46804  228.65396    109.665 -9.990e-29
   40.66684  -72.98036      1.912      1.897    21.0762    29.9801 -9.990e-29     1.1430 4.9483e+00  1020.6647    21.0758    20.6568     8.1895    250.744    7.46777  228.64622    109.664 -9.990e-29
   40.66684  -72.98036      1.932      1.918    21.0743    29.9801 -9.990e-29     1.1295 5.6627e+00  1020.6661    21.0739    20.6577     8.1900    250.760    7.46762  228.64181    109.674 -9.990e-29
   40.66684  -72.98036      1.983      1.968    21.0727    29.9813 -9.990e-29     1.1430 6.7269e+00  1020.6672    21.0723    20.6590     8.1903    250.769    7.46753  228.63969    109.679 -9.990e-29
   40.66684  -72.98036      2.015      1.999    21.0709    29.9832 -9.990e-29     1.1430 7.0053e+00  1020.6694    21.0706    20.6609     8.1906    250.780    7.46754  228.63981    109.683 -9.990e-29
   40.66684  -72.98036      2.044      2.028    21.0699    29.9855 -9.990e-29     1.1430 6.6814e+00  1020.6720    21.0695    20.6629     8.1909    250.789    7.46746  228.63744    109.688 -9.990e-29
   40.66684  -72.98036      2.095      2.078    21.0694    29.9879 -9.990e-29     1.1430 6.1549e+00  1020.6739    21.0690    20.6649     8.1912    250.796    7.46731  228.63287    109.694 -9.990e-29
   40.66684  -72.98036      2.125      2.108    21.0692    29.9902 -9.990e-29     1.1430 5.9871e+00  1020.6763    21.0688    20.6666     8.1915    250.807    7.46724  228.63087    109.699 -9.990e-29
   40.66684  -72.98036      2.185      2.168    21.0697    29.9916 -9.990e-29     1.1295 6.0915e+00  1020.6780    21.0693    20.6676     8.1919    250.820    7.46724  228.63104    109.705 -9.990e-29
   40.66684  -72.98036      2.196      2.179    21.0713    29.9920 -9.990e-29     1.1430 6.3048e+00  1020.6769    21.0709    20.6676     8.1925    250.837    7.46734  228.63426    109.711 -9.990e-29
   40.66684  -72.98036      2.237      2.220    21.0723    29.9920 -9.990e-29     1.1430 6.3699e+00  1020.6769    21.0719    20.6675     8.1931    250.856    7.46749  228.63902    109.717 -9.990e-29
   40.66684  -72.98036      2.196      2.179    21.0729    29.9920 -9.990e-29     1.1430 6.3699e+00  1020.6776    21.0725    20.6675     8.1893    250.739    7.46757  228.64120    109.665 -9.990e-29
   40.66684  -72.98036      2.206      2.189    21.0739    29.9919 -9.990e-29     1.1430 6.3918e+00  1020.6773    21.0735    20.6668     8.1894    250.741    7.46752  228.63945    109.666 -9.990e-29
   40.66684  -72.98036      2.266      2.249    21.0752    29.9897 -9.990e-29     1.1430 6.3918e+00  1020.6748    21.0747    20.6648     8.1935    250.866    7.46741  228.63606    109.723 -9.990e-29
   40.66684  -72.98036      2.327      2.309    21.0767    29.9866 -9.990e-29     1.1430 6.4357e+00  1020.6722    21.0763    20.6621     8.1894    250.742    7.46725  228.63101    109.671 -9.990e-29
   40.66684  -72.98036      2.338      2.320    21.0773    29.9831 -9.990e-29     1.1430 6.7956e+00  1020.6696    21.0769    20.6594     8.1895    250.746    7.46716  228.62844    109.674 -9.990e-29
   40.66684  -72.98036      2.268      2.250    21.0769    29.9793 -9.990e-29     1.1430 6.9583e+00  1020.6663    21.0765    20.6565     8.1897    250.753    7.46714  228.62801    109.677 -9.990e-29
   40.66684  -72.98036      2.246      2.228    21.0755    29.9758 -9.990e-29     1.1430 7.0053e+00  1020.6629    21.0751    20.6542     8.1856    250.625    7.46710  228.62663    109.622 -9.990e-29
   40.66684  -72.98036      2.317      2.299    21.0730    29.9758 -9.990e-29     1.1430 7.5409e+00  1020.6625    21.0726    20.6535     8.1856    250.625    7.46712  228.62743    109.622 -9.990e-29
   40.66684  -72.98036      2.378      2.359    21.0699    29.9758 -9.990e-29     1.1430 7.9255e+00  1020.6637    21.0694    20.6552     8.1899    250.758    7.46711  228.62703    109.680 -9.990e-29
   40.66684  -72.98036      2.389      2.370    21.0669    29.9800 -9.990e-29     1.1430 7.9517e+00  1020.6687    21.0664    20.6595     8.1902    250.768    7.46701  228.62413    109.686 -9.990e-29
   40.66684  -72.98036      2.347      2.329    21.0644    29.9870 -9.990e-29     1.1430 8.3814e+00  1020.6766    21.0640    20.6654     8.1906    250.779    7.46698  228.62327    109.691 -9.990e-29
   40.66684  -72.98036      2.398      2.380    21.0635    29.9927 -9.990e-29     1.1430 8.7736e+00  1020.6823    21.0631    20.6700     8.1904    250.772    7.46701  228.62428    109.687 -9.990e-29
   40.66684  -72.98034      2.428      2.410    21.0646    29.9934 -9.990e-29     1.1430 8.8309e+00  1020.6833    21.0641    20.6716     8.1905    250.776    7.46705  228.62577    109.689 -9.990e-29
   40.66684  -72.98034      2.419      2.400    21.0665    29.9934 -9.990e-29     1.1430 8.5756e+00  1020.6820    21.0660    20.6710     8.1907    250.781    7.46710  228.62721    109.690 -9.990e-29
   40.66684  -72.98034      2.408      2.389    21.0692    29.9934 -9.990e-29     1.1430 8.2722e+00  1020.6796    21.0687    20.6693     8.1909    250.788    7.46720  228.63012    109.691 -9.990e-29
   40.66684  -72.98034      2.408      2.389    21.0711    29.9917 -9.990e-29     1.1430 8.2180e+00  1020.6775    21.0706    20.6675     8.1910    250.792    7.46721  228.63035    109.693 -9.990e-29
   40.66684  -72.98034      2.439      2.421    21.0720    29.9905 -9.990e-29     1.1430 8.0573e+00  1020.6766    21.0715    20.6663     8.1912    250.797    7.46722  228.63057    109.695 -9.990e-29
   40.66684  -72.98034      2.419      2.400    21.0727    29.9896 -9.990e-29     1.1430 7.8213e+00  1020.6761    21.0722    20.6654     8.1910    250.790    7.46720  228.62996    109.693 -9.990e-29
   40.66684  -72.98034      2.408      2.389    21.0734    29.9883 -9.990e-29     1.1430 7.7440e+00  1020.6750    21.0729    20.6643     8.1907    250.782    7.46716  228.62862    109.690 -9.990e-29
   40.66684  -72.98034      2.398      2.380    21.0737    29.9865 -9.990e-29     1.1430 7.6419e+00  1020.6731    21.0733    20.6628     8.1905    250.775    7.46713  228.62776    109.687 -9.990e-29
   40.66684  -72.98034      2.419      2.400    21.0739    29.9846 -9.990e-29     1.1430 7.4162e+00  1020.6717    21.0735    20.6613     8.1903    250.771    7.46719  228.62962    109.684 -9.990e-29
   40.66684  -72.98034      2.419      2.400    21.0741    29.9827 -9.990e-29     1.1430 7.3178e+00  1020.6706    21.0737    20.6598     8.1901    250.765    7.46722  228.63046    109.681 -9.990e-29
   40.66684  -72.98034      2.419      2.400    21.0738    29.9804 -9.990e-29     1.1430 7.3178e+00  1020.6685    21.0733    20.6582     8.1899    250.757    7.46715  228.62855    109.679 -9.990e-29
   40.66684  -72.98034      2.389      2.370    21.0729    29.9804 -9.990e-29     1.1430 7.2447e+00  1020.6663    21.0724    20.6571     8.1896    250.748    7.46708  228.62591    109.676 -9.990e-29
   40.66684  -72.98034      2.368      2.350    21.0711    29.9804 -9.990e-29     1.1430 7.2204e+00  1020.6671    21.0707    20.6577     8.1893    250.739    7.46699  228.62321    109.673 -9.990e-29
   40.66684  -72.98034      2.368      2.350    21.0685    29.9808 -9.990e-29     1.1430 7.2447e+00  1020.6700    21.0680    20.6597     8.1887    250.722    7.46698  228.62351    109.666 -9.990e-29
   40.66684  -72.98034      2.358      2.340    21.0665    29.9831 -9.990e-29     1.1564 7.3915e+00  1020.6726    21.0661    20.6620     8.1887    250.720    7.46710  228.62750    109.663 -9.990e-29
   40.66684  -72.98034      2.327      2.309    21.0654    29.9849 -9.990e-29     1.1564 7.4908e+00  1020.6740    21.0650    20.6637     8.1931    250.856    7.46733  228.63490    109.719 -9.990e-29
   40.66684  -72.98034      2.297      2.279    21.0644    29.9864 -9.990e-29     1.1564 7.4410e+00  1020.6749    21.0640    20.6651     8.1890    250.732    7.46752  228.64071    109.662 -9.990e-29
   40.66684  -72.98034      2.287      2.269    21.0639    29.9880 -9.990e-29     1.1564 6.5688e+00  1020.6767    21.0634    20.6663     8.1890    250.730    7.46767  228.64521    109.659 -9.990e-29
   40.66684  -72.98034      2.276      2.258    21.0649    29.9891 -9.990e-29     1.1564 6.1126e+00  1020.6773    21.0645    20.6670     8.1885    250.717    7.46783  228.64985    109.651 -9.990e-29
   40.66684  -72.98034      2.257      2.239    21.0662    29.9896 -9.990e-29     1.1564 6.0496e+00  1020.6768    21.0658    20.6671     8.1888    250.724    7.46793  228.65246    109.653 -9.990e-29
   40.66684  -72.98034      2.226      2.209    21.0668    29.9904 -9.990e-29     1.1564 5.8434e+00  1020.6766    21.0664    20.6674     8.1934    250.864    7.46798  228.65360    109.714 -9.990e-29
   40.66684  -72.98034      2.206      2.189    21.0683    29.9917 -9.990e-29     1.1564 5.7025e+00  1020.6778    21.0679    20.6680     8.1895    250.746    7.46800  228.65415    109.662 -9.990e-29
   40.66684  -72.98034      2.185      2.168    21.0711    29.9930 -9.990e-29     1.1564 5.6627e+00  1020.6785    21.0707    20.6683     8.1942    250.888    7.46807  228.65608    109.723 -9.990e-29
   40.66684  -72.98034      2.155      2.138    21.0748    29.9930 -9.990e-29     1.1564 5.6627e+00  1020.6770    21.0744    20.6678     8.1899    250.757    7.46807  228.65602    109.666 -9.990e-29
   40.66684  -72.98034      2.115      2.099    21.0773    29.9930 -9.990e-29     1.1564 5.6429e+00  1020.6761    21.0769    20.6669     8.1944    250.895    7.46802  228.65449    109.727 -9.990e-29
   40.66684  -72.98034      2.095      2.078    21.0799    29.9928 -9.990e-29     1.1564 5.6429e+00  1020.6753    21.0795    20.6660     8.1949    250.909    7.46794  228.65197    109.734 -9.990e-29
   40.66684  -72.98034      2.064      2.048    21.0822    29.9919 -9.990e-29     1.1564 5.4480e+00  1020.6736    21.0819    20.6647     8.1953    250.920    7.46781  228.64749    109.741 -9.990e-29
   40.66684  -72.98034      2.034      2.018    21.0838    29.9905 -9.990e-29     1.1564 5.1657e+00  1020.6721    21.0834    20.6632     8.1954    250.923    7.46743  228.63509    109.748 -9.990e-29
   40.66684  -72.98034      2.023      2.007    21.0851    29.9893 -9.990e-29     1.1564 5.1107e+00  1020.6701    21.0847    20.6620     8.1955    250.926    7.46707  228.62351    109.755 -9.990e-29
   40.66684  -72.98034      1.993      1.978    21.0852    29.9887 -9.990e-29     1.1564 5.0742e+00  1020.6697    21.0848    20.6613     8.1956    250.931    7.46671  228.61305    109.762 -9.990e-29
   40.66684  -72.98034      1.963      1.948    21.0855    29.9887 -9.990e-29     1.1564 5.0199e+00  1020.6699    21.0852    20.6611     8.1958    250.937    7.46641  228.60402    109.769 -9.990e-29
   40.66684  -72.98034      1.942      1.927    21.0867    29.9886 -9.990e-29     1.1564 4.9840e+00  1020.6695    21.0863    20.6609     8.1962    250.948    7.46623  228.59973    109.776 -9.990e-29
   40.66684  -72.98034      1.932      1.918    21.0875    29.9880 -9.990e-29     1.1564 4.8598e+00  1020.6686    21.0871    20.6603     8.1968    250.970    7.46635  228.60455    109.783 -9.990e-29
   40.66684  -72.98034      1.902      1.888    21.0877    29.9871 -9.990e-29     1.1564 4.4358e+00  1020.6678    21.0873    20.6595     8.1974    250.990    7.46646  228.60836    109.790 -9.990e-29
   40.66684  -72.98034      1.873      1.859    21.0875    29.9865 -9.990e-29     1.1564 4.2743e+00  1020.6666    21.0871    20.6589     8.1981    251.011    7.46659  228.61247    109.797 -9.990e-29
   40.66684  -72.98034      1.861      1.847    21.0865    29.9865 -9.990e-29     1.1564 4.1953e+00  1020.6665    21.0861    20.6589     8.1944    250.898    7.46676  228.61787    109.745 -9.990e-29
   40.66684  -72.98034      1.851      1.837    21.0855    29.9865 -9.990e-29     1.1564 3.7437e+00  1020.6675    21.0852    20.6595     8.1992    251.045    7.46697  228.62432    109.807 -9.990e-29
   40.66684  -72.98034      1.821      1.807    21.0856    29.9875 -9.990e-29     1.1564 3.5456e+00  1020.6682    21.0852    20.6603     8.1997    251.058    7.46722  228.63218    109.809 -9.990e-29
   40.66684  -72.98034      1.812      1.798    21.0859    29.9884 -9.990e-29     1.1430 3.4767e+00  1020.6691    21.0855    20.6609     8.2001    251.071    7.46746  228.63931    109.811 -9.990e-29
   40.66684  -72.98034      1.801      1.787    21.0870    29.9884 -9.990e-29     1.1295 2.8151e+00  1020.6690    21.0867    20.6609     8.2008    251.091    7.46762  228.64373    109.818 -9.990e-29
   40.66684  -72.98034      1.770      1.757    21.0878    29.9884 -9.990e-29     1.1161 2.4969e+00  1020.6683    21.0875    20.6607     8.2010    251.096    7.46768  228.64457    109.819 -9.990e-29
   40.66684  -72.98034      1.761      1.747    21.0880    29.9883 -9.990e-29     1.1295 2.4534e+00  1020.6680    21.0877    20.6603     8.2010    251.098    7.46767  228.64382    109.821 -9.990e-29
   40.66684  -72.98034      1.742      1.728    21.0886    29.9879 -9.990e-29     1.1295 1.7144e+00  1020.6672    21.0883    20.6599     8.2012    251.103    7.46770  228.64502    109.822 -9.990e-29
   40.66684  -72.98034      1.750      1.736    21.0884    29.9877 -9.990e-29     1.1295 1.2849e+00  1020.6674    21.0880    20.6597     8.2009    251.093    7.46766  228.64397    109.818 -9.990e-29
   40.66684  -72.98034      1.710      1.697    21.0886    29.9876 -9.990e-29     1.1295 1.2181e+00  1020.6669    21.0883    20.6595     8.2002    251.073    7.46739  228.63467    109.814 -9.990e-29
   40.66684  -72.98034      1.720      1.706    21.0893    29.9874 -9.990e-29     1.1295 8.5101e-01  1020.6669    21.0889    20.6593     8.1996    251.053    7.46681  228.61651    109.814 -9.990e-29
   40.66684  -72.98034      1.700      1.687    21.0896    29.9870 -9.990e-29     1.1295 5.4104e-01  1020.6663    21.0893    20.6590     8.1947    250.903    7.46631  228.60149    109.756 -9.990e-29
   40.66684  -72.98034      1.700      1.687    21.0896    29.9866 -9.990e-29     1.1295 4.8756e-01  1020.6659    21.0893    20.6585     8.1985    251.020    7.46609  228.59541    109.810 -9.990e-29
   40.66684  -72.98034      1.700      1.687    21.0895    29.9861 -9.990e-29     1.1161 4.0002e-01  1020.6654    21.0892    20.6582     8.1983    251.015    7.46597  228.59171    109.809 -9.990e-29
   40.66684  -72.98034      1.700      1.687    21.0893    29.9861 -9.990e-29     1.1295 2.8335e-01  1020.6652    21.0889    20.6582     8.1979    251.001    7.46556  228.57904    109.809 -9.990e-29
   40.66684  -72.98034      1.689      1.676    21.0884    29.9861 -9.990e-29     1.1295 2.5540e-01  1020.6657    21.0881    20.6584     8.1974    250.988    7.46521  228.56847    109.808 -9.990e-29
   40.66684  -72.98034      1.691      1.678    21.0882    29.9864 -9.990e-29     1.1295 1.7869e-01  1020.6662    21.0879    20.6588     8.1970    250.976    7.46490  228.55936    109.808 -9.990e-29
   40.66684  -72.98034      1.689      1.676    21.0880    29.9868 -9.990e-29     1.1295 5.1968e-02  1020.6664    21.0877    20.6592     8.1966    250.963    7.46457  228.54935    109.807 -9.990e-29
   40.66684  -72.98034      1.700      1.687    21.0879    29.9873 -9.990e-29     1.1295 1.5988e-02  1020.6670    21.0876    20.6596     8.1962    250.952    7.46432  228.54209    109.805 -9.990e-29
   40.66684  -72.98034      1.689      1.676    21.0880    29.9873 -9.990e-29     1.1295 5.1968e-02  1020.6674    21.0877    20.6599     8.2004    251.079    7.46418  228.53808    109.863 -9.990e-29
