CalculateIndicators/WaterTemperature/Data/CTD_NYOS/20240428_C21.cnv
* Sea-Bird SBE 9 Data File:
* FileName = C:\Seabird 9 CTD\Data\2024\202404_offshore\20240428_C21.hex
* Software Version Seasave V 7.23.2
* Temperature SN = 4590
* Conductivity SN = 3228
* Number of Bytes Per Scan = 44
* Number of Voltage Words = 5
* Number of Scans Averaged by the Deck Unit = 1
* NMEA Latitude = 40 33.26 N
* NMEA Longitude = 072 27.12 W
* NMEA UTC (Time) = Apr 28 2024  08:17:26
* NMEA baud rate = 4800
** Ship: Seawolf
** Station: 10.2
** Operator: TDK
# nquan = 18
# nvalues = 13598                       
# units = specified
# name 0 = latitude: Latitude [deg]
# name 1 = longitude: Longitude [deg]
# name 2 = prDM: Pressure, Digiquartz [db]
# name 3 = depSM: Depth [salt water, m]
# name 4 = t090C: Temperature [ITS-90, deg C]
# name 5 = sal00: Salinity, Practical [PSU]
# name 6 = ph: pH
# name 7 = flECO-AFL: Fluorescence, WET Labs ECO-AFL/FL [mg/m^3]
# name 8 = cpar: CPAR/Corrected Irradiance [%]
# name 9 = density00: Density [density, kg/m^3]
# name 10 = potemp090C: Potential Temperature [ITS-90, deg C]
# name 11 = sigma-é00: Density [sigma-theta, kg/m^3]
# name 12 = sbeox0Mg/L: Oxygen, SBE 43 [mg/l]
# name 13 = sbox0Mm/Kg: Oxygen, SBE 43 [umol/kg]
# name 14 = oxsolMg/L: Oxygen Saturation, Garcia & Gordon [mg/l]
# name 15 = oxsolMm/Kg: Oxygen Saturation, Garcia & Gordon [umol/kg]
# name 16 = sbeox0PS: Oxygen, SBE 43 [% saturation]
# name 17 = flag:  0.000e+00
# span 0 =   40.55426,   40.55448       
# span 1 =  -72.45314,  -72.45214       
# span 2 =      1.598,     39.936       
# span 3 =      1.586,     39.624       
# span 4 =     5.9059,     8.9619       
# span 5 =    29.2287,    31.7943       
# span 6 =      7.886,      8.078       
# span 7 =     0.0819,     3.8158       
# span 8 = 9.9999e+04, 9.9999e+04       
# span 9 =  1022.6183,  1025.1878       
# span 10 =     5.9039,     8.9617      
# span 11 =    22.6090,    25.0047      
# span 12 =     8.6874,    10.5499      
# span 13 =    264.865,    321.785      
# span 14 =    9.56068,   10.12397      
# span 15 =  291.76371,  308.70924      
# span 16 =     86.393,    108.361      
# span 17 = 0.0000e+00, 0.0000e+00      
# interval = seconds: 0.0416667
# start_time = Apr 28 2024 08:17:26 [System UTC, first data scan.]
# bad_flag = -9.990e-29
*END*
[from data line 3136]
   40.55440  -72.45240     38.565     38.264     6.1362    31.7927      7.895     0.1491 9.9999e+04  1025.1810     6.1331    25.0029     8.7367    266.367   10.05560  306.57643     86.884 -9.990e-29
   40.55440  -72.45240     38.565     38.264     6.1366    31.7923      7.895     0.1491 9.9999e+04  1025.1807     6.1334    25.0026     8.7430    266.558   10.05558  306.57581     86.947 -9.990e-29
   40.55440  -72.45240     38.571     38.270     6.1368    31.7919      7.895     0.1491 9.9999e+04  1025.1805     6.1337    25.0022     8.7382    266.411   10.05553  306.57420     86.899 -9.990e-29
   40.55440  -72.45240     38.585     38.283     6.1368    31.7910      7.895     0.1491 9.9999e+04  1025.1799     6.1337    25.0015     8.7379    266.402   10.05547  306.57225     86.897 -9.990e-29
   40.55440  -72.45240     38.605     38.304     6.1370    31.7900      7.895     0.1491 9.9999e+04  1025.1789     6.1339    25.0007     8.7376    266.393   10.05543  306.57117     86.894 -9.990e-29
   40.55440  -72.45240     38.622     38.320     6.1368    31.7894      7.895     0.1491 9.9999e+04  1025.1783     6.1337    25.0003     8.7364    266.357   10.05551  306.57365     86.882 -9.990e-29
   40.55440  -72.45240     38.626     38.324     6.1357    31.7894      7.895     0.1491 9.9999e+04  1025.1785     6.1326    25.0003     8.7427    266.547   10.05547  306.57238     86.944 -9.990e-29
   40.55440  -72.45240     38.647     38.345     6.1352    31.7900      7.895     0.1491 9.9999e+04  1025.1791     6.1321    25.0009     8.7358    266.337   10.05551  306.57382     86.875 -9.990e-29
   40.55440  -72.45240     38.677     38.375     6.1346    31.7909      7.895     0.1491 9.9999e+04  1025.1807     6.1315    25.0017     8.7353    266.324   10.05544  306.57145     86.872 0.0000e+00
   40.55440  -72.45240     38.693     38.391     6.1346    31.7915      7.895     0.1491 9.9999e+04  1025.1810     6.1315    25.0021     8.7350    266.313   10.05546  306.57211     86.868 0.0000e+00
   40.55440  -72.45240     38.718     38.416     6.1344    31.7913      7.895     0.1491 9.9999e+04  1025.1813     6.1313    25.0020     8.7346    266.301   10.05541  306.57082     86.864 0.0000e+00
   40.55440  -72.45240     38.728     38.426     6.1344    31.7905      7.895     0.1491 9.9999e+04  1025.1803     6.1313    25.0015     8.7407    266.489   10.05540  306.57035     86.926 0.0000e+00
   40.55440  -72.45240     38.754     38.452     6.1341    31.7896      7.895     0.1491 9.9999e+04  1025.1797     6.1310    25.0008     8.7413    266.507   10.05540  306.57031     86.932 0.0000e+00
   40.55440  -72.45240     38.789     38.486     6.1335    31.7891      7.895     0.1491 9.9999e+04  1025.1792     6.1303    25.0004     8.7418    266.522   10.05534  306.56847     86.937 -9.990e-29
   40.55440  -72.45240     38.789     38.486     6.1328    31.7892      7.895     0.1357 9.9999e+04  1025.1794     6.1297    25.0006     8.7357    266.336   10.05533  306.56820     86.877 -9.990e-29
   40.55440  -72.45240     38.826     38.523     6.1317    31.7897      7.895     0.1357 9.9999e+04  1025.1804     6.1286    25.0011     8.7353    266.322   10.05534  306.56863     86.872 0.0000e+00
   40.55440  -72.45240     38.860     38.557     6.1312    31.7901      7.895     0.1491 9.9999e+04  1025.1811     6.1281    25.0015     8.7347    266.304   10.05526  306.56604     86.867 0.0000e+00
   40.55440  -72.45240     38.881     38.578     6.1307    31.7902      7.895     0.1357 9.9999e+04  1025.1815     6.1276    25.0017     8.7342    266.291   10.05533  306.56820     86.862 0.0000e+00
   40.55440  -72.45240     38.917     38.613     6.1306    31.7901      7.895     0.1491 9.9999e+04  1025.1811     6.1274    25.0016     8.7403    266.477   10.05536  306.56908     86.922 0.0000e+00
   40.55440  -72.45240     38.942     38.638     6.1299    31.7902      7.895     0.1491 9.9999e+04  1025.1815     6.1268    25.0018     8.7353    266.323   10.05538  306.56970     86.872 0.0000e+00
   40.55440  -72.45240     38.962     38.658     6.1294    31.7906      7.895     0.1491 9.9999e+04  1025.1822     6.1263    25.0022     8.7348    266.307   10.05536  306.56935     86.867 0.0000e+00
   40.55440  -72.45240     38.993     38.688     6.1290    31.7910      7.895     0.1357 9.9999e+04  1025.1825     6.1259    25.0025     8.7409    266.493   10.05543  306.57106     86.927 0.0000e+00
   40.55440  -72.45240     39.019     38.714     6.1287    31.7914      7.895     0.1357 9.9999e+04  1025.1831     6.1255    25.0029     8.7347    266.306   10.05539  306.57004     86.866 0.0000e+00
   40.55440  -72.45240     39.053     38.749     6.1283    31.7918      7.895     0.1357 9.9999e+04  1025.1837     6.1252    25.0032     8.7342    266.289   10.05539  306.57002     86.861 0.0000e+00
   40.55440  -72.45240     39.074     38.769     6.1283    31.7919      7.895     0.1357 9.9999e+04  1025.1838     6.1252    25.0033     8.7336    266.272   10.05534  306.56861     86.856 0.0000e+00
   40.55440  -72.45240     39.121     38.816     6.1285    31.7919      7.895     0.1222 9.9999e+04  1025.1839     6.1253    25.0033     8.7330    266.254   10.05535  306.56888     86.850 0.0000e+00
   40.55440  -72.45240     39.136     38.831     6.1280    31.7919      7.895     0.1357 9.9999e+04  1025.1840     6.1248    25.0033     8.7390    266.437   10.05532  306.56785     86.910 0.0000e+00
   40.55440  -72.45240     39.172     38.866     6.1280    31.7916      7.895     0.1357 9.9999e+04  1025.1844     6.1248    25.0032     8.7329    266.250   10.05530  306.56746     86.849 0.0000e+00
   40.55440  -72.45240     39.186     38.880     6.1278    31.7914      7.895     0.1357 9.9999e+04  1025.1834     6.1247    25.0029     8.7324    266.234   10.05534  306.56862     86.843 0.0000e+00
   40.55440  -72.45240     39.227     38.921     6.1280    31.7916      7.895     0.1357 9.9999e+04  1025.1841     6.1248    25.0031     8.7317    266.215   10.05531  306.56772     86.837 0.0000e+00
   40.55440  -72.45240     39.253     38.947     6.1283    31.7922      7.895     0.1357 9.9999e+04  1025.1851     6.1252    25.0035     8.7311    266.194   10.05527  306.56648     86.831 0.0000e+00
   40.55440  -72.45240     39.288     38.981     6.1287    31.7923      7.895     0.1357 9.9999e+04  1025.1853     6.1255    25.0035     8.7304    266.174   10.05523  306.56530     86.825 0.0000e+00
   40.55440  -72.45240     39.309     39.002     6.1290    31.7918      7.895     0.1357 9.9999e+04  1025.1846     6.1259    25.0031     8.7232    265.955   10.05523  306.56519     86.753 0.0000e+00
   40.55440  -72.45240     39.325     39.018     6.1288    31.7912      7.895     0.1357 9.9999e+04  1025.1839     6.1256    25.0027     8.7293    266.141   10.05527  306.56640     86.813 0.0000e+00
   40.55440  -72.45240     39.369     39.062     6.1288    31.7912      7.895     0.1357 9.9999e+04  1025.1844     6.1256    25.0027     8.7353    266.323   10.05516  306.56333     86.874 0.0000e+00
   40.55440  -72.45240     39.390     39.082     6.1287    31.7916      7.895     0.1222 9.9999e+04  1025.1849     6.1255    25.0030     8.7291    266.135   10.05512  306.56180     86.813 0.0000e+00
   40.55440  -72.45240     39.416     39.108     6.1280    31.7920      7.895     0.1357 9.9999e+04  1025.1856     6.1248    25.0034     8.7352    266.320   10.05513  306.56215     86.873 0.0000e+00
   40.55440  -72.45240     39.431     39.123     6.1285    31.7924      7.895     0.1357 9.9999e+04  1025.1857     6.1253    25.0037     8.7300    266.163   10.05512  306.56178     86.822 0.0000e+00
   40.55440  -72.45240     39.467     39.159     6.1283    31.7926      7.895     0.1357 9.9999e+04  1025.1864     6.1251    25.0038     8.7305    266.176   10.05510  306.56117     86.826 0.0000e+00
   40.55440  -72.45240     39.482     39.174     6.1287    31.7925      7.895     0.1357 9.9999e+04  1025.1861     6.1255    25.0037     8.7300    266.161   10.05512  306.56187     86.821 0.0000e+00
   40.55440  -72.45240     39.503     39.195     6.1287    31.7922      7.895     0.1357 9.9999e+04  1025.1859     6.1255    25.0035     8.7229    265.945   10.05512  306.56187     86.751 0.0000e+00
   40.55440  -72.45240     39.528     39.219     6.1287    31.7918      7.895     0.1357 9.9999e+04  1025.1858     6.1255    25.0032     8.7214    265.899   10.05506  306.55994     86.736 0.0000e+00
   40.55440  -72.45240     39.554     39.245     6.1288    31.7916      7.895     0.1357 9.9999e+04  1025.1855     6.1256    25.0031     8.7200    265.856   10.05503  306.55931     86.722 0.0000e+00
   40.55440  -72.45240     39.569     39.260     6.1285    31.7916      7.895     0.1357 9.9999e+04  1025.1858     6.1253    25.0031     8.7187    265.817   10.05514  306.56249     86.709 0.0000e+00
   40.55440  -72.45240     39.594     39.285     6.1283    31.7918      7.895     0.1357 9.9999e+04  1025.1861     6.1251    25.0032     8.7239    265.975   10.05509  306.56097     86.761 -9.990e-29
   40.55440  -72.45240     39.594     39.285     6.1283    31.7918      7.895     0.1357 9.9999e+04  1025.1860     6.1251    25.0032     8.7180    265.797   10.05514  306.56247     86.702 -9.990e-29
   40.55440  -72.45240     39.620     39.311     6.1280    31.7918      7.895     0.1222 9.9999e+04  1025.1862     6.1248    25.0032     8.7244    265.990   10.05514  306.56250     86.765 0.0000e+00
   40.55440  -72.45240     39.624     39.315     6.1280    31.7918      7.895     0.1222 9.9999e+04  1025.1863     6.1248    25.0033     8.7242    265.985   10.05521  306.56478     86.763 0.0000e+00
   40.55440  -72.45240     39.660     39.351     6.1277    31.7919      7.895     0.1222 9.9999e+04  1025.1865     6.1245    25.0034     8.7251    266.013   10.05530  306.56735     86.772 -9.990e-29
   40.55440  -72.45240     39.655     39.345     6.1277    31.7921      7.895     0.1088 9.9999e+04  1025.1867     6.1245    25.0035     8.7183    265.806   10.05521  306.56474     86.705 -9.990e-29
   40.55440  -72.45240     39.686     39.377     6.1278    31.7924      7.895     0.1222 9.9999e+04  1025.1870     6.1246    25.0037     8.7182    265.803   10.05520  306.56428     86.704 0.0000e+00
   40.55440  -72.45240     39.691     39.381     6.1280    31.7925      7.895     0.1222 9.9999e+04  1025.1873     6.1248    25.0038     8.7172    265.770   10.05516  306.56310     86.693 0.0000e+00
   40.55440  -72.45240     39.696     39.386     6.1283    31.7924      7.895     0.1222 9.9999e+04  1025.1868     6.1251    25.0036     8.7227    265.939   10.05512  306.56183     86.749 0.0000e+00
   40.55440  -72.45240     39.711     39.401     6.1280    31.7922      7.895     0.1222 9.9999e+04  1025.1869     6.1248    25.0035     8.7227    265.938   10.05512  306.56180     86.748 0.0000e+00
   40.55440  -72.45240     39.717     39.407     6.1282    31.7921      7.895     0.1088 9.9999e+04  1025.1869     6.1250    25.0035     8.7227    265.940   10.05520  306.56412     86.749 0.0000e+00
   40.55440  -72.45240     39.726     39.416     6.1280    31.7921      7.895     0.1222 9.9999e+04  1025.1869     6.1248    25.0035     8.7237    265.970   10.05516  306.56318     86.759 0.0000e+00
   40.55440  -72.45240     39.732     39.422     6.1283    31.7921      7.895     0.1088 9.9999e+04  1025.1870     6.1251    25.0035     8.7238    265.972   10.05519  306.56407     86.759 0.0000e+00
   40.55440  -72.45240     39.747     39.437     6.1282    31.7921      7.895     0.1222 9.9999e+04  1025.1871     6.1250    25.0035     8.7238    265.973   10.05516  306.56319     86.760 0.0000e+00
   40.55440  -72.45240     39.753     39.442     6.1285    31.7921      7.895     0.1222 9.9999e+04  1025.1868     6.1253    25.0035     8.7239    265.976   10.05518  306.56385     86.760 -9.990e-29
   40.55440  -72.45240     39.747     39.437     6.1285    31.7922      7.895     0.1088 9.9999e+04  1025.1870     6.1253    25.0035     8.7240    265.977   10.05519  306.56416     86.761 -9.990e-29
   40.55440  -72.45240     39.753     39.442     6.1283    31.7923      7.895     0.1222 9.9999e+04  1025.1874     6.1251    25.0036     8.7250    266.010   10.05520  306.56431     86.771 0.0000e+00
   40.55440  -72.45240     39.757     39.446     6.1287    31.7923      7.895     0.1088 9.9999e+04  1025.1872     6.1255    25.0036     8.7196    265.845   10.05523  306.56531     86.717 -9.990e-29
   40.55440  -72.45240     39.757     39.446     6.1288    31.7921      7.895     0.1222 9.9999e+04  1025.1869     6.1256    25.0034     8.7263    266.048   10.05511  306.56149     86.784 -9.990e-29
   40.55440  -72.45240     39.762     39.452     6.1287    31.7921      7.895     0.1222 9.9999e+04  1025.1871     6.1255    25.0034     8.7199    265.853   10.05507  306.56011     86.721 -9.990e-29
   40.55440  -72.45240     39.747     39.437     6.1291    31.7920 -9.990e-29     0.1088 9.9999e+04  1025.1867     6.1259    25.0033     8.7190    265.826   10.05492  306.55579     86.714 -9.990e-29
   40.55440  -72.45240     39.753     39.442     6.1288    31.7920 -9.990e-29     0.1222 9.9999e+04  1025.1869     6.1256    25.0033     8.7183    265.806   10.05496  306.55698     86.707 -9.990e-29
   40.55440  -72.45240     39.757     39.446     6.1287    31.7919 -9.990e-29     0.1088 9.9999e+04  1025.1870     6.1255    25.0033     8.7242    265.985   10.05493  306.55606     86.765 -9.990e-29
   40.55440  -72.45240     39.757     39.446     6.1287    31.7918 -9.990e-29     0.1222 9.9999e+04  1025.1867     6.1255    25.0032     8.7190    265.828   10.05498  306.55779     86.714 -9.990e-29
   40.55440  -72.45240     39.742     39.431     6.1288    31.7918 -9.990e-29     0.1222 9.9999e+04  1025.1865     6.1255    25.0032     8.7185    265.813   10.05507  306.56107     86.708 -9.990e-29
   40.55440  -72.45240     39.738     39.427     6.1283    31.7920 -9.990e-29     0.1222 9.9999e+04  1025.1871     6.1251    25.0034     8.7181    265.800   10.05518  306.56438     86.703 -9.990e-29
   40.55440  -72.45240     39.742     39.431     6.1285    31.7922 -9.990e-29     0.1222 9.9999e+04  1025.1871     6.1253    25.0035     8.7251    266.013   10.05508  306.56094     86.773 -9.990e-29
   40.55440  -72.45240     39.726     39.416     6.1285    31.7922 -9.990e-29     0.1222 9.9999e+04  1025.1870     6.1253    25.0035     8.7191    265.829   10.05505  306.56002     86.714 -9.990e-29
   40.55440  -72.45240     39.742     39.431     6.1287    31.7922 -9.990e-29     0.1088 9.9999e+04  1025.1871     6.1255    25.0035     8.7253    266.019   10.05515  306.56294     86.775 -9.990e-29
   40.55440  -72.45240     39.706     39.396     6.1287    31.7921 -9.990e-29     0.1222 9.9999e+04  1025.1868     6.1255    25.0034     8.7259    266.038   10.05517  306.56376     86.781 -9.990e-29
   40.55440  -72.45240     39.717     39.407     6.1288    31.7921 -9.990e-29     0.1222 9.9999e+04  1025.1868     6.1256    25.0033     8.7265    266.055   10.05514  306.56264     86.786 -9.990e-29
   40.55440  -72.45240     39.742     39.431     6.1289    31.7921 -9.990e-29     0.1222 9.9999e+04  1025.1867     6.1257    25.0033     8.7281    266.105   10.05514  306.56261     86.803 -9.990e-29
   40.55440  -72.45240     39.757     39.446     6.1287    31.7922 -9.990e-29     0.1088 9.9999e+04  1025.1871     6.1255    25.0034     8.7222    265.923   10.05514  306.56260     86.744 -9.990e-29
   40.55440  -72.45240     39.732     39.422     6.1288    31.7922 -9.990e-29     0.1222 9.9999e+04  1025.1869     6.1256    25.0035     8.7219    265.915   10.05521  306.56465     86.740 -9.990e-29
   40.55440  -72.45240     39.686     39.377     6.1289    31.7921 -9.990e-29     0.1088 9.9999e+04  1025.1868     6.1257    25.0034     8.7217    265.907   10.05523  306.56522     86.737 -9.990e-29
   40.55440  -72.45240     39.655     39.345     6.1292    31.7920 -9.990e-29     0.1222 9.9999e+04  1025.1863     6.1260    25.0033     8.7214    265.898   10.05520  306.56433     86.735 -9.990e-29
