CalculateIndicators/WaterTemperature/Data/CTD_NYOS/20240710_C17.cnv
* Sea-Bird SBE 9 Data File:
* FileName = C:\Seabird 9 CTD\Data\2024\202407_offshore\20240710_C17.hex
* Software Version Seasave V 7.23.2
* Temperature SN = 4590
* Conductivity SN = 3228
* Number of Bytes Per Scan = 44
* Number of Voltage Words = 5
* Number of Scans Averaged by the Deck Unit = 1
* NMEA Latitude = 40 13.24 N
* NMEA Longitude = 072 41.16 W
* NMEA UTC (Time) = Jul 10 2024  03:29:26
* NMEA baud rate = 4800
** Ship: seawolf
** Station: 9.3
** Operator: TDK
# nquan = 18
# nvalues = 14666                       
# units = specified
# name 0 = latitude: Latitude [deg]
# name 1 = longitude: Longitude [deg]
# name 2 = prDM: Pressure, Digiquartz [db]
# name 3 = depSM: Depth [salt water, m]
# name 4 = t090C: Temperature [ITS-90, deg C]
# name 5 = sal00: Salinity, Practical [PSU]
# name 6 = ph: pH
# name 7 = flECO-AFL: Fluorescence, WET Labs ECO-AFL/FL [mg/m^3]
# name 8 = cpar: CPAR/Corrected Irradiance [%]
# name 9 = density00: Density [density, kg/m^3]
# name 10 = potemp090C: Potential Temperature [ITS-90, deg C]
# name 11 = sigma-é00: Density [sigma-theta, kg/m^3]
# name 12 = sbeox0Mg/L: Oxygen, SBE 43 [mg/l]
# name 13 = sbox0Mm/Kg: Oxygen, SBE 43 [umol/kg]
# name 14 = oxsolMg/L: Oxygen Saturation, Garcia & Gordon [mg/l]
# name 15 = oxsolMm/Kg: Oxygen Saturation, Garcia & Gordon [umol/kg]
# name 16 = sbeox0PS: Oxygen, SBE 43 [% saturation]
# name 17 = flag:  0.000e+00
# span 0 =   40.22082,   40.22164       
# span 1 =  -72.68612,  -72.68358       
# span 2 =      1.647,     53.107       
# span 3 =      1.635,     52.692       
# span 4 =     6.6829,    23.5302       
# span 5 =    30.0280,    31.9726       
# span 6 =      7.830,      8.102       
# span 7 =    -0.0255,     3.7755       
# span 8 = 1.6880e-11, 9.9999e+04       
# span 9 =  1020.2189,  1025.3156       
# span 10 =     6.6788,    23.5294      
# span 11 =    20.2141,    25.0721      
# span 12 =     7.1156,    10.3649      
# span 13 =    216.969,    316.364      
# span 14 =    7.13401,    9.91787      
# span 15 =  218.51775,  302.36799      
# span 16 =     72.409,    119.926      
# span 17 = 0.0000e+00, 0.0000e+00      
# interval = seconds: 0.0416667
# start_time = Jul 10 2024 03:29:27 [System UTC, first data scan.]
# bad_flag = -9.990e-29
*END*
[from data line 10372]
   40.22136  -72.68448     12.761     12.663     9.8811    31.6364      7.940     2.0294 1.6880e-11  1024.4043     9.8797    24.3463     9.1966    280.571    9.20329  280.77512     99.927 0.0000e+00
   40.22136  -72.68448     12.735     12.637     9.8849    31.6339      7.940     2.0026 1.6880e-11  1024.4015     9.8835    24.3438     9.1960    280.552    9.20057  280.69176     99.950 0.0000e+00
   40.22136  -72.68448     12.710     12.612     9.8884    31.6311      7.940     2.0026 1.6880e-11  1024.3986     9.8870    24.3411     9.1957    280.543    9.19840  280.62679     99.970 0.0000e+00
   40.22136  -72.68448     12.701     12.603     9.8910    31.6288      7.945     2.0026 1.6880e-11  1024.3957     9.8896    24.3389     9.2023    280.750    9.19696  280.58575    100.059 0.0000e+00
   40.22136  -72.68448     12.664     12.566     9.8926    31.6288      7.940     2.0026 1.6880e-11  1024.3942     9.8913    24.3378     9.2096    280.976    9.19638  280.57158    100.144 0.0000e+00
   40.22136  -72.68448     12.650     12.552     9.8936    31.6288      7.945     2.0026 1.6880e-11  1024.3954     9.8923    24.3382     9.2134    281.093    9.19668  280.58299    100.182 0.0000e+00
   40.22136  -72.68448     12.622     12.525     9.8956    31.6301      7.945     2.0026 1.6880e-11  1024.3967     9.8943    24.3390     9.2169    281.199    9.19701  280.59268    100.216 0.0000e+00
   40.22136  -72.68448     12.610     12.513     9.8979    31.6310      7.945     2.0026 1.6880e-11  1024.3964     9.8965    24.3394     9.2246    281.432    9.19616  280.56354    100.310 0.0000e+00
   40.22136  -72.68448     12.589     12.492     9.8997    31.6328      7.940     2.0026 1.6880e-11  1024.3959     9.8984    24.3405     9.2311    281.626    9.19447  280.50899    100.398 0.0000e+00
   40.22136  -72.68448     12.562     12.465     9.9011    31.6364      7.940     2.0026 1.6880e-11  1024.4005     9.8997    24.3429     9.2312    281.630    9.19206  280.43493    100.426 0.0000e+00
   40.22136  -72.68448     12.539     12.442     9.9054    31.6364      7.940     2.0026 1.6880e-11  1024.4034     9.9040    24.3442     9.2317    281.645    9.18965  280.36339    100.457 0.0000e+00
   40.22136  -72.68448     12.522     12.426     9.9125    31.6364      7.940     2.0026 1.6880e-11  1024.4001     9.9111    24.3425     9.2375    281.825    9.18794  280.31411    100.539 0.0000e+00
   40.22136  -72.68448     12.499     12.402     9.9182    31.6379      7.945     2.0026 1.6880e-11  1024.3949     9.9169    24.3393     9.2395    281.891    9.18707  280.29093    100.571 0.0000e+00
   40.22136  -72.68448     12.478     12.382     9.9217    31.6379      7.940     2.0026 1.6880e-11  1024.3920     9.9203    24.3380     9.2480    282.153    9.18717  280.29746    100.662 0.0000e+00
   40.22136  -72.68448     12.441     12.345     9.9232    31.6379      7.940     2.0026 1.6880e-11  1024.3948     9.9218    24.3405     9.2573    282.438    9.18768  280.31466    100.758 0.0000e+00
   40.22136  -72.68448     12.427     12.331     9.9255    31.6442      7.940     2.0026 1.6880e-11  1024.4039     9.9241    24.3452     9.2613    282.561    9.18836  280.33528    100.794 0.0000e+00
   40.22136  -72.68448     12.400     12.304     9.9344    31.6442      7.940     2.0026 1.6880e-11  1024.4069     9.9331    24.3466     9.2705    282.840    9.18883  280.34901    100.889 0.0000e+00
   40.22136  -72.68448     12.386     12.290     9.9463    31.6442      7.945     2.0026 1.6880e-11  1024.4000     9.9450    24.3420     9.2738    282.940    9.18902  280.35359    100.922 0.0000e+00
   40.22136  -72.68448     12.356     12.260     9.9542    31.6357      7.945     2.0026 1.6880e-11  1024.3889     9.9529    24.3343     9.2817    283.178    9.18854  280.33571    101.014 0.0000e+00
   40.22136  -72.68448     12.339     12.244     9.9562    31.6279      7.945     2.0026 1.6880e-11  1024.3818     9.9549    24.3276     9.2883    283.375    9.18668  280.27492    101.106 0.0000e+00
   40.22136  -72.68448     12.316     12.221     9.9564    31.6237      7.945     2.0026 1.6880e-11  1024.3783     9.9550    24.3237     9.2878    283.360    9.18358  280.18024    101.135 0.0000e+00
   40.22136  -72.68448     12.295     12.200     9.9562    31.6237      7.945     2.0026 1.6880e-11  1024.3766     9.9548    24.3223     9.2866    283.328    9.18046  280.08790    101.157 0.0000e+00
   40.22136  -72.68448     12.269     12.174     9.9562    31.6237      7.940     2.0026 1.6880e-11  1024.3775     9.9549    24.3238     9.2923    283.502    9.17808  280.01850    101.244 0.0000e+00
   40.22136  -72.68448     12.244     12.150     9.9607    31.6303      7.945     2.0026 1.6880e-11  1024.3830     9.9593    24.3282     9.2980    283.681    9.17633  279.96807    101.326 0.0000e+00
   40.22136  -72.68448     12.218     12.124     9.9706    31.6347      7.945     1.9623 1.6880e-11  1024.3909     9.9692    24.3328     9.2987    283.705    9.17511  279.93371    101.347 0.0000e+00
   40.22136  -72.68448     12.193     12.099     9.9818    31.6347      7.940     1.9220 1.6880e-11  1024.3925     9.9804    24.3332     9.2999    283.744    9.17416  279.90665    101.371 0.0000e+00
   40.22136  -72.68448     12.163     12.069     9.9909    31.6347      7.940     1.9220 1.6880e-11  1024.3842     9.9896    24.3274     9.3068    283.954    9.17361  279.89082    101.452 0.0000e+00
   40.22136  -72.68448     12.147     12.053     9.9954    31.6255      7.940     1.9220 1.6880e-11  1024.3715     9.9940    24.3194     9.3143    284.185    9.17357  279.89035    101.534 0.0000e+00
   40.22136  -72.68448     12.112     12.019     9.9956    31.6255      7.940     1.9220 1.6880e-11  1024.3662     9.9942    24.3155     9.3223    284.429    9.17384  279.89887    101.618 0.0000e+00
   40.22136  -72.68448     12.093     12.000     9.9947    31.6255      7.940     1.9220 1.6880e-11  1024.3706     9.9934    24.3182     9.3308    284.686    9.17377  279.89586    101.712 0.0000e+00
   40.22136  -72.68448     12.077     11.983     9.9954    31.6333      7.945     1.9220 1.6880e-11  1024.3803     9.9941    24.3249     9.3316    284.711    9.17264  279.86234    101.733 0.0000e+00
   40.22136  -72.68448     12.052     11.959    10.0005    31.6360      7.940     1.9220 1.6880e-11  1024.3885     9.9992    24.3303     9.3319    284.723    9.17107  279.81590    101.754 0.0000e+00
   40.22136  -72.68448     12.031     11.938    10.0116    31.6360      7.945     1.9220 1.6880e-11  1024.3889    10.0102    24.3298     9.3371    284.882    9.16934  279.76375    101.830 0.0000e+00
   40.22136  -72.68448     12.005     11.912    10.0267    31.6360      7.940     1.9220 1.6880e-11  1024.3782    10.0253    24.3226     9.3418    285.026    9.16711  279.69619    101.906 0.0000e+00
   40.22136  -72.68448     11.980     11.888    10.0361    31.6251      7.945     1.9220 1.6880e-11  1024.3655    10.0347    24.3126     9.3473    285.196    9.16496  279.63157    101.990 0.0000e+00
   40.22136  -72.68448     11.961     11.869    10.0384    31.6153      7.940     1.9220 1.6880e-11  1024.3567    10.0371    24.3045     9.3471    285.189    9.16277  279.56593    102.011 0.0000e+00
   40.22136  -72.68448     11.934     11.842    10.0370    31.6140      7.940     1.9220 1.6880e-11  1024.3513    10.0357    24.3002     9.3514    285.322    9.16024  279.49054    102.087 0.0000e+00
   40.22136  -72.68448     11.910     11.818    10.0337    31.6140      7.940     1.9220 1.6880e-11  1024.3523    10.0324    24.3007     9.3497    285.274    9.15754  279.41094    102.098 0.0000e+00
   40.22136  -72.68448     11.890     11.798    10.0304    31.6140      7.940     1.9220 1.6880e-11  1024.3599    10.0291    24.3041     9.3542    285.414    9.15523  279.34425    102.173 0.0000e+00
   40.22138  -72.68448     11.863     11.772    10.0301    31.6140      7.940     1.9220 1.6880e-11  1024.3620    10.0288    24.3057     9.3603    285.604    9.15372  279.30106    102.257 0.0000e+00
   40.22138  -72.68448     11.839     11.747    10.0346    31.6143      7.940     1.9220 1.6880e-11  1024.3579    10.0333    24.3038     9.3603    285.605    9.15184  279.24500    102.278 0.0000e+00
   40.22138  -72.68448     11.808     11.717    10.0410    31.6161      7.945     1.9220 1.6880e-11  1024.3519    10.0397    24.3021     9.3647    285.743    9.14955  279.17767    102.352 0.0000e+00
   40.22138  -72.68448     11.792     11.701    10.0408    31.6166      7.945     1.9220 1.6880e-11  1024.3559    10.0395    24.3047     9.3705    285.922    9.14848  279.14703    102.427 0.0000e+00
   40.22138  -72.68448     11.758     11.667    10.0397    31.6246      7.940     1.9220 1.6880e-11  1024.3651    10.0384    24.3108     9.3766    286.109    9.14773  279.12472    102.502 0.0000e+00
   40.22138  -72.68448     11.748     11.657    10.0425    31.6323      7.940     1.9220 1.6880e-11  1024.3708    10.0412    24.3163     9.3830    286.304    9.14667  279.09156    102.584 0.0000e+00
   40.22138  -72.68448     11.718     11.627    10.0506    31.6387      7.945     1.9220 1.6880e-11  1024.3732    10.0493    24.3201     9.3821    286.275    9.14426  279.01873    102.601 0.0000e+00
   40.22138  -72.68448     11.701     11.611    10.0617    31.6448      7.945     1.9220 1.6880e-11  1024.3761    10.0604    24.3233     9.3863    286.406    9.14156  278.93835    102.677 0.0000e+00
   40.22138  -72.68448     11.676     11.586    10.0716    31.6515      7.940     1.9220 1.6880e-11  1024.3794    10.0703    24.3269     9.3918    286.577    9.14011  278.89586    102.754 0.0000e+00
   40.22138  -72.68448     11.656     11.566    10.0818    31.6573      7.940     1.9354 1.6880e-11  1024.3845    10.0805    24.3301     9.3921    286.585    9.13910  278.86554    102.768 0.0000e+00
   40.22138  -72.68448     11.630     11.540    10.0939    31.6573      7.940     1.9757 1.6880e-11  1024.3861    10.0926    24.3304     9.3968    286.728    9.13711  278.80496    102.842 0.0000e+00
   40.22138  -72.68448     11.606     11.517    10.1059    31.6573      7.945     1.9891 1.6880e-11  1024.3809    10.1046    24.3259     9.4009    286.854    9.13474  278.73402    102.913 0.0000e+00
   40.22138  -72.68448     11.586     11.496    10.1163    31.6480      7.945     1.9891 1.6880e-11  1024.3705    10.1150    24.3170     9.4045    286.966    9.13216  278.65630    102.982 0.0000e+00
   40.22138  -72.68448     11.565     11.476    10.1237    31.6366      7.940     1.9891 1.6880e-11  1024.3571    10.1224    24.3071     9.4081    287.079    9.12914  278.56579    103.056 0.0000e+00
   40.22138  -72.68448     11.560     11.470    10.1252    31.6366      7.940     1.9891 1.6880e-11  1024.3490    10.1239    24.3012     9.4129    287.228    9.12665  278.49304    103.137 0.0000e+00
   40.22138  -72.68448     11.525     11.436    10.1229    31.6366      7.940     1.9891 1.6880e-11  1024.3509    10.1216    24.3027     9.4132    287.241    9.12545  278.46192    103.153 0.0000e+00
   40.22138  -72.68448     11.505     11.416    10.1227    31.6413      7.945     1.9891 1.6880e-11  1024.3625    10.1215    24.3101     9.4199    287.453    9.12577  278.47744    103.223 0.0000e+00
   40.22138  -72.68448     11.498     11.409    10.1269    31.6511      7.940     1.9891 1.6880e-11  1024.3732    10.1256    24.3173     9.4299    287.760    9.12832  278.55767    103.303 0.0000e+00
   40.22138  -72.68448     11.474     11.386    10.1377    31.6511      7.939     1.9891 1.6880e-11  1024.3744    10.1365    24.3187     9.4410    288.099    9.13135  278.64899    103.391 0.0000e+00
   40.22138  -72.68448     11.463     11.375    10.1516    31.6511      7.939     1.9891 1.6880e-11  1024.3672    10.1503    24.3135     9.4521    288.433    9.13440  278.73813    103.478 0.0000e+00
   40.22138  -72.68448     11.444     11.356    10.1631    31.6414      7.939     1.9891 1.6880e-11  1024.3572    10.1619    24.3041     9.4613    288.709    9.13608  278.78569    103.560 0.0000e+00
   40.22138  -72.68448     11.428     11.339    10.1719    31.6285      7.939     1.9891 1.6880e-11  1024.3440    10.1706    24.2927     9.4725    289.045    9.13414  278.72176    103.704 0.0000e+00
   40.22138  -72.68448     11.423     11.335    10.1759    31.6165      7.939     1.9891 1.6880e-11  1024.3315    10.1746    24.2827     9.4695    288.956    9.12971  278.58682    103.722 0.0000e+00
   40.22138  -72.68448     11.403     11.315    10.1754    31.6101      7.939     1.9891 1.6880e-11  1024.3260    10.1741    24.2770     9.4752    289.127    9.12795  278.53190    103.804 0.0000e+00
   40.22138  -72.68448     11.382     11.294    10.1721    31.6101      7.939     1.9891 2.5320e-11  1024.3262    10.1708    24.2761     9.4820    289.334    9.12688  278.49692    103.891 -9.990e-29
   40.22138  -72.68448     11.386     11.299    10.1689    31.6101      7.939     1.9891 2.5320e-11  1024.3287    10.1677    24.2784     9.4875    289.498    9.12486  278.43265    103.974 -9.990e-29
   40.22138  -72.68448     11.363     11.275    10.1666    31.6170      7.939     1.9891 1.6880e-11  1024.3327    10.1654    24.2841     9.4943    289.704    9.12370  278.39628    104.062 -9.990e-29
   40.22138  -72.68448     11.363     11.275    10.1648    31.6290      7.939     1.9891 1.6880e-11  1024.3442    10.1635    24.2935     9.5054    290.043    9.12170  278.33470    104.206 -9.990e-29
   40.22138  -72.68448     11.342     11.255    10.1681    31.6396      7.939     1.9891 1.6880e-11  1024.3594    10.1669    24.3022     9.5041    290.002    9.11792  278.21759    104.236 0.0000e+00
   40.22138  -72.68448     11.337     11.249    10.1826    31.6396      7.939     1.9891 1.6880e-11  1024.3595    10.1814    24.3033     9.5053    290.034    9.11163  278.02158    104.321 0.0000e+00
   40.22138  -72.68448     11.331     11.244    10.2012    31.6396      7.944     1.9891 1.6880e-11  1024.3487    10.1999    24.2963     9.5039    289.991    9.10362  277.77818    104.397 0.0000e+00
   40.22138  -72.68448     11.322     11.234    10.2165    31.6295      7.939     1.9891 1.6880e-11  1024.3369    10.2153    24.2860     9.5049    290.030    9.09827  277.62061    104.470 0.0000e+00
   40.22138  -72.68448     11.312     11.225    10.2284    31.6188      7.939     1.9891 1.6880e-11  1024.3265    10.2272    24.2756     9.5089    290.157    9.09514  277.53036    104.550 0.0000e+00
   40.22138  -72.68448     11.305     11.218    10.2378    31.6089      7.939     1.9757 1.6880e-11  1024.3161    10.2366    24.2663     9.5128    290.281    9.09168  277.43139    104.632 0.0000e+00
   40.22138  -72.68448     11.291     11.204    10.2450    31.6013      7.939     1.9085 1.6880e-11  1024.3086    10.2437    24.2592     9.5168    290.401    9.08845  277.33070    104.713 -9.990e-29
   40.22138  -72.68448     11.291     11.204    10.2488    31.5965      7.939     1.8548 1.6880e-11  1024.3052    10.2475    24.2549     9.5171    290.407    9.08251  277.14654    104.785 -9.990e-29
   40.22138  -72.68448     11.282     11.195    10.2498    31.5937      7.939     1.8683 1.6880e-11  1024.3028    10.2485    24.2525     9.5172    290.412    9.07633  276.95823    104.858 0.0000e+00
   40.22138  -72.68448     11.275     11.188    10.2490    31.5929      7.939     1.8683 1.6880e-11  1024.3014    10.2478    24.2517     9.5126    290.275    9.07086  276.79423    104.870 0.0000e+00
   40.22138  -72.68448     11.261     11.174    10.2483    31.5928      7.939     1.8683 1.6880e-11  1024.3043    10.2470    24.2514     9.5144    290.333    9.06633  276.65965    104.942 -9.990e-29
   40.22138  -72.68448     11.261     11.174    10.2546    31.5914      7.939     1.8683 1.6880e-11  1024.3015    10.2533    24.2493     9.5102    290.207    9.06129  276.50733    104.955 -9.990e-29
   40.22138  -72.68448     11.261     11.174    10.2642    31.5884      7.939     1.8683 1.6880e-11  1024.2955    10.2629    24.2457     9.5069    290.105    9.05312  276.25860    105.012 -9.990e-29
