CalculateIndicators/WaterTemperature/Data/CTD_NYOS/20240710_C19.cnv
* Sea-Bird SBE 9 Data File:
* FileName = C:\Seabird 9 CTD\Data\2024\202407_offshore\20240710_C19.hex
* Software Version Seasave V 7.23.2
* Temperature SN = 4590
* Conductivity SN = 3228
* Number of Bytes Per Scan = 44
* Number of Voltage Words = 5
* Number of Scans Averaged by the Deck Unit = 1
* NMEA Latitude = 40 39.98 N
* NMEA Longitude = 072 58.85 W
* NMEA UTC (Time) = Jul 10 2024  08:37:53
* NMEA baud rate = 4800
** Ship: seawolf
** Station: 9.1
** Operator: TDK
# nquan = 18
# nvalues = 8257                        
# units = specified
# name 0 = latitude: Latitude [deg]
# name 1 = longitude: Longitude [deg]
# name 2 = prDM: Pressure, Digiquartz [db]
# name 3 = depSM: Depth [salt water, m]
# name 4 = t090C: Temperature [ITS-90, deg C]
# name 5 = sal00: Salinity, Practical [PSU]
# name 6 = ph: pH
# name 7 = flECO-AFL: Fluorescence, WET Labs ECO-AFL/FL [mg/m^3]
# name 8 = cpar: CPAR/Corrected Irradiance [%]
# name 9 = density00: Density [density, kg/m^3]
# name 10 = potemp090C: Potential Temperature [ITS-90, deg C]
# name 11 = sigma-é00: Density [sigma-theta, kg/m^3]
# name 12 = sbeox0Mg/L: Oxygen, SBE 43 [mg/l]
# name 13 = sbox0Mm/Kg: Oxygen, SBE 43 [umol/kg]
# name 14 = oxsolMg/L: Oxygen Saturation, Garcia & Gordon [mg/l]
# name 15 = oxsolMm/Kg: Oxygen Saturation, Garcia & Gordon [umol/kg]
# name 16 = sbeox0PS: Oxygen, SBE 43 [% saturation]
# name 17 = flag:  0.000e+00
# span 0 =   40.66632,   40.66694       
# span 1 =  -72.98084,  -72.98024       
# span 2 =      1.478,     12.368       
# span 3 =      1.466,     12.272       
# span 4 =    14.9252,    21.1782       
# span 5 =    29.6108,    30.3788       
# span 6 =      7.939,      8.085       
# span 7 =     1.0893,     2.3115       
# span 8 = 1.6880e-11, 3.8924e+01       
# span 9 =  1020.5657,  1022.4546       
# span 10 =    14.9234,    21.1778      
# span 11 =    20.5567,    22.3997      
# span 12 =     6.9994,     8.9163      
# span 13 =    213.947,    273.018      
# span 14 =    7.45533,    8.38553      
# span 15 =  228.27207,  256.31769      
# span 16 =     83.477,    119.261      
# span 17 = 0.0000e+00, 0.0000e+00      
# interval = seconds: 0.0416667
# start_time = Jul 10 2024 08:37:54 [System UTC, first data scan.]
# bad_flag = -9.990e-29
*END*
[from data line 1448]
   40.66650  -72.98074     11.807     11.716    14.9484    30.3117      8.041     1.9891 1.6880e-11  1022.4245    14.9467    22.3719     7.0964    216.914    8.38265  256.22816     84.656 -9.990e-29
   40.66650  -72.98074     11.802     11.710    14.9490    30.3117      8.041     1.9891 1.6880e-11  1022.4246    14.9473    22.3720     7.0964    216.911    8.38260  256.22680     84.656 -9.990e-29
   40.66650  -72.98074     11.798     11.706    14.9496    30.3117      8.041     1.9891 1.6880e-11  1022.4241    14.9479    22.3717     7.0918    216.771    8.38268  256.22950     84.600 -9.990e-29
   40.66650  -72.98074     11.807     11.716    14.9503    30.3110      8.040     1.9891 1.6880e-11  1022.4235    14.9486    22.3710     7.0916    216.767    8.38268  256.22959     84.599 -9.990e-29
   40.66650  -72.98074     11.791     11.699    14.9510    30.3101      8.040     1.9891 1.6880e-11  1022.4224    14.9493    22.3701     7.0920    216.779    8.38267  256.22939     84.603 -9.990e-29
   40.66650  -72.98074     11.798     11.706    14.9512    30.3092      8.040     1.9891 1.6880e-11  1022.4216    14.9495    22.3694     7.0970    216.930    8.38267  256.22939     84.662 -9.990e-29
   40.66650  -72.98074     11.798     11.706    14.9514    30.3088      8.035     1.9891 1.6880e-11  1022.4213    14.9497    22.3690     7.0922    216.784    8.38265  256.22876     84.606 -9.990e-29
   40.66650  -72.98074     11.802     11.710    14.9515    30.3084      8.035     1.9891 1.6880e-11  1022.4212    14.9498    22.3688     7.0914    216.760    8.38264  256.22844     84.596 -9.990e-29
   40.66650  -72.98074     11.798     11.706    14.9515    30.3079      8.035     1.9891 1.6880e-11  1022.4208    14.9498    22.3683     7.0912    216.753    8.38268  256.22981     84.593 -9.990e-29
   40.66650  -72.98074     11.798     11.706    14.9514    30.3070      8.035     1.9891 1.6880e-11  1022.4205    14.9497    22.3676     7.0960    216.899    8.38266  256.22906     84.650 -9.990e-29
   40.66650  -72.98074     11.798     11.706    14.9512    30.3055      8.035     1.9891 1.6880e-11  1022.4188    14.9495    22.3666     7.0956    216.889    8.38270  256.23042     84.646 -9.990e-29
   40.66650  -72.98074     11.802     11.710    14.9500    30.3040      8.035     1.9891 1.6880e-11  1022.4177    14.9483    22.3657     7.1009    217.050    8.38273  256.23136     84.709 -9.990e-29
   40.66650  -72.98074     11.807     11.716    14.9488    30.3035      8.035     1.9891 1.6880e-11  1022.4173    14.9471    22.3654     7.0965    216.915    8.38279  256.23333     84.655 -9.990e-29
   40.66650  -72.98074     11.818     11.727    14.9474    30.3035      8.035     1.9891 1.6880e-11  1022.4180    14.9457    22.3656     7.0965    216.917    8.38284  256.23490     84.655 -9.990e-29
   40.66650  -72.98074     11.802     11.710    14.9459    30.3035      8.035     1.9891 1.6880e-11  1022.4185    14.9442    22.3661     7.1016    217.072    8.38287  256.23563     84.716 -9.990e-29
   40.66650  -72.98074     11.828     11.736    14.9446    30.3040      8.035     1.9891 1.6880e-11  1022.4192    14.9429    22.3667     7.1021    217.086    8.38286  256.23528     84.721 -9.990e-29
   40.66650  -72.98074     11.818     11.727    14.9435    30.3045      8.035     1.9891 1.6880e-11  1022.4198    14.9418    22.3674     7.0973    216.940    8.38281  256.23358     84.665 -9.990e-29
   40.66650  -72.98074     11.832     11.740    14.9424    30.3051      8.041     1.9891 1.6880e-11  1022.4207    14.9407    22.3681     7.1021    217.087    8.38272  256.23055     84.723 -9.990e-29
   40.66650  -72.98074     11.837     11.746    14.9417    30.3051      8.035     1.9891 1.6880e-11  1022.4212    14.9400    22.3686     7.1023    217.094    8.38266  256.22899     84.727 -9.990e-29
   40.66650  -72.98074     11.848     11.757    14.9408    30.3051      8.035     1.9891 1.6880e-11  1022.4217    14.9391    22.3688     7.1025    217.099    8.38264  256.22836     84.729 -9.990e-29
   40.66650  -72.98074     11.848     11.757    14.9403    30.3055      8.035     2.0026 1.6880e-11  1022.4210    14.9386    22.3685     7.1026    217.103    8.38263  256.22805     84.730 -9.990e-29
   40.66650  -72.98074     11.862     11.770    14.9396    30.3055      8.035     2.0294 1.6880e-11  1022.4206    14.9379    22.3685     7.1027    217.105    8.38262  256.22762     84.731 -9.990e-29
   40.66650  -72.98074     11.858     11.766    14.9390    30.3059      8.035     2.0294 1.6880e-11  1022.4214    14.9373    22.3694     7.1027    217.104    8.38259  256.22678     84.731 -9.990e-29
   40.66650  -72.98074     11.879     11.787    14.9383    30.3078      8.035     2.0294 1.6880e-11  1022.4242    14.9366    22.3710     7.1032    217.121    8.38266  256.22906     84.737 -9.990e-29
   40.66650  -72.98074     11.892     11.800    14.9383    30.3094      8.035     2.0294 1.6880e-11  1022.4256    14.9366    22.3722     7.1036    217.134    8.38264  256.22853     84.742 -9.990e-29
   40.66650  -72.98074     11.888     11.796    14.9384    30.3099      8.035     2.0294 1.6880e-11  1022.4255    14.9367    22.3726     7.0989    216.990    8.38262  256.22790     84.686 -9.990e-29
   40.66650  -72.98074     11.909     11.817    14.9385    30.3100      8.035     2.0294 1.6880e-11  1022.4255    14.9368    22.3726     7.1039    217.141    8.38262  256.22800     84.745 -9.990e-29
   40.66650  -72.98074     11.913     11.821    14.9386    30.3100      8.035     2.0294 1.6880e-11  1022.4256    14.9369    22.3727     7.1042    217.151    8.38262  256.22780     84.749 -9.990e-29
   40.66650  -72.98074     11.930     11.837    14.9386    30.3100      8.035     2.0294 1.6880e-11  1022.4257    14.9369    22.3727     7.0994    217.004    8.38261  256.22779     84.692 -9.990e-29
   40.66650  -72.98074     11.939     11.847    14.9386    30.3100      8.035     2.0294 1.6880e-11  1022.4257    14.9369    22.3727     7.1042    217.150    8.38260  256.22706     84.749 -9.990e-29
   40.66650  -72.98074     11.943     11.851    14.9388    30.3096      8.035     2.0294 1.6880e-11  1022.4255    14.9371    22.3724     7.0993    217.000    8.38254  256.22540     84.691 -9.990e-29
   40.66650  -72.98074     11.960     11.867    14.9387    30.3089      8.035     2.0160 1.6880e-11  1022.4250    14.9370    22.3718     7.1040    217.143    8.38248  256.22361     84.748 -9.990e-29
   40.66650  -72.98074     11.980     11.888    14.9388    30.3082      8.035     2.0294 1.6880e-11  1022.4242    14.9370    22.3713     7.0984    216.974    8.38242  256.22182     84.682 -9.990e-29
   40.66650  -72.98074     11.983     11.890    14.9386    30.3078      8.035     2.0294 1.6880e-11  1022.4241    14.9369    22.3709     7.0979    216.959    8.38236  256.21993     84.677 -9.990e-29
   40.66650  -72.98074     11.990     11.897    14.9384    30.3076      8.035     2.0294 1.6880e-11  1022.4239    14.9367    22.3708     7.1024    217.098    8.38224  256.21648     84.732 -9.990e-29
   40.66650  -72.98074     12.000     11.907    14.9381    30.3076      8.035     2.0294 1.6880e-11  1022.4243    14.9364    22.3708     7.0973    216.941    8.38217  256.21438     84.672 -9.990e-29
   40.66650  -72.98074     12.024     11.931    14.9381    30.3076      8.035     2.0294 1.6880e-11  1022.4239    14.9364    22.3709     7.1019    217.081    8.38218  256.21459     84.726 -9.990e-29
   40.66650  -72.98074     12.030     11.937    14.9378    30.3084      8.035     2.0294 1.6880e-11  1022.4242    14.9360    22.3716     7.1018    217.079    8.38214  256.21343     84.726 -9.990e-29
   40.66650  -72.98074     12.030     11.937    14.9376    30.3104      8.035     2.0294 1.6880e-11  1022.4265    14.9359    22.3731     7.1017    217.076    8.38211  256.21259     84.725 -9.990e-29
   40.66650  -72.98074     12.055     11.961    14.9376    30.3116      8.035     2.0294 1.6880e-11  1022.4290    14.9359    22.3745     7.1016    217.071    8.38206  256.21088     84.724 -9.990e-29
   40.66650  -72.98074     12.062     11.968    14.9383    30.3116      8.035     2.0294 1.6880e-11  1022.4289    14.9365    22.3746     7.0963    216.909    8.38200  256.20935     84.661 -9.990e-29
   40.66650  -72.98074     12.081     11.987    14.9388    30.3122      8.035     2.0294 1.6880e-11  1022.4271    14.9370    22.3739     7.0955    216.887    8.38198  256.20862     84.652 -9.990e-29
   40.66650  -72.98074     12.085     11.991    14.9391    30.3124      8.035     2.0294 1.6880e-11  1022.4264    14.9374    22.3736     7.0947    216.862    8.38193  256.20704     84.643 -9.990e-29
   40.66650  -72.98074     12.081     11.987    14.9389    30.3124      8.035     2.0294 1.6880e-11  1022.4279    14.9372    22.3744     7.0996    217.012    8.38192  256.20703     84.702 -9.990e-29
   40.66650  -72.98074     12.111     12.017    14.9397    30.3140      8.035     2.0294 1.6880e-11  1022.4296    14.9380    22.3756     7.0943    216.849    8.38194  256.20750     84.638 -9.990e-29
   40.66650  -72.98074     12.106     12.012    14.9401    30.3151      8.035     2.0160 1.6880e-11  1022.4303    14.9384    22.3763     7.0935    216.824    8.38193  256.20753     84.628 -9.990e-29
   40.66650  -72.98074     12.122     12.028    14.9410    30.3151      8.035     2.0160 1.6880e-11  1022.4304    14.9392    22.3764     7.0926    216.798    8.38192  256.20691     84.618 -9.990e-29
   40.66650  -72.98074     12.132     12.038    14.9420    30.3151      8.035     2.0160 1.6880e-11  1022.4301    14.9403    22.3761     7.0918    216.772    8.38193  256.20753     84.608 -9.990e-29
   40.66650  -72.98074     12.126     12.032    14.9426    30.3149      8.035     2.0160 1.6880e-11  1022.4293    14.9409    22.3756     7.0910    216.747    8.38199  256.20940     84.598 -9.990e-29
   40.66650  -72.98074     12.143     12.049    14.9430    30.3142      8.035     2.0160 1.6880e-11  1022.4290    14.9413    22.3750     7.0906    216.736    8.38197  256.20853     84.594 -9.990e-29
   40.66650  -72.98074     12.152     12.058    14.9429    30.3134      8.035     2.0160 1.6880e-11  1022.4283    14.9411    22.3744     7.0902    216.724    8.38192  256.20711     84.590 -9.990e-29
   40.66650  -72.98074     12.166     12.072    14.9432    30.3128      8.035     2.0160 1.6880e-11  1022.4275    14.9415    22.3739     7.0893    216.695    8.38185  256.20516     84.579 -9.990e-29
   40.66650  -72.98074     12.152     12.058    14.9430    30.3127      8.035     2.0160 1.6880e-11  1022.4279    14.9413    22.3738     7.0883    216.666    8.38180  256.20389     84.568 -9.990e-29
   40.66650  -72.98074     12.173     12.079    14.9431    30.3125      8.035     2.0160 1.6880e-11  1022.4278    14.9414    22.3737     7.0823    216.482    8.38184  256.20502     84.496 -9.990e-29
   40.66650  -72.98074     12.166     12.072    14.9434    30.3123      8.035     2.0160 1.6880e-11  1022.4274    14.9416    22.3735     7.0866    216.612    8.38192  256.20764     84.546 -9.990e-29
   40.66650  -72.98074     12.173     12.079    14.9435    30.3121      8.035     2.0160 1.6880e-11  1022.4272    14.9418    22.3733     7.0806    216.430    8.38202  256.21056     84.474 -9.990e-29
   40.66650  -72.98074     12.183     12.088    14.9432    30.3120      8.035     2.0160 1.6880e-11  1022.4274    14.9415    22.3732     7.0792    216.387    8.38209  256.21252     84.456 -9.990e-29
   40.66650  -72.98074     12.176     12.081    14.9435    30.3118      8.035     2.0160 1.6880e-11  1022.4269    14.9418    22.3731     7.0778    216.344    8.38219  256.21524     84.438 -9.990e-29
   40.66650  -72.98074     12.183     12.088    14.9433    30.3115      8.035     2.0160 1.6880e-11  1022.4270    14.9415    22.3729     7.0769    216.318    8.38224  256.21692     84.428 -9.990e-29
   40.66650  -72.98074     12.183     12.088    14.9432    30.3112      8.035     2.0160 1.6880e-11  1022.4268    14.9415    22.3727     7.0761    216.294    8.38238  256.22110     84.417 -9.990e-29
   40.66650  -72.98074     12.187     12.092    14.9430    30.3110      8.035     2.0160 1.6880e-11  1022.4263    14.9413    22.3725     7.0708    216.131    8.38246  256.22340     84.352 -9.990e-29
   40.66650  -72.98074     12.183     12.088    14.9427    30.3110      8.035     2.0160 1.6880e-11  1022.4265    14.9409    22.3724     7.0746    216.247    8.38253  256.22560     84.397 -9.990e-29
   40.66650  -72.98074     12.183     12.088    14.9425    30.3110      8.035     2.0160 1.6880e-11  1022.4265    14.9408    22.3727     7.0739    216.225    8.38259  256.22737     84.388 -9.990e-29
   40.66650  -72.98074     12.187     12.092    14.9424    30.3116      8.035     2.0160 1.6880e-11  1022.4270    14.9406    22.3731     7.0687    216.065    8.38268  256.22999     84.325 -9.990e-29
   40.66650  -72.98074     12.183     12.088    14.9424    30.3124      8.035     2.0160 1.6880e-11  1022.4279    14.9406    22.3737     7.0680    216.045    8.38270  256.23062     84.317 -9.990e-29
   40.66650  -72.98074     12.173     12.079    14.9427    30.3129      8.035     2.0160 1.6880e-11  1022.4283    14.9409    22.3740     7.0669    216.010    8.38272  256.23126     84.303 -9.990e-29
   40.66650  -72.98074     12.187     12.092    14.9430    30.3129      8.035     2.0160 1.6880e-11  1022.4282    14.9413    22.3740     7.0664    215.995    8.38278  256.23304     84.296 -9.990e-29
   40.66650  -72.98074     12.183     12.088    14.9433    30.3129      8.035     2.0160 1.6880e-11  1022.4279    14.9415    22.3740     7.0659    215.980    8.38279  256.23315     84.291 -9.990e-29
   40.66650  -72.98074     12.176     12.081    14.9432    30.3129      8.035     2.0160 1.6880e-11  1022.4282    14.9415    22.3740     7.0655    215.969    8.38288  256.23605     84.285 -9.990e-29
   40.66650  -72.98074     12.173     12.079    14.9434    30.3128      8.035     2.0832 1.6880e-11  1022.4279    14.9416    22.3738     7.0602    215.806    8.38297  256.23901     84.221 -9.990e-29
   40.66650  -72.98074     12.173     12.079    14.9437    30.3124      8.035     2.1637 1.6880e-11  1022.4275    14.9420    22.3736     7.0645    215.938    8.38303  256.24093     84.271 -9.990e-29
   40.66650  -72.98074     12.166     12.072    14.9434    30.3122      8.035     2.1772 1.6880e-11  1022.4273    14.9416    22.3734     7.0643    215.932    8.38303  256.24065     84.269 -9.990e-29
   40.66650  -72.98074     12.152     12.058    14.9435    30.3121      8.035     2.1637 1.6880e-11  1022.4272    14.9417    22.3732     7.0591    215.772    8.38301  256.23984     84.207 -9.990e-29
   40.66650  -72.98074     12.152     12.058    14.9437    30.3120      8.035     2.1637 1.6880e-11  1022.4269    14.9420    22.3731     7.0584    215.753    8.38296  256.23828     84.200 -9.990e-29
   40.66650  -72.98074     12.145     12.051    14.9437    30.3120      8.035     2.1637 1.6880e-11  1022.4268    14.9420    22.3731     7.0574    215.721    8.38299  256.23918     84.187 -9.990e-29
   40.66650  -72.98074     12.143     12.049    14.9435    30.3120      8.035     2.1637 1.6880e-11  1022.4273    14.9418    22.3732     7.0570    215.709    8.38300  256.23964     84.182 -9.990e-29
   40.66650  -72.98074     12.143     12.049    14.9437    30.3121      8.035     2.1637 1.6880e-11  1022.4269    14.9420    22.3732     7.0567    215.700    8.38304  256.24099     84.178 -9.990e-29
   40.66650  -72.98074     12.126     12.032    14.9436    30.3123      8.035     2.1637 1.6880e-11  1022.4274    14.9419    22.3734     7.0560    215.677    8.38310  256.24305     84.169 -9.990e-29
   40.66650  -72.98074     12.132     12.038    14.9439    30.3123      8.035     2.1637 1.6880e-11  1022.4275    14.9421    22.3735     7.0559    215.675    8.38326  256.24789     84.167 -9.990e-29
