CalculateIndicators/WaterTemperature/Data/CTD_NYOS/20240911_C01.cnv
* Sea-Bird SBE 9 Data File:
* FileName = C:\Seabird 9 CTD\Data\2024\202409_offshore\20240911_C01.hex
* Software Version Seasave V 7.23.2
* Temperature SN = 4590
* Conductivity SN = 3228
* Number of Bytes Per Scan = 44
* Number of Voltage Words = 5
* Number of Scans Averaged by the Deck Unit = 1
* NMEA Latitude = 40 57.55 N
* NMEA Longitude = 073 34.84 W
* NMEA UTC (Time) = Sep 11 2024  16:12:57
* NMEA baud rate = 4800
** Ship: Seawolf
** Station: LIS_ARIG
** Operator: TDK
# nquan = 18
# nvalues = 9269                        
# units = specified
# name 0 = latitude: Latitude [deg]
# name 1 = longitude: Longitude [deg]
# name 2 = prDM: Pressure, Digiquartz [db]
# name 3 = depSM: Depth [salt water, m]
# name 4 = t090C: Temperature [ITS-90, deg C]
# name 5 = sal00: Salinity, Practical [PSU]
# name 6 = ph: pH
# name 7 = flECO-AFL: Fluorescence, WET Labs ECO-AFL/FL [mg/m^3]
# name 8 = cpar: CPAR/Corrected Irradiance [%]
# name 9 = density00: Density [density, kg/m^3]
# name 10 = potemp090C: Potential Temperature [ITS-90, deg C]
# name 11 = sigma-é00: Density [sigma-theta, kg/m^3]
# name 12 = sbeox0Mg/L: Oxygen, SBE 43 [mg/l]
# name 13 = sbox0Mm/Kg: Oxygen, SBE 43 [umol/kg]
# name 14 = oxsolMg/L: Oxygen Saturation, Garcia & Gordon [mg/l]
# name 15 = oxsolMm/Kg: Oxygen Saturation, Garcia & Gordon [umol/kg]
# name 16 = sbeox0PS: Oxygen, SBE 43 [% saturation]
# name 17 = flag:  0.000e+00
# span 0 =   40.95916,   40.95934       
# span 1 =  -73.58098,  -73.58068       
# span 2 =      1.856,     13.108       
# span 3 =      1.842,     13.006       
# span 4 =    21.9873,    22.4498       
# span 5 =    26.4195,    26.7224       
# span 6 =      7.757,      7.844       
# span 7 =     0.9415,     2.7950       
# span 8 = 2.5826e-02, 7.5430e+01       
# span 9 =  1017.6005,  1017.9737       
# span 10 =    21.9861,    22.4494      
# span 11 =    17.5914,    17.9170      
# span 12 =     5.5768,     6.6833      
# span 13 =    171.212,    205.245      
# span 14 =    7.43823,    7.49488      
# span 15 =  228.42405,  230.12089      
# span 16 =     74.627,     89.839      
# span 17 = 0.0000e+00, 0.0000e+00      
# interval = seconds: 0.0416667
# start_time = Sep 11 2024 16:13:00 [System UTC, first data scan.]
# bad_flag = -9.990e-29
*END*
[from data line 9006]
   40.95932  -73.58098      2.173      2.156    22.4430    26.4242 -9.990e-29     2.5264 4.1609e+01  1017.6062    22.4426    17.5967     6.6697    204.827    7.43953  228.46760     89.653 -9.990e-29
   40.95932  -73.58098      2.163      2.147    22.4432    26.4242 -9.990e-29     2.5264 4.6341e+01  1017.6063    22.4428    17.5966     6.6698    204.830    7.43939  228.46322     89.656 -9.990e-29
   40.95932  -73.58098      2.173      2.156    22.4436    26.4239 -9.990e-29     2.5264 4.8044e+01  1017.6057    22.4431    17.5963     6.6700    204.834    7.43928  228.46010     89.659 -9.990e-29
   40.95932  -73.58098      2.163      2.147    22.4439    26.4235 -9.990e-29     2.5264 4.7414e+01  1017.6053    22.4435    17.5961     6.6745    204.974    7.43928  228.46017     89.720 -9.990e-29
   40.95932  -73.58098      2.173      2.156    22.4439    26.4234 -9.990e-29     2.5264 4.5831e+01  1017.6053    22.4435    17.5959     6.6710    204.867    7.43932  228.46142     89.673 -9.990e-29
   40.95932  -73.58098      2.163      2.147    22.4441    26.4233 -9.990e-29     2.5264 4.5516e+01  1017.6053    22.4437    17.5958     6.6759    205.016    7.43927  228.46019     89.738 -9.990e-29
   40.95932  -73.58098      2.163      2.147    22.4443    26.4233 -9.990e-29     2.5801 4.5428e+01  1017.6051    22.4439    17.5958     6.6763    205.029    7.43921  228.45836     89.745 -9.990e-29
   40.95932  -73.58098      2.173      2.156    22.4443    26.4233 -9.990e-29     2.5935 4.4378e+01  1017.6052    22.4439    17.5958     6.6766    205.040    7.43908  228.45452     89.751 -9.990e-29
   40.95932  -73.58098      2.173      2.156    22.4443    26.4233 -9.990e-29     2.5935 4.3891e+01  1017.6052    22.4439    17.5957     6.6770    205.051    7.43897  228.45122     89.757 -9.990e-29
   40.95932  -73.58098      2.173      2.156    22.4445    26.4232 -9.990e-29     2.6070 4.4207e+01  1017.6049    22.4440    17.5956     6.6733    204.938    7.43888  228.44872     89.708 -9.990e-29
   40.95932  -73.58098      2.174      2.157    22.4444    26.4233 -9.990e-29     2.5935 4.6618e+01  1017.6052    22.4440    17.5956     6.6733    204.938    7.43880  228.44637     89.709 -9.990e-29
   40.95932  -73.58098      2.183      2.166    22.4446    26.4234 -9.990e-29     2.5935 5.2549e+01  1017.6051    22.4442    17.5957     6.6734    204.940    7.43883  228.44738     89.710 -9.990e-29
   40.95932  -73.58098      2.173      2.156    22.4446    26.4236 -9.990e-29     2.5935 5.9102e+01  1017.6053    22.4442    17.5959     6.6734    204.941    7.43880  228.44667     89.711 -9.990e-29
   40.95932  -73.58098      2.183      2.166    22.4443    26.4238 -9.990e-29     2.5935 5.8180e+01  1017.6055    22.4439    17.5961     6.6734    204.940    7.43872  228.44450     89.711 -9.990e-29
   40.95932  -73.58098      2.183      2.166    22.4439    26.4240 -9.990e-29     2.5935 5.8550e+01  1017.6057    22.4435    17.5964     6.6730    204.928    7.43865  228.44220     89.707 -9.990e-29
   40.95932  -73.58098      2.173      2.156    22.4437    26.4242 -9.990e-29     2.5935 5.7960e+01  1017.6059    22.4433    17.5967     6.6729    204.925    7.43856  228.43977     89.706 -9.990e-29
   40.95932  -73.58098      2.205      2.187    22.4425    26.4246 -9.990e-29     2.6070 5.3298e+01  1017.6068    22.4421    17.5971     6.6684    204.789    7.43852  228.43862     89.647 -9.990e-29
   40.95932  -73.58098      2.183      2.166    22.4421    26.4250 -9.990e-29     2.5935 4.9998e+01  1017.6069    22.4417    17.5976     6.6677    204.768    7.43853  228.43878     89.638 -9.990e-29
   40.95932  -73.58098      2.194      2.177    22.4414    26.4254 -9.990e-29     2.5935 5.0109e+01  1017.6077    22.4410    17.5981     6.6718    204.892    7.43860  228.44075     89.691 -9.990e-29
   40.95932  -73.58098      2.203      2.186    22.4409    26.4259 -9.990e-29     2.5935 5.0005e+01  1017.6080    22.4405    17.5986     6.6717    204.891    7.43861  228.44116     89.691 -9.990e-29
   40.95932  -73.58098      2.194      2.176    22.4405    26.4265 -9.990e-29     2.5935 4.9046e+01  1017.6087    22.4401    17.5992     6.6717    204.888    7.43861  228.44098     89.690 -9.990e-29
   40.95932  -73.58098      2.193      2.176    22.4396    26.4271 -9.990e-29     2.5935 4.8055e+01  1017.6095    22.4392    17.5998     6.6669    204.741    7.43862  228.44131     89.625 -9.990e-29
   40.95932  -73.58098      2.193      2.176    22.4391    26.4275 -9.990e-29     2.5935 4.6442e+01  1017.6098    22.4387    17.6003     6.6708    204.862    7.43863  228.44141     89.678 -9.990e-29
   40.95932  -73.58098      2.203      2.186    22.4385    26.4279 -9.990e-29     2.5935 4.4599e+01  1017.6104    22.4380    17.6008     6.6704    204.849    7.43867  228.44269     89.672 -9.990e-29
   40.95932  -73.58098      2.193      2.176    22.4382    26.4282 -9.990e-29     2.5935 4.4182e+01  1017.6107    22.4378    17.6010     6.6700    204.836    7.43874  228.44481     89.665 -9.990e-29
   40.95932  -73.58098      2.193      2.176    22.4380    26.4283 -9.990e-29     2.5935 4.4851e+01  1017.6107    22.4376    17.6012     6.6695    204.822    7.43882  228.44701     89.658 -9.990e-29
   40.95932  -73.58098      2.204      2.187    22.4377    26.4283 -9.990e-29     2.5935 4.6219e+01  1017.6110    22.4373    17.6013     6.6647    204.673    7.43887  228.44850     89.592 -9.990e-29
   40.95932  -73.58098      2.193      2.176    22.4379    26.4284 -9.990e-29     2.5935 4.6652e+01  1017.6108    22.4374    17.6013     6.6682    204.781    7.43894  228.45044     89.639 -9.990e-29
   40.95932  -73.58098      2.193      2.176    22.4379    26.4286 -9.990e-29     2.5935 4.7449e+01  1017.6111    22.4374    17.6014     6.6680    204.774    7.43897  228.45145     89.636 -9.990e-29
   40.95932  -73.58098      2.182      2.166    22.4380    26.4287 -9.990e-29     2.5935 5.0242e+01  1017.6109    22.4376    17.6015     6.6721    204.901    7.43899  228.45192     89.691 -9.990e-29
   40.95932  -73.58098      2.193      2.176    22.4377    26.4288 -9.990e-29     2.5935 5.1236e+01  1017.6112    22.4373    17.6017     6.6718    204.892    7.43900  228.45242     89.687 -9.990e-29
   40.95932  -73.58098      2.182      2.166    22.4377    26.4291 -9.990e-29     2.5935 5.0280e+01  1017.6114    22.4372    17.6019     6.6719    204.893    7.43903  228.45319     89.687 -9.990e-29
   40.95932  -73.58098      2.184      2.167    22.4373    26.4293 -9.990e-29     2.5935 4.5365e+01  1017.6115    22.4369    17.6021     6.6719    204.894    7.43906  228.45398     89.687 -9.990e-29
   40.95932  -73.58098      2.182      2.166    22.4368    26.4296 -9.990e-29     2.5935 4.2513e+01  1017.6120    22.4364    17.6025     6.6678    204.770    7.43908  228.45472     89.633 -9.990e-29
   40.95932  -73.58098      2.173      2.156    22.4361    26.4300 -9.990e-29     2.5935 4.1717e+01  1017.6125    22.4357    17.6030     6.6719    204.893    7.43913  228.45603     89.686 -9.990e-29
   40.95932  -73.58098      2.173      2.156    22.4359    26.4302 -9.990e-29     2.5935 4.1756e+01  1017.6126    22.4355    17.6032     6.6675    204.760    7.43921  228.45826     89.627 -9.990e-29
   40.95932  -73.58098      2.173      2.156    22.4353    26.4303 -9.990e-29     2.6070 4.2031e+01  1017.6131    22.4349    17.6034     6.6672    204.749    7.43928  228.46044     89.621 -9.990e-29
   40.95932  -73.58098      2.163      2.146    22.4353    26.4303 -9.990e-29     2.5935 4.0990e+01  1017.6130    22.4349    17.6034     6.6668    204.738    7.43937  228.46300     89.615 -9.990e-29
   40.95932  -73.58098      2.163      2.146    22.4359    26.4301 -9.990e-29     2.5935 4.4667e+01  1017.6126    22.4355    17.6032     6.6711    204.870    7.43942  228.46468     89.672 -9.990e-29
   40.95932  -73.58098      2.163      2.146    22.4357    26.4298 -9.990e-29     2.5935 4.8574e+01  1017.6123    22.4353    17.6029     6.6670    204.744    7.43943  228.46504     89.617 -9.990e-29
   40.95932  -73.58098      2.152      2.136    22.4361    26.4296 -9.990e-29     2.5935 4.9179e+01  1017.6120    22.4357    17.6027     6.6669    204.740    7.43944  228.46516     89.616 -9.990e-29
   40.95932  -73.58098      2.163      2.146    22.4363    26.4294 -9.990e-29     2.5935 4.6791e+01  1017.6118    22.4359    17.6025     6.6664    204.726    7.43945  228.46531     89.609 -9.990e-29
   40.95932  -73.58098      2.152      2.136    22.4368    26.4292 -9.990e-29     2.6070 4.4395e+01  1017.6117    22.4364    17.6023     6.6707    204.857    7.43947  228.46594     89.666 -9.990e-29
   40.95932  -73.58098      2.143      2.126    22.4373    26.4290 -9.990e-29     2.5935 4.5172e+01  1017.6112    22.4369    17.6019     6.6709    204.864    7.43953  228.46788     89.669 -9.990e-29
   40.95932  -73.58098      2.152      2.136    22.4377    26.4286 -9.990e-29     2.5935 4.8284e+01  1017.6108    22.4373    17.6015     6.6712    204.873    7.43961  228.47052     89.671 -9.990e-29
   40.95932  -73.58098      2.152      2.136    22.4385    26.4283 -9.990e-29     2.5935 5.1487e+01  1017.6103    22.4380    17.6011     6.6715    204.881    7.43973  228.47399     89.674 -9.990e-29
   40.95932  -73.58098      2.152      2.136    22.4387    26.4281 -9.990e-29     2.5935 5.1341e+01  1017.6103    22.4383    17.6009     6.6721    204.899    7.43983  228.47680     89.680 -9.990e-29
   40.95932  -73.58098      2.143      2.126    22.4391    26.4279 -9.990e-29     2.5935 4.8342e+01  1017.6098    22.4387    17.6006     6.6727    204.918    7.43997  228.48103     89.687 -9.990e-29
   40.95932  -73.58098      2.143      2.126    22.4395    26.4277 -9.990e-29     2.6070 4.3529e+01  1017.6097    22.4391    17.6003     6.6730    204.926    7.44009  228.48428     89.689 -9.990e-29
   40.95932  -73.58098      2.143      2.126    22.4407    26.4274 -9.990e-29     2.5935 4.4363e+01  1017.6091    22.4403    17.5999     6.6732    204.933    7.44019  228.48728     89.691 -9.990e-29
   40.95932  -73.58098      2.152      2.136    22.4416    26.4271 -9.990e-29     2.5935 4.5252e+01  1017.6087    22.4412    17.5994     6.6734    204.938    7.44026  228.48919     89.693 -9.990e-29
   40.95932  -73.58098      2.143      2.126    22.4418    26.4266 -9.990e-29     2.5935 4.9028e+01  1017.6082    22.4414    17.5989     6.6736    204.944    7.44037  228.49218     89.694 -9.990e-29
   40.95932  -73.58098      2.143      2.126    22.4417    26.4260 -9.990e-29     2.5935 5.0652e+01  1017.6078    22.4412    17.5984     6.6741    204.960    7.44047  228.49512     89.700 -9.990e-29
   40.95932  -73.58098      2.133      2.116    22.4423    26.4251 -9.990e-29     2.5935 4.9096e+01  1017.6069    22.4419    17.5976     6.6743    204.966    7.44057  228.49826     89.701 -9.990e-29
   40.95932  -73.58098      2.143      2.126    22.4432    26.4242 -9.990e-29     2.5935 4.1185e+01  1017.6058    22.4428    17.5967     6.6748    204.982    7.44065  228.50053     89.707 -9.990e-29
   40.95932  -73.58098      2.143      2.126    22.4443    26.4236 -9.990e-29     2.5935 3.8131e+01  1017.6052    22.4439    17.5960     6.6753    204.996    7.44071  228.50238     89.713 -9.990e-29
   40.95932  -73.58098      2.143      2.126    22.4451    26.4233 -9.990e-29     2.5935 3.7992e+01  1017.6049    22.4447    17.5956     6.6758    205.011    7.44076  228.50365     89.719 -9.990e-29
   40.95932  -73.58098      2.143      2.126    22.4459    26.4230 -9.990e-29     2.5935 4.1114e+01  1017.6045    22.4455    17.5951     6.6762    205.025    7.44081  228.50510     89.725 -9.990e-29
   40.95932  -73.58098      2.152      2.135    22.4468    26.4224 -9.990e-29     2.5935 4.4589e+01  1017.6036    22.4464    17.5944     6.6763    205.029    7.44084  228.50608     89.726 -9.990e-29
   40.95932  -73.58098      2.143      2.126    22.4467    26.4216 -9.990e-29     2.5935 4.2124e+01  1017.6031    22.4463    17.5937     6.6764    205.031    7.44081  228.50551     89.727 -9.990e-29
   40.95932  -73.58098      2.143      2.126    22.4473    26.4209 -9.990e-29     2.5935 4.4283e+01  1017.6023    22.4469    17.5930     6.6764    205.032    7.44082  228.50573     89.727 -9.990e-29
   40.95934  -73.58098      2.143      2.126    22.4480    26.4203 -9.990e-29     2.5935 4.7029e+01  1017.6016    22.4476    17.5924     6.6765    205.034    7.44084  228.50643     89.728 -9.990e-29
   40.95934  -73.58098      2.143      2.126    22.4487    26.4198 -9.990e-29     2.5935 4.8236e+01  1017.6012    22.4483    17.5919     6.6722    204.900    7.44083  228.50600     89.670 -9.990e-29
   40.95934  -73.58098      2.143      2.126    22.4494    26.4196 -9.990e-29     2.5935 4.9292e+01  1017.6007    22.4490    17.5916     6.6718    204.890    7.44080  228.50498     89.665 -9.990e-29
   40.95934  -73.58098      2.143      2.126    22.4498    26.4195 -9.990e-29     2.5935 5.0186e+01  1017.6005    22.4494    17.5914     6.6758    205.013    7.44075  228.50360     89.720 -9.990e-29
   40.95934  -73.58098      2.143      2.126    22.4496    26.4196 -9.990e-29     2.5935 5.0383e+01  1017.6009    22.4492    17.5916     6.6711    204.867    7.44066  228.50103     89.657 -9.990e-29
   40.95934  -73.58098      2.143      2.126    22.4491    26.4198 -9.990e-29     2.5935 5.0697e+01  1017.6011    22.4487    17.5918     6.6746    204.977    7.44058  228.49866     89.706 -9.990e-29
   40.95934  -73.58098      2.152      2.135    22.4489    26.4200 -9.990e-29     2.5935 5.0970e+01  1017.6013    22.4485    17.5920     6.6746    204.975    7.44053  228.49714     89.706 -9.990e-29
   40.95934  -73.58098      2.143      2.126    22.4489    26.4202 -9.990e-29     2.5935 5.1189e+01  1017.6014    22.4485    17.5921     6.6701    204.838    7.44045  228.49484     89.647 -9.990e-29
   40.95934  -73.58098      2.152      2.135    22.4487    26.4204 -9.990e-29     2.5935 4.6431e+01  1017.6017    22.4483    17.5924     6.6740    204.958    7.44037  228.49249     89.700 -9.990e-29
   40.95934  -73.58098      2.143      2.126    22.4486    26.4207 -9.990e-29     2.6070 3.9147e+01  1017.6019    22.4482    17.5926     6.6735    204.943    7.44029  228.49001     89.695 -9.990e-29
   40.95934  -73.58098      2.152      2.135    22.4482    26.4210 -9.990e-29     2.5935 3.7311e+01  1017.6022    22.4478    17.5930     6.6734    204.939    7.44023  228.48838     89.693 -9.990e-29
   40.95934  -73.58098      2.152      2.135    22.4475    26.4214 -9.990e-29     2.5935 3.8160e+01  1017.6028    22.4471    17.5935     6.6732    204.934    7.44015  228.48604     89.692 -9.990e-29
   40.95934  -73.58098      2.152      2.135    22.4467    26.4220 -9.990e-29     2.5935 3.9735e+01  1017.6034    22.4463    17.5941     6.6730    204.928    7.44007  228.48380     89.691 -9.990e-29
   40.95934  -73.58098      2.152      2.135    22.4461    26.4226 -9.990e-29     2.5935 4.0437e+01  1017.6042    22.4456    17.5947     6.6729    204.924    7.44004  228.48282     89.689 -9.990e-29
   40.95934  -73.58098      2.152      2.135    22.4455    26.4230 -9.990e-29     2.5935 4.1036e+01  1017.6045    22.4451    17.5951     6.6680    204.773    7.43998  228.48101     89.624 -9.990e-29
   40.95934  -73.58098      2.153      2.137    22.4451    26.4231 -9.990e-29     2.6070 4.3045e+01  1017.6048    22.4447    17.5953     6.6718    204.891    7.43994  228.47993     89.676 -9.990e-29
   40.95934  -73.58098      2.163      2.146    22.4452    26.4231 -9.990e-29     2.5935 4.4053e+01  1017.6045    22.4448    17.5953     6.6716    204.885    7.43989  228.47842     89.673 -9.990e-29
   40.95934  -73.58098      2.163      2.146    22.4450    26.4231 -9.990e-29     2.5935 4.4668e+01  1017.6048    22.4445    17.5954     6.6674    204.755    7.43987  228.47788     89.617 -9.990e-29
