CalculateIndicators/WaterTemperature/Data/CTD_NYOS/20240912_C03.cnv
* Sea-Bird SBE 9 Data File:
* FileName = C:\Seabird 9 CTD\Data\2024\202409_offshore\20240912_C03.hex
* Software Version Seasave V 7.23.2
* Temperature SN = 4590
* Conductivity SN = 3228
* Number of Bytes Per Scan = 44
* Number of Voltage Words = 5
* Number of Scans Averaged by the Deck Unit = 1
* NMEA Latitude = 40 26.89 N
* NMEA Longitude = 073 42.83 W
* NMEA UTC (Time) = Sep 12 2024  00:13:53
* NMEA baud rate = 4800
** Ship: Seawolf
** Station: HR2
** Operator: TCM
# nquan = 18
# nvalues = 9126                        
# units = specified
# name 0 = latitude: Latitude [deg]
# name 1 = longitude: Longitude [deg]
# name 2 = prDM: Pressure, Digiquartz [db]
# name 3 = depSM: Depth [salt water, m]
# name 4 = t090C: Temperature [ITS-90, deg C]
# name 5 = sal00: Salinity, Practical [PSU]
# name 6 = ph: pH
# name 7 = flECO-AFL: Fluorescence, WET Labs ECO-AFL/FL [mg/m^3]
# name 8 = cpar: CPAR/Corrected Irradiance [%]
# name 9 = density00: Density [density, kg/m^3]
# name 10 = potemp090C: Potential Temperature [ITS-90, deg C]
# name 11 = sigma-é00: Density [sigma-theta, kg/m^3]
# name 12 = sbeox0Mg/L: Oxygen, SBE 43 [mg/l]
# name 13 = sbox0Mm/Kg: Oxygen, SBE 43 [umol/kg]
# name 14 = oxsolMg/L: Oxygen Saturation, Garcia & Gordon [mg/l]
# name 15 = oxsolMm/Kg: Oxygen Saturation, Garcia & Gordon [umol/kg]
# name 16 = sbeox0PS: Oxygen, SBE 43 [% saturation]
# name 17 = flag:  0.000e+00
# span 0 =   40.44832,   40.44902       
# span 1 =  -73.71394,  -73.71348       
# span 2 =      1.547,     22.691       
# span 3 =      1.535,     22.515       
# span 4 =    11.2437,    21.0541       
# span 5 =    30.6104,    31.9300       
# span 6 =      7.846,      8.244       
# span 7 =     0.4580,     1.8011       
# span 8 = 1.6880e-11, 9.9999e+04       
# span 9 =  1021.2544,  1024.4401       
# span 10 =    11.2410,    21.0536      
# span 11 =    21.2577,    24.3306      
# span 12 =     5.0360,     8.1277      
# span 13 =    153.808,    248.695      
# span 14 =    7.43727,    8.96835      
# span 15 =  227.57753,  273.63856      
# span 16 =     60.017,    109.051      
# span 17 = 0.0000e+00, 0.0000e+00      
# interval = seconds: 0.0416667
# start_time = Sep 12 2024 00:13:55 [System UTC, first data scan.]
# bad_flag = -9.990e-29
*END*
[from data line 5227]
   40.44872  -73.71364     10.040      9.963    20.9387    30.7796 -9.990e-29     1.3847 1.6880e-11  1021.3448    20.9368    21.3012     8.0956    247.713    7.45293  228.04869    108.623 -9.990e-29
   40.44872  -73.71364     10.040      9.963    20.9388    30.7791 -9.990e-29     1.3847 1.6880e-11  1021.3443    20.9369    21.3009     8.0959    247.722    7.45287  228.04715    108.628 -9.990e-29
   40.44872  -73.71364     10.040      9.963    20.9379    30.7788 -9.990e-29     1.3847 1.6880e-11  1021.3441    20.9360    21.3009     8.0962    247.733    7.45288  228.04751    108.632 -9.990e-29
   40.44872  -73.71364     10.026      9.949    20.9365    30.7788 -9.990e-29     1.3847 1.6880e-11  1021.3445    20.9346    21.3013     8.0965    247.741    7.45285  228.04687    108.636 -9.990e-29
   40.44872  -73.71364     10.021      9.943    20.9349    30.7793 -9.990e-29     1.3847 1.6880e-11  1021.3453    20.9330    21.3020     8.1011    247.884    7.45283  228.04629    108.699 -9.990e-29
   40.44872  -73.71364     10.010      9.932    20.9342    30.7797 -9.990e-29     1.3847 1.6880e-11  1021.3464    20.9324    21.3024     8.1017    247.901    7.45281  228.04557    108.707 -9.990e-29
   40.44872  -73.71364     10.010      9.932    20.9346    30.7796 -9.990e-29     1.3847 1.6880e-11  1021.3457    20.9327    21.3024     8.1023    247.918    7.45282  228.04588    108.714 -9.990e-29
   40.44872  -73.71364     10.000      9.923    20.9338    30.7794 -9.990e-29     1.3847 1.6880e-11  1021.3453    20.9320    21.3024     8.1028    247.933    7.45281  228.04574    108.721 -9.990e-29
   40.44872  -73.71364     10.000      9.923    20.9326    30.7797 -9.990e-29     1.3847 1.6880e-11  1021.3461    20.9308    21.3029     8.1032    247.947    7.45282  228.04598    108.727 -9.990e-29
   40.44872  -73.71364      9.991      9.913    20.9314    30.7804 -9.990e-29     1.3847 1.6880e-11  1021.3471    20.9295    21.3037     8.1037    247.962    7.45289  228.04810    108.732 -9.990e-29
   40.44872  -73.71364      9.991      9.913    20.9305    30.7811 -9.990e-29     1.3847 1.6880e-11  1021.3476    20.9286    21.3045     8.1041    247.975    7.45294  228.04978    108.737 -9.990e-29
   40.44872  -73.71364      9.980      9.902    20.9295    30.7820 -9.990e-29     1.3847 1.6880e-11  1021.3488    20.9276    21.3055     8.1046    247.988    7.45304  228.05301    108.742 -9.990e-29
   40.44872  -73.71364      9.970      9.893    20.9293    30.7828 -9.990e-29     1.3847 1.6880e-11  1021.3497    20.9274    21.3062     8.1093    248.133    7.45312  228.05535    108.804 -9.990e-29
   40.44872  -73.71364      9.980      9.902    20.9289    30.7831 -9.990e-29     1.3847 1.6880e-11  1021.3498    20.9270    21.3065     8.1055    248.016    7.45312  228.05510    108.753 -9.990e-29
   40.44872  -73.71364      9.960      9.883    20.9289    30.7831 -9.990e-29     1.3847 1.6880e-11  1021.3498    20.9270    21.3065     8.1053    248.010    7.45313  228.05516    108.750 -9.990e-29
   40.44872  -73.71364      9.960      9.883    20.9286    30.7830 -9.990e-29     1.3847 1.6880e-11  1021.3495    20.9267    21.3065     8.1093    248.134    7.45308  228.05369    108.805 -9.990e-29
   40.44872  -73.71364      9.960      9.883    20.9282    30.7830 -9.990e-29     1.3847 1.6880e-11  1021.3497    20.9263    21.3066     8.1094    248.135    7.45307  228.05337    108.806 -9.990e-29
   40.44872  -73.71364      9.955      9.878    20.9282    30.7832 -9.990e-29     1.3847 1.6880e-11  1021.3499    20.9264    21.3067     8.1093    248.132    7.45305  228.05246    108.805 -9.990e-29
   40.44872  -73.71364      9.949      9.872    20.9280    30.7834 -9.990e-29     1.3847 1.6880e-11  1021.3501    20.9262    21.3069     8.1095    248.140    7.45307  228.05321    108.808 -9.990e-29
   40.44872  -73.71364      9.940      9.863    20.9282    30.7837 -9.990e-29     1.3847 1.6880e-11  1021.3502    20.9264    21.3071     8.1093    248.133    7.45304  228.05248    108.805 -9.990e-29
   40.44872  -73.71364      9.949      9.872    20.9280    30.7838 -9.990e-29     1.3847 1.6880e-11  1021.3505    20.9262    21.3072     8.1091    248.125    7.45306  228.05288    108.802 -9.990e-29
   40.44872  -73.71364      9.940      9.863    20.9284    30.7836 -9.990e-29     1.3847 1.6880e-11  1021.3500    20.9265    21.3070     8.1086    248.112    7.45299  228.05069    108.797 -9.990e-29
   40.44872  -73.71364      9.940      9.863    20.9286    30.7834 -9.990e-29     1.3847 1.6880e-11  1021.3499    20.9267    21.3068     8.1085    248.109    7.45293  228.04896    108.796 -9.990e-29
   40.44872  -73.71364      9.929      9.852    20.9287    30.7832 -9.990e-29     1.3847 1.6880e-11  1021.3495    20.9269    21.3066     8.1040    247.970    7.45288  228.04733    108.736 -9.990e-29
   40.44872  -73.71364      9.940      9.863    20.9293    30.7832 -9.990e-29     1.3847 1.6880e-11  1021.3494    20.9274    21.3065     8.1078    248.088    7.45285  228.04677    108.788 -9.990e-29
   40.44872  -73.71364      9.929      9.852    20.9289    30.7835 -9.990e-29     1.3847 1.6880e-11  1021.3497    20.9271    21.3067     8.1076    248.082    7.45285  228.04687    108.785 -9.990e-29
   40.44872  -73.71364      9.929      9.852    20.9291    30.7838 -9.990e-29     1.3847 1.6880e-11  1021.3501    20.9272    21.3070     8.1074    248.074    7.45289  228.04800    108.782 -9.990e-29
   40.44872  -73.71364      9.929      9.852    20.9291    30.7840 -9.990e-29     1.3847 1.6880e-11  1021.3502    20.9273    21.3071     8.1070    248.063    7.45284  228.04647    108.777 -9.990e-29
   40.44872  -73.71364      9.929      9.852    20.9291    30.7842 -9.990e-29     1.3847 1.6880e-11  1021.3501    20.9272    21.3073     8.1066    248.049    7.45281  228.04558    108.772 -9.990e-29
   40.44872  -73.71364      9.929      9.852    20.9289    30.7845 -9.990e-29     1.3847 1.6880e-11  1021.3507    20.9271    21.3075     8.1061    248.036    7.45282  228.04588    108.766 -9.990e-29
   40.44872  -73.71364      9.929      9.852    20.9293    30.7848 -9.990e-29     1.3847 1.6880e-11  1021.3507    20.9274    21.3077     8.1060    248.031    7.45280  228.04525    108.764 -9.990e-29
   40.44872  -73.71364      9.940      9.863    20.9293    30.7848 -9.990e-29     1.3847 1.6880e-11  1021.3508    20.9274    21.3077     8.1058    248.027    7.45282  228.04588    108.762 -9.990e-29
   40.44872  -73.71364      9.934      9.857    20.9296    30.7847 -9.990e-29     1.3847 1.6880e-11  1021.3506    20.9278    21.3076     8.1052    248.009    7.45286  228.04693    108.753 -9.990e-29
   40.44872  -73.71364      9.929      9.852    20.9300    30.7846 -9.990e-29     1.3847 1.6880e-11  1021.3502    20.9281    21.3074     8.1050    248.003    7.45293  228.04926    108.750 -9.990e-29
   40.44872  -73.71364      9.929      9.852    20.9300    30.7847 -9.990e-29     1.3847 1.6880e-11  1021.3503    20.9281    21.3073     8.1047    247.994    7.45295  228.04999    108.745 -9.990e-29
   40.44872  -73.71364      9.940      9.863    20.9307    30.7851 -9.990e-29     1.3847 1.6880e-11  1021.3504    20.9288    21.3075     8.1045    247.985    7.45306  228.05332    108.740 -9.990e-29
   40.44872  -73.71364      9.940      9.863    20.9311    30.7856 -9.990e-29     1.3847 1.6880e-11  1021.3511    20.9292    21.3077     8.0997    247.839    7.45309  228.05445    108.675 -9.990e-29
   40.44872  -73.71364      9.949      9.872    20.9321    30.7855 -9.990e-29     1.3847 1.6880e-11  1021.3511    20.9302    21.3074     8.0989    247.816    7.45313  228.05558    108.665 -9.990e-29
   40.44872  -73.71364      9.940      9.863    20.9331    30.7845 -9.990e-29     1.4519 1.6880e-11  1021.3497    20.9313    21.3064     8.0985    247.802    7.45316  228.05641    108.658 -9.990e-29
   40.44872  -73.71364      9.949      9.872    20.9344    30.7829 -9.990e-29     1.5056 1.6880e-11  1021.3480    20.9325    21.3050     8.0976    247.776    7.45316  228.05625    108.647 -9.990e-29
   40.44872  -73.71364      9.949      9.872    20.9349    30.7816 -9.990e-29     1.5056 1.6880e-11  1021.3465    20.9331    21.3038     8.0971    247.761    7.45320  228.05755    108.640 -9.990e-29
   40.44872  -73.71364      9.949      9.872    20.9349    30.7809 -9.990e-29     1.5056 1.6880e-11  1021.3459    20.9331    21.3033     8.1010    247.880    7.45321  228.05771    108.692 -9.990e-29
   40.44872  -73.71364      9.949      9.872    20.9344    30.7810 -9.990e-29     1.5056 1.6880e-11  1021.3465    20.9325    21.3035     8.0965    247.741    7.45325  228.05886    108.630 -9.990e-29
   40.44872  -73.71364      9.960      9.883    20.9340    30.7816 -9.990e-29     1.5056 1.6880e-11  1021.3472    20.9322    21.3040     8.0963    247.736    7.45327  228.05959    108.628 -9.990e-29
   40.44872  -73.71364      9.960      9.883    20.9340    30.7824 -9.990e-29     1.5056 1.6880e-11  1021.3477    20.9322    21.3046     8.0958    247.720    7.45332  228.06111    108.620 -9.990e-29
   40.44872  -73.71364      9.960      9.883    20.9338    30.7832 -9.990e-29     1.5056 1.6880e-11  1021.3484    20.9320    21.3052     8.0996    247.838    7.45337  228.06238    108.671 -9.990e-29
   40.44872  -73.71364      9.960      9.883    20.9344    30.7840 -9.990e-29     1.5056 1.6880e-11  1021.3490    20.9326    21.3057     8.0950    247.696    7.45338  228.06283    108.609 -9.990e-29
   40.44872  -73.71364      9.955      9.878    20.9353    30.7843 -9.990e-29     1.5056 1.6880e-11  1021.3494    20.9334    21.3057     8.0944    247.676    7.45337  228.06251    108.600 -9.990e-29
   40.44872  -73.71364      9.970      9.893    20.9363    30.7838 -9.990e-29     1.5056 1.6880e-11  1021.3484    20.9345    21.3051     8.0937    247.656    7.45337  228.06258    108.591 -9.990e-29
   40.44872  -73.71364      9.970      9.893    20.9372    30.7829 -9.990e-29     1.5056 1.6880e-11  1021.3471    20.9353    21.3042     8.0975    247.772    7.45340  228.06331    108.642 -9.990e-29
   40.44872  -73.71364      9.960      9.883    20.9374    30.7821 -9.990e-29     1.5056 1.6880e-11  1021.3466    20.9355    21.3035     8.0927    247.625    7.45335  228.06176    108.578 -9.990e-29
   40.44872  -73.71364      9.970      9.893    20.9377    30.7817 -9.990e-29     1.5056 1.6880e-11  1021.3461    20.9359    21.3031     8.0920    247.603    7.45333  228.06110    108.569 -9.990e-29
   40.44872  -73.71364      9.980      9.903    20.9379    30.7814 -9.990e-29     1.5056 1.6880e-11  1021.3460    20.9360    21.3028     8.0912    247.580    7.45330  228.06012    108.559 -9.990e-29
   40.44872  -73.71364      9.970      9.893    20.9381    30.7814 -9.990e-29     1.5056 1.6880e-11  1021.3459    20.9362    21.3028     8.0952    247.701    7.45323  228.05815    108.613 -9.990e-29
   40.44872  -73.71364      9.980      9.903    20.9379    30.7814 -9.990e-29     1.5056 1.6880e-11  1021.3462    20.9360    21.3028     8.0907    247.565    7.45319  228.05670    108.554 -9.990e-29
   40.44872  -73.71364      9.980      9.903    20.9381    30.7811 -9.990e-29     1.5056 1.6880e-11  1021.3459    20.9362    21.3026     8.0902    247.550    7.45309  228.05363    108.549 -9.990e-29
   40.44872  -73.71364      9.970      9.893    20.9383    30.7807 -9.990e-29     1.5056 1.6880e-11  1021.3453    20.9364    21.3022     8.0898    247.535    7.45297  228.05007    108.544 -9.990e-29
   40.44872  -73.71364      9.980      9.903    20.9379    30.7802 -9.990e-29     1.5056 1.6880e-11  1021.3451    20.9360    21.3020     8.0893    247.521    7.45292  228.04864    108.539 -9.990e-29
   40.44872  -73.71364      9.980      9.903    20.9376    30.7798 -9.990e-29     1.5056 1.6880e-11  1021.3450    20.9357    21.3017     8.0889    247.509    7.45289  228.04783    108.534 -9.990e-29
   40.44872  -73.71364      9.991      9.913    20.9370    30.7795 -9.990e-29     1.5056 1.6880e-11  1021.3447    20.9351    21.3016     8.0885    247.497    7.45285  228.04672    108.529 -9.990e-29
   40.44872  -73.71364      9.980      9.903    20.9365    30.7797 -9.990e-29     1.5056 1.6880e-11  1021.3447    20.9346    21.3020     8.0925    247.620    7.45284  228.04674    108.583 -9.990e-29
   40.44872  -73.71364      9.985      9.908    20.9360    30.7806 -9.990e-29     1.5056 1.6880e-11  1021.3461    20.9341    21.3027     8.0929    247.630    7.45286  228.04721    108.587 -9.990e-29
   40.44872  -73.71364      9.991      9.913    20.9356    30.7814 -9.990e-29     1.4788 1.6880e-11  1021.3469    20.9338    21.3033     8.0928    247.629    7.45284  228.04657    108.587 -9.990e-29
   40.44872  -73.71364      9.980      9.903    20.9360    30.7818 -9.990e-29     1.4250 1.6880e-11  1021.3468    20.9341    21.3036     8.0884    247.494    7.45287  228.04757    108.528 -9.990e-29
   40.44872  -73.71364      9.991      9.913    20.9360    30.7820 -9.990e-29     1.4116 1.6880e-11  1021.3470    20.9341    21.3038     8.0928    247.630    7.45292  228.04903    108.586 -9.990e-29
   40.44872  -73.71364      9.991      9.913    20.9360    30.7821 -9.990e-29     1.4116 1.6880e-11  1021.3474    20.9341    21.3039     8.0933    247.643    7.45299  228.05138    108.591 -9.990e-29
   40.44872  -73.71364      9.991      9.913    20.9360    30.7820 -9.990e-29     1.4116 1.6880e-11  1021.3471    20.9341    21.3038     8.0936    247.654    7.45304  228.05284    108.595 -9.990e-29
   40.44872  -73.71364      9.991      9.913    20.9363    30.7819 -9.990e-29     1.4116 1.6880e-11  1021.3466    20.9345    21.3037     8.0940    247.666    7.45308  228.05403    108.600 -9.990e-29
   40.44872  -73.71364      9.991      9.913    20.9360    30.7821 -9.990e-29     1.4116 1.6880e-11  1021.3472    20.9341    21.3039     8.0944    247.678    7.45312  228.05520    108.604 -9.990e-29
   40.44872  -73.71364      9.991      9.913    20.9364    30.7825 -9.990e-29     1.4116 1.6880e-11  1021.3473    20.9345    21.3041     8.0948    247.690    7.45320  228.05749    108.609 -9.990e-29
   40.44872  -73.71364      9.991      9.913    20.9367    30.7826 -9.990e-29     1.4116 1.6880e-11  1021.3476    20.9348    21.3041     8.0996    247.835    7.45320  228.05747    108.672 -9.990e-29
   40.44872  -73.71364      9.991      9.913    20.9372    30.7824 -9.990e-29     1.4116 1.6880e-11  1021.3471    20.9353    21.3038     8.1003    247.857    7.45325  228.05877    108.681 -9.990e-29
   40.44872  -73.71364      9.991      9.913    20.9376    30.7818 -9.990e-29     1.4116 1.6880e-11  1021.3466    20.9357    21.3033     8.1006    247.868    7.45330  228.06032    108.685 -9.990e-29
   40.44872  -73.71364      9.991      9.913    20.9379    30.7813      8.220     1.4116 1.6880e-11  1021.3457    20.9360    21.3028     8.1013    247.887    7.45331  228.06049    108.694 -9.990e-29
   40.44872  -73.71364      9.980      9.903    20.9376    30.7811      8.220     1.4116 1.6880e-11  1021.3459    20.9357    21.3027     8.1063    248.041    7.45332  228.06083    108.761 -9.990e-29
   40.44872  -73.71364     10.006      9.928    20.9379    30.7812      8.225     1.4116 1.6880e-11  1021.3460    20.9360    21.3027     8.1028    247.935    7.45330  228.06033    108.715 -9.990e-29
   40.44872  -73.71364      9.980      9.903    20.9381    30.7814      8.225     1.4116 1.6880e-11  1021.3460    20.9362    21.3028     8.1034    247.954    7.45333  228.06129    108.723 -9.990e-29
   40.44872  -73.71364      9.991      9.913    20.9379    30.7816      8.225     1.4116 1.6880e-11  1021.3462    20.9360    21.3029     8.1084    248.107    7.45336  228.06225    108.789 -9.990e-29
   40.44872  -73.71364      9.980      9.903    20.9381    30.7816      8.220     1.4116 1.6880e-11  1021.3462    20.9362    21.3029     8.1094    248.135    7.45339  228.06304    108.801 -9.990e-29
