CalculateIndicators/WaterTemperature/Data/CTD_NYOS/20240429_C34.cnv
* Sea-Bird SBE 9 Data File:
* FileName = C:\Seabird 9 CTD\Data\2024\202404_offshore\20240429_C34.hex
* Software Version Seasave V 7.23.2
* Temperature SN = 4590
* Conductivity SN = 3228
* Number of Bytes Per Scan = 44
* Number of Voltage Words = 5
* Number of Scans Averaged by the Deck Unit = 1
* NMEA Latitude = 40 41.11 N
* NMEA Longitude = 072 04.13 W
* NMEA UTC (Time) = Apr 29 2024  23:00:46
* NMEA baud rate = 4800
** Ship: Seawolf
** Station: 11.2
** Operator: TDK
# nquan = 18
# nvalues = 13541                       
# units = specified
# name 0 = latitude: Latitude [deg]
# name 1 = longitude: Longitude [deg]
# name 2 = prDM: Pressure, Digiquartz [db]
# name 3 = depSM: Depth [salt water, m]
# name 4 = t090C: Temperature [ITS-90, deg C]
# name 5 = sal00: Salinity, Practical [PSU]
# name 6 = ph: pH
# name 7 = flECO-AFL: Fluorescence, WET Labs ECO-AFL/FL [mg/m^3]
# name 8 = cpar: CPAR/Corrected Irradiance [%]
# name 9 = density00: Density [density, kg/m^3]
# name 10 = potemp090C: Potential Temperature [ITS-90, deg C]
# name 11 = sigma-é00: Density [sigma-theta, kg/m^3]
# name 12 = sbeox0Mg/L: Oxygen, SBE 43 [mg/l]
# name 13 = sbox0Mm/Kg: Oxygen, SBE 43 [umol/kg]
# name 14 = oxsolMg/L: Oxygen Saturation, Garcia & Gordon [mg/l]
# name 15 = oxsolMm/Kg: Oxygen Saturation, Garcia & Gordon [umol/kg]
# name 16 = sbeox0PS: Oxygen, SBE 43 [% saturation]
# name 17 = flag:  0.000e+00
# span 0 =   40.68522,   40.68670       
# span 1 =  -72.07206,  -72.06882       
# span 2 =      1.264,     44.580       
# span 3 =      1.255,     44.231       
# span 4 =     5.8869,    10.2131       
# span 5 =    29.1194,    31.7475       
# span 6 =      7.887,      8.077       
# span 7 =     0.0416,     4.3530       
# span 8 = 3.8954e-13, 3.3420e+01       
# span 9 =  1022.3454,  1025.1975       
# span 10 =     5.8839,    10.2129      
# span 11 =    22.3499,    24.9920      
# span 12 =     8.9890,    10.8126      
# span 13 =    274.061,    330.085      
# span 14 =    9.32558,   10.11972      
# span 15 =  285.05658,  308.54779      
# span 16 =     88.942,    112.869      
# span 17 = 0.0000e+00, 0.0000e+00      
# interval = seconds: 0.0416667
# start_time = Apr 29 2024 23:00:43 [System UTC, first data scan.]
# bad_flag = -9.990e-29
*END*
[from data line 5468]
   40.68582  -72.07010     43.748     43.405     5.9265    31.7433      7.891     0.1357 4.8692e-13  1025.1916     5.9231    24.9893     9.0264    275.201   10.10499  308.08676     89.326 -9.990e-29
   40.68582  -72.07010     43.748     43.405     5.9265    31.7434      7.891     0.1357 4.8692e-13  1025.1916     5.9231    24.9893     9.0204    275.019   10.10494  308.08522     89.267 -9.990e-29
   40.68582  -72.07010     43.748     43.405     5.9264    31.7434      7.891     0.1357 4.8692e-13  1025.1915     5.9230    24.9894     9.0266    275.209   10.10490  308.08413     89.329 -9.990e-29
   40.68582  -72.07010     43.738     43.396     5.9261    31.7434      7.891     0.1357 4.8692e-13  1025.1918     5.9226    24.9894     9.0273    275.231   10.10496  308.08617     89.336 -9.990e-29
   40.68582  -72.07010     43.727     43.385     5.9265    31.7434      7.887     0.1357 4.8692e-13  1025.1914     5.9231    24.9893     9.0280    275.252   10.10504  308.08836     89.342 -9.990e-29
   40.68582  -72.07010     43.738     43.396     5.9267    31.7433      7.887     0.1357 4.8692e-13  1025.1914     5.9232    24.9893     9.0277    275.242   10.10521  308.09387     89.337 -9.990e-29
   40.68582  -72.07010     43.718     43.375     5.9266    31.7434      7.887     0.1357 4.8692e-13  1025.1914     5.9231    24.9893     9.0217    275.060   10.10537  308.09857     89.277 -9.990e-29
   40.68582  -72.07010     43.727     43.385     5.9265    31.7434      7.887     0.1357 4.8692e-13  1025.1916     5.9231    24.9893     9.0202    275.014   10.10547  308.10144     89.261 -9.990e-29
   40.68582  -72.07010     43.718     43.375     5.9270    31.7434      7.891     0.1357 4.8692e-13  1025.1914     5.9236    24.9892     9.0185    274.962   10.10539  308.09872     89.245 -9.990e-29
   40.68582  -72.07010     43.718     43.375     5.9270    31.7433      7.887     0.1357 4.8692e-13  1025.1911     5.9236    24.9892     9.0244    275.139   10.10522  308.09358     89.304 -9.990e-29
   40.68582  -72.07010     43.708     43.366     5.9267    31.7433      7.887     0.1357 4.8692e-13  1025.1914     5.9233    24.9892     9.0235    275.112   10.10504  308.08792     89.297 -9.990e-29
   40.68582  -72.07010     43.697     43.355     5.9268    31.7433      7.887     0.1357 4.8692e-13  1025.1912     5.9234    24.9892     9.0158    274.878   10.10476  308.07937     89.223 -9.990e-29
   40.68582  -72.07010     43.718     43.375     5.9270    31.7435      7.887     0.1357 4.8692e-13  1025.1914     5.9236    24.9893     9.0202    275.014   10.10447  308.07055     89.270 -9.990e-29
   40.68582  -72.07010     43.687     43.345     5.9270    31.7438      7.887     0.1357 4.8692e-13  1025.1917     5.9236    24.9895     9.0202    275.012   10.10427  308.06477     89.271 -9.990e-29
   40.68582  -72.07010     43.708     43.366     5.9277    31.7438      7.887     0.1357 4.8692e-13  1025.1915     5.9242    24.9895     9.0192    274.982   10.10423  308.06374     89.261 -9.990e-29
   40.68582  -72.07010     43.687     43.345     5.9277    31.7437      7.887     0.1088 4.8692e-13  1025.1914     5.9242    24.9894     9.0191    274.979   10.10413  308.06053     89.261 -9.990e-29
   40.68582  -72.07010     43.697     43.355     5.9277    31.7435      7.887     0.0819 4.8692e-13  1025.1912     5.9242    24.9892     9.0123    274.774   10.10403  308.05758     89.196 -9.990e-29
   40.68582  -72.07010     43.676     43.334     5.9277    31.7434      7.887     0.0819 4.8692e-13  1025.1911     5.9242    24.9892     9.0122    274.770   10.10392  308.05422     89.195 -9.990e-29
   40.68582  -72.07010     43.687     43.345     5.9277    31.7432      7.891     0.0819 4.8692e-13  1025.1911     5.9242    24.9890     9.0122    274.768   10.10379  308.05027     89.196 -9.990e-29
   40.68582  -72.07010     43.687     43.345     5.9277    31.7429      7.887     0.0819 4.8692e-13  1025.1904     5.9242    24.9888     9.0045    274.535   10.10373  308.04853     89.121 -9.990e-29
   40.68582  -72.07010     43.676     43.334     5.9275    31.7429      7.891     0.0819 4.8692e-13  1025.1910     5.9241    24.9888     9.0094    274.685   10.10394  308.05533     89.167 -9.990e-29
   40.68582  -72.07010     43.687     43.345     5.9275    31.7428      7.887     0.0819 4.8692e-13  1025.1908     5.9241    24.9888     9.0088    274.666   10.10427  308.06551     89.158 -9.990e-29
   40.68582  -72.07010     43.676     43.334     5.9272    31.7427      7.887     0.0819 4.8692e-13  1025.1904     5.9237    24.9887     9.0082    274.648   10.10459  308.07533     89.150 -9.990e-29
   40.68582  -72.07010     43.676     43.334     5.9269    31.7428      7.887     0.0819 4.8692e-13  1025.1908     5.9235    24.9888     9.0075    274.627   10.10480  308.08165     89.141 -9.990e-29
   40.68582  -72.07010     43.676     43.334     5.9265    31.7430      7.891     0.0819 4.8692e-13  1025.1908     5.9231    24.9890     9.0067    274.601   10.10490  308.08440     89.132 -9.990e-29
   40.68582  -72.07010     43.687     43.345     5.9262    31.7432      7.887     0.0819 4.8692e-13  1025.1914     5.9227    24.9892     9.0057    274.571   10.10482  308.08163     89.123 -9.990e-29
   40.68582  -72.07010     43.676     43.334     5.9267    31.7434      7.887     0.0819 4.8692e-13  1025.1911     5.9232    24.9894     9.0057    274.572   10.10472  308.07840     89.124 -9.990e-29
   40.68582  -72.07010     43.676     43.334     5.9269    31.7437      7.891     0.0819 4.8692e-13  1025.1915     5.9235    24.9894     9.0045    274.534   10.10436  308.06747     89.115 -9.990e-29
   40.68582  -72.07010     43.676     43.334     5.9281    31.7438      7.891     0.0819 4.8692e-13  1025.1914     5.9247    24.9894     9.0032    274.495   10.10397  308.05555     89.106 -9.990e-29
   40.68582  -72.07010     43.676     43.334     5.9290    31.7436      7.891     0.0819 4.8692e-13  1025.1911     5.9255    24.9892     9.0019    274.457   10.10360  308.04444     89.096 -9.990e-29
   40.68582  -72.07010     43.687     43.345     5.9292    31.7431      7.887     0.0819 4.8692e-13  1025.1910     5.9258    24.9889     9.0010    274.429   10.10357  308.04379     89.088 -9.990e-29
   40.68582  -72.07010     43.687     43.345     5.9295    31.7427      7.887     0.0819 4.8692e-13  1025.1900     5.9260    24.9885     9.0001    274.402   10.10357  308.04405     89.079 -9.990e-29
   40.68582 -9.990e-29     43.687     43.345     5.9286    31.7427      7.891     0.0819 4.8692e-13  1025.1903     5.9252    24.9885     9.0061    274.582   10.10377  308.05018     89.136 -9.990e-29
   40.68582 -9.990e-29     43.687     43.345     5.9280    31.7429      7.891     0.0819 4.8692e-13  1025.1910     5.9245    24.9887     9.0075    274.627   10.10408  308.05977     89.147 -9.990e-29
   40.68582 -9.990e-29     43.697     43.355     5.9281    31.7429      7.891     0.0819 4.8692e-13  1025.1906     5.9247    24.9888     9.0025    274.473   10.10450  308.07266     89.093 -9.990e-29
   40.68582 -9.990e-29     43.697     43.355     5.9279    31.7430      7.891     0.0819 4.8692e-13  1025.1908     5.9244    24.9888     9.0096    274.692   10.10492  308.08528     89.161 -9.990e-29
   40.68582 -9.990e-29     43.697     43.355     5.9280    31.7432      7.887     0.0819 4.8692e-13  1025.1910     5.9245    24.9889     9.0046    274.538   10.10529  308.09642     89.108 -9.990e-29
   40.68582 -9.990e-29     43.708     43.366     5.9281    31.7433      7.887     0.0819 4.8692e-13  1025.1910     5.9247    24.9890     9.0050    274.551   10.10552  308.10337     89.110 -9.990e-29
   40.68582 -9.990e-29     43.708     43.366     5.9281    31.7434      7.891     0.0819 4.8692e-13  1025.1912     5.9247    24.9891     9.0054    274.562   10.10561  308.10600     89.113 -9.990e-29
   40.68582 -9.990e-29     43.718     43.375     5.9283    31.7435      7.891     0.0819 4.8692e-13  1025.1912     5.9248    24.9891     9.0057    274.571   10.10565  308.10670     89.116 -9.990e-29
   40.68582 -9.990e-29     43.718     43.375     5.9288    31.7437      7.887     0.0819 4.8692e-13  1025.1913     5.9254    24.9893     9.0127    274.783   10.10565  308.10685     89.184 -9.990e-29
   40.68582 -9.990e-29     43.727     43.385     5.9294    31.7441      7.891     0.0954 4.8692e-13  1025.1918     5.9260    24.9896     9.0073    274.621   10.10560  308.10517     89.132 -9.990e-29
   40.68582 -9.990e-29     43.738     43.396     5.9305    31.7444      7.887     0.0954 4.8692e-13  1025.1921     5.9271    24.9896     9.0132    274.801   10.10559  308.10506     89.191 -9.990e-29
   40.68582 -9.990e-29     43.738     43.396     5.9314    31.7442      7.891     0.0954 4.8692e-13  1025.1917     5.9279    24.9894     9.0070    274.609   10.10562  308.10608     89.128 -9.990e-29
   40.68582 -9.990e-29     43.748     43.405     5.9320    31.7438      7.891     0.0954 4.8692e-13  1025.1910     5.9286    24.9890     9.0073    274.621   10.10570  308.10830     89.131 -9.990e-29
   40.68582 -9.990e-29     43.758     43.415     5.9320    31.7435      7.891     0.0819 4.8692e-13  1025.1912     5.9285    24.9887     9.0134    274.806   10.10583  308.11234     89.190 -9.990e-29
   40.68582 -9.990e-29     43.758     43.415     5.9327    31.7432      7.891     0.0954 4.8692e-13  1025.1906     5.9292    24.9884     9.0136    274.811   10.10574  308.10958     89.193 -9.990e-29
   40.68582 -9.990e-29     43.778     43.436     5.9330    31.7431      7.887     0.0954 4.8692e-13  1025.1906     5.9295    24.9883     9.0148    274.848   10.10564  308.10655     89.206 -9.990e-29
   40.68582 -9.990e-29     43.778     43.436     5.9328    31.7432      7.887     0.0954 4.8692e-13  1025.1907     5.9294    24.9884     9.0149    274.853   10.10557  308.10413     89.208 -9.990e-29
   40.68582 -9.990e-29     43.789     43.447     5.9328    31.7433      7.891     0.0954 4.8692e-13  1025.1912     5.9294    24.9884     9.0096    274.689   10.10556  308.10407     89.155 -9.990e-29
   40.68582 -9.990e-29     43.789     43.447     5.9332    31.7430      7.887     0.0954 4.8692e-13  1025.1907     5.9297    24.9882     9.0155    274.869   10.10561  308.10572     89.213 -9.990e-29
   40.68582 -9.990e-29     43.809     43.466     5.9332    31.7425      7.891     0.0954 4.8692e-13  1025.1901     5.9297    24.9879     9.0102    274.707   10.10568  308.10746     89.160 -9.990e-29
   40.68582 -9.990e-29     43.820     43.477     5.9328    31.7422      7.887     0.0819 4.8692e-13  1025.1903     5.9294    24.9876     9.0103    274.710   10.10553  308.10306     89.162 -9.990e-29
   40.68582 -9.990e-29     43.820     43.477     5.9322    31.7421      7.891     0.0954 4.8692e-13  1025.1900     5.9287    24.9876     9.0172    274.922   10.10551  308.10264     89.231 -9.990e-29
   40.68582 -9.990e-29     43.850     43.507     5.9315    31.7423      7.891     0.0819 4.8692e-13  1025.1903     5.9280    24.9878     9.0120    274.763   10.10559  308.10512     89.178 -9.990e-29
   40.68582 -9.990e-29     43.850     43.507     5.9309    31.7428      7.891     0.0954 4.8692e-13  1025.1910     5.9274    24.9883     9.0114    274.744   10.10567  308.10752     89.171 -9.990e-29
   40.68582 -9.990e-29     43.850     43.507     5.9309    31.7433      7.887     0.0819 4.8692e-13  1025.1918     5.9275    24.9887     9.0108    274.725   10.10576  308.11029     89.165 -9.990e-29
   40.68582 -9.990e-29     43.871     43.527     5.9317    31.7437      7.891     0.0819 4.8692e-13  1025.1916     5.9282    24.9889     9.0100    274.703   10.10574  308.10950     89.158 -9.990e-29
   40.68582 -9.990e-29     43.880     43.537     5.9323    31.7440      7.887     0.0819 4.8692e-13  1025.1920     5.9289    24.9890     9.0170    274.916   10.10575  308.10976     89.227 -9.990e-29
   40.68582 -9.990e-29     43.901     43.557     5.9334    31.7442      7.891     0.0819 4.8692e-13  1025.1921     5.9300    24.9891     9.0118    274.756   10.10574  308.10946     89.175 -9.990e-29
   40.68582 -9.990e-29     43.901     43.557     5.9346    31.7441      7.887     0.0954 4.8692e-13  1025.1922     5.9311    24.9889     9.0112    274.737   10.10579  308.11121     89.168 -9.990e-29
   40.68582 -9.990e-29     43.911     43.567     5.9357    31.7438      7.887     0.0819 4.8692e-13  1025.1913     5.9322    24.9885     9.0182    274.951   10.10577  308.11045     89.238 -9.990e-29
   40.68582 -9.990e-29     43.922     43.578     5.9359    31.7435      7.887     0.0954 4.9165e-13  1025.1913     5.9324    24.9883     9.0130    274.794   10.10582  308.11191     89.186 -9.990e-29
   40.68582 -9.990e-29     43.931     43.588     5.9363    31.7435      7.891     0.0954 5.0139e-13  1025.1912     5.9329    24.9882     9.0135    274.808   10.10584  308.11274     89.191 -9.990e-29
   40.68582 -9.990e-29     43.943     43.598     5.9367    31.7435      7.887     0.0954 5.0640e-13  1025.1914     5.9332    24.9882     9.0206    275.026   10.10589  308.11388     89.261 -9.990e-29
   40.68582 -9.990e-29     43.952     43.608     5.9372    31.7435      7.891     0.0819 5.1151e-13  1025.1914     5.9337    24.9881     9.0144    274.837   10.10585  308.11282     89.200 -9.990e-29
   40.68582 -9.990e-29     43.962     43.618     5.9378    31.7434      7.891     0.0954 5.1151e-13  1025.1911     5.9343    24.9880     9.0138    274.816   10.10578  308.11050     89.194 -9.990e-29
   40.68582 -9.990e-29     43.973     43.629     5.9380    31.7430      7.891     0.0954 5.1151e-13  1025.1913     5.9345    24.9876     9.0131    274.796   10.10567  308.10728     89.188 -9.990e-29
   40.68582 -9.990e-29     43.983     43.638     5.9375    31.7421      7.891     0.0954 5.1151e-13  1025.1902     5.9340    24.9869     9.0115    274.747   10.10570  308.10844     89.172 -9.990e-29
   40.68582 -9.990e-29     43.992     43.648     5.9365    31.7412      7.891     0.0954 5.1151e-13  1025.1893     5.9331    24.9864     9.0109    274.731   10.10577  308.11055     89.166 -9.990e-29
   40.68582 -9.990e-29     43.992     43.648     5.9351    31.7410      7.891     0.0819 5.1151e-13  1025.1897     5.9316    24.9864     9.0103    274.713   10.10578  308.11085     89.160 -9.990e-29
   40.68584 -9.990e-29     44.013     43.668     5.9341    31.7412      7.891     0.0954 5.1151e-13  1025.1901     5.9306    24.9867     9.0097    274.691   10.10571  308.10845     89.154 -9.990e-29
   40.68584 -9.990e-29     44.003     43.659     5.9336    31.7417      7.891     0.0819 5.1151e-13  1025.1904     5.9302    24.9872     9.0089    274.669   10.10558  308.10453     89.148 -9.990e-29
   40.68584 -9.990e-29     44.024     43.679     5.9336    31.7426      7.891     0.0954 5.1151e-13  1025.1914     5.9302    24.9878     9.0083    274.649   10.10551  308.10234     89.142 -9.990e-29
   40.68584 -9.990e-29     44.013     43.668     5.9338    31.7435      7.891     0.0819 5.1673e-13  1025.1921     5.9303    24.9885     9.0076    274.629   10.10547  308.10124     89.136 -9.990e-29
   40.68584 -9.990e-29     44.034     43.689     5.9351    31.7439      7.891     0.0819 5.1673e-13  1025.1926     5.9316    24.9887     9.0147    274.848   10.10665  308.14156     89.195 -9.990e-29
   40.68584 -9.990e-29     44.034     43.689     5.9368    31.7439      7.891     0.0819 5.1673e-13  1025.1922     5.9333    24.9885     9.0095    274.695   10.10791  308.18471     89.133 -9.990e-29
   40.68584 -9.990e-29     44.034     43.689     5.9385    31.7434      7.891     0.0954 5.1673e-13  1025.1917     5.9350    24.9880     9.0072    274.620   10.10606  308.12188     89.127 -9.990e-29
   40.68584 -9.990e-29     44.034     43.689     5.9389    31.7427      7.891     0.0954 5.1673e-13  1025.1908     5.9354    24.9873     9.0059    274.577   10.10531  308.09629     89.121 -9.990e-29
