CalculateIndicators/WaterTemperature/Data/CTD_NYOS/20240427_C14.cnv
* Sea-Bird SBE 9 Data File:
* FileName = C:\Seabird 9 CTD\Data\2024\202404_offshore\20240427_C14.hex
* Software Version Seasave V 7.23.2
* Temperature SN = 4590
* Conductivity SN = 3228
* Number of Bytes Per Scan = 44
* Number of Voltage Words = 5
* Number of Scans Averaged by the Deck Unit = 1
* NMEA Latitude = 39 32.61 N
* NMEA Longitude = 072 14.62 W
* NMEA UTC (Time) = Apr 27 2024  12:43:15
* NMEA baud rate = 4800
** Ship: Seawolf
** Station: 9.6
** Operator: TCM
# nquan = 18
# nvalues = 20401                       
# units = specified
# name 0 = latitude: Latitude [deg]
# name 1 = longitude: Longitude [deg]
# name 2 = prDM: Pressure, Digiquartz [db]
# name 3 = depSM: Depth [salt water, m]
# name 4 = t090C: Temperature [ITS-90, deg C]
# name 5 = sal00: Salinity, Practical [PSU]
# name 6 = ph: pH
# name 7 = flECO-AFL: Fluorescence, WET Labs ECO-AFL/FL [mg/m^3]
# name 8 = cpar: CPAR/Corrected Irradiance [%]
# name 9 = density00: Density [density, kg/m^3]
# name 10 = potemp090C: Potential Temperature [ITS-90, deg C]
# name 11 = sigma-é00: Density [sigma-theta, kg/m^3]
# name 12 = sbeox0Mg/L: Oxygen, SBE 43 [mg/l]
# name 13 = sbox0Mm/Kg: Oxygen, SBE 43 [umol/kg]
# name 14 = oxsolMg/L: Oxygen Saturation, Garcia & Gordon [mg/l]
# name 15 = oxsolMm/Kg: Oxygen Saturation, Garcia & Gordon [umol/kg]
# name 16 = sbeox0PS: Oxygen, SBE 43 [% saturation]
# name 17 = flag:  0.000e+00
# span 0 =   39.54064,   39.54352       
# span 1 =  -72.24712,  -72.24366       
# span 2 =      1.567,    135.146       
# span 3 =      1.555,    134.072       
# span 4 =     5.7806,    12.3243       
# span 5 =    32.1534,    35.0360       
# span 6 =      7.965,      8.094       
# span 7 =    -0.0927,     1.2639       
# span 8 = 4.6889e-14, 1.1078e+02       
# span 9 =  1025.1243,  1027.1705       
# span 10 =     5.7766,    12.3088      
# span 11 =    25.1138,    26.5699      
# span 12 =     6.4780,    10.3991      
# span 13 =    197.202,    317.003      
# span 14 =    8.58915,   10.10411      
# span 15 =  261.47109,  307.92366      
# span 16 =     75.316,    107.214      
# span 17 = 0.0000e+00, 0.0000e+00      
# interval = seconds: 0.0416667
# start_time = Apr 27 2024 12:43:16 [System UTC, first data scan.]
# bad_flag = -9.990e-29
*END*
[from data line 3860]
 -9.990e-29  -72.24436     97.437     96.671    10.6277    34.3160      8.027    -0.0389 4.8739e-14  1026.7490    10.6160    26.3113     7.5493    229.865    8.91433  271.42901     84.687 0.0000e+00
 -9.990e-29  -72.24436     97.458     96.692    10.6270    34.3157      8.027    -0.0389 4.8739e-14  1026.7486    10.6154    26.3110     7.5494    229.868    8.91390  271.41581     84.692 0.0000e+00
 -9.990e-29  -72.24436     97.462     96.696    10.6265    34.3159      8.027    -0.0389 4.8739e-14  1026.7489    10.6149    26.3112     7.5492    229.863    8.91300  271.38708     84.699 0.0000e+00
 -9.990e-29  -72.24436     97.478     96.713    10.6265    34.3167      8.027    -0.0389 4.8739e-14  1026.7496    10.6149    26.3119     7.5491    229.857    8.91187  271.35199     84.708 0.0000e+00
 -9.990e-29  -72.24436     97.498     96.732    10.6268    34.3179      8.027    -0.0389 4.8739e-14  1026.7508    10.6152    26.3128     7.5492    229.861    8.91091  271.32267     84.719 0.0000e+00
 -9.990e-29  -72.24436     97.509     96.743    10.6272    34.3193      8.027    -0.0389 4.8739e-14  1026.7519    10.6155    26.3139     7.5498    229.879    8.91023  271.30239     84.732 0.0000e+00
 -9.990e-29  -72.24436     97.524     96.758    10.6280    34.3207      8.023    -0.0389 4.8739e-14  1026.7531    10.6164    26.3148     7.5450    229.735    8.90969  271.28625     84.683 0.0000e+00
 -9.990e-29  -72.24436     97.539     96.773    10.6296    34.3221      8.027    -0.0389 4.8739e-14  1026.7534    10.6180    26.3156     7.5448    229.726    8.90924  271.27296     84.685 0.0000e+00
 -9.990e-29  -72.24436     97.560     96.794    10.6308    34.3242      8.027    -0.0524 4.8739e-14  1026.7546    10.6192    26.3170     7.5503    229.894    8.90880  271.25971     84.751 0.0000e+00
 -9.990e-29  -72.24436     97.570     96.804    10.6331    34.3289      8.023    -0.0524 4.8739e-14  1026.7562    10.6215    26.3202     7.5510    229.918    8.90835  271.24608     84.764 0.0000e+00
 -9.990e-29  -72.24436     97.591     96.824    10.6364    34.3370      8.027    -0.0524 4.8739e-14  1026.7645    10.6248    26.3259     7.5456    229.753    8.90799  271.23510     84.706 0.0000e+00
 -9.990e-29  -72.24436     97.606     96.839    10.6421    34.3445      8.027    -0.0524 4.8739e-14  1026.7722    10.6304    26.3309     7.5460    229.765    8.90758  271.22242     84.714 0.0000e+00
 -9.990e-29  -72.24436     97.623     96.856    10.6482    34.3467      8.023    -0.0524 4.8739e-14  1026.7727    10.6365    26.3316     7.5458    229.757    8.90712  271.20835     84.716 0.0000e+00
 -9.990e-29  -72.24436     97.642     96.875    10.6531    34.3431      8.027    -0.0524 4.8739e-14  1026.7675    10.6414    26.3280     7.5457    229.754    8.90665  271.19398     84.720 0.0000e+00
 -9.990e-29  -72.24436     97.663     96.896    10.6566    34.3370      8.023    -0.0524 4.8786e-14  1026.7601    10.6449    26.3226     7.5458    229.758    8.90624  271.18176     84.725 0.0000e+00
 -9.990e-29  -72.24436     97.668     96.901    10.6581    34.3324      8.027    -0.0524 4.8786e-14  1026.7559    10.6464    26.3188     7.5461    229.769    8.90596  271.17359     84.731 0.0000e+00
 -9.990e-29  -72.24436     97.693     96.926    10.6579    34.3306      8.023    -0.0524 4.8786e-14  1026.7554    10.6462    26.3173     7.5468    229.788    8.90580  271.16881     84.740 0.0000e+00
 -9.990e-29  -72.24436     97.705     96.937    10.6579    34.3311      8.023    -0.0524 4.8786e-14  1026.7556    10.6462    26.3176     7.5475    229.809    8.90555  271.16097     84.750 0.0000e+00
 -9.990e-29  -72.24436     97.725     96.958    10.6577    34.3329      8.023    -0.0524 4.8786e-14  1026.7579    10.6461    26.3190     7.5482    229.831    8.90516  271.14910     84.762 0.0000e+00
 -9.990e-29  -72.24436     97.756     96.988    10.6586    34.3350      8.023    -0.0524 4.8786e-14  1026.7601    10.6469    26.3205     7.5435    229.688    8.90485  271.13979     84.712 0.0000e+00
 -9.990e-29  -72.24436     97.760     96.992    10.6604    34.3370      8.023    -0.0524 4.8786e-14  1026.7602    10.6487    26.3217     7.5432    229.680    8.90463  271.13294     84.711 0.0000e+00
 -9.990e-29  -72.24436     97.786     97.018    10.6630    34.3404      8.027    -0.0524 4.8833e-14  1026.7616    10.6514    26.3240     7.5431    229.678    8.90446  271.12780     84.712 0.0000e+00
 -9.990e-29  -72.24436     97.818     97.050    10.6654    34.3458      8.027    -0.0524 4.8833e-14  1026.7678    10.6537    26.3277     7.5489    229.852    8.90429  271.12280     84.778 0.0000e+00
 -9.990e-29  -72.24436     97.838     97.069    10.6698    34.3501      8.023    -0.0524 4.8833e-14  1026.7719    10.6581    26.3304     7.5435    229.688    8.90421  271.12081     84.718 0.0000e+00
 -9.990e-29  -72.24436     97.853     97.084    10.6742    34.3508      8.027    -0.0524 4.8833e-14  1026.7706    10.6625    26.3302     7.5440    229.705    8.90428  271.12340     84.723 0.0000e+00
 -9.990e-29  -72.24436     97.890     97.121    10.6774    34.3495      8.027    -0.0524 4.8833e-14  1026.7671    10.6657    26.3286     7.5439    229.701    8.90431  271.12365     84.722 0.0000e+00
 -9.990e-29  -72.24436     97.921     97.152    10.6796    34.3489      8.022    -0.0524 4.8833e-14  1026.7673    10.6679    26.3277     7.5388    229.546    8.90408  271.11645     84.667 -9.990e-29
 -9.990e-29  -72.24436     97.921     97.152    10.6827    34.3500      8.027    -0.0524 4.8880e-14  1026.7664    10.6710    26.3281     7.5438    229.696    8.90393  271.11179     84.724 -9.990e-29
 -9.990e-29  -72.24436     97.977     97.207    10.6837    34.3544      8.027    -0.0524 4.8880e-14  1026.7688    10.6720    26.3310     7.5439    229.702    8.90378  271.10737     84.727 0.0000e+00
 -9.990e-29  -72.24436     98.003     97.233    10.6880    34.3627      8.022    -0.0524 4.8880e-14  1026.7770    10.6763    26.3367     7.5442    229.711    8.90369  271.10449     84.732 0.0000e+00
 -9.990e-29  -72.24436     98.024     97.254    10.6958    34.3706      8.027    -0.0524 4.8880e-14  1026.7850    10.6841    26.3417     7.5447    229.724    8.90357  271.10080     84.738 0.0000e+00
 -9.990e-29  -72.24436     98.049     97.278    10.7053    34.3737      8.022    -0.0524 4.8880e-14  1026.7844    10.6935    26.3427     7.5388    229.545    8.90339  271.09524     84.673 0.0000e+00
 -9.990e-29  -72.24436     98.086     97.316    10.7124    34.3726      8.027    -0.0524 4.8880e-14  1026.7810    10.7006    26.3406     7.5443    229.714    8.90326  271.09132     84.737 0.0000e+00
 -9.990e-29  -72.24436     98.096     97.325    10.7168    34.3704      8.022    -0.0524 4.8880e-14  1026.7781    10.7051    26.3380     7.5387    229.544    8.90313  271.08743     84.675 0.0000e+00
 -9.990e-29  -72.24436     98.137     97.366    10.7207    34.3685      8.022    -0.0524 4.8880e-14  1026.7760    10.7089    26.3358     7.5390    229.551    8.90307  271.08572     84.678 0.0000e+00
 -9.990e-29  -72.24436     98.172     97.401    10.7233    34.3676      8.022    -0.0524 4.8880e-14  1026.7746    10.7115    26.3346     7.5450    229.734    8.90300  271.08342     84.747 0.0000e+00
 -9.990e-29  -72.24436     98.219     97.448    10.7264    34.3680      8.022    -0.0524 4.8880e-14  1026.7750    10.7146    26.3343     7.5398    229.575    8.90289  271.08023     84.689 0.0000e+00
 -9.990e-29  -72.24436     98.240     97.468    10.7296    34.3690      8.022    -0.0524 4.8927e-14  1026.7760    10.7178    26.3345     7.5348    229.425    8.90291  271.08107     84.634 0.0000e+00
 -9.990e-29  -72.24436     98.275     97.503    10.7329    34.3699      8.027    -0.0524 4.8927e-14  1026.7753    10.7211    26.3347     7.5400    229.582    8.90306  271.08579     84.690 0.0000e+00
 -9.990e-29  -72.24436     98.312     97.540    10.7356    34.3714      8.022    -0.0524 4.8927e-14  1026.7766    10.7238    26.3354     7.5347    229.420    8.90311  271.08721     84.630 0.0000e+00
   39.54294  -72.24436     98.343     97.570    10.7387    34.3730 -9.990e-29    -0.0524 4.8927e-14  1026.7782    10.7269    26.3361     7.5399    229.578    8.90302  271.08422     84.689 0.0000e+00
   39.54294  -72.24436     98.368     97.595    10.7422    34.3736 -9.990e-29    -0.0524 4.8927e-14  1026.7778    10.7304    26.3359     7.5340    229.399    8.90301  271.08377     84.623 0.0000e+00
   39.54294  -72.24436     98.405     97.632    10.7454    34.3731 -9.990e-29    -0.0524 4.8927e-14  1026.7772    10.7335    26.3350     7.5339    229.396    8.90299  271.08337     84.622 0.0000e+00
   39.54294  -72.24436     98.436     97.662    10.7483    34.3722 -9.990e-29    -0.0524 4.8927e-14  1026.7752    10.7365    26.3338     7.5332    229.376    8.90303  271.08448     84.614 0.0000e+00
   39.54294  -72.24436     98.470     97.697    10.7502    34.3713 -9.990e-29    -0.0524 4.8975e-14  1026.7751    10.7383    26.3327     7.5270    229.185    8.90297  271.08263     84.544 0.0000e+00
   39.54294  -72.24436     98.508     97.734    10.7520    34.3706 -9.990e-29    -0.0524 4.8975e-14  1026.7734    10.7402    26.3319     7.5321    229.342    8.90288  271.07960     84.603 0.0000e+00
   39.54294  -72.24436     98.529     97.755    10.7528    34.3709 -9.990e-29    -0.0524 4.8975e-14  1026.7735    10.7410    26.3319     7.5318    229.331    8.90279  271.07682     84.600 0.0000e+00
   39.54294  -72.24436     98.563     97.789    10.7540    34.3722 -9.990e-29    -0.0524 4.8975e-14  1026.7755    10.7421    26.3327     7.5315    229.324    8.90271  271.07466     84.598 0.0000e+00
   39.54294  -72.24436     98.612     97.837    10.7557    34.3739 -9.990e-29    -0.0524 4.9022e-14  1026.7758    10.7439    26.3337     7.5315    229.324    8.90274  271.07568     84.598 0.0000e+00
   39.54294  -72.24436     98.622     97.847    10.7573    34.3769 -9.990e-29    -0.0524 4.9022e-14  1026.7772    10.7454    26.3356     7.5260    229.154    8.90269  271.07393     84.536 0.0000e+00
   39.54294  -72.24436     98.666     97.891    10.7599    34.3812 -9.990e-29    -0.0524 4.9022e-14  1026.7824    10.7481    26.3386     7.5253    229.135    8.90255  271.06930     84.530 0.0000e+00
   39.54294  -72.24436     98.694     97.918    10.7647    34.3848 -9.990e-29    -0.0524 4.9022e-14  1026.7846    10.7529    26.3407     7.5193    228.951    8.90241  271.06509     84.463 0.0000e+00
   39.54294  -72.24436     98.724     97.949    10.7694    34.3864 -9.990e-29    -0.0524 4.9022e-14  1026.7849    10.7575    26.3412     7.5240    229.094    8.90236  271.06386     84.517 0.0000e+00
   39.54294  -72.24436     98.759     97.983    10.7730    34.3864 -9.990e-29    -0.0524 4.9022e-14  1026.7841    10.7612    26.3405     7.5239    229.091    8.90226  271.06065     84.517 0.0000e+00
   39.54294  -72.24436     98.787     98.011    10.7765    34.3855 -9.990e-29    -0.0524 4.9022e-14  1026.7821    10.7646    26.3392     7.5184    228.923    8.90223  271.05968     84.455 0.0000e+00
   39.54294  -72.24436     98.827     98.051    10.7789    34.3849 -9.990e-29    -0.0524 4.9022e-14  1026.7817    10.7670    26.3382     7.5172    228.887    8.90216  271.05742     84.442 0.0000e+00
   39.54294  -72.24436     98.842     98.066    10.7812    34.3847 -9.990e-29    -0.0524 4.9070e-14  1026.7813    10.7693    26.3376     7.5218    229.026    8.90209  271.05529     84.494 0.0000e+00
   39.54294  -72.24436     98.890     98.112    10.7837    34.3847 -9.990e-29    -0.0524 4.9070e-14  1026.7808    10.7718    26.3373     7.5167    228.871    8.90202  271.05335     84.438 0.0000e+00
   39.54294  -72.24436     98.899     98.122    10.7853    34.3851 -9.990e-29    -0.0524 4.9070e-14  1026.7811    10.7734    26.3372     7.5111    228.701    8.90200  271.05268     84.375 0.0000e+00
   39.54294  -72.24436     98.934     98.156    10.7874    34.3858 -9.990e-29    -0.0524 4.9070e-14  1026.7812    10.7755    26.3375     7.5099    228.666    8.90203  271.05356     84.362 0.0000e+00
   39.54294  -72.24436     98.962     98.184    10.7893    34.3867 -9.990e-29    -0.0524 4.9117e-14  1026.7822    10.7774    26.3378     7.5089    228.635    8.90203  271.05387     84.350 0.0000e+00
   39.54294  -72.24436     98.996     98.218    10.7917    34.3871 -9.990e-29    -0.0524 4.9117e-14  1026.7823    10.7797    26.3377     7.5080    228.609    8.90200  271.05301     84.341 0.0000e+00
   39.54294  -72.24436     99.024     98.246    10.7940    34.3868 -9.990e-29    -0.0524 4.9117e-14  1026.7815    10.7821    26.3371     7.5074    228.589    8.90202  271.05333     84.334 0.0000e+00
   39.54294  -72.24436     99.044     98.265    10.7957    34.3863 -9.990e-29    -0.0524 4.9117e-14  1026.7808    10.7837    26.3364     7.5014    228.405    8.90208  271.05518     84.265 0.0000e+00
   39.54294  -72.24436     99.069     98.290    10.7968    34.3860 -9.990e-29    -0.0524 4.9117e-14  1026.7800    10.7848    26.3359     7.5060    228.546    8.90203  271.05387     84.317 0.0000e+00
   39.54294  -72.24436     99.106     98.327    10.7978    34.3864 -9.990e-29    -0.0524 4.9165e-14  1026.7807    10.7859    26.3361     7.5002    228.371    8.90203  271.05349     84.253 0.0000e+00
   39.54294  -72.24436     99.120     98.341    10.7995    34.3871 -9.990e-29    -0.0524 4.9165e-14  1026.7814    10.7875    26.3363     7.4996    228.352    8.90200  271.05271     84.246 0.0000e+00
   39.54294  -72.24436     99.137     98.357    10.8011    34.3874 -9.990e-29    -0.0524 4.9165e-14  1026.7811    10.7892    26.3362     7.4993    228.342    8.90204  271.05408     84.242 0.0000e+00
   39.54294  -72.24436     99.178     98.399    10.8023    34.3874 -9.990e-29    -0.0524 4.9165e-14  1026.7812    10.7903    26.3360     7.4984    228.314    8.90205  271.05422     84.232 0.0000e+00
   39.54294  -72.24436     99.192     98.413    10.8033    34.3871 -9.990e-29    -0.0524 4.9165e-14  1026.7808    10.7913    26.3356     7.4976    228.290    8.90200  271.05262     84.223 0.0000e+00
   39.54294  -72.24436     99.230     98.450    10.8043    34.3866 -9.990e-29    -0.0524 4.9213e-14  1026.7805    10.7923    26.3350     7.4970    228.271    8.90193  271.05043     84.217 0.0000e+00
   39.54294  -72.24436     99.255     98.474    10.8049    34.3857 -9.990e-29    -0.0524 4.9213e-14  1026.7798    10.7930    26.3342     7.4973    228.283    8.90195  271.05118     84.221 0.0000e+00
   39.54294  -72.24436     99.281     98.501    10.8052    34.3850 -9.990e-29    -0.0524 4.9213e-14  1026.7781    10.7933    26.3337     7.4971    228.277    8.90194  271.05061     84.219 0.0000e+00
   39.54294  -72.24436     99.292     98.512    10.8046    34.3856 -9.990e-29    -0.0524 4.9213e-14  1026.7797    10.7926    26.3341     7.4915    228.106    8.90193  271.05039     84.156 0.0000e+00
   39.54294  -72.24436     99.327     98.546    10.8052    34.3867 -9.990e-29    -0.0524 4.9213e-14  1026.7811    10.7933    26.3349     7.4910    228.089    8.90189  271.04916     84.150 0.0000e+00
   39.54294  -72.24436     99.343     98.563    10.8059    34.3874 -9.990e-29    -0.0524 4.9213e-14  1026.7813    10.7940    26.3353     7.4899    228.057    8.90187  271.04858     84.139 0.0000e+00
   39.54294  -72.24436     99.378     98.597    10.8067    34.3875 -9.990e-29    -0.0524 4.9261e-14  1026.7813    10.7948    26.3353     7.4898    228.053    8.90186  271.04826     84.138 0.0000e+00
   39.54294  -72.24436     99.385     98.604    10.8073    34.3876 -9.990e-29    -0.0524 4.9261e-14  1026.7811    10.7953    26.3352     7.4899    228.055    8.90184  271.04752     84.138 0.0000e+00
   39.54294  -72.24436     99.418     98.637    10.8078    34.3880 -9.990e-29    -0.0524 4.9261e-14  1026.7815    10.7958    26.3355     7.4902    228.064    8.90182  271.04721     84.142 0.0000e+00
