CalculateIndicators/WaterTemperature/Data/CTD_NYOS/20240709_C08.cnv
* Sea-Bird SBE 9 Data File:
* FileName = C:\Seabird 9 CTD\Data\2024\202407_offshore\20240709_C08.hex
* Software Version Seasave V 7.23.2
* Temperature SN = 4590
* Conductivity SN = 3228
* Number of Bytes Per Scan = 44
* Number of Voltage Words = 5
* Number of Scans Averaged by the Deck Unit = 1
* NMEA Latitude = 39 35.99 N
* NMEA Longitude = 072 44.64 W
* NMEA UTC (Time) = Jul 09 2024  05:10:04
* NMEA baud rate = 4800
** Ship: seawolf
** Station: 8.5
** Operator: TDK
# nquan = 18
# nvalues = 16432                       
# units = specified
# name 0 = latitude: Latitude [deg]
# name 1 = longitude: Longitude [deg]
# name 2 = prDM: Pressure, Digiquartz [db]
# name 3 = depSM: Depth [salt water, m]
# name 4 = t090C: Temperature [ITS-90, deg C]
# name 5 = sal00: Salinity, Practical [PSU]
# name 6 = ph: pH
# name 7 = flECO-AFL: Fluorescence, WET Labs ECO-AFL/FL [mg/m^3]
# name 8 = cpar: CPAR/Corrected Irradiance [%]
# name 9 = density00: Density [density, kg/m^3]
# name 10 = potemp090C: Potential Temperature [ITS-90, deg C]
# name 11 = sigma-é00: Density [sigma-theta, kg/m^3]
# name 12 = sbeox0Mg/L: Oxygen, SBE 43 [mg/l]
# name 13 = sbox0Mm/Kg: Oxygen, SBE 43 [umol/kg]
# name 14 = oxsolMg/L: Oxygen Saturation, Garcia & Gordon [mg/l]
# name 15 = oxsolMm/Kg: Oxygen Saturation, Garcia & Gordon [umol/kg]
# name 16 = sbeox0PS: Oxygen, SBE 43 [% saturation]
# name 17 = flag:  0.000e+00
# span 0 =   39.59978,   39.60004       
# span 1 =  -72.74402,  -72.74312       
# span 2 =      1.484,     66.171       
# span 3 =      1.472,     65.656       
# span 4 =     6.5101,    23.9642       
# span 5 =    29.8943,    33.6933       
# span 6 =      7.874,      8.244       
# span 7 =     0.0013,     1.3444       
# span 8 = 1.6880e-11, 9.9999e+04       
# span 9 =  1019.8515,  1026.1907       
# span 10 =     6.5064,    23.9639      
# span 11 =    19.8398,    25.8882      
# span 12 =     7.5908,    11.0285      
# span 13 =    232.597,    336.300      
# span 14 =    7.09437,    9.94781      
# span 15 =  217.38691,  303.24002      
# span 16 =     86.718,    124.349      
# span 17 = 0.0000e+00, 0.0000e+00      
# interval = seconds: 0.0416667
# start_time = Jul 09 2024 05:10:05 [System UTC, first data scan.]
# bad_flag = -9.990e-29
*END*
[from data line 1046]
   39.59998  -72.74400      8.480      8.415    22.4711    30.0583      8.034     0.7266 1.6880e-11  1020.3752    22.4695    20.3387     7.9037    242.037    7.30939  223.83815    108.130 0.0000e+00
   39.59998  -72.74400      8.501      8.436    22.4652    30.0594      8.039     0.7266 1.6880e-11  1020.3778    22.4635    20.3412     7.9034    242.025    7.31004  223.85543    108.117 0.0000e+00
   39.59998  -72.74400      8.531      8.466    22.4596    30.0605      8.034     0.7266 1.6880e-11  1020.3804    22.4579    20.3435     7.9030    242.012    7.31061  223.87030    108.104 0.0000e+00
   39.59998  -72.74400      8.550      8.485    22.4546    30.0614      8.034     0.7669 1.6880e-11  1020.3826    22.4529    20.3456     7.9071    242.135    7.31101  223.88007    108.154 0.0000e+00
   39.59998  -72.74400      8.592      8.526    22.4496    30.0622      8.034     0.8072 1.6880e-11  1020.3847    22.4480    20.3476     7.9029    242.003    7.31140  223.88902    108.091 0.0000e+00
   39.59998  -72.74400      8.612      8.546    22.4448    30.0628      8.039     0.8072 1.6880e-11  1020.3867    22.4431    20.3494     7.8984    241.862    7.31178  223.89802    108.023 0.0000e+00
   39.59998  -72.74400      8.642      8.576    22.4400    30.0631      8.034     0.8072 1.6880e-11  1020.3882    22.4383    20.3510     7.8980    241.846    7.31227  223.91041    108.010 0.0000e+00
   39.59998  -72.74400      8.662      8.595    22.4355    30.0634      8.039     0.8072 1.6880e-11  1020.3899    22.4338    20.3525     7.8976    241.831    7.31278  223.92418    107.997 0.0000e+00
   39.59998  -72.74400      8.703      8.636    22.4311    30.0637      8.039     0.8072 1.6880e-11  1020.3913    22.4294    20.3539     7.8973    241.820    7.31337  223.94047    107.984 0.0000e+00
   39.59998  -72.74400      8.713      8.646    22.4266    30.0641      8.039     0.8072 1.6880e-11  1020.3929    22.4249    20.3554     7.8926    241.676    7.31389  223.95501    107.913 0.0000e+00
   39.59998  -72.74400      8.743      8.676    22.4222    30.0647      8.039     0.8072 1.6880e-11  1020.3947    22.4205    20.3571     7.8918    241.649    7.31429  223.96580    107.896 0.0000e+00
   39.59998  -72.74400      8.774      8.707    22.4177    30.0655      8.039     0.8072 1.6880e-11  1020.3969    22.4160    20.3588     7.8910    241.622    7.31464  223.97489    107.879 0.0000e+00
   39.59998  -72.74400      8.798      8.730    22.4138    30.0655      8.039     0.8072 1.6880e-11  1020.3986    22.4121    20.3604     7.8896    241.580    7.31483  223.97864    107.858 0.0000e+00
   39.59998  -72.74400      8.835      8.767    22.4101    30.0655      8.039     0.8072 1.6880e-11  1020.4000    22.4084    20.3614     7.8883    241.534    7.31464  223.96951    107.842 0.0000e+00
   39.59998  -72.74400      8.856      8.788    22.4062    30.0649      8.039     0.8072 1.6880e-11  1020.4001    22.4045    20.3617     7.8830    241.369    7.31479  223.97080    107.768 0.0000e+00
   39.59998  -72.74400      8.895      8.827    22.4023    30.0637      8.039     0.8072 1.6880e-11  1020.3998    22.4005    20.3620     7.8822    241.341    7.31534  223.98544    107.748 0.0000e+00
   39.59998  -72.74400      8.905      8.837    22.3978    30.0637      8.039     0.8072 1.6880e-11  1020.4008    22.3961    20.3628     7.8771    241.183    7.31591  224.00105    107.671 0.0000e+00
   39.59998  -72.74400      8.946      8.878    22.3930    30.0637      8.039     0.8072 1.6880e-11  1020.4026    22.3913    20.3643     7.8760    241.148    7.31645  224.01561    107.648 0.0000e+00
   39.59998  -72.74400      8.986      8.917    22.3884    30.0644      8.039     0.8072 1.6880e-11  1020.4049    22.3866    20.3662     7.8750    241.115    7.31705  224.03238    107.625 0.0000e+00
   39.59998  -72.74400      8.997      8.928    22.3841    30.0657      8.039     0.8072 1.6880e-11  1020.4071    22.3824    20.3684     7.8741    241.085    7.31764  224.04881    107.604 0.0000e+00
   39.59998  -72.74400      9.037      8.968    22.3800    30.0672      8.039     0.8072 1.6880e-11  1020.4098    22.3783    20.3706     7.8692    240.935    7.31819  224.06407    107.529 0.0000e+00
   39.59998  -72.74400      9.058      8.988    22.3768    30.0686      8.039     0.8072 1.6880e-11  1020.4117    22.3751    20.3726     7.8685    240.910    7.31883  224.08195    107.510 0.0000e+00
   39.59998  -72.74400      9.088      9.018    22.3742    30.0696      8.034     0.8072 1.6880e-11  1020.4134    22.3724    20.3741     7.8682    240.901    7.31948  224.10083    107.497 0.0000e+00
   39.59998  -72.74400      9.129      9.059    22.3710    30.0704      8.039     0.8072 1.6880e-11  1020.4151    22.3692    20.3755     7.8633    240.749    7.32005  224.11725    107.421 0.0000e+00
   39.59998  -72.74400      9.148      9.078    22.3689    30.0708      8.039     0.8072 2.5320e-11  1020.4161    22.3671    20.3765     7.8623    240.719    7.32055  224.13181    107.401 0.0000e+00
   39.59998  -72.74400      9.179      9.108    22.3664    30.0708      8.039     0.8072 2.5320e-11  1020.4170    22.3646    20.3773     7.8618    240.701    7.32097  224.14402    107.387 0.0000e+00
   39.59998  -72.74400      9.220      9.149    22.3641    30.0708      8.039     0.8072 1.6880e-11  1020.4178    22.3623    20.3779     7.8569    240.552    7.32131  224.15416    107.316 0.0000e+00
   39.59998  -72.74400      9.240      9.170    22.3619    30.0707      8.039     0.8206 1.6880e-11  1020.4182    22.3601    20.3784     7.8517    240.394    7.32154  224.16066    107.242 0.0000e+00
   39.59998  -72.74400      9.271      9.200    22.3596    30.0702      8.039     0.8744 1.6880e-11  1020.4187    22.3578    20.3786     7.8549    240.489    7.32168  224.16450    107.282 0.0000e+00
   39.60000  -72.74400      9.290      9.219    22.3573    30.0695      8.039     0.8744 1.6880e-11  1020.4188    22.3555    20.3788     7.8501    240.342    7.32202  224.17469    107.212 0.0000e+00
   39.60000  -72.74400      9.331      9.260    22.3545    30.0688      8.039     0.8878 1.6880e-11  1020.4191    22.3527    20.3790     7.8450    240.188    7.32230  224.18366    107.139 0.0000e+00
   39.60000  -72.74400      9.371      9.299    22.3513    30.0687      8.039     0.8744 2.5320e-11  1020.4196    22.3495    20.3794     7.8481    240.283    7.32232  224.18422    107.181 0.0000e+00
   39.60000  -72.74400      9.403      9.331    22.3482    30.0687      8.039     0.8744 1.6880e-11  1020.4205    22.3464    20.3803     7.8387    239.992    7.32219  224.17951    107.053 0.0000e+00
   39.60000  -72.74400      9.443      9.370    22.3447    30.0682      8.039     0.8744 1.6880e-11  1020.4223    22.3429    20.3816     7.8373    239.950    7.32213  224.17674    107.036 0.0000e+00
   39.60000  -72.74400      9.463      9.391    22.3413    30.0682      8.039     0.8744 1.6880e-11  1020.4240    22.3395    20.3828     7.8364    239.922    7.32230  224.18138    107.021 0.0000e+00
   39.60000  -72.74400      9.493      9.421    22.3378    30.0678      8.039     0.8744 1.6880e-11  1020.4252    22.3359    20.3829     7.8314    239.768    7.32250  224.18689    106.950 0.0000e+00
   39.60000  -72.74400      9.533      9.460    22.3342    30.0642      8.039     0.8744 1.6880e-11  1020.4228    22.3324    20.3813     7.8261    239.606    7.32262  224.18980    106.876 0.0000e+00
   39.60000  -72.74400      9.550      9.477    22.3294    30.0602      8.039     0.8744 1.6880e-11  1020.4190    22.3276    20.3794     7.8295    239.707    7.32286  224.19635    106.918 0.0000e+00
   39.60000  -72.74400      9.605      9.531    22.3227    30.0602      8.039     0.8744 1.6880e-11  1020.4192    22.3208    20.3797     7.8248    239.564    7.32318  224.20561    106.850 0.0000e+00
   39.60000  -72.74400      9.625      9.552    22.3147    30.0602      8.039     0.8744 1.6880e-11  1020.4237    22.3128    20.3835     7.8243    239.547    7.32347  224.21393    106.839 0.0000e+00
   39.60000  -72.74400      9.665      9.591    22.3061    30.0656      8.039     0.8744 1.6880e-11  1020.4311    22.3042    20.3901     7.8195    239.401    7.32365  224.21918    106.771 0.0000e+00
   39.60000  -72.74400      9.695      9.621    22.2959    30.0732      8.039     0.8744 1.6880e-11  1020.4391    22.2940    20.3986     7.8146    239.250    7.32379  224.22311    106.702 0.0000e+00
   39.60000  -72.74400      9.746      9.672    22.2853    30.0832      8.039     0.8744 1.6880e-11  1020.4502    22.2834    20.4092     7.8182    239.358    7.32392  224.22653    106.748 0.0000e+00
   39.60000  -72.74400      9.767      9.692    22.2724    30.0943      8.039     0.8744 1.6880e-11  1020.4641    22.2705    20.4209     7.8180    239.353    7.32408  224.23143    106.744 0.0000e+00
   39.60000  -72.74400      9.788      9.713    22.2601    30.1043      8.039     0.8744 1.6880e-11  1020.4745    22.2582    20.4318     7.8134    239.210    7.32420  224.23485    106.679 0.0000e+00
   39.60000  -72.74400      9.827      9.752    22.2489    30.1135      8.040     0.8744 1.6880e-11  1020.4839    22.2470    20.4419     7.8086    239.064    7.32432  224.23804    106.612 0.0000e+00
   39.60000  -72.74400      9.869      9.793    22.2381    30.1237      8.040     0.8744 1.6880e-11  1020.4944    22.2362    20.4526     7.8081    239.048    7.32453  224.24421    106.602 0.0000e+00
   39.60000  -72.74400      9.909      9.833    22.2283    30.1355      8.040     0.8744 1.6880e-11  1020.5068    22.2263    20.4643     7.8034    238.905    7.32465  224.24794    106.536 0.0000e+00
   39.60000  -72.74400      9.950      9.874    22.2183    30.1481      8.040     0.8744 1.6880e-11  1020.5196    22.2164    20.4764     7.8025    238.879    7.32472  224.24970    106.523 0.0000e+00
   39.60000  -72.74400      9.959      9.883    22.2093    30.1607      8.045     0.8744 1.6880e-11  1020.5316    22.2073    20.4884     7.8019    238.860    7.32481  224.25250    106.514 0.0000e+00
   39.60000  -72.74400     10.005      9.928    22.2010    30.1733      8.045     0.8744 1.6880e-11  1020.5432    22.1991    20.5003     7.7972    238.716    7.32492  224.25577    106.448 0.0000e+00
   39.60000  -72.74400     10.031      9.954    22.1936    30.1864      8.040     0.8744 1.6880e-11  1020.5555    22.1917    20.5124     7.7967    238.700    7.32498  224.25756    106.440 0.0000e+00
   39.60000  -72.74400     10.071      9.994    22.1861    30.2001      8.040     0.9012 1.6880e-11  1020.5683    22.1842    20.5248     7.7968    238.702    7.32504  224.25953    106.440 0.0000e+00
   39.60000  -72.74400     10.112     10.035    22.1785    30.2135      8.040     0.9147 1.6880e-11  1020.5815    22.1765    20.5371     7.7967    238.701    7.32508  224.26080    106.439 0.0000e+00
   39.60000 -9.990e-29     10.142     10.065    22.1708    30.2255      8.045     0.9147 1.6880e-11  1020.5929    22.1689    20.5482     7.7923    238.564    7.32511  224.26149    106.377 0.0000e+00
   39.60000 -9.990e-29     10.182     10.104    22.1637    30.2352      8.045     0.9147 1.6880e-11  1020.6024    22.1618    20.5576     7.7920    238.555    7.32514  224.26230    106.373 0.0000e+00
   39.60000 -9.990e-29     10.223     10.145    22.1570    30.2431      8.045     0.9147 1.6880e-11  1020.6098    22.1550    20.5653     7.7920    238.554    7.32518  224.26339    106.372 0.0000e+00
   39.60000 -9.990e-29     10.243     10.164    22.1510    30.2501      8.040     0.9147 1.6880e-11  1020.6163    22.1490    20.5723     7.7879    238.430    7.32529  224.26621    106.316 0.0000e+00
   39.60000 -9.990e-29     10.273     10.194    22.1455    30.2574      8.040     0.9147 1.6880e-11  1020.6236    22.1435    20.5793     7.7878    238.426    7.32542  224.26991    106.312 0.0000e+00
   39.60000 -9.990e-29     10.299     10.220    22.1407    30.2659      8.040     0.9147 1.6880e-11  1020.6302    22.1387    20.5872     7.7836    238.296    7.32550  224.27192    106.253 0.0000e+00
   39.60000 -9.990e-29     10.344     10.265    22.1357    30.2779      8.045     0.9147 1.6880e-11  1020.6399    22.1337    20.5977     7.7793    238.165    7.32566  224.27636    106.193 0.0000e+00
   39.60000 -9.990e-29     10.375     10.295    22.1307    30.2935      8.045     0.9147 1.6880e-11  1020.6562    22.1287    20.6109     7.7836    238.297    7.32585  224.28184    106.249 0.0000e+00
   39.60000 -9.990e-29     10.416     10.336    22.1242    30.3085      8.045     0.9147 1.6880e-11  1020.6709    22.1222    20.6241     7.7799    238.183    7.32603  224.28667    106.196 0.0000e+00
   39.60000 -9.990e-29     10.446     10.366    22.1167    30.3203      8.040     0.9147 1.6880e-11  1020.6808    22.1147    20.6350     7.7801    238.188    7.32623  224.29217    106.195 0.0000e+00
   39.60000 -9.990e-29     10.476     10.396    22.1095    30.3297      8.045     0.9147 1.6880e-11  1020.6897    22.1074    20.6441     7.7806    238.203    7.32650  224.30004    106.198 0.0000e+00
   39.60000 -9.990e-29     10.527     10.447    22.1027    30.3381      8.040     0.9147 1.6880e-11  1020.6980    22.1007    20.6524     7.7768    238.085    7.32680  224.30866    106.142 0.0000e+00
   39.60000 -9.990e-29     10.531     10.451    22.0956    30.3460      8.040     0.9147 1.6880e-11  1020.7057    22.0936    20.6603     7.7772    238.096    7.32712  224.31799    106.142 0.0000e+00
   39.60000 -9.990e-29     10.578     10.497    22.0885    30.3537      8.045     0.9147 1.6880e-11  1020.7139    22.0865    20.6680     7.7777    238.112    7.32731  224.32355    106.146 0.0000e+00
   39.60000 -9.990e-29     10.618     10.537    22.0820    30.3609      8.040     0.9147 1.6880e-11  1020.7214    22.0799    20.6753     7.7741    238.001    7.32747  224.32781    106.095 0.0000e+00
   39.60000 -9.990e-29     10.639     10.557    22.0749    30.3673      8.045     0.9147 1.6880e-11  1020.7286    22.0728    20.6820     7.7744    238.011    7.32766  224.33289    106.097 0.0000e+00
   39.60000 -9.990e-29     10.679     10.597    22.0683    30.3725      8.045     0.9147 1.6880e-11  1020.7343    22.0663    20.6877     7.7709    237.902    7.32801  224.34307    106.044 0.0000e+00
   39.60000 -9.990e-29     10.705     10.623    22.0627    30.3765      8.040     0.9147 1.6880e-11  1020.7390    22.0606    20.6922     7.7714    237.918    7.32821  224.34875    106.048 0.0000e+00
   39.60000 -9.990e-29     10.729     10.647    22.0579    30.3794      8.045     0.9147 1.6880e-11  1020.7427    22.0558    20.6958     7.7719    237.931    7.32840  224.35433    106.051 0.0000e+00
   39.60000 -9.990e-29     10.771     10.688    22.0541    30.3814      8.040     0.9147 1.6880e-11  1020.7453    22.0520    20.6983     7.7726    237.953    7.32864  224.36134    106.058 0.0000e+00
   39.60000 -9.990e-29     10.780     10.698    22.0513    30.3829      8.045     0.9147 1.6880e-11  1020.7466    22.0492    20.7003     7.7694    237.853    7.32893  224.36990    106.009 0.0000e+00
   39.60000 -9.990e-29     10.831     10.748    22.0490    30.3847      8.040     0.9147 1.6880e-11  1020.7489    22.0469    20.7023     7.7700    237.872    7.32921  224.37824    106.014 -9.990e-29
   39.60000 -9.990e-29     10.831     10.748    22.0469    30.3860      8.040     0.9415 1.6880e-11  1020.7517    22.0448    20.7042     7.7704    237.886    7.32945  224.38521    106.017 -9.990e-29
   39.60000 -9.990e-29     10.877     10.793    22.0443    30.3863      8.040     0.9684 1.6880e-11  1020.7528    22.0422    20.7050     7.7672    237.786    7.32967  224.39154    105.969 0.0000e+00
   39.60000 -9.990e-29     10.903     10.819    22.0429    30.3866      8.040     0.9684 1.6880e-11  1020.7514    22.0408    20.7049     7.7678    237.803    7.32986  224.39700    105.974 0.0000e+00
