CalculateIndicators/WaterTemperature/Data/CTD_NYOS/20240913_C17.cnv
* Sea-Bird SBE 9 Data File:
* FileName = C:\Seabird 9 CTD\Data\2024\202409_offshore\20240913_C17.hex
* Software Version Seasave V 7.23.2
* Temperature SN = 4590
* Conductivity SN = 3228
* Number of Bytes Per Scan = 44
* Number of Voltage Words = 5
* Number of Scans Averaged by the Deck Unit = 1
* NMEA Latitude = 39 59.70 N
* NMEA Longitude = 072 32.49 W
* NMEA UTC (Time) = Sep 13 2024  13:18:22
* NMEA baud rate = 4800
** Ship: Seawolf
** Station: 9.4
** Operator: TDK
# nquan = 18
# nvalues = 15281                       
# units = specified
# name 0 = latitude: Latitude [deg]
# name 1 = longitude: Longitude [deg]
# name 2 = prDM: Pressure, Digiquartz [db]
# name 3 = depSM: Depth [salt water, m]
# name 4 = t090C: Temperature [ITS-90, deg C]
# name 5 = sal00: Salinity, Practical [PSU]
# name 6 = ph: pH
# name 7 = flECO-AFL: Fluorescence, WET Labs ECO-AFL/FL [mg/m^3]
# name 8 = cpar: CPAR/Corrected Irradiance [%]
# name 9 = density00: Density [density, kg/m^3]
# name 10 = potemp090C: Potential Temperature [ITS-90, deg C]
# name 11 = sigma-é00: Density [sigma-theta, kg/m^3]
# name 12 = sbeox0Mg/L: Oxygen, SBE 43 [mg/l]
# name 13 = sbox0Mm/Kg: Oxygen, SBE 43 [umol/kg]
# name 14 = oxsolMg/L: Oxygen Saturation, Garcia & Gordon [mg/l]
# name 15 = oxsolMm/Kg: Oxygen Saturation, Garcia & Gordon [umol/kg]
# name 16 = sbeox0PS: Oxygen, SBE 43 [% saturation]
# name 17 = flag:  0.000e+00
# span 0 =   39.99470,   39.99512       
# span 1 =  -72.54396,  -72.54166       
# span 2 =      1.967,     58.706       
# span 3 =      1.952,     58.248       
# span 4 =     8.4014,    20.8141       
# span 5 =    31.6246,    32.7779       
# span 6 =      7.778,      8.189       
# span 7 =    -0.0121,     1.3444       
# span 8 = 8.3515e-03, 2.1399e+02       
# span 9 =  1022.2595,  1025.2152       
# span 10 =     8.3961,    20.8136      
# span 11 =    22.2502,    24.9477      
# span 12 =     6.7506,     8.8489      
# span 13 =    205.867,    270.126      
# span 14 =    7.41700,    9.53206      
# span 15 =  226.73940,  290.65785      
# span 16 =     71.216,    106.913      
# span 17 = 0.0000e+00, 0.0000e+00      
# interval = seconds: 0.0416667
# start_time = Sep 13 2024 13:18:23 [System UTC, first data scan.]
# bad_flag = -9.990e-29
*END*
[from data line 14151]
   39.99476  -72.54370      2.322      2.304    20.8048    31.9858      8.182     0.0282 2.6629e+01  1022.2632    20.8043    22.2533     7.2118    220.466    7.41797  226.76864     97.221 -9.990e-29
   39.99476  -72.54370      2.342      2.324    20.8045    31.9858      8.182     0.0282 3.8996e+01  1022.2636    20.8040    22.2533     7.2155    220.579    7.41799  226.76920     97.270 -9.990e-29
   39.99476  -72.54370      2.322      2.304    20.8046    31.9858      8.182     0.0282 4.3761e+01  1022.2631    20.8041    22.2533     7.2152    220.568    7.41796  226.76837     97.266 -9.990e-29
   39.99476  -72.54370      2.352      2.334    20.8044    31.9860      8.182     0.0416 4.0829e+01  1022.2637    20.8040    22.2534     7.2105    220.425    7.41799  226.76911     97.203 -9.990e-29
   39.99474  -72.54376      2.353      2.335    20.8045    31.9862      8.182     0.0416 3.3535e+01  1022.2637    20.8040    22.2536     7.2098    220.405    7.41799  226.76918     97.193 -9.990e-29
   39.99474  -72.54376      2.342      2.324    20.8042    31.9862      8.182     0.0416 3.1346e+01  1022.2640    20.8038    22.2536     7.2091    220.385    7.41799  226.76906     97.185 -9.990e-29
   39.99474  -72.54376      2.342      2.324    20.8043    31.9863      8.182     0.0416 3.1435e+01  1022.2636    20.8038    22.2537     7.2129    220.499    7.41800  226.76959     97.235 -9.990e-29
   39.99474  -72.54376      2.372      2.354    20.8042    31.9864      8.182     0.0416 3.1940e+01  1022.2642    20.8038    22.2538     7.2130    220.503    7.41803  226.77037     97.236 -9.990e-29
   39.99474  -72.54376      2.382      2.364    20.8042    31.9866      8.182     0.0416 3.2151e+01  1022.2642    20.8038    22.2539     7.2175    220.639    7.41803  226.77041     97.296 -9.990e-29
   39.99474  -72.54376      2.382      2.364    20.8045    31.9866      8.182     0.0282 3.2852e+01  1022.2642    20.8040    22.2539     7.2136    220.520    7.41803  226.77035     97.244 -9.990e-29
   39.99474  -72.54376      2.374      2.356    20.8048    31.9866      8.182     0.0416 4.2037e+01  1022.2641    20.8043    22.2539     7.2137    220.525    7.41808  226.77184     97.245 -9.990e-29
   39.99474  -72.54376      2.403      2.384    20.8048    31.9867      8.182     0.0282 4.7933e+01  1022.2643    20.8043    22.2539     7.2139    220.529    7.41809  226.77211     97.247 -9.990e-29
   39.99474  -72.54376      2.403      2.384    20.8046    31.9867      8.182     0.0416 4.8521e+01  1022.2644    20.8042    22.2539     7.2093    220.389    7.41808  226.77186     97.185 -9.990e-29
   39.99474  -72.54376      2.423      2.405    20.8049    31.9867      8.182     0.0416 4.6518e+01  1022.2643    20.8045    22.2539     7.2131    220.506    7.41812  226.77293     97.237 -9.990e-29
   39.99474  -72.54376      2.433      2.414    20.8049    31.9866      8.182     0.0416 4.5312e+01  1022.2644    20.8045    22.2538     7.2133    220.512    7.41814  226.77387     97.239 -9.990e-29
   39.99474  -72.54376      2.433      2.414    20.8053    31.9865      8.182     0.0416 4.5225e+01  1022.2640    20.8049    22.2537     7.2135    220.517    7.41811  226.77279     97.241 -9.990e-29
   39.99474  -72.54376      2.455      2.436    20.8049    31.9865      8.182     0.0416 3.4819e+01  1022.2644    20.8045    22.2537     7.2140    220.534    7.41813  226.77323     97.249 -9.990e-29
   39.99474  -72.54376      2.463      2.444    20.8052    31.9864      8.182     0.0416 2.7289e+01  1022.2642    20.8047    22.2536     7.2143    220.542    7.41814  226.77347     97.252 -9.990e-29
   39.99474  -72.54376      2.474      2.455    20.8053    31.9864      8.182     0.0416 2.6015e+01  1022.2641    20.8049    22.2535     7.2189    220.683    7.41816  226.77411     97.314 -9.990e-29
   39.99474  -72.54376      2.484      2.465    20.8053    31.9864      8.182     0.0416 3.0367e+01  1022.2643    20.8049    22.2535     7.2199    220.712    7.41814  226.77354     97.327 -9.990e-29
   39.99474  -72.54376      2.493      2.474    20.8053    31.9864      8.182     0.0282 3.6354e+01  1022.2644    20.8049    22.2535     7.2209    220.743    7.41814  226.77353     97.341 -9.990e-29
   39.99474  -72.54376      2.504      2.485    20.8055    31.9863      8.182     0.0416 3.7777e+01  1022.2642    20.8050    22.2534     7.2219    220.774    7.41814  226.77352     97.354 -9.990e-29
   39.99474  -72.54376      2.515      2.496    20.8055    31.9864      8.182     0.0416 3.4204e+01  1022.2642    20.8050    22.2535     7.2225    220.793    7.41812  226.77305     97.363 -9.990e-29
   39.99474  -72.54376      2.514      2.495    20.8053    31.9866      8.182     0.0416 2.8651e+01  1022.2648    20.8049    22.2536     7.2231    220.813    7.41812  226.77305     97.372 -9.990e-29
   39.99474  -72.54376      2.535      2.515    20.8057    31.9866      8.182     0.0416 2.7187e+01  1022.2646    20.8052    22.2536     7.2238    220.833    7.41815  226.77383     97.380 -9.990e-29
   39.99474  -72.54376      2.535      2.515    20.8058    31.9866      8.182     0.0416 2.7649e+01  1022.2644    20.8054    22.2536     7.2288    220.987    7.41814  226.77366     97.448 -9.990e-29
   39.99474  -72.54376      2.544      2.525    20.8059    31.9866      8.182     0.0416 2.8597e+01  1022.2646    20.8054    22.2536     7.2298    221.016    7.41811  226.77279     97.462 -9.990e-29
   39.99474  -72.54376      2.535      2.515    20.8060    31.9866      8.182     0.0416 2.9002e+01  1022.2645    20.8055    22.2535     7.2308    221.046    7.41811  226.77274     97.475 -9.990e-29
   39.99474  -72.54376      2.576      2.556    20.8060    31.9865      8.182     0.0416 2.8759e+01  1022.2646    20.8055    22.2534     7.2317    221.075    7.41810  226.77235     97.488 -9.990e-29
   39.99474  -72.54376      2.565      2.545    20.8064    31.9863      8.182     0.0416 2.7265e+01  1022.2641    20.8059    22.2532     7.2323    221.093    7.41810  226.77244     97.496 -9.990e-29
   39.99474  -72.54376      2.555      2.536    20.8064    31.9863      8.182     0.0416 2.6658e+01  1022.2642    20.8059    22.2531     7.2332    221.120    7.41808  226.77185     97.508 -9.990e-29
   39.99474  -72.54376      2.574      2.555    20.8064    31.9864      8.182     0.0416 2.7651e+01  1022.2644    20.8059    22.2532     7.2341    221.149    7.41810  226.77271     97.520 -9.990e-29
   39.99474  -72.54376      2.574      2.555    20.8064    31.9864      8.182     0.0416 3.8820e+01  1022.2644    20.8059    22.2532     7.2347    221.165    7.41812  226.77300     97.527 -9.990e-29
   39.99474  -72.54376      2.576      2.556    20.8064    31.9863      8.182     0.0551 4.6086e+01  1022.2644    20.8059    22.2531     7.2355    221.192    7.41812  226.77325     97.539 -9.990e-29
   39.99474  -72.54376      2.565      2.545    20.8066    31.9862      8.182     0.0416 4.6614e+01  1022.2640    20.8061    22.2530     7.2360    221.206    7.41814  226.77356     97.545 -9.990e-29
   39.99474  -72.54376      2.585      2.566    20.8064    31.9862      8.182     0.0416 3.4156e+01  1022.2643    20.8059    22.2530     7.2365    221.221    7.41816  226.77426     97.551 -9.990e-29
   39.99474  -72.54376      2.574      2.555    20.8069    31.9861      8.182     0.0416 2.7981e+01  1022.2641    20.8064    22.2529     7.2369    221.234    7.41816  226.77435     97.557 -9.990e-29
   39.99474  -72.54376      2.574      2.555    20.8067    31.9860      8.182     0.0416 2.7392e+01  1022.2639    20.8062    22.2529     7.2373    221.245    7.41817  226.77457     97.562 -9.990e-29
   39.99474  -72.54376      2.576      2.556    20.8065    31.9860      8.182     0.0416 2.6165e+01  1022.2641    20.8060    22.2529     7.2377    221.257    7.41819  226.77528     97.567 -9.990e-29
   39.99474  -72.54376      2.574      2.555    20.8067    31.9861      8.182     0.0416 2.5042e+01  1022.2639    20.8062    22.2529     7.2380    221.267    7.41820  226.77548     97.571 -9.990e-29
   39.99474  -72.54376      2.574      2.555    20.8067    31.9862      8.182     0.0416 2.4931e+01  1022.2642    20.8062    22.2529     7.2383    221.277    7.41821  226.77560     97.575 -9.990e-29
   39.99474  -72.54376      2.565      2.545    20.8069    31.9862      8.182     0.0416 3.4165e+01  1022.2641    20.8064    22.2529     7.2385    221.283    7.41816  226.77428     97.579 -9.990e-29
   39.99474  -72.54376      2.565      2.545    20.8069    31.9861      8.182     0.0416 4.8466e+01  1022.2639    20.8064    22.2528     7.2388    221.291    7.41818  226.77473     97.582 -9.990e-29
   39.99474  -72.54376      2.565      2.545    20.8069    31.9859      8.182     0.0416 5.2184e+01  1022.2639    20.8064    22.2527     7.2386    221.285    7.41816  226.77420     97.580 -9.990e-29
   39.99474  -72.54376      2.566      2.547    20.8069    31.9859      8.182     0.0551 5.0070e+01  1022.2637    20.8064    22.2527     7.2384    221.280    7.41819  226.77497     97.577 -9.990e-29
   39.99474  -72.54376      2.544      2.525    20.8069    31.9859      8.182     0.0416 4.7781e+01  1022.2637    20.8064    22.2528     7.2425    221.404    7.41814  226.77358     97.632 -9.990e-29
   39.99474  -72.54376      2.555      2.536    20.8065    31.9859      8.182     0.0416 4.7426e+01  1022.2640    20.8060    22.2528     7.2426    221.406    7.41816  226.77420     97.633 -9.990e-29
   39.99474  -72.54376      2.535      2.515    20.8067    31.9859      8.182     0.0416 4.1949e+01  1022.2637    20.8062    22.2528     7.2385    221.283    7.41815  226.77382     97.579 -9.990e-29
   39.99474  -72.54376      2.535      2.515    20.8067    31.9859      8.182     0.0551 3.0814e+01  1022.2637    20.8062    22.2528     7.2425    221.405    7.41814  226.77367     97.632 -9.990e-29
   39.99474  -72.54376      2.515      2.496    20.8065    31.9860      8.182     0.0416 2.7637e+01  1022.2638    20.8061    22.2528     7.2380    221.268    7.41814  226.77358     97.572 -9.990e-29
   39.99474  -72.54376      2.514      2.495    20.8067    31.9860      8.182     0.0551 3.1505e+01  1022.2637    20.8062    22.2528     7.2379    221.263    7.41813  226.77330     97.570 -9.990e-29
   39.99474  -72.54376      2.504      2.485    20.8065    31.9860      8.182     0.0416 4.9446e+01  1022.2638    20.8061    22.2529     7.2378    221.259    7.41815  226.77384     97.568 -9.990e-29
   39.99474  -72.54380      2.484      2.465    20.8065    31.9860      8.182     0.0416 5.8639e+01  1022.2636    20.8061    22.2529     7.2371    221.240    7.41809  226.77222     97.560 -9.990e-29
   39.99474  -72.54380      2.474      2.455    20.8066    31.9859      8.182     0.0416 5.4859e+01  1022.2636    20.8061    22.2529     7.2365    221.221    7.41809  226.77198     97.552 -9.990e-29
   39.99474  -72.54380      2.454      2.435    20.8065    31.9859      8.182     0.0416 3.1965e+01  1022.2633    20.8061    22.2529     7.2359    221.201    7.41809  226.77199     97.544 -9.990e-29
   39.99474  -72.54380      2.455      2.436    20.8062    31.9860      8.182     0.0551 2.4490e+01  1022.2637    20.8057    22.2530     7.2355    221.190    7.41805  226.77096     97.539 -9.990e-29
   39.99474  -72.54380      2.423      2.405    20.8062    31.9861      8.182     0.0416 2.4282e+01  1022.2635    20.8058    22.2530     7.2351    221.179    7.41805  226.77096     97.534 -9.990e-29
   39.99474  -72.54380      2.414      2.395    20.8062    31.9861      8.182     0.0551 3.0488e+01  1022.2636    20.8057    22.2531     7.2352    221.180    7.41808  226.77176     97.534 -9.990e-29
   39.99474  -72.54380      2.393      2.375    20.8059    31.9860      8.182     0.0416 3.4725e+01  1022.2634    20.8054    22.2531     7.2347    221.166    7.41803  226.77025     97.529 -9.990e-29
   39.99474  -72.54380      2.372      2.354    20.8058    31.9860      8.182     0.0551 3.5082e+01  1022.2633    20.8054    22.2531     7.2343    221.154    7.41807  226.77146     97.523 -9.990e-29
   39.99474  -72.54380      2.363      2.345    20.8058    31.9860      8.182     0.0416 3.7777e+01  1022.2634    20.8054    22.2531     7.2338    221.139    7.41804  226.77064     97.517 -9.990e-29
   39.99474  -72.54380      2.353      2.335    20.8055    31.9860      8.182     0.0416 4.0111e+01  1022.2635    20.8051    22.2531     7.2329    221.112    7.41803  226.77043     97.505 -9.990e-29
   39.99474  -72.54380      2.333      2.315    20.8055    31.9859      8.182     0.0416 4.0565e+01  1022.2630    20.8050    22.2531     7.2324    221.096    7.41804  226.77064     97.498 -9.990e-29
   39.99474  -72.54380      2.312      2.294    20.8057    31.9861      8.182     0.0416 3.0481e+01  1022.2630    20.8052    22.2531     7.2275    220.946    7.41806  226.77123     97.431 -9.990e-29
   39.99474  -72.54380      2.291      2.274    20.8053    31.9863      8.182     0.0416 2.2289e+01  1022.2636    20.8049    22.2534     7.2309    221.050    7.41803  226.77027     97.477 -9.990e-29
   39.99474  -72.54380      2.282      2.264    20.8053    31.9864      8.182     0.0416 2.0814e+01  1022.2634    20.8049    22.2535     7.2259    220.898    7.41805  226.77090     97.410 -9.990e-29
   39.99474  -72.54380      2.252      2.234    20.8051    31.9864      8.182     0.0416 2.0814e+01  1022.2634    20.8047    22.2535     7.2249    220.867    7.41803  226.77032     97.397 -9.990e-29
   39.99474  -72.54380      2.241      2.223    20.8053    31.9864      8.182     0.0551 2.0428e+01  1022.2632    20.8049    22.2535     7.2287    220.981    7.41801  226.76979     97.447 -9.990e-29
   39.99474  -72.54380      2.232      2.215    20.8053    31.9864      8.182     0.0416 2.0314e+01  1022.2631    20.8049    22.2535     7.2241    220.841    7.41804  226.77067     97.385 -9.990e-29
   39.99474  -72.54380      2.210      2.193    20.8053    31.9864      8.182     0.0551 2.8870e+01  1022.2630    20.8049    22.2535     7.2234    220.820    7.41800  226.76947     97.376 -9.990e-29
   39.99474  -72.54380      2.190      2.173    20.8055    31.9863      8.182     0.0416 5.7065e+01  1022.2628    20.8051    22.2534     7.2227    220.800    7.41799  226.76923     97.368 -9.990e-29
   39.99474  -72.54380      2.171      2.154    20.8055    31.9863      8.182     0.0416 7.0066e+01  1022.2628    20.8051    22.2534     7.2221    220.780    7.41798  226.76874     97.359 -9.990e-29
   39.99474  -72.54380      2.160      2.143    20.8053    31.9863      8.182     0.0551 7.0133e+01  1022.2627    20.8049    22.2534     7.2214    220.760    7.41794  226.76755     97.351 -9.990e-29
   39.99474  -72.54380      2.140      2.124    20.8053    31.9862      8.182     0.0416 7.1931e+01  1022.2627    20.8049    22.2533     7.2208    220.740    7.41792  226.76698     97.342 -9.990e-29
   39.99474  -72.54380      2.129      2.113    20.8057    31.9861      8.182     0.0416 7.2744e+01  1022.2622    20.8053    22.2532     7.2161    220.597    7.41789  226.76607     97.280 -9.990e-29
   39.99474  -72.54380      2.110      2.094    20.8055    31.9862      8.182     0.0416 6.7362e+01  1022.2626    20.8051    22.2533     7.2155    220.580    7.41790  226.76654     97.272 -9.990e-29
   39.99474  -72.54380      2.089      2.073    20.8057    31.9862      8.182     0.0551 4.2957e+01  1022.2623    20.8053    22.2533     7.2193    220.696    7.41792  226.76696     97.323 -9.990e-29
   39.99474  -72.54380      2.089      2.073    20.8057    31.9861      8.182     0.0416 3.4888e+01  1022.2623    20.8053    22.2532     7.2148    220.557    7.41790  226.76638     97.262 -9.990e-29
   39.99474  -72.54380      2.069      2.053    20.8059    31.9860      8.182     0.0551 3.4208e+01  1022.2620    20.8055    22.2530     7.2142    220.541    7.41789  226.76601     97.255 -9.990e-29
   39.99474  -72.54380      2.048      2.033    20.8058    31.9858      8.182     0.0416 3.0057e+01  1022.2616    20.8054    22.2528     7.2138    220.526    7.41789  226.76632     97.248 0.0000e+00
