CalculateIndicators/WaterTemperature/Data/CTD_NYOS/20240710_C21.cnv
* Sea-Bird SBE 9 Data File:
* FileName = C:\Seabird 9 CTD\Data\2024\202407_offshore\20240710_C21.hex
* Software Version Seasave V 7.23.2
* Temperature SN = 4590
* Conductivity SN = 3228
* Number of Bytes Per Scan = 44
* Number of Voltage Words = 5
* Number of Scans Averaged by the Deck Unit = 1
* NMEA Latitude = 40 33.50 N
* NMEA Longitude = 072 26.88 W
* NMEA UTC (Time) = Jul 10 2024  14:00:20
* NMEA baud rate = 4800
** Ship: seawolf
** Station: 10.2
** Operator: TCM
# nquan = 18
# nvalues = 11491                       
# units = specified
# name 0 = latitude: Latitude [deg]
# name 1 = longitude: Longitude [deg]
# name 2 = prDM: Pressure, Digiquartz [db]
# name 3 = depSM: Depth [salt water, m]
# name 4 = t090C: Temperature [ITS-90, deg C]
# name 5 = sal00: Salinity, Practical [PSU]
# name 6 = ph: pH
# name 7 = flECO-AFL: Fluorescence, WET Labs ECO-AFL/FL [mg/m^3]
# name 8 = cpar: CPAR/Corrected Irradiance [%]
# name 9 = density00: Density [density, kg/m^3]
# name 10 = potemp090C: Potential Temperature [ITS-90, deg C]
# name 11 = sigma-é00: Density [sigma-theta, kg/m^3]
# name 12 = sbeox0Mg/L: Oxygen, SBE 43 [mg/l]
# name 13 = sbox0Mm/Kg: Oxygen, SBE 43 [umol/kg]
# name 14 = oxsolMg/L: Oxygen Saturation, Garcia & Gordon [mg/l]
# name 15 = oxsolMm/Kg: Oxygen Saturation, Garcia & Gordon [umol/kg]
# name 16 = sbeox0PS: Oxygen, SBE 43 [% saturation]
# name 17 = flag:  0.000e+00
# span 0 =   40.55832,   40.55952       
# span 1 =  -72.44804,  -72.44750       
# span 2 =      1.860,     42.253       
# span 3 =      1.845,     41.923       
# span 4 =     7.6155,    22.6750       
# span 5 =    29.5016,    32.7659       
# span 6 =      7.877,      8.190       
# span 7 =     0.0013,     3.0905       
# span 8 = 2.7255e-03, 4.0093e+01       
# span 9 =  1020.0345,  1025.2318       
# span 10 =     7.6116,    22.6745      
# span 11 =    20.0639,    25.0891      
# span 12 =     7.0924,     9.7672      
# span 13 =    216.279,    298.247      
# span 14 =    7.23736,    9.71677      
# span 15 =  221.61034,  296.30635      
# span 16 =     73.062,    118.664      
# span 17 = 0.0000e+00, 0.0000e+00      
# interval = seconds: 0.0416667
# start_time = Jul 10 2024 14:00:21 [System UTC, first data scan.]
# bad_flag = -9.990e-29
*END*
[from data line 161]
   40.55836  -72.44804      2.203      2.186    22.6192    30.4408      7.964     0.6863 2.3583e+01  1020.5960    22.6188    20.5868     7.8217    239.500    7.24373  221.80285    107.979 -9.990e-29
   40.55836  -72.44804      2.184      2.167    22.6182    30.4430      7.964     0.6863 2.3850e+01  1020.5981    22.6177    20.5887     7.8259    239.628    7.24361  221.79916    108.038 -9.990e-29
   40.55836  -72.44804      2.163      2.147    22.6178    30.4453      7.964     0.6863 2.3917e+01  1020.6004    22.6174    20.5904     7.8260    239.633    7.24345  221.79404    108.043 -9.990e-29
   40.55836  -72.44804      2.152      2.136    22.6192    30.4467      7.964     0.6863 2.4052e+01  1020.6010    22.6188    20.5913     7.8262    239.638    7.24332  221.79003    108.047 -9.990e-29
   40.55836  -72.44804      2.133      2.117    22.6210    30.4467      7.964     0.6863 2.4324e+01  1020.6005    22.6206    20.5912     7.8264    239.646    7.24322  221.78730    108.052 -9.990e-29
   40.55836  -72.44804      2.123      2.107    22.6228    30.4467      7.964     0.6863 2.4392e+01  1020.5999    22.6224    20.5906     7.8309    239.783    7.24315  221.78532    108.115 -9.990e-29
   40.55836  -72.44804      2.103      2.087    22.6246    30.4463      7.964     0.6863 2.4489e+01  1020.5990    22.6242    20.5896     7.8314    239.798    7.24305  221.78242    108.123 -9.990e-29
   40.55836  -72.44804      2.103      2.087    22.6255    30.4449      7.964     0.6863 2.4697e+01  1020.5975    22.6251    20.5882     7.8277    239.683    7.24297  221.78012    108.072 -9.990e-29
   40.55836  -72.44804      2.073      2.057    22.6261    30.4431      7.964     0.6863 2.4836e+01  1020.5952    22.6257    20.5868     7.8275    239.678    7.24291  221.77822    108.071 -9.990e-29
   40.55836  -72.44804      2.073      2.057    22.6253    30.4417      7.969     0.6863 2.4906e+01  1020.5946    22.6249    20.5859     7.8277    239.683    7.24287  221.77723    108.074 -9.990e-29
   40.55836  -72.44804      2.041      2.025    22.6240    30.4408      7.964     0.7132 2.5473e+01  1020.5940    22.6236    20.5855     7.8275    239.678    7.24285  221.77653    108.072 -9.990e-29
   40.55836  -72.44804      2.033      2.017    22.6226    30.4408      7.964     0.7132 2.5833e+01  1020.5942    22.6222    20.5857     7.8276    239.682    7.24280  221.77495    108.074 -9.990e-29
   40.55836  -72.44804      2.022      2.006    22.6215    30.4408      7.964     0.7132 2.5833e+01  1020.5948    22.6211    20.5862     7.8277    239.686    7.24280  221.77516    108.076 -9.990e-29
   40.55836  -72.44804      1.992      1.976    22.6200    30.4415      7.964     0.7132 2.6570e+01  1020.5956    22.6196    20.5871     7.8282    239.701    7.24279  221.77477    108.083 -9.990e-29
   40.55836  -72.44804      1.981      1.965    22.6192    30.4424      7.964     0.7132 2.7022e+01  1020.5964    22.6188    20.5880     7.8283    239.704    7.24276  221.77403    108.085 -9.990e-29
   40.55836  -72.44804      1.950      1.935    22.6185    30.4437      7.964     0.7132 2.7098e+01  1020.5976    22.6181    20.5891     7.8284    239.706    7.24272  221.77279    108.086 -9.990e-29
   40.55836  -72.44804      1.950      1.935    22.6182    30.4450      7.964     0.7132 2.7251e+01  1020.5986    22.6178    20.5903     7.8282    239.700    7.24274  221.77318    108.083 -9.990e-29
   40.55836  -72.44804      1.930      1.915    22.6187    30.4465      7.969     0.7132 2.7482e+01  1020.5997    22.6183    20.5912     7.8283    239.703    7.24276  221.77388    108.084 -9.990e-29
   40.55836  -72.44804      1.910      1.896    22.6201    30.4477      7.969     0.7132 2.7482e+01  1020.6003    22.6198    20.5917     7.8283    239.704    7.24272  221.77279    108.085 -9.990e-29
   40.55836  -72.44804      1.899      1.885    22.6219    30.4482      7.964     0.7132 2.7637e+01  1020.6001    22.6215    20.5917     7.8241    239.575    7.24272  221.77267    108.027 -9.990e-29
   40.55836  -72.44804      1.890      1.875    22.6235    30.4482      7.964     0.7132 2.7903e+01  1020.5994    22.6231    20.5913     7.8281    239.697    7.24274  221.77347    108.082 -9.990e-29
   40.55836  -72.44804      1.890      1.875    22.6250    30.4482      7.964     0.7132 2.7982e+01  1020.5990    22.6246    20.5909     7.8281    239.698    7.24274  221.77339    108.082 -9.990e-29
   40.55836  -72.44804      1.869      1.855    22.6261    30.4478      7.964     0.7132 2.8219e+01  1020.5987    22.6257    20.5902     7.8278    239.690    7.24277  221.77447    108.078 -9.990e-29
   40.55836  -72.44804      1.860      1.845    22.6269    30.4463      7.964     0.7132 2.8699e+01  1020.5976    22.6265    20.5888     7.8276    239.682    7.24285  221.77676    108.073 -9.990e-29
   40.55836  -72.44804      1.869      1.855    22.6283    30.4442      7.964     0.7132 2.8780e+01  1020.5939    22.6280    20.5870     7.8273    239.672    7.24290  221.77868    108.068 -9.990e-29
   40.55836  -72.44804      1.869      1.855    22.6279    30.4433      7.969     0.7132 2.8942e+01  1020.5938    22.6276    20.5863     7.8270    239.663    7.24303  221.78275    108.062 -9.990e-29
   40.55836  -72.44804      1.871      1.856    22.6274    30.4433      7.964     0.7132 2.9187e+01  1020.5951    22.6270    20.5865     7.8267    239.656    7.24319  221.78750    108.056 -9.990e-29
   40.55836  -72.44804      1.880      1.866    22.6273    30.4429      7.969     0.7132 2.9352e+01  1020.5944    22.6269    20.5862     7.8264    239.645    7.24330  221.79094    108.050 -9.990e-29
   40.55836  -72.44804      1.890      1.875    22.6265    30.4420      7.964     0.7132 2.9269e+01  1020.5938    22.6262    20.5857     7.8263    239.643    7.24341  221.79407    108.048 -9.990e-29
   40.55836  -72.44804      1.910      1.896    22.6258    30.4407      7.964     0.7132 2.9105e+01  1020.5935    22.6254    20.5850     7.8306    239.773    7.24354  221.79789    108.104 -9.990e-29
   40.55836  -72.44804      1.920      1.905    22.6250    30.4396      7.964     0.7132 2.9105e+01  1020.5919    22.6246    20.5841     7.8266    239.653    7.24372  221.80366    108.047 -9.990e-29
   40.55836  -72.44804      1.941      1.926    22.6237    30.4396      7.964     0.7132 2.9024e+01  1020.5915    22.6233    20.5841     7.8266    239.651    7.24387  221.80814    108.044 -9.990e-29
   40.55836  -72.44804      1.960      1.945    22.6217    30.4396      7.964     0.7132 2.8699e+01  1020.5938    22.6213    20.5852     7.8265    239.649    7.24401  221.81220    108.041 -9.990e-29
   40.55836  -72.44804      1.972      1.957    22.6205    30.4410      7.969     0.7132 2.8458e+01  1020.5951    22.6201    20.5866     7.8264    239.644    7.24409  221.81465    108.038 -9.990e-29
   40.55836  -72.44804      2.001      1.986    22.6191    30.4424      7.969     0.7132 2.8458e+01  1020.5966    22.6187    20.5880     7.8262    239.639    7.24418  221.81733    108.035 -9.990e-29
   40.55836  -72.44804      2.031      2.016    22.6189    30.4438      7.969     0.7132 2.7747e+01  1020.5982    22.6185    20.5892     7.8260    239.632    7.24421  221.81806    108.031 -9.990e-29
   40.55836  -72.44804      2.062      2.046    22.6185    30.4449      7.969     0.7132 2.7359e+01  1020.5993    22.6181    20.5900     7.8301    239.757    7.24430  221.82068    108.086 -9.990e-29
   40.55836  -72.44804      2.092      2.076    22.6191    30.4457      7.969     0.7132 2.7282e+01  1020.5992    22.6187    20.5906     7.8301    239.758    7.24434  221.82180    108.086 -9.990e-29
   40.55836  -72.44804      2.112      2.096    22.6191    30.4471      7.964     0.7132 2.5863e+01  1020.6005    22.6187    20.5916     7.8259    239.628    7.24435  221.82203    108.027 -9.990e-29
   40.55836  -72.44804      2.152      2.136    22.6198    30.4482      7.969     0.7132 2.4725e+01  1020.6024    22.6193    20.5925     7.8260    239.631    7.24444  221.82475    108.027 -9.990e-29
   40.55836  -72.44804      2.174      2.157    22.6209    30.4482      7.969     0.7132 2.4518e+01  1020.6027    22.6204    20.5925     7.8257    239.623    7.24451  221.82700    108.023 -9.990e-29
   40.55836  -72.44804      2.203      2.186    22.6223    30.4482      7.969     0.7132 2.4203e+01  1020.6011    22.6218    20.5916     7.8254    239.614    7.24454  221.82791    108.018 -9.990e-29
   40.55836  -72.44804      2.233      2.216    22.6233    30.4473      7.969     0.7132 2.3798e+01  1020.5997    22.6229    20.5906     7.8250    239.601    7.24451  221.82682    108.013 -9.990e-29
   40.55836  -72.44804      2.254      2.236    22.6239    30.4468      7.969     0.7132 2.3665e+01  1020.5999    22.6234    20.5901     7.8249    239.599    7.24447  221.82565    108.012 -9.990e-29
   40.55836  -72.44804      2.274      2.257    22.6246    30.4467      7.969     0.7132 2.3665e+01  1020.5996    22.6241    20.5898     7.8206    239.465    7.24439  221.82304    107.953 -9.990e-29
   40.55836  -72.44804      2.305      2.287    22.6250    30.4467      7.964     0.7132 2.3532e+01  1020.5995    22.6245    20.5896     7.8198    239.441    7.24428  221.81976    107.944 -9.990e-29
   40.55836  -72.44804      2.305      2.287    22.6256    30.4467      7.969     0.7132 2.3532e+01  1020.5992    22.6252    20.5895     7.8193    239.426    7.24417  221.81627    107.939 -9.990e-29
   40.55836  -72.44804      2.325      2.307    22.6258    30.4468      7.969     0.7132 2.3466e+01  1020.5994    22.6254    20.5895     7.8188    239.412    7.24404  221.81237    107.935 0.0000e+00
   40.55836  -72.44804      2.335      2.317    22.6265    30.4474      7.969     0.7132 2.3400e+01  1020.5998    22.6261    20.5898     7.8227    239.529    7.24396  221.80991    107.989 0.0000e+00
   40.55836  -72.44804      2.355      2.337    22.6270    30.4483      7.969     0.7132 2.3334e+01  1020.6007    22.6265    20.5903     7.8180    239.387    7.24388  221.80748    107.925 0.0000e+00
   40.55836  -72.44804      2.365      2.347    22.6281    30.4486      7.969     0.7132 2.3334e+01  1020.6008    22.6277    20.5905     7.8176    239.374    7.24378  221.80463    107.921 -9.990e-29
   40.55836  -72.44804      2.355      2.337    22.6290    30.4486      7.969     0.7132 2.3466e+01  1020.6008    22.6286    20.5903     7.8171    239.361    7.24366  221.80111    107.917 -9.990e-29
   40.55836  -72.44804      2.386      2.367    22.6301    30.4486      7.969     0.7132 2.3532e+01  1020.5999    22.6296    20.5898     7.8126    239.221    7.24363  221.80008    107.854 -9.990e-29
   40.55836  -72.44804      2.386      2.367    22.6306    30.4481      7.969     0.7132 2.3532e+01  1020.5997    22.6302    20.5892     7.8119    239.202    7.24360  221.79911    107.846 -9.990e-29
   40.55836  -72.44804      2.395      2.377    22.6317    30.4477      7.964     0.7132 2.3665e+01  1020.5988    22.6312    20.5886     7.8116    239.192    7.24350  221.79627    107.843 -9.990e-29
   40.55836  -72.44804      2.395      2.377    22.6324    30.4473      7.969     0.7132 2.3731e+01  1020.5983    22.6319    20.5881     7.8156    239.314    7.24345  221.79471    107.899 -9.990e-29
   40.55836  -72.44804      2.416      2.397    22.6330    30.4469      7.969     0.7132 2.3731e+01  1020.5982    22.6325    20.5877     7.8154    239.307    7.24338  221.79241    107.897 -9.990e-29
   40.55836  -72.44804      2.416      2.397    22.6335    30.4465      7.969     0.7132 2.3731e+01  1020.5975    22.6330    20.5872     7.8151    239.299    7.24330  221.79003    107.895 -9.990e-29
   40.55836  -72.44804      2.416      2.397    22.6337    30.4463      7.969     0.6998 2.3731e+01  1020.5974    22.6332    20.5870     7.8106    239.162    7.24320  221.78698    107.834 -9.990e-29
   40.55836  -72.44804      2.425      2.407    22.6341    30.4461      7.969     0.6998 2.3665e+01  1020.5973    22.6336    20.5868     7.8144    239.277    7.24315  221.78568    107.887 -9.990e-29
   40.55836  -72.44804      2.416      2.397    22.6342    30.4459      7.969     0.6998 2.3559e+01  1020.5969    22.6337    20.5866     7.8143    239.275    7.24318  221.78651    107.885 -9.990e-29
   40.55836  -72.44804      2.425      2.407    22.6344    30.4459      7.969     0.6998 2.3427e+01  1020.5967    22.6339    20.5864     7.8142    239.273    7.24318  221.78684    107.884 -9.990e-29
   40.55836  -72.44804      2.427      2.408    22.6345    30.4458      7.969     0.6998 2.3427e+01  1020.5968    22.6341    20.5864     7.8142    239.271    7.24321  221.78760    107.883 -9.990e-29
   40.55836  -72.44804      2.425      2.407    22.6347    30.4458      7.969     0.6998 2.3230e+01  1020.5970    22.6343    20.5864     7.8142    239.271    7.24324  221.78874    107.882 -9.990e-29
   40.55836  -72.44804      2.425      2.407    22.6347    30.4458      7.969     0.6998 2.3035e+01  1020.5968    22.6343    20.5864     7.8184    239.400    7.24325  221.78875    107.940 -9.990e-29
   40.55836  -72.44804      2.425      2.407    22.6345    30.4457      7.969     0.6998 2.3035e+01  1020.5968    22.6341    20.5863     7.8144    239.277    7.24322  221.78790    107.886 -9.990e-29
   40.55836  -72.44804      2.425      2.407    22.6349    30.4456      7.969     0.6998 2.2842e+01  1020.5965    22.6344    20.5862     7.8143    239.274    7.24315  221.78543    107.885 -9.990e-29
   40.55836  -72.44804      2.416      2.397    22.6350    30.4454      7.969     0.6998 2.2523e+01  1020.5965    22.6345    20.5860     7.8184    239.401    7.24306  221.78282    107.944 -9.990e-29
   40.55836  -72.44804      2.406      2.388    22.6349    30.4452      7.969     0.6998 2.2460e+01  1020.5961    22.6344    20.5858     7.8141    239.268    7.24298  221.78045    107.885 -9.990e-29
   40.55836  -72.44804      2.395      2.377    22.6349    30.4449      7.969     0.6998 2.2397e+01  1020.5961    22.6344    20.5856     7.8139    239.263    7.24285  221.77624    107.885 -9.990e-29
   40.55836  -72.44804      2.386      2.367    22.6349    30.4445      7.969     0.6998 2.2208e+01  1020.5955    22.6345    20.5853     7.8139    239.261    7.24278  221.77441    107.885 -9.990e-29
   40.55836  -72.44804      2.386      2.367    22.6344    30.4440      7.969     0.6998 2.2146e+01  1020.5955    22.6339    20.5851     7.8139    239.261    7.24273  221.77298    107.885 -9.990e-29
   40.55836  -72.44804      2.355      2.337    22.6342    30.4434      7.969     0.6998 2.2208e+01  1020.5948    22.6337    20.5847     7.8138    239.260    7.24268  221.77152    107.886 -9.990e-29
   40.55836  -72.44804      2.335      2.317    22.6335    30.4428      7.969     0.6998 2.2334e+01  1020.5943    22.6330    20.5845     7.8138    239.260    7.24264  221.77028    107.886 -9.990e-29
   40.55836  -72.44804      2.335      2.317    22.6322    30.4426      7.969     0.6998 2.2397e+01  1020.5947    22.6318    20.5846     7.8181    239.391    7.24261  221.76930    107.946 -9.990e-29
   40.55836  -72.44804      2.305      2.287    22.6314    30.4426      7.969     0.6998 2.2460e+01  1020.5946    22.6310    20.5848     7.8142    239.273    7.24261  221.76931    107.893 -9.990e-29
   40.55836  -72.44804      2.284      2.266    22.6304    30.4426      7.969     0.6998 2.2906e+01  1020.5951    22.6300    20.5851     7.8143    239.274    7.24258  221.76853    107.894 -9.990e-29
   40.55836  -72.44804      2.274      2.257    22.6296    30.4424      7.969     0.6998 2.3100e+01  1020.5951    22.6291    20.5852     7.8187    239.409    7.24263  221.77001    107.954 -9.990e-29
   40.55836  -72.44804      2.255      2.238    22.6285    30.4422      7.969     0.6998 2.3100e+01  1020.5945    22.6280    20.5852     7.8152    239.301    7.24260  221.76932    107.905 -9.990e-29
   40.55836  -72.44804      2.233      2.216    22.6273    30.4422      7.969     0.6998 2.3427e+01  1020.5949    22.6268    20.5854     7.8153    239.305    7.24262  221.76998    107.907 -9.990e-29
