CalculateIndicators/WaterTemperature/Data/CTD_NYOS/20240710_C19.cnv
* Sea-Bird SBE 9 Data File:
* FileName = C:\Seabird 9 CTD\Data\2024\202407_offshore\20240710_C19.hex
* Software Version Seasave V 7.23.2
* Temperature SN = 4590
* Conductivity SN = 3228
* Number of Bytes Per Scan = 44
* Number of Voltage Words = 5
* Number of Scans Averaged by the Deck Unit = 1
* NMEA Latitude = 40 39.98 N
* NMEA Longitude = 072 58.85 W
* NMEA UTC (Time) = Jul 10 2024  08:37:53
* NMEA baud rate = 4800
** Ship: seawolf
** Station: 9.1
** Operator: TDK
# nquan = 18
# nvalues = 8257                        
# units = specified
# name 0 = latitude: Latitude [deg]
# name 1 = longitude: Longitude [deg]
# name 2 = prDM: Pressure, Digiquartz [db]
# name 3 = depSM: Depth [salt water, m]
# name 4 = t090C: Temperature [ITS-90, deg C]
# name 5 = sal00: Salinity, Practical [PSU]
# name 6 = ph: pH
# name 7 = flECO-AFL: Fluorescence, WET Labs ECO-AFL/FL [mg/m^3]
# name 8 = cpar: CPAR/Corrected Irradiance [%]
# name 9 = density00: Density [density, kg/m^3]
# name 10 = potemp090C: Potential Temperature [ITS-90, deg C]
# name 11 = sigma-é00: Density [sigma-theta, kg/m^3]
# name 12 = sbeox0Mg/L: Oxygen, SBE 43 [mg/l]
# name 13 = sbox0Mm/Kg: Oxygen, SBE 43 [umol/kg]
# name 14 = oxsolMg/L: Oxygen Saturation, Garcia & Gordon [mg/l]
# name 15 = oxsolMm/Kg: Oxygen Saturation, Garcia & Gordon [umol/kg]
# name 16 = sbeox0PS: Oxygen, SBE 43 [% saturation]
# name 17 = flag:  0.000e+00
# span 0 =   40.66632,   40.66694       
# span 1 =  -72.98084,  -72.98024       
# span 2 =      1.478,     12.368       
# span 3 =      1.466,     12.272       
# span 4 =    14.9252,    21.1782       
# span 5 =    29.6108,    30.3788       
# span 6 =      7.939,      8.085       
# span 7 =     1.0893,     2.3115       
# span 8 = 1.6880e-11, 3.8924e+01       
# span 9 =  1020.5657,  1022.4546       
# span 10 =    14.9234,    21.1778      
# span 11 =    20.5567,    22.3997      
# span 12 =     6.9994,     8.9163      
# span 13 =    213.947,    273.018      
# span 14 =    7.45533,    8.38553      
# span 15 =  228.27207,  256.31769      
# span 16 =     83.477,    119.261      
# span 17 = 0.0000e+00, 0.0000e+00      
# interval = seconds: 0.0416667
# start_time = Jul 10 2024 08:37:54 [System UTC, first data scan.]
# bad_flag = -9.990e-29
*END*
[from data line 6513]
   40.66682  -72.98038      1.761      1.747    21.1003    29.9874      8.019     1.1430 1.4554e+00  1020.6640    21.1000    20.6564     8.1950    250.914    7.46589  228.58991    109.766 -9.990e-29
   40.66682  -72.98038      1.751      1.738    21.1003    29.9881      8.019     1.1430 1.5696e+00  1020.6644    21.1000    20.6568     8.1951    250.917    7.46583  228.58826    109.768 -9.990e-29
   40.66682  -72.98038      1.770      1.757    21.1005    29.9885      8.019     1.1430 1.9497e+00  1020.6651    21.1002    20.6571     8.1952    250.921    7.46579  228.58725    109.770 -9.990e-29
   40.66682  -72.98038      1.780      1.766    21.1008    29.9885      8.019     1.1430 2.9838e+00  1020.6651    21.1005    20.6571     8.1954    250.926    7.46581  228.58791    109.772 -9.990e-29
   40.66682  -72.98038      1.780      1.766    21.1016    29.9885      8.019     1.1430 3.3819e+00  1020.6645    21.1012    20.6568     8.1952    250.921    7.46584  228.58895    109.769 -9.990e-29
   40.66682  -72.98038      1.791      1.777    21.1019    29.9881      8.019     1.1430 3.9347e+00  1020.6643    21.1016    20.6564     8.1954    250.926    7.46588  228.59018    109.771 -9.990e-29
   40.66682  -72.98038      1.821      1.807    21.1022    29.9876      8.019     1.1430 6.8187e+00  1020.6638    21.1019    20.6560     8.1952    250.921    7.46594  228.59215    109.768 -9.990e-29
   40.66682  -72.98038      1.831      1.817    21.1024    29.9873      8.019     1.1430 8.3814e+00  1020.6636    21.1021    20.6558     8.1950    250.915    7.46599  228.59366    109.765 -9.990e-29
   40.66682  -72.98038      1.842      1.828    21.1026    29.9871      8.019     1.1430 8.6883e+00  1020.6635    21.1022    20.6556     8.1952    250.919    7.46604  228.59507    109.766 -9.990e-29
   40.66682  -72.98038      1.862      1.848    21.1024    29.9869      8.019     1.1430 1.1408e+01  1020.6635    21.1021    20.6554     8.1905    250.776    7.46600  228.59390    109.704 -9.990e-29
   40.66684  -72.98038      1.893      1.878    21.1023    29.9866      8.019     1.1430 1.3093e+01  1020.6636    21.1019    20.6552     8.1946    250.901    7.46598  228.59316    109.759 -9.990e-29
   40.66684  -72.98038      1.902      1.888    21.1028    29.9862      8.019     1.1430 1.3216e+01  1020.6628    21.1024    20.6548     8.1947    250.904    7.46597  228.59259    109.760 -9.990e-29
   40.66684  -72.98038      1.923      1.908    21.1023    29.9858      8.024     1.1430 1.2652e+01  1020.6629    21.1019    20.6546     8.1947    250.905    7.46590  228.59062    109.762 -9.990e-29
   40.66684  -72.98038      1.942      1.927    21.1024    29.9858      8.019     1.1430 1.2379e+01  1020.6628    21.1020    20.6545     8.1949    250.910    7.46595  228.59241    109.763 -9.990e-29
   40.66684  -72.98038      1.953      1.938    21.1019    29.9858      8.019     1.1430 1.2340e+01  1020.6628    21.1015    20.6546     8.1950    250.913    7.46594  228.59192    109.765 -9.990e-29
   40.66684  -72.98038      1.983      1.968    21.1016    29.9859      8.019     1.1430 1.0406e+01  1020.6636    21.1012    20.6549     8.1951    250.916    7.46596  228.59250    109.766 -9.990e-29
   40.66684  -72.98038      2.004      1.988    21.1013    29.9859      8.019     1.1430 9.0928e+00  1020.6639    21.1010    20.6550     8.1951    250.919    7.46593  228.59158    109.767 -9.990e-29
   40.66684  -72.98038      2.015      1.999    21.1012    29.9859      8.019     1.1430 8.8886e+00  1020.6638    21.1008    20.6549     8.1953    250.922    7.46594  228.59199    109.769 -9.990e-29
   40.66684  -72.98038      2.044      2.028    21.1010    29.9854      8.019     1.1430 9.3011e+00  1020.6635    21.1006    20.6547     8.1954    250.927    7.46598  228.59329    109.770 -9.990e-29
   40.66684  -72.98038      2.053      2.037    21.1007    29.9854      8.019     1.1295 9.7302e+00  1020.6632    21.1003    20.6545     8.1911    250.795    7.46596  228.59268    109.712 -9.990e-29
   40.66684  -72.98038      2.085      2.069    21.1003    29.9854      8.019     1.1295 9.8244e+00  1020.6635    21.0999    20.6548     8.1905    250.777    7.46598  228.59319    109.704 -9.990e-29
   40.66684  -72.98038      2.095      2.078    21.1001    29.9861      8.019     1.1295 9.6679e+00  1020.6645    21.0997    20.6555     8.1899    250.759    7.46601  228.59421    109.696 -9.990e-29
   40.66684  -72.98038      2.104      2.088    21.0996    29.9870      8.019     1.1295 9.5136e+00  1020.6657    21.0992    20.6563     8.1941    250.885    7.46599  228.59357    109.752 -9.990e-29
   40.66684  -72.98038      2.126      2.110    21.0995    29.9870      8.019     1.1295 9.4830e+00  1020.6665    21.0991    20.6567     8.1894    250.742    7.46597  228.59284    109.689 -9.990e-29
   40.66684  -72.98038      2.125      2.108    21.0998    29.9870      8.024     1.1295 9.7929e+00  1020.6660    21.0994    20.6562     8.1892    250.736    7.46600  228.59387    109.686 -9.990e-29
   40.66684  -72.98038      2.155      2.138    21.1003    29.9854      8.024     1.1295 1.0540e+01  1020.6640    21.0999    20.6549     8.1885    250.717    7.46598  228.59314    109.678 -9.990e-29
   40.66684  -72.98038      2.155      2.138    21.1004    29.9840      8.019     1.1295 1.0743e+01  1020.6626    21.1000    20.6539     8.1839    250.575    7.46595  228.59225    109.616 -9.990e-29
   40.66684  -72.98038      2.145      2.129    21.0998    29.9840      8.024     1.1295 1.0880e+01  1020.6628    21.0994    20.6536     8.1877    250.691    7.46592  228.59133    109.668 -9.990e-29
   40.66684  -72.98038      2.176      2.159    21.0990    29.9840      8.019     1.1295 1.1301e+01  1020.6629    21.0986    20.6538     8.1832    250.552    7.46595  228.59232    109.606 -9.990e-29
   40.66684  -72.98038      2.165      2.148    21.0980    29.9841      8.019     1.1295 1.1444e+01  1020.6637    21.0976    20.6544     8.1826    250.535    7.46590  228.59066    109.600 -9.990e-29
   40.66684  -72.98038      2.196      2.179    21.0975    29.9849      8.019     1.1295 1.1553e+01  1020.6649    21.0971    20.6552     8.1821    250.520    7.46591  228.59075    109.593 -9.990e-29
   40.66684  -72.98038      2.206      2.189    21.0969    29.9855      8.019     1.1295 1.2035e+01  1020.6656    21.0965    20.6558     8.1816    250.503    7.46581  228.58796    109.587 -9.990e-29
   40.66684  -72.98038      2.206      2.189    21.0963    29.9857      8.019     1.1295 1.2302e+01  1020.6658    21.0958    20.6561     8.1811    250.488    7.46574  228.58568    109.582 -9.990e-29
   40.66684  -72.98038      2.206      2.189    21.0962    29.9857      8.019     1.1295 1.2340e+01  1020.6656    21.0958    20.6561     8.1762    250.338    7.46563  228.58221    109.518 -9.990e-29
   40.66684  -72.98038      2.226      2.209    21.0958    29.9857      8.024     1.1295 1.2931e+01  1020.6658    21.0953    20.6562     8.1710    250.179    7.46553  228.57924    109.450 -9.990e-29
   40.66684  -72.98038      2.226      2.209    21.0956    29.9859      8.024     1.1295 1.3298e+01  1020.6659    21.0951    20.6565     8.1695    250.134    7.46544  228.57644    109.431 -9.990e-29
   40.66684  -72.98038      2.246      2.228    21.0951    29.9865      8.019     1.1295 1.3340e+01  1020.6669    21.0947    20.6570     8.1729    250.236    7.46534  228.57339    109.477 -9.990e-29
   40.66684  -72.98038      2.246      2.228    21.0949    29.9868      8.024     1.1295 1.2110e+01  1020.6674    21.0944    20.6574     8.1722    250.216    7.46523  228.57014    109.470 -9.990e-29
   40.66684  -72.98038      2.257      2.239    21.0950    29.9868      8.024     1.1295 1.1301e+01  1020.6672    21.0946    20.6574     8.1672    250.062    7.46512  228.56693    109.404 -9.990e-29
   40.66684  -72.98038      2.257      2.239    21.0947    29.9869      8.019     1.1295 1.1230e+01  1020.6672    21.0942    20.6574     8.1707    250.172    7.46510  228.56623    109.453 -9.990e-29
   40.66684  -72.98038      2.276      2.258    21.0950    29.9869      8.024     1.1295 9.7302e+00  1020.6670    21.0946    20.6574     8.1659    250.024    7.46506  228.56513    109.388 -9.990e-29
   40.66684  -72.98038      2.268      2.250    21.0947    29.9871      8.024     1.1295 8.4642e+00  1020.6673    21.0942    20.6576     8.1652    250.001    7.46502  228.56392    109.379 -9.990e-29
   40.66684  -72.98038      2.276      2.258    21.0949    29.9877      8.019     1.1295 8.2180e+00  1020.6679    21.0944    20.6581     8.1645    249.982    7.46501  228.56363    109.371 -9.990e-29
   40.66684  -72.98038      2.276      2.258    21.0950    29.9882      8.019     1.1295 7.0527e+00  1020.6686    21.0946    20.6584     8.1640    249.964    7.46500  228.56357    109.363 -9.990e-29
   40.66684  -72.98038      2.276      2.258    21.0954    29.9883      8.019     1.1430 5.7827e+00  1020.6682    21.0950    20.6583     8.1634    249.948    7.46500  228.56359    109.356 -9.990e-29
   40.66684  -72.98038      2.276      2.258    21.0958    29.9884      8.024     1.1430 5.5059e+00  1020.6680    21.0954    20.6583     8.1630    249.934    7.46499  228.56322    109.350 -9.990e-29
   40.66684  -72.98038      2.276      2.258    21.0961    29.9886      8.024     1.1430 5.2212e+00  1020.6683    21.0957    20.6584     8.1622    249.911    7.46498  228.56294    109.340 -9.990e-29
   40.66684  -72.98038      2.268      2.250    21.0967    29.9886      8.024     1.1430 4.7037e+00  1020.6683    21.0963    20.6584     8.1615    249.890    7.46502  228.56421    109.330 -9.990e-29
   40.66684  -72.98038      2.257      2.239    21.0971    29.9886      8.024     1.1430 4.5515e+00  1020.6680    21.0967    20.6582     8.1612    249.880    7.46500  228.56356    109.326 -9.990e-29
   40.66684  -72.98038      2.257      2.239    21.0977    29.9883      8.019     1.1430 4.4194e+00  1020.6676    21.0973    20.6578     8.1610    249.873    7.46499  228.56320    109.323 -9.990e-29
   40.66684  -72.98038      2.257      2.239    21.0982    29.9876      8.024     1.1430 4.0558e+00  1020.6670    21.0977    20.6572     8.1608    249.867    7.46499  228.56300    109.321 -9.990e-29
   40.66684  -72.98038      2.236      2.219    21.0984    29.9869      8.024     1.1430 3.9347e+00  1020.6661    21.0980    20.6566     8.1606    249.863    7.46495  228.56177    109.320 -9.990e-29
   40.66684  -72.98038      2.226      2.209    21.0983    29.9865      8.024     1.1430 3.9949e+00  1020.6657    21.0979    20.6562     8.1650    249.995    7.46493  228.56117    109.378 -9.990e-29
   40.66684  -72.98038      2.217      2.200    21.0980    29.9863      8.019     1.1430 4.2903e+00  1020.6657    21.0976    20.6561     8.1609    249.870    7.46490  228.56022    109.323 -9.990e-29
   40.66684  -72.98038      2.196      2.179    21.0975    29.9863      8.019     1.1430 4.4031e+00  1020.6658    21.0971    20.6562     8.1609    249.871    7.46486  228.55905    109.324 -9.990e-29
   40.66684  -72.98038      2.185      2.168    21.0973    29.9863      8.019     1.1430 4.3706e+00  1020.6656    21.0969    20.6563     8.1611    249.877    7.46492  228.56129    109.326 -9.990e-29
   40.66684  -72.98038      2.165      2.148    21.0968    29.9864      8.024     1.1430 3.9347e+00  1020.6659    21.0964    20.6565     8.1658    250.021    7.46503  228.56497    109.387 -9.990e-29
   40.66684  -72.98038      2.155      2.138    21.0969    29.9868      8.024     1.1295 3.7293e+00  1020.6661    21.0965    20.6567     8.1665    250.042    7.46513  228.56826    109.395 -9.990e-29
   40.66684  -72.98036      2.125      2.108    21.0970    29.9870      8.024     1.1430 3.6863e+00  1020.6662    21.0966    20.6570     8.1669    250.055    7.46528  228.57271    109.398 -9.990e-29
   40.66684  -72.98036      2.115      2.099    21.0970    29.9870      8.024     1.1295 2.6415e+00  1020.6664    21.0966    20.6571     8.1677    250.080    7.46541  228.57678    109.407 -9.990e-29
   40.66684  -72.98036      2.104      2.088    21.0976    29.9870      8.024     1.1430 2.0934e+00  1020.6659    21.0972    20.6569     8.1685    250.105    7.46554  228.58058    109.417 -9.990e-29
   40.66684  -72.98036      2.095      2.078    21.0973    29.9869      8.024     1.1430 2.0256e+00  1020.6656    21.0969    20.6567     8.1650    249.998    7.46567  228.58459    109.368 -9.990e-29
   40.66684  -72.98036      2.074      2.058    21.0974    29.9868      8.019     1.1430 1.8028e+00  1020.6656    21.0970    20.6567     8.1700    250.149    7.46578  228.58784    109.433 -9.990e-29
   40.66684  -72.98036      2.053      2.037    21.0971    29.9868      8.024     1.1430 1.6199e+00  1020.6658    21.0968    20.6568     8.1666    250.045    7.46587  228.59049    109.385 -9.990e-29
   40.66684  -72.98036      2.044      2.028    21.0974    29.9868      8.024     1.1430 1.5863e+00  1020.6656    21.0970    20.6567     8.1672    250.063    7.46593  228.59206    109.393 -9.990e-29
   40.66684  -72.98036      2.023      2.007    21.0975    29.9866      8.019     1.1430 1.5120e+00  1020.6652    21.0971    20.6565     8.1722    250.217    7.46594  228.59211    109.460 -9.990e-29
   40.66684  -72.98036      2.015      1.999    21.0971    29.9866      8.024     1.1430 1.4316e+00  1020.6653    21.0968    20.6565     8.1777    250.384    7.46600  228.59383    109.532 -9.990e-29
   40.66684  -72.98036      1.983      1.968    21.0973    29.9866      8.024     1.1430 1.4079e+00  1020.6652    21.0969    20.6566     8.1747    250.293    7.46602  228.59440    109.492 -9.990e-29
   40.66684  -72.98036      1.983      1.968    21.0971    29.9866      8.024     1.1430 1.3844e+00  1020.6652    21.0968    20.6566     8.1755    250.317    7.46605  228.59524    109.502 -9.990e-29
   40.66684  -72.98036      1.953      1.938    21.0969    29.9867      8.024     1.1564 1.3304e+00  1020.6651    21.0965    20.6567     8.1762    250.339    7.46605  228.59548    109.512 -9.990e-29
   40.66684  -72.98036      1.942      1.927    21.0970    29.9868      8.024     1.1564 1.3227e+00  1020.6652    21.0966    20.6568     8.1814    250.498    7.46606  228.59552    109.581 -9.990e-29
   40.66684  -72.98036      1.912      1.897    21.0971    29.9868      8.024     1.1564 1.2254e+00  1020.6651    21.0968    20.6568     8.1830    250.546    7.46609  228.59674    109.602 -9.990e-29
   40.66684  -72.98036      1.912      1.897    21.0969    29.9869      8.024     1.1564 1.0208e+00  1020.6651    21.0966    20.6569     8.1842    250.584    7.46616  228.59885    109.617 -9.990e-29
   40.66684  -72.98036      1.883      1.868    21.0970    29.9871      8.024     1.1564 9.5403e-01  1020.6651    21.0966    20.6570     8.1855    250.622    7.46620  228.60009    109.633 -9.990e-29
   40.66684  -72.98036      1.882      1.867    21.0971    29.9872      8.024     1.1564 9.1486e-01  1020.6654    21.0967    20.6571     8.1867    250.660    7.46626  228.60171    109.649 -9.990e-29
   40.66684  -72.98036      1.851      1.837    21.0973    29.9873      8.024     1.1564 7.4651e-01  1020.6651    21.0970    20.6571     8.1876    250.688    7.46630  228.60286    109.661 -9.990e-29
   40.66684  -72.98036      1.842      1.828    21.0971    29.9873      8.024     1.1564 6.8151e-01  1020.6650    21.0968    20.6570     8.1933    250.861    7.46634  228.60419    109.736 -9.990e-29
   40.66684  -72.98036      1.831      1.817    21.0976    29.9873      8.024     1.1564 6.6990e-01  1020.6647    21.0973    20.6570     8.1901    250.765    7.46637  228.60527    109.694 -9.990e-29
   40.66684  -72.98036      1.821      1.807    21.0973    29.9876      8.024     1.1564 6.0723e-01  1020.6653    21.0970    20.6572     8.1912    250.798    7.46659  228.61218    109.705 -9.990e-29
