CalculateIndicators/WaterTemperature/Data/CTD_NYOS/20240915_C34.cnv
* Sea-Bird SBE 9 Data File:
* FileName = C:\Seabird 9 CTD\Data\2024\202409_offshore\20240915_C34.hex
* Software Version Seasave V 7.23.2
* Temperature SN = 4590
* Conductivity SN = 3228
* Number of Bytes Per Scan = 44
* Number of Voltage Words = 5
* Number of Scans Averaged by the Deck Unit = 1
* NMEA Latitude = 40 29.74 N
* NMEA Longitude = 071 55.69 W
* NMEA UTC (Time) = Sep 15 2024  06:38:55
* NMEA baud rate = 4800
** Ship: Seawolf
** Station: 11.3
** Operator: TCM
# nquan = 18
# nvalues = 14099                       
# units = specified
# name 0 = latitude: Latitude [deg]
# name 1 = longitude: Longitude [deg]
# name 2 = prDM: Pressure, Digiquartz [db]
# name 3 = depSM: Depth [salt water, m]
# name 4 = t090C: Temperature [ITS-90, deg C]
# name 5 = sal00: Salinity, Practical [PSU]
# name 6 = ph: pH
# name 7 = flECO-AFL: Fluorescence, WET Labs ECO-AFL/FL [mg/m^3]
# name 8 = cpar: CPAR/Corrected Irradiance [%]
# name 9 = density00: Density [density, kg/m^3]
# name 10 = potemp090C: Potential Temperature [ITS-90, deg C]
# name 11 = sigma-é00: Density [sigma-theta, kg/m^3]
# name 12 = sbeox0Mg/L: Oxygen, SBE 43 [mg/l]
# name 13 = sbox0Mm/Kg: Oxygen, SBE 43 [umol/kg]
# name 14 = oxsolMg/L: Oxygen Saturation, Garcia & Gordon [mg/l]
# name 15 = oxsolMm/Kg: Oxygen Saturation, Garcia & Gordon [umol/kg]
# name 16 = sbeox0PS: Oxygen, SBE 43 [% saturation]
# name 17 = flag:  0.000e+00
# span 0 =   40.49506,   40.49566       
# span 1 =  -71.93136,  -71.92816       
# span 2 =      1.807,     61.192       
# span 3 =      1.793,     60.711       
# span 4 =    10.1293,    20.9700       
# span 5 =    31.8222,    33.0664       
# span 6 =      7.864,      8.212       
# span 7 =    -0.0121,     3.5740       
# span 8 = 1.6880e-11, 9.9999e+04       
# span 9 =  1022.2674,  1025.6189       
# span 10 =    10.1235,    20.9691      
# span 11 =    22.2658,    25.3462      
# span 12 =     5.6697,     8.5524      
# span 13 =    172.800,    260.979      
# span 14 =    7.39235,    9.13792      
# span 15 =  225.98096,  278.58589      
# span 16 =     62.810,    103.852      
# span 17 = 0.0000e+00, 0.0000e+00      
# interval = seconds: 0.0416667
# start_time = Sep 15 2024 06:38:55 [System UTC, first data scan.]
# bad_flag = -9.990e-29
*END*
[from data line 9488]
   40.49524  -71.93036     11.822     11.731    20.2906    32.1057 -9.990e-29     0.0685 1.6880e-11  1022.5315    20.2884    22.4805     7.4246    226.922    7.48541  228.78004     99.188 -9.990e-29
   40.49524  -71.93036     11.827     11.735    20.2895    32.1061 -9.990e-29     0.0819 1.6880e-11  1022.5319    20.2874    22.4810     7.4215    226.827    7.48614  228.80241     99.137 -9.990e-29
   40.49524  -71.93036     11.822     11.731    20.2880    32.1071 -9.990e-29     0.0819 1.6880e-11  1022.5334    20.2858    22.4821     7.4265    226.980    7.48682  228.82298     99.195 -9.990e-29
   40.49524  -71.93036     11.834     11.742    20.2878    32.1081 -9.990e-29     0.0685 1.6880e-11  1022.5346    20.2856    22.4830     7.4275    227.010    7.48750  228.84383     99.199 -9.990e-29
   40.49524  -71.93036     11.843     11.752    20.2882    32.1091 -9.990e-29     0.0685 1.6880e-11  1022.5346    20.2860    22.4837     7.4286    227.043    7.48831  228.86856     99.202 -9.990e-29
   40.49524  -71.93036     11.847     11.756    20.2883    32.1105 -9.990e-29     0.0685 1.6880e-11  1022.5359    20.2862    22.4847     7.4296    227.075    7.48904  228.89026     99.207 -9.990e-29
   40.49524  -71.93036     11.854     11.762    20.2890    32.1122 -9.990e-29     0.0551 1.6880e-11  1022.5376    20.2869    22.4856     7.4305    227.100    7.48956  228.90563     99.211 -9.990e-29
   40.49524  -71.93036     11.843     11.752    20.2913    32.1131 -9.990e-29     0.0551 1.6880e-11  1022.5376    20.2891    22.4859     7.4355    227.253    7.48983  228.91293     99.275 -9.990e-29
   40.49524  -71.93036     11.858     11.767    20.2931    32.1129 -9.990e-29     0.0551 1.6880e-11  1022.5374    20.2909    22.4853     7.4315    227.128    7.48988  228.91313     99.220 -9.990e-29
   40.49524  -71.93036     11.854     11.762    20.2951    32.1118 -9.990e-29     0.0551 1.6880e-11  1022.5350    20.2930    22.4841     7.4316    227.132    7.48969  228.90637     99.225 -9.990e-29
   40.49524  -71.93036     11.864     11.772    20.2959    32.1112 -9.990e-29     0.0551 1.6880e-11  1022.5342    20.2937    22.4832     7.4317    227.134    7.48940  228.89751     99.230 -9.990e-29
   40.49524  -71.93036     11.854     11.762    20.2971    32.1112 -9.990e-29     0.0551 1.6880e-11  1022.5343    20.2949    22.4830     7.4359    227.263    7.48918  228.89090     99.289 -9.990e-29
   40.49524  -71.93036     11.858     11.767    20.2985    32.1116 -9.990e-29     0.0551 1.6880e-11  1022.5340    20.2963    22.4830     7.4320    227.142    7.48893  228.88354     99.239 -9.990e-29
   40.49524  -71.93036     11.864     11.772    20.2995    32.1122 -9.990e-29     0.0551 1.6880e-11  1022.5348    20.2973    22.4830     7.4273    227.001    7.48874  228.87760     99.180 -9.990e-29
   40.49524  -71.93036     11.864     11.772    20.3006    32.1122 -9.990e-29     0.0551 1.6880e-11  1022.5345    20.2984    22.4828     7.4312    227.118    7.48851  228.87069     99.234 -9.990e-29
   40.49524  -71.93036     11.858     11.767    20.3020    32.1117 -9.990e-29     0.0551 1.6880e-11  1022.5333    20.2998    22.4822     7.4353    227.243    7.48820  228.86113     99.293 -9.990e-29
   40.49524  -71.93036     11.864     11.772    20.3027    32.1110 -9.990e-29     0.0551 1.6880e-11  1022.5330    20.3005    22.4814     7.4311    227.117    7.48808  228.85860     99.239 -9.990e-29
   40.49524  -71.93036     11.864     11.772    20.3035    32.1100 -9.990e-29     0.0551 1.6880e-11  1022.5318    20.3014    22.4804     7.4308    227.109    7.48786  228.85234     99.238 -9.990e-29
   40.49524  -71.93036     11.864     11.772    20.3039    32.1089 -9.990e-29     0.0551 1.6880e-11  1022.5308    20.3018    22.4795     7.4304    227.097    7.48748  228.83992     99.238 -9.990e-29
   40.49524  -71.93036     11.868     11.776    20.3039    32.1080 -9.990e-29     0.0551 1.6880e-11  1022.5299    20.3018    22.4789     7.4345    227.220    7.48713  228.82918     99.297 -9.990e-29
   40.49524  -71.93036     11.873     11.782    20.3034    32.1078 -9.990e-29     0.0551 1.6880e-11  1022.5298    20.3012    22.4788     7.4346    227.224    7.48691  228.82265     99.302 -9.990e-29
   40.49524  -71.93036     11.864     11.772    20.3029    32.1087 -9.990e-29     0.0551 1.6880e-11  1022.5303    20.3007    22.4795     7.4349    227.232    7.48684  228.82058     99.306 -9.990e-29
   40.49524  -71.93036     11.884     11.792    20.3029    32.1107 -9.990e-29     0.0551 1.6880e-11  1022.5327    20.3007    22.4809     7.4351    227.239    7.48677  228.81809     99.310 -9.990e-29
   40.49524  -71.93036     11.858     11.767    20.3045    32.1126 -9.990e-29     0.0551 1.6880e-11  1022.5343    20.3023    22.4820     7.4303    227.093    7.48654  228.81091     99.249 -9.990e-29
   40.49524  -71.93036     11.873     11.782    20.3070    32.1126 -9.990e-29     0.0551 1.6880e-11  1022.5338    20.3049    22.4816     7.4297    227.072    7.48596  228.79269     99.248 -9.990e-29
   40.49524  -71.93036     11.884     11.792    20.3092    32.1112 -9.990e-29     0.0551 1.6880e-11  1022.5311    20.3070    22.4800     7.4332    227.179    7.48514  228.76809     99.306 -9.990e-29
   40.49524  -71.93036     11.889     11.797    20.3099    32.1100 -9.990e-29     0.0551 1.6880e-11  1022.5296    20.3077    22.4788     7.4285    227.038    7.48467  228.75467     99.250 -9.990e-29
   40.49524  -71.93036     11.884     11.792    20.3105    32.1097 -9.990e-29     0.0551 1.6880e-11  1022.5300    20.3083    22.4784     7.4281    227.028    7.48442  228.74743     99.248 -9.990e-29
   40.49524  -71.93036     11.894     11.802    20.3113    32.1096 -9.990e-29     0.0551 1.6880e-11  1022.5297    20.3091    22.4782     7.4278    227.017    7.48420  228.74079     99.246 -9.990e-29
   40.49524  -71.93036     11.894     11.802    20.3117    32.1093 -9.990e-29     0.0551 1.6880e-11  1022.5293    20.3095    22.4778     7.4273    227.000    7.48379  228.72797     99.245 -9.990e-29
   40.49524  -71.93036     11.898     11.806    20.3111    32.1089 -9.990e-29     0.0685 1.6880e-11  1022.5291    20.3090    22.4775     7.4222    226.847    7.48330  228.71308     99.184 -9.990e-29
   40.49524  -71.93036     11.915     11.822    20.3113    32.1084 -9.990e-29     0.0685 1.6880e-11  1022.5289    20.3091    22.4772     7.4253    226.942    7.48285  228.69969     99.231 -9.990e-29
   40.49524  -71.93036     11.915     11.822    20.3111    32.1074 -9.990e-29     0.0819 1.6880e-11  1022.5286    20.3090    22.4764     7.4249    226.927    7.48250  228.68908     99.230 -9.990e-29
   40.49524  -71.93036     11.928     11.836    20.3110    32.1050 -9.990e-29     0.0685 1.6880e-11  1022.5271    20.3088    22.4748     7.4203    226.788    7.48208  228.67656     99.174 -9.990e-29
   40.49524  -71.93036     11.945     11.852    20.3088    32.1015 -9.990e-29     0.0685 1.6880e-11  1022.5237    20.3066    22.4728     7.4194    226.761    7.48167  228.66414     99.168 -9.990e-29
   40.49522  -71.93036     11.955     11.862    20.3046    32.0989 -9.990e-29     0.0819 1.6880e-11  1022.5223    20.3025    22.4717     7.4187    226.739    7.48138  228.65539     99.162 -9.990e-29
   40.49522  -71.93036     11.955     11.862    20.3001    32.0984 -9.990e-29     0.0685 1.6880e-11  1022.5238    20.2979    22.4724     7.4176    226.707    7.48117  228.64901     99.151 -9.990e-29
   40.49522  -71.93036     11.970     11.877    20.2960    32.0996 -9.990e-29     0.0685 1.6880e-11  1022.5258    20.2938    22.4743     7.4170    226.688    7.48098  228.64370     99.145 -9.990e-29
   40.49522  -71.93036     11.975     11.883    20.2929    32.1018 -9.990e-29     0.0685 1.6880e-11  1022.5289    20.2907    22.4768     7.4164    226.671    7.48084  228.63939     99.139 -9.990e-29
   40.49522  -71.93036     11.996     11.903    20.2908    32.1039 -9.990e-29     0.0685 1.6880e-11  1022.5315    20.2886    22.4789     7.4203    226.790    7.48071  228.63546     99.193 -9.990e-29
   40.49522  -71.93036     12.010     11.917    20.2897    32.1051 -9.990e-29     0.0819 1.6880e-11  1022.5326    20.2875    22.4802     7.4162    226.664    7.48067  228.63431     99.138 -9.990e-29
   40.49522  -71.93036     12.005     11.913    20.2887    32.1058 -9.990e-29     0.0685 1.6880e-11  1022.5331    20.2865    22.4810     7.4158    226.652    7.48064  228.63338     99.133 -9.990e-29
   40.49522  -71.93036     12.036     11.943    20.2878    32.1063 -9.990e-29     0.0685 1.6880e-11  1022.5339    20.2856    22.4816     7.4198    226.774    7.48058  228.63155     99.188 -9.990e-29
   40.49522  -71.93036     12.036     11.943    20.2869    32.1066 -9.990e-29     0.0685 1.6880e-11  1022.5346    20.2847    22.4820     7.4153    226.635    7.48045  228.62769     99.129 -9.990e-29
   40.49522  -71.93036     12.040     11.947    20.2867    32.1061 -9.990e-29     0.0685 1.6880e-11  1022.5344    20.2845    22.4818     7.4148    226.622    7.48035  228.62480     99.124 -9.990e-29
   40.49522  -71.93036     12.066     11.973    20.2859    32.1043 -9.990e-29     0.0685 1.6880e-11  1022.5336    20.2836    22.4807     7.4100    226.475    7.48027  228.62267     99.060 -9.990e-29
   40.49522  -71.93036     12.056     11.963    20.2846    32.1013 -9.990e-29     0.0685 1.6880e-11  1022.5310    20.2824    22.4790     7.4141    226.600    7.48023  228.62123     99.116 -9.990e-29
   40.49522  -71.93036     12.081     11.988    20.2813    32.0983 -9.990e-29     0.0685 1.6880e-11  1022.5291    20.2791    22.4775     7.4139    226.593    7.48028  228.62261     99.112 -9.990e-29
   40.49522  -71.93036     12.077     11.983    20.2764    32.0962 -9.990e-29     0.0819 1.6880e-11  1022.5290    20.2742    22.4770     7.4137    226.586    7.48031  228.62320     99.109 -9.990e-29
   40.49522  -71.93036     12.087     11.993    20.2715    32.0948 -9.990e-29     0.0685 1.6880e-11  1022.5295    20.2692    22.4772     7.4179    226.714    7.48033  228.62340     99.165 -9.990e-29
   40.49522  -71.93036     12.100     12.007    20.2667    32.0936 -9.990e-29     0.0685 1.6880e-11  1022.5303    20.2645    22.4775     7.4175    226.702    7.48020  228.61938     99.162 -9.990e-29
   40.49522  -71.93036     12.107     12.014    20.2625    32.0922 -9.990e-29     0.0685 1.6880e-11  1022.5298    20.2603    22.4777     7.4130    226.564    7.47998  228.61280     99.104 -9.990e-29
   40.49522  -71.93036     12.107     12.014    20.2570    32.0914 -9.990e-29     0.0685 1.6880e-11  1022.5301    20.2548    22.4784     7.4125    226.551    7.47980  228.60710     99.101 -9.990e-29
   40.49522  -71.93036     12.121     12.027    20.2514    32.0923 -9.990e-29     0.0819 1.6880e-11  1022.5324    20.2492    22.4805     7.4165    226.673    7.47957  228.60022     99.157 -9.990e-29
   40.49522  -71.93036     12.128     12.034    20.2467    32.0950 -9.990e-29     0.1088 1.6880e-11  1022.5358    20.2445    22.4837     7.4164    226.671    7.47933  228.59346     99.159 -9.990e-29
   40.49522  -71.93036     12.128     12.034    20.2434    32.0993 -9.990e-29     0.1088 1.6880e-11  1022.5399    20.2412    22.4878     7.4120    226.535    7.47911  228.58718     99.102 -9.990e-29
   40.49522  -71.93036     12.128     12.034    20.2409    32.1042 -9.990e-29     0.1088 1.6880e-11  1022.5456    20.2387    22.4921     7.4120    226.538    7.47899  228.58379     99.105 -9.990e-29
   40.49522  -71.93036     12.132     12.038    20.2409    32.1081 -9.990e-29     0.1088 1.6880e-11  1022.5490    20.2387    22.4951     7.4163    226.666    7.47897  228.58293     99.162 -9.990e-29
   40.49522  -71.93036     12.137     12.044    20.2427    32.1099 -9.990e-29     0.1088 1.6880e-11  1022.5493    20.2405    22.4961     7.4164    226.670    7.47889  228.58024     99.164 -9.990e-29
   40.49522  -71.93036     12.128     12.034    20.2444    32.1104 -9.990e-29     0.1088 1.6880e-11  1022.5486    20.2422    22.4961     7.4164    226.671    7.47869  228.57447     99.167 -9.990e-29
   40.49522  -71.93036     12.132     12.038    20.2460    32.1107 -9.990e-29     0.1088 1.6880e-11  1022.5485    20.2438    22.4960     7.4125    226.550    7.47857  228.57086     99.116 -9.990e-29
   40.49522  -71.93036     12.137     12.044    20.2472    32.1111 -9.990e-29     0.1088 1.6880e-11  1022.5487    20.2450    22.4959     7.4122    226.541    7.47839  228.56529     99.114 -9.990e-29
   40.49522  -71.93036     12.128     12.034    20.2488    32.1111 -9.990e-29     0.1088 1.6880e-11  1022.5484    20.2466    22.4955     7.4157    226.650    7.47804  228.55440     99.167 -9.990e-29
   40.49522  -71.93036     12.121     12.027    20.2511    32.1098 -9.990e-29     0.1088 1.6880e-11  1022.5478    20.2489    22.4940     7.4156    226.647    7.47769  228.54372     99.170 -9.990e-29
   40.49522  -71.93036     12.128     12.034    20.2537    32.1075 -9.990e-29     0.1088 1.6880e-11  1022.5430    20.2515    22.4917     7.4160    226.658    7.47739  228.53469     99.179 -9.990e-29
   40.49522  -71.93036     12.107     12.014    20.2556    32.1068 -9.990e-29     0.1088 1.6880e-11  1022.5415    20.2534    22.4906     7.4160    226.657    7.47711  228.52625     99.182 -9.990e-29
   40.49522  -71.93036     12.111     12.018    20.2570    32.1084 -9.990e-29     0.1088 1.6880e-11  1022.5445    20.2548    22.4913     7.4116    226.525    7.47694  228.52142     99.127 -9.990e-29
   40.49522  -71.93036     12.098     12.004    20.2591    32.1097 -9.990e-29     0.1088 1.6880e-11  1022.5449    20.2569    22.4918     7.4159    226.656    7.47686  228.51923     99.185 -9.990e-29
   40.49522  -71.93036     12.098     12.004    20.2611    32.1099 -9.990e-29     0.1088 1.6880e-11  1022.5436    20.2589    22.4915     7.4166    226.677    7.47686  228.51959     99.194 -9.990e-29
   40.49522  -71.93036     12.077     11.983    20.2616    32.1102 -9.990e-29     0.1088 1.6880e-11  1022.5433    20.2594    22.4915     7.4127    226.558    7.47670  228.51455     99.144 -9.990e-29
   40.49522  -71.93036     12.070     11.977    20.2616    32.1114 -9.990e-29     0.1088 1.6880e-11  1022.5445    20.2594    22.4923     7.4127    226.557    7.47638  228.50347     99.148 -9.990e-29
   40.49522  -71.93036     12.056     11.963    20.2627    32.1135 -9.990e-29     0.1088 1.6880e-11  1022.5456    20.2605    22.4935     7.4170    226.687    7.47582  228.48596     99.213 -9.990e-29
   40.49522  -71.93036     12.047     11.953    20.2655    32.1155 -9.990e-29     0.1088 1.6880e-11  1022.5481    20.2633    22.4942     7.4167    226.680    7.47519  228.46686     99.218 -9.990e-29
   40.49522  -71.93036     12.030     11.937    20.2716    32.1153 -9.990e-29     0.1088 1.6880e-11  1022.5460    20.2694    22.4929     7.4166    226.678    7.47471  228.45308     99.223 -9.990e-29
   40.49522  -71.93036     12.005     11.913    20.2764    32.1132 -9.990e-29     0.1088 1.6880e-11  1022.5415    20.2742    22.4902     7.4127    226.558    7.47442  228.44468     99.174 -9.990e-29
   40.49522  -71.93036     12.005     11.913    20.2790    32.1114 -9.990e-29     0.1088 1.6880e-11  1022.5390    20.2768    22.4880     7.4171    226.693    7.47436  228.44344     99.234 -9.990e-29
   40.49522  -71.93036     11.979     11.887    20.2805    32.1114 -9.990e-29     0.1088 1.6880e-11  1022.5388    20.2783    22.4874     7.4220    226.844    7.47444  228.44643     99.299 -9.990e-29
   40.49522  -71.93036     11.955     11.862    20.2827    32.1125 -9.990e-29     0.1088 1.6880e-11  1022.5399    20.2805    22.4877     7.4230    226.875    7.47466  228.45345     99.309 -9.990e-29
   40.49522  -71.93036     11.945     11.852    20.2860    32.1133 -9.990e-29     0.1088 1.6880e-11  1022.5396    20.2838    22.4875     7.4198    226.779    7.47516  228.47035     99.260 -9.990e-29
