CalculateIndicators/WaterTemperature/Data/CTD_NYOS/20240912_C08.cnv
* Sea-Bird SBE 9 Data File:
* FileName = C:\Seabird 9 CTD\Data\2024\202409_offshore\20240912_C08.hex
* Software Version Seasave V 7.23.2
* Temperature SN = 4590
* Conductivity SN = 3228
* Number of Bytes Per Scan = 44
* Number of Voltage Words = 5
* Number of Scans Averaged by the Deck Unit = 1
* NMEA Latitude = 39 36.11 N
* NMEA Longitude = 072 45.25 W
* NMEA UTC (Time) = Sep 12 2024  13:55:24
* NMEA baud rate = 4800
** Ship: Seawolf
** Station: 8.5
** Operator: TDK
# nquan = 18
# nvalues = 16664                       
# units = specified
# name 0 = latitude: Latitude [deg]
# name 1 = longitude: Longitude [deg]
# name 2 = prDM: Pressure, Digiquartz [db]
# name 3 = depSM: Depth [salt water, m]
# name 4 = t090C: Temperature [ITS-90, deg C]
# name 5 = sal00: Salinity, Practical [PSU]
# name 6 = ph: pH
# name 7 = flECO-AFL: Fluorescence, WET Labs ECO-AFL/FL [mg/m^3]
# name 8 = cpar: CPAR/Corrected Irradiance [%]
# name 9 = density00: Density [density, kg/m^3]
# name 10 = potemp090C: Potential Temperature [ITS-90, deg C]
# name 11 = sigma-é00: Density [sigma-theta, kg/m^3]
# name 12 = sbeox0Mg/L: Oxygen, SBE 43 [mg/l]
# name 13 = sbox0Mm/Kg: Oxygen, SBE 43 [umol/kg]
# name 14 = oxsolMg/L: Oxygen Saturation, Garcia & Gordon [mg/l]
# name 15 = oxsolMm/Kg: Oxygen Saturation, Garcia & Gordon [umol/kg]
# name 16 = sbeox0PS: Oxygen, SBE 43 [% saturation]
# name 17 = flag:  0.000e+00
# span 0 =   39.60182,   39.60192       
# span 1 =  -72.75622,  -72.75420       
# span 2 =      1.995,     66.332       
# span 3 =      1.980,     65.816       
# span 4 =     7.8074,    21.6417       
# span 5 =    31.8582,    34.0941       
# span 6 =      7.830,      8.232       
# span 7 =    -0.1464,     2.4995       
# span 8 = 5.0298e-03, 1.5784e+02       
# span 9 =  1022.8140,  1026.4910       
# span 10 =     7.8028,    21.6412      
# span 11 =    22.7690,    26.1855      
# span 12 =     6.4549,     9.1287      
# span 13 =    196.645,    278.498      
# span 14 =    7.25768,    9.65779      
# span 15 =  221.72744,  294.45655      
# span 16 =     71.674,    107.473      
# span 17 = 0.0000e+00, 0.0000e+00      
# interval = seconds: 0.0416667
# start_time = Sep 12 2024 13:55:26 [System UTC, first data scan.]
# bad_flag = -9.990e-29
*END*
[from data line 16483]
   39.60184 -9.990e-29      2.139      2.123    21.6330    33.1381 -9.990e-29     0.0551 4.4811e+01  1022.9144    21.6326    22.9052     7.0291    214.743    7.25841  221.74935     96.840 -9.990e-29
   39.60184 -9.990e-29      2.139      2.123    21.6332    33.1381 -9.990e-29     0.0551 4.6438e+01  1022.9143    21.6328    22.9052     7.0297    214.761    7.25839  221.74871     96.849 -9.990e-29
   39.60184 -9.990e-29      2.139      2.123    21.6332    33.1381 -9.990e-29     0.0551 4.5919e+01  1022.9144    21.6328    22.9052     7.0263    214.658    7.25832  221.74641     96.804 -9.990e-29
   39.60184 -9.990e-29      2.150      2.134    21.6333    33.1382 -9.990e-29     0.0551 3.2371e+01  1022.9143    21.6329    22.9052     7.0266    214.667    7.25829  221.74556     96.808 -9.990e-29
   39.60184 -9.990e-29      2.149      2.132    21.6333    33.1382 -9.990e-29     0.0551 2.6191e+01  1022.9145    21.6329    22.9052     7.0268    214.675    7.25826  221.74469     96.812 -9.990e-29
   39.60184 -9.990e-29      2.139      2.123    21.6333    33.1380 -9.990e-29     0.0551 2.5583e+01  1022.9143    21.6329    22.9050     7.0314    214.814    7.25825  221.74443     96.874 -9.990e-29
   39.60184 -9.990e-29      2.158      2.142    21.6333    33.1378 -9.990e-29     0.0551 3.5285e+01  1022.9140    21.6329    22.9048     7.0273    214.690    7.25819  221.74257     96.819 -9.990e-29
   39.60184 -9.990e-29      2.169      2.153    21.6332    33.1378 -9.990e-29     0.0551 4.4768e+01  1022.9142    21.6328    22.9048     7.0318    214.827    7.25817  221.74215     96.882 -9.990e-29
   39.60184 -9.990e-29      2.149      2.132    21.6333    33.1378 -9.990e-29     0.0551 4.6476e+01  1022.9141    21.6329    22.9048     7.0278    214.705    7.25818  221.74259     96.826 -9.990e-29
   39.60184 -9.990e-29      2.169      2.153    21.6332    33.1378 -9.990e-29     0.0551 5.0946e+01  1022.9141    21.6328    22.9049     7.0277    214.701    7.25819  221.74279     96.824 -9.990e-29
   39.60184 -9.990e-29      2.180      2.164    21.6332    33.1380 -9.990e-29     0.0551 5.6110e+01  1022.9144    21.6328    22.9051     7.0275    214.696    7.25818  221.74250     96.822 -9.990e-29
   39.60184 -9.990e-29      2.179      2.162    21.6332    33.1384 -9.990e-29     0.0551 5.7225e+01  1022.9147    21.6328    22.9054     7.0274    214.692    7.25818  221.74272     96.820 -9.990e-29
   39.60184 -9.990e-29      2.179      2.162    21.6332    33.1388 -9.990e-29     0.0551 4.7533e+01  1022.9152    21.6328    22.9057     7.0276    214.697    7.25817  221.74222     96.823 -9.990e-29
   39.60184 -9.990e-29      2.199      2.183    21.6331    33.1390 -9.990e-29     0.0551 3.6458e+01  1022.9154    21.6327    22.9058     7.0231    214.562    7.25817  221.74224     96.762 -9.990e-29
   39.60184 -9.990e-29      2.199      2.183    21.6335    33.1389 -9.990e-29     0.0416 3.3983e+01  1022.9151    21.6331    22.9057     7.0268    214.675    7.25813  221.74111     96.813 -9.990e-29
   39.60184 -9.990e-29      2.209      2.192    21.6335    33.1389 -9.990e-29     0.0416 3.6458e+01  1022.9151    21.6331    22.9056     7.0224    214.539    7.25814  221.74121     96.752 -9.990e-29
   39.60184 -9.990e-29      2.220      2.203    21.6341    33.1390 -9.990e-29     0.0416 4.1686e+01  1022.9150    21.6336    22.9057     7.0219    214.523    7.25815  221.74151     96.745 -9.990e-29
   39.60184  -72.75618      2.231      2.214    21.6339    33.1392 -9.990e-29 -9.990e-29 4.3319e+01  1022.9156    21.6334    22.9058     7.0214    214.508    7.25816  221.74192     96.738 -9.990e-29
   39.60184  -72.75618      2.239      2.222    21.6342    33.1393 -9.990e-29 -9.990e-29 4.0378e+01  1022.9154    21.6338    22.9058     7.0208    214.491    7.25815  221.74168     96.730 -9.990e-29
   39.60184  -72.75618      2.260      2.243    21.6346    33.1392 -9.990e-29 -9.990e-29 3.1974e+01  1022.9155    21.6341    22.9056     7.0203    214.475    7.25813  221.74116     96.723 -9.990e-29
   39.60184  -72.75618      2.270      2.252    21.6349    33.1389 -9.990e-29 -9.990e-29 2.9333e+01  1022.9148    21.6345    22.9052     7.0240    214.589    7.25815  221.74158     96.774 -9.990e-29
   39.60184  -72.75618      2.281      2.263    21.6351    33.1387 -9.990e-29 -9.990e-29 3.0452e+01  1022.9149    21.6347    22.9050     7.0238    214.583    7.25814  221.74148     96.772 -9.990e-29
   39.60184  -72.75618      2.301      2.284    21.6351    33.1385 -9.990e-29 -9.990e-29 3.8205e+01  1022.9147    21.6347    22.9049     7.0236    214.576    7.25813  221.74090     96.769 -9.990e-29
   39.60184  -72.75618      2.301      2.284    21.6353    33.1383 -9.990e-29 -9.990e-29 4.2234e+01  1022.9146    21.6349    22.9047     7.0191    214.438    7.25813  221.74099     96.707 -9.990e-29
   39.60184  -72.75618      2.322      2.304    21.6354    33.1383 -9.990e-29 -9.990e-29 4.1801e+01  1022.9147    21.6350    22.9047     7.0228    214.551    7.25812  221.74081     96.757 -9.990e-29
   39.60184  -72.75618      2.341      2.323    21.6354    33.1382 -9.990e-29 -9.990e-29 3.0196e+01  1022.9147    21.6350    22.9047     7.0225    214.542    7.25807  221.73913     96.754 -9.990e-29
   39.60184  -72.75618      2.341      2.323    21.6353    33.1381 -9.990e-29 -9.990e-29 2.5106e+01  1022.9147    21.6348    22.9045     7.0222    214.532    7.25802  221.73742     96.750 -9.990e-29
   39.60184  -72.75618      2.371      2.353    21.6354    33.1378 -9.990e-29 -9.990e-29 2.4640e+01  1022.9144    21.6350    22.9043     7.0219    214.523    7.25799  221.73671     96.747 -9.990e-29
   39.60184  -72.75618      2.371      2.353    21.6356    33.1378 -9.990e-29 -9.990e-29 2.8173e+01  1022.9142    21.6352    22.9043     7.0215    214.513    7.25796  221.73582     96.743 -9.990e-29
   39.60184  -72.75618      2.392      2.374    21.6353    33.1379 -9.990e-29 -9.990e-29 3.0767e+01  1022.9150    21.6348    22.9044     7.0212    214.502    7.25793  221.73484     96.738 -9.990e-29
   39.60184  -72.75618      2.392      2.374    21.6354    33.1380 -9.990e-29 -9.990e-29 3.1203e+01  1022.9147    21.6350    22.9045     7.0209    214.494    7.25794  221.73519     96.734 -9.990e-29
   39.60184  -72.75618      2.422      2.404    21.6354    33.1380 -9.990e-29 -9.990e-29 3.6053e+01  1022.9148    21.6350    22.9045     7.0206    214.484    7.25795  221.73566     96.729 -9.990e-29
   39.60184  -72.75618      2.432      2.413    21.6354    33.1381 -9.990e-29 -9.990e-29 4.1707e+01  1022.9150    21.6350    22.9046     7.0245    214.603    7.25793  221.73496     96.783 -9.990e-29
   39.60184  -72.75618      2.452      2.434    21.6353    33.1382 -9.990e-29 -9.990e-29 4.3879e+01  1022.9151    21.6348    22.9047     7.0202    214.472    7.25793  221.73512     96.724 -9.990e-29
   39.60184  -72.75618      2.462      2.443    21.6353    33.1385 -9.990e-29 -9.990e-29 5.3997e+01  1022.9155    21.6348    22.9048     7.0201    214.471    7.25793  221.73500     96.724 -9.990e-29
   39.60184  -72.75618      2.473      2.454    21.6353    33.1385 -9.990e-29 -9.990e-29 7.0362e+01  1022.9156    21.6348    22.9048     7.0243    214.598    7.25790  221.73396     96.782 -9.990e-29
   39.60184  -72.75618      2.494      2.475    21.6356    33.1384 -9.990e-29 -9.990e-29 7.7797e+01  1022.9152    21.6352    22.9047     7.0246    214.607    7.25789  221.73380     96.786 -9.990e-29
   39.60184  -72.75618      2.513      2.494    21.6354    33.1384 -9.990e-29 -9.990e-29 6.2767e+01  1022.9156    21.6350    22.9047     7.0206    214.484    7.25785  221.73250     96.731 -9.990e-29
   39.60184  -72.75618      2.513      2.494    21.6356    33.1384 -9.990e-29 -9.990e-29 3.9312e+01  1022.9155    21.6352    22.9047     7.0205    214.483    7.25784  221.73222     96.730 -9.990e-29
   39.60184  -72.75618      2.533      2.514    21.6358    33.1383 -9.990e-29 -9.990e-29 3.5739e+01  1022.9156    21.6353    22.9046     7.0204    214.479    7.25781  221.73120     96.729 -9.990e-29
   39.60184  -72.75618      2.543      2.524    21.6358    33.1381 -9.990e-29 -9.990e-29 3.7422e+01  1022.9152    21.6353    22.9044     7.0204    214.477    7.25779  221.73075     96.729 -9.990e-29
   39.60184  -72.75618      2.554      2.535    21.6358    33.1381 -9.990e-29 -9.990e-29 3.6291e+01  1022.9154    21.6353    22.9044     7.0203    214.476    7.25780  221.73092     96.728 -9.990e-29
   39.60184  -72.75618      2.584      2.565    21.6356    33.1383 -9.990e-29 -9.990e-29 3.7266e+01  1022.9158    21.6351    22.9046     7.0245    214.603    7.25777  221.73005     96.786 -9.990e-29
   39.60184  -72.75618      2.573      2.554    21.6356    33.1384 -9.990e-29 -9.990e-29 3.8809e+01  1022.9157    21.6351    22.9047     7.0205    214.481    7.25776  221.72988     96.731 -9.990e-29
   39.60184  -72.75618      2.594      2.574    21.6354    33.1384 -9.990e-29 -9.990e-29 3.8192e+01  1022.9158    21.6349    22.9047     7.0208    214.489    7.25775  221.72945     96.735 -9.990e-29
   39.60184  -72.75618      2.614      2.595    21.6356    33.1384 -9.990e-29 -9.990e-29 3.8362e+01  1022.9158    21.6351    22.9048     7.0253    214.628    7.25773  221.72892     96.798 -9.990e-29
   39.60184  -72.75618      2.614      2.595    21.6353    33.1386 -9.990e-29 -9.990e-29 3.9618e+01  1022.9164    21.6348    22.9049     7.0256    214.637    7.25773  221.72892     96.802 -9.990e-29
   39.60184  -72.75618      2.635      2.615    21.6356    33.1387 -9.990e-29 -9.990e-29 4.7902e+01  1022.9161    21.6351    22.9049     7.0263    214.657    7.25777  221.73020     96.810 -9.990e-29
   39.60184  -72.75618      2.645      2.625    21.6356    33.1389 -9.990e-29 -9.990e-29 5.3079e+01  1022.9166    21.6351    22.9050     7.0269    214.676    7.25776  221.72993     96.819 -9.990e-29
   39.60184  -72.75618      2.645      2.625    21.6358    33.1390 -9.990e-29 -9.990e-29 5.3848e+01  1022.9164    21.6353    22.9051     7.0275    214.695    7.25775  221.72982     96.827 -9.990e-29
   39.60184  -72.75618      2.654      2.634    21.6363    33.1391 -9.990e-29 -9.990e-29 5.2564e+01  1022.9165    21.6358    22.9051     7.0281    214.714    7.25774  221.72940     96.836 -9.990e-29
   39.60184  -72.75618      2.675      2.655    21.6365    33.1392 -9.990e-29 -9.990e-29 5.1892e+01  1022.9166    21.6360    22.9051     7.0284    214.722    7.25774  221.72940     96.840 -9.990e-29
   39.60184  -72.75618      2.676      2.656    21.6367    33.1392 -9.990e-29 -9.990e-29 5.1850e+01  1022.9166    21.6362    22.9050     7.0329    214.862    7.25778  221.73069     96.902 -9.990e-29
   39.60184  -72.75618      2.685      2.664    21.6369    33.1392 -9.990e-29 -9.990e-29 6.3792e+01  1022.9164    21.6364    22.9050     7.0335    214.879    7.25777  221.73031     96.910 -9.990e-29
   39.60184  -72.75618      2.696      2.675    21.6372    33.1391 -9.990e-29 -9.990e-29 7.6308e+01  1022.9166    21.6367    22.9048     7.0344    214.906    7.25777  221.73041     96.922 -9.990e-29
   39.60184  -72.75618      2.696      2.675    21.6376    33.1388 -9.990e-29 -9.990e-29 7.8927e+01  1022.9160    21.6371    22.9045     7.0350    214.923    7.25781  221.73162     96.929 -9.990e-29
   39.60184  -72.75618      2.705      2.685    21.6376    33.1384 -9.990e-29 -9.990e-29 7.5455e+01  1022.9159    21.6370    22.9041     7.0358    214.950    7.25781  221.73169     96.941 -9.990e-29
   39.60184  -72.75618      2.707      2.686    21.6378    33.1380 -9.990e-29 -9.990e-29 7.1876e+01  1022.9153    21.6372    22.9038     7.0363    214.964    7.25782  221.73187     96.948 -9.990e-29
   39.60184  -72.75618      2.705      2.685    21.6379    33.1378 -9.990e-29 -9.990e-29 7.1072e+01  1022.9150    21.6374    22.9036     7.0368    214.979    7.25786  221.73298     96.954 -9.990e-29
   39.60184  -72.75618      2.716      2.695    21.6378    33.1379 -9.990e-29 -9.990e-29 7.0080e+01  1022.9154    21.6372    22.9038     7.0372    214.993    7.25785  221.73291     96.960 -9.990e-29
   39.60184  -72.75618      2.705      2.685    21.6378    33.1382 -9.990e-29 -9.990e-29 6.7755e+01  1022.9156    21.6372    22.9040     7.0376    215.005    7.25789  221.73403     96.965 -9.990e-29
   39.60184  -72.75618      2.716      2.695    21.6376    33.1384 -9.990e-29 -9.990e-29 6.7186e+01  1022.9160    21.6371    22.9041     7.0338    214.887    7.25790  221.73442     96.912 -9.990e-29
   39.60184  -72.75618      2.707      2.686    21.6379    33.1385 -9.990e-29 -9.990e-29 6.6248e+01  1022.9158    21.6374    22.9041     7.0377    215.007    7.25792  221.73502     96.966 -9.990e-29
   39.60184  -72.75618      2.705      2.685    21.6379    33.1384 -9.990e-29 -9.990e-29 6.3690e+01  1022.9158    21.6374    22.9040     7.0338    214.889    7.25800  221.73756     96.911 -9.990e-29
   39.60184  -72.75618      2.696      2.675    21.6379    33.1382 -9.990e-29 -9.990e-29 6.2978e+01  1022.9155    21.6374    22.9039     7.0378    215.010    7.25810  221.74077     96.965 -9.990e-29
   39.60184  -72.75618      2.696      2.675    21.6379    33.1380 -9.990e-29 -9.990e-29 6.2449e+01  1022.9153    21.6374    22.9038     7.0378    215.010    7.25819  221.74352     96.963 -9.990e-29
   39.60184  -72.75618      2.696      2.675    21.6379    33.1380 -9.990e-29 -9.990e-29 6.0377e+01  1022.9154    21.6374    22.9038     7.0377    215.007    7.25826  221.74537     96.961 -9.990e-29
   39.60184  -72.75618      2.686      2.665    21.6381    33.1380 -9.990e-29 -9.990e-29 5.9534e+01  1022.9153    21.6376    22.9038     7.0333    214.872    7.25831  221.74680     96.900 -9.990e-29
   39.60184  -72.75618      2.675      2.655    21.6379    33.1380 -9.990e-29 -9.990e-29 6.0499e+01  1022.9154    21.6374    22.9038     7.0327    214.855    7.25831  221.74662     96.892 -9.990e-29
   39.60184  -72.75618      2.675      2.655    21.6381    33.1380 -9.990e-29 -9.990e-29 6.7322e+01  1022.9151    21.6376    22.9038     7.0367    214.977    7.25828  221.74563     96.948 -9.990e-29
   39.60184  -72.75618      2.665      2.645    21.6381    33.1381 -9.990e-29 -9.990e-29 7.1216e+01  1022.9153    21.6376    22.9038     7.0368    214.980    7.25828  221.74559     96.949 -9.990e-29
   39.60184  -72.75618      2.665      2.645    21.6381    33.1382 -9.990e-29 -9.990e-29 7.2021e+01  1022.9153    21.6376    22.9038     7.0326    214.851    7.25828  221.74543     96.891 -9.990e-29
   39.60184  -72.75618      2.645      2.625    21.6381    33.1384 -9.990e-29 -9.990e-29 9.1209e+01  1022.9153    21.6376    22.9040     7.0319    214.829    7.25821  221.74337     96.882 -9.990e-29
   39.60184  -72.75618      2.645      2.625    21.6383    33.1388 -9.990e-29 -9.990e-29 1.0527e+02  1022.9157    21.6378    22.9042     7.0316    214.819    7.25823  221.74387     96.877 -9.990e-29
   39.60184  -72.75618      2.635      2.615    21.6386    33.1390 -9.990e-29 -9.990e-29 1.0736e+02  1022.9158    21.6381    22.9043     7.0312    214.808    7.25821  221.74342     96.872 -9.990e-29
   39.60184  -72.75618      2.624      2.604    21.6388    33.1390 -9.990e-29 -9.990e-29 7.7702e+01  1022.9156    21.6383    22.9042     7.0308    214.795    7.25815  221.74167     96.867 -9.990e-29
   39.60184  -72.75618      2.605      2.585    21.6392    33.1388 -9.990e-29 -9.990e-29 5.9154e+01  1022.9152    21.6387    22.9040     7.0261    214.654    7.25817  221.74223     96.803 -9.990e-29
   39.60184  -72.75618      2.584      2.565    21.6395    33.1385 -9.990e-29 -9.990e-29 5.6392e+01  1022.9148    21.6390    22.9037     7.0297    214.762    7.25814  221.74141     96.852 -9.990e-29
   39.60184  -72.75618      2.615      2.595    21.6395    33.1383 -9.990e-29 -9.990e-29 5.6392e+01  1022.9148    21.6390    22.9035     7.0293    214.749    7.25813  221.74097     96.847 -9.990e-29
