CalculateIndicators/WaterTemperature/Data/CTD_NYOS/20240709_C07.cnv
* Sea-Bird SBE 9 Data File:
* FileName = C:\Seabird 9 CTD\Data\2024\202407_offshore\20240709_C07.hex
* Software Version Seasave V 7.23.2
* Temperature SN = 4590
* Conductivity SN = 3228
* Number of Bytes Per Scan = 44
* Number of Voltage Words = 5
* Number of Scans Averaged by the Deck Unit = 1
* NMEA Latitude = 39 50.44 N
* NMEA Longitude = 072 54.50 W
* NMEA UTC (Time) = Jul 09 2024  02:39:49
* NMEA baud rate = 4800
** Ship: seawolf
** Station: 8.4
** Operator: TDK
# nquan = 18
# nvalues = 15365                       
# units = specified
# name 0 = latitude: Latitude [deg]
# name 1 = longitude: Longitude [deg]
# name 2 = prDM: Pressure, Digiquartz [db]
# name 3 = depSM: Depth [salt water, m]
# name 4 = t090C: Temperature [ITS-90, deg C]
# name 5 = sal00: Salinity, Practical [PSU]
# name 6 = ph: pH
# name 7 = flECO-AFL: Fluorescence, WET Labs ECO-AFL/FL [mg/m^3]
# name 8 = cpar: CPAR/Corrected Irradiance [%]
# name 9 = density00: Density [density, kg/m^3]
# name 10 = potemp090C: Potential Temperature [ITS-90, deg C]
# name 11 = sigma-é00: Density [sigma-theta, kg/m^3]
# name 12 = sbeox0Mg/L: Oxygen, SBE 43 [mg/l]
# name 13 = sbox0Mm/Kg: Oxygen, SBE 43 [umol/kg]
# name 14 = oxsolMg/L: Oxygen Saturation, Garcia & Gordon [mg/l]
# name 15 = oxsolMm/Kg: Oxygen Saturation, Garcia & Gordon [umol/kg]
# name 16 = sbeox0PS: Oxygen, SBE 43 [% saturation]
# name 17 = flag:  0.000e+00
# span 0 =   39.84070,   39.84110       
# span 1 =  -72.90840,  -72.90796       
# span 2 =      1.469,     59.843       
# span 3 =      1.457,     59.377       
# span 4 =     6.8083,    23.9071       
# span 5 =    29.8053,    32.8629       
# span 6 =      7.903,      8.133       
# span 7 =     0.0013,     2.7010       
# span 8 = 1.6880e-11, 9.9999e+04       
# span 9 =  1019.9006,  1025.4515       
# span 10 =     6.8051,    23.9068      
# span 11 =    19.8950,    25.1766      
# span 12 =     7.5853,    10.9221      
# span 13 =    232.391,    333.131      
# span 14 =    7.09881,    9.88485      
# span 15 =  217.50592,  301.35127      
# span 16 =     78.254,    122.941      
# span 17 = 0.0000e+00, 0.0000e+00      
# interval = seconds: 0.0416667
# start_time = Jul 09 2024 02:39:51 [System UTC, first data scan.]
# bad_flag = -9.990e-29
*END*
[from data line 1850]
   39.84074  -72.90838     43.743     43.404     6.8795    32.0454      8.070     0.0416 -9.990e-29  1025.3094     6.8757    25.1083     8.1607    248.772    9.85718  300.48852     82.789 0.0000e+00
   39.84074  -72.90838     43.785     43.445     6.8795    32.0454      8.070     0.0416 -9.990e-29  1025.3099     6.8757    25.1085     8.1619    248.810    9.85683  300.47732     82.805 0.0000e+00
   39.84074  -72.90838     43.815     43.475     6.8797    32.0454      8.070     0.0416 -9.990e-29  1025.3104     6.8759    25.1085     8.1691    249.027    9.85639  300.46335     82.881 0.0000e+00
   39.84074  -72.90838     43.837     43.497     6.8800    32.0448      8.070     0.0416 -9.990e-29  1025.3095     6.8762    25.1079     8.1714    249.098    9.85601  300.45187     82.908 0.0000e+00
   39.84074  -72.90838     43.877     43.537     6.8795    32.0437      8.070     0.0416 -9.990e-29  1025.3086     6.8757    25.1070     8.1734    249.160    9.85576  300.44461     82.930 0.0000e+00
   39.84074  -72.90838     43.887     43.547     6.8794    32.0436      8.070     0.0416 -9.990e-29  1025.3079     6.8756    25.1065     8.1805    249.375    9.85553  300.43800     83.004 0.0000e+00
   39.84074  -72.90838     43.928     43.588     6.8789    32.0436      8.070     0.0416 -9.990e-29  1025.3083     6.8750    25.1066     8.1826    249.440    9.85531  300.43129     83.027 0.0000e+00
   39.84074  -72.90838     43.948     43.607     6.8784    32.0436      8.070     0.0416 -9.990e-29  1025.3090     6.8746    25.1071     8.1843    249.492    9.85508  300.42413     83.047 0.0000e+00
   39.84074  -72.90838     43.978     43.637     6.8779    32.0445      8.071     0.0416 -9.990e-29  1025.3100     6.8741    25.1078     8.1919    249.724    9.85484  300.41696     83.126 0.0000e+00
   39.84074  -72.90838     43.999     43.657     6.8776    32.0456      8.071     0.0282 -9.990e-29  1025.3107     6.8737    25.1087     8.1938    249.782    9.85475  300.41466     83.146 0.0000e+00
   39.84074  -72.90838     44.029     43.688     6.8773    32.0472      8.071     0.0416 -9.990e-29  1025.3125     6.8735    25.1101     8.1951    249.822    9.85460  300.41009     83.160 0.0000e+00
   39.84074  -72.90838     44.050     43.708     6.8769    32.0488      8.071     0.0416 -9.990e-29  1025.3143     6.8731    25.1114     8.1970    249.880    9.85448  300.40677     83.180 0.0000e+00
   39.84074  -72.90838     44.072     43.730     6.8773    32.0497      8.071     0.0416 -9.990e-29  1025.3150     6.8735    25.1121     8.1984    249.922    9.85432  300.40165     83.196 0.0000e+00
   39.84074  -72.90838     44.091     43.749     6.8774    32.0500      8.071     0.0416 -9.990e-29  1025.3149     6.8736    25.1123     8.2058    250.149    9.85421  300.39843     83.272 0.0000e+00
   39.84074  -72.90838     44.121     43.779     6.8774    32.0500      8.071     0.0416 -9.990e-29  1025.3154     6.8736    25.1124     8.2063    250.164    9.85410  300.39529     83.278 0.0000e+00
   39.84074  -72.90838     44.142     43.800     6.8777    32.0501      8.071     0.0416 -9.990e-29  1025.3152     6.8739    25.1123     8.2064    250.166    9.85405  300.39399     83.279 0.0000e+00
   39.84074  -72.90838     44.172     43.830     6.8780    32.0501      8.071     0.0416 -9.990e-29  1025.3152     6.8742    25.1122     8.2069    250.182    9.85401  300.39279     83.285 0.0000e+00
   39.84074  -72.90838     44.182     43.839     6.8780    32.0501      8.071     0.0416 -9.990e-29  1025.3154     6.8742    25.1123     8.2134    250.380    9.85400  300.39236     83.351 0.0000e+00
   39.84074  -72.90838     44.193     43.850     6.8782    32.0503      8.071     0.0416 -9.990e-29  1025.3156     6.8744    25.1124     8.2139    250.395    9.85394  300.39103     83.356 0.0000e+00
   39.84074  -72.90838     44.235     43.892     6.8784    32.0503      8.065     0.0416 -9.990e-29  1025.3159     6.8745    25.1124     8.2139    250.396    9.85396  300.39165     83.357 0.0000e+00
   39.84074  -72.90838     44.244     43.901     6.8786    32.0504      8.070     0.0416 -9.990e-29  1025.3160     6.8747    25.1124     8.2198    250.575    9.85390  300.38959     83.417 0.0000e+00
   39.84074  -72.90838     44.254     43.911     6.8787    32.0504      8.065     0.0416 -9.990e-29  1025.3156     6.8749    25.1123     8.2142    250.405    9.85383  300.38751     83.361 0.0000e+00
   39.84074  -72.90838     44.284     43.941     6.8787    32.0504      8.070     0.0416 -9.990e-29  1025.3158     6.8749    25.1123     8.2128    250.362    9.85390  300.38999     83.346 0.0000e+00
   39.84074  -72.90838     44.305     43.961     6.8790    32.0511      8.065     0.0416 -9.990e-29  1025.3160     6.8752    25.1129     8.2182    250.525    9.85394  300.39132     83.400 0.0000e+00
   39.84074  -72.90838     44.315     43.971     6.8790    32.0528      8.070     0.0416 -9.990e-29  1025.3178     6.8752    25.1142     8.2176    250.508    9.85398  300.39234     83.394 0.0000e+00
   39.84074  -72.90838     44.337     43.993     6.8795    32.0552      8.065     0.0416 -9.990e-29  1025.3197     6.8757    25.1161     8.2237    250.695    9.85386  300.38840     83.457 0.0000e+00
   39.84074  -72.90838     44.356     44.012     6.8795    32.0577      8.065     0.0416 -9.990e-29  1025.3223     6.8757    25.1180     8.2239    250.699    9.85367  300.38209     83.460 0.0000e+00
   39.84074  -72.90838     44.377     44.033     6.8803    32.0598      8.065     0.0416 -9.990e-29  1025.3237     6.8765    25.1196     8.2299    250.883    9.85352  300.37732     83.523 0.0000e+00
   39.84074  -72.90838     44.407     44.063     6.8808    32.0617      8.065     0.0416 -9.990e-29  1025.3250     6.8769    25.1210     8.2247    250.724    9.85353  300.37788     83.470 0.0000e+00
   39.84074  -72.90838     44.417     44.072     6.8815    32.0638      8.070     0.0416 -9.990e-29  1025.3267     6.8776    25.1226     8.2299    250.882    9.85356  300.37926     83.522 0.0000e+00
   39.84074  -72.90838     44.428     44.083     6.8823    32.0658      8.070     0.0416 -9.990e-29  1025.3287     6.8784    25.1242     8.2300    250.886    9.85354  300.37890     83.523 0.0000e+00
   39.84074  -72.90838     44.458     44.113     6.8834    32.0672      8.070     0.0416 -9.990e-29  1025.3299     6.8795    25.1251     8.2296    250.874    9.85352  300.37815     83.519 0.0000e+00
   39.84074  -72.90838     44.479     44.134     6.8844    32.0677      8.065     0.0416 -9.990e-29  1025.3299     6.8805    25.1253     8.2287    250.845    9.85344  300.37542     83.511 0.0000e+00
   39.84074  -72.90838     44.499     44.154     6.8853    32.0678      8.065     0.0416 -9.990e-29  1025.3297     6.8815    25.1253     8.2271    250.798    9.85328  300.37041     83.496 0.0000e+00
   39.84074  -72.90838     44.509     44.164     6.8862    32.0681      8.065     0.0282 -9.990e-29  1025.3298     6.8823    25.1254     8.2316    250.934    9.85324  300.36897     83.542 0.0000e+00
   39.84074  -72.90838     44.539     44.194     6.8873    32.0690      8.065     0.0416 -9.990e-29  1025.3305     6.8834    25.1260     8.2310    250.918    9.85321  300.36828     83.537 0.0000e+00
   39.84074  -72.90838     44.560     44.215     6.8879    32.0703      8.070     0.0416 -9.990e-29  1025.3315     6.8841    25.1269     8.2364    251.081    9.85323  300.36939     83.591 0.0000e+00
   39.84074  -72.90838     44.571     44.226     6.8887    32.0719      8.065     0.0282 -9.990e-29  1025.3330     6.8848    25.1281     8.2369    251.095    9.85337  300.37393     83.594 0.0000e+00
   39.84074  -72.90838     44.600     44.254     6.8898    32.0735      8.065     0.0416 -9.990e-29  1025.3342     6.8859    25.1292     8.2367    251.090    9.85337  300.37403     83.593 0.0000e+00
   39.84074  -72.90838     44.632     44.286     6.8910    32.0751      8.065     0.0282 -9.990e-29  1025.3353     6.8871    25.1303     8.2359    251.067    9.85330  300.37159     83.586 0.0000e+00
   39.84074  -72.90838     44.642     44.295     6.8920    32.0770      8.065     0.0416 -9.990e-29  1025.3368     6.8881    25.1316     8.2347    251.030    9.85328  300.37095     83.573 0.0000e+00
   39.84074  -72.90838     44.662     44.316     6.8932    32.0786      8.065     0.0416 -9.990e-29  1025.3384     6.8893    25.1328     8.2340    251.009    9.85329  300.37127     83.566 0.0000e+00
   39.84074  -72.90838     44.693     44.346     6.8946    32.0797      8.065     0.0416 -9.990e-29  1025.3393     6.8907    25.1335     8.2391    251.165    9.85321  300.36860     83.619 0.0000e+00
   39.84074  -72.90838     44.713     44.367     6.8961    32.0797      8.065     0.0416 -9.990e-29  1025.3393     6.8922    25.1335     8.2383    251.139    9.85312  300.36558     83.611 0.0000e+00
   39.84074  -72.90838     44.734     44.387     6.8972    32.0798      8.065     0.0282 -9.990e-29  1025.3385     6.8933    25.1332     8.2379    251.126    9.85298  300.36110     83.608 0.0000e+00
   39.84074  -72.90838     44.764     44.417     6.8986    32.0799      8.065     0.0416 -9.990e-29  1025.3385     6.8946    25.1331     8.2435    251.296    9.85291  300.35894     83.665 0.0000e+00
   39.84074  -72.90838     44.785     44.438     6.8995    32.0804      8.065     0.0282 -9.990e-29  1025.3389     6.8956    25.1333     8.2431    251.285    9.85290  300.35862     83.662 0.0000e+00
   39.84074  -72.90838     44.836     44.488     6.9005    32.0813      8.065     0.0416 -9.990e-29  1025.3399     6.8966    25.1339     8.2476    251.422    9.85279  300.35533     83.708 0.0000e+00
   39.84074  -72.90838     44.846     44.498     6.9019    32.0827      8.065     0.0416 -9.990e-29  1025.3407     6.8980    25.1348     8.2480    251.436    9.85277  300.35485     83.713 0.0000e+00
   39.84074  -72.90838     44.876     44.528     6.9029    32.0845      8.065     0.0416 -9.990e-29  1025.3422     6.8990    25.1361     8.2481    251.437    9.85281  300.35607     83.713 0.0000e+00
   39.84074  -72.90838     44.897     44.549     6.9041    32.0862      8.065     0.0416 2.5320e-11  1025.3443     6.9002    25.1373     8.2539    251.615    9.85278  300.35535     83.772 0.0000e+00
   39.84074  -72.90838     44.927     44.579     6.9055    32.0862      8.065     0.0282 2.5320e-11  1025.3448     6.9016    25.1376     8.2547    251.639    9.85273  300.35383     83.781 0.0000e+00
   39.84074  -72.90838     44.948     44.599     6.9070    32.0862      8.065     0.0282 2.5320e-11  1025.3437     6.9030    25.1369     8.2550    251.650    9.85273  300.35378     83.784 0.0000e+00
   39.84074  -72.90838     44.969     44.620     6.9086    32.0852      8.065     0.0416 2.5320e-11  1025.3420     6.9047    25.1360     8.2549    251.646    9.85279  300.35609     83.783 0.0000e+00
   39.84074  -72.90838     44.999     44.650     6.9094    32.0850      8.065     0.0282 1.6880e-11  1025.3424     6.9055    25.1357     8.2552    251.655    9.85279  300.35625     83.786 0.0000e+00
   39.84074  -72.90838     45.020     44.671     6.9102    32.0850      8.065     0.0416 2.5320e-11  1025.3430     6.9063    25.1355     8.2615    251.847    9.85286  300.35831     83.849 0.0000e+00
   39.84074  -72.90838     45.039     44.690     6.9116    32.0844      8.065     0.0416 2.5320e-11  1025.3419     6.9077    25.1349     8.2618    251.857    9.85292  300.36042     83.851 0.0000e+00
   39.84074  -72.90838     45.071     44.721     6.9123    32.0836      8.065     0.0416 1.6880e-11  1025.3411     6.9084    25.1341     8.2626    251.879    9.85294  300.36082     83.859 0.0000e+00
   39.84074  -72.90838     45.090     44.740     6.9132    32.0830      8.065     0.0282 2.5320e-11  1025.3406     6.9092    25.1336     8.2628    251.887    9.85292  300.36006     83.862 0.0000e+00
   39.84074  -72.90838     45.122     44.772     6.9137    32.0829      8.065     0.0416 2.5320e-11  1025.3405     6.9098    25.1334     8.2690    252.076    9.85293  300.36052     83.924 0.0000e+00
   39.84074  -72.90838     45.141     44.791     6.9143    32.0828      8.065     0.0416 2.5320e-11  1025.3409     6.9104    25.1334     8.2693    252.085    9.85301  300.36284     83.927 0.0000e+00
   39.84074  -72.90838     45.173     44.822     6.9147    32.0828      8.065     0.0416 2.5320e-11  1025.3411     6.9108    25.1332     8.2754    252.271    9.85299  300.36241     83.989 0.0000e+00
   39.84074  -72.90838     45.192     44.842     6.9154    32.0823      8.065     0.0416 2.5320e-11  1025.3405     6.9115    25.1328     8.2701    252.110    9.85303  300.36336     83.935 0.0000e+00
   39.84074  -72.90838     45.213     44.862     6.9159    32.0818      8.065     0.0416 2.5320e-11  1025.3399     6.9119    25.1323     8.2826    252.489    9.85303  300.36336     84.061 0.0000e+00
   39.84074  -72.90838     45.243     44.892     6.9162    32.0813      8.060     0.0416 2.5320e-11  1025.3398     6.9122    25.1318     8.2836    252.519    9.85300  300.36237     84.072 0.0000e+00
   39.84074  -72.90838     45.275     44.924     6.9162    32.0807      8.065     0.0416 2.5320e-11  1025.3398     6.9123    25.1313     8.2776    252.338    9.85299  300.36217     84.011 0.0000e+00
   39.84074  -72.90838     45.315     44.963     6.9170    32.0800      8.065     0.0282 1.6880e-11  1025.3386     6.9130    25.1308     8.2840    252.532    9.85296  300.36088     84.076 0.0000e+00
   39.84074  -72.90838     45.326     44.974     6.9169    32.0800      8.065     0.0282 2.5320e-11  1025.3387     6.9129    25.1306     8.2906    252.734    9.85277  300.35458     84.145 0.0000e+00
   39.84074  -72.90838     45.356     45.005     6.9170    32.0800      8.060     0.0282 2.5320e-11  1025.3393     6.9130    25.1307     8.2849    252.560    9.85263  300.35010     84.089 0.0000e+00
   39.84074  -72.90838     45.387     45.035     6.9172    32.0798      8.065     0.0282 1.6880e-11  1025.3397     6.9132    25.1307     8.2916    252.762    9.85253  300.34695     84.157 0.0000e+00
   39.84074  -72.90838     45.417     45.065     6.9172    32.0794      8.065     0.0416 1.6880e-11  1025.3388     6.9132    25.1302     8.2912    252.752    9.85240  300.34282     84.154 0.0000e+00
   39.84074  -72.90838     45.427     45.074     6.9173    32.0794      8.065     0.0416 1.6880e-11  1025.3382     6.9133    25.1298     8.2967    252.920    9.85224  300.33795     84.212 0.0000e+00
   39.84074  -72.90838     45.447     45.095     6.9171    32.0794      8.065     0.0282 1.6880e-11  1025.3385     6.9131    25.1299     8.2971    252.932    9.85207  300.33267     84.217 0.0000e+00
   39.84074  -72.90838     45.478     45.125     6.9173    32.0802      8.065     0.0416 1.6880e-11  1025.3394     6.9133    25.1308     8.2972    252.934    9.85212  300.33478     84.217 0.0000e+00
   39.84074  -72.90838     45.499     45.146     6.9174    32.0817      8.065     0.0416 1.6880e-11  1025.3414     6.9135    25.1319     8.3041    253.144    9.85216  300.33639     84.287 0.0000e+00
   39.84074  -72.90838     45.529     45.176     6.9177    32.0817      8.065     0.0282 1.6880e-11  1025.3425     6.9137    25.1325     8.3113    253.363    9.85212  300.33522     84.360 0.0000e+00
   39.84074  -72.90838     45.550     45.196     6.9181    32.0817      8.065     0.0416 1.6880e-11  1025.3414     6.9141    25.1319     8.3070    253.232    9.85200  300.33135     84.318 0.0000e+00
   39.84074  -72.90838     45.580     45.226     6.9185    32.0806      8.065     0.0416 1.6880e-11  1025.3400     6.9145    25.1310     8.3067    253.222    9.85193  300.32897     84.315 0.0000e+00
   39.84074  -72.90838     45.601     45.247     6.9186    32.0806      8.060     0.0551 1.6880e-11  1025.3401     6.9146    25.1306     8.3132    253.421    9.85188  300.32761     84.382 0.0000e+00
