CalculateIndicators/WaterTemperature/Data/CTD_NYOS/20240710_23.cnv
* Sea-Bird SBE 9 Data File:
* FileName = C:\Seabird 9 CTD\Data\2024\202407_offshore\20240710_23.hex
* Software Version Seasave V 7.23.2
* Temperature SN = 4590
* Conductivity SN = 3228
* Number of Bytes Per Scan = 44
* Number of Voltage Words = 5
* Number of Scans Averaged by the Deck Unit = 1
* NMEA Latitude = 40 29.88 N
* NMEA Longitude = 071 55.70 W
* NMEA UTC (Time) = Jul 10 2024  19:16:12
* NMEA baud rate = 4800
** Ship: seawolf
** Station: 11.3
** Operator: SJW
# nquan = 18
# nvalues = 14320                       
# units = specified
# name 0 = latitude: Latitude [deg]
# name 1 = longitude: Longitude [deg]
# name 2 = prDM: Pressure, Digiquartz [db]
# name 3 = depSM: Depth [salt water, m]
# name 4 = t090C: Temperature [ITS-90, deg C]
# name 5 = sal00: Salinity, Practical [PSU]
# name 6 = ph: pH
# name 7 = flECO-AFL: Fluorescence, WET Labs ECO-AFL/FL [mg/m^3]
# name 8 = cpar: CPAR/Corrected Irradiance [%]
# name 9 = density00: Density [density, kg/m^3]
# name 10 = potemp090C: Potential Temperature [ITS-90, deg C]
# name 11 = sigma-é00: Density [sigma-theta, kg/m^3]
# name 12 = sbeox0Mg/L: Oxygen, SBE 43 [mg/l]
# name 13 = sbox0Mm/Kg: Oxygen, SBE 43 [umol/kg]
# name 14 = oxsolMg/L: Oxygen Saturation, Garcia & Gordon [mg/l]
# name 15 = oxsolMm/Kg: Oxygen Saturation, Garcia & Gordon [umol/kg]
# name 16 = sbeox0PS: Oxygen, SBE 43 [% saturation]
# name 17 = flag:  0.000e+00
# span 0 =   40.49802,   40.49930       
# span 1 =  -71.92846,  -71.92672       
# span 2 =      1.575,     61.350       
# span 3 =      1.563,     60.868       
# span 4 =     6.6544,    23.5948       
# span 5 =    29.9467,    32.3963       
# span 6 =      7.965,      8.224       
# span 7 =    -0.0389,     2.1369       
# span 8 = 4.0222e-14, 3.0094e+02       
# span 9 =  1020.2050,  1025.4164       
# span 10 =     6.6491,    23.5943      
# span 11 =    20.1972,    25.1343      
# span 12 =     7.5533,    10.6401      
# span 13 =    231.358,    324.496      
# span 14 =    7.12573,    9.91664      
# span 15 =  218.26711,  302.30181      
# span 16 =     78.676,    117.330      
# span 17 = 0.0000e+00, 0.0000e+00      
# interval = seconds: 0.0416667
# start_time = Jul 10 2024 19:16:12 [System UTC, first data scan.]
# bad_flag = -9.990e-29
*END*
[from data line 11337]
   40.49906  -71.92706      6.896      6.843    21.6415    30.2561      8.052     0.6326 1.6020e+01  1020.8003    21.6402    20.7425     7.9092    242.091    7.41974  227.11050    106.596 -9.990e-29
   40.49906  -71.92706      6.924      6.870    21.6346    30.2561      8.052     0.6326 1.5608e+01  1020.7470    21.6332    20.7197     7.9086    242.076    7.41551  226.98179    106.650 -9.990e-29
   40.49906  -71.92706      6.935      6.881    21.6049    30.2095      8.052     0.6326 1.4998e+01  1020.7090    21.6036    20.6927     7.9127    242.202    7.41107  226.84654    106.769 -9.990e-29
   40.49906  -71.92706      6.975      6.921    21.5540    30.1948      8.052     0.6326 1.4242e+01  1020.7017    21.5527    20.6879     7.9125    242.194    7.40627  226.69877    106.835 -9.990e-29
   40.49906  -71.92706      6.998      6.944    21.4911    30.1913      8.052     0.6326 1.3602e+01  1020.7365    21.4898    20.7047     7.9105    242.131    7.39941  226.48593    106.908 -9.990e-29
   40.49906  -71.92706      7.016      6.962    21.4359    30.1891      8.052     0.6326 1.2899e+01  1020.7623    21.4346    20.7241     7.9104    242.123    7.38966  226.18404    107.047 -9.990e-29
   40.49906  -71.92706      7.035      6.981    21.3845    30.1913      8.053     0.6326 1.2212e+01  1020.7645    21.3832    20.7363     7.9044    241.938    7.37802  225.82768    107.134 -9.990e-29
   40.49906  -71.92706      7.067      7.012    21.3251    30.1948      8.058     0.6326 1.1717e+01  1020.7745    21.3238    20.7497     7.9069    242.021    7.36588  225.46151    107.344 -9.990e-29
   40.49906  -71.92706      7.086      7.031    21.2633    30.1967      8.058     0.6326 1.1350e+01  1020.7987    21.2620    20.7717     7.9043    241.954    7.35658  225.18783    107.446 -9.990e-29
   40.49906  -71.92706      7.109      7.054    21.2040    30.2140      8.058     0.6595 1.0830e+01  1020.8305    21.2026    20.8002     7.9100    242.139    7.35107  225.02919    107.604 -9.990e-29
   40.49906  -71.92706      7.127      7.072    21.1517    30.2357      8.058     0.7132 1.0439e+01  1020.8622    21.1504    20.8305     7.9135    242.255    7.34735  224.92273    107.706 -9.990e-29
   40.49906  -71.92706      7.157      7.102    21.1063    30.2578      8.058     0.7266 1.0117e+01  1020.8920    21.1049    20.8594     7.9221    242.523    7.34440  224.83895    107.865 -9.990e-29
   40.49906  -71.92706      7.178      7.123    21.0674    30.2782      8.059     0.7266 9.6746e+00  1020.9187    21.0661    20.8853     7.9360    242.957    7.34260  224.78934    108.082 -9.990e-29
   40.49906  -71.92706      7.197      7.142    21.0347    30.2952      8.059     0.7266 9.3515e+00  1020.9403    21.0333    20.9071     7.9476    243.314    7.34210  224.77698    108.247 -9.990e-29
   40.49906  -71.92706      7.241      7.185    21.0066    30.3091      8.059     0.7266 9.1850e+00  1020.9579    21.0053    20.9253     7.9597    243.689    7.34190  224.77482    108.415 -9.990e-29
   40.49906  -71.92706      7.248      7.192    20.9818    30.3207      8.059     0.7266 8.8779e+00  1020.9732    20.9804    20.9407     7.9764    244.203    7.34218  224.78573    108.638 -9.990e-29
   40.49906  -71.92706      7.259      7.203    20.9601    30.3308      8.059     0.7266 8.6598e+00  1020.9864    20.9587    20.9542     7.9842    244.442    7.34182  224.77388    108.750 -9.990e-29
   40.49906  -71.92706      7.278      7.222    20.9409    30.3399      8.059     0.7266 8.5888e+00  1020.9982    20.9395    20.9662     7.9988    244.888    7.34027  224.72613    108.972 -9.990e-29
   40.49906  -71.92706      7.299      7.243    20.9238    30.3483      8.064     0.7266 8.3831e+00  1021.0094    20.9225    20.9771     8.0095    245.219    7.33909  224.69292    109.135 -9.990e-29
   40.49906  -71.92706      7.313      7.256    20.9095    30.3558      8.064     0.7266 8.2259e+00  1021.0190    20.9082    20.9867     8.0218    245.600    7.33910  224.69693    109.303 -9.990e-29
   40.49906  -71.92706      7.329      7.273    20.8969    30.3624      8.064     0.7266 8.1697e+00  1021.0275    20.8955    20.9949     8.0343    245.981    7.33920  224.70074    109.471 -9.990e-29
   40.49906  -71.92706      7.340      7.284    20.8865    30.3678      8.064     0.7266 8.0588e+00  1021.0342    20.8851    21.0018     8.0485    246.418    7.33739  224.64696    109.691 -9.990e-29
   40.49906  -71.92706      7.350      7.293    20.8773    30.3723      8.064     0.7266 7.9271e+00  1021.0400    20.8760    21.0077     8.0581    246.714    7.33509  224.57801    109.857 -9.990e-29
   40.49906  -71.92706      7.371      7.314    20.8694    30.3761      8.064     0.7266 7.8763e+00  1021.0453    20.8681    21.0127     8.0733    247.178    7.33414  224.54595    110.079 -9.990e-29
   40.49906  -71.92706      7.371      7.314    20.8627    30.3790      8.064     0.7266 7.8258e+00  1021.0489    20.8613    21.0168     8.0831    247.472    7.33227  224.48502    110.240 -9.990e-29
   40.49906  -71.92706      7.383      7.326    20.8566    30.3816      8.064     0.7266 7.7104e+00  1021.0525    20.8553    21.0203     8.0951    247.839    7.32910  224.38685    110.452 -9.990e-29
   40.49906  -71.92706      7.380      7.323    20.8515    30.3842      8.064     0.7266 7.6671e+00  1021.0556    20.8501    21.0237     8.1028    248.078    7.32555  224.28138    110.610 -9.990e-29
   40.49906  -71.92706      7.401      7.344    20.8469    30.3869      8.064     0.7266 7.6241e+00  1021.0593    20.8456    21.0269     8.1126    248.384    7.32444  224.25451    110.760 -9.990e-29
   40.49906  -71.92706      7.390      7.333    20.8434    30.3896      8.064     0.7266 7.5176e+00  1021.0620    20.8421    21.0298     8.1342    249.053    7.32658  224.32501    111.023 -9.990e-29
   40.49906  -71.92706      7.401      7.344    20.8411    30.3926      8.064     0.7266 7.4965e+00  1021.0646    20.8397    21.0328     8.1483    249.488    7.32939  224.41286    111.174 -9.990e-29
   40.49906  -71.92706      7.390      7.333    20.8394    30.3961      8.064     0.7266 7.4755e+00  1021.0681    20.8380    21.0358     8.1622    249.914    7.33201  224.49440    111.323 -9.990e-29
   40.49906  -71.92706      7.394      7.337    20.8394    30.3994      8.069     0.7266 7.3918e+00  1021.0710    20.8380    21.0384     8.1750    250.304    7.33400  224.55299    111.468 -9.990e-29
   40.49906  -71.92706      7.390      7.333    20.8403    30.4015      8.064     0.7266 7.3711e+00  1021.0726    20.8389    21.0399     8.1868    250.659    7.33514  224.58359    111.610 -9.990e-29
   40.49906  -71.92706      7.380      7.323    20.8413    30.4024      8.064     0.7266 7.3504e+00  1021.0725    20.8399    21.0403     8.1971    250.969    7.33543  224.58678    111.747 -9.990e-29
   40.49906  -71.92706      7.380      7.323    20.8422    30.4033      8.064     0.7803 7.3033e+00  1021.0714    20.8409    21.0408     8.2055    251.217    7.33475  224.55750    111.872 -9.990e-29
   40.49906  -71.92706      7.371      7.314    20.8427    30.4079      8.069     0.7938 7.2623e+00  1021.0725    20.8413    21.0440     8.2079    251.279    7.33269  224.48602    111.935 -9.990e-29
   40.49906  -71.92706      7.364      7.307    20.8440    30.4224      8.069     0.7938 7.2623e+00  1021.0799    20.8426    21.0542     8.2125    251.421    7.32941  224.38447    112.049 -9.990e-29
   40.49906  -71.92706      7.350      7.293    20.8482    30.4491      8.069     0.7938 7.2419e+00  1021.1039    20.8468    21.0721     8.2173    251.573    7.32676  224.30884    112.155 -9.990e-29
   40.49906  -71.92706      7.329      7.273    20.8682    30.4759      8.064     0.7938 7.2216e+00  1021.1312    20.8668    21.0867     8.2190    251.630    7.32535  224.27115    112.199 -9.990e-29
   40.49906  -71.92706      7.320      7.263    20.9102    30.4891      8.064     0.7938 7.2216e+00  1021.1221    20.9089    21.0876     8.2249    251.814    7.32437  224.24305    112.295 -9.990e-29
   40.49906  -71.92706      7.299      7.243    20.9504    30.4952      8.069     0.7938 7.2216e+00  1021.1094    20.9490    21.0812     8.2303    251.979    7.32314  224.20566    112.388 -9.990e-29
   40.49906  -71.92706      7.278      7.222    20.9954    30.4952      8.069     0.7938 7.2361e+00  1021.1119    20.9940    21.0730     8.2262    251.854    7.32162  224.16014    112.354 -9.990e-29
   40.49906  -71.92706      7.272      7.215    21.0592    30.4952      8.069     0.7938 7.2361e+00  1021.0939    21.0579    21.0566     8.2302    251.979    7.32054  224.12927    112.426 -9.990e-29
   40.49906  -71.92706      7.248      7.192    21.1197    30.4873      8.068     0.7938 7.2565e+00  1021.0601    21.1183    21.0329     8.2315    252.026    7.32076  224.14169    112.440 -9.990e-29
   40.49906  -71.92706      7.218      7.162    21.1609    30.4751      8.068     0.7938 7.2769e+00  1021.0407    21.1595    21.0117     8.2376    252.220    7.32197  224.18415    112.506 -9.990e-29
   40.49906  -71.92706      7.197      7.142    21.1967    30.4661      8.068     0.7938 7.2916e+00  1021.0257    21.1954    20.9948     8.2336    252.092    7.32200  224.17969    112.451 -9.990e-29
   40.49906  -71.92706      7.178      7.123    21.2306    30.4579      8.068     0.7938 7.3121e+00  1021.0102    21.2293    20.9793     8.2326    252.041    7.31790  224.03593    112.500 -9.990e-29
   40.49906  -71.92706      7.151      7.095    21.2633    30.4572      8.068     0.7938 7.3741e+00  1020.9930    21.2620    20.9664     8.2240    251.770    7.31119  223.82655    112.485 -9.990e-29
   40.49906  -71.92706      7.127      7.072    21.2897    30.4572      8.068     0.7938 7.3682e+00  1020.9875    21.2884    20.9585     8.2131    251.451    7.30664  223.69968    112.406 -9.990e-29
   40.49906  -71.92706      7.107      7.052    21.3188    30.4572      8.068     0.7938 7.4098e+00  1020.9849    21.3175    20.9547     8.2078    251.292    7.30358  223.60917    112.380 -9.990e-29
   40.49906  -71.92706      7.076      7.022    21.3498    30.4672      8.068     0.7938 7.4936e+00  1020.9814    21.3485    20.9540     8.2026    251.136    7.30111  223.53568    112.347 -9.990e-29
   40.49906  -71.92706      7.056      7.001    21.3803    30.4851      8.067     0.7938 7.5087e+00  1020.9854    21.3790    20.9583     8.1975    250.984    7.29892  223.47191    112.311 -9.990e-29
   40.49906  -71.92706      7.028      6.974    21.4216    30.5133      8.067     0.7938 7.5299e+00  1020.9974    21.4203    20.9676     8.1939    250.883    7.29847  223.46738    112.268 -9.990e-29
   40.49906  -71.92706      7.005      6.951    21.4808    30.5451      8.067     0.7938 7.6304e+00  1021.0133    21.4795    20.9758     8.1937    250.900    7.30161  223.58235    112.218 -9.990e-29
   40.49906  -71.92706      6.975      6.921    21.5590    30.5451      8.067     0.7938 7.6735e+00  1021.0134    21.5576    20.9717     8.1946    250.948    7.30947  223.84375    112.109 -9.990e-29
   40.49906  -71.92706      6.955      6.902    21.6502    30.5451      8.061     0.7938 7.7012e+00  1020.9886    21.6488    20.9482     8.2076    251.360    7.32122  224.21391    112.107 -9.990e-29
   40.49906  -71.92706      6.907      6.854    21.7319    30.5400      8.066     0.7938 7.8385e+00  1020.9388    21.7306    20.9094     8.2137    251.527    7.33005  224.46862    112.054 -9.990e-29
   40.49906  -71.92706      6.884      6.831    21.7864    30.5065      8.061     0.7938 7.9718e+00  1020.8936    21.7851    20.8684     8.2110    251.409    7.33165  224.48353    111.994 -9.990e-29
   40.49906  -71.92706      6.863      6.810    21.8243    30.4749      8.066     0.7669 8.0494e+00  1020.8604    21.8229    20.8331     8.1979    250.990    7.32808  224.35995    111.869 -9.990e-29
   40.49906  -71.92706      6.824      6.771    21.8557    30.4471      8.066     0.7535 8.3379e+00  1020.8304    21.8544    20.8037     8.1938    250.884    7.32956  224.42220    111.791 -9.990e-29
   40.49906  -71.92706      6.806      6.753    21.8775    30.4237      8.061     0.7535 8.6168e+00  1020.8051    21.8762    20.7801     8.2012    251.123    7.33744  224.67347    111.772 -9.990e-29
   40.49906  -71.92706      6.773      6.720    21.8862    30.4045      8.066     0.7535 8.9111e+00  1020.7913    21.8849    20.7621     8.1995    251.065    7.34433  224.88008    111.644 -9.990e-29
   40.49906  -71.92706      6.763      6.711    21.8942    30.3882      8.061     0.7535 9.4492e+00  1020.7739    21.8929    20.7478     8.1961    250.956    7.35012  225.05390    111.509 -9.990e-29
   40.49906  -71.92706      6.731      6.679    21.8965    30.3782      8.061     0.7535 1.0064e+01  1020.7628    21.8952    20.7390     8.1982    251.029    7.35741  225.28477    111.427 -9.990e-29
   40.49906  -71.92706      6.694      6.643    21.8975    30.3764      8.061     0.7535 1.0635e+01  1020.7663    21.8962    20.7364     8.2071    251.305    7.36665  225.57043    111.409 -9.990e-29
   40.49906  -71.92706      6.661      6.610    21.9078    30.3749      8.061     0.7535 1.1516e+01  1020.7668    21.9065    20.7330     8.2108    251.407    7.37514  225.82025    111.331 -9.990e-29
   40.49906  -71.92706      6.641      6.589    21.9208    30.3660      8.061     0.7535 1.2586e+01  1020.7538    21.9195    20.7236     8.2122    251.438    7.38136  225.99882    111.256 -9.990e-29
   40.49906  -71.92706      6.611      6.559    21.9272    30.3538      8.060     0.7535 1.3430e+01  1020.7368    21.9259    20.7125     8.2068    251.260    7.38536  226.10960    111.123 -9.990e-29
   40.49906  -71.92706      6.593      6.542    21.9278    30.3460      8.060     0.7535 1.4240e+01  1020.7332    21.9266    20.7046     8.2040    251.166    7.38815  226.18812    111.043 -9.990e-29
   40.49906  -71.92706      6.560      6.509    21.9426    30.3460      8.060     0.7535 1.4849e+01  1020.7264    21.9413    20.6992     8.1972    250.957    7.39124  226.28187    110.905 -9.990e-29
   40.49906  -71.92706      6.539      6.489    21.9610    30.3460      8.060     0.7535 1.4762e+01  1020.7192    21.9597    20.6984     8.1958    250.915    7.39522  226.40440    110.826 -9.990e-29
   40.49906  -71.92706      6.509      6.459    21.9623    30.3592      8.060     0.7535 1.4399e+01  1020.7326    21.9610    20.7061     8.1907    250.758    7.39967  226.54017    110.690 -9.990e-29
   40.49906  -71.92706      6.481      6.431    21.9683    30.3756      8.060     0.7535 1.4005e+01  1020.7499    21.9670    20.7163     8.1900    250.734    7.40411  226.67350    110.615 -9.990e-29
   40.49906  -71.92706      6.469      6.419    21.9882    30.3756      8.060     0.7535 1.3288e+01  1020.7541    21.9870    20.7178     8.1806    250.443    7.40839  226.80193    110.423 -9.990e-29
   40.49906  -71.92706      6.439      6.389    22.0177    30.3756      8.060     0.7535 1.2499e+01  1020.7400    22.0164    20.7050     8.1756    250.289    7.41291  226.93872    110.289 -9.990e-29
   40.49906  -71.92706      6.430      6.381    22.0377    30.3511      8.060     0.7535 1.1962e+01  1020.7075    22.0365    20.6825     8.1711    250.148    7.41792  227.09125    110.153 -9.990e-29
   40.49906  -71.92706      6.397      6.348    22.0322    30.3242      8.060     0.7535 1.1449e+01  1020.6837    22.0310    20.6623     8.1669    250.020    7.42341  227.25859    110.016 -9.990e-29
   40.49906  -71.92706      6.397      6.348    22.0163    30.3052      8.060     0.7535 1.1011e+01  1020.6754    22.0151    20.6511     8.1634    249.909    7.42887  227.42242    109.888 -9.990e-29
   40.49906  -71.92706      6.367      6.318    22.0004    30.3052      8.060     0.7535 1.0867e+01  1020.6701    21.9992    20.6493     8.1637    249.912    7.43380  227.56866    109.818 -9.990e-29
   40.49906  -71.92706      6.360      6.311    21.9829    30.3052      8.060     0.7535 1.0741e+01  1020.6806    21.9817    20.6578     8.1550    249.642    7.43828  227.70165    109.636 -9.990e-29
