CalculateIndicators/WaterTemperature/Data/CTD_NYOS/20240428_C23.cnv
* Sea-Bird SBE 9 Data File:
* FileName = C:\Seabird 9 CTD\Data\2024\202404_offshore\20240428_C23.hex
* Software Version Seasave V 7.23.2
* Temperature SN = 4590
* Conductivity SN = 3228
* Number of Bytes Per Scan = 44
* Number of Voltage Words = 5
* Number of Scans Averaged by the Deck Unit = 1
* NMEA Latitude = 40 09.42 N
* NMEA Longitude = 072 10.34 W
* NMEA UTC (Time) = Apr 28 2024  13:12:25
* NMEA baud rate = 4800
** Ship: Seawolf
** Station: 10.4
** Operator: TCM
# nquan = 18
# nvalues = 13679                       
# units = specified
# name 0 = latitude: Latitude [deg]
# name 1 = longitude: Longitude [deg]
# name 2 = prDM: Pressure, Digiquartz [db]
# name 3 = depSM: Depth [salt water, m]
# name 4 = t090C: Temperature [ITS-90, deg C]
# name 5 = sal00: Salinity, Practical [PSU]
# name 6 = ph: pH
# name 7 = flECO-AFL: Fluorescence, WET Labs ECO-AFL/FL [mg/m^3]
# name 8 = cpar: CPAR/Corrected Irradiance [%]
# name 9 = density00: Density [density, kg/m^3]
# name 10 = potemp090C: Potential Temperature [ITS-90, deg C]
# name 11 = sigma-é00: Density [sigma-theta, kg/m^3]
# name 12 = sbeox0Mg/L: Oxygen, SBE 43 [mg/l]
# name 13 = sbox0Mm/Kg: Oxygen, SBE 43 [umol/kg]
# name 14 = oxsolMg/L: Oxygen Saturation, Garcia & Gordon [mg/l]
# name 15 = oxsolMm/Kg: Oxygen Saturation, Garcia & Gordon [umol/kg]
# name 16 = sbeox0PS: Oxygen, SBE 43 [% saturation]
# name 17 = flag:  0.000e+00
# span 0 =   40.15714,   40.15924       
# span 1 =  -72.17284,  -72.17238       
# span 2 =      2.017,     67.730       
# span 3 =      2.001,     67.199       
# span 4 =     5.9642,     8.2672       
# span 5 =    31.6148,    32.1847       
# span 6 =      7.928,      8.071       
# span 7 =    -0.0255,     0.9012       
# span 8 = 2.0926e-13, 3.4062e+01       
# span 9 =  1024.5738,  1025.6459       
# span 10 =     5.9590,     8.2670      
# span 11 =    24.5782,    25.3335      
# span 12 =     9.0561,    10.4232      
# span 13 =    276.096,    317.852      
# span 14 =    9.58230,   10.08009      
# span 15 =  292.26077,  307.30424      
# span 16 =     90.681,    106.393      
# span 17 = 0.0000e+00, 0.0000e+00      
# interval = seconds: 0.0416667
# start_time = Apr 28 2024 13:12:25 [System UTC, first data scan.]
# bad_flag = -9.990e-29
*END*
[from data line 2252]
   40.15750  -72.17244     54.450     54.025     5.9655    32.0759 -9.990e-29    -0.0121 2.1549e-13  1025.4989     5.9612    25.2472     9.2399    281.636   10.06869  306.89785     91.769 0.0000e+00
   40.15750  -72.17244     54.501     54.075     5.9657    32.0761 -9.990e-29    -0.0121 2.1549e-13  1025.4993     5.9613    25.2474     9.2398    281.634   10.06851  306.89205     91.770 0.0000e+00
   40.15750  -72.17244     54.542     54.116     5.9655    32.0764 -9.990e-29    -0.0121 2.1549e-13  1025.4995     5.9612    25.2477     9.2399    281.637   10.06843  306.88962     91.771 0.0000e+00
   40.15750  -72.17244     54.577     54.151     5.9655    32.0767 -9.990e-29    -0.0121 2.1549e-13  1025.5001     5.9612    25.2479     9.2401    281.641   10.06830  306.88572     91.774 0.0000e+00
   40.15750  -72.17244     54.624     54.197     5.9658    32.0774 -9.990e-29    -0.0121 2.1549e-13  1025.5003     5.9615    25.2485     9.2404    281.651   10.06829  306.88511     91.777 0.0000e+00
   40.15750  -72.17244     54.664     54.237     5.9659    32.0787 -9.990e-29    -0.0121 2.1549e-13  1025.5019     5.9615    25.2495     9.2418    281.693   10.06818  306.88186     91.792 0.0000e+00
   40.15750  -72.17244     54.695     54.268     5.9664    32.0803 -9.990e-29    -0.0121 2.1549e-13  1025.5037     5.9620    25.2507     9.2423    281.707   10.06812  306.88001     91.797 0.0000e+00
   40.15750  -72.17244     54.736     54.308     5.9668    32.0815 -9.990e-29    -0.0121 2.1549e-13  1025.5046     5.9624    25.2516     9.2363    281.525   10.06808  306.87878     91.738 0.0000e+00
   40.15750  -72.17244     54.791     54.363     5.9672    32.0824 -9.990e-29    -0.0121 2.1549e-13  1025.5054     5.9628    25.2523     9.2425    281.715   10.06796  306.87498     91.801 0.0000e+00
   40.15750  -72.17244     54.817     54.389     5.9678    32.0831 -9.990e-29    -0.0121 2.1549e-13  1025.5056     5.9634    25.2528     9.2433    281.739   10.06787  306.87210     91.810 0.0000e+00
   40.15750  -72.17244     54.849     54.421     5.9682    32.0843 -9.990e-29    -0.0121 2.1549e-13  1025.5066     5.9638    25.2536     9.2442    281.765   10.06778  306.86916     91.819 0.0000e+00
   40.15750  -72.17244     54.889     54.460     5.9689    32.0861 -9.990e-29    -0.0121 2.1549e-13  1025.5086     5.9645    25.2550     9.2451    281.792   10.06764  306.86482     91.829 0.0000e+00
   40.15750  -72.17244     54.930     54.501     5.9698    32.0881 -9.990e-29    -0.0121 2.1549e-13  1025.5101     5.9654    25.2564     9.2451    281.792   10.06753  306.86142     91.830 0.0000e+00
   40.15750  -72.17244     54.955     54.526     5.9706    32.0897 -9.990e-29    -0.0121 2.1549e-13  1025.5119     5.9662    25.2576     9.2451    281.793   10.06747  306.85917     91.831 0.0000e+00
   40.15750  -72.17244     54.981     54.552     5.9720    32.0906 -9.990e-29    -0.0121 2.1549e-13  1025.5124     5.9676    25.2582     9.2385    281.593   10.06736  306.85592     91.767 0.0000e+00
   40.15750  -72.17244     55.042     54.612     5.9732    32.0911 -9.990e-29    -0.0121 2.1549e-13  1025.5126     5.9688    25.2585     9.2376    281.566   10.06723  306.85180     91.760 0.0000e+00
   40.15750  -72.17244     55.053     54.623     5.9739    32.0916 -9.990e-29    -0.0121 2.1549e-13  1025.5129     5.9695    25.2587     9.2434    281.741   10.06710  306.84772     91.818 0.0000e+00
   40.15750  -72.17244     55.097     54.667     5.9748    32.0923 -9.990e-29    -0.0121 2.1549e-13  1025.5133     5.9704    25.2591     9.2437    281.750   10.06704  306.84584     91.821 0.0000e+00
   40.15750  -72.17244     55.135     54.704     5.9761    32.0932 -9.990e-29    -0.0121 2.1549e-13  1025.5145     5.9717    25.2597     9.2375    281.560   10.06698  306.84390     91.760 0.0000e+00
   40.15750  -72.17244     55.165     54.734     5.9777    32.0941 -9.990e-29    -0.0121 2.1549e-13  1025.5153     5.9732    25.2603     9.2434    281.741   10.06686  306.84005     91.820 0.0000e+00
   40.15750  -72.17244     55.186     54.755     5.9787    32.0944 -9.990e-29    -0.0255 2.1549e-13  1025.5156     5.9743    25.2603     9.2439    281.755   10.06676  306.83658     91.826 0.0000e+00
   40.15750  -72.17244     55.226     54.795     5.9798    32.0942 -9.990e-29    -0.0255 2.1549e-13  1025.5150     5.9754    25.2601     9.2443    281.768   10.06662  306.83242     91.831 0.0000e+00
   40.15750  -72.17244     55.241     54.810     5.9806    32.0941 -9.990e-29    -0.0255 2.1549e-13  1025.5149     5.9762    25.2599     9.2448    281.783   10.06653  306.82943     91.837 0.0000e+00
   40.15750  -72.17244     55.298     54.866     5.9812    32.0942 -9.990e-29    -0.0255 2.1549e-13  1025.5154     5.9768    25.2599     9.2454    281.800   10.06641  306.82576     91.844 0.0000e+00
   40.15750  -72.17244     55.318     54.886     5.9822    32.0943 -9.990e-29    -0.0255 2.1549e-13  1025.5152     5.9778    25.2600     9.2460    281.821   10.06641  306.82567     91.851 0.0000e+00
   40.15750  -72.17244     55.339     54.907     5.9825    32.0948 -9.990e-29    -0.0255 2.1549e-13  1025.5157     5.9780    25.2602     9.2402    281.643   10.06640  306.82565     91.792 0.0000e+00
   40.15750  -72.17244     55.374     54.941     5.9827    32.0954 -9.990e-29    -0.0255 2.1549e-13  1025.5167     5.9782    25.2607     9.2400    281.638   10.06641  306.82601     91.791 0.0000e+00
   40.15750  -72.17244     55.400     54.967     5.9834    32.0958 -9.990e-29    -0.0255 2.1549e-13  1025.5168     5.9789    25.2609     9.2465    281.835   10.06639  306.82525     91.855 0.0000e+00
   40.15750  -72.17244     55.421     54.988     5.9834    32.0959 -9.990e-29    -0.0255 2.1549e-13  1025.5170     5.9790    25.2610     9.2408    281.660   10.06626  306.82130     91.799 0.0000e+00
   40.15750  -72.17244     55.435     55.002     5.9835    32.0958 -9.990e-29    -0.0255 2.1549e-13  1025.5170     5.9791    25.2609     9.2396    281.625   10.06615  306.81774     91.789 0.0000e+00
   40.15750  -72.17244     55.472     55.039     5.9836    32.0957 -9.990e-29    -0.0255 2.1549e-13  1025.5169     5.9792    25.2608     9.2386    281.593   10.06606  306.81495     91.779 0.0000e+00
   40.15750  -72.17244     55.523     55.089     5.9836    32.0956 -9.990e-29    -0.0255 2.1549e-13  1025.5172     5.9792    25.2608     9.2385    281.592   10.06595  306.81134     91.780 0.0000e+00
   40.15750  -72.17244     55.553     55.119     5.9836    32.0956 -9.990e-29    -0.0255 2.1549e-13  1025.5172     5.9792    25.2608     9.2451    281.792   10.06569  306.80314     91.848 0.0000e+00
   40.15750  -72.17244     55.599     55.165     5.9839    32.0957 -9.990e-29    -0.0255 2.1549e-13  1025.5175     5.9795    25.2609     9.2383    281.585   10.06532  306.79116     91.784 -9.990e-29
   40.15750  -72.17244     55.584     55.150     5.9840    32.0959 -9.990e-29    -0.0255 2.1549e-13  1025.5177     5.9795    25.2610     9.2382    281.579   10.06486  306.77651     91.786 -9.990e-29
   40.15750  -72.17244     55.574     55.140     5.9843    32.0961 -9.990e-29    -0.0255 2.1549e-13  1025.5177     5.9798    25.2610     9.2381    281.577   10.06444  306.76366     91.790 -9.990e-29
   40.15750  -72.17244     55.557     55.124     5.9841    32.0961 -9.990e-29    -0.0255 2.1549e-13  1025.5178     5.9797    25.2610     9.2373    281.552   10.06425  306.75805     91.783 -9.990e-29
   40.15750  -72.17244     55.553     55.119     5.9845    32.0959 -9.990e-29    -0.0255 2.1549e-13  1025.5173     5.9800    25.2609     9.2367    281.533   10.06418  306.75621     91.778 -9.990e-29
   40.15750  -72.17244     55.544     55.110     5.9845    32.0958 -9.990e-29    -0.0255 2.1549e-13  1025.5172     5.9800    25.2608     9.2360    281.512   10.06401  306.75122     91.772 -9.990e-29
   40.15750  -72.17244     55.553     55.119     5.9845    32.0960 -9.990e-29    -0.0255 2.1549e-13  1025.5174     5.9800    25.2610     9.2353    281.493   10.06386  306.74664     91.767 -9.990e-29
   40.15750  -72.17244     55.578     55.144     5.9846    32.0964 -9.990e-29    -0.0255 2.1549e-13  1025.5179     5.9802    25.2613     9.2348    281.477   10.06378  306.74405     91.763 0.0000e+00
   40.15750  -72.17244     55.584     55.150     5.9846    32.0968 -9.990e-29    -0.0255 2.1549e-13  1025.5184     5.9802    25.2615     9.2342    281.460   10.06359  306.73830     91.759 0.0000e+00
   40.15750  -72.17244     55.615     55.181     5.9848    32.0969 -9.990e-29    -0.0255 2.1549e-13  1025.5185     5.9803    25.2616     9.2348    281.478   10.06348  306.73484     91.766 -9.990e-29
   40.15750  -72.17244     55.609     55.174     5.9852    32.0970 -9.990e-29    -0.0255 2.1549e-13  1025.5181     5.9808    25.2616     9.2355    281.496   10.06331  306.72916     91.774 -9.990e-29
   40.15750  -72.17244     55.604     55.170     5.9851    32.0973 -9.990e-29    -0.0121 2.1549e-13  1025.5188     5.9806    25.2619     9.2296    281.317   10.06316  306.72421     91.717 -9.990e-29
   40.15750  -72.17244     55.615     55.181     5.9851    32.0977 -9.990e-29     0.0013 2.1549e-13  1025.5190     5.9806    25.2622     9.2360    281.511   10.06295  306.71767     91.782 0.0000e+00
   40.15750  -72.17244     55.635     55.200     5.9851    32.0981 -9.990e-29     0.0013 2.1549e-13  1025.5195     5.9806    25.2625     9.2360    281.512   10.06295  306.71760     91.782 0.0000e+00
   40.15752  -72.17244     55.639     55.204     5.9854    32.0985 -9.990e-29     0.0013 2.1549e-13  1025.5197     5.9810    25.2628     9.2360    281.512   10.06288  306.71571     91.783 0.0000e+00
   40.15752  -72.17244     55.667     55.232     5.9854    32.0990 -9.990e-29     0.0013 2.1549e-13  1025.5202     5.9810    25.2632     9.2360    281.513   10.06281  306.71351     91.784 0.0000e+00
   40.15752  -72.17244     55.697     55.262     5.9859    32.0997 -9.990e-29     0.0013 2.1549e-13  1025.5211     5.9814    25.2638     9.2362    281.518   10.06284  306.71440     91.785 0.0000e+00
   40.15752  -72.17244     55.701     55.266     5.9861    32.1002 -9.990e-29     0.0013 2.1549e-13  1025.5216     5.9816    25.2641     9.2364    281.525   10.06287  306.71526     91.787 0.0000e+00
   40.15752  -72.17244     55.718     55.283     5.9867    32.1004 -9.990e-29     0.0013 2.1549e-13  1025.5214     5.9822    25.2641     9.2433    281.734   10.06289  306.71589     91.855 0.0000e+00
   40.15752  -72.17244     55.727     55.292     5.9867    32.1006 -9.990e-29     0.0013 2.1549e-13  1025.5216     5.9822    25.2643     9.2380    281.573   10.06293  306.71696     91.802 0.0000e+00
   40.15752  -72.17244     55.731     55.296     5.9870    32.1008 -9.990e-29     0.0013 2.1549e-13  1025.5219     5.9826    25.2644     9.2449    281.782   10.06296  306.71807     91.870 -9.990e-29
   40.15752  -72.17244     55.727     55.292     5.9874    32.1009 -9.990e-29     0.0013 2.1549e-13  1025.5216     5.9829    25.2645     9.2397    281.625   10.06309  306.72199     91.818 -9.990e-29
   40.15752  -72.17244     55.737     55.302     5.9874    32.1011 -9.990e-29     0.0013 2.1549e-13  1025.5221     5.9829    25.2647     9.2400    281.634   10.06310  306.72196     91.821 0.0000e+00
   40.15752  -72.17244     55.748     55.313     5.9878    32.1016 -9.990e-29     0.0013 2.1549e-13  1025.5222     5.9834    25.2649     9.2393    281.613   10.06310  306.72201     91.814 0.0000e+00
   40.15752  -72.17244     55.772     55.336     5.9880    32.1022 -9.990e-29     0.0013 2.1549e-13  1025.5229     5.9835    25.2654     9.2398    281.627   10.06321  306.72514     91.817 0.0000e+00
   40.15752  -72.17244     55.809     55.373     5.9882    32.1028 -9.990e-29     0.0013 2.1549e-13  1025.5236     5.9837    25.2659     9.2469    281.843   10.06329  306.72764     91.887 0.0000e+00
   40.15752  -72.17244     55.820     55.384     5.9886    32.1035 -9.990e-29     0.0013 2.1549e-13  1025.5241     5.9841    25.2664     9.2482    281.885   10.06327  306.72716     91.901 0.0000e+00
   40.15752  -72.17244     55.864     55.428     5.9888    32.1042 -9.990e-29     0.0013 2.1549e-13  1025.5249     5.9843    25.2668     9.2496    281.926   10.06321  306.72535     91.915 0.0000e+00
   40.15752  -72.17244     55.890     55.454     5.9889    32.1048 -9.990e-29     0.0013 2.1549e-13  1025.5255     5.9845    25.2673     9.2511    281.972   10.06328  306.72751     91.929 -9.990e-29
   40.15752  -72.17244     55.890     55.454     5.9893    32.1053 -9.990e-29     0.0013 2.1549e-13  1025.5257     5.9848    25.2677     9.2525    282.014   10.06328  306.72738     91.943 -9.990e-29
   40.15752  -72.17244     55.936     55.499     5.9896    32.1059 -9.990e-29     0.0013 2.1549e-13  1025.5265     5.9851    25.2682     9.2462    281.824   10.06331  306.72824     91.881 0.0000e+00
   40.15752  -72.17244     55.941     55.505     5.9899    32.1066 -9.990e-29     0.0013 2.1549e-13  1025.5272     5.9854    25.2686     9.2457    281.807   10.06339  306.73053     91.874 0.0000e+00
   40.15752  -72.17244     55.962     55.525     5.9901    32.1070 -9.990e-29     0.0013 2.1549e-13  1025.5274     5.9856    25.2690     9.2527    282.020   10.06342  306.73126     91.944 0.0000e+00
   40.15752  -72.17244     55.987     55.550     5.9903    32.1075 -9.990e-29     0.0013 2.1549e-13  1025.5278     5.9858    25.2694     9.2541    282.065   10.06347  306.73260     91.958 0.0000e+00
   40.15752  -72.17244     56.004     55.566     5.9906    32.1082 -9.990e-29     0.0013 2.1549e-13  1025.5283     5.9861    25.2698     9.2545    282.075   10.06348  306.73293     91.961 0.0000e+00
   40.15752  -72.17244     56.044     55.606     5.9907    32.1090 -9.990e-29     0.0013 2.1549e-13  1025.5294     5.9862    25.2705     9.2559    282.119   10.06355  306.73523     91.975 0.0000e+00
   40.15752  -72.17244     56.058     55.620     5.9911    32.1098 -9.990e-29     0.0282 2.1549e-13  1025.5300     5.9866    25.2710     9.2572    282.159   10.06351  306.73387     91.988 0.0000e+00
   40.15752  -72.17244     56.075     55.637     5.9914    32.1102 -9.990e-29     0.0282 2.1549e-13  1025.5303     5.9869    25.2713     9.2521    282.002   10.06360  306.73660     91.936 0.0000e+00
   40.15752  -72.17244     56.106     55.668     5.9917    32.1105 -9.990e-29     0.0282 2.1549e-13  1025.5309     5.9872    25.2715     9.2590    282.213   10.06355  306.73507     92.005 0.0000e+00
   40.15752  -72.17244     56.120     55.681     5.9918    32.1103 -9.990e-29     0.0282 2.1549e-13  1025.5306     5.9873    25.2713     9.2605    282.258   10.06363  306.73733     92.019 0.0000e+00
   40.15752  -72.17244     56.157     55.718     5.9921    32.1099 -9.990e-29     0.0282 2.1549e-13  1025.5300     5.9876    25.2709     9.2619    282.301   10.06367  306.73873     92.033 0.0000e+00
   40.15752  -72.17244     56.187     55.748     5.9920    32.1098 -9.990e-29     0.0282 2.1549e-13  1025.5303     5.9875    25.2708     9.2623    282.312   10.06367  306.73888     92.037 0.0000e+00
   40.15752  -72.17244     56.211     55.772     5.9921    32.1100 -9.990e-29     0.0282 2.1549e-13  1025.5304     5.9876    25.2710     9.2560    282.120   10.06368  306.73905     91.974 0.0000e+00
   40.15752  -72.17244     56.259     55.820     5.9924    32.1105 -9.990e-29     0.0282 2.1458e-13  1025.5314     5.9879    25.2714     9.2628    282.330   10.06363  306.73768     92.043 0.0000e+00
   40.15752  -72.17244     56.273     55.833     5.9928    32.1110 -9.990e-29     0.0282 2.1549e-13  1025.5315     5.9883    25.2718     9.2632    282.341   10.06369  306.73964     92.046 0.0000e+00
   40.15752  -72.17244     56.310     55.870     5.9930    32.1116 -9.990e-29     0.0282 2.1549e-13  1025.5322     5.9885    25.2722     9.2635    282.351   10.06379  306.74275     92.048 0.0000e+00
