CalculateIndicators/WaterTemperature/Data/CTD_NYOS/20240708_C02.cnv
* Sea-Bird SBE 9 Data File:
* FileName = C:\Seabird 9 CTD\Data\2024\202407_offshore\20240708_C02.hex
* Software Version Seasave V 7.23.2
* Temperature SN = 4590
* Conductivity SN = 3228
* Number of Bytes Per Scan = 44
* Number of Voltage Words = 5
* Number of Scans Averaged by the Deck Unit = 1
* NMEA Latitude = 40 25.60 N
* NMEA Longitude = 073 50.29 W
* NMEA UTC (Time) = Jul 08 2024  07:44:42
* NMEA baud rate = 4800
** Ship: seawolf
** Station: HR1
** Operator: TDK
# nquan = 18
# nvalues = 11678                       
# units = specified
# name 0 = latitude: Latitude [deg]
# name 1 = longitude: Longitude [deg]
# name 2 = prDM: Pressure, Digiquartz [db]
# name 3 = depSM: Depth [salt water, m]
# name 4 = t090C: Temperature [ITS-90, deg C]
# name 5 = sal00: Salinity, Practical [PSU]
# name 6 = ph: pH
# name 7 = flECO-AFL: Fluorescence, WET Labs ECO-AFL/FL [mg/m^3]
# name 8 = cpar: CPAR/Corrected Irradiance [%]
# name 9 = density00: Density [density, kg/m^3]
# name 10 = potemp090C: Potential Temperature [ITS-90, deg C]
# name 11 = sigma-é00: Density [sigma-theta, kg/m^3]
# name 12 = sbeox0Mg/L: Oxygen, SBE 43 [mg/l]
# name 13 = sbox0Mm/Kg: Oxygen, SBE 43 [umol/kg]
# name 14 = oxsolMg/L: Oxygen Saturation, Garcia & Gordon [mg/l]
# name 15 = oxsolMm/Kg: Oxygen Saturation, Garcia & Gordon [umol/kg]
# name 16 = sbeox0PS: Oxygen, SBE 43 [% saturation]
# name 17 = flag:  0.000e+00
# span 0 =   40.42642,   40.42676       
# span 1 =  -73.83860,  -73.83822       
# span 2 =      1.106,     21.658       
# span 3 =      1.098,     21.490       
# span 4 =     9.8323,    20.4474       
# span 5 =    29.3158,    31.4262       
# span 6 =      7.722,      8.062       
# span 7 =     1.4519,     3.3860       
# span 8 = 2.5320e-11, 9.9999e+04       
# span 9 =  1020.3198,  1024.0586       
# span 10 =     9.8300,    20.4470      
# span 11 =    20.3166,    23.9574      
# span 12 =     5.5600,     9.4841      
# span 13 =    169.759,    289.680      
# span 14 =    7.58257,    9.28658      
# span 15 =  232.22669,  283.42505      
# span 16 =     61.316,    112.596      
# span 17 = 0.0000e+00, 0.0000e+00      
# interval = seconds: 0.0416667
# start_time = Jul 08 2024 07:44:44 [System UTC, first data scan.]
# bad_flag = -9.990e-29
*END*
[from data line 6593]
   40.42654  -73.83850     10.200     10.121    15.1949    30.5960      7.801     2.9159 2.5320e-11  1022.5820    15.1934    22.5382     8.7407    267.136    8.32103  254.31090    105.043 -9.990e-29
   40.42654  -73.83850     10.185     10.106    15.1870    30.6070      7.801     2.9024 2.5320e-11  1022.5908    15.1855    22.5482     8.7470    267.333    8.32459  254.42361    105.074 -9.990e-29
   40.42654  -73.83850     10.185     10.106    15.1800    30.6225      7.801     2.9159 2.5320e-11  1022.6069    15.1785    22.5613     8.7495    267.409    8.32863  254.54547    105.054 -9.990e-29
   40.42654  -73.83850     10.195     10.116    15.1779    30.6379      7.801     2.9159 2.5320e-11  1022.6224    15.1764    22.5737     8.7502    267.426    8.33132  254.62376    105.028 -9.990e-29
   40.42654  -73.83850     10.206     10.127    15.1805    30.6379      7.806     2.9293 2.5320e-11  1022.6302    15.1790    22.5803     8.7503    267.426    8.33337  254.68401    105.003 -9.990e-29
   40.42654  -73.83850     10.206     10.127    15.1858    30.6379      7.801     2.9293 2.5320e-11  1022.6286    15.1843    22.5780     8.7508    267.442    8.33567  254.75401    104.980 -9.990e-29
   40.42654  -73.83850     10.215     10.136    15.1919    30.6321      7.801     2.9293 2.5320e-11  1022.6151    15.1904    22.5668     8.7527    267.503    8.33958  254.87694    104.954 -9.990e-29
   40.42654  -73.83850     10.236     10.157    15.1976    30.6127      7.801     2.9293 2.5320e-11  1022.5943    15.1961    22.5511     8.7573    267.646    8.34575  255.06743    104.931 -9.990e-29
   40.42654  -73.83850     10.226     10.147    15.1977    30.6040      7.801     2.9293 2.5320e-11  1022.5777    15.1962    22.5393     8.7609    267.753    8.35129  255.23395    104.905 -9.990e-29
   40.42654  -73.83850     10.241     10.162    15.1909    30.6040      7.801     2.9293 2.5320e-11  1022.5774    15.1894    22.5384     8.7636    267.834    8.35583  255.37070    104.881 -9.990e-29
   40.42654  -73.83850     10.246     10.166    15.1801    30.6040      7.806     2.9293 2.5320e-11  1022.5922    15.1786    22.5474     8.7718    268.083    8.36051  255.51231    104.920 -9.990e-29
   40.42654  -73.83850     10.266     10.187    15.1728    30.6176      7.801     2.9293 2.5320e-11  1022.6061    15.1713    22.5592     8.7698    268.019    8.36494  255.64507    104.840 -9.990e-29
   40.42654  -73.83850     10.266     10.187    15.1700    30.6295      7.801     2.9293 2.5320e-11  1022.6165    15.1685    22.5691     8.7766    268.223    8.36887  255.76317    104.872 -9.990e-29
   40.42654  -73.83850     10.276     10.196    15.1698    30.6371      7.801     2.9293 2.5320e-11  1022.6234    15.1683    22.5751     8.7842    268.454    8.37239  255.86734    104.919 -9.990e-29
   40.42654  -73.83850     10.296     10.217    15.1711    30.6371      7.806     2.9293 2.5320e-11  1022.6240    15.1696    22.5766     8.7855    268.488    8.37450  255.92674    104.908 -9.990e-29
   40.42654  -73.83850     10.296     10.217    15.1740    30.6371      7.801     2.9293 2.5320e-11  1022.6205    15.1725    22.5753     8.7809    268.342    8.37559  255.95624    104.839 -9.990e-29
   40.42654  -73.83850     10.307     10.228    15.1764    30.6369      7.801     2.9293 2.5320e-11  1022.6193    15.1749    22.5738     8.7854    268.477    8.37652  255.98214    104.881 -9.990e-29
   40.42654  -73.83850     10.317     10.237    15.1789    30.6358      7.801     2.9293 2.5320e-11  1022.6182    15.1774    22.5724     8.7802    268.317    8.37717  256.00032    104.811 -9.990e-29
   40.42654  -73.83850     10.323     10.243    15.1812    30.6347      7.806     2.9293 2.5320e-11  1022.6166    15.1797    22.5711     8.7836    268.420    8.37754  256.01052    104.847 -9.990e-29
   40.42654  -73.83850     10.338     10.258    15.1829    30.6347      7.806     2.9293 2.5320e-11  1022.6158    15.1814    22.5699     8.7836    268.418    8.37816  256.02883    104.839 -9.990e-29
   40.42654  -73.83850     10.347     10.267    15.1853    30.6347      7.806     2.9293 2.5320e-11  1022.6142    15.1838    22.5691     8.7826    268.390    8.37918  256.06096    104.815 -9.990e-29
   40.42654  -73.83850     10.347     10.267    15.1881    30.6348      7.806     2.9293 2.5320e-11  1022.6144    15.1866    22.5695     8.7882    268.562    8.38125  256.12683    104.855 -9.990e-29
   40.42654  -73.83850     10.368     10.288    15.1915    30.6384      7.806     2.9293 2.5320e-11  1022.6170    15.1900    22.5715     8.7852    268.471    8.38406  256.21201    104.785 -9.990e-29
   40.42654  -73.83850     10.368     10.288    15.1963    30.6431      7.806     2.9293 2.5320e-11  1022.6204    15.1948    22.5742     8.7860    268.494    8.38634  256.27979    104.766 -9.990e-29
   40.42654  -73.83850     10.378     10.297    15.2013    30.6434      7.806     2.9293 2.5320e-11  1022.6238    15.1998    22.5758     8.7872    268.527    8.38810  256.33193    104.758 -9.990e-29
   40.42654  -73.83850     10.383     10.303    15.2084    30.6434      7.806     2.9293 2.5320e-11  1022.6224    15.2069    22.5746     8.7884    268.567    8.39015  256.39623    104.747 -9.990e-29
   40.42654  -73.83850     10.398     10.318    15.2155    30.6434      7.806     2.9293 2.5320e-11  1022.6167    15.2140    22.5705     8.7851    268.466    8.39338  256.49502    104.667 -9.990e-29
   40.42654  -73.83850     10.387     10.307    15.2208    30.6386      7.806     2.9293 2.5320e-11  1022.6111    15.2193    22.5657     8.7869    268.521    8.39625  256.58163    104.653 -9.990e-29
   40.42654  -73.83850     10.408     10.327    15.2245    30.6344      7.806     2.8756 2.5320e-11  1022.6072    15.2230    22.5617     8.7875    268.536    8.39861  256.65136    104.631 -9.990e-29
   40.42654  -73.83850     10.398     10.318    15.2269    30.6310      7.806     2.8353 2.5320e-11  1022.6045    15.2254    22.5585     8.7923    268.680    8.39980  256.68441    104.673 -9.990e-29
   40.42654  -73.83850     10.408     10.327    15.2286    30.6279      7.806     2.8219 2.5320e-11  1022.6016    15.2271    22.5557     8.7865    268.500    8.40027  256.69637    104.598 -9.990e-29
   40.42654  -73.83850     10.408     10.327    15.2300    30.6256      7.806     2.8353 2.5320e-11  1022.5988    15.2285    22.5536     8.7850    268.455    8.40066  256.70922    104.575 -9.990e-29
   40.42654  -73.83850     10.408     10.327    15.2306    30.6256      7.806     2.8353 2.5320e-11  1022.5983    15.2290    22.5529     8.7840    268.427    8.40115  256.72741    104.557 -9.990e-29
   40.42654  -73.83850     10.402     10.322    15.2310    30.6256      7.806     2.8353 2.5320e-11  1022.5998    15.2295    22.5530     8.7792    268.283    8.40294  256.78420    104.478 -9.990e-29
   40.42654  -73.83850     10.408     10.327    15.2341    30.6258      7.806     2.8353 2.5320e-11  1022.5986    15.2326    22.5530     8.7801    268.311    8.40581  256.87175    104.453 -9.990e-29
   40.42654  -73.83850     10.408     10.327    15.2366    30.6271      7.806     2.8353 2.5320e-11  1022.5985    15.2351    22.5535     8.7806    268.322    8.40836  256.94701    104.427 -9.990e-29
   40.42654  -73.83850     10.408     10.327    15.2366    30.6286      7.806     2.8353 2.5320e-11  1022.6018    15.2351    22.5551     8.7799    268.293    8.40982  256.98563    104.400 -9.990e-29
   40.42654  -73.83850     10.398     10.318    15.2373    30.6286      7.806     2.8487 2.5320e-11  1022.6039    15.2358    22.5557     8.7783    268.239    8.41012  256.98835    104.378 -9.990e-29
   40.42654  -73.83850     10.398     10.318    15.2402    30.6286      7.806     2.8353 2.5320e-11  1022.6007    15.2387    22.5537     8.7765    268.180    8.41027  256.98961    104.355 -9.990e-29
   40.42654  -73.83850     10.387     10.307    15.2438    30.6244      7.806     2.8353 2.5320e-11  1022.5953    15.2423    22.5499     8.7752    268.144    8.41103  257.01513    104.330 -9.990e-29
   40.42654  -73.83850     10.387     10.307    15.2465    30.6227      7.806     2.8353 2.5320e-11  1022.5911    15.2450    22.5470     8.7742    268.116    8.41213  257.05162    104.304 -9.990e-29
   40.42654  -73.83850     10.372     10.292    15.2480    30.6215      7.806     2.8353 2.5320e-11  1022.5916    15.2465    22.5466     8.7741    268.112    8.41350  257.09413    104.285 -9.990e-29
   40.42654  -73.83850     10.368     10.288    15.2484    30.6215      7.806     2.8353 2.5320e-11  1022.5949    15.2469    22.5474     8.7691    267.959    8.41517  257.14457    104.205 -9.990e-29
   40.42654  -73.83850     10.357     10.277    15.2487    30.6207      7.806     2.8353 2.5320e-11  1022.5948    15.2472    22.5457     8.7687    267.946    8.41688  257.19670    104.179 -9.990e-29
   40.42654  -73.83850     10.347     10.267    15.2504    30.6131      7.806     2.8353 2.5320e-11  1022.5863    15.2489    22.5398     8.7626    267.761    8.41811  257.23464    104.092 -9.990e-29
   40.42654  -73.83850     10.338     10.258    15.2503    30.6036      7.806     2.8353 2.5320e-11  1022.5764    15.2487    22.5327     8.7617    267.731    8.41933  257.27067    104.066 -9.990e-29
   40.42654  -73.83850     10.317     10.237    15.2453    30.5953      7.806     2.8353 2.5320e-11  1022.5732    15.2438    22.5272     8.7552    267.528    8.42008  257.28941    103.980 -9.990e-29
   40.42654  -73.83850     10.308     10.228    15.2390    30.5853      7.806     2.8353 2.5320e-11  1022.5697    15.2375    22.5208     8.7527    267.446    8.42026  257.28961    103.948 -9.990e-29
   40.42654  -73.83850     10.287     10.207    15.2319    30.5701      7.806     2.8353 2.5320e-11  1022.5569    15.2303    22.5112     8.7501    267.367    8.42035  257.29226    103.916 -9.990e-29
   40.42654  -73.83850     10.272     10.192    15.2179    30.5615      7.806     2.8353 2.5320e-11  1022.5412    15.2164    22.5039     8.7468    267.269    8.41980  257.27688    103.884 -9.990e-29
   40.42652  -73.83850     10.257     10.177    15.1933    30.5615      7.806     2.8353 2.5320e-11  1022.5475    15.1918    22.5064     8.7425    267.132    8.41764  257.20504    103.860 -9.990e-29
   40.42652  -73.83850     10.236     10.157    15.1724    30.5615      7.811     2.8353 2.5320e-11  1022.5637    15.1709    22.5161     8.7308    266.766    8.41328  257.06326    103.774 -9.990e-29
   40.42652  -73.83850     10.215     10.136    15.1576    30.5615      7.806     2.8621 2.5320e-11  1022.5731    15.1561    22.5236     8.7178    266.363    8.40809  256.90036    103.683 -9.990e-29
   40.42652  -73.83850     10.195     10.116    15.1447    30.5615      7.806     2.9024 2.5320e-11  1022.5736    15.1432    22.5234     8.7125    266.215    8.40592  256.84791    103.647 -9.990e-29
   40.42652  -73.83850     10.185     10.106    15.1280    30.5484      7.807     2.9159 2.5320e-11  1022.5601    15.1266    22.5172     8.7026    265.921    8.40404  256.79913    103.552 -9.990e-29
   40.42652  -73.83850     10.165     10.086    15.0970    30.5367      7.812     2.9024 2.5320e-11  1022.5520    15.0955    22.5139     8.6993    265.830    8.40400  256.80543    103.514 -9.990e-29
   40.42652  -73.83850     10.134     10.056    15.0623    30.5367      7.807     2.9024 2.5320e-11  1022.5633    15.0608    22.5184     8.6901    265.553    8.40294  256.77874    103.417 -9.990e-29
   40.42652  -73.83850     10.114     10.036    15.0343    30.5367      7.807     2.9024 2.5320e-11  1022.5713    15.0328    22.5260     8.6945    265.681    8.40061  256.70186    103.498 -9.990e-29
   40.42652  -73.83850     10.100     10.022    15.0064    30.5381      7.812     2.9024 2.5320e-11  1022.5772    15.0049    22.5338     8.6857    265.409    8.39919  256.65339    103.411 -9.990e-29
   40.42652  -73.83850     10.064      9.986    14.9784    30.5420      7.812     2.9024 2.5320e-11  1022.5873    14.9769    22.5425     8.6727    265.016    8.39844  256.63522    103.266 -9.990e-29
   40.42652  -73.83850     10.053      9.975    14.9539    30.5486      7.812     2.9024 2.5320e-11  1022.5952    14.9524    22.5528     8.6671    264.844    8.39643  256.57172    103.224 -9.990e-29
   40.42652  -73.83850     10.033      9.955    14.9296    30.5601      7.812     2.9024 2.5320e-11  1022.6086    14.9282    22.5665     8.6565    264.509    8.39366  256.47849    103.131 -9.990e-29
   40.42652  -73.83850     10.013      9.936    14.9107    30.5761      7.807     2.9024 2.5320e-11  1022.6286    14.9093    22.5826     8.6507    264.328    8.39050  256.37635    103.101 -9.990e-29
   40.42652  -73.83850      9.983      9.906    14.8991    30.5917      7.812     2.9024 2.5320e-11  1022.6439    14.8976    22.5974     8.6398    263.994    8.38710  256.27179    103.013 -9.990e-29
   40.42652  -73.83850      9.951      9.875    14.8901    30.6033      7.812     2.9024 2.5320e-11  1022.6543    14.8887    22.6083     8.6333    263.796    8.38376  256.17136    102.976 -9.990e-29
   40.42652  -73.83850      9.902      9.825    14.8841    30.6110      7.812     2.9024 2.5320e-11  1022.6608    14.8827    22.6155     8.6268    263.595    8.37965  256.04448    102.949 -9.990e-29
   40.42652  -73.83850      9.881      9.805    14.8804    30.6110      7.812     2.9024 2.5320e-11  1022.6651    14.8790    22.6201     8.6143    263.210    8.37499  255.89907    102.857 -9.990e-29
   40.42652  -73.83850      9.840      9.764    14.8759    30.6110      7.812     2.9024 2.5320e-11  1022.6680    14.8745    22.6214     8.6032    262.875    8.37139  255.79327    102.769 -9.990e-29
   40.42652  -73.83850      9.830      9.754    14.8718    30.6106      7.812     2.9024 2.5320e-11  1022.6639    14.8704    22.6183     8.5955    262.639    8.36638  255.63769    102.739 -9.990e-29
   40.42652  -73.83850      9.800      9.724    14.8643    30.6028      7.812     2.9024 2.5320e-11  1022.6533    14.8629    22.6142     8.5813    262.197    8.35962  255.42395    102.652 -9.990e-29
   40.42652  -73.83850      9.780      9.704    14.8481    30.6021      7.812     2.9024 2.5320e-11  1022.6557    14.8466    22.6146     8.5722    261.922    8.35266  255.21234    102.629 -9.990e-29
   40.42652  -73.83850      9.745      9.670    14.8330    30.6015      7.812     2.9024 2.5320e-11  1022.6627    14.8316    22.6190     8.5637    261.668    8.34641  255.02761    102.604 -9.990e-29
   40.42652  -73.83850      9.729      9.654    14.8209    30.5996      7.812     2.9024 2.5320e-11  1022.6693    14.8195    22.6220     8.5565    261.454    8.34103  254.87014    102.583 0.0000e+00
   40.42652  -73.83850      9.709      9.634    14.8118    30.5981      7.813     2.9024 2.5320e-11  1022.6634    14.8104    22.6216     8.5454    261.122    8.33650  254.73832    102.506 0.0000e+00
   40.42652  -73.83850      9.678      9.603    14.7947    30.5981      7.813     2.9024 2.5320e-11  1022.6619    14.7933    22.6217     8.5354    260.824    8.33314  254.64362    102.427 0.0000e+00
   40.42652  -73.83850      9.668      9.593    14.7772    30.5981      7.813     2.9024 2.5320e-11  1022.6668    14.7758    22.6262     8.5316    260.719    8.33161  254.60783    102.400 0.0000e+00
   40.42652  -73.83850      9.638      9.563    14.7607    30.6028      7.813     2.9024 2.5320e-11  1022.6766    14.7593    22.6349     8.5292    260.655    8.33104  254.59955    102.379 0.0000e+00
   40.42652  -73.83850      9.617      9.543    14.7495    30.6126      7.813     2.9024 2.5320e-11  1022.6894    14.7481    22.6447     8.5208    260.396    8.32920  254.54025    102.301 0.0000e+00
   40.42652  -73.83850      9.597      9.523    14.7436    30.6126      7.813     2.8890 2.5320e-11  1022.6986    14.7422    22.6507     8.5172    260.277    8.32664  254.45469    102.288 0.0000e+00
   40.42652  -73.83850      9.577      9.503    14.7427    30.6126      7.813     2.8890 2.5320e-11  1022.6950    14.7414    22.6487     8.5136    260.169    8.32434  254.38532    102.274 0.0000e+00
