CalculateIndicators/WaterTemperature/Data/CTD_NYOS/20240914_C29.cnv
* Sea-Bird SBE 9 Data File:
* FileName = C:\Seabird 9 CTD\Data\2024\202409_offshore\20240914_C29.hex
* Software Version Seasave V 7.23.2
* Temperature SN = 4590
* Conductivity SN = 3228
* Number of Bytes Per Scan = 44
* Number of Voltage Words = 5
* Number of Scans Averaged by the Deck Unit = 1
* NMEA Latitude = 39 44.23 N
* NMEA Longitude = 071 24.96 W
* NMEA UTC (Time) = Sep 14 2024  20:16:58
* NMEA baud rate = 4800
** Ship: Seawolf
** Station: 11.7a
** Operator: TDK
# nquan = 18
# nvalues = 20410                       
# units = specified
# name 0 = latitude: Latitude [deg]
# name 1 = longitude: Longitude [deg]
# name 2 = prDM: Pressure, Digiquartz [db]
# name 3 = depSM: Depth [salt water, m]
# name 4 = t090C: Temperature [ITS-90, deg C]
# name 5 = sal00: Salinity, Practical [PSU]
# name 6 = ph: pH
# name 7 = flECO-AFL: Fluorescence, WET Labs ECO-AFL/FL [mg/m^3]
# name 8 = cpar: CPAR/Corrected Irradiance [%]
# name 9 = density00: Density [density, kg/m^3]
# name 10 = potemp090C: Potential Temperature [ITS-90, deg C]
# name 11 = sigma-é00: Density [sigma-theta, kg/m^3]
# name 12 = sbeox0Mg/L: Oxygen, SBE 43 [mg/l]
# name 13 = sbox0Mm/Kg: Oxygen, SBE 43 [umol/kg]
# name 14 = oxsolMg/L: Oxygen Saturation, Garcia & Gordon [mg/l]
# name 15 = oxsolMm/Kg: Oxygen Saturation, Garcia & Gordon [umol/kg]
# name 16 = sbeox0PS: Oxygen, SBE 43 [% saturation]
# name 17 = flag:  0.000e+00
# span 0 =   39.73716,   39.73908       
# span 1 =  -71.42058,  -71.41616       
# span 2 =      1.858,    101.233       
# span 3 =      1.844,    100.435       
# span 4 =    12.7861,    24.4313       
# span 5 =    33.7411,    35.2654       
# span 6 =      8.032,      8.251       
# span 7 =    -0.0792,     0.8341       
# span 8 = 1.0607e-02, 1.7316e+01       
# span 9 =  1022.8098,  1026.9887       
# span 10 =    12.7748,    24.4305      
# span 11 =    22.7998,    26.5429      
# span 12 =     6.0913,     8.9839      
# span 13 =    185.494,    273.814      
# span 14 =    6.87411,    8.52997      
# span 15 =  210.02982,  259.83651      
# span 16 =     73.530,    112.522      
# span 17 = 0.0000e+00, 0.0000e+00      
# interval = seconds: 0.0416667
# start_time = Sep 14 2024 20:16:59 [System UTC, first data scan.]
# bad_flag = -9.990e-29
*END*
   39.73716 -9.990e-29      2.458      2.439    24.4299    34.0594      8.245    -0.0255 1.6150e+01  1022.8126    24.4294    22.8020     6.6553    203.344    6.87428  210.03506     96.814 -9.990e-29
   39.73716 -9.990e-29      2.448      2.430    24.4301    34.0592      8.245    -0.0255 1.6270e+01  1022.8122    24.4295    22.8018     6.6553    203.345    6.87430  210.03552     96.814 -9.990e-29
   39.73716 -9.990e-29      2.428      2.409    24.4301    34.0591      8.245    -0.0255 1.6408e+01  1022.8122    24.4296    22.8018     6.6553    203.343    6.87426  210.03454     96.814 -9.990e-29
   39.73716 -9.990e-29      2.417      2.398    24.4303    34.0591      8.245    -0.0255 1.6640e+01  1022.8121    24.4297    22.8018     6.6552    203.342    6.87427  210.03469     96.814 -9.990e-29
   39.73716 -9.990e-29      2.407      2.389    24.4303    34.0592      8.245    -0.0255 1.6734e+01  1022.8121    24.4297    22.8019     6.6591    203.462    6.87428  210.03492     96.870 -9.990e-29
   39.73716 -9.990e-29      2.398      2.379    24.4301    34.0592      8.245    -0.0255 1.6734e+01  1022.8122    24.4296    22.8019     6.6553    203.344    6.87428  210.03518     96.814 -9.990e-29
   39.73716 -9.990e-29      2.377      2.359    24.4304    34.0592      8.245    -0.0255 1.6763e+01  1022.8119    24.4299    22.8019     6.6552    203.341    6.87437  210.03827     96.812 -9.990e-29
   39.73716 -9.990e-29      2.356      2.338    24.4303    34.0592      8.245    -0.0255 1.6763e+01  1022.8119    24.4298    22.8019     6.6589    203.456    6.87434  210.03715     96.867 -9.990e-29
   39.73716 -9.990e-29      2.347      2.329    24.4303    34.0592      8.245    -0.0255 1.6716e+01  1022.8118    24.4298    22.8019     6.6592    203.464    6.87428  210.03514     96.871 -9.990e-29
   39.73716 -9.990e-29      2.336      2.318    24.4301    34.0592      8.245    -0.0255 1.6437e+01  1022.8119    24.4296    22.8019     6.6595    203.472    6.87425  210.03428     96.875 -9.990e-29
   39.73716 -9.990e-29      2.337      2.319    24.4301    34.0591      8.245    -0.0255 1.6344e+01  1022.8117    24.4296    22.8018     6.6594    203.471    6.87427  210.03467     96.875 -9.990e-29
   39.73716 -9.990e-29      2.317      2.299    24.4299    34.0590      8.245    -0.0255 1.6327e+01  1022.8117    24.4294    22.8017     6.6596    203.477    6.87426  210.03460     96.878 -9.990e-29
   39.73716 -9.990e-29      2.296      2.278    24.4303    34.0590      8.245    -0.0255 1.6190e+01  1022.8114    24.4298    22.8017     6.6598    203.481    6.87424  210.03375     96.880 -9.990e-29
   39.73716 -9.990e-29      2.296      2.278    24.4300    34.0590      8.245    -0.0255 1.6099e+01  1022.8116    24.4295    22.8017     6.6599    203.485    6.87425  210.03428     96.882 -9.990e-29
   39.73716 -9.990e-29      2.286      2.269    24.4303    34.0589      8.245    -0.0255 1.6054e+01  1022.8113    24.4298    22.8016     6.6600    203.488    6.87425  210.03420     96.883 -9.990e-29
   39.73716 -9.990e-29      2.277      2.259    24.4299    34.0589      8.245    -0.0255 1.5919e+01  1022.8114    24.4294    22.8016     6.6600    203.489    6.87425  210.03429     96.884 -9.990e-29
   39.73716 -9.990e-29      2.266      2.248    24.4301    34.0588      8.245    -0.0255 1.5785e+01  1022.8113    24.4296    22.8016     6.6601    203.490    6.87426  210.03443     96.884 -9.990e-29
   39.73716 -9.990e-29      2.266      2.249    24.4301    34.0588      8.245    -0.0255 1.5813e+01  1022.8110    24.4296    22.8016     6.6600    203.489    6.87424  210.03374     96.884 -9.990e-29
   39.73716 -9.990e-29      2.245      2.228    24.4297    34.0589      8.245    -0.0255 1.5903e+01  1022.8115    24.4292    22.8018     6.6600    203.489    6.87428  210.03520     96.883 -9.990e-29
   39.73722  -71.41616      2.236      2.219    24.4299    34.0591      8.245    -0.0255 1.5947e+01  1022.8114    24.4294    22.8020     6.6599    203.485    6.87428  210.03500     96.882 -9.990e-29
   39.73722  -71.41616      2.226      2.209    24.4297    34.0592      8.245    -0.0255 1.5992e+01  1022.8115    24.4292    22.8020     6.6598    203.481    6.87425  210.03419     96.880 -9.990e-29
   39.73722  -71.41616      2.225      2.208    24.4299    34.0592      8.245    -0.0255 1.5725e+01  1022.8114    24.4294    22.8020     6.6596    203.477    6.87428  210.03497     96.878 -9.990e-29
   39.73722  -71.41616      2.225      2.208    24.4295    34.0592      8.245    -0.0255 1.5505e+01  1022.8116    24.4291    22.8020     6.6594    203.469    6.87424  210.03380     96.875 -9.990e-29
   39.73722  -71.41616      2.215      2.198    24.4299    34.0591      8.245    -0.0255 1.5418e+01  1022.8111    24.4294    22.8019     6.6592    203.463    6.87426  210.03433     96.871 -9.990e-29
   39.73722  -71.41616      2.205      2.189    24.4297    34.0591      8.245    -0.0255 1.5102e+01  1022.8114    24.4292    22.8019     6.6589    203.455    6.87427  210.03463     96.867 -9.990e-29
   39.73722  -71.41616      2.216      2.199    24.4297    34.0591      8.245    -0.0255 1.4560e+01  1022.8113    24.4292    22.8019     6.6586    203.445    6.87424  210.03393     96.863 -9.990e-29
   39.73722  -71.41616      2.215      2.198    24.4298    34.0590      8.245    -0.0255 1.4437e+01  1022.8113    24.4293    22.8018     6.6582    203.434    6.87423  210.03369     96.858 -9.990e-29
   39.73722  -71.41616      2.225      2.208    24.4297    34.0590      8.245    -0.0255 1.4236e+01  1022.8111    24.4292    22.8017     6.6579    203.423    6.87424  210.03399     96.853 -9.990e-29
   39.73722  -71.41616      2.225      2.208    24.4295    34.0590      8.245    -0.0255 1.3880e+01  1022.8113    24.4291    22.8019     6.6534    203.288    6.87423  210.03339     96.788 -9.990e-29
   39.73722  -71.41616      2.236      2.219    24.4295    34.0591      8.245    -0.0255 1.3763e+01  1022.8116    24.4291    22.8019     6.6567    203.388    6.87422  210.03316     96.836 0.0000e+00
   39.73722  -71.41616      2.247      2.229    24.4297    34.0590      8.245    -0.0255 1.3880e+01  1022.8112    24.4292    22.8019     6.6523    203.252    6.87423  210.03346     96.771 -9.990e-29
   39.73722  -71.41616      2.245      2.228    24.4295    34.0590      8.245    -0.0255 1.4196e+01  1022.8114    24.4291    22.8019     6.6518    203.237    6.87422  210.03321     96.764 -9.990e-29
   39.73722  -71.41616      2.256      2.239    24.4295    34.0590      8.245    -0.0255 1.4316e+01  1022.8116    24.4291    22.8019     6.6513    203.222    6.87423  210.03360     96.757 0.0000e+00
   39.73722  -71.41616      2.275      2.258    24.4295    34.0591      8.245    -0.0255 1.4478e+01  1022.8114    24.4291    22.8019     6.6505    203.198    6.87423  210.03371     96.745 0.0000e+00
   39.73722  -71.41616      2.286      2.269    24.4294    34.0593      8.245    -0.0255 1.5273e+01  1022.8121    24.4289    22.8021     6.6500    203.183    6.87426  210.03443     96.738 -9.990e-29
   39.73722  -71.41616      2.286      2.269    24.4294    34.0593      8.245    -0.0255 1.5708e+01  1022.8119    24.4289    22.8021     6.6498    203.175    6.87424  210.03404     96.734 -9.990e-29
   39.73722  -71.41616      2.317      2.299    24.4294    34.0591      8.245    -0.0255 1.5781e+01  1022.8118    24.4289    22.8020     6.6492    203.158    6.87423  210.03366     96.726 -9.990e-29
   39.73722  -71.41616      2.317      2.299    24.4295    34.0590      8.245    -0.0255 1.6231e+01  1022.8117    24.4291    22.8019     6.6489    203.150    6.87423  210.03351     96.723 -9.990e-29
   39.73722  -71.41616      2.326      2.309    24.4294    34.0591      8.245    -0.0255 1.6461e+01  1022.8118    24.4289    22.8020     6.6444    203.012    6.87424  210.03388     96.657 0.0000e+00
   39.73722  -71.41616      2.336      2.318    24.4294    34.0593      8.245    -0.0255 1.6507e+01  1022.8123    24.4289    22.8021     6.6439    202.995    6.87425  210.03419     96.649 0.0000e+00
   39.73722  -71.41616      2.347      2.329    24.4296    34.0593      8.245    -0.0255 1.6930e+01  1022.8121    24.4291    22.8021     6.6433    202.979    6.87424  210.03387     96.641 0.0000e+00
   39.73722  -71.41616      2.357      2.339    24.4295    34.0592      8.245    -0.0255 1.7267e+01  1022.8120    24.4290    22.8021     6.6386    202.833    6.87425  210.03412     96.571 -9.990e-29
   39.73722  -71.41616      2.357      2.339    24.4294    34.0592      8.245    -0.0255 1.7316e+01  1022.8121    24.4289    22.8021     6.6418    202.931    6.87424  210.03396     96.618 -9.990e-29
   39.73722  -71.41616      2.368      2.349    24.4295    34.0591      8.245    -0.0255 1.7316e+01  1022.8121    24.4290    22.8020     6.6373    202.794    6.87424  210.03394     96.553 -9.990e-29
   39.73722  -71.41616      2.368      2.349    24.4299    34.0591      8.245    -0.0255 1.7267e+01  1022.8118    24.4294    22.8019     6.6365    202.771    6.87425  210.03411     96.542 -9.990e-29
   39.73722  -71.41616      2.368      2.349    24.4297    34.0592      8.245    -0.0255 1.7267e+01  1022.8120    24.4292    22.8020     6.6358    202.749    6.87426  210.03433     96.531 -9.990e-29
   39.73722  -71.41616      2.377      2.359    24.4294    34.0592      8.245    -0.0255 1.7170e+01  1022.8122    24.4289    22.8020     6.6351    202.727    6.87424  210.03392     96.521 0.0000e+00
   39.73722  -71.41616      2.387      2.369    24.4297    34.0592      8.245    -0.0255 1.6930e+01  1022.8121    24.4292    22.8020     6.6345    202.708    6.87426  210.03441     96.512 0.0000e+00
   39.73722  -71.41616      2.398      2.379    24.4299    34.0592      8.245    -0.0255 1.6930e+01  1022.8120    24.4294    22.8020     6.6338    202.687    6.87425  210.03411     96.502 -9.990e-29
   39.73722  -71.41616      2.388      2.370    24.4295    34.0594      8.245    -0.0255 1.6883e+01  1022.8125    24.4290    22.8021     6.6331    202.667    6.87423  210.03349     96.493 -9.990e-29
   39.73722  -71.41616      2.398      2.379    24.4299    34.0595      8.245    -0.0255 1.6788e+01  1022.8123    24.4294    22.8021     6.6326    202.650    6.87423  210.03350     96.484 0.0000e+00
   39.73722  -71.41616      2.407      2.389    24.4299    34.0593      8.245    -0.0255 1.6741e+01  1022.8123    24.4294    22.8020     6.6320    202.632    6.87424  210.03387     96.476 -9.990e-29
   39.73722  -71.41616      2.407      2.389    24.4299    34.0590      8.245    -0.0255 1.6647e+01  1022.8122    24.4294    22.8018     6.6354    202.737    6.87423  210.03342     96.526 -9.990e-29
   39.73722  -71.41616      2.407      2.389    24.4300    34.0583      8.245    -0.0255 1.6322e+01  1022.8119    24.4294    22.8012     6.6355    202.739    6.87424  210.03380     96.527 -9.990e-29
   39.73722  -71.41616      2.398      2.379    24.4301    34.0574      8.245    -0.0255 1.6231e+01  1022.8098    24.4296    22.8005     6.6352    202.731    6.87422  210.03335     96.523 -9.990e-29
   39.73722  -71.41616      2.407      2.389    24.4301    34.0575      8.245    -0.0255 1.6094e+01  1022.8105    24.4296    22.8006     6.6350    202.724    6.87422  210.03334     96.520 -9.990e-29
   39.73722  -71.41616      2.407      2.389    24.4299    34.0583      8.245    -0.0255 1.5517e+01  1022.8120    24.4294    22.8012     6.6351    202.727    6.87423  210.03343     96.521 -9.990e-29
   39.73722  -71.41616      2.398      2.379    24.4303    34.0588      8.245    -0.0255 1.5257e+01  1022.8116    24.4297    22.8015     6.6352    202.730    6.87421  210.03296     96.523 -9.990e-29
   39.73722  -71.41616      2.398      2.379    24.4301    34.0589      8.245    -0.0255 1.5214e+01  1022.8118    24.4296    22.8016     6.6353    202.734    6.87423  210.03350     96.525 -9.990e-29
   39.73722  -71.41616      2.398      2.380    24.4301    34.0589      8.245    -0.0121 1.4792e+01  1022.8119    24.4296    22.8016     6.6395    202.861    6.87421  210.03304     96.585 -9.990e-29
   39.73722  -71.41616      2.387      2.369    24.4303    34.0589      8.245    -0.0121 1.4585e+01  1022.8119    24.4297    22.8016     6.6400    202.876    6.87425  210.03424     96.592 -9.990e-29
   39.73722  -71.41616      2.387      2.369    24.4303    34.0589      8.245    -0.0121 1.4585e+01  1022.8116    24.4297    22.8016     6.6404    202.890    6.87425  210.03412     96.599 -9.990e-29
   39.73722  -71.41616      2.377      2.359    24.4303    34.0589      8.245    -0.0121 1.4668e+01  1022.8116    24.4297    22.8016     6.6369    202.782    6.87424  210.03388     96.547 -9.990e-29
   39.73722  -71.41616      2.377      2.359    24.4301    34.0591      8.245    -0.0121 1.4751e+01  1022.8120    24.4296    22.8017     6.6371    202.788    6.87423  210.03366     96.550 -9.990e-29
   39.73722  -71.41616      2.357      2.339    24.4301    34.0591      8.245    -0.0121 1.4792e+01  1022.8118    24.4296    22.8018     6.6413    202.918    6.87423  210.03350     96.612 -9.990e-29
   39.73722  -71.41616      2.357      2.339    24.4303    34.0591      8.245    -0.0121 1.5129e+01  1022.8118    24.4298    22.8018     6.6379    202.812    6.87423  210.03357     96.562 -9.990e-29
   39.73722  -71.41616      2.357      2.339    24.4299    34.0590      8.245    -0.0121 1.5457e+01  1022.8118    24.4294    22.8018     6.6421    202.943    6.87423  210.03367     96.624 -9.990e-29
   39.73724  -71.41616      2.326      2.309    24.4300    34.0590      8.245    -0.0121 1.5501e+01  1022.8116    24.4295    22.8018     6.6387    202.837    6.87421  210.03282     96.574 -9.990e-29
   39.73724  -71.41616      2.328      2.310    24.4301    34.0592      8.245    -0.0121 1.5809e+01  1022.8118    24.4296    22.8019     6.6430    202.969    6.87425  210.03405     96.636 -9.990e-29
   39.73724  -71.41616      2.317      2.299    24.4297    34.0594      8.245    -0.0121 1.6078e+01  1022.8122    24.4292    22.8021     6.6436    202.988    6.87422  210.03343     96.645 -9.990e-29
   39.73724  -71.41616      2.296      2.279    24.4301    34.0594      8.245    -0.0121 1.6123e+01  1022.8119    24.4296    22.8021     6.6402    202.883    6.87419  210.03244     96.596 -9.990e-29
   39.73724  -71.41616      2.287      2.269    24.4301    34.0593      8.245    -0.0121 1.6306e+01  1022.8116    24.4296    22.8020     6.6446    203.017    6.87421  210.03298     96.659 -9.990e-29
   39.73724  -71.41616      2.266      2.249    24.4299    34.0592      8.245    -0.0121 1.6583e+01  1022.8117    24.4294    22.8019     6.6452    203.037    6.87422  210.03321     96.669 -9.990e-29
   39.73724  -71.41616      2.266      2.249    24.4303    34.0591      8.245    -0.0121 1.6677e+01  1022.8113    24.4298    22.8018     6.6419    202.935    6.87422  210.03314     96.620 -9.990e-29
   39.73724  -71.41616      2.245      2.228    24.4303    34.0591      8.245    -0.0121 1.6677e+01  1022.8113    24.4298    22.8017     6.6423    202.947    6.87422  210.03312     96.626 -9.990e-29
   39.73724  -71.41616      2.245      2.228    24.4303    34.0591      8.245    -0.0121 1.6818e+01  1022.8111    24.4298    22.8017     6.6427    202.961    6.87421  210.03300     96.633 -9.990e-29
   39.73724  -71.41616      2.225      2.208    24.4303    34.0593      8.245    -0.0121 1.6865e+01  1022.8114    24.4298    22.8018     6.6432    202.974    6.87422  210.03331     96.639 -9.990e-29
   39.73724  -71.41616      2.225      2.208    24.4303    34.0594      8.245    -0.0121 1.6913e+01  1022.8115    24.4298    22.8019     6.6434    202.981    6.87424  210.03384     96.642 -9.990e-29
   39.73724  -71.41616      2.217      2.200    24.4303    34.0593      8.245    -0.0121 1.7056e+01  1022.8113    24.4298    22.8018     6.6439    202.995    6.87423  210.03369     96.649 -9.990e-29
   39.73724  -71.41616      2.206      2.189    24.4304    34.0591      8.245    -0.0121 1.7104e+01  1022.8110    24.4300    22.8017     6.6441    203.001    6.87420  210.03261     96.652 -9.990e-29
