CalculateIndicators/WaterTemperature/Data/CTD_NYOS/20240426_C07.cnv
* Sea-Bird SBE 9 Data File:
* FileName = C:\Seabird 9 CTD\Data\2024\202404_offshore\20240426_C07.hex
* Software Version Seasave V 7.23.2
* Temperature SN = 4590
* Conductivity SN = 3228
* Number of Bytes Per Scan = 44
* Number of Voltage Words = 5
* Number of Scans Averaged by the Deck Unit = 1
* NMEA Latitude = 39 50.38 N
* NMEA Longitude = 072 54.65 W
* NMEA UTC (Time) = Apr 26 2024  19:08:42
* NMEA baud rate = 4800
** Ship: Seawolf
** Station: 8.4
** Operator: TCM
# nquan = 18
# nvalues = 13931                       
# units = specified
# name 0 = latitude: Latitude [deg]
# name 1 = longitude: Longitude [deg]
# name 2 = prDM: Pressure, Digiquartz [db]
# name 3 = depSM: Depth [salt water, m]
# name 4 = t090C: Temperature [ITS-90, deg C]
# name 5 = sal00: Salinity, Practical [PSU]
# name 6 = ph: pH
# name 7 = flECO-AFL: Fluorescence, WET Labs ECO-AFL/FL [mg/m^3]
# name 8 = cpar: CPAR/Corrected Irradiance [%]
# name 9 = density00: Density [density, kg/m^3]
# name 10 = potemp090C: Potential Temperature [ITS-90, deg C]
# name 11 = sigma-é00: Density [sigma-theta, kg/m^3]
# name 12 = sbeox0Mg/L: Oxygen, SBE 43 [mg/l]
# name 13 = sbox0Mm/Kg: Oxygen, SBE 43 [umol/kg]
# name 14 = oxsolMg/L: Oxygen Saturation, Garcia & Gordon [mg/l]
# name 15 = oxsolMm/Kg: Oxygen Saturation, Garcia & Gordon [umol/kg]
# name 16 = sbeox0PS: Oxygen, SBE 43 [% saturation]
# name 17 = flag:  0.000e+00
# span 0 =   39.83934,   39.83978       
# span 1 =  -72.91188,  -72.91082       
# span 2 =      1.368,     58.954       
# span 3 =      1.357,     58.494       
# span 4 =     6.3140,     8.9951       
# span 5 =    31.4480,    32.1410       
# span 6 =      7.918,      8.090       
# span 7 =     0.0148,     7.0795       
# span 8 = 1.0148e-02, 2.5209e+01       
# span 9 =  1024.3781,  1025.4628       
# span 10 =     6.3092,     8.9948      
# span 11 =    24.3698,    25.2284      
# span 12 =     8.9033,    10.1149      
# span 13 =    271.396,    308.474      
# span 14 =    9.43604,    9.99426      
# span 15 =  287.86205,  304.65062      
# span 16 =     89.094,    104.814      
# span 17 = 0.0000e+00, 0.0000e+00      
# interval = seconds: 0.0416667
# start_time = Apr 26 2024 19:08:44 [System UTC, first data scan.]
# bad_flag = -9.990e-29
*END*
[from data line 5870]
   39.83956  -72.91128     35.594     35.319     6.4977    32.0400      7.931     0.1088 2.1628e-01  1025.3176     6.4947    25.1532     9.0184    274.915    9.95117  303.34937     90.627 -9.990e-29
   39.83956  -72.91128     35.573     35.298     6.4980    32.0390      7.931     0.1088 2.1690e-01  1025.3163     6.4951    25.1524     9.0179    274.898    9.95154  303.35988     90.618 -9.990e-29
   39.83956  -72.91128     35.564     35.289     6.4974    32.0378      7.931     0.0954 2.1795e-01  1025.3148     6.4944    25.1515     9.0181    274.903    9.95165  303.36172     90.619 -9.990e-29
   39.83956  -72.91128     35.553     35.278     6.4956    32.0374      7.931     0.0819 2.1795e-01  1025.3146     6.4926    25.1514     9.0179    274.897    9.95128  303.35032     90.620 -9.990e-29
   39.83956  -72.91128     35.535     35.260     6.4932    32.0379      7.931     0.0551 2.1876e-01  1025.3158     6.4902    25.1520     9.0178    274.896    9.95101  303.34248     90.622 -9.990e-29
   39.83956  -72.91128     35.522     35.248     6.4917    32.0387      7.931     0.0551 2.1977e-01  1025.3165     6.4887    25.1528     9.0180    274.901    9.95086  303.33763     90.626 -9.990e-29
   39.83956  -72.91128     35.513     35.238     6.4911    32.0396      7.931     0.0685 2.2040e-01  1025.3169     6.4881    25.1537     9.0179    274.899    9.95039  303.32349     90.629 -9.990e-29
   39.83956  -72.91128     35.502     35.227     6.4903    32.0410      7.931     0.0551 2.2021e-01  1025.3186     6.4873    25.1548     9.0180    274.900    9.94995  303.31062     90.633 -9.990e-29
   39.83956  -72.91128     35.502     35.227     6.4906    32.0420      7.931     0.0551 2.2065e-01  1025.3197     6.4876    25.1555     9.0172    274.878    9.94966  303.30270     90.628 -9.990e-29
   39.83956  -72.91128     35.471     35.197     6.4916    32.0420      7.931     0.0551 2.2109e-01  1025.3192     6.4886    25.1554     9.0112    274.696    9.94954  303.29900     90.569 -9.990e-29
   39.83956  -72.91128     35.471     35.197     6.4924    32.0413      7.931     0.0551 2.2109e-01  1025.3182     6.4894    25.1548     9.0163    274.848    9.94933  303.29202     90.622 -9.990e-29
   39.83956  -72.91128     35.451     35.177     6.4932    32.0405      7.931     0.0551 2.2172e-01  1025.3172     6.4902    25.1541     9.0090    274.627    9.94877  303.27468     90.554 -9.990e-29
   39.83956  -72.91128     35.441     35.167     6.4929    32.0401      7.931     0.0685 2.2235e-01  1025.3170     6.4899    25.1538     9.0139    274.777    9.94836  303.26304     90.607 -9.990e-29
   39.83956  -72.91128     35.441     35.167     6.4925    32.0400      7.931     0.0551 2.2191e-01  1025.3168     6.4896    25.1538     9.0072    274.572    9.94824  303.26001     90.540 -9.990e-29
   39.83956  -72.91128     35.420     35.146     6.4914    32.0402      7.931     0.0551 2.2255e-01  1025.3174     6.4885    25.1541     9.0127    274.740    9.94829  303.26143     90.595 -9.990e-29
   39.83956  -72.91128     35.420     35.146     6.4912    32.0406      7.931     0.0685 2.2319e-01  1025.3178     6.4883    25.1544     9.0137    274.770    9.94825  303.25963     90.605 -9.990e-29
   39.83956  -72.91128     35.400     35.126     6.4908    32.0406      7.931     0.0551 2.2338e-01  1025.3179     6.4878    25.1544     9.0148    274.805    9.94831  303.26091     90.617 -9.990e-29
   39.83956  -72.91128     35.391     35.118     6.4908    32.0402      7.931     0.0551 2.2402e-01  1025.3170     6.4878    25.1542     9.0098    274.650    9.94852  303.26744     90.564 -9.990e-29
   39.83956  -72.91128     35.390     35.116     6.4904    32.0401      7.931     0.0551 2.2422e-01  1025.3170     6.4875    25.1541     9.0158    274.833    9.94873  303.27366     90.622 -9.990e-29
   39.83956  -72.91128     35.380     35.107     6.4903    32.0405      7.931     0.0685 2.2466e-01  1025.3174     6.4873    25.1544     9.0101    274.659    9.94916  303.28647     90.561 -9.990e-29
   39.83956  -72.91128     35.369     35.096     6.4903    32.0408      7.931     0.0551 2.2446e-01  1025.3179     6.4873    25.1547     9.0165    274.854    9.94964  303.30067     90.621 -9.990e-29
   39.83956  -72.91128     35.360     35.086     6.4908    32.0410      7.931     0.0551 2.2530e-01  1025.3175     6.4878    25.1548     9.0175    274.886    9.95021  303.31786     90.626 -9.990e-29
   39.83956  -72.91128     35.369     35.096     6.4909    32.0410      7.931     0.0551 2.2550e-01  1025.3179     6.4879    25.1548     9.0194    274.944    9.95063  303.33029     90.642 -9.990e-29
   39.83956  -72.91128     35.339     35.066     6.4911    32.0412      7.931     0.0685 2.2570e-01  1025.3175     6.4881    25.1549     9.0213    275.003    9.95096  303.34068     90.658 -9.990e-29
   39.83956  -72.91128     35.349     35.075     6.4909    32.0416      7.931     0.0551 2.2570e-01  1025.3180     6.4879    25.1553     9.0168    274.864    9.95123  303.34882     90.610 -9.990e-29
   39.83956  -72.91128     35.339     35.066     6.4909    32.0423      7.931     0.0551 2.2550e-01  1025.3185     6.4879    25.1559     9.0231    275.056    9.95128  303.35007     90.673 -9.990e-29
   39.83956  -72.91128     35.339     35.066     6.4901    32.0432      7.931     0.0551 2.2530e-01  1025.3197     6.4872    25.1566     9.0239    275.080    9.95124  303.34870     90.681 -9.990e-29
   39.83956  -72.91128     35.329     35.056     6.4901    32.0438      7.931     0.0551 2.2511e-01  1025.3199     6.4872    25.1571     9.0183    274.909    9.95125  303.34858     90.625 -9.990e-29
   39.83956  -72.91128     35.321     35.048     6.4900    32.0445      7.931     0.0551 2.2446e-01  1025.3201     6.4870    25.1576     9.0180    274.901    9.95106  303.34284     90.624 -9.990e-29
   39.83956  -72.91128     35.318     35.045     6.4908    32.0456      7.931     0.0416 2.2427e-01  1025.3210     6.4878    25.1584     9.0179    274.898    9.95090  303.33814     90.624 -9.990e-29
   39.83956  -72.91128     35.329     35.056     6.4925    32.0471      7.931     0.0416 2.2407e-01  1025.3221     6.4896    25.1594     9.0243    275.092    9.95070  303.33234     90.690 -9.990e-29
   39.83956  -72.91128     35.318     35.045     6.4938    32.0481      7.931     0.0416 2.2427e-01  1025.3238     6.4909    25.1600     9.0252    275.120    9.95048  303.32613     90.701 -9.990e-29
   39.83956  -72.91128     35.309     35.036     6.4961    32.0472      7.931     0.0416 2.2427e-01  1025.3225     6.4932    25.1591     9.0197    274.953    9.95031  303.32117     90.647 -9.990e-29
   39.83956  -72.91128     35.318     35.045     6.4979    32.0446      7.931     0.0551 2.2299e-01  1025.3196     6.4949    25.1569     9.0198    274.957    9.95017  303.31694     90.650 -9.990e-29
   39.83956  -72.91128     35.318     35.045     6.4987    32.0419      7.931     0.0551 2.2319e-01  1025.3165     6.4957    25.1546     9.0191    274.934    9.95006  303.31364     90.643 -9.990e-29
   39.83956  -72.91128     35.309     35.036     6.4985    32.0401      7.931     0.0416 2.2338e-01  1025.3154     6.4956    25.1531     9.0182    274.906    9.94975  303.30410     90.637 -9.990e-29
   39.83956  -72.91128     35.309     35.036     6.4984    32.0393      7.931     0.0551 2.2191e-01  1025.3148     6.4954    25.1525     9.0175    274.885    9.94966  303.30163     90.631 -9.990e-29
   39.83956  -72.91128     35.318     35.045     6.4974    32.0391      7.931     0.0551 2.2128e-01  1025.3153     6.4945    25.1524     9.0234    275.067    9.94971  303.30355     90.690 -9.990e-29
   39.83956  -72.91128     35.318     35.045     6.4969    32.0392      7.931     0.0551 2.2147e-01  1025.3147     6.4939    25.1526     9.0238    275.078    9.94963  303.30143     90.695 -9.990e-29
   39.83956  -72.91128     35.321     35.048     6.4955    32.0403      7.931     0.0416 2.2123e-01  1025.3159     6.4925    25.1537     9.0177    274.894    9.94963  303.30161     90.634 -9.990e-29
   39.83956  -72.91128     35.309     35.036     6.4937    32.0423      7.931     0.0551 2.2060e-01  1025.3184     6.4907    25.1555     9.0170    274.871    9.94938  303.29465     90.629 -9.990e-29
   39.83956  -72.91128     35.329     35.056     6.4929    32.0450      7.931     0.0551 2.2060e-01  1025.3197     6.4899    25.1577     9.0174    274.883    9.94924  303.29065     90.634 -9.990e-29
   39.83956  -72.91128     35.318     35.045     6.4927    32.0487      7.931     0.0551 2.1939e-01  1025.3231     6.4898    25.1605     9.0181    274.906    9.94931  303.29273     90.640 -9.990e-29
   39.83956  -72.91128     35.318     35.045     6.4940    32.0517      7.931     0.0416 2.1776e-01  1025.3278     6.4911    25.1627     9.0254    275.129    9.94947  303.29667     90.713 -9.990e-29
   39.83956  -72.91128     35.329     35.056     6.4987    32.0511      7.931     0.0416 2.1776e-01  1025.3262     6.4957    25.1617     9.0197    274.954    9.94946  303.29592     90.655 -9.990e-29
   39.83956  -72.91128     35.329     35.056     6.5044    32.0468      7.931     0.0551 2.1752e-01  1025.3208     6.5014    25.1578     9.0194    274.945    9.94941  303.29423     90.653 -9.990e-29
   39.83956  -72.91128     35.339     35.066     6.5078    32.0416      7.931     0.0416 2.1709e-01  1025.3151     6.5048    25.1534     9.0191    274.936    9.94929  303.29066     90.651 -9.990e-29
   39.83956  -72.91128     35.329     35.056     6.5081    32.0383      7.931     0.0416 2.1666e-01  1025.3116     6.5052    25.1507     9.0188    274.926    9.94908  303.28371     90.650 -9.990e-29
   39.83956  -72.91128     35.339     35.066     6.5053    32.0382      7.931     0.0551 2.1704e-01  1025.3126     6.5023    25.1508     9.0181    274.904    9.94848  303.26506     90.648 -9.990e-29
   39.83956  -72.91128     35.349     35.075     6.5029    32.0407      7.931     0.0416 2.1699e-01  1025.3153     6.4999    25.1530     9.0174    274.883    9.94786  303.24627     90.647 -9.990e-29
   39.83956  -72.91128     35.340     35.067     6.5010    32.0439      7.931     0.0416 2.1675e-01  1025.3196     6.4980    25.1556     9.0169    274.867    9.94737  303.23186     90.646 -9.990e-29
   39.83956  -72.91128     35.349     35.075     6.5021    32.0455      7.931     0.0685 2.1694e-01  1025.3207     6.4991    25.1569     9.0166    274.859    9.94708  303.22377     90.646 -9.990e-29
   39.83956  -72.91128     35.349     35.075     6.5036    32.0457      7.931     0.0954 2.1570e-01  1025.3194     6.5007    25.1569     9.0169    274.868    9.94730  303.23119     90.646 -9.990e-29
   39.83956  -72.91128     35.360     35.086     6.5042    32.0455      7.931     0.1088 2.1547e-01  1025.3198     6.5012    25.1566     9.0171    274.876    9.94747  303.23635     90.648 -9.990e-29
   39.83956  -72.91128     35.360     35.086     6.5063    32.0448      7.931     0.1088 2.1585e-01  1025.3193     6.5033    25.1558     9.0173    274.881    9.94747  303.23619     90.649 -9.990e-29
   39.83956  -72.91128     35.360     35.086     6.5089    32.0430      7.931     0.1088 2.1542e-01  1025.3171     6.5059    25.1542     9.0172    274.878    9.94721  303.22792     90.651 -9.990e-29
   39.83956  -72.91128     35.369     35.096     6.5110    32.0415      7.931     0.0954 2.1542e-01  1025.3145     6.5080    25.1527     9.0171    274.876    9.94689  303.21791     90.653 -9.990e-29
   39.83956  -72.91128     35.369     35.096     6.5113    32.0415      7.931     0.1088 2.1542e-01  1025.3148     6.5084    25.1526     9.0168    274.866    9.94634  303.20115     90.655 -9.990e-29
   39.83956  -72.91128     35.369     35.096     6.5114    32.0426      7.931     0.0954 2.1504e-01  1025.3170     6.5085    25.1533     9.0220    275.026    9.94580  303.18502     90.712 -9.990e-29
   39.83956  -72.91128     35.380     35.107     6.5137    32.0427      7.931     0.1088 2.1386e-01  1025.3172     6.5108    25.1532     9.0163    274.851    9.94531  303.17049     90.659 -9.990e-29
   39.83956  -72.91128     35.390     35.116     6.5163    32.0411      7.931     0.1088 2.1348e-01  1025.3146     6.5133    25.1517     9.0153    274.819    9.94495  303.15927     90.652 -9.990e-29
   39.83956  -72.91128     35.380     35.107     6.5176    32.0396      7.931     0.0954 2.1330e-01  1025.3123     6.5146    25.1503     9.0151    274.813    9.94447  303.14411     90.654 -9.990e-29
   39.83956  -72.91128     35.391     35.118     6.5173    32.0396      7.931     0.1088 2.1250e-01  1025.3126     6.5144    25.1503     9.0138    274.773    9.94380  303.12336     90.647 -9.990e-29
   39.83956  -72.91128     35.390     35.116     6.5168    32.0410      7.931     0.1088 2.1274e-01  1025.3146     6.5138    25.1515     9.0135    274.764    9.94318  303.10414     90.650 -9.990e-29
   39.83956  -72.91128     35.390     35.116     6.5160    32.0425      7.931     0.1088 2.1194e-01  1025.3163     6.5130    25.1527     9.0131    274.752    9.94241  303.07981     90.653 -9.990e-29
   39.83956  -72.91128     35.400     35.126     6.5150    32.0432      7.931     0.0954 2.1176e-01  1025.3165     6.5121    25.1534     9.0124    274.729    9.94126  303.04390     90.657 -9.990e-29
   39.83956  -72.91128     35.400     35.126     6.5141    32.0438      7.931     0.1088 2.1157e-01  1025.3168     6.5111    25.1541     9.0166    274.858    9.93958  302.99329     90.714 -9.990e-29
   39.83956  -72.91128     35.400     35.126     6.5118    32.0448      7.931     0.1088 2.1218e-01  1025.3183     6.5088    25.1551     9.0097    274.648    9.93777  302.93825     90.661 -9.990e-29
   39.83956  -72.91128     35.411     35.137     6.5094    32.0458      7.931     0.1088 2.1255e-01  1025.3195     6.5064    25.1562     9.0075    274.581    9.93615  302.88875     90.654 -9.990e-29
   39.83956  -72.91128     35.411     35.137     6.5068    32.0465      7.931     0.1088 2.1274e-01  1025.3203     6.5038    25.1570     9.0067    274.554    9.93482  302.84734     90.658 -9.990e-29
   39.83956  -72.91128     35.400     35.126     6.5048    32.0467      7.931     0.1088 2.1274e-01  1025.3209     6.5019    25.1575     9.0062    274.540    9.93387  302.81836     90.662 -9.990e-29
   39.83956  -72.91128     35.411     35.137     6.5035    32.0467      7.931     0.1088 2.1334e-01  1025.3207     6.5005    25.1576     9.0060    274.535    9.93316  302.79768     90.666 -9.990e-29
   39.83956  -72.91128     35.411     35.137     6.5024    32.0467      7.931     0.1088 2.1372e-01  1025.3207     6.4994    25.1578     9.0126    274.734    9.93265  302.78205     90.737 -9.990e-29
   39.83956  -72.91128     35.400     35.126     6.5021    32.0472      7.931     0.1088 2.1391e-01  1025.3210     6.4991    25.1582     9.0054    274.518    9.93146  302.74615     90.676 -9.990e-29
   39.83956  -72.91128     35.412     35.138     6.5018    32.0481      7.931     0.0954 2.1433e-01  1025.3224     6.4988    25.1590     9.0044    274.488    9.92992  302.70012     90.680 -9.990e-29
   39.83956  -72.91128     35.411     35.137     6.5016    32.0488      7.931     0.0954 2.1494e-01  1025.3229     6.4986    25.1595     9.0100    274.658    9.92845  302.65607     90.749 -9.990e-29
   39.83956  -72.91128     35.400     35.126     6.5024    32.0488      7.931     0.0954 2.1494e-01  1025.3229     6.4994    25.1595     9.0092    274.635    9.92712  302.61586     90.754 -9.990e-29
   39.83956  -72.91130     35.400     35.126     6.5032    32.0484      7.931     0.0954 2.1575e-01  1025.3223     6.5002    25.1590     9.0086    274.616    9.92594  302.58018     90.758 -9.990e-29
   39.83956  -72.91130     35.400     35.126     6.5044    32.0475      7.931     0.1088 2.1575e-01  1025.3214     6.5014    25.1582     9.0017    274.406    9.92500  302.55113     90.697 -9.990e-29
