CalculateIndicators/WaterTemperature/Data/CTD_NYOS/20240428_C24.cnv
* Sea-Bird SBE 9 Data File:
* FileName = C:\Seabird 9 CTD\Data\2024\202404_offshore\20240428_C24.hex
* Software Version Seasave V 7.23.2
* Temperature SN = 4590
* Conductivity SN = 3228
* Number of Bytes Per Scan = 44
* Number of Voltage Words = 5
* Number of Scans Averaged by the Deck Unit = 1
* NMEA Latitude = 39 56.85 N
* NMEA Longitude = 072 01.93 W
* NMEA UTC (Time) = Apr 28 2024  16:45:54
* NMEA baud rate = 4800
** Ship: Seawolf
** Station: 10.5
** Operator: TCM
# nquan = 18
# nvalues = 15945                       
# units = specified
# name 0 = latitude: Latitude [deg]
# name 1 = longitude: Longitude [deg]
# name 2 = prDM: Pressure, Digiquartz [db]
# name 3 = depSM: Depth [salt water, m]
# name 4 = t090C: Temperature [ITS-90, deg C]
# name 5 = sal00: Salinity, Practical [PSU]
# name 6 = ph: pH
# name 7 = flECO-AFL: Fluorescence, WET Labs ECO-AFL/FL [mg/m^3]
# name 8 = cpar: CPAR/Corrected Irradiance [%]
# name 9 = density00: Density [density, kg/m^3]
# name 10 = potemp090C: Potential Temperature [ITS-90, deg C]
# name 11 = sigma-é00: Density [sigma-theta, kg/m^3]
# name 12 = sbeox0Mg/L: Oxygen, SBE 43 [mg/l]
# name 13 = sbox0Mm/Kg: Oxygen, SBE 43 [umol/kg]
# name 14 = oxsolMg/L: Oxygen Saturation, Garcia & Gordon [mg/l]
# name 15 = oxsolMm/Kg: Oxygen Saturation, Garcia & Gordon [umol/kg]
# name 16 = sbeox0PS: Oxygen, SBE 43 [% saturation]
# name 17 = flag:  0.000e+00
# span 0 =   39.94764,   39.94876       
# span 1 =  -72.03262,  -72.03224       
# span 2 =      2.035,     86.953       
# span 3 =      2.019,     86.269       
# span 4 =     6.1072,     7.9591       
# span 5 =    32.0802,    32.4679       
# span 6 =      7.969,      8.060       
# span 7 =     0.0148,     1.1430       
# span 8 = 7.1224e-14, 3.1823e+01       
# span 9 =  1025.0388,  1025.9134       
# span 10 =     6.1027,     7.9588      
# span 11 =    25.0183,    25.5139      
# span 12 =     9.2437,    10.3245      
# span 13 =    281.682,    314.765      
# span 14 =    9.61841,   10.02844      
# span 15 =  293.23959,  305.63443      
# span 16 =     92.746,    107.267      
# span 17 = 0.0000e+00, 0.0000e+00      
# interval = seconds: 0.0416667
# start_time = Apr 28 2024 16:45:53 [System UTC, first data scan.]
# bad_flag = -9.990e-29
*END*
[from data line 13669]
   39.94862  -72.03262      9.344      9.273     7.8187    32.1269 -9.990e-29     0.7535 6.3949e+00  1025.0868     7.8178    25.0441    10.2615    312.843    9.64479  294.04037    106.395 -9.990e-29
   39.94862  -72.03262      9.333      9.262     7.8173    32.1278 -9.990e-29     0.7535 6.3681e+00  1025.0878     7.8164    25.0450    10.2669    313.008    9.64466  294.03621    106.452 -9.990e-29
   39.94862  -72.03262      9.338      9.266     7.8153    32.1285 -9.990e-29     0.7535 6.3502e+00  1025.0886     7.8144    25.0458    10.2671    313.012    9.64456  294.03337    106.455 -9.990e-29
   39.94862  -72.03262      9.333      9.262     7.8137    32.1291 -9.990e-29     0.7400 6.3502e+00  1025.0894     7.8128    25.0465    10.2671    313.013    9.64436  294.02736    106.457 -9.990e-29
   39.94862  -72.03262      9.333      9.262     7.8138    32.1297 -9.990e-29     0.7400 6.3323e+00  1025.0895     7.8130    25.0469    10.2611    312.830    9.64431  294.02568    106.395 -9.990e-29
   39.94862  -72.03262      9.324      9.252     7.8151    32.1302 -9.990e-29     0.7400 6.3146e+00  1025.0902     7.8142    25.0472    10.2605    312.813    9.64431  294.02609    106.389 -9.990e-29
   39.94862  -72.03262      9.313      9.241     7.8174    32.1298 -9.990e-29     0.7400 6.3146e+00  1025.0901     7.8165    25.0467    10.2601    312.800    9.64442  294.02967    106.384 -9.990e-29
   39.94862  -72.03262      9.313      9.241     7.8190    32.1280 -9.990e-29     0.7400 6.3058e+00  1025.0876     7.8182    25.0451    10.2597    312.788    9.64451  294.03268    106.379 -9.990e-29
   39.94862  -72.03262      9.313      9.241     7.8168    32.1263 -9.990e-29     0.7400 6.2881e+00  1025.0850     7.8159    25.0442    10.2656    312.969    9.64472  294.03916    106.438 -9.990e-29
   39.94862  -72.03262      9.306      9.234     7.8096    32.1271 -9.990e-29     0.7400 6.2881e+00  1025.0871     7.8087    25.0455    10.2655    312.964    9.64501  294.04792    106.433 -9.990e-29
   39.94862  -72.03262      9.294      9.222     7.8033    32.1296 -9.990e-29     0.7400 6.2704e+00  1025.0915     7.8024    25.0481    10.2588    312.760    9.64502  294.04766    106.364 -9.990e-29
   39.94862  -72.03262      9.283      9.211     7.8029    32.1314 -9.990e-29     0.7400 6.2528e+00  1025.0934     7.8020    25.0497    10.2581    312.738    9.64483  294.04117    106.359 -9.990e-29
   39.94862  -72.03262      9.283      9.211     7.8053    32.1315 -9.990e-29     0.7400 6.2528e+00  1025.0923     7.8044    25.0497    10.2574    312.716    9.64462  294.03442    106.354 -9.990e-29
   39.94862  -72.03262      9.273      9.202     7.8061    32.1309 -9.990e-29     0.7400 6.2528e+00  1025.0910     7.8052    25.0491    10.2557    312.665    9.64433  294.02523    106.340 -9.990e-29
   39.94862  -72.03262      9.252      9.181     7.8052    32.1305 -9.990e-29     0.7400 6.2352e+00  1025.0914     7.8043    25.0487    10.2544    312.622    9.64351  293.99972    106.334 -9.990e-29
   39.94862  -72.03262      9.256      9.185     7.8064    32.1299 -9.990e-29     0.7400 6.2352e+00  1025.0908     7.8055    25.0481    10.2517    312.543    9.64239  293.96576    106.319 -9.990e-29
   39.94862  -72.03262      9.243      9.172     7.8086    32.1291 -9.990e-29     0.7266 6.2266e+00  1025.0891     7.8078    25.0473    10.2507    312.513    9.64189  293.95110    106.315 -9.990e-29
   39.94862  -72.03262      9.232      9.161     7.8094    32.1287 -9.990e-29     0.7400 6.2266e+00  1025.0888     7.8085    25.0469    10.2500    312.491    9.64160  293.94242    106.310 -9.990e-29
   39.94862  -72.03262      9.232      9.161     7.8080    32.1286 -9.990e-29     0.7400 6.2266e+00  1025.0896     7.8072    25.0470    10.2491    312.464    9.64108  293.92642    106.307 -9.990e-29
   39.94862  -72.03262      9.212      9.142     7.8053    32.1279 -9.990e-29     0.7400 6.2266e+00  1025.0896     7.8044    25.0467    10.2534    312.593    9.64046  293.90753    106.358 -9.990e-29
   39.94862  -72.03262      9.201      9.131     7.8043    32.1268 -9.990e-29     0.7266 6.2441e+00  1025.0870     7.8035    25.0460    10.2459    312.366    9.63969  293.88405    106.289 -9.990e-29
   39.94862  -72.03262      9.192      9.121     7.8028    32.1272 -9.990e-29     0.7400 6.2793e+00  1025.0879     7.8020    25.0464    10.2453    312.350    9.63949  293.87900    106.285 -9.990e-29
   39.94862  -72.03262      9.185      9.114     7.8030    32.1289 -9.990e-29     0.7400 6.2793e+00  1025.0903     7.8021    25.0477    10.2457    312.364    9.64010  293.89917    106.283 -9.990e-29
   39.94862  -72.03262      9.171      9.101     7.8065    32.1299 -9.990e-29     0.7400 6.3148e+00  1025.0914     7.8056    25.0481    10.2464    312.383    9.64083  293.92199    106.281 -9.990e-29
   39.94862  -72.03262      9.162      9.091     7.8116    32.1290 -9.990e-29     0.7400 6.3504e+00  1025.0886     7.8107    25.0469    10.2467    312.393    9.64131  293.93644    106.279 -9.990e-29
   39.94862  -72.03262      9.151      9.080     7.8119    32.1274 -9.990e-29     0.7400 6.3504e+00  1025.0873     7.8111    25.0455    10.2470    312.402    9.64168  293.94774    106.278 -9.990e-29
   39.94862  -72.03262      9.141      9.071     7.8114    32.1260 -9.990e-29     0.7400 6.3683e+00  1025.0861     7.8105    25.0444    10.2473    312.413    9.64209  293.96039    106.277 -9.990e-29
   39.94862  -72.03262      9.124      9.054     7.8105    32.1253 -9.990e-29     0.7266 6.4134e+00  1025.0850     7.8096    25.0440    10.2477    312.424    9.64249  293.97251    106.277 -9.990e-29
   39.94862  -72.03262      9.120      9.050     7.8093    32.1256 -9.990e-29     0.7266 6.4134e+00  1025.0861     7.8084    25.0443    10.2483    312.444    9.64310  293.99133    106.277 -9.990e-29
   39.94862  -72.03262      9.111      9.041     7.8106    32.1264 -9.990e-29     0.7266 6.4315e+00  1025.0867     7.8097    25.0448    10.2492    312.469    9.64381  294.01265    106.277 -9.990e-29
   39.94862  -72.03262      9.090      9.020     7.8119    32.1269 -9.990e-29     0.7266 6.4678e+00  1025.0871     7.8111    25.0450    10.2492    312.466    9.64373  294.00862    106.278 -9.990e-29
   39.94862  -72.03262      9.090      9.020     7.8138    32.1272 -9.990e-29     0.7266 6.4860e+00  1025.0858     7.8130    25.0451    10.2484    312.443    9.64305  293.98700    106.278 -9.990e-29
   39.94862  -72.03262      9.080      9.011     7.8131    32.1284 -9.990e-29     0.7266 6.4860e+00  1025.0873     7.8123    25.0459    10.2478    312.424    9.64243  293.96791    106.278 -9.990e-29
   39.94862  -72.03262      9.074      9.004     7.8153    32.1302 -9.990e-29     0.7266 6.5043e+00  1025.0890     7.8144    25.0470    10.2475    312.416    9.64209  293.95810    106.279 -9.990e-29
   39.94862  -72.03262      9.060      8.990     7.8197    32.1316 -9.990e-29     0.7266 6.5226e+00  1025.0893     7.8189    25.0476    10.2479    312.427    9.64227  293.96391    106.281 -9.990e-29
   39.94862  -72.03262      9.060      8.990     7.8243    32.1322 -9.990e-29     0.7266 6.5226e+00  1025.0898     7.8234    25.0475    10.2483    312.439    9.64244  293.96910    106.283 -9.990e-29
   39.94862  -72.03262      9.039      8.970     7.8302    32.1316 -9.990e-29     0.7266 6.5410e+00  1025.0877     7.8293    25.0464    10.2548    312.638    9.64255  293.97297    106.349 -9.990e-29
   39.94862  -72.03262      9.050      8.981     7.8332    32.1307 -9.990e-29     0.7266 6.5410e+00  1025.0859     7.8324    25.0452    10.2559    312.673    9.64261  293.97457    106.361 -9.990e-29
   39.94862  -72.03262      9.030      8.960     7.8334    32.1305 -9.990e-29     0.7266 6.5410e+00  1025.0859     7.8325    25.0449    10.2571    312.709    9.64266  293.97599    106.372 -9.990e-29
   39.94862  -72.03262      9.023      8.953     7.8332    32.1307 -9.990e-29     0.7266 6.5779e+00  1025.0864     7.8324    25.0450    10.2581    312.740    9.64259  293.97381    106.384 -9.990e-29
   39.94862  -72.03262      9.020      8.951     7.8338    32.1309 -9.990e-29     0.7266 6.5779e+00  1025.0864     7.8329    25.0450    10.2540    312.616    9.64266  293.97656    106.340 -9.990e-29
   39.94862  -72.03262      9.020      8.951     7.8348    32.1308 -9.990e-29     0.7266 6.5779e+00  1025.0860     7.8340    25.0449    10.2607    312.819    9.64282  293.98130    106.408 -9.990e-29
   39.94862  -72.03262      9.009      8.940     7.8355    32.1307 -9.990e-29     0.7266 6.5964e+00  1025.0860     7.8346    25.0447    10.2618    312.853    9.64279  293.97964    106.420 -9.990e-29
   39.94862  -72.03262      8.999      8.930     7.8360    32.1306 -9.990e-29     0.7266 6.5964e+00  1025.0858     7.8351    25.0445    10.2567    312.695    9.64261  293.97427    106.368 -9.990e-29
   39.94862  -72.03262      9.002      8.933     7.8375    32.1303 -9.990e-29     0.7266 6.5964e+00  1025.0854     7.8367    25.0441    10.2569    312.701    9.64249  293.97059    106.372 -9.990e-29
   39.94862  -72.03262      8.999      8.930     7.8384    32.1297 -9.990e-29     0.7266 6.6150e+00  1025.0847     7.8376    25.0435    10.2573    312.715    9.64257  293.97327    106.375 -9.990e-29
   39.94862  -72.03262      8.999      8.930     7.8390    32.1290 -9.990e-29     0.7266 6.6150e+00  1025.0838     7.8382    25.0429    10.2642    312.925    9.64285  293.98200    106.444 -9.990e-29
   39.94862  -72.03262      8.990      8.921     7.8392    32.1288 -9.990e-29     0.7266 6.6337e+00  1025.0835     7.8384    25.0426    10.2597    312.788    9.64318  293.99250    106.393 -9.990e-29
   39.94862  -72.03262      8.979      8.910     7.8400    32.1291 -9.990e-29     0.7266 6.6337e+00  1025.0839     7.8392    25.0428    10.2599    312.795    9.64375  294.00991    106.389 -9.990e-29
   39.94862  -72.03262      8.992      8.923     7.8405    32.1294 -9.990e-29     0.7266 6.6337e+00  1025.0843     7.8396    25.0429    10.2599    312.795    9.64415  294.02149    106.385 -9.990e-29
   39.94862  -72.03262      8.990      8.921     7.8410    32.1293 -9.990e-29     0.7266 6.6337e+00  1025.0840     7.8402    25.0428    10.2602    312.804    9.64401  294.01667    106.390 -9.990e-29
   39.94862  -72.03262      8.990      8.921     7.8420    32.1291 -9.990e-29     0.7266 6.6337e+00  1025.0837     7.8411    25.0426    10.2664    312.991    9.64359  294.00369    106.458 -9.990e-29
   39.94862  -72.03262      8.979      8.910     7.8423    32.1286 -9.990e-29     0.7400 6.6524e+00  1025.0834     7.8415    25.0421    10.2611    312.829    9.64317  293.99078    106.408 -9.990e-29
   39.94862  -72.03262      8.990      8.921     7.8426    32.1278 -9.990e-29     0.7535 6.6524e+00  1025.0826     7.8417    25.0415    10.2666    312.996    9.64293  293.98354    106.467 -9.990e-29
   39.94862  -72.03262      8.983      8.914     7.8423    32.1268 -9.990e-29     0.7535 6.6524e+00  1025.0820     7.8415    25.0407    10.2667    313.002    9.64271  293.97709    106.471 -9.990e-29
   39.94862  -72.03262      8.999      8.930     7.8423    32.1258 -9.990e-29     0.7535 6.6711e+00  1025.0809     7.8415    25.0400    10.2610    312.826    9.64269  293.97637    106.412 -9.990e-29
   39.94862  -72.03262      8.999      8.930     7.8417    32.1253 -9.990e-29     0.7535 6.6619e+00  1025.0802     7.8408    25.0396    10.2604    312.808    9.64260  293.97387    106.407 -9.990e-29
   39.94862  -72.03262      8.999      8.930     7.8402    32.1260 -9.990e-29     0.7535 6.6711e+00  1025.0808     7.8394    25.0403    10.2669    313.008    9.64258  293.97357    106.475 -9.990e-29
   39.94862  -72.03262      8.999      8.930     7.8393    32.1280 -9.990e-29     0.7535 6.6619e+00  1025.0832     7.8385    25.0419    10.2682    313.048    9.64257  293.97329    106.489 -9.990e-29
   39.94862  -72.03262      8.999      8.930     7.8394    32.1302 -9.990e-29     0.7535 6.7088e+00  1025.0854     7.8385    25.0437    10.2686    313.059    9.64255  293.97230    106.493 -9.990e-29
   39.94862  -72.03262      9.013      8.944     7.8400    32.1320 -9.990e-29     0.7535 6.6995e+00  1025.0863     7.8392    25.0451    10.2689    313.068    9.64249  293.97076    106.496 -9.990e-29
   39.94862  -72.03262      9.020      8.951     7.8409    32.1339 -9.990e-29     0.7535 6.6899e+00  1025.0875     7.8400    25.0463    10.2693    313.080    9.64253  293.97193    106.500 -9.990e-29
   39.94862  -72.03262      9.020      8.951     7.8438    32.1355 -9.990e-29     0.7535 6.6807e+00  1025.0893     7.8429    25.0472    10.2695    313.087    9.64249  293.97062    106.503 -9.990e-29
   39.94862  -72.03262      9.030      8.960     7.8488    32.1358 -9.990e-29     0.7535 6.6899e+00  1025.0888     7.8480    25.0469    10.2698    313.096    9.64253  293.97184    106.505 -9.990e-29
   39.94862  -72.03262      9.039      8.970     7.8517    32.1351 -9.990e-29     0.7535 6.6899e+00  1025.0868     7.8509    25.0460    10.2701    313.104    9.64256  293.97272    106.508 -9.990e-29
   39.94862  -72.03262      9.032      8.963     7.8530    32.1348 -9.990e-29     0.7535 6.6711e+00  1025.0865     7.8522    25.0454    10.2702    313.107    9.64249  293.97062    106.509 -9.990e-29
   39.94862  -72.03262      9.060      8.990     7.8553    32.1352 -9.990e-29     0.7535 6.6711e+00  1025.0867     7.8544    25.0454    10.2703    313.110    9.64247  293.97010    106.511 -9.990e-29
   39.94862  -72.03262      9.060      8.990     7.8577    32.1356 -9.990e-29     0.7535 6.6711e+00  1025.0874     7.8569    25.0453    10.2704    313.115    9.64250  293.97104    106.512 -9.990e-29
   39.94862  -72.03262      9.060      8.990     7.8613    32.1345 -9.990e-29     0.7535 6.6524e+00  1025.0870     7.8604    25.0441    10.2714    313.144    9.64250  293.97090    106.522 -9.990e-29
   39.94862  -72.03262      9.080      9.011     7.8636    32.1309 -9.990e-29     0.7535 6.6524e+00  1025.0829     7.8627    25.0410    10.2714    313.144    9.64244  293.96902    106.523 -9.990e-29
   39.94862  -72.03262      9.090      9.020     7.8627    32.1263 -9.990e-29     0.7535 6.6524e+00  1025.0779     7.8618    25.0375    10.2714    313.145    9.64245  293.96952    106.523 -9.990e-29
   39.94862  -72.03262      9.104      9.034     7.8602    32.1233 -9.990e-29     0.7535 6.6711e+00  1025.0760     7.8593    25.0355    10.2715    313.146    9.64247  293.97008    106.523 -9.990e-29
   39.94862  -72.03262      9.101      9.031     7.8579    32.1224 -9.990e-29     0.7535 6.6711e+00  1025.0765     7.8571    25.0350    10.2715    313.146    9.64251  293.97137    106.523 -9.990e-29
   39.94862  -72.03262      9.120      9.050     7.8561    32.1221 -9.990e-29     0.7535 6.6524e+00  1025.0770     7.8553    25.0351    10.2776    313.334    9.64256  293.97275    106.586 -9.990e-29
   39.94862  -72.03262      9.141      9.071     7.8545    32.1216 -9.990e-29     0.7535 6.6524e+00  1025.0767     7.8536    25.0349    10.2784    313.357    9.64259  293.97363    106.593 -9.990e-29
   39.94862  -72.03262      9.141      9.071     7.8529    32.1208 -9.990e-29     0.7535 6.6616e+00  1025.0764     7.8520    25.0345    10.2729    313.191    9.64266  293.97573    106.536 -9.990e-29
   39.94862  -72.03262      9.151      9.080     7.8506    32.1206 -9.990e-29     0.7669 6.6616e+00  1025.0754     7.8497    25.0348    10.2788    313.369    9.64261  293.97406    106.597 -9.990e-29
   39.94862  -72.03262      9.164      9.094     7.8469    32.1226 -9.990e-29     0.7803 6.6429e+00  1025.0773     7.8460    25.0367    10.2793    313.386    9.64261  293.97422    106.603 -9.990e-29
   39.94862  -72.03262      9.182      9.112     7.8454    32.1266 -9.990e-29     0.7803 6.6429e+00  1025.0826     7.8445    25.0399    10.2736    313.212    9.64261  293.97434    106.544 -9.990e-29
