CalculateIndicators/WaterTemperature/Data/CTD_NYOS/20240426_C04.cnv
* Sea-Bird SBE 9 Data File:
* FileName = C:\Seabird 9 CTD\Data\2024\202404_offshore\20240426_C04.hex
* Software Version Seasave V 7.23.2
* Temperature SN = 4590
* Conductivity SN = 3228
* Number of Bytes Per Scan = 44
* Number of Voltage Words = 5
* Number of Scans Averaged by the Deck Unit = 1
* NMEA Latitude = 40 34.13 N
* NMEA Longitude = 073 24.44 W
* NMEA UTC (Time) = Apr 26 2024  11:14:32
* NMEA baud rate = 4800
** Ship: Seawolf
** Station: 8.1
** Operator: SJW
# nquan = 18
# nvalues = 6873                        
# units = specified
# name 0 = latitude: Latitude [deg]
# name 1 = longitude: Longitude [deg]
# name 2 = prDM: Pressure, Digiquartz [db]
# name 3 = depSM: Depth [salt water, m]
# name 4 = t090C: Temperature [ITS-90, deg C]
# name 5 = sal00: Salinity, Practical [PSU]
# name 6 = ph: pH
# name 7 = flECO-AFL: Fluorescence, WET Labs ECO-AFL/FL [mg/m^3]
# name 8 = cpar: CPAR/Corrected Irradiance [%]
# name 9 = density00: Density [density, kg/m^3]
# name 10 = potemp090C: Potential Temperature [ITS-90, deg C]
# name 11 = sigma-é00: Density [sigma-theta, kg/m^3]
# name 12 = sbeox0Mg/L: Oxygen, SBE 43 [mg/l]
# name 13 = sbox0Mm/Kg: Oxygen, SBE 43 [umol/kg]
# name 14 = oxsolMg/L: Oxygen Saturation, Garcia & Gordon [mg/l]
# name 15 = oxsolMm/Kg: Oxygen Saturation, Garcia & Gordon [umol/kg]
# name 16 = sbeox0PS: Oxygen, SBE 43 [% saturation]
# name 17 = flag:  0.000e+00
# span 0 =   40.56888,   40.56894       
# span 1 =  -73.40814,  -73.40738       
# span 2 =      1.725,     14.796       
# span 3 =      1.711,     14.682       
# span 4 =     8.7454,     9.4701       
# span 5 =    29.5500,    30.0758       
# span 6 =      7.942,      8.022       
# span 7 =     0.5386,     1.1430       
# span 8 = 1.2349e-01, 1.5132e+02       
# span 9 =  1022.7958,  1023.3700       
# span 10 =     8.7439,     9.4697      
# span 11 =    22.7841,    23.3027      
# span 12 =     8.5280,     9.4646      
# span 13 =    260.438,    289.182      
# span 14 =    9.45317,    9.57691      
# span 15 =  288.82119,  292.46797      
# span 16 =     89.064,    100.077      
# span 17 = 0.0000e+00, 0.0000e+00      
# interval = seconds: 0.0416667
# start_time = Apr 26 2024 11:14:34 [System UTC, first data scan.]
# bad_flag = -9.990e-29
*END*
[from data line 1689]
   40.56890  -73.40752     14.507     14.395     8.7504    30.0693      7.947     0.9012 1.3706e-01  1023.3635     8.7490    23.2972     8.5533    261.212    9.57524  292.42118     89.327 -9.990e-29
   40.56890  -73.40752     14.503     14.391     8.7506    30.0693      7.942     0.9012 1.3706e-01  1023.3635     8.7492    23.2971     8.5533    261.211    9.57518  292.41911     89.328 -9.990e-29
   40.56890  -73.40752     14.503     14.391     8.7507    30.0691      7.947     0.9012 1.3706e-01  1023.3631     8.7493    23.2969     8.5534    261.214    9.57515  292.41846     89.329 -9.990e-29
   40.56890  -73.40752     14.496     14.384     8.7507    30.0691      7.942     0.9012 1.3687e-01  1023.3631     8.7493    23.2969     8.5475    261.034    9.57520  292.41991     89.267 -9.990e-29
   40.56890  -73.40752     14.494     14.381     8.7507    30.0691      7.942     0.9012 1.3727e-01  1023.3633     8.7493    23.2970     8.5468    261.015    9.57518  292.41926     89.260 -9.990e-29
   40.56890  -73.40752     14.496     14.384     8.7506    30.0691      7.947     0.9012 1.3727e-01  1023.3631     8.7492    23.2970     8.5462    260.996    9.57510  292.41714     89.255 -9.990e-29
   40.56890  -73.40752     14.484     14.372     8.7504    30.0690      7.947     0.9012 1.3767e-01  1023.3634     8.7489    23.2969     8.5457    260.981    9.57513  292.41808     89.249 -9.990e-29
   40.56890  -73.40752     14.484     14.372     8.7507    30.0687      7.947     0.9012 1.3767e-01  1023.3627     8.7493    23.2966     8.5453    260.968    9.57510  292.41721     89.245 -9.990e-29
   40.56890  -73.40752     14.487     14.374     8.7509    30.0683      7.947     0.9012 1.3767e-01  1023.3625     8.7495    23.2964     8.5458    260.983    9.57509  292.41707     89.250 -9.990e-29
   40.56890  -73.40752     14.463     14.351     8.7509    30.0682      7.947     0.9012 1.3808e-01  1023.3622     8.7495    23.2963     8.5457    260.981    9.57524  292.42221     89.248 -9.990e-29
   40.56890  -73.40752     14.477     14.365     8.7512    30.0683      7.942     0.9012 1.3848e-01  1023.3624     8.7498    23.2963     8.5518    261.167    9.57544  292.42925     89.310 -9.990e-29
   40.56890  -73.40752     14.463     14.351     8.7507    30.0685      7.947     0.9012 1.3848e-01  1023.3625     8.7493    23.2965     8.5461    260.994    9.57515  292.41933     89.253 -9.990e-29
   40.56890  -73.40752     14.463     14.351     8.7504    30.0689      7.947     0.9012 1.3889e-01  1023.3629     8.7490    23.2969     8.5460    260.988    9.57500  292.41458     89.253 -9.990e-29
   40.56890  -73.40752     14.456     14.344     8.7501    30.0693      7.947     0.9012 1.3930e-01  1023.3635     8.7487    23.2971     8.5459    260.986    9.57494  292.41263     89.253 -9.990e-29
   40.56890  -73.40752     14.463     14.351     8.7501    30.0695      7.942     0.9012 1.3970e-01  1023.3633     8.7487    23.2973     8.5460    260.989    9.57497  292.41356     89.253 -9.990e-29
   40.56890  -73.40752     14.436     14.324     8.7498    30.0697      7.947     0.9012 1.3970e-01  1023.3637     8.7483    23.2976     8.5452    260.966    9.57495  292.41290     89.246 -9.990e-29
   40.56890  -73.40752     14.443     14.331     8.7494    30.0697      7.942     0.9012 1.4053e-01  1023.3638     8.7480    23.2976     8.5455    260.974    9.57504  292.41543     89.248 -9.990e-29
   40.56890  -73.40752     14.433     14.321     8.7498    30.0694      7.942     0.9147 1.4094e-01  1023.3633     8.7483    23.2973     8.5458    260.984    9.57509  292.41747     89.250 -9.990e-29
   40.56890  -73.40752     14.426     14.314     8.7504    30.0689      7.942     0.9012 1.4094e-01  1023.3626     8.7490    23.2968     8.5461    260.993    9.57508  292.41733     89.254 -9.990e-29
   40.56890  -73.40752     14.412     14.301     8.7504    30.0686      7.947     0.9012 1.4177e-01  1023.3624     8.7490    23.2966     8.5464    261.001    9.57496  292.41373     89.257 -9.990e-29
   40.56890  -73.40752     14.426     14.314     8.7506    30.0685      7.947     0.9012 1.4218e-01  1023.3623     8.7492    23.2965     8.5467    261.013    9.57490  292.41181     89.262 -9.990e-29
   40.56890  -73.40752     14.392     14.280     8.7503    30.0687      7.947     0.9012 1.4218e-01  1023.3626     8.7489    23.2967     8.5472    261.028    9.57486  292.41076     89.267 -9.990e-29
   40.56890  -73.40752     14.403     14.291     8.7499    30.0688      7.942     0.9012 1.4302e-01  1023.3627     8.7485    23.2969     8.5478    261.044    9.57482  292.40941     89.274 -9.990e-29
   40.56890  -73.40752     14.396     14.284     8.7501    30.0688      7.947     0.8878 1.4386e-01  1023.3627     8.7487    23.2969     8.5484    261.064    9.57480  292.40846     89.281 -9.990e-29
   40.56890  -73.40752     14.382     14.271     8.7503    30.0686      7.942     0.8878 1.4386e-01  1023.3624     8.7489    23.2967     8.5483    261.059    9.57477  292.40766     89.279 -9.990e-29
   40.56890  -73.40752     14.385     14.273     8.7509    30.0682      7.942     0.8878 1.4470e-01  1023.3620     8.7495    23.2962     8.5422    260.872    9.57485  292.40965     89.215 -9.990e-29
   40.56890  -73.40752     14.361     14.250     8.7512    30.0675      7.947     0.8878 1.4555e-01  1023.3613     8.7498    23.2956     8.5474    261.032    9.57484  292.40938     89.269 -9.990e-29
   40.56890  -73.40752     14.361     14.250     8.7516    30.0664      7.947     0.8878 1.4598e-01  1023.3606     8.7502    23.2947     8.5483    261.058    9.57484  292.40952     89.278 -9.990e-29
   40.56890  -73.40752     14.355     14.243     8.7529    30.0648      7.947     0.8878 1.4641e-01  1023.3589     8.7514    23.2933     8.5484    261.062    9.57490  292.41119     89.279 -9.990e-29
   40.56890  -73.40752     14.352     14.241     8.7539    30.0632      7.947     0.8878 1.4770e-01  1023.3573     8.7525    23.2920     8.5485    261.065    9.57490  292.41119     89.280 -9.990e-29
   40.56890  -73.40752     14.345     14.234     8.7545    30.0620      7.942     0.8878 1.4770e-01  1023.3560     8.7531    23.2909     8.5486    261.070    9.57492  292.41198     89.282 -9.990e-29
   40.56890  -73.40752     14.341     14.230     8.7547    30.0614      7.942     0.8878 1.4813e-01  1023.3558     8.7533    23.2904     8.5488    261.075    9.57492  292.41186     89.283 -9.990e-29
   40.56890  -73.40752     14.331     14.220     8.7547    30.0612      7.942     0.8878 1.4944e-01  1023.3557     8.7533    23.2902     8.5491    261.083    9.57498  292.41386     89.286 -9.990e-29
   40.56890  -73.40752     14.315     14.204     8.7547    30.0609      7.942     0.8878 1.4988e-01  1023.3556     8.7533    23.2899     8.5492    261.089    9.57492  292.41222     89.288 -9.990e-29
   40.56890  -73.40754     14.322     14.211     8.7553    30.0604      7.947     0.8878 1.4988e-01  1023.3550     8.7539    23.2895     8.5496    261.099    9.57495  292.41336     89.291 -9.990e-29
   40.56890  -73.40754     14.315     14.204     8.7557    30.0597      7.947     0.8744 1.5076e-01  1023.3543     8.7543    23.2889     8.5498    261.107    9.57493  292.41290     89.294 -9.990e-29
   40.56890  -73.40754     14.311     14.200     8.7561    30.0591      7.947     0.8878 1.5076e-01  1023.3536     8.7547    23.2884     8.5501    261.115    9.57483  292.41005     89.298 -9.990e-29
   40.56890  -73.40754     14.301     14.190     8.7563    30.0586      7.947     0.8878 1.5120e-01  1023.3532     8.7549    23.2879     8.5505    261.127    9.57484  292.41019     89.302 -9.990e-29
   40.56890  -73.40754     14.294     14.183     8.7567    30.0583      7.942     0.8878 1.5208e-01  1023.3528     8.7552    23.2877     8.5509    261.141    9.57488  292.41166     89.306 -9.990e-29
   40.56890  -73.40754     14.291     14.181     8.7567    30.0581      7.947     0.8878 1.5253e-01  1023.3529     8.7552    23.2875     8.5513    261.153    9.57484  292.41039     89.311 -9.990e-29
   40.56890  -73.40754     14.280     14.170     8.7571    30.0579      7.947     0.8744 1.5275e-01  1023.3525     8.7557    23.2873     8.5518    261.167    9.57481  292.40964     89.315 -9.990e-29
   40.56890  -73.40754     14.284     14.174     8.7573    30.0578      7.942     0.8878 1.5342e-01  1023.3522     8.7559    23.2872     8.5523    261.183    9.57480  292.40937     89.321 -9.990e-29
   40.56890  -73.40754     14.291     14.181     8.7570    30.0578      7.947     0.8878 1.5432e-01  1023.3526     8.7556    23.2872     8.5529    261.200    9.57481  292.40964     89.327 -9.990e-29
   40.56890  -73.40754     14.273     14.163     8.7571    30.0577      7.947     0.8878 1.5432e-01  1023.3525     8.7557    23.2871     8.5534    261.217    9.57480  292.40925     89.333 -9.990e-29
   40.56890  -73.40754     14.280     14.170     8.7573    30.0574      7.947     0.8878 1.5477e-01  1023.3521     8.7559    23.2869     8.5532    261.209    9.57476  292.40824     89.330 -9.990e-29
   40.56890  -73.40754     14.271     14.160     8.7573    30.0572      7.947     0.8878 1.5477e-01  1023.3518     8.7559    23.2866     8.5538    261.230    9.57481  292.40980     89.337 -9.990e-29
   40.56890  -73.40754     14.273     14.163     8.7576    30.0571      7.947     0.8878 1.5477e-01  1023.3516     8.7562    23.2865     8.5544    261.248    9.57477  292.40837     89.343 -9.990e-29
   40.56890  -73.40754     14.271     14.160     8.7576    30.0570      7.947     0.9012 1.5523e-01  1023.3518     8.7562    23.2865     8.5551    261.269    9.57478  292.40872     89.351 -9.990e-29
   40.56890  -73.40754     14.271     14.160     8.7578    30.0569      7.947     0.9147 1.5523e-01  1023.3515     8.7564    23.2864     8.5558    261.290    9.57474  292.40730     89.358 -9.990e-29
   40.56890  -73.40754     14.264     14.153     8.7581    30.0567      7.947     0.9147 1.5568e-01  1023.3514     8.7567    23.2862     8.5566    261.314    9.57475  292.40777     89.366 -9.990e-29
   40.56890  -73.40754     14.271     14.160     8.7583    30.0566      7.947     0.9147 1.5568e-01  1023.3513     8.7569    23.2861     8.5574    261.338    9.57475  292.40762     89.375 -9.990e-29
   40.56890  -73.40754     14.264     14.153     8.7581    30.0563      7.942     0.9147 1.5590e-01  1023.3511     8.7567    23.2859     8.5582    261.363    9.57476  292.40775     89.383 -9.990e-29
   40.56890  -73.40754     14.271     14.160     8.7583    30.0560      7.942     0.9147 1.5568e-01  1023.3510     8.7569    23.2857     8.5583    261.366    9.57485  292.41041     89.383 -9.990e-29
   40.56890  -73.40754     14.280     14.170     8.7588    30.0556      7.942     0.9147 1.5590e-01  1023.3505     8.7574    23.2852     8.5583    261.364    9.57480  292.40915     89.383 -9.990e-29
   40.56890  -73.40754     14.264     14.153     8.7589    30.0551      7.947     0.9147 1.5636e-01  1023.3497     8.7575    23.2848     8.5583    261.367    9.57488  292.41142     89.383 -9.990e-29
   40.56890  -73.40754     14.271     14.160     8.7591    30.0546      7.947     0.9147 1.5682e-01  1023.3496     8.7577    23.2844     8.5583    261.365    9.57484  292.41028     89.383 -9.990e-29
   40.56890  -73.40754     14.260     14.149     8.7591    30.0537      7.947     0.9147 1.5682e-01  1023.3496     8.7577    23.2837     8.5583    261.365    9.57482  292.40934     89.383 -9.990e-29
   40.56890  -73.40754     14.284     14.174     8.7592    30.0518      7.947     0.9147 1.5613e-01  1023.3475     8.7578    23.2822     8.5582    261.363    9.57478  292.40827     89.383 -9.990e-29
   40.56890  -73.40754     14.280     14.170     8.7594    30.0506      7.947     0.9147 1.5613e-01  1023.3444     8.7580    23.2812     8.5583    261.365    9.57485  292.41048     89.383 -9.990e-29
   40.56890  -73.40754     14.273     14.163     8.7596    30.0517      7.942     0.9281 1.5636e-01  1023.3477     8.7582    23.2820     8.5591    261.391    9.57483  292.40973     89.392 -9.990e-29
   40.56890  -73.40754     14.291     14.181     8.7597    30.0532      7.947     0.9147 1.5590e-01  1023.3490     8.7583    23.2832     8.5592    261.393    9.57487  292.41101     89.392 -9.990e-29
   40.56890  -73.40754     14.280     14.170     8.7601    30.0537      7.942     0.9147 1.5590e-01  1023.3489     8.7587    23.2836     8.5592    261.393    9.57485  292.41040     89.393 -9.990e-29
   40.56890  -73.40754     14.284     14.174     8.7599    30.0539      7.947     0.9147 1.5590e-01  1023.3489     8.7585    23.2837     8.5653    261.580    9.57483  292.41008     89.456 -9.990e-29
   40.56890  -73.40754     14.291     14.181     8.7599    30.0540      7.947     0.9281 1.5545e-01  1023.3492     8.7585    23.2838     8.5601    261.419    9.57485  292.41054     89.402 -9.990e-29
   40.56890  -73.40754     14.284     14.174     8.7594    30.0539      7.942     0.9147 1.5500e-01  1023.3495     8.7580    23.2838     8.5661    261.605    9.57484  292.41015     89.465 -9.990e-29
   40.56890  -73.40754     14.301     14.190     8.7596    30.0532      7.947     0.9147 1.5500e-01  1023.3485     8.7582    23.2832     8.5669    261.629    9.57483  292.40994     89.473 -9.990e-29
   40.56890  -73.40754     14.301     14.190     8.7599    30.0523      7.947     0.9147 1.5454e-01  1023.3476     8.7585    23.2825     8.5616    261.465    9.57480  292.40899     89.418 -9.990e-29
   40.56890  -73.40754     14.294     14.183     8.7606    30.0519      7.947     0.9147 1.5409e-01  1023.3472     8.7592    23.2820     8.5615    261.465    9.57485  292.41039     89.417 -9.990e-29
   40.56890  -73.40754     14.301     14.190     8.7609    30.0518      7.947     0.9147 1.5409e-01  1023.3472     8.7595    23.2819     8.5615    261.462    9.57483  292.41000     89.416 -9.990e-29
   40.56890  -73.40754     14.311     14.200     8.7610    30.0520      7.947     0.9147 1.5387e-01  1023.3472     8.7596    23.2820     8.5675    261.646    9.57484  292.41028     89.479 -9.990e-29
   40.56890  -73.40754     14.304     14.193     8.7610    30.0525      7.947     0.9147 1.5387e-01  1023.3477     8.7596    23.2824     8.5682    261.667    9.57482  292.40980     89.487 -9.990e-29
   40.56890  -73.40754     14.310     14.200     8.7609    30.0531      7.942     0.8878 1.5387e-01  1023.3484     8.7595    23.2829     8.5688    261.688    9.57480  292.40948     89.494 -9.990e-29
   40.56890  -73.40754     14.315     14.204     8.7609    30.0537      7.947     0.8475 1.5297e-01  1023.3488     8.7595    23.2834     8.5634    261.521    9.57475  292.40800     89.437 -9.990e-29
   40.56890  -73.40754     14.310     14.200     8.7604    30.0542      7.947     0.8341 1.5208e-01  1023.3493     8.7590    23.2838     8.5632    261.516    9.57475  292.40824     89.435 -9.990e-29
   40.56890  -73.40754     14.321     14.211     8.7603    30.0546      7.947     0.8341 1.5208e-01  1023.3498     8.7589    23.2842     8.5742    261.851    9.57461  292.40418     89.551 -9.990e-29
   40.56890  -73.40754     14.324     14.213     8.7603    30.0546      7.947     0.8475 1.5230e-01  1023.3498     8.7588    23.2843     8.5694    261.706    9.57456  292.40278     89.502 -9.990e-29
   40.56890  -73.40754     14.321     14.211     8.7601    30.0545      7.947     0.8475 1.5141e-01  1023.3496     8.7587    23.2842     8.5699    261.722    9.57457  292.40316     89.507 -9.990e-29
   40.56890  -73.40754     14.315     14.204     8.7601    30.0545      7.947     0.8475 1.5141e-01  1023.3496     8.7587    23.2842     8.5764    261.921    9.57451  292.40117     89.576 -9.990e-29
   40.56890  -73.40754     14.321     14.211     8.7599    30.0545      7.942     0.8475 1.5141e-01  1023.3497     8.7585    23.2842     8.5716    261.773    9.57452  292.40128     89.525 -9.990e-29
