CalculateIndicators/WaterTemperature/Data/CTD_NYOS/20240429_C33.cnv
* Sea-Bird SBE 9 Data File:
* FileName = C:\Seabird 9 CTD\Data\2024\202404_offshore\20240429_C33.hex
* Software Version Seasave V 7.23.2
* Temperature SN = 4590
* Conductivity SN = 3228
* Number of Bytes Per Scan = 44
* Number of Voltage Words = 5
* Number of Scans Averaged by the Deck Unit = 1
* NMEA Latitude = 40 29.67 N
* NMEA Longitude = 071 56.07 W
* NMEA UTC (Time) = Apr 29 2024  20:59:27
* NMEA baud rate = 4800
** Ship: Seawolf
** Station: 11.3
** Operator: TCM
# nquan = 18
# nvalues = 13220                       
# units = specified
# name 0 = latitude: Latitude [deg]
# name 1 = longitude: Longitude [deg]
# name 2 = prDM: Pressure, Digiquartz [db]
# name 3 = depSM: Depth [salt water, m]
# name 4 = t090C: Temperature [ITS-90, deg C]
# name 5 = sal00: Salinity, Practical [PSU]
# name 6 = ph: pH
# name 7 = flECO-AFL: Fluorescence, WET Labs ECO-AFL/FL [mg/m^3]
# name 8 = cpar: CPAR/Corrected Irradiance [%]
# name 9 = density00: Density [density, kg/m^3]
# name 10 = potemp090C: Potential Temperature [ITS-90, deg C]
# name 11 = sigma-é00: Density [sigma-theta, kg/m^3]
# name 12 = sbeox0Mg/L: Oxygen, SBE 43 [mg/l]
# name 13 = sbox0Mm/Kg: Oxygen, SBE 43 [umol/kg]
# name 14 = oxsolMg/L: Oxygen Saturation, Garcia & Gordon [mg/l]
# name 15 = oxsolMm/Kg: Oxygen Saturation, Garcia & Gordon [umol/kg]
# name 16 = sbeox0PS: Oxygen, SBE 43 [% saturation]
# name 17 = flag:  0.000e+00
# span 0 =   40.49450,   40.49466       
# span 1 =  -71.93658,  -71.93462       
# span 2 =      1.581,     61.337       
# span 3 =      1.568,     60.855       
# span 4 =     6.0676,     9.0854       
# span 5 =    31.3118,    31.9102       
# span 6 =      7.909,      8.073       
# span 7 =     0.0148,     3.0368       
# span 8 = 5.1411e-14, 9.3755e+00       
# span 9 =  1024.2085,  1025.3876       
# span 10 =     6.0627,     9.0852      
# span 11 =    24.2316,    25.1042      
# span 12 =     9.1833,    10.5976      
# span 13 =    279.968,    323.255      
# span 14 =    9.42731,   10.06774      
# span 15 =  287.63660,  306.95123      
# span 16 =     91.361,    110.610      
# span 17 = 0.0000e+00, 0.0000e+00      
# interval = seconds: 0.0416667
# start_time = Apr 29 2024 20:59:25 [System UTC, first data scan.]
# bad_flag = -9.990e-29
*END*
[from data line 4985]
   40.49454  -71.93526     45.052     44.700     6.3456    31.7301 -9.990e-29     0.0551 1.4456e-02  1025.1355     6.3419    24.9279     9.3611    285.426   10.00614  305.09324     93.554 0.0000e+00
   40.49454  -71.93526     45.022     44.670     6.3466    31.7306 -9.990e-29     0.0416 1.4669e-02  1025.1358     6.3429    24.9282     9.3623    285.460   10.00645  305.10204     93.562 0.0000e+00
   40.49454  -71.93526     45.001     44.649     6.3480    31.7312 -9.990e-29     0.0551 1.4707e-02  1025.1362     6.3443    24.9284     9.3623    285.460   10.00673  305.11072     93.560 0.0000e+00
   40.49454  -71.93526     44.991     44.640     6.3503    31.7316 -9.990e-29     0.0551 1.4814e-02  1025.1362     6.3466    24.9284     9.3697    285.687   10.00702  305.11938     93.631 0.0000e+00
   40.49454  -71.93526     44.960     44.608     6.3522    31.7316 -9.990e-29     0.0416 1.5086e-02  1025.1359     6.3485    24.9282     9.3638    285.507   10.00719  305.12373     93.571 0.0000e+00
   40.49454  -71.93526     44.950     44.599     6.3552    31.7311 -9.990e-29     0.0416 1.5141e-02  1025.1349     6.3515    24.9275     9.3703    285.705   10.00685  305.11273     93.639 0.0000e+00
   40.49454  -71.93526     44.920     44.569     6.3574    31.7306 -9.990e-29     0.0416 1.5125e-02  1025.1337     6.3537    24.9269     9.3763    285.885   10.00609  305.08864     93.706 0.0000e+00
   40.49454  -71.93526     44.909     44.558     6.3583    31.7303 -9.990e-29     0.0416 1.5125e-02  1025.1337     6.3546    24.9265     9.3694    285.674   10.00481  305.04898     93.649 0.0000e+00
   40.49454  -71.93526     44.899     44.548     6.3602    31.7301 -9.990e-29     0.0416 1.5125e-02  1025.1335     6.3565    24.9261     9.3688    285.657   10.00350  305.00933     93.655 0.0000e+00
   40.49454  -71.93526     44.878     44.528     6.3622    31.7297 -9.990e-29     0.0416 1.5070e-02  1025.1323     6.3584    24.9256     9.3685    285.648   10.00252  304.97958     93.661 0.0000e+00
   40.49454  -71.93526     44.869     44.518     6.3630    31.7298 -9.990e-29     0.0416 1.5125e-02  1025.1320     6.3593    24.9255     9.3679    285.632   10.00148  304.94878     93.666 -9.990e-29
   40.49454  -71.93526     44.869     44.518     6.3644    31.7303 -9.990e-29     0.0416 1.5180e-02  1025.1331     6.3607    24.9257     9.3677    285.626   10.00083  304.92993     93.669 -9.990e-29
   40.49454  -71.93526     44.838     44.488     6.3676    31.7307 -9.990e-29     0.0416 1.5180e-02  1025.1325     6.3639    24.9256     9.3611    285.425   10.00043  304.91858     93.607 -9.990e-29
   40.49454  -71.93526     44.838     44.488     6.3699    31.7307 -9.990e-29     0.0416 1.5180e-02  1025.1323     6.3662    24.9254     9.3667    285.595   10.00023  304.91276     93.665 -9.990e-29
   40.49454  -71.93526     44.827     44.477     6.3718    31.7305 -9.990e-29     0.0416 1.5195e-02  1025.1318     6.3681    24.9250     9.3667    285.597   10.00014  304.91055     93.666 0.0000e+00
   40.49454  -71.93526     44.818     44.467     6.3733    31.7301      7.927     0.0416 1.5251e-02  1025.1313     6.3696    24.9246     9.3670    285.605   10.00038  304.91882     93.666 -9.990e-29
   40.49454  -71.93526     44.818     44.467     6.3738    31.7295      7.927     0.0416 1.5086e-02  1025.1308     6.3701    24.9240     9.3741    285.824   10.00111  304.94163     93.731 -9.990e-29
   40.49454  -71.93526     44.808     44.458     6.3752    31.7289      7.927     0.0416 1.5031e-02  1025.1299     6.3715    24.9232     9.3693    285.677   10.00200  304.96859     93.674 0.0000e+00
   40.49454  -71.93526     44.797     44.447     6.3765    31.7284      7.927     0.0416 1.4977e-02  1025.1289     6.3728    24.9227     9.3692    285.674   10.00230  304.97660     93.671 -9.990e-29
   40.49454  -71.93526     44.797     44.447     6.3776    31.7285      7.927     0.0416 1.5195e-02  1025.1293     6.3739    24.9226     9.3685    285.649   10.00198  304.96560     93.666 -9.990e-29
   40.49454  -71.93526     44.807     44.456     6.3796    31.7286      7.927     0.0416 1.5400e-02  1025.1294     6.3759    24.9225     9.3673    285.612   10.00144  304.94889     93.659 -9.990e-29
   40.49454  -71.93526     44.797     44.447     6.3826    31.7285      7.927     0.0416 1.5400e-02  1025.1287     6.3789    24.9220     9.3725    285.774   10.00098  304.93515     93.716 -9.990e-29
   40.49454  -71.93526     44.797     44.447     6.3854    31.7281      7.927     0.0416 1.5290e-02  1025.1279     6.3817    24.9214     9.3658    285.567   10.00067  304.92573     93.651 -9.990e-29
   40.49454  -71.93526     44.797     44.447     6.3871    31.7275      7.927     0.0416 1.5125e-02  1025.1276     6.3834    24.9207     9.3645    285.531   10.00053  304.92218     93.640 -9.990e-29
   40.49454  -71.93526     44.797     44.447     6.3884    31.7264      7.927     0.0416 1.5125e-02  1025.1265     6.3847    24.9197     9.3646    285.534   10.00075  304.92987     93.639 -9.990e-29
   40.49454  -71.93526     44.807     44.456     6.3894    31.7247      7.927     0.0416 1.5141e-02  1025.1251     6.3857    24.9182     9.3707    285.720   10.00153  304.95451     93.693 -9.990e-29
   40.49454  -71.93526     44.797     44.447     6.3903    31.7227      7.927     0.0416 1.5086e-02  1025.1230     6.3866    24.9166     9.3723    285.768   10.00246  304.98347     93.700 -9.990e-29
   40.49454  -71.93526     44.807     44.456     6.3916    31.7212      7.927     0.0416 1.5086e-02  1025.1213     6.3879    24.9152     9.3739    285.819   10.00359  305.01801     93.706 -9.990e-29
   40.49454  -71.93526     44.818     44.467     6.3926    31.7210      7.927     0.0416 1.5031e-02  1025.1207     6.3889    24.9150     9.3745    285.837   10.00477  305.05386     93.701 -9.990e-29
   40.49454  -71.93526     44.827     44.477     6.3923    31.7223      7.927     0.0416 1.4761e-02  1025.1226     6.3886    24.9159     9.3683    285.646   10.00580  305.08454     93.629 -9.990e-29
   40.49454  -71.93526     44.827     44.477     6.3942    31.7236      7.927     0.0282 1.4692e-02  1025.1244     6.3905    24.9167     9.3671    285.609   10.00649  305.10465     93.610 -9.990e-29
   40.49454  -71.93526     44.818     44.467     6.3974    31.7235      7.927     0.0282 1.4692e-02  1025.1235     6.3937    24.9163     9.3731    285.790   10.00690  305.11633     93.666 -9.990e-29
   40.49454  -71.93526     44.848     44.498     6.3991    31.7225      7.927     0.0282 1.4784e-02  1025.1214     6.3954    24.9154     9.3733    285.796   10.00724  305.12656     93.665 -9.990e-29
   40.49454  -71.93526     44.848     44.498     6.3989    31.7222      7.932     0.0282 1.4768e-02  1025.1214     6.3952    24.9151     9.3733    285.797   10.00755  305.13592     93.662 -9.990e-29
   40.49454  -71.93526     44.858     44.507     6.3979    31.7226      7.927     0.0282 1.4768e-02  1025.1231     6.3942    24.9155     9.3798    285.997   10.00796  305.14843     93.724 -9.990e-29
   40.49454  -71.93526     44.859     44.509     6.3983    31.7224      7.927     0.0282 1.4753e-02  1025.1224     6.3945    24.9153     9.3808    286.027   10.00855  305.16627     93.728 -9.990e-29
   40.49454  -71.93526     44.869     44.518     6.3983    31.7216      7.927     0.0282 1.4684e-02  1025.1211     6.3946    24.9147     9.3750    285.847   10.00890  305.17634     93.666 -9.990e-29
   40.49454  -71.93526     44.878     44.528     6.3978    31.7207      7.927     0.0282 1.4684e-02  1025.1220     6.3941    24.9140     9.3819    286.058   10.00913  305.18312     93.733 -9.990e-29
   40.49454  -71.93526     44.878     44.528     6.3989    31.7173      7.927     0.0282 1.4776e-02  1025.1206     6.3952    24.9113     9.3755    285.863   10.00926  305.18702     93.668 -9.990e-29
   40.49454  -71.93526     44.899     44.548     6.3996    31.7114      7.927     0.0282 1.4868e-02  1025.1120     6.3958    24.9068     9.3813    286.040   10.00964  305.19868     93.722 -9.990e-29
   40.49454  -71.93526     44.910     44.559     6.3929    31.7077      7.932     0.0282 1.4868e-02  1025.1085     6.3892    24.9045     9.3826    286.082   10.01028  305.21886     93.730 -9.990e-29
   40.49454  -71.93526     44.920     44.569     6.3849    31.7092      7.927     0.0282 1.4692e-02  1025.1129     6.3812    24.9065     9.3778    285.936   10.01132  305.25051     93.672 -9.990e-29
   40.49454  -71.93526     44.929     44.578     6.3793    31.7127      7.932     0.0282 1.4585e-02  1025.1185     6.3756    24.9099     9.3850    286.152   10.01233  305.28079     93.734 -9.990e-29
   40.49454  -71.93526     44.929     44.578     6.3767    31.7141      7.927     0.0282 1.4585e-02  1025.1204     6.3730    24.9113     9.3852    286.159   10.01312  305.30432     93.729 -9.990e-29
   40.49454  -71.93526     44.961     44.610     6.3754    31.7130      7.932     0.0282 1.4479e-02  1025.1172     6.3717    24.9109     9.3863    286.192   10.01393  305.32851     93.733 -9.990e-29
   40.49454  -71.93526     44.960     44.608     6.3709    31.7129      7.932     0.0282 1.4479e-02  1025.1171     6.3672    24.9113     9.3872    286.220   10.01469  305.35091     93.735 -9.990e-29
   40.49454  -71.93526     44.981     44.629     6.3650    31.7153      7.932     0.0282 1.4426e-02  1025.1211     6.3613    24.9138     9.3878    286.235   10.01517  305.36494     93.735 -9.990e-29
   40.49454  -71.93526     44.981     44.629     6.3606    31.7188      7.932     0.0282 1.4479e-02  1025.1250     6.3569    24.9171     9.3881    286.244   10.01560  305.37748     93.735 -9.990e-29
   40.49454  -71.93526     45.011     44.659     6.3581    31.7218      7.927     0.0282 1.4532e-02  1025.1280     6.3544    24.9198     9.3891    286.275   10.01583  305.38424     93.743 -9.990e-29
   40.49454  -71.93526     45.022     44.670     6.3563    31.7236      7.932     0.0282 1.4585e-02  1025.1297     6.3526    24.9215     9.3890    286.272   10.01605  305.39077     93.739 -9.990e-29
   40.49454  -71.93528     45.041     44.689     6.3551    31.7245      7.932     0.0282 1.4517e-02  1025.1300     6.3513    24.9223     9.3887    286.263   10.01624  305.39615     93.735 -9.990e-29
   40.49454  -71.93528     45.052     44.700     6.3538    31.7255      7.932     0.0282 1.4396e-02  1025.1303     6.3501    24.9233     9.3882    286.248   10.01634  305.39901     93.729 -9.990e-29
   40.49454  -71.93528     45.083     44.730     6.3523    31.7278      7.927     0.0282 1.4396e-02  1025.1329     6.3486    24.9251     9.3887    286.263   10.01651  305.40398     93.733 -9.990e-29
   40.49454  -71.93528     45.083     44.730     6.3528    31.7310      7.932     0.0282 1.4359e-02  1025.1354     6.3491    24.9276     9.3879    286.238   10.01653  305.40469     93.724 -9.990e-29
   40.49454  -71.93528     45.103     44.751     6.3548    31.7344      7.927     0.0416 1.3995e-02  1025.1388     6.3510    24.9300     9.3881    286.244   10.01660  305.40663     93.726 -9.990e-29
   40.49454  -71.93528     45.124     44.771     6.3594    31.7367      7.927     0.0416 1.3855e-02  1025.1408     6.3556    24.9314     9.3894    286.282   10.01679  305.41227     93.736 -9.990e-29
   40.49454  -71.93528     45.134     44.781     6.3652    31.7372      7.932     0.0416 1.3790e-02  1025.1394     6.3615    24.9312     9.3895    286.286   10.01695  305.41715     93.736 -9.990e-29
   40.49454  -71.93528     45.154     44.802     6.3694    31.7365      7.932     0.0416 1.3725e-02  1025.1391     6.3657    24.9300     9.3897    286.291   10.01722  305.42524     93.735 -9.990e-29
   40.49454  -71.93528     45.175     44.822     6.3746    31.7344      7.932     0.0416 1.3674e-02  1025.1365     6.3708    24.9279     9.3897    286.292   10.01745  305.43233     93.734 -9.990e-29
   40.49454  -71.93528     45.205     44.852     6.3784    31.7316      7.932     0.0416 1.3688e-02  1025.1334     6.3746    24.9252     9.3962    286.489   10.01764  305.43803     93.796 -9.990e-29
   40.49454  -71.93528     45.215     44.862     6.3809    31.7291      7.932     0.0416 1.3739e-02  1025.1309     6.3771    24.9228     9.3969    286.511   10.01775  305.44123     93.802 -9.990e-29
   40.49454  -71.93528     45.236     44.882     6.3821    31.7270      7.932     0.0416 1.3790e-02  1025.1296     6.3784    24.9210     9.3964    286.496   10.01782  305.44315     93.797 -9.990e-29
   40.49454  -71.93528     45.257     44.903     6.3830    31.7247      7.932     0.0416 1.3790e-02  1025.1284     6.3792    24.9191     9.3902    286.308   10.01792  305.44602     93.734 -9.990e-29
   40.49454  -71.93528     45.287     44.933     6.3831    31.7219      7.927     0.0416 1.3688e-02  1025.1253     6.3794    24.9170     9.3895    286.286   10.01794  305.44678     93.727 -9.990e-29
   40.49454  -71.93528     45.297     44.943     6.3808    31.7199      7.932     0.0416 1.3652e-02  1025.1234     6.3770    24.9156     9.3886    286.259   10.01795  305.44675     93.718 -9.990e-29
   40.49454  -71.93528     45.327     44.973     6.3770    31.7203      7.932     0.0416 1.3652e-02  1025.1240     6.3732    24.9162     9.3951    286.457   10.01780  305.44244     93.784 -9.990e-29
   40.49454  -71.93528     45.338     44.984     6.3746    31.7231      7.932     0.0416 1.3565e-02  1025.1275     6.3708    24.9187     9.3885    286.254   10.01775  305.44074     93.718 -9.990e-29
   40.49454  -71.93528     45.378     45.023     6.3744    31.7265      7.927     0.0416 1.3465e-02  1025.1320     6.3706    24.9214     9.3872    286.215   10.01758  305.43580     93.707 -9.990e-29
   40.49454  -71.93528     45.389     45.034     6.3764    31.7283      7.927     0.0416 1.3415e-02  1025.1327     6.3726    24.9227     9.3858    286.171   10.01738  305.42957     93.695 -9.990e-29
   40.49454  -71.93528     45.419     45.064     6.3785    31.7285      7.927     0.0416 1.3379e-02  1025.1323     6.3747    24.9226     9.3843    286.127   10.01720  305.42384     93.682 -9.990e-29
   40.49454  -71.93528     45.440     45.085     6.3799    31.7275      7.927     0.0416 1.3294e-02  1025.1319     6.3761    24.9216     9.3836    286.107   10.01690  305.41459     93.678 -9.990e-29
   40.49454  -71.93528     45.461     45.105     6.3812    31.7251      7.932     0.0416 1.3294e-02  1025.1299     6.3774    24.9196     9.3884    286.252   10.01654  305.40386     93.729 -9.990e-29
   40.49454  -71.93528     45.491     45.136     6.3816    31.7216      7.932     0.0416 1.3209e-02  1025.1263     6.3778    24.9169     9.3809    286.023   10.01615  305.39232     93.658 -9.990e-29
   40.49454  -71.93528     45.512     45.156     6.3792    31.7182      7.932     0.0416 1.2977e-02  1025.1239     6.3755    24.9144     9.3856    286.167   10.01596  305.38677     93.707 -9.990e-29
   40.49454  -71.93528     45.542     45.186     6.3760    31.7156      7.932     0.0416 1.2894e-02  1025.1223     6.3723    24.9128     9.3791    285.968   10.01571  305.37940     93.644 -9.990e-29
   40.49454  -71.93528     45.563     45.207     6.3716    31.7141      7.927     0.0416 1.2907e-02  1025.1216     6.3679    24.9121     9.3846    286.138   10.01551  305.37364     93.701 -9.990e-29
   40.49454  -71.93528     45.593     45.237     6.3667    31.7141      7.927     0.0416 1.2956e-02  1025.1222     6.3629    24.9127     9.3782    285.943   10.01549  305.37303     93.637 -9.990e-29
   40.49454  -71.93528     45.614     45.257     6.3617    31.7159      7.927     0.0416 1.2969e-02  1025.1246     6.3579    24.9146     9.3773    285.916   10.01547  305.37225     93.629 -9.990e-29
   40.49454  -71.93528     45.633     45.277     6.3576    31.7187      7.927     0.0416 1.2969e-02  1025.1281     6.3539    24.9173     9.3751    285.847   10.01520  305.36359     93.609 -9.990e-29
   40.49454  -71.93528     45.665     45.308     6.3550    31.7212      7.932     0.0416 1.2969e-02  1025.1311     6.3512    24.9196     9.3727    285.774   10.01484  305.35255     93.588 -9.990e-29
