CalculateIndicators/WaterTemperature/Data/CTD_NYOS/20240429_C34.cnv
* Sea-Bird SBE 9 Data File:
* FileName = C:\Seabird 9 CTD\Data\2024\202404_offshore\20240429_C34.hex
* Software Version Seasave V 7.23.2
* Temperature SN = 4590
* Conductivity SN = 3228
* Number of Bytes Per Scan = 44
* Number of Voltage Words = 5
* Number of Scans Averaged by the Deck Unit = 1
* NMEA Latitude = 40 41.11 N
* NMEA Longitude = 072 04.13 W
* NMEA UTC (Time) = Apr 29 2024  23:00:46
* NMEA baud rate = 4800
** Ship: Seawolf
** Station: 11.2
** Operator: TDK
# nquan = 18
# nvalues = 13541                       
# units = specified
# name 0 = latitude: Latitude [deg]
# name 1 = longitude: Longitude [deg]
# name 2 = prDM: Pressure, Digiquartz [db]
# name 3 = depSM: Depth [salt water, m]
# name 4 = t090C: Temperature [ITS-90, deg C]
# name 5 = sal00: Salinity, Practical [PSU]
# name 6 = ph: pH
# name 7 = flECO-AFL: Fluorescence, WET Labs ECO-AFL/FL [mg/m^3]
# name 8 = cpar: CPAR/Corrected Irradiance [%]
# name 9 = density00: Density [density, kg/m^3]
# name 10 = potemp090C: Potential Temperature [ITS-90, deg C]
# name 11 = sigma-é00: Density [sigma-theta, kg/m^3]
# name 12 = sbeox0Mg/L: Oxygen, SBE 43 [mg/l]
# name 13 = sbox0Mm/Kg: Oxygen, SBE 43 [umol/kg]
# name 14 = oxsolMg/L: Oxygen Saturation, Garcia & Gordon [mg/l]
# name 15 = oxsolMm/Kg: Oxygen Saturation, Garcia & Gordon [umol/kg]
# name 16 = sbeox0PS: Oxygen, SBE 43 [% saturation]
# name 17 = flag:  0.000e+00
# span 0 =   40.68522,   40.68670       
# span 1 =  -72.07206,  -72.06882       
# span 2 =      1.264,     44.580       
# span 3 =      1.255,     44.231       
# span 4 =     5.8869,    10.2131       
# span 5 =    29.1194,    31.7475       
# span 6 =      7.887,      8.077       
# span 7 =     0.0416,     4.3530       
# span 8 = 3.8954e-13, 3.3420e+01       
# span 9 =  1022.3454,  1025.1975       
# span 10 =     5.8839,    10.2129      
# span 11 =    22.3499,    24.9920      
# span 12 =     8.9890,    10.8126      
# span 13 =    274.061,    330.085      
# span 14 =    9.32558,   10.11972      
# span 15 =  285.05658,  308.54779      
# span 16 =     88.942,    112.869      
# span 17 = 0.0000e+00, 0.0000e+00      
# interval = seconds: 0.0416667
# start_time = Apr 29 2024 23:00:43 [System UTC, first data scan.]
# bad_flag = -9.990e-29
*END*
[from data line 9086]
   40.68620  -72.07098     10.849     10.765     8.1097    30.5851      8.050     0.7132 9.3810e-01  1023.8425     8.1086    23.7933    10.3994    317.431    9.68166  295.52144    107.414 -9.990e-29
   40.68620  -72.07098     10.849     10.765     8.1095    30.5858      8.050     0.7132 9.3261e-01  1023.8437     8.1085    23.7939    10.3965    317.340    9.68159  295.51911    107.384 -9.990e-29
   40.68620  -72.07098     10.849     10.765     8.1095    30.5864      8.050     0.7132 9.2444e-01  1023.8445     8.1085    23.7944    10.3938    317.258    9.68143  295.51394    107.358 -9.990e-29
   40.68620  -72.07098     10.838     10.754     8.1095    30.5864      8.046     0.7132 9.2444e-01  1023.8442     8.1085    23.7944    10.3967    317.346    9.68120  295.50692    107.390 -9.990e-29
   40.68620  -72.07098     10.849     10.765     8.1095    30.5861      8.046     0.7132 9.2173e-01  1023.8435     8.1085    23.7942    10.3948    317.288    9.68114  295.50470    107.372 -9.990e-29
   40.68620  -72.07100     10.854     10.770     8.1095    30.5863      8.046     0.7132 9.1902e-01  1023.8440     8.1085    23.7943    10.3925    317.218    9.68112  295.50442    107.348 -9.990e-29
   40.68620  -72.07100     10.858     10.774     8.1092    30.5865      8.046     0.7132 9.1633e-01  1023.8446     8.1082    23.7945    10.3908    317.167    9.68133  295.51149    107.328 -9.990e-29
   40.68620  -72.07100     10.838     10.754     8.1097    30.5863      8.046     0.7132 9.1633e-01  1023.8440     8.1086    23.7943    10.3887    317.103    9.68156  295.51956    107.304 -9.990e-29
   40.68620  -72.07100     10.858     10.774     8.1095    30.5856      8.046     0.7132 9.1633e-01  1023.8436     8.1085    23.7937    10.3869    317.048    9.68170  295.52388    107.283 -9.990e-29
   40.68620  -72.07100     10.879     10.795     8.1094    30.5846      8.046     0.7132 9.0743e-01  1023.8429     8.1084    23.7930    10.3846    316.979    9.68179  295.52685    107.259 -9.990e-29
   40.68620  -72.07100     10.879     10.795     8.1092    30.5836      8.046     0.7132 9.0743e-01  1023.8418     8.1082    23.7923    10.3819    316.898    9.68193  295.53137    107.230 -9.990e-29
   40.68620  -72.07100     10.889     10.804     8.1091    30.5830      8.046     0.7132 8.9947e-01  1023.8416     8.1080    23.7919    10.3798    316.834    9.68212  295.53717    107.206 -9.990e-29
   40.68620  -72.07100     10.900     10.815     8.1089    30.5831      8.046     0.7132 8.9683e-01  1023.8415     8.1078    23.7920    10.3834    316.943    9.68225  295.54139    107.242 -9.990e-29
   40.68620  -72.07100     10.909     10.825     8.1085    30.5839      8.046     0.7132 8.9683e-01  1023.8421     8.1075    23.7927    10.3820    316.900    9.68224  295.54094    107.227 -9.990e-29
   40.68620  -72.07100     10.900     10.815     8.1084    30.5858      8.046     0.7132 8.9683e-01  1023.8436     8.1073    23.7942    10.3863    317.031    9.68220  295.53927    107.272 -9.990e-29
   40.68620  -72.07100     10.904     10.819     8.1084    30.5886      8.046     0.7132 8.9683e-01  1023.8463     8.1074    23.7963    10.3788    316.803    9.68226  295.54126    107.194 -9.990e-29
   40.68620  -72.07100     10.919     10.834     8.1087    30.5912      8.046     0.7132 8.9683e-01  1023.8492     8.1077    23.7983    10.3772    316.753    9.68231  295.54260    107.177 -9.990e-29
   40.68620  -72.07100     10.919     10.834     8.1095    30.5923      8.046     0.7132 8.9683e-01  1023.8498     8.1085    23.7991    10.3759    316.715    9.68229  295.54176    107.164 -9.990e-29
   40.68620  -72.07100     10.909     10.825     8.1102    30.5919      8.046     0.7132 8.9420e-01  1023.8489     8.1091    23.7986    10.3743    316.665    9.68217  295.53744    107.149 -9.990e-29
   40.68620  -72.07100     10.919     10.834     8.1100    30.5907      8.046     0.7132 8.8560e-01  1023.8476     8.1090    23.7977    10.3722    316.601    9.68197  295.53091    107.129 -9.990e-29
   40.68620  -72.07100     10.919     10.834     8.1104    30.5897      8.046     0.7132 8.8560e-01  1023.8465     8.1093    23.7969    10.3708    316.556    9.68180  295.52519    107.117 -9.990e-29
   40.68620  -72.07100     10.919     10.834     8.1102    30.5894      8.046     0.7266 8.8560e-01  1023.8466     8.1091    23.7967    10.3682    316.477    9.68169  295.52194    107.091 -9.990e-29
   40.68620  -72.07100     10.919     10.834     8.1098    30.5892      8.046     0.8341 8.8300e-01  1023.8470     8.1088    23.7966    10.3724    316.605    9.68161  295.51939    107.135 -9.990e-29
   40.68620  -72.07100     10.930     10.845     8.1100    30.5885      8.046     0.8878 8.8560e-01  1023.8460     8.1090    23.7960    10.3650    316.379    9.68168  295.52179    107.058 -9.990e-29
   40.68620  -72.07100     10.945     10.860     8.1098    30.5876      8.046     0.9012 8.8560e-01  1023.8454     8.1088    23.7953    10.3625    316.303    9.68172  295.52346    107.032 -9.990e-29
   40.68620  -72.07100     10.960     10.875     8.1094    30.5870      8.046     0.8878 8.8560e-01  1023.8449     8.1083    23.7948    10.3669    316.438    9.68180  295.52605    107.076 -9.990e-29
   40.68620  -72.07100     10.951     10.866     8.1092    30.5869      8.046     0.8878 8.7717e-01  1023.8445     8.1082    23.7948    10.3656    316.397    9.68179  295.52541    107.063 -9.990e-29
   40.68620  -72.07100     10.960     10.875     8.1089    30.5880      8.046     0.8878 8.6947e-01  1023.8454     8.1078    23.7957    10.3579    316.163    9.68187  295.52809    106.982 -9.990e-29
   40.68620  -72.07100     10.960     10.875     8.1089    30.5901      8.046     0.8878 8.6947e-01  1023.8476     8.1078    23.7974    10.3554    316.087    9.68203  295.53330    106.955 -9.990e-29
   40.68620  -72.07100     10.970     10.885     8.1092    30.5924      8.046     0.8878 8.6947e-01  1023.8500     8.1082    23.7992    10.3595    316.213    9.68205  295.53450    106.997 -9.990e-29
   40.68620  -72.07100     10.970     10.885     8.1098    30.5934      8.046     0.8878 8.6947e-01  1023.8509     8.1088    23.7999    10.3582    316.173    9.68217  295.53793    106.982 -9.990e-29
   40.68620  -72.07100     10.970     10.885     8.1103    30.5927      8.046     0.8878 8.7203e-01  1023.8499     8.1093    23.7992    10.3565    316.123    9.68222  295.53978    106.965 -9.990e-29
   40.68620  -72.07100     10.970     10.885     8.1105    30.5907      8.046     0.8878 8.7203e-01  1023.8481     8.1095    23.7977    10.3556    316.095    9.68234  295.54363    106.954 -9.990e-29
   40.68620  -72.07100     10.975     10.890     8.1104    30.5885      8.046     0.8878 8.7783e-01  1023.8457     8.1093    23.7960    10.3536    316.033    9.68245  295.54675    106.932 -9.990e-29
   40.68620  -72.07100     10.981     10.896     8.1102    30.5873      8.046     0.8878 8.7783e-01  1023.8446     8.1091    23.7951    10.3522    315.990    9.68254  295.54953    106.916 -9.990e-29
   40.68620  -72.07100     10.981     10.896     8.1097    30.5877      8.046     0.8878 8.7783e-01  1023.8452     8.1086    23.7954    10.3505    315.938    9.68258  295.55056    106.898 -9.990e-29
   40.68620  -72.07100     10.981     10.896     8.1097    30.5891      8.046     0.8878 8.7783e-01  1023.8469     8.1087    23.7965    10.3485    315.878    9.68256  295.54999    106.878 -9.990e-29
   40.68620  -72.07100     10.990     10.905     8.1102    30.5906      8.046     0.8878 8.8041e-01  1023.8480     8.1091    23.7977    10.3534    316.028    9.68257  295.55002    106.929 -9.990e-29
   40.68620  -72.07100     11.000     10.915     8.1100    30.5920      8.046     0.8878 8.8635e-01  1023.8493     8.1090    23.7987    10.3465    315.816    9.68243  295.54551    106.859 -9.990e-29
   40.68620  -72.07100     11.000     10.915     8.1105    30.5932      8.046     0.8878 8.8896e-01  1023.8500     8.1095    23.7996    10.3449    315.766    9.68247  295.54692    106.841 -9.990e-29
   40.68620  -72.07100     11.000     10.915     8.1105    30.5942      8.046     0.8878 8.8635e-01  1023.8510     8.1095    23.8004    10.3445    315.755    9.68297  295.56351    106.832 -9.990e-29
   40.68620  -72.07100     11.011     10.926     8.1110    30.5949      8.046     0.8878 8.8635e-01  1023.8514     8.1100    23.8008    10.3440    315.744    9.68357  295.58338    106.821 -9.990e-29
   40.68620  -72.07100     11.015     10.930     8.1112    30.5952      8.046     0.8878 8.9768e-01  1023.8517     8.1101    23.8010    10.3433    315.721    9.68399  295.59750    106.808 -9.990e-29
   40.68620  -72.07100     11.011     10.926     8.1110    30.5952      8.046     0.8878 9.0032e-01  1023.8513     8.1100    23.8010    10.3432    315.719    9.68432  295.60767    106.803 -9.990e-29
   40.68620  -72.07100     11.011     10.926     8.1113    30.5954      8.046     0.8878 9.0923e-01  1023.8514     8.1103    23.8012    10.3420    315.684    9.68460  295.61711    106.788 -9.990e-29
   40.68620  -72.07100     11.021     10.935     8.1113    30.5960      8.046     0.8878 9.0656e-01  1023.8521     8.1103    23.8017    10.3409    315.651    9.68506  295.63189    106.771 -9.990e-29
   40.68620  -72.07100     11.000     10.915     8.1113    30.5970      8.046     0.9684 9.0656e-01  1023.8527     8.1103    23.8024    10.3395    315.607    9.68536  295.64117    106.754 -9.990e-29
   40.68620  -72.07100     11.021     10.935     8.1115    30.5980      8.046     1.0490 9.1563e-01  1023.8539     8.1104    23.8033    10.3378    315.557    9.68561  295.64899    106.734 -9.990e-29
   40.68620  -72.07100     11.000     10.915     8.1117    30.5989      8.046     1.0624 9.1563e-01  1023.8544     8.1106    23.8039    10.3298    315.314    9.68583  295.65576    106.649 -9.990e-29
   40.68620  -72.07100     11.011     10.926     8.1118    30.5998      8.046     1.0624 9.2103e-01  1023.8549     8.1108    23.8046    10.3281    315.260    9.68614  295.66562    106.627 -9.990e-29
   40.68620  -72.07100     11.015     10.930     8.1121    30.6010      8.046     1.0624 9.3033e-01  1023.8560     8.1111    23.8054    10.3324    315.392    9.68645  295.67577    106.668 -9.990e-29
   40.68620  -72.07100     11.011     10.926     8.1128    30.6020      8.046     1.0490 9.3033e-01  1023.8568     8.1118    23.8062    10.3250    315.166    9.68663  295.68098    106.590 -9.990e-29
   40.68620  -72.07100     11.011     10.926     8.1128    30.6023      8.046     1.0624 9.3581e-01  1023.8576     8.1118    23.8064    10.3297    315.309    9.68666  295.68138    106.638 -9.990e-29
   40.68620  -72.07100     11.021     10.935     8.1133    30.6011      8.046     1.0624 9.4536e-01  1023.8566     8.1122    23.8054    10.3290    315.290    9.68671  295.68290    106.631 -9.990e-29
   40.68620  -72.07100     11.011     10.926     8.1133    30.5986      8.046     1.0624 9.4814e-01  1023.8540     8.1122    23.8034    10.3286    315.277    9.68701  295.69283    106.623 -9.990e-29
   40.68620  -72.07100     11.021     10.935     8.1133    30.5959      8.046     1.0624 9.5093e-01  1023.8511     8.1122    23.8013    10.3225    315.093    9.68784  295.71990    106.551 -9.990e-29
   40.68620  -72.07100     11.000     10.915     8.1129    30.5943      8.046     1.0624 9.6356e-01  1023.8502     8.1119    23.8001    10.3281    315.266    9.68889  295.75368    106.597 -9.990e-29
   40.68620  -72.07100     11.011     10.926     8.1126    30.5933      8.046     1.0624 9.6356e-01  1023.8500     8.1116    23.7995    10.3281    315.266    9.68970  295.77897    106.589 -9.990e-29
   40.68620  -72.07100     10.996     10.911     8.1123    30.5924      8.046     1.0624 9.6640e-01  1023.8490     8.1113    23.7988    10.3279    315.260    9.69039  295.80023    106.579 -9.990e-29
   40.68620  -72.07100     11.011     10.926     8.1118    30.5917      8.046     1.0624 9.7933e-01  1023.8483     8.1108    23.7982    10.3276    315.251    9.69106  295.82121    106.568 -9.990e-29
   40.68620  -72.07100     10.991     10.905     8.1112    30.5916      8.046     1.0624 9.8221e-01  1023.8484     8.1101    23.7982    10.3210    315.050    9.69175  295.84234    106.493 -9.990e-29
   40.68620  -72.07100     10.981     10.896     8.1110    30.5920      8.046     1.0624 9.9547e-01  1023.8488     8.1100    23.7985    10.3205    315.035    9.69229  295.85891    106.481 -9.990e-29
   40.68620  -72.07100     10.981     10.896     8.1110    30.5925      8.046     1.0490 1.0013e+00  1023.8494     8.1100    23.7990    10.3198    315.013    9.69271  295.87166    106.470 -9.990e-29
   40.68620  -72.07100     10.981     10.896     8.1107    30.5931      8.046     1.0624 9.9840e-01  1023.8496     8.1097    23.7995    10.3200    315.021    9.69315  295.88511    106.467 -9.990e-29
   40.68620  -72.07100     10.981     10.896     8.1102    30.5938      8.046     1.0624 1.0043e+00  1023.8504     8.1091    23.8000    10.3256    315.193    9.69365  295.90105    106.520 -9.990e-29
   40.68620  -72.07100     10.970     10.885     8.1102    30.5949      8.046     1.0624 1.0179e+00  1023.8507     8.1091    23.8009    10.3259    315.202    9.69418  295.91778    106.517 -9.990e-29
   40.68620  -72.07100     10.981     10.896     8.1100    30.5967      8.046     1.0624 1.0179e+00  1023.8526     8.1090    23.8024    10.3197    315.012    9.69443  295.92506    106.450 -9.990e-29
   40.68620  -72.07100     10.955     10.870     8.1102    30.5988      8.046     1.0490 1.0209e+00  1023.8545     8.1091    23.8040    10.3249    315.170    9.69461  295.93006    106.502 -9.990e-29
   40.68620  -72.07100     10.970     10.885     8.1105    30.6003      8.046     1.0624 1.0239e+00  1023.8558     8.1095    23.8052    10.3249    315.170    9.69493  295.94018    106.498 -9.990e-29
   40.68620  -72.07100     10.951     10.866     8.1108    30.6010      8.046     1.0624 1.0380e+00  1023.8561     8.1098    23.8057    10.3249    315.169    9.69528  295.95123    106.494 -9.990e-29
   40.68620  -72.07100     10.940     10.855     8.1112    30.6008      8.046     1.0893 1.0380e+00  1023.8561     8.1101    23.8055    10.3188    314.985    9.69577  295.96686    106.426 -9.990e-29
   40.68620  -72.07100     10.951     10.866     8.1113    30.5998      8.046     1.1698 1.0410e+00  1023.8550     8.1103    23.8047    10.3192    314.998    9.69652  295.99040    106.422 -9.990e-29
   40.68620  -72.07100     10.930     10.845     8.1117    30.5988      8.046     1.1967 1.0410e+00  1023.8533     8.1106    23.8039    10.3248    315.167    9.69707  296.00697    106.473 -9.990e-29
   40.68620  -72.07100     10.930     10.845     8.1112    30.5986      8.046     1.1967 1.0410e+00  1023.8537     8.1101    23.8037    10.3245    315.161    9.69728  296.01285    106.469 -9.990e-29
   40.68620  -72.07100     10.919     10.834     8.1110    30.5985      8.046     1.1967 1.0441e+00  1023.8543     8.1099    23.8037    10.3259    315.205    9.69816  296.04191    106.473 -9.990e-29
   40.68620  -72.07100     10.909     10.825     8.1110    30.5976      8.046     1.1967 1.0441e+00  1023.8532     8.1100    23.8030    10.3288    315.298    9.70038  296.11433    106.479 -9.990e-29
   40.68620  -72.07100     10.915     10.830     8.1108    30.5962      8.046     1.1967 1.0441e+00  1023.8518     8.1098    23.8018    10.3314    315.380    9.70308  296.20018    106.475 -9.990e-29
   40.68620  -72.07100     10.900     10.815     8.1112    30.5950      8.046     1.1967 1.0471e+00  1023.8505     8.1101    23.8009    10.3340    315.463    9.70583  296.28688    106.472 -9.990e-29
   40.68620  -72.07100     10.900     10.815     8.1106    30.5943      8.046     1.1967 1.0471e+00  1023.8505     8.1096    23.8004    10.3381    315.591    9.70911  296.39009    106.478 -9.990e-29
