CalculateIndicators/WaterTemperature/Data/CTD_NYOS/20240915_C34.cnv
* Sea-Bird SBE 9 Data File:
* FileName = C:\Seabird 9 CTD\Data\2024\202409_offshore\20240915_C34.hex
* Software Version Seasave V 7.23.2
* Temperature SN = 4590
* Conductivity SN = 3228
* Number of Bytes Per Scan = 44
* Number of Voltage Words = 5
* Number of Scans Averaged by the Deck Unit = 1
* NMEA Latitude = 40 29.74 N
* NMEA Longitude = 071 55.69 W
* NMEA UTC (Time) = Sep 15 2024  06:38:55
* NMEA baud rate = 4800
** Ship: Seawolf
** Station: 11.3
** Operator: TCM
# nquan = 18
# nvalues = 14099                       
# units = specified
# name 0 = latitude: Latitude [deg]
# name 1 = longitude: Longitude [deg]
# name 2 = prDM: Pressure, Digiquartz [db]
# name 3 = depSM: Depth [salt water, m]
# name 4 = t090C: Temperature [ITS-90, deg C]
# name 5 = sal00: Salinity, Practical [PSU]
# name 6 = ph: pH
# name 7 = flECO-AFL: Fluorescence, WET Labs ECO-AFL/FL [mg/m^3]
# name 8 = cpar: CPAR/Corrected Irradiance [%]
# name 9 = density00: Density [density, kg/m^3]
# name 10 = potemp090C: Potential Temperature [ITS-90, deg C]
# name 11 = sigma-é00: Density [sigma-theta, kg/m^3]
# name 12 = sbeox0Mg/L: Oxygen, SBE 43 [mg/l]
# name 13 = sbox0Mm/Kg: Oxygen, SBE 43 [umol/kg]
# name 14 = oxsolMg/L: Oxygen Saturation, Garcia & Gordon [mg/l]
# name 15 = oxsolMm/Kg: Oxygen Saturation, Garcia & Gordon [umol/kg]
# name 16 = sbeox0PS: Oxygen, SBE 43 [% saturation]
# name 17 = flag:  0.000e+00
# span 0 =   40.49506,   40.49566       
# span 1 =  -71.93136,  -71.92816       
# span 2 =      1.807,     61.192       
# span 3 =      1.793,     60.711       
# span 4 =    10.1293,    20.9700       
# span 5 =    31.8222,    33.0664       
# span 6 =      7.864,      8.212       
# span 7 =    -0.0121,     3.5740       
# span 8 = 1.6880e-11, 9.9999e+04       
# span 9 =  1022.2674,  1025.6189       
# span 10 =    10.1235,    20.9691      
# span 11 =    22.2658,    25.3462      
# span 12 =     5.6697,     8.5524      
# span 13 =    172.800,    260.979      
# span 14 =    7.39235,    9.13792      
# span 15 =  225.98096,  278.58589      
# span 16 =     62.810,    103.852      
# span 17 = 0.0000e+00, 0.0000e+00      
# interval = seconds: 0.0416667
# start_time = Sep 15 2024 06:38:55 [System UTC, first data scan.]
# bad_flag = -9.990e-29
*END*
[from data line 644]
   40.49564  -71.92844      8.537      8.471    20.9525    32.0762      8.196     0.0954 1.6880e-11  1022.3196    20.9509    22.2828     7.3375    224.285    7.43732  227.33535     98.658 0.0000e+00
   40.49564  -71.92844      8.554      8.488    20.9522    32.0762      8.196     0.0819 1.6880e-11  1022.3200    20.9506    22.2829     7.3346    224.196    7.44102  227.44763     98.570 0.0000e+00
   40.49564  -71.92844      8.585      8.519    20.9518    32.0760      8.196     0.0819 1.6880e-11  1022.3201    20.9502    22.2829     7.3363    224.245    7.44482  227.56271     98.542 0.0000e+00
   40.49564  -71.92844      8.595      8.529    20.9513    32.0750      8.196     0.0819 1.6880e-11  1022.3203    20.9497    22.2823     7.3417    224.408    7.44834  227.66844     98.568 0.0000e+00
   40.49564  -71.92844      8.625      8.559    20.9504    32.0727      8.201     0.0819 1.6880e-11  1022.3180    20.9488    22.2812     7.3426    224.435    7.45142  227.75986     98.540 0.0000e+00
   40.49564  -71.92844      8.635      8.568    20.9465    32.0706      8.196     0.0819 1.6880e-11  1022.3168    20.9449    22.2805     7.3386    224.308    7.45388  227.83192     98.453 0.0000e+00
   40.49564  -71.92844      8.676      8.609    20.9407    32.0699      8.196     0.0819 1.6880e-11  1022.3181    20.9391    22.2814     7.3425    224.424    7.45578  227.88774     98.480 0.0000e+00
   40.49564  -71.92844      8.697      8.630    20.9338    32.0709      8.196     0.0954 1.6880e-11  1022.3211    20.9322    22.2838     7.3421    224.410    7.45743  227.93622     98.453 0.0000e+00
   40.49564  -71.92844      8.727      8.660    20.9272    32.0725      8.196     0.0819 1.6880e-11  1022.3250    20.9255    22.2868     7.3414    224.390    7.45885  227.97828     98.426 0.0000e+00
   40.49564  -71.92844      8.761      8.694    20.9210    32.0737      8.196     0.0819 1.6880e-11  1022.3274    20.9193    22.2894     7.3407    224.367    7.46015  228.01672     98.399 0.0000e+00
   40.49564  -71.92844      8.767      8.699    20.9140    32.0747      8.196     0.0819 1.6880e-11  1022.3294    20.9123    22.2921     7.3398    224.338    7.46122  228.04861     98.373 0.0000e+00
   40.49564  -71.92844      8.808      8.740    20.9054    32.0760      8.196     0.0954 1.6880e-11  1022.3337    20.9038    22.2952     7.3389    224.309    7.46226  228.07976     98.347 0.0000e+00
   40.49564  -71.92844      8.827      8.759    20.8983    32.0767      8.196     0.0819 1.6880e-11  1022.3366    20.8966    22.2978     7.3380    224.280    7.46332  228.11149     98.320 0.0000e+00
   40.49564  -71.92844      8.859      8.791    20.8906    32.0767      8.196     0.0819 1.6880e-11  1022.3374    20.8889    22.3001     7.3415    224.388    7.46438  228.14370     98.354 0.0000e+00
   40.49564  -71.92844      8.878      8.810    20.8793    32.0776      8.196     0.0819 1.6880e-11  1022.3409    20.8776    22.3035     7.3411    224.375    7.46555  228.17946     98.333 0.0000e+00
   40.49564  -71.92844      8.920      8.851    20.8674    32.0802      8.196     0.0819 1.6880e-11  1022.3470    20.8658    22.3085     7.3363    224.228    7.46675  228.21573     98.253 0.0000e+00
   40.49564  -71.92844      8.950      8.881    20.8564    32.0835      8.196     0.0819 1.6880e-11  1022.3528    20.8548    22.3139     7.3355    224.203    7.46792  228.25087     98.227 0.0000e+00
   40.49564  -71.92844      8.980      8.911    20.8469    32.0868      8.196     0.0819 1.6880e-11  1022.3580    20.8452    22.3190     7.3298    224.030    7.46899  228.28319     98.137 0.0000e+00
   40.49564  -71.92844      9.010      8.941    20.8385    32.0900      8.196     0.0685 1.6880e-11  1022.3626    20.8369    22.3236     7.3329    224.123    7.46993  228.31116     98.166 0.0000e+00
   40.49564  -71.92844      9.041      8.971    20.8310    32.0926      8.196     0.0551 1.6880e-11  1022.3678    20.8294    22.3276     7.3334    224.136    7.47074  228.33514     98.161 0.0000e+00
   40.49564  -71.92844      9.082      9.012    20.8253    32.0935      8.196     0.0551 1.6880e-11  1022.3702    20.8236    22.3301     7.3354    224.198    7.47147  228.35704     98.179 0.0000e+00
   40.49564  -71.92844      9.112      9.042    20.8191    32.0931      8.201     0.0551 1.6880e-11  1022.3700    20.8174    22.3315     7.3389    224.306    7.47206  228.37424     98.219 0.0000e+00
   40.49564  -71.92844      9.152      9.081    20.8103    32.0936      8.196     0.0551 1.6880e-11  1022.3724    20.8085    22.3340     7.3435    224.443    7.47261  228.39073     98.272 0.0000e+00
   40.49564  -71.92844      9.182      9.111    20.8019    32.0961      8.196     0.0685 1.6880e-11  1022.3777    20.8002    22.3380     7.3482    224.587    7.47312  228.40593     98.328 0.0000e+00
   40.49564  -71.92844      9.214      9.143    20.7951    32.0996      8.201     0.0551 1.6880e-11  1022.3828    20.7933    22.3424     7.3527    224.725    7.47357  228.41955     98.382 0.0000e+00
   40.49564  -71.92844      9.258      9.186    20.7897    32.1027      8.196     0.0685 1.6880e-11  1022.3867    20.7880    22.3463     7.3570    224.857    7.47403  228.43355     98.434 0.0000e+00
   40.49564  -71.92844      9.284      9.212    20.7855    32.1054      8.196     0.0685 1.6880e-11  1022.3898    20.7838    22.3494     7.3567    224.848    7.47448  228.44689     98.425 0.0000e+00
   40.49564  -71.92844      9.325      9.253    20.7824    32.1077      8.201     0.0685 1.6880e-11  1022.3929    20.7806    22.3521     7.3600    224.947    7.47497  228.46188     98.461 0.0000e+00
   40.49564  -71.92844      9.375      9.302    20.7804    32.1096      8.196     0.0551 1.6880e-11  1022.3949    20.7787    22.3540     7.3630    225.041    7.47553  228.47910     98.495 0.0000e+00
   40.49564  -71.92844      9.395      9.323    20.7790    32.1107      8.196     0.0685 1.6880e-11  1022.3963    20.7773    22.3553     7.3660    225.131    7.47617  228.49884     98.526 0.0000e+00
   40.49564  -71.92844      9.436      9.364    20.7783    32.1112      8.197     0.0551 1.6880e-11  1022.3970    20.7766    22.3560     7.3687    225.216    7.47688  228.52076     98.554 0.0000e+00
   40.49564  -71.92844      9.467      9.394    20.7775    32.1112      8.197     0.0551 1.6880e-11  1022.3972    20.7757    22.3562     7.3710    225.284    7.47773  228.54697     98.572 0.0000e+00
   40.49564  -71.92844      9.507      9.433    20.7769    32.1111      8.197     0.0551 1.6880e-11  1022.3974    20.7751    22.3563     7.3776    225.487    7.47883  228.58128     98.646 0.0000e+00
   40.49564  -71.92844      9.557      9.484    20.7759    32.1109      8.197     0.0551 1.6880e-11  1022.3979    20.7741    22.3566     7.3804    225.573    7.48010  228.62005     98.667 0.0000e+00
   40.49564  -71.92844      9.578      9.504    20.7738    32.1106      8.197     0.0551 1.6880e-11  1022.3982    20.7720    22.3568     7.3829    225.647    7.48134  228.65771     98.683 0.0000e+00
   40.49564  -71.92844      9.629      9.555    20.7711    32.1101      8.197     0.0551 1.6880e-11  1022.3987    20.7693    22.3572     7.3849    225.709    7.48252  228.69305     98.695 0.0000e+00
   40.49564  -71.92844      9.659      9.585    20.7669    32.1094      8.197     0.0551 1.6880e-11  1022.3994    20.7651    22.3578     7.3868    225.765    7.48350  228.72176     98.707 0.0000e+00
   40.49564  -71.92844      9.699      9.624    20.7616    32.1084      8.197     0.0685 1.6880e-11  1022.4009    20.7598    22.3584     7.3880    225.801    7.48415  228.74067     98.715 0.0000e+00
   40.49564  -71.92844      9.729      9.654    20.7557    32.1056      8.201     0.0551 1.6880e-11  1022.4013    20.7539    22.3580     7.3893    225.843    7.48494  228.76514     98.722 0.0000e+00
   40.49564  -71.92844      9.791      9.715    20.7480    32.1016      8.197     0.0551 1.6880e-11  1022.3974    20.7462    22.3573     7.3906    225.883    7.48606  228.80002     98.725 0.0000e+00
   40.49564  -71.92844      9.806      9.730    20.7345    32.1004      8.202     0.0551 1.6880e-11  1022.3995    20.7327    22.3596     7.3966    226.064    7.48739  228.84029     98.787 0.0000e+00
   40.49564  -71.92844      9.841      9.765    20.7201    32.1040      8.202     0.0551 1.6880e-11  1022.4075    20.7182    22.3657     7.3939    225.983    7.48864  228.87805     98.735 0.0000e+00
   40.49564  -71.92844      9.882      9.806    20.7077    32.1100      8.202     0.0551 1.6880e-11  1022.4171    20.7059    22.3734     7.3996    226.156    7.48973  228.91067     98.797 0.0000e+00
   40.49564  -71.92844      9.933      9.856    20.6986    32.1153      8.197     0.0551 1.6880e-11  1022.4245    20.6967    22.3799     7.4010    226.199    7.49064  228.93774     98.804 0.0000e+00
   40.49564  -71.92844      9.963      9.886    20.6919    32.1167      8.197     0.0416 1.6880e-11  1022.4291    20.6900    22.3830     7.4020    226.226    7.49142  228.96067     98.806 0.0000e+00
   40.49564  -71.92844      9.993      9.916    20.6860    32.1108      8.202     0.0551 1.6880e-11  1022.4275    20.6842    22.3805     7.4072    226.386    7.49177  228.96990     98.872 0.0000e+00
   40.49564  -71.92844     10.044      9.967    20.6775    32.0978      8.202     0.0416 1.6880e-11  1022.4158    20.6756    22.3735     7.4081    226.412    7.49181  228.97060     98.883 0.0000e+00
   40.49564  -71.92844     10.065      9.987    20.6596    32.0840      8.202     0.0416 1.6880e-11  1022.4078    20.6577    22.3675     7.4090    226.439    7.49224  228.98437     98.888 0.0000e+00
   40.49564  -71.92844     10.105     10.027    20.6359    32.0745      8.202     0.0416 1.6880e-11  1022.4082    20.6340    22.3661     7.4100    226.472    7.49294  229.00598     98.893 0.0000e+00
   40.49564  -71.92844     10.125     10.047    20.6103    32.0690      8.197     0.0416 1.6880e-11  1022.4111    20.6085    22.3685     7.4159    226.650    7.49365  229.02771     98.962 0.0000e+00
   40.49564  -71.92844     10.165     10.087    20.5834    32.0672      8.202     0.0416 1.6880e-11  1022.4161    20.5815    22.3741     7.4128    226.556    7.49438  229.04956     98.911 0.0000e+00
   40.49564  -71.92844     10.206     10.127    20.5564    32.0697      8.202     0.0416 1.6880e-11  1022.4258    20.5545    22.3829     7.4181    226.718    7.49504  229.06945     98.974 0.0000e+00
   40.49564  -71.92844     10.227     10.148    20.5314    32.0762      8.202     0.0416 1.6880e-11  1022.4381    20.5295    22.3943     7.4197    226.765    7.49565  229.08778     98.986 0.0000e+00
   40.49564  -71.92844     10.267     10.188    20.5101    32.0846      8.202     0.0416 1.6880e-11  1022.4517    20.5082    22.4062     7.4210    226.806    7.49613  229.10189     98.998 0.0000e+00
   40.49564  -71.92844     10.288     10.208    20.4934    32.0926      8.203     0.0416 1.6880e-11  1022.4626    20.4915    22.4169     7.4174    226.694    7.49646  229.11130     98.945 0.0000e+00
   40.49564  -71.92844     10.323     10.243    20.4794    32.0988      8.203     0.0416 1.6880e-11  1022.4711    20.4775    22.4253     7.4226    226.853    7.49683  229.12260     99.010 0.0000e+00
   40.49564  -71.92844     10.348     10.268    20.4678    32.1032      8.203     0.0416 1.6880e-11  1022.4771    20.4659    22.4318     7.4238    226.891    7.49731  229.13724     99.020 0.0000e+00
   40.49564  -71.92844     10.378     10.298    20.4572    32.1064      8.203     0.0551 1.6880e-11  1022.4825    20.4553    22.4370     7.4251    226.930    7.49788  229.15503     99.029 0.0000e+00
   40.49564  -71.92844     10.409     10.328    20.4486    32.1087      8.203     0.0416 1.6880e-11  1022.4867    20.4467    22.4411     7.4264    226.971    7.49858  229.17646     99.038 0.0000e+00
   40.49564  -71.92844     10.439     10.358    20.4406    32.1099      8.203     0.0416 1.6880e-11  1022.4900    20.4386    22.4443     7.4277    227.008    7.49920  229.19486     99.046 0.0000e+00
   40.49564  -71.92844     10.450     10.369    20.4328    32.1100      8.203     0.0416 1.6880e-11  1022.4921    20.4309    22.4464     7.4287    227.039    7.49966  229.20829     99.053 0.0000e+00
   40.49564  -71.92844     10.490     10.409    20.4255    32.1090      8.203     0.0416 1.6880e-11  1022.4933    20.4236    22.4476     7.4295    227.064    7.49999  229.21791     99.060 0.0000e+00
   40.49564  -71.92844     10.520     10.439    20.4176    32.1076      8.203     0.0416 1.6880e-11  1022.4938    20.4157    22.4487     7.4307    227.100    7.50031  229.22758     99.072 0.0000e+00
   40.49564  -71.92844     10.552     10.470    20.4092    32.1068      8.203     0.0416 1.6880e-11  1022.4955    20.4072    22.4503     7.4363    227.273    7.50072  229.24022     99.142 0.0000e+00
   40.49564  -71.92844     10.567     10.485    20.4004    32.1070      8.203     0.0416 1.6880e-11  1022.4983    20.3985    22.4525     7.4330    227.171    7.50108  229.25110     99.093 0.0000e+00
   40.49564  -71.92844     10.591     10.509    20.3924    32.1077      8.203     0.0416 1.6880e-11  1022.5008    20.3905    22.4551     7.4382    227.328    7.50145  229.26228     99.156 0.0000e+00
   40.49564  -71.92844     10.622     10.540    20.3851    32.1090      8.203     0.0416 1.6880e-11  1022.5039    20.3832    22.4580     7.4343    227.212    7.50181  229.27352     99.101 0.0000e+00
   40.49564  -71.92844     10.642     10.560    20.3786    32.1106      8.203     0.0551 1.6880e-11  1022.5073    20.3766    22.4610     7.4394    227.366    7.50223  229.28609     99.163 0.0000e+00
   40.49564  -71.92844     10.682     10.600    20.3727    32.1123      8.203     0.0416 1.6880e-11  1022.5102    20.3707    22.4638     7.4402    227.391    7.50252  229.29457     99.170 0.0000e+00
   40.49564  -71.92844     10.703     10.620    20.3678    32.1137      8.203     0.0416 1.6880e-11  1022.5130    20.3658    22.4663     7.4363    227.269    7.50252  229.29410     99.117 0.0000e+00
   40.49564  -71.92844     10.723     10.640    20.3636    32.1147      8.203     0.0416 1.6880e-11  1022.5147    20.3616    22.4681     7.4406    227.402    7.50241  229.29023     99.177 0.0000e+00
   40.49564  -71.92844     10.744     10.661    20.3597    32.1152      8.203     0.0416 1.6880e-11  1022.5162    20.3577    22.4695     7.4409    227.410    7.50233  229.28782     99.181 0.0000e+00
   40.49564  -71.92844     10.789     10.706    20.3564    32.1154      8.203     0.0551 1.6880e-11  1022.5174    20.3544    22.4707     7.4412    227.419    7.50232  229.28789     99.185 0.0000e+00
   40.49564  -71.92844     10.805     10.721    20.3529    32.1155      8.203     0.0416 1.6880e-11  1022.5185    20.3509    22.4716     7.4414    227.426    7.50232  229.28773     99.188 0.0000e+00
   40.49564  -71.92844     10.825     10.741    20.3497    32.1152      8.203     0.0416 1.6880e-11  1022.5195    20.3477    22.4722     7.4417    227.438    7.50250  229.29432     99.190 0.0000e+00
   40.49564  -71.92844     10.855     10.771    20.3465    32.1141      8.203     0.0416 1.6880e-11  1022.5195    20.3445    22.4722     7.4421    227.450    7.50317  229.31577     99.186 0.0000e+00
   40.49564  -71.92844     10.875     10.791    20.3431    32.1122      8.203     0.0416 1.6880e-11  1022.5189    20.3411    22.4718     7.4427    227.467    7.50410  229.34449     99.181 0.0000e+00
   40.49564  -71.92844     10.906     10.822    20.3391    32.1101      8.203     0.0416 1.6880e-11  1022.5184    20.3371    22.4712     7.4476    227.619    7.50509  229.37468     99.234 0.0000e+00
   40.49564  -71.92844     10.931     10.846    20.3345    32.1075      8.203     0.0416 1.6880e-11  1022.5182    20.3325    22.4704     7.4439    227.503    7.50595  229.40044     99.173 0.0000e+00
