CalculateIndicators/WaterTemperature/Data/CTD_NYOS/20240912_C03.cnv
* Sea-Bird SBE 9 Data File:
* FileName = C:\Seabird 9 CTD\Data\2024\202409_offshore\20240912_C03.hex
* Software Version Seasave V 7.23.2
* Temperature SN = 4590
* Conductivity SN = 3228
* Number of Bytes Per Scan = 44
* Number of Voltage Words = 5
* Number of Scans Averaged by the Deck Unit = 1
* NMEA Latitude = 40 26.89 N
* NMEA Longitude = 073 42.83 W
* NMEA UTC (Time) = Sep 12 2024  00:13:53
* NMEA baud rate = 4800
** Ship: Seawolf
** Station: HR2
** Operator: TCM
# nquan = 18
# nvalues = 9126                        
# units = specified
# name 0 = latitude: Latitude [deg]
# name 1 = longitude: Longitude [deg]
# name 2 = prDM: Pressure, Digiquartz [db]
# name 3 = depSM: Depth [salt water, m]
# name 4 = t090C: Temperature [ITS-90, deg C]
# name 5 = sal00: Salinity, Practical [PSU]
# name 6 = ph: pH
# name 7 = flECO-AFL: Fluorescence, WET Labs ECO-AFL/FL [mg/m^3]
# name 8 = cpar: CPAR/Corrected Irradiance [%]
# name 9 = density00: Density [density, kg/m^3]
# name 10 = potemp090C: Potential Temperature [ITS-90, deg C]
# name 11 = sigma-é00: Density [sigma-theta, kg/m^3]
# name 12 = sbeox0Mg/L: Oxygen, SBE 43 [mg/l]
# name 13 = sbox0Mm/Kg: Oxygen, SBE 43 [umol/kg]
# name 14 = oxsolMg/L: Oxygen Saturation, Garcia & Gordon [mg/l]
# name 15 = oxsolMm/Kg: Oxygen Saturation, Garcia & Gordon [umol/kg]
# name 16 = sbeox0PS: Oxygen, SBE 43 [% saturation]
# name 17 = flag:  0.000e+00
# span 0 =   40.44832,   40.44902       
# span 1 =  -73.71394,  -73.71348       
# span 2 =      1.547,     22.691       
# span 3 =      1.535,     22.515       
# span 4 =    11.2437,    21.0541       
# span 5 =    30.6104,    31.9300       
# span 6 =      7.846,      8.244       
# span 7 =     0.4580,     1.8011       
# span 8 = 1.6880e-11, 9.9999e+04       
# span 9 =  1021.2544,  1024.4401       
# span 10 =    11.2410,    21.0536      
# span 11 =    21.2577,    24.3306      
# span 12 =     5.0360,     8.1277      
# span 13 =    153.808,    248.695      
# span 14 =    7.43727,    8.96835      
# span 15 =  227.57753,  273.63856      
# span 16 =     60.017,    109.051      
# span 17 = 0.0000e+00, 0.0000e+00      
# interval = seconds: 0.0416667
# start_time = Sep 12 2024 00:13:55 [System UTC, first data scan.]
# bad_flag = -9.990e-29
*END*
[from data line 8764]
   40.44900  -73.71348      1.993      1.978    21.0323    30.7756      8.235     0.9012 1.9249e+01  1021.2817    21.0319    21.2730     8.0480    246.266    7.44023  227.66723    108.169 -9.990e-29
   40.44900  -73.71348      1.993      1.978    21.0323    30.7754      8.240     0.9012 1.7634e+01  1021.2814    21.0319    21.2728     8.0473    246.243    7.44028  227.66889    108.159 -9.990e-29
   40.44900  -73.71348      1.993      1.978    21.0323    30.7754      8.235     0.8878 1.3423e+01  1021.2814    21.0319    21.2728     8.0466    246.222    7.44031  227.66993    108.149 -9.990e-29
   40.44900  -73.71348      1.974      1.959    21.0321    30.7754      8.240     0.9012 1.2110e+01  1021.2816    21.0317    21.2728     8.0463    246.213    7.44033  227.67040    108.144 -9.990e-29
   40.44900  -73.71348      1.974      1.959    21.0323    30.7752      8.240     0.9012 1.2692e+01  1021.2811    21.0319    21.2727     8.0461    246.205    7.44032  227.67019    108.141 -9.990e-29
   40.44900  -73.71348      1.963      1.948    21.0319    30.7752      8.235     0.8878 1.6095e+01  1021.2812    21.0315    21.2727     8.0507    246.346    7.44034  227.67082    108.203 -9.990e-29
   40.44900  -73.71348      1.954      1.938    21.0317    30.7752      8.235     0.9549 1.7849e+01  1021.2813    21.0314    21.2727     8.0466    246.223    7.44039  227.67228    108.148 -9.990e-29
   40.44900  -73.71348      1.955      1.940    21.0317    30.7752      8.240     1.0087 1.7957e+01  1021.2812    21.0313    21.2728     8.0466    246.222    7.44037  227.67165    108.148 -9.990e-29
   40.44900  -73.71348      1.944      1.929    21.0314    30.7752      8.240     1.0221 1.7849e+01  1021.2815    21.0310    21.2730     8.0467    246.225    7.44041  227.67287    108.149 -9.990e-29
   40.44900  -73.71348      1.933      1.918    21.0310    30.7752      8.240     1.0221 1.7849e+01  1021.2814    21.0307    21.2730     8.0469    246.231    7.44046  227.67441    108.150 -9.990e-29
   40.44900  -73.71348      1.933      1.918    21.0312    30.7752      8.240     1.0221 1.7849e+01  1021.2812    21.0308    21.2730     8.0519    246.383    7.44046  227.67436    108.217 -9.990e-29
   40.44900  -73.71348      1.912      1.898    21.0307    30.7752      8.240     1.0221 1.7003e+01  1021.2814    21.0303    21.2731     8.0526    246.405    7.44051  227.67590    108.226 -9.990e-29
   40.44900  -73.71348      1.912      1.898    21.0305    30.7753      8.235     1.0087 1.6442e+01  1021.2815    21.0301    21.2732     8.0537    246.438    7.44052  227.67613    108.241 -9.990e-29
   40.44900  -73.71348      1.912      1.898    21.0303    30.7753      8.235     1.0221 1.6392e+01  1021.2816    21.0300    21.2733     8.0545    246.464    7.44057  227.67775    108.251 -9.990e-29
   40.44900  -73.71348      1.903      1.888    21.0303    30.7754      8.235     1.0221 1.8397e+01  1021.2814    21.0299    21.2734     8.0554    246.490    7.44058  227.67803    108.262 -9.990e-29
   40.44900  -73.71348      1.893      1.879    21.0301    30.7756      8.240     1.0087 2.0443e+01  1021.2818    21.0298    21.2735     8.0563    246.518    7.44060  227.67851    108.275 -9.990e-29
   40.44900  -73.71348      1.883      1.869    21.0302    30.7758      8.240     1.0221 2.0814e+01  1021.2819    21.0298    21.2737     8.0529    246.415    7.44063  227.67944    108.229 -9.990e-29
   40.44900  -73.71348      1.893      1.879    21.0301    30.7759      8.235     1.0221 2.1319e+01  1021.2821    21.0298    21.2738     8.0580    246.571    7.44068  227.68101    108.297 -9.990e-29
   40.44900  -73.71348      1.863      1.849    21.0303    30.7760      8.235     1.0087 2.1967e+01  1021.2817    21.0299    21.2738     8.0591    246.603    7.44063  227.67932    108.311 -9.990e-29
   40.44900  -73.71348      1.873      1.858    21.0302    30.7760      8.240     1.0221 2.2099e+01  1021.2821    21.0298    21.2737     8.0599    246.628    7.44066  227.68017    108.322 -9.990e-29
   40.44900  -73.71348      1.852      1.838    21.0307    30.7759      8.240     1.0221 2.0505e+01  1021.2814    21.0303    21.2737     8.0607    246.653    7.44065  227.68014    108.333 -9.990e-29
   40.44900  -73.71348      1.852      1.838    21.0308    30.7760      8.240     1.0221 1.7957e+01  1021.2817    21.0305    21.2737     8.0616    246.680    7.44067  227.68061    108.345 -9.990e-29
   40.44900  -73.71348      1.842      1.828    21.0307    30.7763      8.240     1.0221 1.7315e+01  1021.2819    21.0303    21.2738     8.0581    246.575    7.44068  227.68095    108.298 -9.990e-29
   40.44900  -73.71348      1.833      1.819    21.0312    30.7763      8.240     1.0221 1.7634e+01  1021.2818    21.0309    21.2738     8.0631    246.728    7.44070  227.68165    108.365 -9.990e-29
   40.44900  -73.71348      1.822      1.808    21.0314    30.7762      8.240     1.0087 1.8509e+01  1021.2816    21.0310    21.2737     8.0638    246.749    7.44073  227.68233    108.374 -9.990e-29
   40.44900  -73.71348      1.813      1.799    21.0315    30.7761      8.235     1.0087 1.8790e+01  1021.2815    21.0312    21.2736     8.0646    246.771    7.44079  227.68412    108.383 -9.990e-29
   40.44900  -73.71348      1.801      1.787    21.0317    30.7761      8.235     1.0221 1.8342e+01  1021.2812    21.0314    21.2734     8.0653    246.793    7.44078  227.68395    108.393 -9.990e-29
   40.44900  -73.71348      1.791      1.778    21.0319    30.7761      8.240     1.0087 1.6593e+01  1021.2811    21.0316    21.2734     8.0704    246.950    7.44080  227.68462    108.461 -9.990e-29
   40.44900  -73.71348      1.771      1.757    21.0319    30.7761      8.240     1.0221 1.5899e+01  1021.2813    21.0316    21.2734     8.0716    246.985    7.44084  227.68567    108.476 -9.990e-29
   40.44900  -73.71348      1.761      1.748    21.0321    30.7760      8.240     1.0221 1.5468e+01  1021.2809    21.0318    21.2733     8.0683    246.886    7.44085  227.68596    108.433 -9.990e-29
   40.44900  -73.71348      1.752      1.738    21.0321    30.7759      8.240     0.9952 1.2534e+01  1021.2809    21.0317    21.2732     8.0691    246.910    7.44084  227.68559    108.443 -9.990e-29
   40.44900  -73.71348      1.741      1.727    21.0323    30.7759      8.240     0.9684 1.1265e+01  1021.2807    21.0319    21.2732     8.0696    246.925    7.44087  227.68664    108.450 -9.990e-29
   40.44900  -73.71348      1.731      1.718    21.0324    30.7757      8.240     0.9549 1.1159e+01  1021.2806    21.0321    21.2731     8.0744    247.073    7.44085  227.68601    108.515 -9.990e-29
   40.44900  -73.71348      1.710      1.697    21.0324    30.7753      8.235     0.9415 1.1265e+01  1021.2803    21.0321    21.2727     8.0753    247.100    7.44090  227.68752    108.526 -9.990e-29
   40.44900  -73.71348      1.701      1.688    21.0328    30.7749      8.239     0.9549 1.1301e+01  1021.2789    21.0324    21.2723     8.0761    247.124    7.44088  227.68689    108.537 -9.990e-29
   40.44900  -73.71348      1.691      1.678    21.0326    30.7752      8.240     0.9549 1.1301e+01  1021.2801    21.0323    21.2726     8.0766    247.140    7.44093  227.68852    108.543 -9.990e-29
   40.44900  -73.71348      1.690      1.677    21.0328    30.7757      8.239     0.9415 1.2851e+01  1021.2803    21.0324    21.2729     8.0774    247.165    7.44093  227.68832    108.554 -9.990e-29
   40.44900  -73.71348      1.660      1.647    21.0328    30.7758      8.239     0.9549 1.4235e+01  1021.2802    21.0324    21.2729     8.0779    247.178    7.44094  227.68853    108.560 -9.990e-29
   40.44900  -73.71348      1.671      1.658    21.0329    30.7757      8.239     0.9415 1.4501e+01  1021.2801    21.0326    21.2728     8.0783    247.190    7.44092  227.68819    108.565 -9.990e-29
   40.44900  -73.71348      1.671      1.658    21.0331    30.7757      8.239     0.9549 1.4908e+01  1021.2801    21.0328    21.2728     8.0787    247.203    7.44092  227.68809    108.571 -9.990e-29
   40.44900  -73.71348      1.660      1.647    21.0331    30.7756      8.239     0.9415 1.5420e+01  1021.2799    21.0328    21.2728     8.0791    247.215    7.44092  227.68796    108.576 -9.990e-29
   40.44900  -73.71348      1.640      1.628    21.0331    30.7756      8.235     0.9549 1.5563e+01  1021.2798    21.0328    21.2728     8.0795    247.228    7.44096  227.68928    108.581 -9.990e-29
   40.44900  -73.71348      1.650      1.637    21.0329    30.7757      8.239     0.9549 1.5610e+01  1021.2800    21.0326    21.2728     8.0751    247.094    7.44098  227.69017    108.522 -9.990e-29
   40.44900  -73.71348      1.650      1.637    21.0329    30.7757      8.239     0.9415 1.5803e+01  1021.2800    21.0326    21.2728     8.0795    247.230    7.44104  227.69219    108.581 -9.990e-29
   40.44900  -73.71348      1.640      1.628    21.0329    30.7757      8.239     0.9549 1.5803e+01  1021.2799    21.0326    21.2728     8.0798    247.238    7.44099  227.69010    108.585 -9.990e-29
   40.44900  -73.71348      1.650      1.637    21.0328    30.7756      8.239     0.9415 1.6095e+01  1021.2801    21.0325    21.2728     8.0757    247.112    7.44094  227.68878    108.531 -9.990e-29
   40.44900  -73.71348      1.650      1.637    21.0329    30.7754      8.239     0.9549 1.6746e+01  1021.2796    21.0326    21.2726     8.0757    247.111    7.44096  227.68921    108.530 -9.990e-29
   40.44900  -73.71348      1.651      1.639    21.0329    30.7753      8.239     0.9549 1.7003e+01  1021.2797    21.0326    21.2725     8.0756    247.110    7.44094  227.68854    108.530 -9.990e-29
   40.44900  -73.71348      1.650      1.637    21.0328    30.7753      8.239     0.9549 1.7421e+01  1021.2797    21.0325    21.2726     8.0756    247.108    7.44093  227.68837    108.529 -9.990e-29
   40.44900  -73.71348      1.660      1.647    21.0324    30.7752      8.235     0.9549 1.9076e+01  1021.2798    21.0321    21.2726     8.0752    247.096    7.44096  227.68937    108.523 -9.990e-29
   40.44900  -73.71348      1.660      1.647    21.0323    30.7751      8.240     0.9415 1.9778e+01  1021.2796    21.0319    21.2726     8.0747    247.083    7.44095  227.68889    108.518 -9.990e-29
   40.44900  -73.71348      1.660      1.647    21.0321    30.7751      8.240     0.9549 1.9660e+01  1021.2798    21.0318    21.2727     8.0743    247.070    7.44096  227.68938    108.512 -9.990e-29
   40.44900  -73.71348      1.671      1.658    21.0321    30.7753      8.240     0.9549 1.8904e+01  1021.2800    21.0317    21.2728     8.0739    247.056    7.44098  227.68979    108.506 -9.990e-29
   40.44900  -73.71348      1.671      1.658    21.0319    30.7753      8.240     0.9549 1.8621e+01  1021.2801    21.0316    21.2728     8.0690    246.907    7.44097  227.68956    108.440 -9.990e-29
   40.44900  -73.71348      1.680      1.667    21.0316    30.7753      8.240     0.9549 1.8453e+01  1021.2802    21.0312    21.2728     8.0773    247.161    7.44097  227.68943    108.552 -9.990e-29
   40.44900  -73.71348      1.690      1.677    21.0317    30.7753      8.240     0.9415 1.5851e+01  1021.2802    21.0314    21.2729     8.0728    247.022    7.44096  227.68918    108.491 -9.990e-29
   40.44900  -73.71348      1.701      1.688    21.0314    30.7753      8.235     0.9415 1.4501e+01  1021.2804    21.0310    21.2729     8.0723    247.006    7.44095  227.68890    108.484 -9.990e-29
   40.44900  -73.71348      1.701      1.688    21.0310    30.7752      8.240     0.9415 1.4368e+01  1021.2804    21.0307    21.2729     8.0717    246.988    7.44089  227.68714    108.477 -9.990e-29
   40.44900  -73.71348      1.712      1.699    21.0312    30.7750      8.240     0.9415 1.7158e+01  1021.2802    21.0308    21.2729     8.0711    246.971    7.44086  227.68619    108.470 -9.990e-29
   40.44900  -73.71348      1.721      1.708    21.0308    30.7750      8.240     0.9415 1.9542e+01  1021.2802    21.0305    21.2729     8.0709    246.966    7.44087  227.68649    108.467 -9.990e-29
   40.44900  -73.71348      1.731      1.718    21.0307    30.7750      8.235     0.9415 1.9958e+01  1021.2805    21.0303    21.2730     8.0707    246.960    7.44086  227.68631    108.465 -9.990e-29
   40.44900  -73.71348      1.741      1.727    21.0303    30.7750      8.240     0.9415 1.6951e+01  1021.2806    21.0300    21.2730     8.0706    246.955    7.44089  227.68709    108.463 -9.990e-29
   40.44900  -73.71348      1.741      1.727    21.0303    30.7750      8.240     0.9415 1.4412e+01  1021.2805    21.0299    21.2730     8.0704    246.949    7.44085  227.68585    108.460 -9.990e-29
   40.44900  -73.71348      1.761      1.748    21.0301    30.7751      8.240     0.9415 1.3974e+01  1021.2807    21.0298    21.2731     8.0702    246.943    7.44085  227.68606    108.458 -9.990e-29
   40.44900  -73.71348      1.761      1.748    21.0298    30.7752      8.240     0.9415 1.2534e+01  1021.2810    21.0295    21.2733     8.0700    246.937    7.44081  227.68464    108.456 -9.990e-29
   40.44900  -73.71348      1.761      1.748    21.0294    30.7755      8.240     0.9415 1.0777e+01  1021.2811    21.0291    21.2735     8.0694    246.921    7.44083  227.68539    108.448 -9.990e-29
   40.44900  -73.71348      1.771      1.757    21.0296    30.7757      8.240     0.9415 1.0373e+01  1021.2816    21.0292    21.2737     8.0692    246.914    7.44083  227.68522    108.446 -9.990e-29
   40.44900  -73.71348      1.782      1.768    21.0295    30.7757      8.235     0.9415 1.0144e+01  1021.2815    21.0291    21.2737     8.0691    246.909    7.44082  227.68511    108.443 -9.990e-29
   40.44900  -73.71348      1.782      1.768    21.0296    30.7755      8.240     0.9415 9.6678e+00  1021.2812    21.0292    21.2737     8.0689    246.903    7.44083  227.68533    108.441 -9.990e-29
   40.44900  -73.71348      1.793      1.779    21.0294    30.7755      8.240     0.9415 9.5442e+00  1021.2814    21.0291    21.2737     8.0643    246.763    7.44083  227.68523    108.379 -9.990e-29
   40.44900  -73.71348      1.801      1.787    21.0292    30.7755      8.235     0.9415 1.0914e+01  1021.2817    21.0289    21.2737     8.0638    246.747    7.44082  227.68511    108.372 -9.990e-29
   40.44900  -73.71348      1.792      1.778    21.0293    30.7754      8.240     0.9415 1.6442e+01  1021.2812    21.0289    21.2737     8.0672    246.853    7.44080  227.68434    108.419 -9.990e-29
   40.44900  -73.71348      1.812      1.798    21.0291    30.7754      8.240     0.9415 1.9076e+01  1021.2814    21.0287    21.2737     8.0627    246.714    7.44082  227.68492    108.358 -9.990e-29
   40.44900  -73.71348      1.812      1.798    21.0285    30.7754      8.240     0.9415 1.7957e+01  1021.2818    21.0282    21.2738     8.0622    246.698    7.44078  227.68384    108.351 -9.990e-29
   40.44900  -73.71348      1.812      1.798    21.0287    30.7754      8.235     0.9415 1.3053e+01  1021.2814    21.0284    21.2738     8.0617    246.683    7.44080  227.68444    108.344 -9.990e-29
   40.44900  -73.71348      1.822      1.808    21.0285    30.7754      8.240     0.9415 1.1372e+01  1021.2816    21.0282    21.2738     8.0612    246.668    7.44080  227.68444    108.338 -9.990e-29
   40.44900  -73.71348      1.833      1.819    21.0282    30.7754      8.240     0.9415 1.0743e+01  1021.2819    21.0278    21.2738     8.0567    246.531    7.44077  227.68340    108.278 -9.990e-29
   40.44900  -73.71348      1.833      1.819    21.0282    30.7754      8.240     0.9415 6.5241e+00  1021.2817    21.0279    21.2738     8.0607    246.653    7.44078  227.68387    108.331 -9.990e-29
   40.44900  -73.71348      1.844      1.830    21.0282    30.7755      8.240     0.9281 4.9661e+00  1021.2820    21.0278    21.2740     8.0559    246.507    7.44078  227.68380    108.267 -9.990e-29
   40.44900  -73.71348      1.852      1.838    21.0278    30.7757      8.235     0.9684 4.8774e+00  1021.2823    21.0275    21.2742     8.0551    246.482    7.44071  227.68153    108.257 -9.990e-29
