CalculateIndicators/WaterTemperature/Data/CTD_NYOS/20240913_C15.cnv
* Sea-Bird SBE 9 Data File:
* FileName = C:\Seabird 9 CTD\Data\2024\202409_offshore\20240913_C15.hex
* Software Version Seasave V 7.23.2
* Temperature SN = 4590
* Conductivity SN = 3228
* Number of Bytes Per Scan = 44
* Number of Voltage Words = 5
* Number of Scans Averaged by the Deck Unit = 1
* NMEA Latitude = 39 33.14 N
* NMEA Longitude = 072 14.48 W
* NMEA UTC (Time) = Sep 13 2024  06:12:16
* NMEA baud rate = 4800
** Ship: Seawolf
** Station: 9.6
** Operator: TCM
# nquan = 18
# nvalues = 20584                       
# units = specified
# name 0 = latitude: Latitude [deg]
# name 1 = longitude: Longitude [deg]
# name 2 = prDM: Pressure, Digiquartz [db]
# name 3 = depSM: Depth [salt water, m]
# name 4 = t090C: Temperature [ITS-90, deg C]
# name 5 = sal00: Salinity, Practical [PSU]
# name 6 = ph: pH
# name 7 = flECO-AFL: Fluorescence, WET Labs ECO-AFL/FL [mg/m^3]
# name 8 = cpar: CPAR/Corrected Irradiance [%]
# name 9 = density00: Density [density, kg/m^3]
# name 10 = potemp090C: Potential Temperature [ITS-90, deg C]
# name 11 = sigma-é00: Density [sigma-theta, kg/m^3]
# name 12 = sbeox0Mg/L: Oxygen, SBE 43 [mg/l]
# name 13 = sbox0Mm/Kg: Oxygen, SBE 43 [umol/kg]
# name 14 = oxsolMg/L: Oxygen Saturation, Garcia & Gordon [mg/l]
# name 15 = oxsolMm/Kg: Oxygen Saturation, Garcia & Gordon [umol/kg]
# name 16 = sbeox0PS: Oxygen, SBE 43 [% saturation]
# name 17 = flag:  0.000e+00
# span 0 =   39.55246,   39.55328       
# span 1 =  -72.24440,  -72.24150       
# span 2 =      2.037,    131.659       
# span 3 =      2.021,    130.613       
# span 4 =    10.5769,    21.7069       
# span 5 =    31.9767,    35.1695       
# span 6 =      7.934,      8.219       
# span 7 =    -0.0927,     1.2236       
# span 8 = 1.6880e-11, 9.9999e+04       
# span 9 =  1022.6298,  1027.3478       
# span 10 =    10.5724,    21.7043      
# span 11 =    22.6150,    26.7607      
# span 12 =     5.1720,     8.8321      
# span 13 =    157.415,    269.529      
# span 14 =    7.25022,    9.05678      
# span 15 =  221.50539,  276.15640      
# span 16 =     59.629,    106.113      
# span 17 = 0.0000e+00, 0.0000e+00      
# interval = seconds: 0.0416667
# start_time = Sep 13 2024 06:12:18 [System UTC, first data scan.]
# bad_flag = -9.990e-29
*END*
[from data line 3619]
   39.55266  -72.24204     90.886     90.173    11.9712    34.7656 -9.990e-29    -0.0255 1.6880e-11  1026.8202    11.9594    26.4148     6.5063    198.088    8.66752  263.89003     75.065 0.0000e+00
   39.55266  -72.24204     90.905     90.193    11.9711    34.7658 -9.990e-29    -0.0255 1.6880e-11  1026.8204    11.9594    26.4150     6.5010    197.929    8.66758  263.89163     75.004 0.0000e+00
   39.55266  -72.24204     90.925     90.212    11.9708    34.7660 -9.990e-29    -0.0255 1.6880e-11  1026.8209    11.9591    26.4152     6.5007    197.920    8.66759  263.89179     75.000 0.0000e+00
   39.55266  -72.24204     90.948     90.235    11.9710    34.7662 -9.990e-29    -0.0255 1.6880e-11  1026.8210    11.9592    26.4154     6.5060    198.080    8.66759  263.89175     75.061 0.0000e+00
   39.55266  -72.24204     90.976     90.263    11.9710    34.7664 -9.990e-29    -0.0255 1.6880e-11  1026.8213    11.9592    26.4155     6.5066    198.100    8.66759  263.89167     75.069 0.0000e+00
   39.55266  -72.24204     90.988     90.275    11.9710    34.7666 -9.990e-29    -0.0255 1.6880e-11  1026.8215    11.9592    26.4156     6.5074    198.124    8.66763  263.89290     75.078 0.0000e+00
   39.55266  -72.24204     91.018     90.304    11.9708    34.7669 -9.990e-29    -0.0255 1.6880e-11  1026.8218    11.9591    26.4159     6.5029    197.987    8.66766  263.89371     75.025 0.0000e+00
   39.55266  -72.24204     91.048     90.334    11.9708    34.7672 -9.990e-29    -0.0255 1.6880e-11  1026.8222    11.9590    26.4161     6.5088    198.166    8.66768  263.89417     75.093 0.0000e+00
   39.55266  -72.24204     91.081     90.367    11.9708    34.7677 -9.990e-29    -0.0255 1.6880e-11  1026.8227    11.9590    26.4165     6.5040    198.018    8.66774  263.89588     75.036 0.0000e+00
   39.55266  -72.24204     91.099     90.385    11.9707    34.7683 -9.990e-29    -0.0255 1.6880e-11  1026.8234    11.9589    26.4170     6.5040    198.019    8.66779  263.89732     75.036 0.0000e+00
   39.55266  -72.24204     91.133     90.418    11.9703    34.7690 -9.990e-29    -0.0255 1.6880e-11  1026.8241    11.9585    26.4176     6.5048    198.045    8.66778  263.89720     75.046 0.0000e+00
   39.55266  -72.24204     91.171     90.457    11.9700    34.7695 -9.990e-29    -0.0255 1.6880e-11  1026.8249    11.9582    26.4180     6.5052    198.055    8.66783  263.89846     75.050 0.0000e+00
   39.55266  -72.24204     91.183     90.468    11.9700    34.7697 -9.990e-29    -0.0255 1.6880e-11  1026.8251    11.9582    26.4182     6.5002    197.904    8.66786  263.89942     74.992 0.0000e+00
   39.55266  -72.24204     91.205     90.490    11.9696    34.7697 -9.990e-29    -0.0255 1.6880e-11  1026.8251    11.9578    26.4183     6.5056    198.068    8.66788  263.89996     75.054 0.0000e+00
   39.55266  -72.24204     91.234     90.518    11.9698    34.7698 -9.990e-29    -0.0255 1.6880e-11  1026.8254    11.9580    26.4183     6.5063    198.090    8.66786  263.89931     75.063 0.0000e+00
   39.55266  -72.24204     91.264     90.549    11.9698    34.7700 -9.990e-29    -0.0255 1.6880e-11  1026.8254    11.9580    26.4186     6.5073    198.118    8.66789  263.90028     75.073 0.0000e+00
   39.55266  -72.24204     91.298     90.582    11.9697    34.7706 -9.990e-29    -0.0255 1.6880e-11  1026.8262    11.9579    26.4190     6.5022    197.964    8.66793  263.90153     75.014 0.0000e+00
   39.55266  -72.24204     91.327     90.611    11.9693    34.7715 -9.990e-29    -0.0255 1.6880e-11  1026.8273    11.9575    26.4197     6.5027    197.979    8.66791  263.90076     75.020 0.0000e+00
   39.55266  -72.24204     91.367     90.651    11.9687    34.7721 -9.990e-29    -0.0255 1.6880e-11  1026.8281    11.9568    26.4203     6.5027    197.978    8.66793  263.90149     75.020 0.0000e+00
   39.55266  -72.24204     91.400     90.684    11.9687    34.7725 -9.990e-29    -0.0255 1.6880e-11  1026.8283    11.9568    26.4206     6.5028    197.983    8.66797  263.90251     75.021 0.0000e+00
   39.55266  -72.24204     91.429     90.712    11.9683    34.7727 -9.990e-29    -0.0255 1.6880e-11  1026.8287    11.9565    26.4208     6.5031    197.991    8.66801  263.90379     75.024 0.0000e+00
   39.55266  -72.24204     91.481     90.763    11.9680    34.7731 -9.990e-29    -0.0255 1.6880e-11  1026.8292    11.9562    26.4212     6.5035    198.004    8.66804  263.90470     75.029 0.0000e+00
   39.55266  -72.24204     91.514     90.796    11.9675    34.7735 -9.990e-29    -0.0389 1.6880e-11  1026.8298    11.9556    26.4217     6.5040    198.020    8.66803  263.90445     75.035 0.0000e+00
   39.55266  -72.24204     91.532     90.814    11.9668    34.7741 -9.990e-29    -0.0389 1.6880e-11  1026.8307    11.9550    26.4222     6.5047    198.041    8.66807  263.90566     75.042 0.0000e+00
   39.55266  -72.24206     91.583     90.865    11.9663    34.7746 -9.990e-29    -0.0389 1.6880e-11  1026.8312    11.9545    26.4227     6.5110    198.231    8.66809  263.90626     75.114 0.0000e+00
   39.55266  -72.24206     91.607     90.888    11.9656    34.7750 -9.990e-29    -0.0389 1.6880e-11  1026.8318    11.9538    26.4231     6.5119    198.259    8.66810  263.90663     75.125 0.0000e+00
   39.55266  -72.24206     91.646     90.927    11.9653    34.7753 -9.990e-29    -0.0389 1.6880e-11  1026.8325    11.9535    26.4234     6.5074    198.123    8.66810  263.90651     75.073 0.0000e+00
   39.55266  -72.24206     91.686     90.967    11.9653    34.7756 -9.990e-29    -0.0389 1.6880e-11  1026.8326    11.9535    26.4236     6.5024    197.971    8.66812  263.90711     75.015 0.0000e+00
   39.55266  -72.24206     91.719     91.000    11.9650    34.7758 -9.990e-29    -0.0389 1.6880e-11  1026.8331    11.9531    26.4238     6.5077    198.132    8.66810  263.90633     75.077 0.0000e+00
   39.55266  -72.24206     91.769     91.049    11.9647    34.7758 -9.990e-29    -0.0389 1.6880e-11  1026.8334    11.9528    26.4240     6.5078    198.133    8.66818  263.90855     75.076 0.0000e+00
   39.55266  -72.24206     91.790     91.070    11.9647    34.7760 -9.990e-29    -0.0389 1.6880e-11  1026.8335    11.9528    26.4241     6.5024    197.970    8.66817  263.90838     75.015 0.0000e+00
   39.55266  -72.24206     91.833     91.113    11.9642    34.7762 -9.990e-29    -0.0389 1.6880e-11  1026.8342    11.9523    26.4243     6.5081    198.142    8.66822  263.90981     75.079 0.0000e+00
   39.55266  -72.24206     91.881     91.161    11.9641    34.7763 -9.990e-29    -0.0389 1.6880e-11  1026.8344    11.9522    26.4244     6.5036    198.006    8.66822  263.90968     75.028 0.0000e+00
   39.55266  -72.24206     91.913     91.192    11.9640    34.7762 -9.990e-29    -0.0389 1.6880e-11  1026.8345    11.9521    26.4244     6.5088    198.165    8.66826  263.91090     75.088 0.0000e+00
   39.55266  -72.24206     91.965     91.243    11.9638    34.7761 -9.990e-29    -0.0389 1.6880e-11  1026.8346    11.9519    26.4244     6.5093    198.181    8.66830  263.91199     75.094 0.0000e+00
   39.55266  -72.24206     91.998     91.276    11.9633    34.7761 -9.990e-29    -0.0389 1.6880e-11  1026.8349    11.9514    26.4244     6.5052    198.055    8.66833  263.91301     75.045 0.0000e+00
   39.55266  -72.24206     92.037     91.315    11.9630    34.7762 -9.990e-29    -0.0389 1.6880e-11  1026.8349    11.9511    26.4246     6.5107    198.223    8.66837  263.91402     75.109 0.0000e+00
   39.55266  -72.24206     92.067     91.345    11.9627    34.7765 -9.990e-29    -0.0389 1.6880e-11  1026.8356    11.9508    26.4249     6.5061    198.082    8.66834  263.91337     75.056 0.0000e+00
   39.55266  -72.24206     92.101     91.378    11.9621    34.7769 -9.990e-29    -0.0389 1.6880e-11  1026.8362    11.9502    26.4253     6.5064    198.090    8.66840  263.91512     75.058 0.0000e+00
   39.55266  -72.24206     92.139     91.417    11.9617    34.7773 -9.990e-29    -0.0389 1.6880e-11  1026.8369    11.9497    26.4257     6.5068    198.102    8.66845  263.91662     75.062 0.0000e+00
   39.55266  -72.24206     92.181     91.458    11.9615    34.7775 -9.990e-29    -0.0389 1.6880e-11  1026.8371    11.9496    26.4259     6.5120    198.262    8.66850  263.91816     75.123 0.0000e+00
   39.55266  -72.24206     92.221     91.498    11.9613    34.7776 -9.990e-29    -0.0389 1.6880e-11  1026.8374    11.9494    26.4260     6.5071    198.112    8.66851  263.91827     75.066 0.0000e+00
   39.55266  -72.24206     92.266     91.542    11.9612    34.7778 -9.990e-29    -0.0389 1.6880e-11  1026.8377    11.9492    26.4262     6.5124    198.275    8.66851  263.91838     75.127 0.0000e+00
   39.55266  -72.24206     92.304     91.580    11.9610    34.7781 -9.990e-29    -0.0524 1.6880e-11  1026.8384    11.9490    26.4265     6.5138    198.316    8.66853  263.91894     75.143 0.0000e+00
   39.55266  -72.24206     92.345     91.620    11.9603    34.7784 -9.990e-29    -0.0389 1.6880e-11  1026.8389    11.9484    26.4268     6.5145    198.338    8.66854  263.91905     75.151 0.0000e+00
   39.55266  -72.24206     92.376     91.652    11.9605    34.7784 -9.990e-29    -0.0389 1.6880e-11  1026.8388    11.9485    26.4268     6.5153    198.362    8.66858  263.92042     75.160 0.0000e+00
   39.55266  -72.24206     92.428     91.703    11.9603    34.7786 -9.990e-29    -0.0255 1.6880e-11  1026.8391    11.9484    26.4270     6.5114    198.244    8.66863  263.92205     75.115 0.0000e+00
   39.55266  -72.24206     92.451     91.726    11.9596    34.7789 -9.990e-29    -0.0255 1.6880e-11  1026.8400    11.9477    26.4273     6.5171    198.417    8.66864  263.92204     75.180 0.0000e+00
   39.55266  -72.24206     92.500     91.774    11.9598    34.7790 -9.990e-29    -0.0255 1.6880e-11  1026.8400    11.9478    26.4274     6.5181    198.448    8.66864  263.92210     75.192 0.0000e+00
   39.55266  -72.24206     92.540     91.814    11.9595    34.7792 -9.990e-29    -0.0255 1.6880e-11  1026.8404    11.9475    26.4276     6.5191    198.480    8.66863  263.92197     75.204 0.0000e+00
   39.55266  -72.24206     92.582     91.855    11.9593    34.7794 -9.990e-29    -0.0255 1.6880e-11  1026.8408    11.9474    26.4278     6.5195    198.491    8.66861  263.92118     75.209 0.0000e+00
   39.55266  -72.24206     92.626     91.900    11.9593    34.7797 -9.990e-29    -0.0255 1.6880e-11  1026.8412    11.9473    26.4281     6.5200    198.506    8.66868  263.92330     75.214 0.0000e+00
   39.55266  -72.24206     92.664     91.937    11.9590    34.7802 -9.990e-29    -0.0255 1.6880e-11  1026.8420    11.9470    26.4285     6.5212    198.542    8.66871  263.92430     75.227 0.0000e+00
   39.55266  -72.24206     92.705     91.978    11.9588    34.7805 -9.990e-29    -0.0255 1.6880e-11  1026.8422    11.9468    26.4288     6.5224    198.579    8.66871  263.92416     75.241 0.0000e+00
   39.55266  -72.24206     92.736     92.008    11.9585    34.7808 -9.990e-29    -0.0255 1.6880e-11  1026.8428    11.9465    26.4290     6.5236    198.616    8.66867  263.92296     75.255 0.0000e+00
   39.55266  -72.24206     92.788     92.060    11.9583    34.7811 -9.990e-29    -0.0255 1.6880e-11  1026.8433    11.9463    26.4293     6.5243    198.636    8.66870  263.92385     75.263 0.0000e+00
   39.55266  -72.24206     92.819     92.091    11.9580    34.7814 -9.990e-29    -0.0255 1.6880e-11  1026.8436    11.9460    26.4296     6.5256    198.677    8.66870  263.92372     75.278 0.0000e+00
   39.55266  -72.24206     92.863     92.135    11.9575    34.7818 -9.990e-29    -0.0255 1.6880e-11  1026.8443    11.9455    26.4300     6.5264    198.700    8.66877  263.92570     75.286 0.0000e+00
   39.55266  -72.24206     92.912     92.183    11.9574    34.7820 -9.990e-29    -0.0255 1.6880e-11  1026.8448    11.9454    26.4302     6.5272    198.723    8.66880  263.92637     75.295 0.0000e+00
   39.55266  -72.24206     92.952     92.223    11.9572    34.7822 -9.990e-29    -0.0255 1.6880e-11  1026.8451    11.9451    26.4304     6.5225    198.580    8.66876  263.92497     75.241 0.0000e+00
   39.55266  -72.24206     92.973     92.243    11.9569    34.7823 -9.990e-29    -0.0255 1.6880e-11  1026.8453    11.9449    26.4305     6.5281    198.752    8.66884  263.92737     75.306 0.0000e+00
   39.55266  -72.24206     93.024     92.294    11.9568    34.7825 -9.990e-29    -0.0255 1.6880e-11  1026.8456    11.9448    26.4307     6.5229    198.592    8.66887  263.92820     75.245 0.0000e+00
   39.55266  -72.24206     93.066     92.336    11.9568    34.7827 -9.990e-29    -0.0255 1.6880e-11  1026.8462    11.9447    26.4309     6.5285    198.764    8.66887  263.92819     75.310 0.0000e+00
   39.55266  -72.24206     93.110     92.380    11.9567    34.7827 -9.990e-29    -0.0255 1.6880e-11  1026.8462    11.9446    26.4309     6.5294    198.791    8.66889  263.92878     75.320 0.0000e+00
   39.55266  -72.24206     93.138     92.407    11.9564    34.7828 -9.990e-29    -0.0255 1.6880e-11  1026.8465    11.9444    26.4310     6.5304    198.820    8.66891  263.92949     75.331 0.0000e+00
   39.55266  -72.24206     93.189     92.458    11.9565    34.7829 -9.990e-29    -0.0255 1.6880e-11  1026.8468    11.9445    26.4311     6.5307    198.829    8.66894  263.93026     75.334 0.0000e+00
   39.55266  -72.24206     93.220     92.488    11.9563    34.7830 -9.990e-29    -0.0255 1.6880e-11  1026.8472    11.9442    26.4312     6.5309    198.837    8.66893  263.92976     75.337 0.0000e+00
   39.55266  -72.24206     93.271     92.539    11.9561    34.7829 -9.990e-29    -0.0255 1.6880e-11  1026.8473    11.9441    26.4311     6.5312    198.845    8.66894  263.92999     75.340 0.0000e+00
   39.55266  -72.24206     93.303     92.571    11.9561    34.7827 -9.990e-29    -0.0255 1.6880e-11  1026.8470    11.9440    26.4310     6.5315    198.853    8.66894  263.93002     75.343 0.0000e+00
   39.55266  -72.24206     93.354     92.622    11.9558    34.7827 -9.990e-29    -0.0255 1.6880e-11  1026.8475    11.9438    26.4311     6.5317    198.861    8.66894  263.92996     75.346 0.0000e+00
   39.55266  -72.24206     93.385     92.652    11.9558    34.7828 -9.990e-29    -0.0524 1.6880e-11  1026.8480    11.9437    26.4312     6.5321    198.872    8.66901  263.93200     75.350 0.0000e+00
   39.55266  -72.24206     93.429     92.696    11.9557    34.7828 -9.990e-29    -0.0658 1.6880e-11  1026.8479    11.9436    26.4311     6.5323    198.878    8.66896  263.93041     75.352 0.0000e+00
   39.55266  -72.24206     93.467     92.733    11.9556    34.7827 -9.990e-29    -0.0658 1.6880e-11  1026.8480    11.9435    26.4311     6.5326    198.887    8.66900  263.93152     75.356 0.0000e+00
   39.55266  -72.24206     93.508     92.774    11.9555    34.7829 -9.990e-29    -0.0658 1.6880e-11  1026.8483    11.9434    26.4313     6.5335    198.916    8.66901  263.93152     75.367 0.0000e+00
   39.55266  -72.24206     93.550     92.816    11.9553    34.7832 -9.990e-29    -0.0658 1.6880e-11  1026.8491    11.9432    26.4315     6.5346    198.948    8.66907  263.93331     75.378 0.0000e+00
   39.55266  -72.24206     93.580     92.846    11.9552    34.7834 -9.990e-29    -0.0658 1.6880e-11  1026.8492    11.9431    26.4317     6.5349    198.959    8.66911  263.93451     75.382 0.0000e+00
   39.55266  -72.24206     93.622     92.887    11.9553    34.7837 -9.990e-29    -0.0658 1.6880e-11  1026.8495    11.9432    26.4319     6.5346    198.949    8.66915  263.93570     75.378 0.0000e+00
   39.55266  -72.24206     93.662     92.927    11.9546    34.7841 -9.990e-29    -0.0658 1.6880e-11  1026.8503    11.9425    26.4323     6.5349    198.958    8.66917  263.93630     75.381 0.0000e+00
   39.55266  -72.24206     93.704     92.968    11.9546    34.7845 -9.990e-29    -0.0658 1.6880e-11  1026.8506    11.9425    26.4327     6.5352    198.967    8.66920  263.93716     75.384 0.0000e+00
