CalculateIndicators/WaterTemperature/Data/CTD_NYOS/20240427_C15.cnv
* Sea-Bird SBE 9 Data File:
* FileName = C:\Seabird 9 CTD\Data\2024\202404_offshore\20240427_C15.hex
* Software Version Seasave V 7.23.2
* Temperature SN = 4590
* Conductivity SN = 3228
* Number of Bytes Per Scan = 44
* Number of Voltage Words = 5
* Number of Scans Averaged by the Deck Unit = 1
* NMEA Latitude = 39 46.38 N
* NMEA Longitude = 072 23.28 W
* NMEA UTC (Time) = Apr 27 2024  15:23:52
* NMEA baud rate = 4800
** Ship: Seawolf
** Station: 9.5
** Operator: TCM
# nquan = 18
# nvalues = 16220                       
# units = specified
# name 0 = latitude: Latitude [deg]
# name 1 = longitude: Longitude [deg]
# name 2 = prDM: Pressure, Digiquartz [db]
# name 3 = depSM: Depth [salt water, m]
# name 4 = t090C: Temperature [ITS-90, deg C]
# name 5 = sal00: Salinity, Practical [PSU]
# name 6 = ph: pH
# name 7 = flECO-AFL: Fluorescence, WET Labs ECO-AFL/FL [mg/m^3]
# name 8 = cpar: CPAR/Corrected Irradiance [%]
# name 9 = density00: Density [density, kg/m^3]
# name 10 = potemp090C: Potential Temperature [ITS-90, deg C]
# name 11 = sigma-é00: Density [sigma-theta, kg/m^3]
# name 12 = sbeox0Mg/L: Oxygen, SBE 43 [mg/l]
# name 13 = sbox0Mm/Kg: Oxygen, SBE 43 [umol/kg]
# name 14 = oxsolMg/L: Oxygen Saturation, Garcia & Gordon [mg/l]
# name 15 = oxsolMm/Kg: Oxygen Saturation, Garcia & Gordon [umol/kg]
# name 16 = sbeox0PS: Oxygen, SBE 43 [% saturation]
# name 17 = flag:  0.000e+00
# span 0 =   39.77286,   39.77306       
# span 1 =  -72.38858,  -72.38814       
# span 2 =      1.800,     83.904       
# span 3 =      1.786,     83.246       
# span 4 =     5.8473,     8.0585       
# span 5 =    32.0624,    32.2758       
# span 6 =      7.933,      8.052       
# span 7 =    -0.0255,     0.7938       
# span 8 = 4.3505e-14, 4.8719e+02       
# span 9 =  1024.9981,  1025.8036       
# span 10 =     5.8427,     8.0582      
# span 11 =    24.9885,    25.4180      
# span 12 =     9.3077,    10.1277      
# span 13 =    283.661,    308.765      
# span 14 =    9.59852,   10.09135      
# span 15 =  292.64334,  307.54792      
# span 16 =     92.294,    105.303      
# span 17 = 0.0000e+00, 0.0000e+00      
# interval = seconds: 0.0416667
# start_time = Apr 27 2024 15:23:53 [System UTC, first data scan.]
# bad_flag = -9.990e-29
*END*
[from data line 9247]
   39.77296  -72.38840     49.867     49.480     5.9743    32.2215      7.956     0.1625 9.9326e-02  1025.5915     5.9703    25.3612     9.5408    290.783   10.05456  306.44017     94.891 -9.990e-29
   39.77296  -72.38840     49.864     49.477     5.9743    32.2218      7.956     0.1625 9.9489e-02  1025.5918     5.9703    25.3615     9.5477    290.992   10.05442  306.43610     94.960 -9.990e-29
   39.77296  -72.38840     49.856     49.469     5.9741    32.2220      7.956     0.1625 1.0014e-01  1025.5919     5.9701    25.3617     9.5487    291.024   10.05414  306.42771     94.973 -9.990e-29
   39.77296  -72.38840     49.843     49.457     5.9743    32.2223      7.956     0.1357 1.0225e-01  1025.5918     5.9703    25.3618     9.5488    291.025   10.05391  306.42076     94.976 -9.990e-29
   39.77296  -72.38840     49.843     49.457     5.9743    32.2226      7.956     0.1088 1.0683e-01  1025.5923     5.9703    25.3620     9.5422    290.826   10.05374  306.41560     94.912 -9.990e-29
   39.77296  -72.38840     49.825     49.439     5.9741    32.2229      7.956     0.0954 1.1502e-01  1025.5923     5.9701    25.3623     9.5422    290.824   10.05352  306.40889     94.914 -9.990e-29
   39.77296  -72.38840     49.813     49.426     5.9743    32.2230      7.956     0.0954 1.2380e-01  1025.5926     5.9703    25.3624     9.5422    290.824   10.05332  306.40310     94.916 -9.990e-29
   39.77296  -72.38840     49.813     49.426     5.9751    32.2227      7.956     0.0954 1.3215e-01  1025.5922     5.9711    25.3621     9.5422    290.826   10.05319  306.39918     94.917 -9.990e-29
   39.77296  -72.38840     49.805     49.418     5.9758    32.2225      7.956     0.0954 1.3554e-01  1025.5916     5.9718    25.3618     9.5488    291.027   10.05304  306.39428     94.985 -9.990e-29
   39.77296  -72.38840     49.792     49.406     5.9762    32.2224      7.956     0.0954 1.3244e-01  1025.5915     5.9722    25.3617     9.5488    291.027   10.05289  306.39011     94.986 -9.990e-29
   39.77296  -72.38840     49.774     49.388     5.9767    32.2225      7.956     0.0954 1.2521e-01  1025.5916     5.9727    25.3617     9.5498    291.058   10.05285  306.38896     94.996 -9.990e-29
   39.77296  -72.38840     49.772     49.385     5.9777    32.2225      7.956     0.0954 1.1724e-01  1025.5913     5.9737    25.3616     9.5509    291.089   10.05283  306.38832     95.007 -9.990e-29
   39.77296  -72.38840     49.762     49.376     5.9785    32.2226      7.956     0.1088 1.1135e-01  1025.5914     5.9745    25.3616     9.5508    291.087   10.05281  306.38776     95.006 -9.990e-29
   39.77296  -72.38840     49.754     49.368     5.9792    32.2224      7.956     0.0954 1.0714e-01  1025.5917     5.9752    25.3613     9.5506    291.081   10.05276  306.38615     95.005 -9.990e-29
   39.77296  -72.38840     49.741     49.355     5.9815    32.2215      7.956     0.0954 1.0448e-01  1025.5902     5.9775    25.3603     9.5513    291.104   10.05267  306.38374     95.013 -9.990e-29
   39.77296  -72.38840     49.722     49.336     5.9834    32.2200      7.956     0.0954 1.0289e-01  1025.5884     5.9795    25.3590     9.5522    291.129   10.05268  306.38393     95.021 -9.990e-29
   39.77296  -72.38840     49.723     49.337     5.9841    32.2189      7.956     0.0954 1.0178e-01  1025.5868     5.9801    25.3581     9.5529    291.153   10.05272  306.38490     95.028 -9.990e-29
   39.77296  -72.38840     49.701     49.315     5.9839    32.2193      7.956     0.1088 1.0140e-01  1025.5871     5.9799    25.3584     9.5536    291.172   10.05262  306.38175     95.036 -9.990e-29
   39.77296  -72.38840     49.693     49.307     5.9830    32.2211      7.956     0.0954 1.0098e-01  1025.5892     5.9790    25.3599     9.5541    291.189   10.05253  306.37898     95.042 -9.990e-29
   39.77296  -72.38840     49.680     49.295     5.9823    32.2232      7.956     0.0954 1.0065e-01  1025.5915     5.9783    25.3615     9.5546    291.204   10.05239  306.37491     95.048 -9.990e-29
   39.77296  -72.38840     49.671     49.285     5.9830    32.2241      7.956     0.0954 1.0048e-01  1025.5923     5.9790    25.3622     9.5552    291.223   10.05241  306.37548     95.054 -9.990e-29
   39.77296  -72.38840     49.663     49.277     5.9848    32.2235      7.956     0.0954 1.0061e-01  1025.5914     5.9808    25.3615     9.5557    291.237   10.05234  306.37326     95.059 -9.990e-29
   39.77296  -72.38840     49.650     49.265     5.9880    32.2221      7.956     0.0954 1.0023e-01  1025.5890     5.9840    25.3601     9.5561    291.249   10.05223  306.37004     95.064 -9.990e-29
   39.77296  -72.38840     49.631     49.246     5.9903    32.2209      7.956     0.0954 1.0052e-01  1025.5877     5.9863    25.3589     9.5555    291.230   10.05220  306.36918     95.058 -9.990e-29
   39.77296  -72.38840     49.629     49.244     5.9918    32.2206      7.956     0.0954 1.0074e-01  1025.5871     5.9879    25.3584     9.5557    291.238   10.05211  306.36659     95.062 -9.990e-29
   39.77296  -72.38840     49.609     49.224     5.9921    32.2208      7.956     0.0954 1.0074e-01  1025.5877     5.9881    25.3586     9.5561    291.249   10.05210  306.36652     95.066 -9.990e-29
   39.77296  -72.38840     49.591     49.206     5.9920    32.2213      7.956     0.0954 1.0074e-01  1025.5880     5.9881    25.3589     9.5553    291.225   10.05209  306.36601     95.058 -9.990e-29
   39.77296  -72.38840     49.578     49.194     5.9921    32.2215      7.956     0.1088 1.0074e-01  1025.5881     5.9881    25.3591     9.5545    291.200   10.05209  306.36605     95.050 -9.990e-29
   39.77296  -72.38840     49.570     49.185     5.9927    32.2216      7.956     0.1357 1.0082e-01  1025.5880     5.9887    25.3591     9.5612    291.404   10.05209  306.36591     95.116 -9.990e-29
   39.77296  -72.38840     49.558     49.173     5.9934    32.2216      7.956     0.1491 1.0082e-01  1025.5879     5.9895    25.3590     9.5622    291.435   10.05205  306.36466     95.127 -9.990e-29
   39.77296  -72.38840     49.548     49.163     5.9943    32.2211      7.956     0.1625 1.0082e-01  1025.5878     5.9903    25.3585     9.5555    291.230   10.05197  306.36217     95.061 -9.990e-29
   39.77296  -72.38840     49.519     49.135     5.9960    32.2202      7.956     0.1491 1.0111e-01  1025.5857     5.9920    25.3575     9.5618    291.423   10.05185  306.35867     95.125 -9.990e-29
   39.77296  -72.38840     49.527     49.143     5.9967    32.2197      7.956     0.1491 1.0111e-01  1025.5854     5.9927    25.3571     9.5559    291.244   10.05177  306.35619     95.067 -9.990e-29
   39.77296  -72.38840     49.498     49.114     5.9965    32.2197      7.956     0.1491 1.0119e-01  1025.5860     5.9925    25.3571     9.5622    291.436   10.05175  306.35577     95.130 -9.990e-29
   39.77296  -72.38840     49.497     49.113     5.9967    32.2195      7.956     0.1491 1.0119e-01  1025.5853     5.9927    25.3569     9.5554    291.229   10.05189  306.36009     95.061 -9.990e-29
   39.77296  -72.38840     49.476     49.092     5.9973    32.2193      7.956     0.1625 1.0149e-01  1025.5850     5.9934    25.3567     9.5551    291.221   10.05200  306.36394     95.057 -9.990e-29
   39.77296  -72.38840     49.468     49.084     5.9974    32.2191      7.956     0.1491 1.0149e-01  1025.5852     5.9935    25.3565     9.5615    291.413   10.05217  306.36902     95.118 -9.990e-29
   39.77296  -72.38840     49.446     49.062     5.9986    32.2190      7.956     0.1491 1.0149e-01  1025.5842     5.9947    25.3563     9.5621    291.431   10.05229  306.37226     95.123 -9.990e-29
   39.77296  -72.38840     49.437     49.054     5.9989    32.2192      7.956     0.1491 1.0149e-01  1025.5845     5.9949    25.3565     9.5625    291.445   10.05234  306.37374     95.127 -9.990e-29
   39.77296  -72.38840     49.436     49.052     5.9996    32.2197      7.956     0.1491 1.0157e-01  1025.5853     5.9956    25.3568     9.5695    291.660   10.05249  306.37872     95.196 -9.990e-29
   39.77296  -72.38840     49.417     49.033     6.0008    32.2199      7.956     0.1491 1.0157e-01  1025.5850     5.9968    25.3568     9.5645    291.507   10.05286  306.39029     95.143 -9.990e-29
   39.77296  -72.38840     49.404     49.021     6.0027    32.2200      7.956     0.1491 1.0157e-01  1025.5845     5.9987    25.3566     9.5650    291.521   10.05319  306.40010     95.144 -9.990e-29
   39.77296  -72.38840     49.385     49.002     6.0042    32.2199      7.956     0.1491 1.0195e-01  1025.5849     6.0002    25.3562     9.5651    291.523   10.05323  306.40071     95.144 -9.990e-29
   39.77296  -72.38840     49.386     49.003     6.0067    32.2191      7.956     0.1491 1.0195e-01  1025.5836     6.0028    25.3553     9.5650    291.522   10.05325  306.40117     95.144 -9.990e-29
   39.77296  -72.38840     49.364     48.981     6.0087    32.2177      7.956     0.1491 1.0195e-01  1025.5817     6.0047    25.3540     9.5648    291.514   10.05315  306.39790     95.142 -9.990e-29
   39.77296  -72.38840     49.356     48.973     6.0098    32.2168      7.956     0.1491 1.0225e-01  1025.5806     6.0058    25.3532     9.5644    291.501   10.05301  306.39345     95.139 -9.990e-29
   39.77296  -72.38840     49.353     48.970     6.0101    32.2167      7.956     0.1491 1.0284e-01  1025.5808     6.0062    25.3531     9.5640    291.490   10.05294  306.39171     95.136 -9.990e-29
   39.77296  -72.38840     49.335     48.952     6.0108    32.2169      7.956     0.1625 1.0284e-01  1025.5811     6.0068    25.3531     9.5635    291.475   10.05287  306.38956     95.132 -9.990e-29
   39.77296  -72.38840     49.334     48.951     6.0119    32.2169      7.956     0.1491 1.0323e-01  1025.5808     6.0079    25.3529     9.5630    291.460   10.05289  306.39030     95.127 -9.990e-29
   39.77296  -72.38840     49.323     48.940     6.0125    32.2167      7.956     0.1625 1.0353e-01  1025.5806     6.0086    25.3527     9.5692    291.649   10.05303  306.39483     95.187 -9.990e-29
   39.77296  -72.38840     49.305     48.922     6.0138    32.2163      7.956     0.1491 1.0353e-01  1025.5800     6.0099    25.3523     9.5640    291.489   10.05302  306.39404     95.135 -9.990e-29
   39.77296  -72.38840     49.293     48.910     6.0149    32.2159      7.956     0.1491 1.0323e-01  1025.5795     6.0110    25.3519     9.5708    291.698   10.05298  306.39290     95.204 -9.990e-29
   39.77296  -72.38840     49.305     48.922     6.0158    32.2157      7.956     0.1357 1.0353e-01  1025.5792     6.0118    25.3516     9.5720    291.735   10.05297  306.39250     95.216 -9.990e-29
   39.77296  -72.38840     49.283     48.900     6.0167    32.2155      7.956     0.1088 1.0323e-01  1025.5789     6.0128    25.3514     9.5656    291.538   10.05298  306.39284     95.152 -9.990e-29
   39.77296  -72.38840     49.284     48.902     6.0176    32.2155      7.956     0.1088 1.0353e-01  1025.5788     6.0136    25.3512     9.5712    291.710   10.05303  306.39437     95.207 -9.990e-29
   39.77296  -72.38840     49.272     48.889     6.0182    32.2155      7.956     0.1088 1.0383e-01  1025.5784     6.0142    25.3511     9.5711    291.707   10.05304  306.39476     95.206 -9.990e-29
   39.77296  -72.38840     49.262     48.880     6.0187    32.2155      7.956     0.1088 1.0413e-01  1025.5788     6.0147    25.3510     9.5710    291.704   10.05316  306.39849     95.204 -9.990e-29
   39.77296  -72.38840     49.264     48.881     6.0194    32.2153      7.956     0.1088 1.0413e-01  1025.5783     6.0155    25.3508     9.5653    291.529   10.05333  306.40396     95.145 -9.990e-29
   39.77296  -72.38840     49.262     48.880     6.0198    32.2149      7.956     0.1088 1.0413e-01  1025.5777     6.0158    25.3504     9.5653    291.530   10.05366  306.41412     95.142 -9.990e-29
   39.77296  -72.38840     49.254     48.872     6.0199    32.2147      7.956     0.1088 1.0413e-01  1025.5776     6.0159    25.3503     9.5719    291.731   10.05407  306.42706     95.204 -9.990e-29
   39.77296  -72.38840     49.251     48.869     6.0200    32.2146      7.961     0.1088 1.0413e-01  1025.5776     6.0160    25.3502     9.5731    291.767   10.05467  306.44508     95.210 -9.990e-29
   39.77296  -72.38840     49.243     48.861     6.0203    32.2144      7.956     0.1088 1.0443e-01  1025.5774     6.0163    25.3500     9.5739    291.792   10.05501  306.45470     95.215 -9.990e-29
   39.77296  -72.38840     49.241     48.859     6.0207    32.2142      7.961     0.1088 1.0443e-01  1025.5770     6.0168    25.3498     9.5744    291.805   10.05506  306.45561     95.219 -9.990e-29
   39.77296  -72.38840     49.254     48.872     6.0206    32.2144      7.961     0.1088 1.0443e-01  1025.5772     6.0167    25.3500     9.5747    291.814   10.05511  306.45704     95.222 -9.990e-29
   39.77296  -72.38840     49.232     48.850     6.0203    32.2148      7.956     0.1088 1.0443e-01  1025.5778     6.0163    25.3504     9.5751    291.827   10.05531  306.46347     95.224 -9.990e-29
   39.77296  -72.38840     49.251     48.869     6.0206    32.2152      7.956     0.1088 1.0443e-01  1025.5780     6.0167    25.3506     9.5822    292.046   10.05575  306.47730     95.291 -9.990e-29
   39.77296  -72.38840     49.233     48.851     6.0209    32.2153      7.956     0.1088 1.0443e-01  1025.5782     6.0169    25.3507     9.5835    292.085   10.05603  306.48573     95.301 -9.990e-29
   39.77296  -72.38840     49.241     48.859     6.0216    32.2152      7.956     0.1088 1.0474e-01  1025.5778     6.0176    25.3506     9.5776    291.904   10.05585  306.47908     95.244 -9.990e-29
   39.77296  -72.38840     49.254     48.872     6.0216    32.2151      7.956     0.1088 1.0474e-01  1025.5778     6.0176    25.3505     9.5770    291.885   10.05545  306.46684     95.242 -9.990e-29
   39.77296  -72.38840     49.241     48.859     6.0217    32.2150      7.956     0.1088 1.0474e-01  1025.5780     6.0178    25.3503     9.5766    291.873   10.05540  306.46531     95.239 -9.990e-29
   39.77296  -72.38840     49.254     48.872     6.0225    32.2147      7.956     0.1088 1.0474e-01  1025.5772     6.0185    25.3500     9.5760    291.856   10.05523  306.46024     95.234 -9.990e-29
   39.77296  -72.38840     49.251     48.869     6.0226    32.2144      7.956     0.1088 1.0474e-01  1025.5773     6.0186    25.3497     9.5820    292.037   10.05509  306.45599     95.295 -9.990e-29
   39.77296  -72.38840     49.243     48.861     6.0231    32.2141      7.956     0.1088 1.0474e-01  1025.5767     6.0192    25.3494     9.5756    291.841   10.05485  306.44796     95.233 -9.990e-29
   39.77296  -72.38840     49.272     48.889     6.0233    32.2137      7.956     0.1088 1.0474e-01  1025.5765     6.0193    25.3491     9.5745    291.807   10.05446  306.43567     95.226 -9.990e-29
   39.77296  -72.38840     49.251     48.869     6.0234    32.2135      7.956     0.1088 1.0504e-01  1025.5763     6.0194    25.3490     9.5798    291.969   10.05402  306.42260     95.283 -9.990e-29
   39.77296  -72.38840     49.273     48.891     6.0233    32.2137      7.961     0.1088 1.0504e-01  1025.5766     6.0193    25.3491     9.5731    291.766   10.05384  306.41815     95.218 -9.990e-29
   39.77296  -72.38840     49.272     48.889     6.0232    32.2140      7.956     0.1357 1.0504e-01  1025.5769     6.0192    25.3494     9.5787    291.936   10.05383  306.41831     95.274 -9.990e-29
   39.77296  -72.38840     49.273     48.891     6.0233    32.2144      7.961     0.1759 1.0474e-01  1025.5771     6.0193    25.3497     9.5732    291.769   10.05396  306.42273     95.218 -9.990e-29
   39.77296  -72.38840     49.283     48.900     6.0234    32.2148      7.956     0.1894 1.0474e-01  1025.5778     6.0194    25.3499     9.5800    291.977   10.05428  306.43317     95.282 -9.990e-29
