CalculateIndicators/WaterTemperature/Data/CTD_NYOS/20240913_C16.cnv
* Sea-Bird SBE 9 Data File:
* FileName = C:\Seabird 9 CTD\Data\2024\202409_offshore\20240913_C16.hex
* Software Version Seasave V 7.23.2
* Temperature SN = 4590
* Conductivity SN = 3228
* Number of Bytes Per Scan = 44
* Number of Voltage Words = 5
* Number of Scans Averaged by the Deck Unit = 1
* NMEA Latitude = 39 46.26 N
* NMEA Longitude = 072 23.28 W
* NMEA UTC (Time) = Sep 13 2024  10:42:08
* NMEA baud rate = 4800
** Ship: Seawolf
** Station: 9.5
** Operator: TDK
# nquan = 18
# nvalues = 16892                       
# units = specified
# name 0 = latitude: Latitude [deg]
# name 1 = longitude: Longitude [deg]
# name 2 = prDM: Pressure, Digiquartz [db]
# name 3 = depSM: Depth [salt water, m]
# name 4 = t090C: Temperature [ITS-90, deg C]
# name 5 = sal00: Salinity, Practical [PSU]
# name 6 = ph: pH
# name 7 = flECO-AFL: Fluorescence, WET Labs ECO-AFL/FL [mg/m^3]
# name 8 = cpar: CPAR/Corrected Irradiance [%]
# name 9 = density00: Density [density, kg/m^3]
# name 10 = potemp090C: Potential Temperature [ITS-90, deg C]
# name 11 = sigma-é00: Density [sigma-theta, kg/m^3]
# name 12 = sbeox0Mg/L: Oxygen, SBE 43 [mg/l]
# name 13 = sbox0Mm/Kg: Oxygen, SBE 43 [umol/kg]
# name 14 = oxsolMg/L: Oxygen Saturation, Garcia & Gordon [mg/l]
# name 15 = oxsolMm/Kg: Oxygen Saturation, Garcia & Gordon [umol/kg]
# name 16 = sbeox0PS: Oxygen, SBE 43 [% saturation]
# name 17 = flag:  0.000e+00
# span 0 =   39.76854,   39.77110       
# span 1 =  -72.38996,  -72.38812       
# span 2 =      1.851,     81.729       
# span 3 =      1.836,     81.089       
# span 4 =     9.0694,    21.1900       
# span 5 =    31.8800,    34.2292       
# span 6 =      7.867,      8.213       
# span 7 =    -0.0658,     2.2443       
# span 8 = 3.8363e-13, 6.1045e+01       
# span 9 =  1022.4732,  1026.4096       
# span 10 =     9.0651,    21.1892      
# span 11 =    22.4650,    26.0442      
# span 12 =     6.0836,     8.7313      
# span 13 =    185.290,    266.396      
# span 14 =    7.34425,    9.37008      
# span 15 =  224.45113,  285.67200      
# span 16 =     69.594,    105.410      
# span 17 = 0.0000e+00, 0.0000e+00      
# interval = seconds: 0.0416667
# start_time = Sep 13 2024 10:42:08 [System UTC, first data scan.]
# bad_flag = -9.990e-29
*END*
[from data line 724]
   39.77088  -72.38814     12.446     12.350    20.7251    32.7034      8.211     0.1088 4.3852e+00  1022.8765    20.7228    22.8202     7.2976    222.941    7.46294  227.99215     97.784 0.0000e+00
   39.77088  -72.38814     12.497     12.401    20.7153    32.7092      8.211     0.1088 4.3144e+00  1022.8854    20.7130    22.8277     7.2976    222.940    7.46269  227.98337     97.788 0.0000e+00
   39.77088  -72.38814     12.520     12.424    20.7054    32.7101      8.211     0.1088 4.3021e+00  1022.8835    20.7031    22.8311     7.2977    222.945    7.46257  227.97990     97.791 0.0000e+00
   39.77088  -72.38814     12.568     12.472    20.6937    32.7096      8.212     0.1088 4.2899e+00  1022.8898    20.6913    22.8336     7.2982    222.958    7.46266  227.98326     97.796 0.0000e+00
   39.77088  -72.38814     12.591     12.495    20.6849    32.7067      8.212     0.1088 4.2899e+00  1022.8904    20.6825    22.8339     7.2987    222.976    7.46287  227.99008     97.801 0.0000e+00
   39.77088  -72.38814     12.618     12.521    20.6761    32.6988      8.212     0.1222 4.2776e+00  1022.8867    20.6737    22.8303     7.2995    222.998    7.46318  227.99978     97.806 0.0000e+00
   39.77088  -72.38814     12.668     12.571    20.6661    32.6913      8.212     0.1088 4.2776e+00  1022.8753    20.6637    22.8276     7.3002    223.021    7.46346  228.00835     97.813 0.0000e+00
   39.77088  -72.38814     12.733     12.635    20.6512    32.6943      8.212     0.1088 4.2776e+00  1022.8837    20.6489    22.8331     7.3010    223.044    7.46371  228.01540     97.820 0.0000e+00
   39.77088  -72.38814     12.750     12.652    20.6397    32.7020      8.212     0.1088 4.2654e+00  1022.9063    20.6373    22.8418     7.3017    223.066    7.46388  228.02052     97.827 0.0000e+00
   39.77088  -72.38814     12.800     12.702    20.6353    32.6965      8.212     0.1088 4.2533e+00  1022.9028    20.6329    22.8398     7.3071    223.230    7.46423  228.03161     97.894 0.0000e+00
   39.77088  -72.38814     12.824     12.725    20.6257    32.6758      8.212     0.1088 4.2411e+00  1022.8802    20.6233    22.8270     7.3085    223.275    7.46471  228.04610     97.908 0.0000e+00
   39.77088  -72.38814     12.872     12.773    20.6085    32.6556      8.212     0.1088 4.2290e+00  1022.8648    20.6061    22.8159     7.3096    223.308    7.46514  228.05914     97.917 0.0000e+00
   39.77088  -72.38814     12.916     12.817    20.5871    32.6474      8.212     0.1088 4.2170e+00  1022.8655    20.5847    22.8148     7.3105    223.334    7.46533  228.06457     97.926 0.0000e+00
   39.77088  -72.38814     12.953     12.854    20.5659    32.6514      8.212     0.1088 4.2050e+00  1022.8769    20.5635    22.8230     7.3112    223.354    7.46534  228.06450     97.935 0.0000e+00
   39.77088  -72.38814     12.993     12.893    20.5481    32.6618      8.212     0.1088 4.1930e+00  1022.8925    20.5457    22.8355     7.3119    223.378    7.46541  228.06639     97.944 0.0000e+00
   39.77086  -72.38814     13.048     12.948    20.5344    32.6697      8.212     0.1088 4.1691e+00  1022.9081    20.5320    22.8453     7.3171    223.537    7.46550  228.06918     98.013 0.0000e+00
   39.77086  -72.38814     13.074     12.974    20.5251    32.6676      8.212     0.0954 4.1691e+00  1022.9070    20.5226    22.8467     7.3183    223.572    7.46556  228.07093     98.027 0.0000e+00
   39.77086  -72.38814     13.128     13.027    20.5142    32.6576      8.212     0.0954 4.1572e+00  1022.8974    20.5118    22.8423     7.3194    223.606    7.46557  228.07125     98.042 0.0000e+00
   39.77086  -72.38814     13.166     13.065    20.4990    32.6489      8.212     0.0954 4.1335e+00  1022.8929    20.4966    22.8394     7.3203    223.633    7.46576  228.07729     98.051 0.0000e+00
   39.77086  -72.38814     13.199     13.098    20.4820    32.6471      8.212     0.0954 4.1217e+00  1022.8963    20.4796    22.8422     7.3260    223.808    7.46599  228.08450     98.125 0.0000e+00
   39.77086  -72.38814     13.247     13.146    20.4659    32.6512      8.212     0.0954 4.1217e+00  1022.9072    20.4634    22.8494     7.3275    223.855    7.46613  228.08849     98.144 0.0000e+00
   39.77086  -72.38814     13.278     13.176    20.4526    32.6549      8.213     0.0954 4.0865e+00  1022.9168    20.4501    22.8559     7.3292    223.906    7.46640  228.09704     98.163 0.0000e+00
   39.77086  -72.38814     13.341     13.239    20.4406    32.6524      8.213     0.1088 4.0102e+00  1022.9179    20.4381    22.8573     7.3308    223.954    7.46693  228.11367     98.176 0.0000e+00
   39.77086  -72.38814     13.369     13.266    20.4285    32.6456      8.213     0.0954 4.0632e+00  1022.9110    20.4260    22.8555     7.3326    224.010    7.46781  228.14088     98.189 0.0000e+00
   39.77086  -72.38814     13.413     13.310    20.4142    32.6416      8.213     0.0954 4.0516e+00  1022.9111    20.4118    22.8561     7.3390    224.205    7.46883  228.17173     98.261 0.0000e+00
   39.77086  -72.38814     13.461     13.357    20.3993    32.6430      8.213     0.0954 3.9759e+00  1022.9185    20.3968    22.8609     7.3412    224.271    7.46977  228.20002     98.278 0.0000e+00
   39.77086  -72.38814     13.483     13.379    20.3860    32.6466      8.213     0.0954 3.9759e+00  1022.9267    20.3835    22.8671     7.3432    224.334    7.47060  228.22488     98.295 0.0000e+00
   39.77086  -72.38814     13.531     13.427    20.3743    32.6489      8.213     0.0954 3.9420e+00  1022.9314    20.3718    22.8720     7.3452    224.395    7.47145  228.25022     98.311 0.0000e+00
   39.77086  -72.38814     13.575     13.471    20.3632    32.6490      8.213     0.0954 3.9195e+00  1022.9348    20.3607    22.8750     7.3516    224.588    7.47224  228.27388     98.385 0.0000e+00
   39.77086  -72.38814     13.623     13.518    20.3527    32.6472      8.213     0.0954 3.9195e+00  1022.9356    20.3502    22.8765     7.3539    224.657    7.47306  228.29891     98.405 0.0000e+00
   39.77086  -72.38814     13.656     13.551    20.3423    32.6447      8.213     0.0954 3.8860e+00  1022.9365    20.3398    22.8774     7.3560    224.723    7.47384  228.32219     98.424 0.0000e+00
   39.77086  -72.38814     13.693     13.588    20.3314    32.6423      8.213     0.0954 3.8528e+00  1022.9374    20.3288    22.8785     7.3623    224.913    7.47435  228.33697     98.500 0.0000e+00
   39.77086  -72.38814     13.726     13.621    20.3202    32.6413      8.213     0.0954 3.8418e+00  1022.9385    20.3176    22.8806     7.3688    225.112    7.47484  228.35150     98.581 0.0000e+00
   39.77086  -72.38814     13.765     13.659    20.3085    32.6433      8.213     0.0954 3.8309e+00  1022.9435    20.3060    22.8850     7.3669    225.053    7.47539  228.36830     98.548 0.0000e+00
   39.77086  -72.38814     13.807     13.701    20.2976    32.6482      8.208     0.0954 3.8090e+00  1022.9510    20.2951    22.8915     7.3687    225.110    7.47584  228.38148     98.568 0.0000e+00
   39.77086  -72.38814     13.835     13.729    20.2887    32.6550      8.213     0.0954 3.7981e+00  1022.9584    20.2861    22.8990     7.3745    225.286    7.47621  228.39287     98.640 0.0000e+00
   39.77086  -72.38814     13.869     13.763    20.2816    32.6627      8.208     0.0954 3.7873e+00  1022.9675    20.2791    22.9067     7.3763    225.341    7.47672  228.40849     98.657 0.0000e+00
   39.77086  -72.38814     13.906     13.800    20.2767    32.6698      8.208     0.1088 3.7657e+00  1022.9748    20.2741    22.9135     7.3779    225.391    7.47722  228.42357     98.672 0.0000e+00
   39.77086  -72.38814     13.939     13.832    20.2732    32.6755      8.208     0.0954 3.7549e+00  1022.9796    20.2707    22.9188     7.3838    225.571    7.47767  228.43695     98.745 0.0000e+00
   39.77086  -72.38814     13.967     13.860    20.2704    32.6800      8.213     0.0954 3.7549e+00  1022.9841    20.2678    22.9230     7.3856    225.624    7.47813  228.45089     98.763 0.0000e+00
   39.77086  -72.38814     13.990     13.883    20.2686    32.6836      8.208     0.0954 3.7442e+00  1022.9872    20.2661    22.9262     7.3868    225.660    7.47855  228.46360     98.773 0.0000e+00
   39.77086  -72.38814     14.029     13.921    20.2676    32.6859      8.208     0.0954 3.7335e+00  1022.9901    20.2650    22.9282     7.3921    225.822    7.47878  228.46975     98.841 0.0000e+00
   39.77086  -72.38814     14.051     13.943    20.2682    32.6860      8.208     0.0954 3.7335e+00  1022.9905    20.2657    22.9283     7.3932    225.854    7.47866  228.46490     98.857 0.0000e+00
   39.77086  -72.38814     14.081     13.973    20.2690    32.6833      8.208     0.0954 3.7228e+00  1022.9878    20.2664    22.9262     7.3990    226.031    7.47886  228.47213     98.932 0.0000e+00
   39.77086  -72.38814     14.110     14.002    20.2683    32.6788      8.208     0.1088 3.7122e+00  1022.9835    20.2657    22.9231     7.3962    225.947    7.47956  228.49457     98.885 0.0000e+00
   39.77086  -72.38814     14.132     14.023    20.2650    32.6748      8.208     0.0954 3.7122e+00  1022.9812    20.2624    22.9208     7.4022    226.130    7.48035  228.51867     98.955 0.0000e+00
   39.77086  -72.38814     14.159     14.051    20.2606    32.6731      8.208     0.0954 3.7016e+00  1022.9797    20.2580    22.9206     7.4035    226.170    7.48070  228.52738     98.968 0.0000e+00
   39.77086  -72.38814     14.183     14.074    20.2553    32.6759      8.208     0.0954 3.6910e+00  1022.9831    20.2527    22.9238     7.4042    226.190    7.48054  228.52104     98.980 0.0000e+00
   39.77086  -72.38814     14.210     14.101    20.2511    32.6821      8.208     0.0954 3.6910e+00  1022.9924    20.2485    22.9294     7.4051    226.216    7.48068  228.52586     98.989 0.0000e+00
   39.77086  -72.38814     14.234     14.124    20.2509    32.6868      8.208     0.0954 3.6910e+00  1022.9974    20.2483    22.9332     7.4062    226.253    7.48130  228.54571     98.997 0.0000e+00
   39.77086  -72.38814     14.241     14.131    20.2523    32.6872      8.208     0.0954 3.6910e+00  1022.9959    20.2497    22.9334     7.4071    226.280    7.48181  228.56091     99.002 0.0000e+00
   39.77086  -72.38814     14.274     14.164    20.2527    32.6852      8.208     0.0954 3.6910e+00  1022.9935    20.2500    22.9318     7.4120    226.428    7.48203  228.56682     99.064 0.0000e+00
   39.77086  -72.38814     14.285     14.175    20.2520    32.6829      8.208     0.0954 3.6805e+00  1022.9918    20.2493    22.9302     7.4126    226.446    7.48215  228.57045     99.070 0.0000e+00
   39.77086  -72.38814     14.302     14.193    20.2504    32.6813      8.208     0.0954 3.6699e+00  1022.9906    20.2478    22.9294     7.4131    226.462    7.48242  228.57921     99.074 0.0000e+00
   39.77086  -72.38814     14.324     14.214    20.2483    32.6811      8.208     0.0954 3.6699e+00  1022.9914    20.2456    22.9298     7.4137    226.479    7.48286  228.59294     99.075 0.0000e+00
   39.77086  -72.38814     14.333     14.223    20.2460    32.6816      8.208     0.0954 3.6805e+00  1022.9932    20.2434    22.9307     7.4183    226.620    7.48315  228.60125     99.133 0.0000e+00
   39.77086  -72.38814     14.355     14.245    20.2446    32.6816      8.208     0.1088 3.7398e+00  1022.9940    20.2420    22.9312     7.4183    226.620    7.48309  228.59788     99.135 0.0000e+00
   39.77086  -72.38814     14.373     14.262    20.2427    32.6806      8.208     0.0954 3.7398e+00  1022.9930    20.2400    22.9310     7.4182    226.615    7.48297  228.59440     99.134 0.0000e+00
   39.77086  -72.38814     14.385     14.275    20.2397    32.6797      8.209     0.1088 3.7398e+00  1022.9928    20.2370    22.9310     7.4184    226.623    7.48312  228.59920     99.135 0.0000e+00
   39.77086  -72.38814     14.396     14.285    20.2365    32.6800      8.209     0.0954 3.7291e+00  1022.9936    20.2339    22.9319     7.4185    226.627    7.48328  228.60418     99.135 0.0000e+00
   39.77086  -72.38814     14.414     14.303    20.2343    32.6814      8.209     0.0954 3.7398e+00  1022.9962    20.2316    22.9335     7.4185    226.626    7.48347  228.61043     99.132 0.0000e+00
   39.77086  -72.38814     14.426     14.315    20.2335    32.6829      8.209     0.0954 3.7291e+00  1022.9980    20.2309    22.9349     7.4230    226.763    7.48390  228.62421     99.186 0.0000e+00
   39.77086  -72.38814     14.444     14.333    20.2330    32.6835      8.209     0.0954 3.7398e+00  1022.9984    20.2304    22.9356     7.4233    226.774    7.48442  228.64037     99.183 0.0000e+00
   39.77086  -72.38814     14.447     14.336    20.2325    32.6836      8.209     0.1088 3.8011e+00  1022.9982    20.2298    22.9358     7.4233    226.774    7.48483  228.65274     99.178 0.0000e+00
   39.77086  -72.38814     14.454     14.343    20.2318    32.6836      8.209     0.1088 3.8011e+00  1022.9990    20.2291    22.9359     7.4234    226.774    7.48506  228.65867     99.176 0.0000e+00
   39.77086  -72.38814     14.477     14.366    20.2319    32.6830      8.209     0.1088 3.8011e+00  1022.9986    20.2293    22.9356     7.4275    226.899    7.48510  228.65958     99.230 0.0000e+00
   39.77086  -72.38814     14.487     14.376    20.2312    32.6819      8.209     0.1088 3.8011e+00  1022.9972    20.2286    22.9350     7.4275    226.899    7.48526  228.66427     99.228 0.0000e+00
   39.77086  -72.38814     14.495     14.384    20.2297    32.6811      8.209     0.1088 3.8011e+00  1022.9973    20.2270    22.9346     7.4229    226.761    7.48553  228.67291     99.164 0.0000e+00
   39.77086  -72.38814     14.498     14.386    20.2286    32.6804      8.204     0.1088 3.8645e+00  1022.9978    20.2260    22.9344     7.4274    226.897    7.48604  228.68942     99.216 0.0000e+00
   39.77086  -72.38814     14.505     14.393    20.2272    32.6786      8.204     0.1088 3.8645e+00  1022.9968    20.2245    22.9336     7.4233    226.774    7.48675  228.71199     99.153 0.0000e+00
   39.77086  -72.38814     14.528     14.416    20.2246    32.6757      8.209     0.1088 3.8645e+00  1022.9947    20.2219    22.9322     7.4276    226.906    7.48750  228.73456     99.201 -9.990e-29
   39.77086  -72.38814     14.528     14.416    20.2193    32.6731      8.204     0.1088 3.8756e+00  1022.9933    20.2167    22.9315     7.4274    226.898    7.48789  228.74536     99.192 -9.990e-29
   39.77086  -72.38814     14.535     14.423    20.2121    32.6721      8.209     0.1088 3.8756e+00  1022.9946    20.2095    22.9324     7.4270    226.886    7.48832  228.75814     99.181 0.0000e+00
   39.77086  -72.38814     14.547     14.436    20.2048    32.6725      8.209     0.1088 3.8756e+00  1022.9976    20.2021    22.9345     7.4270    226.886    7.48893  228.77703     99.173 0.0000e+00
   39.77086  -72.38814     14.566     14.455    20.1985    32.6731      8.204     0.1088 3.9413e+00  1022.9999    20.1958    22.9368     7.4272    226.892    7.48984  228.80568     99.164 -9.990e-29
   39.77086  -72.38814     14.568     14.456    20.1922    32.6738      8.204     0.1222 3.9639e+00  1023.0019    20.1895    22.9389     7.4274    226.897    7.49092  228.83899     99.152 -9.990e-29
 -9.990e-29  -72.38814     14.579     14.467    20.1860    32.6742      8.204     0.1088 3.9639e+00  1023.0045    20.1834    22.9408     7.4317    227.028    7.49187  228.86745     99.196 0.0000e+00
 -9.990e-29  -72.38814     14.597     14.485    20.1804    32.6743      8.204     0.1088 3.9639e+00  1023.0051    20.1777    22.9424     7.4322    227.044    7.49284  228.89675     99.190 0.0000e+00
 -9.990e-29  -72.38814     14.609     14.497    20.1746    32.6749      8.204     0.1088 3.9752e+00  1023.0070    20.1719    22.9443     7.4325    227.053    7.49380  228.92569     99.182 0.0000e+00
 -9.990e-29  -72.38814     14.616     14.504    20.1700    32.6763      8.204     0.1222 4.0438e+00  1023.0104    20.1674    22.9466     7.4326    227.055    7.49467  228.95121     99.172 0.0000e+00
