CalculateIndicators/WaterTemperature/Data/CTD_NYOS/20240710_C17.cnv
* Sea-Bird SBE 9 Data File:
* FileName = C:\Seabird 9 CTD\Data\2024\202407_offshore\20240710_C17.hex
* Software Version Seasave V 7.23.2
* Temperature SN = 4590
* Conductivity SN = 3228
* Number of Bytes Per Scan = 44
* Number of Voltage Words = 5
* Number of Scans Averaged by the Deck Unit = 1
* NMEA Latitude = 40 13.24 N
* NMEA Longitude = 072 41.16 W
* NMEA UTC (Time) = Jul 10 2024  03:29:26
* NMEA baud rate = 4800
** Ship: seawolf
** Station: 9.3
** Operator: TDK
# nquan = 18
# nvalues = 14666                       
# units = specified
# name 0 = latitude: Latitude [deg]
# name 1 = longitude: Longitude [deg]
# name 2 = prDM: Pressure, Digiquartz [db]
# name 3 = depSM: Depth [salt water, m]
# name 4 = t090C: Temperature [ITS-90, deg C]
# name 5 = sal00: Salinity, Practical [PSU]
# name 6 = ph: pH
# name 7 = flECO-AFL: Fluorescence, WET Labs ECO-AFL/FL [mg/m^3]
# name 8 = cpar: CPAR/Corrected Irradiance [%]
# name 9 = density00: Density [density, kg/m^3]
# name 10 = potemp090C: Potential Temperature [ITS-90, deg C]
# name 11 = sigma-é00: Density [sigma-theta, kg/m^3]
# name 12 = sbeox0Mg/L: Oxygen, SBE 43 [mg/l]
# name 13 = sbox0Mm/Kg: Oxygen, SBE 43 [umol/kg]
# name 14 = oxsolMg/L: Oxygen Saturation, Garcia & Gordon [mg/l]
# name 15 = oxsolMm/Kg: Oxygen Saturation, Garcia & Gordon [umol/kg]
# name 16 = sbeox0PS: Oxygen, SBE 43 [% saturation]
# name 17 = flag:  0.000e+00
# span 0 =   40.22082,   40.22164       
# span 1 =  -72.68612,  -72.68358       
# span 2 =      1.647,     53.107       
# span 3 =      1.635,     52.692       
# span 4 =     6.6829,    23.5302       
# span 5 =    30.0280,    31.9726       
# span 6 =      7.830,      8.102       
# span 7 =    -0.0255,     3.7755       
# span 8 = 1.6880e-11, 9.9999e+04       
# span 9 =  1020.2189,  1025.3156       
# span 10 =     6.6788,    23.5294      
# span 11 =    20.2141,    25.0721      
# span 12 =     7.1156,    10.3649      
# span 13 =    216.969,    316.364      
# span 14 =    7.13401,    9.91787      
# span 15 =  218.51775,  302.36799      
# span 16 =     72.409,    119.926      
# span 17 = 0.0000e+00, 0.0000e+00      
# interval = seconds: 0.0416667
# start_time = Jul 10 2024 03:29:27 [System UTC, first data scan.]
# bad_flag = -9.990e-29
*END*
[from data line 10855]
   40.22140  -72.68444      8.253      8.189    18.0506    30.3423      7.854     2.8353 9.9999e+04  1021.7275    18.0492    21.6966     8.5720    262.215    7.76918  237.65665    110.334 -9.990e-29
   40.22140  -72.68444      8.253      8.189    17.9920    30.3591      7.854     2.8353 9.9999e+04  1021.7541    17.9907    21.7225     8.5923    262.836    7.76910  237.65472    110.596 -9.990e-29
   40.22140  -72.68444      8.253      8.189    17.9440    30.3867      7.854     2.8353 9.9999e+04  1021.7921    17.9427    21.7549     8.6083    263.326    7.76870  237.64146    110.808 -9.990e-29
   40.22140  -72.68444      8.262      8.199    17.9061    30.4160      7.854     2.9024 9.9999e+04  1021.8273    17.9048    21.7865     8.6238    263.797    7.76786  237.61443    111.019 -9.990e-29
   40.22140  -72.68444      8.276      8.212    17.8784    30.4406      7.859     3.1711 9.9999e+04  1021.8504    17.8771    21.8125     8.6394    264.273    7.76687  237.58364    111.234 -9.990e-29
   40.22140  -72.68444      8.283      8.219    17.8534    30.4614      7.859     3.2785 9.9999e+04  1021.8716    17.8521    21.8344     8.6541    264.724    7.76528  237.53589    111.446 -9.990e-29
   40.22140  -72.68444      8.272      8.208    17.8321    30.4792      7.859     3.2785 9.9999e+04  1021.8925    17.8308    21.8532     8.6682    265.157    7.76336  237.47818    111.655 -9.990e-29
   40.22140  -72.68444      8.283      8.219    17.8143    30.4927      7.859     3.2651 9.9999e+04  1021.9056    17.8129    21.8680     8.6814    265.561    7.76117  237.41255    111.856 -9.990e-29
   40.22140  -72.68444      8.293      8.229    17.7963    30.5039      7.859     3.2516 9.9999e+04  1021.9161    17.7949    21.8807     8.6896    265.811    7.75894  237.34421    111.994 -9.990e-29
   40.22140  -72.68444      8.283      8.219    17.7788    30.5161      7.859     3.2516 9.9999e+04  1021.9304    17.7775    21.8939     8.7009    266.159    7.75609  237.25766    112.182 -9.990e-29
   40.22140  -72.68444      8.293      8.229    17.7665    30.5295      7.860     3.2516 9.9999e+04  1021.9442    17.7652    21.9070     8.7078    266.372    7.75333  237.17370    112.311 -9.990e-29
   40.22140  -72.68444      8.283      8.219    17.7590    30.5447      7.860     3.2516 9.9999e+04  1021.9542    17.7576    21.9204     8.7183    266.694    7.75035  237.08331    112.490 -9.990e-29
   40.22140  -72.68444      8.293      8.229    17.7545    30.5664      7.860     3.2516 9.9999e+04  1021.9705    17.7531    21.9375     8.7237    266.859    7.74723  236.98915    112.604 -9.990e-29
   40.22140  -72.68444      8.286      8.222    17.7603    30.5971      7.860     3.2516 9.9999e+04  1021.9947    17.7590    21.9594     8.7327    267.136    7.74434  236.90236    112.762 -9.990e-29
   40.22140  -72.68444      8.272      8.208    17.7778    30.6321      7.860     3.2516 9.9999e+04  1022.0222    17.7765    21.9821     8.7375    267.287    7.74187  236.82941    112.860 -9.990e-29
   40.22140  -72.68444      8.283      8.219    17.8057    30.6632      7.859     3.2516 5.0640e-11  1022.0403    17.8043    21.9991     8.7420    267.425    7.73981  236.76853    112.948 -9.990e-29
   40.22140  -72.68444      8.272      8.208    17.8453    30.6854      7.864     3.2516 2.5320e-11  1022.0485    17.8439    22.0068     8.7454    267.533    7.73797  236.71383    113.019 -9.990e-29
   40.22140  -72.68444      8.272      8.208    17.8935    30.6990      7.864     3.2516 2.5320e-11  1022.0451    17.8921    22.0050     8.7480    267.614    7.73618  236.66060    113.079 -9.990e-29
   40.22140  -72.68444      8.262      8.199    17.9591    30.7120      7.864     3.2516 2.5320e-11  1022.0305    17.9577    21.9994     8.7498    267.671    7.73447  236.60992    113.128 -9.990e-29
   40.22140  -72.68444      8.253      8.189    18.0409    30.7297      7.859     3.2516 2.5320e-11  1022.0359    18.0395    21.9940     8.7507    267.701    7.73284  236.56183    113.163 -9.990e-29
   40.22140  -72.68444      8.253      8.189    18.1323    30.7297      7.863     3.2516 2.5320e-11  1022.0270    18.1309    21.9808     8.7512    267.718    7.73160  236.52577    113.188 -9.990e-29
   40.22140  -72.68444      8.242      8.178    18.2262    30.7297      7.863     3.2516 2.5320e-11  1021.9901    18.2248    21.9560     8.7514    267.725    7.73055  236.49554    113.205 -9.990e-29
   40.22140  -72.68444      8.235      8.172    18.3009    30.7240      7.863     3.2516 1.6880e-11  1021.9629    18.2995    21.9294     8.7510    267.717    7.72989  236.47722    113.211 -9.990e-29
   40.22140  -72.68444      8.221      8.158    18.3625    30.7119      7.863     3.2516 2.5320e-11  1021.9453    18.3611    21.9033     8.7503    267.697    7.72971  236.47432    113.204 -9.990e-29
   40.22140  -72.68444      8.212      8.148    18.4330    30.6914      7.863     3.2516 1.6880e-11  1021.9108    18.4316    21.8704     8.7495    267.675    7.72994  236.48336    113.190 -9.990e-29
   40.22140  -72.68444      8.212      8.148    18.5118    30.6634      7.862     3.2516 1.6880e-11  1021.8653    18.5104    21.8311     8.7479    267.628    7.73034  236.49657    113.164 -9.990e-29
   40.22140  -72.68444      8.191      8.128    18.5848    30.6329      7.862     3.2516 1.6880e-11  1021.8281    18.5834    21.7900     8.7456    267.557    7.73094  236.51488    113.125 -9.990e-29
   40.22140  -72.68444      8.191      8.128    18.6529    30.5970      7.862     3.2516 1.6880e-11  1021.7850    18.6515    21.7461     8.7383    267.335    7.73177  236.54129    113.018 -9.990e-29
   40.22140  -72.68444      8.172      8.109    18.7173    30.5566      7.862     3.1576 1.6880e-11  1021.7310    18.7159    21.7004     8.7395    267.374    7.73283  236.57500    113.019 -9.990e-29
   40.22140  -72.68444      8.172      8.109    18.7661    30.5202      7.862     3.0905 1.6880e-11  1021.6914    18.7647    21.6604     8.7312    267.117    7.73371  236.60162    112.897 -9.990e-29
   40.22140  -72.68444      8.151      8.088    18.8035    30.4919      7.861     3.0905 1.6880e-11  1021.6611    18.8021    21.6292     8.7313    267.122    7.73487  236.63714    112.883 -9.990e-29
   40.22140  -72.68444      8.144      8.082    18.8340    30.4696      7.861     3.0905 1.6880e-11  1021.6387    18.8326    21.6044     8.7222    266.843    7.73610  236.67540    112.746 -9.990e-29
   40.22140  -72.68444      8.131      8.068    18.8599    30.4489      7.861     3.0905 1.6880e-11  1021.6185    18.8585    21.5824     8.7166    266.671    7.73694  236.69967    112.662 -9.990e-29
   40.22140  -72.68444      8.121      8.058    18.8791    30.4268      7.861     3.0905 1.6880e-11  1021.5955    18.8777    21.5611     8.7107    266.488    7.73796  236.72996    112.571 -9.990e-29
   40.22140  -72.68444      8.110      8.047    18.8904    30.4061      7.861     3.0905 1.6880e-11  1021.5732    18.8890    21.5429     8.7006    266.180    7.73949  236.77709    112.418 -9.990e-29
   40.22140  -72.68444      8.100      8.038    18.8864    30.3903      7.861     3.0905 1.6880e-11  1021.5649    18.8850    21.5311     8.6999    266.160    7.74164  236.84433    112.378 -9.990e-29
   40.22140  -72.68442      8.091      8.028    18.8762    30.3773      7.861     3.0905 1.6880e-11  1021.5590    18.8748    21.5227     8.6900    265.856    7.74389  236.91165    112.217 -9.990e-29
   40.22140  -72.68442      8.070      8.008    18.8700    30.3654      7.861     3.0905 1.6880e-11  1021.5480    18.8686    21.5155     8.6840    265.671    7.74598  236.97428    112.109 -9.990e-29
   40.22140  -72.68442      8.073      8.011    18.8629    30.3654      7.861     3.0905 1.6880e-11  1021.5430    18.8615    21.5128     8.6784    265.500    7.74813  237.03998    112.006 -9.990e-29
   40.22140  -72.68442      8.060      7.998    18.8510    30.3654      7.861     3.0905 1.6880e-11  1021.5491    18.8496    21.5188     8.6727    265.324    7.75023  237.10273    111.903 -9.990e-29
   40.22140  -72.68442      8.049      7.987    18.8329    30.3772      7.861     3.0905 1.6880e-11  1021.5661    18.8316    21.5333     8.6673    265.157    7.75222  237.16188    111.804 -9.990e-29
   40.22140  -72.68442      8.029      7.967    18.8173    30.3976      7.861     3.0905 2.5320e-11  1021.5875    18.8159    21.5524     8.6578    264.863    7.75429  237.22231    111.652 -9.990e-29
   40.22140  -72.68442      8.029      7.967    18.8056    30.4188      7.861     3.0905 1.6880e-11  1021.6090    18.8042    21.5714     8.6521    264.685    7.75595  237.27083    111.554 -9.990e-29
   40.22140  -72.68442      8.010      7.948    18.7971    30.4363      7.862     3.0905 2.5320e-11  1021.6244    18.7957    21.5867     8.6428    264.402    7.75773  237.32482    111.409 -9.990e-29
   40.22140  -72.68442      7.999      7.937    18.7948    30.4492      7.862     3.0905 1.6880e-11  1021.6340    18.7935    21.5973     8.6379    264.252    7.75954  237.37959    111.320 -9.990e-29
   40.22140  -72.68442      7.999      7.937    18.7960    30.4574      7.862     3.0905 1.6880e-11  1021.6416    18.7947    21.6035     8.6334    264.110    7.76113  237.42684    111.239 -9.990e-29
   40.22140  -72.68442      7.982      7.921    18.7995    30.4574      7.862     3.0905 1.6880e-11  1021.6414    18.7981    21.6051     8.6290    263.973    7.76263  237.47108    111.160 -9.990e-29
   40.22140  -72.68442      7.979      7.918    18.7997    30.4574      7.862     3.0905 1.6880e-11  1021.6387    18.7983    21.6036     8.6208    263.724    7.76438  237.52414    111.030 -9.990e-29
   40.22140  -72.68442      7.968      7.907    18.8007    30.4584      7.861     3.0905 1.6880e-11  1021.6352    18.7994    21.6015     8.6132    263.491    7.76636  237.58427    110.904 -9.990e-29
   40.22140  -72.68442      7.959      7.897    18.8016    30.4584      7.861     3.0905 1.6880e-11  1021.6341    18.8002    21.6014     8.6099    263.386    7.76809  237.63521    110.836 -9.990e-29
   40.22140  -72.68442      7.949      7.888    18.8025    30.4601      7.861     3.0905 1.6880e-11  1021.6383    18.8011    21.6039     8.6023    263.151    7.76945  237.67476    110.719 -9.990e-29
   40.22140  -72.68442      7.949      7.888    18.8059    30.4655      7.856     3.0905 1.6880e-11  1021.6431    18.8046    21.6071     8.6035    263.189    7.77052  237.70580    110.720 -9.990e-29
   40.22140  -72.68442      7.942      7.881    18.8112    30.4689      7.861     3.1039 1.6880e-11  1021.6454    18.8098    21.6082     8.5917    262.824    7.77151  237.73501    110.553 -9.990e-29
   40.22140  -72.68442      7.938      7.877    18.8225    30.4691      7.861     3.1173 1.6880e-11  1021.6415    18.8211    21.6062     8.5887    262.734    7.77256  237.76710    110.501 -9.990e-29
   40.22140  -72.68442      7.917      7.857    18.8361    30.4692      7.861     3.1173 1.6880e-11  1021.6369    18.8347    21.6024     8.5820    262.528    7.77392  237.80928    110.394 -9.990e-29
   40.22140  -72.68442      7.928      7.867    18.8513    30.4696      7.861     3.1173 1.6880e-11  1021.6323    18.8500    21.5992     8.5763    262.357    7.77624  237.88108    110.289 -9.990e-29
   40.22140  -72.68442      7.917      7.857    18.8652    30.4715      7.861     3.1173 1.6880e-11  1021.6323    18.8638    21.5970     8.5758    262.338    7.77881  237.95890    110.245 -9.990e-29
   40.22140  -72.68442      7.917      7.857    18.8838    30.4743      7.861     3.1173 1.6880e-11  1021.6297    18.8825    21.5949     8.5705    262.175    7.78121  238.03128    110.143 -9.990e-29
   40.22140  -72.68442      7.917      7.857    18.9020    30.4766      7.861     3.1173 1.6880e-11  1021.6269    18.9007    21.5921     8.5651    262.009    7.78339  238.09718    110.043 -9.990e-29
   40.22140  -72.68442      7.911      7.850    18.9217    30.4766      7.861     3.1173 1.6880e-11  1021.6239    18.9203    21.5883     8.5641    261.980    7.78565  238.16570    109.999 -9.990e-29
   40.22140  -72.68442      7.917      7.857    18.9432    30.4766      7.861     3.1173 1.6880e-11  1021.6184    18.9418    21.5829     8.5636    261.963    7.78776  238.22896    109.963 -9.990e-29
   40.22140  -72.68442      7.917      7.857    18.9637    30.4744      7.861     3.1173 1.6880e-11  1021.6114    18.9624    21.5755     8.5583    261.798    7.78951  238.28094    109.870 -9.990e-29
   40.22140  -72.68442      7.917      7.857    18.9832    30.4687      7.861     3.1173 1.6880e-11  1021.6006    18.9818    21.5665     8.5531    261.638    7.79119  238.33081    109.779 -9.990e-29
   40.22140  -72.68442      7.908      7.847    18.9994    30.4625      7.861     3.1173 1.6880e-11  1021.5915    18.9980    21.5576     8.5476    261.467    7.79275  238.37639    109.687 -9.990e-29
   40.22140  -72.68442      7.917      7.857    19.0138    30.4573      7.861     3.1173 1.6880e-11  1021.5838    19.0125    21.5500     8.5413    261.272    7.79377  238.40511    109.592 -9.990e-29
   40.22140  -72.68442      7.908      7.847    19.0271    30.4528      7.861     3.1173 1.6880e-11  1021.5780    19.0257    21.5432     8.5396    261.216    7.79475  238.43333    109.555 -9.990e-29
   40.22140  -72.68442      7.942      7.881    19.0403    30.4479      7.861     3.1173 1.6880e-11  1021.5714    19.0389    21.5361     8.5288    260.888    7.79583  238.46638    109.403 -9.990e-29
   40.22140  -72.68442      7.917      7.857    19.0536    30.4417      7.861     3.1173 1.6880e-11  1021.5631    19.0522    21.5283     8.5281    260.866    7.79798  238.53328    109.362 -9.990e-29
   40.22140  -72.68442      7.928      7.867    19.0646    30.4345      7.861     3.1173 1.6880e-11  1021.5546    19.0632    21.5201     8.5284    260.876    7.80088  238.62187    109.326 -9.990e-29
   40.22140  -72.68442      7.938      7.877    19.0742    30.4267      7.861     3.1173 1.6880e-11  1021.5465    19.0728    21.5118     8.5192    260.592    7.80330  238.69271    109.175 -9.990e-29
   40.22140  -72.68442      7.938      7.877    19.0813    30.4176      7.856     3.1173 1.6880e-11  1021.5385    19.0799    21.5031     8.5182    260.560    7.80513  238.74746    109.136 -9.990e-29
   40.22140  -72.68442      7.938      7.877    19.0864    30.4072      7.861     3.1173 1.6880e-11  1021.5279    19.0850    21.4940     8.5183    260.564    7.80767  238.82567    109.102 -9.990e-29
   40.22140  -72.68442      7.942      7.881    19.0884    30.3979      7.861     3.1173 1.6880e-11  1021.5187    19.0871    21.4864     8.5148    260.455    7.81082  238.92123    109.013 -9.990e-29
   40.22140  -72.68442      7.949      7.888    19.0872    30.3918      7.861     3.1173 1.6880e-11  1021.5153    19.0858    21.4820     8.5157    260.481    7.81382  239.01201    108.982 -9.990e-29
   40.22140  -72.68442      7.959      7.897    19.0834    30.3875      7.861     3.1173 1.6880e-11  1021.5155    19.0820    21.4794     8.5124    260.379    7.81691  239.10573    108.897 -9.990e-29
   40.22140  -72.68442      7.949      7.888    19.0800    30.3816      7.861     3.1173 1.6880e-11  1021.5109    19.0786    21.4758     8.5130    260.396    7.81941  239.17999    108.870 -9.990e-29
   40.22140  -72.68442      7.968      7.907    19.0759    30.3758      7.861     3.0770 1.6880e-11  1021.5044    19.0745    21.4725     8.5079    260.238    7.82092  239.22357    108.784 -9.990e-29
   40.22140  -72.68442      7.959      7.897    19.0694    30.3725      7.861     2.8621 1.6880e-11  1021.5068    19.0680    21.4714     8.5076    260.225    7.82219  239.26014    108.763 -9.990e-29
   40.22140  -72.68442      7.979      7.918    19.0625    30.3699      7.861     2.7816 1.6880e-11  1021.5062    19.0611    21.4711     8.5068    260.197    7.82303  239.28250    108.740 -9.990e-29
