CalculateIndicators/WaterTemperature/Data/CTD_NYOS/20240426_C02.cnv
* Sea-Bird SBE 9 Data File:
* FileName = C:\Seabird 9 CTD\Data\2024\202404_offshore\20240426_C02.hex
* Software Version Seasave V 7.23.2
* Temperature SN = 4590
* Conductivity SN = 3228
* Number of Bytes Per Scan = 44
* Number of Voltage Words = 5
* Number of Scans Averaged by the Deck Unit = 1
* NMEA Latitude = 40 25.80 N
* NMEA Longitude = 073 50.34 W
* NMEA UTC (Time) = Apr 26 2024  07:21:48
* NMEA baud rate = 4800
** Ship: Seawolf
** Station: HR1
** Operator: TDK
# nquan = 18
# nvalues = 11022                       
# units = specified
# name 0 = latitude: Latitude [deg]
# name 1 = longitude: Longitude [deg]
# name 2 = prDM: Pressure, Digiquartz [db]
# name 3 = depSM: Depth [salt water, m]
# name 4 = t090C: Temperature [ITS-90, deg C]
# name 5 = sal00: Salinity, Practical [PSU]
# name 6 = ph: pH
# name 7 = flECO-AFL: Fluorescence, WET Labs ECO-AFL/FL [mg/m^3]
# name 8 = cpar: CPAR/Corrected Irradiance [%]
# name 9 = density00: Density [density, kg/m^3]
# name 10 = potemp090C: Potential Temperature [ITS-90, deg C]
# name 11 = sigma-é00: Density [sigma-theta, kg/m^3]
# name 12 = sbeox0Mg/L: Oxygen, SBE 43 [mg/l]
# name 13 = sbox0Mm/Kg: Oxygen, SBE 43 [umol/kg]
# name 14 = oxsolMg/L: Oxygen Saturation, Garcia & Gordon [mg/l]
# name 15 = oxsolMm/Kg: Oxygen Saturation, Garcia & Gordon [umol/kg]
# name 16 = sbeox0PS: Oxygen, SBE 43 [% saturation]
# name 17 = flag:  0.000e+00
# span 0 =   40.43004,   40.43012       
# span 1 =  -73.83928,  -73.83914       
# span 2 =      1.921,     19.527       
# span 3 =      1.906,     19.375       
# span 4 =     8.2835,     9.9912       
# span 5 =    28.0480,    30.4484       
# span 6 =      7.952,      8.131       
# span 7 =     0.8072,     1.3176       
# span 8 = 2.5320e-11, 9.9999e+04       
# span 9 =  1021.5468,  1023.7433       
# span 10 =     8.2817,     9.9910      
# span 11 =    21.5512,    23.6555      
# span 12 =     8.7679,    10.0693      
# span 13 =    267.673,    307.914      
# span 14 =    9.41865,    9.65449      
# span 15 =  288.06477,  294.73666      
# span 16 =     90.873,    106.726      
# span 17 = 0.0000e+00, 0.0000e+00      
# interval = seconds: 0.0416667
# start_time = Apr 26 2024 07:21:50 [System UTC, first data scan.]
# bad_flag = -9.990e-29
*END*
[from data line 2493]
   40.43010 -9.990e-29     19.161     19.013     8.3065    30.4352      7.953     0.8744 2.5320e-11  1023.7358     8.3047    23.6480     8.8169    269.168    9.65415  294.72602     91.328 -9.990e-29
   40.43010 -9.990e-29     19.161     19.013     8.3071    30.4353      7.953     0.8744 2.5320e-11  1023.7358     8.3053    23.6481     8.8167    269.159    9.65408  294.72404     91.326 -9.990e-29
   40.43010 -9.990e-29     19.161     19.013     8.3074    30.4353      7.953     0.8744 2.5320e-11  1023.7358     8.3055    23.6480     8.8172    269.176    9.65400  294.72162     91.332 -9.990e-29
   40.43010 -9.990e-29     19.172     19.023     8.3077    30.4351      7.953     0.8744 2.5320e-11  1023.7355     8.3059    23.6478     8.8178    269.193    9.65386  294.71716     91.340 -9.990e-29
   40.43010 -9.990e-29     19.172     19.023     8.3077    30.4349      7.957     0.8744 2.5320e-11  1023.7354     8.3059    23.6476     8.8174    269.182    9.65363  294.71045     91.338 -9.990e-29
   40.43010 -9.990e-29     19.172     19.023     8.3078    30.4348      7.953     0.8609 2.5320e-11  1023.7353     8.3060    23.6475     8.8172    269.176    9.65357  294.70858     91.336 -9.990e-29
   40.43010 -9.990e-29     19.161     19.012     8.3081    30.4345      7.953     0.8609 2.5320e-11  1023.7348     8.3062    23.6473     8.8170    269.169    9.65350  294.70641     91.335 -9.990e-29
   40.43010  -73.83920     19.182     19.033     8.3078    30.4345      7.953     0.8609 2.5320e-11  1023.7350     8.3060    23.6473     8.8164    269.152    9.65311  294.69480     91.333 -9.990e-29
   40.43010  -73.83920     19.182     19.033     8.3074    30.4346      7.953     0.8475 2.5320e-11  1023.7354     8.3056    23.6475     8.8098    268.950    9.65281  294.68551     91.267 -9.990e-29
   40.43010  -73.83920     19.172     19.023     8.3074    30.4347      7.953     0.8609 2.5320e-11  1023.7352     8.3056    23.6475     8.8086    268.914    9.65259  294.67895     91.257 -9.990e-29
   40.43010  -73.83920     19.172     19.023     8.3074    30.4346      7.953     0.8609 2.5320e-11  1023.7353     8.3055    23.6474     8.8075    268.879    9.65238  294.67250     91.247 -9.990e-29
   40.43010  -73.83920     19.182     19.033     8.3076    30.4345      7.953     0.8609 2.5320e-11  1023.7349     8.3057    23.6473     8.8127    269.037    9.65232  294.67055     91.301 -9.990e-29
   40.43010  -73.83920     19.182     19.033     8.3074    30.4345      7.953     0.8475 2.5320e-11  1023.7353     8.3055    23.6474     8.8063    268.842    9.65213  294.66461     91.236 -9.990e-29
   40.43010  -73.83920     19.182     19.033     8.3074    30.4344      7.953     0.8609 2.5320e-11  1023.7354     8.3056    23.6474     8.8110    268.986    9.65157  294.64747     91.291 -9.990e-29
   40.43010  -73.83920     19.172     19.023     8.3075    30.4342      7.953     0.8609 2.5320e-11  1023.7346     8.3057    23.6471     8.8106    268.975    9.65120  294.63629     91.290 -9.990e-29
   40.43010  -73.83920     19.182     19.033     8.3072    30.4341      7.953     0.8609 2.5320e-11  1023.7348     8.3054    23.6471     8.8105    268.972    9.65110  294.63357     91.290 -9.990e-29
   40.43010  -73.83920     19.182     19.033     8.3071    30.4344      7.953     0.8475 2.5320e-11  1023.7352     8.3053    23.6473     8.8113    268.995    9.65101  294.63062     91.299 -9.990e-29
   40.43010  -73.83920     19.191     19.042     8.3072    30.4346      7.953     0.8609 2.5320e-11  1023.7352     8.3054    23.6475     8.8119    269.015    9.65073  294.62192     91.309 -9.990e-29
   40.43010  -73.83920     19.182     19.033     8.3069    30.4348      7.953     0.8609 2.5320e-11  1023.7355     8.3051    23.6476     8.8063    268.844    9.65035  294.61028     91.254 -9.990e-29
   40.43010  -73.83920     19.172     19.023     8.3072    30.4348      7.953     0.8475 2.5320e-11  1023.7354     8.3054    23.6476     8.8054    268.815    9.65013  294.60392     91.246 -9.990e-29
   40.43010  -73.83920     19.182     19.033     8.3072    30.4348      7.953     0.8609 2.5320e-11  1023.7353     8.3054    23.6476     8.8047    268.793    9.65008  294.60266     91.239 -9.990e-29
   40.43010  -73.83920     19.191     19.042     8.3072    30.4346      7.953     0.8609 2.5320e-11  1023.7355     8.3054    23.6475     8.8050    268.803    9.65015  294.60462     91.242 -9.990e-29
   40.43010  -73.83920     19.182     19.033     8.3074    30.4345      7.953     0.8609 2.5320e-11  1023.7349     8.3055    23.6474     8.8045    268.788    9.65024  294.60762     91.236 -9.990e-29
   40.43010  -73.83920     19.182     19.033     8.3071    30.4344      7.953     0.8609 2.5320e-11  1023.7354     8.3053    23.6474     8.8102    268.963    9.65038  294.61197     91.294 -9.990e-29
   40.43010  -73.83920     19.182     19.033     8.3071    30.4341      7.953     0.8475 2.5320e-11  1023.7350     8.3052    23.6472     8.8045    268.787    9.65045  294.61435     91.234 -9.990e-29
   40.43010  -73.83920     19.172     19.023     8.3068    30.4335      7.953     0.8609 2.5320e-11  1023.7345     8.3049    23.6468     8.8040    268.774    9.65054  294.61646     91.229 -9.990e-29
   40.43010  -73.83920     19.191     19.042     8.3063    30.4330      7.953     0.8609 2.5320e-11  1023.7340     8.3044    23.6463     8.8035    268.758    9.65046  294.61438     91.224 -9.990e-29
   40.43010  -73.83920     19.182     19.033     8.3054    30.4326      7.953     0.8475 2.5320e-11  1023.7338     8.3036    23.6461     8.8031    268.746    9.65052  294.61606     91.219 -9.990e-29
   40.43010  -73.83920     19.172     19.023     8.3044    30.4325      7.953     0.8609 2.5320e-11  1023.7338     8.3026    23.6461     8.8027    268.734    9.65053  294.61633     91.215 -9.990e-29
   40.43010  -73.83920     19.182     19.033     8.3038    30.4325      7.953     0.8609 2.5320e-11  1023.7341     8.3020    23.6464     8.8024    268.725    9.65058  294.61776     91.212 -9.990e-29
   40.43010  -73.83920     19.182     19.033     8.3028    30.4327      7.953     0.8609 2.5320e-11  1023.7346     8.3010    23.6466     8.8020    268.711    9.65045  294.61380     91.208 -9.990e-29
   40.43010  -73.83920     19.181     19.033     8.3015    30.4324      7.953     0.8609 2.5320e-11  1023.7347     8.2997    23.6466     8.8078    268.888    9.65037  294.61142     91.269 -9.990e-29
   40.43010  -73.83920     19.172     19.023     8.2996    30.4316      7.953     0.8744 2.5320e-11  1023.7337     8.2977    23.6463     8.8021    268.715    9.65029  294.60905     91.211 -9.990e-29
   40.43010  -73.83920     19.172     19.023     8.2969    30.4309      7.953     0.8744 2.5320e-11  1023.7338     8.2951    23.6460     8.8080    268.894    9.65027  294.60843     91.272 -9.990e-29
   40.43010  -73.83920     19.172     19.023     8.2948    30.4304      7.953     0.8744 2.5320e-11  1023.7336     8.2930    23.6460     8.8024    268.725    9.65029  294.60891     91.214 -9.990e-29
   40.43010  -73.83920     19.172     19.023     8.2926    30.4302      7.953     0.8744 2.5320e-11  1023.7338     8.2907    23.6462     8.8020    268.711    9.65004  294.60136     91.212 -9.990e-29
   40.43010  -73.83920     19.172     19.023     8.2902    30.4302      7.953     0.8609 2.5320e-11  1023.7341     8.2884    23.6465     8.8015    268.697    9.64973  294.59177     91.210 -9.990e-29
   40.43010  -73.83920     19.172     19.023     8.2883    30.4305      7.953     0.8609 2.5320e-11  1023.7346     8.2865    23.6470     8.8012    268.687    9.64955  294.58666     91.208 -9.990e-29
   40.43010  -73.83920     19.172     19.023     8.2866    30.4311      7.953     0.8744 2.5320e-11  1023.7354     8.2847    23.6477     8.8011    268.684    9.64956  294.58699     91.207 -9.990e-29
   40.43010  -73.83920     19.161     19.012     8.2853    30.4318      7.953     0.8609 2.5320e-11  1023.7363     8.2835    23.6484     8.8009    268.680    9.64951  294.58552     91.206 -9.990e-29
   40.43010  -73.83920     19.161     19.012     8.2847    30.4324      7.953     0.8744 2.5320e-11  1023.7368     8.2828    23.6490     8.8017    268.703    9.64939  294.58190     91.215 -9.990e-29
   40.43010  -73.83920     19.161     19.012     8.2844    30.4326      7.953     0.8744 2.5320e-11  1023.7370     8.2826    23.6492     8.8017    268.702    9.64934  294.58049     91.215 -9.990e-29
   40.43010  -73.83920     19.151     19.003     8.2840    30.4329      7.953     0.8744 2.5320e-11  1023.7371     8.2822    23.6495     8.8017    268.703    9.64932  294.57997     91.216 -9.990e-29
   40.43010  -73.83920     19.142     18.993     8.2839    30.4330      7.953     0.8744 2.5320e-11  1023.7375     8.2820    23.6496     8.8020    268.713    9.64950  294.58554     91.217 -9.990e-29
   40.43010  -73.83920     19.142     18.993     8.2841    30.4329      7.953     0.8744 2.5320e-11  1023.7369     8.2823    23.6495     8.8013    268.690    9.64952  294.58601     91.209 -9.990e-29
   40.43010  -73.83920     19.142     18.993     8.2835    30.4330      7.953     0.8744 2.5320e-11  1023.7371     8.2817    23.6496     8.8015    268.697    9.64958  294.58790     91.211 -9.990e-29
   40.43010  -73.83920     19.121     18.973     8.2839    30.4334      7.953     0.8609 2.5320e-11  1023.7375     8.2820    23.6498     8.8016    268.700    9.64949  294.58514     91.213 -9.990e-29
   40.43010  -73.83920     19.121     18.973     8.2843    30.4336      7.953     0.8744 2.5320e-11  1023.7375     8.2825    23.6500     8.8018    268.705    9.64948  294.58501     91.215 -9.990e-29
   40.43010  -73.83920     19.121     18.973     8.2848    30.4337      7.953     0.8744 2.5320e-11  1023.7375     8.2830    23.6500     8.8022    268.719    9.64969  294.59126     91.218 -9.990e-29
   40.43010  -73.83920     19.110     18.962     8.2852    30.4337      7.953     0.8609 2.5320e-11  1023.7374     8.2833    23.6499     8.7963    268.539    9.64964  294.58956     91.157 -9.990e-29
   40.43010  -73.83920     19.100     18.952     8.2856    30.4337      7.953     0.8744 2.5320e-11  1023.7371     8.2838    23.6498     8.8018    268.705    9.64944  294.58320     91.215 -9.990e-29
   40.43010  -73.83920     19.091     18.943     8.2861    30.4337      7.953     0.8609 2.5320e-11  1023.7373     8.2843    23.6497     8.7959    268.525    9.64930  294.57945     91.155 -9.990e-29
   40.43010  -73.83920     19.091     18.943     8.2873    30.4335      7.953     0.8744 2.5320e-11  1023.7369     8.2854    23.6495     8.7957    268.521    9.64955  294.58717     91.152 -9.990e-29
   40.43010  -73.83920     19.080     18.932     8.2877    30.4333      7.953     0.8609 2.5320e-11  1023.7364     8.2859    23.6493     8.7894    268.327    9.64966  294.59028     91.085 -9.990e-29
   40.43010  -73.83920     19.070     18.922     8.2880    30.4332      7.953     0.8744 2.5320e-11  1023.7365     8.2861    23.6491     8.7945    268.484    9.64974  294.59259     91.137 -9.990e-29
   40.43010  -73.83920     19.060     18.913     8.2897    30.4332      7.953     0.9147 2.5320e-11  1023.7361     8.2879    23.6489     8.7944    268.480    9.64975  294.59271     91.136 -9.990e-29
   40.43010  -73.83920     19.049     18.902     8.2911    30.4333      7.953     0.9415 2.5320e-11  1023.7359     8.2893    23.6488     8.7881    268.289    9.64974  294.59251     91.071 -9.990e-29
   40.43010  -73.83920     19.040     18.892     8.2920    30.4335      7.953     0.9415 2.5320e-11  1023.7360     8.2902    23.6488     8.7864    268.236    9.64969  294.59091     91.054 -9.990e-29
   40.43010  -73.83920     19.040     18.892     8.2930    30.4337      7.953     0.9415 2.5320e-11  1023.7358     8.2912    23.6488     8.7845    268.179    9.64950  294.58500     91.036 -9.990e-29
   40.43010  -73.83920     19.029     18.881     8.2932    30.4340      7.953     0.9415 2.5320e-11  1023.7359     8.2914    23.6490     8.7828    268.125    9.64928  294.57858     91.020 -9.990e-29
   40.43010  -73.83920     18.998     18.851     8.2938    30.4346      7.953     0.9415 2.5320e-11  1023.7364     8.2920    23.6493     8.7880    268.285    9.64900  294.56986     91.077 -9.990e-29
   40.43010  -73.83920     19.009     18.862     8.2962    30.4350      7.953     0.9415 2.5320e-11  1023.7367     8.2943    23.6493     8.7810    268.071    9.64871  294.56125     91.007 -9.990e-29
   40.43010  -73.83920     18.998     18.851     8.2981    30.4349      7.953     0.9415 2.5320e-11  1023.7359     8.2963    23.6491     8.7865    268.240    9.64855  294.55622     91.066 -9.990e-29
   40.43010  -73.83920     18.989     18.842     8.2986    30.4347      7.953     0.9415 2.5320e-11  1023.7355     8.2968    23.6489     8.7808    268.067    9.64859  294.55792     91.006 -9.990e-29
   40.43010  -73.83920     18.968     18.821     8.2989    30.4349      7.953     0.9415 2.5320e-11  1023.7357     8.2971    23.6489     8.7810    268.071    9.64901  294.57088     91.004 -9.990e-29
   40.43010  -73.83920     18.979     18.832     8.3001    30.4352      7.953     0.9415 2.5320e-11  1023.7359     8.2983    23.6489     8.7813    268.081    9.64954  294.58692     91.002 -9.990e-29
   40.43010  -73.83920     18.958     18.812     8.3017    30.4352      7.953     0.9415 2.5320e-11  1023.7359     8.2999    23.6487     8.7814    268.082    9.64965  294.58965     91.002 -9.990e-29
   40.43010  -73.83920     18.947     18.801     8.3030    30.4347      7.953     0.9415 2.5320e-11  1023.7348     8.3012    23.6482     8.7802    268.048    9.64940  294.58187     90.993 -9.990e-29
   40.43010  -73.83920     18.947     18.801     8.3035    30.4341      7.953     0.9415 2.5320e-11  1023.7341     8.3017    23.6476     8.7793    268.020    9.64926  294.57778     90.984 -9.990e-29
   40.43010  -73.83920     18.938     18.791     8.3031    30.4336      7.953     0.9415 2.5320e-11  1023.7342     8.3013    23.6473     8.7784    267.992    9.64911  294.57311     90.976 -9.990e-29
   40.43010  -73.83920     18.938     18.791     8.3030    30.4331      7.953     0.9415 2.5320e-11  1023.7334     8.3012    23.6469     8.7776    267.968    9.64895  294.56848     90.970 -9.990e-29
   40.43010  -73.83920     18.917     18.771     8.3025    30.4327      7.953     0.9415 2.5320e-11  1023.7331     8.3007    23.6467     8.7769    267.946    9.64883  294.56476     90.963 -9.990e-29
   40.43010  -73.83920     18.917     18.771     8.3022    30.4328      7.953     0.9415 2.5320e-11  1023.7330     8.3004    23.6468     8.7771    267.952    9.64865  294.55943     90.967 -9.990e-29
   40.43010  -73.83920     18.908     18.761     8.3014    30.4333      7.953     0.9415 2.5320e-11  1023.7342     8.2996    23.6472     8.7766    267.938    9.64858  294.55745     90.963 -9.990e-29
   40.43010  -73.83920     18.908     18.761     8.3018    30.4335      7.953     0.9415 2.5320e-11  1023.7338     8.3000    23.6474     8.7763    267.927    9.64859  294.55747     90.959 -9.990e-29
   40.43010  -73.83920     18.898     18.751     8.3015    30.4335      7.953     0.9415 2.5320e-11  1023.7340     8.2997    23.6474     8.7761    267.921    9.64865  294.55955     90.957 -9.990e-29
   40.43010  -73.83920     18.887     18.741     8.3015    30.4336      7.953     0.9415 2.5320e-11  1023.7338     8.2997    23.6475     8.7760    267.918    9.64874  294.56207     90.955 -9.990e-29
   40.43010  -73.83920     18.898     18.751     8.3012    30.4337      7.953     0.9415 2.5320e-11  1023.7342     8.2994    23.6476     8.7697    267.727    9.64876  294.56263     90.890 -9.990e-29
   40.43010  -73.83920     18.877     18.731     8.3018    30.4338      7.953     0.9415 2.5320e-11  1023.7339     8.3000    23.6477     8.7689    267.702    9.64881  294.56403     90.881 -9.990e-29
