CalculateIndicators/WaterTemperature/Data/CTD_NYOS/20240428_C22.cnv
* Sea-Bird SBE 9 Data File:
* FileName = C:\Seabird 9 CTD\Data\2024\202404_offshore\20240428_C22.hex
* Software Version Seasave V 7.23.2
* Temperature SN = 4590
* Conductivity SN = 3228
* Number of Bytes Per Scan = 44
* Number of Voltage Words = 5
* Number of Scans Averaged by the Deck Unit = 1
* NMEA Latitude = 40 21.57 N
* NMEA Longitude = 072 19.02 W
* NMEA UTC (Time) = Apr 28 2024  10:46:36
* NMEA baud rate = 4800
** Ship: Seawolf
** Station: 10.3
** Operator: TCM
# nquan = 18
# nvalues = 12680                       
# units = specified
# name 0 = latitude: Latitude [deg]
# name 1 = longitude: Longitude [deg]
# name 2 = prDM: Pressure, Digiquartz [db]
# name 3 = depSM: Depth [salt water, m]
# name 4 = t090C: Temperature [ITS-90, deg C]
# name 5 = sal00: Salinity, Practical [PSU]
# name 6 = ph: pH
# name 7 = flECO-AFL: Fluorescence, WET Labs ECO-AFL/FL [mg/m^3]
# name 8 = cpar: CPAR/Corrected Irradiance [%]
# name 9 = density00: Density [density, kg/m^3]
# name 10 = potemp090C: Potential Temperature [ITS-90, deg C]
# name 11 = sigma-é00: Density [sigma-theta, kg/m^3]
# name 12 = sbeox0Mg/L: Oxygen, SBE 43 [mg/l]
# name 13 = sbox0Mm/Kg: Oxygen, SBE 43 [umol/kg]
# name 14 = oxsolMg/L: Oxygen Saturation, Garcia & Gordon [mg/l]
# name 15 = oxsolMm/Kg: Oxygen Saturation, Garcia & Gordon [umol/kg]
# name 16 = sbeox0PS: Oxygen, SBE 43 [% saturation]
# name 17 = flag:  0.000e+00
# span 0 =   40.35956,   40.36086       
# span 1 =  -72.31890,  -72.31698       
# span 2 =      1.493,     53.817       
# span 3 =      1.481,     53.396       
# span 4 =     6.0591,     8.4037       
# span 5 =    30.9875,    31.8722       
# span 6 =      7.877,      8.081       
# span 7 =    -0.0255,     2.6741       
# span 8 = 1.5825e-12, 1.4309e+02       
# span 9 =  1024.1411,  1025.3197       
# span 10 =     6.0551,     8.4024      
# span 11 =    24.1330,    25.0748      
# span 12 =     8.5774,    10.5372      
# span 13 =    261.492,    321.391      
# span 14 =    9.56820,   10.07002      
# span 15 =  291.89182,  307.01461      
# span 16 =     85.208,    109.420      
# span 17 = 0.0000e+00, 0.0000e+00      
# interval = seconds: 0.0416667
# start_time = Apr 28 2024 10:46:36 [System UTC, first data scan.]
# bad_flag = -9.990e-29
*END*
[from data line 11578]
   40.36072  -72.31870      2.149      2.133     7.9392    30.9927 -9.990e-29     0.2968 2.6405e+01  1024.1469     7.9390    24.1368     9.7842    298.554    9.69463  295.82130    100.924 -9.990e-29
   40.36072  -72.31870      2.160      2.144     7.9395    30.9927 -9.990e-29     0.2968 2.6330e+01  1024.1465     7.9393    24.1368     9.7832    298.525    9.69457  295.81943    100.914 -9.990e-29
   40.36072  -72.31870      2.171      2.154     7.9392    30.9928 -9.990e-29     0.2968 2.6405e+01  1024.1470     7.9390    24.1369     9.7824    298.498    9.69463  295.82126    100.905 -9.990e-29
   40.36072  -72.31870      2.201      2.184     7.9394    30.9928 -9.990e-29     0.2968 2.6405e+01  1024.1470     7.9392    24.1369     9.7814    298.469    9.69464  295.82138    100.895 -9.990e-29
   40.36072  -72.31870      2.211      2.194     7.9394    30.9929 -9.990e-29     0.2968 2.6405e+01  1024.1471     7.9391    24.1370     9.7804    298.439    9.69465  295.82181    100.885 -9.990e-29
   40.36072  -72.31870      2.241      2.224     7.9392    30.9931 -9.990e-29     0.2968 2.6629e+01  1024.1475     7.9390    24.1372     9.7793    298.406    9.69463  295.82123    100.874 -9.990e-29
   40.36072  -72.31870      2.262      2.244     7.9394    30.9933 -9.990e-29     0.2968 2.6931e+01  1024.1479     7.9391    24.1373     9.7792    298.401    9.69462  295.82093    100.872 -9.990e-29
   40.36072  -72.31870      2.282      2.265     7.9394    30.9932 -9.990e-29     0.2968 2.6931e+01  1024.1478     7.9391    24.1372     9.7790    298.396    9.69461  295.82064    100.870 -9.990e-29
   40.36072  -72.31870      2.313      2.295     7.9395    30.9930 -9.990e-29     0.2968 2.6780e+01  1024.1474     7.9393    24.1370     9.7788    298.390    9.69460  295.82019    100.869 -9.990e-29
   40.36072  -72.31870      2.333      2.315     7.9395    30.9930 -9.990e-29     0.2968 2.6330e+01  1024.1476     7.9393    24.1370     9.7777    298.356    9.69459  295.81989    100.857 -9.990e-29
   40.36072  -72.31870      2.353      2.334     7.9394    30.9933 -9.990e-29     0.3103 2.6256e+01  1024.1483     7.9391    24.1373     9.7774    298.348    9.69453  295.81830    100.855 -9.990e-29
   40.36072  -72.31870      2.394      2.375     7.9393    30.9935 -9.990e-29     0.3237 2.6035e+01  1024.1485     7.9391    24.1374     9.7772    298.341    9.69453  295.81828    100.853 -9.990e-29
   40.36072  -72.31870      2.403      2.385     7.9394    30.9934 -9.990e-29     0.3237 2.5525e+01  1024.1484     7.9391    24.1374     9.7709    298.147    9.69455  295.81871    100.787 -9.990e-29
   40.36072  -72.31870      2.434      2.415     7.9392    30.9932 -9.990e-29     0.3237 2.5382e+01  1024.1485     7.9390    24.1373     9.7760    298.305    9.69459  295.81980    100.840 -9.990e-29
   40.36072  -72.31870      2.454      2.435     7.9395    30.9931 -9.990e-29     0.3237 2.5310e+01  1024.1482     7.9393    24.1372     9.7758    298.298    9.69453  295.81822    100.838 -9.990e-29
   40.36072  -72.31870      2.475      2.456     7.9392    30.9932 -9.990e-29     0.3237 2.4885e+01  1024.1488     7.9390    24.1372     9.7756    298.293    9.69453  295.81820    100.837 -9.990e-29
   40.36072  -72.31870      2.494      2.475     7.9397    30.9933 -9.990e-29     0.3237 2.4675e+01  1024.1486     7.9394    24.1373     9.7755    298.288    9.69453  295.81818    100.835 -9.990e-29
   40.36072  -72.31870      2.526      2.506     7.9392    30.9934 -9.990e-29     0.3237 2.4675e+01  1024.1492     7.9390    24.1374     9.7691    298.094    9.69453  295.81817    100.769 -9.990e-29
   40.36072  -72.31870      2.526      2.506     7.9395    30.9932 -9.990e-29     0.3237 2.4398e+01  1024.1489     7.9393    24.1373     9.7743    298.252    9.69455  295.81881    100.823 -9.990e-29
   40.36072  -72.31870      2.578      2.558     7.9394    30.9928 -9.990e-29     0.3237 2.4261e+01  1024.1487     7.9392    24.1370     9.7733    298.221    9.69452  295.81783    100.812 -9.990e-29
   40.36072  -72.31870      2.575      2.555     7.9390    30.9925 -9.990e-29     0.3237 2.4193e+01  1024.1486     7.9388    24.1368     9.7722    298.187    9.69452  295.81772    100.801 -9.990e-29
   40.36072  -72.31870      2.596      2.576     7.9390    30.9924 -9.990e-29     0.3237 2.4216e+01  1024.1484     7.9388    24.1367     9.7658    297.994    9.69455  295.81864    100.735 -9.990e-29
   40.36072  -72.31870      2.607      2.587     7.9389    30.9924 -9.990e-29     0.3237 2.3876e+01  1024.1486     7.9386    24.1367     9.7710    298.151    9.69455  295.81877    100.788 -9.990e-29
   40.36072  -72.31870      2.626      2.606     7.9389    30.9924 -9.990e-29     0.3237 2.3321e+01  1024.1488     7.9386    24.1367     9.7708    298.146    9.69453  295.81809    100.787 -9.990e-29
   40.36072  -72.31870      2.637      2.617     7.9389    30.9924 -9.990e-29     0.3237 2.2865e+01  1024.1486     7.9386    24.1367     9.7645    297.952    9.69454  295.81832    100.721 -9.990e-29
   40.36072  -72.31870      2.656      2.636     7.9389    30.9924 -9.990e-29     0.3237 2.3016e+01  1024.1490     7.9386    24.1368     9.7697    298.111    9.69455  295.81860    100.775 -9.990e-29
   40.36072  -72.31870      2.667      2.647     7.9387    30.9924 -9.990e-29     0.3237 2.2951e+01  1024.1490     7.9384    24.1368     9.7695    298.107    9.69451  295.81765    100.774 -9.990e-29
   40.36072  -72.31870      2.677      2.656     7.9385    30.9924 -9.990e-29     0.3237 2.3081e+01  1024.1493     7.9382    24.1368     9.7694    298.103    9.69453  295.81803    100.773 -9.990e-29
   40.36072  -72.31870      2.686      2.666     7.9390    30.9924 -9.990e-29     0.3237 2.3146e+01  1024.1487     7.9388    24.1367     9.7693    298.099    9.69451  295.81746    100.771 -9.990e-29
   40.36072  -72.31870      2.686      2.666     7.9384    30.9924 -9.990e-29     0.3237 2.3211e+01  1024.1492     7.9381    24.1367     9.7691    298.095    9.69450  295.81706    100.770 -9.990e-29
   40.36072  -72.31870      2.697      2.677     7.9387    30.9923 -9.990e-29     0.3237 2.3541e+01  1024.1490     7.9384    24.1367     9.7690    298.092    9.69450  295.81688    100.769 -9.990e-29
   40.36072  -72.31870      2.707      2.686     7.9387    30.9923 -9.990e-29     0.3237 2.4079e+01  1024.1491     7.9384    24.1367     9.7690    298.090    9.69455  295.81862    100.768 -9.990e-29
   40.36072  -72.31870      2.707      2.686     7.9386    30.9925 -9.990e-29     0.3237 2.4216e+01  1024.1492     7.9383    24.1368     9.7697    298.111    9.69446  295.81601    100.776 -9.990e-29
   40.36072  -72.31872      2.707      2.686     7.9386    30.9927 -9.990e-29     0.3237 2.3989e+01  1024.1495     7.9383    24.1370     9.7706    298.138    9.69451  295.81729    100.784 -9.990e-29
   40.36072  -72.31872      2.707      2.686     7.9386    30.9927 -9.990e-29     0.3505 2.4745e+01  1024.1495     7.9383    24.1370     9.7705    298.136    9.69447  295.81629    100.784 -9.990e-29
   40.36072  -72.31872      2.718      2.697     7.9389    30.9925 -9.990e-29     0.3640 2.5026e+01  1024.1492     7.9386    24.1368     9.7714    298.164    9.69453  295.81799    100.793 -9.990e-29
   40.36072  -72.31872      2.707      2.686     7.9388    30.9925 -9.990e-29     0.3640 2.5026e+01  1024.1492     7.9385    24.1368     9.7713    298.162    9.69447  295.81620    100.793 -9.990e-29
   40.36072  -72.31872      2.718      2.697     7.9387    30.9926 -9.990e-29     0.3640 2.5694e+01  1024.1494     7.9384    24.1369     9.7714    298.163    9.69452  295.81757    100.793 -9.990e-29
   40.36072  -72.31872      2.718      2.697     7.9387    30.9927 -9.990e-29     0.3640 2.5168e+01  1024.1495     7.9384    24.1370     9.7714    298.163    9.69450  295.81718    100.793 -9.990e-29
   40.36072  -72.31872      2.707      2.686     7.9389    30.9927 -9.990e-29     0.3640 2.5097e+01  1024.1492     7.9386    24.1370     9.7723    298.190    9.69451  295.81731    100.802 -9.990e-29
   40.36072  -72.31872      2.697      2.677     7.9389    30.9927 -9.990e-29     0.3640 2.5525e+01  1024.1493     7.9386    24.1370     9.7723    298.192    9.69451  295.81733    100.803 -9.990e-29
   40.36072  -72.31872      2.697      2.677     7.9389    30.9928 -9.990e-29     0.3640 2.5670e+01  1024.1495     7.9386    24.1371     9.7733    298.221    9.69451  295.81756    100.812 -9.990e-29
   40.36072  -72.31872      2.686      2.666     7.9389    30.9930 -9.990e-29     0.3640 2.5742e+01  1024.1495     7.9386    24.1372     9.7743    298.251    9.69452  295.81774    100.822 -9.990e-29
   40.36072  -72.31872      2.677      2.656     7.9390    30.9931 -9.990e-29     0.3640 2.6256e+01  1024.1495     7.9388    24.1373     9.7744    298.254    9.69449  295.81692    100.824 -9.990e-29
   40.36072  -72.31872      2.658      2.637     7.9390    30.9932 -9.990e-29     0.3640 2.7186e+01  1024.1496     7.9387    24.1373     9.7754    298.285    9.69452  295.81763    100.834 -9.990e-29
   40.36072  -72.31872      2.656      2.636     7.9395    30.9931 -9.990e-29     0.3640 2.6554e+01  1024.1493     7.9393    24.1372     9.7694    298.102    9.69451  295.81735    100.772 -9.990e-29
   40.36072  -72.31872      2.637      2.617     7.9394    30.9931 -9.990e-29     0.3640 2.6554e+01  1024.1492     7.9391    24.1372     9.7749    298.269    9.69451  295.81735    100.829 -9.990e-29
   40.36072  -72.31872      2.626      2.606     7.9394    30.9931 -9.990e-29     0.3640 2.6554e+01  1024.1493     7.9391    24.1372     9.7751    298.276    9.69453  295.81802    100.831 -9.990e-29
   40.36072  -72.31872      2.607      2.587     7.9395    30.9929 -9.990e-29     0.3640 2.6554e+01  1024.1489     7.9393    24.1370     9.7753    298.282    9.69453  295.81803    100.833 -9.990e-29
   40.36072  -72.31872      2.586      2.566     7.9399    30.9928 -9.990e-29     0.3640 2.6554e+01  1024.1487     7.9396    24.1369     9.7755    298.287    9.69453  295.81804    100.835 -9.990e-29
   40.36072  -72.31872      2.565      2.546     7.9395    30.9929 -9.990e-29     0.3640 2.6629e+01  1024.1488     7.9393    24.1370     9.7756    298.293    9.69453  295.81804    100.837 -9.990e-29
   40.36072  -72.31872      2.545      2.525     7.9395    30.9929 -9.990e-29     0.3640 2.6629e+01  1024.1486     7.9393    24.1370     9.7820    298.486    9.69449  295.81694    100.902 -9.990e-29
   40.36072  -72.31872      2.526      2.506     7.9394    30.9928 -9.990e-29     0.3640 2.6704e+01  1024.1486     7.9392    24.1369     9.7769    298.330    9.69454  295.81821    100.849 -9.990e-29
   40.36072  -72.31872      2.505      2.486     7.9397    30.9927 -9.990e-29     0.3640 2.6855e+01  1024.1481     7.9394    24.1368     9.7832    298.522    9.69451  295.81748    100.914 -9.990e-29
   40.36072  -72.31872      2.484      2.465     7.9397    30.9927 -9.990e-29     0.3640 2.6855e+01  1024.1482     7.9394    24.1368     9.7779    298.363    9.69450  295.81723    100.861 -9.990e-29
   40.36072  -72.31872      2.475      2.456     7.9397    30.9928 -9.990e-29     0.3640 2.6780e+01  1024.1482     7.9394    24.1369     9.7781    298.369    9.69456  295.81895    100.862 -9.990e-29
   40.36072  -72.31872      2.445      2.426     7.9397    30.9930 -9.990e-29     0.3640 2.6629e+01  1024.1482     7.9395    24.1370     9.7844    298.559    9.69451  295.81739    100.927 -9.990e-29
   40.36072  -72.31872      2.424      2.405     7.9397    30.9930 -9.990e-29     0.3640 2.6554e+01  1024.1483     7.9395    24.1370     9.7791    298.400    9.69452  295.81796    100.873 -9.990e-29
   40.36072  -72.31872      2.394      2.375     7.9400    30.9929 -9.990e-29     0.3505 2.6554e+01  1024.1479     7.9398    24.1369     9.7792    298.401    9.69450  295.81711    100.874 -9.990e-29
   40.36072  -72.31872      2.373      2.355     7.9400    30.9928 -9.990e-29     0.3103 2.6330e+01  1024.1478     7.9398    24.1369     9.7855    298.593    9.69453  295.81792    100.938 -9.990e-29
   40.36072  -72.31872      2.353      2.334     7.9399    30.9929 -9.990e-29     0.2968 2.6256e+01  1024.1478     7.9397    24.1370     9.7864    298.620    9.69451  295.81742    100.948 -9.990e-29
   40.36072  -72.31872      2.333      2.315     7.9397    30.9930 -9.990e-29     0.2968 2.6182e+01  1024.1479     7.9395    24.1371     9.7802    298.433    9.69456  295.81883    100.884 -9.990e-29
   40.36072  -72.31872      2.313      2.295     7.9400    30.9929 -9.990e-29     0.2968 2.5670e+01  1024.1475     7.9398    24.1370     9.7801    298.429    9.69450  295.81698    100.883 -9.990e-29
   40.36072  -72.31872      2.292      2.274     7.9400    30.9929 -9.990e-29     0.2968 2.5525e+01  1024.1474     7.9398    24.1369     9.7801    298.429    9.69453  295.81793    100.883 -9.990e-29
   40.36072  -72.31872      2.271      2.254     7.9400    30.9929 -9.990e-29     0.2968 2.5453e+01  1024.1473     7.9398    24.1369     9.7863    298.617    9.69453  295.81807    100.946 -9.990e-29
   40.36072  -72.31872      2.262      2.244     7.9400    30.9929 -9.990e-29     0.2968 2.6108e+01  1024.1473     7.9398    24.1370     9.7809    298.452    9.69451  295.81741    100.891 -9.990e-29
   40.36072  -72.31872      2.222      2.205     7.9399    30.9931 -9.990e-29     0.2968 2.6479e+01  1024.1472     7.9397    24.1371     9.7798    298.421    9.69450  295.81697    100.880 -9.990e-29
   40.36072  -72.31872      2.232      2.214     7.9399    30.9933 -9.990e-29     0.2968 2.6554e+01  1024.1476     7.9397    24.1372     9.7860    298.608    9.69454  295.81838    100.943 -9.990e-29
   40.36072  -72.31872      2.201      2.184     7.9399    30.9933 -9.990e-29     0.2968 2.6330e+01  1024.1474     7.9397    24.1372     9.7805    298.441    9.69452  295.81793    100.887 -9.990e-29
   40.36072  -72.31872      2.192      2.175     7.9399    30.9932 -9.990e-29     0.2968 2.6182e+01  1024.1472     7.9397    24.1371     9.7803    298.436    9.69450  295.81711    100.885 -9.990e-29
   40.36072  -72.31872      2.181      2.164     7.9399    30.9931 -9.990e-29     0.2968 2.6182e+01  1024.1471     7.9397    24.1371     9.7793    298.404    9.69452  295.81781    100.874 -9.990e-29
   40.36072  -72.31872      2.171      2.154     7.9400    30.9931 -9.990e-29     0.2968 2.6479e+01  1024.1469     7.9398    24.1371     9.7790    298.396    9.69447  295.81619    100.872 -9.990e-29
   40.36072  -72.31872      2.151      2.134     7.9399    30.9932 -9.990e-29     0.2968 2.6704e+01  1024.1471     7.9397    24.1371     9.7789    298.391    9.69449  295.81689    100.870 -9.990e-29
   40.36072  -72.31872      2.151      2.134     7.9399    30.9932 -9.990e-29     0.2968 2.6780e+01  1024.1470     7.9397    24.1371     9.7778    298.358    9.69448  295.81675    100.859 -9.990e-29
   40.36072  -72.31872      2.151      2.134     7.9400    30.9932 -9.990e-29     0.2968 2.7084e+01  1024.1470     7.9398    24.1371     9.7775    298.349    9.69445  295.81578    100.856 -9.990e-29
   40.36072  -72.31872      2.141      2.124     7.9399    30.9932 -9.990e-29     0.2968 2.7624e+01  1024.1472     7.9397    24.1371     9.7773    298.344    9.69451  295.81734    100.854 -9.990e-29
   40.36072  -72.31872      2.130      2.114     7.9401    30.9932 -9.990e-29     0.2968 2.7780e+01  1024.1467     7.9399    24.1371     9.7771    298.336    9.69449  295.81687    100.852 -9.990e-29
   40.36072  -72.31872      2.120      2.104     7.9400    30.9935 -9.990e-29     0.2968 2.8175e+01  1024.1470     7.9398    24.1374     9.7768    298.329    9.69447  295.81642    100.849 -9.990e-29
   40.36072  -72.31872      2.120      2.104     7.9399    30.9937 -9.990e-29     0.2968 2.9227e+01  1024.1475     7.9397    24.1376     9.7766    298.324    9.69454  295.81842    100.847 -9.990e-29
   40.36072  -72.31872      2.120      2.104     7.9397    30.9936 -9.990e-29     0.2968 2.9559e+01  1024.1473     7.9395    24.1375     9.7764    298.315    9.69449  295.81683    100.845 -9.990e-29
