CalculateIndicators/WaterTemperature/Data/CTD_NYOS/20240708_C05.cnv
* Sea-Bird SBE 9 Data File:
* FileName = C:\Seabird 9 CTD\Data\2024\202407_offshore\20240708_C05.hex
* Software Version Seasave V 7.23.2
* Temperature SN = 4590
* Conductivity SN = 3228
* Number of Bytes Per Scan = 44
* Number of Voltage Words = 5
* Number of Scans Averaged by the Deck Unit = 1
* NMEA Latitude = 40 18.14 N
* NMEA Longitude = 073 13.15 W
* NMEA UTC (Time) = Jul 08 2024  21:45:36
* NMEA baud rate = 4800
** Ship: seawolf
** Station: 8.2
** Operator: tcm
# nquan = 18
# nvalues = 11246                       
# units = specified
# name 0 = latitude: Latitude [deg]
# name 1 = longitude: Longitude [deg]
# name 2 = prDM: Pressure, Digiquartz [db]
# name 3 = depSM: Depth [salt water, m]
# name 4 = t090C: Temperature [ITS-90, deg C]
# name 5 = sal00: Salinity, Practical [PSU]
# name 6 = ph: pH
# name 7 = flECO-AFL: Fluorescence, WET Labs ECO-AFL/FL [mg/m^3]
# name 8 = cpar: CPAR/Corrected Irradiance [%]
# name 9 = density00: Density [density, kg/m^3]
# name 10 = potemp090C: Potential Temperature [ITS-90, deg C]
# name 11 = sigma-é00: Density [sigma-theta, kg/m^3]
# name 12 = sbeox0Mg/L: Oxygen, SBE 43 [mg/l]
# name 13 = sbox0Mm/Kg: Oxygen, SBE 43 [umol/kg]
# name 14 = oxsolMg/L: Oxygen Saturation, Garcia & Gordon [mg/l]
# name 15 = oxsolMm/Kg: Oxygen Saturation, Garcia & Gordon [umol/kg]
# name 16 = sbeox0PS: Oxygen, SBE 43 [% saturation]
# name 17 = flag:  0.000e+00
# span 0 =   40.30246,   40.30312       
# span 1 =  -73.21936,  -73.21926       
# span 2 =      1.552,     34.119       
# span 3 =      1.540,     33.853       
# span 4 =     8.0731,    24.3041       
# span 5 =    29.8891,    31.5517       
# span 6 =      7.798,      8.072       
# span 7 =     0.1088,     3.0368       
# span 8 = 3.9463e-02, 4.3033e+01       
# span 9 =  1019.8397,  1024.7023       
# span 10 =     8.0699,    24.3037      
# span 11 =    19.8601,    24.5527      
# span 12 =     6.3596,     9.6636      
# span 13 =    193.980,    294.987      
# span 14 =    7.04231,    9.63165      
# span 15 =  215.77209,  293.78502      
# span 16 =     66.039,    115.844      
# span 17 = 0.0000e+00, 0.0000e+00      
# interval = seconds: 0.0416667
# start_time = Jul 08 2024 21:45:38 [System UTC, first data scan.]
# bad_flag = -9.990e-29
*END*
[from data line 563]
   40.30248  -73.21926      7.745      7.685    21.9500    30.4463      7.897     0.6460 8.2579e+00  1020.8094    21.9485    20.7759     7.9966    244.807    7.34574  224.88096    108.861 0.0000e+00
   40.30248  -73.21926      7.768      7.709    21.9470    30.4472      7.897     0.6460 8.2579e+00  1020.8111    21.9455    20.7774     7.9961    244.791    7.34622  224.89563    108.846 0.0000e+00
   40.30248  -73.21926      7.775      7.715    21.9442    30.4477      7.897     0.6595 8.2579e+00  1020.8124    21.9427    20.7787     8.0002    244.916    7.34684  224.91504    108.893 0.0000e+00
   40.30248  -73.21926      7.796      7.736    21.9413    30.4480      7.897     0.6595 8.2116e+00  1020.8134    21.9398    20.7796     8.0008    244.935    7.34779  224.94527    108.887 0.0000e+00
   40.30248  -73.21926      7.806      7.745    21.9389    30.4480      7.897     0.6595 8.2116e+00  1020.8140    21.9374    20.7803     8.0014    244.955    7.34897  224.98232    108.877 0.0000e+00
   40.30248  -73.21926      7.826      7.766    21.9362    30.4480      7.897     0.6595 8.2116e+00  1020.8147    21.9347    20.7810     8.0022    244.981    7.35023  225.02147    108.870 -9.990e-29
   40.30248  -73.21926      7.826      7.766    21.9339    30.4481      7.897     0.6595 8.1885e+00  1020.8154    21.9324    20.7819     8.0071    245.129    7.35137  225.05564    108.919 -9.990e-29
   40.30248  -73.21926      7.856      7.796    21.9309    30.4485      7.897     0.6595 8.1654e+00  1020.8168    21.9294    20.7829     8.0034    245.014    7.35216  225.07810    108.857 0.0000e+00
   40.30248  -73.21926      7.877      7.816    21.9284    30.4490      7.897     0.6595 8.1654e+00  1020.8180    21.9269    20.7839     8.0075    245.138    7.35268  225.09214    108.906 0.0000e+00
   40.30248  -73.21926      7.880      7.819    21.9262    30.4494      7.897     0.6595 8.1425e+00  1020.8188    21.9247    20.7849     8.0078    245.145    7.35319  225.10660    108.902 0.0000e+00
   40.30248  -73.21926      7.898      7.837    21.9236    30.4498      7.897     0.6595 8.1196e+00  1020.8199    21.9221    20.7858     8.0078    245.147    7.35369  225.12117    108.896 0.0000e+00
   40.30248  -73.21926      7.907      7.846    21.9216    30.4504      7.897     0.6595 8.1196e+00  1020.8209    21.9201    20.7869     8.0078    245.144    7.35417  225.13575    108.887 0.0000e+00
   40.30248  -73.21926      7.928      7.867    21.9193    30.4510      7.897     0.6595 8.0967e+00  1020.8225    21.9178    20.7879     8.0078    245.145    7.35467  225.15067    108.881 0.0000e+00
   40.30248  -73.21926      7.938      7.876    21.9175    30.4514      7.902     0.6595 8.0967e+00  1020.8229    21.9160    20.7887     8.0121    245.277    7.35523  225.16768    108.931 -9.990e-29
   40.30248  -73.21926      7.938      7.876    21.9158    30.4516      7.897     0.6595 8.0740e+00  1020.8238    21.9143    20.7894     8.0084    245.163    7.35590  225.18832    108.870 -9.990e-29
   40.30248  -73.21926      7.968      7.906    21.9142    30.4518      7.897     0.6595 8.0513e+00  1020.8243    21.9126    20.7899     8.0129    245.301    7.35665  225.21141    108.920 0.0000e+00
   40.30248  -73.21926      7.979      7.917    21.9126    30.4518      7.902     0.6595 8.0286e+00  1020.8249    21.9111    20.7903     8.0133    245.315    7.35748  225.23713    108.914 0.0000e+00
   40.30248  -73.21926      8.002      7.940    21.9110    30.4518      7.902     0.6595 8.0286e+00  1020.8253    21.9095    20.7908     8.0094    245.194    7.35840  225.26551    108.847 0.0000e+00
   40.30248  -73.21926      8.009      7.947    21.9094    30.4517      7.902     0.6595 8.0060e+00  1020.8260    21.9079    20.7912     8.0141    245.339    7.35946  225.29823    108.895 0.0000e+00
   40.30248  -73.21926      8.028      7.966    21.9078    30.4515      7.902     0.6595 7.9835e+00  1020.8262    21.9063    20.7915     8.0148    245.360    7.36062  225.33396    108.887 0.0000e+00
   40.30248  -73.21926      8.049      7.987    21.9062    30.4510      7.897     0.6595 7.9611e+00  1020.8262    21.9047    20.7916     8.0154    245.380    7.36191  225.37372    108.877 0.0000e+00
   40.30248  -73.21926      8.060      7.998    21.9046    30.4508      7.902     0.6595 7.9387e+00  1020.8266    21.9031    20.7918     8.0166    245.416    7.36346  225.42162    108.870 0.0000e+00
   40.30248  -73.21926      8.090      8.028    21.9028    30.4504      7.902     0.6595 7.8941e+00  1020.8271    21.9013    20.7919     8.0181    245.465    7.36551  225.48612    108.860 0.0000e+00
   40.30248  -73.21926      8.100      8.037    21.9012    30.4495      7.902     0.6595 7.8941e+00  1020.8268    21.8997    20.7918     8.0204    245.538    7.36837  225.57670    108.849 0.0000e+00
   40.30248  -73.21926      8.120      8.058    21.8991    30.4485      7.902     0.6595 7.8941e+00  1020.8265    21.8976    20.7916     8.0239    245.650    7.37251  225.70776    108.836 0.0000e+00
   40.30248  -73.21926      8.151      8.088    21.8968    30.4479      7.902     0.6595 7.8277e+00  1020.8266    21.8953    20.7918     8.0293    245.820    7.37813  225.88549    108.825 0.0000e+00
   40.30248  -73.21926      8.160      8.097    21.8945    30.4478      7.902     0.6998 7.8057e+00  1020.8276    21.8930    20.7923     8.0374    246.077    7.38606  226.13626    108.818 0.0000e+00
   40.30248  -73.21926      8.185      8.122    21.8924    30.4478      7.902     0.7132 7.8057e+00  1020.8283    21.8908    20.7929     8.0483    246.425    7.39676  226.47440    108.809 0.0000e+00
   40.30248  -73.21926      8.221      8.157    21.8902    30.4477      7.902     0.7132 7.7400e+00  1020.8289    21.8886    20.7934     8.0623    246.861    7.41026  226.89669    108.799 0.0000e+00
   40.30248  -73.21926      8.232      8.168    21.8880    30.4476      7.902     0.7132 7.7400e+00  1020.8294    21.8864    20.7939     8.0737    247.216    7.42564  227.37118    108.728 0.0000e+00
   40.30248  -73.21926      8.252      8.189    21.8859    30.4476      7.902     0.7132 7.7182e+00  1020.8300    21.8843    20.7944     8.0949    247.862    7.44198  227.87028    108.773 0.0000e+00
   40.30248  -73.21926      8.272      8.208    21.8837    30.4476      7.902     0.7132 7.6749e+00  1020.8307    21.8821    20.7950     8.1081    248.263    7.45914  228.39296    108.700 0.0000e+00
   40.30248  -73.21926      8.302      8.238    21.8819    30.4478      7.902     0.7132 7.6318e+00  1020.8316    21.8804    20.7958     8.1267    248.829    7.47701  228.93757    108.689 0.0000e+00
   40.30248  -73.21926      8.313      8.249    21.8798    30.4482      7.902     0.7132 7.6318e+00  1020.8324    21.8782    20.7966     8.1463    249.427    7.49588  229.51260    108.677 0.0000e+00
   40.30248  -73.21926      8.343      8.279    21.8782    30.4487      7.902     0.7132 7.5889e+00  1020.8336    21.8766    20.7974     8.1672    250.066    7.51639  230.13804    108.659 0.0000e+00
   40.30248  -73.21926      8.373      8.309    21.8763    30.4487      7.902     0.7132 7.5463e+00  1020.8344    21.8747    20.7981     8.1886    250.712    7.53738  230.77364    108.640 0.0000e+00
   40.30248  -73.21926      8.404      8.339    21.8751    30.4487      7.902     0.7132 7.5463e+00  1020.8348    21.8734    20.7984     8.2046    251.186    7.55724  231.36828    108.566 0.0000e+00
   40.30248  -73.21926      8.424      8.359    21.8733    30.4484      7.902     0.7132 7.5039e+00  1020.8350    21.8717    20.7985     8.2224    251.714    7.57548  231.91016    108.539 0.0000e+00
   40.30248  -73.21926      8.464      8.399    21.8717    30.4480      7.902     0.7132 7.4617e+00  1020.8350    21.8701    20.7987     8.2349    252.080    7.59232  232.41032    108.463 0.0000e+00
   40.30248  -73.21926      8.475      8.410    21.8699    30.4475      7.902     0.7132 7.4407e+00  1020.8357    21.8683    20.7989     8.2542    252.656    7.60790  232.87437    108.495 0.0000e+00
   40.30248  -73.21926      8.515      8.449    21.8683    30.4469      7.902     0.7132 7.3989e+00  1020.8356    21.8667    20.7988     8.2636    252.930    7.62204  233.29358    108.417 0.0000e+00
   40.30248  -73.21926      8.535      8.470    21.8664    30.4458      7.902     0.7132 7.3574e+00  1020.8355    21.8647    20.7985     8.2758    253.289    7.63499  233.67696    108.393 0.0000e+00
   40.30248  -73.21926      8.556      8.490    21.8646    30.4445      7.902     0.7132 7.3367e+00  1020.8349    21.8630    20.7980     8.2778    253.337    7.64694  234.03060    108.249 0.0000e+00
   40.30248  -73.21926      8.590      8.524    21.8623    30.4430      7.902     0.7132 7.3160e+00  1020.8345    21.8607    20.7975     8.2871    253.611    7.65804  234.36012    108.214 0.0000e+00
   40.30248  -73.21926      8.637      8.571    21.8598    30.4415      7.902     0.7132 7.2545e+00  1020.8342    21.8581    20.7971     8.2961    253.878    7.66853  234.67308    108.184 -9.990e-29
   40.30248  -73.21926      8.637      8.571    21.8570    30.4403      7.902     0.7132 7.2545e+00  1020.8341    21.8553    20.7969     8.2954    253.849    7.67878  234.98041    108.030 -9.990e-29
   40.30248  -73.21926      8.667      8.601    21.8541    30.4392      7.902     0.7132 7.2341e+00  1020.8343    21.8525    20.7969     8.2986    253.941    7.68881  235.28206    107.930 0.0000e+00
   40.30248  -73.21926      8.707      8.640    21.8512    30.4380      7.902     0.7132 7.1732e+00  1020.8344    21.8495    20.7967     8.3013    254.020    7.69882  235.58365    107.826 0.0000e+00
   40.30248  -73.21926      8.738      8.670    21.8483    30.4366      7.902     0.7132 7.1329e+00  1020.8343    21.8466    20.7964     8.2952    253.829    7.70902  235.89181    107.604 0.0000e+00
   40.30248  -73.21926      8.758      8.691    21.8450    30.4342      7.902     0.7132 7.1329e+00  1020.8345    21.8433    20.7955     8.2970    253.880    7.71912  236.19673    107.487 0.0000e+00
   40.30248  -73.21926      8.788      8.721    21.8420    30.4295      7.907     0.7535 7.0530e+00  1020.8317    21.8403    20.7929     8.2894    253.642    7.72926  236.50280    107.247 0.0000e+00
   40.30248  -73.21926      8.819      8.751    21.8374    30.4227      7.902     0.8206 7.0332e+00  1020.8270    21.8357    20.7891     8.2903    253.665    7.73939  236.80835    107.118 0.0000e+00
   40.30248  -73.21926      8.839      8.771    21.8312    30.4158      7.902     0.8341 7.0134e+00  1020.8225    21.8295    20.7855     8.2862    253.534    7.74933  237.10775    106.928 0.0000e+00
   40.30248  -73.21926      8.870      8.801    21.8236    30.4158      7.902     0.8206 6.9544e+00  1020.8202    21.8219    20.7844     8.2763    253.224    7.75869  237.38787    106.671 0.0000e+00
   40.30248  -73.21926      8.911      8.842    21.8145    30.4158      7.902     0.8206 6.9153e+00  1020.8238    21.8128    20.7875     8.2646    252.860    7.76738  237.64703    106.402 0.0000e+00
   40.30248  -73.21926      8.941      8.872    21.8059    30.4182      7.902     0.8206 6.9153e+00  1020.8324    21.8042    20.7938     8.2566    252.608    7.77561  237.89280    106.186 0.0000e+00
   40.30248  -73.21926      8.960      8.891    21.7993    30.4250      7.902     0.8206 6.8571e+00  1020.8405    21.7976    20.8008     8.2478    252.334    7.78391  238.14273    105.959 0.0000e+00
   40.30248  -73.21926      8.992      8.923    21.7937    30.4300      7.902     0.8206 6.8186e+00  1020.8464    21.7920    20.8061     8.2342    251.915    7.79211  238.38997    105.673 0.0000e+00
   40.30248  -73.21926      9.022      8.953    21.7894    30.4327      7.907     0.8206 6.8186e+00  1020.8489    21.7877    20.8094     8.2242    251.605    7.80010  238.63053    105.437 0.0000e+00
   40.30248  -73.21926      9.062      8.992    21.7855    30.4331      7.907     0.8206 6.7612e+00  1020.8507    21.7838    20.8114     8.2137    251.278    7.80789  238.86426    105.197 0.0000e+00
   40.30248  -73.21926      9.083      9.013    21.7815    30.4331      7.902     0.8341 6.7043e+00  1020.8524    21.7797    20.8127     8.2072    251.075    7.81540  239.08959    105.013 0.0000e+00
   40.30248  -73.21926      9.113      9.043    21.7775    30.4331      7.907     0.8206 6.7043e+00  1020.8530    21.7758    20.8131     8.1960    250.729    7.82275  239.31038    104.772 0.0000e+00
   40.30248  -73.21926      9.143      9.073    21.7734    30.4310      7.907     0.8206 6.6479e+00  1020.8523    21.7716    20.8127     8.1896    250.528    7.82997  239.52753    104.593 0.0000e+00
   40.30248  -73.21926      9.164      9.093    21.7686    30.4283      7.907     0.8206 6.5919e+00  1020.8515    21.7669    20.8119     8.1826    250.311    7.83689  239.73529    104.411 0.0000e+00
   40.30248  -73.21926      9.194      9.123    21.7633    30.4252      7.907     0.8206 6.5919e+00  1020.8508    21.7615    20.8110     8.1712    249.959    7.84346  239.93229    104.179 0.0000e+00
   40.30248  -73.21926      9.215      9.144    21.7575    30.4218      7.907     0.8206 6.5364e+00  1020.8499    21.7557    20.8101     8.1642    249.739    7.84978  240.12163    104.005 0.0000e+00
   40.30248  -73.21926      9.271      9.199    21.7507    30.4179      7.907     0.8206 6.4814e+00  1020.8490    21.7490    20.8089     8.1567    249.507    7.85585  240.30416    103.829 0.0000e+00
   40.30248  -73.21926      9.285      9.213    21.7434    30.4136      7.907     0.8206 6.4632e+00  1020.8479    21.7416    20.8077     8.1499    249.297    7.86186  240.48558    103.664 0.0000e+00
   40.30248  -73.21926      9.305      9.234    21.7350    30.4081      7.907     0.8206 6.4450e+00  1020.8471    21.7332    20.8058     8.1437    249.105    7.86805  240.67373    103.503 0.0000e+00
   40.30248  -73.21926      9.336      9.264    21.7258    30.3992      7.907     0.8206 6.3908e+00  1020.8441    21.7240    20.8017     8.1427    249.074    7.87441  240.86712    103.407 0.0000e+00
   40.30248  -73.21926      9.356      9.284    21.7147    30.3842      7.908     0.8206 6.3728e+00  1020.8368    21.7130    20.7935     8.1426    249.068    7.88079  241.06098    103.321 0.0000e+00
   40.30248  -73.21926      9.396      9.324    21.7004    30.3606      7.908     0.8206 6.3548e+00  1020.8239    21.6986    20.7798     8.1385    248.942    7.88715  241.25379    103.187 0.0000e+00
   40.30248  -73.21926      9.417      9.344    21.6804    30.3266      7.908     0.8206 6.3014e+00  1020.8035    21.6786    20.7598     8.1447    249.130    7.89394  241.46081    103.176 0.0000e+00
   40.30248  -73.21926      9.437      9.364    21.6521    30.2802      7.908     0.8206 6.2659e+00  1020.7785    21.6503    20.7327     8.1482    249.241    7.90150  241.69381    103.123 0.0000e+00
   40.30248  -73.21926      9.468      9.394    21.6127    30.2189      7.908     0.8475 6.2659e+00  1020.7424    21.6109    20.6973     8.1584    249.556    7.91015  241.96195    103.139 0.0000e+00
   40.30248  -73.21926      9.498      9.425    21.5591    30.1462      7.908     0.9281 6.2132e+00  1020.6947    21.5573    20.6573     8.1660    249.791    7.91966  242.25489    103.111 0.0000e+00
   40.30248  -73.21926      9.528      9.455    21.4842    30.0756      7.908     0.9549 6.1783e+00  1020.6545    21.4824    20.6240     8.1742    250.037    7.92897  242.53609    103.093 0.0000e+00
   40.30248  -73.21926      9.549      9.475    21.3875    30.0208      7.909     0.9549 6.1783e+00  1020.6388    21.3857    20.6075     8.1821    250.270    7.93722  242.77991    103.085 0.0000e+00
   40.30248  -73.21926      9.558      9.485    21.2764    29.9828      7.909     0.9549 6.1263e+00  1020.6452    21.2746    20.6075     8.1942    250.632    7.94456  242.99487    103.143 0.0000e+00
   40.30248  -73.21926      9.599      9.525    21.1581    29.9535      7.909     0.9415 6.0919e+00  1020.6572    21.1563    20.6163     8.2077    251.034    7.95137  243.19578    103.223 0.0000e+00
