CalculateIndicators/WaterTemperature/Data/CTD_NYOS/20240429_C30A.cnv
* Sea-Bird SBE 9 Data File:
* FileName = C:\Seabird 9 CTD\Data\2024\202404_offshore\20240429_C30A.hex
* Software Version Seasave V 7.23.2
* Temperature SN = 4590
* Conductivity SN = 3228
* Number of Bytes Per Scan = 44
* Number of Voltage Words = 5
* Number of Scans Averaged by the Deck Unit = 1
* NMEA Latitude = 39 55.35 N
* NMEA Longitude = 071 32.08 W
* NMEA UTC (Time) = Apr 29 2024  05:42:34
* NMEA baud rate = 4800
** Ship: Seawolf
** Station: 11.6
** Operator: TDK
# nquan = 18
# nvalues = 2514                        
# units = specified
# name 0 = latitude: Latitude [deg]
# name 1 = longitude: Longitude [deg]
# name 2 = prDM: Pressure, Digiquartz [db]
# name 3 = depSM: Depth [salt water, m]
# name 4 = t090C: Temperature [ITS-90, deg C]
# name 5 = sal00: Salinity, Practical [PSU]
# name 6 = ph: pH
# name 7 = flECO-AFL: Fluorescence, WET Labs ECO-AFL/FL [mg/m^3]
# name 8 = cpar: CPAR/Corrected Irradiance [%]
# name 9 = density00: Density [density, kg/m^3]
# name 10 = potemp090C: Potential Temperature [ITS-90, deg C]
# name 11 = sigma-é00: Density [sigma-theta, kg/m^3]
# name 12 = sbeox0Mg/L: Oxygen, SBE 43 [mg/l]
# name 13 = sbox0Mm/Kg: Oxygen, SBE 43 [umol/kg]
# name 14 = oxsolMg/L: Oxygen Saturation, Garcia & Gordon [mg/l]
# name 15 = oxsolMm/Kg: Oxygen Saturation, Garcia & Gordon [umol/kg]
# name 16 = sbeox0PS: Oxygen, SBE 43 [% saturation]
# name 17 = flag:  0.000e+00
# span 0 =   39.92250,   39.92254       
# span 1 =  -71.53476,  -71.53454       
# span 2 =      1.741,      2.750       
# span 3 =      1.727,      2.729       
# span 4 =     7.5072,     7.5190       
# span 5 =    32.1091,    32.1130       
# span 6 =      8.085,      8.085       
# span 7 =     1.1698,     1.7877       
# span 8 = 5.0640e-11, 7.9950e+01       
# span 9 =  1025.0744,  1025.0875       
# span 10 =     7.5070,     7.5188      
# span 11 =    25.0728,    25.0757      
# span 12 =    10.8197,    10.9163      
# span 13 =    329.849,    332.793      
# span 14 =    9.71672,    9.71931      
# span 15 =  296.22430,  296.30291      
# span 16 =    111.334,    112.329      
# span 17 = 0.0000e+00, 0.0000e+00      
# interval = seconds: 0.0416667
# start_time = Apr 29 2024 05:42:33 [System UTC, first data scan.]
# bad_flag = -9.990e-29
*END*
[from data line 2413]
   39.92254  -71.53456      2.458      2.439     7.5142    32.1105 -9.990e-29     1.4922 1.2306e+01  1025.0850     7.5140    25.0737    10.8812    331.724    9.71746  296.24678    111.976 -9.990e-29
   39.92254  -71.53456      2.458      2.439     7.5144    32.1105 -9.990e-29     1.4788 2.6493e+01  1025.0848     7.5142    25.0737    10.8809    331.714    9.71751  296.24824    111.972 -9.990e-29
   39.92254  -71.53456      2.447      2.428     7.5145    32.1106 -9.990e-29     1.4922 4.6119e+01  1025.0852     7.5143    25.0737    10.8804    331.700    9.71745  296.24655    111.968 -9.990e-29
   39.92254  -71.53456      2.449      2.431     7.5144    32.1105 -9.990e-29     1.4922 5.0544e+01  1025.0850     7.5142    25.0737    10.8808    331.714    9.71744  296.24609    111.972 -9.990e-29
   39.92254  -71.53456      2.427      2.409     7.5149    32.1104 -9.990e-29     1.4922 2.3232e+01  1025.0844     7.5147    25.0736    10.8804    331.700    9.71744  296.24624    111.968 -9.990e-29
   39.92254  -71.53456      2.437      2.418     7.5145    32.1105 -9.990e-29     1.4922 1.0146e+01  1025.0851     7.5143    25.0737    10.8798    331.683    9.71739  296.24468    111.963 -9.990e-29
   39.92254  -71.53456      2.427      2.409     7.5147    32.1107 -9.990e-29     1.4922 8.3745e+00  1025.0847     7.5144    25.0738    10.8803    331.698    9.71746  296.24675    111.967 -9.990e-29
   39.92254  -71.53456      2.417      2.398     7.5142    32.1107 -9.990e-29     1.4922 9.9064e+00  1025.0853     7.5140    25.0739    10.8870    331.902    9.71752  296.24845    112.035 -9.990e-29
   39.92254  -71.53456      2.407      2.388     7.5148    32.1107 -9.990e-29     1.4922 1.1939e+01  1025.0847     7.5146    25.0738    10.8872    331.909    9.71742  296.24577    112.038 -9.990e-29
   39.92254  -71.53456      2.407      2.388     7.5145    32.1106 -9.990e-29     1.4922 1.2492e+01  1025.0850     7.5143    25.0737    10.8874    331.915    9.71738  296.24445    112.041 -9.990e-29
   39.92254  -71.53456      2.407      2.388     7.5151    32.1105 -9.990e-29     1.4922 1.4163e+01  1025.0842     7.5149    25.0736    10.8885    331.947    9.71733  296.24292    112.052 -9.990e-29
   39.92254  -71.53456      2.397      2.379     7.5147    32.1106 -9.990e-29     1.4922 1.8338e+01  1025.0848     7.5144    25.0737    10.8895    331.976    9.71726  296.24084    112.063 -9.990e-29
   39.92254  -71.53456      2.386      2.368     7.5148    32.1108 -9.990e-29     1.4922 1.9841e+01  1025.0848     7.5145    25.0739    10.8905    332.010    9.71731  296.24222    112.074 -9.990e-29
   39.92254  -71.53456      2.377      2.358     7.5145    32.1108 -9.990e-29     1.4922 2.1301e+01  1025.0850     7.5143    25.0739    10.8906    332.010    9.71728  296.24140    112.074 -9.990e-29
   39.92254  -71.53456      2.386      2.368     7.5150    32.1107 -9.990e-29     1.4922 2.7994e+01  1025.0844     7.5148    25.0737    10.8844    331.822    9.71732  296.24279    112.010 -9.990e-29
   39.92254  -71.53456      2.377      2.358     7.5149    32.1106 -9.990e-29     1.4922 3.1021e+01  1025.0846     7.5147    25.0737    10.8906    332.011    9.71730  296.24205    112.074 -9.990e-29
   39.92254  -71.53456      2.377      2.358     7.5150    32.1107 -9.990e-29     1.4922 2.9473e+01  1025.0846     7.5148    25.0738    10.8904    332.007    9.71726  296.24065    112.073 -9.990e-29
   39.92254  -71.53456      2.356      2.338     7.5147    32.1108 -9.990e-29     1.4922 2.0525e+01  1025.0848     7.5144    25.0739    10.8912    332.031    9.71728  296.24138    112.081 -9.990e-29
   39.92254  -71.53456      2.367      2.349     7.5148    32.1108 -9.990e-29     1.4922 1.7348e+01  1025.0849     7.5145    25.0739    10.8910    332.025    9.71727  296.24108    112.079 -9.990e-29
   39.92254  -71.53456      2.356      2.338     7.5152    32.1106 -9.990e-29     1.4922 1.7348e+01  1025.0844     7.5150    25.0737    10.8908    332.018    9.71732  296.24263    112.076 -9.990e-29
   39.92254  -71.53456      2.356      2.338     7.5150    32.1106 -9.990e-29     1.4922 2.1444e+01  1025.0843     7.5148    25.0737    10.8914    332.034    9.71726  296.24092    112.082 -9.990e-29
   39.92254  -71.53456      2.346      2.328     7.5149    32.1106 -9.990e-29     1.4788 2.4092e+01  1025.0847     7.5147    25.0737    10.8919    332.051    9.71728  296.24161    112.088 -9.990e-29
   39.92254  -71.53456      2.335      2.318     7.5150    32.1106 -9.990e-29     1.4922 2.4332e+01  1025.0843     7.5148    25.0737    10.8924    332.068    9.71730  296.24221    112.093 -9.990e-29
   39.92254  -71.53456      2.346      2.328     7.5150    32.1106 -9.990e-29     1.4922 2.2850e+01  1025.0844     7.5148    25.0737    10.8929    332.080    9.71727  296.24129    112.098 -9.990e-29
   39.92254  -71.53456      2.335      2.318     7.5149    32.1108 -9.990e-29     1.4922 2.1807e+01  1025.0847     7.5147    25.0739    10.8925    332.068    9.71733  296.24314    112.093 -9.990e-29
   39.92254  -71.53456      2.326      2.308     7.5150    32.1110 -9.990e-29     1.4922 2.1589e+01  1025.0847     7.5148    25.0741    10.8919    332.050    9.71732  296.24255    112.087 -9.990e-29
   39.92254  -71.53456      2.335      2.318     7.5150    32.1111 -9.990e-29     1.4922 3.1219e+01  1025.0849     7.5148    25.0741    10.8974    332.218    9.71728  296.24124    112.145 -9.990e-29
   39.92254  -71.53456      2.316      2.298     7.5149    32.1109 -9.990e-29     1.4922 4.5978e+01  1025.0845     7.5147    25.0739    10.8984    332.250    9.71727  296.24094    112.155 -9.990e-29
   39.92254  -71.53456      2.326      2.308     7.5150    32.1107 -9.990e-29     1.4922 4.9933e+01  1025.0844     7.5148    25.0737    10.8994    332.281    9.71728  296.24129    112.166 -9.990e-29
   39.92254  -71.53456      2.316      2.298     7.5153    32.1104 -9.990e-29     1.4922 3.9648e+01  1025.0840     7.5151    25.0735    10.8942    332.119    9.71729  296.24164    112.111 -9.990e-29
   39.92254  -71.53454      2.316      2.298     7.5151    32.1104 -9.990e-29     1.4922 2.7994e+01  1025.0841     7.5149    25.0735    10.9003    332.308    9.71727  296.24097    112.175 -9.990e-29
   39.92254  -71.53454      2.305      2.288     7.5152    32.1105 -9.990e-29     1.4922 2.5476e+01  1025.0843     7.5150    25.0736    10.9003    332.307    9.71732  296.24266    112.174 -9.990e-29
   39.92254  -71.53454      2.305      2.288     7.5152    32.1105 -9.990e-29     1.4922 2.9004e+01  1025.0842     7.5150    25.0736    10.9009    332.325    9.71727  296.24123    112.180 -9.990e-29
   39.92254  -71.53454      2.305      2.288     7.5151    32.1105 -9.990e-29     1.4922 3.8674e+01  1025.0840     7.5149    25.0737    10.9015    332.343    9.71723  296.23997    112.187 -9.990e-29
   39.92254  -71.53454      2.296      2.278     7.5150    32.1106 -9.990e-29     1.4922 4.2444e+01  1025.0844     7.5148    25.0737    10.9021    332.361    9.71727  296.24110    112.193 -9.990e-29
   39.92254  -71.53454      2.305      2.288     7.5152    32.1106 -9.990e-29     1.4922 4.0144e+01  1025.0841     7.5150    25.0737    10.8962    332.183    9.71719  296.23865    112.133 -9.990e-29
   39.92254  -71.53454      2.296      2.278     7.5154    32.1107 -9.990e-29     1.4922 3.3161e+01  1025.0841     7.5152    25.0737    10.9020    332.360    9.71724  296.24018    112.193 -9.990e-29
   39.92254  -71.53454      2.286      2.268     7.5148    32.1108 -9.990e-29     1.4922 3.0725e+01  1025.0846     7.5146    25.0738    10.9024    332.370    9.71720  296.23909    112.197 -9.990e-29
   39.92254  -71.53454      2.296      2.278     7.5152    32.1107 -9.990e-29     1.4922 2.8818e+01  1025.0841     7.5150    25.0737    10.9026    332.379    9.71721  296.23928    112.199 -9.990e-29
   39.92254  -71.53454      2.296      2.278     7.5152    32.1106 -9.990e-29     1.4922 1.8850e+01  1025.0843     7.5150    25.0737    10.9029    332.385    9.71718  296.23830    112.202 -9.990e-29
   39.92254  -71.53454      2.286      2.268     7.5150    32.1106 -9.990e-29     1.4922 1.5332e+01  1025.0843     7.5148    25.0737    10.8968    332.199    9.71718  296.23846    112.139 -9.990e-29
   39.92254  -71.53454      2.286      2.268     7.5152    32.1105 -9.990e-29     1.5056 1.4632e+01  1025.0840     7.5150    25.0736    10.8959    332.174    9.71715  296.23743    112.131 -9.990e-29
   39.92254  -71.53454      2.275      2.258     7.5152    32.1106 -9.990e-29     1.5190 8.2692e+00  1025.0840     7.5150    25.0736    10.9014    332.341    9.71720  296.23906    112.187 -9.990e-29
   39.92254  -71.53454      2.275      2.258     7.5148    32.1107 -9.990e-29     1.5190 5.6263e+00  1025.0845     7.5146    25.0737    10.9014    332.341    9.71721  296.23934    112.187 -9.990e-29
   39.92254  -71.53454      2.275      2.258     7.5152    32.1106 -9.990e-29     1.5190 5.3817e+00  1025.0838     7.5150    25.0737    10.9014    332.341    9.71728  296.24133    112.186 -9.990e-29
   39.92254  -71.53454      2.275      2.258     7.5150    32.1106 -9.990e-29     1.5190 1.3958e+01  1025.0843     7.5148    25.0737    10.9012    332.336    9.71725  296.24072    112.184 -9.990e-29
   39.92254  -71.53454      2.256      2.238     7.5155    32.1107 -9.990e-29     1.5190 2.5476e+01  1025.0839     7.5153    25.0737    10.9010    332.328    9.71722  296.23950    112.182 -9.990e-29
   39.92254  -71.53454      2.265      2.248     7.5151    32.1108 -9.990e-29     1.5190 2.7903e+01  1025.0843     7.5149    25.0738    10.9006    332.317    9.71719  296.23861    112.179 -9.990e-29
   39.92254  -71.53454      2.265      2.248     7.5155    32.1109 -9.990e-29     1.5190 2.0875e+01  1025.0843     7.5153    25.0739    10.9003    332.307    9.71721  296.23921    112.175 -9.990e-29
   39.92254  -71.53454      2.256      2.238     7.5153    32.1109 -9.990e-29     1.5190 1.5664e+01  1025.0842     7.5151    25.0738    10.8999    332.296    9.71728  296.24134    112.171 -9.990e-29
   39.92254  -71.53454      2.256      2.238     7.5156    32.1109 -9.990e-29     1.5190 1.4738e+01  1025.0842     7.5153    25.0738    10.8994    332.279    9.71723  296.24002    112.165 -9.990e-29
   39.92254  -71.53454      2.245      2.228     7.5156    32.1108 -9.990e-29     1.5190 1.4527e+01  1025.0841     7.5154    25.0738    10.8988    332.262    9.71726  296.24091    112.159 -9.990e-29
   39.92254  -71.53454      2.245      2.228     7.5156    32.1108 -9.990e-29     1.5190 1.4009e+01  1025.0840     7.5154    25.0738    10.8981    332.241    9.71726  296.24103    112.152 -9.990e-29
   39.92254  -71.53454      2.235      2.218     7.5159    32.1108 -9.990e-29     1.5190 1.3856e+01  1025.0839     7.5157    25.0738 -9.990e-29 -9.990e-29 -9.990e-29 -9.990e-29 -9.990e-29 -9.990e-29
   39.92254  -71.53454      2.235      2.218     7.5155    32.1110 -9.990e-29     1.5190 1.4266e+01  1025.0841     7.5153    25.0739 -9.990e-29 -9.990e-29 -9.990e-29 -9.990e-29 -9.990e-29 -9.990e-29
   39.92254  -71.53454      2.235      2.218     7.5152    32.1110 -9.990e-29     1.5190 1.5114e+01  1025.0844     7.5150    25.0739 -9.990e-29 -9.990e-29 -9.990e-29 -9.990e-29 -9.990e-29 -9.990e-29
   39.92254  -71.53454      2.224      2.207     7.5157    32.1110 -9.990e-29     1.5190 1.5387e+01  1025.0838     7.5155    25.0739 -9.990e-29 -9.990e-29 -9.990e-29 -9.990e-29 -9.990e-29 -9.990e-29
   39.92254  -71.53454      2.215      2.198     7.5158    32.1110 -9.990e-29     1.5190 1.4898e+01  1025.0840     7.5156    25.0739 -9.990e-29 -9.990e-29 -9.990e-29 -9.990e-29 -9.990e-29 -9.990e-29
   39.92254  -71.53454      2.215      2.198     7.5160    32.1111 -9.990e-29     1.5190 1.3356e+01  1025.0842     7.5158    25.0740 -9.990e-29 -9.990e-29 -9.990e-29 -9.990e-29 -9.990e-29 -9.990e-29
   39.92254  -71.53454      2.205      2.188     7.5164    32.1110 -9.990e-29     1.5190 1.2871e+01  1025.0840     7.5162    25.0739 -9.990e-29 -9.990e-29 -9.990e-29 -9.990e-29 -9.990e-29 -9.990e-29
   39.92254  -71.53454      2.205      2.188     7.5163    32.1107 -9.990e-29     1.5190 1.4318e+01  1025.0836     7.5161    25.0736 -9.990e-29 -9.990e-29 -9.990e-29 -9.990e-29 -9.990e-29 -9.990e-29
   39.92254  -71.53454      2.194      2.177     7.5165    32.1106 -9.990e-29     1.5190 3.2536e+01  1025.0835     7.5162    25.0735 -9.990e-29 -9.990e-29 -9.990e-29 -9.990e-29 -9.990e-29 -9.990e-29
   39.92254  -71.53454      2.184      2.168     7.5162    32.1106 -9.990e-29     1.5190 4.7263e+01  1025.0835     7.5160    25.0735 -9.990e-29 -9.990e-29 -9.990e-29 -9.990e-29 -9.990e-29 -9.990e-29
   39.92254  -71.53454      2.184      2.168     7.5163    32.1107 -9.990e-29     1.5190 4.7991e+01  1025.0835     7.5161    25.0736 -9.990e-29 -9.990e-29 -9.990e-29 -9.990e-29 -9.990e-29 -9.990e-29
   39.92254  -71.53454      2.175      2.158     7.5165    32.1108 -9.990e-29     1.5056 3.7253e+01  1025.0836     7.5163    25.0737 -9.990e-29 -9.990e-29 -9.990e-29 -9.990e-29 -9.990e-29 -9.990e-29
   39.92254  -71.53454      2.164      2.147     7.5164    32.1108 -9.990e-29     1.4116 3.2024e+01  1025.0836     7.5162    25.0737 -9.990e-29 -9.990e-29 -9.990e-29 -9.990e-29 -9.990e-29 -9.990e-29
   39.92254  -71.53454      2.164      2.147     7.5165    32.1109 -9.990e-29     1.3713 3.1519e+01  1025.0834     7.5163    25.0737 -9.990e-29 -9.990e-29 -9.990e-29 -9.990e-29 -9.990e-29 -9.990e-29
   39.92254  -71.53454      2.144      2.128     7.5160    32.1110 -9.990e-29     1.3579 2.0318e+01  1025.0839     7.5158    25.0738 -9.990e-29 -9.990e-29 -9.990e-29 -9.990e-29 -9.990e-29 -9.990e-29
   39.92254  -71.53454      2.154      2.138     7.5165    32.1107 -9.990e-29     1.3713 1.4318e+01  1025.0835     7.5163    25.0736 -9.990e-29 -9.990e-29 -9.990e-29 -9.990e-29 -9.990e-29 -9.990e-29
   39.92254  -71.53454      2.121      2.105     7.5165    32.1105 -9.990e-29     1.3713 1.3555e+01  1025.0831     7.5163    25.0734 -9.990e-29 -9.990e-29 -9.990e-29 -9.990e-29 -9.990e-29 -9.990e-29
   39.92254  -71.53454      2.133      2.117     7.5164    32.1103 -9.990e-29     1.3713 2.4332e+01  1025.0831     7.5162    25.0733 -9.990e-29 -9.990e-29 -9.990e-29 -9.990e-29 -9.990e-29 -9.990e-29
   39.92254  -71.53454      2.113      2.097     7.5166    32.1102 -9.990e-29     1.3713 4.4043e+01  1025.0826     7.5164    25.0732 -9.990e-29 -9.990e-29 -9.990e-29 -9.990e-29 -9.990e-29 -9.990e-29
   39.92254  -71.53454      2.113      2.097     7.5163    32.1103 -9.990e-29     1.3713 4.9933e+01  1025.0828     7.5161    25.0733 -9.990e-29 -9.990e-29 -9.990e-29 -9.990e-29 -9.990e-29 -9.990e-29
   39.92254  -71.53454      2.094      2.078     7.5162    32.1106 -9.990e-29     1.3713 2.9949e+01  1025.0832     7.5160    25.0735 -9.990e-29 -9.990e-29 -9.990e-29 -9.990e-29 -9.990e-29 -9.990e-29
   39.92254  -71.53454      2.094      2.078     7.5163    32.1109 -9.990e-29     1.3713 1.3705e+01  1025.0834     7.5161    25.0737 -9.990e-29 -9.990e-29 -9.990e-29 -9.990e-29 -9.990e-29 -9.990e-29
   39.92254  -71.53454      2.083      2.067     7.5163    32.1110 -9.990e-29     1.3713 1.0973e+01  1025.0835     7.5161    25.0738 -9.990e-29 -9.990e-29 -9.990e-29 -9.990e-29 -9.990e-29 -9.990e-29
   39.92254  -71.53454      2.073      2.057     7.5164    32.1109 -9.990e-29     1.3713 1.0389e+01  1025.0832     7.5162    25.0737 -9.990e-29 -9.990e-29 -9.990e-29 -9.990e-29 -9.990e-29 -9.990e-29
   39.92254  -71.53454      2.063      2.048     7.5163    32.1108 -9.990e-29     1.3713 8.8047e+00  1025.0831     7.5161    25.0737 -9.990e-29 -9.990e-29 -9.990e-29 -9.990e-29 -9.990e-29 -9.990e-29
   39.92254  -71.53454      2.052      2.037     7.5165    32.1107 -9.990e-29     1.3713 8.3393e+00  1025.0830     7.5163    25.0736 -9.990e-29 -9.990e-29 -9.990e-29 -9.990e-29 -9.990e-29 -9.990e-29
