CalculateIndicators/WaterTemperature/Data/CTD_NYOS/20240913_C15.cnv
* Sea-Bird SBE 9 Data File:
* FileName = C:\Seabird 9 CTD\Data\2024\202409_offshore\20240913_C15.hex
* Software Version Seasave V 7.23.2
* Temperature SN = 4590
* Conductivity SN = 3228
* Number of Bytes Per Scan = 44
* Number of Voltage Words = 5
* Number of Scans Averaged by the Deck Unit = 1
* NMEA Latitude = 39 33.14 N
* NMEA Longitude = 072 14.48 W
* NMEA UTC (Time) = Sep 13 2024  06:12:16
* NMEA baud rate = 4800
** Ship: Seawolf
** Station: 9.6
** Operator: TCM
# nquan = 18
# nvalues = 20584                       
# units = specified
# name 0 = latitude: Latitude [deg]
# name 1 = longitude: Longitude [deg]
# name 2 = prDM: Pressure, Digiquartz [db]
# name 3 = depSM: Depth [salt water, m]
# name 4 = t090C: Temperature [ITS-90, deg C]
# name 5 = sal00: Salinity, Practical [PSU]
# name 6 = ph: pH
# name 7 = flECO-AFL: Fluorescence, WET Labs ECO-AFL/FL [mg/m^3]
# name 8 = cpar: CPAR/Corrected Irradiance [%]
# name 9 = density00: Density [density, kg/m^3]
# name 10 = potemp090C: Potential Temperature [ITS-90, deg C]
# name 11 = sigma-é00: Density [sigma-theta, kg/m^3]
# name 12 = sbeox0Mg/L: Oxygen, SBE 43 [mg/l]
# name 13 = sbox0Mm/Kg: Oxygen, SBE 43 [umol/kg]
# name 14 = oxsolMg/L: Oxygen Saturation, Garcia & Gordon [mg/l]
# name 15 = oxsolMm/Kg: Oxygen Saturation, Garcia & Gordon [umol/kg]
# name 16 = sbeox0PS: Oxygen, SBE 43 [% saturation]
# name 17 = flag:  0.000e+00
# span 0 =   39.55246,   39.55328       
# span 1 =  -72.24440,  -72.24150       
# span 2 =      2.037,    131.659       
# span 3 =      2.021,    130.613       
# span 4 =    10.5769,    21.7069       
# span 5 =    31.9767,    35.1695       
# span 6 =      7.934,      8.219       
# span 7 =    -0.0927,     1.2236       
# span 8 = 1.6880e-11, 9.9999e+04       
# span 9 =  1022.6298,  1027.3478       
# span 10 =    10.5724,    21.7043      
# span 11 =    22.6150,    26.7607      
# span 12 =     5.1720,     8.8321      
# span 13 =    157.415,    269.529      
# span 14 =    7.25022,    9.05678      
# span 15 =  221.50539,  276.15640      
# span 16 =     59.629,    106.113      
# span 17 = 0.0000e+00, 0.0000e+00      
# interval = seconds: 0.0416667
# start_time = Sep 13 2024 06:12:18 [System UTC, first data scan.]
# bad_flag = -9.990e-29
*END*
[from data line 14071]
   39.55300  -72.24346     35.620     35.345    11.4054    32.4011 -9.990e-29     0.3505 9.9999e+04  1024.8410    11.4011    24.6809     7.4781    228.067    8.90086  271.45691     84.016 -9.990e-29
   39.55300  -72.24346     35.620     35.345    11.4064    32.4008 -9.990e-29     0.3505 9.9999e+04  1024.8403    11.4021    24.6805     7.4786    228.080    8.90091  271.45829     84.020 -9.990e-29
   39.55300  -72.24346     35.610     35.336    11.4072    32.4010 -9.990e-29     0.3505 9.9999e+04  1024.8403    11.4029    24.6805     7.4783    228.070    8.90098  271.46058     84.016 -9.990e-29
   39.55300  -72.24346     35.599     35.325    11.4077    32.4014 -9.990e-29     0.4043 9.9999e+04  1024.8408    11.4034    24.6808     7.4786    228.080    8.90101  271.46148     84.019 -9.990e-29
   39.55300  -72.24346     35.590     35.315    11.4086    32.4015 -9.990e-29     0.4446 9.9999e+04  1024.8411    11.4042    24.6806     7.4789    228.089    8.90109  271.46363     84.022 -9.990e-29
   39.55300  -72.24346     35.587     35.313    11.4109    32.4011 -9.990e-29     0.4580 9.9999e+04  1024.8396    11.4066    24.6799     7.4791    228.098    8.90113  271.46502     84.025 -9.990e-29
   39.55300  -72.24346     35.579     35.304    11.4129    32.4002 -9.990e-29     0.4446 9.9999e+04  1024.8390    11.4086    24.6789     7.4850    228.275    8.90120  271.46705     84.089 -9.990e-29
   39.55300  -72.24346     35.579     35.304    11.4149    32.3992 -9.990e-29     0.4446 9.9999e+04  1024.8375    11.4106    24.6778     7.4803    228.132    8.90124  271.46819     84.036 -9.990e-29
   39.55300  -72.24346     35.559     35.285    11.4159    32.3983 -9.990e-29     0.4446 9.9999e+04  1024.8366    11.4115    24.6769     7.4804    228.134    8.90120  271.46685     84.038 -9.990e-29
   39.55300  -72.24346     35.569     35.295    11.4166    32.3975 -9.990e-29     0.4446 9.9999e+04  1024.8359    11.4122    24.6761     7.4805    228.137    8.90123  271.46762     84.039 -9.990e-29
   39.55300  -72.24346     35.548     35.274    11.4174    32.3967 -9.990e-29     0.4446 9.9999e+04  1024.8350    11.4131    24.6754     7.4860    228.308    8.90121  271.46707     84.101 -9.990e-29
   39.55300  -72.24346     35.559     35.285    11.4176    32.3961 -9.990e-29     0.4446 9.9999e+04  1024.8345    11.4133    24.6748     7.4867    228.327    8.90116  271.46525     84.109 -9.990e-29
   39.55300  -72.24346     35.539     35.265    11.4176    32.3956 -9.990e-29     0.4446 9.9999e+04  1024.8338    11.4132    24.6745     7.4817    228.175    8.90110  271.46343     84.054 -9.990e-29
   39.55300  -72.24346     35.548     35.274    11.4171    32.3956 -9.990e-29     0.4446 9.9999e+04  1024.8343    11.4127    24.6745     7.4808    228.147    8.90096  271.45916     84.045 -9.990e-29
   39.55300  -72.24346     35.529     35.255    11.4164    32.3957 -9.990e-29     0.4446 9.9999e+04  1024.8343    11.4120    24.6747     7.4860    228.305    8.90071  271.45145     84.105 -9.990e-29
   39.55300  -72.24346     35.529     35.255    11.4161    32.3959 -9.990e-29     0.4446 9.9999e+04  1024.8345    11.4118    24.6749     7.4863    228.316    8.90056  271.44726     84.111 -9.990e-29
   39.55300  -72.24346     35.529     35.255    11.4157    32.3961 -9.990e-29     0.4446 9.9999e+04  1024.8347    11.4114    24.6751     7.4922    228.495    8.90043  271.44343     84.178 -9.990e-29
   39.55300  -72.24346     35.529     35.255    11.4154    32.3962 -9.990e-29     0.4446 9.9999e+04  1024.8351    11.4111    24.6753     7.4875    228.353    8.90029  271.43928     84.127 -9.990e-29
   39.55300  -72.24346     35.515     35.242    11.4157    32.3963 -9.990e-29     0.4446 9.9999e+04  1024.8347    11.4114    24.6754     7.4876    228.356    8.90009  271.43291     84.130 -9.990e-29
   39.55300  -72.24346     35.518     35.244    11.4159    32.3967 -9.990e-29     0.4446 9.9999e+04  1024.8351    11.4115    24.6756     7.4876    228.356    8.89986  271.42619     84.132 -9.990e-29
   39.55300  -72.24346     35.508     35.235    11.4157    32.3971 -9.990e-29     0.4446 9.9999e+04  1024.8356    11.4114    24.6760     7.4876    228.356    8.89967  271.42065     84.134 -9.990e-29
   39.55300  -72.24346     35.508     35.235    11.4157    32.3974 -9.990e-29     0.4446 9.9999e+04  1024.8358    11.4114    24.6762     7.4876    228.356    8.89953  271.41639     84.135 -9.990e-29
   39.55300  -72.24346     35.508     35.235    11.4157    32.3976 -9.990e-29     0.4446 9.9999e+04  1024.8358    11.4114    24.6763     7.4875    228.353    8.89934  271.41069     84.135 -9.990e-29
   39.55300  -72.24346     35.497     35.224    11.4156    32.3977 -9.990e-29     0.4446 9.9999e+04  1024.8359    11.4112    24.6764     7.4873    228.347    8.89916  271.40529     84.135 -9.990e-29
   39.55300  -72.24346     35.508     35.235    11.4154    32.3977 -9.990e-29     0.4446 9.9999e+04  1024.8360    11.4111    24.6764     7.4864    228.321    8.89903  271.40184     84.127 -9.990e-29
   39.55300  -72.24346     35.488     35.214    11.4154    32.3978 -9.990e-29     0.4446 9.9999e+04  1024.8358    11.4111    24.6765     7.4855    228.293    8.89898  271.40041     84.117 -9.990e-29
   39.55300  -72.24346     35.497     35.224    11.4151    32.3978 -9.990e-29     0.4446 9.9999e+04  1024.8362    11.4107    24.6766     7.4853    228.286    8.89895  271.39978     84.114 -9.990e-29
   39.55300  -72.24346     35.488     35.214    11.4152    32.3978 -9.990e-29     0.4446 9.9999e+04  1024.8360    11.4109    24.6766     7.4850    228.278    8.89898  271.40061     84.111 -9.990e-29
   39.55300  -72.24346     35.488     35.214    11.4151    32.3976 -9.990e-29     0.4311 9.9999e+04  1024.8358    11.4107    24.6764     7.4854    228.290    8.89900  271.40147     84.115 -9.990e-29
   39.55300  -72.24346     35.488     35.214    11.4147    32.3975 -9.990e-29     0.4311 9.9999e+04  1024.8357    11.4104    24.6764     7.4851    228.279    8.89901  271.40164     84.111 -9.990e-29
   39.55300  -72.24346     35.488     35.214    11.4149    32.3977 -9.990e-29     0.4311 9.9999e+04  1024.8358    11.4106    24.6766     7.4847    228.267    8.89904  271.40235     84.106 -9.990e-29
   39.55300  -72.24346     35.485     35.211    11.4145    32.3983 -9.990e-29     0.4311 9.9999e+04  1024.8364    11.4102    24.6770     7.4898    228.422    8.89907  271.40346     84.163 -9.990e-29
   39.55300  -72.24346     35.478     35.205    11.4146    32.3988 -9.990e-29     0.4311 9.9999e+04  1024.8370    11.4103    24.6774     7.4851    228.280    8.89915  271.40613     84.110 -9.990e-29
   39.55300  -72.24346     35.467     35.194    11.4145    32.3990 -9.990e-29     0.4311 9.9999e+04  1024.8369    11.4102    24.6776     7.4846    228.266    8.89930  271.41077     84.104 -9.990e-29
   39.55300  -72.24346     35.488     35.214    11.4146    32.3991 -9.990e-29     0.4446 9.9999e+04  1024.8371    11.4103    24.6777     7.4841    228.250    8.89942  271.41419     84.097 -9.990e-29
   39.55300  -72.24346     35.478     35.205    11.4147    32.3993 -9.990e-29     0.4311 9.9999e+04  1024.8374    11.4104    24.6778     7.4834    228.228    8.89945  271.41468     84.088 -9.990e-29
   39.55300  -72.24346     35.467     35.194    11.4151    32.3993 -9.990e-29     0.4311 9.9999e+04  1024.8372    11.4108    24.6777     7.4833    228.224    8.89933  271.41093     84.088 -9.990e-29
   39.55300  -72.24346     35.467     35.194    11.4152    32.3989 -9.990e-29     0.4311 9.9999e+04  1024.8367    11.4109    24.6774     7.4831    228.219    8.89924  271.40810     84.087 -9.990e-29
   39.55300  -72.24346     35.467     35.194    11.4152    32.3986 -9.990e-29     0.4311 9.9999e+04  1024.8366    11.4109    24.6771     7.4829    228.213    8.89917  271.40588     84.086 -9.990e-29
   39.55300  -72.24346     35.467     35.194    11.4154    32.3982 -9.990e-29     0.4311 9.9999e+04  1024.8362    11.4111    24.6769     7.4883    228.376    8.89909  271.40348     84.146 -9.990e-29
   39.55300  -72.24346     35.467     35.194    11.4149    32.3980 -9.990e-29     0.4311 9.9999e+04  1024.8360    11.4106    24.6767     7.4825    228.201    8.89911  271.40435     84.082 -9.990e-29
   39.55300  -72.24346     35.467     35.194    11.4148    32.3980 -9.990e-29     0.4311 9.9999e+04  1024.8358    11.4104    24.6768     7.4823    228.194    8.89912  271.40492     84.079 -9.990e-29
   39.55300  -72.24346     35.457     35.184    11.4139    32.3985 -9.990e-29     0.4311 9.9999e+04  1024.8366    11.4096    24.6773     7.4821    228.187    8.89920  271.40727     84.076 -9.990e-29
   39.55300  -72.24346     35.467     35.194    11.4134    32.3991 -9.990e-29     0.4311 9.9999e+04  1024.8373    11.4091    24.6778     7.4818    228.180    8.89927  271.40913     84.072 -9.990e-29
   39.55300  -72.24346     35.467     35.194    11.4136    32.3993 -9.990e-29     0.4311 9.9999e+04  1024.8376    11.4092    24.6780     7.4871    228.341    8.89934  271.41141     84.131 -9.990e-29
   39.55300  -72.24346     35.444     35.170    11.4141    32.3993 -9.990e-29     0.4311 9.9999e+04  1024.8372    11.4098    24.6780     7.4819    228.183    8.89942  271.41398     84.072 -9.990e-29
   39.55300  -72.24346     35.467     35.194    11.4142    32.3992 -9.990e-29     0.4311 9.9999e+04  1024.8372    11.4099    24.6778     7.4817    228.176    8.89963  271.42035     84.067 -9.990e-29
   39.55300  -72.24346     35.446     35.173    11.4143    32.3990 -9.990e-29     0.4311 9.9999e+04  1024.8369    11.4100    24.6777     7.4870    228.338    8.89985  271.42730     84.125 -9.990e-29
   39.55300  -72.24346     35.457     35.184    11.4140    32.3989 -9.990e-29     0.4311 9.9999e+04  1024.8368    11.4097    24.6776     7.4819    228.183    8.90017  271.43726     84.065 -9.990e-29
   39.55300  -72.24346     35.457     35.184    11.4137    32.3989 -9.990e-29     0.4311 9.9999e+04  1024.8370    11.4094    24.6777     7.4818    228.180    8.90063  271.45150     84.059 -9.990e-29
   39.55300  -72.24346     35.457     35.184    11.4134    32.3989 -9.990e-29     0.4311 9.9999e+04  1024.8370    11.4091    24.6777     7.4817    228.176    8.90111  271.46576     84.053 -9.990e-29
   39.55300  -72.24346     35.446     35.173    11.4132    32.3989 -9.990e-29     0.4311 9.9999e+04  1024.8369    11.4089    24.6778     7.4870    228.339    8.90154  271.47866     84.109 -9.990e-29
   39.55300  -72.24346     35.446     35.173    11.4127    32.3990 -9.990e-29     0.4177 9.9999e+04  1024.8374    11.4084    24.6780     7.4817    228.177    8.90178  271.48549     84.047 -9.990e-29
   39.55300  -72.24346     35.446     35.173    11.4126    32.3991 -9.990e-29     0.4177 9.9999e+04  1024.8372    11.4083    24.6781     7.4868    228.331    8.90197  271.49094     84.103 -9.990e-29
   39.55300  -72.24346     35.446     35.173    11.4120    32.3994 -9.990e-29     0.4177 9.9999e+04  1024.8377    11.4077    24.6784     7.4814    228.167    8.90221  271.49816     84.040 -9.990e-29
   39.55300  -72.24346     35.446     35.173    11.4117    32.3999 -9.990e-29     0.4177 9.9999e+04  1024.8380    11.4074    24.6788     7.4815    228.171    8.90241  271.50400     84.040 -9.990e-29
   39.55300  -72.24346     35.446     35.173    11.4117    32.4004 -9.990e-29     0.4177 9.9999e+04  1024.8385    11.4074    24.6793     7.4809    228.151    8.90253  271.50723     84.031 -9.990e-29
   39.55300  -72.24346     35.446     35.173    11.4114    32.4008 -9.990e-29     0.4177 9.9999e+04  1024.8390    11.4071    24.6796     7.4857    228.296    8.90253  271.50675     84.085 -9.990e-29
   39.55300  -72.24346     35.437     35.164    11.4116    32.4012 -9.990e-29     0.4177 9.9999e+04  1024.8388    11.4072    24.6799     7.4854    228.286    8.90234  271.50069     84.083 -9.990e-29
   39.55300  -72.24346     35.444     35.171    11.4116    32.4017 -9.990e-29     0.4177 9.9999e+04  1024.8396    11.4072    24.6802     7.4801    228.125    8.90211  271.49333     84.026 -9.990e-29
   39.55300  -72.24346     35.437     35.164    11.4117    32.4021 -9.990e-29     0.4177 9.9999e+04  1024.8399    11.4074    24.6806     7.4852    228.280    8.90180  271.48395     84.086 -9.990e-29
   39.55300  -72.24346     35.446     35.173    11.4124    32.4024 -9.990e-29     0.4177 9.9999e+04  1024.8400    11.4081    24.6806     7.4792    228.099    8.90163  271.47926     84.021 -9.990e-29
   39.55300  -72.24346     35.437     35.164    11.4137    32.4023 -9.990e-29     0.4177 9.9999e+04  1024.8397    11.4094    24.6803     7.4840    228.245    8.90185  271.48697     84.072 -9.990e-29
   39.55300  -72.24346     35.437     35.164    11.4147    32.4018 -9.990e-29     0.4177 9.9999e+04  1024.8390    11.4104    24.6798     7.4848    228.270    8.90232  271.50211     84.077 -9.990e-29
   39.55300  -72.24346     35.446     35.173    11.4156    32.4014 -9.990e-29     0.4177 9.9999e+04  1024.8383    11.4113    24.6793     7.4856    228.295    8.90285  271.51806     84.081 -9.990e-29
   39.55300  -72.24346     35.437     35.164    11.4164    32.4012 -9.990e-29     0.4177 9.9999e+04  1024.8381    11.4120    24.6789     7.4870    228.338    8.90327  271.53050     84.093 -9.990e-29
   39.55300  -72.24346     35.446     35.173    11.4174    32.4010 -9.990e-29     0.4177 9.9999e+04  1024.8380    11.4131    24.6786     7.4821    228.188    8.90359  271.53966     84.035 -9.990e-29
   39.55300  -72.24346     35.446     35.173    11.4188    32.4006 -9.990e-29     0.4177 9.9999e+04  1024.8372    11.4145    24.6781     7.4818    228.177    8.90362  271.54007     84.031 -9.990e-29
   39.55300  -72.24346     35.437     35.164    11.4199    32.4003 -9.990e-29     0.4177 9.9999e+04  1024.8367    11.4156    24.6777     7.4814    228.164    8.90355  271.53739     84.027 -9.990e-29
   39.55300  -72.24346     35.446     35.173    11.4207    32.4000 -9.990e-29     0.4177 9.9999e+04  1024.8366    11.4164    24.6773     7.4810    228.153    8.90354  271.53716     84.023 -9.990e-29
   39.55300  -72.24346     35.446     35.173    11.4218    32.3996 -9.990e-29     0.4177 9.9999e+04  1024.8362    11.4175    24.6767     7.4806    228.141    8.90352  271.53652     84.019 -9.990e-29
   39.55300  -72.24346     35.437     35.164    11.4230    32.3988 -9.990e-29     0.4177 9.9999e+04  1024.8352    11.4187    24.6759     7.4858    228.301    8.90354  271.53720     84.077 -9.990e-29
   39.55300  -72.24346     35.446     35.173    11.4240    32.3979 -9.990e-29     0.4177 9.9999e+04  1024.8342    11.4197    24.6750     7.4806    228.141    8.90358  271.53862     84.018 -9.990e-29
   39.55300  -72.24346     35.434     35.161    11.4246    32.3970 -9.990e-29     0.4177 9.9999e+04  1024.8332    11.4203    24.6742     7.4804    228.135    8.90379  271.54552     84.014 -9.990e-29
   39.55300  -72.24346     35.457     35.184    11.4248    32.3964 -9.990e-29     0.4177 9.9999e+04  1024.8330    11.4205    24.6738     7.4858    228.301    8.90410  271.55468     84.072 -9.990e-29
   39.55300  -72.24346     35.437     35.164    11.4248    32.3960 -9.990e-29     0.4177 9.9999e+04  1024.8328    11.4204    24.6735     7.4807    228.144    8.90425  271.55925     84.013 -9.990e-29
   39.55300  -72.24346     35.446     35.173    11.4248    32.3958 -9.990e-29     0.3908 9.9999e+04  1024.8322    11.4205    24.6734     7.4860    228.306    8.90443  271.56417     84.071 -9.990e-29
   39.55300  -72.24346     35.446     35.173    11.4246    32.3959 -9.990e-29     0.3640 9.9999e+04  1024.8327    11.4203    24.6735     7.4863    228.315    8.90451  271.56670     84.073 -9.990e-29
   39.55300  -72.24346     35.446     35.173    11.4244    32.3959 -9.990e-29     0.3640 9.9999e+04  1024.8331    11.4200    24.6735     7.4866    228.325    8.90465  271.57091     84.076 -9.990e-29
