CalculateIndicators/WaterTemperature/Data/CTD_NYOS/20240915_C36.cnv
* Sea-Bird SBE 9 Data File:
* FileName = C:\Seabird 9 CTD\Data\2024\202409_offshore\20240915_C36.hex
* Software Version Seasave V 7.23.2
* Temperature SN = 4590
* Conductivity SN = 3228
* Number of Bytes Per Scan = 44
* Number of Voltage Words = 5
* Number of Scans Averaged by the Deck Unit = 1
* NMEA Latitude = 40 53.44 N
* NMEA Longitude = 072 12.48 W
* NMEA UTC (Time) = Sep 15 2024  11:34:40
* NMEA baud rate = 4800
** Ship: Seawolf
** Station: 11.1
** Operator: TDK
# nquan = 18
# nvalues = 9465                        
# units = specified
# name 0 = latitude: Latitude [deg]
# name 1 = longitude: Longitude [deg]
# name 2 = prDM: Pressure, Digiquartz [db]
# name 3 = depSM: Depth [salt water, m]
# name 4 = t090C: Temperature [ITS-90, deg C]
# name 5 = sal00: Salinity, Practical [PSU]
# name 6 = ph: pH
# name 7 = flECO-AFL: Fluorescence, WET Labs ECO-AFL/FL [mg/m^3]
# name 8 = cpar: CPAR/Corrected Irradiance [%]
# name 9 = density00: Density [density, kg/m^3]
# name 10 = potemp090C: Potential Temperature [ITS-90, deg C]
# name 11 = sigma-é00: Density [sigma-theta, kg/m^3]
# name 12 = sbeox0Mg/L: Oxygen, SBE 43 [mg/l]
# name 13 = sbox0Mm/Kg: Oxygen, SBE 43 [umol/kg]
# name 14 = oxsolMg/L: Oxygen Saturation, Garcia & Gordon [mg/l]
# name 15 = oxsolMm/Kg: Oxygen Saturation, Garcia & Gordon [umol/kg]
# name 16 = sbeox0PS: Oxygen, SBE 43 [% saturation]
# name 17 = flag:  0.000e+00
# span 0 =   40.89056,   40.89068       
# span 1 =  -72.20992,  -72.20800       
# span 2 =      1.897,     20.669       
# span 3 =      1.882,     20.508       
# span 4 =    18.4662,    20.4244       
# span 5 =    30.9852,    31.3179       
# span 6 =      8.033,      8.157       
# span 7 =    -0.0524,     2.0026       
# span 8 = 6.1628e-01, 5.1630e+01       
# span 9 =  1021.6079,  1022.4178       
# span 10 =    18.4627,    20.4240      
# span 11 =    21.6069,    22.3277      
# span 12 =     6.6920,     7.7928      
# span 13 =    204.562,    238.314      
# span 14 =    7.51237,    7.77926      
# span 15 =  229.79571,  237.79666      
# span 16 =     86.113,    102.442      
# span 17 = 0.0000e+00, 0.0000e+00      
# interval = seconds: 0.0416667
# start_time = Sep 15 2024 11:34:40 [System UTC, first data scan.]
# bad_flag = -9.990e-29
*END*
[from data line 9086]
   40.89058  -72.20986      2.202      2.185    20.4225    31.0260      8.154     0.0685 1.4170e+01  1021.6337    20.4221    21.6240     7.5438    230.758    7.51269  229.80554    100.414 -9.990e-29
   40.89058  -72.20986      2.171      2.154    20.4226    31.0259      8.154     0.0685 1.4386e+01  1021.6333    20.4222    21.6239     7.5442    230.770    7.51270  229.80586    100.420 -9.990e-29
   40.89058  -72.20986      2.150      2.133    20.4223    31.0257      8.154     0.0685 1.4451e+01  1021.6332    20.4219    21.6238     7.5446    230.782    7.51270  229.80578    100.425 -9.990e-29
   40.89058  -72.20986      2.129      2.113    20.4225    31.0256      8.154     0.0685 1.4411e+01  1021.6329    20.4221    21.6238     7.5450    230.792    7.51271  229.80602    100.429 -9.990e-29
   40.89058  -72.20986      2.110      2.094    20.4227    31.0257      8.154     0.0685 1.4411e+01  1021.6330    20.4223    21.6239     7.5405    230.655    7.51273  229.80663    100.369 -9.990e-29
   40.89058  -72.20988      2.099      2.083    20.4224    31.0258      8.154     0.0685 1.4411e+01  1021.6331    20.4220    21.6239     7.5445    230.778    7.51272  229.80647    100.423 -9.990e-29
   40.89058  -72.20988      2.069      2.053    20.4225    31.0258      8.154     0.0819 1.4451e+01  1021.6329    20.4221    21.6238     7.5444    230.774    7.51271  229.80604    100.421 -9.990e-29
   40.89058  -72.20988      2.059      2.043    20.4227    31.0258      8.154     0.0819 1.4533e+01  1021.6327    20.4223    21.6238     7.5442    230.770    7.51270  229.80578    100.419 -9.990e-29
   40.89058  -72.20988      2.039      2.023    20.4227    31.0258      8.154     0.0819 1.4574e+01  1021.6326    20.4223    21.6238     7.5441    230.765    7.51272  229.80638    100.417 -9.990e-29
   40.89058  -72.20988      2.019      2.004    20.4224    31.0258      8.154     0.0819 1.4370e+01  1021.6327    20.4220    21.6238     7.5487    230.906    7.51270  229.80597    100.479 -9.990e-29
   40.89058  -72.20988      2.008      1.993    20.4227    31.0258      8.154     0.0819 1.4170e+01  1021.6324    20.4223    21.6238     7.5444    230.775    7.51272  229.80639    100.421 -9.990e-29
   40.89058  -72.20988      1.999      1.983    20.4223    31.0258      8.154     0.0819 1.4130e+01  1021.6325    20.4220    21.6239     7.5445    230.778    7.51271  229.80603    100.423 -9.990e-29
   40.89058  -72.20988      1.999      1.983    20.4223    31.0258      8.154     0.0819 1.4411e+01  1021.6327    20.4220    21.6239     7.5442    230.769    7.51270  229.80579    100.419 -9.990e-29
   40.89058  -72.20988      1.978      1.963    20.4222    31.0258      8.154     0.0819 1.4947e+01  1021.6325    20.4219    21.6239     7.5439    230.760    7.51272  229.80638    100.415 -9.990e-29
   40.89058 -9.990e-29      1.978      1.963    20.4227    31.0259      8.154     0.0819 1.5117e+01  1021.6323    20.4223    21.6239     7.5435    230.749    7.51271  229.80604    100.410 -9.990e-29
   40.89058 -9.990e-29      1.969      1.953    20.4221    31.0259      8.154     0.0819 1.4739e+01  1021.6327    20.4218    21.6240     7.5435    230.749    7.51269  229.80560    100.410 -9.990e-29
   40.89058 -9.990e-29      1.978      1.963    20.4223    31.0259      8.154     0.0819 1.3646e+01  1021.6325    20.4220    21.6240     7.5435    230.748    7.51270  229.80586    100.410 -9.990e-29
   40.89058 -9.990e-29      1.969      1.953    20.4225    31.0259      8.154     0.0819 1.3267e+01  1021.6324    20.4221    21.6240     7.5479    230.884    7.51272  229.80644    100.469 -9.990e-29
   40.89058 -9.990e-29      1.978      1.963    20.4222    31.0260      8.154     0.0819 1.3267e+01  1021.6327    20.4219    21.6241     7.5482    230.892    7.51269  229.80558    100.473 -9.990e-29
   40.89058 -9.990e-29      1.978      1.963    20.4221    31.0261      8.154     0.0819 1.3379e+01  1021.6328    20.4218    21.6242     7.5441    230.766    7.51269  229.80558    100.418 -9.990e-29
   40.89058 -9.990e-29      1.980      1.964    20.4220    31.0261      8.154     0.0819 1.3379e+01  1021.6329    20.4216    21.6242     7.5484    230.897    7.51267  229.80483    100.475 -9.990e-29
   40.89058 -9.990e-29      2.008      1.993    20.4221    31.0261      8.154     0.0819 1.3342e+01  1021.6327    20.4218    21.6242     7.5486    230.904    7.51264  229.80399    100.479 -9.990e-29
   40.89058 -9.990e-29      2.008      1.993    20.4219    31.0261      8.154     0.0819 1.3045e+01  1021.6330    20.4215    21.6242     7.5488    230.911    7.51268  229.80517    100.481 -9.990e-29
   40.89058 -9.990e-29      2.018      2.002    20.4220    31.0261      8.154     0.0819 1.2899e+01  1021.6329    20.4216    21.6242     7.5534    231.051    7.51267  229.80490    100.542 -9.990e-29
   40.89058 -9.990e-29      2.048      2.032    20.4220    31.0261      8.154     0.0819 1.2921e+01  1021.6331    20.4216    21.6242     7.5495    230.933    7.51271  229.80604    100.490 -9.990e-29
   40.89058 -9.990e-29      2.048      2.032    20.4220    31.0262      8.154     0.0819 1.2848e+01  1021.6331    20.4216    21.6243     7.5496    230.936    7.51274  229.80705    100.491 -9.990e-29
   40.89058 -9.990e-29      2.069      2.053    20.4221    31.0263      8.154     0.0819 1.2812e+01  1021.6333    20.4217    21.6244     7.5497    230.938    7.51272  229.80654    100.492 -9.990e-29
   40.89058 -9.990e-29      2.099      2.083    20.4220    31.0263      8.154     0.0954 1.2812e+01  1021.6335    20.4216    21.6244     7.5541    231.073    7.51269  229.80551    100.551 -9.990e-29
   40.89058 -9.990e-29      2.120      2.103    20.4220    31.0263      8.154     0.0819 1.2043e+01  1021.6337    20.4216    21.6244     7.5500    230.947    7.51267  229.80493    100.497 -9.990e-29
   40.89058 -9.990e-29      2.142      2.125    20.4218    31.0263      8.154     0.0819 1.1449e+01  1021.6338    20.4214    21.6244     7.5500    230.946    7.51270  229.80583    100.496 -9.990e-29
   40.89058 -9.990e-29      2.171      2.154    20.4221    31.0262      8.154     0.0819 1.1289e+01  1021.6336    20.4217    21.6243     7.5499    230.945    7.51273  229.80667    100.495 -9.990e-29
   40.89058 -9.990e-29      2.180      2.163    20.4220    31.0261      8.154     0.0685 1.1257e+01  1021.6336    20.4216    21.6242     7.5498    230.941    7.51271  229.80606    100.494 -9.990e-29
   40.89058 -9.990e-29      2.221      2.204    20.4220    31.0261      8.154     0.0819 1.1194e+01  1021.6339    20.4216    21.6242     7.5497    230.936    7.51269  229.80554    100.492 -9.990e-29
   40.89058 -9.990e-29      2.241      2.223    20.4220    31.0262      8.154     0.0685 1.1194e+01  1021.6340    20.4216    21.6243     7.5495    230.932    7.51272  229.80639    100.490 -9.990e-29
   40.89058 -9.990e-29      2.261      2.244    20.4219    31.0262      8.154     0.0685 1.0945e+01  1021.6341    20.4215    21.6243     7.5497    230.937    7.51272  229.80629    100.492 -9.990e-29
   40.89058 -9.990e-29      2.291      2.274    20.4220    31.0263      8.154     0.0819 1.0552e+01  1021.6342    20.4216    21.6244     7.5494    230.930    7.51269  229.80560    100.489 -9.990e-29
   40.89058 -9.990e-29      2.322      2.304    20.4218    31.0263      8.154     0.0685 1.0452e+01  1021.6346    20.4214    21.6244     7.5492    230.923    7.51273  229.80678    100.486 -9.990e-29
   40.89058 -9.990e-29      2.333      2.315    20.4220    31.0263      8.154     0.0685 1.0364e+01  1021.6345    20.4215    21.6244     7.5534    231.051    7.51275  229.80734    100.541 -9.990e-29
   40.89058 -9.990e-29      2.363      2.345    20.4219    31.0263      8.154     0.0819 1.0133e+01  1021.6347    20.4215    21.6244     7.5538    231.062    7.51272  229.80633    100.547 -9.990e-29
   40.89058 -9.990e-29      2.383      2.365    20.4218    31.0263      8.154     0.0819 1.0048e+01  1021.6348    20.4213    21.6244     7.5494    230.927    7.51271  229.80615    100.488 -9.990e-29
   40.89058 -9.990e-29      2.403      2.384    20.4220    31.0264      8.154     0.0685 1.0076e+01  1021.6349    20.4215    21.6245     7.5538    231.062    7.51269  229.80555    100.547 -9.990e-29
   40.89058 -9.990e-29      2.444      2.425    20.4218    31.0265      8.154     0.0819 1.0162e+01  1021.6352    20.4213    21.6245     7.5497    230.937    7.51270  229.80578    100.492 -9.990e-29
   40.89058 -9.990e-29      2.454      2.435    20.4220    31.0264      8.154     0.0685 1.0236e+01  1021.6351    20.4215    21.6244     7.5493    230.924    7.51272  229.80647    100.486 -9.990e-29
   40.89058 -9.990e-29      2.454      2.435    20.4219    31.0261      8.154     0.0685 1.0236e+01  1021.6348    20.4214    21.6243     7.5491    230.921    7.51269  229.80546    100.485 -9.990e-29
   40.89058 -9.990e-29      2.495      2.475    20.4220    31.0261      8.154     0.0685 1.0179e+01  1021.6350    20.4215    21.6243     7.5487    230.906    7.51268  229.80527    100.479 -9.990e-29
   40.89058 -9.990e-29      2.495      2.475    20.4220    31.0263      8.154     0.0819 1.0150e+01  1021.6352    20.4215    21.6244     7.5482    230.892    7.51273  229.80684    100.472 -9.990e-29
   40.89058 -9.990e-29      2.535      2.515    20.4221    31.0264      8.154     0.0685 1.0150e+01  1021.6355    20.4217    21.6244     7.5481    230.887    7.51272  229.80636    100.470 -9.990e-29
   40.89058 -9.990e-29      2.535      2.515    20.4219    31.0262      8.154     0.0685 1.0082e+01  1021.6354    20.4214    21.6243     7.5478    230.881    7.51269  229.80550    100.468 -9.990e-29
   40.89058 -9.990e-29      2.535      2.515    20.4221    31.0260      8.154     0.0685 9.9975e+00  1021.6350    20.4217    21.6242     7.5477    230.876    7.51270  229.80583    100.466 -9.990e-29
   40.89058 -9.990e-29      2.555      2.535    20.4220    31.0260      8.154     0.0685 9.9975e+00  1021.6352    20.4215    21.6242     7.5475    230.869    7.51267  229.80492    100.463 -9.990e-29
   40.89058 -9.990e-29      2.576      2.556    20.4220    31.0261      8.154     0.0685 9.6928e+00  1021.6354    20.4215    21.6242     7.5428    230.727    7.51269  229.80540    100.401 -9.990e-29
   40.89058 -9.990e-29      2.576      2.556    20.4219    31.0261      8.154     0.0685 9.4505e+00  1021.6354    20.4214    21.6242     7.5467    230.845    7.51265  229.80442    100.453 -9.990e-29
   40.89058 -9.990e-29      2.576      2.556    20.4218    31.0261      8.154     0.0819 9.4239e+00  1021.6354    20.4213    21.6242     7.5420    230.703    7.51266  229.80468    100.391 -9.990e-29
   40.89058 -9.990e-29      2.595      2.575    20.4218    31.0260      8.154     0.0685 9.5844e+00  1021.6356    20.4213    21.6242     7.5411    230.674    7.51268  229.80509    100.378 -9.990e-29
   40.89058 -9.990e-29      2.595      2.575    20.4220    31.0260      8.154     0.0685 9.7475e+00  1021.6353    20.4215    21.6242     7.5405    230.655    7.51267  229.80502    100.370 -9.990e-29
   40.89058 -9.990e-29      2.606      2.586    20.4219    31.0260      8.154     0.0685 9.7917e+00  1021.6357    20.4214    21.6242     7.5398    230.636    7.51266  229.80460    100.362 -9.990e-29
   40.89058 -9.990e-29      2.596      2.576    20.4220    31.0259      8.154     0.0685 9.9026e+00  1021.6352    20.4215    21.6241     7.5392    230.618    7.51264  229.80393    100.354 -9.990e-29
   40.89058 -9.990e-29      2.606      2.586    20.4220    31.0259      8.154     0.0685 1.0071e+01  1021.6354    20.4215    21.6241     7.5387    230.600    7.51267  229.80495    100.346 -9.990e-29
   40.89058 -9.990e-29      2.595      2.575    20.4218    31.0261      8.154     0.0685 1.0128e+01  1021.6356    20.4213    21.6243     7.5384    230.593    7.51265  229.80420    100.343 -9.990e-29
   40.89058 -9.990e-29      2.595      2.575    20.4219    31.0261      8.154     0.0819 1.0359e+01  1021.6355    20.4214    21.6243     7.5379    230.576    7.51267  229.80471    100.336 -9.990e-29
   40.89058 -9.990e-29      2.585      2.565    20.4220    31.0261      8.154     0.0685 1.0927e+01  1021.6354    20.4215    21.6243     7.5373    230.557    7.51263  229.80361    100.328 -9.990e-29
   40.89058 -9.990e-29      2.576      2.556    20.4218    31.0262      8.154     0.0685 1.1145e+01  1021.6355    20.4213    21.6244     7.5367    230.540    7.51266  229.80454    100.320 -9.990e-29
   40.89058 -9.990e-29      2.576      2.556    20.4218    31.0263      8.154     0.0685 1.0866e+01  1021.6357    20.4213    21.6244     7.5361    230.523    7.51267  229.80479    100.312 -9.990e-29
   40.89058 -9.990e-29      2.555      2.535    20.4220    31.0262      8.154     0.0819 9.9865e+00  1021.6354    20.4215    21.6243     7.5355    230.505    7.51265  229.80414    100.305 -9.990e-29
   40.89058 -9.990e-29      2.535      2.515    20.4221    31.0259      8.154     0.0819 9.6550e+00  1021.6350    20.4216    21.6241     7.5350    230.488    7.51267  229.80491    100.297 -9.990e-29
   40.89058 -9.990e-29      2.535      2.515    20.4220    31.0259      8.154     0.0819 9.7094e+00  1021.6349    20.4215    21.6241     7.5344    230.469    7.51265  229.80415    100.289 -9.990e-29
   40.89058 -9.990e-29      2.504      2.485    20.4220    31.0260      8.154     0.0819 1.0043e+01  1021.6352    20.4215    21.6242     7.5298    230.328    7.51266  229.80456    100.228 -9.990e-29
   40.89058 -9.990e-29      2.504      2.485    20.4220    31.0262      8.154     0.0685 1.0185e+01  1021.6352    20.4215    21.6244     7.5337    230.448    7.51268  229.80509    100.280 -9.990e-29
   40.89058 -9.990e-29      2.485      2.466    20.4221    31.0263      8.154     0.0685 1.0185e+01  1021.6353    20.4216    21.6244     7.5331    230.431    7.51266  229.80450    100.273 -9.990e-29
   40.89058 -9.990e-29      2.474      2.455    20.4223    31.0262      8.154     0.0685 9.9584e+00  1021.6350    20.4219    21.6243     7.5286    230.291    7.51265  229.80417    100.212 -9.990e-29
   40.89058 -9.990e-29      2.465      2.445    20.4221    31.0260      8.154     0.0819 9.8470e+00  1021.6348    20.4217    21.6241     7.5281    230.275    7.51264  229.80390    100.205 -9.990e-29
   40.89058 -9.990e-29      2.433      2.414    20.4223    31.0259      8.154     0.0819 9.8025e+00  1021.6344    20.4219    21.6240     7.5276    230.262    7.51266  229.80452    100.199 -9.990e-29
   40.89058 -9.990e-29      2.433      2.414    20.4219    31.0259      8.154     0.0685 9.9694e+00  1021.6348    20.4214    21.6240     7.5276    230.262    7.51267  229.80495    100.199 -9.990e-29
   40.89058 -9.990e-29      2.393      2.375    20.4218    31.0258      8.154     0.0685 1.0082e+01  1021.6344    20.4213    21.6240     7.5272    230.250    7.51268  229.80512    100.194 -9.990e-29
   40.89058 -9.990e-29      2.393      2.375    20.4220    31.0258      8.154     0.0685 1.0111e+01  1021.6342    20.4215    21.6240     7.5269    230.240    7.51266  229.80444    100.189 -9.990e-29
   40.89058 -9.990e-29      2.364      2.346    20.4220    31.0261      8.154     0.0685 9.7750e+00  1021.6346    20.4215    21.6242     7.5266    230.229    7.51266  229.80463    100.185 -9.990e-29
   40.89058 -9.990e-29      2.342      2.324    20.4221    31.0262      8.154     0.0685 9.4505e+00  1021.6346    20.4216    21.6243     7.5311    230.368    7.51263  229.80370    100.245 -9.990e-29
   40.89058 -9.990e-29      2.312      2.294    20.4220    31.0261      8.154     0.0685 9.3711e+00  1021.6342    20.4215    21.6242     7.5267    230.235    7.51261  229.80315    100.188 -9.990e-29
   40.89058 -9.990e-29      2.302      2.285    20.4218    31.0260      8.154     0.0685 9.8025e+00  1021.6342    20.4214    21.6242     7.5265    230.228    7.51261  229.80316    100.185 -9.990e-29
