CalculateIndicators/WaterTemperature/Data/CTD_NYOS/20240428_C19.cnv
* Sea-Bird SBE 9 Data File:
* FileName = C:\Seabird 9 CTD\Data\2024\202404_offshore\20240428_C19.hex
* Software Version Seasave V 7.23.2
* Temperature SN = 4590
* Conductivity SN = 3228
* Number of Bytes Per Scan = 44
* Number of Voltage Words = 5
* Number of Scans Averaged by the Deck Unit = 1
* NMEA Latitude = 40 39.83 N
* NMEA Longitude = 072 58.62 W
* NMEA UTC (Time) = Apr 28 2024  03:02:37
* NMEA baud rate = 4800
** Ship: Seawolf
** Station: 9.1
** Operator: TDK
# nquan = 18
# nvalues = 8467                        
# units = specified
# name 0 = latitude: Latitude [deg]
# name 1 = longitude: Longitude [deg]
# name 2 = prDM: Pressure, Digiquartz [db]
# name 3 = depSM: Depth [salt water, m]
# name 4 = t090C: Temperature [ITS-90, deg C]
# name 5 = sal00: Salinity, Practical [PSU]
# name 6 = ph: pH
# name 7 = flECO-AFL: Fluorescence, WET Labs ECO-AFL/FL [mg/m^3]
# name 8 = cpar: CPAR/Corrected Irradiance [%]
# name 9 = density00: Density [density, kg/m^3]
# name 10 = potemp090C: Potential Temperature [ITS-90, deg C]
# name 11 = sigma-é00: Density [sigma-theta, kg/m^3]
# name 12 = sbeox0Mg/L: Oxygen, SBE 43 [mg/l]
# name 13 = sbox0Mm/Kg: Oxygen, SBE 43 [umol/kg]
# name 14 = oxsolMg/L: Oxygen Saturation, Garcia & Gordon [mg/l]
# name 15 = oxsolMm/Kg: Oxygen Saturation, Garcia & Gordon [umol/kg]
# name 16 = sbeox0PS: Oxygen, SBE 43 [% saturation]
# name 17 = flag:  0.000e+00
# span 0 =   40.66398,   40.66488       
# span 1 =  -72.97710,  -72.97554       
# span 2 =      1.543,     14.488       
# span 3 =      1.531,     14.376       
# span 4 =     7.8086,     9.9115       
# span 5 =    29.6300,    30.3512       
# span 6 =      7.904,      8.049       
# span 7 =     0.3640,     1.3579       
# span 8 = 9.9999e+04, 9.9999e+04       
# span 9 =  1022.7890,  1023.7183       
# span 10 =     7.8073,     9.9111      
# span 11 =    22.7776,    23.6518      
# span 12 =     8.2440,     9.5578      
# span 13 =    251.679,    291.950      
# span 14 =    9.35406,    9.76435      
# span 15 =  285.77906,  298.08973      
# span 16 =     84.454,    102.011      
# span 17 = 0.0000e+00, 0.0000e+00      
# interval = seconds: 0.0416667
# start_time = Apr 28 2024 03:02:37 [System UTC, first data scan.]
# bad_flag = -9.990e-29
*END*
[from data line 4262]
   40.66442  -72.97626     10.061      9.983     8.2644    30.0858 -9.990e-29     0.7803 9.9999e+04  1023.4260     8.2635    23.3802     9.2526    282.549    9.67571  295.46853     95.627 -9.990e-29
   40.66442  -72.97626     10.061      9.983     8.2631    30.0867 -9.990e-29     0.7803 9.9999e+04  1023.4273     8.2621    23.3810     9.2512    282.506    9.67528  295.45589     95.617 -9.990e-29
   40.66442  -72.97626     10.075      9.997     8.2626    30.0875 -9.990e-29     0.7803 9.9999e+04  1023.4280     8.2616    23.3816     9.2497    282.460    9.67474  295.44002     95.607 -9.990e-29
   40.66442  -72.97626     10.082     10.003     8.2628    30.0880 -9.990e-29     0.7803 9.9999e+04  1023.4283     8.2618    23.3821     9.2493    282.447    9.67438  295.42943     95.606 -9.990e-29
   40.66442  -72.97626     10.082     10.003     8.2625    30.0885 -9.990e-29     0.7803 9.9999e+04  1023.4285     8.2615    23.3825     9.2427    282.249    9.67405  295.41968     95.542 -9.990e-29
   40.66442  -72.97626     10.082     10.003     8.2619    30.0893 -9.990e-29     0.7803 9.9999e+04  1023.4294     8.2610    23.3832     9.2407    282.187    9.67374  295.41032     95.524 -9.990e-29
   40.66442  -72.97626     10.071      9.993     8.2613    30.0901 -9.990e-29     0.7803 9.9999e+04  1023.4304     8.2603    23.3840     9.2458    282.342    9.67344  295.40179     95.579 -9.990e-29
   40.66442  -72.97626     10.091     10.013     8.2615    30.0906 -9.990e-29     0.7803 9.9999e+04  1023.4305     8.2605    23.3844     9.2449    282.314    9.67325  295.39613     95.571 -9.990e-29
   40.66442  -72.97626     10.091     10.013     8.2615    30.0910 -9.990e-29     0.7803 9.9999e+04  1023.4310     8.2605    23.3847     9.2386    282.123    9.67303  295.38995     95.509 -9.990e-29
   40.66442  -72.97626     10.082     10.003     8.2619    30.0914 -9.990e-29     0.7938 9.9999e+04  1023.4312     8.2610    23.3850     9.2440    282.289    9.67295  295.38789     95.565 -9.990e-29
   40.66442  -72.97626     10.091     10.013     8.2618    30.0917 -9.990e-29     0.7803 9.9999e+04  1023.4313     8.2608    23.3852     9.2432    282.265    9.67285  295.38536     95.558 -9.990e-29
   40.66442  -72.97626     10.091     10.013     8.2613    30.0921 -9.990e-29     0.7938 9.9999e+04  1023.4319     8.2603    23.3855     9.2434    282.271    9.67277  295.38316     95.561 -9.990e-29
   40.66442  -72.97626     10.091     10.013     8.2614    30.0924 -9.990e-29     0.7803 9.9999e+04  1023.4322     8.2604    23.3857     9.2426    282.248    9.67263  295.37918     95.554 -9.990e-29
   40.66442  -72.97626     10.091     10.013     8.2616    30.0924 -9.990e-29     0.7803 9.9999e+04  1023.4321     8.2606    23.3857     9.2366    282.063    9.67247  295.37457     95.493 -9.990e-29
   40.66442  -72.97626     10.105     10.027     8.2616    30.0922 -9.990e-29     0.7803 9.9999e+04  1023.4319     8.2606    23.3855     9.2420    282.231    9.67232  295.37010     95.552 -9.990e-29
   40.66442  -72.97626     10.091     10.013     8.2618    30.0919 -9.990e-29     0.7803 9.9999e+04  1023.4315     8.2608    23.3852     9.2360    282.045    9.67202  295.36144     95.492 -9.990e-29
   40.66442  -72.97626     10.091     10.013     8.2618    30.0912 -9.990e-29     0.7803 9.9999e+04  1023.4312     8.2609    23.3847     9.2354    282.027    9.67183  295.35589     95.487 -9.990e-29
   40.66442  -72.97626     10.101     10.023     8.2631    30.0901 -9.990e-29     0.7803 9.9999e+04  1023.4302     8.2621    23.3837     9.2348    282.010    9.67161  295.34925     95.484 -9.990e-29
   40.66442  -72.97626     10.091     10.013     8.2647    30.0887 -9.990e-29     0.7803 9.9999e+04  1023.4286     8.2638    23.3824     9.2343    281.994    9.67134  295.34145     95.481 -9.990e-29
   40.66442  -72.97626     10.091     10.013     8.2660    30.0874 -9.990e-29     0.7803 9.9999e+04  1023.4272     8.2651    23.3813     9.2338    281.981    9.67111  295.33452     95.479 -9.990e-29
   40.66442  -72.97626     10.091     10.013     8.2661    30.0865 -9.990e-29     0.7803 9.9999e+04  1023.4266     8.2651    23.3805     9.2387    282.131    9.67087  295.32762     95.532 -9.990e-29
   40.66442  -72.97626     10.091     10.013     8.2662    30.0862 -9.990e-29     0.7535 9.9999e+04  1023.4260     8.2652    23.3803     9.2394    282.152    9.67078  295.32493     95.539 -9.990e-29
   40.66442  -72.97626     10.082     10.003     8.2650    30.0868 -9.990e-29     0.7400 9.9999e+04  1023.4266     8.2641    23.3809     9.2410    282.201    9.67073  295.32341     95.557 -9.990e-29
   40.66442  -72.97626     10.082     10.003     8.2626    30.0879 -9.990e-29     0.7400 9.9999e+04  1023.4286     8.2616    23.3819     9.2357    282.039    9.67073  295.32371     95.502 -9.990e-29
   40.66442  -72.97626     10.082     10.003     8.2618    30.0883 -9.990e-29     0.7400 9.9999e+04  1023.4295     8.2609    23.3823     9.2420    282.230    9.67072  295.32351     95.566 -9.990e-29
   40.66442  -72.97626     10.084     10.006     8.2634    30.0875 -9.990e-29     0.7400 9.9999e+04  1023.4277     8.2625    23.3817     9.2367    282.069    9.67066  295.32112     95.513 -9.990e-29
   40.66442  -72.97626     10.071      9.993     8.2647    30.0870 -9.990e-29     0.7400 9.9999e+04  1023.4263     8.2638    23.3812     9.2369    282.074    9.67064  295.32001     95.515 -9.990e-29
   40.66442  -72.97626     10.061      9.983     8.2628    30.0879 -9.990e-29     0.7400 9.9999e+04  1023.4279     8.2618    23.3820     9.2374    282.088    9.67086  295.32638     95.517 -9.990e-29
   40.66442  -72.97626     10.061      9.983     8.2607    30.0896 -9.990e-29     0.7400 9.9999e+04  1023.4297     8.2598    23.3836     9.2442    282.298    9.67121  295.33657     95.585 -9.990e-29
   40.66442  -72.97626     10.061      9.983     8.2590    30.0915 -9.990e-29     0.7400 9.9999e+04  1023.4315     8.2580    23.3853     9.2457    282.343    9.67148  295.34432     95.598 -9.990e-29
   40.66442  -72.97626     10.050      9.972     8.2582    30.0931 -9.990e-29     0.7400 9.9999e+04  1023.4331     8.2572    23.3867     9.2465    282.366    9.67182  295.35450     95.602 -9.990e-29
   40.66442  -72.97626     10.050      9.972     8.2580    30.0942 -9.990e-29     0.7400 9.9999e+04  1023.4339     8.2571    23.3876     9.2482    282.417    9.67225  295.36701     95.616 -9.990e-29
   40.66442  -72.97626     10.040      9.963     8.2589    30.0945 -9.990e-29     0.7535 9.9999e+04  1023.4342     8.2580    23.3877     9.2499    282.469    9.67264  295.37829     95.630 -9.990e-29
   40.66442  -72.97626     10.020      9.942     8.2603    30.0938 -9.990e-29     0.7400 9.9999e+04  1023.4335     8.2593    23.3870     9.2505    282.487    9.67280  295.38294     95.634 -9.990e-29
   40.66442  -72.97626     10.031      9.953     8.2628    30.0921 -9.990e-29     0.7400 9.9999e+04  1023.4314     8.2618    23.3853     9.2522    282.539    9.67313  295.39278     95.648 -9.990e-29
   40.66442  -72.97626     10.020      9.942     8.2652    30.0897 -9.990e-29     0.7535 9.9999e+04  1023.4291     8.2642    23.3830     9.2534    282.574    9.67378  295.41187     95.654 -9.990e-29
   40.66442  -72.97626     10.003      9.926     8.2690    30.0871 -9.990e-29     0.7400 9.9999e+04  1023.4261     8.2681    23.3805     9.2553    282.633    9.67433  295.42803     95.669 -9.990e-29
   40.66442  -72.97626     10.000      9.923     8.2722    30.0848 -9.990e-29     0.7400 9.9999e+04  1023.4240     8.2713    23.3782     9.2562    282.661    9.67471  295.43943     95.675 -9.990e-29
   40.66442  -72.97626     10.000      9.923     8.2755    30.0827 -9.990e-29     0.7400 9.9999e+04  1023.4219     8.2746    23.3761     9.2571    282.686    9.67501  295.44803     95.680 -9.990e-29
   40.66442  -72.97626      9.980      9.902     8.2783    30.0805 -9.990e-29     0.7400 9.9999e+04  1023.4200     8.2773    23.3741     9.2641    282.900    9.67535  295.45753     95.750 -9.990e-29
   40.66442  -72.97626      9.980      9.902     8.2807    30.0782 -9.990e-29     0.7400 9.9999e+04  1023.4175     8.2797    23.3720     9.2657    282.947    9.67554  295.46322     95.764 -9.990e-29
   40.66442  -72.97626      9.959      9.882     8.2819    30.0761 -9.990e-29     0.7400 9.9999e+04  1023.4157     8.2810    23.3702     9.2609    282.802    9.67568  295.46698     95.714 -9.990e-29
   40.66442  -72.97626      9.959      9.882     8.2827    30.0743 -9.990e-29     0.7400 9.9999e+04  1023.4143     8.2818    23.3686     9.2615    282.820    9.67581  295.47111     95.718 -9.990e-29
   40.66442  -72.97626      9.950      9.872     8.2833    30.0724 -9.990e-29     0.7400 9.9999e+04  1023.4127     8.2824    23.3670     9.2620    282.835    9.67587  295.47299     95.723 -9.990e-29
   40.66442  -72.97626      9.939      9.862     8.2839    30.0704 -9.990e-29     0.7400 9.9999e+04  1023.4110     8.2829    23.3653     9.2626    282.851    9.67598  295.47602     95.727 -9.990e-29
   40.66442  -72.97626      9.929      9.852     8.2850    30.0684 -9.990e-29     0.7266 9.9999e+04  1023.4090     8.2840    23.3635     9.2692    283.055    9.67604  295.47777     95.796 -9.990e-29
   40.66442  -72.97626      9.933      9.856     8.2870    30.0664 -9.990e-29     0.7132 9.9999e+04  1023.4071     8.2861    23.3617     9.2696    283.065    9.67599  295.47599     95.800 -9.990e-29
   40.66442  -72.97626      9.908      9.832     8.2899    30.0647 -9.990e-29     0.7132 9.9999e+04  1023.4054     8.2890    23.3600     9.2707    283.099    9.67595  295.47451     95.812 -9.990e-29
   40.66442  -72.97626      9.899      9.822     8.2927    30.0631 -9.990e-29     0.7132 9.9999e+04  1023.4039     8.2917    23.3584     9.2719    283.136    9.67600  295.47604     95.824 -9.990e-29
   40.66442  -72.97626      9.899      9.822     8.2952    30.0613 -9.990e-29     0.7132 9.9999e+04  1023.4021     8.2942    23.3566     9.2730    283.171    9.67605  295.47761     95.835 -9.990e-29
   40.66442  -72.97626      9.889      9.812     8.2984    30.0592 -9.990e-29     0.7132 9.9999e+04  1023.3996     8.2975    23.3546     9.2741    283.202    9.67600  295.47608     95.846 -9.990e-29
   40.66442  -72.97626      9.878      9.801     8.3005    30.0576 -9.990e-29     0.7132 9.9999e+04  1023.3979     8.2996    23.3530     9.2813    283.423    9.67603  295.47680     95.920 -9.990e-29
   40.66442  -72.97626      9.878      9.801     8.3022    30.0567 -9.990e-29     0.7266 9.9999e+04  1023.3973     8.3012    23.3520     9.2770    283.290    9.67603  295.47701     95.876 -9.990e-29
   40.66442  -72.97626      9.868      9.792     8.3038    30.0557 -9.990e-29     0.7132 9.9999e+04  1023.3964     8.3029    23.3510     9.2770    283.293    9.67609  295.47888     95.876 -9.990e-29
   40.66442  -72.97626      9.841      9.765     8.3056    30.0546 -9.990e-29     0.7132 9.9999e+04  1023.3949     8.3046    23.3499     9.2771    283.295    9.67619  295.48207     95.876 -9.990e-29
   40.66442  -72.97626      9.868      9.792     8.3068    30.0533 -9.990e-29     0.7132 9.9999e+04  1023.3940     8.3058    23.3487     9.2780    283.323    9.67629  295.48527     95.884 -9.990e-29
   40.66442  -72.97626      9.848      9.771     8.3082    30.0518 -9.990e-29     0.7132 9.9999e+04  1023.3926     8.3072    23.3474     9.2788    283.349    9.67640  295.48866     95.892 -9.990e-29
   40.66442  -72.97626      9.848      9.771     8.3091    30.0502 -9.990e-29     0.7266 9.9999e+04  1023.3910     8.3081    23.3459     9.2788    283.347    9.67652  295.49245     95.890 -9.990e-29
   40.66442  -72.97626      9.827      9.751     8.3100    30.0486 -9.990e-29     0.7132 9.9999e+04  1023.3894     8.3091    23.3445     9.2796    283.371    9.67665  295.49627     95.897 -9.990e-29
   40.66442  -72.97626      9.838      9.762     8.3108    30.0472 -9.990e-29     0.7132 9.9999e+04  1023.3883     8.3098    23.3433     9.2803    283.391    9.67672  295.49841     95.903 -9.990e-29
   40.66442  -72.97626      9.838      9.762     8.3117    30.0461 -9.990e-29     0.7132 9.9999e+04  1023.3875     8.3107    23.3423     9.2808    283.407    9.67666  295.49648     95.909 -9.990e-29
   40.66442  -72.97626      9.827      9.751     8.3127    30.0450 -9.990e-29     0.7132 9.9999e+04  1023.3864     8.3118    23.3413     9.2873    283.607    9.67655  295.49318     95.978 -9.990e-29
   40.66442  -72.97626      9.827      9.751     8.3138    30.0439 -9.990e-29     0.7132 9.9999e+04  1023.3852     8.3129    23.3402     9.2814    283.425    9.67634  295.48679     95.918 -9.990e-29
   40.66442  -72.97626      9.822      9.746     8.3154    30.0429 -9.990e-29     0.7266 9.9999e+04  1023.3842     8.3145    23.3393     9.2876    283.616    9.67607  295.47898     95.985 -9.990e-29
   40.66442  -72.97626      9.827      9.751     8.3165    30.0421 -9.990e-29     0.7132 9.9999e+04  1023.3835     8.3156    23.3385     9.2876    283.616    9.67578  295.47031     95.988 -9.990e-29
   40.66442  -72.97626      9.827      9.751     8.3177    30.0412 -9.990e-29     0.7132 9.9999e+04  1023.3828     8.3168    23.3376     9.2875    283.613    9.67553  295.46300     95.989 -9.990e-29
   40.66442  -72.97626      9.827      9.751     8.3192    30.0402 -9.990e-29     0.7132 9.9999e+04  1023.3817     8.3183    23.3367     9.2871    283.603    9.67518  295.45269     95.989 -9.990e-29
   40.66442  -72.97626      9.827      9.751     8.3207    30.0392 -9.990e-29     0.7132 9.9999e+04  1023.3806     8.3198    23.3357     9.2867    283.590    9.67480  295.44152     95.989 -9.990e-29
   40.66442  -72.97626      9.827      9.751     8.3220    30.0384 -9.990e-29     0.7132 9.9999e+04  1023.3796     8.3211    23.3349     9.2799    283.383    9.67436  295.42839     95.923 -9.990e-29
   40.66442  -72.97626      9.838      9.762     8.3225    30.0379 -9.990e-29     0.6998 9.9999e+04  1023.3796     8.3215    23.3345     9.2855    283.554    9.67400  295.41777     95.984 -9.990e-29
   40.66442  -72.97626      9.838      9.762     8.3228    30.0374 -9.990e-29     0.6729 9.9999e+04  1023.3792     8.3219    23.3340     9.2857    283.560    9.67362  295.40656     95.990 -9.990e-29
   40.66442  -72.97626      9.831      9.755     8.3231    30.0370 -9.990e-29     0.6729 9.9999e+04  1023.3783     8.3222    23.3336     9.2858    283.563    9.67323  295.39502     95.994 -9.990e-29
   40.66442  -72.97626      9.857      9.781     8.3232    30.0372 -9.990e-29     0.6729 9.9999e+04  1023.3784     8.3222    23.3337     9.2849    283.536    9.67283  295.38286     95.989 -9.990e-29
   40.66442  -72.97626      9.848      9.771     8.3231    30.0383 -9.990e-29     0.6729 9.9999e+04  1023.3793     8.3222    23.3347     9.2847    283.530    9.67228  295.36656     95.993 -9.990e-29
   40.66442  -72.97626      9.848      9.771     8.3225    30.0402 -9.990e-29     0.6729 9.9999e+04  1023.3814     8.3215    23.3363     9.2835    283.494    9.67178  295.35212     95.985 -9.990e-29
   40.66442  -72.97626      9.848      9.771     8.3209    30.0420 -9.990e-29     0.6729 9.9999e+04  1023.3831     8.3199    23.3379     9.2825    283.465    9.67154  295.34547     95.977 -9.990e-29
   40.66442  -72.97626      9.868      9.792     8.3189    30.0436 -9.990e-29     0.6729 9.9999e+04  1023.3847     8.3179    23.3394     9.2816    283.437    9.67143  295.34220     95.969 -9.990e-29
   40.66442  -72.97626      9.868      9.792     8.3173    30.0450 -9.990e-29     0.6729 9.9999e+04  1023.3859     8.3164    23.3408     9.2814    283.433    9.67137  295.34073     95.968 -9.990e-29
   40.66442  -72.97626      9.878      9.801     8.3153    30.0465 -9.990e-29     0.6729 9.9999e+04  1023.3874     8.3144    23.3421     9.2811    283.424    9.67121  295.33610     95.967 -9.990e-29
