CalculateIndicators/WaterTemperature/Data/CTD_NYOS/20240428_C21.cnv
* Sea-Bird SBE 9 Data File:
* FileName = C:\Seabird 9 CTD\Data\2024\202404_offshore\20240428_C21.hex
* Software Version Seasave V 7.23.2
* Temperature SN = 4590
* Conductivity SN = 3228
* Number of Bytes Per Scan = 44
* Number of Voltage Words = 5
* Number of Scans Averaged by the Deck Unit = 1
* NMEA Latitude = 40 33.26 N
* NMEA Longitude = 072 27.12 W
* NMEA UTC (Time) = Apr 28 2024  08:17:26
* NMEA baud rate = 4800
** Ship: Seawolf
** Station: 10.2
** Operator: TDK
# nquan = 18
# nvalues = 13598                       
# units = specified
# name 0 = latitude: Latitude [deg]
# name 1 = longitude: Longitude [deg]
# name 2 = prDM: Pressure, Digiquartz [db]
# name 3 = depSM: Depth [salt water, m]
# name 4 = t090C: Temperature [ITS-90, deg C]
# name 5 = sal00: Salinity, Practical [PSU]
# name 6 = ph: pH
# name 7 = flECO-AFL: Fluorescence, WET Labs ECO-AFL/FL [mg/m^3]
# name 8 = cpar: CPAR/Corrected Irradiance [%]
# name 9 = density00: Density [density, kg/m^3]
# name 10 = potemp090C: Potential Temperature [ITS-90, deg C]
# name 11 = sigma-é00: Density [sigma-theta, kg/m^3]
# name 12 = sbeox0Mg/L: Oxygen, SBE 43 [mg/l]
# name 13 = sbox0Mm/Kg: Oxygen, SBE 43 [umol/kg]
# name 14 = oxsolMg/L: Oxygen Saturation, Garcia & Gordon [mg/l]
# name 15 = oxsolMm/Kg: Oxygen Saturation, Garcia & Gordon [umol/kg]
# name 16 = sbeox0PS: Oxygen, SBE 43 [% saturation]
# name 17 = flag:  0.000e+00
# span 0 =   40.55426,   40.55448       
# span 1 =  -72.45314,  -72.45214       
# span 2 =      1.598,     39.936       
# span 3 =      1.586,     39.624       
# span 4 =     5.9059,     8.9619       
# span 5 =    29.2287,    31.7943       
# span 6 =      7.886,      8.078       
# span 7 =     0.0819,     3.8158       
# span 8 = 9.9999e+04, 9.9999e+04       
# span 9 =  1022.6183,  1025.1878       
# span 10 =     5.9039,     8.9617      
# span 11 =    22.6090,    25.0047      
# span 12 =     8.6874,    10.5499      
# span 13 =    264.865,    321.785      
# span 14 =    9.56068,   10.12397      
# span 15 =  291.76371,  308.70924      
# span 16 =     86.393,    108.361      
# span 17 = 0.0000e+00, 0.0000e+00      
# interval = seconds: 0.0416667
# start_time = Apr 28 2024 08:17:26 [System UTC, first data scan.]
# bad_flag = -9.990e-29
*END*
[from data line 6915]
   40.55438  -72.45264     25.618     25.419     5.9207    31.5548      7.901     0.7803 9.9999e+04  1024.9595     5.9187    24.8408     8.8094    268.626   10.11776  308.52299     87.068 -9.990e-29
   40.55438  -72.45264     25.597     25.398     5.9223    31.5546      7.901     0.7803 9.9999e+04  1024.9586     5.9203    24.8405     8.8092    268.622   10.11806  308.53192     87.065 -9.990e-29
   40.55438  -72.45264     25.586     25.387     5.9237    31.5549      7.901     0.7803 9.9999e+04  1024.9587     5.9217    24.8406     8.8092    268.621   10.11826  308.53856     87.062 -9.990e-29
   40.55438  -72.45264     25.582     25.383     5.9251    31.5556      7.901     0.7803 9.9999e+04  1024.9596     5.9231    24.8410     8.8094    268.627   10.11858  308.54826     87.062 -9.990e-29
   40.55438  -72.45264     25.567     25.368     5.9267    31.5558      7.901     0.7803 9.9999e+04  1024.9600     5.9247    24.8409     8.8087    268.607   10.11889  308.55754     87.052 -9.990e-29
   40.55438  -72.45264     25.556     25.357     5.9297    31.5547      7.901     0.7803 9.9999e+04  1024.9580     5.9277    24.8398     8.8091    268.618   10.11905  308.56222     87.055 -9.990e-29
   40.55438  -72.45264     25.541     25.342     5.9314    31.5530      7.901     0.7803 9.9999e+04  1024.9562     5.9294    24.8383     8.8107    268.666   10.11921  308.56662     87.069 -9.990e-29
   40.55438  -72.45264     25.526     25.327     5.9328    31.5518      7.901     0.7803 9.9999e+04  1024.9546     5.9308    24.8372     8.8179    268.887   10.11924  308.56765     87.140 -9.990e-29
   40.55438  -72.45264     25.516     25.318     5.9330    31.5513      7.901     0.7803 9.9999e+04  1024.9546     5.9310    24.8368     8.8131    268.738   10.11925  308.56795     87.092 -9.990e-29
   40.55438  -72.45264     25.505     25.307     5.9338    31.5513      7.896     0.7803 9.9999e+04  1024.9549     5.9318    24.8366     8.8140    268.765   10.11927  308.56857     87.101 -9.990e-29
   40.55438  -72.45264     25.490     25.292     5.9349    31.5510      7.901     0.7803 9.9999e+04  1024.9541     5.9329    24.8362     8.8152    268.803   10.11944  308.57399     87.111 -9.990e-29
   40.55438  -72.45264     25.486     25.288     5.9356    31.5503      7.901     0.7803 9.9999e+04  1024.9537     5.9336    24.8356     8.8166    268.845   10.11963  308.57953     87.123 -9.990e-29
   40.55438  -72.45264     25.465     25.267     5.9368    31.5495      7.896     0.7803 9.9999e+04  1024.9525     5.9348    24.8349     8.8170    268.859   10.11976  308.58353     87.127 -9.990e-29
   40.55438  -72.45264     25.465     25.267     5.9372    31.5489      7.901     0.7132 9.9999e+04  1024.9520     5.9352    24.8343     8.8176    268.878   10.11991  308.58780     87.132 -9.990e-29
   40.55438  -72.45264     25.450     25.252     5.9376    31.5485      7.896     0.6460 9.9999e+04  1024.9516     5.9356    24.8339     8.8128    268.730   10.12004  308.59138     87.083 -9.990e-29
   40.55438  -72.45264     25.435     25.237     5.9380    31.5483      7.901     0.6326 9.9999e+04  1024.9513     5.9360    24.8337     8.8191    268.921   10.11993  308.58791     87.146 -9.990e-29
   40.55438  -72.45264     25.424     25.226     5.9386    31.5481      7.896     0.6326 9.9999e+04  1024.9511     5.9366    24.8335     8.8199    268.947   10.11987  308.58624     87.155 -9.990e-29
   40.55438  -72.45264     25.424     25.226     5.9389    31.5479      7.901     0.6460 9.9999e+04  1024.9508     5.9369    24.8333     8.8209    268.975   10.11974  308.58226     87.165 -9.990e-29
   40.55438  -72.45264     25.409     25.211     5.9391    31.5478      7.896     0.6460 9.9999e+04  1024.9507     5.9371    24.8332     8.8219    269.006   10.11960  308.57804     87.176 -9.990e-29
   40.55438  -72.45264     25.404     25.207     5.9391    31.5479      7.896     0.6460 9.9999e+04  1024.9507     5.9371    24.8332     8.8231    269.045   10.11956  308.57661     87.189 -9.990e-29
   40.55438  -72.45264     25.393     25.196     5.9394    31.5481      7.896     0.6460 9.9999e+04  1024.9507     5.9374    24.8334     8.8243    269.081   10.11933  308.56982     87.203 -9.990e-29
   40.55438  -72.45264     25.399     25.202     5.9392    31.5483      7.896     0.6460 9.9999e+04  1024.9514     5.9372    24.8336     8.8257    269.123   10.11914  308.56338     87.218 -9.990e-29
   40.55438  -72.45264     25.373     25.176     5.9399    31.5482      7.896     0.6460 9.9999e+04  1024.9507     5.9379    24.8335     8.8270    269.163   10.11881  308.55316     87.234 -9.990e-29
   40.55438  -72.45264     25.384     25.186     5.9399    31.5481      7.896     0.6460 9.9999e+04  1024.9507     5.9379    24.8334     8.8274    269.173   10.11835  308.53901     87.241 -9.990e-29
   40.55438  -72.45264     25.363     25.166     5.9402    31.5481      7.896     0.6460 9.9999e+04  1024.9505     5.9382    24.8334     8.8288    269.216   10.11789  308.52517     87.259 -9.990e-29
   40.55438  -72.45264     25.369     25.171     5.9405    31.5482      7.896     0.6460 9.9999e+04  1024.9509     5.9385    24.8334     8.8293    269.232   10.11746  308.51259     87.268 -9.990e-29
   40.55438  -72.45264     25.373     25.176     5.9412    31.5481      7.896     0.6326 9.9999e+04  1024.9505     5.9392    24.8332     8.8236    269.058   10.11730  308.50789     87.213 -9.990e-29
   40.55438  -72.45264     25.363     25.166     5.9418    31.5478      7.896     0.6460 9.9999e+04  1024.9503     5.9398    24.8329     8.8310    269.286   10.11695  308.49681     87.290 -9.990e-29
   40.55438  -72.45264     25.358     25.161     5.9421    31.5473      7.896     0.6460 9.9999e+04  1024.9498     5.9401    24.8324     8.8319    269.310   10.11647  308.48168     87.302 -9.990e-29
   40.55438  -72.45264     25.363     25.166     5.9427    31.5467      7.896     0.6460 9.9999e+04  1024.9489     5.9407    24.8319     8.8326    269.334   10.11587  308.46381     87.315 -9.990e-29
   40.55438  -72.45264     25.363     25.166     5.9428    31.5465      7.896     0.6460 9.9999e+04  1024.9490     5.9408    24.8317     8.8335    269.361   10.11528  308.44664     87.328 -9.990e-29
   40.55438  -72.45264     25.353     25.156     5.9424    31.5467      7.896     0.6460 9.9999e+04  1024.9491     5.9404    24.8319     8.8336    269.365   10.11492  308.43605     87.333 -9.990e-29
   40.55438  -72.45264     25.369     25.171     5.9422    31.5471      7.901     0.6326 9.9999e+04  1024.9498     5.9402    24.8323     8.8338    269.371   10.11457  308.42530     87.337 -9.990e-29
   40.55438  -72.45264     25.353     25.156     5.9418    31.5475      7.896     0.6326 9.9999e+04  1024.9500     5.9399    24.8326     8.8341    269.380   10.11429  308.41659     87.343 -9.990e-29
   40.55438  -72.45264     25.363     25.166     5.9417    31.5475      7.896     0.6326 9.9999e+04  1024.9501     5.9397    24.8327     8.8288    269.217   10.11387  308.40321     87.294 -9.990e-29
   40.55438  -72.45264     25.378     25.181     5.9418    31.5475      7.896     0.6460 9.9999e+04  1024.9499     5.9398    24.8327     8.8357    269.429   10.11340  308.38819     87.367 -9.990e-29
   40.55438  -72.45264     25.363     25.166     5.9417    31.5477      7.896     0.6460 9.9999e+04  1024.9502     5.9397    24.8328     8.8293    269.231   10.11270  308.36633     87.309 -9.990e-29
   40.55438  -72.45264     25.363     25.166     5.9420    31.5477      7.896     0.8475 9.9999e+04  1024.9503     5.9400    24.8328     8.8350    269.407   10.11196  308.34434     87.372 -9.990e-29
   40.55438  -72.45264     25.373     25.176     5.9422    31.5473      7.896     1.2907 9.9999e+04  1024.9500     5.9402    24.8325     8.8366    269.456   10.11155  308.33265     87.391 -9.990e-29
   40.55438  -72.45264     25.378     25.181     5.9420    31.5466      7.896     1.4385 9.9999e+04  1024.9492     5.9400    24.8319     8.8373    269.476   10.11118  308.32217     87.401 -9.990e-29
   40.55438  -72.45266     25.373     25.176     5.9418    31.5459      7.896     1.4250 9.9999e+04  1024.9486     5.9398    24.8314     8.8381    269.502   10.11093  308.31497     87.411 -9.990e-29
   40.55438  -72.45266     25.373     25.176     5.9412    31.5457      7.896     1.3982 9.9999e+04  1024.9483     5.9392    24.8312     8.8315    269.301   10.11085  308.31261     87.347 -9.990e-29
   40.55438  -72.45266     25.384     25.186     5.9403    31.5457      7.896     1.3847 9.9999e+04  1024.9490     5.9384    24.8313     8.8372    269.474   10.11082  308.31205     87.403 -9.990e-29
   40.55438  -72.45266     25.378     25.181     5.9403    31.5455      7.896     1.3982 9.9999e+04  1024.9489     5.9383    24.8312     8.8383    269.509   10.11079  308.31122     87.415 -9.990e-29
   40.55438  -72.45266     25.384     25.186     5.9398    31.5448      7.896     1.3847 9.9999e+04  1024.9481     5.9378    24.8308     8.8385    269.514   10.11079  308.31122     87.416 -9.990e-29
   40.55438  -72.45266     25.393     25.196     5.9391    31.5443      7.896     1.3982 9.9999e+04  1024.9474     5.9371    24.8305     8.8385    269.515   10.11064  308.30615     87.418 -9.990e-29
   40.55438  -72.45266     25.388     25.191     5.9380    31.5445      7.896     1.3982 9.9999e+04  1024.9479     5.9360    24.8308     8.8385    269.513   10.11040  308.29843     87.419 -9.990e-29
   40.55438  -72.45266     25.384     25.186     5.9361    31.5452      7.896     1.3982 9.9999e+04  1024.9490     5.9341    24.8314     8.8383    269.507   10.11005  308.28752     87.421 -9.990e-29
   40.55438  -72.45266     25.384     25.186     5.9347    31.5458      7.896     1.3982 9.9999e+04  1024.9497     5.9328    24.8321     8.8381    269.502   10.10969  308.27660     87.422 -9.990e-29
   40.55438  -72.45266     25.384     25.186     5.9333    31.5459      7.896     1.3982 9.9999e+04  1024.9504     5.9313    24.8323     8.8379    269.496   10.10932  308.26578     87.423 -9.990e-29
   40.55438  -72.45266     25.388     25.191     5.9328    31.5454      7.896     1.3982 9.9999e+04  1024.9493     5.9308    24.8321     8.8377    269.489   10.10893  308.25429     87.424 -9.990e-29
   40.55438  -72.45266     25.393     25.196     5.9317    31.5451      7.896     1.3982 9.9999e+04  1024.9489     5.9297    24.8320     8.8375    269.485   10.10863  308.24516     87.426 -9.990e-29
   40.55438  -72.45266     25.384     25.186     5.9301    31.5456      7.896     1.3847 9.9999e+04  1024.9500     5.9281    24.8326     8.8375    269.484   10.10840  308.23811     87.427 -9.990e-29
   40.55438  -72.45266     25.388     25.191     5.9291    31.5465      7.896     1.3982 9.9999e+04  1024.9508     5.9272    24.8333     8.8440    269.683   10.10816  308.23104     87.494 -9.990e-29
   40.55438  -72.45266     25.363     25.166     5.9283    31.5471      7.896     1.3982 9.9999e+04  1024.9514     5.9263    24.8339     8.8388    269.524   10.10841  308.24038     87.440 -9.990e-29
   40.55438  -72.45266     25.384     25.186     5.9280    31.5476      7.896     1.3982 9.9999e+04  1024.9519     5.9260    24.8343     8.8395    269.550   10.10913  308.26453     87.441 -9.990e-29
   40.55438  -72.45266     25.373     25.175     5.9280    31.5476      7.896     1.3982 9.9999e+04  1024.9518     5.9260    24.8343     8.8416    269.613   10.11002  308.29239     87.454 -9.990e-29
   40.55438  -72.45266     25.369     25.171     5.9280    31.5473      7.896     1.3982 9.9999e+04  1024.9515     5.9260    24.8342     8.8427    269.647   10.11096  308.32095     87.457 -9.990e-29
   40.55438  -72.45266     25.363     25.166     5.9274    31.5470      7.896     1.3982 9.9999e+04  1024.9511     5.9254    24.8339     8.8437    269.678   10.11179  308.34620     87.459 -9.990e-29
   40.55438  -72.45266     25.353     25.156     5.9267    31.5468      7.896     1.3982 9.9999e+04  1024.9511     5.9247    24.8339     8.8448    269.709   10.11267  308.37296     87.462 -9.990e-29
   40.55438  -72.45266     25.342     25.145     5.9262    31.5471      7.896     1.3982 9.9999e+04  1024.9509     5.9242    24.8342     8.8458    269.742   10.11355  308.39954     87.465 -9.990e-29
   40.55438  -72.45266     25.348     25.151     5.9251    31.5481      7.896     1.3444 9.9999e+04  1024.9524     5.9231    24.8350     8.8470    269.777   10.11452  308.42868     87.468 -9.990e-29
   40.55438  -72.45266     25.333     25.136     5.9242    31.5491      7.896     0.8206 9.9999e+04  1024.9535     5.9222    24.8358     8.8481    269.810   10.11542  308.45563     87.471 -9.990e-29
   40.55438  -72.45266     25.323     25.126     5.9246    31.5496      7.896     0.5654 9.9999e+04  1024.9535     5.9226    24.8363     8.8482    269.814   10.11641  308.48538     87.464 -9.990e-29
   40.55438  -72.45266     25.318     25.121     5.9248    31.5497      7.896     0.5386 9.9999e+04  1024.9536     5.9228    24.8364     8.8492    269.843   10.11721  308.50892     87.467 -9.990e-29
   40.55438  -72.45266     25.312     25.115     5.9254    31.5497      7.896     0.5654 9.9999e+04  1024.9534     5.9234    24.8363     8.8501    269.868   10.11791  308.52957     87.469 -9.990e-29
   40.55438  -72.45266     25.291     25.095     5.9260    31.5498      7.896     0.5789 9.9999e+04  1024.9532     5.9240    24.8363     8.8507    269.889   10.11844  308.54527     87.471 -9.990e-29
   40.55438  -72.45266     25.286     25.089     5.9261    31.5500      7.896     0.5789 9.9999e+04  1024.9534     5.9241    24.8364     8.8515    269.913   10.11907  308.56432     87.474 -9.990e-29
   40.55438  -72.45266     25.272     25.076     5.9270    31.5506      7.896     0.5789 9.9999e+04  1024.9532     5.9250    24.8368     8.8588    270.134   10.11959  308.57989     87.541 -9.990e-29
   40.55438  -72.45266     25.272     25.076     5.9273    31.5517      7.896     0.5789 9.9999e+04  1024.9546     5.9253    24.8376     8.8603    270.181   10.11998  308.59136     87.553 -9.990e-29
   40.55438  -72.45266     25.242     25.046     5.9283    31.5528      7.896     0.5789 9.9999e+04  1024.9555     5.9263    24.8383     8.8615    270.215   10.12005  308.59237     87.564 -9.990e-29
   40.55438  -72.45266     25.246     25.050     5.9301    31.5532      7.896     0.5789 9.9999e+04  1024.9556     5.9281    24.8384     8.8624    270.243   10.11993  308.58821     87.574 -9.990e-29
   40.55438  -72.45266     25.231     25.035     5.9322    31.5528      7.896     0.5789 9.9999e+04  1024.9549     5.9302    24.8379     8.8637    270.282   10.12023  308.59827     87.584 -9.990e-29
   40.55438  -72.45266     25.210     25.014     5.9344    31.5521      7.896     0.5789 9.9999e+04  1024.9533     5.9324    24.8372     8.8587    270.130   10.12089  308.61917     87.529 -9.990e-29
   40.55438  -72.45266     25.195     24.999     5.9351    31.5521      7.896     0.5789 9.9999e+04  1024.9531     5.9331    24.8370     8.8593    270.147   10.12152  308.63812     87.529 -9.990e-29
   40.55438  -72.45266     25.191     24.995     5.9362    31.5530      7.896     0.5789 9.9999e+04  1024.9540     5.9342    24.8376     8.8587    270.130   10.12205  308.65355     87.519 -9.990e-29
   40.55438  -72.45266     25.180     24.984     5.9376    31.5537      7.896     0.5789 9.9999e+04  1024.9554     5.9357    24.8379     8.8590    270.140   10.12249  308.66649     87.518 -9.990e-29
   40.55438  -72.45266     25.161     24.965     5.9405    31.5530      7.896     0.5789 9.9999e+04  1024.9539     5.9386    24.8371     8.8659    270.349   10.12282  308.67606     87.583 -9.990e-29
   40.55438  -72.45266     25.144     24.949     5.9437    31.5514      7.896     0.5789 9.9999e+04  1024.9514     5.9417    24.8355     8.8604    270.181   10.12306  308.68259     87.527 -9.990e-29
