CalculateIndicators/WaterTemperature/Data/CTD_NYOS/20240914_C25.cnv
* Sea-Bird SBE 9 Data File:
* FileName = C:\Seabird 9 CTD\Data\2024\202409_offshore\20240914_C25.hex
* Software Version Seasave V 7.23.2
* Temperature SN = 4590
* Conductivity SN = 3228
* Number of Bytes Per Scan = 44
* Number of Voltage Words = 5
* Number of Scans Averaged by the Deck Unit = 1
* NMEA Latitude = 39 56.45 N
* NMEA Longitude = 072 02.07 W
* NMEA UTC (Time) = Sep 14 2024  10:34:52
* NMEA baud rate = 4800
** Ship: Seawolf
** Station: 10.5
** Operator: TDK
# nquan = 18
# nvalues = 20276                       
# units = specified
# name 0 = latitude: Latitude [deg]
# name 1 = longitude: Longitude [deg]
# name 2 = prDM: Pressure, Digiquartz [db]
# name 3 = depSM: Depth [salt water, m]
# name 4 = t090C: Temperature [ITS-90, deg C]
# name 5 = sal00: Salinity, Practical [PSU]
# name 6 = ph: pH
# name 7 = flECO-AFL: Fluorescence, WET Labs ECO-AFL/FL [mg/m^3]
# name 8 = cpar: CPAR/Corrected Irradiance [%]
# name 9 = density00: Density [density, kg/m^3]
# name 10 = potemp090C: Potential Temperature [ITS-90, deg C]
# name 11 = sigma-é00: Density [sigma-theta, kg/m^3]
# name 12 = sbeox0Mg/L: Oxygen, SBE 43 [mg/l]
# name 13 = sbox0Mm/Kg: Oxygen, SBE 43 [umol/kg]
# name 14 = oxsolMg/L: Oxygen Saturation, Garcia & Gordon [mg/l]
# name 15 = oxsolMm/Kg: Oxygen Saturation, Garcia & Gordon [umol/kg]
# name 16 = sbeox0PS: Oxygen, SBE 43 [% saturation]
# name 17 = flag:  0.000e+00
# span 0 =   39.93896,   39.94086       
# span 1 =  -72.03808,  -72.03462       
# span 2 =      1.444,     85.370       
# span 3 =      1.433,     84.699       
# span 4 =    11.6253,    21.8264       
# span 5 =    32.9418,    34.1995       
# span 6 =      7.957,      8.220       
# span 7 =    -0.0524,     0.9684       
# span 8 = 1.0128e-12, 3.8621e+01       
# span 9 =  1022.8939,  1026.4192       
# span 10 =    11.6146,    21.8221      
# span 11 =    22.8934,    26.0383      
# span 12 =     5.9679,     8.5268      
# span 13 =    181.767,    260.143      
# span 14 =    7.21361,    8.77162      
# span 15 =  220.31402,  267.26606      
# span 16 =     68.121,    106.656      
# span 17 = 0.0000e+00, 0.0000e+00      
# interval = seconds: 0.0416667
# start_time = Sep 14 2024 10:34:53 [System UTC, first data scan.]
# bad_flag = -9.990e-29
*END*
[from data line 8362]
   39.94012  -72.03608     76.016     75.420    11.6368    34.1956 -9.990e-29    -0.0389 1.2660e-12  1026.3744    11.6272    26.0344     5.9948    182.585    8.75865  266.76664     68.444 -9.990e-29
   39.94012  -72.03608     76.018     75.422    11.6368    34.1956 -9.990e-29    -0.0255 1.2660e-12  1026.3746    11.6272    26.0344     5.9954    182.604    8.75861  266.76533     68.451 -9.990e-29
   39.94012  -72.03608     76.016     75.420    11.6373    34.1955 -9.990e-29    -0.0389 1.2660e-12  1026.3740    11.6277    26.0342     5.9960    182.624    8.75864  266.76614     68.458 -9.990e-29
   39.94012  -72.03608     75.995     75.400    11.6370    34.1954 -9.990e-29    -0.0389 1.2660e-12  1026.3741    11.6274    26.0341     5.9959    182.621    8.75861  266.76538     68.458 -9.990e-29
   39.94012  -72.03608     75.995     75.400    11.6373    34.1954 -9.990e-29    -0.0389 1.2660e-12  1026.3741    11.6277    26.0341     5.9958    182.618    8.75856  266.76401     68.457 -9.990e-29
   39.94012  -72.03608     75.986     75.390    11.6373    34.1952 -9.990e-29    -0.0389 1.2660e-12  1026.3739    11.6277    26.0340     5.9957    182.614    8.75858  266.76455     68.455 -9.990e-29
   39.94012  -72.03608     75.986     75.390    11.6374    34.1951 -9.990e-29    -0.0389 1.2660e-12  1026.3735    11.6279    26.0338     5.9955    182.609    8.75856  266.76394     68.454 -9.990e-29
   39.94012  -72.03608     75.976     75.380    11.6375    34.1951 -9.990e-29    -0.0389 1.2660e-12  1026.3737    11.6279    26.0338     5.9961    182.627    8.75861  266.76553     68.460 -9.990e-29
   39.94012  -72.03608     75.975     75.379    11.6374    34.1951 -9.990e-29    -0.0389 1.2660e-12  1026.3736    11.6279    26.0338     5.9959    182.620    8.75856  266.76397     68.458 -9.990e-29
   39.94012  -72.03608     75.965     75.369    11.6373    34.1952 -9.990e-29    -0.0389 1.2660e-12  1026.3737    11.6277    26.0339     5.9964    182.635    8.75853  266.76316     68.463 0.0000e+00
   39.94012  -72.03608     75.954     75.358    11.6376    34.1952 -9.990e-29    -0.0389 1.2660e-12  1026.3737    11.6280    26.0339     5.9962    182.629    8.75858  266.76457     68.461 -9.990e-29
   39.94012  -72.03608     75.954     75.358    11.6376    34.1952 -9.990e-29    -0.0255 1.2660e-12  1026.3737    11.6280    26.0339     5.9960    182.622    8.75856  266.76407     68.458 -9.990e-29
   39.94012  -72.03608     75.944     75.349    11.6376    34.1952 -9.990e-29    -0.0389 1.2660e-12  1026.3735    11.6280    26.0339     5.9957    182.614    8.75854  266.76340     68.455 -9.990e-29
   39.94012  -72.03608     75.955     75.360    11.6375    34.1952 -9.990e-29    -0.0389 1.2660e-12  1026.3737    11.6279    26.0339     6.0008    182.771    8.75851  266.76244     68.514 -9.990e-29
   39.94012  -72.03608     75.923     75.328    11.6376    34.1951 -9.990e-29    -0.0389 1.2660e-12  1026.3734    11.6280    26.0338     5.9957    182.614    8.75853  266.76287     68.456 -9.990e-29
   39.94012  -72.03608     75.935     75.339    11.6374    34.1951 -9.990e-29    -0.0389 1.2660e-12  1026.3734    11.6279    26.0338     5.9953    182.603    8.75853  266.76310     68.451 -9.990e-29
   39.94012  -72.03608     75.935     75.339    11.6375    34.1950 -9.990e-29    -0.0389 1.2660e-12  1026.3735    11.6279    26.0337     5.9949    182.591    8.75852  266.76285     68.447 -9.990e-29
   39.94012  -72.03608     75.914     75.319    11.6378    34.1949 -9.990e-29    -0.0389 1.2660e-12  1026.3730    11.6282    26.0337     5.9945    182.576    8.75847  266.76123     68.442 -9.990e-29
   39.94012  -72.03608     75.923     75.328    11.6376    34.1950 -9.990e-29    -0.0389 1.2660e-12  1026.3733    11.6280    26.0337     5.9995    182.730    8.75850  266.76202     68.499 -9.990e-29
   39.94012  -72.03608     75.915     75.320    11.6373    34.1951 -9.990e-29    -0.0389 1.2660e-12  1026.3735    11.6277    26.0338     6.0003    182.756    8.75849  266.76186     68.509 0.0000e+00
   39.94012  -72.03608     75.903     75.308    11.6374    34.1950 -9.990e-29    -0.0255 1.2660e-12  1026.3732    11.6279    26.0338     6.0005    182.760    8.75851  266.76261     68.510 -9.990e-29
   39.94012  -72.03608     75.914     75.319    11.6374    34.1950 -9.990e-29    -0.0255 1.2351e-12  1026.3733    11.6279    26.0337     5.9951    182.595    8.75851  266.76247     68.449 -9.990e-29
   39.94012  -72.03608     75.893     75.298    11.6378    34.1949 -9.990e-29    -0.0255 1.2351e-12  1026.3730    11.6282    26.0336     5.9999    182.743    8.75851  266.76259     68.504 -9.990e-29
   39.94012  -72.03608     75.903     75.308    11.6378    34.1947 -9.990e-29    -0.0255 1.2351e-12  1026.3730    11.6282    26.0335     6.0006    182.764    8.75848  266.76153     68.512 -9.990e-29
   39.94012  -72.03608     75.883     75.288    11.6378    34.1947 -9.990e-29    -0.0255 1.2351e-12  1026.3729    11.6282    26.0334     6.0013    182.784    8.75852  266.76268     68.519 -9.990e-29
   39.94012  -72.03608     75.894     75.299    11.6378    34.1947 -9.990e-29    -0.0255 1.2351e-12  1026.3728    11.6282    26.0334     6.0012    182.782    8.75850  266.76218     68.519 -9.990e-29
   39.94012  -72.03608     75.883     75.288    11.6378    34.1948 -9.990e-29    -0.0255 1.2351e-12  1026.3731    11.6282    26.0335     5.9963    182.632    8.75848  266.76160     68.463 0.0000e+00
   39.94012  -72.03608     75.872     75.277    11.6376    34.1949 -9.990e-29    -0.0255 1.2351e-12  1026.3730    11.6281    26.0337     6.0017    182.797    8.75852  266.76271     68.524 -9.990e-29
   39.94012  -72.03608     75.872     75.277    11.6376    34.1950 -9.990e-29    -0.0255 1.2351e-12  1026.3732    11.6281    26.0337     5.9967    182.646    8.75849  266.76177     68.468 -9.990e-29
   39.94012  -72.03608     75.872     75.277    11.6378    34.1950 -9.990e-29    -0.0255 1.2057e-12  1026.3730    11.6282    26.0337     5.9959    182.621    8.75851  266.76236     68.458 -9.990e-29
   39.94012  -72.03608     75.863     75.268    11.6379    34.1950 -9.990e-29    -0.0255 1.2057e-12  1026.3729    11.6284    26.0338     6.0013    182.784    8.75851  266.76236     68.519 -9.990e-29
   39.94012  -72.03608     75.864     75.269    11.6376    34.1952 -9.990e-29    -0.0255 1.2057e-12  1026.3733    11.6281    26.0339     6.0017    182.798    8.75847  266.76127     68.525 -9.990e-29
   39.94012  -72.03608     75.863     75.268    11.6378    34.1953 -9.990e-29    -0.0255 1.2057e-12  1026.3733    11.6282    26.0340     5.9967    182.645    8.75849  266.76183     68.468 -9.990e-29
   39.94012  -72.03608     75.842     75.247    11.6376    34.1953 -9.990e-29    -0.0255 1.2057e-12  1026.3731    11.6281    26.0340     5.9958    182.617    8.75849  266.76180     68.457 -9.990e-29
   39.94012  -72.03608     75.851     75.257    11.6378    34.1953 -9.990e-29    -0.0255 1.2057e-12  1026.3732    11.6282    26.0339     6.0010    182.777    8.75849  266.76178     68.517 -9.990e-29
   39.94012  -72.03608     75.832     75.238    11.6379    34.1952 -9.990e-29    -0.0255 1.2057e-12  1026.3730    11.6284    26.0338     6.0008    182.769    8.75851  266.76240     68.514 -9.990e-29
   39.94012  -72.03608     75.842     75.247    11.6378    34.1951 -9.990e-29    -0.0255 1.2057e-12  1026.3730    11.6282    26.0338     6.0004    182.758    8.75852  266.76275     68.510 -9.990e-29
   39.94012  -72.03608     75.822     75.228    11.6379    34.1951 -9.990e-29    -0.0255 1.2057e-12  1026.3729    11.6284    26.0338     6.0000    182.745    8.75848  266.76148     68.505 -9.990e-29
   39.94012  -72.03608     75.821     75.227    11.6378    34.1951      7.962    -0.0255 1.2057e-12  1026.3729    11.6282    26.0338     5.9948    182.585    8.75848  266.76144     68.445 -9.990e-29
   39.94012  -72.03608     75.821     75.227    11.6380    34.1952      7.962    -0.0255 1.2057e-12  1026.3728    11.6284    26.0338     5.9998    182.739    8.75849  266.76183     68.503 -9.990e-29
   39.94012  -72.03608     75.811     75.217    11.6378    34.1952      7.962    -0.0255 1.2057e-12  1026.3731    11.6282    26.0338     6.0000    182.745    8.75845  266.76085     68.505 0.0000e+00
   39.94012  -72.03608     75.800     75.206    11.6379    34.1952      7.962    -0.0255 1.2057e-12  1026.3727    11.6284    26.0338     5.9947    182.584    8.75849  266.76179     68.445 0.0000e+00
   39.94012  -72.03608     75.792     75.198    11.6378    34.1952      7.962    -0.0255 1.2057e-12  1026.3730    11.6282    26.0338     5.9997    182.735    8.75845  266.76049     68.502 -9.990e-29
   39.94012  -72.03608     75.791     75.196    11.6381    34.1951      7.962    -0.0255 1.2057e-12  1026.3726    11.6285    26.0337     5.9998    182.740    8.75845  266.76080     68.503 -9.990e-29
   39.94012  -72.03608     75.791     75.196    11.6378    34.1949      7.962    -0.0389 1.2057e-12  1026.3726    11.6282    26.0336     5.9999    182.743    8.75844  266.76027     68.505 -9.990e-29
   39.94012  -72.03608     75.770     75.176    11.6378    34.1949      7.962    -0.0389 1.2057e-12  1026.3725    11.6282    26.0336     6.0001    182.747    8.75845  266.76057     68.506 -9.990e-29
   39.94012  -72.03608     75.770     75.176    11.6376    34.1950      7.962    -0.0389 1.2057e-12  1026.3726    11.6281    26.0337     6.0001    182.750    8.75847  266.76131     68.507 -9.990e-29
   39.94012  -72.03608     75.760     75.166    11.6378    34.1952      7.962    -0.0389 1.2057e-12  1026.3727    11.6282    26.0338     6.0002    182.751    8.75846  266.76103     68.507 0.0000e+00
   39.94012  -72.03608     75.749     75.155    11.6376    34.1952      7.962    -0.0389 1.2057e-12  1026.3728    11.6281    26.0339     5.9947    182.583    8.75842  266.75972     68.445 -9.990e-29
   39.94012  -72.03608     75.749     75.155    11.6379    34.1953      7.962    -0.0389 1.2057e-12  1026.3726    11.6284    26.0339     5.9995    182.731    8.75845  266.76071     68.500 -9.990e-29
   39.94012  -72.03608     75.728     75.135    11.6376    34.1953      7.962    -0.0389 1.2057e-12  1026.3729    11.6281    26.0339     6.0050    182.897    8.75843  266.76019     68.562 0.0000e+00
   39.94012  -72.03608     75.719     75.125    11.6380    34.1953      7.962    -0.0389 1.2057e-12  1026.3723    11.6284    26.0339     6.0001    182.748    8.75841  266.75931     68.507 -9.990e-29
   39.94012  -72.03608     75.719     75.125    11.6381    34.1953      7.962    -0.0389 1.1777e-12  1026.3725    11.6286    26.0339     6.0000    182.746    8.75844  266.76031     68.506 -9.990e-29
   39.94012  -72.03608     75.699     75.106    11.6379    34.1954      7.962    -0.0389 1.1777e-12  1026.3727    11.6284    26.0340     5.9999    182.742    8.75844  266.76047     68.504 0.0000e+00
   39.94012  -72.03608     75.688     75.095    11.6382    34.1952      7.962    -0.0389 1.1777e-12  1026.3723    11.6286    26.0339     5.9997    182.737    8.75841  266.75953     68.502 -9.990e-29
   39.94012  -72.03608     75.688     75.095    11.6379    34.1951      7.962    -0.0389 1.1777e-12  1026.3722    11.6284    26.0338     5.9995    182.730    8.75836  266.75798     68.500 -9.990e-29
   39.94012  -72.03608     75.667     75.074    11.6381    34.1951      7.962    -0.0389 1.1777e-12  1026.3723    11.6286    26.0338     5.9993    182.723    8.75833  266.75690     68.498 0.0000e+00
   39.94012  -72.03608     75.658     75.065    11.6383    34.1951      7.962    -0.0389 1.1777e-12  1026.3722    11.6287    26.0337     5.9990    182.716    8.75835  266.75764     68.495 0.0000e+00
   39.94012  -72.03608     75.648     75.055    11.6381    34.1951      7.962    -0.0389 1.1777e-12  1026.3720    11.6286    26.0337     6.0043    182.875    8.75836  266.75800     68.555 0.0000e+00
   39.94012  -72.03608     75.637     75.044    11.6381    34.1953      7.962    -0.0389 1.1777e-12  1026.3722    11.6286    26.0338     5.9992    182.719    8.75836  266.75793     68.496 0.0000e+00
   39.94012  -72.03608     75.626     75.033    11.6382    34.1953      7.962    -0.0389 1.1777e-12  1026.3723    11.6286    26.0338     5.9988    182.708    8.75834  266.75737     68.492 0.0000e+00
   39.94012  -72.03608     75.606     75.014    11.6385    34.1953      7.962    -0.0389 1.1777e-12  1026.3718    11.6289    26.0338     5.9984    182.695    8.75827  266.75524     68.488 0.0000e+00
   39.94012  -72.03608     75.595     75.003    11.6383    34.1953      7.962    -0.0389 1.1777e-12  1026.3720    11.6288    26.0338     5.9987    182.706    8.75832  266.75683     68.491 0.0000e+00
   39.94012  -72.03608     75.576     74.984    11.6383    34.1953      7.962    -0.0389 1.1777e-12  1026.3718    11.6288    26.0338     5.9983    182.692    8.75828  266.75541     68.487 -9.990e-29
   39.94012  -72.03608     75.575     74.982    11.6383    34.1953      7.962    -0.0389 1.1777e-12  1026.3719    11.6288    26.0338     5.9978    182.678    8.75820  266.75305     68.482 -9.990e-29
   39.94012  -72.03608     75.554     74.962    11.6386    34.1953      7.962    -0.0389 1.1777e-12  1026.3716    11.6291    26.0338     6.0028    182.831    8.75822  266.75379     68.539 0.0000e+00
   39.94012  -72.03608     75.544     74.952    11.6385    34.1952      7.962    -0.0255 1.1777e-12  1026.3717    11.6289    26.0337     6.0029    182.835    8.75817  266.75212     68.541 0.0000e+00
   39.94012  -72.03608     75.525     74.933    11.6386    34.1951      7.962    -0.0389 1.1777e-12  1026.3713    11.6291    26.0336     6.0037    182.859    8.75815  266.75161     68.550 0.0000e+00
   39.94012  -72.03608     75.514     74.922    11.6385    34.1950      7.962    -0.0389 1.1777e-12  1026.3713    11.6289    26.0336     5.9990    182.716    8.75815  266.75135     68.497 0.0000e+00
   39.94012  -72.03608     75.493     74.901    11.6385    34.1950      7.962    -0.0389 1.1777e-12  1026.3713    11.6289    26.0336     5.9991    182.719    8.75814  266.75128     68.498 0.0000e+00
   39.94012  -72.03608     75.483     74.892    11.6385    34.1950      7.962    -0.0389 1.1777e-12  1026.3712    11.6289    26.0336     6.0040    182.867    8.75810  266.75010     68.554 0.0000e+00
   39.94012  -72.03608     75.472     74.881    11.6386    34.1950      7.962    -0.0389 1.1777e-12  1026.3711    11.6291    26.0336     5.9992    182.722    8.75810  266.75022     68.499 0.0000e+00
   39.94012  -72.03608     75.443     74.852    11.6385    34.1951      7.962    -0.0389 1.1777e-12  1026.3710    11.6289    26.0336     5.9993    182.723    8.75807  266.74929     68.500 0.0000e+00
   39.94012  -72.03608     75.432     74.841    11.6385    34.1951      7.962    -0.0389 1.1777e-12  1026.3711    11.6289    26.0336     5.9993    182.724    8.75809  266.74969     68.500 0.0000e+00
   39.94012  -72.03608     75.411     74.820    11.6386    34.1952      7.962    -0.0389 1.1777e-12  1026.3708    11.6291    26.0337     5.9994    182.726    8.75809  266.74994     68.501 0.0000e+00
   39.94012  -72.03608     75.400     74.809    11.6383    34.1953      7.962    -0.0389 1.1777e-12  1026.3712    11.6288    26.0338     6.0042    182.873    8.75807  266.74913     68.556 0.0000e+00
   39.94012  -72.03608     75.381     74.790    11.6385    34.1953      7.962    -0.0389 1.1777e-12  1026.3711    11.6290    26.0338     6.0049    182.894    8.75811  266.75043     68.564 0.0000e+00
   39.94012  -72.03608     75.360     74.769    11.6385    34.1952      7.962    -0.0389 1.1777e-12  1026.3707    11.6290    26.0337     6.0048    182.891    8.75808  266.74962     68.563 0.0000e+00
   39.94012  -72.03608     75.349     74.758    11.6385    34.1951      7.962    -0.0389 1.1777e-12  1026.3707    11.6290    26.0336     6.0047    182.888    8.75807  266.74924     68.562 0.0000e+00
   39.94012  -72.03608     75.328     74.738    11.6388    34.1951      7.962    -0.0389 1.1777e-12  1026.3703    11.6293    26.0336     6.0052    182.903    8.75803  266.74793     68.568 0.0000e+00
