CalculateIndicators/WaterTemperature/Data/CTD_NYOS/20240915_C32.cnv
* Sea-Bird SBE 9 Data File:
* FileName = C:\Seabird 9 CTD\Data\2024\202409_offshore\20240915_C32.hex
* Software Version Seasave V 7.23.2
* Temperature SN = 4590
* Conductivity SN = 3228
* Number of Bytes Per Scan = 44
* Number of Voltage Words = 5
* Number of Scans Averaged by the Deck Unit = 1
* NMEA Latitude = 40 07.11 N
* NMEA Longitude = 071 40.36 W
* NMEA UTC (Time) = Sep 15 2024  02:00:20
* NMEA baud rate = 4800
** Ship: Seawolf
** Station: 11.5
** Operator: TCM
# nquan = 18
# nvalues = 15146                       
# units = specified
# name 0 = latitude: Latitude [deg]
# name 1 = longitude: Longitude [deg]
# name 2 = prDM: Pressure, Digiquartz [db]
# name 3 = depSM: Depth [salt water, m]
# name 4 = t090C: Temperature [ITS-90, deg C]
# name 5 = sal00: Salinity, Practical [PSU]
# name 6 = ph: pH
# name 7 = flECO-AFL: Fluorescence, WET Labs ECO-AFL/FL [mg/m^3]
# name 8 = cpar: CPAR/Corrected Irradiance [%]
# name 9 = density00: Density [density, kg/m^3]
# name 10 = potemp090C: Potential Temperature [ITS-90, deg C]
# name 11 = sigma-é00: Density [sigma-theta, kg/m^3]
# name 12 = sbeox0Mg/L: Oxygen, SBE 43 [mg/l]
# name 13 = sbox0Mm/Kg: Oxygen, SBE 43 [umol/kg]
# name 14 = oxsolMg/L: Oxygen Saturation, Garcia & Gordon [mg/l]
# name 15 = oxsolMm/Kg: Oxygen Saturation, Garcia & Gordon [umol/kg]
# name 16 = sbeox0PS: Oxygen, SBE 43 [% saturation]
# name 17 = flag:  0.000e+00
# span 0 =   40.11850,   40.11860       
# span 1 =  -71.67420,  -71.67276       
# span 2 =      1.891,     79.604       
# span 3 =      1.877,     78.978       
# span 4 =    10.8651,    23.4683       
# span 5 =    32.2441,    34.4461       
# span 6 =      7.944,      8.232       
# span 7 =    -0.0658,     2.2040       
# span 8 = 1.6880e-11, 9.9999e+04       
# span 9 =  1023.2723,  1026.4529       
# span 10 =    10.8600,    23.4658      
# span 11 =    23.2526,    26.0981      
# span 12 =     6.2284,     8.4348      
# span 13 =    189.696,    257.343      
# span 14 =    6.97435,    9.00192      
# span 15 =  212.97341,  274.49983      
# span 16 =     72.193,    102.082      
# span 17 = 0.0000e+00, 0.0000e+00      
# interval = seconds: 0.0416667
# start_time = Sep 15 2024 02:00:21 [System UTC, first data scan.]
# bad_flag = -9.990e-29
*END*
[from data line 12945]
   40.11860  -71.67398      1.972      1.957    22.9022    34.0947 -9.990e-29    -0.0255 1.3053e+01  1023.2832    22.9018    23.2752     6.7645    206.585    7.05765  215.53796     95.846 -9.990e-29
   40.11860  -71.67398      1.972      1.957    22.9028    34.0954 -9.990e-29    -0.0255 1.4061e+01  1023.2842    22.9024    23.2756     6.7640    206.569    7.05763  215.53759     95.839 -9.990e-29
   40.11860  -71.67398      1.972      1.957    22.9035    34.0961 -9.990e-29    -0.0255 1.4636e+01  1023.2849    22.9031    23.2760     6.7631    206.543    7.05759  215.53681     95.827 -9.990e-29
   40.11860  -71.67398      1.963      1.948    22.9045    34.0958 -9.990e-29    -0.0255 1.4681e+01  1023.2843    22.9041    23.2755     6.7628    206.533    7.05776  215.54184     95.820 -9.990e-29
   40.11860  -71.67398      1.963      1.948    22.9046    34.0939 -9.990e-29    -0.0255 1.5420e+01  1023.2833    22.9042    23.2740     6.7623    206.519    7.05781  215.54327     95.813 -9.990e-29
   40.11860  -71.67398      1.974      1.958    22.9046    34.0906 -9.990e-29    -0.0255 1.5948e+01  1023.2799    22.9042    23.2716     6.7656    206.621    7.05778  215.54248     95.861 -9.990e-29
   40.11860  -71.67398      1.972      1.957    22.9034    34.0871 -9.990e-29    -0.0121 1.6046e+01  1023.2769    22.9030    23.2693     6.7654    206.614    7.05775  215.54166     95.858 -9.990e-29
   40.11860  -71.67398      1.983      1.968    22.9013    34.0850 -9.990e-29    -0.0121 1.7106e+01  1023.2757    22.9009    23.2682     6.7652    206.608    7.05772  215.54055     95.856 -9.990e-29
   40.11860  -71.67398      1.972      1.957    22.8996    34.0845 -9.990e-29    -0.0121 1.8176e+01  1023.2770    22.8992    23.2683     6.7651    206.604    7.05775  215.54211     95.853 -9.990e-29
   40.11860  -71.67398      1.983      1.968    22.8982    34.0840 -9.990e-29    -0.0255 1.8397e+01  1023.2772    22.8978    23.2683     6.7647    206.592    7.05784  215.54488     95.846 -9.990e-29
   40.11860  -71.67398      1.993      1.978    22.8968    34.0833 -9.990e-29    -0.0121 1.7634e+01  1023.2761    22.8964    23.2682     6.7687    206.715    7.05794  215.54778     95.902 -9.990e-29
   40.11860  -71.67398      2.013      1.998    22.8951    34.0835 -9.990e-29    -0.0121 1.6746e+01  1023.2771    22.8947    23.2687     6.7648    206.596    7.05806  215.55140     95.845 -9.990e-29
   40.11860  -71.67398      2.023      2.008    22.8937    34.0844 -9.990e-29    -0.0121 1.6493e+01  1023.2786    22.8933    23.2698     6.7688    206.718    7.05814  215.55371     95.901 -9.990e-29
   40.11860  -71.67398      2.023      2.008    22.8930    34.0855 -9.990e-29    -0.0121 1.7421e+01  1023.2795    22.8926    23.2709     6.7731    206.848    7.05819  215.55503     95.961 -9.990e-29
   40.11860  -71.67398      2.045      2.029    22.8921    34.0867 -9.990e-29    -0.0121 1.9134e+01  1023.2808    22.8917    23.2720     6.7694    206.735    7.05823  215.55642     95.908 -9.990e-29
   40.11860  -71.67398      2.064      2.048    22.8921    34.0878 -9.990e-29    -0.0121 1.9542e+01  1023.2821    22.8917    23.2729     6.7736    206.863    7.05823  215.55632     95.967 -9.990e-29
   40.11860  -71.67398      2.064      2.048    22.8925    34.0884 -9.990e-29    -0.0121 1.8847e+01  1023.2825    22.8921    23.2734     6.7742    206.884    7.05821  215.55577     95.977 -9.990e-29
   40.11860  -71.67398      2.074      2.058    22.8929    34.0884 -9.990e-29    -0.0121 1.7054e+01  1023.2821    22.8924    23.2733     6.7749    206.904    7.05822  215.55593     95.986 -9.990e-29
   40.11860  -71.67398      2.095      2.078    22.8930    34.0879 -9.990e-29    -0.0121 1.6442e+01  1023.2819    22.8926    23.2728     6.7757    206.927    7.05831  215.55885     95.996 -9.990e-29
   40.11860  -71.67398      2.095      2.078    22.8933    34.0871 -9.990e-29    -0.0121 1.6392e+01  1023.2812    22.8929    23.2721     6.7764    206.949    7.05840  215.56172     96.005 -9.990e-29
   40.11860  -71.67398      2.104      2.088    22.8930    34.0859 -9.990e-29    -0.0121 1.6342e+01  1023.2803    22.8926    23.2713     6.7772    206.973    7.05854  215.56607     96.014 -9.990e-29
   40.11860  -71.67398      2.125      2.108    22.8923    34.0850 -9.990e-29    -0.0121 1.6293e+01  1023.2795    22.8919    23.2708     6.7820    207.119    7.05858  215.56717     96.081 -9.990e-29
   40.11860  -71.67398      2.134      2.118    22.8914    34.0847 -9.990e-29    -0.0121 1.6543e+01  1023.2796    22.8910    23.2708     6.7829    207.148    7.05862  215.56806     96.094 -9.990e-29
   40.11860  -71.67398      2.134      2.118    22.8909    34.0853 -9.990e-29    -0.0121 1.9366e+01  1023.2803    22.8905    23.2714     6.7797    207.049    7.05863  215.56879     96.048 -9.990e-29
   40.11860  -71.67398      2.155      2.138    22.8903    34.0866 -9.990e-29    -0.0121 2.1003e+01  1023.2815    22.8899    23.2725     6.7803    207.067    7.05868  215.57005     96.056 -9.990e-29
   40.11860  -71.67398      2.155      2.138    22.8905    34.0884 -9.990e-29    -0.0121 2.1129e+01  1023.2832    22.8901    23.2739     6.7808    207.083    7.05866  215.56927     96.063 -9.990e-29
   40.11860  -71.67398      2.176      2.159    22.8912    34.0898 -9.990e-29    -0.0121 1.9307e+01  1023.2850    22.8908    23.2747     6.7813    207.099    7.05864  215.56872     96.071 -9.990e-29
   40.11860  -71.67398      2.176      2.159    22.8925    34.0897 -9.990e-29    -0.0121 1.8397e+01  1023.2838    22.8920    23.2744     6.7819    207.116    7.05868  215.57010     96.078 -9.990e-29
   40.11860  -71.67398      2.187      2.170    22.8928    34.0889 -9.990e-29    -0.0121 1.8286e+01  1023.2828    22.8924    23.2737     6.7824    207.131    7.05867  215.56947     96.086 -9.990e-29
   40.11860  -71.67398      2.195      2.178    22.8930    34.0881 -9.990e-29    -0.0121 2.3042e+01  1023.2826    22.8926    23.2730     6.7790    207.029    7.05862  215.56795     96.039 -9.990e-29
   40.11860  -71.67398      2.206      2.189    22.8934    34.0871 -9.990e-29    -0.0121 2.7940e+01  1023.2815    22.8929    23.2722     6.7833    207.161    7.05864  215.56861     96.100 -9.990e-29
   40.11860  -71.67398      2.225      2.208    22.8929    34.0869 -9.990e-29    -0.0121 2.8946e+01  1023.2801    22.8924    23.2720     6.7841    207.185    7.05862  215.56783     96.112 -9.990e-29
   40.11860  -71.67398      2.215      2.198    22.8921    34.0904 -9.990e-29    -0.0121 2.3457e+01  1023.2816    22.8917    23.2747     6.7846    207.198    7.05852  215.56470     96.119 -9.990e-29
   40.11860  -71.67398      2.236      2.219    22.8925    34.0979 -9.990e-29    -0.0121 1.8231e+01  1023.2908    22.8920    23.2800     6.7850    207.210    7.05845  215.56231     96.125 -9.990e-29
   40.11860  -71.67398      2.236      2.219    22.8975    34.1036 -9.990e-29    -0.0121 1.7210e+01  1023.2968    22.8970    23.2834     6.7812    207.095    7.05835  215.55941     96.073 -9.990e-29
   40.11860  -71.67398      2.257      2.239    22.9025    34.1025 -9.990e-29    -0.0121 1.8121e+01  1023.2932    22.9020    23.2814     6.7813    207.100    7.05834  215.55906     96.076 -9.990e-29
   40.11860  -71.67398      2.266      2.249    22.9051    34.0961 -9.990e-29    -0.0121 1.9542e+01  1023.2849    22.9046    23.2759     6.7815    207.104    7.05832  215.55857     96.078 -9.990e-29
   40.11860  -71.67398      2.276      2.258    22.9045    34.0893 -9.990e-29    -0.0121 1.9898e+01  1023.2790    22.9040    23.2708     6.7816    207.107    7.05827  215.55712     96.080 -9.990e-29
   40.11860  -71.67398      2.276      2.258    22.9027    34.0850 -9.990e-29    -0.0121 2.1383e+01  1023.2768    22.9022    23.2679     6.7814    207.101    7.05823  215.55594     96.077 -9.990e-29
   40.11860  -71.67398      2.287      2.269    22.9003    34.0828 -9.990e-29    -0.0121 2.5568e+01  1023.2761    22.8999    23.2668     6.7812    207.095    7.05824  215.55627     96.075 -9.990e-29
   40.11860  -71.67398      2.287      2.269    22.8981    34.0826 -9.990e-29    -0.0121 2.7207e+01  1023.2759    22.8977    23.2673     6.7811    207.094    7.05841  215.56208     96.072 -9.990e-29
   40.11860  -71.67398      2.298      2.280    22.8962    34.0845 -9.990e-29    -0.0121 2.4310e+01  1023.2788    22.8958    23.2692     6.7767    206.959    7.05865  215.56980     96.006 -9.990e-29
   40.11860  -71.67398      2.306      2.288    22.8957    34.0873 -9.990e-29    -0.0121 1.5420e+01  1023.2820    22.8952    23.2715     6.7763    206.947    7.05882  215.57491     95.998 -9.990e-29
   40.11860  -71.67398      2.296      2.279    22.8959    34.0897 -9.990e-29    -0.0121 1.2771e+01  1023.2831    22.8954    23.2733     6.7759    206.935    7.05897  215.57921     95.990 -9.990e-29
   40.11860  -71.67398      2.306      2.288    22.8960    34.0921 -9.990e-29    -0.0121 1.2972e+01  1023.2847    22.8955    23.2749     6.7751    206.911    7.05904  215.58150     95.978 -9.990e-29
   40.11860  -71.67398      2.306      2.288    22.8978    34.0944 -9.990e-29    -0.0121 1.6797e+01  1023.2870    22.8974    23.2763     6.7743    206.884    7.05908  215.58233     95.965 -9.990e-29
   40.11860  -71.67398      2.306      2.288    22.9003    34.0956 -9.990e-29    -0.0121 1.8904e+01  1023.2869    22.8999    23.2766     6.7734    206.857    7.05907  215.58198     95.953 -9.990e-29
   40.11860  -71.67398      2.317      2.299    22.9016    34.0952 -9.990e-29    -0.0121 1.9076e+01  1023.2862    22.9011    23.2759     6.7728    206.840    7.05910  215.58294     95.945 -9.990e-29
   40.11860  -71.67398      2.298      2.280    22.9029    34.0942 -9.990e-29    -0.0121 1.8790e+01  1023.2844    22.9025    23.2748     6.7720    206.814    7.05915  215.58441     95.932 -9.990e-29
   40.11860  -71.67398      2.317      2.299    22.9034    34.0930 -9.990e-29    -0.0121 1.8677e+01  1023.2837    22.9029    23.2737     6.7711    206.786    7.05918  215.58538     95.919 -9.990e-29
   40.11860  -71.67398      2.306      2.288    22.9041    34.0921 -9.990e-29    -0.0121 1.8677e+01  1023.2824    22.9036    23.2730     6.7701    206.758    7.05918  215.58520     95.905 -9.990e-29
   40.11860  -71.67398      2.296      2.279    22.9029    34.0915 -9.990e-29    -0.0121 1.5279e+01  1023.2823    22.9025    23.2727     6.7692    206.728    7.05915  215.58443     95.892 -9.990e-29
   40.11860  -71.67398      2.296      2.279    22.9025    34.0915 -9.990e-29    -0.0121 1.2972e+01  1023.2825    22.9020    23.2727     6.7682    206.699    7.05915  215.58441     95.878 -9.990e-29
   40.11860  -71.67398      2.296      2.279    22.9025    34.0916 -9.990e-29    -0.0121 1.2652e+01  1023.2830    22.9020    23.2728     6.7672    206.669    7.05917  215.58488     95.864 -9.990e-29
   40.11860  -71.67398      2.287      2.269    22.9028    34.0914 -9.990e-29     0.0013 1.6144e+01  1023.2826    22.9024    23.2727     6.7666    206.649    7.05917  215.58520     95.855 -9.990e-29
   40.11860  -71.67398      2.287      2.269    22.9033    34.0907 -9.990e-29     0.0013 2.0628e+01  1023.2822    22.9028    23.2720     6.7660    206.632    7.05927  215.58827     95.846 -9.990e-29
   40.11860  -71.67398      2.266      2.249    22.9037    34.0896 -9.990e-29     0.0013 2.1967e+01  1023.2802    22.9033    23.2712     6.7695    206.740    7.05935  215.59067     95.895 -9.990e-29
   40.11860  -71.67398      2.276      2.258    22.9030    34.0889 -9.990e-29     0.0013 2.0321e+01  1023.2804    22.9026    23.2708     6.7651    206.605    7.05942  215.59293     95.831 -9.990e-29
   40.11860  -71.67398      2.257      2.239    22.9023    34.0888 -9.990e-29     0.0013 1.8231e+01  1023.2804    22.9018    23.2708     6.7645    206.588    7.05954  215.59672     95.821 -9.990e-29
   40.11860  -71.67398      2.266      2.249    22.9013    34.0888 -9.990e-29     0.0013 1.7741e+01  1023.2807    22.9009    23.2711     6.7643    206.580    7.05967  215.60045     95.816 -9.990e-29
   40.11860  -71.67398      2.246      2.228    22.9005    34.0890 -9.990e-29     0.0013 1.7054e+01  1023.2812    22.9001    23.2714     6.7596    206.435    7.05973  215.60239     95.748 -9.990e-29
   40.11860  -71.67398      2.257      2.239    22.9001    34.0890 -9.990e-29     0.0013 1.5610e+01  1023.2814    22.8997    23.2716     6.7590    206.418    7.05981  215.60488     95.739 -9.990e-29
   40.11860  -71.67398      2.257      2.239    22.8999    34.0890 -9.990e-29     0.0013 1.5186e+01  1023.2812    22.8995    23.2716     6.7629    206.537    7.05988  215.60691     95.793 -9.990e-29
   40.11860  -71.67398      2.257      2.239    22.8998    34.0892 -9.990e-29     0.0013 1.5515e+01  1023.2815    22.8993    23.2718     6.7627    206.530    7.05992  215.60819     95.789 -9.990e-29
   40.11860  -71.67398      2.257      2.239    22.8998    34.0894 -9.990e-29    -0.0121 1.6644e+01  1023.2818    22.8993    23.2719     6.7627    206.532    7.05997  215.60959     95.790 -9.990e-29
   40.11860  -71.67398      2.276      2.258    22.8998    34.0892 -9.990e-29     0.0013 1.7106e+01  1023.2818    22.8993    23.2718     6.7628    206.534    7.05993  215.60809     95.791 -9.990e-29
   40.11860  -71.67398      2.276      2.258    22.8994    34.0886 -9.990e-29     0.0013 1.7003e+01  1023.2812    22.8989    23.2715     6.7628    206.535    7.05986  215.60584     95.793 -9.990e-29
   40.11860  -71.67398      2.277      2.260    22.8989    34.0879 -9.990e-29     0.0013 1.6392e+01  1023.2807    22.8984    23.2711     6.7628    206.535    7.05973  215.60160     95.795 -9.990e-29
   40.11860  -71.67398      2.296      2.279    22.8980    34.0876 -9.990e-29     0.0013 1.6144e+01  1023.2805    22.8976    23.2710     6.7629    206.536    7.05959  215.59723     95.797 -9.990e-29
   40.11860  -71.67398      2.306      2.288    22.8975    34.0879 -9.990e-29     0.0013 1.6046e+01  1023.2812    22.8970    23.2715     6.7631    206.542    7.05960  215.59782     95.799 -9.990e-29
   40.11860  -71.67398      2.327      2.309    22.8967    34.0882 -9.990e-29     0.0013 1.4591e+01  1023.2826    22.8962    23.2719     6.7678    206.687    7.05969  215.60070     95.866 -9.990e-29
   40.11860  -71.67398      2.336      2.318    22.8971    34.0881 -9.990e-29     0.0013 1.3845e+01  1023.2813    22.8967    23.2719     6.7646    206.590    7.05976  215.60301     95.820 -9.990e-29
   40.11860  -71.67398      2.347      2.329    22.8964    34.0884 -9.990e-29     0.0013 1.3760e+01  1023.2823    22.8959    23.2721     6.7650    206.602    7.05988  215.60664     95.824 -9.990e-29
   40.11860  -71.67398      2.368      2.350    22.8964    34.0887 -9.990e-29     0.0013 1.3423e+01  1023.2828    22.8959    23.2724     6.7695    206.740    7.05997  215.60939     95.886 -9.990e-29
   40.11860  -71.67398      2.387      2.369    22.8967    34.0889 -9.990e-29     0.0013 1.3423e+01  1023.2825    22.8962    23.2726     6.7660    206.633    7.05998  215.60964     95.836 -9.990e-29
   40.11860  -71.67398      2.398      2.380    22.8962    34.0891 -9.990e-29     0.0013 1.3381e+01  1023.2829    22.8957    23.2728     6.7705    206.770    7.06001  215.61053     95.900 -9.990e-29
   40.11860  -71.67398      2.417      2.399    22.8961    34.0895 -9.990e-29     0.0013 1.1847e+01  1023.2837    22.8956    23.2731     6.7712    206.792    7.06006  215.61198     95.909 -9.990e-29
   40.11860  -71.67398      2.428      2.410    22.8964    34.0898 -9.990e-29    -0.0121 1.0540e+01  1023.2838    22.8959    23.2733     6.7719    206.812    7.06005  215.61159     95.919 -9.990e-29
   40.11860  -71.67398      2.448      2.429    22.8964    34.0900 -9.990e-29    -0.0255 1.0307e+01  1023.2836    22.8959    23.2735     6.7723    206.823    7.06003  215.61088     95.924 -9.990e-29
   40.11860  -71.67398      2.459      2.440    22.8962    34.0906 -9.990e-29    -0.0255 1.4323e+01  1023.2844    22.8957    23.2739     6.7729    206.843    7.06000  215.61022     95.934 -9.990e-29
