CalculateIndicators/WaterTemperature/Data/CTD_NYOS/20240913_C19.cnv
* Sea-Bird SBE 9 Data File:
* FileName = C:\Seabird 9 CTD\Data\2024\202409_offshore\20240913_C19.hex
* Software Version Seasave V 7.23.2
* Temperature SN = 4590
* Conductivity SN = 3228
* Number of Bytes Per Scan = 44
* Number of Voltage Words = 5
* Number of Scans Averaged by the Deck Unit = 1
* NMEA Latitude = 40 25.86 N
* NMEA Longitude = 072 50.31 W
* NMEA UTC (Time) = Sep 13 2024  19:17:40
* NMEA baud rate = 4800
** Ship: Seawolf
** Station: 9.2
** Operator: TDK
# nquan = 18
# nvalues = 11270                       
# units = specified
# name 0 = latitude: Latitude [deg]
# name 1 = longitude: Longitude [deg]
# name 2 = prDM: Pressure, Digiquartz [db]
# name 3 = depSM: Depth [salt water, m]
# name 4 = t090C: Temperature [ITS-90, deg C]
# name 5 = sal00: Salinity, Practical [PSU]
# name 6 = ph: pH
# name 7 = flECO-AFL: Fluorescence, WET Labs ECO-AFL/FL [mg/m^3]
# name 8 = cpar: CPAR/Corrected Irradiance [%]
# name 9 = density00: Density [density, kg/m^3]
# name 10 = potemp090C: Potential Temperature [ITS-90, deg C]
# name 11 = sigma-é00: Density [sigma-theta, kg/m^3]
# name 12 = sbeox0Mg/L: Oxygen, SBE 43 [mg/l]
# name 13 = sbox0Mm/Kg: Oxygen, SBE 43 [umol/kg]
# name 14 = oxsolMg/L: Oxygen Saturation, Garcia & Gordon [mg/l]
# name 15 = oxsolMm/Kg: Oxygen Saturation, Garcia & Gordon [umol/kg]
# name 16 = sbeox0PS: Oxygen, SBE 43 [% saturation]
# name 17 = flag:  0.000e+00
# span 0 =   40.43104,   40.43184       
# span 1 =  -72.83978,  -72.83854       
# span 2 =      1.777,     39.379       
# span 3 =      1.763,     39.072       
# span 4 =    10.3164,    21.9068       
# span 5 =    30.9997,    32.0825       
# span 6 =      7.840,      8.205       
# span 7 =     0.0148,     2.9562       
# span 8 = 1.3753e-01, 1.1647e+02       
# span 9 =  1021.3048,  1024.6190       
# span 10 =    10.3120,    21.9063      
# span 11 =    21.3179,    24.4434      
# span 12 =     6.4400,     8.6416      
# span 13 =    196.497,    263.760      
# span 14 =    7.30654,    9.14610      
# span 15 =  223.56179,  279.00335      
# span 16 =     72.026,    106.643      
# span 17 = 0.0000e+00, 0.0000e+00      
# interval = seconds: 0.0416667
# start_time = Sep 13 2024 19:17:40 [System UTC, first data scan.]
# bad_flag = -9.990e-29
*END*
[from data line 4664]
   40.43138  -72.83902     32.760     32.505    11.8878    31.7337      7.880     2.7547 6.1328e-01  1024.2220    11.8837    24.0749     6.9394    211.765    8.84127  269.80178     78.489 -9.990e-29
   40.43138  -72.83902     32.760     32.505    11.8882    31.7335      7.880     2.7413 6.1446e-01  1024.2215    11.8841    24.0745     6.9376    211.709    8.84115  269.79811     78.469 -9.990e-29
   40.43138  -72.83902     32.760     32.505    11.8888    31.7332      7.880     2.7547 6.1446e-01  1024.2212    11.8848    24.0743     6.9369    211.689    8.84107  269.79567     78.463 -9.990e-29
   40.43138  -72.83902     32.741     32.486    11.8894    31.7331      7.880     2.7413 6.1564e-01  1024.2211    11.8853    24.0741     6.9368    211.683    8.84094  269.79194     78.462 -9.990e-29
   40.43138  -72.83902     32.750     32.496    11.8899    31.7329      7.880     2.7413 6.1683e-01  1024.2209    11.8859    24.0738     6.9309    211.504    8.84083  269.78844     78.396 -9.990e-29
   40.43138  -72.83902     32.730     32.475    11.8910    31.7325      7.880     2.7413 6.1858e-01  1024.2202    11.8869    24.0734     6.9311    211.510    8.84073  269.78537     78.399 -9.990e-29
   40.43138  -72.83902     32.730     32.475    11.8917    31.7320      7.875     2.7413 6.1921e-01  1024.2197    11.8876    24.0729     6.9310    211.509    8.84061  269.78186     78.400 -9.990e-29
   40.43138  -72.83902     32.720     32.466    11.8925    31.7314      7.880     2.7413 6.1865e-01  1024.2190    11.8885    24.0722     6.9261    211.359    8.84058  269.78093     78.345 -9.990e-29
   40.43138  -72.83902     32.710     32.456    11.8941    31.7309      7.880     2.7547 6.2216e-01  1024.2182    11.8900    24.0716     6.9313    211.517    8.84053  269.77931     78.404 -9.990e-29
   40.43138  -72.83902     32.699     32.445    11.8949    31.7304      7.880     2.7547 6.2505e-01  1024.2178    11.8908    24.0710     6.9267    211.375    8.84048  269.77766     78.352 -9.990e-29
   40.43138  -72.83902     32.690     32.435    11.8960    31.7298      7.880     2.7547 6.2618e-01  1024.2170    11.8920    24.0703     6.9328    211.564    8.84045  269.77695     78.422 -9.990e-29
   40.43138  -72.83904     32.690     32.435    11.8974    31.7293      7.880     2.7413 6.3030e-01  1024.2162    11.8934    24.0697     6.9292    211.453    8.84047  269.77754     78.381 -9.990e-29
   40.43138  -72.83904     32.669     32.415    11.8984    31.7290      7.875     2.7547 6.3266e-01  1024.2159    11.8943    24.0693     6.9364    211.671    8.84045  269.77683     78.462 -9.990e-29
   40.43138  -72.83904     32.670     32.416    11.8992    31.7288      7.875     2.7413 6.3324e-01  1024.2155    11.8951    24.0690     6.9330    211.568    8.84041  269.77577     78.424 -9.990e-29
   40.43138  -72.83904     32.648     32.394    11.9003    31.7287      7.880     2.7413 6.3683e-01  1024.2152    11.8962    24.0687     6.9342    211.605    8.84040  269.77529     78.437 -9.990e-29
   40.43138  -72.83904     32.648     32.394    11.9015    31.7287      7.875     2.7413 6.3863e-01  1024.2148    11.8975    24.0685     6.9358    211.655    8.84038  269.77446     78.456 -9.990e-29
   40.43138  -72.83904     32.639     32.385    11.9024    31.7287      7.875     2.7547 6.3921e-01  1024.2148    11.8983    24.0683     6.9379    211.719    8.84031  269.77263     78.480 -9.990e-29
   40.43138  -72.83904     32.618     32.364    11.9031    31.7287      7.875     2.7413 6.4342e-01  1024.2144    11.8990    24.0681     6.9398    211.776    8.84030  269.77228     78.502 -9.990e-29
   40.43138  -72.83904     32.608     32.355    11.9039    31.7288      7.875     2.7547 6.4524e-01  1024.2143    11.8998    24.0680     6.9420    211.844    8.84024  269.77044     78.527 -9.990e-29
   40.43138  -72.83904     32.597     32.344    11.9049    31.7288      7.875     2.7547 6.4524e-01  1024.2143    11.9008    24.0679     6.9447    211.926    8.84025  269.77063     78.558 -9.990e-29
   40.43138  -72.83904     32.588     32.334    11.9054    31.7288      7.875     2.7413 6.4831e-01  1024.2141    11.9014    24.0678     6.9423    211.853    8.84023  269.77021     78.531 -9.990e-29
   40.43138  -72.83904     32.577     32.323    11.9066    31.7288      7.875     2.7547 6.4897e-01  1024.2138    11.9025    24.0676     6.9445    211.920    8.84023  269.77009     78.556 -9.990e-29
   40.43138  -72.83904     32.568     32.315    11.9074    31.7287      7.875     2.7413 6.4963e-01  1024.2135    11.9034    24.0674     6.9471    212.000    8.84020  269.76927     78.586 -9.990e-29
   40.43138  -72.83904     32.537     32.284    11.9086    31.7286      7.875     2.7547 6.5030e-01  1024.2131    11.9045    24.0671     6.9550    212.239    8.84021  269.76939     78.674 -9.990e-29
   40.43138  -72.83904     32.546     32.293    11.9096    31.7286      7.875     2.7413 6.5214e-01  1024.2129    11.9055    24.0669     6.9583    212.342    8.84022  269.76999     78.712 -9.990e-29
   40.43138  -72.83904     32.526     32.273    11.9108    31.7286      7.875     2.7413 6.5398e-01  1024.2128    11.9067    24.0667     6.9614    212.434    8.84023  269.77024     78.746 -9.990e-29
   40.43138  -72.83904     32.516     32.263    11.9119    31.7285      7.875     2.7413 6.5339e-01  1024.2121    11.9079    24.0664     6.9647    212.537    8.84023  269.77024     78.784 -9.990e-29
   40.43138  -72.83904     32.497     32.244    11.9131    31.7285      7.875     2.7413 6.5465e-01  1024.2120    11.9091    24.0662     6.9685    212.651    8.84030  269.77232     78.826 -9.990e-29
   40.43138  -72.83904     32.495     32.243    11.9139    31.7285      7.875     2.7413 6.5592e-01  1024.2118    11.9099    24.0660     6.9719    212.755    8.84037  269.77451     78.864 -9.990e-29
   40.43138  -72.83904     32.476     32.224    11.9150    31.7283      7.875     2.6473 6.5533e-01  1024.2116    11.9110    24.0656     6.9755    212.867    8.84042  269.77611     78.905 -9.990e-29
   40.43138  -72.83904     32.476     32.224    11.9164    31.7280      7.875     2.5935 6.5904e-01  1024.2107    11.9124    24.0652     6.9788    212.966    8.84043  269.77630     78.942 -9.990e-29
   40.43138  -72.83904     32.455     32.203    11.9173    31.7277      7.875     2.5935 6.5904e-01  1024.2105    11.9132    24.0648     6.9872    213.224    8.84054  269.77986     79.036 -9.990e-29
   40.43138  -72.83904     32.444     32.192    11.9184    31.7277      7.875     2.6070 6.5964e-01  1024.2101    11.9144    24.0646     6.9855    213.172    8.84062  269.78206     79.016 -9.990e-29
   40.43138  -72.83904     32.435     32.182    11.9193    31.7278      7.875     2.6070 6.6338e-01  1024.2099    11.9152    24.0645     6.9888    213.273    8.84063  269.78254     79.054 -9.990e-29
   40.43138  -72.83904     32.414     32.162    11.9200    31.7279      7.875     2.6070 6.6526e-01  1024.2101    11.9160    24.0644     6.9917    213.362    8.84068  269.78373     79.086 -9.990e-29
   40.43138  -72.83904     32.414     32.162    11.9211    31.7278      7.875     2.6070 6.6585e-01  1024.2095    11.9171    24.0641     7.0003    213.623    8.84070  269.78438     79.183 -9.990e-29
   40.43138  -72.83904     32.406     32.154    11.9225    31.7277      7.875     2.6070 6.6834e-01  1024.2091    11.9184    24.0639     7.0044    213.747    8.84081  269.78795     79.228 -9.990e-29
   40.43138  -72.83904     32.384     32.132    11.9230    31.7276      7.875     2.6070 6.7023e-01  1024.2092    11.9190    24.0637     7.0134    214.024    8.84097  269.79299     79.329 -9.990e-29
   40.43138  -72.83904     32.374     32.122    11.9245    31.7276      7.875     2.6070 6.7213e-01  1024.2084    11.9205    24.0634     7.0183    214.173    8.84092  269.79122     79.385 -9.990e-29
   40.43138  -72.83904     32.374     32.122    11.9252    31.7275      7.875     2.6070 6.7335e-01  1024.2087    11.9212    24.0632     7.0167    214.122    8.84102  269.79407     79.365 -9.990e-29
   40.43138  -72.83904     32.365     32.113    11.9263    31.7273      7.875     2.6070 6.7778e-01  1024.2078    11.9223    24.0629     7.0247    214.368    8.84111  269.79703     79.455 -9.990e-29
   40.43138  -72.83904     32.344     32.092    11.9265    31.7272      7.875     2.6070 6.7716e-01  1024.2078    11.9224    24.0626     7.0288    214.491    8.84121  269.80000     79.500 -9.990e-29
   40.43138  -72.83904     32.344     32.092    11.9279    31.7272      7.880     2.6070 6.7655e-01  1024.2075    11.9239    24.0625     7.0322    214.597    8.84136  269.80456     79.538 -9.990e-29
   40.43138  -72.83904     32.333     32.081    11.9281    31.7272      7.875     2.6070 6.7908e-01  1024.2076    11.9241    24.0624     7.0352    214.686    8.84153  269.80961     79.569 -9.990e-29
   40.43138  -72.83904     32.334     32.083    11.9292    31.7270      7.875     2.6070 6.8100e-01  1024.2072    11.9252    24.0621     7.0380    214.774    8.84161  269.81217     79.601 -9.990e-29
   40.43138  -72.83904     32.312     32.061    11.9295    31.7266      7.880     2.5935 6.8100e-01  1024.2066    11.9254    24.0617     7.0465    215.031    8.84171  269.81490     79.696 -9.990e-29
   40.43138  -72.83904     32.312     32.061    11.9305    31.7263      7.875     2.6070 6.8293e-01  1024.2060    11.9265    24.0613     7.0556    215.311    8.84185  269.81945     79.798 -9.990e-29
   40.43138  -72.83904     32.302     32.051    11.9310    31.7263      7.875     2.6070 6.8486e-01  1024.2062    11.9270    24.0612     7.0545    215.277    8.84204  269.82515     79.784 -9.990e-29
   40.43138  -72.83904     32.304     32.053    11.9315    31.7263      7.880     2.6070 6.8486e-01  1024.2060    11.9275    24.0611     7.0575    215.368    8.84211  269.82729     79.817 -9.990e-29
   40.43138  -72.83904     32.293     32.042    11.9322    31.7263      7.875     2.6070 6.8813e-01  1024.2057    11.9282    24.0609     7.0652    215.604    8.84219  269.82954     79.904 -9.990e-29
   40.43138  -72.83904     32.282     32.031    11.9325    31.7264      7.880     2.6070 6.8813e-01  1024.2059    11.9285    24.0609     7.0681    215.692    8.84226  269.83150     79.936 -9.990e-29
   40.43138  -72.83904     32.282     32.031    11.9332    31.7265      7.875     2.6070 6.8751e-01  1024.2057    11.9292    24.0609     7.0710    215.781    8.84244  269.83691     79.967 -9.990e-29
   40.43138  -72.83904     32.272     32.021    11.9338    31.7266      7.875     2.6070 6.9140e-01  1024.2055    11.9298    24.0609     7.0793    216.032    8.84248  269.83833     80.060 -9.990e-29
   40.43138  -72.83904     32.282     32.031    11.9342    31.7267      7.880     2.6070 6.9078e-01  1024.2059    11.9302    24.0609     7.0874    216.280    8.84254  269.83992     80.151 -9.990e-29
   40.43138  -72.83904     32.261     32.010    11.9349    31.7268      7.880     2.6204 6.9078e-01  1024.2056    11.9308    24.0609     7.0905    216.375    8.84252  269.83940     80.186 -9.990e-29
   40.43138  -72.83904     32.282     32.031    11.9350    31.7268      7.875     2.6204 6.9211e-01  1024.2056    11.9310    24.0608     7.0935    216.466    8.84255  269.84017     80.220 -9.990e-29
   40.43138  -72.83904     32.263     32.012    11.9353    31.7268      7.880     2.6204 6.9407e-01  1024.2054    11.9313    24.0608     7.0956    216.531    8.84251  269.83911     80.244 -9.990e-29
   40.43138  -72.83904     32.261     32.010    11.9355    31.7268      7.875     2.6204 6.9407e-01  1024.2057    11.9315    24.0608     7.0929    216.446    8.84257  269.84077     80.213 -9.990e-29
   40.43138  -72.83904     32.272     32.021    11.9357    31.7268      7.880     2.6204 6.9541e-01  1024.2055    11.9317    24.0607     7.0996    216.653    8.84263  269.84267     80.289 -9.990e-29
   40.43140  -72.83904     32.261     32.010    11.9357    31.7268      7.875     2.6070 6.9801e-01  1024.2053    11.9317    24.0607     7.1075    216.894    8.84266  269.84350     80.378 -9.990e-29
   40.43140  -72.83904     32.262     32.012    11.9357    31.7270      7.875     2.6204 6.9801e-01  1024.2056    11.9317    24.0608     7.1098    216.964    8.84278  269.84724     80.403 -9.990e-29
   40.43140  -72.83904     32.272     32.021    11.9359    31.7272      7.875     2.6204 7.0061e-01  1024.2056    11.9318    24.0609     7.1180    217.215    8.84281  269.84824     80.495 -9.990e-29
   40.43140  -72.83904     32.261     32.010    11.9357    31.7275      7.880     2.6204 7.0323e-01  1024.2062    11.9317    24.0612     7.1206    217.292    8.84285  269.84943     80.523 -9.990e-29
   40.43140  -72.83904     32.261     32.010    11.9359    31.7276      7.880     2.6204 7.0323e-01  1024.2061    11.9318    24.0612     7.1228    217.361    8.84287  269.84979     80.549 -9.990e-29
   40.43140  -72.83904     32.272     32.021    11.9363    31.7274      7.880     2.6204 7.0522e-01  1024.2057    11.9323    24.0610     7.1249    217.424    8.84290  269.85085     80.572 -9.990e-29
   40.43140  -72.83904     32.272     32.021    11.9363    31.7273      7.880     2.6204 7.0722e-01  1024.2058    11.9323    24.0610     7.1267    217.479    8.84288  269.85014     80.592 -9.990e-29
   40.43140  -72.83904     32.272     32.021    11.9367    31.7273      7.880     2.6204 7.0658e-01  1024.2058    11.9326    24.0609     7.1283    217.527    8.84288  269.85002     80.611 -9.990e-29
   40.43140  -72.83904     32.282     32.031    11.9367    31.7272      7.880     2.6204 7.0594e-01  1024.2056    11.9327    24.0608     7.1351    217.735    8.84281  269.84800     80.688 -9.990e-29
   40.43140  -72.83904     32.283     32.032    11.9368    31.7271      7.880     2.6204 7.0594e-01  1024.2055    11.9328    24.0608     7.1423    217.956    8.84275  269.84623     80.770 -9.990e-29
   40.43140  -72.83904     32.282     32.031    11.9368    31.7272      7.880     2.6204 7.0794e-01  1024.2055    11.9328    24.0608     7.1383    217.833    8.84272  269.84522     80.725 -9.990e-29
   40.43140  -72.83904     32.293     32.042    11.9368    31.7274      7.880     2.6204 7.0794e-01  1024.2059    11.9328    24.0609     7.1443    218.015    8.84267  269.84367     80.793 -9.990e-29
   40.43140  -72.83904     32.293     32.042    11.9368    31.7274      7.880     2.6204 7.1058e-01  1024.2059    11.9328    24.0609     7.1451    218.041    8.84260  269.84148     80.803 -9.990e-29
   40.43140  -72.83904     32.304     32.053    11.9368    31.7272      7.880     2.6204 7.0858e-01  1024.2057    11.9328    24.0608     7.1463    218.078    8.84252  269.83899     80.818 -9.990e-29
   40.43140  -72.83904     32.312     32.061    11.9368    31.7270      7.875     2.6204 7.0858e-01  1024.2056    11.9328    24.0607     7.1528    218.275    8.84247  269.83745     80.891 -9.990e-29
   40.43140  -72.83904     32.312     32.061    11.9368    31.7269      7.880     2.6204 7.0858e-01  1024.2056    11.9328    24.0607     7.1596    218.483    8.84240  269.83560     80.969 -9.990e-29
   40.43140  -72.83904     32.323     32.072    11.9365    31.7269      7.880     2.6204 7.0858e-01  1024.2056    11.9325    24.0607     7.1612    218.532    8.84230  269.83257     80.988 -9.990e-29
   40.43140  -72.83904     32.334     32.083    11.9360    31.7268      7.880     2.6204 7.0794e-01  1024.2059    11.9320    24.0606     7.1625    218.572    8.84224  269.83056     81.003 -9.990e-29
   40.43140  -72.83904     32.333     32.081    11.9360    31.7267      7.880     2.6204 7.0658e-01  1024.2054    11.9320    24.0605     7.1635    218.601    8.84214  269.82766     81.015 -9.990e-29
   40.43140  -72.83904     32.344     32.092    11.9359    31.7266      7.880     2.6338 7.0658e-01  1024.2057    11.9318    24.0605     7.1696    218.789    8.84208  269.82599     81.085 -9.990e-29
