CalculateIndicators/WaterTemperature/Data/CTD_NYOS/20240710_25.cnv
* Sea-Bird SBE 9 Data File:
* FileName = C:\Seabird 9 CTD\Data\2024\202407_offshore\20240710_25.hex
* Software Version Seasave V 7.23.2
* Temperature SN = 4590
* Conductivity SN = 3228
* Number of Bytes Per Scan = 44
* Number of Voltage Words = 5
* Number of Scans Averaged by the Deck Unit = 1
* NMEA Latitude = 40 53.51 N
* NMEA Longitude = 072 12.44 W
* NMEA UTC (Time) = Jul 10 2024  23:51:27
* NMEA baud rate = 4800
** Ship: seawolf
** Station: 11.1
** Operator: SJW
# nquan = 18
# nvalues = 8543                        
# units = specified
# name 0 = latitude: Latitude [deg]
# name 1 = longitude: Longitude [deg]
# name 2 = prDM: Pressure, Digiquartz [db]
# name 3 = depSM: Depth [salt water, m]
# name 4 = t090C: Temperature [ITS-90, deg C]
# name 5 = sal00: Salinity, Practical [PSU]
# name 6 = ph: pH
# name 7 = flECO-AFL: Fluorescence, WET Labs ECO-AFL/FL [mg/m^3]
# name 8 = cpar: CPAR/Corrected Irradiance [%]
# name 9 = density00: Density [density, kg/m^3]
# name 10 = potemp090C: Potential Temperature [ITS-90, deg C]
# name 11 = sigma-é00: Density [sigma-theta, kg/m^3]
# name 12 = sbeox0Mg/L: Oxygen, SBE 43 [mg/l]
# name 13 = sbox0Mm/Kg: Oxygen, SBE 43 [umol/kg]
# name 14 = oxsolMg/L: Oxygen Saturation, Garcia & Gordon [mg/l]
# name 15 = oxsolMm/Kg: Oxygen Saturation, Garcia & Gordon [umol/kg]
# name 16 = sbeox0PS: Oxygen, SBE 43 [% saturation]
# name 17 = flag:  0.000e+00
# span 0 =   40.89194,   40.89264       
# span 1 =  -72.20762,  -72.20740       
# span 2 =      1.212,     19.854       
# span 3 =      1.203,     19.699       
# span 4 =    15.0505,    19.8727       
# span 5 =    29.8058,    30.8608       
# span 6 =      7.892,      8.023       
# span 7 =     1.0758,     1.9354       
# span 8 = 4.6459e-13, 7.7638e+01       
# span 9 =  1020.6914,  1022.7056       
# span 10 =    15.0476,    19.8723      
# span 11 =    20.8136,    22.6231      
# span 12 =     7.3835,     8.5620      
# span 13 =    225.704,    261.892      
# span 14 =    7.62831,    8.34940      
# span 15 =  233.46058,  255.16193      
# span 16 =     89.677,    108.578      
# span 17 = 0.0000e+00, 0.0000e+00      
# interval = seconds: 0.0416667
# start_time = Jul 10 2024 23:51:27 [System UTC, first data scan.]
# bad_flag = -9.990e-29
*END*
[from data line 7880]
   40.89260  -72.20762      2.274      2.257    19.8332    30.1591      8.013     1.4116 1.3141e+01  1021.1263    19.8328    21.1164     8.2529    252.574    7.63395  233.63053    108.108 -9.990e-29
   40.89260  -72.20762      2.255      2.238    19.8330    30.1591      8.013     1.4116 1.3141e+01  1021.1262    19.8326    21.1165     8.2530    252.577    7.63392  233.62987    108.110 -9.990e-29
   40.89260  -72.20762      2.254      2.236    19.8329    30.1591      8.013     1.4116 1.3253e+01  1021.1264    19.8325    21.1165     8.2532    252.581    7.63393  233.63004    108.112 -9.990e-29
   40.89260  -72.20762      2.244      2.227    19.8330    30.1590      8.013     1.4116 1.3442e+01  1021.1261    19.8326    21.1164     8.2533    252.584    7.63391  233.62943    108.113 -9.990e-29
   40.89260  -72.20762      2.235      2.217    19.8328    30.1589      8.013     1.4116 1.3480e+01  1021.1261    19.8324    21.1164     8.2534    252.587    7.63389  233.62867    108.115 -9.990e-29
   40.89260  -72.20762      2.224      2.206    19.8325    30.1589      8.008     1.4116 1.3595e+01  1021.1260    19.8321    21.1165     8.2580    252.729    7.63387  233.62818    108.176 -9.990e-29
   40.89260  -72.20762      2.203      2.186    19.8325    30.1589      8.013     1.4116 1.3985e+01  1021.1262    19.8321    21.1166     8.2540    252.607    7.63390  233.62912    108.123 -9.990e-29
   40.89260  -72.20762      2.225      2.208    19.8321    30.1589      8.013     1.4116 1.4144e+01  1021.1262    19.8317    21.1166     8.2496    252.472    7.63389  233.62886    108.065 -9.990e-29
   40.89260  -72.20762      2.184      2.167    19.8320    30.1589      8.013     1.4116 1.4224e+01  1021.1260    19.8316    21.1166     8.2539    252.603    7.63391  233.62955    108.121 -9.990e-29
   40.89260  -72.20762      2.173      2.156    19.8316    30.1590      8.013     1.4116 1.4798e+01  1021.1263    19.8312    21.1168     8.2585    252.743    7.63388  233.62868    108.182 -9.990e-29
   40.89260  -72.20762      2.173      2.156    19.8312    30.1591      8.013     1.4116 1.5384e+01  1021.1264    19.8309    21.1169     8.2545    252.621    7.63391  233.62938    108.129 -9.990e-29
   40.89260  -72.20762      2.163      2.146    19.8315    30.1591      8.013     1.4116 1.5137e+01  1021.1261    19.8311    21.1169     8.2591    252.762    7.63388  233.62872    108.190 -9.990e-29
   40.89260  -72.20762      2.144      2.127    19.8312    30.1591      8.013     1.4116 1.6187e+01  1021.1264    19.8309    21.1169     8.2550    252.638    7.63387  233.62821    108.137 -9.990e-29
   40.89260  -72.20762      2.143      2.126    19.8314    30.1592      8.013     1.4116 1.6383e+01  1021.1262    19.8310    21.1170     8.2551    252.640    7.63384  233.62717    108.138 -9.990e-29
   40.89260  -72.20762      2.123      2.107    19.8313    30.1592      8.013     1.4116 1.6745e+01  1021.1264    19.8309    21.1171     8.2592    252.767    7.63379  233.62583    108.193 -9.990e-29
   40.89260  -72.20762      2.123      2.107    19.8312    30.1592      8.013     1.4116 1.6935e+01  1021.1264    19.8309    21.1171     8.2597    252.780    7.63377  233.62513    108.199 -9.990e-29
   40.89260  -72.20762      2.103      2.086    19.8312    30.1593      8.013     1.4116 1.7079e+01  1021.1261    19.8309    21.1170     8.2556    252.655    7.63376  233.62498    108.145 -9.990e-29
   40.89260  -72.20762      2.092      2.076    19.8310    30.1593      8.013     1.4116 1.6757e+01  1021.1262    19.8306    21.1170     8.2556    252.656    7.63376  233.62473    108.146 -9.990e-29
   40.89260  -72.20762      2.093      2.077    19.8311    30.1593      8.013     1.4116 1.7031e+01  1021.1261    19.8307    21.1171     8.2556    252.657    7.63374  233.62436    108.147 -9.990e-29
   40.89260  -72.20762      2.082      2.066    19.8309    30.1595      8.013     1.4116 1.6983e+01  1021.1264    19.8305    21.1172     8.2553    252.647    7.63375  233.62481    108.142 -9.990e-29
 -9.990e-29  -72.20762      2.073      2.056    19.8311    30.1595 -9.990e-29     1.4116 1.6983e+01  1021.1263    19.8307    21.1172     8.2553    252.647    7.63376  233.62498    108.142 -9.990e-29
 -9.990e-29  -72.20762      2.073      2.056    19.8312    30.1595 -9.990e-29     1.4116 1.6476e+01  1021.1262    19.8308    21.1172     8.2557    252.660    7.63374  233.62448    108.148 -9.990e-29
 -9.990e-29  -72.20762      2.062      2.046    19.8311    30.1595 -9.990e-29     1.4116 1.6199e+01  1021.1262    19.8307    21.1173     8.2603    252.801    7.63379  233.62594    108.208 -9.990e-29
 -9.990e-29  -72.20762      2.052      2.036    19.8309    30.1595 -9.990e-29     1.4116 1.6464e+01  1021.1263    19.8305    21.1173     8.2562    252.675    7.63376  233.62500    108.154 -9.990e-29
 -9.990e-29  -72.20762      2.062      2.046    19.8312    30.1595 -9.990e-29     1.4116 1.6107e+01  1021.1262    19.8308    21.1173     8.2563    252.676    7.63377  233.62529    108.154 -9.990e-29
 -9.990e-29  -72.20762      2.053      2.037    19.8311    30.1595 -9.990e-29     1.4116 1.6371e+01  1021.1263    19.8307    21.1173     8.2653    252.953    7.63375  233.62466    108.273 -9.990e-29
 -9.990e-29  -72.20762      2.062      2.046    19.8311    30.1595 -9.990e-29     1.4116 1.6017e+01  1021.1263    19.8307    21.1173     8.2615    252.836    7.63370  233.62306    108.224 -9.990e-29
 -9.990e-29  -72.20762      2.052      2.036    19.8310    30.1595 -9.990e-29     1.4116 1.6187e+01  1021.1262    19.8306    21.1172     8.2569    252.696    7.63367  233.62212    108.165 -9.990e-29
 -9.990e-29  -72.20762      2.052      2.036    19.8314    30.1595 -9.990e-29     1.3982 1.5780e+01  1021.1260    19.8310    21.1172     8.2568    252.693    7.63362  233.62073    108.164 -9.990e-29
 -9.990e-29  -72.20762      2.052      2.036    19.8312    30.1595 -9.990e-29     1.3847 1.5266e+01  1021.1263    19.8309    21.1172     8.2568    252.692    7.63362  233.62075    108.163 -9.990e-29
 -9.990e-29  -72.20762      2.052      2.036    19.8315    30.1594 -9.990e-29     1.3847 1.5309e+01  1021.1259    19.8311    21.1171     8.2567    252.691    7.63361  233.62041    108.163 -9.990e-29
 -9.990e-29  -72.20762      2.063      2.047    19.8314    30.1592 -9.990e-29     1.3847 1.5352e+01  1021.1260    19.8310    21.1169     8.2571    252.701    7.63359  233.61992    108.168 -9.990e-29
 -9.990e-29  -72.20762      2.073      2.056    19.8314    30.1591 -9.990e-29     1.3847 1.5395e+01  1021.1258    19.8310    21.1168     8.2574    252.712    7.63357  233.61938    108.172 -9.990e-29
 -9.990e-29  -72.20762      2.062      2.046    19.8314    30.1591 -9.990e-29     1.3847 1.5395e+01  1021.1258    19.8310    21.1168     8.2574    252.712    7.63357  233.61939    108.172 -9.990e-29
 -9.990e-29  -72.20762      2.073      2.056    19.8313    30.1591 -9.990e-29     1.3847 1.5222e+01  1021.1259    19.8309    21.1169     8.2579    252.725    7.63362  233.62077    108.177 -9.990e-29
 -9.990e-29  -72.20762      2.082      2.066    19.8311    30.1593 -9.990e-29     1.3847 1.5137e+01  1021.1263    19.8307    21.1171     8.2628    252.877    7.63364  233.62163    108.242 -9.990e-29
 -9.990e-29  -72.20762      2.092      2.076    19.8312    30.1593 -9.990e-29     1.3847 1.5094e+01  1021.1263    19.8309    21.1171     8.2583    252.740    7.63369  233.62314    108.183 -9.990e-29
 -9.990e-29  -72.20762      2.103      2.086    19.8313    30.1593 -9.990e-29     1.3847 1.4508e+01  1021.1261    19.8309    21.1170     8.2629    252.878    7.63371  233.62367    108.242 -9.990e-29
 -9.990e-29  -72.20762      2.123      2.107    19.8312    30.1593 -9.990e-29     1.3847 1.4104e+01  1021.1261    19.8309    21.1170     8.2632    252.888    7.63369  233.62299    108.246 -9.990e-29
 -9.990e-29  -72.20762      2.133      2.116    19.8314    30.1593 -9.990e-29     1.3847 1.4024e+01  1021.1262    19.8310    21.1171     8.2632    252.888    7.63374  233.62436    108.245 -9.990e-29
 -9.990e-29  -72.20762      2.143      2.126    19.8310    30.1597 -9.990e-29     1.3847 1.3595e+01  1021.1268    19.8306    21.1174     8.2586    252.746    7.63372  233.62386    108.185 -9.990e-29
 -9.990e-29  -72.20762      2.173      2.156    19.8312    30.1597 -9.990e-29     1.3847 1.3141e+01  1021.1273    19.8309    21.1176     8.2584    252.742    7.63369  233.62298    108.184 -9.990e-29
 -9.990e-29  -72.20762      2.184      2.167    19.8312    30.1598 -9.990e-29     1.3847 1.3030e+01  1021.1270    19.8309    21.1175     8.2670    253.004    7.63371  233.62344    108.295 -9.990e-29
 -9.990e-29  -72.20762      2.195      2.178    19.8315    30.1599 -9.990e-29     1.3847 1.2957e+01  1021.1266    19.8311    21.1173     8.2581    252.734    7.63369  233.62291    108.180 -9.990e-29
 -9.990e-29  -72.20762      2.214      2.197    19.8316    30.1599 -9.990e-29     1.3847 1.2847e+01  1021.1270    19.8312    21.1174     8.2580    252.728    7.63368  233.62256    108.178 -9.990e-29
 -9.990e-29  -72.20762      2.235      2.217    19.8316    30.1600 -9.990e-29     1.3847 1.2811e+01  1021.1274    19.8312    21.1175     8.2620    252.850    7.63372  233.62378    108.230 -9.990e-29
 -9.990e-29  -72.20762      2.254      2.236    19.8319    30.1600 -9.990e-29     1.3847 1.2884e+01  1021.1273    19.8315    21.1175     8.2617    252.842    7.63367  233.62231    108.227 -9.990e-29
 -9.990e-29  -72.20762      2.265      2.247    19.8319    30.1600 -9.990e-29     1.3847 1.3030e+01  1021.1274    19.8315    21.1174     8.2614    252.834    7.63367  233.62230    108.224 -9.990e-29
 -9.990e-29  -72.20762      2.274      2.257    19.8323    30.1600 -9.990e-29     1.3847 1.3067e+01  1021.1271    19.8319    21.1173     8.2612    252.826    7.63367  233.62239    108.220 -9.990e-29
 -9.990e-29  -72.20762      2.285      2.268    19.8325    30.1599 -9.990e-29     1.3847 1.3104e+01  1021.1271    19.8321    21.1172     8.2658    252.967    7.63369  233.62279    108.280 -9.990e-29
 -9.990e-29  -72.20762      2.305      2.287    19.8324    30.1598 -9.990e-29     1.3847 1.3216e+01  1021.1273    19.8320    21.1171     8.2662    252.981    7.63370  233.62305    108.286 -9.990e-29
 -9.990e-29  -72.20762      2.316      2.298    19.8327    30.1598 -9.990e-29     1.3847 1.3253e+01  1021.1270    19.8322    21.1171     8.2666    252.993    7.63367  233.62212    108.292 -9.990e-29
 -9.990e-29  -72.20762      2.325      2.307    19.8327    30.1598 -9.990e-29     1.3982 1.3253e+01  1021.1274    19.8322    21.1171     8.2670    253.003    7.63363  233.62090    108.297 -9.990e-29
 -9.990e-29  -72.20762      2.335      2.317    19.8329    30.1597 -9.990e-29     1.4250 1.3328e+01  1021.1272    19.8325    21.1170     8.2673    253.015    7.63364  233.62133    108.301 -9.990e-29
 -9.990e-29  -72.20762      2.356      2.337    19.8328    30.1595 -9.990e-29     1.4250 1.3366e+01  1021.1270    19.8324    21.1168     8.2680    253.037    7.63364  233.62140    108.311 -9.990e-29
 -9.990e-29  -72.20762      2.356      2.337    19.8328    30.1594 -9.990e-29     1.4250 1.3404e+01  1021.1271    19.8324    21.1168     8.2684    253.047    7.63365  233.62175    108.315 -9.990e-29
 -9.990e-29  -72.20762      2.376      2.358    19.8327    30.1594 -9.990e-29     1.4250 1.3672e+01  1021.1270    19.8323    21.1167     8.2682    253.042    7.63364  233.62150    108.313 -9.990e-29
 -9.990e-29  -72.20762      2.376      2.358    19.8330    30.1594 -9.990e-29     1.4250 1.3789e+01  1021.1268    19.8326    21.1167     8.2684    253.048    7.63363  233.62107    108.316 -9.990e-29
 -9.990e-29  -72.20762      2.395      2.377    19.8327    30.1594 -9.990e-29     1.4250 1.3828e+01  1021.1274    19.8322    21.1168     8.2690    253.068    7.63364  233.62141    108.324 -9.990e-29
 -9.990e-29  -72.20762      2.406      2.388    19.8329    30.1596 -9.990e-29     1.4250 1.4184e+01  1021.1272    19.8325    21.1169     8.2692    253.073    7.63367  233.62225    108.326 -9.990e-29
 -9.990e-29  -72.20762      2.406      2.388    19.8328    30.1598 -9.990e-29     1.4250 1.4467e+01  1021.1276    19.8324    21.1171     8.2653    252.952    7.63367  233.62225    108.274 -9.990e-29
 -9.990e-29  -72.20762      2.427      2.408    19.8330    30.1600 -9.990e-29     1.4250 1.4508e+01  1021.1278    19.8326    21.1172     8.2695    253.083    7.63367  233.62242    108.330 -9.990e-29
 -9.990e-29  -72.20762      2.446      2.427    19.8332    30.1600 -9.990e-29     1.4250 1.4632e+01  1021.1280    19.8328    21.1172     8.2697    253.086    7.63368  233.62278    108.331 -9.990e-29
 -9.990e-29  -72.20762      2.446      2.427    19.8335    30.1600 -9.990e-29     1.4250 1.4756e+01  1021.1277    19.8331    21.1170     8.2702    253.102    7.63371  233.62353    108.337 -9.990e-29
 -9.990e-29  -72.20762      2.457      2.438    19.8337    30.1598 -9.990e-29     1.4250 1.4798e+01  1021.1274    19.8332    21.1169     8.2661    252.978    7.63370  233.62328    108.284 -9.990e-29
 -9.990e-29  -72.20762      2.476      2.457    19.8336    30.1598 -9.990e-29     1.4250 1.4798e+01  1021.1278    19.8332    21.1168     8.2658    252.969    7.63375  233.62474    108.280 -9.990e-29
 -9.990e-29  -72.20762      2.476      2.457    19.8339    30.1595 -9.990e-29     1.4250 1.4756e+01  1021.1273    19.8334    21.1166     8.2700    253.096    7.63373  233.62429    108.335 -9.990e-29
 -9.990e-29  -72.20762      2.507      2.487    19.8339    30.1593 -9.990e-29     1.4250 1.5040e+01  1021.1272    19.8334    21.1164     8.2700    253.097    7.63377  233.62543    108.335 -9.990e-29
 -9.990e-29  -72.20762      2.507      2.487    19.8339    30.1593 -9.990e-29     1.4250 1.4787e+01  1021.1272    19.8334    21.1163     8.2654    252.957    7.63375  233.62481    108.275 -9.990e-29
 -9.990e-29  -72.20762      2.529      2.509    19.8340    30.1593 -9.990e-29     1.4250 1.4375e+01  1021.1273    19.8335    21.1164     8.2650    252.945    7.63377  233.62538    108.269 -9.990e-29
 -9.990e-29  -72.20762      2.527      2.508    19.8335    30.1592 -9.990e-29     1.4250 1.4214e+01  1021.1276    19.8331    21.1164     8.2646    252.931    7.63377  233.62541    108.263 -9.990e-29
 -9.990e-29  -72.20762      2.548      2.528    19.8339    30.1593 -9.990e-29     1.4250 1.4014e+01  1021.1273    19.8334    21.1164     8.2691    253.068    7.63380  233.62632    108.322 -9.990e-29
 -9.990e-29  -72.20762      2.558      2.538    19.8338    30.1593 -9.990e-29     1.4250 1.3508e+01  1021.1275    19.8333    21.1164     8.2645    252.927    7.63379  233.62600    108.262 -9.990e-29
 -9.990e-29  -72.20762      2.569      2.549    19.8339    30.1594 -9.990e-29     1.4250 1.3318e+01  1021.1276    19.8334    21.1165     8.2639    252.910    7.63378  233.62572    108.254 -9.990e-29
 -9.990e-29  -72.20762      2.578      2.558    19.8340    30.1597 -9.990e-29     1.4250 1.3206e+01  1021.1280    19.8336    21.1167     8.2643    252.921    7.63382  233.62706    108.258 -9.990e-29
 -9.990e-29  -72.20762      2.599      2.579    19.8343    30.1597 -9.990e-29     1.4250 1.2801e+01  1021.1279    19.8338    21.1167     8.2687    253.057    7.63382  233.62707    108.317 -9.990e-29
 -9.990e-29  -72.20762      2.599      2.579    19.8346    30.1597 -9.990e-29     1.4250 1.2622e+01  1021.1280    19.8341    21.1166     8.2641    252.916    7.63388  233.62868    108.256 -9.990e-29
 -9.990e-29  -72.20762      2.608      2.588    19.8347    30.1597 -9.990e-29     1.4250 1.2586e+01  1021.1276    19.8343    21.1165     8.2636    252.899    7.63387  233.62842    108.249 -9.990e-29
 -9.990e-29  -72.20762      2.619      2.599    19.8347    30.1597 -9.990e-29     1.4116 1.2097e+01  1021.1280    19.8342    21.1165     8.2630    252.883    7.63389  233.62900    108.241 -9.990e-29
