CalculateIndicators/WaterTemperature/Data/CTD_NYOS/20240710_C16.cnv
* Sea-Bird SBE 9 Data File:
* FileName = C:\Seabird 9 CTD\Data\2024\202407_offshore\20240710_C16.hex
* Software Version Seasave V 7.23.2
* Temperature SN = 4590
* Conductivity SN = 3228
* Number of Bytes Per Scan = 44
* Number of Voltage Words = 5
* Number of Scans Averaged by the Deck Unit = 1
* NMEA Latitude = 39 59.92 N
* NMEA Longitude = 072 32.23 W
* NMEA UTC (Time) = Jul 10 2024  00:52:05
* NMEA baud rate = 4800
** Ship: seawolf
** Station: 9.4
** Operator: TDK
# nquan = 18
# nvalues = 14089                       
# units = specified
# name 0 = latitude: Latitude [deg]
# name 1 = longitude: Longitude [deg]
# name 2 = prDM: Pressure, Digiquartz [db]
# name 3 = depSM: Depth [salt water, m]
# name 4 = t090C: Temperature [ITS-90, deg C]
# name 5 = sal00: Salinity, Practical [PSU]
# name 6 = ph: pH
# name 7 = flECO-AFL: Fluorescence, WET Labs ECO-AFL/FL [mg/m^3]
# name 8 = cpar: CPAR/Corrected Irradiance [%]
# name 9 = density00: Density [density, kg/m^3]
# name 10 = potemp090C: Potential Temperature [ITS-90, deg C]
# name 11 = sigma-é00: Density [sigma-theta, kg/m^3]
# name 12 = sbeox0Mg/L: Oxygen, SBE 43 [mg/l]
# name 13 = sbox0Mm/Kg: Oxygen, SBE 43 [umol/kg]
# name 14 = oxsolMg/L: Oxygen Saturation, Garcia & Gordon [mg/l]
# name 15 = oxsolMm/Kg: Oxygen Saturation, Garcia & Gordon [umol/kg]
# name 16 = sbeox0PS: Oxygen, SBE 43 [% saturation]
# name 17 = flag:  0.000e+00
# span 0 =   39.99866,   40.00002       
# span 1 =  -72.53720,  -72.53518       
# span 2 =      1.661,     63.292       
# span 3 =      1.648,     62.797       
# span 4 =     6.6387,    23.8874       
# span 5 =    30.0600,    32.3745       
# span 6 =      7.900,      8.211       
# span 7 =    -0.0389,     2.8084       
# span 8 = 1.6880e-11, 3.5502e+01       
# span 9 =  1020.0281,  1025.6143       
# span 10 =     6.6354,    23.8869      
# span 11 =    20.0278,    25.3356      
# span 12 =     7.4061,    10.7293      
# span 13 =    226.874,    327.189      
# span 14 =    7.09281,    9.92335      
# span 15 =  217.29079,  302.51662      
# span 16 =     81.765,    115.428      
# span 17 = 0.0000e+00, 0.0000e+00      
# interval = seconds: 0.0416667
# start_time = Jul 10 2024 00:52:06 [System UTC, first data scan.]
# bad_flag = -9.990e-29
*END*
[from data line 12865]
 -9.990e-29 -9.990e-29      2.738      2.717    23.8594    30.2517      8.083     0.6192 8.4365e+00  1020.1038    23.8589    20.0920     7.4677    228.771    7.09631  217.39439    105.233 -9.990e-29
 -9.990e-29 -9.990e-29      2.727      2.706    23.8593    30.2512      8.083     0.6192 9.1223e+00  1020.1035    23.8588    20.0917     7.4677    228.772    7.09624  217.39238    105.235 -9.990e-29
 -9.990e-29 -9.990e-29      2.697      2.676    23.8592    30.2508      8.083     0.6192 9.0634e+00  1020.1027    23.8587    20.0914     7.4678    228.775    7.09623  217.39190    105.236 -9.990e-29
 -9.990e-29 -9.990e-29      2.697      2.676    23.8583    30.2506      8.083     0.6192 8.9465e+00  1020.1031    23.8577    20.0915     7.4679    228.778    7.09622  217.39180    105.237 -9.990e-29
 -9.990e-29 -9.990e-29      2.687      2.666    23.8576    30.2506      8.083     0.6192 8.9175e+00  1020.1032    23.8571    20.0917     7.4718    228.898    7.09622  217.39195    105.293 -9.990e-29
 -9.990e-29 -9.990e-29      2.666      2.646    23.8571    30.2506      8.083     0.6192 8.3540e+00  1020.1033    23.8565    20.0919     7.4722    228.911    7.09629  217.39431    105.298 -9.990e-29
 -9.990e-29 -9.990e-29      2.646      2.625    23.8560    30.2506      8.083     0.6192 5.5839e+00  1020.1034    23.8554    20.0921     7.4682    228.789    7.09643  217.39919    105.239 -9.990e-29
 -9.990e-29 -9.990e-29      2.625      2.605    23.8555    30.2510      8.083     0.6192 4.6187e+00  1020.1038    23.8549    20.0926     7.4722    228.911    7.09657  217.40359    105.293 -9.990e-29
 -9.990e-29 -9.990e-29      2.615      2.595    23.8547    30.2515      8.083     0.6192 4.6356e+00  1020.1044    23.8541    20.0932     7.4722    228.910    7.09661  217.40434    105.292 -9.990e-29
 -9.990e-29 -9.990e-29      2.606      2.586    23.8546    30.2521      8.083     0.6192 5.8231e+00  1020.1050    23.8540    20.0936     7.4722    228.910    7.09673  217.40757    105.291 -9.990e-29
 -9.990e-29 -9.990e-29      2.576      2.556    23.8551    30.2521      8.083     0.6192 6.6136e+00  1020.1050    23.8545    20.0938     7.4679    228.779    7.09673  217.40732    105.231 -9.990e-29
 -9.990e-29 -9.990e-29      2.555      2.535    23.8553    30.2521      8.083     0.6192 6.6587e+00  1020.1047    23.8548    20.0936     7.4716    228.892    7.09675  217.40794    105.282 -9.990e-29
 -9.990e-29 -9.990e-29      2.545      2.526    23.8555    30.2516      8.083     0.6192 5.1107e+00  1020.1041    23.8549    20.0931     7.4714    228.885    7.09671  217.40650    105.280 -9.990e-29
 -9.990e-29 -9.990e-29      2.525      2.505    23.8549    30.2509      8.083     0.6192 4.2110e+00  1020.1032    23.8544    20.0928     7.4712    228.877    7.09673  217.40699    105.276 -9.990e-29
 -9.990e-29 -9.990e-29      2.504      2.485    23.8540    30.2509      8.083     0.6192 4.1019e+00  1020.1035    23.8535    20.0929     7.4668    228.743    7.09675  217.40788    105.214 -9.990e-29
 -9.990e-29 -9.990e-29      2.495      2.475    23.8529    30.2509      8.083     0.6192 4.9127e+00  1020.1040    23.8524    20.0932     7.4662    228.726    7.09678  217.40894    105.205 -9.990e-29
 -9.990e-29 -9.990e-29      2.484      2.465    23.8519    30.2509      8.083     0.6192 5.7424e+00  1020.1042    23.8513    20.0936     7.4656    228.708    7.09680  217.40951    105.197 -9.990e-29
 -9.990e-29 -9.990e-29      2.464      2.446    23.8511    30.2511      8.083     0.6192 5.9046e+00  1020.1046    23.8506    20.0940     7.4649    228.687    7.09680  217.40945    105.187 -9.990e-29
 -9.990e-29 -9.990e-29      2.453      2.435    23.8504    30.2515      8.083     0.6192 4.3223e+00  1020.1049    23.8499    20.0944     7.4645    228.673    7.09671  217.40632    105.182 -9.990e-29
 -9.990e-29 -9.990e-29      2.434      2.416    23.8501    30.2519      8.083     0.6192 2.7681e+00  1020.1053    23.8496    20.0949     7.4640    228.657    7.09659  217.40258    105.177 -9.990e-29
 -9.990e-29 -9.990e-29      2.423      2.405    23.8501    30.2526      8.083     0.6192 2.4642e+00  1020.1059    23.8496    20.0953     7.4635    228.644    7.09656  217.40204    105.171 -9.990e-29
 -9.990e-29 -9.990e-29      2.414      2.395    23.8502    30.2531      8.083     0.6057 3.2627e+00  1020.1062    23.8497    20.0957     7.4632    228.633    7.09659  217.40305    105.166 -9.990e-29
 -9.990e-29 -9.990e-29      2.403      2.384    23.8504    30.2534      8.083     0.6057 5.1841e+00  1020.1062    23.8499    20.0959     7.4628    228.621    7.09661  217.40360    105.160 -9.990e-29
 -9.990e-29 -9.990e-29      2.403      2.384    23.8507    30.2537      8.083     0.6057 5.8637e+00  1020.1063    23.8502    20.0960     7.4623    228.607    7.09660  217.40342    105.153 -9.990e-29
 -9.990e-29 -9.990e-29      2.383      2.365    23.8511    30.2538      8.083     0.6057 6.0915e+00  1020.1063    23.8507    20.0960     7.4618    228.591    7.09653  217.40113    105.147 -9.990e-29
 -9.990e-29 -9.990e-29      2.372      2.354    23.8513    30.2538      8.083     0.6057 6.9115e+00  1020.1061    23.8508    20.0959     7.4613    228.576    7.09651  217.40038    105.141 -9.990e-29
 -9.990e-29 -9.990e-29      2.383      2.365    23.8518    30.2538      8.083     0.6057 7.2690e+00  1020.1059    23.8513    20.0957     7.4610    228.567    7.09637  217.39621    105.138 -9.990e-29
 -9.990e-29 -9.990e-29      2.372      2.354    23.8520    30.2538      8.083     0.6192 7.6673e+00  1020.1058    23.8516    20.0957     7.4605    228.550    7.09633  217.39478    105.131 -9.990e-29
 -9.990e-29 -9.990e-29      2.372      2.354    23.8524    30.2539      8.083     0.6057 1.0242e+01  1020.1059    23.8519    20.0957     7.4644    228.670    7.09628  217.39335    105.187 -9.990e-29
 -9.990e-29 -9.990e-29      2.363      2.345    23.8526    30.2539      8.083     0.6057 1.1626e+01  1020.1058    23.8521    20.0957     7.4603    228.544    7.09620  217.39121    105.130 -9.990e-29
 -9.990e-29 -9.990e-29      2.383      2.365    23.8527    30.2539      8.083     0.6057 1.1626e+01  1020.1061    23.8523    20.0956     7.4600    228.536    7.09614  217.38923    105.128 -9.990e-29
 -9.990e-29 -9.990e-29      2.363      2.345    23.8534    30.2539      8.083     0.6057 1.0607e+01  1020.1054    23.8529    20.0954     7.4597    228.527    7.09606  217.38695    105.125 -9.990e-29
 -9.990e-29 -9.990e-29      2.393      2.375    23.8537    30.2539      8.083     0.6057 1.0112e+01  1020.1053    23.8532    20.0952     7.4595    228.521    7.09603  217.38612    105.122 -9.990e-29
 -9.990e-29 -9.990e-29      2.383      2.365    23.8543    30.2538      8.083     0.6057 9.9831e+00  1020.1055    23.8538    20.0952     7.4593    228.516    7.09607  217.38730    105.119 -9.990e-29
 -9.990e-29 -9.990e-29      2.393      2.375    23.8549    30.2538      8.083     0.6057 6.6136e+00  1020.1054    23.8544    20.0950     7.4591    228.510    7.09608  217.38751    105.116 -9.990e-29
   39.99994  -72.53538      2.414      2.395    23.8555    30.2537      8.083     0.6057 4.9305e+00  1020.1050    23.8550    20.0946     7.4592    228.513    7.09608  217.38758    105.118 -9.990e-29
   39.99994  -72.53538      2.414      2.395    23.8560    30.2535      8.083     0.6057 4.7381e+00  1020.1046    23.8555    20.0944     7.4590    228.507    7.09606  217.38699    105.115 -9.990e-29
   39.99994  -72.53538      2.433      2.414    23.8560    30.2532      8.083     0.6057 5.5643e+00  1020.1046    23.8555    20.0941     7.4589    228.502    7.09608  217.38763    105.112 -9.990e-29
   39.99994  -72.53538      2.444      2.425    23.8561    30.2530      8.088     0.6057 6.3048e+00  1020.1045    23.8556    20.0939     7.4590    228.505    7.09606  217.38698    105.114 -9.990e-29
   39.99994  -72.53538      2.455      2.436    23.8564    30.2527      8.083     0.6057 6.4577e+00  1020.1040    23.8559    20.0937     7.4588    228.498    7.09603  217.38600    105.112 -9.990e-29
   39.99994  -72.53538      2.484      2.465    23.8562    30.2526      8.083     0.6057 6.1761e+00  1020.1043    23.8557    20.0936     7.4627    228.619    7.09602  217.38581    105.168 -9.990e-29
   39.99994  -72.53538      2.504      2.485    23.8563    30.2525      8.083     0.6192 5.8842e+00  1020.1043    23.8558    20.0935     7.4587    228.497    7.09606  217.38709    105.111 -9.990e-29
   39.99994  -72.53538      2.514      2.495    23.8564    30.2522      8.083     0.6057 5.8434e+00  1020.1042    23.8558    20.0933     7.4630    228.627    7.09604  217.38643    105.171 -9.990e-29
   39.99994  -72.53538      2.546      2.526    23.8563    30.2522      8.083     0.6057 7.0527e+00  1020.1036    23.8558    20.0931     7.4633    228.637    7.09597  217.38423    105.177 -9.990e-29
   39.99994  -72.53538      2.555      2.536    23.8562    30.2522      8.083     0.6192 9.8244e+00  1020.1040    23.8557    20.0931     7.4596    228.523    7.09594  217.38340    105.124 -9.990e-29
   39.99994  -72.53538      2.585      2.566    23.8563    30.2523      8.083     0.6192 1.0811e+01  1020.1045    23.8558    20.0933     7.4594    228.518    7.09595  217.38385    105.122 -9.990e-29
   39.99994  -72.53538      2.606      2.586    23.8565    30.2526      8.083     0.6192 1.0406e+01  1020.1047    23.8560    20.0935     7.4595    228.521    7.09594  217.38333    105.123 -9.990e-29
   39.99994  -72.53538      2.627      2.607    23.8565    30.2528      8.088     0.6192 9.3917e+00  1020.1050    23.8560    20.0937     7.4594    228.517    7.09597  217.38427    105.121 -9.990e-29
   39.99994  -72.53538      2.646      2.626    23.8563    30.2529      8.083     0.6192 9.0634e+00  1020.1051    23.8557    20.0938     7.4633    228.638    7.09595  217.38388    105.177 -9.990e-29
   39.99994  -72.53538      2.667      2.646    23.8567    30.2529      8.083     0.6192 9.3011e+00  1020.1054    23.8561    20.0940     7.4634    228.642    7.09595  217.38374    105.179 -9.990e-29
   39.99994  -72.53538      2.697      2.676    23.8567    30.2529      8.083     0.6192 1.0373e+01  1020.1058    23.8561    20.0940     7.4635    228.645    7.09596  217.38388    105.180 -9.990e-29
   39.99994  -72.53538      2.706      2.686    23.8569    30.2527      8.083     0.6192 1.0845e+01  1020.1054    23.8563    20.0936     7.4636    228.648    7.09594  217.38366    105.182 -9.990e-29
   39.99994  -72.53538      2.738      2.717    23.8573    30.2516      8.088     0.6192 1.0743e+01  1020.1046    23.8567    20.0926     7.4637    228.651    7.09597  217.38438    105.183 -9.990e-29
   39.99994  -72.53538      2.768      2.747    23.8574    30.2497      8.083     0.6192 9.5750e+00  1020.1032    23.8568    20.0911     7.4600    228.536    7.09597  217.38436    105.130 -9.990e-29
   39.99994  -72.53538      2.778      2.757    23.8573    30.2485      8.088     0.6192 9.0340e+00  1020.1009    23.8567    20.0899     7.4642    228.666    7.09597  217.38452    105.190 -9.990e-29
   39.99994  -72.53538      2.787      2.766    23.8561    30.2485      8.083     0.6192 9.0048e+00  1020.1012    23.8555    20.0899     7.4643    228.669    7.09600  217.38531    105.191 -9.990e-29
   39.99994  -72.53538      2.819      2.797    23.8553    30.2485      8.083     0.6192 9.0340e+00  1020.1029    23.8547    20.0909     7.4647    228.681    7.09598  217.38458    105.196 -9.990e-29
   39.99994  -72.53538      2.829      2.807    23.8538    30.2499      8.083     0.6192 9.0634e+00  1020.1045    23.8532    20.0922     7.4651    228.692    7.09598  217.38457    105.202 -9.990e-29
   39.99994  -72.53538      2.849      2.827    23.8534    30.2513      8.083     0.6192 9.0634e+00  1020.1057    23.8528    20.0934     7.4655    228.704    7.09597  217.38448    105.207 -9.990e-29
   39.99994  -72.53538      2.859      2.837    23.8527    30.2524      8.088     0.6192 9.4524e+00  1020.1069    23.8522    20.0944     7.4656    228.707    7.09601  217.38545    105.208 -9.990e-29
   39.99994  -72.53538      2.880      2.857    23.8527    30.2524      8.083     0.6192 9.7929e+00  1020.1079    23.8521    20.0950     7.4659    228.718    7.09596  217.38396    105.214 -9.990e-29
   39.99994  -72.53538      2.880      2.857    23.8527    30.2524      8.083     0.6192 9.8560e+00  1020.1075    23.8522    20.0949     7.4663    228.731    7.09600  217.38523    105.219 -9.990e-29
   39.99994  -72.53538      2.899      2.877    23.8529    30.2522      8.083     0.6192 1.4409e+01  1020.1067    23.8523    20.0943     7.4667    228.743    7.09601  217.38573    105.225 -9.990e-29
   39.99994  -72.53538      2.900      2.878    23.8531    30.2522      8.088     0.6192 9.3011e+00  1020.1058    23.8525    20.0938     7.4668    228.744    7.09600  217.38508    105.225 -9.990e-29
   39.99994  -72.53538      2.930      2.908    23.8527    30.2522      8.088     0.6192 9.2412e+00  1020.1064    23.8521    20.0940     7.4669    228.746    7.09599  217.38486    105.226 -9.990e-29
   39.99994  -72.53538      2.930      2.908    23.8524    30.2526      8.083     0.6192 1.4975e+01  1020.1073    23.8518    20.0947     7.4669    228.748    7.09597  217.38440    105.227 -9.990e-29
   39.99994  -72.53538      2.950      2.927    23.8526    30.2530      8.088     0.6192 1.7005e+01  1020.1085    23.8520    20.0954     7.4669    228.749    7.09599  217.38500    105.227 -9.990e-29
   39.99994  -72.53538      2.950      2.927    23.8535    30.2530      8.088     0.6192 1.7604e+01  1020.1085    23.8529    20.0953     7.4629    228.624    7.09600  217.38529    105.170 -9.990e-29
   39.99994  -72.53538      2.950      2.927    23.8542    30.2530      8.088     0.6192 1.7059e+01  1020.1072    23.8536    20.0947     7.4667    228.742    7.09599  217.38509    105.224 -9.990e-29
   39.99994  -72.53538      2.961      2.938    23.8544    30.2525      8.083     0.6192 1.0540e+01  1020.1062    23.8538    20.0940     7.4668    228.743    7.09602  217.38590    105.225 -9.990e-29
   39.99994  -72.53538      2.970      2.947    23.8542    30.2525      8.088     0.6057 1.0275e+01  1020.1065    23.8536    20.0939     7.4667    228.742    7.09598  217.38456    105.225 -9.990e-29
   39.99994  -72.53538      2.961      2.938    23.8540    30.2525      8.088     0.6057 1.0209e+01  1020.1069    23.8534    20.0942     7.4667    228.743    7.09600  217.38539    105.225 -9.990e-29
   39.99994  -72.53538      2.970      2.948    23.8544    30.2529      8.088     0.6057 9.8876e+00  1020.1073    23.8538    20.0944     7.4667    228.743    7.09601  217.38553    105.225 -9.990e-29
   39.99994  -72.53538      2.961      2.938    23.8545    30.2533      8.088     0.6057 9.7615e+00  1020.1074    23.8539    20.0946     7.4667    228.743    7.09603  217.38636    105.224 -9.990e-29
   39.99994  -72.53538      2.961      2.938    23.8555    30.2536      8.088     0.6057 9.8560e+00  1020.1074    23.8549    20.0947     7.4668    228.743    7.09607  217.38766    105.224 -9.990e-29
   39.99994  -72.53538      2.950      2.927    23.8558    30.2536      8.088     0.6057 1.5961e+01  1020.1074    23.8552    20.0947     7.4626    228.616    7.09612  217.38907    105.165 -9.990e-29
   39.99994  -72.53538      2.950      2.927    23.8562    30.2536      8.088     0.6057 1.1054e+01  1020.1073    23.8556    20.0944     7.4622    228.605    7.09610  217.38849    105.160 -9.990e-29
   39.99994  -72.53538      2.930      2.908    23.8570    30.2535      8.088     0.6057 1.1054e+01  1020.1064    23.8564    20.0941     7.4622    228.604    7.09611  217.38864    105.159 -9.990e-29
   39.99994  -72.53538      2.930      2.908    23.8574    30.2533      8.088     0.6057 9.7615e+00  1020.1065    23.8568    20.0938     7.4619    228.593    7.09609  217.38778    105.155 -9.990e-29
