CalculateIndicators/WaterTemperature/Data/CTD_NYOS/20240428_C22.cnv
* Sea-Bird SBE 9 Data File:
* FileName = C:\Seabird 9 CTD\Data\2024\202404_offshore\20240428_C22.hex
* Software Version Seasave V 7.23.2
* Temperature SN = 4590
* Conductivity SN = 3228
* Number of Bytes Per Scan = 44
* Number of Voltage Words = 5
* Number of Scans Averaged by the Deck Unit = 1
* NMEA Latitude = 40 21.57 N
* NMEA Longitude = 072 19.02 W
* NMEA UTC (Time) = Apr 28 2024  10:46:36
* NMEA baud rate = 4800
** Ship: Seawolf
** Station: 10.3
** Operator: TCM
# nquan = 18
# nvalues = 12680                       
# units = specified
# name 0 = latitude: Latitude [deg]
# name 1 = longitude: Longitude [deg]
# name 2 = prDM: Pressure, Digiquartz [db]
# name 3 = depSM: Depth [salt water, m]
# name 4 = t090C: Temperature [ITS-90, deg C]
# name 5 = sal00: Salinity, Practical [PSU]
# name 6 = ph: pH
# name 7 = flECO-AFL: Fluorescence, WET Labs ECO-AFL/FL [mg/m^3]
# name 8 = cpar: CPAR/Corrected Irradiance [%]
# name 9 = density00: Density [density, kg/m^3]
# name 10 = potemp090C: Potential Temperature [ITS-90, deg C]
# name 11 = sigma-é00: Density [sigma-theta, kg/m^3]
# name 12 = sbeox0Mg/L: Oxygen, SBE 43 [mg/l]
# name 13 = sbox0Mm/Kg: Oxygen, SBE 43 [umol/kg]
# name 14 = oxsolMg/L: Oxygen Saturation, Garcia & Gordon [mg/l]
# name 15 = oxsolMm/Kg: Oxygen Saturation, Garcia & Gordon [umol/kg]
# name 16 = sbeox0PS: Oxygen, SBE 43 [% saturation]
# name 17 = flag:  0.000e+00
# span 0 =   40.35956,   40.36086       
# span 1 =  -72.31890,  -72.31698       
# span 2 =      1.493,     53.817       
# span 3 =      1.481,     53.396       
# span 4 =     6.0591,     8.4037       
# span 5 =    30.9875,    31.8722       
# span 6 =      7.877,      8.081       
# span 7 =    -0.0255,     2.6741       
# span 8 = 1.5825e-12, 1.4309e+02       
# span 9 =  1024.1411,  1025.3197       
# span 10 =     6.0551,     8.4024      
# span 11 =    24.1330,    25.0748      
# span 12 =     8.5774,    10.5372      
# span 13 =    261.492,    321.391      
# span 14 =    9.56820,   10.07002      
# span 15 =  291.89182,  307.01461      
# span 16 =     85.208,    109.420      
# span 17 = 0.0000e+00, 0.0000e+00      
# interval = seconds: 0.0416667
# start_time = Apr 28 2024 10:46:36 [System UTC, first data scan.]
# bad_flag = -9.990e-29
*END*
[from data line 7960]
   40.36034  -72.31822     20.146     19.990     7.7878    31.6880      8.065     0.1894 2.2631e+00  1024.7965     7.7860    24.7039    10.3731    316.346    9.67995  295.20768    107.160 -9.990e-29
   40.36034  -72.31822     20.146     19.990     7.7878    31.6877      8.065     0.1894 2.2631e+00  1024.7960     7.7859    24.7037    10.3673    316.168    9.67954  295.19461    107.105 -9.990e-29
   40.36034  -72.31822     20.165     20.009     7.7877    31.6872      8.065     0.1894 2.2698e+00  1024.7957     7.7858    24.7033    10.3668    316.154    9.67918  295.18376    107.104 -9.990e-29
   40.36036  -72.31822     20.156     20.000     7.7872    31.6865      8.070     0.1894 2.2698e+00  1024.7952     7.7853    24.7029    10.3728    316.337    9.67901  295.17858    107.168 -9.990e-29
   40.36036  -72.31822     20.176     20.020     7.7863    31.6858      8.070     0.1894 2.2698e+00  1024.7948     7.7845    24.7025    10.3672    316.167    9.67887  295.17421    107.112 -9.990e-29
   40.36036  -72.31822     20.176     20.020     7.7859    31.6855      8.070     0.1894 2.2698e+00  1024.7943     7.7840    24.7023    10.3731    316.345    9.67861  295.16633    107.175 -9.990e-29
   40.36036  -72.31822     20.186     20.030     7.7854    31.6858      8.065     0.1894 2.2631e+00  1024.7948     7.7835    24.7026    10.3738    316.368    9.67857  295.16510    107.183 -9.990e-29
   40.36036  -72.31822     20.196     20.039     7.7854    31.6868      8.070     0.1894 2.2631e+00  1024.7959     7.7835    24.7034    10.3745    316.388    9.67852  295.16381    107.191 -9.990e-29
   40.36036  -72.31822     20.186     20.030     7.7849    31.6879      8.070     0.1894 2.3408e+00  1024.7971     7.7831    24.7043    10.3752    316.410    9.67850  295.16357    107.198 -9.990e-29
   40.36036  -72.31822     20.226     20.069     7.7857    31.6885      8.065     0.1894 2.2631e+00  1024.7972     7.7838    24.7047    10.3695    316.238    9.67841  295.16075    107.141 -9.990e-29
   40.36036  -72.31822     20.227     20.071     7.7859    31.6890      8.070     0.1894 2.2698e+00  1024.7978     7.7840    24.7050    10.3692    316.228    9.67833  295.15822    107.138 -9.990e-29
   40.36036  -72.31822     20.227     20.071     7.7863    31.6892      8.070     0.1894 2.2631e+00  1024.7977     7.7845    24.7051    10.3752    316.409    9.67829  295.15666    107.201 -9.990e-29
   40.36036  -72.31822     20.247     20.090     7.7867    31.6894      8.070     0.1894 2.2497e+00  1024.7979     7.7848    24.7052    10.3756    316.424    9.67815  295.15246    107.207 -9.990e-29
   40.36036  -72.31822     20.258     20.101     7.7869    31.6896      8.070     0.1894 2.2497e+00  1024.7981     7.7850    24.7054    10.3760    316.435    9.67798  295.14697    107.213 -9.990e-29
   40.36036  -72.31822     20.277     20.120     7.7869    31.6899      8.070     0.1894 2.2431e+00  1024.7987     7.7850    24.7055    10.3703    316.259    9.67786  295.14338    107.154 -9.990e-29
   40.36036  -72.31822     20.277     20.120     7.7871    31.6897      8.070     0.1894 2.2431e+00  1024.7984     7.7852    24.7053    10.3697    316.243    9.67767  295.13737    107.151 -9.990e-29
   40.36036  -72.31822     20.297     20.140     7.7875    31.6893      8.070     0.1894 2.2431e+00  1024.7977     7.7856    24.7051    10.3691    316.225    9.67746  295.13103    107.147 -9.990e-29
   40.36036  -72.31822     20.317     20.159     7.7875    31.6892      8.070     0.1894 2.2431e+00  1024.7980     7.7856    24.7050    10.3687    316.211    9.67735  295.12762    107.144 -9.990e-29
   40.36036  -72.31822     20.318     20.161     7.7875    31.6893      8.065     0.1894 2.2431e+00  1024.7982     7.7856    24.7050    10.3745    316.387    9.67726  295.12500    107.204 -9.990e-29
   40.36036  -72.31822     20.348     20.191     7.7877    31.6892      8.070     0.1894 2.2431e+00  1024.7981     7.7858    24.7049    10.3749    316.402    9.67724  295.12432    107.210 -9.990e-29
   40.36036  -72.31822     20.358     20.200     7.7878    31.6892      8.070     0.1894 2.2431e+00  1024.7982     7.7859    24.7049    10.3754    316.417    9.67725  295.12475    107.215 -9.990e-29
   40.36036  -72.31822     20.369     20.211     7.7878    31.6893      8.065     0.1894 2.2298e+00  1024.7982     7.7859    24.7050    10.3759    316.431    9.67727  295.12539    107.219 -9.990e-29
   40.36036  -72.31822     20.399     20.241     7.7878    31.6894      8.070     0.1894 2.2166e+00  1024.7986     7.7859    24.7051    10.3763    316.443    9.67726  295.12515    107.223 -9.990e-29
   40.36036  -72.31822     20.409     20.251     7.7881    31.6897      8.070     0.1894 2.2166e+00  1024.7985     7.7862    24.7053    10.3776    316.483    9.67726  295.12515    107.237 -9.990e-29
   40.36036  -72.31822     20.419     20.260     7.7880    31.6902      8.070     0.1894 2.2100e+00  1024.7992     7.7861    24.7057    10.3780    316.496    9.67730  295.12652    107.241 -9.990e-29
   40.36036  -72.31822     20.439     20.281     7.7885    31.6909      8.065     0.1894 2.2034e+00  1024.7996     7.7866    24.7062    10.3783    316.505    9.67729  295.12659    107.244 -9.990e-29
   40.36036  -72.31822     20.450     20.292     7.7893    31.6919      8.070     0.1894 2.2034e+00  1024.8005     7.7874    24.7069    10.3790    316.526    9.67759  295.13583    107.247 -9.990e-29
   40.36036  -72.31822     20.471     20.312     7.7901    31.6929      8.070     0.1894 2.1969e+00  1024.8016     7.7882    24.7075    10.3796    316.546    9.67795  295.14668    107.250 -9.990e-29
   40.36036  -72.31822     20.490     20.331     7.7908    31.6933      8.065     0.1894 2.1904e+00  1024.8019     7.7889    24.7077    10.3800    316.558    9.67809  295.15101    107.253 -9.990e-29
   40.36036  -72.31822     20.501     20.342     7.7916    31.6929      8.065     0.1894 2.1839e+00  1024.8015     7.7897    24.7074    10.3865    316.754    9.67811  295.15159    107.319 -9.990e-29
   40.36036  -72.31822     20.531     20.372     7.7919    31.6922      8.070     0.1894 2.1839e+00  1024.8007     7.7900    24.7068    10.3803    316.567    9.67812  295.15162    107.256 -9.990e-29
   40.36036  -72.31822     20.530     20.371     7.7916    31.6913      8.065     0.1759 2.1709e+00  1024.8002     7.7897    24.7061    10.3804    316.568    9.67811  295.15154    107.256 -9.990e-29
   40.36036  -72.31822     20.562     20.402     7.7914    31.6905      8.070     0.1759 2.1645e+00  1024.7993     7.7895    24.7054    10.3804    316.569    9.67812  295.15201    107.256 -9.990e-29
   40.36036  -72.31822     20.571     20.412     7.7909    31.6903      8.070     0.1759 2.1645e+00  1024.7991     7.7890    24.7054    10.3803    316.567    9.67811  295.15169    107.256 -9.990e-29
   40.36036  -72.31822     20.592     20.433     7.7904    31.6911      8.070     0.1759 2.1709e+00  1024.8002     7.7885    24.7060    10.3865    316.755    9.67812  295.15229    107.319 -9.990e-29
   40.36036  -72.31822     20.613     20.453     7.7911    31.6923      8.070     0.1759 2.1709e+00  1024.8015     7.7892    24.7069    10.3874    316.782    9.67827  295.15670    107.327 -9.990e-29
   40.36036  -72.31822     20.622     20.463     7.7924    31.6936      8.070     0.1759 2.1645e+00  1024.8020     7.7905    24.7078    10.3820    316.618    9.67840  295.16045    107.270 -9.990e-29
   40.36036  -72.31822     20.642     20.482     7.7929    31.6953      8.070     0.1759 2.1516e+00  1024.8034     7.7910    24.7090    10.3881    316.804    9.67852  295.16429    107.331 -9.990e-29
   40.36036  -72.31822     20.653     20.493     7.7939    31.6972      8.070     0.1759 2.1452e+00  1024.8053     7.7919    24.7104    10.3825    316.634    9.67857  295.16583    107.273 -9.990e-29
   40.36036  -72.31822     20.673     20.513     7.7954    31.6989      8.070     0.1759 2.1452e+00  1024.8061     7.7934    24.7115    10.3823    316.627    9.67868  295.16892    107.270 -9.990e-29
   40.36036 -9.990e-29     20.694     20.534     7.7963    31.7003      8.065     0.1759 2.1325e+00  1024.8075     7.7944    24.7124    10.3818    316.611    9.67858  295.16583    107.265 -9.990e-29
   40.36036 -9.990e-29     20.703     20.543     7.7981    31.7010      8.070     0.1759 2.1325e+00  1024.8081     7.7961    24.7128    10.3811    316.591    9.67841  295.16071    107.261 -9.990e-29
   40.36036 -9.990e-29     20.724     20.564     7.7998    31.7007      8.070     0.1759 2.1261e+00  1024.8074     7.7978    24.7124    10.3868    316.765    9.67839  295.15998    107.320 -9.990e-29
   40.36036 -9.990e-29     20.732     20.572     7.8007    31.7001      8.070     0.1759 2.1388e+00  1024.8065     7.7988    24.7117    10.3871    316.774    9.67835  295.15888    107.323 -9.990e-29
   40.36036 -9.990e-29     20.754     20.594     7.8014    31.6995      8.070     0.1759 2.1452e+00  1024.8060     7.7995    24.7111    10.3874    316.783    9.67839  295.16001    107.326 -9.990e-29
   40.36036 -9.990e-29     20.765     20.605     7.8018    31.6991      8.070     0.1759 2.1452e+00  1024.8060     7.7999    24.7107    10.3875    316.786    9.67831  295.15765    107.328 -9.990e-29
   40.36036 -9.990e-29     20.785     20.624     7.8022    31.6989      8.070     0.1625 2.1325e+00  1024.8054     7.8002    24.7105    10.3815    316.604    9.67842  295.16100    107.265 -9.990e-29
   40.36036 -9.990e-29     20.785     20.624     7.8023    31.6992      8.070     0.1759 2.1261e+00  1024.8054     7.8004    24.7107    10.3808    316.581    9.67843  295.16119    107.257 -9.990e-29
   40.36036 -9.990e-29     20.805     20.644     7.8031    31.7003      8.065     0.1759 2.1261e+00  1024.8067     7.8012    24.7115    10.3862    316.745    9.67847  295.16242    107.312 -9.990e-29
   40.36036 -9.990e-29     20.814     20.652     7.8044    31.7016      8.070     0.1759 2.1198e+00  1024.8082     7.8025    24.7124    10.3871    316.773    9.67850  295.16373    107.321 -9.990e-29
   40.36036 -9.990e-29     20.815     20.654     7.8060    31.7025      8.070     0.1759 2.1198e+00  1024.8082     7.8040    24.7129    10.3816    316.609    9.67925  295.18946    107.256 -9.990e-29
   40.36036 -9.990e-29     20.847     20.685     7.8065    31.7029      8.070     0.1759 2.1198e+00  1024.8088     7.8046    24.7131    10.3802    316.566    9.67890  295.17705    107.246 -9.990e-29
   40.36036 -9.990e-29     20.847     20.685     7.8072    31.7031      8.070     0.1625 2.1135e+00  1024.8087     7.8052    24.7131    10.3862    316.745    9.67871  295.17003    107.309 -9.990e-29
   40.36036 -9.990e-29     20.856     20.695     7.8084    31.7030      8.070     0.1759 2.1135e+00  1024.8085     7.8065    24.7129    10.3800    316.556    9.67886  295.17423    107.244 -9.990e-29
   40.36036 -9.990e-29     20.875     20.714     7.8086    31.7026      8.065     0.1759 2.1135e+00  1024.8084     7.8067    24.7126    10.3860    316.740    9.67888  295.17498    107.306 -9.990e-29
   40.36036 -9.990e-29     20.877     20.715     7.8092    31.7021      8.070     0.1894 2.1135e+00  1024.8075     7.8072    24.7121    10.3866    316.759    9.67885  295.17415    107.313 -9.990e-29
   40.36036 -9.990e-29     20.886     20.725     7.8094    31.7016      8.070     0.1894 2.1072e+00  1024.8071     7.8074    24.7116    10.3871    316.773    9.67871  295.16975    107.319 -9.990e-29
   40.36036 -9.990e-29     20.907     20.745     7.8098    31.7016      8.070     0.2028 2.1072e+00  1024.8071     7.8079    24.7116    10.3873    316.779    9.67840  295.16048    107.324 -9.990e-29
   40.36036 -9.990e-29     20.896     20.734     7.8099    31.7020      8.070     0.2028 2.1072e+00  1024.8076     7.8080    24.7119    10.3805    316.573    9.67823  295.15535    107.256 -9.990e-29
   40.36036 -9.990e-29     20.915     20.753     7.8100    31.7024      8.065     0.2028 2.1009e+00  1024.8080     7.8081    24.7122    10.3790    316.526    9.67804  295.14981    107.243 -9.990e-29
   40.36036 -9.990e-29     20.928     20.766     7.8106    31.7030      8.070     0.2028 2.1009e+00  1024.8082     7.8086    24.7126    10.3786    316.516    9.67807  295.15082    107.239 -9.990e-29
   40.36036 -9.990e-29     20.917     20.755     7.8111    31.7037      8.065     0.2028 2.1009e+00  1024.8089     7.8091    24.7131    10.3783    316.506    9.67814  295.15310    107.234 -9.990e-29
   40.36036 -9.990e-29     20.928     20.766     7.8114    31.7045      8.070     0.2028 2.1072e+00  1024.8096     7.8094    24.7136    10.3779    316.492    9.67810  295.15149    107.230 -9.990e-29
   40.36036 -9.990e-29     20.937     20.775     7.8121    31.7049      8.065     0.2028 2.1009e+00  1024.8100     7.8101    24.7139    10.3765    316.449    9.67805  295.14933    107.217 -9.990e-29
   40.36036 -9.990e-29     20.946     20.783     7.8130    31.7052      8.070     0.2028 2.1072e+00  1024.8098     7.8111    24.7140    10.3750    316.403    9.67792  295.14529    107.202 -9.990e-29
   40.36036 -9.990e-29     20.947     20.785     7.8135    31.7053      8.070     0.1894 2.1009e+00  1024.8100     7.8115    24.7140    10.3733    316.354    9.67772  295.13926    107.188 -9.990e-29
   40.36036 -9.990e-29     20.947     20.785     7.8138    31.7052      8.070     0.1894 2.1009e+00  1024.8099     7.8119    24.7138    10.3718    316.307    9.67764  295.13670    107.173 -9.990e-29
   40.36036 -9.990e-29     20.958     20.796     7.8142    31.7048      8.070     0.2028 2.1009e+00  1024.8094     7.8122    24.7135    10.3773    316.473    9.67750  295.13263    107.231 -9.990e-29
   40.36036 -9.990e-29     20.958     20.796     7.8142    31.7045      8.070     0.2028 2.1009e+00  1024.8092     7.8122    24.7133    10.3777    316.485    9.67758  295.13535    107.234 -9.990e-29
   40.36036 -9.990e-29     20.957     20.794     7.8141    31.7042      8.070     0.2028 2.1009e+00  1024.8091     7.8122    24.7131    10.3779    316.494    9.67763  295.13705    107.236 -9.990e-29
   40.36036 -9.990e-29     20.968     20.805     7.8144    31.7039      8.070     0.2028 2.1009e+00  1024.8087     7.8124    24.7128    10.3782    316.503    9.67770  295.13913    107.239 -9.990e-29
   40.36036 -9.990e-29     20.968     20.805     7.8144    31.7036      8.070     0.2028 2.1009e+00  1024.8087     7.8124    24.7125    10.3784    316.508    9.67770  295.13889    107.241 -9.990e-29
   40.36036 -9.990e-29     20.977     20.815     7.8143    31.7031      8.070     0.2028 2.1009e+00  1024.8083     7.8123    24.7121    10.3723    316.323    9.67768  295.13848    107.178 -9.990e-29
   40.36036 -9.990e-29     20.968     20.805     7.8147    31.7023      8.065     0.2028 2.1009e+00  1024.8073     7.8127    24.7115    10.3777    316.488    9.67764  295.13782    107.234 -9.990e-29
   40.36036 -9.990e-29     20.987     20.824     7.8135    31.7017      8.070     0.2028 2.1009e+00  1024.8070     7.8116    24.7112    10.3778    316.492    9.67766  295.13835    107.235 -9.990e-29
   40.36036 -9.990e-29     20.977     20.815     7.8119    31.7016      8.065     0.1894 2.1072e+00  1024.8073     7.8099    24.7113    10.3779    316.494    9.67769  295.13917    107.236 -9.990e-29
   40.36036 -9.990e-29     20.977     20.815     7.8111    31.7017      8.070     0.2028 2.1072e+00  1024.8077     7.8091    24.7115    10.3716    316.302    9.67757  295.13565    107.172 -9.990e-29
   40.36036 -9.990e-29     20.988     20.826     7.8111    31.7018      8.070     0.2028 2.1072e+00  1024.8076     7.8091    24.7117    10.3769    316.464    9.67753  295.13455    107.227 -9.990e-29
   40.36036 -9.990e-29     20.988     20.826     7.8109    31.7020      8.065     0.2028 2.1009e+00  1024.8080     7.8089    24.7117    10.3779    316.493    9.67759  295.13603    107.236 -9.990e-29
   40.36036 -9.990e-29     20.987     20.824     7.8109    31.7018      8.065     0.1894 2.1009e+00  1024.8079     7.8090    24.7116    10.3778    316.491    9.67754  295.13443    107.236 -9.990e-29
