CalculateIndicators/WaterTemperature/Data/CTD_NYOS/20240426_C08.cnv
* Sea-Bird SBE 9 Data File:
* FileName = C:\Seabird 9 CTD\Data\2024\202404_offshore\20240426_C08.hex
* Software Version Seasave V 7.23.2
* Temperature SN = 4590
* Conductivity SN = 3228
* Number of Bytes Per Scan = 44
* Number of Voltage Words = 5
* Number of Scans Averaged by the Deck Unit = 1
* NMEA Latitude = 39 36.16 N
* NMEA Longitude = 072 45.30 W
* NMEA UTC (Time) = Apr 26 2024  22:08:35
* NMEA baud rate = 4800
** Ship: Seawolf
** Station: 8.5
** Operator: SJW
# nquan = 18
# nvalues = 14800                       
# units = specified
# name 0 = latitude: Latitude [deg]
# name 1 = longitude: Longitude [deg]
# name 2 = prDM: Pressure, Digiquartz [db]
# name 3 = depSM: Depth [salt water, m]
# name 4 = t090C: Temperature [ITS-90, deg C]
# name 5 = sal00: Salinity, Practical [PSU]
# name 6 = ph: pH
# name 7 = flECO-AFL: Fluorescence, WET Labs ECO-AFL/FL [mg/m^3]
# name 8 = cpar: CPAR/Corrected Irradiance [%]
# name 9 = density00: Density [density, kg/m^3]
# name 10 = potemp090C: Potential Temperature [ITS-90, deg C]
# name 11 = sigma-é00: Density [sigma-theta, kg/m^3]
# name 12 = sbeox0Mg/L: Oxygen, SBE 43 [mg/l]
# name 13 = sbox0Mm/Kg: Oxygen, SBE 43 [umol/kg]
# name 14 = oxsolMg/L: Oxygen Saturation, Garcia & Gordon [mg/l]
# name 15 = oxsolMm/Kg: Oxygen Saturation, Garcia & Gordon [umol/kg]
# name 16 = sbeox0PS: Oxygen, SBE 43 [% saturation]
# name 17 = flag:  0.000e+00
# span 0 =   39.60266,   39.60346       
# span 1 =  -72.75806,  -72.75500       
# span 2 =      1.674,     65.126       
# span 3 =      1.661,     64.619       
# span 4 =     6.0067,     8.0474       
# span 5 =    31.8245,    32.2615       
# span 6 =      7.933,      8.038       
# span 7 =     0.0148,     1.1027       
# span 8 = 5.7940e-14, 4.0936e+00       
# span 9 =  1024.8099,  1025.6823       
# span 10 =     6.0023,     8.0472      
# span 11 =    24.7882,    25.3827      
# span 12 =     9.2566,    10.0285      
# span 13 =    282.113,    305.801      
# span 14 =    9.61569,   10.05611      
# span 15 =  293.21922,  306.48880      
# span 16 =     92.163,    103.801      
# span 17 = 0.0000e+00, 0.0000e+00      
# interval = seconds: 0.0416667
# start_time = Apr 26 2024 22:08:37 [System UTC, first data scan.]
# bad_flag = -9.990e-29
*END*
[from data line 13669]
   39.60336  -72.75786      2.058      2.042     8.0074    31.8736 -9.990e-29     0.8072 2.7380e+00  1024.8277     8.0072    24.8184     9.9430    303.197    9.62325  293.44810    103.322 -9.990e-29
   39.60336  -72.75786      2.077      2.061     8.0074    31.8735 -9.990e-29     0.8072 2.7183e+00  1024.8279     8.0072    24.8183     9.9434    303.211    9.62322  293.44712    103.327 -9.990e-29
   39.60336  -72.75786      2.077      2.061     8.0076    31.8734 -9.990e-29     0.8072 2.7097e+00  1024.8274     8.0074    24.8182     9.9438    303.223    9.62319  293.44612    103.332 -9.990e-29
   39.60336  -72.75786      2.098      2.082     8.0074    31.8736 -9.990e-29     0.8072 2.7240e+00  1024.8279     8.0072    24.8182     9.9442    303.234    9.62315  293.44516    103.336 -9.990e-29
   39.60336  -72.75786      2.108      2.091     8.0077    31.8738 -9.990e-29     0.8072 2.7307e+00  1024.8282     8.0075    24.8184     9.9445    303.245    9.62312  293.44444    103.340 -9.990e-29
   39.60336  -72.75786      2.128      2.112     8.0078    31.8738 -9.990e-29     0.8072 2.7452e+00  1024.8282     8.0076    24.8185     9.9511    303.445    9.62319  293.44635    103.407 -9.990e-29
   39.60336  -72.75786      2.139      2.123     8.0076    31.8739 -9.990e-29     0.8072 2.7443e+00  1024.8283     8.0074    24.8185     9.9461    303.292    9.62320  293.44663    103.355 -9.990e-29
   39.60336  -72.75786      2.158      2.142     8.0081    31.8742 -9.990e-29     0.8072 2.6713e+00  1024.8284     8.0078    24.8188     9.9464    303.301    9.62325  293.44822    103.358 -9.990e-29
   39.60336  -72.75786      2.158      2.142     8.0079    31.8749 -9.990e-29     0.8072 2.6331e+00  1024.8292     8.0077    24.8192     9.9464    303.303    9.62317  293.44577    103.359 -9.990e-29
   39.60336  -72.75786      2.189      2.172     8.0086    31.8754 -9.990e-29     0.8072 2.6290e+00  1024.8299     8.0084    24.8196     9.9467    303.310    9.62323  293.44778    103.361 -9.990e-29
   39.60336  -72.75786      2.200      2.183     8.0095    31.8753 -9.990e-29     0.8072 2.5841e+00  1024.8296     8.0093    24.8194     9.9469    303.318    9.62336  293.45181    103.362 -9.990e-29
   39.60336  -72.75786      2.209      2.192     8.0102    31.8749 -9.990e-29     0.8072 2.5368e+00  1024.8292     8.0100    24.8190     9.9471    303.324    9.62346  293.45461    103.363 -9.990e-29
   39.60336  -72.75786      2.230      2.213     8.0110    31.8743 -9.990e-29     0.8072 2.5360e+00  1024.8284     8.0108    24.8184     9.9472    303.327    9.62352  293.45641    103.363 -9.990e-29
   39.60336  -72.75786      2.239      2.222     8.0112    31.8739 -9.990e-29     0.8072 2.5720e+00  1024.8282     8.0110    24.8180     9.9473    303.328    9.62355  293.45738    103.364 -9.990e-29
   39.60336  -72.75786      2.260      2.243     8.0113    31.8736 -9.990e-29     0.8072 2.6191e+00  1024.8280     8.0111    24.8178     9.9473    303.331    9.62365  293.46029    103.363 -9.990e-29
   39.60336  -72.75786      2.270      2.252     8.0111    31.8736 -9.990e-29     0.8072 2.6298e+00  1024.8283     8.0109    24.8178     9.9473    303.329    9.62369  293.46141    103.363 -9.990e-29
   39.60336  -72.75786      2.300      2.282     8.0117    31.8736 -9.990e-29     0.8072 2.6513e+00  1024.8282     8.0114    24.8177     9.9472    303.326    9.62366  293.46083    103.362 -9.990e-29
   39.60336  -72.75786      2.300      2.282     8.0122    31.8737 -9.990e-29     0.8072 2.6772e+00  1024.8282     8.0119    24.8177     9.9541    303.538    9.62375  293.46321    103.433 -9.990e-29
   39.60336  -72.75786      2.320      2.303     8.0128    31.8737 -9.990e-29     0.8072 2.6881e+00  1024.8283     8.0126    24.8177     9.9497    303.402    9.62383  293.46587    103.386 -9.990e-29
   39.60336  -72.75786      2.341      2.323     8.0130    31.8736 -9.990e-29     0.8072 2.7143e+00  1024.8284     8.0127    24.8176     9.9557    303.585    9.62389  293.46766    103.448 -9.990e-29
   39.60336  -72.75786      2.352      2.334     8.0129    31.8734 -9.990e-29     0.8072 2.7832e+00  1024.8280     8.0127    24.8174     9.9564    303.607    9.62396  293.46974    103.454 -9.990e-29
   39.60336  -72.75786      2.371      2.353     8.0133    31.8732 -9.990e-29     0.8072 2.8025e+00  1024.8280     8.0131    24.8172     9.9571    303.627    9.62408  293.47334    103.460 -9.990e-29
   39.60336  -72.75786      2.381      2.363     8.0135    31.8730 -9.990e-29     0.8072 2.8255e+00  1024.8279     8.0133    24.8170     9.9575    303.641    9.62410  293.47389    103.465 -9.990e-29
   39.60336  -72.75786      2.392      2.374     8.0134    31.8730 -9.990e-29     0.8072 2.8568e+00  1024.8279     8.0132    24.8170     9.9580    303.655    9.62417  293.47586    103.469 -9.990e-29
   39.60336  -72.75786      2.411      2.393     8.0133    31.8732 -9.990e-29     0.8072 2.8803e+00  1024.8281     8.0131    24.8171     9.9521    303.477    9.62415  293.47540    103.408 -9.990e-29
   39.60336  -72.75786      2.432      2.413     8.0132    31.8733 -9.990e-29     0.8072 2.8921e+00  1024.8285     8.0129    24.8173     9.9587    303.676    9.62419  293.47651    103.475 -9.990e-29
   39.60336  -72.75786      2.443      2.424     8.0131    31.8733 -9.990e-29     0.8072 2.8876e+00  1024.8285     8.0129    24.8173     9.9527    303.495    9.62417  293.47578    103.414 -9.990e-29
   39.60336  -72.75786      2.462      2.443     8.0130    31.8731 -9.990e-29     0.8072 2.8995e+00  1024.8285     8.0127    24.8171     9.9529    303.501    9.62413  293.47468    103.416 -9.990e-29
   39.60336  -72.75786      2.473      2.454     8.0132    31.8730 -9.990e-29     0.7938 2.9032e+00  1024.8282     8.0130    24.8170     9.9593    303.695    9.62412  293.47438    103.483 -9.990e-29
   39.60336  -72.75786      2.492      2.473     8.0133    31.8731 -9.990e-29     0.7938 2.8906e+00  1024.8284     8.0131    24.8171     9.9594    303.699    9.62409  293.47344    103.484 -9.990e-29
   39.60338  -72.75786      2.503      2.484     8.0130    31.8733 -9.990e-29     0.7938 2.8944e+00  1024.8290     8.0127    24.8173     9.9596    303.704    9.62416  293.47552    103.485 -9.990e-29
   39.60338  -72.75786      2.522      2.503     8.0132    31.8733 -9.990e-29     0.7938 2.8944e+00  1024.8287     8.0130    24.8173     9.9607    303.737    9.62428  293.47938    103.495 -9.990e-29
   39.60338  -72.75786      2.533      2.514     8.0128    31.8732 -9.990e-29     0.7938 2.8656e+00  1024.8290     8.0126    24.8173     9.9608    303.742    9.62446  293.48496    103.495 -9.990e-29
   39.60338  -72.75786      2.554      2.535     8.0132    31.8731 -9.990e-29     0.7938 2.8452e+00  1024.8288     8.0130    24.8172     9.9548    303.558    9.62462  293.48991    103.431 -9.990e-29
   39.60338  -72.75786      2.564      2.544     8.0128    31.8731 -9.990e-29     0.7938 2.8489e+00  1024.8290     8.0126    24.8171     9.9549    303.560    9.62475  293.49352    103.430 -9.990e-29
   39.60338  -72.75786      2.584      2.565     8.0132    31.8731 -9.990e-29     0.7938 2.7464e+00  1024.8289     8.0129    24.8171     9.9601    303.720    9.62482  293.49588    103.484 -9.990e-29
   39.60338  -72.75786      2.594      2.574     8.0129    31.8731 -9.990e-29     0.7938 2.6436e+00  1024.8292     8.0127    24.8172     9.9599    303.715    9.62486  293.49688    103.482 -9.990e-29
   39.60338  -72.75786      2.614      2.595     8.0130    31.8731 -9.990e-29     0.7938 2.6248e+00  1024.8290     8.0127    24.8172     9.9598    303.711    9.62497  293.50034    103.479 -9.990e-29
   39.60338  -72.75786      2.624      2.604     8.0130    31.8732 -9.990e-29     0.7938 2.5591e+00  1024.8292     8.0127    24.8173     9.9534    303.515    9.62500  293.50127    103.412 -9.990e-29
   39.60338  -72.75786      2.654      2.634     8.0126    31.8733 -9.990e-29     0.7938 2.4564e+00  1024.8297     8.0124    24.8173     9.9522    303.477    9.62502  293.50155    103.399 -9.990e-29
   39.60338  -72.75786      2.656      2.635     8.0128    31.8731 -9.990e-29     0.7938 2.4320e+00  1024.8291     8.0126    24.8172     9.9509    303.440    9.62504  293.50232    103.386 -9.990e-29
   39.60338  -72.75786      2.685      2.664     8.0126    31.8730 -9.990e-29     0.7938 2.4011e+00  1024.8293     8.0124    24.8171     9.9558    303.587    9.62508  293.50345    103.436 -9.990e-29
   39.60338  -72.75786      2.696      2.675     8.0128    31.8730 -9.990e-29     0.7938 2.3278e+00  1024.8294     8.0126    24.8171     9.9614    303.760    9.62511  293.50452    103.494 -9.990e-29
   39.60338  -72.75786      2.705      2.685     8.0126    31.8730 -9.990e-29     0.7938 2.3017e+00  1024.8295     8.0124    24.8171     9.9564    303.608    9.62513  293.50501    103.442 -9.990e-29
   39.60338  -72.75786      2.726      2.705     8.0126    31.8731 -9.990e-29     0.7938 2.2982e+00  1024.8297     8.0124    24.8172     9.9568    303.619    9.62521  293.50761    103.445 -9.990e-29
   39.60338  -72.75786      2.746      2.725     8.0123    31.8732 -9.990e-29     0.7938 2.2853e+00  1024.8299     8.0120    24.8174     9.9560    303.596    9.62517  293.50620    103.438 -9.990e-29
   39.60338  -72.75786      2.766      2.745     8.0118    31.8733 -9.990e-29     0.7938 2.2754e+00  1024.8303     8.0116    24.8175     9.9562    303.601    9.62520  293.50707    103.439 -9.990e-29
   39.60338  -72.75786      2.766      2.745     8.0121    31.8733 -9.990e-29     0.7938 2.2948e+00  1024.8299     8.0119    24.8175     9.9554    303.577    9.62522  293.50770    103.431 -9.990e-29
   39.60338  -72.75786      2.796      2.775     8.0123    31.8734 -9.990e-29     0.7938 2.3970e+00  1024.8302     8.0120    24.8175     9.9484    303.362    9.62519  293.50683    103.358 -9.990e-29
   39.60338  -72.75786      2.796      2.775     8.0123    31.8735 -9.990e-29     0.7938 2.4447e+00  1024.8305     8.0120    24.8175     9.9537    303.524    9.62525  293.50855    103.412 -9.990e-29
   39.60338  -72.75786      2.816      2.795     8.0125    31.8734 -9.990e-29     0.7938 2.4585e+00  1024.8305     8.0122    24.8174     9.9537    303.523    9.62523  293.50813    103.412 -9.990e-29
   39.60338  -72.75786      2.816      2.795     8.0128    31.8731 -9.990e-29     0.7938 2.5753e+00  1024.8300     8.0126    24.8172     9.9535    303.518    9.62518  293.50666    103.411 -9.990e-29
   39.60338  -72.75786      2.838      2.817     8.0131    31.8729 -9.990e-29     0.7938 2.6488e+00  1024.8297     8.0128    24.8170     9.9534    303.514    9.62516  293.50602    103.410 -9.990e-29
   39.60338  -72.75786      2.847      2.825     8.0126    31.8729 -9.990e-29     0.7938 2.6488e+00  1024.8302     8.0124    24.8171     9.9470    303.320    9.62510  293.50419    103.344 -9.990e-29
   39.60338  -72.75786      2.847      2.825     8.0126    31.8729 -9.990e-29     0.7938 2.6899e+00  1024.8301     8.0124    24.8171     9.9469    303.317    9.62513  293.50494    103.343 -9.990e-29
   39.60338  -72.75786      2.867      2.845     8.0124    31.8728 -9.990e-29     0.7938 2.7204e+00  1024.8301     8.0122    24.8170     9.9520    303.473    9.62508  293.50348    103.397 -9.990e-29
   39.60338  -72.75786      2.858      2.836     8.0128    31.8727 -9.990e-29     0.7938 2.7204e+00  1024.8300     8.0126    24.8169     9.9518    303.468    9.62506  293.50303    103.395 -9.990e-29
   39.60338  -72.75786      2.867      2.845     8.0126    31.8725 -9.990e-29     0.7938 2.7128e+00  1024.8298     8.0124    24.8168     9.9517    303.462    9.62508  293.50338    103.393 -9.990e-29
   39.60338  -72.75786      2.867      2.845     8.0120    31.8724 -9.990e-29     0.7938 2.7051e+00  1024.8300     8.0117    24.8168     9.9514    303.455    9.62505  293.50259    103.391 -9.990e-29
   39.60338  -72.75786      2.877      2.855     8.0117    31.8724 -9.990e-29     0.7938 2.6975e+00  1024.8298     8.0114    24.8168     9.9451    303.261    9.62509  293.50387    103.324 -9.990e-29
   39.60338  -72.75786      2.867      2.845     8.0113    31.8725 -9.990e-29     0.7938 2.7204e+00  1024.8300     8.0111    24.8170     9.9501    303.414    9.62512  293.50479    103.376 -9.990e-29
   39.60338  -72.75786      2.877      2.855     8.0110    31.8730 -9.990e-29     0.7938 2.7435e+00  1024.8305     8.0107    24.8173     9.9498    303.405    9.62510  293.50414    103.373 -9.990e-29
   39.60338  -72.75786      2.877      2.855     8.0103    31.8732 -9.990e-29     0.7938 2.7513e+00  1024.8311     8.0101    24.8176     9.9495    303.396    9.62517  293.50606    103.370 -9.990e-29
   39.60338  -72.75786      2.869      2.847     8.0103    31.8731 -9.990e-29     0.7938 2.7322e+00  1024.8307     8.0101    24.8176     9.9492    303.388    9.62522  293.50766    103.366 -9.990e-29
   39.60338  -72.75786      2.877      2.855     8.0105    31.8730 -9.990e-29     0.7938 2.7016e+00  1024.8304     8.0103    24.8175     9.9489    303.377    9.62529  293.50981    103.362 -9.990e-29
   39.60338  -72.75786      2.867      2.845     8.0100    31.8731 -9.990e-29     0.7938 2.6864e+00  1024.8308     8.0097    24.8176     9.9483    303.361    9.62520  293.50713    103.357 -9.990e-29
   39.60338  -72.75786      2.867      2.845     8.0097    31.8731 -9.990e-29     0.7938 2.6789e+00  1024.8307     8.0094    24.8176     9.9487    303.373    9.62520  293.50697    103.362 -9.990e-29
   39.60338  -72.75786      2.858      2.836     8.0094    31.8730 -9.990e-29     0.7938 2.6563e+00  1024.8308     8.0091    24.8176     9.9483    303.359    9.62520  293.50697    103.357 -9.990e-29
   39.60338  -72.75786      2.867      2.845     8.0092    31.8729 -9.990e-29     0.7938 2.6414e+00  1024.8305     8.0089    24.8176     9.9487    303.372    9.62524  293.50846    103.361 -9.990e-29
   39.60338  -72.75786      2.858      2.836     8.0086    31.8729 -9.990e-29     0.7938 2.6379e+00  1024.8308     8.0083    24.8176     9.9491    303.383    9.62521  293.50757    103.365 -9.990e-29
   39.60338  -72.75786      2.847      2.825     8.0086    31.8730 -9.990e-29     0.7938 2.6379e+00  1024.8305     8.0083    24.8177     9.9433    303.209    9.62525  293.50852    103.305 -9.990e-29
   39.60338  -72.75786      2.837      2.815     8.0081    31.8732 -9.990e-29     0.7938 2.6379e+00  1024.8311     8.0078    24.8179     9.9490    303.382    9.62523  293.50815    103.364 -9.990e-29
   39.60338  -72.75786      2.826      2.805     8.0082    31.8733 -9.990e-29     0.7938 2.6419e+00  1024.8307     8.0080    24.8180     9.9495    303.395    9.62524  293.50836    103.368 -9.990e-29
   39.60338  -72.75786      2.838      2.817     8.0079    31.8735 -9.990e-29     0.7938 2.6945e+00  1024.8312     8.0076    24.8182     9.9490    303.381    9.62525  293.50878    103.363 -9.990e-29
   39.60338  -72.75786      2.807      2.785     8.0079    31.8737 -9.990e-29     0.7938 2.7215e+00  1024.8313     8.0076    24.8183     9.9432    303.205    9.62523  293.50818    103.304 -9.990e-29
   39.60338  -72.75786      2.816      2.795     8.0082    31.8736 -9.990e-29     0.7938 2.7292e+00  1024.8310     8.0080    24.8182     9.9419    303.164    9.62525  293.50874    103.290 -9.990e-29
   39.60338  -72.75786      2.796      2.775     8.0082    31.8735 -9.990e-29     0.7938 2.7410e+00  1024.8310     8.0080    24.8182     9.9406    303.125    9.62530  293.51038    103.276 -9.990e-29
   39.60338  -72.75786      2.786      2.765     8.0084    31.8735 -9.990e-29     0.7803 2.7643e+00  1024.8309     8.0081    24.8182     9.9463    303.299    9.62533  293.51103    103.335 -9.990e-29
   39.60338  -72.75786      2.777      2.755     8.0081    31.8734 -9.990e-29     0.7803 2.7643e+00  1024.8309     8.0078    24.8181     9.9407    303.127    9.62536  293.51190    103.276 -9.990e-29
