CalculateIndicators/WaterTemperature/Data/CTD_NYOS/20240428_C26.cnv
* Sea-Bird SBE 9 Data File:
* FileName = C:\Seabird 9 CTD\Data\2024\202404_offshore\20240428_C26.hex
* Software Version Seasave V 7.23.2
* Temperature SN = 4590
* Conductivity SN = 3228
* Number of Bytes Per Scan = 44
* Number of Voltage Words = 5
* Number of Scans Averaged by the Deck Unit = 1
* NMEA Latitude = 39 31.74 N
* NMEA Longitude = 071 44.91 W
* NMEA UTC (Time) = Apr 28 2024  21:51:57
* NMEA baud rate = 4800
** Ship: Seawolf
** Station: 10.7
** Operator: TCM
# nquan = 18
# nvalues = 18309                       
# units = specified
# name 0 = latitude: Latitude [deg]
# name 1 = longitude: Longitude [deg]
# name 2 = prDM: Pressure, Digiquartz [db]
# name 3 = depSM: Depth [salt water, m]
# name 4 = t090C: Temperature [ITS-90, deg C]
# name 5 = sal00: Salinity, Practical [PSU]
# name 6 = ph: pH
# name 7 = flECO-AFL: Fluorescence, WET Labs ECO-AFL/FL [mg/m^3]
# name 8 = cpar: CPAR/Corrected Irradiance [%]
# name 9 = density00: Density [density, kg/m^3]
# name 10 = potemp090C: Potential Temperature [ITS-90, deg C]
# name 11 = sigma-é00: Density [sigma-theta, kg/m^3]
# name 12 = sbeox0Mg/L: Oxygen, SBE 43 [mg/l]
# name 13 = sbox0Mm/Kg: Oxygen, SBE 43 [umol/kg]
# name 14 = oxsolMg/L: Oxygen Saturation, Garcia & Gordon [mg/l]
# name 15 = oxsolMm/Kg: Oxygen Saturation, Garcia & Gordon [umol/kg]
# name 16 = sbeox0PS: Oxygen, SBE 43 [% saturation]
# name 17 = flag:  0.000e+00
# span 0 =   39.52916,   39.53050       
# span 1 =  -71.74900,  -71.74858       
# span 2 =      1.749,    101.317       
# span 3 =      1.736,    100.520       
# span 4 =     8.8803,    10.8591       
# span 5 =    33.0876,    34.5498       
# span 6 =      8.023,      8.118       
# span 7 =    -0.0658,     0.9147       
# span 8 = 2.7672e-13, 4.1579e+01       
# span 9 =  1025.4708,  1026.9517       
# span 10 =     8.8747,    10.8476      
# span 11 =    25.4547,    26.4971      
# span 12 =     7.2645,     9.4054      
# span 13 =    221.162,    286.603      
# span 14 =    8.88587,    9.33370      
# span 15 =  270.53576,  284.28631      
# span 16 =     81.248,    102.514      
# span 17 = 0.0000e+00, 0.0000e+00      
# interval = seconds: 0.0416667
# start_time = Apr 28 2024 21:51:56 [System UTC, first data scan.]
# bad_flag = -9.990e-29
*END*
[from data line 13186]
   39.53012  -71.74886     36.605     36.323     9.8019    33.2852      8.099     0.8744 5.0632e-01  1025.8123     9.7978    25.6468     9.1348    278.329    9.16403  279.22100     99.681 0.0000e+00
   39.53012  -71.74886     36.573     36.291     9.8014    33.2857      8.099     0.8744 5.0939e-01  1025.8124     9.7974    25.6473     9.1348    278.330    9.16403  279.22086     99.681 0.0000e+00
   39.53012  -71.74886     36.563     36.281     9.8002    33.2863      8.099     0.8744 5.0939e-01  1025.8132     9.7961    25.6479     9.1355    278.352    9.16403  279.22106     99.689 0.0000e+00
   39.53012  -71.74886     36.533     36.251     9.7996    33.2869      8.094     0.8744 5.0939e-01  1025.8137     9.7956    25.6485     9.1355    278.352    9.16421  279.22677     99.687 0.0000e+00
   39.53012  -71.74886     36.512     36.231     9.7991    33.2874      8.099     0.8744 5.1247e-01  1025.8139     9.7951    25.6490     9.1355    278.351    9.16444  279.23423     99.684 0.0000e+00
   39.53012  -71.74886     36.492     36.210     9.7984    33.2880      8.099     0.8744 5.1713e-01  1025.8146     9.7943    25.6495     9.1410    278.519    9.16462  279.23973     99.742 0.0000e+00
   39.53012  -71.74886     36.472     36.191     9.7976    33.2885      8.099     0.8744 5.1869e-01  1025.8149     9.7936    25.6500     9.1356    278.356    9.16486  279.24665     99.681 0.0000e+00
   39.53012  -71.74886     36.441     36.160     9.7973    33.2889      8.099     0.8609 5.1713e-01  1025.8153     9.7932    25.6504     9.1417    278.540    9.16503  279.25141     99.745 0.0000e+00
   39.53012  -71.74886     36.431     36.150     9.7967    33.2891      8.099     0.8609 5.1557e-01  1025.8155     9.7927    25.6506     9.1427    278.570    9.16528  279.25879     99.753 0.0000e+00
   39.53014  -71.74886     36.401     36.120     9.7968    33.2892      8.099     0.8609 5.1557e-01  1025.8151     9.7927    25.6506     9.1433    278.589    9.16534  279.26045     99.760 0.0000e+00
   39.53014  -71.74886     36.380     36.100     9.7968    33.2892      8.099     0.8609 5.1557e-01  1025.8154     9.7927    25.6506     9.1438    278.605    9.16542  279.26295     99.765 0.0000e+00
   39.53014  -71.74886     36.359     36.079     9.7976    33.2890      8.099     0.8609 5.1869e-01  1025.8149     9.7935    25.6504     9.1442    278.617    9.16545  279.26410     99.768 0.0000e+00
   39.53014  -71.74886     36.339     36.058     9.7980    33.2886      8.099     0.8609 5.2026e-01  1025.8142     9.7939    25.6500     9.1501    278.797    9.16542  279.26306     99.833 0.0000e+00
   39.53014  -71.74886     36.319     36.039     9.7985    33.2884      8.099     0.8609 5.2026e-01  1025.8140     9.7944    25.6498     9.1450    278.641    9.16530  279.25933     99.779 0.0000e+00
   39.53014  -71.74886     36.305     36.026     9.7991    33.2881      8.099     0.8609 5.2340e-01  1025.8137     9.7950    25.6495     9.1449    278.636    9.16523  279.25720     99.778 0.0000e+00
   39.53014  -71.74886     36.278     35.998     9.7994    33.2879      8.099     0.8609 5.2498e-01  1025.8134     9.7954    25.6493     9.1447    278.631    9.16526  279.25875     99.775 0.0000e+00
   39.53014  -71.74886     36.248     35.968     9.7997    33.2877      8.099     0.8609 5.2498e-01  1025.8128     9.7957    25.6491     9.1395    278.475    9.16546  279.26502     99.717 0.0000e+00
   39.53014  -71.74886     36.238     35.959     9.7999    33.2874      8.099     0.8609 5.2815e-01  1025.8127     9.7959    25.6488     9.1444    278.622    9.16564  279.27019     99.768 0.0000e+00
   39.53014  -71.74886     36.217     35.938     9.8004    33.2871      8.099     0.8609 5.2975e-01  1025.8124     9.7964    25.6485     9.1437    278.603    9.16556  279.26776     99.762 0.0000e+00
   39.53014  -71.74886     36.197     35.918     9.8007    33.2866      8.099     0.8609 5.2975e-01  1025.8117     9.7967    25.6481     9.1380    278.428    9.16550  279.26563     99.700 0.0000e+00
   39.53014  -71.74886     36.176     35.897     9.8009    33.2858      8.099     0.8609 5.3134e-01  1025.8110     9.7969    25.6474     9.1479    278.730    9.16534  279.26066     99.810 0.0000e+00
   39.53014  -71.74886     36.157     35.878     9.8016    33.2850      8.099     0.8609 5.3294e-01  1025.8100     9.7976    25.6466     9.1419    278.547    9.16524  279.25730     99.746 0.0000e+00
   39.53014  -71.74886     36.136     35.857     9.8024    33.2841      8.099     0.8609 5.3294e-01  1025.8091     9.7984    25.6458     9.1465    278.687    9.16512  279.25347     99.797 0.0000e+00
   39.53014  -71.74886     36.106     35.827     9.8029    33.2831      8.099     0.8609 5.3455e-01  1025.8082     9.7989    25.6449     9.1402    278.496    9.16503  279.25095     99.730 0.0000e+00
   39.53014  -71.74886     36.094     35.816     9.8040    33.2825      8.099     0.8609 5.3455e-01  1025.8072     9.8000    25.6443     9.1397    278.478    9.16496  279.24901     99.724 0.0000e+00
   39.53014  -71.74886     36.085     35.807     9.8042    33.2822      8.099     0.8609 5.3294e-01  1025.8071     9.8002    25.6441     9.1390    278.457    9.16488  279.24661     99.717 0.0000e+00
   39.53014  -71.74886     36.055     35.777     9.8040    33.2824      8.099     0.8609 5.3778e-01  1025.8072     9.8000    25.6443     9.1384    278.441    9.16503  279.25164     99.710 0.0000e+00
   39.53014  -71.74886     36.043     35.766     9.8038    33.2828      8.099     0.8609 5.4102e-01  1025.8075     9.7998    25.6445     9.1436    278.599    9.16522  279.25765     99.764 0.0000e+00
   39.53014  -71.74886     36.013     35.736     9.8037    33.2830      8.099     0.8609 5.4265e-01  1025.8078     9.7997    25.6448     9.1379    278.425    9.16542  279.26410     99.700 0.0000e+00
   39.53014  -71.74886     36.003     35.726     9.8037    33.2828      8.099     0.8609 5.4265e-01  1025.8075     9.7997    25.6445     9.1435    278.596    9.16616  279.28757     99.752 0.0000e+00
   39.53014  -71.74886     35.983     35.706     9.8038    33.2821      8.099     0.8341 5.4428e-01  1025.8066     9.7998    25.6440     9.1385    278.444    9.16727  279.32229     99.686 0.0000e+00
   39.53014  -71.74886     35.962     35.685     9.8042    33.2813      8.104     0.7803 5.4428e-01  1025.8060     9.8002    25.6433     9.1393    278.470    9.16847  279.35944     99.682 0.0000e+00
   39.53014  -71.74886     35.952     35.675     9.8044    33.2803      8.103     0.7803 5.4428e-01  1025.8052     9.8004    25.6425     9.1389    278.460    9.16940  279.38790     99.668 0.0000e+00
   39.53014  -71.74886     35.932     35.655     9.8047    33.2792      8.103     0.7803 5.4265e-01  1025.8040     9.8007    25.6416     9.1446    278.632    9.16986  279.40171     99.725 0.0000e+00
   39.53014  -71.74886     35.911     35.634     9.8047    33.2782      8.099     0.7803 5.4265e-01  1025.8030     9.8007    25.6409     9.1447    278.635    9.16988  279.40196     99.725 0.0000e+00
   39.53014  -71.74886     35.890     35.614     9.8045    33.2777      8.103     0.7803 5.4428e-01  1025.8026     9.8005    25.6404     9.1438    278.607    9.16981  279.39975     99.716 -9.990e-29
   39.53014  -71.74886     35.890     35.614     9.8044    33.2775      8.103     0.7803 5.4921e-01  1025.8025     9.8004    25.6403     9.1429    278.579    9.16985  279.40161     99.706 -9.990e-29
   39.53014  -71.74886     35.850     35.574     9.8045    33.2777      8.103     0.7803 5.5086e-01  1025.8024     9.8005    25.6404     9.1425    278.569    9.16980  279.40043     99.702 0.0000e+00
   39.53014  -71.74886     35.841     35.565     9.8045    33.2779      8.103     0.7803 5.5086e-01  1025.8028     9.8005    25.6407     9.1424    278.567    9.17014  279.41129     99.698 0.0000e+00
   39.53014  -71.74886     35.830     35.554     9.8044    33.2777      8.103     0.7803 5.5086e-01  1025.8032     9.8004    25.6405     9.1427    278.577    9.17087  279.43475     99.693 0.0000e+00
   39.53014  -71.74886     35.809     35.533     9.8047    33.2765      8.103     0.7803 5.5086e-01  1025.8013     9.8007    25.6396     9.1428    278.580    9.17147  279.45193     99.688 0.0000e+00
   39.53014  -71.74886     35.779     35.503     9.8040    33.2755      8.104     0.7803 5.5086e-01  1025.7995     9.8001    25.6388     9.1423    278.561    9.17153  279.45266     99.681 -9.990e-29
   39.53014  -71.74886     35.779     35.503     9.8031    33.2759      8.104     0.7803 5.5585e-01  1025.8004     9.7991    25.6392     9.1473    278.715    9.17157  279.45351     99.736 -9.990e-29
   39.53014  -71.74886     35.758     35.483     9.8024    33.2774      8.104     0.7803 5.5752e-01  1025.8028     9.7984    25.6405     9.1415    278.536    9.17160  279.45396     99.671 0.0000e+00
   39.53014  -71.74886     35.728     35.452     9.8024    33.2784      8.104     0.7803 5.5752e-01  1025.8033     9.7984    25.6413     9.1470    278.705    9.17159  279.45342     99.732 0.0000e+00
   39.53014  -71.74886     35.718     35.443     9.8027    33.2784      8.104     0.7803 5.6258e-01  1025.8030     9.7987    25.6413     9.1474    278.717    9.17151  279.45088     99.737 0.0000e+00
   39.53014  -71.74886     35.707     35.432     9.8029    33.2778      8.104     0.7803 5.6258e-01  1025.8025     9.7989    25.6408     9.1475    278.720    9.17125  279.44265     99.741 0.0000e+00
   39.53014  -71.74886     35.677     35.402     9.8032    33.2769      8.104     0.7803 5.6258e-01  1025.8011     9.7992    25.6401     9.1472    278.710    9.17074  279.42643     99.744 0.0000e+00
   39.53014  -71.74886     35.657     35.383     9.8029    33.2762      8.104     0.7803 5.6597e-01  1025.8006     9.7989    25.6396     9.1470    278.704    9.17036  279.41497     99.745 0.0000e+00
   39.53014  -71.74886     35.646     35.372     9.8029    33.2759      8.104     0.7803 5.6938e-01  1025.8006     9.7989    25.6393     9.1471    278.707    9.17039  279.41649     99.746 0.0000e+00
   39.53014  -71.74886     35.626     35.351     9.8030    33.2752      8.104     0.7803 5.7108e-01  1025.8001     9.7991    25.6388     9.1476    278.723    9.17089  279.43224     99.746 0.0000e+00
   39.53014  -71.74886     35.606     35.332     9.8026    33.2740      8.104     0.7803 5.7108e-01  1025.7989     9.7986    25.6379     9.1483    278.745    9.17164  279.45646     99.745 0.0000e+00
   39.53014  -71.74886     35.587     35.313     9.8019    33.2727      8.104     0.7803 5.7452e-01  1025.7977     9.7979    25.6371     9.1500    278.799    9.17344  279.51373     99.744 0.0000e+00
   39.53014  -71.74886     35.565     35.291     9.8014    33.2723      8.104     0.7803 5.7624e-01  1025.7967     9.7974    25.6369     9.1526    278.881    9.17615  279.59872     99.743 0.0000e+00
   39.53014  -71.74886     35.544     35.271     9.7996    33.2730      8.104     0.7938 5.7624e-01  1025.7984     9.7957    25.6376     9.1555    278.972    9.17850  279.67093     99.750 0.0000e+00
   39.53014  -71.74886     35.525     35.251     9.7985    33.2743      8.104     0.8341 5.7624e-01  1025.7993     9.7945    25.6388     9.1566    279.003    9.17985  279.71146     99.747 0.0000e+00
   39.53014  -71.74886     35.493     35.220     9.7967    33.2752      8.104     0.8475 5.7797e-01  1025.8006     9.7928    25.6397     9.1575    279.030    9.18044  279.72837     99.750 0.0000e+00
   39.53014  -71.74886     35.484     35.210     9.7965    33.2755      8.104     0.8475 5.7797e-01  1025.8006     9.7925    25.6400     9.1581    279.047    9.18081  279.73878     99.753 0.0000e+00
   39.53014  -71.74886     35.453     35.180     9.7962    33.2754      8.104     0.8475 5.8144e-01  1025.8003     9.7922    25.6400     9.1589    279.071    9.18141  279.75707     99.755 0.0000e+00
   39.53014  -71.74886     35.433     35.160     9.7961    33.2751      8.104     0.8475 5.8144e-01  1025.8000     9.7921    25.6399     9.1597    279.095    9.18208  279.77718     99.756 0.0000e+00
   39.53014  -71.74886     35.402     35.130     9.7963    33.2751      8.104     0.8475 5.8319e-01  1025.7996     9.7924    25.6399     9.1658    279.281    9.18237  279.78583     99.820 0.0000e+00
   39.53014  -71.74886     35.382     35.109     9.7967    33.2753      8.104     0.8475 5.8669e-01  1025.8002     9.7927    25.6399     9.1675    279.334    9.18261  279.79310     99.836 0.0000e+00
   39.53014  -71.74886     35.361     35.089     9.7971    33.2749      8.104     0.8475 5.8845e-01  1025.7999     9.7931    25.6396     9.1624    279.177    9.18268  279.79478     99.779 0.0000e+00
   39.53014  -71.74886     35.342     35.069     9.7975    33.2738      8.104     0.8475 5.9021e-01  1025.7981     9.7935    25.6387     9.1678    279.340    9.18249  279.78857     99.840 0.0000e+00
   39.53014  -71.74886     35.310     35.038     9.7968    33.2731      8.104     0.8475 5.9198e-01  1025.7973     9.7929    25.6382     9.1680    279.345    9.18222  279.77984     99.845 0.0000e+00
   39.53014  -71.74886     35.291     35.019     9.7957    33.2732      8.104     0.8475 5.9375e-01  1025.7978     9.7918    25.6384     9.1670    279.317    9.18180  279.76692     99.839 0.0000e+00
   39.53014  -71.74886     35.260     34.989     9.7960    33.2738      8.104     0.8475 5.9375e-01  1025.7981     9.7921    25.6388     9.1669    279.312    9.18146  279.75669     99.841 0.0000e+00
   39.53014  -71.74886     35.240     34.968     9.7960    33.2746      8.104     0.8475 5.9731e-01  1025.7988     9.7921    25.6395     9.1666    279.304    9.18108  279.74498     99.842 0.0000e+00
   39.53014  -71.74886     35.201     34.930     9.7964    33.2757      8.104     0.8475 5.9910e-01  1025.7994     9.7925    25.6403     9.1654    279.268    9.18069  279.73295     99.834 0.0000e+00
   39.53014  -71.74886     35.189     34.918     9.7965    33.2767      8.104     0.8475 5.9910e-01  1025.8005     9.7926    25.6410     9.1658    279.278    9.18035  279.72227     99.841 0.0000e+00
   39.53014  -71.74886     35.147     34.877     9.7972    33.2769      8.104     0.8475 6.0269e-01  1025.8001     9.7932    25.6410     9.1651    279.258    9.17991  279.70818     99.839 0.0000e+00
   39.53014  -71.74886     35.117     34.846     9.7977    33.2767      8.104     0.8475 6.0450e-01  1025.7995     9.7938    25.6408     9.1652    279.258    9.17941  279.69196     99.845 0.0000e+00
   39.53014  -71.74886     35.096     34.826     9.7981    33.2763      8.104     0.8475 6.1004e-01  1025.7992     9.7942    25.6404     9.1644    279.234    9.17899  279.67902     99.841 0.0000e+00
   39.53014  -71.74886     35.056     34.786     9.7986    33.2756      8.104     0.8475 6.0812e-01  1025.7987     9.7947    25.6398     9.1636    279.211    9.17867  279.66950     99.836 0.0000e+00
   39.53014  -71.74886     35.036     34.766     9.7985    33.2742      8.104     0.8475 6.1176e-01  1025.7970     9.7946    25.6387     9.1626    279.178    9.17816  279.65354     99.830 0.0000e+00
   39.53014  -71.74886     35.005     34.736     9.7979    33.2725      8.104     0.8475 6.1543e-01  1025.7960     9.7940    25.6375     9.1608    279.125    9.17710  279.62059     99.823 0.0000e+00
   39.53014  -71.74886     34.985     34.715     9.7975    33.2700      8.104     0.8475 6.2107e-01  1025.7944     9.7936    25.6357     9.1601    279.102    9.17631  279.59738     99.823 0.0000e+00
   39.53014  -71.74886     34.964     34.695     9.7950    33.2661      8.104     0.8475 6.1726e-01  1025.7914     9.7911    25.6331     9.1652    279.261    9.17648  279.60364     99.878 0.0000e+00
   39.53014  -71.74886     34.916     34.647     9.7911    33.2618      8.104     0.8475 6.2479e-01  1025.7876     9.7872    25.6303     9.1665    279.298    9.17698  279.61908     99.885 0.0000e+00
   39.53014  -71.74886     34.862     34.593     9.7861    33.2583      8.104     0.7938 6.1911e-01  1025.7854     9.7823    25.6283     9.1668    279.311    9.17755  279.63740     99.883 0.0000e+00
