CalculateIndicators/WaterTemperature/Data/CTD_NYOS/20240426_C05.cnv
* Sea-Bird SBE 9 Data File:
* FileName = C:\Seabird 9 CTD\Data\2024\202404_offshore\20240426_C05.hex
* Software Version Seasave V 7.23.2
* Temperature SN = 4590
* Conductivity SN = 3228
* Number of Bytes Per Scan = 44
* Number of Voltage Words = 5
* Number of Scans Averaged by the Deck Unit = 1
* NMEA Latitude = 40 18.14 N
* NMEA Longitude = 073 13.44 W
* NMEA UTC (Time) = Apr 26 2024  13:54:56
* NMEA baud rate = 4800
** Ship: Seawolf
** Station: 8.2
** Operator: TCM
# nquan = 18
# nvalues = 10873                       
# units = specified
# name 0 = latitude: Latitude [deg]
# name 1 = longitude: Longitude [deg]
# name 2 = prDM: Pressure, Digiquartz [db]
# name 3 = depSM: Depth [salt water, m]
# name 4 = t090C: Temperature [ITS-90, deg C]
# name 5 = sal00: Salinity, Practical [PSU]
# name 6 = ph: pH
# name 7 = flECO-AFL: Fluorescence, WET Labs ECO-AFL/FL [mg/m^3]
# name 8 = cpar: CPAR/Corrected Irradiance [%]
# name 9 = density00: Density [density, kg/m^3]
# name 10 = potemp090C: Potential Temperature [ITS-90, deg C]
# name 11 = sigma-é00: Density [sigma-theta, kg/m^3]
# name 12 = sbeox0Mg/L: Oxygen, SBE 43 [mg/l]
# name 13 = sbox0Mm/Kg: Oxygen, SBE 43 [umol/kg]
# name 14 = oxsolMg/L: Oxygen Saturation, Garcia & Gordon [mg/l]
# name 15 = oxsolMm/Kg: Oxygen Saturation, Garcia & Gordon [umol/kg]
# name 16 = sbeox0PS: Oxygen, SBE 43 [% saturation]
# name 17 = flag:  0.000e+00
# span 0 =   40.30232,   40.30316       
# span 1 =  -73.22518,  -73.22400       
# span 2 =      1.846,     34.362       
# span 3 =      1.831,     34.095       
# span 4 =     6.9522,     8.6780       
# span 5 =    30.4824,    31.0484       
# span 6 =      7.916,      8.099       
# span 7 =     0.0282,     1.0893       
# span 8 = 1.4059e-01, 3.0029e+02       
# span 9 =  1023.6481,  1024.4716       
# span 10 =     6.9493,     8.6777      
# span 11 =    23.6395,    24.3134      
# span 12 =     8.4280,     9.9417      
# span 13 =    257.133,    303.498      
# span 14 =    9.56523,    9.91375      
# span 15 =  292.01410,  302.45807      
# span 16 =     85.115,    103.796      
# span 17 = 0.0000e+00, 0.0000e+00      
# interval = seconds: 0.0416667
# start_time = Apr 26 2024 13:54:58 [System UTC, first data scan.]
# bad_flag = -9.990e-29
*END*
[from data line 10855]
   40.30314  -73.22518      2.408      2.389     8.6757    30.4962 -9.990e-29     0.1357 3.8895e+01  1023.6531     8.6754    23.6420 -9.990e-29 -9.990e-29 -9.990e-29 -9.990e-29 -9.990e-29 -9.990e-29
   40.30314  -73.22518      2.398      2.379     8.6760    30.4960 -9.990e-29     0.1357 4.9257e+01  1023.6526     8.6758    23.6418 -9.990e-29 -9.990e-29 -9.990e-29 -9.990e-29 -9.990e-29 -9.990e-29
   40.30314  -73.22518      2.388      2.370     8.6757    30.4960 -9.990e-29     0.1357 5.4046e+01  1023.6530     8.6754    23.6418 -9.990e-29 -9.990e-29 -9.990e-29 -9.990e-29 -9.990e-29 -9.990e-29
   40.30314  -73.22518      2.368      2.349     8.6760    30.4959 -9.990e-29     0.1357 5.2993e+01  1023.6525     8.6758    23.6418 -9.990e-29 -9.990e-29 -9.990e-29 -9.990e-29 -9.990e-29 -9.990e-29
   40.30314  -73.22518      2.377      2.359     8.6755    30.4959 -9.990e-29     0.1357 4.5313e+01  1023.6527     8.6753    23.6418 -9.990e-29 -9.990e-29 -9.990e-29 -9.990e-29 -9.990e-29 -9.990e-29
   40.30314  -73.22518      2.357      2.339     8.6757    30.4959 -9.990e-29     0.1357 4.2119e+01  1023.6526     8.6754    23.6418 -9.990e-29 -9.990e-29 -9.990e-29 -9.990e-29 -9.990e-29 -9.990e-29
   40.30314  -73.22518      2.347      2.329     8.6758    30.4959 -9.990e-29     0.1357 4.2356e+01  1023.6525     8.6756    23.6417 -9.990e-29 -9.990e-29 -9.990e-29 -9.990e-29 -9.990e-29 -9.990e-29
   40.30314  -73.22518      2.347      2.329     8.6757    30.4958 -9.990e-29     0.1222 5.6158e+01  1023.6524     8.6754    23.6417 -9.990e-29 -9.990e-29 -9.990e-29 -9.990e-29 -9.990e-29 -9.990e-29
   40.30314  -73.22518      2.337      2.319     8.6755    30.4958 -9.990e-29     0.1357 6.6105e+01  1023.6524     8.6753    23.6417 -9.990e-29 -9.990e-29 -9.990e-29 -9.990e-29 -9.990e-29 -9.990e-29
   40.30314  -73.22518      2.326      2.309     8.6755    30.4959 -9.990e-29     0.1357 6.7290e+01  1023.6524     8.6753    23.6418 -9.990e-29 -9.990e-29 -9.990e-29 -9.990e-29 -9.990e-29 -9.990e-29
   40.30314  -73.22518      2.326      2.309     8.6753    30.4961 -9.990e-29     0.1357 4.9852e+01  1023.6527     8.6751    23.6420 -9.990e-29 -9.990e-29 -9.990e-29 -9.990e-29 -9.990e-29 -9.990e-29
   40.30314  -73.22518      2.317      2.299     8.6752    30.4962 -9.990e-29     0.1357 3.9582e+01  1023.6528     8.6750    23.6421 -9.990e-29 -9.990e-29 -9.990e-29 -9.990e-29 -9.990e-29 -9.990e-29
   40.30314  -73.22518      2.307      2.289     8.6753    30.4962 -9.990e-29     0.1357 3.8369e+01  1023.6525     8.6751    23.6421 -9.990e-29 -9.990e-29 -9.990e-29 -9.990e-29 -9.990e-29 -9.990e-29
   40.30314  -73.22518      2.307      2.289     8.6752    30.4962 -9.990e-29     0.1357 3.6159e+01  1023.6529     8.6750    23.6421 -9.990e-29 -9.990e-29 -9.990e-29 -9.990e-29 -9.990e-29 -9.990e-29
   40.30314  -73.22518      2.296      2.279     8.6753    30.4960 -9.990e-29     0.1357 3.3632e+01  1023.6523     8.6751    23.6419 -9.990e-29 -9.990e-29 -9.990e-29 -9.990e-29 -9.990e-29 -9.990e-29
   40.30314  -73.22518      2.296      2.279     8.6755    30.4958 -9.990e-29     0.1491 3.3564e+01  1023.6520     8.6753    23.6417 -9.990e-29 -9.990e-29 -9.990e-29 -9.990e-29 -9.990e-29 -9.990e-29
   40.30314  -73.22518      2.296      2.279     8.6753    30.4960 -9.990e-29     0.1491 4.4977e+01  1023.6525     8.6751    23.6419 -9.990e-29 -9.990e-29 -9.990e-29 -9.990e-29 -9.990e-29 -9.990e-29
   40.30314  -73.22518      2.287      2.269     8.6755    30.4962 -9.990e-29     0.1491 6.9026e+01  1023.6526     8.6753    23.6420 -9.990e-29 -9.990e-29 -9.990e-29 -9.990e-29 -9.990e-29 -9.990e-29
