CalculateIndicators/WaterTemperature/Data/CTD_NYOS/20240428_C21.cnv
* Sea-Bird SBE 9 Data File:
* FileName = C:\Seabird 9 CTD\Data\2024\202404_offshore\20240428_C21.hex
* Software Version Seasave V 7.23.2
* Temperature SN = 4590
* Conductivity SN = 3228
* Number of Bytes Per Scan = 44
* Number of Voltage Words = 5
* Number of Scans Averaged by the Deck Unit = 1
* NMEA Latitude = 40 33.26 N
* NMEA Longitude = 072 27.12 W
* NMEA UTC (Time) = Apr 28 2024  08:17:26
* NMEA baud rate = 4800
** Ship: Seawolf
** Station: 10.2
** Operator: TDK
# nquan = 18
# nvalues = 13598                       
# units = specified
# name 0 = latitude: Latitude [deg]
# name 1 = longitude: Longitude [deg]
# name 2 = prDM: Pressure, Digiquartz [db]
# name 3 = depSM: Depth [salt water, m]
# name 4 = t090C: Temperature [ITS-90, deg C]
# name 5 = sal00: Salinity, Practical [PSU]
# name 6 = ph: pH
# name 7 = flECO-AFL: Fluorescence, WET Labs ECO-AFL/FL [mg/m^3]
# name 8 = cpar: CPAR/Corrected Irradiance [%]
# name 9 = density00: Density [density, kg/m^3]
# name 10 = potemp090C: Potential Temperature [ITS-90, deg C]
# name 11 = sigma-é00: Density [sigma-theta, kg/m^3]
# name 12 = sbeox0Mg/L: Oxygen, SBE 43 [mg/l]
# name 13 = sbox0Mm/Kg: Oxygen, SBE 43 [umol/kg]
# name 14 = oxsolMg/L: Oxygen Saturation, Garcia & Gordon [mg/l]
# name 15 = oxsolMm/Kg: Oxygen Saturation, Garcia & Gordon [umol/kg]
# name 16 = sbeox0PS: Oxygen, SBE 43 [% saturation]
# name 17 = flag:  0.000e+00
# span 0 =   40.55426,   40.55448       
# span 1 =  -72.45314,  -72.45214       
# span 2 =      1.598,     39.936       
# span 3 =      1.586,     39.624       
# span 4 =     5.9059,     8.9619       
# span 5 =    29.2287,    31.7943       
# span 6 =      7.886,      8.078       
# span 7 =     0.0819,     3.8158       
# span 8 = 9.9999e+04, 9.9999e+04       
# span 9 =  1022.6183,  1025.1878       
# span 10 =     5.9039,     8.9617      
# span 11 =    22.6090,    25.0047      
# span 12 =     8.6874,    10.5499      
# span 13 =    264.865,    321.785      
# span 14 =    9.56068,   10.12397      
# span 15 =  291.76371,  308.70924      
# span 16 =     86.393,    108.361      
# span 17 = 0.0000e+00, 0.0000e+00      
# interval = seconds: 0.0416667
# start_time = Apr 28 2024 08:17:26 [System UTC, first data scan.]
# bad_flag = -9.990e-29
*END*
[from data line 403]
   40.55448 -9.990e-29      1.856      1.842     8.9427    29.2390      8.075     0.5252 9.9999e+04  1022.6279     8.9425    22.6194    10.1135    309.059    9.58636  292.95145    105.498 -9.990e-29
   40.55448 -9.990e-29      1.856      1.842     8.9425    29.2392      8.075     0.5252 9.9999e+04  1022.6280     8.9423    22.6195    10.1078    308.887    9.58630  292.94984    105.440 -9.990e-29
   40.55448 -9.990e-29      1.856      1.842     8.9425    29.2392      8.075     0.5252 9.9999e+04  1022.6283     8.9423    22.6196    10.1067    308.853    9.58631  292.95020    105.429 -9.990e-29
   40.55448 -9.990e-29      1.835      1.821     8.9427    29.2391      8.075     0.5252 9.9999e+04  1022.6276     8.9425    22.6196    10.1056    308.821    9.58630  292.94960    105.418 -9.990e-29
   40.55448 -9.990e-29      1.826      1.812     8.9425    29.2391      8.075     0.5252 9.9999e+04  1022.6279     8.9423    22.6196    10.1108    308.977    9.58634  292.95088    105.471 -9.990e-29
   40.55448 -9.990e-29      1.826      1.812     8.9423    29.2392      8.075     0.5386 9.9999e+04  1022.6280     8.9422    22.6196    10.1046    308.789    9.58636  292.95164    105.406 -9.990e-29
   40.55448 -9.990e-29      1.805      1.791     8.9426    29.2392      8.075     0.5654 9.9999e+04  1022.6276     8.9424    22.6196    10.0977    308.577    9.58635  292.95143    105.334 -9.990e-29
   40.55448 -9.990e-29      1.805      1.791     8.9423    29.2392      8.075     0.5654 9.9999e+04  1022.6280     8.9422    22.6196    10.0960    308.526    9.58628  292.94928    105.317 -9.990e-29
   40.55448 -9.990e-29      1.794      1.780     8.9425    29.2391      8.075     0.5654 9.9999e+04  1022.6275     8.9424    22.6195    10.0946    308.484    9.58637  292.95193    105.302 -9.990e-29
   40.55448 -9.990e-29      1.784      1.771     8.9425    29.2390      8.075     0.5654 9.9999e+04  1022.6276     8.9423    22.6194    10.0940    308.465    9.58631  292.95017    105.296 -9.990e-29
   40.55448 -9.990e-29      1.784      1.771     8.9423    29.2390      8.075     0.5654 9.9999e+04  1022.6278     8.9422    22.6194    10.0988    308.613    9.58633  292.95054    105.346 -9.990e-29
   40.55448 -9.990e-29      1.775      1.761     8.9425    29.2389      8.075     0.5654 9.9999e+04  1022.6273     8.9424    22.6194    10.0925    308.417    9.58634  292.95104    105.280 -9.990e-29
   40.55448 -9.990e-29      1.764      1.750     8.9423    29.2389      8.075     0.5654 9.9999e+04  1022.6276     8.9421    22.6194    10.0914    308.385    9.58635  292.95122    105.268 -9.990e-29
   40.55448 -9.990e-29      1.764      1.750     8.9425    29.2387      8.075     0.5654 9.9999e+04  1022.6274     8.9424    22.6193    10.0965    308.542    9.58638  292.95213    105.322 -9.990e-29
   40.55448 -9.990e-29      1.751      1.738     8.9425    29.2385      8.075     0.5654 9.9999e+04  1022.6269     8.9424    22.6191    10.0903    308.353    9.58636  292.95138    105.257 -9.990e-29
   40.55448 -9.990e-29      1.754      1.741     8.9425    29.2385      8.075     0.5654 9.9999e+04  1022.6268     8.9423    22.6191    10.0956    308.512    9.58631  292.95012    105.312 -9.990e-29
   40.55448 -9.990e-29      1.754      1.741     8.9423    29.2388      8.075     0.5654 9.9999e+04  1022.6275     8.9422    22.6193    10.0896    308.331    9.58636  292.95149    105.250 -9.990e-29
   40.55448 -9.990e-29      1.745      1.731     8.9423    29.2390      8.075     0.5654 9.9999e+04  1022.6276     8.9421    22.6195    10.0950    308.496    9.58634  292.95089    105.306 -9.990e-29
   40.55448 -9.990e-29      1.745      1.731     8.9425    29.2390      8.075     0.5654 9.9999e+04  1022.6274     8.9424    22.6194    10.0953    308.504    9.58635  292.95129    105.309 -9.990e-29
   40.55448 -9.990e-29      1.745      1.731     8.9423    29.2389      8.075     0.5654 9.9999e+04  1022.6274     8.9422    22.6194    10.0956    308.514    9.58635  292.95125    105.312 -9.990e-29
   40.55448 -9.990e-29      1.745      1.731     8.9425    29.2389      8.075     0.5654 9.9999e+04  1022.6273     8.9423    22.6194    10.0960    308.524    9.58632  292.95011    105.316 -9.990e-29
   40.55448 -9.990e-29      1.745      1.731     8.9423    29.2390      8.075     0.5654 9.9999e+04  1022.6275     8.9422    22.6195    10.0964    308.538    9.58633  292.95077    105.321 -9.990e-29
   40.55448 -9.990e-29      1.724      1.711     8.9423    29.2392      8.075     0.5654 9.9999e+04  1022.6275     8.9422    22.6196    10.0970    308.555    9.58636  292.95152    105.326 -9.990e-29
   40.55448 -9.990e-29      1.683      1.670     8.9423    29.2393      8.075     0.5654 9.9999e+04  1022.6275     8.9421    22.6197    10.0976    308.573    9.58635  292.95119    105.333 -9.990e-29
   40.55448 -9.990e-29      1.724      1.711     8.9422    29.2392      8.075     0.5654 9.9999e+04  1022.6275     8.9420    22.6196    10.0982    308.593    9.58634  292.95076    105.340 -9.990e-29
   40.55448 -9.990e-29      1.724      1.711     8.9425    29.2391      8.075     0.5654 9.9999e+04  1022.6275     8.9424    22.6196    10.0990    308.616    9.58636  292.95160    105.347 -9.990e-29
   40.55448 -9.990e-29      1.734      1.720     8.9423    29.2390      8.075     0.5654 9.9999e+04  1022.6274     8.9421    22.6195    10.0998    308.641    9.58636  292.95136    105.356 -9.990e-29
   40.55448 -9.990e-29      1.793      1.779     8.9423    29.2389      8.075     0.5654 9.9999e+04  1022.6275     8.9422    22.6194    10.1005    308.663    9.58626  292.94849    105.364 -9.990e-29
   40.55448 -9.990e-29      1.794      1.780     8.9423    29.2388      8.075     0.5654 9.9999e+04  1022.6276     8.9421    22.6193    10.1015    308.695    9.58634  292.95097    105.374 -9.990e-29
   40.55448 -9.990e-29      1.764      1.750     8.9423    29.2388      8.075     0.5654 9.9999e+04  1022.6273     8.9422    22.6193    10.1025    308.724    9.58631  292.95005    105.385 -9.990e-29
   40.55448 -9.990e-29      1.845      1.831     8.9423    29.2389      8.075     0.5923 9.9999e+04  1022.6279     8.9422    22.6194    10.0984    308.599    9.58632  292.95016    105.342 -9.990e-29
   40.55448 -9.990e-29      1.886      1.871     8.9423    29.2390      8.075     0.6057 9.9999e+04  1022.6282     8.9421    22.6195    10.1048    308.795    9.58632  292.95033    105.409 -9.990e-29
   40.55448 -9.990e-29      1.896      1.881     8.9423    29.2390      8.075     0.6057 9.9999e+04  1022.6281     8.9422    22.6195    10.1000    308.649    9.58631  292.95007    105.359 -9.990e-29
   40.55448 -9.990e-29      1.905      1.891     8.9423    29.2390      8.075     0.6057 9.9999e+04  1022.6282     8.9422    22.6195    10.1066    308.850    9.58627  292.94881    105.428 -9.990e-29
   40.55448 -9.990e-29      1.937      1.922     8.9423    29.2391      8.075     0.6057 9.9999e+04  1022.6284     8.9421    22.6196    10.1081    308.894    9.58628  292.94921    105.443 -9.990e-29
   40.55448 -9.990e-29      1.956      1.941     8.9423    29.2392      8.075     0.6057 9.9999e+04  1022.6287     8.9422    22.6196    10.1096    308.941    9.58630  292.94971    105.459 -9.990e-29
   40.55448 -9.990e-29      1.977      1.961     8.9425    29.2392      8.075     0.6057 9.9999e+04  1022.6285     8.9423    22.6196    10.1051    308.804    9.58628  292.94927    105.412 -9.990e-29
   40.55448 -9.990e-29      1.997      1.982     8.9420    29.2392      8.075     0.6057 9.9999e+04  1022.6289     8.9418    22.6196    10.1112    308.991    9.58632  292.95025    105.476 -9.990e-29
   40.55448 -9.990e-29      2.017      2.001     8.9422    29.2391      8.075     0.6057 9.9999e+04  1022.6287     8.9420    22.6195    10.1069    308.858    9.58629  292.94953    105.430 -9.990e-29
   40.55448 -9.990e-29      2.017      2.001     8.9423    29.2390      8.075     0.6057 9.9999e+04  1022.6286     8.9421    22.6194    10.1130    309.046    9.58627  292.94886    105.495 -9.990e-29
   40.55448 -9.990e-29      2.037      2.021     8.9420    29.2390      8.075     0.6057 9.9999e+04  1022.6289     8.9418    22.6195    10.1080    308.892    9.58623  292.94750    105.443 -9.990e-29
   40.55448 -9.990e-29      2.058      2.042     8.9423    29.2390      8.075     0.6057 9.9999e+04  1022.6288     8.9421    22.6195    10.1083    308.901    9.58625  292.94826    105.445 -9.990e-29
   40.55448 -9.990e-29      2.058      2.042     8.9421    29.2390      8.075     0.6057 9.9999e+04  1022.6289     8.9419    22.6195    10.1086    308.912    9.58630  292.94972    105.449 -9.990e-29
   40.55448 -9.990e-29      2.067      2.051     8.9422    29.2390      8.075     0.6057 9.9999e+04  1022.6290     8.9420    22.6195    10.1090    308.924    9.58629  292.94935    105.453 -9.990e-29
   40.55448 -9.990e-29      2.088      2.072     8.9422    29.2389      8.075     0.6057 9.9999e+04  1022.6290     8.9420    22.6194    10.1095    308.937    9.58625  292.94805    105.458 -9.990e-29
   40.55448 -9.990e-29      2.118      2.102     8.9420    29.2389      8.075     0.6057 9.9999e+04  1022.6290     8.9418    22.6194    10.1093    308.931    9.58635  292.95119    105.455 -9.990e-29
   40.55448 -9.990e-29      2.129      2.113     8.9420    29.2390      8.075     0.6057 9.9999e+04  1022.6294     8.9418    22.6195    10.1097    308.946    9.58627  292.94901    105.461 -9.990e-29
   40.55448 -9.990e-29      2.157      2.140     8.9420    29.2390      8.075     0.6057 9.9999e+04  1022.6293     8.9418    22.6195    10.1096    308.942    9.58634  292.95097    105.459 -9.990e-29
   40.55448 -9.990e-29      2.169      2.152     8.9420    29.2390      8.075     0.6057 9.9999e+04  1022.6296     8.9418    22.6195    10.1094    308.935    9.58629  292.94945    105.457 -9.990e-29
   40.55448 -9.990e-29      2.199      2.182     8.9423    29.2389      8.075     0.6057 9.9999e+04  1022.6294     8.9421    22.6194    10.1040    308.771    9.58627  292.94867    105.401 -9.990e-29
   40.55448 -9.990e-29      2.209      2.192     8.9423    29.2388      8.075     0.6057 9.9999e+04  1022.6294     8.9421    22.6193    10.1093    308.931    9.58629  292.94936    105.455 -9.990e-29
   40.55448 -9.990e-29      2.220      2.203     8.9423    29.2388      8.075     0.6057 9.9999e+04  1022.6295     8.9421    22.6193    10.1092    308.930    9.58626  292.94837    105.455 -9.990e-29
   40.55448 -9.990e-29      2.229      2.212     8.9422    29.2388      8.075     0.6057 9.9999e+04  1022.6296     8.9419    22.6193    10.1032    308.746    9.58626  292.94862    105.393 -9.990e-29
   40.55448 -9.990e-29      2.240      2.223     8.9421    29.2387      8.075     0.6057 9.9999e+04  1022.6295     8.9419    22.6192    10.1094    308.936    9.58628  292.94890    105.457 -9.990e-29
   40.55448 -9.990e-29      2.250      2.233     8.9422    29.2386      8.075     0.5923 9.9999e+04  1022.6295     8.9419    22.6192    10.1035    308.756    9.58628  292.94919    105.396 -9.990e-29
   40.55448 -9.990e-29      2.260      2.242     8.9425    29.2387      8.075     0.5923 9.9999e+04  1022.6294     8.9423    22.6192    10.1021    308.713    9.58630  292.94958    105.381 -9.990e-29
   40.55448 -9.990e-29      2.271      2.253     8.9420    29.2387      8.075     0.5923 9.9999e+04  1022.6299     8.9418    22.6193    10.1007    308.670    9.58629  292.94937    105.366 -9.990e-29
   40.55448 -9.990e-29      2.271      2.253     8.9423    29.2388      8.075     0.5923 9.9999e+04  1022.6296     8.9421    22.6193    10.1054    308.814    9.58629  292.94923    105.415 -9.990e-29
   40.55448 -9.990e-29      2.290      2.272     8.9422    29.2389      8.075     0.5923 9.9999e+04  1022.6300     8.9419    22.6194    10.1049    308.797    9.58629  292.94929    105.410 -9.990e-29
   40.55448 -9.990e-29      2.310      2.293     8.9421    29.2390      8.075     0.5923 9.9999e+04  1022.6300     8.9419    22.6195    10.0990    308.619    9.58621  292.94703    105.350 0.0000e+00
   40.55448 -9.990e-29      2.320      2.302     8.9420    29.2390      8.075     0.5923 9.9999e+04  1022.6302     8.9418    22.6195    10.0978    308.581    9.58628  292.94890    105.336 0.0000e+00
   40.55448 -9.990e-29      2.352      2.334     8.9420    29.2389      8.075     0.5923 9.9999e+04  1022.6302     8.9417    22.6195    10.0966    308.543    9.58627  292.94884    105.323 -9.990e-29
   40.55448 -9.990e-29      2.352      2.334     8.9420    29.2388      8.075     0.5923 9.9999e+04  1022.6303     8.9418    22.6194    10.1023    308.717    9.58628  292.94900    105.382 -9.990e-29
   40.55448 -9.990e-29      2.371      2.353     8.9423    29.2388      8.075     0.5923 9.9999e+04  1022.6300     8.9421    22.6194    10.1019    308.706    9.58630  292.94964    105.379 -9.990e-29
   40.55448 -9.990e-29      2.371      2.353     8.9420    29.2389      8.075     0.5923 9.9999e+04  1022.6305     8.9417    22.6195    10.0963    308.534    9.58627  292.94882    105.320 -9.990e-29
   40.55448 -9.990e-29      2.392      2.373     8.9422    29.2390      8.075     0.5923 9.9999e+04  1022.6303     8.9419    22.6195    10.0952    308.501    9.58628  292.94920    105.309 -9.990e-29
   40.55448 -9.990e-29      2.392      2.373     8.9420    29.2390      8.075     0.5923 9.9999e+04  1022.6305     8.9418    22.6195    10.0950    308.495    9.58633  292.95059    105.306 -9.990e-29
   40.55448 -9.990e-29      2.401      2.383     8.9421    29.2390      8.075     0.5923 9.9999e+04  1022.6304     8.9419    22.6195    10.0947    308.487    9.58626  292.94836    105.304 0.0000e+00
   40.55448 -9.990e-29      2.412      2.393     8.9422    29.2390      8.075     0.5923 9.9999e+04  1022.6307     8.9419    22.6195    10.0947    308.486    9.58631  292.94989    105.303 -9.990e-29
   40.55448 -9.990e-29      2.412      2.393     8.9422    29.2390      8.075     0.5923 9.9999e+04  1022.6305     8.9419    22.6195    10.0946    308.484    9.58627  292.94894    105.303 -9.990e-29
   40.55448 -9.990e-29      2.412      2.393     8.9420    29.2391      8.075     0.5923 9.9999e+04  1022.6307     8.9417    22.6196    10.1007    308.669    9.58626  292.94870    105.366 -9.990e-29
   40.55448 -9.990e-29      2.431      2.413     8.9420    29.2391      8.075     0.5923 9.9999e+04  1022.6307     8.9418    22.6196    10.1015    308.695    9.58621  292.94714    105.376 0.0000e+00
   40.55448 -9.990e-29      2.442      2.423     8.9421    29.2390      8.075     0.5923 9.9999e+04  1022.6307     8.9419    22.6196    10.0964    308.537    9.58620  292.94680    105.322 0.0000e+00
   40.55448 -9.990e-29      2.452      2.433     8.9420    29.2390      8.075     0.5923 9.9999e+04  1022.6307     8.9418    22.6196    10.1026    308.727    9.58617  292.94595    105.387 0.0000e+00
   40.55448 -9.990e-29      2.473      2.453     8.9420    29.2390      8.075     0.5923 9.9999e+04  1022.6309     8.9418    22.6196    10.1036    308.759    9.58619  292.94654    105.398 -9.990e-29
   40.55448 -9.990e-29      2.473      2.453     8.9425    29.2391      8.075     0.5923 9.9999e+04  1022.6308     8.9422    22.6196    10.0986    308.604    9.58614  292.94507    105.346 -9.990e-29
   40.55448 -9.990e-29      2.482      2.463     8.9420    29.2392      8.075     0.5923 9.9999e+04  1022.6311     8.9418    22.6197    10.1049    308.799    9.58613  292.94482    105.412 0.0000e+00
   40.55448 -9.990e-29      2.493      2.474     8.9422    29.2392      8.075     0.5923 9.9999e+04  1022.6311     8.9419    22.6197    10.1060    308.833    9.58611  292.94405    105.424 0.0000e+00
   40.55448 -9.990e-29      2.512      2.493     8.9421    29.2392      8.075     0.5923 9.9999e+04  1022.6313     8.9419    22.6197    10.1073    308.870    9.58614  292.94512    105.436 -9.990e-29
