CalculateIndicators/WaterTemperature/Data/CTD_NYOS/20240709_C06.cnv
* Sea-Bird SBE 9 Data File:
* FileName = C:\Seabird 9 CTD\Data\2024\202407_offshore\20240709_C06.hex
* Software Version Seasave V 7.23.2
* Temperature SN = 4590
* Conductivity SN = 3228
* Number of Bytes Per Scan = 44
* Number of Voltage Words = 5
* Number of Scans Averaged by the Deck Unit = 1
* NMEA Latitude = 40 04.94 N
* NMEA Longitude = 073 04.22 W
* NMEA UTC (Time) = Jul 09 2024  00:08:22
* NMEA baud rate = 4800
** Ship: seawolf
** Station: 8.3
** Operator: TDK
# nquan = 18
# nvalues = 13553                       
# units = specified
# name 0 = latitude: Latitude [deg]
# name 1 = longitude: Longitude [deg]
# name 2 = prDM: Pressure, Digiquartz [db]
# name 3 = depSM: Depth [salt water, m]
# name 4 = t090C: Temperature [ITS-90, deg C]
# name 5 = sal00: Salinity, Practical [PSU]
# name 6 = ph: pH
# name 7 = flECO-AFL: Fluorescence, WET Labs ECO-AFL/FL [mg/m^3]
# name 8 = cpar: CPAR/Corrected Irradiance [%]
# name 9 = density00: Density [density, kg/m^3]
# name 10 = potemp090C: Potential Temperature [ITS-90, deg C]
# name 11 = sigma-é00: Density [sigma-theta, kg/m^3]
# name 12 = sbeox0Mg/L: Oxygen, SBE 43 [mg/l]
# name 13 = sbox0Mm/Kg: Oxygen, SBE 43 [umol/kg]
# name 14 = oxsolMg/L: Oxygen Saturation, Garcia & Gordon [mg/l]
# name 15 = oxsolMm/Kg: Oxygen Saturation, Garcia & Gordon [umol/kg]
# name 16 = sbeox0PS: Oxygen, SBE 43 [% saturation]
# name 17 = flag:  0.000e+00
# span 0 =   40.08246,   40.08372       
# span 1 =  -73.07046,  -73.07008       
# span 2 =      1.543,     40.806       
# span 3 =      1.531,     40.489       
# span 4 =     7.0928,    24.1526       
# span 5 =    29.6663,    31.7310       
# span 6 =      7.933,      8.311       
# span 7 =     0.0551,     3.0368       
# span 8 = 4.2200e-12, 6.2218e+01       
# span 9 =  1019.9281,  1024.9991       
# span 10 =     7.0892,    24.1522      
# span 11 =    19.9197,    24.8327      
# span 12 =     6.4491,     9.4759      
# span 13 =    196.679,    289.104      
# span 14 =    7.06444,    9.84098      
# span 15 =  216.45496,  300.09920      
# span 16 =     65.968,    108.274      
# span 17 = 0.0000e+00, 0.0000e+00      
# interval = seconds: 0.0416667
# start_time = Jul 09 2024 00:08:25 [System UTC, first data scan.]
# bad_flag = -9.990e-29
*END*
[from data line 12141]
   40.08350  -73.07010      1.887      1.873    24.0549    30.1509      8.171     0.3774 2.6827e+01  1019.9672    24.0545    19.9593     7.3974    226.644    7.08350  217.02492    104.432 -9.990e-29
   40.08350  -73.07010      1.897      1.882    24.0549    30.1509      8.176     0.3640 2.6750e+01  1019.9672    24.0545    19.9592     7.3930    226.508    7.08348  217.02434    104.370 -9.990e-29
   40.08350  -73.07010      1.898      1.884    24.0549    30.1509      8.171     0.3505 2.6674e+01  1019.9675    24.0545    19.9593     7.3924    226.490    7.08345  217.02359    104.362 -9.990e-29
   40.08350  -73.07010      1.906      1.892    24.0549    30.1511      8.171     0.3505 2.6597e+01  1019.9675    24.0545    19.9594     7.3920    226.476    7.08349  217.02477    104.355 -9.990e-29
   40.08350  -73.07010      1.897      1.882    24.0549    30.1512      8.171     0.3505 2.7686e+01  1019.9677    24.0545    19.9595     7.3915    226.460    7.08350  217.02498    104.348 -9.990e-29
   40.08350  -73.07010      1.906      1.892    24.0549    30.1512      8.171     0.3505 2.9318e+01  1019.9679    24.0545    19.9597     7.3951    226.573    7.08352  217.02572    104.399 -9.990e-29
   40.08350  -73.07010      1.906      1.892    24.0550    30.1512      8.176     0.3505 2.9825e+01  1019.9681    24.0546    19.9597     7.3949    226.567    7.08348  217.02440    104.397 -9.990e-29
   40.08350  -73.07010      1.927      1.912    24.0553    30.1511      8.171     0.3505 3.0168e+01  1019.9681    24.0549    19.9593     7.3950    226.569    7.08341  217.02226    104.399 -9.990e-29
   40.08350  -73.07010      1.917      1.903    24.0554    30.1494      8.171     0.3505 3.1043e+01  1019.9671    24.0550    19.9580     7.3948    226.562    7.08332  217.01942    104.397 -9.990e-29
   40.08350  -73.07010      1.938      1.923    24.0559    30.1463      8.171     0.3505 3.1311e+01  1019.9641    24.0555    19.9557     7.3908    226.440    7.08329  217.01846    104.342 -9.990e-29
   40.08350  -73.07010      1.938      1.923    24.0547    30.1427      8.171     0.3505 3.1580e+01  1019.9608    24.0543    19.9534     7.3907    226.436    7.08322  217.01640    104.341 -9.990e-29
   40.08350  -73.07010      1.938      1.923    24.0513    30.1419      8.171     0.3505 3.2682e+01  1019.9595    24.0509    19.9526     7.3903    226.424    7.08316  217.01436    104.336 -9.990e-29
   40.08350  -73.07010      1.957      1.942    24.0470    30.1419      8.171     0.3505 3.3057e+01  1019.9616    24.0466    19.9538     7.3902    226.420    7.08306  217.01127    104.336 -9.990e-29
   40.08350  -73.07010      1.957      1.942    24.0425    30.1419      8.171     0.3505 3.2775e+01  1019.9651    24.0421    19.9560     7.3939    226.535    7.08295  217.00827    104.390 -9.990e-29
   40.08350  -73.07010      1.978      1.963    24.0393    30.1428      8.176     0.3505 3.1221e+01  1019.9664    24.0389    19.9578     7.3939    226.535    7.08292  217.00754    104.390 -9.990e-29
   40.08350  -73.07010      1.979      1.964    24.0355    30.1435      8.171     0.3640 3.0428e+01  1019.9675    24.0351    19.9594     7.3898    226.410    7.08290  217.00713    104.333 -9.990e-29
   40.08350  -73.07010      1.988      1.972    24.0314    30.1449      8.176     0.3505 3.0168e+01  1019.9695    24.0309    19.9616     7.3937    226.530    7.08293  217.00798    104.388 -9.990e-29
   40.08350  -73.07010      1.999      1.983    24.0274    30.1474      8.171     0.3505 2.7607e+01  1019.9729    24.0270    19.9646     7.3982    226.667    7.08288  217.00653    104.451 -9.990e-29
   40.08350  -73.07010      2.018      2.002    24.0240    30.1506      8.176     0.3505 2.6219e+01  1019.9770    24.0236    19.9678     7.3985    226.677    7.08283  217.00484    104.457 -9.990e-29
   40.08350  -73.07010      2.018      2.002    24.0225    30.1534      8.171     0.3505 2.6069e+01  1019.9795    24.0221    19.9705     7.3988    226.685    7.08272  217.00148    104.463 -9.990e-29
   40.08350  -73.07010      2.029      2.013    24.0209    30.1551      8.171     0.3505 2.7214e+01  1019.9818    24.0205    19.9722     7.3990    226.691    7.08252  216.99518    104.468 -9.990e-29
   40.08350  -73.07010      2.029      2.013    24.0209    30.1551      8.171     0.3505 2.8005e+01  1019.9819    24.0205    19.9727     7.3991    226.693    7.08222  216.98618    104.474 -9.990e-29
   40.08350  -73.07010      2.049      2.034    24.0206    30.1551      8.171     0.3505 2.8085e+01  1019.9811    24.0201    19.9724     7.3992    226.697    7.08195  216.97823    104.479 -9.990e-29
   40.08350  -73.07010      2.059      2.043    24.0206    30.1542      8.176     0.3505 2.8984e+01  1019.9811    24.0201    19.9718     7.3997    226.715    7.08183  216.97472    104.489 -9.990e-29
   40.08350  -73.07010      2.069      2.053    24.0204    30.1521      8.176     0.3505 2.9825e+01  1019.9802    24.0200    19.9703     7.4000    226.723    7.08170  216.97084    104.495 -9.990e-29
   40.08350  -73.07010      2.069      2.053    24.0195    30.1484      8.171     0.3505 3.0082e+01  1019.9764    24.0191    19.9680     7.4003    226.731    7.08156  216.96674    104.501 -9.990e-29
   40.08350  -73.07010      2.089      2.073    24.0164    30.1470      8.171     0.3371 2.9655e+01  1019.9738    24.0160    19.9666     7.4005    226.739    7.08141  216.96221    104.506 -9.990e-29
   40.08350  -73.07010      2.069      2.053    24.0114    30.1470      8.176     0.3371 2.9150e+01  1019.9752    24.0110    19.9675     7.4049    226.874    7.08131  216.95914    104.570 -9.990e-29
   40.08350  -73.07010      2.121      2.105    24.0060    30.1470      8.176     0.3371 2.8984e+01  1019.9795    24.0056    19.9705     7.4058    226.901    7.08117  216.95519    104.584 -9.990e-29
   40.08350  -73.07010      2.110      2.094    24.0014    30.1499      8.171     0.3371 2.9234e+01  1019.9831    24.0009    19.9740     7.4067    226.929    7.08109  216.95281    104.598 -9.990e-29
   40.08350  -73.07010      2.119      2.103    23.9983    30.1528      8.176     0.3371 2.9570e+01  1019.9867    23.9979    19.9771     7.4074    226.950    7.08108  216.95243    104.608 -9.990e-29
   40.08350  -73.07010      2.119      2.103    23.9960    30.1548      8.176     0.3371 2.9740e+01  1019.9889    23.9955    19.9793     7.4080    226.969    7.08103  216.95125    104.618 -9.990e-29
   40.08350  -73.07010      2.129      2.113    23.9946    30.1561      8.171     0.3371 2.9318e+01  1019.9895    23.9941    19.9808     7.4087    226.989    7.08102  216.95080    104.627 -9.990e-29
   40.08350  -73.07010      2.140      2.124    23.9928    30.1577      8.171     0.3371 2.8085e+01  1019.9917    23.9923    19.9824     7.4093    227.008    7.08097  216.94929    104.636 -9.990e-29
   40.08350  -73.07010      2.140      2.124    23.9915    30.1592      8.176     0.3371 3.1732e+01  1019.9935    23.9911    19.9838     7.4139    227.150    7.08087  216.94634    104.703 -9.990e-29
   40.08350  -73.07010      2.150      2.133    23.9915    30.1601      8.176     0.3371 2.7686e+01  1019.9939    23.9911    19.9846     7.4107    227.052    7.08086  216.94608    104.658 -9.990e-29
   40.08350  -73.07010      2.150      2.133    23.9913    30.1606      8.176     0.3371 2.7528e+01  1019.9943    23.9909    19.9851     7.4113    227.069    7.08083  216.94541    104.667 -9.990e-29
   40.08350  -73.07010      2.161      2.144    23.9913    30.1611      8.171     0.3371 2.7449e+01  1019.9948    23.9909    19.9854     7.4160    227.213    7.08080  216.94445    104.733 -9.990e-29
   40.08350  -73.07010      2.150      2.133    23.9913    30.1611      8.176     0.3371 2.7607e+01  1019.9950    23.9909    19.9855     7.4127    227.113    7.08081  216.94446    104.687 -9.990e-29
   40.08350  -73.07010      2.161      2.144    23.9920    30.1611      8.171     0.3371 2.9067e+01  1019.9946    23.9916    19.9853     7.4129    227.119    7.08075  216.94269    104.691 -9.990e-29
   40.08350  -73.07010      2.161      2.144    23.9920    30.1608      8.176     0.3371 2.9911e+01  1019.9944    23.9916    19.9850     7.4131    227.124    7.08071  216.94140    104.694 -9.990e-29
   40.08350  -73.07010      2.170      2.154    23.9926    30.1603      8.171     0.3371 2.9911e+01  1019.9936    23.9921    19.9845     7.4134    227.134    7.08053  216.93584    104.701 -9.990e-29
   40.08350  -73.07010      2.161      2.144    23.9922    30.1600      8.176     0.3371 2.6827e+01  1019.9937    23.9918    19.9843     7.4134    227.134    7.08031  216.92957    104.704 -9.990e-29
   40.08350  -73.07010      2.170      2.154    23.9924    30.1596      8.171     0.3371 2.5115e+01  1019.9932    23.9920    19.9840     7.4134    227.134    7.08019  216.92576    104.706 -9.990e-29
   40.08350  -73.07010      2.170      2.154    23.9918    30.1596      8.176     0.3371 2.4828e+01  1019.9931    23.9914    19.9839     7.4134    227.136    7.08010  216.92298    104.708 -9.990e-29
   40.08350  -73.07010      2.161      2.144    23.9915    30.1596      8.176     0.3371 2.6144e+01  1019.9933    23.9911    19.9841     7.4134    227.135    7.07998  216.91897    104.710 -9.990e-29
   40.08350  -73.07010      2.170      2.154    23.9908    30.1598      8.176     0.3371 2.7214e+01  1019.9938    23.9904    19.9846     7.4133    227.131    7.07977  216.91261    104.711 -9.990e-29
   40.08350  -73.07010      2.161      2.144    23.9904    30.1604      8.176     0.3371 2.7371e+01  1019.9943    23.9900    19.9852     7.4131    227.125    7.07949  216.90414    104.712 -9.990e-29
   40.08350  -73.07010      2.161      2.144    23.9899    30.1610      8.171     0.3371 2.9150e+01  1019.9952    23.9894    19.9857     7.4129    227.119    7.07927  216.89759    104.713 -9.990e-29
   40.08350  -73.07010      2.170      2.154    23.9899    30.1610      8.176     0.3371 3.1400e+01  1019.9955    23.9894    19.9859     7.4168    227.240    7.07905  216.89130    104.771 -9.990e-29
   40.08350  -73.07010      2.151      2.135    23.9902    30.1610      8.171     0.3505 3.1852e+01  1019.9950    23.9898    19.9859     7.4166    227.233    7.07886  216.88555    104.771 -9.990e-29
   40.08350  -73.07010      2.150      2.133    23.9901    30.1609      8.171     0.3505 2.9402e+01  1019.9948    23.9896    19.9856     7.4122    227.100    7.07872  216.88147    104.712 -9.990e-29
   40.08350  -73.07010      2.140      2.124    23.9901    30.1609      8.176     0.3505 2.5920e+01  1019.9946    23.9896    19.9855     7.4117    227.082    7.07857  216.87665    104.706 -9.990e-29
   40.08350  -73.07010      2.150      2.133    23.9899    30.1609      8.176     0.3505 2.4971e+01  1019.9947    23.9894    19.9857     7.4110    227.062    7.07839  216.87109    104.699 -9.990e-29
   40.08350  -73.07010      2.129      2.113    23.9899    30.1615      8.176     0.3505 2.4899e+01  1019.9953    23.9894    19.9861     7.4107    227.054    7.07825  216.86706    104.697 -9.990e-29
   40.08350  -73.07010      2.119      2.103    23.9902    30.1620      8.176     0.3505 2.8051e+01  1019.9956    23.9898    19.9863     7.4145    227.170    7.07812  216.86353    104.752 -9.990e-29
   40.08350  -73.07010      2.121      2.105    23.9910    30.1623      8.176     0.3640 2.4404e+01  1019.9955    23.9905    19.9864     7.4103    227.041    7.07797  216.85932    104.695 -9.990e-29
   40.08350  -73.07010      2.099      2.083    23.9911    30.1625      8.171     0.3505 2.5043e+01  1019.9955    23.9907    19.9865     7.4099    227.030    7.07787  216.85633    104.691 -9.990e-29
   40.08350  -73.07010      2.099      2.083    23.9915    30.1628      8.176     0.3505 2.7528e+01  1019.9957    23.9911    19.9866     7.4134    227.136    7.07781  216.85472    104.741 -9.990e-29
   40.08350  -73.07010      2.089      2.073    23.9920    30.1628 -9.990e-29     0.3505 2.8572e+01  1019.9956    23.9916    19.9865     7.4089    226.999    7.07778  216.85412    104.678 -9.990e-29
   40.08350  -73.07010      2.080      2.064    23.9928    30.1628 -9.990e-29     0.3505 2.8654e+01  1019.9955    23.9924    19.9863     7.4123    227.105    7.07779  216.85459    104.727 -9.990e-29
   40.08350  -73.07010      2.080      2.064    23.9939    30.1623 -9.990e-29     0.3505 2.8901e+01  1019.9946    23.9934    19.9856     7.4078    226.966    7.07780  216.85510    104.662 -9.990e-29
   40.08350  -73.07010      2.049      2.034    23.9946    30.1614 -9.990e-29     0.3505 2.9067e+01  1019.9933    23.9941    19.9848     7.4115    227.081    7.07789  216.85796    104.714 -9.990e-29
   40.08350  -73.07010      2.049      2.034    23.9949    30.1611 -9.990e-29     0.3505 2.8901e+01  1019.9927    23.9945    19.9843     7.4074    226.953    7.07801  216.86194    104.653 -9.990e-29
   40.08350  -73.07010      2.038      2.023    23.9946    30.1611 -9.990e-29     0.3505 2.5846e+01  1019.9930    23.9941    19.9843     7.4067    226.933    7.07820  216.86768    104.641 -9.990e-29
   40.08350  -73.07010      2.018      2.002    23.9949    30.1611 -9.990e-29     0.3505 2.7493e+01  1019.9929    23.9945    19.9844     7.4106    227.053    7.07851  216.87763    104.692 -9.990e-29
   40.08350  -73.07010      2.018      2.002    23.9951    30.1615 -9.990e-29     0.3505 2.7335e+01  1019.9934    23.9947    19.9846     7.4109    227.063    7.07880  216.88686    104.692 -9.990e-29
   40.08350  -73.07010      2.008      1.993    23.9960    30.1621 -9.990e-29     0.3505 2.8212e+01  1019.9931    23.9956    19.9848     7.4071    226.943    7.07907  216.89434    104.633 -9.990e-29
   40.08350  -73.07010      1.989      1.974    23.9971    30.1621 -9.990e-29     0.3505 2.8785e+01  1019.9940    23.9966    19.9849     7.4111    227.067    7.07930  216.90093    104.687 -9.990e-29
   40.08350  -73.07010      1.988      1.972    23.9994    30.1621 -9.990e-29     0.3505 2.8868e+01  1019.9934    23.9990    19.9844     7.4113    227.074    7.07959  216.90968    104.686 -9.990e-29
   40.08350  -73.07010      1.978      1.963    24.0021    30.1621 -9.990e-29     0.3505 3.0660e+01  1019.9915    24.0017    19.9833     7.4115    227.079    7.07983  216.91671    104.685 -9.990e-29
   40.08350  -73.07010      1.957      1.942    24.0033    30.1615 -9.990e-29     0.3505 2.8572e+01  1019.9904    24.0029    19.9823     7.4117    227.083    7.08006  216.92350    104.684 -9.990e-29
   40.08350  -73.07010      1.957      1.942    24.0044    30.1611 -9.990e-29     0.3505 2.8984e+01  1019.9900    24.0040    19.9816     7.4118    227.088    7.08032  216.93133    104.682 -9.990e-29
   40.08350  -73.07010      1.948      1.933    24.0057    30.1608 -9.990e-29     0.3505 2.9067e+01  1019.9893    24.0053    19.9810     7.4119    227.089    7.08053  216.93767    104.679 -9.990e-29
   40.08350  -73.07010      1.938      1.923    24.0070    30.1605 -9.990e-29     0.3505 3.3506e+01  1019.9888    24.0066    19.9805     7.4119    227.089    7.08071  216.94292    104.677 -9.990e-29
   40.08350  -73.07010      1.918      1.903    24.0078    30.1602 -9.990e-29     0.3505 3.3506e+01  1019.9883    24.0075    19.9799     7.4119    227.090    7.08094  216.94972    104.674 -9.990e-29
   40.08350  -73.07010      1.927      1.912    24.0091    30.1597 -9.990e-29     0.3505 2.9911e+01  1019.9876    24.0087    19.9792     7.4122    227.098    7.08111  216.95456    104.675 -9.990e-29
   40.08350  -73.07010      1.907      1.892    24.0102    30.1590 -9.990e-29     0.3505 3.5580e+01  1019.9864    24.0098    19.9785     7.4124    227.106    7.08129  216.96009    104.676 -9.990e-29
   40.08350  -73.07010      1.897      1.882    24.0103    30.1585 -9.990e-29     0.3505 3.1490e+01  1019.9861    24.0099    19.9779     7.4127    227.114    7.08149  216.96615    104.677 -9.990e-29
   40.08350  -73.07010      1.897      1.882    24.0109    30.1581 -9.990e-29     0.3505 3.1043e+01  1019.9855    24.0105    19.9775     7.4129    227.121    7.08168  216.97158    104.678 -9.990e-29
