CalculateIndicators/WaterTemperature/Data/CTD_NYOS/20240426_C07.cnv
* Sea-Bird SBE 9 Data File:
* FileName = C:\Seabird 9 CTD\Data\2024\202404_offshore\20240426_C07.hex
* Software Version Seasave V 7.23.2
* Temperature SN = 4590
* Conductivity SN = 3228
* Number of Bytes Per Scan = 44
* Number of Voltage Words = 5
* Number of Scans Averaged by the Deck Unit = 1
* NMEA Latitude = 39 50.38 N
* NMEA Longitude = 072 54.65 W
* NMEA UTC (Time) = Apr 26 2024  19:08:42
* NMEA baud rate = 4800
** Ship: Seawolf
** Station: 8.4
** Operator: TCM
# nquan = 18
# nvalues = 13931                       
# units = specified
# name 0 = latitude: Latitude [deg]
# name 1 = longitude: Longitude [deg]
# name 2 = prDM: Pressure, Digiquartz [db]
# name 3 = depSM: Depth [salt water, m]
# name 4 = t090C: Temperature [ITS-90, deg C]
# name 5 = sal00: Salinity, Practical [PSU]
# name 6 = ph: pH
# name 7 = flECO-AFL: Fluorescence, WET Labs ECO-AFL/FL [mg/m^3]
# name 8 = cpar: CPAR/Corrected Irradiance [%]
# name 9 = density00: Density [density, kg/m^3]
# name 10 = potemp090C: Potential Temperature [ITS-90, deg C]
# name 11 = sigma-é00: Density [sigma-theta, kg/m^3]
# name 12 = sbeox0Mg/L: Oxygen, SBE 43 [mg/l]
# name 13 = sbox0Mm/Kg: Oxygen, SBE 43 [umol/kg]
# name 14 = oxsolMg/L: Oxygen Saturation, Garcia & Gordon [mg/l]
# name 15 = oxsolMm/Kg: Oxygen Saturation, Garcia & Gordon [umol/kg]
# name 16 = sbeox0PS: Oxygen, SBE 43 [% saturation]
# name 17 = flag:  0.000e+00
# span 0 =   39.83934,   39.83978       
# span 1 =  -72.91188,  -72.91082       
# span 2 =      1.368,     58.954       
# span 3 =      1.357,     58.494       
# span 4 =     6.3140,     8.9951       
# span 5 =    31.4480,    32.1410       
# span 6 =      7.918,      8.090       
# span 7 =     0.0148,     7.0795       
# span 8 = 1.0148e-02, 2.5209e+01       
# span 9 =  1024.3781,  1025.4628       
# span 10 =     6.3092,     8.9948      
# span 11 =    24.3698,    25.2284      
# span 12 =     8.9033,    10.1149      
# span 13 =    271.396,    308.474      
# span 14 =    9.43604,    9.99426      
# span 15 =  287.86205,  304.65062      
# span 16 =     89.094,    104.814      
# span 17 = 0.0000e+00, 0.0000e+00      
# interval = seconds: 0.0416667
# start_time = Apr 26 2024 19:08:44 [System UTC, first data scan.]
# bad_flag = -9.990e-29
*END*
[from data line 13830]
   39.83934  -72.91188      2.249      2.231     8.9739    31.5022      8.079     0.0685 4.9952e+00  1024.3948     8.9737    24.3844     9.8221    299.640    9.44071  288.00332    104.040 -9.990e-29
   39.83934  -72.91188      2.249      2.231     8.9738    31.5027      8.079     0.0685 5.0946e+00  1024.3952     8.9736    24.3848     9.8219    299.633    9.44072  288.00382    104.038 -9.990e-29
   39.83934  -72.91188      2.218      2.201     8.9738    31.5028      8.079     0.0685 5.1233e+00  1024.3950     8.9736    24.3849     9.8226    299.654    9.44079  288.00575    104.044 -9.990e-29
   39.83934  -72.91188      2.207      2.190     8.9738    31.5028      8.079     0.0685 5.0803e+00  1024.3950     8.9736    24.3849     9.8232    299.673    9.44077  288.00510    104.051 -9.990e-29
   39.83934  -72.91188      2.198      2.181     8.9736    31.5028      8.079     0.0685 5.0376e+00  1024.3950     8.9733    24.3849     9.8299    299.876    9.44077  288.00511    104.122 -9.990e-29
   39.83934  -72.91188      2.167      2.151     8.9738    31.5028      8.079     0.0685 5.0234e+00  1024.3945     8.9736    24.3849     9.8314    299.922    9.44079  288.00561    104.138 -9.990e-29
   39.83934  -72.91188      2.158      2.141     8.9734    31.5029      8.079     0.0685 5.0234e+00  1024.3950     8.9732    24.3850     9.8329    299.966    9.44076  288.00485    104.153 -9.990e-29
   39.83934  -72.91188      2.137      2.121     8.9736    31.5029      8.079     0.0685 5.0234e+00  1024.3946     8.9734    24.3850     9.8275    299.803    9.44072  288.00343    104.097 -9.990e-29
   39.83934  -72.91188      2.128      2.111     8.9736    31.5029      8.079     0.0551 5.0234e+00  1024.3946     8.9733    24.3850     9.8282    299.823    9.44070  288.00283    104.104 -9.990e-29
   39.83934  -72.91188      2.077      2.061     8.9734    31.5029      8.079     0.0685 5.0518e+00  1024.3946     8.9732    24.3850     9.8339    299.999    9.44064  288.00120    104.166 -9.990e-29
   39.83934  -72.91188      2.086      2.070     8.9731    31.5029      8.075     0.0685 5.1668e+00  1024.3946     8.9729    24.3850     9.8346    300.020    9.44067  288.00214    104.173 -9.990e-29
   39.83934  -72.91188      2.107      2.091     8.9733    31.5029      8.075     0.0685 5.2252e+00  1024.3945     8.9731    24.3850     9.8352    300.038    9.44067  288.00207    104.179 -9.990e-29
   39.83934  -72.91188      2.026      2.010     8.9731    31.5030      8.079     0.0685 5.2400e+00  1024.3945     8.9729    24.3851     9.8358    300.056    9.44065  288.00152    104.185 -9.990e-29
   39.83934  -72.91188      2.026      2.010     8.9730    31.5032      8.079     0.0551 5.3442e+00  1024.3945     8.9727    24.3853     9.8364    300.074    9.44070  288.00284    104.191 -9.990e-29
   39.83934  -72.91188      2.026      2.010     8.9730    31.5032      8.075     0.0685 5.3743e+00  1024.3946     8.9727    24.3853     9.8368    300.087    9.44061  288.00016    104.197 -9.990e-29
   39.83934  -72.91188      2.004      1.989     8.9730    31.5030      8.079     0.0685 5.3743e+00  1024.3943     8.9728    24.3852     9.8373    300.100    9.44061  288.00009    104.201 -9.990e-29
   39.83934  -72.91188      1.975      1.960     8.9732    31.5028      8.079     0.0685 5.2298e+00  1024.3938     8.9730    24.3850     9.8318    299.935    9.44068  288.00230    104.143 -9.990e-29
   39.83934  -72.91188      1.966      1.950     8.9730    31.5028      8.075     0.0685 5.1278e+00  1024.3939     8.9728    24.3850     9.8374    300.104    9.44064  288.00138    104.202 -9.990e-29
   39.83934  -72.91188      1.966      1.950     8.9728    31.5029      8.075     0.0685 5.1278e+00  1024.3941     8.9726    24.3851     9.8379    300.120    9.44075  288.00437    104.207 -9.990e-29
   39.83934  -72.91188      1.935      1.920     8.9728    31.5031      8.079     0.0551 5.0137e+00  1024.3942     8.9726    24.3853     9.8382    300.128    9.44065  288.00134    104.211 -9.990e-29
   39.83934  -72.91188      1.924      1.910     8.9726    31.5032      8.079     0.0551 4.9159e+00  1024.3943     8.9724    24.3854     9.8385    300.138    9.44065  288.00136    104.214 -9.990e-29
   39.83934  -72.91188      1.924      1.910     8.9728    31.5032      8.079     0.0551 4.9159e+00  1024.3942     8.9726    24.3853     9.8328    299.965    9.44064  288.00114    104.154 -9.990e-29
   39.83934  -72.91188      1.904      1.889     8.9730    31.5031      8.079     0.0551 4.8200e+00  1024.3939     8.9728    24.3852     9.8383    300.133    9.44068  288.00216    104.212 -9.990e-29
   39.83934  -72.91188      1.884      1.870     8.9726    31.5030      8.075     0.0551 4.7260e+00  1024.3938     8.9724    24.3852     9.8386    300.141    9.44067  288.00215    104.215 -9.990e-29
   39.83934  -72.91188      1.884      1.870     8.9729    31.5030      8.075     0.0551 4.6995e+00  1024.3938     8.9727    24.3852     9.8388    300.148    9.44066  288.00176    104.217 -9.990e-29
   39.83934  -72.91188      1.873      1.859     8.9728    31.5031      8.079     0.0551 4.7661e+00  1024.3937     8.9726    24.3853     9.8390    300.154    9.44068  288.00229    104.219 -9.990e-29
   39.83934  -72.91188      1.873      1.859     8.9726    31.5032      8.079     0.0551 4.8746e+00  1024.3940     8.9724    24.3854     9.8392    300.160    9.44070  288.00342    104.221 -9.990e-29
   39.83934  -72.91188      1.854      1.840     8.9728    31.5033      8.079     0.0551 4.9064e+00  1024.3938     8.9726    24.3854     9.8394    300.166    9.44076  288.00526    104.222 -9.990e-29
   39.83934  -72.91188      1.854      1.840     8.9728    31.5033      8.079     0.0551 5.0180e+00  1024.3941     8.9726    24.3854     9.8393    300.164    9.44063  288.00099    104.223 -9.990e-29
   39.83934  -72.91188      1.843      1.829     8.9730    31.5031      8.079     0.0551 5.2787e+00  1024.3936     8.9728    24.3853     9.8334    299.983    9.44060  288.00006    104.161 -9.990e-29
   39.83934  -72.91188      1.843      1.829     8.9728    31.5030      8.079     0.0551 5.3686e+00  1024.3935     8.9726    24.3852     9.8386    300.141    9.44058  287.99937    104.216 -9.990e-29
   39.83934  -72.91188      1.854      1.840     8.9728    31.5031      8.079     0.0551 5.3837e+00  1024.3938     8.9726    24.3853     9.8327    299.960    9.44060  287.99971    104.153 -9.990e-29
   39.83934  -72.91188      1.843      1.829     8.9730    31.5034      8.079     0.0551 5.4600e+00  1024.3938     8.9728    24.3855     9.8319    299.937    9.44062  288.00051    104.145 -9.990e-29
   39.83934  -72.91188      1.834      1.820     8.9730    31.5036      8.079     0.0416 5.4908e+00  1024.3940     8.9728    24.3856     9.8371    300.096    9.44062  288.00051    104.200 -9.990e-29
   39.83934  -72.91188      1.854      1.840     8.9731    31.5037      8.075     0.0551 5.4908e+00  1024.3943     8.9729    24.3857     9.8311    299.912    9.44059  287.99947    104.136 -9.990e-29
   39.83934  -72.91188      1.843      1.829     8.9732    31.5037      8.075     0.0551 5.5062e+00  1024.3941     8.9730    24.3856     9.8303    299.889    9.44063  288.00076    104.128 -9.990e-29
   39.83934  -72.91188      1.831      1.817     8.9736    31.5036      8.075     0.0551 5.5218e+00  1024.3938     8.9734    24.3855     9.8295    299.863    9.44060  287.99999    104.119 -9.990e-29
   39.83934  -72.91188      1.864      1.850     8.9739    31.5034      8.079     0.0551 5.5373e+00  1024.3938     8.9737    24.3854     9.8287    299.839    9.44064  288.00115    104.110 -9.990e-29
   39.83934  -72.91188      1.854      1.840     8.9738    31.5033      8.079     0.0551 5.8909e+00  1024.3938     8.9736    24.3853     9.8281    299.823    9.44086  288.00887    104.102 -9.990e-29
   39.83934  -72.91188      1.854      1.840     8.9737    31.5031      8.079     0.0551 6.1103e+00  1024.3936     8.9736    24.3852     9.8273    299.796    9.44082  288.00739    104.093 -9.990e-29
   39.83934  -72.91188      1.864      1.850     8.9738    31.5028      8.079     0.0551 6.1448e+00  1024.3933     8.9736    24.3849     9.8322    299.947    9.44064  288.00132    104.148 -9.990e-29
   39.83934  -72.91188      1.864      1.850     8.9736    31.5027      8.079     0.0551 8.1179e+00  1024.3933     8.9734    24.3848     9.8322    299.947    9.44064  288.00119    104.148 -9.990e-29
   39.83934  -72.91188      1.864      1.850     8.9736    31.5028      8.079     0.0551 1.0053e+01  1024.3934     8.9734    24.3849     9.8261    299.761    9.44060  287.99999    104.084 -9.990e-29
   39.83934  -72.91188      1.873      1.859     8.9736    31.5028      8.075     0.0685 1.0398e+01  1024.3935     8.9734    24.3849     9.8253    299.735    9.44060  287.99987    104.075 -9.990e-29
   39.83934  -72.91188      1.873      1.859     8.9736    31.5027      8.079     0.0819 1.2985e+01  1024.3933     8.9734    24.3848     9.8244    299.709    9.44062  288.00063    104.066 -9.990e-29
   39.83934  -72.91188      1.884      1.870     8.9733    31.5025      8.079     0.0819 1.6584e+01  1024.3932     8.9731    24.3847     9.8235    299.682    9.44060  287.99996    104.056 -9.990e-29
   39.83934  -72.91188      1.884      1.870     8.9728    31.5024      8.075     0.0819 1.7494e+01  1024.3935     8.9726    24.3847     9.8235    299.681    9.44059  287.99962    104.056 -9.990e-29
   39.83934  -72.91188      1.884      1.870     8.9729    31.5023      8.079     0.0819 1.6771e+01  1024.3930     8.9727    24.3847     9.8228    299.658    9.44063  288.00099    104.048 -9.990e-29
   39.83934  -72.91188      1.904      1.889     8.9724    31.5023      8.079     0.0819 1.5809e+01  1024.3933     8.9723    24.3847     9.8280    299.819    9.44074  288.00431    104.102 -9.990e-29
   39.83934  -72.91188      1.915      1.900     8.9723    31.5024      8.079     0.0819 1.5633e+01  1024.3936     8.9721    24.3848     9.8221    299.637    9.44078  288.00569    104.039 -9.990e-29
   39.83934  -72.91188      1.904      1.889     8.9719    31.5027      8.075     0.0819 1.3891e+01  1024.3937     8.9717    24.3850     9.8273    299.797    9.44090  288.00921    104.093 -9.990e-29
   39.83934  -72.91188      1.924      1.910     8.9719    31.5029      8.079     0.0819 1.0634e+01  1024.3941     8.9717    24.3852     9.8273    299.796    9.44090  288.00924    104.092 -9.990e-29
   39.83934  -72.91188      1.945      1.930     8.9719    31.5030      8.079     0.0819 9.7464e+00  1024.3941     8.9717    24.3854     9.8213    299.615    9.44102  288.01274    104.028 -9.990e-29
   39.83934  -72.91188      1.945      1.930     8.9718    31.5031      8.079     0.0819 1.1250e+01  1024.3943     8.9716    24.3854 -9.990e-29 -9.990e-29 -9.990e-29 -9.990e-29 -9.990e-29 -9.990e-29
   39.83934  -72.91188      1.945      1.930     8.9719    31.5032      8.079     0.0819 1.8874e+01  1024.3942     8.9717    24.3855 -9.990e-29 -9.990e-29 -9.990e-29 -9.990e-29 -9.990e-29 -9.990e-29
   39.83934  -72.91188      1.966      1.950     8.9721    31.5033      8.075     0.0819 2.3044e+01  1024.3945     8.9719    24.3855 -9.990e-29 -9.990e-29 -9.990e-29 -9.990e-29 -9.990e-29 -9.990e-29
   39.83934  -72.91188      1.975      1.960     8.9721    31.5032      8.079     0.0819 2.3305e+01  1024.3947     8.9719    24.3855 -9.990e-29 -9.990e-29 -9.990e-29 -9.990e-29 -9.990e-29 -9.990e-29
   39.83934  -72.91188      1.975      1.960     8.9726    31.5031      8.079     0.0819 2.4446e+01  1024.3940     8.9724    24.3854 -9.990e-29 -9.990e-29 -9.990e-29 -9.990e-29 -9.990e-29 -9.990e-29
   39.83934  -72.91188      1.996      1.980     8.9723    31.5032      8.079     0.0819 2.5073e+01  1024.3946     8.9721    24.3854 -9.990e-29 -9.990e-29 -9.990e-29 -9.990e-29 -9.990e-29 -9.990e-29
   39.83934  -72.91188      1.983      1.968     8.9723    31.5033      8.079     0.0819 2.4954e+01  1024.3946     8.9721    24.3855 -9.990e-29 -9.990e-29 -9.990e-29 -9.990e-29 -9.990e-29 -9.990e-29
   39.83934  -72.91188      1.996      1.980     8.9724    31.5033      8.079     0.0819 2.1258e+01  1024.3944     8.9722    24.3855 -9.990e-29 -9.990e-29 -9.990e-29 -9.990e-29 -9.990e-29 -9.990e-29
   39.83934  -72.91188      1.996      1.980     8.9721    31.5033      8.075     0.0819 1.9337e+01  1024.3948     8.9719    24.3855 -9.990e-29 -9.990e-29 -9.990e-29 -9.990e-29 -9.990e-29 -9.990e-29
   39.83934  -72.91188      2.016      2.001     8.9726    31.5033      8.079     0.0819 1.9121e+01  1024.3946     8.9724    24.3855 -9.990e-29 -9.990e-29 -9.990e-29 -9.990e-29 -9.990e-29 -9.990e-29
   39.83934  -72.91188      2.005      1.990     8.9726    31.5033      8.079     0.0819 2.2112e+01  1024.3947     8.9724    24.3855 -9.990e-29 -9.990e-29 -9.990e-29 -9.990e-29 -9.990e-29 -9.990e-29
   39.83934  -72.91188      2.016      2.001     8.9723    31.5031      8.079     0.0819 2.4696e+01  1024.3946     8.9721    24.3853 -9.990e-29 -9.990e-29 -9.990e-29 -9.990e-29 -9.990e-29 -9.990e-29
   39.83934  -72.91188      2.016      2.001     8.9726    31.5030      8.079     0.0819 2.5209e+01  1024.3941     8.9724    24.3852 -9.990e-29 -9.990e-29 -9.990e-29 -9.990e-29 -9.990e-29 -9.990e-29
   39.83934  -72.91188      2.016      2.001     8.9719    31.5032      8.079     0.0819 2.2504e+01  1024.3948     8.9717    24.3854 -9.990e-29 -9.990e-29 -9.990e-29 -9.990e-29 -9.990e-29 -9.990e-29
   39.83934  -72.91188      2.016      2.001     8.9724    31.5034      8.079     0.0819 1.9976e+01  1024.3947     8.9722    24.3856 -9.990e-29 -9.990e-29 -9.990e-29 -9.990e-29 -9.990e-29 -9.990e-29
   39.83934  -72.91188      2.016      2.001     8.9723    31.5035      8.079     0.0551 1.9494e+01  1024.3949     8.9721    24.3856 -9.990e-29 -9.990e-29 -9.990e-29 -9.990e-29 -9.990e-29 -9.990e-29
   39.83934  -72.91188      2.026      2.010     8.9724    31.5034      8.079     0.0551 1.5164e+01  1024.3947     8.9722    24.3855 -9.990e-29 -9.990e-29 -9.990e-29 -9.990e-29 -9.990e-29 -9.990e-29
   39.83934  -72.91188      2.016      2.001     8.9723    31.5032      8.075     0.0551 1.0326e+01  1024.3946     8.9721    24.3854 -9.990e-29 -9.990e-29 -9.990e-29 -9.990e-29 -9.990e-29 -9.990e-29
   39.83934  -72.91188      2.016      2.001     8.9724    31.5031      8.075     0.0551 9.2977e+00  1024.3944     8.9722    24.3854 -9.990e-29 -9.990e-29 -9.990e-29 -9.990e-29 -9.990e-29 -9.990e-29
   39.83934  -72.91188      2.016      2.001     8.9723    31.5031      8.079     0.0551 8.2473e+00  1024.3948     8.9721    24.3854 -9.990e-29 -9.990e-29 -9.990e-29 -9.990e-29 -9.990e-29 -9.990e-29
   39.83934  -72.91188      2.005      1.990     8.9723    31.5027      8.079     0.0551 6.1848e+00  1024.3945     8.9721    24.3850 -9.990e-29 -9.990e-29 -9.990e-29 -9.990e-29 -9.990e-29 -9.990e-29
   39.83934  -72.91188      1.996      1.980     8.9728    31.5018      8.079     0.0551 5.6316e+00  1024.3929     8.9726    24.3843 -9.990e-29 -9.990e-29 -9.990e-29 -9.990e-29 -9.990e-29 -9.990e-29
   39.83934  -72.91188      1.996      1.980     8.9726    31.5015      8.075     0.0551 5.5373e+00  1024.3926     8.9724    24.3840 -9.990e-29 -9.990e-29 -9.990e-29 -9.990e-29 -9.990e-29 -9.990e-29
   39.83934  -72.91188      1.985      1.970     8.9728    31.5021      8.079     0.0551 5.1758e+00  1024.3938     8.9726    24.3845 -9.990e-29 -9.990e-29 -9.990e-29 -9.990e-29 -9.990e-29 -9.990e-29
   39.83934  -72.91188      1.996      1.980     8.9728    31.5027      8.079     0.0551 5.0180e+00  1024.3942     8.9726    24.3850 -9.990e-29 -9.990e-29 -9.990e-29 -9.990e-29 -9.990e-29 -9.990e-29
   39.83934  -72.91188      1.975      1.960     8.9728    31.5031      8.079     0.0551 4.9942e+00  1024.3943     8.9726    24.3853 -9.990e-29 -9.990e-29 -9.990e-29 -9.990e-29 -9.990e-29 -9.990e-29
