CalculateIndicators/WaterTemperature/Data/CTD_NYOS/20240708_C01.cnv
* Sea-Bird SBE 9 Data File:
* FileName = C:\Seabird 9 CTD\Data\2024\202407_offshore\20240708_C01.hex
* Software Version Seasave V 7.23.2
* Temperature SN = 4590
* Conductivity SN = 3228
* Number of Bytes Per Scan = 44
* Number of Voltage Words = 5
* Number of Scans Averaged by the Deck Unit = 1
* NMEA Latitude = 40 57.49 N
* NMEA Longitude = 073 35.06 W
* NMEA UTC (Time) = Jul 08 2024  01:30:50
* NMEA baud rate = 4800
** Ship: seawolf
** Station: LIS_ARIG
** Operator: TDK
# nquan = 18
# nvalues = 10701                       
# units = specified
# name 0 = latitude: Latitude [deg]
# name 1 = longitude: Longitude [deg]
# name 2 = prDM: Pressure, Digiquartz [db]
# name 3 = depSM: Depth [salt water, m]
# name 4 = t090C: Temperature [ITS-90, deg C]
# name 5 = sal00: Salinity, Practical [PSU]
# name 6 = ph: pH
# name 7 = flECO-AFL: Fluorescence, WET Labs ECO-AFL/FL [mg/m^3]
# name 8 = cpar: CPAR/Corrected Irradiance [%]
# name 9 = density00: Density [density, kg/m^3]
# name 10 = potemp090C: Potential Temperature [ITS-90, deg C]
# name 11 = sigma-é00: Density [sigma-theta, kg/m^3]
# name 12 = sbeox0Mg/L: Oxygen, SBE 43 [mg/l]
# name 13 = sbox0Mm/Kg: Oxygen, SBE 43 [umol/kg]
# name 14 = oxsolMg/L: Oxygen Saturation, Garcia & Gordon [mg/l]
# name 15 = oxsolMm/Kg: Oxygen Saturation, Garcia & Gordon [umol/kg]
# name 16 = sbeox0PS: Oxygen, SBE 43 [% saturation]
# name 17 = flag:  0.000e+00
# span 0 =   40.95722,   40.95826       
# span 1 =  -73.58622,  -73.58432       
# span 2 =      1.828,     14.090       
# span 3 =      1.814,     13.980       
# span 4 =    16.8502,    22.6086       
# span 5 =    25.1261,    26.3013       
# span 6 =      7.501,      8.103       
# span 7 =     1.6265,     3.5471       
# span 8 = 2.5320e-11, 9.9999e+04       
# span 9 =  1016.7457,  1018.9404       
# span 10 =    16.8486,    22.6082      
# span 11 =    16.7388,    18.8781      
# span 12 =     3.1465,    10.2131      
# span 13 =     96.513,    313.805      
# span 14 =    7.46356,    8.27729      
# span 15 =  229.39985,  253.90780      
# span 16 =     38.046,    134.711      
# span 17 = 0.0000e+00, 0.0000e+00      
# interval = seconds: 0.0416667
# start_time = Jul 08 2024 01:30:53 [System UTC, first data scan.]
# bad_flag = -9.990e-29
*END*
[from data line 1609]
   40.95810  -73.58464     14.050     13.940    16.8834    26.2956      7.696     1.7742 5.0640e-11  1018.9351    16.8812    18.8729     3.4243    105.028    8.26549  253.51558     41.429 -9.990e-29
   40.95810  -73.58464     14.037     13.928    16.8834    26.2956      7.696     1.7742 5.0640e-11  1018.9350    16.8812    18.8730     3.4243    105.028    8.26550  253.51593     41.429 -9.990e-29
   40.95810  -73.58464     14.059     13.950    16.8831    26.2957      7.696     1.7742 2.5320e-11  1018.9353    16.8810    18.8731     3.4243    105.029    8.26547  253.51502     41.429 -9.990e-29
   40.95810  -73.58464     14.050     13.940    16.8828    26.2958      7.696     1.7742 5.0640e-11  1018.9353    16.8807    18.8732     3.4294    105.184    8.26549  253.51556     41.490 -9.990e-29
   40.95810  -73.58464     14.047     13.938    16.8826    26.2959      7.696     1.7474 5.0640e-11  1018.9355    16.8805    18.8733     3.4245    105.034    8.26549  253.51540     41.431 -9.990e-29
   40.95810  -73.58464     14.050     13.940    16.8823    26.2961      7.696     1.7205 5.0640e-11  1018.9358    16.8802    18.8735     3.4241    105.022    8.26545  253.51421     41.426 -9.990e-29
   40.95810  -73.58464     14.050     13.940    16.8823    26.2961      7.696     1.7071 2.5320e-11  1018.9357    16.8802    18.8736     3.4292    105.179    8.26547  253.51486     41.488 -9.990e-29
   40.95810  -73.58464     14.047     13.938    16.8823    26.2961      7.696     1.7071 2.5320e-11  1018.9360    16.8801    18.8736     3.4249    105.046    8.26544  253.51433     41.436 -9.990e-29
   40.95810  -73.58464     14.050     13.940    16.8827    26.2962      7.696     1.7071 5.0640e-11  1018.9355    16.8805    18.8735     3.4251    105.053    8.26545  253.51464     41.438 -9.990e-29
   40.95810  -73.58464     14.047     13.938    16.8830    26.2961      7.696     1.7071 5.0640e-11  1018.9356    16.8809    18.8734     3.4248    105.045    8.26546  253.51483     41.435 -9.990e-29
   40.95810  -73.58464     14.050     13.940    16.8833    26.2961      7.691     1.7071 5.0640e-11  1018.9357    16.8811    18.8734     3.4251    105.053    8.26550  253.51634     41.439 -9.990e-29
   40.95810  -73.58464     14.050     13.940    16.8832    26.2961      7.696     1.7071 5.0640e-11  1018.9357    16.8811    18.8733     3.4249    105.048    8.26561  253.51957     41.436 -9.990e-29
   40.95810  -73.58464     14.047     13.938    16.8835    26.2962      7.696     1.7071 5.0640e-11  1018.9354    16.8813    18.8733     3.4198    104.892    8.26572  253.52255     41.374 -9.990e-29
   40.95810  -73.58464     14.050     13.940    16.8830    26.2962      7.696     1.7071 5.0640e-11  1018.9357    16.8809    18.8734     3.4242    105.026    8.26578  253.52447     41.426 -9.990e-29
   40.95810  -73.58464     14.050     13.940    16.8830    26.2963      7.691     1.7071 5.0640e-11  1018.9356    16.8809    18.8735     3.4191    104.871    8.26583  253.52597     41.365 -9.990e-29
   40.95810  -73.58464     14.047     13.938    16.8826    26.2965      7.696     1.7071 5.0640e-11  1018.9361    16.8805    18.8737     3.4236    105.006    8.26585  253.52663     41.418 -9.990e-29
   40.95810  -73.58464     14.050     13.940    16.8823    26.2966      7.696     1.7071 5.0640e-11  1018.9360    16.8802    18.8739     3.4185    104.852    8.26586  253.52676     41.357 -9.990e-29
   40.95810  -73.58464     14.047     13.938    16.8823    26.2968      7.691     1.7071 2.5320e-11  1018.9363    16.8802    18.8741     3.4180    104.836    8.26586  253.52675     41.351 -9.990e-29
   40.95810  -73.58464     14.050     13.940    16.8821    26.2968      7.696     1.7071 5.0640e-11  1018.9366    16.8799    18.8742     3.4225    104.974    8.26586  253.52689     41.406 -9.990e-29
   40.95810  -73.58464     14.050     13.940    16.8823    26.2968      7.691     1.7071 5.0640e-11  1018.9363    16.8802    18.8741     3.4226    104.976    8.26590  253.52790     41.406 -9.990e-29
   40.95810  -73.58464     14.047     13.938    16.8823    26.2967      7.691     1.7071 2.5320e-11  1018.9361    16.8801    18.8740     3.4231    104.993    8.26589  253.52771     41.413 -9.990e-29
   40.95810  -73.58464     14.039     13.929    16.8822    26.2967      7.691     1.7071 5.0640e-11  1018.9362    16.8800    18.8741     3.4232    104.996    8.26589  253.52761     41.414 -9.990e-29
   40.95810  -73.58464     14.037     13.928    16.8816    26.2967      7.691     1.7071 5.0640e-11  1018.9364    16.8795    18.8741     3.4234    105.000    8.26587  253.52712     41.416 -9.990e-29
   40.95810  -73.58464     14.050     13.940    16.8818    26.2967      7.691     1.7071 2.5320e-11  1018.9361    16.8796    18.8741     3.4235    105.004    8.26588  253.52724     41.417 -9.990e-29
   40.95810  -73.58464     14.050     13.940    16.8816    26.2967      7.691     1.7071 5.0640e-11  1018.9363    16.8795    18.8741     3.4187    104.857    8.26589  253.52772     41.359 -9.990e-29
   40.95810  -73.58464     14.037     13.928    16.8813    26.2969      7.691     1.7071 2.5320e-11  1018.9366    16.8792    18.8743     3.4184    104.848    8.26586  253.52666     41.356 -9.990e-29
   40.95810  -73.58464     14.039     13.929    16.8816    26.2969      7.691     1.7071 2.5320e-11  1018.9365    16.8795    18.8743     3.4182    104.840    8.26584  253.52616     41.353 -9.990e-29
   40.95810  -73.58464     14.050     13.940    16.8818    26.2969      7.691     1.7071 5.0640e-11  1018.9364    16.8797    18.8742     3.4229    104.986    8.26583  253.52585     41.410 -9.990e-29
   40.95810  -73.58464     14.037     13.928    16.8818    26.2967      7.691     1.7071 5.0640e-11  1018.9364    16.8796    18.8741     3.4237    105.011    8.26581  253.52523     41.420 -9.990e-29
   40.95810  -73.58464     14.039     13.929    16.8820    26.2964      7.691     1.7205 2.5320e-11  1018.9359    16.8799    18.8738     3.4191    104.869    8.26579  253.52448     41.364 -9.990e-29
   40.95810  -73.58464     14.028     13.919    16.8822    26.2964      7.691     1.7339 5.0640e-11  1018.9357    16.8800    18.8737     3.4190    104.866    8.26580  253.52477     41.363 -9.990e-29
   40.95810  -73.58464     14.039     13.929    16.8818    26.2964      7.691     1.7339 2.5320e-11  1018.9360    16.8796    18.8738     3.4189    104.864    8.26577  253.52403     41.362 -9.990e-29
   40.95810  -73.58464     14.029     13.920    16.8818    26.2965      7.691     1.7339 5.0640e-11  1018.9361    16.8797    18.8739     3.4239    105.015    8.26576  253.52369     41.422 -9.990e-29
   40.95810  -73.58464     14.047     13.938    16.8818    26.2966      7.691     1.7339 5.0640e-11  1018.9363    16.8797    18.8741     3.4194    104.877    8.26570  253.52165     41.368 -9.990e-29
   40.95810  -73.58464     14.029     13.920    16.8816    26.2966      7.691     1.7339 5.0640e-11  1018.9366    16.8795    18.8742     3.4194    104.877    8.26563  253.51976     41.369 -9.990e-29
   40.95810  -73.58464     14.029     13.920    16.8820    26.2966      7.691     1.7339 5.0640e-11  1018.9361    16.8799    18.8740     3.4194    104.879    8.26554  253.51712     41.370 -9.990e-29
   40.95810  -73.58464     14.028     13.919    16.8822    26.2964      7.691     1.7339 5.0640e-11  1018.9359    16.8800    18.8738     3.4195    104.882    8.26553  253.51657     41.371 -9.990e-29
   40.95810  -73.58464     14.029     13.920    16.8824    26.2962      7.691     1.7339 2.5320e-11  1018.9357    16.8803    18.8736     3.4197    104.886    8.26543  253.51379     41.373 -9.990e-29
   40.95810  -73.58464     14.028     13.919    16.8827    26.2960      7.691     1.7339 5.0640e-11  1018.9353    16.8805    18.8734     3.4248    105.044    8.26541  253.51330     41.435 -9.990e-29
   40.95810  -73.58464     14.029     13.920    16.8828    26.2960      7.691     1.7339 2.5320e-11  1018.9355    16.8806    18.8733     3.4200    104.898    8.26536  253.51166     41.378 -9.990e-29
   40.95810  -73.58464     14.029     13.920    16.8832    26.2960      7.691     1.7339 5.0640e-11  1018.9355    16.8811    18.8733     3.4203    104.905    8.26537  253.51196     41.381 -9.990e-29
   40.95810  -73.58464     14.028     13.919    16.8834    26.2960      7.691     1.7339 5.0640e-11  1018.9354    16.8812    18.8732     3.4255    105.065    8.26531  253.51010     41.444 -9.990e-29
   40.95810  -73.58464     14.029     13.920    16.8837    26.2960      7.691     1.7339 5.0640e-11  1018.9350    16.8815    18.8731     3.4208    104.922    8.26531  253.51024     41.388 -9.990e-29
   40.95810  -73.58464     14.007     13.898    16.8835    26.2960      7.691     1.7339 2.5320e-11  1018.9354    16.8814    18.8731     3.4206    104.916    8.26528  253.50949     41.385 -9.990e-29
   40.95810  -73.58464     14.029     13.920    16.8837    26.2960      7.686     1.7339 5.0640e-11  1018.9353    16.8816    18.8731     3.4210    104.927    8.26529  253.50986     41.390 -9.990e-29
   40.95810  -73.58464     14.029     13.920    16.8838    26.2960      7.691     1.7339 2.5320e-11  1018.9351    16.8817    18.8731     3.4208    104.923    8.26528  253.50963     41.388 -9.990e-29
   40.95810  -73.58464     14.028     13.919    16.8839    26.2960      7.686     1.7339 5.0640e-11  1018.9353    16.8818    18.8731     3.4207    104.920    8.26529  253.50967     41.387 -9.990e-29
   40.95810  -73.58464     14.020     13.910    16.8838    26.2960      7.686     1.7339 5.0640e-11  1018.9351    16.8817    18.8731     3.4207    104.917    8.26527  253.50917     41.386 -9.990e-29
   40.95810  -73.58464     14.029     13.920    16.8835    26.2961      7.686     1.7339 5.0640e-11  1018.9353    16.8814    18.8732     3.4206    104.916    8.26530  253.50994     41.385 -9.990e-29
   40.95810  -73.58464     14.028     13.919    16.8834    26.2961      7.686     1.7339 5.0640e-11  1018.9355    16.8812    18.8733     3.4206    104.915    8.26536  253.51173     41.385 -9.990e-29
   40.95810  -73.58464     14.020     13.910    16.8837    26.2962      7.686     1.7339 5.0640e-11  1018.9352    16.8815    18.8733     3.4206    104.914    8.26532  253.51062     41.384 -9.990e-29
   40.95810  -73.58464     14.017     13.908    16.8834    26.2962      7.686     1.7339 2.5320e-11  1018.9356    16.8812    18.8733     3.4206    104.914    8.26531  253.51049     41.384 -9.990e-29
   40.95810  -73.58464     14.029     13.920    16.8835    26.2962      7.686     1.7339 5.0640e-11  1018.9354    16.8814    18.8733     3.4161    104.778    8.26531  253.51029     41.331 -9.990e-29
   40.95810  -73.58464     14.020     13.910    16.8838    26.2960      7.686     1.8011 5.0640e-11  1018.9352    16.8817    18.8731     3.4207    104.917    8.26527  253.50918     41.386 -9.990e-29
   40.95810  -73.58464     14.028     13.919    16.8837    26.2957      7.686     1.8548 5.0640e-11  1018.9352    16.8816    18.8728     3.4208    104.921    8.26532  253.51085     41.387 -9.990e-29
   40.95810  -73.58464     14.020     13.910    16.8842    26.2952      7.686     1.8683 5.0640e-11  1018.9343    16.8820    18.8725     3.4165    104.788    8.26534  253.51145     41.335 -9.990e-29
   40.95810  -73.58464     14.020     13.910    16.8841    26.2950      7.686     1.8683 5.0640e-11  1018.9344    16.8819    18.8723     3.4211    104.932    8.26541  253.51333     41.391 -9.990e-29
   40.95810  -73.58464     14.028     13.919    16.8841    26.2948      7.686     1.8683 5.0640e-11  1018.9343    16.8819    18.8721     3.4214    104.938    8.26543  253.51404     41.393 -9.990e-29
   40.95810  -73.58464     14.029     13.920    16.8840    26.2948      7.686     1.8683 2.5320e-11  1018.9339    16.8818    18.8720     3.4216    104.946    8.26547  253.51516     41.396 -9.990e-29
   40.95810  -73.58464     14.017     13.908    16.8832    26.2948      7.686     1.8548 5.0640e-11  1018.9343    16.8811    18.8723     3.4218    104.953    8.26548  253.51556     41.399 -9.990e-29
   40.95810  -73.58464     14.029     13.920    16.8824    26.2950      7.686     1.8683 5.0640e-11  1018.9349    16.8803    18.8726     3.4171    104.809    8.26545  253.51461     41.342 -9.990e-29
   40.95810  -73.58464     14.020     13.910    16.8820    26.2952      7.686     1.8683 5.0640e-11  1018.9350    16.8799    18.8729     3.4214    104.940    8.26545  253.51438     41.394 -9.990e-29
   40.95810  -73.58464     14.028     13.919    16.8816    26.2954      7.686     1.8683 5.0640e-11  1018.9352    16.8795    18.8731     3.4217    104.949    8.26542  253.51358     41.398 -9.990e-29
   40.95810  -73.58464     14.029     13.920    16.8814    26.2957      7.686     1.8683 5.0640e-11  1018.9355    16.8793    18.8734     3.4215    104.943    8.26544  253.51407     41.395 -9.990e-29
   40.95810  -73.58464     14.028     13.919    16.8813    26.2959      7.686     1.8548 5.0640e-11  1018.9357    16.8792    18.8736     3.4169    104.801    8.26541  253.51323     41.339 -9.990e-29
   40.95810  -73.58464     14.029     13.920    16.8812    26.2961      7.686     1.8548 5.0640e-11  1018.9361    16.8790    18.8738     3.4162    104.781    8.26540  253.51295     41.332 -9.990e-29
   40.95810  -73.58464     14.029     13.920    16.8812    26.2961      7.686     1.8548 5.0640e-11  1018.9358    16.8791    18.8738     3.4156    104.763    8.26541  253.51345     41.324 -9.990e-29
   40.95810  -73.58464     14.037     13.928    16.8810    26.2962      7.686     1.8683 5.0640e-11  1018.9361    16.8788    18.8739     3.4205    104.912    8.26535  253.51154     41.383 -9.990e-29
   40.95810  -73.58464     14.029     13.920    16.8810    26.2962      7.686     1.8683 2.5320e-11  1018.9361    16.8788    18.8739     3.4160    104.773    8.26538  253.51230     41.328 -9.990e-29
   40.95810  -73.58464     14.029     13.920    16.8811    26.2962      7.686     1.8683 5.0640e-11  1018.9359    16.8789    18.8738     3.4159    104.772    8.26538  253.51251     41.328 -9.990e-29
   40.95810  -73.58464     14.037     13.928    16.8812    26.2962      7.686     1.8683 5.0640e-11  1018.9360    16.8790    18.8738     3.4209    104.925    8.26538  253.51232     41.389 -9.990e-29
   40.95810  -73.58464     14.029     13.920    16.8811    26.2963      7.686     1.8548 5.0640e-11  1018.9361    16.8789    18.8739     3.4165    104.789    8.26535  253.51140     41.335 -9.990e-29
   40.95810  -73.58464     14.037     13.928    16.8810    26.2963      7.686     1.8548 5.0640e-11  1018.9362    16.8788    18.8740     3.4165    104.791    8.26533  253.51090     41.336 -9.990e-29
   40.95810  -73.58464     14.039     13.930    16.8812    26.2964      7.686     1.8683 5.0640e-11  1018.9362    16.8790    18.8740     3.4161    104.779    8.26531  253.51027     41.331 -9.990e-29
   40.95810  -73.58464     14.039     13.930    16.8812    26.2964      7.686     1.8548 5.0640e-11  1018.9362    16.8791    18.8740     3.4158    104.767    8.26528  253.50934     41.327 -9.990e-29
   40.95810  -73.58464     14.037     13.928    16.8813    26.2964      7.686     1.8548 5.0640e-11  1018.9361    16.8792    18.8739     3.4154    104.757    8.26528  253.50939     41.323 -9.990e-29
   40.95810  -73.58464     14.050     13.940    16.8815    26.2964      7.686     1.8683 5.0640e-11  1018.9361    16.8793    18.8739     3.4156    104.762    8.26525  253.50875     41.325 -9.990e-29
   40.95810  -73.58464     14.039     13.930    16.8816    26.2964      7.686     1.8280 5.0640e-11  1018.9360    16.8795    18.8739     3.4158    104.769    8.26529  253.50966     41.327 -9.990e-29
   40.95810  -73.58464     14.037     13.928    16.8815    26.2965      7.681     1.7742 2.5320e-11  1018.9362    16.8793    18.8740     3.4156    104.761    8.26526  253.50886     41.325 -9.990e-29
