CalculateIndicators/WaterTemperature/Data/CTD_NYOS/20240426_C06.cnv
* Sea-Bird SBE 9 Data File:
* FileName = C:\Seabird 9 CTD\Data\2024\202404_offshore\20240426_C06.hex
* Software Version Seasave V 7.23.2
* Temperature SN = 4590
* Conductivity SN = 3228
* Number of Bytes Per Scan = 44
* Number of Voltage Words = 5
* Number of Scans Averaged by the Deck Unit = 1
* NMEA Latitude = 40 04.74 N
* NMEA Longitude = 073 04.17 W
* NMEA UTC (Time) = Apr 26 2024  16:22:05
* NMEA baud rate = 4800
** Ship: Seawolf
** Station: 8.3
** Operator: TCM
# nquan = 18
# nvalues = 12480                       
# units = specified
# name 0 = latitude: Latitude [deg]
# name 1 = longitude: Longitude [deg]
# name 2 = prDM: Pressure, Digiquartz [db]
# name 3 = depSM: Depth [salt water, m]
# name 4 = t090C: Temperature [ITS-90, deg C]
# name 5 = sal00: Salinity, Practical [PSU]
# name 6 = ph: pH
# name 7 = flECO-AFL: Fluorescence, WET Labs ECO-AFL/FL [mg/m^3]
# name 8 = cpar: CPAR/Corrected Irradiance [%]
# name 9 = density00: Density [density, kg/m^3]
# name 10 = potemp090C: Potential Temperature [ITS-90, deg C]
# name 11 = sigma-é00: Density [sigma-theta, kg/m^3]
# name 12 = sbeox0Mg/L: Oxygen, SBE 43 [mg/l]
# name 13 = sbox0Mm/Kg: Oxygen, SBE 43 [umol/kg]
# name 14 = oxsolMg/L: Oxygen Saturation, Garcia & Gordon [mg/l]
# name 15 = oxsolMm/Kg: Oxygen Saturation, Garcia & Gordon [umol/kg]
# name 16 = sbeox0PS: Oxygen, SBE 43 [% saturation]
# name 17 = flag:  0.000e+00
# span 0 =   40.07888,   40.07910       
# span 1 =  -73.06990,  -73.06962       
# span 2 =      1.218,     39.089       
# span 3 =      1.208,     38.785       
# span 4 =     6.2760,     8.8414       
# span 5 =    30.5086,    31.6428       
# span 6 =      7.867,      8.127       
# span 7 =    -0.5762,     4.0709       
# span 8 = 1.2309e-01, 1.5345e+02       
# span 9 =  1023.5704,  1025.0452       
# span 10 =     6.2737,     8.8412      
# span 11 =    23.6276,    24.8646      
# span 12 =     8.2921,    10.1804      
# span 13 =    252.846,    310.729      
# span 14 =    9.52058,   10.04090      
# span 15 =  290.62320,  306.20617      
# span 16 =     82.732,    106.047      
# span 17 = 0.0000e+00, 0.0000e+00      
# interval = seconds: 0.0416667
# start_time = Apr 26 2024 16:22:07 [System UTC, first data scan.]
# bad_flag = -9.990e-29
*END*
[from data line 2734]
   40.07908  -73.06968     38.121     37.825     6.3134    31.6344 -9.990e-29     0.1894 1.4049e-01  1025.0323     6.3103    24.8563     8.3356    254.174   10.02359  305.64368     83.160 -9.990e-29
   40.07908  -73.06968     38.130     37.834     6.3133    31.6340 -9.990e-29     0.1894 1.4089e-01  1025.0321     6.3102    24.8561     8.3344    254.136   10.02356  305.64272     83.148 -9.990e-29
   40.07908  -73.06968     38.151     37.855     6.3134    31.6338 -9.990e-29     0.1894 1.4089e-01  1025.0317     6.3103    24.8559     8.3407    254.329   10.02362  305.64463     83.211 -9.990e-29
   40.07908  -73.06968     38.147     37.851     6.3127    31.6337 -9.990e-29     0.1894 1.4077e-01  1025.0319     6.3096    24.8559     8.3359    254.183   10.02363  305.64501     83.163 -9.990e-29
   40.07908  -73.06968     38.172     37.875     6.3122    31.6338 -9.990e-29     0.1894 1.4049e-01  1025.0322     6.3091    24.8560     8.3356    254.172   10.02351  305.64122     83.160 -9.990e-29
   40.07908  -73.06968     38.181     37.885     6.3120    31.6340 -9.990e-29     0.1894 1.4008e-01  1025.0322     6.3088    24.8563     8.3353    254.165   10.02355  305.64240     83.158 -9.990e-29
   40.07908  -73.06968     38.191     37.895     6.3111    31.6344 -9.990e-29     0.1894 1.4008e-01  1025.0331     6.3080    24.8566     8.3350    254.155   10.02346  305.63972     83.155 -9.990e-29
   40.07908  -73.06968     38.218     37.922     6.3111    31.6347 -9.990e-29     0.1894 1.3968e-01  1025.0331     6.3080    24.8569     8.3347    254.146   10.02343  305.63876     83.152 -9.990e-29
   40.07908  -73.06968     38.221     37.925     6.3109    31.6351 -9.990e-29     0.1894 1.3928e-01  1025.0336     6.3078    24.8572     8.3344    254.137   10.02337  305.63700     83.150 -9.990e-29
   40.07908  -73.06968     38.263     37.966     6.3108    31.6355 -9.990e-29     0.1894 1.3888e-01  1025.0342     6.3077    24.8575     8.3341    254.127   10.02329  305.63476     83.147 -9.990e-29
   40.07908  -73.06968     38.272     37.975     6.3113    31.6358 -9.990e-29     0.1894 1.3888e-01  1025.0344     6.3082    24.8577     8.3339    254.121   10.02336  305.63667     83.145 -9.990e-29
   40.07908  -73.06968     38.300     38.003     6.3113    31.6356 -9.990e-29     0.1894 1.3808e-01  1025.0346     6.3082    24.8576     8.3336    254.112   10.02337  305.63701     83.142 -9.990e-29
   40.07908  -73.06968     38.314     38.016     6.3119    31.6351 -9.990e-29     0.1894 1.3756e-01  1025.0339     6.3088    24.8572     8.3334    254.106   10.02339  305.63744     83.140 -9.990e-29
   40.07908  -73.06968     38.334     38.037     6.3116    31.6347 -9.990e-29     0.1894 1.3756e-01  1025.0335     6.3085    24.8568     8.3331    254.097   10.02339  305.63768     83.137 -9.990e-29
   40.07908  -73.06968     38.365     38.067     6.3116    31.6345 -9.990e-29     0.1894 1.3677e-01  1025.0335     6.3084    24.8566     8.3328    254.086   10.02327  305.63393     83.134 -9.990e-29
   40.07908  -73.06968     38.381     38.083     6.3111    31.6345 -9.990e-29     0.1894 1.3638e-01  1025.0338     6.3080    24.8567     8.3324    254.075   10.02317  305.63099     83.131 -9.990e-29
   40.07908  -73.06968     38.416     38.118     6.3111    31.6345 -9.990e-29     0.1894 1.3677e-01  1025.0341     6.3079    24.8567     8.3320    254.063   10.02303  305.62670     83.129 -9.990e-29
   40.07908  -73.06968     38.436     38.138     6.3109    31.6346 -9.990e-29     0.1894 1.3559e-01  1025.0340     6.3078    24.8568     8.3316    254.052   10.02293  305.62359     83.126 -9.990e-29
   40.07908  -73.06968     38.452     38.153     6.3105    31.6348 -9.990e-29     0.1894 1.3520e-01  1025.0347     6.3073    24.8570     8.3313    254.043   10.02287  305.62197     83.123 -9.990e-29
   40.07908  -73.06968     38.487     38.189     6.3107    31.6351 -9.990e-29     0.1894 1.3520e-01  1025.0346     6.3075    24.8572     8.3376    254.233   10.02284  305.62093     83.186 -9.990e-29
   40.07908  -73.06968     38.507     38.208     6.3103    31.6353 -9.990e-29     0.1894 1.3442e-01  1025.0353     6.3072    24.8575     8.3382    254.251   10.02276  305.61881     83.192 -9.990e-29
   40.07906  -73.06968     38.538     38.239     6.3100    31.6355 -9.990e-29     0.1894 1.3365e-01  1025.0357     6.3068    24.8576     8.3388    254.271   10.02276  305.61894     83.199 -9.990e-29
   40.07906  -73.06968     38.565     38.265     6.3102    31.6354 -9.990e-29     0.1894 1.3365e-01  1025.0354     6.3070    24.8575     8.3394    254.288   10.02272  305.61751     83.205 -9.990e-29
   40.07906  -73.06968     38.578     38.279     6.3100    31.6353 -9.990e-29     0.1759 1.3277e-01  1025.0355     6.3068    24.8575     8.3400    254.306   10.02274  305.61817     83.210 -9.990e-29
   40.07906  -73.06968     38.599     38.300     6.3098    31.6351 -9.990e-29     0.1759 1.3200e-01  1025.0356     6.3067    24.8574     8.3339    254.121   10.02268  305.61646     83.150 -9.990e-29
   40.07906  -73.06968     38.625     38.326     6.3100    31.6351 -9.990e-29     0.1759 1.3162e-01  1025.0353     6.3068    24.8574     8.3400    254.307   10.02272  305.61741     83.211 -9.990e-29
   40.07906  -73.06968     38.660     38.360     6.3095    31.6354 -9.990e-29     0.1759 1.3162e-01  1025.0361     6.3063    24.8577     8.3339    254.120   10.02266  305.61570     83.150 -9.990e-29
   40.07906  -73.06968     38.680     38.380     6.3093    31.6357 -9.990e-29     0.1759 1.3086e-01  1025.0365     6.3062    24.8579     8.3334    254.107   10.02274  305.61821     83.145 -9.990e-29
   40.07906  -73.06968     38.686     38.386     6.3092    31.6358 -9.990e-29     0.1759 1.3086e-01  1025.0365     6.3061    24.8580     8.3329    254.090   10.02268  305.61660     83.140 -9.990e-29
   40.07906  -73.06968     38.711     38.410     6.3093    31.6358 -9.990e-29     0.1759 1.3048e-01  1025.0365     6.3061    24.8580     8.3389    254.275   10.02270  305.61716     83.201 -9.990e-29
   40.07906  -73.06968     38.731     38.431     6.3089    31.6359 -9.990e-29     0.1759 1.2973e-01  1025.0369     6.3057    24.8581     8.3328    254.087   10.02265  305.61550     83.140 -9.990e-29
   40.07906  -73.06968     38.762     38.461     6.3088    31.6361 -9.990e-29     0.1759 1.2936e-01  1025.0371     6.3057    24.8582     8.3323    254.072   10.02268  305.61637     83.134 -9.990e-29
   40.07906  -73.06968     38.778     38.477     6.3087    31.6361 -9.990e-29     0.1759 1.2925e-01  1025.0374     6.3056    24.8582     8.3317    254.055   10.02268  305.61614     83.129 -9.990e-29
   40.07906  -73.06968     38.783     38.481     6.3088    31.6360 -9.990e-29     0.1759 1.2888e-01  1025.0370     6.3057    24.8582     8.3322    254.069   10.02262  305.61443     83.134 -9.990e-29
   40.07906  -73.06968     38.813     38.512     6.3087    31.6360 -9.990e-29     0.1759 1.2850e-01  1025.0373     6.3056    24.8582     8.3316    254.051   10.02255  305.61242     83.129 -9.990e-29
   40.07906  -73.06968     38.818     38.517     6.3085    31.6362 -9.990e-29     0.1759 1.2850e-01  1025.0376     6.3053    24.8584     8.3386    254.265   10.02251  305.61124     83.199 -9.990e-29
   40.07906  -73.06968     38.843     38.542     6.3085    31.6364 -9.990e-29     0.1759 1.2813e-01  1025.0378     6.3054    24.8586     8.3336    254.112   10.02252  305.61143     83.149 -9.990e-29
   40.07906  -73.06968     38.854     38.553     6.3084    31.6365 -9.990e-29     0.1759 1.2776e-01  1025.0379     6.3052    24.8586     8.3407    254.330   10.02255  305.61270     83.220 -9.990e-29
   40.07906  -73.06968     38.869     38.568     6.3082    31.6365 -9.990e-29     0.1759 1.2776e-01  1025.0381     6.3050    24.8586     8.3413    254.347   10.02258  305.61352     83.225 -9.990e-29
   40.07906  -73.06968     38.885     38.583     6.3083    31.6365 -9.990e-29     0.1759 1.2703e-01  1025.0383     6.3051    24.8586     8.3353    254.164   10.02261  305.61454     83.165 -9.990e-29
   40.07906  -73.06968     38.885     38.583     6.3082    31.6362 -9.990e-29     0.1759 1.2666e-01  1025.0378     6.3050    24.8585     8.3348    254.150   10.02265  305.61531     83.160 -9.990e-29
   40.07906  -73.06968     38.900     38.598     6.3083    31.6362 -9.990e-29     0.1759 1.2655e-01  1025.0378     6.3051    24.8585     8.3344    254.135   10.02266  305.61581     83.155 -9.990e-29
   40.07906  -73.06968     38.915     38.613     6.3079    31.6364 -9.990e-29     0.1759 1.2619e-01  1025.0385     6.3047    24.8587     8.3339    254.122   10.02273  305.61821     83.150 -9.990e-29
   40.07906  -73.06968     38.915     38.613     6.3079    31.6365 -9.990e-29     0.1759 1.2619e-01  1025.0383     6.3047    24.8587     8.3336    254.111   10.02284  305.62143     83.146 -9.990e-29
   40.07906  -73.06968     38.920     38.618     6.3080    31.6365 -9.990e-29     0.1759 1.2619e-01  1025.0382     6.3048    24.8587     8.3321    254.067   10.02294  305.62450     83.131 -9.990e-29
   40.07906  -73.06968     38.936     38.633     6.3077    31.6365 -9.990e-29     0.1759 1.2582e-01  1025.0385     6.3045    24.8587     8.3317    254.053   10.02302  305.62673     83.125 -9.990e-29
   40.07906  -73.06968     38.925     38.622     6.3080    31.6365 -9.990e-29     0.1759 1.2546e-01  1025.0384     6.3048    24.8587     8.3323    254.072   10.02313  305.62997     83.130 -9.990e-29
   40.07906  -73.06968     38.941     38.639     6.3081    31.6365 -9.990e-29     0.2028 1.2510e-01  1025.0383     6.3049    24.8587     8.3318    254.057   10.02313  305.63007     83.126 -9.990e-29
   40.07906  -73.06968     38.936     38.633     6.3079    31.6365 -9.990e-29     0.2297 1.2510e-01  1025.0384     6.3047    24.8587     8.3324    254.075   10.02319  305.63183     83.131 -9.990e-29
   40.07906  -73.06968     38.936     38.633     6.3081    31.6365 -9.990e-29     0.2297 1.2474e-01  1025.0382     6.3049    24.8587     8.3385    254.262   10.02324  305.63321     83.192 -9.990e-29
   40.07906  -73.06968     38.931     38.629     6.3077    31.6365 -9.990e-29     0.2297 1.2474e-01  1025.0385     6.3045    24.8587     8.3390    254.277   10.02323  305.63283     83.197 -9.990e-29
   40.07906  -73.06968     38.936     38.633     6.3077    31.6365 -9.990e-29     0.2297 1.2474e-01  1025.0383     6.3045    24.8587     8.3405    254.323   10.02325  305.63354     83.212 -9.990e-29
   40.07906  -73.06968     38.925     38.622     6.3082    31.6365 -9.990e-29     0.2297 1.2474e-01  1025.0383     6.3050    24.8587     8.3345    254.139   10.02329  305.63468     83.151 -9.990e-29
   40.07906  -73.06968     38.920     38.618     6.3081    31.6366 -9.990e-29     0.2297 1.2463e-01  1025.0383     6.3049    24.8587     8.3406    254.325   10.02336  305.63693     83.212 -9.990e-29
   40.07906  -73.06968     38.905     38.603     6.3084    31.6366 -9.990e-29     0.2297 1.2463e-01  1025.0384     6.3052    24.8587     8.3410    254.338   10.02338  305.63746     83.216 -9.990e-29
   40.07906  -73.06968     38.905     38.603     6.3085    31.6366 -9.990e-29     0.2297 1.2474e-01  1025.0382     6.3054    24.8586     8.3348    254.150   10.02336  305.63690     83.154 -9.990e-29
   40.07906  -73.06968     38.900     38.598     6.3088    31.6364 -9.990e-29     0.2297 1.2427e-01  1025.0380     6.3057    24.8585     8.3342    254.130   10.02332  305.63575     83.148 -9.990e-29
   40.07906  -73.06968     38.885     38.583     6.3092    31.6364 -9.990e-29     0.2297 1.2463e-01  1025.0378     6.3060    24.8585     8.3337    254.115   10.02344  305.63913     83.142 -9.990e-29
   40.07906  -73.06968     38.874     38.572     6.3088    31.6364 -9.990e-29     0.2297 1.2499e-01  1025.0380     6.3057    24.8585     8.3331    254.096   10.02342  305.63857     83.136 -9.990e-29
   40.07906  -73.06968     38.849     38.547     6.3089    31.6364 -9.990e-29     0.2297 1.2535e-01  1025.0377     6.3057    24.8585     8.3325    254.077   10.02339  305.63763     83.130 -9.990e-29
   40.07906  -73.06968     38.854     38.553     6.3087    31.6364 -9.990e-29     0.2297 1.2571e-01  1025.0379     6.3056    24.8585     8.3319    254.059   10.02341  305.63849     83.124 -9.990e-29
   40.07906  -73.06968     38.823     38.521     6.3088    31.6364 -9.990e-29     0.2297 1.2608e-01  1025.0375     6.3057    24.8585     8.3313    254.041   10.02342  305.63867     83.118 -9.990e-29
   40.07906  -73.06968     38.818     38.517     6.3092    31.6364 -9.990e-29     0.2297 1.2644e-01  1025.0377     6.3060    24.8585     8.3306    254.022   10.02338  305.63745     83.112 -9.990e-29
   40.07906  -73.06968     38.803     38.502     6.3097    31.6364 -9.990e-29     0.2297 1.2644e-01  1025.0376     6.3065    24.8584     8.3300    254.003   10.02338  305.63739     83.106 -9.990e-29
   40.07906  -73.06968     38.792     38.491     6.3103    31.6363 -9.990e-29     0.2297 1.2644e-01  1025.0373     6.3071    24.8583     8.3294    253.985   10.02338  305.63751     83.100 -9.990e-29
   40.07906  -73.06968     38.767     38.466     6.3108    31.6362 -9.990e-29     0.2297 1.2644e-01  1025.0371     6.3076    24.8581     8.3288    253.966   10.02340  305.63794     83.094 -9.990e-29
   40.07906  -73.06968     38.762     38.461     6.3111    31.6360 -9.990e-29     0.2297 1.2644e-01  1025.0367     6.3080    24.8579     8.3282    253.948   10.02340  305.63805     83.088 -9.990e-29
   40.07906  -73.06968     38.752     38.451     6.3113    31.6357 -9.990e-29     0.2297 1.2681e-01  1025.0366     6.3081    24.8576     8.3276    253.928   10.02336  305.63664     83.082 -9.990e-29
   40.07906  -73.06968     38.727     38.427     6.3118    31.6355 -9.990e-29     0.2297 1.2755e-01  1025.0360     6.3086    24.8574     8.3345    254.141   10.02338  305.63718     83.151 -9.990e-29
   40.07906  -73.06968     38.711     38.410     6.3118    31.6353 -9.990e-29     0.2297 1.2718e-01  1025.0359     6.3086    24.8573     8.3295    253.985   10.02343  305.63888     83.100 -9.990e-29
   40.07906  -73.06968     38.701     38.401     6.3120    31.6354 -9.990e-29     0.2297 1.2755e-01  1025.0358     6.3088    24.8573     8.3299    253.999   10.02341  305.63827     83.105 -9.990e-29
   40.07906  -73.06968     38.697     38.397     6.3118    31.6354 -9.990e-29     0.2162 1.2791e-01  1025.0361     6.3086    24.8573     8.3304    254.015   10.02343  305.63905     83.109 -9.990e-29
   40.07906  -73.06968     38.671     38.371     6.3121    31.6354 -9.990e-29     0.2028 1.2791e-01  1025.0357     6.3089    24.8573     8.3309    254.031   10.02343  305.63898     83.115 -9.990e-29
   40.07906  -73.06968     38.660     38.360     6.3119    31.6354 -9.990e-29     0.2028 1.2791e-01  1025.0358     6.3087    24.8573     8.3305    254.017   10.02341  305.63834     83.110 -9.990e-29
   40.07906  -73.06968     38.639     38.339     6.3122    31.6352 -9.990e-29     0.2028 1.2817e-01  1025.0354     6.3091    24.8572     8.3311    254.035   10.02343  305.63900     83.116 -9.990e-29
   40.07906  -73.06968     38.635     38.335     6.3120    31.6350 -9.990e-29     0.2028 1.2828e-01  1025.0353     6.3088    24.8570     8.3307    254.022   10.02341  305.63845     83.112 -9.990e-29
   40.07906  -73.06968     38.620     38.320     6.3122    31.6349 -9.990e-29     0.2028 1.2817e-01  1025.0350     6.3091    24.8569     8.3303    254.010   10.02343  305.63906     83.108 -9.990e-29
   40.07906  -73.06968     38.620     38.320     6.3121    31.6350 -9.990e-29     0.2028 1.2892e-01  1025.0352     6.3089    24.8570     8.3299    254.000   10.02349  305.64069     83.104 -9.990e-29
   40.07906  -73.06968     38.595     38.295     6.3122    31.6352 -9.990e-29     0.2028 1.2892e-01  1025.0353     6.3091    24.8572     8.3305    254.016   10.02342  305.63846     83.110 -9.990e-29
   40.07906  -73.06968     38.589     38.290     6.3121    31.6353 -9.990e-29     0.2028 1.2892e-01  1025.0353     6.3089    24.8573     8.3301    254.005   10.02342  305.63870     83.106 -9.990e-29
