CalculateIndicators/WaterTemperature/Data/CTD_NYOS/20240709_C15.cnv
* Sea-Bird SBE 9 Data File:
* FileName = C:\Seabird 9 CTD\Data\2024\202407_offshore\20240709_C15.hex
* Software Version Seasave V 7.23.2
* Temperature SN = 4590
* Conductivity SN = 3228
* Number of Bytes Per Scan = 44
* Number of Voltage Words = 5
* Number of Scans Averaged by the Deck Unit = 1
* NMEA Latitude = 39 46.55 N
* NMEA Longitude = 072 23.36 W
* NMEA UTC (Time) = Jul 09 2024  22:19:42
* NMEA baud rate = 4800
** Ship: seawolf
** Station: 9.5
** Operator: TDK
# nquan = 18
# nvalues = 20774                       
# units = specified
# name 0 = latitude: Latitude [deg]
# name 1 = longitude: Longitude [deg]
# name 2 = prDM: Pressure, Digiquartz [db]
# name 3 = depSM: Depth [salt water, m]
# name 4 = t090C: Temperature [ITS-90, deg C]
# name 5 = sal00: Salinity, Practical [PSU]
# name 6 = ph: pH
# name 7 = flECO-AFL: Fluorescence, WET Labs ECO-AFL/FL [mg/m^3]
# name 8 = cpar: CPAR/Corrected Irradiance [%]
# name 9 = density00: Density [density, kg/m^3]
# name 10 = potemp090C: Potential Temperature [ITS-90, deg C]
# name 11 = sigma-é00: Density [sigma-theta, kg/m^3]
# name 12 = sbeox0Mg/L: Oxygen, SBE 43 [mg/l]
# name 13 = sbox0Mm/Kg: Oxygen, SBE 43 [umol/kg]
# name 14 = oxsolMg/L: Oxygen Saturation, Garcia & Gordon [mg/l]
# name 15 = oxsolMm/Kg: Oxygen Saturation, Garcia & Gordon [umol/kg]
# name 16 = sbeox0PS: Oxygen, SBE 43 [% saturation]
# name 17 = flag:  0.000e+00
# span 0 =   39.77582,   39.77714       
# span 1 =  -72.38942,  -72.38912       
# span 2 =      1.813,     80.980       
# span 3 =      1.799,     80.345       
# span 4 =     7.3807,    24.8768       
# span 5 =    30.0579,    34.3150       
# span 6 =      7.977,      8.262       
# span 7 =    -0.0658,     1.3310       
# span 8 = 9.2073e-14, 9.8912e+01       
# span 9 =  1019.6975,  1026.0982       
# span 10 =     7.3764,    24.8763      
# span 11 =    19.7272,    25.7330      
# span 12 =     6.9643,    10.2620      
# span 13 =    212.810,    313.008      
# span 14 =    6.96283,    9.71712      
# span 15 =  213.33220,  296.12304      
# span 16 =     79.595,    118.080      
# span 17 = 0.0000e+00, 0.0000e+00      
# interval = seconds: 0.0416667
# start_time = Jul 09 2024 22:19:44 [System UTC, first data scan.]
# bad_flag = -9.990e-29
*END*
[from data line 19619]
   39.77708  -72.38914      2.228      2.211    24.8283    30.4844 -9.990e-29     0.3908 2.7999e+01  1019.9939    24.8279    19.9842     7.3201    224.274    6.96743  213.47023    105.061 -9.990e-29
   39.77708  -72.38914      2.228      2.211    24.8292    30.4844 -9.990e-29     0.3908 2.5950e+01  1019.9935    24.8288    19.9839     7.3244    224.406    6.96740  213.46909    105.124 -9.990e-29
   39.77708  -72.38914      2.239      2.221    24.8297    30.4842 -9.990e-29     0.3908 2.5163e+01  1019.9931    24.8293    19.9834     7.3206    224.291    6.96738  213.46868    105.070 -9.990e-29
   39.77708  -72.38914      2.239      2.221    24.8307    30.4837 -9.990e-29     0.3908 2.4516e+01  1019.9921    24.8302    19.9828     7.3246    224.414    6.96734  213.46746    105.128 -9.990e-29
   39.77708  -72.38914      2.248      2.231    24.8307    30.4834 -9.990e-29     0.3908 2.3278e+01  1019.9921    24.8302    19.9825     7.3249    224.422    6.96733  213.46689    105.132 -9.990e-29
   39.77708  -72.38914      2.269      2.251    24.8310    30.4834 -9.990e-29     0.3908 2.2849e+01  1019.9921    24.8306    19.9824     7.3251    224.428    6.96726  213.46498    105.136 -9.990e-29
   39.77708  -72.38914      2.269      2.251    24.8312    30.4834 -9.990e-29     0.3908 2.2811e+01  1019.9921    24.8307    19.9824     7.3253    224.436    6.96725  213.46453    105.140 -9.990e-29
   39.77708  -72.38914      2.269      2.251    24.8314    30.4837 -9.990e-29     0.3908 2.2966e+01  1019.9921    24.8309    19.9826     7.3258    224.451    6.96721  213.46345    105.147 -9.990e-29
   39.77708  -72.38914      2.289      2.272    24.8315    30.4842 -9.990e-29     0.3908 2.2979e+01  1019.9926    24.8311    19.9829     7.3301    224.582    6.96718  213.46247    105.209 -9.990e-29
   39.77708  -72.38914      2.289      2.272    24.8319    30.4849 -9.990e-29     0.3908 2.3006e+01  1019.9933    24.8314    19.9832     7.3306    224.596    6.96714  213.46127    105.216 -9.990e-29
   39.77708  -72.38914      2.289      2.272    24.8329    30.4849 -9.990e-29     0.3908 2.3397e+01  1019.9931    24.8324    19.9832     7.3311    224.611    6.96714  213.46148    105.223 -9.990e-29
   39.77708  -72.38914      2.299      2.281    24.8339    30.4849 -9.990e-29     0.3908 2.3477e+01  1019.9928    24.8334    19.9829     7.3275    224.501    6.96714  213.46141    105.172 -9.990e-29
   39.77708  -72.38914      2.310      2.292    24.8348    30.4847 -9.990e-29     0.3908 2.3425e+01  1019.9924    24.8343    19.9824     7.3314    224.621    6.96713  213.46127    105.228 -9.990e-29
   39.77708  -72.38914      2.309      2.291    24.8359    30.4841 -9.990e-29     0.3908 2.3294e+01  1019.9914    24.8354    19.9816     7.3277    224.509    6.96710  213.46008    105.176 -9.990e-29
   39.77708  -72.38914      2.309      2.291    24.8365    30.4834 -9.990e-29     0.3908 2.3112e+01  1019.9907    24.8360    19.9809     7.3316    224.628    6.96711  213.46042    105.232 -9.990e-29
   39.77708  -72.38914      2.320      2.302    24.8370    30.4828 -9.990e-29     0.3908 2.3112e+01  1019.9901    24.8365    19.9803     7.3316    224.629    6.96708  213.45957    105.233 -9.990e-29
   39.77708  -72.38914      2.320      2.302    24.8373    30.4825 -9.990e-29     0.3908 2.3388e+01  1019.9895    24.8368    19.9799     7.3317    224.631    6.96710  213.46007    105.233 -9.990e-29
   39.77708  -72.38914      2.309      2.291    24.8372    30.4825 -9.990e-29     0.3908 2.3719e+01  1019.9899    24.8367    19.9798     7.3320    224.640    6.96709  213.45984    105.238 -9.990e-29
   39.77708  -72.38914      2.320      2.302    24.8377    30.4824 -9.990e-29     0.3908 2.3667e+01  1019.9899    24.8372    19.9798     7.3322    224.648    6.96706  213.45908    105.242 -9.990e-29
   39.77708  -72.38914      2.309      2.291    24.8377    30.4823 -9.990e-29     0.3908 2.4069e+01  1019.9895    24.8372    19.9797     7.3325    224.655    6.96706  213.45898    105.245 -9.990e-29
   39.77708  -72.38914      2.320      2.302    24.8380    30.4823 -9.990e-29     0.3908 2.4410e+01  1019.9893    24.8375    19.9796     7.3368    224.787    6.96707  213.45942    105.307 -9.990e-29
   39.77708  -72.38914      2.320      2.302    24.8377    30.4823 -9.990e-29     0.3908 2.4425e+01  1019.9896    24.8372    19.9797     7.3373    224.801    6.96705  213.45884    105.314 -9.990e-29
   39.77708  -72.38914      2.309      2.291    24.8377    30.4825 -9.990e-29     0.3908 2.5122e+01  1019.9897    24.8372    19.9798     7.3377    224.815    6.96706  213.45920    105.320 -9.990e-29
   39.77708  -72.38914      2.309      2.291    24.8375    30.4826 -9.990e-29     0.3908 2.6131e+01  1019.9898    24.8370    19.9799     7.3381    224.827    6.96706  213.45928    105.326 -9.990e-29
   39.77708  -72.38914      2.309      2.291    24.8377    30.4826 -9.990e-29     0.3774 2.6427e+01  1019.9899    24.8372    19.9800     7.3345    224.715    6.96709  213.46001    105.273 -9.990e-29
   39.77708  -72.38914      2.310      2.292    24.8375    30.4826 -9.990e-29     0.3774 2.6278e+01  1019.9900    24.8371    19.9800     7.3345    224.717    6.96709  213.46006    105.274 -9.990e-29
   39.77708  -72.38914      2.299      2.282    24.8379    30.4826 -9.990e-29     0.3774 2.5855e+01  1019.9897    24.8374    19.9799     7.3346    224.719    6.96710  213.46025    105.274 -9.990e-29
   39.77708  -72.38914      2.299      2.282    24.8377    30.4823 -9.990e-29     0.3774 2.5839e+01  1019.9895    24.8372    19.9796     7.3346    224.719    6.96707  213.45936    105.275 -9.990e-29
   39.77708  -72.38914      2.299      2.282    24.8381    30.4819 -9.990e-29     0.3774 2.5694e+01  1019.9891    24.8376    19.9793     7.3345    224.718    6.96706  213.45923    105.274 -9.990e-29
   39.77708  -72.38914      2.290      2.272    24.8380    30.4815 -9.990e-29     0.3774 2.5193e+01  1019.9886    24.8375    19.9790     7.3345    224.718    6.96708  213.45986    105.274 -9.990e-29
   39.77708  -72.38914      2.290      2.272    24.8379    30.4812 -9.990e-29     0.3774 2.4981e+01  1019.9886    24.8374    19.9788     7.3345    224.717    6.96712  213.46119    105.273 -9.990e-29
   39.77708  -72.38914      2.290      2.272    24.8377    30.4811 -9.990e-29     0.3774 2.4981e+01  1019.9884    24.8372    19.9787     7.3305    224.594    6.96720  213.46360    105.214 -9.990e-29
   39.77708  -72.38914      2.279      2.261    24.8375    30.4811 -9.990e-29     0.3774 2.4841e+01  1019.9886    24.8371    19.9788     7.3301    224.584    6.96725  213.46525    105.209 -9.990e-29
   39.77708  -72.38914      2.280      2.262    24.8375    30.4811 -9.990e-29     0.3774 2.4702e+01  1019.9886    24.8370    19.9788     7.3301    224.583    6.96732  213.46707    105.207 -9.990e-29
   39.77708  -72.38914      2.279      2.261    24.8373    30.4811 -9.990e-29     0.3774 2.4702e+01  1019.9886    24.8368    19.9788     7.3338    224.696    6.96734  213.46778    105.260 -9.990e-29
   39.77708  -72.38914      2.269      2.252    24.8373    30.4811 -9.990e-29     0.3774 2.4617e+01  1019.9885    24.8368    19.9788     7.3297    224.569    6.96739  213.46921    105.200 -9.990e-29
   39.77708  -72.38914      2.269      2.252    24.8372    30.4812 -9.990e-29     0.3774 2.4548e+01  1019.9886    24.8367    19.9789     7.3289    224.547    6.96738  213.46874    105.190 -9.990e-29
   39.77708  -72.38914      2.279      2.261    24.8371    30.4812 -9.990e-29     0.3774 2.4548e+01  1019.9888    24.8367    19.9790     7.3286    224.535    6.96744  213.47050    105.183 -9.990e-29
   39.77708  -72.38914      2.269      2.252    24.8371    30.4812 -9.990e-29     0.3774 2.4205e+01  1019.9887    24.8367    19.9790     7.3281    224.520    6.96744  213.47042    105.176 -9.990e-29
   39.77708  -72.38914      2.269      2.252    24.8370    30.4813 -9.990e-29     0.3774 2.4055e+01  1019.9887    24.8366    19.9791     7.3277    224.507    6.96747  213.47150    105.170 -9.990e-29
   39.77708  -72.38914      2.269      2.252    24.8370    30.4815 -9.990e-29     0.3774 2.3987e+01  1019.9891    24.8365    19.9793     7.3272    224.492    6.96748  213.47173    105.163 -9.990e-29
   39.77708  -72.38914      2.269      2.252    24.8368    30.4816 -9.990e-29     0.3774 2.3652e+01  1019.9892    24.8363    19.9794     7.3267    224.478    6.96751  213.47244    105.156 -9.990e-29
   39.77708  -72.38914      2.259      2.242    24.8368    30.4816 -9.990e-29     0.3774 2.3322e+01  1019.9891    24.8363    19.9794     7.3225    224.348    6.96753  213.47321    105.094 -9.990e-29
   39.77708  -72.38914      2.269      2.252    24.8367    30.4817 -9.990e-29     0.3774 2.3308e+01  1019.9891    24.8362    19.9795     7.3258    224.449    6.96754  213.47354    105.141 -9.990e-29
   39.77708  -72.38914      2.279      2.261    24.8366    30.4819 -9.990e-29     0.3774 2.3771e+01  1019.9894    24.8361    19.9797     7.3252    224.433    6.96754  213.47349    105.134 -9.990e-29
   39.77708  -72.38914      2.259      2.242    24.8366    30.4821 -9.990e-29     0.3774 2.4449e+01  1019.9896    24.8361    19.9798     7.3247    224.416    6.96753  213.47314    105.126 -9.990e-29
   39.77708  -72.38914      2.269      2.252    24.8365    30.4821 -9.990e-29     0.3774 2.4642e+01  1019.9897    24.8360    19.9798     7.3241    224.399    6.96749  213.47175    105.119 -9.990e-29
   39.77708  -72.38914      2.269      2.252    24.8366    30.4821 -9.990e-29     0.3774 2.4642e+01  1019.9894    24.8361    19.9798     7.3236    224.382    6.96747  213.47122    105.111 -9.990e-29
   39.77708  -72.38914      2.269      2.252    24.8366    30.4821 -9.990e-29     0.3640 2.4696e+01  1019.9895    24.8361    19.9799     7.3188    224.237    6.96737  213.46811    105.045 -9.990e-29
   39.77708  -72.38914      2.269      2.252    24.8368    30.4823 -9.990e-29     0.3505 2.4696e+01  1019.9897    24.8363    19.9800     7.3221    224.335    6.96737  213.46812    105.091 -9.990e-29
   39.77708  -72.38914      2.269      2.252    24.8368    30.4825 -9.990e-29     0.3505 2.4696e+01  1019.9897    24.8364    19.9800     7.3217    224.326    6.96732  213.46689    105.087 -9.990e-29
   39.77708  -72.38914      2.269      2.252    24.8371    30.4826 -9.990e-29     0.3505 2.4766e+01  1019.9897    24.8367    19.9801     7.3252    224.432    6.96731  213.46649    105.137 -9.990e-29
   39.77708  -72.38914      2.269      2.252    24.8371    30.4827 -9.990e-29     0.3505 2.4821e+01  1019.9901    24.8367    19.9802     7.3211    224.306    6.96728  213.46549    105.078 -9.990e-29
   39.77708  -72.38914      2.269      2.252    24.8377    30.4827 -9.990e-29     0.3505 2.4891e+01  1019.9898    24.8372    19.9801     7.3208    224.297    6.96729  213.46582    105.074 -9.990e-29
   39.77708  -72.38914      2.269      2.252    24.8379    30.4827 -9.990e-29     0.3505 2.4961e+01  1019.9896    24.8374    19.9799     7.3245    224.411    6.96725  213.46489    105.128 -9.990e-29
   39.77708  -72.38914      2.269      2.252    24.8382    30.4826 -9.990e-29     0.3505 2.5087e+01  1019.9895    24.8377    19.9797     7.3245    224.411    6.96727  213.46524    105.128 -9.990e-29
   39.77708  -72.38914      2.290      2.272    24.8386    30.4825 -9.990e-29     0.3505 2.5158e+01  1019.9893    24.8381    19.9795     7.3245    224.410    6.96726  213.46524    105.127 -9.990e-29
   39.77708  -72.38914      2.269      2.252    24.8390    30.4823 -9.990e-29     0.3505 2.6021e+01  1019.9889    24.8385    19.9793     7.3248    224.419    6.96731  213.46667    105.131 -9.990e-29
   39.77708  -72.38914      2.279      2.261    24.8389    30.4822 -9.990e-29     0.3505 2.6538e+01  1019.9890    24.8385    19.9792     7.3209    224.301    6.96729  213.46594    105.076 -9.990e-29
   39.77708  -72.38914      2.290      2.272    24.8389    30.4821 -9.990e-29     0.3505 2.6538e+01  1019.9890    24.8385    19.9791     7.3209    224.301    6.96732  213.46684    105.076 -9.990e-29
   39.77708  -72.38914      2.290      2.272    24.8391    30.4820 -9.990e-29     0.3505 2.6613e+01  1019.9887    24.8386    19.9790     7.3206    224.291    6.96730  213.46634    105.071 -9.990e-29
   39.77708  -72.38914      2.290      2.272    24.8394    30.4820 -9.990e-29     0.3505 2.6554e+01  1019.9888    24.8389    19.9790     7.3246    224.415    6.96729  213.46617    105.129 -9.990e-29
   39.77708  -72.38914      2.299      2.282    24.8393    30.4820 -9.990e-29     0.3505 2.6629e+01  1019.9888    24.8388    19.9790     7.3206    224.290    6.96730  213.46634    105.071 -9.990e-29
   39.77708  -72.38914      2.299      2.282    24.8395    30.4820 -9.990e-29     0.3505 2.6854e+01  1019.9888    24.8390    19.9790     7.3246    224.414    6.96732  213.46669    105.129 -9.990e-29
   39.77708  -72.38914      2.310      2.293    24.8393    30.4820 -9.990e-29     0.3505 2.7022e+01  1019.9890    24.8388    19.9790     7.3249    224.422    6.96730  213.46624    105.132 -9.990e-29
   39.77708  -72.38914      2.320      2.302    24.8395    30.4820 -9.990e-29     0.3505 2.7022e+01  1019.9887    24.8390    19.9789     7.3252    224.430    6.96729  213.46584    105.136 -9.990e-29
   39.77708  -72.38914      2.320      2.302    24.8397    30.4819 -9.990e-29     0.3505 2.7653e+01  1019.9888    24.8392    19.9787     7.3214    224.314    6.96729  213.46591    105.082 -9.990e-29
   39.77708  -72.38914      2.329      2.312    24.8398    30.4818 -9.990e-29     0.3505 2.8442e+01  1019.9885    24.8393    19.9786     7.3213    224.313    6.96726  213.46495    105.082 -9.990e-29
   39.77708  -72.38914      2.339      2.321    24.8397    30.4817 -9.990e-29     0.3505 2.8539e+01  1019.9886    24.8392    19.9786     7.3214    224.314    6.96725  213.46483    105.082 -9.990e-29
   39.77708  -72.38914      2.350      2.332    24.8398    30.4817 -9.990e-29     0.3505 2.7300e+01  1019.9887    24.8393    19.9786     7.3217    224.324    6.96725  213.46482    105.087 -9.990e-29
   39.77708  -72.38914      2.350      2.332    24.8398    30.4814 -9.990e-29     0.3505 2.5375e+01  1019.9885    24.8393    19.9784     7.3221    224.336    6.96730  213.46621    105.092 -9.990e-29
   39.77708  -72.38914      2.360      2.342    24.8400    30.4811 -9.990e-29     0.3505 2.4826e+01  1019.9881    24.8395    19.9781     7.3224    224.347    6.96729  213.46596    105.097 -9.990e-29
   39.77708  -72.38914      2.371      2.353    24.8399    30.4811 -9.990e-29     0.3505 2.4841e+01  1019.9880    24.8394    19.9780     7.3228    224.359    6.96729  213.46597    105.103 -9.990e-29
   39.77708  -72.38914      2.371      2.353    24.8398    30.4811 -9.990e-29     0.3505 2.4911e+01  1019.9881    24.8393    19.9780     7.3229    224.363    6.96729  213.46586    105.105 -9.990e-29
   39.77708  -72.38914      2.390      2.372    24.8397    30.4811 -9.990e-29     0.3505 2.4857e+01  1019.9884    24.8392    19.9782     7.3231    224.367    6.96728  213.46558    105.107 -9.990e-29
   39.77708  -72.38914      2.390      2.372    24.8398    30.4811 -9.990e-29     0.3505 2.4456e+01  1019.9886    24.8393    19.9783     7.3232    224.372    6.96728  213.46577    105.109 -9.990e-29
   39.77708  -72.38914      2.380      2.362    24.8399    30.4811 -9.990e-29     0.3505 2.2924e+01  1019.9885    24.8394    19.9782     7.3193    224.251    6.96726  213.46497    105.053 -9.990e-29
   39.77708  -72.38914      2.401      2.383    24.8398    30.4810 -9.990e-29     0.3505 2.2302e+01  1019.9884    24.8393    19.9780     7.3192    224.249    6.96726  213.46513    105.052 -9.990e-29
   39.77708  -72.38914      2.401      2.383    24.8397    30.4806 -9.990e-29     0.3505 2.2302e+01  1019.9880    24.8392    19.9778     7.3232    224.370    6.96725  213.46477    105.109 -9.990e-29
