CalculateIndicators/WaterTemperature/Data/CTD_NYOS/20240912_C03.cnv
* Sea-Bird SBE 9 Data File:
* FileName = C:\Seabird 9 CTD\Data\2024\202409_offshore\20240912_C03.hex
* Software Version Seasave V 7.23.2
* Temperature SN = 4590
* Conductivity SN = 3228
* Number of Bytes Per Scan = 44
* Number of Voltage Words = 5
* Number of Scans Averaged by the Deck Unit = 1
* NMEA Latitude = 40 26.89 N
* NMEA Longitude = 073 42.83 W
* NMEA UTC (Time) = Sep 12 2024  00:13:53
* NMEA baud rate = 4800
** Ship: Seawolf
** Station: HR2
** Operator: TCM
# nquan = 18
# nvalues = 9126                        
# units = specified
# name 0 = latitude: Latitude [deg]
# name 1 = longitude: Longitude [deg]
# name 2 = prDM: Pressure, Digiquartz [db]
# name 3 = depSM: Depth [salt water, m]
# name 4 = t090C: Temperature [ITS-90, deg C]
# name 5 = sal00: Salinity, Practical [PSU]
# name 6 = ph: pH
# name 7 = flECO-AFL: Fluorescence, WET Labs ECO-AFL/FL [mg/m^3]
# name 8 = cpar: CPAR/Corrected Irradiance [%]
# name 9 = density00: Density [density, kg/m^3]
# name 10 = potemp090C: Potential Temperature [ITS-90, deg C]
# name 11 = sigma-é00: Density [sigma-theta, kg/m^3]
# name 12 = sbeox0Mg/L: Oxygen, SBE 43 [mg/l]
# name 13 = sbox0Mm/Kg: Oxygen, SBE 43 [umol/kg]
# name 14 = oxsolMg/L: Oxygen Saturation, Garcia & Gordon [mg/l]
# name 15 = oxsolMm/Kg: Oxygen Saturation, Garcia & Gordon [umol/kg]
# name 16 = sbeox0PS: Oxygen, SBE 43 [% saturation]
# name 17 = flag:  0.000e+00
# span 0 =   40.44832,   40.44902       
# span 1 =  -73.71394,  -73.71348       
# span 2 =      1.547,     22.691       
# span 3 =      1.535,     22.515       
# span 4 =    11.2437,    21.0541       
# span 5 =    30.6104,    31.9300       
# span 6 =      7.846,      8.244       
# span 7 =     0.4580,     1.8011       
# span 8 = 1.6880e-11, 9.9999e+04       
# span 9 =  1021.2544,  1024.4401       
# span 10 =    11.2410,    21.0536      
# span 11 =    21.2577,    24.3306      
# span 12 =     5.0360,     8.1277      
# span 13 =    153.808,    248.695      
# span 14 =    7.43727,    8.96835      
# span 15 =  227.57753,  273.63856      
# span 16 =     60.017,    109.051      
# span 17 = 0.0000e+00, 0.0000e+00      
# interval = seconds: 0.0416667
# start_time = Sep 12 2024 00:13:55 [System UTC, first data scan.]
# bad_flag = -9.990e-29
*END*
[from data line 7317]
   40.44888  -73.71354      1.912      1.897    21.0238    30.7754 -9.990e-29     1.1967 1.3381e+01  1021.2833    21.0234    21.2751     8.0938    247.664    7.44143  227.70294    108.766 -9.990e-29
   40.44888  -73.71354      1.913      1.898    21.0236    30.7755 -9.990e-29     1.1967 1.3760e+01  1021.2835    21.0232    21.2752     8.0946    247.691    7.44139  227.70184    108.779 -9.990e-29
   40.44888  -73.71354      1.892      1.878    21.0234    30.7756 -9.990e-29     1.1967 1.5373e+01  1021.2836    21.0231    21.2754     8.0951    247.706    7.44135  227.70080    108.786 -9.990e-29
   40.44888  -73.71354      1.892      1.878    21.0232    30.7757 -9.990e-29     1.1967 1.9958e+01  1021.2836    21.0229    21.2755     8.0956    247.719    7.44132  227.69986    108.792 -9.990e-29
   40.44888  -73.71354      1.881      1.867    21.0230    30.7757 -9.990e-29     1.1967 2.1771e+01  1021.2838    21.0226    21.2755     8.0959    247.730    7.44126  227.69805    108.798 -9.990e-29
   40.44888  -73.71354      1.872      1.857    21.0232    30.7756 -9.990e-29     1.1967 2.3179e+01  1021.2835    21.0229    21.2755     8.0967    247.753    7.44124  227.69724    108.808 -9.990e-29
   40.44888  -73.71354      1.862      1.848    21.0227    30.7756 -9.990e-29     1.1967 2.9289e+01  1021.2836    21.0224    21.2755     8.0969    247.762    7.44118  227.69562    108.813 -9.990e-29
   40.44888  -73.71354      1.851      1.837    21.0229    30.7756 -9.990e-29     1.1967 3.2272e+01  1021.2833    21.0225    21.2755     8.0972    247.770    7.44115  227.69452    108.817 -9.990e-29
   40.44888  -73.71354      1.851      1.837    21.0226    30.7757 -9.990e-29     1.1967 3.1616e+01  1021.2838    21.0223    21.2756     8.0974    247.775    7.44106  227.69172    108.820 -9.990e-29
   40.44888  -73.71354      1.832      1.818    21.0227    30.7757 -9.990e-29     1.1967 2.6258e+01  1021.2835    21.0224    21.2756     8.0976    247.780    7.44102  227.69076    108.823 -9.990e-29
   40.44888  -73.71354      1.843      1.829    21.0225    30.7759 -9.990e-29     1.1967 2.4094e+01  1021.2838    21.0222    21.2758     8.0933    247.650    7.44100  227.69014    108.766 -9.990e-29
   40.44888  -73.71354      1.842      1.827    21.0224    30.7760 -9.990e-29     1.1967 2.3527e+01  1021.2840    21.0221    21.2759     8.0974    247.775    7.44091  227.68751    108.822 -9.990e-29
   40.44888  -73.71354      1.811      1.797    21.0223    30.7760 -9.990e-29     1.1967 1.6392e+01  1021.2837    21.0220    21.2759     8.0978    247.788    7.44087  227.68622    108.829 -9.990e-29
   40.44888  -73.71354      1.832      1.818    21.0223    30.7761 -9.990e-29     1.1967 1.3175e+01  1021.2839    21.0220    21.2760     8.0978    247.789    7.44085  227.68559    108.830 -9.990e-29
   40.44888  -73.71354      1.821      1.807    21.0223    30.7761 -9.990e-29     1.1967 1.2811e+01  1021.2839    21.0220    21.2760     8.0978    247.789    7.44083  227.68522    108.830 -9.990e-29
   40.44888  -73.71354      1.811      1.797    21.0224    30.7761 -9.990e-29     1.1967 1.6848e+01  1021.2836    21.0221    21.2760     8.0934    247.653    7.44080  227.68429    108.771 -9.990e-29
   40.44888  -73.71354      1.811      1.797    21.0222    30.7761 -9.990e-29     1.1967 2.0505e+01  1021.2839    21.0218    21.2760     8.0930    247.640    7.44079  227.68398    108.765 -9.990e-29
   40.44888  -73.71354      1.800      1.787    21.0225    30.7761 -9.990e-29     1.1295 2.1192e+01  1021.2837    21.0222    21.2760     8.0926    247.628    7.44082  227.68492    108.759 -9.990e-29
   40.44888  -73.71354      1.811      1.797    21.0223    30.7761 -9.990e-29     1.0758 2.1901e+01  1021.2839    21.0220    21.2760     8.0964    247.746    7.44079  227.68399    108.811 -9.990e-29
   40.44888  -73.71354      1.802      1.788    21.0224    30.7762 -9.990e-29     1.0758 2.2836e+01  1021.2838    21.0221    21.2761     8.0919    247.607    7.44080  227.68445    108.750 -9.990e-29
   40.44888  -73.71354      1.800      1.787    21.0222    30.7763 -9.990e-29     1.0758 2.3042e+01  1021.2840    21.0218    21.2761     8.0913    247.590    7.44079  227.68414    108.743 -9.990e-29
   40.44888  -73.71354      1.811      1.797    21.0223    30.7763 -9.990e-29     1.0758 1.8790e+01  1021.2840    21.0220    21.2761     8.0908    247.574    7.44085  227.68622    108.735 -9.990e-29
   40.44888  -73.71354      1.791      1.777    21.0224    30.7763 -9.990e-29     1.0758 1.3974e+01  1021.2838    21.0221    21.2761     8.0902    247.557    7.44088  227.68708    108.727 -9.990e-29
   40.44888  -73.71354      1.800      1.787    21.0223    30.7764 -9.990e-29     1.0758 1.2891e+01  1021.2840    21.0220    21.2762     8.0896    247.538    7.44091  227.68806    108.718 -9.990e-29
   40.44888  -73.71354      1.811      1.797    21.0223    30.7765 -9.990e-29     1.0758 1.3717e+01  1021.2842    21.0220    21.2763     8.0846    247.384    7.44095  227.68907    108.650 -9.990e-29
   40.44888  -73.71354      1.791      1.777    21.0223    30.7764 -9.990e-29     1.0758 1.5420e+01  1021.2841    21.0220    21.2762     8.0836    247.353    7.44100  227.69056    108.636 -9.990e-29
   40.44888  -73.71354      1.791      1.777    21.0226    30.7764 -9.990e-29     1.0758 1.5948e+01  1021.2838    21.0223    21.2762     8.0826    247.323    7.44107  227.69268    108.621 -9.990e-29
   40.44888  -73.71354      1.800      1.787    21.0222    30.7764 -9.990e-29     1.0758 1.8342e+01  1021.2840    21.0218    21.2762     8.0816    247.291    7.44110  227.69385    108.607 -9.990e-29
   40.44888  -73.71354      1.791      1.777    21.0222    30.7764 -9.990e-29     1.0758 2.8355e+01  1021.2839    21.0218    21.2762     8.0809    247.271    7.44117  227.69575    108.597 -9.990e-29
   40.44888  -73.71354      1.802      1.788    21.0223    30.7764 -9.990e-29     1.0758 3.3329e+01  1021.2840    21.0220    21.2762     8.0846    247.385    7.44122  227.69738    108.646 -9.990e-29
   40.44888  -73.71354      1.791      1.777    21.0223    30.7765 -9.990e-29     1.0758 3.0701e+01  1021.2841    21.0219    21.2763     8.0843    247.374    7.44123  227.69751    108.641 -9.990e-29
   40.44888  -73.71354      1.791      1.777    21.0222    30.7765 -9.990e-29     1.0758 1.8847e+01  1021.2841    21.0218    21.2764     8.0795    247.228    7.44127  227.69868    108.577 -9.990e-29
   40.44888  -73.71354      1.800      1.787    21.0223    30.7765 -9.990e-29     1.0758 1.5046e+01  1021.2842    21.0220    21.2764     8.0788    247.206    7.44128  227.69888    108.567 -9.990e-29
   40.44888  -73.71354      1.800      1.787    21.0221    30.7763 -9.990e-29     1.0758 1.4863e+01  1021.2843    21.0217    21.2762     8.0781    247.184    7.44131  227.69993    108.557 -9.990e-29
   40.44888  -73.71354      1.811      1.797    21.0225    30.7754 -9.990e-29     1.0758 1.4501e+01  1021.2836    21.0222    21.2755     8.0773    247.161    7.44133  227.70054    108.547 -9.990e-29
   40.44888  -73.71354      1.800      1.787    21.0223    30.7747 -9.990e-29     1.0758 1.4279e+01  1021.2817    21.0220    21.2749     8.0765    247.137    7.44131  227.69984    108.537 -9.990e-29
   40.44888  -73.71354      1.811      1.797    21.0222    30.7750 -9.990e-29     1.0758 1.4279e+01  1021.2830    21.0218    21.2752     8.0758    247.115    7.44133  227.70042    108.526 -9.990e-29
   40.44888  -73.71354      1.811      1.797    21.0224    30.7760 -9.990e-29     1.0758 1.5468e+01  1021.2840    21.0221    21.2759     8.0751    247.092    7.44134  227.70071    108.516 -9.990e-29
   40.44888  -73.71354      1.832      1.818    21.0223    30.7764 -9.990e-29     1.0758 1.6342e+01  1021.2842    21.0220    21.2762     8.0787    247.204    7.44135  227.70109    108.565 -9.990e-29
   40.44888  -73.71354      1.832      1.818    21.0223    30.7767 -9.990e-29     1.0758 1.6493e+01  1021.2842    21.0220    21.2764     8.0783    247.192    7.44138  227.70194    108.559 -9.990e-29
   40.44888  -73.71354      1.842      1.827    21.0223    30.7769 -9.990e-29     1.0758 1.7527e+01  1021.2846    21.0220    21.2765     8.0783    247.190    7.44137  227.70170    108.559 -9.990e-29
   40.44888  -73.71354      1.851      1.837    21.0226    30.7771 -9.990e-29     1.0087 1.8565e+01  1021.2848    21.0223    21.2766     8.0783    247.190    7.44140  227.70246    108.558 -9.990e-29
   40.44888  -73.71354      1.881      1.867    21.0227    30.7770 -9.990e-29     0.9012 1.8790e+01  1021.2848    21.0224    21.2766     8.0782    247.187    7.44135  227.70088    108.558 -9.990e-29
   40.44888  -73.71354      1.892      1.878    21.0227    30.7768 -9.990e-29     0.8609 2.0877e+01  1021.2846    21.0224    21.2764     8.0781    247.186    7.44135  227.70103    108.557 -9.990e-29
   40.44888  -73.71354      1.912      1.897    21.0231    30.7766 -9.990e-29     0.8744 2.4022e+01  1021.2843    21.0228    21.2762     8.0781    247.184    7.44136  227.70129    108.556 -9.990e-29
   40.44888  -73.71354      1.923      1.908    21.0231    30.7766 -9.990e-29     0.8744 2.4894e+01  1021.2844    21.0227    21.2762     8.0780    247.183    7.44135  227.70081    108.556 -9.990e-29
   40.44888  -73.71354      1.923      1.908    21.0232    30.7769 -9.990e-29     0.8744 2.2633e+01  1021.2846    21.0229    21.2764     8.0780    247.181    7.44132  227.70006    108.555 -9.990e-29
   40.44888  -73.71354      1.934      1.919    21.0232    30.7773 -9.990e-29     0.8744 1.9019e+01  1021.2851    21.0229    21.2767     8.0779    247.180    7.44132  227.70007    108.555 -9.990e-29
   40.44888  -73.71354      1.963      1.947    21.0231    30.7776 -9.990e-29     0.8744 1.8066e+01  1021.2856    21.0227    21.2769     8.0778    247.177    7.44129  227.69899    108.554 -9.990e-29
   40.44888  -73.71354      1.953      1.938    21.0234    30.7776 -9.990e-29     0.8744 1.6293e+01  1021.2854    21.0231    21.2769     8.0781    247.186    7.44127  227.69830    108.559 -9.990e-29
   40.44888  -73.71354      1.974      1.958    21.0238    30.7775 -9.990e-29     0.8744 1.2302e+01  1021.2852    21.0234    21.2767     8.0785    247.198    7.44128  227.69867    108.564 -9.990e-29
   40.44888  -73.71354      1.983      1.968    21.0240    30.7775 -9.990e-29     0.8744 1.1124e+01  1021.2852    21.0236    21.2766     8.0788    247.207    7.44122  227.69692    108.569 -9.990e-29
   40.44888  -73.71354      1.983      1.968    21.0245    30.7776 -9.990e-29     0.8744 1.2110e+01  1021.2850    21.0241    21.2766     8.0791    247.216    7.44114  227.69436    108.574 -9.990e-29
   40.44888  -73.71354      2.004      1.988    21.0245    30.7778 -9.990e-29     0.8744 1.8176e+01  1021.2855    21.0241    21.2767     8.0795    247.228    7.44113  227.69383    108.579 -9.990e-29
   40.44888  -73.71354      2.004      1.988    21.0248    30.7780 -9.990e-29     0.8744 2.1512e+01  1021.2855    21.0244    21.2768     8.0799    247.239    7.44109  227.69287    108.585 -9.990e-29
   40.44888  -73.71354      2.015      1.999    21.0250    30.7781 -9.990e-29     0.8744 2.1641e+01  1021.2856    21.0247    21.2768     8.0803    247.251    7.44103  227.69100    108.591 -9.990e-29
   40.44888  -73.71354      2.024      2.009    21.0257    30.7781 -9.990e-29     0.8744 2.1319e+01  1021.2855    21.0253    21.2767     8.0807    247.263    7.44100  227.69009    108.596 -9.990e-29
   40.44888  -73.71354      2.024      2.009    21.0261    30.7779 -9.990e-29     0.8744 2.1256e+01  1021.2852    21.0257    21.2764     8.0811    247.278    7.44102  227.69095    108.603 -9.990e-29
   40.44888  -73.71354      2.024      2.009    21.0263    30.7777 -9.990e-29     0.8744 2.1129e+01  1021.2849    21.0259    21.2762     8.0772    247.158    7.44098  227.68990    108.550 -9.990e-29
   40.44888  -73.71354      2.034      2.018    21.0269    30.7777 -9.990e-29     0.8744 1.5948e+01  1021.2848    21.0266    21.2759     8.0770    247.151    7.44098  227.68968    108.547 -9.990e-29
   40.44888  -73.71354      2.034      2.018    21.0273    30.7775 -9.990e-29     0.8744 1.3257e+01  1021.2846    21.0269    21.2757     8.0771    247.154    7.44095  227.68884    108.549 -9.990e-29
   40.44888  -73.71354      2.044      2.028    21.0276    30.7772 -9.990e-29     0.8878 1.2891e+01  1021.2841    21.0273    21.2754     8.0817    247.294    7.44093  227.68823    108.611 -9.990e-29
   40.44888  -73.71354      2.034      2.018    21.0277    30.7769 -9.990e-29     0.8744 1.4412e+01  1021.2842    21.0273    21.2752     8.0822    247.311    7.44091  227.68753    108.618 -9.990e-29
   40.44888  -73.71354      2.045      2.029    21.0282    30.7766 -9.990e-29     0.8744 1.5658e+01  1021.2835    21.0278    21.2749     8.0784    247.194    7.44091  227.68765    108.567 -9.990e-29
   40.44888  -73.71354      2.034      2.018    21.0283    30.7763 -9.990e-29     0.8744 1.5899e+01  1021.2833    21.0280    21.2746     8.0826    247.324    7.44089  227.68726    108.624 -9.990e-29
   40.44888  -73.71354      2.044      2.028    21.0280    30.7763 -9.990e-29     0.8878 1.7849e+01  1021.2836    21.0276    21.2746     8.0829    247.332    7.44091  227.68790    108.628 -9.990e-29
   40.44888  -73.71354      2.044      2.028    21.0283    30.7763 -9.990e-29     1.0221 2.0443e+01  1021.2833    21.0280    21.2746     8.0787    247.204    7.44089  227.68707    108.572 -9.990e-29
   40.44888  -73.71354      2.034      2.018    21.0282    30.7761 -9.990e-29     1.0758 2.1129e+01  1021.2834    21.0278    21.2744     8.0790    247.212    7.44090  227.68749    108.575 -9.990e-29
   40.44888  -73.71354      2.034      2.018    21.0285    30.7756 -9.990e-29     1.0893 2.0018e+01  1021.2828    21.0282    21.2740     8.0789    247.210    7.44090  227.68749    108.574 -9.990e-29
   40.44888  -73.71354      2.034      2.018    21.0282    30.7752 -9.990e-29     1.0758 1.8342e+01  1021.2824    21.0278    21.2736     8.0788    247.208    7.44090  227.68739    108.573 -9.990e-29
   40.44888  -73.71354      2.044      2.028    21.0282    30.7748 -9.990e-29     1.0758 1.7903e+01  1021.2821    21.0278    21.2734     8.0788    247.205    7.44089  227.68701    108.572 -9.990e-29
   40.44888  -73.71354      2.024      2.009    21.0280    30.7746 -9.990e-29     1.0758 1.7421e+01  1021.2820    21.0276    21.2733     8.0787    247.204    7.44088  227.68668    108.572 -9.990e-29
   40.44888  -73.71354      2.024      2.009    21.0277    30.7746 -9.990e-29     1.0758 1.6293e+01  1021.2822    21.0273    21.2734     8.0786    247.202    7.44084  227.68548    108.572 -9.990e-29
   40.44888  -73.71354      2.013      1.998    21.0273    30.7746 -9.990e-29     1.0758 1.5948e+01  1021.2823    21.0269    21.2736     8.0782    247.189    7.44079  227.68408    108.567 -9.990e-29
   40.44888  -73.71354      2.013      1.998    21.0267    30.7746 -9.990e-29     1.0758 1.5186e+01  1021.2825    21.0264    21.2737     8.0778    247.177    7.44081  227.68460    108.561 -9.990e-29
   40.44888  -73.71354      2.013      1.998    21.0266    30.7746 -9.990e-29     1.0758 1.2731e+01  1021.2822    21.0263    21.2737     8.0774    247.164    7.44075  227.68273    108.556 -9.990e-29
   40.44888  -73.71354      1.993      1.977    21.0261    30.7747 -9.990e-29     1.0758 1.1847e+01  1021.2825    21.0257    21.2739     8.0770    247.150    7.44071  227.68147    108.551 -9.990e-29
   40.44888  -73.71354      2.004      1.988    21.0255    30.7750 -9.990e-29     1.0758 1.2187e+01  1021.2830    21.0251    21.2743     8.0765    247.138    7.44067  227.68037    108.546 -9.990e-29
   40.44888  -73.71354      1.994      1.979    21.0254    30.7752 -9.990e-29     1.0758 1.5000e+01  1021.2832    21.0250    21.2745     8.0765    247.137    7.44066  227.68021    108.546 -9.990e-29
