CalculateIndicators/WaterTemperature/Data/CTD_NYOS/20240709_C10.cnv
* Sea-Bird SBE 9 Data File:
* FileName = C:\Seabird 9 CTD\Data\2024\202407_offshore\20240709_C10.hex
* Software Version Seasave V 7.23.2
* Temperature SN = 4590
* Conductivity SN = 3228
* Number of Bytes Per Scan = 44
* Number of Voltage Words = 5
* Number of Scans Averaged by the Deck Unit = 1
* NMEA Latitude = 39 06.89 N
* NMEA Longitude = 072 25.68 W
* NMEA UTC (Time) = Jul 09 2024  10:25:21
* NMEA baud rate = 4800
** Ship: seawolf
** Station: 8.7
** Operator: TCM
# nquan = 18
# nvalues = 20770                       
# units = specified
# name 0 = latitude: Latitude [deg]
# name 1 = longitude: Longitude [deg]
# name 2 = prDM: Pressure, Digiquartz [db]
# name 3 = depSM: Depth [salt water, m]
# name 4 = t090C: Temperature [ITS-90, deg C]
# name 5 = sal00: Salinity, Practical [PSU]
# name 6 = ph: pH
# name 7 = flECO-AFL: Fluorescence, WET Labs ECO-AFL/FL [mg/m^3]
# name 8 = cpar: CPAR/Corrected Irradiance [%]
# name 9 = density00: Density [density, kg/m^3]
# name 10 = potemp090C: Potential Temperature [ITS-90, deg C]
# name 11 = sigma-é00: Density [sigma-theta, kg/m^3]
# name 12 = sbeox0Mg/L: Oxygen, SBE 43 [mg/l]
# name 13 = sbox0Mm/Kg: Oxygen, SBE 43 [umol/kg]
# name 14 = oxsolMg/L: Oxygen Saturation, Garcia & Gordon [mg/l]
# name 15 = oxsolMm/Kg: Oxygen Saturation, Garcia & Gordon [umol/kg]
# name 16 = sbeox0PS: Oxygen, SBE 43 [% saturation]
# name 17 = flag:  0.000e+00
# span 0 =   39.11480,   39.11494       
# span 1 =  -72.43058,  -72.42808       
# span 2 =      2.176,    102.106       
# span 3 =      2.160,    101.307       
# span 4 =    13.2998,    26.5860       
# span 5 =    34.4236,    36.3109       
# span 6 =      8.011,      8.232       
# span 7 =    -0.0927,     1.5325       
# span 8 = 9.7777e-03, 3.8468e+01       
# span 9 =  1022.4915,  1027.3252       
# span 10 =    13.2855,    26.5821      
# span 11 =    22.4806,    26.8721      
# span 12 =     4.5377,     7.3835      
# span 13 =    138.109,    225.019      
# span 14 =    6.56782,    8.38447      
# span 15 =  200.56202,  255.17140      
# span 16 =     54.893,    103.438      
# span 17 = 0.0000e+00, 0.0000e+00      
# interval = seconds: 0.0416667
# start_time = Jul 09 2024 10:25:23 [System UTC, first data scan.]
# bad_flag = -9.990e-29
*END*
[from data line 3940]
   39.11490  -72.42862     75.214     74.630    14.9481    35.8328      8.157    -0.0255 1.2862e-01  1026.9590    14.9367    26.6283     4.9474    150.598    8.10659  246.76531     61.029 -9.990e-29
   39.11490  -72.42862     75.236     74.652    14.9481    35.8326      8.157    -0.0255 1.2770e-01  1026.9590    14.9367    26.6281     4.9474    150.598    8.10692  246.77561     61.026 -9.990e-29
   39.11490  -72.42862     75.234     74.650    14.9481    35.8322      8.152    -0.0255 1.2724e-01  1026.9586    14.9367    26.6279     4.9479    150.615    8.10726  246.78605     61.031 -9.990e-29
   39.11490  -72.42862     75.245     74.661    14.9481    35.8320      8.157    -0.0255 1.2789e-01  1026.9586    14.9367    26.6277     4.9480    150.618    8.10768  246.79911     61.029 0.0000e+00
   39.11490  -72.42862     75.265     74.681    14.9479    35.8318      8.157    -0.0389 1.2789e-01  1026.9584    14.9365    26.6275     4.9481    150.620    8.10808  246.81146     61.026 0.0000e+00
   39.11490  -72.42862     75.276     74.692    14.9478    35.8317      8.152    -0.0255 1.2743e-01  1026.9584    14.9364    26.6275     4.9481    150.622    8.10848  246.82364     61.024 0.0000e+00
   39.11490  -72.42862     75.287     74.703    14.9473    35.8317      8.152    -0.0255 1.2743e-01  1026.9589    14.9359    26.6276     4.9531    150.774    8.10879  246.83280     61.083 0.0000e+00
   39.11490  -72.42862     75.297     74.712    14.9473    35.8315      8.152    -0.0255 1.2743e-01  1026.9586    14.9358    26.6275     4.9487    150.638    8.10908  246.84138     61.026 0.0000e+00
   39.11490  -72.42862     75.306     74.722    14.9472    35.8313      8.152    -0.0255 1.2632e-01  1026.9583    14.9358    26.6273     4.9486    150.637    8.10933  246.84882     61.024 -9.990e-29
   39.11490  -72.42862     75.306     74.722    14.9468    35.8312      8.157    -0.0255 1.2743e-01  1026.9585    14.9353    26.6273     4.9487    150.638    8.10971  246.86062     61.021 -9.990e-29
   39.11490  -72.42862     75.327     74.742    14.9466    35.8312      8.152    -0.0255 1.2975e-01  1026.9583    14.9352    26.6273     4.9486    150.637    8.10998  246.86856     61.019 -9.990e-29
   39.11490  -72.42862     75.329     74.744    14.9461    35.8312      8.152    -0.0255 1.3002e-01  1026.9586    14.9347    26.6275     4.9486    150.635    8.11021  246.87532     61.017 -9.990e-29
   39.11490  -72.42862     75.327     74.742    14.9456    35.8312      8.152    -0.0255 1.3116e-01  1026.9593    14.9342    26.6277     4.9485    150.633    8.11043  246.88185     61.014 -9.990e-29
   39.11490  -72.42862     75.337     74.752    14.9458    35.8312      8.152    -0.0255 1.3163e-01  1026.9588    14.9344    26.6277     4.9484    150.630    8.11062  246.88732     61.012 0.0000e+00
   39.11490  -72.42862     75.348     74.763    14.9456    35.8311      8.152    -0.0255 1.3069e-01  1026.9589    14.9342    26.6275     4.9483    150.627    8.11077  246.89175     61.009 0.0000e+00
   39.11490  -72.42864     75.367     74.782    14.9454    35.8308      8.152    -0.0389 1.3069e-01  1026.9587    14.9340    26.6274     4.9482    150.624    8.11094  246.89642     61.007 -9.990e-29
   39.11490  -72.42864     75.359     74.774    14.9452    35.8305      8.157    -0.0255 1.2770e-01  1026.9587    14.9338    26.6272     4.9481    150.620    8.11104  246.89946     61.004 -9.990e-29
   39.11490  -72.42864     75.378     74.793    14.9452    35.8299      8.152    -0.0389 1.2605e-01  1026.9582    14.9338    26.6267     4.9485    150.633    8.11115  246.90238     61.009 -9.990e-29
   39.11490  -72.42864     75.367     74.782    14.9448    35.8292      8.152    -0.0255 1.2514e-01  1026.9574    14.9334    26.6263     4.9484    150.628    8.11121  246.90409     61.007 -9.990e-29
   39.11490  -72.42864     75.399     74.814    14.9441    35.8291      8.152    -0.0255 1.2560e-01  1026.9574    14.9326    26.6261     4.9482    150.621    8.11117  246.90229     61.004 -9.990e-29
   39.11490  -72.42864     75.388     74.803    14.9435    35.8291      8.152    -0.0255 1.2697e-01  1026.9576    14.9321    26.6262     4.9480    150.616    8.11118  246.90236     61.002 -9.990e-29
   39.11490  -72.42864     75.409     74.823    14.9432    35.8291      8.152    -0.0255 1.2697e-01  1026.9581    14.9318    26.6265     4.9431    150.467    8.11156  246.91528     60.939 -9.990e-29
   39.11490  -72.42864     75.410     74.825    14.9425    35.8294      8.152    -0.0255 1.2697e-01  1026.9586    14.9311    26.6269     4.9478    150.612    8.11227  246.93909     60.992 -9.990e-29
   39.11490  -72.42864     75.430     74.844    14.9422    35.8294      8.152    -0.0255 1.2651e-01  1026.9587    14.9308    26.6271     4.9481    150.621    8.11296  246.96129     60.990 -9.990e-29
   39.11490  -72.42864     75.430     74.844    14.9420    35.8294      8.152    -0.0255 1.2605e-01  1026.9594    14.9306    26.6272     4.9483    150.627    8.11350  246.97791     60.988 -9.990e-29
   39.11490  -72.42864     75.439     74.854    14.9424    35.8289      8.152    -0.0255 1.2651e-01  1026.9589    14.9309    26.6266     4.9484    150.630    8.11390  246.98929     60.986 0.0000e+00
   39.11490  -72.42864     75.460     74.874    14.9425    35.8273      8.152    -0.0255 1.2789e-01  1026.9567    14.9311    26.6253     4.9484    150.630    8.11420  246.99754     60.984 -9.990e-29
   39.11490  -72.42864     75.461     74.876    14.9419    35.8259      8.152    -0.0255 1.2882e-01  1026.9557    14.9304    26.6244     4.9484    150.628    8.11437  247.00182     60.983 -9.990e-29
   39.11490  -72.42864     75.471     74.885    14.9411    35.8255      8.152    -0.0121 1.2770e-01  1026.9562    14.9296    26.6242     4.9483    150.627    8.11455  247.00652     60.981 0.0000e+00
   39.11490  -72.42864     75.481     74.895    14.9403    35.8250      8.152    -0.0121 1.2789e-01  1026.9563    14.9289    26.6240     4.9488    150.641    8.11468  247.01000     60.986 0.0000e+00
   39.11490  -72.42864     75.502     74.915    14.9395    35.8239      8.152    -0.0121 1.2632e-01  1026.9552    14.9280    26.6234     4.9487    150.638    8.11477  247.01219     60.984 0.0000e+00
   39.11490  -72.42864     75.511     74.925    14.9384    35.8231      8.152    -0.0121 1.2743e-01  1026.9546    14.9270    26.6228     4.9492    150.652    8.11481  247.01322     60.989 0.0000e+00
   39.11490  -72.42864     75.522     74.936    14.9375    35.8231      8.152    -0.0121 1.2789e-01  1026.9546    14.9260    26.6228     4.9492    150.652    8.11500  247.01917     60.988 0.0000e+00
   39.11490  -72.42864     75.533     74.947    14.9359    35.8231      8.152    -0.0121 1.2882e-01  1026.9553    14.9245    26.6235     4.9493    150.655    8.11532  247.02963     60.987 0.0000e+00
   39.11490  -72.42864     75.553     74.966    14.9346    35.8243      8.152    -0.0255 1.2770e-01  1026.9568    14.9231    26.6247     4.9493    150.657    8.11555  247.03695     60.985 0.0000e+00
   39.11490  -72.42864     75.574     74.987    14.9337    35.8259      8.152    -0.0255 1.2770e-01  1026.9583    14.9222    26.6262     4.9493    150.656    8.11574  247.04225     60.984 0.0000e+00
   39.11490  -72.42864     75.593     75.006    14.9327    35.8278      8.152    -0.0121 1.2770e-01  1026.9602    14.9213    26.6278     4.9496    150.667    8.11642  247.06484     60.983 0.0000e+00
   39.11490  -72.42864     75.604     75.017    14.9330    35.8288      8.152    -0.0121 1.2724e-01  1026.9622    14.9215    26.6291     4.9506    150.698    8.11728  247.09340     60.988 0.0000e+00
   39.11490  -72.42864     75.625     75.038    14.9341    35.8288      8.152    -0.0121 1.2632e-01  1026.9626    14.9226    26.6293     4.9516    150.729    8.11814  247.12050     60.994 0.0000e+00
   39.11490  -72.42864     75.636     75.049    14.9349    35.8288      8.152    -0.0255 1.2632e-01  1026.9609    14.9234    26.6282     4.9527    150.762    8.11909  247.15017     61.000 0.0000e+00
   39.11490  -72.42864     75.665     75.077    14.9349    35.8267      8.152    -0.0255 1.2632e-01  1026.9595    14.9235    26.6265     4.9534    150.786    8.12034  247.19003     61.000 -9.990e-29
   39.11490  -72.42864     75.665     75.077    14.9347    35.8236      8.152    -0.0255 1.2586e-01  1026.9576    14.9233    26.6242     4.9542    150.809    8.12162  247.22988     61.000 -9.990e-29
   39.11490  -72.42864     75.697     75.109    14.9339    35.8194      8.152    -0.0255 1.2496e-01  1026.9540    14.9224    26.6212     4.9548    150.828    8.12267  247.26144     60.999 0.0000e+00
   39.11490  -72.42864     75.716     75.128    14.9330    35.8161      8.152    -0.0255 1.2450e-01  1026.9501    14.9215    26.6185     4.9503    150.691    8.12355  247.28710     60.938 0.0000e+00
   39.11490  -72.42864     75.737     75.149    14.9312    35.8161      8.152    -0.0255 1.2496e-01  1026.9496    14.9197    26.6181     4.9554    150.845    8.12454  247.31647     60.993 0.0000e+00
   39.11490  -72.42864     75.759     75.171    14.9293    35.8161      8.152    -0.0121 1.2496e-01  1026.9531    14.9178    26.6196     4.9565    150.878    8.12542  247.34303     60.999 0.0000e+00
   39.11490  -72.42864     75.778     75.190    14.9276    35.8161      8.152    -0.0121 1.2541e-01  1026.9549    14.9161    26.6209     4.9525    150.757    8.12615  247.36427     60.945 0.0000e+00
   39.11490  -72.42864     75.809     75.220    14.9259    35.8161      8.152    -0.0255 1.2541e-01  1026.9549    14.9144    26.6211     4.9574    150.905    8.12679  247.38269     61.001 0.0000e+00
   39.11490  -72.42864     75.830     75.241    14.9240    35.8159      8.152    -0.0121 1.2586e-01  1026.9541    14.9125    26.6206     4.9584    150.934    8.12739  247.39990     61.008 0.0000e+00
   39.11490  -72.42864     75.850     75.261    14.9225    35.8145      8.152    -0.0121 1.2632e-01  1026.9532    14.9110    26.6199     4.9587    150.945    8.12786  247.41359     61.009 0.0000e+00
   39.11490  -72.42864     75.881     75.292    14.9206    35.8131      8.152    -0.0255 1.2632e-01  1026.9531    14.9091    26.6192     4.9591    150.955    8.12829  247.42588     61.010 0.0000e+00
   39.11490  -72.42864     75.911     75.322    14.9186    35.8117      8.152    -0.0255 1.2586e-01  1026.9522    14.9071    26.6186     4.9594    150.965    8.12874  247.43930     61.011 0.0000e+00
   39.11490  -72.42864     75.932     75.342    14.9165    35.8105      8.152    -0.0255 1.2586e-01  1026.9518    14.9050    26.6181     4.9598    150.977    8.12925  247.45468     61.012 0.0000e+00
   39.11490  -72.42864     75.964     75.374    14.9143    35.8105      8.152    -0.0255 1.2586e-01  1026.9517    14.9028    26.6181     4.9602    150.989    8.12979  247.47159     61.013 0.0000e+00
   39.11490  -72.42864     75.994     75.404    14.9123    35.8105      8.152    -0.0255 1.2496e-01  1026.9526    14.9008    26.6187     4.9556    150.850    8.13035  247.48911     60.952 0.0000e+00
   39.11490  -72.42864     76.025     75.435    14.9100    35.8106      8.152    -0.0255 1.2450e-01  1026.9543    14.8985    26.6196     4.9561    150.866    8.13098  247.50863     60.954 0.0000e+00
   39.11490  -72.42864     76.046     75.455    14.9086    35.8107      8.152    -0.0255 1.2405e-01  1026.9545    14.8971    26.6201     4.9561    150.866    8.13161  247.52817     60.949 0.0000e+00
   39.11490  -72.42864     76.076     75.485    14.9064    35.8107      8.152    -0.0255 1.2315e-01  1026.9547    14.8948    26.6204     4.9562    150.869    8.13238  247.55213     60.944 0.0000e+00
   39.11490  -72.42864     76.118     75.527    14.9045    35.8109      8.152    -0.0255 1.2226e-01  1026.9557    14.8930    26.6210     4.9564    150.873    8.13316  247.57622     60.940 0.0000e+00
   39.11490  -72.42864     76.137     75.546    14.9030    35.8116      8.152    -0.0255 1.2226e-01  1026.9565    14.8915    26.6219     4.9565    150.876    8.13389  247.59827     60.936 0.0000e+00
   39.11490  -72.42864     76.169     75.577    14.9012    35.8126      8.152    -0.0255 1.2137e-01  1026.9581    14.8896    26.6231     4.9565    150.879    8.13451  247.61662     60.932 0.0000e+00
   39.11490  -72.42864     76.199     75.608    14.8996    35.8135      8.152    -0.0255 1.2093e-01  1026.9595    14.8881    26.6241     4.9566    150.880    8.13507  247.63270     60.929 0.0000e+00
   39.11490  -72.42864     76.221     75.630    14.8986    35.8143      8.152    -0.0255 1.1989e-01  1026.9600    14.8871    26.6250     4.9567    150.882    8.13565  247.65004     60.926 0.0000e+00
   39.11490  -72.42864     76.260     75.668    14.8972    35.8152      8.152    -0.0255 1.1858e-01  1026.9614    14.8857    26.6259     4.9567    150.884    8.13613  247.66457     60.923 0.0000e+00
   39.11490  -72.42864     76.292     75.700    14.8963    35.8161      8.152    -0.0255 1.1989e-01  1026.9623    14.8848    26.6268     4.9619    151.039    8.13670  247.68176     60.981 0.0000e+00
   39.11490  -72.42864     76.332     75.739    14.8953    35.8172      8.152    -0.0255 1.1989e-01  1026.9636    14.8838    26.6279     4.9575    150.907    8.13725  247.69843     60.924 0.0000e+00
   39.11490  -72.42864     76.353     75.760    14.8945    35.8184      8.152    -0.0255 1.2032e-01  1026.9649    14.8829    26.6291     4.9626    151.061    8.13767  247.71077     60.983 0.0000e+00
   39.11490  -72.42864     76.383     75.790    14.8941    35.8184      8.152    -0.0255 1.2032e-01  1026.9667    14.8826    26.6302     4.9632    151.079    8.13812  247.72413     60.987 0.0000e+00
   39.11490  -72.42864     76.425     75.831    14.8936    35.8184      8.152    -0.0255 1.2076e-01  1026.9681    14.8821    26.6293     4.9588    150.946    8.13857  247.73748     60.930 0.0000e+00
   39.11490  -72.42864     76.455     75.862    14.8936    35.8126      8.152    -0.0255 1.2076e-01  1026.9624    14.8821    26.6248     4.9539    150.797    8.13905  247.75214     60.866 0.0000e+00
   39.11490  -72.42864     76.486     75.892    14.8930    35.8043      8.152    -0.0255 1.2032e-01  1026.9534    14.8814    26.6187     4.9579    150.917    8.13936  247.76100     60.912 0.0000e+00
   39.11490  -72.42864     76.518     75.923    14.8908    35.7981      8.147    -0.0255 1.1989e-01  1026.9488    14.8792    26.6144     4.9579    150.918    8.13970  247.77082     60.911 0.0000e+00
   39.11490  -72.42864     76.548     75.954    14.8877    35.7981      8.152    -0.0255 1.1989e-01  1026.9488    14.8762    26.6135     4.9580    150.920    8.13998  247.77928     60.909 0.0000e+00
   39.11490  -72.42864     76.588     75.993    14.8846    35.7981      8.152    -0.0255 1.2022e-01  1026.9513    14.8730    26.6153     4.9580    150.922    8.14023  247.78653     60.908 0.0000e+00
   39.11490  -72.42864     76.620     76.025    14.8814    35.8011      8.152    -0.0255 1.2761e-01  1026.9554    14.8699    26.6185     4.9581    150.924    8.14048  247.79379     60.907 0.0000e+00
   39.11490  -72.42864     76.660     76.065    14.8790    35.8050      8.152    -0.0255 1.3792e-01  1026.9596    14.8674    26.6222     4.9582    150.926    8.14068  247.79949     60.906 0.0000e+00
   39.11490  -72.42864     76.692     76.097    14.8767    35.8086      8.152    -0.0255 1.4736e-01  1026.9631    14.8651    26.6253     4.9583    150.928    8.14086  247.80465     60.906 0.0000e+00
   39.11490  -72.42864     76.723     76.127    14.8751    35.8112      8.152    -0.0121 1.5688e-01  1026.9656    14.8635    26.6278     4.9583    150.930    8.14099  247.80856     60.906 0.0000e+00
   39.11490  -72.42864     76.753     76.157    14.8740    35.8125      8.152    -0.0255 1.6053e-01  1026.9673    14.8624    26.6295     4.9584    150.933    8.14111  247.81204     60.906 0.0000e+00
   39.11490  -72.42864     76.784     76.187    14.8732    35.8125      8.152    -0.0121 1.6136e-01  1026.9689    14.8616    26.6302     4.9635    151.088    8.14123  247.81540     60.968 0.0000e+00
