CalculateIndicators/WaterTemperature/Data/CTD_NYOS/20240708_C04.cnv
* Sea-Bird SBE 9 Data File:
* FileName = C:\Seabird 9 CTD\Data\2024\202407_offshore\20240708_C04.hex
* Software Version Seasave V 7.23.2
* Temperature SN = 4590
* Conductivity SN = 3228
* Number of Bytes Per Scan = 44
* Number of Voltage Words = 5
* Number of Scans Averaged by the Deck Unit = 1
* NMEA Latitude = 40 33.13 N
* NMEA Longitude = 073 24.24 W
* NMEA UTC (Time) = Jul 08 2024  19:01:33
* NMEA baud rate = 4800
** Ship: seawolf
** Station: 8.1
** Operator: tcm
# nquan = 18
# nvalues = 7907                        
# units = specified
# name 0 = latitude: Latitude [deg]
# name 1 = longitude: Longitude [deg]
# name 2 = prDM: Pressure, Digiquartz [db]
# name 3 = depSM: Depth [salt water, m]
# name 4 = t090C: Temperature [ITS-90, deg C]
# name 5 = sal00: Salinity, Practical [PSU]
# name 6 = ph: pH
# name 7 = flECO-AFL: Fluorescence, WET Labs ECO-AFL/FL [mg/m^3]
# name 8 = cpar: CPAR/Corrected Irradiance [%]
# name 9 = density00: Density [density, kg/m^3]
# name 10 = potemp090C: Potential Temperature [ITS-90, deg C]
# name 11 = sigma-é00: Density [sigma-theta, kg/m^3]
# name 12 = sbeox0Mg/L: Oxygen, SBE 43 [mg/l]
# name 13 = sbox0Mm/Kg: Oxygen, SBE 43 [umol/kg]
# name 14 = oxsolMg/L: Oxygen Saturation, Garcia & Gordon [mg/l]
# name 15 = oxsolMm/Kg: Oxygen Saturation, Garcia & Gordon [umol/kg]
# name 16 = sbeox0PS: Oxygen, SBE 43 [% saturation]
# name 17 = flag:  0.000e+00
# span 0 =   40.55218,   40.55288       
# span 1 =  -73.40408,  -73.40358       
# span 2 =      1.755,     18.437       
# span 3 =      1.742,     18.294       
# span 4 =    13.0867,    23.3921       
# span 5 =    29.6498,    30.9567       
# span 6 =      7.722,      8.021       
# span 7 =     0.8475,     2.9427       
# span 8 = 3.2270e-02, 1.3086e+02       
# span 9 =  1019.8332,  1023.2441       
# span 10 =    13.0843,    23.3916      
# span 11 =    19.9204,    23.1569      
# span 12 =     6.1922,     9.0637      
# span 13 =    189.159,    277.465      
# span 14 =    7.15852,    8.68246      
# span 15 =  219.28615,  265.20569      
# span 16 =     71.581,    122.928      
# span 17 = 0.0000e+00, 0.0000e+00      
# interval = seconds: 0.0416667
# start_time = Jul 08 2024 19:01:36 [System UTC, first data scan.]
# bad_flag = -9.990e-29
*END*
[from data line 2493]
 -9.990e-29  -73.40396     16.630     16.501    13.7030    30.6590      7.775     1.0490 7.1228e-02  1022.9685    13.7008    22.8953     6.3301    193.398    8.55066  261.24102     74.030 0.0000e+00
 -9.990e-29  -73.40396     16.609     16.480    13.7064    30.6515      7.775     1.0490 7.1861e-02  1022.9601    13.7041    22.8890     6.3296    193.381    8.54953  261.20659     74.034 0.0000e+00
 -9.990e-29  -73.40396     16.600     16.471    13.7052    30.6484      7.775     1.0490 7.2073e-02  1022.9595    13.7030    22.8865     6.3286    193.353    8.54827  261.16905     74.034 0.0000e+00
 -9.990e-29  -73.40396     16.579     16.450    13.7040    30.6479      7.775     1.0490 7.2073e-02  1022.9605    13.7018    22.8863     6.3327    193.480    8.54722  261.13835     74.091 0.0000e+00
 -9.990e-29  -73.40396     16.569     16.441    13.7030    30.6476      7.775     1.0490 7.2499e-02  1022.9605    13.7008    22.8863     6.3320    193.460    8.54639  261.11415     74.090 0.0000e+00
 -9.990e-29  -73.40396     16.549     16.420    13.7020    30.6468      7.775     1.0490 7.2712e-02  1022.9595    13.6997    22.8860     6.3311    193.430    8.54562  261.09124     74.085 0.0000e+00
 -9.990e-29  -73.40396     16.528     16.400    13.6990    30.6463      7.775     1.0490 7.2712e-02  1022.9595    13.6967    22.8862     6.3356    193.569    8.54487  261.06883     74.145 0.0000e+00
   40.55240  -73.40396     16.518     16.390    13.6944    30.6463      7.775     1.0490 7.3790e-02  1022.9606    13.6922    22.8869     6.3352    193.560    8.54427  261.05158     74.146 0.0000e+00
   40.55240  -73.40396     16.498     16.370    13.6899    30.6463      7.775     1.0490 7.4008e-02  1022.9612    13.6876    22.8878     6.3348    193.547    8.54399  261.04343     74.144 0.0000e+00
   40.55240  -73.40396     16.488     16.360    13.6856    30.6468      7.775     1.0490 7.4226e-02  1022.9624    13.6834    22.8892     6.3400    193.707    8.54389  261.04103     74.206 0.0000e+00
   40.55240  -73.40396     16.458     16.330    13.6809    30.6482      7.775     1.0490 7.4444e-02  1022.9642    13.6787    22.8912     6.3352    193.558    8.54394  261.04243     74.148 -9.990e-29
   40.55240  -73.40396     16.458     16.330    13.6757    30.6505      7.775     1.0490 7.4664e-02  1022.9668    13.6735    22.8940     6.3450    193.857    8.54383  261.03925     74.264 -9.990e-29
   40.55240  -73.40396     16.428     16.300    13.6696    30.6549      7.775     1.0490 7.4884e-02  1022.9702    13.6674    22.8985     6.3450    193.860    8.54363  261.03308     74.266 0.0000e+00
   40.55240  -73.40396     16.417     16.289    13.6651    30.6629      7.770     1.0490 7.5325e-02  1022.9774    13.6628    22.9054     6.3448    193.853    8.54355  261.03074     74.264 0.0000e+00
   40.55240  -73.40396     16.396     16.269    13.6627    30.6733      7.775     1.0490 7.5992e-02  1022.9882    13.6605    22.9138     6.3449    193.855    8.54350  261.02966     74.266 0.0000e+00
   40.55240  -73.40396     16.377     16.250    13.6642    30.6832      7.775     1.0490 7.5992e-02  1022.9950    13.6620    22.9211     6.3452    193.865    8.54344  261.02775     74.270 0.0000e+00
   40.55240  -73.40396     16.366     16.239    13.6710    30.6921      7.775     1.0490 7.6440e-02  1022.9998    13.6687    22.9270     6.3505    194.026    8.54342  261.02698     74.332 0.0000e+00
   40.55240  -73.40396     16.335     16.209    13.6772    30.6980      7.775     1.0490 7.6665e-02  1023.0067    13.6750    22.9314     6.3508    194.035    8.54342  261.02658     74.335 -9.990e-29
   40.55240  -73.40396     16.335     16.209    13.6848    30.6980      7.770     0.9952 7.6665e-02  1023.0083    13.6826    22.9319     6.3507    194.031    8.54335  261.02297     74.335 -9.990e-29
   40.55240  -73.40396     16.305     16.179    13.6954    30.6980      7.775     0.9818 7.7117e-02  1023.0014    13.6932    22.9265     6.3501    194.012    8.54307  261.01345     74.330 0.0000e+00
   40.55240  -73.40396     16.296     16.169    13.7079    30.6888      7.775     0.9818 7.7571e-02  1022.9902    13.7057    22.9171     6.3553    194.171    8.54242  260.99342     74.397 0.0000e+00
   40.55240  -73.40396     16.265     16.139    13.7209    30.6787      7.775     0.9818 7.7799e-02  1022.9780    13.7187    22.9070     6.3546    194.149    8.54132  260.96062     74.398 -9.990e-29
   40.55240  -73.40396     16.264     16.138    13.7305    30.6708      7.775     0.9818 7.7963e-02  1022.9700    13.7283    22.8989     6.3538    194.128    8.53990  260.91813     74.402 -9.990e-29
   40.55240  -73.40396     16.234     16.108    13.7380    30.6657      7.775     0.9818 7.8193e-02  1022.9647    13.7357    22.8933     6.3529    194.100    8.53862  260.88004     74.402 0.0000e+00
   40.55240  -73.40396     16.214     16.089    13.7453    30.6631      7.770     0.9818 7.8422e-02  1022.9612    13.7430    22.8897     6.3572    194.232    8.53774  260.85411     74.460 0.0000e+00
   40.55240  -73.40396     16.203     16.078    13.7538    30.6631      7.770     0.9818 7.8653e-02  1022.9593    13.7516    22.8874     6.3620    194.380    8.53722  260.83922     74.521 0.0000e+00
   40.55240  -73.40396     16.184     16.059    13.7623    30.6631      7.775     0.9818 7.9116e-02  1022.9577    13.7601    22.8859     6.3620    194.379    8.53686  260.82865     74.524 0.0000e+00
   40.55240  -73.40396     16.163     16.038    13.7709    30.6625      7.775     0.9684 7.9348e-02  1022.9574    13.7687    22.8849     6.3670    194.531    8.53670  260.82354     74.583 0.0000e+00
   40.55240  -73.40396     16.143     16.018    13.7797    30.6625      7.770     0.9818 7.9348e-02  1022.9564    13.7775    22.8830     6.3675    194.547    8.53649  260.81727     74.591 0.0000e+00
   40.55240  -73.40396     16.122     15.997    13.7909    30.6611      7.770     0.9818 7.9815e-02  1022.9518    13.7887    22.8791     6.3676    194.551    8.53625  260.81064     74.595 0.0000e+00
   40.55240  -73.40396     16.113     15.988    13.8034    30.6568      7.769     0.9818 8.0049e-02  1022.9455    13.8012    22.8734     6.3674    194.547    8.53610  260.80679     74.594 0.0000e+00
   40.55240  -73.40396     16.092     15.967    13.8148    30.6514      7.775     0.9818 8.0218e-02  1022.9389    13.8126    22.8671     6.3675    194.549    8.53593  260.80196     74.596 0.0000e+00
   40.55240  -73.40396     16.071     15.947    13.8251    30.6459      7.775     0.9818 8.0690e-02  1022.9315    13.8229    22.8610     6.3667    194.525    8.53589  260.80034     74.588 0.0000e+00
   40.55240  -73.40396     16.052     15.928    13.8309    30.6416      7.769     0.9818 8.1164e-02  1022.9267    13.8287    22.8564     6.3713    194.667    8.53577  260.79730     74.643 0.0000e+00
   40.55240  -73.40396     16.031     15.907    13.8330    30.6391      7.769     0.9818 8.1164e-02  1022.9250    13.8308    22.8539     6.3709    194.653    8.53556  260.79076     74.640 0.0000e+00
   40.55240  -73.40396     16.011     15.887    13.8336    30.6378      7.769     0.9818 8.1881e-02  1022.9236    13.8314    22.8525     6.3758    194.803    8.53525  260.78028     74.700 0.0000e+00
   40.55240  -73.40396     16.001     15.877    13.8347    30.6378      7.775     0.9684 8.2603e-02  1022.9222    13.8326    22.8518     6.3757    194.798    8.53481  260.76692     74.702 0.0000e+00
   40.55240  -73.40396     15.969     15.846    13.8350    30.6378      7.769     0.9818 8.2603e-02  1022.9232    13.8328    22.8523     6.3751    194.780    8.53428  260.75114     74.700 0.0000e+00
   40.55240  -73.40396     15.950     15.827    13.8356    30.6396      7.775     0.9818 8.3576e-02  1022.9243    13.8334    22.8536     6.3852    195.090    8.53386  260.73875     74.822 0.0000e+00
   40.55240  -73.40396     15.941     15.817    13.8363    30.6422      7.769     0.9684 8.4313e-02  1022.9263    13.8341    22.8555     6.3805    194.946    8.53344  260.72633     74.770 0.0000e+00
   40.55240  -73.40396     15.909     15.786    13.8368    30.6449      7.769     0.9818 8.4244e-02  1022.9289    13.8346    22.8574     6.3855    195.101    8.53337  260.72455     74.830 0.0000e+00
   40.55240  -73.40396     15.899     15.776    13.8389    30.6468      7.769     0.9818 8.4986e-02  1022.9298    13.8367    22.8584     6.3910    195.267    8.53358  260.73156     74.892 0.0000e+00
   40.55240  -73.40396     15.869     15.746    13.8426    30.6468      7.769     0.9952 8.5735e-02  1022.9295    13.8404    22.8582     6.3869    195.144    8.53398  260.74448     74.841 0.0000e+00
   40.55240  -73.40396     15.848     15.726    13.8466    30.6468      7.774     1.0221 8.5735e-02  1022.9276    13.8444    22.8570     6.3872    195.153    8.53443  260.75909     74.840 0.0000e+00
   40.55240  -73.40396     15.839     15.716    13.8501    30.6458      7.769     1.0221 8.6491e-02  1022.9258    13.8480    22.8554     6.3923    195.308    8.53477  260.76965     74.897 0.0000e+00
   40.55240  -73.40396     15.808     15.686    13.8534    30.6458      7.769     1.0221 8.7763e-02  1022.9242    13.8512    22.8543     6.3975    195.466    8.53507  260.77803     74.955 0.0000e+00
   40.55240  -73.40396     15.797     15.675    13.8564    30.6458      7.769     1.0221 8.8278e-02  1022.9238    13.8542    22.8540     6.3981    195.486    8.53522  260.78217     74.961 0.0000e+00
   40.55240  -73.40396     15.767     15.645    13.8593    30.6470      7.769     1.0221 8.8536e-02  1022.9247    13.8571    22.8545     6.4034    195.646    8.53513  260.77764     75.024 0.0000e+00
   40.55240  -73.40396     15.758     15.635    13.8628    30.6470      7.769     1.0221 8.9838e-02  1022.9260    13.8607    22.8549     6.4039    195.658    8.53452  260.75558     75.035 0.0000e+00
   40.55240  -73.40396     15.726     15.604    13.8690    30.6470      7.769     1.0221 9.0364e-02  1022.9253    13.8669    22.8539     6.4035    195.645    8.53338  260.71880     75.041 0.0000e+00
   40.55240  -73.40396     15.707     15.585    13.8770    30.6469      7.769     1.0221 9.0628e-02  1022.9217    13.8748    22.8509     6.4025    195.614    8.53197  260.67508     75.041 0.0000e+00
   40.55240  -73.40396     15.686     15.564    13.8846    30.6432      7.769     1.0221 9.2228e-02  1022.9161    13.8824    22.8466     6.4010    195.567    8.53035  260.62554     75.038 0.0000e+00
   40.55240  -73.40396     15.676     15.555    13.8904    30.6396      7.769     1.0221 9.2767e-02  1022.9119    13.8883    22.8427     6.4047    195.683    8.52862  260.57272     75.097 0.0000e+00
   40.55240  -73.40396     15.646     15.525    13.8955    30.6369      7.769     1.0221 9.3038e-02  1022.9091    13.8933    22.8395     6.4034    195.643    8.52678  260.51799     75.098 0.0000e+00
   40.55240  -73.40396     15.626     15.504    13.9004    30.6345      7.769     1.0221 9.4955e-02  1022.9065    13.8983    22.8367     6.4018    195.594    8.52504  260.46669     75.094 0.0000e+00
   40.55240  -73.40396     15.605     15.484    13.9048    30.6318      7.769     1.0221 9.5788e-02  1022.9030    13.9026    22.8338     6.4058    195.719    8.52364  260.42605     75.153 0.0000e+00
   40.55240  -73.40396     15.586     15.465    13.9073    30.6293      7.769     1.0221 9.6068e-02  1022.9003    13.9051    22.8314     6.4051    195.698    8.52254  260.39408     75.155 0.0000e+00
   40.55240  -73.40396     15.565     15.444    13.9083    30.6277      7.769     1.0221 9.7760e-02  1022.8986    13.9062    22.8299     6.4042    195.673    8.52172  260.37067     75.152 0.0000e+00
   40.55240  -73.40396     15.544     15.424    13.9082    30.6270      7.769     1.0221 9.9193e-02  1022.8983    13.9060    22.8293     6.4039    195.666    8.52140  260.36369     75.151 0.0000e+00
   40.55240  -73.40396     15.524     15.403    13.9087    30.6270      7.769     1.0221 9.9193e-02  1022.8983    13.9066    22.8292     6.4083    195.803    8.52162  260.37259     75.201 0.0000e+00
   40.55240  -73.40396     15.513     15.392    13.9097    30.6270      7.769     1.0221 1.0065e-01  1022.8985    13.9075    22.8290     6.4091    195.827    8.52205  260.38661     75.206 0.0000e+00
   40.55240  -73.40396     15.484     15.364    13.9105    30.6263      7.769     1.0221 1.0182e-01  1022.8973    13.9084    22.8283     6.4096    195.842    8.52257  260.40304     75.207 0.0000e+00
   40.55240  -73.40396     15.463     15.343    13.9112    30.6263      7.769     1.0221 1.0182e-01  1022.8961    13.9090    22.8277     6.4150    196.007    8.52319  260.42247     75.265 0.0000e+00
   40.55240  -73.40396     15.443     15.323    13.9114    30.6263      7.769     1.0221 1.0331e-01  1022.8963    13.9093    22.8277     6.4103    195.864    8.52391  260.44429     75.204 0.0000e+00
   40.55240  -73.40396     15.422     15.302    13.9114    30.6268      7.769     1.0221 1.0491e-01  1022.8965    13.9093    22.8285     6.4202    196.167    8.52460  260.46439     75.314 0.0000e+00
   40.55240  -73.40396     15.412     15.293    13.9107    30.6295      7.769     1.0221 1.0513e-01  1022.8983    13.9086    22.8307     6.4209    196.187    8.52507  260.47789     75.318 0.0000e+00
   40.55240  -73.40396     15.392     15.272    13.9093    30.6338      7.769     1.0221 1.0636e-01  1022.9031    13.9072    22.8341     6.4212    196.196    8.52552  260.49093     75.318 0.0000e+00
   40.55240  -73.40396     15.361     15.242    13.9093    30.6379      7.769     1.0624 1.0885e-01  1022.9070    13.9072    22.8371     6.4262    196.348    8.52582  260.49972     75.374 0.0000e+00
   40.55240  -73.40396     15.342     15.223    13.9125    30.6379      7.769     1.0758 1.0917e-01  1022.9076    13.9104    22.8377     6.4209    196.185    8.52601  260.50444     75.310 0.0000e+00
   40.55240  -73.40396     15.330     15.211    13.9193    30.6379      7.769     1.0758 1.1012e-01  1022.9049    13.9172    22.8358     6.4254    196.321    8.52590  260.49947     75.363 0.0000e+00
   40.55240  -73.40396     15.310     15.192    13.9284    30.6364      7.769     1.0758 1.1271e-01  1022.9005    13.9263    22.8325     6.4247    196.299    8.52561  260.48988     75.358 0.0000e+00
   40.55240  -73.40396     15.291     15.173    13.9364    30.6336      7.769     1.0758 1.1336e-01  1022.8972    13.9343    22.8289     6.4288    196.425    8.52527  260.47989     75.409 0.0000e+00
   40.55240  -73.40396     15.280     15.162    13.9424    30.6304      7.769     1.0758 1.1402e-01  1022.8933    13.9403    22.8252     6.4284    196.414    8.52564  260.49398     75.401 0.0000e+00
   40.55240  -73.40396     15.260     15.141    13.9469    30.6273      7.769     1.0758 1.1669e-01  1022.8888    13.9448    22.8219     6.4291    196.437    8.52714  260.54336     75.395 0.0000e+00
   40.55240  -73.40396     15.240     15.122    13.9494    30.6258      7.769     1.0758 1.1781e-01  1022.8870    13.9473    22.8202     6.4356    196.636    8.52907  260.60285     75.454 0.0000e+00
   40.55240  -73.40396     15.220     15.102    13.9497    30.6258      7.769     1.0758 1.1815e-01  1022.8882    13.9476    22.8199     6.4367    196.669    8.53054  260.64482     75.455 0.0000e+00
   40.55240  -73.40396     15.210     15.092    13.9509    30.6252      7.769     1.0758 1.2091e-01  1022.8880    13.9488    22.8192     6.4376    196.696    8.53147  260.67163     75.457 0.0000e+00
   40.55240  -73.40396     15.188     15.070    13.9533    30.6229      7.769     1.0758 1.2232e-01  1022.8849    13.9512    22.8170     6.4429    196.856    8.53180  260.67913     75.517 0.0000e+00
   40.55240  -73.40396     15.180     15.062    13.9555    30.6202      7.769     1.0758 1.2267e-01  1022.8811    13.9534    22.8145     6.4421    196.830    8.53080  260.64727     75.516 0.0000e+00
