CalculateIndicators/WaterTemperature/Data/CTD_NYOS/20240915_C35.cnv
* Sea-Bird SBE 9 Data File:
* FileName = C:\Seabird 9 CTD\Data\2024\202409_offshore\20240915_C35.hex
* Software Version Seasave V 7.23.2
* Temperature SN = 4590
* Conductivity SN = 3228
* Number of Bytes Per Scan = 44
* Number of Voltage Words = 5
* Number of Scans Averaged by the Deck Unit = 1
* NMEA Latitude = 40 41.09 N
* NMEA Longitude = 072 03.64 W
* NMEA UTC (Time) = Sep 15 2024  08:57:12
* NMEA baud rate = 4800
** Ship: Seawolf
** Station: 11.2
** Operator: TCM
# nquan = 18
# nvalues = 11522                       
# units = specified
# name 0 = latitude: Latitude [deg]
# name 1 = longitude: Longitude [deg]
# name 2 = prDM: Pressure, Digiquartz [db]
# name 3 = depSM: Depth [salt water, m]
# name 4 = t090C: Temperature [ITS-90, deg C]
# name 5 = sal00: Salinity, Practical [PSU]
# name 6 = ph: pH
# name 7 = flECO-AFL: Fluorescence, WET Labs ECO-AFL/FL [mg/m^3]
# name 8 = cpar: CPAR/Corrected Irradiance [%]
# name 9 = density00: Density [density, kg/m^3]
# name 10 = potemp090C: Potential Temperature [ITS-90, deg C]
# name 11 = sigma-é00: Density [sigma-theta, kg/m^3]
# name 12 = sbeox0Mg/L: Oxygen, SBE 43 [mg/l]
# name 13 = sbox0Mm/Kg: Oxygen, SBE 43 [umol/kg]
# name 14 = oxsolMg/L: Oxygen Saturation, Garcia & Gordon [mg/l]
# name 15 = oxsolMm/Kg: Oxygen Saturation, Garcia & Gordon [umol/kg]
# name 16 = sbeox0PS: Oxygen, SBE 43 [% saturation]
# name 17 = flag:  0.000e+00
# span 0 =   40.68462,   40.68488       
# span 1 =  -72.06392,  -72.06082       
# span 2 =      1.781,     45.980       
# span 3 =      1.767,     45.620       
# span 4 =    10.7780,    20.6979       
# span 5 =    31.5147,    32.2842       
# span 6 =      7.863,      8.180       
# span 7 =     0.0282,     1.9085       
# span 8 = 1.6880e-11, 9.9999e+04       
# span 9 =  1021.9533,  1024.8478       
# span 10 =    10.7727,    20.6971      
# span 11 =    21.9461,    24.6423      
# span 12 =     6.5486,     8.5967      
# span 13 =    199.727,    262.377      
# span 14 =    7.45151,    9.03376      
# span 15 =  227.86003,  275.51956      
# span 16 =     72.513,    102.173      
# span 17 = 0.0000e+00, 0.0000e+00      
# interval = seconds: 0.0416667
# start_time = Sep 15 2024 08:57:12 [System UTC, first data scan.]
# bad_flag = -9.990e-29
*END*
[from data line 242]
   40.68488  -72.06086      2.151      2.134    20.6917    31.5582      8.167     0.1088 2.3487e+01  1021.9673    20.6913    21.9580     7.4616    228.167    7.45224  227.88188    100.125 -9.990e-29
   40.68488  -72.06086      2.162      2.145    20.6917    31.5581      8.167     0.1088 2.3272e+01  1021.9673    20.6913    21.9579     7.4623    228.189    7.45224  227.88187    100.135 -9.990e-29
   40.68488  -72.06086      2.143      2.126    20.6919    31.5577      8.167     0.1088 2.2089e+01  1021.9672    20.6915    21.9577     7.4631    228.212    7.45225  227.88217    100.145 -9.990e-29
   40.68488  -72.06086      2.151      2.134    20.6917    31.5572      8.167     0.1088 2.1485e+01  1021.9661    20.6913    21.9573     7.4638    228.235    7.45222  227.88146    100.155 -9.990e-29
   40.68488  -72.06086      2.141      2.125    20.6914    31.5573      8.167     0.1088 2.1552e+01  1021.9665    20.6910    21.9574     7.4646    228.259    7.45224  227.88204    100.166 -9.990e-29
   40.68488  -72.06086      2.141      2.125    20.6917    31.5578      8.167     0.1088 2.9312e+01  1021.9672    20.6913    21.9577     7.4654    228.284    7.45224  227.88200    100.176 -9.990e-29
   40.68488  -72.06086      2.130      2.114    20.6917    31.5581      8.167     0.1088 3.5713e+01  1021.9672    20.6913    21.9579     7.4657    228.294    7.45218  227.88005    100.182 -9.990e-29
   40.68488  -72.06086      2.141      2.125    20.6917    31.5581      8.167     0.1088 3.6682e+01  1021.9671    20.6913    21.9579     7.4666    228.321    7.45223  227.88180    100.193 -9.990e-29
   40.68488  -72.06086      2.130      2.114    20.6915    31.5581      8.167     0.1088 2.5272e+01  1021.9671    20.6911    21.9580     7.4674    228.345    7.45220  227.88100    100.204 -9.990e-29
   40.68488  -72.06086      2.130      2.114    20.6917    31.5583      8.167     0.1088 1.8685e+01  1021.9673    20.6913    21.9581     7.4722    228.492    7.45218  227.88025    100.269 -9.990e-29
   40.68488  -72.06086      2.132      2.115    20.6917    31.5584      8.167     0.1088 1.7715e+01  1021.9675    20.6913    21.9581     7.4686    228.383    7.45219  227.88067    100.220 -9.990e-29
   40.68488  -72.06086      2.130      2.114    20.6914    31.5585      8.167     0.1088 1.9277e+01  1021.9674    20.6910    21.9582     7.4690    228.396    7.45216  227.87970    100.226 -9.990e-29
   40.68488  -72.06086      2.130      2.114    20.6914    31.5586      8.167     0.1088 2.1091e+01  1021.9678    20.6910    21.9584     7.4695    228.409    7.45218  227.88016    100.232 -9.990e-29
   40.68488  -72.06086      2.130      2.114    20.6914    31.5585      8.167     0.1088 2.1485e+01  1021.9674    20.6910    21.9584     7.4699    228.423    7.45218  227.88020    100.238 -9.990e-29
   40.68488  -72.06086      2.130      2.114    20.6912    31.5585      8.167     0.1088 2.5272e+01  1021.9676    20.6908    21.9584     7.4699    228.424    7.45216  227.87981    100.239 -9.990e-29
   40.68488  -72.06086      2.141      2.125    20.6912    31.5587      8.167     0.1088 3.3049e+01  1021.9679    20.6908    21.9585     7.4704    228.436    7.45215  227.87935    100.244 -9.990e-29
   40.68488  -72.06086      2.130      2.114    20.6912    31.5588      8.167     0.1088 3.5713e+01  1021.9679    20.6908    21.9586     7.4660    228.302    7.45213  227.87872    100.186 -9.990e-29
   40.68488  -72.06086      2.130      2.114    20.6911    31.5587      8.167     0.1088 2.9936e+01  1021.9677    20.6907    21.9585     7.4701    228.427    7.45213  227.87872    100.241 -9.990e-29
   40.68488  -72.06086      2.141      2.125    20.6910    31.5586      8.167     0.1088 2.0072e+01  1021.9677    20.6906    21.9585     7.4657    228.293    7.45213  227.87880    100.182 -9.990e-29
   40.68488  -72.06086      2.132      2.115    20.6912    31.5586      8.167     0.1088 1.7549e+01  1021.9677    20.6908    21.9585     7.4697    228.417    7.45214  227.87901    100.236 -9.990e-29
   40.68488  -72.06086      2.141      2.125    20.6912    31.5586      8.167     0.1088 1.8860e+01  1021.9678    20.6908    21.9584     7.4653    228.283    7.45214  227.87908    100.177 -9.990e-29
   40.68488  -72.06086      2.141      2.125    20.6914    31.5585      8.167     0.1088 2.4664e+01  1021.9675    20.6910    21.9584     7.4650    228.272    7.45216  227.87949    100.172 -9.990e-29
   40.68488  -72.06086      2.141      2.125    20.6912    31.5585      8.167     0.1088 2.7346e+01  1021.9677    20.6908    21.9584     7.4647    228.262    7.45218  227.88012    100.168 -9.990e-29
   40.68488  -72.06086      2.141      2.125    20.6912    31.5585      8.167     0.1222 2.8614e+01  1021.9677    20.6908    21.9583     7.4687    228.386    7.45220  227.88078    100.222 -9.990e-29
   40.68488  -72.06086      2.141      2.125    20.6915    31.5585      8.167     0.1357 3.8924e+01  1021.9674    20.6911    21.9583     7.4643    228.252    7.45223  227.88182    100.163 -9.990e-29
   40.68488  -72.06086      2.141      2.125    20.6912    31.5585      8.167     0.1222 4.5246e+01  1021.9677    20.6908    21.9584     7.4640    228.241    7.45224  227.88206    100.158 -9.990e-29
   40.68488  -72.06086      2.151      2.134    20.6913    31.5585      8.167     0.1222 3.0075e+01  1021.9676    20.6909    21.9584     7.4636    228.230    7.45224  227.88206    100.153 -9.990e-29
   40.68488  -72.06086      2.130      2.114    20.6912    31.5585      8.167     0.1222 3.2950e+01  1021.9677    20.6908    21.9583     7.4632    228.218    7.45225  227.88218    100.147 -9.990e-29
   40.68488  -72.06086      2.152      2.136    20.6915    31.5584      8.167     0.1357 2.7264e+01  1021.9675    20.6911    21.9582     7.4629    228.208    7.45228  227.88317    100.142 -9.990e-29
   40.68488  -72.06086      2.141      2.125    20.6915    31.5583      8.167     0.1222 2.6611e+01  1021.9674    20.6911    21.9581     7.4625    228.196    7.45227  227.88292    100.137 -9.990e-29
   40.68488  -72.06086      2.130      2.114    20.6919    31.5583      8.167     0.1222 1.9277e+01  1021.9672    20.6915    21.9581     7.4621    228.185    7.45227  227.88283    100.132 -9.990e-29
   40.68488  -72.06086      2.141      2.125    20.6917    31.5583      8.167     0.1222 1.5119e+01  1021.9675    20.6913    21.9581     7.4618    228.174    7.45229  227.88329    100.128 -9.990e-29
   40.68488  -72.06086      2.130      2.114    20.6921    31.5582      8.167     0.1222 1.4502e+01  1021.9671    20.6917    21.9580     7.4614    228.163    7.45230  227.88365    100.122 -9.990e-29
   40.68488  -72.06086      2.130      2.114    20.6921    31.5581      8.167     0.1222 2.1222e+01  1021.9670    20.6917    21.9579     7.4611    228.152    7.45232  227.88436    100.117 -9.990e-29
   40.68488  -72.06086      2.141      2.125    20.6921    31.5581      8.167     0.1222 3.1128e+01  1021.9671    20.6917    21.9579     7.4607    228.141    7.45234  227.88486    100.112 -9.990e-29
   40.68488  -72.06086      2.130      2.114    20.6920    31.5579      8.167     0.1222 3.3647e+01  1021.9670    20.6916    21.9577     7.4603    228.129    7.45232  227.88436    100.107 -9.990e-29
   40.68488  -72.06086      2.132      2.115    20.6919    31.5568      8.167     0.1222 2.7346e+01  1021.9673    20.6915    21.9569     7.4600    228.118    7.45233  227.88448    100.102 -9.990e-29
   40.68488  -72.06086      2.141      2.125    20.6923    31.5551      8.167     0.1222 2.0322e+01  1021.9634    20.6919    21.9555     7.4596    228.107    7.45234  227.88473    100.098 -9.990e-29
   40.68488  -72.06086      2.130      2.114    20.6921    31.5549      8.167     0.1222 1.8743e+01  1021.9637    20.6917    21.9554     7.4552    227.973    7.45233  227.88448    100.039 -9.990e-29
   40.68488  -72.06086      2.141      2.125    20.6921    31.5565      8.167     0.1357 1.3974e+01  1021.9663    20.6917    21.9566     7.4545    227.950    7.45231  227.88401    100.029 -9.990e-29
   40.68488  -72.06086      2.141      2.125    20.6921    31.5578      8.167     0.1222 1.7315e+01  1021.9671    20.6917    21.9577     7.4582    228.065    7.45233  227.88456    100.079 -9.990e-29
   40.68488  -72.06086      2.141      2.125    20.6917    31.5584      8.167     0.1222 1.8509e+01  1021.9677    20.6913    21.9581     7.4579    228.054    7.45231  227.88388    100.075 -9.990e-29
   40.68488  -72.06086      2.151      2.134    20.6919    31.5586      8.167     0.1357 1.7849e+01  1021.9675    20.6915    21.9583     7.4576    228.046    7.45234  227.88498    100.070 -9.990e-29
   40.68488  -72.06086      2.151      2.134    20.6915    31.5586      8.167     0.1222 1.5803e+01  1021.9678    20.6911    21.9583     7.4532    227.913    7.45233  227.88451    100.012 -9.990e-29
   40.68488  -72.06086      2.162      2.145    20.6919    31.5586      8.167     0.1222 1.5093e+01  1021.9677    20.6915    21.9583     7.4574    228.039    7.45234  227.88490    100.068 -9.990e-29
   40.68488  -72.06086      2.152      2.136    20.6919    31.5585      8.167     0.1222 1.4771e+01  1021.9673    20.6915    21.9582     7.4571    228.031    7.45233  227.88465    100.064 -9.990e-29
   40.68488  -72.06086      2.162      2.145    20.6917    31.5585      8.167     0.1222 1.3053e+01  1021.9678    20.6913    21.9582     7.4569    228.023    7.45233  227.88449    100.061 -9.990e-29
   40.68488  -72.06086      2.172      2.155    20.6919    31.5585      8.167     0.1088 1.2302e+01  1021.9675    20.6915    21.9582     7.4565    228.013    7.45230  227.88344    100.057 -9.990e-29
   40.68488  -72.06086      2.172      2.155    20.6919    31.5585      8.167     0.1088 1.2417e+01  1021.9676    20.6915    21.9582     7.4567    228.017    7.45230  227.88353    100.059 -9.990e-29
   40.68488  -72.06086      2.162      2.145    20.6919    31.5585      8.167     0.1088 1.5279e+01  1021.9675    20.6915    21.9582     7.4568    228.021    7.45228  227.88295    100.061 -9.990e-29
   40.68488  -72.06086      2.172      2.155    20.6917    31.5585      8.167     0.1088 1.7106e+01  1021.9678    20.6913    21.9582     7.4569    228.025    7.45227  227.88267    100.063 -9.990e-29
   40.68488  -72.06086      2.172      2.155    20.6921    31.5584      8.167     0.1088 1.7315e+01  1021.9673    20.6917    21.9581     7.4571    228.030    7.45226  227.88235    100.065 -9.990e-29
   40.68488  -72.06086      2.172      2.155    20.6919    31.5583      8.167     0.1088 1.7158e+01  1021.9675    20.6915    21.9580     7.4573    228.036    7.45227  227.88277    100.067 -9.990e-29
   40.68488  -72.06086      2.183      2.166    20.6920    31.5583      8.167     0.1088 1.7054e+01  1021.9672    20.6916    21.9580     7.4575    228.042    7.45226  227.88254    100.070 -9.990e-29
   40.68488  -72.06086      2.172      2.155    20.6923    31.5583      8.167     0.1088 1.7003e+01  1021.9676    20.6919    21.9580     7.4577    228.049    7.45227  227.88280    100.073 -9.990e-29
   40.68488  -72.06086      2.172      2.155    20.6921    31.5580      8.167     0.1088 1.6194e+01  1021.9672    20.6917    21.9578     7.4579    228.055    7.45222  227.88135    100.076 -9.990e-29
   40.68488  -72.06086      2.162      2.145    20.6924    31.5577      8.167     0.1088 1.5468e+01  1021.9667    20.6920    21.9575     7.4625    228.196    7.45218  227.88032    100.138 -9.990e-29
   40.68488  -72.06086      2.162      2.145    20.6926    31.5575      8.167     0.1088 1.5326e+01  1021.9666    20.6922    21.9573     7.4587    228.079    7.45216  227.87978    100.088 -9.990e-29
   40.68488  -72.06086      2.162      2.145    20.6926    31.5574 -9.990e-29     0.1088 1.4501e+01  1021.9664    20.6922    21.9572     7.4594    228.100    7.45218  227.88032    100.096 -9.990e-29
   40.68488  -72.06086      2.162      2.145    20.6928    31.5574 -9.990e-29     0.1088 1.3548e+01  1021.9666    20.6924    21.9572     7.4596    228.107    7.45213  227.87867    100.100 -9.990e-29
   40.68488  -72.06086      2.151      2.134    20.6926    31.5574 -9.990e-29     0.1222 1.3257e+01  1021.9666    20.6922    21.9571     7.4643    228.250    7.45212  227.87843    100.163 -9.990e-29
   40.68488  -72.06086      2.143      2.126    20.6928    31.5574 -9.990e-29     0.1088 1.3298e+01  1021.9662    20.6924    21.9571     7.4650    228.271    7.45211  227.87836    100.172 -9.990e-29
   40.68488  -72.06086      2.130      2.114    20.6927    31.5575 -9.990e-29     0.1088 1.3381e+01  1021.9665    20.6923    21.9572     7.4656    228.291    7.45209  227.87774    100.181 -9.990e-29
   40.68488  -72.06086      2.130      2.114    20.6928    31.5575 -9.990e-29     0.1088 1.3381e+01  1021.9666    20.6924    21.9572     7.4662    228.310    7.45207  227.87724    100.190 -9.990e-29
   40.68488  -72.06086      2.121      2.104    20.6931    31.5573 -9.990e-29     0.1088 1.4148e+01  1021.9660    20.6927    21.9570     7.4625    228.197    7.45207  227.87700    100.140 -9.990e-29
   40.68488  -72.06090      2.121      2.104    20.6931    31.5572 -9.990e-29     0.1088 1.6695e+01  1021.9660    20.6927    21.9569     7.4624    228.194    7.45206  227.87696    100.139 -9.990e-29
   40.68488  -72.06090      2.100      2.084    20.6931    31.5572 -9.990e-29     0.1088 1.7687e+01  1021.9659    20.6927    21.9569     7.4628    228.204    7.45207  227.87730    100.144 -9.990e-29
   40.68488  -72.06090      2.090      2.074    20.6930    31.5573 -9.990e-29     0.1088 1.7741e+01  1021.9661    20.6926    21.9570     7.4671    228.336    7.45202  227.87559    100.202 -9.990e-29
   40.68488  -72.06090      2.070      2.054    20.6930    31.5575 -9.990e-29     0.1088 1.7957e+01  1021.9660    20.6926    21.9571     7.4634    228.222    7.45203  227.87593    100.152 -9.990e-29
   40.68488  -72.06090      2.070      2.054    20.6928    31.5577 -9.990e-29     0.1088 1.8121e+01  1021.9663    20.6924    21.9574     7.4677    228.354    7.45200  227.87522    100.210 -9.990e-29
   40.68488  -72.06090      2.062      2.046    20.6924    31.5580 -9.990e-29     0.1088 1.7903e+01  1021.9667    20.6920    21.9577     7.4636    228.229    7.45200  227.87515    100.155 -9.990e-29
   40.68488  -72.06090      2.051      2.035    20.6922    31.5582 -9.990e-29     0.1088 1.5000e+01  1021.9668    20.6918    21.9578     7.4635    228.227    7.45200  227.87523    100.154 -9.990e-29
   40.68488  -72.06090      2.030      2.014    20.6921    31.5582 -9.990e-29     0.0954 1.3632e+01  1021.9665    20.6917    21.9579     7.4682    228.371    7.45201  227.87536    100.217 -9.990e-29
   40.68488  -72.06090      2.019      2.003    20.6919    31.5583 -9.990e-29     0.0954 1.3548e+01  1021.9668    20.6915    21.9580     7.4641    228.245    7.45198  227.87465    100.162 -9.990e-29
   40.68488  -72.06090      2.019      2.003    20.6919    31.5585 -9.990e-29     0.0954 1.3802e+01  1021.9668    20.6915    21.9582     7.4640    228.242    7.45198  227.87449    100.161 -9.990e-29
   40.68488  -72.06090      2.000      1.984    20.6917    31.5585 -9.990e-29     0.0954 1.3931e+01  1021.9670    20.6914    21.9582     7.4639    228.240    7.45199  227.87491    100.160 -9.990e-29
   40.68488  -72.06090      1.989      1.973    20.6915    31.5585 -9.990e-29     0.0954 1.3974e+01  1021.9670    20.6912    21.9582     7.4682    228.371    7.45196  227.87374    100.218 -9.990e-29
   40.68488  -72.06090      1.979      1.964    20.6917    31.5585 -9.990e-29     0.0954 1.6951e+01  1021.9666    20.6914    21.9582     7.4685    228.381    7.45199  227.87499    100.222 -9.990e-29
   40.68488  -72.06090      1.970      1.954    20.6915    31.5587 -9.990e-29     0.0954 2.0018e+01  1021.9670    20.6912    21.9584     7.4688    228.389    7.45199  227.87474    100.226 -9.990e-29
