CalculateIndicators/WaterTemperature/Data/CTD_NYOS/20240428_C23.cnv
* Sea-Bird SBE 9 Data File:
* FileName = C:\Seabird 9 CTD\Data\2024\202404_offshore\20240428_C23.hex
* Software Version Seasave V 7.23.2
* Temperature SN = 4590
* Conductivity SN = 3228
* Number of Bytes Per Scan = 44
* Number of Voltage Words = 5
* Number of Scans Averaged by the Deck Unit = 1
* NMEA Latitude = 40 09.42 N
* NMEA Longitude = 072 10.34 W
* NMEA UTC (Time) = Apr 28 2024  13:12:25
* NMEA baud rate = 4800
** Ship: Seawolf
** Station: 10.4
** Operator: TCM
# nquan = 18
# nvalues = 13679                       
# units = specified
# name 0 = latitude: Latitude [deg]
# name 1 = longitude: Longitude [deg]
# name 2 = prDM: Pressure, Digiquartz [db]
# name 3 = depSM: Depth [salt water, m]
# name 4 = t090C: Temperature [ITS-90, deg C]
# name 5 = sal00: Salinity, Practical [PSU]
# name 6 = ph: pH
# name 7 = flECO-AFL: Fluorescence, WET Labs ECO-AFL/FL [mg/m^3]
# name 8 = cpar: CPAR/Corrected Irradiance [%]
# name 9 = density00: Density [density, kg/m^3]
# name 10 = potemp090C: Potential Temperature [ITS-90, deg C]
# name 11 = sigma-é00: Density [sigma-theta, kg/m^3]
# name 12 = sbeox0Mg/L: Oxygen, SBE 43 [mg/l]
# name 13 = sbox0Mm/Kg: Oxygen, SBE 43 [umol/kg]
# name 14 = oxsolMg/L: Oxygen Saturation, Garcia & Gordon [mg/l]
# name 15 = oxsolMm/Kg: Oxygen Saturation, Garcia & Gordon [umol/kg]
# name 16 = sbeox0PS: Oxygen, SBE 43 [% saturation]
# name 17 = flag:  0.000e+00
# span 0 =   40.15714,   40.15924       
# span 1 =  -72.17284,  -72.17238       
# span 2 =      2.017,     67.730       
# span 3 =      2.001,     67.199       
# span 4 =     5.9642,     8.2672       
# span 5 =    31.6148,    32.1847       
# span 6 =      7.928,      8.071       
# span 7 =    -0.0255,     0.9012       
# span 8 = 2.0926e-13, 3.4062e+01       
# span 9 =  1024.5738,  1025.6459       
# span 10 =     5.9590,     8.2670      
# span 11 =    24.5782,    25.3335      
# span 12 =     9.0561,    10.4232      
# span 13 =    276.096,    317.852      
# span 14 =    9.58230,   10.08009      
# span 15 =  292.26077,  307.30424      
# span 16 =     90.681,    106.393      
# span 17 = 0.0000e+00, 0.0000e+00      
# interval = seconds: 0.0416667
# start_time = Apr 28 2024 13:12:25 [System UTC, first data scan.]
# bad_flag = -9.990e-29
*END*
[from data line 6995]
   40.15822  -72.17256     48.675     48.296     6.1029    31.9933      7.942     0.0416 1.3310e-02  1025.3900     6.0990    25.1654     9.2421    281.728   10.04591  306.23220     91.998 -9.990e-29
   40.15822  -72.17256     48.655     48.275     6.1026    31.9936      7.942     0.0416 1.3310e-02  1025.3904     6.0986    25.1657     9.2473    281.889   10.04557  306.22162     92.054 -9.990e-29
   40.15822  -72.17256     48.645     48.266     6.1027    31.9937      7.942     0.0416 1.2886e-02  1025.3905     6.0988    25.1657     9.2466    281.863   10.04459  306.18973     92.055 -9.990e-29
   40.15822  -72.17256     48.634     48.255     6.1026    31.9933      7.942     0.0416 1.2551e-02  1025.3902     6.0986    25.1654     9.2439    281.781   10.04275  306.13166     92.046 -9.990e-29
   40.15822  -72.17256     48.624     48.245     6.1023    31.9923      7.942     0.0416 1.2468e-02  1025.3894     6.0984    25.1647     9.2414    281.702   10.04085  306.07234     92.038 -9.990e-29
   40.15822  -72.17256     48.613     48.234     6.1021    31.9910      7.942     0.0416 1.2718e-02  1025.3880     6.0981    25.1638     9.2323    281.425   10.03900  306.01582     91.964 -9.990e-29
   40.15822  -72.17256     48.594     48.215     6.1011    31.9899      7.942     0.0416 1.2886e-02  1025.3871     6.0972    25.1629     9.2296    281.345   10.03785  305.98204     91.948 -9.990e-29
   40.15822  -72.17256     48.592     48.214     6.1000    31.9891      7.942     0.0416 1.2970e-02  1025.3868     6.0960    25.1624     9.2276    281.285   10.03726  305.96495     91.934 -9.990e-29
   40.15822  -72.17256     48.573     48.195     6.0987    31.9884      7.942     0.0416 1.3567e-02  1025.3862     6.0948    25.1621     9.2257    281.227   10.03656  305.94339     91.921 -9.990e-29
   40.15822  -72.17256     48.573     48.195     6.0971    31.9878      7.942     0.0416 1.4470e-02  1025.3861     6.0931    25.1618     9.2244    281.185   10.03528  305.90273     91.920 -9.990e-29
   40.15822  -72.17256     48.554     48.175     6.0957    31.9870      7.942     0.0416 1.4737e-02  1025.3856     6.0918    25.1613     9.2228    281.134   10.03355  305.84898     91.919 -9.990e-29
   40.15822  -72.17256     48.543     48.164     6.0940    31.9860      7.942     0.0416 1.4470e-02  1025.3848     6.0901    25.1608     9.2204    281.062   10.03200  305.80124     91.910 -9.990e-29
   40.15822  -72.17256     48.541     48.163     6.0923    31.9851      7.942     0.0416 1.3944e-02  1025.3843     6.0883    25.1602     9.2186    281.008   10.03088  305.76785     91.902 -9.990e-29
   40.15822  -72.17256     48.522     48.144     6.0910    31.9843      7.937     0.0416 1.3684e-02  1025.3837     6.0870    25.1598     9.2176    280.978   10.03040  305.75426     91.897 0.0000e+00
   40.15822  -72.17256     48.511     48.133     6.0889    31.9836      7.942     0.0416 1.3770e-02  1025.3835     6.0850    25.1595     9.2170    280.959   10.03019  305.74853     91.892 -9.990e-29
   40.15822  -72.17256     48.512     48.134     6.0874    31.9830      7.942     0.0416 1.4031e-02  1025.3831     6.0835    25.1592     9.2178    280.987   10.03030  305.75294     91.900 -9.990e-29
   40.15822  -72.17256     48.511     48.133     6.0863    31.9826      7.942     0.0416 1.4031e-02  1025.3828     6.0824    25.1590     9.2119    280.807   10.03102  305.77496     91.835 -9.990e-29
   40.15822  -72.17256     48.492     48.114     6.0854    31.9826      7.942     0.0416 1.4118e-02  1025.3829     6.0815    25.1591     9.2185    281.007   10.03195  305.80409     91.891 0.0000e+00
   40.15822  -72.17256     48.481     48.103     6.0844    31.9826      7.937     0.0416 1.4470e-02  1025.3833     6.0804    25.1592     9.2201    281.056   10.03329  305.84510     91.895 -9.990e-29
   40.15822  -72.17256     48.492     48.114     6.0835    31.9824      7.942     0.0416 1.4648e-02  1025.3831     6.0796    25.1592     9.2218    281.107   10.03463  305.88598     91.899 -9.990e-29
   40.15822  -72.17256     48.481     48.103     6.0831    31.9820      7.937     0.0416 1.4648e-02  1025.3829     6.0792    25.1589     9.2169    280.959   10.03582  305.92157     91.840 -9.990e-29
   40.15822  -72.17256     48.482     48.104     6.0829    31.9814      7.942     0.0416 1.5096e-02  1025.3823     6.0790    25.1585     9.2176    280.978   10.03683  305.95186     91.837 -9.990e-29
   40.15822  -72.17256     48.492     48.114     6.0826    31.9807      7.937     0.0416 1.5458e-02  1025.3817     6.0787    25.1579     9.2181    280.995   10.03758  305.97408     91.836 -9.990e-29
   40.15822  -72.17256     48.481     48.103     6.0821    31.9800      7.937     0.0416 1.5522e-02  1025.3813     6.0782    25.1575     9.2252    281.210   10.03809  305.98865     91.902 -9.990e-29
   40.15822  -72.17256     48.482     48.104     6.0819    31.9795      7.937     0.0416 1.5248e-02  1025.3807     6.0780    25.1571     9.2254    281.215   10.03823  305.99323     91.902 -9.990e-29
   40.15822  -72.17256     48.492     48.114     6.0815    31.9792      7.937     0.0551 1.5067e-02  1025.3806     6.0776    25.1569     9.2206    281.069   10.03886  306.01260     91.849 -9.990e-29
   40.15822  -72.17256     48.492     48.114     6.0812    31.9794      7.942     0.0416 1.5067e-02  1025.3810     6.0773    25.1571     9.2283    281.305   10.03971  306.03868     91.918 -9.990e-29
   40.15822  -72.17256     48.501     48.123     6.0811    31.9799      7.937     0.0416 1.5339e-02  1025.3811     6.0772    25.1575     9.2243    281.183   10.04078  306.07098     91.869 -9.990e-29
   40.15822  -72.17256     48.503     48.125     6.0813    31.9811      7.937     0.0551 1.5614e-02  1025.3819     6.0774    25.1584     9.2258    281.229   10.04166  306.09707     91.876 -9.990e-29
   40.15822  -72.17256     48.522     48.144     6.0815    31.9831      7.937     0.0416 1.5706e-02  1025.3841     6.0775    25.1599     9.2270    281.263   10.04198  306.10577     91.884 -9.990e-29
   40.15822  -72.17256     48.533     48.155     6.0826    31.9851      7.937     0.0416 1.5157e-02  1025.3857     6.0787    25.1614     9.2334    281.458   10.04192  306.10350     91.949 -9.990e-29
   40.15822  -72.17256     48.541     48.163     6.0839    31.9868      7.937     0.0416 1.4441e-02  1025.3867     6.0800    25.1626     9.2280    281.293   10.04211  306.10910     91.893 -9.990e-29
   40.15822  -72.17256     48.543     48.164     6.0854    31.9888      7.937     0.0551 1.4264e-02  1025.3879     6.0814    25.1640     9.2283    281.302   10.04230  306.11482     91.894 -9.990e-29
   40.15822  -72.17256     48.573     48.195     6.0871    31.9909      7.942     0.0551 1.4088e-02  1025.3902     6.0832    25.1654     9.2287    281.314   10.04246  306.11956     91.897 -9.990e-29
   40.15822  -72.17256     48.583     48.204     6.0900    31.9925      7.937     0.0416 1.3653e-02  1025.3905     6.0861    25.1664     9.2290    281.323   10.04239  306.11739     91.900 -9.990e-29
   40.15822  -72.17256     48.614     48.236     6.0923    31.9938      7.937     0.0416 1.3567e-02  1025.3919     6.0883    25.1672     9.2294    281.335   10.04236  306.11636     91.905 -9.990e-29
   40.15822  -72.17256     48.634     48.255     6.0944    31.9946      7.937     0.0416 1.3567e-02  1025.3924     6.0904    25.1676     9.2300    281.354   10.04236  306.11664     91.911 -9.990e-29
   40.15822  -72.17256     48.656     48.277     6.0964    31.9948      7.937     0.0416 1.3914e-02  1025.3922     6.0925    25.1675     9.2309    281.381   10.04252  306.12126     91.918 -9.990e-29
   40.15822  -72.17256     48.675     48.296     6.0979    31.9946      7.937     0.0416 1.4001e-02  1025.3921     6.0940    25.1671     9.2330    281.445   10.04274  306.12812     91.937 -9.990e-29
   40.15822  -72.17256     48.707     48.327     6.0992    31.9939      7.937     0.0551 1.3914e-02  1025.3913     6.0953    25.1664     9.2345    281.491   10.04322  306.14285     91.948 -9.990e-29
   40.15822  -72.17256     48.726     48.347     6.1003    31.9931      7.937     0.0416 1.3225e-02  1025.3902     6.0964    25.1656     9.2361    281.541   10.04370  306.15751     91.959 -9.990e-29
   40.15822  -72.17256     48.758     48.378     6.1010    31.9930      7.937     0.0416 1.2970e-02  1025.3899     6.0971    25.1654     9.2379    281.594   10.04419  306.17191     91.973 -9.990e-29
   40.15822  -72.17256     48.787     48.407     6.1016    31.9939      7.937     0.0416 1.2886e-02  1025.3910     6.0977    25.1660     9.2384    281.608   10.04432  306.17570     91.976 -9.990e-29
   40.15822  -72.17256     48.809     48.429     6.1029    31.9958      7.937     0.0551 1.3481e-02  1025.3927     6.0990    25.1673     9.2398    281.650   10.04424  306.17328     91.991 -9.990e-29
   40.15822  -72.17256     48.838     48.457     6.1045    31.9973      7.937     0.0282 1.3827e-02  1025.3945     6.1005    25.1684     9.2402    281.665   10.04417  306.17073     91.996 -9.990e-29
   40.15822  -72.17256     48.870     48.489     6.1064    31.9980      7.937     0.0282 1.3827e-02  1025.3945     6.1025    25.1688     9.2407    281.678   10.04399  306.16560     92.002 -9.990e-29
   40.15822  -72.17256     48.899     48.518     6.1079    31.9980      7.937     0.0282 1.2886e-02  1025.3945     6.1039    25.1686     9.2413    281.697   10.04391  306.16335     92.009 -9.990e-29
   40.15822  -72.17256     48.942     48.560     6.1091    31.9978      7.937     0.0282 1.2138e-02  1025.3943     6.1051    25.1682     9.2354    281.519   10.04384  306.16144     91.951 -9.990e-29
   40.15822  -72.17256     48.971     48.589     6.1109    31.9979      7.937     0.0282 1.2056e-02  1025.3931     6.1070    25.1681     9.2418    281.713   10.04374  306.15862     92.015 -9.990e-29
   40.15822  -72.17256     49.013     48.631     6.1120    32.0006      7.937     0.0282 1.2138e-02  1025.3940     6.1081    25.1700     9.2419    281.715   10.04385  306.16175     92.015 -9.990e-29
   40.15822  -72.17256     49.052     48.670     6.1137    32.0069      7.937     0.0282 1.2138e-02  1025.4011     6.1097    25.1747     9.2426    281.739   10.04360  306.15435     92.025 -9.990e-29
   40.15822  -72.17256     49.064     48.682     6.1190    32.0145      7.937     0.0282 1.2088e-02  1025.4075     6.1150    25.1801     9.2434    281.761   10.04323  306.14345     92.036 -9.990e-29
   40.15822  -72.17256     49.113     48.730     6.1251    32.0200      7.937     0.0282 1.2551e-02  1025.4125     6.1211    25.1837     9.2441    281.783   10.04276  306.12955     92.047 -9.990e-29
   40.15822  -72.17256     49.146     48.763     6.1327    32.0216      7.937     0.0282 1.3086e-02  1025.4126     6.1287    25.1842     9.2450    281.811   10.04240  306.11874     92.059 -9.990e-29
   40.15822  -72.17256     49.185     48.801     6.1386    32.0198      7.937     0.0282 1.3256e-02  1025.4090     6.1346    25.1821     9.2452    281.817   10.04230  306.11539     92.063 -9.990e-29
   40.15822  -72.17256     49.218     48.834     6.1423    32.0183      7.937     0.0282 1.2583e-02  1025.4054     6.1383    25.1804     9.2389    281.625   10.04220  306.11179     92.001 -9.990e-29
   40.15824  -72.17256     49.256     48.872     6.1446    32.0201      7.937     0.0282 1.1123e-02  1025.4072     6.1406    25.1814     9.2445    281.797   10.04183  306.10055     92.060 -9.990e-29
   40.15824  -72.17256     49.277     48.893     6.1480    32.0247      7.937     0.0282 1.0653e-02  1025.4127     6.1440    25.1846     9.2382    281.604   10.04157  306.09291     91.999 -9.990e-29
   40.15824  -72.17256     49.318     48.934     6.1539    32.0291      7.937     0.0282 1.0809e-02  1025.4161     6.1499    25.1874     9.2375    281.583   10.04133  306.08559     91.995 -9.990e-29
   40.15824  -72.17256     49.347     48.963     6.1599    32.0309      7.937     0.0282 1.1361e-02  1025.4173     6.1559    25.1882     9.2367    281.559   10.04093  306.07346     91.991 -9.990e-29
   40.15824  -72.17256     49.370     48.985     6.1652    32.0299      7.937     0.0282 1.1602e-02  1025.4151     6.1612    25.1869     9.2363    281.548   10.04083  306.07089     91.988 -9.990e-29
   40.15824  -72.17256     49.410     49.024     6.1681    32.0273      7.937     0.0282 1.1602e-02  1025.4125     6.1641    25.1844     9.2429    281.748   10.04099  306.07554     92.052 -9.990e-29
   40.15824  -72.17256     49.432     49.046     6.1700    32.0242      7.937     0.0282 1.1682e-02  1025.4096     6.1660    25.1817     9.2372    281.575   10.04102  306.07665     91.995 -9.990e-29
   40.15824  -72.17256     49.470     49.085     6.1705    32.0213      7.942     0.0282 1.1682e-02  1025.4070     6.1665    25.1794     9.2372    281.574   10.04106  306.07781     91.994 -9.990e-29
   40.15824  -72.17256     49.503     49.118     6.1678    32.0189      7.942     0.0282 1.1602e-02  1025.4066     6.1638    25.1778     9.2373    281.576   10.04110  306.07872     91.995 -9.990e-29
   40.15824  -72.17256     49.512     49.126     6.1648    32.0165      7.937     0.0282 1.0731e-02  1025.4044     6.1607    25.1763     9.2364    281.548   10.04111  306.07906     91.985 -9.990e-29
   40.15824  -72.17256     49.552     49.166     6.1597    32.0147      7.942     0.0282 1.0190e-02  1025.4033     6.1557    25.1754     9.2431    281.753   10.04113  306.07939     92.052 -9.990e-29
   40.15824  -72.17256     49.564     49.178     6.1541    32.0143      7.942     0.0282 1.0114e-02  1025.4038     6.1501    25.1758     9.2442    281.788   10.04108  306.07783     92.064 -9.990e-29
   40.15824  -72.17256     49.603     49.216     6.1486    32.0153      7.942     0.0282 9.8108e-03  1025.4059     6.1446    25.1772     9.2454    281.822   10.04098  306.07465     92.076 -9.990e-29
   40.15824  -72.17256     49.615     49.229     6.1438    32.0169      7.942     0.0416 9.5856e-03  1025.4081     6.1397    25.1791     9.2388    281.622   10.04075  306.06765     92.013 -9.990e-29
   40.15824  -72.17256     49.633     49.246     6.1401    32.0190      7.942     0.0416 9.5110e-03  1025.4101     6.1360    25.1811     9.2444    281.794   10.04055  306.06169     92.071 -9.990e-29
   40.15824  -72.17256     49.665     49.278     6.1370    32.0206      7.942     0.0416 9.8862e-03  1025.4130     6.1330    25.1827     9.2380    281.598   10.04043  306.05803     92.008 -9.990e-29
   40.15824  -72.17256     49.687     49.300     6.1366    32.0207      7.942     0.0416 1.0190e-02  1025.4128     6.1325    25.1830     9.2382    281.603   10.04027  306.05319     92.011 -9.990e-29
   40.15824  -72.17256     49.695     49.308     6.1344    32.0198      7.942     0.0416 1.0267e-02  1025.4116     6.1304    25.1825     9.2450    281.812   10.04013  306.04887     92.081 -9.990e-29
   40.15824  -72.17256     49.708     49.320     6.1311    32.0193      7.942     0.0416 1.0267e-02  1025.4114     6.1270    25.1825     9.2453    281.819   10.03992  306.04262     92.085 -9.990e-29
   40.15824  -72.17256     49.735     49.348     6.1264    32.0199      7.942     0.0416 1.0225e-02  1025.4124     6.1224    25.1836     9.2529    282.053   10.03955  306.03107     92.165 -9.990e-29
   40.15824  -72.17256     49.746     49.359     6.1219    32.0222      7.942     0.0416 1.0225e-02  1025.4151     6.1179    25.1858     9.2475    281.888   10.03928  306.02291     92.113 -9.990e-29
   40.15824  -72.17256     49.769     49.381     6.1193    32.0250      7.942     0.0416 9.9970e-03  1025.4189     6.1153    25.1884     9.2476    281.890   10.03892  306.01214     92.117 -9.990e-29
   40.15824  -72.17256     49.777     49.389     6.1191    32.0269      7.942     0.0282 9.4723e-03  1025.4203     6.1151    25.1901     9.2478    281.895   10.03868  306.00499     92.121 -9.990e-29
   40.15824  -72.17256     49.789     49.401     6.1182    32.0278      7.942     0.0416 9.2506e-03  1025.4209     6.1141    25.1909     9.2489    281.932   10.03840  305.99636     92.136 -9.990e-29
