CalculateIndicators/WaterTemperature/Data/CTD_NYOS/20240710_C22.cnv
* Sea-Bird SBE 9 Data File:
* FileName = C:\Seabird 9 CTD\Data\2024\202407_offshore\20240710_C22.hex
* Software Version Seasave V 7.23.2
* Temperature SN = 4590
* Conductivity SN = 3228
* Number of Bytes Per Scan = 44
* Number of Voltage Words = 5
* Number of Scans Averaged by the Deck Unit = 1
* NMEA Latitude = 40 21.39 N
* NMEA Longitude = 072 18.44 W
* NMEA UTC (Time) = Jul 10 2024  16:16:47
* NMEA baud rate = 4800
** Ship: seawolf
** Station: 10.3
** Operator: TCM
# nquan = 18
# nvalues = 13581                       
# units = specified
# name 0 = latitude: Latitude [deg]
# name 1 = longitude: Longitude [deg]
# name 2 = prDM: Pressure, Digiquartz [db]
# name 3 = depSM: Depth [salt water, m]
# name 4 = t090C: Temperature [ITS-90, deg C]
# name 5 = sal00: Salinity, Practical [PSU]
# name 6 = ph: pH
# name 7 = flECO-AFL: Fluorescence, WET Labs ECO-AFL/FL [mg/m^3]
# name 8 = cpar: CPAR/Corrected Irradiance [%]
# name 9 = density00: Density [density, kg/m^3]
# name 10 = potemp090C: Potential Temperature [ITS-90, deg C]
# name 11 = sigma-é00: Density [sigma-theta, kg/m^3]
# name 12 = sbeox0Mg/L: Oxygen, SBE 43 [mg/l]
# name 13 = sbox0Mm/Kg: Oxygen, SBE 43 [umol/kg]
# name 14 = oxsolMg/L: Oxygen Saturation, Garcia & Gordon [mg/l]
# name 15 = oxsolMm/Kg: Oxygen Saturation, Garcia & Gordon [umol/kg]
# name 16 = sbeox0PS: Oxygen, SBE 43 [% saturation]
# name 17 = flag:  0.000e+00
# span 0 =   40.35648,   40.35786       
# span 1 =  -72.30736,  -72.30502       
# span 2 =      1.839,     55.165       
# span 3 =      1.825,     54.733       
# span 4 =     6.7181,    22.7753       
# span 5 =    29.9918,    32.0027       
# span 6 =      7.824,      8.093       
# span 7 =    -0.0255,     2.0832       
# span 8 = 4.0190e-14, 1.2364e+02       
# span 9 =  1020.2637,  1025.3270       
# span 10 =     6.7134,    22.7743      
# span 11 =    20.2512,    25.0747      
# span 12 =     7.3036,    10.5026      
# span 13 =    222.662,    320.293      
# span 14 =    7.24020,    9.90636      
# span 15 =  221.76481,  302.00628      
# span 16 =     73.838,    111.382      
# span 17 = 0.0000e+00, 0.0000e+00      
# interval = seconds: 0.0416667
# start_time = Jul 10 2024 16:16:48 [System UTC, first data scan.]
# bad_flag = -9.990e-29
*END*
[from data line 6513]
   40.35744  -72.30628     34.611     34.342     7.3157    31.8933      7.907     0.1222 5.7858e-02  1025.0890     7.3126    24.9306     8.2628    251.935    9.77919  298.17030     84.494 -9.990e-29
   40.35744  -72.30628     34.602     34.332     7.3152    31.8937      7.912     0.1222 5.7813e-02  1025.0897     7.3121    24.9309     8.2634    251.954    9.77926  298.17281     84.499 -9.990e-29
   40.35744  -72.30628     34.611     34.342     7.3151    31.8940      7.907     0.1222 5.7813e-02  1025.0901     7.3119    24.9311     8.2577    251.781    9.77949  298.18013     84.439 -9.990e-29
   40.35744  -72.30628     34.602     34.332     7.3154    31.8940      7.907     0.1222 5.7939e-02  1025.0899     7.3123    24.9312     8.2634    251.956    9.77961  298.18424     84.497 -9.990e-29
   40.35744  -72.30628     34.592     34.323     7.3152    31.8940      7.907     0.1222 5.7939e-02  1025.0902     7.3121    24.9312     8.2635    251.958    9.77963  298.18479     84.497 -9.990e-29
   40.35744  -72.30628     34.581     34.312     7.3156    31.8936      7.907     0.1222 5.7893e-02  1025.0894     7.3125    24.9308     8.2634    251.955    9.77970  298.18633     84.496 -9.990e-29
   40.35744  -72.30628     34.592     34.323     7.3152    31.8929      7.907     0.1222 5.8365e-02  1025.0892     7.3121    24.9303     8.2640    251.973    9.77966  298.18500     84.502 -9.990e-29
   40.35744  -72.30628     34.581     34.312     7.3151    31.8919      7.907     0.1357 5.8365e-02  1025.0880     7.3119    24.9296     8.2646    251.989    9.77974  298.18765     84.507 -9.990e-29
   40.35744  -72.30628     34.581     34.312     7.3149    31.8912      7.907     0.1357 5.8493e-02  1025.0876     7.3118    24.9291     8.2650    252.003    9.77987  298.19153     84.510 -9.990e-29
   40.35744  -72.30628     34.571     34.302     7.3143    31.8907      7.912     0.1357 5.8841e-02  1025.0875     7.3111    24.9287     8.2652    252.009    9.77993  298.19342     84.512 -9.990e-29
   40.35744  -72.30628     34.571     34.302     7.3138    31.8901      7.912     0.1357 5.8970e-02  1025.0870     7.3107    24.9282     8.2643    251.982    9.77998  298.19486     84.502 -9.990e-29
   40.35744  -72.30628     34.560     34.291     7.3133    31.8892      7.912     0.1357 5.8970e-02  1025.0861     7.3102    24.9276     8.2641    251.975    9.77994  298.19341     84.501 -9.990e-29
   40.35744  -72.30628     34.551     34.282     7.3126    31.8884      7.912     0.1357 5.9099e-02  1025.0855     7.3095    24.9270     8.2636    251.958    9.77971  298.18555     84.497 -9.990e-29
   40.35744  -72.30628     34.560     34.291     7.3118    31.8876      7.912     0.1357 5.9099e-02  1025.0852     7.3087    24.9265     8.2628    251.934    9.77937  298.17467     84.492 -9.990e-29
   40.35744  -72.30628     34.541     34.272     7.3108    31.8867      7.907     0.1357 5.9052e-02  1025.0845     7.3077    24.9260     8.2619    251.905    9.77907  298.16533     84.485 -9.990e-29
   40.35744  -72.30628     34.541     34.272     7.3100    31.8857      7.907     0.1357 5.9404e-02  1025.0837     7.3069    24.9253     8.2609    251.876    9.77887  298.15946     84.477 -9.990e-29
   40.35744  -72.30628     34.541     34.272     7.3092    31.8850      7.907     0.1357 5.9534e-02  1025.0830     7.3061    24.9249     8.2598    251.843    9.77873  298.15537     84.467 -9.990e-29
   40.35744  -72.30628     34.530     34.261     7.3081    31.8850      7.912     0.1357 5.9487e-02  1025.0832     7.3050    24.9248     8.2596    251.836    9.77864  298.15273     84.465 -9.990e-29
   40.35744  -72.30628     34.520     34.252     7.3073    31.8850      7.907     0.1357 5.9664e-02  1025.0835     7.3042    24.9251     8.2644    251.982    9.77832  298.14263     84.517 -9.990e-29
   40.35744  -72.30628     34.520     34.252     7.3063    31.8850      7.907     0.1357 5.9794e-02  1025.0836     7.3032    24.9253     8.2636    251.959    9.77806  298.13452     84.512 -9.990e-29
   40.35744  -72.30628     34.511     34.242     7.3052    31.8852      7.912     0.1357 5.9794e-02  1025.0840     7.3021    24.9256     8.2637    251.961    9.77784  298.12767     84.514 -9.990e-29
   40.35744  -72.30628     34.500     34.231     7.3047    31.8853      7.907     0.1357 5.9925e-02  1025.0841     7.3016    24.9258     8.2564    251.738    9.77766  298.12249     84.441 -9.990e-29
   40.35744  -72.30628     34.500     34.231     7.3039    31.8853      7.912     0.1357 6.0102e-02  1025.0842     7.3007    24.9259     8.2606    251.868    9.77752  298.11820     84.486 -9.990e-29
   40.35744  -72.30628     34.500     34.231     7.3034    31.8855      7.907     0.1357 6.0056e-02  1025.0843     7.3003    24.9261     8.2530    251.636    9.77738  298.11435     84.409 -9.990e-29
   40.35744  -72.30628     34.490     34.222     7.3029    31.8859      7.907     0.1357 6.0234e-02  1025.0847     7.2998    24.9264     8.2570    251.759    9.77733  298.11286     84.451 -9.990e-29
   40.35744  -72.30628     34.479     34.211     7.3022    31.8861      7.912     0.1357 6.0187e-02  1025.0850     7.2991    24.9267     8.2501    251.547    9.77724  298.11037     84.380 -9.990e-29
   40.35744  -72.30628     34.479     34.211     7.3019    31.8863      7.907     0.1357 6.0187e-02  1025.0852     7.2988    24.9269     8.2484    251.496    9.77719  298.10898     84.364 -9.990e-29
   40.35744  -72.30628     34.469     34.201     7.3013    31.8864      7.912     0.1357 6.0140e-02  1025.0853     7.2982    24.9270     8.2477    251.473    9.77718  298.10860     84.356 -9.990e-29
   40.35744  -72.30628     34.469     34.201     7.3011    31.8865      7.912     0.1357 6.0318e-02  1025.0850     7.2980    24.9272     8.2459    251.419    9.77719  298.10933     84.338 -9.990e-29
   40.35744  -72.30628     34.469     34.201     7.3002    31.8868      7.907     0.1357 6.0271e-02  1025.0858     7.2971    24.9275     8.2440    251.363    9.77727  298.11167     84.319 -9.990e-29
   40.35744  -72.30628     34.469     34.201     7.3003    31.8870      7.907     0.1357 6.0450e-02  1025.0858     7.2972    24.9277     8.2430    251.331    9.77727  298.11180     84.308 -9.990e-29
   40.35744  -72.30628     34.460     34.192     7.2996    31.8872      7.907     0.1491 6.0762e-02  1025.0861     7.2965    24.9279     8.2419    251.298    9.77734  298.11411     84.296 -9.990e-29
   40.35744  -72.30628     34.460     34.192     7.2995    31.8874      7.912     0.1491 6.0942e-02  1025.0861     7.2964    24.9281     8.2408    251.264    9.77743  298.11641     84.284 -9.990e-29
   40.35744  -72.30628     34.449     34.181     7.2992    31.8878      7.912     0.1491 6.0895e-02  1025.0865     7.2961    24.9284     8.2386    251.197    9.77748  298.11814     84.261 -9.990e-29
   40.35746  -72.30628     34.460     34.192     7.2992    31.8882      7.912     0.1491 6.1028e-02  1025.0868     7.2961    24.9287     8.2373    251.157    9.77758  298.12085     84.247 -9.990e-29
   40.35746  -72.30628     34.449     34.181     7.2990    31.8887      7.907     0.1491 6.1028e-02  1025.0871     7.2959    24.9292     8.2358    251.113    9.77761  298.12170     84.232 -9.990e-29
   40.35746  -72.30628     34.460     34.192     7.2990    31.8896      7.907     0.1491 6.1028e-02  1025.0880     7.2959    24.9299     8.2352    251.094    9.77759  298.12098     84.225 -9.990e-29
   40.35746  -72.30628     34.449     34.181     7.2992    31.8905      7.907     0.1491 6.1161e-02  1025.0889     7.2961    24.9306     8.2273    250.852    9.77755  298.11982     84.145 -9.990e-29
   40.35746  -72.30628     34.460     34.192     7.2995    31.8905      7.907     0.1491 6.1343e-02  1025.0893     7.2964    24.9309     8.2320    250.995    9.77755  298.11982     84.193 -9.990e-29
   40.35746  -72.30628     34.460     34.192     7.2998    31.8905      7.907     0.1491 6.1295e-02  1025.0889     7.2967    24.9306     8.2312    250.972    9.77753  298.11906     84.185 -9.990e-29
   40.35746  -72.30628     34.449     34.181     7.3002    31.8906      7.912     0.1491 6.1295e-02  1025.0879     7.2971    24.9302     8.2305    250.950    9.77754  298.11965     84.178 -9.990e-29
   40.35746  -72.30628     34.469     34.201     7.3000    31.8906      7.907     0.1491 6.1248e-02  1025.0878     7.2969    24.9300     8.2298    250.928    9.77764  298.12255     84.169 -9.990e-29
   40.35746  -72.30628     34.460     34.192     7.3002    31.8906      7.912     0.1491 6.1248e-02  1025.0887     7.2971    24.9305     8.2227    250.712    9.77767  298.12372     84.097 -9.990e-29
   40.35746  -72.30628     34.469     34.201     7.3003    31.8912      7.907     0.1491 6.1381e-02  1025.0894     7.2972    24.9309     8.2210    250.659    9.77771  298.12472     84.079 -9.990e-29
   40.35746  -72.30628     34.479     34.211     7.3006    31.8913      7.907     0.1491 6.1563e-02  1025.0894     7.2975    24.9311     8.2246    250.769    9.77769  298.12401     84.116 -9.990e-29
   40.35746  -72.30628     34.469     34.201     7.3006    31.8914      7.907     0.1491 6.1516e-02  1025.0892     7.2975    24.9310     8.2237    250.743    9.77777  298.12632     84.106 -9.990e-29
   40.35746  -72.30628     34.490     34.222     7.3011    31.8914      7.907     0.1491 6.1516e-02  1025.0891     7.2980    24.9310     8.2228    250.715    9.77778  298.12672     84.097 -9.990e-29
   40.35746  -72.30628     34.479     34.211     7.3013    31.8913      7.907     0.1491 6.1468e-02  1025.0897     7.2982    24.9311     8.2227    250.713    9.77777  298.12661     84.096 -9.990e-29
   40.35746  -72.30628     34.490     34.222     7.3016    31.8909      7.907     0.1491 6.1468e-02  1025.0893     7.2985    24.9306     8.2228    250.714    9.77785  298.12893     84.096 -9.990e-29
   40.35746  -72.30628     34.500     34.231     7.3019    31.8895      7.907     0.1491 6.1468e-02  1025.0876     7.2988    24.9295     8.2228    250.714    9.77785  298.12909     84.096 -9.990e-29
   40.35746  -72.30628     34.511     34.242     7.3013    31.8881      7.907     0.1491 6.1239e-02  1025.0866     7.2982    24.9284     8.2227    250.713    9.77788  298.12995     84.095 -9.990e-29
   40.35746  -72.30628     34.511     34.242     7.3011    31.8881      7.912     0.1491 6.1192e-02  1025.0856     7.2980    24.9278     8.2156    250.494    9.77799  298.13335     84.021 -9.990e-29
   40.35746  -72.30628     34.520     34.252     7.3010    31.8881      7.907     0.1491 6.1192e-02  1025.0859     7.2979    24.9281     8.2146    250.466    9.77801  298.13382     84.011 -9.990e-29
   40.35746  -72.30628     34.520     34.252     7.3000    31.8885      7.912     0.1491 6.0964e-02  1025.0879     7.2969    24.9289     8.2138    250.440    9.77809  298.13626     84.002 -9.990e-29
   40.35746  -72.30628     34.530     34.261     7.3002    31.8885      7.912     0.1491 6.0964e-02  1025.0879     7.2971    24.9293     8.2130    250.416    9.77817  298.13839     83.993 -9.990e-29
   40.35746  -72.30628     34.530     34.261     7.3000    31.8887      7.912     0.1625 6.0737e-02  1025.0874     7.2969    24.9291     8.2121    250.389    9.77813  298.13722     83.985 -9.990e-29
   40.35746  -72.30628     34.541     34.272     7.2995    31.8887      7.907     0.1625 6.0557e-02  1025.0873     7.2964    24.9290     8.2050    250.173    9.77814  298.13738     83.912 -9.990e-29
   40.35746  -72.30628     34.551     34.282     7.2992    31.8887      7.907     0.1625 6.0511e-02  1025.0875     7.2961    24.9291     8.2097    250.316    9.77817  298.13824     83.960 -9.990e-29
   40.35746  -72.30628     34.560     34.291     7.2988    31.8892      7.912     0.1625 6.0511e-02  1025.0879     7.2957    24.9295     8.2091    250.298    9.77825  298.14064     83.953 -9.990e-29
   40.35746  -72.30628     34.560     34.291     7.2988    31.8905      7.907     0.1625 6.0285e-02  1025.0884     7.2957    24.9306     8.2084    250.277    9.77820  298.13908     83.946 -9.990e-29
   40.35746  -72.30628     34.571     34.302     7.2988    31.8929      7.912     0.1625 6.0107e-02  1025.0913     7.2957    24.9325     8.2141    250.449    9.77814  298.13722     84.004 -9.990e-29
   40.35746  -72.30628     34.581     34.312     7.2995    31.8953      7.912     0.1625 6.0107e-02  1025.0936     7.2964    24.9343     8.2081    250.266    9.77813  298.13695     83.943 -9.990e-29
   40.35746  -72.30628     34.581     34.312     7.3004    31.8955      7.912     0.1625 5.9883e-02  1025.0945     7.2973    24.9350     8.2075    250.248    9.77810  298.13605     83.937 -9.990e-29
   40.35746  -72.30628     34.602     34.332     7.3018    31.8958      7.907     0.1625 5.9706e-02  1025.0933     7.2987    24.9345     8.2006    250.037    9.77802  298.13379     83.867 -9.990e-29
   40.35746  -72.30628     34.602     34.332     7.3027    31.8960      7.907     0.1625 5.9837e-02  1025.0923     7.2996    24.9340     8.2055    250.188    9.77806  298.13493     83.918 -9.990e-29
   40.35746  -72.30628     34.611     34.342     7.3029    31.8960      7.907     0.1625 5.9660e-02  1025.0928     7.2998    24.9342     8.2051    250.174    9.77800  298.13289     83.914 -9.990e-29
   40.35746  -72.30628     34.611     34.342     7.3040    31.8967      7.912     0.1625 5.9660e-02  1025.0935     7.3009    24.9348     8.2047    250.161    9.77796  298.13135     83.910 -9.990e-29
   40.35746  -72.30628     34.622     34.353     7.3047    31.8977      7.912     0.1625 5.9614e-02  1025.0948     7.3016    24.9355     8.2116    250.373    9.77797  298.13179     83.981 -9.990e-29
   40.35746  -72.30628     34.622     34.353     7.3056    31.8977      7.907     0.1625 5.9438e-02  1025.0948     7.3025    24.9356     8.2068    250.227    9.77791  298.12992     83.932 -9.990e-29
   40.35746  -72.30628     34.632     34.363     7.3066    31.8977      7.912     0.1625 5.9217e-02  1025.0941     7.3035    24.9352     8.2075    250.249    9.77794  298.13088     83.939 -9.990e-29
   40.35746  -72.30628     34.622     34.353     7.3074    31.8970      7.907     0.1625 5.9393e-02  1025.0936     7.3043    24.9345     8.2010    250.051    9.77786  298.12878     83.873 -9.990e-29
   40.35746  -72.30628     34.643     34.373     7.3084    31.8962      7.912     0.1625 5.9217e-02  1025.0925     7.3053    24.9338     8.2074    250.245    9.77797  298.13194     83.938 -9.990e-29
   40.35746  -72.30628     34.653     34.383     7.3087    31.8956      7.912     0.1625 5.9171e-02  1025.0923     7.3056    24.9333     8.2074    250.244    9.77792  298.13037     83.938 -9.990e-29
   40.35746  -72.30628     34.653     34.383     7.3092    31.8951      7.912     0.1625 5.9171e-02  1025.0919     7.3061    24.9328     8.2083    250.274    9.77793  298.13080     83.948 -9.990e-29
   40.35746  -72.30628     34.653     34.383     7.3097    31.8945      7.907     0.1625 5.9171e-02  1025.0912     7.3066    24.9323     8.2085    250.279    9.77798  298.13227     83.949 -9.990e-29
   40.35746  -72.30628     34.662     34.393     7.3099    31.8940      7.912     0.1625 5.8777e-02  1025.0910     7.3067    24.9318     8.2087    250.286    9.77805  298.13443     83.951 -9.990e-29
   40.35746  -72.30628     34.673     34.404     7.3100    31.8934      7.912     0.1625 5.8777e-02  1025.0905     7.3068    24.9313     8.2089    250.291    9.77804  298.13439     83.952 -9.990e-29
   40.35746  -72.30628     34.673     34.404     7.3099    31.8928      7.907     0.1625 5.8777e-02  1025.0899     7.3067    24.9309     8.2091    250.298    9.77805  298.13443     83.955 -9.990e-29
   40.35746  -72.30628     34.683     34.413     7.3100    31.8928      7.907     0.1625 5.8603e-02  1025.0894     7.3069    24.9306     8.2094    250.305    9.77801  298.13357     83.957 -9.990e-29
