CalculateIndicators/WaterTemperature/Data/CTD_NYOS/20240427_C15.cnv
* Sea-Bird SBE 9 Data File:
* FileName = C:\Seabird 9 CTD\Data\2024\202404_offshore\20240427_C15.hex
* Software Version Seasave V 7.23.2
* Temperature SN = 4590
* Conductivity SN = 3228
* Number of Bytes Per Scan = 44
* Number of Voltage Words = 5
* Number of Scans Averaged by the Deck Unit = 1
* NMEA Latitude = 39 46.38 N
* NMEA Longitude = 072 23.28 W
* NMEA UTC (Time) = Apr 27 2024  15:23:52
* NMEA baud rate = 4800
** Ship: Seawolf
** Station: 9.5
** Operator: TCM
# nquan = 18
# nvalues = 16220                       
# units = specified
# name 0 = latitude: Latitude [deg]
# name 1 = longitude: Longitude [deg]
# name 2 = prDM: Pressure, Digiquartz [db]
# name 3 = depSM: Depth [salt water, m]
# name 4 = t090C: Temperature [ITS-90, deg C]
# name 5 = sal00: Salinity, Practical [PSU]
# name 6 = ph: pH
# name 7 = flECO-AFL: Fluorescence, WET Labs ECO-AFL/FL [mg/m^3]
# name 8 = cpar: CPAR/Corrected Irradiance [%]
# name 9 = density00: Density [density, kg/m^3]
# name 10 = potemp090C: Potential Temperature [ITS-90, deg C]
# name 11 = sigma-é00: Density [sigma-theta, kg/m^3]
# name 12 = sbeox0Mg/L: Oxygen, SBE 43 [mg/l]
# name 13 = sbox0Mm/Kg: Oxygen, SBE 43 [umol/kg]
# name 14 = oxsolMg/L: Oxygen Saturation, Garcia & Gordon [mg/l]
# name 15 = oxsolMm/Kg: Oxygen Saturation, Garcia & Gordon [umol/kg]
# name 16 = sbeox0PS: Oxygen, SBE 43 [% saturation]
# name 17 = flag:  0.000e+00
# span 0 =   39.77286,   39.77306       
# span 1 =  -72.38858,  -72.38814       
# span 2 =      1.800,     83.904       
# span 3 =      1.786,     83.246       
# span 4 =     5.8473,     8.0585       
# span 5 =    32.0624,    32.2758       
# span 6 =      7.933,      8.052       
# span 7 =    -0.0255,     0.7938       
# span 8 = 4.3505e-14, 4.8719e+02       
# span 9 =  1024.9981,  1025.8036       
# span 10 =     5.8427,     8.0582      
# span 11 =    24.9885,    25.4180      
# span 12 =     9.3077,    10.1277      
# span 13 =    283.661,    308.765      
# span 14 =    9.59852,   10.09135      
# span 15 =  292.64334,  307.54792      
# span 16 =     92.294,    105.303      
# span 17 = 0.0000e+00, 0.0000e+00      
# interval = seconds: 0.0416667
# start_time = Apr 27 2024 15:23:53 [System UTC, first data scan.]
# bad_flag = -9.990e-29
*END*
[from data line 4664]
   39.77300  -72.38830     83.610     82.955     5.8674    32.2739      7.933     0.0013 1.5727e-13  1025.8016     5.8607    25.4157     9.3270    284.248   10.08486  307.34503     92.485 -9.990e-29
   39.77300  -72.38830     83.637     82.981     5.8673    32.2741      7.933     0.0013 1.5727e-13  1025.8024     5.8606    25.4159     9.3268    284.244   10.08487  307.34509     92.484 -9.990e-29
   39.77300  -72.38830     83.651     82.995     5.8673    32.2742      7.933     0.0013 1.5727e-13  1025.8024     5.8606    25.4160     9.3267    284.238   10.08483  307.34403     92.482 -9.990e-29
   39.77300  -72.38830     83.667     83.011     5.8673    32.2742      7.933     0.0013 1.5678e-13  1025.8024     5.8606    25.4160     9.3264    284.231   10.08479  307.34285     92.480 -9.990e-29
   39.77300  -72.38830     83.671     83.015     5.8674    32.2742      7.933     0.0013 1.5678e-13  1025.8025     5.8607    25.4160     9.3197    284.027   10.08481  307.34352     92.413 -9.990e-29
   39.77300  -72.38830     83.702     83.045     5.8674    32.2742      7.938     0.0013 1.5678e-13  1025.8027     5.8607    25.4160     9.3263    284.227   10.08481  307.34363     92.478 -9.990e-29
   39.77300  -72.38830     83.709     83.052     5.8676    32.2742      7.938     0.0013 1.5678e-13  1025.8025     5.8609    25.4160     9.3196    284.023   10.08483  307.34397     92.412 -9.990e-29
   39.77300  -72.38830     83.723     83.066     5.8674    32.2742      7.933     0.0013 1.5630e-13  1025.8028     5.8607    25.4160     9.3186    283.991   10.08485  307.34451     92.402 -9.990e-29
   39.77300  -72.38830     83.739     83.082     5.8677    32.2741      7.933     0.0013 1.5630e-13  1025.8025     5.8611    25.4159     9.3242    284.163   10.08485  307.34449     92.458 -9.990e-29
   39.77300  -72.38830     83.743     83.087     5.8677    32.2739      7.938     0.0013 1.5630e-13  1025.8025     5.8611    25.4157     9.3242    284.163   10.08482  307.34375     92.458 -9.990e-29
   39.77300  -72.38830     83.764     83.107     5.8677    32.2738      7.933     0.0013 1.5582e-13  1025.8024     5.8611    25.4156     9.3243    284.166   10.08487  307.34540     92.458 0.0000e+00
   39.77300  -72.38830     83.770     83.113     5.8679    32.2737      7.933     0.0013 1.5582e-13  1025.8025     5.8612    25.4156     9.3243    284.167   10.08490  307.34610     92.458 0.0000e+00
   39.77300  -72.38830     83.785     83.128     5.8681    32.2737      7.933     0.0013 1.5534e-13  1025.8025     5.8614    25.4156     9.3177    283.965   10.08489  307.34592     92.392 0.0000e+00
   39.77300  -72.38830     83.804     83.147     5.8679    32.2737      7.933     0.0013 1.5486e-13  1025.8027     5.8612    25.4156     9.3167    283.934   10.08487  307.34527     92.383 -9.990e-29
   39.77300  -72.38830     83.800     83.143     5.8677    32.2737      7.933     0.0013 1.5486e-13  1025.8028     5.8611    25.4156     9.3224    284.108   10.08484  307.34437     92.440 -9.990e-29
   39.77300  -72.38830     83.825     83.168     5.8679    32.2737      7.933     0.0013 1.5439e-13  1025.8026     5.8612    25.4156     9.3158    283.907   10.08480  307.34300     92.375 -9.990e-29
   39.77300  -72.38830     83.821     83.164     5.8677    32.2737      7.938     0.0013 1.5392e-13  1025.8028     5.8611    25.4156     9.3216    284.084   10.08483  307.34407     92.432 -9.990e-29
   39.77300  -72.38830     83.836     83.179     5.8677    32.2738      7.933     0.0013 1.5345e-13  1025.8028     5.8611    25.4157     9.3151    283.886   10.08482  307.34374     92.367 0.0000e+00
   39.77300  -72.38830     83.846     83.188     5.8676    32.2738      7.933     0.0013 1.5299e-13  1025.8031     5.8609    25.4157     9.3143    283.861   10.08486  307.34475     92.359 0.0000e+00
   39.77300  -72.38830     83.853     83.195     5.8676    32.2738      7.938     0.0013 1.5162e-13  1025.8030     5.8609    25.4156     9.3135    283.838   10.08489  307.34577     92.351 0.0000e+00
   39.77300  -72.38830     83.856     83.198     5.8677    32.2737      7.933     0.0013 1.4938e-13  1025.8028     5.8610    25.4156     9.3128    283.816   10.08492  307.34672     92.344 -9.990e-29
   39.77300  -72.38830     83.856     83.198     5.8679    32.2738      7.933     0.0013 1.4552e-13  1025.8028     5.8612    25.4157     9.3121    283.794   10.08491  307.34636     92.337 -9.990e-29
   39.77300  -72.38830     83.883     83.225     5.8674    32.2741      7.933     0.0013 1.3950e-13  1025.8033     5.8607    25.4159     9.3114    283.773   10.08489  307.34586     92.330 -9.990e-29
   39.77300  -72.38830     83.867     83.209     5.8674    32.2743      7.938     0.0013 1.3257e-13  1025.8036     5.8607    25.4160     9.3174    283.957   10.08490  307.34600     92.390 -9.990e-29
   39.77300  -72.38830     83.893     83.235     5.8676    32.2742      7.938     0.0013 1.2442e-13  1025.8035     5.8609    25.4159     9.3112    283.768   10.08495  307.34751     92.328 -9.990e-29
   39.77300  -72.38830     83.876     83.218     5.8679    32.2739      7.933     0.0013 1.1749e-13  1025.8030     5.8612    25.4157     9.3106    283.748   10.08486  307.34492     92.322 -9.990e-29
   39.77300  -72.38830     83.887     83.229     5.8679    32.2737      7.933     0.0013 1.1081e-13  1025.8030     5.8612    25.4156     9.3100    283.731   10.08486  307.34488     92.317 0.0000e+00
   39.77300  -72.38830     83.893     83.235     5.8677    32.2737      7.933     0.0013 1.0528e-13  1025.8030     5.8611    25.4156     9.3095    283.714   10.08480  307.34290     92.312 0.0000e+00
   39.77300  -72.38830     83.897     83.239     5.8679    32.2738      7.938     0.0013 1.0108e-13  1025.8030     5.8612    25.4156     9.3090    283.700   10.08478  307.34230     92.307 -9.990e-29
   39.77300  -72.38830     83.887     83.229     5.8676    32.2739      7.933     0.0013 9.7950e-14  1025.8033     5.8609    25.4157     9.3086    283.687   10.08477  307.34225     92.303 -9.990e-29
   39.77300  -72.38830     83.893     83.235     5.8679    32.2739      7.933     0.0013 9.6274e-14  1025.8033     5.8612    25.4157     9.3083    283.679   10.08486  307.34480     92.300 -9.990e-29
   39.77300  -72.38830     83.897     83.239     5.8677    32.2737      7.933     0.0013 9.5909e-14  1025.8029     5.8611    25.4157     9.3080    283.669   10.08485  307.34468     92.297 -9.990e-29
   39.77300  -72.38830     83.887     83.229     5.8677    32.2738      7.938     0.0013 9.7011e-14  1025.8031     5.8611    25.4157     9.3077    283.661   10.08487  307.34540     92.294 -9.990e-29
   39.77300  -72.38830     83.904     83.246     5.8674    32.2738      7.938     0.0013 9.9685e-14  1025.8035     5.8607    25.4157     9.3085    283.686   10.08486  307.34475     92.302 0.0000e+00
   39.77300  -72.38830     83.887     83.229     5.8679    32.2738      7.933     0.0013 1.0356e-13  1025.8027     5.8612    25.4157     9.3085    283.684   10.08495  307.34768     92.301 0.0000e+00
   39.77300  -72.38830     83.883     83.225     5.8674    32.2738      7.933     0.0013 1.0867e-13  1025.8033     5.8607    25.4157     9.3083    283.679   10.08488  307.34550     92.300 0.0000e+00
   39.77300  -72.38830     83.876     83.218     5.8677    32.2738      7.933     0.0013 1.1483e-13  1025.8030     5.8611    25.4157     9.3083    283.677   10.08490  307.34619     92.299 -9.990e-29
   39.77300  -72.38830     83.876     83.218     5.8677    32.2737      7.933     0.0013 1.2202e-13  1025.8031     5.8611    25.4156     9.3083    283.678   10.08492  307.34666     92.299 -9.990e-29
   39.77300  -72.38830     83.872     83.214     5.8681    32.2737      7.933     0.0013 1.2951e-13  1025.8028     5.8614    25.4156     9.3083    283.677   10.08489  307.34570     92.299 0.0000e+00
   39.77300  -72.38830     83.867     83.209     5.8677    32.2737      7.933     0.0148 1.3686e-13  1025.8029     5.8611    25.4156     9.3150    283.882   10.08490  307.34630     92.366 -9.990e-29
   39.77300  -72.38830     83.867     83.209     5.8679    32.2737      7.938     0.0148 1.4265e-13  1025.8029     5.8612    25.4156     9.3095    283.714   10.08492  307.34664     92.311 -9.990e-29
   39.77300  -72.38830     83.853     83.195     5.8679    32.2737      7.933     0.0148 1.4721e-13  1025.8029     5.8612    25.4155     9.3096    283.717   10.08493  307.34692     92.312 0.0000e+00
   39.77300  -72.38830     83.846     83.188     5.8681    32.2737      7.938     0.0148 1.5071e-13  1025.8027     5.8614    25.4155     9.3097    283.722   10.08493  307.34692     92.313 0.0000e+00
   39.77300  -72.38830     83.836     83.179     5.8677    32.2737      7.933     0.0148 1.5345e-13  1025.8029     5.8611    25.4156     9.3166    283.931   10.08493  307.34707     92.381 -9.990e-29
   39.77300  -72.38830     83.842     83.184     5.8679    32.2737      7.933     0.0148 1.5582e-13  1025.8029     5.8612    25.4156     9.3111    283.764   10.08488  307.34544     92.327 -9.990e-29
   39.77300  -72.38830     83.804     83.147     5.8679    32.2737      7.933     0.0148 1.5776e-13  1025.8025     5.8612    25.4155     9.3124    283.804   10.08487  307.34539     92.340 -9.990e-29
   39.77300  -72.38830     83.821     83.163     5.8679    32.2737      7.933     0.0148 1.5925e-13  1025.8027     5.8612    25.4155     9.3128    283.815   10.08491  307.34624     92.344 -9.990e-29
   39.77300  -72.38830     83.795     83.137     5.8677    32.2738      7.933     0.0148 1.6025e-13  1025.8025     5.8611    25.4156     9.3131    283.825   10.08485  307.34468     92.347 0.0000e+00
   39.77300  -72.38830     83.785     83.128     5.8677    32.2738      7.938     0.0148 1.6127e-13  1025.8027     5.8610    25.4156     9.3202    284.041   10.08488  307.34539     92.417 0.0000e+00
   39.77300  -72.38830     83.770     83.113     5.8677    32.2737      7.938     0.0148 1.6179e-13  1025.8025     5.8611    25.4156     9.3150    283.883   10.08489  307.34570     92.366 0.0000e+00
   39.77300  -72.38830     83.753     83.096     5.8679    32.2737      7.933     0.0148 1.6231e-13  1025.8024     5.8612    25.4156     9.3155    283.896   10.08487  307.34523     92.371 0.0000e+00
   39.77300  -72.38830     83.709     83.052     5.8681    32.2736      7.933     0.0148 1.6231e-13  1025.8021     5.8614    25.4155     9.3159    283.911   10.08485  307.34448     92.375 -9.990e-29
   39.77300  -72.38830     83.743     83.086     5.8681    32.2735      7.933     0.0148 1.6283e-13  1025.8020     5.8614    25.4154     9.3165    283.927   10.08484  307.34422     92.381 -9.990e-29
   39.77300  -72.38830     83.702     83.045     5.8681    32.2735      7.933     0.0148 1.6283e-13  1025.8018     5.8614    25.4154     9.3227    284.116   10.08487  307.34524     92.442 0.0000e+00
   39.77300  -72.38830     83.698     83.041     5.8679    32.2737      7.933     0.0148 1.6283e-13  1025.8022     5.8612    25.4155     9.3176    283.961   10.08485  307.34462     92.392 0.0000e+00
   39.77300  -72.38830     83.671     83.015     5.8677    32.2739      7.938     0.0148 1.6283e-13  1025.8022     5.8611    25.4157     9.3171    283.947   10.08488  307.34548     92.387 0.0000e+00
   39.77300  -72.38830     83.650     82.994     5.8677    32.2740      7.933     0.0148 1.6283e-13  1025.8022     5.8611    25.4158     9.3167    283.934   10.08493  307.34692     92.382 0.0000e+00
   39.77300  -72.38830     83.637     82.981     5.8679    32.2739      7.938     0.0148 1.6283e-13  1025.8020     5.8612    25.4157     9.3172    283.949   10.08481  307.34361     92.388 0.0000e+00
   39.77300  -72.38830     83.630     82.974     5.8677    32.2737      7.933     0.0148 1.6231e-13  1025.8017     5.8611    25.4156     9.3178    283.968   10.08483  307.34385     92.394 0.0000e+00
   39.77300  -72.38830     83.605     82.949     5.8676    32.2737      7.933     0.0148 1.6231e-13  1025.8018     5.8609    25.4156     9.3252    284.192   10.08485  307.34442     92.467 0.0000e+00
   39.77300  -72.38830     83.578     82.923     5.8676    32.2738      7.938     0.0148 1.6231e-13  1025.8017     5.8609    25.4157     9.3202    284.042   10.08485  307.34463     92.418 0.0000e+00
   39.77300  -72.38830     83.558     82.902     5.8676    32.2740      7.933     0.0148 1.6231e-13  1025.8018     5.8609    25.4159     9.3198    284.030   10.08483  307.34399     92.415 0.0000e+00
   39.77300  -72.38830     83.544     82.889     5.8677    32.2741      7.933     0.0148 1.6231e-13  1025.8017     5.8611    25.4159     9.3195    284.019   10.08481  307.34364     92.411 0.0000e+00
   39.77300  -72.38830     83.527     82.872     5.8679    32.2740      7.933     0.0013 1.6231e-13  1025.8017     5.8612    25.4158     9.3202    284.042   10.08483  307.34398     92.418 0.0000e+00
   39.77300  -72.38830     83.502     82.847     5.8679    32.2739      7.933     0.0013 1.6231e-13  1025.8012     5.8612    25.4157     9.3199    284.033   10.08483  307.34414     92.415 0.0000e+00
   39.77300  -72.38830     83.487     82.832     5.8679    32.2739      7.938     0.0013 1.6231e-13  1025.8013     5.8612    25.4157     9.3208    284.058   10.08491  307.34651     92.423 0.0000e+00
   39.77300  -72.38830     83.466     82.812     5.8677    32.2739      7.938     0.0013 1.6231e-13  1025.8012     5.8611    25.4157     9.3205    284.049   10.08487  307.34516     92.420 0.0000e+00
   39.77300  -72.38830     83.441     82.787     5.8676    32.2739      7.933     0.0013 1.6231e-13  1025.8011     5.8609    25.4157     9.3268    284.243   10.08486  307.34484     92.484 0.0000e+00
   39.77300  -72.38830     83.425     82.770     5.8674    32.2739      7.933     0.0013 1.6231e-13  1025.8012     5.8608    25.4157     9.3209    284.062   10.08482  307.34379     92.425 0.0000e+00
   39.77300  -72.38830     83.409     82.755     5.8676    32.2738      7.933     0.0013 1.6231e-13  1025.8008     5.8609    25.4157     9.3206    284.054   10.08486  307.34484     92.422 0.0000e+00
   39.77300  -72.38830     83.383     82.729     5.8676    32.2738      7.933     0.0013 1.6179e-13  1025.8008     5.8610    25.4157     9.3203    284.045   10.08489  307.34586     92.419 0.0000e+00
   39.77300  -72.38830     83.369     82.715     5.8676    32.2739      7.933     0.0013 1.6179e-13  1025.8007     5.8610    25.4158     9.3201    284.037   10.08494  307.34729     92.416 0.0000e+00
   39.77300  -72.38830     83.343     82.689     5.8673    32.2740      7.933     0.0013 1.6127e-13  1025.8009     5.8606    25.4158     9.3208    284.059   10.08488  307.34560     92.423 0.0000e+00
   39.77300  -72.38830     83.332     82.678     5.8677    32.2739      7.933     0.0013 1.6076e-13  1025.8005     5.8611    25.4158     9.3205    284.051   10.08488  307.34564     92.421 0.0000e+00
   39.77300  -72.38830     83.297     82.644     5.8677    32.2739      7.933     0.0013 1.5975e-13  1025.8004     5.8611    25.4158     9.3203    284.044   10.08491  307.34662     92.418 0.0000e+00
   39.77300  -72.38830     83.291     82.638     5.8679    32.2740      7.933     0.0013 1.5925e-13  1025.8007     5.8612    25.4158     9.3200    284.036   10.08490  307.34638     92.416 0.0000e+00
   39.77300  -72.38830     83.267     82.614     5.8680    32.2739      7.933     0.0013 1.5776e-13  1025.8004     5.8614    25.4157     9.3199    284.032   10.08505  307.35063     92.413 0.0000e+00
   39.77300  -72.38830     83.250     82.597     5.8682    32.2737      7.933     0.0013 1.5439e-13  1025.7998     5.8616    25.4155     9.3196    284.023   10.08501  307.34951     92.411 0.0000e+00
   39.77300  -72.38830     83.225     82.572     5.8677    32.2737      7.933     0.0013 1.4552e-13  1025.8001     5.8611    25.4155     9.3194    284.016   10.08505  307.35063     92.408 0.0000e+00
