CalculateIndicators/WaterTemperature/Data/CTD_NYOS/20240915_C33.cnv
* Sea-Bird SBE 9 Data File:
* FileName = C:\Seabird 9 CTD\Data\2024\202409_offshore\20240915_C33.hex
* Software Version Seasave V 7.23.2
* Temperature SN = 4590
* Conductivity SN = 3228
* Number of Bytes Per Scan = 44
* Number of Voltage Words = 5
* Number of Scans Averaged by the Deck Unit = 1
* NMEA Latitude = 40 18.52 N
* NMEA Longitude = 071 48.46 W
* NMEA UTC (Time) = Sep 15 2024  04:15:26
* NMEA baud rate = 4800
** Ship: Seawolf
** Station: 11.4
** Operator: TCM
# nquan = 18
# nvalues = 12790                       
# units = specified
# name 0 = latitude: Latitude [deg]
# name 1 = longitude: Longitude [deg]
# name 2 = prDM: Pressure, Digiquartz [db]
# name 3 = depSM: Depth [salt water, m]
# name 4 = t090C: Temperature [ITS-90, deg C]
# name 5 = sal00: Salinity, Practical [PSU]
# name 6 = ph: pH
# name 7 = flECO-AFL: Fluorescence, WET Labs ECO-AFL/FL [mg/m^3]
# name 8 = cpar: CPAR/Corrected Irradiance [%]
# name 9 = density00: Density [density, kg/m^3]
# name 10 = potemp090C: Potential Temperature [ITS-90, deg C]
# name 11 = sigma-é00: Density [sigma-theta, kg/m^3]
# name 12 = sbeox0Mg/L: Oxygen, SBE 43 [mg/l]
# name 13 = sbox0Mm/Kg: Oxygen, SBE 43 [umol/kg]
# name 14 = oxsolMg/L: Oxygen Saturation, Garcia & Gordon [mg/l]
# name 15 = oxsolMm/Kg: Oxygen Saturation, Garcia & Gordon [umol/kg]
# name 16 = sbeox0PS: Oxygen, SBE 43 [% saturation]
# name 17 = flag:  0.000e+00
# span 0 =   40.30872,   40.30896       
# span 1 =  -71.81032,  -71.80774       
# span 2 =      1.771,     69.766       
# span 3 =      1.757,     69.218       
# span 4 =    10.4303,    22.0846       
# span 5 =    31.8419,    34.3684       
# span 6 =      7.896,      8.207       
# span 7 =    -0.0524,     2.0294       
# span 8 = 1.6880e-11, 9.9999e+04       
# span 9 =  1022.9892,  1025.9149       
# span 10 =    10.4263,    22.0808      
# span 11 =    22.9833,    25.6031      
# span 12 =     6.3344,     8.5872      
# span 13 =    193.013,    261.971      
# span 14 =    7.17663,    9.09633      
# span 15 =  219.18501,  277.40191      
# span 16 =     71.367,    107.460      
# span 17 = 0.0000e+00, 0.0000e+00      
# interval = seconds: 0.0416667
# start_time = Sep 15 2024 04:15:27 [System UTC, first data scan.]
# bad_flag = -9.990e-29
*END*
[from data line 5146]
 -9.990e-29  -71.80874     44.906     44.556    11.4524    32.8755      7.958     0.4043 2.5320e-11  1025.2433    11.4469    25.0413     7.3962    225.489    8.87034  270.43053     83.381 0.0000e+00
 -9.990e-29  -71.80874     44.875     44.525    11.4524    32.8756      7.958     0.4043 2.5320e-11  1025.2430    11.4469    25.0415     7.4009    225.633    8.87034  270.43118     83.434 0.0000e+00
 -9.990e-29  -71.80874     44.833     44.484    11.4522    32.8754      7.958     0.4043 2.5320e-11  1025.2423    11.4467    25.0414     7.4009    225.633    8.87059  270.43923     83.432 0.0000e+00
 -9.990e-29  -71.80874     44.803     44.453    11.4516    32.8756      7.958     0.3908 2.5320e-11  1025.2421    11.4461    25.0416     7.3952    225.460    8.87087  270.44795     83.365 0.0000e+00
 -9.990e-29  -71.80874     44.763     44.414    11.4511    32.8767      7.958     0.4043 2.5320e-11  1025.2433    11.4456    25.0425     7.3951    225.456    8.87117  270.45734     83.361 0.0000e+00
 -9.990e-29  -71.80874     44.742     44.393    11.4508    32.8776      7.958     0.4043 2.5320e-11  1025.2449    11.4453    25.0432     7.4004    225.619    8.87150  270.46741     83.418 0.0000e+00
 -9.990e-29  -71.80874     44.691     44.343    11.4511    32.8771      7.958     0.4043 2.5320e-11  1025.2439    11.4456    25.0429     7.4007    225.628    8.87170  270.47363     83.420 0.0000e+00
 -9.990e-29  -71.80874     44.661     44.312    11.4506    32.8756      7.958     0.3908 2.5320e-11  1025.2419    11.4451    25.0418     7.4010    225.635    8.87189  270.47924     83.420 0.0000e+00
 -9.990e-29  -71.80874     44.629     44.281    11.4507    32.8742      7.958     0.4043 2.5320e-11  1025.2408    11.4452    25.0407     7.3955    225.468    8.87205  270.48392     83.357 0.0000e+00
 -9.990e-29  -71.80874     44.589     44.241    11.4504    32.8735      7.958     0.4043 2.5320e-11  1025.2398    11.4450    25.0402     7.3955    225.469    8.87214  270.48655     83.357 0.0000e+00
 -9.990e-29  -71.80874     44.559     44.211    11.4499    32.8736      7.958     0.3908 2.5320e-11  1025.2400    11.4444    25.0403     7.4003    225.613    8.87216  270.48707     83.410 0.0000e+00
 -9.990e-29  -71.80874     44.508     44.161    11.4500    32.8740      7.958     0.4043 2.5320e-11  1025.2407    11.4445    25.0406     7.4001    225.607    8.87219  270.48786     83.408 0.0000e+00
 -9.990e-29  -71.80874     44.456     44.110    11.4501    32.8738      7.958     0.3908 2.5320e-11  1025.2405    11.4446    25.0405     7.3998    225.599    8.87224  270.48941     83.404 0.0000e+00
 -9.990e-29  -71.80874     44.415     44.069    11.4496    32.8726      7.958     0.4043 2.5320e-11  1025.2389    11.4441    25.0397     7.3946    225.441    8.87228  270.49065     83.345 0.0000e+00
 -9.990e-29  -71.80874     44.385     44.039    11.4485    32.8717      7.958     0.4043 2.5320e-11  1025.2376    11.4430    25.0391     7.3996    225.592    8.87207  270.48347     83.403 0.0000e+00
 -9.990e-29  -71.80874     44.364     44.018    11.4476    32.8717      7.958     0.3908 2.5320e-11  1025.2381    11.4421    25.0392     7.3987    225.564    8.87157  270.46756     83.398 0.0000e+00
 -9.990e-29  -71.80874     44.334     43.988    11.4472    32.8724      7.958     0.4043 2.5320e-11  1025.2390    11.4418    25.0398     7.3977    225.532    8.87104  270.45100     83.391 0.0000e+00
 -9.990e-29  -71.80874     44.313     43.967    11.4480    32.8728      7.958     0.4043 2.5320e-11  1025.2393    11.4426    25.0402     7.3911    225.333    8.87062  270.43846     83.321 0.0000e+00
 -9.990e-29  -71.80874     44.303     43.958    11.4483    32.8731      7.958     0.4043 2.5320e-11  1025.2388    11.4428    25.0402     7.3958    225.475    8.87040  270.43175     83.376 0.0000e+00
 -9.990e-29  -71.80874     44.283     43.937    11.4479    32.8733      7.958     0.3908 1.6880e-11  1025.2393    11.4425    25.0404     7.3899    225.297    8.87013  270.42397     83.313 0.0000e+00
 -9.990e-29  -71.80874     44.263     43.918    11.4482    32.8734      7.958     0.4043 1.6880e-11  1025.2393    11.4427    25.0404     7.3946    225.440    8.87003  270.42093     83.367 0.0000e+00
 -9.990e-29  -71.80874     44.252     43.907    11.4484    32.8729      7.958     0.3908 1.6880e-11  1025.2389    11.4430    25.0400     7.3944    225.432    8.86987  270.41613     83.365 0.0000e+00
 -9.990e-29  -71.80874     44.243     43.898    11.4479    32.8719      7.958     0.4043 1.6880e-11  1025.2378    11.4425    25.0394     7.3941    225.424    8.86981  270.41430     83.363 0.0000e+00
 -9.990e-29  -71.80874     44.211     43.866    11.4473    32.8709      7.958     0.3908 2.5320e-11  1025.2369    11.4419    25.0387     7.3938    225.414    8.86970  270.41119     83.360 0.0000e+00
 -9.990e-29  -71.80874     44.201     43.857    11.4467    32.8704      7.958     0.4043 1.6880e-11  1025.2367    11.4413    25.0384     7.3935    225.405    8.86971  270.41169     83.356 0.0000e+00
 -9.990e-29  -71.80874     44.192     43.847    11.4461    32.8702      7.958     0.4043 2.5320e-11  1025.2368    11.4407    25.0383     7.3882    225.246    8.86967  270.41057     83.298 0.0000e+00
 -9.990e-29  -71.80874     44.181     43.836    11.4459    32.8697      7.958     0.3908 1.6880e-11  1025.2364    11.4405    25.0380     7.3927    225.382    8.86965  270.40972     83.348 0.0000e+00
 -9.990e-29  -71.80874     44.171     43.826    11.4456    32.8689      7.958     0.4043 1.6880e-11  1025.2359    11.4402    25.0375     7.3923    225.369    8.86960  270.40830     83.344 -9.990e-29
 -9.990e-29  -71.80874     44.171     43.826    11.4453    32.8679      7.958     0.4043 1.6880e-11  1025.2349    11.4399    25.0368     7.3917    225.352    8.86953  270.40588     83.338 -9.990e-29
 -9.990e-29  -71.80874     44.160     43.816    11.4444    32.8663      7.958     0.4043 1.6880e-11  1025.2344    11.4390    25.0357     7.3911    225.333    8.86941  270.40243     83.332 -9.990e-29
 -9.990e-29  -71.80874     44.192     43.847    11.4433    32.8640      7.958     0.4043 1.6880e-11  1025.2323    11.4379    25.0341     7.3905    225.314    8.86938  270.40142     83.326 -9.990e-29
 -9.990e-29  -71.80874     44.181     43.836    11.4415    32.8619      7.958     0.3908 1.6880e-11  1025.2304    11.4360    25.0328     7.3898    225.293    8.86935  270.40056     83.318 -9.990e-29
 -9.990e-29  -71.80874     44.192     43.847    11.4390    32.8610      7.958     0.4043 1.6880e-11  1025.2304    11.4336    25.0325     7.3898    225.294    8.86937  270.40130     83.318 -9.990e-29
 -9.990e-29  -71.80876     44.181     43.836    11.4368    32.8612      7.958     0.3908 1.6880e-11  1025.2311    11.4314    25.0330     7.3946    225.441    8.86936  270.40107     83.373 -9.990e-29
 -9.990e-29  -71.80876     44.192     43.847    11.4350    32.8619      7.958     0.4043 1.6880e-11  1025.2321    11.4296    25.0339     7.3897    225.290    8.86938  270.40168     83.317 -9.990e-29
 -9.990e-29  -71.80876     44.211     43.866    11.4340    32.8630      7.958     0.4043 1.6880e-11  1025.2336    11.4285    25.0349     7.3896    225.288    8.86946  270.40423     83.315 -9.990e-29
 -9.990e-29  -71.80876     44.201     43.857    11.4336    32.8642      7.958     0.4043 1.6880e-11  1025.2342    11.4282    25.0359     7.3895    225.285    8.86951  270.40579     83.314 -9.990e-29
 -9.990e-29  -71.80876     44.222     43.877    11.4332    32.8652      7.958     0.3908 1.6880e-11  1025.2356    11.4277    25.0368     7.3948    225.446    8.86945  270.40359     83.374 -9.990e-29
 -9.990e-29  -71.80876     44.222     43.877    11.4333    32.8658      7.958     0.4043 1.6880e-11  1025.2360    11.4279    25.0372     7.3896    225.288    8.86936  270.40072     83.316 -9.990e-29
 -9.990e-29  -71.80876     44.233     43.888    11.4333    32.8656      7.958     0.4043 1.6880e-11  1025.2356    11.4279    25.0371     7.3893    225.278    8.86931  270.39928     83.313 -9.990e-29
 -9.990e-29  -71.80876     44.232     43.887    11.4330    32.8655      7.958     0.4043 1.6880e-11  1025.2353    11.4276    25.0371     7.3890    225.269    8.86928  270.39867     83.310 -9.990e-29
 -9.990e-29  -71.80876     44.232     43.887    11.4323    32.8661      7.958     0.4043 1.6880e-11  1025.2358    11.4268    25.0376     7.3886    225.256    8.86921  270.39627     83.306 -9.990e-29
 -9.990e-29  -71.80876     44.222     43.877    11.4325    32.8670      7.958     0.3908 1.6880e-11  1025.2373    11.4271    25.0383     7.3938    225.415    8.86925  270.39763     83.364 -9.990e-29
 -9.990e-29  -71.80876     44.232     43.887    11.4335    32.8673      7.958     0.4043 1.6880e-11  1025.2372    11.4280    25.0384     7.3948    225.446    8.86928  270.39847     83.375 -9.990e-29
 -9.990e-29  -71.80876     44.232     43.887    11.4336    32.8673      7.958     0.3908 1.6880e-11  1025.2363    11.4282    25.0384     7.3958    225.475    8.86930  270.39934     83.386 -9.990e-29
 -9.990e-29  -71.80876     44.232     43.887    11.4335    32.8679      7.958     0.4043 1.6880e-11  1025.2372    11.4280    25.0388     7.3959    225.481    8.86927  270.39850     83.388 -9.990e-29
 -9.990e-29  -71.80876     44.232     43.887    11.4340    32.8687      7.958     0.3908 1.6880e-11  1025.2382    11.4285    25.0393     7.3961    225.487    8.86933  270.40022     83.390 -9.990e-29
 -9.990e-29  -71.80876     44.252     43.907    11.4350    32.8691      7.958     0.3908 1.6880e-11  1025.2383    11.4296    25.0395     7.3962    225.489    8.86930  270.39921     83.391 -9.990e-29
 -9.990e-29  -71.80876     44.254     43.909    11.4355    32.8684      7.958     0.3908 1.6880e-11  1025.2382    11.4300    25.0389     7.3963    225.490    8.86930  270.39910     83.392 -9.990e-29
 -9.990e-29  -71.80876     44.262     43.917    11.4361    32.8668      7.958     0.3908 1.6880e-11  1025.2363    11.4307    25.0377     7.3962    225.488    8.86925  270.39768     83.391 -9.990e-29
 -9.990e-29  -71.80876     44.283     43.937    11.4355    32.8649      7.958     0.4043 1.6880e-11  1025.2348    11.4300    25.0363     7.3913    225.340    8.86927  270.39841     83.336 -9.990e-29
 -9.990e-29  -71.80876     44.283     43.937    11.4344    32.8633      7.958     0.4043 1.6880e-11  1025.2338    11.4290    25.0351     7.3912    225.337    8.86925  270.39770     83.335 -9.990e-29
 -9.990e-29  -71.80876     44.303     43.958    11.4333    32.8620      7.958     0.3908 1.6880e-11  1025.2329    11.4279    25.0344     7.3960    225.482    8.86923  270.39722     83.389 -9.990e-29
 -9.990e-29  -71.80876     44.303     43.958    11.4318    32.8612      7.958     0.3774 2.5320e-11  1025.2326    11.4263    25.0340     7.3959    225.478    8.86922  270.39662     83.388 -9.990e-29
   40.30888  -71.80876     44.303     43.958    11.4308    32.8610 -9.990e-29     0.3774 1.6880e-11  1025.2325    11.4254    25.0340     7.3964    225.494    8.86923  270.39700     83.394 -9.990e-29
   40.30888  -71.80876     44.324     43.978    11.4296    32.8612 -9.990e-29     0.3774 1.6880e-11  1025.2332    11.4242    25.0344     7.3968    225.508    8.86921  270.39658     83.399 -9.990e-29
   40.30888  -71.80876     44.314     43.969    11.4286    32.8617 -9.990e-29     0.3774 1.6880e-11  1025.2338    11.4232    25.0349     7.3973    225.521    8.86917  270.39539     83.404 -9.990e-29
   40.30888  -71.80876     44.334     43.988    11.4280    32.8621 -9.990e-29     0.3774 1.6880e-11  1025.2344    11.4226    25.0354     7.3970    225.513    8.86918  270.39559     83.401 -9.990e-29
   40.30888  -71.80876     44.334     43.988    11.4278    32.8625 -9.990e-29     0.3774 1.6880e-11  1025.2348    11.4223    25.0356     7.3966    225.502    8.86915  270.39470     83.397 -9.990e-29
   40.30888  -71.80876     44.354     44.009    11.4276    32.8627 -9.990e-29     0.3774 1.6880e-11  1025.2349    11.4222    25.0359     7.3970    225.512    8.86915  270.39458     83.401 -9.990e-29
   40.30888  -71.80876     44.364     44.018    11.4273    32.8630 -9.990e-29     0.3774 1.6880e-11  1025.2352    11.4219    25.0362     7.3917    225.352    8.86915  270.39458     83.342 -9.990e-29
   40.30888  -71.80876     44.364     44.018    11.4270    32.8642 -9.990e-29     0.3774 1.6880e-11  1025.2354    11.4215    25.0371     7.3969    225.510    8.86918  270.39566     83.400 -9.990e-29
   40.30888  -71.80876     44.375     44.029    11.4272    32.8665 -9.990e-29     0.3774 1.6880e-11  1025.2380    11.4217    25.0389     7.3964    225.495    8.86915  270.39471     83.395 -9.990e-29
   40.30888  -71.80876     44.385     44.039    11.4288    32.8693 -9.990e-29     0.3774 1.6880e-11  1025.2405    11.4233    25.0407     7.3911    225.333    8.86915  270.39488     83.335 -9.990e-29
   40.30888  -71.80876     44.396     44.050    11.4310    32.8711 -9.990e-29     0.3774 1.6880e-11  1025.2417    11.4255    25.0418     7.3962    225.488    8.86919  270.39604     83.392 -9.990e-29
   40.30888  -71.80876     44.405     44.059    11.4331    32.8717 -9.990e-29     0.3774 1.6880e-11  1025.2415    11.4277    25.0419     7.3964    225.494    8.86921  270.39646     83.394 -9.990e-29
   40.30888  -71.80876     44.415     44.069    11.4345    32.8714 -9.990e-29     0.3774 1.6880e-11  1025.2408    11.4290    25.0414     7.3902    225.307    8.86917  270.39507     83.325 -9.990e-29
   40.30888  -71.80876     44.415     44.069    11.4361    32.8709 -9.990e-29     0.3774 1.6880e-11  1025.2399    11.4307    25.0409     7.3952    225.458    8.86915  270.39455     83.381 -9.990e-29
   40.30888  -71.80876     44.436     44.089    11.4366    32.8706 -9.990e-29     0.3908 1.6880e-11  1025.2400    11.4312    25.0405     7.3946    225.439    8.86914  270.39449     83.374 -9.990e-29
   40.30888  -71.80876     44.445     44.099    11.4376    32.8702 -9.990e-29     0.3774 1.6880e-11  1025.2394    11.4322    25.0400     7.3946    225.441    8.86917  270.39533     83.375 -9.990e-29
   40.30888  -71.80876     44.445     44.099    11.4381    32.8697 -9.990e-29     0.3774 1.6880e-11  1025.2390    11.4327    25.0394     7.3946    225.441    8.86918  270.39551     83.374 -9.990e-29
   40.30888  -71.80876     44.456     44.110    11.4390    32.8691 -9.990e-29     0.3774 1.6880e-11  1025.2382    11.4335    25.0389     7.3946    225.439    8.86913  270.39405     83.374 -9.990e-29
   40.30888  -71.80876     44.477     44.130    11.4390    32.8687 -9.990e-29     0.3774 1.6880e-11  1025.2381    11.4335    25.0385     7.3890    225.270    8.86919  270.39582     83.311 -9.990e-29
   40.30888  -71.80876     44.477     44.130    11.4393    32.8685 -9.990e-29     0.3908 1.6880e-11  1025.2377    11.4338    25.0384     7.3938    225.414    8.86911  270.39356     83.365 -9.990e-29
   40.30888  -71.80876     44.487     44.140    11.4393    32.8687 -9.990e-29     0.3774 1.6880e-11  1025.2381    11.4338    25.0385     7.3930    225.391    8.86914  270.39451     83.356 -9.990e-29
   40.30888  -71.80876     44.508     44.161    11.4395    32.8691 -9.990e-29     0.3774 1.6880e-11  1025.2384    11.4340    25.0387     7.3929    225.388    8.86918  270.39565     83.355 -9.990e-29
   40.30888  -71.80876     44.508     44.161    11.4396    32.8694 -9.990e-29     0.4043 1.6880e-11  1025.2389    11.4342    25.0390     7.3927    225.383    8.86920  270.39617     83.353 -9.990e-29
   40.30888  -71.80876     44.517     44.170    11.4403    32.8696 -9.990e-29     0.4311 1.6880e-11  1025.2388    11.4348    25.0390     7.3925    225.376    8.86916  270.39513     83.351 -9.990e-29
   40.30888  -71.80876     44.517     44.170    11.4405    32.8694 -9.990e-29     0.4446 1.6880e-11  1025.2386    11.4350    25.0388     7.3923    225.371    8.86921  270.39649     83.348 -9.990e-29
   40.30888  -71.80876     44.539     44.192    11.4408    32.8690 -9.990e-29     0.4311 1.6880e-11  1025.2383    11.4353    25.0385     7.3866    225.195    8.86923  270.39720     83.283 -9.990e-29
