CalculateIndicators/WaterTemperature/Data/CTD_NYOS/20240912_C04.cnv
* Sea-Bird SBE 9 Data File:
* FileName = C:\Seabird 9 CTD\Data\2024\202409_offshore\20240912_C04.hex
* Software Version Seasave V 7.23.2
* Temperature SN = 4590
* Conductivity SN = 3228
* Number of Bytes Per Scan = 44
* Number of Voltage Words = 5
* Number of Scans Averaged by the Deck Unit = 1
* NMEA Latitude = 40 34.15 N
* NMEA Longitude = 073 24.38 W
* NMEA UTC (Time) = Sep 12 2024  02:55:15
* NMEA baud rate = 4800
** Ship: Seawolf
** Station: 8.1
** Operator: TCM
# nquan = 18
# nvalues = 7467                        
# units = specified
# name 0 = latitude: Latitude [deg]
# name 1 = longitude: Longitude [deg]
# name 2 = prDM: Pressure, Digiquartz [db]
# name 3 = depSM: Depth [salt water, m]
# name 4 = t090C: Temperature [ITS-90, deg C]
# name 5 = sal00: Salinity, Practical [PSU]
# name 6 = ph: pH
# name 7 = flECO-AFL: Fluorescence, WET Labs ECO-AFL/FL [mg/m^3]
# name 8 = cpar: CPAR/Corrected Irradiance [%]
# name 9 = density00: Density [density, kg/m^3]
# name 10 = potemp090C: Potential Temperature [ITS-90, deg C]
# name 11 = sigma-é00: Density [sigma-theta, kg/m^3]
# name 12 = sbeox0Mg/L: Oxygen, SBE 43 [mg/l]
# name 13 = sbox0Mm/Kg: Oxygen, SBE 43 [umol/kg]
# name 14 = oxsolMg/L: Oxygen Saturation, Garcia & Gordon [mg/l]
# name 15 = oxsolMm/Kg: Oxygen Saturation, Garcia & Gordon [umol/kg]
# name 16 = sbeox0PS: Oxygen, SBE 43 [% saturation]
# name 17 = flag:  0.000e+00
# span 0 =   40.56922,   40.56948       
# span 1 =  -73.40652,  -73.40638       
# span 2 =      1.854,     13.809       
# span 3 =      1.840,     13.702       
# span 4 =    21.0827,    21.2903       
# span 5 =    30.9261,    30.9640       
# span 6 =      8.127,      8.175       
# span 7 =     1.2370,     1.8548       
# span 8 = 1.6880e-11, 9.9999e+04       
# span 9 =  1021.3350,  1021.4556       
# span 10 =    21.0802,    21.2899      
# span 11 =    21.3325,    21.3955      
# span 12 =     7.2086,     7.8248      
# span 13 =    220.555,    239.420      
# span 14 =    7.39806,    7.42610      
# span 15 =  226.36335,  227.20953      
# span 16 =     97.117,    105.757      
# span 17 = 0.0000e+00, 0.0000e+00      
# interval = seconds: 0.0416667
# start_time = Sep 12 2024 02:55:17 [System UTC, first data scan.]
# bad_flag = -9.990e-29
*END*
[from data line 6352]
   40.56944  -73.40648      2.203      2.186    21.2822    30.9471 -9.990e-29     1.2639 1.6880e-11  1021.3459    21.2818    21.3364     7.7688    237.707    7.39908  226.39412    104.997 -9.990e-29
   40.56944  -73.40648      2.224      2.207    21.2822    30.9472 -9.990e-29     1.2639 1.6880e-11  1021.3461    21.2818    21.3365     7.7727    237.826    7.39910  226.39451    105.049 -9.990e-29
   40.56944  -73.40648      2.223      2.205    21.2820    30.9473 -9.990e-29     1.2639 1.6880e-11  1021.3464    21.2815    21.3366     7.7725    237.821    7.39908  226.39410    105.047 -9.990e-29
   40.56944  -73.40648      2.234      2.216    21.2821    30.9472 -9.990e-29     1.2639 1.6880e-11  1021.3462    21.2816    21.3365     7.7685    237.696    7.39911  226.39485    104.992 -9.990e-29
   40.56944  -73.40648      2.223      2.205    21.2821    30.9471 -9.990e-29     1.2639 1.6880e-11  1021.3461    21.2816    21.3365     7.7684    237.694    7.39909  226.39435    104.991 -9.990e-29
   40.56944  -73.40648      2.243      2.226    21.2820    30.9472 -9.990e-29     1.2639 1.6880e-11  1021.3463    21.2815    21.3366     7.7727    237.827    7.39909  226.39418    105.050 -9.990e-29
   40.56944  -73.40648      2.234      2.216    21.2819    30.9472 -9.990e-29     1.2639 1.6880e-11  1021.3463    21.2815    21.3366     7.7731    237.838    7.39909  226.39428    105.055 -9.990e-29
   40.56944  -73.40648      2.243      2.226    21.2821    30.9472 -9.990e-29     1.2773 1.6880e-11  1021.3463    21.2816    21.3366     7.7735    237.850    7.39910  226.39459    105.060 -9.990e-29
   40.56944  -73.40648      2.245      2.227    21.2820    30.9475 -9.990e-29     1.2907 4.3893e-02  1021.3463    21.2815    21.3368     7.7783    237.996    7.39908  226.39412    105.125 -9.990e-29
   40.56944  -73.40648      2.253      2.235    21.2819    30.9477 -9.990e-29     1.2907 1.1399e-01  1021.3470    21.2814    21.3369     7.7791    238.020    7.39908  226.39405    105.135 -9.990e-29
   40.56944  -73.40648      2.253      2.235    21.2823    30.9478 -9.990e-29     1.2907 1.3098e-01  1021.3466    21.2819    21.3369     7.7795    238.034    7.39910  226.39458    105.141 -9.990e-29
   40.56944  -73.40648      2.253      2.235    21.2824    30.9478 -9.990e-29     1.2907 4.0002e-01  1021.3467    21.2820    21.3369     7.7803    238.058    7.39909  226.39435    105.152 -9.990e-29
   40.56944  -73.40648      2.264      2.246    21.2824    30.9477 -9.990e-29     1.2907 9.5403e-01  1021.3467    21.2820    21.3369     7.7808    238.073    7.39910  226.39459    105.158 -9.990e-29
   40.56944  -73.40648      2.264      2.246    21.2825    30.9476 -9.990e-29     1.2907 1.1458e+00  1021.3466    21.2821    21.3368     7.7812    238.087    7.39911  226.39491    105.164 -9.990e-29
   40.56944  -73.40648      2.253      2.235    21.2826    30.9476 -9.990e-29     1.2907 1.4795e+00  1021.3465    21.2821    21.3367     7.7820    238.111    7.39909  226.39427    105.176 -9.990e-29
   40.56944  -73.40648      2.275      2.257    21.2826    30.9476 -9.990e-29     1.2907 2.5298e+00  1021.3466    21.2821    21.3367     7.7829    238.137    7.39911  226.39499    105.187 -9.990e-29
   40.56944  -73.40648      2.264      2.246    21.2826    30.9476 -9.990e-29     1.2907 2.9593e+00  1021.3465    21.2822    21.3368     7.7834    238.153    7.39911  226.39499    105.193 -9.990e-29
   40.56944  -73.40648      2.273      2.256    21.2826    30.9476 -9.990e-29     1.2907 3.1978e+00  1021.3467    21.2821    21.3368     7.7795    238.034    7.39911  226.39484    105.141 -9.990e-29
   40.56944  -73.40648      2.273      2.256    21.2828    30.9476 -9.990e-29     1.2907 4.3868e+00  1021.3466    21.2824    21.3367     7.7844    238.183    7.39913  226.39561    105.207 -9.990e-29
   40.56944  -73.40648      2.273      2.256    21.2828    30.9475 -9.990e-29     1.2907 4.9661e+00  1021.3464    21.2823    21.3366     7.7849    238.199    7.39911  226.39492    105.214 -9.990e-29
   40.56944  -73.40648      2.273      2.256    21.2829    30.9473 -9.990e-29     1.2907 4.8073e+00  1021.3463    21.2825    21.3364     7.7811    238.082    7.39913  226.39561    105.162 -9.990e-29
   40.56944  -73.40648      2.273      2.256    21.2830    30.9473 -9.990e-29     1.2907 3.6295e+00  1021.3462    21.2826    21.3364     7.7856    238.220    7.39912  226.39515    105.223 -9.990e-29
   40.56944  -73.40648      2.283      2.265    21.2829    30.9473 -9.990e-29     1.2907 3.1465e+00  1021.3463    21.2825    21.3364     7.7861    238.235    7.39910  226.39467    105.230 -9.990e-29
   40.56944  -73.40648      2.275      2.257    21.2829    30.9473 -9.990e-29     1.2907 3.1593e+00  1021.3463    21.2825    21.3364     7.7866    238.251    7.39910  226.39449    105.237 -9.990e-29
   40.56944  -73.40648      2.264      2.246    21.2826    30.9473 -9.990e-29     1.2907 3.9647e+00  1021.3463    21.2822    21.3364     7.7872    238.268    7.39913  226.39536    105.244 -9.990e-29
   40.56944  -73.40648      2.264      2.246    21.2829    30.9472 -9.990e-29     1.2907 4.5016e+00  1021.3461    21.2825    21.3363     7.7833    238.149    7.39908  226.39393    105.193 -9.990e-29
   40.56944  -73.40648      2.264      2.246    21.2828    30.9471 -9.990e-29     1.2907 4.5682e+00  1021.3460    21.2823    21.3363     7.7878    238.289    7.39910  226.39449    105.254 -9.990e-29
   40.56944  -73.40648      2.273      2.256    21.2828    30.9471 -9.990e-29     1.2907 4.4194e+00  1021.3462    21.2824    21.3363     7.7884    238.306    7.39910  226.39457    105.261 -9.990e-29
   40.56944  -73.40648      2.253      2.235    21.2828    30.9470 -9.990e-29     1.2907 4.3062e+00  1021.3460    21.2823    21.3362     7.7889    238.321    7.39908  226.39385    105.268 -9.990e-29
   40.56944  -73.40648      2.253      2.235    21.2826    30.9470 -9.990e-29     1.2907 4.2902e+00  1021.3460    21.2822    21.3362     7.7894    238.338    7.39907  226.39371    105.276 -9.990e-29
   40.56944  -73.40648      2.245      2.227    21.2826    30.9470 -9.990e-29     1.2907 4.2584e+00  1021.3460    21.2821    21.3363     7.7896    238.344    7.39909  226.39425    105.278 -9.990e-29
   40.56944  -73.40648      2.243      2.226    21.2826    30.9471 -9.990e-29     1.3042 4.2267e+00  1021.3460    21.2821    21.3364     7.7898    238.349    7.39908  226.39408    105.280 -9.990e-29
   40.56944  -73.40648      2.234      2.216    21.2823    30.9472 -9.990e-29     1.3176 4.2267e+00  1021.3462    21.2819    21.3365     7.7899    238.353    7.39908  226.39403    105.282 -9.990e-29
   40.56944  -73.40648      2.223      2.205    21.2824    30.9473 -9.990e-29     1.3176 4.8073e+00  1021.3462    21.2820    21.3366     7.7904    238.367    7.39906  226.39335    105.289 -9.990e-29
   40.56944  -73.40648      2.223      2.205    21.2824    30.9473 -9.990e-29     1.3176 5.7826e+00  1021.3463    21.2820    21.3366     7.7905    238.372    7.39907  226.39367    105.291 -9.990e-29
   40.56944  -73.40648      2.223      2.205    21.2825    30.9473 -9.990e-29     1.3176 6.0705e+00  1021.3462    21.2821    21.3366     7.7907    238.375    7.39907  226.39374    105.292 -9.990e-29
   40.56944  -73.40648      2.213      2.196    21.2824    30.9473 -9.990e-29     1.3176 7.4162e+00  1021.3461    21.2820    21.3365     7.7951    238.511    7.39905  226.39306    105.353 -9.990e-29
   40.56944  -73.40648      2.213      2.196    21.2825    30.9473 -9.990e-29     1.3176 1.1959e+01  1021.3461    21.2821    21.3365     7.7911    238.390    7.39905  226.39295    105.299 -9.990e-29
   40.56944  -73.40648      2.203      2.186    21.2824    30.9473 -9.990e-29     1.3176 1.3974e+01  1021.3460    21.2820    21.3365     7.7912    238.391    7.39901  226.39175    105.300 -9.990e-29
   40.56944  -73.40648      2.203      2.186    21.2824    30.9474 -9.990e-29     1.3176 1.2692e+01  1021.3461    21.2820    21.3366     7.7912    238.392    7.39902  226.39209    105.301 -9.990e-29
   40.56944  -73.40648      2.192      2.175    21.2823    30.9474 -9.990e-29     1.3176 8.8309e+00  1021.3462    21.2819    21.3366     7.7909    238.382    7.39901  226.39192    105.296 -9.990e-29
   40.56944  -73.40648      2.192      2.175    21.2822    30.9474 -9.990e-29     1.3176 7.6672e+00  1021.3461    21.2818    21.3366     7.7908    238.381    7.39898  226.39096    105.296 -9.990e-29
   40.56944  -73.40648      2.183      2.166    21.2824    30.9474 -9.990e-29     1.3176 7.7183e+00  1021.3460    21.2820    21.3366     7.7905    238.369    7.39899  226.39119    105.291 -9.990e-29
   40.56944  -73.40648      2.192      2.175    21.2823    30.9473 -9.990e-29     1.3176 8.2721e+00  1021.3462    21.2819    21.3366     7.7904    238.367    7.39897  226.39061    105.290 -9.990e-29
   40.56944  -73.40648      2.183      2.166    21.2826    30.9472 -9.990e-29     1.3176 8.5197e+00  1021.3458    21.2822    21.3365     7.7900    238.355    7.39897  226.39079    105.285 -9.990e-29
   40.56944  -73.40648      2.184      2.167    21.2824    30.9472 -9.990e-29     1.3176 8.4919e+00  1021.3459    21.2820    21.3364     7.7895    238.340    7.39896  226.39045    105.278 -9.990e-29
   40.56944  -73.40648      2.183      2.166    21.2825    30.9472 -9.990e-29     1.3176 7.7697e+00  1021.3460    21.2821    21.3365     7.7894    238.337    7.39897  226.39056    105.277 -9.990e-29
   40.56944  -73.40648      2.183      2.166    21.2824    30.9472 -9.990e-29     1.3176 7.3668e+00  1021.3459    21.2820    21.3365     7.7889    238.321    7.39897  226.39053    105.270 -9.990e-29
   40.56944  -73.40648      2.172      2.155    21.2825    30.9474 -9.990e-29     1.3176 7.3177e+00  1021.3459    21.2821    21.3366     7.7844    238.183    7.39896  226.39037    105.209 -9.990e-29
   40.56944  -73.40648      2.183      2.166    21.2822    30.9475 -9.990e-29     1.3176 6.3048e+00  1021.3464    21.2818    21.3367     7.7879    238.290    7.39897  226.39071    105.256 -9.990e-29
   40.56944  -73.40648      2.172      2.155    21.2824    30.9475 -9.990e-29     1.3176 5.6429e+00  1021.3461    21.2820    21.3367     7.7833    238.150    7.39896  226.39032    105.195 -9.990e-29
   40.56944  -73.40648      2.172      2.155    21.2823    30.9474 -9.990e-29     1.3176 5.5642e+00  1021.3460    21.2819    21.3366     7.7827    238.133    7.39894  226.38991    105.187 -9.990e-29
   40.56944  -73.40648      2.183      2.166    21.2824    30.9474 -9.990e-29     1.3176 5.8230e+00  1021.3460    21.2820    21.3366     7.7818    238.105    7.39894  226.38985    105.175 -9.990e-29
   40.56944  -73.40648      2.173      2.156    21.2824    30.9474 -9.990e-29     1.3176 6.0705e+00  1021.3461    21.2820    21.3366     7.7766    237.945    7.39897  226.39061    105.104 -9.990e-29
   40.56944  -73.40648      2.172      2.155    21.2825    30.9473 -9.990e-29     1.3176 6.1125e+00  1021.3458    21.2821    21.3365     7.7757    237.916    7.39895  226.39016    105.091 -9.990e-29
   40.56944  -73.40648      2.172      2.155    21.2824    30.9472 -9.990e-29     1.3042 7.0764e+00  1021.3458    21.2820    21.3365     7.7791    238.023    7.39897  226.39079    105.138 -9.990e-29
   40.56944  -73.40648      2.172      2.155    21.2825    30.9472 -9.990e-29     1.2773 8.6036e+00  1021.3459    21.2821    21.3365     7.7786    238.005    7.39895  226.38999    105.131 -9.990e-29
   40.56944  -73.40648      2.172      2.155    21.2826    30.9472 -9.990e-29     1.2639 9.0633e+00  1021.3458    21.2822    21.3365     7.7784    238.000    7.39894  226.38985    105.128 -9.990e-29
   40.56944  -73.40648      2.162      2.145    21.2824    30.9472 -9.990e-29     1.2639 1.0047e+01  1021.3458    21.2820    21.3365     7.7783    237.997    7.39899  226.39119    105.126 -9.990e-29
   40.56944  -73.40648      2.162      2.145    21.2825    30.9472 -9.990e-29     1.2639 1.2692e+01  1021.3457    21.2821    21.3365     7.7781    237.990    7.39895  226.39015    105.124 -9.990e-29
   40.56944  -73.40648      2.172      2.155    21.2824    30.9473 -9.990e-29     1.2639 1.3632e+01  1021.3458    21.2820    21.3366     7.7779    237.986    7.39893  226.38928    105.123 -9.990e-29
   40.56944  -73.40648      2.153      2.136    21.2822    30.9473 -9.990e-29     1.2639 1.1089e+01  1021.3460    21.2818    21.3366     7.7778    237.982    7.39892  226.38909    105.121 -9.990e-29
   40.56944  -73.40648      2.162      2.145    21.2825    30.9472 -9.990e-29     1.2639 6.0495e+00  1021.3458    21.2821    21.3364     7.7777    237.979    7.39891  226.38885    105.119 -9.990e-29
   40.56944  -73.40648      2.153      2.136    21.2824    30.9471 -9.990e-29     1.2639 4.7899e+00  1021.3456    21.2820    21.3364     7.7776    237.977    7.39894  226.38976    105.118 -9.990e-29
   40.56944  -73.40648      2.162      2.145    21.2822    30.9472 -9.990e-29     1.2639 5.0742e+00  1021.3460    21.2818    21.3365     7.7775    237.972    7.39888  226.38790    105.117 -9.990e-29
   40.56944  -73.40648      2.153      2.136    21.2823    30.9473 -9.990e-29     1.2639 6.7269e+00  1021.3459    21.2819    21.3366     7.7774    237.971    7.39887  226.38783    105.116 -9.990e-29
   40.56944  -73.40648      2.142      2.125    21.2821    30.9473 -9.990e-29     1.2639 7.5408e+00  1021.3460    21.2817    21.3366     7.7770    237.958    7.39889  226.38846    105.111 -9.990e-29
   40.56944  -73.40648      2.153      2.136    21.2823    30.9473 -9.990e-29     1.2639 7.6672e+00  1021.3459    21.2819    21.3366     7.7770    237.956    7.39889  226.38830    105.110 -9.990e-29
   40.56944  -73.40648      2.153      2.136    21.2821    30.9473 -9.990e-29     1.2639 9.0047e+00  1021.3460    21.2817    21.3366     7.7769    237.955    7.39887  226.38758    105.110 -9.990e-29
   40.56944  -73.40648      2.143      2.126    21.2822    30.9473 -9.990e-29     1.2639 9.8559e+00  1021.3459    21.2818    21.3366     7.7766    237.944    7.39891  226.38867    105.104 -9.990e-29
   40.56944  -73.40648      2.142      2.125    21.2823    30.9473 -9.990e-29     1.2639 9.9193e+00  1021.3459    21.2819    21.3366     7.7809    238.077    7.39889  226.38838    105.163 -9.990e-29
   40.56944  -73.40648      2.132      2.115    21.2824    30.9474 -9.990e-29     1.2639 9.2113e+00  1021.3457    21.2820    21.3367     7.7812    238.087    7.39890  226.38864    105.168 -9.990e-29
   40.56944  -73.40648      2.142      2.125    21.2821    30.9474 -9.990e-29     1.2639 8.8022e+00  1021.3461    21.2817    21.3367     7.7815    238.096    7.39886  226.38756    105.172 -9.990e-29
   40.56944  -73.40648      2.132      2.115    21.2825    30.9474 -9.990e-29     1.2639 8.7451e+00  1021.3458    21.2821    21.3367     7.7819    238.109    7.39892  226.38926    105.177 -9.990e-29
   40.56944  -73.40648      2.132      2.115    21.2824    30.9474 -9.990e-29     1.2639 7.8213e+00  1021.3457    21.2820    21.3367     7.7819    238.107    7.39890  226.38846    105.176 -9.990e-29
   40.56944  -73.40648      2.132      2.115    21.2822    30.9475 -9.990e-29     1.2639 7.0764e+00  1021.3461    21.2818    21.3367     7.7822    238.117    7.39891  226.38895    105.180 -9.990e-29
   40.56944  -73.40648      2.122      2.106    21.2825    30.9475 -9.990e-29     1.2639 6.9348e+00  1021.3458    21.2821    21.3367     7.7869    238.259    7.39888  226.38806    105.244 -9.990e-29
   40.56944  -73.40648      2.132      2.115    21.2826    30.9475 -9.990e-29     1.2639 7.5408e+00  1021.3458    21.2822    21.3367     7.7832    238.147    7.39892  226.38916    105.194 -9.990e-29
   40.56944  -73.40648      2.113      2.096    21.2823    30.9475 -9.990e-29     1.2639 8.2993e+00  1021.3460    21.2819    21.3367     7.7878    238.289    7.39890  226.38870    105.257 -9.990e-29
   40.56944  -73.40648      2.122      2.106    21.2824    30.9475 -9.990e-29     1.2639 8.4919e+00  1021.3459    21.2820    21.3367     7.7885    238.308    7.39888  226.38789    105.265 -9.990e-29
