CalculateIndicators/WaterTemperature/Data/CTD_NYOS/20240710_C20.cnv
* Sea-Bird SBE 9 Data File:
* FileName = C:\Seabird 9 CTD\Data\2024\202407_offshore\20240710_C20.hex
* Software Version Seasave V 7.23.2
* Temperature SN = 4590
* Conductivity SN = 3228
* Number of Bytes Per Scan = 44
* Number of Voltage Words = 5
* Number of Scans Averaged by the Deck Unit = 1
* NMEA Latitude = 40 46.58 N
* NMEA Longitude = 072 34.70 W
* NMEA UTC (Time) = Jul 10 2024  11:36:48
* NMEA baud rate = 4800
** Ship: seawolf
** Station: 10.1
** Operator: TCM
# nquan = 18
# nvalues = 8899                        
# units = specified
# name 0 = latitude: Latitude [deg]
# name 1 = longitude: Longitude [deg]
# name 2 = prDM: Pressure, Digiquartz [db]
# name 3 = depSM: Depth [salt water, m]
# name 4 = t090C: Temperature [ITS-90, deg C]
# name 5 = sal00: Salinity, Practical [PSU]
# name 6 = ph: pH
# name 7 = flECO-AFL: Fluorescence, WET Labs ECO-AFL/FL [mg/m^3]
# name 8 = cpar: CPAR/Corrected Irradiance [%]
# name 9 = density00: Density [density, kg/m^3]
# name 10 = potemp090C: Potential Temperature [ITS-90, deg C]
# name 11 = sigma-é00: Density [sigma-theta, kg/m^3]
# name 12 = sbeox0Mg/L: Oxygen, SBE 43 [mg/l]
# name 13 = sbox0Mm/Kg: Oxygen, SBE 43 [umol/kg]
# name 14 = oxsolMg/L: Oxygen Saturation, Garcia & Gordon [mg/l]
# name 15 = oxsolMm/Kg: Oxygen Saturation, Garcia & Gordon [umol/kg]
# name 16 = sbeox0PS: Oxygen, SBE 43 [% saturation]
# name 17 = flag:  0.000e+00
# span 0 =   40.77646,   40.77704       
# span 1 =  -72.57880,  -72.57846       
# span 2 =      1.510,     19.108       
# span 3 =      1.498,     18.960       
# span 4 =    15.4791,    20.6589       
# span 5 =    29.5589,    30.4117       
# span 6 =      8.006,      8.107       
# span 7 =     0.8878,     1.7071       
# span 8 = 8.8758e-02, 3.2802e+01       
# span 9 =  1020.4404,  1022.4151       
# span 10 =    15.4763,    20.6585      
# span 11 =    20.4681,    22.3304      
# span 12 =     7.4327,     9.1484      
# span 13 =    227.210,    279.830      
# span 14 =    7.52831,    8.28909      
# span 15 =  230.48438,  253.38187      
# span 16 =     89.831,    114.945      
# span 17 = 0.0000e+00, 0.0000e+00      
# interval = seconds: 0.0416667
# start_time = Jul 10 2024 11:36:48 [System UTC, first data scan.]
# bad_flag = -9.990e-29
*END*
[from data line 8121]
 -9.990e-29  -72.57878      2.147      2.131    20.6265    29.9389 -9.990e-29     0.9281 2.8339e+01  1020.7538    20.6261    20.7442     8.1230    248.689    7.53232  230.60468    107.842 -9.990e-29
 -9.990e-29  -72.57878      2.138      2.121    20.6265    29.9390 -9.990e-29     0.9281 2.9065e+01  1020.7535    20.6261    20.7443     8.1277    248.833    7.53229  230.60362    107.905 -9.990e-29
 -9.990e-29  -72.57878      2.128      2.112    20.6263    29.9390 -9.990e-29     0.9147 2.9810e+01  1020.7537    20.6260    20.7444     8.1235    248.705    7.53225  230.60258    107.850 -9.990e-29
 -9.990e-29  -72.57878      2.117      2.101    20.6262    29.9390 -9.990e-29     0.9281 2.9978e+01  1020.7537    20.6258    20.7445     8.1234    248.701    7.53221  230.60137    107.849 -9.990e-29
 -9.990e-29  -72.57878      2.098      2.082    20.6260    29.9390 -9.990e-29     0.9281 3.0575e+01  1020.7537    20.6256    20.7445     8.1189    248.562    7.53219  230.60069    107.789 -9.990e-29
 -9.990e-29  -72.57878      2.097      2.080    20.6256    29.9389 -9.990e-29     0.9281 3.1447e+01  1020.7536    20.6253    20.7445     8.1228    248.683    7.53217  230.59996    107.842 -9.990e-29
 -9.990e-29  -72.57878      2.077      2.061    20.6257    29.9388 -9.990e-29     0.9281 3.1624e+01  1020.7534    20.6253    20.7444     8.1227    248.680    7.53215  230.59944    107.841 -9.990e-29
 -9.990e-29  -72.57878      2.066      2.050    20.6256    29.9388 -9.990e-29     0.9281 3.1892e+01  1020.7532    20.6253    20.7444     8.1227    248.679    7.53216  230.59976    107.840 -9.990e-29
 -9.990e-29  -72.57878      2.057      2.041    20.6251    29.9388 -9.990e-29     0.9281 3.2526e+01  1020.7534    20.6248    20.7444     8.1181    248.540    7.53214  230.59920    107.780 -9.990e-29
 -9.990e-29  -72.57878      2.057      2.041    20.6253    29.9388 -9.990e-29     0.9281 3.2710e+01  1020.7534    20.6249    20.7445     8.1173    248.515    7.53215  230.59945    107.769 -9.990e-29
 -9.990e-29  -72.57878      2.036      2.020    20.6248    29.9391 -9.990e-29     0.9281 3.2710e+01  1020.7536    20.6244    20.7448     8.1169    248.501    7.53212  230.59868    107.763 -9.990e-29
 -9.990e-29  -72.57878      2.038      2.022    20.6246    29.9394 -9.990e-29     0.9281 3.2802e+01  1020.7542    20.6242    20.7451     8.1165    248.489    7.53213  230.59905    107.758 -9.990e-29
 -9.990e-29  -72.57878      2.036      2.020    20.6248    29.9394 -9.990e-29     0.9281 3.2802e+01  1020.7542    20.6244    20.7452     8.1116    248.340    7.53212  230.59853    107.694 -9.990e-29
 -9.990e-29  -72.57878      2.027      2.011    20.6246    29.9394 -9.990e-29     0.9281 3.2802e+01  1020.7541    20.6242    20.7451     8.1153    248.453    7.53211  230.59820    107.743 -9.990e-29
 -9.990e-29  -72.57878      2.016      2.000    20.6249    29.9392 -9.990e-29     0.9147 3.2618e+01  1020.7534    20.6246    20.7449     8.1149    248.442    7.53209  230.59779    107.738 -9.990e-29
 -9.990e-29  -72.57878      2.016      2.000    20.6246    29.9392 -9.990e-29     0.9281 3.2526e+01  1020.7537    20.6242    20.7449     8.1186    248.555    7.53208  230.59734    107.787 -9.990e-29
 -9.990e-29  -72.57878      2.006      1.990    20.6246    29.9392 -9.990e-29     0.9147 3.2435e+01  1020.7536    20.6242    20.7450     8.1142    248.421    7.53210  230.59812    107.729 -9.990e-29
 -9.990e-29  -72.57878      2.016      2.000    20.6242    29.9393 -9.990e-29     0.9281 3.1802e+01  1020.7540    20.6239    20.7452     8.1139    248.410    7.53209  230.59763    107.724 -9.990e-29
 -9.990e-29  -72.57878      2.017      2.001    20.6246    29.9394 -9.990e-29     0.9147 3.1624e+01  1020.7538    20.6242    20.7452     8.1136    248.401    7.53213  230.59892    107.720 -9.990e-29
 -9.990e-29  -72.57878      2.006      1.990    20.6246    29.9395 -9.990e-29     0.9281 3.1535e+01  1020.7539    20.6242    20.7452     8.1088    248.253    7.53206  230.59677    107.657 -9.990e-29
 -9.990e-29  -72.57878      2.016      2.000    20.6248    29.9396 -9.990e-29     0.9281 3.0318e+01  1020.7540    20.6244    20.7453     8.1126    248.370    7.53209  230.59775    107.707 -9.990e-29
 -9.990e-29  -72.57878      2.027      2.011    20.6248    29.9398 -9.990e-29     0.9281 2.9727e+01  1020.7543    20.6244    20.7454     8.1119    248.348    7.53204  230.59629    107.698 -9.990e-29
 -9.990e-29  -72.57878      2.036      2.020    20.6249    29.9399 -9.990e-29     0.9281 2.9643e+01  1020.7543    20.6246    20.7454     8.1113    248.330    7.53208  230.59745    107.690 -9.990e-29
 -9.990e-29  -72.57878      2.047      2.031    20.6251    29.9399 -9.990e-29     0.9281 2.8902e+01  1020.7543    20.6248    20.7454     8.1110    248.320    7.53204  230.59625    107.686 -9.990e-29
 -9.990e-29  -72.57878      2.057      2.041    20.6251    29.9399 -9.990e-29     0.9147 2.8259e+01  1020.7544    20.6248    20.7454     8.1152    248.449    7.53207  230.59717    107.742 -9.990e-29
 -9.990e-29  -72.57878      2.068      2.052    20.6253    29.9399 -9.990e-29     0.9147 2.8180e+01  1020.7545    20.6249    20.7454     8.1108    248.317    7.53207  230.59725    107.684 -9.990e-29
 -9.990e-29  -72.57878      2.087      2.071    20.6257    29.9399 -9.990e-29     0.9281 2.8180e+01  1020.7543    20.6253    20.7453     8.1106    248.309    7.53208  230.59741    107.681 -9.990e-29
 -9.990e-29  -72.57878      2.097      2.080    20.6256    29.9398 -9.990e-29     0.9281 2.8101e+01  1020.7544    20.6253    20.7452     8.1104    248.304    7.53210  230.59801    107.678 -9.990e-29
 -9.990e-29  -72.57878      2.117      2.101    20.6258    29.9395 -9.990e-29     0.9281 2.8022e+01  1020.7540    20.6255    20.7450     8.1102    248.296    7.53207  230.59707    107.675 -9.990e-29
 -9.990e-29  -72.57878      2.138      2.121    20.6257    29.9393 -9.990e-29     0.9281 2.8259e+01  1020.7542    20.6253    20.7447     8.1144    248.426    7.53206  230.59665    107.732 -9.990e-29
 -9.990e-29  -72.57878      2.147      2.131    20.6260    29.9389 -9.990e-29     0.9147 2.8498e+01  1020.7536    20.6256    20.7444     8.1146    248.431    7.53204  230.59624    107.734 -9.990e-29
 -9.990e-29  -72.57878      2.168      2.151    20.6260    29.9387 -9.990e-29     0.9281 2.8579e+01  1020.7535    20.6256    20.7442     8.1148    248.436    7.53205  230.59646    107.736 -9.990e-29
 -9.990e-29  -72.57878      2.189      2.172    20.6258    29.9387 -9.990e-29     0.9281 2.8821e+01  1020.7536    20.6254    20.7442     8.1194    248.578    7.53207  230.59705    107.798 -9.990e-29
 -9.990e-29  -72.57878      2.198      2.181    20.6255    29.9387 -9.990e-29     0.9281 2.9229e+01  1020.7539    20.6251    20.7443     8.1199    248.594    7.53205  230.59648    107.805 -9.990e-29
 -9.990e-29  -72.57878      2.229      2.211    20.6255    29.9389 -9.990e-29     0.9281 2.9394e+01  1020.7543    20.6251    20.7445     8.1163    248.485    7.53203  230.59603    107.758 -9.990e-29
 -9.990e-29  -72.57878      2.240      2.222    20.6255    29.9392 -9.990e-29     0.9281 2.9311e+01  1020.7544    20.6251    20.7447     8.1165    248.490    7.53205  230.59647    107.760 -9.990e-29
 -9.990e-29  -72.57878      2.270      2.252    20.6255    29.9394 -9.990e-29     0.9281 2.9311e+01  1020.7547    20.6251    20.7449     8.1215    248.642    7.53202  230.59579    107.826 -9.990e-29
 -9.990e-29  -72.57878      2.270      2.252    20.6255    29.9396 -9.990e-29     0.9147 2.9229e+01  1020.7551    20.6251    20.7451     8.1224    248.670    7.53202  230.59560    107.838 -9.990e-29
 -9.990e-29  -72.57878      2.290      2.273    20.6255    29.9398 -9.990e-29     0.9281 2.9147e+01  1020.7552    20.6251    20.7452     8.1278    248.835    7.53204  230.59622    107.909 -9.990e-29
 -9.990e-29  -72.57878      2.310      2.292    20.6257    29.9399 -9.990e-29     0.9281 2.8659e+01  1020.7552    20.6253    20.7452     8.1287    248.862    7.53205  230.59667    107.921 -9.990e-29
 -9.990e-29  -72.57878      2.319      2.301    20.6258    29.9401 -9.990e-29     0.9147 2.8498e+01  1020.7552    20.6254    20.7454     8.1299    248.899    7.53203  230.59594    107.937 -9.990e-29
 -9.990e-29  -72.57878      2.340      2.322    20.6258    29.9405 -9.990e-29     0.9415 2.8498e+01  1020.7561    20.6254    20.7456     8.1307    248.926    7.53205  230.59646    107.949 -9.990e-29
 -9.990e-29  -72.57878      2.351      2.333    20.6265    29.9405 -9.990e-29     0.9549 2.8259e+01  1020.7560    20.6261    20.7456     8.1315    248.950    7.53203  230.59600    107.959 -9.990e-29
 -9.990e-29  -72.57878      2.360      2.342    20.6269    29.9405 -9.990e-29     0.9549 2.8259e+01  1020.7556    20.6265    20.7454     8.1327    248.985    7.53201  230.59535    107.975 -9.990e-29
 -9.990e-29  -72.57878      2.371      2.353    20.6272    29.9403 -9.990e-29     0.9549 2.8180e+01  1020.7552    20.6268    20.7452     8.1290    248.873    7.53202  230.59576    107.926 -9.990e-29
 -9.990e-29  -72.57878      2.391      2.372    20.6272    29.9403 -9.990e-29     0.9549 2.8022e+01  1020.7557    20.6268    20.7451     8.1342    249.031    7.53200  230.59523    107.995 -9.990e-29
 -9.990e-29  -72.57878      2.391      2.372    20.6278    29.9400 -9.990e-29     0.9415 2.7864e+01  1020.7553    20.6273    20.7449     8.1353    249.066    7.53203  230.59583    108.010 -9.990e-29
 -9.990e-29  -72.57878      2.400      2.382    20.6281    29.9397 -9.990e-29     0.9415 2.7864e+01  1020.7546    20.6277    20.7445     8.1364    249.100    7.53205  230.59643    108.024 -9.990e-29
 -9.990e-29  -72.57878      2.411      2.393    20.6285    29.9397 -9.990e-29     0.9549 2.7553e+01  1020.7548    20.6280    20.7444     8.1371    249.121    7.53203  230.59583    108.034 -9.990e-29
 -9.990e-29  -72.57878      2.411      2.393    20.6286    29.9397 -9.990e-29     0.9549 2.7244e+01  1020.7550    20.6282    20.7443     8.1378    249.143    7.53205  230.59667    108.043 -9.990e-29
 -9.990e-29  -72.57878      2.432      2.413    20.6290    29.9396 -9.990e-29     0.9549 2.7168e+01  1020.7547    20.6286    20.7442     8.1389    249.174    7.53204  230.59639    108.056 -9.990e-29
 -9.990e-29  -72.57878      2.432      2.413    20.6293    29.9395 -9.990e-29     0.9549 2.6940e+01  1020.7546    20.6289    20.7440     8.1395    249.193    7.53202  230.59582    108.065 -9.990e-29
 -9.990e-29  -72.57878      2.441      2.423    20.6295    29.9395 -9.990e-29     0.9549 2.6489e+01  1020.7545    20.6291    20.7439     8.1445    249.347    7.53204  230.59647    108.131 -9.990e-29
 -9.990e-29  -72.57878      2.441      2.423    20.6297    29.9394 -9.990e-29     0.9415 2.6414e+01  1020.7545    20.6292    20.7438     8.1406    249.227    7.53204  230.59613    108.080 -9.990e-29
 -9.990e-29  -72.57878      2.441      2.423    20.6299    29.9394 -9.990e-29     0.9549 2.6192e+01  1020.7543    20.6294    20.7438     8.1411    249.243    7.53204  230.59633    108.086 -9.990e-29
 -9.990e-29  -72.57878      2.451      2.432    20.6297    29.9394 -9.990e-29     0.9549 2.5754e+01  1020.7545    20.6293    20.7438     8.1416    249.259    7.53209  230.59775    108.093 -9.990e-29
 -9.990e-29  -72.57878      2.462      2.443    20.6299    29.9394 -9.990e-29     0.9549 2.5610e+01  1020.7545    20.6294    20.7438     8.1421    249.272    7.53208  230.59745    108.098 -9.990e-29
 -9.990e-29  -72.57878      2.462      2.443    20.6299    29.9393 -9.990e-29     0.9549 2.5394e+01  1020.7544    20.6294    20.7437     8.1421    249.273    7.53208  230.59755    108.099 -9.990e-29
 -9.990e-29  -72.57878      2.462      2.443    20.6301    29.9392 -9.990e-29     0.9549 2.4969e+01  1020.7543    20.6296    20.7436     8.1420    249.272    7.53207  230.59705    108.098 -9.990e-29
 -9.990e-29  -72.57878      2.472      2.453    20.6300    29.9391 -9.990e-29     0.9549 2.4760e+01  1020.7542    20.6296    20.7435     8.1420    249.270    7.53207  230.59722    108.098 -9.990e-29
 -9.990e-29  -72.57878      2.462      2.443    20.6302    29.9391 -9.990e-29     0.9549 2.4760e+01  1020.7540    20.6298    20.7434     8.1419    249.267    7.53207  230.59729    108.096 -9.990e-29
 -9.990e-29  -72.57878      2.472      2.453    20.6302    29.9391 -9.990e-29     0.9415 2.4483e+01  1020.7542    20.6298    20.7435     8.1413    249.250    7.53208  230.59744    108.089 -9.990e-29
 -9.990e-29  -72.57878      2.472      2.453    20.6302    29.9392 -9.990e-29     0.9415 2.4277e+01  1020.7544    20.6298    20.7436     8.1412    249.245    7.53211  230.59830    108.086 -9.990e-29
 -9.990e-29  -72.57878      2.451      2.432    20.6304    29.9392 -9.990e-29     0.9549 2.4277e+01  1020.7541    20.6300    20.7435     8.1409    249.235    7.53207  230.59704    108.083 -9.990e-29
 -9.990e-29  -72.57878      2.472      2.453    20.6302    29.9392 -9.990e-29     0.9549 2.4209e+01  1020.7543    20.6298    20.7435     8.1454    249.373    7.53206  230.59688    108.142 -9.990e-29
 -9.990e-29  -72.57878      2.462      2.443    20.6304    29.9391 -9.990e-29     0.9549 2.4141e+01  1020.7541    20.6299    20.7435     8.1409    249.238    7.53206  230.59688    108.084 -9.990e-29
 -9.990e-29  -72.57878      2.451      2.432    20.6301    29.9391 -9.990e-29     0.9549 2.4141e+01  1020.7541    20.6296    20.7435     8.1405    249.226    7.53207  230.59721    108.078 -9.990e-29
 -9.990e-29  -72.57878      2.441      2.423    20.6306    29.9390 -9.990e-29     0.9415 2.4141e+01  1020.7540    20.6301    20.7434     8.1401    249.212    7.53206  230.59696    108.073 -9.990e-29
 -9.990e-29  -72.57878      2.441      2.423    20.6304    29.9390 -9.990e-29     0.9549 2.4141e+01  1020.7539    20.6300    20.7433     8.1392    249.185    7.53205  230.59673    108.061 -9.990e-29
 -9.990e-29  -72.57878      2.441      2.423    20.6307    29.9390 -9.990e-29     0.9549 2.4141e+01  1020.7538    20.6303    20.7433     8.1387    249.169    7.53209  230.59778    108.054 -9.990e-29
 -9.990e-29  -72.57878      2.432      2.413    20.6304    29.9390 -9.990e-29     0.9549 2.4277e+01  1020.7540    20.6300    20.7432     8.1381    249.151    7.53209  230.59790    108.046 -9.990e-29
 -9.990e-29  -72.57878      2.421      2.402    20.6309    29.9388 -9.990e-29     0.9549 2.4277e+01  1020.7533    20.6305    20.7431     8.1375    249.132    7.53210  230.59823    108.037 -9.990e-29
 -9.990e-29  -72.57878      2.411      2.393    20.6306    29.9388 -9.990e-29     0.9549 2.4345e+01  1020.7536    20.6302    20.7431     8.1368    249.111    7.53210  230.59795    108.028 -9.990e-29
 -9.990e-29  -72.57878      2.400      2.382    20.6306    29.9388 -9.990e-29     0.9549 2.4414e+01  1020.7536    20.6302    20.7431     8.1364    249.100    7.53210  230.59824    108.023 -9.990e-29
 -9.990e-29  -72.57878      2.391      2.372    20.6306    29.9388 -9.990e-29     0.9549 2.4552e+01  1020.7534    20.6302    20.7431     8.1357    249.078    7.53212  230.59881    108.014 -9.990e-29
 -9.990e-29  -72.57878      2.392      2.374    20.6304    29.9388 -9.990e-29     0.9549 2.4621e+01  1020.7536    20.6300    20.7432     8.1349    249.053    7.53212  230.59881    108.003 -9.990e-29
 -9.990e-29  -72.57878      2.381      2.363    20.6306    29.9389 -9.990e-29     0.9549 2.4690e+01  1020.7536    20.6302    20.7433     8.1385    249.163    7.53212  230.59882    108.050 -9.990e-29
 -9.990e-29  -72.57878      2.370      2.352    20.6306    29.9390 -9.990e-29     0.9415 2.4829e+01  1020.7537    20.6302    20.7434     8.1379    249.146    7.53213  230.59906    108.043 -9.990e-29
 -9.990e-29  -72.57878      2.360      2.342    20.6306    29.9390 -9.990e-29     0.9549 2.4899e+01  1020.7539    20.6302    20.7434     8.1377    249.140    7.53213  230.59902    108.040 -9.990e-29
   40.77700  -72.57878      2.351      2.333    20.6308    29.9390 -9.990e-29     0.9549 2.4969e+01  1020.7533    20.6304    20.7433     8.1375    249.132    7.53214  230.59936    108.037 -9.990e-29
