CalculateIndicators/WaterTemperature/Data/CTD_NYOS/20240426_C06.cnv
* Sea-Bird SBE 9 Data File:
* FileName = C:\Seabird 9 CTD\Data\2024\202404_offshore\20240426_C06.hex
* Software Version Seasave V 7.23.2
* Temperature SN = 4590
* Conductivity SN = 3228
* Number of Bytes Per Scan = 44
* Number of Voltage Words = 5
* Number of Scans Averaged by the Deck Unit = 1
* NMEA Latitude = 40 04.74 N
* NMEA Longitude = 073 04.17 W
* NMEA UTC (Time) = Apr 26 2024  16:22:05
* NMEA baud rate = 4800
** Ship: Seawolf
** Station: 8.3
** Operator: TCM
# nquan = 18
# nvalues = 12480                       
# units = specified
# name 0 = latitude: Latitude [deg]
# name 1 = longitude: Longitude [deg]
# name 2 = prDM: Pressure, Digiquartz [db]
# name 3 = depSM: Depth [salt water, m]
# name 4 = t090C: Temperature [ITS-90, deg C]
# name 5 = sal00: Salinity, Practical [PSU]
# name 6 = ph: pH
# name 7 = flECO-AFL: Fluorescence, WET Labs ECO-AFL/FL [mg/m^3]
# name 8 = cpar: CPAR/Corrected Irradiance [%]
# name 9 = density00: Density [density, kg/m^3]
# name 10 = potemp090C: Potential Temperature [ITS-90, deg C]
# name 11 = sigma-é00: Density [sigma-theta, kg/m^3]
# name 12 = sbeox0Mg/L: Oxygen, SBE 43 [mg/l]
# name 13 = sbox0Mm/Kg: Oxygen, SBE 43 [umol/kg]
# name 14 = oxsolMg/L: Oxygen Saturation, Garcia & Gordon [mg/l]
# name 15 = oxsolMm/Kg: Oxygen Saturation, Garcia & Gordon [umol/kg]
# name 16 = sbeox0PS: Oxygen, SBE 43 [% saturation]
# name 17 = flag:  0.000e+00
# span 0 =   40.07888,   40.07910       
# span 1 =  -73.06990,  -73.06962       
# span 2 =      1.218,     39.089       
# span 3 =      1.208,     38.785       
# span 4 =     6.2760,     8.8414       
# span 5 =    30.5086,    31.6428       
# span 6 =      7.867,      8.127       
# span 7 =    -0.5762,     4.0709       
# span 8 = 1.2309e-01, 1.5345e+02       
# span 9 =  1023.5704,  1025.0452       
# span 10 =     6.2737,     8.8412      
# span 11 =    23.6276,    24.8646      
# span 12 =     8.2921,    10.1804      
# span 13 =    252.846,    310.729      
# span 14 =    9.52058,   10.04090      
# span 15 =  290.62320,  306.20617      
# span 16 =     82.732,    106.047      
# span 17 = 0.0000e+00, 0.0000e+00      
# interval = seconds: 0.0416667
# start_time = Apr 26 2024 16:22:07 [System UTC, first data scan.]
# bad_flag = -9.990e-29
*END*
[from data line 9890]
   40.07894  -73.06984      2.484      2.465     8.8271    30.6503      8.107     0.1222 5.3722e+01  1023.7513     8.8268    23.7401    10.0644    307.224    9.52415  290.73159    105.673 -9.990e-29
   40.07894  -73.06984      2.516      2.497     8.8264    30.6505      8.107     0.1222 5.3722e+01  1023.7519     8.8262    23.7404    10.0639    307.207    9.52421  290.73321    105.666 -9.990e-29
   40.07894  -73.06984      2.505      2.486     8.8264    30.6510      8.112     0.1222 6.2005e+01  1023.7522     8.8262    23.7408    10.0639    307.209    9.52413  290.73089    105.668 -9.990e-29
   40.07894  -73.06984      2.516      2.497     8.8267    30.6515      8.112     0.1222 8.3298e+01  1023.7527     8.8265    23.7412    10.0570    306.999    9.52402  290.72748    105.597 -9.990e-29
   40.07894  -73.06984      2.516      2.497     8.8268    30.6519      8.107     0.1222 9.1140e+01  1023.7530     8.8265    23.7414    10.0563    306.974    9.52399  290.72662    105.589 -9.990e-29
   40.07894  -73.06984      2.535      2.516     8.8273    30.6520      8.112     0.1222 8.2367e+01  1023.7531     8.8270    23.7415    10.0555    306.951    9.52393  290.72487    105.581 -9.990e-29
   40.07894  -73.06984      2.525      2.506     8.8276    30.6519      8.112     0.1222 5.9611e+01  1023.7529     8.8273    23.7414    10.0607    307.111    9.52391  290.72418    105.637 -9.990e-29
   40.07894  -73.06984      2.546      2.527     8.8277    30.6517      8.112     0.1222 5.2823e+01  1023.7527     8.8274    23.7412    10.0606    307.108    9.52379  290.72049    105.637 -9.990e-29
   40.07894  -73.06984      2.565      2.546     8.8276    30.6514      8.107     0.1222 5.0927e+01  1023.7526     8.8273    23.7409    10.0606    307.108    9.52378  290.72032    105.637 -9.990e-29
   40.07894  -73.06984      2.556      2.536     8.8278    30.6513      8.107     0.1222 3.9988e+01  1023.7524     8.8275    23.7408    10.0658    307.265    9.52376  290.71960    105.691 -9.990e-29
   40.07894  -73.06984      2.576      2.557     8.8278    30.6514      8.112     0.1222 3.5435e+01  1023.7526     8.8275    23.7409    10.0605    307.104    9.52381  290.72126    105.635 -9.990e-29
   40.07894  -73.06984      2.586      2.566     8.8279    30.6514      8.107     0.1222 3.5835e+01  1023.7528     8.8277    23.7409    10.0535    306.891    9.52387  290.72300    105.561 -9.990e-29
   40.07894  -73.06984      2.596      2.576     8.8285    30.6513      8.112     0.1222 4.8687e+01  1023.7526     8.8283    23.7408    10.0585    307.044    9.52385  290.72226    105.614 -9.990e-29
   40.07894  -73.06984      2.607      2.587     8.8284    30.6513      8.107     0.1222 5.7634e+01  1023.7526     8.8282    23.7407    10.0513    306.821    9.52371  290.71792    105.539 -9.990e-29
   40.07894  -73.06984      2.616      2.596     8.8281    30.6511      8.112     0.1222 5.8614e+01  1023.7527     8.8278    23.7406    10.0500    306.783    9.52355  290.71288    105.528 -9.990e-29
   40.07894  -73.06984      2.638      2.618     8.8281    30.6508      8.112     0.1222 5.2823e+01  1023.7524     8.8278    23.7404    10.0487    306.743    9.52337  290.70752    105.516 -9.990e-29
   40.07894  -73.06984      2.646      2.626     8.8282    30.6507      8.107     0.1222 4.9237e+01  1023.7522     8.8279    23.7403    10.0475    306.708    9.52331  290.70561    105.505 -9.990e-29
   40.07894  -73.06984      2.657      2.637     8.8275    30.6508      8.107     0.1222 4.8824e+01  1023.7525     8.8272    23.7405    10.0473    306.700    9.52328  290.70505    105.502 -9.990e-29
   40.07894  -73.06984      2.657      2.637     8.8270    30.6510      8.112     0.1222 6.3952e+01  1023.7530     8.8267    23.7407    10.0523    306.854    9.52333  290.70667    105.555 -9.990e-29
   40.07894  -73.06984      2.688      2.667     8.8270    30.6515      8.107     0.0819 8.3064e+01  1023.7532     8.8267    23.7411    10.0520    306.846    9.52334  290.70692    105.552 -9.990e-29
   40.07894  -73.06984      2.697      2.677     8.8267    30.6519      8.112     0.0551 8.7697e+01  1023.7541     8.8265    23.7413    10.0518    306.839    9.52341  290.70894    105.549 -9.990e-29
   40.07894  -73.06984      2.697      2.677     8.8276    30.6519      8.107     0.0416 5.7683e+01  1023.7536     8.8273    23.7413    10.0454    306.642    9.52331  290.70628    105.482 -9.990e-29
   40.07894  -73.06984      2.718      2.697     8.8281    30.6517      8.107     0.0551 3.1250e+01  1023.7533     8.8278    23.7411    10.0504    306.798    9.52350  290.71211    105.533 -9.990e-29
   40.07894  -73.06984      2.738      2.717     8.8281    30.6515      8.112     0.0551 2.6622e+01  1023.7536     8.8278    23.7409    10.0443    306.610    9.52371  290.71837    105.466 -9.990e-29
   40.07894  -73.06984      2.748      2.727     8.8285    30.6514      8.107     0.0551 2.8004e+01  1023.7532     8.8282    23.7409    10.0433    306.578    9.52383  290.72207    105.454 -9.990e-29
   40.07894  -73.06984      2.758      2.736     8.8286    30.6514      8.112     0.0551 3.0443e+01  1023.7537     8.8283    23.7408    10.0482    306.730    9.52395  290.72554    105.505 -9.990e-29
   40.07894  -73.06984      2.769      2.747     8.8289    30.6509      8.107     0.0551 3.1311e+01  1023.7534     8.8287    23.7404    10.0418    306.535    9.52398  290.72649    105.438 -9.990e-29
   40.07894  -73.06984      2.788      2.766     8.8293    30.6499      8.112     0.0551 3.1162e+01  1023.7523     8.8290    23.7396    10.0416    306.527    9.52406  290.72897    105.434 -9.990e-29
   40.07894  -73.06984      2.799      2.777     8.8284    30.6489      8.107     0.0551 3.0987e+01  1023.7512     8.8282    23.7390    10.0414    306.520    9.52416  290.73185    105.430 -9.990e-29
   40.07894  -73.06984      2.808      2.787     8.8265    30.6487      8.107     0.0551 3.0900e+01  1023.7517     8.8263    23.7390    10.0411    306.512    9.52418  290.73253    105.427 -9.990e-29
   40.07894  -73.06984      2.818      2.796     8.8246    30.6491      8.112     0.0551 3.1311e+01  1023.7521     8.8244    23.7395    10.0409    306.505    9.52420  290.73287    105.425 -9.990e-29
   40.07894  -73.06984      2.829      2.807     8.8227    30.6500      8.107     0.0551 3.4192e+01  1023.7534     8.8224    23.7405    10.0406    306.496    9.52415  290.73151    105.422 -9.990e-29
   40.07894  -73.06984      2.840      2.818     8.8220    30.6510      8.112     0.0551 3.5765e+01  1023.7546     8.8217    23.7414    10.0396    306.466    9.52418  290.73233    105.412 -9.990e-29
   40.07894  -73.06984      2.839      2.817     8.8218    30.6516      8.112     0.0551 3.6785e+01  1023.7552     8.8215    23.7419    10.0392    306.455    9.52402  290.72761    105.410 -9.990e-29
   40.07894  -73.06984      2.850      2.828     8.8222    30.6518      8.112     0.0551 5.6242e+01  1023.7551     8.8219    23.7421    10.0389    306.445    9.52391  290.72409    105.408 -9.990e-29
   40.07894  -73.06984      2.859      2.837     8.8222    30.6519      8.112     0.0551 7.1565e+01  1023.7551     8.8219    23.7422    10.0378    306.412    9.52379  290.72047    105.397 -9.990e-29
   40.07894  -73.06984      2.859      2.837     8.8222    30.6521      8.107     0.0551 7.3399e+01  1023.7555     8.8219    23.7423    10.0376    306.405    9.52369  290.71769    105.396 -9.990e-29
   40.07894  -73.06984      2.859      2.837     8.8224    30.6522      8.112     0.0551 6.1831e+01  1023.7555     8.8221    23.7423    10.0374    306.400    9.52362  290.71542    105.395 -9.990e-29
   40.07894  -73.06984      2.869      2.847     8.8233    30.6521      8.107     0.0551 5.4944e+01  1023.7553     8.8230    23.7421    10.0313    306.213    9.52355  290.71317    105.332 -9.990e-29
   40.07894  -73.06984      2.859      2.837     8.8237    30.6519      8.107     0.0551 5.4025e+01  1023.7550     8.8234    23.7419    10.0303    306.182    9.52337  290.70782    105.323 -9.990e-29
   40.07894  -73.06984      2.869      2.847     8.8240    30.6517      8.112     0.0551 5.0216e+01  1023.7545     8.8237    23.7417    10.0355    306.340    9.52325  290.70414    105.379 -9.990e-29
   40.07894  -73.06984      2.859      2.837     8.8237    30.6518      8.107     0.0551 4.6284e+01  1023.7552     8.8234    23.7418    10.0295    306.156    9.52316  290.70129    105.317 -9.990e-29
   40.07894  -73.06984      2.859      2.837     8.8242    30.6518      8.112     0.0551 4.5382e+01  1023.7548     8.8239    23.7418    10.0288    306.136    9.52311  290.69978    105.310 -9.990e-29
   40.07894  -73.06984      2.859      2.837     8.8241    30.6517      8.112     0.0551 4.8687e+01  1023.7546     8.8238    23.7417    10.0342    306.302    9.52304  290.69782    105.368 -9.990e-29
   40.07894  -73.06984      2.839      2.817     8.8242    30.6516      8.112     0.0819 5.3420e+01  1023.7547     8.8239    23.7416    10.0345    306.310    9.52302  290.69725    105.371 -9.990e-29
   40.07894  -73.06984      2.850      2.828     8.8246    30.6515      8.112     0.0819 5.4636e+01  1023.7544     8.8244    23.7415    10.0348    306.319    9.52298  290.69599    105.374 -9.990e-29
   40.07894  -73.06984      2.830      2.809     8.8248    30.6514      8.107     0.0819 5.7150e+01  1023.7541     8.8245    23.7414    10.0291    306.145    9.52291  290.69392    105.315 -9.990e-29
   40.07894  -73.06984      2.818      2.796     8.8244    30.6514      8.112     0.0819 6.2882e+01  1023.7545     8.8241    23.7414    10.0286    306.132    9.52286  290.69258    105.311 -9.990e-29
   40.07894  -73.06984      2.808      2.787     8.8248    30.6514      8.112     0.0819 6.4858e+01  1023.7541     8.8245    23.7414    10.0284    306.124    9.52288  290.69300    105.308 -9.990e-29
   40.07894  -73.06984      2.788      2.766     8.8245    30.6514      8.112     0.0819 5.8450e+01  1023.7542     8.8242    23.7414    10.0280    306.113    9.52277  290.68973    105.306 -9.990e-29
   40.07894  -73.06984      2.778      2.757     8.8248    30.6514      8.107     0.0819 3.9988e+01  1023.7542     8.8246    23.7414    10.0280    306.112    9.52285  290.69233    105.304 -9.990e-29
   40.07894  -73.06984      2.769      2.747     8.8255    30.6514      8.112     0.0819 3.4452e+01  1023.7538     8.8252    23.7412    10.0279    306.108    9.52284  290.69198    105.303 -9.990e-29
   40.07894  -73.06984      2.738      2.717     8.8256    30.6514      8.112     0.0819 3.4646e+01  1023.7537     8.8253    23.7412    10.0270    306.081    9.52283  290.69153    105.294 -9.990e-29
   40.07894  -73.06984      2.738      2.717     8.8258    30.6515      8.107     0.0819 3.6312e+01  1023.7538     8.8255    23.7413    10.0262    306.056    9.52282  290.69128    105.285 -9.990e-29
   40.07894  -73.06984      2.718      2.697     8.8258    30.6516      8.107     0.0819 3.7065e+01  1023.7539     8.8255    23.7414    10.0254    306.032    9.52285  290.69236    105.277 -9.990e-29
   40.07894  -73.06984      2.697      2.677     8.8264    30.6516      8.112     0.0819 3.7696e+01  1023.7536     8.8262    23.7413    10.0316    306.222    9.52293  290.69487    105.341 -9.990e-29
   40.07894  -73.06984      2.688      2.667     8.8265    30.6514      8.112     0.0819 4.9935e+01  1023.7533     8.8263    23.7411    10.0265    306.067    9.52297  290.69581    105.288 -9.990e-29
   40.07894  -73.06984      2.667      2.647     8.8266    30.6513      8.112     0.0819 5.8564e+01  1023.7533     8.8264    23.7411    10.0267    306.073    9.52298  290.69610    105.290 -9.990e-29
   40.07894  -73.06984      2.657      2.637     8.8264    30.6513      8.112     0.0819 5.9611e+01  1023.7531     8.8262    23.7411    10.0278    306.107    9.52297  290.69584    105.301 -9.990e-29
   40.07894  -73.06984      2.627      2.607     8.8261    30.6515      8.112     0.0819 5.2086e+01  1023.7531     8.8259    23.7412    10.0282    306.119    9.52304  290.69793    105.305 -9.990e-29
   40.07894  -73.06984      2.616      2.596     8.8261    30.6518      8.112     0.0819 4.7204e+01  1023.7535     8.8258    23.7414    10.0278    306.107    9.52305  290.69834    105.301 -9.990e-29
   40.07894  -73.06984      2.596      2.576     8.8266    30.6522      8.107     0.0819 4.6414e+01  1023.7536     8.8264    23.7417    10.0282    306.119    9.52301  290.69708    105.305 -9.990e-29
   40.07894  -73.06984      2.576      2.557     8.8273    30.6524      8.112     0.0819 5.1358e+01  1023.7537     8.8270    23.7418    10.0278    306.107    9.52297  290.69582    105.302 -9.990e-29
   40.07894  -73.06984      2.556      2.536     8.8281    30.6525      8.107     0.0819 5.6510e+01  1023.7535     8.8279    23.7418    10.0275    306.096    9.52292  290.69421    105.298 -9.990e-29
   40.07894  -73.06984      2.546      2.527     8.8284    30.6523      8.107     0.0819 5.7634e+01  1023.7533     8.8282    23.7416    10.0272    306.088    9.52290  290.69353    105.296 -9.990e-29
   40.07894  -73.06984      2.516      2.497     8.8287    30.6520      8.112     0.0819 6.8033e+01  1023.7528     8.8284    23.7413    10.0330    306.264    9.52289  290.69342    105.356 -9.990e-29
   40.07894  -73.06984      2.497      2.477     8.8286    30.6517      8.107     0.0819 8.5915e+01  1023.7523     8.8283    23.7411    10.0336    306.284    9.52294  290.69514    105.362 -9.990e-29
   40.07894  -73.06984      2.475      2.456     8.8286    30.6515      8.112     0.0819 9.1140e+01  1023.7522     8.8283    23.7409    10.0292    306.148    9.52306  290.69874    105.314 -9.990e-29
   40.07894  -73.06984      2.454      2.435     8.8282    30.6513      8.112     0.0819 8.4240e+01  1023.7521     8.8280    23.7407    10.0358    306.352    9.52305  290.69844    105.385 -9.990e-29
   40.07894  -73.06984      2.444      2.426     8.8288    30.6509      8.112     0.0954 7.1766e+01  1023.7515     8.8286    23.7404    10.0313    306.213    9.52300  290.69695    105.338 -9.990e-29
   40.07894  -73.06984      2.414      2.396     8.8281    30.6505      8.112     0.0954 6.8609e+01  1023.7511     8.8279    23.7402    10.0373    306.397    9.52305  290.69845    105.400 -9.990e-29
   40.07894  -73.06984      2.394      2.375     8.8273    30.6501      8.107     0.0954 6.4676e+01  1023.7508     8.8270    23.7400    10.0390    306.448    9.52312  290.70049    105.417 -9.990e-29
   40.07894  -73.06984      2.384      2.366     8.8268    30.6500      8.112     0.0954 5.2675e+01  1023.7507     8.8265    23.7400    10.0398    306.473    9.52314  290.70105    105.425 -9.990e-29
   40.07894  -73.06984      2.363      2.345     8.8261    30.6501      8.112     0.0954 4.8687e+01  1023.7511     8.8258    23.7401    10.0346    306.313    9.52315  290.70148    105.370 -9.990e-29
   40.07894  -73.06984      2.343      2.325     8.8260    30.6503      8.112     0.0954 4.8455e+01  1023.7509     8.8257    23.7403    10.0355    306.340    9.52318  290.70212    105.379 -9.990e-29
   40.07894  -73.06984      2.324      2.306     8.8255    30.6505      8.112     0.0954 4.7645e+01  1023.7512     8.8252    23.7406    10.0356    306.344    9.52322  290.70322    105.380 -9.990e-29
   40.07894  -73.06984      2.303      2.285     8.8250    30.6508      8.112     0.0954 4.7112e+01  1023.7513     8.8247    23.7409    10.0356    306.343    9.52312  290.69999    105.381 -9.990e-29
   40.07894  -73.06984      2.292      2.274     8.8246    30.6512      8.112     0.0954 4.7244e+01  1023.7518     8.8244    23.7412    10.0356    306.343    9.52302  290.69727    105.382 -9.990e-29
   40.07894  -73.06984      2.282      2.265     8.8246    30.6513      8.107     0.0954 5.1692e+01  1023.7518     8.8244    23.7413    10.0418    306.532    9.52300  290.69647    105.447 -9.990e-29
