CalculateIndicators/WaterTemperature/Data/CTD_NYOS/20240709_C07.cnv
* Sea-Bird SBE 9 Data File:
* FileName = C:\Seabird 9 CTD\Data\2024\202407_offshore\20240709_C07.hex
* Software Version Seasave V 7.23.2
* Temperature SN = 4590
* Conductivity SN = 3228
* Number of Bytes Per Scan = 44
* Number of Voltage Words = 5
* Number of Scans Averaged by the Deck Unit = 1
* NMEA Latitude = 39 50.44 N
* NMEA Longitude = 072 54.50 W
* NMEA UTC (Time) = Jul 09 2024  02:39:49
* NMEA baud rate = 4800
** Ship: seawolf
** Station: 8.4
** Operator: TDK
# nquan = 18
# nvalues = 15365                       
# units = specified
# name 0 = latitude: Latitude [deg]
# name 1 = longitude: Longitude [deg]
# name 2 = prDM: Pressure, Digiquartz [db]
# name 3 = depSM: Depth [salt water, m]
# name 4 = t090C: Temperature [ITS-90, deg C]
# name 5 = sal00: Salinity, Practical [PSU]
# name 6 = ph: pH
# name 7 = flECO-AFL: Fluorescence, WET Labs ECO-AFL/FL [mg/m^3]
# name 8 = cpar: CPAR/Corrected Irradiance [%]
# name 9 = density00: Density [density, kg/m^3]
# name 10 = potemp090C: Potential Temperature [ITS-90, deg C]
# name 11 = sigma-é00: Density [sigma-theta, kg/m^3]
# name 12 = sbeox0Mg/L: Oxygen, SBE 43 [mg/l]
# name 13 = sbox0Mm/Kg: Oxygen, SBE 43 [umol/kg]
# name 14 = oxsolMg/L: Oxygen Saturation, Garcia & Gordon [mg/l]
# name 15 = oxsolMm/Kg: Oxygen Saturation, Garcia & Gordon [umol/kg]
# name 16 = sbeox0PS: Oxygen, SBE 43 [% saturation]
# name 17 = flag:  0.000e+00
# span 0 =   39.84070,   39.84110       
# span 1 =  -72.90840,  -72.90796       
# span 2 =      1.469,     59.843       
# span 3 =      1.457,     59.377       
# span 4 =     6.8083,    23.9071       
# span 5 =    29.8053,    32.8629       
# span 6 =      7.903,      8.133       
# span 7 =     0.0013,     2.7010       
# span 8 = 1.6880e-11, 9.9999e+04       
# span 9 =  1019.9006,  1025.4515       
# span 10 =     6.8051,    23.9068      
# span 11 =    19.8950,    25.1766      
# span 12 =     7.5853,    10.9221      
# span 13 =    232.391,    333.131      
# span 14 =    7.09881,    9.88485      
# span 15 =  217.50592,  301.35127      
# span 16 =     78.254,    122.941      
# span 17 = 0.0000e+00, 0.0000e+00      
# interval = seconds: 0.0416667
# start_time = Jul 09 2024 02:39:51 [System UTC, first data scan.]
# bad_flag = -9.990e-29
*END*
[from data line 14071]
   39.84108  -72.90800      2.013      1.997    23.4448    30.0935      8.055     0.6460 1.7003e+01  1020.0968    23.4444    20.0912     7.7143    236.341    7.12964  218.42850    108.201 -9.990e-29
   39.84108  -72.90800      2.002      1.986    23.4537    30.1000      8.055     0.6460 1.6899e+01  1020.1036    23.4533    20.0930     7.7113    236.251    7.12773  218.37254    108.187 -9.990e-29
   39.84108  -72.90800      2.002      1.986    23.4697    30.1030      8.055     0.6460 1.6848e+01  1020.1044    23.4693    20.0928     7.7086    236.170    7.12623  218.32869    108.172 -9.990e-29
   39.84108  -72.90800      2.013      1.997    23.4880    30.1030      8.055     0.6460 1.5706e+01  1020.0978    23.4876    20.0885     7.7063    236.101    7.12503  218.29168    108.159 -9.990e-29
   39.84108  -72.90800      2.003      1.988    23.5042    30.1030      8.055     0.6460 1.3548e+01  1020.0911    23.5038    20.0819     7.6997    235.896    7.12376  218.25186    108.085 -9.990e-29
   39.84108  -72.90800      2.013      1.997    23.5184    30.0980      8.055     0.6460 1.2931e+01  1020.0833    23.5180    20.0741     7.7009    235.935    7.12222  218.20461    108.125 -9.990e-29
   39.84108  -72.90800      2.013      1.997    23.5307    30.0920      8.055     0.6460 1.3216e+01  1020.0732    23.5303    20.0662     7.6938    235.718    7.12044  218.15142    108.052 -9.990e-29
   39.84108  -72.90800      2.013      1.997    23.5397    30.0874      8.055     0.6460 1.4192e+01  1020.0677    23.5392    20.0598     7.6904    235.616    7.11870  218.09966    108.032 -9.990e-29
   39.84108  -72.90800      2.022      2.007    23.5483    30.0840      8.055     0.6460 1.4591e+01  1020.0639    23.5479    20.0547     7.6875    235.527    7.11716  218.05386    108.013 -9.990e-29
   39.84108  -72.90800      2.013      1.997    23.5574    30.0801      8.055     0.6460 1.5420e+01  1020.0580    23.5570    20.0494     7.6889    235.571    7.11590  218.01698    108.052 -9.990e-29
   39.84108  -72.90800      2.013      1.997    23.5645    30.0762      8.055     0.6460 2.1706e+01  1020.0516    23.5641    20.0444     7.6821    235.365    7.11490  217.98811    107.972 -9.990e-29
   39.84108  -72.90800      2.013      1.997    23.5704    30.0740      8.055     0.6460 3.8012e+01  1020.0490    23.5700    20.0409     7.6838    235.419    7.11417  217.96695    108.007 -9.990e-29
   39.84108  -72.90800      2.022      2.007    23.5749    30.0726      8.055     0.6460 2.5568e+01  1020.0476    23.5745    20.0387     7.6779    235.240    7.11368  217.95249    107.932 -9.990e-29
   39.84108  -72.90800      2.013      1.997    23.5778    30.0726      8.055     0.6460 2.5192e+01  1020.0446    23.5774    20.0369     7.6758    235.176    7.11319  217.93825    107.910 -9.990e-29
   39.84108  -72.90800      2.022      2.007    23.5805    30.0726      8.055     0.6460 2.5117e+01  1020.0442    23.5801    20.0363     7.6738    235.114    7.11284  217.92794    107.886 -9.990e-29
   39.84108  -72.90800      2.013      1.997    23.5860    30.0747      8.055     0.6326 2.5043e+01  1020.0458    23.5856    20.0366     7.6758    235.178    7.11255  217.91967    107.919 -9.990e-29
   39.84108  -72.90800      2.013      1.997    23.5936    30.0747      8.055     0.6326 2.0752e+01  1020.0461    23.5932    20.0360     7.6698    234.992    7.11226  217.91100    107.839 -9.990e-29
   39.84108  -72.90800      2.013      1.997    23.6032    30.0747      8.054     0.6326 1.8066e+01  1020.0429    23.6028    20.0329     7.6678    234.932    7.11199  217.90314    107.815 -9.990e-29
   39.84108  -72.90800      2.022      2.007    23.6129    30.0723      8.054     0.6326 1.7741e+01  1020.0366    23.6125    20.0275     7.6658    234.871    7.11177  217.89669    107.790 -9.990e-29
   39.84108  -72.90800      2.002      1.986    23.6214    30.0671      8.054     0.6326 1.8509e+01  1020.0294    23.6210    20.0212     7.6638    234.811    7.11164  217.89323    107.764 -9.990e-29
   39.84108  -72.90800      2.013      1.997    23.6282    30.0617      8.054     0.6326 1.9192e+01  1020.0238    23.6278    20.0153     7.6620    234.757    7.11152  217.89004    107.741 -9.990e-29
   39.84108  -72.90800      2.013      1.997    23.6325    30.0560      8.054     0.6326 1.9366e+01  1020.0181    23.6321    20.0098     7.6602    234.702    7.11144  217.88747    107.717 -9.990e-29
   39.84108  -72.90800      2.002      1.986    23.6345    30.0507      8.054     0.6326 1.5515e+01  1020.0124    23.6340    20.0052     7.6628    234.781    7.11136  217.88505    107.755 -9.990e-29
   39.84108  -72.90800      2.013      1.997    23.6328    30.0470      8.054     0.6326 1.1626e+01  1020.0104    23.6324    20.0027     7.6619    234.754    7.11137  217.88586    107.742 -9.990e-29
   39.84108  -72.90800      2.002      1.986    23.6296    30.0456      8.054     0.6326 1.0845e+01  1020.0098    23.6292    20.0023     7.6610    234.729    7.11149  217.89071    107.728 -9.990e-29
   39.84108  -72.90800      2.002      1.986    23.6267    30.0454      8.054     0.6326 1.2187e+01  1020.0119    23.6263    20.0032     7.6644    234.833    7.11173  217.89938    107.771 -9.990e-29
   39.84108  -72.90800      1.992      1.977    23.6243    30.0450      8.054     0.6326 1.5093e+01  1020.0141    23.6239    20.0035     7.6642    234.829    7.11206  217.91060    107.764 -9.990e-29
   39.84108  -72.90800      1.992      1.977    23.6208    30.0414      8.054     0.6326 1.6046e+01  1020.0106    23.6204    20.0018     7.6599    234.696    7.11239  217.92099    107.698 -9.990e-29
   39.84108  -72.90800      1.992      1.977    23.6174    30.0414      8.054     0.6326 1.7474e+01  1020.0055    23.6170    20.0006     7.6598    234.694    7.11292  217.93705    107.689 -9.990e-29
   39.84108  -72.90800      1.992      1.977    23.6122    30.0414      8.054     0.6326 2.2836e+01  1020.0099    23.6118    20.0038     7.6605    234.715    7.11388  217.96720    107.684 -9.990e-29
   39.84108  -72.90800      1.982      1.967    23.6047    30.0442      8.054     0.6326 2.5117e+01  1020.0214    23.6043    20.0097     7.6657    234.877    7.11524  218.00977    107.737 -9.990e-29
   39.84108  -72.90800      1.962      1.947    23.6005    30.0442      8.055     0.6326 2.3738e+01  1020.0245    23.6001    20.0116     7.6672    234.920    7.11673  218.05435    107.735 -9.990e-29
   39.84108  -72.90800      1.971      1.956    23.6056    30.0442      8.054     0.6326 1.7634e+01  1020.0153    23.6051    20.0084     7.6642    234.826    7.11792  218.08856    107.674 -9.990e-29
   39.84108  -72.90800      1.962      1.947    23.6082    30.0442      8.054     0.6326 1.5468e+01  1020.0113    23.6078    20.0061     7.6646    234.836    7.11877  218.11265    107.667 -9.990e-29
   39.84108  -72.90800      1.951      1.936    23.6050    30.0442      8.054     0.6326 1.5563e+01  1020.0159    23.6046    20.0075     7.6651    234.852    7.11945  218.13236    107.665 -9.990e-29
   39.84108  -72.90800      1.951      1.936    23.6004    30.0430      8.055     0.6326 1.8286e+01  1020.0195    23.6000    20.0095     7.6658    234.873    7.12002  218.14920    107.666 -9.990e-29
   39.84108  -72.90800      1.932      1.917    23.5984    30.0430      8.055     0.6326 1.9838e+01  1020.0186    23.5980    20.0099     7.6705    235.015    7.12035  218.15929    107.726 -9.990e-29
   39.84108  -72.90800      1.921      1.906    23.5986    30.0430      8.055     0.6326 1.9958e+01  1020.0177    23.5982    20.0090     7.6711    235.035    7.12052  218.16568    107.732 -9.990e-29
   39.84108  -72.90800      1.911      1.896    23.6009    30.0413      8.055     0.6326 1.8231e+01  1020.0160    23.6005    20.0072     7.6680    234.944    7.12116  218.18799    107.679 -9.990e-29
   39.84108  -72.90800      1.901      1.887    23.6043    30.0389      8.054     0.6326 1.7158e+01  1020.0129    23.6039    20.0049     7.6736    235.117    7.12237  218.22751    107.739 -9.990e-29
   39.84108  -72.90800      1.890      1.876    23.6041    30.0389      8.054     0.6326 1.7054e+01  1020.0103    23.6037    20.0029     7.6715    235.053    7.12400  218.27659    107.686 -9.990e-29
   39.84108  -72.90800      1.890      1.876    23.6038    30.0389      8.054     0.6326 1.3298e+01  1020.0088    23.6034    20.0026     7.6728    235.087    7.12507  218.30616    107.687 -9.990e-29
   39.84108  -72.90800      1.890      1.876    23.6036    30.0400      8.054     0.6326 1.0709e+01  1020.0118    23.6032    20.0055     7.6693    234.977    7.12572  218.32094    107.629 -9.990e-29
   39.84108  -72.90800      1.882      1.868    23.6032    30.0481      8.054     0.6326 1.0307e+01  1020.0188    23.6028    20.0115     7.6737    235.105    7.12612  218.32785    107.684 -9.990e-29
   39.84108  -72.90800      1.870      1.855    23.6057    30.0591      8.054     0.6326 1.2379e+01  1020.0268    23.6054    20.0193     7.6692    234.962    7.12566  218.31114    107.627 -9.990e-29
   39.84108  -72.90800      1.870      1.855    23.6081    30.0710      8.054     0.6326 1.5279e+01  1020.0365    23.6077    20.0275     7.6678    234.921    7.12458  218.27776    107.625 -9.990e-29
   39.84108  -72.90800      1.870      1.855    23.6113    30.0815      8.054     0.6326 1.6046e+01  1020.0443    23.6109    20.0337     7.6621    234.747    7.12329  218.23791    107.565 -9.990e-29
   39.84108  -72.90800      1.870      1.855    23.6238    30.0830      8.054     0.6326 1.6797e+01  1020.0466    23.6234    20.0353     7.6602    234.685    7.12185  218.19338    107.558 -9.990e-29
   39.84108  -72.90800      1.870      1.855    23.6414    30.0830      8.054     0.6326 1.8342e+01  1020.0421    23.6411    20.0309     7.6581    234.622    7.12031  218.14630    107.553 -9.990e-29
   39.84108  -72.90800      1.860      1.846    23.6600    30.0830      8.054     0.6326 1.8847e+01  1020.0293    23.6596    20.0224     7.6563    234.568    7.11894  218.10627    107.548 -9.990e-29
   39.84108  -72.90800      1.862      1.847    23.6746    30.0830      8.054     0.6326 1.7315e+01  1020.0191    23.6743    20.0155     7.6549    234.529    7.11796  218.07928    107.543 -9.990e-29
   39.84108  -72.90800      1.870      1.856    23.6825    30.0830      8.054     0.6326 1.3845e+01  1020.0208    23.6821    20.0141     7.6540    234.505    7.11746  218.06674    107.538 -9.990e-29
   39.84108  -72.90800      1.860      1.846    23.6899    30.0862      8.054     0.6326 1.2771e+01  1020.0251    23.6895    20.0154     7.6493    234.365    7.11728  218.06306    107.476 -9.990e-29
   39.84108  -72.90800      1.851      1.836    23.7011    30.0862      8.054     0.6326 1.2931e+01  1020.0246    23.7007    20.0145     7.6485    234.340    7.11734  218.06555    107.463 -9.990e-29
   39.84108  -72.90800      1.860      1.846    23.7158    30.0862      8.054     0.6326 1.3717e+01  1020.0192    23.7154    20.0102     7.6480    234.326    7.11742  218.06895    107.455 -9.990e-29
   39.84108  -72.90800      1.860      1.846    23.7310    30.0857      8.054     0.6326 1.3974e+01  1020.0119    23.7306    20.0037     7.6432    234.177    7.11757  218.07303    107.385 -9.990e-29
   39.84108  -72.90800      1.860      1.846    23.7448    30.0813      8.054     0.6326 1.3717e+01  1020.0047    23.7444    19.9964     7.6421    234.142    7.11756  218.07170    107.369 -9.990e-29
   39.84108  -72.90800      1.860      1.846    23.7568    30.0758      8.054     0.6326 1.1517e+01  1019.9969    23.7564    19.9889     7.6408    234.104    7.11742  218.06696    107.354 -9.990e-29
   39.84108  -72.90800      1.851      1.836    23.7672    30.0702      8.054     0.6326 1.0540e+01  1019.9884    23.7668    19.9819     7.6398    234.073    7.11713  218.05782    107.344 -9.990e-29
   39.84108  -72.90800      1.860      1.846    23.7742    30.0660      8.054     0.6326 1.0242e+01  1019.9837    23.7738    19.9766     7.6384    234.028    7.11672  218.04422    107.330 -9.990e-29
   39.84108  -72.90800      1.860      1.846    23.7789    30.0633      8.054     0.6326 6.2402e+00  1019.9808    23.7785    19.9730     7.6331    233.864    7.11620  218.02763    107.263 -9.990e-29
   39.84108  -72.90800      1.851      1.836    23.7835    30.0610      8.054     0.6326 4.5682e+00  1019.9776    23.7831    19.9700     7.6314    233.813    7.11572  218.01340    107.247 -9.990e-29
   39.84108  -72.90800      1.860      1.846    23.7869    30.0590      8.054     0.6326 4.3868e+00  1019.9754    23.7865    19.9674     7.6300    233.771    7.11544  218.00617    107.231 -9.990e-29
   39.84108  -72.90800      1.860      1.846    23.7900    30.0572      8.054     0.6326 6.9818e+00  1019.9728    23.7896    19.9651     7.6288    233.736    7.11530  218.00388    107.216 -9.990e-29
   39.84108  -72.90800      1.860      1.846    23.7928    30.0557      8.054     0.6326 9.7302e+00  1019.9709    23.7924    19.9632     7.6281    233.716    7.11534  218.00594    107.206 -9.990e-29
   39.84108  -72.90800      1.851      1.836    23.7952    30.0543      8.054     0.6326 1.0275e+01  1019.9696    23.7948    19.9614     7.6272    233.690    7.11543  218.00852    107.193 -9.990e-29
   39.84108  -72.90800      1.851      1.836    23.7977    30.0527      8.054     0.6326 1.3257e+01  1019.9674    23.7973    19.9596     7.6223    233.539    7.11557  218.01297    107.122 -9.990e-29
   39.84108  -72.90800      1.860      1.846    23.7993    30.0511      8.054     0.6326 1.7795e+01  1019.9656    23.7989    19.9578     7.6257    233.645    7.11595  218.02581    107.164 -9.990e-29
   39.84108  -72.90800      1.851      1.836    23.8007    30.0498      8.054     0.6326 1.9019e+01  1019.9640    23.8003    19.9565     7.6259    233.652    7.11683  218.05510    107.153 -9.990e-29
   39.84108  -72.90800      1.851      1.836    23.8014    30.0491      8.054     0.6326 1.7368e+01  1019.9637    23.8011    19.9556     7.6261    233.660    7.11781  218.08558    107.142 -9.990e-29
   39.84108  -72.90800      1.851      1.836    23.8021    30.0478      8.054     0.6326 1.5093e+01  1019.9634    23.8018    19.9544     7.6268    233.683    7.11909  218.12693    107.132 -9.990e-29
   39.84108  -72.90800      1.851      1.836    23.8030    30.0445      8.054     0.6326 1.4546e+01  1019.9609    23.8027    19.9517     7.6287    233.746    7.12120  218.19566    107.127 -9.990e-29
   39.84108  -72.90800      1.851      1.836    23.8043    30.0389      8.059     0.6326 1.3888e+01  1019.9554    23.8039    19.9472     7.6314    233.831    7.12398  218.28401    107.122 -9.990e-29
   39.84108  -72.90800      1.840      1.826    23.8049    30.0323      8.054     0.6326 1.2456e+01  1019.9494    23.8045    19.9421     7.6337    233.901    7.12646  218.35773    107.118 -9.990e-29
   39.84108  -72.90800      1.851      1.836    23.8043    30.0268      8.054     0.6326 1.1997e+01  1019.9448    23.8039    19.9382     7.6355    233.949    7.12803  218.39984    107.120 -9.990e-29
   39.84108  -72.90800      1.851      1.836    23.8025    30.0234      8.054     0.6326 1.1054e+01  1019.9433    23.8021    19.9363     7.6369    233.987    7.12913  218.42997    107.122 -9.990e-29
   39.84108  -72.90800      1.851      1.837    23.7982    30.0202      8.054     0.6326 8.1642e+00  1019.9446    23.7978    19.9350     7.6381    234.024    7.13032  218.46554    107.122 -9.990e-29
   39.84108  -72.90800      1.851      1.837    23.7930    30.0150      8.054     0.6326 7.2204e+00  1019.9404    23.7927    19.9326     7.6395    234.066    7.13158  218.50290    107.122 -9.990e-29
   39.84108  -72.90800      1.851      1.837    23.7851    30.0150      8.054     0.6326 6.8882e+00  1019.9358    23.7848    19.9317     7.6412    234.115    7.13303  218.54612    107.124 -9.990e-29
