CalculateIndicators/WaterTemperature/Data/CTD_NYOS/20240911_C02.cnv
* Sea-Bird SBE 9 Data File:
* FileName = C:\Seabird 9 CTD\Data\2024\202409_offshore\20240911_C02.hex
* Software Version Seasave V 7.23.2
* Temperature SN = 4590
* Conductivity SN = 3228
* Number of Bytes Per Scan = 44
* Number of Voltage Words = 5
* Number of Scans Averaged by the Deck Unit = 1
* NMEA Latitude = 40 25.63 N
* NMEA Longitude = 073 50.21 W
* NMEA UTC (Time) = Sep 11 2024  22:59:46
* NMEA baud rate = 4800
** Ship: Seawolf
** Station: HR1
** Operator: TCM
# nquan = 18
# nvalues = 10857                       
# units = specified
# name 0 = latitude: Latitude [deg]
# name 1 = longitude: Longitude [deg]
# name 2 = prDM: Pressure, Digiquartz [db]
# name 3 = depSM: Depth [salt water, m]
# name 4 = t090C: Temperature [ITS-90, deg C]
# name 5 = sal00: Salinity, Practical [PSU]
# name 6 = ph: pH
# name 7 = flECO-AFL: Fluorescence, WET Labs ECO-AFL/FL [mg/m^3]
# name 8 = cpar: CPAR/Corrected Irradiance [%]
# name 9 = density00: Density [density, kg/m^3]
# name 10 = potemp090C: Potential Temperature [ITS-90, deg C]
# name 11 = sigma-é00: Density [sigma-theta, kg/m^3]
# name 12 = sbeox0Mg/L: Oxygen, SBE 43 [mg/l]
# name 13 = sbox0Mm/Kg: Oxygen, SBE 43 [umol/kg]
# name 14 = oxsolMg/L: Oxygen Saturation, Garcia & Gordon [mg/l]
# name 15 = oxsolMm/Kg: Oxygen Saturation, Garcia & Gordon [umol/kg]
# name 16 = sbeox0PS: Oxygen, SBE 43 [% saturation]
# name 17 = flag:  0.000e+00
# span 0 =   40.42724,   40.42754       
# span 1 =  -73.83690,  -73.83636       
# span 2 =      1.619,     21.786       
# span 3 =      1.606,     21.617       
# span 4 =    10.4338,    20.9842       
# span 5 =    30.3751,    31.8901       
# span 6 =      7.750,      8.284       
# span 7 =     0.4311,     3.7889       
# span 8 = 1.3326e-12, 1.7758e+01       
# span 9 =  1020.9487,  1024.5088       
# span 10 =    10.4313,    20.9826      
# span 11 =    20.9912,    24.4106      
# span 12 =     5.4392,     8.7959      
# span 13 =    166.219,    269.214      
# span 14 =    7.46170,    9.12554      
# span 15 =  228.37924,  278.39224      
# span 16 =     62.996,    117.880      
# span 17 = 0.0000e+00, 0.0000e+00      
# interval = seconds: 0.0416667
# start_time = Sep 11 2024 22:59:49 [System UTC, first data scan.]
# bad_flag = -9.990e-29
*END*
[from data line 4905]
   40.42736  -73.83664     18.055     17.915    11.7158    31.7053      7.770     0.9415 1.6880e-12  1024.1674    11.7135    24.0840     5.8251    177.735    8.86566  270.50824     65.704 -9.990e-29
   40.42736  -73.83664     18.065     17.925    11.7078    31.7063      7.770     0.9415 1.6880e-12  1024.1681    11.7056    24.0863     5.8251    177.734    8.86449  270.47272     65.712 -9.990e-29
   40.42736  -73.83664     18.045     17.906    11.6980    31.7060      7.775     0.9415 1.6880e-12  1024.1668    11.6958    24.0878     5.8244    177.715    8.86261  270.41634     65.719 -9.990e-29
   40.42736  -73.83664     18.055     17.915    11.6862    31.7089      7.770     0.9415 1.6880e-12  1024.1713    11.6840    24.0920     5.8235    177.688    8.86039  270.34851     65.725 -9.990e-29
   40.42736  -73.83664     18.055     17.915    11.6745    31.7148      7.775     0.9415 1.7462e-12  1024.1808    11.6723    24.0985     5.8235    177.688    8.85856  270.29201     65.739 -9.990e-29
   40.42736  -73.83664     18.055     17.915    11.6667    31.7194      7.770     0.9415 1.7462e-12  1024.1870    11.6645    24.1035     5.8234    177.685    8.85758  270.26411     65.745 -9.990e-29
   40.42736  -73.83664     18.055     17.915    11.6624    31.7207      7.770     0.9415 1.6880e-12  1024.1868    11.6602    24.1055     5.8240    177.706    8.85681  270.24453     65.758 -9.990e-29
   40.42736  -73.83664     18.055     17.915    11.6578    31.7210      7.770     0.9415 1.6880e-12  1024.1867    11.6556    24.1066     5.8248    177.733    8.85631  270.23350     65.770 -9.990e-29
   40.42736  -73.83664     18.055     17.915    11.6533    31.7234      7.775     0.9415 1.7462e-12  1024.1890    11.6510    24.1093     5.8248    177.734    8.85564  270.21632     65.775 -9.990e-29
   40.42736  -73.83664     18.055     17.915    11.6481    31.7283      7.770     0.9415 1.6880e-12  1024.1951    11.6459    24.1141     5.8294    177.876    8.85388  270.16502     65.840 -9.990e-29
   40.42736  -73.83664     18.055     17.915    11.6426    31.7333      7.770     0.9415 1.6880e-12  1024.2015    11.6404    24.1189     5.8290    177.864    8.85190  270.10405     65.850 -9.990e-29
   40.42736  -73.83664     18.055     17.915    11.6375    31.7364      7.770     0.9415 1.6880e-12  1024.2036    11.6353    24.1223     5.8285    177.848    8.84991  270.04113     65.860 -9.990e-29
   40.42736  -73.83664     18.045     17.906    11.6328    31.7390      7.770     0.9415 1.6880e-12  1024.2052    11.6306    24.1251     5.8286    177.848    8.84783  269.97435     65.876 -9.990e-29
   40.42736  -73.83664     18.055     17.915    11.6286    31.7433      7.770     0.9415 1.6880e-12  1024.2094    11.6264    24.1292     5.8339    178.010    8.84650  269.93341     65.946 -9.990e-29
   40.42736  -73.83664     18.044     17.904    11.6250    31.7493      7.770     0.9415 1.6880e-12  1024.2158    11.6228    24.1345     5.8348    178.040    8.84600  269.92061     65.960 -9.990e-29
   40.42736  -73.83664     18.055     17.915    11.6216    31.7547      7.770     0.9281 1.6880e-12  1024.2220    11.6194    24.1393     5.8357    178.069    8.84561  269.91179     65.973 -9.990e-29
   40.42736  -73.83664     18.055     17.915    11.6196    31.7574      7.770     0.9281 1.7462e-12  1024.2240    11.6174    24.1418     5.8420    178.262    8.84524  269.90191     66.047 -9.990e-29
   40.42736  -73.83664     18.045     17.906    11.6177    31.7586      7.770     0.9281 1.6880e-12  1024.2229    11.6155    24.1430     5.8432    178.298    8.84461  269.88283     66.065 -9.990e-29
   40.42736  -73.83664     18.055     17.915    11.6163    31.7614      7.770     0.9281 1.6880e-12  1024.2254    11.6141    24.1454     5.8448    178.347    8.84385  269.85837     66.089 -9.990e-29
   40.42736  -73.83664     18.045     17.906    11.6156    31.7657      7.770     0.9147 1.6880e-12  1024.2314    11.6134    24.1488     5.8455    178.368    8.84290  269.82830     66.104 -9.990e-29
   40.42736  -73.83664     18.055     17.915    11.6161    31.7680      7.770     0.9147 1.6880e-12  1024.2333    11.6139    24.1506     5.8512    178.540    8.84140  269.78159     66.179 -9.990e-29
   40.42736  -73.83664     18.045     17.906    11.6166    31.7673      7.770     0.9281 1.6880e-12  1024.2315    11.6144    24.1500     5.8513    178.546    8.83923  269.71741     66.197 -9.990e-29
   40.42736  -73.83664     18.055     17.915    11.6161    31.7655      7.770     0.9281 1.6880e-12  1024.2292    11.6139    24.1488     5.8512    178.543    8.83691  269.64912     66.213 -9.990e-29
   40.42736  -73.83664     18.045     17.906    11.6151    31.7647      7.770     0.9147 1.7462e-12  1024.2291    11.6129    24.1483     5.8563    178.701    8.83452  269.57723     66.289 -9.990e-29
   40.42736  -73.83664     18.055     17.915    11.6141    31.7648      7.770     0.9281 1.7462e-12  1024.2295    11.6119    24.1486     5.8508    178.532    8.83180  269.49529     66.247 -9.990e-29
   40.42736  -73.83664     18.045     17.906    11.6131    31.7650      7.770     0.9281 1.7462e-12  1024.2306    11.6109    24.1488     5.8500    178.508    8.82926  269.41877     66.257 -9.990e-29
   40.42736  -73.83664     18.055     17.915    11.6127    31.7646      7.770     0.9281 1.6880e-12  1024.2297    11.6105    24.1486     5.8552    178.670    8.82779  269.37585     66.327 -9.990e-29
   40.42736  -73.83664     18.045     17.906    11.6117    31.7640      7.770     0.9147 1.6880e-12  1024.2289    11.6095    24.1483     5.8560    178.697    8.82711  269.35835     66.342 -9.990e-29
   40.42736  -73.83664     18.045     17.906    11.6113    31.7644      7.770     0.9281 1.6880e-12  1024.2292    11.6091    24.1488     5.8674    179.044    8.82614  269.33199     66.477 -9.990e-29
   40.42736  -73.83664     18.045     17.906    11.6104    31.7662      7.770     0.9147 1.6880e-12  1024.2309    11.6082    24.1504     5.8585    178.773    8.82496  269.29752     66.385 -9.990e-29
   40.42736  -73.83664     18.045     17.906    11.6084    31.7692      7.770     0.9281 1.6880e-12  1024.2337    11.6062    24.1530     5.8640    178.944    8.82410  269.27248     66.455 -9.990e-29
   40.42736  -73.83664     18.034     17.895    11.6059    31.7733      7.770     0.9281 1.6880e-12  1024.2369    11.6037    24.1565     5.8647    178.965    8.82345  269.25311     66.467 -9.990e-29
   40.42736  -73.83664     18.065     17.925    11.6052    31.7795      7.770     0.9147 1.6880e-12  1024.2415    11.6030    24.1615     5.8706    179.145    8.82271  269.23094     66.539 -9.990e-29
   40.42736  -73.83664     18.045     17.906    11.6053    31.7880      7.770     0.9147 1.6880e-12  1024.2489    11.6031    24.1681     5.8720    179.190    8.82191  269.20733     66.562 -9.990e-29
   40.42736  -73.83664     18.045     17.906    11.6049    31.7971      7.770     0.9281 1.6880e-12  1024.2572    11.6027    24.1753     5.8670    179.036    8.82090  269.17742     66.512 -9.990e-29
   40.42736  -73.83664     18.034     17.895    11.6059    31.8058      7.770     0.9281 1.6880e-12  1024.2625    11.6037    24.1819     5.8666    179.026    8.82007  269.15377     66.514 -9.990e-29
   40.42736  -73.83664     18.045     17.906    11.6069    31.8153      7.770     0.9281 1.6880e-12  1024.2689    11.6047    24.1889     5.8664    179.021    8.81972  269.14522     66.515 -9.990e-29
   40.42736  -73.83664     18.045     17.906    11.6092    31.8272      7.770     0.9281 1.6880e-12  1024.2776    11.6070    24.1977     5.8721    179.196    8.81942  269.13681     66.582 -9.990e-29
   40.42736  -73.83664     18.034     17.895    11.6137    31.8423      7.770     0.9281 1.6880e-12  1024.2884    11.6115    24.2086     5.8726    179.210    8.81872  269.11406     66.592 -9.990e-29
   40.42736  -73.83664     18.034     17.895    11.6198    31.8590      7.770     0.9281 1.6880e-12  1024.3034    11.6176    24.2203     5.8662    179.013    8.81731  269.06833     66.531 -9.990e-29
   40.42736  -73.83664     18.045     17.906    11.6311    31.8722      7.770     0.9415 1.6880e-12  1024.3137    11.6289    24.2284     5.8645    178.960    8.81508  268.99827     66.528 -9.990e-29
   40.42736  -73.83664     18.025     17.885    11.6481    31.8787      7.770     0.9415 1.6880e-12  1024.3136    11.6459    24.2307     5.8734    179.231    8.81277  268.92754     66.647 -9.990e-29
   40.42736  -73.83664     18.034     17.895    11.6653    31.8810      7.770     0.9415 1.6880e-12  1024.3097    11.6631    24.2295     5.8671    179.038    8.81052  268.86082     66.591 -9.990e-29
   40.42736  -73.83664     18.034     17.895    11.6811    31.8838      7.765     0.9415 1.6880e-12  1024.3091    11.6789    24.2286     5.8598    178.819    8.80828  268.79386     66.526 -9.990e-29
   40.42736  -73.83664     18.025     17.885    11.6996    31.8858      7.770     0.9415 1.6880e-12  1024.3111    11.6974    24.2269     5.8682    179.076    8.80620  268.73180     66.638 -9.990e-29
   40.42736  -73.83664     18.025     17.885    11.7199    31.8835      7.770     0.9415 1.6880e-12  1024.3038    11.7177    24.2217     5.8615    178.871    8.80430  268.67552     66.575 -9.990e-29
   40.42736  -73.83664     18.025     17.885    11.7381    31.8777      7.770     0.9415 1.6880e-12  1024.2944    11.7358    24.2142     5.8648    178.974    8.80248  268.62162     66.627 -9.990e-29
   40.42736  -73.83664     18.015     17.876    11.7508    31.8727      7.765     0.9415 1.6880e-12  1024.2863    11.7486    24.2080     5.8630    178.921    8.80059  268.56456     66.621 -9.990e-29
   40.42736  -73.83664     18.015     17.876    11.7583    31.8709      7.770     0.9415 1.6880e-12  1024.2849    11.7561    24.2048     5.8610    178.859    8.79864  268.50517     66.613 -9.990e-29
   40.42736  -73.83664     18.015     17.876    11.7640    31.8705      7.770     0.9415 1.6880e-12  1024.2852    11.7618    24.2031     5.8595    178.811    8.79676  268.44742     66.609 -9.990e-29
   40.42736  -73.83664     18.014     17.874    11.7750    31.8704      7.765     0.9415 1.6880e-12  1024.2807    11.7728    24.2013     5.8524    178.596    8.79507  268.39563     66.542 -9.990e-29
   40.42736  -73.83664     18.004     17.865    11.7860    31.8716      7.770     0.9415 1.6880e-12  1024.2808    11.7838    24.2004     5.8613    178.867    8.79400  268.36462     66.651 -9.990e-29
   40.42736  -73.83664     17.995     17.855    11.7942    31.8717      7.764     0.9415 1.6880e-12  1024.2834    11.7920    24.1988     5.8551    178.682    8.79336  268.34767     66.586 -9.990e-29
   40.42736  -73.83664     18.004     17.865    11.8015    31.8649      7.770     0.9415 1.6880e-12  1024.2765    11.7993    24.1920     5.8538    178.644    8.79305  268.34203     66.573 -9.990e-29
   40.42736  -73.83664     17.995     17.855    11.8110    31.8510      7.764     0.9415 1.6880e-12  1024.2608    11.8088    24.1798     5.8578    178.769    8.79291  268.34093     66.620 -9.990e-29
   40.42736  -73.83664     17.995     17.855    11.8190    31.8352      7.769     0.9415 1.6880e-12  1024.2454    11.8168    24.1659     5.8518    178.585    8.79326  268.35401     66.548 -9.990e-29
   40.42736  -73.83664     17.984     17.844    11.8271    31.8224      7.764     0.9415 1.6880e-12  1024.2324    11.8248    24.1543     5.8503    178.540    8.79359  268.36502     66.529 -9.990e-29
   40.42736  -73.83664     17.984     17.844    11.8387    31.8165      7.764     0.9415 1.6880e-12  1024.2242    11.8365    24.1479     5.8537    178.646    8.79356  268.36373     66.569 -9.990e-29
   40.42736  -73.83664     17.974     17.835    11.8479    31.8194      7.764     0.9415 1.6880e-12  1024.2261    11.8457    24.1485     5.8470    178.438    8.79284  268.33990     66.497 -9.990e-29
   40.42736  -73.83664     17.974     17.835    11.8549    31.8292      7.764     0.9415 1.6880e-12  1024.2343    11.8527    24.1548     5.8443    178.354    8.79143  268.29407     66.477 -9.990e-29
   40.42736  -73.83664     17.974     17.835    11.8609    31.8396      7.769     0.9415 1.6880e-12  1024.2465    11.8587    24.1616     5.8411    178.255    8.78953  268.23431     66.455 -9.990e-29
   40.42736  -73.83664     17.964     17.825    11.8669    31.8425      7.764     0.9415 1.6880e-12  1024.2482    11.8647    24.1628     5.8376    178.148    8.78749  268.17223     66.430 -9.990e-29
   40.42736  -73.83664     17.964     17.825    11.8730    31.8361      7.769     0.9415 1.6880e-12  1024.2384    11.8708    24.1568     5.8347    178.063    8.78581  268.12253     66.411 -9.990e-29
   40.42736  -73.83664     17.964     17.825    11.8790    31.8268      7.764     0.9415 1.6880e-12  1024.2270    11.8768    24.1486     5.8375    178.147    8.78449  268.08396     66.452 -9.990e-29
   40.42736  -73.83664     17.953     17.814    11.8830    31.8209      7.764     0.9281 1.6880e-12  1024.2210    11.8808    24.1432     5.8299    177.917    8.78332  268.05034     66.375 -9.990e-29
   40.42736  -73.83664     17.953     17.814    11.8862    31.8208      7.764     0.9147 1.6880e-12  1024.2209    11.8840    24.1424     5.8333    178.022    8.78251  268.02806     66.419 -9.990e-29
   40.42736  -73.83664     17.944     17.805    11.8883    31.8249      7.764     0.9147 1.6880e-12  1024.2255    11.8861    24.1451     5.8264    177.813    8.78177  268.00628     66.346 -9.990e-29
   40.42736  -73.83664     17.944     17.805    11.8915    31.8301      7.764     0.9147 1.6880e-12  1024.2298    11.8893    24.1483     5.8241    177.742    8.78092  267.98005     66.326 -9.990e-29
   40.42736  -73.83664     17.934     17.795    11.8977    31.8323      7.764     0.9281 1.6880e-12  1024.2334    11.8955    24.1487     5.8216    177.666    8.78003  267.95282     66.305 -9.990e-29
   40.42736  -73.83664     17.944     17.805    11.9114    31.8291      7.769     0.9281 1.6880e-12  1024.2255    11.9092    24.1441     5.8252    177.777    8.77936  267.93213     66.351 -9.990e-29
   40.42736  -73.83664     17.934     17.795    11.9264    31.8237      7.764     0.9147 1.6880e-12  1024.2161    11.9241    24.1373     5.8242    177.744    8.77899  267.92066     66.342 -9.990e-29
   40.42736  -73.83664     17.923     17.784    11.9399    31.8202      7.764     0.9147 1.6880e-12  1024.2118    11.9376    24.1319     5.8174    177.537    8.77839  267.90201     66.269 -9.990e-29
   40.42736  -73.83664     17.934     17.795    11.9546    31.8181      7.764     0.9281 1.6880e-12  1024.2086    11.9524    24.1278     5.8158    177.488    8.77756  267.87679     66.257 -9.990e-29
   40.42736  -73.83664     17.923     17.784    11.9687    31.8146      7.764     0.9147 1.6880e-12  1024.2049    11.9664    24.1226     5.8132    177.409    8.77639  267.84075     66.237 -9.990e-29
   40.42736  -73.83664     17.913     17.775    11.9790    31.8068      7.764     0.9147 1.6880e-12  1024.1968    11.9767    24.1147     5.8102    177.318    8.77483  267.79152     66.215 -9.990e-29
   40.42736  -73.83664     17.923     17.784    11.9868    31.7957      7.764     0.9281 1.6880e-12  1024.1845    11.9846    24.1044     5.8127    177.392    8.77251  267.71856     66.261 -9.990e-29
   40.42736  -73.83664     17.913     17.775    11.9958    31.7851      7.764     0.9147 1.6880e-12  1024.1729    11.9936    24.0946     5.8047    177.145    8.76983  267.63496     66.189 -9.990e-29
   40.42736  -73.83664     17.913     17.775    12.0040    31.7778      7.764     0.9281 1.6880e-12  1024.1667    12.0017    24.0875     5.8026    177.082    8.76713  267.55270     66.186 -9.990e-29
   40.42736  -73.83664     17.902     17.764    12.0098    31.7734      7.764     0.9147 1.6880e-12  1024.1623    12.0076    24.0830     5.7995    176.987    8.76485  267.48387     66.167 -9.990e-29
