CalculateIndicators/WaterTemperature/Data/CTD_NYOS/20240914_C23.cnv
* Sea-Bird SBE 9 Data File:
* FileName = C:\Seabird 9 CTD\Data\2024\202409_offshore\20240914_C23.hex
* Software Version Seasave V 7.23.2
* Temperature SN = 4590
* Conductivity SN = 3228
* Number of Bytes Per Scan = 44
* Number of Voltage Words = 5
* Number of Scans Averaged by the Deck Unit = 1
* NMEA Latitude = 40 21.40 N
* NMEA Longitude = 072 18.72 W
* NMEA UTC (Time) = Sep 14 2024  05:56:39
* NMEA baud rate = 4800
** Ship: Seawolf
** Station: 10.3
** Operator: TCM
# nquan = 18
# nvalues = 13671                       
# units = specified
# name 0 = latitude: Latitude [deg]
# name 1 = longitude: Longitude [deg]
# name 2 = prDM: Pressure, Digiquartz [db]
# name 3 = depSM: Depth [salt water, m]
# name 4 = t090C: Temperature [ITS-90, deg C]
# name 5 = sal00: Salinity, Practical [PSU]
# name 6 = ph: pH
# name 7 = flECO-AFL: Fluorescence, WET Labs ECO-AFL/FL [mg/m^3]
# name 8 = cpar: CPAR/Corrected Irradiance [%]
# name 9 = density00: Density [density, kg/m^3]
# name 10 = potemp090C: Potential Temperature [ITS-90, deg C]
# name 11 = sigma-é00: Density [sigma-theta, kg/m^3]
# name 12 = sbeox0Mg/L: Oxygen, SBE 43 [mg/l]
# name 13 = sbox0Mm/Kg: Oxygen, SBE 43 [umol/kg]
# name 14 = oxsolMg/L: Oxygen Saturation, Garcia & Gordon [mg/l]
# name 15 = oxsolMm/Kg: Oxygen Saturation, Garcia & Gordon [umol/kg]
# name 16 = sbeox0PS: Oxygen, SBE 43 [% saturation]
# name 17 = flag:  0.000e+00
# span 0 =   40.35666,   40.35682       
# span 1 =  -72.31318,  -72.31200       
# span 2 =      1.953,     53.321       
# span 3 =      1.938,     52.904       
# span 4 =     9.7695,    21.3902       
# span 5 =    31.4869,    32.9696       
# span 6 =      7.856,      8.199       
# span 7 =    -0.0121,     1.2236       
# span 8 = 1.6880e-11, 9.9999e+04       
# span 9 =  1021.8410,  1025.0549       
# span 10 =     9.7637,    21.3898      
# span 11 =    21.8232,    24.8137      
# span 12 =     6.6163,     9.3527      
# span 13 =    201.758,    285.442      
# span 14 =    7.34924,    9.23398      
# span 15 =  224.73818,  281.58048      
# span 16 =     71.713,    110.252      
# span 17 = 0.0000e+00, 0.0000e+00      
# interval = seconds: 0.0416667
# start_time = Sep 14 2024 05:56:40 [System UTC, first data scan.]
# bad_flag = -9.990e-29
*END*
[from data line 9247]
   40.35670  -72.31284     14.598     14.485    20.0093    31.6565      8.155     0.1357 1.6880e-11  1022.2753    20.0067    22.2112     7.4672    228.280    7.54197  230.56644     99.008 -9.990e-29
   40.35670  -72.31284     14.605     14.492    20.0087    31.6622      8.155     0.1357 1.6880e-11  1022.2794    20.0060    22.2158     7.4671    228.277    7.54203  230.56796     99.006 -9.990e-29
   40.35670  -72.31284     14.618     14.505    20.0118    31.6679      8.155     0.1357 1.6880e-11  1022.2836    20.0092    22.2195     7.4673    228.285    7.54203  230.56821     99.010 -9.990e-29
   40.35670  -72.31284     14.616     14.503    20.0172    31.6728      8.155     0.1357 1.6880e-11  1022.2865    20.0146    22.2218     7.4627    228.142    7.54203  230.56812     98.948 -9.990e-29
   40.35670  -72.31284     14.638     14.525    20.0255    31.6753      8.155     0.1357 1.6880e-11  1022.2869    20.0228    22.2217     7.4620    228.121    7.54193  230.56459     98.940 -9.990e-29
   40.35670  -72.31284     14.638     14.525    20.0351    31.6747      8.155     0.1357 1.6880e-11  1022.2835    20.0324    22.2191     7.4613    228.100    7.54184  230.56176     98.932 -9.990e-29
   40.35670  -72.31284     14.646     14.533    20.0433    31.6718      8.155     0.1357 1.6880e-11  1022.2786    20.0407    22.2148     7.4647    228.203    7.54175  230.55899     98.978 -9.990e-29
   40.35670  -72.31284     14.659     14.546    20.0495    31.6676      8.155     0.1357 1.6880e-11  1022.2737    20.0468    22.2101     7.4643    228.190    7.54160  230.55460     98.974 -9.990e-29
   40.35670  -72.31284     14.667     14.554    20.0545    31.6628      8.155     0.1357 1.6880e-11  1022.2688    20.0518    22.2052     7.4594    228.043    7.54155  230.55360     98.911 -9.990e-29
   40.35670  -72.31284     14.668     14.555    20.0579    31.6582      8.155     0.1357 1.6880e-11  1022.2632    20.0552    22.2010     7.4632    228.159    7.54160  230.55510     98.961 -9.990e-29
   40.35670  -72.31284     14.689     14.576    20.0567    31.6554      8.155     0.1357 1.6880e-11  1022.2611    20.0540    22.1990     7.4628    228.146    7.54154  230.55312     98.956 -9.990e-29
   40.35670  -72.31284     14.697     14.584    20.0534    31.6554      8.155     0.1357 1.6880e-11  1022.2627    20.0507    22.1994     7.4577    227.990    7.54128  230.54503     98.892 -9.990e-29
   40.35670  -72.31284     14.710     14.596    20.0524    31.6570      8.155     0.1491 1.6880e-11  1022.2651    20.0497    22.2008     7.4564    227.951    7.54080  230.53001     98.881 -9.990e-29
   40.35670  -72.31284     14.717     14.603    20.0528    31.6576      8.155     0.1357 1.6880e-11  1022.2666    20.0502    22.2014     7.4549    227.905    7.54007  230.50786     98.871 -9.990e-29
   40.35670  -72.31284     14.719     14.606    20.0535    31.6564      8.155     0.1357 1.6880e-11  1022.2643    20.0509    22.2007     7.4578    227.994    7.53932  230.48566     98.919 -9.990e-29
   40.35670  -72.31284     14.740     14.626    20.0500    31.6542 -9.990e-29     0.1357 1.6880e-11  1022.2635    20.0473    22.1998     7.4525    227.832    7.53892  230.47404     98.854 -9.990e-29
   40.35670  -72.31284     14.748     14.634    20.0449    31.6518      8.155     0.1357 1.6880e-11  1022.2630    20.0423    22.1991     7.4518    227.811    7.53869  230.46762     98.847 -9.990e-29
   40.35670  -72.31284     14.750     14.636    20.0393    31.6496      8.155     0.1357 1.6880e-11  1022.2623    20.0366    22.1989     7.4507    227.778    7.53847  230.46117     98.836 -9.990e-29
   40.35670  -72.31284     14.779     14.664    20.0328    31.6489      8.155     0.1357 1.6880e-11  1022.2626    20.0301    22.2000     7.4494    227.739    7.53807  230.44959     98.824 -9.990e-29
   40.35670  -72.31284     14.791     14.677    20.0248    31.6506      8.155     0.1357 1.6880e-11  1022.2672    20.0221    22.2031     7.4526    227.837    7.53767  230.43784     98.871 -9.990e-29
   40.35670  -72.31284     14.791     14.677    20.0184    31.6535      8.155     0.1357 1.6880e-11  1022.2715    20.0158    22.2070     7.4476    227.685    7.53732  230.42718     98.810 -9.990e-29
   40.35670  -72.31284     14.798     14.683    20.0139    31.6564      8.155     0.1357 1.6880e-11  1022.2751    20.0112    22.2104     7.4467    227.656    7.53688  230.41416     98.803 -9.990e-29
   40.35670  -72.31284     14.801     14.686    20.0106    31.6588      8.155     0.1357 1.6880e-11  1022.2775    20.0079    22.2132     7.4458    227.629    7.53653  230.40341     98.796 -9.990e-29
   40.35670  -72.31284     14.821     14.707    20.0069    31.6612      8.155     0.1357 1.6880e-11  1022.2802    20.0042    22.2159     7.4450    227.605    7.53628  230.39547     98.789 -9.990e-29
   40.35670  -72.31284     14.829     14.715    20.0032    31.6635      8.155     0.1357 1.6880e-11  1022.2833    20.0005    22.2185     7.4436    227.564    7.53544  230.37031     98.782 -9.990e-29
   40.35670  -72.31284     14.831     14.716    20.0011    31.6654      8.155     0.1357 1.6880e-11  1022.2855    19.9984    22.2205     7.4421    227.517    7.53440  230.33915     98.775 -9.990e-29
   40.35670  -72.31284     14.829     14.715    20.0000    31.6666      8.155     0.1357 1.6880e-11  1022.2863    19.9974    22.2218     7.4410    227.485    7.53386  230.32313     98.768 -9.990e-29
   40.35670  -72.31284     14.872     14.757    19.9992    31.6677      8.155     0.1357 1.6880e-11  1022.2873    19.9965    22.2229     7.4404    227.467    7.53341  230.30969     98.766 -9.990e-29
   40.35670  -72.31284     14.851     14.737    19.9983    31.6691      8.155     0.1357 1.6880e-11  1022.2885    19.9956    22.2243     7.4442    227.585    7.53286  230.29434     98.823 -9.990e-29
   40.35670  -72.31284     14.869     14.754    19.9971    31.6709      8.156     0.1491 1.6880e-11  1022.2905    19.9944    22.2259     7.4398    227.451    7.53264  230.28862     98.768 -9.990e-29
   40.35670  -72.31284     14.872     14.757    19.9964    31.6725      8.156     0.1357 1.6880e-11  1022.2924    19.9937    22.2273     7.4441    227.582    7.53258  230.28677     98.826 -9.990e-29
   40.35670  -72.31284     14.872     14.757    19.9964    31.6733      8.156     0.1357 1.6880e-11  1022.2927    19.9937    22.2280     7.4400    227.456    7.53263  230.28857     98.770 -9.990e-29
   40.35670  -72.31284     14.890     14.775    19.9962    31.6735      8.156     0.1357 1.6880e-11  1022.2929    19.9935    22.2281     7.4447    227.601    7.53300  230.30032     98.828 -9.990e-29
   40.35670  -72.31284     14.882     14.767    19.9967    31.6737 -9.990e-29     0.1357 1.6880e-11  1022.2924    19.9940    22.2281     7.4456    227.629    7.53362  230.31907     98.832 -9.990e-29
   40.35670  -72.31284     14.891     14.776    19.9971    31.6740      8.156     0.1357 1.6880e-11  1022.2930    19.9944    22.2282     7.4464    227.651    7.53409  230.33268     98.836 -9.990e-29
   40.35670  -72.31284     14.890     14.775    19.9974    31.6740      8.156     0.1357 1.6880e-11  1022.2932    19.9947    22.2281     7.4470    227.671    7.53443  230.34269     98.840 -9.990e-29
   40.35670  -72.31286     14.891     14.776    19.9988    31.6734      8.155     0.1357 1.6880e-11  1022.2923    19.9961    22.2274     7.4479    227.698    7.53465  230.34904     98.849 -9.990e-29
   40.35670  -72.31286     14.900     14.784    20.0002    31.6722      8.155     0.1357 1.6880e-11  1022.2905    19.9976    22.2262     7.4484    227.712    7.53481  230.35378     98.853 -9.990e-29
   40.35670  -72.31286     14.912     14.797    20.0004    31.6716      8.155     0.1357 1.6880e-11  1022.2898    19.9977    22.2257     7.4534    227.865    7.53506  230.36110     98.916 -9.990e-29
   40.35670  -72.31286     14.891     14.776    19.9995    31.6718      8.155     0.1357 1.6880e-11  1022.2907    19.9968    22.2259     7.4497    227.753    7.53517  230.36424     98.866 -9.990e-29
   40.35670  -72.31286     14.911     14.795    20.0000    31.6723 -9.990e-29     0.1357 1.6880e-11  1022.2910    19.9974    22.2262     7.4501    227.765    7.53527  230.36716     98.870 -9.990e-29
   40.35670  -72.31286     14.902     14.787    20.0009    31.6725      8.155     0.1357 1.6880e-11  1022.2910    19.9982    22.2261     7.4554    227.925    7.53536  230.37004     98.939 -9.990e-29
   40.35670  -72.31286     14.902     14.787    20.0020    31.6724      8.155     0.1357 1.6880e-11  1022.2906    19.9993    22.2257     7.4562    227.951    7.53552  230.37463     98.948 -9.990e-29
   40.35670  -72.31286     14.900     14.784    20.0035    31.6717      8.155     0.1357 1.6880e-11  1022.2899    20.0009    22.2248     7.4527    227.843    7.53583  230.38369     98.897 -9.990e-29
   40.35670  -72.31286     14.902     14.787    20.0062    31.6704      8.155     0.1491 1.6880e-11  1022.2881    20.0035    22.2233     7.4576    227.991    7.53592  230.38602     98.960 -9.990e-29
   40.35670  -72.31286     14.891     14.776    20.0074    31.6689      8.155     0.1491 1.6880e-11  1022.2858    20.0047    22.2219     7.4627    228.148    7.53595  230.38664     99.028 -9.990e-29
   40.35670  -72.31286     14.900     14.784    20.0069    31.6681      8.155     0.1491 1.6880e-11  1022.2858    20.0042    22.2213     7.4636    228.176    7.53588  230.38434     99.041 -9.990e-29
   40.35670  -72.31286     14.891     14.776    20.0057    31.6676      8.155     0.1491 1.6880e-11  1022.2858    20.0030    22.2212     7.4601    228.067    7.53581  230.38219     98.995 -9.990e-29
   40.35670  -72.31286     14.890     14.775    20.0051    31.6675      8.155     0.1491 1.6880e-11  1022.2856    20.0024    22.2213     7.4605    228.079    7.53562  230.37661     99.003 -9.990e-29
   40.35670  -72.31286     14.891     14.776    20.0044    31.6677      8.155     0.1491 1.6880e-11  1022.2864    20.0018    22.2216     7.4653    228.226    7.53540  230.37016     99.069 -9.990e-29
   40.35670  -72.31286     14.882     14.767    20.0044    31.6681      8.155     0.1625 1.6880e-11  1022.2863    20.0018    22.2219     7.4660    228.248    7.53523  230.36502     99.081 -9.990e-29
   40.35670  -72.31286     14.869     14.754    20.0043    31.6687      8.155     0.1491 1.6880e-11  1022.2867    20.0016    22.2224     7.4668    228.272    7.53511  230.36161     99.093 -9.990e-29
   40.35670  -72.31286     14.872     14.757    20.0046    31.6697      8.155     0.1491 1.6880e-11  1022.2877    20.0019    22.2230     7.4625    228.143    7.53493  230.35629     99.039 -9.990e-29
   40.35670  -72.31286     14.872     14.757    20.0050    31.6704      8.155     0.1491 1.6880e-11  1022.2882    20.0023    22.2235     7.4625    228.141    7.53482  230.35307     99.040 -9.990e-29
   40.35670  -72.31286     14.849     14.734    20.0055    31.6704      8.160     0.1491 1.6880e-11  1022.2883    20.0028    22.2234     7.4624    228.138    7.53473  230.35007     99.040 -9.990e-29
   40.35670  -72.31286     14.851     14.737    20.0069    31.6698      8.155     0.1491 1.6880e-11  1022.2872    20.0042    22.2226     7.4626    228.145    7.53461  230.34607     99.045 -9.990e-29
   40.35670  -72.31286     14.840     14.726    20.0077    31.6689      8.160     0.1491 1.6880e-11  1022.2856    20.0051    22.2218     7.4626    228.144    7.53418  230.33332     99.049 -9.990e-29
   40.35670  -72.31286     14.829     14.715    20.0074    31.6688      8.155     0.1491 1.6880e-11  1022.2856    20.0047    22.2216     7.4620    228.128    7.53371  230.31917     99.049 -9.990e-29
   40.35670  -72.31286     14.821     14.707    20.0076    31.6696      8.155     0.1491 1.6880e-11  1022.2861    20.0049    22.2220     7.4619    228.123    7.53326  230.30580     99.052 -9.990e-29
   40.35670  -72.31286     14.818     14.704    20.0088    31.6711      8.160     0.1491 1.6880e-11  1022.2873    20.0061    22.2228     7.4617    228.120    7.53283  230.29293     99.056 -9.990e-29
   40.35670  -72.31286     14.810     14.696    20.0116    31.6725      8.155     0.1491 1.6880e-11  1022.2882    20.0089    22.2231     7.4610    228.098    7.53224  230.27538     99.055 -9.990e-29
   40.35670  -72.31286     14.801     14.686    20.0167    31.6727      8.155     0.1491 1.6880e-11  1022.2872    20.0140    22.2221     7.4563    227.956    7.53216  230.27441     98.993 -9.990e-29
   40.35670  -72.31286     14.788     14.674    20.0227    31.6715      8.155     0.1491 1.6880e-11  1022.2841    20.0200    22.2200     7.4598    228.062    7.53172  230.26032     99.045 -9.990e-29
   40.35670  -72.31286     14.791     14.677    20.0263    31.6695      8.155     0.1491 1.6880e-11  1022.2814    20.0237    22.2175     7.4595    228.051    7.53119  230.24337     99.048 -9.990e-29
   40.35670  -72.31286     14.770     14.656    20.0286    31.6674      8.155     0.1491 1.6880e-11  1022.2791    20.0259    22.2152     7.4545    227.899    7.53089  230.23396     98.986 -9.990e-29
   40.35670  -72.31286     14.767     14.653    20.0307    31.6656      8.155     0.1491 1.6880e-11  1022.2774    20.0281    22.2131     7.4538    227.877    7.53079  230.23147     98.977 -9.990e-29
   40.35670  -72.31286     14.750     14.636    20.0342    31.6638      8.160     0.1491 1.6880e-11  1022.2749    20.0316    22.2109     7.4576    227.993    7.53073  230.22991     99.028 -9.990e-29
   40.35670  -72.31286     14.748     14.634    20.0377    31.6624      8.155     0.1491 1.6880e-11  1022.2725    20.0351    22.2090     7.4572    227.982    7.53067  230.22783     99.025 -9.990e-29
   40.35670  -72.31286     14.740     14.626    20.0404    31.6618      8.155     0.1491 1.6880e-11  1022.2716    20.0377    22.2077     7.4571    227.979    7.53049  230.22260     99.026 -9.990e-29
   40.35670  -72.31286     14.719     14.606    20.0435    31.6616      8.155     0.1491 1.6880e-11  1022.2705    20.0409    22.2069     7.4566    227.963    7.53028  230.21631     99.021 -9.990e-29
   40.35670  -72.31286     14.717     14.603    20.0462    31.6620      8.160     0.1491 1.6880e-11  1022.2697    20.0435    22.2065     7.4562    227.951    7.53021  230.21463     99.017 -9.990e-29
   40.35670  -72.31286     14.710     14.596    20.0472    31.6628      8.155     0.1491 1.6880e-11  1022.2711    20.0446    22.2063     7.4560    227.945    7.53039  230.22039     99.012 -9.990e-29
   40.35670  -72.31286     14.697     14.584    20.0531    31.6629      8.155     0.1491 1.6880e-11  1022.2699    20.0504    22.2051     7.4559    227.944    7.53081  230.23361     99.006 -9.990e-29
   40.35670  -72.31286     14.689     14.576    20.0614    31.6618      8.160     0.1491 1.6880e-11  1022.2657    20.0588    22.2027     7.4561    227.951    7.53148  230.25454     99.000 -9.990e-29
   40.35670  -72.31286     14.689     14.576    20.0654    31.6606      8.155     0.1491 1.6880e-11  1022.2643    20.0628    22.2005     7.4564    227.960    7.53227  230.27791     98.993 -9.990e-29
   40.35670  -72.31286     14.667     14.554    20.0688    31.6585      8.160     0.1491 1.6880e-11  1022.2630    20.0662    22.1977     7.4565    227.962    7.53288  230.29591     98.986 -9.990e-29
   40.35670  -72.31286     14.659     14.546    20.0747    31.6546      8.155     0.1491 1.6880e-11  1022.2567    20.0721    22.1937     7.4565    227.959    7.53336  230.30987     98.979 -9.990e-29
   40.35670  -72.31286     14.646     14.533    20.0779    31.6509      8.155     0.1491 1.6880e-11  1022.2521    20.0753    22.1900     7.4566    227.963    7.53369  230.31933     98.977 -9.990e-29
   40.35670  -72.31286     14.659     14.546    20.0784    31.6487      8.155     0.1491 1.6880e-11  1022.2520    20.0757    22.1880     7.4563    227.953    7.53398  230.32796     98.969 -9.990e-29
