CalculateIndicators/WaterTemperature/Data/CTD_NYOS/20240708_C03.cnv
* Sea-Bird SBE 9 Data File:
* FileName = C:\Seabird 9 CTD\Data\2024\202407_offshore\20240708_C03.hex
* Software Version Seasave V 7.23.2
* Temperature SN = 4590
* Conductivity SN = 3228
* Number of Bytes Per Scan = 44
* Number of Voltage Words = 5
* Number of Scans Averaged by the Deck Unit = 1
* NMEA Latitude = 40 26.73 N
* NMEA Longitude = 073 43.02 W
* NMEA UTC (Time) = Jul 08 2024  09:02:46
* NMEA baud rate = 4800
** Ship: seawolf
** Station: HR2
** Operator: TDK
# nquan = 18
# nvalues = 11499                       
# units = specified
# name 0 = latitude: Latitude [deg]
# name 1 = longitude: Longitude [deg]
# name 2 = prDM: Pressure, Digiquartz [db]
# name 3 = depSM: Depth [salt water, m]
# name 4 = t090C: Temperature [ITS-90, deg C]
# name 5 = sal00: Salinity, Practical [PSU]
# name 6 = ph: pH
# name 7 = flECO-AFL: Fluorescence, WET Labs ECO-AFL/FL [mg/m^3]
# name 8 = cpar: CPAR/Corrected Irradiance [%]
# name 9 = density00: Density [density, kg/m^3]
# name 10 = potemp090C: Potential Temperature [ITS-90, deg C]
# name 11 = sigma-é00: Density [sigma-theta, kg/m^3]
# name 12 = sbeox0Mg/L: Oxygen, SBE 43 [mg/l]
# name 13 = sbox0Mm/Kg: Oxygen, SBE 43 [umol/kg]
# name 14 = oxsolMg/L: Oxygen Saturation, Garcia & Gordon [mg/l]
# name 15 = oxsolMm/Kg: Oxygen Saturation, Garcia & Gordon [umol/kg]
# name 16 = sbeox0PS: Oxygen, SBE 43 [% saturation]
# name 17 = flag:  0.000e+00
# span 0 =   40.44558,   40.44582       
# span 1 =  -73.71830,  -73.71700       
# span 2 =      1.474,     23.494       
# span 3 =      1.462,     23.311       
# span 4 =     9.5941,    21.4347       
# span 5 =    28.9223,    31.3589       
# span 6 =      7.798,      8.088       
# span 7 =     0.7803,     3.9635       
# span 8 = 1.6880e-11, 9.9999e+04       
# span 9 =  1019.7893,  1024.1500       
# span 10 =     9.5916,    21.4344      
# span 11 =    19.7852,    24.0442      
# span 12 =     5.9780,     9.4387      
# span 13 =    182.431,    288.229      
# span 14 =    7.46419,    9.33147      
# span 15 =  228.72884,  284.76966      
# span 16 =     64.084,    113.147      
# span 17 = 0.0000e+00, 0.0000e+00      
# interval = seconds: 0.0416667
# start_time = Jul 08 2024 09:02:49 [System UTC, first data scan.]
# bad_flag = -9.990e-29
*END*
[from data line 322]
   40.44558  -73.71702      2.069      2.053    21.0132    29.0160      7.885     1.3713 9.9999e+04  1019.9510    21.0128    19.9421     8.4624    259.284    7.52019  230.41551    112.529 -9.990e-29
   40.44558  -73.71702      2.080      2.064    21.0146    29.0144      7.890     1.3713 9.9999e+04  1019.9493    21.0142    19.9405     8.4617    259.263    7.52021  230.41623    112.520 -9.990e-29
   40.44558  -73.71702      2.080      2.064    21.0159    29.0134      7.885     1.3713 9.9999e+04  1019.9478    21.0155    19.9394     8.4614    259.254    7.52021  230.41606    112.516 -9.990e-29
   40.44558  -73.71702      2.089      2.073    21.0164    29.0134      7.885     1.3713 9.9999e+04  1019.9479    21.0160    19.9391     8.4608    259.235    7.52022  230.41647    112.507 -9.990e-29
   40.44558  -73.71702      2.080      2.064    21.0172    29.0132      7.885     1.3713 9.9999e+04  1019.9485    21.0168    19.9390     8.4601    259.215    7.52023  230.41667    112.498 -9.990e-29
   40.44558  -73.71702      2.080      2.064    21.0187    29.0131      7.885     1.3713 9.9999e+04  1019.9476    21.0183    19.9384     8.4595    259.197    7.52027  230.41800    112.490 -9.990e-29
   40.44558  -73.71702      2.089      2.073    21.0196    29.0120      7.885     1.3713 9.9999e+04  1019.9465    21.0192    19.9373     8.4545    259.041    7.52027  230.41776    112.422 -9.990e-29
   40.44558  -73.71702      2.091      2.074    21.0209    29.0107      7.890     1.3713 9.9999e+04  1019.9448    21.0206    19.9361     8.4579    259.147    7.52030  230.41864    112.468 -9.990e-29
   40.44558  -73.71702      2.080      2.064    21.0215    29.0097      7.885     1.3713 9.9999e+04  1019.9440    21.0211    19.9352     8.4532    259.003    7.52028  230.41812    112.406 -9.990e-29
   40.44558  -73.71702      2.089      2.073    21.0217    29.0094      7.890     1.3713 9.9999e+04  1019.9436    21.0213    19.9348     8.4526    258.984    7.52026  230.41748    112.398 -9.990e-29
   40.44558  -73.71702      2.089      2.073    21.0215    29.0094      7.885     1.3713 9.9999e+04  1019.9439    21.0211    19.9347     8.4476    258.830    7.52024  230.41671    112.331 -9.990e-29
   40.44558  -73.71702      2.080      2.064    21.0215    29.0094      7.885     1.3713 9.9999e+04  1019.9438    21.0211    19.9349     8.4511    258.938    7.52019  230.41538    112.379 -9.990e-29
   40.44558  -73.71702      2.080      2.064    21.0211    29.0097      7.885     1.3713 9.9999e+04  1019.9441    21.0207    19.9351     8.4506    258.922    7.52017  230.41469    112.372 -9.990e-29
   40.44558  -73.71702      2.089      2.073    21.0214    29.0101      7.885     1.3713 9.9999e+04  1019.9445    21.0210    19.9354     8.4497    258.896    7.52015  230.41449    112.361 -9.990e-29
   40.44558  -73.71702      2.091      2.074    21.0213    29.0105      7.890     1.3713 9.9999e+04  1019.9449    21.0209    19.9357     8.4494    258.887    7.52026  230.41803    112.355 -9.990e-29
   40.44558  -73.71702      2.069      2.053    21.0215    29.0105      7.885     1.3713 9.9999e+04  1019.9450    21.0211    19.9358     8.4493    258.883    7.52049  230.42569    112.350 -9.990e-29
   40.44558  -73.71702      2.080      2.064    21.0220    29.0105      7.890     1.3713 9.9999e+04  1019.9446    21.0216    19.9357     8.4448    258.746    7.52078  230.43496    112.286 -9.990e-29
   40.44558  -73.71702      2.080      2.064    21.0224    29.0105      7.890     1.3579 4.9781e+01  1019.9444    21.0220    19.9355     8.4489    258.872    7.52109  230.44456    112.336 -9.990e-29
   40.44558  -73.71702      2.069      2.053    21.0227    29.0105      7.885     1.3579 2.4815e+01  1019.9443    21.0223    19.9353     8.4446    258.739    7.52148  230.45601    112.273 -9.990e-29
   40.44558  -73.71702      2.069      2.053    21.0229    29.0104      7.890     1.3579 2.4365e+01  1019.9442    21.0225    19.9352     8.4443    258.730    7.52177  230.46444    112.264 -9.990e-29
   40.44558  -73.71702      2.069      2.053    21.0234    29.0104      7.890     1.3579 2.3922e+01  1019.9440    21.0230    19.9351     8.4439    258.718    7.52197  230.46965    112.257 -9.990e-29
   40.44558  -73.71702      2.059      2.043    21.0235    29.0103      7.890     1.3579 2.3849e+01  1019.9441    21.0231    19.9350     8.4434    258.700    7.52197  230.46889    112.250 -9.990e-29
   40.44558  -73.71702      2.060      2.044    21.0238    29.0100      7.890     1.3579 2.4069e+01  1019.9438    21.0234    19.9347     8.4429    258.685    7.52195  230.46817    112.243 -9.990e-29
   40.44558  -73.71702      2.049      2.034    21.0241    29.0093      7.890     1.3579 2.4439e+01  1019.9431    21.0237    19.9341     8.4424    258.669    7.52189  230.46607    112.237 -9.990e-29
   40.44558  -73.71702      2.059      2.043    21.0242    29.0084      7.890     1.3579 2.4514e+01  1019.9423    21.0238    19.9334     8.4419    258.655    7.52182  230.46409    112.232 -9.990e-29
   40.44558  -73.71702      2.038      2.023    21.0243    29.0077      7.890     1.3579 2.5042e+01  1019.9415    21.0239    19.9328     8.4370    258.506    7.52174  230.46159    112.169 -9.990e-29
   40.44558  -73.71702      2.029      2.013    21.0241    29.0072      7.890     1.3579 2.6131e+01  1019.9413    21.0237    19.9325     8.4411    258.629    7.52163  230.45821    112.224 -9.990e-29
   40.44558  -73.71702      2.038      2.023    21.0239    29.0071      7.890     1.3579 2.6450e+01  1019.9412    21.0235    19.9325     8.4363    258.482    7.52149  230.45377    112.162 -9.990e-29
   40.44558  -73.71702      2.029      2.013    21.0235    29.0071      7.890     1.3579 2.6131e+01  1019.9415    21.0231    19.9326     8.4356    258.462    7.52136  230.44982    112.155 -9.990e-29
   40.44558  -73.71702      2.018      2.002    21.0231    29.0070      7.890     1.3579 2.5042e+01  1019.9415    21.0227    19.9327     8.4354    258.457    7.52131  230.44833    112.154 -9.990e-29
   40.44558  -73.71702      2.030      2.015    21.0227    29.0069      7.890     1.3579 2.4589e+01  1019.9415    21.0223    19.9327     8.4354    258.456    7.52127  230.44752    112.154 -9.990e-29
   40.44558  -73.71702      2.018      2.002    21.0223    29.0068      7.890     1.3579 2.4589e+01  1019.9414    21.0219    19.9327     8.4354    258.457    7.52125  230.44688    112.155 -9.990e-29
   40.44558  -73.71702      2.018      2.002    21.0218    29.0068      7.890     1.3579 2.4815e+01  1019.9412    21.0215    19.9327     8.4355    258.460    7.52121  230.44547    112.157 -9.990e-29
   40.44558  -73.71702      2.008      1.993    21.0211    29.0068      7.890     1.3579 2.4890e+01  1019.9417    21.0208    19.9330     8.4353    258.453    7.52115  230.44350    112.155 -9.990e-29
   40.44558  -73.71702      2.008      1.993    21.0206    29.0070      7.890     1.3579 2.4890e+01  1019.9420    21.0202    19.9333     8.4350    258.444    7.52098  230.43798    112.153 -9.990e-29
   40.44558  -73.71702      1.999      1.983    21.0196    29.0071      7.890     1.3579 2.4815e+01  1019.9422    21.0193    19.9335     8.4304    258.302    7.52084  230.43379    112.094 -9.990e-29
   40.44558  -73.71702      1.988      1.972    21.0193    29.0072      7.890     1.3579 2.4739e+01  1019.9423    21.0190    19.9338     8.4344    258.424    7.52072  230.43053    112.148 -9.990e-29
   40.44558  -73.71702      1.978      1.963    21.0185    29.0074      7.890     1.3579 2.4739e+01  1019.9427    21.0181    19.9341     8.4301    258.295    7.52079  230.43339    112.091 -9.990e-29
   40.44558  -73.71702      1.959      1.944    21.0181    29.0077      7.890     1.3579 2.5816e+01  1019.9429    21.0177    19.9344     8.4301    258.294    7.52094  230.43807    112.088 -9.990e-29
   40.44558  -73.71702      1.948      1.933    21.0177    29.0079      7.890     1.3579 2.6611e+01  1019.9433    21.0173    19.9348     8.4302    258.297    7.52112  230.44376    112.087 -9.990e-29
   40.44558  -73.71702      1.937      1.922    21.0169    29.0082      7.890     1.3579 2.6773e+01  1019.9436    21.0165    19.9352     8.4303    258.300    7.52124  230.44699    112.086 -9.990e-29
   40.44558  -73.71702      1.927      1.912    21.0162    29.0086      7.890     1.3579 2.6450e+01  1019.9440    21.0158    19.9356     8.4302    258.295    7.52110  230.44168    112.087 -9.990e-29
   40.44558  -73.71702      1.917      1.903    21.0156    29.0089      7.890     1.3579 2.6211e+01  1019.9445    21.0153    19.9360     8.4299    258.284    7.52073  230.42867    112.088 -9.990e-29
   40.44558  -73.71702      1.917      1.903    21.0156    29.0091      7.890     1.3579 2.6052e+01  1019.9445    21.0152    19.9362     8.4339    258.405    7.52016  230.41009    112.150 -9.990e-29
   40.44558  -73.71702      1.897      1.882    21.0153    29.0092      7.890     1.3579 2.6052e+01  1019.9445    21.0149    19.9363     8.4338    258.404    7.51955  230.39172    112.158 -9.990e-29
   40.44558  -73.71702      1.897      1.882    21.0151    29.0093      7.890     1.3579 2.6052e+01  1019.9446    21.0148    19.9364     8.4296    258.275    7.51910  230.37927    112.109 -9.990e-29
   40.44558  -73.71702      1.907      1.892    21.0148    29.0094      7.890     1.3579 2.6052e+01  1019.9450    21.0144    19.9366     8.4340    258.412    7.51875  230.36988    112.173 -9.990e-29
   40.44558  -73.71702      1.878      1.863    21.0149    29.0094      7.890     1.3579 2.6611e+01  1019.9448    21.0145    19.9366     8.4341    258.417    7.51847  230.36258    112.178 -9.990e-29
   40.44558  -73.71702      1.897      1.882    21.0149    29.0094      7.890     1.3579 2.7679e+01  1019.9448    21.0146    19.9366     8.4298    258.284    7.51813  230.35188    112.126 -9.990e-29
   40.44558  -73.71702      1.876      1.862    21.0148    29.0094      7.890     1.3579 2.8016e+01  1019.9447    21.0144    19.9366     8.4296    258.278    7.51780  230.34105    112.128 -9.990e-29
   40.44558  -73.71702      1.876      1.862    21.0148    29.0094      7.890     1.3579 2.7763e+01  1019.9448    21.0144    19.9366     8.4295    258.274    7.51748  230.33075    112.132 -9.990e-29
   40.44558  -73.71702      1.876      1.862    21.0147    29.0095      7.890     1.3579 2.7018e+01  1019.9448    21.0144    19.9367     8.4338    258.408    7.51716  230.32088    112.195 -9.990e-29
   40.44558  -73.71702      1.876      1.862    21.0146    29.0096      7.890     1.3579 2.6773e+01  1019.9449    21.0142    19.9368     8.4342    258.420    7.51684  230.31155    112.204 -9.990e-29
   40.44558  -73.71702      1.876      1.862    21.0142    29.0097      7.890     1.3579 2.6854e+01  1019.9451    21.0139    19.9369     8.4346    258.430    7.51647  230.30104    112.214 -9.990e-29
   40.44558  -73.71702      1.876      1.862    21.0142    29.0098      7.890     1.3579 2.7182e+01  1019.9452    21.0139    19.9371     8.4349    258.442    7.51610  230.28985    112.225 -9.990e-29
   40.44558  -73.71702      1.867      1.852    21.0140    29.0099      7.890     1.3579 2.7347e+01  1019.9453    21.0137    19.9372     8.4350    258.445    7.51576  230.27923    112.231 -9.990e-29
   40.44558  -73.71702      1.868      1.854    21.0140    29.0101      7.890     1.3579 2.7430e+01  1019.9454    21.0137    19.9374     8.4355    258.459    7.51539  230.26833    112.243 -9.990e-29
   40.44558  -73.71704      1.876      1.862    21.0140    29.0103      7.890     1.3579 2.8356e+01  1019.9458    21.0137    19.9375     8.4402    258.606    7.51520  230.26342    112.309 -9.990e-29
   40.44558  -73.71704      1.867      1.852    21.0142    29.0103      7.895     1.3579 2.8787e+01  1019.9457    21.0139    19.9375     8.4366    258.495    7.51505  230.25996    112.262 -9.990e-29
   40.44558  -73.71704      1.867      1.852    21.0146    29.0103      7.895     1.3579 2.8787e+01  1019.9455    21.0142    19.9373     8.4368    258.502    7.51508  230.26140    112.265 -9.990e-29
   40.44558  -73.71704      1.876      1.862    21.0149    29.0097      7.895     1.3579 2.7679e+01  1019.9453    21.0145    19.9368     8.4419    258.660    7.51517  230.26467    112.332 -9.990e-29
   40.44558  -73.71704      1.867      1.852    21.0153    29.0085      7.890     1.3579 2.6936e+01  1019.9444    21.0149    19.9359     8.4385    258.557    7.51526  230.26720    112.286 -9.990e-29
   40.44558  -73.71704      1.867      1.852    21.0153    29.0065      7.895     1.3579 2.6773e+01  1019.9426    21.0149    19.9343     8.4436    258.711    7.51528  230.26673    112.353 -9.990e-29
   40.44558  -73.71704      1.876      1.862    21.0146    29.0040      7.890     1.3579 2.6936e+01  1019.9404    21.0142    19.9326     8.4444    258.733    7.51504  230.25776    112.366 -9.990e-29
   40.44558  -73.71704      1.867      1.852    21.0133    29.0020      7.890     1.3579 2.6936e+01  1019.9389    21.0129    19.9315     8.4449    258.747    7.51453  230.24207    112.380 -9.990e-29
   40.44558  -73.71704      1.878      1.863    21.0113    29.0020      7.890     1.3713 2.6936e+01  1019.9388    21.0109    19.9314     8.4446    258.742    7.51376  230.21954    112.389 -9.990e-29
   40.44558  -73.71704      1.867      1.852    21.0082    29.0020      7.890     1.3847 2.7596e+01  1019.9401    21.0079    19.9326     8.4450    258.754    7.51314  230.20140    112.403 -9.990e-29
   40.44558  -73.71704      1.876      1.862    21.0054    29.0041      7.890     1.3847 2.8442e+01  1019.9426    21.0051    19.9350     8.4453    258.763    7.51279  230.19102    112.412 -9.990e-29
   40.44558  -73.71704      1.876      1.862    21.0026    29.0074      7.890     1.3847 2.8614e+01  1019.9466    21.0022    19.9381     8.4502    258.915    7.51264  230.18736    112.480 -9.990e-29
   40.44558  -73.71704      1.867      1.852    21.0014    29.0105      7.890     1.3847 2.8356e+01  1019.9497    21.0010    19.9408     8.4468    258.811    7.51264  230.18812    112.435 -9.990e-29
   40.44558  -73.71704      1.876      1.862    21.0010    29.0123      7.895     1.3847 2.8016e+01  1019.9510    21.0006    19.9423     8.4521    258.972    7.51276  230.19186    112.503 -9.990e-29
   40.44558  -73.71704      1.876      1.862    21.0014    29.0130      7.890     1.3847 2.7932e+01  1019.9512    21.0010    19.9428     8.4533    259.009    7.51294  230.19765    112.516 -9.990e-29
   40.44558  -73.71704      1.876      1.862    21.0019    29.0132      7.890     1.3847 2.7932e+01  1019.9510    21.0015    19.9429     8.4544    259.045    7.51309  230.20231    112.529 -9.990e-29
   40.44558  -73.71704      1.876      1.862    21.0024    29.0134      7.890     1.3847 2.7847e+01  1019.9509    21.0021    19.9429     8.4556    259.080    7.51323  230.20663    112.542 -9.990e-29
   40.44558  -73.71704      1.878      1.863    21.0031    29.0139      7.895     1.3847 2.7763e+01  1019.9510    21.0028    19.9431     8.4562    259.100    7.51331  230.20907    112.550 -9.990e-29
   40.44558  -73.71704      1.887      1.873    21.0037    29.0141      7.890     1.3847 2.7763e+01  1019.9520    21.0033    19.9435     8.4616    259.264    7.51328  230.20851    112.621 -9.990e-29
   40.44558  -73.71704      1.887      1.873    21.0045    29.0141      7.890     1.3847 2.7847e+01  1019.9520    21.0042    19.9434     8.4625    259.294    7.51337  230.21116    112.633 -9.990e-29
   40.44558  -73.71704      1.887      1.873    21.0052    29.0141      7.890     1.3847 2.7847e+01  1019.9510    21.0049    19.9427     8.4637    259.330    7.51367  230.22025    112.644 -9.990e-29
   40.44558  -73.71704      1.887      1.873    21.0059    29.0135      7.895     1.3847 2.7847e+01  1019.9498    21.0056    19.9419     8.4605    259.230    7.51397  230.22951    112.596 -9.990e-29
   40.44558  -73.71704      1.897      1.882    21.0063    29.0135      7.895     1.3847 2.7847e+01  1019.9494    21.0059    19.9416     8.4658    259.392    7.51442  230.24310    112.660 -9.990e-29
