CalculateIndicators/WaterTemperature/Data/CTD_NYOS/20240913_C18.cnv
* Sea-Bird SBE 9 Data File:
* FileName = C:\Seabird 9 CTD\Data\2024\202409_offshore\20240913_C18.hex
* Software Version Seasave V 7.23.2
* Temperature SN = 4590
* Conductivity SN = 3228
* Number of Bytes Per Scan = 44
* Number of Voltage Words = 5
* Number of Scans Averaged by the Deck Unit = 1
* NMEA Latitude = 40 13.00 N
* NMEA Longitude = 072 41.79 W
* NMEA UTC (Time) = Sep 13 2024  15:49:23
* NMEA baud rate = 4800
** Ship: Seawolf
** Station: 9.3
** Operator: TDK
# nquan = 18
# nvalues = 13989                       
# units = specified
# name 0 = latitude: Latitude [deg]
# name 1 = longitude: Longitude [deg]
# name 2 = prDM: Pressure, Digiquartz [db]
# name 3 = depSM: Depth [salt water, m]
# name 4 = t090C: Temperature [ITS-90, deg C]
# name 5 = sal00: Salinity, Practical [PSU]
# name 6 = ph: pH
# name 7 = flECO-AFL: Fluorescence, WET Labs ECO-AFL/FL [mg/m^3]
# name 8 = cpar: CPAR/Corrected Irradiance [%]
# name 9 = density00: Density [density, kg/m^3]
# name 10 = potemp090C: Potential Temperature [ITS-90, deg C]
# name 11 = sigma-é00: Density [sigma-theta, kg/m^3]
# name 12 = sbeox0Mg/L: Oxygen, SBE 43 [mg/l]
# name 13 = sbox0Mm/Kg: Oxygen, SBE 43 [umol/kg]
# name 14 = oxsolMg/L: Oxygen Saturation, Garcia & Gordon [mg/l]
# name 15 = oxsolMm/Kg: Oxygen Saturation, Garcia & Gordon [umol/kg]
# name 16 = sbeox0PS: Oxygen, SBE 43 [% saturation]
# name 17 = flag:  0.000e+00
# span 0 =   40.21614,   40.21672       
# span 1 =  -72.69976,  -72.69666       
# span 2 =      1.903,     52.345       
# span 3 =      1.889,     51.936       
# span 4 =     8.5839,    21.2982       
# span 5 =    31.6483,    32.3965       
# span 6 =      7.803,      8.212       
# span 7 =    -0.0792,     2.5935       
# span 8 = 6.8738e-02, 1.7312e+02       
# span 9 =  1022.2196,  1025.1346       
# span 10 =     8.5790,    21.2978      
# span 11 =    22.2109,    24.8976      
# span 12 =     6.5661,     9.6876      
# span 13 =    200.211,    295.548      
# span 14 =    7.34698,    9.49607      
# span 15 =  224.60731,  289.57945      
# span 16 =     69.247,    110.383      
# span 17 = 0.0000e+00, 0.0000e+00      
# interval = seconds: 0.0416667
# start_time = Sep 13 2024 15:49:23 [System UTC, first data scan.]
# bad_flag = -9.990e-29
*END*
[from data line 10453]
   40.21628 -9.990e-29     15.205     15.088    21.0363    32.1642      8.200    -0.0121 7.6555e+00  1022.3934    21.0334    22.3276     7.0986    216.989    7.38064  225.61092     96.178 -9.990e-29
   40.21628 -9.990e-29     15.214     15.096    21.0365    32.1642      8.200    -0.0121 8.3296e+00  1022.3933    21.0336    22.3276     7.1030    217.123    7.38076  225.61435     96.237 -9.990e-29
   40.21628 -9.990e-29     15.216     15.099    21.0363    32.1643      8.200    -0.0121 8.7795e+00  1022.3935    21.0334    22.3277     7.0993    217.011    7.38081  225.61593     96.186 -9.990e-29
   40.21628 -9.990e-29     15.216     15.099    21.0363    32.1644      8.195    -0.0121 8.8466e+00  1022.3936    21.0334    22.3278     7.1040    217.154    7.38084  225.61645     96.249 -9.990e-29
   40.21628 -9.990e-29     15.225     15.107    21.0363    32.1645      8.200    -0.0121 9.7811e+00  1022.3938    21.0334    22.3279     7.1043    217.163    7.38085  225.61668     96.253 -9.990e-29
   40.21628 -9.990e-29     15.226     15.109    21.0365    32.1644      8.200    -0.0121 1.0693e+01  1022.3934    21.0336    22.3278     7.1046    217.171    7.38083  225.61611     96.257 -9.990e-29
   40.21628 -9.990e-29     15.226     15.109    21.0363    32.1642      8.200    -0.0121 1.0875e+01  1022.3935    21.0334    22.3276     7.1005    217.046    7.38085  225.61658     96.201 -9.990e-29
   40.21628 -9.990e-29     15.236     15.118    21.0363    32.1640      8.200    -0.0121 9.9393e+00  1022.3933    21.0334    22.3275     7.1003    217.041    7.38077  225.61432     96.200 -9.990e-29
   40.21628 -9.990e-29     15.234     15.117    21.0363    32.1638      8.200    -0.0121 8.8994e+00  1022.3933    21.0334    22.3274     7.0999    217.027    7.38080  225.61478     96.194 -9.990e-29
   40.21628 -9.990e-29     15.236     15.118    21.0361    32.1635      8.200    -0.0121 8.7014e+00  1022.3929    21.0333    22.3271     7.0997    217.022    7.38075  225.61331     96.192 -9.990e-29
   40.21628 -9.990e-29     15.236     15.118    21.0363    32.1633      8.200    -0.0121 8.0784e+00  1022.3925    21.0334    22.3270     7.0995    217.016    7.38068  225.61130     96.190 -9.990e-29
   40.21628 -9.990e-29     15.245     15.128    21.0358    32.1634      8.200    -0.0121 7.0898e+00  1022.3932    21.0329    22.3271     7.0993    217.011    7.38060  225.60905     96.189 -9.990e-29
   40.21628 -9.990e-29     15.247     15.129    21.0359    32.1635      8.200    -0.0121 6.8273e+00  1022.3930    21.0331    22.3273     7.0991    217.005    7.38053  225.60677     96.187 -9.990e-29
   40.21628 -9.990e-29     15.247     15.129    21.0352    32.1637      8.200    -0.0121 6.7320e+00  1022.3935    21.0324    22.3275     7.0989    216.999    7.38046  225.60468     96.186 -9.990e-29
   40.21628 -9.990e-29     15.247     15.129    21.0354    32.1638      8.200    -0.0121 6.4176e+00  1022.3935    21.0326    22.3276     7.0988    216.995    7.38041  225.60341     96.184 -9.990e-29
   40.21628 -9.990e-29     15.255     15.137    21.0354    32.1640      8.200    -0.0255 6.3228e+00  1022.3936    21.0326    22.3278     7.1030    217.124    7.38042  225.60362     96.241 -9.990e-29
   40.21628 -9.990e-29     15.247     15.129    21.0351    32.1643      8.195    -0.0121 6.3763e+00  1022.3940    21.0322    22.3280     7.1036    217.142    7.38041  225.60328     96.250 -9.990e-29
   40.21628 -9.990e-29     15.256     15.139    21.0352    32.1644      8.200    -0.0121 6.6942e+00  1022.3941    21.0324    22.3281     7.0995    217.016    7.38042  225.60363     96.194 -9.990e-29
   40.21628 -9.990e-29     15.255     15.137    21.0354    32.1642      8.200    -0.0121 6.8273e+00  1022.3939    21.0326    22.3280     7.0993    217.011    7.38038  225.60251     96.192 -9.990e-29
   40.21628 -9.990e-29     15.256     15.139    21.0354    32.1640      8.200    -0.0121 6.8409e+00  1022.3937    21.0326    22.3278     7.0995    217.018    7.38035  225.60158     96.195 -9.990e-29
   40.21628 -9.990e-29     15.256     15.139    21.0354    32.1638      8.200    -0.0121 6.8545e+00  1022.3935    21.0326    22.3276     7.0994    217.014    7.38036  225.60157     96.193 -9.990e-29
   40.21628 -9.990e-29     15.266     15.148    21.0356    32.1637      8.200    -0.0121 6.8738e+00  1022.3933    21.0327    22.3275     7.0993    217.009    7.38031  225.60014     96.192 -9.990e-29
   40.21628 -9.990e-29     15.255     15.137    21.0354    32.1638      8.195    -0.0121 6.8989e+00  1022.3935    21.0326    22.3276     7.0992    217.006    7.38032  225.60052     96.190 -9.990e-29
   40.21628 -9.990e-29     15.256     15.139    21.0352    32.1640      8.200    -0.0121 7.2488e+00  1022.3937    21.0324    22.3278     7.0990    217.001    7.38029  225.59966     96.189 -9.990e-29
   40.21628 -9.990e-29     15.266     15.148    21.0351    32.1640      8.200     0.0013 7.5015e+00  1022.3939    21.0322    22.3280     7.0989    216.997    7.38028  225.59938     96.187 -9.990e-29
   40.21628 -9.990e-29     15.265     15.147    21.0349    32.1640      8.200     0.0013 7.5289e+00  1022.3939    21.0320    22.3280     7.0987    216.992    7.38025  225.59843     96.185 -9.990e-29
   40.21628 -9.990e-29     15.256     15.139    21.0347    32.1640      8.195     0.0013 8.0842e+00  1022.3938    21.0318    22.3279     7.1029    217.120    7.38019  225.59665     96.243 -9.990e-29
   40.21628 -9.990e-29     15.256     15.139    21.0349    32.1640      8.195     0.0013 8.5377e+00  1022.3938    21.0320    22.3279     7.0988    216.994    7.38017  225.59609     96.187 -9.990e-29
   40.21628 -9.990e-29     15.266     15.148    21.0345    32.1641      8.200     0.0013 8.6127e+00  1022.3940    21.0317    22.3280     7.0986    216.988    7.38012  225.59466     96.185 -9.990e-29
   40.21628 -9.990e-29     15.255     15.137    21.0345    32.1641      8.200     0.0013 8.3835e+00  1022.3940    21.0317    22.3280     7.1028    217.118    7.38013  225.59503     96.242 -9.990e-29
   40.21628 -9.990e-29     15.256     15.139    21.0345    32.1640      8.200     0.0013 8.1672e+00  1022.3940    21.0317    22.3280     7.0987    216.991    7.38015  225.59589     96.186 -9.990e-29
   40.21628 -9.990e-29     15.256     15.139    21.0347    32.1639      8.200     0.0013 8.1281e+00  1022.3938    21.0318    22.3279     7.0986    216.989    7.38020  225.59743     96.184 -9.990e-29
   40.21628 -9.990e-29     15.256     15.139    21.0345    32.1639      8.195     0.0013 8.3504e+00  1022.3937    21.0317    22.3279     7.1024    217.106    7.38022  225.59806     96.236 -9.990e-29
   40.21628 -9.990e-29     15.255     15.137    21.0345    32.1638      8.195     0.0013 8.7002e+00  1022.3938    21.0317    22.3278     7.0983    216.981    7.38029  225.60021     96.179 -9.990e-29
   40.21628 -9.990e-29     15.256     15.139    21.0345    32.1636      8.200     0.0013 8.8381e+00  1022.3935    21.0317    22.3276     7.0982    216.976    7.38031  225.60064     96.177 -9.990e-29
   40.21628 -9.990e-29     15.247     15.129    21.0345    32.1634      8.200     0.0013 8.7712e+00  1022.3933    21.0317    22.3275     7.0980    216.972    7.38038  225.60268     96.175 -9.990e-29
   40.21628 -9.990e-29     15.245     15.128    21.0340    32.1632      8.200     0.0013 8.6244e+00  1022.3935    21.0311    22.3275     7.0979    216.968    7.38042  225.60397     96.172 -9.990e-29
   40.21628 -9.990e-29     15.236     15.118    21.0335    32.1630      8.200     0.0013 8.5904e+00  1022.3934    21.0306    22.3275     7.0978    216.964    7.38044  225.60444     96.170 -9.990e-29
   40.21628 -9.990e-29     15.247     15.129    21.0335    32.1628      8.200     0.0013 8.4943e+00  1022.3932    21.0306    22.3274     7.0980    216.970    7.38047  225.60522     96.172 -9.990e-29
   40.21628 -9.990e-29     15.236     15.118    21.0331    32.1626      8.200     0.0013 8.1893e+00  1022.3930    21.0302    22.3273     7.0978    216.966    7.38050  225.60616     96.170 -9.990e-29
   40.21628 -9.990e-29     15.225     15.107    21.0328    32.1626      8.200     0.0013 8.0817e+00  1022.3932    21.0299    22.3274     7.0977    216.962    7.38051  225.60647     96.168 -9.990e-29
   40.21628 -9.990e-29     15.226     15.109    21.0324    32.1624      8.200     0.0013 8.0725e+00  1022.3933    21.0295    22.3274     7.0932    216.823    7.38050  225.60605     96.107 -9.990e-29
   40.21628 -9.990e-29     15.205     15.088    21.0319    32.1622      8.200     0.0013 7.8996e+00  1022.3930    21.0290    22.3273     7.0970    216.941    7.38048  225.60552     96.159 -9.990e-29
   40.21628 -9.990e-29     15.214     15.096    21.0312    32.1618      8.200     0.0013 7.8332e+00  1022.3929    21.0283    22.3272     7.0969    216.937    7.38052  225.60669     96.157 -9.990e-29
   40.21628 -9.990e-29     15.205     15.088    21.0308    32.1614      8.200     0.0013 7.8398e+00  1022.3926    21.0280    22.3271     7.0968    216.933    7.38050  225.60629     96.155 -9.990e-29
   40.21628 -9.990e-29     15.196     15.078    21.0298    32.1613      8.200     0.0013 7.6073e+00  1022.3929    21.0269    22.3272     7.0966    216.929    7.38053  225.60715     96.153 -9.990e-29
   40.21628 -9.990e-29     15.185     15.068    21.0289    32.1613      8.200     0.0013 7.4737e+00  1022.3929    21.0261    22.3274     7.0921    216.792    7.38053  225.60701     96.093 -9.990e-29
   40.21628  -72.69892     15.183     15.066    21.0282    32.1614 -9.990e-29     0.0013 7.4674e+00  1022.3934    21.0253    22.3277     7.0961    216.911    7.38057  225.60827     96.145 -9.990e-29
   40.21628  -72.69892     15.166     15.048    21.0275    32.1615 -9.990e-29    -0.0121 7.6223e+00  1022.3934    21.0246    22.3279     7.0963    216.919    7.38058  225.60869     96.149 -9.990e-29
   40.21628  -72.69892     15.166     15.048    21.0266    32.1617 -9.990e-29    -0.0121 7.7433e+00  1022.3937    21.0237    22.3283     7.0962    216.915    7.38057  225.60815     96.147 -9.990e-29
   40.21628  -72.69892     15.153     15.036    21.0259    32.1623 -9.990e-29    -0.0121 7.7716e+00  1022.3944    21.0231    22.3290     7.0965    216.924    7.38058  225.60860     96.151 -9.990e-29
   40.21628  -72.69892     15.135     15.018    21.0254    32.1631 -9.990e-29    -0.0121 7.6351e+00  1022.3954    21.0225    22.3297     7.0964    216.923    7.38064  225.61034     96.149 -9.990e-29
   40.21628  -72.69892     15.135     15.018    21.0252    32.1636 -9.990e-29    -0.0121 7.4800e+00  1022.3957    21.0223    22.3302     7.0967    216.932    7.38064  225.61053     96.153 -9.990e-29
   40.21628  -72.69892     15.113     14.997    21.0252    32.1638 -9.990e-29    -0.0121 7.4527e+00  1022.3957    21.0224    22.3303     7.0970    216.941    7.38066  225.61096     96.157 -9.990e-29
   40.21628  -72.69892     15.094     14.977    21.0252    32.1641 -9.990e-29    -0.0121 7.3197e+00  1022.3956    21.0223    22.3305     7.0973    216.950    7.38063  225.61009     96.161 -9.990e-29
   40.21628  -72.69892     15.094     14.977    21.0255    32.1645 -9.990e-29    -0.0121 7.1287e+00  1022.3959    21.0227    22.3308     7.0973    216.948    7.38063  225.61003     96.161 -9.990e-29
   40.21628  -72.69892     15.084     14.968    21.0250    32.1650 -9.990e-29    -0.0121 7.0807e+00  1022.3968    21.0222    22.3313     7.0972    216.947    7.38063  225.61018     96.160 -9.990e-29
   40.21628  -72.69892     15.072     14.956    21.0254    32.1652 -9.990e-29    -0.0121 7.1407e+00  1022.3966    21.0226    22.3313     7.0972    216.946    7.38065  225.61061     96.160 -9.990e-29
   40.21628  -72.69892     15.043     14.927    21.0261    32.1651 -9.990e-29    -0.0121 7.2684e+00  1022.3960    21.0232    22.3311     7.0971    216.944    7.38062  225.60984     96.159 -9.990e-29
   40.21628  -72.69892     15.033     14.917    21.0266    32.1650 -9.990e-29    -0.0121 7.2827e+00  1022.3958    21.0238    22.3308     7.0971    216.943    7.38064  225.61027     96.158 -9.990e-29
   40.21628  -72.69892     15.021     14.905    21.0272    32.1649 -9.990e-29    -0.0121 7.4004e+00  1022.3956    21.0243    22.3306     7.0970    216.941    7.38061  225.60927     96.158 -9.990e-29
   40.21628  -72.69892     15.003     14.887    21.0278    32.1647 -9.990e-29    -0.0121 7.7935e+00  1022.3950    21.0250    22.3303     7.0970    216.940    7.38062  225.60977     96.157 -9.990e-29
   40.21628  -72.69892     14.992     14.876    21.0282    32.1645 -9.990e-29    -0.0121 7.9575e+00  1022.3948    21.0254    22.3300     7.1013    217.071    7.38058  225.60859     96.216 -9.990e-29
   40.21628  -72.69892     14.970     14.855    21.0282    32.1643 -9.990e-29    -0.0121 7.9218e+00  1022.3945    21.0254    22.3298     7.0972    216.947    7.38057  225.60821     96.161 -9.990e-29
   40.21628  -72.69892     14.962     14.846    21.0283    32.1642 -9.990e-29    -0.0121 7.8135e+00  1022.3944    21.0255    22.3298     7.0975    216.956    7.38054  225.60726     96.165 -9.990e-29
   40.21628  -72.69892     14.932     14.816    21.0282    32.1643 -9.990e-29    -0.0121 7.7720e+00  1022.3944    21.0254    22.3299     7.0979    216.966    7.38055  225.60743     96.170 -9.990e-29
   40.21628  -72.69892     14.919     14.804    21.0283    32.1646 -9.990e-29    -0.0121 7.7874e+00  1022.3946    21.0255    22.3301     7.1021    217.097    7.38050  225.60603     96.228 -9.990e-29
   40.21628  -72.69892     14.911     14.796    21.0286    32.1648 -9.990e-29    -0.0121 8.2543e+00  1022.3945    21.0258    22.3302     7.1024    217.107    7.38049  225.60586     96.233 -9.990e-29
   40.21628  -72.69892     14.881     14.766    21.0283    32.1651 -9.990e-29    -0.0121 8.5066e+00  1022.3949    21.0255    22.3304     7.1027    217.115    7.38047  225.60514     96.237 -9.990e-29
   40.21628  -72.69892     14.870     14.755    21.0287    32.1651 -9.990e-29    -0.0121 8.5306e+00  1022.3948    21.0259    22.3304     7.1030    217.124    7.38046  225.60476     96.241 -9.990e-29
   40.21628  -72.69892     14.860     14.745    21.0287    32.1649 -9.990e-29    -0.0121 8.5066e+00  1022.3944    21.0259    22.3302     7.1076    217.263    7.38038  225.60213     96.304 -9.990e-29
   40.21628  -72.69892     14.830     14.715    21.0291    32.1645 -9.990e-29    -0.0121 8.4995e+00  1022.3939    21.0263    22.3298     7.1082    217.281    7.38036  225.60161     96.312 -9.990e-29
   40.21628  -72.69892     14.819     14.705    21.0294    32.1642 -9.990e-29    -0.0121 8.4995e+00  1022.3932    21.0266    22.3295     7.1087    217.299    7.38037  225.60202     96.320 -9.990e-29
   40.21628  -72.69892     14.790     14.676    21.0295    32.1642 -9.990e-29    -0.0121 8.5957e+00  1022.3935    21.0267    22.3294     7.1092    217.315    7.38034  225.60120     96.327 -9.990e-29
   40.21628  -72.69892     14.779     14.665    21.0299    32.1642 -9.990e-29    -0.0121 8.7174e+00  1022.3933    21.0271    22.3294     7.1098    217.330    7.38032  225.60071     96.334 -9.990e-29
   40.21628  -72.69892     14.778     14.664    21.0301    32.1640 -9.990e-29    -0.0121 8.7174e+00  1022.3931    21.0273    22.3292     7.1106    217.356    7.38031  225.60030     96.346 -9.990e-29
   40.21628  -72.69892     14.749     14.635    21.0307    32.1637 -9.990e-29    -0.0121 8.8584e+00  1022.3924    21.0279    22.3289     7.1111    217.370    7.38028  225.59937     96.352 -9.990e-29
   40.21628  -72.69892     14.739     14.625    21.0305    32.1635 -9.990e-29    -0.0121 9.0345e+00  1022.3926    21.0277    22.3286     7.1114    217.381    7.38021  225.59715     96.358 -9.990e-29
   40.21626  -72.69894     14.707     14.594    21.0307    32.1631 -9.990e-29    -0.0121 9.0855e+00  1022.3916    21.0279    22.3283     7.1122    217.404    7.38018  225.59615     96.369 -9.990e-29
