CalculateIndicators/WaterTemperature/Data/CTD_NYOS/20240429_C31.cnv
* Sea-Bird SBE 9 Data File:
* FileName = C:\Seabird 9 CTD\Data\2024\202404_offshore\20240429_C31.hex
* Software Version Seasave V 7.23.2
* Temperature SN = 4590
* Conductivity SN = 3228
* Number of Bytes Per Scan = 44
* Number of Voltage Words = 5
* Number of Scans Averaged by the Deck Unit = 1
* NMEA Latitude = 40 06.86 N
* NMEA Longitude = 071 39.98 W
* NMEA UTC (Time) = Apr 29 2024  07:47:19
* NMEA baud rate = 4800
** Ship: Seawolf
** Station: 11.5
** Operator: TDK
# nquan = 18
# nvalues = 17373                       
# units = specified
# name 0 = latitude: Latitude [deg]
# name 1 = longitude: Longitude [deg]
# name 2 = prDM: Pressure, Digiquartz [db]
# name 3 = depSM: Depth [salt water, m]
# name 4 = t090C: Temperature [ITS-90, deg C]
# name 5 = sal00: Salinity, Practical [PSU]
# name 6 = ph: pH
# name 7 = flECO-AFL: Fluorescence, WET Labs ECO-AFL/FL [mg/m^3]
# name 8 = cpar: CPAR/Corrected Irradiance [%]
# name 9 = density00: Density [density, kg/m^3]
# name 10 = potemp090C: Potential Temperature [ITS-90, deg C]
# name 11 = sigma-é00: Density [sigma-theta, kg/m^3]
# name 12 = sbeox0Mg/L: Oxygen, SBE 43 [mg/l]
# name 13 = sbox0Mm/Kg: Oxygen, SBE 43 [umol/kg]
# name 14 = oxsolMg/L: Oxygen Saturation, Garcia & Gordon [mg/l]
# name 15 = oxsolMm/Kg: Oxygen Saturation, Garcia & Gordon [umol/kg]
# name 16 = sbeox0PS: Oxygen, SBE 43 [% saturation]
# name 17 = flag:  0.000e+00
# span 0 =   40.11428,   40.11434       
# span 1 =  -71.66644,  -71.66512       
# span 2 =      1.679,     80.066       
# span 3 =      1.666,     79.436       
# span 4 =     6.0498,     7.8282       
# span 5 =    32.0006,    32.1998       
# span 6 =      7.960,      8.038       
# span 7 =    -0.0121,     1.6131       
# span 8 = 2.5320e-11, 9.9999e+04       
# span 9 =  1025.0231,  1025.7042       
# span 10 =     6.0444,     7.8280      
# span 11 =    25.0095,    25.3348      
# span 12 =     9.3619,    10.2217      
# span 13 =    285.335,    311.633      
# span 14 =    9.64968,   10.04876      
# span 15 =  294.19725,  306.27602      
# span 16 =     93.203,    105.686      
# span 17 = 0.0000e+00, 0.0000e+00      
# interval = seconds: 0.0416667
# start_time = Apr 29 2024 07:47:17 [System UTC, first data scan.]
# bad_flag = -9.990e-29
*END*
[from data line 4021]
   40.11434  -71.66618     70.252     69.701     6.0659    32.1902 -9.990e-29     0.0148 5.0640e-11  1025.6498     6.0602    25.3256     9.4364    287.608   10.04375  306.11889     93.953 0.0000e+00
   40.11434  -71.66618     70.282     69.731     6.0662    32.1901      7.965     0.0148 5.0640e-11  1025.6497     6.0605    25.3255     9.4361    287.599   10.04379  306.11986     93.950 0.0000e+00
   40.11434  -71.66618     70.303     69.752     6.0660    32.1901      7.965     0.0148 5.0640e-11  1025.6500     6.0603    25.3255     9.4294    287.395   10.04376  306.11901     93.883 0.0000e+00
   40.11434  -71.66618     70.313     69.761     6.0660    32.1901      7.965     0.0013 5.0640e-11  1025.6500     6.0603    25.3255     9.4221    287.170   10.04377  306.11948     93.810 0.0000e+00
   40.11434  -71.66618     70.333     69.782     6.0662    32.1902      7.965     0.0148 5.0640e-11  1025.6500     6.0605    25.3256     9.4282    287.359   10.04376  306.11918     93.872 0.0000e+00
   40.11434  -71.66618     70.343     69.791     6.0657    32.1903      7.965     0.0148 5.0640e-11  1025.6504     6.0600    25.3257     9.4281    287.354   10.04374  306.11832     93.870 0.0000e+00
   40.11434  -71.66618     70.373     69.822     6.0657    32.1905      7.965     0.0148 5.0640e-11  1025.6506     6.0600    25.3258     9.4217    287.160   10.04377  306.11952     93.807 0.0000e+00
   40.11434  -71.66618     70.385     69.833     6.0656    32.1905      7.965     0.0013 5.0640e-11  1025.6507     6.0599    25.3258     9.4201    287.111   10.04371  306.11753     93.791 0.0000e+00
   40.11434  -71.66618     70.394     69.842     6.0660    32.1904      7.965     0.0013 5.0640e-11  1025.6506     6.0603    25.3258     9.4190    287.076   10.04382  306.12076     93.779 0.0000e+00
   40.11434  -71.66618     70.425     69.872     6.0659    32.1904      7.965     0.0148 5.0640e-11  1025.6506     6.0602    25.3258     9.4180    287.047   10.04380  306.12028     93.769 -9.990e-29
   40.11434  -71.66618     70.415     69.863     6.0654    32.1905      7.965     0.0148 5.0640e-11  1025.6510     6.0597    25.3259     9.4173    287.025   10.04374  306.11854     93.763 -9.990e-29
   40.11434  -71.66618     70.445     69.893     6.0657    32.1905      7.965     0.0148 5.0640e-11  1025.6508     6.0600    25.3259     9.4169    287.014   10.04375  306.11865     93.759 0.0000e+00
   40.11434  -71.66618     70.457     69.904     6.0657    32.1906 -9.990e-29     0.0148 5.0640e-11  1025.6510     6.0600    25.3259     9.4169    287.012   10.04377  306.11944     93.758 0.0000e+00
   40.11434  -71.66618     70.477     69.925     6.0652    32.1907      7.965     0.0148 5.0640e-11  1025.6515     6.0595    25.3260     9.4171    287.020   10.04379  306.12003     93.761 0.0000e+00
   40.11434  -71.66618     70.487     69.934     6.0656    32.1907      7.965     0.0148 5.0640e-11  1025.6513     6.0599    25.3260     9.4111    286.835   10.04379  306.11989     93.700 0.0000e+00
   40.11434  -71.66618     70.508     69.955     6.0654    32.1906      7.965     0.0148 5.0640e-11  1025.6513     6.0597    25.3260     9.4033    286.597   10.04379  306.11990     93.623 -9.990e-29
   40.11434  -71.66618     70.508     69.955     6.0654    32.1906      7.965     0.0148 5.0640e-11  1025.6513     6.0597    25.3260     9.4014    286.541   10.04380  306.12018     93.604 -9.990e-29
   40.11434  -71.66618     70.528     69.975     6.0654    32.1906      7.965     0.0282 5.0640e-11  1025.6515     6.0597    25.3260     9.4064    286.694   10.04379  306.11978     93.654 0.0000e+00
   40.11434  -71.66618     70.538     69.985     6.0656    32.1907      7.965     0.0416 5.0640e-11  1025.6515     6.0598    25.3260     9.3996    286.487   10.04382  306.12092     93.586 0.0000e+00
   40.11434  -71.66618     70.559     70.006     6.0652    32.1908      7.965     0.0416 5.0640e-11  1025.6517     6.0595    25.3261     9.3987    286.459   10.04379  306.11998     93.577 -9.990e-29
   40.11434  -71.66618     70.559     70.006     6.0653    32.1908      7.965     0.0282 5.0640e-11  1025.6519     6.0596    25.3262     9.3982    286.443   10.04383  306.12097     93.572 -9.990e-29
   40.11434  -71.66618     70.580     70.026     6.0654    32.1908 -9.990e-29     0.0416 5.0640e-11  1025.6517     6.0597    25.3261     9.3980    286.437   10.04385  306.12171     93.569 -9.990e-29
   40.11434  -71.66618     70.582     70.029     6.0652    32.1908      7.965     0.0416 5.0640e-11  1025.6519     6.0595    25.3261     9.3980    286.437   10.04378  306.11957     93.570 -9.990e-29
   40.11434  -71.66618     70.599     70.045     6.0654    32.1908 -9.990e-29     0.0416 5.0640e-11  1025.6517     6.0597    25.3262     9.3919    286.251   10.04380  306.12002     93.509 -9.990e-29
   40.11434  -71.66618     70.599     70.045     6.0651    32.1909      7.965     0.0416 5.0640e-11  1025.6523     6.0594    25.3263     9.3907    286.214   10.04385  306.12162     93.497 -9.990e-29
   40.11434  -71.66618     70.620     70.066     6.0652    32.1910      7.965     0.0416 5.0640e-11  1025.6520     6.0595    25.3263     9.3963    286.385   10.04376  306.11893     93.554 -9.990e-29
   40.11434  -71.66618     70.620     70.066     6.0652    32.1910      7.965     0.0416 5.0640e-11  1025.6521     6.0595    25.3263     9.3902    286.199   10.04383  306.12105     93.492 -9.990e-29
   40.11434  -71.66618     70.641     70.087     6.0651    32.1911      7.965     0.0282 5.0640e-11  1025.6524     6.0594    25.3264     9.3910    286.223   10.04385  306.12169     93.500 -9.990e-29
   40.11434  -71.66618     70.641     70.087     6.0651    32.1912      7.965     0.0416 5.0640e-11  1025.6525     6.0594    25.3264     9.3912    286.228   10.04391  306.12355     93.501 -9.990e-29
   40.11434  -71.66618     70.661     70.107     6.0649    32.1911 -9.990e-29     0.0416 5.0640e-11  1025.6525     6.0592    25.3264     9.3916    286.243   10.04396  306.12500     93.505 -9.990e-29
   40.11434  -71.66618     70.661     70.107     6.0649    32.1910      7.965     0.0416 5.0640e-11  1025.6524     6.0592    25.3264     9.3925    286.269   10.04400  306.12600     93.513 -9.990e-29
   40.11434  -71.66618     70.682     70.128     6.0651    32.1910      7.965     0.0416 5.0640e-11  1025.6525     6.0594    25.3264     9.3870    286.102   10.04400  306.12603     93.459 -9.990e-29
   40.11434  -71.66618     70.671     70.117     6.0649    32.1910      7.965     0.0282 5.0640e-11  1025.6526     6.0592    25.3264     9.3864    286.085   10.04400  306.12605     93.453 -9.990e-29
   40.11434  -71.66618     70.692     70.137     6.0651    32.1909      7.965     0.0416 5.0640e-11  1025.6524     6.0594    25.3263     9.3928    286.280   10.04403  306.12679     93.517 0.0000e+00
   40.11434  -71.66618     70.703     70.148     6.0651    32.1908      7.965     0.0282 5.0640e-11  1025.6526     6.0594    25.3262     9.3864    286.082   10.04410  306.12896     93.451 0.0000e+00
   40.11434  -71.66618     70.712     70.158     6.0652    32.1907 -9.990e-29     0.0416 5.0640e-11  1025.6522     6.0595    25.3261     9.3856    286.059   10.04402  306.12654     93.445 -9.990e-29
   40.11434  -71.66618     70.712     70.158     6.0647    32.1909      7.965     0.0416 9.9999e+04  1025.6528     6.0590    25.3263     9.3863    286.082   10.04411  306.12912     93.451 -9.990e-29
   40.11434  -71.66618     70.726     70.172     6.0649    32.1911 -9.990e-29     0.0416 9.9999e+04  1025.6527     6.0592    25.3264     9.3873    286.111   10.04409  306.12859     93.461 0.0000e+00
   40.11434  -71.66618     70.733     70.179     6.0647    32.1912 -9.990e-29     0.0416 9.9999e+04  1025.6530     6.0590    25.3265     9.3887    286.155   10.04417  306.13101     93.475 -9.990e-29
   40.11434  -71.66618     70.733     70.179     6.0647    32.1912      7.965     0.0416 9.9999e+04  1025.6530     6.0590    25.3266     9.3904    286.206   10.04418  306.13150     93.491 -9.990e-29
   40.11434  -71.66618     70.743     70.188     6.0647    32.1911      7.965     0.0416 9.9999e+04  1025.6529     6.0590    25.3264     9.3925    286.268   10.04423  306.13266     93.511 0.0000e+00
   40.11434  -71.66618     70.754     70.199     6.0648    32.1910 -9.990e-29     0.0282 9.9999e+04  1025.6527     6.0591    25.3263     9.3871    286.104   10.04414  306.13012     93.458 -9.990e-29
   40.11434  -71.66618     70.754     70.199     6.0651    32.1911      7.965     0.0282 9.9999e+04  1025.6529     6.0593    25.3264     9.3878    286.125   10.04420  306.13183     93.465 -9.990e-29
   40.11434  -71.66618     70.764     70.209     6.0649    32.1913      7.965     0.0282 9.9999e+04  1025.6531     6.0592    25.3265     9.3887    286.154   10.04421  306.13210     93.474 0.0000e+00
   40.11434  -71.66618     70.773     70.218     6.0646    32.1915 -9.990e-29     0.0282 9.9999e+04  1025.6535     6.0589    25.3267     9.3900    286.194   10.04423  306.13278     93.487 -9.990e-29
   40.11434  -71.66618     70.773     70.218     6.0649    32.1914      7.965     0.0282 9.9999e+04  1025.6533     6.0592    25.3267     9.3907    286.213   10.04428  306.13414     93.493 -9.990e-29
   40.11434  -71.66618     70.794     70.239     6.0649    32.1912      7.965     0.0148 9.9999e+04  1025.6532     6.0592    25.3265     9.3916    286.240   10.04428  306.13434     93.502 0.0000e+00
   40.11434  -71.66618     70.805     70.250     6.0649    32.1909      7.965     0.0148 9.9999e+04  1025.6530     6.0592    25.3263     9.3927    286.275   10.04427  306.13410     93.513 0.0000e+00
   40.11434  -71.66618     70.815     70.260     6.0652    32.1908      7.965     0.0282 9.9999e+04  1025.6528     6.0595    25.3262     9.3942    286.320   10.04430  306.13499     93.527 -9.990e-29
   40.11434  -71.66618     70.808     70.253     6.0649    32.1909      7.965     0.0282 9.9999e+04  1025.6531     6.0592    25.3262     9.3893    286.172   10.04427  306.13384     93.479 -9.990e-29
   40.11434  -71.66618     70.825     70.269     6.0651    32.1909 -9.990e-29     0.0282 9.9999e+04  1025.6531     6.0593    25.3262     9.3904    286.206   10.04430  306.13490     93.490 0.0000e+00
   40.11434  -71.66618     70.836     70.280     6.0651    32.1909      7.965     0.0282 9.9999e+04  1025.6530     6.0593    25.3262     9.3908    286.217   10.04431  306.13507     93.494 0.0000e+00
   40.11434  -71.66618     70.845     70.290     6.0651    32.1909      7.965     0.0282 9.9999e+04  1025.6532     6.0593    25.3262     9.3905    286.208   10.04436  306.13680     93.490 0.0000e+00
   40.11434  -71.66618     70.856     70.301     6.0652    32.1908 -9.990e-29     0.0282 9.9999e+04  1025.6531     6.0595    25.3262     9.3915    286.237   10.04442  306.13826     93.499 0.0000e+00
   40.11434  -71.66618     70.876     70.320     6.0651    32.1908      7.965     0.0282 9.9999e+04  1025.6532     6.0593    25.3261     9.3926    286.272   10.04434  306.13592     93.511 -9.990e-29
   40.11434  -71.66618     70.876     70.320     6.0654    32.1908      7.965     0.0282 9.9999e+04  1025.6530     6.0597    25.3261     9.3865    286.087   10.04443  306.13850     93.450 -9.990e-29
   40.11434  -71.66618     70.887     70.331     6.0647    32.1910      7.965     0.0282 9.9999e+04  1025.6537     6.0590    25.3263     9.3862    286.078   10.04441  306.13818     93.447 0.0000e+00
   40.11434  -71.66618     70.908     70.351     6.0649    32.1909      7.965     0.0282 9.9999e+04  1025.6535     6.0592    25.3263     9.3863    286.080   10.04442  306.13837     93.448 0.0000e+00
   40.11434  -71.66618     70.917     70.361     6.0652    32.1909      7.965     0.0282 9.9999e+04  1025.6533     6.0595    25.3262     9.3866    286.090   10.04446  306.13959     93.451 0.0000e+00
   40.11434  -71.66618     70.927     70.371     6.0651    32.1909 -9.990e-29     0.0282 9.9999e+04  1025.6537     6.0593    25.3262     9.3873    286.109   10.04447  306.13993     93.457 0.0000e+00
   40.11434  -71.66618     70.941     70.384     6.0651    32.1909      7.965     0.0282 9.9999e+04  1025.6535     6.0593    25.3262     9.3816    285.937   10.04450  306.14083     93.400 0.0000e+00
   40.11434  -71.66618     70.959     70.402     6.0649    32.1910      7.965     0.0282 9.9999e+04  1025.6538     6.0592    25.3263     9.3818    285.944   10.04450  306.14084     93.403 0.0000e+00
   40.11434  -71.66618     70.980     70.423     6.0649    32.1910      7.965     0.0282 9.9999e+04  1025.6539     6.0592    25.3264     9.3824    285.961   10.04447  306.14005     93.408 0.0000e+00
   40.11434  -71.66618     70.989     70.432     6.0649    32.1911 -9.990e-29     0.0282 9.9999e+04  1025.6540     6.0592    25.3265     9.3823    285.959   10.04455  306.14217     93.407 0.0000e+00
   40.11434  -71.66618     71.010     70.453     6.0648    32.1912      7.965     0.0282 9.9999e+04  1025.6543     6.0590    25.3265     9.3813    285.928   10.04445  306.13927     93.398 0.0000e+00
   40.11434  -71.66618     71.020     70.463     6.0649    32.1912 -9.990e-29     0.0282 9.9999e+04  1025.6541     6.0592    25.3265     9.3741    285.708   10.04447  306.13991     93.326 0.0000e+00
   40.11434  -71.66618     71.040     70.483     6.0647    32.1911      7.965     0.0282 9.9999e+04  1025.6543     6.0590    25.3264     9.3804    285.899   10.04446  306.13952     93.388 0.0000e+00
   40.11434  -71.66618     71.061     70.504     6.0649    32.1911      7.965     0.0282 9.9999e+04  1025.6543     6.0592    25.3264     9.3803    285.898   10.04451  306.14097     93.388 0.0000e+00
   40.11434  -71.66618     71.082     70.524     6.0647    32.1912      7.965     0.0282 9.9999e+04  1025.6545     6.0590    25.3265     9.3740    285.705   10.04457  306.14268     93.324 0.0000e+00
   40.11434  -71.66618     71.105     70.548     6.0646    32.1912      7.965     0.0282 9.9999e+04  1025.6547     6.0588    25.3265     9.3735    285.688   10.04457  306.14268     93.319 0.0000e+00
   40.11434  -71.66618     71.112     70.555     6.0649    32.1913      7.965     0.0282 9.9999e+04  1025.6546     6.0592    25.3266     9.3733    285.683   10.04461  306.14392     93.317 0.0000e+00
   40.11434  -71.66618     71.143     70.585     6.0648    32.1913      7.965     0.0282 9.9999e+04  1025.6550     6.0590    25.3266     9.3734    285.685   10.04462  306.14425     93.317 0.0000e+00
   40.11434  -71.66618     71.164     70.605     6.0646    32.1913      7.965     0.0282 5.0640e-11  1025.6550     6.0588    25.3265     9.3727    285.664   10.04460  306.14372     93.310 0.0000e+00
   40.11434  -71.66618     71.184     70.626     6.0651    32.1913      7.965     0.0282 5.0640e-11  1025.6548     6.0593    25.3265     9.3721    285.648   10.04454  306.14204     93.306 0.0000e+00
   40.11434  -71.66618     71.205     70.647     6.0646    32.1914      7.965     0.0282 5.0640e-11  1025.6554     6.0588    25.3266     9.3664    285.473   10.04452  306.14135     93.249 0.0000e+00
   40.11434  -71.66618     71.224     70.666     6.0646    32.1914      7.965     0.0282 5.0640e-11  1025.6553     6.0588    25.3267     9.3655    285.445   10.04450  306.14064     93.240 0.0000e+00
   40.11434  -71.66618     71.245     70.686     6.0643    32.1915      7.965     0.0282 5.0640e-11  1025.6556     6.0585    25.3269     9.3649    285.427   10.04447  306.13980     93.234 0.0000e+00
   40.11434  -71.66618     71.259     70.700     6.0640    32.1917      7.965     0.0282 5.0640e-11  1025.6559     6.0582    25.3271     9.3647    285.420   10.04453  306.14162     93.232 0.0000e+00
   40.11434  -71.66618     71.287     70.728     6.0638    32.1919      7.965     0.0282 5.0640e-11  1025.6562     6.0580    25.3272     9.3647    285.422   10.04456  306.14245     93.232 0.0000e+00
