CalculateIndicators/WaterTemperature/Data/CTD_NYOS/20240710_C18.cnv
* Sea-Bird SBE 9 Data File:
* FileName = C:\Seabird 9 CTD\Data\2024\202407_offshore\20240710_C18.hex
* Software Version Seasave V 7.23.2
* Temperature SN = 4590
* Conductivity SN = 3228
* Number of Bytes Per Scan = 44
* Number of Voltage Words = 5
* Number of Scans Averaged by the Deck Unit = 1
* NMEA Latitude = 40 25.77 N
* NMEA Longitude = 072 49.82 W
* NMEA UTC (Time) = Jul 10 2024  06:00:12
* NMEA baud rate = 4800
** Ship: seawolf
** Station: 9.2
** Operator: TDK
# nquan = 18
# nvalues = 13145                       
# units = specified
# name 0 = latitude: Latitude [deg]
# name 1 = longitude: Longitude [deg]
# name 2 = prDM: Pressure, Digiquartz [db]
# name 3 = depSM: Depth [salt water, m]
# name 4 = t090C: Temperature [ITS-90, deg C]
# name 5 = sal00: Salinity, Practical [PSU]
# name 6 = ph: pH
# name 7 = flECO-AFL: Fluorescence, WET Labs ECO-AFL/FL [mg/m^3]
# name 8 = cpar: CPAR/Corrected Irradiance [%]
# name 9 = density00: Density [density, kg/m^3]
# name 10 = potemp090C: Potential Temperature [ITS-90, deg C]
# name 11 = sigma-é00: Density [sigma-theta, kg/m^3]
# name 12 = sbeox0Mg/L: Oxygen, SBE 43 [mg/l]
# name 13 = sbox0Mm/Kg: Oxygen, SBE 43 [umol/kg]
# name 14 = oxsolMg/L: Oxygen Saturation, Garcia & Gordon [mg/l]
# name 15 = oxsolMm/Kg: Oxygen Saturation, Garcia & Gordon [umol/kg]
# name 16 = sbeox0PS: Oxygen, SBE 43 [% saturation]
# name 17 = flag:  0.000e+00
# span 0 =   40.42956,   40.42998       
# span 1 =  -72.83032,  -72.82794       
# span 2 =      1.665,     40.389       
# span 3 =      1.652,     40.074       
# span 4 =     7.7458,    22.9867       
# span 5 =    29.4269,    31.7640       
# span 6 =      7.776,      8.125       
# span 7 =     0.0551,     2.2443       
# span 8 = 1.6880e-11, 9.9999e+04       
# span 9 =  1020.1085,  1024.8538       
# span 10 =     7.7422,    22.9862      
# span 11 =    20.0930,    24.6751      
# span 12 =     6.7237,     9.2633      
# span 13 =    205.062,    282.768      
# span 14 =    7.21693,    9.69685      
# span 15 =  221.07995,  295.73607      
# span 16 =     69.340,    118.061      
# span 17 = 0.0000e+00, 0.0000e+00      
# interval = seconds: 0.0416667
# start_time = Jul 10 2024 06:00:13 [System UTC, first data scan.]
# bad_flag = -9.990e-29
*END*
[from data line 4423]
   40.42974  -72.82948     37.456     37.164     7.7483    31.6315 -9.990e-29     0.0954 1.6880e-11  1024.8368     7.7448    24.6653     6.7378    205.492    9.69643  295.72331     69.488 -9.990e-29
   40.42974  -72.82948     37.460     37.168     7.7483    31.6315 -9.990e-29     0.0954 1.6880e-11  1024.8370     7.7448    24.6654     6.7438    205.675    9.69640  295.72240     69.550 -9.990e-29
   40.42974  -72.82948     37.450     37.158     7.7485    31.6316 -9.990e-29     0.0954 1.6880e-11  1024.8370     7.7450    24.6655     6.7383    205.506    9.69644  295.72373     69.493 0.0000e+00
   40.42974  -72.82948     37.435     37.143     7.7479    31.6318 -9.990e-29     0.0954 1.6880e-11  1024.8373     7.7445    24.6657     6.7380    205.498    9.69639  295.72223     69.490 0.0000e+00
   40.42974  -72.82948     37.429     37.138     7.7481    31.6319 -9.990e-29     0.0954 1.6880e-11  1024.8371     7.7446    24.6658     6.7378    205.490    9.69639  295.72219     69.487 0.0000e+00
   40.42974  -72.82948     37.409     37.117     7.7481    31.6319 -9.990e-29     0.0954 1.6880e-11  1024.8372     7.7446    24.6658     6.7438    205.672    9.69636  295.72098     69.549 0.0000e+00
   40.42974  -72.82948     37.405     37.113     7.7480    31.6319 -9.990e-29     0.0954 1.6880e-11  1024.8373     7.7445    24.6658     6.7381    205.500    9.69633  295.72031     69.491 0.0000e+00
   40.42974  -72.82948     37.399     37.108     7.7481    31.6319 -9.990e-29     0.0954 1.6880e-11  1024.8369     7.7446    24.6657     6.7378    205.491    9.69630  295.71952     69.489 0.0000e+00
   40.42974  -72.82948     37.378     37.087     7.7481    31.6319 -9.990e-29     0.0819 1.6880e-11  1024.8370     7.7447    24.6657     6.7385    205.511    9.69631  295.71972     69.495 0.0000e+00
   40.42974  -72.82948     37.369     37.078     7.7483    31.6318 -9.990e-29     0.0954 1.6880e-11  1024.8368     7.7448    24.6656     6.7382    205.504    9.69632  295.72020     69.493 0.0000e+00
   40.42974  -72.82948     37.363     37.072     7.7481    31.6318 -9.990e-29     0.0954 1.6880e-11  1024.8366     7.7447    24.6656     6.7379    205.495    9.69624  295.71756     69.490 0.0000e+00
   40.42974  -72.82948     37.337     37.046     7.7479    31.6318 -9.990e-29     0.0954 1.6880e-11  1024.8367     7.7445    24.6657     6.7378    205.490    9.69633  295.72047     69.488 -9.990e-29
   40.42974  -72.82946     37.337     37.046     7.7478    31.6318 -9.990e-29     0.0954 1.6880e-11  1024.8367     7.7443    24.6657     6.7385    205.511    9.69634  295.72065     69.495 -9.990e-29
   40.42974  -72.82946     37.314     37.023     7.7479    31.6319 -9.990e-29     0.0819 1.6880e-11  1024.8365     7.7445    24.6658     6.7446    205.697    9.69642  295.72326     69.557 0.0000e+00
   40.42974  -72.82946     37.307     37.016     7.7475    31.6320 -9.990e-29     0.0819 1.6880e-11  1024.8369     7.7440    24.6659     6.7452    205.717    9.69641  295.72304     69.564 0.0000e+00
   40.42974  -72.82946     37.287     36.997     7.7477    31.6321 -9.990e-29     0.0819 1.6880e-11  1024.8366     7.7442    24.6660     6.7396    205.546    9.69643  295.72354     69.506 0.0000e+00
   40.42974  -72.82946     37.272     36.982     7.7476    31.6323 -9.990e-29     0.0819 1.6880e-11  1024.8369     7.7441    24.6661     6.7394    205.538    9.69643  295.72366     69.503 0.0000e+00
   40.42974  -72.82946     37.256     36.965     7.7478    31.6323 -9.990e-29     0.0819 1.6880e-11  1024.8368     7.7443    24.6662     6.7391    205.531    9.69648  295.72497     69.501 0.0000e+00
   40.42974  -72.82946     37.236     36.946     7.7478    31.6323 -9.990e-29     0.0819 1.6880e-11  1024.8366     7.7443    24.6661     6.7388    205.522    9.69644  295.72387     69.498 0.0000e+00
   40.42974  -72.82946     37.221     36.931     7.7480    31.6323 -9.990e-29     0.0819 1.6880e-11  1024.8365     7.7445    24.6661     6.7395    205.543    9.69650  295.72562     69.505 0.0000e+00
   40.42974  -72.82946     37.205     36.915     7.7479    31.6323 -9.990e-29     0.0819 1.6880e-11  1024.8366     7.7445    24.6660     6.7402    205.564    9.69650  295.72555     69.512 0.0000e+00
   40.42974  -72.82946     37.185     36.896     7.7481    31.6321 -9.990e-29     0.0819 1.6880e-11  1024.8361     7.7447    24.6659     6.7400    205.558    9.69648  295.72492     69.510 0.0000e+00
   40.42974  -72.82946     37.160     36.871     7.7481    31.6319 -9.990e-29     0.0819 1.6880e-11  1024.8360     7.7446    24.6657     6.7398    205.553    9.69651  295.72581     69.508 0.0000e+00
   40.42974  -72.82946     37.144     36.855     7.7485    31.6318 -9.990e-29     0.0819 1.6880e-11  1024.8356     7.7450    24.6656     6.7458    205.736    9.69647  295.72457     69.570 0.0000e+00
   40.42974  -72.82946     37.123     36.834     7.7483    31.6318 -9.990e-29     0.0819 1.6880e-11  1024.8357     7.7448    24.6656     6.7465    205.755    9.69646  295.72440     69.577 0.0000e+00
   40.42974  -72.82946     37.114     36.825     7.7481    31.6318 -9.990e-29     0.0819 1.6880e-11  1024.8358     7.7447    24.6656     6.7471    205.774    9.69645  295.72390     69.583 0.0000e+00
   40.42974  -72.82946     37.079     36.790     7.7485    31.6317 -9.990e-29     0.0819 1.6880e-11  1024.8351     7.7450    24.6655     6.7477    205.791    9.69643  295.72335     69.589 0.0000e+00
   40.42974  -72.82946     37.063     36.774     7.7481    31.6317 -9.990e-29     0.0819 1.6880e-11  1024.8355     7.7446    24.6655     6.7420    205.618    9.69641  295.72284     69.531 0.0000e+00
   40.42974  -72.82946     37.042     36.753     7.7486    31.6317 -9.990e-29     0.0819 1.6880e-11  1024.8350     7.7452    24.6655     6.7479    205.798    9.69644  295.72383     69.591 0.0000e+00
   40.42974  -72.82946     37.017     36.729     7.7484    31.6317 -9.990e-29     0.0819 1.6880e-11  1024.8352     7.7450    24.6655     6.7484    205.814    9.69646  295.72433     69.597 0.0000e+00
   40.42974  -72.82946     36.991     36.703     7.7485    31.6317 -9.990e-29     0.0819 1.6880e-11  1024.8350     7.7450    24.6655     6.7489    205.829    9.69648  295.72498     69.601 0.0000e+00
   40.42974  -72.82946     36.981     36.693     7.7486    31.6317 -9.990e-29     0.0819 1.6880e-11  1024.8348     7.7452    24.6655     6.7431    205.652    9.69647  295.72449     69.542 0.0000e+00
   40.42974  -72.82946     36.951     36.663     7.7483    31.6317 -9.990e-29     0.0819 1.6880e-11  1024.8347     7.7449    24.6655     6.7426    205.636    9.69639  295.72213     69.537 0.0000e+00
   40.42974  -72.82946     36.926     36.638     7.7483    31.6316 -9.990e-29     0.0819 1.6880e-11  1024.8346     7.7448    24.6655     6.7421    205.622    9.69638  295.72187     69.532 0.0000e+00
   40.42974  -72.82946     36.900     36.612     7.7481    31.6316 -9.990e-29     0.0819 1.6880e-11  1024.8346     7.7447    24.6655     6.7480    205.800    9.69646  295.72449     69.592 0.0000e+00
   40.42974  -72.82946     36.879     36.592     7.7481    31.6316 -9.990e-29     0.0819 1.6880e-11  1024.8343     7.7447    24.6655     6.7412    205.595    9.69649  295.72545     69.522 0.0000e+00
   40.42974  -72.82946     36.854     36.567     7.7483    31.6315 -9.990e-29     0.0819 1.6880e-11  1024.8343     7.7449    24.6654     6.7407    205.579    9.69649  295.72521     69.517 0.0000e+00
   40.42974  -72.82946     36.838     36.551     7.7484    31.6315 -9.990e-29     0.0819 1.6880e-11  1024.8339     7.7450    24.6653     6.7401    205.562    9.69646  295.72439     69.511 0.0000e+00
   40.42974  -72.82946     36.808     36.521     7.7483    31.6315 -9.990e-29     0.0819 1.6880e-11  1024.8338     7.7449    24.6653     6.7397    205.548    9.69653  295.72646     69.506 0.0000e+00
   40.42974  -72.82946     36.787     36.500     7.7478    31.6315 -9.990e-29     0.0819 1.6880e-11  1024.8339     7.7444    24.6654     6.7453    205.721    9.69648  295.72513     69.565 0.0000e+00
   40.42974  -72.82946     36.763     36.477     7.7479    31.6317 -9.990e-29     0.0819 1.6880e-11  1024.8340     7.7445    24.6656     6.7457    205.731    9.69651  295.72585     69.568 0.0000e+00
   40.42974  -72.82946     36.747     36.461     7.7480    31.6317 -9.990e-29     0.0819 1.6880e-11  1024.8339     7.7446    24.6656     6.7398    205.552    9.69657  295.72782     69.507 0.0000e+00
   40.42974  -72.82946     36.705     36.420     7.7478    31.6318 -9.990e-29     0.0819 1.6880e-11  1024.8338     7.7443    24.6657     6.7391    205.531    9.69649  295.72539     69.501 0.0000e+00
   40.42974  -72.82946     36.696     36.410     7.7478    31.6320 -9.990e-29     0.0819 1.6880e-11  1024.8340     7.7444    24.6658     6.7395    205.543    9.69655  295.72700     69.504 0.0000e+00
   40.42974  -72.82946     36.671     36.385     7.7481    31.6320 -9.990e-29     0.0819 1.6880e-11  1024.8337     7.7447    24.6658     6.7461    205.743    9.69651  295.72603     69.572 0.0000e+00
   40.42974  -72.82946     36.654     36.369     7.7478    31.6320 -9.990e-29     0.0819 1.6880e-11  1024.8338     7.7444    24.6659     6.7402    205.564    9.69654  295.72670     69.511 0.0000e+00
   40.42974  -72.82946     36.624     36.339     7.7479    31.6320 -9.990e-29     0.0819 1.6880e-11  1024.8336     7.7445    24.6659     6.7396    205.546    9.69654  295.72677     69.506 0.0000e+00
   40.42974  -72.82946     36.603     36.318     7.7480    31.6320 -9.990e-29     0.0819 1.6880e-11  1024.8335     7.7446    24.6659     6.7390    205.529    9.69652  295.72596     69.500 0.0000e+00
   40.42974  -72.82946     36.580     36.295     7.7479    31.6320 -9.990e-29     0.0819 1.6880e-11  1024.8334     7.7445    24.6659     6.7447    205.701    9.69652  295.72614     69.558 0.0000e+00
   40.42974  -72.82946     36.563     36.279     7.7481    31.6321 -9.990e-29     0.0819 1.6880e-11  1024.8332     7.7447    24.6659     6.7450    205.710    9.69651  295.72591     69.561 0.0000e+00
   40.42974  -72.82946     36.543     36.258     7.7478    31.6321 -9.990e-29     0.0819 1.6880e-11  1024.8336     7.7444    24.6659     6.7461    205.745    9.69649  295.72517     69.573 0.0000e+00
   40.42974  -72.82946     36.533     36.249     7.7481    31.6321 -9.990e-29     0.0819 1.6880e-11  1024.8331     7.7447    24.6659     6.7464    205.753    9.69650  295.72547     69.576 0.0000e+00
   40.42974  -72.82946     36.492     36.208     7.7481    31.6322 -9.990e-29     0.0819 1.6880e-11  1024.8329     7.7447    24.6659     6.7404    205.571    9.69654  295.72692     69.514 0.0000e+00
   40.42974  -72.82946     36.488     36.203     7.7481    31.6324 -9.990e-29     0.0819 1.6880e-11  1024.8335     7.7447    24.6662     6.7398    205.550    9.69656  295.72727     69.507 0.0000e+00
   40.42974  -72.82946     36.461     36.177     7.7481    31.6324 -9.990e-29     0.0819 1.6880e-11  1024.8335     7.7447    24.6663     6.7462    205.747    9.69653  295.72633     69.574 0.0000e+00
   40.42974  -72.82946     36.441     36.157     7.7484    31.6324 -9.990e-29     0.0819 1.6880e-11  1024.8329     7.7450    24.6661     6.7464    205.753    9.69649  295.72507     69.576 0.0000e+00
   40.42974  -72.82946     36.431     36.147     7.7485    31.6322 -9.990e-29     0.0819 1.6880e-11  1024.8327     7.7451    24.6659     6.7466    205.758    9.69647  295.72460     69.577 0.0000e+00
   40.42974  -72.82946     36.406     36.123     7.7484    31.6321 -9.990e-29     0.0685 1.6880e-11  1024.8325     7.7450    24.6658     6.7467    205.763    9.69650  295.72562     69.579 0.0000e+00
   40.42974  -72.82946     36.390     36.106     7.7488    31.6320 -9.990e-29     0.0819 1.6880e-11  1024.8324     7.7454    24.6658     6.7468    205.765    9.69647  295.72457     69.580 -9.990e-29
   40.42974  -72.82946     36.390     36.106     7.7484    31.6319 -9.990e-29     0.0819 1.6880e-11  1024.8323     7.7450    24.6657     6.7469    205.767    9.69648  295.72493     69.581 -9.990e-29
   40.42974  -72.82946     36.359     36.076     7.7485    31.6317 -9.990e-29     0.0819 1.6880e-11  1024.8320     7.7451    24.6655     6.7469    205.767    9.69647  295.72468     69.581 0.0000e+00
   40.42974  -72.82946     36.339     36.056     7.7481    31.6316 -9.990e-29     0.0819 1.6880e-11  1024.8319     7.7447    24.6655     6.7407    205.578    9.69649  295.72513     69.516 0.0000e+00
   40.42974  -72.82946     36.336     36.053     7.7481    31.6316 -9.990e-29     0.0819 1.6880e-11  1024.8319     7.7448    24.6656     6.7407    205.578    9.69645  295.72395     69.517 0.0000e+00
   40.42974  -72.82946     36.319     36.037     7.7480    31.6316 -9.990e-29     0.0819 1.6880e-11  1024.8320     7.7446    24.6656     6.7469    205.769    9.69643  295.72322     69.582 0.0000e+00
   40.42974  -72.82946     36.308     36.026     7.7481    31.6316 -9.990e-29     0.0819 1.6880e-11  1024.8317     7.7447    24.6656     6.7469    205.769    9.69642  295.72310     69.582 0.0000e+00
   40.42974  -72.82946     36.288     36.005     7.7478    31.6317 -9.990e-29     0.0819 1.6880e-11  1024.8318     7.7444    24.6656     6.7407    205.578    9.69638  295.72192     69.517 0.0000e+00
   40.42974  -72.82946     36.278     35.996     7.7479    31.6318 -9.990e-29     0.0819 1.6880e-11  1024.8318     7.7446    24.6657     6.7460    205.740    9.69637  295.72151     69.572 0.0000e+00
   40.42974  -72.82946     36.264     35.982     7.7477    31.6319 -9.990e-29     0.0819 1.6880e-11  1024.8318     7.7443    24.6658     6.7397    205.549    9.69641  295.72283     69.507 0.0000e+00
   40.42974  -72.82946     36.257     35.975     7.7476    31.6319 -9.990e-29     0.0819 1.6880e-11  1024.8319     7.7442    24.6658     6.7388    205.520    9.69637  295.72138     69.498 0.0000e+00
   40.42974  -72.82946     36.237     35.955     7.7478    31.6319 -9.990e-29     0.0819 1.6880e-11  1024.8316     7.7444    24.6658     6.7378    205.490    9.69632  295.71995     69.488 -9.990e-29
   40.42974  -72.82946     36.237     35.955     7.7476    31.6319 -9.990e-29     0.0819 1.6880e-11  1024.8318     7.7442    24.6658     6.7431    205.651    9.69632  295.72006     69.542 -9.990e-29
   40.42974  -72.82946     36.217     35.935     7.7477    31.6321 -9.990e-29     0.0819 1.6880e-11  1024.8320     7.7443    24.6660     6.7430    205.648    9.69630  295.71954     69.542 0.0000e+00
   40.42974  -72.82946     36.204     35.922     7.7478    31.6321 -9.990e-29     0.0819 1.6880e-11  1024.8318     7.7444    24.6660     6.7437    205.672    9.69628  295.71899     69.550 -9.990e-29
   40.42974  -72.82946     36.206     35.924     7.7478    31.6321 -9.990e-29     0.0819 1.6880e-11  1024.8318     7.7444    24.6659     6.7445    205.695    9.69627  295.71846     69.558 -9.990e-29
   40.42974  -72.82946     36.186     35.904     7.7479    31.6321 -9.990e-29     0.0819 1.6880e-11  1024.8316     7.7446    24.6659     6.7391    205.530    9.69626  295.71843     69.502 0.0000e+00
   40.42974  -72.82946     36.176     35.894     7.7480    31.6320 -9.990e-29     0.0819 1.6880e-11  1024.8316     7.7446    24.6658     6.7453    205.720    9.69633  295.72045     69.566 -9.990e-29
   40.42974  -72.82946     36.176     35.894     7.7480    31.6318 -9.990e-29     0.0819 1.6880e-11  1024.8312     7.7446    24.6656     6.7452    205.716    9.69631  295.71986     69.565 -9.990e-29
   40.42974  -72.82946     36.162     35.881     7.7479    31.6318 -9.990e-29     0.0819 1.6880e-11  1024.8311     7.7446    24.6655     6.7460    205.740    9.69629  295.71916     69.573 0.0000e+00
   40.42974  -72.82946     36.146     35.864     7.7478    31.6318 -9.990e-29     0.0819 1.6880e-11  1024.8312     7.7444    24.6656     6.7468    205.765    9.69631  295.71982     69.581 -9.990e-29
