CalculateIndicators/WaterTemperature/Data/CTD_NYOS/20240912_C06.cnv
* Sea-Bird SBE 9 Data File:
* FileName = C:\Seabird 9 CTD\Data\2024\202409_offshore\20240912_C06.hex
* Software Version Seasave V 7.23.2
* Temperature SN = 4590
* Conductivity SN = 3228
* Number of Bytes Per Scan = 44
* Number of Voltage Words = 5
* Number of Scans Averaged by the Deck Unit = 1
* NMEA Latitude = 40 04.75 N
* NMEA Longitude = 073 04.26 W
* NMEA UTC (Time) = Sep 12 2024  08:22:47
* NMEA baud rate = 4800
** Ship: Seawolf
** Station: 8.3
** Operator: TCM
# nquan = 18
# nvalues = 10316                       
# units = specified
# name 0 = latitude: Latitude [deg]
# name 1 = longitude: Longitude [deg]
# name 2 = prDM: Pressure, Digiquartz [db]
# name 3 = depSM: Depth [salt water, m]
# name 4 = t090C: Temperature [ITS-90, deg C]
# name 5 = sal00: Salinity, Practical [PSU]
# name 6 = ph: pH
# name 7 = flECO-AFL: Fluorescence, WET Labs ECO-AFL/FL [mg/m^3]
# name 8 = cpar: CPAR/Corrected Irradiance [%]
# name 9 = density00: Density [density, kg/m^3]
# name 10 = potemp090C: Potential Temperature [ITS-90, deg C]
# name 11 = sigma-é00: Density [sigma-theta, kg/m^3]
# name 12 = sbeox0Mg/L: Oxygen, SBE 43 [mg/l]
# name 13 = sbox0Mm/Kg: Oxygen, SBE 43 [umol/kg]
# name 14 = oxsolMg/L: Oxygen Saturation, Garcia & Gordon [mg/l]
# name 15 = oxsolMm/Kg: Oxygen Saturation, Garcia & Gordon [umol/kg]
# name 16 = sbeox0PS: Oxygen, SBE 43 [% saturation]
# name 17 = flag:  0.000e+00
# span 0 =   40.07916,   40.07924       
# span 1 =  -73.07158,  -73.07112       
# span 2 =      2.087,     40.388       
# span 3 =      2.071,     40.074       
# span 4 =     8.3816,    21.2050       
# span 5 =    30.4211,    32.5399       
# span 6 =      7.863,      8.206       
# span 7 =     0.0013,     1.9354       
# span 8 = 1.6880e-11, 9.9999e+04       
# span 9 =  1021.9874,  1025.0048       
# span 10 =     8.3777,    21.2045      
# span 11 =    21.9672,    24.8253      
# span 12 =     7.0164,    10.1974      
# span 13 =    214.550,    311.046      
# span 14 =    7.37409,    9.53964      
# span 15 =  225.48774,  290.90114      
# span 16 =     77.379,    120.737      
# span 17 = 0.0000e+00, 0.0000e+00      
# interval = seconds: 0.0416667
# start_time = Sep 12 2024 08:22:49 [System UTC, first data scan.]
# bad_flag = -9.990e-29
*END*
[from data line 1689]
   40.07918  -73.07118     31.728     31.482     9.3645    31.8970      8.011     1.7474 1.6880e-11  1024.7767     9.3612    24.6329     8.0994    247.019    9.36752  285.69603     86.462 0.0000e+00
   40.07918  -73.07118     31.747     31.501     9.3588    31.8958      8.011     1.7474 1.6880e-11  1024.7800     9.3554    24.6328     8.0762    246.311    9.36806  285.71037     86.210 -9.990e-29
   40.07918  -73.07118     31.747     31.501     9.3549    31.8910      8.011     1.7474 1.6880e-11  1024.7741     9.3516    24.6298     8.0579    245.749    9.36845  285.71929     86.011 -9.990e-29
   40.07918  -73.07118     31.768     31.522     9.3503    31.8850      8.011     1.7339 1.6880e-11  1024.7684     9.3469    24.6259     8.0400    245.202    9.36870  285.72540     85.817 0.0000e+00
   40.07918  -73.07118     31.788     31.542     9.3439    31.8817      8.011     1.7474 1.6880e-11  1024.7673     9.3406    24.6243     8.0226    244.670    9.36871  285.72450     85.631 -9.990e-29
   40.07918  -73.07118     31.788     31.542     9.3364    31.8816      8.006     1.7474 1.6880e-11  1024.7686     9.3330    24.6253     8.0000    243.982    9.36890  285.72946     85.389 -9.990e-29
   40.07918  -73.07118     31.798     31.552     9.3287    31.8850      8.006     1.7474 1.6880e-11  1024.7714     9.3253    24.6291     7.9829    243.462    9.36961  285.75239     85.200 0.0000e+00
   40.07918  -73.07118     31.830     31.583     9.3214    31.8945      8.006     1.7474 1.6880e-11  1024.7778     9.3181    24.6377     7.9667    242.969    9.37049  285.78043     85.020 -9.990e-29
   40.07918  -73.07118     31.830     31.583     9.3141    31.9117      8.006     1.7339 1.6880e-11  1024.7953     9.3107    24.6522     7.9502    242.464    9.37105  285.79726     84.838 -9.990e-29
   40.07918  -73.07118     31.839     31.593     9.3078    31.9319      8.006     1.7474 1.6880e-11  1024.8168     9.3045    24.6688     7.9281    241.789    9.37119  285.79983     84.601 0.0000e+00
   40.07918  -73.07118     31.860     31.613     9.3055    31.9467      8.006     1.7474 1.6880e-11  1024.8299     9.3021    24.6807     7.9109    241.263    9.37100  285.79251     84.419 -9.990e-29
   40.07918  -73.07118     31.860     31.613     9.3074    31.9530      8.006     1.7474 1.6880e-11  1024.8326     9.3041    24.6855     7.8878    240.557    9.37079  285.78549     84.174 -9.990e-29
   40.07918  -73.07118     31.879     31.632     9.3104    31.9528      8.001     1.7474 1.6880e-11  1024.8317     9.3071    24.6850     7.8707    240.035    9.37061  285.78002     83.993 -9.990e-29
   40.07918  -73.07118     31.881     31.634     9.3144    31.9482      8.000     1.7474 1.6880e-11  1024.8266     9.3110    24.6809     7.8537    239.517    9.37046  285.77562     83.813 -9.990e-29
   40.07918  -73.07118     31.911     31.664     9.3175    31.9414      8.000     1.7474 1.6880e-11  1024.8196     9.3141    24.6752     7.8388    239.064    9.37076  285.78673     83.651 -9.990e-29
   40.07918  -73.07118     31.911     31.664     9.3190    31.9345      8.000     1.7474 1.6880e-11  1024.8143     9.3156    24.6696     7.8176    238.420    9.37153  285.81204     83.418 -9.990e-29
   40.07918  -73.07118     31.930     31.683     9.3188    31.9276      8.000     1.7474 1.6880e-11  1024.8094     9.3155    24.6641     7.8016    237.934    9.37227  285.83551     83.242 0.0000e+00
   40.07918  -73.07118     31.941     31.694     9.3170    31.9208      8.000     1.7474 1.6880e-11  1024.8030     9.3136    24.6591     7.7872    237.492    9.37262  285.84523     83.084 0.0000e+00
   40.07918  -73.07118     31.962     31.714     9.3139    31.9165      8.000     1.7474 1.6880e-11  1024.7993     9.3105    24.6562     7.7732    237.063    9.37228  285.83211     82.938 -9.990e-29
   40.07918  -73.07118     31.961     31.713     9.3101    31.9155      7.995     1.6399 1.6880e-11  1024.8008     9.3067    24.6559     7.7585    236.613    9.37185  285.81690     82.785 -9.990e-29
   40.07918  -73.07118     31.981     31.734     9.3080    31.9145      8.001     1.4519 1.6880e-11  1024.8033     9.3046    24.6554     7.7390    236.018    9.37143  285.80376     82.580 0.0000e+00
   40.07918  -73.07118     31.992     31.745     9.3062    31.9081      8.001     1.3982 1.6880e-11  1024.7997     9.3028    24.6508     7.7249    235.589    9.37108  285.79352     82.433 0.0000e+00
   40.07918  -73.07118     32.002     31.754     9.3043    31.8958      7.995     1.3982 1.6880e-11  1024.7867     9.3010    24.6416     7.7113    235.175    9.37097  285.79071     82.289 0.0000e+00
   40.07918  -73.07118     32.023     31.775     9.3011    31.8840      7.995     1.4116 1.6880e-11  1024.7743     9.2977    24.6329     7.6993    234.811    9.37146  285.80812     82.157 0.0000e+00
   40.07918  -73.07118     32.032     31.784     9.2943    31.8776      7.995     1.4116 1.6880e-11  1024.7734     9.2910    24.6290     7.6821    234.290    9.37257  285.84540     81.964 0.0000e+00
   40.07918  -73.07118     32.043     31.795     9.2860    31.8764      7.995     1.4116 1.6880e-11  1024.7723     9.2826    24.6292     7.6707    233.945    9.37409  285.89507     81.829 0.0000e+00
   40.07918  -73.07118     32.063     31.814     9.2771    31.8814      7.996     1.4116 1.6880e-11  1024.7757     9.2737    24.6344     7.6545    233.451    9.37559  285.94245     81.643 0.0000e+00
   40.07918  -73.07118     32.074     31.825     9.2684    31.8939      7.996     1.4116 1.6880e-11  1024.7904     9.2650    24.6455     7.6496    233.304    9.37701  285.98602     81.579 0.0000e+00
   40.07918  -73.07118     32.093     31.844     9.2613    31.9093      7.996     1.4116 1.6880e-11  1024.8063     9.2580    24.6585     7.6390    232.979    9.37821  286.02227     81.455 0.0000e+00
   40.07918  -73.07118     32.104     31.855     9.2576    31.9217      7.996     1.4116 1.6880e-11  1024.8170     9.2542    24.6688     7.6294    232.684    9.37921  286.05121     81.343 0.0000e+00
   40.07918  -73.07118     32.125     31.876     9.2566    31.9291      7.996     1.3982 1.6880e-11  1024.8230     9.2532    24.6749     7.6198    232.391    9.37986  286.06879     81.236 0.0000e+00
   40.07918  -73.07118     32.134     31.885     9.2566    31.9321      7.991     1.3982 1.6880e-11  1024.8245     9.2532    24.6772     7.6099    232.087    9.38062  286.09018     81.124 0.0000e+00
   40.07918  -73.07118     32.155     31.906     9.2576    31.9319      7.996     1.4116 1.6880e-11  1024.8237     9.2542    24.6770     7.5952    231.639    9.38140  286.11336     80.961 0.0000e+00
   40.07918  -73.07118     32.165     31.915     9.2590    31.9301      7.990     1.4116 1.6880e-11  1024.8219     9.2557    24.6754     7.5850    231.326    9.38182  286.12503     80.848 0.0000e+00
   40.07918  -73.07118     32.195     31.946     9.2597    31.9274      7.990     1.4116 1.6880e-11  1024.8191     9.2564    24.6732     7.5749    231.018    9.38196  286.12786     80.739 -9.990e-29
   40.07918  -73.07118     32.195     31.946     9.2594    31.9250      7.990     1.4116 1.6880e-11  1024.8174     9.2560    24.6713     7.5661    230.747    9.38206  286.13033     80.644 -9.990e-29
   40.07918  -73.07118     32.216     31.966     9.2582    31.9221      7.990     1.4116 1.6880e-11  1024.8169     9.2548    24.6692     7.5629    230.651    9.38245  286.14289     80.607 0.0000e+00
   40.07918  -73.07118     32.225     31.976     9.2569    31.9162      7.991     1.4116 1.6880e-11  1024.8137     9.2536    24.6648     7.5552    230.419    9.38317  286.16640     80.519 0.0000e+00
   40.07918  -73.07118     32.257     32.007     9.2551    31.9064      7.991     1.4116 1.6880e-11  1024.8039     9.2518    24.6575     7.5479    230.197    9.38395  286.19158     80.435 0.0000e+00
   40.07918  -73.07118     32.267     32.017     9.2518    31.8964      7.991     1.4116 1.6880e-11  1024.7948     9.2485    24.6503     7.5409    229.984    9.38473  286.21566     80.353 0.0000e+00
   40.07918  -73.07118     32.276     32.026     9.2469    31.8903      7.985     1.4116 1.6880e-11  1024.7906     9.2435    24.6462     7.5342    229.780    9.38548  286.23857     80.276 0.0000e+00
   40.07918  -73.07118     32.287     32.037     9.2411    31.8895      7.985     1.4116 1.6880e-11  1024.7911     9.2377    24.6464     7.5279    229.585    9.38622  286.26078     80.201 0.0000e+00
   40.07918  -73.07118     32.318     32.067     9.2349    31.8932      7.991     1.4116 1.6880e-11  1024.7960     9.2316    24.6502     7.5219    229.403    9.38703  286.28499     80.131 0.0000e+00
   40.07918  -73.07118     32.327     32.077     9.2291    31.8992      7.986     1.3982 1.6880e-11  1024.8034     9.2257    24.6558     7.5093    229.018    9.38768  286.30406     79.991 0.0000e+00
   40.07918  -73.07118     32.348     32.097     9.2243    31.9041      7.986     1.2639 1.6880e-11  1024.8093     9.2209    24.6604     7.5022    228.801    9.38829  286.32205     79.911 0.0000e+00
   40.07918  -73.07118     32.369     32.118     9.2209    31.9051      7.986     1.1967 1.6880e-11  1024.8108     9.2175    24.6617     7.4946    228.569    9.38890  286.34043     79.824 0.0000e+00
   40.07918  -73.07118     32.380     32.129     9.2176    31.9019      7.986     1.1967 1.6880e-11  1024.8079     9.2142    24.6598     7.4932    228.524    9.38935  286.35358     79.805 0.0000e+00
   40.07918  -73.07118     32.399     32.148     9.2139    31.8972      7.986     1.1967 1.6880e-11  1024.8025     9.2105    24.6568     7.4870    228.335    9.39000  286.37337     79.733 0.0000e+00
   40.07918  -73.07118     32.409     32.157     9.2097    31.8962      7.986     1.2101 1.6880e-11  1024.7999     9.2063    24.6566     7.4864    228.319    9.39093  286.40298     79.719 0.0000e+00
   40.07918  -73.07118     32.429     32.178     9.2045    31.9016      7.980     1.2101 1.6880e-11  1024.8078     9.2011    24.6616     7.4750    227.971    9.39193  286.43485     79.589 0.0000e+00
   40.07918  -73.07118     32.450     32.198     9.1992    31.9101      7.981     1.2101 1.6880e-11  1024.8180     9.1958    24.6690     7.4682    227.765    9.39311  286.47166     79.507 -9.990e-29
   40.07918  -73.07118     32.450     32.198     9.1963    31.9174      7.981     1.2101 1.6880e-11  1024.8231     9.1929    24.6752     7.4675    227.745    9.39423  286.50561     79.490 -9.990e-29
   40.07918  -73.07118     32.480     32.229     9.1943    31.9223      7.981     1.2101 1.6880e-11  1024.8285     9.1910    24.6794     7.4618    227.569    9.39525  286.53576     79.421 0.0000e+00
   40.07918  -73.07118     32.501     32.249     9.1927    31.9235      7.981     1.2101 1.6880e-11  1024.8309     9.1893    24.6806     7.4562    227.397    9.39625  286.56525     79.353 0.0000e+00
   40.07918  -73.07118     32.511     32.259     9.1912    31.9205      7.981     1.2101 1.6880e-11  1024.8261     9.1878    24.6786     7.4558    227.385    9.39711  286.59089     79.341 0.0000e+00
   40.07918  -73.07118     32.531     32.279     9.1886    31.9174      7.981     1.2101 1.6880e-11  1024.8221     9.1852    24.6765     7.4504    227.219    9.39797  286.61677     79.276 0.0000e+00
   40.07918  -73.07118     32.542     32.290     9.1856    31.9181      7.981     1.2101 1.6880e-11  1024.8235     9.1822    24.6774     7.4390    226.872    9.39876  286.64004     79.149 0.0000e+00
   40.07918  -73.07118     32.571     32.319     9.1830    31.9227      7.981     1.2101 1.6880e-11  1024.8291     9.1796    24.6814     7.4388    226.866    9.39945  286.66057     79.141 -9.990e-29
   40.07918  -73.07118     32.571     32.319     9.1816    31.9281      7.981     1.2101 1.6880e-11  1024.8355     9.1782    24.6858     7.4327    226.678    9.40006  286.67841     79.071 -9.990e-29
   40.07918  -73.07118     32.603     32.350     9.1819    31.9313      7.975     1.2101 1.6880e-11  1024.8375     9.1785    24.6883     7.4267    226.495    9.40074  286.69837     79.001 0.0000e+00
   40.07918  -73.07118     32.612     32.360     9.1827    31.9317      7.975     1.2101 1.6880e-11  1024.8376     9.1793    24.6886     7.4257    226.466    9.40128  286.71426     78.987 0.0000e+00
   40.07918  -73.07118     32.633     32.380     9.1836    31.9292      7.975     1.2101 1.6880e-11  1024.8371     9.1802    24.6865     7.4197    226.280    9.40178  286.72939     78.918 0.0000e+00
   40.07918  -73.07118     32.654     32.401     9.1847    31.9233      7.975     1.2101 1.6880e-11  1024.8303     9.1812    24.6818     7.4135    226.092    9.40221  286.74209     78.848 0.0000e+00
   40.07918  -73.07118     32.663     32.410     9.1836    31.9166      7.975     1.2101 1.6880e-11  1024.8235     9.1802    24.6767     7.4133    226.087    9.40267  286.75578     78.843 0.0000e+00
   40.07918  -73.07118     32.684     32.431     9.1814    31.9136      7.975     1.2101 1.6880e-11  1024.8203     9.1780    24.6746     7.4071    225.897    9.40310  286.76880     78.773 0.0000e+00
   40.07918  -73.07118     32.703     32.450     9.1788    31.9168      7.975     1.2101 1.6880e-11  1024.8232     9.1754    24.6775     7.4008    225.705    9.40352  286.78139     78.703 0.0000e+00
   40.07918  -73.07118     32.735     32.482     9.1767    31.9249      7.975     1.2101 1.6880e-11  1024.8338     9.1732    24.6841     7.4005    225.694    9.40401  286.79611     78.695 -9.990e-29
   40.07918  -73.07118     32.735     32.482     9.1760    31.9322      7.975     1.2101 1.6880e-11  1024.8412     9.1726    24.6899     7.3948    225.522    9.40442  286.80850     78.632 -9.990e-29
   40.07918  -73.07118     32.765     32.512     9.1776    31.9352      7.970     1.1027 1.6880e-11  1024.8423     9.1742    24.6921     7.3891    225.347    9.40487  286.82217     78.567 0.0000e+00
   40.07918  -73.07118     32.775     32.521     9.1795    31.9346      7.970     1.0221 1.6880e-11  1024.8414     9.1761    24.6913     7.3884    225.327    9.40537  286.83740     78.556 0.0000e+00
   40.07918  -73.07118     32.805     32.551     9.1807    31.9300      7.970     1.0087 1.6880e-11  1024.8394     9.1773    24.6876     7.3884    225.325    9.40582  286.85126     78.551 0.0000e+00
   40.07918  -73.07118     32.816     32.562     9.1816    31.9203      7.970     1.0221 1.6880e-11  1024.8307     9.1782    24.6800     7.3770    224.978    9.40630  286.86585     78.426 0.0000e+00
   40.07918  -73.07118     32.847     32.592     9.1809    31.9069      7.970     1.0221 1.6880e-11  1024.8186     9.1775    24.6696     7.3767    224.968    9.40688  286.88347     78.418 0.0000e+00
   40.07918  -73.07118     32.856     32.602     9.1782    31.8939      7.970     1.0221 1.6880e-11  1024.8067     9.1747    24.6599     7.3701    224.767    9.40743  286.90005     78.343 0.0000e+00
   40.07918  -73.07118     32.877     32.622     9.1734    31.8853      7.965     1.0221 1.6880e-11  1024.8010     9.1700    24.6538     7.3693    224.742    9.40797  286.91697     78.330 0.0000e+00
   40.07918  -73.07118     32.909     32.654     9.1673    31.8819      7.965     1.0221 1.6880e-11  1024.8001     9.1639    24.6520     7.3683    224.712    9.40870  286.93923     78.313 0.0000e+00
   40.07918  -73.07118     32.928     32.673     9.1614    31.8827      7.965     1.0221 1.6880e-11  1024.8014     9.1580    24.6536     7.3626    224.538    9.40933  286.95871     78.247 0.0000e+00
   40.07918  -73.07118     32.949     32.693     9.1551    31.8874      7.965     1.0221 1.6880e-11  1024.8067     9.1516    24.6581     7.3565    224.352    9.40989  286.97563     78.178 0.0000e+00
   40.07918  -73.07118     32.968     32.713     9.1492    31.8943      7.965     1.0221 1.6880e-11  1024.8150     9.1458    24.6645     7.3561    224.341    9.41058  286.99613     78.169 0.0000e+00
