CalculateIndicators/WaterTemperature/Data/CTD_NYOS/20240426_C07.cnv
* Sea-Bird SBE 9 Data File:
* FileName = C:\Seabird 9 CTD\Data\2024\202404_offshore\20240426_C07.hex
* Software Version Seasave V 7.23.2
* Temperature SN = 4590
* Conductivity SN = 3228
* Number of Bytes Per Scan = 44
* Number of Voltage Words = 5
* Number of Scans Averaged by the Deck Unit = 1
* NMEA Latitude = 39 50.38 N
* NMEA Longitude = 072 54.65 W
* NMEA UTC (Time) = Apr 26 2024  19:08:42
* NMEA baud rate = 4800
** Ship: Seawolf
** Station: 8.4
** Operator: TCM
# nquan = 18
# nvalues = 13931                       
# units = specified
# name 0 = latitude: Latitude [deg]
# name 1 = longitude: Longitude [deg]
# name 2 = prDM: Pressure, Digiquartz [db]
# name 3 = depSM: Depth [salt water, m]
# name 4 = t090C: Temperature [ITS-90, deg C]
# name 5 = sal00: Salinity, Practical [PSU]
# name 6 = ph: pH
# name 7 = flECO-AFL: Fluorescence, WET Labs ECO-AFL/FL [mg/m^3]
# name 8 = cpar: CPAR/Corrected Irradiance [%]
# name 9 = density00: Density [density, kg/m^3]
# name 10 = potemp090C: Potential Temperature [ITS-90, deg C]
# name 11 = sigma-é00: Density [sigma-theta, kg/m^3]
# name 12 = sbeox0Mg/L: Oxygen, SBE 43 [mg/l]
# name 13 = sbox0Mm/Kg: Oxygen, SBE 43 [umol/kg]
# name 14 = oxsolMg/L: Oxygen Saturation, Garcia & Gordon [mg/l]
# name 15 = oxsolMm/Kg: Oxygen Saturation, Garcia & Gordon [umol/kg]
# name 16 = sbeox0PS: Oxygen, SBE 43 [% saturation]
# name 17 = flag:  0.000e+00
# span 0 =   39.83934,   39.83978       
# span 1 =  -72.91188,  -72.91082       
# span 2 =      1.368,     58.954       
# span 3 =      1.357,     58.494       
# span 4 =     6.3140,     8.9951       
# span 5 =    31.4480,    32.1410       
# span 6 =      7.918,      8.090       
# span 7 =     0.0148,     7.0795       
# span 8 = 1.0148e-02, 2.5209e+01       
# span 9 =  1024.3781,  1025.4628       
# span 10 =     6.3092,     8.9948      
# span 11 =    24.3698,    25.2284      
# span 12 =     8.9033,    10.1149      
# span 13 =    271.396,    308.474      
# span 14 =    9.43604,    9.99426      
# span 15 =  287.86205,  304.65062      
# span 16 =     89.094,    104.814      
# span 17 = 0.0000e+00, 0.0000e+00      
# interval = seconds: 0.0416667
# start_time = Apr 26 2024 19:08:44 [System UTC, first data scan.]
# bad_flag = -9.990e-29
*END*
[from data line 8041]
   39.83952 -9.990e-29     23.946     23.761     7.5761    31.8957      8.002     1.4922 1.0492e+00  1025.0063     7.5739    24.8967     9.6425    294.010    9.71887  296.34011     99.214 -9.990e-29
   39.83952 -9.990e-29     23.950     23.765     7.5760    31.8959      8.002     1.4922 1.0521e+00  1025.0067     7.5738    24.8969     9.6421    294.000    9.71884  296.33883     99.211 -9.990e-29
   39.83952 -9.990e-29     23.957     23.772     7.5762    31.8960      8.002     1.4922 1.0492e+00  1025.0066     7.5740    24.8969     9.6477    294.171    9.71887  296.33970     99.268 -9.990e-29
   39.83952 -9.990e-29     23.936     23.752     7.5758    31.8961      8.002     1.4922 1.0492e+00  1025.0067     7.5736    24.8970     9.6476    294.167    9.71887  296.33983     99.267 -9.990e-29
   39.83952 -9.990e-29     23.940     23.756     7.5760    31.8961      8.002     1.4922 1.0462e+00  1025.0067     7.5738    24.8970     9.6542    294.369    9.71883  296.33850     99.336 -9.990e-29
   39.83952 -9.990e-29     23.926     23.742     7.5762    31.8962      8.002     1.5056 1.0462e+00  1025.0065     7.5740    24.8970     9.6491    294.211    9.71892  296.34123     99.281 -9.990e-29
   39.83952 -9.990e-29     23.929     23.745     7.5762    31.8963      8.002     1.4922 1.0462e+00  1025.0069     7.5740    24.8971     9.6541    294.366    9.71894  296.34181     99.333 -9.990e-29
   39.83952 -9.990e-29     23.915     23.731     7.5760    31.8962      8.006     1.4922 1.0462e+00  1025.0069     7.5738    24.8971     9.6543    294.371    9.71890  296.34073     99.335 0.0000e+00
   39.83952 -9.990e-29     23.910     23.726     7.5765    31.8960      8.001     1.4922 1.0453e+00  1025.0063     7.5743    24.8968     9.6541    294.365    9.71888  296.34007     99.334 0.0000e+00
   39.83952 -9.990e-29     23.906     23.722     7.5762    31.8958      8.002     1.4922 1.0483e+00  1025.0062     7.5740    24.8967     9.6545    294.376    9.71883  296.33880     99.338 0.0000e+00
   39.83952 -9.990e-29     23.889     23.705     7.5765    31.8958      8.001     1.4922 1.0512e+00  1025.0061     7.5743    24.8967     9.6545    294.378    9.71885  296.33916     99.338 0.0000e+00
   39.83952 -9.990e-29     23.885     23.701     7.5762    31.8959      8.006     1.4922 1.0542e+00  1025.0065     7.5740    24.8968     9.6595    294.531    9.71882  296.33844     99.390 0.0000e+00
   39.83952 -9.990e-29     23.875     23.691     7.5762    31.8957      8.006     1.5056 1.0632e+00  1025.0060     7.5740    24.8967     9.6527    294.321    9.71890  296.34059     99.319 0.0000e+00
   39.83952 -9.990e-29     23.869     23.685     7.5762    31.8955      8.006     1.4922 1.0752e+00  1025.0057     7.5740    24.8965     9.6578    294.478    9.71885  296.33925     99.372 0.0000e+00
   39.83952 -9.990e-29     23.855     23.671     7.5762    31.8955      8.006     1.4922 1.0783e+00  1025.0058     7.5740    24.8965     9.6573    294.463    9.71887  296.33969     99.367 0.0000e+00
   39.83952 -9.990e-29     23.838     23.655     7.5761    31.8955      8.002     1.4922 1.0936e+00  1025.0058     7.5739    24.8965     9.6564    294.434    9.71886  296.33958     99.357 0.0000e+00
   39.83952 -9.990e-29     23.824     23.641     7.5765    31.8956      8.001     1.4922 1.1122e+00  1025.0056     7.5743    24.8965     9.6551    294.395    9.71885  296.33941     99.344 -9.990e-29
   39.83952 -9.990e-29     23.829     23.645     7.5764    31.8956      8.006     1.4922 1.1154e+00  1025.0058     7.5742    24.8965     9.6544    294.373    9.71886  296.33954     99.337 -9.990e-29
   39.83952 -9.990e-29     23.804     23.620     7.5767    31.8958      8.006     1.4922 1.1280e+00  1025.0056     7.5745    24.8967     9.6606    294.562    9.71893  296.34167     99.400 0.0000e+00
   39.83952 -9.990e-29     23.787     23.604     7.5764    31.8961      8.006     1.4922 1.1473e+00  1025.0061     7.5742    24.8970     9.6611    294.577    9.71898  296.34335     99.404 0.0000e+00
   39.83952 -9.990e-29     23.774     23.590     7.5764    31.8963      8.006     1.5996 1.1538e+00  1025.0061     7.5742    24.8971     9.6612    294.583    9.71905  296.34532     99.405 0.0000e+00
   39.83952 -9.990e-29     23.753     23.570     7.5764    31.8961      8.006     1.6668 1.1570e+00  1025.0058     7.5742    24.8970     9.6611    294.579    9.71915  296.34835     99.403 0.0000e+00
   39.83952 -9.990e-29     23.746     23.563     7.5760    31.8961      8.006     1.6668 1.1669e+00  1025.0056     7.5738    24.8970     9.6605    294.562    9.71914  296.34805     99.397 0.0000e+00
   39.83952 -9.990e-29     23.734     23.551     7.5754    31.8962      8.002     1.6534 1.1702e+00  1025.0060     7.5732    24.8972     9.6658    294.723    9.71910  296.34688     99.452 0.0000e+00
   39.83952 -9.990e-29     23.706     23.523     7.5750    31.8964      8.006     1.6534 1.1735e+00  1025.0060     7.5729    24.8974     9.6655    294.711    9.71911  296.34713     99.448 0.0000e+00
   39.83952 -9.990e-29     23.702     23.519     7.5742    31.8966      8.006     1.6534 1.1801e+00  1025.0060     7.5721    24.8977     9.6658    294.720    9.71921  296.35015     99.450 0.0000e+00
   39.83952 -9.990e-29     23.676     23.493     7.5728    31.8971      8.006     1.6534 1.1834e+00  1025.0068     7.5706    24.8982     9.6690    294.833    9.72269  296.46891     99.448 0.0000e+00
   39.83952 -9.990e-29     23.662     23.480     7.5718    31.8977      8.002     1.6534 1.1868e+00  1025.0071     7.5696    24.8988     9.6670    294.767    9.72118  296.41715     99.443 0.0000e+00
   39.83952 -9.990e-29     23.645     23.463     7.5705    31.8983      8.002     1.6534 1.2070e+00  1025.0080     7.5684    24.8994     9.6646    294.685    9.71952  296.36046     99.435 0.0000e+00
   39.83952 -9.990e-29     23.621     23.439     7.5702    31.8987      8.006     1.6534 1.2173e+00  1025.0082     7.5681    24.8998     9.6632    294.641    9.71927  296.35211     99.423 0.0000e+00
   39.83952 -9.990e-29     23.604     23.422     7.5702    31.8988      8.006     1.6534 1.2173e+00  1025.0081     7.5680    24.8999     9.6617    294.596    9.71929  296.35247     99.407 0.0000e+00
   39.83952 -9.990e-29     23.590     23.409     7.5699    31.8987      8.006     1.6534 1.2311e+00  1025.0080     7.5677    24.8998     9.6597    294.535    9.71914  296.34796     99.388 0.0000e+00
   39.83952 -9.990e-29     23.574     23.392     7.5703    31.8984      8.006     1.6534 1.2415e+00  1025.0077     7.5682    24.8996     9.6646    294.685    9.71906  296.34579     99.439 0.0000e+00
   39.83952 -9.990e-29     23.560     23.379     7.5700    31.8979      8.006     1.6534 1.2451e+00  1025.0072     7.5678    24.8992     9.6640    294.666    9.71911  296.34722     99.433 0.0000e+00
   39.83952 -9.990e-29     23.533     23.351     7.5700    31.8974      8.006     1.6534 1.2415e+00  1025.0068     7.5678    24.8988     9.6630    294.636    9.71916  296.34829     99.422 0.0000e+00
   39.83952 -9.990e-29     23.530     23.349     7.5703    31.8970      8.006     1.6534 1.2381e+00  1025.0062     7.5682    24.8984     9.6563    294.431    9.71912  296.34716     99.353 0.0000e+00
   39.83952 -9.990e-29     23.493     23.312     7.5704    31.8966      8.006     1.6534 1.2381e+00  1025.0057     7.5683    24.8982     9.6546    294.380    9.71902  296.34416     99.337 0.0000e+00
   39.83952 -9.990e-29     23.489     23.308     7.5705    31.8964      8.006     1.6534 1.2346e+00  1025.0056     7.5684    24.8980     9.6599    294.540    9.71895  296.34165     99.392 0.0000e+00
   39.83952 -9.990e-29     23.462     23.282     7.5707    31.8964      8.006     1.6534 1.2276e+00  1025.0054     7.5685    24.8979     9.6584    294.496    9.71874  296.33493     99.380 0.0000e+00
   39.83952 -9.990e-29     23.458     23.278     7.5705    31.8965      8.006     1.6534 1.2242e+00  1025.0055     7.5684    24.8980     9.6573    294.461    9.71823  296.31936     99.373 0.0000e+00
   39.83952 -9.990e-29     23.432     23.252     7.5703    31.8966      8.006     1.6534 1.2242e+00  1025.0055     7.5682    24.8981     9.6556    294.412    9.71753  296.29911     99.363 0.0000e+00
   39.83952 -9.990e-29     23.428     23.247     7.5702    31.8967      8.006     1.6534 1.2242e+00  1025.0056     7.5680    24.8983     9.6541    294.367    9.71720  296.28989     99.351 0.0000e+00
   39.83952 -9.990e-29     23.411     23.231     7.5702    31.8969      8.006     1.6534 1.2207e+00  1025.0057     7.5681    24.8984     9.6528    294.327    9.71723  296.29104     99.337 0.0000e+00
   39.83952 -9.990e-29     23.388     23.208     7.5700    31.8972      8.006     1.6534 1.2207e+00  1025.0059     7.5679    24.8987     9.6512    294.277    9.71722  296.29120     99.320 0.0000e+00
   39.83952 -9.990e-29     23.381     23.201     7.5700    31.8974      8.006     1.6131 1.2207e+00  1025.0060     7.5679    24.8989     9.6496    294.228    9.71745  296.29798     99.301 0.0000e+00
   39.83952 -9.990e-29     23.358     23.178     7.5699    31.8977      8.006     1.5325 1.2173e+00  1025.0061     7.5677    24.8991     9.6487    294.201    9.71775  296.30696     99.289 0.0000e+00
   39.83952 -9.990e-29     23.351     23.171     7.5700    31.8980      8.006     1.5325 1.2162e+00  1025.0063     7.5679    24.8994     9.6537    294.352    9.71788  296.31100     99.339 0.0000e+00
   39.83952 -9.990e-29     23.337     23.157     7.5702    31.8984      8.006     1.5325 1.2128e+00  1025.0064     7.5681    24.8996     9.6468    294.144    9.71805  296.31582     99.267 0.0000e+00
   39.83952 -9.990e-29     23.319     23.140     7.5700    31.8989      8.006     1.5325 1.2128e+00  1025.0068     7.5678    24.9001     9.6514    294.283    9.71827  296.32226     99.312 0.0000e+00
   39.83952 -9.990e-29     23.316     23.137     7.5699    31.8995      8.006     1.5325 1.2128e+00  1025.0075     7.5677    24.9005     9.6502    294.245    9.71833  296.32393     99.299 0.0000e+00
   39.83952 -9.990e-29     23.300     23.120     7.5697    31.8998      8.006     1.5325 1.2162e+00  1025.0076     7.5675    24.9008     9.6487    294.200    9.71836  296.32494     99.283 0.0000e+00
   39.83952 -9.990e-29     23.286     23.107     7.5697    31.8998      8.006     1.5325 1.2207e+00  1025.0075     7.5675    24.9008     9.6479    294.177    9.71849  296.32904     99.274 0.0000e+00
   39.83952 -9.990e-29     23.279     23.100     7.5699    31.8999      8.006     1.5325 1.2207e+00  1025.0075     7.5677    24.9009     9.6469    294.145    9.71859  296.33181     99.262 0.0000e+00
   39.83952 -9.990e-29     23.265     23.086     7.5694    31.9000      8.006     1.5325 1.2242e+00  1025.0078     7.5672    24.9009     9.6527    294.324    9.71859  296.33130     99.322 -9.990e-29
   39.83952 -9.990e-29     23.270     23.090     7.5694    31.9000      8.006     1.5325 1.2242e+00  1025.0076     7.5672    24.9009     9.6456    294.105    9.71828  296.32180     99.252 -9.990e-29
   39.83952 -9.990e-29     23.245     23.066     7.5696    31.8998      8.006     1.5325 1.2242e+00  1025.0071     7.5675    24.9007     9.6508    294.263    9.71804  296.31459     99.308 0.0000e+00
   39.83952 -9.990e-29     23.238     23.059     7.5697    31.8996      8.006     1.5325 1.2311e+00  1025.0072     7.5675    24.9006     9.6446    294.076    9.71817  296.31882     99.243 0.0000e+00
   39.83952 -9.990e-29     23.235     23.056     7.5700    31.8995      8.006     1.5325 1.2346e+00  1025.0068     7.5679    24.9005     9.6495    294.226    9.71816  296.31864     99.294 0.0000e+00
   39.83952 -9.990e-29     23.219     23.040     7.5699    31.8997      8.006     1.5325 1.2381e+00  1025.0070     7.5677    24.9006     9.6489    294.208    9.71817  296.31919     99.288 0.0000e+00
   39.83952  -72.91148     23.215     23.036     7.5699    31.9000      8.006     1.5325 1.2381e+00  1025.0072     7.5677    24.9009     9.6482    294.184    9.71820  296.31999     99.279 0.0000e+00
   39.83952  -72.91148     23.198     23.019     7.5694    31.9002      8.006     1.5325 1.2415e+00  1025.0077     7.5672    24.9011     9.6481    294.184    9.71824  296.32119     99.279 0.0000e+00
   39.83952  -72.91148     23.195     23.017     7.5696    31.9003      8.006     1.5325 1.2415e+00  1025.0074     7.5675    24.9012     9.6471    294.152    9.71835  296.32400     99.267 -9.990e-29
   39.83952  -72.91148     23.198     23.019     7.5695    31.9002      8.006     1.5325 1.2486e+00  1025.0075     7.5674    24.9011     9.6465    294.133    9.71815  296.31791     99.263 -9.990e-29
   39.83952  -72.91148     23.175     22.996     7.5697    31.8999      8.006     1.5325 1.2627e+00  1025.0071     7.5675    24.9009     9.6457    294.108    9.71802  296.31380     99.255 -9.990e-29
   39.83952  -72.91148     23.177     22.999     7.5699    31.8996      8.006     1.5325 1.2663e+00  1025.0067     7.5677    24.9006     9.6384    293.886    9.71788  296.30982     99.182 -9.990e-29
   39.83952  -72.91148     23.164     22.985     7.5699    31.8994      8.006     1.5325 1.2735e+00  1025.0066     7.5677    24.9005     9.6426    294.016    9.71784  296.30895     99.226 0.0000e+00
   39.83952  -72.91148     23.157     22.978     7.5695    31.8994      8.006     1.5325 1.2915e+00  1025.0066     7.5674    24.9005     9.6414    293.977    9.71782  296.30830     99.213 0.0000e+00
   39.83952  -72.91148     23.144     22.966     7.5693    31.8993      8.006     1.5325 1.2952e+00  1025.0065     7.5672    24.9005     9.6410    293.967    9.71792  296.31125     99.209 0.0000e+00
   39.83952  -72.91148     23.137     22.959     7.5691    31.8993      8.006     1.4653 1.3025e+00  1025.0064     7.5669    24.9005     9.6466    294.137    9.71785  296.30953     99.267 -9.990e-29
   39.83952  -72.91148     23.137     22.959     7.5686    31.8994      8.006     1.2236 1.3210e+00  1025.0066     7.5664    24.9006     9.6405    293.952    9.71785  296.30962     99.204 -9.990e-29
   39.83952  -72.91148     23.124     22.946     7.5686    31.8996      8.006     1.1295 1.3322e+00  1025.0067     7.5664    24.9006     9.6396    293.925    9.71788  296.31032     99.195 0.0000e+00
   39.83952  -72.91148     23.106     22.928     7.5686    31.8993      8.006     1.1295 1.3322e+00  1025.0070     7.5664    24.9004     9.6385    293.890    9.71783  296.30853     99.184 0.0000e+00
   39.83952  -72.91148     23.103     22.925     7.5687    31.8970      8.006     1.1430 1.3360e+00  1025.0064     7.5666    24.8987     9.6381    293.877    9.71775  296.30564     99.180 0.0000e+00
   39.83952  -72.91148     23.096     22.918     7.5682    31.8848      8.006     1.1430 1.3397e+00  1025.0067     7.5661    24.8891     9.6438    294.050    9.71761  296.30158     99.240 0.0000e+00
   39.83952  -72.91148     23.082     22.905     7.5685    31.8693      8.006     1.1430 1.3397e+00  1024.9629     7.5663    24.8770     9.6439    294.053    9.71738  296.29428     99.244 0.0000e+00
   39.83952  -72.91148     23.066     22.888     7.5681    31.8728      8.006     1.1430 1.3360e+00  1024.9826     7.5660    24.8797     9.6437    294.049    9.71707  296.28477     99.245 0.0000e+00
   39.83952  -72.91148     23.063     22.885     7.5679    31.8883      8.006     1.1430 1.3360e+00  1025.0036     7.5658    24.8920     9.6497    294.231    9.71676  296.27539     99.310 0.0000e+00
   39.83952  -72.91148     23.056     22.879     7.5679    31.8971      8.006     1.1430 1.3322e+00  1025.0066     7.5658    24.8989     9.6439    294.054    9.71651  296.26871     99.252 0.0000e+00
   39.83952  -72.91148     23.042     22.865     7.5677    31.8993      8.006     1.1430 1.3435e+00  1025.0068     7.5656    24.9006     9.6499    294.239    9.71664  296.27277     99.314 0.0000e+00
