CalculateIndicators/WaterTemperature/Data/CTD_NYOS/20240708_C04.cnv
* Sea-Bird SBE 9 Data File:
* FileName = C:\Seabird 9 CTD\Data\2024\202407_offshore\20240708_C04.hex
* Software Version Seasave V 7.23.2
* Temperature SN = 4590
* Conductivity SN = 3228
* Number of Bytes Per Scan = 44
* Number of Voltage Words = 5
* Number of Scans Averaged by the Deck Unit = 1
* NMEA Latitude = 40 33.13 N
* NMEA Longitude = 073 24.24 W
* NMEA UTC (Time) = Jul 08 2024  19:01:33
* NMEA baud rate = 4800
** Ship: seawolf
** Station: 8.1
** Operator: tcm
# nquan = 18
# nvalues = 7907                        
# units = specified
# name 0 = latitude: Latitude [deg]
# name 1 = longitude: Longitude [deg]
# name 2 = prDM: Pressure, Digiquartz [db]
# name 3 = depSM: Depth [salt water, m]
# name 4 = t090C: Temperature [ITS-90, deg C]
# name 5 = sal00: Salinity, Practical [PSU]
# name 6 = ph: pH
# name 7 = flECO-AFL: Fluorescence, WET Labs ECO-AFL/FL [mg/m^3]
# name 8 = cpar: CPAR/Corrected Irradiance [%]
# name 9 = density00: Density [density, kg/m^3]
# name 10 = potemp090C: Potential Temperature [ITS-90, deg C]
# name 11 = sigma-é00: Density [sigma-theta, kg/m^3]
# name 12 = sbeox0Mg/L: Oxygen, SBE 43 [mg/l]
# name 13 = sbox0Mm/Kg: Oxygen, SBE 43 [umol/kg]
# name 14 = oxsolMg/L: Oxygen Saturation, Garcia & Gordon [mg/l]
# name 15 = oxsolMm/Kg: Oxygen Saturation, Garcia & Gordon [umol/kg]
# name 16 = sbeox0PS: Oxygen, SBE 43 [% saturation]
# name 17 = flag:  0.000e+00
# span 0 =   40.55218,   40.55288       
# span 1 =  -73.40408,  -73.40358       
# span 2 =      1.755,     18.437       
# span 3 =      1.742,     18.294       
# span 4 =    13.0867,    23.3921       
# span 5 =    29.6498,    30.9567       
# span 6 =      7.722,      8.021       
# span 7 =     0.8475,     2.9427       
# span 8 = 3.2270e-02, 1.3086e+02       
# span 9 =  1019.8332,  1023.2441       
# span 10 =    13.0843,    23.3916      
# span 11 =    19.9204,    23.1569      
# span 12 =     6.1922,     9.0637      
# span 13 =    189.159,    277.465      
# span 14 =    7.15852,    8.68246      
# span 15 =  219.28615,  265.20569      
# span 16 =     71.581,    122.928      
# span 17 = 0.0000e+00, 0.0000e+00      
# interval = seconds: 0.0416667
# start_time = Jul 08 2024 19:01:36 [System UTC, first data scan.]
# bad_flag = -9.990e-29
*END*
[from data line 3699]
   40.55250  -73.40388      6.874      6.821    18.5069    30.1836      7.762     2.7816 6.0983e+00  1021.4960    18.5058    21.4655     7.9620    243.589    7.82177  239.29771    101.793 -9.990e-29
   40.55250  -73.40388      6.874      6.821    18.5082    30.1840      7.762     2.7816 6.0983e+00  1021.4958    18.5070    21.4656     7.9621    243.590    7.82167  239.29446    101.795 -9.990e-29
   40.55250  -73.40388      6.863      6.810    18.5092    30.1840      7.762     2.7816 6.1155e+00  1021.4951    18.5081    21.4653     7.9621    243.592    7.82152  239.28994    101.798 -9.990e-29
   40.55250  -73.40388      6.856      6.803    18.5099    30.1842      7.762     2.7816 6.1327e+00  1021.4954    18.5087    21.4653     7.9623    243.596    7.82139  239.28598    101.801 -9.990e-29
   40.55250  -73.40388      6.863      6.810    18.5106    30.1845      7.762     2.7816 6.1327e+00  1021.4953    18.5094    21.4653     7.9625    243.602    7.82128  239.28271    101.805 -9.990e-29
   40.55250  -73.40388      6.844      6.791    18.5109    30.1845      7.762     2.7816 6.1500e+00  1021.4952    18.5098    21.4652     7.9628    243.612    7.82122  239.28100    101.810 -9.990e-29
   40.55250  -73.40388      6.833      6.780    18.5115    30.1847      7.762     2.7816 6.1847e+00  1021.4948    18.5103    21.4652     7.9626    243.608    7.82110  239.27755    101.810 -9.990e-29
   40.55250  -73.40388      6.836      6.783    18.5120    30.1851      7.762     2.7816 6.1847e+00  1021.4954    18.5108    21.4654     7.9630    243.620    7.82103  239.27555    101.816 -9.990e-29
   40.55250  -73.40388      6.833      6.780    18.5126    30.1856      7.762     2.7816 6.2021e+00  1021.4958    18.5115    21.4656     7.9636    243.638    7.82108  239.27735    101.822 -9.990e-29
   40.55250  -73.40388      6.823      6.771    18.5134    30.1857      7.762     2.7816 6.2371e+00  1021.4953    18.5122    21.4655     7.9646    243.669    7.82112  239.27841    101.835 -9.990e-29
   40.55250  -73.40388      6.814      6.761    18.5142    30.1857      7.762     2.7950 6.2547e+00  1021.4950    18.5131    21.4654     7.9700    243.832    7.82116  239.27984    101.903 -9.990e-29
   40.55250  -73.40388      6.803      6.750    18.5149    30.1861      7.762     2.7816 6.2547e+00  1021.4951    18.5138    21.4655     7.9665    243.725    7.82122  239.28176    101.857 -9.990e-29
   40.55250  -73.40388      6.805      6.753    18.5153    30.1870      7.762     2.7816 6.2899e+00  1021.4956    18.5141    21.4660     7.9672    243.748    7.82125  239.28282    101.866 -9.990e-29
   40.55250  -73.40388      6.793      6.741    18.5158    30.1884      7.762     2.7816 6.3077e+00  1021.4967    18.5147    21.4669     7.9675    243.758    7.82124  239.28210    101.871 -9.990e-29
   40.55250  -73.40388      6.782      6.730    18.5168    30.1895      7.762     2.7816 6.3077e+00  1021.4976    18.5157    21.4675     7.9684    243.783    7.82125  239.28248    101.881 -9.990e-29
   40.55250  -73.40388      6.782      6.730    18.5180    30.1895      7.762     2.7816 6.3433e+00  1021.4976    18.5169    21.4675     7.9688    243.798    7.82130  239.28386    101.886 -9.990e-29
   40.55250  -73.40388      6.775      6.723    18.5196    30.1895      7.762     2.7816 6.3611e+00  1021.4967    18.5185    21.4669     7.9694    243.814    7.82139  239.28656    101.892 -9.990e-29
   40.55250  -73.40388      6.773      6.720    18.5214    30.1887      7.762     2.7816 6.3611e+00  1021.4956    18.5202    21.4660     7.9745    243.972    7.82139  239.28688    101.958 -9.990e-29
   40.55250  -73.40388      6.763      6.711    18.5227    30.1878      7.762     2.7816 6.3790e+00  1021.4944    18.5216    21.4649     7.9709    243.863    7.82153  239.29120    101.910 -9.990e-29
   40.55250  -73.40388      6.752      6.700    18.5243    30.1867      7.762     2.7816 6.3970e+00  1021.4932    18.5232    21.4637     7.9763    244.028    7.82172  239.29758    101.977 -9.990e-29
   40.55250  -73.40388      6.755      6.702    18.5252    30.1858      7.762     2.7816 6.3970e+00  1021.4921    18.5240    21.4628     7.9729    243.923    7.82195  239.30486    101.930 -9.990e-29
   40.55250  -73.40388      6.742      6.690    18.5262    30.1852      7.762     2.7816 6.4150e+00  1021.4914    18.5251    21.4621     7.9784    244.092    7.82222  239.31284    101.997 -9.990e-29
   40.55250  -73.40388      6.742      6.690    18.5266    30.1847      7.762     2.7816 6.4331e+00  1021.4913    18.5254    21.4616     7.9797    244.130    7.82242  239.31881    102.011 -9.990e-29
   40.55250  -73.40388      6.733      6.681    18.5273    30.1843      7.762     2.7816 6.4331e+00  1021.4901    18.5261    21.4611     7.9805    244.154    7.82258  239.32340    102.018 -9.990e-29
   40.55250  -73.40388      6.735      6.683    18.5271    30.1842      7.762     2.7816 6.4512e+00  1021.4904    18.5259    21.4609     7.9863    244.333    7.82274  239.32803    102.091 -9.990e-29
   40.55250  -73.40388      6.722      6.670    18.5274    30.1842      7.762     2.7816 6.4694e+00  1021.4904    18.5263    21.4609     7.9875    244.367    7.82282  239.33013    102.105 -9.990e-29
   40.55250  -73.40388      6.722      6.670    18.5276    30.1842      7.762     2.7816 6.4694e+00  1021.4902    18.5265    21.4608     7.9839    244.259    7.82291  239.33274    102.058 -9.990e-29
   40.55250  -73.40388      6.712      6.660    18.5278    30.1842      7.762     2.7816 6.4694e+00  1021.4897    18.5267    21.4607     7.9846    244.280    7.82299  239.33569    102.066 -9.990e-29
   40.55250  -73.40388      6.715      6.663    18.5274    30.1843      7.762     2.7816 6.4929e+00  1021.4901    18.5263    21.4610     7.9853    244.300    7.82304  239.33717    102.074 -9.990e-29
   40.55250  -73.40388      6.712      6.660    18.5273    30.1851      7.762     2.7681 6.4876e+00  1021.4912    18.5261    21.4616     7.9860    244.322    7.82315  239.34081    102.081 -9.990e-29
   40.55250  -73.40388      6.702      6.651    18.5274    30.1851      7.762     2.7681 6.4929e+00  1021.4916    18.5263    21.4619     7.9867    244.344    7.82328  239.34472    102.089 -9.990e-29
   40.55250  -73.40388      6.691      6.640    18.5278    30.1851      7.762     2.7547 6.4929e+00  1021.4910    18.5267    21.4618     7.9874    244.365    7.82338  239.34795    102.096 -9.990e-29
   40.55250  -73.40388      6.705      6.653    18.5281    30.1851      7.762     2.7547 6.5112e+00  1021.4907    18.5270    21.4615     7.9928    244.531    7.82354  239.35264    102.163 -9.990e-29
   40.55250  -73.40388      6.702      6.651    18.5281    30.1849      7.762     2.7547 6.5112e+00  1021.4906    18.5270    21.4613     7.9889    244.410    7.82369  239.35701    102.111 -9.990e-29
   40.55250  -73.40388      6.691      6.640    18.5283    30.1848      7.762     2.7681 6.5112e+00  1021.4904    18.5272    21.4612     7.9896    244.431    7.82383  239.36089    102.118 -9.990e-29
   40.55250  -73.40388      6.691      6.640    18.5285    30.1848      7.762     2.7547 6.5112e+00  1021.4905    18.5273    21.4612     7.9898    244.437    7.82390  239.36240    102.120 -9.990e-29
   40.55250  -73.40388      6.685      6.633    18.5286    30.1846      7.762     2.7547 6.5112e+00  1021.4903    18.5275    21.4610     7.9946    244.584    7.82397  239.36413    102.181 -9.990e-29
   40.55250  -73.40388      6.682      6.630    18.5288    30.1846      7.762     2.7547 6.5112e+00  1021.4898    18.5277    21.4609     7.9951    244.599    7.82396  239.36385    102.187 -9.990e-29
   40.55250  -73.40388      6.691      6.640    18.5286    30.1846      7.762     2.7547 6.5112e+00  1021.4902    18.5275    21.4609     7.9954    244.609    7.82385  239.36059    102.193 -9.990e-29
   40.55250  -73.40388      6.682      6.630    18.5292    30.1848      7.762     2.7547 6.5112e+00  1021.4901    18.5280    21.4610     7.9956    244.617    7.82367  239.35560    102.198 -9.990e-29
   40.55250  -73.40388      6.685      6.633    18.5294    30.1851      7.762     2.7547 6.5112e+00  1021.4904    18.5282    21.4612     7.9959    244.624    7.82353  239.35134    102.203 -9.990e-29
   40.55250  -73.40388      6.682      6.630    18.5295    30.1851      7.762     2.7547 6.4982e+00  1021.4908    18.5284    21.4614     7.9914    244.487    7.82338  239.34682    102.148 -9.990e-29
   40.55250  -73.40388      6.671      6.619    18.5297    30.1851      7.762     2.7681 6.4982e+00  1021.4907    18.5286    21.4612     7.9958    244.623    7.82324  239.34250    102.206 -9.990e-29
   40.55250  -73.40388      6.682      6.630    18.5302    30.1847      7.762     2.7547 6.4982e+00  1021.4898    18.5291    21.4607     7.9955    244.612    7.82304  239.33609    102.204 -9.990e-29
   40.55250  -73.40388      6.685      6.633    18.5300    30.1843      7.767     2.7547 6.4800e+00  1021.4894    18.5289    21.4603     7.9956    244.614    7.82290  239.33152    102.207 -9.990e-29
   40.55250  -73.40388      6.671      6.619    18.5299    30.1843      7.762     2.7681 6.4800e+00  1021.4891    18.5288    21.4602     7.9952    244.604    7.82280  239.32809    102.204 -9.990e-29
   40.55250  -73.40388      6.682      6.630    18.5294    30.1843      7.767     2.7547 6.4800e+00  1021.4894    18.5282    21.4605     7.9953    244.604    7.82267  239.32422    102.206 -9.990e-29
   40.55250  -73.40388      6.671      6.619    18.5290    30.1852      7.762     2.7547 6.4800e+00  1021.4903    18.5279    21.4613     7.9998    244.743    7.82246  239.31745    102.267 -9.990e-29
   40.55250  -73.40388      6.674      6.622    18.5286    30.1865      7.762     2.7681 6.4618e+00  1021.4918    18.5275    21.4624     7.9951    244.600    7.82239  239.31503    102.208 -9.990e-29
   40.55250  -73.40388      6.671      6.619    18.5290    30.1876      7.767     2.7681 6.4671e+00  1021.4925    18.5279    21.4631     7.9904    244.455    7.82231  239.31254    102.149 -9.990e-29
   40.55250  -73.40388      6.682      6.630    18.5299    30.1879      7.762     2.7547 6.4489e+00  1021.4926    18.5287    21.4633     7.9946    244.582    7.82225  239.31069    102.203 -9.990e-29
   40.55250  -73.40388      6.671      6.619    18.5306    30.1879      7.767     2.7547 6.4489e+00  1021.4928    18.5294    21.4633     7.9944    244.578    7.82213  239.30762    102.202 -9.990e-29
   40.55250  -73.40388      6.664      6.612    18.5316    30.1879      7.762     2.7547 6.4489e+00  1021.4919    18.5305    21.4627     7.9942    244.572    7.82202  239.30449    102.201 -9.990e-29
   40.55250  -73.40388      6.671      6.619    18.5323    30.1872      7.767     2.7681 6.4489e+00  1021.4911    18.5312    21.4620     7.9986    244.708    7.82190  239.30124    102.259 -9.990e-29
   40.55250  -73.40388      6.671      6.619    18.5332    30.1867      7.767     2.7681 6.4489e+00  1021.4907    18.5320    21.4615     7.9989    244.716    7.82191  239.30165    102.263 -9.990e-29
   40.55250  -73.40388      6.661      6.610    18.5337    30.1863      7.762     2.7681 6.4489e+00  1021.4903    18.5326    21.4610     7.9991    244.724    7.82194  239.30249    102.265 -9.990e-29
   40.55250  -73.40388      6.674      6.622    18.5337    30.1856      7.767     2.7681 6.4542e+00  1021.4895    18.5326    21.4605     7.9947    244.587    7.82197  239.30373    102.208 -9.990e-29
   40.55250  -73.40388      6.661      6.610    18.5335    30.1850      7.767     2.7681 6.4724e+00  1021.4894    18.5324    21.4600     7.9944    244.580    7.82201  239.30499    102.204 -9.990e-29
   40.55250  -73.40388      6.661      6.610    18.5335    30.1844      7.762     2.7681 6.4724e+00  1021.4887    18.5324    21.4596     7.9988    244.715    7.82211  239.30838    102.259 -9.990e-29
   40.55250  -73.40388      6.661      6.610    18.5333    30.1844      7.767     2.7681 6.4724e+00  1021.4882    18.5322    21.4593     7.9948    244.591    7.82223  239.31192    102.206 -9.990e-29
   40.55250  -73.40388      6.654      6.603    18.5332    30.1844      7.767     2.7681 6.4724e+00  1021.4881    18.5320    21.4593     7.9990    244.720    7.82223  239.31115    102.260 -9.990e-29
   40.55250  -73.40388      6.661      6.610    18.5330    30.1844      7.767     2.7681 6.4724e+00  1021.4888    18.5319    21.4597     7.9989    244.716    7.82215  239.30797    102.260 -9.990e-29
   40.55250  -73.40388      6.652      6.600    18.5326    30.1849      7.767     2.7681 6.4959e+00  1021.4895    18.5315    21.4602     8.0032    244.847    7.82191  239.30016    102.318 -9.990e-29
   40.55250  -73.40388      6.652      6.600    18.5323    30.1849      7.767     2.7681 6.5142e+00  1021.4897    18.5312    21.4605     7.9985    244.702    7.82157  239.28967    102.262 -9.990e-29
   40.55250  -73.40388      6.654      6.603    18.5316    30.1849      7.767     2.7681 6.5142e+00  1021.4900    18.5305    21.4604     7.9979    244.686    7.82124  239.28065    102.259 -9.990e-29
   40.55250  -73.40388      6.641      6.589    18.5320    30.1840      7.767     2.7681 6.5326e+00  1021.4890    18.5308    21.4597     8.0022    244.820    7.82118  239.28010    102.315 -9.990e-29
   40.55250  -73.40388      6.641      6.589    18.5316    30.1824      7.767     2.7681 6.5510e+00  1021.4878    18.5305    21.4585     7.9982    244.698    7.82130  239.28498    102.262 -9.990e-29
   40.55250  -73.40388      6.641      6.589    18.5311    30.1806      7.767     2.7681 6.5510e+00  1021.4860    18.5300    21.4574     8.0027    244.836    7.82152  239.29183    102.317 -9.990e-29
   40.55250  -73.40388      6.634      6.582    18.5299    30.1797      7.767     2.7681 6.5694e+00  1021.4853    18.5288    21.4568     8.0035    244.860    7.82184  239.30168    102.323 -9.990e-29
   40.55250  -73.40388      6.631      6.580    18.5281    30.1797      7.767     2.7681 6.6119e+00  1021.4857    18.5270    21.4570     8.0037    244.864    7.82205  239.30801    102.322 -9.990e-29
   40.55250  -73.40388      6.631      6.580    18.5266    30.1797      7.767     2.7681 6.6119e+00  1021.4866    18.5254    21.4577     8.0087    245.018    7.82213  239.31020    102.385 -9.990e-29
   40.55250  -73.40388      6.621      6.570    18.5252    30.1806      7.767     2.7681 6.6305e+00  1021.4876    18.5241    21.4587     8.0048    244.898    7.82221  239.31203    102.334 -9.990e-29
   40.55250  -73.40388      6.613      6.562    18.5238    30.1816      7.767     2.7681 6.6679e+00  1021.4887    18.5227    21.4598     8.0097    245.048    7.82228  239.31429    102.396 -9.990e-29
   40.55250  -73.40388      6.610      6.559    18.5227    30.1822      7.767     2.7681 6.6867e+00  1021.4902    18.5216    21.4609     8.0060    244.935    7.82229  239.31380    102.349 -9.990e-29
   40.55250  -73.40388      6.610      6.559    18.5219    30.1822      7.767     2.7681 6.7055e+00  1021.4909    18.5208    21.4612     8.0063    244.943    7.82208  239.30596    102.355 -9.990e-29
   40.55250  -73.40388      6.601      6.550    18.5219    30.1822      7.767     2.7681 6.7434e+00  1021.4895    18.5208    21.4607     8.0060    244.931    7.82170  239.29341    102.356 -9.990e-29
   40.55250  -73.40388      6.603      6.552    18.5219    30.1812      7.767     2.7681 6.7870e+00  1021.4889    18.5207    21.4600     8.0102    245.058    7.82125  239.27867    102.415 -9.990e-29
   40.55250  -73.40388      6.590      6.539    18.5214    30.1805      7.762     2.7681 6.7870e+00  1021.4882    18.5203    21.4596     8.0097    245.045    7.82051  239.25580    102.420 -9.990e-29
   40.55250  -73.40388      6.590      6.539    18.5207    30.1802      7.767     2.7681 6.8638e+00  1021.4881    18.5195    21.4594     8.0093    245.032    7.81984  239.23580    102.423 -9.990e-29
