CalculateIndicators/WaterTemperature/Data/CTD_NYOS/20240429_C31.cnv
* Sea-Bird SBE 9 Data File:
* FileName = C:\Seabird 9 CTD\Data\2024\202404_offshore\20240429_C31.hex
* Software Version Seasave V 7.23.2
* Temperature SN = 4590
* Conductivity SN = 3228
* Number of Bytes Per Scan = 44
* Number of Voltage Words = 5
* Number of Scans Averaged by the Deck Unit = 1
* NMEA Latitude = 40 06.86 N
* NMEA Longitude = 071 39.98 W
* NMEA UTC (Time) = Apr 29 2024  07:47:19
* NMEA baud rate = 4800
** Ship: Seawolf
** Station: 11.5
** Operator: TDK
# nquan = 18
# nvalues = 17373                       
# units = specified
# name 0 = latitude: Latitude [deg]
# name 1 = longitude: Longitude [deg]
# name 2 = prDM: Pressure, Digiquartz [db]
# name 3 = depSM: Depth [salt water, m]
# name 4 = t090C: Temperature [ITS-90, deg C]
# name 5 = sal00: Salinity, Practical [PSU]
# name 6 = ph: pH
# name 7 = flECO-AFL: Fluorescence, WET Labs ECO-AFL/FL [mg/m^3]
# name 8 = cpar: CPAR/Corrected Irradiance [%]
# name 9 = density00: Density [density, kg/m^3]
# name 10 = potemp090C: Potential Temperature [ITS-90, deg C]
# name 11 = sigma-é00: Density [sigma-theta, kg/m^3]
# name 12 = sbeox0Mg/L: Oxygen, SBE 43 [mg/l]
# name 13 = sbox0Mm/Kg: Oxygen, SBE 43 [umol/kg]
# name 14 = oxsolMg/L: Oxygen Saturation, Garcia & Gordon [mg/l]
# name 15 = oxsolMm/Kg: Oxygen Saturation, Garcia & Gordon [umol/kg]
# name 16 = sbeox0PS: Oxygen, SBE 43 [% saturation]
# name 17 = flag:  0.000e+00
# span 0 =   40.11428,   40.11434       
# span 1 =  -71.66644,  -71.66512       
# span 2 =      1.679,     80.066       
# span 3 =      1.666,     79.436       
# span 4 =     6.0498,     7.8282       
# span 5 =    32.0006,    32.1998       
# span 6 =      7.960,      8.038       
# span 7 =    -0.0121,     1.6131       
# span 8 = 2.5320e-11, 9.9999e+04       
# span 9 =  1025.0231,  1025.7042       
# span 10 =     6.0444,     7.8280      
# span 11 =    25.0095,    25.3348      
# span 12 =     9.3619,    10.2217      
# span 13 =    285.335,    311.633      
# span 14 =    9.64968,   10.04876      
# span 15 =  294.19725,  306.27602      
# span 16 =     93.203,    105.686      
# span 17 = 0.0000e+00, 0.0000e+00      
# interval = seconds: 0.0416667
# start_time = Apr 29 2024 07:47:17 [System UTC, first data scan.]
# bad_flag = -9.990e-29
*END*
[from data line 1046]
   40.11434  -71.66638      9.858      9.782     7.8150    32.0918 -9.990e-29     1.4519 5.0640e-11  1025.0622     7.8140    25.0170    10.1439    309.265    9.65391  294.32619    105.076 0.0000e+00
   40.11434  -71.66638      9.897      9.821     7.8153    32.0920 -9.990e-29     1.4250 5.0640e-11  1025.0626     7.8144    25.0172    10.1456    309.316    9.65423  294.33655    105.089 0.0000e+00
   40.11434  -71.66638      9.928      9.851     7.8155    32.0920 -9.990e-29     1.4250 5.0640e-11  1025.0629     7.8146    25.0172    10.1539    309.571    9.65500  294.36106    105.167 0.0000e+00
   40.11434  -71.66638      9.948      9.872     7.8155    32.0917 -9.990e-29     1.4250 5.0640e-11  1025.0624     7.8145    25.0170    10.1496    309.442    9.65570  294.38229    105.116 0.0000e+00
   40.11434  -71.66638     10.009      9.932     7.8154    32.0914 -9.990e-29     1.4250 5.0640e-11  1025.0625     7.8145    25.0167    10.1514    309.495    9.65623  294.39771    105.128 0.0000e+00
   40.11434  -71.66638     10.020      9.943     7.8152    32.0909 -9.990e-29     1.4250 5.0640e-11  1025.0627     7.8142    25.0164    10.1395    309.132    9.65646  294.40437    105.002 0.0000e+00
   40.11434  -71.66638     10.064      9.986     7.8152    32.0898 -9.990e-29     1.4250 5.0640e-11  1025.0617     7.8142    25.0155    10.1391    309.117    9.65664  294.40977    104.996 0.0000e+00
   40.11434  -71.66638     10.090     10.012     7.8142    32.0886 -9.990e-29     1.4250 5.0640e-11  1025.0600     7.8132    25.0147    10.1501    309.455    9.65688  294.41664    105.108 0.0000e+00
   40.11434  -71.66638     10.141     10.063     7.8128    32.0884 -9.990e-29     1.4250 5.0640e-11  1025.0610     7.8119    25.0148    10.1504    309.462    9.65697  294.41902    105.109 0.0000e+00
   40.11434  -71.66638     10.161     10.083     7.8117    32.0891 -9.990e-29     1.4250 5.0640e-11  1025.0616     7.8108    25.0155    10.1505    309.466    9.65704  294.42116    105.110 0.0000e+00
   40.11434  -71.66638     10.201     10.123     7.8111    32.0905 -9.990e-29     1.4250 5.0640e-11  1025.0632     7.8101    25.0166    10.1505    309.466    9.65706  294.42195    105.110 0.0000e+00
   40.11434  -71.66638     10.232     10.153     7.8115    32.0919 -9.990e-29     1.4250 5.0640e-11  1025.0649     7.8106    25.0176    10.1506    309.470    9.65726  294.42782    105.109 0.0000e+00
   40.11434  -71.66638     10.273     10.194     7.8119    32.0926 -9.990e-29     1.4250 5.0640e-11  1025.0654     7.8110    25.0181    10.1505    309.466    9.65729  294.42879    105.107 0.0000e+00
   40.11434  -71.66638     10.303     10.224     7.8126    32.0926 -9.990e-29     1.4250 5.0640e-11  1025.0653     7.8116    25.0181    10.1512    309.486    9.65725  294.42739    105.114 0.0000e+00
   40.11434  -71.66638     10.333     10.254     7.8127    32.0920 -9.990e-29     1.4250 5.0640e-11  1025.0652     7.8117    25.0176    10.1509    309.477    9.65727  294.42764    105.112 0.0000e+00
   40.11434  -71.66638     10.364     10.284     7.8130    32.0913 -9.990e-29     1.4250 5.0640e-11  1025.0639     7.8121    25.0170    10.1504    309.463    9.65718  294.42502    105.108 0.0000e+00
   40.11434  -71.66638     10.405     10.325     7.8127    32.0910 -9.990e-29     1.4250 5.0640e-11  1025.0641     7.8117    25.0168    10.1500    309.450    9.65718  294.42512    105.103 0.0000e+00
   40.11434  -71.66638     10.435     10.355     7.8122    32.0914 -9.990e-29     1.4250 5.0640e-11  1025.0649     7.8112    25.0172    10.1494    309.431    9.65706  294.42123    105.098 0.0000e+00
   40.11434  -71.66638     10.456     10.375     7.8121    32.0918 -9.990e-29     1.4250 5.0640e-11  1025.0658     7.8111    25.0174    10.1497    309.441    9.65704  294.42066    105.102 0.0000e+00
   40.11434  -71.66638     10.486     10.405     7.8126    32.0916 -9.990e-29     1.4250 5.0640e-11  1025.0652     7.8116    25.0172    10.1488    309.412    9.65677  294.41216    105.095 0.0000e+00
   40.11434  -71.66638     10.526     10.445     7.8127    32.0912 -9.990e-29     1.4250 5.0640e-11  1025.0650     7.8117    25.0170    10.1485    309.404    9.65635  294.39883    105.097 0.0000e+00
   40.11434  -71.66638     10.556     10.475     7.8121    32.0907 -9.990e-29     1.4250 5.0640e-11  1025.0655     7.8111    25.0166    10.1478    309.381    9.65555  294.37416    105.098 0.0000e+00
   40.11434  -71.66638     10.586     10.505     7.8126    32.0896 -9.990e-29     1.4250 5.0640e-11  1025.0641     7.8116    25.0158    10.1462    309.334    9.65485  294.35274    105.089 0.0000e+00
   40.11434  -71.66638     10.607     10.525     7.8117    32.0886 -9.990e-29     1.4250 5.0640e-11  1025.0630     7.8107    25.0151    10.1468    309.352    9.65452  294.34311    105.099 0.0000e+00
   40.11434  -71.66638     10.637     10.555     7.8105    32.0886 -9.990e-29     1.4250 5.0640e-11  1025.0636     7.8095    25.0152    10.1459    309.323    9.65442  294.34052    105.090 0.0000e+00
   40.11434  -71.66638     10.678     10.596     7.8093    32.0891 -9.990e-29     1.3982 5.0640e-11  1025.0650     7.8083    25.0158    10.1459    309.326    9.65449  294.34309    105.090 0.0000e+00
   40.11434  -71.66638     10.698     10.615     7.8091    32.0896 -9.990e-29     1.3982 5.0640e-11  1025.0649     7.8081    25.0162    10.1460    309.328    9.65457  294.34555    105.090 0.0000e+00
   40.11434  -71.66638     10.718     10.636     7.8086    32.0901 -9.990e-29     1.3982 5.0640e-11  1025.0657     7.8076    25.0167    10.1450    309.298    9.65456  294.34501    105.080 0.0000e+00
   40.11434  -71.66638     10.748     10.666     7.8086    32.0906 -9.990e-29     1.3982 5.0640e-11  1025.0664     7.8076    25.0171    10.1455    309.312    9.65428  294.33660    105.088 0.0000e+00
   40.11434  -71.66638     10.790     10.707     7.8086    32.0910 -9.990e-29     1.3982 5.0640e-11  1025.0668     7.8076    25.0174    10.1441    309.270    9.65401  294.32866    105.076 0.0000e+00
   40.11434  -71.66638     10.809     10.726     7.8090    32.0915 -9.990e-29     1.3982 5.0640e-11  1025.0667     7.8079    25.0177    10.1437    309.259    9.65386  294.32430    105.074 0.0000e+00
   40.11434  -71.66638     10.830     10.746     7.8092    32.0922 -9.990e-29     1.3982 5.0640e-11  1025.0681     7.8081    25.0182    10.1443    309.278    9.65384  294.32404    105.081 0.0000e+00
   40.11434  -71.66638     10.860     10.776     7.8096    32.0926 -9.990e-29     1.3982 5.0640e-11  1025.0686     7.8086    25.0185    10.1452    309.306    9.65405  294.33028    105.088 0.0000e+00
   40.11434  -71.66638     10.880     10.797     7.8104    32.0925 -9.990e-29     1.3982 5.0640e-11  1025.0678     7.8093    25.0183    10.1443    309.276    9.65426  294.33716    105.076 0.0000e+00
   40.11434  -71.66638     10.911     10.827     7.8103    32.0926 -9.990e-29     1.3982 5.0640e-11  1025.0680     7.8093    25.0184    10.1443    309.279    9.65452  294.34491    105.074 0.0000e+00
   40.11434  -71.66638     10.931     10.847     7.8107    32.0932 -9.990e-29     1.3982 5.0640e-11  1025.0690     7.8097    25.0188    10.1443    309.276    9.65473  294.35119    105.070 0.0000e+00
   40.11434  -71.66638     10.941     10.857     7.8119    32.0937 -9.990e-29     1.3982 5.0640e-11  1025.0693     7.8108    25.0191    10.1430    309.239    9.65481  294.35338    105.057 0.0000e+00
   40.11434  -71.66638     10.971     10.887     7.8127    32.0941 -9.990e-29     1.3982 5.0640e-11  1025.0693     7.8117    25.0192    10.1435    309.253    9.65486  294.35476    105.061 0.0000e+00
   40.11434  -71.66638     10.992     10.907     7.8132    32.0942 -9.990e-29     1.3982 5.0640e-11  1025.0701     7.8122    25.0192    10.1441    309.270    9.65496  294.35783    105.066 0.0000e+00
   40.11434  -71.66638     11.012     10.928     7.8146    32.0938 -9.990e-29     1.3982 5.0640e-11  1025.0692     7.8136    25.0188    10.1498    309.445    9.65500  294.35885    105.125 0.0000e+00
   40.11434  -71.66638     11.022     10.937     7.8152    32.0930 -9.990e-29     1.3982 5.0640e-11  1025.0683     7.8141    25.0181    10.1431    309.241    9.65501  294.35918    105.056 0.0000e+00
   40.11434  -71.66638     11.052     10.967     7.8153    32.0924 -9.990e-29     1.3982 5.0640e-11  1025.0682     7.8143    25.0176    10.1560    309.633    9.65518  294.36468    105.187 0.0000e+00
   40.11434  -71.66638     11.063     10.978     7.8158    32.0917 -9.990e-29     1.3982 5.0640e-11  1025.0678     7.8147    25.0169    10.1579    309.692    9.65514  294.36300    105.207 0.0000e+00
   40.11434  -71.66638     11.073     10.988     7.8160    32.0903 -9.990e-29     1.3982 5.0640e-11  1025.0668     7.8149    25.0159    10.1452    309.303    9.65474  294.35036    105.080 0.0000e+00
   40.11434  -71.66638     11.103     11.018     7.8152    32.0886 -9.990e-29     1.3982 5.0640e-11  1025.0653     7.8141    25.0146    10.1450    309.296    9.65448  294.34254    105.080 0.0000e+00
   40.11434  -71.66638     11.133     11.048     7.8141    32.0872 -9.990e-29     1.3982 5.0640e-11  1025.0638     7.8131    25.0137    10.1449    309.294    9.65433  294.33791    105.081 -9.990e-29
   40.11434  -71.66638     11.133     11.048     7.8121    32.0871 -9.990e-29     1.3982 2.5320e-11  1025.0645     7.8110    25.0138    10.1431    309.239    9.65426  294.33603    105.063 -9.990e-29
   40.11434  -71.66638     11.154     11.068     7.8107    32.0876 -9.990e-29     1.3982 5.0640e-11  1025.0658     7.8097    25.0144    10.1535    309.559    9.65424  294.33581    105.172 0.0000e+00
   40.11434  -71.66638     11.164     11.078     7.8100    32.0873 -9.990e-29     1.3982 5.0640e-11  1025.0664     7.8090    25.0142    10.1495    309.436    9.65469  294.35017    105.125 0.0000e+00
   40.11434  -71.66638     11.195     11.109     7.8095    32.0853 -9.990e-29     1.4250 5.0640e-11  1025.0642     7.8084    25.0129    10.1445    309.284    9.65511  294.36325    105.069 0.0000e+00
   40.11434  -71.66638     11.205     11.119     7.8070    32.0830 -9.990e-29     1.4519 5.0640e-11  1025.0616     7.8060    25.0114    10.1448    309.293    9.65550  294.37519    105.068 -9.990e-29
   40.11434  -71.66638     11.205     11.119     7.8040    32.0825 -9.990e-29     1.4519 5.0640e-11  1025.0617     7.8029    25.0113    10.1646    309.896    9.65596  294.38904    105.268 -9.990e-29
   40.11434  -71.66638     11.226     11.139     7.8008    32.0836 -9.990e-29     1.4519 5.0640e-11  1025.0642     7.7998    25.0125    10.1550    309.603    9.65624  294.39737    105.165 0.0000e+00
   40.11434  -71.66638     11.245     11.158     7.7994    32.0849 -9.990e-29     1.4519 5.0640e-11  1025.0656     7.7983    25.0138    10.1556    309.623    9.65627  294.39762    105.172 0.0000e+00
   40.11434  -71.66638     11.256     11.169     7.7985    32.0859 -9.990e-29     1.4519 -9.990e-29  1025.0661     7.7974    25.0148    10.1604    309.768    9.65613  294.39339    105.222 0.0000e+00
   40.11434  -71.66638     11.261     11.175     7.7970    32.0869 -9.990e-29     1.4519 -9.990e-29  1025.0675     7.7959    25.0157    10.1536    309.561    9.65608  294.39158    105.153 0.0000e+00
   40.11434  -71.66638     11.286     11.199     7.7963    32.0879 -9.990e-29     1.4519 -9.990e-29  1025.0684     7.7952    25.0166    10.1601    309.759    9.65607  294.39147    105.220 -9.990e-29
   40.11434  -71.66638     11.286     11.199     7.7957    32.0883 -9.990e-29     1.4519 -9.990e-29  1025.0692     7.7946    25.0170    10.1551    309.605    9.65610  294.39227    105.168 -9.990e-29
   40.11434  -71.66638     11.307     11.220     7.7958    32.0882 -9.990e-29     1.4519 -9.990e-29  1025.0686     7.7948    25.0170    10.1615    309.801    9.65614  294.39343    105.233 0.0000e+00
   40.11434  -71.66638     11.316     11.229     7.7950    32.0881 -9.990e-29     1.4519 -9.990e-29  1025.0686     7.7940    25.0170    10.1565    309.648    9.65627  294.39782    105.180 -9.990e-29
   40.11434  -71.66638     11.316     11.229     7.7947    32.0885 -9.990e-29     1.4519 -9.990e-29  1025.0691     7.7936    25.0174    10.1630    309.848    9.65654  294.40568    105.245 -9.990e-29
   40.11434  -71.66638     11.347     11.259     7.7947    32.0891 -9.990e-29     1.4519 -9.990e-29  1025.0697     7.7936    25.0178    10.1640    309.877    9.65658  294.40700    105.255 -9.990e-29
   40.11434  -71.66638     11.347     11.259     7.7944    32.0896 -9.990e-29     1.4519 -9.990e-29  1025.0705     7.7933    25.0182    10.1651    309.910    9.65680  294.41402    105.263 -9.990e-29
   40.11434  -71.66638     11.347     11.259     7.7948    32.0899 -9.990e-29     1.4519 -9.990e-29  1025.0702     7.7938    25.0184    10.1600    309.755    9.65711  294.42338    105.207 -9.990e-29
   40.11434  -71.66638     11.358     11.270     7.7947    32.0901 -9.990e-29     1.4519 -9.990e-29  1025.0706     7.7936    25.0186    10.1662    309.943    9.65722  294.42677    105.270 0.0000e+00
   40.11434  -71.66638     11.377     11.289     7.7952    32.0905 -9.990e-29     1.4519 -9.990e-29  1025.0709     7.7941    25.0189    10.1731    310.154    9.65730  294.42904    105.341 -9.990e-29
   40.11434  -71.66638     11.377     11.289     7.7952    32.0911 -9.990e-29     1.4519 -9.990e-29  1025.0711     7.7941    25.0193    10.1747    310.203    9.65749  294.43501    105.355 -9.990e-29
   40.11434  -71.66638     11.388     11.300     7.7960    32.0924 -9.990e-29     1.4519 -9.990e-29  1025.0721     7.7949    25.0202    10.1763    310.253    9.65776  294.44370    105.369 0.0000e+00
   40.11434  -71.66638     11.397     11.310     7.7973    32.0940 -9.990e-29     1.4519 -9.990e-29  1025.0738     7.7962    25.0212    10.1775    310.288    9.65774  294.44209    105.382 -9.990e-29
   40.11434  -71.66638     11.397     11.310     7.8005    32.0954 -9.990e-29     1.4519 -9.990e-29  1025.0744     7.7994    25.0219    10.1722    310.125    9.65752  294.43467    105.329 -9.990e-29
   40.11434  -71.66638     11.413     11.325     7.8035    32.0957 -9.990e-29     1.4519 -9.990e-29  1025.0746     7.8024    25.0218    10.1782    310.308    9.65727  294.42734    105.394 -9.990e-29
   40.11434  -71.66638     11.407     11.319     7.8054    32.0949 -9.990e-29     1.4519 -9.990e-29  1025.0733     7.8043    25.0209    10.1728    310.145    9.65720  294.42539    105.339 -9.990e-29
   40.11434  -71.66638     11.418     11.330     7.8064    32.0935 -9.990e-29     1.4519 -9.990e-29  1025.0718     7.8053    25.0197    10.1726    310.139    9.65709  294.42232    105.338 0.0000e+00
   40.11434  -71.66638     11.428     11.340     7.8065    32.0923 -9.990e-29     1.4653 -9.990e-29  1025.0706     7.8054    25.0187    10.1787    310.325    9.65712  294.42334    105.401 0.0000e+00
   40.11434  -71.66638     11.437     11.349     7.8062    32.0920 -9.990e-29     1.4922 -9.990e-29  1025.0705     7.8051    25.0185    10.1792    310.340    9.65699  294.41916    105.407 -9.990e-29
   40.11434  -71.66638     11.437     11.349     7.8059    32.0921 -9.990e-29     1.5056 -9.990e-29  1025.0714     7.8048    25.0186    10.1734    310.164    9.65689  294.41593    105.349 -9.990e-29
   40.11434  -71.66638     11.458     11.370     7.8074    32.0918 -9.990e-29     1.5056 -9.990e-29  1025.0707     7.8063    25.0181    10.1729    310.147    9.65677  294.41245    105.344 -9.990e-29
   40.11434  -71.66638     11.458     11.370     7.8090    32.0910 -9.990e-29     1.5056 -9.990e-29  1025.0696     7.8079    25.0173    10.1786    310.322    9.65678  294.41283    105.404 -9.990e-29
   40.11434  -71.66638     11.469     11.381     7.8098    32.0902 -9.990e-29     1.5056 -9.990e-29  1025.0691     7.8087    25.0166    10.1788    310.328    9.65673  294.41138    105.406 -9.990e-29
