CalculateIndicators/WaterTemperature/Data/CTD_NYOS/20240710_23.cnv
* Sea-Bird SBE 9 Data File:
* FileName = C:\Seabird 9 CTD\Data\2024\202407_offshore\20240710_23.hex
* Software Version Seasave V 7.23.2
* Temperature SN = 4590
* Conductivity SN = 3228
* Number of Bytes Per Scan = 44
* Number of Voltage Words = 5
* Number of Scans Averaged by the Deck Unit = 1
* NMEA Latitude = 40 29.88 N
* NMEA Longitude = 071 55.70 W
* NMEA UTC (Time) = Jul 10 2024  19:16:12
* NMEA baud rate = 4800
** Ship: seawolf
** Station: 11.3
** Operator: SJW
# nquan = 18
# nvalues = 14320                       
# units = specified
# name 0 = latitude: Latitude [deg]
# name 1 = longitude: Longitude [deg]
# name 2 = prDM: Pressure, Digiquartz [db]
# name 3 = depSM: Depth [salt water, m]
# name 4 = t090C: Temperature [ITS-90, deg C]
# name 5 = sal00: Salinity, Practical [PSU]
# name 6 = ph: pH
# name 7 = flECO-AFL: Fluorescence, WET Labs ECO-AFL/FL [mg/m^3]
# name 8 = cpar: CPAR/Corrected Irradiance [%]
# name 9 = density00: Density [density, kg/m^3]
# name 10 = potemp090C: Potential Temperature [ITS-90, deg C]
# name 11 = sigma-é00: Density [sigma-theta, kg/m^3]
# name 12 = sbeox0Mg/L: Oxygen, SBE 43 [mg/l]
# name 13 = sbox0Mm/Kg: Oxygen, SBE 43 [umol/kg]
# name 14 = oxsolMg/L: Oxygen Saturation, Garcia & Gordon [mg/l]
# name 15 = oxsolMm/Kg: Oxygen Saturation, Garcia & Gordon [umol/kg]
# name 16 = sbeox0PS: Oxygen, SBE 43 [% saturation]
# name 17 = flag:  0.000e+00
# span 0 =   40.49802,   40.49930       
# span 1 =  -71.92846,  -71.92672       
# span 2 =      1.575,     61.350       
# span 3 =      1.563,     60.868       
# span 4 =     6.6544,    23.5948       
# span 5 =    29.9467,    32.3963       
# span 6 =      7.965,      8.224       
# span 7 =    -0.0389,     2.1369       
# span 8 = 4.0222e-14, 3.0094e+02       
# span 9 =  1020.2050,  1025.4164       
# span 10 =     6.6491,    23.5943      
# span 11 =    20.1972,    25.1343      
# span 12 =     7.5533,    10.6401      
# span 13 =    231.358,    324.496      
# span 14 =    7.12573,    9.91664      
# span 15 =  218.26711,  302.30181      
# span 16 =     78.676,    117.330      
# span 17 = 0.0000e+00, 0.0000e+00      
# interval = seconds: 0.0416667
# start_time = Jul 10 2024 19:16:12 [System UTC, first data scan.]
# bad_flag = -9.990e-29
*END*
[from data line 9649]
   40.49890  -71.92732     10.378     10.297    16.2206    31.2380      8.016     1.4653 7.1767e+00  1022.8529    16.2190    22.8071     8.6929    265.584    8.14907  248.96907    106.673 -9.990e-29
   40.49890  -71.92732     10.367     10.286    16.2237    31.2373      8.016     1.4653 7.9208e+00  1022.8518    16.2221    22.8058     8.6911    265.529    8.14920  248.97300    106.650 -9.990e-29
   40.49890  -71.92732     10.382     10.301    16.2271    31.2363      8.016     1.4653 8.5313e+00  1022.8497    16.2255    22.8043     8.6946    265.638    8.14963  248.98720    106.687 -9.990e-29
   40.49890  -71.92732     10.367     10.286    16.2305    31.2361      8.016     1.4653 8.9474e+00  1022.8484    16.2289    22.8031     8.6893    265.476    8.15049  249.01417    106.611 -9.990e-29
   40.49890  -71.92732     10.378     10.297    16.2337    31.2359      8.016     1.4653 9.2916e+00  1022.8482    16.2320    22.8025     8.6889    265.462    8.15125  249.03650    106.596 -9.990e-29
   40.49890  -71.92732     10.357     10.277    16.2371    31.2358      8.016     1.4653 9.6005e+00  1022.8479    16.2355    22.8019     8.6834    265.293    8.15179  249.05159    106.521 -9.990e-29
   40.49890  -71.92732     10.378     10.297    16.2407    31.2358      8.016     1.4653 9.7491e+00  1022.8467    16.2390    22.8009     8.6767    265.088    8.15208  249.05971    106.436 -9.990e-29
   40.49890  -71.92732     10.378     10.297    16.2439    31.2352      8.016     1.4653 9.8713e+00  1022.8452    16.2423    22.7997     8.6797    265.179    8.15256  249.07482    106.466 -9.990e-29
   40.49890  -71.92732     10.372     10.292    16.2470    31.2345      8.016     1.4653 1.0021e+01  1022.8444    16.2454    22.7985     8.6737    264.997    8.15335  249.09923    106.382 -9.990e-29
   40.49890  -71.92732     10.378     10.297    16.2505    31.2335      8.016     1.4653 1.0085e+01  1022.8428    16.2489    22.7969     8.6726    264.961    8.15393  249.11569    106.361 -9.990e-29
   40.49890  -71.92732     10.387     10.307    16.2540    31.2322      8.016     1.4653 1.0150e+01  1022.8408    16.2524    22.7952     8.6656    264.745    8.15398  249.11618    106.274 -9.990e-29
   40.49890  -71.92732     10.387     10.307    16.2568    31.2311      8.016     1.4653 1.0182e+01  1022.8392    16.2552    22.7937     8.6635    264.681    8.15392  249.11396    106.249 -9.990e-29
   40.49890  -71.92732     10.397     10.316    16.2585    31.2302      8.016     1.4653 1.0182e+01  1022.8384    16.2569    22.7926     8.6665    264.773    8.15392  249.11387    106.286 -9.990e-29
   40.49890  -71.92732     10.397     10.316    16.2604    31.2297      8.016     1.4653 1.0215e+01  1022.8375    16.2588    22.7917     8.6600    264.574    8.15409  249.11900    106.204 -9.990e-29
   40.49890  -71.92732     10.423     10.342    16.2622    31.2291      8.016     1.4653 1.0248e+01  1022.8371    16.2606    22.7908     8.6529    264.358    8.15410  249.11907    106.117 -9.990e-29
   40.49890  -71.92732     10.417     10.337    16.2646    31.2282      8.016     1.4653 1.0220e+01  1022.8355    16.2630    22.7896     8.6558    264.447    8.15408  249.11824    106.153 -9.990e-29
   40.49890  -71.92732     10.438     10.357    16.2663    31.2268      8.016     1.4653 1.0220e+01  1022.8344    16.2647    22.7883     8.6494    264.251    8.15396  249.11428    106.076 -9.990e-29
   40.49890  -71.92732     10.438     10.357    16.2675    31.2240      8.016     1.4788 1.0191e+01  1022.8337    16.2659    22.7858     8.6476    264.195    8.15383  249.11013    106.056 -9.990e-29
   40.49892  -71.92730     10.459     10.378    16.2691    31.2191      8.016     1.4922 1.0162e+01  1022.8269    16.2675    22.7822     8.6459    264.143    8.15365  249.10470    106.037 -9.990e-29
   40.49892  -71.92730     10.463     10.382    16.2646    31.2156      8.016     1.5056 1.0134e+01  1022.8235    16.2630    22.7801     8.6443    264.096    8.15346  249.09897    106.020 -9.990e-29
   40.49892  -71.92730     10.478     10.397    16.2581    31.2148      8.016     1.5056 1.0077e+01  1022.8286    16.2565    22.7805     8.6380    263.903    8.15325  249.09256    105.946 -9.990e-29
   40.49892  -71.92730     10.489     10.408    16.2564    31.2116      8.016     1.5056 1.0048e+01  1022.8282    16.2548    22.7789     8.6367    263.862    8.15294  249.08330    105.933 -9.990e-29
   40.49892  -71.92730     10.510     10.428    16.2547    31.2045      8.016     1.5056 1.0048e+01  1022.8183    16.2530    22.7745     8.6405    263.979    8.15262  249.07344    105.984 -9.990e-29
   40.49892  -71.92730     10.529     10.447    16.2438    31.2045      8.016     1.5056 9.9038e+00  1022.8151    16.2421    22.7730     8.6394    263.944    8.15213  249.05847    105.977 -9.990e-29
   40.49892  -71.92730     10.534     10.453    16.2283    31.2045      8.016     1.5056 9.8482e+00  1022.8225    16.2267    22.7775     8.6341    263.782    8.15171  249.04560    105.917 -9.990e-29
   40.49892  -71.92730     10.549     10.468    16.2153    31.2084      8.016     1.5056 9.7889e+00  1022.8321    16.2137    22.7853     8.6330    263.748    8.15134  249.03384    105.908 -9.990e-29
   40.49892  -71.92730     10.580     10.498    16.2049    31.2155      8.016     1.5056 9.6445e+00  1022.8404    16.2033    22.7932     8.6324    263.730    8.15084  249.01830    105.908 -9.990e-29
   40.49892  -71.92730     10.591     10.509    16.1958    31.2213      8.016     1.5056 9.3251e+00  1022.8477    16.1942    22.7996     8.6361    263.842    8.15002  248.99265    105.964 -9.990e-29
   40.49892  -71.92730     10.610     10.528    16.1888    31.2254      8.016     1.5056 8.7279e+00  1022.8512    16.1872    22.8044     8.6308    263.679    8.14885  248.95621    105.914 -9.990e-29
   40.49892  -71.92730     10.625     10.543    16.1819    31.2294      8.016     1.5056 7.6680e+00  1022.8550    16.1803    22.8091     8.6293    263.634    8.14743  248.91357    105.914 -9.990e-29
   40.49892  -71.92730     10.631     10.548    16.1752    31.2349      8.016     1.5056 6.4464e+00  1022.8615    16.1735    22.8147     8.6279    263.594    8.14596  248.87060    105.916 -9.990e-29
   40.49892  -71.92730     10.661     10.578    16.1699    31.2407      8.016     1.5056 5.3160e+00  1022.8686    16.1682    22.8203     8.6317    263.712    8.14455  248.82910    105.981 -9.990e-29
   40.49892  -71.92730     10.681     10.599    16.1671    31.2407      8.016     1.5056 4.3715e+00  1022.8728    16.1655    22.8238     8.6263    263.550    8.14316  248.78835    105.933 -9.990e-29
   40.49892  -71.92730     10.702     10.619    16.1653    31.2407      8.016     1.5056 3.6211e+00  1022.8729    16.1636    22.8242     8.6259    263.540    8.14210  248.75747    105.943 -9.990e-29
   40.49892  -71.92730     10.716     10.633    16.1625    31.2403      8.016     1.5056 3.1200e+00  1022.8694    16.1609    22.8221     8.6312    263.702    8.14158  248.74274    106.014 -9.990e-29
   40.49892  -71.92730     10.732     10.649    16.1576    31.2357      8.016     1.5056 2.7822e+00  1022.8658    16.1559    22.8197     8.6278    263.598    8.14145  248.73977    105.973 -9.990e-29
   40.49892  -71.92730     10.742     10.659    16.1502    31.2333      8.016     1.5056 2.5525e+00  1022.8652    16.1485    22.8191     8.6337    263.781    8.14125  248.73423    106.049 -9.990e-29
   40.49892  -71.92730     10.753     10.670    16.1408    31.2333      8.016     1.5056 2.4182e+00  1022.8674    16.1392    22.8206     8.6305    263.684    8.14103  248.72762    106.013 -9.990e-29
   40.49892  -71.92730     10.778     10.694    16.1307    31.2333      8.016     1.5056 2.3464e+00  1022.8704    16.1291    22.8236     8.6318    263.723    8.14070  248.71783    106.033 -9.990e-29
   40.49892  -71.92730     10.783     10.700    16.1201    31.2362      8.016     1.5056 2.2630e+00  1022.8751    16.1185    22.8281     8.6384    263.925    8.14055  248.71400    106.116 -9.990e-29
   40.49892  -71.92730     10.802     10.719    16.1098    31.2401      8.016     1.5056 2.2207e+00  1022.8814    16.1081    22.8333     8.6407    263.994    8.14082  248.72239    106.140 -9.990e-29
   40.49892  -71.92730     10.802     10.719    16.1021    31.2442      8.016     1.5056 2.2090e+00  1022.8856    16.1004    22.8384     8.6425    264.051    8.14109  248.73026    106.160 -9.990e-29
   40.49892  -71.92730     10.827     10.743    16.0939    31.2487      8.016     1.4653 2.2144e+00  1022.8913    16.0922    22.8436     8.6443    264.104    8.14111  248.73018    106.181 -9.990e-29
   40.49892  -71.92730     10.834     10.750    16.0867    31.2533      8.016     1.4385 2.2606e+00  1022.8969    16.0851    22.8487     8.6460    264.155    8.14099  248.72567    106.204 -9.990e-29
   40.49892  -71.92730     10.864     10.780    16.0808    31.2574      8.016     1.4385 2.3540e+00  1022.9013    16.0792    22.8532     8.6522    264.344    8.14038  248.70590    106.288 -9.990e-29
   40.49892  -71.92730     10.874     10.790    16.0761    31.2613      8.016     1.4385 2.3941e+00  1022.9053    16.0744    22.8572     8.6536    264.385    8.13931  248.67159    106.319 -9.990e-29
   40.49892  -71.92730     10.884     10.799    16.0723    31.2647      8.016     1.4385 2.4029e+00  1022.9094    16.0706    22.8607     8.6595    264.564    8.13771  248.62306    106.412 -9.990e-29
   40.49892  -71.92730     10.889     10.805    16.0702    31.2674      8.016     1.4385 2.3828e+00  1022.9114    16.0685    22.8632     8.6603    264.591    8.13599  248.57224    106.444 -9.990e-29
   40.49892  -71.92730     10.895     10.810    16.0685    31.2674      8.016     1.4385 2.3259e+00  1022.9139    16.0668    22.8647     8.6614    264.626    8.13444  248.52665    106.478 -9.990e-29
   40.49892  -71.92730     10.904     10.820    16.0678    31.2674      8.016     1.4385 2.3040e+00  1022.9138    16.0662    22.8644     8.6623    264.656    8.13315  248.48844    106.506 -9.990e-29
   40.49892  -71.92730     10.925     10.840    16.0668    31.2650      8.016     1.4385 2.3384e+00  1022.9100    16.0651    22.8625     8.6685    264.845    8.13216  248.45939    106.595 -9.990e-29
   40.49892  -71.92730     10.929     10.844    16.0627    31.2650 -9.990e-29     1.4385 2.3628e+00  1022.9077    16.0610    22.8616     8.6709    264.921    8.13126  248.43381    106.636 -9.990e-29
   40.49892  -71.92730     10.934     10.850    16.0572    31.2650 -9.990e-29     1.4385 2.3611e+00  1022.9109    16.0555    22.8637     8.6780    265.139    8.13061  248.41508    106.732 -9.990e-29
   40.49892  -71.92730     10.945     10.861    16.0521    31.2676 -9.990e-29     1.4385 2.3565e+00  1022.9166    16.0504    22.8673     8.6805    265.216    8.12980  248.39069    106.774 -9.990e-29
   40.49892  -71.92730     10.945     10.861    16.0493    31.2691 -9.990e-29     1.4385 2.2992e+00  1022.9195    16.0476    22.8696     8.6823    265.272    8.12883  248.36072    106.809 -9.990e-29
   40.49892  -71.92730     10.959     10.874    16.0471    31.2691 -9.990e-29     1.4385 2.2114e+00  1022.9181    16.0454    22.8699     8.6834    265.304    8.12766  248.32388    106.838 -9.990e-29
   40.49892  -71.92730     10.955     10.870    16.0432    31.2696 -9.990e-29     1.4385 2.1259e+00  1022.9166    16.0415    22.8707     8.6898    265.500    8.12646  248.28691    106.933 -9.990e-29
   40.49892  -71.92730     10.955     10.870    16.0377    31.2720 -9.990e-29     1.4385 2.0567e+00  1022.9223    16.0360    22.8738     8.6858    265.378    8.12473  248.23564    106.906 -9.990e-29
   40.49892  -71.92730     10.965     10.880    16.0358    31.2759 -9.990e-29     1.4385 1.9986e+00  1022.9267    16.0341    22.8773     8.6860    265.387    8.12291  248.18260    106.932 -9.990e-29
   40.49892  -71.92730     10.969     10.884    16.0355    31.2782 -9.990e-29     1.4385 1.9645e+00  1022.9285    16.0338    22.8792     8.6963    265.704    8.12187  248.15327    107.073 -9.990e-29
   40.49892  -71.92730     10.965     10.880    16.0357    31.2789 -9.990e-29     1.4385 1.9580e+00  1022.9281    16.0340    22.8799     8.6934    265.616    8.12133  248.13835    107.044 -9.990e-29
   40.49892  -71.92730     10.965     10.880    16.0344    31.2795 -9.990e-29     1.4385 1.9473e+00  1022.9287    16.0328    22.8804     8.7003    265.828    8.12089  248.12616    107.134 -9.990e-29
   40.49892  -71.92730     10.965     10.880    16.0341    31.2804 -9.990e-29     1.4385 1.9728e+00  1022.9295    16.0324    22.8813     8.6973    265.739    8.12050  248.11485    107.103 -9.990e-29
   40.49892  -71.92730     10.969     10.884    16.0338    31.2816 -9.990e-29     1.4385 2.0237e+00  1022.9307    16.0321    22.8822     8.7032    265.920    8.12022  248.10687    107.180 -9.990e-29
   40.49892  -71.92730     10.965     10.880    16.0341    31.2828 -9.990e-29     1.4385 2.0765e+00  1022.9316    16.0324    22.8831     8.7051    265.978    8.11997  248.09976    107.206 -9.990e-29
   40.49892  -71.92730     10.955     10.870    16.0346    31.2836 -9.990e-29     1.4385 2.1591e+00  1022.9322    16.0329    22.8836     8.7113    266.169    8.11972  248.09297    107.286 -9.990e-29
   40.49894  -71.92728     10.965     10.880    16.0357    31.2840 -9.990e-29     1.4250 2.2666e+00  1022.9322    16.0340    22.8837     8.7132    266.227    8.11967  248.09194    107.310 -9.990e-29
   40.49894  -71.92728     10.959     10.874    16.0369    31.2841 -9.990e-29     1.3982 2.3767e+00  1022.9319    16.0352    22.8835     8.7155    266.298    8.12017  248.10741    107.332 -9.990e-29
   40.49894  -71.92728     10.955     10.870    16.0382    31.2842 -9.990e-29     1.3847 2.5024e+00  1022.9315    16.0366    22.8832     8.7228    266.520    8.12082  248.12723    107.413 -9.990e-29
   40.49894  -71.92728     10.945     10.861    16.0401    31.2844 -9.990e-29     1.3847 2.6540e+00  1022.9311    16.0384    22.8830     8.7250    266.586    8.12148  248.14686    107.431 -9.990e-29
   40.49894  -71.92728     10.945     10.861    16.0418    31.2848 -9.990e-29     1.3847 2.7834e+00  1022.9314    16.0401    22.8829     8.7269    266.644    8.12204  248.16300    107.447 -9.990e-29
   40.49894  -71.92728     10.950     10.865    16.0449    31.2855 -9.990e-29     1.3847 2.9182e+00  1022.9308    16.0432    22.8829     8.7288    266.701    8.12229  248.17020    107.467 -9.990e-29
   40.49894  -71.92728     10.934     10.850    16.0471    31.2868 -9.990e-29     1.3847 3.0341e+00  1022.9311    16.0454    22.8833     8.7302    266.743    8.12223  248.16813    107.485 -9.990e-29
   40.49894  -71.92728     10.945     10.861    16.0487    31.2889 -9.990e-29     1.3847 3.1121e+00  1022.9327    16.0470    22.8845     8.7310    266.768    8.12225  248.16916    107.494 -9.990e-29
   40.49894  -71.92728     10.925     10.840    16.0511    31.2916 -9.990e-29     1.3847 3.1593e+00  1022.9338    16.0494    22.8860     8.7369    266.948    8.12265  248.18129    107.562 -9.990e-29
   40.49894  -71.92728     10.929     10.844    16.0550    31.2950 -9.990e-29     1.3847 3.1948e+00  1022.9360    16.0533    22.8877     8.7384    266.995    8.12324  248.19898    107.573 -9.990e-29
   40.49894  -71.92728     10.925     10.840    16.0606    31.2950 -9.990e-29     1.3847 3.2038e+00  1022.9388    16.0589    22.8884     8.7404    267.057    8.12400  248.22202    107.588 -9.990e-29
   40.49894  -71.92728     10.915     10.831    16.0697    31.2950 -9.990e-29     1.3847 3.1993e+00  1022.9361    16.0680    22.8859     8.7420    267.103    8.12491  248.24932    107.595 -9.990e-29
   40.49894  -71.92728     10.915     10.831    16.0808    31.2927 -9.990e-29     1.3847 3.1814e+00  1022.9287    16.0792    22.8803     8.7482    267.293    8.12586  248.27789    107.659 -9.990e-29
