CalculateIndicators/WaterTemperature/Data/CTD_NYOS/20240913_C16.cnv
* Sea-Bird SBE 9 Data File:
* FileName = C:\Seabird 9 CTD\Data\2024\202409_offshore\20240913_C16.hex
* Software Version Seasave V 7.23.2
* Temperature SN = 4590
* Conductivity SN = 3228
* Number of Bytes Per Scan = 44
* Number of Voltage Words = 5
* Number of Scans Averaged by the Deck Unit = 1
* NMEA Latitude = 39 46.26 N
* NMEA Longitude = 072 23.28 W
* NMEA UTC (Time) = Sep 13 2024  10:42:08
* NMEA baud rate = 4800
** Ship: Seawolf
** Station: 9.5
** Operator: TDK
# nquan = 18
# nvalues = 16892                       
# units = specified
# name 0 = latitude: Latitude [deg]
# name 1 = longitude: Longitude [deg]
# name 2 = prDM: Pressure, Digiquartz [db]
# name 3 = depSM: Depth [salt water, m]
# name 4 = t090C: Temperature [ITS-90, deg C]
# name 5 = sal00: Salinity, Practical [PSU]
# name 6 = ph: pH
# name 7 = flECO-AFL: Fluorescence, WET Labs ECO-AFL/FL [mg/m^3]
# name 8 = cpar: CPAR/Corrected Irradiance [%]
# name 9 = density00: Density [density, kg/m^3]
# name 10 = potemp090C: Potential Temperature [ITS-90, deg C]
# name 11 = sigma-é00: Density [sigma-theta, kg/m^3]
# name 12 = sbeox0Mg/L: Oxygen, SBE 43 [mg/l]
# name 13 = sbox0Mm/Kg: Oxygen, SBE 43 [umol/kg]
# name 14 = oxsolMg/L: Oxygen Saturation, Garcia & Gordon [mg/l]
# name 15 = oxsolMm/Kg: Oxygen Saturation, Garcia & Gordon [umol/kg]
# name 16 = sbeox0PS: Oxygen, SBE 43 [% saturation]
# name 17 = flag:  0.000e+00
# span 0 =   39.76854,   39.77110       
# span 1 =  -72.38996,  -72.38812       
# span 2 =      1.851,     81.729       
# span 3 =      1.836,     81.089       
# span 4 =     9.0694,    21.1900       
# span 5 =    31.8800,    34.2292       
# span 6 =      7.867,      8.213       
# span 7 =    -0.0658,     2.2443       
# span 8 = 3.8363e-13, 6.1045e+01       
# span 9 =  1022.4732,  1026.4096       
# span 10 =     9.0651,    21.1892      
# span 11 =    22.4650,    26.0442      
# span 12 =     6.0836,     8.7313      
# span 13 =    185.290,    266.396      
# span 14 =    7.34425,    9.37008      
# span 15 =  224.45113,  285.67200      
# span 16 =     69.594,    105.410      
# span 17 = 0.0000e+00, 0.0000e+00      
# interval = seconds: 0.0416667
# start_time = Sep 13 2024 10:42:08 [System UTC, first data scan.]
# bad_flag = -9.990e-29
*END*
[from data line 13830]
 -9.990e-29  -72.38958     24.895     24.703    13.0743    32.2162      8.058     1.9085 9.0417e-01  1024.3344    13.0710    24.2233     8.4709    258.457    8.58943  262.07516     98.620 -9.990e-29
 -9.990e-29  -72.38958     24.900     24.709    13.0715    32.2161      8.058     1.9085 9.0156e-01  1024.3344    13.0682    24.2236     8.4697    258.422    8.58896  262.06138     98.611 -9.990e-29
 -9.990e-29  -72.38958     24.906     24.714    13.0687    32.2163      8.058     1.9085 9.0156e-01  1024.3352    13.0654    24.2244     8.4689    258.399    8.58886  262.05887     98.603 -9.990e-29
 -9.990e-29  -72.38958     24.925     24.733    13.0663    32.2177      8.058     1.9085 9.0156e-01  1024.3363    13.0629    24.2260     8.4682    258.379    8.58885  262.05874     98.596 -9.990e-29
 -9.990e-29  -72.38958     24.936     24.744    13.0638    32.2208      8.063     1.9085 8.9895e-01  1024.3391    13.0604    24.2288     8.4673    258.350    8.58851  262.04837     98.589 -9.990e-29
 -9.990e-29  -72.38958     24.936     24.744    13.0618    32.2261      8.058     1.9085 8.9376e-01  1024.3436    13.0585    24.2331     8.4663    258.320    8.58815  262.03723     98.581 -9.990e-29
 -9.990e-29  -72.38958     24.946     24.754    13.0618    32.2325      8.058     1.9085 8.8803e-01  1024.3507    13.0584    24.2381     8.4650    258.278    8.58738  262.01342     98.574 -9.990e-29
 -9.990e-29  -72.38958     24.961     24.769    13.0644    32.2385      8.058     1.9085 8.8803e-01  1024.3532    13.0611    24.2422     8.4631    258.222    8.58614  261.97509     98.568 -9.990e-29
 -9.990e-29  -72.38958     24.976     24.784    13.0687    32.2455      8.058     1.9085 8.8546e-01  1024.3563    13.0654    24.2468     8.4621    258.191    8.58501  261.94171     98.568 -9.990e-29
 -9.990e-29  -72.38958     24.976     24.784    13.0740    32.2536      8.058     1.9085 8.8546e-01  1024.3667    13.0707    24.2517     8.4669    258.340    8.58448  261.92665     98.631 -9.990e-29
 -9.990e-29  -72.38958     24.997     24.804    13.0851    32.2556      8.058     1.9085 8.8546e-01  1024.3685    13.0817    24.2515     8.4674    258.356    8.58420  261.91830     98.640 -9.990e-29
 -9.990e-29  -72.38958     24.997     24.804    13.0981    32.2471      8.058     1.9085 8.8035e-01  1024.3570    13.0948    24.2429     8.4622    258.194    8.58342  261.89278     98.588 -9.990e-29
 -9.990e-29  -72.38958     25.007     24.814    13.1069    32.2324      8.058     1.9085 8.8035e-01  1024.3395    13.1036    24.2301     8.4661    258.312    8.58241  261.86230     98.644 -9.990e-29
 -9.990e-29  -72.38960     25.033     24.840    13.1082    32.2188      8.058     1.9085 8.8035e-01  1024.3285    13.1049    24.2190     8.4667    258.334    8.58225  261.85912     98.654 -9.990e-29
 -9.990e-29  -72.38960     25.068     24.875    13.1052    32.2086      8.058     1.9085 8.7780e-01  1024.3224    13.1019    24.2115     8.4673    258.352    8.58256  261.86819     98.657 -9.990e-29
 -9.990e-29  -72.38960     25.139     24.945    13.1000    32.2010      8.058     1.9085 8.7221e-01  1024.3173    13.0967    24.2066     8.4667    258.332    8.58172  261.84013     98.660 -9.990e-29
 -9.990e-29  -72.38960     25.150     24.956    13.0937    32.1973      8.058     1.9085 8.7221e-01  1024.3141    13.0903    24.2050     8.4639    258.238    8.57866  261.73891     98.663 -9.990e-29
 -9.990e-29  -72.38960     25.119     24.926    13.0864    32.2001      8.063     1.9085 8.6969e-01  1024.3173    13.0830    24.2084     8.4586    258.072    8.57320  261.56849     98.663 -9.990e-29
 -9.990e-29  -72.38960     25.068     24.875    13.0787    32.2092      8.058     1.9085 8.6717e-01  1024.3276    13.0753    24.2168     8.4535    257.918    8.56807  261.41337     98.663 -9.990e-29
 -9.990e-29  -72.38960     25.044     24.851    13.0730    32.2212      8.058     1.9085 8.6717e-01  1024.3399    13.0696    24.2271     8.4501    257.817    8.56398  261.29211     98.670 -9.990e-29
 -9.990e-29  -72.38960     24.987     24.795    13.0708    32.2316      8.058     1.8951 8.6969e-01  1024.3495    13.0674    24.2355     8.4480    257.759    8.56120  261.21161     98.678 -9.990e-29
 -9.990e-29  -72.38960     24.987     24.795    13.0720    32.2373      8.058     1.8951 8.6969e-01  1024.3537    13.0686    24.2398     8.4470    257.732    8.55996  261.17812     98.681 -9.990e-29
 -9.990e-29  -72.38960     24.967     24.774    13.0756    32.2376      8.058     1.8951 8.6969e-01  1024.3528    13.0723    24.2395     8.4522    257.896    8.55968  261.17392     98.745 -9.990e-29
 -9.990e-29  -72.38960     24.925     24.733    13.0794    32.2340      8.058     1.8951 8.7474e-01  1024.3474    13.0760    24.2361     8.4531    257.924    8.55970  261.17672     98.755 -9.990e-29
 -9.990e-29  -72.38960     24.906     24.714    13.0814    32.2292      8.058     1.8951 8.7728e-01  1024.3421    13.0780    24.2321     8.4538    257.946    8.55954  261.17318     98.764 -9.990e-29
 -9.990e-29  -72.38960     24.861     24.669    13.0815    32.2258      8.058     1.8951 8.7982e-01  1024.3394    13.0782    24.2293     8.4543    257.964    8.55928  261.16624     98.774 -9.990e-29
 -9.990e-29  -72.38960     24.825     24.634    13.0814    32.2241      8.058     1.8951 8.8493e-01  1024.3380    13.0781    24.2279     8.4544    257.965    8.55853  261.14332     98.783 -9.990e-29
 -9.990e-29  -72.38960     24.825     24.634    13.0804    32.2239      8.058     1.8951 8.9265e-01  1024.3381    13.0771    24.2279     8.4536    257.941    8.55707  261.09708     98.791 -9.990e-29
 -9.990e-29  -72.38960     24.814     24.623    13.0795    32.2249      8.058     1.8951 8.9524e-01  1024.3393    13.0762    24.2288     8.4519    257.885    8.55459  261.01988     98.799 -9.990e-29
 -9.990e-29  -72.38960     24.804     24.613    13.0802    32.2267      8.058     1.8951 8.9784e-01  1024.3409    13.0769    24.2301     8.4501    257.830    8.55214  260.94454     98.806 -9.990e-29
 -9.990e-29  -72.38960     24.779     24.588    13.0819    32.2286      8.058     1.8951 9.0567e-01  1024.3418    13.0786    24.2313     8.4483    257.776    8.54976  260.87315     98.813 -9.990e-29
 -9.990e-29  -72.38960     24.804     24.613    13.0832    32.2305      8.058     1.8951 9.0567e-01  1024.3431    13.0799    24.2325     8.4471    257.745    8.54806  260.82455     98.819 -9.990e-29
 -9.990e-29  -72.38960     24.783     24.593    13.0849    32.2324      8.058     1.8951 9.0829e-01  1024.3443    13.0816    24.2336     8.4467    257.734    8.54706  260.79601     98.826 -9.990e-29
 -9.990e-29  -72.38960     24.763     24.572    13.0873    32.2333      8.063     1.8951 9.1356e-01  1024.3455    13.0840    24.2339     8.4521    257.896    8.54651  260.77862     98.895 -9.990e-29
 -9.990e-29  -72.38960     24.732     24.542    13.0896    32.2327      8.058     1.8951 9.1356e-01  1024.3432    13.0863    24.2330     8.4533    257.936    8.54662  260.78189     98.909 -9.990e-29
 -9.990e-29  -72.38960     24.702     24.512    13.0904    32.2324      8.058     1.8951 9.1356e-01  1024.3412    13.0871    24.2324     8.4534    257.935    8.54557  260.74711     98.922 -9.990e-29
 -9.990e-29  -72.38960     24.687     24.497    13.0919    32.2349      8.058     1.8951 9.1886e-01  1024.3428    13.0886    24.2340     8.4502    257.832    8.54139  260.61330     98.933 -9.990e-29
 -9.990e-29  -72.38960     24.642     24.452    13.0956    32.2403      8.058     1.9085 9.2743e-01  1024.3476    13.0923    24.2374     8.4512    257.857    8.53624  260.45106     99.004 -9.990e-29
 -9.990e-29  -72.38960     24.611     24.422    13.1025    32.2462      8.058     1.8951 9.2743e-01  1024.3514    13.0992    24.2407     8.4461    257.693    8.53033  260.26408     99.012 -9.990e-29
 -9.990e-29  -72.38960     24.581     24.392    13.1123    32.2502      8.058     1.8951 9.3281e-01  1024.3532    13.1090    24.2420     8.4449    257.658    8.52281  260.03580     99.086 -9.990e-29
 -9.990e-29  -72.38960     24.555     24.366    13.1230    32.2509      8.063     1.8951 9.3551e-01  1024.3513    13.1197    24.2406     8.4406    257.535    8.51701  259.86582     99.103 -9.990e-29
 -9.990e-29  -72.38960     24.519     24.330    13.1324    32.2487      8.058     1.8951 9.3551e-01  1024.3467    13.1291    24.2370     8.4379    257.462    8.51277  259.74693     99.120 0.0000e+00
 -9.990e-29  -72.38960     24.489     24.300    13.1397    32.2449      8.058     1.8951 9.4366e-01  1024.3418    13.1364    24.2327     8.4378    257.466    8.51113  259.70356     99.138 0.0000e+00
 -9.990e-29  -72.38960     24.468     24.280    13.1454    32.2410      8.057     1.8951 9.4913e-01  1024.3372    13.1421    24.2285     8.4399    257.528    8.51154  259.71515     99.158 0.0000e+00
 -9.990e-29  -72.38960     24.428     24.240    13.1502    32.2376      8.057     1.8280 9.5526e-01  1024.3334    13.1470    24.2249     8.4415    257.575    8.51219  259.73087     99.170 0.0000e+00
 -9.990e-29  -72.38960     24.402     24.214    13.1543    32.2354      8.062     1.7205 9.6358e-01  1024.3303    13.1510    24.2224     8.4393    257.498    8.50914  259.62848     99.179 0.0000e+00
 -9.990e-29  -72.38960     24.377     24.190    13.1571    32.2349      8.057     1.6937 9.6916e-01  1024.3292    13.1539    24.2214     8.4312    257.245    8.50012  259.34757     99.189 0.0000e+00
 -9.990e-29  -72.38960     24.357     24.169    13.1595    32.2360      8.057     1.6937 9.7197e-01  1024.3302    13.1562    24.2217     8.4284    257.162    8.49197  259.09957     99.252 0.0000e+00
 -9.990e-29  -72.38960     24.306     24.118    13.1617    32.2370      8.057     1.6937 9.8043e-01  1024.3317    13.1584    24.2220     8.4283    257.168    8.48548  258.91348     99.326 0.0000e+00
 -9.990e-29  -72.38960     24.281     24.094    13.1649    32.2362      8.062     1.6937 9.9538e-01  1024.3295    13.1616    24.2210     8.4263    257.118    8.48233  258.82911     99.339 0.0000e+00
 -9.990e-29  -72.38960     24.245     24.058    13.1664    32.2345      8.062     1.6937 9.9826e-01  1024.3267    13.1631    24.2194     8.4321    257.304    8.48183  258.82223     99.413 0.0000e+00
 -9.990e-29  -72.38960     24.205     24.019    13.1666    32.2336      8.062     1.6937 1.0040e+00  1024.3261    13.1633    24.2185     8.4269    257.153    8.48038  258.78467     99.370 0.0000e+00
 -9.990e-29  -72.38960     24.184     23.998    13.1684    32.2338      8.062     1.6937 1.0186e+00  1024.3258    13.1652    24.2183     8.4319    257.312    8.47940  258.76152     99.440 0.0000e+00
 -9.990e-29  -72.38960     24.128     23.942    13.1702    32.2350      8.062     1.6937 1.0283e+00  1024.3258    13.1670    24.2187     8.4360    257.438    8.48206  258.84326     99.457 0.0000e+00
 -9.990e-29  -72.38960     24.103     23.918    13.1736    32.2373      8.062     1.6937 1.0312e+00  1024.3274    13.1704    24.2197     8.4410    257.587    8.48572  258.95160     99.473 0.0000e+00
 -9.990e-29  -72.38960     24.073     23.888    13.1795    32.2387      8.057     1.6937 1.0432e+00  1024.3290    13.1763    24.2198     8.4444    257.687    8.48803  259.01745     99.486 0.0000e+00
 -9.990e-29  -72.38960     24.037     23.852    13.1867    32.2374      8.062     1.6937 1.0561e+00  1024.3251    13.1835    24.2178     8.4506    257.865    8.48807  259.00947     99.558 0.0000e+00
 -9.990e-29  -72.38960     23.992     23.807    13.1911    32.2353      8.062     1.6937 1.0592e+00  1024.3206    13.1879    24.2153     8.4548    257.982    8.48593  258.93275     99.633 0.0000e+00
 -9.990e-29  -72.38960     23.971     23.786    13.1928    32.2361      8.062     1.6937 1.0684e+00  1024.3198    13.1896    24.2153     8.4506    257.842    8.47990  258.73493     99.655 0.0000e+00
 -9.990e-29  -72.38960     23.930     23.746    13.1945    32.2389      8.062     1.6937 1.0786e+00  1024.3263    13.1913    24.2169     8.4389    257.467    8.46681  258.31926     99.670 0.0000e+00
 -9.990e-29  -72.38960     23.905     23.721    13.2006    32.2391      8.062     1.6937 1.0817e+00  1024.3241    13.1973    24.2163     8.4266    257.086    8.44926  257.77745     99.732 0.0000e+00
 -9.990e-29  -72.38960     23.860     23.676    13.2036    32.2374      8.062     1.6937 1.0942e+00  1024.3178    13.2004    24.2145     8.4177    256.831    8.43440  257.34132     99.802 0.0000e+00
 -9.990e-29  -72.38960     23.829     23.646    13.2017    32.2412      8.062     1.6937 1.1079e+00  1024.3184    13.1985    24.2172     8.4093    256.591    8.42463  257.05918     99.818 0.0000e+00
 -9.990e-29  -72.38960     23.792     23.609    13.2022    32.2574      8.062     1.6937 1.1079e+00  1024.3288    13.1990    24.2293     8.4059    256.491    8.41481  256.76358     99.894 0.0000e+00
 -9.990e-29  -72.38960     23.748     23.565    13.2074    32.2832      8.062     1.6937 1.1283e+00  1024.3586    13.2042    24.2474     8.4048    256.465    8.40699  256.53229     99.974 0.0000e+00
 -9.990e-29  -72.38960     23.727     23.545    13.2307    32.3035      8.062     1.6937 1.1348e+00  1024.3735    13.2275    24.2592     8.4032    256.432    8.40341  256.43840     99.998 0.0000e+00
 -9.990e-29  -72.38960     23.681     23.498    13.2594    32.3083      8.062     1.6937 1.1392e+00  1024.3684    13.2562    24.2580     8.4043    256.479    8.40267  256.42829    100.020 0.0000e+00
 -9.990e-29  -72.38960     23.656     23.474    13.2858    32.3004      8.062     1.6937 1.1490e+00  1024.3546    13.2826    24.2471     8.4111    256.689    8.40252  256.42855    100.102 0.0000e+00
 -9.990e-29  -72.38960     23.616     23.434    13.3067    32.2855      8.062     1.6937 1.1557e+00  1024.3373    13.3035    24.2316     8.4172    256.880    8.40159  256.40374    100.186 0.0000e+00
 -9.990e-29  -72.38960     23.590     23.408    13.3198    32.2679      8.062     1.6802 1.1635e+00  1024.3193    13.3166    24.2152     8.4228    257.051    8.40475  256.49901    100.215 0.0000e+00
   39.76890 -9.990e-29     23.565     23.383    13.3270    32.2517      8.062     1.6668 1.1736e+00  1024.3031    13.3238    24.2011     8.4358    257.437    8.41017  256.65395    100.305 0.0000e+00
   39.76890 -9.990e-29     23.524     23.342    13.3300    32.2400      8.062     1.6668 1.1885e+00  1024.2943    13.3269    24.1911     8.4460    257.738    8.41702  256.85387    100.344 0.0000e+00
   39.76890 -9.990e-29     23.488     23.307    13.3331    32.2327      8.062     1.6668 1.1885e+00  1024.2881    13.3299    24.1849     8.4549    258.009    8.42315  257.03966    100.377 0.0000e+00
   39.76890 -9.990e-29     23.453     23.273    13.3359    32.2295      8.062     1.6668 1.2036e+00  1024.2840    13.3327    24.1818     8.4654    258.325    8.42620  257.12940    100.465 0.0000e+00
   39.76890 -9.990e-29     23.433     23.252    13.3396    32.2317      8.062     1.6668 1.2106e+00  1024.2845    13.3365    24.1826     8.4699    258.449    8.42811  257.17448    100.495 0.0000e+00
   39.76890 -9.990e-29     23.396     23.215    13.3449    32.2388      8.062     1.6668 1.2225e+00  1024.2909    13.3418    24.1868     8.4714    258.480    8.42277  256.99557    100.577 0.0000e+00
   39.76890 -9.990e-29     23.372     23.192    13.3556    32.2469      8.067     1.6668 1.2260e+00  1024.2973    13.3524    24.1911     8.4574    258.040    8.40768  256.52401    100.591 0.0000e+00
   39.76890 -9.990e-29     23.340     23.161    13.3679    32.2509      8.062     1.6668 1.2417e+00  1024.2990    13.3647    24.1919     8.4429    257.592    8.38785  255.91163    100.656 0.0000e+00
   39.76890 -9.990e-29     23.314     23.135    13.3823    32.2482      8.062     1.6668 1.2540e+00  1024.2937    13.3792    24.1871     8.4245    257.030    8.36435  255.19519    100.719 0.0000e+00
