CalculateIndicators/WaterTemperature/Data/CTD_NYOS/20240429_C32.cnv
* Sea-Bird SBE 9 Data File:
* FileName = C:\Seabird 9 CTD\Data\2024\202404_offshore\20240429_C32.hex
* Software Version Seasave V 7.23.2
* Temperature SN = 4590
* Conductivity SN = 3228
* Number of Bytes Per Scan = 44
* Number of Voltage Words = 5
* Number of Scans Averaged by the Deck Unit = 1
* NMEA Latitude = 40 18.39 N
* NMEA Longitude = 071 48.01 W
* NMEA UTC (Time) = Apr 29 2024  10:01:40
* NMEA baud rate = 4800
** Ship: Seawolf
** Station: 11.4
** Operator: TDK
# nquan = 18
# nvalues = 18848                       
# units = specified
# name 0 = latitude: Latitude [deg]
# name 1 = longitude: Longitude [deg]
# name 2 = prDM: Pressure, Digiquartz [db]
# name 3 = depSM: Depth [salt water, m]
# name 4 = t090C: Temperature [ITS-90, deg C]
# name 5 = sal00: Salinity, Practical [PSU]
# name 6 = ph: pH
# name 7 = flECO-AFL: Fluorescence, WET Labs ECO-AFL/FL [mg/m^3]
# name 8 = cpar: CPAR/Corrected Irradiance [%]
# name 9 = density00: Density [density, kg/m^3]
# name 10 = potemp090C: Potential Temperature [ITS-90, deg C]
# name 11 = sigma-é00: Density [sigma-theta, kg/m^3]
# name 12 = sbeox0Mg/L: Oxygen, SBE 43 [mg/l]
# name 13 = sbox0Mm/Kg: Oxygen, SBE 43 [umol/kg]
# name 14 = oxsolMg/L: Oxygen Saturation, Garcia & Gordon [mg/l]
# name 15 = oxsolMm/Kg: Oxygen Saturation, Garcia & Gordon [umol/kg]
# name 16 = sbeox0PS: Oxygen, SBE 43 [% saturation]
# name 17 = flag:  0.000e+00
# span 0 =   40.30650,   40.30696       
# span 1 =  -71.80022,  -71.79914       
# span 2 =      1.613,     71.276       
# span 3 =      1.601,     70.716       
# span 4 =     6.0652,     8.1997       
# span 5 =    32.0016,    32.1274       
# span 6 =      7.923,      8.046       
# span 7 =    -0.0255,     1.5459       
# span 8 = 8.7310e-13, 2.2680e+01       
# span 9 =  1024.9301,  1025.5994       
# span 10 =     6.0605,     8.1994      
# span 11 =    24.9167,    25.2710      
# span 12 =     9.1251,    10.3241      
# span 13 =    278.140,    314.761      
# span 14 =    9.57218,   10.04925      
# span 15 =  291.86123,  306.30583      
# span 16 =     90.807,    107.281      
# span 17 = 0.0000e+00, 0.0000e+00      
# interval = seconds: 0.0416667
# start_time = Apr 29 2024 10:01:39 [System UTC, first data scan.]
# bad_flag = -9.990e-29
*END*
[from data line 2654]
   40.30672  -71.80010     44.822     44.473     6.7591    32.1057      7.967     0.1357 1.2351e-12  1025.3777     6.7552    25.1716     9.5780    291.968    9.89111  301.51137     96.835 0.0000e+00
   40.30672  -71.80010     44.832     44.482     6.7588    32.1055      7.967     0.1357 1.2351e-12  1025.3776     6.7549    25.1714     9.5724    291.797    9.89112  301.51156     96.778 -9.990e-29
   40.30672  -71.80010     44.832     44.482     6.7586    32.1054      7.967     0.1357 1.2351e-12  1025.3777     6.7547    25.1713     9.5723    291.794    9.89108  301.51057     96.777 -9.990e-29
   40.30672  -71.80010     44.852     44.503     6.7584    32.1052      7.967     0.1357 1.2351e-12  1025.3774     6.7546    25.1713     9.5724    291.795    9.89108  301.51059     96.778 -9.990e-29
   40.30672  -71.80010     44.852     44.503     6.7580    32.1053      7.967     0.1357 1.2351e-12  1025.3776     6.7541    25.1713     9.5715    291.769    9.89112  301.51176     96.769 -9.990e-29
   40.30672  -71.80008     44.862     44.512     6.7573    32.1054      7.967     0.1357 1.2351e-12  1025.3780     6.7534    25.1715     9.5717    291.774    9.89111  301.51149     96.770 0.0000e+00
   40.30672  -71.80008     44.873     44.523     6.7570    32.1054      7.967     0.1357 1.2351e-12  1025.3777     6.7531    25.1715     9.5709    291.750    9.89112  301.51170     96.762 -9.990e-29
   40.30672  -71.80008     44.873     44.523     6.7565    32.1055      7.967     0.1357 1.2351e-12  1025.3782     6.7526    25.1717     9.5711    291.758    9.89110  301.51100     96.765 -9.990e-29
   40.30672  -71.80008     44.904     44.553     6.7563    32.1058      7.967     0.1357 1.2351e-12  1025.3786     6.7525    25.1719     9.5705    291.739    9.89111  301.51127     96.759 -9.990e-29
   40.30672  -71.80008     44.904     44.553     6.7565    32.1060      7.967     0.1357 1.2351e-12  1025.3786     6.7526    25.1721     9.5699    291.718    9.89107  301.51028     96.752 -9.990e-29
   40.30672  -71.80008     44.924     44.574     6.7562    32.1061      7.967     0.1357 1.2351e-12  1025.3791     6.7523    25.1722     9.5703    291.733    9.89112  301.51176     96.757 -9.990e-29
   40.30672  -71.80008     44.924     44.574     6.7562    32.1060      7.967     0.1357 1.2351e-12  1025.3787     6.7523    25.1721     9.5699    291.720    9.89116  301.51301     96.752 -9.990e-29
   40.30672  -71.80008     44.945     44.594     6.7559    32.1059      7.967     0.1357 1.2351e-12  1025.3788     6.7520    25.1721     9.5694    291.704    9.89113  301.51209     96.747 0.0000e+00
   40.30672  -71.80008     44.955     44.604     6.7557    32.1060      7.967     0.1357 1.2351e-12  1025.3788     6.7518    25.1722     9.5690    291.693    9.89115  301.51260     96.743 0.0000e+00
   40.30672  -71.80008     44.975     44.625     6.7553    32.1061      7.967     0.1357 1.2351e-12  1025.3795     6.7515    25.1724     9.5686    291.680    9.89111  301.51139     96.739 0.0000e+00
   40.30672  -71.80008     44.985     44.634     6.7553    32.1059      7.967     0.1357 1.2351e-12  1025.3794     6.7515    25.1722     9.5683    291.672    9.89114  301.51235     96.736 0.0000e+00
   40.30672  -71.80008     44.996     44.645     6.7552    32.1054      7.967     0.1357 1.2351e-12  1025.3785     6.7513    25.1718     9.5680    291.662    9.89114  301.51212     96.733 0.0000e+00
   40.30672  -71.80008     45.026     44.675     6.7542    32.1052      7.967     0.1491 1.2351e-12  1025.3786     6.7504    25.1718     9.5677    291.654    9.89112  301.51176     96.730 0.0000e+00
   40.30672  -71.80008     45.036     44.685     6.7536    32.1055      7.967     0.1357 1.2351e-12  1025.3793     6.7497    25.1721     9.5611    291.451    9.89110  301.51103     96.663 0.0000e+00
   40.30672  -71.80008     45.046     44.694     6.7532    32.1058      7.967     0.1357 1.2351e-12  1025.3797     6.7494    25.1724     9.5599    291.416    9.89104  301.50915     96.652 0.0000e+00
   40.30672  -71.80008     45.066     44.715     6.7537    32.1060      7.967     0.1357 1.2351e-12  1025.3799     6.7498    25.1725     9.5588    291.383    9.89099  301.50769     96.642 0.0000e+00
   40.30672  -71.80008     45.087     44.735     6.7537    32.1059      7.967     0.1357 1.2351e-12  1025.3799     6.7498    25.1724     9.5644    291.551    9.89102  301.50856     96.697 0.0000e+00
   40.30672  -71.80008     45.108     44.756     6.7534    32.1057      7.967     0.1357 1.2351e-12  1025.3795     6.7496    25.1723     9.5654    291.582    9.89097  301.50685     96.708 0.0000e+00
   40.30672  -71.80008     45.128     44.777     6.7526    32.1056      7.967     0.1357 1.2351e-12  1025.3799     6.7487    25.1723     9.5655    291.586    9.89097  301.50700     96.709 0.0000e+00
   40.30672  -71.80008     45.149     44.797     6.7521    32.1056      7.967     0.1222 1.2351e-12  1025.3802     6.7482    25.1724     9.5593    291.396    9.89097  301.50688     96.647 0.0000e+00
   40.30672  -71.80008     45.159     44.807     6.7516    32.1053      7.967     0.1222 1.2351e-12  1025.3800     6.7477    25.1723     9.5660    291.600    9.89095  301.50649     96.714 0.0000e+00
   40.30672  -71.80008     45.199     44.846     6.7516    32.1050      7.967     0.1222 1.2351e-12  1025.3798     6.7477    25.1720     9.5609    291.444    9.89092  301.50559     96.663 0.0000e+00
   40.30672  -71.80008     45.220     44.867     6.7507    32.1049      7.967     0.1222 1.2351e-12  1025.3798     6.7468    25.1720     9.5604    291.431    9.89098  301.50758     96.658 0.0000e+00
   40.30672  -71.80008     45.231     44.878     6.7497    32.1050      7.967     0.1222 1.2351e-12  1025.3804     6.7458    25.1721     9.5600    291.418    9.89098  301.50745     96.654 0.0000e+00
   40.30672  -71.80008     45.261     44.908     6.7494    32.1050      7.967     0.1222 1.2351e-12  1025.3803     6.7455    25.1723     9.5596    291.406    9.89093  301.50614     96.650 0.0000e+00
   40.30672  -71.80008     45.291     44.938     6.7486    32.1052      7.967     0.1222 1.2351e-12  1025.3808     6.7447    25.1725     9.5594    291.401    9.89102  301.50863     96.648 0.0000e+00
   40.30672  -71.80008     45.312     44.959     6.7482    32.1054      7.967     0.1222 1.2351e-12  1025.3811     6.7443    25.1727     9.5593    291.395    9.89100  301.50790     96.646 0.0000e+00
   40.30672  -71.80008     45.331     44.978     6.7478    32.1058      7.967     0.1222 1.2057e-12  1025.3816     6.7439    25.1731     9.5591    291.391    9.89097  301.50687     96.645 0.0000e+00
   40.30672  -71.80008     45.363     45.009     6.7476    32.1061      7.967     0.1222 1.2351e-12  1025.3822     6.7437    25.1733     9.5591    291.391    9.89096  301.50660     96.645 0.0000e+00
   40.30672  -71.80008     45.393     45.039     6.7476    32.1061      7.967     0.1222 1.2351e-12  1025.3822     6.7437    25.1733     9.5592    291.394    9.89099  301.50781     96.645 0.0000e+00
   40.30672  -71.80008     45.403     45.049     6.7474    32.1060      7.967     0.1222 1.2351e-12  1025.3819     6.7435    25.1732     9.5593    291.398    9.89100  301.50813     96.647 0.0000e+00
   40.30672  -71.80008     45.446     45.091     6.7471    32.1061      7.967     0.1222 1.2351e-12  1025.3826     6.7432    25.1734     9.5596    291.405    9.89099  301.50771     96.649 0.0000e+00
   40.30672  -71.80008     45.465     45.111     6.7466    32.1061      7.967     0.1222 1.2351e-12  1025.3828     6.7427    25.1734     9.5599    291.415    9.89102  301.50870     96.652 0.0000e+00
   40.30672  -71.80008     45.484     45.130     6.7471    32.1060      7.967     0.1357 1.2351e-12  1025.3825     6.7432    25.1733     9.5603    291.427    9.89103  301.50894     96.656 0.0000e+00
   40.30672  -71.80008     45.516     45.161     6.7468    32.1059      7.967     0.1222 1.2057e-12  1025.3827     6.7429    25.1733     9.5608    291.442    9.89108  301.51069     96.661 0.0000e+00
   40.30672  -71.80008     45.536     45.180     6.7468    32.1059      7.967     0.1222 1.2351e-12  1025.3826     6.7429    25.1734     9.5614    291.461    9.89115  301.51265     96.666 0.0000e+00
   40.30672  -71.80008     45.567     45.212     6.7463    32.1061      7.967     0.1222 1.2351e-12  1025.3833     6.7424    25.1735     9.5621    291.481    9.89117  301.51314     96.673 0.0000e+00
   40.30672  -71.80008     45.598     45.242     6.7465    32.1063      7.967     0.1222 1.2351e-12  1025.3833     6.7426    25.1737     9.5628    291.502    9.89117  301.51311     96.680 0.0000e+00
   40.30672  -71.80008     45.607     45.252     6.7463    32.1064      7.967     0.1222 1.2351e-12  1025.3836     6.7424    25.1738     9.5624    291.493    9.89109  301.51074     96.677 0.0000e+00
   40.30672  -71.80008     45.649     45.293     6.7463    32.1064      7.967     0.1222 1.2351e-12  1025.3837     6.7424    25.1738     9.5633    291.517    9.89108  301.51017     96.686 0.0000e+00
   40.30672  -71.80008     45.669     45.313     6.7463    32.1064      7.967     0.1222 1.2351e-12  1025.3838     6.7424    25.1738     9.5641    291.544    9.89105  301.50949     96.695 0.0000e+00
   40.30672  -71.80008     45.700     45.343     6.7463    32.1064      7.967     0.1222 1.2351e-12  1025.3841     6.7424    25.1738     9.5577    291.347    9.89105  301.50935     96.630 0.0000e+00
   40.30672  -71.80008     45.709     45.353     6.7463    32.1064      7.967     0.1088 1.2351e-12  1025.3840     6.7423    25.1738     9.5568    291.320    9.89104  301.50923     96.621 0.0000e+00
   40.30672  -71.80008     45.751     45.394     6.7465    32.1065      7.967     0.0954 1.2351e-12  1025.3841     6.7425    25.1739     9.5624    291.492    9.89108  301.51030     96.677 0.0000e+00
   40.30672  -71.80008     45.760     45.404     6.7463    32.1065      7.967     0.0954 1.2351e-12  1025.3846     6.7423    25.1739     9.5572    291.334    9.89113  301.51192     96.624 0.0000e+00
   40.30672  -71.80008     45.791     45.434     6.7466    32.1064      7.967     0.0954 1.2351e-12  1025.3842     6.7427    25.1737     9.5631    291.513    9.89119  301.51373     96.683 0.0000e+00
   40.30672  -71.80008     45.812     45.454     6.7466    32.1062      7.967     0.0954 1.2351e-12  1025.3843     6.7427    25.1736     9.5634    291.523    9.89119  301.51374     96.686 0.0000e+00
   40.30672  -71.80008     45.832     45.475     6.7465    32.1062      7.967     0.0954 1.2351e-12  1025.3844     6.7425    25.1736     9.5638    291.533    9.89115  301.51261     96.690 0.0000e+00
   40.30672  -71.80008     45.864     45.506     6.7465    32.1061      7.967     0.0954 1.2351e-12  1025.3846     6.7425    25.1735     9.5578    291.351    9.89116  301.51288     96.630 0.0000e+00
   40.30672  -71.80008     45.872     45.514     6.7466    32.1060      7.967     0.0954 1.2351e-12  1025.3842     6.7427    25.1735     9.5573    291.335    9.89111  301.51143     96.625 0.0000e+00
   40.30672  -71.80008     45.914     45.556     6.7466    32.1061      7.967     0.0954 1.2351e-12  1025.3847     6.7427    25.1735     9.5633    291.519    9.89109  301.51056     96.686 0.0000e+00
   40.30672  -71.80008     45.934     45.576     6.7465    32.1063      7.967     0.0954 1.2351e-12  1025.3850     6.7425    25.1737     9.5639    291.536    9.89105  301.50942     96.692 0.0000e+00
   40.30672  -71.80008     45.944     45.586     6.7466    32.1063      7.967     0.0954 1.2351e-12  1025.3850     6.7427    25.1737     9.5645    291.554    9.89096  301.50678     96.699 0.0000e+00
   40.30672  -71.80008     45.974     45.616     6.7465    32.1062      7.967     0.0954 1.2351e-12  1025.3850     6.7425    25.1736     9.5652    291.577    9.89099  301.50766     96.706 0.0000e+00
   40.30672  -71.80008     45.996     45.638     6.7463    32.1062      7.967     0.0954 1.2351e-12  1025.3852     6.7423    25.1736     9.5660    291.600    9.89102  301.50842     96.714 0.0000e+00
   40.30672  -71.80008     46.005     45.646     6.7465    32.1062      7.967     0.0954 1.2351e-12  1025.3851     6.7425    25.1736     9.5667    291.622    9.89096  301.50690     96.722 0.0000e+00
   40.30672  -71.80008     46.037     45.677     6.7463    32.1063      7.967     0.0954 1.2351e-12  1025.3855     6.7423    25.1737     9.5611    291.452    9.89098  301.50733     96.665 0.0000e+00
   40.30672  -71.80008     46.056     45.697     6.7465    32.1064      7.967     0.1088 1.2351e-12  1025.3855     6.7425    25.1737     9.5611    291.451    9.89099  301.50780     96.664 0.0000e+00
   40.30672  -71.80008     46.088     45.728     6.7463    32.1064      7.967     0.0954 1.2351e-12  1025.3858     6.7423    25.1737     9.5676    291.649    9.89102  301.50868     96.730 -9.990e-29
   40.30672  -71.80008     46.088     45.728     6.7463    32.1063      7.967     0.1088 1.2351e-12  1025.3858     6.7424    25.1737     9.5622    291.484    9.89101  301.50825     96.675 -9.990e-29
   40.30672  -71.80008     46.118     45.758     6.7465    32.1063      7.967     0.0954 1.2351e-12  1025.3857     6.7425    25.1737     9.5623    291.487    9.89097  301.50692     96.677 0.0000e+00
   40.30672  -71.80008     46.139     45.779     6.7465    32.1065      7.967     0.0954 1.2351e-12  1025.3861     6.7425    25.1738     9.5624    291.492    9.89092  301.50536     96.679 0.0000e+00
   40.30672  -71.80008     46.158     45.798     6.7466    32.1067      7.967     0.0954 1.2351e-12  1025.3864     6.7426    25.1739     9.5617    291.469    9.89087  301.50364     96.672 0.0000e+00
   40.30672  -71.80008     46.169     45.809     6.7470    32.1067      7.967     0.0954 1.2351e-12  1025.3861     6.7430    25.1739     9.5610    291.448    9.89083  301.50263     96.665 0.0000e+00
   40.30672  -71.80008     46.190     45.829     6.7468    32.1067      7.967     0.0954 1.2660e-12  1025.3863     6.7428    25.1739     9.5604    291.430    9.89084  301.50281     96.659 0.0000e+00
   40.30672  -71.80008     46.220     45.859     6.7470    32.1068      7.967     0.0954 1.2660e-12  1025.3867     6.7430    25.1740     9.5608    291.443    9.89082  301.50240     96.664 -9.990e-29
   40.30672  -71.80008     46.220     45.859     6.7470    32.1068      7.967     0.0954 1.2660e-12  1025.3866     6.7430    25.1740     9.5613    291.459    9.89083  301.50272     96.669 -9.990e-29
   40.30672  -71.80008     46.250     45.890     6.7470    32.1068      7.967     0.0954 1.2351e-12  1025.3868     6.7430    25.1740     9.5619    291.477    9.89084  301.50290     96.675 0.0000e+00
   40.30672  -71.80008     46.260     45.899     6.7471    32.1066      7.967     0.0954 1.2351e-12  1025.3866     6.7431    25.1738     9.5616    291.467    9.89084  301.50292     96.671 0.0000e+00
   40.30672  -71.80008     46.290     45.929     6.7473    32.1064      7.967     0.1088 1.2351e-12  1025.3866     6.7433    25.1736     9.5623    291.489    9.89085  301.50339     96.678 0.0000e+00
   40.30672  -71.80008     46.301     45.940     6.7471    32.1062      7.967     0.0954 1.2351e-12  1025.3864     6.7431    25.1735     9.5621    291.483    9.89086  301.50337     96.676 0.0000e+00
   40.30672  -71.80008     46.322     45.961     6.7471    32.1061      7.967     0.0954 1.2351e-12  1025.3866     6.7431    25.1734     9.5619    291.477    9.89083  301.50265     96.675 0.0000e+00
   40.30672  -71.80008     46.332     45.970     6.7474    32.1060      7.967     0.0954 1.2351e-12  1025.3862     6.7434    25.1733     9.5618    291.472    9.89078  301.50111     96.673 0.0000e+00
   40.30672  -71.80008     46.353     45.991     6.7470    32.1061      7.967     0.0954 1.2351e-12  1025.3866     6.7430    25.1735     9.5617    291.471    9.89084  301.50306     96.673 0.0000e+00
