CalculateIndicators/WaterTemperature/Data/CTD_NYOS/20240915_C34.cnv
* Sea-Bird SBE 9 Data File:
* FileName = C:\Seabird 9 CTD\Data\2024\202409_offshore\20240915_C34.hex
* Software Version Seasave V 7.23.2
* Temperature SN = 4590
* Conductivity SN = 3228
* Number of Bytes Per Scan = 44
* Number of Voltage Words = 5
* Number of Scans Averaged by the Deck Unit = 1
* NMEA Latitude = 40 29.74 N
* NMEA Longitude = 071 55.69 W
* NMEA UTC (Time) = Sep 15 2024  06:38:55
* NMEA baud rate = 4800
** Ship: Seawolf
** Station: 11.3
** Operator: TCM
# nquan = 18
# nvalues = 14099                       
# units = specified
# name 0 = latitude: Latitude [deg]
# name 1 = longitude: Longitude [deg]
# name 2 = prDM: Pressure, Digiquartz [db]
# name 3 = depSM: Depth [salt water, m]
# name 4 = t090C: Temperature [ITS-90, deg C]
# name 5 = sal00: Salinity, Practical [PSU]
# name 6 = ph: pH
# name 7 = flECO-AFL: Fluorescence, WET Labs ECO-AFL/FL [mg/m^3]
# name 8 = cpar: CPAR/Corrected Irradiance [%]
# name 9 = density00: Density [density, kg/m^3]
# name 10 = potemp090C: Potential Temperature [ITS-90, deg C]
# name 11 = sigma-é00: Density [sigma-theta, kg/m^3]
# name 12 = sbeox0Mg/L: Oxygen, SBE 43 [mg/l]
# name 13 = sbox0Mm/Kg: Oxygen, SBE 43 [umol/kg]
# name 14 = oxsolMg/L: Oxygen Saturation, Garcia & Gordon [mg/l]
# name 15 = oxsolMm/Kg: Oxygen Saturation, Garcia & Gordon [umol/kg]
# name 16 = sbeox0PS: Oxygen, SBE 43 [% saturation]
# name 17 = flag:  0.000e+00
# span 0 =   40.49506,   40.49566       
# span 1 =  -71.93136,  -71.92816       
# span 2 =      1.807,     61.192       
# span 3 =      1.793,     60.711       
# span 4 =    10.1293,    20.9700       
# span 5 =    31.8222,    33.0664       
# span 6 =      7.864,      8.212       
# span 7 =    -0.0121,     3.5740       
# span 8 = 1.6880e-11, 9.9999e+04       
# span 9 =  1022.2674,  1025.6189       
# span 10 =    10.1235,    20.9691      
# span 11 =    22.2658,    25.3462      
# span 12 =     5.6697,     8.5524      
# span 13 =    172.800,    260.979      
# span 14 =    7.39235,    9.13792      
# span 15 =  225.98096,  278.58589      
# span 16 =     62.810,    103.852      
# span 17 = 0.0000e+00, 0.0000e+00      
# interval = seconds: 0.0416667
# start_time = Sep 15 2024 06:38:55 [System UTC, first data scan.]
# bad_flag = -9.990e-29
*END*
[from data line 13830]
   40.49508  -71.93128      2.063      2.047    20.9504    32.0721 -9.990e-29     0.0685 1.8677e+01  1022.2890    20.9500    22.2800     7.2887    222.812    7.39493  226.05829     98.564 -9.990e-29
   40.49508  -71.93128      2.052      2.037    20.9502    32.0715 -9.990e-29     0.0685 1.8961e+01  1022.2889    20.9499    22.2796     7.2891    222.825    7.39495  226.05888     98.569 -9.990e-29
   40.49508  -71.93128      2.062      2.046    20.9504    32.0686 -9.990e-29     0.0685 2.4673e+01  1022.2887    20.9500    22.2774     7.2895    222.835    7.39492  226.05808     98.574 -9.990e-29
   40.49508  -71.93128      2.062      2.046    20.9504    32.0612 -9.990e-29     0.0685 2.8439e+01  1022.2822    20.9500    22.2717     7.2899    222.847    7.39493  226.05828     98.579 -9.990e-29
   40.49508  -71.93128      2.062      2.046    20.9506    32.0560 -9.990e-29     0.0685 2.8861e+01  1022.2674    20.9502    22.2677     7.2859    222.726    7.39494  226.05852     98.526 -9.990e-29
   40.49508  -71.93128      2.073      2.057    20.9504    32.0605 -9.990e-29     0.0685 2.6258e+01  1022.2814    20.9500    22.2712     7.2903    222.860    7.39493  226.05835     98.585 -9.990e-29
   40.49508  -71.93128      2.062      2.046    20.9506    32.0677 -9.990e-29     0.0685 2.4600e+01  1022.2882    20.9502    22.2766     7.2907    222.872    7.39494  226.05868     98.590 -9.990e-29
   40.49508  -71.93128      2.083      2.067    20.9505    32.0706 -9.990e-29     0.0819 2.4382e+01  1022.2879    20.9502    22.2788     7.2911    222.885    7.39496  226.05900     98.596 -9.990e-29
   40.49508  -71.93128      2.083      2.067    20.9506    32.0714 -9.990e-29     0.0685 1.8961e+01  1022.2887    20.9502    22.2794     7.2961    223.039    7.39524  226.06886     98.660 -9.990e-29
   40.49508  -71.93128      2.094      2.077    20.9506    32.0718 -9.990e-29     0.0685 1.4817e+01  1022.2888    20.9502    22.2797     7.2970    223.067    7.39539  226.07378     98.670 -9.990e-29
   40.49508  -71.93128      2.094      2.077    20.9506    32.0720 -9.990e-29     0.0685 1.4104e+01  1022.2889    20.9502    22.2799     7.2927    222.933    7.39506  226.06256     98.616 -9.990e-29
   40.49508  -71.93128      2.113      2.096    20.9502    32.0721 -9.990e-29     0.0685 1.9600e+01  1022.2891    20.9498    22.2800     7.2973    223.074    7.39497  226.05940     98.679 -9.990e-29
   40.49508  -71.93128      2.113      2.096    20.9504    32.0721 -9.990e-29     0.0685 2.9636e+01  1022.2891    20.9500    22.2800     7.2936    222.962    7.39497  226.05951     98.630 -9.990e-29
   40.49508  -71.93128      2.133      2.117    20.9502    32.0721 -9.990e-29     0.0685 3.2748e+01  1022.2892    20.9498    22.2801     7.2983    223.106    7.39497  226.05927     98.693 -9.990e-29
   40.49508  -71.93128      2.143      2.126    20.9500    32.0721 -9.990e-29     0.0819 2.7047e+01  1022.2896    20.9496    22.2801     7.2990    223.126    7.39497  226.05951     98.702 -9.990e-29
   40.49508  -71.93128      2.154      2.137    20.9502    32.0720 -9.990e-29     0.0685 1.9076e+01  1022.2891    20.9498    22.2800     7.2997    223.147    7.39498  226.05976     98.712 -9.990e-29
   40.49508  -71.93128      2.175      2.158    20.9500    32.0719 -9.990e-29     0.0685 1.7158e+01  1022.2894    20.9496    22.2799     7.3003    223.167    7.39497  226.05942     98.720 -9.990e-29
   40.49508  -71.93128      2.186      2.169    20.9500    32.0719 -9.990e-29     0.0551 1.8066e+01  1022.2893    20.9496    22.2799     7.3010    223.187    7.39500  226.06041     98.729 -9.990e-29
   40.49508  -71.93128      2.194      2.177    20.9499    32.0720 -9.990e-29     0.0416 2.0690e+01  1022.2896    20.9495    22.2800     7.3016    223.206    7.39499  226.06017     98.738 -9.990e-29
   40.49508  -71.93128      2.214      2.197    20.9500    32.0721 -9.990e-29     0.0416 2.1706e+01  1022.2896    20.9496    22.2801     7.3066    223.359    7.39502  226.06094     98.805 -9.990e-29
   40.49508  -71.93128      2.235      2.218    20.9499    32.0721 -9.990e-29     0.0416 2.2231e+01  1022.2897    20.9495    22.2801     7.3032    223.254    7.39502  226.06103     98.758 -9.990e-29
   40.49508  -71.93128      2.245      2.227    20.9499    32.0721 -9.990e-29     0.0416 2.5191e+01  1022.2899    20.9495    22.2801     7.3038    223.273    7.39504  226.06153     98.766 -9.990e-29
   40.49508  -71.93128      2.245      2.227    20.9499    32.0721 -9.990e-29     0.0416 2.6650e+01  1022.2899    20.9495    22.2801     7.3087    223.421    7.39500  226.06025     98.833 -9.990e-29
   40.49508  -71.93128      2.265      2.248    20.9499    32.0720 -9.990e-29     0.0416 2.6493e+01  1022.2899    20.9495    22.2801     7.3096    223.448    7.39499  226.05991     98.845 -9.990e-29
   40.49508  -71.93128      2.267      2.249    20.9499    32.0720 -9.990e-29     0.0416 2.4094e+01  1022.2898    20.9495    22.2801     7.3104    223.474    7.39497  226.05927     98.856 -9.990e-29
   40.49508  -71.93128      2.286      2.268    20.9497    32.0720 -9.990e-29     0.0416 2.2905e+01  1022.2898    20.9493    22.2801     7.3108    223.488    7.39496  226.05916     98.863 -9.990e-29
   40.49508  -71.93128      2.296      2.278    20.9495    32.0720 -9.990e-29     0.0416 2.2836e+01  1022.2903    20.9491    22.2801     7.3117    223.512    7.39498  226.05979     98.873 -9.990e-29
   40.49508  -71.93128      2.305      2.287    20.9497    32.0720 -9.990e-29     0.0416 2.1967e+01  1022.2901    20.9493    22.2801     7.3124    223.535    7.39497  226.05929     98.883 -9.990e-29
   40.49508  -71.93128      2.305      2.287    20.9497    32.0718 -9.990e-29     0.0416 2.1448e+01  1022.2898    20.9493    22.2799     7.3128    223.546    7.39497  226.05930     98.888 -9.990e-29
   40.49508  -71.93128      2.305      2.287    20.9495    32.0712 -9.990e-29     0.0416 2.1383e+01  1022.2901    20.9491    22.2795     7.3087    223.422    7.39494  226.05860     98.833 -9.990e-29
   40.49508  -71.93128      2.326      2.308    20.9499    32.0701 -9.990e-29     0.0416 1.8734e+01  1022.2883    20.9494    22.2786     7.3086    223.420    7.39497  226.05936     98.833 -9.990e-29
   40.49508  -71.93128      2.316      2.298    20.9495    32.0695 -9.990e-29     0.0416 1.6746e+01  1022.2874    20.9491    22.2782     7.3129    223.549    7.39494  226.05855     98.890 -9.990e-29
   40.49508  -71.93128      2.316      2.298    20.9497    32.0702 -9.990e-29     0.0416 1.6392e+01  1022.2887    20.9493    22.2787     7.3095    223.449    7.39570  226.08450     98.834 -9.990e-29
   40.49508  -71.93128      2.316      2.298    20.9500    32.0713 -9.990e-29     0.0416 2.0628e+01  1022.2898    20.9496    22.2795     7.3095    223.451    7.39595  226.09308     98.832 -9.990e-29
   40.49508  -71.93128      2.316      2.298    20.9499    32.0718 -9.990e-29     0.0416 2.6808e+01  1022.2901    20.9495    22.2799     7.3130    223.553    7.39523  226.06818     98.888 -9.990e-29
   40.49508  -71.93128      2.326      2.308    20.9499    32.0719 -9.990e-29     0.0551 2.8439e+01  1022.2900    20.9494    22.2800     7.3128    223.548    7.39497  226.05953     98.889 -9.990e-29
   40.49508  -71.93128      2.316      2.298    20.9499    32.0720 -9.990e-29     0.0416 2.3457e+01  1022.2900    20.9495    22.2801     7.3129    223.550    7.39497  226.05928     98.890 -9.990e-29
   40.49508  -71.93128      2.316      2.298    20.9499    32.0721 -9.990e-29     0.0416 1.7106e+01  1022.2903    20.9495    22.2801     7.3125    223.539    7.39496  226.05904     98.885 -9.990e-29
   40.49508  -71.93128      2.307      2.289    20.9499    32.0720 -9.990e-29     0.0416 1.5610e+01  1022.2900    20.9495    22.2801     7.3121    223.526    7.39496  226.05896     98.879 -9.990e-29
   40.49508  -71.93128      2.305      2.287    20.9498    32.0720 -9.990e-29     0.0416 1.4501e+01  1022.2900    20.9494    22.2801     7.3076    223.390    7.39497  226.05930     98.819 -9.990e-29
   40.49508  -71.93128      2.296      2.278    20.9500    32.0720 -9.990e-29     0.0416 1.2073e+01  1022.2900    20.9496    22.2801     7.3111    223.496    7.39494  226.05845     98.866 -9.990e-29
   40.49508  -71.93128      2.296      2.278    20.9499    32.0718 -9.990e-29     0.0685 1.1301e+01  1022.2900    20.9495    22.2799     7.3109    223.489    7.39492  226.05796     98.864 -9.990e-29
   40.49508  -71.93128      2.275      2.257    20.9502    32.0712 -9.990e-29     0.0685 1.1885e+01  1022.2895    20.9498    22.2794     7.3106    223.481    7.39491  226.05752     98.860 -9.990e-29
   40.49508  -71.93128      2.275      2.257    20.9497    32.0689 -9.990e-29     0.0685 1.4412e+01  1022.2893    20.9493    22.2777     7.3100    223.461    7.39492  226.05780     98.851 -9.990e-29
   40.49508  -71.93128      2.265      2.248    20.9499    32.0662 -9.990e-29     0.0819 1.5563e+01  1022.2824    20.9495    22.2756     7.3096    223.450    7.39488  226.05654     98.847 -9.990e-29
   40.49508  -71.93128      2.235      2.218    20.9497    32.0667 -9.990e-29     0.0685 1.5997e+01  1022.2850    20.9493    22.2760     7.3097    223.454    7.39538  226.07394     98.841 -9.990e-29
   40.49508  -71.93128      2.235      2.218    20.9499    32.0695 -9.990e-29     0.0685 1.9838e+01  1022.2889    20.9495    22.2781     7.3134    223.567    7.39518  226.06702     98.894 -9.990e-29
   40.49508  -71.93128      2.214      2.197    20.9500    32.0712 -9.990e-29     0.0685 2.2033e+01  1022.2894    20.9496    22.2795     7.3091    223.434    7.39496  226.05932     98.839 -9.990e-29
   40.49508  -71.93128      2.205      2.188    20.9499    32.0717 -9.990e-29     0.0685 2.1771e+01  1022.2895    20.9495    22.2798     7.3085    223.417    7.39496  226.05928     98.831 -9.990e-29
   40.49508  -71.93128      2.205      2.188    20.9499    32.0717 -9.990e-29     0.0685 1.3974e+01  1022.2892    20.9495    22.2798     7.3128    223.548    7.39507  226.06312     98.887 -9.990e-29
   40.49508  -71.93128      2.194      2.177    20.9500    32.0717 -9.990e-29     0.0685 1.0709e+01  1022.2892    20.9496    22.2798     7.3084    223.414    7.39496  226.05921     98.830 -9.990e-29
   40.49508  -71.93128      2.175      2.158    20.9499    32.0718 -9.990e-29     0.0685 1.0406e+01  1022.2894    20.9495    22.2799     7.3081    223.404    7.39492  226.05800     98.826 -9.990e-29
   40.49508  -71.93128      2.165      2.148    20.9499    32.0718 -9.990e-29     0.0685 1.2495e+01  1022.2892    20.9495    22.2799     7.3078    223.394    7.39490  226.05737     98.822 -9.990e-29
   40.49508  -71.93128      2.154      2.137    20.9499    32.0717 -9.990e-29     0.0685 1.4323e+01  1022.2893    20.9495    22.2799     7.3071    223.372    7.39488  226.05657     98.813 -9.990e-29
   40.49508  -71.93128      2.143      2.126    20.9499    32.0715 -9.990e-29     0.0685 1.4636e+01  1022.2891    20.9495    22.2797     7.3067    223.361    7.39491  226.05750     98.807 -9.990e-29
   40.49508  -71.93128      2.143      2.126    20.9497    32.0700 -9.990e-29     0.0685 1.5232e+01  1022.2893    20.9493    22.2785     7.3106    223.481    7.39487  226.05646     98.861 -9.990e-29
   40.49508  -71.93128      2.124      2.107    20.9495    32.0670 -9.990e-29     0.0819 2.3922e+01  1022.2846    20.9491    22.2763     7.3061    223.344    7.39487  226.05632     98.800 -9.990e-29
   40.49508  -71.93128      2.133      2.117    20.9495    32.0660 -9.990e-29     0.0685 2.4142e+01  1022.2822    20.9491    22.2756     7.3061    223.343    7.39493  226.05857     98.799 -9.990e-29
   40.49508  -71.93128      2.103      2.087    20.9497    32.0684 -9.990e-29     0.0685 1.9824e+01  1022.2874    20.9493    22.2774     7.3060    223.339    7.39492  226.05824     98.797 -9.990e-29
   40.49508  -71.93128      2.103      2.087    20.9497    32.0709 -9.990e-29     0.0685 1.4927e+01  1022.2890    20.9493    22.2793     7.3054    223.321    7.39488  226.05661     98.790 -9.990e-29
   40.49508  -71.93128      2.094      2.077    20.9495    32.0718 -9.990e-29     0.0685 1.3817e+01  1022.2892    20.9491    22.2800     7.3052    223.315    7.39486  226.05611     98.787 -9.990e-29
   40.49508  -71.93130      2.105      2.088    20.9495    32.0720 -9.990e-29     0.0685 1.3907e+01  1022.2894    20.9491    22.2802     7.3046    223.298    7.39487  226.05648     98.780 -9.990e-29
   40.49508  -71.93130      2.083      2.067    20.9495    32.0720 -9.990e-29     0.0685 1.3997e+01  1022.2892    20.9491    22.2801     7.3044    223.291    7.39488  226.05661     98.777 -9.990e-29
   40.49508  -71.93130      2.083      2.067    20.9495    32.0720 -9.990e-29     0.0819 1.4042e+01  1022.2891    20.9491    22.2801     7.2998    223.151    7.39489  226.05706     98.714 -9.990e-29
   40.49508  -71.93130      2.083      2.067    20.9495    32.0720 -9.990e-29     0.0685 1.4133e+01  1022.2892    20.9491    22.2801     7.2992    223.132    7.39487  226.05652     98.706 -9.990e-29
   40.49508  -71.93130      2.083      2.067    20.9493    32.0719 -9.990e-29     0.0551 1.4548e+01  1022.2892    20.9490    22.2801     7.2986    223.113    7.39488  226.05663     98.698 -9.990e-29
   40.49508  -71.93130      2.083      2.067    20.9495    32.0718 -9.990e-29     0.0416 1.4737e+01  1022.2888    20.9491    22.2800     7.2980    223.094    7.39487  226.05637     98.690 -9.990e-29
   40.49508  -71.93130      2.073      2.057    20.9492    32.0719 -9.990e-29     0.0416 1.5216e+01  1022.2892    20.9488    22.2801     7.2974    223.077    7.39489  226.05712     98.682 -9.990e-29
   40.49508  -71.93130      2.083      2.067    20.9492    32.0719 -9.990e-29     0.0416 1.8743e+01  1022.2892    20.9488    22.2801     7.2972    223.070    7.39492  226.05792     98.678 -9.990e-29
   40.49508  -71.93130      2.094      2.077    20.9492    32.0718 -9.990e-29     0.0416 2.0576e+01  1022.2890    20.9488    22.2801     7.2966    223.052    7.39492  226.05784     98.670 -9.990e-29
   40.49508  -71.93130      2.094      2.077    20.9493    32.0719 -9.990e-29     0.0416 2.1222e+01  1022.2893    20.9490    22.2802     7.2960    223.034    7.39494  226.05870     98.662 -9.990e-29
   40.49508  -71.93130      2.113      2.097    20.9495    32.0721 -9.990e-29     0.0416 3.1504e+01  1022.2893    20.9491    22.2802     7.2958    223.027    7.39495  226.05885     98.659 -9.990e-29
   40.49508  -71.93130      2.113      2.097    20.9495    32.0721 -9.990e-29     0.0416 3.9271e+01  1022.2894    20.9491    22.2802     7.2956    223.022    7.39498  226.05966     98.656 -9.990e-29
   40.49508  -71.93130      2.133      2.117    20.9497    32.0720 -9.990e-29     0.0416 4.0093e+01  1022.2892    20.9493    22.2801     7.2954    223.017    7.39502  226.06084     98.654 -9.990e-29
   40.49508  -71.93130      2.143      2.126    20.9495    32.0720 -9.990e-29     0.0416 2.3344e+01  1022.2893    20.9491    22.2801     7.2909    222.878    7.39500  226.06026     98.592 -9.990e-29
   40.49508  -71.93130      2.154      2.137    20.9495    32.0721 -9.990e-29     0.0416 1.5860e+01  1022.2896    20.9491    22.2802     7.2904    222.863    7.39503  226.06119     98.585 -9.990e-29
   40.49508  -71.93130      2.175      2.158    20.9495    32.0721 -9.990e-29     0.0416 1.4927e+01  1022.2897    20.9491    22.2803     7.2943    222.982    7.39505  226.06184     98.638 -9.990e-29
   40.49508  -71.93130      2.186      2.169    20.9497    32.0719 -9.990e-29     0.0416 2.7931e+01  1022.2897    20.9493    22.2801     7.2899    222.847    7.39509  226.06314     98.577 -9.990e-29
   40.49508  -71.93130      2.214      2.197    20.9497    32.0711 -9.990e-29     0.0416 4.9701e+01  1022.2895    20.9493    22.2794     7.2891    222.824    7.39513  226.06432     98.566 -9.990e-29
