CalculateIndicators/WaterTemperature/Data/CTD_NYOS/20240708_C03.cnv
* Sea-Bird SBE 9 Data File:
* FileName = C:\Seabird 9 CTD\Data\2024\202407_offshore\20240708_C03.hex
* Software Version Seasave V 7.23.2
* Temperature SN = 4590
* Conductivity SN = 3228
* Number of Bytes Per Scan = 44
* Number of Voltage Words = 5
* Number of Scans Averaged by the Deck Unit = 1
* NMEA Latitude = 40 26.73 N
* NMEA Longitude = 073 43.02 W
* NMEA UTC (Time) = Jul 08 2024  09:02:46
* NMEA baud rate = 4800
** Ship: seawolf
** Station: HR2
** Operator: TDK
# nquan = 18
# nvalues = 11499                       
# units = specified
# name 0 = latitude: Latitude [deg]
# name 1 = longitude: Longitude [deg]
# name 2 = prDM: Pressure, Digiquartz [db]
# name 3 = depSM: Depth [salt water, m]
# name 4 = t090C: Temperature [ITS-90, deg C]
# name 5 = sal00: Salinity, Practical [PSU]
# name 6 = ph: pH
# name 7 = flECO-AFL: Fluorescence, WET Labs ECO-AFL/FL [mg/m^3]
# name 8 = cpar: CPAR/Corrected Irradiance [%]
# name 9 = density00: Density [density, kg/m^3]
# name 10 = potemp090C: Potential Temperature [ITS-90, deg C]
# name 11 = sigma-é00: Density [sigma-theta, kg/m^3]
# name 12 = sbeox0Mg/L: Oxygen, SBE 43 [mg/l]
# name 13 = sbox0Mm/Kg: Oxygen, SBE 43 [umol/kg]
# name 14 = oxsolMg/L: Oxygen Saturation, Garcia & Gordon [mg/l]
# name 15 = oxsolMm/Kg: Oxygen Saturation, Garcia & Gordon [umol/kg]
# name 16 = sbeox0PS: Oxygen, SBE 43 [% saturation]
# name 17 = flag:  0.000e+00
# span 0 =   40.44558,   40.44582       
# span 1 =  -73.71830,  -73.71700       
# span 2 =      1.474,     23.494       
# span 3 =      1.462,     23.311       
# span 4 =     9.5941,    21.4347       
# span 5 =    28.9223,    31.3589       
# span 6 =      7.798,      8.088       
# span 7 =     0.7803,     3.9635       
# span 8 = 1.6880e-11, 9.9999e+04       
# span 9 =  1019.7893,  1024.1500       
# span 10 =     9.5916,    21.4344      
# span 11 =    19.7852,    24.0442      
# span 12 =     5.9780,     9.4387      
# span 13 =    182.431,    288.229      
# span 14 =    7.46419,    9.33147      
# span 15 =  228.72884,  284.76966      
# span 16 =     64.084,    113.147      
# span 17 = 0.0000e+00, 0.0000e+00      
# interval = seconds: 0.0416667
# start_time = Jul 08 2024 09:02:49 [System UTC, first data scan.]
# bad_flag = -9.990e-29
*END*
[from data line 10855]
   40.44578  -73.71826      1.920      1.905    21.2922    28.9932      8.073     1.2236 2.1576e+01  1019.8595    21.2918    19.8510     8.3728    256.562    7.47305  228.99226    112.040 -9.990e-29
   40.44578  -73.71826      1.909      1.894    21.2937    28.9930      8.073     1.2236 2.1576e+01  1019.8589    21.2934    19.8505     8.3670    256.387    7.47213  228.96459    111.977 -9.990e-29
   40.44578  -73.71826      1.909      1.894    21.2950    28.9924      8.073     1.2236 2.1771e+01  1019.8580    21.2946    19.8496     8.3656    256.344    7.47113  228.93442    111.973 -9.990e-29
   40.44578  -73.71826      1.890      1.875    21.2960    28.9922      8.073     1.2236 2.1967e+01  1019.8567    21.2957    19.8489     8.3683    256.427    7.47020  228.90653    112.023 -9.990e-29
   40.44578  -73.71826      1.899      1.885    21.2973    28.9922      8.073     1.2236 2.2033e+01  1019.8568    21.2969    19.8487     8.3672    256.393    7.46945  228.88472    112.018 -9.990e-29
   40.44578  -73.71826      1.879      1.864    21.2982    28.9922      8.073     1.2236 2.2033e+01  1019.8570    21.2978    19.8486     8.3667    256.381    7.46901  228.87312    112.019 -9.990e-29
   40.44578  -73.71826      1.879      1.864    21.2992    28.9923      8.073     1.2236 2.2033e+01  1019.8565    21.2989    19.8485     8.3665    256.376    7.46879  228.86722    112.019 -9.990e-29
   40.44578  -73.71826      1.859      1.845    21.3004    28.9923      8.073     1.2236 2.2033e+01  1019.8565    21.3001    19.8484     8.3663    256.370    7.46858  228.86084    112.020 -9.990e-29
   40.44578  -73.71826      1.859      1.845    21.3011    28.9923      8.073     1.2236 2.2099e+01  1019.8568    21.3008    19.8479     8.3656    256.348    7.46826  228.85112    112.015 -9.990e-29
   40.44578  -73.71826      1.848      1.834    21.3026    28.9911      8.073     1.2236 2.2298e+01  1019.8545    21.3022    19.8468     8.3654    256.343    7.46807  228.84598    112.016 -9.990e-29
   40.44578  -73.71826      1.848      1.834    21.3026    28.9899      8.073     1.2236 2.2298e+01  1019.8533    21.3022    19.8458     8.3654    256.343    7.46802  228.84511    112.016 -9.990e-29
   40.44578  -73.71826      1.828      1.814    21.3019    28.9889      8.073     1.2236 2.2298e+01  1019.8538    21.3015    19.8451     8.3654    256.343    7.46801  228.84499    112.016 -9.990e-29
   40.44578  -73.71826      1.839      1.825    21.3024    28.9870      8.073     1.2101 2.2364e+01  1019.8519    21.3021    19.8439     8.3654    256.343    7.46800  228.84408    112.016 -9.990e-29
   40.44578  -73.71826      1.818      1.804    21.2997    28.9845      8.073     1.2236 2.2364e+01  1019.8496    21.2994    19.8427     8.3697    256.475    7.46791  228.84139    112.075 -9.990e-29
   40.44578  -73.71826      1.798      1.784    21.2943    28.9824      8.073     1.2236 2.2431e+01  1019.8504    21.2940    19.8422     8.3659    256.358    7.46777  228.83691    112.027 -9.990e-29
   40.44578  -73.71826      1.809      1.795    21.2900    28.9824      8.073     1.2236 2.2973e+01  1019.8494    21.2897    19.8420     8.3656    256.350    7.46755  228.82941    112.027 -9.990e-29
   40.44578  -73.71826      1.799      1.785    21.2846    28.9824      8.073     1.2101 2.3249e+01  1019.8487    21.2843    19.8432     8.3656    256.349    7.46718  228.81767    112.032 -9.990e-29
   40.44578  -73.71826      1.798      1.784    21.2769    28.9825      8.073     1.2236 2.3249e+01  1019.8545    21.2766    19.8467     8.3700    256.483    7.46678  228.80579    112.096 -9.990e-29
   40.44578  -73.71826      1.788      1.774    21.2715    28.9871      8.073     1.2236 2.2973e+01  1019.8588    21.2711    19.8516     8.3704    256.498    7.46650  228.79859    112.106 -9.990e-29
   40.44578  -73.71826      1.778      1.765    21.2675    28.9928      8.073     1.2236 2.2836e+01  1019.8649    21.2672    19.8568     8.3667    256.386    7.46642  228.79802    112.058 -9.990e-29
   40.44578  -73.71826      1.778      1.765    21.2670    28.9982      8.073     1.2101 2.2836e+01  1019.8704    21.2667    19.8610     8.3721    256.554    7.46696  228.81658    112.122 -9.990e-29
   40.44578  -73.71826      1.767      1.754    21.2697    29.0014      8.073     1.2236 2.3042e+01  1019.8716    21.2693    19.8630     8.3738    256.607    7.46779  228.84256    112.133 -9.990e-29
   40.44578  -73.71826      1.758      1.744    21.2735    29.0027      8.073     1.2236 2.3249e+01  1019.8709    21.2732    19.8630     8.3757    256.663    7.46876  228.87166    112.143 -9.990e-29
   40.44578  -73.71826      1.758      1.744    21.2787    29.0038      8.073     1.2101 2.3249e+01  1019.8693    21.2784    19.8625     8.3773    256.711    7.46953  228.89371    112.153 -9.990e-29
   40.44578  -73.71826      1.737      1.724    21.2843    29.0064      8.073     1.2236 2.3527e+01  1019.8698    21.2840    19.8630     8.3784    256.742    7.46978  228.89961    112.163 -9.990e-29
   40.44578  -73.71826      1.737      1.724    21.2894    29.0098      8.073     1.2101 2.3880e+01  1019.8727    21.2890    19.8640     8.3788    256.754    7.46950  228.88917    112.174 -9.990e-29
   40.44578  -73.71826      1.728      1.714    21.2974    29.0098      8.073     1.2236 2.3951e+01  1019.8725    21.2971    19.8636     8.3791    256.763    7.46910  228.87607    112.184 -9.990e-29
   40.44578  -73.71826      1.729      1.716    21.3064    29.0098      8.073     1.2236 2.3951e+01  1019.8693    21.3061    19.8607     8.3795    256.773    7.46872  228.86417    112.195 -9.990e-29
   40.44578  -73.71826      1.717      1.703    21.3158    29.0080      8.073     1.2236 2.3951e+01  1019.8634    21.3155    19.8561     8.3799    256.784    7.46834  228.85271    112.205 -9.990e-29
   40.44578  -73.71826      1.707      1.694    21.3237    29.0048      8.073     1.2236 2.3951e+01  1019.8579    21.3234    19.8516     8.3842    256.918    7.46797  228.84126    112.269 -9.990e-29
   40.44578  -73.71826      1.707      1.694    21.3297    29.0032      8.073     1.2236 2.3951e+01  1019.8554    21.3293    19.8485     8.3849    256.939    7.46758  228.82969    112.284 -9.990e-29
   40.44578  -73.71826      1.697      1.684    21.3364    29.0027      8.073     1.2236 2.3738e+01  1019.8539    21.3361    19.8465     8.3856    256.963    7.46727  228.82110    112.298 -9.990e-29
   40.44578  -73.71826      1.686      1.673    21.3426    29.0024      8.073     1.2236 2.3738e+01  1019.8521    21.3423    19.8447     8.3860    256.973    7.46693  228.81104    112.308 -9.990e-29
   40.44578  -73.71826      1.686      1.673    21.3480    29.0015      8.073     1.2236 2.3880e+01  1019.8503    21.3477    19.8424     8.3819    256.848    7.46659  228.80070    112.258 -9.990e-29
   40.44578  -73.71826      1.677      1.664    21.3537    28.9992      8.072     1.2236 2.4455e+01  1019.8470    21.3534    19.8393     8.3821    256.856    7.46655  228.80015    112.262 -9.990e-29
   40.44578  -73.71826      1.667      1.654    21.3587    28.9953      8.072     1.2236 2.4674e+01  1019.8429    21.3584    19.8351     8.3865    256.990    7.46659  228.80163    112.320 -9.990e-29
   40.44578  -73.71826      1.667      1.654    21.3625    28.9893      8.072     1.2236 2.4747e+01  1019.8380    21.3622    19.8297     8.3866    256.994    7.46651  228.79889    112.323 -9.990e-29
   40.44578  -73.71826      1.667      1.654    21.3642    28.9820      8.072     1.2236 2.4894e+01  1019.8292    21.3639    19.8238     8.3863    256.985    7.46611  228.78565    112.325 -9.990e-29
   40.44578  -73.71826      1.648      1.635    21.3614    28.9775      8.072     1.2236 2.4968e+01  1019.8251    21.3611    19.8203     8.3814    256.833    7.46551  228.76662    112.269 -9.990e-29
   40.44578  -73.71826      1.647      1.634    21.3587    28.9770      8.072     1.2236 2.4968e+01  1019.8267    21.3584    19.8206     8.3803    256.799    7.46505  228.75324    112.260 -9.990e-29
   40.44578  -73.71826      1.637      1.624    21.3567    28.9765      8.072     1.2101 2.5043e+01  1019.8312    21.3563    19.8217     8.3796    256.780    7.46471  228.74355    112.257 -9.990e-29
   40.44578  -73.71826      1.637      1.624    21.3568    28.9761      8.072     1.2101 2.5043e+01  1019.8281    21.3565    19.8210     8.3791    256.764    7.46450  228.73790    112.252 -9.990e-29
   40.44578  -73.71826      1.626      1.613    21.3546    28.9761      8.072     1.2236 2.5043e+01  1019.8256    21.3543    19.8199     8.3785    256.746    7.46430  228.73184    112.248 -9.990e-29
   40.44578  -73.71826      1.637      1.624    21.3503    28.9761      8.072     1.2236 2.5043e+01  1019.8261    21.3500    19.8210     8.3780    256.732    7.46419  228.72884    112.243 -9.990e-29
   40.44578  -73.71826      1.616      1.604    21.3463    28.9796      8.073     1.2236 2.4968e+01  1019.8304    21.3460    19.8260     8.3735    256.596    7.46445  228.73876    112.179 -9.990e-29
   40.44578  -73.71826      1.626      1.613    21.3431    28.9896      8.073     1.2236 2.4968e+01  1019.8424    21.3428    19.8340     8.3784    256.750    7.46559  228.77670    112.227 -9.990e-29
   40.44578  -73.71826      1.616      1.604    21.3464    28.9992      8.073     1.2236 2.5192e+01  1019.8505    21.3461    19.8406     8.3798    256.793    7.46723  228.82771    112.221 -9.990e-29
   40.44578  -73.71826      1.626      1.613    21.3535    29.0043      8.072     1.2101 2.5341e+01  1019.8517    21.3532    19.8430     8.3764    256.687    7.46855  228.86660    112.156 -9.990e-29
   40.44578  -73.71826      1.616      1.604    21.3607    29.0045      8.072     1.2101 2.5341e+01  1019.8498    21.3604    19.8421     8.3768    256.696    7.46962  228.89832    112.144 -9.990e-29
   40.44578  -73.71826      1.616      1.604    21.3678    29.0045      8.072     1.2101 2.5192e+01  1019.8470    21.3675    19.8400     8.3775    256.719    7.47074  228.93280    112.137 -9.990e-29
   40.44578  -73.71826      1.616      1.604    21.3754    29.0045      8.072     1.2101 2.4894e+01  1019.8446    21.3751    19.8375     8.3782    256.741    7.47215  228.97634    112.126 -9.990e-29
   40.44578  -73.71826      1.607      1.594    21.3823    29.0026      8.072     1.2101 2.4821e+01  1019.8425    21.3820    19.8342     8.3746    256.630    7.47364  229.02149    112.055 -9.990e-29
   40.44578  -73.71826      1.616      1.604    21.3893    28.9983      8.072     1.2101 2.4968e+01  1019.8370    21.3890    19.8292     8.3752    256.647    7.47497  229.06082    112.043 -9.990e-29
   40.44578  -73.71826      1.616      1.604    21.3953    28.9927      8.072     1.2101 2.5417e+01  1019.8289    21.3950    19.8235     8.3755    256.656    7.47607  229.09272    112.031 -9.990e-29
   40.44578  -73.71826      1.616      1.604    21.3981    28.9890      8.072     1.2101 2.5568e+01  1019.8253    21.3978    19.8198     8.3755    256.653    7.47680  229.11312    112.020 -9.990e-29
   40.44578  -73.71826      1.626      1.613    21.3996    28.9877      8.072     1.2101 2.5568e+01  1019.8253    21.3993    19.8182     8.3753    256.644    7.47736  229.12822    112.009 -9.990e-29
   40.44578  -73.71826      1.616      1.604    21.4018    28.9868      8.072     1.1967 2.5644e+01  1019.8248    21.4015    19.8169     8.3750    256.632    7.47777  229.13955    111.998 -9.990e-29
   40.44578  -73.71826      1.626      1.613    21.4041    28.9846      8.072     1.2101 2.5644e+01  1019.8221    21.4038    19.8148     8.3745    256.618    7.47812  229.14916    111.987 -9.990e-29
   40.44578  -73.71826      1.626      1.613    21.4059    28.9823      8.072     1.2101 2.5568e+01  1019.8184    21.4056    19.8126     8.3697    256.471    7.47846  229.15927    111.918 -9.990e-29
   40.44578  -73.71826      1.626      1.613    21.4060    28.9823      8.072     1.1967 2.4894e+01  1019.8182    21.4057    19.8119     8.3689    256.444    7.47869  229.16635    111.903 -9.990e-29
   40.44578  -73.71826      1.637      1.624    21.4055    28.9823      8.067     1.2101 2.4600e+01  1019.8198    21.4052    19.8125     8.3724    256.551    7.47885  229.17100    111.948 -9.990e-29
   40.44578  -73.71826      1.637      1.624    21.4061    28.9836      8.072     1.2101 2.4674e+01  1019.8199    21.4058    19.8134     8.3672    256.392    7.47882  229.16877    111.879 -9.990e-29
   40.44578  -73.71826      1.656      1.643    21.4063    28.9859      8.072     1.2101 2.5417e+01  1019.8218    21.4060    19.8150     8.3663    256.361    7.47856  229.15913    111.870 -9.990e-29
   40.44578  -73.71826      1.647      1.634    21.4066    28.9887      8.072     1.2101 2.5873e+01  1019.8247    21.4063    19.8169     8.3648    256.313    7.47809  229.14312    111.857 -9.990e-29
   40.44578  -73.71826      1.648      1.635    21.4085    28.9887      8.072     1.2101 2.5873e+01  1019.8262    21.4082    19.8177     8.3630    256.259    7.47739  229.12100    111.844 -9.990e-29
   40.44578  -73.71826      1.667      1.654    21.4115    28.9887      8.072     1.2101 2.4968e+01  1019.8252    21.4112    19.8158     8.3609    256.194    7.47630  229.08856    111.832 -9.990e-29
   40.44578  -73.71826      1.667      1.654    21.4158    28.9831      8.072     1.2101 2.4238e+01  1019.8190    21.4155    19.8106     8.3551    256.016    7.47546  229.06362    111.766 -9.990e-29
   40.44578  -73.71826      1.677      1.664    21.4197    28.9741      8.072     1.2101 2.4166e+01  1019.8103    21.4194    19.8031     8.3536    255.972    7.47491  229.04684    111.755 -9.990e-29
   40.44578  -73.71826      1.677      1.664    21.4197    28.9653      8.072     1.1967 2.3597e+01  1019.8009    21.4194    19.7965     8.3517    255.915    7.47424  229.02642    111.740 -9.990e-29
   40.44578  -73.71826      1.697      1.684    21.4151    28.9653      8.072     1.2101 2.3042e+01  1019.7986    21.4148    19.7939     8.3502    255.867    7.47348  229.00370    111.731 -9.990e-29
   40.44578  -73.71826      1.697      1.684    21.4075    28.9653      8.072     1.1967 2.2905e+01  1019.8018    21.4071    19.7962     8.3442    255.685    7.47262  228.97898    111.663 -9.990e-29
   40.44578  -73.71826      1.707      1.694    21.3999    28.9666      8.072     1.2101 2.3318e+01  1019.8083    21.3996    19.8018     8.3469    255.771    7.47196  228.96018    111.710 -9.990e-29
   40.44578  -73.71826      1.717      1.703    21.3949    28.9746      8.072     1.1833 2.3951e+01  1019.8170    21.3946    19.8091     8.3460    255.743    7.47159  228.94971    111.703 -9.990e-29
   40.44578  -73.71826      1.728      1.714    21.3939    28.9825      8.072     1.1698 2.4166e+01  1019.8247    21.3936    19.8156     8.3408    255.585    7.47127  228.94127    111.638 -9.990e-29
   40.44578  -73.71826      1.728      1.714    21.3951    28.9882      8.072     1.1698 2.4094e+01  1019.8284    21.3948    19.8197     8.3397    255.554    7.47102  228.93429    111.628 -9.990e-29
   40.44578  -73.71826      1.748      1.735    21.3971    28.9912      8.072     1.1564 2.4022e+01  1019.8300    21.3967    19.8215     8.3390    255.533    7.47096  228.93371    111.619 -9.990e-29
   40.44578  -73.71826      1.748      1.735    21.3997    28.9912      8.072     1.1698 2.3951e+01  1019.8295    21.3994    19.8218     8.3388    255.529    7.47134  228.94626    111.611 -9.990e-29
   40.44578  -73.71826      1.758      1.744    21.4023    28.9912      8.072     1.1564 2.4022e+01  1019.8293    21.4020    19.8210     8.3389    255.531    7.47188  228.96321    111.603 -9.990e-29
   40.44578  -73.71826      1.767      1.754    21.4055    28.9911      8.072     1.1698 2.4022e+01  1019.8276    21.4052    19.8192     8.3394    255.547    7.47243  228.97997    111.602 -9.990e-29
