CalculateIndicators/WaterTemperature/Data/CTD_NYOS/20240915_C36.cnv
* Sea-Bird SBE 9 Data File:
* FileName = C:\Seabird 9 CTD\Data\2024\202409_offshore\20240915_C36.hex
* Software Version Seasave V 7.23.2
* Temperature SN = 4590
* Conductivity SN = 3228
* Number of Bytes Per Scan = 44
* Number of Voltage Words = 5
* Number of Scans Averaged by the Deck Unit = 1
* NMEA Latitude = 40 53.44 N
* NMEA Longitude = 072 12.48 W
* NMEA UTC (Time) = Sep 15 2024  11:34:40
* NMEA baud rate = 4800
** Ship: Seawolf
** Station: 11.1
** Operator: TDK
# nquan = 18
# nvalues = 9465                        
# units = specified
# name 0 = latitude: Latitude [deg]
# name 1 = longitude: Longitude [deg]
# name 2 = prDM: Pressure, Digiquartz [db]
# name 3 = depSM: Depth [salt water, m]
# name 4 = t090C: Temperature [ITS-90, deg C]
# name 5 = sal00: Salinity, Practical [PSU]
# name 6 = ph: pH
# name 7 = flECO-AFL: Fluorescence, WET Labs ECO-AFL/FL [mg/m^3]
# name 8 = cpar: CPAR/Corrected Irradiance [%]
# name 9 = density00: Density [density, kg/m^3]
# name 10 = potemp090C: Potential Temperature [ITS-90, deg C]
# name 11 = sigma-é00: Density [sigma-theta, kg/m^3]
# name 12 = sbeox0Mg/L: Oxygen, SBE 43 [mg/l]
# name 13 = sbox0Mm/Kg: Oxygen, SBE 43 [umol/kg]
# name 14 = oxsolMg/L: Oxygen Saturation, Garcia & Gordon [mg/l]
# name 15 = oxsolMm/Kg: Oxygen Saturation, Garcia & Gordon [umol/kg]
# name 16 = sbeox0PS: Oxygen, SBE 43 [% saturation]
# name 17 = flag:  0.000e+00
# span 0 =   40.89056,   40.89068       
# span 1 =  -72.20992,  -72.20800       
# span 2 =      1.897,     20.669       
# span 3 =      1.882,     20.508       
# span 4 =    18.4662,    20.4244       
# span 5 =    30.9852,    31.3179       
# span 6 =      8.033,      8.157       
# span 7 =    -0.0524,     2.0026       
# span 8 = 6.1628e-01, 5.1630e+01       
# span 9 =  1021.6079,  1022.4178       
# span 10 =    18.4627,    20.4240      
# span 11 =    21.6069,    22.3277      
# span 12 =     6.6920,     7.7928      
# span 13 =    204.562,    238.314      
# span 14 =    7.51237,    7.77926      
# span 15 =  229.79571,  237.79666      
# span 16 =     86.113,    102.442      
# span 17 = 0.0000e+00, 0.0000e+00      
# interval = seconds: 0.0416667
# start_time = Sep 15 2024 11:34:40 [System UTC, first data scan.]
# bad_flag = -9.990e-29
*END*
[from data line 4905]
   40.89058  -72.20894      8.374      8.309    20.0009    31.0711      8.146     0.1625 5.0759e+00  1021.8028    19.9994    21.7679     7.6704    234.617    7.53879  230.59281    101.745 0.0000e+00
   40.89058  -72.20894      8.370      8.305    20.0107    31.0738      8.146     0.1625 5.0902e+00  1021.8044    20.0092    21.7670     7.6698    234.599    7.53838  230.57964    101.743 0.0000e+00
   40.89058  -72.20894      8.349      8.285    20.0246    31.0757      8.150     0.1625 5.0474e+00  1021.8035    20.0231    21.7646     7.6693    234.583    7.53800  230.56769    101.741 0.0000e+00
   40.89058  -72.20894      8.330      8.266    20.0459    31.0739      8.150     0.1625 5.0049e+00  1021.7965    20.0444    21.7583     7.6641    234.426    7.53739  230.54952    101.681 0.0000e+00
   40.89058  -72.20894      8.319      8.255    20.0674    31.0679      8.150     0.1491 4.9908e+00  1021.7855    20.0659    21.7488     7.6632    234.399    7.53679  230.53169    101.677 0.0000e+00
   40.89058  -72.20894      8.289      8.225    20.0848    31.0595      8.150     0.1222 5.0707e+00  1021.7735    20.0833    21.7380     7.6626    234.377    7.53635  230.51701    101.675 0.0000e+00
   40.89058  -72.20894      8.282      8.218    20.0987    31.0513      8.150     0.1222 5.2302e+00  1021.7624    20.0972    21.7283     7.6613    234.338    7.53562  230.49394    101.668 0.0000e+00
   40.89058  -72.20894      8.259      8.195    20.1071    31.0452      8.150     0.1222 5.2894e+00  1021.7561    20.1056    21.7212     7.6600    234.299    7.53477  230.46845    101.662 0.0000e+00
   40.89058  -72.20894      8.249      8.185    20.1134    31.0414      8.150     0.1222 5.3343e+00  1021.7511    20.1119    21.7165     7.6634    234.405    7.53410  230.44947    101.716 -9.990e-29
   40.89058  -72.20894      8.249      8.185    20.1180    31.0397      8.150     0.1222 5.5176e+00  1021.7489    20.1165    21.7139     7.6586    234.259    7.53365  230.43666    101.659 -9.990e-29
   40.89058  -72.20896      8.229      8.165    20.1221    31.0399      8.150     0.1222 5.6058e+00  1021.7484    20.1206    21.7130     7.6582    234.249    7.53350  230.43346    101.656 0.0000e+00
   40.89058  -72.20896      8.208      8.144    20.1252    31.0407      8.150     0.1222 5.6216e+00  1021.7488    20.1237    21.7127     7.6582    234.249    7.53397  230.44894    101.649 0.0000e+00
   40.89058  -72.20896      8.191      8.128    20.1291    31.0409      8.150     0.1222 5.7335e+00  1021.7480    20.1276    21.7118     7.6541    234.125    7.53483  230.47569    101.583 0.0000e+00
   40.89058  -72.20896      8.187      8.124    20.1340    31.0407      8.150     0.1222 5.7984e+00  1021.7454    20.1325    21.7105     7.6547    234.141    7.53574  230.50272    101.579 0.0000e+00
   40.89058  -72.20896      8.168      8.105    20.1372    31.0412      8.150     0.1222 5.8252e+00  1021.7451    20.1357    21.7098     7.6507    234.019    7.53649  230.52470    101.516 0.0000e+00
   40.89058  -72.20896      8.157      8.094    20.1417    31.0425      8.150     0.1222 5.7763e+00  1021.7453    20.1402    21.7096     7.6505    234.010    7.53717  230.54466    101.503 0.0000e+00
   40.89058  -72.20896      8.138      8.075    20.1485    31.0436      8.150     0.1357 5.7438e+00  1021.7446    20.1471    21.7089     7.6501    233.998    7.53763  230.55836    101.492 0.0000e+00
   40.89058  -72.20896      8.127      8.064    20.1547    31.0434      8.150     0.1222 5.7438e+00  1021.7438    20.1532    21.7072     7.6495    233.979    7.53779  230.56226    101.482 0.0000e+00
   40.89058  -72.20896      8.110      8.047    20.1603    31.0405      8.150     0.1222 5.7058e+00  1021.7398    20.1589    21.7034     7.6443    233.821    7.53772  230.55969    101.414 0.0000e+00
   40.89058  -72.20896      8.087      8.024    20.1667    31.0350      8.150     0.1222 5.6737e+00  1021.7331    20.1653    21.6979     7.6436    233.798    7.53751  230.55281    101.407 0.0000e+00
   40.89058  -72.20896      8.066      8.004    20.1708    31.0291      8.150     0.1222 5.6737e+00  1021.7260    20.1693    21.6925     7.6426    233.766    7.53726  230.54537    101.397 0.0000e+00
   40.89058  -72.20896      8.046      7.983    20.1716    31.0262      8.150     0.1222 5.6260e+00  1021.7218    20.1701    21.6899     7.6416    233.737    7.53699  230.53728    101.388 0.0000e+00
   40.89058  -72.20896      8.036      7.974    20.1704    31.0291      8.150     0.1222 5.5731e+00  1021.7247    20.1690    21.6921     7.6411    233.721    7.53664  230.52630    101.386 0.0000e+00
   40.89058  -72.20896      8.015      7.953    20.1692    31.0362      8.150     0.1222 5.5731e+00  1021.7336    20.1678    21.6971     7.6402    233.696    7.53625  230.51447    101.380 0.0000e+00
   40.89058  -72.20896      7.999      7.937    20.1753    31.0416      8.150     0.1222 5.5107e+00  1021.7386    20.1739    21.6996     7.6351    233.539    7.53591  230.50388    101.317 0.0000e+00
   40.89058  -72.20896      7.976      7.914    20.1899    31.0410      8.150     0.1222 5.4184e+00  1021.7323    20.1885    21.6965     7.6337    233.495    7.53509  230.47737    101.309 0.0000e+00
   40.89058  -72.20896      7.955      7.893    20.2006    31.0361      8.150     0.1222 5.3879e+00  1021.7246    20.1991    21.6903     7.6323    233.453    7.53416  230.45002    101.303 0.0000e+00
   40.89058  -72.20896      7.934      7.873    20.2065    31.0301      8.150     0.1222 5.3977e+00  1021.7174    20.2051    21.6842     7.6270    233.292    7.53360  230.43486    101.240 0.0000e+00
   40.89058  -72.20896      7.925      7.863    20.2078    31.0256      8.150     0.1222 5.3825e+00  1021.7126    20.2063    21.6802     7.6303    233.391    7.53296  230.41469    101.292 0.0000e+00
   40.89058  -72.20896      7.888      7.826    20.2062    31.0243      8.150     0.0954 5.3825e+00  1021.7124    20.2047    21.6793     7.6247    233.221    7.53194  230.38284    101.232 0.0000e+00
   40.89058  -72.20896      7.864      7.803    20.2046    31.0254      8.150     0.0954 5.3674e+00  1021.7147    20.2032    21.6804     7.6232    233.175    7.53108  230.35770    101.223 0.0000e+00
   40.89058  -72.20896      7.844      7.783    20.2046    31.0262      8.150     0.0954 5.3222e+00  1021.7167    20.2032    21.6809     7.6218    233.133    7.53025  230.33246    101.216 0.0000e+00
   40.89058  -72.20896      7.823      7.762    20.2075    31.0251      8.150     0.1088 5.2923e+00  1021.7137    20.2061    21.6795     7.6204    233.089    7.52925  230.30233    101.210 0.0000e+00
   40.89058  -72.20896      7.795      7.735    20.2100    31.0233      8.150     0.0954 5.2923e+00  1021.7103    20.2086    21.6774     7.6190    233.047    7.52818  230.26944    101.206 0.0000e+00
   40.89058  -72.20896      7.772      7.712    20.2130    31.0233      8.150     0.0954 5.3372e+00  1021.7096    20.2116    21.6763     7.6176    233.004    7.52695  230.23212    101.204 0.0000e+00
   40.89058  -72.20896      7.742      7.682    20.2200    31.0247      8.150     0.0954 5.3523e+00  1021.7104    20.2186    21.6754     7.6166    232.976    7.52605  230.20628    101.203 0.0000e+00
   40.89058  -72.20896      7.702      7.642    20.2328    31.0245      8.150     0.0954 5.3674e+00  1021.7078    20.2314    21.6725     7.6119    232.832    7.52566  230.19537    101.145 0.0000e+00
   40.89058  -72.20896      7.681      7.622    20.2458    31.0205      8.150     0.0954 5.3977e+00  1021.7011    20.2444    21.6668     7.6115    232.823    7.52550  230.19103    101.143 0.0000e+00
   40.89058  -72.20896      7.654      7.594    20.2525    31.0134      8.150     0.0954 5.4129e+00  1021.6917    20.2511    21.6601     7.6114    232.818    7.52536  230.18731    101.143 0.0000e+00
   40.89058  -72.20896      7.621      7.562    20.2490    31.0082      8.150     0.0954 5.4129e+00  1021.6856    20.2476    21.6566     7.6113    232.817    7.52520  230.18240    101.145 0.0000e+00
   40.89058  -72.20896      7.610      7.551    20.2402    31.0101      8.150     0.0954 5.4435e+00  1021.6891    20.2388    21.6595     7.6115    232.821    7.52509  230.17927    101.148 0.0000e+00
   40.89058  -72.20896      7.570      7.511    20.2323    31.0180      8.150     0.0954 5.4588e+00  1021.7013    20.2309    21.6670     7.6119    232.835    7.52511  230.18070    101.153 0.0000e+00
   40.89058  -72.20896      7.533      7.474    20.2316    31.0252      8.150     0.0954 5.4435e+00  1021.7093    20.2302    21.6728     7.6077    232.706    7.52518  230.18312    101.096 0.0000e+00
   40.89058  -72.20896      7.510      7.451    20.2360    31.0261      8.145     0.0954 5.4742e+00  1021.7081    20.2346    21.6731     7.6075    232.700    7.52508  230.17939    101.095 0.0000e+00
   40.89058  -72.20896      7.459      7.401    20.2386    31.0223      8.150     0.0954 5.5051e+00  1021.7010    20.2373    21.6697     7.6073    232.694    7.52487  230.17242    101.096 0.0000e+00
   40.89058  -72.20896      7.438      7.380    20.2365    31.0187      8.150     0.0954 5.5051e+00  1021.6977    20.2352    21.6671     7.6071    232.686    7.52441  230.15785    101.098 0.0000e+00
   40.89058  -72.20896      7.401      7.344    20.2346    31.0184      8.150     0.0954 5.5574e+00  1021.6983    20.2333    21.6673     7.6063    232.664    7.52376  230.13781    101.098 0.0000e+00
   40.89058  -72.20896      7.368      7.311    20.2330    31.0213      8.150     0.0954 5.6464e+00  1021.7012    20.2317    21.6698     7.6017    232.524    7.52316  230.12039    101.045 0.0000e+00
   40.89058  -72.20896      7.338      7.281    20.2334    31.0255      8.150     0.0954 5.6521e+00  1021.7056    20.2320    21.6730     7.6012    232.509    7.52277  230.10904    101.043 0.0000e+00
   40.89058  -72.20896      7.317      7.260    20.2353    31.0290      8.150     0.0954 5.6521e+00  1021.7076    20.2339    21.6753     7.6008    232.495    7.52238  230.09621    101.043 0.0000e+00
   40.89058  -72.20896      7.269      7.213    20.2372    31.0310      8.150     0.0954 5.6680e+00  1021.7087    20.2359    21.6761     7.6002    232.475    7.52159  230.07171    101.045 0.0000e+00
   40.89058  -72.20896      7.206      7.150    20.2418    31.0316      8.150     0.0954 5.6680e+00  1021.7068    20.2405    21.6755     7.5950    232.318    7.52063  230.04306    100.989 0.0000e+00
   40.89058  -72.20896      7.176      7.120    20.2465    31.0328      8.150     0.0954 5.6840e+00  1021.7045    20.2452    21.6755     7.5940    232.288    7.51996  230.02357    100.985 0.0000e+00
   40.89058  -72.20896      7.158      7.102    20.2478    31.0363      8.150     0.0954 5.7000e+00  1021.7088    20.2465    21.6774     7.5936    232.277    7.51976  230.01846    100.982 0.0000e+00
   40.89058  -72.20896      7.114      7.058    20.2511    31.0396      8.150     0.0954 5.7161e+00  1021.7122    20.2498    21.6790     7.5937    232.281    7.51992  230.02420    100.981 0.0000e+00
   40.89058  -72.20896      7.094      7.039    20.2576    31.0394      8.150     0.0954 5.7000e+00  1021.7096    20.2563    21.6774     7.5895    232.153    7.52008  230.02958    100.923 0.0000e+00
   40.89058  -72.20896      7.046      6.992    20.2641    31.0357      8.150     0.0954 5.6840e+00  1021.7036    20.2628    21.6731     7.5895    232.155    7.52024  230.03541    100.921 -9.990e-29
   40.89058  -72.20896      7.044      6.989    20.2688    31.0306      8.150     0.0954 5.6840e+00  1021.6989    20.2675    21.6680     7.5858    232.041    7.52054  230.04510    100.868 -9.990e-29
   40.89058  -72.20900      7.002      6.948    20.2721    31.0248      8.150     0.0954 5.7000e+00  1021.6927    20.2708    21.6630     7.5861    232.050    7.52099  230.05918    100.865 0.0000e+00
   40.89058  -72.20900      6.983      6.929    20.2707    31.0194      8.150     0.0954 5.9626e+00  1021.6881    20.2695    21.6592     7.5866    232.065    7.52149  230.07427    100.865 0.0000e+00
   40.89058  -72.20900      6.945      6.891    20.2658    31.0164      8.150     0.0954 6.1156e+00  1021.6861    20.2646    21.6580     7.5873    232.086    7.52205  230.09044    100.867 0.0000e+00
   40.89058  -72.20900      6.932      6.878    20.2588    31.0167      8.150     0.0954 6.1391e+00  1021.6890    20.2575    21.6598     7.5878    232.099    7.52257  230.10569    100.866 0.0000e+00
   40.89058  -72.20900      6.902      6.848    20.2522    31.0190      8.150     0.0954 6.3679e+00  1021.6936    20.2509    21.6631     7.5838    231.977    7.52293  230.11604    100.809 0.0000e+00
   40.89058  -72.20900      6.873      6.820    20.2467    31.0214      8.150     0.0954 6.5312e+00  1021.6963    20.2455    21.6663     7.5833    231.963    7.52300  230.11710    100.802 0.0000e+00
   40.89058  -72.20900      6.861      6.807    20.2427    31.0240      8.150     0.0954 6.5681e+00  1021.6988    20.2414    21.6693     7.5826    231.939    7.52262  230.10395    100.798 0.0000e+00
   40.89058  -72.20900      6.830      6.777    20.2402    31.0271      8.150     0.0954 6.4581e+00  1021.7025    20.2390    21.6723     7.5817    231.911    7.52190  230.08124    100.795 0.0000e+00
   40.89058  -72.20900      6.813      6.760    20.2399    31.0298      8.150     0.0954 6.3858e+00  1021.7046    20.2386    21.6745     7.5809    231.886    7.52111  230.05735    100.795 0.0000e+00
   40.89058  -72.20900      6.791      6.738    20.2407    31.0314      8.150     0.0954 6.3500e+00  1021.7059    20.2395    21.6756     7.5755    231.722    7.52040  230.03637    100.733 0.0000e+00
   40.89058  -72.20900      6.780      6.727    20.2427    31.0320      8.150     0.0954 6.3321e+00  1021.7049    20.2414    21.6756     7.5741    231.678    7.51945  230.00741    100.727 0.0000e+00
   40.89058  -72.20900      6.752      6.700    20.2446    31.0326      8.150     0.0954 6.3143e+00  1021.7043    20.2434    21.6756     7.5727    231.637    7.51839  229.97578    100.722 0.0000e+00
   40.89058  -72.20900      6.749      6.697    20.2464    31.0338      8.150     0.0954 6.2966e+00  1021.7057    20.2451    21.6759     7.5718    231.612    7.51770  229.95572    100.720 0.0000e+00
   40.89058  -72.20900      6.719      6.667    20.2491    31.0354      8.150     0.0954 6.2612e+00  1021.7049    20.2479    21.6766     7.5717    231.608    7.51754  229.95190    100.720 0.0000e+00
   40.89058  -72.20900      6.711      6.659    20.2507    31.0384      8.150     0.0954 6.1737e+00  1021.7064    20.2495    21.6782     7.5676    231.483    7.51771  229.95807    100.663 -9.990e-29
   40.89058  -72.20900      6.710      6.657    20.2539    31.0413      8.150     0.0954 6.1564e+00  1021.7122    20.2527    21.6793     7.5674    231.477    7.51797  229.96641    100.657 -9.990e-29
   40.89058  -72.20900      6.689      6.637    20.2620    31.0401      8.150     0.0954 6.1564e+00  1021.7067    20.2608    21.6768     7.5673    231.474    7.51815  229.97193    100.653 0.0000e+00
   40.89058  -72.20900      6.671      6.619    20.2685    31.0376      8.150     0.0954 6.1391e+00  1021.6990    20.2673    21.6734     7.5673    231.474    7.51832  229.97684    100.651 0.0000e+00
   40.89058  -72.20900      6.668      6.617    20.2715    31.0384      8.150     0.0954 6.1218e+00  1021.7019    20.2703    21.6728     7.5672    231.473    7.51865  229.98719    100.646 0.0000e+00
   40.89058  -72.20900      6.641      6.589    20.2776    31.0402      8.149     0.0954 6.1737e+00  1021.7034    20.2764    21.6727     7.5678    231.490    7.51905  229.99922    100.648 -9.990e-29
   40.89058  -72.20900      6.649      6.597    20.2848    31.0402      8.149     0.0819 6.3973e+00  1021.6991    20.2836    21.6710     7.5636    231.362    7.51942  230.01010    100.588 -9.990e-29
