CalculateIndicators/WaterTemperature/Data/CTD_NYOS/20240911_C02.cnv
* Sea-Bird SBE 9 Data File:
* FileName = C:\Seabird 9 CTD\Data\2024\202409_offshore\20240911_C02.hex
* Software Version Seasave V 7.23.2
* Temperature SN = 4590
* Conductivity SN = 3228
* Number of Bytes Per Scan = 44
* Number of Voltage Words = 5
* Number of Scans Averaged by the Deck Unit = 1
* NMEA Latitude = 40 25.63 N
* NMEA Longitude = 073 50.21 W
* NMEA UTC (Time) = Sep 11 2024  22:59:46
* NMEA baud rate = 4800
** Ship: Seawolf
** Station: HR1
** Operator: TCM
# nquan = 18
# nvalues = 10857                       
# units = specified
# name 0 = latitude: Latitude [deg]
# name 1 = longitude: Longitude [deg]
# name 2 = prDM: Pressure, Digiquartz [db]
# name 3 = depSM: Depth [salt water, m]
# name 4 = t090C: Temperature [ITS-90, deg C]
# name 5 = sal00: Salinity, Practical [PSU]
# name 6 = ph: pH
# name 7 = flECO-AFL: Fluorescence, WET Labs ECO-AFL/FL [mg/m^3]
# name 8 = cpar: CPAR/Corrected Irradiance [%]
# name 9 = density00: Density [density, kg/m^3]
# name 10 = potemp090C: Potential Temperature [ITS-90, deg C]
# name 11 = sigma-é00: Density [sigma-theta, kg/m^3]
# name 12 = sbeox0Mg/L: Oxygen, SBE 43 [mg/l]
# name 13 = sbox0Mm/Kg: Oxygen, SBE 43 [umol/kg]
# name 14 = oxsolMg/L: Oxygen Saturation, Garcia & Gordon [mg/l]
# name 15 = oxsolMm/Kg: Oxygen Saturation, Garcia & Gordon [umol/kg]
# name 16 = sbeox0PS: Oxygen, SBE 43 [% saturation]
# name 17 = flag:  0.000e+00
# span 0 =   40.42724,   40.42754       
# span 1 =  -73.83690,  -73.83636       
# span 2 =      1.619,     21.786       
# span 3 =      1.606,     21.617       
# span 4 =    10.4338,    20.9842       
# span 5 =    30.3751,    31.8901       
# span 6 =      7.750,      8.284       
# span 7 =     0.4311,     3.7889       
# span 8 = 1.3326e-12, 1.7758e+01       
# span 9 =  1020.9487,  1024.5088       
# span 10 =    10.4313,    20.9826      
# span 11 =    20.9912,    24.4106      
# span 12 =     5.4392,     8.7959      
# span 13 =    166.219,    269.214      
# span 14 =    7.46170,    9.12554      
# span 15 =  228.37924,  278.39224      
# span 16 =     62.996,    117.880      
# span 17 = 0.0000e+00, 0.0000e+00      
# interval = seconds: 0.0416667
# start_time = Sep 11 2024 22:59:49 [System UTC, first data scan.]
# bad_flag = -9.990e-29
*END*
[from data line 1850]
   40.42726  -73.83682     21.340     21.175    10.5481    31.7884 -9.990e-29     0.5117 1.3686e-12  1024.4500    10.5457    24.3540     6.0970    186.005    9.10457  277.75723     66.967 -9.990e-29
   40.42726  -73.83682     21.338     21.172    10.5479    31.7889 -9.990e-29     0.5117 1.3686e-12  1024.4505    10.5454    24.3544     6.0969    186.002    9.10463  277.75899     66.965 -9.990e-29
   40.42726  -73.83682     21.340     21.175    10.5481    31.7900 -9.990e-29     0.5117 1.3686e-12  1024.4515    10.5457    24.3553     6.0969    186.000    9.10467  277.76032     66.964 -9.990e-29
   40.42726  -73.83682     21.347     21.182    10.5482    31.7913 -9.990e-29     0.5117 1.3686e-12  1024.4529    10.5458    24.3562     6.0969    186.000    9.10475  277.76254     66.964 -9.990e-29
   40.42726  -73.83682     21.350     21.185    10.5484    31.7918 -9.990e-29     0.5117 1.3686e-12  1024.4535    10.5459    24.3565     6.0969    186.001    9.10484  277.76540     66.963 -9.990e-29
   40.42726  -73.83682     21.357     21.191    10.5494    31.7914 -9.990e-29     0.5252 1.3686e-12  1024.4526    10.5470    24.3562     6.0977    186.024    9.10485  277.76564     66.972 -9.990e-29
   40.42726  -73.83682     21.361     21.195    10.5497    31.7905 -9.990e-29     0.5117 1.3686e-12  1024.4522    10.5472    24.3554     6.0978    186.027    9.10489  277.76692     66.972 -9.990e-29
   40.42726  -73.83682     21.368     21.202    10.5506    31.7890 -9.990e-29     0.5117 1.3686e-12  1024.4507    10.5481    24.3541     6.0979    186.031    9.10495  277.76894     66.973 -9.990e-29
   40.42726  -73.83682     21.371     21.205    10.5509    31.7874 -9.990e-29     0.5117 1.3686e-12  1024.4488    10.5485    24.3527     6.0924    185.863    9.10503  277.77116     66.912 -9.990e-29
   40.42726  -73.83682     21.380     21.215    10.5509    31.7862 -9.990e-29     0.5252 1.3686e-12  1024.4481    10.5484    24.3518     6.0976    186.021    9.10507  277.77243     66.969 -9.990e-29
   40.42726  -73.83682     21.387     21.221    10.5507    31.7857 -9.990e-29     0.5252 1.3686e-12  1024.4480    10.5483    24.3515     6.0979    186.030    9.10519  277.77604     66.971 -9.990e-29
   40.42726  -73.83682     21.380     21.215    10.5505    31.7855 -9.990e-29     0.5117 1.3686e-12  1024.4478    10.5481    24.3513     6.0982    186.039    9.10524  277.77788     66.974 -9.990e-29
   40.42726  -73.83682     21.387     21.221    10.5502    31.7853 -9.990e-29     0.5117 1.3686e-12  1024.4476    10.5478    24.3512     6.0985    186.049    9.10532  277.78009     66.977 -9.990e-29
   40.42726  -73.83682     21.401     21.235    10.5502    31.7851 -9.990e-29     0.5252 1.3686e-12  1024.4478    10.5478    24.3511     6.0988    186.059    9.10536  277.78125     66.980 -9.990e-29
   40.42726  -73.83682     21.398     21.232    10.5499    31.7850 -9.990e-29     0.5117 1.3686e-12  1024.4474    10.5474    24.3511     6.0992    186.069    9.10536  277.78132     66.984 -9.990e-29
   40.42726  -73.83682     21.411     21.245    10.5492    31.7852 -9.990e-29     0.5117 1.3686e-12  1024.4481    10.5468    24.3513     6.0996    186.082    9.10545  277.78397     66.988 -9.990e-29
   40.42726  -73.83682     21.408     21.242    10.5489    31.7854 -9.990e-29     0.5117 1.3686e-12  1024.4482    10.5465    24.3515     6.1000    186.096    9.10551  277.78570     66.993 -9.990e-29
   40.42726  -73.83682     21.422     21.256    10.5491    31.7855 -9.990e-29     0.5117 1.3686e-12  1024.4482    10.5466    24.3516     6.1005    186.110    9.10556  277.78703     66.997 -9.990e-29
   40.42726  -73.83682     21.419     21.253    10.5481    31.7855 -9.990e-29     0.5252 1.3686e-12  1024.4487    10.5457    24.3517     6.1009    186.124    9.10557  277.78754     67.002 -9.990e-29
   40.42726  -73.83682     21.422     21.256    10.5484    31.7853 -9.990e-29     0.5117 1.3686e-12  1024.4481    10.5459    24.3516     6.1014    186.139    9.10560  277.78843     67.008 -9.990e-29
   40.42726  -73.83682     21.431     21.265    10.5477    31.7852 -9.990e-29     0.5117 1.3686e-12  1024.4484    10.5453    24.3516     6.1020    186.156    9.10565  277.79001     67.013 -9.990e-29
   40.42726  -73.83682     21.438     21.272    10.5477    31.7853 -9.990e-29     0.5117 1.3686e-12  1024.4483    10.5453    24.3517     6.0961    185.977    9.10572  277.79223     66.948 -9.990e-29
   40.42726  -73.83682     21.431     21.265    10.5472    31.7854 -9.990e-29     0.5117 1.3686e-12  1024.4487    10.5448    24.3518     6.0961    185.975    9.10583  277.79570     66.947 -9.990e-29
   40.42726  -73.83682     21.438     21.272    10.5469    31.7855 -9.990e-29     0.5117 1.3686e-12  1024.4487    10.5445    24.3520     6.1018    186.150    9.10596  277.80006     67.008 -9.990e-29
   40.42726  -73.83682     21.442     21.276    10.5464    31.7856 -9.990e-29     0.5117 1.3686e-12  1024.4489    10.5440    24.3521     6.0969    186.001    9.10620  277.80771     66.953 -9.990e-29
   40.42726  -73.83682     21.438     21.272    10.5462    31.7858 -9.990e-29     0.5117 1.3686e-12  1024.4492    10.5438    24.3523     6.0971    186.007    9.10646  277.81582     66.953 -9.990e-29
   40.42726  -73.83682     21.452     21.286    10.5461    31.7861 -9.990e-29     0.5117 1.3686e-12  1024.4493    10.5436    24.3525     6.1030    186.189    9.10672  277.82386     67.017 -9.990e-29
   40.42726  -73.83682     21.449     21.283    10.5456    31.7862 -9.990e-29     0.5117 1.3686e-12  1024.4498    10.5431    24.3527     6.0983    186.046    9.10698  277.83166     66.963 -9.990e-29
   40.42726  -73.83682     21.452     21.286    10.5456    31.7861 -9.990e-29     0.5252 1.3686e-12  1024.4493    10.5431    24.3527     6.0986    186.054    9.10714  277.83636     66.965 -9.990e-29
   40.42726  -73.83682     21.459     21.293    10.5451    31.7860 -9.990e-29     0.5520 1.3686e-12  1024.4496    10.5426    24.3527     6.0990    186.064    9.10733  277.84183     66.968 -9.990e-29
   40.42726  -73.83682     21.452     21.286    10.5451    31.7860 -9.990e-29     0.5654 1.3686e-12  1024.4496    10.5426    24.3527     6.0986    186.053    9.10748  277.84628     66.962 -9.990e-29
   40.42726  -73.83682     21.449     21.283    10.5446    31.7860 -9.990e-29     0.5654 1.3686e-12  1024.4494    10.5421    24.3528     6.0983    186.043    9.10765  277.85149     66.958 -9.990e-29
   40.42726  -73.83682     21.462     21.295    10.5439    31.7862 -9.990e-29     0.5520 1.3686e-12  1024.4501    10.5415    24.3530     6.0980    186.034    9.10783  277.85682     66.953 -9.990e-29
   40.42726  -73.83682     21.452     21.286    10.5438    31.7864 -9.990e-29     0.5520 1.3686e-12  1024.4500    10.5413    24.3532     6.0977    186.025    9.10796  277.86063     66.949 -9.990e-29
   40.42726  -73.83682     21.459     21.293    10.5436    31.7867 -9.990e-29     0.5654 1.3686e-12  1024.4503    10.5412    24.3534     6.0974    186.017    9.10812  277.86527     66.945 -9.990e-29
   40.42726  -73.83682     21.452     21.286    10.5431    31.7870 -9.990e-29     0.5654 1.3686e-12  1024.4507    10.5407    24.3537     6.0915    185.835    9.10823  277.86845     66.879 -9.990e-29
   40.42726  -73.83682     21.459     21.293    10.5431    31.7872 -9.990e-29     0.5654 1.3686e-12  1024.4508    10.5407    24.3539     6.0962    185.980    9.10831  277.87068     66.931 -9.990e-29
   40.42726  -73.83682     21.462     21.295    10.5429    31.7872 -9.990e-29     0.5654 1.3686e-12  1024.4509    10.5405    24.3539     6.0961    185.976    9.10841  277.87381     66.928 -9.990e-29
   40.42726  -73.83682     21.459     21.293    10.5428    31.7872 -9.990e-29     0.5654 1.3686e-12  1024.4508    10.5403    24.3539     6.0959    185.971    9.10849  277.87628     66.926 -9.990e-29
   40.42726  -73.83682     21.452     21.286    10.5426    31.7871 -9.990e-29     0.5654 1.3686e-12  1024.4508    10.5402    24.3539     6.0901    185.792    9.10852  277.87698     66.861 -9.990e-29
   40.42726  -73.83682     21.459     21.293    10.5423    31.7870 -9.990e-29     0.5520 1.3686e-12  1024.4506    10.5398    24.3539     6.0950    185.941    9.10858  277.87827     66.915 -9.990e-29
   40.42726  -73.83682     21.452     21.286    10.5421    31.7872 -9.990e-29     0.5520 1.3686e-12  1024.4509    10.5397    24.3541     6.0949    185.939    9.10859  277.87853     66.914 -9.990e-29
   40.42726  -73.83682     21.459     21.293    10.5418    31.7874 -9.990e-29     0.5654 1.3686e-12  1024.4512    10.5393    24.3543     6.0948    185.936    9.10855  277.87715     66.913 -9.990e-29
   40.42726  -73.83682     21.462     21.295    10.5416    31.7876 -9.990e-29     0.5654 1.3686e-12  1024.4515    10.5392    24.3545     6.0891    185.760    9.10851  277.87552     66.850 -9.990e-29
   40.42726  -73.83682     21.462     21.295    10.5413    31.7876 -9.990e-29     0.5654 1.3686e-12  1024.4516    10.5389    24.3545     6.0883    185.737    9.10840  277.87205     66.842 -9.990e-29
   40.42726  -73.83682     21.449     21.283    10.5413    31.7875 -9.990e-29     0.5520 1.3686e-12  1024.4511    10.5388    24.3545     6.0876    185.715    9.10832  277.86909     66.836 -9.990e-29
   40.42726  -73.83682     21.462     21.295    10.5409    31.7875 -9.990e-29     0.5520 1.3686e-12  1024.4515    10.5385    24.3545     6.0869    185.696    9.10823  277.86630     66.829 -9.990e-29
   40.42726  -73.83682     21.449     21.283    10.5406    31.7875 -9.990e-29     0.5654 1.3686e-12  1024.4515    10.5382    24.3546     6.0920    185.850    9.10805  277.86073     66.886 -9.990e-29
   40.42726  -73.83682     21.462     21.295    10.5405    31.7874 -9.990e-29     0.5520 1.3686e-12  1024.4516    10.5380    24.3545     6.0864    185.679    9.10788  277.85558     66.826 -9.990e-29
   40.42726  -73.83682     21.459     21.293    10.5403    31.7873 -9.990e-29     0.5654 1.4067e-12  1024.4513    10.5378    24.3544     6.0859    185.662    9.10769  277.84981     66.821 -9.990e-29
   40.42726 -9.990e-29     21.452     21.286    10.5401    31.7872 -9.990e-29     0.5654 1.3686e-12  1024.4511    10.5377    24.3544     6.0854    185.649    9.10758  277.84694     66.817 -9.990e-29
   40.42726 -9.990e-29     21.449     21.283    10.5396    31.7872 -9.990e-29     0.5654 1.4067e-12  1024.4515    10.5372    24.3545     6.0907    185.810    9.10739  277.84123     66.876 -9.990e-29
   40.42726 -9.990e-29     21.462     21.295    10.5391    31.7872 -9.990e-29     0.5520 1.4067e-12  1024.4516    10.5367    24.3545     6.0853    185.646    9.10722  277.83613     66.818 -9.990e-29
   40.42726 -9.990e-29     21.459     21.293    10.5393    31.7870 -9.990e-29     0.5789 1.4067e-12  1024.4511    10.5369    24.3544     6.0907    185.811    9.10712  277.83335     66.879 -9.990e-29
   40.42726 -9.990e-29     21.462     21.295    10.5390    31.7869 -9.990e-29     0.5923 1.4067e-12  1024.4515    10.5365    24.3544     6.0855    185.651    9.10700  277.82960     66.822 -9.990e-29
   40.42726 -9.990e-29     21.459     21.293    10.5388    31.7868 -9.990e-29     0.5923 1.4067e-12  1024.4511    10.5363    24.3543     6.0853    185.645    9.10688  277.82610     66.820 -9.990e-29
   40.42726 -9.990e-29     21.462     21.295    10.5385    31.7867 -9.990e-29     0.5789 1.4067e-12  1024.4511    10.5360    24.3543     6.0851    185.641    9.10679  277.82343     66.820 -9.990e-29
   40.42726 -9.990e-29     21.462     21.295    10.5381    31.7867 -9.990e-29     0.5923 1.4067e-12  1024.4515    10.5357    24.3543     6.0900    185.789    9.10665  277.81900     66.874 -9.990e-29
   40.42726 -9.990e-29     21.469     21.302    10.5376    31.7865 -9.990e-29     0.5923 1.4067e-12  1024.4513    10.5352    24.3543     6.0850    185.636    9.10659  277.81759     66.819 -9.990e-29
   40.42726 -9.990e-29     21.473     21.306    10.5375    31.7864 -9.990e-29     0.5923 1.4067e-12  1024.4510    10.5350    24.3542     6.0850    185.636    9.10655  277.81608     66.820 -9.990e-29
   40.42726 -9.990e-29     21.459     21.293    10.5370    31.7866 -9.990e-29     0.5789 1.4067e-12  1024.4513    10.5345    24.3544     6.0850    185.638    9.10644  277.81278     66.821 -9.990e-29
   40.42726 -9.990e-29     21.473     21.306    10.5366    31.7868 -9.990e-29     0.5789 1.4067e-12  1024.4518    10.5342    24.3546     6.0852    185.642    9.10637  277.81045     66.823 -9.990e-29
   40.42726 -9.990e-29     21.480     21.313    10.5367    31.7868 -9.990e-29     0.5789 1.4067e-12  1024.4517    10.5342    24.3547     6.0853    185.647    9.10629  277.80797     66.826 -9.990e-29
   40.42726 -9.990e-29     21.473     21.306    10.5363    31.7868 -9.990e-29     0.5789 1.4067e-12  1024.4515    10.5339    24.3548     6.0856    185.656    9.10629  277.80822     66.829 -9.990e-29
   40.42726 -9.990e-29     21.480     21.313    10.5358    31.7870 -9.990e-29     0.5923 1.4067e-12  1024.4521    10.5334    24.3550     6.0860    185.666    9.10622  277.80582     66.833 -9.990e-29
   40.42726 -9.990e-29     21.482     21.316    10.5355    31.7873 -9.990e-29     0.5923 1.4067e-12  1024.4524    10.5330    24.3553     6.0864    185.680    9.10625  277.80696     66.838 -9.990e-29
   40.42726 -9.990e-29     21.489     21.323    10.5355    31.7873 -9.990e-29     0.5789 1.4067e-12  1024.4522    10.5330    24.3553     6.0868    185.693    9.10620  277.80548     66.843 -9.990e-29
   40.42726 -9.990e-29     21.482     21.316    10.5353    31.7871 -9.990e-29     0.5789 1.4067e-12  1024.4523    10.5329    24.3552     6.0874    185.710    9.10619  277.80523     66.849 -9.990e-29
   40.42726 -9.990e-29     21.489     21.323    10.5352    31.7868 -9.990e-29     0.5923 1.4067e-12  1024.4520    10.5327    24.3549     6.0879    185.727    9.10614  277.80383     66.855 -9.990e-29
   40.42726 -9.990e-29     21.492     21.325    10.5350    31.7861 -9.990e-29     0.5789 1.4067e-12  1024.4518    10.5325    24.3544     6.0886    185.748    9.10617  277.80513     66.863 -9.990e-29
   40.42726 -9.990e-29     21.500     21.334    10.5348    31.7850 -9.990e-29     0.5923 1.4067e-12  1024.4508    10.5324    24.3537     6.0886    185.748    9.10621  277.80628     66.862 -9.990e-29
   40.42726 -9.990e-29     21.503     21.336    10.5345    31.7838 -9.990e-29     0.5923 1.4067e-12  1024.4499    10.5321    24.3528     6.0886    185.748    9.10623  277.80697     66.862 -9.990e-29
   40.42726 -9.990e-29     21.492     21.325    10.5337    31.7827 -9.990e-29     0.5789 1.4067e-12  1024.4490    10.5312    24.3520     6.0894    185.773    9.10624  277.80759     66.871 -9.990e-29
   40.42726 -9.990e-29     21.510     21.343    10.5327    31.7817 -9.990e-29     0.5789 1.4067e-12  1024.4483    10.5302    24.3514     6.0895    185.775    9.10623  277.80734     66.872 -9.990e-29
   40.42726 -9.990e-29     21.503     21.336    10.5315    31.7810 -9.990e-29     0.5923 1.4067e-12  1024.4480    10.5291    24.3511     6.0897    185.780    9.10630  277.80924     66.873 -9.990e-29
   40.42726 -9.990e-29     21.510     21.343    10.5303    31.7809 -9.990e-29     0.5923 1.4067e-12  1024.4480    10.5279    24.3512     6.0906    185.809    9.10631  277.80969     66.883 -9.990e-29
   40.42726 -9.990e-29     21.513     21.346    10.5293    31.7812 -9.990e-29     0.5923 1.4067e-12  1024.4487    10.5269    24.3516     6.0965    185.989    9.10634  277.81069     66.948 -9.990e-29
   40.42726 -9.990e-29     21.510     21.343    10.5282    31.7818 -9.990e-29     0.5520 1.4067e-12  1024.4494    10.5257    24.3522     6.0918    185.845    9.10641  277.81284     66.896 -9.990e-29
   40.42726 -9.990e-29     21.513     21.346    10.5273    31.7824 -9.990e-29     0.5117 1.4067e-12  1024.4500    10.5248    24.3528     6.0978    186.027    9.10642  277.81305     66.961 -9.990e-29
