CalculateIndicators/WaterTemperature/Data/CTD_NYOS/20240912_C08.cnv
* Sea-Bird SBE 9 Data File:
* FileName = C:\Seabird 9 CTD\Data\2024\202409_offshore\20240912_C08.hex
* Software Version Seasave V 7.23.2
* Temperature SN = 4590
* Conductivity SN = 3228
* Number of Bytes Per Scan = 44
* Number of Voltage Words = 5
* Number of Scans Averaged by the Deck Unit = 1
* NMEA Latitude = 39 36.11 N
* NMEA Longitude = 072 45.25 W
* NMEA UTC (Time) = Sep 12 2024  13:55:24
* NMEA baud rate = 4800
** Ship: Seawolf
** Station: 8.5
** Operator: TDK
# nquan = 18
# nvalues = 16664                       
# units = specified
# name 0 = latitude: Latitude [deg]
# name 1 = longitude: Longitude [deg]
# name 2 = prDM: Pressure, Digiquartz [db]
# name 3 = depSM: Depth [salt water, m]
# name 4 = t090C: Temperature [ITS-90, deg C]
# name 5 = sal00: Salinity, Practical [PSU]
# name 6 = ph: pH
# name 7 = flECO-AFL: Fluorescence, WET Labs ECO-AFL/FL [mg/m^3]
# name 8 = cpar: CPAR/Corrected Irradiance [%]
# name 9 = density00: Density [density, kg/m^3]
# name 10 = potemp090C: Potential Temperature [ITS-90, deg C]
# name 11 = sigma-é00: Density [sigma-theta, kg/m^3]
# name 12 = sbeox0Mg/L: Oxygen, SBE 43 [mg/l]
# name 13 = sbox0Mm/Kg: Oxygen, SBE 43 [umol/kg]
# name 14 = oxsolMg/L: Oxygen Saturation, Garcia & Gordon [mg/l]
# name 15 = oxsolMm/Kg: Oxygen Saturation, Garcia & Gordon [umol/kg]
# name 16 = sbeox0PS: Oxygen, SBE 43 [% saturation]
# name 17 = flag:  0.000e+00
# span 0 =   39.60182,   39.60192       
# span 1 =  -72.75622,  -72.75420       
# span 2 =      1.995,     66.332       
# span 3 =      1.980,     65.816       
# span 4 =     7.8074,    21.6417       
# span 5 =    31.8582,    34.0941       
# span 6 =      7.830,      8.232       
# span 7 =    -0.1464,     2.4995       
# span 8 = 5.0298e-03, 1.5784e+02       
# span 9 =  1022.8140,  1026.4910       
# span 10 =     7.8028,    21.6412      
# span 11 =    22.7690,    26.1855      
# span 12 =     6.4549,     9.1287      
# span 13 =    196.645,    278.498      
# span 14 =    7.25768,    9.65779      
# span 15 =  221.72744,  294.45655      
# span 16 =     71.674,    107.473      
# span 17 = 0.0000e+00, 0.0000e+00      
# interval = seconds: 0.0416667
# start_time = Sep 12 2024 13:55:26 [System UTC, first data scan.]
# bad_flag = -9.990e-29
*END*
[from data line 13508]
 -9.990e-29  -72.75582     11.351     11.264    21.4114    33.0952      8.179     0.1625 1.0716e+01  1022.9825    21.4092    22.9341     6.9938    213.663    7.27709  222.31676     96.107 0.0000e+00
 -9.990e-29  -72.75582     11.331     11.244    21.4183    33.0820      8.179     0.1625 1.0746e+01  1022.9709    21.4161    22.9225     6.9981    213.792    7.27682  222.30753     96.170 0.0000e+00
 -9.990e-29  -72.75582     11.295     11.208    21.4197    33.0686      8.179     0.1625 1.0970e+01  1022.9597    21.4175    22.9117     6.9987    213.810    7.27674  222.30502     96.179 0.0000e+00
 -9.990e-29  -72.75582     11.270     11.184    21.4170    33.0557      8.179     0.1625 1.1157e+01  1022.9497    21.4149    22.9025     6.9998    213.846    7.27714  222.31905     96.189 0.0000e+00
 -9.990e-29  -72.75582     11.250     11.163    21.4110    33.0455      8.179     0.1625 1.1220e+01  1022.9420    21.4089    22.8964     7.0011    213.887    7.27799  222.34773     96.195 0.0000e+00
 -9.990e-29  -72.75582     11.219     11.133    21.4010    33.0407      8.179     0.1625 1.1001e+01  1022.9404    21.3988    22.8951     7.0025    213.932    7.27897  222.37878     96.201 0.0000e+00
 -9.990e-29  -72.75582     11.199     11.113    21.3909    33.0426      8.179     0.1625 1.0767e+01  1022.9454    21.3887    22.8992     7.0042    213.983    7.27978  222.40293     96.214 0.0000e+00
 -9.990e-29  -72.75582     11.163     11.077    21.3821    33.0512      8.179     0.1759 1.0706e+01  1022.9532    21.3799    22.9080     7.0049    214.002    7.28023  222.41500     96.218 0.0000e+00
 -9.990e-29  -72.75582     11.148     11.062    21.3748    33.0671      8.179     0.1759 1.0557e+01  1022.9674    21.3727    22.9220     7.0055    214.020    7.28058  222.42359     96.222 0.0000e+00
 -9.990e-29  -72.75582     11.108     11.023    21.3690    33.0865      8.179     0.1625 1.0293e+01  1022.9899    21.3669    22.9378     7.0061    214.036    7.28079  222.42880     96.227 0.0000e+00
 -9.990e-29  -72.75582     11.087     11.002    21.3706    33.1005      8.179     0.1625 1.0216e+01  1023.0010    21.3685    22.9485     7.0061    214.037    7.28083  222.42890     96.227 0.0000e+00
 -9.990e-29  -72.75582     11.057     10.972    21.3738    33.1067      8.179     0.1625 1.0102e+01  1023.0003    21.3717    22.9528     7.0061    214.033    7.28068  222.42270     96.228 0.0000e+00
 -9.990e-29  -72.75582     11.051     10.967    21.3754    33.1109      8.179     0.1625 9.8215e+00  1023.0020    21.3732    22.9555     7.0059    214.027    7.28042  222.41346     96.229 0.0000e+00
 -9.990e-29  -72.75582     11.006     10.922    21.3754    33.1157      8.179     0.1625 9.7390e+00  1023.0073    21.3732    22.9589     7.0058    214.024    7.28017  222.40575     96.231 0.0000e+00
 -9.990e-29  -72.75582     10.985     10.901    21.3761    33.1190      8.179     0.1625 9.6934e+00  1023.0102    21.3740    22.9609     7.0057    214.022    7.27991  222.39847     96.234 0.0000e+00
 -9.990e-29  -72.75582     10.965     10.881    21.3810    33.1200      8.179     0.1625 9.6391e+00  1023.0079    21.3789    22.9605     7.0056    214.020    7.27963  222.39051     96.236 0.0000e+00
 -9.990e-29  -72.75582     10.935     10.851    21.3874    33.1198      8.179     0.1625 9.6120e+00  1023.0065    21.3853    22.9588     7.0056    214.019    7.27935  222.38223     96.239 0.0000e+00
 -9.990e-29  -72.75582     10.915     10.832    21.3942    33.1193      8.179     0.1625 9.6120e+00  1023.0034    21.3921    22.9566     7.0056    214.019    7.27909  222.37476     96.243 0.0000e+00
 -9.990e-29  -72.75582     10.889     10.806    21.4010    33.1189      8.179     0.1625 9.6662e+00  1023.0011    21.3989    22.9547     7.0060    214.033    7.27887  222.36855     96.251 0.0000e+00
 -9.990e-29  -72.75582     10.864     10.781    21.4063    33.1188      8.179     0.1625 9.6934e+00  1023.0003    21.4042    22.9531     7.0062    214.039    7.27871  222.36418     96.256 0.0000e+00
 -9.990e-29  -72.75582     10.834     10.751    21.4105    33.1179      8.179     0.1625 9.7026e+00  1022.9985    21.4084    22.9513     7.0064    214.044    7.27855  222.35926     96.261 0.0000e+00
 -9.990e-29  -72.75582     10.814     10.731    21.4133    33.1158      8.179     0.1625 9.9793e+00  1022.9953    21.4112    22.9488     7.0063    214.040    7.27805  222.34296     96.266 0.0000e+00
 -9.990e-29  -72.75582     10.793     10.710    21.4167    33.1143      8.179     0.1625 1.0178e+01  1022.9920    21.4146    22.9467     7.0057    214.021    7.27700  222.30973     96.271 0.0000e+00
 -9.990e-29  -72.75582     10.763     10.680    21.4195    33.1148      8.179     0.1357 1.0178e+01  1022.9917    21.4174    22.9464     7.0050    214.000    7.27584  222.27382     96.278 0.0000e+00
 -9.990e-29  -72.75582     10.748     10.665    21.4209    33.1173      8.179     0.1357 1.0646e+01  1022.9942    21.4189    22.9477     7.0046    213.990    7.27498  222.24849     96.284 0.0000e+00
 -9.990e-29  -72.75582     10.721     10.639    21.4234    33.1207      8.179     0.1222 1.1074e+01  1022.9955    21.4213    22.9495     7.0047    213.994    7.27458  222.23774     96.291 0.0000e+00
 -9.990e-29  -72.75582     10.712     10.630    21.4273    33.1248      8.179     0.1222 1.1168e+01  1022.9976    21.4252    22.9515     7.0006    213.868    7.27451  222.23706     96.234 0.0000e+00
 -9.990e-29  -72.75582     10.682     10.600    21.4331    33.1295      8.179     0.1222 1.1294e+01  1023.0001    21.4310    22.9533     7.0052    214.010    7.27463  222.24186     96.296 0.0000e+00
 -9.990e-29  -72.75582     10.651     10.570    21.4423    33.1334      8.179     0.1222 1.1519e+01  1023.0011    21.4403    22.9540     7.0059    214.033    7.27481  222.24837     96.304 0.0000e+00
 -9.990e-29  -72.75582     10.640     10.559    21.4534    33.1339      8.179     0.1222 1.1562e+01  1023.0004    21.4514    22.9516     7.0018    213.910    7.27516  222.25990     96.243 0.0000e+00
 -9.990e-29  -72.75582     10.600     10.519    21.4646    33.1279      8.179     0.1222 1.1627e+01  1022.9927    21.4625    22.9445     7.0021    213.918    7.27548  222.27038     96.242 0.0000e+00
 -9.990e-29  -72.75582     10.585     10.504    21.4718    33.1163      8.179     0.1222 1.1792e+01  1022.9783    21.4698    22.9340     7.0023    213.926    7.27584  222.28125     96.241 0.0000e+00
 -9.990e-29  -72.75582     10.510     10.429    21.4729    33.1059      8.179     0.1357 1.1858e+01  1022.9667    21.4709    22.9256     7.0069    214.064    7.27611  222.28928     96.300 -9.990e-29
 -9.990e-29  -72.75582     10.550     10.469    21.4693    33.1020      8.179     0.1222 1.1825e+01  1022.9658    21.4672    22.9233     7.0030    213.946    7.27624  222.29240     96.245 -9.990e-29
 -9.990e-29  -72.75582     10.540     10.459    21.4628    33.1042      8.179     0.1357 1.1825e+01  1022.9711    21.4608    22.9261     7.0030    213.945    7.27625  222.29167     96.245 -9.990e-29
 -9.990e-29  -72.75582     10.540     10.459    21.4600    33.1086      8.179     0.1222 1.1825e+01  1022.9769    21.4579    22.9302     7.0031    213.945    7.27624  222.29046     96.246 -9.990e-29
 -9.990e-29  -72.75582     10.448     10.368    21.4609    33.1124      8.179     0.1222 1.1627e+01  1022.9782    21.4589    22.9329     7.0074    214.077    7.27622  222.28945     96.306 -9.990e-29
 -9.990e-29  -72.75582     10.448     10.368    21.4632    33.1163      8.179     0.1222 1.0929e+01  1022.9792    21.4612    22.9354     7.0075    214.081    7.27593  222.28001     96.311 -9.990e-29
 -9.990e-29  -72.75582     10.438     10.358    21.4662    33.1220      8.179     0.1222 1.0656e+01  1022.9838    21.4642    22.9390     7.0074    214.075    7.27530  222.25983     96.318 0.0000e+00
 -9.990e-29  -72.75582     10.423     10.343    21.4695    33.1279      8.179     0.1222 1.0626e+01  1022.9892    21.4675    22.9424     7.0070    214.063    7.27440  222.23254     96.324 0.0000e+00
 -9.990e-29  -72.75582     10.408     10.328    21.4738    33.1309      8.179     0.1222 1.0656e+01  1022.9900    21.4718    22.9436     7.0023    213.921    7.27386  222.21731     96.267 0.0000e+00
 -9.990e-29  -72.75582     10.378     10.298    21.4785    33.1316      8.179     0.1222 1.0686e+01  1022.9865    21.4765    22.9431     7.0019    213.910    7.27363  222.21174     96.264 0.0000e+00
 -9.990e-29  -72.75582     10.367     10.287    21.4821    33.1332      8.179     0.1222 1.0656e+01  1022.9876    21.4801    22.9431     7.0016    213.902    7.27356  222.20986     96.261 0.0000e+00
 -9.990e-29  -72.75582     10.347     10.268    21.4868    33.1342      8.179     0.1222 1.0390e+01  1022.9899    21.4849    22.9426     7.0056    214.024    7.27348  222.20707     96.317 0.0000e+00
 -9.990e-29  -72.75582     10.317     10.238    21.4924    33.1309      8.179     0.1222 1.0187e+01  1022.9849    21.4904    22.9387     7.0008    213.876    7.27313  222.19562     96.256 0.0000e+00
 -9.990e-29  -72.75582     10.306     10.227    21.4969    33.1235      8.179     0.1222 1.0159e+01  1022.9763    21.4950    22.9319     7.0001    213.854    7.27257  222.17840     96.253 0.0000e+00
 -9.990e-29  -72.75582     10.276     10.197    21.5005    33.1157      8.179     0.1222 1.0045e+01  1022.9676    21.4985    22.9252     7.0036    213.960    7.27189  222.15778     96.310 -9.990e-29
 -9.990e-29  -72.75582     10.276     10.197    21.5017    33.1114      8.179     0.1357 9.9048e+00  1022.9632    21.4998    22.9214     7.0032    213.951    7.27137  222.14265     96.312 -9.990e-29
 -9.990e-29  -72.75582     10.246     10.167    21.5019    33.1116      8.179     0.1357 9.9048e+00  1022.9645    21.4999    22.9214     6.9990    213.824    7.27126  222.14078     96.256 0.0000e+00
 -9.990e-29  -72.75582     10.231     10.152    21.5021    33.1136      8.179     0.1357 9.7391e+00  1022.9687    21.5001    22.9227     7.0033    213.955    7.27176  222.15789     96.308 0.0000e+00
 -9.990e-29  -72.75582     10.225     10.147    21.5026    33.1118      8.179     0.1357 9.5224e+00  1022.9687    21.5007    22.9213     7.0040    213.977    7.27230  222.17437     96.310 0.0000e+00
 -9.990e-29  -72.75582     10.204     10.126    21.5030    33.1034      8.179     0.1357 9.4867e+00  1022.9605    21.5010    22.9150     7.0042    213.984    7.27243  222.17726     96.312 0.0000e+00
 -9.990e-29  -72.75582     10.185     10.107    21.5019    33.0920      8.179     0.1357 9.4070e+00  1022.9482    21.4999    22.9069     7.0044    213.988    7.27238  222.17530     96.315 0.0000e+00
 -9.990e-29  -72.75582     10.155     10.077    21.4973    33.0845      8.179     0.1357 9.2756e+00  1022.9425    21.4954    22.9023     7.0045    213.991    7.27232  222.17278     96.317 -9.990e-29
 -9.990e-29  -72.75582     10.155     10.077    21.4909    33.0845      8.179     0.1357 9.2496e+00  1022.9447    21.4890    22.9038     7.0044    213.985    7.27200  222.16191     96.320 -9.990e-29
 -9.990e-29  -72.75582     10.123     10.046    21.4846    33.0905 -9.990e-29     0.1357 9.2236e+00  1022.9530    21.4826    22.9100     7.0042    213.979    7.27162  222.15022     96.322 0.0000e+00
 -9.990e-29  -72.75582     10.093     10.016    21.4786    33.0986      8.179     0.1357 9.1719e+00  1022.9623    21.4767    22.9176     7.0042    213.981    7.27147  222.14605     96.325 0.0000e+00
 -9.990e-29  -72.75582     10.083     10.006    21.4750    33.1059      8.179     0.1357 9.1375e+00  1022.9679    21.4731    22.9242     7.0045    213.990    7.27160  222.15043     96.327 0.0000e+00
 -9.990e-29  -72.75582     10.063      9.986    21.4727    33.1130      8.179     0.1357 9.1890e+00  1022.9730    21.4708    22.9303     7.0050    214.008    7.27198  222.16339     96.329 0.0000e+00
 -9.990e-29  -72.75582     10.053      9.976    21.4708    33.1203      8.179     0.1357 9.3717e+00  1022.9807    21.4688    22.9363     7.0100    214.160    7.27249  222.17993     96.390 0.0000e+00
 -9.990e-29  -72.75582     10.033      9.956    21.4706    33.1257      8.179     0.1357 9.4246e+00  1022.9858    21.4687    22.9405     7.0110    214.193    7.27307  222.19797     96.397 0.0000e+00
 -9.990e-29  -72.75582     10.028      9.952    21.4723    33.1276      8.179     0.1357 9.5312e+00  1022.9859    21.4703    22.9414     7.0120    214.220    7.27353  222.21128     96.404 0.0000e+00
 -9.990e-29  -72.75582     10.002      9.926    21.4750    33.1267      8.179     0.1357 1.0302e+01  1022.9833    21.4731    22.9401     7.0085    214.116    7.27393  222.22342     96.352 0.0000e+00
 -9.990e-29  -72.75582      9.993      9.916    21.4776    33.1252      8.179     0.1357 1.0716e+01  1022.9812    21.4757    22.9383     7.0090    214.131    7.27432  222.23516     96.353 0.0000e+00
 -9.990e-29  -72.75582      9.982      9.905    21.4802    33.1236      8.179     0.1357 1.0777e+01  1022.9796    21.4782    22.9364     7.0139    214.278    7.27473  222.24795     96.414 0.0000e+00
 -9.990e-29  -72.75582      9.962      9.886    21.4828    33.1217      8.179     0.1357 1.1594e+01  1022.9773    21.4809    22.9343     7.0147    214.302    7.27508  222.25832     96.420 0.0000e+00
 -9.990e-29  -72.75582      9.951      9.875    21.4853    33.1198      8.179     0.1357 1.2128e+01  1022.9747    21.4834    22.9322     7.0152    214.316    7.27517  222.25937     96.426 0.0000e+00
 -9.990e-29  -72.75582      9.942      9.866    21.4870    33.1187      8.179     0.1491 1.2185e+01  1022.9729    21.4851    22.9308     7.0112    214.192    7.27499  222.25176     96.373 0.0000e+00
 -9.990e-29  -72.75582      9.921      9.845    21.4885    33.1201      8.179     0.1357 1.2532e+01  1022.9720    21.4866    22.9315     7.0152    214.315    7.27469  222.24144     96.433 0.0000e+00
 -9.990e-29  -72.75582      9.912      9.836    21.4899    33.1254      8.179     0.1357 1.2854e+01  1022.9771    21.4880    22.9347     7.0154    214.321    7.27444  222.23360     96.439 0.0000e+00
 -9.990e-29  -72.75582      9.891      9.815    21.4948    33.1318      8.179     0.1357 1.2890e+01  1022.9829    21.4929    22.9383     7.0156    214.326    7.27419  222.22609     96.445 0.0000e+00
 -9.990e-29  -72.75582      9.881      9.806    21.5024    33.1352      8.179     0.1357 1.2987e+01  1022.9838    21.5005    22.9392     7.0158    214.332    7.27401  222.22096     96.450 0.0000e+00
 -9.990e-29  -72.75582      9.861      9.785    21.5095    33.1337      8.179     0.1222 1.3060e+01  1022.9805    21.5076    22.9362     7.0118    214.211    7.27391  222.21831     96.397 0.0000e+00
 -9.990e-29  -72.75582      9.840      9.765    21.5150    33.1281      8.179     0.1088 1.3097e+01  1022.9732    21.5131    22.9306     7.0119    214.213    7.27394  222.21962     96.397 0.0000e+00
 -9.990e-29  -72.75582      9.830      9.755    21.5184    33.1209      8.179     0.1088 1.2842e+01  1022.9657    21.5165    22.9242     7.0119    214.216    7.27399  222.22145     96.397 0.0000e+00
 -9.990e-29  -72.75582      9.819      9.744    21.5196    33.1143      8.179     0.1088 1.2450e+01  1022.9604    21.5177    22.9188     7.0158    214.334    7.27391  222.21906     96.452 0.0000e+00
 -9.990e-29  -72.75582      9.800      9.725    21.5198    33.1089      8.179     0.1088 1.2300e+01  1022.9564    21.5179    22.9145     7.0119    214.214    7.27392  222.21924     96.398 0.0000e+00
 -9.990e-29  -72.75582      9.780      9.705    21.5187    33.1041      8.179     0.1088 1.2026e+01  1022.9529    21.5168    22.9111     7.0119    214.214    7.27390  222.21836     96.398 0.0000e+00
 -9.990e-29  -72.75582      9.769      9.694    21.5178    33.1005      8.179     0.1088 1.1400e+01  1022.9495    21.5160    22.9086     7.0115    214.201    7.27385  222.21694     96.393 0.0000e+00
