CalculateIndicators/WaterTemperature/Data/CTD_NYOS/20240429_C32.cnv
* Sea-Bird SBE 9 Data File:
* FileName = C:\Seabird 9 CTD\Data\2024\202404_offshore\20240429_C32.hex
* Software Version Seasave V 7.23.2
* Temperature SN = 4590
* Conductivity SN = 3228
* Number of Bytes Per Scan = 44
* Number of Voltage Words = 5
* Number of Scans Averaged by the Deck Unit = 1
* NMEA Latitude = 40 18.39 N
* NMEA Longitude = 071 48.01 W
* NMEA UTC (Time) = Apr 29 2024  10:01:40
* NMEA baud rate = 4800
** Ship: Seawolf
** Station: 11.4
** Operator: TDK
# nquan = 18
# nvalues = 18848                       
# units = specified
# name 0 = latitude: Latitude [deg]
# name 1 = longitude: Longitude [deg]
# name 2 = prDM: Pressure, Digiquartz [db]
# name 3 = depSM: Depth [salt water, m]
# name 4 = t090C: Temperature [ITS-90, deg C]
# name 5 = sal00: Salinity, Practical [PSU]
# name 6 = ph: pH
# name 7 = flECO-AFL: Fluorescence, WET Labs ECO-AFL/FL [mg/m^3]
# name 8 = cpar: CPAR/Corrected Irradiance [%]
# name 9 = density00: Density [density, kg/m^3]
# name 10 = potemp090C: Potential Temperature [ITS-90, deg C]
# name 11 = sigma-é00: Density [sigma-theta, kg/m^3]
# name 12 = sbeox0Mg/L: Oxygen, SBE 43 [mg/l]
# name 13 = sbox0Mm/Kg: Oxygen, SBE 43 [umol/kg]
# name 14 = oxsolMg/L: Oxygen Saturation, Garcia & Gordon [mg/l]
# name 15 = oxsolMm/Kg: Oxygen Saturation, Garcia & Gordon [umol/kg]
# name 16 = sbeox0PS: Oxygen, SBE 43 [% saturation]
# name 17 = flag:  0.000e+00
# span 0 =   40.30650,   40.30696       
# span 1 =  -71.80022,  -71.79914       
# span 2 =      1.613,     71.276       
# span 3 =      1.601,     70.716       
# span 4 =     6.0652,     8.1997       
# span 5 =    32.0016,    32.1274       
# span 6 =      7.923,      8.046       
# span 7 =    -0.0255,     1.5459       
# span 8 = 8.7310e-13, 2.2680e+01       
# span 9 =  1024.9301,  1025.5994       
# span 10 =     6.0605,     8.1994      
# span 11 =    24.9167,    25.2710      
# span 12 =     9.1251,    10.3241      
# span 13 =    278.140,    314.761      
# span 14 =    9.57218,   10.04925      
# span 15 =  291.86123,  306.30583      
# span 16 =     90.807,    107.281      
# span 17 = 0.0000e+00, 0.0000e+00      
# interval = seconds: 0.0416667
# start_time = Apr 29 2024 10:01:39 [System UTC, first data scan.]
# bad_flag = -9.990e-29
*END*
[from data line 15438]
   40.30694  -71.79934     10.309     10.229     8.0125    32.0390 -9.990e-29     1.4653 2.3571e+00  1024.9943     8.0115    24.9475    10.2756    313.304    9.60228  292.77315    107.012 -9.990e-29
   40.30694  -71.79934     10.319     10.239     8.0122    32.0393 -9.990e-29     1.4653 2.3571e+00  1024.9951     8.0112    24.9477    10.2705    313.149    9.60183  292.75955    106.964 -9.990e-29
   40.30694  -71.79934     10.328     10.248     8.0121    32.0396 -9.990e-29     1.4653 2.3503e+00  1024.9952     8.0111    24.9481    10.2769    313.343    9.60151  292.75014    107.034 -9.990e-29
   40.30694  -71.79934     10.319     10.239     8.0113    32.0399 -9.990e-29     1.4653 2.3503e+00  1024.9957     8.0103    24.9483    10.2721    313.198    9.60151  292.75062    106.985 -9.990e-29
   40.30694  -71.79934     10.328     10.248     8.0111    32.0396 -9.990e-29     1.4653 2.3882e+00  1024.9955     8.0102    24.9482    10.2730    313.224    9.60184  292.76075    106.990 -9.990e-29
   40.30694  -71.79934     10.328     10.248     8.0107    32.0391 -9.990e-29     1.4519 2.3744e+00  1024.9951     8.0097    24.9479    10.2796    313.424    9.60190  292.76239    107.058 -9.990e-29
   40.30694  -71.79934     10.328     10.248     8.0105    32.0388 -9.990e-29     1.4250 2.3744e+00  1024.9945     8.0095    24.9477    10.2747    313.276    9.60201  292.76564    107.006 -9.990e-29
   40.30694  -71.79934     10.328     10.248     8.0094    32.0387 -9.990e-29     1.4116 2.3367e+00  1024.9950     8.0084    24.9477    10.2799    313.435    9.60183  292.76010    107.062 -9.990e-29
   40.30694  -71.79934     10.328     10.248     8.0086    32.0387 -9.990e-29     1.4116 2.3367e+00  1024.9949     8.0076    24.9478    10.2810    313.469    9.60199  292.76541    107.072 -9.990e-29
   40.30694  -71.79934     10.328     10.248     8.0081    32.0389 -9.990e-29     1.4116 2.3300e+00  1024.9951     8.0071    24.9481    10.2826    313.519    9.60269  292.78659    107.081 -9.990e-29
   40.30694  -71.79934     10.328     10.248     8.0079    32.0394 -9.990e-29     1.4116 2.3367e+00  1024.9958     8.0069    24.9486    10.2842    313.567    9.60341  292.80832    107.089 -9.990e-29
   40.30694  -71.79934     10.328     10.248     8.0081    32.0399 -9.990e-29     1.4116 2.3232e+00  1024.9964     8.0071    24.9488    10.2854    313.602    9.60389  292.82220    107.096 -9.990e-29
   40.30694  -71.79934     10.328     10.248     8.0090    32.0400 -9.990e-29     1.4116 2.3232e+00  1024.9959     8.0080    24.9488    10.2860    313.621    9.60401  292.82580    107.102 -9.990e-29
   40.30694  -71.79934     10.328     10.248     8.0099    32.0400 -9.990e-29     1.4116 2.3232e+00  1024.9958     8.0089    24.9487    10.2866    313.639    9.60418  292.83082    107.106 -9.990e-29
   40.30694  -71.79934     10.328     10.248     8.0109    32.0403 -9.990e-29     1.4116 2.3232e+00  1024.9957     8.0099    24.9487    10.2870    313.649    9.60423  292.83217    107.109 -9.990e-29
   40.30694  -71.79934     10.319     10.239     8.0118    32.0405 -9.990e-29     1.4116 2.3232e+00  1024.9962     8.0108    24.9487    10.2860    313.621    9.60406  292.82703    107.101 -9.990e-29
   40.30694  -71.79934     10.332     10.253     8.0132    32.0404 -9.990e-29     1.4116 2.3098e+00  1024.9957     8.0122    24.9485    10.2849    313.587    9.60386  292.82068    107.092 -9.990e-29
   40.30694  -71.79934     10.309     10.229     8.0133    32.0403 -9.990e-29     1.4116 2.3232e+00  1024.9952     8.0123    24.9484    10.2843    313.567    9.60341  292.80701    107.090 -9.990e-29
   40.30694  -71.79934     10.319     10.239     8.0129    32.0407 -9.990e-29     1.4116 2.3232e+00  1024.9959     8.0119    24.9487    10.2844    313.570    9.60295  292.79322    107.096 -9.990e-29
   40.30694  -71.79934     10.309     10.229     8.0130    32.0412 -9.990e-29     1.4116 2.3165e+00  1024.9962     8.0120    24.9492    10.2900    313.741    9.60275  292.78711    107.157 -9.990e-29
   40.30694  -71.79934     10.309     10.229     8.0132    32.0418 -9.990e-29     1.4116 2.3232e+00  1024.9965     8.0122    24.9496    10.2912    313.778    9.60267  292.78494    107.170 -9.990e-29
   40.30694  -71.79934     10.309     10.229     8.0131    32.0428 -9.990e-29     1.4116 2.3232e+00  1024.9976     8.0121    24.9503    10.2913    313.780    9.60249  292.77902    107.173 -9.990e-29
   40.30694  -71.79934     10.298     10.218     8.0136    32.0435 -9.990e-29     1.4116 2.3232e+00  1024.9981     8.0126    24.9508    10.2848    313.581    9.60200  292.76407    107.111 -9.990e-29
   40.30694  -71.79934     10.288     10.209     8.0147    32.0440 -9.990e-29     1.4116 2.3232e+00  1024.9980     8.0138    24.9511    10.2897    313.734    9.60172  292.75607    107.166 -9.990e-29
   40.30694  -71.79934     10.288     10.209     8.0158    32.0449 -9.990e-29     1.4116 2.3300e+00  1024.9985     8.0148    24.9516    10.2896    313.730    9.60169  292.75531    107.165 -9.990e-29
   40.30694  -71.79934     10.288     10.209     8.0168    32.0459 -9.990e-29     1.4116 2.3367e+00  1024.9996     8.0158    24.9522    10.2833    313.539    9.60177  292.75765    107.098 -9.990e-29
   40.30694  -71.79934     10.268     10.188     8.0186    32.0467 -9.990e-29     1.4116 2.3367e+00  1024.9997     8.0176    24.9527    10.2830    313.530    9.60174  292.75694    107.096 -9.990e-29
   40.30694  -71.79934     10.279     10.199     8.0204    32.0471 -9.990e-29     1.4116 2.3367e+00  1025.0000     8.0194    24.9527    10.2879    313.677    9.60171  292.75586    107.146 -9.990e-29
   40.30694  -71.79934     10.258     10.179     8.0222    32.0465 -9.990e-29     1.4116 2.3367e+00  1024.9998     8.0212    24.9519    10.2811    313.472    9.60167  292.75503    107.076 -9.990e-29
   40.30694  -71.79934     10.268     10.188     8.0249    32.0443 -9.990e-29     1.4116 2.3367e+00  1024.9972     8.0239    24.9498    10.2797    313.428    9.60173  292.75700    107.061 -9.990e-29
   40.30694  -71.79934     10.247     10.168     8.0285    32.0414 -9.990e-29     1.4385 2.3435e+00  1024.9930     8.0275    24.9471    10.2792    313.414    9.60195  292.76366    107.054 -9.990e-29
   40.30694  -71.79934     10.237     10.158     8.0306    32.0396 -9.990e-29     1.4519 2.3503e+00  1024.9915     8.0297    24.9454    10.2848    313.583    9.60214  292.76919    107.109 -9.990e-29
   40.30694  -71.79934     10.237     10.158     8.0331    32.0393 -9.990e-29     1.4519 2.3503e+00  1024.9914     8.0321    24.9448    10.2839    313.556    9.60217  292.77043    107.099 -9.990e-29
   40.30694  -71.79934     10.228     10.149     8.0358    32.0403 -9.990e-29     1.4519 2.3639e+00  1024.9912     8.0349    24.9452    10.2777    313.367    9.60226  292.77323    107.034 -9.990e-29
   40.30694  -71.79934     10.221     10.142     8.0369    32.0417 -9.990e-29     1.4519 2.3707e+00  1024.9936     8.0359    24.9460    10.2768    313.340    9.60248  292.77981    107.023 -9.990e-29
   40.30694  -71.79934     10.207     10.128     8.0401    32.0424 -9.990e-29     1.4519 2.3707e+00  1024.9930     8.0391    24.9462    10.2758    313.308    9.60257  292.78214    107.011 -9.990e-29
   40.30694  -71.79934     10.198     10.119     8.0421    32.0427 -9.990e-29     1.4519 2.3776e+00  1024.9921     8.0411    24.9461    10.2744    313.267    9.60251  292.78016    106.997 -9.990e-29
   40.30694  -71.79934     10.187     10.108     8.0436    32.0433 -9.990e-29     1.4519 2.3845e+00  1024.9935     8.0427    24.9463    10.2792    313.413    9.60249  292.77952    107.047 -9.990e-29
   40.30694  -71.79934     10.187     10.108     8.0471    32.0433 -9.990e-29     1.4519 2.3845e+00  1024.9929     8.0462    24.9460    10.2795    313.421    9.60245  292.77835    107.050 -9.990e-29
   40.30694  -71.79934     10.167     10.089     8.0493    32.0423 -9.990e-29     1.4519 2.3914e+00  1024.9916     8.0484    24.9449    10.2736    313.241    9.60241  292.77724    106.990 -9.990e-29
   40.30694  -71.79934     10.156     10.078     8.0504    32.0409 -9.990e-29     1.4519 2.3983e+00  1024.9896     8.0494    24.9436    10.2720    313.193    9.60241  292.77714    106.973 -9.990e-29
   40.30694  -71.79934     10.147     10.068     8.0511    32.0400 -9.990e-29     1.4519 2.4052e+00  1024.9886     8.0501    24.9428    10.2703    313.142    9.60234  292.77507    106.957 -9.990e-29
   40.30694  -71.79934     10.147     10.068     8.0511    32.0401 -9.990e-29     1.4519 2.4122e+00  1024.9891     8.0501    24.9427    10.2694    313.114    9.60223  292.77184    106.948 -9.990e-29
   40.30694  -71.79934     10.126     10.048     8.0522    32.0405 -9.990e-29     1.4519 2.4191e+00  1024.9892     8.0513    24.9430    10.2677    313.061    9.60221  292.77118    106.930 -9.990e-29
   40.30694  -71.79934     10.116     10.038     8.0540    32.0412 -9.990e-29     1.4519 2.4191e+00  1024.9895     8.0530    24.9432    10.2658    313.005    9.60218  292.77046    106.911 -9.990e-29
   40.30694  -71.79934     10.105     10.027     8.0554    32.0416 -9.990e-29     1.4519 2.4261e+00  1024.9899     8.0544    24.9434    10.2649    312.976    9.60219  292.77060    106.901 -9.990e-29
   40.30694  -71.79934     10.096     10.018     8.0573    32.0416 -9.990e-29     1.4519 2.4402e+00  1024.9895     8.0563    24.9430    10.2638    312.945    9.60216  292.76981    106.891 -9.990e-29
   40.30694  -71.79934     10.075      9.997     8.0592    32.0409 -9.990e-29     1.4519 2.4473e+00  1024.9883     8.0583    24.9423    10.2629    312.914    9.60220  292.77123    106.880 -9.990e-29
   40.30694  -71.79934     10.070      9.992     8.0607    32.0404 -9.990e-29     1.4519 2.4473e+00  1024.9874     8.0597    24.9416    10.2618    312.883    9.60226  292.77268    106.869 -9.990e-29
   40.30694  -71.79934     10.066      9.988     8.0627    32.0400 -9.990e-29     1.4519 2.4614e+00  1024.9873     8.0617    24.9411    10.2615    312.873    9.60214  292.76925    106.867 -9.990e-29
   40.30694  -71.79934     10.055      9.977     8.0643    32.0392 -9.990e-29     1.4519 2.4685e+00  1024.9866     8.0633    24.9402    10.2604    312.839    9.60213  292.76915    106.855 -9.990e-29
   40.30694  -71.79934     10.035      9.958     8.0650    32.0380 -9.990e-29     1.4519 2.4685e+00  1024.9846     8.0640    24.9392    10.2602    312.833    9.60216  292.76996    106.853 -9.990e-29
   40.30694  -71.79934     10.024      9.947     8.0636    32.0372 -9.990e-29     1.4519 2.4828e+00  1024.9842     8.0627    24.9387    10.2591    312.799    9.60221  292.77138    106.841 -9.990e-29
   40.30694  -71.79934     10.015      9.937     8.0633    32.0372 -9.990e-29     1.4519 2.4828e+00  1024.9844     8.0624    24.9388    10.2580    312.767    9.60232  292.77467    106.829 -9.990e-29
   40.30694  -71.79934     10.005      9.928     8.0625    32.0374 -9.990e-29     1.4519 2.4828e+00  1024.9852     8.0616    24.9391    10.2579    312.763    9.60246  292.77911    106.826 -9.990e-29
   40.30694  -71.79934      9.994      9.917     8.0635    32.0371 -9.990e-29     1.4788 2.4900e+00  1024.9847     8.0625    24.9388    10.2568    312.729    9.60255  292.78196    106.813 -9.990e-29
   40.30694  -71.79934      9.984      9.907     8.0632    32.0366 -9.990e-29     1.4788 2.4900e+00  1024.9835     8.0622    24.9385    10.2565    312.721    9.60264  292.78454    106.809 -9.990e-29
   40.30694  -71.79934      9.964      9.887     8.0599    32.0366 -9.990e-29     1.4788 2.4972e+00  1024.9840     8.0589    24.9389    10.2563    312.715    9.60275  292.78792    106.806 -9.990e-29
   40.30694  -71.79934      9.964      9.887     8.0563    32.0375 -9.990e-29     1.4788 2.4653e+00  1024.9852     8.0553    24.9400    10.2562    312.711    9.60294  292.79366    106.803 -9.990e-29
   40.30694  -71.79934      9.947      9.871     8.0535    32.0387 -9.990e-29     1.4788 2.5117e+00  1024.9871     8.0526    24.9413    10.2560    312.704    9.60305  292.79688    106.799 -9.990e-29
   40.30694  -71.79934      9.934      9.857     8.0527    32.0398 -9.990e-29     1.4788 2.5189e+00  1024.9879     8.0518    24.9423    10.2558    312.698    9.60317  292.80063    106.796 -9.990e-29
   40.30694  -71.79934      9.924      9.847     8.0518    32.0404 -9.990e-29     1.4788 2.5262e+00  1024.9884     8.0508    24.9429    10.2554    312.688    9.60317  292.80058    106.792 -9.990e-29
   40.30694  -71.79934      9.913      9.836     8.0515    32.0408 -9.990e-29     1.4788 2.5335e+00  1024.9885     8.0506    24.9433    10.2550    312.676    9.60315  292.79993    106.788 -9.990e-29
   40.30694  -71.79934      9.903      9.827     8.0521    32.0414 -9.990e-29     1.4788 2.5335e+00  1024.9889     8.0511    24.9437    10.2547    312.666    9.60317  292.80064    106.785 -9.990e-29
   40.30694  -71.79934      9.894      9.817     8.0527    32.0421 -9.990e-29     1.4788 2.5408e+00  1024.9896     8.0518    24.9441    10.2545    312.659    9.60326  292.80344    106.781 -9.990e-29
   40.30694  -71.79934      9.894      9.817     8.0547    32.0423 -9.990e-29     1.4788 2.5408e+00  1024.9895     8.0538    24.9440    10.2543    312.654    9.60343  292.80839    106.778 -9.990e-29
   40.30694  -71.79934      9.873      9.797     8.0570    32.0420 -9.990e-29     1.4788 2.5011e+00  1024.9887     8.0560    24.9435    10.2540    312.645    9.60348  292.81009    106.774 -9.990e-29
   40.30694  -71.79934      9.873      9.797     8.0581    32.0416 -9.990e-29     1.4788 2.5156e+00  1024.9880     8.0572    24.9430    10.2538    312.639    9.60361  292.81411    106.771 -9.990e-29
   40.30694  -71.79934      9.862      9.786     8.0586    32.0415 -9.990e-29     1.4788 2.5555e+00  1024.9875     8.0576    24.9428    10.2545    312.658    9.60367  292.81585    106.776 -9.990e-29
   40.30694  -71.79934      9.846      9.770     8.0591    32.0420 -9.990e-29     1.4788 2.5156e+00  1024.9883     8.0582    24.9430    10.2552    312.681    9.60381  292.82007    106.783 0.0000e+00
   40.30694  -71.79934      9.843      9.767     8.0612    32.0421 -9.990e-29     1.4788 2.5555e+00  1024.9884     8.0603    24.9429    10.2620    312.890    9.60389  292.82246    106.853 0.0000e+00
   40.30694  -71.79934      9.832      9.756     8.0628    32.0414 -9.990e-29     1.4788 2.5229e+00  1024.9871     8.0619    24.9422    10.2628    312.911    9.60400  292.82591    106.859 -9.990e-29
   40.30694  -71.79934      9.832      9.756     8.0633    32.0407 -9.990e-29     1.4788 2.5229e+00  1024.9862     8.0624    24.9415    10.2643    312.960    9.60413  292.82984    106.874 -9.990e-29
   40.30694  -71.79934      9.813      9.737     8.0630    32.0403 -9.990e-29     1.4788 2.5703e+00  1024.9860     8.0620    24.9412    10.2658    313.005    9.60416  292.83045    106.890 -9.990e-29
   40.30694  -71.79934      9.822      9.746     8.0632    32.0401 -9.990e-29     1.4788 2.5301e+00  1024.9859     8.0622    24.9410    10.2664    313.023    9.60420  292.83168    106.895 -9.990e-29
   40.30694  -71.79934      9.813      9.737     8.0633    32.0398 -9.990e-29     1.4788 2.5229e+00  1024.9859     8.0624    24.9408    10.2670    313.042    9.60427  292.83404    106.901 0.0000e+00
   40.30694  -71.79934      9.792      9.716     8.0636    32.0394 -9.990e-29     1.4788 2.5703e+00  1024.9852     8.0627    24.9405    10.2687    313.091    9.60451  292.84144    106.915 -9.990e-29
   40.30694  -71.79934      9.792      9.716     8.0636    32.0388 -9.990e-29     1.4788 2.5703e+00  1024.9845     8.0627    24.9401    10.2699    313.129    9.60515  292.86092    106.921 -9.990e-29
   40.30694  -71.79934      9.795      9.719     8.0627    32.0386 -9.990e-29     1.4788 2.5703e+00  1024.9846     8.0617    24.9400    10.2712    313.168    9.60585  292.88208    106.926 -9.990e-29
