CalculateIndicators/WaterTemperature/Data/CTD_NYOS/20240710_24.cnv
* Sea-Bird SBE 9 Data File:
* FileName = C:\Seabird 9 CTD\Data\2024\202407_offshore\20240710_24.hex
* Software Version Seasave V 7.23.2
* Temperature SN = 4590
* Conductivity SN = 3228
* Number of Bytes Per Scan = 44
* Number of Voltage Words = 5
* Number of Scans Averaged by the Deck Unit = 1
* NMEA Latitude = 40 41.26 N
* NMEA Longitude = 072 03.63 W
* NMEA UTC (Time) = Jul 10 2024  21:31:42
* NMEA baud rate = 4800
** Ship: seawolf
** Station: 11.2
** Operator: TCM
# nquan = 18
# nvalues = 11145                       
# units = specified
# name 0 = latitude: Latitude [deg]
# name 1 = longitude: Longitude [deg]
# name 2 = prDM: Pressure, Digiquartz [db]
# name 3 = depSM: Depth [salt water, m]
# name 4 = t090C: Temperature [ITS-90, deg C]
# name 5 = sal00: Salinity, Practical [PSU]
# name 6 = ph: pH
# name 7 = flECO-AFL: Fluorescence, WET Labs ECO-AFL/FL [mg/m^3]
# name 8 = cpar: CPAR/Corrected Irradiance [%]
# name 9 = density00: Density [density, kg/m^3]
# name 10 = potemp090C: Potential Temperature [ITS-90, deg C]
# name 11 = sigma-é00: Density [sigma-theta, kg/m^3]
# name 12 = sbeox0Mg/L: Oxygen, SBE 43 [mg/l]
# name 13 = sbox0Mm/Kg: Oxygen, SBE 43 [umol/kg]
# name 14 = oxsolMg/L: Oxygen Saturation, Garcia & Gordon [mg/l]
# name 15 = oxsolMm/Kg: Oxygen Saturation, Garcia & Gordon [umol/kg]
# name 16 = sbeox0PS: Oxygen, SBE 43 [% saturation]
# name 17 = flag:  0.000e+00
# span 0 =   40.68778,   40.68904       
# span 1 =  -72.06056,  -72.05938       
# span 2 =      1.644,     45.051       
# span 3 =      1.631,     44.698       
# span 4 =     7.1443,    23.5134       
# span 5 =    29.7469,    32.2937       
# span 6 =      7.879,      8.165       
# span 7 =     0.0013,     2.5667       
# span 8 = 2.3624e-03, 1.2817e+02       
# span 9 =  1020.2797,  1025.1716       
# span 10 =     7.1403,    23.5130      
# span 11 =    20.2712,    24.9798      
# span 12 =     7.5920,    10.8091      
# span 13 =    231.485,    329.751      
# span 14 =    7.12936,    9.81378      
# span 15 =  218.34761,  299.21610      
# span 16 =     77.511,    118.480      
# span 17 = 0.0000e+00, 0.0000e+00      
# interval = seconds: 0.0416667
# start_time = Jul 10 2024 21:31:42 [System UTC, first data scan.]
# bad_flag = -9.990e-29
*END*
[from data line 3619]
   40.68818  -72.06010     44.592     44.242     7.1490    31.9038      8.023     0.0416 2.6264e-03  1025.1662     7.1451    24.9613     7.6241    232.454    9.81269  299.18321     77.696 -9.990e-29
   40.68818  -72.06010     44.582     44.233     7.1495    31.9036      8.023     0.0416 2.7578e-03  1025.1658     7.1455    24.9611     7.6246    232.471    9.81271  299.18366     77.702 -9.990e-29
   40.68818  -72.06010     44.552     44.203     7.1494    31.9032      8.028     0.0416 2.8012e-03  1025.1654     7.1455    24.9608     7.6243    232.462    9.81278  299.18580     77.698 -9.990e-29
   40.68818  -72.06010     44.541     44.192     7.1495    31.9030      8.028     0.0416 2.7737e-03  1025.1649     7.1455    24.9606     7.6249    232.478    9.81272  299.18409     77.704 -9.990e-29
   40.68818  -72.06010     44.510     44.162     7.1494    31.9030      8.028     0.0416 2.7378e-03  1025.1652     7.1455    24.9606     7.6245    232.468    9.81270  299.18351     77.701 -9.990e-29
   40.68818  -72.06010     44.501     44.152     7.1497    31.9030      8.028     0.0416 2.7481e-03  1025.1648     7.1457    24.9606     7.6242    232.459    9.81273  299.18431     77.697 -9.990e-29
   40.68818  -72.06010     44.470     44.122     7.1495    31.9030      8.023     0.0416 2.8087e-03  1025.1647     7.1455    24.9606     7.6302    232.641    9.81269  299.18312     77.759 -9.990e-29
   40.68818  -72.06010     44.450     44.101     7.1494    31.9032      8.028     0.0416 2.9198e-03  1025.1651     7.1455    24.9607     7.6308    232.658    9.81268  299.18284     77.764 -9.990e-29
   40.68818  -72.06010     44.440     44.092     7.1497    31.9032      8.023     0.0416 2.9915e-03  1025.1648     7.1457    24.9607     7.6250    232.482    9.81273  299.18422     77.705 -9.990e-29
   40.68818  -72.06010     44.419     44.071     7.1499    31.9032      8.028     0.0416 3.0561e-03  1025.1645     7.1460    24.9607     7.6255    232.497    9.81267  299.18243     77.711 -9.990e-29
   40.68818  -72.06010     44.389     44.041     7.1497    31.9032      8.028     0.0416 3.1652e-03  1025.1647     7.1457    24.9607     7.6261    232.516    9.81271  299.18363     77.717 -9.990e-29
   40.68818  -72.06010     44.378     44.030     7.1498    31.9032      8.028     0.0416 3.2564e-03  1025.1643     7.1459    24.9606     7.6322    232.701    9.81275  299.18500     77.778 -9.990e-29
   40.68818  -72.06010     44.357     44.010     7.1499    31.9032      8.023     0.0416 3.3026e-03  1025.1641     7.1460    24.9606     7.6327    232.717    9.81271  299.18365     77.784 -9.990e-29
   40.68818  -72.06010     44.347     44.000     7.1497    31.9032      8.028     0.0416 3.2170e-03  1025.1646     7.1457    24.9608     7.6333    232.733    9.81275  299.18503     77.789 -9.990e-29
   40.68818  -72.06010     44.328     43.981     7.1500    31.9033      8.023     0.0416 3.1973e-03  1025.1643     7.1460    24.9608     7.6274    232.554    9.81274  299.18458     77.729 -9.990e-29
   40.68818  -72.06010     44.317     43.970     7.1501    31.9034      8.023     0.0416 3.2484e-03  1025.1644     7.1461    24.9609     7.6270    232.542    9.81278  299.18588     77.725 -9.990e-29
   40.68818  -72.06010     44.296     43.949     7.1502    31.9034      8.023     0.0416 3.3663e-03  1025.1643     7.1462    24.9609     7.6328    232.720    9.81275  299.18476     77.785 -9.990e-29
   40.68818  -72.06010     44.287     43.940     7.1501    31.9034      8.023     0.0416 3.4719e-03  1025.1645     7.1461    24.9609     7.6269    232.540    9.81272  299.18403     77.725 -9.990e-29
   40.68818  -72.06010     44.287     43.940     7.1506    31.9034      8.023     0.0416 3.5048e-03  1025.1639     7.1467    24.9608     7.6328    232.720    9.81280  299.18642     77.784 -9.990e-29
   40.68818  -72.06010     44.266     43.919     7.1503    31.9033      8.028     0.0416 3.6700e-03  1025.1640     7.1464    24.9607     7.6332    232.732    9.81280  299.18657     77.788 -9.990e-29
   40.68818  -72.06010     44.266     43.919     7.1506    31.9032      8.028     0.0416 3.8057e-03  1025.1640     7.1466    24.9606     7.6272    232.549    9.81278  299.18578     77.727 -9.990e-29
   40.68818  -72.06010     44.255     43.908     7.1506    31.9032      8.023     0.0416 3.8460e-03  1025.1637     7.1467    24.9606     7.6267    232.532    9.81281  299.18683     77.721 -9.990e-29
   40.68818  -72.06010     44.245     43.899     7.1504    31.9032      8.023     0.0416 3.6966e-03  1025.1638     7.1465    24.9606     7.6261    232.516    9.81287  299.18890     77.716 -9.990e-29
   40.68818  -72.06010     44.245     43.899     7.1506    31.9032      8.023     0.0416 3.5190e-03  1025.1636     7.1467    24.9606     7.6319    232.693    9.81289  299.18953     77.775 -9.990e-29
   40.68818  -72.06010     44.236     43.889     7.1508    31.9031      8.028     0.0416 3.4630e-03  1025.1636     7.1469    24.9606     7.6323    232.705    9.81296  299.19137     77.778 -9.990e-29
   40.68818  -72.06010     44.245     43.899     7.1507    31.9031      8.023     0.0416 3.4351e-03  1025.1640     7.1468    24.9606     7.6326    232.713    9.81298  299.19188     77.781 -9.990e-29
   40.68818  -72.06010     44.236     43.889     7.1508    31.9030      8.023     0.0416 3.3808e-03  1025.1634     7.1469    24.9605     7.6328    232.720    9.81295  299.19135     77.783 -9.990e-29
   40.68818  -72.06010     44.236     43.889     7.1506    31.9028      8.023     0.0416 3.3426e-03  1025.1634     7.1467    24.9604     7.6331    232.727    9.81302  299.19324     77.785 -9.990e-29
   40.68818  -72.06010     44.245     43.899     7.1506    31.9028      8.023     0.0416 3.2720e-03  1025.1636     7.1467    24.9604     7.6333    232.734    9.81307  299.19469     77.787 -9.990e-29
   40.68818  -72.06010     44.245     43.899     7.1508    31.9028      8.023     0.0416 3.1600e-03  1025.1635     7.1469    24.9603     7.6270    232.543    9.81305  299.19430     77.723 -9.990e-29
   40.68818  -72.06010     44.245     43.899     7.1506    31.9027      8.023     0.0416 3.0875e-03  1025.1635     7.1467    24.9602     7.6325    232.711    9.81304  299.19378     77.779 -9.990e-29
   40.68818  -72.06010     44.255     43.908     7.1506    31.9026      8.023     0.0416 3.0771e-03  1025.1633     7.1467    24.9601     7.6273    232.551    9.81307  299.19482     77.725 -9.990e-29
   40.68818  -72.06010     44.276     43.929     7.1506    31.9025      8.023     0.0416 3.3000e-03  1025.1633     7.1466    24.9600     7.6265    232.526    9.81310  299.19537     77.717 -9.990e-29
   40.68818  -72.06010     44.266     43.919     7.1503    31.9025      8.028     0.0416 3.3988e-03  1025.1633     7.1464    24.9601     7.6257    232.502    9.81313  299.19641     77.709 -9.990e-29
   40.68818  -72.06010     44.287     43.940     7.1503    31.9025      8.023     0.0551 3.3574e-03  1025.1634     7.1464    24.9602     7.6248    232.477    9.81313  299.19639     77.700 -9.990e-29
   40.68818  -72.06010     44.296     43.949     7.1503    31.9027      8.023     0.0551 3.2222e-03  1025.1638     7.1463    24.9603     7.6304    232.645    9.81311  299.19560     77.757 -9.990e-29
   40.68818  -72.06010     44.306     43.959     7.1505    31.9028      8.023     0.0551 3.1553e-03  1025.1637     7.1466    24.9603     7.6304    232.646    9.81308  299.19481     77.757 -9.990e-29
   40.68818  -72.06010     44.327     43.980     7.1501    31.9028      8.023     0.0551 3.1303e-03  1025.1638     7.1461    24.9604     7.6294    232.617    9.81303  299.19346     77.748 -9.990e-29
   40.68818  -72.06010     44.327     43.980     7.1503    31.9028      8.023     0.0551 3.1088e-03  1025.1641     7.1464    24.9605     7.6304    232.645    9.81305  299.19398     77.757 -9.990e-29
   40.68818  -72.06010     44.349     44.001     7.1500    31.9027      8.023     0.0551 3.0966e-03  1025.1642     7.1460    24.9603     7.6312    232.671    9.81299  299.19210     77.766 -9.990e-29
   40.68818  -72.06010     44.357     44.010     7.1503    31.9025      8.023     0.0551 3.0876e-03  1025.1634     7.1463    24.9600     7.6321    232.698    9.81293  299.19023     77.776 -9.990e-29
   40.68818  -72.06010     44.378     44.030     7.1500    31.9025      8.023     0.0551 3.0956e-03  1025.1637     7.1460    24.9600     7.6266    232.531    9.81289  299.18891     77.720 -9.990e-29
   40.68818  -72.06010     44.389     44.041     7.1499    31.9024      8.023     0.0551 3.1067e-03  1025.1641     7.1460    24.9601     7.6265    232.529    9.81278  299.18559     77.720 -9.990e-29
   40.68818  -72.06010     44.408     44.060     7.1497    31.9024      8.023     0.0551 3.1268e-03  1025.1642     7.1457    24.9601     7.6319    232.693    9.81272  299.18364     77.776 -9.990e-29
   40.68818  -72.06010     44.419     44.071     7.1498    31.9024      8.023     0.0551 2.9901e-03  1025.1636     7.1459    24.9600     7.6254    232.495    9.81254  299.17843     77.711 -9.990e-29
   40.68818  -72.06010     44.440     44.092     7.1494    31.9024      8.023     0.0551 2.8531e-03  1025.1644     7.1455    24.9601     7.6245    232.466    9.81257  299.17916     77.701 -9.990e-29
   40.68818  -72.06010     44.459     44.111     7.1494    31.9024      8.023     0.0551 2.8172e-03  1025.1642     7.1454    24.9602     7.6245    232.467    9.81257  299.17943     77.702 -9.990e-29
   40.68818  -72.06010     44.480     44.132     7.1494    31.9025      8.023     0.0551 2.8338e-03  1025.1645     7.1455    24.9603     7.6236    232.439    9.81256  299.17910     77.692 -9.990e-29
   40.68820  -72.06012     44.501     44.152     7.1495    31.9026      8.023     0.0551 2.8117e-03  1025.1647     7.1455    24.9603     7.6237    232.441    9.81255  299.17869     77.693 -9.990e-29
   40.68820  -72.06012     44.510     44.162     7.1495    31.9026      8.023     0.0551 2.8063e-03  1025.1646     7.1455    24.9603     7.6228    232.414    9.81253  299.17821     77.684 -9.990e-29
   40.68820  -72.06012     44.532     44.184     7.1491    31.9027      8.023     0.0551 2.8283e-03  1025.1649     7.1452    24.9604     7.6219    232.387    9.81251  299.17761     77.675 -9.990e-29
   40.68820  -72.06012     44.552     44.203     7.1494    31.9027      8.023     0.0551 2.8892e-03  1025.1650     7.1454    24.9604     7.6210    232.361    9.81251  299.17746     77.666 -9.990e-29
   40.68820  -72.06012     44.572     44.223     7.1494    31.9028      8.023     0.0551 2.9115e-03  1025.1650     7.1455    24.9605     7.6265    232.527    9.81248  299.17661     77.722 -9.990e-29
   40.68820  -72.06012     44.592     44.242     7.1492    31.9030      8.023     0.0551 2.9115e-03  1025.1656     7.1452    24.9607     7.6265    232.526    9.81244  299.17553     77.722 -9.990e-29
   40.68820  -72.06012     44.612     44.263     7.1494    31.9031      8.023     0.0551 2.9311e-03  1025.1656     7.1454    24.9607     7.6201    232.331    9.81235  299.17278     77.658 -9.990e-29
   40.68820  -72.06012     44.633     44.283     7.1494    31.9031      8.023     0.0551 2.9368e-03  1025.1656     7.1455    24.9607     7.6201    232.333    9.81241  299.17450     77.658 -9.990e-29
   40.68820  -72.06012     44.654     44.304     7.1492    31.9031      8.023     0.0551 2.9396e-03  1025.1659     7.1452    24.9607     7.6201    232.332    9.81230  299.17121     77.658 -9.990e-29
   40.68820  -72.06012     44.663     44.314     7.1494    31.9031      8.023     0.0416 2.9004e-03  1025.1658     7.1455    24.9607     7.6192    232.306    9.81231  299.17130     77.650 -9.990e-29
   40.68820  -72.06012     44.674     44.325     7.1494    31.9030      8.023     0.0416 2.8809e-03  1025.1657     7.1454    24.9606     7.6183    232.278    9.81225  299.16956     77.641 -9.990e-29
   40.68820  -72.06012     44.694     44.344     7.1492    31.9028      8.023     0.0416 2.8614e-03  1025.1658     7.1452    24.9605     7.6238    232.445    9.81223  299.16896     77.697 -9.990e-29
   40.68820  -72.06012     44.714     44.364     7.1494    31.9028      8.023     0.0416 2.8809e-03  1025.1656     7.1455    24.9605     7.6185    232.282    9.81226  299.17009     77.642 -9.990e-29
   40.68820  -72.06012     44.725     44.375     7.1492    31.9027      8.023     0.0416 2.9200e-03  1025.1659     7.1452    24.9604     7.6249    232.479    9.81223  299.16939     77.708 -9.990e-29
   40.68820  -72.06012     44.745     44.394     7.1494    31.9027      8.023     0.0416 2.9004e-03  1025.1657     7.1454    24.9604     7.6259    232.510    9.81223  299.16938     77.719 -9.990e-29
   40.68820  -72.06012     44.756     44.405     7.1491    31.9027      8.023     0.0416 2.9593e-03  1025.1659     7.1451    24.9604     7.6260    232.513    9.81226  299.17028     77.719 -9.990e-29
   40.68820  -72.06012     44.745     44.394     7.1492    31.9027      8.023     0.0416 3.0157e-03  1025.1661     7.1452    24.9605     7.6197    232.321    9.81227  299.17044     77.655 -9.990e-29
   40.68820  -72.06012     44.797     44.446     7.1494    31.9025      8.023     0.0416 3.0128e-03  1025.1659     7.1455    24.9603     7.6198    232.323    9.81227  299.17041     77.656 -9.990e-29
   40.68820  -72.06012     44.796     44.445     7.1492    31.9025      8.023     0.0416 2.8365e-03  1025.1658     7.1452    24.9602     7.6190    232.298    9.81231  299.17170     77.647 -9.990e-29
   40.68820  -72.06012     44.796     44.445     7.1492    31.9023      8.023     0.0416 2.6270e-03  1025.1657     7.1452    24.9602     7.6254    232.495    9.81228  299.17067     77.713 -9.990e-29
   40.68820  -72.06012     44.807     44.456     7.1491    31.9023      8.023     0.0416 2.5735e-03  1025.1662     7.1451    24.9602     7.6201    232.332    9.81226  299.17022     77.659 -9.990e-29
   40.68820  -72.06012     44.817     44.466     7.1490    31.9023      8.023     0.0416 2.6083e-03  1025.1661     7.1450    24.9602     7.6193    232.309    9.81231  299.17156     77.651 -9.990e-29
   40.68820  -72.06012     44.817     44.466     7.1489    31.9023      8.023     0.0416 2.6458e-03  1025.1656     7.1449    24.9600     7.6185    232.284    9.81229  299.17125     77.642 -9.990e-29
   40.68820  -72.06012     44.837     44.486     7.1488    31.9023      8.023     0.0416 2.6458e-03  1025.1657     7.1448    24.9600     7.6177    232.259    9.81229  299.17112     77.634 -9.990e-29
   40.68820  -72.06012     44.837     44.486     7.1484    31.9022      8.023     0.0416 2.6083e-03  1025.1663     7.1444    24.9602     7.6179    232.264    9.81229  299.17098     77.636 -9.990e-29
   40.68820  -72.06012     44.828     44.477     7.1483    31.9023      8.023     0.0416 2.4970e-03  1025.1662     7.1443    24.9602     7.6244    232.464    9.81230  299.17156     77.703 -9.990e-29
   40.68820  -72.06012     44.847     44.496     7.1485    31.9023      8.023     0.0416 2.4604e-03  1025.1658     7.1446    24.9601     7.6192    232.305    9.81231  299.17187     77.649 -9.990e-29
   40.68820  -72.06012     44.837     44.486     7.1481    31.9023      8.023     0.0416 2.5068e-03  1025.1662     7.1441    24.9602     7.6195    232.313    9.81235  299.17307     77.652 -9.990e-29
   40.68820  -72.06012     44.847     44.496     7.1479    31.9024      8.023     0.0416 2.6770e-03  1025.1663     7.1439    24.9603     7.6198    232.322    9.81237  299.17352     77.655 -9.990e-29
   40.68820  -72.06012     44.847     44.496     7.1480    31.9024      8.023     0.0416 2.7891e-03  1025.1661     7.1440    24.9603     7.6265    232.526    9.81239  299.17408     77.723 -9.990e-29
   40.68820  -72.06012     44.837     44.486     7.1480    31.9025      8.023     0.0416 2.8116e-03  1025.1664     7.1440    24.9604     7.6204    232.342    9.81243  299.17558     77.661 -9.990e-29
