CalculateIndicators/WaterTemperature/Data/CTD_NYOS/20240428_C26.cnv
* Sea-Bird SBE 9 Data File:
* FileName = C:\Seabird 9 CTD\Data\2024\202404_offshore\20240428_C26.hex
* Software Version Seasave V 7.23.2
* Temperature SN = 4590
* Conductivity SN = 3228
* Number of Bytes Per Scan = 44
* Number of Voltage Words = 5
* Number of Scans Averaged by the Deck Unit = 1
* NMEA Latitude = 39 31.74 N
* NMEA Longitude = 071 44.91 W
* NMEA UTC (Time) = Apr 28 2024  21:51:57
* NMEA baud rate = 4800
** Ship: Seawolf
** Station: 10.7
** Operator: TCM
# nquan = 18
# nvalues = 18309                       
# units = specified
# name 0 = latitude: Latitude [deg]
# name 1 = longitude: Longitude [deg]
# name 2 = prDM: Pressure, Digiquartz [db]
# name 3 = depSM: Depth [salt water, m]
# name 4 = t090C: Temperature [ITS-90, deg C]
# name 5 = sal00: Salinity, Practical [PSU]
# name 6 = ph: pH
# name 7 = flECO-AFL: Fluorescence, WET Labs ECO-AFL/FL [mg/m^3]
# name 8 = cpar: CPAR/Corrected Irradiance [%]
# name 9 = density00: Density [density, kg/m^3]
# name 10 = potemp090C: Potential Temperature [ITS-90, deg C]
# name 11 = sigma-é00: Density [sigma-theta, kg/m^3]
# name 12 = sbeox0Mg/L: Oxygen, SBE 43 [mg/l]
# name 13 = sbox0Mm/Kg: Oxygen, SBE 43 [umol/kg]
# name 14 = oxsolMg/L: Oxygen Saturation, Garcia & Gordon [mg/l]
# name 15 = oxsolMm/Kg: Oxygen Saturation, Garcia & Gordon [umol/kg]
# name 16 = sbeox0PS: Oxygen, SBE 43 [% saturation]
# name 17 = flag:  0.000e+00
# span 0 =   39.52916,   39.53050       
# span 1 =  -71.74900,  -71.74858       
# span 2 =      1.749,    101.317       
# span 3 =      1.736,    100.520       
# span 4 =     8.8803,    10.8591       
# span 5 =    33.0876,    34.5498       
# span 6 =      8.023,      8.118       
# span 7 =    -0.0658,     0.9147       
# span 8 = 2.7672e-13, 4.1579e+01       
# span 9 =  1025.4708,  1026.9517       
# span 10 =     8.8747,    10.8476      
# span 11 =    25.4547,    26.4971      
# span 12 =     7.2645,     9.4054      
# span 13 =    221.162,    286.603      
# span 14 =    8.88587,    9.33370      
# span 15 =  270.53576,  284.28631      
# span 16 =     81.248,    102.514      
# span 17 = 0.0000e+00, 0.0000e+00      
# interval = seconds: 0.0416667
# start_time = Apr 28 2024 21:51:56 [System UTC, first data scan.]
# bad_flag = -9.990e-29
*END*
[from data line 9166]
   39.52986  -71.74878     71.570     71.013     9.9686    34.1241      8.048    -0.0121 3.8364e-13  1026.5969     9.9604    26.2747     8.0578    245.372    9.10215  277.17260     88.527 0.0000e+00
   39.52986  -71.74878     71.519     70.962     9.9665    34.1249      8.048    -0.0121 3.8364e-13  1026.5979     9.9583    26.2756     8.0591    245.408    9.10199  277.16329     88.543 0.0000e+00
   39.52986  -71.74878     71.489     70.932     9.9643    34.1262      8.048     0.0013 3.8075e-13  1026.5994     9.9562    26.2769     8.0645    245.567    9.10043  277.10995     88.617 0.0000e+00
   39.52986  -71.74878     71.440     70.884     9.9626    34.1271      8.048    -0.0121 3.8364e-13  1026.6008     9.9545    26.2779     8.0644    245.562    9.09886  277.06117     88.631 0.0000e+00
   39.52986  -71.74878     71.407     70.851     9.9618    34.1268      8.048    -0.0121 3.8364e-13  1026.6005     9.9537    26.2779     8.0644    245.563    9.09788  277.03297     88.640 0.0000e+00
   39.52986  -71.74878     71.356     70.800     9.9608    34.1251      8.048    -0.0121 3.8075e-13  1026.5988     9.9526    26.2768     8.0703    245.743    9.09658  276.99480     88.717 0.0000e+00
   39.52986  -71.74878     71.305     70.749     9.9600    34.1224      8.048    -0.0121 3.8075e-13  1026.5969     9.9519    26.2747     8.0711    245.770    9.09567  276.96782     88.736 0.0000e+00
   39.52986  -71.74878     71.274     70.719     9.9600    34.1190      8.048    -0.0121 3.8075e-13  1026.5931     9.9519    26.2722     8.0710    245.765    9.09488  276.94272     88.742 0.0000e+00
   39.52986  -71.74878     71.245     70.690     9.9585    34.1157      8.053    -0.0121 3.8075e-13  1026.5909     9.9504    26.2698     8.0706    245.752    9.09425  276.92382     88.744 0.0000e+00
   39.52986  -71.74878     71.202     70.648     9.9568    34.1132      8.048    -0.0121 3.8075e-13  1026.5887     9.9487    26.2681     8.0711    245.770    9.09425  276.92559     88.749 0.0000e+00
   39.52986  -71.74878     71.161     70.606     9.9550    34.1116      8.048    -0.0121 3.8075e-13  1026.5877     9.9469    26.2672     8.0774    245.963    9.09460  276.93740     88.815 0.0000e+00
   39.52986  -71.74878     71.130     70.576     9.9530    34.1108      8.048    -0.0121 3.8075e-13  1026.5875     9.9450    26.2669     8.0789    246.008    9.09477  276.94077     88.831 0.0000e+00
   39.52986  -71.74878     71.089     70.535     9.9506    34.1107      8.053    -0.0121 3.8075e-13  1026.5875     9.9425    26.2672     8.0788    246.001    9.09438  276.92668     88.833 0.0000e+00
   39.52986  -71.74878     71.049     70.495     9.9494    34.1108      8.053    -0.0121 3.8075e-13  1026.5884     9.9413    26.2675     8.0847    246.183    9.09401  276.91569     88.902 0.0000e+00
   39.52986  -71.74878     71.017     70.464     9.9484    34.1102      8.053     0.0013 3.8656e-13  1026.5878     9.9404    26.2673     8.0907    246.367    9.09419  276.92331     88.966 0.0000e+00
   39.52986  -71.74878     70.989     70.436     9.9463    34.1089      8.053     0.0148 3.9256e-13  1026.5867     9.9382    26.2666     8.0863    246.234    9.09522  276.95689     88.907 0.0000e+00
   39.52986  -71.74878     70.946     70.394     9.9440    34.1077      8.053     0.0148 4.0190e-13  1026.5855     9.9359    26.2661     8.0932    246.446    9.09641  276.99382     88.971 0.0000e+00
   39.52986  -71.74878     70.905     70.353     9.9410    34.1076      8.053     0.0148 4.0839e-13  1026.5854     9.9329    26.2663     8.0942    246.475    9.09708  277.01283     88.976 0.0000e+00
   39.52986  -71.74878     70.884     70.332     9.9397    34.1091      8.053     0.0148 4.1171e-13  1026.5870     9.9316    26.2677     8.0950    246.497    9.09715  277.01327     88.984 0.0000e+00
   39.52986  -71.74878     70.843     70.291     9.9409    34.1113      8.053     0.0148 4.1171e-13  1026.5896     9.9328    26.2692     8.0997    246.637    9.09654  276.99241     89.041 0.0000e+00
   39.52986  -71.74878     70.812     70.261     9.9433    34.1120      8.053     0.0148 4.1508e-13  1026.5898     9.9353    26.2695     8.0988    246.611    9.09514  276.94764     89.046 0.0000e+00
   39.52986  -71.74878     70.772     70.221     9.9453    34.1111      8.053     0.0148 4.1851e-13  1026.5875     9.9373    26.2686     8.0978    246.579    9.09401  276.91356     89.046 0.0000e+00
   39.52986  -71.74878     70.761     70.210     9.9443    34.1096      8.053     0.0282 4.1851e-13  1026.5864     9.9363    26.2676     8.1023    246.717    9.09315  276.88735     89.104 0.0000e+00
   39.52986  -71.74878     70.731     70.180     9.9415    34.1084      8.053     0.0148 4.1851e-13  1026.5858     9.9335    26.2670     8.1081    246.892    9.09240  276.86466     89.174 0.0000e+00
   39.52986  -71.74878     70.689     70.138     9.9384    34.1075      8.053     0.0148 4.1851e-13  1026.5856     9.9304    26.2667     8.1032    246.745    9.09233  276.86518     89.121 0.0000e+00
   39.52986  -71.74878     70.682     70.131     9.9370    34.1060      8.053     0.0148 4.1851e-13  1026.5855     9.9290    26.2659     8.1087    246.914    9.09231  276.86588     89.182 0.0000e+00
   39.52986  -71.74878     70.649     70.099     9.9354    34.1033      8.053     0.0148 4.2200e-13  1026.5828     9.9274    26.2643     8.1084    246.902    9.09186  276.84998     89.183 0.0000e+00
   39.52986  -71.74878     70.617     70.067     9.9298    34.1008      8.053     0.0148 4.2200e-13  1026.5801     9.9218    26.2629     8.1074    246.872    9.09125  276.83050     89.178 0.0000e+00
   39.52986  -71.74878     70.598     70.048     9.9251    34.1000      8.053     0.0148 4.2555e-13  1026.5811     9.9171    26.2629     8.1125    247.026    9.09062  276.81093     89.240 0.0000e+00
   39.52986  -71.74878     70.556     70.007     9.9246    34.1005      8.053     0.0148 4.2555e-13  1026.5819     9.9166    26.2635     8.1120    247.011    9.08995  276.79031     89.241 0.0000e+00
   39.52986  -71.74878     70.546     69.997     9.9264    34.1013      8.053     0.0148 4.2915e-13  1026.5819     9.9184    26.2640     8.1176    247.183    9.08931  276.77078     89.310 0.0000e+00
   39.52986  -71.74878     70.515     69.965     9.9276    34.1015      8.053     0.0148 4.2915e-13  1026.5832     9.9196    26.2641     8.1171    247.169    9.08881  276.75632     89.309 0.0000e+00
   39.52986  -71.74878     70.484     69.935     9.9275    34.1006      8.053     0.0148 4.3282e-13  1026.5809     9.9195    26.2634     8.1220    247.319    9.08848  276.74708     89.366 0.0000e+00
   39.52986  -71.74878     70.475     69.926     9.9238    34.0992      8.053     0.0148 4.2915e-13  1026.5806     9.9158    26.2626     8.1231    247.351    9.08822  276.73998     89.380 0.0000e+00
   39.52986  -71.74878     70.443     69.894     9.9230    34.0978 -9.990e-29     0.0148 4.2915e-13  1026.5797     9.9150    26.2617     8.1180    247.195    9.08805  276.73521     89.326 0.0000e+00
   39.52986  -71.74878     70.433     69.884     9.9238    34.0968 -9.990e-29     0.0148 4.2915e-13  1026.5779     9.9158    26.2611     8.1232    247.357    9.08796  276.73309     89.385 0.0000e+00
   39.52986  -71.74878     70.403     69.854     9.9210    34.0965 -9.990e-29     0.0148 4.2915e-13  1026.5787     9.9130    26.2611     8.1232    247.356    9.08800  276.73464     89.384 0.0000e+00
   39.52986  -71.74878     70.391     69.843     9.9194    34.0964 -9.990e-29     0.0148 4.2915e-13  1026.5791     9.9114    26.2613     8.1226    247.337    9.08796  276.73362     89.377 0.0000e+00
   39.52986  -71.74878     70.354     69.806     9.9177    34.0957 -9.990e-29     0.0013 4.2915e-13  1026.5790     9.9098    26.2611     8.1282    247.509    9.08807  276.73701     89.438 0.0000e+00
   39.52986  -71.74878     70.351     69.803     9.9172    34.0939 -9.990e-29    -0.0121 4.2555e-13  1026.5775     9.9093    26.2598     8.1286    247.521    9.08846  276.74895     89.439 0.0000e+00
   39.52986  -71.74878     70.321     69.773     9.9156    34.0909 -9.990e-29    -0.0121 4.2555e-13  1026.5752     9.9076    26.2577     8.1349    247.714    9.08866  276.75540     89.506 0.0000e+00
   39.52986  -71.74878     70.310     69.762     9.9134    34.0870 -9.990e-29    -0.0121 4.2555e-13  1026.5721     9.9054    26.2550     8.1350    247.716    9.08889  276.76273     89.505 0.0000e+00
   39.52986  -71.74878     70.279     69.732     9.9115    34.0834 -9.990e-29    -0.0121 4.2555e-13  1026.5687     9.9035    26.2527     8.1348    247.709    9.08932  276.77581     89.498 0.0000e+00
   39.52986  -71.74878     70.270     69.722     9.9067    34.0804 -9.990e-29    -0.0121 4.2555e-13  1026.5688     9.8987    26.2510     8.1406    247.888    9.08980  276.79103     89.558 0.0000e+00
   39.52986  -71.74878     70.249     69.702     9.9024    34.0761 -9.990e-29    -0.0121 4.2555e-13  1026.5663     9.8944    26.2482     8.1409    247.898    9.09024  276.80491     89.557 0.0000e+00
   39.52986  -71.74878     70.217     69.670     9.9001    34.0703 -9.990e-29    -0.0121 4.2555e-13  1026.5604     9.8921    26.2443     8.1415    247.916    9.09069  276.81850     89.559 -9.990e-29
   39.52986  -71.74878     70.217     69.670     9.8953    34.0654 -9.990e-29    -0.0121 4.2555e-13  1026.5563     9.8873    26.2413     8.1474    248.095    9.09110  276.83139     89.619 -9.990e-29
   39.52986  -71.74878     70.187     69.640     9.8882    34.0642 -9.990e-29    -0.0121 4.2555e-13  1026.5556     9.8803    26.2413     8.1484    248.129    9.09226  276.86900     89.619 0.0000e+00
   39.52986  -71.74878     70.177     69.630     9.8819    34.0702 -9.990e-29    -0.0121 4.2915e-13  1026.5582     9.8740    26.2469     8.1505    248.193    9.09417  276.92964     89.623 0.0000e+00
   39.52986  -71.74878     70.156     69.610     9.8768    34.0856 -9.990e-29    -0.0121 4.2915e-13  1026.5746     9.8689    26.2597     8.1581    248.425    9.09627  276.99363     89.686 0.0000e+00
   39.52986  -71.74878     70.147     69.600     9.8765    34.1031 -9.990e-29    -0.0121 4.2915e-13  1026.5963     9.8686    26.2733     8.1599    248.480    9.09808  277.04785     89.689 0.0000e+00
   39.52986  -71.74878     70.126     69.580     9.8826    34.1115 -9.990e-29    -0.0121 4.2915e-13  1026.6000     9.8747    26.2792     8.1676    248.712    9.09964  277.09295     89.758 0.0000e+00
   39.52986  -71.74878     70.115     69.569     9.8894    34.1105 -9.990e-29    -0.0121 4.2915e-13  1026.5940     9.8814    26.2774     8.1689    248.749    9.10032  277.11073     89.765 0.0000e+00
   39.52986  -71.74878     70.105     69.559     9.8974    34.1071 -9.990e-29    -0.0121 4.2915e-13  1026.5886     9.8895    26.2735     8.1687    248.740    9.09998  277.09785     89.766 0.0000e+00
   39.52986  -71.74878     70.084     69.538     9.9027    34.1059 -9.990e-29    -0.0121 4.2915e-13  1026.5857     9.8948    26.2717     8.1742    248.907    9.09940  277.07823     89.833 0.0000e+00
   39.52986  -71.74878     70.075     69.529     9.9052    34.1068 -9.990e-29    -0.0121 4.3282e-13  1026.5894     9.8973    26.2718     8.1745    248.915    9.09908  277.06866     89.839 0.0000e+00
   39.52986  -71.74878     70.054     69.508     9.9085    34.1058 -9.990e-29    -0.0121 4.3282e-13  1026.5884     9.9006    26.2705     8.1801    249.086    9.09888  277.06380     89.902 0.0000e+00
   39.52986  -71.74878     70.033     69.488     9.9106    34.1019 -9.990e-29    -0.0121 4.3282e-13  1026.5822     9.9027    26.2672     8.1807    249.106    9.09923  277.07514     89.906 -9.990e-29
   39.52986  -71.74878     70.033     69.488     9.9105    34.1000 -9.990e-29    -0.0121 4.3282e-13  1026.5780     9.9025    26.2658     8.1805    249.097    9.09921  277.07358     89.903 -9.990e-29
   39.52986  -71.74878     70.012     69.467     9.9076    34.1036 -9.990e-29    -0.0121 4.3655e-13  1026.5837     9.8997    26.2688     8.1851    249.238    9.09806  277.03905     89.965 0.0000e+00
   39.52986  -71.74878     69.982     69.437     9.9065    34.1085 -9.990e-29    -0.0121 4.3655e-13  1026.5919     9.8986    26.2728     8.1848    249.232    9.09764  277.02887     89.966 -9.990e-29
   39.52986  -71.74878     69.982     69.437     9.9086    34.1081 -9.990e-29    -0.0121 4.3655e-13  1026.5909     9.9007    26.2723     8.1855    249.255    9.09869  277.06370     89.963 -9.990e-29
   39.52986  -71.74878     69.961     69.416     9.9105    34.1017 -9.990e-29    -0.0121 4.3655e-13  1026.5831     9.9026    26.2672     8.1863    249.278    9.09950  277.08576     89.964 0.0000e+00
   39.52986  -71.74878     69.931     69.386     9.9086    34.0943 -9.990e-29     0.0013 4.3655e-13  1026.5745     9.9007    26.2616     8.1855    249.250    9.09837  277.04772     89.966 0.0000e+00
   39.52986  -71.74878     69.921     69.376     9.9037    34.0914 -9.990e-29     0.0013 4.3655e-13  1026.5724     9.8958    26.2600     8.1886    249.345    9.09677  276.99831     90.017 -9.990e-29
   39.52986  -71.74878     69.921     69.376     9.8987    34.0944 -9.990e-29     0.0013 4.3655e-13  1026.5774     9.8908    26.2630     8.1874    249.308    9.09561  276.96362     90.015 -9.990e-29
   39.52986  -71.74878     69.910     69.366     9.8963    34.1014 -9.990e-29     0.0013 4.3655e-13  1026.5834     9.8884    26.2688     8.1919    249.445    9.09486  276.94134     90.071 0.0000e+00
   39.52986  -71.74878     69.889     69.345     9.8963    34.1103 -9.990e-29     0.0013 4.3282e-13  1026.5915     9.8884    26.2757     8.1852    249.243    9.09431  276.92503     90.004 0.0000e+00
   39.52986  -71.74878     69.870     69.326     9.9001    34.1177 -9.990e-29     0.0013 4.3282e-13  1026.5995     9.8921    26.2810     8.1839    249.204    9.09381  276.91047     89.994 -9.990e-29
   39.52988  -71.74878     69.870     69.326     9.9058    34.1210 -9.990e-29     0.0013 4.3282e-13  1026.5983     9.8979    26.2828     8.1880    249.328    9.09341  276.89894     90.043 -9.990e-29
   39.52988  -71.74878     69.838     69.294     9.9100    34.1214 -9.990e-29     0.0013 4.3282e-13  1026.5980     9.9020    26.2824     8.1867    249.290    9.09314  276.89121     90.032 0.0000e+00
   39.52988  -71.74878     69.828     69.285     9.9136    34.1187 -9.990e-29     0.0013 4.3282e-13  1026.5977     9.9057    26.2797     8.1858    249.264    9.09301  276.88752     90.023 0.0000e+00
   39.52988  -71.74878     69.808     69.264     9.9176    34.1132 -9.990e-29     0.0013 4.3282e-13  1026.5875     9.9096    26.2749     8.1853    249.249    9.09293  276.88528     90.019 -9.990e-29
   39.52988  -71.74878     69.808     69.264     9.9191    34.1108 -9.990e-29     0.0013 4.3655e-13  1026.5834     9.9111    26.2728     8.1894    249.373    9.09291  276.88467     90.064 -9.990e-29
   39.52988  -71.74878     69.777     69.234     9.9186    34.1143 -9.990e-29     0.0013 4.3655e-13  1026.5908     9.9106    26.2754     8.1888    249.353    9.09283  276.88257     90.057 -9.990e-29
   39.52988  -71.74878     69.777     69.234     9.9202    34.1190 -9.990e-29     0.0013 4.3282e-13  1026.5943     9.9123    26.2788     8.1879    249.329    9.09310  276.89118     90.046 -9.990e-29
   39.52988  -71.74878     69.747     69.204     9.9226    34.1221 -9.990e-29     0.0013 4.3282e-13  1026.5957     9.9147    26.2808     8.1927    249.473    9.09362  276.90740     90.093 0.0000e+00
   39.52988  -71.74878     69.715     69.172     9.9253    34.1237 -9.990e-29     0.0013 4.3282e-13  1026.5969     9.9174    26.2816     8.1868    249.295    9.09405  276.92037     90.024 0.0000e+00
   39.52988  -71.74878     69.705     69.162     9.9286    34.1236 -9.990e-29     0.0013 4.3282e-13  1026.5962     9.9207    26.2810     8.1913    249.430    9.09442  276.93082     90.069 0.0000e+00
   39.52988  -71.74878     69.695     69.153     9.9319    34.1217 -9.990e-29     0.0013 4.2915e-13  1026.5936     9.9240    26.2790     8.1908    249.414    9.09452  276.93376     90.063 0.0000e+00
