CalculateIndicators/WaterTemperature/Data/CTD_NYOS/20240913_C20.cnv
* Sea-Bird SBE 9 Data File:
* FileName = C:\Seabird 9 CTD\Data\2024\202409_offshore\20240913_C20.hex
* Software Version Seasave V 7.23.2
* Temperature SN = 4590
* Conductivity SN = 3228
* Number of Bytes Per Scan = 44
* Number of Voltage Words = 5
* Number of Scans Averaged by the Deck Unit = 1
* NMEA Latitude = 40 40.23 N
* NMEA Longitude = 072 58.60 W
* NMEA UTC (Time) = Sep 13 2024  21:56:17
* NMEA baud rate = 4800
** Ship: Seawolf
** Station: 9.1
** Operator: TDK
# nquan = 18
# nvalues = 8194                        
# units = specified
# name 0 = latitude: Latitude [deg]
# name 1 = longitude: Longitude [deg]
# name 2 = prDM: Pressure, Digiquartz [db]
# name 3 = depSM: Depth [salt water, m]
# name 4 = t090C: Temperature [ITS-90, deg C]
# name 5 = sal00: Salinity, Practical [PSU]
# name 6 = ph: pH
# name 7 = flECO-AFL: Fluorescence, WET Labs ECO-AFL/FL [mg/m^3]
# name 8 = cpar: CPAR/Corrected Irradiance [%]
# name 9 = density00: Density [density, kg/m^3]
# name 10 = potemp090C: Potential Temperature [ITS-90, deg C]
# name 11 = sigma-é00: Density [sigma-theta, kg/m^3]
# name 12 = sbeox0Mg/L: Oxygen, SBE 43 [mg/l]
# name 13 = sbox0Mm/Kg: Oxygen, SBE 43 [umol/kg]
# name 14 = oxsolMg/L: Oxygen Saturation, Garcia & Gordon [mg/l]
# name 15 = oxsolMm/Kg: Oxygen Saturation, Garcia & Gordon [umol/kg]
# name 16 = sbeox0PS: Oxygen, SBE 43 [% saturation]
# name 17 = flag:  0.000e+00
# span 0 =   40.67048,   40.67146       
# span 1 =  -72.97682,  -72.97586       
# span 2 =      1.802,     14.010       
# span 3 =      1.788,     13.901       
# span 4 =    17.8518,    21.9369       
# span 5 =    30.4974,    31.2750       
# span 6 =      7.811,      8.249       
# span 7 =     0.7803,     2.0697       
# span 8 = 5.1241e-01, 3.1354e+01       
# span 9 =  1020.7965,  1022.5124       
# span 10 =    17.8495,    21.9365      
# span 11 =    20.8220,    22.4481      
# span 12 =     4.0479,     8.4465      
# span 13 =    123.754,    258.481      
# span 14 =    7.31237,    7.87384      
# span 15 =  223.78010,  240.66473      
# span 16 =     51.600,    115.217      
# span 17 = 0.0000e+00, 0.0000e+00      
# interval = seconds: 0.0416667
# start_time = Sep 13 2024 21:56:17 [System UTC, first data scan.]
# bad_flag = -9.990e-29
*END*
[from data line 965]
   40.67072  -72.97668     13.354     13.251    18.0743    31.1957      7.852     1.6937 6.5013e-01  1022.4021    18.0721    22.3435     4.4389    135.693    7.82343  239.15679     56.738 -9.990e-29
   40.67072  -72.97668     13.341     13.237    18.0797    31.1949      7.852     1.6937 6.4594e-01  1022.4001    18.0775    22.3416     4.4397    135.717    7.82407  239.17609     56.744 -9.990e-29
   40.67072  -72.97668     13.343     13.240    18.0849    31.1937      7.852     1.6937 6.4296e-01  1022.3980    18.0827    22.3394     4.4355    135.590    7.82485  239.19956     56.685 -9.990e-29
   40.67072  -72.97668     13.331     13.228    18.0905    31.1924      7.847     1.6937 6.4183e-01  1022.3953    18.0882    22.3371     4.4403    135.738    7.82560  239.22242     56.741 -9.990e-29
   40.67072  -72.97668     13.334     13.230    18.0960    31.1915      7.852     1.6937 6.4072e-01  1022.3931    18.0938    22.3351     4.4363    135.613    7.82621  239.24076     56.685 -9.990e-29
   40.67072  -72.97668     13.331     13.228    18.1009    31.1911      7.852     1.6937 6.3926e-01  1022.3919    18.0986    22.3336     4.4366    135.623    7.82698  239.26390     56.683 -9.990e-29
   40.67072  -72.97668     13.324     13.221    18.1057    31.1910      7.847     1.6937 6.3926e-01  1022.3906    18.1035    22.3323     4.4370    135.635    7.82774  239.28686     56.683 -9.990e-29
   40.67072  -72.97668     13.321     13.218    18.1108    31.1911      7.852     1.6937 6.3962e-01  1022.3895    18.1085    22.3312     4.4375    135.651    7.82854  239.31094     56.684 -9.990e-29
   40.67072  -72.97668     13.313     13.210    18.1158    31.1911      7.847     1.6937 6.4145e-01  1022.3883    18.1135    22.3300     4.4383    135.674    7.82954  239.34134     56.686 -9.990e-29
   40.67072  -72.97668     13.310     13.207    18.1212    31.1911      7.847     1.6937 6.4145e-01  1022.3870    18.1190    22.3287     4.4433    135.826    7.83041  239.36768     56.744 -9.990e-29
   40.67072  -72.97668     13.303     13.200    18.1265    31.1907      7.847     1.7071 6.4328e-01  1022.3856    18.1243    22.3270     4.4394    135.708    7.83136  239.39591     56.688 -9.990e-29
   40.67072  -72.97668     13.301     13.198    18.1326    31.1897      7.847     1.7205 6.4365e-01  1022.3831    18.1304    22.3249     4.4398    135.718    7.83210  239.41801     56.687 -9.990e-29
   40.67072  -72.97668     13.303     13.200    18.1390    31.1886      7.847     1.7205 6.4219e-01  1022.3807    18.1368    22.3225     4.4406    135.742    7.83268  239.43526     56.693 -9.990e-29
   40.67072  -72.97668     13.290     13.187    18.1454    31.1875      7.847     1.7205 6.4403e-01  1022.3783    18.1432    22.3202     4.4411    135.758    7.83345  239.45843     56.694 -9.990e-29
   40.67072  -72.97668     13.283     13.180    18.1517    31.1863      7.847     1.7205 6.4441e-01  1022.3759    18.1494    22.3177     4.4416    135.774    7.83409  239.47760     56.696 -9.990e-29
   40.67072  -72.97668     13.290     13.187    18.1579    31.1852      7.847     1.7205 6.4257e-01  1022.3732    18.1557    22.3154     4.4422    135.791    7.83467  239.49508     56.699 -9.990e-29
   40.67072  -72.97668     13.283     13.180    18.1638    31.1843      7.847     1.7205 6.4625e-01  1022.3713    18.1615    22.3133     4.4429    135.814    7.83539  239.51707     56.703 -9.990e-29
   40.67072  -72.97668     13.280     13.177    18.1694    31.1836      7.847     1.7205 6.4625e-01  1022.3696    18.1672    22.3114     4.4438    135.840    7.83625  239.54314     56.708 -9.990e-29
   40.67072  -72.97668     13.283     13.180    18.1755    31.1829      7.847     1.7205 6.4625e-01  1022.3674    18.1733    22.3094     4.4446    135.865    7.83690  239.56233     56.714 -9.990e-29
   40.67072  -72.97668     13.270     13.168    18.1809    31.1822      7.847     1.7205 6.4663e-01  1022.3655    18.1787    22.3076     4.4408    135.748    7.83750  239.58009     56.661 -9.990e-29
   40.67072  -72.97668     13.273     13.170    18.1855    31.1816      7.847     1.7205 6.4848e-01  1022.3640    18.1833    22.3060     4.4413    135.765    7.83815  239.59946     56.663 -9.990e-29
   40.67072  -72.97668     13.270     13.168    18.1900    31.1812      7.846     1.7205 6.4848e-01  1022.3625    18.1878    22.3045     4.4415    135.770    7.83878  239.61849     56.661 -9.990e-29
   40.67072  -72.97668     13.262     13.159    18.1943    31.1807      7.846     1.7205 6.4848e-01  1022.3613    18.1920    22.3031     4.4422    135.790    7.83931  239.63442     56.665 -9.990e-29
   40.67072  -72.97668     13.270     13.168    18.1992    31.1799      7.846     1.7205 6.4848e-01  1022.3594    18.1970    22.3013     4.4430    135.814    7.83992  239.65285     56.671 -9.990e-29
   40.67072  -72.97668     13.262     13.159    18.2041    31.1790      7.846     1.7205 6.4848e-01  1022.3572    18.2018    22.2994     4.4440    135.845    7.84080  239.67917     56.678 -9.990e-29
   40.67072  -72.97668     13.270     13.168    18.2084    31.1780      7.846     1.7205 6.5033e-01  1022.3558    18.2061    22.2977     4.4398    135.718    7.84144  239.69827     56.620 -9.990e-29
   40.67072  -72.97668     13.262     13.159    18.2125    31.1771      7.846     1.7205 6.5033e-01  1022.3540    18.2103    22.2960     4.4400    135.724    7.84210  239.71806     56.618 -9.990e-29
   40.67072  -72.97668     13.270     13.168    18.2163    31.1762      7.846     1.7205 6.5033e-01  1022.3522    18.2141    22.2944     4.4450    135.874    7.84268  239.73541     56.677 -9.990e-29
   40.67072  -72.97668     13.273     13.170    18.2199    31.1753      7.846     1.7205 6.5219e-01  1022.3508    18.2176    22.2928     4.4410    135.752    7.84315  239.74942     56.622 -9.990e-29
   40.67072  -72.97668     13.270     13.168    18.2231    31.1745      7.841     1.7205 6.5033e-01  1022.3494    18.2208    22.2915     4.4408    135.747    7.84354  239.76122     56.618 -9.990e-29
   40.67072  -72.97668     13.262     13.159    18.2260    31.1736      7.846     1.7205 6.5180e-01  1022.3481    18.2238    22.2901     4.4413    135.760    7.84405  239.77597     56.619 -9.990e-29
   40.67072  -72.97668     13.270     13.168    18.2286    31.1726      7.846     1.7205 6.5366e-01  1022.3466    18.2264    22.2887     4.4418    135.777    7.84462  239.79293     56.623 -9.990e-29
   40.67072  -72.97668     13.283     13.180    18.2308    31.1713      7.846     1.7205 6.5180e-01  1022.3453    18.2286    22.2871     4.4420    135.781    7.84510  239.80727     56.621 -9.990e-29
   40.67072  -72.97668     13.270     13.168    18.2333    31.1699      7.846     1.7205 6.5180e-01  1022.3435    18.2311    22.2854     4.4374    135.643    7.84546  239.81814     56.561 -9.990e-29
   40.67072  -72.97668     13.283     13.180    18.2354    31.1683      7.846     1.7205 6.5180e-01  1022.3417    18.2332    22.2837     4.4419    135.778    7.84571  239.82556     56.615 -9.990e-29
 -9.990e-29  -72.97668     13.290     13.187    18.2368    31.1668      7.846     1.7474 6.5180e-01  1022.3401    18.2345    22.2823     4.4426    135.801    7.84605  239.83545     56.623 -9.990e-29
 -9.990e-29  -72.97668     13.283     13.180    18.2371    31.1657      7.846     1.7474 6.5033e-01  1022.3392    18.2349    22.2813     4.4383    135.669    7.84633  239.84398     56.565 -9.990e-29
 -9.990e-29  -72.97668     13.270     13.168    18.2366    31.1649      7.846     1.7474 6.5180e-01  1022.3389    18.2343    22.2808     4.4384    135.671    7.84672  239.85554     56.564 -9.990e-29
 -9.990e-29  -72.97666     13.313     13.210    18.2354    31.1641      7.846     1.7474 6.4994e-01  1022.3387    18.2332    22.2804     4.4380    135.660    7.84701  239.86431     56.557 -9.990e-29
 -9.990e-29  -72.97666     13.303     13.200    18.2349    31.1632      7.846     1.7474 6.4994e-01  1022.3380    18.2326    22.2800     4.4378    135.651    7.84725  239.87140     56.552 -9.990e-29
 -9.990e-29  -72.97666     13.301     13.198    18.2337    31.1623      7.846     1.7474 6.4809e-01  1022.3378    18.2314    22.2795     4.4375    135.644    7.84749  239.87815     56.547 -9.990e-29
 -9.990e-29  -72.97666     13.303     13.200    18.2324    31.1613      7.846     1.7474 6.4809e-01  1022.3371    18.2301    22.2791     4.4374    135.639    7.84772  239.88477     56.543 -9.990e-29
 -9.990e-29  -72.97666     13.321     13.218    18.2310    31.1604      7.846     1.7474 6.4809e-01  1022.3368    18.2288    22.2787     4.4372    135.635    7.84789  239.88963     56.541 -9.990e-29
 -9.990e-29  -72.97666     13.313     13.210    18.2297    31.1599      7.846     1.7474 6.4809e-01  1022.3369    18.2274    22.2787     4.4371    135.631    7.84792  239.89032     56.539 -9.990e-29
 -9.990e-29  -72.97666     13.331     13.228    18.2265    31.1594      7.846     1.7474 6.4625e-01  1022.3372    18.2243    22.2791     4.4370    135.629    7.84793  239.89020     56.538 -9.990e-29
 -9.990e-29  -72.97666     13.334     13.230    18.2228    31.1592      7.846     1.7474 6.4771e-01  1022.3380    18.2205    22.2798     4.4323    135.484    7.84788  239.88815     56.478 -9.990e-29
 -9.990e-29  -72.97666     13.331     13.228    18.2194    31.1590      7.846     1.7474 6.4587e-01  1022.3389    18.2172    22.2805     4.4321    135.477    7.84806  239.89327     56.474 -9.990e-29
 -9.990e-29  -72.97666     13.343     13.240    18.2151    31.1588      7.846     1.7474 6.4587e-01  1022.3396    18.2129    22.2813     4.4320    135.473    7.84830  239.90066     56.471 -9.990e-29
 -9.990e-29  -72.97666     13.352     13.248    18.2109    31.1586      7.846     1.7474 6.4403e-01  1022.3405    18.2087    22.2822     4.4272    135.328    7.84851  239.90696     56.409 -9.990e-29
 -9.990e-29  -72.97666     13.354     13.251    18.2066    31.1584      7.846     1.7608 6.4219e-01  1022.3416    18.2044    22.2832     4.4316    135.460    7.84871  239.91283     56.462 -9.990e-29
 -9.990e-29  -72.97666     13.371     13.267    18.2016    31.1581      7.846     1.7474 6.4219e-01  1022.3424    18.1994    22.2841     4.4270    135.320    7.84884  239.91632     56.403 -9.990e-29
 -9.990e-29  -72.97666     13.364     13.260    18.1966    31.1579      7.846     1.7474 6.4365e-01  1022.3435    18.1944    22.2850     4.4264    135.301    7.84906  239.92265     56.393 -9.990e-29
 -9.990e-29  -72.97666     13.371     13.267    18.1925    31.1578      7.846     1.7474 6.4219e-01  1022.3445    18.1903    22.2861     4.4262    135.297    7.84922  239.92709     56.391 -9.990e-29
 -9.990e-29  -72.97666     13.385     13.281    18.1874    31.1580      7.847     1.7474 6.4219e-01  1022.3457    18.1852    22.2875     4.4256    135.276    7.84897  239.91953     56.384 -9.990e-29
 -9.990e-29  -72.97666     13.391     13.288    18.1819    31.1582      7.847     1.7474 6.3999e-01  1022.3479    18.1797    22.2888     4.4248    135.254    7.84849  239.90515     56.378 -9.990e-29
 -9.990e-29  -72.97666     13.394     13.290    18.1769    31.1578      7.842     1.7474 6.3817e-01  1022.3484    18.1746    22.2899     4.4197    135.097    7.84833  239.89926     56.314 -9.990e-29
 -9.990e-29  -72.97666     13.402     13.299    18.1705    31.1573      7.847     1.7474 6.3817e-01  1022.3493    18.1682    22.2909     4.4190    135.076    7.84838  239.89996     56.305 -9.990e-29
 -9.990e-29  -72.97666     13.415     13.311    18.1648    31.1577      7.847     1.7474 6.3635e-01  1022.3504    18.1625    22.2927     4.4185    135.059    7.84844  239.90208     56.298 -9.990e-29
 -9.990e-29  -72.97666     13.422     13.318    18.1574    31.1592      7.847     1.7474 6.3635e-01  1022.3545    18.1552    22.2955     4.4183    135.053    7.84808  239.89240     56.297 -9.990e-29
 -9.990e-29  -72.97666     13.424     13.320    18.1518    31.1608      7.842     1.7205 6.3454e-01  1022.3574    18.1496    22.2980     4.4175    135.032    7.84739  239.87285     56.293 -9.990e-29
 -9.990e-29  -72.97666     13.433     13.329    18.1479    31.1617      7.842     1.6937 6.3129e-01  1022.3586    18.1456    22.2998     4.4171    135.019    7.84705  239.86327     56.290 -9.990e-29
 -9.990e-29  -72.97666     13.435     13.331    18.1427    31.1622      7.847     1.6937 6.2949e-01  1022.3600    18.1404    22.3013     4.4122    134.871    7.84699  239.86189     56.229 -9.990e-29
 -9.990e-29  -72.97666     13.445     13.341    18.1380    31.1628      7.842     1.6937 6.3129e-01  1022.3621    18.1357    22.3029     4.4119    134.861    7.84716  239.86728     56.223 -9.990e-29
 -9.990e-29  -72.97666     13.452     13.348    18.1340    31.1631      7.842     1.6937 6.2949e-01  1022.3633    18.1317    22.3042     4.4117    134.855    7.84739  239.87450     56.219 -9.990e-29
 -9.990e-29  -72.97666     13.466     13.361    18.1294    31.1629      7.842     1.6937 6.2770e-01  1022.3639    18.1271    22.3052     4.4117    134.854    7.84764  239.88209     56.217 -9.990e-29
 -9.990e-29  -72.97666     13.463     13.359    18.1237    31.1631      7.847     1.6937 6.2949e-01  1022.3649    18.1215    22.3066     4.4118    134.856    7.84787  239.88904     56.216 -9.990e-29
 -9.990e-29  -72.97666     13.475     13.371    18.1187    31.1641      7.842     1.6937 6.2591e-01  1022.3678    18.1165    22.3086     4.4120    134.862    7.84809  239.89573     56.217 -9.990e-29
 -9.990e-29  -72.97666     13.473     13.368    18.1144    31.1652      7.842     1.6937 6.2413e-01  1022.3698    18.1121    22.3106     4.4077    134.731    7.84844  239.90591     56.160 -9.990e-29
 -9.990e-29  -72.97666     13.485     13.380    18.1099    31.1661      7.842     1.6937 6.2413e-01  1022.3713    18.1076    22.3123     4.4120    134.863    7.84876  239.91532     56.213 -9.990e-29
 -9.990e-29  -72.97666     13.493     13.389    18.1054    31.1668      7.842     1.6937 6.2235e-01  1022.3730    18.1031    22.3139     4.4074    134.722    7.84896  239.92098     56.153 -9.990e-29
 -9.990e-29  -72.97666     13.496     13.391    18.1016    31.1673      7.842     1.6937 6.1741e-01  1022.3745    18.0993    22.3153     4.4073    134.717    7.84921  239.92773     56.149 -9.990e-29
 -9.990e-29  -72.97666     13.503     13.398    18.0976    31.1676      7.842     1.6937 6.1565e-01  1022.3753    18.0953    22.3167     4.4072    134.714    7.84938  239.93250     56.147 -9.990e-29
 -9.990e-29  -72.97666     13.506     13.401    18.0915    31.1681      7.842     1.6937 6.1704e-01  1022.3774    18.0892    22.3182     4.4023    134.564    7.84909  239.92376     56.086 -9.990e-29
 -9.990e-29  -72.97666     13.503     13.398    18.0870    31.1689      7.842     1.6937 6.1389e-01  1022.3789    18.0847    22.3201     4.4017    134.548    7.84872  239.91369     56.082 -9.990e-29
 -9.990e-29  -72.97666     13.517     13.412    18.0821    31.1699      7.842     1.6937 6.1214e-01  1022.3812    18.0798    22.3220     4.4009    134.525    7.84853  239.90847     56.073 -9.990e-29
 -9.990e-29  -72.97666     13.514     13.409    18.0779    31.1708      7.842     1.6937 6.1214e-01  1022.3830    18.0757    22.3236     4.4005    134.510    7.84859  239.90980     56.067 -9.990e-29
 -9.990e-29  -72.97666     13.536     13.431    18.0747    31.1715      7.842     1.6937 6.1040e-01  1022.3841    18.0724    22.3250     4.4003    134.505    7.84826  239.89958     56.067 -9.990e-29
 -9.990e-29  -72.97666     13.526     13.421    18.0719    31.1725      7.842     1.6937 6.1040e-01  1022.3851    18.0696    22.3265     4.3953    134.352    7.84813  239.89488     56.004 -9.990e-29
 -9.990e-29  -72.97666     13.533     13.428    18.0677    31.1740      7.842     1.6937 6.1040e-01  1022.3880    18.0655    22.3285     4.3996    134.484    7.84849  239.90539     56.057 -9.990e-29
 -9.990e-29  -72.97666     13.547     13.442    18.0636    31.1753      7.842     1.6937 6.0692e-01  1022.3900    18.0613    22.3305     4.3951    134.345    7.84866  239.91094     55.998 -9.990e-29
