CalculateIndicators/WaterTemperature/Data/CTD_NYOS/20240426_C03.cnv
* Sea-Bird SBE 9 Data File:
* FileName = C:\Seabird 9 CTD\Data\2024\202404_offshore\20240426_C03.hex
* Software Version Seasave V 7.23.2
* Temperature SN = 4590
* Conductivity SN = 3228
* Number of Bytes Per Scan = 44
* Number of Voltage Words = 5
* Number of Scans Averaged by the Deck Unit = 1
* NMEA Latitude = 40 26.82 N
* NMEA Longitude = 073 43.11 W
* NMEA UTC (Time) = Apr 26 2024  08:44:13
* NMEA baud rate = 4800
** Ship: Seawolf
** Station: HR2
** Operator: TDK
# nquan = 18
# nvalues = 13373                       
# units = specified
# name 0 = latitude: Latitude [deg]
# name 1 = longitude: Longitude [deg]
# name 2 = prDM: Pressure, Digiquartz [db]
# name 3 = depSM: Depth [salt water, m]
# name 4 = t090C: Temperature [ITS-90, deg C]
# name 5 = sal00: Salinity, Practical [PSU]
# name 6 = ph: pH
# name 7 = flECO-AFL: Fluorescence, WET Labs ECO-AFL/FL [mg/m^3]
# name 8 = cpar: CPAR/Corrected Irradiance [%]
# name 9 = density00: Density [density, kg/m^3]
# name 10 = potemp090C: Potential Temperature [ITS-90, deg C]
# name 11 = sigma-é00: Density [sigma-theta, kg/m^3]
# name 12 = sbeox0Mg/L: Oxygen, SBE 43 [mg/l]
# name 13 = sbox0Mm/Kg: Oxygen, SBE 43 [umol/kg]
# name 14 = oxsolMg/L: Oxygen Saturation, Garcia & Gordon [mg/l]
# name 15 = oxsolMm/Kg: Oxygen Saturation, Garcia & Gordon [umol/kg]
# name 16 = sbeox0PS: Oxygen, SBE 43 [% saturation]
# name 17 = flag:  0.000e+00
# span 0 =   40.44704,   40.44740       
# span 1 =  -73.71930,  -73.71856       
# span 2 =      1.899,     22.681       
# span 3 =      1.885,     22.505       
# span 4 =     7.3288,    10.0012       
# span 5 =    27.8575,    31.0895       
# span 6 =      7.864,      8.167       
# span 7 =     0.4311,     1.3444       
# span 8 = 2.5320e-11, 9.9999e+04       
# span 9 =  1021.3980,  1024.4009       
# span 10 =     7.3268,    10.0004      
# span 11 =    21.3859,    24.2966      
# span 12 =     8.0253,    10.3776      
# span 13 =    244.852,    317.513      
# span 14 =    9.44068,    9.82464      
# span 15 =  288.81740,  299.74202      
# span 16 =     81.724,    109.785      
# span 17 = 0.0000e+00, 0.0000e+00      
# interval = seconds: 0.0416667
# start_time = Apr 26 2024 08:44:15 [System UTC, first data scan.]
# bad_flag = -9.990e-29
*END*
[from data line 8604]
   40.44724  -73.71910      9.944      9.867     9.8317    28.1858      8.131     1.0490 2.5320e-11  1021.7086     9.8307    21.6634    10.1874    311.608    9.46237  289.43098    107.662 -9.990e-29
   40.44724  -73.71910      9.919      9.843     9.8320    28.1852      8.135     1.0087 2.5320e-11  1021.7081     9.8310    21.6629    10.1874    311.607    9.46239  289.43164    107.662 -9.990e-29
   40.44724  -73.71910      9.930      9.853     9.8322    28.1846      8.131     1.0087 2.5320e-11  1021.7078     9.8312    21.6624    10.1871    311.600    9.46232  289.42977    107.660 -9.990e-29
   40.44724  -73.71910      9.910      9.833     9.8332    28.1840      8.131     0.9952 2.5320e-11  1021.7067     9.8321    21.6619    10.1869    311.593    9.46231  289.42951    107.658 -9.990e-29
   40.44724  -73.71910      9.910      9.833     9.8332    28.1836      8.135     0.9952 2.5320e-11  1021.7068     9.8321    21.6615    10.1866    311.583    9.46227  289.42844    107.655 -9.990e-29
   40.44724  -73.71910      9.910      9.833     9.8337    28.1832      8.131     0.9952 2.5320e-11  1021.7063     9.8326    21.6612    10.1861    311.570    9.46217  289.42545    107.651 -9.990e-29
   40.44724  -73.71910      9.900      9.823     9.8337    28.1828      8.135     0.9952 2.5320e-11  1021.7060     9.8326    21.6608    10.1855    311.550    9.46196  289.41906    107.647 -9.990e-29
   40.44726  -73.71910      9.889      9.813     9.8338    28.1824      8.131     0.9952 2.5320e-11  1021.7055     9.8328    21.6605    10.1848    311.530    9.46181  289.41433    107.641 -9.990e-29
   40.44726  -73.71910      9.893      9.817     9.8338    28.1821      8.131     0.9952 2.5320e-11  1021.7054     9.8328    21.6602    10.1843    311.513    9.46179  289.41330    107.636 -9.990e-29
   40.44726  -73.71910      9.889      9.813     9.8340    28.1817      8.131     0.9952 2.5320e-11  1021.7049     9.8329    21.6598    10.1898    311.680    9.46193  289.41638    107.693 -9.990e-29
   40.44726  -73.71910      9.879      9.803     9.8345    28.1813      8.131     1.0087 2.5320e-11  1021.7045     9.8334    21.6595    10.1842    311.507    9.46210  289.42075    107.631 -9.990e-29
   40.44726  -73.71910      9.889      9.813     9.8350    28.1809      8.135     1.0087 2.5320e-11  1021.7043     9.8339    21.6591    10.1843    311.510    9.46216  289.42211    107.632 -9.990e-29
   40.44726  -73.71910      9.889      9.813     9.8353    28.1805      8.135     0.9952 2.5320e-11  1021.7038     9.8343    21.6587    10.1838    311.494    9.46238  289.42874    107.624 -9.990e-29
   40.44726  -73.71910      9.879      9.803     9.8358    28.1801      8.131     0.9952 2.5320e-11  1021.7034     9.8348    21.6583    10.1839    311.496    9.46248  289.43117    107.624 -9.990e-29
   40.44726  -73.71910      9.889      9.813     9.8358    28.1797      8.131     0.9952 2.5320e-11  1021.7030     9.8348    21.6581    10.1840    311.499    9.46264  289.43585    107.623 -9.990e-29
   40.44726  -73.71910      9.889      9.813     9.8362    28.1796      8.131     1.0087 2.5320e-11  1021.7030     9.8351    21.6579    10.1832    311.475    9.46277  289.43987    107.613 -9.990e-29
   40.44726  -73.71910      9.893      9.817     9.8363    28.1798      8.131     0.9952 2.5320e-11  1021.7028     9.8353    21.6581    10.1889    311.650    9.46273  289.43914    107.674 -9.990e-29
   40.44726  -73.71910      9.900      9.823     9.8365    28.1810      8.131     1.0087 2.5320e-11  1021.7034     9.8354    21.6590    10.1826    311.460    9.46273  289.43962    107.608 -9.990e-29
   40.44726  -73.71910      9.889      9.813     9.8365    28.1833      8.131     1.0087 2.5320e-11  1021.7056     9.8355    21.6609    10.1874    311.606    9.46269  289.43869    107.659 -9.990e-29
   40.44726  -73.71910      9.900      9.823     9.8345    28.1860      8.131     1.0087 2.5320e-11  1021.7090     9.8334    21.6631    10.1876    311.612    9.46255  289.43457    107.662 -9.990e-29
   40.44726  -73.71910      9.910      9.833     9.8325    28.1878      8.131     1.0087 2.5320e-11  1021.7105     9.8315    21.6647    10.1819    311.438    9.46249  289.43322    107.603 -9.990e-29
   40.44726  -73.71910      9.910      9.833     9.8322    28.1887      8.131     0.9952 2.5320e-11  1021.7104     9.8312    21.6656    10.1864    311.574    9.46237  289.42955    107.651 -9.990e-29
   40.44726  -73.71910      9.910      9.833     9.8320    28.1900      8.135     0.9952 2.5320e-11  1021.7114     9.8310    21.6667    10.1805    311.394    9.46227  289.42687    107.590 -9.990e-29
   40.44726  -73.71910      9.923      9.847     9.8314    28.1921      8.135     1.0087 2.5320e-11  1021.7138     9.8304    21.6684    10.1796    311.368    9.46207  289.42112    107.583 -9.990e-29
   40.44726  -73.71910      9.930      9.853     9.8300    28.1939      8.135     1.0087 2.5320e-11  1021.7155     9.8290    21.6700    10.1787    311.342    9.46196  289.41800    107.575 -9.990e-29
   40.44726  -73.71910      9.930      9.853     9.8297    28.1951      8.131     1.0490 2.5320e-11  1021.7165     9.8287    21.6711    10.1787    311.343    9.46186  289.41513    107.576 -9.990e-29
   40.44726  -73.71910      9.951      9.874     9.8291    28.1958      8.131     1.0758 2.5320e-11  1021.7173     9.8280    21.6717    10.1839    311.502    9.46183  289.41435    107.632 -9.990e-29
   40.44726  -73.71910      9.951      9.874     9.8282    28.1959      8.131     1.0758 2.5320e-11  1021.7172     9.8272    21.6719    10.1839    311.500    9.46178  289.41288    107.632 -9.990e-29
   40.44726  -73.71910      9.960      9.883     9.8269    28.1957      8.135     1.0624 2.5320e-11  1021.7176     9.8259    21.6719    10.1778    311.313    9.46172  289.41088    107.568 -9.990e-29
   40.44726  -73.71910      9.970      9.893     9.8259    28.1952      8.131     1.0758 2.5320e-11  1021.7169     9.8248    21.6717    10.1829    311.469    9.46172  289.41087    107.622 -9.990e-29
   40.44726  -73.71910      9.991      9.914     9.8254    28.1950      8.131     1.0758 2.5320e-11  1021.7169     9.8244    21.6715    10.1776    311.306    9.46171  289.41061    107.566 -9.990e-29
   40.44726  -73.71910      9.984      9.907     9.8259    28.1951      8.135     1.0758 2.5320e-11  1021.7170     9.8249    21.6716    10.1826    311.461    9.46174  289.41162    107.619 -9.990e-29
   40.44726  -73.71910     10.011      9.934     9.8261    28.1954      8.131     1.0758 2.5320e-11  1021.7173     9.8251    21.6718    10.1824    311.454    9.46177  289.41252    107.616 -9.990e-29
   40.44726  -73.71910     10.011      9.934     9.8265    28.1963      8.135     1.0758 2.5320e-11  1021.7176     9.8255    21.6725    10.1820    311.444    9.46172  289.41140    107.613 -9.990e-29
   40.44726  -73.71910     10.021      9.944     9.8262    28.1983      8.135     1.0758 2.5320e-11  1021.7191     9.8252    21.6741    10.1816    311.430    9.46165  289.40951    107.609 -9.990e-29
   40.44726  -73.71910     10.051      9.974     9.8253    28.2011      8.135     1.0758 2.5320e-11  1021.7224     9.8242    21.6764    10.1750    311.229    9.46147  289.40439    107.541 -9.990e-29
   40.44726  -73.71910     10.051      9.974     9.8240    28.2039      8.131     1.0758 2.5320e-11  1021.7248     9.8229    21.6787    10.1795    311.367    9.46131  289.39924    107.591 -9.990e-29
   40.44726  -73.71910     10.062      9.984     9.8225    28.2059      8.131     1.0624 2.5320e-11  1021.7267     9.8214    21.6805    10.1796    311.370    9.46114  289.39427    107.594 -9.990e-29
   40.44726  -73.71910     10.081     10.004     9.8209    28.2070      8.135     1.0758 2.5320e-11  1021.7281     9.8199    21.6816    10.1739    311.195    9.46111  289.39351    107.533 -9.990e-29
   40.44726  -73.71910     10.081     10.004     9.8203    28.2070      8.131     1.0758 2.5320e-11  1021.7283     9.8193    21.6816    10.1792    311.359    9.46105  289.39188    107.591 -9.990e-29
   40.44726  -73.71910     10.106     10.028     9.8205    28.2058      8.135     1.0758 2.5320e-11  1021.7269     9.8195    21.6807    10.1793    311.361    9.46093  289.38811    107.593 -9.990e-29
   40.44726  -73.71910     10.123     10.044     9.8208    28.2039      8.131     1.0758 2.5320e-11  1021.7255     9.8198    21.6791    10.1796    311.371    9.46105  289.39148    107.595 -9.990e-29
   40.44726  -73.71910     10.123     10.044     9.8221    28.2017      8.135     1.0758 2.5320e-11  1021.7234     9.8210    21.6773    10.1801    311.384    9.46130  289.39884    107.597 -9.990e-29
   40.44726  -73.71910     10.153     10.074     9.8241    28.1997      8.131     1.0758 2.5320e-11  1021.7214     9.8230    21.6755    10.1811    311.417    9.46143  289.40245    107.607 -9.990e-29
   40.44726  -73.71910     10.153     10.074     9.8251    28.1981      8.131     1.0758 2.5320e-11  1021.7204     9.8240    21.6741    10.1814    311.423    9.46151  289.40506    107.608 -9.990e-29
   40.44726  -73.71910     10.183     10.104     9.8264    28.1968      8.131     1.0758 2.5320e-11  1021.7191     9.8254    21.6729    10.1823    311.454    9.46158  289.40734    107.618 -9.990e-29
   40.44726  -73.71910     10.183     10.104     9.8275    28.1958      8.131     1.0758 2.5320e-11  1021.7181     9.8265    21.6719    10.1824    311.457    9.46158  289.40759    107.619 -9.990e-29
   40.44726  -73.71910     10.204     10.125     9.8286    28.1953      8.131     1.0758 2.5320e-11  1021.7176     9.8275    21.6713    10.1824    311.457    9.46153  289.40622    107.619 -9.990e-29
   40.44726  -73.71910     10.213     10.134     9.8289    28.1950      8.135     1.0758 2.5320e-11  1021.7176     9.8278    21.6711    10.1824    311.457    9.46155  289.40671    107.619 -9.990e-29
   40.44726  -73.71910     10.234     10.155     9.8287    28.1948      8.131     1.0758 2.5320e-11  1021.7178     9.8277    21.6708    10.1824    311.455    9.46149  289.40520    107.619 -9.990e-29
   40.44726  -73.71910     10.248     10.169     9.8294    28.1943      8.135     1.0893 2.5320e-11  1021.7170     9.8283    21.6703    10.1883    311.636    9.46149  289.40520    107.681 -9.990e-29
   40.44726  -73.71910     10.255     10.175     9.8295    28.1936      8.131     1.0893 2.5320e-11  1021.7167     9.8285    21.6698    10.1830    311.475    9.46150  289.40530    107.626 -9.990e-29
   40.44726  -73.71910     10.264     10.185     9.8301    28.1929      8.131     1.0893 2.5320e-11  1021.7158     9.8290    21.6692    10.1830    311.473    9.46157  289.40729    107.624 -9.990e-29
   40.44726  -73.71910     10.295     10.215     9.8307    28.1925      8.131     1.0893 2.5320e-11  1021.7154     9.8296    21.6688    10.1888    311.651    9.46160  289.40831    107.686 -9.990e-29
   40.44726  -73.71910     10.295     10.215     9.8315    28.1928      8.135     1.0893 2.5320e-11  1021.7158     9.8304    21.6689    10.1835    311.491    9.46176  289.41356    107.628 -9.990e-29
   40.44726  -73.71910     10.304     10.225     9.8322    28.1938      8.131     1.0893 2.5320e-11  1021.7158     9.8311    21.6697    10.1833    311.485    9.46181  289.41506    107.626 -9.990e-29
   40.44726  -73.71910     10.325     10.245     9.8315    28.1961      8.135     1.0758 2.5320e-11  1021.7181     9.8304    21.6716    10.1831    311.478    9.46188  289.41709    107.623 -9.990e-29
   40.44726  -73.71910     10.325     10.245     9.8297    28.1994      8.131     1.0893 2.5320e-11  1021.7215     9.8286    21.6744    10.1770    311.290    9.46199  289.42057    107.556 -9.990e-29
   40.44726  -73.71910     10.345     10.265     9.8277    28.2026      8.135     1.0893 2.5320e-11  1021.7249     9.8267    21.6771    10.1827    311.466    9.46207  289.42268    107.616 -9.990e-29
   40.44726  -73.71910     10.345     10.265     9.8269    28.2048      8.131     1.0893 2.5320e-11  1021.7265     9.8258    21.6790    10.1825    311.458    9.46214  289.42493    107.613 -9.990e-29
   40.44726  -73.71910     10.366     10.286     9.8256    28.2062      8.135     1.0893 2.5320e-11  1021.7275     9.8245    21.6803    10.1821    311.448    9.46216  289.42569    107.609 -9.990e-29
   40.44726  -73.71910     10.376     10.295     9.8247    28.2075      8.135     1.0758 2.5320e-11  1021.7289     9.8236    21.6815    10.1817    311.435    9.46215  289.42526    107.605 -9.990e-29
   40.44726  -73.71910     10.376     10.295     9.8235    28.2084      8.135     1.0893 2.5320e-11  1021.7303     9.8224    21.6823    10.1813    311.422    9.46215  289.42517    107.600 -9.990e-29
   40.44726  -73.71910     10.389     10.309     9.8230    28.2080      8.135     1.0893 2.5320e-11  1021.7301     9.8219    21.6821    10.1809    311.409    9.46219  289.42629    107.595 -9.990e-29
   40.44726  -73.71910     10.396     10.316     9.8238    28.2066      8.131     1.0758 2.5320e-11  1021.7283     9.8227    21.6809    10.1804    311.395    9.46220  289.42655    107.590 -9.990e-29
   40.44726  -73.71910     10.396     10.316     9.8244    28.2048      8.131     1.0893 2.5320e-11  1021.7266     9.8233    21.6793    10.1807    311.404    9.46223  289.42753    107.593 -9.990e-29
   40.44726  -73.71910     10.406     10.325     9.8251    28.2032      8.131     1.0893 2.5320e-11  1021.7252     9.8240    21.6781    10.1802    311.387    9.46219  289.42652    107.588 -9.990e-29
   40.44726  -73.71910     10.417     10.336     9.8259    28.2022      8.131     1.0893 2.5320e-11  1021.7247     9.8248    21.6772    10.1804    311.396    9.46222  289.42730    107.591 -9.990e-29
   40.44726  -73.71910     10.427     10.346     9.8264    28.2015      8.131     1.0893 2.5320e-11  1021.7240     9.8253    21.6765    10.1748    311.222    9.46222  289.42740    107.530 -9.990e-29
   40.44726  -73.71910     10.417     10.336     9.8272    28.2007      8.131     1.0758 2.5320e-11  1021.7234     9.8261    21.6757    10.1793    311.363    9.46219  289.42638    107.579 -9.990e-29
   40.44726  -73.71910     10.427     10.346     9.8279    28.1996      8.131     1.0893 2.5320e-11  1021.7226     9.8268    21.6748    10.1796    311.372    9.46221  289.42676    107.582 -9.990e-29
   40.44726  -73.71910     10.436     10.355     9.8294    28.1983      8.131     1.0758 2.5320e-11  1021.7211     9.8283    21.6736    10.1791    311.354    9.46220  289.42648    107.576 -9.990e-29
   40.44726  -73.71910     10.417     10.336     9.8304    28.1970      8.131     1.0893 2.5320e-11  1021.7196     9.8293    21.6725    10.1786    311.339    9.46229  289.42912    107.570 -9.990e-29
   40.44726  -73.71910     10.436     10.355     9.8310    28.1963      8.135     1.0758 2.5320e-11  1021.7191     9.8299    21.6718    10.1780    311.320    9.46229  289.42913    107.564 -9.990e-29
   40.44726  -73.71910     10.436     10.355     9.8312    28.1960      8.131     1.0624 2.5320e-11  1021.7191     9.8301    21.6715    10.1774    311.304    9.46236  289.43114    107.557 -9.990e-29
   40.44726  -73.71910     10.436     10.355     9.8315    28.1959      8.131     1.0624 2.5320e-11  1021.7187     9.8304    21.6714    10.1775    311.305    9.46231  289.42974    107.558 -9.990e-29
   40.44726  -73.71910     10.426     10.346     9.8317    28.1961      8.131     1.0490 2.5320e-11  1021.7190     9.8306    21.6715    10.1777    311.310    9.46234  289.43046    107.560 -9.990e-29
   40.44726  -73.71910     10.431     10.350     9.8315    28.1964      8.135     1.0490 2.5320e-11  1021.7195     9.8304    21.6718    10.1769    311.289    9.46232  289.42973    107.552 -9.990e-29
   40.44726  -73.71910     10.426     10.346     9.8315    28.1965      8.131     1.0490 2.5320e-11  1021.7195     9.8304    21.6718    10.1770    311.290    9.46228  289.42864    107.553 -9.990e-29
