CalculateIndicators/WaterTemperature/Data/CTD_NYOS/20240915_C35.cnv
* Sea-Bird SBE 9 Data File:
* FileName = C:\Seabird 9 CTD\Data\2024\202409_offshore\20240915_C35.hex
* Software Version Seasave V 7.23.2
* Temperature SN = 4590
* Conductivity SN = 3228
* Number of Bytes Per Scan = 44
* Number of Voltage Words = 5
* Number of Scans Averaged by the Deck Unit = 1
* NMEA Latitude = 40 41.09 N
* NMEA Longitude = 072 03.64 W
* NMEA UTC (Time) = Sep 15 2024  08:57:12
* NMEA baud rate = 4800
** Ship: Seawolf
** Station: 11.2
** Operator: TCM
# nquan = 18
# nvalues = 11522                       
# units = specified
# name 0 = latitude: Latitude [deg]
# name 1 = longitude: Longitude [deg]
# name 2 = prDM: Pressure, Digiquartz [db]
# name 3 = depSM: Depth [salt water, m]
# name 4 = t090C: Temperature [ITS-90, deg C]
# name 5 = sal00: Salinity, Practical [PSU]
# name 6 = ph: pH
# name 7 = flECO-AFL: Fluorescence, WET Labs ECO-AFL/FL [mg/m^3]
# name 8 = cpar: CPAR/Corrected Irradiance [%]
# name 9 = density00: Density [density, kg/m^3]
# name 10 = potemp090C: Potential Temperature [ITS-90, deg C]
# name 11 = sigma-é00: Density [sigma-theta, kg/m^3]
# name 12 = sbeox0Mg/L: Oxygen, SBE 43 [mg/l]
# name 13 = sbox0Mm/Kg: Oxygen, SBE 43 [umol/kg]
# name 14 = oxsolMg/L: Oxygen Saturation, Garcia & Gordon [mg/l]
# name 15 = oxsolMm/Kg: Oxygen Saturation, Garcia & Gordon [umol/kg]
# name 16 = sbeox0PS: Oxygen, SBE 43 [% saturation]
# name 17 = flag:  0.000e+00
# span 0 =   40.68462,   40.68488       
# span 1 =  -72.06392,  -72.06082       
# span 2 =      1.781,     45.980       
# span 3 =      1.767,     45.620       
# span 4 =    10.7780,    20.6979       
# span 5 =    31.5147,    32.2842       
# span 6 =      7.863,      8.180       
# span 7 =     0.0282,     1.9085       
# span 8 = 1.6880e-11, 9.9999e+04       
# span 9 =  1021.9533,  1024.8478       
# span 10 =    10.7727,    20.6971      
# span 11 =    21.9461,    24.6423      
# span 12 =     6.5486,     8.5967      
# span 13 =    199.727,    262.377      
# span 14 =    7.45151,    9.03376      
# span 15 =  227.86003,  275.51956      
# span 16 =     72.513,    102.173      
# span 17 = 0.0000e+00, 0.0000e+00      
# interval = seconds: 0.0416667
# start_time = Sep 15 2024 08:57:12 [System UTC, first data scan.]
# bad_flag = -9.990e-29
*END*
[from data line 10694]
   40.68462  -72.06368      2.460      2.441    20.6745    31.5480      8.172     0.1088 1.3381e+01  1021.9656    20.6740    21.9548     7.4478    227.747    7.45495  227.96562     99.904 -9.990e-29
   40.68462  -72.06368      2.449      2.430    20.6745    31.5480      8.172     0.1088 1.3381e+01  1021.9652    20.6740    21.9548     7.4478    227.747    7.45495  227.96562     99.904 -9.990e-29
   40.68462  -72.06368      2.439      2.420    20.6747    31.5480      8.172     0.1088 1.2731e+01  1021.9654    20.6743    21.9548     7.4479    227.750    7.45496  227.96580     99.905 -9.990e-29
   40.68462  -72.06368      2.439      2.420    20.6745    31.5480      8.172     0.1088 1.1847e+01  1021.9654    20.6740    21.9548     7.4480    227.752    7.45496  227.96588     99.906 -9.990e-29
   40.68462  -72.06368      2.439      2.420    20.6745    31.5479      8.172     0.1088 1.1663e+01  1021.9653    20.6740    21.9548     7.4481    227.756    7.45495  227.96540     99.908 -9.990e-29
   40.68462  -72.06368      2.430      2.411    20.6745    31.5479      8.172     0.1088 1.3717e+01  1021.9653    20.6740    21.9548     7.4483    227.763    7.45501  227.96739     99.910 -9.990e-29
   40.68462  -72.06368      2.419      2.400    20.6747    31.5480 -9.990e-29     0.1088 1.9249e+01  1021.9652    20.6742    21.9548     7.4529    227.902    7.45498  227.96664     99.972 -9.990e-29
   40.68462  -72.06368      2.419      2.400    20.6745    31.5480 -9.990e-29     0.0954 2.1383e+01  1021.9653    20.6740    21.9548     7.4490    227.783    7.45489  227.96376     99.921 -9.990e-29
   40.68462  -72.06368      2.409      2.390    20.6746    31.5482 -9.990e-29     0.0954 2.0018e+01  1021.9653    20.6741    21.9549     7.4492    227.789    7.45487  227.96310     99.924 -9.990e-29
   40.68462  -72.06368      2.398      2.380    20.6747    31.5483 -9.990e-29     0.0954 1.6095e+01  1021.9656    20.6742    21.9550     7.4494    227.796    7.45483  227.96174     99.927 -9.990e-29
   40.68462  -72.06368      2.388      2.370    20.6752    31.5482 -9.990e-29     0.1088 1.4771e+01  1021.9650    20.6747    21.9549     7.4497    227.804    7.45480  227.96098     99.931 -9.990e-29
   40.68462  -72.06368      2.388      2.370    20.6750    31.5479 -9.990e-29     0.0954 1.4908e+01  1021.9651    20.6746    21.9546     7.4500    227.814    7.45479  227.96060     99.936 -9.990e-29
   40.68462  -72.06368      2.368      2.350    20.6755    31.5477 -9.990e-29     0.0954 1.5610e+01  1021.9645    20.6751    21.9544     7.4503    227.825    7.45477  227.96003     99.941 -9.990e-29
   40.68462  -72.06368      2.358      2.340    20.6755    31.5476 -9.990e-29     0.0954 1.5948e+01  1021.9642    20.6750    21.9543     7.4464    227.703    7.45480  227.96095     99.887 -9.990e-29
   40.68462  -72.06368      2.358      2.340    20.6750    31.5478 -9.990e-29     0.0954 1.5899e+01  1021.9649    20.6746    21.9545     7.4509    227.844    7.45493  227.96535     99.947 -9.990e-29
   40.68462  -72.06368      2.349      2.330    20.6752    31.5480 -9.990e-29     0.0954 1.5046e+01  1021.9648    20.6747    21.9547     7.4514    227.859    7.45494  227.96583     99.953 -9.990e-29
   40.68462  -72.06368      2.328      2.310    20.6748    31.5481 -9.990e-29     0.1088 1.4591e+01  1021.9650    20.6744    21.9548     7.4518    227.871    7.45485  227.96260     99.960 -9.990e-29
   40.68462  -72.06368      2.328      2.310    20.6750    31.5481 -9.990e-29     0.0954 1.4546e+01  1021.9647    20.6746    21.9548     7.4523    227.886    7.45483  227.96193     99.967 -9.990e-29
   40.68462  -72.06368      2.307      2.290    20.6748    31.5481 -9.990e-29     0.0954 1.4279e+01  1021.9649    20.6744    21.9548     7.4482    227.758    7.45486  227.96294     99.910 -9.990e-29
   40.68462  -72.06368      2.298      2.280    20.6751    31.5482 -9.990e-29     0.0954 1.4061e+01  1021.9647    20.6746    21.9549     7.4480    227.753    7.45488  227.96335     99.908 -9.990e-29
   40.68462  -72.06368      2.298      2.280    20.6750    31.5483 -9.990e-29     0.0954 1.3974e+01  1021.9649    20.6746    21.9549     7.4527    227.896    7.45488  227.96343     99.970 -9.990e-29
   40.68462  -72.06368      2.287      2.269    20.6752    31.5484 -9.990e-29     0.0954 1.8904e+01  1021.9648    20.6748    21.9550     7.4529    227.903    7.45486  227.96295     99.974 -9.990e-29
   40.68462  -72.06368      2.279      2.261    20.6750    31.5485 -9.990e-29     0.0954 2.5117e+01  1021.9649    20.6746    21.9551     7.4495    227.799    7.45518  227.97371     99.924 -9.990e-29
   40.68462  -72.06368      2.257      2.239    20.6750    31.5486 -9.990e-29     0.0954 2.6493e+01  1021.9650    20.6746    21.9551     7.4501    227.819    7.45542  227.98196     99.928 -9.990e-29
   40.68462  -72.06368      2.257      2.239    20.6755    31.5485 -9.990e-29     0.0954 2.8607e+01  1021.9647    20.6750    21.9550     7.4497    227.806    7.45505  227.96912     99.928 -9.990e-29
   40.68462  -72.06368      2.257      2.239    20.6754    31.5485 -9.990e-29     0.0954 3.1895e+01  1021.9648    20.6750    21.9550     7.4540    227.937    7.45492  227.96484     99.988 -9.990e-29
   40.68462  -72.06368      2.247      2.230    20.6755    31.5484 -9.990e-29     0.0954 3.2844e+01  1021.9646    20.6751    21.9549     7.4501    227.816    7.45496  227.96574     99.934 -9.990e-29
   40.68462  -72.06368      2.226      2.209    20.6754    31.5483 -9.990e-29     0.0954 3.1155e+01  1021.9645    20.6750    21.9548     7.4498    227.807    7.45497  227.96623     99.930 -9.990e-29
   40.68462  -72.06368      2.237      2.220    20.6755    31.5483 -9.990e-29     0.0954 2.8439e+01  1021.9645    20.6751    21.9548     7.4499    227.811    7.45499  227.96681     99.932 -9.990e-29
   40.68462  -72.06370      2.217      2.200    20.6755    31.5482 -9.990e-29     0.0954 2.7612e+01  1021.9645    20.6751    21.9547     7.4500    227.814    7.45498  227.96664     99.933 -9.990e-29
   40.68462  -72.06370      2.218      2.201    20.6755    31.5481 -9.990e-29     0.0954 2.6808e+01  1021.9642    20.6750    21.9546     7.4501    227.818    7.45496  227.96581     99.935 -9.990e-29
   40.68462  -72.06370      2.196      2.179    20.6754    31.5481 -9.990e-29     0.1088 2.4600e+01  1021.9640    20.6750    21.9546     7.4503    227.824    7.45498  227.96656     99.938 -9.990e-29
   40.68462  -72.06370      2.206      2.189    20.6755    31.5482 -9.990e-29     0.1088 2.3738e+01  1021.9643    20.6751    21.9547     7.4546    227.954    7.45499  227.96674     99.994 -9.990e-29
   40.68462  -72.06370      2.187      2.170    20.6755    31.5484 -9.990e-29     0.1088 2.1512e+01  1021.9643    20.6751    21.9549     7.4504    227.825    7.45498  227.96635     99.938 -9.990e-29
   40.68462  -72.06370      2.187      2.170    20.6752    31.5484 -9.990e-29     0.1088 1.3423e+01  1021.9645    20.6748    21.9549     7.4546    227.954    7.45495  227.96556     99.995 -9.990e-29
   40.68462  -72.06370      2.176      2.159    20.6753    31.5484 -9.990e-29     0.1088 1.0914e+01  1021.9643    20.6749    21.9549     7.4504    227.826    7.45495  227.96555     99.939 -9.990e-29
   40.68462  -72.06370      2.176      2.159    20.6754    31.5482 -9.990e-29     0.1088 1.1124e+01  1021.9642    20.6750    21.9548     7.4498    227.809    7.45492  227.96458     99.932 -9.990e-29
   40.68462  -72.06370      2.166      2.149    20.6752    31.5481 -9.990e-29     0.1088 1.4636e+01  1021.9640    20.6748    21.9547     7.4497    227.806    7.45495  227.96548     99.930 -9.990e-29
   40.68462  -72.06370      2.167      2.151    20.6754    31.5481 -9.990e-29     0.1088 1.6848e+01  1021.9642    20.6750    21.9546     7.4540    227.935    7.45492  227.96466     99.987 -9.990e-29
   40.68462  -72.06370      2.156      2.140    20.6755    31.5478 -9.990e-29     0.1088 1.7106e+01  1021.9640    20.6751    21.9544     7.4542    227.943    7.45494  227.96512     99.990 -9.990e-29
   40.68462  -72.06370      2.156      2.140    20.6754    31.5467 -9.990e-29     0.1088 1.8509e+01  1021.9634    20.6750    21.9536     7.4501    227.816    7.45494  227.96512     99.934 -9.990e-29
   40.68462  -72.06370      2.156      2.140    20.6755    31.5458 -9.990e-29     0.1088 1.9600e+01  1021.9605    20.6751    21.9529     7.4499    227.812    7.45491  227.96440     99.933 -9.990e-29
   40.68462  -72.06370      2.156      2.140    20.6754    31.5465 -9.990e-29     0.1088 1.9838e+01  1021.9630    20.6750    21.9535     7.4498    227.809    7.45495  227.96544     99.932 -9.990e-29
   40.68462  -72.06370      2.156      2.140    20.6750    31.5476 -9.990e-29     0.1088 1.8790e+01  1021.9642    20.6746    21.9544     7.4498    227.807    7.45494  227.96538     99.930 -9.990e-29
   40.68462  -72.06370      2.166      2.149    20.6754    31.5481 -9.990e-29     0.1088 1.7903e+01  1021.9639    20.6750    21.9547     7.4497    227.805    7.45495  227.96561     99.930 -9.990e-29
   40.68462  -72.06370      2.166      2.149    20.6752    31.5483 -9.990e-29     0.1088 1.7741e+01  1021.9642    20.6748    21.9549     7.4493    227.792    7.45495  227.96560     99.924 -9.990e-29
   40.68462  -72.06370      2.177      2.160    20.6749    31.5484 -9.990e-29     0.1088 1.6293e+01  1021.9646    20.6745    21.9550     7.4492    227.790    7.45496  227.96584     99.923 -9.990e-29
   40.68462  -72.06370      2.156      2.140    20.6752    31.5484 -9.990e-29     0.1088 1.4681e+01  1021.9643    20.6748    21.9550     7.4448    227.655    7.45498  227.96643     99.864 -9.990e-29
   40.68462  -72.06370      2.196      2.179    20.6752    31.5484 -9.990e-29     0.1088 1.4323e+01  1021.9645    20.6748    21.9549     7.4444    227.644    7.45497  227.96636     99.859 -9.990e-29
   40.68462  -72.06370      2.187      2.170    20.6752    31.5483 -9.990e-29     0.1088 1.7421e+01  1021.9644    20.6748    21.9548     7.4485    227.767    7.45496  227.96600     99.913 -9.990e-29
   40.68462  -72.06370      2.196      2.179    20.6754    31.5482 -9.990e-29     0.1088 2.3951e+01  1021.9639    20.6750    21.9547     7.4485    227.769    7.45498  227.96638     99.914 -9.990e-29
   40.68462  -72.06370      2.196      2.179    20.6752    31.5482 -9.990e-29     0.1088 2.6181e+01  1021.9643    20.6748    21.9547     7.4485    227.769    7.45492  227.96462     99.914 -9.990e-29
   40.68462  -72.06370      2.217      2.200    20.6753    31.5480 -9.990e-29     0.1088 2.3110e+01  1021.9645    20.6748    21.9547     7.4486    227.773    7.45497  227.96608     99.915 -9.990e-29
   40.68462  -72.06370      2.217      2.200    20.6752    31.5477 -9.990e-29     0.1088 1.6797e+01  1021.9637    20.6748    21.9545     7.4487    227.775    7.45497  227.96616     99.916 -9.990e-29
   40.68462  -72.06370      2.228      2.211    20.6752    31.5479 -9.990e-29     0.1088 1.5093e+01  1021.9641    20.6748    21.9546     7.4488    227.777    7.45493  227.96488     99.918 -9.990e-29
   40.68462  -72.06370      2.237      2.220    20.6755    31.5484 -9.990e-29     0.1088 1.5515e+01  1021.9648    20.6751    21.9548     7.4493    227.793    7.45496  227.96582     99.924 -9.990e-29
   40.68462  -72.06370      2.247      2.230    20.6757    31.5486 -9.990e-29     0.1088 1.7474e+01  1021.9647    20.6753    21.9549     7.4495    227.798    7.45495  227.96549     99.926 -9.990e-29
   40.68462  -72.06370      2.257      2.239    20.6760    31.5487 -9.990e-29     0.1088 1.8286e+01  1021.9649    20.6755    21.9549     7.4497    227.805    7.45502  227.96800     99.929 -9.990e-29
   40.68462  -72.06370      2.268      2.250    20.6763    31.5486 -9.990e-29     0.1088 1.7903e+01  1021.9646    20.6758    21.9548     7.4499    227.811    7.45504  227.96866     99.931 -9.990e-29
   40.68462  -72.06370      2.277      2.260    20.6764    31.5483 -9.990e-29     0.1088 1.4726e+01  1021.9644    20.6760    21.9546     7.4500    227.815    7.45498  227.96650     99.934 -9.990e-29
   40.68462  -72.06370      2.298      2.280    20.6766    31.5481 -9.990e-29     0.1088 1.3340e+01  1021.9644    20.6762    21.9543     7.4502    227.821    7.45495  227.96557     99.937 -9.990e-29
   40.68462  -72.06370      2.298      2.280    20.6764    31.5474 -9.990e-29     0.1088 1.3381e+01  1021.9644    20.6760    21.9538     7.4460    227.693    7.45494  227.96523     99.881 -9.990e-29
   40.68462  -72.06370      2.298      2.280    20.6763    31.5464 -9.990e-29     0.1088 1.8286e+01  1021.9625    20.6758    21.9531     7.4456    227.678    7.45495  227.96548     99.874 -9.990e-29
   40.68462  -72.06370      2.328      2.310    20.6763    31.5461 -9.990e-29     0.1088 2.2033e+01  1021.9623    20.6759    21.9529     7.4499    227.810    7.45496  227.96581     99.932 -9.990e-29
   40.68462  -72.06370      2.328      2.310    20.6763    31.5470 -9.990e-29     0.1088 2.2633e+01  1021.9640    20.6758    21.9536     7.4502    227.819    7.45495  227.96549     99.936 -9.990e-29
   40.68462  -72.06370      2.338      2.320    20.6763    31.5476 -9.990e-29     0.1088 2.0443e+01  1021.9644    20.6758    21.9541     7.4505    227.828    7.45495  227.96558     99.940 -9.990e-29
   40.68462  -72.06370      2.349      2.330    20.6761    31.5479 -9.990e-29     0.1088 1.8904e+01  1021.9644    20.6756    21.9543     7.4508    227.838    7.45495  227.96549     99.944 -9.990e-29
   40.68462  -72.06370      2.349      2.330    20.6759    31.5480 -9.990e-29     0.1088 1.8677e+01  1021.9646    20.6754    21.9544     7.4552    227.972    7.45497  227.96616    100.003 -9.990e-29
   40.68462  -72.06370      2.368      2.350    20.6758    31.5477 -9.990e-29     0.1088 1.5563e+01  1021.9649    20.6754    21.9542     7.4511    227.848    7.45498  227.96650     99.948 -9.990e-29
   40.68462  -72.06370      2.379      2.360    20.6761    31.5463 -9.990e-29     0.1088 1.2652e+01  1021.9645    20.6756    21.9531     7.4514    227.858    7.45500  227.96704     99.952 -9.990e-29
   40.68462  -72.06370      2.368      2.350    20.6757    31.5445 -9.990e-29     0.1088 1.2110e+01  1021.9599    20.6753    21.9518     7.4517    227.867    7.45495  227.96577     99.957 -9.990e-29
   40.68462  -72.06370      2.388      2.370    20.6759 -9.990e-29 -9.990e-29     0.1088 1.2456e+01  1021.9554    20.6754 -9.990e-29     7.4561    228.002    7.45498  227.96658    100.015 -9.990e-29
   40.68462  -72.06370      2.398      2.380    20.6757    31.5449 -9.990e-29     0.1088 1.2931e+01  1021.9623    20.6753    21.9521     7.4565    228.012    7.45499  227.96681    100.020 -9.990e-29
   40.68462  -72.06370      2.388      2.370    20.6757    31.5467 -9.990e-29     0.1088 1.3093e+01  1021.9644    20.6753    21.9535     7.4568    228.021    7.45497  227.96618    100.024 -9.990e-29
   40.68462  -72.06370      2.398      2.380    20.6753    31.5476 -9.990e-29     0.1088 1.3717e+01  1021.9651    20.6748    21.9543     7.4575    228.042    7.45499  227.96665    100.033 -9.990e-29
   40.68462  -72.06370      2.398      2.380    20.6754    31.5476 -9.990e-29     0.1088 1.5326e+01  1021.9646    20.6749    21.9544     7.4534    227.917    7.45500  227.96698     99.978 -9.990e-29
   40.68462  -72.06370      2.409      2.390    20.6752    31.5476 -9.990e-29     0.1088 1.5899e+01  1021.9648    20.6747    21.9544     7.4577    228.049    7.45499  227.96671    100.036 -9.990e-29
   40.68462  -72.06370      2.398      2.380    20.6752    31.5477 -9.990e-29     0.1088 1.6951e+01  1021.9648    20.6747    21.9544     7.4580    228.058    7.45499  227.96666    100.040 -9.990e-29
   40.68462  -72.06370      2.409      2.390    20.6754    31.5478 -9.990e-29     0.1088 2.1836e+01  1021.9648    20.6749    21.9544     7.4582    228.066    7.45496  227.96596    100.044 -9.990e-29
