CalculateIndicators/WaterTemperature/Data/CTD_NYOS/20240710_23.cnv
* Sea-Bird SBE 9 Data File:
* FileName = C:\Seabird 9 CTD\Data\2024\202407_offshore\20240710_23.hex
* Software Version Seasave V 7.23.2
* Temperature SN = 4590
* Conductivity SN = 3228
* Number of Bytes Per Scan = 44
* Number of Voltage Words = 5
* Number of Scans Averaged by the Deck Unit = 1
* NMEA Latitude = 40 29.88 N
* NMEA Longitude = 071 55.70 W
* NMEA UTC (Time) = Jul 10 2024  19:16:12
* NMEA baud rate = 4800
** Ship: seawolf
** Station: 11.3
** Operator: SJW
# nquan = 18
# nvalues = 14320                       
# units = specified
# name 0 = latitude: Latitude [deg]
# name 1 = longitude: Longitude [deg]
# name 2 = prDM: Pressure, Digiquartz [db]
# name 3 = depSM: Depth [salt water, m]
# name 4 = t090C: Temperature [ITS-90, deg C]
# name 5 = sal00: Salinity, Practical [PSU]
# name 6 = ph: pH
# name 7 = flECO-AFL: Fluorescence, WET Labs ECO-AFL/FL [mg/m^3]
# name 8 = cpar: CPAR/Corrected Irradiance [%]
# name 9 = density00: Density [density, kg/m^3]
# name 10 = potemp090C: Potential Temperature [ITS-90, deg C]
# name 11 = sigma-é00: Density [sigma-theta, kg/m^3]
# name 12 = sbeox0Mg/L: Oxygen, SBE 43 [mg/l]
# name 13 = sbox0Mm/Kg: Oxygen, SBE 43 [umol/kg]
# name 14 = oxsolMg/L: Oxygen Saturation, Garcia & Gordon [mg/l]
# name 15 = oxsolMm/Kg: Oxygen Saturation, Garcia & Gordon [umol/kg]
# name 16 = sbeox0PS: Oxygen, SBE 43 [% saturation]
# name 17 = flag:  0.000e+00
# span 0 =   40.49802,   40.49930       
# span 1 =  -71.92846,  -71.92672       
# span 2 =      1.575,     61.350       
# span 3 =      1.563,     60.868       
# span 4 =     6.6544,    23.5948       
# span 5 =    29.9467,    32.3963       
# span 6 =      7.965,      8.224       
# span 7 =    -0.0389,     2.1369       
# span 8 = 4.0222e-14, 3.0094e+02       
# span 9 =  1020.2050,  1025.4164       
# span 10 =     6.6491,    23.5943      
# span 11 =    20.1972,    25.1343      
# span 12 =     7.5533,    10.6401      
# span 13 =    231.358,    324.496      
# span 14 =    7.12573,    9.91664      
# span 15 =  218.26711,  302.30181      
# span 16 =     78.676,    117.330      
# span 17 = 0.0000e+00, 0.0000e+00      
# interval = seconds: 0.0416667
# start_time = Jul 10 2024 19:16:12 [System UTC, first data scan.]
# bad_flag = -9.990e-29
*END*
[from data line 5227]
   40.49852  -71.92790     53.329     52.911     6.7568    31.9847 -9.990e-29     0.0013 2.8664e-03  1025.3221     6.7522    25.0766     7.8896    240.521    9.89624  301.69651     79.723 0.0000e+00
   40.49852  -71.92790     53.288     52.870     6.7568    31.9849 -9.990e-29     0.0013 3.0373e-03  1025.3220     6.7522    25.0768     7.8895    240.519    9.89626  301.69698     79.722 0.0000e+00
   40.49852  -71.92790     53.271     52.854     6.7568    31.9851 -9.990e-29     0.0013 3.2455e-03  1025.3219     6.7522    25.0770     7.8895    240.519    9.89626  301.69699     79.722 0.0000e+00
   40.49852  -71.92790     53.237     52.820     6.7567    31.9853 -9.990e-29     0.0013 3.5475e-03  1025.3221     6.7521    25.0771     7.8896    240.522    9.89629  301.69782     79.723 0.0000e+00
   40.49852  -71.92790     53.216     52.799     6.7567    31.9853 -9.990e-29     0.0013 3.9262e-03  1025.3221     6.7521    25.0771     7.8887    240.495    9.89623  301.69611     79.714 0.0000e+00
   40.49852  -71.92790     53.176     52.759     6.7570    31.9853 -9.990e-29    -0.0121 4.2337e-03  1025.3214     6.7524    25.0771     7.8889    240.502    9.89623  301.69612     79.716 0.0000e+00
   40.49852  -71.92790     53.159     52.743     6.7568    31.9852 -9.990e-29     0.0013 4.5897e-03  1025.3218     6.7522    25.0770     7.8893    240.512    9.89630  301.69834     79.719 0.0000e+00
   40.49852  -71.92790     53.114     52.698     6.7572    31.9850 -9.990e-29     0.0013 4.8938e-03  1025.3209     6.7526    25.0768     7.8960    240.718    9.89626  301.69712     79.788 0.0000e+00
   40.49852  -71.92790     53.083     52.668     6.7568    31.9850 -9.990e-29     0.0013 5.1214e-03  1025.3212     6.7523    25.0768     7.8964    240.729    9.89624  301.69638     79.792 0.0000e+00
   40.49852  -71.92790     53.043     52.628     6.7570    31.9850 -9.990e-29     0.0013 5.3231e-03  1025.3209     6.7524    25.0768     7.8913    240.573    9.89621  301.69538     79.740 0.0000e+00
   40.49852  -71.92790     53.032     52.617     6.7572    31.9850 -9.990e-29     0.0013 5.4291e-03  1025.3206     6.7526    25.0768     7.8908    240.558    9.89624  301.69658     79.735 0.0000e+00
   40.49852  -71.92790     53.006     52.591     6.7573    31.9850 -9.990e-29     0.0013 5.5215e-03  1025.3205     6.7527    25.0768     7.8978    240.771    9.89626  301.69714     79.806 0.0000e+00
   40.49852  -71.92790     52.972     52.557     6.7572    31.9850 -9.990e-29     0.0013 5.5638e-03  1025.3206     6.7526    25.0769     7.8854    240.394    9.89624  301.69673     79.681 0.0000e+00
   40.49852  -71.92790     52.941     52.526     6.7572    31.9850 -9.990e-29     0.0013 5.6055e-03  1025.3207     6.7526    25.0770     7.8905    240.551    9.89627  301.69758     79.732 0.0000e+00
   40.49852  -71.92790     52.920     52.506     6.7573    31.9850 -9.990e-29     0.0013 5.6385e-03  1025.3204     6.7527    25.0768     7.8902    240.541    9.89627  301.69757     79.729 0.0000e+00
   40.49852  -71.92790     52.879     52.465     6.7576    31.9850 -9.990e-29     0.0013 5.6042e-03  1025.3196     6.7531    25.0767     7.8900    240.533    9.89629  301.69818     79.726 0.0000e+00
   40.49852  -71.92790     52.864     52.450     6.7576    31.9850 -9.990e-29     0.0013 5.6121e-03  1025.3199     6.7531    25.0767     7.8897    240.526    9.89630  301.69820     79.724 0.0000e+00
   40.49852  -71.92790     52.828     52.414     6.7574    31.9852 -9.990e-29     0.0013 5.5952e-03  1025.3200     6.7529    25.0769     7.8896    240.521    9.89634  301.69940     79.722 0.0000e+00
   40.49852  -71.92790     52.807     52.394     6.7574    31.9852 -9.990e-29     0.0013 5.5867e-03  1025.3199     6.7529    25.0769     7.8894    240.516    9.89633  301.69906     79.720 0.0000e+00
   40.49852  -71.92790     52.777     52.363     6.7578    31.9852 -9.990e-29     0.0013 5.4044e-03  1025.3195     6.7532    25.0769     7.8893    240.513    9.89635  301.69982     79.719 0.0000e+00
   40.49852  -71.92790     52.756     52.343     6.7576    31.9852 -9.990e-29     0.0013 5.3383e-03  1025.3197     6.7531    25.0769     7.8893    240.513    9.89643  301.70229     79.719 0.0000e+00
   40.49852  -71.92790     52.720     52.307     6.7578    31.9852 -9.990e-29     0.0013 5.3793e-03  1025.3196     6.7532    25.0768     7.8838    240.345    9.89642  301.70180     79.663 0.0000e+00
   40.49852  -71.92790     52.705     52.292     6.7583    31.9850 -9.990e-29     0.0013 5.8027e-03  1025.3189     6.7537    25.0766     7.8894    240.515    9.89645  301.70287     79.719 0.0000e+00
   40.49852  -71.92790     52.675     52.262     6.7581    31.9849 -9.990e-29     0.0013 6.1386e-03  1025.3190     6.7536    25.0766     7.8905    240.550    9.89649  301.70394     79.730 0.0000e+00
   40.49852  -71.92790     52.654     52.241     6.7581    31.9848 -9.990e-29     0.0013 6.2132e-03  1025.3188     6.7536    25.0765     7.8918    240.588    9.89655  301.70602     79.743 0.0000e+00
   40.49852  -71.92790     52.635     52.222     6.7583    31.9848 -9.990e-29     0.0013 6.1416e-03  1025.3185     6.7537    25.0765     7.8920    240.596    9.89656  301.70615     79.745 0.0000e+00
   40.49852  -71.92790     52.603     52.191     6.7581    31.9848 -9.990e-29     0.0013 6.0324e-03  1025.3187     6.7536    25.0765     7.8924    240.607    9.89659  301.70699     79.748 0.0000e+00
   40.49852  -71.92790     52.588     52.176     6.7583    31.9848 -9.990e-29     0.0013 5.9121e-03  1025.3184     6.7537    25.0765     7.8928    240.618    9.89661  301.70768     79.752 0.0000e+00
   40.49852  -71.92790     52.563     52.151     6.7583    31.9848 -9.990e-29     0.0013 5.7106e-03  1025.3182     6.7537    25.0765     7.8931    240.630    9.89661  301.70752     79.756 0.0000e+00
   40.49852  -71.92790     52.542     52.130     6.7581    31.9848 -9.990e-29    -0.0121 5.4368e-03  1025.3184     6.7536    25.0765     7.8926    240.614    9.89666  301.70914     79.750 0.0000e+00
   40.49852  -71.92790     52.532     52.121     6.7584    31.9847 -9.990e-29     0.0013 5.0824e-03  1025.3180     6.7539    25.0764     7.8931    240.627    9.89669  301.70982     79.755 0.0000e+00
   40.49852  -71.92790     52.501     52.089     6.7583    31.9846 -9.990e-29     0.0013 4.9640e-03  1025.3177     6.7537    25.0763     7.8936    240.643    9.89672  301.71074     79.759 0.0000e+00
   40.49852  -71.92790     52.491     52.080     6.7584    31.9846 -9.990e-29     0.0013 4.9733e-03  1025.3178     6.7539    25.0762     7.8940    240.657    9.89670  301.71038     79.764 0.0000e+00
   40.49852  -71.92790     52.476     52.065     6.7585    31.9846 -9.990e-29     0.0013 4.8356e-03  1025.3174     6.7540    25.0762     7.8946    240.676    9.89676  301.71206     79.770 0.0000e+00
   40.49852  -71.92790     52.449     52.039     6.7586    31.9845 -9.990e-29     0.0013 4.6080e-03  1025.3177     6.7541    25.0763     7.8952    240.692    9.89673  301.71125     79.776 0.0000e+00
   40.49852  -71.92790     52.440     52.029     6.7586    31.9845 -9.990e-29     0.0013 4.3734e-03  1025.3177     6.7541    25.0764     7.8949    240.683    9.89680  301.71334     79.772 0.0000e+00
   40.49852  -71.92790     52.430     52.019     6.7584    31.9845 -9.990e-29     0.0013 4.2576e-03  1025.3175     6.7539    25.0762     7.8945    240.671    9.89679  301.71302     79.768 0.0000e+00
   40.49852  -71.92790     52.419     52.009     6.7588    31.9845 -9.990e-29    -0.0121 4.2379e-03  1025.3169     6.7543    25.0761     7.8951    240.689    9.89678  301.71255     79.774 0.0000e+00
   40.49852  -71.92790     52.398     51.988     6.7584    31.9845 -9.990e-29    -0.0121 4.3032e-03  1025.3172     6.7539    25.0762     7.8957    240.708    9.89671  301.71060     79.781 -9.990e-29
   40.49852  -71.92790     52.398     51.988     6.7584    31.9846 -9.990e-29    -0.0121 4.3054e-03  1025.3175     6.7539    25.0764     7.8964    240.728    9.89671  301.71057     79.788 -9.990e-29
   40.49852  -71.92790     52.383     51.973     6.7584    31.9846 -9.990e-29    -0.0121 4.2643e-03  1025.3175     6.7539    25.0764     7.8971    240.750    9.89670  301.71009     79.795 0.0000e+00
   40.49852  -71.92790     52.368     51.958     6.7588    31.9846 -9.990e-29    -0.0255 4.0642e-03  1025.3170     6.7543    25.0764     7.8979    240.775    9.89671  301.71061     79.803 -9.990e-29
   40.49852  -71.92790     52.379     51.969     6.7583    31.9846 -9.990e-29    -0.0121 3.9414e-03  1025.3176     6.7537    25.0764     7.8986    240.797    9.89663  301.70796     79.811 -9.990e-29
   40.49852  -71.92790     52.358     51.948     6.7588    31.9845 -9.990e-29    -0.0121 3.9336e-03  1025.3169     6.7543    25.0763     7.8984    240.791    9.89659  301.70677     79.809 0.0000e+00
   40.49852  -71.92790     52.347     51.937     6.7586    31.9845 -9.990e-29    -0.0255 3.9524e-03  1025.3170     6.7541    25.0762     7.8992    240.815    9.89652  301.70467     79.818 -9.990e-29
   40.49852  -71.92790     52.347     51.937     6.7588    31.9845 -9.990e-29    -0.0121 3.9484e-03  1025.3170     6.7543    25.0762     7.9064    241.034    9.89638  301.70063     79.892 -9.990e-29
   40.49852  -71.92790     52.368     51.958     6.7588    31.9844 -9.990e-29    -0.0255 3.9406e-03  1025.3172     6.7543    25.0761     7.9008    240.864    9.89637  301.70030     79.835 -9.990e-29
   40.49852  -71.92790     52.332     51.922     6.7588    31.9844 -9.990e-29    -0.0255 3.9140e-03  1025.3166     6.7543    25.0761     7.9006    240.857    9.89627  301.69704     79.834 -9.990e-29
   40.49852  -71.92790     52.347     51.937     6.7588    31.9844 -9.990e-29    -0.0121 3.9102e-03  1025.3169     6.7543    25.0761     7.9005    240.853    9.89625  301.69656     79.833 -9.990e-29
   40.49852  -71.92790     52.338     51.928     6.7586    31.9845 -9.990e-29    -0.0255 3.8838e-03  1025.3172     6.7541    25.0764     7.9003    240.848    9.89619  301.69490     79.832 -9.990e-29
   40.49852  -71.92790     52.347     51.937     6.7586    31.9845 -9.990e-29    -0.0121 4.0389e-03  1025.3173     6.7541    25.0764     7.9002    240.845    9.89618  301.69462     79.831 -9.990e-29
   40.49852  -71.92790     52.347     51.937     6.7585    31.9845 -9.990e-29    -0.0121 4.1735e-03  1025.3171     6.7540    25.0763     7.9001    240.842    9.89621  301.69542     79.829 -9.990e-29
   40.49852  -71.92790     52.347     51.937     6.7589    31.9843 -9.990e-29    -0.0121 4.2161e-03  1025.3167     6.7544    25.0760     7.9000    240.839    9.89622  301.69589     79.828 -9.990e-29
   40.49852  -71.92790     52.358     51.948     6.7589    31.9843 -9.990e-29    -0.0121 4.3103e-03  1025.3168     6.7544    25.0759     7.8998    240.834    9.89619  301.69501     79.827 -9.990e-29
   40.49852  -71.92790     52.353     51.943     6.7586    31.9843 -9.990e-29    -0.0121 4.5018e-03  1025.3168     6.7541    25.0759     7.8997    240.831    9.89620  301.69537     79.826 -9.990e-29
   40.49852  -71.92790     52.368     51.958     6.7588    31.9843 -9.990e-29    -0.0121 4.5594e-03  1025.3168     6.7543    25.0760     7.8996    240.828    9.89620  301.69534     79.825 -9.990e-29
   40.49852  -71.92790     52.368     51.958     6.7588    31.9843 -9.990e-29    -0.0121 4.4712e-03  1025.3171     6.7543    25.0761     7.9005    240.855    9.89622  301.69589     79.834 -9.990e-29
   40.49852  -71.92790     52.368     51.958     6.7589    31.9843 -9.990e-29    -0.0121 4.2515e-03  1025.3171     6.7544    25.0761     7.8950    240.687    9.89622  301.69602     79.778 -9.990e-29
   40.49852  -71.92790     52.368     51.958     6.7589    31.9841 -9.990e-29    -0.0255 4.2837e-03  1025.3166     6.7544    25.0759     7.9005    240.854    9.89622  301.69597     79.833 -9.990e-29
   40.49852  -71.92790     52.379     51.969     6.7588    31.9840 -9.990e-29    -0.0121 4.5104e-03  1025.3169     6.7543    25.0758     7.9070    241.052    9.89627  301.69735     79.899 -9.990e-29
   40.49852  -71.92790     52.368     51.958     6.7589    31.9839 -9.990e-29    -0.0121 4.9355e-03  1025.3166     6.7544    25.0758     7.9088    241.108    9.89620  301.69516     79.918 -9.990e-29
   40.49852  -71.92790     52.374     51.963     6.7588    31.9839 -9.990e-29    -0.0121 5.5721e-03  1025.3167     6.7543    25.0758     7.9087    241.105    9.89616  301.69409     79.917 -9.990e-29
   40.49852  -71.92790     52.368     51.958     6.7588    31.9839 -9.990e-29    -0.0121 6.3445e-03  1025.3167     6.7543    25.0758     7.9096    241.131    9.89619  301.69513     79.926 -9.990e-29
   40.49852  -71.92790     52.379     51.969     6.7588    31.9839 -9.990e-29    -0.0121 7.1262e-03  1025.3165     6.7543    25.0758     7.9039    240.959    9.89618  301.69476     79.869 -9.990e-29
   40.49852  -71.92790     52.368     51.958     6.7586    31.9842 -9.990e-29    -0.0121 8.1229e-03  1025.3169     6.7541    25.0760     7.9038    240.955    9.89620  301.69537     79.867 -9.990e-29
   40.49852  -71.92790     52.379     51.969     6.7583    31.9842 -9.990e-29    -0.0255 9.2171e-03  1025.3174     6.7537    25.0762     7.9035    240.947    9.89609  301.69202     79.865 -9.990e-29
   40.49852  -71.92790     52.379     51.969     6.7584    31.9842 -9.990e-29    -0.0121 1.0169e-02  1025.3171     6.7539    25.0761     7.9034    240.944    9.89611  301.69262     79.864 -9.990e-29
   40.49852  -71.92790     52.389     51.978     6.7584    31.9842 -9.990e-29    -0.0121 1.0941e-02  1025.3168     6.7539    25.0760     7.9033    240.939    9.89610  301.69214     79.862 -9.990e-29
   40.49852  -71.92790     52.379     51.969     6.7580    31.9842 -9.990e-29    -0.0121 1.1534e-02  1025.3171     6.7535    25.0761     7.9096    241.131    9.89611  301.69243     79.926 -9.990e-29
   40.49852  -71.92790     52.362     51.952     6.7581    31.9842 -9.990e-29    -0.0121 1.2255e-02  1025.3170     6.7536    25.0761     7.9039    240.958    9.89613  301.69313     79.869 -9.990e-29
   40.49852  -71.92790     52.368     51.958     6.7580    31.9842 -9.990e-29    -0.0121 1.2877e-02  1025.3169     6.7535    25.0761     7.9027    240.921    9.89609  301.69187     79.857 -9.990e-29
   40.49852  -71.92790     52.358     51.948     6.7578    31.9842 -9.990e-29    -0.0121 1.3117e-02  1025.3170     6.7533    25.0761     7.9025    240.914    9.89609  301.69214     79.854 -9.990e-29
   40.49852  -71.92790     52.358     51.948     6.7574    31.9843 -9.990e-29    -0.0121 1.3134e-02  1025.3171     6.7529    25.0762     7.9023    240.909    9.89615  301.69390     79.852 -9.990e-29
   40.49852  -71.92790     52.338     51.928     6.7574    31.9843      8.040    -0.0121 1.3111e-02  1025.3169     6.7529    25.0762     7.9020    240.901    9.89612  301.69273     79.850 -9.990e-29
   40.49852  -71.92790     52.338     51.928     6.7573    31.9844      8.040    -0.0121 1.3194e-02  1025.3170     6.7528    25.0763     7.9018    240.894    9.89611  301.69240     79.848 -9.990e-29
   40.49852  -71.92790     52.328     51.918     6.7572    31.9845      8.040    -0.0255 1.3689e-02  1025.3171     6.7527    25.0764     7.9016    240.888    9.89612  301.69298     79.845 0.0000e+00
   40.49852  -71.92790     52.311     51.902     6.7572    31.9846      8.040    -0.0121 1.4506e-02  1025.3171     6.7527    25.0765     7.9014    240.881    9.89611  301.69264     79.843 0.0000e+00
   40.49852  -71.92790     52.307     51.898     6.7568    31.9847      8.040    -0.0121 1.4742e-02  1025.3174     6.7523    25.0766     7.8947    240.678    9.89608  301.69172     79.776 0.0000e+00
   40.49852  -71.92790     52.287     51.877     6.7567    31.9848      8.040    -0.0255 1.4474e-02  1025.3174     6.7522    25.0768     7.9000    240.840    9.89614  301.69361     79.829 0.0000e+00
