CalculateIndicators/WaterTemperature/Data/CTD_NYOS/20240913_C18.cnv
* Sea-Bird SBE 9 Data File:
* FileName = C:\Seabird 9 CTD\Data\2024\202409_offshore\20240913_C18.hex
* Software Version Seasave V 7.23.2
* Temperature SN = 4590
* Conductivity SN = 3228
* Number of Bytes Per Scan = 44
* Number of Voltage Words = 5
* Number of Scans Averaged by the Deck Unit = 1
* NMEA Latitude = 40 13.00 N
* NMEA Longitude = 072 41.79 W
* NMEA UTC (Time) = Sep 13 2024  15:49:23
* NMEA baud rate = 4800
** Ship: Seawolf
** Station: 9.3
** Operator: TDK
# nquan = 18
# nvalues = 13989                       
# units = specified
# name 0 = latitude: Latitude [deg]
# name 1 = longitude: Longitude [deg]
# name 2 = prDM: Pressure, Digiquartz [db]
# name 3 = depSM: Depth [salt water, m]
# name 4 = t090C: Temperature [ITS-90, deg C]
# name 5 = sal00: Salinity, Practical [PSU]
# name 6 = ph: pH
# name 7 = flECO-AFL: Fluorescence, WET Labs ECO-AFL/FL [mg/m^3]
# name 8 = cpar: CPAR/Corrected Irradiance [%]
# name 9 = density00: Density [density, kg/m^3]
# name 10 = potemp090C: Potential Temperature [ITS-90, deg C]
# name 11 = sigma-é00: Density [sigma-theta, kg/m^3]
# name 12 = sbeox0Mg/L: Oxygen, SBE 43 [mg/l]
# name 13 = sbox0Mm/Kg: Oxygen, SBE 43 [umol/kg]
# name 14 = oxsolMg/L: Oxygen Saturation, Garcia & Gordon [mg/l]
# name 15 = oxsolMm/Kg: Oxygen Saturation, Garcia & Gordon [umol/kg]
# name 16 = sbeox0PS: Oxygen, SBE 43 [% saturation]
# name 17 = flag:  0.000e+00
# span 0 =   40.21614,   40.21672       
# span 1 =  -72.69976,  -72.69666       
# span 2 =      1.903,     52.345       
# span 3 =      1.889,     51.936       
# span 4 =     8.5839,    21.2982       
# span 5 =    31.6483,    32.3965       
# span 6 =      7.803,      8.212       
# span 7 =    -0.0792,     2.5935       
# span 8 = 6.8738e-02, 1.7312e+02       
# span 9 =  1022.2196,  1025.1346       
# span 10 =     8.5790,    21.2978      
# span 11 =    22.2109,    24.8976      
# span 12 =     6.5661,     9.6876      
# span 13 =    200.211,    295.548      
# span 14 =    7.34698,    9.49607      
# span 15 =  224.60731,  289.57945      
# span 16 =     69.247,    110.383      
# span 17 = 0.0000e+00, 0.0000e+00      
# interval = seconds: 0.0416667
# start_time = Sep 13 2024 15:49:23 [System UTC, first data scan.]
# bad_flag = -9.990e-29
*END*
[from data line 6674]
   40.21642  -72.69802     34.901     34.630    10.7843    32.0224      8.036     2.3921 1.1229e+00  1024.6536    10.7803    24.4959     8.7705    267.537    9.06453  276.50638     96.756 -9.990e-29
   40.21642  -72.69802     34.901     34.630    10.7862    32.0192      8.036     2.3921 1.1229e+00  1024.6512    10.7821    24.4932     8.7452    266.765    9.06452  276.50599     96.477 -9.990e-29
   40.21642  -72.69802     34.901     34.630    10.7871    32.0144      8.036     2.3921 1.1229e+00  1024.6475    10.7830    24.4893     8.7250    266.148    9.06460  276.50873     96.253 -9.990e-29
   40.21642  -72.69802     34.890     34.619    10.7883    32.0078      8.036     2.3921 1.1197e+00  1024.6420    10.7843    24.4840     8.7000    265.387    9.06484  276.51619     95.975 -9.990e-29
   40.21642  -72.69802     34.880     34.609    10.7890    32.0007      8.031     2.3921 1.1197e+00  1024.6341    10.7849    24.4783     8.6745    264.609    9.06511  276.52484     95.691 -9.990e-29
   40.21642  -72.69802     34.880     34.609    10.7891    31.9968      8.036     2.3921 1.1197e+00  1024.6293    10.7851    24.4752     8.6549    264.011    9.06544  276.53524     95.471 -9.990e-29
   40.21642  -72.69802     34.870     34.600    10.7888    31.9988      8.036     2.3921 1.1166e+00  1024.6322    10.7848    24.4768     8.6300    263.252    9.06590  276.54960     95.192 -9.990e-29
   40.21642  -72.69802     34.859     34.589    10.7884    32.0045      8.036     2.4055 1.1112e+00  1024.6389    10.7843    24.4813     8.6097    262.632    9.06644  276.56653     94.962 -9.990e-29
   40.21642  -72.69802     34.850     34.579    10.7882    32.0099      8.036     2.4324 1.1112e+00  1024.6438    10.7841    24.4857     8.5904    262.047    9.06705  276.58541     94.743 -9.990e-29
   40.21642  -72.69802     34.839     34.568    10.7877    32.0133      8.036     2.4861 1.1112e+00  1024.6462    10.7836    24.4884     8.5666    261.320    9.06761  276.60249     94.475 -9.990e-29
   40.21642  -72.69802     34.829     34.559    10.7873    32.0152      8.036     2.4995 1.1121e+00  1024.6469    10.7832    24.4899     8.5482    260.757    9.06811  276.61759     94.266 -9.990e-29
   40.21642  -72.69802     34.819     34.549    10.7866    32.0163      8.036     2.4995 1.1153e+00  1024.6480    10.7825    24.4908     8.5300    260.203    9.06849  276.62870     94.062 -9.990e-29
   40.21642  -72.69802     34.799     34.529    10.7855    32.0160      8.036     2.4861 1.1131e+00  1024.6494    10.7815    24.4908     8.5187    259.856    9.06871  276.63490     93.935 -9.990e-29
   40.21642  -72.69802     34.799     34.529    10.7847    32.0104      8.036     2.4861 1.1140e+00  1024.6484    10.7806    24.4867     8.5020    259.348    9.06885  276.63899     93.750 -9.990e-29
   40.21642  -72.69802     34.766     34.496    10.7829    31.9961      8.036     2.4861 1.1149e+00  1024.6350    10.7788    24.4761     8.4868    258.884    9.06912  276.64707     93.579 -9.990e-29
   40.21642  -72.69802     34.757     34.488    10.7767    31.9775      8.036     2.4861 1.1140e+00  1024.6161    10.7726    24.4626     8.4722    258.440    9.06944  276.65698     93.415 -9.990e-29
   40.21642  -72.69802     34.748     34.478    10.7677    31.9636      8.036     2.4861 1.1099e+00  1024.6055    10.7637    24.4531     8.4590    258.035    9.06963  276.66276     93.267 -9.990e-29
   40.21642  -72.69804     34.738     34.468    10.7594    31.9578      8.036     2.4861 1.1090e+00  1024.6050    10.7554    24.4499     8.4520    257.823    9.06978  276.66714     93.189 -9.990e-29
   40.21642  -72.69804     34.706     34.437    10.7532    31.9569      8.036     2.4861 1.1090e+00  1024.6066    10.7491    24.4503     8.4416    257.504    9.06999  276.67365     93.071 -9.990e-29
   40.21642  -72.69804     34.697     34.427    10.7475    31.9576      8.036     2.4995 1.1090e+00  1024.6077    10.7435    24.4518     8.4431    257.552    9.07008  276.67609     93.088 -9.990e-29
   40.21642  -72.69804     34.676     34.407    10.7422    31.9590      8.036     2.4995 1.1090e+00  1024.6106    10.7382    24.4537     8.4403    257.466    9.07005  276.67530     93.057 -9.990e-29
   40.21642  -72.69804     34.666     34.397    10.7387    31.9593      8.036     2.4861 1.1090e+00  1024.6125    10.7347    24.4547     8.4335    257.261    9.07036  276.68599     92.979 -9.990e-29
   40.21642  -72.69804     34.646     34.377    10.7353    31.9570      8.036     2.4995 1.1081e+00  1024.6107    10.7312    24.4536     8.4336    257.264    9.07115  276.71134     92.972 -9.990e-29
   40.21642  -72.69804     34.625     34.356    10.7304    31.9532      8.036     2.4861 1.1121e+00  1024.6065    10.7264    24.4514     8.4350    257.307    9.07180  276.73100     92.981 -9.990e-29
   40.21642  -72.69804     34.606     34.337    10.7240    31.9508      8.036     2.4861 1.1121e+00  1024.6056    10.7200    24.4505     8.4434    257.560    9.07222  276.74351     93.068 -9.990e-29
   40.21642  -72.69804     34.585     34.317    10.7188    31.9506      8.036     2.4861 1.1143e+00  1024.6071    10.7148    24.4512     8.4481    257.704    9.07264  276.75570     93.116 -9.990e-29
   40.21642 -9.990e-29     34.564     34.296    10.7142    31.9514      8.036     2.4995 1.1166e+00  1024.6084    10.7102    24.4527     8.4534    257.867    9.07295  276.76499     93.172 -9.990e-29
   40.21642 -9.990e-29     34.544     34.276    10.7104    31.9527      8.036     2.4995 1.1166e+00  1024.6102    10.7064    24.4544     8.4611    258.100    9.07347  276.78156     93.251 -9.990e-29
   40.21642 -9.990e-29     34.534     34.266    10.7074    31.9542      8.036     2.4861 1.1197e+00  1024.6119    10.7034    24.4560     8.4751    258.529    9.07404  276.79927     93.400 -9.990e-29
   40.21642 -9.990e-29     34.513     34.245    10.7048    31.9555      8.036     2.4861 1.1292e+00  1024.6133    10.7008    24.4575     8.4846    258.819    9.07446  276.81170     93.500 -9.990e-29
   40.21642 -9.990e-29     34.483     34.215    10.7027    31.9566      8.036     2.4861 1.1292e+00  1024.6147    10.6987    24.4588     8.5010    259.318    9.07466  276.81725     93.678 -9.990e-29
   40.21642 -9.990e-29     34.473     34.206    10.7013    31.9572      8.036     2.4861 1.1324e+00  1024.6152    10.6973    24.4595     8.5128    259.678    9.07476  276.81976     93.808 -9.990e-29
   40.21642 -9.990e-29     34.453     34.185    10.7000    31.9575      8.036     2.4861 1.1420e+00  1024.6153    10.6960    24.4600     8.5308    260.225    9.07476  276.81933     94.005 -9.990e-29
   40.21642 -9.990e-29     34.432     34.165    10.6988    31.9578      8.036     2.4995 1.1420e+00  1024.6158    10.6948    24.4604     8.5447    260.651    9.07460  276.81402     94.161 -9.990e-29
   40.21642 -9.990e-29     34.422     34.155    10.6978    31.9581      8.036     2.4861 1.1443e+00  1024.6161    10.6938    24.4608     8.5583    261.065    9.07427  276.80401     94.314 -9.990e-29
   40.21642 -9.990e-29     34.391     34.124    10.6966    31.9581      8.036     2.4861 1.1540e+00  1024.6161    10.6927    24.4611     8.5780    261.666    9.07401  276.79583     94.534 -9.990e-29
   40.21642 -9.990e-29     34.381     34.114    10.6956    31.9583      8.036     2.4995 1.1583e+00  1024.6162    10.6917    24.4613     8.5986    262.295    9.07363  276.78456     94.765 -9.990e-29
   40.21642 -9.990e-29     34.360     34.094    10.6950    31.9587      8.036     2.4995 1.1592e+00  1024.6168    10.6910    24.4618     8.6146    262.784    9.07334  276.77629     94.944 -9.990e-29
   40.21642 -9.990e-29     34.343     34.076    10.6945    31.9593      8.036     2.4861 1.1691e+00  1024.6171    10.6905    24.4623     8.6360    263.436    9.07323  276.77345     95.181 -9.990e-29
   40.21642 -9.990e-29     34.320     34.054    10.6938    31.9600      8.036     2.4861 1.1776e+00  1024.6178    10.6898    24.4630     8.6581    264.112    9.07305  276.76839     95.427 -9.990e-29
   40.21642 -9.990e-29     34.320     34.054    10.6935    31.9607      8.036     2.4995 1.1767e+00  1024.6184    10.6895    24.4636     8.6762    264.662    9.07285  276.76235     95.628 -9.990e-29
   40.21642 -9.990e-29     34.300     34.033    10.6933    31.9612      8.036     2.4861 1.1890e+00  1024.6189    10.6893    24.4640     8.6984    265.339    9.07256  276.75336     95.876 -9.990e-29
   40.21642 -9.990e-29     34.279     34.013    10.6935    31.9613      8.036     2.4861 1.1957e+00  1024.6187    10.6895    24.4640     8.7155    265.860    9.07217  276.74133     96.068 -9.990e-29
   40.21642 -9.990e-29     34.279     34.013    10.6937    31.9611      8.036     2.4995 1.1957e+00  1024.6183    10.6897    24.4638     8.7438    266.726    9.07176  276.72888     96.385 -9.990e-29
   40.21642 -9.990e-29     34.258     33.992    10.6937    31.9608      8.036     2.4995 1.2059e+00  1024.6182    10.6897    24.4636     8.7613    267.259    9.07131  276.71504     96.583 -9.990e-29
   40.21642 -9.990e-29     34.239     33.973    10.6937    31.9606      8.036     2.4861 1.2161e+00  1024.6180    10.6897    24.4634     8.7835    267.936    9.07083  276.70082     96.832 -9.990e-29
   40.21642 -9.990e-29     34.228     33.962    10.6937    31.9603      8.036     2.4995 1.2186e+00  1024.6174    10.6897    24.4632     8.8055    268.607    9.07046  276.68993     97.079 -9.990e-29
   40.21642 -9.990e-29     34.218     33.953    10.6934    31.9603      8.036     2.4861 1.2196e+00  1024.6178    10.6894    24.4632     8.8279    269.291    9.07021  276.68262     97.328 -9.990e-29
   40.21642 -9.990e-29     34.218     33.953    10.6935    31.9603      8.036     2.4861 1.2251e+00  1024.6176    10.6895    24.4632     8.8448    269.807    9.06989  276.67299     97.518 -9.990e-29
   40.21642 -9.990e-29     34.198     33.932    10.6935    31.9599      8.036     2.4861 1.2271e+00  1024.6176    10.6895    24.4629     8.8663    270.462    9.06968  276.66657     97.758 -9.990e-29
   40.21642 -9.990e-29     34.177     33.912    10.6935    31.9589      8.036     2.4861 1.2351e+00  1024.6165    10.6895    24.4622     8.8872    271.100    9.06948  276.66090     97.990 -9.990e-29
   40.21642 -9.990e-29     34.177     33.912    10.6928    31.9573      8.036     2.4995 1.2421e+00  1024.6152    10.6889    24.4611     8.9082    271.742    9.06935  276.65712     98.223 -9.990e-29
   40.21642 -9.990e-29     34.177     33.912    10.6918    31.9558      8.036     2.4995 1.2456e+00  1024.6143    10.6879    24.4600     8.9285    272.361    9.06923  276.65359     98.448 -9.990e-29
   40.21642 -9.990e-29     34.167     33.902    10.6907    31.9539      8.036     2.4995 1.2501e+00  1024.6131    10.6867    24.4588     8.9423    272.781    9.06911  276.65011     98.601 -9.990e-29
   40.21642 -9.990e-29     34.167     33.902    10.6890    31.9519      8.036     2.4995 1.2526e+00  1024.6116    10.6850    24.4575     8.9608    273.347    9.06899  276.64621     98.808 -9.990e-29
   40.21642 -9.990e-29     34.158     33.893    10.6868    31.9499      8.036     2.4861 1.2526e+00  1024.6103    10.6829    24.4564     8.9785    273.886    9.06891  276.64412     99.003 -9.990e-29
   40.21642 -9.990e-29     34.147     33.882    10.6842    31.9485      8.036     2.4995 1.2526e+00  1024.6094    10.6802    24.4557     8.9959    274.417    9.06886  276.64273     99.195 -9.990e-29
   40.21642 -9.990e-29     34.158     33.893    10.6816    31.9477      8.036     2.5129 1.2597e+00  1024.6092    10.6776    24.4555     9.0073    274.764    9.06885  276.64258     99.321 -9.990e-29
   40.21642 -9.990e-29     34.188     33.923    10.6791    31.9480      8.036     2.5264 1.2586e+00  1024.6097    10.6751    24.4561     9.0224    275.226    9.06879  276.64049     99.489 -9.990e-29
   40.21642 -9.990e-29     34.177     33.912    10.6766    31.9491      8.036     2.5264 1.2565e+00  1024.6115    10.6726    24.4573     9.0371    275.673    9.06869  276.63729     99.651 -9.990e-29
   40.21642 -9.990e-29     34.137     33.872    10.6749    31.9504      8.036     2.5264 1.2662e+00  1024.6131    10.6710    24.4587     9.0454    275.927    9.06851  276.63168     99.745 -9.990e-29
   40.21642 -9.990e-29     34.075     33.811    10.6739    31.9512      8.036     2.5264 1.2651e+00  1024.6136    10.6700    24.4596     9.0588    276.335    9.06826  276.62414     99.896 -9.990e-29
   40.21642 -9.990e-29     34.048     33.783    10.6726    31.9513      8.036     2.5129 1.2651e+00  1024.6136    10.6687    24.4598     9.0659    276.552    9.06802  276.61671     99.977 -9.990e-29
   40.21642 -9.990e-29     34.025     33.761    10.6712    31.9510      8.036     2.5129 1.2784e+00  1024.6132    10.6673    24.4598     9.0828    277.069    9.06762  276.60439    100.168 -9.990e-29
   40.21642 -9.990e-29     34.025     33.761    10.6703    31.9509      8.036     2.5129 1.2845e+00  1024.6132    10.6664    24.4599     9.0885    277.242    9.06730  276.59490    100.234 -9.990e-29
   40.21642 -9.990e-29     34.005     33.741    10.6693    31.9511      8.036     2.5264 1.2845e+00  1024.6138    10.6654    24.4602     9.0928    277.372    9.06701  276.58642    100.284 -9.990e-29
   40.21642 -9.990e-29     33.974     33.711    10.6683    31.9514      8.036     2.5264 1.2980e+00  1024.6136    10.6644    24.4606     9.0963    277.480    9.06676  276.57856    100.326 -9.990e-29
   40.21642 -9.990e-29     33.954     33.690    10.6675    31.9514      8.036     2.5264 1.3054e+00  1024.6147    10.6636    24.4607     9.1096    277.887    9.06649  276.57080    100.476 -9.990e-29
   40.21642 -9.990e-29     33.912     33.649    10.6677    31.9497      8.036     2.5264 1.3075e+00  1024.6141    10.6638    24.4594     9.1132    277.997    9.06642  276.56872    100.516 -9.990e-29
   40.21642 -9.990e-29     33.893     33.630    10.6682    31.9454      8.036     2.5264 1.3208e+00  1024.6088    10.6642    24.4562     9.1215    278.249    9.06618  276.56143    100.610 -9.990e-29
   40.21642 -9.990e-29     33.882     33.619    10.6660    31.9413      8.036     2.5264 1.3294e+00  1024.6042    10.6621    24.4532     9.1290    278.476    9.06601  276.55626    100.694 -9.990e-29
   40.21642 -9.990e-29     33.872     33.610    10.6627    31.9400      8.036     2.5264 1.3294e+00  1024.6046    10.6588    24.4527     9.1308    278.532    9.06601  276.55637    100.714 -9.990e-29
   40.21642 -9.990e-29     33.861     33.599    10.6599    31.9410      8.036     2.5264 1.3396e+00  1024.6067    10.6560    24.4540     9.1314    278.552    9.06580  276.54970    100.724 -9.990e-29
   40.21642 -9.990e-29     33.831     33.568    10.6571    31.9420      8.036     2.5264 1.3510e+00  1024.6088    10.6532    24.4552     9.1376    278.739    9.06554  276.54148    100.795 -9.990e-29
   40.21642 -9.990e-29     33.821     33.559    10.6557    31.9416      8.036     2.5264 1.3548e+00  1024.6085    10.6518    24.4552     9.1377    278.743    9.06515  276.52979    100.801 -9.990e-29
   40.21642 -9.990e-29     33.802     33.540    10.6539    31.9399      8.036     2.5264 1.3563e+00  1024.6064    10.6500    24.4542     9.1427    278.897    9.06486  276.52117    100.859 -9.990e-29
   40.21642 -9.990e-29     33.791     33.529    10.6516    31.9386      8.036     2.5264 1.3629e+00  1024.6052    10.6477    24.4536     9.1418    278.868    9.06449  276.50981    100.853 -9.990e-29
   40.21642 -9.990e-29     33.759     33.497    10.6493    31.9390      8.036     2.5129 1.3656e+00  1024.6060    10.6454    24.4542     9.1464    279.008    9.06417  276.50020    100.907 -9.990e-29
   40.21642 -9.990e-29     33.759     33.497    10.6477    31.9406      8.036     2.5264 1.3694e+00  1024.6079    10.6438    24.4558     9.1451    278.969    9.06386  276.49077    100.896 -9.990e-29
