CalculateIndicators/WaterTemperature/Data/CTD_NYOS/20240708_C01.cnv
* Sea-Bird SBE 9 Data File:
* FileName = C:\Seabird 9 CTD\Data\2024\202407_offshore\20240708_C01.hex
* Software Version Seasave V 7.23.2
* Temperature SN = 4590
* Conductivity SN = 3228
* Number of Bytes Per Scan = 44
* Number of Voltage Words = 5
* Number of Scans Averaged by the Deck Unit = 1
* NMEA Latitude = 40 57.49 N
* NMEA Longitude = 073 35.06 W
* NMEA UTC (Time) = Jul 08 2024  01:30:50
* NMEA baud rate = 4800
** Ship: seawolf
** Station: LIS_ARIG
** Operator: TDK
# nquan = 18
# nvalues = 10701                       
# units = specified
# name 0 = latitude: Latitude [deg]
# name 1 = longitude: Longitude [deg]
# name 2 = prDM: Pressure, Digiquartz [db]
# name 3 = depSM: Depth [salt water, m]
# name 4 = t090C: Temperature [ITS-90, deg C]
# name 5 = sal00: Salinity, Practical [PSU]
# name 6 = ph: pH
# name 7 = flECO-AFL: Fluorescence, WET Labs ECO-AFL/FL [mg/m^3]
# name 8 = cpar: CPAR/Corrected Irradiance [%]
# name 9 = density00: Density [density, kg/m^3]
# name 10 = potemp090C: Potential Temperature [ITS-90, deg C]
# name 11 = sigma-é00: Density [sigma-theta, kg/m^3]
# name 12 = sbeox0Mg/L: Oxygen, SBE 43 [mg/l]
# name 13 = sbox0Mm/Kg: Oxygen, SBE 43 [umol/kg]
# name 14 = oxsolMg/L: Oxygen Saturation, Garcia & Gordon [mg/l]
# name 15 = oxsolMm/Kg: Oxygen Saturation, Garcia & Gordon [umol/kg]
# name 16 = sbeox0PS: Oxygen, SBE 43 [% saturation]
# name 17 = flag:  0.000e+00
# span 0 =   40.95722,   40.95826       
# span 1 =  -73.58622,  -73.58432       
# span 2 =      1.828,     14.090       
# span 3 =      1.814,     13.980       
# span 4 =    16.8502,    22.6086       
# span 5 =    25.1261,    26.3013       
# span 6 =      7.501,      8.103       
# span 7 =     1.6265,     3.5471       
# span 8 = 2.5320e-11, 9.9999e+04       
# span 9 =  1016.7457,  1018.9404       
# span 10 =    16.8486,    22.6082      
# span 11 =    16.7388,    18.8781      
# span 12 =     3.1465,    10.2131      
# span 13 =     96.513,    313.805      
# span 14 =    7.46356,    8.27729      
# span 15 =  229.39985,  253.90780      
# span 16 =     38.046,    134.711      
# span 17 = 0.0000e+00, 0.0000e+00      
# interval = seconds: 0.0416667
# start_time = Jul 08 2024 01:30:53 [System UTC, first data scan.]
# bad_flag = -9.990e-29
*END*
[from data line 1207]
   40.95814  -73.58458     12.444     12.347    16.8910    26.2970      7.781     1.6534 9.9999e+04  1018.9272    16.8891    18.8721     3.5755    109.666    8.26555  253.51630     43.258 0.0000e+00
   40.95814  -73.58458     12.465     12.368    16.8908    26.2970      7.781     1.6534 9.9999e+04  1018.9272    16.8889    18.8723     3.5698    109.490    8.26552  253.51553     43.189 0.0000e+00
   40.95814  -73.58458     12.477     12.380    16.8901    26.2972      7.781     1.6534 9.9999e+04  1018.9279    16.8882    18.8726     3.5685    109.450    8.26554  253.51620     43.173 0.0000e+00
   40.95814  -73.58458     12.495     12.398    16.8900    26.2975      7.781     1.6534 9.9999e+04  1018.9282    16.8881    18.8729     3.5720    109.558    8.26554  253.51623     43.216 0.0000e+00
   40.95814  -73.58458     12.507     12.410    16.8894    26.2977      7.781     1.6534 9.9999e+04  1018.9285    16.8875    18.8731     3.5665    109.389    8.26555  253.51649     43.149 0.0000e+00
   40.95814  -73.58458     12.525     12.428    16.8891    26.2979      7.776     1.6534 9.9999e+04  1018.9289    16.8872    18.8733     3.5649    109.339    8.26557  253.51696     43.129 0.0000e+00
   40.95814  -73.58458     12.528     12.431    16.8888    26.2980      7.781     1.6534 9.9999e+04  1018.9290    16.8869    18.8735     3.5636    109.302    8.26559  253.51771     43.114 0.0000e+00
   40.95814  -73.58458     12.556     12.458    16.8884    26.2980      7.781     1.6534 9.9999e+04  1018.9295    16.8865    18.8736     3.5623    109.262    8.26557  253.51715     43.098 -9.990e-29
   40.95814  -73.58458     12.558     12.461    16.8883    26.2981      7.781     1.6534 9.9999e+04  1018.9292    16.8863    18.8736     3.5614    109.235    8.26558  253.51745     43.088 -9.990e-29
   40.95814  -73.58458     12.576     12.478    16.8878    26.2982      7.781     1.6534 9.9999e+04  1018.9291    16.8859    18.8737     3.5600    109.190    8.26558  253.51746     43.070 0.0000e+00
   40.95814  -73.58458     12.586     12.488    16.8878    26.2983      7.776     1.6534 9.9999e+04  1018.9297    16.8859    18.8740     3.5590    109.159    8.26560  253.51798     43.058 0.0000e+00
   40.95814  -73.58458     12.600     12.502    16.8874    26.2985      7.776     1.6534 9.9999e+04  1018.9302    16.8855    18.8742     3.5579    109.126    8.26561  253.51828     43.045 0.0000e+00
   40.95814  -73.58458     12.627     12.529    16.8875    26.2985      7.776     1.6534 9.9999e+04  1018.9301    16.8856    18.8742     3.5568    109.092    8.26566  253.51972     43.031 0.0000e+00
   40.95814  -73.58458     12.630     12.532    16.8872    26.2985      7.776     1.6534 9.9999e+04  1018.9302    16.8853    18.8742     3.5561    109.070    8.26566  253.51987     43.022 0.0000e+00
   40.95814  -73.58458     12.657     12.559    16.8871    26.2984      7.776     1.6534 9.9999e+04  1018.9301    16.8852    18.8742     3.5548    109.031    8.26562  253.51876     43.007 0.0000e+00
   40.95814  -73.58458     12.660     12.562    16.8871    26.2984      7.776     1.6534 9.9999e+04  1018.9302    16.8852    18.8741     3.5540    109.007    8.26564  253.51924     42.997 0.0000e+00
   40.95814  -73.58458     12.678     12.579    16.8871    26.2984      7.776     1.6534 9.9999e+04  1018.9301    16.8851    18.8741     3.5482    108.829    8.26563  253.51875     42.927 0.0000e+00
   40.95814  -73.58458     12.700     12.601    16.8871    26.2984      7.776     1.6668 9.9999e+04  1018.9304    16.8852    18.8742     3.5469    108.787    8.26563  253.51876     42.911 0.0000e+00
   40.95814  -73.58458     12.708     12.609    16.8867    26.2986      7.776     1.6668 9.9999e+04  1018.9309    16.8848    18.8744     3.5455    108.745    8.26563  253.51881     42.894 0.0000e+00
   40.95814  -73.58458     12.711     12.612    16.8867    26.2988      7.776     1.6668 9.9999e+04  1018.9308    16.8847    18.8746     3.5441    108.703    8.26566  253.51968     42.878 0.0000e+00
   40.95814  -73.58458     12.739     12.639    16.8865    26.2988      7.776     1.6668 9.9999e+04  1018.9312    16.8845    18.8747     3.5427    108.661    8.26570  253.52101     42.861 0.0000e+00
   40.95814  -73.58458     12.759     12.660    16.8864    26.2988      7.776     1.6668 9.9999e+04  1018.9312    16.8844    18.8747     3.5413    108.616    8.26564  253.51939     42.843 0.0000e+00
   40.95814  -73.58458     12.762     12.663    16.8863    26.2988      7.776     1.6668 9.9999e+04  1018.9312    16.8843    18.8747     3.5404    108.588    8.26569  253.52085     42.832 0.0000e+00
   40.95814  -73.58458     12.778     12.679    16.8861    26.2988      7.776     1.6668 9.9999e+04  1018.9312    16.8842    18.8747     3.5394    108.558    8.26567  253.52020     42.820 0.0000e+00
   40.95814  -73.58458     12.792     12.693    16.8860    26.2989      7.776     1.6668 9.9999e+04  1018.9315    16.8841    18.8748     3.5385    108.530    8.26568  253.52041     42.809 0.0000e+00
   40.95814  -73.58458     12.820     12.720    16.8861    26.2990      7.776     1.6668 9.9999e+04  1018.9317    16.8842    18.8748     3.5375    108.501    8.26571  253.52122     42.798 -9.990e-29
   40.95814  -73.58458     12.822     12.723    16.8862    26.2990      7.776     1.6668 9.9999e+04  1018.9315    16.8842    18.8748     3.5371    108.488    8.26572  253.52148     42.792 -9.990e-29
   40.95814  -73.58458     12.850     12.750    16.8861    26.2990      7.771     1.6668 9.9999e+04  1018.9318    16.8842    18.8748     3.5317    108.323    8.26573  253.52195     42.727 0.0000e+00
   40.95814  -73.58458     12.853     12.753    16.8861    26.2990      7.771     1.6668 9.9999e+04  1018.9319    16.8842    18.8748     3.5309    108.296    8.26573  253.52195     42.717 0.0000e+00
   40.95814  -73.58458     12.871     12.770    16.8862    26.2989      7.776     1.6668 9.9999e+04  1018.9317    16.8842    18.8748     3.5300    108.271    8.26574  253.52200     42.707 0.0000e+00
   40.95814  -73.58458     12.894     12.794    16.8860    26.2988      7.771     1.6668 9.9999e+04  1018.9319    16.8840    18.8747     3.5293    108.247    8.26573  253.52188     42.697 0.0000e+00
   40.95814  -73.58458     12.910     12.810    16.8859    26.2987      7.771     1.6668 9.9999e+04  1018.9318    16.8839    18.8747     3.5285    108.225    8.26576  253.52260     42.688 0.0000e+00
   40.95814  -73.58458     12.924     12.824    16.8858    26.2987      7.771     1.6668 9.9999e+04  1018.9319    16.8838    18.8747     3.5278    108.203    8.26577  253.52302     42.680 0.0000e+00
   40.95814  -73.58458     12.941     12.840    16.8858    26.2987      7.771     1.6668 9.9999e+04  1018.9321    16.8838    18.8747     3.5272    108.183    8.26578  253.52353     42.672 0.0000e+00
   40.95814  -73.58458     12.954     12.854    16.8859    26.2986      7.771     1.6668 9.9999e+04  1018.9321    16.8839    18.8747     3.5270    108.180    8.26577  253.52321     42.670 0.0000e+00
   40.95814  -73.58458     12.961     12.861    16.8858    26.2986      7.771     1.6668 9.9999e+04  1018.9320    16.8838    18.8747     3.5265    108.163    8.26580  253.52399     42.664 0.0000e+00
   40.95814  -73.58458     12.985     12.884    16.8855    26.2986      7.771     1.6668 9.9999e+04  1018.9322    16.8836    18.8747     3.5210    107.994    8.26575  253.52265     42.597 0.0000e+00
   40.95814  -73.58458     13.003     12.901    16.8851    26.2987      7.771     1.6668 9.9999e+04  1018.9323    16.8831    18.8749     3.5201    107.966    8.26580  253.52402     42.586 -9.990e-29
   40.95814  -73.58458     13.005     12.904    16.8846    26.2989      7.771     1.6668 9.9999e+04  1018.9327    16.8826    18.8751     3.5242    108.091    8.26583  253.52457     42.635 -9.990e-29
   40.95814  -73.58458     13.033     12.931    16.8840    26.2992      7.771     1.6668 9.9999e+04  1018.9330    16.8820    18.8754     3.5188    107.928    8.26583  253.52477     42.571 -9.990e-29
   40.95814  -73.58458     13.025     12.923    16.8835    26.2995      7.771     1.6668 9.9999e+04  1018.9337    16.8815    18.8758     3.5181    107.904    8.26582  253.52440     42.562 -9.990e-29
   40.95814  -73.58458     13.063     12.962    16.8834    26.2997      7.771     1.6802 9.9999e+04  1018.9338    16.8814    18.8760     3.5174    107.882    8.26587  253.52586     42.553 0.0000e+00
   40.95814  -73.58458     13.087     12.985    16.8831    26.2998      7.771     1.7071 9.9999e+04  1018.9341    16.8811    18.8761     3.5117    107.710    8.26588  253.52633     42.485 -9.990e-29
   40.95814  -73.58458     13.084     12.982    16.8830    26.2998      7.766     1.7071 9.9999e+04  1018.9341    16.8810    18.8762     3.5156    107.830    8.26590  253.52710     42.532 -9.990e-29
   40.95814  -73.58458     13.096     12.994    16.8828    26.2998      7.766     1.7071 9.9999e+04  1018.9343    16.8808    18.8762     3.5107    107.677    8.26591  253.52724     42.472 0.0000e+00
   40.95814  -73.58458     13.114     13.012    16.8827    26.2998      7.766     1.7071 9.9999e+04  1018.9343    16.8807    18.8763     3.5103    107.665    8.26593  253.52774     42.467 0.0000e+00
   40.95814  -73.58458     13.136     13.034    16.8823    26.2999      7.766     1.7071 9.9999e+04  1018.9346    16.8803    18.8764     3.5100    107.656    8.26594  253.52831     42.463 0.0000e+00
   40.95814  -73.58458     13.154     13.052    16.8823    26.3001      7.771     1.7071 9.9999e+04  1018.9348    16.8802    18.8766     3.5098    107.650    8.26592  253.52754     42.461 0.0000e+00
   40.95814  -73.58458     13.157     13.054    16.8818    26.3003      7.766     1.7071 9.9999e+04  1018.9352    16.8798    18.8768     3.5097    107.647    8.26591  253.52723     42.460 0.0000e+00
   40.95814  -73.58458     13.184     13.082    16.8820    26.3005      7.766     1.7071 9.9999e+04  1018.9352    16.8800    18.8769     3.5097    107.647    8.26591  253.52728     42.460 0.0000e+00
   40.95814  -73.58458     13.198     13.095    16.8818    26.3005      7.766     1.7071 9.9999e+04  1018.9356    16.8797    18.8770     3.5093    107.636    8.26595  253.52851     42.455 0.0000e+00
   40.95814  -73.58458     13.205     13.102    16.8818    26.3005      7.766     1.7071 9.9999e+04  1018.9355    16.8798    18.8770     3.5040    107.474    8.26595  253.52841     42.391 0.0000e+00
   40.95814  -73.58458     13.228     13.125    16.8818    26.3005      7.766     1.7071 9.9999e+04  1018.9356    16.8797    18.8770     3.4989    107.315    8.26592  253.52758     42.329 0.0000e+00
   40.95814  -73.58458     13.235     13.132    16.8816    26.3004      7.766     1.7071 9.9999e+04  1018.9357    16.8796    18.8769     3.5028    107.436    8.26594  253.52810     42.376 0.0000e+00
   40.95814  -73.58458     13.258     13.155    16.8816    26.3003      7.766     1.7071 9.9999e+04  1018.9355    16.8796    18.8768     3.5023    107.422    8.26595  253.52844     42.371 0.0000e+00
   40.95814  -73.58458     13.265     13.162    16.8818    26.3002      7.766     1.7071 9.9999e+04  1018.9354    16.8797    18.8768     3.5020    107.411    8.26595  253.52839     42.366 0.0000e+00
   40.95814  -73.58458     13.289     13.185    16.8816    26.3002      7.766     1.7071 9.9999e+04  1018.9357    16.8796    18.8768     3.5017    107.402    8.26594  253.52811     42.363 0.0000e+00
   40.95814  -73.58458     13.309     13.206    16.8816    26.3002      7.766     1.7071 9.9999e+04  1018.9358    16.8796    18.8768     3.4966    107.245    8.26594  253.52809     42.301 -9.990e-29
   40.95814  -73.58458     13.307     13.203    16.8816    26.3002      7.766     1.7071 9.9999e+04  1018.9357    16.8796    18.8768     3.5010    107.382    8.26596  253.52856     42.355 -9.990e-29
   40.95814  -73.58458     13.329     13.225    16.8815    26.3002      7.766     1.7071 9.9999e+04  1018.9359    16.8794    18.8769     3.5011    107.384    8.26595  253.52847     42.356 0.0000e+00
   40.95812  -73.58458     13.346     13.243    16.8812    26.3002      7.766     1.7071 9.9999e+04  1018.9362    16.8791    18.8769     3.4963    107.236    8.26593  253.52776     42.298 0.0000e+00
   40.95812  -73.58458     13.360     13.256    16.8812    26.3003      7.766     1.7071 9.9999e+04  1018.9359    16.8792    18.8769     3.4961    107.231    8.26595  253.52849     42.295 0.0000e+00
   40.95812  -73.58458     13.377     13.273    16.8815    26.3003      7.766     1.7071 9.9999e+04  1018.9359    16.8794    18.8769     3.4960    107.228    8.26594  253.52810     42.294 -9.990e-29
   40.95812  -73.58458     13.379     13.275    16.8812    26.3003      7.766     1.7071 9.9999e+04  1018.9363    16.8792    18.8770     3.4961    107.229    8.26595  253.52860     42.295 -9.990e-29
   40.95812  -73.58458     13.397     13.293    16.8813    26.3005      7.766     1.7071 9.9999e+04  1018.9364    16.8793    18.8771     3.4913    107.083    8.26598  253.52942     42.237 0.0000e+00
   40.95812  -73.58458     13.410     13.305    16.8813    26.3005      7.766     1.7071 9.9999e+04  1018.9365    16.8793    18.8772     3.4906    107.061    8.26595  253.52840     42.228 0.0000e+00
   40.95812  -73.58458     13.428     13.323    16.8812    26.3005      7.766     1.7071 9.9999e+04  1018.9367    16.8792    18.8772     3.4900    107.043    8.26591  253.52719     42.222 0.0000e+00
   40.95812  -73.58458     13.451     13.346    16.8812    26.3004      7.761     1.7205 9.9999e+04  1018.9366    16.8791    18.8771     3.4895    107.029    8.26592  253.52743     42.216 0.0000e+00
   40.95812  -73.58458     13.458     13.353    16.8810    26.3002      7.761     1.7205 9.9999e+04  1018.9366    16.8789    18.8769     3.4892    107.019    8.26588  253.52644     42.212 0.0000e+00
   40.95812  -73.58458     13.472     13.367    16.8814    26.3002      7.761     1.7205 9.9999e+04  1018.9363    16.8793    18.8768     3.4890    107.014    8.26592  253.52764     42.210 0.0000e+00
   40.95812  -73.58458     13.491     13.386    16.8810    26.3002      7.761     1.7205 9.9999e+04  1018.9368    16.8789    18.8769     3.4890    107.011    8.26592  253.52761     42.209 0.0000e+00
   40.95812  -73.58458     13.499     13.394    16.8811    26.3004      7.766     1.7205 9.9999e+04  1018.9368    16.8790    18.8771     3.4890    107.013    8.26597  253.52915     42.209 0.0000e+00
   40.95812  -73.58458     13.521     13.416    16.8810    26.3005      7.761     1.7205 9.9999e+04  1018.9371    16.8789    18.8772     3.4842    106.865    8.26594  253.52817     42.151 0.0000e+00
   40.95812  -73.58458     13.529     13.424    16.8808    26.3006      7.761     1.7205 9.9999e+04  1018.9372    16.8787    18.8773     3.4840    106.860    8.26594  253.52830     42.149 0.0000e+00
   40.95812  -73.58458     13.553     13.447    16.8807    26.3006      7.761     1.7205 9.9999e+04  1018.9373    16.8787    18.8773     3.4840    106.858    8.26592  253.52772     42.148 0.0000e+00
   40.95812  -73.58458     13.571     13.465    16.8806    26.3006      7.761     1.7205 9.9999e+04  1018.9374    16.8785    18.8773     3.4841    106.862    8.26593  253.52791     42.150 -9.990e-29
   40.95812  -73.58458     13.562     13.457    16.8806    26.3007      7.756     1.7205 9.9999e+04  1018.9374    16.8785    18.8774     3.4838    106.854    8.26594  253.52833     42.147 -9.990e-29
   40.95812  -73.58458     13.583     13.477    16.8805    26.3007      7.756     1.7205 9.9999e+04  1018.9377    16.8785    18.8774     3.4837    106.849    8.26592  253.52773     42.145 0.0000e+00
   40.95812  -73.58458     13.611     13.505    16.8806    26.3007      7.761     1.7205 9.9999e+04  1018.9377    16.8785    18.8774     3.4837    106.849    8.26596  253.52877     42.145 -9.990e-29
