CalculateIndicators/WaterTemperature/Data/CTD_NYOS/20240914_C22.cnv
* Sea-Bird SBE 9 Data File:
* FileName = C:\Seabird 9 CTD\Data\2024\202409_offshore\20240914_C22.hex
* Software Version Seasave V 7.23.2
* Temperature SN = 4590
* Conductivity SN = 3228
* Number of Bytes Per Scan = 44
* Number of Voltage Words = 5
* Number of Scans Averaged by the Deck Unit = 1
* NMEA Latitude = 40 33.38 N
* NMEA Longitude = 072 26.96 W
* NMEA UTC (Time) = Sep 14 2024  02:54:58
* NMEA baud rate = 4800
** Ship: Seawolf
** Station: 10.2
** Operator: TCM
# nquan = 18
# nvalues = 10505                       
# units = specified
# name 0 = latitude: Latitude [deg]
# name 1 = longitude: Longitude [deg]
# name 2 = prDM: Pressure, Digiquartz [db]
# name 3 = depSM: Depth [salt water, m]
# name 4 = t090C: Temperature [ITS-90, deg C]
# name 5 = sal00: Salinity, Practical [PSU]
# name 6 = ph: pH
# name 7 = flECO-AFL: Fluorescence, WET Labs ECO-AFL/FL [mg/m^3]
# name 8 = cpar: CPAR/Corrected Irradiance [%]
# name 9 = density00: Density [density, kg/m^3]
# name 10 = potemp090C: Potential Temperature [ITS-90, deg C]
# name 11 = sigma-é00: Density [sigma-theta, kg/m^3]
# name 12 = sbeox0Mg/L: Oxygen, SBE 43 [mg/l]
# name 13 = sbox0Mm/Kg: Oxygen, SBE 43 [umol/kg]
# name 14 = oxsolMg/L: Oxygen Saturation, Garcia & Gordon [mg/l]
# name 15 = oxsolMm/Kg: Oxygen Saturation, Garcia & Gordon [umol/kg]
# name 16 = sbeox0PS: Oxygen, SBE 43 [% saturation]
# name 17 = flag:  0.000e+00
# span 0 =   40.55640,   40.55654       
# span 1 =  -72.44950,  -72.44932       
# span 2 =      1.416,     41.247       
# span 3 =      1.405,     40.925       
# span 4 =    10.0282,    21.4248       
# span 5 =    31.7326,    32.5518       
# span 6 =      7.880,      8.213       
# span 7 =    -0.0255,     1.4653       
# span 8 = 1.6880e-11, 5.4693e+01       
# span 9 =  1021.9724,  1024.8985       
# span 10 =    10.0236,    21.4243      
# span 11 =    21.9524,    24.7089      
# span 12 =     6.9757,     9.4908      
# span 13 =    212.743,    289.601      
# span 14 =    7.34186,    9.19025      
# span 15 =  224.50372,  280.28874      
# span 16 =     75.960,    115.456      
# span 17 = 0.0000e+00, 0.0000e+00      
# interval = seconds: 0.0416667
# start_time = Sep 14 2024 02:55:00 [System UTC, first data scan.]
# bad_flag = -9.990e-29
*END*
[from data line 5789]
   40.55650  -72.44942     19.227     19.077    20.8251    31.9853      8.157     0.0819 1.6880e-11  1022.3332    20.8215    22.2469     7.1203    217.675    7.40088  226.25331     96.209 0.0000e+00
   40.55650  -72.44942     19.206     19.057    20.8252    31.9855      8.157     0.0685 1.6880e-11  1022.3346    20.8216    22.2479     7.1254    217.833    7.40032  226.23687     96.285 0.0000e+00
   40.55650  -72.44942     19.174     19.025    20.8303    31.9826      8.157     0.0685 1.6880e-11  1022.3246    20.8268    22.2461     7.1224    217.742    7.39979  226.22122     96.252 0.0000e+00
   40.55650  -72.44942     19.165     19.016    20.8209    31.9847      8.157     0.0685 1.6880e-11  1022.3271    20.8174    22.2493     7.1239    217.786    7.39944  226.21083     96.276 0.0000e+00
   40.55650  -72.44942     19.134     18.986    20.8048    31.9925      8.157     0.0819 1.6880e-11  1022.3450    20.8012    22.2573     7.1212    217.705    7.39913  226.20182     96.244 0.0000e+00
   40.55650  -72.44942     19.114     18.965    20.8087    31.9966      8.157     0.0685 1.6880e-11  1022.3483    20.8051    22.2605     7.1270    217.882    7.39901  226.19874     96.323 0.0000e+00
   40.55650  -72.44942     19.094     18.946    20.8190    31.9944      8.157     0.0819 1.6880e-11  1022.3372    20.8155    22.2578     7.1245    217.807    7.39922  226.20529     96.287 0.0000e+00
   40.55650  -72.44942     19.083     18.935    20.8164    31.9923      8.157     0.0685 1.6880e-11  1022.3381    20.8128    22.2559     7.1262    217.858    7.39970  226.21945     96.304 0.0000e+00
   40.55650  -72.44942     19.044     18.896    20.8183    31.9935      8.157     0.0685 1.6880e-11  1022.3361    20.8148    22.2577     7.1242    217.797    7.40026  226.23683     96.269 0.0000e+00
   40.55650  -72.44942     19.032     18.885    20.8062    31.9997      8.157     0.0685 1.6880e-11  1022.3439    20.8026    22.2650     7.1305    217.990    7.40102  226.25947     96.345 0.0000e+00
   40.55650  -72.44942     19.013     18.866    20.7873    32.0111      8.157     0.0819 1.6880e-11  1022.3596    20.7838    22.2777     7.1281    217.915    7.40120  226.26395     96.310 0.0000e+00
   40.55650  -72.44942     18.983     18.836    20.7704    32.0232 -9.990e-29     0.0819 1.6880e-11  1022.3767    20.7669    22.2902     7.1291    217.946    7.40089  226.25416     96.328 0.0000e+00
   40.55650  -72.44942     18.962     18.815    20.7660    32.0318 -9.990e-29     0.0685 1.6880e-11  1022.3812    20.7625    22.2982     7.1299    217.968    7.40041  226.23951     96.344 0.0000e+00
   40.55650  -72.44942     18.942     18.795    20.7674    32.0372 -9.990e-29     0.0685 1.6880e-11  1022.3873    20.7639    22.3012     7.1304    217.985    7.39990  226.22441     96.358 0.0000e+00
   40.55650  -72.44942     18.921     18.774    20.7864    32.0366 -9.990e-29     0.0685 1.6880e-11  1022.3845    20.7829    22.2970     7.1312    218.009    7.39947  226.21171     96.374 0.0000e+00
   40.55650  -72.44942     18.891     18.744    20.8113    32.0289 -9.990e-29     0.0551 1.6880e-11  1022.3656    20.8078    22.2868     7.1323    218.044    7.39920  226.20432     96.392 0.0000e+00
   40.55650  -72.44942     18.881     18.735    20.8169    32.0212 -9.990e-29     0.0551 1.6880e-11  1022.3569    20.8134    22.2780     7.1332    218.074    7.39898  226.19769     96.408 0.0000e+00
   40.55650  -72.44942     18.849     18.703    20.8219    32.0174 -9.990e-29     0.0685 1.6880e-11  1022.3549    20.8184    22.2731     7.1344    218.110    7.39881  226.19295     96.427 0.0000e+00
   40.55650  -72.44942     18.830     18.684    20.8329    32.0160 -9.990e-29     0.0551 1.6880e-11  1022.3501    20.8294    22.2696     7.1354    218.142    7.39873  226.19059     96.442 0.0000e+00
   40.55650  -72.44942     18.810     18.664    20.8422    32.0157 -9.990e-29     0.0551 1.6880e-11  1022.3482    20.8387    22.2667     7.1367    218.180    7.39869  226.18979     96.459 0.0000e+00
   40.55650  -72.44942     18.789     18.643    20.8529    32.0166 -9.990e-29     0.0551 1.6880e-11  1022.3447    20.8494    22.2647     7.1377    218.210    7.39863  226.18786     96.473 0.0000e+00
   40.55650  -72.44942     18.770     18.624    20.8607    32.0168 -9.990e-29     0.0551 1.6880e-11  1022.3472    20.8572    22.2619     7.1389    218.247    7.39862  226.18774     96.489 0.0000e+00
   40.55650  -72.44942     18.749     18.604    20.8777    32.0120 -9.990e-29     0.0551 1.6880e-11  1022.3378    20.8742    22.2549     7.1398    218.274    7.39857  226.18606     96.502 0.0000e+00
   40.55650  -72.44942     18.728     18.583    20.8909    32.0031 -9.990e-29     0.0551 1.6880e-11  1022.3237    20.8874    22.2452     7.1408    218.306    7.39854  226.18529     96.517 0.0000e+00
   40.55650  -72.44942     18.708     18.563    20.8943    31.9952 -9.990e-29     0.0551 1.6880e-11  1022.3176    20.8908    22.2375     7.1416    218.330    7.39850  226.18436     96.527 0.0000e+00
   40.55650  -72.44942     18.698     18.553    20.8989    31.9898 -9.990e-29     0.0685 1.6880e-11  1022.3118    20.8954    22.2325     7.1428    218.368    7.39847  226.18329     96.545 0.0000e+00
   40.55650  -72.44942     18.677     18.533    20.8981    31.9866 -9.990e-29     0.0551 1.6880e-11  1022.3094    20.8946    22.2301     7.1439    218.399    7.39845  226.18285     96.559 0.0000e+00
   40.55650  -72.44942     18.657     18.512    20.8950    31.9863 -9.990e-29     0.0551 1.6880e-11  1022.3098    20.8915    22.2303     7.1446    218.421    7.39840  226.18133     96.569 0.0000e+00
   40.55650  -72.44942     18.636     18.492    20.8913    31.9881 -9.990e-29     0.0551 1.6880e-11  1022.3135    20.8878    22.2319     7.1454    218.447    7.39837  226.18047     96.581 0.0000e+00
   40.55650  -72.44942     18.626     18.482    20.8959    31.9897 -9.990e-29     0.0551 1.6880e-11  1022.3147    20.8924    22.2320     7.1419    218.341    7.39836  226.18019     96.534 0.0000e+00
   40.55650  -72.44942     18.617     18.472    20.9064    31.9891 -9.990e-29     0.0551 1.6880e-11  1022.3103    20.9029    22.2296     7.1466    218.485    7.39838  226.18109     96.597 0.0000e+00
   40.55650  -72.44942     18.596     18.452    20.9134    31.9869 -9.990e-29     0.0685 1.6880e-11  1022.3064    20.9099    22.2261     7.1474    218.507    7.39836  226.18057     96.607 0.0000e+00
   40.55650  -72.44942     18.576     18.431    20.9189    31.9839 -9.990e-29     0.0685 1.6880e-11  1022.3031    20.9154    22.2223     7.1439    218.400    7.39841  226.18219     96.560 0.0000e+00
   40.55650  -72.44942     18.566     18.422    20.9243    31.9801 -9.990e-29     0.0685 1.6880e-11  1022.2979    20.9208    22.2184     7.1440    218.406    7.39841  226.18225     96.562 0.0000e+00
   40.55650  -72.44942     18.556     18.412    20.9243    31.9762 -9.990e-29     0.0551 1.6880e-11  1022.2950    20.9208    22.2153     7.1444    218.416    7.39847  226.18440     96.565 0.0000e+00
   40.55650  -72.44942     18.545     18.401    20.9210    31.9731 -9.990e-29     0.0551 1.6880e-11  1022.2926    20.9175    22.2138     7.1447    218.426    7.39848  226.18466     96.570 0.0000e+00
   40.55650  -72.44942     18.536     18.392    20.9140    31.9726 -9.990e-29     0.0685 1.6880e-11  1022.2930    20.9105    22.2152     7.1451    218.439    7.39849  226.18547     96.575 0.0000e+00
   40.55650  -72.44942     18.515     18.371    20.9048    31.9760 -9.990e-29     0.0551 1.6880e-11  1022.2990    20.9013    22.2197     7.1409    218.311    7.39857  226.18804     96.517 0.0000e+00
   40.55650  -72.44942     18.505     18.362    20.8970    31.9822 -9.990e-29     0.0685 1.6880e-11  1022.3060    20.8936    22.2263     7.1451    218.440    7.39860  226.18943     96.574 -9.990e-29
   40.55650  -72.44942     18.505     18.362    20.8916    31.9892 -9.990e-29     0.0819 1.6880e-11  1022.3147    20.8881    22.2324     7.1411    218.317    7.39868  226.19240     96.518 -9.990e-29
   40.55650  -72.44942     18.485     18.341    20.8953    31.9938 -9.990e-29     0.0819 1.6880e-11  1022.3177    20.8918    22.2354     7.1411    218.319    7.39882  226.19704     96.517 0.0000e+00
   40.55650  -72.44942     18.453     18.310    20.9034    31.9945 -9.990e-29     0.0819 1.6880e-11  1022.3153    20.9000    22.2343     7.1413    218.324    7.39894  226.20169     96.518 0.0000e+00
   40.55650  -72.44942     18.424     18.281    20.9108    31.9924 -9.990e-29     0.0819 1.6880e-11  1022.3108    20.9073    22.2310     7.1416    218.336    7.39923  226.21138     96.519 -9.990e-29
   40.55650  -72.44942     18.445     18.302    20.9166    31.9892 -9.990e-29     0.0819 1.6880e-11  1022.3066    20.9131    22.2271     7.1376    218.213    7.39939  226.21643     96.462 -9.990e-29
   40.55650  -72.44942     18.475     18.332    20.9201    31.9865 -9.990e-29     0.0819 1.6880e-11  1022.3024    20.9166    22.2240     7.1373    218.205    7.39925  226.21182     96.460 -9.990e-29
   40.55650  -72.44942     18.505     18.362    20.9210    31.9856 -9.990e-29     0.0819 1.6880e-11  1022.3024    20.9175    22.2227     7.1375    218.208    7.39937  226.21545     96.460 -9.990e-29
   40.55650  -72.44942     18.526     18.382    20.9242    31.9863 -9.990e-29     0.0819 1.6880e-11  1022.3027    20.9207    22.2225     7.1381    218.227    7.39996  226.23318     96.461 -9.990e-29
   40.55650  -72.44942     18.494     18.351    20.9279    31.9869 -9.990e-29     0.0819 1.6880e-11  1022.3026    20.9244    22.2219     7.1391    218.259    7.40086  226.26105     96.463 -9.990e-29
   40.55650  -72.44942     18.494     18.351    20.9330    31.9865 -9.990e-29     0.0819 1.6880e-11  1022.3009    20.9295    22.2204     7.1398    218.282    7.40175  226.28863     96.462 -9.990e-29
   40.55650  -72.44942     18.505     18.362    20.9379    31.9849 -9.990e-29     0.0819 1.6880e-11  1022.2979    20.9344    22.2180     7.1410    218.316    7.40297  226.32622     96.461 -9.990e-29
   40.55650  -72.44942     18.536     18.392    20.9425    31.9831 -9.990e-29     0.0819 1.6880e-11  1022.2953    20.9390    22.2155     7.1423    218.356    7.40397  226.35455     96.466 -9.990e-29
   40.55650  -72.44942     18.556     18.412    20.9457    31.9814 -9.990e-29     0.0954 1.6880e-11  1022.2933    20.9422    22.2132     7.1422    218.350    7.40375  226.34568     96.468 -9.990e-29
   40.55650  -72.44942     18.576     18.431    20.9485    31.9796 -9.990e-29     0.0819 1.6880e-11  1022.2914    20.9450    22.2112     7.1421    218.347    7.40347  226.33580     96.470 -9.990e-29
   40.55650  -72.44942     18.576     18.431    20.9500    31.9780 -9.990e-29     0.0819 1.6880e-11  1022.2893    20.9466    22.2097     7.1374    218.202    7.40321  226.32781     96.410 -9.990e-29
   40.55650  -72.44942     18.587     18.442    20.9488    31.9770 -9.990e-29     0.0819 1.6880e-11  1022.2889    20.9453    22.2093     7.1372    218.195    7.40298  226.32136     96.409 -9.990e-29
   40.55650  -72.44942     18.647     18.502    20.9451    31.9764 -9.990e-29     0.0819 1.6880e-11  1022.2906    20.9416    22.2096     7.1416    218.331    7.40337  226.33348     96.464 -9.990e-29
   40.55650  -72.44942     18.677     18.533    20.9417    31.9761 -9.990e-29     0.0819 1.6880e-11  1022.2899    20.9382    22.2104     7.1378    218.213    7.40382  226.34662     96.407 -9.990e-29
   40.55650  -72.44942     18.647     18.502    20.9356    31.9774 -9.990e-29     0.0954 1.6880e-11  1022.2923    20.9321    22.2125     7.1420    218.341    7.40420  226.35792     96.458 -9.990e-29
   40.55650  -72.44942     18.566     18.422    20.9326    31.9805 -9.990e-29     0.0819 1.6880e-11  1022.2967    20.9291    22.2155     7.1381    218.221    7.40446  226.36555     96.402 -9.990e-29
   40.55650  -72.44942     18.526     18.382    20.9338    31.9832 -9.990e-29     0.0819 1.6880e-11  1022.2987    20.9304    22.2174     7.1375    218.206    7.40437  226.36369     96.396 -9.990e-29
   40.55650  -72.44942     18.515     18.371    20.9372    31.9840 -9.990e-29     0.0819 1.6880e-11  1022.2982    20.9337    22.2172     7.1374    218.204    7.40464  226.37277     96.391 -9.990e-29
   40.55650  -72.44942     18.505     18.362    20.9416    31.9830 -9.990e-29     0.0819 1.6880e-11  1022.2956    20.9381    22.2154     7.1373    218.199    7.40478  226.37749     96.387 -9.990e-29
   40.55650  -72.44942     18.515     18.371    20.9455    31.9810 -9.990e-29     0.0819 1.6880e-11  1022.2931    20.9420    22.2130     7.1372    218.199    7.40504  226.38544     96.384 -9.990e-29
   40.55650  -72.44942     18.515     18.371    20.9483    31.9790 -9.990e-29     0.0819 1.6880e-11  1022.2903    20.9448    22.2107     7.1378    218.215    7.40579  226.40841     96.381 -9.990e-29
   40.55650  -72.44942     18.526     18.382    20.9504    31.9774 -9.990e-29     0.0685 1.6880e-11  1022.2888    20.9469    22.2089     7.1385    218.236    7.40669  226.43498     96.379 -9.990e-29
   40.55650  -72.44942     18.536     18.392    20.9520    31.9761 -9.990e-29     0.0685 1.6880e-11  1022.2876    20.9485    22.2075     7.1388    218.244    7.40709  226.44635     96.378 -9.990e-29
   40.55650  -72.44942     18.515     18.371    20.9531    31.9750 -9.990e-29     0.0819 1.6880e-11  1022.2862    20.9496    22.2063     7.1385    218.235    7.40680  226.43705     96.378 -9.990e-29
   40.55650  -72.44942     18.526     18.382    20.9536    31.9742 -9.990e-29     0.0819 1.6880e-11  1022.2854    20.9501    22.2056     7.1382    218.225    7.40640  226.42556     96.378 -9.990e-29
   40.55650  -72.44942     18.525     18.381    20.9541    31.9738 -9.990e-29     0.0819 1.6880e-11  1022.2852    20.9506    22.2051     7.1342    218.105    7.40674  226.43648     96.321 -9.990e-29
   40.55650  -72.44942     18.536     18.392    20.9543    31.9736 -9.990e-29     0.0685 1.6880e-11  1022.2849    20.9508    22.2048     7.1391    218.254    7.40746  226.45809     96.377 -9.990e-29
   40.55650  -72.44942     18.545     18.401    20.9546    31.9734 -9.990e-29     0.0685 1.6880e-11  1022.2850    20.9511    22.2046     7.1351    218.130    7.40757  226.46114     96.321 -9.990e-29
   40.55650  -72.44942     18.556     18.412    20.9550    31.9731 -9.990e-29     0.0685 1.6880e-11  1022.2846    20.9515    22.2043     7.1391    218.255    7.40728  226.45329     96.380 -9.990e-29
   40.55650  -72.44942     18.536     18.392    20.9555    31.9726 -9.990e-29     0.0685 1.6880e-11  1022.2837    20.9520    22.2038     7.1352    218.137    7.40738  226.45739     96.326 -9.990e-29
   40.55650  -72.44942     18.545     18.401    20.9557    31.9723 -9.990e-29     0.0685 1.6880e-11  1022.2839    20.9522    22.2035     7.1359    218.159    7.40804  226.47770     96.327 -9.990e-29
   40.55650  -72.44942     18.536     18.392    20.9561    31.9721 -9.990e-29     0.0819 1.6880e-11  1022.2832    20.9526    22.2033     7.1369    218.186    7.40886  226.50117     96.329 -9.990e-29
   40.55650  -72.44942     18.545     18.401    20.9564    31.9718 -9.990e-29     0.0819 1.6880e-11  1022.2832    20.9529    22.2030     7.1370    218.190    7.40875  226.49689     96.332 -9.990e-29
   40.55650  -72.44942     18.536     18.392    20.9568    31.9714 -9.990e-29     0.0685 1.6880e-11  1022.2828    20.9533    22.2026     7.1372    218.197    7.40865  226.49475     96.336 -9.990e-29
   40.55650  -72.44942     18.526     18.382    20.9571    31.9708 -9.990e-29     0.0819 1.6880e-11  1022.2821    20.9536    22.2021     7.1382    218.228    7.40931  226.51496     96.342 -9.990e-29
   40.55650  -72.44942     18.494     18.351    20.9571    31.9702 -9.990e-29     0.0685 1.6880e-11  1022.2815    20.9536    22.2015     7.1393    218.262    7.41037  226.54717     96.343 -9.990e-29
   40.55650  -72.44942     18.505     18.362    20.9574    31.9696 -9.990e-29     0.0819 1.6880e-11  1022.2810    20.9540    22.2010     7.1409    218.309    7.41147  226.58008     96.350 -9.990e-29
