CalculateIndicators/WaterTemperature/Data/CTD_NYOS/20240914_C24.cnv
* Sea-Bird SBE 9 Data File:
* FileName = C:\Seabird 9 CTD\Data\2024\202409_offshore\20240914_C24.hex
* Software Version Seasave V 7.23.2
* Temperature SN = 4590
* Conductivity SN = 3228
* Number of Bytes Per Scan = 44
* Number of Voltage Words = 5
* Number of Scans Averaged by the Deck Unit = 1
* NMEA Latitude = 40 09.14 N
* NMEA Longitude = 072 10.44 W
* NMEA UTC (Time) = Sep 14 2024  08:19:29
* NMEA baud rate = 4800
** Ship: Seawolf
** Station: 10.4
** Operator: TCM
# nquan = 18
# nvalues = 15106                       
# units = specified
# name 0 = latitude: Latitude [deg]
# name 1 = longitude: Longitude [deg]
# name 2 = prDM: Pressure, Digiquartz [db]
# name 3 = depSM: Depth [salt water, m]
# name 4 = t090C: Temperature [ITS-90, deg C]
# name 5 = sal00: Salinity, Practical [PSU]
# name 6 = ph: pH
# name 7 = flECO-AFL: Fluorescence, WET Labs ECO-AFL/FL [mg/m^3]
# name 8 = cpar: CPAR/Corrected Irradiance [%]
# name 9 = density00: Density [density, kg/m^3]
# name 10 = potemp090C: Potential Temperature [ITS-90, deg C]
# name 11 = sigma-é00: Density [sigma-theta, kg/m^3]
# name 12 = sbeox0Mg/L: Oxygen, SBE 43 [mg/l]
# name 13 = sbox0Mm/Kg: Oxygen, SBE 43 [umol/kg]
# name 14 = oxsolMg/L: Oxygen Saturation, Garcia & Gordon [mg/l]
# name 15 = oxsolMm/Kg: Oxygen Saturation, Garcia & Gordon [umol/kg]
# name 16 = sbeox0PS: Oxygen, SBE 43 [% saturation]
# name 17 = flag:  0.000e+00
# span 0 =   40.15232,   40.15276       
# span 1 =  -72.17596,  -72.17400       
# span 2 =      1.729,     65.904       
# span 3 =      1.716,     65.388       
# span 4 =     9.7255,    22.0942       
# span 5 =    32.0940,    33.9351       
# span 6 =      7.897,      8.227       
# span 7 =    -0.0389,     0.4714       
# span 8 = 1.6880e-11, 9.9999e+04       
# span 9 =  1022.4429,  1026.1444       
# span 10 =     9.7203,    22.0918      
# span 11 =    22.4424,    25.8496      
# span 12 =     6.1306,     8.3493      
# span 13 =    186.755,    254.710      
# span 14 =    7.18491,    9.20779      
# span 15 =  219.47515,  280.65271      
# span 16 =     69.410,    108.234      
# span 17 = 0.0000e+00, 0.0000e+00      
# interval = seconds: 0.0416667
# start_time = Sep 14 2024 08:19:31 [System UTC, first data scan.]
# bad_flag = -9.990e-29
*END*
[from data line 2734]
   40.15252  -72.17452     50.835     50.438    10.6783    33.2033      7.970     0.0148 9.9999e+04  1025.6631    10.6723    25.4343     6.7301    205.099    8.99713  274.18525     74.803 0.0000e+00
   40.15252  -72.17452     50.840     50.444    10.6773    33.2040      7.970     0.0148 9.9999e+04  1025.6640    10.6713    25.4350     6.7279    205.030    8.99731  274.19061     74.776 0.0000e+00
   40.15252  -72.17452     50.851     50.455    10.6768    33.2042      7.970     0.0148 9.9999e+04  1025.6647    10.6708    25.4352     6.7257    204.965    8.99750  274.19620     74.751 0.0000e+00
   40.15252  -72.17452     50.872     50.475    10.6764    33.2033      7.970     0.0148 9.9999e+04  1025.6640    10.6704    25.4347     6.7286    205.052    8.99761  274.19986     74.782 0.0000e+00
   40.15252  -72.17452     50.882     50.485    10.6753    33.2018      7.970     0.0148 9.9999e+04  1025.6623    10.6693    25.4337     6.7267    204.994    8.99779  274.20489     74.759 -9.990e-29
   40.15252  -72.17452     50.882     50.485    10.6731    33.2009      7.970     0.0148 9.9999e+04  1025.6617    10.6672    25.4333     6.7192    204.764    8.99781  274.20546     74.676 -9.990e-29
   40.15252  -72.17452     50.922     50.525    10.6703    33.2011      7.970     0.0148 9.9999e+04  1025.6629    10.6643    25.4340     6.7217    204.841    8.99785  274.20655     74.703 -9.990e-29
   40.15252  -72.17452     50.922     50.525    10.6677    33.2022      7.970     0.0148 9.9999e+04  1025.6643    10.6617    25.4353     6.7195    204.775    8.99795  274.20956     74.678 -9.990e-29
   40.15252  -72.17452     50.933     50.536    10.6655    33.2039      7.970     0.0148 9.9999e+04  1025.6660    10.6595    25.4370     6.7167    204.689    8.99792  274.20860     74.647 0.0000e+00
   40.15252  -72.17452     50.947     50.549    10.6634    33.2060      7.970     0.0148 9.9999e+04  1025.6684    10.6574    25.4390     6.7085    204.439    8.99798  274.21037     74.556 0.0000e+00
   40.15252  -72.17452     50.954     50.556    10.6620    33.2080      7.970     0.0148 9.9999e+04  1025.6703    10.6561    25.4408     6.7104    204.496    8.99800  274.21089     74.576 0.0000e+00
   40.15252  -72.17452     50.973     50.575    10.6606    33.2096      7.970     0.0148 9.9999e+04  1025.6717    10.6546    25.4422     6.7076    204.413    8.99811  274.21440     74.545 0.0000e+00
   40.15252  -72.17452     50.984     50.586    10.6596    33.2108      7.970     0.0148 9.9999e+04  1025.6733    10.6536    25.4433     6.7044    204.314    8.99820  274.21734     74.508 0.0000e+00
   40.15252  -72.17452     50.994     50.596    10.6597    33.2117      7.970     0.0148 9.9999e+04  1025.6735    10.6538    25.4440     6.7015    204.226    8.99838  274.22317     74.474 0.0000e+00
   40.15252  -72.17452     51.014     50.617    10.6604    33.2126      7.970     0.0148 9.9999e+04  1025.6742    10.6544    25.4446     6.7048    204.326    8.99881  274.23686     74.507 -9.990e-29
   40.15252  -72.17452     51.014     50.617    10.6606    33.2130      7.970     0.0148 9.9999e+04  1025.6753    10.6546    25.4449     6.6971    204.094    8.99946  274.25701     74.417 -9.990e-29
   40.15252  -72.17452     51.035     50.637    10.6606    33.2122      7.970     0.0148 9.9999e+04  1025.6746    10.6546    25.4442     6.6940    203.998    8.99998  274.27224     74.378 0.0000e+00
   40.15252  -72.17452     51.056     50.658    10.6604    33.2103      7.970     0.0148 9.9999e+04  1025.6723    10.6544    25.4428     6.6902    203.880    9.00022  274.27894     74.333 0.0000e+00
   40.15252  -72.17452     51.065     50.667    10.6597    33.2089      7.970     0.0148 9.9999e+04  1025.6711    10.6538    25.4419     6.6930    203.966    9.00035  274.28253     74.363 0.0000e+00
   40.15252  -72.17452     51.070     50.671    10.6594    33.2089      7.970     0.0148 9.9999e+04  1025.6713    10.6534    25.4420     6.6848    203.717    9.00047  274.28610     74.272 0.0000e+00
   40.15252  -72.17452     51.096     50.697    10.6586    33.2104      7.970     0.0148 9.9999e+04  1025.6726    10.6526    25.4432     6.6813    203.609    9.00069  274.29272     74.231 0.0000e+00
   40.15252  -72.17452     51.107     50.708    10.6584    33.2134      7.970     0.0148 9.9999e+04  1025.6750    10.6524    25.4455     6.6781    203.512    9.00086  274.29790     74.194 0.0000e+00
   40.15252  -72.17452     51.117     50.718    10.6591    33.2171      7.970     0.0148 9.9999e+04  1025.6793    10.6531    25.4483     6.6746    203.407    9.00108  274.30475     74.154 0.0000e+00
   40.15252  -72.17452     51.147     50.748    10.6612    33.2195      7.970     0.0148 9.9999e+04  1025.6812    10.6552    25.4499     6.6716    203.316    9.00137  274.31330     74.118 -9.990e-29
   40.15252  -72.17452     51.147     50.748    10.6630    33.2194      7.970     0.0148 9.9999e+04  1025.6806    10.6570    25.4496     6.6683    203.213    9.00157  274.31898     74.079 -9.990e-29
   40.15252  -72.17452     51.168     50.769    10.6645    33.2177      7.970     0.0148 9.9999e+04  1025.6779    10.6585    25.4480     6.6653    203.121    9.00163  274.32058     74.045 0.0000e+00
   40.15252  -72.17452     51.188     50.789    10.6638    33.2161      7.970     0.0148 9.9999e+04  1025.6765    10.6578    25.4467     6.6676    203.192    9.00165  274.32073     74.071 -9.990e-29
   40.15252  -72.17452     51.188     50.789    10.6637    33.2160      7.970     0.0416 9.9999e+04  1025.6762    10.6577    25.4466     6.6651    203.115    9.00122  274.30607     74.047 -9.990e-29
   40.15252  -72.17452     51.219     50.819    10.6635    33.2182      7.970     0.0416 9.9999e+04  1025.6779    10.6575    25.4484     6.6621    203.021    9.00045  274.28098     74.019 -9.990e-29
   40.15252  -72.17452     51.219     50.819    10.6637    33.2227      7.970     0.0416 9.9999e+04  1025.6819    10.6577    25.4518     6.6535    202.757    8.99916  274.23941     73.934 -9.990e-29
   40.15252  -72.17452     51.249     50.849    10.6654    33.2281      7.970     0.0416 9.9999e+04  1025.6872    10.6593    25.4558     6.6495    202.635    8.99779  274.19596     73.901 -9.990e-29
   40.15252  -72.17452     51.244     50.844    10.6677    33.2321      7.970     0.0416 9.9999e+04  1025.6904    10.6616    25.4585     6.6454    202.509    8.99656  274.15842     73.866 -9.990e-29
   40.15252  -72.17452     51.291     50.891    10.6699    33.2335      7.970     0.0416 9.9999e+04  1025.6912    10.6639    25.4592     6.6422    202.414    8.99584  274.13732     73.837 -9.990e-29
   40.15252  -72.17452     51.291     50.891    10.6720    33.2322      7.970     0.0416 9.9999e+04  1025.6896    10.6659    25.4580     6.6452    202.507    8.99598  274.14437     73.869 -9.990e-29
   40.15252  -72.17452     51.300     50.900    10.6728    33.2290      7.970     0.0416 9.9999e+04  1025.6866    10.6667    25.4554     6.6385    202.304    8.99656  274.16378     73.789 0.0000e+00
   40.15252  -72.17452     51.321     50.921    10.6725    33.2255      7.970     0.0416 9.9999e+04  1025.6825    10.6664    25.4526     6.6354    202.209    8.99656  274.16313     73.755 0.0000e+00
   40.15252  -72.17452     51.342     50.941    10.6715    33.2235      7.970     0.0416 9.9999e+04  1025.6816    10.6654    25.4512     6.6326    202.124    8.99623  274.15253     73.727 0.0000e+00
   40.15252  -72.17452     51.351     50.951    10.6711    33.2233      7.970     0.0416 9.9999e+04  1025.6820    10.6650    25.4512     6.6298    202.037    8.99601  274.14603     73.697 0.0000e+00
   40.15252  -72.17452     51.372     50.971    10.6710    33.2242      7.970     0.0416 9.9999e+04  1025.6826    10.6649    25.4519     6.6275    201.966    8.99572  274.13637     73.674 0.0000e+00
   40.15252  -72.17452     51.393     50.992    10.6708    33.2255      7.970     0.0416 9.9999e+04  1025.6848    10.6648    25.4529     6.6246    201.878    8.99486  274.10838     73.649 0.0000e+00
   40.15252  -72.17452     51.402     51.002    10.6711    33.2262      7.970     0.0416 9.9999e+04  1025.6851    10.6651    25.4534     6.6157    201.605    8.99363  274.06926     73.560 0.0000e+00
   40.15252  -72.17452     51.433     51.032    10.6706    33.2260      7.975     0.0416 9.9999e+04  1025.6849    10.6646    25.4534     6.6177    201.665    8.99203  274.01828     73.596 0.0000e+00
   40.15252  -72.17452     51.444     51.043    10.6701    33.2258      7.970     0.0416 9.9999e+04  1025.6846    10.6641    25.4533     6.6148    201.575    8.99050  273.97056     73.575 0.0000e+00
   40.15252  -72.17452     51.465     51.063    10.6692    33.2258      7.975     0.0416 9.9999e+04  1025.6850    10.6632    25.4534     6.6064    201.320    8.98938  273.93678     73.491 0.0000e+00
   40.15252  -72.17452     51.495     51.093    10.6686    33.2258      7.975     0.0416 9.9999e+04  1025.6856    10.6626    25.4535     6.6037    201.238    8.98836  273.90586     73.470 -9.990e-29
   40.15252  -72.17454     51.495     51.093    10.6685    33.2256      7.970     0.0416 9.9999e+04  1025.6851    10.6625    25.4533     6.6008    201.148    8.98705  273.86484     73.448 -9.990e-29
   40.15252  -72.17454     51.514     51.112    10.6678    33.2253      7.970     0.0416 9.9999e+04  1025.6849    10.6618    25.4533     6.5977    201.053    8.98554  273.81810     73.426 0.0000e+00
   40.15252  -72.17454     51.535     51.133    10.6665    33.2255      7.970     0.0416 9.9999e+04  1025.6855    10.6604    25.4536     6.5948    200.963    8.98428  273.77982     73.403 0.0000e+00
   40.15252  -72.17454     51.556     51.154    10.6655    33.2258      7.975     0.0416 9.9999e+04  1025.6861    10.6595    25.4540     6.5919    200.876    8.98318  273.74715     73.380 0.0000e+00
   40.15252  -72.17454     51.565     51.163    10.6645    33.2260      7.970     0.0416 9.9999e+04  1025.6866    10.6585    25.4543     6.5900    200.821    8.98248  273.72663     73.366 0.0000e+00
   40.15252  -72.17454     51.586     51.184    10.6637    33.2258      7.970     0.0416 9.9999e+04  1025.6865    10.6576    25.4543     6.5883    200.768    8.98189  273.70890     73.351 0.0000e+00
   40.15252  -72.17454     51.590     51.188    10.6632    33.2258      7.970     0.0282 9.9999e+04  1025.6863    10.6571    25.4544     6.5866    200.715    8.98128  273.69069     73.337 0.0000e+00
   40.15252  -72.17454     51.616     51.214    10.6620    33.2261      7.970     0.0148 9.9999e+04  1025.6874    10.6560    25.4548     6.5912    200.858    8.98072  273.67371     73.393 0.0000e+00
   40.15252  -72.17454     51.637     51.234    10.6619    33.2265      7.970     0.0148 9.9999e+04  1025.6876    10.6558    25.4552     6.5853    200.677    8.98010  273.65465     73.332 0.0000e+00
   40.15252  -72.17454     51.648     51.245    10.6615    33.2269      7.970     0.0148 9.9999e+04  1025.6881    10.6555    25.4556     6.5834    200.618    8.97922  273.62690     73.318 0.0000e+00
   40.15252  -72.17454     51.658     51.255    10.6609    33.2272      7.970     0.0148 9.9999e+04  1025.6886    10.6548    25.4559     6.5819    200.570    8.97787  273.58377     73.312 0.0000e+00
   40.15252  -72.17454     51.688     51.285    10.6611    33.2275      7.970     0.0148 -9.990e-29  1025.6887    10.6550    25.4561     6.5800    200.511    8.97601  273.52470     73.306 0.0000e+00
   40.15252  -72.17454     51.699     51.296    10.6606    33.2277      7.970     0.0148 -9.990e-29  1025.6893    10.6545    25.4563     6.5777    200.440    8.97363  273.44972     73.301 0.0000e+00
   40.15252  -72.17454     51.719     51.315    10.6606    33.2275      7.970     0.0148 -9.990e-29  1025.6892    10.6545    25.4563     6.5746    200.343    8.97106  273.36962     73.287 0.0000e+00
   40.15252  -72.17454     51.730     51.326    10.6602    33.2269      7.970     0.0148 -9.990e-29  1025.6887    10.6541    25.4559     6.5723    200.275    8.96874  273.29913     73.281 0.0000e+00
   40.15252  -72.17454     51.750     51.347    10.6599    33.2260      7.970     0.0148 -9.990e-29  1025.6884    10.6538    25.4552     6.5706    200.223    8.96701  273.24738     73.275 0.0000e+00
   40.15252  -72.17454     51.770     51.366    10.6594    33.2244      7.970     0.0148 -9.990e-29  1025.6874    10.6533    25.4541     6.5635    200.007    8.96555  273.20421     73.208 0.0000e+00
   40.15252  -72.17454     51.790     51.386    10.6581    33.2224      7.970     0.0148 -9.990e-29  1025.6854    10.6520    25.4528     6.5616    199.949    8.96439  273.16955     73.196 -9.990e-29
   40.15252  -72.17454     51.790     51.386    10.6553    33.2214      7.970     0.0148 -9.990e-29  1025.6844    10.6492    25.4525     6.5551    199.752    8.96356  273.14537     73.130 -9.990e-29
   40.15252  -72.17454     51.821     51.417    10.6519    33.2222      7.970     0.0148 -9.990e-29  1025.6868    10.6458    25.4536     6.5588    199.864    8.96302  273.12946     73.176 0.0000e+00
   40.15252  -72.17454     51.832     51.428    10.6501    33.2238      7.970     0.0148 -9.990e-29  1025.6887    10.6440    25.4552     6.5520    199.658    8.96250  273.11444     73.104 0.0000e+00
   40.15252  -72.17454     51.842     51.437    10.6491    33.2251      7.970     0.0148 1.6880e-11  1025.6899    10.6430    25.4563     6.5559    199.779    8.96214  273.10368     73.151 0.0000e+00
   40.15252  -72.17454     51.862     51.458    10.6483    33.2257      7.970     0.0148 1.6880e-11  1025.6906    10.6422    25.4570     6.5556    199.767    8.96149  273.08326     73.153 0.0000e+00
   40.15252  -72.17454     51.883     51.478    10.6472    33.2259      7.970     0.0148 1.6880e-11  1025.6909    10.6411    25.4573     6.5544    199.730    8.96058  273.05463     73.146 0.0000e+00
   40.15252  -72.17454     51.893     51.488    10.6462    33.2259      7.976     0.0148 1.6880e-11  1025.6914    10.6401    25.4576     6.5532    199.696    8.95975  273.02930     73.141 0.0000e+00
   40.15252  -72.17454     51.913     51.508    10.6453    33.2259      7.970     0.0148 1.6880e-11  1025.6910    10.6392    25.4578     6.5524    199.671    8.95921  273.01329     73.136 0.0000e+00
   40.15252  -72.17454     51.923     51.518    10.6435    33.2266      7.970     0.0148 1.6880e-11  1025.6920    10.6374    25.4585     6.5517    199.650    8.95875  272.99933     73.132 0.0000e+00
   40.15252  -72.17454     51.944     51.539    10.6420    33.2277      7.970     0.0148 1.6880e-11  1025.6936    10.6359    25.4595     6.5452    199.451    8.95794  272.97386     73.066 0.0000e+00
   40.15252  -72.17454     51.964     51.559    10.6416    33.2293      7.970     0.0148 1.6880e-11  1025.6942    10.6355    25.4609     6.5433    199.391    8.95663  272.93207     73.055 0.0000e+00
   40.15252  -72.17454     51.974     51.569    10.6409    33.2325      7.970     0.0148 1.6880e-11  1025.6959    10.6348    25.4635     6.5409    199.317    8.95457  272.86646     73.046 0.0000e+00
   40.15252  -72.17454     52.006     51.600    10.6410    33.2386      7.970     0.0013 1.6880e-11  1025.7015    10.6349    25.4682     6.5388    199.249    8.95177  272.77785     73.045 0.0000e+00
   40.15252  -72.17454     52.016     51.610    10.6424    33.2472      7.970     0.0013 1.6880e-11  1025.7082    10.6362    25.4746     6.5369    199.191    8.94915  272.69781     73.045 0.0000e+00
   40.15252  -72.17454     52.036     51.630    10.6456    33.2565      7.970     0.0013 1.6880e-11  1025.7168    10.6395    25.4813     6.5356    199.154    8.94726  272.64181     73.046 0.0000e+00
   40.15252  -72.17454     52.057     51.651    10.6501    33.2635      7.970     0.0013 1.6880e-11  1025.7228    10.6440    25.4860     6.5342    199.113    8.94600  272.60516     73.041 -9.990e-29
   40.15252  -72.17454     52.057     51.651    10.6559    33.2656      7.970     0.0013 1.6880e-11  1025.7232    10.6498    25.4868     6.5276    198.913    8.94509  272.57898     72.974 -9.990e-29
