CalculateIndicators/WaterTemperature/Data/CTD_NYOS/20240710_24.cnv
* Sea-Bird SBE 9 Data File:
* FileName = C:\Seabird 9 CTD\Data\2024\202407_offshore\20240710_24.hex
* Software Version Seasave V 7.23.2
* Temperature SN = 4590
* Conductivity SN = 3228
* Number of Bytes Per Scan = 44
* Number of Voltage Words = 5
* Number of Scans Averaged by the Deck Unit = 1
* NMEA Latitude = 40 41.26 N
* NMEA Longitude = 072 03.63 W
* NMEA UTC (Time) = Jul 10 2024  21:31:42
* NMEA baud rate = 4800
** Ship: seawolf
** Station: 11.2
** Operator: TCM
# nquan = 18
# nvalues = 11145                       
# units = specified
# name 0 = latitude: Latitude [deg]
# name 1 = longitude: Longitude [deg]
# name 2 = prDM: Pressure, Digiquartz [db]
# name 3 = depSM: Depth [salt water, m]
# name 4 = t090C: Temperature [ITS-90, deg C]
# name 5 = sal00: Salinity, Practical [PSU]
# name 6 = ph: pH
# name 7 = flECO-AFL: Fluorescence, WET Labs ECO-AFL/FL [mg/m^3]
# name 8 = cpar: CPAR/Corrected Irradiance [%]
# name 9 = density00: Density [density, kg/m^3]
# name 10 = potemp090C: Potential Temperature [ITS-90, deg C]
# name 11 = sigma-é00: Density [sigma-theta, kg/m^3]
# name 12 = sbeox0Mg/L: Oxygen, SBE 43 [mg/l]
# name 13 = sbox0Mm/Kg: Oxygen, SBE 43 [umol/kg]
# name 14 = oxsolMg/L: Oxygen Saturation, Garcia & Gordon [mg/l]
# name 15 = oxsolMm/Kg: Oxygen Saturation, Garcia & Gordon [umol/kg]
# name 16 = sbeox0PS: Oxygen, SBE 43 [% saturation]
# name 17 = flag:  0.000e+00
# span 0 =   40.68778,   40.68904       
# span 1 =  -72.06056,  -72.05938       
# span 2 =      1.644,     45.051       
# span 3 =      1.631,     44.698       
# span 4 =     7.1443,    23.5134       
# span 5 =    29.7469,    32.2937       
# span 6 =      7.879,      8.165       
# span 7 =     0.0013,     2.5667       
# span 8 = 2.3624e-03, 1.2817e+02       
# span 9 =  1020.2797,  1025.1716       
# span 10 =     7.1403,    23.5130      
# span 11 =    20.2712,    24.9798      
# span 12 =     7.5920,    10.8091      
# span 13 =    231.485,    329.751      
# span 14 =    7.12936,    9.81378      
# span 15 =  218.34761,  299.21610      
# span 16 =     77.511,    118.480      
# span 17 = 0.0000e+00, 0.0000e+00      
# interval = seconds: 0.0416667
# start_time = Jul 10 2024 21:31:42 [System UTC, first data scan.]
# bad_flag = -9.990e-29
*END*
[from data line 7558]
   40.68870  -72.05974      7.492      7.434    23.4773    30.4803      7.947     1.0624 3.7579e+00  1020.4077    23.4757    20.3750     7.8148    239.338    7.13527  218.52715    109.523 -9.990e-29
   40.68870  -72.05974      7.482      7.424    23.4764    30.4803      7.951     1.0624 3.7649e+00  1020.4073    23.4748    20.3750     7.8107    239.212    7.13555  218.53612    109.461 -9.990e-29
   40.68870  -72.05974      7.482      7.424    23.4751    30.4796      7.947     1.0624 3.7755e+00  1020.4067    23.4736    20.3749     7.8150    239.344    7.13588  218.54648    109.516 -9.990e-29
   40.68870  -72.05974      7.473      7.415    23.4731    30.4792      7.947     1.0624 3.8075e+00  1020.4073    23.4716    20.3751     7.8154    239.359    7.13627  218.55811    109.517 -9.990e-29
   40.68870  -72.05974      7.455      7.397    23.4715    30.4792      7.947     1.0624 3.8075e+00  1020.4073    23.4700    20.3754     7.8161    239.378    7.13650  218.56486    109.523 -9.990e-29
   40.68870  -72.05974      7.452      7.394    23.4701    30.4792      7.947     1.0624 3.8182e+00  1020.4076    23.4686    20.3759     7.8164    239.386    7.13669  218.57007    109.524 -9.990e-29
   40.68870  -72.05974      7.441      7.384    23.4687    30.4798      7.947     1.0490 3.8361e+00  1020.4087    23.4672    20.3769     7.8165    239.391    7.13674  218.57126    109.525 -9.990e-29
   40.68870  -72.05974      7.432      7.374    23.4674    30.4811      7.951     1.0624 3.8469e+00  1020.4102    23.4659    20.3781     7.8170    239.404    7.13678  218.57211    109.531 -9.990e-29
   40.68870  -72.05974      7.432      7.374    23.4665    30.4821      7.947     1.0624 3.8469e+00  1020.4116    23.4650    20.3792     7.8171    239.409    7.13684  218.57396    109.532 -9.990e-29
   40.68870  -72.05974      7.415      7.358    23.4662    30.4824      7.951     1.0624 3.8686e+00  1020.4114    23.4647    20.3796     7.8173    239.412    7.13686  218.57420    109.534 -9.990e-29
   40.68870  -72.05974      7.401      7.344    23.4653    30.4824      7.951     1.0624 3.8686e+00  1020.4118    23.4638    20.3799     7.8173    239.414    7.13681  218.57276    109.535 -9.990e-29
   40.68870  -72.05974      7.401      7.344    23.4646    30.4824      7.951     1.0490 3.8648e+00  1020.4119    23.4631    20.3800     7.8174    239.416    7.13678  218.57163    109.536 -9.990e-29
   40.68870  -72.05974      7.401      7.344    23.4643    30.4822      7.951     1.0355 3.8757e+00  1020.4117    23.4628    20.3799     7.8174    239.416    7.13671  218.56943    109.538 -9.990e-29
   40.68870  -72.05974      7.381      7.324    23.4637    30.4816      7.951     1.0221 3.8757e+00  1020.4117    23.4622    20.3796     7.8178    239.427    7.13665  218.56791    109.544 -9.990e-29
   40.68870  -72.05974      7.394      7.337    23.4633    30.4804      7.951     1.0355 3.8795e+00  1020.4107    23.4618    20.3789     7.8220    239.558    7.13664  218.56739    109.604 -9.990e-29
   40.68870  -72.05974      7.371      7.314    23.4625    30.4789      7.951     1.0355 3.8686e+00  1020.4095    23.4610    20.3780     7.8185    239.450    7.13656  218.56502    109.555 -9.990e-29
   40.68870  -72.05974      7.371      7.314    23.4614    30.4775      7.951     1.0355 3.8540e+00  1020.4086    23.4599    20.3773     7.8189    239.464    7.13656  218.56501    109.562 -9.990e-29
   40.68870  -72.05974      7.381      7.324    23.4599    30.4775      7.951     1.0221 3.8648e+00  1020.4085    23.4585    20.3772     7.8232    239.595    7.13655  218.56494    109.622 -9.990e-29
   40.68870  -72.05974      7.361      7.304    23.4577    30.4775      7.951     1.0355 3.8432e+00  1020.4093    23.4562    20.3779     7.8198    239.490    7.13654  218.56466    109.574 -9.990e-29
   40.68870  -72.05974      7.374      7.317    23.4558    30.4775      7.951     1.0355 3.8108e+00  1020.4105    23.4543    20.3788     7.8200    239.496    7.13661  218.56674    109.575 -9.990e-29
   40.68870  -72.05974      7.371      7.314    23.4542    30.4781      7.952     1.0221 3.8216e+00  1020.4112    23.4527    20.3797     7.8243    239.627    7.13660  218.56653    109.636 -9.990e-29
   40.68870  -72.05974      7.371      7.314    23.4530    30.4793      7.952     1.0355 3.8001e+00  1020.4122    23.4515    20.3809     7.8247    239.641    7.13663  218.56750    109.642 -9.990e-29
   40.68870  -72.05974      7.361      7.304    23.4521    30.4814      7.952     1.0355 3.7576e+00  1020.4139    23.4506    20.3828     7.8211    239.529    7.13673  218.57086    109.589 -9.990e-29
   40.68870  -72.05974      7.371      7.314    23.4510    30.4843      7.952     1.0221 3.7576e+00  1020.4172    23.4495    20.3852     7.8212    239.535    7.13680  218.57306    109.590 -9.990e-29
   40.68870  -72.05974      7.374      7.317    23.4511    30.4873      7.952     1.0221 3.7365e+00  1020.4196    23.4496    20.3875     7.8256    239.670    7.13692  218.57678    109.650 -9.990e-29
   40.68870  -72.05974      7.371      7.314    23.4516    30.4895      7.952     1.0355 3.6843e+00  1020.4211    23.4501    20.3891     7.8261    239.685    7.13704  218.58039    109.655 -9.990e-29
   40.68870  -72.05974      7.381      7.324    23.4526    30.4911      7.952     1.0355 3.6739e+00  1020.4219    23.4511    20.3900     7.8225    239.573    7.13715  218.58391    109.602 -9.990e-29
   40.68870  -72.05974      7.381      7.324    23.4537    30.4922      7.952     1.0221 3.6636e+00  1020.4224    23.4522    20.3904     7.8226    239.577    7.13720  218.58548    109.603 -9.990e-29
   40.68870  -72.05974      7.392      7.334    23.4556    30.4923      7.951     1.0221 3.6023e+00  1020.4224    23.4541    20.3904     7.8266    239.700    7.13730  218.58802    109.658 -9.990e-29
   40.68870  -72.05974      7.385      7.328    23.4574    30.4923      7.951     1.0355 3.5720e+00  1020.4221    23.4559    20.3899     7.8230    239.588    7.13744  218.59245    109.605 -9.990e-29
   40.68870  -72.05974      7.392      7.334    23.4596    30.4923      7.951     1.0355 3.5720e+00  1020.4205    23.4581    20.3890     7.8273    239.721    7.13758  218.59673    109.664 -9.990e-29
   40.68870  -72.05974      7.401      7.344    23.4612    30.4916      7.951     1.0355 3.5121e+00  1020.4201    23.4597    20.3880     7.8279    239.738    7.13776  218.60272    109.668 -9.990e-29
   40.68870  -72.05974      7.392      7.334    23.4633    30.4905      7.951     1.0355 3.4728e+00  1020.4185    23.4618    20.3866     7.8242    239.627    7.13794  218.60846    109.615 -9.990e-29
   40.68870  -72.05974      7.411      7.354    23.4649    30.4889      7.951     1.0221 3.4728e+00  1020.4167    23.4634    20.3849     7.8242    239.625    7.13817  218.61557    109.610 -9.990e-29
   40.68870  -72.05974      7.415      7.358    23.4664    30.4872      7.951     1.0355 3.4243e+00  1020.4146    23.4649    20.3832     7.8243    239.629    7.13857  218.62833    109.606 -9.990e-29
   40.68870  -72.05974      7.411      7.354    23.4673    30.4860      7.951     1.0221 3.3860e+00  1020.4137    23.4658    20.3821     7.8246    239.639    7.13888  218.63744    109.606 -9.990e-29
   40.68870  -72.05974      7.411      7.354    23.4678    30.4860      7.951     1.0355 3.3797e+00  1020.4129    23.4663    20.3815     7.8249    239.647    7.13914  218.64461    109.606 -9.990e-29
   40.68870  -72.05974      7.422      7.364    23.4677    30.4860      7.951     1.0355 3.3386e+00  1020.4135    23.4662    20.3815     7.8206    239.515    7.13935  218.65037    109.542 -9.990e-29
   40.68870  -72.05974      7.422      7.364    23.4682    30.4860      7.956     1.0221 3.3138e+00  1020.4136    23.4666    20.3818     7.8245    239.633    7.13937  218.65049    109.596 -9.990e-29
   40.68870  -72.05974      7.432      7.374    23.4685    30.4860      7.951     1.0355 3.3044e+00  1020.4141    23.4670    20.3818     7.8241    239.622    7.13933  218.64888    109.592 -9.990e-29
   40.68870  -72.05974      7.425      7.367    23.4691    30.4860      7.951     1.0221 3.2859e+00  1020.4136    23.4675    20.3815     7.8242    239.624    7.13941  218.65181    109.592 -9.990e-29
   40.68870  -72.05974      7.432      7.374    23.4695    30.4853      7.951     1.0221 3.2523e+00  1020.4126    23.4680    20.3808     7.8240    239.620    7.13957  218.65676    109.587 -9.990e-29
   40.68870  -72.05974      7.432      7.374    23.4698    30.4848      7.951     1.0221 3.2431e+00  1020.4118    23.4683    20.3803     7.8239    239.614    7.13974  218.66207    109.582 -9.990e-29
   40.68870  -72.05974      7.441      7.384    23.4692    30.4848      7.956     1.0221 3.2340e+00  1020.4122    23.4677    20.3803     7.8195    239.481    7.13991  218.66652    109.519 -9.990e-29
   40.68870  -72.05974      7.452      7.394    23.4688    30.4846      7.951     1.0355 3.2099e+00  1020.4128    23.4673    20.3806     7.8187    239.456    7.13979  218.66219    109.509 -9.990e-29
   40.68870  -72.05972      7.434      7.377    23.4691    30.4845      7.951     1.0221 3.2099e+00  1020.4125    23.4675    20.3806     7.8178    239.428    7.13960  218.65609    109.500 -9.990e-29
   40.68870  -72.05972      7.452      7.394    23.4691    30.4843      7.956     1.0355 3.1919e+00  1020.4125    23.4675    20.3802     7.8173    239.411    7.13938  218.64908    109.495 -9.990e-29
   40.68870  -72.05972      7.441      7.384    23.4691    30.4832      7.951     1.0355 3.1860e+00  1020.4117    23.4675    20.3794     7.8166    239.390    7.13907  218.63931    109.491 -9.990e-29
   40.68870  -72.05972      7.452      7.394    23.4686    30.4812      7.951     1.0355 3.1770e+00  1020.4103    23.4671    20.3780     7.8156    239.358    7.13869  218.62765    109.482 -9.990e-29
   40.68870  -72.05972      7.452      7.394    23.4676    30.4787      7.956     1.0221 3.1712e+00  1020.4079    23.4661    20.3765     7.8149    239.339    7.13840  218.61919    109.478 -9.990e-29
   40.68870  -72.05972      7.455      7.397    23.4656    30.4784      7.956     1.0355 3.1653e+00  1020.4069    23.4641    20.3758     7.8141    239.313    7.13816  218.61241    109.469 -9.990e-29
   40.68870  -72.05972      7.452      7.394    23.4625    30.4784      7.956     1.0355 3.1653e+00  1020.4079    23.4610    20.3764     7.8135    239.295    7.13791  218.60453    109.465 -9.990e-29
   40.68870  -72.05972      7.452      7.394    23.4601    30.4784      7.956     1.0221 3.1653e+00  1020.4099    23.4586    20.3782     7.8087    239.148    7.13759  218.59454    109.403 -9.990e-29
   40.68870  -72.05972      7.452      7.394    23.4576    30.4804      7.956     1.0355 3.1684e+00  1020.4128    23.4561    20.3804     7.8120    239.249    7.13731  218.58598    109.453 -9.990e-29
   40.68870  -72.05972      7.462      7.404    23.4566    30.4823      7.956     1.0355 3.1684e+00  1020.4145    23.4551    20.3821     7.8115    239.233    7.13703  218.57781    109.450 -9.990e-29
   40.68870  -72.05972      7.445      7.388    23.4560    30.4834      7.956     1.0355 3.1684e+00  1020.4154    23.4545    20.3832     7.8111    239.222    7.13688  218.57388    109.447 -9.990e-29
   40.68870  -72.05972      7.452      7.394    23.4553    30.4843      7.956     1.0355 3.1774e+00  1020.4161    23.4538    20.3841     7.8108    239.215    7.13685  218.57367    109.444 -9.990e-29
   40.68870  -72.05972      7.452      7.394    23.4548    30.4852      7.956     1.0355 3.1894e+00  1020.4170    23.4533    20.3848     7.8108    239.214    7.13698  218.57810    109.441 -9.990e-29
   40.68870  -72.05972      7.452      7.394    23.4549    30.4860      7.956     1.0221 3.1984e+00  1020.4175    23.4534    20.3855     7.8108    239.216    7.13721  218.58528    109.438 -9.990e-29
   40.68870  -72.05972      7.441      7.384    23.4549    30.4865      7.956     1.0355 3.2165e+00  1020.4181    23.4534    20.3858     7.8109    239.217    7.13740  218.59121    109.436 -9.990e-29
   40.68870  -72.05972      7.445      7.388    23.4555    30.4865      7.956     1.0490 3.2378e+00  1020.4179    23.4540    20.3858     7.8110    239.220    7.13765  218.59907    109.433 -9.990e-29
   40.68870  -72.05972      7.432      7.374    23.4560    30.4865      7.956     1.0624 3.2409e+00  1020.4175    23.4545    20.3857     7.8153    239.351    7.13788  218.60608    109.490 -9.990e-29
   40.68870  -72.05972      7.441      7.384    23.4562    30.4865      7.956     1.0624 3.2684e+00  1020.4174    23.4547    20.3855     7.8156    239.362    7.13807  218.61158    109.492 -9.990e-29
   40.68870  -72.05972      7.422      7.364    23.4568    30.4865      7.956     1.0624 3.2869e+00  1020.4172    23.4553    20.3854     7.8121    239.253    7.13822  218.61565    109.440 -9.990e-29
   40.68870  -72.05972      7.432      7.374    23.4567    30.4865      7.956     1.0624 3.2994e+00  1020.4174    23.4552    20.3853     7.8120    239.251    7.13829  218.61755    109.438 -9.990e-29
   40.68870  -72.05972      7.425      7.367    23.4569    30.4862      7.956     1.0624 3.3180e+00  1020.4170    23.4554    20.3850     7.8120    239.249    7.13833  218.61847    109.437 -9.990e-29
   40.68870  -72.05972      7.422      7.364    23.4572    30.4857      7.956     1.0624 3.3556e+00  1020.4164    23.4557    20.3846     7.8121    239.254    7.13830  218.61724    109.440 -9.990e-29
   40.68870  -72.05972      7.411      7.354    23.4568    30.4852      7.956     1.0490 3.3650e+00  1020.4163    23.4553    20.3843     7.8120    239.250    7.13825  218.61567    109.439 -9.990e-29
   40.68870  -72.05972      7.411      7.354    23.4571    30.4847      7.956     1.0624 3.3840e+00  1020.4158    23.4556    20.3839     7.8161    239.375    7.13820  218.61422    109.497 -9.990e-29
   40.68870  -72.05972      7.401      7.344    23.4571    30.4841      7.956     1.0624 3.4320e+00  1020.4152    23.4556    20.3835     7.8166    239.391    7.13817  218.61339    109.504 -9.990e-29
   40.68870  -72.05972      7.401      7.344    23.4564    30.4835      7.956     1.0624 3.4514e+00  1020.4149    23.4549    20.3831     7.8172    239.410    7.13819  218.61403    109.513 -9.990e-29
   40.68870  -72.05972      7.394      7.337    23.4560    30.4829      7.956     1.0624 3.4645e+00  1020.4146    23.4545    20.3829     7.8133    239.292    7.13821  218.61486    109.458 -9.990e-29
   40.68870  -72.05972      7.401      7.344    23.4553    30.4822      7.956     1.0624 3.5235e+00  1020.4143    23.4538    20.3825     7.8176    239.421    7.13828  218.61702    109.516 -9.990e-29
   40.68870  -72.05972      7.381      7.324    23.4546    30.4816      7.956     1.0490 3.5533e+00  1020.4139    23.4531    20.3823     7.8182    239.442    7.13835  218.61912    109.525 -9.990e-29
   40.68870  -72.05972      7.381      7.324    23.4539    30.4816      7.956     1.0490 3.5533e+00  1020.4137    23.4524    20.3822     7.8190    239.465    7.13848  218.62330    109.533 -9.990e-29
   40.68870  -72.05972      7.371      7.314    23.4535    30.4816      7.956     1.0624 3.6139e+00  1020.4137    23.4520    20.3824     7.8237    239.611    7.13870  218.63048    109.596 -9.990e-29
   40.68870  -72.05972      7.364      7.307    23.4523    30.4813      7.956     1.0624 3.6410e+00  1020.4151    23.4508    20.3830     7.8205    239.511    7.13900  218.63970    109.546 -9.990e-29
   40.68870  -72.05972      7.371      7.314    23.4512    30.4813      7.956     1.0490 3.6410e+00  1020.4153    23.4497    20.3832     7.8214    239.537    7.13923  218.64629    109.555 -9.990e-29
   40.68870  -72.05972      7.350      7.294    23.4505    30.4807      7.956     1.0624 3.7030e+00  1020.4145    23.4490    20.3827     7.8219    239.552    7.13940  218.65134    109.559 -9.990e-29
   40.68870  -72.05972      7.350      7.294    23.4496    30.4791      7.956     1.0624 3.7344e+00  1020.4135    23.4481    20.3818     7.8228    239.582    7.13970  218.66089    109.568 -9.990e-29
