CalculateIndicators/WaterTemperature/Data/CTD_NYOS/20240710_C20.cnv
* Sea-Bird SBE 9 Data File:
* FileName = C:\Seabird 9 CTD\Data\2024\202407_offshore\20240710_C20.hex
* Software Version Seasave V 7.23.2
* Temperature SN = 4590
* Conductivity SN = 3228
* Number of Bytes Per Scan = 44
* Number of Voltage Words = 5
* Number of Scans Averaged by the Deck Unit = 1
* NMEA Latitude = 40 46.58 N
* NMEA Longitude = 072 34.70 W
* NMEA UTC (Time) = Jul 10 2024  11:36:48
* NMEA baud rate = 4800
** Ship: seawolf
** Station: 10.1
** Operator: TCM
# nquan = 18
# nvalues = 8899                        
# units = specified
# name 0 = latitude: Latitude [deg]
# name 1 = longitude: Longitude [deg]
# name 2 = prDM: Pressure, Digiquartz [db]
# name 3 = depSM: Depth [salt water, m]
# name 4 = t090C: Temperature [ITS-90, deg C]
# name 5 = sal00: Salinity, Practical [PSU]
# name 6 = ph: pH
# name 7 = flECO-AFL: Fluorescence, WET Labs ECO-AFL/FL [mg/m^3]
# name 8 = cpar: CPAR/Corrected Irradiance [%]
# name 9 = density00: Density [density, kg/m^3]
# name 10 = potemp090C: Potential Temperature [ITS-90, deg C]
# name 11 = sigma-é00: Density [sigma-theta, kg/m^3]
# name 12 = sbeox0Mg/L: Oxygen, SBE 43 [mg/l]
# name 13 = sbox0Mm/Kg: Oxygen, SBE 43 [umol/kg]
# name 14 = oxsolMg/L: Oxygen Saturation, Garcia & Gordon [mg/l]
# name 15 = oxsolMm/Kg: Oxygen Saturation, Garcia & Gordon [umol/kg]
# name 16 = sbeox0PS: Oxygen, SBE 43 [% saturation]
# name 17 = flag:  0.000e+00
# span 0 =   40.77646,   40.77704       
# span 1 =  -72.57880,  -72.57846       
# span 2 =      1.510,     19.108       
# span 3 =      1.498,     18.960       
# span 4 =    15.4791,    20.6589       
# span 5 =    29.5589,    30.4117       
# span 6 =      8.006,      8.107       
# span 7 =     0.8878,     1.7071       
# span 8 = 8.8758e-02, 3.2802e+01       
# span 9 =  1020.4404,  1022.4151       
# span 10 =    15.4763,    20.6585      
# span 11 =    20.4681,    22.3304      
# span 12 =     7.4327,     9.1484      
# span 13 =    227.210,    279.830      
# span 14 =    7.52831,    8.28909      
# span 15 =  230.48438,  253.38187      
# span 16 =     89.831,    114.945      
# span 17 = 0.0000e+00, 0.0000e+00      
# interval = seconds: 0.0416667
# start_time = Jul 10 2024 11:36:48 [System UTC, first data scan.]
# bad_flag = -9.990e-29
*END*
[from data line 81]
 -9.990e-29 -9.990e-29      2.386      2.367    20.6575    29.9345      8.035     0.9415 2.2387e+01  1020.7431    20.6570    20.7328     8.1368    249.115    7.52941  230.51778    108.067 -9.990e-29
 -9.990e-29 -9.990e-29      2.405      2.386    20.6573    29.9345      8.035     0.9415 2.2450e+01  1020.7431    20.6568    20.7328     8.1373    249.130    7.52945  230.51894    108.073 -9.990e-29
 -9.990e-29 -9.990e-29      2.395      2.377    20.6569    29.9345      8.035     0.9415 2.2577e+01  1020.7434    20.6564    20.7330     8.1422    249.279    7.52946  230.51924    108.138 -9.990e-29
 -9.990e-29 -9.990e-29      2.405      2.386    20.6566    29.9348      8.035     0.9415 2.2640e+01  1020.7438    20.6561    20.7333     8.1385    249.167    7.52949  230.52008    108.089 0.0000e+00
 -9.990e-29 -9.990e-29      2.416      2.397    20.6560    29.9350      8.035     0.9415 2.2704e+01  1020.7441    20.6556    20.7336     8.1389    249.178    7.52951  230.52051    108.093 -9.990e-29
 -9.990e-29 -9.990e-29      2.416      2.397    20.6559    29.9353      8.035     0.9415 2.2832e+01  1020.7443    20.6554    20.7339     8.1393    249.189    7.52955  230.52189    108.098 -9.990e-29
 -9.990e-29 -9.990e-29      2.426      2.407    20.6555    29.9357      8.035     0.9415 2.2897e+01  1020.7449    20.6550    20.7342     8.1440    249.332    7.52953  230.52123    108.160 -9.990e-29
 -9.990e-29 -9.990e-29      2.416      2.397    20.6559    29.9360      8.035     0.9415 2.2961e+01  1020.7449    20.6554    20.7344     8.1402    249.217    7.52960  230.52324    108.109 -9.990e-29
 -9.990e-29 -9.990e-29      2.426      2.407    20.6559    29.9362      8.035     0.9415 2.3026e+01  1020.7453    20.6554    20.7346     8.1444    249.347    7.52957  230.52248    108.166 -9.990e-29
 -9.990e-29 -9.990e-29      2.427      2.408    20.6562    29.9362      8.035     0.9415 2.3026e+01  1020.7453    20.6558    20.7346     8.1402    249.218    7.52966  230.52522    108.109 -9.990e-29
 -9.990e-29 -9.990e-29      2.426      2.407    20.6567    29.9362      8.035     0.9415 2.3090e+01  1020.7449    20.6563    20.7343     8.1399    249.209    7.52967  230.52539    108.105 -9.990e-29
 -9.990e-29 -9.990e-29      2.426      2.407    20.6569    29.9359      8.035     0.9281 2.3026e+01  1020.7446    20.6565    20.7341     8.1400    249.211    7.52967  230.52562    108.106 -9.990e-29
 -9.990e-29 -9.990e-29      2.426      2.407    20.6569    29.9357      8.035     0.9415 2.3026e+01  1020.7445    20.6565    20.7339     8.1356    249.076    7.52968  230.52577    108.047 -9.990e-29
 -9.990e-29 -9.990e-29      2.437      2.418    20.6573    29.9354      8.035     0.9415 2.2961e+01  1020.7442    20.6568    20.7337     8.1393    249.190    7.52970  230.52636    108.096 -9.990e-29
 -9.990e-29 -9.990e-29      2.426      2.407    20.6572    29.9353      8.035     0.9415 2.3026e+01  1020.7439    20.6568    20.7335     8.1389    249.177    7.52972  230.52671    108.090 -9.990e-29
 -9.990e-29 -9.990e-29      2.437      2.418    20.6571    29.9353      8.035     0.9415 2.3026e+01  1020.7441    20.6567    20.7335     8.1388    249.174    7.52971  230.52662    108.089 -9.990e-29
 -9.990e-29 -9.990e-29      2.426      2.407    20.6571    29.9353      8.035     0.9415 2.3026e+01  1020.7441    20.6567    20.7336     8.1387    249.171    7.52972  230.52678    108.088 -9.990e-29
 -9.990e-29 -9.990e-29      2.426      2.407    20.6567    29.9352      8.035     0.9415 2.3026e+01  1020.7442    20.6563    20.7336     8.1341    249.030    7.52970  230.52629    108.027 -9.990e-29
 -9.990e-29 -9.990e-29      2.437      2.418    20.6568    29.9352      8.035     0.9415 2.3090e+01  1020.7441    20.6563    20.7336     8.1335    249.013    7.52969  230.52571    108.020 -9.990e-29
   40.77646 -9.990e-29      2.426      2.407    20.6566    29.9352 -9.990e-29     0.9415 2.3090e+01  1020.7443    20.6561    20.7337     8.1374    249.132    7.52966  230.52477    108.072 -9.990e-29
   40.77646 -9.990e-29      2.427      2.408    20.6566    29.9352 -9.990e-29     0.9415 2.3090e+01  1020.7443    20.6561    20.7337     8.1372    249.125    7.52966  230.52477    108.069 -9.990e-29
   40.77646 -9.990e-29      2.426      2.407    20.6564    29.9349 -9.990e-29     0.9415 2.3090e+01  1020.7441    20.6559    20.7335     8.1370    249.118    7.52964  230.52429    108.066 -9.990e-29
   40.77646 -9.990e-29      2.437      2.418    20.6559    29.9343 -9.990e-29     0.9415 2.3155e+01  1020.7437    20.6554    20.7332     8.1322    248.973    7.52962  230.52362    108.003 -9.990e-29
   40.77646 -9.990e-29      2.426      2.407    20.6552    29.9338 -9.990e-29     0.9415 2.3155e+01  1020.7434    20.6547    20.7329     8.1359    249.086    7.52953  230.52065    108.053 -9.990e-29
   40.77646 -9.990e-29      2.416      2.397    20.6543    29.9334 -9.990e-29     0.9415 2.3090e+01  1020.7434    20.6538    20.7328     8.1355    249.074    7.52946  230.51856    108.050 -9.990e-29
   40.77646 -9.990e-29      2.427      2.408    20.6534    29.9329 -9.990e-29     0.9415 2.3090e+01  1020.7432    20.6529    20.7328     8.1351    249.060    7.52935  230.51507    108.045 -9.990e-29
   40.77646 -9.990e-29      2.426      2.407    20.6524    29.9326 -9.990e-29     0.9281 2.3090e+01  1020.7434    20.6519    20.7328     8.1345    249.044    7.52922  230.51106    108.040 -9.990e-29
   40.77646 -9.990e-29      2.416      2.397    20.6513    29.9326 -9.990e-29     0.9415 2.2961e+01  1020.7432    20.6509    20.7328     8.1340    249.028    7.52911  230.50783    108.035 -9.990e-29
   40.77646 -9.990e-29      2.416      2.397    20.6503    29.9326 -9.990e-29     0.9415 2.2896e+01  1020.7431    20.6498    20.7331     8.1335    249.011    7.52898  230.50386    108.029 -9.990e-29
   40.77646 -9.990e-29      2.405      2.386    20.6486    29.9328 -9.990e-29     0.9415 2.2832e+01  1020.7441    20.6481    20.7338     8.1329    248.992    7.52885  230.50006    108.023 -9.990e-29
   40.77646 -9.990e-29      2.405      2.386    20.6480    29.9341 -9.990e-29     0.9415 2.2640e+01  1020.7453    20.6475    20.7350     8.1323    248.974    7.52876  230.49744    108.016 -9.990e-29
   40.77646 -9.990e-29      2.406      2.388    20.6473    29.9354 -9.990e-29     0.9415 2.2513e+01  1020.7471    20.6468    20.7361     8.1361    249.092    7.52868  230.49509    108.068 -9.990e-29
   40.77646 -9.990e-29      2.395      2.377    20.6477    29.9362 -9.990e-29     0.9415 2.2513e+01  1020.7471    20.6473    20.7367     8.1314    248.949    7.52864  230.49420    108.007 -9.990e-29
   40.77646 -9.990e-29      2.386      2.367    20.6481    29.9368 -9.990e-29     0.9415 2.2450e+01  1020.7475    20.6477    20.7370     8.1313    248.945    7.52870  230.49626    108.004 -9.990e-29
   40.77646 -9.990e-29      2.386      2.367    20.6485    29.9368 -9.990e-29     0.9415 2.2387e+01  1020.7478    20.6481    20.7372     8.1311    248.940    7.52875  230.49789    108.001 -9.990e-29
   40.77646 -9.990e-29      2.365      2.347    20.6491    29.9368 -9.990e-29     0.9415 2.2324e+01  1020.7473    20.6487    20.7370     8.1354    249.071    7.52882  230.50004    108.057 -9.990e-29
   40.77646 -9.990e-29      2.376      2.358    20.6496    29.9368 -9.990e-29     0.9415 2.2387e+01  1020.7468    20.6491    20.7367     8.1355    249.075    7.52887  230.50129    108.058 -9.990e-29
   40.77646 -9.990e-29      2.365      2.347    20.6496    29.9366 -9.990e-29     0.9415 2.2387e+01  1020.7466    20.6491    20.7364     8.1356    249.078    7.52890  230.50225    108.059 -9.990e-29
   40.77646 -9.990e-29      2.344      2.326    20.6499    29.9366 -9.990e-29     0.9415 2.2387e+01  1020.7467    20.6495    20.7364     8.1357    249.080    7.52891  230.50257    108.059 -9.990e-29
   40.77646 -9.990e-29      2.344      2.326    20.6504    29.9366 -9.990e-29     0.9415 2.2513e+01  1020.7464    20.6499    20.7363     8.1357    249.080    7.52891  230.50240    108.060 -9.990e-29
   40.77646 -9.990e-29      2.344      2.326    20.6506    29.9366 -9.990e-29     0.9415 2.2704e+01  1020.7464    20.6502    20.7362     8.1357    249.079    7.52891  230.50218    108.059 -9.990e-29
   40.77646 -9.990e-29      2.335      2.317    20.6511    29.9366 -9.990e-29     0.9415 2.2768e+01  1020.7464    20.6507    20.7361     8.1355    249.074    7.52881  230.49905    108.059 -9.990e-29
   40.77646 -9.990e-29      2.316      2.298    20.6511    29.9364 -9.990e-29     0.9415 2.2832e+01  1020.7462    20.6507    20.7359     8.1354    249.069    7.52874  230.49697    108.058 -9.990e-29
   40.77646 -9.990e-29      2.314      2.296    20.6517    29.9360 -9.990e-29     0.9415 2.3091e+01  1020.7454    20.6512    20.7356     8.1352    249.064    7.52869  230.49523    108.056 -9.990e-29
   40.77646 -9.990e-29      2.305      2.287    20.6517    29.9358 -9.990e-29     0.9415 2.3156e+01  1020.7453    20.6512    20.7354     8.1398    249.205    7.52861  230.49322    108.118 -9.990e-29
   40.77646 -9.990e-29      2.294      2.276    20.6518    29.9357 -9.990e-29     0.9415 2.3352e+01  1020.7453    20.6514    20.7353     8.1359    249.086    7.52858  230.49229    108.067 -9.990e-29
   40.77646 -9.990e-29      2.284      2.266    20.6516    29.9354 -9.990e-29     0.9415 2.3683e+01  1020.7450    20.6512    20.7351     8.1360    249.090    7.52852  230.49047    108.069 -9.990e-29
   40.77646 -9.990e-29      2.284      2.266    20.6517    29.9350 -9.990e-29     0.9415 2.3816e+01  1020.7446    20.6512    20.7348     8.1361    249.093    7.52846  230.48854    108.072 -9.990e-29
   40.77646 -9.990e-29      2.265      2.247    20.6511    29.9348 -9.990e-29     0.9281 2.3883e+01  1020.7445    20.6507    20.7347     8.1363    249.098    7.52845  230.48832    108.074 -9.990e-29
   40.77646 -9.990e-29      2.254      2.236    20.6508    29.9347 -9.990e-29     0.9147 2.4222e+01  1020.7447    20.6504    20.7347     8.1409    249.240    7.52847  230.48928    108.135 -9.990e-29
   40.77646 -9.990e-29      2.244      2.227    20.6509    29.9347 -9.990e-29     0.9281 2.4427e+01  1020.7443    20.6505    20.7347     8.1414    249.255    7.52849  230.48989    108.141 -9.990e-29
   40.77646 -9.990e-29      2.233      2.216    20.6506    29.9347 -9.990e-29     0.9281 2.4427e+01  1020.7444    20.6502    20.7347     8.1467    249.418    7.52850  230.49023    108.212 -9.990e-29
   40.77646 -9.990e-29      2.224      2.206    20.6504    29.9347 -9.990e-29     0.9281 2.4703e+01  1020.7446    20.6500    20.7349     8.1431    249.306    7.52851  230.49056    108.163 -9.990e-29
   40.77646 -9.990e-29      2.213      2.195    20.6502    29.9347 -9.990e-29     0.9281 2.4913e+01  1020.7444    20.6498    20.7349     8.1435    249.320    7.52856  230.49191    108.169 -9.990e-29
   40.77646 -9.990e-29      2.193      2.176    20.6503    29.9347 -9.990e-29     0.9147 2.4913e+01  1020.7445    20.6499    20.7350     8.1438    249.328    7.52848  230.48926    108.173 -9.990e-29
   40.77646 -9.990e-29      2.193      2.176    20.6497    29.9347 -9.990e-29     0.9281 2.5194e+01  1020.7448    20.6493    20.7351     8.1489    249.485    7.52846  230.48850    108.242 -9.990e-29
   40.77646 -9.990e-29      2.173      2.156    20.6501    29.9347 -9.990e-29     0.9281 2.5408e+01  1020.7442    20.6497    20.7351     8.1407    249.234    7.52845  230.48853    108.133 -9.990e-29
   40.77646 -9.990e-29      2.173      2.156    20.6493    29.9347 -9.990e-29     0.9147 2.5408e+01  1020.7447    20.6489    20.7351     8.1499    249.514    7.52843  230.48801    108.255 -9.990e-29
   40.77646 -9.990e-29      2.163      2.146    20.6494    29.9347 -9.990e-29     0.9147 2.5551e+01  1020.7444    20.6490    20.7351     8.1505    249.534    7.52846  230.48875    108.263 -9.990e-29
   40.77646 -9.990e-29      2.152      2.135    20.6492    29.9348 -9.990e-29     0.9281 2.5768e+01  1020.7446    20.6488    20.7352     8.1467    249.416    7.52845  230.48868    108.212 -9.990e-29
   40.77646 -9.990e-29      2.142      2.126    20.6491    29.9350 -9.990e-29     0.9281 2.5768e+01  1020.7447    20.6487    20.7355     8.1468    249.421    7.52843  230.48802    108.214 -9.990e-29
   40.77646 -9.990e-29      2.133      2.116    20.6489    29.9353 -9.990e-29     0.9281 2.5914e+01  1020.7450    20.6485    20.7357     8.1466    249.414    7.52846  230.48876    108.211 -9.990e-29
   40.77646 -9.990e-29      2.122      2.105    20.6487    29.9356 -9.990e-29     0.9281 2.5987e+01  1020.7452    20.6483    20.7359     8.1512    249.554    7.52848  230.48945    108.271 -9.990e-29
   40.77646 -9.990e-29      2.112      2.096    20.6486    29.9358 -9.990e-29     0.9147 2.6060e+01  1020.7454    20.6482    20.7361     8.1472    249.431    7.52848  230.48937    108.218 -9.990e-29
   40.77646 -9.990e-29      2.112      2.096    20.6485    29.9359 -9.990e-29     0.9281 2.6133e+01  1020.7455    20.6481    20.7362     8.1472    249.432    7.52849  230.48972    108.218 -9.990e-29
   40.77646 -9.990e-29      2.101      2.085    20.6487    29.9360 -9.990e-29     0.9281 2.6207e+01  1020.7453    20.6483    20.7363     8.1472    249.432    7.52850  230.49018    108.218 -9.990e-29
   40.77646 -9.990e-29      2.092      2.075    20.6487    29.9363 -9.990e-29     0.9281 2.6281e+01  1020.7456    20.6483    20.7365     8.1468    249.419    7.52851  230.49038    108.212 -9.990e-29
   40.77646 -9.990e-29      2.093      2.077    20.6488    29.9364 -9.990e-29     0.9281 2.6355e+01  1020.7458    20.6484    20.7366     8.1463    249.403    7.52848  230.48929    108.206 -9.990e-29
   40.77646 -9.990e-29      2.082      2.066    20.6489    29.9364 -9.990e-29     0.9147 2.6503e+01  1020.7455    20.6485    20.7366     8.1417    249.263    7.52845  230.48832    108.145 -9.990e-29
   40.77646 -9.990e-29      2.082      2.066    20.6490    29.9365 -9.990e-29     0.9147 2.6578e+01  1020.7454    20.6486    20.7366     8.1456    249.382    7.52846  230.48855    108.197 -9.990e-29
   40.77646 -9.990e-29      2.071      2.055    20.6489    29.9370 -9.990e-29     0.9281 2.6578e+01  1020.7459    20.6486    20.7369     8.1454    249.376    7.52842  230.48754    108.195 -9.990e-29
   40.77646 -9.990e-29      2.071      2.055    20.6494    29.9377 -9.990e-29     0.9147 2.6653e+01  1020.7463    20.6490    20.7374     8.1448    249.358    7.52842  230.48772    108.187 -9.990e-29
   40.77646 -9.990e-29      2.082      2.066    20.6496    29.9383 -9.990e-29     0.9281 2.6653e+01  1020.7470    20.6492    20.7377     8.1445    249.350    7.52843  230.48796    108.184 -9.990e-29
   40.77646 -9.990e-29      2.071      2.055    20.6503    29.9387 -9.990e-29     0.9415 2.6653e+01  1020.7470    20.6499    20.7379     8.1442    249.341    7.52842  230.48763    108.180 -9.990e-29
   40.77646 -9.990e-29      2.052      2.036    20.6512    29.9388 -9.990e-29     0.9415 2.6355e+01  1020.7467    20.6509    20.7378     8.1394    249.194    7.52840  230.48687    108.116 -9.990e-29
   40.77646 -9.990e-29      2.061      2.045    20.6520    29.9388 -9.990e-29     0.9415 2.6207e+01  1020.7465    20.6516    20.7376     8.1387    249.173    7.52842  230.48747    108.107 -9.990e-29
   40.77646 -9.990e-29      2.071      2.055    20.6529    29.9388 -9.990e-29     0.9415 2.6207e+01  1020.7465    20.6525    20.7373     8.1381    249.152    7.52845  230.48848    108.097 -9.990e-29
   40.77646 -9.990e-29      2.061      2.045    20.6539    29.9387 -9.990e-29     0.9281 2.5768e+01  1020.7460    20.6535    20.7370     8.1373    249.129    7.52842  230.48756    108.088 -9.990e-29
   40.77646 -9.990e-29      2.061      2.045    20.6546    29.9382 -9.990e-29     0.9415 2.5552e+01  1020.7456    20.6542    20.7364     8.1365    249.105    7.52841  230.48727    108.077 -9.990e-29
