CalculateIndicators/WaterTemperature/Data/CTD_NYOS/20240428_C24.cnv
* Sea-Bird SBE 9 Data File:
* FileName = C:\Seabird 9 CTD\Data\2024\202404_offshore\20240428_C24.hex
* Software Version Seasave V 7.23.2
* Temperature SN = 4590
* Conductivity SN = 3228
* Number of Bytes Per Scan = 44
* Number of Voltage Words = 5
* Number of Scans Averaged by the Deck Unit = 1
* NMEA Latitude = 39 56.85 N
* NMEA Longitude = 072 01.93 W
* NMEA UTC (Time) = Apr 28 2024  16:45:54
* NMEA baud rate = 4800
** Ship: Seawolf
** Station: 10.5
** Operator: TCM
# nquan = 18
# nvalues = 15945                       
# units = specified
# name 0 = latitude: Latitude [deg]
# name 1 = longitude: Longitude [deg]
# name 2 = prDM: Pressure, Digiquartz [db]
# name 3 = depSM: Depth [salt water, m]
# name 4 = t090C: Temperature [ITS-90, deg C]
# name 5 = sal00: Salinity, Practical [PSU]
# name 6 = ph: pH
# name 7 = flECO-AFL: Fluorescence, WET Labs ECO-AFL/FL [mg/m^3]
# name 8 = cpar: CPAR/Corrected Irradiance [%]
# name 9 = density00: Density [density, kg/m^3]
# name 10 = potemp090C: Potential Temperature [ITS-90, deg C]
# name 11 = sigma-é00: Density [sigma-theta, kg/m^3]
# name 12 = sbeox0Mg/L: Oxygen, SBE 43 [mg/l]
# name 13 = sbox0Mm/Kg: Oxygen, SBE 43 [umol/kg]
# name 14 = oxsolMg/L: Oxygen Saturation, Garcia & Gordon [mg/l]
# name 15 = oxsolMm/Kg: Oxygen Saturation, Garcia & Gordon [umol/kg]
# name 16 = sbeox0PS: Oxygen, SBE 43 [% saturation]
# name 17 = flag:  0.000e+00
# span 0 =   39.94764,   39.94876       
# span 1 =  -72.03262,  -72.03224       
# span 2 =      2.035,     86.953       
# span 3 =      2.019,     86.269       
# span 4 =     6.1072,     7.9591       
# span 5 =    32.0802,    32.4679       
# span 6 =      7.969,      8.060       
# span 7 =     0.0148,     1.1430       
# span 8 = 7.1224e-14, 3.1823e+01       
# span 9 =  1025.0388,  1025.9134       
# span 10 =     6.1027,     7.9588      
# span 11 =    25.0183,    25.5139      
# span 12 =     9.2437,    10.3245      
# span 13 =    281.682,    314.765      
# span 14 =    9.61841,   10.02844      
# span 15 =  293.23959,  305.63443      
# span 16 =     92.746,    107.267      
# span 17 = 0.0000e+00, 0.0000e+00      
# interval = seconds: 0.0416667
# start_time = Apr 28 2024 16:45:53 [System UTC, first data scan.]
# bad_flag = -9.990e-29
*END*
[from data line 14232]
   39.94864  -72.03262      5.001      4.963     7.9468    32.1341 -9.990e-29     0.6192 1.3920e+01  1025.0543     7.9464    25.0314    10.2778    313.343    9.62001  293.28835    106.838 0.0000e+00
   39.94864  -72.03262      4.960      4.922     7.9474    32.1338 -9.990e-29     0.6326 1.4277e+01  1025.0536     7.9469    25.0311    10.2833    313.511    9.62002  293.28863    106.895 0.0000e+00
   39.94864  -72.03262      4.909      4.871     7.9474    32.1336 -9.990e-29     0.6326 1.4479e+01  1025.0535     7.9469    25.0310    10.2774    313.330    9.62001  293.28846    106.833 0.0000e+00
   39.94864  -72.03262      4.879      4.841     7.9477    32.1336 -9.990e-29     0.6326 1.4520e+01  1025.0532     7.9472    25.0309    10.2829    313.500    9.62006  293.29012    106.891 0.0000e+00
   39.94864  -72.03262      4.828      4.791     7.9480    32.1336 -9.990e-29     0.6326 1.4809e+01  1025.0530     7.9476    25.0309    10.2831    313.503    9.62003  293.28902    106.892 0.0000e+00
   39.94864  -72.03262      4.777      4.740     7.9478    32.1335 -9.990e-29     0.6326 1.5061e+01  1025.0528     7.9474    25.0309    10.2832    313.509    9.62007  293.29025    106.894 0.0000e+00
   39.94864  -72.03262      4.728      4.691     7.9480    32.1333 -9.990e-29     0.6326 1.5146e+01  1025.0524     7.9476    25.0307    10.2833    313.511    9.62008  293.29064    106.894 0.0000e+00
   39.94864  -72.03262      4.686      4.650     7.9483    32.1331 -9.990e-29     0.6326 1.5360e+01  1025.0518     7.9479    25.0305    10.2774    313.329    9.62017  293.29330    106.831 0.0000e+00
   39.94864  -72.03262      4.656      4.620     7.9485    32.1329 -9.990e-29     0.6192 1.5622e+01  1025.0516     7.9480    25.0303    10.2765    313.302    9.62010  293.29133    106.823 0.0000e+00
   39.94864  -72.03262      4.616      4.581     7.9483    32.1328 -9.990e-29     0.6326 1.5666e+01  1025.0512     7.9479    25.0301    10.2757    313.278    9.62012  293.29209    106.814 0.0000e+00
   39.94864  -72.03262      4.575      4.540     7.9483    32.1327 -9.990e-29     0.6326 1.5799e+01  1025.0509     7.9479    25.0301    10.2810    313.440    9.62012  293.29196    106.870 0.0000e+00
   39.94864  -72.03262      4.554      4.520     7.9482    32.1327 -9.990e-29     0.6192 1.6067e+01  1025.0512     7.9477    25.0301    10.2819    313.468    9.62011  293.29152    106.879 0.0000e+00
   39.94864  -72.03262      4.524      4.490     7.9480    32.1326 -9.990e-29     0.6326 1.6090e+01  1025.0508     7.9476    25.0301    10.2758    313.283    9.62017  293.29349    106.816 0.0000e+00
   39.94864  -72.03262      4.504      4.469     7.9478    32.1323 -9.990e-29     0.6326 1.6181e+01  1025.0502     7.9474    25.0299    10.2820    313.472    9.62020  293.29432    106.880 0.0000e+00
   39.94864  -72.03262      4.494      4.460     7.9474    32.1325 -9.990e-29     0.6326 1.6364e+01  1025.0505     7.9470    25.0300    10.2821    313.474    9.62023  293.29497    106.880 0.0000e+00
   39.94864  -72.03262      4.464      4.430     7.9472    32.1329 -9.990e-29     0.6326 1.6456e+01  1025.0508     7.9467    25.0305    10.2821    313.473    9.62022  293.29494    106.880 0.0000e+00
   39.94864  -72.03262      4.434      4.400     7.9474    32.1335 -9.990e-29     0.6326 1.6456e+01  1025.0512     7.9469    25.0309    10.2820    313.472    9.62027  293.29663    106.879 0.0000e+00
   39.94864  -72.03262      4.413      4.379     7.9474    32.1338 -9.990e-29     0.6326 1.6549e+01  1025.0515     7.9469    25.0312    10.2820    313.471    9.62033  293.29812    106.878 0.0000e+00
   39.94864  -72.03262      4.394      4.360     7.9480    32.1340 -9.990e-29     0.6326 1.6596e+01  1025.0513     7.9476    25.0312    10.2819    313.467    9.62032  293.29810    106.876 0.0000e+00
   39.94864  -72.03262      4.362      4.329     7.9480    32.1340 -9.990e-29     0.6326 1.6642e+01  1025.0514     7.9476    25.0312    10.2816    313.459    9.62027  293.29622    106.875 0.0000e+00
   39.94864  -72.03262      4.343      4.310     7.9483    32.1339 -9.990e-29     0.6326 1.6689e+01  1025.0508     7.9479    25.0310    10.2814    313.451    9.62024  293.29533    106.872 -9.990e-29
   39.94864  -72.03262      4.343      4.310     7.9485    32.1337 -9.990e-29     0.6326 1.6736e+01  1025.0508     7.9481    25.0309    10.2819    313.469    9.62018  293.29349    106.879 -9.990e-29
   39.94864  -72.03262      4.322      4.289     7.9487    32.1336 -9.990e-29     0.6326 1.6736e+01  1025.0505     7.9483    25.0309    10.2818    313.464    9.62025  293.29556    106.876 0.0000e+00
   39.94864  -72.03262      4.311      4.278     7.9487    32.1336 -9.990e-29     0.6326 1.6784e+01  1025.0507     7.9483    25.0309    10.2814    313.452    9.62018  293.29379    106.873 -9.990e-29
   39.94864  -72.03262      4.311      4.278     7.9488    32.1336 -9.990e-29     0.6057 1.6831e+01  1025.0505     7.9484    25.0308    10.2811    313.442    9.62018  293.29362    106.870 -9.990e-29
   39.94864  -72.03262      4.302      4.269     7.9491    32.1335 -9.990e-29     0.5923 1.6831e+01  1025.0503     7.9487    25.0306    10.2806    313.428    9.62011  293.29157    106.866 -9.990e-29
   39.94864  -72.03262      4.313      4.280     7.9495    32.1335 -9.990e-29     0.5923 1.6878e+01  1025.0503     7.9491    25.0306    10.2802    313.416    9.62012  293.29169    106.862 -9.990e-29
   39.94864  -72.03262      4.292      4.259     7.9493    32.1336 -9.990e-29     0.5923 1.6878e+01  1025.0504     7.9489    25.0307    10.2807    313.430    9.62011  293.29136    106.866 -9.990e-29
   39.94864  -72.03262      4.292      4.259     7.9497    32.1336 -9.990e-29     0.5923 1.6926e+01  1025.0503     7.9492    25.0307    10.2802    313.415    9.62008  293.29040    106.862 -9.990e-29
   39.94864  -72.03262      4.292      4.259     7.9500    32.1337 -9.990e-29     0.5923 1.6926e+01  1025.0502     7.9496    25.0307    10.2806    313.427    9.62004  293.28949    106.866 -9.990e-29
   39.94864  -72.03262      4.292      4.259     7.9501    32.1339 -9.990e-29     0.5923 1.6973e+01  1025.0505     7.9497    25.0308    10.2862    313.598    9.62001  293.28839    106.925 -9.990e-29
   39.94864  -72.03262      4.271      4.239     7.9508    32.1340 -9.990e-29     0.5923 1.6973e+01  1025.0502     7.9504    25.0308    10.2804    313.420    9.62001  293.28835    106.864 -9.990e-29
   39.94864  -72.03262      4.281      4.248     7.9509    32.1340 -9.990e-29     0.5923 1.6973e+01  1025.0504     7.9505    25.0308    10.2806    313.430    9.61999  293.28788    106.868 -9.990e-29
   39.94864  -72.03262      4.281      4.248     7.9514    32.1340 -9.990e-29     0.5923 1.7069e+01  1025.0502     7.9510    25.0308    10.2871    313.627    9.62001  293.28850    106.935 -9.990e-29
   39.94864  -72.03262      4.282      4.250     7.9516    32.1340 -9.990e-29     0.5923 1.7069e+01  1025.0504     7.9512    25.0307    10.2822    313.476    9.62005  293.28981    106.883 -9.990e-29
   39.94864  -72.03262      4.271      4.239     7.9519    32.1339 -9.990e-29     0.5923 1.7117e+01  1025.0501     7.9515    25.0306    10.2825    313.485    9.62008  293.29070    106.886 -9.990e-29
   39.94864  -72.03262      4.271      4.239     7.9521    32.1337 -9.990e-29     0.5923 1.7165e+01  1025.0499     7.9517    25.0304    10.2828    313.495    9.62010  293.29126    106.889 -9.990e-29
   39.94864  -72.03262      4.271      4.239     7.9521    32.1336 -9.990e-29     0.5923 1.7214e+01  1025.0499     7.9517    25.0303    10.2831    313.505    9.62012  293.29189    106.892 -9.990e-29
   39.94864  -72.03262      4.271      4.239     7.9522    32.1335 -9.990e-29     0.5923 1.7238e+01  1025.0498     7.9518    25.0302    10.2824    313.482    9.62003  293.28925    106.885 -9.990e-29
   39.94864  -72.03262      4.262      4.229     7.9523    32.1333 -9.990e-29     0.5923 1.7286e+01  1025.0495     7.9519    25.0300    10.2818    313.465    9.62010  293.29139    106.878 -9.990e-29
   39.94864  -72.03262      4.262      4.229     7.9524    32.1333 -9.990e-29     0.5923 1.7286e+01  1025.0494     7.9520    25.0300    10.2872    313.629    9.62006  293.29012    106.935 -9.990e-29
   39.94864  -72.03262      4.251      4.218     7.9521    32.1334 -9.990e-29     0.5923 1.7286e+01  1025.0497     7.9517    25.0301    10.2874    313.634    9.62011  293.29134    106.936 -9.990e-29
   39.94864  -72.03262      4.262      4.229     7.9521    32.1334 -9.990e-29     0.5923 1.7335e+01  1025.0497     7.9517    25.0301    10.2821    313.473    9.62004  293.28935    106.882 -9.990e-29
   39.94864  -72.03262      4.241      4.209     7.9522    32.1333 -9.990e-29     0.5923 1.7335e+01  1025.0493     7.9518    25.0300    10.2874    313.635    9.62005  293.28961    106.937 -9.990e-29
   39.94864  -72.03262      4.241      4.209     7.9522    32.1332 -9.990e-29     0.5923 1.7384e+01  1025.0495     7.9518    25.0300    10.2882    313.659    9.62000  293.28808    106.946 -9.990e-29
   39.94864  -72.03262      4.241      4.209     7.9524    32.1331 -9.990e-29     0.5923 1.7384e+01  1025.0492     7.9520    25.0299    10.2891    313.686    9.62004  293.28941    106.954 -9.990e-29
   39.94864  -72.03262      4.221      4.188     7.9522    32.1330 -9.990e-29     0.5923 1.7384e+01  1025.0490     7.9518    25.0298    10.2898    313.709    9.62001  293.28859    106.962 -9.990e-29
   39.94864  -72.03262      4.232      4.199     7.9522    32.1332 -9.990e-29     0.5923 1.7384e+01  1025.0493     7.9518    25.0300    10.2845    313.546    9.62004  293.28956    106.907 -9.990e-29
   39.94864  -72.03262      4.211      4.179     7.9522    32.1334 -9.990e-29     0.5923 1.7384e+01  1025.0495     7.9518    25.0301    10.2906    313.733    9.62012  293.29190    106.969 0.0000e+00
   39.94864  -72.03262      4.200      4.168     7.9522    32.1333 -9.990e-29     0.6057 1.7384e+01  1025.0494     7.9518    25.0301    10.2904    313.728    9.62016  293.29309    106.967 0.0000e+00
   39.94864  -72.03262      4.190      4.158     7.9524    32.1332 -9.990e-29     0.6057 1.7384e+01  1025.0489     7.9520    25.0300    10.2912    313.750    9.62021  293.29472    106.974 -9.990e-29
   39.94864  -72.03262      4.190      4.158     7.9521    32.1332 -9.990e-29     0.6057 1.7384e+01  1025.0491     7.9517    25.0300    10.2908    313.739    9.62015  293.29283    106.971 -9.990e-29
   39.94864  -72.03262      4.170      4.138     7.9522    32.1333 -9.990e-29     0.6057 1.7384e+01  1025.0491     7.9518    25.0301    10.2914    313.757    9.62018  293.29374    106.977 0.0000e+00
   39.94864  -72.03262      4.160      4.128     7.9519    32.1333 -9.990e-29     0.6057 1.7384e+01  1025.0494     7.9515    25.0301    10.2919    313.771    9.62016  293.29301    106.982 0.0000e+00
   39.94864  -72.03262      4.140      4.108     7.9521    32.1332 -9.990e-29     0.6057 1.7384e+01  1025.0487     7.9517    25.0300    10.2923    313.786    9.62013  293.29216    106.987 0.0000e+00
   39.94864  -72.03262      4.130      4.098     7.9516    32.1330 -9.990e-29     0.6057 1.7384e+01  1025.0490     7.9512    25.0299    10.2927    313.798    9.62009  293.29071    106.992 0.0000e+00
   39.94864  -72.03262      4.119      4.087     7.9521    32.1329 -9.990e-29     0.6057 1.7384e+01  1025.0484     7.9517    25.0297    10.2922    313.781    9.62004  293.28918    106.987 0.0000e+00
   39.94864  -72.03262      4.089      4.057     7.9519    32.1329 -9.990e-29     0.6057 1.7384e+01  1025.0483     7.9516    25.0298    10.2916    313.762    9.61997  293.28716    106.981 0.0000e+00
   39.94864  -72.03262      4.079      4.048     7.9518    32.1331 -9.990e-29     0.6057 1.7335e+01  1025.0488     7.9514    25.0300    10.2910    313.744    9.62001  293.28849    106.974 0.0000e+00
   39.94864  -72.03262      4.069      4.038     7.9518    32.1333 -9.990e-29     0.6057 1.7335e+01  1025.0489     7.9514    25.0301    10.2911    313.748    9.61995  293.28682    106.977 0.0000e+00
   39.94864  -72.03262      4.039      4.008     7.9516    32.1332 -9.990e-29     0.6057 1.7335e+01  1025.0485     7.9512    25.0301    10.2912    313.753    9.61995  293.28653    106.978 0.0000e+00
   39.94864  -72.03262      4.019      3.988     7.9516    32.1331 -9.990e-29     0.6057 1.7238e+01  1025.0481     7.9512    25.0301    10.2905    313.730    9.61995  293.28653    106.970 0.0000e+00
   39.94864  -72.03262      3.998      3.967     7.9512    32.1331 -9.990e-29     0.6057 1.7189e+01  1025.0486     7.9509    25.0301    10.2904    313.728    9.61987  293.28414    106.971 0.0000e+00
   39.94864  -72.03262      3.979      3.948     7.9514    32.1330 -9.990e-29     0.6057 1.7189e+01  1025.0481     7.9511    25.0300    10.2906    313.732    9.61995  293.28651    106.971 0.0000e+00
   39.94864  -72.03262      3.947      3.917     7.9512    32.1329 -9.990e-29     0.6057 1.7189e+01  1025.0478     7.9509    25.0299    10.2905    313.731    9.61990  293.28522    106.971 0.0000e+00
   39.94864  -72.03262      3.917      3.887     7.9509    32.1330 -9.990e-29     0.6057 1.7189e+01  1025.0480     7.9505    25.0300    10.2966    313.915    9.61990  293.28539    107.034 0.0000e+00
   39.94864  -72.03262      3.896      3.866     7.9509    32.1332 -9.990e-29     0.6057 1.7189e+01  1025.0479     7.9505    25.0301    10.2912    313.752    9.61992  293.28589    106.978 0.0000e+00
   39.94864  -72.03262      3.877      3.847     7.9511    32.1334 -9.990e-29     0.6057 1.7262e+01  1025.0480     7.9507    25.0303    10.2911    313.748    9.61994  293.28647    106.977 0.0000e+00
   39.94864  -72.03262      3.837      3.808     7.9511    32.1336 -9.990e-29     0.6057 1.7311e+01  1025.0481     7.9507    25.0305    10.2908    313.739    9.61987  293.28409    106.975 0.0000e+00
   39.94864  -72.03262      3.806      3.776     7.9514    32.1337 -9.990e-29     0.6057 1.7311e+01  1025.0478     7.9511    25.0305    10.2906    313.734    9.61989  293.28474    106.972 0.0000e+00
   39.94864  -72.03262      3.785      3.756     7.9511    32.1335 -9.990e-29     0.6057 1.7605e+01  1025.0478     7.9507    25.0303    10.2903    313.725    9.61989  293.28485    106.969 0.0000e+00
   39.94864  -72.03262      3.755      3.726     7.9516    32.1333 -9.990e-29     0.6057 1.7805e+01  1025.0471     7.9512    25.0301    10.2901    313.717    9.61989  293.28506    106.966 0.0000e+00
   39.94864  -72.03262      3.725      3.696     7.9516    32.1333 -9.990e-29     0.6057 1.7905e+01  1025.0470     7.9512    25.0301    10.2897    313.706    9.61989  293.28472    106.963 0.0000e+00
   39.94864  -72.03262      3.685      3.656     7.9518    32.1334 -9.990e-29     0.5923 1.8210e+01  1025.0471     7.9514    25.0302    10.2893    313.695    9.61987  293.28407    106.959 0.0000e+00
   39.94864  -72.03262      3.654      3.626     7.9518    32.1335 -9.990e-29     0.5923 1.8624e+01  1025.0469     7.9514    25.0303    10.2889    313.682    9.61987  293.28419    106.955 0.0000e+00
   39.94864  -72.03262      3.613      3.586     7.9518    32.1336 -9.990e-29     0.5923 1.8677e+01  1025.0469     7.9514    25.0303    10.2885    313.670    9.61989  293.28485    106.951 0.0000e+00
   39.94864  -72.03262      3.583      3.556     7.9519    32.1336 -9.990e-29     0.5923 1.8994e+01  1025.0467     7.9516    25.0303    10.2881    313.657    9.61994  293.28628    106.946 0.0000e+00
   39.94864  -72.03262      3.543      3.516     7.9521    32.1336 -9.990e-29     0.5923 1.9536e+01  1025.0464     7.9518    25.0302    10.2876    313.641    9.61993  293.28611    106.940 0.0000e+00
   39.94864  -72.03262      3.512      3.485     7.9522    32.1336 -9.990e-29     0.5923 1.9702e+01  1025.0463     7.9519    25.0302    10.2870    313.624    9.61998  293.28764    106.934 0.0000e+00
