CalculateIndicators/WaterTemperature/Data/CTD_NYOS/20240426_C04.cnv
* Sea-Bird SBE 9 Data File:
* FileName = C:\Seabird 9 CTD\Data\2024\202404_offshore\20240426_C04.hex
* Software Version Seasave V 7.23.2
* Temperature SN = 4590
* Conductivity SN = 3228
* Number of Bytes Per Scan = 44
* Number of Voltage Words = 5
* Number of Scans Averaged by the Deck Unit = 1
* NMEA Latitude = 40 34.13 N
* NMEA Longitude = 073 24.44 W
* NMEA UTC (Time) = Apr 26 2024  11:14:32
* NMEA baud rate = 4800
** Ship: Seawolf
** Station: 8.1
** Operator: SJW
# nquan = 18
# nvalues = 6873                        
# units = specified
# name 0 = latitude: Latitude [deg]
# name 1 = longitude: Longitude [deg]
# name 2 = prDM: Pressure, Digiquartz [db]
# name 3 = depSM: Depth [salt water, m]
# name 4 = t090C: Temperature [ITS-90, deg C]
# name 5 = sal00: Salinity, Practical [PSU]
# name 6 = ph: pH
# name 7 = flECO-AFL: Fluorescence, WET Labs ECO-AFL/FL [mg/m^3]
# name 8 = cpar: CPAR/Corrected Irradiance [%]
# name 9 = density00: Density [density, kg/m^3]
# name 10 = potemp090C: Potential Temperature [ITS-90, deg C]
# name 11 = sigma-é00: Density [sigma-theta, kg/m^3]
# name 12 = sbeox0Mg/L: Oxygen, SBE 43 [mg/l]
# name 13 = sbox0Mm/Kg: Oxygen, SBE 43 [umol/kg]
# name 14 = oxsolMg/L: Oxygen Saturation, Garcia & Gordon [mg/l]
# name 15 = oxsolMm/Kg: Oxygen Saturation, Garcia & Gordon [umol/kg]
# name 16 = sbeox0PS: Oxygen, SBE 43 [% saturation]
# name 17 = flag:  0.000e+00
# span 0 =   40.56888,   40.56894       
# span 1 =  -73.40814,  -73.40738       
# span 2 =      1.725,     14.796       
# span 3 =      1.711,     14.682       
# span 4 =     8.7454,     9.4701       
# span 5 =    29.5500,    30.0758       
# span 6 =      7.942,      8.022       
# span 7 =     0.5386,     1.1430       
# span 8 = 1.2349e-01, 1.5132e+02       
# span 9 =  1022.7958,  1023.3700       
# span 10 =     8.7439,     9.4697      
# span 11 =    22.7841,    23.3027      
# span 12 =     8.5280,     9.4646      
# span 13 =    260.438,    289.182      
# span 14 =    9.45317,    9.57691      
# span 15 =  288.82119,  292.46797      
# span 16 =     89.064,    100.077      
# span 17 = 0.0000e+00, 0.0000e+00      
# interval = seconds: 0.0416667
# start_time = Apr 26 2024 11:14:34 [System UTC, first data scan.]
# bad_flag = -9.990e-29
*END*
[from data line 2493]
   40.56890  -73.40760     11.368     11.280     9.1754    29.7468      7.959     0.8475 4.5024e-01  1023.0334     9.1742    22.9817     8.8487    270.320    9.49798  290.15540     93.164 -9.990e-29
   40.56890  -73.40760     11.348     11.260     9.1771    29.7457      7.959     0.8475 4.5089e-01  1023.0324     9.1760    22.9805     8.8541    270.486    9.49810  290.15903     93.220 -9.990e-29
   40.56890  -73.40760     11.348     11.260     9.1788    29.7443      7.959     0.8475 4.5089e-01  1023.0312     9.1777    22.9792     8.8539    270.479    9.49821  290.16223     93.216 -9.990e-29
   40.56890  -73.40760     11.338     11.250     9.1807    29.7428      7.959     0.8475 4.5089e-01  1023.0293     9.1796    22.9778     8.8596    270.655    9.49790  290.15329     93.280 -9.990e-29
   40.56890  -73.40760     11.338     11.250     9.1823    29.7417      7.959     0.8341 4.4960e-01  1023.0281     9.1811    22.9766     8.8599    270.665    9.49778  290.14994     93.284 -9.990e-29
   40.56890  -73.40760     11.328     11.241     9.1842    29.7410      7.959     0.8475 4.4960e-01  1023.0273     9.1830    22.9758     8.8599    270.662    9.49770  290.14783     93.284 -9.990e-29
   40.56890  -73.40760     11.328     11.241     9.1858    29.7407      7.959     0.8341 4.4960e-01  1023.0272     9.1846    22.9753     8.8604    270.677    9.49777  290.14997     93.289 -9.990e-29
   40.56890  -73.40760     11.317     11.230     9.1875    29.7402      7.959     0.8475 4.4960e-01  1023.0264     9.1863    22.9747     8.8602    270.674    9.49767  290.14714     93.288 -9.990e-29
   40.56890  -73.40760     11.317     11.230     9.1892    29.7395      7.959     0.8475 4.4832e-01  1023.0257     9.1881    22.9739     8.8598    270.661    9.49763  290.14606     93.284 -9.990e-29
   40.56890  -73.40760     11.317     11.230     9.1909    29.7385      7.959     0.8341 4.4769e-01  1023.0245     9.1898    22.9729     8.8657    270.840    9.49746  290.14068     93.348 -9.990e-29
   40.56890  -73.40760     11.308     11.220     9.1925    29.7374      7.959     0.8341 4.4769e-01  1023.0233     9.1914    22.9718     8.8658    270.844    9.49716  290.13161     93.352 0.0000e+00
   40.56890  -73.40760     11.298     11.211     9.1940    29.7364      7.959     0.8475 4.4642e-01  1023.0223     9.1928    22.9708     8.8712    271.010    9.49657  290.11418     93.415 -9.990e-29
   40.56890  -73.40760     11.308     11.220     9.1956    29.7355      7.959     0.8475 4.4642e-01  1023.0213     9.1945    22.9699     8.8724    271.047    9.49658  290.11480     93.428 -9.990e-29
   40.56890  -73.40760     11.287     11.200     9.1966    29.7348      7.959     0.8475 4.4515e-01  1023.0207     9.1955    22.9691     8.8790    271.247    9.49709  290.12992     93.492 0.0000e+00
   40.56890  -73.40760     11.278     11.190     9.1976    29.7342      7.959     0.8475 4.4388e-01  1023.0197     9.1965    22.9685     8.8786    271.236    9.49643  290.11057     93.494 -9.990e-29
   40.56890  -73.40760     11.278     11.190     9.1984    29.7338      7.959     0.8341 4.4388e-01  1023.0195     9.1973    22.9680     8.8789    271.246    9.49604  290.09929     93.501 -9.990e-29
   40.56890  -73.40760     11.278     11.190     9.1993    29.7334      7.959     0.8341 4.4262e-01  1023.0191     9.1981    22.9676     8.8785    271.235    9.49545  290.08190     93.503 -9.990e-29
   40.56890  -73.40760     11.257     11.170     9.2002    29.7330      7.959     0.8341 4.4136e-01  1023.0185     9.1991    22.9671     8.8833    271.383    9.49451  290.05428     93.563 -9.990e-29
   40.56890  -73.40760     11.267     11.179     9.2012    29.7325      7.959     0.8475 4.4011e-01  1023.0181     9.2001    22.9666     8.8843    271.413    9.49448  290.05341     93.573 -9.990e-29
   40.56890  -73.40760     11.247     11.160     9.2022    29.7321      7.959     0.8475 4.4011e-01  1023.0175     9.2011    22.9662     8.8857    271.456    9.49525  290.07601     93.581 -9.990e-29
   40.56890  -73.40760     11.247     11.160     9.2032    29.7316      7.959     0.8341 4.3760e-01  1023.0171     9.2020    22.9657     8.8873    271.504    9.49583  290.09317     93.592 -9.990e-29
   40.56890  -73.40760     11.247     11.160     9.2039    29.7312      7.964     0.8341 4.3760e-01  1023.0163     9.2027    22.9652     8.8947    271.727    9.49656  290.11461     93.662 -9.990e-29
   40.56890  -73.40760     11.227     11.140     9.2041    29.7308      7.959     0.7669 4.3636e-01  1023.0160     9.2030    22.9647     8.8951    271.741    9.49690  290.12461     93.664 -9.990e-29
   40.56890  -73.40760     11.227     11.140     9.2052    29.7306      7.959     0.7400 4.3512e-01  1023.0156     9.2041    22.9645     8.8998    271.884    9.49599  290.09722     93.722 -9.990e-29
   40.56890  -73.40760     11.217     11.130     9.2056    29.7304      7.959     0.7266 4.3388e-01  1023.0157     9.2045    22.9643     8.8977    271.821    9.49328  290.01754     93.726 -9.990e-29
   40.56890  -73.40760     11.217     11.130     9.2064    29.7300      7.959     0.7266 4.3265e-01  1023.0152     9.2053    22.9639     8.8962    271.778    9.49162  289.96904     93.727 -9.990e-29
   40.56890  -73.40760     11.196     11.110     9.2068    29.7296      7.959     0.7400 4.3141e-01  1023.0144     9.2057    22.9635     8.9033    271.994    9.49201  289.98095     93.797 -9.990e-29
   40.56890  -73.40760     11.196     11.110     9.2073    29.7292      7.959     0.7266 4.3141e-01  1023.0141     9.2061    22.9632     8.9047    272.037    9.49239  289.99210     93.808 -9.990e-29
   40.56890  -73.40760     11.176     11.089     9.2073    29.7290      7.959     0.7266 4.3019e-01  1023.0140     9.2062    22.9629     8.9118    272.255    9.49298  290.00944     93.878 0.0000e+00
   40.56890  -73.40760     11.172     11.085     9.2083    29.7288      7.959     0.7400 4.2957e-01  1023.0136     9.2071    22.9626     8.9138    272.313    9.49399  290.03891     93.888 0.0000e+00
   40.56890  -73.40760     11.155     11.069     9.2086    29.7283      7.959     0.7266 4.2835e-01  1023.0133     9.2075    22.9621     8.9148    272.345    9.49466  290.05785     93.893 0.0000e+00
   40.56890  -73.40760     11.146     11.059     9.2094    29.7275      7.964     0.7266 4.2835e-01  1023.0121     9.2082    22.9614     8.9216    272.550    9.49471  290.05723     93.964 -9.990e-29
   40.56890  -73.40760     11.146     11.059     9.2102    29.7268      7.959     0.7266 4.2713e-01  1023.0116     9.2091    22.9608     8.9244    272.637    9.49078  289.93958     94.032 -9.990e-29
   40.56890  -73.40760     11.115     11.029     9.2106    29.7263      7.959     0.7266 4.2713e-01  1023.0112     9.2095    22.9603     8.9136    272.315    9.48446  289.75370     93.982 -9.990e-29
   40.56890  -73.40760     11.115     11.029     9.2113    29.7257      7.959     0.7266 4.2713e-01  1023.0103     9.2102    22.9598     8.9147    272.353    9.47996  289.62321     94.037 -9.990e-29
   40.56890  -73.40760     11.095     11.009     9.2121    29.7253      7.959     0.7400 4.2773e-01  1023.0100     9.2110    22.9593     8.9142    272.339    9.47933  289.60620     94.038 0.0000e+00
   40.56890  -73.40760     11.085     10.999     9.2128    29.7250      7.959     0.7266 4.2651e-01  1023.0095     9.2117    22.9590     8.9224    272.591    9.48097  289.65550     94.109 0.0000e+00
   40.56890  -73.40760     11.074     10.988     9.2135    29.7248      7.959     0.7266 4.2651e-01  1023.0092     9.2124    22.9587     8.9261    272.700    9.48363  289.73393     94.121 0.0000e+00
   40.56890  -73.40760     11.055     10.969     9.2139    29.7246      7.959     0.7266 4.2773e-01  1023.0088     9.2128    22.9585     8.9278    272.751    9.48493  289.77185     94.126 0.0000e+00
   40.56890  -73.40760     11.034     10.949     9.2141    29.7246      7.964     0.7266 4.2834e-01  1023.0089     9.2130    22.9585     8.9286    272.774    9.48511  289.77456     94.133 0.0000e+00
   40.56890  -73.40760     11.024     10.939     9.2151    29.7245      7.959     0.7400 4.2834e-01  1023.0086     9.2139    22.9583     8.9321    272.880    9.48266  289.69999     94.194 0.0000e+00
   40.56890  -73.40760     11.004     10.919     9.2151    29.7240      7.959     0.7266 4.2834e-01  1023.0084     9.2140    22.9578     8.9273    272.738    9.47792  289.56069     94.190 0.0000e+00
   40.56890  -73.40760     10.993     10.908     9.2161    29.7231      7.959     0.7266 4.2894e-01  1023.0072     9.2150    22.9570     8.9259    272.699    9.47608  289.50733     94.194 0.0000e+00
   40.56890  -73.40760     10.974     10.889     9.2170    29.7220      7.964     0.7266 4.3017e-01  1023.0060     9.2159    22.9560     8.9322    272.891    9.47627  289.51363     94.259 0.0000e+00
   40.56890  -73.40760     10.953     10.868     9.2177    29.7211      7.964     0.7266 4.3201e-01  1023.0048     9.2166    22.9553     8.9329    272.911    9.47650  289.52066     94.263 0.0000e+00
   40.56890  -73.40760     10.947     10.863     9.2174    29.7208      7.959     0.7400 4.3324e-01  1023.0046     9.2163    22.9551     8.9384    273.080    9.47619  289.51120     94.325 0.0000e+00
   40.56890  -73.40762     10.902     10.818     9.2161    29.7210      7.959     0.6863 4.3448e-01  1023.0054     9.2150    22.9553     8.9376    273.057    9.47538  289.48712     94.325 -9.990e-29
   40.56890  -73.40762     10.902     10.818     9.2168    29.7212      7.959     0.6192 4.3448e-01  1023.0052     9.2157    22.9554     8.9374    273.052    9.47487  289.47232     94.328 -9.990e-29
   40.56890  -73.40762     10.881     10.797     9.2174    29.7212      7.964     0.6057 4.3883e-01  1023.0047     9.2163    22.9554     8.9433    273.233    9.47497  289.47554     94.389 0.0000e+00
   40.56890  -73.40762     10.862     10.778     9.2166    29.7214      7.959     0.6057 4.4008e-01  1023.0053     9.2155    22.9556     8.9448    273.279    9.47631  289.51600     94.392 0.0000e+00
   40.56890  -73.40762     10.831     10.747     9.2159    29.7212      7.959     0.6192 4.4197e-01  1023.0057     9.2148    22.9555     8.9471    273.344    9.47802  289.56573     94.398 0.0000e+00
   40.56890  -73.40762     10.821     10.737     9.2179    29.7202      7.964     0.6192 4.4576e-01  1023.0038     9.2168    22.9546     8.9462    273.317    9.47736  289.54551     94.395 0.0000e+00
   40.56890  -73.40762     10.791     10.707     9.2189    29.7189      7.964     0.6192 4.4895e-01  1023.0025     9.2178    22.9534     8.9485    273.392    9.47392  289.44471     94.454 0.0000e+00
   40.56890  -73.40762     10.760     10.677     9.2197    29.7179      7.959     0.6057 4.4895e-01  1023.0011     9.2186    22.9526     8.9525    273.516    9.47175  289.38139     94.518 0.0000e+00
   40.56890  -73.40762     10.751     10.668     9.2192    29.7172      7.964     0.6192 4.5539e-01  1023.0015     9.2181    22.9519     8.9520    273.504    9.47081  289.35437     94.522 0.0000e+00
   40.56890  -73.40762     10.719     10.636     9.2202    29.7165      7.964     0.6192 4.5864e-01  1022.9999     9.2191    22.9513     8.9524    273.517    9.47116  289.36565     94.523 0.0000e+00
   40.56890  -73.40762     10.700     10.617     9.2205    29.7160      7.964     0.6192 4.5864e-01  1022.9993     9.2194    22.9508     8.9596    273.736    9.47277  289.41343     94.583 0.0000e+00
   40.56890  -73.40762     10.679     10.597     9.2212    29.7162      7.964     0.6057 4.6456e-01  1022.9996     9.2201    22.9508     8.9603    273.754    9.47366  289.43921     94.581 0.0000e+00
   40.56890  -73.40762     10.649     10.567     9.2223    29.7160      7.964     0.6192 4.6988e-01  1022.9999     9.2212    22.9505     8.9655    273.913    9.47302  289.42010     94.642 0.0000e+00
   40.56890  -73.40762     10.628     10.546     9.2258    29.7149      7.964     0.6192 4.6988e-01  1022.9975     9.2247    22.9494     8.9636    273.858    9.47121  289.36715     94.640 0.0000e+00
   40.56890  -73.40762     10.598     10.516     9.2263    29.7140      7.964     0.6192 4.7730e-01  1022.9959     9.2252    22.9485     8.9613    273.791    9.46879  289.29655     94.640 0.0000e+00
   40.56890  -73.40762     10.578     10.496     9.2233    29.7133      7.964     0.6192 4.8414e-01  1022.9977     9.2222    22.9479     8.9658    273.929    9.46763  289.26276     94.699 0.0000e+00
   40.56890  -73.40762     10.547     10.466     9.2274    29.7117      7.964     0.6192 4.8484e-01  1022.9943     9.2263    22.9465     8.9665    273.953    9.46760  289.26190     94.707 0.0000e+00
   40.56890  -73.40762     10.527     10.445     9.2297    29.7096      7.964     0.6192 4.9039e-01  1022.9926     9.2286    22.9443     8.9727    274.142    9.46759  289.26167     94.773 0.0000e+00
   40.56890  -73.40762     10.496     10.415     9.2332    29.7072      7.964     0.6192 4.9883e-01  1022.9900     9.2321    22.9419     8.9736    274.168    9.46797  289.27259     94.778 0.0000e+00
   40.56890  -73.40762     10.466     10.385     9.2387    29.7050      7.963     0.6192 5.0025e-01  1022.9862     9.2377    22.9397     8.9730    274.150    9.46759  289.26165     94.776 0.0000e+00
   40.56890  -73.40762     10.436     10.355     9.2390    29.7046      7.963     0.6192 5.0527e-01  1022.9856     9.2380    22.9394     8.9785    274.320    9.46710  289.24738     94.839 0.0000e+00
   40.56890  -73.40762     10.429     10.348     9.2345    29.7062      7.964     0.6192 5.1543e-01  1022.9885     9.2335    22.9411     8.9785    274.321    9.46689  289.24117     94.842 0.0000e+00
   40.56890  -73.40762     10.396     10.316     9.2310    29.7086      7.968     0.6192 5.1690e-01  1022.9910     9.2299    22.9435     8.9843    274.496    9.46697  289.24350     94.901 0.0000e+00
   40.56890  -73.40762     10.364     10.284     9.2269    29.7106      7.968     0.6057 5.2132e-01  1022.9933     9.2259    22.9454     8.9891    274.644    9.46605  289.21698     94.961 0.0000e+00
   40.56890  -73.40762     10.345     10.265     9.2248    29.7111      7.964     0.6192 5.3030e-01  1022.9948     9.2238    22.9458     8.9880    274.613    9.46434  289.16703     94.967 0.0000e+00
   40.56890  -73.40762     10.315     10.235     9.2295    29.7082      7.968     0.6192 5.3332e-01  1022.9928     9.2285    22.9427     8.9867    274.575    9.46297  289.12712     94.967 0.0000e+00
   40.56890  -73.40762     10.283     10.204     9.2453    29.7017      7.968     0.6192 5.3636e-01  1022.9823     9.2442    22.9361     8.9921    274.742    9.46217  289.10383     95.032 0.0000e+00
   40.56890  -73.40762     10.264     10.185     9.2557    29.6958      7.968     0.6057 5.4559e-01  1022.9740     9.2546    22.9304     8.9927    274.761    9.46221  289.10510     95.038 0.0000e+00
   40.56890  -73.40762     10.243     10.164     9.2536    29.6939      7.968     0.6192 5.5182e-01  1022.9746     9.2526    22.9287     8.9993    274.960    9.46281  289.12286     95.101 0.0000e+00
   40.56890  -73.40762     10.213     10.134     9.2515    29.6949      7.968     0.6057 5.5262e-01  1022.9756     9.2505    22.9298     9.0001    274.984    9.46273  289.12055     95.111 0.0000e+00
   40.56890  -73.40762     10.192     10.114     9.2480    29.6976      7.968     0.6192 5.6372e-01  1022.9779     9.2470    22.9324     9.0055    275.151    9.46204  289.10032     95.175 0.0000e+00
   40.56890  -73.40762     10.162     10.084     9.2418    29.7019      7.968     0.6192 5.7016e-01  1022.9826     9.2408    22.9364     9.0058    275.162    9.46124  289.07663     95.186 0.0000e+00
   40.56890  -73.40762     10.136     10.058     9.2371    29.7073      7.968     0.6057 5.7179e-01  1022.9874     9.2361    22.9411     9.0115    275.336    9.46044  289.05331     95.254 0.0000e+00
