CalculateIndicators/WaterTemperature/Data/CTD_NYOS/20240426_C06.cnv
* Sea-Bird SBE 9 Data File:
* FileName = C:\Seabird 9 CTD\Data\2024\202404_offshore\20240426_C06.hex
* Software Version Seasave V 7.23.2
* Temperature SN = 4590
* Conductivity SN = 3228
* Number of Bytes Per Scan = 44
* Number of Voltage Words = 5
* Number of Scans Averaged by the Deck Unit = 1
* NMEA Latitude = 40 04.74 N
* NMEA Longitude = 073 04.17 W
* NMEA UTC (Time) = Apr 26 2024  16:22:05
* NMEA baud rate = 4800
** Ship: Seawolf
** Station: 8.3
** Operator: TCM
# nquan = 18
# nvalues = 12480                       
# units = specified
# name 0 = latitude: Latitude [deg]
# name 1 = longitude: Longitude [deg]
# name 2 = prDM: Pressure, Digiquartz [db]
# name 3 = depSM: Depth [salt water, m]
# name 4 = t090C: Temperature [ITS-90, deg C]
# name 5 = sal00: Salinity, Practical [PSU]
# name 6 = ph: pH
# name 7 = flECO-AFL: Fluorescence, WET Labs ECO-AFL/FL [mg/m^3]
# name 8 = cpar: CPAR/Corrected Irradiance [%]
# name 9 = density00: Density [density, kg/m^3]
# name 10 = potemp090C: Potential Temperature [ITS-90, deg C]
# name 11 = sigma-é00: Density [sigma-theta, kg/m^3]
# name 12 = sbeox0Mg/L: Oxygen, SBE 43 [mg/l]
# name 13 = sbox0Mm/Kg: Oxygen, SBE 43 [umol/kg]
# name 14 = oxsolMg/L: Oxygen Saturation, Garcia & Gordon [mg/l]
# name 15 = oxsolMm/Kg: Oxygen Saturation, Garcia & Gordon [umol/kg]
# name 16 = sbeox0PS: Oxygen, SBE 43 [% saturation]
# name 17 = flag:  0.000e+00
# span 0 =   40.07888,   40.07910       
# span 1 =  -73.06990,  -73.06962       
# span 2 =      1.218,     39.089       
# span 3 =      1.208,     38.785       
# span 4 =     6.2760,     8.8414       
# span 5 =    30.5086,    31.6428       
# span 6 =      7.867,      8.127       
# span 7 =    -0.5762,     4.0709       
# span 8 = 1.2309e-01, 1.5345e+02       
# span 9 =  1023.5704,  1025.0452       
# span 10 =     6.2737,     8.8412      
# span 11 =    23.6276,    24.8646      
# span 12 =     8.2921,    10.1804      
# span 13 =    252.846,    310.729      
# span 14 =    9.52058,   10.04090      
# span 15 =  290.62320,  306.20617      
# span 16 =     82.732,    106.047      
# span 17 = 0.0000e+00, 0.0000e+00      
# interval = seconds: 0.0416667
# start_time = Apr 26 2024 16:22:07 [System UTC, first data scan.]
# bad_flag = -9.990e-29
*END*
[from data line 2895]
   40.07906  -73.06968     38.650     38.350     6.3113    31.6359 -9.990e-29     0.2297 1.3128e-01  1025.0363     6.3081    24.8578     8.3300    254.004   10.02305  305.62744     83.109 -9.990e-29
   40.07906  -73.06968     38.656     38.356     6.3118    31.6355 -9.990e-29     0.2297 1.3090e-01  1025.0356     6.3086    24.8574     8.3238    253.812   10.02302  305.62672     83.047 -9.990e-29
   40.07906  -73.06968     38.660     38.360     6.3114    31.6353 -9.990e-29     0.2297 1.3128e-01  1025.0357     6.3083    24.8573     8.3232    253.794   10.02307  305.62805     83.040 -9.990e-29
   40.07906  -73.06968     38.650     38.350     6.3111    31.6352 -9.990e-29     0.2297 1.3128e-01  1025.0355     6.3080    24.8573     8.3225    253.774   10.02306  305.62774     83.034 -9.990e-29
   40.07906  -73.06968     38.660     38.360     6.3108    31.6352 -9.990e-29     0.2297 1.3128e-01  1025.0359     6.3076    24.8573     8.3220    253.757   10.02309  305.62875     83.028 -9.990e-29
   40.07906  -73.06968     38.656     38.356     6.3105    31.6351      7.876     0.2297 1.3128e-01  1025.0356     6.3073    24.8572     8.3214    253.740   10.02303  305.62701     83.023 -9.990e-29
   40.07906  -73.06968     38.650     38.350     6.3105    31.6350      7.876     0.2297 1.3140e-01  1025.0354     6.3073    24.8572     8.3274    253.923   10.02301  305.62645     83.083 -9.990e-29
   40.07906  -73.06968     38.660     38.360     6.3102    31.6349      7.872     0.2431 1.3140e-01  1025.0357     6.3070    24.8571     8.3269    253.908   10.02303  305.62697     83.078 -9.990e-29
   40.07906  -73.06968     38.667     38.367     6.3105    31.6348      7.876     0.2431 1.3140e-01  1025.0353     6.3073    24.8571     8.3262    253.888   10.02298  305.62546     83.072 -9.990e-29
   40.07906  -73.06968     38.660     38.360     6.3102    31.6348      7.876     0.2565 1.3140e-01  1025.0357     6.3070    24.8571     8.3267    253.901   10.02302  305.62672     83.076 -9.990e-29
   40.07906  -73.06968     38.650     38.350     6.3101    31.6349      7.876     0.2565 1.3102e-01  1025.0353     6.3070    24.8572     8.3271    253.915   10.02306  305.62770     83.080 -9.990e-29
   40.07906  -73.06968     38.667     38.367     6.3097    31.6351      7.876     0.2565 1.3102e-01  1025.0360     6.3065    24.8574     8.3275    253.925   10.02296  305.62500     83.084 -9.990e-29
   40.07906  -73.06968     38.671     38.371     6.3100    31.6352      7.872     0.2565 1.3064e-01  1025.0358     6.3068    24.8574     8.3279    253.938   10.02301  305.62632     83.088 -9.990e-29
   40.07906  -73.06968     38.660     38.360     6.3100    31.6352      7.872     0.2565 1.3064e-01  1025.0358     6.3068    24.8574     8.3217    253.750   10.02295  305.62468     83.027 -9.990e-29
   40.07906  -73.06968     38.660     38.360     6.3098    31.6351      7.876     0.2565 1.3064e-01  1025.0358     6.3067    24.8574     8.3212    253.734   10.02296  305.62484     83.021 -9.990e-29
   40.07906  -73.06968     38.667     38.367     6.3100    31.6351      7.876     0.2431 1.3064e-01  1025.0357     6.3068    24.8574     8.3207    253.718   10.02295  305.62451     83.016 -9.990e-29
   40.07906  -73.06968     38.671     38.371     6.3098    31.6352      7.876     0.2565 1.3064e-01  1025.0358     6.3067    24.8574     8.3202    253.703   10.02290  305.62314     83.012 -9.990e-29
   40.07906  -73.06968     38.671     38.371     6.3101    31.6352      7.876     0.2565 1.3026e-01  1025.0359     6.3070    24.8574     8.3198    253.692   10.02296  305.62498     83.008 -9.990e-29
   40.07906  -73.06968     38.667     38.367     6.3098    31.6352      7.876     0.2565 1.3026e-01  1025.0359     6.3067    24.8574     8.3194    253.680   10.02292  305.62378     83.004 -9.990e-29
   40.07906  -73.06968     38.660     38.360     6.3100    31.6350      7.876     0.2565 1.3026e-01  1025.0355     6.3068    24.8573     8.3191    253.671   10.02297  305.62494     83.001 -9.990e-29
   40.07906  -73.06968     38.671     38.371     6.3098    31.6350      7.872     0.2565 1.3026e-01  1025.0359     6.3067    24.8573     8.3188    253.659   10.02287  305.62206     82.998 -9.990e-29
   40.07906  -73.06968     38.667     38.367     6.3101    31.6350      7.872     0.2565 1.3064e-01  1025.0356     6.3070    24.8573     8.3185    253.652   10.02288  305.62247     82.995 -9.990e-29
   40.07906  -73.06968     38.660     38.360     6.3100    31.6352      7.876     0.2565 1.3064e-01  1025.0358     6.3068    24.8574     8.3248    253.844   10.02283  305.62103     83.058 -9.990e-29
   40.07906  -73.06968     38.671     38.371     6.3098    31.6354      7.876     0.2565 1.3026e-01  1025.0361     6.3066    24.8575     8.3255    253.866   10.02280  305.62007     83.066 -9.990e-29
   40.07906  -73.06968     38.656     38.356     6.3100    31.6354      7.872     0.2565 1.3026e-01  1025.0360     6.3068    24.8575     8.3198    253.691   10.02278  305.61935     83.009 -9.990e-29
   40.07906  -73.06968     38.660     38.360     6.3100    31.6353      7.876     0.2565 1.3026e-01  1025.0358     6.3068    24.8575     8.3262    253.887   10.02286  305.62174     83.072 -9.990e-29
   40.07906  -73.06968     38.660     38.360     6.3100    31.6353      7.876     0.2565 1.3026e-01  1025.0358     6.3068    24.8575     8.3205    253.711   10.02281  305.62031     83.015 -9.990e-29
   40.07906  -73.06968     38.660     38.360     6.3097    31.6354      7.876     0.2565 1.3037e-01  1025.0362     6.3065    24.8576     8.3268    253.905   10.02274  305.61838     83.079 -9.990e-29
   40.07906  -73.06968     38.646     38.346     6.3100    31.6353      7.872     0.2565 1.3026e-01  1025.0357     6.3068    24.8575     8.3277    253.933   10.02281  305.62031     83.088 -9.990e-29
   40.07906  -73.06968     38.650     38.350     6.3098    31.6353      7.876     0.2565 1.3037e-01  1025.0358     6.3066    24.8575     8.3219    253.757   10.02270  305.61720     83.031 -9.990e-29
   40.07906  -73.06968     38.650     38.350     6.3097    31.6353      7.876     0.2565 1.3037e-01  1025.0360     6.3065    24.8575     8.3219    253.755   10.02271  305.61751     83.030 -9.990e-29
   40.07906  -73.06968     38.656     38.356     6.3098    31.6353      7.876     0.2565 1.3064e-01  1025.0360     6.3067    24.8575     8.3219    253.755   10.02277  305.61922     83.030 -9.990e-29
   40.07906  -73.06968     38.639     38.339     6.3100    31.6352      7.876     0.3237 1.3037e-01  1025.0356     6.3068    24.8574     8.3285    253.957   10.02284  305.62144     83.095 -9.990e-29
   40.07906  -73.06968     38.650     38.350     6.3100    31.6352      7.876     0.3505 1.3037e-01  1025.0358     6.3068    24.8574     8.3295    253.987   10.02287  305.62243     83.105 -9.990e-29
   40.07906  -73.06968     38.635     38.335     6.3100    31.6353      7.876     0.3505 1.3037e-01  1025.0358     6.3068    24.8575     8.3296    253.989   10.02297  305.62536     83.105 -9.990e-29
   40.07906  -73.06968     38.629     38.330     6.3097    31.6355      7.876     0.3505 1.3075e-01  1025.0360     6.3065    24.8576     8.3305    254.017   10.02295  305.62480     83.114 -9.990e-29
   40.07906  -73.06968     38.639     38.339     6.3100    31.6355      7.876     0.3505 1.3075e-01  1025.0360     6.3068    24.8576     8.3315    254.047   10.02299  305.62602     83.124 -9.990e-29
   40.07906  -73.06968     38.620     38.320     6.3100    31.6355      7.876     0.3505 1.3075e-01  1025.0358     6.3068    24.8576     8.3325    254.078   10.02306  305.62801     83.133 -9.990e-29
   40.07906  -73.06968     38.635     38.335     6.3100    31.6354      7.876     0.3505 1.3113e-01  1025.0359     6.3068    24.8575     8.3334    254.105   10.02300  305.62628     83.142 -9.990e-29
   40.07906  -73.06968     38.620     38.320     6.3100    31.6353      7.872     0.3505 1.3151e-01  1025.0356     6.3068    24.8574     8.3344    254.136   10.02307  305.62813     83.152 -9.990e-29
   40.07906  -73.06968     38.620     38.320     6.3100    31.6352      7.876     0.3505 1.3113e-01  1025.0357     6.3068    24.8574     8.3353    254.164   10.02305  305.62777     83.161 -9.990e-29
   40.07906  -73.06968     38.616     38.316     6.3102    31.6352      7.872     0.3505 1.3113e-01  1025.0357     6.3070    24.8574     8.3353    254.163   10.02310  305.62935     83.161 -9.990e-29
   40.07906  -73.06968     38.620     38.320     6.3101    31.6352      7.872     0.3505 1.3113e-01  1025.0356     6.3070    24.8574     8.3351    254.158   10.02306  305.62808     83.159 -9.990e-29
   40.07906  -73.06968     38.609     38.309     6.3103    31.6352      7.876     0.3505 1.3113e-01  1025.0355     6.3072    24.8574     8.3350    254.155   10.02308  305.62864     83.158 -9.990e-29
   40.07906  -73.06968     38.605     38.305     6.3103    31.6352      7.876     0.3505 1.3113e-01  1025.0355     6.3071    24.8574     8.3358    254.178   10.02305  305.62763     83.166 -9.990e-29
   40.07906  -73.06968     38.599     38.299     6.3105    31.6353      7.876     0.3505 1.3113e-01  1025.0356     6.3073    24.8575     8.3366    254.204   10.02305  305.62780     83.174 -9.990e-29
   40.07906  -73.06968     38.609     38.309     6.3103    31.6355      7.876     0.3505 1.3113e-01  1025.0359     6.3071    24.8576     8.3375    254.231   10.02311  305.62941     83.183 -9.990e-29
   40.07906  -73.06968     38.589     38.290     6.3105    31.6355      7.876     0.3505 1.3113e-01  1025.0357     6.3073    24.8576     8.3372    254.223   10.02305  305.62779     83.180 -9.990e-29
   40.07906  -73.06968     38.595     38.295     6.3105    31.6355      7.876     0.3505 1.3151e-01  1025.0357     6.3073    24.8576     8.3381    254.248   10.02311  305.62942     83.188 -9.990e-29
   40.07906  -73.06968     38.589     38.290     6.3106    31.6354      7.872     0.3505 1.3113e-01  1025.0356     6.3075    24.8575     8.3454    254.472   10.02311  305.62950     83.262 -9.990e-29
   40.07906  -73.06968     38.589     38.290     6.3105    31.6354      7.876     0.3505 1.3151e-01  1025.0355     6.3073    24.8575     8.3462    254.495   10.02319  305.63179     83.269 -9.990e-29
   40.07906  -73.06968     38.584     38.284     6.3105    31.6354      7.876     0.3505 1.3151e-01  1025.0356     6.3073    24.8575     8.3401    254.312   10.02306  305.62802     83.210 -9.990e-29
   40.07906  -73.06968     38.569     38.269     6.3103    31.6354      7.876     0.3505 1.3189e-01  1025.0355     6.3072    24.8575     8.3397    254.299   10.02308  305.62862     83.205 -9.990e-29
   40.07906  -73.06968     38.578     38.279     6.3106    31.6354      7.876     0.3505 1.3189e-01  1025.0354     6.3075    24.8575     8.3393    254.286   10.02309  305.62894     83.201 -9.990e-29
   40.07906  -73.06968     38.565     38.265     6.3107    31.6355      7.876     0.3505 1.3189e-01  1025.0354     6.3075    24.8575     8.3389    254.272   10.02312  305.62991     83.196 -9.990e-29
   40.07906  -73.06968     38.578     38.279     6.3105    31.6354      7.872     0.3505 1.3189e-01  1025.0358     6.3073    24.8575     8.3393    254.286   10.02308  305.62849     83.201 -9.990e-29
   40.07906  -73.06968     38.558     38.258     6.3109    31.6352      7.876     0.3103 1.3189e-01  1025.0350     6.3078    24.8573     8.3398    254.301   10.02306  305.62808     83.206 -9.990e-29
   40.07906  -73.06968     38.558     38.258     6.3108    31.6351      7.876     0.2565 1.3189e-01  1025.0351     6.3076    24.8573     8.3403    254.318   10.02312  305.62968     83.211 -9.990e-29
   40.07906  -73.06968     38.554     38.254     6.3105    31.6352      7.876     0.2565 1.3189e-01  1025.0354     6.3073    24.8573     8.3409    254.334   10.02315  305.63065     83.216 -9.990e-29
   40.07906  -73.06968     38.558     38.258     6.3109    31.6351      7.876     0.2565 1.3189e-01  1025.0352     6.3078    24.8572     8.3413    254.347   10.02309  305.62897     83.221 -9.990e-29
   40.07906  -73.06968     38.548     38.249     6.3108    31.6351      7.876     0.2565 1.3227e-01  1025.0350     6.3076    24.8572     8.3419    254.364   10.02315  305.63064     83.226 -9.990e-29
   40.07906  -73.06968     38.544     38.245     6.3109    31.6352      7.872     0.2565 1.3227e-01  1025.0352     6.3078    24.8573     8.3489    254.579   10.02318  305.63138     83.296 -9.990e-29
   40.07906  -73.06968     38.548     38.249     6.3109    31.6352      7.876     0.2565 1.3227e-01  1025.0352     6.3078    24.8573     8.3493    254.591   10.02314  305.63042     83.300 -9.990e-29
   40.07906  -73.06968     38.527     38.228     6.3109    31.6351      7.876     0.2565 1.3227e-01  1025.0352     6.3078    24.8572     8.3497    254.602   10.02316  305.63112     83.304 -9.990e-29
   40.07906  -73.06968     38.538     38.239     6.3113    31.6351      7.872     0.2565 1.3227e-01  1025.0348     6.3081    24.8572     8.3499    254.608   10.02314  305.63031     83.306 -9.990e-29
   40.07906  -73.06968     38.534     38.235     6.3109    31.6351      7.876     0.2565 1.3265e-01  1025.0351     6.3078    24.8572     8.3435    254.415   10.02314  305.63057     83.243 -9.990e-29
   40.07906  -73.06968     38.518     38.219     6.3111    31.6353      7.876     0.2565 1.3216e-01  1025.0350     6.3079    24.8573     8.3491    254.584   10.02303  305.62712     83.299 -9.990e-29
   40.07906  -73.06968     38.538     38.239     6.3108    31.6355      7.872     0.2565 1.3216e-01  1025.0355     6.3077    24.8575     8.3427    254.389   10.02312  305.62966     83.234 -9.990e-29
   40.07906  -73.06968     38.523     38.224     6.3113    31.6355      7.876     0.2565 1.3216e-01  1025.0351     6.3081    24.8575     8.3417    254.360   10.02316  305.63091     83.225 -9.990e-29
   40.07906  -73.06968     38.518     38.219     6.3111    31.6355      7.872     0.2565 1.3216e-01  1025.0354     6.3080    24.8575     8.3407    254.327   10.02310  305.62915     83.214 -9.990e-29
   40.07906  -73.06968     38.518     38.219     6.3114    31.6354      7.872     0.2565 1.3216e-01  1025.0351     6.3083    24.8574     8.3397    254.297   10.02316  305.63091     83.204 -9.990e-29
   40.07906  -73.06968     38.518     38.219     6.3116    31.6352      7.872     0.2565 1.3216e-01  1025.0349     6.3085    24.8573     8.3396    254.294   10.02313  305.63014     83.203 -9.990e-29
   40.07906  -73.06968     38.523     38.224     6.3118    31.6352      7.876     0.2565 1.3216e-01  1025.0348     6.3086    24.8573     8.3395    254.291   10.02313  305.63020     83.202 -9.990e-29
   40.07906  -73.06968     38.507     38.208     6.3113    31.6352      7.872     0.2565 1.3254e-01  1025.0352     6.3081    24.8573     8.3384    254.257   10.02312  305.62969     83.191 -9.990e-29
   40.07906  -73.06968     38.518     38.219     6.3116    31.6352      7.876     0.2565 1.3254e-01  1025.0350     6.3084    24.8572     8.3382    254.254   10.02311  305.62960     83.190 -9.990e-29
   40.07906  -73.06968     38.514     38.215     6.3120    31.6351      7.876     0.2565 1.3254e-01  1025.0346     6.3088    24.8571     8.3371    254.219   10.02314  305.63046     83.179 -9.990e-29
   40.07906  -73.06968     38.518     38.219     6.3116    31.6351      7.876     0.2565 1.3254e-01  1025.0350     6.3084    24.8571     8.3435    254.413   10.02311  305.62946     83.242 -9.990e-29
   40.07906  -73.06968     38.507     38.208     6.3121    31.6350      7.876     0.2565 1.3216e-01  1025.0346     6.3089    24.8570     8.3378    254.240   10.02319  305.63175     83.185 -9.990e-29
   40.07906  -73.06968     38.518     38.219     6.3121    31.6348      7.872     0.2565 1.3216e-01  1025.0346     6.3089    24.8568     8.3365    254.202   10.02316  305.63111     83.173 -9.990e-29
