CalculateIndicators/WaterTemperature/Data/CTD_NYOS/20240914_C29.cnv
* Sea-Bird SBE 9 Data File:
* FileName = C:\Seabird 9 CTD\Data\2024\202409_offshore\20240914_C29.hex
* Software Version Seasave V 7.23.2
* Temperature SN = 4590
* Conductivity SN = 3228
* Number of Bytes Per Scan = 44
* Number of Voltage Words = 5
* Number of Scans Averaged by the Deck Unit = 1
* NMEA Latitude = 39 44.23 N
* NMEA Longitude = 071 24.96 W
* NMEA UTC (Time) = Sep 14 2024  20:16:58
* NMEA baud rate = 4800
** Ship: Seawolf
** Station: 11.7a
** Operator: TDK
# nquan = 18
# nvalues = 20410                       
# units = specified
# name 0 = latitude: Latitude [deg]
# name 1 = longitude: Longitude [deg]
# name 2 = prDM: Pressure, Digiquartz [db]
# name 3 = depSM: Depth [salt water, m]
# name 4 = t090C: Temperature [ITS-90, deg C]
# name 5 = sal00: Salinity, Practical [PSU]
# name 6 = ph: pH
# name 7 = flECO-AFL: Fluorescence, WET Labs ECO-AFL/FL [mg/m^3]
# name 8 = cpar: CPAR/Corrected Irradiance [%]
# name 9 = density00: Density [density, kg/m^3]
# name 10 = potemp090C: Potential Temperature [ITS-90, deg C]
# name 11 = sigma-é00: Density [sigma-theta, kg/m^3]
# name 12 = sbeox0Mg/L: Oxygen, SBE 43 [mg/l]
# name 13 = sbox0Mm/Kg: Oxygen, SBE 43 [umol/kg]
# name 14 = oxsolMg/L: Oxygen Saturation, Garcia & Gordon [mg/l]
# name 15 = oxsolMm/Kg: Oxygen Saturation, Garcia & Gordon [umol/kg]
# name 16 = sbeox0PS: Oxygen, SBE 43 [% saturation]
# name 17 = flag:  0.000e+00
# span 0 =   39.73716,   39.73908       
# span 1 =  -71.42058,  -71.41616       
# span 2 =      1.858,    101.233       
# span 3 =      1.844,    100.435       
# span 4 =    12.7861,    24.4313       
# span 5 =    33.7411,    35.2654       
# span 6 =      8.032,      8.251       
# span 7 =    -0.0792,     0.8341       
# span 8 = 1.0607e-02, 1.7316e+01       
# span 9 =  1022.8098,  1026.9887       
# span 10 =    12.7748,    24.4305      
# span 11 =    22.7998,    26.5429      
# span 12 =     6.0913,     8.9839      
# span 13 =    185.494,    273.814      
# span 14 =    6.87411,    8.52997      
# span 15 =  210.02982,  259.83651      
# span 16 =     73.530,    112.522      
# span 17 = 0.0000e+00, 0.0000e+00      
# interval = seconds: 0.0416667
# start_time = Sep 14 2024 20:16:59 [System UTC, first data scan.]
# bad_flag = -9.990e-29
*END*
[from data line 7639]
   39.73788  -71.41786     81.501     80.863    13.5081    35.1034      8.041    -0.0121 4.5650e-02  1026.7327    13.4966    26.3720     6.3151    192.279    8.37730  255.06765     75.384 -9.990e-29
   39.73788  -71.41786     81.507     80.868    13.5079    35.1038      8.046    -0.0121 4.5650e-02  1026.7332    13.4964    26.3723     6.3098    192.117    8.37736  255.06931     75.320 -9.990e-29
   39.73788  -71.41786     81.490     80.852    13.5077    35.1042      8.046    -0.0121 4.5347e-02  1026.7335    13.4963    26.3726     6.3097    192.114    8.37735  255.06907     75.318 -9.990e-29
   39.73788  -71.41786     81.501     80.863    13.5079    35.1045      8.041    -0.0121 4.5103e-02  1026.7340    13.4964    26.3728     6.3149    192.273    8.37743  255.07152     75.380 -9.990e-29
   39.73788  -71.41786     81.496     80.857    13.5081    35.1046      8.041    -0.0121 4.5103e-02  1026.7337    13.4966    26.3729     6.3155    192.290    8.37740  255.07037     75.387 -9.990e-29
   39.73788  -71.41786     81.511     80.873    13.5077    35.1045      8.041    -0.0121 4.4803e-02  1026.7339    13.4963    26.3728     6.3110    192.153    8.37742  255.07089     75.333 -9.990e-29
   39.73788  -71.41786     81.496     80.857    13.5081    35.1043      8.041    -0.0121 4.4653e-02  1026.7336    13.4966    26.3726     6.3111    192.157    8.37740  255.07036     75.335 -9.990e-29
   39.73788  -71.41786     81.511     80.873    13.5081    35.1039      8.041    -0.0121 4.4653e-02  1026.7334    13.4966    26.3723     6.3165    192.321    8.37742  255.07107     75.399 -9.990e-29
   39.73788  -71.41786     81.507     80.868    13.5077    35.1032      8.046    -0.0121 4.4953e-02  1026.7328    13.4963    26.3719     6.3116    192.171    8.37744  255.07170     75.340 -9.990e-29
   39.73788  -71.41786     81.501     80.863    13.5072    35.1030      8.046    -0.0121 4.5011e-02  1026.7322    13.4958    26.3718     6.3112    192.161    8.37739  255.07002     75.336 -9.990e-29
   39.73788  -71.41786     81.496     80.857    13.5071    35.1036      8.041    -0.0121 4.5011e-02  1026.7332    13.4956    26.3722     6.3110    192.154    8.37741  255.07071     75.333 -9.990e-29
   39.73788  -71.41786     81.501     80.863    13.5074    35.1043      8.046    -0.0121 4.5162e-02  1026.7341    13.4959    26.3727     6.3109    192.149    8.37748  255.07294     75.331 -9.990e-29
   39.73788  -71.41786     81.490     80.852    13.5084    35.1044      8.046    -0.0121 4.5313e-02  1026.7338    13.4970    26.3727     6.3061    192.005    8.37747  255.07244     75.275 -9.990e-29
   39.73788  -71.41786     81.496     80.857    13.5091    35.1041      8.041    -0.0121 4.5221e-02  1026.7331    13.4976    26.3723     6.3055    191.985    8.37746  255.07235     75.267 -9.990e-29
   39.73788  -71.41786     81.490     80.852    13.5096    35.1038      8.046    -0.0121 4.5221e-02  1026.7326    13.4981    26.3720     6.3049    191.969    8.37748  255.07293     75.260 -9.990e-29
   39.73788  -71.41786     81.475     80.837    13.5094    35.1038      8.041    -0.0121 4.5221e-02  1026.7327    13.4980    26.3720     6.3045    191.956    8.37756  255.07546     75.254 -9.990e-29
   39.73788  -71.41786     81.490     80.852    13.5092    35.1041      8.046    -0.0121 4.5129e-02  1026.7331    13.4978    26.3722     6.3042    191.946    8.37769  255.07924     75.249 -9.990e-29
   39.73788  -71.41786     81.475     80.837    13.5091    35.1043      8.041    -0.0121 4.5280e-02  1026.7333    13.4976    26.3724     6.3084    192.075    8.37771  255.08007     75.300 -9.990e-29
   39.73788  -71.41786     81.470     80.831    13.5092    35.1044      8.041    -0.0121 4.5583e-02  1026.7333    13.4978    26.3725     6.3081    192.064    8.37770  255.07973     75.296 -9.990e-29
   39.73788  -71.41786     81.475     80.837    13.5094    35.1044      8.041    -0.0121 4.5491e-02  1026.7332    13.4980    26.3725     6.3026    191.897    8.37771  255.07965     75.230 -9.990e-29
   39.73788  -71.41786     81.470     80.831    13.5091    35.1044      8.046    -0.0121 4.5339e-02  1026.7335    13.4976    26.3724     6.3023    191.889    8.37772  255.08002     75.227 -9.990e-29
   39.73788  -71.41786     81.449     80.811    13.5092    35.1042      8.046    -0.0121 4.4947e-02  1026.7328    13.4978    26.3723     6.3067    192.021    8.37764  255.07757     75.280 -9.990e-29
   39.73788  -71.41786     81.445     80.807    13.5089    35.1042      8.041    -0.0121 4.4947e-02  1026.7330    13.4975    26.3723     6.3071    192.034    8.37759  255.07604     75.285 -9.990e-29
   39.73788  -71.41786     81.439     80.801    13.5087    35.1043      8.041    -0.0121 4.4947e-02  1026.7332    13.4973    26.3725     6.3069    192.029    8.37754  255.07457     75.283 -9.990e-29
   39.73788  -71.41786     81.435     80.797    13.5087    35.1044      8.046    -0.0121 4.5006e-02  1026.7331    13.4973    26.3726     6.3075    192.046    8.37759  255.07621     75.290 -9.990e-29
   39.73788  -71.41786     81.409     80.771    13.5086    35.1048      8.046    -0.0121 4.5006e-02  1026.7332    13.4971    26.3729     6.3080    192.064    8.37763  255.07730     75.296 -9.990e-29
   39.73788  -71.41786     81.414     80.776    13.5086    35.1054      8.041    -0.0121 4.4617e-02  1026.7342    13.4971    26.3733     6.3080    192.063    8.37761  255.07673     75.296 -9.990e-29
   39.73788  -71.41786     81.398     80.760    13.5092    35.1058      8.041    -0.0121 4.4617e-02  1026.7342    13.4978    26.3736     6.3087    192.083    8.37760  255.07650     75.304 -9.990e-29
   39.73788  -71.41786     81.384     80.746    13.5096    35.1058      8.041    -0.0121 4.4617e-02  1026.7342    13.4981    26.3734     6.3035    191.926    8.37755  255.07485     75.243 -9.990e-29
   39.73788  -71.41786     81.378     80.741    13.5103    35.1054      8.041    -0.0121 4.4527e-02  1026.7332    13.4988    26.3730     6.3031    191.912    8.37757  255.07548     75.237 -9.990e-29
   39.73788  -71.41786     81.352     80.715    13.5103    35.1050      8.041    -0.0121 4.4676e-02  1026.7330    13.4988    26.3727     6.3032    191.917    8.37750  255.07311     75.240 -9.990e-29
   39.73788  -71.41786     81.346     80.709    13.5105    35.1049      8.041    -0.0121 4.4735e-02  1026.7328    13.4990    26.3726     6.3028    191.905    8.37745  255.07181     75.236 -9.990e-29
   39.73788  -71.41786     81.332     80.695    13.5101    35.1050      8.041     0.0013 4.4735e-02  1026.7330    13.4987    26.3728     6.3031    191.914    8.37742  255.07065     75.240 -9.990e-29
   39.73788  -71.41786     81.316     80.679    13.5099    35.1051      8.041     0.0013 4.4735e-02  1026.7331    13.4985    26.3728     6.3087    192.083    8.37736  255.06922     75.306 -9.990e-29
   39.73788  -71.41786     81.306     80.669    13.5101    35.1049      8.046     0.0013 4.4795e-02  1026.7327    13.4987    26.3727     6.3091    192.096    8.37737  255.06933     75.311 -9.990e-29
   39.73788  -71.41786     81.280     80.643    13.5099    35.1047      8.041     0.0013 4.4795e-02  1026.7325    13.4985    26.3725     6.3102    192.128    8.37738  255.06976     75.324 -9.990e-29
   39.73788  -71.41786     81.265     80.628    13.5098    35.1046      8.046     0.0013 4.4557e-02  1026.7321    13.4983    26.3724     6.3112    192.160    8.37731  255.06745     75.337 -9.990e-29
   39.73788  -71.41786     81.249     80.613    13.5094    35.1047      8.046     0.0013 4.4408e-02  1026.7324    13.4980    26.3726     6.3065    192.018    8.37724  255.06544     75.282 -9.990e-29
   39.73788  -71.41786     81.244     80.607    13.5092    35.1049      8.046     0.0013 4.4320e-02  1026.7327    13.4978    26.3728     6.3117    192.176    8.37726  255.06583     75.344 -9.990e-29
   39.73788  -71.41786     81.219     80.583    13.5094    35.1051      8.041     0.0013 4.4468e-02  1026.7328    13.4980    26.3730     6.3123    192.192    8.37716  255.06310     75.351 -9.990e-29
   39.73788  -71.41786     81.204     80.568    13.5094    35.1053      8.041     0.0013 4.4677e-02  1026.7327    13.4980    26.3731     6.3077    192.054    8.37717  255.06321     75.297 -9.990e-29
   39.73788  -71.41786     81.188     80.552    13.5096    35.1054      8.041     0.0013 4.4677e-02  1026.7328    13.4982    26.3731     6.3130    192.213    8.37708  255.06062     75.360 -9.990e-29
   39.73788  -71.41786     81.183     80.547    13.5098    35.1054      8.041     0.0013 4.4528e-02  1026.7327    13.4983    26.3731     6.3085    192.077    8.37709  255.06087     75.306 -9.990e-29
   39.73788  -71.41786     81.147     80.511    13.5101    35.1053      8.041     0.0013 4.4588e-02  1026.7323    13.4987    26.3730     6.3086    192.082    8.37705  255.05959     75.309 -9.990e-29
   39.73788  -71.41786     81.151     80.515    13.5099    35.1053      8.046     0.0013 4.4440e-02  1026.7324    13.4985    26.3730     6.3140    192.245    8.37701  255.05820     75.373 -9.990e-29
   39.73788  -71.41786     81.126     80.491    13.5101    35.1052      8.046     0.0013 4.4588e-02  1026.7324    13.4987    26.3729     6.3148    192.270    8.37697  255.05703     75.383 -9.990e-29
   39.73788  -71.41786     81.111     80.475    13.5101    35.1048      8.041     0.0013 4.4886e-02  1026.7318    13.4987    26.3726     6.3099    192.121    8.37700  255.05818     75.324 -9.990e-29
   39.73788  -71.41786     81.105     80.470    13.5101    35.1043      8.046     0.0013 4.4648e-02  1026.7312    13.4987    26.3723     6.3102    192.130    8.37701  255.05863     75.328 -9.990e-29
   39.73788  -71.41786     81.080     80.445    13.5098    35.1042      8.041     0.0013 4.4797e-02  1026.7313    13.4984    26.3722     6.3158    192.298    8.37701  255.05864     75.394 -9.990e-29
   39.73788  -71.41786     81.075     80.440    13.5094    35.1043      8.046     0.0013 4.4946e-02  1026.7314    13.4980    26.3723     6.3115    192.169    8.37699  255.05796     75.343 -9.990e-29
   39.73788  -71.41786     81.060     80.425    13.5094    35.1044      8.041     0.0013 4.4858e-02  1026.7314    13.4980    26.3724     6.3164    192.319    8.37691  255.05538     75.403 -9.990e-29
   39.73788  -71.41786     81.044     80.410    13.5089    35.1045      8.041     0.0013 4.4858e-02  1026.7314    13.4975    26.3726     6.3168    192.330    8.37686  255.05384     75.408 -9.990e-29
   39.73788  -71.41786     81.029     80.394    13.5091    35.1048      8.041     0.0013 4.5007e-02  1026.7315    13.4977    26.3728     6.3127    192.205    8.37694  255.05642     75.358 -9.990e-29
   39.73788  -71.41786     81.024     80.389    13.5087    35.1051      8.046     0.0013 4.5007e-02  1026.7321    13.4973    26.3730     6.3132    192.221    8.37699  255.05790     75.364 -9.990e-29
   39.73788  -71.41786     81.018     80.383    13.5089    35.1051      8.041     0.0013 4.5007e-02  1026.7318    13.4975    26.3730     6.3131    192.218    8.37700  255.05840     75.362 -9.990e-29
   39.73788  -71.41786     81.003     80.368    13.5089    35.1051      8.046     0.0013 4.5068e-02  1026.7315    13.4975    26.3730     6.3131    192.217    8.37702  255.05908     75.362 -9.990e-29
   39.73788  -71.41786     80.997     80.363    13.5086    35.1053      8.041    -0.0121 4.4918e-02  1026.7321    13.4972    26.3733     6.3136    192.234    8.37703  255.05901     75.368 -9.990e-29
   39.73788  -71.41786     80.982     80.348    13.5088    35.1054      8.041    -0.0121 4.5068e-02  1026.7322    13.4974    26.3733     6.3136    192.234    8.37702  255.05866     75.368 -9.990e-29
   39.73788  -71.41786     80.976     80.342    13.5089    35.1051      8.041    -0.0121 4.5068e-02  1026.7316    13.4975    26.3731     6.3137    192.235    8.37702  255.05867     75.369 -9.990e-29
   39.73788  -71.41786     80.972     80.338    13.5086    35.1049      8.041    -0.0121 4.5068e-02  1026.7314    13.4972    26.3730     6.3137    192.237    8.37705  255.05984     75.369 -9.990e-29
   39.73788  -71.41786     80.967     80.333    13.5086    35.1049      8.046    -0.0121 4.4979e-02  1026.7315    13.4972    26.3730     6.3190    192.398    8.37709  255.06113     75.432 -9.990e-29
 -9.990e-29  -71.41786     80.952     80.317    13.5086    35.1049      8.046    -0.0121 4.4979e-02  1026.7316    13.4972    26.3730     6.3139    192.243    8.37714  255.06262     75.371 -9.990e-29
 -9.990e-29  -71.41786     80.957     80.323    13.5086    35.1046      8.041    -0.0121 4.4979e-02  1026.7314    13.4972    26.3728     6.3134    192.227    8.37717  255.06345     75.364 -9.990e-29
 -9.990e-29  -71.41786     80.952     80.317    13.5083    35.1043      8.041    -0.0121 4.4979e-02  1026.7310    13.4969    26.3726     6.3129    192.213    8.37726  255.06618     75.358 0.0000e+00
 -9.990e-29  -71.41786     80.946     80.312    13.5076    35.1042      8.046    -0.0121 4.5129e-02  1026.7310    13.4962    26.3725     6.3124    192.195    8.37719  255.06409     75.352 0.0000e+00
 -9.990e-29  -71.41786     80.942     80.308    13.5074    35.1042      8.041    -0.0121 4.5129e-02  1026.7310    13.4960    26.3726     6.3117    192.175    8.37706  255.05992     75.345 0.0000e+00
 -9.990e-29  -71.41786     80.936     80.302    13.5074    35.1045      8.041    -0.0121 4.5279e-02  1026.7312    13.4960    26.3729     6.3118    192.177    8.37703  255.05908     75.346 -9.990e-29
 -9.990e-29  -71.41786     80.942     80.308    13.5071    35.1049      8.046    -0.0121 4.5279e-02  1026.7320    13.4957    26.3732     6.3118    192.179    8.37701  255.05837     75.347 -9.990e-29
 -9.990e-29  -71.41786     80.936     80.302    13.5070    35.1052      8.041    -0.0121 4.5279e-02  1026.7319    13.4957    26.3735     6.3113    192.163    8.37696  255.05694     75.341 -9.990e-29
 -9.990e-29  -71.41786     80.942     80.308    13.5074    35.1055      8.041    -0.0121 4.5279e-02  1026.7321    13.4960    26.3736     6.3108    192.148    8.37696  255.05662     75.335 -9.990e-29
 -9.990e-29  -71.41786     80.936     80.302    13.5076    35.1055      8.041    -0.0121 4.4979e-02  1026.7323    13.4962    26.3736     6.3161    192.309    8.37692  255.05553     75.399 0.0000e+00
 -9.990e-29  -71.41786     80.931     80.297    13.5081    35.1053      8.046    -0.0121 4.5279e-02  1026.7317    13.4967    26.3734     6.3168    192.330    8.37691  255.05527     75.407 -9.990e-29
 -9.990e-29  -71.41786     80.942     80.308    13.5079    35.1051      8.046    -0.0121 4.5279e-02  1026.7315    13.4965    26.3732     6.3123    192.194    8.37692  255.05561     75.354 -9.990e-29
 -9.990e-29  -71.41786     80.936     80.302    13.5076    35.1052      8.041    -0.0121 4.5279e-02  1026.7318    13.4962    26.3733     6.3124    192.197    8.37686  255.05405     75.356 -9.990e-29
 -9.990e-29  -71.41786     80.942     80.308    13.5076    35.1054      8.046    -0.0121 4.4979e-02  1026.7321    13.4962    26.3735     6.3126    192.202    8.37685  255.05349     75.358 -9.990e-29
 -9.990e-29  -71.41786     80.936     80.302    13.5076    35.1055      8.041    -0.0121 4.4979e-02  1026.7321    13.4962    26.3736     6.3128    192.207    8.37682  255.05265     75.360 -9.990e-29
 -9.990e-29  -71.41786     80.952     80.317    13.5079    35.1057      8.046    -0.0121 4.4979e-02  1026.7321    13.4965    26.3737     6.3130    192.215    8.37685  255.05351     75.363 -9.990e-29
 -9.990e-29  -71.41786     80.946     80.312    13.5076    35.1059      8.046    -0.0121 4.4830e-02  1026.7326    13.4962    26.3739     6.3126    192.201    8.37677  255.05113     75.358 -9.990e-29
 -9.990e-29  -71.41786     80.961     80.327    13.5081    35.1061      8.046    -0.0121 4.4830e-02  1026.7325    13.4967    26.3740     6.3122    192.190    8.37676  255.05091     75.354 -9.990e-29
