CalculateIndicators/WaterTemperature/Data/CTD_NYOS/20240710_24.cnv
* Sea-Bird SBE 9 Data File:
* FileName = C:\Seabird 9 CTD\Data\2024\202407_offshore\20240710_24.hex
* Software Version Seasave V 7.23.2
* Temperature SN = 4590
* Conductivity SN = 3228
* Number of Bytes Per Scan = 44
* Number of Voltage Words = 5
* Number of Scans Averaged by the Deck Unit = 1
* NMEA Latitude = 40 41.26 N
* NMEA Longitude = 072 03.63 W
* NMEA UTC (Time) = Jul 10 2024  21:31:42
* NMEA baud rate = 4800
** Ship: seawolf
** Station: 11.2
** Operator: TCM
# nquan = 18
# nvalues = 11145                       
# units = specified
# name 0 = latitude: Latitude [deg]
# name 1 = longitude: Longitude [deg]
# name 2 = prDM: Pressure, Digiquartz [db]
# name 3 = depSM: Depth [salt water, m]
# name 4 = t090C: Temperature [ITS-90, deg C]
# name 5 = sal00: Salinity, Practical [PSU]
# name 6 = ph: pH
# name 7 = flECO-AFL: Fluorescence, WET Labs ECO-AFL/FL [mg/m^3]
# name 8 = cpar: CPAR/Corrected Irradiance [%]
# name 9 = density00: Density [density, kg/m^3]
# name 10 = potemp090C: Potential Temperature [ITS-90, deg C]
# name 11 = sigma-é00: Density [sigma-theta, kg/m^3]
# name 12 = sbeox0Mg/L: Oxygen, SBE 43 [mg/l]
# name 13 = sbox0Mm/Kg: Oxygen, SBE 43 [umol/kg]
# name 14 = oxsolMg/L: Oxygen Saturation, Garcia & Gordon [mg/l]
# name 15 = oxsolMm/Kg: Oxygen Saturation, Garcia & Gordon [umol/kg]
# name 16 = sbeox0PS: Oxygen, SBE 43 [% saturation]
# name 17 = flag:  0.000e+00
# span 0 =   40.68778,   40.68904       
# span 1 =  -72.06056,  -72.05938       
# span 2 =      1.644,     45.051       
# span 3 =      1.631,     44.698       
# span 4 =     7.1443,    23.5134       
# span 5 =    29.7469,    32.2937       
# span 6 =      7.879,      8.165       
# span 7 =     0.0013,     2.5667       
# span 8 = 2.3624e-03, 1.2817e+02       
# span 9 =  1020.2797,  1025.1716       
# span 10 =     7.1403,    23.5130      
# span 11 =    20.2712,    24.9798      
# span 12 =     7.5920,    10.8091      
# span 13 =    231.485,    329.751      
# span 14 =    7.12936,    9.81378      
# span 15 =  218.34761,  299.21610      
# span 16 =     77.511,    118.480      
# span 17 = 0.0000e+00, 0.0000e+00      
# interval = seconds: 0.0416667
# start_time = Jul 10 2024 21:31:42 [System UTC, first data scan.]
# bad_flag = -9.990e-29
*END*
[from data line 10935]
   40.68904  -72.05940      2.486      2.467    23.5076    30.4923 -9.990e-29     0.8206 2.3780e+01  1020.3855    23.5071    20.3748     7.8063    239.079    7.12998  218.36567    109.486 -9.990e-29
   40.68904  -72.05940      2.496      2.477    23.5076    30.4923 -9.990e-29     0.8206 2.3752e+01  1020.3855    23.5071    20.3748     7.8056    239.058    7.13004  218.36745    109.475 -9.990e-29
   40.68904  -72.05940      2.466      2.447    23.5076    30.4923 -9.990e-29     0.8206 2.4746e+01  1020.3855    23.5071    20.3749     7.8045    239.024    7.12998  218.36581    109.461 -9.990e-29
   40.68904  -72.05940      2.456      2.437    23.5076    30.4924 -9.990e-29     0.8206 2.5473e+01  1020.3856    23.5071    20.3750     7.8038    239.003    7.12999  218.36598    109.451 -9.990e-29
   40.68904  -72.05940      2.426      2.407    23.5076    30.4924 -9.990e-29     0.8206 2.5469e+01  1020.3854    23.5071    20.3750     7.8073    239.110    7.13000  218.36629    109.500 -9.990e-29
   40.68904  -72.05940      2.415      2.396    23.5075    30.4924 -9.990e-29     0.8206 2.4923e+01  1020.3855    23.5070    20.3750     7.8066    239.088    7.13000  218.36635    109.489 -9.990e-29
   40.68904  -72.05940      2.396      2.377    23.5076    30.4924 -9.990e-29     0.8206 2.4389e+01  1020.3851    23.5072    20.3750     7.8062    239.076    7.12998  218.36566    109.484 -9.990e-29
   40.68904  -72.05940      2.385      2.366    23.5076    30.4925 -9.990e-29     0.8206 2.4297e+01  1020.3854    23.5071    20.3751     7.8017    238.938    7.12997  218.36550    109.421 -9.990e-29
   40.68904  -72.05940      2.355      2.336    23.5075    30.4925 -9.990e-29     0.8206 2.3689e+01  1020.3852    23.5070    20.3751     7.8010    238.918    7.12997  218.36550    109.412 -9.990e-29
   40.68904  -72.05940      2.345      2.327    23.5071    30.4925 -9.990e-29     0.8206 2.2881e+01  1020.3855    23.5066    20.3751     7.8004    238.899    7.12997  218.36532    109.404 -9.990e-29
   40.68904  -72.05940      2.315      2.297    23.5075    30.4922 -9.990e-29     0.8206 2.2644e+01  1020.3848    23.5070    20.3749     7.8040    239.009    7.12998  218.36567    109.454 -9.990e-29
   40.68904  -72.05940      2.284      2.267    23.5071    30.4922 -9.990e-29     0.8206 2.2495e+01  1020.3845    23.5067    20.3748     7.8037    239.000    7.12998  218.36575    109.450 -9.990e-29
   40.68904  -72.05940      2.273      2.256    23.5069    30.4922 -9.990e-29     0.8206 2.2486e+01  1020.3848    23.5065    20.3750     7.8035    238.992    7.12997  218.36557    109.446 -9.990e-29
   40.68904  -72.05940      2.264      2.246    23.5069    30.4923 -9.990e-29     0.8206 2.3205e+01  1020.3849    23.5065    20.3751     7.8032    238.985    7.12997  218.36543    109.443 -9.990e-29
   40.68904  -72.05940      2.234      2.216    23.5067    30.4923 -9.990e-29     0.8206 2.4436e+01  1020.3847    23.5063    20.3751     7.8030    238.977    7.12997  218.36539    109.439 -9.990e-29
   40.68904  -72.05940      2.213      2.196    23.5067    30.4924 -9.990e-29     0.8206 2.5998e+01  1020.3846    23.5063    20.3752     7.8027    238.970    7.12997  218.36536    109.436 -9.990e-29
   40.68904  -72.05940      2.203      2.186    23.5069    30.4925 -9.990e-29     0.8206 2.6326e+01  1020.3848    23.5064    20.3753     7.8025    238.963    7.12995  218.36477    109.433 -9.990e-29
   40.68904  -72.05940      2.173      2.156    23.5069    30.4925 -9.990e-29     0.8206 2.5857e+01  1020.3845    23.5065    20.3753     7.8065    239.084    7.12997  218.36537    109.488 -9.990e-29
   40.68904  -72.05940      2.162      2.145    23.5067    30.4925 -9.990e-29     0.8072 2.6028e+01  1020.3846    23.5063    20.3753     7.8069    239.096    7.12994  218.36455    109.494 -9.990e-29
   40.68904  -72.05940      2.133      2.117    23.5069    30.4925 -9.990e-29     0.8072 2.5889e+01  1020.3843    23.5065    20.3752     7.8073    239.109    7.12995  218.36492    109.500 -9.990e-29
   40.68904  -72.05940      2.122      2.106    23.5069    30.4925 -9.990e-29     0.8072 2.5868e+01  1020.3843    23.5065    20.3752     7.8077    239.123    7.12995  218.36478    109.506 -9.990e-29
   40.68904  -72.05940      2.102      2.086    23.5069    30.4925 -9.990e-29     0.8072 2.8052e+01  1020.3842    23.5065    20.3752     7.8082    239.136    7.12995  218.36478    109.512 -9.990e-29
   40.68904  -72.05940      2.092      2.076    23.5067    30.4925 -9.990e-29     0.8072 2.9198e+01  1020.3843    23.5063    20.3752     7.8128    239.277    7.12992  218.36395    109.577 -9.990e-29
   40.68904  -72.05940      2.072      2.056    23.5071    30.4925 -9.990e-29     0.8072 2.9247e+01  1020.3839    23.5067    20.3752     7.8135    239.301    7.12993  218.36431    109.588 -9.990e-29
   40.68904  -72.05940      2.062      2.046    23.5069    30.4925 -9.990e-29     0.8072 3.0247e+01  1020.3842    23.5065    20.3752     7.8143    239.325    7.12995  218.36485    109.599 -9.990e-29
   40.68904  -72.05940      2.052      2.036    23.5069    30.4925 -9.990e-29     0.8072 3.0788e+01  1020.3841    23.5064    20.3752     7.8151    239.348    7.12994  218.36447    109.609 -9.990e-29
   40.68904  -72.05940      2.051      2.035    23.5071    30.4925 -9.990e-29     0.8072 3.0875e+01  1020.3839    23.5067    20.3752     7.8158    239.371    7.12993  218.36424    109.620 -9.990e-29
   40.68904  -72.05940      2.032      2.016    23.5069    30.4925 -9.990e-29     0.8072 3.3371e+01  1020.3839    23.5065    20.3753     7.8166    239.394    7.12993  218.36425    109.631 -9.990e-29
   40.68904  -72.05940      2.021      2.005    23.5069    30.4924 -9.990e-29     0.8072 3.5466e+01  1020.3840    23.5065    20.3753     7.8174    239.418    7.12993  218.36432    109.641 -9.990e-29
   40.68904  -72.05940      2.032      2.016    23.5071    30.4924 -9.990e-29     0.8072 3.5832e+01  1020.3838    23.5067    20.3752     7.8181    239.441    7.12995  218.36476    109.652 -9.990e-29
   40.68904  -72.05940      2.032      2.016    23.5071    30.4924 -9.990e-29     0.8072 3.5298e+01  1020.3838    23.5067    20.3751     7.8189    239.465    7.12997  218.36536    109.663 -9.990e-29
   40.68904  -72.05940      2.052      2.036    23.5071    30.4924 -9.990e-29     0.8072 3.4707e+01  1020.3840    23.5067    20.3751     7.8238    239.616    7.12998  218.36588    109.732 -9.990e-29
   40.68904  -72.05940      2.041      2.026    23.5071    30.4923 -9.990e-29     0.8072 3.4576e+01  1020.3838    23.5067    20.3750     7.8207    239.521    7.12998  218.36580    109.688 -9.990e-29
   40.68904  -72.05940      2.032      2.016    23.5075    30.4923 -9.990e-29     0.8072 3.4673e+01  1020.3835    23.5070    20.3750     7.8218    239.554    7.12999  218.36606    109.703 -9.990e-29
   40.68904  -72.05940      2.051      2.035    23.5072    30.4923 -9.990e-29     0.8072 3.4937e+01  1020.3837    23.5068    20.3750     7.8267    239.705    7.12999  218.36617    109.772 -9.990e-29
   40.68904  -72.05940      2.041      2.026    23.5075    30.4923 -9.990e-29     0.8072 3.5280e+01  1020.3839    23.5070    20.3751     7.8237    239.611    7.13002  218.36711    109.728 -9.990e-29
   40.68904  -72.05940      2.081      2.065    23.5071    30.4923 -9.990e-29     0.8072 3.4676e+01  1020.3841    23.5067    20.3751     7.8244    239.634    7.13002  218.36703    109.739 -9.990e-29
   40.68904  -72.05940      2.073      2.057    23.5071    30.4923 -9.990e-29     0.8072 3.2521e+01  1020.3840    23.5067    20.3750     7.8294    239.785    7.13007  218.36845    109.808 -9.990e-29
   40.68904  -72.05940      2.072      2.056    23.5075    30.4923 -9.990e-29     0.8072 3.1928e+01  1020.3838    23.5070    20.3750     7.8304    239.816    7.13005  218.36798    109.822 -9.990e-29
   40.68904  -72.05940      2.102      2.086    23.5073    30.4923 -9.990e-29     0.8072 3.1433e+01  1020.3841    23.5069    20.3750     7.8272    239.720    7.13006  218.36821    109.778 -9.990e-29
   40.68904  -72.05940      2.122      2.106    23.5073    30.4922 -9.990e-29     0.8072 3.0709e+01  1020.3839    23.5069    20.3749     7.8317    239.858    7.13004  218.36752    109.842 -9.990e-29
   40.68904  -72.05940      2.143      2.126    23.5071    30.4922 -9.990e-29     0.8072 3.0195e+01  1020.3842    23.5067    20.3749     7.8283    239.753    7.13006  218.36812    109.793 -9.990e-29
   40.68904  -72.05940      2.153      2.136    23.5073    30.4922 -9.990e-29     0.7938 2.9508e+01  1020.3841    23.5069    20.3749     7.8286    239.763    7.13007  218.36836    109.798 -9.990e-29
   40.68904  -72.05940      2.184      2.167    23.5070    30.4923 -9.990e-29     0.7938 2.6213e+01  1020.3845    23.5066    20.3750     7.8328    239.891    7.13005  218.36802    109.856 -9.990e-29
   40.68904  -72.05940      2.213      2.196    23.5073    30.4923 -9.990e-29     0.7938 2.4682e+01  1020.3847    23.5069    20.3750     7.8292    239.781    7.13003  218.36719    109.806 -9.990e-29
   40.68904  -72.05940      2.234      2.216    23.5073    30.4923 -9.990e-29     0.7938 2.4496e+01  1020.3844    23.5068    20.3750     7.8334    239.908    7.13005  218.36800    109.864 -9.990e-29
   40.68904  -72.05940      2.254      2.237    23.5071    30.4923 -9.990e-29     0.7938 2.3972e+01  1020.3848    23.5067    20.3750     7.8336    239.914    7.13005  218.36769    109.867 -9.990e-29
   40.68904  -72.05940      2.285      2.267    23.5073    30.4923 -9.990e-29     0.7938 2.3680e+01  1020.3848    23.5068    20.3750     7.8296    239.794    7.13006  218.36820    109.812 -9.990e-29
   40.68904  -72.05940      2.315      2.297    23.5075    30.4923 -9.990e-29     0.7938 2.3680e+01  1020.3848    23.5070    20.3750     7.8334    239.908    7.13007  218.36847    109.864 -9.990e-29
   40.68904  -72.05940      2.345      2.327    23.5069    30.4923 -9.990e-29     0.7938 2.4083e+01  1020.3852    23.5065    20.3751     7.8331    239.900    7.13006  218.36803    109.861 -9.990e-29
   40.68904  -72.05940      2.375      2.357    23.5073    30.4923 -9.990e-29     0.7938 2.4400e+01  1020.3854    23.5068    20.3752     7.8329    239.893    7.13006  218.36825    109.857 -9.990e-29
   40.68904  -72.05940      2.405      2.387    23.5073    30.4923 -9.990e-29     0.7938 2.4469e+01  1020.3854    23.5068    20.3751     7.8326    239.883    7.13006  218.36819    109.853 -9.990e-29
   40.68904  -72.05940      2.447      2.428    23.5073    30.4923 -9.990e-29     0.7938 2.3858e+01  1020.3854    23.5068    20.3750     7.8322    239.873    7.13005  218.36800    109.848 -9.990e-29
   40.68904  -72.05940      2.447      2.428    23.5072    30.4923 -9.990e-29     0.7938 2.3327e+01  1020.3856    23.5067    20.3750     7.8321    239.869    7.13005  218.36791    109.846 -9.990e-29
   40.68904  -72.05940      2.487      2.467    23.5075    30.4924 -9.990e-29     0.7938 2.3219e+01  1020.3856    23.5069    20.3751     7.8320    239.866    7.13006  218.36803    109.845 -9.990e-29
   40.68904  -72.05940      2.528      2.508    23.5073    30.4926 -9.990e-29     0.7938 2.3438e+01  1020.3862    23.5068    20.3752     7.8318    239.860    7.13001  218.36663    109.843 -9.990e-29
   40.68904  -72.05940      2.537      2.518    23.5073    30.4926 -9.990e-29     0.7938 2.3770e+01  1020.3862    23.5068    20.3752     7.8354    239.971    7.13000  218.36640    109.894 -9.990e-29
   40.68904  -72.05940      2.568      2.548    23.5075    30.4926 -9.990e-29     0.7938 2.3814e+01  1020.3861    23.5069    20.3752     7.8352    239.963    7.13000  218.36632    109.890 -9.990e-29
   40.68904  -72.05940      2.588      2.568    23.5073    30.4926 -9.990e-29     0.7938 2.3948e+01  1020.3864    23.5068    20.3752     7.8348    239.950    7.12994  218.36439    109.885 -9.990e-29
   40.68904  -72.05940      2.598      2.578    23.5073    30.4925 -9.990e-29     0.7938 2.4151e+01  1020.3864    23.5068    20.3751     7.8347    239.948    7.12992  218.36402    109.884 -9.990e-29
   40.68904  -72.05940      2.628      2.608    23.5075    30.4925 -9.990e-29     0.7938 2.4243e+01  1020.3863    23.5069    20.3751     7.8346    239.946    7.12996  218.36517    109.883 -9.990e-29
   40.68904  -72.05940      2.649      2.628    23.5075    30.4925 -9.990e-29     0.7938 2.4243e+01  1020.3864    23.5069    20.3751     7.8344    239.939    7.12993  218.36431    109.880 -9.990e-29
   40.68904  -72.05940      2.660      2.639    23.5074    30.4924 -9.990e-29     0.7938 2.4448e+01  1020.3866    23.5069    20.3751     7.8383    240.060    7.12992  218.36387    109.936 -9.990e-29
   40.68904  -72.05940      2.658      2.638    23.5075    30.4924 -9.990e-29     0.7938 2.4517e+01  1020.3865    23.5069    20.3751     7.8342    239.933    7.12993  218.36424    109.878 -9.990e-29
   40.68904  -72.05940      2.679      2.658    23.5076    30.4925 -9.990e-29     0.7938 2.4562e+01  1020.3865    23.5071    20.3751     7.8339    239.924    7.12994  218.36439    109.873 -9.990e-29
   40.68904  -72.05940      2.688      2.668    23.5075    30.4925 -9.990e-29     0.7938 2.4770e+01  1020.3866    23.5069    20.3751     7.8293    239.784    7.12992  218.36387    109.809 -9.990e-29
   40.68904  -72.05940      2.690      2.669    23.5076    30.4925 -9.990e-29     0.7938 2.4864e+01  1020.3866    23.5071    20.3752     7.8331    239.899    7.12991  218.36372    109.862 -9.990e-29
   40.68904  -72.05940      2.688      2.668    23.5075    30.4925 -9.990e-29     0.7803 2.4819e+01  1020.3869    23.5069    20.3752     7.8288    239.767    7.12989  218.36313    109.802 -9.990e-29
   40.68904  -72.05940      2.699      2.679    23.5076    30.4925 -9.990e-29     0.7669 2.4382e+01  1020.3866    23.5071    20.3751     7.8283    239.753    7.12992  218.36403    109.795 -9.990e-29
   40.68904  -72.05940      2.699      2.679    23.5076    30.4924 -9.990e-29     0.7669 2.4110e+01  1020.3866    23.5071    20.3750     7.8320    239.866    7.12990  218.36350    109.847 -9.990e-29
   40.68904  -72.05940      2.699      2.679    23.5078    30.4924 -9.990e-29     0.7669 2.4018e+01  1020.3866    23.5073    20.3750     7.8318    239.859    7.12991  218.36367    109.844 -9.990e-29
   40.68904  -72.05940      2.699      2.679    23.5078    30.4924 -9.990e-29     0.7669 2.3750e+01  1020.3865    23.5072    20.3750     7.8360    239.989    7.12992  218.36404    109.903 -9.990e-29
   40.68904  -72.05940      2.699      2.679    23.5076    30.4924 -9.990e-29     0.7669 2.3617e+01  1020.3865    23.5071    20.3750     7.8322    239.871    7.12991  218.36375    109.849 -9.990e-29
   40.68904  -72.05940      2.689      2.668    23.5076    30.4924 -9.990e-29     0.7669 2.3550e+01  1020.3867    23.5071    20.3750     7.8322    239.872    7.12992  218.36406    109.850 -9.990e-29
   40.68904  -72.05940      2.679      2.658    23.5078    30.4923 -9.990e-29     0.7669 2.3026e+01  1020.3863    23.5073    20.3749     7.8322    239.871    7.12992  218.36407    109.849 -9.990e-29
   40.68904  -72.05940      2.689      2.668    23.5078    30.4923 -9.990e-29     0.7669 2.2514e+01  1020.3864    23.5073    20.3748     7.8321    239.870    7.12993  218.36415    109.849 -9.990e-29
   40.68904  -72.05938      2.679      2.658    23.5078    30.4923 -9.990e-29     0.7669 2.2388e+01  1020.3863    23.5073    20.3749     7.8321    239.869    7.12996  218.36521    109.848 -9.990e-29
   40.68904  -72.05938      2.658      2.638    23.5076    30.4923 -9.990e-29     0.7669 2.2641e+01  1020.3864    23.5071    20.3750     7.8320    239.866    7.12995  218.36499    109.846 -9.990e-29
   40.68904  -72.05938      2.660      2.639    23.5075    30.4923 -9.990e-29     0.7669 2.2833e+01  1020.3865    23.5069    20.3750     7.8319    239.863    7.12995  218.36493    109.845 -9.990e-29
   40.68904  -72.05938      2.649      2.628    23.5075    30.4922 -9.990e-29     0.7669 2.2939e+01  1020.3862    23.5069    20.3749     7.8318    239.860    7.13001  218.36668    109.843 -9.990e-29
