CalculateIndicators/WaterTemperature/Data/CTD_NYOS/20240710_C18.cnv
* Sea-Bird SBE 9 Data File:
* FileName = C:\Seabird 9 CTD\Data\2024\202407_offshore\20240710_C18.hex
* Software Version Seasave V 7.23.2
* Temperature SN = 4590
* Conductivity SN = 3228
* Number of Bytes Per Scan = 44
* Number of Voltage Words = 5
* Number of Scans Averaged by the Deck Unit = 1
* NMEA Latitude = 40 25.77 N
* NMEA Longitude = 072 49.82 W
* NMEA UTC (Time) = Jul 10 2024  06:00:12
* NMEA baud rate = 4800
** Ship: seawolf
** Station: 9.2
** Operator: TDK
# nquan = 18
# nvalues = 13145                       
# units = specified
# name 0 = latitude: Latitude [deg]
# name 1 = longitude: Longitude [deg]
# name 2 = prDM: Pressure, Digiquartz [db]
# name 3 = depSM: Depth [salt water, m]
# name 4 = t090C: Temperature [ITS-90, deg C]
# name 5 = sal00: Salinity, Practical [PSU]
# name 6 = ph: pH
# name 7 = flECO-AFL: Fluorescence, WET Labs ECO-AFL/FL [mg/m^3]
# name 8 = cpar: CPAR/Corrected Irradiance [%]
# name 9 = density00: Density [density, kg/m^3]
# name 10 = potemp090C: Potential Temperature [ITS-90, deg C]
# name 11 = sigma-é00: Density [sigma-theta, kg/m^3]
# name 12 = sbeox0Mg/L: Oxygen, SBE 43 [mg/l]
# name 13 = sbox0Mm/Kg: Oxygen, SBE 43 [umol/kg]
# name 14 = oxsolMg/L: Oxygen Saturation, Garcia & Gordon [mg/l]
# name 15 = oxsolMm/Kg: Oxygen Saturation, Garcia & Gordon [umol/kg]
# name 16 = sbeox0PS: Oxygen, SBE 43 [% saturation]
# name 17 = flag:  0.000e+00
# span 0 =   40.42956,   40.42998       
# span 1 =  -72.83032,  -72.82794       
# span 2 =      1.665,     40.389       
# span 3 =      1.652,     40.074       
# span 4 =     7.7458,    22.9867       
# span 5 =    29.4269,    31.7640       
# span 6 =      7.776,      8.125       
# span 7 =     0.0551,     2.2443       
# span 8 = 1.6880e-11, 9.9999e+04       
# span 9 =  1020.1085,  1024.8538       
# span 10 =     7.7422,    22.9862      
# span 11 =    20.0930,    24.6751      
# span 12 =     6.7237,     9.2633      
# span 13 =    205.062,    282.768      
# span 14 =    7.21693,    9.69685      
# span 15 =  221.07995,  295.73607      
# span 16 =     69.340,    118.061      
# span 17 = 0.0000e+00, 0.0000e+00      
# interval = seconds: 0.0416667
# start_time = Jul 10 2024 06:00:13 [System UTC, first data scan.]
# bad_flag = -9.990e-29
*END*
[from data line 11980]
   40.42996  -72.82810      2.256      2.238    22.8775    29.9768 -9.990e-29     1.0758 1.2771e+01  1020.1730    22.8770    20.1634     8.1231    248.833    7.23080  221.49936    112.340 -9.990e-29
   40.42996  -72.82810      2.224      2.207    22.8770    29.9768 -9.990e-29     1.0893 1.9701e+01  1020.1731    22.8765    20.1636     8.1231    248.832    7.23079  221.49910    112.340 -9.990e-29
   40.42996  -72.82810      2.215      2.197    22.8770    29.9771 -9.990e-29     1.0893 1.3216e+01  1020.1734    22.8765    20.1639     8.1229    248.828    7.23076  221.49829    112.339 -9.990e-29
   40.42996  -72.82810      2.204      2.187    22.8766    29.9773 -9.990e-29     1.0893 1.4235e+01  1020.1737    22.8762    20.1641     8.1270    248.954    7.23073  221.49740    112.396 -9.990e-29
   40.42996  -72.82810      2.184      2.168    22.8770    29.9775 -9.990e-29     1.0893 1.4863e+01  1020.1735    22.8766    20.1642     8.1272    248.959    7.23074  221.49755    112.398 -9.990e-29
   40.42996  -72.82810      2.173      2.157    22.8770    29.9775 -9.990e-29     1.0758 1.4908e+01  1020.1737    22.8765    20.1642     8.1231    248.833    7.23072  221.49716    112.341 -9.990e-29
   40.42996  -72.82810      2.164      2.147    22.8771    29.9776 -9.990e-29     1.0893 1.4501e+01  1020.1734    22.8767    20.1642     8.1271    248.957    7.23073  221.49729    112.397 -9.990e-29
   40.42996  -72.82810      2.134      2.117    22.8773    29.9776 -9.990e-29     1.0758 1.4192e+01  1020.1735    22.8769    20.1642     8.1229    248.827    7.23067  221.49555    112.339 -9.990e-29
   40.42996  -72.82810      2.123      2.106    22.8775    29.9776 -9.990e-29     1.0893 1.4148e+01  1020.1734    22.8771    20.1641     8.1223    248.808    7.23067  221.49532    112.331 -9.990e-29
   40.42996  -72.82810      2.103      2.087    22.8777    29.9774 -9.990e-29     1.0758 1.4324e+01  1020.1728    22.8773    20.1639     8.1216    248.788    7.23067  221.49533    112.322 -9.990e-29
   40.42996  -72.82810      2.083      2.067    22.8775    29.9774 -9.990e-29     1.0893 1.4501e+01  1020.1727    22.8771    20.1638     8.1212    248.774    7.23058  221.49282    112.317 -9.990e-29
   40.42996  -72.82810      2.062      2.046    22.8775    29.9774 -9.990e-29     1.0893 1.4501e+01  1020.1728    22.8771    20.1639     8.1208    248.763    7.23060  221.49326    112.312 -9.990e-29
   40.42996  -72.82810      2.043      2.027    22.8775    29.9776 -9.990e-29     1.0758 1.4546e+01  1020.1728    22.8771    20.1641     8.1204    248.749    7.23057  221.49248    112.306 -9.990e-29
   40.42996  -72.82810      2.022      2.007    22.8775    29.9780 -9.990e-29     1.0893 1.4591e+01  1020.1730    22.8771    20.1644     8.1242    248.866    7.23055  221.49190    112.359 -9.990e-29
   40.42996  -72.82810      2.022      2.007    22.8775    29.9786 -9.990e-29     1.0758 1.4636e+01  1020.1736    22.8771    20.1648     8.1240    248.860    7.23055  221.49189    112.356 -9.990e-29
   40.42996  -72.82810      2.002      1.986    22.8779    29.9790 -9.990e-29     1.0893 1.4908e+01  1020.1739    22.8775    20.1650     8.1195    248.724    7.23052  221.49112    112.295 -9.990e-29
   40.42996  -72.82810      1.971      1.956    22.8788    29.9790 -9.990e-29     1.0893 1.5515e+01  1020.1734    22.8784    20.1648     8.1232    248.836    7.23050  221.49028    112.346 -9.990e-29
   40.42996  -72.82810      1.960      1.945    22.8796    29.9790 -9.990e-29     1.0758 1.5706e+01  1020.1728    22.8792    20.1646     8.1233    248.838    7.23051  221.49089    112.347 -9.990e-29
   40.42996  -72.82810      1.960      1.945    22.8800    29.9790 -9.990e-29     1.0758 1.5851e+01  1020.1729    22.8796    20.1644     8.1191    248.710    7.23050  221.49053    112.289 -9.990e-29
   40.42996  -72.82810      1.930      1.915    22.8807    29.9789 -9.990e-29     1.0758 1.6243e+01  1020.1725    22.8803    20.1642     8.1188    248.701    7.23051  221.49068    112.285 -9.990e-29
   40.42996  -72.82810      1.941      1.926    22.8809    29.9787 -9.990e-29     1.0893 1.6393e+01  1020.1725    22.8805    20.1640     8.1185    248.691    7.23050  221.49053    112.281 -9.990e-29
   40.42996  -72.82810      1.921      1.906    22.8815    29.9783 -9.990e-29     1.0893 1.6343e+01  1020.1718    22.8811    20.1635     8.1181    248.681    7.23051  221.49067    112.276 -9.990e-29
   40.42996  -72.82810      1.911      1.896    22.8818    29.9778 -9.990e-29     1.0893 1.5900e+01  1020.1712    22.8814    20.1631     8.1178    248.672    7.23052  221.49096    112.272 -9.990e-29
   40.42996  -72.82810      1.900      1.885    22.8818    29.9776 -9.990e-29     1.0893 1.5706e+01  1020.1707    22.8814    20.1627     8.1178    248.669    7.23047  221.48952    112.271 -9.990e-29
   40.42996  -72.82810      1.911      1.896    22.8816    29.9776 -9.990e-29     1.0758 1.5803e+01  1020.1708    22.8812    20.1627     8.1174    248.659    7.23048  221.48991    112.266 -9.990e-29
   40.42996  -72.82810      1.890      1.876    22.8814    29.9776 -9.990e-29     1.0758 1.6695e+01  1020.1711    22.8810    20.1629     8.1170    248.647    7.23047  221.48936    112.261 -9.990e-29
   40.42996  -72.82810      1.900      1.885    22.8816    29.9779 -9.990e-29     1.0758 1.7158e+01  1020.1712    22.8812    20.1631     8.1166    248.635    7.23045  221.48882    112.256 -9.990e-29
   40.42996  -72.82810      1.881      1.866    22.8815    29.9779 -9.990e-29     1.0893 1.7211e+01  1020.1716    22.8811    20.1632     8.1163    248.623    7.23047  221.48936    112.251 -9.990e-29
   40.42996  -72.82810      1.921      1.906    22.8818    29.9779 -9.990e-29     1.0758 1.4324e+01  1020.1715    22.8814    20.1632     8.1161    248.620    7.23043  221.48827    112.250 -9.990e-29
   40.42996  -72.82810      1.911      1.896    22.8819    29.9778 -9.990e-29     1.0893 1.2613e+01  1020.1711    22.8816    20.1630     8.1157    248.607    7.23042  221.48803    112.244 -9.990e-29
   40.42996  -72.82810      1.890      1.876    22.8819    29.9778 -9.990e-29     1.0758 1.2418e+01  1020.1710    22.8816    20.1629     8.1153    248.594    7.23041  221.48757    112.238 -9.990e-29
   40.42996  -72.82810      1.921      1.906    22.8819    29.9778 -9.990e-29     1.0893 1.4457e+01  1020.1714    22.8816    20.1629     8.1149    248.581    7.23040  221.48737    112.232 -9.990e-29
   40.42996  -72.82810      1.930      1.915    22.8823    29.9776 -9.990e-29     1.0758 1.6543e+01  1020.1709    22.8819    20.1627     8.1147    248.577    7.23039  221.48720    112.231 -9.990e-29
   40.42996  -72.82810      1.941      1.926    22.8821    29.9773 -9.990e-29     1.0893 1.7003e+01  1020.1709    22.8817    20.1625     8.1146    248.574    7.23039  221.48722    112.229 -9.990e-29
   40.42996  -72.82810      1.930      1.915    22.8821    29.9770 -9.990e-29     1.0758 1.7211e+01  1020.1706    22.8817    20.1623     8.1145    248.569    7.23036  221.48628    112.228 -9.990e-29
   40.42996  -72.82810      1.962      1.947    22.8818    29.9770 -9.990e-29     1.0893 1.7634e+01  1020.1706    22.8814    20.1623     8.1144    248.567    7.23038  221.48690    112.227 -9.990e-29
   40.42996  -72.82810      1.971      1.956    22.8818    29.9770 -9.990e-29     1.0893 1.7741e+01  1020.1707    22.8814    20.1623     8.1139    248.553    7.23036  221.48622    112.220 -9.990e-29
   40.42996  -72.82810      1.971      1.956    22.8814    29.9769 -9.990e-29     1.0758 1.6899e+01  1020.1711    22.8810    20.1625     8.1139    248.550    7.23039  221.48728    112.219 -9.990e-29
   40.42996  -72.82810      1.992      1.977    22.8813    29.9769 -9.990e-29     1.0893 1.5468e+01  1020.1713    22.8809    20.1626     8.1095    248.418    7.23041  221.48783    112.159 -9.990e-29
   40.42998  -72.82808      2.002      1.986    22.8813    29.9769 -9.990e-29     1.0758 1.5046e+01  1020.1710    22.8809    20.1625     8.1134    248.535    7.23042  221.48821    112.211 -9.990e-29
   40.42998  -72.82808      2.002      1.986    22.8811    29.9769 -9.990e-29     1.0758 1.5139e+01  1020.1711    22.8807    20.1624     8.1133    248.533    7.23045  221.48898    112.210 -9.990e-29
   40.42998  -72.82808      2.011      1.996    22.8811    29.9769 -9.990e-29     1.0893 1.5420e+01  1020.1709    22.8807    20.1625     8.1132    248.531    7.23046  221.48944    112.209 -9.990e-29
   40.42998  -72.82808      2.022      2.007    22.8807    29.9770 -9.990e-29     1.0758 1.5515e+01  1020.1716    22.8803    20.1627     8.1131    248.528    7.23047  221.48973    112.207 -9.990e-29
   40.42998  -72.82808      2.022      2.007    22.8805    29.9771 -9.990e-29     1.0893 1.5279e+01  1020.1716    22.8801    20.1628     8.1131    248.526    7.23049  221.49036    112.206 -9.990e-29
   40.42998  -72.82808      2.032      2.016    22.8805    29.9771 -9.990e-29     1.0758 1.4148e+01  1020.1714    22.8801    20.1628     8.1130    248.524    7.23053  221.49144    112.205 -9.990e-29
   40.42998  -72.82808      2.042      2.026    22.8805    29.9771 -9.990e-29     1.0758 1.3717e+01  1020.1718    22.8801    20.1628     8.1175    248.661    7.23051  221.49106    112.267 -9.990e-29
   40.42998  -72.82808      2.053      2.037    22.8805    29.9772 -9.990e-29     1.0893 1.4061e+01  1020.1716    22.8801    20.1629     8.1138    248.549    7.23054  221.49192    112.216 -9.990e-29
   40.42998  -72.82808      2.042      2.026    22.8805    29.9774 -9.990e-29     1.0758 1.8176e+01  1020.1719    22.8801    20.1630     8.1138    248.549    7.23060  221.49360    112.215 -9.990e-29
   40.42998  -72.82808      2.043      2.027    22.8804    29.9776 -9.990e-29     1.0893 2.0752e+01  1020.1721    22.8800    20.1632     8.1179    248.676    7.23058  221.49306    112.272 -9.990e-29
   40.42998  -72.82808      2.053      2.037    22.8804    29.9777 -9.990e-29     1.0758 2.0877e+01  1020.1722    22.8800    20.1633     8.1182    248.683    7.23061  221.49404    112.275 -9.990e-29
   40.42998  -72.82808      2.053      2.037    22.8805    29.9778 -9.990e-29     1.0758 1.8565e+01  1020.1722    22.8801    20.1634     8.1142    248.560    7.23059  221.49317    112.220 -9.990e-29
   40.42998  -72.82808      2.062      2.046    22.8807    29.9779 -9.990e-29     1.0758 1.7211e+01  1020.1724    22.8803    20.1634     8.1183    248.687    7.23060  221.49356    112.277 -9.990e-29
   40.42998  -72.82808      2.053      2.037    22.8807    29.9779 -9.990e-29     1.0893 1.7054e+01  1020.1723    22.8803    20.1633     8.1188    248.700    7.23053  221.49141    112.284 -9.990e-29
   40.42998  -72.82808      2.053      2.037    22.8809    29.9779 -9.990e-29     1.0893 1.3974e+01  1020.1721    22.8805    20.1633     8.1193    248.717    7.23053  221.49134    112.292 -9.990e-29
   40.42998  -72.82808      2.062      2.046    22.8807    29.9780 -9.990e-29     1.0758 1.1810e+01  1020.1724    22.8803    20.1634     8.1195    248.722    7.23051  221.49057    112.295 -9.990e-29
   40.42998  -72.82808      2.053      2.037    22.8811    29.9782 -9.990e-29     1.0893 1.1444e+01  1020.1725    22.8807    20.1636     8.1200    248.738    7.23051  221.49068    112.302 -9.990e-29
   40.42998  -72.82808      2.062      2.046    22.8811    29.9782 -9.990e-29     1.0893 1.1553e+01  1020.1726    22.8807    20.1636     8.1201    248.743    7.23049  221.49006    112.304 -9.990e-29
   40.42998  -72.82808      2.073      2.057    22.8811    29.9782 -9.990e-29     1.0893 1.1590e+01  1020.1727    22.8807    20.1635     8.1202    248.746    7.23042  221.48785    112.307 -9.990e-29
   40.42998  -72.82808      2.062      2.046    22.8819    29.9781 -9.990e-29     1.0893 1.1590e+01  1020.1719    22.8815    20.1633     8.1161    248.620    7.23038  221.48664    112.250 -9.990e-29
   40.42998  -72.82808      2.073      2.057    22.8818    29.9780 -9.990e-29     1.0893 1.2418e+01  1020.1721    22.8814    20.1632     8.1201    248.740    7.23027  221.48320    112.307 -9.990e-29
   40.42998  -72.82808      2.062      2.046    22.8820    29.9780 -9.990e-29     1.0893 1.3845e+01  1020.1720    22.8816    20.1631     8.1159    248.613    7.23022  221.48152    112.250 -9.990e-29
   40.42998  -72.82808      2.083      2.067    22.8821    29.9780 -9.990e-29     1.0758 1.4324e+01  1020.1721    22.8817    20.1631     8.1199    248.736    7.23017  221.48022    112.306 -9.990e-29
   40.42998  -72.82808      2.064      2.048    22.8821    29.9779 -9.990e-29     1.0893 1.4235e+01  1020.1720    22.8817    20.1630     8.1162    248.621    7.23019  221.48106    112.254 -9.990e-29
   40.42998  -72.82808      2.083      2.067    22.8825    29.9778 -9.990e-29     1.0758 1.4104e+01  1020.1716    22.8821    20.1629     8.1163    248.626    7.23021  221.48159    112.256 -9.990e-29
   40.42998  -72.82808      2.083      2.067    22.8825    29.9778 -9.990e-29     1.0758 1.4104e+01  1020.1720    22.8821    20.1629     8.1161    248.619    7.23016  221.48038    112.253 -9.990e-29
   40.42998  -72.82808      2.073      2.057    22.8825    29.9778 -9.990e-29     1.0893 1.3888e+01  1020.1717    22.8821    20.1628     8.1163    248.625    7.23019  221.48121    112.256 -9.990e-29
   40.42998  -72.82808      2.083      2.067    22.8827    29.9776 -9.990e-29     1.0758 1.2972e+01  1020.1716    22.8822    20.1626     8.1164    248.627    7.23009  221.47787    112.258 -9.990e-29
   40.42998  -72.82808      2.073      2.057    22.8827    29.9775 -9.990e-29     1.0893 1.2652e+01  1020.1714    22.8822    20.1626     8.1161    248.620    7.23001  221.47536    112.256 -9.990e-29
   40.42998  -72.82808      2.073      2.057    22.8827    29.9775 -9.990e-29     1.0758 1.2771e+01  1020.1715    22.8822    20.1626     8.1158    248.610    7.22986  221.47060    112.254 -9.990e-29
   40.42998  -72.82808      2.062      2.046    22.8827    29.9775 -9.990e-29     1.0893 1.4061e+01  1020.1714    22.8823    20.1626     8.1156    248.603    7.22976  221.46765    112.252 -9.990e-29
   40.42998  -72.82808      2.073      2.057    22.8825    29.9776 -9.990e-29     1.0893 1.4726e+01  1020.1716    22.8821    20.1627     8.1111    248.465    7.22966  221.46466    112.192 -9.990e-29
   40.42998  -72.82808      2.062      2.046    22.8828    29.9778 -9.990e-29     1.0893 1.4817e+01  1020.1716    22.8824    20.1628     8.1105    248.448    7.22955  221.46151    112.185 -9.990e-29
   40.42998  -72.82808      2.053      2.037    22.8827    29.9778 -9.990e-29     1.0758 1.7106e+01  1020.1718    22.8823    20.1628     8.1100    248.433    7.22952  221.46074    112.179 -9.990e-29
   40.42998  -72.82808      2.042      2.026    22.8828    29.9778 -9.990e-29     1.0893 1.8621e+01  1020.1716    22.8824    20.1627     8.1095    248.418    7.22947  221.45937    112.173 -9.990e-29
   40.42998  -72.82808      2.042      2.026    22.8830    29.9778 -9.990e-29     1.1027 1.8847e+01  1020.1714    22.8826    20.1627     8.1091    248.404    7.22943  221.45809    112.168 -9.990e-29
   40.42998  -72.82808      2.033      2.018    22.8828    29.9778 -9.990e-29     1.1027 1.6543e+01  1020.1715    22.8824    20.1627     8.1086    248.391    7.22941  221.45747    112.162 -9.990e-29
   40.42998  -72.82808      2.032      2.016    22.8832    29.9778 -9.990e-29     1.1027 1.4954e+01  1020.1712    22.8828    20.1627     8.1082    248.378    7.22938  221.45668    112.157 -9.990e-29
   40.42998  -72.82808      2.011      1.996    22.8832    29.9778 -9.990e-29     1.1027 1.4726e+01  1020.1713    22.8828    20.1627     8.1036    248.237    7.22939  221.45730    112.093 -9.990e-29
   40.42998  -72.82808      2.011      1.996    22.8832    29.9778 -9.990e-29     1.1027 1.3632e+01  1020.1715    22.8828    20.1627     8.1073    248.350    7.22949  221.46066    112.142 -9.990e-29
   40.42998  -72.82808      2.011      1.996    22.8834    29.9778 -9.990e-29     1.1027 1.2495e+01  1020.1713    22.8830    20.1626     8.1029    248.216    7.22967  221.46599    112.079 -9.990e-29
