CalculateIndicators/WaterTemperature/Data/CTD_NYOS/20240428_C18.cnv
* Sea-Bird SBE 9 Data File:
* FileName = C:\Seabird 9 CTD\Data\2024\202404_offshore\20240428_C18.hex
* Software Version Seasave V 7.23.2
* Temperature SN = 4590
* Conductivity SN = 3228
* Number of Bytes Per Scan = 44
* Number of Voltage Words = 5
* Number of Scans Averaged by the Deck Unit = 1
* NMEA Latitude = 40 25.77 N
* NMEA Longitude = 072 49.78 W
* NMEA UTC (Time) = Apr 28 2024  00:34:14
* NMEA baud rate = 4800
** Ship: Seawolf
** Station: 9.2
** Operator: TDK
# nquan = 18
# nvalues = 13496                       
# units = specified
# name 0 = latitude: Latitude [deg]
# name 1 = longitude: Longitude [deg]
# name 2 = prDM: Pressure, Digiquartz [db]
# name 3 = depSM: Depth [salt water, m]
# name 4 = t090C: Temperature [ITS-90, deg C]
# name 5 = sal00: Salinity, Practical [PSU]
# name 6 = ph: pH
# name 7 = flECO-AFL: Fluorescence, WET Labs ECO-AFL/FL [mg/m^3]
# name 8 = cpar: CPAR/Corrected Irradiance [%]
# name 9 = density00: Density [density, kg/m^3]
# name 10 = potemp090C: Potential Temperature [ITS-90, deg C]
# name 11 = sigma-é00: Density [sigma-theta, kg/m^3]
# name 12 = sbeox0Mg/L: Oxygen, SBE 43 [mg/l]
# name 13 = sbox0Mm/Kg: Oxygen, SBE 43 [umol/kg]
# name 14 = oxsolMg/L: Oxygen Saturation, Garcia & Gordon [mg/l]
# name 15 = oxsolMm/Kg: Oxygen Saturation, Garcia & Gordon [umol/kg]
# name 16 = sbeox0PS: Oxygen, SBE 43 [% saturation]
# name 17 = flag:  0.000e+00
# span 0 =   40.42958,   40.43070       
# span 1 =  -72.82974,  -72.82754       
# span 2 =      1.702,     38.907       
# span 3 =      1.689,     38.604       
# span 4 =     6.0295,     9.1693       
# span 5 =    30.0772,    31.7985       
# span 6 =      7.843,      8.101       
# span 7 =     0.0819,     2.2712       
# span 8 = 9.9999e+04, 9.9999e+04       
# span 9 =  1023.2435,  1025.1830       
# span 10 =     6.0269,     9.1685      
# span 11 =    23.1735,    25.0036      
# span 12 =     7.8722,    10.3120      
# span 13 =    240.195,    314.692      
# span 14 =    9.48085,   10.10673      
# span 15 =  289.53146,  308.23129      
# span 16 =     79.179,    106.699      
# span 17 = 0.0000e+00, 0.0000e+00      
# interval = seconds: 0.0416667
# start_time = Apr 28 2024 00:34:15 [System UTC, first data scan.]
# bad_flag = -9.990e-29
*END*
[from data line 8925]
   40.43026  -72.82838     15.209     15.092     8.2781    30.5994      8.068     0.7132 9.9999e+04  1023.8503     8.2766    23.7807    10.1689    310.401    9.64517  294.41423    105.430 0.0000e+00
   40.43026  -72.82838     15.186     15.069     8.2783    30.5995      8.068     0.7132 9.9999e+04  1023.8502     8.2768    23.7807    10.1688    310.399    9.64523  294.41586    105.429 0.0000e+00
   40.43026  -72.82838     15.179     15.062     8.2791    30.5996      8.068     0.7132 9.9999e+04  1023.8503     8.2777    23.7806    10.1688    310.396    9.64522  294.41555    105.428 -9.990e-29
   40.43026  -72.82838     15.186     15.069     8.2800    30.5993      8.073     0.7132 9.9999e+04  1023.8498     8.2786    23.7804    10.1687    310.394    9.64523  294.41602    105.427 -9.990e-29
   40.43026  -72.82838     15.159     15.041     8.2802    30.5991      8.073     0.7132 9.9999e+04  1023.8495     8.2788    23.7802    10.1686    310.391    9.64523  294.41589    105.426 0.0000e+00
   40.43026  -72.82838     15.156     15.039     8.2807    30.5989      8.073     0.7132 9.9999e+04  1023.8495     8.2793    23.7799    10.1624    310.202    9.64530  294.41794    105.361 0.0000e+00
   40.43026  -72.82838     15.148     15.030     8.2817    30.5986      8.073     0.7132 9.9999e+04  1023.8490     8.2802    23.7796    10.1676    310.362    9.64530  294.41827    105.415 0.0000e+00
   40.43026  -72.82838     15.145     15.028     8.2829    30.5982      8.073     0.7132 9.9999e+04  1023.8484     8.2814    23.7791    10.1738    310.550    9.64537  294.42010    105.479 0.0000e+00
   40.43026  -72.82838     15.138     15.021     8.2839    30.5976      8.068     0.7132 9.9999e+04  1023.8478     8.2824    23.7785    10.1684    310.385    9.64536  294.42000    105.423 0.0000e+00
   40.43026  -72.82838     15.135     15.018     8.2847    30.5969      8.073     0.7132 9.9999e+04  1023.8470     8.2833    23.7778    10.1683    310.383    9.64538  294.42062    105.422 -9.990e-29
   40.43026  -72.82838     15.138     15.021     8.2848    30.5962      8.073     0.7132 9.9999e+04  1023.8466     8.2834    23.7773    10.1683    310.381    9.64541  294.42125    105.421 -9.990e-29
   40.43026  -72.82838     15.126     15.008     8.2850    30.5958      8.073     0.7132 9.9999e+04  1023.8459     8.2835    23.7769    10.1691    310.407    9.64546  294.42294    105.429 -9.990e-29
   40.43026  -72.82838     15.138     15.021     8.2851    30.5958      8.073     0.7132 9.9999e+04  1023.8460     8.2836    23.7769    10.1691    310.406    9.64548  294.42353    105.428 -9.990e-29
   40.43026  -72.82838     15.135     15.018     8.2850    30.5960      8.073     0.7132 9.9999e+04  1023.8464     8.2835    23.7771    10.1691    310.405    9.64554  294.42548    105.427 0.0000e+00
   40.43026  -72.82838     15.128     15.011     8.2848    30.5963      8.073     0.7132 9.9999e+04  1023.8466     8.2834    23.7773    10.1690    310.403    9.64553  294.42508    105.427 -9.990e-29
   40.43026  -72.82838     15.145     15.028     8.2851    30.5964      8.073     0.7132 9.9999e+04  1023.8466     8.2836    23.7774    10.1690    310.404    9.64561  294.42745    105.426 -9.990e-29
   40.43026  -72.82838     15.138     15.021     8.2848    30.5965      8.068     0.7132 9.9999e+04  1023.8468     8.2834    23.7775    10.1690    310.403    9.64566  294.42900    105.426 -9.990e-29
   40.43026  -72.82838     15.145     15.028     8.2848    30.5967      8.073     0.6998 9.9999e+04  1023.8469     8.2834    23.7777    10.1760    310.618    9.64571  294.43036    105.498 -9.990e-29
   40.43026  -72.82838     15.159     15.041     8.2849    30.5969      8.073     0.6460 9.9999e+04  1023.8472     8.2835    23.7778    10.1708    310.457    9.64579  294.43293    105.442 -9.990e-29
   40.43026  -72.82838     15.135     15.018     8.2850    30.5969      8.073     0.6326 9.9999e+04  1023.8471     8.2835    23.7778    10.1716    310.482    9.64577  294.43227    105.451 -9.990e-29
   40.43026  -72.82838     15.189     15.071     8.2850    30.5970      8.073     0.6192 9.9999e+04  1023.8473     8.2835    23.7778    10.1785    310.694    9.64575  294.43163    105.523 -9.990e-29
   40.43026  -72.82838     15.159     15.041     8.2851    30.5972      8.073     0.6326 9.9999e+04  1023.8472     8.2836    23.7779    10.1803    310.748    9.64579  294.43266    105.541 -9.990e-29
   40.43026  -72.82838     15.186     15.069     8.2850    30.5974      8.073     0.6326 9.9999e+04  1023.8476     8.2835    23.7781    10.1820    310.802    9.64584  294.43437    105.559 -9.990e-29
   40.43026  -72.82838     15.189     15.071     8.2852    30.5976      8.073     0.6326 9.9999e+04  1023.8479     8.2837    23.7783    10.1838    310.855    9.64586  294.43476    105.577 -9.990e-29
   40.43026  -72.82838     15.196     15.078     8.2853    30.5976      8.073     0.6326 9.9999e+04  1023.8480     8.2838    23.7781    10.1846    310.880    9.64585  294.43449    105.585 -9.990e-29
   40.43026  -72.82838     15.209     15.092     8.2848    30.5966      8.073     0.6326 9.9999e+04  1023.8483     8.2834    23.7763    10.1854    310.904    9.64586  294.43503    105.593 -9.990e-29
   40.43026  -72.82838     15.216     15.099     8.2847    30.5921      8.073     0.6326 9.9999e+04  1023.8471     8.2832    23.7668    10.1861    310.926    9.64584  294.43437    105.601 -9.990e-29
   40.43026  -72.82838     15.219     15.101     8.2844 -9.990e-29      8.073     0.6326 9.9999e+04  1023.8045     8.2830    23.7562    10.1868    310.947    9.64584  294.43428    105.608 -9.990e-29
   40.43026  -72.82838     15.247     15.129     8.2842    30.5885      8.073     0.6326 9.9999e+04  1023.8314     8.2827    23.7609    10.1875    310.968    9.64582  294.43387    105.615 -9.990e-29
   40.43026  -72.82838     15.240     15.122     8.2835    30.5924      8.073     0.6326 9.9999e+04  1023.8480     8.2821    23.7726    10.1881    310.986    9.64579  294.43293    105.622 -9.990e-29
   40.43026  -72.82838     15.267     15.149     8.2833    30.5971      8.073     0.6326 9.9999e+04  1023.8490     8.2818    23.7779    10.1887    311.004    9.64576  294.43205    105.628 -9.990e-29
   40.43026  -72.82838     15.270     15.152     8.2820    30.5982      8.073     0.6326 9.9999e+04  1023.8492     8.2806    23.7792    10.1893    311.023    9.64583  294.43400    105.634 -9.990e-29
   40.43026  -72.82838     15.288     15.170     8.2816    30.5987      8.073     0.6326 9.9999e+04  1023.8497     8.2801    23.7797    10.1898    311.038    9.64580  294.43306    105.640 -9.990e-29
   40.43026  -72.82838     15.291     15.172     8.2809    30.5989      8.073     0.6326 9.9999e+04  1023.8499     8.2794    23.7800    10.1903    311.055    9.64585  294.43447    105.645 -9.990e-29
   40.43026  -72.82838     15.307     15.189     8.2804    30.5992      8.073     0.6326 9.9999e+04  1023.8502     8.2789    23.7802    10.1909    311.071    9.64589  294.43569    105.650 -9.990e-29
   40.43026  -72.82838     15.310     15.191     8.2798    30.5994      8.073     0.6326 9.9999e+04  1023.8506     8.2783    23.7804    10.1913    311.085    9.64594  294.43736    105.654 -9.990e-29
   40.43026  -72.82838     15.328     15.209     8.2796    30.5996      8.073     0.6326 9.9999e+04  1023.8508     8.2781    23.7806    10.1918    311.098    9.64597  294.43841    105.658 -9.990e-29
   40.43026  -72.82838     15.340     15.221     8.2792    30.5997      8.073     0.6326 9.9999e+04  1023.8509     8.2778    23.7808    10.1913    311.084    9.64602  294.43967    105.653 -9.990e-29
   40.43026  -72.82838     15.348     15.230     8.2792    30.5999      8.073     0.6326 9.9999e+04  1023.8513     8.2778    23.7809    10.1907    311.066    9.64604  294.44021    105.647 -9.990e-29
   40.43026  -72.82838     15.361     15.242     8.2792    30.6000      8.073     0.6326 9.9999e+04  1023.8512     8.2778    23.7810    10.1908    311.070    9.64596  294.43786    105.649 -9.990e-29
   40.43026  -72.82838     15.372     15.253     8.2784    30.6001      8.073     0.6326 9.9999e+04  1023.8517     8.2769    23.7812    10.1910    311.074    9.64592  294.43667    105.650 -9.990e-29
   40.43026  -72.82838     15.379     15.260     8.2788    30.6001      8.073     0.6192 9.9999e+04  1023.8514     8.2773    23.7812    10.1911    311.077    9.64590  294.43600    105.652 -9.990e-29
   40.43026  -72.82838     15.391     15.272     8.2783    30.6003      8.073     0.6729 9.9999e+04  1023.8517     8.2768    23.7813    10.1911    311.078    9.64585  294.43446    105.653 -9.990e-29
   40.43026  -72.82838     15.388     15.269     8.2781    30.6005      8.073     0.7266 9.9999e+04  1023.8522     8.2766    23.7815    10.1912    311.081    9.64586  294.43492    105.654 -9.990e-29
   40.43026  -72.82838     15.412     15.292     8.2783    30.6005      8.073     0.7266 9.9999e+04  1023.8519     8.2768    23.7815    10.1903    311.053    9.64580  294.43302    105.645 -9.990e-29
   40.43026  -72.82838     15.409     15.290     8.2779    30.6005      8.073     0.7266 9.9999e+04  1023.8522     8.2765    23.7816    10.1894    311.027    9.64585  294.43474    105.635 -9.990e-29
   40.43026  -72.82838     15.421     15.302     8.2778    30.6006      8.073     0.7266 9.9999e+04  1023.8522     8.2763    23.7817    10.1893    311.023    9.64585  294.43460    105.634 -9.990e-29
   40.43026  -72.82838     15.439     15.320     8.2779    30.6006      8.073     0.7266 9.9999e+04  1023.8525     8.2765    23.7817    10.1892    311.019    9.64586  294.43501    105.633 -9.990e-29
   40.43026  -72.82838     15.442     15.322     8.2779    30.6006      8.073     0.7266 9.9999e+04  1023.8524     8.2765    23.7817    10.1890    311.014    9.64588  294.43540    105.631 -9.990e-29
   40.43026  -72.82838     15.439     15.320     8.2778    30.6006      8.073     0.7266 9.9999e+04  1023.8522     8.2763    23.7817    10.1889    311.011    9.64595  294.43778    105.629 -9.990e-29
   40.43026  -72.82838     15.463     15.343     8.2778    30.6005      8.073     0.7266 9.9999e+04  1023.8525     8.2763    23.7817    10.1886    311.003    9.64593  294.43704    105.626 -9.990e-29
   40.43026  -72.82838     15.463     15.343     8.2778    30.6005      8.073     0.7266 9.9999e+04  1023.8522     8.2763    23.7816    10.1885    310.998    9.64603  294.44008    105.623 -9.990e-29
   40.43026  -72.82838     15.469     15.350     8.2778    30.6005      8.073     0.7266 9.9999e+04  1023.8523     8.2763    23.7816    10.1881    310.987    9.64601  294.43942    105.620 -9.990e-29
   40.43026  -72.82838     15.472     15.352     8.2774    30.6005      8.073     0.7266 9.9999e+04  1023.8525     8.2760    23.7816    10.1878    310.978    9.64607  294.44103    105.617 -9.990e-29
   40.43026  -72.82838     15.480     15.361     8.2775    30.6004      8.073     0.7266 9.9999e+04  1023.8523     8.2760    23.7816    10.1866    310.941    9.64611  294.44251    105.603 -9.990e-29
   40.43026  -72.82838     15.483     15.363     8.2772    30.6003      8.073     0.7266 9.9999e+04  1023.8525     8.2757    23.7815    10.1862    310.929    9.64619  294.44471    105.599 -9.990e-29
   40.43026  -72.82838     15.490     15.370     8.2773    30.6003      8.073     0.7266 9.9999e+04  1023.8522     8.2758    23.7815    10.1867    310.943    9.64620  294.44512    105.603 -9.990e-29
   40.43026  -72.82838     15.502     15.383     8.2771    30.6004      8.073     0.7266 9.9999e+04  1023.8525     8.2756    23.7817    10.1862    310.928    9.64622  294.44575    105.598 -9.990e-29
   40.43026  -72.82838     15.501     15.381     8.2768    30.6007      8.073     0.7266 9.9999e+04  1023.8530     8.2753    23.7820    10.1858    310.915    9.64630  294.44811    105.592 -9.990e-29
   40.43026  -72.82838     15.502     15.383     8.2765    30.6008      8.073     0.7266 9.9999e+04  1023.8532     8.2750    23.7820    10.1852    310.898    9.64630  294.44812    105.587 -9.990e-29
   40.43026  -72.82838     15.513     15.393     8.2766    30.6006      8.073     0.7266 9.9999e+04  1023.8527     8.2752    23.7819    10.1848    310.885    9.64645  294.45247    105.581 -9.990e-29
   40.43026  -72.82838     15.501     15.381     8.2763    30.6006      8.073     0.7266 9.9999e+04  1023.8528     8.2748    23.7819    10.1843    310.870    9.64656  294.45623    105.574 -9.990e-29
   40.43026  -72.82838     15.513     15.393     8.2763    30.6006      8.073     0.7266 9.9999e+04  1023.8530     8.2748    23.7820    10.1838    310.856    9.64673  294.46141    105.568 -9.990e-29
   40.43026  -72.82838     15.511     15.391     8.2760    30.6007      8.073     0.7266 9.9999e+04  1023.8529     8.2745    23.7821    10.1833    310.839    9.64688  294.46581    105.560 -9.990e-29
   40.43026  -72.82838     15.513     15.393     8.2757    30.6008      8.073     0.7266 9.9999e+04  1023.8532     8.2742    23.7821    10.1827    310.821    9.64699  294.46912    105.553 -9.990e-29
   40.43026  -72.82838     15.520     15.400     8.2755    30.6009      8.073     0.7266 9.9999e+04  1023.8531     8.2740    23.7822    10.1822    310.805    9.64721  294.47550    105.545 -9.990e-29
   40.43026  -72.82838     15.513     15.393     8.2750    30.6010      8.073     0.7132 9.9999e+04  1023.8535     8.2735    23.7824    10.1824    310.813    9.64735  294.47971    105.547 -9.990e-29
   40.43026  -72.82838     15.520     15.400     8.2751    30.6010      8.073     0.6863 9.9999e+04  1023.8534     8.2737    23.7824    10.1818    310.794    9.64751  294.48464    105.538 -9.990e-29
   40.43026  -72.82838     15.513     15.393     8.2752    30.6011      8.073     0.6863 9.9999e+04  1023.8535     8.2737    23.7825    10.1811    310.771    9.64759  294.48667    105.530 -9.990e-29
   40.43026  -72.82838     15.523     15.403     8.2750    30.6011      8.073     0.6863 9.9999e+04  1023.8536     8.2735    23.7825    10.1812    310.775    9.64769  294.48968    105.530 -9.990e-29
   40.43026  -72.82836     15.511     15.391     8.2748    30.6011      8.073     0.6863 9.9999e+04  1023.8534     8.2733    23.7825    10.1814    310.780    9.64779  294.49279    105.531 -9.990e-29
   40.43026  -72.82836     15.513     15.393     8.2747    30.6012      8.073     0.6863 9.9999e+04  1023.8536     8.2732    23.7826    10.1815    310.783    9.64787  294.49491    105.531 -9.990e-29
   40.43026  -72.82836     15.520     15.400     8.2747    30.6012      8.073     0.6863 9.9999e+04  1023.8538     8.2732    23.7826    10.1815    310.784    9.64789  294.49533    105.531 -9.990e-29
   40.43026  -72.82836     15.513     15.393     8.2747    30.6011      8.073     0.6863 9.9999e+04  1023.8535     8.2732    23.7825    10.1816    310.786    9.64794  294.49669    105.531 -9.990e-29
   40.43026  -72.82836     15.511     15.391     8.2748    30.6010      8.073     0.6863 9.9999e+04  1023.8534     8.2733    23.7824    10.1816    310.788    9.64796  294.49736    105.532 -9.990e-29
   40.43026  -72.82836     15.513     15.393     8.2749    30.6010 -9.990e-29     0.6863 9.9999e+04  1023.8533     8.2734    23.7824    10.1817    310.790    9.64801  294.49860    105.532 -9.990e-29
   40.43026  -72.82836     15.511     15.391     8.2749    30.6010 -9.990e-29     0.6863 9.9999e+04  1023.8535     8.2734    23.7824    10.1817    310.788    9.64794  294.49561    105.532 -9.990e-29
   40.43026  -72.82836     15.513     15.393     8.2750    30.6010 -9.990e-29     0.6863 9.9999e+04  1023.8535     8.2735    23.7824    10.1877    310.971    9.64779  294.49025    105.596 -9.990e-29
   40.43026  -72.82836     15.513     15.393     8.2752    30.6010 -9.990e-29     0.6863 9.9999e+04  1023.8533     8.2737    23.7824    10.1823    310.804    9.64765  294.48483    105.541 -9.990e-29
   40.43026  -72.82836     15.501     15.381     8.2749    30.6010 -9.990e-29     0.6863 9.9999e+04  1023.8534     8.2734    23.7824    10.1881    310.980    9.64735  294.47449    105.605 -9.990e-29
