CalculateIndicators/WaterTemperature/Data/CTD_NYOS/20240710_C17.cnv
* Sea-Bird SBE 9 Data File:
* FileName = C:\Seabird 9 CTD\Data\2024\202407_offshore\20240710_C17.hex
* Software Version Seasave V 7.23.2
* Temperature SN = 4590
* Conductivity SN = 3228
* Number of Bytes Per Scan = 44
* Number of Voltage Words = 5
* Number of Scans Averaged by the Deck Unit = 1
* NMEA Latitude = 40 13.24 N
* NMEA Longitude = 072 41.16 W
* NMEA UTC (Time) = Jul 10 2024  03:29:26
* NMEA baud rate = 4800
** Ship: seawolf
** Station: 9.3
** Operator: TDK
# nquan = 18
# nvalues = 14666                       
# units = specified
# name 0 = latitude: Latitude [deg]
# name 1 = longitude: Longitude [deg]
# name 2 = prDM: Pressure, Digiquartz [db]
# name 3 = depSM: Depth [salt water, m]
# name 4 = t090C: Temperature [ITS-90, deg C]
# name 5 = sal00: Salinity, Practical [PSU]
# name 6 = ph: pH
# name 7 = flECO-AFL: Fluorescence, WET Labs ECO-AFL/FL [mg/m^3]
# name 8 = cpar: CPAR/Corrected Irradiance [%]
# name 9 = density00: Density [density, kg/m^3]
# name 10 = potemp090C: Potential Temperature [ITS-90, deg C]
# name 11 = sigma-é00: Density [sigma-theta, kg/m^3]
# name 12 = sbeox0Mg/L: Oxygen, SBE 43 [mg/l]
# name 13 = sbox0Mm/Kg: Oxygen, SBE 43 [umol/kg]
# name 14 = oxsolMg/L: Oxygen Saturation, Garcia & Gordon [mg/l]
# name 15 = oxsolMm/Kg: Oxygen Saturation, Garcia & Gordon [umol/kg]
# name 16 = sbeox0PS: Oxygen, SBE 43 [% saturation]
# name 17 = flag:  0.000e+00
# span 0 =   40.22082,   40.22164       
# span 1 =  -72.68612,  -72.68358       
# span 2 =      1.647,     53.107       
# span 3 =      1.635,     52.692       
# span 4 =     6.6829,    23.5302       
# span 5 =    30.0280,    31.9726       
# span 6 =      7.830,      8.102       
# span 7 =    -0.0255,     3.7755       
# span 8 = 1.6880e-11, 9.9999e+04       
# span 9 =  1020.2189,  1025.3156       
# span 10 =     6.6788,    23.5294      
# span 11 =    20.2141,    25.0721      
# span 12 =     7.1156,    10.3649      
# span 13 =    216.969,    316.364      
# span 14 =    7.13401,    9.91787      
# span 15 =  218.51775,  302.36799      
# span 16 =     72.409,    119.926      
# span 17 = 0.0000e+00, 0.0000e+00      
# interval = seconds: 0.0416667
# start_time = Jul 10 2024 03:29:27 [System UTC, first data scan.]
# bad_flag = -9.990e-29
*END*
[from data line 10614]
   40.22138  -72.68446      8.352      8.288    14.9520    31.0593      7.883     1.4385 9.9999e+04  1023.0719    14.9508    22.9887     9.2602    283.232    7.87800  240.95521    117.545 0.0000e+00
   40.22138  -72.68446      8.347      8.283    15.1536    31.0593      7.883     1.8011 9.9999e+04  1022.9713    15.1524    22.9062     9.2709    283.555    7.87532  240.86898    117.722 0.0000e+00
   40.22138  -72.68446      8.313      8.249    15.3288    30.9442      7.877     2.1234 9.9999e+04  1022.7986    15.3276    22.7862     9.2793    283.801    7.87079  240.72410    117.895 0.0000e+00
   40.22138  -72.68446      8.302      8.238    15.4069    30.8560      7.877     2.1772 9.9999e+04  1022.6865    15.4057    22.7010     9.2826    283.899    7.86588  240.57059    118.011 0.0000e+00
   40.22138  -72.68446      8.282      8.219    15.3900    30.8527      7.882     2.1637 9.9999e+04  1022.7085    15.3887    22.6816     9.2889    284.093    7.86052  240.40727    118.172 0.0000e+00
   40.22138  -72.68446      8.262      8.198    15.4020    30.8452      7.877     2.1503 9.9999e+04  1022.7421    15.4008    22.6882     9.2951    284.286    7.85524  240.24829    118.330 0.0000e+00
   40.22138  -72.68446      8.252      8.189    15.4440    30.8385      7.877     2.1369 9.9999e+04  1022.7298    15.4428    22.6727     9.2972    284.357    7.85062  240.11347    118.426 0.0000e+00
   40.22138  -72.68446      8.241      8.178    15.5219    30.8009      7.876     2.1503 9.9999e+04  1022.6719    15.5207    22.6234     9.2993    284.425    7.84607  239.97785    118.521 0.0000e+00
   40.22138  -72.68446      8.232      8.168    15.6284    30.7345      7.876     2.1369 9.9999e+04  1022.5859    15.6272    22.5554     9.2994    284.429    7.84006  239.79307    118.615 0.0000e+00
   40.22138  -72.68446      8.221      8.157    15.6853    30.7345      7.876     2.1503 9.9999e+04  1022.5129    15.6841    22.4970     9.2945    284.281    7.83420  239.61693    118.640 -9.990e-29
   40.22138  -72.68446      8.225      8.161    15.6919    30.7345      7.871     2.1503 5.0640e-11  1022.4727    15.6907    22.4840     9.2948    284.297    7.83000  239.49284    118.708 -9.990e-29
   40.22138  -72.68446      8.201      8.138    15.6717    30.7347      7.871     2.1503 9.9999e+04  1022.5502    15.6704    22.5391     9.2897    284.144    7.82555  239.36111    118.709 -9.990e-29
   40.22138  -72.68446      8.201      8.138    15.6757    30.8522      7.871     2.1503 9.9999e+04  1022.6975    15.6745    22.6229     9.2830    283.944    7.82102  239.22466    118.693 -9.990e-29
   40.22138  -72.68446      8.181      8.118    15.7827    30.9319      7.870     2.1503 5.0640e-11  1022.7337    15.7815    22.6677     9.2789    283.817    7.81547  239.05522    118.724 0.0000e+00
   40.22138  -72.68446      8.171      8.108    15.8907    30.9546      7.870     2.1503 9.9999e+04  1022.7029    15.8895    22.6639     9.2643    283.371    7.80948  238.87176    118.629 0.0000e+00
   40.22138  -72.68446      8.160      8.097    15.9809    30.9573      7.870     2.1503 9.9999e+04  1022.6763    15.9797    22.6450     9.2582    283.185    7.80390  238.70072    118.636 0.0000e+00
   40.22138  -72.68446      8.150      8.088    16.0743    30.9621      7.870     2.1503 5.0640e-11  1022.6655    16.0731    22.6289     9.2472    282.846    7.79841  238.53254    118.578 -9.990e-29
   40.22138  -72.68446      8.150      8.088    16.1564    30.9668      7.869     2.1369 5.0640e-11  1022.6506    16.1551    22.6140     9.2350    282.475    7.79244  238.35025    118.513 -9.990e-29
   40.22138  -72.68446      8.153      8.090    16.2242    30.9711      7.869     2.1503 5.0640e-11  1022.6329    16.2229    22.5992     9.2175    281.943    7.78625  238.16285    118.382 -9.990e-29
   40.22138  -72.68446      8.150      8.088    16.3140    30.9711      7.864     2.1503 5.0640e-11  1022.6225    16.3127    22.5859     9.2036    281.518    7.78012  237.97809    118.296 0.0000e+00
   40.22138  -72.68446      8.141      8.078    16.4390    30.9711      7.863     2.1503 9.9999e+04  1022.6210    16.4378    22.5618     9.1893    281.086    7.77403  237.79475    118.205 0.0000e+00
   40.22138  -72.68446      8.130      8.067    16.6012    30.9617      7.863     2.1503 9.9999e+04  1022.5563    16.5999    22.5100     9.1743    280.629    7.76786  237.60926    118.105 -9.990e-29
   40.22138  -72.68446      8.130      8.067    16.7422    30.9165      7.863     2.1503 5.0640e-11  1022.4669    16.7409    22.4421     9.1541    280.018    7.76154  237.41966    117.942 -9.990e-29
   40.22138  -72.68446      8.120      8.058    16.8893    30.8850      7.862     2.1503 5.0640e-11  1022.4095    16.8880    22.3854     9.1384    279.543    7.75553  237.24028    117.831 0.0000e+00
   40.22138  -72.68446      8.109      8.047    17.0260    30.8708      7.857     2.1369 9.9999e+04  1022.3828    17.0247    22.3434     9.1184    278.936    7.74993  237.07309    117.658 -9.990e-29
   40.22138  -72.68446      8.109      8.047    17.1511    30.8549      7.861     2.2443 5.0640e-11  1022.3399    17.1498    22.3023     9.1028    278.462    7.74453  236.91085    117.539 -9.990e-29
   40.22138  -72.68446      8.123      8.060    17.2638    30.8312      7.856     2.4592 5.0640e-11  1022.2929    17.2625    22.2577     9.0864    277.963    7.73889  236.74076    117.412 -9.990e-29
   40.22138  -72.68446      8.120      8.058    17.3678    30.8044      7.856     2.5264 9.9999e+04  1022.2478    17.3665    22.2129     9.0697    277.456    7.73340  236.57588    117.280 -9.990e-29
   40.22138  -72.68446      8.130      8.067    17.4616    30.7759      7.855     2.5264 9.9999e+04  1022.2051    17.4603    22.1689     9.0528    276.943    7.72814  236.41837    117.141 -9.990e-29
   40.22138  -72.68446      8.141      8.078    17.5482    30.7443      7.855     2.5129 9.9999e+04  1022.1606    17.5469    22.1245     9.0316    276.297    7.72308  236.26629    116.943 -9.990e-29
   40.22138  -72.68446      8.150      8.088    17.6262    30.7098      7.855     2.5129 9.9999e+04  1022.1149    17.6249    22.0796     9.0181    275.886    7.71780  236.10730    116.848 -9.990e-29
   40.22138  -72.68446      8.130      8.067    17.6971    30.6744      7.855     2.5129 9.9999e+04  1022.0694    17.6958    22.0361     8.9956    275.202    7.71236  235.94406    116.639 -9.990e-29
   40.22138  -72.68446      8.150      8.088    17.7565    30.6404      7.855     2.5129 9.9999e+04  1022.0300    17.7552    21.9959     8.9735    274.530    7.70749  235.79891    116.425 -9.990e-29
   40.22138  -72.68446      8.150      8.088    17.8065    30.6086      7.854     2.5129 9.9999e+04  1021.9928    17.8052    21.9597     8.9509    273.843    7.70282  235.65958    116.203 -9.990e-29
   40.22138  -72.68446      8.174      8.111    17.8479    30.5805      7.854     2.5129 5.0640e-11  1021.9610    17.8465    21.9282     8.9379    273.450    7.69837  235.52655    116.102 -9.990e-29
   40.22138  -72.68446      8.150      8.088    17.8813    30.5568      7.849     2.5129 5.0640e-11  1021.9354    17.8800    21.9020     8.9166    272.801    7.69406  235.39765    115.889 -9.990e-29
   40.22138  -72.68446      8.150      8.088    17.9086    30.5379      7.854     2.5129 2.5320e-11  1021.9136    17.9073    21.8808     8.8997    272.286    7.68977  235.26871    115.734 -9.990e-29
   40.22138  -72.68446      8.150      8.088    17.9308    30.5243      7.849     2.5129 2.5320e-11  1021.8978    17.9294    21.8650     8.8833    271.787    7.68571  235.14670    115.582 -9.990e-29
   40.22138  -72.68446      8.150      8.088    17.9482    30.5162      7.849     2.5129 2.5320e-11  1021.8886    17.9468    21.8544     8.8685    271.338    7.68241  235.04856    115.439 -9.990e-29
   40.22138  -72.68446      8.171      8.108    17.9646    30.5113      7.854     2.5129 1.6880e-11  1021.8821    17.9632    21.8466     8.8547    270.920    7.67966  234.96699    115.301 -9.990e-29
   40.22138  -72.68446      8.160      8.097    17.9797    30.5068      7.849     2.5129 1.6880e-11  1021.8761    17.9784    21.8395     8.8369    270.375    7.67701  234.88760    115.108 -9.990e-29
   40.22138  -72.68446      8.150      8.088    17.9948    30.5008      7.849     2.5129 1.6880e-11  1021.8680    17.9935    21.8313     8.8235    269.969    7.67432  234.80659    114.975 -9.990e-29
   40.22138  -72.68446      8.151      8.088    18.0094    30.4926      7.849     2.5129 1.6880e-11  1021.8578    18.0080    21.8216     8.8065    269.450    7.67201  234.73751    114.788 -9.990e-29
   40.22138  -72.68446      8.144      8.081    18.0236    30.4821      7.849     2.5129 1.6880e-11  1021.8473    18.0222    21.8101     8.7950    269.099    7.67005  234.67921    114.667 -9.990e-29
   40.22138  -72.68446      8.160      8.097    18.0385    30.4680      7.849     2.5129 1.6880e-11  1021.8336    18.0371    21.7959     8.7839    268.763    7.66843  234.63097    114.547 -9.990e-29
   40.22138  -72.68446      8.160      8.097    18.0522    30.4512      7.849     2.5129 1.6880e-11  1021.8142    18.0508    21.7798     8.7687    268.298    7.66697  234.58787    114.370 -9.990e-29
   40.22138  -72.68446      8.151      8.088    18.0650    30.4341      7.849     2.5129 1.6880e-11  1021.8001    18.0636    21.7637     8.7549    267.879    7.66594  234.55807    114.206 -9.990e-29
   40.22138  -72.68446      8.151      8.088    18.0762    30.4291      7.849     2.5129 1.6880e-11  1021.7821    18.0749    21.7487     8.7462    267.614    7.66511  234.53402    114.104 -9.990e-29
   40.22138  -72.68446      8.141      8.078    18.0864    30.4291      7.849     2.5129 1.6880e-11  1021.7646    18.0850    21.7421     8.7389    267.390    7.66455  234.51788    114.017 -9.990e-29
   40.22138  -72.68446      8.141      8.078    18.0960    30.4291      7.844     2.5532 1.6880e-11  1021.7823    18.0946    21.7515     8.7328    267.205    7.66443  234.51536    113.939 -9.990e-29
   40.22138  -72.68446      8.141      8.078    18.1130    30.4578      7.843     2.9427 1.6880e-11  1021.8101    18.1116    21.7692     8.7236    266.925    7.66490  234.53117    113.812 -9.990e-29
   40.22138  -72.68446      8.134      8.071    18.1378    30.4807      7.843     3.1442 1.6880e-11  1021.8234    18.1365    21.7807     8.7201    266.819    7.66598  234.56580    113.750 -9.990e-29
   40.22138  -72.68446      8.130      8.067    18.1712    30.4807      7.848     3.1576 1.6880e-11  1021.8211    18.1698    21.7805     8.7135    266.620    7.66802  234.63037    113.634 -9.990e-29
   40.22138  -72.68446      8.120      8.058    18.2072    30.4807      7.843     3.1442 1.6880e-11  1021.8106    18.2058    21.7692     8.7079    266.451    7.67058  234.70972    113.524 -9.990e-29
   40.22138  -72.68446      8.109      8.047    18.2454    30.4752      7.848     3.1308 1.6880e-11  1021.7834    18.2441    21.7518     8.7045    266.351    7.67454  234.83427    113.421 -9.990e-29
   40.22138  -72.68446      8.109      8.047    18.2792    30.4706      7.843     3.1308 1.6880e-11  1021.7673    18.2778    21.7385     8.7069    266.424    7.67949  234.98588    113.379 -9.990e-29
   40.22138  -72.68446      8.100      8.037    18.3143    30.4690      7.843     3.1442 1.6880e-11  1021.7715    18.3129    21.7311     8.7047    266.353    7.68389  235.11837    113.285 -9.990e-29
   40.22138  -72.68446      8.100      8.037    18.3547    30.4684      7.843     3.1308 1.6880e-11  1021.7589    18.3533    21.7205     8.7086    266.474    7.68950  235.29118    113.253 -9.990e-29
   40.22138  -72.68446      8.083      8.021    18.3876    30.4591      7.843     3.1442 1.6880e-11  1021.7397    18.3862    21.7049     8.7086    266.471    7.69550  235.47236    113.164 0.0000e+00
   40.22138  -72.68446      8.069      8.007    18.4215    30.4547      7.843     3.1308 1.6880e-11  1021.7217    18.4201    21.6899     8.7072    266.423    7.70011  235.60821    113.079 0.0000e+00
   40.22138  -72.68446      8.060      7.998    18.4530    30.4547      7.842     3.1308 1.6880e-11  1021.7117    18.4516    21.6803     8.7051    266.354    7.70416  235.72844    112.992 -9.990e-29
   40.22138  -72.68446      8.060      7.998    18.4874    30.4547      7.842     3.1308 1.6880e-11  1021.7107    18.4860    21.6771     8.7034    266.301    7.70876  235.86688    112.903 -9.990e-29
   40.22138  -72.68446      8.049      7.987    18.5234    30.4661      7.842     3.1308 1.6880e-11  1021.7124    18.5221    21.6773     8.6982    266.139    7.71398  236.02426    112.759 0.0000e+00
   40.22138  -72.68446      8.028      7.966    18.5571    30.4783      7.842     3.1442 1.6880e-11  1021.7137    18.5558    21.6782     8.7008    266.212    7.71876  236.16641    112.722 0.0000e+00
   40.22138  -72.68446      8.019      7.957    18.5905    30.4893      7.842     3.1308 1.6880e-11  1021.7147    18.5892    21.6780     8.6950    266.034    7.72361  236.31339    112.577 0.0000e+00
   40.22138  -72.68446      8.009      7.947    18.6281    30.4971      7.842     3.1442 1.6880e-11  1021.7125    18.6268    21.6748     8.6907    265.903    7.73018  236.51554    112.425 0.0000e+00
   40.22138  -72.68446      8.002      7.940    18.6694    30.4971      7.842     3.1308 1.6880e-11  1021.7041    18.6680    21.6675     8.6955    266.046    7.73707  236.72375    112.387 0.0000e+00
   40.22138  -72.68446      7.988      7.927    18.7115    30.4971      7.842     3.1308 1.6880e-11  1021.6926    18.7102    21.6568     8.6917    265.931    7.74453  236.95220    112.230 0.0000e+00
   40.22138  -72.68446      7.979      7.917    18.7541    30.4970      7.842     3.1308 1.6880e-11  1021.6795    18.7527    21.6442     8.6937    265.991    7.75344  237.22319    112.127 0.0000e+00
   40.22138  -72.68446      7.958      7.897    18.7972    30.4926      7.841     3.1308 1.6880e-11  1021.6661    18.7959    21.6301     8.6895    265.857    7.76097  237.44742    111.965 0.0000e+00
   40.22138  -72.68446      7.949      7.887    18.8425    30.4858      7.841     3.1308 1.6880e-11  1021.6498    18.8412    21.6141     8.6846    265.701    7.76805  237.66039    111.798 -9.990e-29
   40.22138  -72.68446      7.949      7.887    18.8869    30.4771      7.841     3.1308 2.5320e-11  1021.6309    18.8855    21.5967     8.6793    265.536    7.77559  237.88725    111.623 -9.990e-29
   40.22138  -72.68446      7.928      7.867    18.9285    30.4691      7.841     3.1308 1.6880e-11  1021.6128    18.9271    21.5803     8.6782    265.498    7.78296  238.11008    111.502 0.0000e+00
   40.22138  -72.68446      7.921      7.860    18.9667    30.4640      7.841     3.1308 2.5320e-11  1021.6004    18.9653    21.5666     8.6766    265.446    7.79025  238.32853    111.378 0.0000e+00
   40.22138  -72.68446      7.907      7.846    19.0058    30.4605      7.841     3.0770 1.6880e-11  1021.5897    19.0045    21.5543     8.6715    265.287    7.79841  238.57543    111.196 0.0000e+00
   40.22138  -72.68446      7.898      7.837    19.0452    30.4562      7.841     3.0099 2.5320e-11  1021.5760    19.0438    21.5413     8.6665    265.126    7.80693  238.83037    111.010 0.0000e+00
   40.22138  -72.68446      7.877      7.816    19.0834    30.4512      7.841     3.0099 1.6880e-11  1021.5616    19.0820    21.5281     8.6558    264.793    7.81472  239.06381    110.762 -9.990e-29
   40.22138  -72.68446      7.877      7.816    19.1194    30.4472      7.836     3.0099 1.6880e-11  1021.5499    19.1180    21.5158     8.6568    264.824    7.82529  239.38747    110.626 -9.990e-29
   40.22138  -72.68446      7.867      7.807    19.1564    30.4433      7.835     3.0099 2.5320e-11  1021.5393    19.1550    21.5035     8.6513    264.657    7.83870  239.79826    110.366 0.0000e+00
