CalculateIndicators/WaterTemperature/Data/CTD_NYOS/20240913_C16.cnv
* Sea-Bird SBE 9 Data File:
* FileName = C:\Seabird 9 CTD\Data\2024\202409_offshore\20240913_C16.hex
* Software Version Seasave V 7.23.2
* Temperature SN = 4590
* Conductivity SN = 3228
* Number of Bytes Per Scan = 44
* Number of Voltage Words = 5
* Number of Scans Averaged by the Deck Unit = 1
* NMEA Latitude = 39 46.26 N
* NMEA Longitude = 072 23.28 W
* NMEA UTC (Time) = Sep 13 2024  10:42:08
* NMEA baud rate = 4800
** Ship: Seawolf
** Station: 9.5
** Operator: TDK
# nquan = 18
# nvalues = 16892                       
# units = specified
# name 0 = latitude: Latitude [deg]
# name 1 = longitude: Longitude [deg]
# name 2 = prDM: Pressure, Digiquartz [db]
# name 3 = depSM: Depth [salt water, m]
# name 4 = t090C: Temperature [ITS-90, deg C]
# name 5 = sal00: Salinity, Practical [PSU]
# name 6 = ph: pH
# name 7 = flECO-AFL: Fluorescence, WET Labs ECO-AFL/FL [mg/m^3]
# name 8 = cpar: CPAR/Corrected Irradiance [%]
# name 9 = density00: Density [density, kg/m^3]
# name 10 = potemp090C: Potential Temperature [ITS-90, deg C]
# name 11 = sigma-é00: Density [sigma-theta, kg/m^3]
# name 12 = sbeox0Mg/L: Oxygen, SBE 43 [mg/l]
# name 13 = sbox0Mm/Kg: Oxygen, SBE 43 [umol/kg]
# name 14 = oxsolMg/L: Oxygen Saturation, Garcia & Gordon [mg/l]
# name 15 = oxsolMm/Kg: Oxygen Saturation, Garcia & Gordon [umol/kg]
# name 16 = sbeox0PS: Oxygen, SBE 43 [% saturation]
# name 17 = flag:  0.000e+00
# span 0 =   39.76854,   39.77110       
# span 1 =  -72.38996,  -72.38812       
# span 2 =      1.851,     81.729       
# span 3 =      1.836,     81.089       
# span 4 =     9.0694,    21.1900       
# span 5 =    31.8800,    34.2292       
# span 6 =      7.867,      8.213       
# span 7 =    -0.0658,     2.2443       
# span 8 = 3.8363e-13, 6.1045e+01       
# span 9 =  1022.4732,  1026.4096       
# span 10 =     9.0651,    21.1892      
# span 11 =    22.4650,    26.0442      
# span 12 =     6.0836,     8.7313      
# span 13 =    185.290,    266.396      
# span 14 =    7.34425,    9.37008      
# span 15 =  224.45113,  285.67200      
# span 16 =     69.594,    105.410      
# span 17 = 0.0000e+00, 0.0000e+00      
# interval = seconds: 0.0416667
# start_time = Sep 13 2024 10:42:08 [System UTC, first data scan.]
# bad_flag = -9.990e-29
*END*
[from data line 10774]
   39.76928  -72.38916     45.428     45.076    10.7613    32.7250      7.909     0.1491 1.4449e-02  1025.2523    10.7560    25.0474     7.0446    214.769    9.11547  277.90446     77.282 -9.990e-29
   39.76928  -72.38916     45.408     45.056    10.7646    32.7254      7.909     0.1491 1.4449e-02  1025.2537    10.7593    25.0468     7.0417    214.682    9.11571  277.91252     77.248 -9.990e-29
   39.76928  -72.38916     45.408     45.056    10.7701    32.7224      7.909     0.1491 1.4432e-02  1025.2484    10.7647    25.0436     7.0396    214.616    9.11589  277.91738     77.223 -9.990e-29
   39.76928  -72.38916     45.398     45.046    10.7752    32.7179      7.909     0.1491 1.4292e-02  1025.2431    10.7699    25.0394     7.0370    214.535    9.11553  277.90469     77.197 -9.990e-29
   39.76928  -72.38916     45.398     45.046    10.7785    32.7132      7.909     0.1491 1.4841e-02  1025.2405    10.7732    25.0352     7.0334    214.425    9.11490  277.88374     77.163 -9.990e-29
   39.76928  -72.38916     45.377     45.026    10.7802    32.7068      7.909     0.1491 1.5271e-02  1025.2353    10.7748    25.0298     7.0296    214.309    9.11409  277.85809     77.129 -9.990e-29
   39.76928  -72.38916     45.368     45.016    10.7799    32.6973      7.909     0.1491 1.5549e-02  1025.2278    10.7745    25.0224     7.0265    214.213    9.11317  277.82976     77.102 -9.990e-29
   39.76928  -72.38916     45.357     45.005    10.7788    32.6845      7.909     0.1491 1.5695e-02  1025.2184    10.7735    25.0129     7.0235    214.122    9.11245  277.80832     77.076 -9.990e-29
   39.76928  -72.38916     45.347     44.995    10.7751    32.6649      7.909     0.1491 1.6134e-02  1025.2090    10.7697    24.9986     7.0218    214.073    9.11241  277.80930     77.057 -9.990e-29
   39.76928  -72.38916     45.337     44.986    10.7633    32.6311      7.909     0.1491 1.6276e-02  1025.1855    10.7579    24.9741     7.0199    214.015    9.11294  277.82764     77.032 -9.990e-29
   39.76928  -72.38916     45.317     44.965    10.7503    32.5832      7.909     0.1625 1.6128e-02  1025.1437    10.7450    24.9398     7.0187    213.981    9.11347  277.84437     77.015 -9.990e-29
   39.76928  -72.38916     45.307     44.956    10.7240    32.5409      7.909     0.1759 1.5980e-02  1025.0961    10.7187    24.9117     7.0118    213.770    9.11390  277.85752     76.935 -9.990e-29
   39.76928  -72.38916     45.296     44.945    10.6778    32.5288      7.909     0.1625 1.5832e-02  1025.0998    10.6725    24.9089     7.0159    213.896    9.11463  277.88084     76.974 -9.990e-29
   39.76928  -72.38916     45.265     44.915    10.6326    32.5425      7.910     0.1625 1.6276e-02  1025.1341    10.6273    24.9269     7.0155    213.886    9.11596  277.92308     76.959 -9.990e-29
   39.76928  -72.38916     45.265     44.915    10.5941    32.5580      7.910     0.1625 1.8871e-02  1025.1548    10.5888    24.9457     7.0157    213.896    9.11800  277.98967     76.944 -9.990e-29
   39.76928  -72.38916     45.245     44.894    10.5575    32.5651      7.910     0.1625 1.9978e-02  1025.1631    10.5522    24.9575     7.0168    213.930    9.12005  278.05372     76.938 -9.990e-29
   39.76928  -72.38916     45.224     44.874    10.5255    32.5670      7.910     0.1625 1.9978e-02  1025.1701    10.5203    24.9643     7.0119    213.778    9.12164  278.10067     76.871 -9.990e-29
   39.76928  -72.38916     45.205     44.854    10.5000    32.5650      7.910     0.1625 1.8871e-02  1025.1739    10.4948    24.9674     7.0112    213.754    9.12221  278.11402     76.858 -9.990e-29
   39.76928  -72.38916     45.194     44.843    10.4770    32.5603      7.910     0.1625 1.8093e-02  1025.1699    10.4718    24.9678     7.0095    213.698    9.12138  278.08292     76.847 -9.990e-29
   39.76928  -72.38916     45.173     44.823    10.4536    32.5596      7.910     0.1625 1.8093e-02  1025.1701    10.4484    24.9712     7.0073    213.630    9.11990  278.03519     76.835 -9.990e-29
   39.76928  -72.38916     45.154     44.804    10.4296    32.5673      7.910     0.1759 1.8550e-02  1025.1831    10.4245    24.9810     6.9996    213.393    9.11861  277.99523     76.762 -9.990e-29
   39.76928  -72.38916     45.143     44.793    10.4112    32.5800      7.910     0.1625 1.9017e-02  1025.1992    10.4060    24.9941     7.0029    213.495    9.11752  277.96244     76.807 -9.990e-29
   39.76928  -72.38916     45.103     44.753    10.3978    32.5909      7.910     0.1625 1.9017e-02  1025.2115    10.3926    25.0050     7.0014    213.449    9.11657  277.93355     76.799 -9.990e-29
   39.76928  -72.38916     45.092     44.742    10.3877    32.5977      7.910     0.1625 1.8705e-02  1025.2161    10.3825    25.0122     7.0004    213.417    9.11509  277.88735     76.800 -9.990e-29
   39.76928  -72.38916     45.071     44.722    10.3773    32.6030      7.910     0.1625 1.8236e-02  1025.2203    10.3722    25.0180     6.9997    213.397    9.11391  277.85346     76.802 -9.990e-29
   39.76928  -72.38916     45.061     44.712    10.3693    32.6102      7.910     0.1625 1.8083e-02  1025.2275    10.3642    25.0249     6.9994    213.391    9.11316  277.83220     76.806 -9.990e-29
   39.76928  -72.38916     45.031     44.682    10.3644    32.6199      7.910     0.1625 1.7625e-02  1025.2360    10.3593    25.0333     6.9989    213.372    9.11180  277.78763     76.811 -9.990e-29
   39.76928  -72.38916     45.010     44.661    10.3627    32.6302      7.910     0.1625 1.7176e-02  1025.2465    10.3576    25.0415     6.9921    213.163    9.10966  277.71920     76.755 -9.990e-29
   39.76928  -72.38916     44.989     44.641    10.3660    32.6353      7.910     0.1625 1.6881e-02  1025.2542    10.3608    25.0452     6.9903    213.107    9.10736  277.64748     76.755 -9.990e-29
   39.76928  -72.38916     44.980     44.631    10.3717    32.6298      7.910     0.1625 1.7624e-02  1025.2469    10.3665    25.0405     6.9888    213.060    9.10521  277.58137     76.756 -9.990e-29
   39.76928  -72.38916     44.938     44.590    10.3708    32.6163      7.910     0.1625 1.9285e-02  1025.2318    10.3657    25.0301     6.9875    213.021    9.10318  277.51919     76.759 -9.990e-29
   39.76928  -72.38916     44.938     44.590    10.3634    32.6026      7.910     0.1625 1.9593e-02  1025.2204    10.3582    25.0207     6.9865    212.990    9.10132  277.46295     76.764 -9.990e-29
   39.76928  -72.38916     44.909     44.561    10.3496    32.5941      7.911     0.1625 1.9275e-02  1025.2162    10.3444    25.0161     6.9852    212.953    9.09989  277.42120     76.762 -9.990e-29
   39.76928  -72.38916     44.887     44.540    10.3345    32.5908      7.911     0.1625 1.8363e-02  1025.2175    10.3294    25.0158     6.9780    212.733    9.09802  277.36314     76.698 -9.990e-29
   39.76928  -72.38916     44.878     44.530    10.3209    32.5908      7.911     0.1491 1.8066e-02  1025.2200    10.3158    25.0181     6.9747    212.625    9.09357  277.21851     76.699 -9.990e-29
   39.76928  -72.38916     44.857     44.509    10.3085    32.5928      7.911     0.1357 1.8066e-02  1025.2236    10.3033    25.0216     6.9693    212.453    9.08724  277.01677     76.693 -9.990e-29
   39.76928  -72.38916     44.847     44.500    10.2991    32.5947      7.911     0.1222 1.7623e-02  1025.2296    10.2940    25.0247     6.9637    212.278    9.08055  276.80831     76.688 -9.990e-29
   39.76928  -72.38916     44.817     44.470    10.2930    32.5927      7.911     0.1222 1.7334e-02  1025.2291    10.2879    25.0247     6.9589    212.135    9.07492  276.63836     76.683 -9.990e-29
   39.76928  -72.38916     44.807     44.460    10.2822    32.5877      7.911     0.1222 1.7479e-02  1025.2225    10.2771    25.0225     6.9555    212.035    9.07072  276.51545     76.681 -9.990e-29
   39.76928  -72.38916     44.796     44.449    10.2681    32.5867      7.911     0.1222 1.8796e-02  1025.2216    10.2630    25.0238     6.9525    211.943    9.06673  276.39600     76.681 -9.990e-29
   39.76928  -72.38916     44.776     44.429    10.2556    32.5936      7.911     0.1222 1.9692e-02  1025.2324    10.2505    25.0309     6.9494    211.849    9.06247  276.26562     76.683 -9.990e-29
   39.76928  -72.38916     44.766     44.419    10.2506    32.6036      7.911     0.1222 1.9533e-02  1025.2445    10.2455    25.0396     6.9404    211.576    9.05782  276.12274     76.624 -9.990e-29
   39.76928  -72.38916     44.745     44.399    10.2520    32.6098      7.911     0.1222 1.8645e-02  1025.2495    10.2469    25.0445     6.9428    211.650    9.05384  276.00256     76.684 -9.990e-29
   39.76928  -72.38916     44.734     44.388    10.2546    32.6099      7.911     0.1222 1.7916e-02  1025.2484    10.2495    25.0444     6.9352    211.419    9.05043  275.90098     76.629 -9.990e-29
   39.76928  -72.38916     44.726     44.379    10.2564    32.6057      7.911     0.1222 1.7629e-02  1025.2428    10.2514    25.0409     6.9322    211.328    9.04727  275.80601     76.622 -9.990e-29
   39.76928  -72.38916     44.725     44.378    10.2551    32.6009      7.911     0.1222 1.8934e-02  1025.2375    10.2500    25.0374     6.9344    211.398    9.04434  275.71851     76.672 -9.990e-29
   39.76928  -72.38916     44.704     44.357    10.2506    32.5988      7.911     0.1222 1.9963e-02  1025.2371    10.2456    25.0363     6.9263    211.149    9.04157  275.63404     76.605 0.0000e+00
   39.76928  -72.38916     44.694     44.348    10.2470    32.5986      7.911     0.1222 2.0262e-02  1025.2391    10.2419    25.0366     6.9239    211.075    9.03867  275.54565     76.603 -9.990e-29
   39.76928  -72.38916     44.694     44.348    10.2462    32.5981      7.911     0.1222 1.9666e-02  1025.2389    10.2411    25.0365     6.9221    211.022    9.03639  275.47875     76.602 -9.990e-29
   39.76928  -72.38916     44.683     44.337    10.2459    32.5978      7.911     0.1222 1.8926e-02  1025.2364    10.2408    25.0364     6.9202    210.968    9.03484  275.43437     76.595 -9.990e-29
   39.76928  -72.38916     44.685     44.338    10.2443    32.6003      7.911     0.1222 1.8781e-02  1025.2385    10.2392    25.0384     6.9187    210.922    9.03343  275.39240     76.590 -9.990e-29
   39.76928  -72.38916     44.673     44.327    10.2438    32.6062      7.911     0.1222 1.9218e-02  1025.2447    10.2387    25.0431     6.9175    210.887    9.03229  275.35957     76.586 -9.990e-29
   39.76928  -72.38916     44.673     44.327    10.2445    32.6130      7.911     0.1357 2.0251e-02  1025.2512    10.2394    25.0483     6.9164    210.856    9.03125  275.32824     76.584 -9.990e-29
   39.76928  -72.38916     44.673     44.327    10.2470    32.6180      7.911     0.1222 2.0390e-02  1025.2549    10.2420    25.0518     6.9156    210.830    9.03019  275.29592     76.583 -9.990e-29
   39.76928  -72.38916     44.664     44.318    10.2510    32.6199      7.911     0.1357 1.9798e-02  1025.2560    10.2459    25.0527     6.9148    210.806    9.02915  275.26423     76.583 -9.990e-29
   39.76928  -72.38916     44.673     44.327    10.2549    32.6172      7.911     0.1222 1.8062e-02  1025.2545    10.2499    25.0501     6.9197    210.953    9.02784  275.22349     76.648 -9.990e-29
   39.76928  -72.38916     44.675     44.329    10.2584    32.6102      7.911     0.1222 1.7356e-02  1025.2454    10.2533    25.0442     6.9193    210.940    9.02610  275.16866     76.659 -9.990e-29
   39.76928  -72.38916     44.673     44.327    10.2584    32.6028      7.911     0.1222 1.7496e-02  1025.2382    10.2533    25.0383     6.9128    210.741    9.02370  275.09344     76.607 -9.990e-29
   39.76928  -72.38916     44.673     44.327    10.2569    32.5981      7.911     0.1222 1.8062e-02  1025.2353    10.2519    25.0348     6.9225    211.039    9.02119  275.01764     76.736 -9.990e-29
   39.76928  -72.38916     44.683     44.337    10.2546    32.5947      7.911     0.1357 1.8205e-02  1025.2360    10.2496    25.0326     6.9230    211.055    9.01931  274.96326     76.757 -9.990e-29
   39.76928  -72.38916     44.694     44.348    10.2528    32.5889      7.911     0.1357 1.8347e-02  1025.2316    10.2477    25.0285     6.9176    210.891    9.01806  274.92801     76.708 -9.990e-29
   39.76928  -72.38916     44.694     44.348    10.2486    32.5784      7.911     0.1357 1.8347e-02  1025.2255    10.2435    25.0209     6.9184    210.919    9.01738  274.90977     76.723 -9.990e-29
   39.76928  -72.38916     44.704     44.357    10.2445    32.5654      7.911     0.1357 1.8491e-02  1025.2098    10.2394    25.0116     6.9196    210.958    9.01710  274.90462     76.739 -9.990e-29
   39.76928  -72.38916     44.715     44.368    10.2370    32.5583      7.911     0.1357 1.8347e-02  1025.2036    10.2319    25.0072     6.9272    211.192    9.01757  274.92201     76.819 -9.990e-29
   39.76928  -72.38916     44.725     44.378    10.2273    32.5626      7.911     0.1357 1.6798e-02  1025.2098    10.2222    25.0119     6.9250    211.124    9.01887  274.96198     76.783 -9.990e-29
   39.76928  -72.38916     44.725     44.378    10.2197    32.5772      7.911     0.1222 1.5701e-02  1025.2237    10.2146    25.0244     6.9324    211.349    9.01977  274.98737     76.858 -9.990e-29
   39.76928  -72.38916     44.755     44.408    10.2157    32.5958      7.911     0.1222 1.5565e-02  1025.2459    10.2107    25.0394     6.9343    211.405    9.01995  274.99026     76.877 -9.990e-29
   39.76928  -72.38916     44.766     44.419    10.2193    32.6094      7.911     0.1222 1.6513e-02  1025.2555    10.2143    25.0497     6.9358    211.450    9.01959  274.97796     76.897 -9.990e-29
   39.76928  -72.38916     44.766     44.419    10.2248    32.6153      7.911     0.1222 1.7211e-02  1025.2574    10.2197    25.0535     6.9373    211.495    9.01923  274.96671     76.917 -9.990e-29
   39.76928  -72.38916     44.787     44.440    10.2306    32.6171      7.911     0.1222 1.7351e-02  1025.2558    10.2255    25.0540     6.9436    211.688    9.01874  274.95239     76.991 -9.990e-29
   39.76928  -72.38916     44.796     44.449    10.2350    32.6189      7.911     0.1222 1.6791e-02  1025.2560    10.2300    25.0545     6.9401    211.582    9.01833  274.94132     76.955 -9.990e-29
   39.76928  -72.38916     44.817     44.470    10.2405    32.6199      7.911     0.1222 1.6099e-02  1025.2604    10.2354    25.0543     6.9419    211.638    9.01834  274.94278     76.975 -9.990e-29
   39.76928  -72.38916     44.836     44.489    10.2488    32.6174      7.911     0.1222 1.6088e-02  1025.2529    10.2437    25.0512     6.9497    211.878    9.01874  274.95637     77.059 -9.990e-29
   39.76928  -72.38916     44.847     44.500    10.2548    32.6172      7.911     0.1222 1.5812e-02  1025.2463    10.2497    25.0501     6.9527    211.969    9.01924  274.97241     77.087 -9.990e-29
   39.76928  -72.38916     44.857     44.509    10.2572    32.6258      7.911     0.1222 1.5538e-02  1025.2576    10.2522    25.0560     6.9553    212.048    9.01928  274.97357     77.116 -9.990e-29
   39.76928  -72.38916     44.898     44.550    10.2632    32.6384      7.911     0.1357 1.5525e-02  1025.2697    10.2581    25.0649     6.9580    212.130    9.01944  274.97956     77.144 -9.990e-29
   39.76928  -72.38916     44.908     44.560    10.2720    32.6483      7.911     0.1222 1.5939e-02  1025.2757    10.2669    25.0713     6.9606    212.213    9.02047  275.01254     77.165 -9.990e-29
   39.76928  -72.38916     44.938     44.590    10.2812    32.6543      7.911     0.1357 1.7201e-02  1025.2785    10.2761    25.0745     6.9635    212.301    9.02181  275.05361     77.185 -9.990e-29
   39.76928  -72.38916     44.949     44.601    10.2907    32.6573      7.911     0.1222 1.7771e-02  1025.2793    10.2855    25.0752     6.9661    212.381    9.02283  275.08463     77.206 -9.990e-29
   39.76928  -72.38916     44.969     44.620    10.3001    32.6573      7.911     0.1222 1.7771e-02  1025.2776    10.2950    25.0736     6.9742    212.626    9.02364  275.10820     77.288 -9.990e-29
