CalculateIndicators/WaterTemperature/Data/CTD_NYOS/20240428_C24.cnv
* Sea-Bird SBE 9 Data File:
* FileName = C:\Seabird 9 CTD\Data\2024\202404_offshore\20240428_C24.hex
* Software Version Seasave V 7.23.2
* Temperature SN = 4590
* Conductivity SN = 3228
* Number of Bytes Per Scan = 44
* Number of Voltage Words = 5
* Number of Scans Averaged by the Deck Unit = 1
* NMEA Latitude = 39 56.85 N
* NMEA Longitude = 072 01.93 W
* NMEA UTC (Time) = Apr 28 2024  16:45:54
* NMEA baud rate = 4800
** Ship: Seawolf
** Station: 10.5
** Operator: TCM
# nquan = 18
# nvalues = 15945                       
# units = specified
# name 0 = latitude: Latitude [deg]
# name 1 = longitude: Longitude [deg]
# name 2 = prDM: Pressure, Digiquartz [db]
# name 3 = depSM: Depth [salt water, m]
# name 4 = t090C: Temperature [ITS-90, deg C]
# name 5 = sal00: Salinity, Practical [PSU]
# name 6 = ph: pH
# name 7 = flECO-AFL: Fluorescence, WET Labs ECO-AFL/FL [mg/m^3]
# name 8 = cpar: CPAR/Corrected Irradiance [%]
# name 9 = density00: Density [density, kg/m^3]
# name 10 = potemp090C: Potential Temperature [ITS-90, deg C]
# name 11 = sigma-é00: Density [sigma-theta, kg/m^3]
# name 12 = sbeox0Mg/L: Oxygen, SBE 43 [mg/l]
# name 13 = sbox0Mm/Kg: Oxygen, SBE 43 [umol/kg]
# name 14 = oxsolMg/L: Oxygen Saturation, Garcia & Gordon [mg/l]
# name 15 = oxsolMm/Kg: Oxygen Saturation, Garcia & Gordon [umol/kg]
# name 16 = sbeox0PS: Oxygen, SBE 43 [% saturation]
# name 17 = flag:  0.000e+00
# span 0 =   39.94764,   39.94876       
# span 1 =  -72.03262,  -72.03224       
# span 2 =      2.035,     86.953       
# span 3 =      2.019,     86.269       
# span 4 =     6.1072,     7.9591       
# span 5 =    32.0802,    32.4679       
# span 6 =      7.969,      8.060       
# span 7 =     0.0148,     1.1430       
# span 8 = 7.1224e-14, 3.1823e+01       
# span 9 =  1025.0388,  1025.9134       
# span 10 =     6.1027,     7.9588      
# span 11 =    25.0183,    25.5139      
# span 12 =     9.2437,    10.3245      
# span 13 =    281.682,    314.765      
# span 14 =    9.61841,   10.02844      
# span 15 =  293.23959,  305.63443      
# span 16 =     92.746,    107.267      
# span 17 = 0.0000e+00, 0.0000e+00      
# interval = seconds: 0.0416667
# start_time = Apr 28 2024 16:45:53 [System UTC, first data scan.]
# bad_flag = -9.990e-29
*END*
[from data line 13267]
   39.94858  -72.03262      9.273      9.201     7.8781    32.1302 -9.990e-29     0.7400 6.3329e+00  1025.0806     7.8772    25.0383    10.2863    313.600    9.63659  293.79123    106.742 -9.990e-29
   39.94858  -72.03262      9.273      9.201     7.8773    32.1307 -9.990e-29     0.7400 6.3063e+00  1025.0810     7.8764    25.0388    10.2861    313.594    9.63669  293.79444    106.739 -9.990e-29
   39.94858  -72.03262      9.273      9.201     7.8763    32.1314 -9.990e-29     0.7400 6.3063e+00  1025.0820     7.8754    25.0394    10.2860    313.589    9.63683  293.79891    106.736 -9.990e-29
   39.94858  -72.03262      9.275      9.204     7.8770    32.1320 -9.990e-29     0.7400 6.3063e+00  1025.0826     7.8761    25.0398    10.2858    313.584    9.63702  293.80442    106.732 -9.990e-29
   39.94858  -72.03262      9.263      9.192     7.8779    32.1320 -9.990e-29     0.7400 6.3063e+00  1025.0821     7.8771    25.0397    10.2853    313.568    9.63691  293.80096    106.728 -9.990e-29
   39.94858  -72.03262      9.273      9.201     7.8781    32.1317 -9.990e-29     0.7400 6.2886e+00  1025.0818     7.8772    25.0394    10.2908    313.736    9.63673  293.79558    106.787 -9.990e-29
   39.94858  -72.03262      9.263      9.192     7.8784    32.1316 -9.990e-29     0.7400 6.2886e+00  1025.0815     7.8775    25.0393    10.2911    313.746    9.63673  293.79592    106.791 -9.990e-29
   39.94858  -72.03262      9.282      9.211     7.8787    32.1317 -9.990e-29     0.7400 6.2709e+00  1025.0820     7.8779    25.0394    10.2914    313.754    9.63671  293.79512    106.794 -9.990e-29
   39.94858  -72.03262      9.252      9.181     7.8801    32.1316 -9.990e-29     0.7400 6.2709e+00  1025.0817     7.8792    25.0392    10.2915    313.757    9.63659  293.79159    106.796 -9.990e-29
   39.94858  -72.03262      9.266      9.195     7.8807    32.1310 -9.990e-29     0.7400 6.2709e+00  1025.0809     7.8798    25.0386    10.2916    313.760    9.63656  293.79058    106.797 -9.990e-29
   39.94858  -72.03262      9.263      9.192     7.8806    32.1302 -9.990e-29     0.7400 6.2709e+00  1025.0801     7.8797    25.0379    10.2915    313.759    9.63647  293.78777    106.798 -9.990e-29
   39.94858  -72.03262      9.263      9.192     7.8802    32.1297 -9.990e-29     0.7400 6.2533e+00  1025.0799     7.8794    25.0376    10.2914    313.755    9.63638  293.78488    106.798 -9.990e-29
   39.94858  -72.03262      9.273      9.201     7.8804    32.1294 -9.990e-29     0.7400 6.2533e+00  1025.0798     7.8795    25.0374    10.2914    313.754    9.63640  293.78559    106.797 -9.990e-29
   39.94858  -72.03262      9.252      9.181     7.8799    32.1292 -9.990e-29     0.7266 6.2358e+00  1025.0795     7.8790    25.0372    10.2912    313.750    9.63642  293.78644    106.795 -9.990e-29
   39.94858  -72.03262      9.242      9.171     7.8794    32.1290 -9.990e-29     0.7266 6.2358e+00  1025.0792     7.8785    25.0372    10.2911    313.745    9.63648  293.78829    106.793 -9.990e-29
   39.94858  -72.03262      9.256      9.185     7.8789    32.1293 -9.990e-29     0.7400 6.2182e+00  1025.0798     7.8780    25.0374    10.2919    313.769    9.63661  293.79248    106.800 -9.990e-29
   39.94858  -72.03262      9.252      9.181     7.8791    32.1295 -9.990e-29     0.7535 6.2182e+00  1025.0800     7.8782    25.0375    10.2916    313.760    9.63664  293.79300    106.796 -9.990e-29
   39.94858  -72.03262      9.242      9.171     7.8793    32.1294 -9.990e-29     0.7669 6.2182e+00  1025.0799     7.8784    25.0375    10.2920    313.774    9.63661  293.79215    106.801 -9.990e-29
   39.94858  -72.03262      9.242      9.171     7.8794    32.1291 -9.990e-29     0.7669 6.2182e+00  1025.0793     7.8785    25.0373    10.2925    313.787    9.63655  293.79016    106.806 -9.990e-29
   39.94858  -72.03262      9.242      9.171     7.8791    32.1290 -9.990e-29     0.7669 6.2097e+00  1025.0794     7.8782    25.0372    10.2928    313.798    9.63650  293.78849    106.811 -9.990e-29
   39.94858  -72.03262      9.231      9.160     7.8785    32.1291 -9.990e-29     0.7669 6.2097e+00  1025.0794     7.8776    25.0373    10.2932    313.808    9.63642  293.78628    106.815 -9.990e-29
   39.94858  -72.03262      9.231      9.160     7.8773    32.1295 -9.990e-29     0.7669 6.2097e+00  1025.0798     7.8764    25.0378    10.2935    313.820    9.63646  293.78760    106.819 -9.990e-29
   39.94858  -72.03262      9.225      9.154     7.8763    32.1303 -9.990e-29     0.7669 6.2097e+00  1025.0809     7.8754    25.0385    10.2939    313.832    9.63650  293.78897    106.822 -9.990e-29
   39.94858  -72.03262      9.222      9.151     7.8766    32.1308 -9.990e-29     0.7669 6.2097e+00  1025.0814     7.8758    25.0390    10.2942    313.841    9.63650  293.78884    106.825 -9.990e-29
   39.94858  -72.03262      9.222      9.151     7.8771    32.1310 -9.990e-29     0.7669 6.2097e+00  1025.0813     7.8763    25.0391    10.2945    313.848    9.63650  293.78884    106.828 -9.990e-29
   39.94858  -72.03262      9.212      9.141     7.8773    32.1310 -9.990e-29     0.7669 6.2097e+00  1025.0812     7.8764    25.0390    10.2939    313.832    9.63660  293.79175    106.821 -9.990e-29
   39.94858  -72.03262      9.201      9.130     7.8775    32.1311 -9.990e-29     0.7669 6.2097e+00  1025.0810     7.8766    25.0390    10.2941    313.837    9.63662  293.79254    106.823 -9.990e-29
   39.94858  -72.03262      9.201      9.130     7.8776    32.1312 -9.990e-29     0.7669 6.2271e+00  1025.0813     7.8767    25.0391    10.2993    313.997    9.63651  293.78897    106.878 -9.990e-29
   39.94858  -72.03262      9.205      9.135     7.8781    32.1313 -9.990e-29     0.7669 6.2271e+00  1025.0813     7.8772    25.0391    10.2938    313.827    9.63628  293.78183    106.823 -9.990e-29
   39.94858  -72.03262      9.192      9.121     7.8789    32.1311 -9.990e-29     0.7669 6.2447e+00  1025.0813     7.8781    25.0388    10.2938    313.828    9.63631  293.78304    106.823 -9.990e-29
   39.94858  -72.03262      9.182      9.111     7.8800    32.1304 -9.990e-29     0.7669 6.2447e+00  1025.0801     7.8792    25.0382    10.2938    313.830    9.63640  293.78586    106.823 -9.990e-29
   39.94858  -72.03262      9.182      9.111     7.8801    32.1298 -9.990e-29     0.7669 6.2623e+00  1025.0795     7.8792    25.0377    10.2938    313.829    9.63648  293.78836    106.821 -9.990e-29
   39.94858  -72.03262      9.161      9.091     7.8797    32.1294 -9.990e-29     0.7535 6.2623e+00  1025.0792     7.8789    25.0374    10.3000    314.017    9.63660  293.79226    106.884 -9.990e-29
   39.94858  -72.03262      9.171      9.100     7.8789    32.1293      8.047     0.7669 6.2799e+00  1025.0793     7.8781    25.0374    10.2946    313.853    9.63669  293.79494    106.827 -9.990e-29
   39.94858  -72.03262      9.154      9.084     7.8783    32.1293      8.047     0.7669 6.2976e+00  1025.0794     7.8774    25.0375    10.3008    314.040    9.63687  293.80030    106.889 -9.990e-29
   39.94858  -72.03262      9.141      9.070     7.8781    32.1295      8.047     0.7669 6.3154e+00  1025.0794     7.8772    25.0377    10.2952    313.872    9.63694  293.80234    106.831 -9.990e-29
   39.94858  -72.03262      9.150      9.080     7.8775    32.1298      8.047     0.7669 6.3332e+00  1025.0798     7.8766    25.0380    10.2950    313.864    9.63700  293.80404    106.828 -9.990e-29
   39.94858  -72.03262      9.131      9.061     7.8771    32.1303      8.047     0.7535 6.3510e+00  1025.0803     7.8763    25.0384    10.3007    314.038    9.63696  293.80256    106.888 -9.990e-29
   39.94858  -72.03262      9.131      9.061     7.8778    32.1305      8.047     0.7669 6.3510e+00  1025.0805     7.8769    25.0385    10.2948    313.860    9.63686  293.79968    106.828 -9.990e-29
   39.94858  -72.03262      9.104      9.034     7.8781    32.1303      8.047     0.7669 6.4049e+00  1025.0799     7.8772    25.0384    10.2943    313.844    9.63683  293.79890    106.823 -9.990e-29
   39.94858  -72.03262      9.110      9.040     7.8778    32.1300      8.047     0.7669 6.4229e+00  1025.0799     7.8769    25.0382    10.2939    313.831    9.63691  293.80130    106.817 -9.990e-29
   39.94858  -72.03262      9.101      9.031     7.8778    32.1298      8.047     0.7669 6.4410e+00  1025.0794     7.8769    25.0381    10.2995    314.003    9.63694  293.80225    106.875 -9.990e-29
   39.94858  -72.03262      9.090      9.020     7.8775    32.1300      8.047     0.7669 6.4774e+00  1025.0797     7.8766    25.0382    10.2998    314.010    9.63694  293.80198    106.878 -9.990e-29
   39.94858  -72.03262      9.080      9.010     7.8768    32.1304      8.047     0.7669 6.5139e+00  1025.0802     7.8760    25.0386    10.2937    313.826    9.63692  293.80128    106.816 -9.990e-29
   39.94858  -72.03262      9.071      9.001     7.8765    32.1306      8.047     0.7669 6.4956e+00  1025.0803     7.8756    25.0388    10.2991    313.989    9.63686  293.79936    106.872 -9.990e-29
   39.94858  -72.03262      9.064      8.994     7.8762    32.1310      8.047     0.7669 6.5507e+00  1025.0803     7.8753    25.0391    10.2990    313.987    9.63677  293.79657    106.872 -9.990e-29
   39.94858  -72.03262      9.060      8.990     7.8760    32.1314      8.047     0.7669 6.5782e+00  1025.0811     7.8751    25.0395    10.2928    313.798    9.63673  293.79563    106.808 -9.990e-29
   39.94858  -72.03262      9.039      8.970     7.8762    32.1316      8.047     0.7669 6.5691e+00  1025.0812     7.8753    25.0396    10.2980    313.956    9.63668  293.79407    106.863 -9.990e-29
   39.94858  -72.03262      9.050      8.980     7.8770    32.1313      8.047     0.7669 6.6062e+00  1025.0806     7.8761    25.0393    10.2918    313.766    9.63673  293.79578    106.797 -9.990e-29
   39.94858  -72.03262      9.029      8.960     7.8766    32.1309      8.047     0.7669 6.6340e+00  1025.0801     7.8758    25.0390    10.2970    313.924    9.63677  293.79723    106.851 -9.990e-29
   39.94858  -72.03262      9.029      8.960     7.8760    32.1309      8.047     0.7669 6.6527e+00  1025.0802     7.8751    25.0392    10.2968    313.918    9.63680  293.79811    106.848 -9.990e-29
   39.94858  -72.03262      9.022      8.953     7.8748    32.1313      8.047     0.7669 6.6714e+00  1025.0810     7.8740    25.0395    10.2902    313.720    9.63676  293.79703    106.781 -9.990e-29
   39.94858  -72.03262      9.020      8.950     7.8753    32.1314      8.047     0.7669 6.7091e+00  1025.0811     7.8745    25.0395    10.2892    313.688    9.63691  293.80165    106.769 -9.990e-29
   39.94858  -72.03262      9.009      8.940     7.8763    32.1310      8.047     0.7669 6.7091e+00  1025.0803     7.8755    25.0392    10.2881    313.656    9.63707  293.80675    106.756 -9.990e-29
   39.94858  -72.03262      8.999      8.930     7.8765    32.1306      8.047     0.7535 6.7280e+00  1025.0798     7.8756    25.0388    10.2880    313.653    9.63731  293.81431    106.752 -9.990e-29
   39.94858  -72.03262      8.999      8.930     7.8766    32.1305      8.047     0.7669 6.7660e+00  1025.0798     7.8758    25.0387    10.2945    313.851    9.63790  293.83336    106.812 -9.990e-29
   39.94858  -72.03262      9.002      8.933     7.8771    32.1306      8.047     0.7669 6.7469e+00  1025.0797     7.8763    25.0387    10.2959    313.895    9.63874  293.85880    106.818 -9.990e-29
   39.94858  -72.03262      8.989      8.920     7.8771    32.1308      8.047     0.7669 6.7660e+00  1025.0800     7.8763    25.0389    10.2966    313.914    9.63892  293.86348    106.823 -9.990e-29
   39.94858  -72.03262      8.989      8.920     7.8775    32.1310      8.047     0.7669 6.8041e+00  1025.0802     7.8766    25.0390    10.2967    313.917    9.63871  293.85610    106.827 -9.990e-29
   39.94858  -72.03262      8.989      8.920     7.8779    32.1309      8.047     0.7669 6.8041e+00  1025.0801     7.8771    25.0389    10.2970    313.926    9.63865  293.85430    106.830 -9.990e-29
   39.94858  -72.03262      8.989      8.920     7.8779    32.1307      8.047     0.7669 6.8041e+00  1025.0798     7.8771    25.0387    10.2978    313.952    9.63912  293.86923    106.834 -9.990e-29
   39.94858  -72.03262      8.983      8.914     7.8779    32.1303      8.047     0.7669 6.8425e+00  1025.0795     7.8771    25.0383    10.2928    313.796    9.63980  293.88906    106.774 -9.990e-29
   39.94858  -72.03262      8.978      8.910     7.8779    32.1298      8.047     0.7669 6.8425e+00  1025.0788     7.8771    25.0381    10.2988    313.980    9.64019  293.90059    106.832 -9.990e-29
   39.94858  -72.03262      8.989      8.920     7.8773    32.1298      8.047     0.7669 6.8425e+00  1025.0790     7.8764    25.0381    10.2997    314.006    9.64073  293.91663    106.835 -9.990e-29
   39.94858  -72.03262      8.978      8.910     7.8770    32.1302      8.047     0.7669 6.8618e+00  1025.0796     7.8761    25.0384    10.2943    313.840    9.64118  293.93003    106.774 -9.990e-29
   39.94858  -72.03262      8.978      8.910     7.8770    32.1307      8.047     0.7803 6.8713e+00  1025.0799     7.8761    25.0388    10.3002    314.020    9.64151  293.93964    106.831 -9.990e-29
   39.94858  -72.03262      8.992      8.923     7.8771    32.1310      8.047     0.7803 6.8713e+00  1025.0802     7.8763    25.0390    10.2943    313.840    9.64161  293.94208    106.769 -9.990e-29
   39.94858  -72.03262      8.978      8.910     7.8773    32.1313      8.047     0.7803 6.8713e+00  1025.0804     7.8764    25.0392    10.2935    313.816    9.64156  293.94053    106.762 -9.990e-29
   39.94858  -72.03262      8.999      8.930     7.8776    32.1311      8.047     0.7803 6.8713e+00  1025.0805     7.8768    25.0391    10.2926    313.789    9.64142  293.93638    106.754 -9.990e-29
   39.94858  -72.03262      8.989      8.920     7.8778    32.1306      8.047     0.7803 6.8713e+00  1025.0796     7.8769    25.0387    10.2916    313.758    9.64121  293.93012    106.746 -9.990e-29
   39.94858  -72.03262      8.989      8.920     7.8776    32.1303      8.047     0.7803 6.8713e+00  1025.0794     7.8768    25.0384    10.2971    313.927    9.64127  293.93279    106.802 -9.990e-29
   39.94858  -72.03262      9.009      8.940     7.8776    32.1302      8.047     0.7803 6.8713e+00  1025.0796     7.8768    25.0384    10.2974    313.937    9.64147  293.93877    106.804 -9.990e-29
   39.94858  -72.03262      9.002      8.933     7.8776    32.1302      8.047     0.7803 6.8713e+00  1025.0795     7.8768    25.0384    10.2979    313.952    9.64182  293.94969    106.805 -9.990e-29
   39.94858  -72.03262      9.020      8.950     7.8771    32.1303      8.047     0.7803 6.8520e+00  1025.0798     7.8763    25.0385    10.2930    313.801    9.64283  293.98010    106.742 -9.990e-29
   39.94858  -72.03262      9.020      8.950     7.8770    32.1306      8.047     0.7803 6.8520e+00  1025.0798     7.8761    25.0387    10.2929    313.797    9.64343  293.99788    106.735 -9.990e-29
   39.94858  -72.03262      9.029      8.960     7.8773    32.1310      8.047     0.7803 6.8520e+00  1025.0805     7.8764    25.0389    10.2985    313.969    9.64369  294.00586    106.790 -9.990e-29
   39.94858  -72.03262      9.029      8.960     7.8783    32.1310      8.047     0.7803 6.8520e+00  1025.0805     7.8774    25.0389    10.2997    314.006    9.64398  294.01479    106.800 -9.990e-29
   39.94858  -72.03262      9.043      8.974     7.8784    32.1306      8.047     0.7803 6.8520e+00  1025.0798     7.8776    25.0386    10.3002    314.021    9.64441  294.02850    106.800 -9.990e-29
   39.94858  -72.03262      9.060      8.990     7.8781    32.1301      8.047     0.7803 6.8327e+00  1025.0797     7.8772    25.0381    10.3015    314.061    9.64555  294.06364    106.800 -9.990e-29
