CalculateIndicators/WaterTemperature/Data/CTD_NYOS/20240426_C02.cnv
* Sea-Bird SBE 9 Data File:
* FileName = C:\Seabird 9 CTD\Data\2024\202404_offshore\20240426_C02.hex
* Software Version Seasave V 7.23.2
* Temperature SN = 4590
* Conductivity SN = 3228
* Number of Bytes Per Scan = 44
* Number of Voltage Words = 5
* Number of Scans Averaged by the Deck Unit = 1
* NMEA Latitude = 40 25.80 N
* NMEA Longitude = 073 50.34 W
* NMEA UTC (Time) = Apr 26 2024  07:21:48
* NMEA baud rate = 4800
** Ship: Seawolf
** Station: HR1
** Operator: TDK
# nquan = 18
# nvalues = 11022                       
# units = specified
# name 0 = latitude: Latitude [deg]
# name 1 = longitude: Longitude [deg]
# name 2 = prDM: Pressure, Digiquartz [db]
# name 3 = depSM: Depth [salt water, m]
# name 4 = t090C: Temperature [ITS-90, deg C]
# name 5 = sal00: Salinity, Practical [PSU]
# name 6 = ph: pH
# name 7 = flECO-AFL: Fluorescence, WET Labs ECO-AFL/FL [mg/m^3]
# name 8 = cpar: CPAR/Corrected Irradiance [%]
# name 9 = density00: Density [density, kg/m^3]
# name 10 = potemp090C: Potential Temperature [ITS-90, deg C]
# name 11 = sigma-é00: Density [sigma-theta, kg/m^3]
# name 12 = sbeox0Mg/L: Oxygen, SBE 43 [mg/l]
# name 13 = sbox0Mm/Kg: Oxygen, SBE 43 [umol/kg]
# name 14 = oxsolMg/L: Oxygen Saturation, Garcia & Gordon [mg/l]
# name 15 = oxsolMm/Kg: Oxygen Saturation, Garcia & Gordon [umol/kg]
# name 16 = sbeox0PS: Oxygen, SBE 43 [% saturation]
# name 17 = flag:  0.000e+00
# span 0 =   40.43004,   40.43012       
# span 1 =  -73.83928,  -73.83914       
# span 2 =      1.921,     19.527       
# span 3 =      1.906,     19.375       
# span 4 =     8.2835,     9.9912       
# span 5 =    28.0480,    30.4484       
# span 6 =      7.952,      8.131       
# span 7 =     0.8072,     1.3176       
# span 8 = 2.5320e-11, 9.9999e+04       
# span 9 =  1021.5468,  1023.7433       
# span 10 =     8.2817,     9.9910      
# span 11 =    21.5512,    23.6555      
# span 12 =     8.7679,    10.0693      
# span 13 =    267.673,    307.914      
# span 14 =    9.41865,    9.65449      
# span 15 =  288.06477,  294.73666      
# span 16 =     90.873,    106.726      
# span 17 = 0.0000e+00, 0.0000e+00      
# interval = seconds: 0.0416667
# start_time = Apr 26 2024 07:21:50 [System UTC, first data scan.]
# bad_flag = -9.990e-29
*END*
 -9.990e-29 -9.990e-29      2.513      2.494     9.9736    28.3678      8.126     0.9549 1.2948e+01  1021.7946     9.9733    21.7831    10.0411    307.100    9.42151  288.15006    106.576 0.0000e+00
 -9.990e-29 -9.990e-29      2.533      2.513     9.9732    28.3676      8.126     0.9549 1.3551e+01  1021.7945     9.9730    21.7830    10.0361    306.945    9.42149  288.14928    106.523 -9.990e-29
 -9.990e-29 -9.990e-29      2.533      2.513     9.9729    28.3674      8.126     0.9684 1.3907e+01  1021.7943     9.9726    21.7828    10.0355    306.927    9.42152  288.15016    106.516 -9.990e-29
 -9.990e-29 -9.990e-29      2.544      2.524     9.9727    28.3673      8.126     0.9549 1.3952e+01  1021.7944     9.9724    21.7828    10.0356    306.931    9.42149  288.14931    106.518 0.0000e+00
 -9.990e-29 -9.990e-29      2.553      2.534     9.9727    28.3673      8.126     0.9684 1.4270e+01  1021.7944     9.9724    21.7828    10.0358    306.938    9.42152  288.15041    106.520 0.0000e+00
 -9.990e-29 -9.990e-29      2.563      2.543     9.9726    28.3674      8.126     0.9684 1.4595e+01  1021.7946     9.9723    21.7829    10.0360    306.945    9.42153  288.15054    106.522 -9.990e-29
 -9.990e-29 -9.990e-29      2.563      2.543     9.9724    28.3676      8.126     0.9684 1.4642e+01  1021.7949     9.9721    21.7831    10.0422    307.132    9.42147  288.14882    106.588 -9.990e-29
 -9.990e-29 -9.990e-29      2.583      2.564     9.9724    28.3676      8.126     0.9684 1.4927e+01  1021.7949     9.9721    21.7831    10.0373    306.983    9.42149  288.14944    106.536 -9.990e-29
 -9.990e-29 -9.990e-29      2.583      2.564     9.9726    28.3675      8.126     0.9549 1.5265e+01  1021.7948     9.9723    21.7830    10.0367    306.966    9.42145  288.14818    106.531 -9.990e-29
 -9.990e-29 -9.990e-29      2.574      2.554     9.9726    28.3674      8.126     0.9684 1.5314e+01  1021.7947     9.9723    21.7829    10.0363    306.952    9.42149  288.14944    106.525 -9.990e-29
 -9.990e-29 -9.990e-29      2.593      2.573     9.9726    28.3672      8.126     0.9549 1.5168e+01  1021.7946     9.9723    21.7828    10.0417    307.117    9.42149  288.14932    106.583 -9.990e-29
 -9.990e-29 -9.990e-29      2.583      2.564     9.9724    28.3672      8.126     0.9684 1.4927e+01  1021.7946     9.9722    21.7828    10.0360    306.942    9.42144  288.14810    106.522 -9.990e-29
 -9.990e-29 -9.990e-29      2.604      2.584     9.9726    28.3671      8.126     0.9684 1.4831e+01  1021.7947     9.9723    21.7827    10.0363    306.952    9.42151  288.15020    106.525 -9.990e-29
 -9.990e-29 -9.990e-29      2.593      2.573     9.9727    28.3671      8.126     0.9684 1.4409e+01  1021.7943     9.9724    21.7827    10.0357    306.936    9.42149  288.14969    106.520 -9.990e-29
 -9.990e-29 -9.990e-29      2.593      2.573     9.9727    28.3671      8.126     0.9549 1.3333e+01  1021.7946     9.9724    21.7827    10.0419    307.124    9.42144  288.14800    106.585 -9.990e-29
 -9.990e-29 -9.990e-29      2.604      2.584     9.9731    28.3671      8.126     0.9684 1.2990e+01  1021.7945     9.9728    21.7826    10.0429    307.155    9.42142  288.14736    106.597 -9.990e-29
 -9.990e-29 -9.990e-29      2.593      2.573     9.9729    28.3670      8.126     0.9684 1.3032e+01  1021.7945     9.9726    21.7826    10.0440    307.189    9.42146  288.14847    106.608 -9.990e-29
 -9.990e-29 -9.990e-29      2.593      2.573     9.9729    28.3669      8.126     1.0087 1.3376e+01  1021.7943     9.9726    21.7825    10.0383    307.014    9.42141  288.14711    106.548 -9.990e-29
 -9.990e-29 -9.990e-29      2.593      2.573     9.9731    28.3668      8.126     1.0221 1.3463e+01  1021.7941     9.9728    21.7824    10.0319    306.819    9.42142  288.14750    106.480 -9.990e-29
 -9.990e-29 -9.990e-29      2.604      2.584     9.9732    28.3668      8.126     1.0221 1.3683e+01  1021.7942     9.9729    21.7824    10.0366    306.961    9.42141  288.14700    106.529 -9.990e-29
 -9.990e-29 -9.990e-29      2.583      2.564     9.9732    28.3667      8.126     1.0221 1.5610e+01  1021.7940     9.9729    21.7823    10.0361    306.947    9.42143  288.14760    106.524 -9.990e-29
 -9.990e-29 -9.990e-29      2.593      2.573     9.9734    28.3667      8.126     1.0221 1.6686e+01  1021.7940     9.9731    21.7823    10.0355    306.930    9.42134  288.14487    106.519 -9.990e-29
 -9.990e-29 -9.990e-29      2.593      2.573     9.9732    28.3667      8.126     1.0221 1.6738e+01  1021.7942     9.9729    21.7822    10.0349    306.909    9.42119  288.14029    106.514 -9.990e-29
 -9.990e-29 -9.990e-29      2.583      2.564     9.9736    28.3666      8.126     1.0087 1.7330e+01  1021.7938     9.9733    21.7821    10.0352    306.918    9.42116  288.13944    106.517 -9.990e-29
 -9.990e-29 -9.990e-29      2.583      2.564     9.9732    28.3665      8.126     1.0221 1.7715e+01  1021.7940     9.9729    21.7821    10.0347    306.904    9.42113  288.13846    106.513 -9.990e-29
 -9.990e-29 -9.990e-29      2.583      2.564     9.9732    28.3664      8.126     1.0087 1.7827e+01  1021.7938     9.9730    21.7820    10.0341    306.886    9.42102  288.13521    106.508 -9.990e-29
 -9.990e-29 -9.990e-29      2.583      2.564     9.9736    28.3663      8.126     1.0221 1.6845e+01  1021.7936     9.9733    21.7819    10.0338    306.875    9.42111  288.13795    106.503 -9.990e-29
 -9.990e-29 -9.990e-29      2.574      2.554     9.9734    28.3664      8.126     1.0087 1.6114e+01  1021.7938     9.9731    21.7820    10.0391    307.040    9.42104  288.13587    106.561 -9.990e-29
 -9.990e-29 -9.990e-29      2.574      2.554     9.9732    28.3664      8.126     1.0221 1.6012e+01  1021.7937     9.9730    21.7820    10.0403    307.075    9.42110  288.13757    106.573 -9.990e-29
 -9.990e-29 -9.990e-29      2.574      2.554     9.9736    28.3664      8.126     1.0221 1.6114e+01  1021.7939     9.9733    21.7820    10.0347    306.905    9.42113  288.13870    106.513 -9.990e-29
 -9.990e-29 -9.990e-29      2.574      2.554     9.9739    28.3664      8.126     1.0221 1.6268e+01  1021.7935     9.9736    21.7819    10.0351    306.915    9.42116  288.13930    106.516 -9.990e-29
 -9.990e-29 -9.990e-29      2.583      2.564     9.9741    28.3664      8.126     1.0087 1.6268e+01  1021.7936     9.9738    21.7818    10.0355    306.927    9.42119  288.14041    106.520 -9.990e-29
 -9.990e-29 -9.990e-29      2.563      2.543     9.9742    28.3664      8.126     1.0221 1.5810e+01  1021.7937     9.9739    21.7818    10.0350    306.915    9.42121  288.14102    106.515 -9.990e-29
 -9.990e-29 -9.990e-29      2.574      2.554     9.9747    28.3664      8.126     1.0221 1.5071e+01  1021.7933     9.9744    21.7818    10.0406    307.084    9.42124  288.14179    106.574 -9.990e-29
 -9.990e-29 -9.990e-29      2.574      2.554     9.9747    28.3664      8.126     1.0221 1.4879e+01  1021.7935     9.9744    21.7818    10.0350    306.914    9.42126  288.14266    106.514 -9.990e-29
 -9.990e-29 -9.990e-29      2.563      2.543     9.9749    28.3665      8.126     1.0087 1.5709e+01  1021.7935     9.9746    21.7818    10.0406    307.083    9.42135  288.14548    106.572 -9.990e-29
 -9.990e-29 -9.990e-29      2.553      2.534     9.9749    28.3665      8.126     1.0087 1.7771e+01  1021.7935     9.9746    21.7818    10.0417    307.118    9.42139  288.14650    106.584 -9.990e-29
 -9.990e-29 -9.990e-29      2.574      2.554     9.9749    28.3664      8.126     1.0221 1.8510e+01  1021.7935     9.9746    21.7817    10.0361    306.946    9.42140  288.14699    106.524 -9.990e-29
 -9.990e-29 -9.990e-29      2.563      2.543     9.9749    28.3663      8.126     1.0087 1.8510e+01  1021.7933     9.9746    21.7817    10.0355    306.930    9.42136  288.14560    106.519 -9.990e-29
 -9.990e-29 -9.990e-29      2.563      2.543     9.9749    28.3662      8.126     1.0221 1.8395e+01  1021.7934     9.9746    21.7816    10.0349    306.909    9.42121  288.14114    106.513 -9.990e-29
 -9.990e-29 -9.990e-29      2.574      2.554     9.9749    28.3662      8.126     1.0221 1.8395e+01  1021.7932     9.9746    21.7816    10.0350    306.914    9.42106  288.13670    106.517 -9.990e-29
 -9.990e-29 -9.990e-29      2.563      2.543     9.9749    28.3663      8.126     1.0221 1.8280e+01  1021.7934     9.9746    21.7817    10.0352    306.921    9.42097  288.13397    106.520 -9.990e-29
 -9.990e-29 -9.990e-29      2.563      2.543     9.9750    28.3664      8.126     1.0355 1.7275e+01  1021.7935     9.9747    21.7818    10.0356    306.931    9.42093  288.13296    106.524 -9.990e-29
 -9.990e-29 -9.990e-29      2.574      2.554     9.9750    28.3664      8.126     1.0355 1.6791e+01  1021.7933     9.9747    21.7817    10.0351    306.917    9.42085  288.13052    106.520 -9.990e-29
 -9.990e-29 -9.990e-29      2.574      2.554     9.9750    28.3664      8.126     1.0355 1.6686e+01  1021.7935     9.9747    21.7817    10.0406    307.084    9.42084  288.12996    106.578 -9.990e-29
 -9.990e-29 -9.990e-29      2.583      2.564     9.9750    28.3663      8.126     1.0355 1.5709e+01  1021.7935     9.9747    21.7817    10.0350    306.913    9.42081  288.12913    106.519 -9.990e-29
 -9.990e-29 -9.990e-29      2.574      2.554     9.9749    28.3662      8.126     1.0355 1.5119e+01  1021.7934     9.9746    21.7816    10.0404    307.078    9.42073  288.12703    106.577 -9.990e-29
 -9.990e-29 -9.990e-29      2.571      2.551     9.9750    28.3661      8.126     1.0355 1.5023e+01  1021.7933     9.9747    21.7815    10.0415    307.113    9.42076  288.12788    106.589 -9.990e-29
 -9.990e-29 -9.990e-29      2.593      2.573     9.9754    28.3660      8.126     1.0221 1.4642e+01  1021.7929     9.9751    21.7814    10.0367    306.967    9.42077  288.12825    106.538 -9.990e-29
 -9.990e-29 -9.990e-29      2.583      2.564     9.9752    28.3661      8.126     1.0355 1.4316e+01  1021.7936     9.9749    21.7815    10.0371    306.978    9.42080  288.12900    106.542 -9.990e-29
 -9.990e-29 -9.990e-29      2.593      2.573     9.9752    28.3661      8.126     1.0221 1.4270e+01  1021.7933     9.9749    21.7815    10.0367    306.967    9.42082  288.12971    106.538 -9.990e-29
 -9.990e-29 -9.990e-29      2.593      2.573     9.9754    28.3660      8.126     1.0355 1.4784e+01  1021.7932     9.9751    21.7814    10.0364    306.957    9.42086  288.13097    106.534 -9.990e-29
 -9.990e-29 -9.990e-29      2.593      2.573     9.9752    28.3660      8.126     1.0355 1.5363e+01  1021.7932     9.9749    21.7814    10.0418    307.123    9.42081  288.12936    106.592 -9.990e-29
 -9.990e-29 -9.990e-29      2.593      2.573     9.9752    28.3660      8.126     1.0355 1.5461e+01  1021.7932     9.9749    21.7814    10.0422    307.136    9.42087  288.13117    106.596 -9.990e-29
 -9.990e-29 -9.990e-29      2.604      2.584     9.9754    28.3660      8.126     1.0355 1.5119e+01  1021.7934     9.9751    21.7814    10.0367    306.967    9.42095  288.13363    106.536 -9.990e-29
 -9.990e-29 -9.990e-29      2.604      2.584     9.9754    28.3660      8.126     1.0221 1.4595e+01  1021.7932     9.9751    21.7814    10.0371    306.979    9.42097  288.13426    106.540 -9.990e-29
 -9.990e-29 -9.990e-29      2.604      2.584     9.9755    28.3660      8.126     1.0355 1.4409e+01  1021.7933     9.9752    21.7814    10.0426    307.146    9.42098  288.13423    106.598 -9.990e-29
 -9.990e-29 -9.990e-29      2.604      2.584     9.9754    28.3659      8.126     1.0355 1.4831e+01  1021.7932     9.9751    21.7813    10.0428    307.153    9.42092  288.13248    106.601 -9.990e-29
 -9.990e-29 -9.990e-29      2.604      2.584     9.9754    28.3658      8.126     1.0355 1.5709e+01  1021.7932     9.9751    21.7812    10.0372    306.981    9.42092  288.13248    106.542 -9.990e-29
 -9.990e-29 -9.990e-29      2.625      2.604     9.9757    28.3657      8.126     1.0221 1.6012e+01  1021.7929     9.9754    21.7811    10.0375    306.990    9.42089  288.13162    106.545 -9.990e-29
 -9.990e-29 -9.990e-29      2.614      2.594     9.9754    28.3655      8.126     1.0355 1.5314e+01  1021.7929     9.9751    21.7810    10.0370    306.975    9.42087  288.13111    106.540 -9.990e-29
 -9.990e-29 -9.990e-29      2.614      2.594     9.9755    28.3653      8.126     1.0355 1.2863e+01  1021.7928     9.9752    21.7809    10.0365    306.960    9.42083  288.12975    106.535 -9.990e-29
 -9.990e-29 -9.990e-29      2.625      2.604     9.9759    28.3651      8.126     1.0221 1.2007e+01  1021.7925     9.9756    21.7807    10.0360    306.945    9.42083  288.12972    106.530 -9.990e-29
 -9.990e-29 -9.990e-29      2.625      2.604     9.9760    28.3651      8.126     1.0355 1.1967e+01  1021.7924     9.9757    21.7807    10.0423    307.138    9.42086  288.13074    106.597 -9.990e-29
 -9.990e-29 -9.990e-29      2.625      2.604     9.9757    28.3652      8.126     1.0221 1.1967e+01  1021.7928     9.9754    21.7807    10.0435    307.173    9.42090  288.13195    106.608 -9.990e-29
 -9.990e-29 -9.990e-29      2.625      2.604     9.9760    28.3652      8.126     1.0490 1.1967e+01  1021.7925     9.9757    21.7807    10.0446    307.207    9.42090  288.13208    106.620 -9.990e-29
 -9.990e-29 -9.990e-29      2.634      2.614     9.9759    28.3653      8.126     1.0624 1.2007e+01  1021.7928     9.9756    21.7808    10.0449    307.217    9.42093  288.13291    106.623 -9.990e-29
 -9.990e-29 -9.990e-29      2.634      2.614     9.9759    28.3656      8.126     1.0758 1.3817e+01  1021.7929     9.9756    21.7809    10.0444    307.201    9.42093  288.13291    106.618 -9.990e-29
 -9.990e-29 -9.990e-29      2.634      2.614     9.9757    28.3658      8.126     1.0758 1.4975e+01  1021.7932     9.9754    21.7811    10.0387    307.027    9.42093  288.13290    106.557 -9.990e-29
 -9.990e-29 -9.990e-29      2.644      2.624     9.9760    28.3661      8.126     1.0758 1.5119e+01  1021.7934     9.9757    21.7813    10.0382    307.011    9.42095  288.13340    106.552 -9.990e-29
 -9.990e-29 -9.990e-29      2.634      2.614     9.9767    28.3661      8.126     1.0758 1.6320e+01  1021.7934     9.9764    21.7812    10.0377    306.995    9.42099  288.13463    106.546 -9.990e-29
 -9.990e-29 -9.990e-29      2.644      2.624     9.9770    28.3659      8.126     1.0624 1.7439e+01  1021.7930     9.9767    21.7810    10.0430    307.158    9.42096  288.13388    106.602 -9.990e-29
 -9.990e-29 -9.990e-29      2.644      2.624     9.9772    28.3658      8.126     1.0624 1.7604e+01  1021.7929     9.9769    21.7809    10.0372    306.982    9.42095  288.13365    106.542 -9.990e-29
 -9.990e-29 -9.990e-29      2.644      2.624     9.9776    28.3658      8.126     1.0758 1.7221e+01  1021.7929     9.9774    21.7809    10.0366    306.964    9.42094  288.13355    106.535 -9.990e-29
 -9.990e-29 -9.990e-29      2.634      2.614     9.9772    28.3657      8.126     1.0758 1.6738e+01  1021.7930     9.9769    21.7808    10.0420    307.127    9.42094  288.13366    106.592 -9.990e-29
 -9.990e-29 -9.990e-29      2.644      2.624     9.9777    28.3656      8.126     1.0624 1.6686e+01  1021.7926     9.9774    21.7807    10.0421    307.131    9.42092  288.13304    106.593 -9.990e-29
 -9.990e-29 -9.990e-29      2.644      2.624     9.9773    28.3656      8.126     1.0624 1.6165e+01  1021.7929     9.9771    21.7807    10.0430    307.158    9.42089  288.13204    106.603 -9.990e-29
 -9.990e-29 -9.990e-29      2.634      2.614     9.9772    28.3656      8.126     1.0758 1.5412e+01  1021.7927     9.9769    21.7808    10.0378    307.001    9.42077  288.12805    106.550 -9.990e-29
 -9.990e-29 -9.990e-29      2.634      2.614     9.9770    28.3657      8.126     1.0758 1.5216e+01  1021.7930     9.9767    21.7809    10.0432    307.164    9.42080  288.12890    106.606 -9.990e-29
 -9.990e-29 -9.990e-29      2.644      2.624     9.9768    28.3657      8.126     1.0758 1.5314e+01  1021.7931     9.9766    21.7809    10.0432    307.166    9.42077  288.12858    106.607 -9.990e-29
