CalculateIndicators/WaterTemperature/Data/CTD_NYOS/20240914_C25.cnv
* Sea-Bird SBE 9 Data File:
* FileName = C:\Seabird 9 CTD\Data\2024\202409_offshore\20240914_C25.hex
* Software Version Seasave V 7.23.2
* Temperature SN = 4590
* Conductivity SN = 3228
* Number of Bytes Per Scan = 44
* Number of Voltage Words = 5
* Number of Scans Averaged by the Deck Unit = 1
* NMEA Latitude = 39 56.45 N
* NMEA Longitude = 072 02.07 W
* NMEA UTC (Time) = Sep 14 2024  10:34:52
* NMEA baud rate = 4800
** Ship: Seawolf
** Station: 10.5
** Operator: TDK
# nquan = 18
# nvalues = 20276                       
# units = specified
# name 0 = latitude: Latitude [deg]
# name 1 = longitude: Longitude [deg]
# name 2 = prDM: Pressure, Digiquartz [db]
# name 3 = depSM: Depth [salt water, m]
# name 4 = t090C: Temperature [ITS-90, deg C]
# name 5 = sal00: Salinity, Practical [PSU]
# name 6 = ph: pH
# name 7 = flECO-AFL: Fluorescence, WET Labs ECO-AFL/FL [mg/m^3]
# name 8 = cpar: CPAR/Corrected Irradiance [%]
# name 9 = density00: Density [density, kg/m^3]
# name 10 = potemp090C: Potential Temperature [ITS-90, deg C]
# name 11 = sigma-é00: Density [sigma-theta, kg/m^3]
# name 12 = sbeox0Mg/L: Oxygen, SBE 43 [mg/l]
# name 13 = sbox0Mm/Kg: Oxygen, SBE 43 [umol/kg]
# name 14 = oxsolMg/L: Oxygen Saturation, Garcia & Gordon [mg/l]
# name 15 = oxsolMm/Kg: Oxygen Saturation, Garcia & Gordon [umol/kg]
# name 16 = sbeox0PS: Oxygen, SBE 43 [% saturation]
# name 17 = flag:  0.000e+00
# span 0 =   39.93896,   39.94086       
# span 1 =  -72.03808,  -72.03462       
# span 2 =      1.444,     85.370       
# span 3 =      1.433,     84.699       
# span 4 =    11.6253,    21.8264       
# span 5 =    32.9418,    34.1995       
# span 6 =      7.957,      8.220       
# span 7 =    -0.0524,     0.9684       
# span 8 = 1.0128e-12, 3.8621e+01       
# span 9 =  1022.8939,  1026.4192       
# span 10 =    11.6146,    21.8221      
# span 11 =    22.8934,    26.0383      
# span 12 =     5.9679,     8.5268      
# span 13 =    181.767,    260.143      
# span 14 =    7.21361,    8.77162      
# span 15 =  220.31402,  267.26606      
# span 16 =     68.121,    106.656      
# span 17 = 0.0000e+00, 0.0000e+00      
# interval = seconds: 0.0416667
# start_time = Sep 14 2024 10:34:53 [System UTC, first data scan.]
# bad_flag = -9.990e-29
*END*
[from data line 18332]
   39.93914  -72.03778      2.205      2.188    21.4793    33.0884 -9.990e-29     0.0282 2.0771e+01  1022.9189    21.4788    22.9094     7.0711    216.027    7.28084  222.43379     97.120 -9.990e-29
   39.93914  -72.03778      2.195      2.179    21.4798    33.0891 -9.990e-29     0.0282 2.1486e+01  1022.9194    21.4794    22.9099     7.0708    216.018    7.28085  222.43421     97.115 -9.990e-29
   39.93914  -72.03778      2.195      2.179    21.4800    33.0898 -9.990e-29     0.0282 2.2288e+01  1022.9199    21.4796    22.9104     7.0705    216.007    7.28080  222.43255     97.111 -9.990e-29
   39.93914  -72.03778      2.184      2.168    21.4803    33.0903 -9.990e-29     0.0282 2.2414e+01  1022.9201    21.4799    22.9106     7.0701    215.995    7.28072  222.43035     97.107 -9.990e-29
   39.93914  -72.03778      2.165      2.149    21.4812    33.0905 -9.990e-29     0.0282 2.3055e+01  1022.9200    21.4808    22.9106     7.0698    215.986    7.28072  222.43021     97.103 -9.990e-29
   39.93914  -72.03778      2.164      2.147    21.4821    33.0905 -9.990e-29     0.0282 2.3916e+01  1022.9197    21.4817    22.9103     7.0694    215.975    7.28068  222.42894     97.098 -9.990e-29
   39.93914  -72.03778      2.145      2.128    21.4830    33.0902 -9.990e-29     0.0282 2.4120e+01  1022.9191    21.4825    22.9099     7.0695    215.976    7.28066  222.42829     97.099 -9.990e-29
   39.93914  -72.03778      2.145      2.128    21.4833    33.0900 -9.990e-29     0.0282 2.4256e+01  1022.9188    21.4829    22.9096     7.0692    215.968    7.28068  222.42901     97.095 -9.990e-29
   39.93914  -72.03778      2.124      2.108    21.4838    33.0897 -9.990e-29     0.0282 2.4600e+01  1022.9183    21.4834    22.9093     7.0689    215.959    7.28069  222.42943     97.091 -9.990e-29
   39.93914  -72.03778      2.114      2.098    21.4840    33.0895 -9.990e-29     0.0282 2.4670e+01  1022.9181    21.4836    22.9091     7.0686    215.951    7.28070  222.42985     97.087 -9.990e-29
   39.93914  -72.03778      2.114      2.098    21.4838    33.0895 -9.990e-29     0.0282 2.4531e+01  1022.9181    21.4834    22.9090     7.0687    215.954    7.28073  222.43113     97.088 -9.990e-29
   39.93914  -72.03778      2.094      2.078    21.4839    33.0895 -9.990e-29     0.0282 2.4120e+01  1022.9180    21.4835    22.9091     7.0689    215.960    7.28087  222.43528     97.089 -9.990e-29
   39.93914  -72.03778      2.073      2.057    21.4838    33.0896 -9.990e-29     0.0282 2.3984e+01  1022.9182    21.4834    22.9092     7.0688    215.955    7.28096  222.43825     97.086 -9.990e-29
   39.93914  -72.03778      2.084      2.068    21.4838    33.0897 -9.990e-29     0.0282 2.4120e+01  1022.9182    21.4834    22.9092     7.0689    215.960    7.28102  222.44012     97.087 -9.990e-29
   39.93914  -72.03778      2.073      2.057    21.4840    33.0897 -9.990e-29     0.0282 2.4809e+01  1022.9181    21.4836    22.9092     7.0686    215.951    7.28100  222.43921     97.083 -9.990e-29
   39.93914  -72.03778      2.063      2.048    21.4840    33.0897 -9.990e-29     0.0282 2.4665e+01  1022.9180    21.4836    22.9093     7.0684    215.943    7.28098  222.43864     97.080 -9.990e-29
   39.93914  -72.03778      2.033      2.018    21.4837    33.0900 -9.990e-29     0.0282 2.5233e+01  1022.9185    21.4833    22.9095     7.0727    216.077    7.28097  222.43825     97.140 -9.990e-29
   39.93914  -72.03778      2.063      2.048    21.4838    33.0900 -9.990e-29     0.0282 2.6696e+01  1022.9184    21.4834    22.9095     7.0732    216.091    7.28098  222.43864     97.146 -9.990e-29
   39.93914  -72.03778      2.043      2.027    21.4837    33.0898 -9.990e-29     0.0282 2.7147e+01  1022.9182    21.4833    22.9093     7.0736    216.104    7.28098  222.43864     97.152 -9.990e-29
   39.93914  -72.03778      2.033      2.018    21.4838    33.0895 -9.990e-29     0.0282 2.7223e+01  1022.9178    21.4835    22.9092     7.0741    216.119    7.28101  222.43977     97.159 -9.990e-29
   39.93914  -72.03778      2.043      2.027    21.4835    33.0893 -9.990e-29     0.0282 2.6546e+01  1022.9181    21.4831    22.9091     7.0703    216.001    7.28099  222.43904     97.106 -9.990e-29
   39.93914  -72.03778      2.024      2.008    21.4832    33.0889 -9.990e-29     0.0282 2.5442e+01  1022.9174    21.4828    22.9088     7.0744    216.126    7.28104  222.44065     97.161 -9.990e-29
   39.93914  -72.03778      2.033      2.018    21.4824    33.0887 -9.990e-29     0.0282 2.5371e+01  1022.9174    21.4820    22.9088     7.0744    216.128    7.28101  222.43964     97.162 -9.990e-29
   39.93912  -72.03778      2.022      2.007    21.4814    33.0887 -9.990e-29     0.0282 2.3980e+01  1022.9179    21.4810    22.9090     7.0749    216.141    7.28102  222.44013     97.168 -9.990e-29
   39.93912  -72.03778      2.033      2.018    21.4808    33.0887 -9.990e-29     0.0416 2.2857e+01  1022.9180    21.4805    22.9093     7.0753    216.155    7.28103  222.44038     97.174 -9.990e-29
   39.93912  -72.03778      2.043      2.027    21.4805    33.0889 -9.990e-29     0.0416 2.2601e+01  1022.9182    21.4801    22.9095     7.0758    216.170    7.28109  222.44211     97.180 -9.990e-29
   39.93912  -72.03778      2.033      2.018    21.4803    33.0894 -9.990e-29     0.0282 2.2537e+01  1022.9186    21.4799    22.9100     7.0762    216.182    7.28108  222.44183     97.186 -9.990e-29
   39.93912  -72.03778      2.043      2.027    21.4796    33.0902 -9.990e-29     0.0416 2.2410e+01  1022.9196    21.4792    22.9106     7.0720    216.054    7.28108  222.44161     97.128 -9.990e-29
   39.93912  -72.03778      2.052      2.037    21.4798    33.0906 -9.990e-29     0.0416 2.2347e+01  1022.9201    21.4794    22.9110     7.0759    216.174    7.28104  222.44045     97.183 -9.990e-29
   39.93912  -72.03778      2.053      2.037    21.4802    33.0905 -9.990e-29     0.0416 2.2729e+01  1022.9198    21.4798    22.9108     7.0720    216.053    7.28095  222.43719     97.130 -9.990e-29
   39.93912  -72.03778      2.054      2.038    21.4807    33.0899 -9.990e-29     0.0416 2.3445e+01  1022.9191    21.4803    22.9102     7.0763    216.185    7.28090  222.43550     97.190 -9.990e-29
   39.93912  -72.03778      2.073      2.057    21.4812    33.0891 -9.990e-29     0.0416 2.3711e+01  1022.9184    21.4808    22.9095     7.0723    216.064    7.28077  222.43161     97.137 -9.990e-29
   39.93912  -72.03778      2.064      2.048    21.4815    33.0884 -9.990e-29     0.0416 2.3711e+01  1022.9175    21.4811    22.9089     7.0724    216.065    7.28071  222.42984     97.138 -9.990e-29
   39.93912  -72.03778      2.083      2.067    21.4814    33.0877 -9.990e-29     0.0416 2.3711e+01  1022.9177    21.4810    22.9084     7.0721    216.057    7.28072  222.43000     97.135 -9.990e-29
   39.93912  -72.03778      2.083      2.067    21.4814    33.0867 -9.990e-29     0.0282 2.3711e+01  1022.9168    21.4810    22.9076     7.0761    216.180    7.28070  222.42952     97.190 -9.990e-29
   39.93912  -72.03778      2.103      2.087    21.4814    33.0855 -9.990e-29     0.0416 2.3711e+01  1022.9156    21.4810    22.9067     7.0723    216.064    7.28073  222.43059     97.138 -9.990e-29
   39.93912  -72.03778      2.103      2.087    21.4810    33.0844 -9.990e-29     0.0416 2.3980e+01  1022.9148    21.4806    22.9060     7.0725    216.069    7.28079  222.43253     97.139 -9.990e-29
   39.93912  -72.03778      2.114      2.098    21.4808    33.0839 -9.990e-29     0.0282 2.4115e+01  1022.9145    21.4804    22.9057     7.0726    216.073    7.28081  222.43311     97.141 -9.990e-29
   39.93912  -72.03778      2.114      2.098    21.4803    33.0839 -9.990e-29     0.0416 2.4183e+01  1022.9150    21.4799    22.9057     7.0728    216.079    7.28086  222.43458     97.143 -9.990e-29
   39.93912  -72.03778      2.125      2.109    21.4803    33.0839 -9.990e-29     0.0416 2.3511e+01  1022.9148    21.4799    22.9058     7.0730    216.085    7.28088  222.43516     97.145 -9.990e-29
   39.93912  -72.03778      2.145      2.128    21.4800    33.0841 -9.990e-29     0.0282 2.3182e+01  1022.9152    21.4796    22.9060     7.0729    216.080    7.28092  222.43632     97.142 -9.990e-29
   39.93912  -72.03778      2.145      2.128    21.4798    33.0845 -9.990e-29     0.0416 2.3117e+01  1022.9156    21.4794    22.9064     7.0770    216.206    7.28098  222.43803     97.198 -9.990e-29
   39.93912  -72.03778      2.154      2.138    21.4796    33.0848 -9.990e-29     0.0416 2.2224e+01  1022.9161    21.4792    22.9066     7.0729    216.080    7.28097  222.43789     97.142 -9.990e-29
   39.93912  -72.03778      2.164      2.147    21.4800    33.0851 -9.990e-29     0.0416 2.1913e+01  1022.9160    21.4795    22.9069     7.0769    216.205    7.28098  222.43802     97.198 -9.990e-29
   39.93912  -72.03778      2.184      2.168    21.4798    33.0855 -9.990e-29     0.0416 2.1851e+01  1022.9165    21.4794    22.9071     7.0728    216.078    7.28100  222.43884     97.141 -9.990e-29
   39.93912  -72.03778      2.184      2.168    21.4798    33.0860 -9.990e-29     0.0416 2.1851e+01  1022.9169    21.4794    22.9075     7.0726    216.073    7.28106  222.44055     97.137 -9.990e-29
   39.93912  -72.03778      2.195      2.179    21.4800    33.0866 -9.990e-29     0.0282 2.1851e+01  1022.9173    21.4795    22.9079     7.0724    216.067    7.28107  222.44096     97.135 -9.990e-29
   39.93912  -72.03778      2.206      2.189    21.4802    33.0871 -9.990e-29     0.0282 2.1554e+01  1022.9180    21.4797    22.9082     7.0722    216.060    7.28108  222.44095     97.132 -9.990e-29
   39.93912  -72.03778      2.215      2.198    21.4807    33.0873 -9.990e-29     0.0282 2.1312e+01  1022.9179    21.4803    22.9082     7.0721    216.056    7.28113  222.44253     97.129 -9.990e-29
   39.93912  -72.03778      2.235      2.218    21.4807    33.0873 -9.990e-29     0.0282 2.1073e+01  1022.9177    21.4803    22.9081     7.0719    216.049    7.28115  222.44312     97.126 -9.990e-29
   39.93912  -72.03778      2.235      2.218    21.4811    33.0873 -9.990e-29     0.0282 2.1014e+01  1022.9177    21.4806    22.9081     7.0717    216.043    7.28116  222.44345     97.123 -9.990e-29
   39.93912  -72.03778      2.245      2.228    21.4815    33.0875 -9.990e-29     0.0282 2.0500e+01  1022.9178    21.4811    22.9082     7.0715    216.037    7.28116  222.44361     97.120 -9.990e-29
   39.93912  -72.03778      2.256      2.239    21.4814    33.0876 -9.990e-29     0.0282 2.0156e+01  1022.9183    21.4809    22.9083     7.0712    216.030    7.28117  222.44367     97.117 -9.990e-29
   39.93912  -72.03778      2.256      2.239    21.4819    33.0876 -9.990e-29     0.0282 1.9987e+01  1022.9177    21.4815    22.9082     7.0710    216.024    7.28118  222.44410     97.114 -9.990e-29
   39.93912  -72.03778      2.276      2.259    21.4819    33.0875 -9.990e-29     0.0282 2.0328e+01  1022.9181    21.4815    22.9081     7.0666    215.887    7.28119  222.44431     97.052 -9.990e-29
   39.93912  -72.03778      2.286      2.269    21.4820    33.0871 -9.990e-29     0.0282 2.1087e+01  1022.9177    21.4815    22.9078     7.0660    215.869    7.28116  222.44336     97.045 -9.990e-29
   39.93912  -72.03778      2.286      2.269    21.4821    33.0867 -9.990e-29     0.0282 2.1106e+01  1022.9172    21.4816    22.9074     7.0697    215.984    7.28117  222.44352     97.096 -9.990e-29
   39.93912  -72.03778      2.307      2.289    21.4821    33.0860 -9.990e-29     0.0282 2.0928e+01  1022.9171    21.4816    22.9069     7.0652    215.847    7.28112  222.44223     97.035 -9.990e-29
   39.93912  -72.03778      2.307      2.289    21.4823    33.0850 -9.990e-29     0.0282 2.0462e+01  1022.9160    21.4818    22.9061     7.0690    215.962    7.28113  222.44255     97.087 -9.990e-29
   39.93912  -72.03778      2.316      2.299    21.4816    33.0839 -9.990e-29     0.0282 2.0232e+01  1022.9154    21.4812    22.9054     7.0688    215.957    7.28113  222.44239     97.084 -9.990e-29
   39.93912  -72.03778      2.326      2.308    21.4814    33.0832 -9.990e-29     0.0282 2.0232e+01  1022.9144    21.4809    22.9050     7.0686    215.951    7.28111  222.44179     97.082 -9.990e-29
   39.93912  -72.03778      2.337      2.319    21.4807    33.0832 -9.990e-29     0.0282 1.9692e+01  1022.9151    21.4802    22.9051     7.0684    215.944    7.28106  222.44039     97.080 -9.990e-29
   39.93912  -72.03778      2.337      2.319    21.4807    33.0836 -9.990e-29     0.0148 1.9582e+01  1022.9156    21.4802    22.9055     7.0640    215.810    7.28109  222.44143     97.019 -9.990e-29
   39.93912  -72.03778      2.347      2.329    21.4807    33.0840 -9.990e-29     0.0282 1.9335e+01  1022.9159    21.4802    22.9058     7.0635    215.794    7.28109  222.44168     97.012 -9.990e-29
   39.93912  -72.03778      2.347      2.329    21.4805    33.0842 -9.990e-29     0.0282 1.9888e+01  1022.9165    21.4801    22.9060     7.0673    215.910    7.28108  222.44147     97.064 -9.990e-29
   39.93912  -72.03778      2.356      2.338    21.4807    33.0842 -9.990e-29     0.0148 1.9977e+01  1022.9160    21.4802    22.9060     7.0675    215.917    7.28109  222.44155     97.067 -9.990e-29
   39.93912  -72.03778      2.356      2.338    21.4807    33.0840 -9.990e-29     0.0282 2.0034e+01  1022.9160    21.4802    22.9058     7.0722    216.060    7.28125  222.44676     97.129 -9.990e-29
   39.93912  -72.03778      2.367      2.349    21.4805    33.0837 -9.990e-29     0.0282 2.0472e+01  1022.9159    21.4800    22.9056     7.0688    215.955    7.28154  222.45577     97.078 -9.990e-29
   39.93912  -72.03778      2.358      2.339    21.4808    33.0835 -9.990e-29     0.0282 2.1057e+01  1022.9154    21.4804    22.9054     7.0693    215.972    7.28185  222.46485     97.081 -9.990e-29
   39.93912  -72.03778      2.367      2.349    21.4805    33.0833 -9.990e-29     0.0282 2.0865e+01  1022.9153    21.4801    22.9052     7.0736    216.103    7.28198  222.46852     97.139 -9.990e-29
   39.93912  -72.03778      2.367      2.349    21.4807    33.0832 -9.990e-29     0.0282 2.1281e+01  1022.9155    21.4802    22.9052     7.0700    215.993    7.28209  222.47151     97.088 -9.990e-29
   39.93912  -72.03778      2.367      2.349    21.4807    33.0831 -9.990e-29     0.0282 2.1390e+01  1022.9152    21.4802    22.9051     7.0702    215.999    7.28203  222.46985     97.092 -9.990e-29
   39.93912  -72.03778      2.367      2.349    21.4807    33.0832 -9.990e-29     0.0282 2.1451e+01  1022.9151    21.4802    22.9052     7.0704    216.005    7.28195  222.46714     97.095 -9.990e-29
   39.93912  -72.03778      2.367      2.349    21.4800    33.0835 -9.990e-29     0.0416 2.0556e+01  1022.9159    21.4795    22.9055     7.0707    216.013    7.28191  222.46596     97.099 -9.990e-29
   39.93912  -72.03778      2.367      2.349    21.4800    33.0838 -9.990e-29     0.0416 1.9705e+01  1022.9160    21.4795    22.9059     7.0709    216.020    7.28185  222.46419     97.103 -9.990e-29
   39.93912  -72.03778      2.367      2.349    21.4800    33.0842 -9.990e-29     0.0282 1.9484e+01  1022.9162    21.4795    22.9062     7.0712    216.030    7.28184  222.46423     97.108 -9.990e-29
   39.93912  -72.03778      2.347      2.329    21.4800    33.0851 -9.990e-29     0.0416 1.8994e+01  1022.9167    21.4795    22.9068     7.0712    216.030    7.28189  222.46556     97.107 -9.990e-29
   39.93912  -72.03778      2.356      2.338    21.4802    33.0864 -9.990e-29     0.0282 1.8518e+01  1022.9180    21.4797    22.9078     7.0715    216.039    7.28185  222.46449     97.112 -9.990e-29
   39.93912  -72.03778      2.356      2.338    21.4800    33.0875 -9.990e-29     0.0416 1.8362e+01  1022.9193    21.4795    22.9085     7.0715    216.039    7.28186  222.46490     97.112 -9.990e-29
   39.93912  -72.03778      2.347      2.329    21.4811    33.0879 -9.990e-29     0.0282 1.8005e+01  1022.9187    21.4806    22.9087     7.0676    215.918    7.28184  222.46429     97.058 -9.990e-29
