CalculateIndicators/WaterTemperature/Data/CTD_NYOS/20240428_C19.cnv
* Sea-Bird SBE 9 Data File:
* FileName = C:\Seabird 9 CTD\Data\2024\202404_offshore\20240428_C19.hex
* Software Version Seasave V 7.23.2
* Temperature SN = 4590
* Conductivity SN = 3228
* Number of Bytes Per Scan = 44
* Number of Voltage Words = 5
* Number of Scans Averaged by the Deck Unit = 1
* NMEA Latitude = 40 39.83 N
* NMEA Longitude = 072 58.62 W
* NMEA UTC (Time) = Apr 28 2024  03:02:37
* NMEA baud rate = 4800
** Ship: Seawolf
** Station: 9.1
** Operator: TDK
# nquan = 18
# nvalues = 8467                        
# units = specified
# name 0 = latitude: Latitude [deg]
# name 1 = longitude: Longitude [deg]
# name 2 = prDM: Pressure, Digiquartz [db]
# name 3 = depSM: Depth [salt water, m]
# name 4 = t090C: Temperature [ITS-90, deg C]
# name 5 = sal00: Salinity, Practical [PSU]
# name 6 = ph: pH
# name 7 = flECO-AFL: Fluorescence, WET Labs ECO-AFL/FL [mg/m^3]
# name 8 = cpar: CPAR/Corrected Irradiance [%]
# name 9 = density00: Density [density, kg/m^3]
# name 10 = potemp090C: Potential Temperature [ITS-90, deg C]
# name 11 = sigma-é00: Density [sigma-theta, kg/m^3]
# name 12 = sbeox0Mg/L: Oxygen, SBE 43 [mg/l]
# name 13 = sbox0Mm/Kg: Oxygen, SBE 43 [umol/kg]
# name 14 = oxsolMg/L: Oxygen Saturation, Garcia & Gordon [mg/l]
# name 15 = oxsolMm/Kg: Oxygen Saturation, Garcia & Gordon [umol/kg]
# name 16 = sbeox0PS: Oxygen, SBE 43 [% saturation]
# name 17 = flag:  0.000e+00
# span 0 =   40.66398,   40.66488       
# span 1 =  -72.97710,  -72.97554       
# span 2 =      1.543,     14.488       
# span 3 =      1.531,     14.376       
# span 4 =     7.8086,     9.9115       
# span 5 =    29.6300,    30.3512       
# span 6 =      7.904,      8.049       
# span 7 =     0.3640,     1.3579       
# span 8 = 9.9999e+04, 9.9999e+04       
# span 9 =  1022.7890,  1023.7183       
# span 10 =     7.8073,     9.9111      
# span 11 =    22.7776,    23.6518      
# span 12 =     8.2440,     9.5578      
# span 13 =    251.679,    291.950      
# span 14 =    9.35406,    9.76435      
# span 15 =  285.77906,  298.08973      
# span 16 =     84.454,    102.011      
# span 17 = 0.0000e+00, 0.0000e+00      
# interval = seconds: 0.0416667
# start_time = Apr 28 2024 03:02:37 [System UTC, first data scan.]
# bad_flag = -9.990e-29
*END*
[from data line 2654]
   40.66424  -72.97652     14.118     14.008     7.8257    30.3386      7.908     1.0758 9.9999e+04  1023.7044     7.8244    23.6396     8.3096    253.682    9.76050  297.97727     85.135 -9.990e-29
   40.66424  -72.97652     14.101     13.992     7.8254    30.3389      7.908     1.0624 9.9999e+04  1023.7047     7.8241    23.6399     8.3088    253.658    9.76049  297.97677     85.127 -9.990e-29
   40.66424  -72.97652     14.097     13.988     7.8252    30.3390      7.908     1.0624 9.9999e+04  1023.7048     7.8240    23.6400     8.3089    253.662    9.76051  297.97727     85.128 -9.990e-29
   40.66424  -72.97652     14.090     13.981     7.8256    30.3384      7.908     1.0624 9.9999e+04  1023.7049     7.8243    23.6394     8.3091    253.668    9.76057  297.97920     85.130 -9.990e-29
   40.66424  -72.97652     14.076     13.967     7.8285    30.3367      7.908     1.0758 9.9999e+04  1023.7025     7.8272    23.6377     8.3083    253.644    9.76059  297.97990     85.121 -9.990e-29
   40.66426  -72.97652     14.076     13.967     7.8319    30.3346      7.908     1.0758 9.9999e+04  1023.7000     7.8307    23.6357     8.3075    253.619    9.76061  297.98042     85.113 -9.990e-29
   40.66426  -72.97652     14.060     13.951     7.8337    30.3325      7.908     1.0758 9.9999e+04  1023.6984     7.8324    23.6337     8.3066    253.592    9.76059  297.97990     85.104 -9.990e-29
   40.66426  -72.97652     14.046     13.937     7.8361    30.3302      7.908     1.0758 9.9999e+04  1023.6961     7.8348    23.6316     8.3067    253.595    9.76067  297.98214     85.104 -9.990e-29
   40.66426  -72.97652     14.046     13.937     7.8390    30.3282      7.908     1.0758 9.9999e+04  1023.6936     7.8377    23.6298     8.3057    253.563    9.76056  297.97893     85.094 -9.990e-29
   40.66426  -72.97652     14.030     13.921     7.8403    30.3272      7.913     1.0758 9.9999e+04  1023.6924     7.8391    23.6288     8.3048    253.536    9.76061  297.98047     85.085 -9.990e-29
   40.66426  -72.97652     14.037     13.928     7.8396    30.3277      7.913     1.0758 9.9999e+04  1023.6933     7.8384    23.6293     8.3047    253.534    9.76061  297.98014     85.084 -9.990e-29
   40.66426  -72.97652     14.009     13.900     7.8378    30.3288      7.913     1.0758 9.9999e+04  1023.6950     7.8365    23.6303     8.3047    253.532    9.76062  297.98071     85.083 -9.990e-29
   40.66426  -72.97652     14.016     13.907     7.8368    30.3297      7.913     1.0758 9.9999e+04  1023.6955     7.8355    23.6311     8.3047    253.533    9.76071  297.98328     85.083 -9.990e-29
   40.66426  -72.97652     14.006     13.898     7.8365    30.3303      7.908     1.0758 9.9999e+04  1023.6958     7.8352    23.6316     8.3047    253.533    9.76078  297.98534     85.082 -9.990e-29
   40.66426  -72.97652     13.999     13.891     7.8356    30.3309      7.908     1.0758 9.9999e+04  1023.6966     7.8343    23.6322     8.3046    253.531    9.76081  297.98606     85.082 -9.990e-29
   40.66426  -72.97652     13.995     13.887     7.8345    30.3316      7.913     1.0758 9.9999e+04  1023.6969     7.8332    23.6329     8.3045    253.528    9.76076  297.98476     85.081 -9.990e-29
   40.66426  -72.97652     13.986     13.877     7.8332    30.3323      7.908     1.0758 9.9999e+04  1023.6981     7.8319    23.6336     8.3045    253.527    9.76082  297.98649     85.080 -9.990e-29
   40.66426  -72.97652     13.988     13.880     7.8324    30.3329      7.913     1.0758 9.9999e+04  1023.6985     7.8311    23.6343     8.3045    253.527    9.76088  297.98842     85.079 -9.990e-29
   40.66426  -72.97652     13.986     13.877     7.8312    30.3333      7.913     1.0758 9.9999e+04  1023.6990     7.8299    23.6347     8.3046    253.529    9.76103  297.99268     85.079 -9.990e-29
   40.66426  -72.97652     13.979     13.870     7.8308    30.3335      7.913     1.0758 9.9999e+04  1023.6990     7.8295    23.6349     8.3046    253.530    9.76115  297.99643     85.078 -9.990e-29
   40.66426  -72.97652     13.976     13.868     7.8308    30.3335      7.908     1.0758 9.9999e+04  1023.6991     7.8295    23.6349     8.3056    253.559    9.76127  297.99976     85.087 -9.990e-29
   40.66426  -72.97652     13.976     13.868     7.8308    30.3337      7.913     1.0758 9.9999e+04  1023.6990     7.8295    23.6350     8.3058    253.567    9.76158  298.00870     85.087 -9.990e-29
   40.66426  -72.97652     13.988     13.880     7.8308    30.3339      7.908     1.0355 9.9999e+04  1023.6995     7.8295    23.6352     8.3061    253.575    9.76189  298.01788     85.087 -9.990e-29
   40.66426  -72.97652     13.976     13.868     7.8309    30.3341      7.913     0.9952 9.9999e+04  1023.6996     7.8296    23.6354     8.3060    253.573    9.76185  298.01684     85.087 -9.990e-29
   40.66426  -72.97652     13.986     13.877     7.8311    30.3342      7.913     0.9952 9.9999e+04  1023.6996     7.8298    23.6354     8.3057    253.563    9.76159  298.00912     85.086 -9.990e-29
   40.66426  -72.97652     13.988     13.880     7.8316    30.3340      7.913     0.9952 9.9999e+04  1023.6995     7.8303    23.6352     8.3064    253.583    9.76132  298.00118     85.095 -9.990e-29
   40.66426  -72.97652     13.995     13.887     7.8323    30.3338      7.908     1.0087 9.9999e+04  1023.6992     7.8310    23.6350     8.3062    253.578    9.76116  297.99661     85.094 -9.990e-29
   40.66426  -72.97652     13.999     13.891     7.8327    30.3335      7.913     1.0087 9.9999e+04  1023.6989     7.8314    23.6348     8.3061    253.574    9.76106  297.99354     85.094 -9.990e-29
   40.66426  -72.97652     14.006     13.898     7.8326    30.3333      7.913     0.9952 9.9999e+04  1023.6987     7.8313    23.6346     8.3062    253.579    9.76123  297.99867     85.094 -9.990e-29
   40.66426  -72.97652     14.026     13.917     7.8322    30.3331      7.913     1.0087 9.9999e+04  1023.6988     7.8309    23.6345     8.3065    253.586    9.76147  298.00561     85.094 -9.990e-29
   40.66426  -72.97652     14.020     13.911     7.8318    30.3333      7.908     0.9952 9.9999e+04  1023.6987     7.8305    23.6347     8.3066    253.589    9.76160  298.00943     85.094 -9.990e-29
   40.66426  -72.97652     14.026     13.917     7.8306    30.3337      7.913     0.9952 9.9999e+04  1023.6997     7.8293    23.6351     8.3067    253.593    9.76175  298.01373     85.095 -9.990e-29
   40.66426  -72.97652     14.046     13.937     7.8301    30.3339      7.913     1.0087 9.9999e+04  1023.6997     7.8288    23.6353     8.3067    253.593    9.76174  298.01343     85.094 -9.990e-29
   40.66426  -72.97652     14.060     13.951     7.8301    30.3341      7.913     1.0087 9.9999e+04  1023.7000     7.8288    23.6355     8.3065    253.587    9.76155  298.00773     85.094 -9.990e-29
   40.66426  -72.97652     14.057     13.948     7.8297    30.3345      7.913     1.0087 9.9999e+04  1023.7001     7.8284    23.6359     8.3062    253.577    9.76121  297.99782     85.094 -9.990e-29
   40.66426  -72.97652     14.081     13.971     7.8287    30.3352      7.913     0.9952 9.9999e+04  1023.7014     7.8274    23.6365     8.2995    253.373    9.76075  297.98414     85.029 -9.990e-29
   40.66426  -72.97652     14.087     13.978     7.8285    30.3357      7.908     1.0087 9.9999e+04  1023.7018     7.8272    23.6369     8.3046    253.529    9.76046  297.97549     85.084 -9.990e-29
   40.66426  -72.97652     14.107     13.997     7.8290    30.3356      7.908     1.0087 9.9999e+04  1023.7016     7.8277    23.6369     8.3044    253.523    9.76024  297.96913     85.084 -9.990e-29
   40.66426  -72.97652     14.120     14.011     7.8287    30.3354      7.913     1.0087 9.9999e+04  1023.7016     7.8274    23.6367     8.3039    253.509    9.75972  297.95391     85.083 -9.990e-29
   40.66426  -72.97652     14.127     14.018     7.8291    30.3352      7.908     1.0087 9.9999e+04  1023.7012     7.8278    23.6365     8.3034    253.494    9.75915  297.93731     85.083 -9.990e-29
   40.66426  -72.97652     14.141     14.031     7.8291    30.3349      7.908     0.9952 9.9999e+04  1023.7013     7.8278    23.6363     8.3030    253.482    9.75874  297.92508     85.082 -9.990e-29
   40.66426  -72.97652     14.169     14.059     7.8299    30.3348      7.913     0.9952 9.9999e+04  1023.7009     7.8286    23.6362     8.3028    253.478    9.75858  297.92055     85.083 -9.990e-29
   40.66426  -72.97652     14.158     14.048     7.8295    30.3349      7.908     1.0087 9.9999e+04  1023.7014     7.8282    23.6362     8.3029    253.479    9.75857  297.91996     85.083 -9.990e-29
   40.66426  -72.97652     14.192     14.082     7.8299    30.3349      7.908     0.9952 9.9999e+04  1023.7013     7.8286    23.6361     8.3029    253.480    9.75858  297.92022     85.083 -9.990e-29
   40.66426  -72.97652     14.209     14.098     7.8298    30.3345      7.908     1.0087 9.9999e+04  1023.7011     7.8285    23.6359     8.2967    253.289    9.75857  297.91988     85.019 -9.990e-29
   40.66426  -72.97652     14.213     14.102     7.8301    30.3343      7.913     0.9952 9.9999e+04  1023.7008     7.8288    23.6356     8.3021    253.455    9.75857  297.92007     85.075 -9.990e-29
   40.66426  -72.97652     14.229     14.119     7.8303    30.3341      7.908     1.0221 9.9999e+04  1023.7008     7.8290    23.6354     8.3021    253.455    9.75848  297.91757     85.075 -9.990e-29
   40.66426  -72.97652     14.250     14.139     7.8308    30.3340      7.908     1.0758 9.9999e+04  1023.7006     7.8295    23.6353     8.3021    253.456    9.75846  297.91672     85.076 -9.990e-29
   40.66426  -72.97652     14.262     14.152     7.8309    30.3340      7.908     1.0893 9.9999e+04  1023.7007     7.8296    23.6353     8.3022    253.459    9.75851  297.91831     85.077 -9.990e-29
   40.66426  -72.97652     14.269     14.158     7.8310    30.3341      7.908     1.0893 9.9999e+04  1023.7008     7.8297    23.6354     8.2960    253.270    9.75849  297.91760     85.013 -9.990e-29
   40.66426  -72.97652     14.273     14.162     7.8308    30.3342      7.908     1.0758 9.9999e+04  1023.7011     7.8295    23.6354     8.3015    253.436    9.75846  297.91683     85.069 -9.990e-29
   40.66426  -72.97652     14.310     14.199     7.8306    30.3341      7.908     1.0758 9.9999e+04  1023.7011     7.8293    23.6354     8.2953    253.249    9.75850  297.91801     85.006 -9.990e-29
   40.66426  -72.97652     14.310     14.199     7.8306    30.3341      7.908     1.0893 9.9999e+04  1023.7008     7.8293    23.6354     8.2948    253.232    9.75868  297.92342     84.999 -9.990e-29
   40.66426  -72.97654     14.303     14.192     7.8303    30.3342      7.908     1.0758 9.9999e+04  1023.7013     7.8290    23.6355     8.2941    253.212    9.75875  297.92544     84.992 -9.990e-29
   40.66426  -72.97654     14.331     14.220     7.8304    30.3344      7.908     1.0893 9.9999e+04  1023.7013     7.8291    23.6357     8.2935    253.193    9.75880  297.92682     84.985 -9.990e-29
   40.66426  -72.97654     14.343     14.232     7.8299    30.3346      7.908     1.0758 9.9999e+04  1023.7019     7.8286    23.6358     8.2991    253.362    9.75872  297.92472     85.042 -9.990e-29
   40.66426  -72.97654     14.341     14.229     7.8304    30.3346      7.908     1.0893 9.9999e+04  1023.7017     7.8291    23.6358     8.2993    253.369    9.75870  297.92373     85.045 -9.990e-29
   40.66426  -72.97654     14.361     14.250     7.8303    30.3345      7.908     1.0893 9.9999e+04  1023.7016     7.8290    23.6358     8.2933    253.186    9.75870  297.92387     84.984 -9.990e-29
   40.66426  -72.97654     14.364     14.253     7.8303    30.3345      7.908     1.0758 9.9999e+04  1023.7018     7.8289    23.6358     8.2926    253.166    9.75864  297.92221     84.977 -9.990e-29
   40.66426  -72.97654     14.371     14.259     7.8303    30.3345      7.908     1.0758 9.9999e+04  1023.7017     7.8289    23.6358     8.2919    253.145    9.75851  297.91808     84.971 -9.990e-29
   40.66426  -72.97654     14.375     14.263     7.8298    30.3347      7.908     1.0893 9.9999e+04  1023.7020     7.8285    23.6360     8.2913    253.124    9.75832  297.91259     84.966 -9.990e-29
   40.66426  -72.97654     14.382     14.270     7.8294    30.3350      7.908     1.0893 9.9999e+04  1023.7023     7.8281    23.6363     8.2907    253.108    9.75827  297.91115     84.961 -9.990e-29
   40.66426  -72.97654     14.385     14.273     7.8291    30.3352      7.908     1.0893 9.9999e+04  1023.7027     7.8278    23.6365     8.2902    253.092    9.75818  297.90848     84.956 -9.990e-29
   40.66426  -72.97654     14.401     14.289     7.8295    30.3352      7.908     1.0893 9.9999e+04  1023.7024     7.8281    23.6365     8.2899    253.084    9.75832  297.91276     84.952 -9.990e-29
   40.66426  -72.97654     14.391     14.280     7.8291    30.3352      7.908     1.0893 9.9999e+04  1023.7026     7.8278    23.6365     8.2897    253.077    9.75846  297.91705     84.949 -9.990e-29
   40.66426  -72.97654     14.394     14.283     7.8289    30.3354      7.908     1.0893 9.9999e+04  1023.7026     7.8275    23.6367     8.2957    253.259    9.75855  297.91962     85.009 -9.990e-29
   40.66426  -72.97654     14.401     14.289     7.8280    30.3358      7.904     1.0893 9.9999e+04  1023.7033     7.8267    23.6372     8.2962    253.276    9.75854  297.91949     85.015 -9.990e-29
   40.66426  -72.97654     14.394     14.283     7.8274    30.3363      7.908     1.0893 9.9999e+04  1023.7036     7.8260    23.6377     8.2907    253.107    9.75872  297.92456     84.957 -9.990e-29
   40.66426  -72.97654     14.391     14.280     7.8267    30.3372      7.908     1.0893 9.9999e+04  1023.7041     7.8254    23.6384     8.2969    253.295    9.75894  297.93127     85.018 -9.990e-29
   40.66426  -72.97654     14.391     14.280     7.8248    30.3384      7.908     1.0893 9.9999e+04  1023.7058     7.8235    23.6396     8.2914    253.128    9.75911  297.93621     84.960 -9.990e-29
   40.66426  -72.97654     14.394     14.283     7.8229    30.3393      7.908     1.0758 9.9999e+04  1023.7072     7.8216    23.6404     8.2912    253.122    9.75913  297.93681     84.958 -9.990e-29
   40.66426  -72.97654     14.391     14.280     7.8233    30.3391      7.908     1.0087 9.9999e+04  1023.7067     7.8220    23.6403     8.2910    253.116    9.75918  297.93813     84.956 -9.990e-29
   40.66426  -72.97654     14.375     14.263     7.8249    30.3383      7.908     0.9818 9.9999e+04  1023.7052     7.8236    23.6395     8.2910    253.116    9.75943  297.94553     84.954 -9.990e-29
   40.66426  -72.97654     14.371     14.259     7.8262    30.3375      7.908     0.9818 9.9999e+04  1023.7047     7.8249    23.6387     8.2974    253.310    9.75971  297.95382     85.016 -9.990e-29
   40.66426  -72.97654     14.364     14.253     7.8272    30.3369      7.904     0.9952 9.9999e+04  1023.7039     7.8259    23.6381     8.2918    253.141    9.75972  297.95371     84.960 -9.990e-29
   40.66426  -72.97654     14.350     14.239     7.8278    30.3366      7.908     0.9818 9.9999e+04  1023.7032     7.8265    23.6378     8.2916    253.134    9.75961  297.95051     84.959 -9.990e-29
   40.66426  -72.97654     14.350     14.239     7.8269    30.3368      7.904     0.9952 9.9999e+04  1023.7038     7.8256    23.6381     8.2914    253.128    9.75947  297.94652     84.958 -9.990e-29
   40.66426  -72.97652     14.343     14.232     7.8256    30.3375      7.908     0.9952 9.9999e+04  1023.7046     7.8243    23.6388     8.2848    252.927    9.75917  297.93751     84.893 -9.990e-29
   40.66426  -72.97652     14.331     14.220     7.8247    30.3383      7.904     0.9952 9.9999e+04  1023.7054     7.8234    23.6395     8.2894    253.067    9.75831  297.91222     84.947 -9.990e-29
