CalculateIndicators/WaterTemperature/Data/CTD_NYOS/20240912_C04.cnv
* Sea-Bird SBE 9 Data File:
* FileName = C:\Seabird 9 CTD\Data\2024\202409_offshore\20240912_C04.hex
* Software Version Seasave V 7.23.2
* Temperature SN = 4590
* Conductivity SN = 3228
* Number of Bytes Per Scan = 44
* Number of Voltage Words = 5
* Number of Scans Averaged by the Deck Unit = 1
* NMEA Latitude = 40 34.15 N
* NMEA Longitude = 073 24.38 W
* NMEA UTC (Time) = Sep 12 2024  02:55:15
* NMEA baud rate = 4800
** Ship: Seawolf
** Station: 8.1
** Operator: TCM
# nquan = 18
# nvalues = 7467                        
# units = specified
# name 0 = latitude: Latitude [deg]
# name 1 = longitude: Longitude [deg]
# name 2 = prDM: Pressure, Digiquartz [db]
# name 3 = depSM: Depth [salt water, m]
# name 4 = t090C: Temperature [ITS-90, deg C]
# name 5 = sal00: Salinity, Practical [PSU]
# name 6 = ph: pH
# name 7 = flECO-AFL: Fluorescence, WET Labs ECO-AFL/FL [mg/m^3]
# name 8 = cpar: CPAR/Corrected Irradiance [%]
# name 9 = density00: Density [density, kg/m^3]
# name 10 = potemp090C: Potential Temperature [ITS-90, deg C]
# name 11 = sigma-é00: Density [sigma-theta, kg/m^3]
# name 12 = sbeox0Mg/L: Oxygen, SBE 43 [mg/l]
# name 13 = sbox0Mm/Kg: Oxygen, SBE 43 [umol/kg]
# name 14 = oxsolMg/L: Oxygen Saturation, Garcia & Gordon [mg/l]
# name 15 = oxsolMm/Kg: Oxygen Saturation, Garcia & Gordon [umol/kg]
# name 16 = sbeox0PS: Oxygen, SBE 43 [% saturation]
# name 17 = flag:  0.000e+00
# span 0 =   40.56922,   40.56948       
# span 1 =  -73.40652,  -73.40638       
# span 2 =      1.854,     13.809       
# span 3 =      1.840,     13.702       
# span 4 =    21.0827,    21.2903       
# span 5 =    30.9261,    30.9640       
# span 6 =      8.127,      8.175       
# span 7 =     1.2370,     1.8548       
# span 8 = 1.6880e-11, 9.9999e+04       
# span 9 =  1021.3350,  1021.4556       
# span 10 =    21.0802,    21.2899      
# span 11 =    21.3325,    21.3955      
# span 12 =     7.2086,     7.8248      
# span 13 =    220.555,    239.420      
# span 14 =    7.39806,    7.42610      
# span 15 =  226.36335,  227.20953      
# span 16 =     97.117,    105.757      
# span 17 = 0.0000e+00, 0.0000e+00      
# interval = seconds: 0.0416667
# start_time = Sep 12 2024 02:55:17 [System UTC, first data scan.]
# bad_flag = -9.990e-29
*END*
[from data line 6835]
   40.56946  -73.40650      2.081      2.065    21.2837    30.9472      8.170     1.3444 7.1481e+00  1021.3451    21.2833    21.3362     7.7802    238.056    7.39889  226.38839    105.154 -9.990e-29
   40.56946  -73.40650      2.091      2.075    21.2833    30.9472      8.170     1.3444 7.7183e+00  1021.3452    21.2829    21.3362     7.7839    238.169    7.39887  226.38780    105.204 -9.990e-29
   40.56946  -73.40650      2.071      2.055    21.2834    30.9473      8.170     1.3444 9.9831e+00  1021.3452    21.2830    21.3363     7.7837    238.161    7.39892  226.38908    105.200 -9.990e-29
   40.56946  -73.40650      2.071      2.055    21.2833    30.9473      8.170     1.3444 1.0949e+01  1021.3454    21.2829    21.3363     7.7834    238.153    7.39890  226.38848    105.197 -9.990e-29
   40.56946  -73.40650      2.081      2.065    21.2833    30.9473      8.170     1.3444 1.0845e+01  1021.3454    21.2829    21.3363     7.7835    238.156    7.39887  226.38748    105.198 -9.990e-29
   40.56946  -73.40650      2.062      2.046    21.2834    30.9472      8.170     1.3444 9.9831e+00  1021.3451    21.2830    21.3362     7.7833    238.149    7.39888  226.38790    105.195 -9.990e-29
   40.56946  -73.40650      2.060      2.045    21.2833    30.9471      8.170     1.3444 9.6058e+00  1021.3451    21.2829    21.3362     7.7831    238.143    7.39890  226.38862    105.192 -9.990e-29
   40.56946  -73.40650      2.071      2.055    21.2831    30.9472      8.170     1.3444 9.6058e+00  1021.3451    21.2827    21.3363     7.7829    238.137    7.39887  226.38781    105.190 -9.990e-29
   40.56946  -73.40650      2.051      2.035    21.2832    30.9473      8.170     1.3444 1.0047e+01  1021.3453    21.2828    21.3363     7.7783    237.999    7.39889  226.38839    105.129 -9.990e-29
   40.56946  -73.40650      2.071      2.055    21.2833    30.9473      8.170     1.3444 1.0274e+01  1021.3452    21.2829    21.3363     7.7822    238.117    7.39888  226.38813    105.181 -9.990e-29
   40.56946  -73.40650      2.051      2.035    21.2832    30.9473      8.170     1.3847 1.0274e+01  1021.3451    21.2828    21.3363     7.7821    238.113    7.39890  226.38870    105.179 -9.990e-29
   40.56946  -73.40650      2.060      2.045    21.2835    30.9474      8.170     1.5325 9.5442e+00  1021.3453    21.2831    21.3364     7.7819    238.109    7.39888  226.38790    105.177 -9.990e-29
   40.56946  -73.40650      2.051      2.035    21.2831    30.9475      8.170     1.5996 9.0633e+00  1021.3455    21.2827    21.3365     7.7818    238.106    7.39888  226.38813    105.176 -9.990e-29
   40.56946  -73.40650      2.060      2.045    21.2832    30.9474      8.170     1.5996 8.9755e+00  1021.3452    21.2828    21.3364     7.7821    238.115    7.39891  226.38880    105.180 -9.990e-29
   40.56946  -73.40650      2.062      2.046    21.2829    30.9472      8.170     1.5996 9.8559e+00  1021.3454    21.2825    21.3363     7.7777    237.980    7.39889  226.38830    105.120 -9.990e-29
   40.56946  -73.40650      2.051      2.035    21.2833    30.9469      8.170     1.5862 1.0709e+01  1021.3445    21.2829    21.3361     7.7777    237.979    7.39889  226.38838    105.120 -9.990e-29
   40.56946  -73.40650      2.060      2.045    21.2832    30.9471      8.170     1.5862 1.0880e+01  1021.3450    21.2828    21.3361     7.7774    237.969    7.39889  226.38839    105.115 -9.990e-29
   40.56946  -73.40650      2.060      2.045    21.2831    30.9474      8.170     1.5862 8.5476e+00  1021.3456    21.2827    21.3364     7.7774    237.970    7.39888  226.38813    105.116 -9.990e-29
   40.56946  -73.40650      2.060      2.045    21.2834    30.9474      8.170     1.5862 6.3048e+00  1021.3451    21.2830    21.3364     7.7775    237.974    7.39889  226.38838    105.117 -9.990e-29
   40.56946  -73.40650      2.060      2.045    21.2829    30.9474      8.170     1.5862 5.8434e+00  1021.3456    21.2825    21.3365     7.7777    237.979    7.39891  226.38885    105.120 -9.990e-29
   40.56946  -73.40650      2.060      2.045    21.2831    30.9474      8.170     1.5862 5.6035e+00  1021.3453    21.2827    21.3365     7.7775    237.973    7.39891  226.38903    105.117 -9.990e-29
   40.56946  -73.40650      2.071      2.055    21.2832    30.9475      8.170     1.5862 5.1106e+00  1021.3454    21.2828    21.3365     7.7777    237.980    7.39892  226.38910    105.120 -9.990e-29
   40.56946  -73.40650      2.060      2.045    21.2831    30.9475      8.170     1.5862 4.9661e+00  1021.3455    21.2827    21.3365     7.7776    237.977    7.39892  226.38916    105.119 -9.990e-29
   40.56946  -73.40650      2.073      2.057    21.2829    30.9474      8.170     1.5862 4.9305e+00  1021.3455    21.2825    21.3364     7.7779    237.986    7.39890  226.38871    105.123 -9.990e-29
   40.56946  -73.40650      2.071      2.055    21.2832    30.9474      8.170     1.5862 4.7553e+00  1021.3452    21.2828    21.3364     7.7779    237.985    7.39891  226.38893    105.122 -9.990e-29
   40.56946  -73.40650      2.071      2.055    21.2831    30.9474      8.170     1.5862 4.7208e+00  1021.3456    21.2827    21.3364     7.7779    237.985    7.39892  226.38916    105.122 -9.990e-29
   40.56946  -73.40650      2.060      2.045    21.2832    30.9473      8.170     1.5862 4.9661e+00  1021.3451    21.2828    21.3363     7.7779    237.986    7.39891  226.38903    105.123 -9.990e-29
   40.56946  -73.40650      2.071      2.055    21.2829    30.9473      8.170     1.5862 6.2616e+00  1021.3454    21.2825    21.3363     7.7780    237.988    7.39892  226.38910    105.123 -9.990e-29
   40.56946  -73.40650      2.071      2.055    21.2831    30.9474      8.170     1.5862 6.9114e+00  1021.3453    21.2827    21.3364     7.7825    238.124    7.39893  226.38949    105.184 -9.990e-29
   40.56946  -73.40650      2.081      2.065    21.2830    30.9474      8.170     1.5862 7.0053e+00  1021.3455    21.2826    21.3364     7.7833    238.149    7.39892  226.38934    105.195 -9.990e-29
   40.56946  -73.40650      2.071      2.055    21.2829    30.9473      8.170     1.5862 7.7954e+00  1021.3453    21.2825    21.3364     7.7837    238.164    7.39891  226.38887    105.201 -9.990e-29
   40.56946  -73.40650      2.060      2.045    21.2829    30.9472      8.170     1.5862 8.2450e+00  1021.3452    21.2825    21.3364     7.7799    238.046    7.39892  226.38916    105.149 -9.990e-29
   40.56946  -73.40650      2.082      2.066    21.2828    30.9473      8.170     1.5862 8.2993e+00  1021.3455    21.2824    21.3364     7.7801    238.052    7.39892  226.38926    105.152 -9.990e-29
   40.56946  -73.40650      2.071      2.055    21.2831    30.9474      8.170     1.5862 8.4641e+00  1021.3453    21.2827    21.3364     7.7846    238.191    7.39891  226.38887    105.213 -9.990e-29
   40.56946  -73.40650      2.071      2.055    21.2831    30.9475      8.170     1.5862 8.5756e+00  1021.3454    21.2827    21.3365     7.7852    238.208    7.39892  226.38916    105.221 -9.990e-29
   40.56946  -73.40650      2.060      2.045    21.2828    30.9476      8.170     1.5862 8.5756e+00  1021.3457    21.2825    21.3366     7.7858    238.227    7.39894  226.38984    105.229 -9.990e-29
   40.56946  -73.40650      2.060      2.045    21.2831    30.9474      8.170     1.5862 8.0839e+00  1021.3453    21.2827    21.3365     7.7864    238.246    7.39894  226.38998    105.237 -9.990e-29
   40.56946  -73.40650      2.071      2.055    21.2830    30.9474      8.170     1.5862 7.6672e+00  1021.3453    21.2826    21.3364     7.7870    238.264    7.39893  226.38951    105.245 -9.990e-29
   40.56946  -73.40650      2.060      2.045    21.2831    30.9475      8.170     1.5862 7.5912e+00  1021.3454    21.2827    21.3365     7.7920    238.416    7.39890  226.38846    105.313 -9.990e-29
   40.56946  -73.40650      2.060      2.045    21.2831    30.9476      8.170     1.5862 6.6361e+00  1021.3455    21.2827    21.3366     7.7926    238.435    7.39892  226.38909    105.321 -9.990e-29
   40.56946  -73.40650      2.062      2.046    21.2830    30.9478      8.170     1.5862 5.6627e+00  1021.3457    21.2826    21.3368     7.7932    238.454    7.39893  226.38951    105.329 -9.990e-29
   40.56946  -73.40650      2.060      2.045    21.2829    30.9479      8.170     1.5862 5.4865e+00  1021.3458    21.2825    21.3368     7.7938    238.471    7.39891  226.38884    105.337 -9.990e-29
   40.56946  -73.40650      2.060      2.045    21.2833    30.9478      8.170     1.5862 5.4288e+00  1021.3455    21.2829    21.3367     7.7944    238.490    7.39893  226.38941    105.345 -9.990e-29
   40.56946  -73.40650      2.060      2.045    21.2834    30.9477      8.170     1.5862 5.3336e+00  1021.3455    21.2830    21.3366     7.7950    238.507    7.39894  226.38967    105.352 -9.990e-29
   40.56946  -73.40650      2.060      2.045    21.2837    30.9477      8.170     1.5862 5.2959e+00  1021.3454    21.2833    21.3365     7.7955    238.523    7.39893  226.38949    105.360 -9.990e-29
   40.56946  -73.40650      2.051      2.035    21.2835    30.9477      8.170     1.5862 6.4797e+00  1021.3453    21.2831    21.3365     7.7960    238.538    7.39889  226.38814    105.367 -9.990e-29
   40.56946  -73.40650      2.060      2.045    21.2837    30.9477      8.170     1.5862 1.0709e+01  1021.3454    21.2833    21.3365     7.7965    238.554    7.39890  226.38837    105.374 -9.990e-29
   40.56946  -73.40650      2.051      2.035    21.2837    30.9476      8.170     1.5862 1.2692e+01  1021.3455    21.2833    21.3364     7.7969    238.568    7.39884  226.38683    105.381 -9.990e-29
   40.56946  -73.40650      2.060      2.045    21.2839    30.9475      8.170     1.5862 1.2073e+01  1021.3451    21.2835    21.3363     7.7971    238.572    7.39887  226.38759    105.382 -9.990e-29
   40.56946  -73.40650      2.052      2.036    21.2840    30.9474      8.170     1.5862 9.7929e+00  1021.3451    21.2836    21.3363     7.8015    238.707    7.39884  226.38667    105.442 -9.990e-29
   40.56946  -73.40650      2.051      2.035    21.2837    30.9474      8.170     1.5862 9.0047e+00  1021.3452    21.2833    21.3363     7.7979    238.598    7.39884  226.38667    105.394 -9.990e-29
   40.56946  -73.40650      2.060      2.045    21.2839    30.9475      8.170     1.5862 8.4919e+00  1021.3451    21.2835    21.3363     7.7983    238.609    7.39881  226.38566    105.399 -9.990e-29
   40.56946  -73.40650      2.060      2.045    21.2840    30.9476      8.170     1.5862 5.5447e+00  1021.3453    21.2836    21.3364     7.7987    238.620    7.39882  226.38613    105.404 -9.990e-29
   40.56946  -73.40650      2.051      2.035    21.2839    30.9476      8.170     1.5862 4.4686e+00  1021.3453    21.2835    21.3364     7.7991    238.632    7.39883  226.38654    105.409 -9.990e-29
   40.56946  -73.40650      2.051      2.035    21.2838    30.9475      8.170     1.5862 4.4357e+00  1021.3451    21.2834    21.3363     7.7994    238.643    7.39883  226.38639    105.414 -9.990e-29
   40.56946  -73.40650      2.060      2.045    21.2840    30.9474      8.170     1.5862 5.1473e+00  1021.3451    21.2836    21.3362     7.7998    238.654    7.39885  226.38703    105.419 -9.990e-29
   40.56946  -73.40650      2.051      2.035    21.2839    30.9473      8.170     1.5862 5.5838e+00  1021.3451    21.2835    21.3361     7.8044    238.797    7.39884  226.38669    105.482 -9.990e-29
   40.56946  -73.40650      2.060      2.045    21.2840    30.9473      8.170     1.5862 5.6231e+00  1021.3450    21.2836    21.3361     7.8003    238.672    7.39881  226.38597    105.427 -9.990e-29
   40.56946  -73.40650      2.052      2.036    21.2838    30.9473      8.170     1.5862 8.3540e+00  1021.3451    21.2834    21.3361     7.8006    238.681    7.39885  226.38704    105.431 -9.990e-29
   40.56946  -73.40650      2.051      2.035    21.2841    30.9472      8.170     1.5325 1.1265e+01  1021.3449    21.2837    21.3360     7.8052    238.822    7.39885  226.38702    105.493 -9.990e-29
   40.56946  -73.40650      2.060      2.045    21.2840    30.9472      8.170     1.4519 1.1810e+01  1021.3450    21.2836    21.3360     7.8058    238.839    7.39885  226.38708    105.500 -9.990e-29
   40.56946  -73.40650      2.051      2.035    21.2839    30.9472      8.170     1.4250 8.4641e+00  1021.3449    21.2835    21.3360     7.8064    238.857    7.39885  226.38727    105.508 -9.990e-29
   40.56946  -73.40650      2.060      2.045    21.2840    30.9472      8.170     1.4385 5.9871e+00  1021.3449    21.2836    21.3361     7.8069    238.872    7.39884  226.38679    105.515 -9.990e-29
   40.56946  -73.40650      2.060      2.045    21.2838    30.9474      8.170     1.4385 5.5838e+00  1021.3453    21.2834    21.3362     7.8027    238.743    7.39886  226.38750    105.458 -9.990e-29
   40.56946  -73.40650      2.051      2.035    21.2839    30.9474      8.170     1.4385 6.1761e+00  1021.3451    21.2835    21.3362     7.8067    238.868    7.39884  226.38690    105.513 -9.990e-29
   40.56946  -73.40650      2.060      2.045    21.2840    30.9474      8.170     1.4385 7.0289e+00  1021.3450    21.2836    21.3362     7.8068    238.870    7.39887  226.38759    105.514 -9.990e-29
   40.56946  -73.40650      2.051      2.035    21.2838    30.9474      8.170     1.4385 7.2689e+00  1021.3452    21.2834    21.3362     7.8025    238.737    7.39887  226.38759    105.455 -9.990e-29
   40.56946  -73.40650      2.062      2.046    21.2837    30.9474      8.170     1.4385 8.0573e+00  1021.3452    21.2833    21.3362     7.8065    238.859    7.39889  226.38827    105.509 -9.990e-29
   40.56946  -73.40650      2.051      2.035    21.2838    30.9473      8.170     1.4385 1.0047e+01  1021.3449    21.2834    21.3362     7.8064    238.857    7.39888  226.38801    105.508 -9.990e-29
   40.56946  -73.40650      2.060      2.045    21.2837    30.9473      8.170     1.4519 1.0743e+01  1021.3451    21.2833    21.3362     7.8063    238.854    7.39888  226.38811    105.506 -9.990e-29
   40.56946  -73.40650      2.060      2.045    21.2837    30.9474      8.170     1.4385 1.0811e+01  1021.3452    21.2833    21.3362     7.8105    238.983    7.39889  226.38850    105.563 -9.990e-29
   40.56946  -73.40650      2.060      2.045    21.2838    30.9474      8.170     1.4385 1.1054e+01  1021.3451    21.2834    21.3362     7.8063    238.854    7.39891  226.38899    105.506 -9.990e-29
   40.56946  -73.40650      2.051      2.035    21.2837    30.9474      8.170     1.4385 1.1194e+01  1021.3451    21.2833    21.3362     7.8061    238.847    7.39892  226.38942    105.503 -9.990e-29
   40.56946  -73.40650      2.060      2.045    21.2837    30.9473      8.170     1.4385 9.9512e+00  1021.3452    21.2833    21.3362     7.8058    238.839    7.39895  226.39012    105.499 -9.990e-29
   40.56946  -73.40650      2.060      2.045    21.2838    30.9472      8.170     1.4519 4.9840e+00  1021.3450    21.2834    21.3362     7.8055    238.828    7.39897  226.39069    105.494 -9.990e-29
   40.56946  -73.40650      2.060      2.045    21.2837    30.9472      8.170     1.4385 3.5456e+00  1021.3451    21.2833    21.3362     7.8051    238.816    7.39896  226.39046    105.489 -9.990e-29
   40.56946  -73.40650      2.062      2.046    21.2837    30.9472      8.170     1.4519 3.6295e+00  1021.3451    21.2833    21.3362     7.8047    238.804    7.39900  226.39172    105.483 -9.990e-29
   40.56946  -73.40650      2.060      2.045    21.2837    30.9472      8.170     1.4385 6.1548e+00  1021.3450    21.2833    21.3362     7.8045    238.800    7.39897  226.39083    105.481 -9.990e-29
   40.56946  -73.40650      2.060      2.045    21.2838    30.9473      8.170     1.4385 8.0573e+00  1021.3450    21.2834    21.3362     7.8044    238.795    7.39897  226.39084    105.479 -9.990e-29
