CalculateIndicators/WaterTemperature/Data/CTD_NYOS/20240710_25.cnv
* Sea-Bird SBE 9 Data File:
* FileName = C:\Seabird 9 CTD\Data\2024\202407_offshore\20240710_25.hex
* Software Version Seasave V 7.23.2
* Temperature SN = 4590
* Conductivity SN = 3228
* Number of Bytes Per Scan = 44
* Number of Voltage Words = 5
* Number of Scans Averaged by the Deck Unit = 1
* NMEA Latitude = 40 53.51 N
* NMEA Longitude = 072 12.44 W
* NMEA UTC (Time) = Jul 10 2024  23:51:27
* NMEA baud rate = 4800
** Ship: seawolf
** Station: 11.1
** Operator: SJW
# nquan = 18
# nvalues = 8543                        
# units = specified
# name 0 = latitude: Latitude [deg]
# name 1 = longitude: Longitude [deg]
# name 2 = prDM: Pressure, Digiquartz [db]
# name 3 = depSM: Depth [salt water, m]
# name 4 = t090C: Temperature [ITS-90, deg C]
# name 5 = sal00: Salinity, Practical [PSU]
# name 6 = ph: pH
# name 7 = flECO-AFL: Fluorescence, WET Labs ECO-AFL/FL [mg/m^3]
# name 8 = cpar: CPAR/Corrected Irradiance [%]
# name 9 = density00: Density [density, kg/m^3]
# name 10 = potemp090C: Potential Temperature [ITS-90, deg C]
# name 11 = sigma-é00: Density [sigma-theta, kg/m^3]
# name 12 = sbeox0Mg/L: Oxygen, SBE 43 [mg/l]
# name 13 = sbox0Mm/Kg: Oxygen, SBE 43 [umol/kg]
# name 14 = oxsolMg/L: Oxygen Saturation, Garcia & Gordon [mg/l]
# name 15 = oxsolMm/Kg: Oxygen Saturation, Garcia & Gordon [umol/kg]
# name 16 = sbeox0PS: Oxygen, SBE 43 [% saturation]
# name 17 = flag:  0.000e+00
# span 0 =   40.89194,   40.89264       
# span 1 =  -72.20762,  -72.20740       
# span 2 =      1.212,     19.854       
# span 3 =      1.203,     19.699       
# span 4 =    15.0505,    19.8727       
# span 5 =    29.8058,    30.8608       
# span 6 =      7.892,      8.023       
# span 7 =     1.0758,     1.9354       
# span 8 = 4.6459e-13, 7.7638e+01       
# span 9 =  1020.6914,  1022.7056       
# span 10 =    15.0476,    19.8723      
# span 11 =    20.8136,    22.6231      
# span 12 =     7.3835,     8.5620      
# span 13 =    225.704,    261.892      
# span 14 =    7.62831,    8.34940      
# span 15 =  233.46058,  255.16193      
# span 16 =     89.677,    108.578      
# span 17 = 0.0000e+00, 0.0000e+00      
# interval = seconds: 0.0416667
# start_time = Jul 10 2024 23:51:27 [System UTC, first data scan.]
# bad_flag = -9.990e-29
*END*
[from data line 1689]
   40.89204  -72.20742     19.306     19.155    15.0931    30.6129 -9.990e-29     1.1027 9.8850e-03  1022.6599    15.0903    22.5737     7.5059    229.391    8.33661  254.77712     90.036 -9.990e-29
   40.89204  -72.20742     19.306     19.155    15.0953    30.6129 -9.990e-29     1.1161 9.9641e-03  1022.6585    15.0925    22.5731     7.5067    229.413    8.33687  254.78492     90.042 -9.990e-29
   40.89204  -72.20742     19.285     19.135    15.0973    30.6127 -9.990e-29     1.1161 1.0837e-02  1022.6576    15.0945    22.5723     7.5074    229.436    8.33715  254.79328     90.048 -9.990e-29
   40.89204  -72.20742     19.273     19.122    15.0991    30.6127 -9.990e-29     1.1161 1.1335e-02  1022.6569    15.0963    22.5718     7.5082    229.458    8.33740  254.80077     90.054 -9.990e-29
   40.89204  -72.20742     19.264     19.114    15.0999    30.6127 -9.990e-29     1.1161 1.1664e-02  1022.6569    15.0971    22.5715     7.5089    229.480    8.33764  254.80775     90.060 -9.990e-29
   40.89204  -72.20742     19.255     19.105    15.1016    30.6130 -9.990e-29     1.1161 1.2473e-02  1022.6568    15.0988    22.5715     7.5095    229.500    8.33780  254.81240     90.066 -9.990e-29
   40.89204  -72.20742     19.244     19.094    15.1035    30.6134 -9.990e-29     1.1161 1.3133e-02  1022.6570    15.1007    22.5715     7.5103    229.522    8.33805  254.81978     90.072 -9.990e-29
   40.89204  -72.20742     19.244     19.094    15.1064    30.6134 -9.990e-29     1.1161 1.3272e-02  1022.6564    15.1036    22.5710     7.5110    229.543    8.33825  254.82598     90.078 -9.990e-29
   40.89204  -72.20742     19.223     19.073    15.1095    30.6134 -9.990e-29     1.1161 1.3389e-02  1022.6556    15.1067    22.5704     7.5116    229.564    8.33844  254.83157     90.085 -9.990e-29
   40.89204  -72.20742     19.213     19.064    15.1119    30.6131 -9.990e-29     1.1161 1.3529e-02  1022.6548    15.1091    22.5695     7.5117    229.565    8.33857  254.83514     90.084 -9.990e-29
   40.89204  -72.20742     19.193     19.043    15.1144    30.6123 -9.990e-29     1.1161 1.3529e-02  1022.6534    15.1116    22.5683     7.5122    229.581    8.33862  254.83619     90.090 -9.990e-29
 -9.990e-29  -72.20742     19.204     19.054    15.1165    30.6115      7.959     1.1027 1.2416e-02  1022.6521    15.1137    22.5673     7.5177    229.749    8.33858  254.83457     90.156 -9.990e-29
 -9.990e-29  -72.20742     19.174     19.024    15.1180    30.6110      7.959     1.1430 1.1096e-02  1022.6515    15.1152    22.5665     7.5128    229.598    8.33828  254.82440     90.101 -9.990e-29
 -9.990e-29  -72.20742     19.183     19.034    15.1197    30.6108      7.959     1.1967 1.0606e-02  1022.6509    15.1169    22.5660     7.5129    229.599    8.33788  254.81123     90.106 -9.990e-29
 -9.990e-29  -72.20742     19.161     19.012    15.1209    30.6107      7.959     1.2101 1.1432e-02  1022.6507    15.1181    22.5657     7.5130    229.602    8.33749  254.79973     90.111 -9.990e-29
 -9.990e-29  -72.20742     19.153     19.004    15.1226    30.6105      7.959     1.2101 1.2800e-02  1022.6502    15.1198    22.5652     7.5132    229.610    8.33728  254.79429     90.116 -9.990e-29
 -9.990e-29  -72.20742     19.143     18.994    15.1238    30.6101      7.959     1.2101 1.2987e-02  1022.6494    15.1210    22.5646     7.5138    229.628    8.33742  254.79938     90.121 -9.990e-29
 -9.990e-29  -72.20742     19.143     18.994    15.1251    30.6097      7.959     1.2101 1.2853e-02  1022.6489    15.1223    22.5640     7.5144    229.649    8.33768  254.80808     90.126 -9.990e-29
 -9.990e-29  -72.20742     19.132     18.983    15.1261    30.6097      7.959     1.2101 1.2853e-02  1022.6482    15.1234    22.5636     7.5146    229.654    8.33799  254.81772     90.125 -9.990e-29
 -9.990e-29  -72.20742     19.121     18.972    15.1270    30.6097      7.959     1.2101 1.2853e-02  1022.6479    15.1242    22.5633     7.5148    229.660    8.33834  254.82846     90.123 -9.990e-29
 -9.990e-29  -72.20742     19.112     18.963    15.1280    30.6098      7.959     1.2101 1.3256e-02  1022.6479    15.1252    22.5635     7.5150    229.667    8.33877  254.84142     90.122 -9.990e-29
 -9.990e-29  -72.20742     19.112     18.963    15.1289    30.6107      7.959     1.2101 1.5154e-02  1022.6488    15.1261    22.5638     7.5152    229.674    8.33920  254.85479     90.120 -9.990e-29
 -9.990e-29  -72.20742     19.102     18.953    15.1306    30.6114      7.959     1.2101 1.6141e-02  1022.6489    15.1278    22.5641     7.5155    229.681    8.33968  254.86919     90.117 -9.990e-29
 -9.990e-29  -72.20742     19.092     18.944    15.1323    30.6118      7.959     1.2101 1.6128e-02  1022.6486    15.1295    22.5641     7.5155    229.682    8.33996  254.87722     90.115 -9.990e-29
 -9.990e-29  -72.20742     19.102     18.953    15.1339    30.6122      7.959     1.2101 1.4784e-02  1022.6489    15.1311    22.5641     7.5155    229.679    8.34015  254.88261     90.112 -9.990e-29
 -9.990e-29  -72.20742     19.080     18.931    15.1356    30.6122      7.959     1.2101 1.4058e-02  1022.6486    15.1328    22.5639     7.5153    229.676    8.34031  254.88733     90.109 -9.990e-29
 -9.990e-29  -72.20742     19.081     18.933    15.1373    30.6122      7.959     1.2101 1.3812e-02  1022.6482    15.1346    22.5634     7.5151    229.669    8.34040  254.88982     90.105 -9.990e-29
 -9.990e-29  -72.20742     19.092     18.944    15.1387    30.6116      7.959     1.2101 1.4798e-02  1022.6473    15.1359    22.5626     7.5149    229.662    8.34050  254.89282     90.101 -9.990e-29
 -9.990e-29  -72.20742     19.072     18.923    15.1397    30.6107      7.959     1.2101 1.5794e-02  1022.6462    15.1369    22.5617     7.5152    229.672    8.34062  254.89635     90.104 -9.990e-29
 -9.990e-29  -72.20742     19.072     18.923    15.1403    30.6096      7.959     1.2101 1.6398e-02  1022.6455    15.1375    22.5608     7.5150    229.664    8.34071  254.89904     90.100 -9.990e-29
 -9.990e-29  -72.20742     19.081     18.933    15.1408    30.6084      7.959     1.2101 1.7678e-02  1022.6441    15.1381    22.5597     7.5096    229.501    8.34079  254.90143     90.035 -9.990e-29
 -9.990e-29  -72.20742     19.070     18.922    15.1408    30.6073      7.959     1.2101 1.8331e-02  1022.6432    15.1380    22.5589     7.5139    229.631    8.34090  254.90473     90.085 -9.990e-29
 -9.990e-29  -72.20742     19.072     18.923    15.1410    30.6067      7.959     1.2101 1.8496e-02  1022.6427    15.1382    22.5584     7.5137    229.627    8.34115  254.91289     90.080 -9.990e-29
 -9.990e-29  -72.20742     19.072     18.923    15.1411    30.6065      7.959     1.2101 1.7686e-02  1022.6427    15.1383    22.5582     7.5135    229.621    8.34139  254.92017     90.076 -9.990e-29
 -9.990e-29  -72.20742     19.072     18.923    15.1414    30.6063      7.959     1.2101 1.6875e-02  1022.6426    15.1386    22.5580     7.5133    229.613    8.34156  254.92566     90.071 -9.990e-29
 -9.990e-29  -72.20742     19.062     18.914    15.1413    30.6058      7.959     1.2101 1.6239e-02  1022.6423    15.1385    22.5576     7.5136    229.622    8.34178  254.93267     90.072 -9.990e-29
 -9.990e-29  -72.20742     19.080     18.931    15.1414    30.6047      7.959     1.2101 1.5474e-02  1022.6413    15.1386    22.5567     7.5141    229.639    8.34224  254.94698     90.073 -9.990e-29
 -9.990e-29  -72.20742     19.072     18.923    15.1410    30.6034      7.959     1.1967 1.4167e-02  1022.6401    15.1382    22.5558     7.5143    229.646    8.34297  254.96993     90.068 -9.990e-29
 -9.990e-29  -72.20742     19.072     18.923    15.1406    30.6029      7.959     1.1967 1.3507e-02  1022.6394    15.1378    22.5552     7.5146    229.654    8.34373  254.99333     90.063 -9.990e-29
 -9.990e-29  -72.20742     19.081     18.933    15.1397    30.6029      7.959     1.1967 1.3158e-02  1022.6396    15.1369    22.5553     7.5152    229.672    8.34434  255.01119     90.064 -9.990e-29
 -9.990e-29  -72.20742     19.081     18.933    15.1387    30.6029      7.959     1.1967 1.3182e-02  1022.6404    15.1359    22.5558     7.5100    229.514    8.34477  255.02356     89.997 -9.990e-29
 -9.990e-29  -72.20742     19.081     18.933    15.1378    30.6029      7.959     1.1967 1.3071e-02  1022.6414    15.1350    22.5564     7.5093    229.490    8.34504  255.03145     89.985 -9.990e-29
 -9.990e-29  -72.20742     19.091     18.942    15.1375    30.6029      7.959     1.1833 1.3755e-02  1022.6414    15.1347    22.5565     7.5090    229.482    8.34528  255.03834     89.979 -9.990e-29
 -9.990e-29  -72.20742     19.102     18.953    15.1371    30.6023      7.959     1.1967 1.5592e-02  1022.6410    15.1343    22.5558     7.5138    229.626    8.34542  255.04224     90.035 -9.990e-29
 -9.990e-29  -72.20742     19.102     18.953    15.1368    30.6003      7.959     1.1967 1.6592e-02  1022.6392    15.1341    22.5543     7.5088    229.474    8.34544  255.04236     89.975 -9.990e-29
 -9.990e-29  -72.20742     19.102     18.953    15.1361    30.5979      7.959     1.1967 1.6301e-02  1022.6369    15.1333    22.5527     7.5135    229.617    8.34549  255.04351     90.030 -9.990e-29
 -9.990e-29  -72.20742     19.112     18.963    15.1347    30.5960      7.959     1.1967 1.4310e-02  1022.6359    15.1319    22.5515     7.5084    229.462    8.34541  255.04064     89.971 -9.990e-29
 -9.990e-29  -72.20742     19.123     18.974    15.1332    30.5952      7.954     1.1967 1.3595e-02  1022.6353    15.1304    22.5510     7.5129    229.597    8.34516  255.03270     90.027 -9.990e-29
 -9.990e-29  -72.20742     19.121     18.972    15.1312    30.5952      7.959     1.1967 1.3595e-02  1022.6359    15.1285    22.5512     7.5127    229.594    8.34491  255.02506     90.028 -9.990e-29
 -9.990e-29  -72.20742     19.143     18.994    15.1296    30.5952      7.954     1.1967 1.3713e-02  1022.6365    15.1268    22.5518     7.5076    229.435    8.34465  255.01697     89.969 -9.990e-29
 -9.990e-29  -72.20742     19.143     18.994    15.1277    30.5958      7.959     1.1967 1.3713e-02  1022.6376    15.1249    22.5527     7.5120    229.571    8.34440  255.00936     90.024 -9.990e-29
 -9.990e-29  -72.20742     19.153     19.004    15.1260    30.5965      7.959     1.1967 1.3832e-02  1022.6383    15.1232    22.5537     7.5120    229.571    8.34426  255.00563     90.026 -9.990e-29
 -9.990e-29  -72.20742     19.162     19.013    15.1241    30.5975      7.959     1.1967 1.4827e-02  1022.6399    15.1213    22.5547     7.5121    229.575    8.34423  255.00480     90.028 -9.990e-29
 -9.990e-29  -72.20742     19.172     19.023    15.1229    30.5982      7.959     1.1967 1.5695e-02  1022.6408    15.1202    22.5556     7.5122    229.578    8.34419  255.00362     90.029 -9.990e-29
 -9.990e-29  -72.20742     19.183     19.034    15.1214    30.5984      7.959     1.1967 1.5980e-02  1022.6414    15.1186    22.5561     7.5073    229.428    8.34422  255.00479     89.970 -9.990e-29
 -9.990e-29  -72.20742     19.193     19.043    15.1204    30.5986      7.959     1.1967 1.5393e-02  1022.6412    15.1176    22.5565     7.5070    229.419    8.34428  255.00678     89.966 -9.990e-29
 -9.990e-29  -72.20742     19.213     19.064    15.1190    30.5993      7.959     1.1967 1.4812e-02  1022.6421    15.1162    22.5573     7.5117    229.563    8.34432  255.00790     90.022 -9.990e-29
 -9.990e-29  -72.20742     19.213     19.064    15.1176    30.6009      7.954     1.1967 1.4943e-02  1022.6439    15.1148    22.5588     7.5068    229.414    8.34430  255.00733     89.964 -9.990e-29
 -9.990e-29  -72.20742     19.224     19.075    15.1168    30.6031      7.959     1.1967 1.4364e-02  1022.6455    15.1140    22.5606     7.5065    229.404    8.34431  255.00759     89.959 -9.990e-29
 -9.990e-29  -72.20742     19.242     19.092    15.1161    30.6062      7.954     1.1967 1.3649e-02  1022.6479    15.1133    22.5632     7.5062    229.395    8.34432  255.00790     89.956 -9.990e-29
 -9.990e-29  -72.20742     19.255     19.105    15.1163    30.6102      7.954     1.1967 1.3366e-02  1022.6520    15.1135    22.5662     7.5064    229.401    8.34425  255.00559     89.959 -9.990e-29
 -9.990e-29  -72.20742     19.264     19.114    15.1173    30.6102      7.959     1.1967 1.3791e-02  1022.6554    15.1145    22.5681     7.5061    229.391    8.34417  255.00285     89.956 -9.990e-29
 -9.990e-29  -72.20742     19.285     19.135    15.1200    30.6102      7.954     1.1967 1.4364e-02  1022.6539    15.1172    22.5672     7.5058    229.381    8.34406  254.99985     89.953 -9.990e-29
 -9.990e-29  -72.20742     19.295     19.144    15.1228    30.6094      7.959     1.1967 1.4508e-02  1022.6497    15.1200    22.5645     7.5055    229.372    8.34397  254.99691     89.951 -9.990e-29
 -9.990e-29  -72.20742     19.314     19.163    15.1231    30.6058      7.959     1.1967 1.4220e-02  1022.6468    15.1203    22.5616     7.5053    229.366    8.34394  254.99603     89.949 -9.990e-29
 -9.990e-29  -72.20742     19.325     19.174    15.1224    30.6029      7.959     1.1967 1.3649e-02  1022.6446    15.1196    22.5594     7.4999    229.203    8.34382  254.99251     89.886 -9.990e-29
 -9.990e-29  -72.20742     19.336     19.185    15.1212    30.6011      7.959     1.1967 1.3366e-02  1022.6434    15.1184    22.5583     7.5042    229.333    8.34368  254.98792     89.939 -9.990e-29
 -9.990e-29  -72.20742     19.355     19.204    15.1192    30.6002      7.954     1.1967 1.3366e-02  1022.6436    15.1164    22.5580     7.5040    229.326    8.34352  254.98276     89.938 -9.990e-29
 -9.990e-29  -72.20742     19.366     19.215    15.1168    30.5995      7.954     1.1967 1.3366e-02  1022.6438    15.1140    22.5579     7.5038    229.320    8.34338  254.97862     89.937 -9.990e-29
 -9.990e-29  -72.20742     19.384     19.233    15.1146    30.5995      7.959     1.1967 1.3366e-02  1022.6435    15.1117    22.5580     7.5036    229.315    8.34325  254.97459     89.936 -9.990e-29
 -9.990e-29  -72.20742     19.396     19.245    15.1117    30.5995      7.954     1.1967 1.3366e-02  1022.6443    15.1088    22.5587     7.5085    229.463    8.34307  254.96920     89.996 -9.990e-29
 -9.990e-29  -72.20742     19.417     19.266    15.1095    30.6004      7.959     1.1967 1.2665e-02  1022.6461    15.1067    22.5601     7.5037    229.317    8.34283  254.96182     89.942 -9.990e-29
 -9.990e-29  -72.20742     19.438     19.286    15.1078    30.6020      7.959     1.1967 1.2249e-02  1022.6481    15.1049    22.5617     7.5034    229.308    8.34253  254.95283     89.942 -9.990e-29
 -9.990e-29  -72.20742     19.456     19.304    15.1063    30.6033      7.959     1.1967 1.2249e-02  1022.6497    15.1034    22.5630     7.5031    229.300    8.34223  254.94358     89.942 -9.990e-29
 -9.990e-29  -72.20742     19.468     19.316    15.1057    30.6040      7.959     1.1967 1.1597e-02  1022.6501    15.1028    22.5638     7.5028    229.291    8.34188  254.93289     89.942 -9.990e-29
 -9.990e-29  -72.20742     19.478     19.326    15.1049    30.6044      7.959     1.1967 1.1193e-02  1022.6506    15.1021    22.5642     7.4974    229.126    8.34145  254.91956     89.882 -9.990e-29
 -9.990e-29  -72.20742     19.508     19.356    15.1042    30.6047      7.959     1.1967 1.1193e-02  1022.6511    15.1013    22.5647     7.5017    229.257    8.34107  254.90810     89.937 -9.990e-29
 -9.990e-29  -72.20742     19.508     19.356    15.1035    30.6047      7.959     1.1967 9.8701e-03  1022.6515    15.1007    22.5649     7.5015    229.250    8.34071  254.89714     89.938 -9.990e-29
 -9.990e-29  -72.20742     19.537     19.385    15.1031    30.6047      7.954     1.1967 8.7108e-03  1022.6516    15.1002    22.5649     7.5012    229.243    8.34030  254.88514     89.940 -9.990e-29
