CalculateIndicators/WaterTemperature/Data/CTD_NYOS/20240427_C16.cnv
* Sea-Bird SBE 9 Data File:
* FileName = C:\Seabird 9 CTD\Data\2024\202404_offshore\20240427_C16.hex
* Software Version Seasave V 7.23.2
* Temperature SN = 4590
* Conductivity SN = 3228
* Number of Bytes Per Scan = 44
* Number of Voltage Words = 5
* Number of Scans Averaged by the Deck Unit = 1
* NMEA Latitude = 39 59.86 N
* NMEA Longitude = 072 32.38 W
* NMEA UTC (Time) = Apr 27 2024  19:47:10
* NMEA baud rate = 4800
** Ship: Seawolf
** Station: 9.4
** Operator: TCM
# nquan = 18
# nvalues = 13206                       
# units = specified
# name 0 = latitude: Latitude [deg]
# name 1 = longitude: Longitude [deg]
# name 2 = prDM: Pressure, Digiquartz [db]
# name 3 = depSM: Depth [salt water, m]
# name 4 = t090C: Temperature [ITS-90, deg C]
# name 5 = sal00: Salinity, Practical [PSU]
# name 6 = ph: pH
# name 7 = flECO-AFL: Fluorescence, WET Labs ECO-AFL/FL [mg/m^3]
# name 8 = cpar: CPAR/Corrected Irradiance [%]
# name 9 = density00: Density [density, kg/m^3]
# name 10 = potemp090C: Potential Temperature [ITS-90, deg C]
# name 11 = sigma-é00: Density [sigma-theta, kg/m^3]
# name 12 = sbeox0Mg/L: Oxygen, SBE 43 [mg/l]
# name 13 = sbox0Mm/Kg: Oxygen, SBE 43 [umol/kg]
# name 14 = oxsolMg/L: Oxygen Saturation, Garcia & Gordon [mg/l]
# name 15 = oxsolMm/Kg: Oxygen Saturation, Garcia & Gordon [umol/kg]
# name 16 = sbeox0PS: Oxygen, SBE 43 [% saturation]
# name 17 = flag:  0.000e+00
# span 0 =   39.99782,   39.99894       
# span 1 =  -72.54004,  -72.53966       
# span 2 =      2.158,     61.573       
# span 3 =      2.141,     61.092       
# span 4 =     6.1452,     8.4352       
# span 5 =    31.7636,    31.9349       
# span 6 =      7.932,      8.056       
# span 7 =     0.0416,     1.7205       
# span 8 = 4.3208e-14, 1.4406e+02       
# span 9 =  1024.7071,  1025.3980       
# span 10 =     6.1406,     8.4349      
# span 11 =    24.6900,    25.1136      
# span 12 =     9.2795,    10.3121      
# span 13 =    282.886,    314.464      
# span 14 =    9.53647,   10.04229      
# span 15 =  290.83553,  306.13866      
# span 16 =     92.413,    106.887      
# span 17 = 0.0000e+00, 0.0000e+00      
# interval = seconds: 0.0416667
# start_time = Apr 27 2024 19:47:11 [System UTC, first data scan.]
# bad_flag = -9.990e-29
*END*
[from data line 10614]
   39.99874  -72.53998     10.043      9.966     7.8762    31.8034 -9.990e-29     1.3982 6.8919e+00  1024.8280     7.8752    24.7820    10.2727    313.265    9.65894  294.54678    106.355 -9.990e-29
   39.99874  -72.53998     10.034      9.957     7.8768    31.8040 -9.990e-29     1.3982 6.8469e+00  1024.8285     7.8759    24.7824    10.2745    313.319    9.65919  294.55433    106.371 -9.990e-29
   39.99874  -72.53998     10.034      9.957     7.8781    31.8045 -9.990e-29     1.3982 6.8277e+00  1024.8285     7.8771    24.7826    10.2755    313.348    9.65947  294.56285    106.377 -9.990e-29
   39.99874  -72.53998     10.043      9.966     7.8787    31.8048 -9.990e-29     1.3982 6.6383e+00  1024.8288     7.8778    24.7827    10.2762    313.370    9.65962  294.56737    106.383 -9.990e-29
   39.99874  -72.53998     10.044      9.966     7.8797    31.8049 -9.990e-29     1.3982 6.5640e+00  1024.8289     7.8788    24.7827    10.2769    313.391    9.65975  294.57117    106.389 -9.990e-29
   39.99874  -72.53998     10.044      9.966     7.8802    31.8047 -9.990e-29     1.3982 6.5516e+00  1024.8287     7.8793    24.7825    10.2774    313.407    9.65979  294.57243    106.394 -9.990e-29
   39.99874  -72.53998     10.044      9.966     7.8808    31.8041 -9.990e-29     1.3982 6.3163e+00  1024.8278     7.8799    24.7819    10.2779    313.421    9.65981  294.57281    106.398 -9.990e-29
   39.99874  -72.53998     10.055      9.977     7.8812    31.8033 -9.990e-29     1.3982 6.1758e+00  1024.8272     7.8802    24.7812    10.2784    313.436    9.65988  294.57492    106.403 -9.990e-29
   39.99874  -72.53998     10.044      9.966     7.8812    31.8025 -9.990e-29     1.3982 6.1584e+00  1024.8264     7.8802    24.7807    10.2788    313.449    9.65990  294.57562    106.407 -9.990e-29
   39.99874  -72.53998     10.064      9.987     7.8804    31.8020 -9.990e-29     1.3982 6.0044e+00  1024.8265     7.8794    24.7803    10.2791    313.456    9.65984  294.57379    106.410 -9.990e-29
   39.99874  -72.53998     10.064      9.987     7.8804    31.8016 -9.990e-29     1.3982 5.8928e+00  1024.8260     7.8795    24.7801    10.2794    313.467    9.65988  294.57482    106.413 -9.990e-29
   39.99874  -72.53998     10.074      9.996     7.8799    31.8014 -9.990e-29     1.3982 5.8651e+00  1024.8259     7.8790    24.7799    10.2806    313.502    9.65986  294.57413    106.426 -9.990e-29
   39.99874  -72.53998     10.085     10.007     7.8794    31.8013 -9.990e-29     1.3982 5.7399e+00  1024.8261     7.8784    24.7799    10.2808    313.511    9.65988  294.57498    106.428 -9.990e-29
   39.99874  -72.53998     10.094     10.017     7.8787    31.8014 -9.990e-29     1.3982 5.6015e+00  1024.8261     7.8778    24.7801    10.2810    313.517    9.65986  294.57438    106.430 -9.990e-29
   39.99874  -72.53998     10.094     10.017     7.8779    31.8016 -9.990e-29     1.3982 5.5806e+00  1024.8268     7.8770    24.7803    10.2874    313.711    9.65989  294.57526    106.496 -9.990e-29
   39.99874  -72.53998     10.104     10.026     7.8778    31.8016 -9.990e-29     1.3982 5.5182e+00  1024.8267     7.8768    24.7804    10.2884    313.742    9.65990  294.57536    106.506 -9.990e-29
   39.99874  -72.53998     10.125     10.047     7.8776    31.8016 -9.990e-29     1.4116 5.4308e+00  1024.8268     7.8767    24.7805    10.2841    313.609    9.65990  294.57523    106.461 -9.990e-29
   39.99874  -72.53998     10.136     10.058     7.8770    31.8017 -9.990e-29     1.4116 5.4004e+00  1024.8270     7.8760    24.7806    10.2901    313.793    9.65977  294.57131    106.525 -9.990e-29
   39.99874  -72.53998     10.145     10.067     7.8768    31.8018 -9.990e-29     1.4116 5.3951e+00  1024.8270     7.8759    24.7807    10.2908    313.816    9.65967  294.56827    106.534 -9.990e-29
   39.99874  -72.53998     10.166     10.088     7.8763    31.8020 -9.990e-29     1.4116 5.3498e+00  1024.8275     7.8753    24.7809    10.2915    313.835    9.65956  294.56504    106.542 -9.990e-29
   39.99874  -72.53998     10.166     10.088     7.8760    31.8022 -9.990e-29     1.4116 5.3348e+00  1024.8276     7.8750    24.7811    10.2911    313.824    9.65944  294.56164    106.539 -9.990e-29
   39.99874  -72.53998     10.196     10.118     7.8760    31.8023 -9.990e-29     1.4116 5.3298e+00  1024.8278     7.8751    24.7812    10.2914    313.834    9.65924  294.55560    106.545 -9.990e-29
   39.99874  -72.53998     10.185     10.107     7.8753    31.8024 -9.990e-29     1.4116 5.3449e+00  1024.8281     7.8744    24.7813    10.2919    313.849    9.65921  294.55451    106.550 -9.990e-29
   39.99874  -72.53998     10.232     10.153     7.8753    31.8025 -9.990e-29     1.4116 5.3449e+00  1024.8283     7.8744    24.7814    10.2862    313.675    9.65926  294.55604    106.491 -9.990e-29
   39.99874  -72.53998     10.236     10.157     7.8755    31.8026 -9.990e-29     1.4116 5.3449e+00  1024.8283     7.8745    24.7815    10.2928    313.875    9.65921  294.55472    106.559 -9.990e-29
   39.99874  -72.53998     10.247     10.168     7.8752    31.8028 -9.990e-29     1.4116 5.4308e+00  1024.8286     7.8742    24.7816    10.2921    313.853    9.65907  294.55043    106.553 -9.990e-29
   39.99874  -72.53998     10.266     10.187     7.8750    31.8030 -9.990e-29     1.4116 5.4665e+00  1024.8288     7.8740    24.7818    10.2922    313.858    9.65898  294.54781    106.556 -9.990e-29
   39.99874  -72.53998     10.287     10.208     7.8750    31.8032 -9.990e-29     1.4116 5.4870e+00  1024.8291     7.8740    24.7820    10.2922    313.858    9.65884  294.54339    106.557 -9.990e-29
   39.99874  -72.53998     10.308     10.228     7.8750    31.8032 -9.990e-29     1.4116 5.5856e+00  1024.8293     7.8740    24.7820    10.2920    313.851    9.65856  294.53497    106.558 -9.990e-29
   39.99874  -72.53998     10.317     10.238     7.8748    31.8032 -9.990e-29     1.4116 5.6488e+00  1024.8292     7.8739    24.7820    10.2981    314.036    9.65845  294.53155    106.622 -9.990e-29
   39.99874  -72.53998     10.338     10.258     7.8748    31.8032 -9.990e-29     1.4116 5.6540e+00  1024.8294     7.8739    24.7820    10.2934    313.895    9.65830  294.52716    106.576 -9.990e-29
   39.99874  -72.53998     10.347     10.268     7.8748    31.8032 -9.990e-29     1.4116 5.7990e+00  1024.8293     7.8739    24.7820    10.3003    314.106    9.65827  294.52621    106.648 -9.990e-29
   39.99874  -72.53998     10.378     10.298     7.8748    31.8032 -9.990e-29     1.4116 5.9310e+00  1024.8296     7.8739    24.7821    10.3010    314.126    9.65825  294.52576    106.655 -9.990e-29
   39.99874  -72.53998     10.389     10.309     7.8747    31.8032 -9.990e-29     1.4116 5.9477e+00  1024.8297     7.8737    24.7821    10.2955    313.958    9.65831  294.52758    106.597 -9.990e-29
   39.99874  -72.53998     10.409     10.329     7.8748    31.8032 -9.990e-29     1.4116 6.0320e+00  1024.8297     7.8739    24.7821    10.2951    313.946    9.65831  294.52757    106.593 -9.990e-29
   39.99874  -72.53998     10.419     10.339     7.8745    31.8031 -9.990e-29     1.4116 6.1693e+00  1024.8297     7.8735    24.7820    10.3008    314.120    9.65830  294.52713    106.652 -9.990e-29
   39.99874  -72.53998     10.440     10.359     7.8740    31.8029 -9.990e-29     1.4116 6.1866e+00  1024.8297     7.8731    24.7819    10.2959    313.972    9.65834  294.52857    106.602 -9.990e-29
   39.99874  -72.53998     10.449     10.369     7.8742    31.8027 -9.990e-29     1.4116 6.2215e+00  1024.8296     7.8732    24.7818    10.3018    314.150    9.65854  294.53475    106.660 -9.990e-29
   39.99874  -72.53998     10.470     10.389     7.8740    31.8025 -9.990e-29     1.4116 6.2743e+00  1024.8296     7.8731    24.7817    10.3022    314.164    9.65877  294.54177    106.662 -9.990e-29
   39.99874  -72.53998     10.479     10.399     7.8737    31.8025 -9.990e-29     1.3982 6.2743e+00  1024.8296     7.8727    24.7817    10.3025    314.172    9.65894  294.54664    106.663 -9.990e-29
   39.99874  -72.53998     10.500     10.419     7.8732    31.8025 -9.990e-29     1.3713 6.2685e+00  1024.8299     7.8722    24.7818    10.3026    314.175    9.65906  294.55041    106.662 -9.990e-29
   39.99874  -72.53998     10.521     10.440     7.8732    31.8025 -9.990e-29     1.3713 6.2509e+00  1024.8299     7.8722    24.7818    10.3027    314.177    9.65924  294.55560    106.661 -9.990e-29
   39.99874  -72.53998     10.540     10.459     7.8727    31.8024 -9.990e-29     1.3713 6.2509e+00  1024.8300     7.8717    24.7818    10.3034    314.199    9.65928  294.55677    106.668 -9.990e-29
   39.99874  -72.53998     10.530     10.449     7.8722    31.8024 -9.990e-29     1.3713 6.2158e+00  1024.8299     7.8712    24.7818    10.3032    314.193    9.65939  294.56020    106.665 -9.990e-29
   39.99874  -72.53998     10.576     10.494     7.8719    31.8024 -9.990e-29     1.3713 6.1117e+00  1024.8303     7.8709    24.7818    10.3027    314.179    9.65940  294.56033    106.660 -9.990e-29
   39.99874  -72.53998     10.581     10.500     7.8718    31.8022 -9.990e-29     1.3713 6.0718e+00  1024.8302     7.8708    24.7817    10.3023    314.165    9.65947  294.56232    106.655 -9.990e-29
   39.99874  -72.53998     10.581     10.500     7.8716    31.8020 -9.990e-29     1.3713 6.0492e+00  1024.8300     7.8706    24.7816    10.3016    314.144    9.65943  294.56116    106.648 -9.990e-29
   39.99874  -72.53998     10.602     10.520     7.8708    31.8016 -9.990e-29     1.3713 5.9815e+00  1024.8299     7.8698    24.7814    10.3010    314.125    9.65956  294.56514    106.640 -9.990e-29
   39.99874  -72.53998     10.611     10.530     7.8698    31.8013 -9.990e-29     1.3713 5.9479e+00  1024.8297     7.8688    24.7813    10.3011    314.130    9.65965  294.56777    106.641 -9.990e-29
   39.99874  -72.53998     10.621     10.539     7.8687    31.8012 -9.990e-29     1.3713 5.9534e+00  1024.8299     7.8677    24.7814    10.3011    314.128    9.65963  294.56732    106.640 -9.990e-29
   39.99874  -72.53998     10.632     10.550     7.8673    31.8013 -9.990e-29     1.3713 5.8209e+00  1024.8303     7.8663    24.7817    10.3010    314.126    9.65966  294.56821    106.639 -9.990e-29
   39.99874  -72.53998     10.642     10.560     7.8666    31.8016 -9.990e-29     1.3713 5.7558e+00  1024.8306     7.8655    24.7819    10.3009    314.124    9.65977  294.57135    106.637 -9.990e-29
   39.99874  -72.53998     10.651     10.569     7.8659    31.8018 -9.990e-29     1.3713 5.7558e+00  1024.8310     7.8649    24.7822    10.3006    314.112    9.65965  294.56780    106.635 -9.990e-29
   39.99874  -72.53998     10.662     10.580     7.8656    31.8022 -9.990e-29     1.3713 5.6754e+00  1024.8314     7.8646    24.7825    10.3063    314.287    9.65957  294.56540    106.695 -9.990e-29
   39.99874  -72.53998     10.662     10.580     7.8654    31.8025 -9.990e-29     1.3713 5.6067e+00  1024.8316     7.8644    24.7828    10.3066    314.297    9.65948  294.56258    106.700 -9.990e-29
   39.99874  -72.53998     10.672     10.590     7.8651    31.8027 -9.990e-29     1.3713 5.5961e+00  1024.8318     7.8641    24.7830    10.3067    314.300    9.65927  294.55612    106.703 -9.990e-29
   39.99874  -72.53998     10.683     10.601     7.8648    31.8029 -9.990e-29     1.3713 5.5335e+00  1024.8324     7.8638    24.7832    10.3067    314.299    9.65909  294.55093    106.705 -9.990e-29
   39.99874  -72.53998     10.687     10.605     7.8652    31.8030 -9.990e-29     1.3713 5.4716e+00  1024.8320     7.8642    24.7833    10.3067    314.298    9.65896  294.54720    106.706 -9.990e-29
   39.99874  -72.53998     10.683     10.601     7.8649    31.8032 -9.990e-29     1.3713 5.4358e+00  1024.8323     7.8639    24.7834    10.3004    314.109    9.65892  294.54609    106.642 -9.990e-29
   39.99874  -72.53998     10.702     10.620     7.8649    31.8033 -9.990e-29     1.3713 5.4206e+00  1024.8327     7.8639    24.7835    10.2997    314.085    9.65906  294.54997    106.632 -9.990e-29
   39.99874  -72.53998     10.702     10.620     7.8649    31.8031 -9.990e-29     1.3713 5.3800e+00  1024.8324     7.8639    24.7834    10.3049    314.246    9.65916  294.55304    106.686 -9.990e-29
   39.99874  -72.53998     10.702     10.620     7.8651    31.8030 -9.990e-29     1.3713 5.3649e+00  1024.8321     7.8641    24.7833    10.3048    314.241    9.65927  294.55610    106.683 -9.990e-29
   39.99874  -72.53998     10.702     10.620     7.8649    31.8031 -9.990e-29     1.3713 5.3498e+00  1024.8323     7.8639    24.7834    10.2983    314.043    9.65928  294.55635    106.615 -9.990e-29
   39.99874  -72.53998     10.702     10.620     7.8648    31.8033 -9.990e-29     1.3713 5.3348e+00  1024.8326     7.8638    24.7836    10.2979    314.032    9.65932  294.55751    106.611 -9.990e-29
   39.99874  -72.53998     10.702     10.620     7.8647    31.8036 -9.990e-29     1.3847 5.3298e+00  1024.8329     7.8637    24.7838    10.2975    314.017    9.65930  294.55679    106.607 -9.990e-29
   39.99874  -72.53998     10.702     10.620     7.8652    31.8037 -9.990e-29     1.3982 5.3298e+00  1024.8329     7.8642    24.7839    10.3022    314.163    9.65927  294.55605    106.656 -9.990e-29
   39.99874  -72.53998     10.713     10.631     7.8657    31.8036 -9.990e-29     1.3982 5.3649e+00  1024.8328     7.8647    24.7837    10.3025    314.171    9.65927  294.55622    106.659 -9.990e-29
   39.99874  -72.53998     10.702     10.620     7.8664    31.8034 -9.990e-29     1.3982 5.3599e+00  1024.8323     7.8654    24.7834    10.2965    313.989    9.65926  294.55606    106.597 -9.990e-29
   39.99874  -72.53998     10.708     10.625     7.8669    31.8032 -9.990e-29     1.3982 5.3701e+00  1024.8322     7.8659    24.7832    10.2958    313.967    9.65925  294.55550    106.590 -9.990e-29
   39.99874  -72.53998     10.702     10.620     7.8679    31.8031 -9.990e-29     1.3982 5.4156e+00  1024.8319     7.8669    24.7830    10.2951    313.944    9.65923  294.55478    106.583 -9.990e-29
   39.99874  -72.53998     10.702     10.620     7.8680    31.8031 -9.990e-29     1.3982 5.4665e+00  1024.8319     7.8670    24.7830    10.2943    313.920    9.65920  294.55398    106.575 -9.990e-29
   39.99874  -72.53998     10.693     10.610     7.8677    31.8031 -9.990e-29     1.3982 5.4716e+00  1024.8321     7.8667    24.7830    10.2934    313.894    9.65918  294.55351    106.566 -9.990e-29
   39.99874  -72.53998     10.693     10.610     7.8680    31.8031 -9.990e-29     1.3982 5.5078e+00  1024.8319     7.8670    24.7830    10.2918    313.845    9.65928  294.55631    106.548 -9.990e-29
   39.99874  -72.53998     10.693     10.610     7.8687    31.8029 -9.990e-29     1.3982 5.5337e+00  1024.8317     7.8677    24.7828    10.2908    313.814    9.65923  294.55483    106.539 -9.990e-29
   39.99874  -72.53998     10.693     10.610     7.8691    31.8029 -9.990e-29     1.3982 5.5337e+00  1024.8314     7.8681    24.7827    10.2961    313.975    9.65926  294.55592    106.593 -9.990e-29
   39.99874  -72.53998     10.683     10.601     7.8696    31.8029 -9.990e-29     1.3982 5.6121e+00  1024.8316     7.8686    24.7827    10.2959    313.971    9.65929  294.55670    106.591 -9.990e-29
   39.99874  -72.53998     10.683     10.601     7.8710    31.8029 -9.990e-29     1.3982 5.6756e+00  1024.8314     7.8700    24.7825    10.2895    313.773    9.65921  294.55417    106.525 -9.990e-29
   39.99874  -72.53998     10.683     10.601     7.8716    31.8026 -9.990e-29     1.3982 5.6916e+00  1024.8310     7.8706    24.7821    10.2882    313.735    9.65912  294.55167    106.513 -9.990e-29
   39.99874  -72.53998     10.683     10.601     7.8724    31.8023 -9.990e-29     1.3982 5.7237e+00  1024.8305     7.8714    24.7817    10.2878    313.724    9.65904  294.54913    106.510 -9.990e-29
