CalculateIndicators/WaterTemperature/Data/CTD_NYOS/20240913_C20.cnv
* Sea-Bird SBE 9 Data File:
* FileName = C:\Seabird 9 CTD\Data\2024\202409_offshore\20240913_C20.hex
* Software Version Seasave V 7.23.2
* Temperature SN = 4590
* Conductivity SN = 3228
* Number of Bytes Per Scan = 44
* Number of Voltage Words = 5
* Number of Scans Averaged by the Deck Unit = 1
* NMEA Latitude = 40 40.23 N
* NMEA Longitude = 072 58.60 W
* NMEA UTC (Time) = Sep 13 2024  21:56:17
* NMEA baud rate = 4800
** Ship: Seawolf
** Station: 9.1
** Operator: TDK
# nquan = 18
# nvalues = 8194                        
# units = specified
# name 0 = latitude: Latitude [deg]
# name 1 = longitude: Longitude [deg]
# name 2 = prDM: Pressure, Digiquartz [db]
# name 3 = depSM: Depth [salt water, m]
# name 4 = t090C: Temperature [ITS-90, deg C]
# name 5 = sal00: Salinity, Practical [PSU]
# name 6 = ph: pH
# name 7 = flECO-AFL: Fluorescence, WET Labs ECO-AFL/FL [mg/m^3]
# name 8 = cpar: CPAR/Corrected Irradiance [%]
# name 9 = density00: Density [density, kg/m^3]
# name 10 = potemp090C: Potential Temperature [ITS-90, deg C]
# name 11 = sigma-é00: Density [sigma-theta, kg/m^3]
# name 12 = sbeox0Mg/L: Oxygen, SBE 43 [mg/l]
# name 13 = sbox0Mm/Kg: Oxygen, SBE 43 [umol/kg]
# name 14 = oxsolMg/L: Oxygen Saturation, Garcia & Gordon [mg/l]
# name 15 = oxsolMm/Kg: Oxygen Saturation, Garcia & Gordon [umol/kg]
# name 16 = sbeox0PS: Oxygen, SBE 43 [% saturation]
# name 17 = flag:  0.000e+00
# span 0 =   40.67048,   40.67146       
# span 1 =  -72.97682,  -72.97586       
# span 2 =      1.802,     14.010       
# span 3 =      1.788,     13.901       
# span 4 =    17.8518,    21.9369       
# span 5 =    30.4974,    31.2750       
# span 6 =      7.811,      8.249       
# span 7 =     0.7803,     2.0697       
# span 8 = 5.1241e-01, 3.1354e+01       
# span 9 =  1020.7965,  1022.5124       
# span 10 =    17.8495,    21.9365      
# span 11 =    20.8220,    22.4481      
# span 12 =     4.0479,     8.4465      
# span 13 =    123.754,    258.481      
# span 14 =    7.31237,    7.87384      
# span 15 =  223.78010,  240.66473      
# span 16 =     51.600,    115.217      
# span 17 = 0.0000e+00, 0.0000e+00      
# interval = seconds: 0.0416667
# start_time = Sep 13 2024 21:56:17 [System UTC, first data scan.]
# bad_flag = -9.990e-29
*END*
[from data line 4825]
   40.67102  -72.97634      2.277      2.260    21.9186    30.9448 -9.990e-29     0.8475 6.2435e+00  1021.1722    21.9182    21.1622     7.9300    242.681    7.31398  223.82872    108.423 -9.990e-29
   40.67102  -72.97634      2.277      2.260    21.9185    30.9449 -9.990e-29     0.8475 6.2435e+00  1021.1720    21.9180    21.1624     7.9302    242.687    7.31394  223.82748    108.426 -9.990e-29
   40.67102  -72.97634      2.267      2.249    21.9183    30.9452 -9.990e-29     0.8475 6.2291e+00  1021.1725    21.9178    21.1626     7.9302    242.686    7.31400  223.82924    108.425 -9.990e-29
   40.67102  -72.97634      2.277      2.260    21.9184    30.9454 -9.990e-29     0.8475 6.2291e+00  1021.1726    21.9180    21.1628     7.9343    242.813    7.31398  223.82875    108.481 -9.990e-29
   40.67102  -72.97634      2.267      2.249    21.9188    30.9456 -9.990e-29     0.8475 6.4945e+00  1021.1726    21.9184    21.1628     7.9302    242.686    7.31396  223.82785    108.425 -9.990e-29
   40.67102  -72.97634      2.277      2.260    21.9192    30.9457 -9.990e-29     0.8475 6.9520e+00  1021.1726    21.9187    21.1628     7.9300    242.679    7.31390  223.82637    108.423 -9.990e-29
   40.67102  -72.97634      2.267      2.249    21.9195    30.9457 -9.990e-29     0.8475 7.0904e+00  1021.1727    21.9191    21.1627     7.9298    242.674    7.31392  223.82685    108.421 -9.990e-29
   40.67102  -72.97634      2.278      2.260    21.9200    30.9455 -9.990e-29     0.8475 7.1909e+00  1021.1722    21.9196    21.1624     7.9296    242.668    7.31391  223.82661    108.418 -9.990e-29
   40.67102  -72.97634      2.267      2.249    21.9204    30.9451 -9.990e-29     0.8475 7.4800e+00  1021.1716    21.9200    21.1620     7.9294    242.662    7.31394  223.82740    108.415 -9.990e-29
   40.67102  -72.97634      2.278      2.260    21.9204    30.9450 -9.990e-29     0.8475 7.5860e+00  1021.1716    21.9200    21.1619     7.9331    242.776    7.31391  223.82661    108.466 -9.990e-29
   40.67102  -72.97634      2.288      2.271    21.9202    30.9452 -9.990e-29     0.8475 7.6504e+00  1021.1718    21.9198    21.1621     7.9286    242.637    7.31395  223.82773    108.403 -9.990e-29
   40.67102  -72.97634      2.278      2.260    21.9202    30.9455 -9.990e-29     0.8475 7.9172e+00  1021.1723    21.9198    21.1623     7.9284    242.630    7.31403  223.83024    108.399 -9.990e-29
   40.67102  -72.97634      2.287      2.269    21.9208    30.9459 -9.990e-29     0.8475 8.0521e+00  1021.1722    21.9203    21.1625     7.9325    242.756    7.31415  223.83376    108.454 -9.990e-29
   40.67102  -72.97634      2.297      2.279    21.9209    30.9461 -9.990e-29     0.8475 8.0748e+00  1021.1727    21.9205    21.1625     7.9282    242.626    7.31420  223.83512    108.395 -9.990e-29
   40.67102  -72.97634      2.297      2.279    21.9213    30.9461 -9.990e-29     0.8475 8.1203e+00  1021.1724    21.9209    21.1625     7.9279    242.617    7.31424  223.83628    108.390 -9.990e-29
   40.67102  -72.97634      2.308      2.290    21.9218    30.9460 -9.990e-29     0.8475 8.1432e+00  1021.1723    21.9214    21.1623     7.9276    242.606    7.31424  223.83667    108.385 -9.990e-29
   40.67102  -72.97634      2.317      2.299    21.9220    30.9460 -9.990e-29     0.8475 8.1203e+00  1021.1722    21.9215    21.1622     7.9272    242.596    7.31429  223.83811    108.380 -9.990e-29
   40.67102  -72.97634      2.317      2.299    21.9223    30.9460 -9.990e-29     0.8475 7.8768e+00  1021.1722    21.9218    21.1622     7.9268    242.583    7.31427  223.83732    108.375 -9.990e-29
   40.67102  -72.97634      2.338      2.320    21.9224    30.9460 -9.990e-29     0.8475 7.7231e+00  1021.1721    21.9219    21.1622     7.9268    242.582    7.31429  223.83811    108.374 -9.990e-29
   40.67102  -72.97634      2.338      2.320    21.9225    30.9462 -9.990e-29     0.8475 7.7014e+00  1021.1723    21.9221    21.1623     7.9267    242.581    7.31429  223.83812    108.373 -9.990e-29
   40.67102  -72.97634      2.349      2.331    21.9231    30.9464 -9.990e-29     0.8475 7.5511e+00  1021.1725    21.9226    21.1623     7.9223    242.446    7.31424  223.83645    108.314 -9.990e-29
   40.67102  -72.97634      2.348      2.329    21.9234    30.9464 -9.990e-29     0.8341 7.4076e+00  1021.1724    21.9229    21.1621     7.9219    242.434    7.31422  223.83592    108.309 -9.990e-29
   40.67102  -72.97634      2.368      2.350    21.9243    30.9460 -9.990e-29     0.8206 7.3868e+00  1021.1719    21.9239    21.1617     7.9258    242.552    7.31417  223.83421    108.362 -9.990e-29
   40.67102  -72.97634      2.368      2.350    21.9248    30.9456 -9.990e-29     0.8206 7.2223e+00  1021.1714    21.9244    21.1612     7.9258    242.551    7.31415  223.83381    108.362 -9.990e-29
   40.67102  -72.97634      2.379      2.361    21.9254    30.9452 -9.990e-29     0.8206 7.0416e+00  1021.1708    21.9249    21.1608     7.9215    242.419    7.31415  223.83389    108.303 -9.990e-29
   40.67102  -72.97634      2.389      2.370    21.9250    30.9451 -9.990e-29     0.8341 7.0021e+00  1021.1711    21.9245    21.1608     7.9211    242.408    7.31415  223.83389    108.298 -9.990e-29
   40.67102  -72.97634      2.398      2.380    21.9250    30.9451 -9.990e-29     0.8206 6.8848e+00  1021.1711    21.9245    21.1608     7.9211    242.409    7.31416  223.83421    108.298 -9.990e-29
   40.67102  -72.97634      2.398      2.380    21.9252    30.9453 -9.990e-29     0.8206 6.6561e+00  1021.1711    21.9247    21.1608     7.9208    242.399    7.31413  223.83337    108.294 -9.990e-29
   40.67102  -72.97634      2.419      2.400    21.9254    30.9453 -9.990e-29     0.8206 6.5850e+00  1021.1714    21.9249    21.1607     7.9205    242.390    7.31413  223.83317    108.290 -9.990e-29
   40.67102  -72.97634      2.419      2.400    21.9257    30.9451 -9.990e-29     0.8206 6.5296e+00  1021.1708    21.9252    21.1606     7.9202    242.382    7.31417  223.83429    108.286 -9.990e-29
   40.67102  -72.97634      2.429      2.410    21.9252    30.9449 -9.990e-29     0.8206 6.4022e+00  1021.1711    21.9247    21.1605     7.9200    242.373    7.31414  223.83350    108.283 -9.990e-29
   40.67102  -72.97634      2.440      2.421    21.9254    30.9446 -9.990e-29     0.8206 6.3662e+00  1021.1708    21.9249    21.1604     7.9241    242.499    7.31421  223.83588    108.338 -9.990e-29
   40.67102  -72.97634      2.449      2.430    21.9250    30.9446 -9.990e-29     0.8206 6.3483e+00  1021.1707    21.9245    21.1604     7.9198    242.369    7.31416  223.83406    108.280 -9.990e-29
   40.67102  -72.97634      2.460      2.441    21.9245    30.9448 -9.990e-29     0.8206 6.3305e+00  1021.1714    21.9240    21.1606     7.9156    242.241    7.31416  223.83422    108.223 -9.990e-29
   40.67102  -72.97634      2.470      2.451    21.9247    30.9451 -9.990e-29     0.8206 6.2983e+00  1021.1714    21.9242    21.1608     7.9194    242.356    7.31415  223.83382    108.275 -9.990e-29
   40.67102  -72.97634      2.470      2.451    21.9248    30.9454 -9.990e-29     0.8206 6.2983e+00  1021.1718    21.9243    21.1610     7.9192    242.350    7.31416  223.83414    108.272 -9.990e-29
   40.67102  -72.97634      2.479      2.460    21.9252    30.9456 -9.990e-29     0.8206 6.3338e+00  1021.1719    21.9247    21.1610     7.9148    242.214    7.31416  223.83422    108.211 -9.990e-29
   40.67102  -72.97634      2.490      2.471    21.9255    30.9454 -9.990e-29     0.8206 6.3338e+00  1021.1715    21.9251    21.1608     7.9186    242.331    7.31418  223.83478    108.263 -9.990e-29
   40.67102  -72.97634      2.500      2.481    21.9255    30.9451 -9.990e-29     0.8206 6.3338e+00  1021.1713    21.9251    21.1606     7.9142    242.197    7.31422  223.83578    108.203 -9.990e-29
   40.67102  -72.97634      2.500      2.481    21.9254    30.9450 -9.990e-29     0.8206 6.3338e+00  1021.1713    21.9249    21.1605     7.9181    242.316    7.31422  223.83610    108.256 -9.990e-29
   40.67102  -72.97634      2.510      2.490    21.9255    30.9451 -9.990e-29     0.8206 6.3338e+00  1021.1713    21.9250    21.1606     7.9137    242.183    7.31426  223.83712    108.196 -9.990e-29
   40.67102  -72.97634      2.521      2.501    21.9254    30.9453 -9.990e-29     0.8341 6.3194e+00  1021.1717    21.9249    21.1608     7.9133    242.170    7.31423  223.83642    108.191 -9.990e-29
   40.67102  -72.97634      2.521      2.501    21.9254    30.9455 -9.990e-29     0.8206 6.3551e+00  1021.1719    21.9249    21.1609     7.9169    242.280    7.31425  223.83682    108.239 -9.990e-29
   40.67102  -72.97634      2.521      2.501    21.9255    30.9453 -9.990e-29     0.8206 6.3910e+00  1021.1718    21.9251    21.1608     7.9169    242.279    7.31425  223.83682    108.239 -9.990e-29
   40.67102  -72.97634      2.530      2.511    21.9255    30.9448 -9.990e-29     0.8206 6.3910e+00  1021.1714    21.9251    21.1605     7.9169    242.279    7.31426  223.83726    108.239 -9.990e-29
   40.67102  -72.97634      2.530      2.511    21.9254    30.9443 -9.990e-29     0.8206 6.4452e+00  1021.1708    21.9249    21.1601     7.9126    242.147    7.31423  223.83627    108.180 -9.990e-29
   40.67102  -72.97634      2.541      2.522    21.9248    30.9442 -9.990e-29     0.8072 6.4999e+00  1021.1708    21.9243    21.1600     7.9123    242.138    7.31425  223.83674    108.176 -9.990e-29
   40.67102  -72.97634      2.540      2.520    21.9247    30.9444 -9.990e-29     0.8072 6.5182e+00  1021.1711    21.9242    21.1603     7.9120    242.130    7.31427  223.83750    108.172 -9.990e-29
   40.67102  -72.97634      2.551      2.531    21.9245    30.9448 -9.990e-29     0.8072 6.6292e+00  1021.1718    21.9240    21.1605     7.9161    242.254    7.31428  223.83767    108.228 -9.990e-29
   40.67102  -72.97634      2.551      2.531    21.9248    30.9449 -9.990e-29     0.8072 6.7802e+00  1021.1716    21.9243    21.1607     7.9119    242.127    7.31431  223.83870    108.170 -9.990e-29
   40.67102  -72.97634      2.551      2.531    21.9243    30.9450 -9.990e-29     0.8072 6.8185e+00  1021.1719    21.9238    21.1608     7.9117    242.120    7.31429  223.83790    108.167 -9.990e-29
   40.67102  -72.97634      2.551      2.531    21.9244    30.9452 -9.990e-29     0.8072 6.7957e+00  1021.1719    21.9239    21.1610     7.9116    242.117    7.31437  223.84068    108.165 -9.990e-29
   40.67102  -72.97634      2.561      2.541    21.9245    30.9453 -9.990e-29     0.8072 6.7007e+00  1021.1723    21.9240    21.1610     7.9117    242.121    7.31432  223.83917    108.167 -9.990e-29
   40.67102  -72.97634      2.551      2.531    21.9250    30.9451 -9.990e-29     0.8072 6.6819e+00  1021.1718    21.9245    21.1608     7.9116    242.117    7.31432  223.83905    108.166 -9.990e-29
   40.67102  -72.97634      2.561      2.541    21.9250    30.9449 -9.990e-29     0.8072 6.6257e+00  1021.1716    21.9245    21.1606     7.9115    242.115    7.31431  223.83878    108.165 -9.990e-29
   40.67102  -72.97634      2.570      2.550    21.9250    30.9449 -9.990e-29     0.8072 6.4781e+00  1021.1717    21.9245    21.1606     7.9072    241.982    7.31434  223.83953    108.105 -9.990e-29
   40.67102  -72.97634      2.561      2.541    21.9248    30.9449 -9.990e-29     0.8072 6.4236e+00  1021.1717    21.9243    21.1606     7.9112    242.104    7.31436  223.84018    108.159 -9.990e-29
   40.67102  -72.97634      2.570      2.550    21.9250    30.9448 -9.990e-29     0.8072 6.4056e+00  1021.1717    21.9245    21.1606     7.9069    241.974    7.31439  223.84113    108.101 -9.990e-29
   40.67102  -72.97634      2.572      2.552    21.9248    30.9446 -9.990e-29     0.8072 6.3876e+00  1021.1716    21.9243    21.1604     7.9027    241.844    7.31439  223.84120    108.043 -9.990e-29
   40.67102  -72.97634      2.570      2.550    21.9245    30.9444 -9.990e-29     0.8072 6.4022e+00  1021.1711    21.9240    21.1604     7.9065    241.960    7.31441  223.84166    108.094 -9.990e-29
   40.67102  -72.97634      2.581      2.561    21.9234    30.9446 -9.990e-29     0.8072 6.4022e+00  1021.1718    21.9229    21.1608     7.9063    241.957    7.31448  223.84396    108.092 -9.990e-29
   40.67102  -72.97634      2.570      2.550    21.9227    30.9451 -9.990e-29     0.8072 6.5480e+00  1021.1727    21.9222    21.1613     7.9023    241.833    7.31450  223.84451    108.036 -9.990e-29
   40.67102  -72.97634      2.581      2.561    21.9224    30.9452 -9.990e-29     0.8072 6.6408e+00  1021.1729    21.9219    21.1616     7.9062    241.952    7.31451  223.84488    108.089 -9.990e-29
   40.67102  -72.97634      2.581      2.561    21.9225    30.9450 -9.990e-29     0.8072 6.6561e+00  1021.1724    21.9220    21.1614     7.9106    242.086    7.31459  223.84731    108.148 -9.990e-29
   40.67102  -72.97634      2.581      2.561    21.9222    30.9448 -9.990e-29     0.8072 6.6937e+00  1021.1724    21.9217    21.1613     7.9024    241.835    7.31463  223.84850    108.035 -9.990e-29
   40.67102  -72.97634      2.591      2.571    21.9224    30.9448 -9.990e-29     0.8072 6.7315e+00  1021.1724    21.9219    21.1613     7.9108    242.092    7.31470  223.85074    108.149 -9.990e-29
   40.67102  -72.97634      2.581      2.561    21.9222    30.9450 -9.990e-29     0.8072 6.7315e+00  1021.1724    21.9217    21.1614     7.9070    241.976    7.31477  223.85278    108.096 -9.990e-29
   40.67102  -72.97634      2.591      2.571    21.9220    30.9452 -9.990e-29     0.8072 6.7125e+00  1021.1729    21.9215    21.1616     7.9029    241.851    7.31482  223.85432    108.039 -9.990e-29
   40.67102  -72.97634      2.591      2.571    21.9224    30.9453 -9.990e-29     0.8072 6.7091e+00  1021.1729    21.9219    21.1617     7.9071    241.981    7.31493  223.85748    108.096 -9.990e-29
   40.67102  -72.97634      2.591      2.571    21.9225    30.9454 -9.990e-29     0.8072 6.7091e+00  1021.1728    21.9220    21.1617     7.9114    242.112    7.31501  223.86004    108.153 -9.990e-29
   40.67102  -72.97634      2.591      2.571    21.9229    30.9454 -9.990e-29     0.8072 6.5967e+00  1021.1729    21.9224    21.1616     7.9117    242.120    7.31506  223.86154    108.156 -9.990e-29
   40.67102  -72.97634      2.591      2.571    21.9231    30.9453 -9.990e-29     0.8206 6.4646e+00  1021.1726    21.9226    21.1615     7.9124    242.141    7.31513  223.86363    108.165 -9.990e-29
   40.67102  -72.97634      2.602      2.582    21.9231    30.9453 -9.990e-29     0.8072 6.4283e+00  1021.1726    21.9226    21.1614     7.9131    242.163    7.31521  223.86590    108.173 -9.990e-29
   40.67102  -72.97634      2.591      2.571    21.9231    30.9452 -9.990e-29     0.8072 6.3206e+00  1021.1726    21.9226    21.1613     7.9177    242.305    7.31526  223.86738    108.236 -9.990e-29
   40.67102  -72.97634      2.602      2.582    21.9231    30.9451 -9.990e-29     0.8072 6.1451e+00  1021.1725    21.9226    21.1612     7.9142    242.197    7.31538  223.87124    108.186 -9.990e-29
   40.67102 -9.990e-29      2.602      2.582    21.9234    30.9449      8.221     0.8072 6.0934e+00  1021.1721    21.9229    21.1611     7.9146    242.209    7.31545  223.87316    108.190 -9.990e-29
   40.67102 -9.990e-29      2.611      2.591    21.9234    30.9449      8.221     0.8072 6.0592e+00  1021.1723    21.9229    21.1611     7.9192    242.351    7.31545  223.87316    108.254 -9.990e-29
   40.67102 -9.990e-29      2.602      2.582    21.9231    30.9449      8.221     0.8072 5.9715e+00  1021.1724    21.9226    21.1611     7.9199    242.371    7.31545  223.87293    108.263 -9.990e-29
   40.67102 -9.990e-29      2.621      2.601    21.9232    30.9447      8.221     0.8206 5.9379e+00  1021.1725    21.9227    21.1610     7.9205    242.390    7.31539  223.87101    108.272 -9.990e-29
