CalculateIndicators/WaterTemperature/Data/CTD_NYOS/20240430_C35.cnv
* Sea-Bird SBE 9 Data File:
* FileName = C:\Seabird 9 CTD\Data\2024\202404_offshore\20240430_C35.hex
* Software Version Seasave V 7.23.2
* Temperature SN = 4590
* Conductivity SN = 3228
* Number of Bytes Per Scan = 44
* Number of Voltage Words = 5
* Number of Scans Averaged by the Deck Unit = 1
* NMEA Latitude = 40 53.53 N
* NMEA Longitude = 072 12.56 W
* NMEA UTC (Time) = Apr 30 2024  01:12:24
* NMEA baud rate = 4800
** Ship: Seawolf
** Station: 11.1
** Operator: TDK
# nquan = 18
# nvalues = 8889                        
# units = specified
# name 0 = latitude: Latitude [deg]
# name 1 = longitude: Longitude [deg]
# name 2 = prDM: Pressure, Digiquartz [db]
# name 3 = depSM: Depth [salt water, m]
# name 4 = t090C: Temperature [ITS-90, deg C]
# name 5 = sal00: Salinity, Practical [PSU]
# name 6 = ph: pH
# name 7 = flECO-AFL: Fluorescence, WET Labs ECO-AFL/FL [mg/m^3]
# name 8 = cpar: CPAR/Corrected Irradiance [%]
# name 9 = density00: Density [density, kg/m^3]
# name 10 = potemp090C: Potential Temperature [ITS-90, deg C]
# name 11 = sigma-é00: Density [sigma-theta, kg/m^3]
# name 12 = sbeox0Mg/L: Oxygen, SBE 43 [mg/l]
# name 13 = sbox0Mm/Kg: Oxygen, SBE 43 [umol/kg]
# name 14 = oxsolMg/L: Oxygen Saturation, Garcia & Gordon [mg/l]
# name 15 = oxsolMm/Kg: Oxygen Saturation, Garcia & Gordon [umol/kg]
# name 16 = sbeox0PS: Oxygen, SBE 43 [% saturation]
# name 17 = flag:  0.000e+00
# span 0 =   40.89230,   40.89316       
# span 1 =  -72.21036,  -72.20932       
# span 2 =      1.728,     18.767       
# span 3 =      1.715,     18.621       
# span 4 =     7.8074,    10.7220       
# span 5 =    29.5256,    30.0631       
# span 6 =      7.945,      8.060       
# span 7 =     0.4849,     1.1161       
# span 8 = 2.5320e-11, 9.9999e+04       
# span 9 =  1022.6172,  1023.5095       
# span 10 =     7.8057,    10.7217      
# span 11 =    22.6071,    23.4222      
# span 12 =     8.9564,    10.0547      
# span 13 =    273.514,    307.176      
# span 14 =    9.19691,    9.79219      
# span 15 =  281.05245,  299.04109      
# span 16 =     91.500,    107.187      
# span 17 = 0.0000e+00, 0.0000e+00      
# interval = seconds: 0.0416667
# start_time = Apr 30 2024 01:12:21 [System UTC, first data scan.]
# bad_flag = -9.990e-29
*END*
[from data line 8041]
   40.89308  -72.21030      2.258      2.240    10.7145    29.5881      8.045     0.5520 2.2472e+01  1022.6232    10.7143    22.6131     9.7783    298.820    9.19842  281.09814    106.304 -9.990e-29
   40.89308  -72.21030      2.269      2.251    10.7144    29.5882      8.045     0.5520 2.2623e+01  1022.6236    10.7141    22.6132     9.7786    298.827    9.19839  281.09703    106.307 -9.990e-29
   40.89308  -72.21030      2.277      2.259    10.7144    29.5883      8.045     0.5520 1.8338e+01  1022.6236    10.7141    22.6133     9.7731    298.659    9.19836  281.09636    106.248 -9.990e-29
   40.89308  -72.21030      2.297      2.280    10.7144    29.5883      8.045     0.5520 1.5888e+01  1022.6238    10.7141    22.6133     9.7783    298.819    9.19832  281.09497    106.305 -9.990e-29
   40.89308  -72.21030      2.297      2.280    10.7144    29.5882      8.045     0.5386 1.5552e+01  1022.6237    10.7141    22.6132     9.7728    298.650    9.19827  281.09368    106.246 -9.990e-29
   40.89308  -72.21030      2.307      2.289    10.7147    29.5881      8.045     0.5252 1.7714e+01  1022.6234    10.7144    22.6131     9.7780    298.810    9.19827  281.09356    106.303 -9.990e-29
   40.89308  -72.21030      2.318      2.300    10.7145    29.5881      8.045     0.5252 1.9976e+01  1022.6236    10.7142    22.6131     9.7726    298.644    9.19836  281.09631    106.243 -9.990e-29
   40.89308  -72.21030      2.339      2.321    10.7144    29.5881      8.045     0.5252 2.0387e+01  1022.6238    10.7141    22.6131     9.7720    298.628    9.19834  281.09593    106.237 -9.990e-29
   40.89308  -72.21030      2.339      2.321    10.7144    29.5881      8.045     0.5252 3.0627e+01  1022.6236    10.7141    22.6131     9.7716    298.613    9.19838  281.09696    106.231 -9.990e-29
   40.89308  -72.21030      2.358      2.340    10.7144    29.5881      8.045     0.5252 5.4035e+01  1022.6238    10.7141    22.6131     9.7710    298.597    9.19835  281.09599    106.226 -9.990e-29
   40.89308  -72.21030      2.358      2.340    10.7144    29.5882      8.045     0.5252 6.2257e+01  1022.6239    10.7141    22.6132     9.7705    298.580    9.19833  281.09549    106.220 -9.990e-29
   40.89308  -72.21030      2.369      2.351    10.7144    29.5884      8.045     0.5252 4.3370e+01  1022.6241    10.7141    22.6134     9.7699    298.561    9.19824  281.09268    106.214 -9.990e-29
   40.89308  -72.21030      2.388      2.370    10.7144    29.5885      8.045     0.5252 2.1589e+01  1022.6243    10.7141    22.6134     9.7693    298.544    9.19821  281.09176    106.209 -9.990e-29
   40.89308  -72.21030      2.399      2.380    10.7145    29.5886      8.045     0.5252 1.7409e+01  1022.6244    10.7142    22.6134     9.7688    298.530    9.19825  281.09311    106.203 -9.990e-29
   40.89308  -72.21030      2.399      2.380    10.7149    29.5886      8.045     0.5252 1.7048e+01  1022.6243    10.7146    22.6134     9.7740    298.688    9.19822  281.09244    106.260 -9.990e-29
   40.89308  -72.21030      2.409      2.390    10.7147    29.5884      8.045     0.5252 1.5664e+01  1022.6244    10.7144    22.6133     9.7742    298.693    9.19820  281.09144    106.262 -9.990e-29
   40.89308  -72.21030      2.429      2.410    10.7149    29.5881      8.045     0.5252 1.5168e+01  1022.6239    10.7146    22.6131     9.7743    298.698    9.19824  281.09284    106.263 -9.990e-29
   40.89308  -72.21030      2.439      2.420    10.7150    29.5879      8.045     0.5252 1.5168e+01  1022.6239    10.7147    22.6129     9.7745    298.702    9.19826  281.09325    106.264 -9.990e-29
   40.89310  -72.21030      2.450      2.431    10.7149    29.5878      8.045     0.5252 1.5387e+01  1022.6237    10.7146    22.6128     9.7746    298.704    9.19825  281.09290    106.265 -9.990e-29
   40.89310  -72.21030      2.450      2.431    10.7150    29.5879      8.045     0.5252 1.5442e+01  1022.6239    10.7147    22.6129     9.7754    298.729    9.19826  281.09337    106.274 -9.990e-29
   40.89310  -72.21030      2.460      2.440    10.7149    29.5881      8.045     0.5252 1.5442e+01  1022.6243    10.7146    22.6131     9.7761    298.753    9.19823  281.09233    106.283 -9.990e-29
   40.89310  -72.21030      2.480      2.461    10.7149    29.5881      8.045     0.5252 1.5552e+01  1022.6243    10.7146    22.6131     9.7769    298.778    9.19825  281.09294    106.291 -9.990e-29
   40.89310  -72.21030      2.480      2.461    10.7145    29.5881      8.045     0.5252 1.5552e+01  1022.6243    10.7142    22.6131     9.7827    298.954    9.19825  281.09292    106.354 -9.990e-29
   40.89310  -72.21030      2.490      2.470    10.7145    29.5881      8.045     0.5252 1.5608e+01  1022.6243    10.7142    22.6131     9.7784    298.823    9.19824  281.09267    106.308 -9.990e-29
   40.89310  -72.21030      2.499      2.480    10.7147    29.5881      8.045     0.5252 1.8212e+01  1022.6244    10.7144    22.6131     9.7849    299.021    9.19824  281.09279    106.378 -9.990e-29
   40.89310  -72.21030      2.510      2.491    10.7142    29.5880      8.045     0.5252 2.0181e+01  1022.6246    10.7139    22.6130     9.7806    298.889    9.19822  281.09235    106.331 -9.990e-29
   40.89310  -72.21030      2.520      2.500    10.7142    29.5878      8.045     0.5117 2.0456e+01  1022.6242    10.7139    22.6129     9.7813    298.912    9.19824  281.09290    106.339 -9.990e-29
   40.89310  -72.21030      2.521      2.502    10.7140    29.5877      8.045     0.5252 2.6150e+01  1022.6243    10.7137    22.6129     9.7871    299.086    9.19828  281.09403    106.401 -9.990e-29
   40.89310  -72.21030      2.541      2.521    10.7137    29.5877      8.045     0.5252 3.2952e+01  1022.6244    10.7134    22.6129     9.7876    299.104    9.19825  281.09306    106.408 -9.990e-29
   40.89310  -72.21030      2.530      2.510    10.7137    29.5878      8.045     0.5117 3.4442e+01  1022.6244    10.7134    22.6130     9.7890    299.145    9.19826  281.09329    106.422 -9.990e-29
   40.89310  -72.21030      2.550      2.530    10.7133    29.5879      8.045     0.5117 3.1519e+01  1022.6248    10.7131    22.6131     9.7845    299.009    9.19828  281.09388    106.373 -9.990e-29
   40.89310  -72.21030      2.561      2.541    10.7137    29.5879      8.045     0.5117 2.8266e+01  1022.6247    10.7134    22.6131     9.7843    299.003    9.19829  281.09410    106.371 -9.990e-29
   40.89310  -72.21030      2.571      2.551    10.7135    29.5878      8.045     0.5117 2.7545e+01  1022.6247    10.7132    22.6130     9.7841    298.996    9.19828  281.09398    106.369 -9.990e-29
   40.89310  -72.21030      2.571      2.551    10.7135    29.5877      8.045     0.5117 3.0824e+01  1022.6245    10.7132    22.6130     9.7838    298.987    9.19825  281.09301    106.366 -9.990e-29
   40.89310  -72.21030      2.580      2.560    10.7132    29.5879      8.045     0.5117 3.8554e+01  1022.6249    10.7129    22.6132     9.7836    298.980    9.19828  281.09384    106.363 -9.990e-29
   40.89310  -72.21030      2.591      2.571    10.7128    29.5882      8.045     0.5117 4.1535e+01  1022.6253    10.7126    22.6134     9.7832    298.968    9.19822  281.09219    106.359 -9.990e-29
   40.89310  -72.21030      2.591      2.571    10.7130    29.5883      8.045     0.5117 4.0019e+01  1022.6251    10.7127    22.6135     9.7828    298.957    9.19823  281.09223    106.356 -9.990e-29
   40.89310  -72.21030      2.601      2.581    10.7127    29.5884      8.045     0.5117 3.5991e+01  1022.6255    10.7124    22.6136     9.7824    298.944    9.19819  281.09112    106.351 -9.990e-29
   40.89310  -72.21030      2.601      2.581    10.7130    29.5885      8.045     0.5117 3.4659e+01  1022.6255    10.7127    22.6137     9.7878    299.108    9.19821  281.09198    106.409 -9.990e-29
   40.89310  -72.21030      2.611      2.590    10.7128    29.5885      8.045     0.5117 3.6905e+01  1022.6256    10.7126    22.6137     9.7880    299.115    9.19819  281.09110    106.412 -9.990e-29
   40.89310  -72.21030      2.611      2.590    10.7130    29.5884      8.045     0.5117 5.3872e+01  1022.6255    10.7127    22.6136     9.7832    298.968    9.19818  281.09097    106.360 -9.990e-29
   40.89310  -72.21030      2.622      2.601    10.7133    29.5884      8.045     0.5117 6.3577e+01  1022.6254    10.7130    22.6135     9.7834    298.975    9.19818  281.09072    106.362 -9.990e-29
   40.89310  -72.21030      2.622      2.601    10.7132    29.5884      8.045     0.5117 6.1699e+01  1022.6254    10.7129    22.6135     9.7829    298.960    9.19821  281.09180    106.357 -9.990e-29
   40.89310  -72.21030      2.623      2.603    10.7135    29.5884      8.045     0.5117 3.5879e+01  1022.6254    10.7132    22.6135     9.7767    298.769    9.19825  281.09289    106.288 -9.990e-29
   40.89310  -72.21030      2.622      2.601    10.7135    29.5885      8.045     0.5117 2.6407e+01  1022.6254    10.7132    22.6136     9.7811    298.904    9.19820  281.09167    106.337 -9.990e-29
   40.89310  -72.21030      2.631      2.611    10.7139    29.5886      8.045     0.5117 2.5727e+01  1022.6256    10.7136    22.6136     9.7805    298.887    9.19823  281.09245    106.330 -9.990e-29
   40.89310  -72.21030      2.622      2.601    10.7139    29.5886      8.045     0.5117 2.8266e+01  1022.6254    10.7136    22.6136     9.7799    298.869    9.19828  281.09384    106.324 -9.990e-29
   40.89310  -72.21030      2.622      2.601    10.7140    29.5885      8.045     0.5117 3.0045e+01  1022.6255    10.7137    22.6135     9.7800    298.872    9.19825  281.09304    106.325 -9.990e-29
   40.89310  -72.21030      2.631      2.611    10.7142    29.5884      8.045     0.5117 3.0238e+01  1022.6251    10.7139    22.6134     9.7801    298.875    9.19826  281.09346    106.326 -9.990e-29
   40.89310  -72.21030      2.622      2.601    10.7142    29.5884      8.045     0.5117 3.5209e+01  1022.6254    10.7139    22.6134     9.7745    298.703    9.19826  281.09320    106.265 -9.990e-29
   40.89310  -72.21030      2.622      2.601    10.7144    29.5884      8.045     0.5117 4.0771e+01  1022.6253    10.7141    22.6134     9.7796    298.858    9.19821  281.09173    106.321 -9.990e-29
   40.89310  -72.21030      2.622      2.601    10.7147    29.5883      8.045     0.5117 4.2052e+01  1022.6250    10.7144    22.6132     9.7790    298.840    9.19822  281.09191    106.314 -9.990e-29
   40.89310  -72.21030      2.622      2.601    10.7149    29.5881      8.045     0.5117 4.8138e+01  1022.6250    10.7146    22.6131     9.7790    298.842    9.19817  281.09061    106.315 -9.990e-29
   40.89310  -72.21030      2.611      2.590    10.7150    29.5879      8.045     0.5117 5.8098e+01  1022.6247    10.7147    22.6129     9.7784    298.822    9.19816  281.09031    106.308 -9.990e-29
   40.89310  -72.21030      2.611      2.590    10.7147    29.5877      8.045     0.5117 6.0962e+01  1022.6244    10.7144    22.6128     9.7785    298.826    9.19819  281.09133    106.309 -9.990e-29
   40.89310  -72.21030      2.601      2.581    10.7147    29.5878      8.045     0.5117 5.2263e+01  1022.6245    10.7144    22.6128     9.7778    298.805    9.19818  281.09085    106.302 -9.990e-29
   40.89310  -72.21030      2.601      2.581    10.7144    29.5880      8.045     0.5117 3.9158e+01  1022.6249    10.7141    22.6130     9.7772    298.785    9.19823  281.09247    106.294 -9.990e-29
   40.89310  -72.21030      2.601      2.581    10.7145    29.5880      8.045     0.5117 3.5879e+01  1022.6250    10.7142    22.6130     9.7764    298.761    9.19819  281.09107    106.286 -9.990e-29
   40.89310  -72.21030      2.580      2.560    10.7149    29.5879      8.045     0.5117 3.7957e+01  1022.6242    10.7146    22.6129     9.7757    298.739    9.19822  281.09211    106.278 -9.990e-29
   40.89310  -72.21030      2.582      2.562    10.7150    29.5881 -9.990e-29     0.5117 4.4588e+01  1022.6249    10.7147    22.6130     9.7692    298.540    9.19823  281.09247    106.207 -9.990e-29
   40.89310  -72.21030      2.580      2.560    10.7152    29.5881 -9.990e-29     0.5117 4.7263e+01  1022.6248    10.7149    22.6129     9.7734    298.671    9.19827  281.09363    106.253 -9.990e-29
   40.89310  -72.21030      2.571      2.551    10.7152    29.5877 -9.990e-29     0.5117 4.4588e+01  1022.6243    10.7149    22.6126     9.7669    298.470    9.19826  281.09338    106.182 -9.990e-29
   40.89310  -72.21030      2.561      2.541    10.7155    29.5874 -9.990e-29     0.5117 3.3371e+01  1022.6237    10.7152    22.6124     9.7653    298.423    9.19824  281.09283    106.165 -9.990e-29
   40.89310  -72.21030      2.561      2.541    10.7154    29.5876 -9.990e-29     0.5117 2.9285e+01  1022.6244    10.7151    22.6126     9.7646    298.402    9.19832  281.09526    106.157 -9.990e-29
   40.89310  -72.21030      2.541      2.521    10.7152    29.5879 -9.990e-29     0.5117 2.9285e+01  1022.6242    10.7149    22.6128     9.7638    298.377    9.19829  281.09433    106.148 -9.990e-29
   40.89310  -72.21030      2.541      2.521    10.7149    29.5882 -9.990e-29     0.5117 3.0922e+01  1022.6248    10.7146    22.6131     9.7632    298.356    9.19832  281.09525    106.141 -9.990e-29
   40.89310  -72.21030      2.541      2.521    10.7150    29.5882 -9.990e-29     0.5117 3.1821e+01  1022.6246    10.7147    22.6131     9.7625    298.337    9.19838  281.09701    106.133 -9.990e-29
   40.89310  -72.21030      2.520      2.500    10.7150    29.5881 -9.990e-29     0.5117 3.1923e+01  1022.6244    10.7147    22.6130     9.7618    298.316    9.19836  281.09617    106.126 -9.990e-29
   40.89310  -72.21030      2.520      2.500    10.7152    29.5879 -9.990e-29     0.5117 3.8434e+01  1022.6243    10.7149    22.6129     9.7612    298.297    9.19837  281.09652    106.119 -9.990e-29
   40.89310  -72.21030      2.510      2.491    10.7152    29.5878 -9.990e-29     0.5117 4.3908e+01  1022.6240    10.7149    22.6127     9.7606    298.278    9.19835  281.09605    106.113 -9.990e-29
   40.89310  -72.21030      2.490      2.471    10.7152    29.5877 -9.990e-29     0.5117 4.4725e+01  1022.6240    10.7149    22.6127     9.7600    298.261    9.19835  281.09592    106.106 -9.990e-29
   40.89310  -72.21030      2.490      2.471    10.7152    29.5877 -9.990e-29     0.5117 3.8076e+01  1022.6240    10.7149    22.6127     9.7603    298.269    9.19839  281.09738    106.109 -9.990e-29
   40.89310  -72.21030      2.480      2.461    10.7152    29.5877 -9.990e-29     0.5117 3.2952e+01  1022.6240    10.7149    22.6126     9.7598    298.253    9.19836  281.09629    106.103 -9.990e-29
   40.89310  -72.21030      2.460      2.441    10.7154    29.5876 -9.990e-29     0.5117 3.2024e+01  1022.6236    10.7151    22.6126     9.7601    298.262    9.19837  281.09652    106.107 -9.990e-29
   40.89310  -72.21030      2.460      2.441    10.7152    29.5877 -9.990e-29     0.5117 3.2433e+01  1022.6238    10.7149    22.6127     9.7597    298.250    9.19835  281.09605    106.103 -9.990e-29
   40.89310  -72.21030      2.439      2.420    10.7149    29.5880 -9.990e-29     0.5117 3.2952e+01  1022.6241    10.7146    22.6129     9.7594    298.240    9.19839  281.09738    106.099 -9.990e-29
   40.89310  -72.21030      2.429      2.411    10.7150    29.5881 -9.990e-29     0.5117 3.2952e+01  1022.6241    10.7147    22.6130     9.7598    298.253    9.19839  281.09738    106.103 -9.990e-29
   40.89310  -72.21030      2.418      2.400    10.7150    29.5881 -9.990e-29     0.5252 3.2536e+01  1022.6239    10.7147    22.6130     9.7602    298.267    9.19835  281.09605    106.108 -9.990e-29
   40.89310  -72.21030      2.409      2.390    10.7149    29.5881 -9.990e-29     0.5386 3.1619e+01  1022.6240    10.7146    22.6130     9.7608    298.284    9.19837  281.09666    106.114 -9.990e-29
