CalculateIndicators/WaterTemperature/Data/CTD_NYOS/20240429_C34.cnv
* Sea-Bird SBE 9 Data File:
* FileName = C:\Seabird 9 CTD\Data\2024\202404_offshore\20240429_C34.hex
* Software Version Seasave V 7.23.2
* Temperature SN = 4590
* Conductivity SN = 3228
* Number of Bytes Per Scan = 44
* Number of Voltage Words = 5
* Number of Scans Averaged by the Deck Unit = 1
* NMEA Latitude = 40 41.11 N
* NMEA Longitude = 072 04.13 W
* NMEA UTC (Time) = Apr 29 2024  23:00:46
* NMEA baud rate = 4800
** Ship: Seawolf
** Station: 11.2
** Operator: TDK
# nquan = 18
# nvalues = 13541                       
# units = specified
# name 0 = latitude: Latitude [deg]
# name 1 = longitude: Longitude [deg]
# name 2 = prDM: Pressure, Digiquartz [db]
# name 3 = depSM: Depth [salt water, m]
# name 4 = t090C: Temperature [ITS-90, deg C]
# name 5 = sal00: Salinity, Practical [PSU]
# name 6 = ph: pH
# name 7 = flECO-AFL: Fluorescence, WET Labs ECO-AFL/FL [mg/m^3]
# name 8 = cpar: CPAR/Corrected Irradiance [%]
# name 9 = density00: Density [density, kg/m^3]
# name 10 = potemp090C: Potential Temperature [ITS-90, deg C]
# name 11 = sigma-é00: Density [sigma-theta, kg/m^3]
# name 12 = sbeox0Mg/L: Oxygen, SBE 43 [mg/l]
# name 13 = sbox0Mm/Kg: Oxygen, SBE 43 [umol/kg]
# name 14 = oxsolMg/L: Oxygen Saturation, Garcia & Gordon [mg/l]
# name 15 = oxsolMm/Kg: Oxygen Saturation, Garcia & Gordon [umol/kg]
# name 16 = sbeox0PS: Oxygen, SBE 43 [% saturation]
# name 17 = flag:  0.000e+00
# span 0 =   40.68522,   40.68670       
# span 1 =  -72.07206,  -72.06882       
# span 2 =      1.264,     44.580       
# span 3 =      1.255,     44.231       
# span 4 =     5.8869,    10.2131       
# span 5 =    29.1194,    31.7475       
# span 6 =      7.887,      8.077       
# span 7 =     0.0416,     4.3530       
# span 8 = 3.8954e-13, 3.3420e+01       
# span 9 =  1022.3454,  1025.1975       
# span 10 =     5.8839,    10.2129      
# span 11 =    22.3499,    24.9920      
# span 12 =     8.9890,    10.8126      
# span 13 =    274.061,    330.085      
# span 14 =    9.32558,   10.11972      
# span 15 =  285.05658,  308.54779      
# span 16 =     88.942,    112.869      
# span 17 = 0.0000e+00, 0.0000e+00      
# interval = seconds: 0.0416667
# start_time = Apr 29 2024 23:00:43 [System UTC, first data scan.]
# bad_flag = -9.990e-29
*END*
[from data line 11820]
   40.68650  -72.07166      2.765      2.743    10.0594    29.1468      8.043     0.8878 7.7654e+00  1022.3907    10.0591    22.3761    10.2260    312.570    9.35056  285.81234    109.362 -9.990e-29
   40.68650  -72.07166      2.776      2.754    10.0561    29.1552      8.038     0.8878 7.7874e+00  1022.3959    10.0559    22.3832    10.2200    312.387    9.35058  285.81308    109.298 -9.990e-29
   40.68650  -72.07166      2.776      2.754    10.0551    29.1627      8.038     0.8878 7.8875e+00  1022.4021    10.0548    22.3894    10.2182    312.333    9.35059  285.81333    109.279 -9.990e-29
   40.68650  -72.07166      2.785      2.764    10.0557    29.1691      8.038     0.8878 7.9099e+00  1022.4092    10.0554    22.3941    10.2238    312.504    9.35062  285.81416    109.338 -9.990e-29
   40.68650  -72.07166      2.796      2.775    10.0599    29.1720      8.038     0.8878 7.9322e+00  1022.4100    10.0596    22.3959    10.2183    312.336    9.35056  285.81249    109.280 -9.990e-29
   40.68650  -72.07166      2.806      2.784    10.0640    29.1715      8.038     0.8878 8.0451e+00  1022.4085    10.0637    22.3949    10.2230    312.481    9.35062  285.81416    109.330 -9.990e-29
   40.68650  -72.07166      2.795      2.773    10.0685    29.1692      8.038     0.8878 8.1136e+00  1022.4053    10.0682    22.3925    10.2167    312.288    9.35066  285.81596    109.262 -9.990e-29
   40.68650  -72.07168      2.806      2.784    10.0719    29.1663      8.038     0.8878 8.1136e+00  1022.4024    10.0716    22.3896    10.2161    312.270    9.35061  285.81420    109.256 -9.990e-29
   40.68650  -72.07168      2.816      2.794    10.0750    29.1633      8.038     0.8878 8.1596e+00  1022.3992    10.0747    22.3869    10.2154    312.249    9.35050  285.81049    109.250 -9.990e-29
   40.68650  -72.07168      2.806      2.784    10.0767    29.1611      8.043     0.8878 8.2059e+00  1022.3973    10.0764    22.3849    10.2149    312.231    9.35052  285.81111    109.244 -9.990e-29
   40.68650  -72.07168      2.816      2.794    10.0779    29.1597      8.038     0.8878 8.2887e+00  1022.3962    10.0776    22.3835    10.2141    312.208    9.35045  285.80889    109.237 -9.990e-29
   40.68650  -72.07168      2.806      2.784    10.0791    29.1587      8.038     0.8878 8.3122e+00  1022.3951    10.0788    22.3827    10.2135    312.190    9.35048  285.80985    109.230 -9.990e-29
   40.68650  -72.07168      2.806      2.784    10.0792    29.1583      8.038     0.8878 8.3122e+00  1022.3949    10.0789    22.3822    10.2127    312.166    9.35041  285.80794    109.222 -9.990e-29
   40.68650  -72.07168      2.806      2.784    10.0797    29.1582      8.038     0.8878 8.3357e+00  1022.3946    10.0794    22.3821    10.2121    312.146    9.35046  285.80953    109.215 -9.990e-29
   40.68650  -72.07168      2.806      2.784    10.0800    29.1584      8.038     0.9012 8.2887e+00  1022.3950    10.0797    22.3821    10.2104    312.095    9.35038  285.80693    109.198 -9.990e-29
   40.68650  -72.07168      2.795      2.773    10.0804    29.1585      8.038     0.9012 8.2653e+00  1022.3950    10.0801    22.3821    10.2096    312.069    9.35037  285.80642    109.189 -9.990e-29
   40.68650  -72.07168      2.785      2.764    10.0810    29.1580      8.038     0.9147 8.2420e+00  1022.3950    10.0807    22.3817    10.2087    312.043    9.35034  285.80561    109.180 -9.990e-29
   40.68650  -72.07168      2.776      2.754    10.0816    29.1559      8.043     0.9012 8.2420e+00  1022.3940    10.0813    22.3800    10.2078    312.015    9.35033  285.80523    109.171 -9.990e-29
   40.68650  -72.07168      2.776      2.754    10.0820    29.1511      8.038     0.9147 8.2420e+00  1022.3898    10.0817    22.3762    10.2068    311.986    9.35028  285.80390    109.161 -9.990e-29
   40.68650  -72.07168      2.776      2.754    10.0817    29.1448      8.043     0.9147 8.2653e+00  1022.3828    10.0814    22.3714    10.2059    311.957    9.35026  285.80328    109.151 -9.990e-29
   40.68650  -72.07168      2.755      2.734    10.0795    29.1403      8.043     0.9147 8.2887e+00  1022.3788    10.0792    22.3683    10.2107    312.105    9.35024  285.80270    109.203 -9.990e-29
   40.68650  -72.07168      2.744      2.723    10.0741    29.1389      8.043     0.9012 8.3357e+00  1022.3801    10.0738    22.3679    10.2105    312.096    9.35023  285.80245    109.200 -9.990e-29
   40.68650  -72.07168      2.735      2.713    10.0695    29.1399      8.043     0.9012 8.3357e+00  1022.3806    10.0692    22.3695    10.2109    312.109    9.35022  285.80207    109.205 -9.990e-29
   40.68650  -72.07168      2.714      2.693    10.0649    29.1433      8.043     0.9012 8.3357e+00  1022.3841    10.0646    22.3729    10.2113    312.121    9.35020  285.80137    109.209 -9.990e-29
   40.68650  -72.07168      2.704      2.683    10.0602    29.1490      8.043     0.9012 8.2757e+00  1022.3902    10.0599    22.3779    10.2108    312.107    9.35016  285.80017    109.205 -9.990e-29
   40.68650  -72.07168      2.706      2.685    10.0578    29.1558      8.038     0.9147 8.2757e+00  1022.3958    10.0575    22.3836    10.2096    312.070    9.35021  285.80187    109.191 -9.990e-29
   40.68650  -72.07168      2.674      2.653    10.0569    29.1624      8.038     0.9012 8.2991e+00  1022.4019    10.0566    22.3888    10.2098    312.077    9.35020  285.80138    109.194 -9.990e-29
   40.68650  -72.07168      2.674      2.653    10.0581    29.1672      8.038     0.9012 8.3698e+00  1022.4061    10.0578    22.3924    10.2099    312.081    9.35016  285.80016    109.195 -9.990e-29
   40.68650  -72.07168      2.654      2.633    10.0607    29.1690      8.038     0.9147 8.3935e+00  1022.4066    10.0604    22.3934    10.2102    312.087    9.35019  285.80125    109.197 -9.990e-29
   40.68650  -72.07168      2.644      2.623    10.0644    29.1686      8.038     0.9012 8.3935e+00  1022.4048    10.0641    22.3927    10.2103    312.091    9.35018  285.80099    109.199 -9.990e-29
   40.68650  -72.07168      2.633      2.613    10.0672    29.1675      8.043     0.9147 8.4410e+00  1022.4030    10.0669    22.3913    10.2104    312.095    9.35022  285.80208    109.200 -9.990e-29
   40.68650  -72.07168      2.614      2.593    10.0700    29.1665      8.043     0.9147 8.4649e+00  1022.4018    10.0697    22.3902    10.2104    312.096    9.35020  285.80138    109.200 -9.990e-29
   40.68650  -72.07168      2.614      2.593    10.0722    29.1660      8.043     0.9012 8.3811e+00  1022.4013    10.0720    22.3894    10.2112    312.120    9.35017  285.80054    109.209 -9.990e-29
   40.68650  -72.07168      2.583      2.564    10.0742    29.1656      8.043     0.9012 8.3339e+00  1022.4005    10.0740    22.3887    10.2113    312.121    9.35016  285.80017    109.209 -9.990e-29
   40.68650  -72.07168      2.583      2.564    10.0761    29.1651      8.038     0.9012 8.3103e+00  1022.3996    10.0759    22.3880    10.2121    312.146    9.35020  285.80163    109.218 -9.990e-29
   40.68650  -72.07168      2.552      2.532    10.0782    29.1646      8.043     0.9147 8.3103e+00  1022.3990    10.0779    22.3873    10.2128    312.169    9.35016  285.80029    109.226 -9.990e-29
   40.68650  -72.07168      2.552      2.532    10.0802    29.1640      8.038     0.9012 8.2869e+00  1022.3981    10.0799    22.3865    10.2128    312.169    9.35016  285.80041    109.226 -9.990e-29
   40.68650  -72.07168      2.542      2.523    10.0819    29.1633      8.043     0.9012 8.1594e+00  1022.3972    10.0817    22.3857    10.2136    312.192    9.35017  285.80079    109.234 -9.990e-29
   40.68650  -72.07168      2.522      2.502    10.0831    29.1625      8.043     0.8878 8.1594e+00  1022.3964    10.0829    22.3849    10.2143    312.215    9.35017  285.80067    109.242 -9.990e-29
   40.68650  -72.07168      2.512      2.493    10.0844    29.1617      8.038     0.8609 8.0905e+00  1022.3955    10.0842    22.3841    10.2151    312.239    9.35018  285.80104    109.250 -9.990e-29
   40.68650  -72.07168      2.502      2.483    10.0854    29.1609      8.038     0.8609 7.9996e+00  1022.3944    10.0852    22.3833    10.2158    312.261    9.35018  285.80103    109.258 -9.990e-29
   40.68650  -72.07168      2.502      2.483    10.0863    29.1605      8.043     0.8609 7.9770e+00  1022.3941    10.0860    22.3828    10.2166    312.284    9.35018  285.80103    109.266 -9.990e-29
   40.68650  -72.07168      2.482      2.463    10.0866    29.1601      8.038     0.8609 7.9668e+00  1022.3939    10.0864    22.3825    10.2166    312.285    9.35021  285.80186    109.266 -9.990e-29
   40.68650  -72.07168      2.491      2.472    10.0871    29.1597      8.043     0.8609 8.0574e+00  1022.3933    10.0868    22.3821    10.2224    312.462    9.35022  285.80236    109.328 -9.990e-29
   40.68650  -72.07168      2.472      2.453    10.0874    29.1592      8.043     0.8475 8.0802e+00  1022.3927    10.0872    22.3816    10.2172    312.303    9.35024  285.80298    109.272 -9.990e-29
   40.68650  -72.07168      2.472      2.453    10.0876    29.1588      8.043     0.8609 8.1720e+00  1022.3926    10.0874    22.3812    10.2230    312.479    9.35032  285.80544    109.333 -9.990e-29
   40.68650  -72.07168      2.461      2.442    10.0881    29.1585      8.043     0.8475 8.2785e+00  1022.3920    10.0878    22.3809    10.2234    312.493    9.35026  285.80335    109.339 -9.990e-29
   40.68650  -72.07168      2.461      2.442    10.0881    29.1582      8.038     0.8609 8.3489e+00  1022.3919    10.0878    22.3807    10.2238    312.506    9.35021  285.80184    109.343 -9.990e-29
   40.68650  -72.07168      2.461      2.442    10.0882    29.1581      8.038     0.8609 8.4200e+00  1022.3919    10.0880    22.3806    10.2242    312.516    9.35016  285.80025    109.348 -9.990e-29
   40.68650  -72.07168      2.452      2.433    10.0882    29.1580      8.043     0.8609 8.7844e+00  1022.3916    10.0880    22.3805    10.2254    312.552    9.35022  285.80207    109.360 -9.990e-29
   40.68650  -72.07168      2.452      2.433    10.0882    29.1578      8.038     0.8609 8.9345e+00  1022.3915    10.0880    22.3804    10.2256    312.560    9.35016  285.80036    109.363 -9.990e-29
   40.68650  -72.07168      2.442      2.423    10.0881    29.1578      8.043     0.8609 8.9851e+00  1022.3916    10.0878    22.3804    10.2258    312.565    9.35010  285.79840    109.365 -9.990e-29
   40.68650  -72.07168      2.441      2.422    10.0884    29.1577      8.043     0.8609 9.2584e+00  1022.3913    10.0882    22.3804    10.2209    312.416    9.35015  285.80009    109.313 -9.990e-29
   40.68650  -72.07168      2.441      2.422    10.0881    29.1575      8.043     0.8609 9.4432e+00  1022.3916    10.0878    22.3801    10.2262    312.578    9.35012  285.79919    109.370 -9.990e-29
   40.68650  -72.07168      2.441      2.422    10.0882    29.1572      8.038     0.8609 9.4699e+00  1022.3904    10.0880    22.3799    10.2271    312.607    9.35014  285.79978    109.380 -9.990e-29
   40.68650  -72.07168      2.431      2.412    10.0882    29.1574      8.038     0.8609 9.6862e+00  1022.3911    10.0880    22.3800    10.2272    312.609    9.35017  285.80057    109.380 -9.990e-29
   40.68650  -72.07168      2.441      2.422    10.0886    29.1579      8.043     0.8609 9.7962e+00  1022.3917    10.0883    22.3804    10.2272    312.608    9.35010  285.79862    109.380 -9.990e-29
   40.68650  -72.07168      2.431      2.412    10.0884    29.1582      8.038     0.8609 9.8239e+00  1022.3918    10.0882    22.3807    10.2271    312.605    9.35006  285.79716    109.380 -9.990e-29
   40.68650  -72.07168      2.421      2.403    10.0887    29.1584      8.043     0.8609 9.7411e+00  1022.3918    10.0885    22.3808    10.2270    312.601    9.35002  285.79591    109.379 -9.990e-29
   40.68650  -72.07168      2.431      2.412    10.0886    29.1584      8.043     0.8609 9.6862e+00  1022.3919    10.0883    22.3808    10.2267    312.594    9.34997  285.79449    109.377 -9.990e-29
   40.68650  -72.07168      2.423      2.404    10.0889    29.1583      8.043     0.8609 9.6589e+00  1022.3917    10.0887    22.3807    10.2264    312.584    9.34992  285.79310    109.374 -9.990e-29
   40.68650  -72.07168      2.431      2.412    10.0887    29.1582      8.043     0.8609 9.5505e+00  1022.3916    10.0885    22.3806    10.2262    312.576    9.34993  285.79335    109.371 -9.990e-29
   40.68650  -72.07168      2.421      2.403    10.0891    29.1584      8.043     0.8744 9.4166e+00  1022.3917    10.0888    22.3807    10.2257    312.563    9.34985  285.79090    109.368 -9.990e-29
   40.68650  -72.07168      2.410      2.392    10.0891    29.1585      8.038     0.9147 9.3015e+00  1022.3919    10.0888    22.3808    10.2311    312.728    9.34981  285.78940    109.426 -9.990e-29
   40.68650  -72.07168      2.431      2.412    10.0892    29.1586      8.043     0.9415 9.2491e+00  1022.3918    10.0890    22.3808    10.2254    312.552    9.34971  285.78634    109.366 -9.990e-29
   40.68650  -72.07168      2.421      2.403    10.0892    29.1586      8.038     0.9415 9.1452e+00  1022.3919    10.0890    22.3808    10.2187    312.349    9.34954  285.78138    109.297 -9.990e-29
   40.68650  -72.07168      2.421      2.403    10.0896    29.1586      8.043     0.9415 9.1194e+00  1022.3916    10.0893    22.3807    10.2233    312.488    9.34956  285.78190    109.345 -9.990e-29
   40.68650  -72.07168      2.431      2.412    10.0896    29.1586      8.043     0.9281 9.0681e+00  1022.3919    10.0893    22.3807    10.2224    312.462    9.34941  285.77765    109.338 -9.990e-29
   40.68650  -72.07168      2.431      2.412    10.0897    29.1585      8.043     0.9415 8.9409e+00  1022.3917    10.0895    22.3807    10.2217    312.441    9.34944  285.77853    109.330 -9.990e-29
   40.68650  -72.07168      2.431      2.412    10.0897    29.1584      8.038     0.9281 8.8906e+00  1022.3918    10.0895    22.3806    10.2216    312.439    9.34939  285.77711    109.330 -9.990e-29
   40.68650  -72.07168      2.423      2.404    10.0899    29.1583      8.038     0.9415 8.9409e+00  1022.3915    10.0896    22.3805    10.2276    312.620    9.34947  285.77978    109.392 -9.990e-29
   40.68650  -72.07168      2.431      2.412    10.0901    29.1581      8.038     0.9281 9.0681e+00  1022.3914    10.0898    22.3804    10.2224    312.463    9.34953  285.78165    109.336 -9.990e-29
   40.68650  -72.07168      2.441      2.422    10.0902    29.1581      8.043     0.9281 9.1452e+00  1022.3914    10.0900    22.3804    10.2224    312.463    9.34963  285.78444    109.335 -9.990e-29
   40.68650  -72.07168      2.431      2.412    10.0899    29.1581      8.038     0.9281 9.1194e+00  1022.3915    10.0897    22.3804    10.2281    312.638    9.34966  285.78539    109.396 -9.990e-29
   40.68650  -72.07168      2.441      2.422    10.0901    29.1581      8.038     0.9281 9.1711e+00  1022.3914    10.0898    22.3803    10.2228    312.475    9.34965  285.78527    109.339 -9.990e-29
   40.68650  -72.07168      2.431      2.412    10.0902    29.1581      8.038     0.9415 9.1711e+00  1022.3914    10.0900    22.3803    10.2226    312.467    9.34964  285.78502    109.337 -9.990e-29
   40.68650  -72.07168      2.441      2.422    10.0901    29.1582      8.043     0.9415 9.1711e+00  1022.3915    10.0898    22.3804    10.2223    312.459    9.34964  285.78472    109.334 -9.990e-29
   40.68650  -72.07168      2.431      2.412    10.0901    29.1582      8.043     0.9281 8.9409e+00  1022.3915    10.0898    22.3804    10.2161    312.269    9.34961  285.78372    109.268 -9.990e-29
   40.68650  -72.07168      2.441      2.422    10.0899    29.1582      8.043     0.9415 8.7907e+00  1022.3916    10.0896    22.3804    10.2209    312.416    9.34962  285.78427    109.319 -9.990e-29
