CalculateIndicators/WaterTemperature/Data/CTD_NYOS/20240912_C06.cnv
* Sea-Bird SBE 9 Data File:
* FileName = C:\Seabird 9 CTD\Data\2024\202409_offshore\20240912_C06.hex
* Software Version Seasave V 7.23.2
* Temperature SN = 4590
* Conductivity SN = 3228
* Number of Bytes Per Scan = 44
* Number of Voltage Words = 5
* Number of Scans Averaged by the Deck Unit = 1
* NMEA Latitude = 40 04.75 N
* NMEA Longitude = 073 04.26 W
* NMEA UTC (Time) = Sep 12 2024  08:22:47
* NMEA baud rate = 4800
** Ship: Seawolf
** Station: 8.3
** Operator: TCM
# nquan = 18
# nvalues = 10316                       
# units = specified
# name 0 = latitude: Latitude [deg]
# name 1 = longitude: Longitude [deg]
# name 2 = prDM: Pressure, Digiquartz [db]
# name 3 = depSM: Depth [salt water, m]
# name 4 = t090C: Temperature [ITS-90, deg C]
# name 5 = sal00: Salinity, Practical [PSU]
# name 6 = ph: pH
# name 7 = flECO-AFL: Fluorescence, WET Labs ECO-AFL/FL [mg/m^3]
# name 8 = cpar: CPAR/Corrected Irradiance [%]
# name 9 = density00: Density [density, kg/m^3]
# name 10 = potemp090C: Potential Temperature [ITS-90, deg C]
# name 11 = sigma-é00: Density [sigma-theta, kg/m^3]
# name 12 = sbeox0Mg/L: Oxygen, SBE 43 [mg/l]
# name 13 = sbox0Mm/Kg: Oxygen, SBE 43 [umol/kg]
# name 14 = oxsolMg/L: Oxygen Saturation, Garcia & Gordon [mg/l]
# name 15 = oxsolMm/Kg: Oxygen Saturation, Garcia & Gordon [umol/kg]
# name 16 = sbeox0PS: Oxygen, SBE 43 [% saturation]
# name 17 = flag:  0.000e+00
# span 0 =   40.07916,   40.07924       
# span 1 =  -73.07158,  -73.07112       
# span 2 =      2.087,     40.388       
# span 3 =      2.071,     40.074       
# span 4 =     8.3816,    21.2050       
# span 5 =    30.4211,    32.5399       
# span 6 =      7.863,      8.206       
# span 7 =     0.0013,     1.9354       
# span 8 = 1.6880e-11, 9.9999e+04       
# span 9 =  1021.9874,  1025.0048       
# span 10 =     8.3777,    21.2045      
# span 11 =    21.9672,    24.8253      
# span 12 =     7.0164,    10.1974      
# span 13 =    214.550,    311.046      
# span 14 =    7.37409,    9.53964      
# span 15 =  225.48774,  290.90114      
# span 16 =     77.379,    120.737      
# span 17 = 0.0000e+00, 0.0000e+00      
# interval = seconds: 0.0416667
# start_time = Sep 12 2024 08:22:49 [System UTC, first data scan.]
# bad_flag = -9.990e-29
*END*
[from data line 4664]
   40.07920  -73.07132     25.844     25.645    15.1555    31.9843      8.125     0.7669 1.6880e-11  1023.7280    15.1517    23.6158     9.3553    285.675    8.17979  249.77805    114.372 -9.990e-29
   40.07920  -73.07132     25.824     25.624    15.1883    31.9786      8.125     0.7669 1.6880e-11  1023.7178    15.1845    23.6043     9.3453    285.370    8.18087  249.81261    114.234 -9.990e-29
   40.07920  -73.07132     25.824     25.624    15.2179    31.9738      8.125     0.7669 1.6880e-11  1023.7095    15.2141    23.5940     9.3310    284.932    8.18186  249.84267    114.045 -9.990e-29
   40.07920  -73.07132     25.803     25.604    15.2474    31.9672      8.125     0.7669 1.6880e-11  1023.6970    15.2435    23.5826     9.3159    284.470    8.18240  249.85748    113.853 -9.990e-29
   40.07920  -73.07132     25.793     25.594    15.2758    31.9597      8.125     0.7669 1.6880e-11  1023.6835    15.2720    23.5707     9.3056    284.153    8.18290  249.87183    113.719 -9.990e-29
   40.07920  -73.07132     25.793     25.594    15.3035    31.9534      8.124     0.7669 1.6880e-11  1023.6735    15.2996    23.5598     9.2961    283.866    8.18383  249.90107    113.591 -9.990e-29
   40.07920  -73.07132     25.782     25.583    15.3298    31.9479      8.124     0.7669 1.6880e-11  1023.6636    15.3260    23.5498     9.2869    283.585    8.18503  249.93907    113.462 -9.990e-29
   40.07920  -73.07132     25.769     25.569    15.3562    31.9428      8.124     0.7669 1.6880e-11  1023.6538    15.3523    23.5403     9.2730    283.159    8.18604  249.96918    113.278 -9.990e-29
   40.07920  -73.07132     25.773     25.574    15.3809    31.9373      8.124     0.7669 1.6880e-11  1023.6453    15.3771    23.5307     9.2635    282.869    8.18663  249.98569    113.154 -9.990e-29
   40.07920  -73.07132     25.752     25.553    15.4050    31.9309      8.124     0.7669 1.6880e-11  1023.6340    15.4012    23.5205     9.2499    282.454    8.18742  250.00981    112.977 -9.990e-29
   40.07920  -73.07132     25.752     25.553    15.4267    31.9251      8.124     0.7669 1.6880e-11  1023.6229    15.4228    23.5114     9.2419    282.210    8.18865  250.04893    112.862 -9.990e-29
   40.07920  -73.07132     25.742     25.543    15.4445    31.9221      8.124     0.7669 1.6880e-11  1023.6179    15.4407    23.5048     9.2291    281.819    8.18992  250.08707    112.688 -9.990e-29
   40.07920  -73.07132     25.731     25.533    15.4638    31.9203      8.124     0.7669 1.6880e-11  1023.6145    15.4599    23.4993     9.2164    281.431    8.19110  250.12257    112.517 -9.990e-29
   40.07920  -73.07132     25.731     25.533    15.4841    31.9157      8.124     0.7938 1.6880e-11  1023.6072    15.4802    23.4914     9.2091    281.212    8.19294  250.18072    112.403 -9.990e-29
   40.07920  -73.07132     25.722     25.523    15.5043    31.9069      8.124     0.8341 1.6880e-11  1023.5944    15.5005    23.4804     9.1985    280.890    8.19547  250.26004    112.239 -9.990e-29
   40.07920  -73.07132     25.722     25.523    15.5227    31.8971      8.124     0.8341 1.6880e-11  1023.5806    15.5189    23.4690     9.1872    280.543    8.19752  250.32083    112.073 -9.990e-29
   40.07920  -73.07132     25.712     25.513    15.5376    31.8902      8.124     0.8341 1.6880e-11  1023.5714    15.5338    23.4603     9.1756    280.184    8.19891  250.36136    111.912 -9.990e-29
   40.07920  -73.07132     25.701     25.502    15.5504    31.8873      8.123     0.8341 1.6880e-11  1023.5682    15.5465    23.4552     9.1649    279.862    8.20130  250.43711    111.749 -9.990e-29
   40.07920  -73.07132     25.708     25.509    15.5620    31.8857      8.123     0.8341 1.6880e-11  1023.5654    15.5582    23.4514     9.1604    279.729    8.20477  250.54734    111.647 -9.990e-29
   40.07920  -73.07132     25.701     25.502    15.5717    31.8836      8.123     0.8341 1.6880e-11  1023.5605    15.5679    23.4476     9.1514    279.454    8.20816  250.65085    111.491 -9.990e-29
   40.07920  -73.07132     25.692     25.493    15.5815    31.8820      8.123     0.8341 1.6880e-11  1023.5572    15.5776    23.4442     9.1463    279.295    8.21064  250.72190    111.396 -9.990e-29
   40.07920  -73.07132     25.701     25.502    15.5911    31.8815      8.123     0.8341 1.6880e-11  1023.5544    15.5873    23.4417     9.1312    278.828    8.21251  250.77463    111.187 -9.990e-29
   40.07920  -73.07132     25.692     25.493    15.6005    31.8822      8.123     0.8341 1.6880e-11  1023.5535    15.5966    23.4401     9.1257    278.658    8.21443  250.83217    111.093 -9.990e-29
   40.07920  -73.07132     25.692     25.493    15.6100    31.8841      8.123     0.8341 1.6880e-11  1023.5515    15.6062    23.4399     9.1164    278.376    8.21690  250.90898    110.947 -9.990e-29
   40.07920  -73.07132     25.682     25.483    15.6150    31.8887      8.123     0.8341 1.6880e-11  1023.5536    15.6111    23.4424     9.1074    278.100    8.21942  250.98527    110.803 -9.990e-29
   40.07920  -73.07132     25.692     25.493    15.6150    31.8962      8.123     0.8341 1.6880e-11  1023.5614    15.6111    23.4476     9.0977    277.800    8.22110  251.03332    110.662 -9.990e-29
   40.07920  -73.07132     25.682     25.483    15.6163    31.9034      8.123     0.8341 1.6880e-11  1023.5674    15.6124    23.4527     9.0881    277.504    8.22266  251.07927    110.525 -9.990e-29
   40.07920  -73.07132     25.692     25.493    15.6212    31.9086      8.123     0.8341 1.6880e-11  1023.5700    15.6173    23.4557     9.0795    277.244    8.22487  251.14766    110.391 -9.990e-29
   40.07920  -73.07132     25.697     25.498    15.6280    31.9118      8.123     0.8341 1.6880e-11  1023.5710    15.6241    23.4566     9.0712    276.992    8.22706  251.21429    110.261 -9.990e-29
   40.07920  -73.07132     25.682     25.483    15.6373    31.9133      8.123     0.8341 1.6880e-11  1023.5695    15.6334    23.4559     9.0624    276.717    8.22878  251.26427    110.130 -9.990e-29
   40.07920  -73.07132     25.682     25.483    15.6472    31.9138      8.123     0.8341 1.6880e-11  1023.5679    15.6433    23.4542     9.0579    276.579    8.23012  251.30333    110.058 -9.990e-29
   40.07920  -73.07132     25.701     25.502    15.6568    31.9133      8.123     0.8341 1.6880e-11  1023.5653    15.6530    23.4517     9.0500    276.338    8.23196  251.36051    109.937 -9.990e-29
   40.07920  -73.07132     25.692     25.493    15.6654    31.9119      8.123     0.8341 1.6880e-11  1023.5625    15.6615    23.4487     9.0424    276.107    8.23422  251.42985    109.815 -9.990e-29
   40.07920  -73.07132     25.701     25.502    15.6737    31.9097      8.123     0.8341 1.6880e-11  1023.5586    15.6698    23.4453     9.0344    275.862    8.23615  251.48734    109.692 -9.990e-29
   40.07920  -73.07132     25.692     25.493    15.6815    31.9072      8.123     0.8341 1.6880e-11  1023.5550    15.6776    23.4416     9.0271    275.638    8.23820  251.55019    109.576 -9.990e-29
   40.07920  -73.07132     25.701     25.502    15.6886    31.9041      8.123     0.8341 1.6880e-11  1023.5514    15.6847    23.4376     9.0252    275.582    8.24066  251.62647    109.520 -9.990e-29
   40.07920  -73.07132     25.712     25.513    15.6950    31.9002      8.123     0.8341 1.6880e-11  1023.5469    15.6911    23.4332     9.0192    275.397    8.24290  251.69415    109.417 -9.990e-29
   40.07920  -73.07132     25.701     25.502    15.7008    31.8953      8.128     0.8341 1.6880e-11  1023.5418    15.6969    23.4282     9.0130    275.207    8.24493  251.75515    109.315 -9.990e-29
   40.07920  -73.07132     25.722     25.523    15.7053    31.8899      8.123     0.8072 1.6880e-11  1023.5364    15.7013    23.4231     9.0070    275.026    8.24763  251.83806    109.207 -9.990e-29
   40.07920  -73.07132     25.718     25.519    15.7088    31.8847      8.128     0.7938 1.6880e-11  1023.5313    15.7049    23.4183     9.0020    274.871    8.25058  251.92748    109.107 -9.990e-29
   40.07920  -73.07132     25.722     25.523    15.7109    31.8798      8.128     0.7938 1.6880e-11  1023.5274    15.7070    23.4141     8.9966    274.705    8.25313  252.00325    109.008 -9.990e-29
   40.07920  -73.07132     25.722     25.523    15.7121    31.8747      8.128     0.7938 1.6880e-11  1023.5241    15.7082    23.4099     8.9911    274.533    8.25539  252.06979    108.911 -9.990e-29
   40.07920  -73.07132     25.742     25.543    15.7124    31.8682      8.128     0.7938 1.6880e-11  1023.5190    15.7085    23.4048     8.9855    274.361    8.25746  252.13184    108.817 -9.990e-29
   40.07920  -73.07132     25.731     25.533    15.7121    31.8611      8.128     0.7938 1.6880e-11  1023.5114    15.7082    23.3996     8.9851    274.347    8.25947  252.19217    108.785 -9.990e-29
   40.07920  -73.07132     25.742     25.543    15.7088    31.8566      8.128     0.7938 1.6880e-11  1023.5084    15.7049    23.3966     8.9803    274.201    8.26150  252.25284    108.701 -9.990e-29
   40.07920  -73.07132     25.752     25.553    15.7053    31.8559      8.128     0.7938 1.6880e-11  1023.5092    15.7013    23.3968     8.9751    274.041    8.26340  252.30975    108.613 -9.990e-29
   40.07920  -73.07132     25.763     25.564    15.7022    31.8573      8.128     0.7938 1.6880e-11  1023.5133    15.6983    23.3986     8.9751    274.040    8.26527  252.36561    108.589 -9.990e-29
   40.07920  -73.07132     25.763     25.564    15.6999    31.8568      8.123     0.7938 1.6880e-11  1023.5148    15.6960    23.3988     8.9707    273.902    8.26695  252.41540    108.512 -9.990e-29
   40.07920  -73.07132     25.773     25.574    15.6976    31.8525      8.128     0.7938 1.6880e-11  1023.5101    15.6937    23.3961     8.9659    273.756    8.26866  252.46667    108.433 -9.990e-29
   40.07920  -73.07132     25.773     25.574    15.6935    31.8473      8.128     0.7938 1.6880e-11  1023.5045    15.6896    23.3930     8.9615    273.620    8.27047  252.52115    108.355 -9.990e-29
   40.07920  -73.07132     25.789     25.590    15.6880    31.8461      8.128     0.7938 1.6880e-11  1023.5043    15.6841    23.3931     8.9625    273.650    8.27239  252.57917    108.342 -9.990e-29
   40.07920  -73.07132     25.793     25.594    15.6825    31.8489      8.128     0.7938 1.6880e-11  1023.5111    15.6785    23.3963     8.9589    273.540    8.27450  252.64278    108.271 -9.990e-29
   40.07920  -73.07132     25.793     25.594    15.6780    31.8505      8.128     0.7938 1.6880e-11  1023.5154    15.6741    23.3986     8.9599    273.570    8.27647  252.70219    108.258 -9.990e-29
   40.07920  -73.07132     25.813     25.613    15.6741    31.8475      8.128     0.7938 1.6880e-11  1023.5119    15.6702    23.3973     8.9564    273.461    8.27819  252.75381    108.193 -9.990e-29
   40.07920  -73.07132     25.813     25.613    15.6693    31.8436      8.128     0.7938 1.6880e-11  1023.5064    15.6653    23.3955     8.9529    273.352    8.27965  252.79732    108.131 -9.990e-29
   40.07920  -73.07132     25.824     25.624    15.6624    31.8435      8.128     0.7938 1.6880e-11  1023.5094    15.6585    23.3966     8.9545    273.402    8.28104  252.83884    108.133 -9.990e-29
   40.07920  -73.07132     25.824     25.624    15.6569    31.8452      8.128     0.7938 1.6880e-11  1023.5153    15.6530    23.3992     8.9514    273.305    8.28235  252.87776    108.078 -9.990e-29
   40.07920  -73.07132     25.844     25.645    15.6526    31.8440      8.128     0.7938 1.6880e-11  1023.5151    15.6487    23.3994     8.9534    273.367    8.28355  252.91366    108.087 -9.990e-29
   40.07920  -73.07132     25.844     25.645    15.6475    31.8404      8.128     0.7938 1.6880e-11  1023.5098    15.6436    23.3979     8.9508    273.286    8.28484  252.95258    108.038 -9.990e-29
   40.07920  -73.07132     25.854     25.654    15.6396    31.8380      8.128     0.7938 1.6880e-11  1023.5118    15.6357    23.3976     8.9536    273.369    8.28617  252.99266    108.054 -9.990e-29
   40.07920  -73.07132     25.864     25.664    15.6321    31.8344      8.128     0.7938 1.6880e-11  1023.5141    15.6282    23.3964     8.9517    273.311    8.28763  253.03690    108.012 -9.990e-29
   40.07920  -73.07132     25.864     25.664    15.6248    31.8262      8.128     0.7938 1.6880e-11  1023.5057    15.6209    23.3920     8.9494    273.242    8.28901  253.07819    107.967 -9.990e-29
   40.07920  -73.07132     25.875     25.675    15.6135    31.8190      8.128     0.7803 1.6880e-11  1023.4977    15.6096    23.3889     8.9526    273.340    8.29049  253.12325    107.987 -9.990e-29
   40.07920  -73.07132     25.880     25.680    15.5989    31.8182      8.128     0.7669 1.6880e-11  1023.5057    15.5950    23.3910     8.9510    273.290    8.29196  253.16744    107.948 -9.990e-29
   40.07920  -73.07132     25.895     25.695    15.5884    31.8164      8.128     0.7669 1.6880e-11  1023.5129    15.5845    23.3921     8.9540    273.381    8.29328  253.20664    107.968 -9.990e-29
   40.07920  -73.07132     25.895     25.695    15.5788    31.8047      8.128     0.7669 1.6880e-11  1023.5024    15.5749    23.3856     8.9520    273.318    8.29431  253.23801    107.929 -9.990e-29
   40.07920  -73.07132     25.905     25.705    15.5660    31.7897      8.128     0.7669 1.6880e-11  1023.4841    15.5621    23.3771     8.9547    273.402    8.29542  253.27225    107.948 -9.990e-29
   40.07920  -73.07132     25.915     25.714    15.5465    31.7858      8.128     0.7669 1.6880e-11  1023.4851    15.5426    23.3780     8.9534    273.361    8.29670  253.31143    107.915 -9.990e-29
   40.07920  -73.07132     25.915     25.714    15.5255    31.7956      8.129     0.7669 1.6880e-11  1023.5040    15.5216    23.3896     8.9569    273.469    8.29805  253.35199    107.940 -9.990e-29
   40.07920  -73.07132     25.926     25.725    15.5083    31.8074      8.129     0.7669 1.6880e-11  1023.5222    15.5044    23.4024     8.9612    273.597    8.29937  253.39144    107.974 -9.990e-29
   40.07920  -73.07132     25.935     25.735    15.4958    31.8109      8.129     0.7669 1.6880e-11  1023.5266    15.4919    23.4082     8.9650    273.713    8.30061  253.42827    108.004 -9.990e-29
   40.07920  -73.07132     25.935     25.735    15.4841    31.8082      8.129     0.7669 1.6880e-11  1023.5208    15.4802    23.4089     8.9646    273.699    8.30185  253.46560    107.983 -9.990e-29
   40.07920  -73.07132     25.945     25.744    15.4691    31.8085      8.129     0.7669 1.6880e-11  1023.5230    15.4652    23.4122     8.9686    273.821    8.30290  253.49709    108.017 -9.990e-29
   40.07920  -73.07132     25.956     25.755    15.4549    31.8142      8.129     0.7669 1.6880e-11  1023.5359    15.4510    23.4195     8.9728    273.950    8.30396  253.52877    108.055 -9.990e-29
   40.07920  -73.07132     25.956     25.755    15.4433    31.8179      8.129     0.7669 1.6880e-11  1023.5434    15.4394    23.4250     8.9772    274.085    8.30505  253.56171    108.094 -9.990e-29
   40.07920  -73.07132     25.966     25.765    15.4321    31.8166      8.129     0.7669 1.6880e-11  1023.5401    15.4282    23.4266     8.9819    274.226    8.30620  253.59643    108.135 -9.990e-29
   40.07920  -73.07132     25.966     25.765    15.4197    31.8166      8.129     0.7669 1.6880e-11  1023.5405    15.4158    23.4292     8.9867    274.372    8.30741  253.63290    108.177 -9.990e-29
   40.07920  -73.07132     25.977     25.776    15.4060    31.8211      8.129     0.7669 1.6880e-11  1023.5513    15.4021    23.4354     8.9865    274.367    8.30861  253.66915    108.159 -9.990e-29
   40.07920  -73.07132     25.972     25.772    15.3957    31.8242      8.129     0.7669 1.6880e-11  1023.5589    15.3918    23.4402     8.9910    274.504    8.30988  253.70715    108.197 -9.990e-29
