CalculateIndicators/WaterTemperature/Data/CTD_NYOS/20240912_C04.cnv
* Sea-Bird SBE 9 Data File:
* FileName = C:\Seabird 9 CTD\Data\2024\202409_offshore\20240912_C04.hex
* Software Version Seasave V 7.23.2
* Temperature SN = 4590
* Conductivity SN = 3228
* Number of Bytes Per Scan = 44
* Number of Voltage Words = 5
* Number of Scans Averaged by the Deck Unit = 1
* NMEA Latitude = 40 34.15 N
* NMEA Longitude = 073 24.38 W
* NMEA UTC (Time) = Sep 12 2024  02:55:15
* NMEA baud rate = 4800
** Ship: Seawolf
** Station: 8.1
** Operator: TCM
# nquan = 18
# nvalues = 7467                        
# units = specified
# name 0 = latitude: Latitude [deg]
# name 1 = longitude: Longitude [deg]
# name 2 = prDM: Pressure, Digiquartz [db]
# name 3 = depSM: Depth [salt water, m]
# name 4 = t090C: Temperature [ITS-90, deg C]
# name 5 = sal00: Salinity, Practical [PSU]
# name 6 = ph: pH
# name 7 = flECO-AFL: Fluorescence, WET Labs ECO-AFL/FL [mg/m^3]
# name 8 = cpar: CPAR/Corrected Irradiance [%]
# name 9 = density00: Density [density, kg/m^3]
# name 10 = potemp090C: Potential Temperature [ITS-90, deg C]
# name 11 = sigma-é00: Density [sigma-theta, kg/m^3]
# name 12 = sbeox0Mg/L: Oxygen, SBE 43 [mg/l]
# name 13 = sbox0Mm/Kg: Oxygen, SBE 43 [umol/kg]
# name 14 = oxsolMg/L: Oxygen Saturation, Garcia & Gordon [mg/l]
# name 15 = oxsolMm/Kg: Oxygen Saturation, Garcia & Gordon [umol/kg]
# name 16 = sbeox0PS: Oxygen, SBE 43 [% saturation]
# name 17 = flag:  0.000e+00
# span 0 =   40.56922,   40.56948       
# span 1 =  -73.40652,  -73.40638       
# span 2 =      1.854,     13.809       
# span 3 =      1.840,     13.702       
# span 4 =    21.0827,    21.2903       
# span 5 =    30.9261,    30.9640       
# span 6 =      8.127,      8.175       
# span 7 =     1.2370,     1.8548       
# span 8 = 1.6880e-11, 9.9999e+04       
# span 9 =  1021.3350,  1021.4556       
# span 10 =    21.0802,    21.2899      
# span 11 =    21.3325,    21.3955      
# span 12 =     7.2086,     7.8248      
# span 13 =    220.555,    239.420      
# span 14 =    7.39806,    7.42610      
# span 15 =  226.36335,  227.20953      
# span 16 =     97.117,    105.757      
# span 17 = 0.0000e+00, 0.0000e+00      
# interval = seconds: 0.0416667
# start_time = Sep 12 2024 02:55:17 [System UTC, first data scan.]
# bad_flag = -9.990e-29
*END*
[from data line 161]
   40.56922  -73.40638      2.188      2.171    21.2898    30.9468      8.170     1.3042 9.9999e+04  1021.3437    21.2894    21.3342     7.7959    238.536    7.39811  226.36468    105.377 -9.990e-29
   40.56922  -73.40638      2.177      2.160    21.2899    30.9468      8.170     1.3042 9.9999e+04  1021.3436    21.2895    21.3342     7.7967    238.561    7.39812  226.36503    105.388 -9.990e-29
   40.56922  -73.40638      2.188      2.171    21.2900    30.9469      8.170     1.3042 9.9999e+04  1021.3435    21.2896    21.3343     7.7971    238.574    7.39812  226.36533    105.393 -9.990e-29
   40.56922  -73.40638      2.188      2.171    21.2897    30.9469      8.170     1.3042 9.9999e+04  1021.3440    21.2893    21.3343     7.8022    238.729    7.39812  226.36518    105.462 -9.990e-29
   40.56922  -73.40638      2.177      2.160    21.2899    30.9468      8.170     1.3042 9.9999e+04  1021.3435    21.2895    21.3342     7.7989    238.627    7.39814  226.36579    105.417 -9.990e-29
   40.56922  -73.40638      2.188      2.171    21.2900    30.9468      8.170     1.3042 9.9999e+04  1021.3434    21.2896    21.3342     7.7995    238.645    7.39812  226.36497    105.425 -9.990e-29
   40.56922  -73.40638      2.188      2.171    21.2897    30.9470      8.170     1.3042 9.9999e+04  1021.3441    21.2893    21.3343     7.7996    238.651    7.39811  226.36480    105.428 -9.990e-29
   40.56922  -73.40638      2.178      2.162    21.2900    30.9469      8.170     1.3042 9.9999e+04  1021.3436    21.2896    21.3342     7.7998    238.656    7.39812  226.36508    105.430 -9.990e-29
   40.56922  -73.40638      2.188      2.171    21.2897    30.9467      8.170     1.3042 9.9999e+04  1021.3436    21.2893    21.3342     7.7999    238.658    7.39811  226.36496    105.431 -9.990e-29
   40.56922  -73.40638      2.188      2.171    21.2899    30.9467      8.170     1.3042 9.9999e+04  1021.3436    21.2895    21.3342     7.7999    238.658    7.39809  226.36425    105.431 -9.990e-29
   40.56922  -73.40638      2.188      2.171    21.2898    30.9468      8.170     1.3042 9.9999e+04  1021.3437    21.2894    21.3342     7.8042    238.791    7.39812  226.36512    105.489 -9.990e-29
   40.56922  -73.40638      2.177      2.160    21.2899    30.9469      8.170     1.3042 9.9999e+04  1021.3436    21.2895    21.3343     7.8001    238.666    7.39815  226.36590    105.434 -9.990e-29
   40.56922  -73.40638      2.198      2.181    21.2898    30.9470      8.170     1.3042 9.9999e+04  1021.3439    21.2894    21.3344     7.8043    238.793    7.39813  226.36552    105.490 -9.990e-29
   40.56922  -73.40638      2.198      2.181    21.2898    30.9472      8.170     1.3042 9.9999e+04  1021.3440    21.2894    21.3345     7.8044    238.797    7.39812  226.36508    105.492 -9.990e-29
   40.56922  -73.40638      2.188      2.171    21.2897    30.9472      8.170     1.3042 9.9999e+04  1021.3441    21.2893    21.3345     7.8044    238.798    7.39812  226.36529    105.492 -9.990e-29
   40.56922  -73.40638      2.199      2.182    21.2898    30.9470      8.170     1.2907 9.9999e+04  1021.3438    21.2894    21.3344     7.8044    238.797    7.39812  226.36522    105.492 -9.990e-29
   40.56922  -73.40638      2.188      2.171    21.2897    30.9469      8.170     1.2773 9.9999e+04  1021.3438    21.2893    21.3343     7.8043    238.794    7.39813  226.36539    105.490 -9.990e-29
   40.56922  -73.40638      2.198      2.181    21.2898    30.9470      8.170     1.2773 9.9999e+04  1021.3437    21.2894    21.3343     7.7998    238.655    7.39813  226.36550    105.429 -9.990e-29
   40.56922  -73.40638      2.198      2.181    21.2898    30.9470      8.170     1.2773 9.9999e+04  1021.3440    21.2894    21.3343     7.7992    238.636    7.39813  226.36531    105.421 -9.990e-29
   40.56922  -73.40638      2.198      2.181    21.2897    30.9470      8.170     1.2773 9.9999e+04  1021.3439    21.2893    21.3343     7.7985    238.617    7.39811  226.36488    105.412 -9.990e-29
   40.56922  -73.40638      2.198      2.181    21.2898    30.9469      8.170     1.2773 9.9999e+04  1021.3437    21.2894    21.3343     7.7979    238.597    7.39817  226.36680    105.403 -9.990e-29
   40.56922  -73.40638      2.198      2.181    21.2899    30.9470      8.170     1.2773 9.9999e+04  1021.3438    21.2895    21.3344     7.7971    238.572    7.39814  226.36562    105.392 -9.990e-29
   40.56922  -73.40638      2.198      2.181    21.2898    30.9471      8.170     1.2773 9.9999e+04  1021.3440    21.2894    21.3344     7.7963    238.548    7.39816  226.36640    105.381 -9.990e-29
   40.56922  -73.40638      2.178      2.162    21.2898    30.9470      8.170     1.2773 9.9999e+04  1021.3437    21.2894    21.3343     7.7958    238.532    7.39816  226.36636    105.374 -9.990e-29
   40.56922  -73.40638      2.198      2.181    21.2901    30.9470      8.170     1.2773 9.9999e+04  1021.3437    21.2896    21.3343     7.7951    238.513    7.39812  226.36492    105.367 -9.990e-29
   40.56922  -73.40638      2.177      2.160    21.2898    30.9470      8.170     1.2773 9.9999e+04  1021.3439    21.2894    21.3343     7.7946    238.496    7.39816  226.36630    105.358 -9.990e-29
   40.56922  -73.40638      2.188      2.171    21.2899    30.9469      8.170     1.2773 9.9999e+04  1021.3437    21.2895    21.3343     7.7935    238.464    7.39813  226.36538    105.345 -9.990e-29
   40.56922  -73.40638      2.177      2.160    21.2898    30.9469      8.170     1.2773 9.9999e+04  1021.3436    21.2894    21.3343     7.7885    238.309    7.39813  226.36541    105.276 -9.990e-29
   40.56922  -73.40638      2.177      2.160    21.2895    30.9469      8.170     1.2773 9.9999e+04  1021.3439    21.2891    21.3343     7.7917    238.409    7.39813  226.36549    105.321 -9.990e-29
   40.56922  -73.40638      2.177      2.160    21.2897    30.9469      8.170     1.2773 9.9999e+04  1021.3437    21.2893    21.3343     7.7910    238.386    7.39815  226.36594    105.310 -9.990e-29
   40.56922  -73.40638      2.169      2.152    21.2897    30.9469      8.170     1.2773 9.9999e+04  1021.3436    21.2893    21.3343     7.7858    238.228    7.39815  226.36606    105.240 -9.990e-29
   40.56922  -73.40638      2.167      2.151    21.2899    30.9470      8.170     1.2773 9.9999e+04  1021.3438    21.2895    21.3343     7.7850    238.201    7.39815  226.36594    105.228 -9.990e-29
   40.56922  -73.40638      2.158      2.141    21.2898    30.9470      8.170     1.2773 9.9999e+04  1021.3436    21.2894    21.3343     7.7841    238.176    7.39816  226.36638    105.217 -9.990e-29
   40.56922  -73.40638      2.158      2.141    21.2898    30.9469      8.170     1.2773 9.9999e+04  1021.3435    21.2894    21.3343     7.7833    238.149    7.39816  226.36621    105.205 -9.990e-29
   40.56922  -73.40638      2.167      2.151    21.2897    30.9468      8.170     1.2773 9.9999e+04  1021.3437    21.2893    21.3342     7.7824    238.122    7.39816  226.36626    105.193 -9.990e-29
   40.56922  -73.40638      2.147      2.130    21.2900    30.9468      8.170     1.2773 9.9999e+04  1021.3433    21.2896    21.3342     7.7814    238.094    7.39812  226.36523    105.181 -9.990e-29
   40.56922  -73.40638      2.147      2.130    21.2899    30.9469      8.170     1.2773 9.9999e+04  1021.3436    21.2895    21.3343     7.7809    238.078    7.39815  226.36617    105.174 -9.990e-29
   40.56922  -73.40638      2.158      2.141    21.2897    30.9470      8.170     1.2773 9.9999e+04  1021.3437    21.2893    21.3343     7.7804    238.061    7.39816  226.36621    105.166 -9.990e-29
   40.56922  -73.40638      2.158      2.141    21.2898    30.9470      8.170     1.2773 9.9999e+04  1021.3437    21.2894    21.3343     7.7794    238.032    7.39812  226.36501    105.154 -9.990e-29
   40.56922  -73.40638      2.139      2.122    21.2897    30.9470      8.170     1.2773 -9.990e-29  1021.3436    21.2893    21.3343     7.7785    238.004    7.39816  226.36625    105.141 -9.990e-29
   40.56922  -73.40638      2.147      2.130    21.2898    30.9469      8.170     1.2907 -9.990e-29  1021.3435    21.2894    21.3343     7.7736    237.853    7.39814  226.36562    105.075 -9.990e-29
   40.56922  -73.40638      2.147      2.130    21.2899    30.9469      8.170     1.2907 -9.990e-29  1021.3435    21.2895    21.3343     7.7770    237.958    7.39814  226.36567    105.121 -9.990e-29
   40.56922  -73.40638      2.147      2.130    21.2895    30.9470      8.170     1.2907 -9.990e-29  1021.3438    21.2891    21.3343     7.7765    237.941    7.39816  226.36619    105.113 -9.990e-29
   40.56922  -73.40638      2.137      2.121    21.2897    30.9470      8.170     1.2907 -9.990e-29  1021.3436    21.2893    21.3343     7.7759    237.925    7.39817  226.36660    105.106 -9.990e-29
   40.56922  -73.40638      2.147      2.130    21.2899    30.9470      8.170     1.2907 -9.990e-29  1021.3436    21.2895    21.3343     7.7710    237.773    7.39814  226.36566    105.039 -9.990e-29
   40.56922  -73.40638      2.137      2.121    21.2897    30.9469      8.170     1.2907 -9.990e-29  1021.3436    21.2893    21.3342     7.7748    237.891    7.39817  226.36683    105.091 -9.990e-29
   40.56922  -73.40638      2.137      2.121    21.2899    30.9468      8.170     1.2907 -9.990e-29  1021.3433    21.2895    21.3342     7.7746    237.885    7.39813  226.36557    105.089 -9.990e-29
   40.56922  -73.40638      2.139      2.122    21.2897    30.9470      8.170     1.2907 8.8262e+00  1021.3437    21.2893    21.3343     7.7741    237.870    7.39815  226.36602    105.082 -9.990e-29
   40.56922  -73.40638      2.128      2.111    21.2898    30.9471      8.170     1.2907 8.3171e+00  1021.3436    21.2894    21.3344     7.7739    237.864    7.39814  226.36576    105.080 -9.990e-29
   40.56922  -73.40638      2.128      2.111    21.2897    30.9470      8.170     1.2907 1.1349e+01  1021.3437    21.2893    21.3343     7.7738    237.861    7.39816  226.36630    105.078 -9.990e-29
   40.56924  -73.40638      2.117      2.100    21.2898    30.9469      8.170     1.2907 1.2035e+01  1021.3433    21.2894    21.3343     7.7693    237.724    7.39814  226.36584    105.017 -9.990e-29
   40.56924  -73.40638      2.117      2.100    21.2897    30.9469      8.170     1.2907 1.3675e+01  1021.3436    21.2893    21.3343     7.7732    237.843    7.39813  226.36548    105.070 -9.990e-29
   40.56924  -73.40638      2.117      2.100    21.2897    30.9470      8.170     1.2907 1.3590e+01  1021.3434    21.2893    21.3344     7.7736    237.852    7.39816  226.36633    105.074 -9.990e-29
   40.56924  -73.40638      2.107      2.091    21.2897    30.9471      8.170     1.2907 1.3632e+01  1021.3438    21.2893    21.3344     7.7691    237.718    7.39815  226.36616    105.015 -9.990e-29
   40.56924  -73.40638      2.096      2.080    21.2899    30.9471      8.170     1.2907 1.3717e+01  1021.3433    21.2895    21.3343     7.7731    237.839    7.39815  226.36589    105.069 -9.990e-29
   40.56924  -73.40638      2.097      2.081    21.2898    30.9469      8.170     1.2907 1.3381e+01  1021.3433    21.2894    21.3342     7.7731    237.840    7.39815  226.36600    105.069 -9.990e-29
   40.56924  -73.40638      2.086      2.070    21.2899    30.9469      8.170     1.2907 1.2263e+01  1021.3432    21.2895    21.3342     7.7731    237.839    7.39813  226.36532    105.069 -9.990e-29
   40.56924  -73.40638      2.077      2.061    21.2900    30.9470      8.170     1.2907 1.1810e+01  1021.3432    21.2896    21.3343     7.7732    237.841    7.39816  226.36633    105.069 -9.990e-29
   40.56924  -73.40638      2.077      2.061    21.2897    30.9471      8.170     1.2907 1.1773e+01  1021.3435    21.2893    21.3345     7.7732    237.842    7.39814  226.36583    105.070 -9.990e-29
   40.56924  -73.40638      2.066      2.050    21.2895    30.9471      8.170     1.2907 1.1626e+01  1021.3435    21.2891    21.3345     7.7737    237.856    7.39816  226.36629    105.076 -9.990e-29
   40.56924  -73.40638      2.056      2.040    21.2897    30.9471      8.170     1.2907 1.1553e+01  1021.3433    21.2893    21.3345     7.7737    237.857    7.39813  226.36559    105.077 -9.990e-29
   40.56924  -73.40638      2.066      2.050    21.2897    30.9470      8.170     1.2907 1.1444e+01  1021.3434    21.2893    21.3344     7.7742    237.872    7.39815  226.36589    105.083 -9.990e-29
   40.56924  -73.40638      2.036      2.020    21.2898    30.9469      8.170     1.2907 9.7615e+00  1021.3429    21.2894    21.3342     7.7747    237.887    7.39813  226.36543    105.090 -9.990e-29
   40.56924  -73.40638      2.046      2.031    21.2898    30.9469      8.170     1.2907 8.8885e+00  1021.3430    21.2894    21.3342     7.7759    237.928 -9.990e-29 -9.990e-29    105.097 -9.990e-29
   40.56924  -73.40638      2.037      2.021    21.2897    30.9470      8.170     1.3310 8.8022e+00  1021.3431    21.2893    21.3343     7.7773    237.975 -9.990e-29 -9.990e-29    105.105 -9.990e-29
   40.56924  -73.40638      2.026      2.010    21.2897    30.9471      8.170     1.3444 8.3814e+00  1021.3431    21.2893    21.3345     7.7768    237.954 -9.990e-29 -9.990e-29    105.113 -9.990e-29
   40.56924  -73.40638      2.016      2.001    21.2895    30.9472      8.170     1.3444 8.0573e+00  1021.3435    21.2891    21.3346     7.7723    237.814    7.39816  226.36630    105.057 -9.990e-29
   40.56924  -73.40638      2.026      2.010    21.2898    30.9471      8.170     1.3444 7.9780e+00  1021.3431    21.2894    21.3344     7.7766    237.945    7.39814  226.36593    105.115 -9.990e-29
   40.56924  -73.40638      2.016      2.001    21.2895    30.9468      8.170     1.3444 8.8309e+00  1021.3429    21.2891    21.3343     7.7725    237.821    7.39815  226.36617    105.060 -9.990e-29
   40.56924  -73.40638      2.005      1.990    21.2897    30.9468      8.170     1.3444 9.7302e+00  1021.3429    21.2893    21.3343     7.7725    237.820    7.39816  226.36623    105.060 -9.990e-29
   40.56924  -73.40638      2.016      2.001    21.2895    30.9469      8.170     1.3444 9.9193e+00  1021.3431    21.2891    21.3343     7.7725    237.820    7.39814  226.36561    105.060 -9.990e-29
   40.56924  -73.40638      2.005      1.990    21.2895    30.9470      8.170     1.3444 1.1847e+01  1021.3430    21.2891    21.3344     7.7725    237.820    7.39814  226.36565    105.060 -9.990e-29
   40.56924  -73.40638      1.996      1.980    21.2897    30.9470      8.170     1.3444 1.5326e+01  1021.3433    21.2893    21.3344     7.7726    237.823    7.39814  226.36586    105.061 -9.990e-29
   40.56924  -73.40638      1.996      1.980    21.2897    30.9469      8.170     1.3444 1.6342e+01  1021.3426    21.2893    21.3343     7.7727    237.825    7.39812  226.36521    105.063 -9.990e-29
   40.56924  -73.40638      2.007      1.991    21.2897    30.9469      8.170     1.3444 1.2851e+01  1021.3430    21.2893    21.3343     7.7728    237.829    7.39814  226.36591    105.064 -9.990e-29
   40.56924  -73.40638      1.996      1.980    21.2897    30.9470      8.170     1.3444 8.0043e+00  1021.3430    21.2893    21.3344     7.7730    237.834    7.39815  226.36603    105.066 -9.990e-29
   40.56924  -73.40638      1.996      1.980    21.2897    30.9470      8.170     1.3444 6.8881e+00  1021.3430    21.2893    21.3344     7.7728    237.828    7.39813  226.36551    105.064 -9.990e-29
   40.56924  -73.40638      1.985      1.969    21.2895    30.9471      8.170     1.3444 6.5241e+00  1021.3431    21.2891    21.3345     7.7730    237.835    7.39817  226.36677    105.066 -9.990e-29
   40.56924  -73.40638      1.996      1.980    21.2895    30.9471      8.170     1.3444 5.5253e+00  1021.3432    21.2891    21.3345     7.7732    237.841    7.39815  226.36603    105.069 -9.990e-29
   40.56924  -73.40638      1.975      1.960    21.2895    30.9470      8.170     1.3444 5.1841e+00  1021.3430    21.2891    21.3345     7.7731    237.839    7.39816  226.36634    105.068 -9.990e-29
