CalculateIndicators/WaterTemperature/Data/CTD_NYOS/20240913_C15.cnv
* Sea-Bird SBE 9 Data File:
* FileName = C:\Seabird 9 CTD\Data\2024\202409_offshore\20240913_C15.hex
* Software Version Seasave V 7.23.2
* Temperature SN = 4590
* Conductivity SN = 3228
* Number of Bytes Per Scan = 44
* Number of Voltage Words = 5
* Number of Scans Averaged by the Deck Unit = 1
* NMEA Latitude = 39 33.14 N
* NMEA Longitude = 072 14.48 W
* NMEA UTC (Time) = Sep 13 2024  06:12:16
* NMEA baud rate = 4800
** Ship: Seawolf
** Station: 9.6
** Operator: TCM
# nquan = 18
# nvalues = 20584                       
# units = specified
# name 0 = latitude: Latitude [deg]
# name 1 = longitude: Longitude [deg]
# name 2 = prDM: Pressure, Digiquartz [db]
# name 3 = depSM: Depth [salt water, m]
# name 4 = t090C: Temperature [ITS-90, deg C]
# name 5 = sal00: Salinity, Practical [PSU]
# name 6 = ph: pH
# name 7 = flECO-AFL: Fluorescence, WET Labs ECO-AFL/FL [mg/m^3]
# name 8 = cpar: CPAR/Corrected Irradiance [%]
# name 9 = density00: Density [density, kg/m^3]
# name 10 = potemp090C: Potential Temperature [ITS-90, deg C]
# name 11 = sigma-é00: Density [sigma-theta, kg/m^3]
# name 12 = sbeox0Mg/L: Oxygen, SBE 43 [mg/l]
# name 13 = sbox0Mm/Kg: Oxygen, SBE 43 [umol/kg]
# name 14 = oxsolMg/L: Oxygen Saturation, Garcia & Gordon [mg/l]
# name 15 = oxsolMm/Kg: Oxygen Saturation, Garcia & Gordon [umol/kg]
# name 16 = sbeox0PS: Oxygen, SBE 43 [% saturation]
# name 17 = flag:  0.000e+00
# span 0 =   39.55246,   39.55328       
# span 1 =  -72.24440,  -72.24150       
# span 2 =      2.037,    131.659       
# span 3 =      2.021,    130.613       
# span 4 =    10.5769,    21.7069       
# span 5 =    31.9767,    35.1695       
# span 6 =      7.934,      8.219       
# span 7 =    -0.0927,     1.2236       
# span 8 = 1.6880e-11, 9.9999e+04       
# span 9 =  1022.6298,  1027.3478       
# span 10 =    10.5724,    21.7043      
# span 11 =    22.6150,    26.7607      
# span 12 =     5.1720,     8.8321      
# span 13 =    157.415,    269.529      
# span 14 =    7.25022,    9.05678      
# span 15 =  221.50539,  276.15640      
# span 16 =     59.629,    106.113      
# span 17 = 0.0000e+00, 0.0000e+00      
# interval = seconds: 0.0416667
# start_time = Sep 13 2024 06:12:18 [System UTC, first data scan.]
# bad_flag = -9.990e-29
*END*
[from data line 4101]
   39.55268  -72.24212    103.909    103.091    11.9412    34.9417      7.991    -0.0658 1.6880e-11  1027.0211    11.9277    26.5576     5.7947    176.399    8.66114  263.65867     66.904 0.0000e+00
   39.55268  -72.24212    103.941    103.123    11.9408    34.9421      7.991    -0.0658 1.6880e-11  1027.0217    11.9274    26.5580     5.7965    176.455    8.66107  263.65627     66.926 0.0000e+00
   39.55268  -72.24212    103.952    103.134    11.9405    34.9423      7.991    -0.0658 1.6880e-11  1027.0219    11.9271    26.5582     5.7933    176.358    8.66094  263.65216     66.890 0.0000e+00
   39.55268  -72.24212    103.971    103.153    11.9405    34.9425      7.991    -0.0658 1.6880e-11  1027.0220    11.9270    26.5584     5.8002    176.568    8.66094  263.65215     66.970 0.0000e+00
   39.55268  -72.24212    104.003    103.184    11.9400    34.9426      7.991    -0.0658 1.6880e-11  1027.0225    11.9265    26.5586     5.7966    176.458    8.66090  263.65115     66.929 0.0000e+00
   39.55268  -72.24212    104.024    103.205    11.9402    34.9427      7.991    -0.0658 1.6880e-11  1027.0224    11.9267    26.5586     5.7982    176.506    8.66089  263.65111     66.947 0.0000e+00
   39.55268  -72.24212    104.034    103.215    11.9400    34.9428      7.991    -0.0658 1.6880e-11  1027.0227    11.9265    26.5587     5.8002    176.567    8.66089  263.65112     66.970 0.0000e+00
   39.55268  -72.24212    104.074    103.255    11.9400    34.9430      7.986    -0.0658 1.6880e-11  1027.0230    11.9265    26.5588     5.8019    176.620    8.66087  263.65043     66.990 0.0000e+00
   39.55268  -72.24212    104.116    103.296    11.9400    34.9430      7.991    -0.0658 1.6880e-11  1027.0233    11.9265    26.5588     5.8040    176.682    8.66077  263.64699     67.014 0.0000e+00
   39.55268  -72.24212    104.136    103.317    11.9398    34.9429      7.991    -0.0658 1.6880e-11  1027.0233    11.9264    26.5588     5.8010    176.591    8.66071  263.64494     66.981 0.0000e+00
   39.55268  -72.24212    104.157    103.337    11.9397    34.9428      7.991    -0.0658 1.6880e-11  1027.0232    11.9262    26.5588     5.8025    176.637    8.66065  263.64310     66.999 0.0000e+00
   39.55268  -72.24212    104.178    103.358    11.9397    34.9428      7.991    -0.0658 1.6880e-11  1027.0233    11.9262    26.5588     5.8044    176.695    8.66061  263.64173     67.021 0.0000e+00
   39.55268  -72.24212    104.209    103.388    11.9395    34.9430      7.991    -0.0658 1.6880e-11  1027.0238    11.9260    26.5589     5.8061    176.746    8.66062  263.64217     67.040 0.0000e+00
   39.55268  -72.24212    104.241    103.420    11.9393    34.9431      7.991    -0.0658 1.6880e-11  1027.0241    11.9259    26.5591     5.8081    176.808    8.66064  263.64287     67.063 0.0000e+00
   39.55268  -72.24212    104.260    103.439    11.9395    34.9429      7.991    -0.0658 1.6880e-11  1027.0242    11.9260    26.5589     5.8098    176.858    8.66061  263.64171     67.083 0.0000e+00
   39.55268  -72.24212    104.302    103.481    11.9395    34.9421      7.986    -0.0658 1.6880e-11  1027.0237    11.9260    26.5583     5.8118    176.918    8.66057  263.64060     67.106 0.0000e+00
   39.55268  -72.24212    104.343    103.522    11.9392    34.9411      7.991    -0.0658 1.6880e-11  1027.0227    11.9257    26.5576     5.8134    176.968    8.66055  263.63965     67.125 0.0000e+00
   39.55268  -72.24212    104.374    103.552    11.9385    34.9406      7.991    -0.0658 1.6880e-11  1027.0220    11.9250    26.5573     5.8153    177.025    8.66048  263.63746     67.147 0.0000e+00
   39.55268  -72.24212    104.406    103.584    11.9378    34.9411      7.991    -0.0658 1.6880e-11  1027.0237    11.9243    26.5578     5.8114    176.907    8.66047  263.63714     67.103 0.0000e+00
   39.55268  -72.24212    104.436    103.614    11.9375    34.9416      7.991    -0.0658 1.6880e-11  1027.0243    11.9240    26.5582     5.8179    177.106    8.66030  263.63145     67.179 0.0000e+00
   39.55268  -72.24212    104.466    103.643    11.9374    34.9416      7.986    -0.0658 1.6880e-11  1027.0241    11.9238    26.5583     5.8146    177.004    8.66025  263.62937     67.141 0.0000e+00
   39.55268  -72.24212    104.497    103.675    11.9367    34.9416      7.991    -0.0658 1.6880e-11  1027.0246    11.9231    26.5583     5.8212    177.206    8.66041  263.63394     67.217 0.0000e+00
   39.55268  -72.24212    104.529    103.706    11.9367    34.9414      7.986    -0.0658 1.6880e-11  1027.0246    11.9231    26.5583     5.8179    177.104    8.66054  263.63758     67.177 0.0000e+00
   39.55268  -72.24212    104.550    103.727    11.9363    34.9411      7.991    -0.0658 1.6880e-11  1027.0244    11.9228    26.5581     5.8196    177.155    8.66060  263.63958     67.196 0.0000e+00
   39.55268  -72.24212    104.602    103.778    11.9359    34.9407      7.991    -0.0658 1.6880e-11  1027.0242    11.9223    26.5579     5.8215    177.214    8.66068  263.64197     67.218 0.0000e+00
   39.55268  -72.24212    104.631    103.807    11.9355    34.9407      7.991    -0.0658 1.6880e-11  1027.0243    11.9220    26.5579     5.8230    177.260    8.66070  263.64264     67.235 0.0000e+00
   39.55268  -72.24212    104.663    103.839    11.9349    34.9410      7.991    -0.0524 1.6880e-11  1027.0252    11.9213    26.5582     5.8240    177.291    8.66071  263.64271     67.247 0.0000e+00
   39.55268  -72.24212    104.704    103.880    11.9347    34.9413      7.986    -0.0524 1.6880e-11  1027.0256    11.9211    26.5586     5.8253    177.330    8.66071  263.64247     67.261 0.0000e+00
   39.55268  -72.24212    104.746    103.921    11.9345    34.9415      7.991    -0.0524 1.6880e-11  1027.0259    11.9209    26.5588     5.8268    177.374    8.66066  263.64091     67.278 0.0000e+00
   39.55268  -72.24212    104.765    103.941    11.9342    34.9418      7.991    -0.0524 1.6880e-11  1027.0263    11.9206    26.5590     5.8230    177.260    8.66066  263.64054     67.235 0.0000e+00
   39.55268  -72.24212    104.797    103.972    11.9342    34.9420      7.991    -0.0524 1.6880e-11  1027.0266    11.9206    26.5593     5.8244    177.301    8.66077  263.64361     67.250 0.0000e+00
   39.55268  -72.24212    104.839    104.014    11.9340    34.9424      7.986    -0.0524 1.6880e-11  1027.0270    11.9204    26.5595     5.8253    177.327    8.66080  263.64428     67.260 0.0000e+00
   39.55268  -72.24212    104.870    104.044    11.9340    34.9429      7.991    -0.0524 1.6880e-11  1027.0275    11.9204    26.5600     5.8264    177.362    8.66089  263.64709     67.272 0.0000e+00
   39.55268  -72.24212    104.911    104.085    11.9338    34.9437      7.986    -0.0524 1.6880e-11  1027.0286    11.9203    26.5606     5.8277    177.401    8.66089  263.64690     67.287 0.0000e+00
   39.55268  -72.24212    104.929    104.103    11.9340    34.9445      7.991    -0.0524 1.6880e-11  1027.0293    11.9204    26.5612     5.8285    177.425    8.66087  263.64620     67.297 0.0000e+00
   39.55268  -72.24212    104.983    104.157    11.9340    34.9452      7.986    -0.0524 1.6880e-11  1027.0298    11.9204    26.5617     5.8295    177.457    8.66093  263.64801     67.308 0.0000e+00
   39.55268  -72.24212    105.004    104.177    11.9342    34.9463      7.986    -0.0524 1.6880e-11  1027.0306    11.9206    26.5626     5.8301    177.474    8.66096  263.64883     67.315 0.0000e+00
   39.55268  -72.24212    105.045    104.217    11.9343    34.9481      7.986    -0.0524 1.6880e-11  1027.0322    11.9207    26.5639     5.8315    177.516    8.66098  263.64970     67.330 0.0000e+00
   39.55268  -72.24212    105.085    104.257    11.9347    34.9503      7.991    -0.0524 1.6880e-11  1027.0342    11.9211    26.5655     5.8269    177.376    8.66096  263.64886     67.278 0.0000e+00
   39.55268  -72.24212    105.096    104.268    11.9352    34.9524      7.991    -0.0524 1.6880e-11  1027.0362    11.9216    26.5670     5.8280    177.411    8.66100  263.64995     67.290 0.0000e+00
   39.55268  -72.24212    105.138    104.310    11.9357    34.9536      7.991    -0.0524 1.6880e-11  1027.0373    11.9221    26.5679     5.8286    177.429    8.66097  263.64913     67.298 0.0000e+00
   39.55268  -72.24212    105.167    104.339    11.9363    34.9541      7.986    -0.0524 1.6880e-11  1027.0371    11.9227    26.5682     5.8240    177.289    8.66102  263.65041     67.244 0.0000e+00
   39.55268  -72.24212    105.210    104.381    11.9368    34.9549      7.986    -0.0524 1.6880e-11  1027.0374    11.9232    26.5688     5.8237    177.280    8.66102  263.65036     67.241 0.0000e+00
   39.55268  -72.24212    105.231    104.402    11.9372    34.9566      7.991    -0.0524 1.6880e-11  1027.0392    11.9236    26.5700     5.8236    177.276    8.66101  263.64993     67.239 0.0000e+00
   39.55268  -72.24212    105.272    104.443    11.9380    34.9586      7.991    -0.0524 1.6880e-11  1027.0411    11.9244    26.5714     5.8237    177.280    8.66107  263.65177     67.240 0.0000e+00
   39.55268  -72.24212    105.301    104.472    11.9390    34.9603      7.991    -0.0524 1.6880e-11  1027.0424    11.9254    26.5725     5.8240    177.288    8.66106  263.65142     67.243 0.0000e+00
   39.55268  -72.24212    105.333    104.504    11.9393    34.9610      7.991    -0.0524 1.6880e-11  1027.0435    11.9257    26.5730     5.8238    177.281    8.66107  263.65149     67.241 0.0000e+00
   39.55268  -72.24212    105.365    104.536    11.9402    34.9605      7.986    -0.0524 1.6880e-11  1027.0425    11.9265    26.5725     5.8189    177.134    8.66106  263.65100     67.185 0.0000e+00
   39.55268  -72.24212    105.394    104.564    11.9407    34.9600      7.991    -0.0524 1.6880e-11  1027.0413    11.9271    26.5721     5.8185    177.120    8.66116  263.65360     67.179 0.0000e+00
   39.55268  -72.24212    105.426    104.596    11.9407    34.9603      7.986    -0.0524 1.6880e-11  1027.0425    11.9271    26.5721     5.8128    176.947    8.66123  263.65560     67.113 0.0000e+00
   39.55268  -72.24212    105.447    104.617    11.9413    34.9606      7.986    -0.0524 1.6880e-11  1027.0428    11.9277    26.5723     5.8175    177.090    8.66126  263.65640     67.167 0.0000e+00
   39.55268  -72.24212    105.478    104.647    11.9414    34.9605      7.986    -0.0524 1.6880e-11  1027.0428    11.9277    26.5723     5.8115    176.908    8.66130  263.65781     67.097 0.0000e+00
   39.55268  -72.24212    105.518    104.687    11.9417    34.9602      7.986    -0.0524 1.6880e-11  1027.0426    11.9280    26.5720     5.8111    176.896    8.66131  263.65806     67.093 0.0000e+00
   39.55268  -72.24212    105.531    104.699    11.9419    34.9599      7.986    -0.0524 1.6880e-11  1027.0423    11.9282    26.5717     5.8103    176.871    8.66131  263.65816     67.083 0.0000e+00
   39.55268  -72.24212    105.550    104.719    11.9420    34.9599      7.986    -0.0524 1.6880e-11  1027.0420    11.9283    26.5716     5.8042    176.686    8.66133  263.65883     67.013 0.0000e+00
   39.55268  -72.24212    105.590    104.759    11.9419    34.9604      7.986    -0.0524 1.6880e-11  1027.0428    11.9282    26.5720     5.8031    176.652    8.66128  263.65729     67.001 0.0000e+00
   39.55268  -72.24212    105.612    104.781    11.9422    34.9613      7.986    -0.0524 1.6880e-11  1027.0436    11.9285    26.5727     5.7968    176.460    8.66127  263.65663     66.928 0.0000e+00
   39.55268  -72.24212    105.633    104.801    11.9420    34.9622      7.986    -0.0524 1.6880e-11  1027.0449    11.9284    26.5734     5.8010    176.588    8.66135  263.65894     66.976 0.0000e+00
   39.55268  -72.24212    105.672    104.840    11.9423    34.9628      7.986    -0.0524 1.6880e-11  1027.0450    11.9287    26.5739     5.7945    176.390    8.66136  263.65928     66.901 0.0000e+00
   39.55268  -72.24212    105.685    104.852    11.9424    34.9631      7.986    -0.0524 1.6880e-11  1027.0456    11.9287    26.5741     5.7931    176.345    8.66146  263.66206     66.883 0.0000e+00
   39.55268  -72.24212    105.726    104.894    11.9423    34.9631      7.986    -0.0524 1.6880e-11  1027.0457    11.9287    26.5741     5.7863    176.141    8.66151  263.66367     66.805 0.0000e+00
   39.55268  -72.24212    105.744    104.912    11.9424    34.9631      7.986    -0.0524 9.9999e+04  1027.0454    11.9287    26.5741     5.7846    176.088    8.66150  263.66331     66.785 0.0000e+00
   39.55268  -72.24212    105.768    104.935    11.9423    34.9633      7.986    -0.0524 9.9999e+04  1027.0461    11.9286    26.5743     5.7777    175.878    8.66151  263.66339     66.706 0.0000e+00
   39.55268  -72.24212    105.808    104.975    11.9425    34.9638      7.986    -0.0524 9.9999e+04  1027.0463    11.9288    26.5746     5.7758    175.821    8.66151  263.66333     66.684 0.0000e+00
   39.55268  -72.24212    105.828    104.994    11.9424    34.9644      7.986    -0.0524 9.9999e+04  1027.0471    11.9287    26.5750     5.7743    175.774    8.66154  263.66434     66.666 0.0000e+00
   39.55268  -72.24212    105.840    105.007    11.9427    34.9651      7.986    -0.0524 9.9999e+04  1027.0474    11.9289    26.5756     5.7730    175.734    8.66154  263.66415     66.651 0.0000e+00
   39.55268  -72.24212    105.871    105.037    11.9424    34.9664      7.986    -0.0524 9.9999e+04  1027.0483    11.9287    26.5766     5.7665    175.537    8.66154  263.66421     66.576 0.0000e+00
   39.55268  -72.24212    105.910    105.075    11.9425    34.9684      7.986    -0.0524 9.9999e+04  1027.0505    11.9288    26.5782     5.7645    175.476    8.66165  263.66732     66.552 0.0000e+00
   39.55268  -72.24212    105.922    105.088    11.9420    34.9704      7.986    -0.0524 9.9999e+04  1027.0526    11.9283    26.5799     5.7634    175.442    8.66167  263.66792     66.539 0.0000e+00
   39.55268  -72.24212    105.940    105.106    11.9408    34.9717      7.986    -0.0524 9.9999e+04  1027.0538    11.9271    26.5810     5.7565    175.233    8.66174  263.66994     66.459 0.0000e+00
   39.55268  -72.24214    105.974    105.139    11.9400    34.9722      7.986    -0.0524 9.9999e+04  1027.0545    11.9263    26.5816     5.7554    175.199    8.66182  263.67221     66.446 0.0000e+00
   39.55268  -72.24214    105.985    105.150    11.9397    34.9722      7.986    -0.0524 9.9999e+04  1027.0545    11.9260    26.5816     5.7485    174.987    8.66186  263.67326     66.365 0.0000e+00
   39.55268  -72.24214    106.024    105.188    11.9395    34.9720      7.986    -0.0524 9.9999e+04  1027.0541    11.9258    26.5814     5.7466    174.930    8.66185  263.67292     66.344 0.0000e+00
   39.55268  -72.24214    106.036    105.201    11.9393    34.9721      7.986    -0.0524 9.9999e+04  1027.0543    11.9256    26.5816     5.7505    175.051    8.66192  263.67483     66.389 0.0000e+00
   39.55268  -72.24214    106.057    105.221    11.9390    34.9728      7.986    -0.0524 9.9999e+04  1027.0551    11.9253    26.5822     5.7445    174.868    8.66192  263.67468     66.319 0.0000e+00
   39.55268  -72.24214    106.085    105.249    11.9387    34.9737      7.986    -0.0524 9.9999e+04  1027.0562    11.9249    26.5831     5.7382    174.676    8.66198  263.67654     66.246 0.0000e+00
   39.55268  -72.24214    106.108    105.272    11.9387    34.9749      7.986    -0.0524 9.9999e+04  1027.0570    11.9249    26.5840     5.7371    174.641    8.66202  263.67776     66.233 0.0000e+00
   39.55268  -72.24214    106.126    105.290    11.9382    34.9761      7.986    -0.0524 9.9999e+04  1027.0584    11.9245    26.5851     5.7308    174.449    8.66203  263.67774     66.160 0.0000e+00
   39.55268  -72.24214    106.150    105.314    11.9372    34.9772      7.986    -0.0524 9.9999e+04  1027.0597    11.9234    26.5860     5.7290    174.396    8.66209  263.67914     66.139 0.0000e+00
