CalculateIndicators/WaterTemperature/Data/CTD_NYOS/20240915_C36.cnv
* Sea-Bird SBE 9 Data File:
* FileName = C:\Seabird 9 CTD\Data\2024\202409_offshore\20240915_C36.hex
* Software Version Seasave V 7.23.2
* Temperature SN = 4590
* Conductivity SN = 3228
* Number of Bytes Per Scan = 44
* Number of Voltage Words = 5
* Number of Scans Averaged by the Deck Unit = 1
* NMEA Latitude = 40 53.44 N
* NMEA Longitude = 072 12.48 W
* NMEA UTC (Time) = Sep 15 2024  11:34:40
* NMEA baud rate = 4800
** Ship: Seawolf
** Station: 11.1
** Operator: TDK
# nquan = 18
# nvalues = 9465                        
# units = specified
# name 0 = latitude: Latitude [deg]
# name 1 = longitude: Longitude [deg]
# name 2 = prDM: Pressure, Digiquartz [db]
# name 3 = depSM: Depth [salt water, m]
# name 4 = t090C: Temperature [ITS-90, deg C]
# name 5 = sal00: Salinity, Practical [PSU]
# name 6 = ph: pH
# name 7 = flECO-AFL: Fluorescence, WET Labs ECO-AFL/FL [mg/m^3]
# name 8 = cpar: CPAR/Corrected Irradiance [%]
# name 9 = density00: Density [density, kg/m^3]
# name 10 = potemp090C: Potential Temperature [ITS-90, deg C]
# name 11 = sigma-é00: Density [sigma-theta, kg/m^3]
# name 12 = sbeox0Mg/L: Oxygen, SBE 43 [mg/l]
# name 13 = sbox0Mm/Kg: Oxygen, SBE 43 [umol/kg]
# name 14 = oxsolMg/L: Oxygen Saturation, Garcia & Gordon [mg/l]
# name 15 = oxsolMm/Kg: Oxygen Saturation, Garcia & Gordon [umol/kg]
# name 16 = sbeox0PS: Oxygen, SBE 43 [% saturation]
# name 17 = flag:  0.000e+00
# span 0 =   40.89056,   40.89068       
# span 1 =  -72.20992,  -72.20800       
# span 2 =      1.897,     20.669       
# span 3 =      1.882,     20.508       
# span 4 =    18.4662,    20.4244       
# span 5 =    30.9852,    31.3179       
# span 6 =      8.033,      8.157       
# span 7 =    -0.0524,     2.0026       
# span 8 = 6.1628e-01, 5.1630e+01       
# span 9 =  1021.6079,  1022.4178       
# span 10 =    18.4627,    20.4240      
# span 11 =    21.6069,    22.3277      
# span 12 =     6.6920,     7.7928      
# span 13 =    204.562,    238.314      
# span 14 =    7.51237,    7.77926      
# span 15 =  229.79571,  237.79666      
# span 16 =     86.113,    102.442      
# span 17 = 0.0000e+00, 0.0000e+00      
# interval = seconds: 0.0416667
# start_time = Sep 15 2024 11:34:40 [System UTC, first data scan.]
# bad_flag = -9.990e-29
*END*
[from data line 965]
   40.89066  -72.20826     11.485     11.396    19.8260    31.0407      8.156     0.1088 3.1949e+00  1021.8408    19.8239    21.7901     7.7732    237.718    7.61549  232.89655    102.070 0.0000e+00
   40.89066  -72.20826     11.506     11.417    19.8232    31.0390      8.156     0.1088 3.1949e+00  1021.8381    19.8211    21.7896     7.7730    237.712    7.61572  232.90345    102.065 0.0000e+00
   40.89066  -72.20826     11.527     11.437    19.8176    31.0389      8.151     0.1088 3.1859e+00  1021.8399    19.8155    21.7906     7.7772    237.842    7.61592  232.90903    102.118 0.0000e+00
   40.89066  -72.20826     11.551     11.462    19.8125    31.0408      8.156     0.1088 3.1859e+00  1021.8433    19.8104    21.7933     7.7773    237.844    7.61607  232.91349    102.117 0.0000e+00
   40.89066  -72.20826     11.587     11.497    19.8083    31.0429      8.151     0.1088 3.1859e+00  1021.8475    19.8062    21.7960     7.7773    237.845    7.61620  232.91775    102.115 0.0000e+00
   40.89066  -72.20826     11.608     11.518    19.8063    31.0424      8.151     0.1088 3.1859e+00  1021.8492    19.8043    21.7962     7.7777    237.856    7.61635  232.92157    102.119 0.0000e+00
   40.89066  -72.20826     11.638     11.548    19.8052    31.0382      8.156     0.1088 3.1769e+00  1021.8434    19.8031    21.7938     7.7778    237.860    7.61624  232.91782    102.122 0.0000e+00
   40.89066  -72.20826     11.663     11.572    19.7985    31.0344      8.151     0.1088 3.1769e+00  1021.8406    19.7964    21.7925     7.7779    237.862    7.61610  232.91368    102.124 0.0000e+00
   40.89066  -72.20826     11.689     11.598    19.7886    31.0354      8.156     0.1088 3.1679e+00  1021.8436    19.7866    21.7953     7.7736    237.731    7.61615  232.91569    102.067 0.0000e+00
   40.89066  -72.20826     11.729     11.638    19.7792    31.0411      8.156     0.1088 3.1412e+00  1021.8530    19.7771    21.8017     7.7782    237.870    7.61638  232.92253    102.124 0.0000e+00
   40.89066  -72.20826     11.750     11.658    19.7739    31.0471      8.156     0.1088 3.1412e+00  1021.8615    19.7718    21.8079     7.7785    237.882    7.61656  232.92812    102.127 0.0000e+00
   40.89066  -72.20826     11.784     11.692    19.7713    31.0498      8.156     0.1088 3.1323e+00  1021.8628    19.7692    21.8109     7.7789    237.892    7.61672  232.93294    102.129 0.0000e+00
   40.89066  -72.20826     11.800     11.709    19.7671    31.0502      8.151     0.1088 3.1073e+00  1021.8629    19.7650    21.8122     7.7793    237.905    7.61698  232.94088    102.131 0.0000e+00
   40.89066  -72.20826     11.831     11.739    19.7633    31.0510      8.156     0.1088 3.0986e+00  1021.8651    19.7612    21.8137     7.7796    237.915    7.61720  232.94752    102.133 0.0000e+00
   40.89066  -72.20826     11.882     11.789    19.7602    31.0518      8.156     0.1088 3.0898e+00  1021.8677    19.7580    21.8151     7.7759    237.800    7.61742  232.95391    102.080 0.0000e+00
   40.89066  -72.20826     11.916     11.823    19.7579    31.0512      8.156     0.1088 3.0465e+00  1021.8675    19.7557    21.8154     7.7808    237.950    7.61767  232.96151    102.141 0.0000e+00
   40.89066  -72.20826     11.942     11.849    19.7546    31.0504      8.152     0.1088 3.0293e+00  1021.8663    19.7524    21.8157     7.7812    237.964    7.61797  232.97053    102.143 0.0000e+00
   40.89066  -72.20826     11.972     11.879    19.7496    31.0519      8.156     0.1088 3.0208e+00  1021.8683    19.7475    21.8179     7.7820    237.987    7.61821  232.97770    102.150 0.0000e+00
   40.89066  -72.20826     12.003     11.909    19.7447    31.0555      8.152     0.1088 2.9869e+00  1021.8752    19.7426    21.8216     7.7823    237.996    7.61844  232.98418    102.151 0.0000e+00
   40.89066  -72.20826     12.048     11.954    19.7437    31.0579      8.152     0.1088 2.9617e+00  1021.8779    19.7416    21.8240     7.7831    238.019    7.61867  232.99098    102.158 0.0000e+00
   40.89066  -72.20826     12.084     11.990    19.7428    31.0577      8.152     0.1088 2.9714e+00  1021.8765    19.7406    21.8243     7.7838    238.040    7.61887  232.99706    102.165 0.0000e+00
   40.89066  -72.20826     12.104     12.010    19.7400    31.0570      8.152     0.1088 2.9380e+00  1021.8767    19.7378    21.8244     7.7841    238.051    7.61911  233.00409    102.166 0.0000e+00
   40.89066  -72.20826     12.148     12.054    19.7369    31.0567      8.152     0.1088 2.9132e+00  1021.8777    19.7347    21.8248     7.7844    238.059    7.61930  233.01005    102.167 0.0000e+00
   40.89066  -72.20826     12.174     12.080    19.7342    31.0567      8.152     0.1088 2.9050e+00  1021.8781    19.7321    21.8256     7.7847    238.069    7.61956  233.01756    102.168 0.0000e+00
   40.89066  -72.20826     12.225     12.130    19.7311    31.0575      8.157     0.1088 2.8805e+00  1021.8799    19.7289    21.8269     7.7850    238.078    7.61983  233.02566    102.168 0.0000e+00
   40.89066  -72.20826     12.260     12.164    19.7280    31.0591      8.152     0.1088 2.8562e+00  1021.8820    19.7258    21.8290     7.7854    238.088    7.62009  233.03361    102.169 0.0000e+00
   40.89066  -72.20826     12.297     12.201    19.7254    31.0613      8.157     0.1088 2.8562e+00  1021.8848    19.7232    21.8313     7.7857    238.099    7.62045  233.04454    102.169 0.0000e+00
   40.89066  -72.20826     12.306     12.211    19.7236    31.0631      8.152     0.1088 2.8481e+00  1021.8873    19.7214    21.8331     7.7906    238.247    7.62077  233.05390    102.228 0.0000e+00
   40.89066  -72.20826     12.337     12.241    19.7230    31.0637      8.152     0.1088 2.8321e+00  1021.8879    19.7208    21.8339     7.7866    238.126    7.62098  233.05989    102.174 0.0000e+00
   40.89066  -72.20826     12.382     12.286    19.7217    31.0632      8.152     0.1088 2.8241e+00  1021.8877    19.7195    21.8339     7.7913    238.268    7.62118  233.06582    102.232 0.0000e+00
   40.89066  -72.20826     12.418     12.321    19.7194    31.0628      8.152     0.1088 2.8241e+00  1021.8874    19.7172    21.8340     7.7869    238.133    7.62138  233.07173    102.172 0.0000e+00
   40.89066  -72.20826     12.459     12.362    19.7163    31.0634      8.152     0.1088 2.8161e+00  1021.8887    19.7140    21.8352     7.7914    238.272    7.62153  233.07621    102.229 0.0000e+00
   40.89066  -72.20826     12.494     12.396    19.7131    31.0653      8.152     0.1088 2.8161e+00  1021.8915    19.7109    21.8374     7.7922    238.296    7.62165  233.08001    102.238 0.0000e+00
   40.89066  -72.20826     12.510     12.413    19.7107    31.0677      8.157     0.1088 2.8161e+00  1021.8949    19.7084    21.8397     7.7926    238.307    7.62178  233.08374    102.241 0.0000e+00
   40.89066  -72.20826     12.550     12.452    19.7103    31.0691      8.152     0.1088 2.8003e+00  1021.8963    19.7081    21.8411     7.7884    238.179    7.62193  233.08820    102.184 0.0000e+00
   40.89066  -72.20826     12.594     12.496    19.7099    31.0693      8.152     0.1088 2.7924e+00  1021.8964    19.7077    21.8414     7.7928    238.314    7.62206  233.09185    102.241 0.0000e+00
   40.89066  -72.20826     12.612     12.514    19.7091    31.0686      8.152     0.1088 2.7924e+00  1021.8962    19.7068    21.8411     7.7886    238.184    7.62216  233.09489    102.183 0.0000e+00
   40.89066  -72.20826     12.635     12.537    19.7079    31.0673      8.152     0.1088 2.7766e+00  1021.8954    19.7056    21.8405     7.7883    238.177    7.62221  233.09621    102.180 0.0000e+00
   40.89066  -72.20826     12.693     12.594    19.7058    31.0657      8.152     0.1088 2.7688e+00  1021.8949    19.7035    21.8399     7.7882    238.172    7.62232  233.09973    102.176 0.0000e+00
   40.89066  -72.20826     12.703     12.604    19.7023    31.0642      8.152     0.1088 2.7688e+00  1021.8943    19.7000    21.8396     7.7879    238.164    7.62236  233.10084    102.172 0.0000e+00
   40.89066  -72.20826     12.726     12.627    19.6972    31.0637      8.152     0.1088 2.7454e+00  1021.8948    19.6949    21.8405     7.7876    238.155    7.62240  233.10178    102.168 0.0000e+00
   40.89066  -72.20826     12.763     12.664    19.6909    31.0650      8.152     0.1088 2.7377e+00  1021.8979    19.6887    21.8430     7.7919    238.285    7.62243  233.10301    102.223 0.0000e+00
   40.89066  -72.20826     12.793     12.694    19.6845    31.0679      8.152     0.1088 2.7377e+00  1021.9020    19.6823    21.8467     7.7876    238.153    7.62261  233.10859    102.164 0.0000e+00
   40.89066  -72.20826     12.828     12.728    19.6790    31.0714      8.152     0.1088 2.7146e+00  1021.9070    19.6768    21.8507     7.7875    238.151    7.62291  233.11760    102.159 0.0000e+00
   40.89066  -72.20826     12.855     12.755    19.6755    31.0748      8.152     0.1088 2.7069e+00  1021.9104    19.6732    21.8542     7.7874    238.146    7.62315  233.12446    102.154 0.0000e+00
   40.89066  -72.20826     12.888     12.788    19.6729    31.0774      8.152     0.1088 2.7069e+00  1021.9134    19.6706    21.8568     7.7917    238.278    7.62333  233.13012    102.208 0.0000e+00
   40.89066  -72.20826     12.916     12.815    19.6717    31.0790      8.152     0.1088 2.6917e+00  1021.9153    19.6694    21.8584     7.7877    238.157    7.62356  233.13700    102.153 0.0000e+00
   40.89066  -72.20826     12.936     12.836    19.6708    31.0794      8.152     0.1088 2.6753e+00  1021.9156    19.6685    21.8591     7.7835    238.028    7.62388  233.14671    102.093 0.0000e+00
   40.89066  -72.20826     12.969     12.869    19.6694    31.0793      8.152     0.1088 2.6677e+00  1021.9154    19.6671    21.8593     7.7830    238.012    7.62418  233.15551    102.083 0.0000e+00
   40.89066  -72.20826     12.997     12.896    19.6677    31.0796      8.152     0.1088 2.6602e+00  1021.9163    19.6654    21.8600     7.7870    238.136    7.62452  233.16558    102.132 -9.990e-29
   40.89066  -72.20826     12.997     12.896    19.6659    31.0803      8.152     0.1088 2.6452e+00  1021.9176    19.6636    21.8610     7.7824    237.992    7.62480  233.17368    102.066 -9.990e-29
   40.89066  -72.20826     13.041     12.940    19.6645    31.0810      8.152     0.1222 2.6452e+00  1021.9189    19.6622    21.8618     7.7821    237.983    7.62494  233.17735    102.061 0.0000e+00
   40.89066  -72.20826     13.067     12.965    19.6638    31.0816      8.152     0.1491 2.6377e+00  1021.9185    19.6615    21.8625     7.7817    237.971    7.62497  233.17784    102.055 0.0000e+00
   40.89066  -72.20826     13.081     12.979    19.6621    31.0830      8.152     0.1491 2.6303e+00  1021.9209    19.6597    21.8638     7.7813    237.960    7.62498  233.17858    102.050 0.0000e+00
   40.89066  -72.20826     13.108     13.006    19.6621    31.0843      8.152     0.1491 2.6143e+00  1021.9228    19.6598    21.8650     7.7766    237.816    7.62516  233.18416    101.986 0.0000e+00
   40.89066  -72.20826     13.122     13.020    19.6631    31.0845      8.152     0.1491 2.6143e+00  1021.9225    19.6608    21.8650     7.7806    237.937    7.62533  233.18925    102.036 -9.990e-29
   40.89066  -72.20826     13.118     13.016    19.6633    31.0837      8.152     0.1491 2.6069e+00  1021.9211    19.6610    21.8644     7.7760    237.795    7.62556  233.19608    101.972 -9.990e-29
   40.89066  -72.20826     13.148     13.046    19.6619    31.0830      8.152     0.1491 2.6069e+00  1021.9211    19.6596    21.8641     7.7751    237.769    7.62576  233.20210    101.958 0.0000e+00
   40.89066  -72.20826     13.173     13.071    19.6607    31.0827      8.152     0.1491 2.6069e+00  1021.9214    19.6583    21.8641     7.7702    237.618    7.62606  233.21094    101.890 0.0000e+00
   40.89066  -72.20826     13.189     13.087    19.6597    31.0824      8.152     0.1491 2.5996e+00  1021.9215    19.6573    21.8642     7.7740    237.736    7.62639  233.22050    101.936 0.0000e+00
   40.89066  -72.20826     13.213     13.110    19.6579    31.0822      8.152     0.1491 2.5911e+00  1021.9218    19.6556    21.8645     7.7737    237.727    7.62669  233.22930    101.928 0.0000e+00
   40.89066  -72.20826     13.220     13.117    19.6563    31.0823      8.152     0.1491 2.5911e+00  1021.9224    19.6539    21.8650     7.7734    237.716    7.62691  233.23569    101.921 0.0000e+00
   40.89066  -72.20826     13.240     13.137    19.6546    31.0825      8.152     0.1491 2.5984e+00  1021.9233    19.6523    21.8656     7.7686    237.567    7.62710  233.24121    101.855 0.0000e+00
   40.89066  -72.20826     13.243     13.140    19.6530    31.0828      8.152     0.1491 2.5911e+00  1021.9235    19.6506    21.8663     7.7676    237.538    7.62738  233.25037    101.838 0.0000e+00
   40.89066  -72.20826     13.280     13.177    19.6504    31.0834      8.152     0.1491 2.5984e+00  1021.9251    19.6481    21.8673     7.7669    237.519    7.62759  233.25717    101.827 0.0000e+00
   40.89066  -72.20826     13.284     13.181    19.6485    31.0843      8.152     0.1491 2.5900e+00  1021.9262    19.6461    21.8684     7.7660    237.488    7.62742  233.25091    101.817 -9.990e-29
   40.89066  -72.20826     13.280     13.177    19.6466    31.0850      8.152     0.1491 2.5973e+00  1021.9274    19.6443    21.8695     7.7652    237.464    7.62738  233.24940    101.807 -9.990e-29
   40.89066  -72.20826     13.315     13.211    19.6448    31.0857      8.152     0.1491 2.5973e+00  1021.9284    19.6425    21.8705     7.7646    237.446    7.62747  233.25218    101.798 -9.990e-29
   40.89066  -72.20826     13.310     13.207    19.6431    31.0865      8.152     0.1491 2.6047e+00  1021.9294    19.6408    21.8715     7.7596    237.292    7.62760  233.25616    101.730 -9.990e-29
   40.89066  -72.20826     13.334     13.230    19.6411    31.0869      8.152     0.1491 2.6120e+00  1021.9307    19.6388    21.8723     7.7632    237.403    7.62766  233.25783    101.777 0.0000e+00
   40.89066  -72.20826     13.342     13.238    19.6400    31.0871      8.152     0.1491 2.6036e+00  1021.9306    19.6376    21.8728     7.7583    237.252    7.62780  233.26195    101.711 0.0000e+00
   40.89066  -72.20826     13.352     13.248    19.6380    31.0873      8.152     0.1491 2.6110e+00  1021.9315    19.6357    21.8735     7.7575    237.228    7.62787  233.26381    101.700 0.0000e+00
   40.89066  -72.20826     13.365     13.262    19.6359    31.0877      8.152     0.1491 2.6183e+00  1021.9325    19.6336    21.8743     7.7567    237.204    7.62788  233.26395    101.689 0.0000e+00
   40.89066  -72.20826     13.392     13.287    19.6340    31.0880      8.152     0.1491 2.6173e+00  1021.9333    19.6316    21.8750     7.7561    237.185    7.62796  233.26646    101.680 -9.990e-29
   40.89066  -72.20826     13.385     13.281    19.6315    31.0883      8.152     0.1491 2.6173e+00  1021.9337    19.6292    21.8758     7.7510    237.029    7.62805  233.26922    101.612 -9.990e-29
   40.89066  -72.20826     13.403     13.298    19.6289    31.0889      8.152     0.1491 2.6247e+00  1021.9353    19.6266    21.8769     7.7546    237.138    7.62807  233.26969    101.658 0.0000e+00
   40.89066  -72.20826     13.426     13.322    19.6272    31.0898      8.152     0.1222 2.6162e+00  1021.9366    19.6248    21.8780     7.7499    236.996    7.62805  233.26895    101.598 -9.990e-29
   40.89066  -72.20826     13.423     13.319    19.6256    31.0906      8.152     0.1222 2.6162e+00  1021.9373    19.6232    21.8790     7.7491    236.972    7.62805  233.26900    101.587 -9.990e-29
   40.89066  -72.20826     13.447     13.342    19.6238    31.0913      8.152     0.1222 2.6089e+00  1021.9387    19.6215    21.8800     7.7487    236.960    7.62797  233.26655    101.583 0.0000e+00
   40.89066  -72.20826     13.453     13.349    19.6227    31.0917      8.152     0.1222 2.6089e+00  1021.9393    19.6203    21.8807     7.7481    236.939    7.62794  233.26570    101.575 0.0000e+00
