CalculateIndicators/WaterTemperature/Data/CTD_NYOS/20240429_C32.cnv
* Sea-Bird SBE 9 Data File:
* FileName = C:\Seabird 9 CTD\Data\2024\202404_offshore\20240429_C32.hex
* Software Version Seasave V 7.23.2
* Temperature SN = 4590
* Conductivity SN = 3228
* Number of Bytes Per Scan = 44
* Number of Voltage Words = 5
* Number of Scans Averaged by the Deck Unit = 1
* NMEA Latitude = 40 18.39 N
* NMEA Longitude = 071 48.01 W
* NMEA UTC (Time) = Apr 29 2024  10:01:40
* NMEA baud rate = 4800
** Ship: Seawolf
** Station: 11.4
** Operator: TDK
# nquan = 18
# nvalues = 18848                       
# units = specified
# name 0 = latitude: Latitude [deg]
# name 1 = longitude: Longitude [deg]
# name 2 = prDM: Pressure, Digiquartz [db]
# name 3 = depSM: Depth [salt water, m]
# name 4 = t090C: Temperature [ITS-90, deg C]
# name 5 = sal00: Salinity, Practical [PSU]
# name 6 = ph: pH
# name 7 = flECO-AFL: Fluorescence, WET Labs ECO-AFL/FL [mg/m^3]
# name 8 = cpar: CPAR/Corrected Irradiance [%]
# name 9 = density00: Density [density, kg/m^3]
# name 10 = potemp090C: Potential Temperature [ITS-90, deg C]
# name 11 = sigma-é00: Density [sigma-theta, kg/m^3]
# name 12 = sbeox0Mg/L: Oxygen, SBE 43 [mg/l]
# name 13 = sbox0Mm/Kg: Oxygen, SBE 43 [umol/kg]
# name 14 = oxsolMg/L: Oxygen Saturation, Garcia & Gordon [mg/l]
# name 15 = oxsolMm/Kg: Oxygen Saturation, Garcia & Gordon [umol/kg]
# name 16 = sbeox0PS: Oxygen, SBE 43 [% saturation]
# name 17 = flag:  0.000e+00
# span 0 =   40.30650,   40.30696       
# span 1 =  -71.80022,  -71.79914       
# span 2 =      1.613,     71.276       
# span 3 =      1.601,     70.716       
# span 4 =     6.0652,     8.1997       
# span 5 =    32.0016,    32.1274       
# span 6 =      7.923,      8.046       
# span 7 =    -0.0255,     1.5459       
# span 8 = 8.7310e-13, 2.2680e+01       
# span 9 =  1024.9301,  1025.5994       
# span 10 =     6.0605,     8.1994      
# span 11 =    24.9167,    25.2710      
# span 12 =     9.1251,    10.3241      
# span 13 =    278.140,    314.761      
# span 14 =    9.57218,   10.04925      
# span 15 =  291.86123,  306.30583      
# span 16 =     90.807,    107.281      
# span 17 = 0.0000e+00, 0.0000e+00      
# interval = seconds: 0.0416667
# start_time = Apr 29 2024 10:01:39 [System UTC, first data scan.]
# bad_flag = -9.990e-29
*END*
[from data line 8443]
   40.30688  -71.79970     50.377     49.983     6.7163    32.1027      7.958     0.1088 9.7385e-13  1025.4064     6.7120    25.1748     9.5197    290.188    9.89805  301.72267     96.177 -9.990e-29
   40.30688  -71.79970     50.389     49.996     6.7164    32.1028      7.958     0.1088 9.7385e-13  1025.4066     6.7121    25.1749     9.5204    290.209    9.89807  301.72324     96.184 -9.990e-29
   40.30688  -71.79970     50.387     49.993     6.7162    32.1030      7.958     0.1088 9.7385e-13  1025.4070     6.7119    25.1751     9.5212    290.234    9.89813  301.72502     96.192 -9.990e-29
   40.30688  -71.79970     50.398     50.004     6.7164    32.1032      7.958     0.1088 9.7385e-13  1025.4069     6.7121    25.1751     9.5155    290.062    9.89813  301.72499     96.134 -9.990e-29
   40.30688  -71.79970     50.407     50.014     6.7167    32.1032      7.958     0.1088 9.7385e-13  1025.4071     6.7124    25.1751     9.5155    290.061    9.89819  301.72682     96.134 -9.990e-29
   40.30688  -71.79970     50.410     50.016     6.7169    32.1031      7.958     0.1088 9.7385e-13  1025.4069     6.7125    25.1750     9.5154    290.058    9.89815  301.72555     96.133 -9.990e-29
   40.30688  -71.79970     50.428     50.034     6.7170    32.1031      7.958     0.1088 9.7385e-13  1025.4069     6.7127    25.1750     9.5145    290.031    9.89817  301.72623     96.124 -9.990e-29
   40.30688  -71.79970     50.417     50.023     6.7172    32.1031      7.958     0.1088 9.7385e-13  1025.4070     6.7129    25.1750     9.5146    290.035    9.89821  301.72739     96.125 -9.990e-29
   40.30688  -71.79970     50.431     50.037     6.7170    32.1031      7.958     0.1088 9.7385e-13  1025.4071     6.7127    25.1750     9.5137    290.006    9.89809  301.72397     96.116 -9.990e-29
   40.30688  -71.79970     50.438     50.044     6.7173    32.1028      7.958     0.1088 9.7385e-13  1025.4066     6.7130    25.1748     9.5204    290.210    9.89813  301.72511     96.184 -9.990e-29
   40.30688  -71.79970     50.428     50.034     6.7172    32.1027      7.958     0.1088 9.7385e-13  1025.4066     6.7129    25.1747     9.5216    290.247    9.89811  301.72442     96.196 -9.990e-29
   40.30688  -71.79970     50.450     50.056     6.7170    32.1027      7.958     0.1088 9.7385e-13  1025.4069     6.7127    25.1748     9.5218    290.253    9.89805  301.72248     96.199 -9.990e-29
   40.30688  -71.79970     50.449     50.055     6.7167    32.1027      7.958     0.1088 9.7385e-13  1025.4069     6.7124    25.1748     9.5157    290.066    9.89812  301.72468     96.136 -9.990e-29
   40.30688  -71.79970     50.449     50.055     6.7169    32.1026      7.958     0.1088 9.7385e-13  1025.4068     6.7125    25.1747     9.5215    290.243    9.89813  301.72506     96.195 -9.990e-29
   40.30688  -71.79970     50.450     50.056     6.7169    32.1024      7.958     0.1088 9.7385e-13  1025.4068     6.7125    25.1746     9.5153    290.055    9.89810  301.72406     96.133 -9.990e-29
   40.30688  -71.79970     50.458     50.064     6.7169    32.1022      7.958     0.1088 9.7385e-13  1025.4062     6.7125    25.1744     9.5148    290.038    9.89814  301.72535     96.127 -9.990e-29
   40.30688  -71.79970     50.458     50.064     6.7169    32.1023      7.958     0.1088 9.7385e-13  1025.4064     6.7125    25.1744     9.5141    290.020    9.89812  301.72477     96.121 -9.990e-29
   40.30688  -71.79970     50.461     50.067     6.7167    32.1025      7.958     0.1088 9.7385e-13  1025.4069     6.7124    25.1746     9.5136    290.002    9.89809  301.72371     96.115 -9.990e-29
   40.30688  -71.79970     50.458     50.064     6.7166    32.1026      7.958     0.1088 9.5547e-13  1025.4069     6.7122    25.1747     9.5205    290.212    9.89805  301.72232     96.185 -9.990e-29
   40.30688  -71.79970     50.458     50.064     6.7169    32.1026      7.958     0.1088 9.7385e-13  1025.4067     6.7125    25.1747     9.5145    290.030    9.89799  301.72055     96.125 -9.990e-29
   40.30688  -71.79970     50.458     50.064     6.7169    32.1027      7.958     0.1088 9.5547e-13  1025.4068     6.7125    25.1748     9.5140    290.017    9.89797  301.72001     96.121 -9.990e-29
   40.30688  -71.79970     50.450     50.056     6.7169    32.1029      7.958     0.1088 9.5547e-13  1025.4071     6.7125    25.1749     9.5146    290.035    9.89795  301.71932     96.127 -9.990e-29
   40.30688  -71.79970     50.458     50.064     6.7167    32.1029      7.958     0.1088 9.5547e-13  1025.4070     6.7124    25.1749     9.5143    290.025    9.89792  301.71831     96.125 -9.990e-29
   40.30688  -71.79970     50.458     50.064     6.7167    32.1028      7.958     0.1088 9.5547e-13  1025.4070     6.7123    25.1748     9.5141    290.017    9.89792  301.71844     96.122 -9.990e-29
   40.30688  -71.79970     50.440     50.046     6.7167    32.1025      7.958     0.1088 9.5547e-13  1025.4067     6.7124    25.1746     9.5138    290.008    9.89784  301.71591     96.120 -9.990e-29
   40.30688  -71.79970     50.449     50.055     6.7169    32.1024      7.958     0.1088 9.5547e-13  1025.4063     6.7125    25.1745     9.5135    290.001    9.89779  301.71449     96.118 -9.990e-29
   40.30688  -71.79970     50.449     50.055     6.7167    32.1025      7.958     0.1088 9.5547e-13  1025.4067     6.7124    25.1745     9.5199    290.194    9.89781  301.71524     96.182 -9.990e-29
   40.30688  -71.79970     50.431     50.037     6.7167    32.1025      7.958     0.1088 9.5547e-13  1025.4066     6.7124    25.1746     9.5207    290.221    9.89784  301.71608     96.190 -9.990e-29
   40.30688  -71.79970     50.428     50.034     6.7169    32.1025      7.958     0.1088 9.5547e-13  1025.4064     6.7125    25.1746     9.5152    290.052    9.89789  301.71788     96.133 -9.990e-29
   40.30688  -71.79970     50.417     50.023     6.7167    32.1025      7.958     0.1088 9.5547e-13  1025.4065     6.7124    25.1746     9.5151    290.048    9.89788  301.71737     96.133 -9.990e-29
   40.30688  -71.79970     50.410     50.016     6.7169    32.1024      7.958     0.1088 9.5547e-13  1025.4065     6.7125    25.1745     9.5149    290.042    9.89773  301.71284     96.132 -9.990e-29
   40.30688  -71.79970     50.398     50.004     6.7172    32.1024      7.958     0.1088 9.5547e-13  1025.4061     6.7129    25.1744     9.5148    290.041    9.89769  301.71143     96.132 -9.990e-29
   40.30688  -71.79970     50.407     50.014     6.7169    32.1025      7.958     0.1088 9.7385e-13  1025.4065     6.7125    25.1745     9.5212    290.236    9.89762  301.70921     96.197 -9.990e-29
   40.30688  -71.79970     50.380     49.986     6.7172    32.1027      7.958     0.1088 9.7385e-13  1025.4063     6.7129    25.1746     9.5220    290.260    9.89747  301.70440     96.207 -9.990e-29
   40.30688  -71.79970     50.366     49.973     6.7171    32.1027      7.958     0.1088 9.5547e-13  1025.4064     6.7128    25.1746     9.5166    290.093    9.89740  301.70249     96.152 -9.990e-29
   40.30688  -71.79970     50.366     49.973     6.7173    32.1027      7.958     0.1088 9.5547e-13  1025.4063     6.7130    25.1746     9.5166    290.094    9.89739  301.70228     96.153 -9.990e-29
   40.30688  -71.79970     50.348     49.955     6.7172    32.1028      7.958     0.1088 9.5547e-13  1025.4065     6.7129    25.1747     9.5167    290.097    9.89733  301.70037     96.154 -9.990e-29
   40.30688  -71.79970     50.336     49.942     6.7173    32.1029      7.958     0.1088 9.5547e-13  1025.4064     6.7130    25.1748     9.5167    290.098    9.89725  301.69809     96.155 -9.990e-29
   40.30688  -71.79970     50.326     49.933     6.7173    32.1028      7.958     0.1088 9.5547e-13  1025.4063     6.7130    25.1747     9.5169    290.104    9.89724  301.69806     96.157 -9.990e-29
   40.30688  -71.79970     50.308     49.915     6.7172    32.1026      7.958     0.1088 9.5547e-13  1025.4060     6.7129    25.1745     9.5237    290.311    9.89733  301.70077     96.225 -9.990e-29
   40.30688  -71.79970     50.295     49.903     6.7175    32.1025      7.958     0.1088 9.5547e-13  1025.4057     6.7132    25.1744     9.5185    290.153    9.89740  301.70276     96.172 -9.990e-29
   40.30688  -71.79970     50.275     49.882     6.7175    32.1026      7.958     0.1088 9.5547e-13  1025.4059     6.7132    25.1746     9.5188    290.163    9.89743  301.70385     96.175 -9.990e-29
   40.30688  -71.79970     50.257     49.864     6.7172    32.1026      7.958     0.1088 9.5547e-13  1025.4060     6.7129    25.1746     9.5191    290.172    9.89741  301.70305     96.178 -9.990e-29
   40.30688  -71.79970     50.264     49.871     6.7175    32.1025      7.958     0.1088 9.5547e-13  1025.4057     6.7132    25.1745     9.5249    290.348    9.89740  301.70244     96.237 -9.990e-29
   40.30688  -71.79970     50.233     49.841     6.7173    32.1024      7.958     0.1088 9.5547e-13  1025.4055     6.7130    25.1744     9.5252    290.356    9.89736  301.70131     96.240 -9.990e-29
   40.30688  -71.79970     50.215     49.823     6.7173    32.1024      7.958     0.1088 9.3778e-13  1025.4053     6.7130    25.1744     9.5254    290.364    9.89739  301.70230     96.242 -9.990e-29
   40.30688  -71.79970     50.203     49.811     6.7173    32.1026      7.958     0.1088 9.5547e-13  1025.4055     6.7130    25.1745     9.5202    290.205    9.89739  301.70224     96.189 -9.990e-29
   40.30688  -71.79970     50.182     49.790     6.7172    32.1027      7.958     0.1088 9.3778e-13  1025.4056     6.7129    25.1746     9.5269    290.408    9.89735  301.70113     96.257 -9.990e-29
   40.30688  -71.79970     50.175     49.783     6.7172    32.1027      7.958     0.1088 9.3778e-13  1025.4056     6.7129    25.1746     9.5281    290.445    9.89732  301.70030     96.270 -9.990e-29
   40.30688  -71.79970     50.142     49.751     6.7172    32.1027      7.958     0.1088 9.5547e-13  1025.4052     6.7129    25.1746     9.5293    290.482    9.89726  301.69841     96.282 -9.990e-29
   40.30688  -71.79970     50.142     49.751     6.7169    32.1028      7.958     0.1088 9.3778e-13  1025.4055     6.7126    25.1747     9.5241    290.322    9.89723  301.69762     96.229 -9.990e-29
   40.30688  -71.79970     50.113     49.722     6.7169    32.1028      7.958     0.1088 9.3778e-13  1025.4053     6.7126    25.1748     9.5243    290.330    9.89718  301.69615     96.233 -9.990e-29
   40.30688  -71.79970     50.101     49.710     6.7166    32.1027      7.958     0.1088 9.3778e-13  1025.4054     6.7123    25.1748     9.5237    290.312    9.89720  301.69664     96.226 -9.990e-29
   40.30688  -71.79970     50.080     49.689     6.7169    32.1027      7.958     0.1088 9.3778e-13  1025.4050     6.7126    25.1748     9.5295    290.488    9.89718  301.69602     96.285 -9.990e-29
   40.30688  -71.79970     50.062     49.671     6.7167    32.1028      7.958     0.1088 9.3778e-13  1025.4050     6.7124    25.1748     9.5298    290.496    9.89715  301.69504     96.288 -9.990e-29
   40.30688  -71.79970     50.050     49.659     6.7164    32.1029      7.958     0.1088 9.3778e-13  1025.4054     6.7121    25.1749     9.5236    290.307    9.89715  301.69524     96.225 -9.990e-29
   40.30688  -71.79970     50.029     49.638     6.7170    32.1029      7.958     0.1088 9.3778e-13  1025.4048     6.7128    25.1749     9.5294    290.485    9.89725  301.69859     96.283 -9.990e-29
   40.30688  -71.79970     50.011     49.620     6.7168    32.1029      7.958     0.1088 9.3778e-13  1025.4049     6.7125    25.1749     9.5233    290.300    9.89740  301.70300     96.220 -9.990e-29
   40.30688  -71.79970     49.999     49.608     6.7169    32.1030      7.958     0.1088 9.3778e-13  1025.4050     6.7126    25.1749     9.5237    290.310    9.89748  301.70523     96.223 -9.990e-29
   40.30688  -71.79970     49.989     49.599     6.7172    32.1030      7.958     0.1088 9.3778e-13  1025.4048     6.7129    25.1749     9.5303    290.514    9.89743  301.70380     96.291 -9.990e-29
   40.30688  -71.79970     49.960     49.570     6.7169    32.1030      7.958     0.1088 9.3778e-13  1025.4047     6.7126    25.1750     9.5316    290.551    9.89741  301.70310     96.304 -9.990e-29
   40.30688  -71.79970     49.948     49.557     6.7167    32.1031      7.958     0.1088 9.3778e-13  1025.4049     6.7124    25.1751     9.5318    290.557    9.89738  301.70224     96.306 -9.990e-29
   40.30688  -71.79970     49.939     49.549     6.7169    32.1032      7.958     0.1088 9.3778e-13  1025.4049     6.7126    25.1751     9.5332    290.600    9.89755  301.70754     96.318 -9.990e-29
   40.30688  -71.79970     49.938     49.548     6.7167    32.1031      7.958     0.1088 9.3778e-13  1025.4048     6.7124    25.1750     9.5269    290.410    9.89756  301.70784     96.255 -9.990e-29
   40.30688  -71.79970     49.907     49.518     6.7169    32.1031      7.958     0.1088 9.3778e-13  1025.4045     6.7126    25.1750     9.5263    290.390    9.89763  301.70974     96.248 -9.990e-29
   40.30688  -71.79970     49.899     49.510     6.7169    32.1033      7.958     0.1088 9.3778e-13  1025.4048     6.7126    25.1751     9.5319    290.561    9.89756  301.70781     96.305 -9.990e-29
   40.30688  -71.79970     49.887     49.497     6.7170    32.1035      7.958     0.1088 9.3778e-13  1025.4047     6.7128    25.1753     9.5321    290.568    9.89762  301.70945     96.307 -9.990e-29
   40.30688  -71.79970     49.866     49.477     6.7172    32.1036      7.958     0.1088 9.3778e-13  1025.4049     6.7129    25.1754     9.5332    290.601    9.89759  301.70853     96.319 -9.990e-29
   40.30688  -71.79970     49.869     49.479     6.7173    32.1037      7.958     0.1088 9.3778e-13  1025.4047     6.7131    25.1755     9.5334    290.607    9.89762  301.70947     96.320 -9.990e-29
   40.30688  -71.79970     49.845     49.456     6.7173    32.1037      7.958     0.1088 9.3778e-13  1025.4050     6.7130    25.1755     9.5334    290.608    9.89759  301.70855     96.321 -9.990e-29
   40.30688  -71.79970     49.848     49.459     6.7175    32.1037      7.958     0.0954 9.3778e-13  1025.4047     6.7132    25.1754     9.5336    290.612    9.89768  301.71123     96.321 -9.990e-29
   40.30688  -71.79970     49.826     49.437     6.7175    32.1037      7.958     0.0954 9.3778e-13  1025.4046     6.7132    25.1754     9.5336    290.613    9.89767  301.71109     96.322 -9.990e-29
   40.30688  -71.79970     49.826     49.437     6.7179    32.1037      7.958     0.0954 9.3778e-13  1025.4046     6.7136    25.1753     9.5400    290.807    9.89763  301.70980     96.386 -9.990e-29
   40.30688  -71.79970     49.807     49.418     6.7181    32.1035      7.958     0.0954 9.3778e-13  1025.4043     6.7139    25.1752     9.5345    290.641    9.89778  301.71406     96.330 -9.990e-29
   40.30688  -71.79970     49.805     49.416     6.7181    32.1032      7.958     0.0954 9.3778e-13  1025.4040     6.7139    25.1750     9.5407    290.829    9.89765  301.71051     96.393 -9.990e-29
   40.30688  -71.79970     49.797     49.408     6.7180    32.1030      7.958     0.0954 9.3778e-13  1025.4041     6.7137    25.1748     9.5424    290.882    9.89766  301.71082     96.411 -9.990e-29
   40.30688  -71.79970     49.794     49.405     6.7180    32.1029      7.958     0.0954 9.3778e-13  1025.4034     6.7137    25.1747     9.5376    290.734    9.89758  301.70830     96.363 -9.990e-29
   40.30688  -71.79970     49.785     49.396     6.7179    32.1030      7.958     0.0954 9.3778e-13  1025.4039     6.7136    25.1748     9.5374    290.730    9.89770  301.71171     96.360 -9.990e-29
   40.30688  -71.79970     49.776     49.388     6.7185    32.1035      7.958     0.0954 9.3778e-13  1025.4039     6.7142    25.1751     9.5370    290.717    9.89759  301.70861     96.357 -9.990e-29
