CalculateIndicators/WaterTemperature/Data/CTD_NYOS/20240912_C04.cnv
* Sea-Bird SBE 9 Data File:
* FileName = C:\Seabird 9 CTD\Data\2024\202409_offshore\20240912_C04.hex
* Software Version Seasave V 7.23.2
* Temperature SN = 4590
* Conductivity SN = 3228
* Number of Bytes Per Scan = 44
* Number of Voltage Words = 5
* Number of Scans Averaged by the Deck Unit = 1
* NMEA Latitude = 40 34.15 N
* NMEA Longitude = 073 24.38 W
* NMEA UTC (Time) = Sep 12 2024  02:55:15
* NMEA baud rate = 4800
** Ship: Seawolf
** Station: 8.1
** Operator: TCM
# nquan = 18
# nvalues = 7467                        
# units = specified
# name 0 = latitude: Latitude [deg]
# name 1 = longitude: Longitude [deg]
# name 2 = prDM: Pressure, Digiquartz [db]
# name 3 = depSM: Depth [salt water, m]
# name 4 = t090C: Temperature [ITS-90, deg C]
# name 5 = sal00: Salinity, Practical [PSU]
# name 6 = ph: pH
# name 7 = flECO-AFL: Fluorescence, WET Labs ECO-AFL/FL [mg/m^3]
# name 8 = cpar: CPAR/Corrected Irradiance [%]
# name 9 = density00: Density [density, kg/m^3]
# name 10 = potemp090C: Potential Temperature [ITS-90, deg C]
# name 11 = sigma-é00: Density [sigma-theta, kg/m^3]
# name 12 = sbeox0Mg/L: Oxygen, SBE 43 [mg/l]
# name 13 = sbox0Mm/Kg: Oxygen, SBE 43 [umol/kg]
# name 14 = oxsolMg/L: Oxygen Saturation, Garcia & Gordon [mg/l]
# name 15 = oxsolMm/Kg: Oxygen Saturation, Garcia & Gordon [umol/kg]
# name 16 = sbeox0PS: Oxygen, SBE 43 [% saturation]
# name 17 = flag:  0.000e+00
# span 0 =   40.56922,   40.56948       
# span 1 =  -73.40652,  -73.40638       
# span 2 =      1.854,     13.809       
# span 3 =      1.840,     13.702       
# span 4 =    21.0827,    21.2903       
# span 5 =    30.9261,    30.9640       
# span 6 =      8.127,      8.175       
# span 7 =     1.2370,     1.8548       
# span 8 = 1.6880e-11, 9.9999e+04       
# span 9 =  1021.3350,  1021.4556       
# span 10 =    21.0802,    21.2899      
# span 11 =    21.3325,    21.3955      
# span 12 =     7.2086,     7.8248      
# span 13 =    220.555,    239.420      
# span 14 =    7.39806,    7.42610      
# span 15 =  226.36335,  227.20953      
# span 16 =     97.117,    105.757      
# span 17 = 0.0000e+00, 0.0000e+00      
# interval = seconds: 0.0416667
# start_time = Sep 12 2024 02:55:17 [System UTC, first data scan.]
# bad_flag = -9.990e-29
*END*
[from data line 3377]
   40.56934  -73.40642      7.157      7.102    21.2789    30.9474 -9.990e-29     1.3176 1.6880e-11  1021.3686    21.2775    21.3378     7.7769    237.955    7.39957  226.40885    105.100 -9.990e-29
   40.56934  -73.40642      7.145      7.090    21.2787    30.9476 -9.990e-29     1.3176 1.6880e-11  1021.3689    21.2774    21.3380     7.7725    237.819    7.39958  226.40915    105.039 -9.990e-29
   40.56934  -73.40642      7.145      7.090    21.2784    30.9478 -9.990e-29     1.3176 1.6880e-11  1021.3694    21.2771    21.3382     7.7724    237.817    7.39958  226.40891    105.039 -9.990e-29
   40.56934  -73.40642      7.135      7.080    21.2785    30.9477 -9.990e-29     1.3176 1.6880e-11  1021.3690    21.2772    21.3381     7.7764    237.940    7.39958  226.40914    105.093 -9.990e-29
   40.56934  -73.40642      7.138      7.083    21.2784    30.9475 -9.990e-29     1.3176 1.6880e-11  1021.3688    21.2771    21.3380     7.7725    237.820    7.39961  226.41004    105.039 -9.990e-29
   40.56934  -73.40642      7.124      7.069    21.2783    30.9474 -9.990e-29     1.3176 1.6880e-11  1021.3688    21.2770    21.3379     7.7769    237.956    7.39960  226.40953    105.100 -9.990e-29
   40.56934  -73.40642      7.124      7.069    21.2785    30.9473 -9.990e-29     1.3176 1.6880e-11  1021.3686    21.2772    21.3378     7.7731    237.836    7.39958  226.40913    105.047 -9.990e-29
   40.56934  -73.40642      7.117      7.062    21.2786    30.9472 -9.990e-29     1.3176 1.6880e-11  1021.3685    21.2773    21.3378     7.7776    237.977    7.39958  226.40915    105.109 -9.990e-29
   40.56934  -73.40642      7.115      7.060    21.2787    30.9472 -9.990e-29     1.3176 1.6880e-11  1021.3684    21.2774    21.3378     7.7779    237.984    7.39959  226.40937    105.112 -9.990e-29
   40.56934  -73.40642      7.115      7.060    21.2783    30.9472 -9.990e-29     1.3176 1.6880e-11  1021.3687    21.2770    21.3378     7.7782    237.993    7.39961  226.41004    105.116 -9.990e-29
   40.56934  -73.40642      7.105      7.050    21.2783    30.9472 -9.990e-29     1.3176 1.6880e-11  1021.3685    21.2769    21.3378     7.7784    238.000    7.39958  226.40907    105.120 -9.990e-29
   40.56934  -73.40642      7.097      7.042    21.2785    30.9472 -9.990e-29     1.3176 1.6880e-11  1021.3684    21.2772    21.3378     7.7744    237.878    7.39962  226.41044    105.065 -9.990e-29
   40.56934  -73.40642      7.094      7.039    21.2783    30.9472 -9.990e-29     1.3444 1.6880e-11  1021.3685    21.2770    21.3378     7.7748    237.890    7.39962  226.41027    105.070 -9.990e-29
   40.56934  -73.40642      7.094      7.039    21.2783    30.9473 -9.990e-29     1.3713 1.6880e-11  1021.3686    21.2769    21.3379     7.7749    237.893    7.39964  226.41075    105.071 -9.990e-29
   40.56934  -73.40642      7.087      7.032    21.2783    30.9474 -9.990e-29     1.3713 1.6880e-11  1021.3686    21.2770    21.3380     7.7794    238.030    7.39966  226.41130    105.132 -9.990e-29
   40.56934  -73.40642      7.084      7.030    21.2783    30.9475 -9.990e-29     1.3713 1.6880e-11  1021.3686    21.2770    21.3380     7.7799    238.045    7.39966  226.41155    105.138 -9.990e-29
   40.56934  -73.40642      7.084      7.030    21.2783    30.9476 -9.990e-29     1.3713 1.6880e-11  1021.3688    21.2769    21.3381     7.7800    238.049    7.39963  226.41063    105.141 -9.990e-29
   40.56934  -73.40642      7.075      7.020    21.2783    30.9478 -9.990e-29     1.3713 1.6880e-11  1021.3690    21.2770    21.3383     7.7806    238.068    7.39968  226.41204    105.148 -9.990e-29
   40.56934  -73.40642      7.076      7.021    21.2782    30.9479 -9.990e-29     1.3713 1.6880e-11  1021.3690    21.2768    21.3384     7.7812    238.084    7.39966  226.41130    105.156 -9.990e-29
   40.56934  -73.40642      7.075      7.020    21.2781    30.9478 -9.990e-29     1.3713 1.6880e-11  1021.3690    21.2768    21.3383     7.7817    238.102    7.39963  226.41055    105.164 -9.990e-29
   40.56934  -73.40642      7.064      7.009    21.2783    30.9477 -9.990e-29     1.3713 1.6880e-11  1021.3687    21.2770    21.3382     7.7824    238.122    7.39967  226.41163    105.172 -9.990e-29
   40.56934  -73.40642      7.067      7.012    21.2784    30.9477 -9.990e-29     1.3713 1.6880e-11  1021.3687    21.2771    21.3382     7.7827    238.130    7.39963  226.41068    105.176 -9.990e-29
   40.56934  -73.40642      7.064      7.009    21.2783    30.9477 -9.990e-29     1.3713 1.6880e-11  1021.3689    21.2770    21.3382     7.7830    238.140    7.39964  226.41079    105.181 -9.990e-29
   40.56934  -73.40642      7.064      7.009    21.2783    30.9477 -9.990e-29     1.3713 1.6880e-11  1021.3688    21.2770    21.3382     7.7880    238.295    7.39965  226.41108    105.249 -9.990e-29
   40.56934  -73.40642      7.057      7.002    21.2783    30.9474 -9.990e-29     1.3713 1.6880e-11  1021.3684    21.2770    21.3380     7.7844    238.183    7.39967  226.41155    105.199 -9.990e-29
   40.56934  -73.40642      7.054      7.000    21.2783    30.9474 -9.990e-29     1.3713 1.6880e-11  1021.3684    21.2770    21.3379     7.7844    238.182    7.39966  226.41128    105.199 -9.990e-29
   40.56934  -73.40642      7.054      7.000    21.2785    30.9474 -9.990e-29     1.3713 1.6880e-11  1021.3685    21.2772    21.3380     7.7891    238.326    7.39964  226.41089    105.263 -9.990e-29
   40.56934  -73.40642      7.054      7.000    21.2783    30.9474 -9.990e-29     1.3713 1.6880e-11  1021.3686    21.2770    21.3380     7.7850    238.202    7.39961  226.40994    105.208 -9.990e-29
   40.56934  -73.40642      7.046      6.991    21.2785    30.9474 -9.990e-29     1.3713 1.6880e-11  1021.3683    21.2772    21.3380     7.7854    238.212    7.39960  226.40950    105.213 -9.990e-29
   40.56934  -73.40642      7.054      7.000    21.2783    30.9474 -9.990e-29     1.3713 1.6880e-11  1021.3685    21.2770    21.3380     7.7853    238.211    7.39955  226.40791    105.213 -9.990e-29
   40.56934  -73.40642      7.034      6.979    21.2784    30.9474 -9.990e-29     1.3713 1.6880e-11  1021.3684    21.2771    21.3380     7.7857    238.223    7.39956  226.40830    105.218 -9.990e-29
   40.56934  -73.40642      7.046      6.991    21.2783    30.9474 -9.990e-29     1.3713 1.6880e-11  1021.3685    21.2770    21.3379     7.7860    238.233    7.39952  226.40712    105.223 -9.990e-29
   40.56934  -73.40642      7.043      6.989    21.2785    30.9473 -9.990e-29     1.3713 1.6880e-11  1021.3681    21.2772    21.3379     7.7860    238.232    7.39948  226.40565    105.224 -9.990e-29
   40.56934  -73.40642      7.034      6.979    21.2781    30.9475 -9.990e-29     1.3713 1.6880e-11  1021.3687    21.2768    21.3380     7.7907    238.376    7.39943  226.40415    105.288 -9.990e-29
   40.56934  -73.40642      7.043      6.989    21.2785    30.9476 -9.990e-29     1.3713 1.6880e-11  1021.3685    21.2772    21.3381     7.7867    238.252    7.39936  226.40212    105.234 -9.990e-29
   40.56934  -73.40642      7.036      6.982    21.2783    30.9477 -9.990e-29     1.3713 1.6880e-11  1021.3686    21.2770    21.3382     7.7866    238.252    7.39930  226.40020    105.235 -9.990e-29
   40.56934  -73.40642      7.034      6.979    21.2784    30.9478 -9.990e-29     1.3847 1.6880e-11  1021.3687    21.2771    21.3383     7.7910    238.385    7.39926  226.39916    105.294 -9.990e-29
   40.56934  -73.40642      7.024      6.970    21.2787    30.9479 -9.990e-29     1.4116 1.6880e-11  1021.3686    21.2774    21.3383     7.7913    238.395    7.39922  226.39790    105.299 -9.990e-29
   40.56934  -73.40642      7.036      6.982    21.2787    30.9478 -9.990e-29     1.4116 1.6880e-11  1021.3689    21.2774    21.3382     7.7920    238.416    7.39918  226.39662    105.309 -9.990e-29
   40.56934  -73.40642      7.034      6.979    21.2791    30.9476 -9.990e-29     1.4116 1.6880e-11  1021.3680    21.2778    21.3379     7.7923    238.425    7.39913  226.39541    105.314 -9.990e-29
   40.56934  -73.40642      7.024      6.970    21.2789    30.9475 -9.990e-29     1.4250 1.6880e-11  1021.3684    21.2775    21.3379     7.7926    238.436    7.39913  226.39527    105.318 -9.990e-29
   40.56934  -73.40642      7.027      6.972    21.2790    30.9475 -9.990e-29     1.4116 1.6880e-11  1021.3683    21.2777    21.3379     7.7929    238.445    7.39911  226.39470    105.323 -9.990e-29
   40.56934  -73.40642      7.024      6.970    21.2792    30.9473 -9.990e-29     1.4116 1.6880e-11  1021.3679    21.2779    21.3377     7.7932    238.454    7.39908  226.39377    105.327 -9.990e-29
   40.56934  -73.40642      7.013      6.959    21.2791    30.9473 -9.990e-29     1.4116 1.6880e-11  1021.3681    21.2777    21.3377     7.7935    238.462    7.39906  226.39326    105.331 -9.990e-29
   40.56934  -73.40642      7.024      6.970    21.2790    30.9472 -9.990e-29     1.4116 1.6880e-11  1021.3681    21.2777    21.3377     7.7938    238.472    7.39908  226.39393    105.335 -9.990e-29
   40.56934  -73.40642      7.016      6.961    21.2789    30.9472 -9.990e-29     1.4116 1.6880e-11  1021.3679    21.2775    21.3377     7.7988    238.624    7.39906  226.39337    105.402 -9.990e-29
   40.56934  -73.40642      7.013      6.959    21.2787    30.9472 -9.990e-29     1.4116 1.6880e-11  1021.3680    21.2774    21.3377     7.7994    238.644    7.39909  226.39452    105.411 -9.990e-29
   40.56934  -73.40642      7.013      6.959    21.2788    30.9472 -9.990e-29     1.4116 1.6880e-11  1021.3679    21.2775    21.3377     7.8000    238.662    7.39913  226.39540    105.418 -9.990e-29
   40.56934  -73.40642      7.006      6.952    21.2789    30.9473 -9.990e-29     1.4116 1.6880e-11  1021.3680    21.2775    21.3378     7.7962    238.546    7.39913  226.39564    105.367 -9.990e-29
   40.56934  -73.40642      7.013      6.959    21.2787    30.9474 -9.990e-29     1.4116 1.6880e-11  1021.3682    21.2774    21.3378     7.8008    238.685    7.39914  226.39577    105.428 -9.990e-29
   40.56934  -73.40642      7.003      6.949    21.2788    30.9474 -9.990e-29     1.4116 1.6880e-11  1021.3681    21.2775    21.3378     7.7966    238.556    7.39915  226.39595    105.371 -9.990e-29
   40.56934  -73.40642      7.006      6.952    21.2787    30.9474 -9.990e-29     1.4250 1.6880e-11  1021.3682    21.2774    21.3379     7.8006    238.680    7.39911  226.39463    105.427 -9.990e-29
   40.56934  -73.40642      7.003      6.949    21.2785    30.9474 -9.990e-29     1.4116 1.6880e-11  1021.3682    21.2772    21.3379     7.7967    238.559    7.39908  226.39395    105.374 -9.990e-29
   40.56934  -73.40642      7.003      6.949    21.2786    30.9474 -9.990e-29     1.4116 1.6880e-11  1021.3682    21.2773    21.3379     7.8007    238.684    7.39909  226.39402    105.429 -9.990e-29
   40.56934  -73.40642      6.976      6.922    21.2787    30.9474 -9.990e-29     1.4116 1.6880e-11  1021.3681    21.2774    21.3379     7.7967    238.560    7.39904  226.39258    105.374 -9.990e-29
   40.56934  -73.40642      7.013      6.959    21.2787    30.9474 -9.990e-29     1.4116 1.6880e-11  1021.3682    21.2774    21.3379     7.8007    238.681    7.39901  226.39162    105.428 -9.990e-29
   40.56934  -73.40642      6.994      6.940    21.2786    30.9474 -9.990e-29     1.4116 1.6880e-11  1021.3682    21.2773    21.3379     7.8010    238.692    7.39902  226.39218    105.433 -9.990e-29
   40.56934  -73.40642      6.994      6.940    21.2785    30.9474 -9.990e-29     1.4116 1.6880e-11  1021.3681    21.2772    21.3378     7.8013    238.699    7.39900  226.39148    105.437 -9.990e-29
   40.56934  -73.40642      6.985      6.931    21.2788    30.9473 -9.990e-29     1.4116 1.6880e-11  1021.3680    21.2775    21.3377     7.8015    238.707    7.39900  226.39157    105.440 -9.990e-29
   40.56934  -73.40642      6.983      6.929    21.2785    30.9472 -9.990e-29     1.4116 1.6880e-11  1021.3679    21.2772    21.3377     7.8061    238.848    7.39901  226.39180    105.502 -9.990e-29
   40.56934  -73.40642      6.983      6.929    21.2785    30.9472 -9.990e-29     1.4116 1.6880e-11  1021.3680    21.2772    21.3377     7.8019    238.720    7.39902  226.39222    105.446 -9.990e-29
   40.56934  -73.40642      6.985      6.931    21.2784    30.9473 -9.990e-29     1.3579 1.6880e-11  1021.3679    21.2771    21.3378     7.8017    238.713    7.39903  226.39244    105.442 -9.990e-29
   40.56934  -73.40642      6.973      6.919    21.2782    30.9474 -9.990e-29     1.3310 1.6880e-11  1021.3682    21.2769    21.3379     7.8014    238.705    7.39902  226.39223    105.439 -9.990e-29
   40.56934  -73.40642      6.973      6.919    21.2782    30.9474 -9.990e-29     1.3310 1.6880e-11  1021.3681    21.2769    21.3380     7.8015    238.706    7.39902  226.39221    105.439 -9.990e-29
   40.56934  -73.40642      6.976      6.922    21.2783    30.9475 -9.990e-29     1.3310 1.6880e-11  1021.3683    21.2770    21.3381     7.7971    238.573    7.39903  226.39227    105.380 -9.990e-29
   40.56934  -73.40642      6.983      6.929    21.2780    30.9475 -9.990e-29     1.3310 1.6880e-11  1021.3683    21.2767    21.3381     7.8012    238.697    7.39902  226.39215    105.435 -9.990e-29
   40.56934  -73.40642      6.973      6.919    21.2782    30.9475 -9.990e-29     1.3310 1.6880e-11  1021.3682    21.2769    21.3381     7.8011    238.696    7.39904  226.39286    105.434 -9.990e-29
   40.56934  -73.40642      6.973      6.919    21.2783    30.9476 -9.990e-29     1.3310 1.6880e-11  1021.3683    21.2770    21.3382     7.8011    238.694    7.39902  226.39208    105.434 -9.990e-29
   40.56934  -73.40642      6.965      6.911    21.2780    30.9477 -9.990e-29     1.3310 1.6880e-11  1021.3684    21.2767    21.3382     7.8010    238.691    7.39902  226.39216    105.433 -9.990e-29
   40.56934  -73.40642      6.963      6.910    21.2783    30.9476 -9.990e-29     1.3310 1.6880e-11  1021.3681    21.2770    21.3381     7.8009    238.687    7.39900  226.39165    105.431 -9.990e-29
   40.56934  -73.40642      6.973      6.919    21.2783    30.9475 -9.990e-29     1.3310 1.6880e-11  1021.3682    21.2770    21.3380     7.7963    238.549    7.39899  226.39126    105.370 -9.990e-29
   40.56934  -73.40642      6.965      6.911    21.2783    30.9475 -9.990e-29     1.3310 1.6880e-11  1021.3679    21.2770    21.3380     7.7958    238.534    7.39900  226.39149    105.363 -9.990e-29
   40.56934  -73.40642      6.973      6.919    21.2780    30.9476 -9.990e-29     1.3310 1.6880e-11  1021.3685    21.2767    21.3382     7.8001    238.664    7.39903  226.39257    105.420 -9.990e-29
   40.56934  -73.40642      6.963      6.910    21.2781    30.9477 -9.990e-29     1.3310 1.6880e-11  1021.3683    21.2768    21.3383     7.7955    238.524    7.39901  226.39184    105.359 -9.990e-29
   40.56934  -73.40642      6.965      6.911    21.2782    30.9478 -9.990e-29     1.3310 1.6880e-11  1021.3684    21.2769    21.3383     7.7993    238.640    7.39900  226.39166    105.410 -9.990e-29
   40.56934  -73.40642      6.963      6.910    21.2783    30.9481 -9.990e-29     1.3310 1.6880e-11  1021.3685    21.2770    21.3386     7.7995    238.645    7.39903  226.39258    105.412 -9.990e-29
   40.56934  -73.40642      6.973      6.919    21.2781    30.9485 -9.990e-29     1.3310 1.6880e-11  1021.3693    21.2768    21.3389     7.7949    238.504    7.39901  226.39185    105.350 -9.990e-29
   40.56934  -73.40642      6.965      6.911    21.2785    30.9486 -9.990e-29     1.3310 1.6880e-11  1021.3691    21.2772    21.3389     7.7942    238.485    7.39900  226.39168    105.342 -9.990e-29
   40.56934  -73.40642      6.983      6.929    21.2786    30.9484 -9.990e-29     1.3310 1.6880e-11  1021.3687    21.2773    21.3387     7.7936    238.466    7.39900  226.39161    105.333 -9.990e-29
   40.56934  -73.40642      6.973      6.919    21.2789    30.9485 -9.990e-29     1.3310 1.6880e-11  1021.3687    21.2775    21.3387     7.7930    238.446    7.39901  226.39192    105.325 -9.990e-29
