CalculateIndicators/WaterTemperature/Data/CTD_NYOS/20240430_C35.cnv
* Sea-Bird SBE 9 Data File:
* FileName = C:\Seabird 9 CTD\Data\2024\202404_offshore\20240430_C35.hex
* Software Version Seasave V 7.23.2
* Temperature SN = 4590
* Conductivity SN = 3228
* Number of Bytes Per Scan = 44
* Number of Voltage Words = 5
* Number of Scans Averaged by the Deck Unit = 1
* NMEA Latitude = 40 53.53 N
* NMEA Longitude = 072 12.56 W
* NMEA UTC (Time) = Apr 30 2024  01:12:24
* NMEA baud rate = 4800
** Ship: Seawolf
** Station: 11.1
** Operator: TDK
# nquan = 18
# nvalues = 8889                        
# units = specified
# name 0 = latitude: Latitude [deg]
# name 1 = longitude: Longitude [deg]
# name 2 = prDM: Pressure, Digiquartz [db]
# name 3 = depSM: Depth [salt water, m]
# name 4 = t090C: Temperature [ITS-90, deg C]
# name 5 = sal00: Salinity, Practical [PSU]
# name 6 = ph: pH
# name 7 = flECO-AFL: Fluorescence, WET Labs ECO-AFL/FL [mg/m^3]
# name 8 = cpar: CPAR/Corrected Irradiance [%]
# name 9 = density00: Density [density, kg/m^3]
# name 10 = potemp090C: Potential Temperature [ITS-90, deg C]
# name 11 = sigma-é00: Density [sigma-theta, kg/m^3]
# name 12 = sbeox0Mg/L: Oxygen, SBE 43 [mg/l]
# name 13 = sbox0Mm/Kg: Oxygen, SBE 43 [umol/kg]
# name 14 = oxsolMg/L: Oxygen Saturation, Garcia & Gordon [mg/l]
# name 15 = oxsolMm/Kg: Oxygen Saturation, Garcia & Gordon [umol/kg]
# name 16 = sbeox0PS: Oxygen, SBE 43 [% saturation]
# name 17 = flag:  0.000e+00
# span 0 =   40.89230,   40.89316       
# span 1 =  -72.21036,  -72.20932       
# span 2 =      1.728,     18.767       
# span 3 =      1.715,     18.621       
# span 4 =     7.8074,    10.7220       
# span 5 =    29.5256,    30.0631       
# span 6 =      7.945,      8.060       
# span 7 =     0.4849,     1.1161       
# span 8 = 2.5320e-11, 9.9999e+04       
# span 9 =  1022.6172,  1023.5095       
# span 10 =     7.8057,    10.7217      
# span 11 =    22.6071,    23.4222      
# span 12 =     8.9564,    10.0547      
# span 13 =    273.514,    307.176      
# span 14 =    9.19691,    9.79219      
# span 15 =  281.05245,  299.04109      
# span 16 =     91.500,    107.187      
# span 17 = 0.0000e+00, 0.0000e+00      
# interval = seconds: 0.0416667
# start_time = Apr 30 2024 01:12:21 [System UTC, first data scan.]
# bad_flag = -9.990e-29
*END*
[from data line 6031]
   40.89286  -72.21008      2.438      2.420    10.6993    29.5852 -9.990e-29     0.6057 1.9045e+01  1022.6242    10.6990    22.6134     9.7705    298.578    9.21309  281.54328    106.050 -9.990e-29
   40.89286  -72.21008      2.429      2.410    10.6998    29.5845 -9.990e-29     0.6192 2.1373e+01  1022.6236    10.6995    22.6128     9.7695    298.546    9.21318  281.54624    106.038 -9.990e-29
   40.89286  -72.21008      2.438      2.420    10.7003    29.5843 -9.990e-29     0.6057 2.4013e+01  1022.6233    10.7000    22.6125     9.7687    298.521    9.21347  281.55516    106.026 -9.990e-29
   40.89286  -72.21008      2.429      2.410    10.7008    29.5844 -9.990e-29     0.6057 2.4573e+01  1022.6235    10.7005    22.6125     9.7678    298.494    9.21370  281.56226    106.014 -9.990e-29
   40.89286  -72.21008      2.438      2.420    10.7009    29.5844 -9.990e-29     0.6057 2.5310e+01  1022.6239    10.7007    22.6125     9.7619    298.314    9.21390  281.56832    105.947 -9.990e-29
   40.89286  -72.21008      2.429      2.410    10.7022    29.5841 -9.990e-29     0.6057 2.6321e+01  1022.6230    10.7020    22.6121     9.7611    298.289    9.21412  281.57459    105.936 -9.990e-29
   40.89286  -72.21008      2.429      2.410    10.7027    29.5838 -9.990e-29     0.6057 2.6666e+01  1022.6226    10.7025    22.6118     9.7660    298.440    9.21427  281.57931    105.988 -9.990e-29
   40.89286  -72.21008      2.429      2.410    10.7029    29.5839 -9.990e-29     0.6057 2.5393e+01  1022.6226    10.7027    22.6118     9.7603    298.265    9.21448  281.58556    105.923 -9.990e-29
   40.89286  -72.21008      2.429      2.410    10.7027    29.5841 -9.990e-29     0.6057 2.2774e+01  1022.6231    10.7025    22.6119     9.7595    298.239    9.21453  281.58632    105.914 -9.990e-29
   40.89286  -72.21008      2.418      2.399    10.7037    29.5843 -9.990e-29     0.6057 2.2027e+01  1022.6230    10.7035    22.6120     9.7584    298.206    9.21432  281.57959    105.905 -9.990e-29
   40.89286  -72.21008      2.418      2.399    10.7036    29.5841 -9.990e-29     0.6057 2.4013e+01  1022.6232    10.7033    22.6118     9.7570    298.164    9.21382  281.56396    105.896 -9.990e-29
   40.89286  -72.21008      2.418      2.399    10.7043    29.5834 -9.990e-29     0.6057 3.1619e+01  1022.6220    10.7040    22.6112     9.7555    298.115    9.21305  281.54015    105.887 -9.990e-29
   40.89288  -72.21008      2.408      2.390    10.7041    29.5828 -9.990e-29     0.6057 3.4988e+01  1022.6213    10.7038    22.6108     9.7539    298.066    9.21221  281.51429    105.880 -9.990e-29
   40.89288  -72.21008      2.399      2.380    10.7035    29.5830 -9.990e-29     0.6057 3.4769e+01  1022.6216    10.7032    22.6109     9.7519    298.007    9.21103  281.47827    105.872 -9.990e-29
   40.89288  -72.21008      2.399      2.380    10.7027    29.5830 -9.990e-29     0.6057 3.3477e+01  1022.6229    10.7025    22.6110     9.7501    297.952    9.20991  281.44449    105.865 -9.990e-29
   40.89288  -72.21008      2.399      2.380    10.7034    29.5815 -9.990e-29     0.6057 3.2952e+01  1022.6214    10.7031    22.6099     9.7487    297.911    9.20914  281.42155    105.859 -9.990e-29
   40.89288  -72.21008      2.378      2.360    10.7036    29.5790 -9.990e-29     0.6057 3.2847e+01  1022.6180    10.7033    22.6080     9.7476    297.876    9.20849  281.40259    105.854 -9.990e-29
   40.89288  -72.21008      2.378      2.360    10.7009    29.5774 -9.990e-29     0.6057 3.1319e+01  1022.6172    10.7007    22.6071     9.7471    297.862    9.20838  281.40013    105.850 -9.990e-29
   40.89288  -72.21008      2.378      2.360    10.6969    29.5768 -9.990e-29     0.5923 3.0530e+01  1022.6182    10.6967    22.6072     9.7413    297.687    9.20866  281.40837    105.785 -9.990e-29
   40.89288  -72.21008      2.368      2.350    10.6933    29.5763 -9.990e-29     0.5654 3.0432e+01  1022.6184    10.6930    22.6074     9.7458    297.822    9.20832  281.39728    105.837 -9.990e-29
   40.89288  -72.21008      2.357      2.339    10.6903    29.5757 -9.990e-29     0.5654 2.5393e+01  1022.6176    10.6901    22.6075     9.7446    297.786    9.20742  281.37003    105.834 -9.990e-29
   40.89288  -72.21008      2.357      2.339    10.6862    29.5758 -9.990e-29     0.5654 2.2249e+01  1022.6187    10.6859    22.6083     9.7435    297.753    9.20652  281.34313    105.833 -9.990e-29
   40.89288  -72.21008      2.340      2.321    10.6817    29.5767 -9.990e-29     0.5654 2.1807e+01  1022.6202    10.6815    22.6098     9.7427    297.729    9.20583  281.32233    105.832 -9.990e-29
   40.89288  -72.21008      2.338      2.320    10.6769    29.5777 -9.990e-29     0.5654 2.7724e+01  1022.6223    10.6766    22.6113     9.7423    297.717    9.20546  281.31111    105.832 -9.990e-29
   40.89288  -72.21008      2.327      2.309    10.6733    29.5786 -9.990e-29     0.5654 3.4769e+01  1022.6228    10.6730    22.6126     9.7418    297.701    9.20494  281.29530    105.832 -9.990e-29
   40.89288  -72.21008      2.327      2.309    10.6691    29.5795 -9.990e-29     0.5654 3.6446e+01  1022.6245    10.6689    22.6139     9.7415    297.692    9.20451  281.28275    105.834 -9.990e-29
   40.89288  -72.21008      2.327      2.309    10.6649    29.5802 -9.990e-29     0.5654 1.7827e+01  1022.6264    10.6646    22.6152     9.7416    297.696    9.20444  281.28094    105.836 -9.990e-29
   40.89288  -72.21008      2.307      2.289    10.6619    29.5800 -9.990e-29     0.5654 3.4769e+01  1022.6265    10.6616    22.6155     9.7411    297.681    9.20443  281.28107    105.830 -9.990e-29
   40.89288  -72.21008      2.307      2.289    10.6599    29.5789 -9.990e-29     0.5654 3.4550e+01  1022.6253    10.6597    22.6150     9.7407    297.668    9.20445  281.28170    105.826 -9.990e-29
   40.89288  -72.21008      2.307      2.289    10.6576    29.5779 -9.990e-29     0.5654 3.2331e+01  1022.6247    10.6573    22.6146     9.7409    297.676    9.20439  281.27999    105.829 -9.990e-29
   40.89288  -72.21008      2.297      2.279    10.6548    29.5778 -9.990e-29     0.5654 2.8175e+01  1022.6249    10.6545    22.6150     9.7414    297.689    9.20443  281.28102    105.833 -9.990e-29
   40.89288  -72.21008      2.287      2.270    10.6509    29.5787 -9.990e-29     0.5654 2.7014e+01  1022.6263    10.6507    22.6164     9.7419    297.705    9.20447  281.28244    105.838 -9.990e-29
   40.89288  -72.21008      2.276      2.259    10.6476    29.5806 -9.990e-29     0.5654 2.7190e+01  1022.6286    10.6474    22.6183     9.7424    297.722    9.20451  281.28359    105.844 -9.990e-29
   40.89288  -72.21008      2.276      2.259    10.6453    29.5826 -9.990e-29     0.5654 2.7994e+01  1022.6308    10.6451    22.6203     9.7430    297.741    9.20455  281.28463    105.850 -9.990e-29
   40.89288  -72.21008      2.267      2.249    10.6432    29.5843 -9.990e-29     0.5654 2.8266e+01  1022.6327    10.6429    22.6220     9.7428    297.734    9.20448  281.28250    105.849 -9.990e-29
   40.89288  -72.21008      2.267      2.249    10.6415    29.5855 -9.990e-29     0.5654 2.7545e+01  1022.6335    10.6413    22.6232     9.7433    297.750    9.20435  281.27883    105.856 -9.990e-29
   40.89288  -72.21008      2.257      2.240    10.6401    29.5864 -9.990e-29     0.5654 2.3232e+01  1022.6343    10.6399    22.6242     9.7443    297.779    9.20453  281.28478    105.864 -9.990e-29
   40.89288  -72.21008      2.267      2.249    10.6384    29.5873 -9.990e-29     0.5654 2.1517e+01  1022.6357    10.6381    22.6251     9.7455    297.817    9.20496  281.29853    105.872 -9.990e-29
   40.89288  -72.21008      2.246      2.229    10.6384    29.5875 -9.990e-29     0.5654 2.1301e+01  1022.6357    10.6381    22.6253     9.7466    297.851    9.20586  281.32607    105.874 -9.990e-29
   40.89288  -72.21008      2.257      2.240    10.6388    29.5873 -9.990e-29     0.5654 1.9241e+01  1022.6354    10.6385    22.6251     9.7487    297.915    9.20694  281.35866    105.884 -9.990e-29
   40.89288  -72.21008      2.246      2.229    10.6395    29.5869 -9.990e-29     0.5654 1.8149e+01  1022.6346    10.6393    22.6247     9.7503    297.962    9.20748  281.37448    105.895 -9.990e-29
   40.89288  -72.21008      2.246      2.229    10.6395    29.5869 -9.990e-29     0.5654 1.8086e+01  1022.6347    10.6393    22.6247     9.7514    297.997    9.20762  281.37841    105.906 -9.990e-29
   40.89288  -72.21008      2.246      2.229    10.6394    29.5872 -9.990e-29     0.5654 2.5476e+01  1022.6351    10.6391    22.6250     9.7526    298.033    9.20773  281.38162    105.918 -9.990e-29
   40.89288  -72.21008      2.237      2.219    10.6393    29.5877 -9.990e-29     0.5520 3.2331e+01  1022.6355    10.6390    22.6252     9.7538    298.068    9.20779  281.38324    105.930 -9.990e-29
   40.89288  -72.21008      2.246      2.229    10.6395    29.5879 -9.990e-29     0.5520 3.3477e+01  1022.6356    10.6393    22.6254     9.7599    298.254    9.20773  281.38154    105.996 -9.990e-29
   40.89288  -72.21008      2.246      2.229    10.6392    29.5880 -9.990e-29     0.5520 3.1319e+01  1022.6358    10.6390    22.6255     9.7623    298.327    9.20818  281.39504    106.017 -9.990e-29
   40.89288  -72.21008      2.237      2.219    10.6394    29.5877 -9.990e-29     0.5520 2.9663e+01  1022.6357    10.6392    22.6253     9.7639    298.377    9.20857  281.40736    106.030 -9.990e-29
   40.89288  -72.21008      2.246      2.229    10.6404    29.5873 -9.990e-29     0.5520 2.9285e+01  1022.6350    10.6401    22.6249     9.7664    298.453    9.20908  281.42270    106.051 -9.990e-29
   40.89288  -72.21008      2.246      2.229    10.6412    29.5866 -9.990e-29     0.5520 2.7724e+01  1022.6344    10.6409    22.6243     9.7682    298.508    9.20963  281.43932    106.065 -9.990e-29
   40.89288  -72.21008      2.246      2.229    10.6410    29.5860 -9.990e-29     0.5520 2.5643e+01  1022.6339    10.6407    22.6238     9.7643    298.390    9.21021  281.45690    106.016 -9.990e-29
   40.89288  -72.21008      2.257      2.240    10.6397    29.5855 -9.990e-29     0.5520 2.5144e+01  1022.6336    10.6394    22.6235     9.7712    298.601    9.21082  281.47540    106.084 -9.990e-29
   40.89288  -72.21008      2.257      2.240    10.6387    29.5852 -9.990e-29     0.5520 2.5895e+01  1022.6334    10.6385    22.6234     9.7729    298.653    9.21123  281.48780    106.098 -9.990e-29
   40.89288  -72.21008      2.257      2.240    10.6375    29.5856 -9.990e-29     0.5520 2.7634e+01  1022.6340    10.6373    22.6239     9.7747    298.707    9.21172  281.50244    106.112 -9.990e-29
   40.89288  -72.21008      2.267      2.249    10.6361    29.5861 -9.990e-29     0.5520 2.8175e+01  1022.6352    10.6358    22.6245     9.7813    298.909    9.21207  281.51289    106.180 -9.990e-29
   40.89288  -72.21008      2.267      2.249    10.6354    29.5866 -9.990e-29     0.5520 2.8818e+01  1022.6351    10.6352    22.6252     9.7827    298.952    9.21230  281.51986    106.192 -9.990e-29
   40.89288  -72.21008      2.276      2.259    10.6341    29.5878 -9.990e-29     0.5520 3.1021e+01  1022.6361    10.6338    22.6262     9.7849    299.017    9.21258  281.52821    106.212 -9.990e-29
   40.89288  -72.21008      2.287      2.270    10.6331    29.5897 -9.990e-29     0.5520 3.1821e+01  1022.6382    10.6329    22.6278     9.7861    299.056    9.21278  281.53405    106.224 -9.990e-29
   40.89288  -72.21008      2.297      2.279    10.6334    29.5919 -9.990e-29     0.5520 3.1319e+01  1022.6402    10.6331    22.6294     9.7871    299.085    9.21278  281.53388    106.234 -9.990e-29
   40.89288  -72.21008      2.297      2.279    10.6354    29.5937 -9.990e-29     0.5520 2.8084e+01  1022.6411    10.6352    22.6305     9.7822    298.935    9.21269  281.53157    106.182 -9.990e-29
   40.89288  -72.21008      2.307      2.289    10.6389    29.5954 -9.990e-29     0.5520 2.6666e+01  1022.6416    10.6387    22.6313     9.7882    299.118    9.21277  281.53402    106.246 -9.990e-29
   40.89288  -72.21008      2.318      2.300    10.6424    29.5970 -9.990e-29     0.5520 2.7014e+01  1022.6430    10.6421    22.6319     9.7834    298.973    9.21293  281.53891    106.192 -9.990e-29
   40.89288  -72.21008      2.318      2.300    10.6480    29.5976 -9.990e-29     0.5520 3.6446e+01  1022.6429    10.6477    22.6316     9.7897    299.163    9.21328  281.54950    106.256 -9.990e-29
   40.89288  -72.21008      2.338      2.320    10.6539    29.5969 -9.990e-29     0.5520 4.2971e+01  1022.6410    10.6537    22.6301     9.7906    299.192    9.21347  281.55494    106.264 -9.990e-29
   40.89288  -72.21008      2.349      2.331    10.6584    29.5950 -9.990e-29     0.5520 4.3773e+01  1022.6387    10.6581    22.6278     9.7913    299.214    9.21352  281.55607    106.272 -9.990e-29
   40.89288  -72.21008      2.348      2.330    10.6625    29.5923 -9.990e-29     0.5520 3.8195e+01  1022.6357    10.6623    22.6252     9.7918    299.227    9.21334  281.55060    106.278 -9.990e-29
   40.89288  -72.21008      2.357      2.339    10.6642    29.5902 -9.990e-29     0.5520 3.4659e+01  1022.6325    10.6639    22.6234     9.7920    299.234    9.21306  281.54184    106.284 -9.990e-29
   40.89288  -72.21008      2.357      2.339    10.6625    29.5903 -9.990e-29     0.5520 3.4117e+01  1022.6335    10.6623    22.6234     9.7917    299.224    9.21236  281.52022    106.289 -9.990e-29
   40.89288  -72.21008      2.378      2.360    10.6632    29.5916 -9.990e-29     0.5386 3.4225e+01  1022.6362    10.6629    22.6241     9.7908    299.196    9.21183  281.50439    106.285 -9.990e-29
   40.89288  -72.21008      2.378      2.360    10.6679    29.5920 -9.990e-29     0.5252 3.4225e+01  1022.6350    10.6676    22.6239     9.7913    299.214    9.21203  281.51092    106.289 -9.990e-29
   40.89288  -72.21008      2.378      2.360    10.6726    29.5915 -9.990e-29     0.5252 3.4225e+01  1022.6334    10.6724    22.6227     9.7863    299.061    9.21242  281.52332    106.230 -9.990e-29
   40.89288  -72.21008      2.399      2.380    10.6763    29.5909 -9.990e-29     0.5252 3.6674e+01  1022.6324    10.6760    22.6217     9.7861    299.056    9.21269  281.53176    106.225 -9.990e-29
   40.89288  -72.21008      2.399      2.380    10.6783    29.5904 -9.990e-29     0.5252 4.0268e+01  1022.6318    10.6780    22.6209     9.7861    299.056    9.21311  281.54450    106.220 -9.990e-29
   40.89288  -72.21008      2.399      2.380    10.6809    29.5899 -9.990e-29     0.5252 4.1279e+01  1022.6313    10.6806    22.6201     9.7860    299.051    9.21343  281.55406    106.214 -9.990e-29
   40.89288  -72.21008      2.408      2.390    10.6834    29.5888 -9.990e-29     0.5252 3.8434e+01  1022.6299    10.6831    22.6189     9.7858    299.045    9.21374  281.56334    106.209 -9.990e-29
   40.89288  -72.21008      2.408      2.390    10.6844    29.5873 -9.990e-29     0.5252 3.3266e+01  1022.6282    10.6841    22.6175     9.7854    299.031    9.21387  281.56717    106.202 -9.990e-29
   40.89288  -72.21008      2.408      2.390    10.6847    29.5861 -9.990e-29     0.5252 3.1821e+01  1022.6272    10.6845    22.6165     9.7849    299.016    9.21395  281.56930    106.196 -9.990e-29
   40.89288  -72.21008      2.418      2.399    10.6849    29.5853 -9.990e-29     0.5252 3.1419e+01  1022.6267    10.6846    22.6159     9.7840    298.987    9.21370  281.56121    106.189 -9.990e-29
   40.89288  -72.21008      2.418      2.399    10.6852    29.5850 -9.990e-29     0.5252 2.9854e+01  1022.6264    10.6850    22.6156     9.7827    298.948    9.21316  281.54418    106.181 -9.990e-29
   40.89288  -72.21008      2.408      2.390    10.6850    29.5849 -9.990e-29     0.5252 2.9285e+01  1022.6264    10.6848    22.6155     9.7810    298.897    9.21232  281.51871    106.173 -9.990e-29
