CalculateIndicators/WaterTemperature/Data/CTD_NYOS/20240913_C18.cnv
* Sea-Bird SBE 9 Data File:
* FileName = C:\Seabird 9 CTD\Data\2024\202409_offshore\20240913_C18.hex
* Software Version Seasave V 7.23.2
* Temperature SN = 4590
* Conductivity SN = 3228
* Number of Bytes Per Scan = 44
* Number of Voltage Words = 5
* Number of Scans Averaged by the Deck Unit = 1
* NMEA Latitude = 40 13.00 N
* NMEA Longitude = 072 41.79 W
* NMEA UTC (Time) = Sep 13 2024  15:49:23
* NMEA baud rate = 4800
** Ship: Seawolf
** Station: 9.3
** Operator: TDK
# nquan = 18
# nvalues = 13989                       
# units = specified
# name 0 = latitude: Latitude [deg]
# name 1 = longitude: Longitude [deg]
# name 2 = prDM: Pressure, Digiquartz [db]
# name 3 = depSM: Depth [salt water, m]
# name 4 = t090C: Temperature [ITS-90, deg C]
# name 5 = sal00: Salinity, Practical [PSU]
# name 6 = ph: pH
# name 7 = flECO-AFL: Fluorescence, WET Labs ECO-AFL/FL [mg/m^3]
# name 8 = cpar: CPAR/Corrected Irradiance [%]
# name 9 = density00: Density [density, kg/m^3]
# name 10 = potemp090C: Potential Temperature [ITS-90, deg C]
# name 11 = sigma-é00: Density [sigma-theta, kg/m^3]
# name 12 = sbeox0Mg/L: Oxygen, SBE 43 [mg/l]
# name 13 = sbox0Mm/Kg: Oxygen, SBE 43 [umol/kg]
# name 14 = oxsolMg/L: Oxygen Saturation, Garcia & Gordon [mg/l]
# name 15 = oxsolMm/Kg: Oxygen Saturation, Garcia & Gordon [umol/kg]
# name 16 = sbeox0PS: Oxygen, SBE 43 [% saturation]
# name 17 = flag:  0.000e+00
# span 0 =   40.21614,   40.21672       
# span 1 =  -72.69976,  -72.69666       
# span 2 =      1.903,     52.345       
# span 3 =      1.889,     51.936       
# span 4 =     8.5839,    21.2982       
# span 5 =    31.6483,    32.3965       
# span 6 =      7.803,      8.212       
# span 7 =    -0.0792,     2.5935       
# span 8 = 6.8738e-02, 1.7312e+02       
# span 9 =  1022.2196,  1025.1346       
# span 10 =     8.5790,    21.2978      
# span 11 =    22.2109,    24.8976      
# span 12 =     6.5661,     9.6876      
# span 13 =    200.211,    295.548      
# span 14 =    7.34698,    9.49607      
# span 15 =  224.60731,  289.57945      
# span 16 =     69.247,    110.383      
# span 17 = 0.0000e+00, 0.0000e+00      
# interval = seconds: 0.0416667
# start_time = Sep 13 2024 15:49:23 [System UTC, first data scan.]
# bad_flag = -9.990e-29
*END*
[from data line 10051]
   40.21628  -72.69882     15.135     15.018    21.0374    32.1636 -9.990e-29     0.0013 5.7138e+00  1022.3923    21.0345    22.3270     7.1071    217.250    7.38019  225.59679     96.300 -9.990e-29
   40.21628  -72.69882     15.153     15.036    21.0372    32.1636 -9.990e-29     0.0013 6.1180e+00  1022.3925    21.0343    22.3270     7.1071    217.249    7.38022  225.59778     96.299 -9.990e-29
   40.21628  -72.69882     15.145     15.028    21.0372    32.1636 -9.990e-29     0.0013 6.6567e+00  1022.3924    21.0343    22.3270     7.1114    217.380    7.38026  225.59899     96.357 -9.990e-29
   40.21628  -72.69882     15.154     15.037    21.0370    32.1637 -9.990e-29     0.0013 6.7834e+00  1022.3926    21.0342    22.3271     7.1076    217.265    7.38031  225.60080     96.305 -9.990e-29
   40.21628  -72.69882     15.153     15.036    21.0372    32.1637 -9.990e-29     0.0013 7.1298e+00  1022.3926    21.0343    22.3271     7.1075    217.260    7.38037  225.60239     96.302 -9.990e-29
   40.21628  -72.69882     15.154     15.037    21.0372    32.1637 -9.990e-29     0.0013 7.8453e+00  1022.3925    21.0343    22.3270     7.1076    217.265    7.38040  225.60329     96.304 -9.990e-29
   40.21628  -72.69882     15.165     15.048    21.0370    32.1636 -9.990e-29     0.0013 8.0985e+00  1022.3926    21.0342    22.3270     7.1074    217.258    7.38044  225.60441     96.300 -9.990e-29
   40.21628  -72.69882     15.154     15.037    21.0372    32.1635 -9.990e-29     0.0013 8.0758e+00  1022.3922    21.0343    22.3270     7.1071    217.249    7.38048  225.60572     96.296 -9.990e-29
   40.21628  -72.69882     15.164     15.047    21.0370    32.1635 -9.990e-29     0.0013 8.0918e+00  1022.3927    21.0342    22.3270     7.1072    217.251    7.38053  225.60723     96.296 -9.990e-29
   40.21628  -72.69882     15.165     15.048    21.0370    32.1635 -9.990e-29     0.0013 8.0851e+00  1022.3925    21.0342    22.3269     7.1068    217.239    7.38055  225.60790     96.291 -9.990e-29
   40.21628  -72.69882     15.165     15.048    21.0370    32.1635 -9.990e-29     0.0013 8.1996e+00  1022.3924    21.0342    22.3269     7.1067    217.238    7.38056  225.60818     96.290 -9.990e-29
   40.21628  -72.69882     15.164     15.047    21.0370    32.1635 -9.990e-29     0.0013 8.7476e+00  1022.3924    21.0342    22.3269     7.1062    217.223    7.38055  225.60790     96.283 -9.990e-29
   40.21628  -72.69882     15.154     15.037    21.0372    32.1636 -9.990e-29     0.0013 8.9897e+00  1022.3925    21.0343    22.3270     7.1061    217.218    7.38055  225.60759     96.281 -9.990e-29
   40.21628  -72.69882     15.165     15.048    21.0370    32.1636 -9.990e-29     0.0013 8.9392e+00  1022.3926    21.0342    22.3271     7.1016    217.080    7.38056  225.60799     96.220 -9.990e-29
   40.21628  -72.69882     15.165     15.048    21.0368    32.1636 -9.990e-29     0.0148 8.5459e+00  1022.3926    21.0340    22.3271     7.1010    217.062    7.38053  225.60696     96.213 -9.990e-29
   40.21628  -72.69882     15.164     15.047    21.0368    32.1636 -9.990e-29     0.0148 8.3627e+00  1022.3925    21.0340    22.3271     7.1005    217.046    7.38053  225.60726     96.205 -9.990e-29
   40.21628  -72.69882     15.165     15.048    21.0367    32.1636 -9.990e-29     0.0148 8.3365e+00  1022.3927    21.0338    22.3271     7.0999    217.029    7.38055  225.60779     96.197 -9.990e-29
   40.21628  -72.69882     15.154     15.037    21.0365    32.1635 -9.990e-29     0.0148 7.3929e+00  1022.3926    21.0336    22.3271     7.0993    217.010    7.38054  225.60737     96.189 -9.990e-29
   40.21628  -72.69882     15.153     15.036    21.0365    32.1635 -9.990e-29     0.0148 6.8330e+00  1022.3925    21.0336    22.3271     7.0990    217.002    7.38051  225.60658     96.186 -9.990e-29
   40.21628  -72.69882     15.154     15.037    21.0365    32.1635 -9.990e-29     0.0148 6.7566e+00  1022.3925    21.0336    22.3271     7.0985    216.985    7.38055  225.60755     96.178 -9.990e-29
   40.21628  -72.69882     15.154     15.037    21.0363    32.1634 -9.990e-29     0.0148 6.8330e+00  1022.3925    21.0334    22.3270     7.0978    216.965    7.38051  225.60671     96.170 -9.990e-29
   40.21628  -72.69882     15.153     15.036    21.0365    32.1633 -9.990e-29     0.0148 6.8967e+00  1022.3923    21.0336    22.3270     7.1015    217.079    7.38051  225.60654     96.220 -9.990e-29
   40.21628  -72.69882     15.145     15.028    21.0361    32.1632 -9.990e-29     0.0148 6.9024e+00  1022.3926    21.0333    22.3269     7.0973    216.948    7.38052  225.60682     96.162 -9.990e-29
   40.21628  -72.69882     15.145     15.028    21.0363    32.1632 -9.990e-29     0.0148 6.8003e+00  1022.3921    21.0334    22.3269     7.0970    216.941    7.38055  225.60780     96.158 -9.990e-29
   40.21628  -72.69882     15.135     15.018    21.0359    32.1633 -9.990e-29     0.0148 6.6810e+00  1022.3926    21.0331    22.3271     7.0963    216.920    7.38055  225.60763     96.149 -9.990e-29
   40.21628  -72.69882     15.143     15.026    21.0356    32.1634 -9.990e-29     0.0148 6.6511e+00  1022.3928    21.0327    22.3272     7.0961    216.911    7.38056  225.60791     96.145 -9.990e-29
   40.21628  -72.69882     15.124     15.007    21.0358    32.1633 -9.990e-29     0.0148 6.4849e+00  1022.3924    21.0329    22.3271     7.0998    217.025    7.38059  225.60892     96.195 -9.990e-29
   40.21628  -72.69882     15.124     15.007    21.0354    32.1630 -9.990e-29     0.0148 6.2520e+00  1022.3924    21.0326    22.3270     7.0950    216.880    7.38054  225.60755     96.132 -9.990e-29
   40.21628  -72.69882     15.123     15.006    21.0354    32.1628 -9.990e-29     0.0148 6.1821e+00  1022.3920    21.0326    22.3268     7.0943    216.858    7.38055  225.60768     96.122 -9.990e-29
   40.21628  -72.69882     15.103     14.987    21.0351    32.1625 -9.990e-29     0.0148 6.2572e+00  1022.3921    21.0322    22.3267     7.0983    216.981    7.38055  225.60788     96.176 -9.990e-29
   40.21628  -72.69882     15.114     14.998    21.0347    32.1621 -9.990e-29     0.0013 6.4464e+00  1022.3919    21.0319    22.3265     7.0940    216.848    7.38059  225.60900     96.117 -9.990e-29
   40.21628  -72.69882     15.094     14.977    21.0347    32.1613 -9.990e-29     0.0148 6.5119e+00  1022.3911    21.0318    22.3260     7.0936    216.836    7.38059  225.60875     96.112 -9.990e-29
   40.21628  -72.69882     15.092     14.976    21.0338    32.1609 -9.990e-29     0.0148 6.5616e+00  1022.3906    21.0310    22.3259     7.0976    216.958    7.38057  225.60836     96.166 -9.990e-29
   40.21628  -72.69882     15.084     14.968    21.0324    32.1610 -9.990e-29     0.0148 6.7376e+00  1022.3913    21.0296    22.3263     7.0932    216.823    7.38057  225.60835     96.106 -9.990e-29
   40.21628  -72.69882     15.073     14.957    21.0315    32.1616 -9.990e-29     0.0148 6.8082e+00  1022.3921    21.0287    22.3269     7.0928    216.813    7.38061  225.60945     96.101 -9.990e-29
   40.21628  -72.69882     15.072     14.955    21.0308    32.1623 -9.990e-29     0.0148 6.8466e+00  1022.3929    21.0280    22.3276     7.0968    216.934    7.38061  225.60974     96.155 -9.990e-29
   40.21628  -72.69882     15.054     14.938    21.0305    32.1627 -9.990e-29     0.0013 7.1617e+00  1022.3934    21.0277    22.3280     7.0924    216.801    7.38066  225.61128     96.095 -9.990e-29
   40.21628  -72.69882     15.043     14.927    21.0307    32.1627 -9.990e-29    -0.0121 7.3247e+00  1022.3931    21.0278    22.3280     7.0920    216.788    7.38063  225.61028     96.090 -9.990e-29
   40.21628  -72.69882     15.042     14.925    21.0307    32.1624 -9.990e-29    -0.0121 7.3454e+00  1022.3929    21.0278    22.3278     7.0872    216.642    7.38061  225.60961     96.025 -9.990e-29
   40.21628  -72.69882     15.022     14.906    21.0305    32.1619 -9.990e-29    -0.0121 7.4015e+00  1022.3924    21.0276    22.3275     7.0908    216.752    7.38059  225.60894     96.074 -9.990e-29
   40.21628  -72.69882     15.022     14.906    21.0303    32.1616 -9.990e-29    -0.0255 7.4704e+00  1022.3919    21.0275    22.3273     7.0905    216.742    7.38065  225.61055     96.069 -9.990e-29
   40.21628  -72.69882     15.000     14.884    21.0299    32.1618 -9.990e-29    -0.0121 7.4828e+00  1022.3922    21.0271    22.3275     7.0857    216.596    7.38061  225.60945     96.005 -9.990e-29
   40.21628  -72.69882     14.992     14.876    21.0296    32.1620 -9.990e-29    -0.0121 7.3637e+00  1022.3929    21.0268    22.3278     7.0897    216.718    7.38061  225.60945     96.059 -9.990e-29
   40.21628  -72.69882     14.992     14.876    21.0296    32.1619 -9.990e-29    -0.0121 7.2405e+00  1022.3926    21.0268    22.3277     7.0898    216.719    7.38064  225.61027     96.059 -9.990e-29
   40.21628  -72.69882     14.973     14.857    21.0294    32.1619 -9.990e-29    -0.0121 7.2405e+00  1022.3916    21.0266    22.3277     7.0898    216.721    7.38066  225.61089     96.060 -9.990e-29
   40.21628  -72.69882     14.960     14.845    21.0294    32.1629 -9.990e-29    -0.0121 7.4680e+00  1022.3933    21.0266    22.3284     7.0898    216.721    7.38061  225.60951     96.060 -9.990e-29
   40.21628  -72.69882     14.952     14.837    21.0298    32.1638 -9.990e-29    -0.0121 7.7179e+00  1022.3940    21.0270    22.3291     7.0899    216.723    7.38062  225.60978     96.061 -9.990e-29
   40.21628  -72.69882     14.941     14.826    21.0299    32.1639 -9.990e-29    -0.0121 7.7834e+00  1022.3939    21.0271    22.3291     7.0900    216.725    7.38063  225.60993     96.062 -9.990e-29
   40.21628  -72.69882     14.940     14.824    21.0303    32.1634 -9.990e-29    -0.0121 7.8936e+00  1022.3931    21.0275    22.3287     7.0904    216.739    7.38060  225.60913     96.068 -9.990e-29
   40.21628  -72.69882     14.911     14.796    21.0302    32.1631      8.191    -0.0121 8.0505e+00  1022.3927    21.0274    22.3285     7.0906    216.743    7.38061  225.60931     96.070 -9.990e-29
   40.21628  -72.69882     14.911     14.796    21.0298    32.1628      8.191    -0.0121 8.0892e+00  1022.3930    21.0270    22.3284     7.0907    216.746    7.38058  225.60851     96.072 -9.990e-29
   40.21628  -72.69882     14.889     14.774    21.0296    32.1626      8.191    -0.0121 8.2337e+00  1022.3925    21.0268    22.3282     7.0912    216.763    7.38060  225.60897     96.079 -9.990e-29
   40.21628  -72.69882     14.881     14.766    21.0292    32.1624      8.191    -0.0121 8.5164e+00  1022.3924    21.0264    22.3282     7.0914    216.768    7.38059  225.60886     96.081 -9.990e-29
   40.21628  -72.69882     14.871     14.756    21.0289    32.1626      8.191    -0.0121 8.6199e+00  1022.3926    21.0261    22.3284     7.0916    216.774    7.38059  225.60881     96.084 -9.990e-29
   40.21628  -72.69882     14.859     14.744    21.0285    32.1627      8.191    -0.0121 8.6929e+00  1022.3929    21.0257    22.3286     7.0918    216.780    7.38058  225.60852     96.087 -9.990e-29
   40.21628  -72.69882     14.850     14.736    21.0283    32.1627      8.191    -0.0121 8.9084e+00  1022.3927    21.0255    22.3286     7.0920    216.787    7.38058  225.60853     96.090 -9.990e-29
   40.21628  -72.69882     14.841     14.726    21.0279    32.1627      8.195    -0.0121 8.9839e+00  1022.3929    21.0251    22.3288     7.0923    216.796    7.38060  225.60929     96.093 -9.990e-29
   40.21628  -72.69882     14.828     14.714    21.0276    32.1629      8.191    -0.0121 9.0092e+00  1022.3931    21.0248    22.3290     7.0925    216.802    7.38058  225.60836     96.097 -9.990e-29
   40.21628  -72.69882     14.820     14.706    21.0275    32.1631      8.191    -0.0121 9.1368e+00  1022.3932    21.0247    22.3292     7.0928    216.811    7.38057  225.60824     96.101 -9.990e-29
   40.21628  -72.69882     14.810     14.696    21.0275    32.1633      8.191    -0.0121 9.2219e+00  1022.3933    21.0247    22.3293     7.0930    216.818    7.38053  225.60678     96.104 -9.990e-29
   40.21628  -72.69882     14.788     14.674    21.0275    32.1635      8.191    -0.0121 9.2555e+00  1022.3934    21.0247    22.3295     7.0933    216.826    7.38049  225.60575     96.109 -9.990e-29
   40.21628  -72.69882     14.799     14.685    21.0273    32.1636      8.191    -0.0121 9.7088e+00  1022.3937    21.0245    22.3296     7.0936    216.836    7.38049  225.60558     96.113 -9.990e-29
   40.21628  -72.69882     14.769     14.655    21.0276    32.1636      8.191     0.0013 9.9857e+00  1022.3933    21.0249    22.3295     7.0936    216.835    7.38048  225.60555     96.112 -9.990e-29
   40.21628  -72.69882     14.768     14.654    21.0277    32.1633      8.191     0.0013 1.0042e+01  1022.3930    21.0249    22.3293     7.0935    216.833    7.38046  225.60496     96.112 -9.990e-29
   40.21628  -72.69882     14.769     14.655    21.0276    32.1632      8.191     0.0013 9.6735e+00  1022.3929    21.0249    22.3292     7.0935    216.833    7.38051  225.60639     96.111 -9.990e-29
   40.21628  -72.69882     14.749     14.635    21.0276    32.1634      8.195     0.0013 9.4317e+00  1022.3930    21.0249    22.3293     7.0935    216.832    7.38052  225.60689     96.111 -9.990e-29
   40.21628  -72.69882     14.738     14.624    21.0277    32.1636      8.195     0.0013 9.4052e+00  1022.3933    21.0249    22.3296     7.0891    216.697    7.38049  225.60581     96.051 -9.990e-29
   40.21628  -72.69882     14.739     14.625    21.0273    32.1637      8.195     0.0013 9.2142e+00  1022.3937    21.0245    22.3296     7.0930    216.818    7.38049  225.60560     96.105 -9.990e-29
   40.21628  -72.69882     14.729     14.616    21.0278    32.1635      8.191     0.0013 9.0092e+00  1022.3928    21.0251    22.3294     7.0886    216.683    7.38046  225.60452     96.046 -9.990e-29
   40.21628  -72.69882     14.727     14.613    21.0278    32.1634      8.195     0.0013 8.9839e+00  1022.3929    21.0251    22.3293     7.0882    216.670    7.38040  225.60242     96.041 -9.990e-29
   40.21628  -72.69882     14.718     14.605    21.0277    32.1634      8.195     0.0013 8.8335e+00  1022.3930    21.0249    22.3294     7.0881    216.667    7.38027  225.59859     96.041 -9.990e-29
   40.21628  -72.69882     14.718     14.605    21.0275    32.1634      8.191     0.0013 8.6056e+00  1022.3930    21.0247    22.3294     7.0920    216.787    7.38014  225.59451     96.096 -9.990e-29
   40.21628  -72.69882     14.707     14.594    21.0275    32.1635      8.195     0.0013 8.5333e+00  1022.3930    21.0247    22.3295     7.0875    216.651    7.38001  225.59068     96.037 -9.990e-29
   40.21628  -72.69882     14.698     14.584    21.0273    32.1637      8.195     0.0013 8.7666e+00  1022.3932    21.0246    22.3296     7.0872    216.639    7.37994  225.58849     96.033 -9.990e-29
   40.21628  -72.69882     14.696     14.583    21.0271    32.1637      8.195     0.0013 9.1520e+00  1022.3932    21.0243    22.3296     7.0868    216.627    7.37982  225.58512     96.029 -9.990e-29
   40.21628  -72.69882     14.698     14.584    21.0275    32.1636      8.195     0.0013 9.2971e+00  1022.3930    21.0247    22.3295     7.0825    216.495    7.37976  225.58334     95.971 -9.990e-29
   40.21628  -72.69882     14.688     14.575    21.0275    32.1635      8.191     0.0013 9.2372e+00  1022.3928    21.0248    22.3295     7.0862    216.610    7.37973  225.58262     96.023 -9.990e-29
   40.21628  -72.69882     14.696     14.583    21.0275    32.1635      8.195     0.0013 9.0931e+00  1022.3929    21.0247    22.3295     7.0859    216.601    7.37967  225.58075     96.019 -9.990e-29
   40.21628  -72.69882     14.678     14.565    21.0271    32.1636      8.191     0.0013 9.0345e+00  1022.3931    21.0243    22.3296     7.0817    216.472    7.37962  225.57937     95.963 -9.990e-29
