CalculateIndicators/WaterTemperature/Data/CTD_NYOS/20240915_C36.cnv
* Sea-Bird SBE 9 Data File:
* FileName = C:\Seabird 9 CTD\Data\2024\202409_offshore\20240915_C36.hex
* Software Version Seasave V 7.23.2
* Temperature SN = 4590
* Conductivity SN = 3228
* Number of Bytes Per Scan = 44
* Number of Voltage Words = 5
* Number of Scans Averaged by the Deck Unit = 1
* NMEA Latitude = 40 53.44 N
* NMEA Longitude = 072 12.48 W
* NMEA UTC (Time) = Sep 15 2024  11:34:40
* NMEA baud rate = 4800
** Ship: Seawolf
** Station: 11.1
** Operator: TDK
# nquan = 18
# nvalues = 9465                        
# units = specified
# name 0 = latitude: Latitude [deg]
# name 1 = longitude: Longitude [deg]
# name 2 = prDM: Pressure, Digiquartz [db]
# name 3 = depSM: Depth [salt water, m]
# name 4 = t090C: Temperature [ITS-90, deg C]
# name 5 = sal00: Salinity, Practical [PSU]
# name 6 = ph: pH
# name 7 = flECO-AFL: Fluorescence, WET Labs ECO-AFL/FL [mg/m^3]
# name 8 = cpar: CPAR/Corrected Irradiance [%]
# name 9 = density00: Density [density, kg/m^3]
# name 10 = potemp090C: Potential Temperature [ITS-90, deg C]
# name 11 = sigma-é00: Density [sigma-theta, kg/m^3]
# name 12 = sbeox0Mg/L: Oxygen, SBE 43 [mg/l]
# name 13 = sbox0Mm/Kg: Oxygen, SBE 43 [umol/kg]
# name 14 = oxsolMg/L: Oxygen Saturation, Garcia & Gordon [mg/l]
# name 15 = oxsolMm/Kg: Oxygen Saturation, Garcia & Gordon [umol/kg]
# name 16 = sbeox0PS: Oxygen, SBE 43 [% saturation]
# name 17 = flag:  0.000e+00
# span 0 =   40.89056,   40.89068       
# span 1 =  -72.20992,  -72.20800       
# span 2 =      1.897,     20.669       
# span 3 =      1.882,     20.508       
# span 4 =    18.4662,    20.4244       
# span 5 =    30.9852,    31.3179       
# span 6 =      8.033,      8.157       
# span 7 =    -0.0524,     2.0026       
# span 8 = 6.1628e-01, 5.1630e+01       
# span 9 =  1021.6079,  1022.4178       
# span 10 =    18.4627,    20.4240      
# span 11 =    21.6069,    22.3277      
# span 12 =     6.6920,     7.7928      
# span 13 =    204.562,    238.314      
# span 14 =    7.51237,    7.77926      
# span 15 =  229.79571,  237.79666      
# span 16 =     86.113,    102.442      
# span 17 = 0.0000e+00, 0.0000e+00      
# interval = seconds: 0.0416667
# start_time = Sep 15 2024 11:34:40 [System UTC, first data scan.]
# bad_flag = -9.990e-29
*END*
[from data line 8121]
   40.89060  -72.20960      2.535      2.515    20.4179    31.0267      8.154     0.1088 2.9702e+01  1021.6368    20.4174    21.6258     7.5444    230.776    7.51273  229.80669    100.422 -9.990e-29
   40.89060  -72.20960      2.514      2.495    20.4181    31.0266      8.154     0.1088 3.0431e+01  1021.6366    20.4176    21.6257     7.5444    230.775    7.51277  229.80814    100.421 -9.990e-29
   40.89060  -72.20960      2.495      2.476    20.4185    31.0265      8.154     0.1088 3.7576e+01  1021.6362    20.4181    21.6255     7.5444    230.775    7.51282  229.80935    100.420 -9.990e-29
   40.89060  -72.20960      2.495      2.476    20.4186    31.0264      8.154     0.1088 4.1931e+01  1021.6362    20.4182    21.6253     7.5488    230.910    7.51283  229.80978    100.479 -9.990e-29
   40.89060  -72.20960      2.484      2.465    20.4190    31.0263      8.154     0.1088 4.2405e+01  1021.6359    20.4185    21.6252     7.5451    230.797    7.51287  229.81101    100.429 -9.990e-29
   40.89060  -72.20960      2.475      2.455    20.4188    31.0263      8.154     0.1222 4.0086e+01  1021.6360    20.4184    21.6252     7.5451    230.797    7.51287  229.81087    100.429 -9.990e-29
   40.89060  -72.20960      2.454      2.435    20.4189    31.0264      8.154     0.1088 3.8647e+01  1021.6358    20.4184    21.6252     7.5447    230.785    7.51286  229.81046    100.424 -9.990e-29
   40.89060  -72.20960      2.433      2.414    20.4190    31.0264      8.154     0.1088 3.8539e+01  1021.6359    20.4185    21.6252     7.5447    230.785    7.51285  229.81029    100.424 -9.990e-29
   40.89060  -72.20960      2.424      2.405    20.4190    31.0264      8.154     0.1088 2.6663e+01  1021.6359    20.4185    21.6252     7.5447    230.785    7.51284  229.81002    100.424 -9.990e-29
   40.89060  -72.20960      2.404      2.386    20.4192    31.0264      8.154     0.1088 1.9275e+01  1021.6354    20.4187    21.6252     7.5444    230.774    7.51281  229.80890    100.420 -9.990e-29
   40.89060  -72.20962      2.393      2.375    20.4190    31.0265      8.154     0.1088 1.8118e+01  1021.6358    20.4186    21.6253     7.5440    230.764    7.51282  229.80924    100.415 -9.990e-29
   40.89060  -72.20962      2.384      2.365    20.4192    31.0266      8.154     0.1088 1.9713e+01  1021.6357    20.4187    21.6254     7.5441    230.765    7.51282  229.80932    100.416 -9.990e-29
   40.89060  -72.20962      2.363      2.345    20.4193    31.0267      8.154     0.1088 2.1509e+01  1021.6355    20.4189    21.6253     7.5441    230.768    7.51284  229.81016    100.417 -9.990e-29
   40.89060  -72.20962      2.343      2.324    20.4199    31.0267      8.154     0.1088 2.1937e+01  1021.6355    20.4194    21.6253     7.5442    230.770    7.51287  229.81107    100.417 -9.990e-29
   40.89060  -72.20962      2.322      2.304    20.4201    31.0267      8.154     0.1088 2.4896e+01  1021.6354    20.4197    21.6252     7.5444    230.774    7.51289  229.81175    100.419 -9.990e-29
   40.89060  -72.20962      2.312      2.294    20.4204    31.0263      8.154     0.1088 3.1144e+01  1021.6351    20.4199    21.6248     7.5445    230.777    7.51291  229.81223    100.420 -9.990e-29
   40.89060  -72.20962      2.293      2.275    20.4209    31.0244      8.154     0.1088 3.3225e+01  1021.6348    20.4205    21.6232     7.5446    230.783    7.51297  229.81413    100.421 -9.990e-29
   40.89060  -72.20962      2.262      2.244    20.4213    31.0202      8.154     0.1088 2.8146e+01  1021.6298    20.4209    21.6199     7.5448    230.787    7.51298  229.81441    100.423 -9.990e-29
   40.89060  -72.20962      2.252      2.234    20.4213    31.0177      8.154     0.1088 1.8459e+01  1021.6231    20.4209    21.6180     7.5449    230.791    7.51298  229.81432    100.425 -9.990e-29
   40.89060  -72.20962      2.222      2.205    20.4220    31.0206      8.154     0.1222 1.5902e+01  1021.6305    20.4216    21.6201     7.5407    230.662    7.51302  229.81547    100.368 -9.990e-29
   40.89060  -72.20962      2.222      2.205    20.4220    31.0245      8.154     0.1088 1.7139e+01  1021.6340    20.4216    21.6230     7.5405    230.657    7.51305  229.81655    100.366 -9.990e-29
   40.89060  -72.20962      2.201      2.184    20.4220    31.0260      8.154     0.1088 2.2641e+01  1021.6341    20.4216    21.6241     7.5448    230.788    7.51305  229.81638    100.423 -9.990e-29
   40.89060  -72.20962      2.181      2.164    20.4222    31.0261      8.154     0.1088 2.5337e+01  1021.6338    20.4218    21.6241     7.5405    230.657    7.51299  229.81456    100.367 -9.990e-29
   40.89060  -72.20962      2.171      2.154    20.4225    31.0250      8.154     0.0685 2.4496e+01  1021.6337    20.4221    21.6233     7.5401    230.643    7.51301  229.81503    100.360 -9.990e-29
   40.89060  -72.20962      2.152      2.135    20.4225    31.0215      8.154     0.0551 1.7628e+01  1021.6314    20.4221    21.6206     7.5440    230.762    7.51297  229.81377    100.413 -9.990e-29
   40.89060  -72.20962      2.141      2.124    20.4225    31.0185      8.154     0.0551 1.5043e+01  1021.6227    20.4221    21.6183     7.5394    230.623    7.51295  229.81340    100.352 -9.990e-29
   40.89060  -72.20962      2.120      2.104    20.4226    31.0206      8.154     0.0551 1.5043e+01  1021.6295    20.4222    21.6199     7.5389    230.608    7.51295  229.81322    100.346 -9.990e-29
   40.89060  -72.20962      2.110      2.094    20.4227    31.0243      8.154     0.0551 2.0440e+01  1021.6332    20.4223    21.6226     7.5388    230.605    7.51291  229.81207    100.345 -9.990e-29
   40.89060  -72.20962      2.110      2.094    20.4227    31.0258      8.154     0.0551 2.4721e+01  1021.6332    20.4223    21.6238     7.5428    230.727    7.51289  229.81154    100.398 -9.990e-29
   40.89060  -72.20962      2.080      2.064    20.4227    31.0260      8.154     0.0551 2.5213e+01  1021.6332    20.4223    21.6239     7.5388    230.603    7.51292  229.81237    100.344 -9.990e-29
   40.89060  -72.20962      2.080      2.064    20.4228    31.0257      8.154     0.0551 2.0361e+01  1021.6329    20.4225    21.6236     7.5387    230.602    7.51290  229.81172    100.344 -9.990e-29
   40.89060  -72.20962      2.069      2.053    20.4228    31.0240      8.154     0.0685 1.7199e+01  1021.6330    20.4224    21.6218     7.5432    230.738    7.51288  229.81104    100.403 -9.990e-29
   40.89060  -72.20962      2.069      2.053    20.4227    31.0208      8.154     0.0551 1.6722e+01  1021.6280    20.4223    21.6161     7.5387    230.602    7.51284  229.81004    100.344 -9.990e-29
   40.89060  -72.20962      2.069      2.053    20.4228 -9.990e-29      8.154     0.0551 1.3758e+01  1021.6102    20.4225    21.6115     7.5384    230.592    7.51286  229.81064    100.340 -9.990e-29
   40.89060  -72.20962      2.050      2.034    20.4228    31.0201      8.154     0.0551 1.1047e+01  1021.6248    20.4225    21.6149     7.5381    230.582    7.51285  229.81022    100.336 -9.990e-29
   40.89060  -72.20962      2.069      2.053    20.4228    31.0230      8.154     0.0551 1.0502e+01  1021.6327    20.4224    21.6208     7.5378    230.572    7.51283  229.80979    100.332 -9.990e-29
   40.89060  -72.20962      2.080      2.064    20.4228    31.0253      8.154     0.0551 1.0741e+01  1021.6330    20.4225    21.6232     7.5423    230.711    7.51283  229.80955    100.392 -9.990e-29
   40.89060  -72.20962      2.069      2.053    20.4230    31.0258      8.154     0.0551 1.1098e+01  1021.6327    20.4226    21.6237     7.5383    230.588    7.51277  229.80795    100.340 -9.990e-29
   40.89060  -72.20962      2.080      2.064    20.4228    31.0259      8.154     0.0551 1.1160e+01  1021.6329    20.4225    21.6238     7.5384    230.593    7.51276  229.80764    100.342 -9.990e-29
   40.89060  -72.20962      2.099      2.083    20.4229    31.0260      8.154     0.0551 1.1873e+01  1021.6330    20.4226    21.6239     7.5386    230.599    7.51277  229.80773    100.344 -9.990e-29
   40.89060  -72.20962      2.099      2.083    20.4227    31.0261      8.154     0.0685 1.3666e+01  1021.6333    20.4223    21.6240     7.5384    230.593    7.51276  229.80738    100.342 -9.990e-29
   40.89060  -72.20962      2.120      2.104    20.4228    31.0261      8.154     0.0551 1.4361e+01  1021.6331    20.4224    21.6240     7.5386    230.599    7.51274  229.80694    100.345 -9.990e-29
   40.89060  -72.20962      2.120      2.104    20.4228    31.0259      8.154     0.0551 1.5981e+01  1021.6332    20.4224    21.6239     7.5385    230.596    7.51276  229.80764    100.343 -9.990e-29
   40.89060  -72.20962      2.142      2.125    20.4226    31.0256      8.154     0.0551 2.3559e+01  1021.6328    20.4222    21.6237     7.5384    230.592    7.51274  229.80712    100.342 -9.990e-29
   40.89060  -72.20962      2.150      2.134    20.4225    31.0255      8.154     0.0551 2.7423e+01  1021.6329    20.4221    21.6237     7.5383    230.589    7.51273  229.80665    100.340 -9.990e-29
   40.89060  -72.20962      2.160      2.143    20.4221    31.0256      8.154     0.0551 2.6710e+01  1021.6332    20.4217    21.6238     7.5382    230.587    7.51274  229.80688    100.339 -9.990e-29
   40.89060  -72.20962      2.180      2.164    20.4218    31.0258      8.154     0.0551 2.1149e+01  1021.6336    20.4214    21.6240     7.5381    230.584    7.51273  229.80664    100.338 -9.990e-29
   40.89060  -72.20962      2.180      2.164    20.4220    31.0258      8.154     0.0819 1.9005e+01  1021.6335    20.4216    21.6240     7.5381    230.583    7.51272  229.80631    100.338 -9.990e-29
   40.89060  -72.20962      2.211      2.194    20.4219    31.0256      8.154     0.0954 1.8740e+01  1021.6335    20.4215    21.6239     7.5429    230.730    7.51275  229.80729    100.401 -9.990e-29
   40.89060  -72.20962      2.211      2.194    20.4218    31.0254      8.154     0.0954 1.6281e+01  1021.6331    20.4214    21.6238     7.5388    230.604    7.51273  229.80679    100.347 -9.990e-29
   40.89060  -72.20962      2.222      2.204    20.4213    31.0254      8.154     0.0954 1.4990e+01  1021.6337    20.4209    21.6239     7.5388    230.603    7.51270  229.80570    100.347 -9.990e-29
   40.89060  -72.20962      2.233      2.215    20.4213    31.0255      8.154     0.0954 1.4865e+01  1021.6335    20.4209    21.6240     7.5432    230.739    7.51269  229.80562    100.406 -9.990e-29
   40.89060  -72.20962      2.252      2.234    20.4208    31.0257      8.154     0.1088 1.5375e+01  1021.6340    20.4204    21.6242     7.5395    230.627    7.51268  229.80520    100.358 -9.990e-29
   40.89060  -72.20962      2.262      2.244    20.4207    31.0261      8.154     0.0954 1.5769e+01  1021.6344    20.4203    21.6245     7.5440    230.764    7.51270  229.80577    100.417 -9.990e-29
   40.89060  -72.20962      2.273      2.255    20.4207    31.0263      8.154     0.1088 1.5813e+01  1021.6346    20.4203    21.6247     7.5400    230.641    7.51268  229.80514    100.364 -9.990e-29
   40.89060  -72.20962      2.282      2.264    20.4207    31.0264      8.154     0.0954 1.6853e+01  1021.6348    20.4203    21.6248     7.5401    230.643    7.51268  229.80514    100.364 -9.990e-29
   40.89060  -72.20962      2.282      2.264    20.4208    31.0264      8.154     0.0954 1.7878e+01  1021.6346    20.4204    21.6247     7.5446    230.780    7.51268  229.80514    100.424 -9.990e-29
   40.89060  -72.20962      2.312      2.294    20.4211    31.0264      8.154     0.0954 1.8080e+01  1021.6348    20.4207    21.6247     7.5450    230.795    7.51271  229.80618    100.430 -9.990e-29
   40.89060  -72.20962      2.312      2.294    20.4211    31.0263      8.154     0.0954 1.8966e+01  1021.6346    20.4207    21.6246     7.5454    230.807    7.51265  229.80429    100.437 -9.990e-29
   40.89060  -72.20962      2.323      2.305    20.4211    31.0261      8.154     0.0954 2.0290e+01  1021.6346    20.4206    21.6245     7.5459    230.821    7.51267  229.80496    100.442 -9.990e-29
   40.89060  -72.20962      2.333      2.315    20.4210    31.0259      8.154     0.0954 2.0636e+01  1021.6344    20.4206    21.6243     7.5464    230.836    7.51268  229.80513    100.448 -9.990e-29
   40.89060  -72.20962      2.333      2.315    20.4209    31.0256      8.154     0.0954 2.2811e+01  1021.6341    20.4205    21.6242     7.5468    230.848    7.51266  229.80454    100.454 -9.990e-29
   40.89060  -72.20962      2.352      2.334    20.4207    31.0256      8.154     0.0954 2.7852e+01  1021.6343    20.4203    21.6242     7.5474    230.868    7.51282  229.81010    100.460 -9.990e-29
   40.89060  -72.20962      2.352      2.334    20.4206    31.0256      8.154     0.0954 2.9546e+01  1021.6345    20.4201    21.6243     7.5478    230.878    7.51273  229.80706    100.466 -9.990e-29
   40.89060  -72.20962      2.352      2.334    20.4201    31.0256      8.154     0.0954 2.7852e+01  1021.6345    20.4197    21.6244     7.5481    230.889    7.51265  229.80431    100.472 -9.990e-29
   40.89060  -72.20962      2.363      2.345    20.4200    31.0257      8.154     0.1088 2.3199e+01  1021.6347    20.4196    21.6244     7.5486    230.903    7.51263  229.80364    100.478 -9.990e-29
   40.89060  -72.20962      2.365      2.346    20.4200    31.0257      8.154     0.0954 2.1685e+01  1021.6348    20.4196    21.6244     7.5490    230.917    7.51265  229.80421    100.484 -9.990e-29
   40.89060  -72.20962      2.373      2.354    20.4199    31.0256      8.154     0.0954 2.2241e+01  1021.6346    20.4194    21.6244     7.5450    230.795    7.51264  229.80406    100.431 -9.990e-29
   40.89060  -72.20962      2.363      2.345    20.4196    31.0258      8.154     0.0954 2.5599e+01  1021.6346    20.4192    21.6246     7.5447    230.785    7.51261  229.80313    100.427 -9.990e-29
   40.89060  -72.20962      2.373      2.354    20.4193    31.0262      8.154     0.0954 2.7232e+01  1021.6354    20.4189    21.6249     7.5489    230.912    7.51262  229.80322    100.482 -9.990e-29
   40.89060  -72.20962      2.373      2.354    20.4197    31.0265      8.154     0.0954 2.7052e+01  1021.6355    20.4192    21.6252     7.5448    230.789    7.51259  229.80264    100.429 -9.990e-29
   40.89060  -72.20962      2.373      2.354    20.4195    31.0266      8.154     0.0819 2.3569e+01  1021.6356    20.4191    21.6252     7.5490    230.917    7.51263  229.80370    100.485 -9.990e-29
   40.89060  -72.20962      2.363      2.345    20.4198    31.0266      8.154     0.0551 2.1907e+01  1021.6356    20.4194    21.6252     7.5491    230.918    7.51260  229.80288    100.485 -9.990e-29
   40.89060  -72.20962      2.365      2.346    20.4200    31.0264      8.154     0.0551 2.1785e+01  1021.6352    20.4196    21.6250     7.5495    230.932    7.51263  229.80356    100.491 -9.990e-29
   40.89060  -72.20962      2.363      2.345    20.4202    31.0263      8.154     0.0551 2.2787e+01  1021.6348    20.4198    21.6248     7.5496    230.934    7.51263  229.80363    100.492 -9.990e-29
   40.89060  -72.20962      2.352      2.334    20.4204    31.0263      8.154     0.0551 2.3503e+01  1021.6350    20.4199    21.6248     7.5496    230.935    7.51263  229.80373    100.492 -9.990e-29
   40.89060  -72.20962      2.352      2.334    20.4205    31.0263      8.154     0.0551 2.3569e+01  1021.6350    20.4201    21.6248     7.5496    230.936    7.51264  229.80391    100.493 -9.990e-29
   40.89060  -72.20962      2.343      2.324    20.4202    31.0263      8.154     0.0551 2.4038e+01  1021.6352    20.4198    21.6248     7.5501    230.949    7.51267  229.80481    100.498 -9.990e-29
   40.89060  -72.20962      2.343      2.324    20.4206    31.0263      8.154     0.0551 2.4516e+01  1021.6347    20.4201    21.6247     7.5545    231.084    7.51266  229.80462    100.557 -9.990e-29
   40.89060  -72.20962      2.333      2.315    20.4206    31.0263      8.154     0.0551 2.4654e+01  1021.6350    20.4201    21.6247     7.5504    230.959    7.51266  229.80456    100.503 -9.990e-29
