CalculateIndicators/WaterTemperature/Data/CTD_NYOS/20240428_C22.cnv
* Sea-Bird SBE 9 Data File:
* FileName = C:\Seabird 9 CTD\Data\2024\202404_offshore\20240428_C22.hex
* Software Version Seasave V 7.23.2
* Temperature SN = 4590
* Conductivity SN = 3228
* Number of Bytes Per Scan = 44
* Number of Voltage Words = 5
* Number of Scans Averaged by the Deck Unit = 1
* NMEA Latitude = 40 21.57 N
* NMEA Longitude = 072 19.02 W
* NMEA UTC (Time) = Apr 28 2024  10:46:36
* NMEA baud rate = 4800
** Ship: Seawolf
** Station: 10.3
** Operator: TCM
# nquan = 18
# nvalues = 12680                       
# units = specified
# name 0 = latitude: Latitude [deg]
# name 1 = longitude: Longitude [deg]
# name 2 = prDM: Pressure, Digiquartz [db]
# name 3 = depSM: Depth [salt water, m]
# name 4 = t090C: Temperature [ITS-90, deg C]
# name 5 = sal00: Salinity, Practical [PSU]
# name 6 = ph: pH
# name 7 = flECO-AFL: Fluorescence, WET Labs ECO-AFL/FL [mg/m^3]
# name 8 = cpar: CPAR/Corrected Irradiance [%]
# name 9 = density00: Density [density, kg/m^3]
# name 10 = potemp090C: Potential Temperature [ITS-90, deg C]
# name 11 = sigma-é00: Density [sigma-theta, kg/m^3]
# name 12 = sbeox0Mg/L: Oxygen, SBE 43 [mg/l]
# name 13 = sbox0Mm/Kg: Oxygen, SBE 43 [umol/kg]
# name 14 = oxsolMg/L: Oxygen Saturation, Garcia & Gordon [mg/l]
# name 15 = oxsolMm/Kg: Oxygen Saturation, Garcia & Gordon [umol/kg]
# name 16 = sbeox0PS: Oxygen, SBE 43 [% saturation]
# name 17 = flag:  0.000e+00
# span 0 =   40.35956,   40.36086       
# span 1 =  -72.31890,  -72.31698       
# span 2 =      1.493,     53.817       
# span 3 =      1.481,     53.396       
# span 4 =     6.0591,     8.4037       
# span 5 =    30.9875,    31.8722       
# span 6 =      7.877,      8.081       
# span 7 =    -0.0255,     2.6741       
# span 8 = 1.5825e-12, 1.4309e+02       
# span 9 =  1024.1411,  1025.3197       
# span 10 =     6.0551,     8.4024      
# span 11 =    24.1330,    25.0748      
# span 12 =     8.5774,    10.5372      
# span 13 =    261.492,    321.391      
# span 14 =    9.56820,   10.07002      
# span 15 =  291.89182,  307.01461      
# span 16 =     85.208,    109.420      
# span 17 = 0.0000e+00, 0.0000e+00      
# interval = seconds: 0.0416667
# start_time = Apr 28 2024 10:46:36 [System UTC, first data scan.]
# bad_flag = -9.990e-29
*END*
[from data line 403]
   40.35960  -72.31714      2.566      2.546     7.9361    31.0181 -9.990e-29     0.2297 6.7505e+01  1024.1689     7.9359    24.1572     9.7565    297.704    9.69373  295.78783    100.648 -9.990e-29
   40.35960  -72.31714      2.555      2.535     7.9361    31.0180 -9.990e-29     0.2700 7.2697e+01  1024.1688     7.9359    24.1572     9.7564    297.701    9.69364  295.78510    100.648 -9.990e-29
   40.35960  -72.31714      2.555      2.535     7.9360    31.0180 -9.990e-29     0.2968 7.1881e+01  1024.1689     7.9358    24.1572     9.7503    297.515    9.69367  295.78626    100.584 -9.990e-29
   40.35960  -72.31714      2.566      2.546     7.9359    31.0179 -9.990e-29     0.2968 7.0474e+01  1024.1690     7.9357    24.1571     9.7488    297.467    9.69372  295.78753    100.568 -9.990e-29
   40.35960  -72.31714      2.545      2.526     7.9361    31.0179 -9.990e-29     0.2968 7.5917e+01  1024.1686     7.9359    24.1571     9.7544    297.639    9.69373  295.78784    100.626 -9.990e-29
   40.35960  -72.31714      2.545      2.526     7.9359    31.0180 -9.990e-29     0.2968 7.4641e+01  1024.1688     7.9357    24.1572     9.7484    297.458    9.69369  295.78664    100.565 -9.990e-29
   40.35960  -72.31714      2.545      2.526     7.9361    31.0181 -9.990e-29     0.2968 7.1544e+01  1024.1689     7.9359    24.1573     9.7480    297.445    9.69370  295.78692    100.560 -9.990e-29
   40.35960  -72.31714      2.536      2.516     7.9361    31.0181 -9.990e-29     0.2968 7.0740e+01  1024.1689     7.9359    24.1573     9.7477    297.435    9.69371  295.78728    100.557 -9.990e-29
   40.35960  -72.31714      2.525      2.505     7.9363    31.0180 -9.990e-29     0.2968 7.0941e+01  1024.1688     7.9360    24.1572     9.7536    297.616    9.69368  295.78652    100.618 -9.990e-29
   40.35960  -72.31714      2.525      2.505     7.9363    31.0179 -9.990e-29     0.2968 7.1950e+01  1024.1686     7.9360    24.1571     9.7544    297.639    9.69372  295.78760    100.626 -9.990e-29
   40.35960  -72.31714      2.504      2.485     7.9361    31.0178 -9.990e-29     0.2968 7.8935e+01  1024.1684     7.9359    24.1570     9.7552    297.664    9.69376  295.78888    100.634 -9.990e-29
   40.35960  -72.31714      2.515      2.496     7.9364    31.0179 -9.990e-29     0.2968 7.8935e+01  1024.1686     7.9361    24.1571     9.7551    297.661    9.69370  295.78703    100.634 -9.990e-29
   40.35960  -72.31714      2.504      2.485     7.9363    31.0180 -9.990e-29     0.2968 7.8713e+01  1024.1687     7.9360    24.1572     9.7560    297.688    9.69372  295.78748    100.643 -9.990e-29
   40.35960  -72.31714      2.486      2.467     7.9361    31.0181 -9.990e-29     0.2968 7.8713e+01  1024.1686     7.9359    24.1572     9.7570    297.719    9.69373  295.78776    100.653 -9.990e-29
   40.35960  -72.31714      2.485      2.466     7.9363    31.0182 -9.990e-29     0.2968 7.8935e+01  1024.1687     7.9360    24.1573     9.7571    297.720    9.69366  295.78590    100.654 -9.990e-29
   40.35960  -72.31714      2.474      2.455     7.9363    31.0183 -9.990e-29     0.2968 8.0512e+01  1024.1688     7.9360    24.1574     9.7573    297.727    9.69371  295.78732    100.656 -9.990e-29
   40.35960  -72.31714      2.474      2.455     7.9364    31.0182 -9.990e-29     0.2968 8.1657e+01  1024.1687     7.9362    24.1573     9.7584    297.760    9.69370  295.78705    100.667 -9.990e-29
   40.35960  -72.31714      2.455      2.436     7.9366    31.0182 -9.990e-29     0.2968 7.4852e+01  1024.1685     7.9364    24.1573     9.7596    297.797    9.69372  295.78744    100.679 -9.990e-29
   40.35960  -72.31714      2.455      2.436     7.9364    31.0183 -9.990e-29     0.2968 7.2973e+01  1024.1686     7.9362    24.1574     9.7608    297.834    9.69371  295.78736    100.692 -9.990e-29
   40.35960  -72.31714      2.444      2.425     7.9364    31.0184 -9.990e-29     0.2968 7.1747e+01  1024.1687     7.9362    24.1574     9.7674    298.036    9.69371  295.78721    100.760 -9.990e-29
   40.35960  -72.31714      2.444      2.425     7.9365    31.0183 -9.990e-29     0.2968 7.1544e+01  1024.1685     7.9363    24.1574     9.7634    297.914    9.69369  295.78681    100.719 -9.990e-29
   40.35960  -72.31714      2.425      2.406     7.9366    31.0183 -9.990e-29     0.2968 6.6603e+01  1024.1685     7.9364    24.1574     9.7648    297.956    9.69368  295.78651    100.733 -9.990e-29
   40.35960  -72.31714      2.414      2.395     7.9363    31.0183 -9.990e-29     0.2968 6.6980e+01  1024.1685     7.9360    24.1574     9.7654    297.973    9.69369  295.78661    100.739 -9.990e-29
   40.35960  -72.31714      2.414      2.395     7.9364    31.0182 -9.990e-29     0.2968 6.7170e+01  1024.1684     7.9362    24.1573     9.7659    297.991    9.69366  295.78566    100.746 -9.990e-29
   40.35960  -72.31716      2.404      2.385     7.9366    31.0182 -9.990e-29     0.2968 6.2903e+01  1024.1682     7.9364    24.1573     9.7727    298.197    9.69362  295.78473    100.816 -9.990e-29
   40.35960  -72.31716      2.393      2.375     7.9364    31.0183 -9.990e-29     0.2834 5.2391e+01  1024.1682     7.9362    24.1573     9.7742    298.244    9.69365  295.78541    100.831 -9.990e-29
   40.35960  -72.31716      2.393      2.375     7.9364    31.0185 -9.990e-29     0.2700 4.0598e+01  1024.1685     7.9362    24.1575     9.7756    298.287    9.69355  295.78235    100.847 -9.990e-29
   40.35960  -72.31716      2.383      2.365     7.9363    31.0186 -9.990e-29     0.2700 3.4353e+01  1024.1687     7.9360    24.1576     9.7771    298.331    9.69351  295.78102    100.862 -9.990e-29
   40.35960  -72.31716      2.383      2.365     7.9364    31.0186 -9.990e-29     0.2700 3.1809e+01  1024.1686     7.9362    24.1576     9.7786    298.378    9.69354  295.78190    100.878 -9.990e-29
   40.35960  -72.31716      2.383      2.365     7.9365    31.0185 -9.990e-29     0.2700 2.9604e+01  1024.1682     7.9363    24.1575     9.7801    298.424    9.69354  295.78188    100.893 -9.990e-29
   40.35960  -72.31716      2.363      2.345     7.9366    31.0186 -9.990e-29     0.2700 2.8569e+01  1024.1684     7.9364    24.1576     9.7754    298.279    9.69349  295.78055    100.845 -9.990e-29
   40.35960  -72.31716      2.374      2.355     7.9363    31.0188 -9.990e-29     0.2700 2.8328e+01  1024.1687     7.9360    24.1577     9.7761    298.300    9.69352  295.78114    100.852 -9.990e-29
   40.35960  -72.31716      2.374      2.355     7.9364    31.0188 -9.990e-29     0.2700 2.7365e+01  1024.1687     7.9362    24.1577     9.7758    298.292    9.69346  295.77957    100.850 -9.990e-29
   40.35960  -72.31716      2.374      2.355     7.9366    31.0186 -9.990e-29     0.2700 2.7365e+01  1024.1684     7.9364    24.1575     9.7765    298.315    9.69350  295.78068    100.857 -9.990e-29
   40.35960  -72.31716      2.363      2.345     7.9366    31.0184 -9.990e-29     0.2700 2.7365e+01  1024.1681     7.9364    24.1574     9.7834    298.525    9.69345  295.77920    100.928 -9.990e-29
   40.35960  -72.31716      2.374      2.355     7.9366    31.0184 -9.990e-29     0.2700 2.7365e+01  1024.1685     7.9364    24.1574     9.7851    298.576    9.69352  295.78118    100.945 -9.990e-29
   40.35960  -72.31716      2.374      2.355     7.9367    31.0184 -9.990e-29     0.2700 2.7442e+01  1024.1683     7.9365    24.1574     9.7805    298.437    9.69351  295.78093    100.898 -9.990e-29
   40.35960  -72.31716      2.363      2.345     7.9367    31.0183 -9.990e-29     0.2700 2.7676e+01  1024.1682     7.9365    24.1573     9.7804    298.432    9.69350  295.78062    100.896 -9.990e-29
   40.35960  -72.31716      2.374      2.355     7.9369    31.0182 -9.990e-29     0.2700 2.7833e+01  1024.1679     7.9366    24.1573     9.7803    298.429    9.69353  295.78156    100.895 -9.990e-29
   40.35960  -72.31716      2.374      2.355     7.9364    31.0182 -9.990e-29     0.2700 2.7833e+01  1024.1683     7.9362    24.1573     9.7801    298.424    9.69350  295.78068    100.894 -9.990e-29
   40.35960  -72.31716      2.374      2.355     7.9366    31.0182 -9.990e-29     0.2700 2.7676e+01  1024.1681     7.9364    24.1573     9.7800    298.421    9.69350  295.78082    100.893 -9.990e-29
   40.35960  -72.31716      2.374      2.355     7.9367    31.0181 -9.990e-29     0.2700 2.7598e+01  1024.1681     7.9365    24.1572     9.7862    298.609    9.69361  295.78393    100.955 -9.990e-29
   40.35960  -72.31716      2.383      2.365     7.9366    31.0181 -9.990e-29     0.2700 2.7598e+01  1024.1681     7.9364    24.1572     9.7807    298.440    9.69356  295.78247    100.899 -9.990e-29
   40.35960  -72.31716      2.363      2.345     7.9364    31.0181 -9.990e-29     0.2700 2.7134e+01  1024.1680     7.9362    24.1572     9.7867    298.623    9.69354  295.78205    100.961 -9.990e-29
   40.35960  -72.31716      2.374      2.355     7.9364    31.0181 -9.990e-29     0.2700 2.6603e+01  1024.1682     7.9362    24.1572     9.7875    298.648    9.69364  295.78520    100.968 -9.990e-29
   40.35960  -72.31716      2.383      2.365     7.9367    31.0181 -9.990e-29     0.2700 2.6528e+01  1024.1679     7.9365    24.1572     9.7819    298.477    9.69362  295.78443    100.910 -9.990e-29
   40.35960  -72.31716      2.374      2.355     7.9364    31.0181 -9.990e-29     0.2700 2.6082e+01  1024.1682     7.9362    24.1572     9.7808    298.445    9.69368  295.78642    100.899 -9.990e-29
   40.35960  -72.31716      2.374      2.355     7.9367    31.0181 -9.990e-29     0.2700 2.5499e+01  1024.1680     7.9365    24.1572     9.7806    298.438    9.69370  295.78701    100.896 -9.990e-29
   40.35960  -72.31716      2.374      2.355     7.9364    31.0180 -9.990e-29     0.2700 2.5284e+01  1024.1681     7.9362    24.1571     9.7803    298.431    9.69373  295.78786    100.894 -9.990e-29
   40.35960  -72.31716      2.383      2.365     7.9369    31.0179 -9.990e-29     0.2968 2.5355e+01  1024.1678     7.9367    24.1571     9.7801    298.424    9.69377  295.78925    100.891 -9.990e-29
   40.35960  -72.31716      2.363      2.345     7.9367    31.0179 -9.990e-29     0.3505 2.5499e+01  1024.1678     7.9365    24.1571     9.7799    298.417    9.69377  295.78912    100.888 -9.990e-29
   40.35960  -72.31716      2.353      2.335     7.9364    31.0181 -9.990e-29     0.3505 2.5499e+01  1024.1681     7.9362    24.1572     9.7850    298.572    9.69384  295.79118    100.940 -9.990e-29
   40.35960  -72.31716      2.383      2.365     7.9364    31.0181 -9.990e-29     0.3505 2.5789e+01  1024.1682     7.9362    24.1572     9.7784    298.373    9.69385  295.79175    100.873 -9.990e-29
   40.35960  -72.31716      2.353      2.335     7.9366    31.0181 -9.990e-29     0.3505 2.6753e+01  1024.1680     7.9364    24.1572     9.7781    298.362    9.69387  295.79242    100.869 -9.990e-29
   40.35960  -72.31716      2.353      2.335     7.9366    31.0180 -9.990e-29     0.3505 2.7134e+01  1024.1679     7.9364    24.1571     9.7768    298.323    9.69384  295.79130    100.856 -9.990e-29
   40.35960  -72.31716      2.353      2.335     7.9365    31.0179 -9.990e-29     0.3505 2.7288e+01  1024.1679     7.9363    24.1570     9.7755    298.284    9.69386  295.79179    100.843 -9.990e-29
   40.35960  -72.31716      2.343      2.325     7.9367    31.0178 -9.990e-29     0.3505 2.8149e+01  1024.1676     7.9365    24.1570     9.7741    298.242    9.69381  295.79047    100.829 -9.990e-29
   40.35960  -72.31716      2.333      2.315     7.9366    31.0178 -9.990e-29     0.3505 2.8549e+01  1024.1675     7.9364    24.1570     9.7736    298.226    9.69376  295.78870    100.824 -9.990e-29
   40.35960  -72.31716      2.323      2.305     7.9363    31.0180 -9.990e-29     0.3505 2.8630e+01  1024.1679     7.9360    24.1571     9.7794    298.402    9.69378  295.78938    100.883 -9.990e-29
   40.35960  -72.31716      2.323      2.305     7.9366    31.0181 -9.990e-29     0.3505 2.8955e+01  1024.1677     7.9364    24.1572     9.7798    298.414    9.69379  295.78999    100.887 -9.990e-29
   40.35960  -72.31716      2.302      2.285     7.9364    31.0182 -9.990e-29     0.3505 2.9037e+01  1024.1679     7.9362    24.1572     9.7801    298.424    9.69380  295.79008    100.891 -9.990e-29
   40.35960  -72.31716      2.302      2.285     7.9364    31.0182 -9.990e-29     0.3505 2.9037e+01  1024.1678     7.9362    24.1572     9.7805    298.434    9.69381  295.79027    100.894 -9.990e-29
   40.35960  -72.31716      2.282      2.264     7.9367    31.0182 -9.990e-29     0.3505 2.9367e+01  1024.1676     7.9365    24.1572     9.7746    298.255    9.69386  295.79196    100.833 -9.990e-29
   40.35960  -72.31716      2.282      2.264     7.9364    31.0182 -9.990e-29     0.3505 2.9450e+01  1024.1679     7.9362    24.1573     9.7740    298.236    9.69381  295.79065    100.827 -9.990e-29
   40.35960  -72.31716      2.251      2.234     7.9365    31.0182 -9.990e-29     0.3505 2.9533e+01  1024.1675     7.9363    24.1573     9.7796    298.407    9.69384  295.79130    100.884 -9.990e-29
   40.35960  -72.31716      2.251      2.234     7.9364    31.0181 -9.990e-29     0.3505 2.9450e+01  1024.1677     7.9362    24.1572     9.7799    298.416    9.69386  295.79194    100.887 -9.990e-29
   40.35960  -72.31716      2.221      2.204     7.9366    31.0180 -9.990e-29     0.3505 2.9533e+01  1024.1671     7.9364    24.1571     9.7739    298.234    9.69388  295.79252    100.825 -9.990e-29
   40.35960  -72.31716      2.212      2.195     7.9366    31.0178 -9.990e-29     0.3505 2.9533e+01  1024.1671     7.9364    24.1569     9.7732    298.213    9.69384  295.79137    100.819 -9.990e-29
   40.35960  -72.31716      2.202      2.185     7.9367    31.0177 -9.990e-29     0.3505 2.9367e+01  1024.1669     7.9365    24.1569     9.7735    298.221    9.69385  295.79168    100.821 -9.990e-29
   40.35960  -72.31716      2.181      2.165     7.9367    31.0178 -9.990e-29     0.3505 2.9119e+01  1024.1669     7.9365    24.1570     9.7789    298.387    9.69376  295.78886    100.879 -9.990e-29
   40.35960  -72.31716      2.170      2.154     7.9366    31.0180 -9.990e-29     0.3505 2.9037e+01  1024.1671     7.9364    24.1571     9.7792    298.396    9.69380  295.78995    100.881 -9.990e-29
   40.35960  -72.31716      2.170      2.154     7.9367    31.0181 -9.990e-29     0.3505 2.8792e+01  1024.1671     7.9365    24.1572     9.7731    298.209    9.69372  295.78744    100.819 -9.990e-29
   40.35962  -72.31716      2.139      2.122     7.9369    31.0182 -9.990e-29     0.3505 2.8070e+01  1024.1668     7.9367    24.1572     9.7786    298.377    9.69373  295.78787    100.875 -9.990e-29
   40.35962  -72.31716      2.121      2.105     7.9367    31.0183 -9.990e-29     0.3505 2.7833e+01  1024.1671     7.9365    24.1573     9.7796    298.409    9.69376  295.78855    100.886 -9.990e-29
   40.35962  -72.31716      2.110      2.094     7.9371    31.0185 -9.990e-29     0.3237 2.7598e+01  1024.1672     7.9369    24.1575     9.7807    298.441    9.69374  295.78815    100.897 -9.990e-29
   40.35962  -72.31716      2.091      2.075     7.9372    31.0187 -9.990e-29     0.3103 2.6753e+01  1024.1671     7.9371    24.1576     9.7755    298.282    9.69369  295.78655    100.844 -9.990e-29
   40.35962  -72.31716      2.080      2.064     7.9371    31.0189 -9.990e-29     0.2968 2.6453e+01  1024.1672     7.9369    24.1577     9.7819    298.478    9.69371  295.78713    100.910 -9.990e-29
   40.35962  -72.31716      2.059      2.043     7.9371    31.0189 -9.990e-29     0.3103 2.6304e+01  1024.1672     7.9369    24.1577     9.7830    298.511    9.69371  295.78729    100.921 -9.990e-29
   40.35962  -72.31716      2.040      2.024     7.9372    31.0190 -9.990e-29     0.3103 2.5427e+01  1024.1671     7.9371    24.1578     9.7841    298.546    9.69377  295.78909    100.932 -9.990e-29
