CalculateIndicators/WaterTemperature/Data/CTD_NYOS/20240710_C22.cnv
* Sea-Bird SBE 9 Data File:
* FileName = C:\Seabird 9 CTD\Data\2024\202407_offshore\20240710_C22.hex
* Software Version Seasave V 7.23.2
* Temperature SN = 4590
* Conductivity SN = 3228
* Number of Bytes Per Scan = 44
* Number of Voltage Words = 5
* Number of Scans Averaged by the Deck Unit = 1
* NMEA Latitude = 40 21.39 N
* NMEA Longitude = 072 18.44 W
* NMEA UTC (Time) = Jul 10 2024  16:16:47
* NMEA baud rate = 4800
** Ship: seawolf
** Station: 10.3
** Operator: TCM
# nquan = 18
# nvalues = 13581                       
# units = specified
# name 0 = latitude: Latitude [deg]
# name 1 = longitude: Longitude [deg]
# name 2 = prDM: Pressure, Digiquartz [db]
# name 3 = depSM: Depth [salt water, m]
# name 4 = t090C: Temperature [ITS-90, deg C]
# name 5 = sal00: Salinity, Practical [PSU]
# name 6 = ph: pH
# name 7 = flECO-AFL: Fluorescence, WET Labs ECO-AFL/FL [mg/m^3]
# name 8 = cpar: CPAR/Corrected Irradiance [%]
# name 9 = density00: Density [density, kg/m^3]
# name 10 = potemp090C: Potential Temperature [ITS-90, deg C]
# name 11 = sigma-é00: Density [sigma-theta, kg/m^3]
# name 12 = sbeox0Mg/L: Oxygen, SBE 43 [mg/l]
# name 13 = sbox0Mm/Kg: Oxygen, SBE 43 [umol/kg]
# name 14 = oxsolMg/L: Oxygen Saturation, Garcia & Gordon [mg/l]
# name 15 = oxsolMm/Kg: Oxygen Saturation, Garcia & Gordon [umol/kg]
# name 16 = sbeox0PS: Oxygen, SBE 43 [% saturation]
# name 17 = flag:  0.000e+00
# span 0 =   40.35648,   40.35786       
# span 1 =  -72.30736,  -72.30502       
# span 2 =      1.839,     55.165       
# span 3 =      1.825,     54.733       
# span 4 =     6.7181,    22.7753       
# span 5 =    29.9918,    32.0027       
# span 6 =      7.824,      8.093       
# span 7 =    -0.0255,     2.0832       
# span 8 = 4.0190e-14, 1.2364e+02       
# span 9 =  1020.2637,  1025.3270       
# span 10 =     6.7134,    22.7743      
# span 11 =    20.2512,    25.0747      
# span 12 =     7.3036,    10.5026      
# span 13 =    222.662,    320.293      
# span 14 =    7.24020,    9.90636      
# span 15 =  221.76481,  302.00628      
# span 16 =     73.838,    111.382      
# span 17 = 0.0000e+00, 0.0000e+00      
# interval = seconds: 0.0416667
# start_time = Jul 10 2024 16:16:48 [System UTC, first data scan.]
# bad_flag = -9.990e-29
*END*
[from data line 11739]
   40.35780  -72.30540      2.010      1.995    22.7189    30.0697 -9.990e-29     0.4177 4.8690e+01  1020.2869    22.7185    20.2781     7.7360    236.949    7.24677  221.96436    106.751 0.0000e+00
   40.35780  -72.30540      1.990      1.975    22.7189    30.0698 -9.990e-29     0.4177 5.0528e+01  1020.2866    22.7185    20.2782     7.7360    236.950    7.24683  221.96636    106.751 0.0000e+00
   40.35780  -72.30540      1.960      1.945    22.7187    30.0700 -9.990e-29     0.4177 5.0898e+01  1020.2867    22.7184    20.2784     7.7361    236.953    7.24693  221.96959    106.750 0.0000e+00
   40.35780  -72.30540      1.950      1.935    22.7183    30.0704 -9.990e-29     0.4177 5.0781e+01  1020.2874    22.7179    20.2787     7.7362    236.956    7.24704  221.97321    106.750 0.0000e+00
   40.35780  -72.30540      1.931      1.916    22.7187    30.0707 -9.990e-29     0.4177 5.0865e+01  1020.2871    22.7184    20.2789     7.7363    236.959    7.24718  221.97720    106.749 0.0000e+00
   40.35780  -72.30540      1.920      1.905    22.7185    30.0709 -9.990e-29     0.4177 5.0749e+01  1020.2874    22.7181    20.2790     7.7325    236.843    7.24729  221.98061    106.695 0.0000e+00
   40.35780  -72.30540      1.909      1.894    22.7189    30.0712 -9.990e-29     0.4177 5.3261e+01  1020.2875    22.7185    20.2792     7.7366    236.966    7.24740  221.98357    106.749 0.0000e+00
   40.35780  -72.30540      1.890      1.875    22.7190    30.0714 -9.990e-29     0.4177 6.0717e+01  1020.2875    22.7187    20.2794     7.7366    236.967    7.24745  221.98507    106.749 -9.990e-29
   40.35780  -72.30540      1.890      1.875    22.7193    30.0717 -9.990e-29     0.4177 6.3366e+01  1020.2877    22.7189    20.2795     7.7370    236.980    7.24754  221.98772    106.754 -9.990e-29
   40.35780  -72.30540      1.899      1.885    22.7200    30.0717 -9.990e-29     0.4177 6.1469e+01  1020.2878    22.7196    20.2795     7.7332    236.862    7.24757  221.98831    106.700 -9.990e-29
   40.35780  -72.30540      1.879      1.864    22.7201    30.0717 -9.990e-29     0.4177 5.5177e+01  1020.2876    22.7198    20.2793     7.7375    236.994    7.24760  221.98935    106.759 -9.990e-29
   40.35780  -72.30540      1.890      1.875    22.7205    30.0713 -9.990e-29     0.4177 5.2779e+01  1020.2868    22.7201    20.2789     7.7379    237.008    7.24765  221.99093    106.765 -9.990e-29
   40.35780  -72.30540      1.879      1.864    22.7207    30.0711 -9.990e-29     0.4043 5.2217e+01  1020.2866    22.7203    20.2787     7.7422    237.140    7.24767  221.99135    106.824 -9.990e-29
   40.35780  -72.30540      1.899      1.885    22.7206    30.0711 -9.990e-29     0.4043 4.9445e+01  1020.2871    22.7203    20.2787     7.7387    237.031    7.24766  221.99086    106.775 -9.990e-29
   40.35780  -72.30540      1.909      1.894    22.7211    30.0709 -9.990e-29     0.4043 4.7966e+01  1020.2868    22.7207    20.2785     7.7388    237.033    7.24767  221.99129    106.776 -9.990e-29
   40.35780  -72.30540      1.909      1.894    22.7212    30.0707 -9.990e-29     0.4043 4.8047e+01  1020.2863    22.7208    20.2782     7.7388    237.034    7.24765  221.99047    106.777 -9.990e-29
   40.35780  -72.30540      1.929      1.915    22.7212    30.0707 -9.990e-29     0.4043 5.3495e+01  1020.2866    22.7208    20.2782     7.7388    237.035    7.24762  221.98968    106.778 -9.990e-29
   40.35780  -72.30540      1.940      1.925    22.7214    30.0707 -9.990e-29     0.4043 5.7101e+01  1020.2866    22.7210    20.2782     7.7389    237.037    7.24763  221.98980    106.778 -9.990e-29
   40.35780  -72.30540      1.950      1.935    22.7214    30.0707 -9.990e-29     0.4043 5.7520e+01  1020.2866    22.7210    20.2782     7.7386    237.028    7.24762  221.98967    106.774 -9.990e-29
   40.35780  -72.30540      1.960      1.945    22.7214    30.0708 -9.990e-29     0.4043 5.6591e+01  1020.2865    22.7210    20.2783     7.7429    237.159    7.24763  221.98994    106.833 -9.990e-29
   40.35780  -72.30540      1.980      1.965    22.7212    30.0708 -9.990e-29     0.4043 5.6053e+01  1020.2873    22.7208    20.2785     7.7390    237.040    7.24764  221.99021    106.780 -9.990e-29
   40.35780  -72.30540      1.990      1.975    22.7214    30.0708 -9.990e-29     0.4043 5.5771e+01  1020.2876    22.7210    20.2785     7.7390    237.042    7.24765  221.99056    106.780 -9.990e-29
   40.35780  -72.30540      2.010      1.995    22.7221    30.0707 -9.990e-29     0.4043 5.7621e+01  1020.2865    22.7217    20.2780     7.7390    237.042    7.24764  221.99021    106.780 -9.990e-29
   40.35780  -72.30540      2.031      2.015    22.7219    30.0700 -9.990e-29     0.4043 5.9633e+01  1020.2862    22.7215    20.2775     7.7387    237.032    7.24765  221.99055    106.776 -9.990e-29
   40.35780  -72.30540      2.031      2.015    22.7217    30.0694 -9.990e-29     0.4043 6.0005e+01  1020.2861    22.7213    20.2771     7.7387    237.031    7.24759  221.98874    106.776 -9.990e-29
   40.35780  -72.30540      2.052      2.036    22.7214    30.0693 -9.990e-29     0.4043 5.9269e+01  1020.2854    22.7210    20.2766     7.7387    237.030    7.24756  221.98779    106.776 -9.990e-29
   40.35780  -72.30540      2.082      2.066    22.7210    30.0693 -9.990e-29     0.4043 5.8313e+01  1020.2848    22.7206    20.2766     7.7428    237.157    7.24747  221.98485    106.835 -9.990e-29
   40.35780  -72.30540      2.092      2.075    22.7203    30.0693 -9.990e-29     0.4043 5.7922e+01  1020.2861    22.7199    20.2774     7.7431    237.165    7.24742  221.98340    106.839 -9.990e-29
   40.35780  -72.30540      2.112      2.096    22.7200    30.0707 -9.990e-29     0.4043 6.0624e+01  1020.2881    22.7195    20.2785     7.7391    237.043    7.24736  221.98182    106.785 -9.990e-29
   40.35780  -72.30540      2.122      2.105    22.7201    30.0718 -9.990e-29     0.4043 6.6747e+01  1020.2885    22.7197    20.2793     7.7433    237.172    7.24735  221.98124    106.843 -9.990e-29
   40.35780  -72.30540      2.133      2.116    22.7206    30.0731 -9.990e-29     0.4043 6.8961e+01  1020.2890    22.7202    20.2801     7.7435    237.178    7.24728  221.97922    106.847 -9.990e-29
   40.35780  -72.30540      2.152      2.135    22.7214    30.0747 -9.990e-29     0.4043 6.5231e+01  1020.2905    22.7210    20.2811     7.7437    237.186    7.24724  221.97800    106.851 -9.990e-29
   40.35780  -72.30540      2.163      2.146    22.7231    30.0758 -9.990e-29     0.4043 5.3820e+01  1020.2919    22.7227    20.2817     7.7482    237.323    7.24722  221.97739    106.913 -9.990e-29
   40.35780  -72.30540      2.193      2.176    22.7257    30.0758 -9.990e-29     0.4043 4.9917e+01  1020.2909    22.7252    20.2813     7.7445    237.210    7.24720  221.97701    106.862 -9.990e-29
   40.35780  -72.30540      2.193      2.176    22.7273    30.0758 -9.990e-29     0.4043 4.8701e+01  1020.2898    22.7268    20.2804     7.7448    237.218    7.24724  221.97852    106.865 -9.990e-29
   40.35780  -72.30540      2.223      2.206    22.7288    30.0751 -9.990e-29     0.4043 4.2387e+01  1020.2890    22.7284    20.2795     7.7451    237.226    7.24731  221.98046    106.868 -9.990e-29
   40.35780  -72.30540      2.233      2.216    22.7303    30.0744 -9.990e-29     0.4043 3.9535e+01  1020.2882    22.7298    20.2785     7.7453    237.232    7.24732  221.98059    106.871 -9.990e-29
   40.35780  -72.30540      2.244      2.227    22.7317    30.0737 -9.990e-29     0.3908 3.9339e+01  1020.2872    22.7313    20.2776     7.7454    237.237    7.24727  221.97908    106.873 -9.990e-29
   40.35780  -72.30540      2.274      2.257    22.7326    30.0728 -9.990e-29     0.4043 4.1104e+01  1020.2866    22.7321    20.2767     7.7452    237.230    7.24725  221.97835    106.871 -9.990e-29
   40.35780  -72.30540      2.284      2.266    22.7335    30.0718 -9.990e-29     0.3908 4.2067e+01  1020.2856    22.7331    20.2757     7.7453    237.235    7.24725  221.97844    106.873 -9.990e-29
   40.35780  -72.30540      2.284      2.266    22.7340    30.0703 -9.990e-29     0.3908 4.2095e+01  1020.2846    22.7335    20.2745     7.7412    237.109    7.24727  221.97917    106.816 -9.990e-29
   40.35780  -72.30540      2.304      2.287    22.7338    30.0682 -9.990e-29     0.3908 4.5317e+01  1020.2830    22.7334    20.2730     7.7453    237.233    7.24726  221.97881    106.872 -9.990e-29
   40.35780  -72.30540      2.344      2.326    22.7333    30.0659 -9.990e-29     0.3908 4.8022e+01  1020.2809    22.7329    20.2714     7.7454    237.236    7.24726  221.97885    106.873 -9.990e-29
   40.35780  -72.30540      2.355      2.337    22.7319    30.0655 -9.990e-29     0.3908 4.8325e+01  1020.2801    22.7314    20.2707     7.7413    237.112    7.24735  221.98172    106.816 -9.990e-29
   40.35780  -72.30540      2.375      2.356    22.7303    30.0655 -9.990e-29     0.3908 5.0441e+01  1020.2809    22.7298    20.2711     7.7412    237.109    7.24747  221.98552    106.813 -9.990e-29
   40.35780  -72.30540      2.395      2.377    22.7285    30.0655 -9.990e-29     0.3908 5.2854e+01  1020.2825    22.7280    20.2723     7.7410    237.102    7.24748  221.98560    106.809 -9.990e-29
   40.35780  -72.30540      2.406      2.388    22.7273    30.0669 -9.990e-29     0.3908 5.3338e+01  1020.2842    22.7268    20.2736     7.7365    236.964    7.24745  221.98457    106.748 -9.990e-29
   40.35780  -72.30540      2.435      2.416    22.7267    30.0676 -9.990e-29     0.3908 5.1514e+01  1020.2855    22.7262    20.2747     7.7359    236.946    7.24742  221.98352    106.740 -9.990e-29
   40.35780  -72.30540      2.446      2.427    22.7262    30.0676 -9.990e-29     0.3908 4.9006e+01  1020.2862    22.7257    20.2750     7.7354    236.929    7.24738  221.98242    106.733 -9.990e-29
   40.35780  -72.30540      2.476      2.457    22.7262    30.0676 -9.990e-29     0.3908 4.8355e+01  1020.2853    22.7257    20.2746     7.7348    236.912    7.24735  221.98137    106.726 -9.990e-29
   40.35780  -72.30540      2.497      2.478    22.7260    30.0665 -9.990e-29     0.3908 4.8988e+01  1020.2842    22.7255    20.2738     7.7343    236.895    7.24731  221.98011    106.719 -9.990e-29
   40.35780  -72.30540      2.506      2.487    22.7253    30.0663 -9.990e-29     0.3908 5.0278e+01  1020.2840    22.7248    20.2735     7.7338    236.880    7.24729  221.97967    106.712 -9.990e-29
   40.35780  -72.30540      2.516      2.497    22.7242    30.0663 -9.990e-29     0.3908 5.0651e+01  1020.2844    22.7237    20.2738     7.7290    236.735    7.24727  221.97912    106.647 -9.990e-29
   40.35780  -72.30540      2.537      2.517    22.7231    30.0663 -9.990e-29     0.3908 5.0402e+01  1020.2852    22.7226    20.2744     7.7282    236.711    7.24725  221.97836    106.637 -9.990e-29
   40.35780  -72.30540      2.567      2.547    22.7221    30.0670 -9.990e-29     0.3908 5.0014e+01  1020.2862    22.7216    20.2751     7.7272    236.678    7.24726  221.97879    106.622 -9.990e-29
   40.35780  -72.30540      2.557      2.538    22.7214    30.0677 -9.990e-29     0.3908 4.9962e+01  1020.2871    22.7208    20.2759     7.7265    236.656    7.24727  221.97912    106.612 -9.990e-29
   40.35780  -72.30540      2.578      2.558    22.7205    30.0683 -9.990e-29     0.3908 5.0280e+01  1020.2877    22.7200    20.2766     7.7300    236.764    7.24726  221.97869    106.661 -9.990e-29
   40.35780  -72.30540      2.597      2.577    22.7201    30.0688 -9.990e-29     0.3908 5.2686e+01  1020.2885    22.7196    20.2771     7.7296    236.751    7.24721  221.97718    106.656 -9.990e-29
   40.35780  -72.30540      2.608      2.588    22.7198    30.0691 -9.990e-29     0.3908 5.3924e+01  1020.2887    22.7193    20.2774     7.7246    236.598    7.24714  221.97492    106.588 -9.990e-29
   40.35780  -72.30540      2.608      2.588    22.7194    30.0693 -9.990e-29     0.3908 5.3566e+01  1020.2888    22.7189    20.2777     7.7238    236.576    7.24709  221.97340    106.579 -9.990e-29
   40.35780  -72.30540      2.618      2.598    22.7191    30.0696 -9.990e-29     0.3908 4.9738e+01  1020.2893    22.7186    20.2780     7.7273    236.683    7.24699  221.97040    106.628 -9.990e-29
   40.35780  -72.30540      2.627      2.607    22.7190    30.0700      7.979     0.3908 4.7719e+01  1020.2897    22.7185    20.2783     7.7231    236.552    7.24690  221.96757    106.570 -9.990e-29
   40.35780  -72.30540      2.627      2.607    22.7189    30.0702      7.984     0.3908 4.7402e+01  1020.2898    22.7184    20.2785     7.7266    236.659    7.24675  221.96271    106.621 -9.990e-29
   40.35780  -72.30540      2.629      2.608    22.7190    30.0704      7.984     0.4043 4.3969e+01  1020.2899    22.7185    20.2787     7.7262    236.648    7.24663  221.95911    106.618 -9.990e-29
   40.35780  -72.30540      2.638      2.618    22.7191    30.0707      7.979     0.3908 4.1639e+01  1020.2903    22.7186    20.2789     7.7258    236.636    7.24647  221.95449    106.615 -9.990e-29
   40.35780  -72.30540      2.638      2.618    22.7189    30.0707      7.984     0.3908 4.1088e+01  1020.2907    22.7183    20.2791     7.7255    236.626    7.24636  221.95113    106.612 -9.990e-29
   40.35780  -72.30540      2.627      2.607    22.7191    30.0707      7.984     0.3908 4.3055e+01  1020.2902    22.7186    20.2790     7.7252    236.617    7.24624  221.94780    106.609 -9.990e-29
   40.35780  -72.30540      2.627      2.607    22.7190    30.0707      7.984     0.3908 4.4990e+01  1020.2902    22.7185    20.2788     7.7207    236.480    7.24618  221.94603    106.548 -9.990e-29
   40.35780  -72.30540      2.629      2.608    22.7191    30.0706      7.984     0.3908 4.5278e+01  1020.2900    22.7186    20.2788     7.7247    236.602    7.24610  221.94351    106.605 -9.990e-29
   40.35780  -72.30540      2.627      2.607    22.7189    30.0706      7.984     0.3908 4.7579e+01  1020.2903    22.7183    20.2788     7.7203    236.468    7.24605  221.94220    106.545 -9.990e-29
   40.35780  -72.30540      2.618      2.598    22.7191    30.0706      7.984     0.3908 5.0849e+01  1020.2899    22.7186    20.2788     7.7240    236.582    7.24598  221.94000    106.597 -9.990e-29
   40.35780  -72.30540      2.608      2.588    22.7189    30.0707      7.984     0.3908 5.1661e+01  1020.2902    22.7183    20.2789     7.7239    236.579    7.24598  221.94003    106.596 -9.990e-29
   40.35780  -72.30540      2.608      2.588    22.7193    30.0710      7.984     0.3908 5.0835e+01  1020.2902    22.7188    20.2791     7.7196    236.448    7.24598  221.94006    106.537 -9.990e-29
   40.35780  -72.30540      2.608      2.588    22.7194    30.0713      7.984     0.3908 4.9515e+01  1020.2904    22.7189    20.2792     7.7235    236.567    7.24601  221.94105    106.590 -9.990e-29
   40.35780  -72.30540      2.597      2.577    22.7200    30.0714      7.984     0.3908 4.9187e+01  1020.2906    22.7194    20.2793     7.7194    236.440    7.24609  221.94365    106.531 -9.990e-29
   40.35780  -72.30540      2.587      2.568    22.7203    30.0714      7.984     0.3908 5.1397e+01  1020.2905    22.7198    20.2791     7.7195    236.443    7.24616  221.94598    106.532 -9.990e-29
   40.35780  -72.30540      2.587      2.568    22.7211    30.0716      7.984     0.3908 5.7781e+01  1020.2896    22.7205    20.2789     7.7238    236.575    7.24619  221.94674    106.591 -9.990e-29
   40.35780  -72.30540      2.578      2.558    22.7210    30.0714      7.984     0.3908 6.0317e+01  1020.2900    22.7205    20.2788     7.7238    236.576    7.24617  221.94573    106.592 -9.990e-29
   40.35780  -72.30540      2.567      2.547    22.7214    30.0714      7.984     0.3908 5.9415e+01  1020.2901    22.7209    20.2788     7.7242    236.586    7.24607  221.94243    106.598 -9.990e-29
   40.35780  -72.30540      2.557      2.538    22.7217    30.0714      7.984     0.3908 5.5015e+01  1020.2899    22.7212    20.2786     7.7245    236.597    7.24599  221.94001    106.604 -9.990e-29
