CalculateIndicators/WaterTemperature/Data/CTD_NYOS/20240426_C01.cnv
* Sea-Bird SBE 9 Data File:
* FileName = C:\Seabird 9 CTD\Data\2024\202404_offshore\20240426_C01.hex
* Software Version Seasave V 7.23.2
* Temperature SN = 4590
* Conductivity SN = 3228
* Number of Bytes Per Scan = 44
* Number of Voltage Words = 5
* Number of Scans Averaged by the Deck Unit = 1
* NMEA Latitude = 40 57.60 N
* NMEA Longitude = 073 34.67 W
* NMEA UTC (Time) = Apr 26 2024  01:39:48
* NMEA baud rate = 4800
** Ship: Seawolf
** Station: LIS_ARIG
** Operator: TDK
# nquan = 18
# nvalues = 11911                       
# units = specified
# name 0 = latitude: Latitude [deg]
# name 1 = longitude: Longitude [deg]
# name 2 = prDM: Pressure, Digiquartz [db]
# name 3 = depSM: Depth [salt water, m]
# name 4 = t090C: Temperature [ITS-90, deg C]
# name 5 = sal00: Salinity, Practical [PSU]
# name 6 = ph: pH
# name 7 = flECO-AFL: Fluorescence, WET Labs ECO-AFL/FL [mg/m^3]
# name 8 = cpar: CPAR/Corrected Irradiance [%]
# name 9 = density00: Density [density, kg/m^3]
# name 10 = potemp090C: Potential Temperature [ITS-90, deg C]
# name 11 = sigma-é00: Density [sigma-theta, kg/m^3]
# name 12 = sbeox0Mg/L: Oxygen, SBE 43 [mg/l]
# name 13 = sbox0Mm/Kg: Oxygen, SBE 43 [umol/kg]
# name 14 = oxsolMg/L: Oxygen Saturation, Garcia & Gordon [mg/l]
# name 15 = oxsolMm/Kg: Oxygen Saturation, Garcia & Gordon [umol/kg]
# name 16 = sbeox0PS: Oxygen, SBE 43 [% saturation]
# name 17 = flag:  0.000e+00
# span 0 =   40.95976,   40.96006       
# span 1 =  -73.57792,  -73.57782       
# span 2 =      1.792,     12.983       
# span 3 =      1.778,     12.882       
# span 4 =     8.9484,    10.4944       
# span 5 =    22.8130,    23.5409       
# span 6 =      7.903,      8.220       
# span 7 =     1.7071,     7.4958       
# span 8 = 5.0640e-11, 9.9999e+04       
# span 9 =  1017.3967,  1018.2290       
# span 10 =     8.9472,    10.4942      
# span 11 =    17.3843,    18.1688      
# span 12 =     8.8178,    11.3120      
# span 13 =    270.647,    347.461      
# span 14 =    9.65017,    9.94449      
# span 15 =  296.41821,  305.22402      
# span 16 =     88.737,    117.151      
# span 17 = 0.0000e+00, 0.0000e+00      
# interval = seconds: 0.0416667
# start_time = Apr 26 2024 01:39:50 [System UTC, first data scan.]
# bad_flag = -9.990e-29
*END*
[from data line 9649]
   40.95982  -73.57784      2.050      2.034    10.4733    22.8215      8.215     6.7034 5.0640e-11  1017.4023    10.4731    17.3928    11.2706    346.189    9.65456  296.55124    116.738 -9.990e-29
   40.95982  -73.57784      2.050      2.034    10.4739    22.8215      8.215     6.6900 5.0640e-11  1017.4021    10.4737    17.3928    11.2752    346.331    9.65459  296.55217    116.786 -9.990e-29
   40.95982  -73.57784      2.059      2.043    10.4737    22.8215      8.215     6.6766 5.0640e-11  1017.4022    10.4734    17.3928    11.2753    346.334    9.65456  296.55136    116.787 -9.990e-29
   40.95982  -73.57784      2.059      2.043    10.4740    22.8215      8.215     6.6900 5.0640e-11  1017.4021    10.4738    17.3928    11.2694    346.153    9.65456  296.55136    116.726 -9.990e-29
   40.95982  -73.57784      2.059      2.043    10.4737    22.8215      8.215     6.6900 5.0640e-11  1017.4022    10.4734    17.3928    11.2749    346.322    9.65461  296.55288    116.782 -9.990e-29
   40.95982  -73.57784      2.069      2.053    10.4735    22.8216      8.215     6.6900 5.0640e-11  1017.4023    10.4733    17.3929    11.2750    346.325    9.65459  296.55207    116.784 -9.990e-29
   40.95982  -73.57784      2.069      2.053    10.4730    22.8217      8.220     6.6766 5.0640e-11  1017.4026    10.4728    17.3931    11.2683    346.120    9.65458  296.55184    116.715 -9.990e-29
   40.95982  -73.57784      2.059      2.043    10.4732    22.8219      8.215     6.6900 5.0640e-11  1017.4026    10.4729    17.3932    11.2678    346.103    9.65461  296.55278    116.709 -9.990e-29
   40.95982  -73.57784      2.069      2.053    10.4728    22.8220      8.220     6.6900 5.0640e-11  1017.4028    10.4726    17.3933    11.2672    346.085    9.65460  296.55253    116.703 -9.990e-29
   40.95982  -73.57784      2.069      2.053    10.4728    22.8220      8.215     6.6766 5.0640e-11  1017.4028    10.4726    17.3933    11.2658    346.042    9.65457  296.55149    116.689 -9.990e-29
   40.95982  -73.57784      2.069      2.053    10.4729    22.8220      8.220     6.6900 5.0640e-11  1017.4028    10.4727    17.3933    11.2653    346.025    9.65456  296.55103    116.683 -9.990e-29
   40.95982  -73.57784      2.069      2.053    10.4728    22.8220      8.215     6.6900 5.0640e-11  1017.4028    10.4726    17.3933    11.2707    346.193    9.65452  296.54975    116.740 -9.990e-29
   40.95982  -73.57784      2.069      2.053    10.4727    22.8220      8.215     6.6766 5.0640e-11  1017.4029    10.4725    17.3933    11.2710    346.203    9.65456  296.55126    116.743 -9.990e-29
   40.95982  -73.57784      2.069      2.053    10.4730    22.8220      8.220     6.6766 5.0640e-11  1017.4029    10.4728    17.3933    11.2653    346.026    9.65459  296.55207    116.683 -9.990e-29
   40.95982  -73.57784      2.069      2.053    10.4728    22.8219      8.215     6.6766 5.0640e-11  1017.4027    10.4726    17.3932    11.2649    346.014    9.65463  296.55324    116.678 -9.990e-29
   40.95982  -73.57784      2.068      2.052    10.4730    22.8218      8.215     6.6900 5.0640e-11  1017.4026    10.4728    17.3932    11.2637    345.979    9.65471  296.55559    116.666 -9.990e-29
   40.95982  -73.57784      2.059      2.043    10.4728    22.8218      8.215     6.6766 5.0640e-11  1017.4027    10.4726    17.3932    11.2632    345.964    9.65468  296.55466    116.661 -9.990e-29
   40.95982  -73.57784      2.059      2.043    10.4730    22.8218      8.220     6.6900 5.0640e-11  1017.4026    10.4728    17.3932    11.2629    345.952    9.65470  296.55525    116.657 -9.990e-29
   40.95982  -73.57784      2.050      2.034    10.4728    22.8219      8.220     6.6900 5.0640e-11  1017.4027    10.4726    17.3933    11.2625    345.942    9.65472  296.55617    116.653 -9.990e-29
   40.95982  -73.57784      2.050      2.034    10.4728    22.8221      8.220     6.6766 5.0640e-11  1017.4028    10.4726    17.3933    11.2682    346.115    9.65470  296.55535    116.712 -9.990e-29
   40.95982  -73.57784      2.050      2.034    10.4731    22.8222      8.215     6.6900 5.0640e-11  1017.4027    10.4729    17.3934    11.2686    346.129    9.65472  296.55605    116.716 -9.990e-29
   40.95982  -73.57784      2.039      2.023    10.4730    22.8222      8.215     6.6766 5.0640e-11  1017.4029    10.4728    17.3935    11.2691    346.143    9.65475  296.55699    116.721 -9.990e-29
   40.95982  -73.57784      2.039      2.023    10.4733    22.8222      8.215     6.6900 5.0640e-11  1017.4028    10.4731    17.3935    11.2634    345.969    9.65473  296.55640    116.662 -9.990e-29
   40.95982  -73.57784      2.039      2.023    10.4730    22.8222      8.215     6.6900 5.0640e-11  1017.4028    10.4728    17.3935    11.2684    346.121    9.65474  296.55687    116.713 -9.990e-29
   40.95982  -73.57784      2.039      2.023    10.4732    22.8222      8.215     6.6900 5.0640e-11  1017.4027    10.4729    17.3935    11.2627    345.948    9.65473  296.55663    116.655 -9.990e-29
   40.95982  -73.57784      2.039      2.023    10.4730    22.8223      8.215     6.7168 5.0640e-11  1017.4030    10.4728    17.3935    11.2625    345.940    9.65476  296.55745    116.652 -9.990e-29
   40.95982  -73.57784      2.050      2.034    10.4732    22.8221      8.215     6.7303 5.0640e-11  1017.4027    10.4729    17.3933    11.2622    345.931    9.65477  296.55779    116.649 -9.990e-29
   40.95982  -73.57784      2.039      2.023    10.4732    22.8218      8.215     6.7303 5.0640e-11  1017.4025    10.4729    17.3931    11.2680    346.110    9.65483  296.55943    116.709 -9.990e-29
   40.95982  -73.57784      2.039      2.023    10.4732    22.8216      8.215     6.7303 5.0640e-11  1017.4023    10.4729    17.3930    11.2624    345.938    9.65476  296.55733    116.651 -9.990e-29
   40.95982  -73.57784      2.050      2.034    10.4730    22.8214      8.215     6.7168 5.0640e-11  1017.4024    10.4728    17.3929    11.2622    345.931    9.65476  296.55744    116.649 -9.990e-29
   40.95982  -73.57784      2.050      2.034    10.4731    22.8213      8.215     6.7168 5.0640e-11  1017.4022    10.4729    17.3928    11.2689    346.137    9.65480  296.55863    116.718 -9.990e-29
   40.95982  -73.57784      2.050      2.034    10.4728    22.8212      8.220     6.7168 5.0640e-11  1017.4020    10.4726    17.3927    11.2635    345.970    9.65482  296.55908    116.661 -9.990e-29
   40.95982  -73.57784      2.059      2.043    10.4725    22.8213      8.215     6.7168 5.0640e-11  1017.4023    10.4723    17.3928    11.2633    345.965    9.65476  296.55744    116.660 -9.990e-29
   40.95982  -73.57784      2.050      2.034    10.4723    22.8214      8.215     6.7303 5.0640e-11  1017.4025    10.4721    17.3930    11.2692    346.148    9.65479  296.55826    116.722 -9.990e-29
   40.95982  -73.57784      2.050      2.034    10.4723    22.8214      8.215     6.7168 5.0640e-11  1017.4024    10.4721    17.3930    11.2699    346.168    9.65477  296.55746    116.729 -9.990e-29
   40.95982  -73.57784      2.050      2.034    10.4723    22.8213      8.215     6.7303 5.0640e-11  1017.4023    10.4721    17.3929    11.2705    346.185    9.65470  296.55558    116.735 -9.990e-29
   40.95982  -73.57784      2.050      2.034    10.4725    22.8213      8.220     6.7168 5.0640e-11  1017.4022    10.4723    17.3929    11.2711    346.204    9.65465  296.55407    116.742 -9.990e-29
   40.95982  -73.57784      2.039      2.023    10.4725    22.8214      8.220     6.7168 5.0640e-11  1017.4022    10.4723    17.3929    11.2717    346.223    9.65461  296.55279    116.749 -9.990e-29
   40.95982  -73.57784      2.050      2.034    10.4723    22.8214      8.220     6.7168 5.0640e-11  1017.4024    10.4721    17.3929    11.2723    346.243    9.65459  296.55208    116.756 -9.990e-29
   40.95982  -73.57784      2.039      2.023    10.4723    22.8215      8.215     6.7303 5.0640e-11  1017.4022    10.4721    17.3930    11.2669    346.077    9.65454  296.55069    116.701 -9.990e-29
   40.95982  -73.57784      2.039      2.023    10.4719    22.8216      8.215     6.7168 5.0640e-11  1017.4026    10.4717    17.3931    11.2728    346.257    9.65447  296.54845    116.762 -9.990e-29
   40.95982  -73.57784      2.037      2.022    10.4722    22.8216      8.215     6.7168 5.0640e-11  1017.4025    10.4720    17.3931    11.2735    346.278    9.65444  296.54763    116.770 -9.990e-29
   40.95982  -73.57784      2.039      2.023    10.4720    22.8217      8.215     6.7303 5.0640e-11  1017.4025    10.4718    17.3931    11.2741    346.297    9.65439  296.54611    116.777 -9.990e-29
   40.95982  -73.57784      2.039      2.023    10.4722    22.8217      8.215     6.7303 5.0640e-11  1017.4026    10.4720    17.3931    11.2749    346.321    9.65444  296.54752    116.784 -9.990e-29
   40.95982  -73.57784      2.020      2.004    10.4723    22.8217      8.215     6.7168 5.0640e-11  1017.4025    10.4721    17.3931    11.2756    346.342    9.65444  296.54763    116.791 -9.990e-29
   40.95982  -73.57784      2.039      2.023    10.4728    22.8214      8.215     6.7303 5.0640e-11  1017.4021    10.4726    17.3929    11.2762    346.363    9.65442  296.54693    116.799 -9.990e-29
   40.95982  -73.57784      2.029      2.013    10.4727    22.8214      8.220     6.7168 5.0640e-11  1017.4022    10.4725    17.3929    11.2830    346.569    9.65442  296.54693    116.868 -9.990e-29
   40.95982  -73.57784      2.029      2.013    10.4727    22.8215      8.215     6.7303 5.0640e-11  1017.4023    10.4725    17.3929    11.2845    346.616    9.65445  296.54810    116.883 -9.990e-29
   40.95982  -73.57784      2.039      2.023    10.4730    22.8214      8.215     6.7303 5.0640e-11  1017.4021    10.4728    17.3929    11.2858    346.657    9.65442  296.54706    116.898 -9.990e-29
   40.95982  -73.57784      2.029      2.013    10.4728    22.8214      8.215     6.6631 5.0640e-11  1017.4022    10.4726    17.3929    11.2803    346.489    9.65441  296.54660    116.841 -9.990e-29
   40.95982  -73.57784      2.029      2.013    10.4729    22.8215      8.215     6.6363 5.0640e-11  1017.4023    10.4727    17.3930    11.2810    346.509    9.65445  296.54788    116.847 -9.990e-29
   40.95982  -73.57784      2.029      2.013    10.4728    22.8217      8.220     6.6228 5.0640e-11  1017.4025    10.4726    17.3931    11.2815    346.525    9.65443  296.54730    116.853 -9.990e-29
   40.95982  -73.57784      2.029      2.013    10.4727    22.8218      8.215     6.6363 5.0640e-11  1017.4024    10.4725    17.3932    11.2813    346.518    9.65441  296.54662    116.851 -9.990e-29
   40.95982  -73.57784      2.020      2.004    10.4727    22.8220      8.215     6.6363 5.0640e-11  1017.4027    10.4725    17.3933    11.2877    346.716    9.65433  296.54415    116.919 -9.990e-29
   40.95982  -73.57784      2.020      2.004    10.4727    22.8221      8.220     6.6363 5.0640e-11  1017.4027    10.4725    17.3934    11.2831    346.574    9.65441  296.54651    116.870 -9.990e-29
   40.95982  -73.57784      2.039      2.023    10.4725    22.8220      8.215     6.6363 5.0640e-11  1017.4028    10.4723    17.3934    11.2827    346.563    9.65436  296.54486    116.867 -9.990e-29
   40.95982  -73.57784      2.020      2.004    10.4727    22.8220      8.220     6.6363 5.0640e-11  1017.4025    10.4725    17.3934    11.2825    346.555    9.65442  296.54683    116.864 -9.990e-29
   40.95982  -73.57784      2.020      2.004    10.4727    22.8222      8.215     6.6363 5.0640e-11  1017.4029    10.4725    17.3935    11.2822    346.545    9.65441  296.54649    116.860 -9.990e-29
   40.95982  -73.57784      2.029      2.013    10.4727    22.8224      8.215     6.6363 5.0640e-11  1017.4031    10.4725    17.3937    11.2817    346.532    9.65440  296.54624    116.856 -9.990e-29
   40.95982  -73.57784      2.020      2.004    10.4728    22.8224      8.215     6.6363 5.0640e-11  1017.4031    10.4726    17.3937    11.2813    346.518    9.65436  296.54519    116.852 -9.990e-29
   40.95982  -73.57784      2.029      2.013    10.4727    22.8223      8.215     6.6363 5.0640e-11  1017.4028    10.4725    17.3936    11.2817    346.529    9.65438  296.54577    116.855 -9.990e-29
   40.95982  -73.57784      2.020      2.004    10.4727    22.8221      8.215     6.6363 5.0640e-11  1017.4027    10.4725    17.3935    11.2880    346.723    9.65433  296.54436    116.921 -9.990e-29
   40.95982  -73.57784      2.039      2.023    10.4725    22.8221      8.215     6.6363 5.0640e-11  1017.4027    10.4723    17.3935    11.2882    346.731    9.65430  296.54343    116.924 -9.990e-29
   40.95982  -73.57784      2.039      2.023    10.4720    22.8222      8.215     6.6363 -9.990e-29  1017.4031    10.4718    17.3936    11.2884    346.738    9.65431  296.54377    116.927 -9.990e-29
   40.95982  -73.57784      2.039      2.023    10.4722    22.8223      8.215     6.6363 -9.990e-29  1017.4031    10.4720    17.3937    11.2885    346.741    9.65425  296.54200    116.928 -9.990e-29
   40.95982  -73.57784      2.050      2.034    10.4720    22.8223      8.220     6.6228 1.2587e-02  1017.4032    10.4718    17.3937    11.2886    346.745    9.65427  296.54248    116.929 -9.990e-29
   40.95982  -73.57784      2.050      2.034    10.4720    22.8222      8.215     6.6363 5.0640e-11  1017.4029    10.4718    17.3936    11.2886    346.743    9.65421  296.54083    116.929 -9.990e-29
   40.95982  -73.57784      2.047      2.031    10.4722    22.8220      8.215     6.6363 5.0640e-11  1017.4028    10.4720    17.3934    11.2826    346.559    9.65424  296.54178    116.867 -9.990e-29
   40.95982  -73.57784      2.059      2.043    10.4722    22.8218      8.220     6.6363 5.0640e-11  1017.4026    10.4720    17.3933    11.2886    346.744    9.65428  296.54294    116.929 -9.990e-29
   40.95982  -73.57784      2.059      2.043    10.4720    22.8217      8.215     6.6363 5.0640e-11  1017.4026    10.4718    17.3932    11.2893    346.765    9.65427  296.54270    116.936 -9.990e-29
   40.95982  -73.57784      2.050      2.034    10.4721    22.8217      8.220     6.6363 5.0640e-11  1017.4027    10.4719    17.3932    11.2840    346.600    9.65427  296.54281    116.880 -9.990e-29
   40.95982  -73.57784      2.059      2.043    10.4720    22.8216      8.215     6.6363 5.0640e-11  1017.4027    10.4718    17.3931    11.2890    346.756    9.65421  296.54095    116.934 -9.990e-29
   40.95982  -73.57784      2.059      2.043    10.4722    22.8215      8.215     6.6228 5.0640e-11  1017.4024    10.4720    17.3930    11.2897    346.777    9.65426  296.54258    116.940 -9.990e-29
   40.95982  -73.57784      2.059      2.043    10.4720    22.8214      8.215     6.6900 5.0640e-11  1017.4025    10.4718    17.3930    11.2834    346.583    9.65424  296.54175    116.875 -9.990e-29
   40.95982  -73.57784      2.059      2.043    10.4720    22.8214      8.215     6.8243 5.0640e-11  1017.4023    10.4718    17.3930    11.2885    346.739    9.65428  296.54327    116.927 -9.990e-29
   40.95982  -73.57784      2.050      2.034    10.4717    22.8215      8.220     6.8646 5.0640e-11  1017.4026    10.4715    17.3931    11.2821    346.544    9.65428  296.54304    116.861 -9.990e-29
   40.95982  -73.57784      2.059      2.043    10.4720    22.8215      8.215     6.8646 5.0640e-11  1017.4025    10.4718    17.3931    11.2818    346.535    9.65430  296.54351    116.858 -9.990e-29
   40.95982  -73.57784      2.050      2.034    10.4720    22.8216      8.215     6.8646 5.0640e-11  1017.4024    10.4718    17.3932    11.2807    346.500    9.65430  296.54351    116.846 -9.990e-29
   40.95982  -73.57784      2.059      2.043    10.4717    22.8218      8.215     6.8512 5.0640e-11  1017.4030    10.4715    17.3933    11.2796    346.466    9.65431  296.54397    116.835 -9.990e-29
