CalculateIndicators/WaterTemperature/Data/CTD_NYOS/NY1807C06.cnv
* Sea-Bird SBE 9 Data File:
* FileName = C:\Seabird 9 CTD\Data\2018\OffshoreCruise201807\NY1807C06.hex
* Software Version Seasave V 7.23.2
* Temperature SN = 4590
* Conductivity SN = 3228
* Number of Bytes Per Scan = 44
* Number of Voltage Words = 5
* Number of Scans Averaged by the Deck Unit = 1
* NMEA Latitude = 39 53.85 N
* NMEA Longitude = 072 07.13 W
* NMEA UTC (Time) = Jul 15 2018  21:14:05
* NMEA baud rate = 4800
** Ship: RV Seawolf
** Station: NY1807C06
** Operator: AJB
# nquan = 35
# nvalues = 157                         
# units = specified
# name 0 = depSM: Depth [salt water, m]
# name 1 = t090C: Temperature [ITS-90, deg C]
# name 2 = sal00: Salinity, Practical [PSU]
# name 3 = density00: Density [density, kg/m^3]
# name 4 = sbeox0V: Oxygen raw, SBE 43 [V]
# name 5 = sbeox0ML/L: Oxygen, SBE 43 [ml/l]
# name 6 = sbeox0PS: Oxygen, SBE 43 [% saturation]
# name 7 = sbox0dV/dT: Oxygen, SBE 43 [dov/dt]
# name 8 = oxsolML/L: Oxygen Saturation, Garcia & Gordon [ml/l]
# name 9 = oxsatML/L: Oxygen Saturation, Weiss [ml/l]
# name 10 = ph: pH
# name 11 = flECO-AFL: Fluorescence, WET Labs ECO-AFL/FL [mg/m^3]
# name 12 = n2satML/L: Nitrogen Saturation [ml/l]
# name 13 = c0S/m: Conductivity [S/m]
# name 14 = cpar: CPAR/Corrected Irradiance [%]
# name 15 = sigma-é00: Density [sigma-theta, kg/m^3]
# name 16 = sigma-t00: Density [sigma-t, kg/m^3 ]
# name 17 = par: PAR/Irradiance, Biospherical/Licor
# name 18 = prDM: Pressure, Digiquartz [db]
# name 19 = pumps: Pump Status
# name 20 = scan: Scan Count
# name 21 = svCM: Sound Velocity [Chen-Millero, m/s]
# name 22 = spar: SPAR, Biospherical/Licor
# name 23 = specc: Specific Conductance [uS/cm]
# name 24 = timeS: Time, Elapsed [seconds]
# name 25 = timeY: Time, System [seconds]
# name 26 = accM: Acceleration [m/s^2]
# name 27 = dz/dtM: Descent Rate [m/s]
# name 28 = latitude: Latitude [deg]
# name 29 = longitude: Longitude [deg]
# name 30 = gsw_saA0: Absolute Salinity [g/kg]
# name 31 = gsw_densityA0: density, TEOS-10 [density, kg/m^3]
# name 32 = gsw_sigma0A0: density, TEOS-10 [sigma-0, kg/m^3 ]
# name 33 = gsw_ptA0: potential temperature [ITS-90, deg C]
# name 34 = flag: flag
# span 0 =      0.964,     78.394       
# span 1 =     7.9614,    22.6022       
# span 2 =    32.9915,    33.3846       
# span 3 =  1022.7113,  1026.3161       
# span 4 =     3.1468,     4.2785       
# span 5 =     5.2724,     7.1651       
# span 6 =     84.401,    123.758       
# span 7 =   -0.03138,    0.27958       
# span 8 =    4.98970,    6.68604       
# span 9 =    4.97827,    6.69301       
# span 10 =      8.586,      8.899      
# span 11 =    -0.0282,     1.3076      
# span 12 =    9.21973,   12.03413      
# span 13 =   3.444698,   4.830085      
# span 14 = 7.6506e-14, 5.4705e+01      
# span 15 =    22.7070,    25.9569      
# span 16 =    22.7069,    25.9557      
# span 17 = 1.0000e-12, 5.8730e+02      
# span 18 =      1.000,     79.000      
# span 19 =          1,          1      
# span 20 =         57,      29250      
# span 21 =    1480.77,    1526.51      
# span 22 = 8.7346e+02, 1.4595e+03      
# span 23 =  50695.576,  52553.266      
# span 24 =      2.339,   1218.705      
# span 25 = 1531689258, 1531690474      
# span 26 =      -0.66,       0.52      
# span 27 =     -0.524,      0.640      
# span 28 =   39.89670,   39.89759      
# span 29 =  -72.12342,  -72.11892      
# span 30 =    33.1465,    33.5433      
# span 31 =  1022.7160,  1026.3190      
# span 32 =    22.7117,    25.9602      
# span 33 =     7.9569,    22.6020      
# span 34 = 0.0000e+00, 0.0000e+00      
# interval = decibars: 1                
# start_time = Jul 15 2018 21:14:16 [System UTC, first data scan.]
# bad_flag = -9.990e-29
*END*
[from data line 42]
     42.672     8.8670    33.2436  1025.9597     3.2573     5.7836     87.722   -0.00835    6.59326    6.59895      8.668     0.1255   11.87980   3.535449 6.3319e-02    25.7644    25.7637 7.1003e-01     43.000          1       4133    1484.26 1.1218e+03  52210.632    172.164 1531689428       0.38      0.376   39.89744  -72.11948    33.3885  1025.9527    25.7575     8.8625 0.0000e+00
     43.661     8.3491    33.1850  1025.9978     3.2080     5.7030     85.576   -0.01336    6.66455    6.67122      8.654     0.0814   11.99835   3.481704 5.6489e-02    25.7975    25.7968 6.3557e-01     44.000          1       4231    1482.26 1.1267e+03  52244.609    176.234 1531689432       0.25      0.347   39.89744  -72.11949    33.3092  1025.9748    25.7744     8.3447 0.0000e+00
     44.656     8.0301    33.1481  1026.0210     3.1732     5.6404     84.401   -0.01297    6.68299    6.68993      8.644     0.0953   12.02904   3.450954 5.0415e-02    25.8157    25.8151 5.6640e-01     45.000          1       4294    1481.03 1.1244e+03  52267.800    178.892 1531689435       0.01      0.512   39.89744  -72.11950    33.2833  1026.0064    25.8012     8.0257 0.0000e+00
     45.641     7.9614    33.1348  1026.0253     3.1526     5.6620     84.685   -0.00213    6.68604    6.69301      8.639     0.0446   12.03413   3.444698 4.6821e-02    25.8154    25.8148 5.2084e-01     46.000          1       4389    1480.77 1.1136e+03  52265.618    182.836 1531689438       0.11      0.209   39.89742  -72.11952    33.2813  1026.0196    25.8097     7.9569 0.0000e+00
     46.633     7.9624    33.1324  1026.0279     3.1478     5.6576     84.624   -0.00115    6.68558    6.69254      8.636     0.0449   12.03338   3.445039 3.7839e-02    25.8134    25.8128 4.2778e-01     47.000          1       4485    1480.79 1.1294e+03  52262.681    186.819 1531689442       0.10      0.230   39.89742  -72.11952    33.2835  1026.0258    25.8114     7.9578 0.0000e+00
     47.628     7.9678    33.1326  1026.0318     3.1468     5.6554     84.663   -0.00031    6.67988    6.68677      8.636     0.0396   12.02385   3.445789 3.4742e-02    25.8128    25.8121 3.8261e-01     48.000          1       4551    1480.83 1.1018e+03  52262.326    189.573 1531689445       0.00      0.365   39.89742  -72.11954    33.2860  1026.0315    25.8125     7.9631 0.0000e+00
     48.618     8.0161    33.1472  1026.0408     3.1699     5.7635     86.584    0.01183    6.65657    6.66315      8.639     0.0542   11.98492   3.452644 2.7651e-02    25.8173    25.8166 3.1465e-01     49.000          1       4640    1481.04 1.1377e+03  52272.197    193.306 1531689449       0.52      0.370   39.89742  -72.11956    33.3130  1026.0501    25.8266     8.0113 0.0000e+00
     49.616     8.1839    33.1924  1026.0559     3.2215     5.9194     89.011    0.01847    6.65023    6.65674      8.642     0.0459   11.97417   3.471741 2.5744e-02    25.8281    25.8273 2.7793e-01     50.000          1       4716    1481.75 1.0814e+03  52297.394    196.470 1531689452       0.12      0.528   39.89742  -72.11956    33.3571  1026.0643    25.8364     8.1790 0.0000e+00
     50.609     8.2153    33.2080  1026.0681     3.2580     5.9528     89.541    0.01008    6.64819    6.65469      8.646     0.0514   11.97066   3.475708 2.2230e-02    25.8357    25.8349 2.4893e-01     51.000          1       4801    1481.90 1.1218e+03  52312.774    200.005 1531689456       0.02      0.530   39.89742  -72.11956    33.3692  1026.0736    25.8413     8.2102 0.0000e+00
     51.593     8.1655    33.2079  1026.0800     3.2474     5.8346     87.423   -0.00935    6.67401    6.68086      8.637     0.0282   12.01354   3.470664 2.0862e-02    25.8430    25.8422 2.2697e-01     52.000          1       4904    1481.73 1.0882e+03  52325.012    204.309 1531689460       0.14      0.208   39.89742  -72.11959    33.3622  1026.0802    25.8432     8.1603 0.0000e+00
     52.587     8.0276    33.1912  1026.0919     3.2039     5.7171     85.560   -0.01307    6.68193    6.68889      8.628     0.0222   12.02668   3.456669 1.8193e-02    25.8502    25.8494 2.0157e-01     53.000          1       4980    1481.21 1.1110e+03  52334.641    207.472 1531689463      -0.04      0.284   39.89742  -72.11960    33.3433  1026.0903    25.8486     8.0224 0.0000e+00
     53.578     7.9673    33.1874  1026.1023     3.1694     5.6671     84.869   -0.00749    6.67746    6.68439      8.622     0.0031   12.01902   3.451254 1.5301e-02    25.8560    25.8552 1.7188e-01     54.000          1       5073    1480.99 1.1236e+03  52344.210    211.317 1531689467       0.10      0.237   39.89742  -72.11961    33.3422  1026.1029    25.8566     7.9620 0.0000e+00
     54.577     8.0119    33.2168  1026.1235     3.1652     5.6964     85.393   -0.00025    6.67080    6.67766      8.621    -0.0029   12.00772   3.458512 1.2231e-02    25.8726    25.8718 1.3457e-01     55.000          1       5138    1481.21 1.0999e+03  52376.136    214.022 1531689470       0.34      0.527   39.89742  -72.11962    33.3771  1026.1282    25.8774     8.0065 0.0000e+00
     55.564     8.0411    33.2383  1026.1405     3.1687     5.7126     85.678    0.00139    6.66749    6.67431      8.619    -0.0031   12.00208   3.462990 1.1322e-02    25.8852    25.8844 1.2700e-01     56.000          1       5220    1481.37 1.1223e+03  52400.185    217.470 1531689473      -0.03      0.284   39.89741  -72.11963    33.3967  1026.1438    25.8884     8.0356 0.0000e+00
     56.555     8.0579    33.2504  1026.1521     3.1697     5.7049     85.590   -0.00006    6.66542    6.67222      8.618     0.0055   11.99860   3.465646 9.9427e-03    25.8922    25.8914 1.0651e-01     57.000          1       5324    1481.46 1.0723e+03  52413.984    221.776 1531689477      -0.01      0.208   39.89740  -72.11965    33.4087  1026.1552    25.8954     8.0523 0.0000e+00
     57.549     8.0688    33.2538  1026.1578     3.1699     5.7087     85.654    0.00046    6.66479    6.67158 -9.990e-29     0.0044   11.99755   3.467039 8.0291e-03    25.8933    25.8925 8.7843e-02     58.000          1       5391    1481.52 1.0944e+03  52416.926    224.591 1531689480       0.17      0.473   39.89740  -72.11966    33.4128  1026.1614    25.8970     8.0631 0.0000e+00
     58.541     8.0700    33.2541  1026.1624     3.1694     5.7047     85.597   -0.00008    6.66465    6.67144      8.616    -0.0056   11.99732   3.467149 7.0284e-03    25.8934    25.8925 7.7905e-02     59.000          1       5468    1481.54 1.1085e+03  52417.685    227.783 1531689483      -0.08      0.293   39.89740  -72.11967    33.4123  1026.1654    25.8964     8.0642 0.0000e+00
     59.528     8.0717    33.2542  1026.1667     3.1698     5.7073     85.637    0.00006    6.66445    6.67124      8.615    -0.0048   11.99698   3.467341 5.3352e-03    25.8932    25.8923 5.5090e-02     60.000          1       5569    1481.57 1.0299e+03  52418.057    231.985 1531689488       0.25      0.267   39.89740  -72.11969    33.4123  1026.1697    25.8962     8.0658 0.0000e+00
     60.525     8.0692    33.2538  1026.1714     3.1697     5.7048     85.625   -0.00012    6.66258    6.66934      8.613    -0.0088   11.99385   3.467122 3.8874e-03    25.8933    25.8924 4.2781e-02     61.000          1       5647    1481.57 1.0995e+03  52418.817    235.237 1531689491       0.14      0.346   39.89740  -72.11970    33.4119  1026.1743    25.8963     8.0632 0.0000e+00
     61.523     8.0889    33.2589  1026.1771     3.1730     5.7199     85.890    0.00141    6.65958    6.66630 -9.990e-29     0.0064   11.98882   3.469544 2.7585e-03    25.8944    25.8935 3.0828e-02     62.000          1       5710    1481.67 1.1187e+03  52422.014    237.883 1531689493       0.14      0.589   39.89740  -72.11971    33.4185  1026.1812    25.8986     8.0828 0.0000e+00
     62.510     8.1131    33.2660  1026.1836     3.1815     5.7373     86.204    0.00145    6.65551    6.66218 -9.990e-29    -0.0031   11.98202   3.472397 2.0635e-03    25.8965    25.8956 2.2936e-02     63.000          1       5809    1481.79 1.1141e+03  52427.024    242.008 1531689498       0.05      0.310   39.89739  -72.11972    33.4255  1026.1876    25.9005     8.1069 0.0000e+00
     63.501     8.1285    33.2707  1026.1896     3.1846     5.7343     86.203    0.00017    6.65203    6.65865 -9.990e-29     0.0043   11.97618   3.474268 1.0560e-03    25.8979    25.8970 1.2131e-02     64.000          1       5897    1481.87 1.1498e+03  52430.744    245.672 1531689501       0.15      0.279   39.89738  -72.11974    33.4304  1026.1937    25.9021     8.1221 0.0000e+00
     64.489     8.1539    33.2779  1026.1960     3.1827     5.7131     85.932   -0.00217    6.64840    6.65498 -9.990e-29     0.0002   11.97011   3.477320 3.4433e-04    25.8998    25.8989 3.7571e-03     65.000          1       5987    1481.99 1.0887e+03  52435.615    249.408 1531689505       0.51      0.254   39.89738  -72.11976    33.4383  1026.2006    25.9045     8.1475 0.0000e+00
     65.485     8.1735    33.2828  1026.2015     3.1875     5.7391     86.417    0.00121    6.64118    6.64766      8.612    -0.0012   11.95799   3.479496 1.7406e-05    25.9008    25.8998 1.6614e-04     66.000          1       6056    1482.09 1.1456e+03  52438.514    252.302 1531689508      -0.00      0.325   39.89738  -72.11976    33.4424  1026.2055    25.9048     8.1669 0.0000e+00
     66.480     8.2263    33.3020  1026.2132     3.1882     5.7271     86.325   -0.00013    6.63425    6.64065      8.613     0.0129   11.94631   3.486350 6.7742e-07    25.9080    25.9071 5.3597e-06     67.000          1       6135    1482.32 1.1612e+03  52454.041    255.579 1531689511       0.14      0.403   39.89738  -72.11977    33.4648  1026.2196    25.9145     8.2196 0.0000e+00
     67.469     8.2756    33.3298  1026.2321     3.1841     5.6973     85.981   -0.00243    6.62621    6.63254 -9.990e-29    -0.0022   11.93258   3.493506 9.1155e-14    25.9225    25.9215 1.0000e-12     68.000          1       6226    1482.56 1.0978e+03  52482.540    259.393 1531689515       0.40      0.336   39.89738  -72.11978    33.4936  1026.2393    25.9297     8.2687 0.0000e+00
     68.460     8.2995    33.3528  1026.2511     3.1786     5.6867     85.825   -0.00208    6.62594    6.63227 -9.990e-29    -0.0142   11.93209   3.497569 8.4278e-14    25.9370    25.9360 1.0000e-12     69.000          1       6289    1482.70 1.1859e+03  52510.209    262.003 1531689518      -0.14      0.368   39.89736  -72.11979    33.5136  1026.2559    25.9418     8.2926 0.0000e+00
     69.457     8.2994    33.3593  1026.2608     3.1765     5.6893     85.860   -0.00099    6.62627    6.63260 -9.990e-29     0.0095   11.93259   3.498094 8.4442e-14    25.9421    25.9411 1.0000e-12     70.000          1       6384    1482.72 1.1843e+03  52520.091    265.946 1531689522       0.45      0.342   39.89736  -72.11981    33.5189  1026.2645    25.9459     8.2924 0.0000e+00
     70.448     8.2957    33.3610  1026.2672     3.1751     5.6897     85.862   -0.00057    6.62659    6.63293      8.609    -0.0161   11.93312   3.497923 8.4186e-14    25.9440    25.9429 1.0000e-12     71.000          1       6472    1482.73 1.1896e+03  52523.934    269.644 1531689525       0.06      0.329   39.89736  -72.11982    33.5201  1026.2706    25.9474     8.2886 0.0000e+00
     71.437     8.2930    33.3623  1026.2732     3.1750     5.6959     85.950    0.00040    6.62690    6.63325 -9.990e-29    -0.0074   11.93362   3.497794 8.2489e-14    25.9454    25.9443 1.0000e-12     72.000          1       6616    1482.73 1.2133e+03  52527.093    275.618 1531689531       0.13      0.202   39.89736  -72.11984    33.5208  1026.2762    25.9484     8.2858 0.0000e+00
     72.434     8.2903    33.3630  1026.2788     3.1735     5.6887     85.839   -0.00038    6.62723    6.63358      8.606    -0.0272   11.93415   3.497654 8.1354e-14    25.9464    25.9453 1.0000e-12     73.000          1       6780    1482.74 1.2293e+03  52529.429    282.457 1531689538       0.30      0.396   39.89736  -72.11987    33.5214  1026.2816    25.9493     8.2830 0.0000e+00
     73.422     8.2905    33.3675  1026.2868     3.1745     5.6955     85.947    0.00026    6.62675    6.63310      8.604    -0.0133   11.93330   3.498161 8.1618e-14    25.9499    25.9488 1.0000e-12     74.000          1       6979    1482.76 1.2265e+03  52536.393    290.731 1531689546       0.03      0.235   39.89735  -72.11991    33.5262  1026.2899    25.9530     8.2831 0.0000e+00
     74.414     8.2964    33.3713  1026.2934     3.1739     5.6888     85.871   -0.00045    6.62488    6.63120      8.601    -0.0188   11.93014   3.499085 8.3390e-14    25.9520    25.9509 1.0000e-12     75.000          1       7156    1482.81 1.2019e+03  52541.087    298.111 1531689554       0.12      0.207   39.89734  -72.11993    33.5300  1026.2965    25.9551     8.2888 0.0000e+00
     75.407     8.3245    33.3815  1026.3017     3.1738     5.6863     85.900   -0.00015    6.61974    6.62600      8.601    -0.0137   11.92153   3.502769 8.1708e-14    25.9558    25.9547 1.0000e-12     76.000          1       7324    1482.94 1.2260e+03  52549.568    305.109 1531689561       0.17      0.308   39.89734  -72.11995    33.5419  1026.3061    25.9602     8.3169 0.0000e+00
     76.397     8.3338    33.3846  1026.3073     3.1740     5.6885     85.933   -0.00002    6.61959    6.62585      8.601    -0.0148   11.92127   3.503781 8.1928e-14    25.9569    25.9557 1.0000e-12     77.000          1       7519    1483.00 1.2208e+03  52552.432    313.238 1531689569       0.04      0.202   39.89734  -72.11999    33.5433  1026.3103    25.9599     8.3261 0.0000e+00
     77.387     8.3307    33.3837  1026.3116     3.1736     5.6872     85.911   -0.00020    6.61979    6.62605      8.601    -0.0282   11.92160   3.503470 8.0766e-14    25.9567    25.9555 1.0000e-12     78.000          1       7689    1483.00 1.2382e+03  52552.637    320.326 1531689576       0.11      0.265   39.89734  -72.12002    33.5425  1026.3148    25.9598     8.3228 0.0000e+00
     78.394     8.3359    33.3846  1026.3161     3.1718     5.6823     85.823   -0.00044    6.62089    6.62717      8.600    -0.0053   11.92344   3.504036 8.3340e-14    25.9566    25.9554 1.0000e-12     79.000          1       8317    1483.05 1.1996e+03  52553.266    346.482 1531689602      -0.21      0.276   39.89732  -72.12012    33.5431  1026.3190    25.9595     8.3280 0.0000e+00
     77.384     8.3247    33.3817  1026.3110     3.1743     5.6988     86.061    0.00123    6.62173    6.62802      8.599    -0.0189   11.92485   3.502709 8.0739e-14    25.9560    25.9549 1.0000e-12     78.000          1       9033    1482.97 1.2396e+03  52551.198    376.318 1531689632      -0.22     -0.318   39.89730  -72.12025    33.5401  1026.3138    25.9588     8.3169 0.0000e+00
     76.395     8.3133    33.3779  1026.3052     3.1733     5.6881     85.879   -0.00025    6.62342    6.62973 -9.990e-29    -0.0166   11.92769   3.501271 7.8018e-14    25.9547    25.9536 1.0000e-12     77.000          1       9903    1482.91 1.2818e+03  52547.755    412.589 1531689668       0.02     -0.316   39.89728  -72.12040    33.5361  1026.3079    25.9574     8.3056 0.0000e+00
     75.406     8.3105    33.3766  1026.3001     3.1712     5.6898     85.896    0.00090    6.62404    6.63036      8.597    -0.0126   11.92873   3.500834 7.7179e-14    25.9541    25.9530 1.0000e-12     76.000          1      10010    1482.88 1.2957e+03  52546.011    417.027 1531689673      -0.38     -0.319   39.89728  -72.12042    33.5346  1026.3026    25.9567     8.3029 0.0000e+00
