CalculateIndicators/WaterTemperature/Data/CTD_NYOS/NY1807C13.cnv
* Sea-Bird SBE 9 Data File:
* FileName = C:\Seabird 9 CTD\Data\2018\OffshoreCruise201807\NY1807C13.hex
* Software Version Seasave V 7.23.2
* Temperature SN = 4590
* Conductivity SN = 3228
* Number of Bytes Per Scan = 44
* Number of Voltage Words = 5
* Number of Scans Averaged by the Deck Unit = 1
* NMEA Latitude = 40 01.80 N
* NMEA Longitude = 072 51.04 W
* NMEA UTC (Time) = Jul 17 2018  06:48:35
* NMEA baud rate = 4800
** Ship: RV Seawolf
** Station: NY1807C13
** Operator: jdw
# nquan = 35
# nvalues = 92                          
# units = specified
# name 0 = depSM: Depth [salt water, m]
# name 1 = t090C: Temperature [ITS-90, deg C]
# name 2 = sal00: Salinity, Practical [PSU]
# name 3 = density00: Density [density, kg/m^3]
# name 4 = sbeox0V: Oxygen raw, SBE 43 [V]
# name 5 = sbeox0ML/L: Oxygen, SBE 43 [ml/l]
# name 6 = sbeox0PS: Oxygen, SBE 43 [% saturation]
# name 7 = sbox0dV/dT: Oxygen, SBE 43 [dov/dt]
# name 8 = oxsolML/L: Oxygen Saturation, Garcia & Gordon [ml/l]
# name 9 = oxsatML/L: Oxygen Saturation, Weiss [ml/l]
# name 10 = ph: pH
# name 11 = flECO-AFL: Fluorescence, WET Labs ECO-AFL/FL [mg/m^3]
# name 12 = n2satML/L: Nitrogen Saturation [ml/l]
# name 13 = c0S/m: Conductivity [S/m]
# name 14 = cpar: CPAR/Corrected Irradiance [%]
# name 15 = sigma-é00: Density [sigma-theta, kg/m^3]
# name 16 = sigma-t00: Density [sigma-t, kg/m^3 ]
# name 17 = par: PAR/Irradiance, Biospherical/Licor
# name 18 = prDM: Pressure, Digiquartz [db]
# name 19 = pumps: Pump Status
# name 20 = scan: Scan Count
# name 21 = svCM: Sound Velocity [Chen-Millero, m/s]
# name 22 = spar: SPAR, Biospherical/Licor
# name 23 = specc: Specific Conductance [uS/cm]
# name 24 = timeS: Time, Elapsed [seconds]
# name 25 = timeY: Time, System [seconds]
# name 26 = accM: Acceleration [m/s^2]
# name 27 = dz/dtM: Descent Rate [m/s]
# name 28 = latitude: Latitude [deg]
# name 29 = longitude: Longitude [deg]
# name 30 = gsw_saA0: Absolute Salinity [g/kg]
# name 31 = gsw_densityA0: density, TEOS-10 [density, kg/m^3]
# name 32 = gsw_sigma0A0: density, TEOS-10 [sigma-0, kg/m^3 ]
# name 33 = gsw_ptA0: potential temperature [ITS-90, deg C]
# name 34 = flag: flag
# span 0 =      0.963,     48.627       
# span 1 =     7.6274,    22.1754       
# span 2 =    31.0881,    32.9053       
# span 3 =  1021.2049,  1025.8996       
# span 4 =     2.9910,     4.3301       
# span 5 =     4.8681,     7.3626       
# span 6 =     73.828,    129.021       
# span 7 =   -0.11741,    0.10662       
# span 8 =    5.06759,    6.74750       
# span 9 =    5.05594,    6.75513       
# span 10 =      8.569,      8.863      
# span 11 =     0.1031,     1.5244      
# span 12 =    9.37093,   12.13857      
# span 13 =   3.393844,   4.516457      
# span 14 = 2.3185e-11, 9.2418e+00      
# span 15 =    21.2004,    25.6784      
# span 16 =    21.2003,    25.6779      
# span 17 = 1.0000e-12, 3.8570e-01      
# span 18 =      1.000,     49.000      
# span 19 =          1,          1      
# span 20 =          6,       8486      
# span 21 =    1479.13,    1523.12      
# span 22 = 3.9495e+00, 3.9495e+00      
# span 23 =  47805.546,  52011.053      
# span 24 =      0.204,    353.550      
# span 25 = 1531810233, 1531810587      
# span 26 =      -0.77,       0.51      
# span 27 =     -1.251,      0.917      
# span 28 =   40.03006,   40.03012      
# span 29 =  -72.85002,  -72.84803      
# span 30 =    31.2359,    33.0527      
# span 31 =  1021.2099,  1025.9018      
# span 32 =    21.2056,    25.6783      
# span 33 =     7.6228,    22.1752      
# span 34 = 0.0000e+00, 0.0000e+00      
# interval = decibars: 1                
# start_time = Jul 17 2018 06:50:33 [System UTC, first data scan.]
# bad_flag = -9.990e-29
*END*
[from data line 83]
      8.934    19.6494    31.8700  1022.5057     4.1099     5.9293    115.927   -0.03691    5.11472    5.10343      8.717     0.3335    9.44676   4.391909 2.5327e-11    22.4666    22.4661 1.0000e-12      9.000          1       6950    1517.14 3.9495e+00  48985.792    289.555 1531810523      -0.08     -0.628   40.03010  -72.84836    32.1611  1022.6175    22.5784    19.6478 0.0000e+00
      7.931    21.1059    31.5074  1021.8419     3.9670     5.6360    110.060   -0.05523    5.12093    5.10970      8.709     0.3153    9.45637   4.480864 2.5185e-11    21.8074    21.8070 1.0000e-12      8.000          1       7023    1520.74 3.9495e+00  48423.748    292.563 1531810526      -0.01     -0.558   40.03009  -72.84834    31.7805  1021.9409    21.9063    21.1044 0.0000e+00
      6.941    22.0647    31.1904  1021.3390     3.8519     5.5287    108.309   -0.00718    5.10452    5.09316      8.722     0.2767    9.43070   4.514660 2.5330e-11    21.3088    21.3085 1.0000e-12      7.000          1       7844    1522.96 3.9495e+00  47951.440    326.792 1531810560      -0.13     -0.409   40.03008  -72.84815    31.3418  1021.3467    21.3165    22.0633 0.0000e+00
      5.962    22.1372    31.1167  1021.2587     3.8375     5.4802    107.672   -0.00965    5.08977    5.07828      8.729     0.2864    9.40748   4.511906 2.5320e-11    21.2328    21.2324 1.0000e-12      6.000          1       8037    1523.06 3.9495e+00  47847.745    334.843 1531810568      -0.13     -0.491   40.03008  -72.84810    31.2687  1021.2670    21.2412    22.1361 0.0000e+00
      4.958    22.1500    31.1021  1021.2396     3.8300     5.4714    107.477   -0.00804    5.09075    5.07928 -9.990e-29     0.2866    9.40904   4.511169 2.5320e-11    21.2181    21.2178 1.0000e-12      5.000          1       8053    1523.06 3.9495e+00  47826.707    335.492 1531810569      -0.26     -0.777   40.03008  -72.84810    31.2541  1021.2482    21.2266    22.1490 0.0000e+00
      3.970    22.1732    31.0894  1021.2193     3.8317     5.4932    107.908    0.00027    5.09066    5.07918 -9.990e-29     0.2998    9.40888   4.511615 2.5320e-11    21.2020    21.2018 1.0000e-12      4.000          1       8094    1523.09 3.9495e+00  47808.253    337.198 1531810570       0.24     -0.634   40.03008  -72.84810    31.2412  1021.2276    21.2103    22.1725 0.0000e+00
      2.985    22.1732    31.0887  1021.2144     3.8352     5.5015    108.073    0.00120    5.09052    5.07904 -9.990e-29     0.2939    9.40865   4.511316 2.5320e-11    21.2014    21.2013 1.0000e-12      3.000          1       8134    1523.07 3.9495e+00  47806.823    338.867 1531810572      -0.38     -0.519   40.03008  -72.84809    31.2392  1021.2218    21.2088    22.1726 0.0000e+00
      1.971    22.1753    31.0881  1021.2089     3.8280     5.4812    107.677   -0.00189    5.09039    5.07891      8.742     0.2890    9.40844   4.511308 1.8034e+00    21.2004    21.2003 7.1224e-02      2.000          1       8212    1523.06 3.9495e+00  47805.546    342.144 1531810575      -0.28     -0.728   40.03008  -72.84807    31.2379  1021.2158    21.2072    22.1749 0.0000e+00
      0.963    22.1754    31.0887  1021.2049     3.8319     5.4843    107.754   -0.00312    5.08970    5.07822      8.743     0.2932    9.40730   4.511013 9.2418e+00    21.2007    21.2006 3.8570e-01      1.000          1       8486    1523.04 3.9495e+00  47805.968    353.550 1531810587      -0.48     -0.461   40.03008  -72.84803    31.2359  1021.2099    21.2056    22.1752 0.0000e+00
