CalculateIndicators/WaterTemperature/Data/CTD_NYOS/NY1807C10.cnv
* Sea-Bird SBE 9 Data File:
* FileName = C:\Seabird 9 CTD\Data\2018\OffshoreCruise201807\NY1807C10.hex
* Software Version Seasave V 7.23.2
* Temperature SN = 4590
* Conductivity SN = 3228
* Number of Bytes Per Scan = 44
* Number of Voltage Words = 5
* Number of Scans Averaged by the Deck Unit = 1
* NMEA Latitude = 40 01.22 N
* NMEA Longitude = 072 30.29 W
* NMEA UTC (Time) = Jul 16 2018  20:32:19
* NMEA baud rate = 4800
** Ship: RV Seawolf
** Station: NY1807C10
** Operator: ajb
# nquan = 35
# nvalues = 116                         
# units = specified
# name 0 = depSM: Depth [salt water, m]
# name 1 = t090C: Temperature [ITS-90, deg C]
# name 2 = sal00: Salinity, Practical [PSU]
# name 3 = density00: Density [density, kg/m^3]
# name 4 = sbeox0V: Oxygen raw, SBE 43 [V]
# name 5 = sbeox0ML/L: Oxygen, SBE 43 [ml/l]
# name 6 = sbeox0PS: Oxygen, SBE 43 [% saturation]
# name 7 = sbox0dV/dT: Oxygen, SBE 43 [dov/dt]
# name 8 = oxsolML/L: Oxygen Saturation, Garcia & Gordon [ml/l]
# name 9 = oxsatML/L: Oxygen Saturation, Weiss [ml/l]
# name 10 = ph: pH
# name 11 = flECO-AFL: Fluorescence, WET Labs ECO-AFL/FL [mg/m^3]
# name 12 = n2satML/L: Nitrogen Saturation [ml/l]
# name 13 = c0S/m: Conductivity [S/m]
# name 14 = cpar: CPAR/Corrected Irradiance [%]
# name 15 = sigma-é00: Density [sigma-theta, kg/m^3]
# name 16 = sigma-t00: Density [sigma-t, kg/m^3 ]
# name 17 = par: PAR/Irradiance, Biospherical/Licor
# name 18 = prDM: Pressure, Digiquartz [db]
# name 19 = pumps: Pump Status
# name 20 = scan: Scan Count
# name 21 = svCM: Sound Velocity [Chen-Millero, m/s]
# name 22 = spar: SPAR, Biospherical/Licor
# name 23 = specc: Specific Conductance [uS/cm]
# name 24 = timeS: Time, Elapsed [seconds]
# name 25 = timeY: Time, System [seconds]
# name 26 = accM: Acceleration [m/s^2]
# name 27 = dz/dtM: Descent Rate [m/s]
# name 28 = latitude: Latitude [deg]
# name 29 = longitude: Longitude [deg]
# name 30 = gsw_saA0: Absolute Salinity [g/kg]
# name 31 = gsw_densityA0: density, TEOS-10 [density, kg/m^3]
# name 32 = gsw_sigma0A0: density, TEOS-10 [sigma-0, kg/m^3 ]
# name 33 = gsw_ptA0: potential temperature [ITS-90, deg C]
# name 34 = flag: flag
# span 0 =      0.945,     58.546       
# span 1 =     7.5684,    23.5551       
# span 2 =    32.6551,    33.2120       
# span 3 =  1022.0108,  1026.0149       
# span 4 =     3.0839,     4.2675       
# span 5 =     5.4514,     7.2172       
# span 6 =     82.544,    123.828       
# span 7 =   -0.03445,    0.25336       
# span 8 =    4.92256,    6.75307       
# span 9 =    4.91071,    6.76086       
# span 10 =      8.579,      8.920      
# span 11 =     0.0475,     2.6984      
# span 12 =    9.11351,   12.14682      
# span 13 =   3.396580,   4.849994      
# span 14 = -8.550e-08, 1.4254e+02      
# span 15 =    22.0040,    25.7466      
# span 16 =    22.0039,    25.7459      
# span 17 = -5.017e-07, 1.1766e+03      
# span 18 =      1.000,     59.000      
# span 19 =          1,          1      
# span 20 =        467,      22791      
# span 21 =    1479.20,    1528.35      
# span 22 = 5.4866e+02, 2.0161e+03      
# span 23 =  49917.525,  52143.114      
# span 24 =     19.412,    949.566      
# span 25 = 1531773161, 1531774092      
# span 26 =      -0.71,       0.30      
# span 27 =     -0.472,      0.436      
# span 28 =   40.02050,   40.02236      
# span 29 =  -72.50501,  -72.50436      
# span 30 =    32.8181,    33.3802      
# span 31 =  1022.0129,  1026.0180      
# span 32 =    22.0086,    25.7488      
# span 33 =     7.5630,    23.5546      
# span 34 = 0.0000e+00, 0.0000e+00      
# interval = decibars: 1                
# start_time = Jul 16 2018 20:32:22 [System UTC, first data scan.]
# bad_flag = -9.990e-29
*END*
      1.987    23.2578    32.7334  1022.1505     3.8342     5.9006    119.248    0.25336    4.94817    4.93642      8.918     0.2065    9.15592   4.828745 8.7079e+01    22.1419    22.1418 1.1766e+03      2.000          1        467    1527.67 1.6413e+03  50029.509     19.412 1531773161       0.19      0.109   40.02050  -72.50500    32.8851  1022.1523    22.1438    23.2574 0.0000e+00
      2.975    23.2664    32.6850  1022.1157     3.9520     5.5338    111.906   -0.00500    4.94505    4.93329      8.916     0.2345    9.15076   4.823835 1.4254e+02    22.1028    22.1027 9.0762e+02      3.000          1        815    1527.65 6.4019e+02  49963.700     33.916 1531773176      -0.04      0.256   40.02053  -72.50500    32.8409  1022.1209    22.1081    23.2658 0.0000e+00
      3.970    23.3004    32.6835  1022.1091     3.9427     5.5243    111.733   -0.00188    4.94417    4.93241      8.913     0.2587    9.14931   4.826947 8.5670e+01    22.0920    22.0918 7.2072e+02      4.000          1        917    1527.75 1.1087e+03  49961.265     38.181 1531773180      -0.00      0.237   40.02054  -72.50500    32.8391  1022.1141    22.0969    23.2996 0.0000e+00
      4.960    23.2994    32.6836  1022.1138     3.9453     5.5380    111.964    0.00093    4.94620    4.93444      8.911     0.2835    9.15268   4.826644 4.0994e+01    22.0924    22.0921 5.5285e+02      5.000          1       1030    1527.77 1.6234e+03  49961.992     42.887 1531773185       0.13      0.208   40.02055  -72.50500    32.8372  1022.1173    22.0959    23.2984 0.0000e+00
      5.956    23.2794    32.6848  1022.1248     3.9454     5.5399    111.923   -0.00035    4.94968    4.93794      8.911     0.3035    9.15843   4.825058 2.4883e+01    22.0991    22.0988 4.5293e+02      6.000          1       1131    1527.74 1.8838e+03  49964.399     47.079 1531773189       0.01      0.251   40.02056  -72.50500    32.8396  1022.1292    22.1035    23.2782 0.0000e+00
      6.946    23.1298    32.6972  1022.1814     3.9529     5.6040    112.374    0.00353    4.98688    4.97531      8.916     0.3374    9.21999   4.811198 1.2481e+01    22.1514    22.1510 2.3827e+02      7.000          1       1249    1527.38 1.9099e+03  49985.607     51.984 1531773194       0.02      0.237   40.02057  -72.50500    32.8448  1022.1804    22.1504    23.1284 0.0000e+00
      7.938    22.7490    32.7282  1022.3177     3.9699     5.6425    112.923    0.00232    4.99675    4.98523      8.920     0.4160    9.23635   4.777773 1.5603e+01    22.2834    22.2829 2.9766e+02      8.000          1       1350    1526.45 1.9078e+03  50038.767     56.220 1531773198      -0.02      0.204   40.02058  -72.50500    32.8727  1022.3144    22.2800    22.7474 0.0000e+00
      8.931    22.6791    32.7311  1022.3441     3.9778     5.6601    113.190    0.00186    5.00052    4.98902      8.920     0.4919    9.24261   4.771979 1.2776e+01    22.3054    22.3049 2.4481e+02      9.000          1       1454    1526.29 1.9171e+03  50045.182     60.539 1531773202      -0.00      0.233   40.02059  -72.50500    32.8802  1022.3442    22.3056    22.6773 0.0000e+00
      9.922    22.6193    32.7339  1022.3674     3.9867     5.6979    113.625    0.00418    5.01458    5.00315      8.919     0.5696    9.26581   4.766647 6.3244e+00    22.3245    22.3239 1.1976e+02     10.000          1       1562    1526.16 1.8947e+03  50051.194     65.040 1531773207       0.07      0.251   40.02060  -72.50500    32.8836  1022.3680    22.3250    22.6174 0.0000e+00
     10.916    22.4285    32.7602  1022.4454     4.0174     5.7924    114.889    0.00810    5.04163    5.03035      8.918     0.6087    9.31049   4.751034 8.5747e+00    22.3981    22.3975 1.6409e+02     11.000          1       1652    1525.71 1.9156e+03  50093.344     68.797 1531773211      -0.04      0.231   40.02060  -72.50500    32.9062  1022.4431    22.3959    22.4263 0.0000e+00
     11.905    21.9704    32.8042  1022.6109     4.0774     5.9734    117.305    0.01428    5.09235    5.08136      8.913     0.9080    9.39433   4.711155 6.5637e+00    22.5592    22.5586 1.2465e+02     12.000          1       1765    1524.57 1.9013e+03  50168.682     73.481 1531773215       0.05      0.228   40.02062  -72.50500    32.9419  1022.6024    22.5508    21.9681 0.0000e+00
     12.904    21.6426    32.8319  1022.7265     4.1137     6.1065    118.664    0.01600    5.14580    5.13520      8.916     1.0648    9.48290   4.682262 6.3385e+00    22.6705    22.6698 1.2194e+02     13.000          1       1832    1523.75 1.9249e+03  50218.497     76.284 1531773218       0.22      0.384   40.02062  -72.50500    32.9645  1022.7142    22.6582    21.6401 0.0000e+00
     13.894    20.2000    32.9246  1023.1857     4.1794     6.4643    121.476    0.02473    5.32118    5.31188      8.915     1.8162    9.77359   4.548781 4.8716e+00    23.1251    23.1245 9.3820e+01     14.000          1       1938    1519.92 1.9271e+03  50409.969     80.716 1531773222       0.09      0.299   40.02063  -72.50500    33.0108  1023.1383    23.0776    20.1974 0.0000e+00
     14.885    18.7205    32.9961  1023.6263     4.2147     6.5514    121.940    0.01001    5.37267    5.36377      8.908     2.3771    9.85910   4.416370 3.4571e+00    23.5610    23.5604 6.6213e+01     15.000          1       2024    1515.86 1.9153e+03  50587.096     84.290 1531773226       0.19      0.373   40.02064  -72.50500    33.0900  1023.5844    23.5192    18.7179 0.0000e+00
     15.879    18.5600    32.9761  1023.6554     4.2121     6.6228    121.225   -0.00114    5.46353    5.45544      8.915     2.4492   10.01021   4.402053 2.8005e+00    23.5857    23.5850 5.3824e+01     16.000          1       2123    1515.39 1.9207e+03  50570.161     88.431 1531773230       0.10      0.292   40.02065  -72.50500    33.0982  1023.6351    23.5654    18.5572 0.0000e+00
     16.869    17.5708    32.9857  1023.9067     4.2005     6.7646    120.676   -0.00338    5.60566    5.59894      8.912     2.4944   10.24619   4.305343 2.2946e+00    23.8324    23.8317 4.4395e+01     17.000          1       2208    1512.50 1.9355e+03  50654.074     91.977 1531773234      -0.03      0.290   40.02066  -72.50500    33.0754  1023.8616    23.7873    17.5680 0.0000e+00
     17.860    16.1182    32.9654  1024.2354     4.1946     6.9397    120.631   -0.00076    5.75313    5.74795      8.908     2.2570   10.49094   4.164718 1.8944e+00    24.1563    24.1556 3.6635e+01     18.000          1       2305    1508.10 1.9349e+03  50744.091     95.999 1531773238       0.07      0.206   40.02067  -72.50500    33.0448  1024.1823    24.1031    16.1154 0.0000e+00
     18.856    14.9576    32.9809  1024.5088     4.1951     7.0812    120.978    0.00373    5.85318    5.84910      8.907     2.0288   10.65670   4.056615 1.3594e+00    24.4249    24.4243 2.6342e+01     19.000          1       2380    1504.50 1.9373e+03  50879.420     99.128 1531773241       0.21      0.423   40.02068  -72.50500    33.0485  1024.4462    24.3623    14.9548 0.0000e+00
     19.846    13.8822    33.0387  1024.7847     4.1938     7.1877    120.569   -0.00186    5.96168    5.95894      8.906     1.7615   10.83532   3.965489 1.3968e+00    24.6960    24.6954 2.4198e+01     20.000          1       2481    1501.11 1.7637e+03  51081.744    103.316 1531773245      -0.01      0.247   40.02068  -72.50500    33.1290  1024.7389    24.6501    13.8794 0.0000e+00
     20.839    13.0941    33.1659  1025.0473     4.1475     7.1141    118.170   -0.01299    6.02041    6.01840      8.900     1.5534   10.93216   3.907488 1.0742e+00    24.9538    24.9532 1.8969e+01     21.000          1       2580    1498.68 1.7930e+03  51358.286    107.477 1531773249       0.01      0.258   40.02070  -72.50500    33.2692  1025.0106    24.9171    13.0913 0.0000e+00
     21.829    12.5906    33.1804  1025.1623     4.0798     7.0293    115.779   -0.01355    6.07116    6.06978      8.885     1.5706   11.01608   3.864090 9.0517e-01    25.0641    25.0636 1.6075e+01     22.000          1       2698    1497.03 1.8003e+03  51447.775    112.355 1531773254       0.07      0.183   40.02071  -72.50500    33.2980  1025.1363    25.0381    12.5877 0.0000e+00
     22.821    12.3298    33.1824  1025.2186     4.0353     6.9794    114.473   -0.01033    6.09702    6.09596      8.879     1.6010   11.05906   3.841648 7.5814e-01    25.1158    25.1153 1.2894e+01     23.000          1       2800    1496.16 1.7479e+03  51488.789    116.608 1531773258       0.14      0.211   40.02072  -72.50500    33.3128  1025.2023    25.0996    12.3268 0.0000e+00
     23.816    12.0772    33.1696  1025.2611     3.9850     6.9895    112.158   -0.01744    6.23345    6.23413      8.871     1.3428   11.28526   3.817278 5.5767e-01    25.1537    25.1532 1.0591e+01     24.000          1       2909    1495.30 1.9020e+03  51509.136    121.151 1531773263       0.12      0.234   40.02074  -72.50500    33.3011  1025.2457    25.1383    12.0741 0.0000e+00
     24.808    10.8965    33.1092  1025.4320     3.8546     6.7789    106.224   -0.03445    6.38302    6.38558      8.854     1.1833   11.53410   3.699492 6.8833e-01    25.3195    25.3190 8.4690e+00     25.000          1       3003    1491.12 1.5338e+03  51620.650    125.085 1531773267       0.05      0.275   40.02074  -72.50501    33.1992  1025.3840    25.2715    10.8935 0.0000e+00
     25.797     9.7024    32.9839  1025.5459     3.7423     6.7229    104.053   -0.01351    6.46092    6.46448      8.824     0.9439   11.66392   3.581216 8.5112e-01    25.4282    25.4277 7.2559e+00     26.000          1       3126    1486.73 1.1595e+03  51659.230    130.192 1531773272       0.05      0.215   40.02076  -72.50500    33.0946  1025.5138    25.3961     9.6995 0.0000e+00
     26.794     9.5539    32.9648  1025.5592     3.7114     6.6840    103.246   -0.01040    6.47393    6.47767      8.815     0.8165   11.68546   3.567230 5.2550e-01    25.4369    25.4364 5.7869e+00     27.000          1       3211    1486.18 1.4449e+03  51663.514    133.744 1531773275       0.16      0.326   40.02076  -72.50500    33.0864  1025.5355    25.4132     9.5510 0.0000e+00
     27.784     9.3009    32.9489  1025.5922     3.6743     6.6068    102.212   -0.00744    6.46384    6.46749      8.795     0.8114   11.66814   3.544284 4.8745e-01    25.4652    25.4647 4.7332e+00     28.000          1       3322    1485.25 1.2992e+03  51693.178    138.363 1531773280       0.02      0.369   40.02077  -72.50500    33.0825  1025.5777    25.4508     9.2979 0.0000e+00
     28.778     9.5062    33.0349  1025.6307     3.6160     6.4473     99.482   -0.01563    6.48129    6.48520      8.784     0.7830   11.69669   3.572856 4.3118e-01    25.4994    25.4989 4.0245e+00     29.000          1       3434    1486.12 1.1968e+03  51773.318    143.051 1531773285       0.06      0.249   40.02078  -72.50500    33.1875  1025.6309    25.4995     9.5031 0.0000e+00
     29.762     9.3762    33.0596  1025.6756     3.5151     6.1966     94.785   -0.02929    6.53728    6.54196      8.755     0.5640   11.78959   3.561631 3.8070e-01    25.5397    25.5392 3.3463e+00     30.000          1       3547    1485.69 1.1932e+03  51835.102    147.769 1531773289       0.21      0.250   40.02078  -72.50500    33.1915  1025.6596    25.5236     9.3730 0.0000e+00
     30.764     9.0507    33.0273  1025.7069     3.4620     6.1467     94.078   -0.01610    6.53362    6.53826      8.747     0.5284   11.78344   3.530788 3.0729e-01    25.5662    25.5657 2.8135e+00     31.000          1       3635    1484.47 1.1641e+03  51857.922    151.403 1531773293       0.14      0.384   40.02079  -72.50499    33.1732  1025.7016    25.5609     9.0475 0.0000e+00
     31.753     8.9910    33.0371  1025.7284     3.4091     6.1069     92.402   -0.01435    6.60919    6.61487      8.743     0.5417   11.90879   3.525889 2.3969e-01    25.5831    25.5826 2.5056e+00     32.000          1       3737    1484.28 1.3724e+03  51885.234    155.673 1531773297      -0.03      0.319   40.02080  -72.50498    33.1771  1025.7185    25.5732     8.9877 0.0000e+00
     32.743     8.4142    32.9840  1025.7805     3.3397     5.9608     89.592   -0.01874    6.65317    6.65948      8.719     0.3752   11.98172   3.468821 9.9825e-02    25.6302    25.6297 2.1984e+00     33.000          1       3828    1482.08 2.0161e+03  51937.068    159.477 1531773301       0.05      0.249   40.02080  -72.50498    33.1164  1025.7646    25.6143     8.4109 0.0000e+00
     33.736     8.1913    32.9777  1025.8133     3.2771     5.8657     87.619   -0.01647    6.69465    6.70157      8.696     0.3381   12.05026   3.448931 2.8351e-01    25.6583    25.6578 1.8390e+00     34.000          1       3922    1481.25 6.9979e+02  51980.302    163.378 1531773305       0.10      0.234   40.02081  -72.50498    33.1143  1025.8006    25.6456     8.1879 0.0000e+00
     34.730     7.9360    32.9747  1025.8530     3.2237     5.7572     85.748   -0.01655    6.71415    6.72136      8.685     0.3033   12.08256   3.425997 1.0013e-01    25.6933    25.6928 1.6659e+00     35.000          1       3996    1480.30 1.8083e+03  52037.115    166.475 1531773308      -0.04      0.316   40.02082  -72.50498    33.1098  1025.8390    25.6792     7.9326 0.0000e+00
     35.721     7.8110    32.9708  1025.8727     3.1876     5.7330     85.310   -0.00768    6.72018    6.72749      8.672     0.2656   12.09248   3.415395 1.7959e-01    25.7082    25.7078 1.4414e+00     36.000          1       4089    1479.83 9.7003e+02  52062.200    170.345 1531773312       0.06      0.254   40.02082  -72.50498    33.1140  1025.8649    25.7005     7.8075 0.0000e+00
     36.713     7.7941    32.9748  1025.8829     3.1728     5.7311     85.233   -0.00307    6.72398    6.73136      8.667     0.1882   12.09862   3.414966 1.4980e-01    25.7138    25.7133 1.1785e+00     37.000          1       4182    1479.79 1.0296e+03  52072.647    174.194 1531773316       0.30      0.377   40.02083  -72.50497    33.1250  1025.8805    25.7115     7.7906 0.0000e+00
     37.706     7.7500    32.9846  1025.9015     3.1527     5.6676     84.194   -0.00677    6.73153    6.73902      8.659     0.1409   12.11111   3.411941 1.2243e-01    25.7278    25.7273 1.0604e+00     38.000          1       4259    1479.65 1.1596e+03  52098.010    177.406 1531773319       0.02      0.289   40.02084  -72.50496    33.1338  1025.8983    25.7247     7.7464 0.0000e+00
     38.694     7.6830    32.9853  1025.9162     3.1206     5.5997     83.056   -0.00711    6.74215    6.74979      8.647     0.0877   12.12867   3.406293 1.4375e-01    25.7380    25.7375 9.4908e-01     39.000          1       4367    1479.41 7.7722e+02  52116.120    181.914 1531773324       0.07      0.217   40.02084  -72.50496    33.1362  1025.9143    25.7361     7.6793 0.0000e+00
     39.694     7.6429    32.9834  1025.9250     3.1113     5.5964     82.997   -0.00426    6.74289    6.75054      8.643     0.0834   12.12992   3.402717 6.2851e-02    25.7421    25.7416 7.7961e-01     40.000          1       4427    1479.27 1.6338e+03  52123.907    184.414 1531773326       0.07      0.436   40.02084  -72.50496    33.1353  1025.9240    25.7411     7.6391 0.0000e+00
     40.681     7.6268    32.9804  1025.9296     3.1048     5.6097     83.158   -0.00030    6.74582    6.75351      8.637     0.0770   12.13479   3.401263 8.6169e-02    25.7421    25.7416 6.7470e-01     41.000          1       4548    1479.22 1.0704e+03  52124.372    189.468 1531773331       0.08      0.252   40.02086  -72.50496    33.1344  1025.9301    25.7426     7.6230 0.0000e+00
     41.675     7.6169    32.9793  1025.9347     3.1032     5.6039     83.067   -0.00073    6.74629    6.75399      8.634     0.0810   12.13558   3.400366 2.9772e-02    25.7427    25.7421 5.5817e-01     42.000          1       4608    1479.21 1.9302e+03  52125.921    191.940 1531773334       0.09      0.426   40.02086  -72.50496    33.1336  1025.9355    25.7435     7.6130 0.0000e+00
