CalculateIndicators/WaterTemperature/Data/CTD_NYOS/NY1807C15.cnv
* Sea-Bird SBE 9 Data File:
* FileName = C:\Seabird 9 CTD\Data\2018\OffshoreCruise201807\NY1807C15.hex
* Software Version Seasave V 7.23.2
* Temperature SN = 4590
* Conductivity SN = 3228
* Number of Bytes Per Scan = 44
* Number of Voltage Words = 5
* Number of Scans Averaged by the Deck Unit = 1
* NMEA Latitude = 40 11.20 N
* NMEA Longitude = 073 36.19 W
* NMEA UTC (Time) = Jul 17 2018  22:24:19
* NMEA baud rate = 4800
** Ship: RV Seawolf
** Station: NY1807C15
** Operator: jdw
# nquan = 35
# nvalues = 56                          
# units = specified
# name 0 = depSM: Depth [salt water, m]
# name 1 = t090C: Temperature [ITS-90, deg C]
# name 2 = sal00: Salinity, Practical [PSU]
# name 3 = density00: Density [density, kg/m^3]
# name 4 = sbeox0V: Oxygen raw, SBE 43 [V]
# name 5 = sbeox0ML/L: Oxygen, SBE 43 [ml/l]
# name 6 = sbeox0PS: Oxygen, SBE 43 [% saturation]
# name 7 = sbox0dV/dT: Oxygen, SBE 43 [dov/dt]
# name 8 = oxsolML/L: Oxygen Saturation, Garcia & Gordon [ml/l]
# name 9 = oxsatML/L: Oxygen Saturation, Weiss [ml/l]
# name 10 = ph: pH
# name 11 = flECO-AFL: Fluorescence, WET Labs ECO-AFL/FL [mg/m^3]
# name 12 = n2satML/L: Nitrogen Saturation [ml/l]
# name 13 = c0S/m: Conductivity [S/m]
# name 14 = cpar: CPAR/Corrected Irradiance [%]
# name 15 = sigma-é00: Density [sigma-theta, kg/m^3]
# name 16 = sigma-t00: Density [sigma-t, kg/m^3 ]
# name 17 = par: PAR/Irradiance, Biospherical/Licor
# name 18 = prDM: Pressure, Digiquartz [db]
# name 19 = pumps: Pump Status
# name 20 = scan: Scan Count
# name 21 = svCM: Sound Velocity [Chen-Millero, m/s]
# name 22 = spar: SPAR, Biospherical/Licor
# name 23 = specc: Specific Conductance [uS/cm]
# name 24 = timeS: Time, Elapsed [seconds]
# name 25 = timeY: Time, System [seconds]
# name 26 = accM: Acceleration [m/s^2]
# name 27 = dz/dtM: Descent Rate [m/s]
# name 28 = latitude: Latitude [deg]
# name 29 = longitude: Longitude [deg]
# name 30 = gsw_saA0: Absolute Salinity [g/kg]
# name 31 = gsw_densityA0: density, TEOS-10 [density, kg/m^3]
# name 32 = gsw_sigma0A0: density, TEOS-10 [sigma-0, kg/m^3 ]
# name 33 = gsw_ptA0: potential temperature [ITS-90, deg C]
# name 34 = flag: flag
# span 0 =      0.992,     28.789       
# span 1 =    12.0532,    23.4132       
# span 2 =    30.4942,    32.3042       
# span 3 =  1020.4559,  1024.6169       
# span 4 =     2.9111,     4.0523       
# span 5 =     3.8310,     6.1356       
# span 6 =     76.529,    116.396       
# span 7 =   -0.06255,    0.05414       
# span 8 =    4.98327,    6.14019       
# span 9 =    4.97127,    6.13899       
# span 10 =      8.591,      8.914      
# span 11 =     0.2889,     2.1783      
# span 12 =    9.23094,   11.14089      
# span 13 =   3.728412,   4.614001      
# span 14 = 6.3291e-12, 2.1553e+01      
# span 15 =    20.4492,    24.4869      
# span 16 =    20.4491,    24.4862      
# span 17 = 1.0000e-12, 3.4454e+00      
# span 18 =      1.000,     29.000      
# span 19 =         -0,          1      
# span 20 =        314,      18333      
# span 21 =    1494.27,    1526.27      
# span 22 = 1.5027e+01, 1.5804e+01      
# span 23 =  46959.241,  50306.805      
# span 24 =     13.053,    763.845      
# span 25 = 1531866275, 1531867026      
# span 26 =      -0.30,       0.60      
# span 27 =     -0.700,      0.580      
# span 28 =   40.18677,   40.18774      
# span 29 =  -73.60316,  -73.60241      
# span 30 =    30.6375,    32.4580      
# span 31 =  1020.4596,  1024.6218      
# span 32 =    20.4553,    24.4919      
# span 33 =    12.0496,    23.4118      
# span 34 = 0.0000e+00, 0.0000e+00      
# interval = decibars: 1                
# start_time = Jul 17 2018 22:24:22 [System UTC, first data scan.]
# bad_flag = -9.990e-29
*END*
      1.980    23.2997    30.5122  1020.4578     2.9111     3.8310     76.529    0.01698    5.00591    4.99391      8.896     0.7127    9.27302   4.539369 2.1553e+01    20.4492    20.4491 3.4454e+00      2.000         -0        314    1525.36 1.5798e+01  46983.253     13.053 1531866275       0.60     -0.069   40.18677  -73.60316    30.6590  1020.4640    20.4554    23.2993 0.0000e+00
      2.990    23.3006    30.5975  1020.5265     3.5930     5.0459    100.852    0.02862    5.00347    4.99147      8.902     0.7035    9.26826   4.550198 1.3494e+01    20.5135    20.5134 2.1564e+00      3.000          1        960    1525.47 1.5798e+01  47101.336     39.939 1531866302       0.31      0.553   40.18679  -73.60310    30.7398  1020.5289    20.5160    23.3000 0.0000e+00
      3.985    23.3408    30.7391  1020.6265     3.8102     5.3892    107.709    0.01176    5.00350    4.99151      8.903     0.7115    9.26823   4.574504 7.0359e+00    20.6093    20.6090 1.1141e+00      4.000          1       1196    1525.74 1.5798e+01  47295.506     49.811 1531866312       0.29      0.580   40.18680  -73.60307    30.8950  1020.6386    20.6214    23.3399 0.0000e+00
      4.961    23.3001    30.6141  1020.5478     3.8364     5.4083    108.315    0.00445    4.99316    4.98117      8.904     0.7208    9.24923   4.553413 5.7629e+00    20.5263    20.5260 9.1148e-01      5.000          1       1361    1525.52 1.5798e+01  47124.930     56.654 1531866319       0.14      0.243   40.18680  -73.60306    30.7638  1020.5558    20.5343    23.2991 0.0000e+00
      5.954    23.3872    30.8835  1020.7311     3.8750     5.4755    109.834    0.00801    4.98526    4.97327      8.905     0.7188    9.23464   4.597370 4.9952e+00    20.7053    20.7049 7.8994e-01      6.000          1       1487    1526.05 1.5798e+01  47494.270     61.935 1531866324       0.05      0.187   40.18680  -73.60304    31.0345  1020.7390    20.7133    23.3860 0.0000e+00
      6.945    23.4132    30.9801  1020.8010     3.8980     5.5024    110.418    0.00273    4.98327    4.97127 -9.990e-29     0.7284    9.23094   4.612500 4.1204e+00    20.7710    20.7706 6.5083e-01      7.000          1       1610    1526.24 1.5798e+01  47626.916     67.045 1531866330       0.14      0.216   40.18681  -73.60302    31.1301  1020.8079    20.7778    23.4118 0.0000e+00
      7.939    23.4130    30.9923  1020.8147     3.9005     5.5046    110.458    0.00129    4.98344    4.97145      8.907     0.7241    9.23107   4.613830 3.4373e+00    20.7804    20.7799 5.4303e-01      8.000          1       1712    1526.27 1.5798e+01  47644.215     71.301 1531866334       0.06      0.247   40.18682  -73.60302    31.1400  1020.8197    20.7854    23.4114 0.0000e+00
      8.931    23.4032    31.0008  1020.8283     3.9087     5.5224    110.790    0.00206    4.98454    4.97256      8.909     0.7410    9.23284   4.614001 2.8847e+00    20.7896    20.7891 4.5572e-01      9.000          1       1805    1526.27 1.5798e+01  47656.487     75.165 1531866338      -0.01      0.282   40.18682  -73.60300    31.1479  1020.8329    20.7942    23.4014 0.0000e+00
      9.922    23.3814    31.0090  1020.8450     3.9076     5.5244    110.589   -0.00192    4.99547    4.98354      8.912     0.7510    9.25089   4.612989 2.6569e+00    20.8021    20.8015 4.0048e-01     10.000          1       1910    1526.24 1.5189e+01  47668.612     79.539 1531866342      -0.00      0.214   40.18682  -73.60299    31.1553  1020.8490    20.8061    23.3794 0.0000e+00
     10.916    23.2755    31.0264  1020.8928     3.9353     5.6047    112.303    0.01476    4.99070    4.97874      8.911     0.7723    9.24302   4.603739 2.2702e+00    20.8455    20.8449 3.3900e-01     11.000          1       1991    1526.00 1.5080e+01  47695.389     82.911 1531866345       0.42      0.392   40.18683  -73.60298    31.1597  1020.8869    20.8397    23.2732 0.0000e+00
     11.918    21.1455    31.2110  1021.6210     3.9940     5.9110    115.994    0.04893    5.09571    5.08429      8.887     1.0793    9.41708   4.416839 1.8223e+00    21.5690    21.5684 2.8739e-01     12.000          1       2119    1520.56 1.5780e+01  48017.873     88.237 1531866351       0.10      0.530   40.18684  -73.60298    31.2413  1021.5374    21.4855    21.1432 0.0000e+00
     12.904    18.9477    31.4252  1022.3620     3.9730     6.0932    113.206    0.00519    5.38229    5.37285      8.836     1.5431    9.89148   4.247573 1.4127e+00    22.3053    22.3048 2.2318e-01     13.000          1       3722    1514.71 1.5798e+01  48411.504    155.060 1531866418       0.34      0.368   40.18688  -73.60290    31.5076  1022.3173    22.2606    18.9454 0.0000e+00
     13.897    18.7074    31.4438  1022.4396     3.9561     6.0790    112.202   -0.00230    5.41817    5.40904      8.832     1.5420    9.95081   4.230430 1.1004e+00    22.3785    22.3779 1.7384e-01     14.000          1       3782    1514.05 1.5798e+01  48451.723    157.527 1531866420       0.10      0.492   40.18688  -73.60290    31.5479  1022.4114    22.3503    18.7050 0.0000e+00
     14.885    18.2529    31.4485  1022.5590     3.8844     5.9201    108.185   -0.02918    5.47215    5.46348      8.817     1.6053   10.04043   4.188344 9.2410e-01    22.4934    22.4928 1.4599e-01     15.000          1       3882    1512.75 1.5798e+01  48486.061    161.698 1531866424       0.38      0.371   40.18688  -73.60290    31.5437  1022.5240    22.4584    18.2504 0.0000e+00
     15.881    17.9040    31.4696  1022.6640     3.7804     5.7501    103.684   -0.04244    5.54777    5.53980      8.808     1.7023   10.16548   4.160465 6.9980e-01    22.5939    22.5933 1.1056e-01     16.000          1       3976    1511.76 1.5798e+01  48538.437    165.621 1531866428       0.20      0.448   40.18688  -73.60289    31.5769  1022.6380    22.5679    17.9014 0.0000e+00
     16.870    16.9820    31.5894  1022.9778     3.6331     5.5889     98.730   -0.03797    5.66110    5.65426      8.785     1.7398   10.35244   4.090440 5.9897e-01    22.9031    22.9025 9.4625e-02     17.000          1       4072    1509.15 1.5798e+01  48770.409    169.633 1531866432      -0.08      0.317   40.18688  -73.60288    31.6969  1022.9514    22.8767    16.9793 0.0000e+00
     17.861    16.0469    31.6895  1023.2718     3.5098     5.4737     95.178   -0.02488    5.75136    5.74545      8.759     2.1656   10.50179   4.016564 4.7046e-01    23.1925    23.1919 7.4323e-02     18.000          1       4176    1506.41 1.5798e+01  48985.942    173.958 1531866436      -0.03      0.231   40.18688  -73.60288    31.7937  1023.2424    23.1631    16.0441 0.0000e+00
     18.853    15.3983    31.7304  1023.4509     3.4399     5.4319     93.164   -0.01766    5.83097    5.82593      8.741     2.1783   10.63327   3.961239 3.2777e-01    23.3669    23.3663 5.1780e-02     19.000          1       4271    1504.44 1.5798e+01  49102.084    177.918 1531866440       0.07      0.264   40.18688  -73.60287    31.8236  1023.4128    23.3288    15.3954 0.0000e+00
     19.846    14.4699    31.8346  1023.7338     3.3007     5.0622     86.204   -0.04870    5.87281    5.86824      8.710     1.9517   10.70235   3.888613 2.2953e-01    23.6451    23.6445 3.5636e-02     20.000          1       4362    1501.61 1.5525e+01  49341.639    181.708 1531866444       0.16      0.292   40.18688  -73.60286    31.9242  1023.6922    23.6035    14.4671 0.0000e+00
     20.843    13.7950    31.9278  1023.9493     3.1409     4.7101     79.618   -0.06255    5.91614    5.91207      8.681     1.3885   10.77364   3.837990 1.5243e-01    23.8559    23.8553 2.2506e-02     21.000          1       4457    1499.54 1.5027e+01  49548.708    185.665 1531866448       0.30      0.391   40.18688  -73.60286    32.0170  1023.9067    23.8133    13.7921 0.0000e+00
     21.835    13.3213    31.9992  1024.1046     3.0754     4.8961     81.808    0.00237    5.98442    5.98118      8.667     0.8181   10.88598   3.806997 3.1632e-02    24.0065    24.0059 4.9578e-03     22.000          1       4685    1498.08 1.5779e+01  49705.142    195.163 1531866458       0.16      0.257   40.18689  -73.60286    32.1245  1024.0892    23.9911    13.3183 0.0000e+00
     22.828    12.9316    32.0923  1024.2578     3.0784     4.9275     81.451   -0.00420    6.04969    6.04728      8.668     0.5007   10.99288   3.783013 6.4321e-06    24.1551    24.1545 1.0161e-06     23.000          1       4971    1496.90 1.5798e+01  49885.385    207.079 1531866470       0.27      0.209   40.18690  -73.60284    32.2280  1024.2499    24.1472    12.9286 0.0000e+00
     23.819    12.6017    32.1538  1024.3737     3.0286     4.8462     79.671   -0.00489    6.08284    6.08085      8.656     0.3933   11.04728   3.760660 6.3402e-12    24.2664    24.2658 1.0000e-12     24.000          1       5244    1495.88 1.5798e+01  50015.975    218.457 1531866481       0.13      0.267   40.18692  -73.60282    32.2967  1024.3711    24.2638    12.5986 0.0000e+00
     24.810    12.4681    32.1868  1024.4294     3.0151     4.8503     79.511   -0.00083    6.10007    6.09831      8.646     0.3634   11.07541   3.752741 6.3304e-12    24.3176    24.3170 1.0000e-12     25.000          1       5541    1495.48 1.5798e+01  50080.930    230.832 1531866493       0.14      0.239   40.18694  -73.60280    32.3353  1024.4309    24.3191    12.4648 0.0000e+00
     25.804    12.3751    32.2146  1024.4732     3.0102     4.8474     79.326   -0.00114    6.11070    6.10910      8.642     0.3577   11.09273   3.747381 6.3300e-12    24.3568    24.3562 1.0000e-12     26.000          1       5809    1495.21 1.5798e+01  50133.386    241.994 1531866504       0.23      0.356   40.18695  -73.60279    32.3635  1024.4748    24.3585    12.3718 0.0000e+00
     26.799    12.2629    32.2449  1024.5224     3.0014     4.8334     78.965   -0.00198    6.12095    6.11948      8.636     0.3198   11.10947   3.740456 6.3300e-12    24.4015    24.4008 1.0000e-12     27.000          1       6066    1494.88 1.5798e+01  50192.224    252.714 1531866515       0.24      0.436   40.18696  -73.60276    32.3934  1024.5236    24.4027    12.2595 0.0000e+00
     27.794    12.1598    32.2729  1024.5680     3.0009     4.8494     79.109    0.00004    6.12998    6.12864      8.628     0.3015   11.12421   3.734249 6.3300e-12    24.4426    24.4419 1.0000e-12     28.000          1       6653    1494.58 1.5798e+01  50246.829    277.167 1531866540       0.08      0.430   40.18699  -73.60272    32.4224  1024.5698    24.4444    12.1563 0.0000e+00
     28.789    12.0532    32.3042  1024.6169     2.9847     4.8153     78.422   -0.00173    6.14019    6.13899      8.602     0.2889   11.14089   3.728412 6.3300e-12    24.4869    24.4862 1.0000e-12     29.000          1       8446    1494.27 1.5798e+01  50306.805    351.877 1531866615      -0.30      0.365   40.18709  -73.60260    32.4580  1024.6218    24.4919    12.0496 0.0000e+00
     27.781    12.1424    32.2749  1024.5728     2.9978     4.8534     79.114    0.00147    6.13472    6.13344      8.610     0.3101   11.13195   3.733389 6.3300e-12    24.4474    24.4468 1.0000e-12     28.000          1       8109    1494.52 1.5798e+01  50252.127    337.835 1531866600      -0.14     -0.172   40.18708  -73.60263    32.4292  1024.5783    24.4529    12.1389 0.0000e+00
     26.791    12.2496    32.2410  1024.5219     3.0035     4.8475     79.195    0.00012    6.12092    6.11944      8.602     0.3510   11.10948   3.739616 6.3469e-12    24.4010    24.4004 1.0000e-12     27.000          1       8925    1494.83 1.5798e+01  50188.728    371.843 1531866634      -0.06     -0.142   40.18712  -73.60258    32.3968  1024.5287    24.4079    12.2462 0.0000e+00
     25.796    12.3479    32.2137  1024.4776     3.0089     4.8559     79.514    0.00201    6.10702    6.10536      8.600     0.3439   11.08681   3.745676 6.3827e-12    24.3613    24.3606 1.0000e-12     26.000          1       9045    1495.12 1.5798e+01  50136.003    376.848 1531866639      -0.25     -0.241   40.18713  -73.60258    32.3707  1024.4855    24.3691    12.3446 0.0000e+00
     24.801    12.4590    32.1820  1024.4274     3.0164     4.8614     79.752    0.00188    6.09565    6.09383      8.597     0.3590   11.06830   3.752339 6.3291e-12    24.3156    24.3150 1.0000e-12     25.000          1       9193    1495.44 1.5798e+01  50075.435    382.980 1531866645      -0.24     -0.316   40.18714  -73.60258    32.3393  1024.4357    24.3239    12.4557 0.0000e+00
     23.810    12.5908    32.1382  1024.3638     3.0283     4.8827     80.272    0.00341    6.08266    6.08066      8.597     0.3740   11.04715   3.759654 6.3984e-12    24.2565    24.2559 1.0000e-12     24.000          1       9354    1495.82 1.5798e+01  49995.537    389.714 1531866652      -0.27     -0.345   40.18714  -73.60258    32.2965  1024.3730    24.2658    12.5877 0.0000e+00
     22.809    12.8817    32.0813  1024.2589     3.0656     4.9642     81.921    0.00834    6.05979    6.05750      8.600     0.4480   11.00951   3.780191 6.3333e-12    24.1562    24.1556 1.0000e-12     23.000          1       9592    1496.72 1.5798e+01  49876.375    399.620 1531866662      -0.20     -0.522   40.18714  -73.60258    32.2438  1024.2717    24.1690    12.8787 0.0000e+00
     21.825    13.2730    31.9921  1024.1085     3.0831     4.8670     81.297   -0.00862    5.98654    5.98330      8.591     0.7006   10.88977   3.806044 6.3300e-12    24.0105    24.0099 1.0000e-12     22.000          1      10878    1497.90 1.5798e+01  49701.347    453.222 1531866716      -0.01     -0.422   40.18721  -73.60254    32.1564  1024.1231    24.0251    13.2701 0.0000e+00
     20.842    13.7231    31.8871  1023.9331     3.0764     4.8646     82.646    0.01505    5.88685    5.88241      8.602     1.3767   10.72606   3.835376 6.3653e-12    23.8396    23.8390 1.0000e-12     21.000          1      11273    1499.26 1.5798e+01  49498.684    469.670 1531866732      -0.18     -0.093   40.18724  -73.60252    32.0526  1023.9492    23.8558    13.7202 0.0000e+00
     19.841    14.2557    31.8088  1023.7587     3.2494     5.3455     91.303    0.05414    5.85527    5.85047      8.635     2.0466   10.67382   3.876725 1.1101e-02    23.6699    23.6693 1.7538e-03     20.000          1      11351    1500.89 1.5798e+01  49329.193    472.908 1531866735      -0.17     -0.402   40.18724  -73.60252    31.9921  1023.7890    23.7002    14.2529 0.0000e+00
     18.851    14.9527    31.7283  1023.5455     3.4089     5.4604     94.716    0.02295    5.76498    5.75919      8.657     2.1090   10.52486   3.930166 9.1628e-02    23.4614    23.4608 1.4372e-02     19.000          1      11485    1503.03 1.5798e+01  49142.571    478.497 1531866741      -0.17     -0.299   40.18724  -73.60254    31.9064  1023.5723    23.4882    14.9499 0.0000e+00
     17.861    15.6072    31.6711  1023.3554     3.4765     5.4829     96.288    0.01128    5.69435    5.68782      8.672     1.9619   10.40793   3.982052 2.1302e-01    23.2759    23.2753 3.3657e-02     18.000          1      11611    1505.02 1.5798e+01  48999.504    483.741 1531866746      -0.09     -0.214   40.18725  -73.60254    31.8411  1023.3763    23.2968    15.6045 0.0000e+00
     16.866    16.2149    31.6243  1023.1794     3.5449     5.5903     99.050    0.01772    5.64422    5.63719      8.689     1.8112   10.32506   4.033029 3.4366e-01    23.1045    23.1039 5.4291e-02     17.000          1      11727    1506.84 1.5798e+01  48880.916    488.567 1531866751      -0.10     -0.252   40.18726  -73.60253    31.8047  1023.2084    23.1336    16.2123 0.0000e+00
     15.871    16.8832    31.5525  1022.9679     3.6267     5.6988    101.511    0.01146    5.61421    5.60687      8.701     1.8399   10.27543   4.084985 4.9173e-01    22.8976    22.8970 7.5917e-02     16.000          1      11968    1508.79 1.5612e+01  48726.612    498.631 1531866761      -0.19     -0.229   40.18726  -73.60252    31.7280  1022.9936    22.9233    16.8806 0.0000e+00
