CalculateIndicators/WaterTemperature/Data/CTD_NYOS/NY1807C29.cnv
* Sea-Bird SBE 9 Data File:
* FileName = C:\Seabird 9 CTD\Data\2018\OffshoreCruise201807\NY1807C29.hex
* Software Version Seasave V 7.23.2
* Temperature SN = 4590
* Conductivity SN = 3228
* Number of Bytes Per Scan = 44
* Number of Voltage Words = 5
* Number of Scans Averaged by the Deck Unit = 1
* NMEA Latitude = 39 55.49 N
* NMEA Longitude = 073 09.60 W
* NMEA UTC (Time) = Jul 20 2018  14:55:49
* NMEA baud rate = 4800
** Ship: RV Seawolf
** Station: NY1807C29
** Operator: ajb
# nquan = 35
# nvalues = 137                         
# units = specified
# name 0 = depSM: Depth [salt water, m]
# name 1 = t090C: Temperature [ITS-90, deg C]
# name 2 = sal00: Salinity, Practical [PSU]
# name 3 = density00: Density [density, kg/m^3]
# name 4 = sbeox0V: Oxygen raw, SBE 43 [V]
# name 5 = sbeox0ML/L: Oxygen, SBE 43 [ml/l]
# name 6 = sbeox0PS: Oxygen, SBE 43 [% saturation]
# name 7 = sbox0dV/dT: Oxygen, SBE 43 [dov/dt]
# name 8 = oxsolML/L: Oxygen Saturation, Garcia & Gordon [ml/l]
# name 9 = oxsatML/L: Oxygen Saturation, Weiss [ml/l]
# name 10 = ph: pH
# name 11 = flECO-AFL: Fluorescence, WET Labs ECO-AFL/FL [mg/m^3]
# name 12 = n2satML/L: Nitrogen Saturation [ml/l]
# name 13 = c0S/m: Conductivity [S/m]
# name 14 = cpar: CPAR/Corrected Irradiance [%]
# name 15 = sigma-é00: Density [sigma-theta, kg/m^3]
# name 16 = sigma-t00: Density [sigma-t, kg/m^3 ]
# name 17 = par: PAR/Irradiance, Biospherical/Licor
# name 18 = prDM: Pressure, Digiquartz [db]
# name 19 = pumps: Pump Status
# name 20 = scan: Scan Count
# name 21 = svCM: Sound Velocity [Chen-Millero, m/s]
# name 22 = spar: SPAR, Biospherical/Licor
# name 23 = specc: Specific Conductance [uS/cm]
# name 24 = timeS: Time, Elapsed [seconds]
# name 25 = timeY: Time, System [seconds]
# name 26 = accM: Acceleration [m/s^2]
# name 27 = dz/dtM: Descent Rate [m/s]
# name 28 = latitude: Latitude [deg]
# name 29 = longitude: Longitude [deg]
# name 30 = gsw_saA0: Absolute Salinity [g/kg]
# name 31 = gsw_densityA0: density, TEOS-10 [density, kg/m^3]
# name 32 = gsw_sigma0A0: density, TEOS-10 [sigma-0, kg/m^3 ]
# name 33 = gsw_ptA0: potential temperature [ITS-90, deg C]
# name 34 = flag: flag
# span 0 =      0.980,     68.464       
# span 1 =     7.3028,    23.5269       
# span 2 =    30.5576,    32.7070       
# span 3 =  1020.4483,  1025.8647       
# span 4 =     2.5406,     4.1282       
# span 5 =     4.3242,     6.9654       
# span 6 =     63.516,    119.054       
# span 7 =   -0.05408,    0.03930       
# span 8 =    4.98568,    6.80804       
# span 9 =    4.97361,    6.81632       
# span 10 =      8.531,      8.958      
# span 11 =     0.0233,     2.4656      
# span 12 =    9.23891,   12.24134      
# span 13 =   3.346135,   4.568754      
# span 14 = -1.307e-05, 8.1016e+01      
# span 15 =    20.4355,    25.5491      
# span 16 =    20.4353,    25.5482      
# span 17 = -2.779e-04, 1.7376e+03      
# span 18 =      1.000,     69.000      
# span 19 =          1,          1      
# span 20 =       1558,      23519      
# span 21 =    1478.04,    1526.03      
# span 22 = 1.1429e+03, 2.1740e+03      
# span 23 =  47047.230,  51790.935      
# span 24 =     64.893,    979.918      
# span 25 = 1532098628, 1532099544      
# span 26 =      -0.43,       0.46      
# span 27 =     -0.677,      0.485      
# span 28 =   39.92450,   39.92472      
# span 29 =  -73.16370,  -73.16035      
# span 30 =    30.7118,    32.8626      
# span 31 =  1020.4489,  1025.8671      
# span 32 =    20.4383,    25.5511      
# span 33 =     7.2965,    23.5263      
# span 34 = 0.0000e+00, 0.0000e+00      
# interval = decibars: 1                
# start_time = Jul 20 2018 14:56:04 [System UTC, first data scan.]
# bad_flag = -9.990e-29
*END*
[from data line 42]
     42.666     8.1824    32.6257  1025.5798     2.7065     4.6082     69.019   -0.00139    6.67662    6.68289 -9.990e-29     0.2163   12.02473   3.417080 1.9210e-02    25.3836    25.3830 4.0787e-01     43.000          1       5422    1480.93 2.1233e+03  51488.330    225.883 1532098790       0.26      0.406   39.92458  -73.16092    32.7791  1025.5814    25.3853     8.1781 0.0000e+00
     43.659     8.1730    32.6265  1025.5864     2.7057     4.6136     69.091   -0.00034    6.67765    6.68394      8.612     0.2100   12.02643   3.416390 1.7294e-02    25.3856    25.3850 3.6753e-01     44.000          1       5496    1480.91 2.1252e+03  51492.309    228.973 1532098793      -0.05      0.288   39.92458  -73.16093    32.7801  1025.5881    25.3874     8.1687 0.0000e+00
     44.650     8.1618    32.6279  1025.5936     2.7046     4.6126     69.062   -0.00038    6.67889    6.68520      8.608     0.2081   12.02844   3.415625 1.4478e-02    25.3883    25.3877 3.0731e-01     45.000          1       5612    1480.89 2.1226e+03  51497.458    233.801 1532098798       0.02      0.226   39.92458  -73.16094    32.7819  1025.5957    25.3905     8.1574 0.0000e+00
     45.642     8.1546    32.6308  1025.6016     2.7012     4.6027     68.890   -0.00104    6.68122    6.68757      8.607     0.2273   12.03225   3.415310 1.1945e-02    25.3917    25.3911 2.5399e-01     46.000          1       5699    1480.88 2.1264e+03  51503.920    237.418 1532098801       0.02      0.300   39.92458  -73.16096    32.7849  1025.6037    25.3939     8.1501 0.0000e+00
     46.635     8.1390    32.6333  1025.6104     2.7023     4.6191     69.123    0.00098    6.68237    6.68874      8.604     0.2023   12.03415   3.414206 9.7406e-03    25.3959    25.3953 2.0706e-01     47.000          1       5802    1480.84 2.1257e+03  51511.684    241.697 1532098806       0.11      0.233   39.92458  -73.16097    32.7871  1025.6123    25.3979     8.1344 0.0000e+00
     47.629     8.1305    32.6344  1025.6171     2.7011     4.6083     68.954   -0.00048    6.68316    6.68954      8.602     0.1918   12.03541   3.413621 7.9379e-03    25.3981    25.3974 1.6884e-01     48.000          1       5886    1480.82 2.1271e+03  51515.990    245.224 1532098809      -0.00      0.393   39.92458  -73.16099    32.7885  1025.6192    25.4002     8.1258 0.0000e+00
     48.618     8.1247    32.6380  1025.6254     2.7008     4.6139     69.011    0.00011    6.68579    6.69221      8.601     0.1707   12.03972   3.413542 6.6246e-03    25.4018    25.4011 1.4079e-01     49.000          1       5999    1480.82 2.1253e+03  51523.092    249.912 1532098814       0.01      0.153   39.92456  -73.16101    32.7926  1025.6278    25.4042     8.1199 0.0000e+00
     49.612     8.1023    32.6419  1025.6363     2.6940     4.5855     68.480   -0.00323    6.69614    6.70273      8.597     0.1527   12.05671   3.411800 5.3204e-03    25.4081    25.4074 1.1309e-01     50.000          1       6082    1480.76 2.1255e+03  51534.496    253.372 1532098817       0.01      0.355   39.92456  -73.16102    32.7945  1025.6372    25.4091     8.0974 0.0000e+00
     50.602     8.0180    32.6518  1025.6610     2.6844     4.5853     68.407   -0.00051    6.70294    6.70964      8.594     0.1377   12.06783   3.405333 4.2856e-03    25.4282    25.4275 9.1037e-02     51.000          1       6197    1480.47 2.1242e+03  51568.908    258.174 1532098822       0.06      0.177   39.92456  -73.16104    32.8039  1025.6615    25.4286     8.0130 0.0000e+00
     51.597     7.9836    32.6625  1025.6789     2.7138     4.7263     70.482    0.01071    6.70572    6.71247 -9.990e-29     0.1303   12.07229   3.403383 3.0881e-03    25.4415    25.4408 6.5664e-02     52.000          1       6275    1480.38 2.1266e+03  51592.829    261.411 1532098825      -0.03      0.339   39.92456  -73.16105    32.8148  1025.6796    25.4421     7.9785 0.0000e+00
     52.586     7.9614    32.6778  1025.6988     2.7758     4.8911     72.845    0.01243    6.71431    6.72121      8.611     0.1539   12.08623   3.403067 2.1577e-03    25.4568    25.4561 4.5851e-02     53.000          1       6398    1480.33 2.1249e+03  51620.616    266.548 1532098831       0.05      0.133   39.92456  -73.16107    32.8318  1025.7006    25.4586     7.9562 0.0000e+00
     53.581     7.8800    32.6942  1025.7281     2.7935     4.8803     72.577    0.00269    6.72424    6.73129      8.616     0.1750   12.10258   3.397151 1.3432e-03    25.4814    25.4807 2.8575e-02     54.000          1       6477    1480.05 2.1275e+03  51664.002    269.828 1532098834      -0.02      0.296   39.92456  -73.16108    32.8444  1025.7268    25.4802     7.8748 0.0000e+00
     54.569     7.8244    32.6962  1025.7423     2.7823     4.8199     71.632   -0.00343    6.72863    6.73575      8.610     0.1258   12.10986   3.392716 6.4230e-04    25.4910    25.4902 1.3655e-02     55.000          1       6603    1479.86 2.1263e+03  51680.765    275.080 1532098839       0.09      0.160   39.92454  -73.16110    32.8487  1025.7427    25.4914     7.8191 0.0000e+00
     55.566     7.8063    32.6970  1025.7501     2.7741     4.8039     71.371   -0.00321    6.73089    6.73804      8.606     0.1228   12.11356   3.391266 1.6925e-04    25.4942    25.4934 3.5994e-03     56.000          1       6668    1479.80 2.1268e+03  51686.985    277.797 1532098842      -0.02      0.412   39.92454  -73.16112    32.8496  1025.7507    25.4948     7.8009 0.0000e+00
     56.556     7.7801    32.6996  1025.7604     2.7634     4.7816     71.009   -0.00316    6.73382    6.74102      8.604     0.1243   12.11831   3.389291 -1.307e-05    25.4999    25.4991 -2.779e-04     57.000          1       6799    1479.72 2.1268e+03  51697.534    283.249 1532098847       0.28      0.270   39.92454  -73.16114    32.8526  1025.7613    25.5008     7.7746 0.0000e+00
     57.550     7.7645    32.7070  1025.7730     2.7649     4.8085     71.348   -0.00021    6.73951    6.74679      8.601     0.1311   12.12771   3.388722 3.1949e-07    25.5080    25.5072 6.7948e-06     58.000          1       6881    1479.69 2.1271e+03  51712.483    286.652 1532098851      -0.02      0.349   39.92454  -73.16115    32.8607  1025.7744    25.5094     7.7590 0.0000e+00
     58.540     7.6934    32.7040  1025.7854     2.7365     4.6777     69.210   -0.01256    6.75876    6.76633      8.588     0.0826   12.15963   3.381961 4.7048e-14    25.5157    25.5149 1.0000e-12     59.000          1       6999    1479.43 2.1255e+03  51726.213    291.589 1532098856       0.04      0.303   39.92454  -73.16117    32.8544  1025.7843    25.5146     7.6878 0.0000e+00
     59.533     7.6045    32.6990  1025.7988     2.6834     4.5443     67.139   -0.01476    6.76843    6.77614      8.578     0.0771   12.17560   3.373735 4.6961e-14    25.5244    25.5236 1.0000e-12     60.000          1       7083    1479.10 2.1294e+03  51741.579    295.094 1532098859      -0.01      0.283   39.92454  -73.16118    32.8491  1025.7973    25.5229     7.5989 0.0000e+00
     60.519     7.4474    32.6917  1025.8197     2.6143     4.4167     64.945   -0.01236    6.80044    6.80861      8.559     0.0379   12.22863   3.358964 4.7015e-14    25.5405    25.5397 1.0000e-12     61.000          1       7230    1478.50 2.1270e+03  51770.792    301.213 1532098865       0.23      0.165   39.92454  -73.16121    32.8373  1025.8147    25.5355     7.4418 0.0000e+00
     61.520     7.3712    32.6867  1025.8312     2.5884     4.3784     64.406   -0.00844    6.79813    6.80626 -9.990e-29     0.0434   12.22484   3.352229 4.6952e-14    25.5472    25.5464 1.0000e-12     62.000          1       7315    1478.22 2.1298e+03  51783.557    304.771 1532098869       0.03      0.410   39.92453  -73.16123    32.8359  1025.8289    25.5450     7.3655 0.0000e+00
     62.510     7.3445    32.6831  1025.8366     2.5694     4.3742     64.312   -0.00247    6.80151    6.80970      8.553     0.0434   12.23047   3.349880 4.6944e-14    25.5480    25.5472 1.0000e-12     63.000          1       7460    1478.13 2.1302e+03  51785.755    310.807 1532098875       0.07      0.283   39.92452  -73.16125    32.8352  1025.8366    25.5481     7.3387 0.0000e+00
     63.500     7.3358    32.6817  1025.8413     2.5631     4.3720     64.259   -0.00083    6.80373    6.81194 -9.990e-29     0.0329   12.23416   3.349197 4.6941e-14    25.5481    25.5473 1.0000e-12     64.000          1       7598    1478.11 2.1303e+03  51786.734    316.552 1532098881       0.01      0.231   39.92452  -73.16128    32.8355  1025.8427    25.5495     7.3299 0.0000e+00
     64.492     7.3251    32.6799  1025.8460     2.5545     4.3473     63.879   -0.00172    6.80547    6.81371 -9.990e-29     0.0277   12.23705   3.348147 4.6934e-14    25.5482    25.5474 1.0000e-12     65.000          1       7728    1478.08 2.1307e+03  51787.546    321.969 1532098886       0.06      0.175   39.92452  -73.16130    32.8338  1025.8474    25.5497     7.3191 0.0000e+00
     65.485     7.3131    32.6789  1025.8514     2.5491     4.3417     63.796   -0.00067    6.80557    6.81381 -9.990e-29     0.0361   12.23722   3.347093 4.6878e-14    25.5491    25.5482 1.0000e-12     66.000          1       7835    1478.05 2.1332e+03  51789.789    326.432 1532098890      -0.01      0.231   39.92452  -73.16132    32.8332  1025.8532    25.5509     7.3070 0.0000e+00
     66.476     7.3156    32.6783  1025.8552     2.5479     4.3421     63.800   -0.00027    6.80586    6.81411      8.545     0.0273   12.23772   3.347343 4.6911e-14    25.5483    25.5474 1.0000e-12     67.000          1       7968    1478.07 2.1317e+03  51788.990    331.940 1532098896       0.05      0.203   39.92452  -73.16134    32.8332  1025.8574    25.5505     7.3094 0.0000e+00
     67.470     7.3032    32.6770  1025.8605     2.5432     4.3242     63.516   -0.00163    6.80804    6.81632      8.543     0.0447   12.24134   3.346135 4.6869e-14    25.5489    25.5481 1.0000e-12     68.000          1       8084    1478.04 2.1336e+03  51790.898    336.795 1532098901       0.16      0.272   39.92450  -73.16136    32.8313  1025.8622    25.5507     7.2970 0.0000e+00
     68.464     7.3028    32.6764  1025.8647     2.5406     4.3263     63.555   -0.00023    6.80720    6.81546      8.538     0.0233   12.23995   3.346174 4.6824e-14    25.5486    25.5477 1.0000e-12     69.000          1       8720    1478.06 2.1357e+03  51790.935    363.310 1532098927      -0.19      0.103   39.92450  -73.16146    32.8316  1025.8671    25.5511     7.2965 0.0000e+00
     67.467     7.3073    32.6764  1025.8594     2.5442     4.3388     63.738    0.00040    6.80724    6.81550 -9.990e-29     0.0385   12.24001   3.346512 4.6849e-14    25.5479    25.5471 1.0000e-12     68.000          1       9325    1478.06 2.1345e+03  51789.030    388.519 1532098953       0.02     -0.283   39.92450  -73.16156    32.8315  1025.8618    25.5503     7.3011 0.0000e+00
     66.476     7.3095    32.6764  1025.8545     2.5468     4.3438     63.830    0.00056    6.80526    6.81349      8.531     0.0340   12.23673   3.346678 4.6728e-14    25.5476    25.5468 1.0000e-12     67.000          1       9481    1478.05 2.1401e+03  51787.829    395.010 1532098959      -0.21     -0.239   39.92450  -73.16159    32.8317  1025.8571    25.5502     7.3033 0.0000e+00
     65.483     7.3179    32.6770  1025.8492     2.5485     4.3461     63.871    0.00043    6.80445    6.81267      8.531     0.0438   12.23538   3.347433 4.6794e-14    25.5469    25.5461 1.0000e-12     66.000          1       9554    1478.06 2.1371e+03  51785.813    398.044 1532098962       0.02     -0.334   39.92450  -73.16160    32.8324  1025.8519    25.5496     7.3118 0.0000e+00
     64.494     7.3265    32.6778  1025.8441     2.5515     4.3540     63.999    0.00081    6.80317    6.81137      8.531     0.0425   12.23326   3.348236 4.6692e-14    25.5464    25.5456 1.0000e-12     65.000          1       9690    1478.08 2.1417e+03  51784.193    403.719 1532098968      -0.18     -0.288   39.92450  -73.16162    32.8334  1025.8469    25.5492     7.3205 0.0000e+00
     63.500     7.3315    32.6785  1025.8394     2.5545     4.3594     64.116    0.00102    6.79916    6.80730      8.532     0.0416   12.22663   3.348677 4.6780e-14    25.5462    25.5454 1.0000e-12     64.000          1       9765    1478.09 2.1364e+03  51783.206    406.851 1532098971       0.01     -0.330   39.92450  -73.16162    32.8340  1025.8421    25.5489     7.3256 0.0000e+00
     62.509     7.3475    32.6792  1025.8331     2.5657     4.3949     64.839    0.00471    6.77824    6.78607      8.536     0.0509   12.19207   3.350207 4.6684e-14    25.5446    25.5438 1.0000e-12     63.000          1       9895    1478.13 2.1411e+03  51779.527    412.232 1532098976      -0.28     -0.358   39.92450  -73.16164    32.8359  1025.8368    25.5482     7.3417 0.0000e+00
     61.513     7.4509    32.6767  1025.8121     2.5889     4.4811     66.143    0.00990    6.77490    6.78269      8.542     0.0502   12.18645   3.359445 4.6809e-14    25.5283    25.5275 1.0000e-12     62.000          1       9949    1478.51 2.1363e+03  51749.273    414.488 1532098978       0.05     -0.445   39.92450  -73.16166    32.8387  1025.8200    25.5362     7.4451 0.0000e+00
     60.525     7.5613    32.6877  1025.8007     2.6338     4.5636     67.646    0.00948    6.74625    6.75362      8.555     0.0724   12.13905   3.369980 4.6679e-14    25.5216    25.5208 1.0000e-12     61.000          1      10084    1478.93 2.1423e+03  51736.824    420.108 1532098984      -0.34     -0.402   39.92450  -73.16168    32.8489  1025.8079    25.5288     7.5556 0.0000e+00
     59.530     7.6534    32.6893  1025.7842     2.6733     4.7038     69.777    0.01747    6.74121    6.74851      8.563     0.0983   12.13063   3.378318 4.6821e-14    25.5099    25.5091 1.0000e-12     60.000          1      10134    1479.27 2.1358e+03  51715.814    422.217 1532098986       0.08     -0.437   39.92450  -73.16168    32.8524  1025.7930    25.5186     7.6478 0.0000e+00
     58.544     7.7548    32.7030  1025.7759     2.7503     4.8267     71.681    0.00900    6.73360    6.74079      8.570     0.0987   12.11802   3.388092 4.6664e-14    25.5063    25.5055 1.0000e-12     59.000          1      10271    1479.66 2.1430e+03  51709.897    427.937 1532098992      -0.12     -0.104   39.92450  -73.16170    32.8626  1025.7819    25.5122     7.7492 0.0000e+00
     57.547     7.7668    32.7012  1025.7681     2.7582     4.8193     71.597    0.00523    6.73118    6.73833      8.571     0.1315   12.11409   3.388878 4.6753e-14    25.5031    25.5023 1.0000e-12     58.000          1      10323    1479.69 2.1389e+03  51703.641    430.073 1532098994      -0.15     -0.537   39.92450  -73.16171    32.8602  1025.7737    25.5086     7.7613 0.0000e+00
     56.554     7.7894    32.6961  1025.7563     2.7636     4.8093     71.468    0.00183    6.72932    6.73645      8.573     0.1385   12.11101   3.390318 4.6832e-14    25.4959    25.4951 1.0000e-12     57.000          1      10401    1479.75 2.1353e+03  51690.387    433.319 1532098997      -0.00     -0.444   39.92450  -73.16173    32.8548  1025.7617    25.5013     7.7840 0.0000e+00
     55.560     7.8171    32.6937  1025.7458     2.7741     4.8453     72.064    0.00444    6.72368    6.73072 -9.990e-29     0.1526   12.10170   3.392438 1.7733e-04    25.4900    25.4892 3.7938e-03     56.000          1      10510    1479.84 2.1407e+03  51679.484    437.863 1532099002      -0.43     -0.677   39.92450  -73.16174    32.8520  1025.7509    25.4951     7.8118 0.0000e+00
