CalculateIndicators/WaterTemperature/Data/CTD_NYOS/NY1807C19.cnv
* Sea-Bird SBE 9 Data File:
* FileName = C:\Seabird 9 CTD\Data\2018\OffshoreCruise201807\NY1807C19.hex
* Software Version Seasave V 7.23.2
* Temperature SN = 4590
* Conductivity SN = 3228
* Number of Bytes Per Scan = 44
* Number of Voltage Words = 5
* Number of Scans Averaged by the Deck Unit = 1
* NMEA Latitude = 38 51.66 N
* NMEA Longitude = 073 07.05 W
* NMEA UTC (Time) = Jul 18 2018  11:53:14
* NMEA baud rate = 4800
** Ship: RV Seawolf
** Station: NY1807C19
** Operator: jdw
# nquan = 35
# nvalues = 144                         
# units = specified
# name 0 = depSM: Depth [salt water, m]
# name 1 = t090C: Temperature [ITS-90, deg C]
# name 2 = sal00: Salinity, Practical [PSU]
# name 3 = density00: Density [density, kg/m^3]
# name 4 = sbeox0V: Oxygen raw, SBE 43 [V]
# name 5 = sbeox0ML/L: Oxygen, SBE 43 [ml/l]
# name 6 = sbeox0PS: Oxygen, SBE 43 [% saturation]
# name 7 = sbox0dV/dT: Oxygen, SBE 43 [dov/dt]
# name 8 = oxsolML/L: Oxygen Saturation, Garcia & Gordon [ml/l]
# name 9 = oxsatML/L: Oxygen Saturation, Weiss [ml/l]
# name 10 = ph: pH
# name 11 = flECO-AFL: Fluorescence, WET Labs ECO-AFL/FL [mg/m^3]
# name 12 = n2satML/L: Nitrogen Saturation [ml/l]
# name 13 = c0S/m: Conductivity [S/m]
# name 14 = cpar: CPAR/Corrected Irradiance [%]
# name 15 = sigma-é00: Density [sigma-theta, kg/m^3]
# name 16 = sigma-t00: Density [sigma-t, kg/m^3 ]
# name 17 = par: PAR/Irradiance, Biospherical/Licor
# name 18 = prDM: Pressure, Digiquartz [db]
# name 19 = pumps: Pump Status
# name 20 = scan: Scan Count
# name 21 = svCM: Sound Velocity [Chen-Millero, m/s]
# name 22 = spar: SPAR, Biospherical/Licor
# name 23 = specc: Specific Conductance [uS/cm]
# name 24 = timeS: Time, Elapsed [seconds]
# name 25 = timeY: Time, System [seconds]
# name 26 = accM: Acceleration [m/s^2]
# name 27 = dz/dtM: Descent Rate [m/s]
# name 28 = latitude: Latitude [deg]
# name 29 = longitude: Longitude [deg]
# name 30 = gsw_saA0: Absolute Salinity [g/kg]
# name 31 = gsw_densityA0: density, TEOS-10 [density, kg/m^3]
# name 32 = gsw_sigma0A0: density, TEOS-10 [sigma-0, kg/m^3 ]
# name 33 = gsw_ptA0: potential temperature [ITS-90, deg C]
# name 34 = flag: flag
# span 0 =      1.918,     73.438       
# span 1 =     7.3103,    23.8931       
# span 2 =    32.2274,    34.0337       
# span 3 =  1021.6017,  1026.2824       
# span 4 =     3.0162,     4.2428       
# span 5 =     5.0250,     6.6902       
# span 6 =     80.152,    124.009       
# span 7 =   -0.06199,    0.06626       
# span 8 =    4.90446,    6.78482       
# span 9 =    4.89247,    6.79331       
# span 10 =      8.586,      8.965      
# span 11 =     0.0084,     0.9472      
# span 12 =    9.08692,   12.19701      
# span 13 =   3.390876,   4.832784      
# span 14 = 1.2011e-13, 2.5479e+01      
# span 15 =    21.5864,    25.9441      
# span 16 =    21.5862,    25.9431      
# span 17 = 1.0000e-12, 2.2812e+02      
# span 18 =      2.000,     74.000      
# span 19 =          1,          1      
# span 20 =       -176,      11624      
# span 21 =    1478.38,    1528.83      
# span 22 = 5.8272e+02, 1.3200e+03      
# span 23 =  49326.436,  52511.006      
# span 24 =     -7.375,    484.286      
# span 25 = 1531914834, 1531915326      
# span 26 =      -1.09,       0.66      
# span 27 =     -1.236,      0.948      
# span 28 =   38.85966,   38.86099      
# span 29 =  -73.12040,  -73.11780      
# span 30 =    32.3926,    34.1664      
# span 31 =  1021.6110,  1026.2867      
# span 32 =    21.5979,    25.9484      
# span 33 =     7.3047,    23.8925      
# span 34 = 0.0000e+00, 0.0000e+00      
# interval = decibars: 1                
# start_time = Jul 18 2018 11:54:01 [System UTC, first data scan.]
# bad_flag = -9.990e-29
*END*
[from data line 42]
     44.654     7.3465    33.1658  1026.1332     3.0365     5.4331     80.169   -0.00706    6.77711    6.78549 -9.990e-29     0.0581   12.18425   3.393104 1.9857e-02    25.9272    25.9267 1.5884e-01     45.000          1       2392    1478.44 8.0008e+02  52461.861     99.609 1531914941       0.04      0.926   38.86064  -73.11842    33.3122  1026.1270    25.9210     7.3423 0.0000e+00
     45.655     7.3392    33.1605  1026.1346     3.0361     5.4661     80.626   -0.00231    6.77956    6.78798      8.701     0.0448   12.18832   3.392472 4.8663e-02    25.9240    25.9234 3.5676e-01     46.000          1       2516    1478.42 7.3980e+02  52456.765    104.800 1531914946       0.02      0.543   38.86063  -73.11846    33.3119  1026.1323    25.9218     7.3350 0.0000e+00
     46.642     7.3413    33.1607  1026.1391     3.0344     5.4725     80.718   -0.00087    6.77975    6.78817      8.697     0.0463   12.18861   3.392928 4.8486e-02    25.9239    25.9233 3.5177e-01     47.000          1       2584    1478.45 7.2627e+02  52457.228    107.642 1531914949      -0.06      0.456   38.86062  -73.11847    33.3144  1026.1386    25.9235     7.3369 0.0000e+00
     47.623     7.3437    33.1606  1026.1432     3.0316     5.4645     80.612   -0.00109    6.77880    6.78721      8.692     0.0407   12.18701   3.393302 4.6368e-02    25.9235    25.9229 3.2758e-01     48.000          1       2652    1478.47 7.0619e+02  52457.087    110.438 1531914952       0.18      0.297   38.86062  -73.11848    33.3156  1026.1438    25.9241     7.3393 0.0000e+00
     48.630     7.3435    33.1626  1026.1495     3.0300     5.4592     80.536   -0.00129    6.77861    6.78702      8.691     0.0473   12.18671   3.393554 3.5336e-02    25.9252    25.9245 2.4661e-01     49.000          1       2683    1478.49 6.9744e+02  52460.740    111.756 1531914953       0.03      0.664   38.86061  -73.11850    33.3181  1026.1504    25.9261     7.3389 0.0000e+00
     49.607     7.3510    33.1644  1026.1543     3.0299     5.4709     80.705    0.00027    6.77885    6.78726      8.686     0.0340   12.18708   3.394494 3.7905e-02    25.9255    25.9249 2.6139e-01     50.000          1       2776    1478.54 6.8987e+02  52462.054    115.623 1531914957      -0.02      0.062   38.86060  -73.11852    33.3207  1026.1559    25.9271     7.3464 0.0000e+00
     50.608     7.3455    33.1643  1026.1597     3.0277     5.4568     80.502   -0.00110    6.77851    6.78692      8.683     0.0411   12.18653   3.394056 2.3381e-02    25.9262    25.9256 1.6352e-01     51.000          1       2810    1478.53 6.9940e+02  52463.979    117.042 1531914958       0.29      0.629   38.86060  -73.11853    33.3207  1026.1613    25.9279     7.3408 0.0000e+00
     51.604     7.3488    33.1651  1026.1644     3.0277     5.4626     80.585   -0.00026    6.77865    6.78705      8.681     0.0296   12.18676   3.394487 2.5189e-02    25.9264    25.9257 1.7567e-01     52.000          1       2857    1478.56 6.9756e+02  52464.883    119.019 1531914960      -0.07      0.570   38.86060  -73.11854    33.3218  1026.1662    25.9283     7.3440 0.0000e+00
     52.589     7.3508    33.1650  1026.1686     3.0256     5.4514     80.407   -0.00157    6.77973    6.78815      8.676     0.0325   12.18854   3.394714 1.9675e-02    25.9261    25.9254 1.4025e-01     53.000          1       2948    1478.59 7.1262e+02  52464.967    122.802 1531914964       0.42      0.316   38.86058  -73.11856    33.3219  1026.1706    25.9281     7.3458 0.0000e+00
     53.587     7.3435    33.1652  1026.1744     3.0251     5.4565     80.482   -0.00066    6.77980    6.78823      8.673     0.0277   12.18867   3.394108 1.8150e-02    25.9272    25.9265 1.2936e-01     54.000          1       2984    1478.58 7.1269e+02  52467.761    124.303 1531914966      -0.04      0.634   38.86058  -73.11857    33.3218  1026.1762    25.9290     7.3385 0.0000e+00
     54.580     7.3421    33.1648  1026.1788     3.0253     5.4629     80.562 4.2452e-07    6.78102    6.78946      8.671     0.0384   12.19069   3.394008 1.7383e-02    25.9271    25.9264 1.2197e-01     55.000          1       3036    1478.59 7.0160e+02  52468.219    126.452 1531914968      -0.08      0.475   38.86058  -73.11858    33.3215  1026.1808    25.9290     7.3370 0.0000e+00
     55.564     7.3344    33.1638  1026.1837     3.0242     5.4593     80.487   -0.00052    6.78277    6.79124      8.667     0.0166   12.19361   3.393256 1.5004e-02    25.9274    25.9267 1.0622e-01     56.000          1       3109    1478.57 7.0865e+02  52469.508    129.488 1531914971       0.12      0.279   38.86057  -73.11860    33.3202  1026.1854    25.9291     7.3293 0.0000e+00
     56.562     7.3271    33.1628  1026.1885     3.0238     5.4623     80.516   -0.00019    6.78420    6.79269      8.664     0.0305   12.19597   3.392568 1.1874e-02    25.9276    25.9269 8.7115e-02     57.000          1       3154    1478.56 7.3373e+02  52470.602    131.375 1531914973      -0.01      0.517   38.86056  -73.11861    33.3193  1026.1903    25.9294     7.3219 0.0000e+00
     57.554     7.3186    33.1617  1026.1934     3.0203     5.4427     80.222   -0.00206    6.78457    6.79306      8.662     0.0306   12.19659   3.391727 9.4339e-03    25.9280    25.9272 7.2037e-02     58.000          1       3199    1478.54 7.6380e+02  52471.887    133.240 1531914975       0.10      0.522   38.86056  -73.11862    33.3178  1026.1949    25.9294     7.3133 0.0000e+00
     58.544     7.3118    33.1607  1026.1982     3.0202     5.4570     80.430   -0.00001    6.78482    6.79331      8.658     0.0198   12.19701   3.391119 8.7399e-03    25.9281    25.9274 6.5855e-02     59.000          1       3268    1478.53 7.5439e+02  52472.910    136.121 1531914977       0.02      0.302   38.86055  -73.11864    33.3173  1026.2000    25.9299     7.3064 0.0000e+00
     59.537     7.3106    33.1602  1026.2026     3.0191     5.4494     80.319   -0.00088    6.78470    6.79319      8.655     0.0282   12.19681   3.391020 4.4567e-03    25.9279    25.9272 3.4640e-02     60.000          1       3320    1478.54 7.7871e+02  52473.196    138.296 1531914980       0.33      0.572   38.86054  -73.11866    33.3169  1026.2045    25.9298     7.3050 0.0000e+00
     60.533     7.3103    33.1600  1026.2071     3.0184     5.4504     80.336   -0.00047    6.78447    6.79296      8.655     0.0408   12.19643   3.391031 3.7172e-03    25.9278    25.9271 2.9610e-02     61.000          1       3351    1478.56 7.9674e+02  52473.697    139.591 1531914981       0.02      0.770   38.86054  -73.11866    33.3168  1026.2090    25.9298     7.3047 0.0000e+00
     61.524     7.3117    33.1602  1026.2116     3.0194     5.4582     80.462    0.00041    6.78359    6.79207      8.653     0.0336   12.19496   3.391248 3.7054e-03    25.9278    25.9270 2.8754e-02     62.000          1       3401    1478.58 7.7644e+02  52474.360    141.674 1531914983      -0.16      0.494   38.86054  -73.11867    33.3174  1026.2139    25.9301     7.3059 0.0000e+00
     62.508     7.3198    33.1621  1026.2166     3.0204     5.4588     80.499    0.00019    6.78119    6.78964 -9.990e-29     0.0275   12.19096   3.392216 2.7864e-03    25.9282    25.9274 2.1252e-02     63.000          1       3492    1478.63 7.6712e+02  52475.662    145.473 1531914987       0.07      0.177   38.86052  -73.11871    33.3197  1026.2191    25.9308     7.3139 0.0000e+00
     63.506     7.3262    33.1637  1026.2215     3.0198     5.4542     80.432   -0.00033    6.78112    6.78956 -9.990e-29     0.0252   12.19084   3.393002 1.9388e-04    25.9286    25.9277 1.5569e-03     64.000          1       3527    1478.67 8.1069e+02  52476.894    146.900 1531914988       0.49      0.618   38.86052  -73.11870    33.3216  1026.2243    25.9314     7.3203 0.0000e+00
     64.503     7.3314    33.1644  1026.2259     3.0211     5.4601     80.519    0.00006    6.78105    6.78949 -9.990e-29     0.0165   12.19072   3.393561 2.9372e-05    25.9284    25.9276 2.3654e-04     65.000          1       3566    1478.71 8.0690e+02  52477.185    148.523 1531914990      -0.04      0.626   38.86052  -73.11872    33.3221  1026.2286    25.9311     7.3254 0.0000e+00
     65.491     7.3336    33.1647  1026.2304     3.0198     5.4524     80.409   -0.00074    6.78086    6.78930      8.643     0.0224   12.19041   3.393792 4.4448e-07    25.9283    25.9275 3.5605e-06     66.000          1       3646    1478.73 7.8100e+02  52477.752    151.875 1531914993       0.15      0.230   38.86052  -73.11874    33.3221  1026.2329    25.9308     7.3275 0.0000e+00
     66.483     7.3351    33.1648  1026.2349     3.0173     5.4459     80.324   -0.00080    6.77983    6.78826      8.640     0.0194   12.18870   3.393982 1.2355e-13    25.9283    25.9274 1.0000e-12     67.000          1       3720    1478.76 8.0942e+02  52478.232    154.938 1531914996       0.06      0.388   38.86050  -73.11876    33.3222  1026.2373    25.9307     7.3289 0.0000e+00
     67.478     7.3393    33.1656  1026.2395     3.0179     5.4546     80.448    0.00026    6.78018    6.78861      8.639     0.0177   12.18928   3.394495 1.2363e-13    25.9283    25.9274 1.0000e-12     68.000          1       3781    1478.79 8.0893e+02  52478.966    157.511 1531914999       0.08      0.414   38.86050  -73.11877    33.3233  1026.2422    25.9310     7.3330 0.0000e+00
     68.467     7.3409    33.1661  1026.2443     3.0162     5.4338     80.152   -0.00240    6.77942    6.78784 -9.990e-29     0.0230   12.18801   3.394742 1.2257e-13    25.9285    25.9277 1.0000e-12     69.000          1       3888    1478.81 8.1587e+02  52480.030    161.974 1531915003       0.66      0.509   38.86048  -73.11880    33.3240  1026.2470    25.9313     7.3345 0.0000e+00
     69.462     7.3469    33.1667  1026.2485     3.0194     5.4595     80.541    0.00035    6.77848    6.78689      8.631     0.0233   12.18645   3.395358 1.2313e-13    25.9282    25.9273 1.0000e-12     70.000          1       3977    1478.86 8.1218e+02  52479.996    165.672 1531915007       0.11      0.386   38.86047  -73.11882    33.3244  1026.2511    25.9308     7.3404 0.0000e+00
     70.451     7.3503    33.1675  1026.2532     3.0195     5.4514     80.429   -0.00094    6.77785    6.78625      8.631     0.0106   12.18540   3.395749 1.2090e-13    25.9283    25.9274 1.0000e-12     71.000          1       4056    1478.88 8.2717e+02  52480.828    168.943 1531915010       0.30      0.428   38.86046  -73.11885    33.3250  1026.2557    25.9308     7.3437 0.0000e+00
     71.445     7.3526    33.1679  1026.2578     3.0223     5.4656     80.712    0.00096    6.77183    6.78015      8.629     0.0323   12.17532   3.396057 1.2166e-13    25.9283    25.9274 1.0000e-12     72.000          1       4124    1478.91 8.2197e+02  52481.534    171.790 1531915013      -0.03      0.388   38.86045  -73.11887    33.3256  1026.2604    25.9310     7.3459 0.0000e+00
     72.439     7.4028    33.1834  1026.2675     3.0254     5.4602     80.805    0.00075    6.75722    6.76535      8.627     0.0353   12.15086   3.402406 1.2011e-13    25.9335    25.9326 1.0000e-12     73.000          1       4208    1479.14 8.3260e+02  52491.392    175.289 1531915017       0.12      0.496   38.86044  -73.11888    33.3459  1026.2738    25.9399     7.3960 0.0000e+00
     73.438     7.4935    33.2129  1026.2824     3.0314     5.4796     81.012    0.00075    6.76400    6.77222      8.621     0.0187   12.16220   3.412958 1.2067e-13    25.9441    25.9431 1.0000e-12     74.000          1       4566    1479.54 8.2872e+02  52511.006    190.205 1531915031      -0.21      0.373   38.86041  -73.11897    33.3729  1026.2867    25.9484     7.4866 0.0000e+00
     72.429     7.4397    33.1974  1026.2732     3.0277     5.4607     80.595   -0.00211    6.77549    6.78386      8.609     0.0219   12.18144   3.405898 1.2548e-13    25.9394    25.9384 1.0000e-12     73.000          1       4995    1479.30 7.9721e+02  52501.914    208.065 1531915049      -0.14     -0.642   38.86037  -73.11907    33.3484  1026.2706    25.9367     7.4329 0.0000e+00
     71.462     7.3656    33.1716  1026.2589     3.0251     5.4619     80.578   -0.00127    6.77845    6.78686 -9.990e-29     0.0220   12.18640   3.397194 1.2505e-13    25.9294    25.9285 1.0000e-12     72.000          1       5088    1478.96 7.9980e+02  52483.472    211.963 1531915053       0.01     -0.408   38.86034  -73.11908    33.3255  1026.2585    25.9291     7.3589 0.0000e+00
     70.444     7.3618    33.1713  1026.2546     3.0238     5.4584     80.528   -0.00131    6.77827    6.78667 -9.990e-29     0.0218   12.18609   3.396758 1.2220e-13    25.9298    25.9289 1.0000e-12     71.000          1       5107    1478.93 8.1830e+02  52483.431    212.770 1531915054      -0.60     -0.837   38.86034  -73.11908    33.3249  1026.2540    25.9291     7.3552 0.0000e+00
     69.455     7.3537    33.1683  1026.2488     3.0223     5.4595     80.537   -0.00045    6.77884    6.78725 -9.990e-29     0.0138   12.18706   3.395838 1.2452e-13    25.9285    25.9276 1.0000e-12     70.000          1       5158    1478.88 8.0329e+02  52480.506    214.880 1531915056      -0.23     -0.605   38.86034  -73.11910    33.3231  1026.2492    25.9289     7.3472 0.0000e+00
     68.470     7.3508    33.1671  1026.2436     3.0231     5.4698     80.677    0.00081    6.77993    6.78835 -9.990e-29     0.0102   12.18886   3.395426 1.2571e-13    25.9279    25.9270 1.0000e-12     69.000          1       5202    1478.85 7.9549e+02  52478.825    216.699 1531915058      -1.09     -0.633   38.86034  -73.11912    33.3219  1026.2440    25.9283     7.3444 0.0000e+00
     67.453     7.3474    33.1667  1026.2392     3.0224     5.4640     80.590    0.00025    6.78002    6.78845      8.607     0.0096   12.18902   3.395080 1.2676e-13    25.9281    25.9272 1.0000e-12     68.000          1       5220    1478.82 7.8895e+02  52478.463    217.438 1531915059      -0.46     -1.236   38.86033  -73.11912    33.3219  1026.2399    25.9288     7.3410 0.0000e+00
     66.499     7.3404    33.1652  1026.2345     3.0221     5.4625     80.551    0.00013    6.78141    6.78986      8.603     0.0230   12.19134   3.394321 1.2809e-13    25.9278    25.9269 1.0000e-12     67.000          1       5280    1478.78 7.8087e+02  52477.407    219.968 1531915061       0.27     -0.244   38.86032  -73.11912    33.3208  1026.2355    25.9289     7.3342 0.0000e+00
     65.480     7.3387    33.1648  1026.2297     3.0223     5.4662     80.600    0.00063    6.78196    6.79041      8.603     0.0180   12.19226   3.394091 1.2562e-13    25.9277    25.9269 1.0000e-12     66.000          1       5307    1478.75 7.9611e+02  52476.621    221.087 1531915062      -0.55     -0.760   38.86032  -73.11914    33.3205  1026.2309    25.9288     7.3325 0.0000e+00
     64.503     7.3319    33.1634  1026.2250     3.0207     5.4522     80.372   -0.00106    6.78370    6.79218      8.602     0.0160   12.19516   3.393321 1.3415e-13    25.9275    25.9267 1.0000e-12     65.000          1       5351    1478.71 7.4560e+02  52475.652    222.933 1531915064       0.36     -0.602   38.86031  -73.11914    33.3191  1026.2261    25.9287     7.3259 0.0000e+00
     63.500     7.3277    33.1618  1026.2198     3.0202     5.4562     80.423   -0.00029    6.78435    6.79284      8.602     0.0164   12.19626   3.392778 7.0833e-06    25.9269    25.9261 5.2888e-05     64.000          1       5387    1478.68 7.4437e+02  52473.857    224.436 1531915066      -0.38     -0.629   38.86030  -73.11914    33.3177  1026.2210    25.9281     7.3218 0.0000e+00
