CalculateIndicators/WaterTemperature/Data/CTD_NYOS/NY1807C16.cnv
* Sea-Bird SBE 9 Data File:
* FileName = C:\Seabird 9 CTD\Data\2018\OffshoreCruise201807\NY1807C16.hex
* Software Version Seasave V 7.23.2
* Temperature SN = 4590
* Conductivity SN = 3228
* Number of Bytes Per Scan = 44
* Number of Voltage Words = 5
* Number of Scans Averaged by the Deck Unit = 1
* NMEA Latitude = 39 56.52 N
* NMEA Longitude = 073 30.75 W
* NMEA UTC (Time) = Jul 18 2018  01:46:03
* NMEA baud rate = 4800
** Ship: RV Seawolf
** Station: NY1807C16
** Operator: jdw
# nquan = 35
# nvalues = 65                          
# units = specified
# name 0 = depSM: Depth [salt water, m]
# name 1 = t090C: Temperature [ITS-90, deg C]
# name 2 = sal00: Salinity, Practical [PSU]
# name 3 = density00: Density [density, kg/m^3]
# name 4 = sbeox0V: Oxygen raw, SBE 43 [V]
# name 5 = sbeox0ML/L: Oxygen, SBE 43 [ml/l]
# name 6 = sbeox0PS: Oxygen, SBE 43 [% saturation]
# name 7 = sbox0dV/dT: Oxygen, SBE 43 [dov/dt]
# name 8 = oxsolML/L: Oxygen Saturation, Garcia & Gordon [ml/l]
# name 9 = oxsatML/L: Oxygen Saturation, Weiss [ml/l]
# name 10 = ph: pH
# name 11 = flECO-AFL: Fluorescence, WET Labs ECO-AFL/FL [mg/m^3]
# name 12 = n2satML/L: Nitrogen Saturation [ml/l]
# name 13 = c0S/m: Conductivity [S/m]
# name 14 = cpar: CPAR/Corrected Irradiance [%]
# name 15 = sigma-é00: Density [sigma-theta, kg/m^3]
# name 16 = sigma-t00: Density [sigma-t, kg/m^3 ]
# name 17 = par: PAR/Irradiance, Biospherical/Licor
# name 18 = prDM: Pressure, Digiquartz [db]
# name 19 = pumps: Pump Status
# name 20 = scan: Scan Count
# name 21 = svCM: Sound Velocity [Chen-Millero, m/s]
# name 22 = spar: SPAR, Biospherical/Licor
# name 23 = specc: Specific Conductance [uS/cm]
# name 24 = timeS: Time, Elapsed [seconds]
# name 25 = timeY: Time, System [seconds]
# name 26 = accM: Acceleration [m/s^2]
# name 27 = dz/dtM: Descent Rate [m/s]
# name 28 = latitude: Latitude [deg]
# name 29 = longitude: Longitude [deg]
# name 30 = gsw_saA0: Absolute Salinity [g/kg]
# name 31 = gsw_densityA0: density, TEOS-10 [density, kg/m^3]
# name 32 = gsw_sigma0A0: density, TEOS-10 [sigma-0, kg/m^3 ]
# name 33 = gsw_ptA0: potential temperature [ITS-90, deg C]
# name 34 = flag: flag
# span 0 =      1.980,     33.740       
# span 1 =     9.6642,    23.5145       
# span 2 =    30.7422,    32.5568       
# span 3 =  1020.6049,  1025.2453       
# span 4 =     2.7743,     4.1190       
# span 5 =     4.5618,     6.3414       
# span 6 =     70.806,    120.761       
# span 7 =   -0.11326,    0.09562       
# span 8 =    4.97304,    6.46224       
# span 9 =    4.96101,    6.46543       
# span 10 =      8.596,      8.921      
# span 11 =     0.0556,     1.7008      
# span 12 =    9.21377,   11.67095      
# span 13 =   3.538539,   4.627200      
# span 14 = -8.610e+03, 1.1030e+05      
# span 15 =    20.5963,    25.0913      
# span 16 =    20.5962,    25.0907      
# span 17 = 1.0000e-12, 3.1081e-02      
# span 18 =      2.000,     34.000      
# span 19 =          1,          1      
# span 20 =        176,       7702      
# span 21 =    1486.18,    1526.47      
# span 22 = -4.069e-01, 4.2334e+00      
# span 23 =  47298.018,  51054.199      
# span 24 =      7.292,    320.869      
# span 25 = 1531878429, 1531878743      
# span 26 =      -0.48,       0.45      
# span 27 =     -0.929,      0.988      
# span 28 =   39.94200,   39.94202      
# span 29 =  -73.51283,  -73.51256      
# span 30 =    30.8853,    32.6872      
# span 31 =  1020.6074,  1025.2391      
# span 32 =    20.5988,    25.0851      
# span 33 =     9.6605,    23.5137      
# span 34 = 0.0000e+00, 0.0000e+00      
# interval = decibars: 1                
# start_time = Jul 18 2018 01:47:02 [System UTC, first data scan.]
# bad_flag = -9.990e-29
*END*
      1.984    23.3959    30.7496  1020.6099     3.8305     5.3898    108.012    0.00330    4.98996    4.97794      8.914     0.6912    9.24420   4.579229 6.4854e-03    20.6013    20.6012 1.0752e-03      2.000          1        176    1525.86 3.9495e+00  47308.242      7.292 1531878429       0.23     -0.013   39.94200  -73.51256    30.8928  1020.6125    20.6039    23.3955 0.0000e+00
      2.979    23.4381    30.8271  1020.6608     3.8590     5.4442    109.436    0.01221    4.97475    4.96274      8.915     0.7235    9.21628   4.595796 7.7341e-01    20.6480    20.6478 3.1081e-02      3.000          1        314    1526.07 3.9495e+00  47414.230     13.021 1531878435       0.45      0.583   39.94200  -73.51256    30.9878  1020.6763    20.6634    23.4375 0.0000e+00
      3.971    23.5145    30.9956  1020.7706     3.8778     5.4893    110.316    0.01703    4.97597    4.96396      8.915     0.7763    9.21815   4.624510 3.8170e-01    20.7535    20.7532 1.5643e-02      4.000          1        347    1526.46 3.9495e+00  47644.695     14.401 1531878437      -0.04      0.778   39.94200  -73.51256    31.1503  1020.7810    20.7638    23.5137 0.0000e+00
      4.962    23.4944    31.0361  1020.8114     3.8875     5.4890    110.199    0.00619    4.98104    4.96906      8.915     0.7656    9.22644   4.627200 4.8315e-03    20.7900    20.7897 1.9825e-04      5.000          1        387    1526.47 3.9495e+00  47701.518     16.103 1531878438      -0.12      0.608   39.94200  -73.51256    31.1845  1020.8168    20.7953    23.4934 0.0000e+00
      5.949    23.4686    31.0505  1020.8340     3.9005     5.5296    110.786    0.00881    4.99120    4.97926      8.912     0.7785    9.24310   4.626590 2.5092e-11    20.8083    20.8080 1.0000e-12      6.000          1        428    1526.44 3.9495e+00  47722.135     17.805 1531878440       0.14      0.552   39.94200  -73.51256    31.1977  1020.8385    20.8128    23.4674 0.0000e+00
      6.946    23.4214    31.0628  1020.8613     3.9002     5.5285    110.471    0.00177    5.00449    4.99262      8.912     0.8182    9.26506   4.623531 2.4351e-11    20.8312    20.8308 1.0000e-12      7.000          1        456    1526.35 3.9495e+00  47740.514     18.970 1531878441       0.18      0.789   39.94200  -73.51256    31.2076  1020.8639    20.8338    23.4199 0.0000e+00
      7.942    23.3460    31.0798  1020.9000     3.8958     5.7585    110.226    0.00037    5.22464    5.21408      8.921     0.8658    9.62991   4.618439 2.4549e-11    20.8656    20.8652 1.0000e-12      8.000          1        483    1526.19 3.9495e+00  47765.882     20.103 1531878442       0.01      0.892   39.94201  -73.51256    31.2220  1020.9007    20.8663    23.3443 0.0000e+00
      8.934    23.1885    31.1052  1020.9684     3.9040     5.9589    110.404   -0.00163    5.39658    5.38730      8.865     1.2889    9.91462   4.605734 2.3691e-11    20.9298    20.9292 1.0000e-12      9.000          1        518    1525.83 3.9495e+00  47804.950     21.559 1531878444      -0.16      0.741   39.94201  -73.51256    31.2368  1020.9611    20.9224    23.1867 0.0000e+00
      9.917    20.1771    31.3518  1021.9757     3.9690     6.3414    115.379    0.04639    5.49662    5.48819      8.826     1.4571   10.08039   4.335808 2.4485e-11    21.9323    21.9319 1.0000e-12     10.000          1        562    1518.03 3.9495e+00  48250.778     23.391 1531878446       0.02      0.511   39.94200  -73.51256    31.3094  1021.8370    21.7935    20.1753 0.0000e+00
     10.914    18.7722    31.4689  1022.4297     3.9331     6.1152    110.603   -0.01538    5.52890    5.52077      8.822     1.5099   10.13385   4.229637 2.5336e-11    22.3817    22.3812 1.0000e-12     11.000          1        592    1514.22 3.9495e+00  48480.964     24.627 1531878447       0.25      0.721   39.94200  -73.51256    31.4929  1022.3405    22.2925    18.7703 0.0000e+00
     11.912    18.1945    31.5072  1022.6049     3.8908     5.9653    107.856   -0.03735    5.53083    5.52271      8.817     1.7008   10.13697   4.182501 2.5023e-11    22.5524    22.5519 1.0000e-12     12.000          1        618    1512.59 3.9495e+00  48569.776     25.713 1531878448       0.06      0.907   39.94201  -73.51256    31.5404  1022.5224    22.4700    18.1925 0.0000e+00
     12.902    17.6599    31.5478  1022.7688     3.8441     5.9732    106.603   -0.03000    5.60333    5.59594      8.809     1.5821   10.25630   4.140941 2.3880e-11    22.7119    22.7114 1.0000e-12     13.000          1        657    1511.08 3.9495e+00  48661.649     27.344 1531878450      -0.22      0.674   39.94201  -73.51256    31.6015  1022.7018    22.6448    17.6577 0.0000e+00
     13.882    17.3688    31.5737  1022.8618     3.7630     5.8442    102.847   -0.04398    5.68251    5.67596      8.805     1.2627   10.38618   4.117130 2.3324e-11    22.8005    22.7999 1.0000e-12     14.000          1        704    1510.25 3.9495e+00  48718.178     29.311 1531878452       0.22      0.434   39.94200  -73.51256    31.6243  1022.7923    22.7309    17.3666 0.0000e+00
     14.885    16.7347    31.6781  1023.0940     3.7219     5.8646    101.385   -0.04266    5.78458    5.77906      8.807     1.3761   10.55611   4.073112 2.4880e-11    23.0281    23.0275 1.0000e-12     15.000          1        729    1508.47 3.9495e+00  48911.282     30.316 1531878453       0.35      0.818   39.94200  -73.51256    31.7426  1023.0345    22.9686    16.7323 0.0000e+00
     15.883    16.5554    31.7755  1023.2143     3.6527     5.7578     98.334   -0.05098    5.85586    5.85110      8.767     1.4574   10.67437   4.067834 2.5301e-11    23.1439    23.1434 1.0000e-12     16.000          1        754    1508.05 3.9495e+00  49060.455     31.368 1531878454      -0.01      0.988   39.94200  -73.51256    31.8385  1023.1532    23.0828    16.5529 0.0000e+00
     16.868    15.5442    31.8267  1023.4837     3.4682     5.1743     87.583   -0.11326    5.90819    5.90403      8.714     1.3505   10.76064   3.976800 2.4274e-11    23.4087    23.4081 1.0000e-12     17.000          1        791    1504.98 3.9495e+00  49222.081     32.899 1531878455      -0.22      0.702   39.94202  -73.51258    31.8448  1023.3878    23.3127    15.5416 0.0000e+00
     17.861    14.5095    31.8235  1023.7084     3.3238     4.9808     83.411   -0.09833    5.97133    5.96794      8.707     1.2319   10.86412   3.885203 2.4383e-11    23.6285    23.6280 1.0000e-12     18.000          1        829    1501.70 -9.990e-29  49320.693     34.485 1531878457       0.08      0.617   39.94200  -73.51258    31.8612  1023.6269    23.5471    14.5069 0.0000e+00
     18.854    14.0876    31.8782  1023.8428     3.2535     5.0927     84.284   -0.04962    6.04231    6.03985      8.700     0.8562   10.97998   3.855098 2.3597e-11    23.7583    23.7578 1.0000e-12     19.000          1        865    1500.41 -9.990e-29  49443.206     36.016 1531878458      -0.03      0.661   39.94200  -73.51258    31.9326  1023.7737    23.6893    14.0849 0.0000e+00
     19.842    13.5415    31.9915  1024.0456     3.1811     4.9896     81.905   -0.04678    6.09198    6.09016      8.690     0.6021   11.06140   3.817573 2.4770e-11    23.9566    23.9560 1.0000e-12     20.000          1        902    1498.76 3.9495e+00  49665.892     37.529 1531878460       0.05      0.641   39.94200  -73.51258    32.0391  1023.9707    23.8816    13.5388 0.0000e+00
     20.835    13.0429    32.1374  1024.2620     3.1140     4.8207     78.957   -0.05476    6.10541    6.10378      8.685     0.5626   11.08330   3.789284 2.5325e-11    24.1683    24.1678 1.0000e-12     21.000          1        929    1497.29 3.9495e+00  49932.987     38.676 1531878461       0.19      0.789   39.94200  -73.51258    32.1935  1024.1928    24.0990    13.0400 0.0000e+00
     21.839    12.6866    32.2033  1024.3868     3.0710     4.7688     77.954   -0.04794    6.11752    6.11606      8.686     0.5084   11.10303   3.764426 2.5320e-11    24.2884    24.2879 1.0000e-12     22.000          1        956    1496.19 3.9495e+00  50072.521     39.786 1531878462      -0.01      0.925   39.94200  -73.51258    32.2608  1024.3181    24.2197    12.6837 0.0000e+00
     22.815    12.3757    32.2772  1024.5080     3.0183     4.7983     77.879   -0.02409    6.16116    6.16031      8.689     0.3895   11.17426   3.746983 2.5126e-11    24.4052    24.4046 1.0000e-12     23.000          1       1004    1495.24 3.9495e+00  50219.062     41.802 1531878464      -0.22      0.455   39.94200  -73.51258    32.3603  1024.4588    24.3559    12.3728 0.0000e+00
     23.813    12.2520    32.3141  1024.5646     2.9902     4.7742     77.144   -0.02077    6.18864    6.18815      8.690     0.3310   11.21941   3.740135 2.4251e-11    24.4572    24.4566 1.0000e-12     24.000          1       1036    1494.87 3.9495e+00  50288.848     43.128 1531878465       0.40      0.655   39.94200  -73.51258    32.4010  1024.5180    24.4105    12.2489 0.0000e+00
     24.814    12.0402    32.3757  1024.6566     2.9784     4.7756     76.997   -0.01734    6.20229    6.20198      8.695     0.3362   11.24175   3.727549 2.3478e-11    24.5446    24.5440 1.0000e-12     25.000          1       1062    1494.24 3.9495e+00  50406.502     44.211 1531878466       0.05      0.924   39.94200  -73.51258    32.4626  1024.6097    24.4977    12.0371 0.0000e+00
     25.797    11.7424    32.4258  1024.7553     2.9783     4.8867     78.318   -0.00051    6.23946    6.23966      8.701     0.2731   11.30283   3.706794 2.5171e-11    24.6386    24.6380 1.0000e-12     26.000          1       1103    1493.29 3.9495e+00  50521.892     45.904 1531878468      -0.22      0.625   39.94200  -73.51258    32.5202  1024.7137    24.5971    11.7392 0.0000e+00
     26.784    11.5656    32.4616  1024.8200     2.9728     4.8719     77.909   -0.00342    6.25339    6.25379      8.704     0.2613   11.32560   3.695113 2.4613e-11    24.6988    24.6982 1.0000e-12     27.000          1       1140    1492.74 3.9495e+00  50599.994     47.439 1531878470       0.27      0.579   39.94200  -73.51258    32.5607  1024.7818    24.6606    11.5623 0.0000e+00
     27.787    11.3804    32.4807  1024.8729     2.9826     4.9450     78.635    0.00126    6.28838    6.28925      8.707     0.2380   11.38338   3.680402 2.5309e-11    24.7471    24.7465 1.0000e-12     28.000          1       1162    1492.13 3.9495e+00  50656.548     48.380 1531878471       0.32      0.911   39.94202  -73.51258    32.5788  1024.8338    24.7080    11.3770 0.0000e+00
     28.780    11.2004    32.5200  1024.9403     2.9814     5.0041     78.623    0.00121    6.36510    6.36697      8.696     0.2207   11.51037   3.668849 2.5320e-11    24.8099    24.8093 1.0000e-12     29.000          1       1200    1491.56 3.9495e+00  50741.236     49.967 1531878472      -0.25      0.713   39.94202  -73.51258    32.6235  1024.9051    24.7747    11.1969 0.0000e+00
     29.758    10.5403    32.5439  1025.0792     2.9164     4.7079     73.248   -0.03651    6.42721    6.42992      8.670     0.0995   11.61307   3.610167 2.4985e-11    24.9440    24.9434 1.0000e-12     30.000          1       1253    1489.27 3.9495e+00  50888.169     52.156 1531878474       0.36      0.364   39.94200  -73.51259    32.6258  1025.0270    24.8917    10.5368 0.0000e+00
     30.761    10.3349    32.5422  1025.1176     2.8723     4.5670     71.081   -0.04393    6.42496    6.42764      8.669     0.0994   11.60927   3.593246 2.5002e-11    24.9777    24.9771 1.0000e-12     31.000          1       1277    1488.55 3.9495e+00  50922.442     53.148 1531878475       0.36      0.825   39.94200  -73.51260    32.6392  1025.0768    24.9369    10.3314 0.0000e+00
     31.758    10.0411    32.5458  1025.1744     2.8320     4.5618     70.806   -0.03031    6.44261    6.44553      8.668     0.1066   11.63850   3.567905 2.4706e-11    25.0297    25.0291 1.0000e-12     32.000          1       1315    1487.52 3.9495e+00  50982.055     54.765 1531878477      -0.18      0.699   39.94200  -73.51260    32.6465  1025.1363    24.9916    10.0375 0.0000e+00
     32.739     9.7514    32.5568  1025.2355     2.7878     4.5919     71.058   -0.00889    6.46224    6.46543      8.656     0.0556   11.67095   3.543839 2.5373e-11    25.0862    25.0856 1.0000e-12     33.000          1       1394    1486.50 3.9495e+00  51053.146     58.029 1531878480       0.31      0.216   39.94200  -73.51260    32.6628  1025.2013    25.0519     9.7478 0.0000e+00
     33.740     9.6642    32.5451  1025.2453     2.7743     4.5990     71.202   -0.00156    6.45918    6.46231      8.637     0.0573   11.66612   3.538539 2.3884e-11    25.0913    25.0907 1.0000e-12     34.000          1       1821    1486.18 4.2092e+00  51054.199     75.823 1531878498      -0.04      0.122   39.94201  -73.51262    32.6872  1025.2391    25.0851     9.6605 0.0000e+00
     32.750     9.6884    32.5288  1025.2241     2.7776     4.5804     71.685    0.00349    6.38963    6.39178      8.606     0.0759   11.55153   3.540590 2.4709e-11    25.0746    25.0740 1.0000e-12     33.000          1       2522    1486.24 3.9375e+00  51025.824    105.033 1531878527      -0.14     -0.476   39.94202  -73.51264    32.6866  1025.2302    25.0808     9.6848 0.0000e+00
     31.753     9.8278    32.5108  1025.1826     2.7891     4.6304     72.450    0.00794    6.39119    6.39336      8.613     0.0944   11.55413   3.552046 2.5318e-11    25.0378    25.0372 1.0000e-12     32.000          1       2525    1486.70 3.9495e+00  50972.668    105.183 1531878527      -0.26     -0.696   39.94202  -73.51264    32.6779  1025.1961    25.0513     9.8243 0.0000e+00
     30.758    10.1007    32.5021  1025.1258     2.8091     4.6438     73.364    0.01122    6.33022    6.33157      8.615     0.1361   11.45342   3.575947 2.5369e-11    24.9857    24.9851 1.0000e-12     31.000          1       2565    1487.66 3.9457e+00  50909.020    106.821 1531878529       0.19     -0.642   39.94202  -73.51264    32.6749  1025.1439    25.0038    10.0972 0.0000e+00
     29.781    10.3118    32.4888  1025.0755     2.8695     4.8228     76.984    0.03101    6.26451    6.26500      8.641     0.2032   11.34467   3.593444 9.9340e+04    24.9400    24.9394 1.0000e-12     30.000          1       2617    1488.39 -4.163e-02  50850.717    109.010 1531878531      -0.40     -0.326   39.94202  -73.51264    32.6624  1025.0943    24.9588    10.3083 0.0000e+00
     28.772    10.6398    32.4717  1025.0011     2.9038     4.9173     78.802    0.03934    6.24016    6.24031      8.645     0.2141   11.30486   3.624039 5.5187e+04    24.8704    24.8698 1.0000e-12     29.000          1       2638    1489.52 1.6806e+00  50767.884    109.879 1531878532      -0.48     -0.860   39.94202  -73.51264    32.6764  1025.0443    24.9136    10.6364 0.0000e+00
     27.776    11.0011    32.4618  1024.9258     2.9323     4.9251     78.972    0.02885    6.23655    6.23666      8.644     0.2502   11.29889   3.654042 2.6014e+04    24.7998    24.7992 1.0000e-12     28.000          1       2668    1490.78 2.9128e+00  50692.383    111.129 1531878533       0.19     -0.906   39.94202  -73.51264    32.6540  1024.9595    24.8334    10.9977 0.0000e+00
     26.801    11.3422    32.4261  1024.8329     2.9540     4.8340     77.958    0.00646    6.20082    6.20044      8.638     0.2468   11.24022   3.680387 1.1030e+05    24.7115    24.7109 1.0000e-12     27.000          1       2720    1491.91 -4.069e-01  50585.497    113.301 1531878536       0.00     -0.343   39.94202  -73.51264    32.6128  1024.8625    24.7412    11.3389 0.0000e+00
     25.793    11.3959    32.4143  1024.8093     2.9575     4.8469     77.979    0.00499    6.21560    6.21543      8.636     0.2679   11.26429   3.684090 9.8718e+04    24.6925    24.6920 1.0000e-12     26.000          1       2752    1492.07 2.5297e-02  50560.182    114.623 1531878537      -0.13     -0.698   39.94202  -73.51264    32.6022  1024.8400    24.7232    11.3928 0.0000e+00
