CalculateIndicators/WaterTemperature/Data/CTD_NYOS/NY1807C26.cnv
* Sea-Bird SBE 9 Data File:
* FileName = C:\Seabird 9 CTD\Data\2018\OffshoreCruise201807\NY1807C26.hex
* Software Version Seasave V 7.23.2
* Temperature SN = 4590
* Conductivity SN = 3228
* Number of Bytes Per Scan = 44
* Number of Voltage Words = 5
* Number of Scans Averaged by the Deck Unit = 1
* NMEA Latitude = 39 09.46 N
* NMEA Longitude = 072 52.71 W
* NMEA UTC (Time) = Jul 20 2018  07:03:44
* NMEA baud rate = 4800
** Ship: RV Seawolf
** Station: NY1807C26
** Operator: jdw
# nquan = 35
# nvalues = 166                         
# units = specified
# name 0 = depSM: Depth [salt water, m]
# name 1 = t090C: Temperature [ITS-90, deg C]
# name 2 = sal00: Salinity, Practical [PSU]
# name 3 = density00: Density [density, kg/m^3]
# name 4 = sbeox0V: Oxygen raw, SBE 43 [V]
# name 5 = sbeox0ML/L: Oxygen, SBE 43 [ml/l]
# name 6 = sbeox0PS: Oxygen, SBE 43 [% saturation]
# name 7 = sbox0dV/dT: Oxygen, SBE 43 [dov/dt]
# name 8 = oxsolML/L: Oxygen Saturation, Garcia & Gordon [ml/l]
# name 9 = oxsatML/L: Oxygen Saturation, Weiss [ml/l]
# name 10 = ph: pH
# name 11 = flECO-AFL: Fluorescence, WET Labs ECO-AFL/FL [mg/m^3]
# name 12 = n2satML/L: Nitrogen Saturation [ml/l]
# name 13 = c0S/m: Conductivity [S/m]
# name 14 = cpar: CPAR/Corrected Irradiance [%]
# name 15 = sigma-é00: Density [sigma-theta, kg/m^3]
# name 16 = sigma-t00: Density [sigma-t, kg/m^3 ]
# name 17 = par: PAR/Irradiance, Biospherical/Licor
# name 18 = prDM: Pressure, Digiquartz [db]
# name 19 = pumps: Pump Status
# name 20 = scan: Scan Count
# name 21 = svCM: Sound Velocity [Chen-Millero, m/s]
# name 22 = spar: SPAR, Biospherical/Licor
# name 23 = specc: Specific Conductance [uS/cm]
# name 24 = timeS: Time, Elapsed [seconds]
# name 25 = timeY: Time, System [seconds]
# name 26 = accM: Acceleration [m/s^2]
# name 27 = dz/dtM: Descent Rate [m/s]
# name 28 = latitude: Latitude [deg]
# name 29 = longitude: Longitude [deg]
# name 30 = gsw_saA0: Absolute Salinity [g/kg]
# name 31 = gsw_densityA0: density, TEOS-10 [density, kg/m^3]
# name 32 = gsw_sigma0A0: density, TEOS-10 [sigma-0, kg/m^3 ]
# name 33 = gsw_ptA0: potential temperature [ITS-90, deg C]
# name 34 = flag: flag
# span 0 =      0.985,     83.360       
# span 1 =     8.1483,    24.1613       
# span 2 =    33.2532,    34.2725       
# span 3 =  1022.3509,  1026.7046       
# span 4 =     3.1632,     4.3034       
# span 5 =     5.0998,     7.0877       
# span 6 =     85.197,    126.872       
# span 7 =   -0.13698,    0.14556       
# span 8 =    4.86201,    6.64900       
# span 9 =    4.85010,    6.65563       
# span 10 =      8.649,      8.981      
# span 11 =    -0.0463,     1.1337      
# span 12 =    9.00603,   11.97053      
# span 13 =   3.480950,   4.999883      
# span 14 = -5.409e+00, 1.5246e+01      
# span 15 =    22.3467,    26.3266      
# span 16 =    22.3467,    26.3249      
# span 17 = -2.136e-01, 6.0215e-01      
# span 18 =      1.000,     84.000      
# span 19 =          1,          1      
# span 20 =        269,      11669      
# span 21 =    1481.79,    1530.60      
# span 22 = 3.9495e+00, 3.9495e+00      
# span 23 =  50850.196,  53379.656      
# span 24 =     11.156,    486.167      
# span 25 = 1532070299, 1532070774      
# span 26 =      -0.45,       0.42      
# span 27 =     -1.014,      0.973      
# span 28 =   39.15595,   39.15751      
# span 29 =  -72.87927,  -72.87868      
# span 30 =    33.3684,    34.4263      
# span 31 =  1022.3524,  1026.7054      
# span 32 =    22.3481,    26.3318      
# span 33 =     8.1435,    24.1611      
# span 34 = 0.0000e+00, 0.0000e+00      
# interval = decibars: 1                
# start_time = Jul 20 2018 07:04:48 [System UTC, first data scan.]
# bad_flag = -9.990e-29
*END*
[from data line 42]
     43.663     8.2345    33.3090  1026.1124     3.2691     5.8807     88.556   -0.00430    6.64067    6.64717      8.752     0.0603   11.95691   3.485181 2.5315e-11    25.9119    25.9113 1.0000e-12     44.000          1       1817    1481.99 3.9495e+00  52446.761     75.677 1532070363      -0.11      0.622   39.15728  -72.87876    33.4551  1026.1058    25.9054     8.2301 0.0000e+00
     44.649     8.2444    33.3112  1026.1171     3.2612     5.8723     88.318   -0.00409    6.64900    6.65563      8.748     0.0332   11.97053   3.486538 2.5076e-11    25.9122    25.9115 1.0000e-12     45.000          1       1861    1482.04 3.9495e+00  52448.211     77.510 1532070365       0.07      0.520   39.15726  -72.87876    33.4597  1026.1125    25.9075     8.2399 0.0000e+00
     45.647     8.2111    33.3181  1026.1322     3.2537     5.8404     87.890   -0.00596    6.64514    6.65177      8.744     0.0027   11.96361   3.484036 2.5317e-11    25.9226    25.9219 1.0000e-12     46.000          1       1892    1481.94 3.9495e+00  52466.537     78.774 1532070367       0.18      0.729   39.15726  -72.87876    33.4643  1026.1256    25.9161     8.2065 0.0000e+00
     46.640     8.1678    33.3275  1026.1505     3.2533     5.8460     88.244   -0.00193    6.62482    6.63121      8.743     0.0054   11.92932   3.481389 2.4818e-11    25.9364    25.9357 1.0000e-12     47.000          1       1922    1481.81 3.9495e+00  52490.609     80.060 1532070368      -0.06      0.805   39.15726  -72.87876    33.4768  1026.1464    25.9322     8.1632 0.0000e+00
     47.630     8.1483    33.3594  1026.1831     3.2475     5.8237     87.975   -0.00272    6.61968    6.62602 -9.990e-29    -0.0110   11.92054   3.483614 2.5325e-11    25.9643    25.9636 1.0000e-12     48.000          1       1958    1481.79 3.9495e+00  52541.152     81.535 1532070369      -0.05      0.685   39.15726  -72.87876    33.5187  1026.1866    25.9679     8.1435 0.0000e+00
     48.625     8.2820    33.4311  1026.2238     3.2404     5.7864     87.516   -0.00513    6.61179    6.61804 -9.990e-29    -0.0193   11.90715   3.502432 2.5320e-11    26.0007    26.0000 1.0000e-12     49.000          1       1993    1482.40 3.9495e+00  52611.943     83.006 1532070371      -0.01      0.686   39.15724  -72.87876    33.5913  1026.2278    26.0047     8.2771 0.0000e+00
     49.613     8.3207    33.4615  1026.2464     3.2344     5.7734     87.475   -0.00335    6.60004    6.60616      8.739    -0.0278   11.88719   3.508894 2.5320e-11    26.0188    26.0180 1.0000e-12     50.000          1       2035    1482.60 3.9495e+00  52646.590     84.770 1532070373      -0.07      0.568   39.15724  -72.87876    33.6228  1026.2511    26.0236     8.3156 0.0000e+00
     50.603     8.3637    33.4915  1026.2679     3.2291     5.7459     87.281   -0.00347    6.58323    6.58917      8.737    -0.0374   11.85872   3.515667 2.5032e-11    26.0359    26.0351 1.0000e-12     51.000          1       2071    1482.81 3.9495e+00  52679.752     86.266 1532070374       0.17      0.628   39.15724  -72.87877    33.6533  1026.2730    26.0409     8.3585 0.0000e+00
     51.602     8.4049    33.5214  1026.2896     3.2237     5.7282     87.038   -0.00411    6.58123    6.58717      8.737    -0.0263   11.85513   3.522692 2.5314e-11    26.0531    26.0523 1.0000e-12     52.000          1       2099    1483.02 3.9495e+00  52713.158     87.412 1532070375       0.12      0.828   39.15724  -72.87878    33.6880  1026.2984    26.0618     8.3997 0.0000e+00
     52.595     8.4967    33.5712  1026.3192     3.2138     5.6924     86.496   -0.00642    6.58108    6.58704      8.737    -0.0280   11.85463   3.535941 2.5320e-11    26.0783    26.0774 1.0000e-12     53.000          1       2134    1483.45 3.9495e+00  52763.110     88.895 1532070377      -0.18      0.732   39.15722  -72.87878    33.7404  1026.3298    26.0889     8.4913 0.0000e+00
     53.578     8.5224    33.6178  1026.3563     3.2087     5.7028     86.714   -0.00215    6.57660    6.58251      8.733    -0.0276   11.84700   3.541951 2.5320e-11    26.1109    26.1100 1.0000e-12     54.000          1       2181    1483.61 3.9495e+00  52823.726     90.843 1532070379       0.06      0.465   39.15722  -72.87878    33.7791  1026.3607    26.1152     8.5169 0.0000e+00
     54.575     8.5273    33.6372  1026.3753     3.2049     5.6903     86.540   -0.00268    6.57535    6.58124      8.732    -0.0360   11.84486   3.544686 2.5320e-11    26.1253    26.1244 1.0000e-12     55.000          1       2212    1483.67 3.9495e+00  52850.589     92.130 1532070380       0.19      0.713   39.15722  -72.87878    33.8030  1026.3831    26.1331     8.5216 0.0000e+00
     55.571     8.5439    33.6498  1026.3872     3.2023     5.6870     86.489   -0.00233    6.57539    6.58129      8.731    -0.0397   11.84490   3.547209 2.5320e-11    26.1327    26.1318 1.0000e-12     56.000          1       2244    1483.77 3.9495e+00  52865.345     93.441 1532070381      -0.06      0.791   39.15721  -72.87878    33.8134  1026.3932    26.1387     8.5381 0.0000e+00
     56.558     8.5551    33.6570  1026.3957     3.1990     5.6830     86.417   -0.00193    6.57619    6.58210      8.729    -0.0396   11.84622   3.548852 2.5320e-11    26.1366    26.1357 1.0000e-12     57.000          1       2284    1483.83 3.9495e+00  52873.567     95.123 1532070383      -0.08      0.596   39.15720  -72.87880    33.8195  1026.4008    26.1418     8.5493 0.0000e+00
     57.554     8.5542    33.6596  1026.4024     3.1964     5.6797     86.351   -0.00181    6.57744    6.58337      8.728    -0.0281   11.84829   3.548974 2.5320e-11    26.1388    26.1379 1.0000e-12     58.000          1       2320    1483.85 3.9495e+00  52878.055     96.645 1532070384       0.07      0.647   39.15720  -72.87880    33.8212  1026.4068    26.1432     8.5482 0.0000e+00
     58.543     8.5465    33.6601  1026.4085     3.1967     5.6895     86.543    0.00004    6.57416    6.58007      8.723 -9.990e-29   11.84254   3.548264 2.5320e-11    26.1404    26.1395 1.0000e-12     59.000          1       2365    1483.84 3.9495e+00  52881.198     98.495 1532070386      -0.12      0.549   39.15719  -72.87880    33.8206  1026.4121    26.1440     8.5405 0.0000e+00
     59.529     8.5360    33.6592  1026.4140     3.1976     5.6754     86.642    0.00081    6.55043    6.55604      8.720 -9.990e-29   11.80278   3.547170 2.5320e-11    26.1413    26.1404 1.0000e-12     60.000          1       2404    1483.82 3.9495e+00  52883.051    100.140 1532070388       0.25      0.553   39.15718  -72.87880    33.8186  1026.4167    26.1440     8.5299 0.0000e+00
     60.530     8.5157    33.6725  1026.4321     3.1913     5.6425     86.104   -0.00278    6.55320    6.55885      8.718    -0.0398   11.80736   3.547039 2.5320e-11    26.1549    26.1539 1.0000e-12     61.000          1       2428    1483.77 3.9495e+00  52907.157    101.127 1532070389       0.29      0.875   39.15718  -72.87880    33.8362  1026.4381    26.1609     8.5095 0.0000e+00
     61.529     8.6364    33.7147  1026.4511     3.1868     5.5962     85.761   -0.00478    6.52527    6.53057      8.717    -0.0264   11.76052   3.562672 2.5320e-11    26.1694    26.1684 1.0000e-12     62.000          1       2457    1484.29 3.9495e+00  52939.879    102.331 1532070390      -0.15      0.915   39.15717  -72.87880    33.8855  1026.4624    26.1808     8.6300 0.0000e+00
     62.506     8.7607    33.7554  1026.4680     3.1873     5.5821     86.291    0.00111    6.46890    6.47348      8.722    -0.0323   11.66605   3.578265 2.5320e-11    26.1820    26.1810 1.0000e-12     63.000          1       2514    1484.82 3.9495e+00  52969.818    104.723 1532070392      -0.06      0.315   39.15716  -72.87880    33.9306  1026.4828    26.1968     8.7541 0.0000e+00
     63.505     9.0014    33.8341  1026.4961     3.1864     5.5574     86.133   -0.00037    6.45213    6.45650      8.726    -0.0277   11.63796   3.608745 2.5320e-11    26.2060    26.2049 1.0000e-12     64.000          1       2552    1485.82 3.9495e+00  53028.133    106.307 1532070394       0.15      0.616   39.15716  -72.87880    34.0203  1026.5192    26.2291     8.9946 0.0000e+00
     64.494     9.2344    33.9004  1026.5150     3.1824     5.5315     85.834   -0.00231    6.44442    6.44870      8.725    -0.0463   11.62500   3.636341 2.5055e-11    26.2208    26.2196 1.0000e-12     65.000          1       2587    1486.78 3.9495e+00  53071.715    107.759 1532070396       0.00      0.686   39.15714  -72.87880    34.0857  1026.5373    26.2430     9.2274 0.0000e+00
     65.488     9.3265    33.9265  1026.5250     3.1789     5.5143     85.652   -0.00304    6.43804    6.44224      8.722    -0.0213   11.61430   3.646640 2.5323e-11    26.2264    26.2252 1.0000e-12     66.000          1       2616    1487.16 3.9495e+00  53089.322    108.975 1532070397       0.13      0.767   39.15714  -72.87880    34.1047  1026.5416    26.2430     9.3193 0.0000e+00
     66.487     9.3504    33.9378  1026.5344     3.1755     5.5072     85.564   -0.00274    6.43632    6.44050      8.722    -0.0217   11.61142   3.649973 2.5320e-11    26.2313    26.2301 1.0000e-12     67.000          1       2644    1487.28 3.9495e+00  53100.726    110.139 1532070398      -0.01      0.874   39.15714  -72.87880    34.1161  1026.5511    26.2480     9.3431 0.0000e+00
     67.473     9.4203    33.9596  1026.5445     3.1719     5.4961     85.521   -0.00185    6.42660    6.43066      8.722    -0.0275   11.59509   3.658125 2.5168e-11    26.2370    26.2358 1.0000e-12     68.000          1       2691    1487.58 3.9495e+00  53117.297    112.080 1532070400      -0.18      0.526   39.15713  -72.87881    34.1337  1026.5579    26.2504     9.4129 0.0000e+00
     68.464     9.4483    33.9715  1026.5538     3.1701     5.4777     85.518   -0.00123    6.40532    6.40911      8.721    -0.0396   11.55950   3.661765 2.5320e-11    26.2418    26.2406 1.0000e-12     69.000          1       2739    1487.71 3.9495e+00  53128.825    114.101 1532070402       0.10      0.503   39.15712  -72.87882    34.1443  1026.5661    26.2541     9.4407 0.0000e+00
     69.453     9.5362    33.9971  1026.5637     3.1713     5.4929     85.787    0.00122    6.40296    6.40672 -9.990e-29    -0.0176   11.55552   3.673094 2.5320e-11    26.2474    26.2461 1.0000e-12     70.000          1       2778    1488.08 3.9495e+00  53147.070    115.726 1532070404       0.06      0.599   39.15712  -72.87882    34.1775  1026.5819    26.2656     9.5285 0.0000e+00
     70.447     9.6320    34.0193  1026.5698     3.1663     5.4581     85.260   -0.00294    6.40176    6.40551 -9.990e-29    -0.0243   11.55351   3.683554 2.5320e-11    26.2491    26.2478 1.0000e-12     71.000          1       2807    1488.47 3.9495e+00  53159.100    116.927 1532070405       0.18      0.762   39.15711  -72.87882    34.1941  1026.5835    26.2628     9.6241 0.0000e+00
     71.444     9.6443    34.0236  1026.5756     3.1648     5.4535     85.197   -0.00310    6.40107    6.40480      8.721    -0.0146   11.55233   3.684813 2.5320e-11    26.2504    26.2490 1.0000e-12     72.000          1       2833    1488.54 3.9495e+00  53163.150    118.002 1532070406       0.07      0.912   39.15710  -72.87883    34.1949  1026.5866    26.2614     9.6363 0.0000e+00
     72.438     9.6557    34.0286  1026.5821     3.1659     5.4783     85.547    0.00041    6.40386    6.40763      8.718    -0.0230   11.55696   3.686290 2.5149e-11    26.2524    26.2511 1.0000e-12     73.000          1       2867    1488.61 3.9495e+00  53168.523    119.418 1532070407      -0.19      0.779   39.15710  -72.87884    34.1988  1026.5923    26.2626     9.6476 0.0000e+00
     73.421     9.6508    34.0296  1026.5882     3.1669     5.4595     85.580    0.00032    6.37937    6.38283      8.716    -0.0380   11.51603   3.685525 2.5334e-11    26.2540    26.2527 1.0000e-12     74.000          1       2920    1488.60 3.9495e+00  53171.573    121.632 1532070409      -0.01      0.397   39.15709  -72.87884    34.1952  1026.5948    26.2606     9.6425 0.0000e+00
     74.416     9.6706    34.0384  1026.5963     3.1691     5.4710     85.781    0.00165    6.37792    6.38137      8.719    -0.0131   11.51355   3.689349 2.5320e-11    26.2576    26.2562 1.0000e-12     75.000          1       2957    1488.70 3.9495e+00  53180.512    123.163 1532070411       0.20      0.619   39.15708  -72.87884    34.2153  1026.6117    26.2730     9.6622 0.0000e+00
     75.411     9.7945    34.0653  1026.6010     3.1673     5.4550     85.522   -0.00078    6.37851    6.38197      8.716    -0.0150   11.51446   3.702953 2.5320e-11    26.2580    26.2566 1.0000e-12     76.000          1       2987    1489.20 3.9495e+00  53193.518    124.436 1532070412       0.03      0.778   39.15708  -72.87884    34.2372  1026.6125    26.2695     9.7860 0.0000e+00
     76.405     9.8163    34.0739  1026.6086     3.1659     5.4440     85.435   -0.00127    6.37213    6.37551      8.715    -0.0179   11.50374   3.705442 2.5320e-11    26.2612    26.2597 1.0000e-12     77.000          1       3022    1489.31 3.9495e+00  53201.910    125.888 1532070414      -0.08      0.713   39.15707  -72.87884    34.2417  1026.6168    26.2694     9.8077 0.0000e+00
     77.391     9.8141    34.0835  1026.6210     3.1684     5.4447     85.765    0.00150    6.34839    6.35148      8.716    -0.0281   11.46384   3.706320 2.5320e-11    26.2690    26.2676 1.0000e-12     78.000          1       3070    1489.33 3.9495e+00  53216.422    127.891 1532070416      -0.10      0.487   39.15706  -72.87884    34.2523  1026.6300    26.2780     9.8053 0.0000e+00
     78.380     9.8905    34.1077  1026.6314     3.1639     5.4113     85.267   -0.00262    6.34636    6.34944      8.717    -0.0343   11.46038   3.716693 2.5320e-11    26.2751    26.2736 1.0000e-12     79.000          1       3107    1489.65 3.9495e+00  53235.540    129.435 1532070417       0.32      0.585   39.15706  -72.87884    34.2859  1026.6476    26.2914     9.8816 0.0000e+00
     79.383     9.9949    34.1453  1026.6476     3.1632     5.4095     85.241   -0.00265    6.34612    6.34920      8.717    -0.0326   11.45998   3.729691 2.5320e-11    26.2870    26.2854 1.0000e-12     80.000          1       3132    1490.09 3.9495e+00  53268.193    130.449 1532070418       0.20      0.902   39.15704  -72.87884    34.3197  1026.6607    26.3001     9.9857 0.0000e+00
     80.373    10.0305    34.1647  1026.6611     3.1665     5.4222     85.644    0.00070    6.33114    6.33404      8.715    -0.0154   11.43475   3.734510 2.5320e-11    26.2960    26.2945 1.0000e-12     81.000          1       3209    1490.26 3.9495e+00  53288.798    133.683 1532070422       0.02      0.392   39.15704  -72.87886    34.3347  1026.6708    26.3058    10.0213 0.0000e+00
     81.357    10.1070    34.1985  1026.6788     3.1716     5.4219     85.916    0.00175    6.31073    6.31339      8.717    -0.0276   11.40047   3.745520 2.5320e-11    26.3094    26.3078 1.0000e-12     82.000          1       3301    1490.59 3.9495e+00  53321.696    137.486 1532070425       0.21      0.324   39.15702  -72.87886    34.3743  1026.6929    26.3235    10.0976 0.0000e+00
     82.359    10.2361    34.2433  1026.6960     3.1715     5.4141     85.744   -0.00022    6.31432    6.31703      8.714    -0.0216   11.40645   3.761398 2.5114e-11    26.3223    26.3207 1.0000e-12     83.000          1       3515    1491.12 3.9495e+00  53359.836    146.430 1532070434       0.05      0.420   39.15699  -72.87886    34.4133  1026.7054    26.3318    10.2265 0.0000e+00
