CalculateIndicators/WaterTemperature/Data/CTD_NYOS/NY1807C26.cnv
* Sea-Bird SBE 9 Data File:
* FileName = C:\Seabird 9 CTD\Data\2018\OffshoreCruise201807\NY1807C26.hex
* Software Version Seasave V 7.23.2
* Temperature SN = 4590
* Conductivity SN = 3228
* Number of Bytes Per Scan = 44
* Number of Voltage Words = 5
* Number of Scans Averaged by the Deck Unit = 1
* NMEA Latitude = 39 09.46 N
* NMEA Longitude = 072 52.71 W
* NMEA UTC (Time) = Jul 20 2018  07:03:44
* NMEA baud rate = 4800
** Ship: RV Seawolf
** Station: NY1807C26
** Operator: jdw
# nquan = 35
# nvalues = 166                         
# units = specified
# name 0 = depSM: Depth [salt water, m]
# name 1 = t090C: Temperature [ITS-90, deg C]
# name 2 = sal00: Salinity, Practical [PSU]
# name 3 = density00: Density [density, kg/m^3]
# name 4 = sbeox0V: Oxygen raw, SBE 43 [V]
# name 5 = sbeox0ML/L: Oxygen, SBE 43 [ml/l]
# name 6 = sbeox0PS: Oxygen, SBE 43 [% saturation]
# name 7 = sbox0dV/dT: Oxygen, SBE 43 [dov/dt]
# name 8 = oxsolML/L: Oxygen Saturation, Garcia & Gordon [ml/l]
# name 9 = oxsatML/L: Oxygen Saturation, Weiss [ml/l]
# name 10 = ph: pH
# name 11 = flECO-AFL: Fluorescence, WET Labs ECO-AFL/FL [mg/m^3]
# name 12 = n2satML/L: Nitrogen Saturation [ml/l]
# name 13 = c0S/m: Conductivity [S/m]
# name 14 = cpar: CPAR/Corrected Irradiance [%]
# name 15 = sigma-é00: Density [sigma-theta, kg/m^3]
# name 16 = sigma-t00: Density [sigma-t, kg/m^3 ]
# name 17 = par: PAR/Irradiance, Biospherical/Licor
# name 18 = prDM: Pressure, Digiquartz [db]
# name 19 = pumps: Pump Status
# name 20 = scan: Scan Count
# name 21 = svCM: Sound Velocity [Chen-Millero, m/s]
# name 22 = spar: SPAR, Biospherical/Licor
# name 23 = specc: Specific Conductance [uS/cm]
# name 24 = timeS: Time, Elapsed [seconds]
# name 25 = timeY: Time, System [seconds]
# name 26 = accM: Acceleration [m/s^2]
# name 27 = dz/dtM: Descent Rate [m/s]
# name 28 = latitude: Latitude [deg]
# name 29 = longitude: Longitude [deg]
# name 30 = gsw_saA0: Absolute Salinity [g/kg]
# name 31 = gsw_densityA0: density, TEOS-10 [density, kg/m^3]
# name 32 = gsw_sigma0A0: density, TEOS-10 [sigma-0, kg/m^3 ]
# name 33 = gsw_ptA0: potential temperature [ITS-90, deg C]
# name 34 = flag: flag
# span 0 =      0.985,     83.360       
# span 1 =     8.1483,    24.1613       
# span 2 =    33.2532,    34.2725       
# span 3 =  1022.3509,  1026.7046       
# span 4 =     3.1632,     4.3034       
# span 5 =     5.0998,     7.0877       
# span 6 =     85.197,    126.872       
# span 7 =   -0.13698,    0.14556       
# span 8 =    4.86201,    6.64900       
# span 9 =    4.85010,    6.65563       
# span 10 =      8.649,      8.981      
# span 11 =    -0.0463,     1.1337      
# span 12 =    9.00603,   11.97053      
# span 13 =   3.480950,   4.999883      
# span 14 = -5.409e+00, 1.5246e+01      
# span 15 =    22.3467,    26.3266      
# span 16 =    22.3467,    26.3249      
# span 17 = -2.136e-01, 6.0215e-01      
# span 18 =      1.000,     84.000      
# span 19 =          1,          1      
# span 20 =        269,      11669      
# span 21 =    1481.79,    1530.60      
# span 22 = 3.9495e+00, 3.9495e+00      
# span 23 =  50850.196,  53379.656      
# span 24 =     11.156,    486.167      
# span 25 = 1532070299, 1532070774      
# span 26 =      -0.45,       0.42      
# span 27 =     -1.014,      0.973      
# span 28 =   39.15595,   39.15751      
# span 29 =  -72.87927,  -72.87868      
# span 30 =    33.3684,    34.4263      
# span 31 =  1022.3524,  1026.7054      
# span 32 =    22.3481,    26.3318      
# span 33 =     8.1435,    24.1611      
# span 34 = 0.0000e+00, 0.0000e+00      
# interval = decibars: 1                
# start_time = Jul 20 2018 07:04:48 [System UTC, first data scan.]
# bad_flag = -9.990e-29
*END*
[from data line 83]
     82.359    10.2130    34.2395  1026.6971     3.1728     5.4363     85.794   -0.00008    6.33648    6.33946      8.698    -0.0241   11.44358   3.757638 2.5320e-11    26.3234    26.3217 1.0000e-12     83.000          1       4509    1491.04 3.9495e+00  53359.199    187.822 1532070476      -0.45     -0.254   39.15684  -72.87890    34.3970  1026.6968    26.3231    10.2033 0.0000e+00
     81.358    10.1572    34.2211  1026.6878     3.1700     5.4273     85.548   -0.00176    6.34409    6.34715      8.695    -0.0166   11.45648   3.750337 2.5320e-11    26.3185    26.3169 1.0000e-12     82.000          1       4540    1490.80 3.9495e+00  53343.473    189.118 1532070477      -0.05     -0.642   39.15683  -72.87890    34.3758  1026.6855    26.3162    10.1477 0.0000e+00
     80.371    10.0649    34.1927  1026.6771     3.1671     5.4309     85.460   -0.00151    6.35490    6.35808      8.693    -0.0277   11.47470   3.738863 2.5110e-11    26.3121    26.3105 1.0000e-12     81.000          1       4586    1490.41 3.9495e+00  53321.481    191.042 1532070479       0.05     -0.511   39.15682  -72.87890    34.3466  1026.6741    26.3092    10.0556 0.0000e+00
     79.378    10.0077    34.1629  1026.6591     3.1659     5.4415     85.471   -0.00072    6.36652    6.36985      8.691    -0.0310   11.49424   3.730609 2.5161e-11    26.2985    26.2970 1.0000e-12     80.000          1       4631    1490.16 3.9495e+00  53290.058    192.930 1532070481       0.00     -0.532   39.15682  -72.87890    34.3169  1026.6564    26.2958     9.9985 0.0000e+00
     78.390     9.9392    34.1300  1026.6406     3.1652     5.4498     85.468   -0.00036    6.37637    6.37981      8.688    -0.0378   11.51083   3.720944 2.5324e-11    26.2844    26.2828 1.0000e-12     79.000          1       4673    1489.85 3.9495e+00  53257.159    194.649 1532070482      -0.10     -0.559   39.15680  -72.87890    34.2833  1026.6374    26.2812     9.9302 0.0000e+00
     77.393     9.8860    34.1153  1026.6336     3.1667     5.4571     85.585    0.00048    6.37624    6.37967      8.687    -0.0186   11.51065   3.714307 2.5320e-11    26.2818    26.2803 1.0000e-12     78.000          1       4703    1489.63 3.9495e+00  53246.319    195.902 1532070484      -0.14     -0.751   39.15680  -72.87892    34.2662  1026.6286    26.2768     9.8771 0.0000e+00
     76.399     9.8291    34.0923  1026.6208     3.1684     5.4705     85.732    0.00153    6.38092    6.38442      8.687    -0.0206   11.51844   3.707031 2.5320e-11    26.2734    26.2719 1.0000e-12     77.000          1       4734    1489.38 3.9495e+00  53225.244    197.209 1532070485       0.06     -0.793   39.15680  -72.87891    34.2459  1026.6179    26.2705     9.8204 0.0000e+00
     75.408     9.8186    34.0856  1026.6128     3.1681     5.4740     85.572   -0.00016    6.39695    6.40065      8.688    -0.0202   11.54526   3.705526 2.5320e-11    26.2699    26.2685 1.0000e-12     76.000          1       4779    1489.31 3.9495e+00  53217.204    199.099 1532070487       0.14     -0.543   39.15680  -72.87890    34.2409  1026.6113    26.2684     9.8100 0.0000e+00
     74.420     9.7189    34.0649  1026.6089     3.1695     5.4851     85.693    0.00087    6.40083    6.40457      8.687    -0.0147   11.55181   3.693705 2.5320e-11    26.2704    26.2690 1.0000e-12     75.000          1       4830    1488.91 3.9495e+00  53208.062    201.219 1532070489      -0.10     -0.462   39.15678  -72.87891    34.2143  1026.6028    26.2642     9.7105 0.0000e+00
     73.429     9.6772    34.0510  1026.6005     3.1717     5.4952     85.817    0.00150    6.40336    6.40713 -9.990e-29    -0.0173   11.55611   3.688918 2.5320e-11    26.2664    26.2650 1.0000e-12     74.000          1       4867    1488.73 3.9495e+00  53195.880    202.747 1532070491      -0.10     -0.631   39.15678  -72.87892    34.2050  1026.5981    26.2639     9.6690 0.0000e+00
     72.432     9.6656    34.0436  1026.5922     3.1735     5.4991     85.892    0.00171    6.40237    6.40613 -9.990e-29    -0.0364   11.55447   3.687053 2.5320e-11    26.2625    26.2612 1.0000e-12     73.000          1       4896    1488.66 3.9495e+00  53187.652    203.958 1532070492      -0.13     -0.777   39.15678  -72.87892    34.1973  1026.5895    26.2598     9.6574 0.0000e+00
     71.438     9.6473    34.0350  1026.5839     3.1733     5.4962     85.744    0.00017    6.40999    6.41385      8.684    -0.0231   11.56713   3.684730 2.5320e-11    26.2588    26.2574 1.0000e-12     72.000          1       4932    1488.57 3.9495e+00  53178.596    205.468 1532070493       0.17     -0.714   39.15678  -72.87892    34.1911  1026.5832    26.2580     9.6393 0.0000e+00
     70.454     9.6494    34.0332  1026.5777     3.1709     5.4966     85.526   -0.00131    6.42686    6.43092      8.683    -0.0339   11.59543   3.684742 2.5320e-11    26.2570    26.2557 1.0000e-12     71.000          1       4981    1488.55 3.9495e+00  53174.971    207.483 1532070495      -0.08     -0.446   39.15676  -72.87892    34.1897  1026.5772    26.2566     9.6415 0.0000e+00
     69.455     9.5766    34.0242  1026.5783     3.1717     5.5141     85.656   -0.00014    6.43743    6.44164      8.680    -0.0360   11.61308   3.676543 2.5320e-11    26.2620    26.2607 1.0000e-12     70.000          1       5013    1488.26 3.9495e+00  53176.638    208.847 1532070497      -0.13     -0.694   39.15676  -72.87892    34.1748  1026.5731    26.2569     9.5688 0.0000e+00
     68.462     9.4764    33.9917  1026.5649     3.1710     5.5144     85.626   -0.00013    6.44009    6.44432 -9.990e-29    -0.0281   11.61764   3.664110 2.5320e-11    26.2530    26.2518 1.0000e-12     69.000          1       5059    1487.84 3.9495e+00  53151.391    210.742 1532070499       0.15     -0.548   39.15675  -72.87892    34.1419  1026.5596    26.2477     9.4688 0.0000e+00
     67.475     9.3991    33.9637  1026.5513     3.1713     5.5190     85.657    0.00024    6.44320    6.44747      8.678    -0.0210   11.62285   3.654784 2.5320e-11    26.2437    26.2425 1.0000e-12     68.000          1       5126    1487.51 3.9495e+00  53127.595    213.523 1532070501      -0.09     -0.338   39.15674  -72.87892    34.1192  1026.5501    26.2426     9.3917 0.0000e+00
     66.480     9.3945    33.9609  1026.5452     3.1719     5.5243     85.679    0.00032    6.44767    6.45199      8.677    -0.0276   11.63034   3.654066 2.5320e-11    26.2422    26.2410 1.0000e-12     67.000          1       5179    1487.47 3.9495e+00  53123.982    215.747 1532070504       0.01     -0.449   39.15673  -72.87892    34.1166  1026.5443    26.2412     9.3872 0.0000e+00
     65.490     9.3462    33.9487  1026.5391     3.1721     5.5358     85.650   -0.00007    6.46326    6.46779      8.676    -0.0276   11.65645   3.648388 2.5320e-11    26.2405    26.2394 1.0000e-12     66.000          1       5269    1487.26 3.9495e+00  53116.387    219.482 1532070507       0.01     -0.215   39.15672  -72.87892    34.1041  1026.5380    26.2394     9.3390 0.0000e+00
     64.493     9.2745    33.9248  1026.5275     3.1718     5.5425     85.627   -0.00025    6.47289    6.47753      8.672    -0.0274   11.67262   3.639049 2.5320e-11    26.2334    26.2322 1.0000e-12     65.000          1       5355    1486.96 3.9495e+00  53097.372    223.074 1532070511      -0.08     -0.466   39.15672  -72.87893    34.0757  1026.5230    26.2288     9.2674 0.0000e+00
     63.497     9.2610    33.9185  1026.5203     3.1683     5.5593     85.249   -0.00316    6.52128    6.52656      8.664    -0.0229   11.75344   3.636923 2.5320e-11    26.2306    26.2295 1.0000e-12     64.000          1       6356    1486.88 3.9495e+00  53090.891    264.801 1532070553      -0.12     -0.622   39.15657  -72.87898    34.0668  1026.5137    26.2240     9.2541 0.0000e+00
     62.517     8.9043    33.8395  1026.5114     3.1679     5.6184     85.544    0.00035    6.56790    6.57374      8.657    -0.0275   11.83191   3.595792 2.5320e-11    26.2256    26.2246 1.0000e-12     63.000          1       6512    1485.45 3.9495e+00  53055.950    271.312 1532070559       0.10     -0.338   39.15656  -72.87900    33.9779  1026.4970    26.2113     8.8976 0.0000e+00
     61.525     8.7396    33.7609  1026.4712     3.1708     5.6366     85.721    0.00129    6.57555    6.58146 -9.990e-29    -0.0402   11.84505   3.573556 2.5320e-11    26.1897    26.1887 1.0000e-12     62.000          1       6552    1484.73 3.9495e+00  52982.066    272.975 1532070561      -0.27     -0.580   39.15655  -72.87900    33.9017  1026.4590    26.1776     8.7331 0.0000e+00
     60.528     8.5866    33.7172  1026.4561     3.1774     5.6720     86.274    0.00494    6.57446    6.58036 -9.990e-29    -0.0398   11.84328   3.554915 2.5320e-11    26.1790    26.1780 1.0000e-12     61.000          1       6579    1484.09 3.9495e+00  52954.730    274.097 1532070562      -0.14     -0.832   39.15654  -72.87900    33.8516  1026.4392    26.1620     8.5804 0.0000e+00
     59.534     8.5465    33.6785  1026.4275     3.1854     5.7012     86.710    0.00669    6.57512    6.58102 -9.990e-29    -0.0256   11.84444   3.548451 2.5320e-11    26.1549    26.1539 1.0000e-12     60.000          1       6607    1483.88 3.9495e+00  52907.829    275.257 1532070563       0.02     -0.876   39.15654  -72.87900    33.8221  1026.4178    26.1452     8.5404 0.0000e+00
     58.539     8.5569    33.6685  1026.4135     3.1912     5.7007     86.701    0.00442    6.57507    6.58096 -9.990e-29    -0.0349   11.84438   3.548848 2.5320e-11    26.1454    26.1445 1.0000e-12     59.000          1       6644    1483.89 3.9495e+00  52890.773    276.798 1532070565       0.18     -0.708   39.15654  -72.87900    33.8169  1026.4075    26.1394     8.5508 0.0000e+00
     57.557     8.5566    33.6590  1026.4016     3.1975     5.7014     86.691    0.00208    6.57665    6.58255 -9.990e-29    -0.0222   11.84714   3.548255 2.5320e-11    26.1380    26.1371 1.0000e-12     58.000          1       6709    1483.86 3.9495e+00  52876.667    279.488 1532070567      -0.04     -0.288   39.15652  -72.87901    33.8113  1026.3987    26.1351     8.5507 0.0000e+00
     56.566     8.5538    33.6556  1026.3948     3.1982     5.6944     86.568    0.00059    6.57797    6.58387 -9.990e-29 -9.990e-29   11.84965   3.547694 2.5320e-11    26.1358    26.1349 1.0000e-12     57.000          1       6746    1483.83 3.9495e+00  52871.950    281.026 1532070569      -0.26     -0.599   39.15652  -72.87902    33.8085  1026.3924    26.1334     8.5479 0.0000e+00
     55.568     8.5509    33.6516  1026.3876     3.1998     5.6987     86.641    0.00088    6.57739    6.58326 -9.990e-29 -9.990e-29   11.84886   3.547161 2.5320e-11    26.1331    26.1322 1.0000e-12     56.000          1       6770    1483.79 3.9495e+00  52866.292    282.029 1532070570      -0.26     -0.875   39.15652  -72.87902    33.8061  1026.3865    26.1320     8.5451 0.0000e+00
     54.569     8.5480    33.6358  1026.3710     3.1997     5.7121     86.659    0.00104    6.59153    6.59755 -9.990e-29 -9.990e-29   11.87287   3.545187 2.5320e-11    26.1210    26.1202 1.0000e-12     55.000          1       6794    1483.75 3.9495e+00  52843.835    283.043 1532070571      -0.00     -1.014   39.15652  -72.87902    33.7884  1026.3685    26.1186     8.5424 0.0000e+00
     53.579     8.5467    33.6083  1026.3451     3.1970     5.6968     86.332   -0.00150    6.59875    6.60486      8.657    -0.0319   11.88503   3.542316 2.5320e-11    26.0997    26.0989 1.0000e-12     54.000          1       6832    1483.69 3.9495e+00  52804.771    284.605 1532070572       0.23     -0.722   39.15651  -72.87902    33.7597  1026.3418    26.0963     8.5412 0.0000e+00
     52.599     8.4271    33.5277  1026.2958     3.2088     5.7798     87.416    0.00612    6.61182    6.61807      8.658    -0.0348   11.90720   3.523885 2.5320e-11    26.0547    26.0539 1.0000e-12     53.000          1       6898    1483.13 3.9495e+00  52717.530    287.359 1532070575      -0.04     -0.256   39.15650  -72.87902    33.6791  1026.2926    26.0516     8.4217 0.0000e+00
     51.599     8.4041    33.5178  1026.2870     3.2118     5.7710     87.222    0.00285    6.61647    6.62278      8.655    -0.0398   11.91510   3.520743 2.5320e-11    26.0504    26.0496 1.0000e-12     52.000          1       6929    1483.02 3.9495e+00  52708.379    288.668 1532070576      -0.36     -0.658   39.15650  -72.87902    33.6681  1026.2830    26.0464     8.3989 0.0000e+00
     50.603     8.3711    33.4917  1026.2669     3.2154     5.7844     87.327    0.00265    6.62384    6.63022      8.655    -0.0179   11.92770   3.515230 2.5320e-11    26.0349    26.0341 1.0000e-12     51.000          1       6959    1482.84 3.9495e+00  52678.141    289.933 1532070578       0.07     -0.829   39.15650  -72.87902    33.6415  1026.2627    26.0306     8.3660 0.0000e+00
     49.618     8.3322    33.4697  1026.2511     3.2212     5.8072     87.593    0.00340    6.62982    6.63627      8.655    -0.0148   11.93779   3.509684 2.5320e-11    26.0235    26.0227 1.0000e-12     50.000          1       6998    1482.65 3.9495e+00  52655.591    291.555 1532070579       0.05     -0.607   39.15648  -72.87902    33.6202  1026.2474    26.0198     8.3271 0.0000e+00
     48.618     8.2751    33.4277  1026.2222     3.2299     5.8456     88.075    0.00525    6.63698    6.64351      8.654    -0.0255   11.94991   3.500291 2.5320e-11    25.9991    25.9983 1.0000e-12     49.000          1       7038    1482.37 3.9495e+00  52608.836    293.198 1532070581       0.09     -0.618   39.15648  -72.87902    33.5751  1026.2163    25.9932     8.2702 0.0000e+00
     47.628     8.2063    33.3596  1026.1745     3.2447     5.8481     87.973   -0.00149    6.64770    6.65430      8.651     0.0155   11.96856   3.489301 2.5320e-11    25.9559    25.9552 1.0000e-12     48.000          1       7563    1482.01 3.9495e+00  52527.801    315.096 1532070603      -0.17     -0.362   39.15642  -72.87906    33.5240  1026.1820    25.9634     8.2015 0.0000e+00
     46.640     8.1697    33.3106  1026.1370     3.2533     5.8601     88.271   -0.00119    6.63872    6.64517      8.649     0.0296   11.95395   3.480950 2.5320e-11    25.9228    25.9222 1.0000e-12     47.000          1       7917    1481.79 3.9495e+00  52466.223    329.826 1532070618      -0.01     -0.583   39.15638  -72.87908    33.4704  1026.1411    25.9269     8.1650 0.0000e+00
     45.646     8.1977    33.3045  1026.1235     3.2557     5.8795     88.564    0.00126    6.63870    6.64514      8.649     0.0564   11.95394   3.482979 2.5320e-11    25.9139    25.9133 1.0000e-12     46.000          1       7947    1481.88 3.9495e+00  52450.549    331.102 1532070619      -0.05     -0.646   39.15636  -72.87908    33.4657  1026.1287    25.9192     8.1932 0.0000e+00
     44.655     8.2354    33.2948  1026.1057     3.2600     5.8968     88.840    0.00276    6.63757    6.64398      8.649     0.0566   11.95218   3.485360 2.5320e-11    25.9007    25.9001 1.0000e-12     45.000          1       7985    1481.99 3.9495e+00  52426.972    332.675 1532070621       0.02     -0.636   39.15636  -72.87908    33.4557  1026.1107    25.9058     8.2309 0.0000e+00
     43.662     8.2324    33.2939  1026.1008     3.2636     5.8884     88.926    0.00256    6.62171    6.62788      8.650     0.0684   11.92605   3.484823 2.5320e-11    25.9004    25.8997 1.0000e-12     44.000          1       8019    1481.96 3.9495e+00  52425.789    334.079 1532070622      -0.08     -0.690   39.15636  -72.87908    33.4533  1026.1047    25.9043     8.2280 0.0000e+00
     42.667     8.2388    33.2862  1026.0893     3.2677     5.8989     89.090    0.00287    6.62131    6.62749      8.652     0.0816   11.92528   3.484834 2.5320e-11    25.8934    25.8928 1.0000e-12     43.000          1       8053    1481.96 3.9495e+00  52412.895    335.486 1532070623       0.04     -0.727   39.15636  -72.87908    33.4478  1026.0949    25.8991     8.2345 0.0000e+00
