CalculateIndicators/WaterTemperature/Data/CTD_NYOS/NY1807C05.cnv
* Sea-Bird SBE 9 Data File:
* FileName = C:\Seabird 9 CTD\Data\2018\OffshoreCruise201807\NY1807C05.hex
* Software Version Seasave V 7.23.2
* Temperature SN = 4590
* Conductivity SN = 3228
* Number of Bytes Per Scan = 44
* Number of Voltage Words = 5
* Number of Scans Averaged by the Deck Unit = 1
* NMEA Latitude = 39 39.66 N
* NMEA Longitude = 072 01.59 W
* NMEA UTC (Time) = Jul 15 2018  17:16:33
* NMEA baud rate = 4800
** Ship: RV Seawolf
** Station: NY1807C05
** Operator: AJB
# nquan = 35
# nvalues = 338                         
# units = specified
# name 0 = depSM: Depth [salt water, m]
# name 1 = t090C: Temperature [ITS-90, deg C]
# name 2 = sal00: Salinity, Practical [PSU]
# name 3 = density00: Density [density, kg/m^3]
# name 4 = sbeox0V: Oxygen raw, SBE 43 [V]
# name 5 = sbeox0ML/L: Oxygen, SBE 43 [ml/l]
# name 6 = sbeox0PS: Oxygen, SBE 43 [% saturation]
# name 7 = sbox0dV/dT: Oxygen, SBE 43 [dov/dt]
# name 8 = oxsolML/L: Oxygen Saturation, Garcia & Gordon [ml/l]
# name 9 = oxsatML/L: Oxygen Saturation, Weiss [ml/l]
# name 10 = ph: pH
# name 11 = flECO-AFL: Fluorescence, WET Labs ECO-AFL/FL [mg/m^3]
# name 12 = n2satML/L: Nitrogen Saturation [ml/l]
# name 13 = c0S/m: Conductivity [S/m]
# name 14 = cpar: CPAR/Corrected Irradiance [%]
# name 15 = sigma-é00: Density [sigma-theta, kg/m^3]
# name 16 = sigma-t00: Density [sigma-t, kg/m^3 ]
# name 17 = par: PAR/Irradiance, Biospherical/Licor
# name 18 = prDM: Pressure, Digiquartz [db]
# name 19 = pumps: Pump Status
# name 20 = scan: Scan Count
# name 21 = svCM: Sound Velocity [Chen-Millero, m/s]
# name 22 = spar: SPAR, Biospherical/Licor
# name 23 = specc: Specific Conductance [uS/cm]
# name 24 = timeS: Time, Elapsed [seconds]
# name 25 = timeY: Time, System [seconds]
# name 26 = accM: Acceleration [m/s^2]
# name 27 = dz/dtM: Descent Rate [m/s]
# name 28 = latitude: Latitude [deg]
# name 29 = longitude: Longitude [deg]
# name 30 = gsw_saA0: Absolute Salinity [g/kg]
# name 31 = gsw_densityA0: density, TEOS-10 [density, kg/m^3]
# name 32 = gsw_sigma0A0: density, TEOS-10 [sigma-0, kg/m^3 ]
# name 33 = gsw_ptA0: potential temperature [ITS-90, deg C]
# name 34 = flag: flag
# span 0 =      0.981,    168.652       
# span 1 =     8.9019,    22.1066       
# span 2 =    33.3051,    35.4819       
# span 3 =  1022.9117,  1027.6911       
# span 4 =     2.6390,     4.1249       
# span 5 =     4.0687,     6.8063       
# span 6 =     67.685,    118.723       
# span 7 =   -0.03876,    0.02553       
# span 8 =    5.02961,    6.51572       
# span 9 =    5.01841,    6.52089       
# span 10 =      8.612,      8.888      
# span 11 =    -0.0744,     0.7287      
# span 12 =    9.28541,   11.74456      
# span 13 =   3.592597,   4.845401      
# span 14 = 4.7487e-14, 3.4089e+01      
# span 15 =    22.9031,    26.9348      
# span 16 =    22.9030,    26.9305      
# span 17 = 1.0000e-12, 6.1927e+02      
# span 18 =      1.000,    170.000      
# span 19 =          1,          1      
# span 20 =       1013,      46733      
# span 21 =    1485.61,    1525.68      
# span 22 = 9.1276e+02, 2.1296e+03      
# span 23 =  50844.434,  54788.017      
# span 24 =     42.156,   1947.187      
# span 25 = 1531675051, 1531676956      
# span 26 =      -0.50,       0.84      
# span 27 =     -0.813,      0.796      
# span 28 =   39.65518,   39.66095      
# span 29 =  -72.02638,  -72.02299      
# span 30 =    33.4701,    35.6502      
# span 31 =  1022.9198,  1027.6957      
# span 32 =    22.9112,    26.9395      
# span 33 =     8.8938,    22.1062      
# span 34 = 0.0000e+00, 0.0000e+00      
# interval = decibars: 1                
# start_time = Jul 15 2018 17:16:49 [System UTC, first data scan.]
# bad_flag = -9.990e-29
*END*
[from data line 83]
     83.343    10.0536    34.1839  1026.6857     3.1716     5.4364     86.079    0.00347    6.31577    6.31849      8.652    -0.0254   11.40888   3.739246 5.1366e-03    26.3072    26.3056 1.0837e-01     84.000          1       9464    1490.41 2.1101e+03  53313.143    394.278 1531675403       0.14      0.271   39.65989  -72.02566    34.3601  1026.7001    26.3216    10.0440 0.0000e+00
     84.332    10.2341    34.2449  1026.7066     3.1854     5.4514     86.656    0.00456    6.29079    6.29321      8.660    -0.0249   11.36700   3.762842 4.3520e-03    26.3240    26.3223 9.0624e-02     85.000          1       9540    1491.15 2.0819e+03  53363.811    397.460 1531675407       0.15      0.543   39.65988  -72.02564    34.4292  1026.7271    26.3445    10.2242 0.0000e+00
     85.330    10.3885    34.2925  1026.7213     3.1861     5.4267     86.294   -0.00013    6.28856    6.29095      8.660    -0.0222   11.36319   3.780910 3.8924e-03    26.3345    26.3328 8.1035e-02     86.000          1       9605    1491.77 2.0825e+03  53401.212    400.169 1531675409       0.19      0.452   39.65987  -72.02564    34.4662  1026.7335    26.3467    10.3784 0.0000e+00
     86.327    10.4246    34.3079  1026.7315     3.1891     5.4235     86.496    0.00099    6.27035    6.27254      8.660    -0.0239   11.33250   3.786335 2.7639e-03    26.3402    26.3385 5.8803e-02     87.000          1       9684    1491.94 2.1296e+03  53416.043    403.446 1531675413       0.29      0.575   39.65986  -72.02564    34.4866  1026.7475    26.3563    10.4143 0.0000e+00
     87.313    10.7571    34.4463  1026.7846     3.1957     5.3609     86.605   -0.00040    6.19003    6.19129      8.664    -0.0104   11.19720   3.833558 2.7270e-03    26.3895    26.3877 5.7413e-02     88.000          1       9782    1493.30 2.1052e+03  53548.254    407.545 1531675417       0.30      0.489   39.65986  -72.02562    34.6482  1026.8182    26.4232    10.7466 0.0000e+00
     88.299    11.1105    34.5965  1026.8420     3.1772     5.2851     85.472   -0.00649    6.18347    6.18467      8.666    -0.0211   11.18586   3.879576 2.6289e-03    26.4433    26.4413 5.4952e-02     89.000          1       9868    1494.74 2.0868e+03  53693.736    411.110 1531675420       0.08      0.277   39.65984  -72.02562    34.7756  1026.8576    26.4589    11.0996 0.0000e+00
     89.302    11.0989    34.6032  1026.8538     3.1679     5.2746     85.326   -0.00430    6.18169    6.18287      8.665    -0.0319   11.18284   3.878900 1.6771e-03    26.4506    26.4485 3.4636e-02     90.000          1       9928    1494.72 2.0647e+03  53705.735    413.639 1531675423       0.27      0.548   39.65984  -72.02562    34.7792  1026.8669    26.4637    11.0878 0.0000e+00
     90.290    11.1116    34.6126  1026.8633     3.1580     5.2504     84.922   -0.00511    6.18265    6.18385 -9.990e-29    -0.0235   11.18446   3.880638 7.3127e-04    26.4556    26.4536 1.5357e-02     91.000          1      10014    1494.80 2.0947e+03  53717.220    417.225 1531675426       0.64      0.521   39.65984  -72.02560    34.7841  1026.8729    26.4652    11.1004 0.0000e+00
     91.284    11.1273    34.6249  1026.8746     3.1528     5.2421     84.927   -0.00294    6.17249    6.17359      8.660    -0.0201   11.16699   3.883390 8.2752e-04    26.4624    26.4604 1.7312e-02     92.000          1      10103    1494.88 2.0972e+03  53732.091    420.912 1531675430       0.29      0.573   39.65982  -72.02560    34.7963  1026.8840    26.4719    11.1159 0.0000e+00
     92.278    11.1681    34.6688  1026.9057     3.1419     5.1945     84.219   -0.00704    6.16780    6.16887      8.660    -0.0269   11.15892   3.891753 6.3186e-04    26.4892    26.4871 1.3265e-02     93.000          1      10162    1495.09 2.0997e+03  53786.742    423.382 1531675432       0.04      0.694   39.65982  -72.02559    34.8408  1026.9154    26.4989    11.1566 0.0000e+00
     93.265    11.1941    34.7001  1026.9297     3.1253     5.1673     83.843   -0.00458    6.16307    6.16409 -9.990e-29    -0.0316   11.15074   3.897053 5.5605e-04    26.5088    26.5067 1.1768e-02     94.000          1      10263    1495.24 2.1169e+03  53826.142    427.565 1531675437       0.18      0.404   39.65980  -72.02558    34.8686  1026.9366    26.5158    11.1825 0.0000e+00
     94.254    11.2151    34.7228  1026.9479     3.1131     5.1415     83.461   -0.00412    6.16034    6.16135      8.659    -0.0352   11.14605   3.901309 4.6010e-04    26.5226    26.5205 9.6254e-03     95.000          1      10334    1495.36 2.0918e+03  53854.570    430.561 1531675440      -0.03      0.345   39.65980  -72.02558    34.8908  1026.9544    26.5292    11.2033 0.0000e+00
     95.245    11.2329    34.7406  1026.9630     3.1050     5.1346     83.364   -0.00188    6.15930    6.16030      8.658    -0.0306   11.14422   3.904759 4.5301e-04    26.5333    26.5311 9.4571e-03     96.000          1      10410    1495.46 2.0869e+03  53876.866    433.715 1531675443       0.07      0.314   39.65979  -72.02558    34.9080  1026.9689    26.5392    11.2209 0.0000e+00
     96.238    11.2376    34.7499  1026.9739     3.0990     5.1203     83.139   -0.00214    6.15867    6.15967      8.656    -0.0277   11.14310   3.906099 1.6699e-04    26.5397    26.5375 3.5374e-03     97.000          1      10488    1495.50 2.1159e+03  53889.605    436.952 1531675446      -0.00      0.303   39.65978  -72.02558    34.9163  1026.9790    26.5449    11.2256 0.0000e+00
     97.230    11.2421    34.7609  1026.9861     3.0890     5.0957     82.764   -0.00258    6.15691    6.15789 -9.990e-29    -0.0283   11.13999   3.907663 1.7601e-05    26.5475    26.5452 3.6937e-04     98.000          1      10585    1495.54 2.0819e+03  53904.679    440.986 1531675450       0.18      0.292   39.65976  -72.02556    34.9273  1026.9912    26.5526    11.2299 0.0000e+00
     98.219    11.2473    34.7726  1026.9987     3.0851     5.0951     82.763   -0.00097    6.15622    6.15720 -9.990e-29    -0.0411   11.13881   3.909357 2.6086e-07    26.5556    26.5534 5.1608e-06     99.000          1      10654    1495.59 2.0794e+03  53920.636    443.877 1531675453       0.02      0.333   39.65976  -72.02556    34.9387  1027.0035    26.5605    11.2350 0.0000e+00
     99.214    11.2547    34.7792  1027.0069     3.0809     5.0826     82.615   -0.00109    6.15212    6.15306 -9.990e-29    -0.0322   11.13182   3.910756 3.0422e-08    26.5594    26.5571 6.2652e-07    100.000          1      10760    1495.64 2.0937e+03  53929.096    448.301 1531675457       0.10      0.270   39.65975  -72.02556    34.9452  1027.0117    26.5642    11.2423 0.0000e+00
    100.207    11.2808    34.7970  1027.0205     3.0771     5.0668     82.390   -0.00232    6.14976    6.15067 -9.990e-29    -0.0332   11.12781   3.915303 4.8159e-14    26.5686    26.5662 1.0000e-12    101.000          1      10834    1495.77 2.0767e+03  53949.935    451.389 1531675460       0.31      0.406   39.65974  -72.02556    34.9654  1027.0270    26.5751    11.2682 0.0000e+00
    101.198    11.2959    34.8056  1027.0288     3.0742     5.0652     82.375   -0.00138    6.14896    6.14986 -9.990e-29    -0.0398   11.12644   3.917444 4.8097e-14    26.5724    26.5701 1.0000e-12    102.000          1      10920    1495.85 2.0793e+03  53959.743    454.972 1531675464       0.27      0.317   39.65974  -72.02555    34.9720  1027.0338    26.5774    11.2832 0.0000e+00
    102.192    11.3006    34.8085  1027.0347     3.0750     5.0742     82.524    0.00005    6.14872    6.14962 -9.990e-29    -0.0366   11.12604   3.918164 4.7506e-14    26.5739    26.5715 1.0000e-12    103.000          1      11016    1495.89 2.1049e+03  53963.558    458.959 1531675468       0.24      0.447   39.65972  -72.02554    34.9742  1027.0391    26.5783    11.2878 0.0000e+00
    103.184    11.3013    34.8092  1027.0396     3.0750     5.0754     82.551    0.00023    6.14827    6.14916 -9.990e-29    -0.0297   11.12527   3.918339 4.7487e-14    26.5743    26.5719 1.0000e-12    104.000          1      11093    1495.91 2.1058e+03  53964.998    462.165 1531675471      -0.08      0.517   39.65972  -72.02554    34.9749  1027.0440    26.5787    11.2883 0.0000e+00
    104.172    11.3044    34.8108  1027.0448     3.0728     5.0632     82.358   -0.00135    6.14783    6.14872      8.655    -0.0359   11.12453   3.918835 4.7929e-14    26.5750    26.5726 1.0000e-12    105.000          1      11196    1495.94 2.0865e+03  53967.336    466.453 1531675475       0.05      0.200   39.65970  -72.02552    34.9764  1027.0491    26.5794    11.2913 0.0000e+00
    105.163    11.3060    34.8120  1027.0499     3.0712     5.0689     82.459    0.00048    6.14717    6.14806      8.655    -0.0348   11.12342   3.919152 4.9238e-14    26.5757    26.5732 1.0000e-12    106.000          1      11298    1495.96 2.0310e+03  53969.316    470.689 1531675480       0.19      0.279   39.65969  -72.02552    34.9777  1027.0542    26.5800    11.2928 0.0000e+00
    106.156    11.3110    34.8137  1027.0548     3.0736     5.0738     82.546    0.00039    6.14654    6.14742      8.655    -0.0420   11.12235   3.919832 4.9761e-14    26.5761    26.5737 1.0000e-12    107.000          1      11375    1496.00 2.0096e+03  53971.467    473.920 1531675483      -0.05      0.279   39.65968  -72.02552    34.9793  1027.0590    26.5804    11.2976 0.0000e+00
    107.148    11.3158    34.8163  1027.0604     3.0725     5.0678     82.459   -0.00032    6.14581    6.14669      8.655    -0.0438   11.12113   3.920630 5.0078e-14    26.5773    26.5748 1.0000e-12    108.000          1      11461    1496.03 1.9970e+03  53974.873    477.490 1531675486       0.10      0.296   39.65968  -72.02552    34.9822  1027.0649    26.5818    11.3023 0.0000e+00
    108.146    11.3185    34.8178  1027.0656     3.0718     5.0654     82.433   -0.00046    6.14480    6.14567      8.655    -0.0390   11.11941   3.921036 4.9935e-14    26.5780    26.5754 1.0000e-12    109.000          1      11544    1496.06 2.0027e+03  53977.089    480.942 1531675490       0.31      0.498   39.65966  -72.02550    34.9832  1027.0697    26.5821    11.3049 0.0000e+00
    109.131    11.3473    34.8360  1027.0789     3.0713     5.0505     82.327   -0.00167    6.13469    6.13545      8.654    -0.0387   11.10224   3.926288 5.0736e-14    26.5869    26.5843 1.0000e-12    110.000          1      11640    1496.20 1.9711e+03  53997.893    484.941 1531675494       0.50      0.296   39.65966  -72.02550    35.0078  1027.0878    26.5959    11.3335 0.0000e+00
    110.133    11.4266    34.8825  1027.1047     3.0619     5.0137     81.795   -0.00429    6.12954    6.13024 -9.990e-29    -0.0382   11.09347   3.938528 5.1237e-14    26.6084    26.6058 1.0000e-12    111.000          1      11724    1496.55 1.9517e+03  54049.366    488.468 1531675497       0.33      0.601   39.65965  -72.02549    35.0538  1027.1131    26.6169    11.4127 0.0000e+00
    111.119    11.4517    34.8966  1027.1154     3.0547     5.0068     81.742   -0.00189    6.12506    6.12571 -9.990e-29    -0.0339   11.08586   3.942100 5.1180e-14    26.6147    26.6121 1.0000e-12    112.000          1      11814    1496.67 1.9539e+03  54065.109    492.210 1531675501      -0.09      0.436   39.65964  -72.02548    35.0650  1027.1215    26.6210    11.4376 0.0000e+00
    112.106    11.4587    34.9027  1027.1233     3.0571     5.0247     82.051    0.00081    6.12391    6.12455 -9.990e-29    -0.0390   11.08390   3.943293 5.0783e-14    26.6182    26.6156 1.0000e-12    113.000          1      11919    1496.71 1.9692e+03  54072.980    496.596 1531675506       0.11      0.245   39.65962  -72.02548    35.0698  1027.1284    26.6234    11.4444 0.0000e+00
    113.099    11.4704    34.9108  1027.1319     3.0536     5.0064     81.808   -0.00084    6.11977    6.12037      8.654    -0.0431   11.07685   3.945300 5.0128e-14    26.6224    26.6197 1.0000e-12    114.000          1      12019    1496.78 1.9949e+03  54082.842    500.753 1531675510       0.01      0.226   39.65962  -72.02547    35.0781  1027.1372    26.6277    11.4560 0.0000e+00
    114.088    11.4909    34.9244  1027.1430     3.0489     4.9869     81.569   -0.00189    6.11372    6.11427      8.653    -0.0529   11.06659   3.948780 5.0761e-14    26.6291    26.6264 1.0000e-12    115.000          1      12106    1496.88 1.9700e+03  54098.757    504.388 1531675513       0.06      0.287   39.65960  -72.02546    35.0928  1027.1492    26.6353    11.4764 0.0000e+00
    115.084    11.5366    34.9526  1027.1609     3.0390     4.9465     81.056   -0.00401    6.10257    6.10300      8.653    -0.0477   11.04756   3.956187 5.0976e-14    26.6427    26.6399 1.0000e-12    116.000          1      12182    1497.09 1.9618e+03  54130.657    507.542 1531675517       0.16      0.303   39.65960  -72.02546    35.1224  1027.1680    26.6498    11.5219 0.0000e+00
    116.078    11.6087    35.0055  1027.1928     3.0181     4.8736     79.958   -0.00861    6.09513    6.09549      8.652    -0.0429   11.03488   3.968822 5.0555e-14    26.6703    26.6675 1.0000e-12    117.000          1      12260    1497.42 1.9781e+03  54192.271    510.797 1531675520       0.06      0.438   39.65960  -72.02546    35.1787  1027.2023    26.6798    11.5938 0.0000e+00
    117.071    11.6624    35.0449  1027.2177     2.9984     4.8519     79.649   -0.00383    6.09163    6.09196      8.648    -0.0469   11.02886   3.977675 4.9197e-14    26.6909    26.6881 1.0000e-12    118.000          1      12374    1497.67 2.0328e+03  54238.364    515.556 1531675525       0.40      0.463   39.65958  -72.02546    35.2149  1027.2246    26.6979    11.6473 0.0000e+00
    118.053    11.6736    35.0538  1027.2269     2.9898     4.8220     79.477   -0.00226    6.06709    6.06715      8.648    -0.0543   10.98740   3.979853 4.9143e-14    26.6958    26.6929 1.0000e-12    119.000          1      12462    1497.74 2.0349e+03  54249.173    519.226 1531675528       0.09      0.237   39.65958  -72.02546    35.2253  1027.2350    26.7039    11.6583 0.0000e+00
    119.055    11.8395    35.1412  1027.2676     2.9635     4.7333     78.063   -0.00849    6.06350    6.06353 -9.990e-29    -0.0564   10.98120   4.005350 4.9091e-14    26.7324    26.7294 1.0000e-12    120.000          1      12538    1498.43 2.0370e+03  54343.313    522.357 1531675531       0.27      0.434   39.65956  -72.02545    35.3188  1027.2801    26.7449    11.8240 0.0000e+00
    120.044    11.8591    35.1512  1027.2760     2.9501     4.7323     78.058   -0.00263    6.06250    6.06252 -9.990e-29    -0.0611   10.97951   4.007611 4.8837e-14    26.7364    26.7335 1.0000e-12    121.000          1      12628    1498.52 2.0477e+03  54354.301    526.124 1531675535       0.02      0.414   39.65956  -72.02544    35.3221  1027.2833    26.7438    11.8435 0.0000e+00
    121.032    11.8726    35.1579  1027.2831     2.9447     4.7210     77.974   -0.00146    6.05465    6.05458      8.646    -0.0607   10.96623   4.009539 4.8767e-14    26.7391    26.7361 1.0000e-12    122.000          1      12747    1498.59 2.0506e+03  54361.909    531.093 1531675540       0.07      0.252   39.65954  -72.02542    35.3278  1027.2896    26.7456    11.8568 0.0000e+00
    122.028    11.9139    35.1769  1027.2944     2.9382     4.6993     77.653   -0.00267    6.05171    6.05161      8.646    -0.0558   10.96127   4.015597 4.8994e-14    26.7461    26.7430 1.0000e-12    123.000          1      12807    1498.77 2.0411e+03  54382.025    533.575 1531675543       0.11      0.445   39.65954  -72.02542    35.3477  1027.3015    26.7533    11.8979 0.0000e+00
    123.015    11.9494    35.1926  1027.3042     2.9365     4.7054     77.790   -0.00021    6.04878    6.04865 -9.990e-29    -0.0568   10.95631   4.020563 4.9142e-14    26.7516    26.7485 1.0000e-12    124.000          1      12903    1498.93 2.0349e+03  54398.545    537.588 1531675547       0.03      0.185   39.65952  -72.02542    35.3624  1027.3105    26.7579    11.9333 0.0000e+00
