CalculateIndicators/WaterTemperature/Data/CTD_NYOS/NY1807C24.cnv
* Sea-Bird SBE 9 Data File:
* FileName = C:\Seabird 9 CTD\Data\2018\OffshoreCruise201807\NY1807C24.hex
* Software Version Seasave V 7.23.2
* Temperature SN = 4590
* Conductivity SN = 3228
* Number of Bytes Per Scan = 44
* Number of Voltage Words = 5
* Number of Scans Averaged by the Deck Unit = 1
* NMEA Latitude = 39 24.47 N
* NMEA Longitude = 072 16.74 W
* NMEA UTC (Time) = Jul 19 2018  12:01:49
* NMEA baud rate = 4800
** Ship: RV Seawolf
** Station: NY1807C24
** Operator: ajb
# nquan = 35
# nvalues = 348                         
# units = specified
# name 0 = depSM: Depth [salt water, m]
# name 1 = t090C: Temperature [ITS-90, deg C]
# name 2 = sal00: Salinity, Practical [PSU]
# name 3 = density00: Density [density, kg/m^3]
# name 4 = sbeox0V: Oxygen raw, SBE 43 [V]
# name 5 = sbeox0ML/L: Oxygen, SBE 43 [ml/l]
# name 6 = sbeox0PS: Oxygen, SBE 43 [% saturation]
# name 7 = sbox0dV/dT: Oxygen, SBE 43 [dov/dt]
# name 8 = oxsolML/L: Oxygen Saturation, Garcia & Gordon [ml/l]
# name 9 = oxsatML/L: Oxygen Saturation, Weiss [ml/l]
# name 10 = ph: pH
# name 11 = flECO-AFL: Fluorescence, WET Labs ECO-AFL/FL [mg/m^3]
# name 12 = n2satML/L: Nitrogen Saturation [ml/l]
# name 13 = c0S/m: Conductivity [S/m]
# name 14 = cpar: CPAR/Corrected Irradiance [%]
# name 15 = sigma-é00: Density [sigma-theta, kg/m^3]
# name 16 = sigma-t00: Density [sigma-t, kg/m^3 ]
# name 17 = par: PAR/Irradiance, Biospherical/Licor
# name 18 = prDM: Pressure, Digiquartz [db]
# name 19 = pumps: Pump Status
# name 20 = scan: Scan Count
# name 21 = svCM: Sound Velocity [Chen-Millero, m/s]
# name 22 = spar: SPAR, Biospherical/Licor
# name 23 = specc: Specific Conductance [uS/cm]
# name 24 = timeS: Time, Elapsed [seconds]
# name 25 = timeY: Time, System [seconds]
# name 26 = accM: Acceleration [m/s^2]
# name 27 = dz/dtM: Descent Rate [m/s]
# name 28 = latitude: Latitude [deg]
# name 29 = longitude: Longitude [deg]
# name 30 = gsw_saA0: Absolute Salinity [g/kg]
# name 31 = gsw_densityA0: density, TEOS-10 [density, kg/m^3]
# name 32 = gsw_sigma0A0: density, TEOS-10 [sigma-0, kg/m^3 ]
# name 33 = gsw_ptA0: potential temperature [ITS-90, deg C]
# name 34 = flag: flag
# span 0 =      0.978,    173.599       
# span 1 =     8.8992,    23.0615       
# span 2 =    32.8683,    35.5254       
# span 3 =  1022.3187,  1027.7217       
# span 4 =     2.6302,     4.1957       
# span 5 =     4.0213,     6.7504       
# span 6 =     66.924,    122.297       
# span 7 =   -0.06121,    0.05872       
# span 8 =    4.95777,    6.53467       
# span 9 =    4.94611,    6.53967       
# span 10 =      8.659,      8.967      
# span 11 =    -0.0811,     1.3146      
# span 12 =    9.17006,   11.78103      
# span 13 =   3.544911,   4.831835      
# span 14 = 5.4542e-14, 4.4012e+01      
# span 15 =    22.3101,    26.9503      
# span 16 =    22.3100,    26.9459      
# span 17 = 1.0000e-12, 6.2304e+02      
# span 18 =      1.000,    175.000      
# span 19 =          1,          1      
# span 20 =        830,      33294      
# span 21 =    1484.43,    1527.33      
# span 22 = 1.1852e+03, 1.8801e+03      
# span 23 =  50220.183,  54820.293      
# span 24 =     34.529,   1387.220      
# span 25 = 1532001749, 1532003101      
# span 26 =      -0.57,       0.49      
# span 27 =     -0.700,      0.955      
# span 28 =   39.40205,   39.40769      
# span 29 =  -72.27900,  -72.27660      
# span 30 =    33.0556,    35.6944      
# span 31 =  1022.3372,  1027.7262      
# span 32 =    22.3286,    26.9521      
# span 33 =     8.8954,    23.0610      
# span 34 = 0.0000e+00, 0.0000e+00      
# interval = decibars: 1                
# start_time = Jul 19 2018 12:01:54 [System UTC, first data scan.]
# bad_flag = -9.990e-29
*END*
[from data line 249]
     98.226    12.0455    35.0720  1027.0801     3.1162     5.0802     83.924    0.00037    6.05334    6.05314      8.730    -0.0219   10.96568   4.015736 5.4728e-14    26.6388    26.6364 1.0000e-12     99.000          1      20435    1498.70 1.8273e+03  54200.764    851.429 1532002566      -0.07     -0.273   39.40439  -72.27760    35.2349  1027.0815    26.6403    12.0326 0.0000e+00
     97.223    11.9902    35.0449  1027.0652     3.1191     5.0936     84.032    0.00056    6.06154    6.06143      8.731    -0.0105   10.97955   4.007122 5.4886e-14    26.6283    26.6259 1.0000e-12     98.000          1      20503    1498.46 1.8220e+03  54171.646    854.247 1532002568      -0.10     -0.684   39.40438  -72.27760    35.2031  1027.0631    26.6262    11.9775 0.0000e+00
     96.242    11.8960    34.9984  1027.0428     3.1255     5.1126     84.331    0.00158    6.06255    6.06245 -9.990e-29    -0.0147   10.98127   3.993832 5.5087e-14    26.6101    26.6077 1.0000e-12     97.000          1      20615    1498.07 1.8154e+03  54121.930    858.915 1532002573      -0.00     -0.143   39.40436  -72.27759    35.1620  1027.0451    26.6124    11.8835 0.0000e+00
     95.245    11.9068    35.0034  1027.0401     3.1270     5.1115     84.297    0.00062    6.06363    6.06354 -9.990e-29    -0.0129   10.98310   3.995402 5.5057e-14    26.6119    26.6095 1.0000e-12     96.000          1      20715    1498.10 1.8164e+03  54126.502    863.089 1532002577       0.06     -0.300   39.40434  -72.27758    35.1677  1027.0429    26.6147    11.8944 0.0000e+00
     94.258    11.8965    34.9973  1027.0329     3.1277     5.1155     84.320    0.00078    6.06671    6.06665 -9.990e-29    -0.0077   10.98836   3.993754 5.4629e-14    26.6091    26.6068 1.0000e-12     95.000          1      20848    1498.04 1.8305e+03  54119.240    868.606 1532002583      -0.21     -0.221   39.40432  -72.27757    35.1616  1027.0357    26.6119    11.8843 0.0000e+00
     93.263    11.8853    34.9884  1027.0237     3.1276     5.1118     84.238   -0.00018    6.06831    6.06827      8.730    -0.0141   10.99105   3.991711 5.4842e-14    26.6043    26.6020 1.0000e-12     94.000          1      20919    1497.97 1.8234e+03  54108.099    871.603 1532002586      -0.05     -0.350   39.40431  -72.27756    35.1526  1027.0264    26.6071    11.8731 0.0000e+00
     92.265    11.8530    34.9763  1027.0159     3.1288     5.1239     84.340    0.00075    6.07526    6.07530      8.729    -0.0115   11.00274   3.987185 5.4806e-14    26.6010    26.5987 1.0000e-12     93.000          1      21020    1497.83 1.8246e+03  54096.094    875.771 1532002590      -0.32     -0.459   39.40430  -72.27756    35.1390  1027.0176    26.6026    11.8410 0.0000e+00
     91.275    11.8107    34.9630  1027.0092     3.1259     5.1134     84.112   -0.00075    6.07931    6.07940      8.728    -0.0119   11.00954   3.981817 5.4944e-14    26.5987    26.5964 1.0000e-12     92.000          1      21118    1497.65 1.8201e+03  54084.112    879.885 1532002594      -0.15     -0.348   39.40428  -72.27755    35.1265  1027.0115    26.6010    11.7989 0.0000e+00
     90.289    11.7833    34.9542  1027.0032     3.1289     5.1333     84.373    0.00143    6.08412    6.08426 -9.990e-29    -0.0141   11.01767   3.978311 5.4820e-14    26.5970    26.5948 1.0000e-12     91.000          1      21236    1497.53 1.8242e+03  54075.877    884.777 1532002599      -0.04     -0.206   39.40426  -72.27754    35.1184  1027.0060    26.5998    11.7716 0.0000e+00
     89.293    11.7622    34.9432  1026.9942     3.1315     5.1396     84.424    0.00094    6.08788    6.08806      8.727    -0.0173   11.02403   3.974985 5.5024e-14    26.5924    26.5902 1.0000e-12     90.000          1      21305    1497.43 1.8174e+03  54063.527    887.684 1532002602      -0.09     -0.375   39.40424  -72.27754    35.1060  1026.9960    26.5942    11.7506 0.0000e+00
     88.305    11.7058    34.9185  1026.9812     3.1296     5.1492     84.233   -0.00053    6.11305    6.11352      8.724    -0.0069   11.06639   3.966829 5.4638e-14    26.5838    26.5816 1.0000e-12     89.000          1      21434    1497.19 1.8303e+03  54038.088    893.022 1532002607      -0.10     -0.242   39.40422  -72.27754    35.0792  1026.9815    26.5841    11.6945 0.0000e+00
     87.311    11.5673    34.8691  1026.9645     3.1316     5.1712     84.380    0.00049    6.12851    6.12915      8.722    -0.0162   11.09246   3.948208 5.5027e-14    26.5713    26.5692 1.0000e-12     88.000          1      21505    1496.64 1.8173e+03  53992.483    896.007 1532002610       0.00     -0.308   39.40421  -72.27753    35.0266  1026.9624    26.5692    11.5561 0.0000e+00
     86.322    11.3868    34.7927  1026.9345     3.1278     5.1801     84.121   -0.00104    6.15785    6.15882      8.718    -0.0244   11.14200   3.922792 5.4542e-14    26.5453    26.5433 1.0000e-12     87.000          1      21618    1495.91 1.8334e+03  53916.733    900.714 1532002615      -0.10     -0.172   39.40419  -72.27752    34.9456  1026.9291    26.5399    11.3759 0.0000e+00
     85.325    11.2357    34.7259  1026.9060     3.1296     5.2071     84.350    0.00107    6.17323    6.17437      8.717    -0.0206   11.16793   3.901619 4.0684e-08    26.5211    26.5191 7.6442e-07     86.000          1      21694    1495.28 1.8122e+03  53849.675    903.872 1532002618      -0.10     -0.418   39.40418  -72.27752    34.8783  1026.9005    26.5155    11.2250 0.0000e+00
     84.337    11.1203    34.6734  1026.8820     3.1402     5.2421     84.858    0.00289    6.17751    6.17868      8.717    -0.0268   11.17547   3.885829 8.7548e-07    26.5013    26.4994 1.6163e-05     85.000          1      21805    1494.80 1.8392e+03  53796.538    908.495 1532002623      -0.27     -0.237   39.40416  -72.27751    34.8304  1026.8801    26.4994    11.1098 0.0000e+00
     83.342    11.1298    34.6515  1026.8587     3.1492     5.2545     85.073    0.00176    6.17644    6.17759      8.719    -0.0209   11.17372   3.884874 1.0887e-04    26.4825    26.4806 1.9767e-03     84.000          1      21886    1494.79 1.8194e+03  53763.735    911.863 1532002626       0.01     -0.298   39.40415  -72.27750    34.8123  1026.8599    26.4836    11.1194 0.0000e+00
     82.353    11.1375    34.6491  1026.8510     3.1547     5.2663     85.271    0.00191    6.17594    6.17708      8.720    -0.0203   11.17289   3.885515 3.7586e-04    26.4792    26.4773 6.9081e-03     83.000          1      21977    1494.80 1.8383e+03  53758.457    915.652 1532002630      -0.08     -0.283   39.40413  -72.27750    34.8118  1026.8536    26.4818    11.1273 0.0000e+00
     81.356    11.1424    34.6487  1026.8453     3.1545     5.2552     85.100    0.00003    6.17530    6.17643      8.720    -0.0275   11.17183   3.885964 7.0573e-04    26.4779    26.4761 1.2883e-02     82.000          1      22079    1494.79 1.8259e+03  53756.400    919.901 1532002634      -0.25     -0.358   39.40411  -72.27749    34.8122  1026.8485    26.4812    11.1323 0.0000e+00
     80.368    11.1451    34.6484  1026.8400     3.1583     5.2708     85.360    0.00169    6.17484    6.17596 -9.990e-29    -0.0285   11.17106   3.886200 7.3868e-04    26.4772    26.4754 1.3524e-02     81.000          1      22160    1494.79 1.8307e+03  53754.897    923.283 1532002637       0.05     -0.302   39.40410  -72.27748    34.8124  1026.8437    26.4809    11.1351 0.0000e+00
     79.372    11.1502    34.6483  1026.8345     3.1617     5.2734     85.406    0.00095    6.17450    6.17562      8.719    -0.0271   11.17051   3.886659 1.0251e-03    26.4762    26.4744 1.8756e-02     80.000          1      22283    1494.79 1.8298e+03  53753.272    928.430 1532002643      -0.01     -0.402   39.40408  -72.27748    34.8126  1026.8384    26.4800    11.1404 0.0000e+00
     78.385    11.1518    34.6481  1026.8296     3.1637     5.2741     85.420    0.00039    6.17429    6.17540      8.720    -0.0179   11.17017   3.886754 1.3768e-03    26.4757    26.4740 2.5187e-02     79.000          1      22383    1494.78 1.8296e+03  53752.105    932.586 1532002647      -0.03     -0.245   39.40406  -72.27747    34.8125  1026.8335    26.4796    11.1421 0.0000e+00
     77.392    11.1535    34.6477  1026.8244     3.1614     5.2648     85.273   -0.00029    6.17406    6.17517      8.720    -0.0241   11.16981   3.886837 1.7094e-03    26.4751    26.4733 3.1353e-02     78.000          1      22500    1494.77 1.8343e+03  53750.587    937.442 1532002652      -0.09     -0.208   39.40404  -72.27746    34.8121  1026.8284    26.4790    11.1439 0.0000e+00
     76.405    11.1554    34.6464  1026.8186     3.1626     5.2707     85.365    0.00048    6.17433    6.17545      8.720    -0.0258   11.17031   3.886833 2.0309e-03    26.4736    26.4719 3.6967e-02     77.000          1      22581    1494.76 1.8201e+03  53747.791    940.819 1532002655      -0.11     -0.374   39.40402  -72.27746    34.8108  1026.8225    26.4776    11.1459 0.0000e+00
     75.403    11.1541    34.6409  1026.8100     3.1690     5.2945     85.722    0.00223    6.17628    6.17741      8.721    -0.0158   11.17364   3.886074 2.3543e-03    26.4696    26.4679 4.3149e-02     76.000          1      22662    1494.73 1.8321e+03  53739.732    944.208 1532002658      -0.09     -0.441   39.40401  -72.27746    34.8048  1026.8136    26.4732    11.1448 0.0000e+00
     74.417    11.1399    34.6253  1026.7960     3.1728     5.3077     85.766    0.00122    6.18852    6.18979      8.722    -0.0068   11.19439   3.883019 3.1240e-03    26.4600    26.4583 5.7292e-02     75.000          1      22770    1494.65 1.8340e+03  53719.986    948.711 1532002663      -0.06     -0.373   39.40399  -72.27746    34.7882  1026.7989    26.4629    11.1306 0.0000e+00
     73.424    11.0754    34.5952  1026.7799     3.1749     5.3204     85.729   -0.00017    6.20610    6.20755      8.719    -0.0320   11.22419   3.873247 3.4553e-03    26.4482    26.4466 6.3468e-02     74.000          1      22849    1494.37 1.8375e+03  53689.088    952.007 1532002666      -0.11     -0.317   39.40398  -72.27744    34.7519  1026.7781    26.4464    11.0663 0.0000e+00
     72.427    10.9085    34.4980  1026.7300     3.1691     5.3217     85.304   -0.00287    6.23855    6.24035      8.712    -0.0265   11.27920   3.846878 4.2417e-03    26.4025    26.4009 7.7828e-02     73.000          1      22946    1493.65 1.8348e+03  53582.879    956.023 1532002670      -0.16     -0.472   39.40396  -72.27744    34.6457  1026.7215    26.3940    10.8997 0.0000e+00
     71.448    10.6436    34.3688  1026.6725     3.1555     5.3128     84.717   -0.00408    6.27129    6.27345 -9.990e-29    -0.0254   11.33450   3.809085 4.9495e-03    26.3490    26.3475 9.0530e-02     72.000          1      23074    1492.54 1.8291e+03  53450.796    961.359 1532002676      -0.46     -0.318   39.40394  -72.27742    34.5163  1026.6642    26.3407    10.6350 0.0000e+00
     70.441    10.5710    34.3325  1026.6525     3.1552     5.3242     84.908   -0.00157    6.27058    6.27274      8.706    -0.0220   11.33332   3.798985 6.0915e-03    26.3334    26.3320 9.8746e-02     71.000          1      23128    1492.22 1.6499e+03  53413.064    963.642 1532002678      -0.10     -0.566   39.40393  -72.27742    34.4832  1026.6468    26.3278    10.5626 0.0000e+00
     69.463    10.5285    34.3080  1026.6366     3.1545     5.3449     84.954   -0.00059    6.29150    6.29390      8.703    -0.0101   11.36840   3.793406 6.1122e-03    26.3219    26.3204 1.1319e-01     70.000          1      23285    1492.03 1.8524e+03  53386.320    970.152 1532002684      -0.24     -0.177   39.40390  -72.27742    34.4674  1026.6376    26.3229    10.5203 0.0000e+00
     68.459    10.4328    34.2798  1026.6268     3.1485     5.3172     84.692   -0.00121    6.27826    6.28050      8.698    -0.0333   11.34624   3.780879 7.1933e-03    26.3165    26.3150 1.2336e-01     69.000          1      23686    1491.64 1.7346e+03  53364.333    986.888 1532002701      -0.05     -0.374   39.40383  -72.27739    34.4314  1026.6220    26.3116    10.4247 0.0000e+00
     67.469    10.4594    34.2862  1026.6226     3.1491     5.3260     84.643   -0.00191    6.29243    6.29484      8.692    -0.0283   11.37008   3.784577 6.6583e-03    26.3168    26.3154 1.2132e-01     68.000          1      26064    1491.72 1.8256e+03  53367.520   1085.959 1532002800      -0.04     -0.309   39.40339  -72.27719    34.4442  1026.6227    26.3169    10.4514 0.0000e+00
     66.476    10.3156    34.2316  1026.6007     3.1400     5.3352     84.311   -0.00202    6.32808    6.33091      8.685    -0.0211   11.43006   3.764427 7.4108e-03    26.2991    26.2978 1.3745e-01     67.000          1      26457    1491.13 1.8548e+03  53318.094   1102.318 1532002816      -0.31     -0.384   39.40332  -72.27716    34.3760  1026.5904    26.2889    10.3078 0.0000e+00
     65.489    10.0983    34.1490  1026.5694     3.1375     5.3564     84.324   -0.00077    6.35219    6.35531      8.681    -0.0283   11.47059   3.736956 8.2807e-03    26.2720    26.2707 1.5190e-01     66.000          1      26569    1490.23 1.8340e+03  53243.918   1107.012 1532002821      -0.08     -0.150   39.40331  -72.27715    34.3023  1026.5662    26.2688    10.0907 0.0000e+00
     64.496     9.9396    34.0944  1026.5494     3.1306     5.3553     83.998   -0.00173    6.37553    6.37891      8.678    -0.0318   11.50992   3.716408 9.2734e-03    26.2562    26.2550 1.7112e-01     65.000          1      26669    1489.58 1.8456e+03  53198.443   1111.171 1532002825      -0.07     -0.272   39.40329  -72.27714    34.2427  1026.5424    26.2493     9.9322 0.0000e+00
     63.498     9.8403    34.0461  1026.5240     3.1327     5.3794     84.336    0.00143    6.37851    6.38193      8.678    -0.0342   11.51508   3.702902 1.0716e-02    26.2352    26.2340 1.9602e-01     64.000          1      26744    1489.15 1.8295e+03  53149.836   1114.306 1532002828      -0.27     -0.405   39.40328  -72.27714    34.1988  1026.5206    26.2318     9.8330 0.0000e+00
     62.506     9.8277    34.0204  1026.5015     3.1470     5.4133     85.043    0.00411    6.36547    6.36868      8.683    -0.0218   11.49367   3.699706 1.1548e-02    26.2172    26.2160 2.1308e-01     63.000          1      26851    1489.05 1.8456e+03  53115.619   1118.765 1532002833      -0.18     -0.421   39.40326  -72.27712    34.1783  1026.5022    26.2179     9.8206 0.0000e+00
     61.519     9.9637    34.0070  1026.4635     3.1686     5.4679     85.793    0.00409    6.37331    6.37659      8.684    -0.0175   11.50716   3.711315 1.3570e-02    26.1839    26.1827 2.4947e-01     62.000          1      26963    1489.51 1.8382e+03  53069.190   1123.396 1532002838      -0.05     -0.221   39.40323  -72.27711    34.1691  1026.4676    26.1880     9.9566 0.0000e+00
     60.529     9.8323    33.9507  1026.4373     3.1777     5.4895     85.893    0.00153    6.39111    6.39460      8.682    -0.0053   11.53714   3.692979 1.4757e-02    26.1619    26.1608 2.7323e-01     61.000          1      27073    1488.95 1.8517e+03  53015.720   1127.986 1532002842      -0.05     -0.211   39.40321  -72.27710    34.1057  1026.4360    26.1607     9.8254 0.0000e+00
     59.534     9.7700    33.9263  1026.4242     3.1839     5.5058     86.132    0.00185    6.39231    6.39581      8.683    -0.0104   11.53916   3.685044 1.6790e-02    26.1533    26.1522 3.0782e-01     60.000          1      27156    1488.68 1.8331e+03  52993.450   1131.440 1532002846       0.04     -0.252   39.40319  -72.27710    34.0835  1026.4247    26.1538     9.7632 0.0000e+00
     58.543     9.7538    33.9182  1026.4160     3.1852     5.5100     85.949   -0.00076    6.41076    6.41449      8.681    -0.0171   11.57006   3.682863 1.8402e-02    26.1496    26.1485 3.4032e-01     59.000          1      27275    1488.59 1.8500e+03  52984.668   1136.436 1532002851      -0.09     -0.201   39.40316  -72.27708    34.0768  1026.4177    26.1513     9.7472 0.0000e+00
