CalculateIndicators/WaterTemperature/Data/CTD_NYOS/NY1807C05.cnv
* Sea-Bird SBE 9 Data File:
* FileName = C:\Seabird 9 CTD\Data\2018\OffshoreCruise201807\NY1807C05.hex
* Software Version Seasave V 7.23.2
* Temperature SN = 4590
* Conductivity SN = 3228
* Number of Bytes Per Scan = 44
* Number of Voltage Words = 5
* Number of Scans Averaged by the Deck Unit = 1
* NMEA Latitude = 39 39.66 N
* NMEA Longitude = 072 01.59 W
* NMEA UTC (Time) = Jul 15 2018  17:16:33
* NMEA baud rate = 4800
** Ship: RV Seawolf
** Station: NY1807C05
** Operator: AJB
# nquan = 35
# nvalues = 338                         
# units = specified
# name 0 = depSM: Depth [salt water, m]
# name 1 = t090C: Temperature [ITS-90, deg C]
# name 2 = sal00: Salinity, Practical [PSU]
# name 3 = density00: Density [density, kg/m^3]
# name 4 = sbeox0V: Oxygen raw, SBE 43 [V]
# name 5 = sbeox0ML/L: Oxygen, SBE 43 [ml/l]
# name 6 = sbeox0PS: Oxygen, SBE 43 [% saturation]
# name 7 = sbox0dV/dT: Oxygen, SBE 43 [dov/dt]
# name 8 = oxsolML/L: Oxygen Saturation, Garcia & Gordon [ml/l]
# name 9 = oxsatML/L: Oxygen Saturation, Weiss [ml/l]
# name 10 = ph: pH
# name 11 = flECO-AFL: Fluorescence, WET Labs ECO-AFL/FL [mg/m^3]
# name 12 = n2satML/L: Nitrogen Saturation [ml/l]
# name 13 = c0S/m: Conductivity [S/m]
# name 14 = cpar: CPAR/Corrected Irradiance [%]
# name 15 = sigma-é00: Density [sigma-theta, kg/m^3]
# name 16 = sigma-t00: Density [sigma-t, kg/m^3 ]
# name 17 = par: PAR/Irradiance, Biospherical/Licor
# name 18 = prDM: Pressure, Digiquartz [db]
# name 19 = pumps: Pump Status
# name 20 = scan: Scan Count
# name 21 = svCM: Sound Velocity [Chen-Millero, m/s]
# name 22 = spar: SPAR, Biospherical/Licor
# name 23 = specc: Specific Conductance [uS/cm]
# name 24 = timeS: Time, Elapsed [seconds]
# name 25 = timeY: Time, System [seconds]
# name 26 = accM: Acceleration [m/s^2]
# name 27 = dz/dtM: Descent Rate [m/s]
# name 28 = latitude: Latitude [deg]
# name 29 = longitude: Longitude [deg]
# name 30 = gsw_saA0: Absolute Salinity [g/kg]
# name 31 = gsw_densityA0: density, TEOS-10 [density, kg/m^3]
# name 32 = gsw_sigma0A0: density, TEOS-10 [sigma-0, kg/m^3 ]
# name 33 = gsw_ptA0: potential temperature [ITS-90, deg C]
# name 34 = flag: flag
# span 0 =      0.981,    168.652       
# span 1 =     8.9019,    22.1066       
# span 2 =    33.3051,    35.4819       
# span 3 =  1022.9117,  1027.6911       
# span 4 =     2.6390,     4.1249       
# span 5 =     4.0687,     6.8063       
# span 6 =     67.685,    118.723       
# span 7 =   -0.03876,    0.02553       
# span 8 =    5.02961,    6.51572       
# span 9 =    5.01841,    6.52089       
# span 10 =      8.612,      8.888      
# span 11 =    -0.0744,     0.7287      
# span 12 =    9.28541,   11.74456      
# span 13 =   3.592597,   4.845401      
# span 14 = 4.7487e-14, 3.4089e+01      
# span 15 =    22.9031,    26.9348      
# span 16 =    22.9030,    26.9305      
# span 17 = 1.0000e-12, 6.1927e+02      
# span 18 =      1.000,    170.000      
# span 19 =          1,          1      
# span 20 =       1013,      46733      
# span 21 =    1485.61,    1525.68      
# span 22 = 9.1276e+02, 2.1296e+03      
# span 23 =  50844.434,  54788.017      
# span 24 =     42.156,   1947.187      
# span 25 = 1531675051, 1531676956      
# span 26 =      -0.50,       0.84      
# span 27 =     -0.813,      0.796      
# span 28 =   39.65518,   39.66095      
# span 29 =  -72.02638,  -72.02299      
# span 30 =    33.4701,    35.6502      
# span 31 =  1022.9198,  1027.6957      
# span 32 =    22.9112,    26.9395      
# span 33 =     8.8938,    22.1062      
# span 34 = 0.0000e+00, 0.0000e+00      
# interval = decibars: 1                
# start_time = Jul 15 2018 17:16:49 [System UTC, first data scan.]
# bad_flag = -9.990e-29
*END*
[from data line 291]
     47.633    10.9213    33.8555  1026.1150     3.3555     5.7398     92.038    0.00300    6.23639    6.23766      8.659     0.1803   11.28225   3.784130 9.0131e-02    25.8994    25.8984 9.5532e-01     48.000          1      41232    1492.51 1.0600e+03  52669.241   1717.975 1531676727       0.03     -0.153   39.65595  -72.02340    34.0157  1026.1186    25.9030    10.9156 0.0000e+00
     46.627    10.9258    33.8416  1026.0988     3.3634     5.7549     92.301    0.00284    6.23484    6.23609      8.662     0.1923   11.27969   3.783343 9.9487e-02    25.8877    25.8867 1.0480e+00     47.000          1      41309    1492.49 1.0535e+03  52648.491   1721.186 1531676730      -0.26     -0.499   39.65594  -72.02340    34.0041  1026.1043    25.8932    10.9201 0.0000e+00
     45.641    10.9790    33.8153  1026.0643     3.3811     5.7868     92.868    0.00246    6.23124    6.23241      8.663     0.2178   11.27419   3.785477 1.1120e-01    25.8577    25.8567 1.1674e+00     46.000          1      41486    1492.63 1.0498e+03  52601.707   1728.523 1531676738      -0.08     -0.287   39.65590  -72.02338    33.9766  1026.0689    25.8624    10.9734 0.0000e+00
     44.651    10.9713    33.7816  1026.0350     3.3945     5.8159     93.320    0.00230    6.23223    6.23339      8.665     0.2335   11.27605   3.781204 1.2447e-01    25.8329    25.8319 1.3065e+00     45.000          1      41637    1492.54 1.0498e+03  52555.389   1734.834 1531676744      -0.10     -0.199   39.65589  -72.02337    33.9414  1026.0386    25.8365    10.9659 0.0000e+00
     43.656    11.0230    33.7495  1025.9961     3.4187     5.8720     94.427    0.00586    6.21861    6.21956      8.671     0.2797   11.25403   3.783098 1.3982e-01    25.7986    25.7976 1.4555e+00     44.000          1      41808    1492.67 1.0411e+03  52500.933   1741.977 1531676751      -0.22     -0.340   39.65586  -72.02336    33.9130  1026.0028    25.8052    11.0177 0.0000e+00
     42.663    11.1712    33.7177  1025.9401     3.4618     5.9582     96.081    0.00791    6.20127    6.20197      8.678     0.3544   11.22553   3.793836 1.5986e-01    25.7472    25.7463 1.6541e+00     43.000          1      41992    1493.13 1.0347e+03  52430.361   1749.632 1531676759      -0.23     -0.264   39.65583  -72.02334    33.8837  1025.9489    25.7560    11.1660 0.0000e+00
     41.675    11.3652    33.7092  1025.8937     3.5237     6.0680     98.414    0.01045    6.16578    6.16600      8.694     0.4545   11.16694   3.810913 1.8052e-01    25.7054    25.7044 1.8600e+00     42.000          1      42185    1493.78 1.0303e+03  52385.178   1757.680 1531676767      -0.05     -0.188   39.65581  -72.02332    33.8754  1025.9027    25.7144    11.3600 0.0000e+00
     40.683    11.5914    33.6946  1025.8361     3.5936     6.2486    101.470    0.01851    6.15814    6.15825      8.709     0.5706   11.15438   3.831142 2.1045e-01    25.6525    25.6515 2.1497e+00     41.000          1      42336    1494.54 1.0216e+03  52326.879   1763.970 1531676773      -0.13     -0.299   39.65579  -72.02331    33.8684  1025.8512    25.6676    11.5863 0.0000e+00
     39.685    11.6666    33.6826  1025.8083     3.6353     6.2811    102.318    0.01087    6.13883    6.13868      8.712     0.5939   11.12255   3.836088 2.4187e-01    25.6292    25.6283 2.4568e+00     40.000          1      42464    1494.76 1.0161e+03  52297.395   1769.282 1531676778      -0.14     -0.394   39.65577  -72.02330    33.8489  1025.8176    25.6386    11.6616 0.0000e+00
     38.702    11.8220    33.6825  1025.7747     3.6735     6.2854    103.085    0.00394    6.09729    6.09662      8.718     0.6041   11.05360   3.850539 2.8110e-01    25.6002    25.5993 2.8408e+00     39.000          1      42643    1495.28 1.0105e+03  52271.862   1776.740 1531676786       0.01     -0.112   39.65574  -72.02328    33.8494  1025.7846    25.6101    11.8171 0.0000e+00
     37.706    12.1520    33.7039  1025.7241     3.7181     6.3482    105.407    0.01480    6.02294    6.02137      8.732     0.6169   10.92991   3.884798 3.1966e-01    25.5544    25.5534 3.2140e+00     38.000          1      42733    1496.42 1.0055e+03  52250.112   1780.519 1531676790      -0.01     -0.256   39.65573  -72.02327    33.8842  1025.7444    25.5747    12.1471 0.0000e+00
     36.715    12.8748    33.7773  1025.6364     3.8005     6.4319    108.295    0.01572    5.93913    5.93656      8.748     0.6496   10.79064   3.960755 3.7269e-01    25.4716    25.4707 3.7341e+00     37.000          1      42857    1498.94 1.0019e+03  52245.143   1785.684 1531676795      -0.16     -0.196   39.65570  -72.02326    33.9651  1025.6623    25.4976    12.8698 0.0000e+00
     35.722    13.3139    33.7751  1025.5420     3.8341     6.4549    108.935    0.00847    5.92553    5.92280      8.750     0.6933   10.76803   4.001869 4.2357e-01    25.3820    25.3810 4.2319e+00     36.000          1      42937    1500.38 9.9920e+02  52182.098   1789.019 1531676798       0.04     -0.316   39.65569  -72.02326    33.9632  1025.5685    25.4085    13.3089 0.0000e+00
     34.730    13.3761    33.7943  1025.5399     3.8465     6.4561    108.910    0.00217    5.92796    5.92525      8.750     0.7036   10.77207   4.007871 4.9504e-01    25.3844    25.3834 4.9237e+00     35.000          1      43048    1500.59 9.9459e+02  52199.597   1793.629 1531676803      -0.00     -0.183   39.65567  -72.02324    33.9650  1025.5528    25.3973    13.3713 0.0000e+00
     33.737    13.3677    33.7893  1025.5333     3.8549     6.4621    109.186    0.00218    5.91846    5.91565      8.753     0.7287   10.75624   4.006322 5.6811e-01    25.3822    25.3813 5.6401e+00     34.000          1      43145    1500.54 9.9277e+02  52193.211   1797.661 1531676807      -0.01     -0.315   39.65566  -72.02324    33.9582  1025.5448    25.3938    13.3631 0.0000e+00
     32.745    13.4377    33.7977  1025.5211     3.8595     6.4645    109.316    0.00190    5.91359    5.91071      8.756     0.7102   10.74841   4.013495 6.6381e-01    25.3746    25.3736 6.5554e+00     33.000          1      43243    1500.77 9.8762e+02  52195.154   1801.732 1531676811       0.01     -0.216   39.65564  -72.02323    33.9640  1025.5307    25.3841    13.4331 0.0000e+00
     31.747    13.6013    33.6942  1025.4032     3.9247     6.6104    111.927    0.00667    5.90598    5.90294      8.768     0.7184   10.73687   4.017533 7.7436e-01    25.2612    25.2603 7.5188e+00     32.000          1      43838    1501.17 9.7115e+02  52029.976   1826.550 1531676836      -0.15     -0.269   39.65556  -72.02318    33.8571  1025.4106    25.2686    13.5968 0.0000e+00
     30.762    13.6912    33.5637  1025.2795     3.9726     6.6699    113.724    0.00925    5.86509    5.86135      8.781     0.6986   10.67279   4.010810 8.6321e-01    25.1419    25.1410 8.0745e+00     31.000          1      45272    1501.29 9.3488e+02  51837.994   1886.311 1531676895      -0.35     -0.339   39.65536  -72.02309    33.7149  1025.2783    25.1407    13.6868 0.0000e+00
     29.766    13.7532    33.4153  1025.1473     4.0225     6.8063    116.558    0.02553    5.83954    5.83553      8.786     0.6624   10.63017   4.002609 9.9397e-01    25.0142    25.0133 9.3237e+00     30.000          1      45189    1501.30 9.3803e+02  51623.961   1882.841 1531676892       0.07     -0.544   39.65537  -72.02310    33.5841  1025.1604    25.0272    13.7490 0.0000e+00
     28.777    14.1825    33.3547  1025.0071     4.0564     6.7569    116.811    0.01240    5.78443    5.77982      8.788     0.6503   10.53841   4.036839 1.1487e+00    24.8787    24.8778 1.0733e+01     29.000          1      45247    1502.62 9.3447e+02  51487.519   1885.253 1531676894      -0.12     -0.407   39.65536  -72.02310    33.5285  1025.0244    24.8959    14.1784 0.0000e+00
     27.787    14.4669    33.3879  1024.9682     4.0664     6.7051    116.594    0.00425    5.75080    5.74582      8.790     0.6285   10.48236   4.068894 1.3078e+00    24.8443    24.8434 1.2233e+01     28.000          1      45298    1503.56 9.3533e+02  51499.809   1887.376 1531676896       0.06     -0.468   39.65536  -72.02308    33.5781  1024.9980    24.8741    14.4628 0.0000e+00
     26.791    14.8400    33.4165  1024.9060     4.0657     6.6448    116.243   -0.00053    5.71630    5.71096      8.789     0.6185   10.42486   4.106707 1.5044e+00    24.7867    24.7859 1.4062e+01     27.000          1      45338    1504.77 9.3481e+02  51496.936   1889.046 1531676898      -0.19     -0.581   39.65535  -72.02308    33.6027  1024.9327    24.8134    14.8360 0.0000e+00
     25.800    15.0031    33.4337  1024.8795     4.0828     6.6009    117.400    0.00861    5.62271    5.61639      8.790     0.6008   10.26941   4.124088 1.6938e+00    24.7647    24.7639 1.5795e+01     26.000          1      45378    1505.29 9.3252e+02  51503.223   1890.694 1531676900       0.10     -0.627   39.65534  -72.02308    33.6210  1024.9070    24.7922    14.9993 0.0000e+00
     24.806    15.5500    33.4523  1024.7685     4.1059     6.5869    118.432    0.01264    5.56176    5.55488      8.797     0.5695   10.16727   4.181454 1.9303e+00    24.6584    24.6576 1.7993e+01     25.000          1      45422    1507.01 9.3214e+02  51472.625   1892.530 1531676902       0.01     -0.553   39.65534  -72.02308    33.6708  1024.8199    24.7098    15.5462 0.0000e+00
     23.821    16.3738    33.4965  1024.6125     4.1235     6.4655    118.723    0.00770    5.44595    5.43801      8.800     0.5424    9.97353   4.264101 2.2167e+00    24.5071    24.5063 2.0642e+01     24.000          1      45472    1509.61 9.3127e+02  51453.226   1894.606 1531676904      -0.01     -0.454   39.65532  -72.02308    33.7080  1024.6584    24.5530    16.3700 0.0000e+00
     22.817    16.8473    33.5792  1024.5611     4.1249     6.4347    118.602    0.00484    5.42542    5.41730      8.802     0.5339    9.93912   4.321931 2.5271e+00    24.4604    24.4595 2.3420e+01     23.000          1      45506    1511.12 9.2680e+02  51526.669   1896.032 1531676905      -0.11     -0.671   39.65532  -72.02308    33.8168  1024.6266    24.5259    16.8436 0.0000e+00
     21.838    17.9104    33.7230  1024.4136     4.0915     6.2663    116.130   -0.01764    5.39596    5.38760      8.801     0.4515    9.88979   4.439892 2.7739e+00    24.3177    24.3168 2.5846e+01     22.000          1      45564    1514.45 9.3178e+02  51640.377   1898.459 1531676907       0.17     -0.354   39.65532  -72.02308    33.9489  1024.4696    24.3736    17.9067 0.0000e+00
     20.839    17.9907    33.7500  1024.4096     4.0828     6.2548    116.382   -0.00792    5.37438    5.36583      8.801     0.4521    9.85383   4.449140 3.1158e+00    24.3180    24.3171 2.8956e+01     21.000          1      45598    1514.69 9.2936e+02  51671.154   1899.894 1531676909      -0.38     -0.643   39.65532  -72.02308    33.9607  1024.4538    24.3622    17.9871 0.0000e+00
     19.841    18.1053    33.7576  1024.3828     4.0824     6.2662    116.726   -0.00143    5.36835    5.35975      8.802     0.4630    9.84361   4.460862 3.4871e+00    24.2957    24.2949 3.2308e+01     20.000          1      45629    1515.02 9.2652e+02  51672.771   1901.174 1531676910       0.07     -0.813   39.65532  -72.02308    33.9658  1024.4252    24.3380    18.1019 0.0000e+00
     18.855    18.3847    33.7823  1024.3284     4.0781     6.2479    116.556   -0.00150    5.36042    5.35176      8.801     0.4691    9.83031   4.489838 3.9060e+00    24.2457    24.2449 3.6212e+01     19.000          1      45685    1515.84 9.2714e+02  51686.917   1903.517 1531676913       0.12     -0.397   39.65530  -72.02308    33.9809  1024.3632    24.2805    18.3814 0.0000e+00
     17.861    18.4555    33.8035  1024.3226     4.0772     6.2380    116.544   -0.00091    5.35250    5.34378      8.801     0.4687    9.81702   4.498111 4.4574e+00    24.2443    24.2435 4.1144e+01     18.000          1      45740    1516.05 9.2308e+02  51710.632   1905.793 1531676915      -0.04     -0.468   39.65530  -72.02307    33.9927  1024.3502    24.2718    18.4524 0.0000e+00
     16.872    18.5280    33.8077  1024.3033     4.0762     6.2090    116.538   -0.00030    5.32787    5.31894      8.799     0.4804    9.77601   4.504860 4.9774e+00    24.2294    24.2286 4.6122e+01     17.000          1      45792    1516.25 9.2659e+02  51710.974   1907.974 1531676917      -0.03     -0.446   39.65530  -72.02306    33.9902  1024.3258    24.2519    18.5251 0.0000e+00
     15.877    18.7017    33.8243  1024.2682     4.0700     6.1587    116.177   -0.00265    5.30109    5.29196      8.801     0.4515    9.73102   4.523967 5.5788e+00    24.1986    24.1979 5.1762e+01     16.000          1      45844    1516.76 9.2784e+02  51721.690   1910.114 1531676919       0.08     -0.458   39.65529  -72.02306    34.0084  1024.2918    24.2222    18.6989 0.0000e+00
     14.888    18.9217    33.8494  1024.2275     4.0612     6.1190    115.777   -0.00426    5.28519    5.27593      8.802     0.4538    9.70439   4.549556 6.1582e+00    24.1624    24.1617 5.6754e+01     15.000          1      45890    1517.40 9.2165e+02  51742.129   1912.053 1531676921      -0.28     -0.493   39.65528  -72.02306    34.0425  1024.2579    24.1927    18.9191 0.0000e+00
     13.890    19.1262    33.8849  1024.1984     4.0560     6.0959    115.636   -0.00340    5.27165    5.26229      8.802     0.4483    9.68166   4.572841 6.7827e+00    24.1376    24.1370 6.2336e+01     14.000          1      45931    1518.00 9.1901e+02  51777.146   1913.761 1531676923       0.14     -0.584   39.65528  -72.02305    34.0696  1024.2222    24.1614    19.1237 0.0000e+00
     12.898    19.2814    33.9140  1024.1765     4.0549     6.0340    115.731   -0.00081    5.21397    5.20418      8.802     0.4152    9.58565   4.591581 7.4086e+00    24.1202    24.1196 6.8543e+01     13.000          1      45987    1518.46 9.2511e+02  51807.200   1916.103 1531676925       0.02     -0.451   39.65527  -72.02304    34.0989  1024.2003    24.1439    19.2791 0.0000e+00
     11.919    19.5715    33.9358  1024.1141     4.0482     5.9303    115.555    0.00017    5.13181    5.12143      8.801     0.3071    9.44866   4.625053 8.1521e+00    24.0620    24.0615 7.5273e+01     12.000          1      46052    1519.29 9.2338e+02  51821.589   1918.781 1531676928      -0.15     -0.290   39.65526  -72.02304    34.1394  1024.1519    24.0999    19.5694 0.0000e+00
     10.908    20.3587    33.9433  1023.9090     4.0116     5.7616    112.985   -0.02599    5.09932    5.08872      8.797     0.2611    9.39523   4.705258 8.7086e+00    23.8615    23.8610 7.9920e+01     11.000          1      46080    1521.47 9.1777e+02  51786.823   1919.964 1531676929      -0.17     -0.720   39.65526  -72.02304    34.1581  1023.9551    23.9076    20.3567 0.0000e+00
      9.927    20.8863    33.9690  1023.7834     3.9524     5.6090    110.967   -0.02554    5.05483    5.04392      8.790     0.2327    9.32220   4.760203 8.5738e+00    23.7403    23.7397 7.8899e+01     10.000          1      46135    1522.92 9.2025e+02  51798.451   1922.232 1531676931       0.17     -0.404   39.65526  -72.02304    34.1788  1023.8254    23.7823    20.8845 0.0000e+00
      8.931    21.5900    33.8457  1023.4936     3.8671     5.4266    107.345   -0.03876    5.05529    5.04433      8.783     0.1693    9.32454   4.814234 9.0988e+00    23.4549    23.4544 8.4032e+01      9.000          1      46185    1524.66 9.2357e+02  51600.303   1924.348 1531676933       0.04     -0.481   39.65524  -72.02304    34.0504  1023.5320    23.4932    21.5883 0.0000e+00
