CalculateIndicators/WaterTemperature/Data/CTD_NYOS/NY1807C04.cnv
* Sea-Bird SBE 9 Data File:
* FileName = C:\Seabird 9 CTD\Data\2018\OffshoreCruise201807\NY1807C04.hex
* Software Version Seasave V 7.23.2
* Temperature SN = 4590
* Conductivity SN = 3228
* Number of Bytes Per Scan = 44
* Number of Voltage Words = 5
* Number of Scans Averaged by the Deck Unit = 1
* NMEA Latitude = 39 57.63 N
* NMEA Longitude = 071 26.61 W
* NMEA UTC (Time) = Jul 15 2018  08:47:05
* NMEA baud rate = 4800
** Ship: RV Seawolf
** Station: NY1807C04
** Operator: JDW
# nquan = 35
# nvalues = 292                         
# units = specified
# name 0 = depSM: Depth [salt water, m]
# name 1 = t090C: Temperature [ITS-90, deg C]
# name 2 = sal00: Salinity, Practical [PSU]
# name 3 = density00: Density [density, kg/m^3]
# name 4 = sbeox0V: Oxygen raw, SBE 43 [V]
# name 5 = sbeox0ML/L: Oxygen, SBE 43 [ml/l]
# name 6 = sbeox0PS: Oxygen, SBE 43 [% saturation]
# name 7 = sbox0dV/dT: Oxygen, SBE 43 [dov/dt]
# name 8 = oxsolML/L: Oxygen Saturation, Garcia & Gordon [ml/l]
# name 9 = oxsatML/L: Oxygen Saturation, Weiss [ml/l]
# name 10 = ph: pH
# name 11 = flECO-AFL: Fluorescence, WET Labs ECO-AFL/FL [mg/m^3]
# name 12 = n2satML/L: Nitrogen Saturation [ml/l]
# name 13 = c0S/m: Conductivity [S/m]
# name 14 = cpar: CPAR/Corrected Irradiance [%]
# name 15 = sigma-é00: Density [sigma-theta, kg/m^3]
# name 16 = sigma-t00: Density [sigma-t, kg/m^3 ]
# name 17 = par: PAR/Irradiance, Biospherical/Licor
# name 18 = prDM: Pressure, Digiquartz [db]
# name 19 = pumps: Pump Status
# name 20 = scan: Scan Count
# name 21 = svCM: Sound Velocity [Chen-Millero, m/s]
# name 22 = spar: SPAR, Biospherical/Licor
# name 23 = specc: Specific Conductance [uS/cm]
# name 24 = timeS: Time, Elapsed [seconds]
# name 25 = timeY: Time, System [seconds]
# name 26 = accM: Acceleration [m/s^2]
# name 27 = dz/dtM: Descent Rate [m/s]
# name 28 = latitude: Latitude [deg]
# name 29 = longitude: Longitude [deg]
# name 30 = gsw_saA0: Absolute Salinity [g/kg]
# name 31 = gsw_densityA0: density, TEOS-10 [density, kg/m^3]
# name 32 = gsw_sigma0A0: density, TEOS-10 [sigma-0, kg/m^3 ]
# name 33 = gsw_ptA0: potential temperature [ITS-90, deg C]
# name 34 = flag: flag
# span 0 =      0.972,    145.827       
# span 1 =    11.5519,    22.0957       
# span 2 =    33.7361,    35.3755       
# span 3 =  1023.2776,  1027.4556       
# span 4 =     2.9476,     4.1073       
# span 5 =     4.6784,     6.6160       
# span 6 =     78.197,    118.109       
# span 7 =   -0.03575,    0.03064       
# span 8 =    5.01822,    6.11340       
# span 9 =    5.00709,    6.11388       
# span 10 =      8.633,      8.856      
# span 11 =    -0.0843,     1.0661      
# span 12 =    9.26165,   11.06674      
# span 13 =   3.904173,   4.854941      
# span 14 = 2.1422e-11, 4.5574e+04      
# span 15 =    23.2707,    26.8021      
# span 16 =    23.2704,    26.7983      
# span 17 = 1.0000e-12, 3.2728e-01      
# span 18 =      1.000,    147.000      
# span 19 =          1,          1      
# span 20 =        423,      18171      
# span 21 =    1496.46,    1525.87      
# span 22 = 1.6782e-01, 4.6665e+00      
# span 23 =  51483.485,  54588.308      
# span 24 =     17.591,    757.101      
# span 25 = 1531644513, 1531645253      
# span 26 =      -0.75,       0.57      
# span 27 =     -1.086,      1.007      
# span 28 =   39.96069,   39.96156      
# span 29 =  -71.44353,  -71.44316      
# span 30 =    33.9113,    35.5433      
# span 31 =  1023.2825,  1027.4597      
# span 32 =    23.2782,    26.8063      
# span 33 =    11.5417,    22.0955      
# span 34 = 0.0000e+00, 0.0000e+00      
# interval = decibars: 1                
# start_time = Jul 15 2018 08:48:15 [System UTC, first data scan.]
# bad_flag = -9.990e-29
*END*
[from data line 166]
    125.995    12.4428    35.3335  1027.3303     3.0196     4.8363     80.921    0.00237    5.97656    5.97558      8.643    -0.0632   10.83529   4.082758 2.5320e-11    26.7656    26.7623 1.0000e-12    127.000          1       9348    1500.82 3.9495e+00  54515.633    389.472 1531644885      -0.44     -0.440   39.96106  -71.44324    35.5015  1027.3347    26.7701    12.4258 0.0000e+00
    124.990    12.4468    35.3342  1027.3255     3.0224     4.8379     80.993    0.00212    5.97318    5.97216      8.644    -0.0574   10.82965   4.083267 2.8510e-11    26.7653    26.7620 1.0000e-12    126.000          1       9373    1500.82 3.9495e+00  54515.370    390.520 1531644886      -0.21     -0.873   39.96108  -71.44324    35.5031  1027.3307    26.7705    12.4300 0.0000e+00
    124.007    12.4922    35.3376  1027.3147     3.0319     4.8635     81.529    0.00489    5.96530    5.96417      8.647    -0.0458   10.81658   4.088228 2.6628e-11    26.7590    26.7557 1.0000e-12    125.000          1       9420    1500.96 3.9495e+00  54512.341    392.450 1531644888       0.25     -0.539   39.96108  -71.44324    35.5088  1027.3216    26.7660    12.4754 0.0000e+00
    123.007    12.5588    35.3430  1027.3011     3.0438     4.8949     82.064    0.00644    5.96468    5.96355 -9.990e-29    -0.0497   10.81555   4.095409 2.5415e-11    26.7501    26.7468 1.0000e-12    124.000          1       9465    1501.18 3.9495e+00  54508.714    394.314 1531644890      -0.14     -0.565   39.96108  -71.44324    35.5160  1027.3094    26.7585    12.5421 0.0000e+00
    122.029    12.5927    35.3446  1027.2911     3.0541     4.9025     82.180    0.00338    5.96562    5.96450      8.647    -0.0542   10.81714   4.098472 2.5320e-11    26.7446    26.7413 1.0000e-12    123.000          1       9554    1501.27 3.9495e+00  54505.209    398.059 1531644894      -0.61     -0.256   39.96108  -71.44324    35.5140  1027.2967    26.7503    12.5761 0.0000e+00
    121.018    12.5843    35.3417  1027.2860     3.0556     4.9019     82.156    0.00241    5.96654    5.96542      8.647    -0.0418   10.81868   4.097274 2.5109e-11    26.7440    26.7407 1.0000e-12    122.000          1       9581    1501.22 3.9495e+00  54501.800    399.150 1531644895      -0.18     -0.833   39.96108  -71.44324    35.5108  1027.2915    26.7494    12.5678 0.0000e+00
    120.037    12.5679    35.3366  1027.2809     3.0542     4.8908     81.917   -0.00000    5.97044    5.96937      8.647    -0.0530   10.82523   4.094970 2.5597e-11    26.7433    26.7400 1.0000e-12    121.000          1       9677    1501.15 3.9495e+00  54496.814    403.167 1531644899      -0.05     -0.297   39.96108  -71.44324    35.5044  1027.2853    26.7477    12.5516 0.0000e+00
    119.050    12.5390    35.3283  1027.2758     3.0500     4.8804     81.667   -0.00111    5.97601    5.97501      8.647    -0.0420   10.83464   4.091150 2.4957e-11    26.7425    26.7393 1.0000e-12    120.000          1       9775    1501.02 3.9495e+00  54489.178    407.265 1531644903      -0.01     -0.220   39.96109  -71.44322    35.4950  1027.2794    26.7461    12.5229 0.0000e+00
    118.049    12.5129    35.3157  1027.2667     3.0509     4.8881     81.787   -0.00001    5.97660    5.97560      8.647    -0.0432   10.83564   4.087211 2.5300e-11    26.7378    26.7347 1.0000e-12    119.000          1       9855    1500.91 3.9495e+00  54475.216    410.595 1531644906      -0.17     -0.412   39.96110  -71.44322    35.4819  1027.2700    26.7411    12.4969 0.0000e+00
    117.062    12.5050    35.3122  1027.2611     3.0533     4.8956     81.882    0.00048    5.97882    5.97784      8.647    -0.0630   10.83944   4.086043 2.5320e-11    26.7366    26.7335 1.0000e-12    118.000          1      10733    1500.86 3.9495e+00  54470.970    447.164 1531644943      -0.13     -0.398   39.96115  -71.44320    35.4785  1027.2645    26.7400    12.4891 0.0000e+00
    116.074    12.4998    35.3079  1027.2544     3.0561     4.9088     82.081    0.00192    5.98048    5.97952      8.648    -0.0454   10.84226   4.085068 2.5320e-11    26.7343    26.7312 1.0000e-12    117.000          1      10842    1500.82 3.9495e+00  54465.358    451.702 1531644947      -0.20     -0.551   39.96116  -71.44320    35.4743  1027.2578    26.7377    12.4841 0.0000e+00
    115.077    12.4858    35.2987  1027.2455     3.0554     4.8980     81.898    0.00001    5.98059    5.97962 -9.990e-29    -0.0451   10.84248   4.082680 2.5320e-11    26.7299    26.7268 1.0000e-12    116.000          1      10878    1500.74 3.9495e+00  54454.173    453.213 1531644949       0.12     -0.636   39.96116  -71.44320    35.4648  1027.2488    26.7331    12.4703 0.0000e+00
    114.096    12.4792    35.2916  1027.2369     3.0580     4.9094     82.089    0.00150    5.98053    5.97956 -9.990e-29    -0.0431   10.84242   4.081340 2.5320e-11    26.7256    26.7226 1.0000e-12    115.000          1      10926    1500.70 3.9495e+00  54444.850    455.227 1531644951      -0.20     -0.418   39.96116  -71.44320    35.4585  1027.2408    26.7295    12.4638 0.0000e+00
    113.092    12.4783    35.2885  1027.2302     3.0605     4.9182     82.236    0.00233    5.98052    5.97955 -9.990e-29    -0.0390   10.84241   4.080857 2.5320e-11    26.7234    26.7204 1.0000e-12    114.000          1      10953    1500.67 3.9495e+00  54440.071    456.330 1531644952      -0.25     -0.789   39.96116  -71.44320    35.4551  1027.2339    26.7270    12.4630 0.0000e+00
    112.102    12.4794    35.2866  1027.2241     3.0639     4.9237     82.323    0.00205    5.98101    5.98005 -9.990e-29    -0.0467   10.84323   4.080791 2.5320e-11    26.7217    26.7187 1.0000e-12    113.000          1      10993    1500.66 3.9495e+00  54436.743    458.006 1531644953       0.21     -0.647   39.96116  -71.44320    35.4538  1027.2282    26.7258    12.4643 0.0000e+00
    111.119    12.4783    35.2857  1027.2191     3.0627     4.9097     82.030   -0.00110    5.98522    5.98431      8.648    -0.0424   10.85027   4.080533 2.5320e-11    26.7211    26.7182 1.0000e-12    112.000          1      11043    1500.64 3.9495e+00  54435.022    460.098 1531644956      -0.22     -0.422   39.96116  -71.44320    35.4528  1027.2231    26.7251    12.4634 0.0000e+00
    110.115    12.4757    35.2853  1027.2148     3.0616     4.9076     81.980   -0.00120    5.98630    5.98540      8.647    -0.0506   10.85211   4.080188 2.5320e-11    26.7213    26.7184 1.0000e-12    111.000          1      11072    1500.61 3.9495e+00  54434.258    461.305 1531644957      -0.17     -0.755   39.96116  -71.44320    35.4523  1027.2188    26.7253    12.4609 0.0000e+00
    109.130    12.4474    35.2780  1027.2103     3.0614     4.9191     82.042   -0.00008    5.99586    5.99506      8.645    -0.0464   10.86818   4.076455 2.5320e-11    26.7211    26.7183 1.0000e-12    110.000          1      11121    1500.49 3.9495e+00  54427.977    463.314 1531644959       0.21     -0.503   39.96117  -71.44320    35.4432  1027.2129    26.7238    12.4327 0.0000e+00
    108.144    12.4194    35.2668  1027.2027     3.0610     4.9272     82.007   -0.00022    6.00823    6.00759      8.644    -0.0507   10.88891   4.072301 2.5320e-11    26.7179    26.7150 1.0000e-12    109.000          1      11161    1500.37 3.9495e+00  54416.229    464.998 1531644960      -0.41     -0.544   39.96118  -71.44320    35.4297  1027.2036    26.7188    12.4048 0.0000e+00
    107.138    12.3832    35.2570  1027.1978     3.0594     4.9225     81.902   -0.00082    6.01025    6.00962      8.644    -0.0281   10.89239   4.067516 2.5320e-11    26.7174    26.7146 1.0000e-12    108.000          1      11184    1500.22 3.9495e+00  54407.991    465.952 1531644961      -0.27     -0.932   39.96118  -71.44320    35.4178  1027.1971    26.7167    12.3688 0.0000e+00
    106.151    12.3030    35.2328  1027.1904     3.0585     4.9215     81.861   -0.00077    6.01209    6.01148      8.643    -0.0403   10.89555   4.057088 2.5320e-11    26.7142    26.7114 1.0000e-12    107.000          1      11223    1499.90 3.9495e+00  54386.495    467.586 1531644963       0.28     -0.692   39.96118  -71.44320    35.3924  1027.1888    26.7126    12.2888 0.0000e+00
    105.165    12.2609    35.2107  1027.1771     3.0586     4.9293     81.919    0.00002    6.01724    6.01669      8.642    -0.0464   10.90423   4.051056 2.5320e-11    26.7052    26.7025 1.0000e-12    106.000          1      11270    1499.72 3.9495e+00  54362.106    469.533 1531644965      -0.22     -0.479   39.96118  -71.44320    35.3738  1027.1782    26.7064    12.2469 0.0000e+00
    104.163    12.2436    35.2030  1027.1700     3.0587     4.9296     81.916    0.00008    6.01788    6.01732      8.642    -0.0478   10.90534   4.048394 2.5320e-11    26.7026    26.6999 1.0000e-12    105.000          1      11304    1499.63 3.9495e+00  54353.618    470.969 1531644966       0.02     -0.685   39.96118  -71.44320    35.3647  1027.1700    26.7026    12.2297 0.0000e+00
    103.190    12.2055    35.1846  1027.1587     3.0585     4.9306     81.875   -0.00011    6.02207    6.02157      8.642    -0.0451   10.91238   4.042995 2.5320e-11    26.6956    26.6929 1.0000e-12    104.000          1      11367    1499.46 3.9495e+00  54333.567    473.586 1531644969       0.07     -0.244   39.96118  -71.44320    35.3484  1027.1604    26.6974    12.1918 0.0000e+00
    102.185    12.2081    35.1845  1027.1536     3.0580     4.9341     81.869    0.00013    6.02680    6.02635      8.641    -0.0515   10.92033   4.043173 2.5320e-11    26.6950    26.6923 1.0000e-12    103.000          1      11392    1499.45 3.9495e+00  54332.455    474.640 1531644970      -0.51     -0.709   39.96118  -71.44318    35.3481  1027.1552    26.6966    12.1945 0.0000e+00
    101.188    12.1941    35.1812  1027.1493     3.0554     4.9201     81.609   -0.00197    6.02889    6.02847      8.641    -0.0439   10.92387   4.041338 2.5320e-11    26.6951    26.6925 1.0000e-12    102.000          1      11419    1499.39 3.9495e+00  54329.451    475.738 1531644971       0.03     -0.956   39.96118  -71.44318    35.3438  1027.1502    26.6960    12.1807 0.0000e+00
    100.204    12.1554    35.1690  1027.1429     3.0537     4.9229     81.599   -0.00129    6.03308    6.03270 -9.990e-29    -0.0700   10.93088   4.036183 2.5320e-11    26.6930    26.6905 1.0000e-12    101.000          1      11456    1499.23 3.9495e+00  54318.365    477.281 1531644973       0.15     -0.664   39.96118  -71.44318    35.3304  1027.1429    26.6931    12.1422 0.0000e+00
     99.208    12.1219    35.1562  1027.1350     3.0534     4.9308     81.659   -0.00021    6.03823    6.03791 -9.990e-29    -0.0598   10.93956   4.031667 2.5320e-11    26.6895    26.6870 1.0000e-12    100.000          1      11500    1499.08 3.9495e+00  54305.295    479.106 1531644975       0.13     -0.560   39.96120  -71.44319    35.3184  1027.1356    26.6902    12.1088 0.0000e+00
     98.228    12.0990    35.1469  1027.1279     3.0499     4.9253     81.383   -0.00203    6.05196    6.05180 -9.990e-29    -0.0496   10.96258   4.028546 2.5320e-11    26.6868    26.6843 1.0000e-12     99.000          1      11553    1498.97 3.9495e+00  54295.534    481.339 1531644977      -0.24     -0.369   39.96120  -71.44320    35.3099  1027.1291    26.6880    12.0861 0.0000e+00
     97.220    12.0516    35.1342  1027.1226     3.0457     4.9123     81.142   -0.00313    6.05388    6.05374 -9.990e-29    -0.0443   10.96589   4.022022 2.5320e-11    26.6859    26.6835 1.0000e-12     98.000          1      11580    1498.78 3.9495e+00  54285.248    482.444 1531644978      -0.24     -0.786   39.96120  -71.44318    35.2913  1027.1194    26.6827    12.0388 0.0000e+00
     96.237    11.9761    35.1111  1027.1149     3.0420     4.9091     81.038   -0.00266    6.05777    6.05767      8.636    -0.0523   10.97242   4.012552 2.5320e-11    26.6824    26.6800 1.0000e-12     97.000          1      11618    1498.48 3.9495e+00  54264.809    484.050 1531644980       0.21     -0.665   39.96120  -71.44318    35.2703  1027.1133    26.6809    11.9635 0.0000e+00
     95.243    11.9513    35.0978  1027.1049     3.0410     4.9158     81.129   -0.00090    6.05926    6.05918      8.636    -0.0481   10.97493   4.008901 2.5320e-11    26.6768    26.6744 1.0000e-12     96.000          1      11652    1498.36 3.9495e+00  54249.982    485.468 1531644981      -0.22     -0.654   39.96120  -71.44318    35.2584  1027.1044    26.6763    11.9389 0.0000e+00
     94.247    11.9262    35.0890  1027.0984     3.0394     4.9143     81.059   -0.00100    6.06258    6.06253      8.635    -0.0455   10.98052   4.005623 2.5320e-11    26.6747    26.6724 1.0000e-12     95.000          1      11687    1498.25 3.9495e+00  54241.285    486.919 1531644982       0.11     -0.726   39.96120  -71.44318    35.2504  1027.0986    26.6749    11.9139 0.0000e+00
     93.260    11.9071    35.0822  1027.0923     3.0351     4.9035     80.800   -0.00221    6.06873    6.06876      8.634    -0.0446   10.99091   4.003065 2.5320e-11    26.6731    26.6708 1.0000e-12     94.000          1      11737    1498.16 3.9495e+00  54234.433    488.985 1531644984       0.02     -0.470   39.96121  -71.44318    35.2438  1027.0927    26.6734    11.8949 0.0000e+00
     92.273    11.8674    35.0664  1027.0832     3.0318     4.9014     80.701   -0.00181    6.07347    6.07354      8.633    -0.0440   10.99892   3.997474 2.5320e-11    26.6683    26.6661 1.0000e-12     93.000          1      11781    1497.99 3.9495e+00  54218.570    490.816 1531644986      -0.10     -0.526   39.96122  -71.44318    35.2268  1027.0827    26.6678    11.8554 0.0000e+00
     91.275    11.8480    35.0595  1027.0770     3.0353     4.9252     81.055    0.00126    6.07633    6.07643      8.635    -0.0433   11.00378   3.994920 2.5320e-11    26.6666    26.6643 1.0000e-12     92.000          1      11808    1497.90 3.9495e+00  54211.549    491.969 1531644987      -0.24     -0.766   39.96122  -71.44318    35.2205  1027.0770    26.6666    11.8361 0.0000e+00
     90.279    11.8258    35.0474  1027.0674     3.0383     4.9411     81.296    0.00298    6.07789    6.07800      8.637    -0.0304   11.00645   3.991502 2.5320e-11    26.6614    26.6591 1.0000e-12     91.000          1      11836    1497.79 3.9495e+00  54197.809    493.138 1531644989       0.04     -0.888   39.96122  -71.44318    35.2083  1027.0673    26.6613    11.8141 0.0000e+00
     89.290    11.7968    35.0296  1027.0546     3.0467     4.9610     81.620    0.00343    6.07811    6.07823      8.638    -0.0381   11.00687   3.986946 2.5320e-11    26.6530    26.6508 1.0000e-12     90.000          1      11890    1497.65 3.9495e+00  54177.396    495.386 1531644991       0.16     -0.469   39.96122  -71.44318    35.1913  1027.0553    26.6536    11.7852 0.0000e+00
     88.299    11.7859    35.0187  1027.0438     3.0556     4.9752     81.841    0.00233    6.07909    6.07922      8.638    -0.0297   11.00855   3.984969 2.5320e-11    26.6466    26.6444 1.0000e-12     89.000          1      11972    1497.58 3.9495e+00  54163.509    498.778 1531644994      -0.03     -0.307   39.96122  -71.44318    35.1826  1027.0461    26.6489    11.7745 0.0000e+00
     87.306    11.7724    35.0078  1027.0334     3.0610     4.9904     82.014    0.00224    6.08475    6.08494      8.637    -0.0377   11.01813   3.982587 2.5320e-11    26.6406    26.6385 1.0000e-12     88.000          1      12580    1497.51 3.9495e+00  54150.070    524.134 1531645020      -0.03     -0.304   39.96126  -71.44317    35.1723  1027.0363    26.6435    11.7611 0.0000e+00
     86.319    11.7445    34.9937  1027.0233     3.0626     4.9941     81.928    0.00064    6.09574    6.09605 -9.990e-29    -0.0273   11.03669   3.978235 2.5320e-11    26.6349    26.6328 1.0000e-12     87.000          1      12979    1497.38 3.9495e+00  54134.664    540.767 1531645036      -0.29     -0.394   39.96128  -71.44316    35.1563  1027.0247    26.6364    11.7333 0.0000e+00
