CalculateIndicators/WaterTemperature/Data/CTD_NYOS/NY1807C08.cnv
* Sea-Bird SBE 9 Data File:
* FileName = C:\Seabird 9 CTD\Data\2018\OffshoreCruise201807\NY1807C08.hex
* Software Version Seasave V 7.23.2
* Temperature SN = 4590
* Conductivity SN = 3228
* Number of Bytes Per Scan = 44
* Number of Voltage Words = 5
* Number of Scans Averaged by the Deck Unit = 1
* NMEA Latitude = 40 42.76 N
* NMEA Longitude = 072 25.05 W
* NMEA UTC (Time) = Jul 16 2018  06:51:37
* NMEA baud rate = 4800
** Ship: RV Seawolf
** Station: NY1807C08
** Operator: jdw
# nquan = 35
# nvalues = 60                          
# units = specified
# name 0 = depSM: Depth [salt water, m]
# name 1 = t090C: Temperature [ITS-90, deg C]
# name 2 = sal00: Salinity, Practical [PSU]
# name 3 = density00: Density [density, kg/m^3]
# name 4 = sbeox0V: Oxygen raw, SBE 43 [V]
# name 5 = sbeox0ML/L: Oxygen, SBE 43 [ml/l]
# name 6 = sbeox0PS: Oxygen, SBE 43 [% saturation]
# name 7 = sbox0dV/dT: Oxygen, SBE 43 [dov/dt]
# name 8 = oxsolML/L: Oxygen Saturation, Garcia & Gordon [ml/l]
# name 9 = oxsatML/L: Oxygen Saturation, Weiss [ml/l]
# name 10 = ph: pH
# name 11 = flECO-AFL: Fluorescence, WET Labs ECO-AFL/FL [mg/m^3]
# name 12 = n2satML/L: Nitrogen Saturation [ml/l]
# name 13 = c0S/m: Conductivity [S/m]
# name 14 = cpar: CPAR/Corrected Irradiance [%]
# name 15 = sigma-é00: Density [sigma-theta, kg/m^3]
# name 16 = sigma-t00: Density [sigma-t, kg/m^3 ]
# name 17 = par: PAR/Irradiance, Biospherical/Licor
# name 18 = prDM: Pressure, Digiquartz [db]
# name 19 = pumps: Pump Status
# name 20 = scan: Scan Count
# name 21 = svCM: Sound Velocity [Chen-Millero, m/s]
# name 22 = spar: SPAR, Biospherical/Licor
# name 23 = specc: Specific Conductance [uS/cm]
# name 24 = timeS: Time, Elapsed [seconds]
# name 25 = timeY: Time, System [seconds]
# name 26 = accM: Acceleration [m/s^2]
# name 27 = dz/dtM: Descent Rate [m/s]
# name 28 = latitude: Latitude [deg]
# name 29 = longitude: Longitude [deg]
# name 30 = gsw_saA0: Absolute Salinity [g/kg]
# name 31 = gsw_densityA0: density, TEOS-10 [density, kg/m^3]
# name 32 = gsw_sigma0A0: density, TEOS-10 [sigma-0, kg/m^3 ]
# name 33 = gsw_ptA0: potential temperature [ITS-90, deg C]
# name 34 = flag: flag
# span 0 =      0.981,     30.760       
# span 1 =     9.5724,    21.6212       
# span 2 =    31.4893,    32.5446       
# span 3 =  1021.7269,  1025.2020       
# span 4 =     3.3664,     4.2235       
# span 5 =     5.5184,     7.1279       
# span 6 =     90.242,    123.355       
# span 7 =   -0.11026,    0.10584       
# span 8 =    5.12653,    6.48086       
# span 9 =    5.11538,    6.48419       
# span 10 =      8.634,      8.841      
# span 11 =     0.4521,     1.2710      
# span 12 =    9.46366,   11.70314      
# span 13 =   3.517555,   4.524034      
# span 14 = 1.6886e-11, 4.7342e+00      
# span 15 =    21.7182,    25.0617      
# span 16 =    21.7181,    25.0612      
# span 17 = 1.0000e-12, 2.3048e-01      
# span 18 =      1.000,     31.000      
# span 19 =          1,          1      
# span 20 =        287,       9076      
# span 21 =    1485.59,    1522.17      
# span 22 = 3.9128e+00, 5.9242e+00      
# span 23 =  48429.269,  51017.176      
# span 24 =     11.930,    378.130      
# span 25 = 1531723979, 1531724345      
# span 26 =      -0.26,       0.40      
# span 27 =     -0.831,      0.899      
# span 28 =   40.71252,   40.71270      
# span 29 =  -72.41768,  -72.41746      
# span 30 =    31.6376,    32.6989      
# span 31 =  1021.7469,  1025.2054      
# span 32 =    21.7382,    25.0652      
# span 33 =     9.5695,    21.6208      
# span 34 = 0.0000e+00, 0.0000e+00      
# interval = decibars: 1                
# start_time = Jul 16 2018 06:52:47 [System UTC, first data scan.]
# bad_flag = -9.990e-29
*END*
[from data line 42]
     17.863    10.0035    32.3421  1024.9583     3.6312     6.5378    101.912    0.00947    6.41509    6.41743      8.678     0.5774   11.59571   3.549619 2.3641e-11    24.8769    24.8766 1.0000e-12     18.000          1       5622    1486.91 4.0663e+00  50693.210    234.204 1531724201       0.09     -0.404   40.71260  -72.41758    32.5004  1024.9657    24.8843    10.0015 0.0000e+00
     16.868    10.0533    32.3174  1024.9263     3.6392     6.5030    101.742    0.00424    6.39161    6.39362      8.682     0.5775   11.55705   3.551622 2.4817e-11    24.8494    24.8491 1.0000e-12     17.000          1       5666    1487.04 3.9483e+00  50648.295    236.061 1531724203      -0.18     -0.538   40.71259  -72.41758    32.4765  1024.9344    24.8575    10.0514 0.0000e+00
     15.872    10.2207    32.3191  1024.8948     3.7087     6.7061    104.991    0.01438    6.38807    6.39004      8.691     0.5923   11.55104   3.566933 2.1760e-11    24.8225    24.8222 1.0000e-12     16.000          1       5782    1487.62 4.7225e+00  50620.278    240.862 1531724208       0.04     -0.342   40.71258  -72.41758    32.4819  1024.9058    24.8335    10.2189 0.0000e+00
     14.881    10.7658    32.3139  1024.7934     3.9122     6.9954    111.273    0.00523    6.28656    6.28720      8.711     0.5446   11.38318   3.614264 2.0839e-11    24.7257    24.7254 1.0000e-12     15.000          1       6926    1489.55 5.0006e+00  50515.926    288.529 1531724255      -0.12     -0.404   40.71255  -72.41752    32.4722  1024.8012    24.7336    10.7641 0.0000e+00
     13.891    10.8814    32.3011  1024.7587     3.9456     7.0008    113.361    0.01848    6.17582    6.17501      8.711     0.6451   11.20072   3.623802 1.9881e-11    24.6956    24.6953 1.0000e-12     14.000          1       7082    1489.93 5.2221e+00  50478.479    295.047 1531724262      -0.08     -0.491   40.71254  -72.41752    32.4652  1024.7711    24.7080    10.8797 0.0000e+00
     12.901    11.4452    32.2585  1024.6203     3.9927     7.1279    115.426    0.02409    6.17504    6.17422      8.728     0.6748   11.19933   3.673030 2.1481e-11    24.5619    24.5616 1.0000e-12     13.000          1       7131    1491.84 4.8477e+00  50326.235    297.075 1531724264       0.06     -0.494   40.71254  -72.41752    32.4553  1024.6585    24.6001    11.4436 0.0000e+00
     11.904    11.8427    32.2287  1024.5205     4.0179     6.9687    115.401    0.01371    6.03925    6.03676      8.745     0.6812   10.97511   3.702372 2.3377e-11    24.4667    24.4664 1.0000e-12     12.000          1       7174    1493.17 4.4041e+00  50222.623    298.857 1531724266      -0.09     -0.565   40.71254  -72.41752    32.3954  1024.5356    24.4818    11.8412 0.0000e+00
     10.917    12.3532    32.1713  1024.3748     4.1307     7.0509    121.685    0.05157    5.79421    5.78892      8.738     0.8013   10.56921   3.748656 2.4437e-11    24.3256    24.3253 1.0000e-12     11.000          1       7230    1494.82 4.6087e+00  50070.534    301.209 1531724268       0.11     -0.405   40.71254  -72.41752    32.4005  1024.4387    24.3895    12.3518 0.0000e+00
      9.922    14.4992    32.0845  1023.8756     4.1918     6.9332    122.037    0.02558    5.68118    5.67473      8.750     0.8702   10.38148   3.938852 2.2769e-11    23.8313    23.8310 1.0000e-12     10.000          1       7277    1501.83 -9.990e-29  49679.615    303.150 1531724270      -0.20     -0.529   40.71254  -72.41752    32.3636  1023.9785    23.9342    14.4978 0.0000e+00
      8.926    15.5763    32.0567  1023.6168     4.1873     6.8114    120.519    0.00366    5.65164    5.64490      8.747     0.8442   10.33286   4.027798 2.3250e-11    23.5771    23.5768 1.0000e-12      9.000          1       7448    1505.20 4.4373e+00  49535.620    310.311 1531724277      -0.03     -0.377   40.71254  -72.41751    32.2775  1023.6752    23.6355    15.5749 0.0000e+00
      7.936    17.0920    32.0011  1023.2272     4.2235     6.6874    121.766    0.00391    5.49189    5.48348      8.747     0.6856   10.07098   4.156867 2.1905e-11    23.1921    23.1918 1.0000e-12      8.000          1       8280    1509.80 4.7488e+00  49327.771    344.966 1531724312      -0.26     -0.438   40.71252  -72.41748    32.1871  1023.2592    23.2241    17.0907 0.0000e+00
      6.948    17.6970    31.7152  1022.8617     4.2121     6.4034    120.455   -0.01323    5.31646    5.30658      8.734     0.6650    9.78060   4.176528 1.9618e-11    22.8311    22.8308 1.0000e-12      7.000          1       8340    1511.28 5.2836e+00  48887.062    347.470 1531724314      -0.06     -0.589   40.71252  -72.41748    31.8776  1022.8768    22.8462    17.6958 0.0000e+00
      5.952    18.1140    31.6478  1022.7045     4.2062     6.2467    121.044    0.00129    5.16047    5.14951      8.725     0.5652    9.52089   4.213786 1.9666e-11    22.6783    22.6780 1.0000e-12      6.000          1       8379    1512.41 5.2724e+00  48766.952    349.093 1531724316       0.12     -0.630   40.71252  -72.41748    31.8679  1022.7638    22.7375    18.1130 0.0000e+00
      4.968    20.3242    31.4893  1022.0228     4.0344     5.6350    109.651   -0.11026    5.13924    5.12815      8.723     0.4707    9.48534   4.408371 2.1047e-11    22.0011    22.0009 1.0000e-12      5.000          1       8422    1518.53 4.9492e+00  48429.269    350.858 1531724318      -0.23     -0.495   40.71252  -72.41748    31.7833  1022.1382    22.1165    20.3233 0.0000e+00
      3.963    21.2868    31.5274  1021.7929     3.9487     5.5184    107.474   -0.09345    5.13460    5.12349      8.720     0.4676    9.47758   4.496426 2.0690e-11    21.7757    21.7755 1.0000e-12      4.000          1       8448    1521.20 5.0327e+00  48441.064    351.973 1531724319      -0.16     -0.831   40.71252  -72.41748    31.7687  1021.8677    21.8505    21.2860 0.0000e+00
      2.978    21.5124    31.5388  1021.7366     3.8999     5.5713    108.405   -0.03849    5.13930    5.12822      8.717     0.4687    9.48519   4.515505 2.8978e-01    21.7236    21.7235 1.1966e-02      3.000          1       8485    1521.81 4.7205e+00  48446.975    353.491 1531724320       0.18     -0.699   40.71252  -72.41748    31.7528  1021.7905    21.7776    21.5118 0.0000e+00
      1.981    21.5564    31.5475  1021.7269     3.8818     5.6088    109.036   -0.01213    5.14399    5.13294      8.717     0.4536    9.49287   4.519156 4.7342e+00    21.7182    21.7181 2.3048e-01      2.000          1       8529    1521.92 4.9782e+00  48457.360    355.324 1531724322       0.10     -0.557   40.71252  -72.41748    31.7493  1021.7716    21.7629    21.5561 0.0000e+00
      0.981    21.4282    31.5998  1021.7969     3.8757     5.6269    109.692    0.00575    5.12965    5.11853      8.742     0.4586    9.46892   4.506932 6.4074e-01    21.7926    21.7926 4.8811e-02      1.000          1       9076    1521.61 5.4373e+00  48533.303    378.130 1531724345      -0.19     -0.144   40.71252  -72.41746    31.7481  1021.8011    21.7968    21.4280 0.0000e+00
