CalculateIndicators/WaterTemperature/Data/CTD_NYOS/NY1807C22.cnv
* Sea-Bird SBE 9 Data File:
* FileName = C:\Seabird 9 CTD\Data\2018\OffshoreCruise201807\NY1807C22.hex
* Software Version Seasave V 7.23.2
* Temperature SN = 4590
* Conductivity SN = 3228
* Number of Bytes Per Scan = 44
* Number of Voltage Words = 5
* Number of Scans Averaged by the Deck Unit = 1
* NMEA Latitude = 39 26.77 N
* NMEA Longitude = 072 38.09 W
* NMEA UTC (Time) = Jul 19 2018  05:02:16
* NMEA baud rate = 4800
** Ship: RV Seawolf
** Station: NY1807C22
** Operator: jdw
# nquan = 35
# nvalues = 182                         
# units = specified
# name 0 = depSM: Depth [salt water, m]
# name 1 = t090C: Temperature [ITS-90, deg C]
# name 2 = sal00: Salinity, Practical [PSU]
# name 3 = density00: Density [density, kg/m^3]
# name 4 = sbeox0V: Oxygen raw, SBE 43 [V]
# name 5 = sbeox0ML/L: Oxygen, SBE 43 [ml/l]
# name 6 = sbeox0PS: Oxygen, SBE 43 [% saturation]
# name 7 = sbox0dV/dT: Oxygen, SBE 43 [dov/dt]
# name 8 = oxsolML/L: Oxygen Saturation, Garcia & Gordon [ml/l]
# name 9 = oxsatML/L: Oxygen Saturation, Weiss [ml/l]
# name 10 = ph: pH
# name 11 = flECO-AFL: Fluorescence, WET Labs ECO-AFL/FL [mg/m^3]
# name 12 = n2satML/L: Nitrogen Saturation [ml/l]
# name 13 = c0S/m: Conductivity [S/m]
# name 14 = cpar: CPAR/Corrected Irradiance [%]
# name 15 = sigma-é00: Density [sigma-theta, kg/m^3]
# name 16 = sigma-t00: Density [sigma-t, kg/m^3 ]
# name 17 = par: PAR/Irradiance, Biospherical/Licor
# name 18 = prDM: Pressure, Digiquartz [db]
# name 19 = pumps: Pump Status
# name 20 = scan: Scan Count
# name 21 = svCM: Sound Velocity [Chen-Millero, m/s]
# name 22 = spar: SPAR, Biospherical/Licor
# name 23 = specc: Specific Conductance [uS/cm]
# name 24 = timeS: Time, Elapsed [seconds]
# name 25 = timeY: Time, System [seconds]
# name 26 = accM: Acceleration [m/s^2]
# name 27 = dz/dtM: Descent Rate [m/s]
# name 28 = latitude: Latitude [deg]
# name 29 = longitude: Longitude [deg]
# name 30 = gsw_saA0: Absolute Salinity [g/kg]
# name 31 = gsw_densityA0: density, TEOS-10 [density, kg/m^3]
# name 32 = gsw_sigma0A0: density, TEOS-10 [sigma-0, kg/m^3 ]
# name 33 = gsw_ptA0: potential temperature [ITS-90, deg C]
# name 34 = flag: flag
# span 0 =      0.970,     91.285       
# span 1 =     8.4760,    23.1660       
# span 2 =    32.9379,    33.6979       
# span 3 =  1022.3414,  1026.5295       
# span 4 =     3.1099,     4.2107       
# span 5 =     5.2168,     6.8006       
# span 6 =     83.442,    122.113       
# span 7 =   -0.06785,    0.05624       
# span 8 =    4.94805,    6.59271       
# span 9 =    4.93637,    6.59871       
# span 10 =      8.634,      8.938      
# span 11 =    -0.0405,     1.1542      
# span 12 =    9.15311,   11.87530      
# span 13 =   3.523624,   4.849620      
# span 14 = 2.5320e-11, 8.8534e+01      
# span 15 =    22.3328,    26.1123      
# span 16 =    22.3327,    26.1108      
# span 17 = 1.0000e-12, 3.4966e+00      
# span 18 =      1.000,     92.000      
# span 19 =          1,          1      
# span 20 =        -76,      13386      
# span 21 =    1483.38,    1527.75      
# span 22 = 3.9495e+00, 3.9495e+00      
# span 23 =  50314.223,  52871.709      
# span 24 =     -3.206,    557.727      
# span 25 = 1531976599, 1531977160      
# span 26 =      -0.42,       0.37      
# span 27 =     -0.900,      0.987      
# span 28 =   39.44634,   39.44769      
# span 29 =  -72.63514,  -72.63496      
# span 30 =    33.1069,    33.8576      
# span 31 =  1022.3459,  1026.5320      
# span 32 =    22.3404,    26.1161      
# span 33 =     8.4697,    23.1658      
# span 34 = 0.0000e+00, 0.0000e+00      
# interval = decibars: 1                
# start_time = Jul 19 2018 05:03:23 [System UTC, first data scan.]
# bad_flag = -9.990e-29
*END*
[from data line 83]
     84.339     8.7686    33.6560  1026.4892     3.1142     5.4893     83.950    0.00079    6.53881    6.54418      8.676    -0.0357   11.78437   3.569383 2.5320e-11    26.1034    26.1020 1.0000e-12     85.000          1       3415    1485.09 3.9495e+00  52842.304    142.265 1531976745      -0.24      0.679   39.44672  -72.63514    33.8193  1026.4950    26.1092     8.7597 0.0000e+00
     85.330     8.7909    33.6624  1026.4952     3.1152     5.4834     83.934    0.00016    6.53304    6.53833      8.675    -0.0342   11.77472   3.572007 2.5320e-11    26.1050    26.1036 1.0000e-12     86.000          1       3468    1485.19 3.9495e+00  52846.946    144.473 1531976747       0.26      0.414   39.44672  -72.63514    33.8252  1026.5006    26.1104     8.7819 0.0000e+00
     86.315     8.8301    33.6727  1026.5016     3.1160     5.4812     83.997    0.00039    6.52546    6.53065      8.677    -0.0321   11.76204   3.576672 2.5320e-11    26.1069    26.1055 1.0000e-12     87.000          1       3526    1485.37 3.9495e+00  52853.346    146.895 1531976749      -0.15      0.406   39.44672  -72.63514    33.8365  1026.5078    26.1131     8.8209 0.0000e+00
     87.313     8.8611    33.6809  1026.5077     3.1170     5.4842     84.051    0.00056    6.52491    6.53010      8.675    -0.0276   11.76112   3.580439 2.5320e-11    26.1085    26.1071 1.0000e-12     88.000          1       3565    1485.51 3.9495e+00  52858.669    148.484 1531976751       0.28      0.634   39.44674  -72.63514    33.8461  1026.5149    26.1158     8.8518 0.0000e+00
     88.305     8.8903    33.6880  1026.5132     3.1209     5.4998     84.303    0.00175    6.52383    6.52901      8.674    -0.0174   11.75932   3.583600 2.5320e-11    26.1095    26.1081 1.0000e-12     89.000          1       3615    1485.64 3.9495e+00  52862.925    150.575 1531976753      -0.17      0.479   39.44674  -72.63514    33.8510  1026.5187    26.1151     8.8809 0.0000e+00
     89.297     8.8983    33.6907  1026.5186     3.1199     5.4838     84.092   -0.00030    6.52121    6.52635      8.673    -0.0205   11.75493   3.584574 2.5320e-11    26.1104    26.1089 1.0000e-12     90.000          1       3680    1485.69 3.9495e+00  52865.590    153.308 1531976756      -0.04      0.377   39.44674  -72.63514    33.8531  1026.5236    26.1155     8.8888 0.0000e+00
     90.291     8.9163    33.6960  1026.5244     3.1195     5.4923     84.225    0.00059    6.52105    6.52619      8.671    -0.0314   11.75465   3.586678 2.5320e-11    26.1118    26.1103 1.0000e-12     91.000          1       3828    1485.78 3.9495e+00  52869.727    159.464 1531976762       0.13      0.286   39.44676  -72.63514    33.8576  1026.5288    26.1161     8.9067 0.0000e+00
     91.285     8.9221    33.6979  1026.5295     3.1242     5.4957     84.276    0.00043    6.52107    6.52621      8.650    -0.0066   11.75469   3.587203 2.5320e-11    26.1123    26.1108 1.0000e-12     92.000          1       4817    1485.82 3.9495e+00  52871.709    200.676 1531976803      -0.20      0.130   39.44687  -72.63508    33.8571  1026.5320    26.1149     8.9124 0.0000e+00
     90.288     8.9143    33.6956  1026.5244     3.1222     5.4879     84.130   -0.00063    6.52318    6.52834      8.655    -0.0187   11.75820   3.586241 2.5320e-11    26.1118    26.1103 1.0000e-12     91.000          1       4653    1485.78 3.9495e+00  52869.634    193.839 1531976796      -0.10     -0.356   39.44684  -72.63508    33.8549  1026.5270    26.1144     8.9047 0.0000e+00
     89.299     8.9081    33.6943  1026.5198     3.1235     5.5012     84.300    0.00090    6.52577    6.53097 -9.990e-29    -0.0400   11.76253   3.585531 2.5320e-11    26.1117    26.1102 1.0000e-12     90.000          1       4681    1485.73 3.9495e+00  52868.503    194.999 1531976798      -0.16     -0.538   39.44685  -72.63508    33.8538  1026.5226    26.1145     8.8986 0.0000e+00
     88.300     8.9022    33.6930  1026.5152     3.1227     5.4961     84.161   -0.00028    6.53048    6.53574      8.655    -0.0252   11.77041   3.584757 2.5320e-11    26.1116    26.1102 1.0000e-12     89.000          1       4714    1485.69 3.9495e+00  52867.347    196.388 1531976799      -0.01     -0.713   39.44686  -72.63508    33.8517  1026.5174    26.1138     8.8929 0.0000e+00
     87.315     8.8827    33.6884  1026.5102     3.1216     5.4973     84.080   -0.00061    6.53825    6.54361      8.652    -0.0179   11.78340   3.582411 2.5320e-11    26.1111    26.1096 1.0000e-12     88.000          1       4759    1485.60 3.9495e+00  52864.556    198.259 1531976801       0.08     -0.519   39.44686  -72.63506    33.8462  1026.5116    26.1125     8.8734 0.0000e+00
     86.321     8.8467    33.6793  1026.5042     3.1212     5.5007     84.073   -0.00046    6.54279    6.54821      8.651    -0.0309   11.79099   3.578054 2.5320e-11    26.1095    26.1080 1.0000e-12     87.000          1       4794    1485.44 3.9495e+00  52859.009    199.698 1531976802      -0.20     -0.649   39.44686  -72.63506    33.8352  1026.5041    26.1095     8.8376 0.0000e+00
     85.323     8.8137    33.6718  1026.4990     3.1205     5.5024     84.047   -0.00039    6.54678    6.55225      8.650    -0.0357   11.79768   3.574205 2.5320e-11    26.1088    26.1074 1.0000e-12     86.000          1       4824    1485.29 3.9495e+00  52855.070    200.953 1531976804      -0.01     -0.800   39.44687  -72.63506    33.8266  1026.4981    26.1079     8.8047 0.0000e+00
     84.338     8.7758    33.6615  1026.4923     3.1176     5.4927     83.829   -0.00160    6.55227    6.55781      8.647 -9.990e-29   11.80686   3.569818 2.5320e-11    26.1066    26.1052 1.0000e-12     85.000          1       4866    1485.12 3.9495e+00  52848.333    202.716 1531976805       0.15     -0.574   39.44688  -72.63506    33.8170  1026.4921    26.1063     8.7669 0.0000e+00
     83.342     8.7435    33.6526  1026.4859     3.1158     5.4916     83.795   -0.00116    6.55354    6.55910      8.646 -9.990e-29   11.80900   3.565903 2.5320e-11    26.1046    26.1032 1.0000e-12     84.000          1       4904    1484.98 3.9495e+00  52842.389    204.282 1531976807      -0.13     -0.623   39.44688  -72.63504    33.8071  1026.4848    26.1035     8.7348 0.0000e+00
     82.352     8.7144    33.6447  1026.4797     3.1132     5.4836     83.658   -0.00148    6.55475    6.56032      8.646    -0.0405   11.81103   3.562617 2.5320e-11    26.1029    26.1016 1.0000e-12     83.000          1       4947    1484.84 3.9495e+00  52837.188    206.078 1531976809       0.12     -0.570   39.44688  -72.63504    33.8006  1026.4798    26.1030     8.7058 0.0000e+00
     81.365     8.7071    33.6406  1026.4731     3.1117     5.4844     83.653   -0.00083    6.55613    6.56172      8.646    -0.0295   11.81334   3.561570 2.5320e-11    26.1008    26.0995 1.0000e-12     82.000          1       4987    1484.79 3.9495e+00  52832.333    207.752 1531976810      -0.21     -0.553   39.44690  -72.63504    33.7971  1026.4736    26.1013     8.6985 0.0000e+00
     80.365     8.7032    33.6396  1026.4684     3.1110     5.4834     83.630   -0.00078    6.55668    6.56228      8.646    -0.0328   11.81426   3.561117 2.5320e-11    26.1006    26.0993 1.0000e-12     81.000          1       5013    1484.76 3.9495e+00  52831.143    208.850 1531976811      -0.20     -0.830   39.44690  -72.63504    33.7965  1026.4692    26.1014     8.6948 0.0000e+00
     79.370     8.6955    33.6379  1026.4637     3.1100     5.4817     83.597   -0.00066    6.55732    6.56293      8.645    -0.0216   11.81535   3.560218 2.5320e-11    26.1004    26.0992 1.0000e-12     80.000          1       5044    1484.71 3.9495e+00  52829.830    210.138 1531976813       0.12     -0.836   39.44690  -72.63504    33.7948  1026.4646    26.1013     8.6871 0.0000e+00
     78.387     8.6879    33.6354  1026.4584     3.1110     5.4910     83.725    0.00050    6.55845    6.56407      8.646    -0.0342   11.81723   3.559310 2.5320e-11    26.0996    26.0984 1.0000e-12     79.000          1       5092    1484.66 3.9495e+00  52827.339    212.131 1531976815       0.10     -0.474   39.44690  -72.63504    33.7929  1026.4597    26.1010     8.6797 0.0000e+00
     77.390     8.6836    33.6337  1026.4531     3.1138     5.5050     83.912    0.00166    6.56044    6.56608      8.645    -0.0381   11.82056   3.558731 2.5320e-11    26.0990    26.0977 1.0000e-12     78.000          1       5131    1484.63 3.9495e+00  52825.274    213.756 1531976816      -0.12     -0.609   39.44690  -72.63504    33.7914  1026.4546    26.1004     8.6755 0.0000e+00
     76.404     8.6766    33.6319  1026.4483     3.1138     5.4961     83.763    0.00011    6.56146    6.56712      8.643    -0.0321   11.82228   3.557876 2.5320e-11    26.0986    26.0974 1.0000e-12     77.000          1       5170    1484.59 3.9495e+00  52823.696    215.369 1531976818       0.03     -0.618   39.44692  -72.63503    33.7895  1026.4497    26.1000     8.6686 0.0000e+00
     75.409     8.6656    33.6294  1026.4435     3.1135     5.4939     83.725   -0.00017    6.56186    6.56753      8.642    -0.0139   11.82295   3.556579 2.5320e-11    26.0983    26.0971 1.0000e-12     76.000          1       5200    1484.52 3.9495e+00  52821.944    216.614 1531976819      -0.20     -0.735   39.44692  -72.63502    33.7868  1026.4448    26.0996     8.6577 0.0000e+00
     74.408     8.6604    33.6274  1026.4381     3.1128     5.4905     83.673   -0.00044    6.56187    6.56754      8.642    -0.0267   11.82296   3.555923 2.5320e-11    26.0975    26.0963 1.0000e-12     75.000          1       5234    1484.48 3.9495e+00  52819.637    218.031 1531976821       0.12     -0.747   39.44692  -72.63502    33.7852  1026.4398    26.0992     8.6527 0.0000e+00
     73.422     8.6558    33.6255  1026.4328     3.1114     5.4877     83.627   -0.00033    6.56212    6.56778      8.635    -0.0242   11.82338   3.555386 2.5320e-11    26.0968    26.0956 1.0000e-12     74.000          1       5547    1484.45 3.9495e+00  52817.345    231.076 1531976834      -0.13     -0.042   39.44697  -72.63501    33.7845  1026.4353    26.0993     8.6482 0.0000e+00
     72.431     8.6560    33.6248  1026.4277     3.1131     5.4956     83.717    0.00025    6.56446    6.57016      8.634    -0.0323   11.82732   3.555346 2.5320e-11    26.0962    26.0950 1.0000e-12     73.000          1       6401    1484.43 3.9495e+00  52815.694    266.680 1531976869      -0.42     -0.519   39.44711  -72.63498    33.7843  1026.4306    26.0991     8.6485 0.0000e+00
     71.438     8.6484    33.6229  1026.4228     3.1144     5.5037     83.797    0.00077    6.56789    6.57363      8.635    -0.0277   11.83308   3.554356 2.5320e-11    26.0958    26.0947 1.0000e-12     72.000          1       6449    1484.39 3.9495e+00  52814.004    268.651 1531976871       0.13     -0.606   39.44712  -72.63498    33.7815  1026.4251    26.0981     8.6410 0.0000e+00
     70.453     8.6363    33.6179  1026.4163     3.1162     5.5119     83.864    0.00097    6.57235    6.57814      8.636    -0.0205   11.84057   3.552685 2.5320e-11    26.0937    26.0926 1.0000e-12     71.000          1       6493    1484.32 3.9495e+00  52809.038    270.503 1531976873      -0.14     -0.502   39.44712  -72.63499    33.7760  1026.4181    26.0956     8.6289 0.0000e+00
     69.454     8.6188    33.6118  1026.4096     3.1173     5.5140     83.884    0.00082    6.57337    6.57918      8.636    -0.0296   11.84228   3.550387 2.5320e-11    26.0916    26.0905 1.0000e-12     70.000          1       6522    1484.23 3.9495e+00  52803.675    271.705 1531976874      -0.18     -0.765   39.44713  -72.63500    33.7688  1026.4107    26.0927     8.6116 0.0000e+00
     68.460     8.5976    33.6039  1026.4021     3.1208     5.5299     84.113    0.00210    6.57437    6.58019      8.636    -0.0305   11.84396   3.547655 2.5320e-11    26.0887    26.0876 1.0000e-12     69.000          1       6554    1484.12 3.9495e+00  52796.708    273.037 1531976876       0.10     -0.792   39.44714  -72.63500    33.7606  1026.4030    26.0895     8.5905 0.0000e+00
     67.471     8.5854    33.6002  1026.3966     3.1259     5.5489     84.387    0.00325    6.57558    6.58141      8.637    -0.0234   11.84598   3.546250 2.5320e-11    26.0876    26.0866 1.0000e-12     68.000          1       6593    1484.06 3.9495e+00  52793.664    274.677 1531976877       0.05     -0.613   39.44714  -72.63498    33.7579  1026.3982    26.0892     8.5784 0.0000e+00
     66.479     8.5777    33.5973  1026.3910     3.1298     5.5535     84.429    0.00230    6.57770    6.58356      8.637    -0.0149   11.84954   3.545239 2.5320e-11    26.0865    26.0855 1.0000e-12     67.000          1       6635    1484.01 3.9495e+00  52790.673    276.423 1531976879       0.04     -0.578   39.44714  -72.63499    33.7550  1026.3926    26.0882     8.5708 0.0000e+00
     65.490     8.5693    33.5942  1026.3853     3.1322     5.5565     84.425    0.00140    6.58160    6.58751      8.635    -0.0219   11.85610   3.544129 2.5320e-11    26.0854    26.0844 1.0000e-12     66.000          1       6676    1483.96 3.9495e+00  52787.559    278.132 1531976881      -0.08     -0.567   39.44716  -72.63500    33.7518  1026.3868    26.0869     8.5625 0.0000e+00
     64.493     8.5573    33.5905  1026.3797     3.1326     5.5537     84.344    0.00046    6.58457    6.59052      8.637    -0.0088   11.86113   3.542598 2.5320e-11    26.0843    26.0833 1.0000e-12     65.000          1       6710    1483.89 3.9495e+00  52784.319    279.545 1531976882      -0.04     -0.699   39.44716  -72.63500    33.7475  1026.3807    26.0853     8.5507 0.0000e+00
     63.504     8.5340    33.5818  1026.3719     3.1373     5.5788     84.671    0.00238    6.58870    6.59468      8.638    -0.0214   11.86828   3.539580 2.5320e-11    26.0810    26.0800 1.0000e-12     64.000          1       6751    1483.78 3.9495e+00  52776.810    281.256 1531976884       0.09     -0.593   39.44716  -72.63500    33.7383  1026.3726    26.0817     8.5275 0.0000e+00
     62.513     8.5129    33.5693  1026.3608     3.1455     5.6152     85.195    0.00505    6.59098    6.59696      8.642     0.0010   11.87241   3.536382 2.5320e-11    26.0744    26.0734 1.0000e-12     63.000          1       6789    1483.67 3.9495e+00  52763.223    282.814 1531976885      -0.12     -0.614   39.44716  -72.63499    33.7250  1026.3609    26.0745     8.5065 0.0000e+00
     61.516     8.4978    33.5459  1026.3403     3.1570     5.6549     85.819    0.00758    6.58937    6.59531      8.643     0.0089   11.86988   3.532635 2.5320e-11    26.0584    26.0574 1.0000e-12     62.000          1       6822    1483.56 3.9495e+00  52733.030    284.205 1531976887       0.02     -0.728   39.44716  -72.63498    33.7002  1026.3393    26.0575     8.4915 0.0000e+00
     60.526     8.4934    33.5128  1026.3104     3.1742     5.7030     86.564    0.00932    6.58818    6.59409      8.645     0.0155   11.86804   3.529349 2.5320e-11    26.0330    26.0321 1.0000e-12     61.000          1       6867    1483.49 3.9495e+00  52686.468    286.067 1531976889       0.10     -0.546   39.44718  -72.63500    33.6700  1026.3119    26.0346     8.4872 0.0000e+00
     59.542     8.5118    33.4997  1026.2928     3.1858     5.7099     86.631    0.00570    6.59106    6.59699      8.647     0.0215   11.87305   3.529840 2.5320e-11    26.0200    26.0191 1.0000e-12     60.000          1       6912    1483.53 3.9495e+00  52663.152    287.962 1531976891      -0.12     -0.496   39.44718  -72.63500    33.6581  1026.2953    26.0225     8.5056 0.0000e+00
     58.541     8.5179    33.4928  1026.2819     3.1922     5.7231     86.849    0.00568    6.58971    6.59561      8.645     0.0273   11.87099   3.529634 2.5320e-11    26.0136    26.0127 1.0000e-12     59.000          1       6940    1483.53 3.9495e+00  52651.298    289.106 1531976892      -0.25     -0.771   39.44718  -72.63500    33.6506  1026.2839    26.0157     8.5118 0.0000e+00
