CalculateIndicators/WaterTemperature/Data/CTD_NYOS/NY1807C20.cnv
* Sea-Bird SBE 9 Data File:
* FileName = C:\Seabird 9 CTD\Data\2018\OffshoreCruise201807\NY1807C20.hex
* Software Version Seasave V 7.23.2
* Temperature SN = 4590
* Conductivity SN = 3228
* Number of Bytes Per Scan = 44
* Number of Voltage Words = 5
* Number of Scans Averaged by the Deck Unit = 1
* NMEA Latitude = 38 43.92 N
* NMEA Longitude = 073 04.40 W
* NMEA UTC (Time) = Jul 18 2018  13:40:37
* NMEA baud rate = 4800
** Ship: RV Seawolf
** Station: NY1807C20
** Operator: AJB
# nquan = 35
# nvalues = 308                         
# units = specified
# name 0 = depSM: Depth [salt water, m]
# name 1 = t090C: Temperature [ITS-90, deg C]
# name 2 = sal00: Salinity, Practical [PSU]
# name 3 = density00: Density [density, kg/m^3]
# name 4 = sbeox0V: Oxygen raw, SBE 43 [V]
# name 5 = sbeox0ML/L: Oxygen, SBE 43 [ml/l]
# name 6 = sbeox0PS: Oxygen, SBE 43 [% saturation]
# name 7 = sbox0dV/dT: Oxygen, SBE 43 [dov/dt]
# name 8 = oxsolML/L: Oxygen Saturation, Garcia & Gordon [ml/l]
# name 9 = oxsatML/L: Oxygen Saturation, Weiss [ml/l]
# name 10 = ph: pH
# name 11 = flECO-AFL: Fluorescence, WET Labs ECO-AFL/FL [mg/m^3]
# name 12 = n2satML/L: Nitrogen Saturation [ml/l]
# name 13 = c0S/m: Conductivity [S/m]
# name 14 = cpar: CPAR/Corrected Irradiance [%]
# name 15 = sigma-é00: Density [sigma-theta, kg/m^3]
# name 16 = sigma-t00: Density [sigma-t, kg/m^3 ]
# name 17 = par: PAR/Irradiance, Biospherical/Licor
# name 18 = prDM: Pressure, Digiquartz [db]
# name 19 = pumps: Pump Status
# name 20 = scan: Scan Count
# name 21 = svCM: Sound Velocity [Chen-Millero, m/s]
# name 22 = spar: SPAR, Biospherical/Licor
# name 23 = specc: Specific Conductance [uS/cm]
# name 24 = timeS: Time, Elapsed [seconds]
# name 25 = timeY: Time, System [seconds]
# name 26 = accM: Acceleration [m/s^2]
# name 27 = dz/dtM: Descent Rate [m/s]
# name 28 = latitude: Latitude [deg]
# name 29 = longitude: Longitude [deg]
# name 30 = gsw_saA0: Absolute Salinity [g/kg]
# name 31 = gsw_densityA0: density, TEOS-10 [density, kg/m^3]
# name 32 = gsw_sigma0A0: density, TEOS-10 [sigma-0, kg/m^3 ]
# name 33 = gsw_ptA0: potential temperature [ITS-90, deg C]
# name 34 = flag: flag
# span 0 =      0.974,    153.787       
# span 1 =     9.4582,    24.2230       
# span 2 =    32.0021,    35.5403       
# span 3 =  1021.3234,  1027.5378       
# span 4 =     2.9523,     4.3332       
# span 5 =     4.6628,     7.0854       
# span 6 =     78.611,    126.414       
# span 7 =   -0.06485,    0.09443       
# span 8 =    4.88416,    6.46835       
# span 9 =    4.87205,    6.47250       
# span 10 =      8.716,      8.983      
# span 11 =    -0.0874,     1.1673      
# span 12 =    9.05583,   11.67019      
# span 13 =   3.612831,   4.887001      
# span 14 = -1.875e-06, 1.2777e+02      
# span 15 =    21.3173,    26.8502      
# span 16 =    21.3171,    26.8460      
# span 17 = -1.400e-06, 1.4947e+03      
# span 18 =      1.000,    155.000      
# span 19 =          1,          1      
# span 20 =       1652,      38773      
# span 21 =    1486.73,    1529.30      
# span 22 = 7.4174e+02, 2.3965e+03      
# span 23 =  49010.949,  54752.033      
# span 24 =     68.785,   1615.499      
# span 25 = 1531921311, 1531922857      
# span 26 =      -0.90,       0.73      
# span 27 =     -1.331,      1.060      
# span 28 =   38.72718,   38.73180      
# span 29 =  -73.07671,  -73.07373      
# span 30 =    32.1537,    35.7088      
# span 31 =  1021.3283,  1027.5420      
# span 32 =    21.3213,    26.8547      
# span 33 =     9.4536,    24.2228      
# span 34 = 0.0000e+00, 0.0000e+00      
# interval = decibars: 1                
# start_time = Jul 18 2018 13:40:42 [System UTC, first data scan.]
# bad_flag = -9.990e-29
*END*
[from data line 83]
     84.345    12.2003    35.1234  1027.0272     3.1575     5.1231     85.085   -0.00164    6.02109    6.02053 -9.990e-29    -0.0117   10.91133   4.035808 7.1082e-14    26.6486    26.6464 1.0000e-12     85.000          1       8812    1499.06 1.5582e+03  54238.326    367.143 1531921609       0.19      0.395   38.73094  -73.07456    35.2911  1027.0322    26.6536    12.1892 0.0000e+00
     85.333    12.2037    35.1257  1027.0328     3.1601     5.1376     85.332    0.00019    6.02078    6.02022 -9.990e-29    -0.0153   10.91079   4.036358 6.7632e-14    26.6498    26.6476 1.0000e-12     86.000          1       8933    1499.09 1.6185e+03  54241.651    372.159 1531921614       0.10      0.235   38.73092  -73.07457    35.2929  1027.0374    26.6544    12.1923 0.0000e+00
     86.321    12.2047    35.1267  1027.0378     3.1573     5.1175     85.002   -0.00298    6.02040    6.01984      8.738    -0.0151   10.91016   4.036592 1.1058e-13    26.6503    26.6481 1.0000e-12     87.000          1       9018    1499.11 9.6118e+02  54243.403    375.728 1531921618       0.35      0.412   38.73092  -73.07458    35.2938  1027.0424    26.6549    12.1932 0.0000e+00
     87.327    12.2072    35.1279  1027.0428     3.1590     5.1335     85.273   -0.00021    6.02007    6.01951      8.737    -0.0010   10.90960   4.037013 7.0443e-14    26.6508    26.6486 1.0000e-12     88.000          1       9077    1499.14 1.6477e+03  54245.367    378.174 1531921620       0.15      0.648   38.73091  -73.07458    35.2951  1027.0474    26.6554    12.1956 0.0000e+00
     88.312    12.2131    35.1314  1027.0488     3.1590     5.1324     85.289   -0.00023    6.01773    6.01714      8.737    -0.0100   10.90561   4.038004 9.0332e-14    26.6524    26.6501 1.0000e-12     89.000          1       9201    1499.18 1.2909e+03  54249.770    383.348 1531921625      -0.07      0.475   38.73090  -73.07460    35.2987  1027.0535    26.6572    12.2014 0.0000e+00
     89.303    12.2281    35.1418  1027.0585     3.1561     5.1223     85.142   -0.00092    6.01618    6.01558      8.737    -0.0234   10.90295   4.040594 7.4386e-14    26.6576    26.6553 1.0000e-12     90.000          1       9296    1499.26 1.4901e+03  54262.448    387.296 1531921629       0.06      0.252   38.73088  -73.07461    35.3094  1027.0633    26.6626    12.2162 0.0000e+00
     90.292    12.2412    35.1524  1027.0685     3.1563     5.1280     85.262    0.00035    6.01447    6.01385      8.736    -0.0150   10.89999   4.042975 6.7408e-14    26.6633    26.6610 1.0000e-12     91.000          1       9418    1499.33 1.6484e+03  54275.513    392.361 1531921634       0.01      0.211   38.73086  -73.07462    35.3199  1027.0733    26.6681    12.2292 0.0000e+00
     91.286    12.2470    35.1590  1027.0770     3.1541     5.1164     85.072   -0.00130    6.01427    6.01365      8.736    -0.0342   10.89960   4.044215 5.2049e-14    26.6674    26.6650 1.0000e-12     92.000          1       9488    1499.38 1.9321e+03  54284.409    395.272 1531921637       0.16      0.417   38.73086  -73.07463    35.3260  1027.0814    26.6718    12.2349 0.0000e+00
     92.278    12.2443    35.1631  1027.0852     3.1536     5.1196     85.123   -0.00034    6.01435    6.01373      8.736    -0.0349   10.89974   4.044439 6.5605e-14    26.6711    26.6687 1.0000e-12     93.000          1       9536    1499.39 1.5503e+03  54291.074    397.311 1531921639       0.02      0.491   38.73086  -73.07464    35.3304  1027.0898    26.6757    12.2320 0.0000e+00
     93.274    12.2464    35.1662  1027.0917     3.1531     5.1223     85.197    0.00061    6.01226    6.01162      8.735    -0.0261   10.89621   4.044985 5.0793e-14    26.6732    26.6708 1.0000e-12     94.000          1       9663    1499.42 1.9615e+03  54295.688    402.564 1531921644       0.03      0.665   38.73084  -73.07464    35.3333  1027.0961    26.6776    12.2340 0.0000e+00
     94.267    12.2523    35.1700  1027.0980     3.1509     5.1120     85.017   -0.00081    6.01285    6.01222      8.736    -0.0275   10.89717   4.046088 5.9148e-14    26.6750    26.6726 1.0000e-12     95.000          1       9729    1499.46 1.7688e+03  54300.572    405.332 1531921647      -0.03      0.599   38.73083  -73.07464    35.3380  1027.1031    26.6801    12.2397 0.0000e+00
     95.248    12.2648    35.1805  1027.1080     3.1463     5.0973     84.766   -0.00229    6.01339    6.01278 -9.990e-29    -0.0311   10.89792   4.048109 8.3721e-14    26.6807    26.6782 1.0000e-12     96.000          1       9885    1499.53 1.3455e+03  54313.635    411.849 1531921654       0.41      0.463   38.73082  -73.07466    35.3455  1027.1108    26.6835    12.2521 0.0000e+00
     96.253    12.2370    35.1803  1027.1179     3.1468     5.1050     84.878   -0.00098    6.01458    6.01398 -9.990e-29    -0.0334   10.89992   4.045621 5.3663e-14    26.6860    26.6835 1.0000e-12     97.000          1       9908    1499.45 1.8930e+03  54318.443    412.777 1531921655       0.15      0.827   38.73081  -73.07466    35.3470  1027.1220    26.6901    12.2242 0.0000e+00
     97.242    12.2620    35.1925  1027.1269     3.1464     5.1008     84.860   -0.00126    6.01087    6.01024      8.734    -0.0452   10.89353   4.049823 8.2154e-14    26.6906    26.6881 1.0000e-12     98.000          1      10039    1499.56 1.4243e+03  54331.823    418.253 1531921660       0.15      0.746   38.73078  -73.07466    35.3640  1027.1346    26.6984    12.2490 0.0000e+00
     98.234    12.2918    35.2092  1027.1385     3.1430     5.0804     84.548   -0.00372    6.00886    6.00820      8.733    -0.0376   10.89023   4.054045 5.1648e-14    26.6978    26.6952 1.0000e-12     99.000          1      10093    1499.70 1.9467e+03  54350.850    420.505 1531921662       0.08      0.927   38.73078  -73.07466    35.3765  1027.1429    26.7023    12.2787 0.0000e+00
     99.231    12.2656    35.2146  1027.1523     3.1392     5.0752     84.439   -0.00350    6.01045    6.00981      8.733    -0.0372   10.89287   4.052182 5.0930e-14    26.7071    26.7046 1.0000e-12    100.000          1      10208    1499.64 1.9659e+03  54362.901    425.277 1531921667       0.08      0.832   38.73077  -73.07467    35.3827  1027.1573    26.7121    12.2524 0.0000e+00
    100.230    12.2946    35.2298  1027.1630     3.1368     5.0726     84.460   -0.00246    6.00595    6.00527      8.733    -0.0390   10.88514   4.056753 6.8626e-14    26.7133    26.7108 1.0000e-12    101.000          1      10359    1499.77 1.5947e+03  54380.198    431.595 1531921673       0.36      0.691   38.73075  -73.07469    35.3994  1027.1690    26.7195    12.2812 0.0000e+00
    101.210    12.3027    35.2349  1027.1697     3.1356     5.0763     84.546   -0.00092    6.00416    6.00347      8.733    -0.0489   10.88209   4.057953 6.6692e-14    26.7158    26.7131 1.0000e-12    102.000          1      10443    1499.82 1.6739e+03  54386.484    435.085 1531921677      -0.08      0.461   38.73074  -73.07470    35.4030  1027.1746    26.7207    12.2892 0.0000e+00
    102.194    12.3077    35.2383  1027.1758     3.1330     5.0693     84.439   -0.00123    6.00350    6.00280 -9.990e-29    -0.0447   10.88094   4.058790 8.4776e-14    26.7175    26.7148 1.0000e-12    103.000          1      10566    1499.86 1.4120e+03  54390.968    440.200 1531921682       0.37      0.153   38.73072  -73.07470    35.4060  1027.1805    26.7221    12.2941 0.0000e+00
    103.201    12.3116    35.2432  1027.1834     3.1321     5.0664     84.396   -0.00144    6.00312    6.00242      8.733    -0.0416   10.88029   4.059749 1.0224e-13    26.7205    26.7178 1.0000e-12    104.000          1      10622    1499.89 1.1002e+03  54397.666    442.535 1531921684       0.30      0.703   38.73072  -73.07470    35.4113  1027.1882    26.7254    12.2978 0.0000e+00
    104.186    12.3234    35.2508  1027.1914     3.1324     5.0675     84.457   -0.00101    6.00006    5.99933      8.733    -0.0496   10.87509   4.061764 7.7844e-14    26.7242    26.7214 1.0000e-12    105.000          1      10736    1499.96 1.4464e+03  54406.988    447.274 1531921689       0.22      0.451   38.73070  -73.07470    35.4193  1027.1965    26.7293    12.3095 0.0000e+00
    105.174    12.3441    35.2618  1027.2003     3.1283     5.0546     84.301   -0.00130    5.99585    5.99507      8.731    -0.0495   10.86795   4.064995 9.2398e-14    26.7287    26.7259 1.0000e-12    106.000          1      10848    1500.06 1.2805e+03  54419.450    451.968 1531921694       0.30      0.198   38.73069  -73.07472    35.4308  1027.2059    26.7343    12.3300 0.0000e+00
    106.166    12.3690    35.2743  1027.2096     3.1227     5.0330     83.995   -0.00289    5.99205    5.99123      8.731    -0.0520   10.86152   4.068769 6.0306e-14    26.7335    26.7308 1.0000e-12    107.000          1      10930    1500.17 1.7256e+03  54433.400    455.375 1531921697       0.21      0.510   38.73067  -73.07472    35.4436  1027.2153    26.7393    12.3547 0.0000e+00
    107.158    12.3892    35.2836  1027.2172     3.1228     5.0426     84.162   -0.00084    5.99156    5.99074      8.731    -0.0561   10.86068   4.071675 6.5923e-14    26.7368    26.7340 1.0000e-12    108.000          1      11022    1500.27 1.5701e+03  54443.640    459.227 1531921701       0.00      0.268   38.73066  -73.07472    35.4523  1027.2225    26.7421    12.3748 0.0000e+00
    108.146    12.3919    35.2869  1027.2238     3.1208     5.0389     84.112   -0.00079    5.99066    5.98983      8.730    -0.0646   10.85914   4.072236 5.6045e-14    26.7389    26.7361 1.0000e-12    109.000          1      11133    1500.30 1.8049e+03  54448.436    463.822 1531921706       0.04      0.288   38.73066  -73.07472    35.4548  1027.2284    26.7436    12.3773 0.0000e+00
    109.143    12.3950    35.2895  1027.2296     3.1184     5.0296     83.957   -0.00168    5.99069    5.98986      8.730    -0.0558   10.85918   4.072870 5.0218e-14    26.7403    26.7374 1.0000e-12    110.000          1      11178    1500.33 1.9929e+03  54452.032    465.714 1531921708       0.23      0.527   38.73064  -73.07474    35.4576  1027.2344    26.7451    12.3803 0.0000e+00
    110.140    12.3962    35.2902  1027.2345     3.1182     5.0382     84.141    0.00063    5.98776    5.98690      8.729    -0.0595   10.85424   4.073076 1.0387e-13    26.7407    26.7378 1.0000e-12    111.000          1      11295    1500.35 1.1089e+03  54453.527    470.601 1531921712       0.12      0.600   38.73062  -73.07474    35.4580  1027.2389    26.7452    12.3814 0.0000e+00
    111.127    12.4134    35.2978  1027.2414     3.1185     5.0369     84.121    0.00018    5.98763    5.98677      8.730    -0.0642   10.85402   4.075710 5.3636e-14    26.7433    26.7404 1.0000e-12    112.000          1      11371    1500.43 1.8980e+03  54461.938    473.760 1531921716      -0.06      0.430   38.73062  -73.07474    35.4670  1027.2469    26.7488    12.3984 0.0000e+00
    112.121    12.4293    35.3053  1027.2486     3.1162     5.0218     83.940   -0.00140    5.98254    5.98163      8.730    -0.0642   10.84542   4.078063 1.1380e-13    26.7460    26.7431 1.0000e-12    113.000          1      11504    1500.51 9.3955e+02  54470.406    479.310 1531921721       0.33      0.627   38.73060  -73.07475    35.4744  1027.2539    26.7515    12.4142 0.0000e+00
    113.110    12.4527    35.3156  1027.2563     3.1164     5.0282     84.068    0.00016    5.98110    5.98017      8.731    -0.0576   10.84299   4.081488 5.6475e-14    26.7494    26.7464 1.0000e-12    114.000          1      11574    1500.62 1.8175e+03  54481.498    482.211 1531921724      -0.11      0.390   38.73060  -73.07476    35.4850  1027.2620    26.7551    12.4375 0.0000e+00
    114.093    12.4700    35.3252  1027.2647     3.1124     5.0077     83.769   -0.00219    5.97795    5.97698      8.729    -0.0625   10.83762   4.084295 9.3267e-14    26.7535    26.7505 1.0000e-12    115.000          1      11722    1500.71 1.1639e+03  54492.600    488.359 1531921730       0.55      0.451   38.73058  -73.07476    35.4956  1027.2712    26.7599    12.4546 0.0000e+00
    115.097    12.4777    35.3324  1027.2733     3.1098     4.9964     83.536   -0.00399    5.98118    5.98024      8.731    -0.0634   10.84308   4.085856 5.0775e-14    26.7576    26.7545 1.0000e-12    116.000          1      11742    1500.76 1.9880e+03  54501.965    489.228 1531921731       0.26      0.906   38.73058  -73.07476    35.5030  1027.2799    26.7642    12.4621 0.0000e+00
    116.091    12.5355    35.3561  1027.2847     3.1108     5.0055     83.911    0.00029    5.96530    5.96419      8.730    -0.0638   10.81632   4.094250 7.1911e-14    26.7646    26.7615 1.0000e-12    117.000          1      11866    1501.00 1.5640e+03  54526.270    494.372 1531921736      -0.06      0.695   38.73056  -73.07477    35.5294  1027.2932    26.7733    12.5198 0.0000e+00
    117.084    12.5984    35.3774  1027.2931     3.1101     4.9964     83.806   -0.00080    5.96184    5.96070      8.731    -0.0518   10.81047   4.102642 5.3418e-14    26.7688    26.7656 1.0000e-12    118.000          1      11944    1501.25 1.8944e+03  54546.497    497.644 1531921740       0.08      0.611   38.73055  -73.07478    35.5509  1027.3017    26.7774    12.5825 0.0000e+00
    118.074    12.6292    35.3900  1027.3012     3.1093     4.9915     83.774   -0.00110    5.95822    5.95704 -9.990e-29    -0.0497   10.80435   4.106689 7.2873e-14    26.7725    26.7693 1.0000e-12    119.000          1      12061    1501.39 1.5409e+03  54559.809    502.493 1531921744      -0.06      0.628   38.73054  -73.07478    35.5605  1027.3074    26.7788    12.6131 0.0000e+00
    119.059    12.6356    35.3943  1027.3077     3.1026     4.9745     83.522   -0.00139    5.95594    5.95473      8.731    -0.0684   10.80048   4.107714 5.8250e-14    26.7746    26.7714 1.0000e-12    120.000          1      12165    1501.43 1.7827e+03  54565.394    506.845 1531921749       0.09      0.227   38.73052  -73.07478    35.5640  1027.3132    26.7803    12.6194 0.0000e+00
    120.046    12.6630    35.4075  1027.3168     3.1023     4.9732     83.555   -0.00104    5.95202    5.95077      8.731    -0.0730   10.79384   4.111862 1.2698e-13    26.7794    26.7762 1.0000e-12    121.000          1      12287    1501.55 7.6971e+02  54579.882    511.910 1531921754       0.48      0.347   38.73050  -73.07480    35.5778  1027.3229    26.7856    12.6466 0.0000e+00
    121.052    12.6703    35.4116  1027.3230     3.1018     4.9727     83.546   -0.00097    5.95199    5.95075      8.731    -0.0649   10.79379   4.112937 1.1198e-13    26.7812    26.7779 1.0000e-12    122.000          1      12341    1501.60 9.5882e+02  54585.054    514.175 1531921756       0.24      0.522   38.73050  -73.07480    35.5809  1027.3283    26.7865    12.6538 0.0000e+00
    122.036    12.6741    35.4147  1027.3291     3.0984     4.9660     83.455   -0.00075    5.95048    5.94922      8.731    -0.0699   10.79121   4.113623 8.6056e-14    26.7829    26.7796 1.0000e-12    123.000          1      12460    1501.63 1.2988e+03  54589.356    519.139 1531921761      -0.00      0.267   38.73048  -73.07480    35.5835  1027.3340    26.7878    12.6574 0.0000e+00
    123.020    12.6845    35.4212  1027.3365     3.0936     4.9485     83.222   -0.00179    5.94620    5.94490      8.730    -0.0771   10.78400   4.115396 1.3005e-13    26.7859    26.7826 1.0000e-12    124.000          1      12554    1501.69 7.4174e+02  54597.318    523.028 1531921765       0.12      0.211   38.73048  -73.07480    35.5904  1027.3417    26.7911    12.6677 0.0000e+00
    124.022    12.7056    35.4306  1027.3441     3.0936     4.9541     83.374    0.00022    5.94198    5.94062 -9.990e-29    -0.0715   10.77689   4.118553 9.5005e-14    26.7890    26.7857 1.0000e-12    125.000          1      12628    1501.79 1.2114e+03  54607.684    526.121 1531921768       0.15      0.427   38.73047  -73.07481    35.6005  1027.3497    26.7947    12.6886 0.0000e+00
