CalculateIndicators/WaterTemperature/Data/CTD_NYOS/NY1807C28.cnv
* Sea-Bird SBE 9 Data File:
* FileName = C:\Seabird 9 CTD\Data\2018\OffshoreCruise201807\NY1807C28.hex
* Software Version Seasave V 7.23.2
* Temperature SN = 4590
* Conductivity SN = 3228
* Number of Bytes Per Scan = 44
* Number of Voltage Words = 5
* Number of Scans Averaged by the Deck Unit = 1
* NMEA Latitude = 39 42.04 N
* NMEA Longitude = 073 05.06 W
* NMEA UTC (Time) = Jul 20 2018  12:12:32
* NMEA baud rate = 4800
** Ship: RV Seawolf
** Station: NY1807C28
** Operator: ajb
# nquan = 35
# nvalues = 85                          
# units = specified
# name 0 = depSM: Depth [salt water, m]
# name 1 = t090C: Temperature [ITS-90, deg C]
# name 2 = sal00: Salinity, Practical [PSU]
# name 3 = density00: Density [density, kg/m^3]
# name 4 = sbeox0V: Oxygen raw, SBE 43 [V]
# name 5 = sbeox0ML/L: Oxygen, SBE 43 [ml/l]
# name 6 = sbeox0PS: Oxygen, SBE 43 [% saturation]
# name 7 = sbox0dV/dT: Oxygen, SBE 43 [dov/dt]
# name 8 = oxsolML/L: Oxygen Saturation, Garcia & Gordon [ml/l]
# name 9 = oxsatML/L: Oxygen Saturation, Weiss [ml/l]
# name 10 = ph: pH
# name 11 = flECO-AFL: Fluorescence, WET Labs ECO-AFL/FL [mg/m^3]
# name 12 = n2satML/L: Nitrogen Saturation [ml/l]
# name 13 = c0S/m: Conductivity [S/m]
# name 14 = cpar: CPAR/Corrected Irradiance [%]
# name 15 = sigma-é00: Density [sigma-theta, kg/m^3]
# name 16 = sigma-t00: Density [sigma-t, kg/m^3 ]
# name 17 = par: PAR/Irradiance, Biospherical/Licor
# name 18 = prDM: Pressure, Digiquartz [db]
# name 19 = pumps: Pump Status
# name 20 = scan: Scan Count
# name 21 = svCM: Sound Velocity [Chen-Millero, m/s]
# name 22 = spar: SPAR, Biospherical/Licor
# name 23 = specc: Specific Conductance [uS/cm]
# name 24 = timeS: Time, Elapsed [seconds]
# name 25 = timeY: Time, System [seconds]
# name 26 = accM: Acceleration [m/s^2]
# name 27 = dz/dtM: Descent Rate [m/s]
# name 28 = latitude: Latitude [deg]
# name 29 = longitude: Longitude [deg]
# name 30 = gsw_saA0: Absolute Salinity [g/kg]
# name 31 = gsw_densityA0: density, TEOS-10 [density, kg/m^3]
# name 32 = gsw_sigma0A0: density, TEOS-10 [sigma-0, kg/m^3 ]
# name 33 = gsw_ptA0: potential temperature [ITS-90, deg C]
# name 34 = flag: flag
# span 0 =      1.983,     43.667       
# span 1 =     7.6866,    23.7188       
# span 2 =    30.9820,    33.0133       
# span 3 =  1020.6948,  1025.8527       
# span 4 =     3.0015,     4.1892       
# span 5 =     5.2915,     7.3607       
# span 6 =     79.480,    122.047       
# span 7 =   -0.04735,    0.05265       
# span 8 =    4.95758,    6.73904       
# span 9 =    4.94550,    6.74652       
# span 10 =      8.608,      8.951      
# span 11 =     0.2058,     1.3025      
# span 12 =    9.18811,   12.12482      
# span 13 =   3.397279,   4.640953      
# span 14 = 1.3221e-02, 4.7253e+00      
# span 15 =    20.6863,    25.6546      
# span 16 =    20.6861,    25.6540      
# span 17 = 2.6324e-01, 9.5851e+01      
# span 18 =      2.000,     44.000      
# span 19 =          1,          1      
# span 20 =       1641,      15681      
# span 21 =    1479.36,    1526.94      
# span 22 = 1.8071e+03, 2.0556e+03      
# span 23 =  47622.306,  51966.218      
# span 24 =     68.335,    653.347      
# span 25 = 1532088827, 1532089412      
# span 26 =      -0.21,       0.41      
# span 27 =     -0.506,      0.543      
# span 28 =   39.69987,   39.70066      
# span 29 =  -73.08480,  -73.08443      
# span 30 =    31.1313,    33.1553      
# span 31 =  1020.6991,  1025.8553      
# span 32 =    20.6905,    25.6554      
# span 33 =     7.6825,    23.7184      
# span 34 = 0.0000e+00, 0.0000e+00      
# interval = decibars: 1                
# start_time = Jul 20 2018 12:12:39 [System UTC, first data scan.]
# bad_flag = -9.990e-29
*END*
[from data line 42]
     43.667     7.7064    32.8795  1025.8527     3.0033     5.3706     79.732    0.00122    6.73576    6.74319      8.631     0.2094   12.11941   3.399256 1.3221e-02    25.6516    25.6510 2.6324e-01     44.000          1       5725    1479.45 1.9909e+03  51963.095    238.500 1532088997      -0.21      0.282   39.70053  -73.08455    33.0356  1025.8553    25.6542     7.7022 0.0000e+00
     42.663     7.7139    32.8796  1025.8471     3.0068     5.3745     79.797    0.00073    6.73520    6.74262      8.608     0.2173   12.11847   3.399874 1.7058e-02    25.6506    25.6500 3.4001e-01     43.000          1       6562    1479.46 1.9951e+03  51960.732    273.357 1532089032      -0.04     -0.434   39.70049  -73.08456    33.0357  1025.8497    25.6532     7.7098 0.0000e+00
     41.674     7.7159    32.8799  1025.8425     3.0085     5.3774     79.850    0.00077    6.73441    6.74181      8.608     0.2408   12.11715   3.400032 2.2039e-02    25.6505    25.6499 4.3721e-01     42.000          1       6873    1479.45 1.9834e+03  51959.975    286.315 1532089045       0.05     -0.300   39.70048  -73.08456    33.0359  1025.8450    25.6531     7.7119 0.0000e+00
     40.683     7.7205    32.8799  1025.8372     3.0103     5.3783     79.876    0.00052    6.73331    6.74070      8.608     0.2356   12.11533   3.400415 2.5963e-02    25.6498    25.6493 5.2127e-01     41.000          1       6987    1479.46 2.0082e+03  51958.171    291.079 1532089050      -0.04     -0.264   39.70046  -73.08456    33.0362  1025.8400    25.6526     7.7166 0.0000e+00
     39.692     7.7301    32.8812  1025.8323     3.0160     5.3960     80.219    0.00225    6.72666    6.73395      8.609     0.2388   12.10430   3.401427 3.1392e-02    25.6495    25.6490 6.1717e-01     40.000          1       7071    1479.48 1.9655e+03  51957.017    294.569 1532089053       0.01     -0.274   39.70046  -73.08456    33.0384  1025.8358    25.6529     7.7263 0.0000e+00
     38.697     7.7658    32.8835  1025.8244     3.0269     5.4342     80.792    0.00435    6.72611    6.73340 -9.990e-29     0.2058   12.10337   3.404754 3.6081e-02    25.6462    25.6457 7.2562e-01     39.000          1       7130    1479.60 2.0105e+03  51951.006    297.037 1532089056      -0.12     -0.454   39.70046  -73.08457    33.0409  1025.8280    25.6498     7.7621 0.0000e+00
     37.709     7.7751    32.8853  1025.8199     3.0349     5.4329     80.820    0.00181    6.72224    6.72947      8.609     0.2345   12.09699   3.405629 4.3135e-02    25.6463    25.6457 8.5844e-01     38.000          1       7230    1479.62 1.9906e+03  51950.588    301.210 1532089060      -0.06     -0.196   39.70045  -73.08456    33.0419  1025.8229    25.6493     7.7715 0.0000e+00
     36.712     7.7793    32.8837  1025.8134     3.0417     5.4526     81.177    0.00319    6.71693    6.72409      8.613     0.2385   12.08818   3.405920 4.8942e-02    25.6444    25.6439 9.6904e-01     37.000          1       7286    1479.62 1.9798e+03  51946.510    303.525 1532089062      -0.02     -0.506   39.70044  -73.08456    33.0416  1025.8175    25.6484     7.7758 0.0000e+00
     35.723     7.8308    32.8884  1025.8052     3.0595     5.5002     81.982    0.00535    6.70903    6.71608      8.613     0.2546   12.07505   3.410847 5.8776e-02    25.6407    25.6402 1.1809e+00     36.000          1       7367    1479.81 2.0093e+03  51940.297    306.936 1532089065       0.05     -0.240   39.70044  -73.08456    33.0463  1025.8091    25.6447     7.8274 0.0000e+00
     34.732     7.8771    32.8912  1025.7961     3.0779     5.5548     82.794    0.00723    6.70912    6.71617      8.623     0.2413   12.07519   3.415619 6.6344e-02    25.6362    25.6357 1.3268e+00     35.000          1       7436    1479.97 2.0001e+03  51932.358    309.776 1532089068      -0.21     -0.446   39.70044  -73.08456    33.0542  1025.8041    25.6442     7.8737 0.0000e+00
     33.732     7.9159    32.8968  1025.7902     3.0927     5.5627     82.974    0.00361    6.70415    6.71113      8.621     0.2581   12.06694   3.419081 7.8444e-02    25.6350    25.6345 1.5718e+00     34.000          1       7728    1480.11 2.0034e+03  51930.286    321.946 1532089080      -0.03     -0.402   39.70043  -73.08457    33.0551  1025.7946    25.6394     7.9126 0.0000e+00
     32.745     7.9839    32.9014  1025.7794     3.1251     5.6197     84.160    0.00451    6.67750    6.68409      8.619     0.3004   12.02280   3.425529 9.1375e-02    25.6287    25.6283 1.8397e+00     33.000          1       8632    1480.35 2.0141e+03  51920.004    359.628 1532089118       0.01     -0.238   39.70038  -73.08458    33.0604  1025.7843    25.6337     7.9807 0.0000e+00
     31.754     8.1369    32.9015  1025.7525     3.1698     5.7359     85.974    0.00741    6.67163    6.67814      8.624     0.3536   12.01303   3.438977 1.0841e-01    25.6065    25.6060 2.1705e+00     32.000          1       8714    1480.92 2.0015e+03  51883.639    363.032 1532089122      -0.07     -0.203   39.70036  -73.08458    33.0603  1025.7573    25.6113     8.1337 0.0000e+00
     30.762     8.2124    32.9101  1025.7433     3.1974     5.7625     86.882    0.00719    6.63266    6.63861      8.638     0.3611   11.94860   3.446902 1.2579e-01    25.6020    25.6015 2.5205e+00     31.000          1       8821    1481.20 2.0043e+03  51877.722    367.519 1532089126       0.01     -0.181   39.70036  -73.08458    33.0740  1025.7522    25.6108     8.2093 0.0000e+00
     29.768     8.4115    32.9173  1025.7146     3.2651     5.9372     90.256    0.01916    6.57835    6.58354      8.648     0.4417   11.85842   3.465486 1.4479e-01    25.5780    25.5776 2.8999e+00     30.000          1       8928    1481.94 2.0024e+03  51841.564    371.960 1532089130      -0.03     -0.316   39.70036  -73.08458    33.0847  1025.7263    25.5896     8.4085 0.0000e+00
     28.776     8.7644    32.9567  1025.6871     3.4012     6.2173     95.658    0.02768    6.50049    6.50460      8.684     0.5556   11.72933   3.500910 1.6527e-01    25.5553    25.5548 3.2939e+00     29.000          1       9056    1483.29 1.9935e+03  51818.596    377.290 1532089136      -0.05     -0.205   39.70035  -73.08459    33.1284  1025.7021    25.5702     8.7614 0.0000e+00
     27.785     9.5139    32.9696  1025.5739     3.6214     6.8095    105.425    0.05265    6.45912    6.46263      8.725     0.6154   11.66126   3.570376 1.8738e-01    25.4471    25.4466 3.7707e+00     28.000          1       9165    1486.05 2.0119e+03  51679.371    381.827 1532089140       0.00     -0.225   39.70034  -73.08460    33.1553  1025.6001    25.4732     9.5109 0.0000e+00
     26.792     9.5716    32.9215  1025.5225     3.7404     6.8456    105.937    0.00960    6.46195    6.46547      8.728     0.5117   11.66621   3.568708 2.1456e-01    25.4002    25.3997 4.2674e+00     27.000          1       9286    1486.19 1.9889e+03  51598.928    386.889 1532089145      -0.09     -0.199   39.70034  -73.08460    33.0853  1025.5319    25.4096     9.5686 0.0000e+00
     25.799     9.5721    32.9181  1025.5152     3.7583     6.8512    106.245    0.00607    6.44858    6.45191      8.738     0.6213   11.64411   3.568301 2.4838e-01    25.3974    25.3970 4.9951e+00     26.000          1       9387    1486.17 2.0110e+03  51593.426    391.076 1532089150       0.05     -0.237   39.70034  -73.08460    33.0811  1025.5239    25.4062     9.5692 0.0000e+00
     24.806     9.7181    32.9161  1025.4852     3.8056     6.9455    107.939    0.00673    6.43469    6.43784      8.745     0.7594   11.62112   3.581196 2.6663e-01    25.3721    25.3716 5.3226e+00     25.000          1       9728    1486.68 1.9964e+03  51561.238    405.277 1532089164      -0.12     -0.161   39.70030  -73.08461    33.0798  1025.4945    25.3814     9.7153 0.0000e+00
     23.816     9.7767    32.9227  1025.4762     3.8367     6.9729    108.871    0.00544    6.40481    6.40756      8.753     0.8784   11.57163   3.586627 2.1165e-01    25.3676    25.3672 4.2082e+00     24.000          1      10801    1486.89 1.9873e+03  51558.515    449.983 1532089209       0.00     -0.237   39.70024  -73.08464    33.0820  1025.4821    25.3735     9.7740 0.0000e+00
     22.822     9.9942    32.9195  1025.4330     3.8620     6.9995    109.923    0.00793    6.36774    6.36997      8.761     1.0435   11.51052   3.606423 2.5111e-01    25.3291    25.3286 5.0936e+00     23.000          1      10815    1487.66 2.0283e+03  51511.564    450.580 1532089209       0.02     -0.333   39.70024  -73.08464    33.0853  1025.4441    25.3402     9.9916 0.0000e+00
     21.832    10.3812    32.8912  1025.3408     3.9262     7.1178    112.683    0.01496    6.31668    6.31821      8.765     1.2529   11.42619   3.639633 2.9669e-01    25.2416    25.2411 5.8968e+00     22.000          1      10923    1488.99 1.9869e+03  51399.555    455.089 1532089214      -0.06     -0.188   39.70022  -73.08464    33.0696  1025.3619    25.2627    10.3787 0.0000e+00
     20.839    10.6414    32.8815  1025.2840     3.9527     7.1174    112.883    0.00615    6.30513    6.30651      8.775     1.2257   11.40696   3.661163 3.3244e-01    25.1894    25.1890 6.7811e+00     21.000          1      10997    1489.89 2.0397e+03  51338.556    458.158 1532089217      -0.09     -0.414   39.70022  -73.08464    33.0509  1025.2983    25.2037    10.6389 0.0000e+00
     19.844    10.7082    32.8891  1025.2737     3.9655     7.1207    113.025    0.00256    6.30012    6.30143      8.779     1.2644   11.39869   3.667298 3.7687e-01    25.1837    25.1832 7.6182e+00     20.000          1      11131    1490.12 2.0214e+03  51337.064    463.750 1532089222      -0.05     -0.351   39.70020  -73.08466    33.0524  1025.2833    25.1932    10.7058 0.0000e+00
     18.853    10.7715    32.8897  1025.2587     3.9787     7.1279    113.427    0.00208    6.28412    6.28521      8.786     1.2506   11.37224   3.672854 4.3049e-01    25.1731    25.1727 8.6962e+00     19.000          1      11252    1490.33 2.0222e+03  51326.139    468.787 1532089227      -0.09     -0.295   39.70020  -73.08465    33.0512  1025.2668    25.1813    10.7693 0.0000e+00
     17.860    10.8540    32.8884  1025.2387     3.9989     7.1501    114.388    0.00572    6.25080    6.25147      8.791     1.2015   11.31706   3.680017 4.9498e-01    25.1577    25.1573 1.0080e+01     18.000          1      11367    1490.61 2.0361e+03  51309.511    473.594 1532089232       0.00     -0.363   39.70018  -73.08466    33.0488  1025.2460    25.1650    10.8518 0.0000e+00
     16.869    11.1124    32.8936  1025.1924     4.0381     7.2113    115.974    0.00893    6.21787    6.21810      8.796     1.1278   11.26276   3.704290 5.9723e-01    25.1159    25.1156 1.1965e+01     17.000          1      11510    1491.51 2.0037e+03  51272.543    479.525 1532089238      -0.11     -0.271   39.70018  -73.08466    33.0582  1025.2031    25.1267    11.1104 0.0000e+00
     15.872    11.5211    32.8771  1025.1009     4.0782     7.2348    117.090    0.00564    6.17944    6.17918      8.804     1.0819   11.19918   3.740538 7.5154e-01    25.0292    25.0288 1.5357e+01     16.000          1      12006    1492.90 2.0425e+03  51182.699    500.202 1532089259      -0.05     -0.388   39.70015  -73.08468    33.0504  1025.1187    25.0469    11.5191 0.0000e+00
     14.884    12.3105    32.7996  1024.8888     4.1892     7.3607    122.047    0.02199    6.03174    6.02950      8.811     0.8912   10.95677   3.804936 9.6624e-01    24.8218    24.8214 1.9870e+01     15.000          1      12743    1495.50 2.0556e+03  50954.593    530.897 1532089289       0.06     -0.266   39.70009  -73.08470    32.9788  1024.9117    24.8446    12.3085 0.0000e+00
     13.894    13.1085    32.5230  1024.5161     4.1501     7.0055    116.798   -0.03213    5.99751    5.99467      8.793     0.7633   10.90337   3.847932 8.3749e-01    24.4537    24.4534 1.7122e+01     14.000          1      12917    1497.85 2.0437e+03  50457.181    538.168 1532089297      -0.07     -0.147   39.70008  -73.08470    32.6948  1024.5346    24.4722    13.1066 0.0000e+00
     12.899    13.3183    32.3221  1024.3143     4.0653     6.8382    115.129   -0.01388    5.93946    5.93586      8.773     0.7836   10.80853   3.846091 8.7484e-01    24.2564    24.2561 1.7964e+01     13.000          1      13010    1498.30 2.0529e+03  50150.676    542.040 1532089301      -0.05     -0.302   39.70008  -73.08470    32.4982  1024.3369    24.2790    13.3166 0.0000e+00
     11.907    13.9770    32.1849  1024.0701     4.0371     6.7087    115.156    0.00132    5.82602    5.82111      8.765     0.7730   10.62165   3.891596 8.4320e-01    24.0168    24.0165 1.7106e+01     12.000          1      13141    1500.29 2.0286e+03  49880.314    547.504 1532089306      -0.01     -0.264   39.70006  -73.08470    32.3651  1024.0966    24.0433    13.9753 0.0000e+00
     10.916    15.3732    32.0314  1023.6514     4.0564     6.5577    116.008    0.00430    5.65311    5.64636      8.771     0.7368   10.33560   4.003922 8.8582e-01    23.6028    23.6025 1.8146e+01     11.000          1      13262    1504.57 2.0489e+03  49519.626    552.524 1532089311      -0.09     -0.209   39.70006  -73.08472    32.2295  1023.6924    23.6438    15.3716 0.0000e+00
      9.924    17.0558    31.9520  1023.2058     4.1497     6.5684    120.392    0.02423    5.45538    5.44669      8.785     0.7843   10.00931   4.151457 9.7390e-01    23.1619    23.1615 1.9663e+01     10.000          1      13395    1509.66 2.0186e+03  49265.069    558.090 1532089317      -0.06     -0.170   39.70005  -73.08472    32.1688  1023.2615    23.2176    17.0542 0.0000e+00
      8.930    18.8767    31.6433  1022.5215     4.1546     6.2383    119.147   -0.00194    5.23475    5.22431      8.776     0.7177    9.64557   4.283478 1.0660e+00    22.4823    22.4819 2.1728e+01      9.000          1      13497    1514.63 2.0388e+03  48721.067    562.334 1532089321      -0.04     -0.263   39.70004  -73.08472    31.8637  1022.5808    22.5416    18.8752 0.0000e+00
      7.938    21.7483    31.2284  1021.4565     3.9972     5.7071    112.370   -0.02963    5.07829    5.06679      8.765     0.5750    9.38731   4.500360 1.2069e+00    21.4220    21.4216 2.4514e+01      8.000          1      13622    1522.16 2.0310e+03  48016.113    567.544 1532089326      -0.06     -0.347   39.70004  -73.08474    31.4603  1021.5251    21.4905    21.7468 0.0000e+00
      6.944    22.6121    31.1577  1021.1620     3.9236     5.5984    111.207    0.00057    5.03423    5.02249      8.793     0.4630    9.31441   4.562864 1.4782e+00    21.1319    21.1315 2.9075e+01      7.000          1      14356    1524.36 1.9744e+03  47891.637    598.143 1532089357      -0.08     -0.176   39.69998  -73.08476    31.3206  1021.1783    21.1482    22.6108 0.0000e+00
      5.954    22.7987    31.1384  1021.0907     3.9250     5.5384    110.921   -0.00639    4.99302    4.98109      8.829     0.4127    9.24650   4.576964 1.7526e+00    21.0649    21.0645 3.1661e+01      6.000          1      15276    1524.81 1.8071e+03  47859.075    636.444 1532089395       0.03     -0.304   39.69990  -73.08478    31.2956  1021.1026    21.0768    22.7975 0.0000e+00
      4.961    23.2948    31.0535  1020.8816     3.8826     5.4218    109.047   -0.01515    4.97199    4.95996      8.841     0.3948    9.21184   4.612943 1.9621e+00    20.8601    20.8598 3.6468e+01      5.000          1      15360    1525.98 1.8577e+03  47729.529    639.942 1532089398      -0.13     -0.396   39.69990  -73.08478    31.2174  1020.8988    20.8773    23.2938 0.0000e+00
