CalculateIndicators/WaterTemperature/Data/CTD_NYOS/NY1807C03.cnv
* Sea-Bird SBE 9 Data File:
* FileName = C:\Seabird 9 CTD\Data\2018\OffshoreCruise201807\NY1807C03.hex
* Software Version Seasave V 7.23.2
* Temperature SN = 4590
* Conductivity SN = 3228
* Number of Bytes Per Scan = 44
* Number of Voltage Words = 5
* Number of Scans Averaged by the Deck Unit = 1
* NMEA Latitude = 40 05.19 N
* NMEA Longitude = 071 29.57 W
* NMEA UTC (Time) = Jul 15 2018  07:25:50
* NMEA baud rate = 4800
** Ship: Seawolf
** Station: NY1807C03
** Operator: jw
# nquan = 35
# nvalues = 166                         
# units = specified
# name 0 = depSM: Depth [salt water, m]
# name 1 = t090C: Temperature [ITS-90, deg C]
# name 2 = sal00: Salinity, Practical [PSU]
# name 3 = density00: Density [density, kg/m^3]
# name 4 = sbeox0V: Oxygen raw, SBE 43 [V]
# name 5 = sbeox0ML/L: Oxygen, SBE 43 [ml/l]
# name 6 = sbeox0PS: Oxygen, SBE 43 [% saturation]
# name 7 = sbox0dV/dT: Oxygen, SBE 43 [dov/dt]
# name 8 = oxsolML/L: Oxygen Saturation, Garcia & Gordon [ml/l]
# name 9 = oxsatML/L: Oxygen Saturation, Weiss [ml/l]
# name 10 = ph: pH
# name 11 = flECO-AFL: Fluorescence, WET Labs ECO-AFL/FL [mg/m^3]
# name 12 = n2satML/L: Nitrogen Saturation [ml/l]
# name 13 = c0S/m: Conductivity [S/m]
# name 14 = cpar: CPAR/Corrected Irradiance [%]
# name 15 = sigma-é00: Density [sigma-theta, kg/m^3]
# name 16 = sigma-t00: Density [sigma-t, kg/m^3 ]
# name 17 = par: PAR/Irradiance, Biospherical/Licor
# name 18 = prDM: Pressure, Digiquartz [db]
# name 19 = pumps: Pump Status
# name 20 = scan: Scan Count
# name 21 = svCM: Sound Velocity [Chen-Millero, m/s]
# name 22 = spar: SPAR, Biospherical/Licor
# name 23 = specc: Specific Conductance [uS/cm]
# name 24 = timeS: Time, Elapsed [seconds]
# name 25 = timeY: Time, System [seconds]
# name 26 = accM: Acceleration [m/s^2]
# name 27 = dz/dtM: Descent Rate [m/s]
# name 28 = latitude: Latitude [deg]
# name 29 = longitude: Longitude [deg]
# name 30 = gsw_saA0: Absolute Salinity [g/kg]
# name 31 = gsw_densityA0: density, TEOS-10 [density, kg/m^3]
# name 32 = gsw_sigma0A0: density, TEOS-10 [sigma-0, kg/m^3 ]
# name 33 = gsw_ptA0: potential temperature [ITS-90, deg C]
# name 34 = flag: flag
# span 0 =      0.969,     83.350       
# span 1 =     8.6669,    20.4182       
# span 2 =    32.5385,    33.9728       
# span 3 =  1022.8641,  1026.5512       
# span 4 =     3.1099,     4.1516       
# span 5 =     5.3860,     6.9309       
# span 6 =     82.685,    123.752       
# span 7 =   -0.04464,    0.07534       
# span 8 =    5.20745,    6.57138       
# span 9 =    5.19715,    6.57687       
# span 10 =      8.561,      8.800      
# span 11 =    -0.0391,     1.4460      
# span 12 =    9.58778,   11.84225      
# span 13 =   3.516310,   4.543503      
# span 14 = -7.215e+03, 1.1629e+05      
# span 15 =    22.8599,    26.1737      
# span 16 =    22.8598,    26.1721      
# span 17 = -1.675e-02, 1.1439e-01      
# span 18 =      1.000,     84.000      
# span 19 =          1,          1      
# span 20 =        273,      14458      
# span 21 =    1483.89,    1520.06      
# span 22 = -4.217e-02, 4.4863e+00      
# span 23 =  49969.068,  53053.622      
# span 24 =     11.334,    602.387      
# span 25 = 1531639665, 1531640256      
# span 26 =      -0.82,       0.59      
# span 27 =     -1.123,      1.015      
# span 28 =   40.08662,   40.08667      
# span 29 =  -71.49543,  -71.49337      
# span 30 =    32.6498,    34.1350      
# span 31 =  1022.8698,  1026.5550      
# span 32 =    22.8648,    26.1779      
# span 33 =     8.6607,    20.4176      
# span 34 = 0.0000e+00, 0.0000e+00      
# interval = decibars: 1                
# start_time = Jul 15 2018 07:27:34 [System UTC, first data scan.]
# bad_flag = -9.990e-29
*END*
[from data line 42]
     42.670     9.4662    33.0947  1025.7477     3.3583     5.9716     92.293    0.00393    6.47027    6.47408      8.673     0.4908   11.67783   3.575918 2.5054e-11    25.5530    25.5522 1.0000e-12     43.000          1       2394    1486.28 3.9495e+00  51874.562     99.721 1531639754       0.02      0.679   40.08662  -71.49366    33.2502  1025.7498    25.5551     9.4615 0.0000e+00
     43.655     9.4514    33.0963  1025.7559     3.3612     5.9659     92.161    0.00098    6.47337    6.47723      8.670     0.4586   11.68290   3.574848 2.5047e-11    25.5566    25.5558 1.0000e-12     44.000          1       2448    1486.24 3.9495e+00  51880.361    101.963 1531639756      -0.11      0.419   40.08662  -71.49368    33.2524  1025.7584    25.5592     9.4467 0.0000e+00
     44.650     9.4342    33.0994  1025.7656     3.3588     5.9506     91.900   -0.00118    6.47505    6.47894      8.670     0.4580   11.68568   3.573596 2.5085e-11    25.5618    25.5610 1.0000e-12     45.000          1       2491    1486.20 3.9495e+00  51888.935    103.761 1531639758       0.16      0.564   40.08662  -71.49368    33.2549  1025.7678    25.5640     9.4294 0.0000e+00
     45.642     9.4186    33.1021  1025.7749     3.3525     5.9616     91.558   -0.00300    6.51131    6.51575      8.663     0.3045   11.74508   3.572500 2.5020e-11    25.5665    25.5657 1.0000e-12     46.000          1       2536    1486.17 3.9495e+00  51896.546    105.636 1531639760      -0.12      0.541   40.08662  -71.49370    33.2576  1025.7769    25.5686     9.4137 0.0000e+00
     46.624     9.3501    33.1079  1025.7949     3.3267     5.8433     89.674   -0.01434    6.51611    6.52063      8.657     0.0634   11.75292   3.565664 2.5019e-11    25.5820    25.5812 1.0000e-12     47.000          1       2582    1485.94 3.9495e+00  51919.313    107.537 1531639762       0.28      0.458   40.08662  -71.49370    33.2500  1025.7866    25.5736     9.3451 0.0000e+00
     47.634     9.1218    33.1551  1025.8730     3.3097     5.7878     88.739   -0.01823    6.52230    6.52692      8.657     0.1311   11.76302   3.549993 2.5307e-11    25.6553    25.6545 1.0000e-12     48.000          1       2605    1485.17 3.9495e+00  52034.382    108.516 1531639763       0.31      0.861   40.08662  -71.49370    33.2996  1025.8662    25.6485     9.1167 0.0000e+00
     48.619     9.0501    33.1739  1025.9036     3.2821     5.7904     88.548   -0.00959    6.53933    6.54425      8.646     0.0578   11.79052   3.545814 2.4980e-11    25.6813    25.6805 1.0000e-12     49.000          1       2674    1484.95 3.9495e+00  52076.570    111.391 1531639766      -0.03      0.352   40.08662  -71.49371    33.3225  1025.8999    25.6776     9.0449 0.0000e+00
     49.606     8.9500    33.2100  1025.9522     3.2598     5.7495     87.820   -0.00919    6.54693    6.55198      8.632    -0.0002   11.80273   3.540201 2.5074e-11    25.7253    25.7245 1.0000e-12     50.000          1       2734    1484.64 4.0089e+00  52149.791    113.868 1531639768       0.23      0.492   40.08662  -71.49372    33.3572  1025.9473    25.7203     8.9448 0.0000e+00
     50.604     8.8927    33.2402  1025.9895     3.2487     5.7249     87.440   -0.00922    6.54727    6.55235      8.629     0.0061   11.80324   3.538122 5.9926e+04    25.7579    25.7571 1.0000e-12     51.000          1       2764    1484.48 1.4594e+00  52205.461    115.137 1531639769       0.12      0.741   40.08662  -71.49372    33.3888  1025.9854    25.7539     8.8874 0.0000e+00
     51.591     8.8700    33.2516  1026.0065     3.2395     5.7142     87.281   -0.00737    6.54689    6.55196      8.628    -0.0034   11.80260   3.537397 6.8338e+04    25.7704    25.7695 1.0000e-12     52.000          1       2796    1484.42 9.4308e-01  52227.201    116.445 1531639771      -0.03      0.768   40.08662  -71.49373    33.4021  1026.0039    25.7677     8.8646 0.0000e+00
     52.592     8.8657    33.2558  1026.0150     3.2324     5.7029     87.103   -0.00656    6.54725    6.55232      8.627    -0.0079   11.80319   3.537558 -9.990e-29    25.7743    25.7735 1.0000e-12     53.000          1       2823    1484.43 1.9486e+00  52234.720    117.574 1531639772       0.12      0.837   40.08662  -71.49374    33.4075  1026.0133    25.7726     8.8601 0.0000e+00
     53.580     8.8583    33.2676  1026.0299     3.2149     5.6682     86.376   -0.00815    6.56231    6.56764      8.619    -0.0001   11.82757   3.538298 2.5320e-11    25.7847    25.7838 1.0000e-12     54.000          1       2899    1484.43 3.1627e+00  52253.537    120.755 1531639775       0.26      0.487   40.08662  -71.49375    33.4217  1026.0300    25.7848     8.8527 0.0000e+00
     54.571     8.8036    33.3007  1026.0690     3.1896     5.5627     84.651   -0.01772    6.57138    6.57687      8.611    -0.0105   11.84225   3.536045 2.5320e-11    25.8192    25.8183 1.0000e-12     55.000          1       2950    1484.29 3.9585e+00  52313.131    122.878 1531639777       0.49      0.782   40.08662  -71.49376    33.4492  1026.0645    25.8147     8.7979 0.0000e+00
     55.572     8.7158    33.3160  1026.0992     3.1752     5.5326     84.196   -0.01717    6.57106    6.57656      8.608    -0.0220   11.84161   3.529657 2.5320e-11    25.8447    25.8438 1.0000e-12     56.000          1       2974    1484.00 3.9495e+00  52354.752    123.872 1531639778       0.03      1.015   40.08662  -71.49376    33.4644  1026.0946    25.8402     8.7100 0.0000e+00
     56.556     8.6767    33.3306  1026.1212     3.1572     5.5333     84.226   -0.00980    6.56953    6.57503      8.604    -0.0221   11.83885   3.527993 2.5320e-11    25.8622    25.8613 1.0000e-12     57.000          1       3019    1483.89 3.9843e+00  52384.766    125.771 1531639780      -0.24      0.558   40.08662  -71.49377    33.4834  1026.1200    25.8610     8.6708 0.0000e+00
     57.545     8.6817    33.3558  1026.1448     3.1334     5.4870     83.524   -0.00851    6.56934    6.57488      8.598    -0.0326   11.83798   3.531150 1.0510e+05    25.8812    25.8803 1.0000e-12     58.000          1       3088    1483.95 1.7602e+00  52419.962    128.619 1531639783      -0.03      0.318   40.08662  -71.49378    33.5115  1026.1457    25.8822     8.6757 0.0000e+00
     58.535     8.6754    33.3906  1026.1775     3.1134     5.4289     82.685   -0.01014    6.56568    6.57122      8.596    -0.0356   11.83136   3.533950 9.9999e+04    25.9095    25.9085 1.0000e-12     59.000          1       3136    1483.99 -1.797e-02  52471.234    130.646 1531639785       0.36      0.511   40.08662  -71.49378    33.5465  1026.1785    25.9104     8.6694 0.0000e+00
     59.537     8.6669    33.4024  1026.1927     3.1099     5.4393     82.964   -0.00567    6.55625    6.56168      8.599    -0.0279   11.81542   3.534417 6.8039e+04    25.9200    25.9191 1.0000e-12     60.000          1       3164    1483.99 1.1991e+00  52490.443    131.804 1531639786       0.12      0.826   40.08662  -71.49380    33.5590  1026.1942    25.9215     8.6607 0.0000e+00
     60.523     8.6795    33.4458  1026.2292     3.1148     5.4735     83.827    0.00216    6.52961    6.53473      8.599    -0.0375   11.77049   3.540155 -1.250e+03    25.9521    25.9511 1.0000e-12     61.000          1       3204    1484.10 4.0895e+00  52549.515    133.446 1531639788      -0.18      0.644   40.08662  -71.49380    33.6072  1026.2343    25.9572     8.6732 0.0000e+00
     61.517     8.8101    33.5145  1026.2671     3.1379     5.5574     85.384    0.01063    6.50880    6.51367      8.611    -0.0391   11.73545   3.559394 2.5016e-11    25.9856    25.9846 1.0000e-12     62.000          1       3254    1484.69 3.9543e+00  52618.224    135.544 1531639790      -0.08      0.483   40.08662  -71.49380    33.6853  1026.2793    25.9979     8.8036 0.0000e+00
     62.506     9.0146    33.6028  1026.3085     3.1521     5.5442     85.347    0.00449    6.49610    6.50082      8.616    -0.0272   11.71407   3.586206 2.4705e-11    26.0228    26.0218 1.0000e-12     63.000          1       3312    1485.57 2.7422e+00  52698.486    137.973 1531639792       0.14      0.392   40.08662  -71.49382    33.7722  1026.3194    26.0337     9.0079 0.0000e+00
     63.495     9.0851    33.6333  1026.3256     3.1573     5.4940     85.328    0.00228    6.43886    6.44288      8.620    -0.0208   11.61800   3.595573 -9.990e-29    26.0356    26.0345 1.0000e-12     64.000          1       3369    1485.89 1.6398e+00  52726.906    140.344 1531639794      -0.12      0.397   40.08662  -71.49382    33.8028  1026.3365    26.0464     9.0783 0.0000e+00
     64.491     9.1778    33.6666  1026.3413     3.1672     5.5421     86.135    0.00763    6.43417    6.43813      8.628    -0.0039   11.61008   3.608326 2.3645e-11    26.0469    26.0458 1.0000e-12     65.000          1       3405    1486.29 3.9336e+00  52754.594    141.842 1531639796       0.59      0.590   40.08662  -71.49382    33.8476  1026.3610    26.0666     9.1708 0.0000e+00
     65.490     9.4434    33.7546  1026.3714     3.1713     5.5264     85.933    0.00357    6.43106    6.43498      8.627    -0.0268   11.60491   3.642620 2.4990e-11    26.0729    26.0717 1.0000e-12     66.000          1       3430    1487.38 3.9495e+00  52823.061    142.862 1531639797       0.12      0.988   40.08662  -71.49382    33.9518  1026.4035    26.1050     9.4362 0.0000e+00
     66.479     9.5373    33.7838  1026.3834     3.1788     5.5275     86.081    0.00208    6.42133    6.42515      8.627    -0.0214   11.58845   3.651804 2.4973e-11    26.0804    26.0792 1.0000e-12     67.000          1       3499    1487.78 3.9495e+00  52845.137    145.769 1531639800       0.32      0.291   40.08662  -71.49384    33.9576  1026.3972    26.0943     9.5300 0.0000e+00
     67.468     9.5939    33.8091  1026.3983     3.1764     5.5115     85.738   -0.00116    6.42832    6.43224      8.626    -0.0237   11.59994   3.659190 2.5234e-11    26.0909    26.0897 1.0000e-12     68.000          1       3553    1488.03 3.9495e+00  52869.759    147.987 1531639802      -0.09      0.484   40.08662  -71.49385    33.9800  1026.4098    26.1025     9.5864 0.0000e+00
     68.456     9.5548    33.8112  1026.4110     3.1679     5.4771     85.172   -0.00445    6.43071    6.43466      8.621    -0.0221   11.60382   3.655284 2.5146e-11    26.0991    26.0978 1.0000e-12     69.000          1       3601    1487.91 4.0385e+00  52881.536    150.003 1531639804       0.31      0.483   40.08662  -71.49386    33.9762  1026.4179    26.1060     9.5471 0.0000e+00
     69.453     9.5222    33.8174  1026.4257     3.1579     5.4365     84.542   -0.00769    6.43051    6.43447      8.619    -0.0139   11.60347   3.652845 -9.990e-29    26.1093    26.1080 1.0000e-12     70.000          1       3631    1487.81 3.8631e+00  52897.547    151.245 1531639805       0.09      0.776   40.08662  -71.49386    33.9814  1026.4318    26.1153     9.5145 0.0000e+00
     70.445     9.5141    33.8217  1026.4349     3.1512     5.4417     84.642   -0.00383    6.42901    6.43295      8.618    -0.0281   11.60092   3.652540 -9.990e-29    26.1140    26.1127 1.0000e-12     71.000          1       3683    1487.80 1.9122e+00  52905.880    153.437 1531639808      -0.12      0.476   40.08662  -71.49387    33.9854  1026.4408    26.1198     9.5063 0.0000e+00
     71.436     9.5272    33.8319  1026.4453     3.1469     5.4338     84.723   -0.00121    6.41355    6.41731      8.616    -0.0222   11.57484   3.654957 2.5320e-11    26.1198    26.1185 1.0000e-12     72.000          1       3760    1487.88 3.6676e+00  52918.006    156.607 1531639811       0.14      0.342   40.08662  -71.49388    33.9976  1026.4526    26.1272     9.5192 0.0000e+00
     72.421     9.6418    33.8837  1026.4712     3.1395     5.3947     84.224   -0.00414    6.40525    6.40891      8.617    -0.0122   11.56085   3.671108 2.5027e-11    26.1414    26.1401 1.0000e-12     73.000          1       3834    1488.38 3.9529e+00  52968.086    159.711 1531639814       0.48      0.276   40.08662  -71.49388    34.0555  1026.4832    26.1534     9.6337 0.0000e+00
     73.423     9.6672    33.8934  1026.4792     3.1379     5.4018     84.372   -0.00181    6.40238    6.40601 -9.990e-29    -0.0273   11.55603   3.673888 2.5279e-11    26.1449    26.1435 1.0000e-12     74.000          1       3873    1488.50 3.9751e+00  52977.094    161.314 1531639815      -0.06      0.547   40.08662  -71.49390    34.0596  1026.4867    26.1525     9.6590 0.0000e+00
     74.407     9.6964    33.9058  1026.4884     3.1359     5.4054     84.447   -0.00025    6.40088    6.40450      8.616    -0.0328   11.55347   3.677676 1.1629e+05    26.1497    26.1483 1.0000e-12     75.000          1       3974    1488.64 2.3167e+00  52989.071    165.534 1531639820       0.10      0.094   40.08662  -71.49391    34.0706  1026.4949    26.1562     9.6880 0.0000e+00
     75.405     9.7005    33.9081  1026.4941     3.1344     5.3926     84.309   -0.00138    6.39621    6.39977      8.613    -0.0186   11.54562   3.678136 8.0844e+04    26.1508    26.1494 1.0000e-12     76.000          1       4027    1488.67 4.1622e-01  52992.106    167.770 1531639822       0.25      0.555   40.08662  -71.49392    34.0710  1026.4990    26.1558     9.6921 0.0000e+00
     76.399     9.7135    33.9138  1026.5009     3.1355     5.4030     84.481    0.00015    6.39551    6.39906      8.613    -0.0224   11.54444   3.680001 5.7624e+03    26.1532    26.1518 1.0000e-12     77.000          1       4076    1488.74 3.3934e+00  52998.168    169.805 1531639824      -0.10      0.504   40.08662  -71.49393    34.0775  1026.5065    26.1588     9.7049 0.0000e+00
     77.385     9.7567    33.9296  1026.5105     3.1380     5.4006     84.581    0.00014    6.38514    6.38857      8.615    -0.0179   11.52699   3.685749 2.4534e-11    26.1584    26.1569 1.0000e-12     78.000          1       4177    1488.93 3.9774e+00  53012.134    173.982 1531639828       0.08      0.197   40.08662  -71.49395    34.0953  1026.5176    26.1655     9.7479 0.0000e+00
     78.373     9.7971    33.9459  1026.5210     3.1371     5.3971     84.544   -0.00009    6.38379    6.38720      8.615    -0.0279   11.52471   3.690951 -9.990e-29    26.1644    26.1630 1.0000e-12     79.000          1       4240    1489.12 3.9936e+00  53027.587    176.631 1531639831       0.04      0.385   40.08662  -71.49396    34.1101  1026.5269    26.1703     9.7882 0.0000e+00
     79.377     9.8062    33.9493  1026.5267     3.1365     5.3926     84.467   -0.00069    6.38432    6.38774      8.615    -0.0246   11.52560   3.692112 -9.990e-29    26.1656    26.1641 1.0000e-12     80.000          1       4273    1489.17 3.9211e+00  53031.090    178.005 1531639832       0.22      0.659   40.08662  -71.49396    34.1130  1026.5322    26.1711     9.7972 0.0000e+00
     80.365     9.8218    33.9559  1026.5336     3.1372     5.3937     84.523   -0.00046    6.38137    6.38476      8.613    -0.0152   11.52064   3.694119 8.8073e+03    26.1681    26.1666 1.0000e-12     81.000          1       4460    1489.25 2.9103e+00  53037.787    185.794 1531639840       0.02      0.321   40.08662  -71.49399    34.1184  1026.5382    26.1727     9.8127 0.0000e+00
     81.349     9.8321    33.9603  1026.5399     3.1367     5.3860     84.437   -0.00153    6.37871    6.38206 -9.990e-29    -0.0279   11.51617   3.695527 7.5915e+04    26.1699    26.1683 1.0000e-12     82.000          1       4608    1489.31 3.9735e-01  53042.554    191.966 1531639846       0.35      0.234   40.08662  -71.49402    34.1227  1026.5444    26.1743     9.8228 0.0000e+00
