CalculateIndicators/WaterTemperature/Data/CTD_NYOS/NY1807C03.cnv
* Sea-Bird SBE 9 Data File:
* FileName = C:\Seabird 9 CTD\Data\2018\OffshoreCruise201807\NY1807C03.hex
* Software Version Seasave V 7.23.2
* Temperature SN = 4590
* Conductivity SN = 3228
* Number of Bytes Per Scan = 44
* Number of Voltage Words = 5
* Number of Scans Averaged by the Deck Unit = 1
* NMEA Latitude = 40 05.19 N
* NMEA Longitude = 071 29.57 W
* NMEA UTC (Time) = Jul 15 2018  07:25:50
* NMEA baud rate = 4800
** Ship: Seawolf
** Station: NY1807C03
** Operator: jw
# nquan = 35
# nvalues = 166                         
# units = specified
# name 0 = depSM: Depth [salt water, m]
# name 1 = t090C: Temperature [ITS-90, deg C]
# name 2 = sal00: Salinity, Practical [PSU]
# name 3 = density00: Density [density, kg/m^3]
# name 4 = sbeox0V: Oxygen raw, SBE 43 [V]
# name 5 = sbeox0ML/L: Oxygen, SBE 43 [ml/l]
# name 6 = sbeox0PS: Oxygen, SBE 43 [% saturation]
# name 7 = sbox0dV/dT: Oxygen, SBE 43 [dov/dt]
# name 8 = oxsolML/L: Oxygen Saturation, Garcia & Gordon [ml/l]
# name 9 = oxsatML/L: Oxygen Saturation, Weiss [ml/l]
# name 10 = ph: pH
# name 11 = flECO-AFL: Fluorescence, WET Labs ECO-AFL/FL [mg/m^3]
# name 12 = n2satML/L: Nitrogen Saturation [ml/l]
# name 13 = c0S/m: Conductivity [S/m]
# name 14 = cpar: CPAR/Corrected Irradiance [%]
# name 15 = sigma-é00: Density [sigma-theta, kg/m^3]
# name 16 = sigma-t00: Density [sigma-t, kg/m^3 ]
# name 17 = par: PAR/Irradiance, Biospherical/Licor
# name 18 = prDM: Pressure, Digiquartz [db]
# name 19 = pumps: Pump Status
# name 20 = scan: Scan Count
# name 21 = svCM: Sound Velocity [Chen-Millero, m/s]
# name 22 = spar: SPAR, Biospherical/Licor
# name 23 = specc: Specific Conductance [uS/cm]
# name 24 = timeS: Time, Elapsed [seconds]
# name 25 = timeY: Time, System [seconds]
# name 26 = accM: Acceleration [m/s^2]
# name 27 = dz/dtM: Descent Rate [m/s]
# name 28 = latitude: Latitude [deg]
# name 29 = longitude: Longitude [deg]
# name 30 = gsw_saA0: Absolute Salinity [g/kg]
# name 31 = gsw_densityA0: density, TEOS-10 [density, kg/m^3]
# name 32 = gsw_sigma0A0: density, TEOS-10 [sigma-0, kg/m^3 ]
# name 33 = gsw_ptA0: potential temperature [ITS-90, deg C]
# name 34 = flag: flag
# span 0 =      0.969,     83.350       
# span 1 =     8.6669,    20.4182       
# span 2 =    32.5385,    33.9728       
# span 3 =  1022.8641,  1026.5512       
# span 4 =     3.1099,     4.1516       
# span 5 =     5.3860,     6.9309       
# span 6 =     82.685,    123.752       
# span 7 =   -0.04464,    0.07534       
# span 8 =    5.20745,    6.57138       
# span 9 =    5.19715,    6.57687       
# span 10 =      8.561,      8.800      
# span 11 =    -0.0391,     1.4460      
# span 12 =    9.58778,   11.84225      
# span 13 =   3.516310,   4.543503      
# span 14 = -7.215e+03, 1.1629e+05      
# span 15 =    22.8599,    26.1737      
# span 16 =    22.8598,    26.1721      
# span 17 = -1.675e-02, 1.1439e-01      
# span 18 =      1.000,     84.000      
# span 19 =          1,          1      
# span 20 =        273,      14458      
# span 21 =    1483.89,    1520.06      
# span 22 = -4.217e-02, 4.4863e+00      
# span 23 =  49969.068,  53053.622      
# span 24 =     11.334,    602.387      
# span 25 = 1531639665, 1531640256      
# span 26 =      -0.82,       0.59      
# span 27 =     -1.123,      1.015      
# span 28 =   40.08662,   40.08667      
# span 29 =  -71.49543,  -71.49337      
# span 30 =    32.6498,    34.1350      
# span 31 =  1022.8698,  1026.5550      
# span 32 =    22.8648,    26.1779      
# span 33 =     8.6607,    20.4176      
# span 34 = 0.0000e+00, 0.0000e+00      
# interval = decibars: 1                
# start_time = Jul 15 2018 07:27:34 [System UTC, first data scan.]
# bad_flag = -9.990e-29
*END*
      0.969    20.4175    32.6486  1022.8641     3.9328     5.8040    111.454    0.00123    5.20754    5.19724 -9.990e-29     0.1460    9.58792   4.543438 -4.242e-01    22.8599    22.8599 -1.675e-02      1.000          1        273    1520.03 3.8501e+00  50012.977     11.334 1531639665      -0.02     -0.655   40.08664  -71.49337    32.8034  1022.8698    22.8654    20.4173 0.0000e+00
      1.987    20.4164    32.6484  1022.8688     3.9425     5.8236    111.832    0.00200    5.20745    5.19715 -9.990e-29     0.1682    9.58778   4.543356 4.4755e-01    22.8601    22.8600 1.7676e-02      2.000          1        466    1520.03 4.0544e+00  50013.347     19.382 1531639674       0.19      0.234   40.08664  -71.49339    32.8032  1022.8743    22.8656    20.4160 0.0000e+00
      2.977    20.4182    32.6487  1022.8729     3.9457     5.8394    111.915    0.00098    5.21773    5.20750      8.767     0.1699    9.60490   4.543503 1.3726e+00    22.8599    22.8598 6.2532e-02      3.000          1        671    1520.06 4.4863e+00  50014.067     27.911 1531639682      -0.04      0.300   40.08664  -71.49341    32.8028  1022.8778    22.8648    20.4176 0.0000e+00
      3.966    20.3248    32.6447  1022.8988     3.9606     5.9404    112.710    0.00599    5.27052    5.26074      8.771     0.1859    9.69121   4.533537 -7.046e-02    22.8815    22.8813 -3.266e-03      4.000          1        737    1519.81 3.9180e+00  50013.355     30.659 1531639685       0.04      0.353   40.08664  -71.49342    32.7942  1022.9003    22.8830    20.3241 0.0000e+00
      4.962    19.9731    32.6666  1023.0116     3.9865     6.0228    114.158    0.01610    5.27584    5.26616      8.777     0.1854    9.69832   4.500482 9.2897e-05    22.9900    22.9897 3.6690e-06      5.000          1        779    1518.88 3.9495e+00  50060.360     32.419 1531639687       0.17      0.554   40.08664  -71.49344    32.7988  1023.0000    22.9784    19.9722 0.0000e+00
      5.956    19.6983    32.8714  1023.2434     3.9884     6.0238    113.545    0.00312    5.30525    5.29581      8.784     0.1728    9.74683   4.500698 2.4403e-11    23.2174    23.2171 1.0000e-12      6.000          1        822    1518.35 3.9495e+00  50356.214     34.210 1531639688      -0.10      0.571   40.08664  -71.49344    33.0156  1023.2402    23.2141    19.6972 0.0000e+00
      6.942    19.4919    33.0126  1023.4085     3.9731     6.0240    112.325   -0.00967    5.36294    5.35396      8.789     0.1871    9.84304   4.497442 2.4328e-11    23.3782    23.3779 1.0000e-12      7.000          1        876    1517.94 3.9495e+00  50560.728     36.472 1531639691       0.08      0.408   40.08664  -71.49344    33.1516  1023.4009    23.3705    19.4906 0.0000e+00
      7.940    19.0215    32.9939  1023.5180     3.9891     6.1558    113.919    0.00892    5.40363    5.39497      8.792     0.2005    9.91147   4.446558 2.4900e-11    23.4832    23.4829 1.0000e-12      8.000          1        914    1516.60 3.9495e+00  50562.650     38.046 1531639692       0.07      0.620   40.08664  -71.49346    33.1038  1023.4884    23.4536    19.0201 0.0000e+00
      8.929    18.7171    32.9733  1023.5833     3.9967     6.2636    113.971    0.00490    5.49580    5.48791      8.793     0.2087   10.06588   4.416961 2.4464e-11    23.5442    23.5438 1.0000e-12      9.000          1        955    1515.72 3.9495e+00  50553.389     39.734 1531639694      -0.05      0.596   40.08664  -71.49346    33.0997  1023.5664    23.5272    18.7156 0.0000e+00
      9.922    18.2897    32.8871  1023.6275     4.0196     6.3623    115.203    0.01215    5.52267    5.51502      8.792     0.2509   10.11083   4.360777 2.5056e-11    23.5839    23.5835 1.0000e-12     10.000          1        989    1514.40 3.9495e+00  50462.419     41.187 1531639695       0.14      0.652   40.08664  -71.49346    32.9692  1023.5772    23.5336    18.2880 0.0000e+00
     10.920    17.5774    32.7920  1023.7319     4.0423     6.4613    116.364    0.01815    5.55262    5.54525      8.796     0.2689   10.16064   4.283295 2.3914e-11    23.6838    23.6834 1.0000e-12     11.000          1       1022    1512.21 3.9495e+00  50382.108     42.559 1531639697      -0.05      0.747   40.08664  -71.49346    32.8837  1023.6892    23.6411    17.5755 0.0000e+00
     11.905    17.0680    32.7475  1023.8232     4.0614     6.5690    116.422    0.00743    5.64275    5.63637      8.800     0.2818   10.30862   4.232119 2.4502e-11    23.7706    23.7701 1.0000e-12     12.000          1       1082    1510.65 3.9495e+00  50359.897     45.058 1531639699      -0.10      0.356   40.08664  -71.49347    32.8561  1023.7934    23.7408    17.0661 0.0000e+00
     12.896    16.8866    32.8577  1023.9546     4.0252     6.5532    112.920   -0.02709    5.80333    5.79864      8.799     0.3206   10.57499   4.229869 2.5335e-11    23.8977    23.8972 1.0000e-12     13.000          1       1129    1510.25 3.9495e+00  50526.647     47.015 1531639701       0.27      0.520   40.08664  -71.49348    32.9846  1023.9384    23.8814    16.8845 0.0000e+00
     13.896    16.0288    32.9127  1024.1958     4.0381     6.7493    115.263    0.00101    5.85516    5.85102      8.800     0.3171   10.66156   4.143094 2.5018e-11    24.1342    24.1337 1.0000e-12     14.000          1       1158    1507.68 3.9495e+00  50679.716     48.223 1531639702       0.11      0.790   40.08664  -71.49350    32.9273  1024.0933    24.0317    16.0266 0.0000e+00
     14.883    14.6908    32.9254  1024.5063     4.0142     6.8894    113.638   -0.01022    6.06299    6.06121      8.796     0.3660   11.00727   4.026645 2.2227e-11    24.4399    24.4395 1.0000e-12     15.000          1       1197    1503.52 3.9495e+00  50827.962     49.841 1531639704      -0.17      0.652   40.08664  -71.49350    33.0035  1024.4518    24.3855    14.6886 0.0000e+00
     15.877    14.0695    32.8593  1024.5885     3.9845     6.9004    111.897   -0.01974    6.16669    6.16614      8.787     0.4247   11.17978   3.953551 2.5030e-11    24.5175    24.5170 1.0000e-12     16.000          1       1234    1501.44 3.9495e+00  50810.020     51.381 1531639705       0.17      0.617   40.08664  -71.49350    32.8569  1024.4722    24.4012    14.0673 0.0000e+00
     16.870    12.3970    32.7593  1024.8492     3.9325     6.8417    109.591   -0.02601    6.24313    6.24352      8.767     0.4643   11.30679   3.792184 2.5306e-11    24.7732    24.7728 1.0000e-12     17.000          1       1280    1495.77 3.9495e+00  50888.346     53.292 1531639707      -0.16      0.533   40.08664  -71.49350    32.7775  1024.7480    24.6720    12.3948 0.0000e+00
     17.858    11.3119    32.6833  1024.9977     3.8682     6.7665    107.140   -0.02861    6.31555    6.31684      8.754     0.5228   11.42738   3.688492 2.5320e-11    24.9168    24.9164 1.0000e-12     18.000          1       1334    1491.97 3.9495e+00  50945.420     55.537 1531639710       0.25      0.425   40.08664  -71.49352    32.7234  1024.9129    24.8320    11.3097 0.0000e+00
     18.852    11.1060    32.6763  1025.0335     3.8387     6.8146    106.665   -0.02176    6.38881    6.39106      8.750     0.4893   11.54882   3.670911 2.4702e-11    24.9480    24.9476 1.0000e-12     19.000          1       1369    1491.26 3.9495e+00  50970.169     56.996 1531639711       0.02      0.679   40.08664  -71.49352    32.7317  1024.9605    24.8751    11.1037 0.0000e+00
     19.843    10.7334    32.6281  1025.0661     3.8059     6.7841    105.432   -0.02280    6.43452    6.43739      8.746     0.5799   11.62430   3.632932 2.4293e-11    24.9760    24.9756 1.0000e-12     20.000          1       1401    1489.90 3.9495e+00  50965.997     58.318 1531639712       0.10      0.719   40.08664  -71.49353    32.6855  1024.9946    24.9045    10.7311 0.0000e+00
     20.843    10.4206    32.6086  1025.1092     3.7818     6.7380    104.618   -0.02255    6.44057    6.44353      8.741     0.7368   11.63425   3.601540 2.4759e-11    25.0144    25.0140 1.0000e-12     21.000          1       1429    1488.77 3.9495e+00  50994.675     59.499 1531639714       0.04      0.838   40.08664  -71.49354    32.6498  1025.0250    24.9302    10.4182 0.0000e+00
     21.830     9.8405    32.6249  1025.2242     3.7449     6.6953    103.631   -0.01911    6.46074    6.46399      8.734     0.8981   11.66733   3.555133 2.5321e-11    25.1246    25.1242 1.0000e-12     22.000          1       1475    1486.73 3.9495e+00  51125.413     61.421 1531639716      -0.20      0.540   40.08664  -71.49354    32.7022  1025.1674    25.0679     9.8381 0.0000e+00
     22.819     9.7405    32.6425  1025.2588     3.6951     6.5480    101.378   -0.02534    6.45900    6.46228      8.721     1.1730   11.66391   3.549496 2.5320e-11    25.1547    25.1543 1.0000e-12     23.000          1       1523    1486.40 3.9495e+00  51169.888     63.416 1531639718       0.20      0.492   40.08664  -71.49354    32.7349  1025.2138    25.1097     9.7380 0.0000e+00
     23.817     9.6007    32.6587  1025.2988     3.6589     6.4715     99.908   -0.02780    6.47748    6.48101      8.722     1.1555   11.69443   3.539300 2.4816e-11    25.1901    25.1897 1.0000e-12     24.000          1       1555    1485.93 3.9495e+00  51220.637     64.770 1531639719       0.08      0.716   40.08664  -71.49354    32.7571  1025.2583    25.1496     9.5981 0.0000e+00
     24.808     9.6336    32.6983  1025.3290     3.6152     6.4160     98.561   -0.02571    6.50980    6.51378      8.704     1.2973   11.74801   3.548140 2.3956e-11    25.2158    25.2153 1.0000e-12     25.000          1       1594    1486.11 3.9495e+00  51270.802     66.387 1531639721      -0.11      0.642   40.08664  -71.49356    32.8176  1025.3045    25.1913     9.6309 0.0000e+00
     25.796     9.4539    32.7038  1025.3669     3.5389     6.1402     94.272   -0.04464    6.51329    6.51731      8.687     0.9895   11.75374   3.531234 2.3903e-11    25.2490    25.2486 1.0000e-12     26.000          1       1636    1485.48 3.9495e+00  51314.695     68.111 1531639722       0.08      0.556   40.08664  -71.49356    32.8074  1025.3301    25.2123     9.4511 0.0000e+00
     26.796     9.2784    32.6959  1025.3935     3.4835     6.0341     92.677   -0.04065    6.51088    6.51489      8.683     0.8465   11.74951   3.516310 2.4482e-11    25.2709    25.2705 1.0000e-12     27.000          1       1670    1484.84 3.9495e+00  51339.726     69.557 1531639724      -0.01      0.689   40.08664  -71.49356    32.8136  1025.3675    25.2450     9.2755 0.0000e+00
     27.779     9.2699    32.7089  1025.4095     3.4111     5.9381     91.209   -0.02844    6.51042    6.51449      8.671     0.7467   11.74795   3.518271 2.5397e-11    25.2825    25.2820 1.0000e-12     28.000          1       1728    1484.84 3.9495e+00  51360.487     71.975 1531639726      -0.11      0.362   40.08664  -71.49357    32.8413  1025.3950    25.2680     9.2669 0.0000e+00
     28.774     9.2643    32.7454  1025.4435     3.3557     5.7878     88.904   -0.03271    6.51012    6.51419      8.663     0.6627   11.74735   3.521877 2.5015e-11    25.3119    25.3114 1.0000e-12     29.000          1       1768    1484.88 3.9495e+00  51413.583     73.627 1531639728       0.35      0.578   40.08664  -71.49358    32.8834  1025.4332    25.3017     9.2612 0.0000e+00
     29.773     9.2564    32.7867  1025.4816     3.3171     5.7156     87.795   -0.02997    6.51014    6.51422      8.662     0.6148   11.74739   3.525425 2.4362e-11    25.3455    25.3450 1.0000e-12     30.000          1       1802    1484.92 3.9495e+00  51474.425     75.043 1531639729      -0.10      0.723   40.08664  -71.49358    32.9271  1025.4730    25.3369     9.2532 0.0000e+00
     30.754     9.2553    32.7955  1025.4932     3.2839     5.7625     88.538   -0.00799    6.50851    6.51258      8.658     0.5120   11.74460   3.526634 2.5134e-11    25.3526    25.3521 1.0000e-12     31.000          1       1867    1484.94 3.9495e+00  51487.699     77.759 1531639732      -0.01      0.266   40.08664  -71.49358    32.9402  1025.4879    25.3473     9.2520 0.0000e+00
     31.750     9.2572    32.7985  1025.4997     3.2745     5.7485     88.347   -0.00647    6.50674    6.51078      8.657     0.4950   11.74162   3.527397 2.5324e-11    25.3546    25.3541 1.0000e-12     32.000          1       1905    1484.97 3.9495e+00  51492.118     79.338 1531639733       0.28      0.598   40.08664  -71.49360    32.9459  1025.4966    25.3515     9.2538 0.0000e+00
     32.750     9.2658    32.8027  1025.5063     3.2674     5.7326     88.214   -0.00519    6.49849    6.50245      8.654     0.4868   11.72753   3.528802 2.5320e-11    25.3566    25.3560 1.0000e-12     33.000          1       1941    1485.02 3.9495e+00  51496.990     80.831 1531639735      -0.11      0.680   40.08664  -71.49360    32.9521  1025.5047    25.3550     9.2622 0.0000e+00
     33.729     9.3087    32.8332  1025.5278     3.2499     5.6701     87.448   -0.00713    6.48402    6.48784      8.652     0.4013   11.70286   3.536287 2.5132e-11    25.3736    25.3731 1.0000e-12     34.000          1       2008    1485.23 3.9495e+00  51531.928     83.621 1531639738       0.08      0.230   40.08664  -71.49360    32.9897  1025.5316    25.3774     9.3051 0.0000e+00
     34.730     9.3603    32.8709  1025.5535     3.2513     5.7067     88.043   -0.00077    6.48174    6.48554      8.656     0.3671   11.69897   3.544791 2.4554e-11    25.3948    25.3942 1.0000e-12     35.000          1       2042    1485.49 3.9495e+00  51575.187     85.037 1531639739       0.18      0.644   40.08664  -71.49362    33.0297  1025.5591    25.4004     9.3565 0.0000e+00
     35.723     9.4050    32.9060  1025.5784     3.2619     5.7650     88.947    0.00531    6.48131    6.48511      8.656     0.3369   11.69804   3.552132 2.5292e-11    25.4152    25.4146 1.0000e-12     36.000          1       2086    1485.71 3.9495e+00  51616.378     86.888 1531639741      -0.14      0.556   40.08663  -71.49362    33.0640  1025.5831    25.4199     9.4011 0.0000e+00
     36.709     9.4276    32.9228  1025.5924     3.2680     5.7475     88.837    0.00134    6.46981    6.47353      8.661     0.2448   11.67810   3.555719 2.4708e-11    25.4247    25.4241 1.0000e-12     37.000          1       2144    1485.83 3.9495e+00  51636.124     89.285 1531639743       0.10      0.394   40.08662  -71.49362    33.0798  1025.5963    25.4286     9.4236 0.0000e+00
     37.705     9.4063    32.9537  1025.6245     3.2861     5.8280     90.231    0.01022    6.45899    6.46259      8.668     0.3225   11.65982   3.557228 2.4828e-11    25.4523    25.4516 1.0000e-12     38.000          1       2179    1485.81 3.9495e+00  51684.620     90.767 1531639745       0.17      0.632   40.08664  -71.49364    33.1146  1025.6313    25.4591     9.4022 0.0000e+00
     38.701     9.4774    33.0086  1025.6604     3.3080     5.9020     91.424    0.01515    6.45559    6.45917      8.670     0.3748   11.65394   3.569198 2.4922e-11    25.4837    25.4831 1.0000e-12     39.000          1       2215    1486.15 3.9495e+00  51748.318     92.254 1531639746      -0.08      0.696   40.08664  -71.49364    33.1721  1025.6691    25.4925     9.4731 0.0000e+00
     39.688     9.5515    33.0521  1025.6869     3.3211     5.8829     91.082    0.00554    6.45890    6.46254      8.673     0.4232   11.65918   3.579989 2.4636e-11    25.5058    25.5050 1.0000e-12     40.000          1       2265    1486.49 3.9495e+00  51795.331     94.333 1531639748      -0.03      0.461   40.08662  -71.49364    33.2144  1025.6945    25.5134     9.5472 0.0000e+00
     40.681     9.5498    33.0772  1025.7113     3.3410     5.9615     92.191    0.01012    6.46645    6.47021      8.675     0.4615   11.67155   3.581956 2.5153e-11    25.5257    25.5249 1.0000e-12     41.000          1       2314    1486.53 3.9495e+00  51831.656     96.374 1531639751      -0.02      0.492   40.08662  -71.49366    33.2359  1025.7161    25.5305     9.5453 0.0000e+00
