CalculateIndicators/WaterTemperature/Data/CTD_NYOS/NY1807C11.cnv
* Sea-Bird SBE 9 Data File:
* FileName = C:\Seabird 9 CTD\Data\2018\OffshoreCruise201807\NY1807C11.hex
* Software Version Seasave V 7.23.2
* Temperature SN = 4590
* Conductivity SN = 3228
* Number of Bytes Per Scan = 44
* Number of Voltage Words = 5
* Number of Scans Averaged by the Deck Unit = 1
* NMEA Latitude = 39 44.39 N
* NMEA Longitude = 072 23.91 W
* NMEA UTC (Time) = Jul 16 2018  23:54:31
* NMEA baud rate = 4800
** Ship: RV Seawolf
** Station: NY1807C11
** Operator: jdw
# nquan = 35
# nvalues = 165                         
# units = specified
# name 0 = depSM: Depth [salt water, m]
# name 1 = t090C: Temperature [ITS-90, deg C]
# name 2 = sal00: Salinity, Practical [PSU]
# name 3 = density00: Density [density, kg/m^3]
# name 4 = sbeox0V: Oxygen raw, SBE 43 [V]
# name 5 = sbeox0ML/L: Oxygen, SBE 43 [ml/l]
# name 6 = sbeox0PS: Oxygen, SBE 43 [% saturation]
# name 7 = sbox0dV/dT: Oxygen, SBE 43 [dov/dt]
# name 8 = oxsolML/L: Oxygen Saturation, Garcia & Gordon [ml/l]
# name 9 = oxsatML/L: Oxygen Saturation, Weiss [ml/l]
# name 10 = ph: pH
# name 11 = flECO-AFL: Fluorescence, WET Labs ECO-AFL/FL [mg/m^3]
# name 12 = n2satML/L: Nitrogen Saturation [ml/l]
# name 13 = c0S/m: Conductivity [S/m]
# name 14 = cpar: CPAR/Corrected Irradiance [%]
# name 15 = sigma-é00: Density [sigma-theta, kg/m^3]
# name 16 = sigma-t00: Density [sigma-t, kg/m^3 ]
# name 17 = par: PAR/Irradiance, Biospherical/Licor
# name 18 = prDM: Pressure, Digiquartz [db]
# name 19 = pumps: Pump Status
# name 20 = scan: Scan Count
# name 21 = svCM: Sound Velocity [Chen-Millero, m/s]
# name 22 = spar: SPAR, Biospherical/Licor
# name 23 = specc: Specific Conductance [uS/cm]
# name 24 = timeS: Time, Elapsed [seconds]
# name 25 = timeY: Time, System [seconds]
# name 26 = accM: Acceleration [m/s^2]
# name 27 = dz/dtM: Descent Rate [m/s]
# name 28 = latitude: Latitude [deg]
# name 29 = longitude: Longitude [deg]
# name 30 = gsw_saA0: Absolute Salinity [g/kg]
# name 31 = gsw_densityA0: density, TEOS-10 [density, kg/m^3]
# name 32 = gsw_sigma0A0: density, TEOS-10 [sigma-0, kg/m^3 ]
# name 33 = gsw_ptA0: potential temperature [ITS-90, deg C]
# name 34 = flag: flag
# span 0 =      1.980,     83.345       
# span 1 =     8.2341,    23.6083       
# span 2 =    32.7379,    33.6044       
# span 3 =  1022.0658,  1026.4561       
# span 4 =     3.0641,     4.2261       
# span 5 =     5.3732,     6.8720       
# span 6 =     81.922,    122.571       
# span 7 =   -0.03728,    0.06368       
# span 8 =    4.91684,    6.63551       
# span 9 =    4.90499,    6.64193       
# span 10 =      8.607,      8.902      
# span 11 =    -0.0416,     1.5062      
# span 12 =    9.10311,   11.94839      
# span 13 =   3.486859,   4.867646      
# span 14 = 1.8754e-12, 2.5636e+01      
# span 15 =    22.0444,    26.0747      
# span 16 =    22.0441,    26.0734      
# span 17 = 1.0000e-12, 1.3627e+01      
# span 18 =      2.000,     84.000      
# span 19 =          1,          1      
# span 20 =        435,      12761      
# span 21 =    1482.31,    1528.61      
# span 22 = 4.3641e+01, 5.3321e+01      
# span 23 =  50028.490,  52785.387      
# span 24 =     18.088,    531.684      
# span 25 = 1531785348, 1531785861      
# span 26 =      -0.63,       0.57      
# span 27 =     -0.991,      0.860      
# span 28 =   39.74020,   39.74252      
# span 29 =  -72.39832,  -72.39712      
# span 30 =    32.9127,    33.7638      
# span 31 =  1022.0764,  1026.4600      
# span 32 =    22.0678,    26.0829      
# span 33 =     8.2277,    23.6073      
# span 34 = 0.0000e+00, 0.0000e+00      
# interval = decibars: 1                
# start_time = Jul 16 2018 23:55:30 [System UTC, first data scan.]
# bad_flag = -9.990e-29
*END*
[from data line 125]
     40.679    10.3721    33.2990  1025.7464     3.5319     6.3254    100.088    0.02670    6.31987    6.32177      8.706     0.5272   11.42709   3.678757 2.0260e-12    25.5616    25.5608 1.0000e-12     41.000          1       8825    1489.77 4.9360e+01  51985.142    367.647 1531785697      -0.20     -0.757   39.74178  -72.39752    33.4656  1025.7568    25.5720    10.3674 0.0000e+00
     39.690    10.4215    33.2635  1025.7057     3.5664     6.3892    101.186    0.02546    6.31429    6.31611      8.707     0.5452   11.41783   3.679968 2.0992e-12    25.5254    25.5246 1.0000e-12     40.000          1       8859    1489.89 4.7648e+01  51925.680    369.083 1531785699       0.09     -0.718   39.74180  -72.39752    33.4327  1025.7183    25.5381    10.4169 0.0000e+00
     38.701    10.4989    33.2608  1025.6857     3.5996     6.3775    101.373    0.01393    6.29119    6.29270      8.714     0.5087   11.37956   3.686678 2.0194e-12    25.5100    25.5092 1.0000e-12     39.000          1       8914    1490.14 4.9512e+01  51907.207    371.378 1531785701       0.15     -0.395   39.74180  -72.39752    33.4299  1025.6983    25.5226    10.4943 0.0000e+00
     37.703    10.5701    33.2717  1025.6772     3.6214     6.4076    101.957    0.01192    6.28460    6.28598      8.724     0.5958   11.36925   3.694582 2.0256e-12    25.5061    25.5053 1.0000e-12     38.000          1       8956    1490.39 4.9368e+01  51909.008    373.144 1531785703      -0.42     -0.583   39.74181  -72.39752    33.4446  1025.6928    25.5216    10.5657 0.0000e+00
     36.714    10.7312    33.2521  1025.6293     3.6590     6.5302    103.929    0.02029    6.28337    6.28471      8.726     0.6050   11.36748   3.707015 2.0256e-12    25.4628    25.4620 1.0000e-12     37.000          1       9000    1490.93 4.9368e+01  51852.205    374.948 1531785704       0.20     -0.589   39.74182  -72.39751    33.4225  1025.6430    25.4765    10.7269 0.0000e+00
     35.724    10.7468    33.2025  1025.5834     3.6921     6.5689    104.919    0.01861    6.26089    6.26194      8.730     0.6789   11.33016   3.702849 2.0256e-12    25.4214    25.4206 1.0000e-12     36.000          1       9043    1490.90 -9.990e-29  51779.245    376.734 1531785706      -0.27     -0.533   39.74182  -72.39750    33.3670  1025.5927    25.4307    10.7425 0.0000e+00
     34.727    10.7706    33.1900  1025.5649     3.7174     6.5878    105.673    0.01734    6.23415    6.23487      8.736     0.7351   11.28570   3.704134 2.0277e-12    25.4075    25.4067 1.0000e-12     35.000          1       9076    1490.96 -9.990e-29  51757.004    378.123 1531785708       0.03     -0.730   39.74184  -72.39750    33.3586  1025.5775    25.4200    10.7664 0.0000e+00
     33.735    11.0039    33.2073  1025.5325     3.7533     6.6189    106.886    0.01733    6.19257    6.19279      8.742     0.6993   11.21642   3.728001 2.0294e-12    25.3797    25.3789 1.0000e-12     34.000          1       9125    1491.78 -9.990e-29  51740.325    380.186 1531785710       0.12     -0.494   39.74184  -72.39750    33.3850  1025.5521    25.3993    10.9998 0.0000e+00
     32.746    11.3390    33.2468  1025.4983     3.8035     6.6507    108.782    0.02021    6.11383    6.11304      8.758     0.7476   11.08583   3.763592 2.0272e-12    25.3502    25.3495 1.0000e-12     33.000          1       9188    1492.99 4.9236e+01  51738.427    382.779 1531785712      -0.09     -0.384   39.74186  -72.39750    33.4347  1025.5259    25.3778    11.3349 0.0000e+00
     31.749    11.9175    33.2765  1025.4099     3.8682     6.7930    111.050    0.02012    6.11707    6.11633      8.763     0.8069   11.09117   3.820070 2.0974e-12    25.2666    25.2659 1.0000e-12     32.000          1       9480    1495.01 4.7691e+01  51687.928    394.951 1531785724       0.02     -0.489   39.74190  -72.39745    33.4680  1025.4403    25.2971    11.9134 0.0000e+00
     30.764    12.3369    33.2584  1025.3121     3.9303     6.7914    111.824    0.00238    6.07328    6.07195 -9.990e-29     0.9148   11.01921   3.853826 2.9492e-03    25.1736    25.1729 1.3977e-03     31.000          1      10416    1496.41 4.7383e+01  51597.994    433.953 1531785763       0.04     -0.573   39.74207  -72.39736    33.4209  1025.3203    25.1819    12.3328 0.0000e+00
     29.765    12.3343    33.2423  1025.2955     3.9316     6.7917    111.837    0.00217    6.07290    6.07155      8.770     0.9522   11.01872   3.851849 1.7093e-02    25.1615    25.1608 7.9983e-03     30.000          1      10424    1496.36 4.7394e+01  51575.525    434.300 1531785764       0.05     -0.619   39.74208  -72.39736    33.4045  1025.3037    25.1696    12.3304 0.0000e+00
     28.782    12.3607    33.2185  1025.2676     3.9310     6.7796    111.616   -0.00031    6.07409    6.07275      8.769     1.0005   11.02089   3.851753 5.1821e-02    25.1380    25.1373 2.4566e-02     29.000          1      10473    1496.41 4.7394e+01  51538.006    436.341 1531785766      -0.06     -0.442   39.74208  -72.39735    33.3804  1025.2755    25.1460    12.3569 0.0000e+00
     27.782    12.3729    33.2090  1025.2534     3.9304     6.7770    111.555   -0.00075    6.07500    6.07367      8.768     1.0567   11.02256   3.851729 8.2871e-02    25.1283    25.1276 3.9275e-02     28.000          1      10506    1496.42 4.7394e+01  51522.441    437.728 1531785767      -0.12     -0.687   39.74209  -72.39734    33.3697  1025.2605    25.1354    12.3693 0.0000e+00
     26.791    12.3655    33.1924  1025.2374     3.9314     6.7819    111.663    0.00044    6.07356    6.07220      8.768     1.0317   11.02025   3.849120 1.3791e-01    25.1168    25.1162 6.5359e-02     27.000          1      10548    1496.36 4.7394e+01  51499.840    439.460 1531785769       0.13     -0.600   39.74210  -72.39734    33.3515  1025.2434    25.1227    12.3620 0.0000e+00
     25.801    12.3612    33.1791  1025.2235     3.9400     6.7928    112.238    0.00449    6.05210    6.05046      8.770     1.0675   10.98475   3.847294 2.0083e-01    25.1073    25.1067 9.5178e-02     26.000          1      10595    1496.31 4.7394e+01  51481.349    441.420 1531785771      -0.10     -0.492   39.74210  -72.39734    33.3381  1025.2293    25.1132    12.3578 0.0000e+00
     24.808    12.4047    33.1702  1025.2037     3.9592     6.8259    113.339    0.01074    6.02256    6.02057      8.775     1.0819   10.93575   3.850925 2.5697e-01    25.0920    25.0914 1.2179e-01     25.000          1      10635    1496.43 4.7394e+01  51462.123    443.100 1531785773       0.02     -0.598   39.74212  -72.39734    33.3349  1025.2140    25.1023    12.4015 0.0000e+00
     23.813    12.5801    33.1699  1025.1651     3.9765     6.8567    113.999    0.01172    6.01471    6.01263      8.776     1.1298   10.92267   3.867988 3.3322e-01    25.0580    25.0574 1.5792e-01     24.000          1      10673    1497.01 4.7394e+01  51435.887    444.667 1531785774      -0.07     -0.628   39.74212  -72.39733    33.3439  1025.1827    25.0755    12.5770 0.0000e+00
     22.824    12.8063    33.1748  1025.1204     3.9900     6.8153    114.094    0.00695    5.97347    5.97091      8.780     1.1663   10.85413   3.888992 4.2422e-01    25.0178    25.0172 2.0042e-01     23.000          1      10717    1497.76 4.7394e+01  51410.283    446.486 1531785776       0.10     -0.557   39.74212  -72.39732    33.3455  1025.1354    25.0329    12.8032 0.0000e+00
     21.832    12.9228    33.1818  1025.0984     4.0373     6.7342    116.654    0.02215    5.77387    5.76904      8.791     1.3169   10.52315   3.901319 5.6689e-01    25.0003    24.9998 2.6868e-01     22.000          1      10765    1498.14 4.7394e+01  51403.609    448.500 1531785778       0.03     -0.497   39.74214  -72.39732    33.3606  1025.1198    25.0217    12.9198 0.0000e+00
     20.840    13.4280    33.2061  1025.0118     4.1362     6.8720    122.571    0.06368    5.60664    5.60000      8.807     1.5062   10.24597   3.954134 7.0681e-01    24.9185    24.9179 3.3498e-01     21.000          1      10804    1499.84 4.7394e+01  51369.617    450.117 1531785780      -0.28     -0.560   39.74214  -72.39732    33.4173  1025.0582    24.9648    13.4251 0.0000e+00
     19.843    14.9024    33.1952  1024.6876     4.1754     6.7963    122.389    0.03922    5.55293    5.54576      8.807     1.3867   10.15693   4.098785 8.3054e-01    24.5993    24.5986 3.8872e-01     20.000          1      10837    1504.57 4.7394e+01  51186.506    451.505 1531785781       0.09     -0.745   39.74214  -72.39731    33.4777  1024.7890    24.7007    14.8994 0.0000e+00
     18.856    16.4020    33.1643  1024.3288     4.1898     6.6109    120.930    0.00701    5.46670    5.45869      8.806     1.3806   10.01417   4.234019 1.0515e+00    24.2454    24.2447 4.9848e-01     19.000          1      10880    1509.23 4.7394e+01  50992.177    453.298 1531785783      -0.05     -0.521   39.74216  -72.39730    33.4206  1024.4102    24.3268    16.3990 0.0000e+00
     17.859    17.0207    33.1341  1024.1569     4.2040     6.5373    121.479    0.00827    5.38152    5.37275      8.806     1.2609    9.87308   4.288868 1.2655e+00    24.0781    24.0774 5.9021e-01     18.000          1      10919    1511.05 4.6697e+01  50898.750    454.900 1531785784       0.05     -0.629   39.74216  -72.39730    33.3855  1024.2346    24.1558    17.0178 0.0000e+00
     16.872    17.8992    33.0974  1023.9148     4.2261     6.3972    122.411    0.01159    5.22605    5.21599      8.807     1.0506    9.61551   4.368705 1.6037e+00    23.8406    23.8399 7.2964e-01     17.000          1      10965    1513.61 4.5486e+01  50781.751    456.848 1531785786      -0.04     -0.489   39.74217  -72.39730    33.3507  1023.9939    23.9197    17.8964 0.0000e+00
     15.876    19.0118    33.0224  1023.5765     4.2011     6.2104    120.437   -0.01041    5.15654    5.14598      8.808     0.8382    9.50049   4.470547 1.8105e+00    23.5070    23.5063 8.5172e-01     16.000          1      11006    1516.73 4.7037e+01  50607.142    458.521 1531785788       0.01     -0.599   39.74218  -72.39730    33.3084  1023.6806    23.6110    19.0090 0.0000e+00
     14.877    20.5652    32.9422  1023.1092     4.1164     5.9886    116.411   -0.03196    5.14438    5.13375      8.810     0.7305    9.48015   4.606413 2.1725e+00    23.0444    23.0436 1.0150e+00     15.000          1      11293    1520.98 4.6782e+01  50414.761    470.493 1531785800      -0.05     -0.483   39.74224  -72.39726    33.1921  1023.1857    23.1208    20.5625 0.0000e+00
     13.894    21.0758    32.9236  1022.9547     4.0861     5.8651    115.832   -0.02279    5.06342    5.05228      8.835     0.5413    9.34607   4.646338 2.4804e+00    22.8942    22.8935 1.1255e+00     14.000          1      12213    1522.34 4.5367e+01  50366.208    508.836 1531785838       0.11     -0.549   39.74241  -72.39718    33.1153  1022.9869    22.9264    21.0732 0.0000e+00
     12.902    21.6054    32.8823  1022.7749     4.0428     5.7517    114.237   -0.02462    5.03488    5.02358      8.834     0.4213    9.29887   4.693253 2.9096e+00    22.7189    22.7182 1.3215e+00     13.000          1      12224    1523.70 4.5419e+01  50289.358    509.299 1531785839      -0.10     -0.555   39.74242  -72.39717    33.0798  1022.8115    22.7555    21.6029 0.0000e+00
     11.910    21.9176    32.8544  1022.6635     4.0221     5.7120    113.925   -0.01579    5.01383    5.00242      8.835     0.3795    9.26401   4.719786 3.2783e+00    22.6118    22.6112 1.4890e+00     12.000          1      12258    1524.48 4.5419e+01  50238.969    510.697 1531785840      -0.10     -0.683   39.74242  -72.39716    33.0498  1022.6984    22.6468    21.9153 0.0000e+00
     10.913    22.1404    32.8371  1022.5841     3.9991     5.6619    113.053   -0.01710    5.00817    4.99673      8.835     0.3523    9.25459   4.739599 3.5474e+00    22.5369    22.5363 1.6112e+00     11.000          1      12288    1525.04 4.5419e+01  50207.687    511.953 1531785841      -0.03     -0.795   39.74242  -72.39716    33.0354  1022.6213    22.5739    22.1383 0.0000e+00
      9.924    22.4546    32.8087  1022.4705     3.9783     5.6238    112.449   -0.01426    5.00118    4.98970      8.835     0.3078    9.24298   4.765667 4.1009e+00    22.4275    22.4270 1.8109e+00     10.000          1      12327    1525.81 4.4211e+01  50157.937    513.563 1531785843       0.14     -0.645   39.74243  -72.39716    33.0003  1022.5024    22.4595    22.4526 0.0000e+00
      8.927    22.5381    32.8091  1022.4429     3.9728     5.6230    112.697   -0.00443    4.98949    4.97795      8.834     0.3024    9.22359   4.772817 4.7420e+00    22.4043    22.4038 2.1164e+00      9.000          1      12364    1526.01 4.4627e+01  50155.675    515.133 1531785845      -0.07     -0.632   39.74244  -72.39716    32.9928  1022.4690    22.4303    22.5364 0.0000e+00
      7.945    22.6439    32.8064  1022.4067     3.9756     5.5737    113.078    0.00226    4.92914    4.91733      8.830     0.2474    9.12372   4.782184 5.2701e+00    22.3724    22.3719 2.3986e+00      8.000          1      12415    1526.27 4.5523e+01  50148.563    517.266 1531785847       0.15     -0.444   39.74244  -72.39714    32.9858  1022.4295    22.3951    22.6423 0.0000e+00
      6.949    22.8307    32.7958  1022.3414     3.9586     5.5134    112.091   -0.00659    4.91865    4.90681 -9.990e-29     0.2311    9.10628   4.801178 6.1679e+00    22.3113    22.3109 2.7955e+00      7.000          1      12446    1526.72 4.5419e+01  50128.115    518.551 1531785848      -0.47     -0.645   39.74245  -72.39714    32.9919  1022.3766    22.3466    22.8293 0.0000e+00
      5.944    23.2463    32.7582  1022.1898     3.9234     5.4073    109.931   -0.02769    4.91884    4.90699 -9.990e-29     0.2168    9.10659   4.837543 6.6884e+00    22.1641    22.1637 3.0096e+00      6.000          1      12472    1527.73 4.5419e+01  50065.674    519.604 1531785849      -0.06     -0.964   39.74246  -72.39714    32.9595  1022.2289    22.2032    23.2451 0.0000e+00
      4.966    23.6083    32.7379  1022.0658     3.9045     5.4120    110.059   -0.00932    4.91737    4.90552      8.828     0.2197    9.10411   4.867646 8.1096e+00    22.0444    22.0441 3.5243e+00      5.000          1      12521    1528.61 4.3641e+01  50028.490    521.657 1531785851       0.23     -0.457   39.74246  -72.39714    32.9193  1022.0898    22.0684    23.6073 0.0000e+00
      3.965    23.5767    32.7429  1022.0743     3.9012     5.4193    110.215   -0.00307    4.91703    4.90518      8.829     0.2036    9.10354   4.864633 1.0146e+01    22.0572    22.0570 4.5035e+00      4.000          1      12558    1528.52 4.4369e+01  50035.735    523.229 1531785853      -0.26     -0.617   39.74248  -72.39714    32.9203  1022.0954    22.0782    23.5758 0.0000e+00
      2.979    23.5963    32.7461  1022.0668     3.9007     5.4235    110.300   -0.00044    4.91706    4.90521      8.830     0.2029    9.10355   4.865858 1.2289e+01    22.0539    22.0538 5.4052e+00      3.000          1      12631    1528.56 4.3985e+01  50039.154    526.235 1531785856       0.09     -0.286   39.74249  -72.39713    32.9153  1022.0816    22.0688    23.5957 0.0000e+00
      1.980    23.5928    32.7495  1022.0660     3.8993     5.4234    110.297    0.00069    4.91706    4.90521      8.836     0.1985    9.10354   4.865151 1.6619e+01    22.0575    22.0573 7.2634e+00      2.000          1      12761    1528.53 4.3764e+01  50043.468    531.684 1531785861      -0.04     -0.291   39.74252  -72.39712    32.9129  1022.0764    22.0678    23.5924 0.0000e+00
