CalculateIndicators/WaterTemperature/Data/CTD_NYOS/NY1807C01.cnv
* Sea-Bird SBE 9 Data File:
* FileName = C:\Seabird 9 CTD\Data\2018\OffshoreCruise201807\NY1807C01.hex
* Software Version Seasave V 7.23.2
* Temperature SN = 4590
* Conductivity SN = 3228
* Number of Bytes Per Scan = 44
* Number of Voltage Words = 5
* Number of Scans Averaged by the Deck Unit = 1
* NMEA Latitude = 40 57.52 N
* NMEA Longitude = 071 49.24 W
* NMEA UTC (Time) = Jul 14 2018  23:44:21
* NMEA baud rate = 4800
** Ship: Seawolf
** Station: NY1807C01
** Operator: jn
# nquan = 35
# nvalues = 69                          
# units = specified
# name 0 = depSM: Depth [salt water, m]
# name 1 = t090C: Temperature [ITS-90, deg C]
# name 2 = sal00: Salinity, Practical [PSU]
# name 3 = density00: Density [density, kg/m^3]
# name 4 = sbeox0V: Oxygen raw, SBE 43 [V]
# name 5 = sbeox0ML/L: Oxygen, SBE 43 [ml/l]
# name 6 = sbeox0PS: Oxygen, SBE 43 [% saturation]
# name 7 = sbox0dV/dT: Oxygen, SBE 43 [dov/dt]
# name 8 = oxsolML/L: Oxygen Saturation, Garcia & Gordon [ml/l]
# name 9 = oxsatML/L: Oxygen Saturation, Weiss [ml/l]
# name 10 = ph: pH
# name 11 = flECO-AFL: Fluorescence, WET Labs ECO-AFL/FL [mg/m^3]
# name 12 = n2satML/L: Nitrogen Saturation [ml/l]
# name 13 = c0S/m: Conductivity [S/m]
# name 14 = cpar: CPAR/Corrected Irradiance [%]
# name 15 = sigma-é00: Density [sigma-theta, kg/m^3]
# name 16 = sigma-t00: Density [sigma-t, kg/m^3 ]
# name 17 = par: PAR/Irradiance, Biospherical/Licor
# name 18 = prDM: Pressure, Digiquartz [db]
# name 19 = pumps: Pump Status
# name 20 = scan: Scan Count
# name 21 = svCM: Sound Velocity [Chen-Millero, m/s]
# name 22 = spar: SPAR, Biospherical/Licor
# name 23 = specc: Specific Conductance [uS/cm]
# name 24 = timeS: Time, Elapsed [seconds]
# name 25 = timeY: Time, System [seconds]
# name 26 = accM: Acceleration [m/s^2]
# name 27 = dz/dtM: Descent Rate [m/s]
# name 28 = latitude: Latitude [deg]
# name 29 = longitude: Longitude [deg]
# name 30 = gsw_saA0: Absolute Salinity [g/kg]
# name 31 = gsw_densityA0: density, TEOS-10 [density, kg/m^3]
# name 32 = gsw_sigma0A0: density, TEOS-10 [sigma-0, kg/m^3 ]
# name 33 = gsw_ptA0: potential temperature [ITS-90, deg C]
# name 34 = flag: flag
# span 0 =      0.968,     34.732       
# span 1 =    10.8194,    19.8045       
# span 2 =    31.0919,    32.2323       
# span 3 =  1022.0770,  1024.8087       
# span 4 =     3.2933,     3.8857       
# span 5 =     5.6462,     5.9311       
# span 6 =     89.425,    109.786       
# span 7 =   -0.01392,    0.02637       
# span 8 =    5.30803,    6.31455       
# span 9 =    5.29806,    6.31550       
# span 10 =      8.579,      8.719      
# span 11 =     0.5305,     1.4606      
# span 12 =    9.76702,   11.43033      
# span 13 =   3.610832,   4.344154      
# span 14 = 1.3001e-12, 3.5110e+01      
# span 15 =    22.0726,    24.6533      
# span 16 =    22.0726,    24.6526      
# span 17 = 1.0000e-12, 2.5053e+01      
# span 18 =      1.000,     35.000      
# span 19 =          1,          1      
# span 20 =       1232,      13711      
# span 21 =    1489.95,    1517.12      
# span 22 = 5.6065e+01, 7.9036e+01      
# span 23 =  47950.892,  50403.477      
# span 24 =     51.287,    571.267      
# span 25 = 1531611915, 1531612435      
# span 26 =      -0.39,       0.58      
# span 27 =     -0.676,      0.384      
# span 28 =   40.95882,   40.95938      
# span 29 =  -71.82237,  -71.82096      
# span 30 =    31.2382,    32.3825      
# span 31 =  1022.0821,  1024.8121      
# span 32 =    22.0778,    24.6551      
# span 33 =    10.8154,    19.8034      
# span 34 = 0.0000e+00, 0.0000e+00      
# interval = decibars: 1                
# start_time = Jul 14 2018 23:44:23 [System UTC, first data scan.]
# bad_flag = -9.990e-29
*END*
[from data line 42]
     26.787    11.3202    32.1541  1024.6253     3.3485     5.6898     92.076    0.01073    6.18002    6.17914      8.583     0.5837   11.20945   3.649171 1.2133e-03    24.5039    24.5033 7.6661e-04     27.000          1       7740    1491.51 6.5125e+01  50207.916    322.452 1531612186      -0.14     -0.227   40.95910  -71.82152    32.3245  1024.6433    24.5219    11.3170 0.0000e+00
     25.794    12.3162    31.9951  1024.3146     3.4050     5.7393     94.007    0.01068    6.10518    6.10336      8.591     0.6472   11.08589   3.722896 1.2972e-02    24.1982    24.1976 9.0501e-03     26.000          1       7884    1494.75 6.9730e+01  49833.303    328.464 1531612192      -0.05     -0.247   40.95910  -71.82153    32.1788  1024.3438    24.2274    12.3129 0.0000e+00
     24.804    12.9117    31.9455  1024.1570     3.4412     5.7246     94.835    0.00525    6.03639    6.03371      8.594     0.6567   10.97256   3.770207 4.0241e-02    24.0454    24.0448 2.8568e-02     25.000          1       8055    1496.69 7.0973e+01  49683.816    335.581 1531612199      -0.01     -0.225   40.95911  -71.82155    32.1227  1024.1817    24.0701    12.9084 0.0000e+00
     23.811    13.1208    31.9338  1024.1026     3.4582     5.7316     95.257    0.00313    6.01700    6.01409      8.595     0.6993   10.94055   3.786350 8.1720e-02    23.9956    23.9949 5.7088e-02     24.000          1       8187    1497.36 6.9254e+01  49639.872    341.099 1531612204      -0.19     -0.257   40.95912  -71.82156    32.0986  1024.1178    24.0108    13.1176 0.0000e+00
     22.821    13.2619    31.9296  1024.0670     3.4698     5.7377     95.606    0.00257    6.00138    5.99829      8.597     0.7036   10.91470   3.798020 1.2889e-01    23.9645    23.9639 8.9163e-02     23.000          1       8342    1497.81 6.9116e+01  49615.471    347.554 1531612211      -0.11     -0.174   40.95912  -71.82158    32.0898  1024.0788    23.9763    13.2589 0.0000e+00
     21.828    13.3702    31.9238  1024.0366     3.4819     5.7451     95.948    0.00161    5.98767    5.98442      8.598     0.7445   10.89201   3.806760 1.7455e-01    23.9386    23.9380 1.2063e-01     22.000          1       8457    1498.15 6.9116e+01  49593.492    352.351 1531612216      -0.12     -0.169   40.95914  -71.82160    32.0810  1024.0461    23.9481    13.3673 0.0000e+00
     20.835    13.4724    31.9209  1024.0095     3.4890     5.7514     96.211    0.00204    5.97788    5.97452      8.600     0.7315   10.87583   3.815537 2.4731e-01    23.9159    23.9154 1.6215e-01     21.000          1       8582    1498.47 6.6486e+01  49576.256    357.539 1531612221       0.01     -0.247   40.95914  -71.82161    32.0777  1024.0187    23.9252    13.4695 0.0000e+00
     19.846    13.5467    31.9178  1023.9877     3.4998     5.7610     96.668    0.00342    5.95956    5.95599      8.603     0.7300   10.84547   3.821772 2.9558e-01    23.8987    23.8981 2.0325e-01     20.000          1       8714    1498.70 6.8718e+01  49562.341    363.040 1531612226      -0.13     -0.139   40.95915  -71.82163    32.0740  1023.9965    23.9075    13.5440 0.0000e+00
     18.849    13.7203    31.9107  1023.9428     3.5110     5.7691     96.951    0.00205    5.95053    5.94686      8.604     0.7439   10.83052   3.836775 3.9555e-01    23.8583    23.8578 2.7340e-01     19.000          1       8824    1499.24 6.9120e+01  49531.148    367.630 1531612231      -0.20     -0.198   40.95916  -71.82164    32.0688  1023.9532    23.8686    13.7176 0.0000e+00
     17.856    13.7523    31.9103  1023.9315     3.5152     5.7564     97.006    0.00094    5.93410    5.93023      8.607     0.7589   10.80348   3.839200 4.8997e-01    23.8515    23.8510 3.3833e-01     18.000          1       8928    1499.33 6.9116e+01  49526.290    371.967 1531612235      -0.22     -0.256   40.95916  -71.82166    32.0649  1023.9393    23.8592    13.7498 0.0000e+00
     16.869    14.1102    31.8668  1023.8201     3.5348     5.7519     97.867    0.00384    5.87719    5.87268      8.609     0.7592   10.70930   3.868361 6.2897e-01    23.7446    23.7441 4.3331e-01     17.000          1       9064    1500.44 6.9116e+01  49423.873    377.629 1531612241      -0.12     -0.176   40.95918  -71.82168    32.0370  1023.8401    23.7646    14.1078 0.0000e+00
     15.875    14.4337    31.8522  1023.7375     3.5411     5.7232     97.857    0.00064    5.84849    5.84365      8.609     0.7710   10.66204   3.895378 8.0057e-01    23.6666    23.6661 5.3850e-01     16.000          1       9169    1501.46 6.7228e+01  49367.725    381.989 1531612245       0.01     -0.204   40.95918  -71.82169    32.0175  1023.7539    23.6829    14.4314 0.0000e+00
     14.884    14.9319    31.7881  1023.5781     3.5686     5.7078     99.354    0.00930    5.74506    5.73909      8.615     0.8194   10.49110   3.934387 9.7560e-01    23.5117    23.5112 6.5492e-01     15.000          1       9300    1502.96 6.7129e+01  49225.955    387.462 1531612251       0.00     -0.191   40.95918  -71.82170    31.9631  1023.6023    23.5359    14.9297 0.0000e+00
     13.887    15.7733    31.7605  1023.3700     3.6100     5.7487    100.434    0.00365    5.72386    5.71769      8.624     0.9193   10.45568   4.007073 1.0733e+00    23.3083    23.3078 7.1131e-01     14.000          1       9715    1505.58 6.6320e+01  49105.793    404.754 1531612268      -0.10     -0.218   40.95920  -71.82177    31.9312  1023.3912    23.3294    15.7712 0.0000e+00
     12.897    15.8754    31.7747  1023.3536     3.6306     5.7638    101.147    0.00394    5.69844    5.69202      8.641     1.0163   10.41335   4.016380 1.0922e+00    23.2963    23.2959 6.9152e-01     13.000          1      11078    1505.90 6.3322e+01  49116.274    461.557 1531612325      -0.01     -0.413   40.95927  -71.82197    31.9316  1023.3642    23.3069    15.8734 0.0000e+00
     11.903    15.9681    31.7749  1023.3287     3.6467     5.7877    101.758    0.00485    5.68775    5.68122      8.646     1.1129   10.39561   4.024707 1.3260e+00    23.2759    23.2755 8.3791e-01     12.000          1      11243    1506.17 6.3192e+01  49107.854    468.437 1531612332      -0.15     -0.314   40.95928  -71.82199    31.9310  1023.3387    23.2858    15.9663 0.0000e+00
     10.915    16.0904    31.7685  1023.2920     3.6679     5.8114    102.505    0.00525    5.66940    5.66269      8.652     1.2167   10.36513   4.035119 1.5886e+00    23.2435    23.2432 1.0025e+00     11.000          1      11350    1506.53 6.3192e+01  49087.626    472.863 1531612336       0.01     -0.336   40.95928  -71.82202    31.9250  1023.3023    23.2539    16.0887 0.0000e+00
      9.922    16.4329    31.7733  1023.2138     3.7599     5.9311    106.926    0.02637    5.54754    5.53961      8.660     1.4490   10.16397   4.068590 2.0033e+00    23.1698    23.1695 1.2638e+00     10.000          1      11479    1507.57 6.3192e+01  49065.288    478.262 1531612342      -0.10     -0.237   40.95928  -71.82203    31.9449  1023.2357    23.1916    16.4313 0.0000e+00
      8.930    17.6563    31.6088  1022.7973     3.7823     5.8103    106.309    0.00221    5.46547    5.45675      8.665     1.3641   10.02922   4.163347 2.5752e+00    22.7579    22.7575 1.6043e+00      9.000          1      11578    1511.06 6.2302e+01  48745.861    482.362 1531612346      -0.05     -0.247   40.95929  -71.82205    31.7962  1022.8318    22.7924    17.6549 0.0000e+00
      7.938    18.3040    31.3601  1022.4483     3.8129     5.8526    108.076    0.01532    5.41547    5.40623      8.665     1.2677    9.94855   4.190398 3.2637e+00    22.4134    22.4130 2.0204e+00      8.000          1      11700    1512.68 6.1940e+01  48357.520    487.458 1531612351      -0.05     -0.272   40.95929  -71.82206    31.5239  1022.4658    22.4308    18.3027 0.0000e+00
      6.947    18.8840    31.2355  1022.2062     3.8612     5.8914    109.369    0.00826    5.38665    5.37722      8.677     1.0613    9.89973   4.230952 4.1431e+00    22.1757    22.1754 2.5349e+00      7.000          1      11809    1514.21 6.1171e+01  48150.482    491.998 1531612355      -0.04     -0.192   40.95930  -71.82209    31.4200  1022.2397    22.2092    18.8828 0.0000e+00
      5.952    19.0725    31.3247  1022.2227     3.8607     5.8960    108.835   -0.00091    5.41744    5.40821      8.674     1.0520    9.95212   4.255500 5.3831e+00    22.1966    22.1963 3.2953e+00      6.000          1      11914    1514.84 6.1217e+01  48263.079    496.373 1531612360       0.00     -0.286   40.95930  -71.82210    31.4805  1022.2341    22.2080    19.0715 0.0000e+00
      4.961    18.6708    31.1377  1022.1755     3.8645     5.9069    109.124    0.00220    5.41306    5.40376      8.668     1.0958    9.94567   4.195199 7.1426e+00    22.1537    22.1535 4.3725e+00      5.000          1      12052    1513.45 6.1217e+01  48026.654    502.121 1531612365      -0.05     -0.174   40.95930  -71.82212    31.2857  1022.1817    22.1599    18.6700 0.0000e+00
      3.968    18.8417    31.1179  1022.1137     3.8650     5.8980    108.987   -0.00045    5.41164    5.40233      8.671     1.1010    9.94323   4.208556 9.5590e+00    22.0963    22.0961 5.8517e+00      4.000          1      12183    1513.91 6.1217e+01  47989.237    507.584 1531612371      -0.02     -0.177   40.95931  -71.82214    31.2677  1022.1213    22.1039    18.8410 0.0000e+00
      2.977    18.8234    31.1214  1022.1165     3.8635     5.8954    108.940   -0.00014    5.41160    5.40228      8.672     1.0988    9.94325   4.207103 1.3517e+01    22.1034    22.1033 8.2723e+00      3.000          1      12337    1513.84 6.1217e+01  47994.599    513.991 1531612377      -0.05     -0.132   40.95932  -71.82217    31.2698  1022.1231    22.1100    18.8228 0.0000e+00
      1.981    18.8556    31.1092  1022.0948     3.8662     5.8962    109.001   -0.00057    5.40932    5.39999      8.677     1.0821    9.93949   4.208518 2.0614e+01    22.0861    22.0860 1.2384e+01      2.000          1      12543    1513.91 5.9240e+01  47975.480    522.585 1531612386      -0.25     -0.151   40.95932  -71.82220    31.2575  1022.1013    22.0926    18.8553 0.0000e+00
      0.983    18.8564    31.0919  1022.0770     3.8612     5.8879    108.856    0.00014    5.40891    5.39957      8.682     1.0945    9.93894   4.206218 3.5110e+01    22.0726    22.0726 1.9800e+01      1.000          1      13711    1513.87 5.6065e+01  47950.892    571.267 1531612435      -0.39     -0.206   40.95938  -71.82237    31.2382  1022.0821    22.0778    18.8562 0.0000e+00
