CalculateIndicators/WaterTemperature/Data/CTD_NYOS/NY1807C11.cnv
* Sea-Bird SBE 9 Data File:
* FileName = C:\Seabird 9 CTD\Data\2018\OffshoreCruise201807\NY1807C11.hex
* Software Version Seasave V 7.23.2
* Temperature SN = 4590
* Conductivity SN = 3228
* Number of Bytes Per Scan = 44
* Number of Voltage Words = 5
* Number of Scans Averaged by the Deck Unit = 1
* NMEA Latitude = 39 44.39 N
* NMEA Longitude = 072 23.91 W
* NMEA UTC (Time) = Jul 16 2018  23:54:31
* NMEA baud rate = 4800
** Ship: RV Seawolf
** Station: NY1807C11
** Operator: jdw
# nquan = 35
# nvalues = 165                         
# units = specified
# name 0 = depSM: Depth [salt water, m]
# name 1 = t090C: Temperature [ITS-90, deg C]
# name 2 = sal00: Salinity, Practical [PSU]
# name 3 = density00: Density [density, kg/m^3]
# name 4 = sbeox0V: Oxygen raw, SBE 43 [V]
# name 5 = sbeox0ML/L: Oxygen, SBE 43 [ml/l]
# name 6 = sbeox0PS: Oxygen, SBE 43 [% saturation]
# name 7 = sbox0dV/dT: Oxygen, SBE 43 [dov/dt]
# name 8 = oxsolML/L: Oxygen Saturation, Garcia & Gordon [ml/l]
# name 9 = oxsatML/L: Oxygen Saturation, Weiss [ml/l]
# name 10 = ph: pH
# name 11 = flECO-AFL: Fluorescence, WET Labs ECO-AFL/FL [mg/m^3]
# name 12 = n2satML/L: Nitrogen Saturation [ml/l]
# name 13 = c0S/m: Conductivity [S/m]
# name 14 = cpar: CPAR/Corrected Irradiance [%]
# name 15 = sigma-é00: Density [sigma-theta, kg/m^3]
# name 16 = sigma-t00: Density [sigma-t, kg/m^3 ]
# name 17 = par: PAR/Irradiance, Biospherical/Licor
# name 18 = prDM: Pressure, Digiquartz [db]
# name 19 = pumps: Pump Status
# name 20 = scan: Scan Count
# name 21 = svCM: Sound Velocity [Chen-Millero, m/s]
# name 22 = spar: SPAR, Biospherical/Licor
# name 23 = specc: Specific Conductance [uS/cm]
# name 24 = timeS: Time, Elapsed [seconds]
# name 25 = timeY: Time, System [seconds]
# name 26 = accM: Acceleration [m/s^2]
# name 27 = dz/dtM: Descent Rate [m/s]
# name 28 = latitude: Latitude [deg]
# name 29 = longitude: Longitude [deg]
# name 30 = gsw_saA0: Absolute Salinity [g/kg]
# name 31 = gsw_densityA0: density, TEOS-10 [density, kg/m^3]
# name 32 = gsw_sigma0A0: density, TEOS-10 [sigma-0, kg/m^3 ]
# name 33 = gsw_ptA0: potential temperature [ITS-90, deg C]
# name 34 = flag: flag
# span 0 =      1.980,     83.345       
# span 1 =     8.2341,    23.6083       
# span 2 =    32.7379,    33.6044       
# span 3 =  1022.0658,  1026.4561       
# span 4 =     3.0641,     4.2261       
# span 5 =     5.3732,     6.8720       
# span 6 =     81.922,    122.571       
# span 7 =   -0.03728,    0.06368       
# span 8 =    4.91684,    6.63551       
# span 9 =    4.90499,    6.64193       
# span 10 =      8.607,      8.902      
# span 11 =    -0.0416,     1.5062      
# span 12 =    9.10311,   11.94839      
# span 13 =   3.486859,   4.867646      
# span 14 = 1.8754e-12, 2.5636e+01      
# span 15 =    22.0444,    26.0747      
# span 16 =    22.0441,    26.0734      
# span 17 = 1.0000e-12, 1.3627e+01      
# span 18 =      2.000,     84.000      
# span 19 =          1,          1      
# span 20 =        435,      12761      
# span 21 =    1482.31,    1528.61      
# span 22 = 4.3641e+01, 5.3321e+01      
# span 23 =  50028.490,  52785.387      
# span 24 =     18.088,    531.684      
# span 25 = 1531785348, 1531785861      
# span 26 =      -0.63,       0.57      
# span 27 =     -0.991,      0.860      
# span 28 =   39.74020,   39.74252      
# span 29 =  -72.39832,  -72.39712      
# span 30 =    32.9127,    33.7638      
# span 31 =  1022.0764,  1026.4600      
# span 32 =    22.0678,    26.0829      
# span 33 =     8.2277,    23.6073      
# span 34 = 0.0000e+00, 0.0000e+00      
# interval = decibars: 1                
# start_time = Jul 16 2018 23:55:30 [System UTC, first data scan.]
# bad_flag = -9.990e-29
*END*
[from data line 42]
     43.661    10.2746    33.3763  1025.8370     3.5010     6.0220     94.311   -0.03148    6.38525    6.38813      8.775     0.3561   11.53404   3.674204 1.9388e-12    25.6386    25.6377 1.0000e-12     44.000          1       2119    1489.56 5.1587e+01  52113.664     88.255 1531785418       0.23      0.774   39.74051  -72.39814    33.5080  1025.8200    25.6216    10.2695 0.0000e+00
     44.654    10.0449    33.3699  1025.8756     3.4638     6.0228     93.756   -0.02263    6.42394    6.42735      8.766     0.3136   11.59824   3.653161 1.8974e-12    25.6725    25.6716 1.0000e-12     45.000          1       2161    1488.75 5.2718e+01  52148.869     90.010 1531785420      -0.21      0.603   39.74052  -72.39814    33.5059  1025.8619    25.6587    10.0398 0.0000e+00
     45.642     9.8285    33.3553  1025.9051     3.4201     5.9554     92.430   -0.02029    6.44320    6.44687      8.753     0.2678   11.63022   3.631118 1.9445e-12    25.6972    25.6964 1.0000e-12     46.000          1       2213    1487.97 5.1429e+01  52171.073     92.156 1531785422       0.23      0.456   39.74052  -72.39814    33.4807  1025.8830    25.6752     9.8234 0.0000e+00
     46.637     9.6203    33.3429  1025.9346     3.3914     5.9075     91.490   -0.01961    6.45701    6.46086      8.750     0.2783   11.65319   3.611973 1.9213e-12    25.7220    25.7211 1.0000e-12     47.000          1       2249    1487.21 5.2064e+01  52195.598     93.672 1531785423       0.02      0.653   39.74053  -72.39814    33.4772  1025.9194    25.7068     9.6151 0.0000e+00
     47.625     9.5572    33.3346  1025.9429     3.3677     5.9092     91.235   -0.01311    6.47694    6.48108      8.743     0.2375   11.68603   3.605849 1.9054e-12    25.7258    25.7249 1.0000e-12     48.000          1       2293    1486.99 5.2499e+01  52197.155     95.481 1531785425      -0.09      0.557   39.74054  -72.39812    33.4724  1025.9305    25.7133     9.5520 0.0000e+00
     48.617     9.4407    33.3245  1025.9586     3.3431     5.8429     90.178   -0.01540    6.47934    6.48351      8.737     0.2207   11.69002   3.593911 1.9483e-12    25.7368    25.7359 1.0000e-12     49.000          1       2328    1486.57 5.1327e+01  52207.330     96.958 1531785426       0.24      0.616   39.74054  -72.39812    33.4573  1025.9423    25.7205     9.4354 0.0000e+00
     49.620     9.3429    33.3334  1025.9861     3.3257     5.7973     89.409   -0.01727    6.48401    6.48825      8.735     0.2147   11.69776   3.586644 1.9088e-12    25.7596    25.7587 1.0000e-12     50.000          1       2355    1486.23 5.2407e+01  52240.763     98.086 1531785428       0.10      0.858   39.74055  -72.39812    33.4730  1025.9749    25.7484     9.3375 0.0000e+00
     50.598     9.2992    33.3343  1025.9983     3.3017     5.8166     89.368   -0.00831    6.50864    6.51323      8.728     0.1744   11.73856   3.583169 1.9310e-12    25.7673    25.7664 1.0000e-12     51.000          1       2414    1486.09 5.1801e+01  52251.749    100.562 1531785430      -0.22      0.321   39.74056  -72.39811    33.4774  1025.9899    25.7589     9.2937 0.0000e+00
     51.597     9.2333    33.3307  1026.0107     3.2822     5.7686     88.296   -0.01289    6.53323    6.53817      8.724     0.1561   11.77927   3.576752 1.9474e-12    25.7751    25.7742 1.0000e-12     52.000          1       2450    1485.86 5.1350e+01  52261.055    102.059 1531785432       0.30      0.674   39.74056  -72.39810    33.4720  1026.0008    25.7652     9.2277 0.0000e+00
     52.592     9.1057    33.3260  1026.0320     3.2639     5.7375     87.662   -0.01290    6.54503    6.55013      8.717     0.1423   11.79880   3.564421 1.9344e-12    25.7916    25.7907 1.0000e-12     53.000          1       2485    1485.40 5.1343e+01  52282.154    103.509 1531785433      -0.11      0.730   39.74058  -72.39810    33.4628  1026.0185    25.7782     9.1001 0.0000e+00
     53.578     8.9152    33.3212  1026.0630     3.2462     5.7292     87.385   -0.00920    6.55628    6.56155      8.711     0.0872   11.81732   3.547070 1.9024e-12    25.8179    25.8170 1.0000e-12     54.000          1       2532    1484.71 5.2591e+01  52317.007    105.461 1531785435      -0.05      0.500   39.74058  -72.39810    33.4601  1026.0510    25.8059     8.9096 0.0000e+00
     54.570     8.8361    33.3209  1026.0797     3.2375     5.7307     87.406   -0.00556    6.55634    6.56161      8.708     0.0797   11.81739   3.540081 1.9479e-12    25.8299    25.8290 1.0000e-12     55.000          1       2569    1484.43 5.1337e+01  52334.416    107.008 1531785437       0.22      0.598   39.74058  -72.39810    33.4609  1026.0686    25.8189     8.8304 0.0000e+00
     55.566     8.7851    33.3261  1026.0963     3.2382     5.7623     87.834   -0.00121    6.56035    6.56569      8.708     0.0825   11.82387   3.536568 1.9442e-12    25.8419    25.8410 1.0000e-12     56.000          1       2611    1484.27 5.1343e+01  52353.669    108.758 1531785438      -0.06      0.557   39.74060  -72.39810    33.4716  1026.0895    25.8351     8.7793 0.0000e+00
     56.556     8.7744    33.3360  1026.1103     3.2371     5.7704     87.874   -0.00049    6.56665    6.57209      8.706     0.0685   11.83422   3.536920 1.9477e-12    25.8514    25.8505 1.0000e-12     57.000          1       2665    1484.26 5.1343e+01  52370.680    110.983 1531785441       0.57      0.380   39.74062  -72.39810    33.4849  1026.1061    25.8472     8.7685 0.0000e+00
     57.549     8.7386    33.3464  1026.1285     3.2361     5.7611     87.681   -0.00237    6.57048    6.57597      8.703     0.0521   11.84058   3.534453 1.9463e-12    25.8650    25.8641 1.0000e-12     58.000          1       2692    1484.15 5.1380e+01  52393.945    112.105 1531785442       0.15      0.860   39.74062  -72.39808    33.4924  1026.1220    25.8585     8.7326 0.0000e+00
     58.540     8.6930    33.3455  1026.1395     3.2312     5.7934     87.532   -0.00259    6.61871    6.62489      8.696     0.0369   11.92056   3.530660 1.9075e-12    25.8714    25.8705 1.0000e-12     59.000          1       2746    1484.00 5.2443e+01  52403.497    114.363 1531785444      -0.14      0.372   39.74062  -72.39808    33.4951  1026.1358    25.8677     8.6869 0.0000e+00
     59.535     8.5695    33.3325  1026.1528     3.2075     5.6790     85.639   -0.01441    6.63137    6.63772      8.685     0.0214   11.94168   3.516227 1.9501e-12    25.8800    25.8791 1.0000e-12     60.000          1       2785    1483.54 5.1284e+01  52413.601    116.001 1531785446       0.38      0.631   39.74064  -72.39808    33.4590  1026.1311    25.8583     8.5634 0.0000e+00
     60.527     8.3067    33.3177  1026.1860     3.1846     5.6261     84.787   -0.01504    6.63551    6.64193      8.677     0.0153   11.94839   3.492755 1.9027e-12    25.9082    25.9073 1.0000e-12     61.000          1       2823    1482.55 5.2575e+01  52453.496    117.592 1531785447      -0.17      0.670   39.74064  -72.39808    33.4592  1026.1758    25.8981     8.3006 0.0000e+00
     61.512     8.2734    33.3049  1026.1855     3.1637     5.5969     84.375   -0.01161    6.63333    6.63974      8.673     0.0055   11.94445   3.488946 1.9429e-12    25.9032    25.9023 1.0000e-12     62.000          1       2866    1482.42 5.1475e+01  52443.769    119.386 1531785449       0.16      0.516   39.74065  -72.39808    33.4499  1026.1781    25.8958     8.2672 0.0000e+00
     62.511     8.2361    33.3144  1026.2031     3.1504     5.5693     83.956   -0.01114    6.63357    6.64000      8.673    -0.0028   11.94476   3.486859 1.9476e-12    25.9162    25.9153 1.0000e-12     63.000          1       2895    1482.31 5.1345e+01  52466.627    120.592 1531785450       0.16      0.772   39.74066  -72.39807    33.4627  1026.1983    25.9114     8.2298 0.0000e+00
     63.504     8.2512    33.3414  1026.2266     3.1395     5.5566     83.920   -0.00738    6.62132    6.62761      8.670    -0.0032   11.92400   3.491003 1.9274e-12    25.9351    25.9342 1.0000e-12     64.000          1       2936    1482.42 5.1343e+01  52501.939    122.276 1531785452      -0.20      0.634   39.74066  -72.39806    33.4920  1026.2234    25.9320     8.2448 0.0000e+00
     64.490     8.2857    33.3753  1026.2525     3.1342     5.5723     84.225   -0.00212    6.61601    6.62226      8.671    -0.0032   11.91495   3.498097 1.9482e-12    25.9566    25.9556 1.0000e-12     65.000          1       2986    1482.61 5.1343e+01  52542.642    124.383 1531785454       0.19      0.443   39.74068  -72.39806    33.5342  1026.2558    25.9599     8.2792 0.0000e+00
     65.487     8.3354    33.4027  1026.2711     3.1360     5.5934     84.586    0.00106    6.61274    6.61896      8.668    -0.0099   11.90930   3.504964 1.9477e-12    25.9707    25.9697 1.0000e-12     66.000          1       3021    1482.84 5.1343e+01  52570.504    125.854 1531785455       0.05      0.666   39.74068  -72.39806    33.5595  1026.2726    25.9722     8.3287 0.0000e+00
     66.476     8.3508    33.4193  1026.2863     3.1366     5.5916     84.548    0.00031    6.61352    6.61977 -9.990e-29    -0.0091   11.91029   3.508153 1.9477e-12    25.9814    25.9804 1.0000e-12     67.000          1       3060    1482.94 5.1343e+01  52591.148    127.469 1531785457      -0.04      0.624   39.74069  -72.39806    33.5782  1026.2894    25.9845     8.3441 0.0000e+00
     67.470     8.3653    33.4403  1026.3051     3.1383     5.6024     84.692    0.00111    6.61494    6.62122 -9.990e-29    -0.0224   11.91256   3.511440 1.9477e-12    25.9957    25.9947 1.0000e-12     68.000          1       3096    1483.04 5.1343e+01  52618.173    128.972 1531785458       0.06      0.652   39.74070  -72.39806    33.5989  1026.3079    25.9985     8.3584 0.0000e+00
     68.464     8.3532    33.4621  1026.3286     3.1377     5.5970     84.581 -8.393e-08    6.61736    6.62369      8.663    -0.0065   11.91651   3.512359 1.9477e-12    26.0147    26.0136 1.0000e-12     69.000          1       3133    1483.03 5.1343e+01  52652.443    130.483 1531785460      -0.04      0.673   39.74070  -72.39804    33.6198  1026.3306    26.0166     8.3462 0.0000e+00
     69.453     8.3370    33.4701  1026.3419     3.1376     5.5970     84.575   -0.00019    6.61779    6.62412      8.661    -0.0076   11.91715   3.511614 1.9477e-12    26.0234    26.0223 1.0000e-12     70.000          1       3177    1483.00 5.1343e+01  52668.277    132.331 1531785462      -0.07      0.543   39.74072  -72.39804    33.6269  1026.3431    26.0246     8.3299 0.0000e+00
     70.443     8.3203    33.4759  1026.3535     3.1375     5.5993     84.614    0.00015    6.61749    6.62382      8.658    -0.0061   11.91662   3.510756 1.9477e-12    26.0304    26.0294 1.0000e-12     71.000          1       3218    1482.96 5.1343e+01  52680.954    134.036 1531785464       0.12      0.568   39.74072  -72.39804    33.6332  1026.3552    26.0321     8.3131 0.0000e+00
     71.440     8.3197    33.4784  1026.3602     3.1345     5.5802     84.329   -0.00189    6.61713    6.62346      8.658    -0.0142   11.91600   3.511030 1.9477e-12    26.0325    26.0314 1.0000e-12     72.000          1       3249    1482.98 5.1343e+01  52685.304    135.333 1531785465       0.10      0.738   39.74073  -72.39804    33.6362  1026.3622    26.0345     8.3124 0.0000e+00
     72.430     8.3210    33.4812  1026.3667     3.1336     5.5833     84.413   -0.00075    6.61432    6.62063      8.654    -0.0246   11.91116   3.511485 1.9477e-12    26.0345    26.0334 1.0000e-12     73.000          1       3291    1483.00 5.1343e+01  52689.670    137.074 1531785467      -0.17      0.603   39.74074  -72.39804    33.6393  1026.3689    26.0368     8.3137 0.0000e+00
     73.418     8.3240    33.4865  1026.3750     3.1263     5.5427     83.886   -0.00380    6.60747    6.61370      8.649    -0.0084   11.89961   3.512379 1.9477e-12    26.0383    26.0372 1.0000e-12     74.000          1       3335    1483.04 5.1343e+01  52697.133    138.915 1531785468       0.20      0.508   39.74074  -72.39802    33.6455  1026.3779    26.0412     8.3166 0.0000e+00
     74.419     8.3351    33.5010  1026.3892     3.1170     5.4948     83.265   -0.00705    6.59912    6.60524      8.648    -0.0263   11.88560   3.515062 1.9477e-12    26.0479    26.0468 1.0000e-12     75.000          1       3365    1483.11 5.1343e+01  52715.683    140.181 1531785470       0.09      0.758   39.74076  -72.39802    33.6631  1026.3944    26.0532     8.3275 0.0000e+00
     75.401     8.3982    33.5270  1026.4045     3.1029     5.4393     82.862   -0.00605    6.56427    6.56994      8.647    -0.0387   11.82733   3.523309 1.9477e-12    26.0589    26.0577 1.0000e-12     76.000          1       3419    1483.40 5.1343e+01  52738.475    142.417 1531785472      -0.20      0.406   39.74076  -72.39802    33.6899  1026.4103    26.0647     8.3905 0.0000e+00
     76.398     8.5108    33.5585  1026.4165     3.0934     5.4154     82.539   -0.00597    6.56100    6.56663 -9.990e-29    -0.0181   11.82187   3.537756 1.9477e-12    26.0665    26.0653 1.0000e-12     77.000          1       3457    1483.87 5.1343e+01  52757.784    144.009 1531785474       0.30      0.626   39.74076  -72.39802    33.7350  1026.4329    26.0829     8.5029 0.0000e+00
     77.391     8.6438    33.5904  1026.4255     3.0842     5.3907     82.145   -0.00683    6.56243    6.56807 -9.990e-29    -0.0384   11.82425   3.552103 1.9477e-12    26.0712    26.0699 1.0000e-12     78.000          1       3490    1484.43 5.1343e+01  52773.095    145.389 1531785475      -0.06      0.746   39.74078  -72.39802    33.7594  1026.4359    26.0816     8.6357 0.0000e+00
     78.384     8.6682    33.5969  1026.4313     3.0775     5.3915     82.155   -0.00425    6.56257    6.56821      8.647    -0.0339   11.82447   3.554629 1.9477e-12    26.0725    26.0712 1.0000e-12     79.000          1       3532    1484.54 5.1343e+01  52777.392    147.126 1531785477      -0.11      0.601   39.74078  -72.39802    33.7624  1026.4390    26.0802     8.6600 0.0000e+00
     79.366     8.6521    33.5951  1026.4369     3.0754     5.4101     82.454   -0.00021    6.56137    6.56700      8.644    -0.0316   11.82248   3.552846 1.9477e-12    26.0736    26.0723 1.0000e-12     80.000          1       3585    1484.50 5.1343e+01  52779.188    149.322 1531785479       0.09      0.392   39.74080  -72.39800    33.7584  1026.4429    26.0796     8.6439 0.0000e+00
     80.368     8.6627    33.5970  1026.4414     3.0712     5.3855     82.085   -0.00265    6.56091    6.56653      8.642    -0.0397   11.82170   3.554080 1.9477e-12    26.0735    26.0722 1.0000e-12     81.000          1       3614    1484.55 5.1343e+01  52780.184    150.553 1531785480       0.22      0.722   39.74080  -72.39800    33.7609  1026.4478    26.0799     8.6543 0.0000e+00
     81.363     8.6716    33.5991  1026.4461     3.0691     5.3893     82.159   -0.00113    6.55959    6.56519      8.642    -0.0319   11.81949   3.554971 1.9477e-12    26.0737    26.0724 1.0000e-12     82.000          1       3676    1484.61 5.1343e+01  52781.662    153.125 1531785483       0.07      0.451   39.74081  -72.39800    33.7614  1026.4513    26.0789     8.6631 0.0000e+00
     82.347     8.6775    33.6008  1026.4510     3.0654     5.3732     81.922   -0.00246    6.55885    6.56444      8.640    -0.0416   11.81824   3.555658 1.9670e-12    26.0742    26.0728 1.0000e-12     83.000          1       3749    1484.65 5.1343e+01  52783.384    156.175 1531785486       0.12      0.449   39.74083  -72.39798    33.7624  1026.4558    26.0789     8.6689 0.0000e+00
