CalculateIndicators/WaterTemperature/Data/CTD_NYOS/NY1807C30.cnv
* Sea-Bird SBE 9 Data File:
* FileName = C:\Seabird 9 CTD\Data\2018\OffshoreCruise201807\NY1807C30.hex
* Software Version Seasave V 7.23.2
* Temperature SN = 4590
* Conductivity SN = 3228
* Number of Bytes Per Scan = 44
* Number of Voltage Words = 5
* Number of Scans Averaged by the Deck Unit = 1
* NMEA Latitude = 40 13.52 N
* NMEA Longitude = 073 16.28 W
* NMEA UTC (Time) = Jul 20 2018  18:04:19
* NMEA baud rate = 4800
** Ship: RV Seawolf
** Station: NY1807C30
** Operator: ajb
# nquan = 35
# nvalues = 66                          
# units = specified
# name 0 = depSM: Depth [salt water, m]
# name 1 = t090C: Temperature [ITS-90, deg C]
# name 2 = sal00: Salinity, Practical [PSU]
# name 3 = density00: Density [density, kg/m^3]
# name 4 = sbeox0V: Oxygen raw, SBE 43 [V]
# name 5 = sbeox0ML/L: Oxygen, SBE 43 [ml/l]
# name 6 = sbeox0PS: Oxygen, SBE 43 [% saturation]
# name 7 = sbox0dV/dT: Oxygen, SBE 43 [dov/dt]
# name 8 = oxsolML/L: Oxygen Saturation, Garcia & Gordon [ml/l]
# name 9 = oxsatML/L: Oxygen Saturation, Weiss [ml/l]
# name 10 = ph: pH
# name 11 = flECO-AFL: Fluorescence, WET Labs ECO-AFL/FL [mg/m^3]
# name 12 = n2satML/L: Nitrogen Saturation [ml/l]
# name 13 = c0S/m: Conductivity [S/m]
# name 14 = cpar: CPAR/Corrected Irradiance [%]
# name 15 = sigma-é00: Density [sigma-theta, kg/m^3]
# name 16 = sigma-t00: Density [sigma-t, kg/m^3 ]
# name 17 = par: PAR/Irradiance, Biospherical/Licor
# name 18 = prDM: Pressure, Digiquartz [db]
# name 19 = pumps: Pump Status
# name 20 = scan: Scan Count
# name 21 = svCM: Sound Velocity [Chen-Millero, m/s]
# name 22 = spar: SPAR, Biospherical/Licor
# name 23 = specc: Specific Conductance [uS/cm]
# name 24 = timeS: Time, Elapsed [seconds]
# name 25 = timeY: Time, System [seconds]
# name 26 = accM: Acceleration [m/s^2]
# name 27 = dz/dtM: Descent Rate [m/s]
# name 28 = latitude: Latitude [deg]
# name 29 = longitude: Longitude [deg]
# name 30 = gsw_saA0: Absolute Salinity [g/kg]
# name 31 = gsw_densityA0: density, TEOS-10 [density, kg/m^3]
# name 32 = gsw_sigma0A0: density, TEOS-10 [sigma-0, kg/m^3 ]
# name 33 = gsw_ptA0: potential temperature [ITS-90, deg C]
# name 34 = flag: flag
# span 0 =      0.984,     33.743       
# span 1 =    10.1685,    24.1232       
# span 2 =    30.4721,    32.4655       
# span 3 =  1020.2060,  1025.0997       
# span 4 =     2.7237,     4.1407       
# span 5 =     4.4537,     6.3104       
# span 6 =     69.724,    118.817       
# span 7 =   -0.04979,    0.03547       
# span 8 =    4.94817,    6.38756       
# span 9 =    4.93595,    6.38964       
# span 10 =      8.610,      8.979      
# span 11 =     0.1586,     2.5791      
# span 12 =    9.17722,   11.54865      
# span 13 =   3.577003,   4.611802      
# span 14 = 1.1901e-01, 8.0297e+01      
# span 15 =    20.1974,    24.9460      
# span 16 =    20.1973,    24.9454      
# span 17 = 2.5036e+00, 1.5289e+03      
# span 18 =      1.000,     34.000      
# span 19 =          1,          1      
# span 20 =       1255,      17230      
# span 21 =    1487.92,    1527.42      
# span 22 = 1.4811e+03, 2.2060e+03      
# span 23 =  46928.410,  50846.408      
# span 24 =     52.235,    717.855      
# span 25 = 1532109918, 1532110584      
# span 26 =      -0.27,       0.19      
# span 27 =     -0.540,      0.459      
# span 28 =   40.22534,   40.22596      
# span 29 =  -73.27357,  -73.27161      
# span 30 =    30.6258,    32.6232      
# span 31 =  1020.2078,  1025.1062      
# span 32 =    20.1992,    24.9526      
# span 33 =    10.1647,    24.1228      
# span 34 = 0.0000e+00, 0.0000e+00      
# interval = decibars: 1                
# start_time = Jul 20 2018 18:04:26 [System UTC, first data scan.]
# bad_flag = -9.990e-29
*END*
[from data line 42]
     23.812    14.3756    31.7710  1023.7227     3.0527     4.7521     81.075    0.00348    5.86134    5.85659      8.614     0.5337   10.68422   3.881274 6.1691e-01    23.6162    23.6155 1.3478e+01     24.000          1       8219    1501.30 2.1846e+03  49264.823    342.400 1532110208      -0.01     -0.367   40.22554  -73.27252    31.9333  1023.7370    23.6305    14.3722 0.0000e+00
     22.823    14.5910    31.7479  1023.6554     3.1207     4.9472     85.156    0.02976    5.80964    5.80434      8.654     0.5725   10.59837   3.897826 7.3007e-01    23.5534    23.5527 1.5933e+01     23.000          1       8391    1501.96 2.1830e+03  49209.116    349.604 1532110216      -0.27     -0.327   40.22554  -73.27254    31.9076  1023.6679    23.5659    14.5877 0.0000e+00
     21.829    14.9857    31.7437  1023.5638     3.3149     5.3228     92.011    0.03105    5.78504    5.77947      8.672     0.6299   10.55769   3.933569 8.8575e-01    23.4665    23.4658 1.9304e+01     22.000          1       8515    1503.20 2.1812e+03  49162.234    354.760 1532110221       0.01     -0.236   40.22556  -73.27255    31.9091  1023.5808    23.4835    14.9825 0.0000e+00
     20.837    15.3117    31.7198  1023.4708     3.4067     5.4182     94.394    0.01909    5.74010    5.73403      8.687     0.7241   10.48399   3.960282 1.0513e+00    23.3780    23.3773 2.2914e+01     21.000          1       8636    1504.19 2.1798e+03  49096.344    359.792 1532110226      -0.08     -0.306   40.22556  -73.27256    31.8846  1023.4875    23.3946    15.3086 0.0000e+00
     19.847    15.7234    31.6175  1023.2978     3.4790     5.5133     96.446    0.01189    5.71650    5.71013      8.688     1.0478   10.44593   3.986090 1.2502e+00    23.2095    23.2088 2.7056e+01     20.000          1       8780    1505.36 2.1645e+03  48915.503    365.805 1532110232      -0.13     -0.223   40.22556  -73.27259    31.7826  1023.3152    23.2269    15.7203 0.0000e+00
     18.846    16.0000    31.4892  1023.1331     3.5065     5.5453     97.357    0.01132    5.69622    5.68963      8.696     1.6565   10.41273   3.996670 1.8616e+00    23.0494    23.0487 3.4690e+01     19.000          1       9179    1506.05 1.9711e+03  48712.338    382.428 1532110248       0.01     -0.540   40.22558  -73.27263    31.6554  1023.1519    23.0681    15.9971 0.0000e+00
     17.859    16.5499    31.4153  1022.9482     3.6500     5.7895    103.156    0.02498    5.61251    5.60505      8.737     2.5089   10.27486   4.037239 2.3235e+00    22.8690    22.8683 4.5965e+01     18.000          1      10198    1507.65 2.0377e+03  48563.273    424.867 1532110291      -0.03     -0.313   40.22565  -73.27272    31.5752  1022.9625    22.8833    16.5471 0.0000e+00
     16.868    16.9653    31.3470  1022.7959     3.7954     6.0586    108.688    0.03319    5.57458    5.56675      8.763     2.5791   10.21239   4.067427 5.8074e+00    22.7212    22.7206 5.9401e+01     17.000          1      10307    1508.82 1.4811e+03  48435.560    429.428 1532110295      -0.05     -0.244   40.22566  -73.27273    31.5112  1022.8137    22.7390    16.9626 0.0000e+00
     15.875    17.4293    31.2730  1022.6262     3.9425     6.2786    113.895    0.03547    5.51310    5.50469      8.786     2.5413   10.11084   4.101366 3.9127e+00    22.5561    22.5554 7.7144e+01     16.000          1      10434    1510.12 2.0768e+03  48299.144    434.724 1532110301       0.02     -0.268   40.22566  -73.27274    31.4418  1022.6478    22.5776    17.4267 0.0000e+00
     14.885    18.1776    31.2235  1022.4055     4.0568     6.2627    116.332    0.00888    5.38372    5.37421      8.798     1.9871    9.89651   4.163932 4.4381e+00    22.3399    22.3393 9.7120e+01     15.000          1      10589    1512.28 2.1884e+03  48180.180    441.176 1532110307      -0.07     -0.172   40.22566  -73.27276    31.3962  1022.4302    22.3646    18.1750 0.0000e+00
     13.893    19.6523    31.1059  1021.9441     4.0959     6.1883    117.548    0.00583    5.26426    5.25384      8.806     1.6742    9.69790   4.287705 5.5781e+00    21.8832    21.8826 1.2187e+02     14.000          1      10701    1516.37 2.1848e+03  47935.119    445.844 1532110312       0.00     -0.186   40.22567  -73.27277    31.3060  1021.9898    21.9289    19.6498 0.0000e+00
     12.899    20.5554    31.1004  1021.7021     4.1051     6.1293    117.718    0.00312    5.20670    5.19590      8.816     1.2977    9.60241   4.368216 6.7765e+00    21.6457    21.6451 1.4830e+02     13.000          1      10819    1518.88 2.1883e+03  47885.452    450.748 1532110317       0.01     -0.221   40.22568  -73.27278    31.2869  1021.7373    21.6809    20.5530 0.0000e+00
     11.905    21.0149    31.0696  1021.5532     4.1057     6.0817    117.677    0.00196    5.16818    5.15713      8.835     1.0426    9.53825   4.405518 8.1138e+00    21.5012    21.5006 1.7752e+02     12.000          1      10924    1520.09 2.1879e+03  47823.723    455.127 1532110321      -0.06     -0.322   40.22568  -73.27279    31.2471  1021.5815    21.5296    21.0126 0.0000e+00
     10.915    22.1867    30.9263  1021.1226     4.1407     6.0182    118.817    0.00012    5.06495    5.05326      8.922     0.8872    9.36966   4.492710 9.6991e+00    21.0751    21.0745 2.1249e+02     11.000          1      12572    1523.06 2.1907e+03  47586.114    523.790 1532110390      -0.04     -0.139   40.22576  -73.27301    31.0834  1021.1355    21.0881    22.1846 0.0000e+00
      9.922    22.8697    30.5611  1020.6509     4.0385     5.6943    113.585   -0.03696    5.01314    5.00116      8.934     0.6996    9.28550   4.509506 1.2662e+01    20.6079    20.6074 2.6308e+02     10.000          1      12726    1524.43 2.1010e+03  47064.079    530.208 1532110396      -0.01     -0.308   40.22576  -73.27302    30.7300  1020.6738    20.6308    22.8677 0.0000e+00
      8.931    23.3491    30.4721  1020.4440     3.9580     5.6046    112.125   -0.00629    4.99856    4.98651      8.935     0.5099    9.26145   4.540466 1.4456e+01    20.4053    20.4048 3.1898e+02      9.000          1      12873    1525.56 2.2060e+03  46929.718    536.349 1532110402      -0.04     -0.162   40.22577  -73.27304    30.6310  1020.4594    20.4207    23.3472 0.0000e+00
      7.938    23.4372    30.4728  1020.4150     3.9504     5.5995    112.134    0.00016    4.99361    4.98155      8.939     0.4742    9.25313   4.547831 1.7033e+01    20.3806    20.3801 3.7454e+02      8.000          1      13001    1525.77 2.1989e+03  46928.410    541.672 1532110408       0.01     -0.176   40.22578  -73.27306    30.6258  1020.4259    20.3915    23.4356 0.0000e+00
      6.946    23.4836    30.4794  1020.4023     3.9707     5.6318    113.105    0.00647    4.97929    4.96718      8.941     0.3720    9.22922   4.552360 2.0497e+01    20.3722    20.3718 4.5049e+02      7.000          1      13183    1525.87 2.1979e+03  46936.029    549.244 1532110415      -0.14     -0.254   40.22578  -73.27308    30.6281  1020.4100    20.3799    23.4822 0.0000e+00
      5.952    23.5546    30.4839  1020.3811     3.9684     5.6158    112.722   -0.00014    4.98204    4.96993      8.942     0.3287    9.23376   4.559589 2.3900e+01    20.3553    20.3550 5.2500e+02      6.000          1      13350    1526.04 2.1967e+03  46940.568    556.208 1532110422      -0.06     -0.308   40.22578  -73.27310    30.6337  1020.3894    20.3637    23.5534 0.0000e+00
      4.958    23.6561    30.4835  1020.3472     3.9698     5.6082    112.758   -0.00021    4.97364    4.96151      8.954     0.2876    9.21980   4.568831 2.7795e+01    20.3258    20.3255 6.0850e+02      5.000          1      14521    1526.28 2.1893e+03  46937.645    604.989 1532110471       0.04     -0.280   40.22583  -73.27325    30.6333  1020.3556    20.3341    23.6551 0.0000e+00
      3.973    23.7158    30.4800  1020.3231     3.9684     5.5774    112.641   -0.00119    4.95147    4.93926      8.966     0.2489    9.18279   4.573908 3.3052e+01    20.3060    20.3057 6.6472e+02      4.000          1      16185    1526.42 2.0694e+03  46931.244    674.337 1532110540      -0.17     -0.299   40.22590  -73.27345    30.6305  1020.3319    20.3147    23.7150 0.0000e+00
      2.976    23.9008    30.4830  1020.2676     3.9645     5.5705    112.528   -0.00050    4.95035    4.93814      8.965     0.2377    9.18089   4.591488 5.6597e+01    20.2548    20.2546 1.0665e+03      3.000          1      16161    1526.87 1.9537e+03  46931.293    673.324 1532110539       0.06     -0.333   40.22590  -73.27346    30.6349  1020.2774    20.2646    23.9002 0.0000e+00
      1.985    23.9582    30.4886  1020.2509     3.9611     5.5615    112.370   -0.00114    4.94926    4.93705 -9.990e-29     0.2138    9.17906   4.597000 4.7605e+01    20.2424    20.2422 1.0423e+03      2.000          1      16255    1527.00 2.1870e+03  46937.605    677.240 1532110543      -0.02     -0.265   40.22590  -73.27346    30.6369  1020.2580    20.2494    23.9578 0.0000e+00
      0.984    24.0114    30.4907  1020.2327     3.9681     5.5804    112.777    0.00257    4.94817    4.93595      8.970     0.1586    9.17722   4.601795 8.0297e+01    20.2285    20.2284 1.5289e+03      1.000          1      17230    1527.12 1.9500e+03  46939.141    717.855 1532110584      -0.08     -0.256   40.22596  -73.27357    30.6363  1020.2377    20.2335    24.0112 0.0000e+00
