CalculateIndicators/WaterTemperature/Data/CTD_NYOS/NY1807C21.cnv
* Sea-Bird SBE 9 Data File:
* FileName = C:\Seabird 9 CTD\Data\2018\OffshoreCruise201807\NY1807C21.hex
* Software Version Seasave V 7.23.2
* Temperature SN = 4590
* Conductivity SN = 3228
* Number of Bytes Per Scan = 44
* Number of Voltage Words = 5
* Number of Scans Averaged by the Deck Unit = 1
* NMEA Latitude = 39 13.62 N
* NMEA Longitude = 072 33.41 W
* NMEA UTC (Time) = Jul 19 2018  02:54:04
* NMEA baud rate = 4800
** Ship: RV Seawolf
** Station: NY1807C21
** Operator: jdw
# nquan = 35
# nvalues = 265                         
# units = specified
# name 0 = depSM: Depth [salt water, m]
# name 1 = t090C: Temperature [ITS-90, deg C]
# name 2 = sal00: Salinity, Practical [PSU]
# name 3 = density00: Density [density, kg/m^3]
# name 4 = sbeox0V: Oxygen raw, SBE 43 [V]
# name 5 = sbeox0ML/L: Oxygen, SBE 43 [ml/l]
# name 6 = sbeox0PS: Oxygen, SBE 43 [% saturation]
# name 7 = sbox0dV/dT: Oxygen, SBE 43 [dov/dt]
# name 8 = oxsolML/L: Oxygen Saturation, Garcia & Gordon [ml/l]
# name 9 = oxsatML/L: Oxygen Saturation, Weiss [ml/l]
# name 10 = ph: pH
# name 11 = flECO-AFL: Fluorescence, WET Labs ECO-AFL/FL [mg/m^3]
# name 12 = n2satML/L: Nitrogen Saturation [ml/l]
# name 13 = c0S/m: Conductivity [S/m]
# name 14 = cpar: CPAR/Corrected Irradiance [%]
# name 15 = sigma-é00: Density [sigma-theta, kg/m^3]
# name 16 = sigma-t00: Density [sigma-t, kg/m^3 ]
# name 17 = par: PAR/Irradiance, Biospherical/Licor
# name 18 = prDM: Pressure, Digiquartz [db]
# name 19 = pumps: Pump Status
# name 20 = scan: Scan Count
# name 21 = svCM: Sound Velocity [Chen-Millero, m/s]
# name 22 = spar: SPAR, Biospherical/Licor
# name 23 = specc: Specific Conductance [uS/cm]
# name 24 = timeS: Time, Elapsed [seconds]
# name 25 = timeY: Time, System [seconds]
# name 26 = accM: Acceleration [m/s^2]
# name 27 = dz/dtM: Descent Rate [m/s]
# name 28 = latitude: Latitude [deg]
# name 29 = longitude: Longitude [deg]
# name 30 = gsw_saA0: Absolute Salinity [g/kg]
# name 31 = gsw_densityA0: density, TEOS-10 [density, kg/m^3]
# name 32 = gsw_sigma0A0: density, TEOS-10 [sigma-0, kg/m^3 ]
# name 33 = gsw_ptA0: potential temperature [ITS-90, deg C]
# name 34 = flag: flag
# span 0 =      1.979,    132.944       
# span 1 =     9.2376,    23.7410       
# span 2 =    33.8106,    35.5513       
# span 3 =  1022.8328,  1027.4631       
# span 4 =     2.8936,     4.5107       
# span 5 =     4.5336,     6.8748       
# span 6 =     75.727,    134.367       
# span 7 =   -0.09131,    0.12289       
# span 8 =    4.87427,    6.46679       
# span 9 =    4.86250,    6.47133       
# span 10 =      8.684,      9.007      
# span 11 =    -0.0980,     1.3137      
# span 12 =    9.02201,   11.66270      
# span 13 =   3.630243,   5.021592      
# span 14 = -4.152e+03, 9.3451e+04      
# span 15 =    22.8242,    26.8684      
# span 16 =    22.8241,    26.8649      
# span 17 = -1.617e-04, 8.6652e-01      
# span 18 =      2.000,    134.000      
# span 19 =          1,          1      
# span 20 =        202,      15601      
# span 21 =    1486.51,    1530.11      
# span 22 = 3.7453e-01, 4.2255e+00      
# span 23 =  51484.281,  54768.196      
# span 24 =      8.390,    649.987      
# span 25 = 1531968908, 1531969549      
# span 26 =      -0.67,       0.60      
# span 27 =     -1.216,      1.125      
# span 28 =   39.22686,   39.22708      
# span 29 =  -72.55839,  -72.55710      
# span 30 =    33.9781,    35.7201      
# span 31 =  1022.8368,  1027.4674      
# span 32 =    22.8283,    26.8729      
# span 33 =     9.2323,    23.7402      
# span 34 = 0.0000e+00, 0.0000e+00      
# interval = decibars: 1                
# start_time = Jul 19 2018 02:54:59 [System UTC, first data scan.]
# bad_flag = -9.990e-29
*END*
[from data line 83]
     84.345    11.6775    35.0956  1027.1063     2.9505     4.6903     77.191   -0.00966    6.07619    6.07638      8.731    -0.0654   11.00232   3.983841 2.5320e-11    26.7267    26.7247 1.0000e-12     85.000          1       3360    1497.24 3.9495e+00  54285.921    139.962 1531969039       0.01      0.996   39.22704  -72.55738    35.2759  1027.1209    26.7414    11.6666 0.0000e+00
     85.323    11.7107    35.1154  1027.1198     2.9402     4.6788     77.031   -0.00715    6.07391    6.07408      8.731    -0.0633   10.99848   3.988943 2.5320e-11    26.7359    26.7338 1.0000e-12     86.000          1       3396    1497.39 3.9495e+00  54308.258    141.439 1531969041      -0.22      0.706   39.22704  -72.55738    35.2943  1027.1333    26.7494    11.6997 0.0000e+00
     86.324    11.7544    35.1344  1027.1307     2.9346     4.6775     76.978   -0.00533    6.07637    6.07657      8.729    -0.0570   11.00259   3.995059 2.5320e-11    26.7424    26.7403 1.0000e-12     87.000          1       3425    1497.58 3.9495e+00  54327.825    142.649 1531969042       0.19      0.764   39.22704  -72.55738    35.3127  1027.1437    26.7555    11.7433 0.0000e+00
     87.315    11.7711    35.1434  1027.1390     2.9308     4.6793     77.116   -0.00202    6.06792    6.06802      8.727    -0.0540   10.98832   3.997200 2.5320e-11    26.7463    26.7441 1.0000e-12     88.000          1       3474    1497.67 3.9495e+00  54338.087    144.688 1531969044      -0.19      0.506   39.22704  -72.55738    35.3175  1027.1488    26.7561    11.7598 0.0000e+00
     88.293    11.8006    35.1566  1027.1480     2.9271     4.6717     77.088   -0.00096    6.06029    6.06031      8.725    -0.0518   10.97542   4.001526 2.5320e-11    26.7510    26.7488 1.0000e-12     89.000          1       3532    1497.80 3.9495e+00  54351.954    147.124 1531969046       0.48      0.364   39.22704  -72.55740    35.3317  1027.1586    26.7615    11.7891 0.0000e+00
     89.298    11.8339    35.1745  1027.1601     2.9190     4.6283     76.372   -0.00656    6.06022    6.06024      8.723    -0.0627   10.97529   4.006672 2.5320e-11    26.7586    26.7564 1.0000e-12     90.000          1       3552    1497.96 3.9495e+00  54371.926    147.977 1531969047       0.45      0.875   39.22704  -72.55740    35.3503  1027.1710    26.7696    11.8223 0.0000e+00
     90.295    11.8515    35.1834  1027.1682     2.9142     4.6158     76.169   -0.00710    6.05997    6.05998      8.723    -0.0690   10.97486   4.009205 2.5320e-11    26.7622    26.7600 1.0000e-12     91.000          1       3575    1498.04 3.9495e+00  54381.883    148.904 1531969048       0.05      1.093   39.22704  -72.55740    35.3581  1027.1782    26.7723    11.8397 0.0000e+00
     91.279    11.8694    35.1917  1027.1756     2.9103     4.6229     76.280   -0.00389    6.06043    6.06045      8.722    -0.0581   10.97564   4.011602 2.5320e-11    26.7653    26.7630 1.0000e-12     92.000          1       3602    1498.13 3.9495e+00  54390.927    150.023 1531969049      -0.18      0.972   39.22704  -72.55740    35.3642  1027.1840    26.7737    11.8575 0.0000e+00
     92.283    11.8731    35.1939  1027.1811     2.9062     4.6145     76.137   -0.00390    6.06077    6.06079      8.722    -0.0649   10.97620   4.012145 2.5320e-11    26.7663    26.7640 1.0000e-12     93.000          1       3629    1498.16 3.9495e+00  54393.940    151.158 1531969050      -0.01      0.891   39.22704  -72.55740    35.3656  1027.1888    26.7741    11.8611 0.0000e+00
     93.256    11.8742    35.1957  1027.1867     2.9067     4.6381     76.597    0.00145    6.05524    6.05520      8.721    -0.0609   10.96688   4.012420 2.5320e-11    26.7675    26.7652 1.0000e-12     94.000          1       3710    1498.18 3.9495e+00  54396.992    154.557 1531969054       0.40      0.263   39.22704  -72.55740    35.3669  1027.1941    26.7749    11.8620 0.0000e+00
     94.257    11.8913    35.2023  1027.1931     2.9041     4.6211     76.374   -0.00035    6.05056    6.05046      8.721    -0.0474   10.95899   4.014847 2.5320e-11    26.7695    26.7671 1.0000e-12     95.000          1       3738    1498.27 3.9495e+00  54403.943    155.722 1531969055       0.60      0.805   39.22704  -72.55742    35.3740  1027.2008    26.7772    11.8790 0.0000e+00
     95.253    11.9029    35.2067  1027.1987     2.9029     4.6064     76.153   -0.00276    6.04876    6.04864 -9.990e-29    -0.0582   10.95598   4.016273 2.5320e-11    26.7706    26.7683 1.0000e-12     96.000          1       3759    1498.33 3.9495e+00  54408.558    156.599 1531969056       0.14      1.125   39.22704  -72.55742    35.3766  1027.2050    26.7770    11.8905 0.0000e+00
     96.245    11.9094    35.2095  1027.2042     2.9048     4.6265     76.484    0.00056    6.04896    6.04886 -9.990e-29    -0.0579   10.95632   4.017417 2.5320e-11    26.7717    26.7693 1.0000e-12     97.000          1       3786    1498.37 3.9495e+00  54412.057    157.691 1531969057      -0.21      1.032   39.22704  -72.55742    35.3813  1027.2119    26.7794    11.8968 0.0000e+00
     97.231    11.9472    35.2228  1027.2117     2.9055     4.6298     76.529    0.00083    6.04975    6.04965      8.721    -0.0502   10.95762   4.022511 2.5320e-11    26.7748    26.7724 1.0000e-12     98.000          1       3817    1498.53 3.9495e+00  54424.818    159.017 1531969058      -0.08      0.755   39.22704  -72.55742    35.3949  1027.2196    26.7828    11.9345 0.0000e+00
     98.226    11.9512    35.2245  1027.2166     2.9073     4.6329     76.614    0.00094    6.04706    6.04694      8.719    -0.0532   10.95312   4.022886 2.5183e-11    26.7753    26.7729 1.0000e-12     99.000          1       3863    1498.56 3.9495e+00  54427.002    160.915 1531969060      -0.13      0.541   39.22704  -72.55742    35.3944  1027.2229    26.7816    11.9384 0.0000e+00
     99.211    11.9553    35.2263  1027.2217     2.9037     4.6033     76.197   -0.00304    6.04133    6.04113      8.718    -0.0637   10.94345   4.023499 2.5323e-11    26.7760    26.7735 1.0000e-12    100.000          1       3919    1498.60 3.9495e+00  54429.451    163.250 1531969062       0.52      0.381   39.22703  -72.55742    35.3961  1027.2279    26.7822    11.9423 0.0000e+00
    100.213    11.9704    35.2318  1027.2276     2.9054     4.6125     76.435   -0.00087    6.03453    6.03426      8.718    -0.0527   10.93199   4.025605 2.5320e-11    26.7774    26.7749 1.0000e-12    101.000          1       3945    1498.67 3.9495e+00  54435.211    164.336 1531969063       0.18      0.858   39.22702  -72.55743    35.4020  1027.2340    26.7839    11.9572 0.0000e+00
    101.196    11.9909    35.2405  1027.2349     2.9086     4.6309     76.825    0.00266    6.02775    6.02741      8.720    -0.0512   10.92056   4.028755 2.5320e-11    26.7803    26.7777 1.0000e-12    102.000          1       3977    1498.77 3.9495e+00  54444.576    165.664 1531969065      -0.13      0.780   39.22702  -72.55744    35.4130  1027.2431    26.7885    11.9776 0.0000e+00
    102.192    12.0254    35.2529  1027.2423     2.9075     4.6175     76.626    0.00049    6.02610    6.02573      8.720    -0.0698   10.91777   4.033552 2.5320e-11    26.7833    26.7808 1.0000e-12    103.000          1       4003    1498.92 3.9495e+00  54456.398    166.769 1531969066       0.18      0.821   39.22702  -72.55744    35.4269  1027.2516    26.7926    12.0120 0.0000e+00
    103.189    12.0722    35.2725  1027.2528     2.9055     4.6050     76.386   -0.00171    6.02858    6.02824      8.719    -0.0594   10.92194   4.040210 2.5320e-11    26.7895    26.7869 1.0000e-12    104.000          1       4028    1499.12 3.9495e+00  54476.785    167.804 1531969067       0.05      0.964   39.22702  -72.55744    35.4472  1027.2627    26.7994    12.0586 0.0000e+00
    104.176    12.1052    35.2863  1027.2617     2.9061     4.5981     76.561    0.00017    6.00585    6.00526      8.718    -0.0617   10.88363   4.044656 2.5320e-11    26.7940    26.7914 1.0000e-12    105.000          1       4079    1499.26 3.9495e+00  54490.984    169.903 1531969069      -0.17      0.523   39.22702  -72.55743    35.4590  1027.2699    26.8022    12.0915 0.0000e+00
    105.159    12.2091    35.3301  1027.2798     2.9046     4.5752     76.410   -0.00136    5.98764    5.98684      8.722    -0.0703   10.85294   4.060196 2.4959e-11    26.8080    26.8053 1.0000e-12    106.000          1       4137    1499.68 3.9495e+00  54535.408    172.331 1531969071       0.60      0.401   39.22702  -72.55744    35.5120  1027.2950    26.8232    12.1951 0.0000e+00
    106.161    12.3112    35.3730  1027.2975     2.8983     4.5427     75.874   -0.00556    5.98718    5.98639      8.722    -0.0557   10.85217   4.075585 2.5315e-11    26.8214    26.8186 1.0000e-12    107.000          1       4158    1500.09 3.9495e+00  54578.820    173.195 1531969072       0.44      0.934   39.22702  -72.55744    35.5648  1027.3202    26.8442    12.2970 0.0000e+00
    107.156    12.3839    35.3949  1027.3046     2.8948     4.5336     75.727   -0.00590    5.98679    5.98599      8.720    -0.0563   10.85151   4.083746 2.5320e-11    26.8243    26.8214 1.0000e-12    108.000          1       4180    1500.38 3.9495e+00  54598.159    174.113 1531969073       0.01      1.115   39.22702  -72.55744    35.5749  1027.3181    26.8378    12.3695 0.0000e+00
    108.150    12.3881    35.3967  1027.3097     2.8936     4.5430     75.998   -0.00183    5.97786    5.97696      8.718    -0.0566   10.83648   4.083866 2.5320e-11    26.8249    26.8221 1.0000e-12    109.000          1       4209    1500.42 3.9495e+00  54600.610    175.348 1531969074      -0.25      0.929   39.22702  -72.55744    35.5716  1027.3192    26.8345    12.3736 0.0000e+00
    109.134    12.4087    35.4052  1027.3166     2.9049     4.5795     76.960    0.00548    5.95044    5.94922      8.725    -0.0685   10.79042   4.087261 2.5320e-11    26.8275    26.8246 1.0000e-12    110.000          1       4263    1500.51 3.9495e+00  54609.535    177.573 1531969077      -0.12      0.423   39.22702  -72.55744    35.5847  1027.3297    26.8406    12.3940 0.0000e+00
    110.122    12.6073    35.4681  1027.3303     2.9240     4.6349     78.017    0.01043    5.94094    5.93963      8.730    -0.0619   10.77448   4.113688 2.5320e-11    26.8372    26.8343 1.0000e-12    111.000          1       4308    1501.27 3.9495e+00  54666.318    179.449 1531969079       0.32      0.504   39.22702  -72.55746    35.6526  1027.3471    26.8541    12.5923 0.0000e+00
    111.123    12.6571    35.4829  1027.3363     2.9342     4.6501     78.304    0.00933    5.93843    5.93708      8.730    -0.0731   10.77022   4.119885 2.5320e-11    26.8389    26.8359 1.0000e-12    112.000          1       4334    1501.47 3.9495e+00  54679.462    180.555 1531969080       0.16      0.839   39.22702  -72.55746    35.6650  1027.3512    26.8538    12.6419 0.0000e+00
    112.108    12.7215    35.5017  1027.3424     2.9413     4.6536     78.382    0.00693    5.93704    5.93568 -9.990e-29    -0.0809   10.76785   4.127953 2.5320e-11    26.8407    26.8376 1.0000e-12    113.000          1       4366    1501.73 3.9495e+00  54696.039    181.880 1531969081      -0.13      0.792   39.22702  -72.55746    35.6817  1027.3555    26.8539    12.7061 0.0000e+00
    113.107    12.7453    35.5112  1027.3494     2.9424     4.6329     78.029    0.00165    5.93737    5.93601 -9.990e-29    -0.0744   10.76839   4.131203 2.5320e-11    26.8433    26.8402 1.0000e-12    114.000          1       4395    1501.84 3.9495e+00  54706.028    183.085 1531969082       0.11      0.789   39.22702  -72.55746    35.6901  1027.3617    26.8557    12.7298 0.0000e+00
    114.095    12.7611    35.5204  1027.3578     2.9432     4.6293     77.993    0.00058    5.93553    5.93416      8.728    -0.0717   10.76526   4.133418 2.5320e-11    26.8473    26.8442 1.0000e-12    115.000          1       4437    1501.91 3.9495e+00  54716.977    184.846 1531969084      -0.22      0.603   39.22702  -72.55746    35.6961  1027.3676    26.8571    12.7455 0.0000e+00
    115.082    12.7634    35.5245  1027.3650     2.9404     4.6119     77.708   -0.00200    5.93492    5.93355      8.726    -0.0737   10.76422   4.134081 2.5320e-11    26.8501    26.8470 1.0000e-12    116.000          1       4479    1501.94 3.9495e+00  54722.906    186.583 1531969086       0.32      0.528   39.22702  -72.55747    35.6998  1027.3745    26.8596    12.7476 0.0000e+00
    116.085    12.7703    35.5292  1027.3717     2.9380     4.6083     77.654   -0.00169    5.93436    5.93297      8.725    -0.0737   10.76326   4.135079 2.5320e-11    26.8524    26.8492 1.0000e-12    117.000          1       4506    1501.99 3.9495e+00  54728.869    187.715 1531969087       0.13      0.843   39.22702  -72.55748    35.7025  1027.3796    26.8604    12.7544 0.0000e+00
    117.069    12.7744    35.5326  1027.3779     2.9353     4.6026     77.562   -0.00177    5.93402    5.93263      8.725    -0.0692   10.76267   4.135844 2.5320e-11    26.8542    26.8510 1.0000e-12    118.000          1       4548    1502.03 3.9495e+00  54733.552    189.448 1531969089      -0.22      0.608   39.22700  -72.55748    35.7056  1027.3856    26.8620    12.7584 0.0000e+00
    118.063    12.7796    35.5361  1027.3841     2.9328     4.5993     77.516   -0.00142    5.93338    5.93198 -9.990e-29    -0.0714   10.76155   4.136670 2.5320e-11    26.8560    26.8527 1.0000e-12    119.000          1       4586    1502.06 3.9495e+00  54738.251    191.034 1531969090       0.23      0.595   39.22700  -72.55748    35.7082  1027.3911    26.8630    12.7634 0.0000e+00
    119.052    12.7813    35.5376  1027.3893     2.9305     4.5947     77.437   -0.00154    5.93347    5.93208 -9.990e-29    -0.0659   10.76167   4.136976 2.5320e-11    26.8568    26.8535 1.0000e-12    120.000          1       4622    1502.09 3.9495e+00  54740.562    192.543 1531969092      -0.11      0.695   39.22700  -72.55748    35.7091  1027.3959    26.8634    12.7650 0.0000e+00
    120.040    12.7854    35.5418  1027.3962     2.9241     4.5711     77.041   -0.00387    5.93337    5.93198 -9.990e-29    -0.0745   10.76152   4.137847 2.5320e-11    26.8593    26.8560 1.0000e-12    121.000          1       4654    1502.12 3.9495e+00  54746.415    193.867 1531969093       0.24      0.658   39.22700  -72.55748    35.7132  1027.4027    26.8657    12.7689 0.0000e+00
    121.045    12.7837    35.5449  1027.4035     2.9201     4.5571     76.808   -0.00517    5.93314    5.93175 -9.990e-29    -0.0755   10.76113   4.137963 2.5320e-11    26.8620    26.8587 1.0000e-12    122.000          1       4677    1502.14 3.9495e+00  54751.463    194.840 1531969094       0.21      0.957   39.22700  -72.55748    35.7156  1027.4093    26.8679    12.7670 0.0000e+00
    122.033    12.7839    35.5453  1027.4082     2.9177     4.5666     76.961   -0.00211    5.93368    5.93230      8.725    -0.0673   10.76202   4.138034 2.5320e-11    26.8624    26.8590 1.0000e-12    123.000          1       4714    1502.15 3.9495e+00  54752.634    196.386 1531969096      -0.25      0.733   39.22700  -72.55750    35.7157  1027.4138    26.8680    12.7671 0.0000e+00
    123.018    12.7834    35.5461  1027.4133     2.9151     4.5666     76.956   -0.00117    5.93404    5.93266      8.723    -0.0656   10.76259   4.138059 2.5320e-11    26.8631    26.8597 1.0000e-12    124.000          1       4765    1502.17 3.9495e+00  54754.358    198.485 1531969098       0.07      0.445   39.22700  -72.55750    35.7159  1027.4185    26.8683    12.7665 0.0000e+00
    124.010    12.7810    35.5469  1027.4189     2.9125     4.5594     76.833   -0.00172    5.93424    5.93286      8.721    -0.0724   10.76290   4.137916 2.5320e-11    26.8642    26.8608 1.0000e-12    125.000          1       4801    1502.18 3.9495e+00  54756.441    200.010 1531969099       0.11      0.635   39.22700  -72.55750    35.7164  1027.4239    26.8692    12.7639 0.0000e+00
