CalculateIndicators/WaterTemperature/Data/CTD_NYOS/NY1807C14.cnv
* Sea-Bird SBE 9 Data File:
* FileName = C:\Seabird 9 CTD\Data\2018\OffshoreCruise201807\NY1807C14.hex
* Software Version Seasave V 7.23.2
* Temperature SN = 4590
* Conductivity SN = 3228
* Number of Bytes Per Scan = 44
* Number of Voltage Words = 5
* Number of Scans Averaged by the Deck Unit = 1
* NMEA Latitude = 40 25.54 N
* NMEA Longitude = 072 59.92 W
* NMEA UTC (Time) = Jul 17 2018  11:00:37
* NMEA baud rate = 4800
** Ship: RV Seawolf
** Station: NY1807C14
** Operator: jdw
# nquan = 35
# nvalues = 64                          
# units = specified
# name 0 = depSM: Depth [salt water, m]
# name 1 = t090C: Temperature [ITS-90, deg C]
# name 2 = sal00: Salinity, Practical [PSU]
# name 3 = density00: Density [density, kg/m^3]
# name 4 = sbeox0V: Oxygen raw, SBE 43 [V]
# name 5 = sbeox0ML/L: Oxygen, SBE 43 [ml/l]
# name 6 = sbeox0PS: Oxygen, SBE 43 [% saturation]
# name 7 = sbox0dV/dT: Oxygen, SBE 43 [dov/dt]
# name 8 = oxsolML/L: Oxygen Saturation, Garcia & Gordon [ml/l]
# name 9 = oxsatML/L: Oxygen Saturation, Weiss [ml/l]
# name 10 = ph: pH
# name 11 = flECO-AFL: Fluorescence, WET Labs ECO-AFL/FL [mg/m^3]
# name 12 = n2satML/L: Nitrogen Saturation [ml/l]
# name 13 = c0S/m: Conductivity [S/m]
# name 14 = cpar: CPAR/Corrected Irradiance [%]
# name 15 = sigma-é00: Density [sigma-theta, kg/m^3]
# name 16 = sigma-t00: Density [sigma-t, kg/m^3 ]
# name 17 = par: PAR/Irradiance, Biospherical/Licor
# name 18 = prDM: Pressure, Digiquartz [db]
# name 19 = pumps: Pump Status
# name 20 = scan: Scan Count
# name 21 = svCM: Sound Velocity [Chen-Millero, m/s]
# name 22 = spar: SPAR, Biospherical/Licor
# name 23 = specc: Specific Conductance [uS/cm]
# name 24 = timeS: Time, Elapsed [seconds]
# name 25 = timeY: Time, System [seconds]
# name 26 = accM: Acceleration [m/s^2]
# name 27 = dz/dtM: Descent Rate [m/s]
# name 28 = latitude: Latitude [deg]
# name 29 = longitude: Longitude [deg]
# name 30 = gsw_saA0: Absolute Salinity [g/kg]
# name 31 = gsw_densityA0: density, TEOS-10 [density, kg/m^3]
# name 32 = gsw_sigma0A0: density, TEOS-10 [sigma-0, kg/m^3 ]
# name 33 = gsw_ptA0: potential temperature [ITS-90, deg C]
# name 34 = flag: flag
# span 0 =      0.971,     32.752       
# span 1 =     9.3140,    22.6492       
# span 2 =    30.5057,    32.5225       
# span 3 =  1020.6488,  1025.2678       
# span 4 =     2.5397,     4.0757       
# span 5 =     3.9888,     7.0903       
# span 6 =     61.262,    118.052       
# span 7 =   -0.13472,    0.19449       
# span 8 =    5.06493,    6.51208       
# span 9 =    5.05318,    6.51590       
# span 10 =      8.528,      8.916      
# span 11 =     0.1506,     2.0189      
# span 12 =    9.37153,   11.75410      
# span 13 =   3.504471,   4.479509      
# span 14 = 2.1002e-03, 4.0329e+00      
# span 15 =    20.6369,    25.1227      
# span 16 =    20.6367,    25.1221      
# span 17 = 2.1672e-02, 4.5288e+01      
# span 18 =      1.000,     33.000      
# span 19 =          1,          1      
# span 20 =        216,       7948      
# span 21 =    1484.84,    1523.70      
# span 22 = 1.0027e+03, 1.1259e+03      
# span 23 =  46991.328,  51079.377      
# span 24 =      8.960,    331.132      
# span 25 = 1531825270, 1531825592      
# span 26 =      -0.82,       0.51      
# span 27 =     -1.074,      0.911      
# span 28 =   40.42542,   40.42568      
# span 29 =  -72.99868,  -72.99768      
# span 30 =    30.6567,    32.6779      
# span 31 =  1020.6415,  1025.2664      
# span 32 =    20.6371,    25.1167      
# span 33 =     9.3105,    22.6490      
# span 34 = 0.0000e+00, 0.0000e+00      
# interval = decibars: 1                
# start_time = Jul 17 2018 11:01:01 [System UTC, first data scan.]
# bad_flag = -9.990e-29
*END*
[from data line 42]
     21.827    12.3136    32.1714  1024.4333     3.7824     6.2796    103.213   -0.04307    6.08309    6.08102      8.688     1.6067   11.04906   3.741312 4.8988e-02    24.3348    24.3343 5.1400e-01     22.000          1       3794    1494.88 1.0496e+03  50079.503    158.041 1531825419       0.13     -0.548   40.42554  -72.99820    32.3599  1024.4656    24.3672    12.3108 0.0000e+00
     20.855    12.4409    32.0726  1024.3282     3.6345     5.7459     96.081   -0.07162    5.98115    5.97784      8.689     1.7497   10.88090   3.741730 6.6991e-02    24.2341    24.2336 6.9261e-01     21.000          1       3848    1495.18 1.0336e+03  49922.977    160.311 1531825421      -0.18     -0.342   40.42554  -72.99818    32.2546  1024.3559    24.2619    12.4382 0.0000e+00
     19.842    12.6291    32.0240  1024.2500     3.6459     5.9112     99.533   -0.02865    5.93901    5.93524      8.707     1.7858   10.81065   3.754824 8.3856e-02    24.1606    24.1601 8.6718e-01     20.000          1       3868    1495.75 1.0340e+03  49828.425    161.137 1531825422      -0.59     -0.802   40.42554  -72.99818    32.2190  1024.2880    24.1986    12.6265 0.0000e+00
     18.842    12.9577    31.9714  1024.1410     3.6961     6.1944    104.910    0.02441    5.90495    5.90081      8.722     1.9233   10.75418   3.779980 1.0024e-01    24.0562    24.0557 1.0512e+00     19.000          1       3892    1496.78 1.0483e+03  49710.592    162.136 1531825423       0.02     -1.074   40.42554  -72.99818    32.1785  1024.1887    24.1039    12.9552 0.0000e+00
     17.860    13.7225    31.9708  1023.9842     3.8029     6.4648    110.909    0.05942    5.82911    5.82413      8.746     2.0189   10.62855   3.849756 1.2042e-01    23.9041    23.9036 1.2677e+00     18.000          1       3935    1499.30 1.0534e+03  49614.623    163.927 1531825425       0.21     -0.580   40.42554  -72.99817    32.1881  1024.0398    23.9597    13.7200 0.0000e+00
     16.869    14.5424    31.9524  1023.7964     3.9704     6.7172    117.361    0.07186    5.72368    5.71756      8.766     1.8184   10.45409   3.922305 1.6143e-01    23.7210    23.7205 1.6773e+00     17.000          1       3993    1501.94 1.0390e+03  49495.524    166.322 1531825427       0.02     -0.395   40.42554  -72.99816    32.1734  1023.8551    23.7797    14.5399 0.0000e+00
     15.871    15.2715    31.9194  1023.6103     4.0447     6.8226    118.052    0.04089    5.77963    5.77413      8.771     1.8474   10.54638   3.986136 1.9789e-01    23.5396    23.5391 2.0590e+00     16.000          1       4043    1504.21 1.0400e+03  49375.798    168.409 1531825429      -0.10     -0.556   40.42553  -72.99816    32.1512  1023.6776    23.6069    15.2691 0.0000e+00
     14.870    15.6279    31.8955  1023.5097     4.0757     6.6188    116.695    0.00366    5.67226    5.66559      8.753     1.7620   10.36988   4.013057 2.3394e-01    23.4436    23.4431 2.4746e+00     15.000          1       4806    1505.29 1.0576e+03  49307.572    200.217 1531825461      -0.14     -0.773   40.42550  -72.99803    32.1018  1023.5577    23.4915    15.6256 0.0000e+00
     13.903    16.6444    31.6994  1023.1276     4.0248     6.1209    113.515   -0.02078    5.39377    5.38439      8.730     1.4086    9.91064   4.081402 2.8018e-01    23.0660    23.0655 2.9448e+00     14.000          1       5099    1508.21 1.0522e+03  48946.339    212.428 1531825473       0.01     -0.164   40.42550  -72.99799    31.8864  1023.1614    23.0998    16.6422 0.0000e+00
     12.895    17.2917    31.5788  1022.8790     4.0254     6.1432    114.652   -0.00131    5.35814    5.34848      8.733     1.2172    9.85225   4.133559 3.5964e-01    22.8220    22.8215 3.7556e+00     13.000          1       5092    1510.00 1.0442e+03  48732.916    212.128 1531825473      -0.32     -0.708   40.42550  -72.99800    31.8258  1022.9591    22.9021    17.2896 0.0000e+00
     11.907    18.7564    31.4307  1022.4084     3.9887     5.9796    112.303   -0.02179    5.32456    5.31460      8.726     1.1822    9.79754   4.249292 3.8534e-01    22.3561    22.3556 4.0974e+00     12.000          1       5127    1514.14 1.0633e+03  48426.943    213.576 1531825474       0.15     -0.742   40.42548  -72.99798    31.6683  1022.4817    22.4293    18.7544 0.0000e+00
     10.909    19.5528    31.2288  1022.0498     3.9450     5.8711    111.051   -0.01654    5.28783    5.27764      8.741     1.1709    9.73669   4.295304 4.5308e-01    22.0019    22.0014 4.8191e+00     11.000          1       5520    1516.18 1.0638e+03  48109.052    229.945 1531825491      -0.00     -0.476   40.42547  -72.99793    31.4447  1022.1070    22.0592    19.5509 0.0000e+00
      9.932    20.7763    30.9079  1021.4852     3.9927     5.8221    114.323    0.01539    5.09236    5.08073      8.835     1.1164    9.41727   4.370892 5.3152e-01    21.4418    21.4413 5.6348e+00     10.000          1       6921    1519.23 1.0598e+03  47608.380    288.342 1531825549      -0.40     -0.330   40.42542  -72.99773    31.1470  1021.5608    21.5174    20.7744 0.0000e+00
      8.923    21.5490    30.7170  1021.1288     3.9942     5.8000    113.939    0.00643    5.09047    5.07885      8.841     1.0803    9.41399   4.418347 6.5599e-01    21.0899    21.0894 7.0559e+00      9.000          1       6883    1521.09 1.0753e+03  47318.130    286.758 1531825548      -0.21     -0.802   40.42542  -72.99774    30.9625  1021.2095    21.1706    21.5473 0.0000e+00
      7.943    22.2495    30.5493  1020.8065     3.9973     5.7766    113.811    0.00162    5.07559    5.06389      8.845     1.0586    9.38947   4.457974 7.3688e-01    20.7720    20.7716 7.9549e+00      8.000          1       6924    1522.77 1.0795e+03  47062.978    288.439 1531825549       0.23     -0.618   40.42542  -72.99774    30.7712  1020.8696    20.8351    22.2480 0.0000e+00
      6.943    22.3598    30.5410  1020.7652     3.9901     5.7525    113.332   -0.00321    5.07582    5.06412      8.847     1.0786    9.38983   4.465797 9.0939e-01    20.7350    20.7346 9.9182e+00      7.000          1       6956    1523.03 1.0906e+03  47049.085    289.802 1531825551      -0.22     -0.682   40.42542  -72.99774    30.7541  1020.8217    20.7915    22.3584 0.0000e+00
      5.956    22.5350    30.5124  1020.6906     3.9885     5.7471    113.350   -0.00109    5.07022    5.05849      8.848     1.0519    9.38058   4.475712 1.1390e+00    20.6647    20.6644 1.2063e+01      6.000          1       7006    1523.44 1.0592e+03  47003.584    291.893 1531825553       0.22     -0.473   40.42542  -72.99774    30.7073  1020.7333    20.7075    22.5338 0.0000e+00
      4.965    22.5428    30.5102  1020.6824     3.9887     5.7494    113.445    0.00115    5.06807    5.05633 -9.990e-29     1.0411    9.37699   4.474881 1.4035e+00    20.6608    20.6606 1.4849e+01      5.000          1       7045    1523.44 1.0577e+03  47000.113    293.502 1531825554      -0.49     -0.589   40.42542  -72.99774    30.6957  1020.7181    20.6965    22.5418 0.0000e+00
      3.962    22.5835    30.5079  1020.6649     3.9844     5.7294    113.037   -0.00421    5.06860    5.05686 -9.990e-29     1.0181    9.37785   4.477701 1.8231e+00    20.6477    20.6475 1.9460e+01      4.000          1       7073    1523.53 1.0671e+03  46995.544    294.666 1531825555       0.02     -0.876   40.42542  -72.99773    30.6890  1020.6973    20.6801    22.5827 0.0000e+00
      2.984    22.6163    30.5057  1020.6498     3.9853     5.7416    113.313    0.00105    5.06697    5.05523      8.848     1.0227    9.37513   4.479181 2.3228e+00    20.6369    20.6367 2.4977e+01      3.000          1       7114    1523.60 1.0751e+03  46991.328    296.357 1531825557       0.09     -0.559   40.42542  -72.99772    30.6777  1020.6752    20.6623    22.6157 0.0000e+00
      1.970    22.6087    30.5112  1020.6516     3.9844     5.7400    113.260    0.00058    5.06798    5.05625      8.848     1.0089    9.37678   4.477855 3.4233e+00    20.6430    20.6429 3.6896e+01      2.000          1       7251    1523.57 1.0778e+03  46998.473    302.092 1531825563      -0.19     -0.632   40.42542  -72.99771    30.6731  1020.6696    20.6609    22.6083 0.0000e+00
      0.971    22.6492    30.5282  1020.6488     3.9751     5.6714    111.975   -0.02042    5.06493    5.05318 -9.990e-29     1.0424    9.37153   4.479364 4.0329e+00    20.6445    20.6444 4.5288e+01      1.000          1       7948    1523.67 1.1259e+03  47020.901    331.132 1531825592       0.45     -0.680   40.42542  -72.99768    30.6567  1020.6415    20.6371    22.6490 0.0000e+00
