CalculateIndicators/WaterTemperature/Data/CTD_NYOS/NY1807C21.cnv
* Sea-Bird SBE 9 Data File:
* FileName = C:\Seabird 9 CTD\Data\2018\OffshoreCruise201807\NY1807C21.hex
* Software Version Seasave V 7.23.2
* Temperature SN = 4590
* Conductivity SN = 3228
* Number of Bytes Per Scan = 44
* Number of Voltage Words = 5
* Number of Scans Averaged by the Deck Unit = 1
* NMEA Latitude = 39 13.62 N
* NMEA Longitude = 072 33.41 W
* NMEA UTC (Time) = Jul 19 2018  02:54:04
* NMEA baud rate = 4800
** Ship: RV Seawolf
** Station: NY1807C21
** Operator: jdw
# nquan = 35
# nvalues = 265                         
# units = specified
# name 0 = depSM: Depth [salt water, m]
# name 1 = t090C: Temperature [ITS-90, deg C]
# name 2 = sal00: Salinity, Practical [PSU]
# name 3 = density00: Density [density, kg/m^3]
# name 4 = sbeox0V: Oxygen raw, SBE 43 [V]
# name 5 = sbeox0ML/L: Oxygen, SBE 43 [ml/l]
# name 6 = sbeox0PS: Oxygen, SBE 43 [% saturation]
# name 7 = sbox0dV/dT: Oxygen, SBE 43 [dov/dt]
# name 8 = oxsolML/L: Oxygen Saturation, Garcia & Gordon [ml/l]
# name 9 = oxsatML/L: Oxygen Saturation, Weiss [ml/l]
# name 10 = ph: pH
# name 11 = flECO-AFL: Fluorescence, WET Labs ECO-AFL/FL [mg/m^3]
# name 12 = n2satML/L: Nitrogen Saturation [ml/l]
# name 13 = c0S/m: Conductivity [S/m]
# name 14 = cpar: CPAR/Corrected Irradiance [%]
# name 15 = sigma-é00: Density [sigma-theta, kg/m^3]
# name 16 = sigma-t00: Density [sigma-t, kg/m^3 ]
# name 17 = par: PAR/Irradiance, Biospherical/Licor
# name 18 = prDM: Pressure, Digiquartz [db]
# name 19 = pumps: Pump Status
# name 20 = scan: Scan Count
# name 21 = svCM: Sound Velocity [Chen-Millero, m/s]
# name 22 = spar: SPAR, Biospherical/Licor
# name 23 = specc: Specific Conductance [uS/cm]
# name 24 = timeS: Time, Elapsed [seconds]
# name 25 = timeY: Time, System [seconds]
# name 26 = accM: Acceleration [m/s^2]
# name 27 = dz/dtM: Descent Rate [m/s]
# name 28 = latitude: Latitude [deg]
# name 29 = longitude: Longitude [deg]
# name 30 = gsw_saA0: Absolute Salinity [g/kg]
# name 31 = gsw_densityA0: density, TEOS-10 [density, kg/m^3]
# name 32 = gsw_sigma0A0: density, TEOS-10 [sigma-0, kg/m^3 ]
# name 33 = gsw_ptA0: potential temperature [ITS-90, deg C]
# name 34 = flag: flag
# span 0 =      1.979,    132.944       
# span 1 =     9.2376,    23.7410       
# span 2 =    33.8106,    35.5513       
# span 3 =  1022.8328,  1027.4631       
# span 4 =     2.8936,     4.5107       
# span 5 =     4.5336,     6.8748       
# span 6 =     75.727,    134.367       
# span 7 =   -0.09131,    0.12289       
# span 8 =    4.87427,    6.46679       
# span 9 =    4.86250,    6.47133       
# span 10 =      8.684,      9.007      
# span 11 =    -0.0980,     1.3137      
# span 12 =    9.02201,   11.66270      
# span 13 =   3.630243,   5.021592      
# span 14 = -4.152e+03, 9.3451e+04      
# span 15 =    22.8242,    26.8684      
# span 16 =    22.8241,    26.8649      
# span 17 = -1.617e-04, 8.6652e-01      
# span 18 =      2.000,    134.000      
# span 19 =          1,          1      
# span 20 =        202,      15601      
# span 21 =    1486.51,    1530.11      
# span 22 = 3.7453e-01, 4.2255e+00      
# span 23 =  51484.281,  54768.196      
# span 24 =      8.390,    649.987      
# span 25 = 1531968908, 1531969549      
# span 26 =      -0.67,       0.60      
# span 27 =     -1.216,      1.125      
# span 28 =   39.22686,   39.22708      
# span 29 =  -72.55839,  -72.55710      
# span 30 =    33.9781,    35.7201      
# span 31 =  1022.8368,  1027.4674      
# span 32 =    22.8283,    26.8729      
# span 33 =     9.2323,    23.7402      
# span 34 = 0.0000e+00, 0.0000e+00      
# interval = decibars: 1                
# start_time = Jul 19 2018 02:54:59 [System UTC, first data scan.]
# bad_flag = -9.990e-29
*END*
[from data line 166]
     99.213    11.9945    35.2481  1027.2311     2.9108     4.6432     76.794    0.00200    6.04633    6.04620      8.700    -0.0515   10.95186   4.028799 2.5320e-11    26.7854    26.7829 1.0000e-12    100.000          1       8868    1498.76 3.9495e+00  54453.110    369.444 1531969269      -0.02     -0.820   39.22690  -72.55790    35.4108  1027.2318    26.7861    11.9815 0.0000e+00
     98.227    11.9695    35.2368  1027.2227     2.9118     4.6393     76.730    0.00084    6.04624    6.04610      8.699    -0.0561   10.95169   4.025266 2.5320e-11    26.7814    26.7789 1.0000e-12     99.000          1       8905    1498.64 3.9495e+00  54441.015    371.018 1531969270       0.16     -0.664   39.22690  -72.55792    35.4004  1027.2241    26.7828    11.9566 0.0000e+00
     97.234    11.9697    35.2337  1027.2158     2.9119     4.6359     76.688    0.00027    6.04511    6.04496      8.700    -0.0608   10.94980   4.025078 2.5320e-11    26.7790    26.7765 1.0000e-12     98.000          1       8939    1498.62 3.9495e+00  54436.206    372.402 1531969272      -0.22     -0.656   39.22690  -72.55792    35.3988  1027.2183    26.7815    11.9570 0.0000e+00
     96.241    11.9684    35.2337  1027.2115     2.9082     4.6245     76.458   -0.00080    6.04839    6.04828      8.699    -0.0669   10.95533   4.024869 2.5320e-11    26.7791    26.7767 1.0000e-12     97.000          1       8990    1498.60 3.9495e+00  54435.589    374.534 1531969274      -0.00     -0.459   39.22690  -72.55792    35.3984  1027.2137    26.7814    11.9558 0.0000e+00
     95.258    11.9711    35.2352  1027.2077     2.9090     4.6339     76.580    0.00057    6.05102    6.05094      8.698    -0.0611   10.95975   4.024950 2.5320e-11    26.7798    26.7774 1.0000e-12     96.000          1       9038    1498.59 3.9495e+00  54436.752    376.537 1531969276      -0.67     -0.497   39.22690  -72.55792    35.3971  1027.2078    26.7799    11.9586 0.0000e+00
     94.251    11.9468    35.2262  1027.2010     2.9095     4.6388     76.641    0.00117    6.05263    6.05256 -9.990e-29    -0.0625   10.96245   4.021846 2.5320e-11    26.7774    26.7751 1.0000e-12     95.000          1       9057    1498.48 3.9495e+00  54427.748    377.347 1531969276      -0.45     -1.008   39.22690  -72.55793    35.3902  1027.2026    26.7791    11.9344 0.0000e+00
     93.257    11.9400    35.2233  1027.1955     2.9085     4.6293     76.484   -0.00031    6.05263    6.05257 -9.990e-29    -0.0603   10.96247   4.020972 2.5320e-11    26.7765    26.7741 1.0000e-12     94.000          1       9084    1498.44 3.9495e+00  54424.259    378.465 1531969278       0.21     -1.037   39.22690  -72.55794    35.3884  1027.1981    26.7790    11.9278 0.0000e+00
     92.278    11.9278    35.2195  1027.1904     2.9093     4.6362     76.557    0.00041    6.05586    6.05583      8.698    -0.0505   10.96791   4.019341 2.5320e-11    26.7758    26.7735 1.0000e-12     93.000          1       9132    1498.38 3.9495e+00  54420.337    380.440 1531969280       0.14     -0.457   39.22690  -72.55794    35.3844  1027.1929    26.7782    11.9157 0.0000e+00
     91.278    11.9199    35.2159  1027.1847     2.9107     4.6420     76.629    0.00081    6.05782    6.05782      8.698    -0.0598   10.97121   4.018070 2.5320e-11    26.7745    26.7722 1.0000e-12     92.000          1       9168    1498.33 3.9495e+00  54416.112    381.939 1531969281      -0.20     -0.637   39.22690  -72.55794    35.3798  1027.1864    26.7762    11.9080 0.0000e+00
     90.290    11.9003    35.2074  1027.1774     2.9118     4.6448     76.647    0.00071    6.06009    6.06011      8.698    -0.0642   10.97506   4.015355 2.5320e-11    26.7716    26.7694 1.0000e-12     91.000          1       9212    1498.24 3.9495e+00  54406.960    383.786 1531969283       0.16     -0.558   39.22690  -72.55794    35.3723  1027.1798    26.7740    11.8885 0.0000e+00
     89.301    11.8843    35.2010  1027.1711     2.9116     4.6417     76.538   -0.00041    6.06461    6.06467      8.698    -0.0429   10.98268   4.013028 2.5320e-11    26.7697    26.7675 1.0000e-12     90.000          1       9256    1498.16 3.9495e+00  54400.216    385.611 1531969285      -0.15     -0.534   39.22690  -72.55794    35.3650  1027.1728    26.7714    11.8726 0.0000e+00
     88.306    11.8715    35.1960  1027.1651     2.9142     4.6576     76.762    0.00137    6.06757    6.06767      8.698    -0.0595   10.98770   4.011279 2.5320e-11    26.7682    26.7660 1.0000e-12     89.000          1       9285    1498.09 3.9495e+00  54394.765    386.834 1531969286      -0.18     -0.744   39.22690  -72.55794    35.3604  1027.1672    26.7702    11.8600 0.0000e+00
     87.309    11.8552    35.1879  1027.1575     2.9180     4.6758     77.022    0.00305    6.07078    6.07092      8.699    -0.0603   10.99308   4.008658 2.5320e-11    26.7649    26.7628 1.0000e-12     88.000          1       9314    1498.01 3.9495e+00  54385.619    388.043 1531969287       0.04     -0.856   39.22690  -72.55795    35.3505  1027.1582    26.7657    11.8439 0.0000e+00
     86.322    11.8239    35.1724  1027.1470     2.9224     4.6857     77.149    0.00277    6.07354    6.07372      8.699    -0.0620   10.99771   4.004081 2.5320e-11    26.7588    26.7567 1.0000e-12     87.000          1       9352    1497.87 3.9495e+00  54368.755    389.620 1531969289       0.10     -0.642   39.22690  -72.55796    35.3356  1027.1482    26.7601    11.8127 0.0000e+00
     85.327    11.7981    35.1662  1027.1426     2.9237     4.6849     77.049    0.00101    6.08045    6.08070      8.699    -0.0639   11.00946   4.000884 2.5320e-11    26.7589    26.7568 1.0000e-12     86.000          1       9395    1497.75 3.9495e+00  54363.940    391.402 1531969291       0.11     -0.576   39.22688  -72.55796    35.3291  1027.1436    26.7599    11.7870 0.0000e+00
     84.350    11.7469    35.1427  1027.1297     2.9292     4.7233     77.393    0.00310    6.10299    6.10349      8.700    -0.0491   11.04741   3.993331 2.5320e-11    26.7502    26.7482 1.0000e-12     85.000          1       9447    1497.54 3.9495e+00  54339.461    393.584 1531969293      -0.17     -0.374   39.22688  -72.55796    35.3037  1027.1292    26.7499    11.7360 0.0000e+00
     83.343    11.7418    35.1345  1027.1197     2.9319     4.7389     77.451    0.00266    6.11856    6.11923      8.699    -0.0595   11.07373   3.992185 2.5320e-11    26.7448    26.7428 1.0000e-12     84.000          1       9470    1497.49 3.9495e+00  54328.121    394.538 1531969294      -0.44     -0.793   39.22688  -72.55796    35.2977  1027.1210    26.7461    11.7310 0.0000e+00
     82.348    11.6676    35.1002  1027.1027     2.9375     4.7618     77.749    0.00393    6.12449    6.12523      8.699    -0.0614   11.08379   3.980323 2.5320e-11    26.7321    26.7301 1.0000e-12     83.000          1       9496    1497.18 3.9495e+00  54292.631    395.608 1531969295       0.05     -0.994   39.22688  -72.55796    35.2514  1027.0949    26.7243    11.6570 0.0000e+00
     81.359    11.5175    35.0455  1027.0841     2.9504     4.8174     78.550    0.00836    6.13285    6.13366      8.699    -0.0585   11.09801   3.960352 2.5320e-11    26.7176    26.7157 1.0000e-12     82.000          1       9530    1496.58 3.9495e+00  54241.822    397.052 1531969296       0.16     -0.740   39.22688  -72.55796    35.1968  1027.0765    26.7100    11.5071 0.0000e+00
     80.369    11.4120    34.9883  1027.0549     2.9678     4.8587     79.174    0.00865    6.13673    6.13759      8.698    -0.0566   11.10462   3.944606 2.5320e-11    26.6927    26.6908 1.0000e-12     81.000          1       9579    1496.13 3.9495e+00  54180.154    399.066 1531969298       0.10     -0.496   39.22688  -72.55797    35.1412  1027.0487    26.6866    11.4019 0.0000e+00
     79.378    11.3549    34.9501  1027.0314     2.9794     4.8725     79.328    0.00556    6.14218    6.14310      8.697    -0.0481   11.11383   3.935718 2.5320e-11    26.6736    26.6717 1.0000e-12     80.000          1       9627    1495.87 3.9495e+00  54136.564    401.103 1531969300      -0.13     -0.479   39.22688  -72.55798    35.1076  1027.0289    26.6711    11.3449 0.0000e+00
     78.386    11.3463    34.9463  1027.0255     2.9825     4.8680     79.156    0.00209    6.14989    6.15089 -9.990e-29    -0.0402   11.12690   3.934519 2.5320e-11    26.6721    26.6703 1.0000e-12     79.000          1       9667    1495.82 3.9495e+00  54132.019    402.757 1531969302       0.04     -0.607   39.22688  -72.55798    35.1043  1027.0234    26.6701    11.3365 0.0000e+00
     77.393    11.2975    34.9234  1027.0123     2.9884     4.8875     79.488    0.00361    6.14870    6.14969 -9.990e-29    -0.0461   11.12489   3.927170 2.5320e-11    26.6633    26.6615 1.0000e-12     78.000          1       9706    1495.60 3.9495e+00  54108.270    404.391 1531969304      -0.09     -0.597   39.22688  -72.55798    35.0780  1027.0076    26.6586    11.2878 0.0000e+00
     76.389    11.2491    34.8942  1026.9940     2.9950     4.8999     79.621    0.00245    6.15394    6.15498      8.696    -0.0487   11.13378   3.920357 2.5320e-11    26.6494    26.6477 1.0000e-12     77.000          1      10312    1495.38 3.9495e+00  54075.499    429.626 1531969329      -0.08     -0.615   39.22688  -72.55802    35.0565  1026.9955    26.6509    11.2395 0.0000e+00
     75.418    11.2306    34.8841  1026.9852     2.9983     4.9055     79.566    0.00071    6.16533    6.16650      8.695    -0.0541   11.15308   3.917655 2.5320e-11    26.6449    26.6432 1.0000e-12     76.000          1      10729    1495.29 3.9495e+00  54064.213    447.013 1531969346       0.03     -0.472   39.22688  -72.55804    35.0477  1026.9876    26.6474    11.2211 0.0000e+00
     74.424    11.2118    34.8729  1026.9755     3.0015     4.9252     79.814    0.00246    6.17084    6.17206      8.695    -0.0388   11.16243   3.914535 2.5320e-11    26.6397    26.6380 1.0000e-12     75.000          1      10729    1495.20 3.9495e+00  54051.375    447.016 1531969346      -0.41     -0.707   39.22688  -72.55806    35.0348  1026.9765    26.6408    11.2025 0.0000e+00
     73.417    11.1899    34.8638  1026.9679     3.0045     4.9407     79.964    0.00304    6.17867    6.17998      8.694    -0.0443   11.17568   3.911422 2.5320e-11    26.6366    26.6349 1.0000e-12     74.000          1      10750    1495.09 3.9495e+00  54042.085    447.875 1531969347      -0.29     -1.045   39.22686  -72.55806    35.0250  1026.9685    26.6372    11.1807 0.0000e+00
     72.427    11.1564    34.8427  1026.9531     3.0101     4.9580     80.228    0.00392    6.17991    6.18123      8.695    -0.0510   11.17776   3.905880 2.5320e-11    26.6262    26.6246 1.0000e-12     73.000          1      10780    1494.93 3.9495e+00  54018.004    449.134 1531969348       0.28     -0.934   39.22686  -72.55806    35.0019  1026.9523    26.6255    11.1474 0.0000e+00
     71.440    11.0800    34.8039  1026.9325     3.0237     5.0065     80.925    0.00675    6.18658    6.18796      8.696    -0.0520   11.18915   3.894648 2.5320e-11    26.6099    26.6083 1.0000e-12     72.000          1      10830    1494.60 3.9495e+00  53977.155    451.191 1531969350       0.08     -0.489   39.22686  -72.55806    34.9627  1026.9314    26.6089    11.0712 0.0000e+00
     70.455    11.0638    34.7859  1026.9169     3.0320     5.0179     80.866    0.00260    6.20520    6.20677      8.698    -0.0429   11.22090   3.891167 2.5320e-11    26.5988    26.5972 1.0000e-12     71.000          1      10885    1494.51 3.9495e+00  53954.431    453.506 1531969353      -0.04     -0.408   39.22688  -72.55806    34.9437  1026.9152    26.5971    11.0550 0.0000e+00
     69.463    10.9769    34.7406  1026.8931     3.0421     5.0628     81.552    0.00677    6.20800    6.20959      8.698    -0.0432   11.22568   3.878039 2.5320e-11    26.5793    26.5777 1.0000e-12     70.000          1      10917    1494.13 3.9495e+00  53906.376    454.814 1531969354      -0.31     -0.665   39.22688  -72.55806    34.8952  1026.8890    26.5752    10.9683 0.0000e+00
     68.463    10.9343    34.7022  1026.8663     3.0501     5.0912     81.992    0.00878    6.20934    6.21096      8.699    -0.0478   11.22794   3.870197 2.5320e-11    26.5570    26.5554 1.0000e-12     69.000          1      10939    1493.92 3.9495e+00  53859.979    455.730 1531969355      -0.28     -0.950   39.22688  -72.55806    34.8574  1026.8629    26.5535    10.9259 0.0000e+00
     67.464    10.9069    34.6788  1026.8486     3.0584     5.1037     82.200    0.00785    6.20891    6.21051      8.698    -0.0294   11.22724   3.865407 2.5320e-11    26.5437    26.5422 1.0000e-12     68.000          1      10965    1493.78 3.9495e+00  53831.956    456.834 1531969356       0.15     -1.009   39.22686  -72.55806    34.8358  1026.8466    26.5416    10.8986 0.0000e+00
     66.486    10.8834    34.6653  1026.8379     3.0689     5.1184     82.421    0.00607    6.21009    6.21171      8.699    -0.0276   11.22923   3.862000 2.5320e-11    26.5373    26.5359 1.0000e-12     67.000          1      11009    1493.67 3.9495e+00  53816.767    458.665 1531969358       0.13     -0.500   39.22686  -72.55808    34.8243  1026.8375    26.5370    10.8752 0.0000e+00
     65.489    10.8802    34.6604  1026.8301     3.0708     5.1201     82.098    0.00137    6.23651    6.23841      8.700    -0.0231   11.27410   3.861223 2.5320e-11    26.5341    26.5326 1.0000e-12     66.000          1      11060    1493.63 3.9495e+00  53809.966    460.807 1531969360       0.03     -0.418   39.22687  -72.55808    34.8200  1026.8302    26.5341    10.8722 0.0000e+00
     64.508    10.8030    34.6165  1026.8054     3.0809     5.1817     82.803    0.00575    6.25789    6.26001      8.699    -0.0255   11.31044   3.848228 2.5320e-11    26.5136    26.5122 1.0000e-12     65.000          1      11109    1493.29 3.9495e+00  53762.339    462.828 1531969362      -0.65     -0.438   39.22688  -72.55808    34.7630  1026.7954    26.5037    10.7952 0.0000e+00
     63.496    10.7357    34.5722  1026.7784     3.0902     5.2178     83.460    0.00992    6.25184    6.25389      8.699    -0.0147   11.30016   3.837582 2.5320e-11    26.4911    26.4897 1.0000e-12     64.000          1      11128    1492.98 3.9495e+00  53712.436    463.615 1531969363      -0.52     -0.986   39.22688  -72.55808    34.7201  1026.7697    26.4824    10.7280 0.0000e+00
     62.506    10.6362    34.5088  1026.7423     3.1021     5.2477     83.952    0.01093    6.25080    6.25284      8.700    -0.0214   11.29843   3.821970 2.5320e-11    26.4593    26.4580 1.0000e-12     63.000          1      11154    1492.54 3.9495e+00  53641.804    464.715 1531969364       0.22     -1.061   39.22688  -72.55808    34.6574  1026.7343    26.4513    10.6287 0.0000e+00
     61.523    10.5876    34.4820  1026.7255     3.1102     5.2477     83.911    0.00695    6.25390    6.25597      8.700    -0.0152   11.30369   3.815702 2.5320e-11    26.4469    26.4456 1.0000e-12     62.000          1      11190    1492.32 3.9495e+00  53612.963    466.201 1531969365       0.09     -0.663   39.22687  -72.55809    34.6406  1026.7254    26.4468    10.5803 0.0000e+00
     60.527    10.6118    34.4926  1026.7250     3.1138     5.2472     83.631    0.00204    6.27427    6.27655      8.701    -0.0110   11.33846   3.818858 3.6171e-11    26.4509    26.4496 1.0000e-12     61.000          1      11237    1492.40 3.1032e+00  53622.546    468.178 1531969367       0.17     -0.499   39.22687  -72.55810    34.6500  1026.7239    26.4499    10.6046 0.0000e+00
     59.546    10.5382    34.4365  1026.6899     3.1289     5.3241     84.647    0.00812    6.28978    6.29221      8.702    -0.0048   11.36490   3.804856 2.4864e-11    26.4201    26.4189 1.0000e-12     60.000          1      11291    1492.05 3.9851e+00  53557.413    470.413 1531969370      -0.46     -0.396   39.22688  -72.55810    34.5786  1026.6770    26.4073    10.5311 0.0000e+00
