CalculateIndicators/WaterTemperature/Data/CTD_NYOS/NY1807C17.cnv
* Sea-Bird SBE 9 Data File:
* FileName = C:\Seabird 9 CTD\Data\2018\OffshoreCruise201807\NY1807C17.hex
* Software Version Seasave V 7.23.2
* Temperature SN = 4590
* Conductivity SN = 3228
* Number of Bytes Per Scan = 44
* Number of Voltage Words = 5
* Number of Scans Averaged by the Deck Unit = 1
* NMEA Latitude = 39 34.19 N
* NMEA Longitude = 073 22.57 W
* NMEA UTC (Time) = Jul 18 2018  05:09:39
* NMEA baud rate = 4800
** Ship: RV Seawolf
** Station: NY1807C17
** Operator: jdw
# nquan = 35
# nvalues = 58                          
# units = specified
# name 0 = depSM: Depth [salt water, m]
# name 1 = t090C: Temperature [ITS-90, deg C]
# name 2 = sal00: Salinity, Practical [PSU]
# name 3 = density00: Density [density, kg/m^3]
# name 4 = sbeox0V: Oxygen raw, SBE 43 [V]
# name 5 = sbeox0ML/L: Oxygen, SBE 43 [ml/l]
# name 6 = sbeox0PS: Oxygen, SBE 43 [% saturation]
# name 7 = sbox0dV/dT: Oxygen, SBE 43 [dov/dt]
# name 8 = oxsolML/L: Oxygen Saturation, Garcia & Gordon [ml/l]
# name 9 = oxsatML/L: Oxygen Saturation, Weiss [ml/l]
# name 10 = ph: pH
# name 11 = flECO-AFL: Fluorescence, WET Labs ECO-AFL/FL [mg/m^3]
# name 12 = n2satML/L: Nitrogen Saturation [ml/l]
# name 13 = c0S/m: Conductivity [S/m]
# name 14 = cpar: CPAR/Corrected Irradiance [%]
# name 15 = sigma-é00: Density [sigma-theta, kg/m^3]
# name 16 = sigma-t00: Density [sigma-t, kg/m^3 ]
# name 17 = par: PAR/Irradiance, Biospherical/Licor
# name 18 = prDM: Pressure, Digiquartz [db]
# name 19 = pumps: Pump Status
# name 20 = scan: Scan Count
# name 21 = svCM: Sound Velocity [Chen-Millero, m/s]
# name 22 = spar: SPAR, Biospherical/Licor
# name 23 = specc: Specific Conductance [uS/cm]
# name 24 = timeS: Time, Elapsed [seconds]
# name 25 = timeY: Time, System [seconds]
# name 26 = accM: Acceleration [m/s^2]
# name 27 = dz/dtM: Descent Rate [m/s]
# name 28 = latitude: Latitude [deg]
# name 29 = longitude: Longitude [deg]
# name 30 = gsw_saA0: Absolute Salinity [g/kg]
# name 31 = gsw_densityA0: density, TEOS-10 [density, kg/m^3]
# name 32 = gsw_sigma0A0: density, TEOS-10 [sigma-0, kg/m^3 ]
# name 33 = gsw_ptA0: potential temperature [ITS-90, deg C]
# name 34 = flag: flag
# span 0 =      0.993,     29.782       
# span 1 =     8.6623,    23.7661       
# span 2 =    31.0600,    32.7108       
# span 3 =  1020.7388,  1025.3849       
# span 4 =     2.7657,     4.1190       
# span 5 =     4.4081,     7.3655       
# span 6 =     67.377,    121.210       
# span 7 =   -0.19921,    0.24318       
# span 8 =    4.95015,    6.60113       
# span 9 =    4.93806,    6.60625       
# span 10 =      8.594,      8.903      
# span 11 =     0.0982,     0.8759      
# span 12 =    9.17493,   11.90067      
# span 13 =   3.450913,   4.656751      
# span 14 = 2.5034e-11, 9.8798e+00      
# span 15 =    20.7336,    25.2518      
# span 16 =    20.7333,    25.2514      
# span 17 = 1.0000e-12, 3.9004e-01      
# span 18 =      1.000,     30.000      
# span 19 =          1,          1      
# span 20 =         91,       7467      
# span 21 =    1482.42,    1527.26      
# span 22 = 3.9495e+00, 3.9495e+00      
# span 23 =  47729.886,  51266.196      
# span 24 =      3.759,    311.063      
# span 25 = 1531890621, 1531890928      
# span 26 =      -0.36,       0.38      
# span 27 =     -1.051,      0.940      
# span 28 =   39.56984,   39.57000      
# span 29 =  -73.37616,  -73.37541      
# span 30 =    31.2110,    32.8338      
# span 31 =  1020.7427,  1025.3862      
# span 32 =    20.7382,    25.2497      
# span 33 =     8.6593,    23.7650      
# span 34 = 0.0000e+00, 0.0000e+00      
# interval = decibars: 1                
# start_time = Jul 18 2018 05:10:17 [System UTC, first data scan.]
# bad_flag = -9.990e-29
*END*
      1.983    23.7654    31.0664  1020.7432     3.8428     5.3634    108.347    0.00112    4.95025    4.93816      8.899     0.4907    9.17511   4.656291 2.5330e-11    20.7347    20.7345 1.0000e-12      2.000          1         91    1527.14 3.9495e+00  47736.189      3.759 1531890621       0.25      0.020   39.56984  -73.37616    31.2136  1020.7475    20.7390    23.7650 0.0000e+00
      2.980    23.7650    31.0666  1020.7479     3.8458     5.3716    108.513    0.00183    4.95024    4.93815      8.901     0.4815    9.17509   4.656336 2.5222e-11    20.7350    20.7348 1.0000e-12      3.000          1        295    1527.16 3.9495e+00  47736.959     12.265 1531890629       0.05      0.399   39.56984  -73.37613    31.2139  1020.7522    20.7393    23.7644 0.0000e+00
      3.959    23.7650    31.0671  1020.7525     3.8435     5.3586    108.251   -0.00294    4.95017    4.93807      8.901     0.4745    9.17496   4.656432 2.5034e-11    20.7354    20.7352 1.0000e-12      4.000          1        383    1527.18 3.9495e+00  47737.923     15.933 1531890633       0.38      0.282   39.56984  -73.37612    31.2143  1020.7569    20.7397    23.7642 0.0000e+00
      4.967    23.7653    31.0671  1020.7569     3.8421     5.3613    108.305   -0.00068    4.95015    4.93806      8.903     0.4891    9.17493   4.656504 2.5316e-11    20.7354    20.7351 1.0000e-12      5.000          1        408    1527.19 3.9495e+00  47738.383     16.942 1531890634       0.32      0.802   39.56984  -73.37612    31.2144  1020.7612    20.7398    23.7643 0.0000e+00
      5.957    23.7658    31.0674  1020.7613     3.8464     5.3749    108.581    0.00188    4.95019    4.93809      8.903     0.4846    9.17499   4.656636 2.5320e-11    20.7356    20.7352 1.0000e-12      6.000          1        443    1527.21 3.9495e+00  47739.222     18.404 1531890636      -0.20      0.752   39.56984  -73.37612    31.2148  1020.7657    20.7399    23.7646 0.0000e+00
      6.941    23.7661    31.0677  1020.7657     3.8409     5.3564    108.200   -0.00297    4.95044    4.93835      8.903     0.4639    9.17540   4.656744 2.5055e-11    20.7358    20.7353 1.0000e-12      7.000          1        488    1527.23 3.9495e+00  47740.017     20.277 1531890637       0.05      0.498   39.56984  -73.37612    31.2150  1020.7701    20.7401    23.7647 0.0000e+00
      7.939    23.7655    31.0679  1020.7705     3.8404     5.3591    108.196   -0.00284    4.95315    4.94107      8.903     0.4924    9.17981   4.656751 2.5049e-11    20.7362    20.7357 1.0000e-12      8.000          1        518    1527.25 3.9495e+00  47740.715     21.541 1531890639       0.22      0.715   39.56984  -73.37611    31.2152  1020.7748    20.7405    23.7639 0.0000e+00
      8.936    23.7638    31.0686  1020.7758     3.8435     5.4075    108.571    0.00295    4.98061    4.96865      8.901     0.4887    9.22478   4.656688 2.5310e-11    20.7372    20.7367 1.0000e-12      9.000          1        548    1527.26 3.9495e+00  47742.051     22.803 1531890640      -0.06      0.825   39.56984  -73.37610    31.2157  1020.7800    20.7414    23.7619 0.0000e+00
      9.919    23.7287    31.0789  1020.7981     3.8354     5.4813    107.908   -0.00535    5.07960    5.06816      8.896     0.5060    9.38726   4.654440 2.5320e-11    20.7552    20.7546 1.0000e-12     10.000          1        589    1527.20 3.9495e+00  47757.315     24.487 1531890642      -0.09      0.588   39.56984  -73.37610    31.2231  1020.8001    20.7572    23.7266 0.0000e+00
     10.915    23.3987    31.1577  1020.9568     3.8510     5.6146    108.970    0.00547    5.15230    5.14129      8.882     0.5202    9.50734   4.631368 2.5320e-11    20.9096    20.9089 1.0000e-12     11.000          1        621    1526.46 3.9495e+00  47873.168     25.815 1531890643       0.20      0.694   39.56984  -73.37610    31.2816  1020.9434    20.8961    23.3965 0.0000e+00
     11.912    22.5632    31.3405  1021.3355     3.8957     5.8417    111.858    0.03158    5.22225    5.21170      8.873     0.5420    9.62324   4.572619 2.5320e-11    21.2838    21.2832 1.0000e-12     12.000          1        650    1524.52 3.9495e+00  48145.964     27.055 1531890644      -0.02      0.825   39.56984  -73.37610    31.4292  1021.2951    21.2435    22.5608 0.0000e+00
     12.898    21.4349    31.5153  1021.7833     3.9265     6.0185    112.535    0.02269    5.34825    5.33868      8.870     0.6320    9.83142   4.488950 2.5320e-11    21.7272    21.7266 1.0000e-12     13.000          1        688    1521.74 3.9495e+00  48422.260     28.618 1531890646      -0.09      0.646   39.56984  -73.37610    31.5977  1021.7381    21.6819    21.4324 0.0000e+00
     13.894    20.6503    31.5654  1022.0354     3.9299     6.0727    111.615    0.00326    5.44080    5.43201      8.866     0.7847    9.98459   4.420033 2.5320e-11    21.9747    21.9740 1.0000e-12     14.000          1        721    1519.67 3.9495e+00  48522.461     29.996 1531890647       0.09      0.703   39.56984  -73.37610    31.6307  1021.9771    21.9164    20.6478 0.0000e+00
     14.885    19.2438    31.7308  1022.5279     3.9517     6.3965    113.021    0.01353    5.65973    5.65310      8.869     0.8528   10.34579   4.305841 2.5320e-11    22.4626    22.4619 1.0000e-12     15.000          1        761    1515.93 3.9495e+00  48819.139     31.657 1531890649      -0.14      0.628   39.56984  -73.37610    31.7627  1022.4437    22.3784    19.2412 0.0000e+00
     15.870    18.1697    31.8210  1022.8685     3.9507     6.5044    111.602   -0.00854    5.82791    5.82313      8.882     0.8759   10.62239   4.217225 2.5320e-11    22.7986    22.7979 1.0000e-12     16.000          1        800    1512.94 3.9495e+00  49005.989     33.283 1531890650       0.20      0.561   39.56984  -73.37610    31.8504  1022.7820    22.7121    18.1670 0.0000e+00
     16.871    16.5620    32.0121  1023.3968     3.9799     6.7585    114.617    0.02072    5.89654    5.89259      8.893     0.8508   10.73514   4.082853 2.5320e-11    23.3221    23.3215 1.0000e-12     17.000          1        825    1508.34 3.9495e+00  49391.232     34.325 1531890651       0.25      0.850   39.56984  -73.37608    31.9646  1023.2506    23.1758    16.5593 0.0000e+00
     17.868    15.3256    32.2092  1023.8302     4.0068     6.9108    116.007    0.02643    5.95724    5.95404      8.903     0.8125   10.83473   3.995891 2.5320e-11    23.7507    23.7501 1.0000e-12     18.000          1        852    1504.75 3.9495e+00  49773.402     35.455 1531890653      -0.07      0.935   39.56984  -73.37608    32.1940  1023.7073    23.6278    15.3229 0.0000e+00
     18.857    14.1560    32.4154  1024.2423     4.0012     6.9265    114.103    0.00158    6.07084    6.06899      8.900     0.7200   11.02293   3.913009 2.5320e-11    24.1580    24.1575 1.0000e-12     19.000          1        893    1501.26 3.9495e+00  50184.209     37.164 1531890654      -0.18      0.631   39.56986  -73.37608    32.4100  1024.1255    24.0412    14.1533 0.0000e+00
     19.838    13.0807    32.5584  1024.5758     3.9518     6.7879    110.109   -0.02923    6.16450    6.16387      8.891     0.6235   11.17687   3.831454 2.5320e-11    24.4867    24.4862 1.0000e-12     20.000          1        944    1497.90 3.9495e+00  50514.029     39.284 1531890657       0.09      0.423   39.56986  -73.37606    32.5604  1024.4634    24.3742    13.0780 0.0000e+00
     20.838    12.4949    32.5273  1024.6697     3.9580     6.9511    112.081   -0.00643    6.20158    6.20149      8.896     0.5990   11.23732   3.772796 2.5320e-11    24.5759    24.5753 1.0000e-12     21.000          1        972    1495.90 3.9495e+00  50550.868     40.443 1531890658       0.32      0.733   39.56986  -73.37606    32.5056  1024.5388    24.4449    12.4922 0.0000e+00
     21.835    11.9292    32.5816  1024.8236     3.9487     7.1672    112.715    0.00487    6.35906    6.36095      8.876     0.5406   11.49899   3.733526 2.5320e-11    24.7249    24.7244 1.0000e-12     22.000          1        997    1494.06 3.9495e+00  50709.470     41.505 1531890659       0.05      0.940   39.56986  -73.37606    32.6187  1024.7373    24.6387    11.9265 0.0000e+00
     22.824    11.7747    32.7108  1024.9570     3.7753     6.3535     98.533   -0.09234    6.44941    6.45247      8.851     0.4874   11.64921   3.732585 2.5072e-11    24.8539    24.8534 1.0000e-12     23.000          1       1028    1493.69 3.9495e+00  50914.379     42.811 1531890660      -0.15      0.818   39.56986  -73.37606    32.7448  1024.8678    24.7647    11.7719 0.0000e+00
     23.818    10.4693    32.6599  1025.1522     3.4003     4.9520     76.177   -0.19921    6.50314    6.50688      8.822     0.3212   11.73872   3.606092 2.5295e-11    25.0439    25.0435 1.0000e-12     24.000          1       1070    1489.04 3.9495e+00  51064.026     44.554 1531890662      -0.18      0.606   39.56986  -73.37606    32.6489  1025.0274    24.9191    10.4665 0.0000e+00
     24.807     9.4082    32.5547  1025.2531     2.9928     4.4081     67.377   -0.13404    6.54235    6.54662      8.691     0.1196   11.80375   3.506092 2.5320e-11    25.1397    25.1393 1.0000e-12     25.000          1       1136    1485.11 3.9495e+00  51112.660     47.284 1531890664       0.03      0.343   39.56986  -73.37606    32.5899  1025.1637    25.0503     9.4055 0.0000e+00
     25.794     9.1987    32.5255  1025.2683     2.8486     4.5124     68.774   -0.05917    6.56123    6.56578      8.659     0.0982   11.83486   3.487697 2.5320e-11    25.1503    25.1499 1.0000e-12     26.000          1       1187    1484.32 3.9495e+00  51114.517     49.412 1531890667       0.22      0.449   39.56986  -73.37606    32.5902  1025.2018    25.0837     9.1960 0.0000e+00
     26.799     9.0684    32.5428  1025.3069     2.8239     4.6284     70.400   -0.03052    6.57441    6.57914      8.661     0.1143   11.85662   3.478983 2.5320e-11    25.1843    25.1838 1.0000e-12     27.000          1       1217    1483.88 3.9495e+00  51166.396     50.650 1531890668       0.10      0.755   39.56986  -73.37605    32.6184  1025.2487    25.1260     9.0656 0.0000e+00
     27.784     8.8618    32.5510  1025.3500     2.7896     4.7017     71.294   -0.00671    6.59490    6.59993      8.662     0.1359   11.89044   3.464344 2.5320e-11    25.2227    25.2222 1.0000e-12     28.000          1       1311    1483.14 3.9495e+00  51222.140     54.585 1531890672      -0.09      0.195   39.56986  -73.37604    32.6549  1025.3137    25.1864     8.8589 0.0000e+00
     28.777     8.7151    32.5595  1025.3838     2.7810     4.7214     71.524   -0.00078    6.60113    6.60625 -9.990e-29     0.1040   11.90067   3.453831 2.5320e-11    25.2518    25.2514 1.0000e-12     29.000          1       1390    1482.62 3.9495e+00  51266.196     57.869 1531890675       0.26      0.457   39.56986  -73.37604    32.6794  1025.3598    25.2279     8.7122 0.0000e+00
     29.782     8.6623    32.5447  1025.3849     2.7790     4.7302     71.663    0.00167    6.60057    6.60565      8.620     0.1106   11.90011   3.450913 2.5231e-11    25.2483    25.2478 1.0000e-12     30.000          1       2092    1482.42 3.9495e+00  51257.498     87.122 1531890704      -0.26      0.259   39.56989  -73.37596    32.6971  1025.3862    25.2497     8.6593 0.0000e+00
     28.775     8.7026    32.5330  1025.3650     2.7740     4.6961     71.197   -0.00154    6.59595    6.60096      8.606     0.1007   11.89262   3.453541 2.5134e-11    25.2330    25.2325 1.0000e-12     29.000          1       2329    1482.54 3.9495e+00  51231.398     97.010 1531890714      -0.21     -0.436   39.56990  -73.37592    32.6880  1025.3684    25.2365     8.6996 0.0000e+00
     27.787     8.7580    32.5190  1025.3409     2.7685     4.6635     71.037   -0.00087    6.56490    6.56943      8.599     0.1040   11.84172   3.457233 2.5211e-11    25.2135    25.2131 1.0000e-12     28.000          1       2446    1482.71 3.9495e+00  51199.005    101.866 1531890719      -0.07     -0.215   39.56990  -73.37592    32.6760  1025.3460    25.2186     8.7552 0.0000e+00
     26.791     8.9326    32.4886  1025.2856     2.7699     4.6548     71.186    0.00057    6.53893    6.54308      8.597     0.1054   11.79901   3.470394 2.5314e-11    25.1629    25.1625 1.0000e-12     27.000          1       2505    1483.31 3.9495e+00  51118.118    104.343 1531890722       0.03     -0.464   39.56990  -73.37591    32.6535  1025.2971    25.1744     8.9298 0.0000e+00
     25.804     9.1030    32.4642  1025.2355     2.7657     4.6216     70.767   -0.00248    6.53074    6.53478      8.596     0.1203   11.78540   3.483049 2.5320e-11    25.1174    25.1169 1.0000e-12     26.000          1       2560    1483.89 3.9495e+00  51047.255    106.607 1531890724      -0.18     -0.412   39.56990  -73.37590    32.6295  1025.2473    25.1292     9.1003 0.0000e+00
     24.806     9.3143    32.4657  1025.1985     2.8084     4.7736     73.536    0.01282    6.49270    6.49623      8.594     0.1616   11.72230   3.502155 2.5249e-11    25.0851    25.0847 1.0000e-12     25.000          1       2662    1484.66 3.9495e+00  51006.062    110.872 1531890728      -0.05     -0.288   39.56991  -73.37590    32.6348  1025.2134    25.1000     9.3117 0.0000e+00
     23.814     9.8803    32.5169  1025.1425     3.0735     5.4930     87.020    0.06861    6.32286    6.32418      8.691     0.3879   11.44086   3.558046 2.5220e-11    25.0339    25.0334 1.0000e-12     24.000          1       3364    1486.77 3.9495e+00  50966.279    140.131 1531890757      -0.02     -0.360   39.56993  -73.37582    32.6951  1025.1645    25.0560     9.8776 0.0000e+00
     22.832    11.1202    32.5613  1024.9592     3.5133     6.9349    114.172    0.23512    6.07169    6.06972      8.794     0.5999   11.02626   3.682597 2.5324e-11    24.8558    24.8553 1.0000e-12     23.000          1       3565    1491.23 3.9495e+00  50811.212    148.484 1531890766      -0.34     -0.538   39.56994  -73.37580    32.8338  1025.0548    24.9513    11.1174 0.0000e+00
     21.828    11.7284    32.5361  1024.8254     3.6979     7.3655    121.210    0.24318    6.07654    6.07469      8.796     0.5908   11.03336   3.728794 2.5320e-11    24.7267    24.7262 1.0000e-12     22.000          1       3576    1493.31 3.9495e+00  50675.264    148.972 1531890766      -0.36     -0.929   39.56994  -73.37580    32.7490  1024.8751    24.7764    11.7257 0.0000e+00
     20.835    12.0160    32.4528  1024.7027     3.8109     7.2057    118.881    0.15880    6.06144    6.05942      8.798     0.5844   11.00834   3.748172 2.5320e-11    24.6086    24.6081 1.0000e-12     21.000          1       3601    1494.18 3.9495e+00  50516.483    149.983 1531890767       0.06     -1.051   39.56994  -73.37580    32.6853  1024.7679    24.6738    12.0134 0.0000e+00
     19.843    12.5778    32.3936  1024.5460     3.8774     6.9329    115.046    0.07474    6.02569    6.02323      8.799     0.6085   10.94923   3.792060 2.5320e-11    24.4566    24.4561 1.0000e-12     20.000          1       3630    1496.01 3.9495e+00  50352.489    151.194 1531890768       0.14     -0.880   39.56994  -73.37580    32.6192  1024.6063    24.5169    12.5752 0.0000e+00
     18.854    13.1120    32.3943  1024.4371     4.0258     6.7525    117.854    0.04917    5.73407    5.72820      8.792     0.7742   10.47013   3.838033 2.5320e-11    24.3524    24.3519 1.0000e-12     19.000          1       3709    1497.78 3.9495e+00  50282.313    154.508 1531890772      -0.25     -0.353   39.56994  -73.37580    32.5964  1024.4794    24.3947    13.1095 0.0000e+00
     17.859    14.3392    32.1699  1024.0104     4.1190     6.6494    121.068    0.05276    5.49247    5.48407      8.783     0.8301   10.07209   3.934476 2.5320e-11    23.9306    23.9301 1.0000e-12     18.000          1       3759    1501.55 3.9495e+00  49822.103    156.594 1531890774      -0.31     -0.684   39.56994  -73.37580    32.4539  1024.1168    24.0369    14.3366 0.0000e+00
