CalculateIndicators/WaterTemperature/Data/CTD_NYOS/NY1807C23.cnv
* Sea-Bird SBE 9 Data File:
* FileName = C:\Seabird 9 CTD\Data\2018\OffshoreCruise201807\NY1807C23.hex
* Software Version Seasave V 7.23.2
* Temperature SN = 4590
* Conductivity SN = 3228
* Number of Bytes Per Scan = 44
* Number of Voltage Words = 5
* Number of Scans Averaged by the Deck Unit = 1
* NMEA Latitude = 39 29.69 N
* NMEA Longitude = 072 18.71 W
* NMEA UTC (Time) = Jul 19 2018  10:43:08
* NMEA baud rate = 4800
** Ship: RV Seawolf
** Station: NY1807C23
** Operator: jdw
** we're going deep!
# nquan = 35
# nvalues = 1110                        
# units = specified
# name 0 = depSM: Depth [salt water, m]
# name 1 = t090C: Temperature [ITS-90, deg C]
# name 2 = sal00: Salinity, Practical [PSU]
# name 3 = density00: Density [density, kg/m^3]
# name 4 = sbeox0V: Oxygen raw, SBE 43 [V]
# name 5 = sbeox0ML/L: Oxygen, SBE 43 [ml/l]
# name 6 = sbeox0PS: Oxygen, SBE 43 [% saturation]
# name 7 = sbox0dV/dT: Oxygen, SBE 43 [dov/dt]
# name 8 = oxsolML/L: Oxygen Saturation, Garcia & Gordon [ml/l]
# name 9 = oxsatML/L: Oxygen Saturation, Weiss [ml/l]
# name 10 = ph: pH
# name 11 = flECO-AFL: Fluorescence, WET Labs ECO-AFL/FL [mg/m^3]
# name 12 = n2satML/L: Nitrogen Saturation [ml/l]
# name 13 = c0S/m: Conductivity [S/m]
# name 14 = cpar: CPAR/Corrected Irradiance [%]
# name 15 = sigma-é00: Density [sigma-theta, kg/m^3]
# name 16 = sigma-t00: Density [sigma-t, kg/m^3 ]
# name 17 = par: PAR/Irradiance, Biospherical/Licor
# name 18 = prDM: Pressure, Digiquartz [db]
# name 19 = pumps: Pump Status
# name 20 = scan: Scan Count
# name 21 = svCM: Sound Velocity [Chen-Millero, m/s]
# name 22 = spar: SPAR, Biospherical/Licor
# name 23 = specc: Specific Conductance [uS/cm]
# name 24 = timeS: Time, Elapsed [seconds]
# name 25 = timeY: Time, System [seconds]
# name 26 = accM: Acceleration [m/s^2]
# name 27 = dz/dtM: Descent Rate [m/s]
# name 28 = latitude: Latitude [deg]
# name 29 = longitude: Longitude [deg]
# name 30 = gsw_saA0: Absolute Salinity [g/kg]
# name 31 = gsw_densityA0: density, TEOS-10 [density, kg/m^3]
# name 32 = gsw_sigma0A0: density, TEOS-10 [sigma-0, kg/m^3 ]
# name 33 = gsw_ptA0: potential temperature [ITS-90, deg C]
# name 34 = flag: flag
# span 0 =      0.976,    551.031       
# span 1 =     5.7379,    22.2778       
# span 2 =    32.9663,    35.5238       
# span 3 =  1022.6124,  1030.1715       
# span 4 =     2.1678,     4.1330       
# span 5 =     3.2082,     6.9089       
# span 6 =     51.384,    119.258       
# span 7 =   -0.05668,    0.05419       
# span 8 =    5.02470,    6.94922       
# span 9 =    5.01338,    6.96288       
# span 10 =      8.533,      8.935      
# span 11 =    -0.0868,     1.3073      
# span 12 =    9.28036,   12.44501      
# span 13 =   3.441565,   4.765588      
# span 14 = 6.6782e-14, 3.4974e+01      
# span 15 =    22.6038,    27.6303      
# span 16 =    22.6037,    27.6244      
# span 17 = 1.0000e-12, 5.1345e+02      
# span 18 =      1.000,    556.000      
# span 19 =          1,          1      
# span 20 =        565,      49893      
# span 21 =    1482.74,    1525.40      
# span 22 = 8.7802e+02, 1.4970e+03      
# span 23 =  50379.843,  55981.034      
# span 24 =     23.486,   2078.844      
# span 25 = 1531997072, 1531999127      
# span 26 =      -0.71,       0.54      
# span 27 =     -1.251,      1.131      
# span 28 =   39.49066,   39.49477      
# span 29 =  -72.31222,  -72.31198      
# span 30 =    33.1364,    35.6914      
# span 31 =  1022.6200,  1030.1746      
# span 32 =    22.6114,    27.6330      
# span 33 =     5.6905,    22.2774      
# span 34 = 0.0000e+00, 0.0000e+00      
# interval = decibars: 1                
# start_time = Jul 19 2018 10:44:08 [System UTC, first data scan.]
# bad_flag = -9.990e-29
*END*
[from data line 954]
    154.761    12.4264    35.3848  1027.5028     2.9413     4.7163     78.716    0.00602    5.99150    5.99073 -9.990e-29    -0.0641   10.85980   4.087655 6.9514e-14    26.8094    26.8053 1.0000e-12    156.000          1      41932    1501.31 1.4387e+03  54606.370   1747.107 1531998796       0.07     -0.239   39.49158  -72.31208    35.5519  1027.5063    26.8130    12.4056 0.0000e+00
    153.765    12.4059    35.3756  1027.4952     2.9451     4.7125     78.609    0.00296    5.99486    5.99412 -9.990e-29    -0.0488   10.86549   4.084476 6.9212e-14    26.8062    26.8022 1.0000e-12    155.000          1      41965    1501.21 1.4448e+03  54596.365   1748.498 1531998797      -0.42     -0.632   39.49158  -72.31208    35.5408  1027.4974    26.8085    12.3852 0.0000e+00
    152.762    12.3782    35.3606  1027.4845     2.9500     4.7371     78.881    0.00430    6.00534    6.00471 -9.990e-29    -0.0402   10.88321   4.080155 6.9370e-14    26.8000    26.7959 1.0000e-12    154.000          1      41992    1501.08 1.4416e+03  54579.392   1749.617 1531998798      -0.02     -0.904   39.49157  -72.31208    35.5255  1027.4866    26.8020    12.3576 0.0000e+00
    151.787    12.3545    35.3466  1027.4740     2.9565     4.7518     79.050    0.00360    6.01113    6.01056      8.691    -0.0652   10.89308   4.076000 6.9593e-14    26.7937    26.7897 1.0000e-12    153.000          1      42032    1500.97 1.4369e+03  54563.341   1751.273 1531998800       0.16     -0.586   39.49156  -72.31208    35.5079  1027.4732    26.7929    12.3341 0.0000e+00
    150.782    12.2786    35.3094  1027.4557     2.9609     4.7646     79.247    0.00414    6.01230    6.01174      8.691 -9.990e-29   10.89509   4.064619 7.0613e-14    26.7796    26.7757 1.0000e-12    152.000          1      42059    1500.65 1.4162e+03  54523.198   1752.408 1531998801      -0.29     -0.765   39.49156  -72.31208    35.4693  1027.4540    26.7779    12.2584 0.0000e+00
    149.795    12.2365    35.2838  1027.4396     2.9707     4.7880     79.608    0.00450    6.01445    6.01392      8.692    -0.0520   10.89880   4.058203 6.9966e-14    26.7678    26.7639 1.0000e-12    151.000          1      42109    1500.46 1.4293e+03  54494.088   1754.489 1531998803       0.22     -0.497   39.49156  -72.31208    35.4470  1027.4406    26.7688    12.2165 0.0000e+00
    148.808    12.2350    35.2725  1027.4268     2.9792     4.8110     79.825    0.00355    6.02699    6.02659      8.693    -0.0660   10.91996   4.057019 6.9300e-14    26.7594    26.7555 1.0000e-12    150.000          1      42159    1500.43 1.4430e+03  54478.273   1756.586 1531998805      -0.38     -0.491   39.49156  -72.31208    35.4373  1027.4289    26.7616    12.2152 0.0000e+00
    147.809    12.2180    35.2627  1027.4180     2.9850     4.8343     80.168    0.00544    6.03016    6.02979      8.692    -0.0680   10.92536   4.053907 6.8959e-14    26.7550    26.7512 1.0000e-12    149.000          1      42186    1500.34 1.4501e+03  54466.662   1757.691 1531998806      -0.16     -0.836   39.49155  -72.31208    35.4234  1027.4171    26.7541    12.1983 0.0000e+00
    146.822    12.1561    35.2416  1027.4094     2.9907     4.8410     80.268    0.00420    6.03105    6.03069      8.692    -0.0520   10.92688   4.045522 6.9295e-14    26.7506    26.7468 1.0000e-12    148.000          1      42217    1500.09 1.4431e+03  54447.266   1758.983 1531998808       0.11     -0.811   39.49154  -72.31208    35.4006  1027.4071    26.7484    12.1366 0.0000e+00
    145.826    12.1084    35.2138  1027.3926     2.9932     4.8436     80.286    0.00333    6.03291    6.03257      8.692    -0.0368   10.93003   4.038212 7.0259e-14    26.7381    26.7344 1.0000e-12    147.000          1      42246    1499.88 1.4233e+03  54415.407   1760.221 1531998809      -0.06     -0.783   39.49154  -72.31208    35.3747  1027.3920    26.7375    12.0891 0.0000e+00
    144.835    12.0951    35.2060  1027.3847     2.9955     4.8395     80.209    0.00147    6.03368    6.03334      8.692    -0.0492   10.93136   4.036318 7.0070e-14    26.7346    26.7309 1.0000e-12    146.000          1      42295    1499.81 1.4272e+03  54406.410   1762.233 1531998811       0.19     -0.514   39.49154  -72.31208    35.3692  1027.3858    26.7358    12.0759 0.0000e+00
    143.859    12.0871    35.1991  1027.3765     2.9993     4.8523     80.359    0.00190    6.03829    6.03800      8.692    -0.0453   10.93920   4.034925 6.8797e-14    26.7307    26.7271 1.0000e-12    145.000          1      42355    1499.75 1.4535e+03  54397.582   1764.731 1531998813      -0.45     -0.342   39.49154  -72.31208    35.3635  1027.3786    26.7329    12.0681 0.0000e+00
    142.852    12.0862    35.1985  1027.3717     3.0004     4.8506     80.281    0.00044    6.04201    6.04176      8.693    -0.0462   10.94552   4.034676 6.8987e-14    26.7304    26.7268 1.0000e-12    144.000          1      42375    1499.73 1.4496e+03  54396.271   1765.569 1531998814      -0.50     -0.856   39.49153  -72.31208    35.3624  1027.3734    26.7322    12.0673 0.0000e+00
    141.853    12.0694    35.1884  1027.3626     3.0028     4.8648     80.489    0.00210    6.04407    6.04385      8.693    -0.0517   10.94898   4.031845 6.9416e-14    26.7258    26.7222 1.0000e-12    143.000          1      42398    1499.65 1.4406e+03  54384.553   1766.525 1531998815      -0.02     -1.093   39.49152  -72.31208    35.3510  1027.3634    26.7266    12.0506 0.0000e+00
    140.867    12.0370    35.1701  1027.3503     3.0059     4.8723     80.583    0.00197    6.04631    6.04610      8.693    -0.0572   10.95281   4.026730 7.0245e-14    26.7177    26.7142 1.0000e-12    142.000          1      42437    1499.50 1.4236e+03  54363.800   1768.169 1531998817       0.27     -0.685   39.49152  -72.31208    35.3320  1027.3506    26.7181    12.0184 0.0000e+00
    139.881    12.0012    35.1496  1027.3369     3.0095     4.8791     80.661    0.00153    6.04889    6.04871      8.693    -0.0580   10.95723   4.021258 6.9811e-14    26.7087    26.7051 1.0000e-12    141.000          1      42493    1499.34 1.4325e+03  54340.795   1770.483 1531998819      -0.02     -0.413   39.49152  -72.31208    35.3126  1027.3381    26.7099    11.9829 0.0000e+00
    138.891    11.9925    35.1423  1027.3284     3.0106     4.8766     80.588    0.00026    6.05133    6.05117      8.693    -0.0408   10.96140   4.019716 6.8810e-14    26.7046    26.7011 1.0000e-12    140.000          1      42534    1499.28 1.4533e+03  54331.505   1772.200 1531998821      -0.17     -0.560   39.49151  -72.31208    35.3062  1027.3303    26.7066    11.9743 0.0000e+00
    137.894    11.9792    35.1332  1027.3194     3.0150     4.8976     80.924    0.00271    6.05211    6.05195      8.695    -0.0428   10.96271   4.017410 6.8798e-14    26.7000    26.6966 1.0000e-12    139.000          1      42562    1499.21 1.4536e+03  54320.353   1773.386 1531998822      -0.16     -0.784   39.49150  -72.31208    35.2966  1027.3211    26.7017    11.9611 0.0000e+00
    136.901    11.9710    35.1261  1027.3110     3.0230     4.9299     81.447    0.00581    6.05285    6.05271      8.696    -0.0519   10.96399   4.015804 6.9601e-14    26.6961    26.6926 1.0000e-12    138.000          1      42592    1499.16 1.4368e+03  54311.411   1774.607 1531998823       0.04     -0.843   39.49150  -72.31208    35.2891  1027.3124    26.6974    11.9530 0.0000e+00
    135.909    11.9602    35.1190  1027.3031     3.0284     4.9353     81.532    0.00452    6.05311    6.05297      8.697    -0.0592   10.96444   4.014147 7.0140e-14    26.6926    26.6892 1.0000e-12    137.000          1      42626    1499.09 1.4257e+03  54302.690   1776.026 1531998824       0.08     -0.733   39.49150  -72.31208    35.2834  1027.3055    26.6950    11.9424 0.0000e+00
    134.921    11.9535    35.1146  1027.2965     3.0359     4.9453     81.690    0.00332    6.05374    6.05360 -9.990e-29    -0.0603   10.96550   4.013057 6.9911e-14    26.6904    26.6870 1.0000e-12    136.000          1      42680    1499.05 1.4305e+03  54297.059   1778.286 1531998827       0.13     -0.423   39.49150  -72.31208    35.2795  1027.2994    26.6933    11.9358 0.0000e+00
    133.933    11.9524    35.1125  1027.2907     3.0399     4.9457     81.672    0.00151    6.05559    6.05548 -9.990e-29    -0.0644   10.96864   4.012767 6.8788e-14    26.6890    26.6857 1.0000e-12    135.000          1      42729    1499.02 1.4537e+03  54293.845   1780.331 1531998829      -0.30     -0.487   39.49149  -72.31208    35.2781  1027.2940    26.6924    11.9349 0.0000e+00
    132.937    11.9490    35.1110  1027.2857     3.0427     4.9549     81.818    0.00221    6.05597    6.05586 -9.990e-29    -0.0670   10.96929   4.012153 6.8808e-14    26.6885    26.6852 1.0000e-12    134.000          1      42756    1499.00 1.4533e+03  54291.753   1781.466 1531998830      -0.18     -0.802   39.49148  -72.31208    35.2757  1027.2884    26.6911    11.9316 0.0000e+00
    131.943    11.9402    35.1065  1027.2794     3.0462     4.9659     81.989    0.00288    6.05675    6.05664 -9.990e-29    -0.0657   10.97061   4.010804 6.9079e-14    26.6866    26.6833 1.0000e-12    133.000          1      42782    1498.94 1.4476e+03  54286.266   1782.551 1531998831      -0.05     -0.905   39.49148  -72.31208    35.2713  1027.2822    26.6894    11.9229 0.0000e+00
    130.947    11.9354    35.1038  1027.2738     3.0490     4.9706     82.057    0.00259    6.05748    6.05738      8.698    -0.0481   10.97187   4.010062 6.9875e-14    26.6854    26.6821 1.0000e-12    132.000          1      42813    1498.91 1.4312e+03  54282.742   1783.843 1531998832       0.15     -0.842   39.49148  -72.31208    35.2690  1027.2769    26.6885    11.9182 0.0000e+00
    129.965    11.9279    35.0984  1027.2665     3.0511     4.9670     81.994    0.00096    6.05782    6.05772      8.698    -0.0581   10.97246   4.008725 7.0401e-14    26.6826    26.6793 1.0000e-12    131.000          1      42860    1498.86 1.4205e+03  54275.836   1785.783 1531998834       0.06     -0.482   39.49148  -72.31208    35.2634  1027.2695    26.6855    11.9109 0.0000e+00
    128.968    11.9226    35.0939  1027.2596     3.0509     4.9623     81.912    0.00013    6.05803    6.05793      8.698    -0.0462   10.97282   4.007784 6.9243e-14    26.6801    26.6769 1.0000e-12    130.000          1      42898    1498.82 1.4442e+03  54269.894   1787.393 1531998836      -0.07     -0.615   39.49148  -72.31208    35.2595  1027.2631    26.6836    11.9058 0.0000e+00
    127.978    11.9217    35.0924  1027.2542     3.0512     4.9614     81.897   -0.00001    6.05807    6.05798      8.698    -0.0449   10.97290   4.007504 6.8783e-14    26.6791    26.6759 1.0000e-12    129.000          1      42940    1498.80 1.4539e+03  54267.465   1789.119 1531998838       0.04     -0.584   39.49146  -72.31208    35.2581  1027.2576    26.6826    11.9050 0.0000e+00
    126.991    11.9211    35.0908  1027.2486     3.0539     4.9743     82.100    0.00156    6.05887    6.05879      8.698    -0.0472   10.97426   4.007264 6.8904e-14    26.6779    26.6747 1.0000e-12    128.000          1      42981    1498.78 1.4513e+03  54264.650   1790.814 1531998839      -0.05     -0.574   39.49146  -72.31208    35.2568  1027.2523    26.6817    11.9045 0.0000e+00
    125.997    11.9214    35.0900  1027.2434     3.0545     4.9742     82.085    0.00114    6.05987    6.05979      8.698    -0.0469   10.97596   4.007160 6.9310e-14    26.6772    26.6740 1.0000e-12    127.000          1      43009    1498.76 1.4428e+03  54262.842   1791.996 1531998841      -0.24     -0.745   39.49146  -72.31208    35.2559  1027.2470    26.6809    11.9050 0.0000e+00
    124.992    11.9186    35.0886  1027.2383     3.0553     4.9737     82.066    0.00059    6.06063    6.06057      8.698    -0.0517   10.97727   4.006682 7.0093e-14    26.6766    26.6735 1.0000e-12    126.000          1      43034    1498.73 1.4267e+03  54260.770   1793.048 1531998842      -0.05     -0.945   39.49146  -72.31208    35.2543  1027.2418    26.6801    11.9023 0.0000e+00
    124.014    11.9079    35.0818  1027.2308     3.0561     4.9751     82.077    0.00056    6.06144    6.06138      8.698    -0.0538   10.97867   4.004878 6.9966e-14    26.6734    26.6703 1.0000e-12    125.000          1      43087    1498.67 1.4293e+03  54252.652   1795.234 1531998844       0.24     -0.429   39.49146  -72.31208    35.2472  1027.2340    26.6767    11.8917 0.0000e+00
    123.020    11.9021    35.0761  1027.2229     3.0568     4.9737     82.050    0.00007    6.06179    6.06174      8.698    -0.0520   10.97928   4.003728 6.8752e-14    26.6700    26.6669 1.0000e-12    124.000          1      43128    1498.63 1.4545e+03  54245.051   1796.971 1531998845      -0.28     -0.577   39.49144  -72.31208    35.2418  1027.2264    26.6736    11.8860 0.0000e+00
    122.028    11.8991    35.0730  1027.2166     3.0576     4.9775     82.111    0.00059    6.06189    6.06184      8.698    -0.0474   10.97945   4.003080 6.8575e-14    26.6681    26.6651 1.0000e-12    123.000          1      43157    1498.60 1.4583e+03  54240.623   1798.178 1531998847      -0.09     -0.799   39.49144  -72.31208    35.2386  1027.2201    26.6717    11.8832 0.0000e+00
    121.029    11.8979    35.0716  1027.2112     3.0580     4.9782     82.121    0.00063    6.06197    6.06192      8.698    -0.0597   10.97959   4.002794 6.9284e-14    26.6673    26.6643 1.0000e-12    122.000          1      43186    1498.58 1.4434e+03  54238.285   1799.373 1531998848       0.01     -0.852   39.49144  -72.31208    35.2374  1027.2149    26.6710    11.8821 0.0000e+00
    120.045    11.8965    35.0703  1027.2061     3.0585     4.9772     82.104    0.00033    6.06206    6.06200      8.698    -0.0450   10.97973   4.002507 6.9708e-14    26.6665    26.6635 1.0000e-12    121.000          1      43236    1498.55 1.4346e+03  54236.178   1801.459 1531998850       0.18     -0.473   39.49144  -72.31208    35.2364  1027.2099    26.6704    11.8808 0.0000e+00
    119.054    11.8960    35.0696  1027.2011     3.0626     4.9943     82.386    0.00227    6.06215    6.06209      8.698    -0.0557   10.97989   4.002350 6.9557e-14    26.6660    26.6630 1.0000e-12    120.000          1      43281    1498.53 1.4377e+03  54234.512   1803.336 1531998852      -0.23     -0.538   39.49144  -72.31208    35.2357  1027.2050    26.6699    11.8805 0.0000e+00
    118.060    11.8957    35.0691  1027.1963     3.0640     4.9918     82.343    0.00124    6.06214    6.06208      8.698    -0.0503   10.97989   4.002229 6.9226e-14    26.6657    26.6627 1.0000e-12    119.000          1      43312    1498.52 1.4445e+03  54233.400   1804.629 1531998853      -0.08     -0.750   39.49143  -72.31208    35.2352  1027.2002    26.6696    11.8803 0.0000e+00
    117.064    11.8954    35.0682  1027.1912     3.0645     4.9891     82.302    0.00050    6.06201    6.06195      8.698    -0.0451   10.97968   4.002071 6.9244e-14    26.6650    26.6621 1.0000e-12    118.000          1      43342    1498.50 1.4442e+03  54231.541   1805.891 1531998854       0.01     -0.801   39.49142  -72.31208    35.2344  1027.1952    26.6690    11.8802 0.0000e+00
    116.075    11.8959    35.0674  1027.1860     3.0627     4.9788     82.132   -0.00070    6.06192    6.06186      8.698    -0.0469   10.97953   4.002002 6.9446e-14    26.6642    26.6613 1.0000e-12    117.000          1      43388    1498.48 1.4400e+03  54229.725   1807.782 1531998856       0.16     -0.548   39.49142  -72.31208    35.2337  1027.1900    26.6683    11.8808 0.0000e+00
