CalculateIndicators/WaterTemperature/Data/CTD_NYOS/NY1807C02.cnv
* Sea-Bird SBE 9 Data File:
* FileName = C:\Seabird 9 CTD\Data\2018\OffshoreCruise201807\NY1807C02.hex
* Software Version Seasave V 7.23.2
* Temperature SN = 4590
* Conductivity SN = 3228
* Number of Bytes Per Scan = 44
* Number of Voltage Words = 5
* Number of Scans Averaged by the Deck Unit = 1
* NMEA Latitude = 40 41.35 N
* NMEA Longitude = 071 42.78 W
* NMEA UTC (Time) = Jul 15 2018  02:32:47
* NMEA baud rate = 4800
** Ship: Seawolf
** Station: NY1807C02
** Operator: jw
# nquan = 35
# nvalues = 127                         
# units = specified
# name 0 = depSM: Depth [salt water, m]
# name 1 = t090C: Temperature [ITS-90, deg C]
# name 2 = sal00: Salinity, Practical [PSU]
# name 3 = density00: Density [density, kg/m^3]
# name 4 = sbeox0V: Oxygen raw, SBE 43 [V]
# name 5 = sbeox0ML/L: Oxygen, SBE 43 [ml/l]
# name 6 = sbeox0PS: Oxygen, SBE 43 [% saturation]
# name 7 = sbox0dV/dT: Oxygen, SBE 43 [dov/dt]
# name 8 = oxsolML/L: Oxygen Saturation, Garcia & Gordon [ml/l]
# name 9 = oxsatML/L: Oxygen Saturation, Weiss [ml/l]
# name 10 = ph: pH
# name 11 = flECO-AFL: Fluorescence, WET Labs ECO-AFL/FL [mg/m^3]
# name 12 = n2satML/L: Nitrogen Saturation [ml/l]
# name 13 = c0S/m: Conductivity [S/m]
# name 14 = cpar: CPAR/Corrected Irradiance [%]
# name 15 = sigma-é00: Density [sigma-theta, kg/m^3]
# name 16 = sigma-t00: Density [sigma-t, kg/m^3 ]
# name 17 = par: PAR/Irradiance, Biospherical/Licor
# name 18 = prDM: Pressure, Digiquartz [db]
# name 19 = pumps: Pump Status
# name 20 = scan: Scan Count
# name 21 = svCM: Sound Velocity [Chen-Millero, m/s]
# name 22 = spar: SPAR, Biospherical/Licor
# name 23 = specc: Specific Conductance [uS/cm]
# name 24 = timeS: Time, Elapsed [seconds]
# name 25 = timeY: Time, System [seconds]
# name 26 = accM: Acceleration [m/s^2]
# name 27 = dz/dtM: Descent Rate [m/s]
# name 28 = latitude: Latitude [deg]
# name 29 = longitude: Longitude [deg]
# name 30 = gsw_saA0: Absolute Salinity [g/kg]
# name 31 = gsw_densityA0: density, TEOS-10 [density, kg/m^3]
# name 32 = gsw_sigma0A0: density, TEOS-10 [sigma-0, kg/m^3 ]
# name 33 = gsw_ptA0: potential temperature [ITS-90, deg C]
# name 34 = flag: flag
# span 0 =      0.980,     63.506       
# span 1 =     8.3162,    21.7767       
# span 2 =    32.1637,    32.9968       
# span 3 =  1022.1300,  1025.8891       
# span 4 =     2.9782,     4.4640       
# span 5 =     5.2356,     7.8100       
# span 6 =     78.826,    133.173       
# span 7 =   -0.07188,    0.07801       
# span 8 =    5.09308,    6.64227       
# span 9 =    5.08193,    6.64836       
# span 10 =      8.530,      8.849      
# span 11 =     0.0081,     1.5205      
# span 12 =    9.40151,   11.96437      
# span 13 =   3.457522,   4.623706      
# span 14 = 2.2767e-11, 9.8221e+00      
# span 15 =    22.1257,    25.6013      
# span 16 =    22.1257,    25.6005      
# span 17 = 1.0000e-12, 4.2628e-01      
# span 18 =      1.000,     64.000      
# span 19 =          1,          1      
# span 20 =        293,      15715      
# span 21 =    1482.01,    1523.34      
# span 22 = 3.9495e+00, 4.6994e+00      
# span 23 =  49294.855,  51895.748      
# span 24 =     12.169,    654.736      
# span 25 = 1531622041, 1531622683      
# span 26 =      -0.41,       0.62      
# span 27 =     -0.847,      0.842      
# span 28 =   40.68933,   40.69005      
# span 29 =  -71.71293,  -71.71143      
# span 30 =    32.3243,    33.1520      
# span 31 =  1022.1413,  1025.8919      
# span 32 =    22.1370,    25.6006      
# span 33 =     8.3099,    21.7765      
# span 34 = 0.0000e+00, 0.0000e+00      
# interval = decibars: 1                
# start_time = Jul 15 2018 02:33:49 [System UTC, first data scan.]
# bad_flag = -9.990e-29
*END*
[from data line 42]
     42.666     9.4654    32.9821  1025.6598     3.3078     5.8089     89.594   -0.00692    6.48366    6.48756      8.669     0.2788   11.70119   3.565192 2.4309e-11    25.4651    25.4643 1.0000e-12     43.000          1       2929    1486.14 3.9495e+00  51715.869    122.010 1531622151      -0.10      0.615   40.68948  -71.71278    33.1401  1025.6644    25.4696     9.4607 0.0000e+00
     43.656     9.3940    32.9922  1025.6838     3.2730     5.6956     87.561   -0.01655    6.50473    6.50893      8.659     0.2299   11.73608   3.559627 2.4543e-11    25.4844    25.4837 1.0000e-12     44.000          1       2982    1485.91 3.9495e+00  51745.246    124.189 1531622153      -0.01      0.453   40.68947  -71.71276    33.1483  1025.6868    25.4874     9.3892 0.0000e+00
     44.641     9.3038    32.9941  1025.7044     3.2465     5.6638     87.056   -0.01177    6.50596    6.51018      8.652     0.2030   11.73806   3.550758 2.4988e-11    25.5004    25.4996 1.0000e-12     45.000          1       3033    1485.59 3.9495e+00  51767.149    126.318 1531622156       0.05      0.453   40.68946  -71.71276    33.1395  1025.6989    25.4949     9.2990 0.0000e+00
     45.641     9.2096    32.9925  1025.7228     3.2328     5.6365     86.612   -0.01141    6.50779    6.51203      8.649     0.1842   11.74109   3.543200 2.4559e-11    25.5141    25.5134 1.0000e-12     46.000          1       3062    1485.26 3.9495e+00  51784.954    127.538 1531622157       0.29      0.711   40.68948  -71.71276    33.1479  1025.7251    25.5165     9.2048 0.0000e+00
     46.635     9.2205    32.9968  1025.7290     3.2193     5.6281     86.420   -0.00824    6.51244    6.51674      8.647     0.1916   11.74881   3.544404 2.4918e-11    25.5158    25.5150 1.0000e-12     47.000          1       3106    1485.32 3.9495e+00  51789.422    129.356 1531622159      -0.16      0.579   40.68948  -71.71276    33.1499  1025.7295    25.5163     9.2155 0.0000e+00
     47.618     9.1792    32.9933  1025.7373     3.2005     5.6339     86.057   -0.00519    6.54676    6.55155      8.639     0.1336   11.80567   3.540316 2.5200e-11    25.5196    25.5188 1.0000e-12     48.000          1       3184    1485.18 3.9495e+00  51793.680    132.630 1531622162       0.12      0.250   40.68948  -71.71275    33.1453  1025.7370    25.5193     9.1741 0.0000e+00
     48.614     9.1270    32.9924  1025.7495     3.1796     5.5567     84.683   -0.01256    6.56172    6.56672      8.632     0.0941   11.83044   3.535273 2.5017e-11    25.5272    25.5264 1.0000e-12     49.000          1       3221    1485.01 3.9495e+00  51804.051    134.161 1531622163       0.29      0.590   40.68948  -71.71274    33.1409  1025.7464    25.5241     9.1218 0.0000e+00
     49.613     8.9324    32.9861  1025.7798     3.1529     5.4867     83.433   -0.01614    6.57624    6.58144      8.629     0.1104   11.85456   3.516869 2.3995e-11    25.5527    25.5519 1.0000e-12     50.000          1       3258    1484.30 3.9495e+00  51837.233    135.727 1531622165      -0.11      0.646   40.68948  -71.71274    33.1294  1025.7726    25.5455     8.9272 0.0000e+00
     50.594     8.6888    32.9697  1025.8094     3.0874     5.3697     81.098   -0.01675    6.62108    6.62689      8.601     0.0381   11.92900   3.493355 2.3359e-11    25.5775    25.5767 1.0000e-12     51.000          1       3354    1483.39 3.9495e+00  51867.530    139.714 1531622169       0.11      0.097   40.68948  -71.71274    33.1098  1025.7996    25.5677     8.6836 0.0000e+00
     51.591     8.5120    32.9542  1025.8289     3.0546     5.2976     79.886   -0.01752    6.63143    6.63739      8.594     0.0336   11.94624   3.476180 2.4529e-11    25.5923    25.5915 1.0000e-12     52.000          1       3398    1482.72 3.9495e+00  51885.626    141.550 1531622171       0.08      0.521   40.68948  -71.71273    33.0937  1025.8186    25.5820     8.5067 0.0000e+00
     52.585     8.4496    32.9466  1025.8370     3.0328     5.2792     79.537   -0.01297    6.63753    6.64357      8.591     0.0223   11.95637   3.470195 2.4118e-11    25.5957    25.5949 1.0000e-12     53.000          1       3439    1482.50 3.9495e+00  51889.423    143.253 1531622172       0.01      0.585   40.68948  -71.71272    33.0885  1025.8286    25.5873     8.4442 0.0000e+00
     53.578     8.3651    32.9366  1025.8464     3.0121     5.2505     79.083   -0.00999    6.63923    6.64529      8.587     0.0189   11.95922   3.462014 2.4876e-11    25.6005    25.5997 1.0000e-12     54.000          1       3489    1482.18 3.9495e+00  51895.060    145.342 1531622175      -0.09      0.479   40.68949  -71.71272    33.0806  1025.8397    25.5938     8.3597 0.0000e+00
     54.565     8.3305    32.9310  1025.8519     2.9963     5.2558     79.143   -0.00339    6.64091    6.64699      8.584     0.0128   11.96202   3.458937 2.5245e-11    25.6013    25.6005 1.0000e-12     55.000          1       3569    1482.06 3.9495e+00  51895.748    148.662 1531622178       0.01      0.243   40.68950  -71.71271    33.0800  1025.8490    25.5985     8.3250 0.0000e+00
     55.561     8.3263    32.9293  1025.8558     2.9913     5.2497     79.042   -0.00266    6.64161    6.64770      8.581     0.0103   11.96320   3.458576 2.4438e-11    25.6006    25.5998 1.0000e-12     56.000          1       3617    1482.06 3.9495e+00  51894.956    150.667 1531622180       0.17      0.546   40.68950  -71.71270    33.0797  1025.8540    25.5989     8.3207 0.0000e+00
     56.554     8.3216    32.9280  1025.8600     2.9895     5.2552     79.127   -0.00107    6.64152    6.64760      8.580     0.0228   11.96305   3.458203 2.4582e-11    25.6003    25.5995 1.0000e-12     57.000          1       3658    1482.06 3.9495e+00  51894.810    152.390 1531622182      -0.04      0.590   40.68950  -71.71270    33.0797  1025.8593    25.5996     8.3159 0.0000e+00
     57.541     8.3191    32.9264  1025.8637     2.9873     5.2565     79.143   -0.00022    6.64179    6.64788      8.578     0.0144   11.96352   3.458054 2.4979e-11    25.5995    25.5986 1.0000e-12     58.000          1       3743    1482.06 3.9495e+00  51893.826    155.897 1531622185      -0.04      0.202   40.68950  -71.71270    33.0800  1025.8644    25.6002     8.3133 0.0000e+00
     58.536     8.3187    32.9257  1025.8678     2.9878     5.2589     79.177   -0.00014    6.64194    6.64803 -9.990e-29     0.0226   11.96377   3.458077 2.5078e-11    25.5990    25.5981 1.0000e-12     59.000          1       3797    1482.08 3.9495e+00  51893.591    158.153 1531622187       0.25      0.549   40.68950  -71.71269    33.0801  1025.8691    25.6004     8.3129 0.0000e+00
     59.531     8.3184    32.9253  1025.8721     2.9866     5.2537     79.097   -0.00065    6.64208    6.64818 -9.990e-29     0.0262   11.96401   3.458093 2.5728e-11    25.5987    25.5979 1.0000e-12     60.000          1       3839    1482.09 3.9495e+00  51893.749    159.902 1531622189      -0.10      0.586   40.68950  -71.71268    33.0801  1025.8738    25.6004     8.3125 0.0000e+00
     60.521     8.3171    32.9247  1025.8764     2.9846     5.2497     79.036   -0.00059    6.64214    6.64824      8.573     0.0271   11.96412   3.457997 2.4852e-11    25.5985    25.5976 1.0000e-12     61.000          1       3905    1482.10 3.9495e+00  51893.847    162.647 1531622192      -0.05      0.363   40.68950  -71.71268    33.0799  1025.8784    25.6005     8.3110 0.0000e+00
     61.511     8.3165    32.9240  1025.8805     2.9819     5.2454     78.971   -0.00039    6.64220    6.64830      8.571     0.0188   11.96422   3.457972 2.4244e-11    25.5980    25.5971 1.0000e-12     62.000          1       4004    1482.12 3.9495e+00  51893.623    166.800 1531622196      -0.00      0.208   40.68951  -71.71266    33.0798  1025.8829    25.6005     8.3103 0.0000e+00
     62.503     8.3162    32.9238  1025.8849     2.9821     5.2463     78.985   -0.00038    6.64207    6.64816      8.567     0.0230   11.96399   3.457996 2.5107e-11    25.5979    25.5969 1.0000e-12     63.000          1       4103    1482.13 3.9495e+00  51893.966    170.905 1531622200       0.07      0.225   40.68952  -71.71266    33.0798  1025.8875    25.6006     8.3099 0.0000e+00
     63.506     8.3174    32.9235  1025.8891     2.9782     5.2356     78.826   -0.00057    6.64201    6.64810      8.565     0.0105   11.96391   3.458136 2.5202e-11    25.5975    25.5966 1.0000e-12     64.000          1       4210    1482.15 3.9495e+00  51894.021    175.363 1531622204      -0.16      0.307   40.68952  -71.71266    33.0798  1025.8919    25.6004     8.3110 0.0000e+00
     62.499     8.3183    32.9229  1025.8838     2.9799     5.2467     78.990    0.00060    6.64220    6.64829      8.560     0.0280   11.96423   3.458116 2.4259e-11    25.5969    25.5959 1.0000e-12     63.000          1       4294    1482.14 3.9495e+00  51892.197    178.894 1531622208      -0.01     -0.410   40.68952  -71.71265    33.0791  1025.8867    25.5997     8.3120 0.0000e+00
     61.510     8.3177    32.9212  1025.8781     2.9826     5.2571     79.147    0.00149    6.64221    6.64830      8.534     0.0139   11.96425   3.457871 2.5079e-11    25.5957    25.5948 1.0000e-12     62.000          1       7923    1482.12 3.9495e+00  51889.433    330.100 1531622359      -0.13     -0.395   40.68970  -71.71233    33.0776  1025.8810    25.5986     8.3115 0.0000e+00
     60.522     8.3164    32.9208  1025.8734     2.9840     5.2522     79.074    0.00034    6.64214    6.64824      8.530     0.0178   11.96416   3.457690 2.5337e-11    25.5955    25.5946 1.0000e-12     61.000          1       8539    1482.10 3.9495e+00  51888.489    355.752 1531622385       0.05     -0.455   40.68973  -71.71228    33.0773  1025.8764    25.5985     8.3103 0.0000e+00
     59.529     8.3174    32.9210  1025.8688     2.9857     5.2601     79.191    0.00110    6.64226    6.64835      8.530     0.0280   11.96435   3.457747 2.5320e-11    25.5955    25.5946 1.0000e-12     60.000          1       8541    1482.08 3.9495e+00  51887.820    355.837 1531622385      -0.09     -0.550   40.68974  -71.71228    33.0774  1025.8718    25.5985     8.3114 0.0000e+00
     58.539     8.3174    32.9209  1025.8642     2.9843     5.2455     78.972   -0.00066    6.64227    6.64836 -9.990e-29     0.0158   11.96437   3.457695 2.4515e-11    25.5954    25.5945 1.0000e-12     59.000          1       8575    1482.07 3.9495e+00  51887.044    357.249 1531622386      -0.14     -0.662   40.68974  -71.71228    33.0773  1025.8671    25.5984     8.3116 0.0000e+00
     57.539     8.3171    32.9207  1025.8595     2.9851     5.2501     79.045   -0.00007    6.64196    6.64805 -9.990e-29     0.0097   11.96386   3.457593 2.4975e-11    25.5953    25.5945 1.0000e-12     58.000          1       8605    1482.05 3.9495e+00  51886.211    358.493 1531622388       0.00     -0.809   40.68974  -71.71228    33.0770  1025.8624    25.5982     8.3113 0.0000e+00
     56.556     8.3167    32.9206  1025.8550     2.9857     5.2554     79.123    0.00064    6.64205    6.64814 -9.990e-29     0.0090   11.96400   3.457522 2.5102e-11    25.5953    25.5944 1.0000e-12     57.000          1       8645    1482.03 3.9495e+00  51885.516    360.162 1531622389       0.10     -0.592   40.68974  -71.71226    33.0771  1025.8580    25.5983     8.3110 0.0000e+00
     55.551     8.3187    32.9208  1025.8502     2.9863     5.2537     79.102    0.00023    6.64167    6.64775 -9.990e-29 -9.990e-29   11.96337   3.457683 2.5080e-11    25.5951    25.5943 1.0000e-12     56.000          1       8677    1482.02 3.9495e+00  51884.659    361.514 1531622391      -0.11     -0.713   40.68974  -71.71226    33.0773  1025.8533    25.5981     8.3132 0.0000e+00
     54.575     8.3198    32.9210  1025.8456     2.9848     5.2411     78.956   -0.00061    6.63802    6.64406      8.532     0.0189   11.95732   3.457756 2.5227e-11    25.5951    25.5942 1.0000e-12     55.000          1       8745    1482.01 3.9495e+00  51884.004    364.317 1531622394       0.18     -0.291   40.68974  -71.71226    33.0775  1025.8487    25.5981     8.3144 0.0000e+00
     53.577     8.3279    32.9214  1025.8402     2.9886     5.2560     79.328    0.00226    6.62571    6.63157      8.535     0.0081   11.93693   3.458528 2.5320e-11    25.5942    25.5934 1.0000e-12     54.000          1       8790    1482.03 3.9495e+00  51882.141    366.193 1531622395      -0.41     -0.563   40.68974  -71.71224    33.0786  1025.8437    25.5977     8.3225 0.0000e+00
     52.579     8.3458    32.9229  1025.8340     2.9955     5.2680     79.766    0.00468    6.60432    6.60988      8.535     0.0390   11.90145   3.460367 2.5320e-11    25.5926    25.5919 1.0000e-12     53.000          1       8819    1482.08 3.9495e+00  51879.415    367.430 1531622397      -0.00     -0.817   40.68974  -71.71224    33.0817  1025.8389    25.5975     8.3405 0.0000e+00
     51.593     8.4390    32.9276  1025.8191     3.0168     5.3293     81.084    0.01148    6.57269    6.57779      8.538     0.0415   11.84906   3.469782 2.5320e-11    25.5823    25.5816 1.0000e-12     52.000          1       8862    1482.42 3.9495e+00  51864.454    369.194 1531622398       0.12     -0.572   40.68974  -71.71224    33.0945  1025.8303    25.5936     8.4337 0.0000e+00
     50.603     8.6090    32.9374  1025.7964     3.0494     5.4079     82.825    0.01886    6.52928    6.53379      8.548     0.0709   11.77704   3.486042 2.5320e-11    25.5644    25.5636 1.0000e-12     51.000          1       8902    1483.05 3.9495e+00  51839.173    370.861 1531622400      -0.09     -0.586   40.68974  -71.71224    33.1074  1025.8100    25.5780     8.6038 0.0000e+00
     49.606     8.7821    32.9403  1025.7674     3.0871     5.5420     84.819    0.02654    6.53388    6.53845      8.558     0.0931   11.78468   3.502234 2.5320e-11    25.5401    25.5393 1.0000e-12     50.000          1       8933    1483.68 3.9495e+00  51804.679    372.183 1531622401      -0.10     -0.727   40.68974  -71.71224    33.1163  1025.7858    25.5585     8.7769 0.0000e+00
     48.614     9.0388    32.9601  1025.7382     3.1259     5.6264     86.186    0.02675    6.52825    6.53274      8.568     0.1077   11.77536   3.527370 2.5320e-11    25.5158    25.5149 1.0000e-12     49.000          1       8970    1484.64 3.9495e+00  51777.382    373.724 1531622403       0.12     -0.681   40.68974  -71.71224    33.1405  1025.7600    25.5376     9.0336 0.0000e+00
     47.624     9.0395    32.9628  1025.7356     3.1493     5.5833     85.758    0.01274    6.51049    6.51475      8.572     0.1317   11.74577   3.526317 2.5248e-11    25.5177    25.5169 1.0000e-12     48.000          1       9014    1484.63 3.9495e+00  51780.088    375.550 1531622405       0.00     -0.544   40.68975  -71.71223    33.1293  1025.7467    25.5288     9.0345 0.0000e+00
     46.635     9.1202    32.9622  1025.7179     3.1730     5.6152     86.575    0.01300    6.48589    6.48980      8.580     0.1637   11.70509   3.534126 2.5020e-11    25.5046    25.5038 1.0000e-12     47.000          1       9057    1484.91 3.9495e+00  51761.180    377.322 1531622406      -0.02     -0.557   40.68976  -71.71222    33.1361  1025.7347    25.5214     9.1152 0.0000e+00
     45.641     9.2077    32.9787  1025.7123     3.1970     5.6831     87.738    0.01691    6.47741    6.48121      8.586     0.1911   11.69110   3.543392 2.5320e-11    25.5036    25.5028 1.0000e-12     46.000          1       9090    1485.24 3.9495e+00  51765.958    378.709 1531622408      -0.15     -0.677   40.68976  -71.71222    33.1518  1025.7284    25.5198     9.2028 0.0000e+00
