CalculateIndicators/WaterTemperature/Data/CTD_NYOS/NY1807C02.cnv
* Sea-Bird SBE 9 Data File:
* FileName = C:\Seabird 9 CTD\Data\2018\OffshoreCruise201807\NY1807C02.hex
* Software Version Seasave V 7.23.2
* Temperature SN = 4590
* Conductivity SN = 3228
* Number of Bytes Per Scan = 44
* Number of Voltage Words = 5
* Number of Scans Averaged by the Deck Unit = 1
* NMEA Latitude = 40 41.35 N
* NMEA Longitude = 071 42.78 W
* NMEA UTC (Time) = Jul 15 2018  02:32:47
* NMEA baud rate = 4800
** Ship: Seawolf
** Station: NY1807C02
** Operator: jw
# nquan = 35
# nvalues = 127                         
# units = specified
# name 0 = depSM: Depth [salt water, m]
# name 1 = t090C: Temperature [ITS-90, deg C]
# name 2 = sal00: Salinity, Practical [PSU]
# name 3 = density00: Density [density, kg/m^3]
# name 4 = sbeox0V: Oxygen raw, SBE 43 [V]
# name 5 = sbeox0ML/L: Oxygen, SBE 43 [ml/l]
# name 6 = sbeox0PS: Oxygen, SBE 43 [% saturation]
# name 7 = sbox0dV/dT: Oxygen, SBE 43 [dov/dt]
# name 8 = oxsolML/L: Oxygen Saturation, Garcia & Gordon [ml/l]
# name 9 = oxsatML/L: Oxygen Saturation, Weiss [ml/l]
# name 10 = ph: pH
# name 11 = flECO-AFL: Fluorescence, WET Labs ECO-AFL/FL [mg/m^3]
# name 12 = n2satML/L: Nitrogen Saturation [ml/l]
# name 13 = c0S/m: Conductivity [S/m]
# name 14 = cpar: CPAR/Corrected Irradiance [%]
# name 15 = sigma-é00: Density [sigma-theta, kg/m^3]
# name 16 = sigma-t00: Density [sigma-t, kg/m^3 ]
# name 17 = par: PAR/Irradiance, Biospherical/Licor
# name 18 = prDM: Pressure, Digiquartz [db]
# name 19 = pumps: Pump Status
# name 20 = scan: Scan Count
# name 21 = svCM: Sound Velocity [Chen-Millero, m/s]
# name 22 = spar: SPAR, Biospherical/Licor
# name 23 = specc: Specific Conductance [uS/cm]
# name 24 = timeS: Time, Elapsed [seconds]
# name 25 = timeY: Time, System [seconds]
# name 26 = accM: Acceleration [m/s^2]
# name 27 = dz/dtM: Descent Rate [m/s]
# name 28 = latitude: Latitude [deg]
# name 29 = longitude: Longitude [deg]
# name 30 = gsw_saA0: Absolute Salinity [g/kg]
# name 31 = gsw_densityA0: density, TEOS-10 [density, kg/m^3]
# name 32 = gsw_sigma0A0: density, TEOS-10 [sigma-0, kg/m^3 ]
# name 33 = gsw_ptA0: potential temperature [ITS-90, deg C]
# name 34 = flag: flag
# span 0 =      0.980,     63.506       
# span 1 =     8.3162,    21.7767       
# span 2 =    32.1637,    32.9968       
# span 3 =  1022.1300,  1025.8891       
# span 4 =     2.9782,     4.4640       
# span 5 =     5.2356,     7.8100       
# span 6 =     78.826,    133.173       
# span 7 =   -0.07188,    0.07801       
# span 8 =    5.09308,    6.64227       
# span 9 =    5.08193,    6.64836       
# span 10 =      8.530,      8.849      
# span 11 =     0.0081,     1.5205      
# span 12 =    9.40151,   11.96437      
# span 13 =   3.457522,   4.623706      
# span 14 = 2.2767e-11, 9.8221e+00      
# span 15 =    22.1257,    25.6013      
# span 16 =    22.1257,    25.6005      
# span 17 = 1.0000e-12, 4.2628e-01      
# span 18 =      1.000,     64.000      
# span 19 =          1,          1      
# span 20 =        293,      15715      
# span 21 =    1482.01,    1523.34      
# span 22 = 3.9495e+00, 4.6994e+00      
# span 23 =  49294.855,  51895.748      
# span 24 =     12.169,    654.736      
# span 25 = 1531622041, 1531622683      
# span 26 =      -0.41,       0.62      
# span 27 =     -0.847,      0.842      
# span 28 =   40.68933,   40.69005      
# span 29 =  -71.71293,  -71.71143      
# span 30 =    32.3243,    33.1520      
# span 31 =  1022.1413,  1025.8919      
# span 32 =    22.1370,    25.6006      
# span 33 =     8.3099,    21.7765      
# span 34 = 0.0000e+00, 0.0000e+00      
# interval = decibars: 1                
# start_time = Jul 15 2018 02:33:49 [System UTC, first data scan.]
# bad_flag = -9.990e-29
*END*
[from data line 83]
     43.656     9.4274    32.9768  1025.6664     3.2458     5.7873     89.307    0.01548    6.48025    6.48407      8.592     0.3037   11.69607   3.562361 2.5320e-11    25.4670    25.4663 1.0000e-12     44.000          1       9163    1486.01 3.9495e+00  51716.915    381.765 1531622411       0.16     -0.566   40.68976  -71.71222    33.1456  1025.6793    25.4800     9.4226 0.0000e+00
     42.666     9.4512    32.9714  1025.6538     3.2725     5.8524     90.238    0.01555    6.48559    6.48945      8.598     0.4059   11.70521   3.563831 2.5320e-11    25.4590    25.4582 1.0000e-12     43.000          1       9205    1486.07 3.9495e+00  51703.376    383.500 1531622413      -0.15     -0.558   40.68976  -71.71222    33.1392  1025.6660    25.4712     9.4465 0.0000e+00
     41.673     9.4209    32.9540  1025.6406     3.2896     5.8802     90.720    0.01428    6.48177    6.48557      8.600     0.4092   11.69901   3.558279 2.5320e-11    25.4503    25.4495 1.0000e-12     42.000          1       9235    1485.92 3.9495e+00  51684.622    384.758 1531622414      -0.13     -0.750   40.68976  -71.71222    33.1102  1025.6437    25.4535     9.4164 0.0000e+00
     40.673     9.3818    32.9307  1025.6240     3.3023     5.8915     90.927    0.01162    6.47939    6.48315 -9.990e-29     0.4291   11.69515   3.553070 2.5320e-11    25.4382    25.4375 1.0000e-12     41.000          1       9264    1485.74 3.9495e+00  51658.926    385.958 1531622415       0.01     -0.847   40.68976  -71.71220    33.0929  1025.6321    25.4463     9.3774 0.0000e+00
     39.690     9.4187    32.9162  1025.6023     3.3130     5.8871     90.754    0.00529    6.48687    6.49072      8.598     0.5329   11.70780   3.554894 2.5320e-11    25.4210    25.4203 1.0000e-12     40.000          1       9313    1485.84 3.9495e+00  51630.531    387.990 1531622417       0.17     -0.480   40.68976  -71.71220    33.0782  1025.6101    25.4288     9.4144 0.0000e+00
     38.692     9.4393    32.9079  1025.5879     3.3116     5.8688     90.224   -0.00031    6.50469    6.50874      8.595     0.5117   11.73779   3.555539 2.5320e-11    25.4112    25.4105 1.0000e-12     39.000          1       9356    1485.89 3.9495e+00  51613.923    389.796 1531622419      -0.08     -0.573   40.68976  -71.71220    33.0663  1025.5930    25.4163     9.4351 0.0000e+00
     37.706     9.3374    32.8683  1025.5688     3.2995     5.8176     89.263   -0.00644    6.51735    6.52154      8.590     0.4577   11.75924   3.541820 2.5320e-11    25.3965    25.3959 1.0000e-12     38.000          1       9405    1485.45 3.9495e+00  51578.109    391.823 1531622421       0.05     -0.477   40.68978  -71.71218    33.0188  1025.5679    25.3956     9.3334 0.0000e+00
     36.707     9.2315    32.8176  1025.5415     3.2837     5.7918     88.746   -0.00606    6.52623    6.53051      8.587     0.5168   11.77423   3.527436 2.5212e-11    25.3737    25.3731 1.0000e-12     37.000          1       9470    1484.98 3.9495e+00  51527.632    394.527 1531622424       0.05     -0.478   40.68978  -71.71218    32.9678  1025.5405    25.3727     9.2276 0.0000e+00
     35.720     9.1125    32.7592  1025.5103     3.2669     5.8055     88.725    0.00066    6.54324    6.54772      8.583     0.6512   11.80286   3.511584 2.4991e-11    25.3468    25.3462 1.0000e-12     36.000          1      10749    1484.45 3.9495e+00  51469.145    447.826 1531622477      -0.22     -0.325   40.68984  -71.71205    32.9135  1025.5125    25.3491     9.1087 0.0000e+00
     34.724     9.0512    32.7389  1025.4994     3.2677     5.8074     88.691    0.00004    6.54790    6.55243      8.583     0.6884   11.81069   3.503545 2.5314e-11    25.3405    25.3399 1.0000e-12     35.000          1      11081    1484.19 3.9495e+00  51452.465    461.656 1531622491      -0.15     -0.648   40.68986  -71.71202    32.8867  1025.4967    25.3378     9.0476 0.0000e+00
     33.734     9.0188    32.7256  1025.4896     3.2640     5.7854     88.384   -0.00181    6.54577    6.55027      8.584     0.7180   11.80722   3.499835 2.5320e-11    25.3352    25.3346 1.0000e-12     34.000          1      11142    1484.03 3.9495e+00  51439.957    464.203 1531622493       0.15     -0.467   40.68986  -71.71202    32.8784  1025.4908    25.3364     9.0152 0.0000e+00
     32.745     9.0122    32.7209  1025.4824     3.2685     5.8061     88.892    0.00247    6.53165    6.53595      8.590     0.8932   11.78387   3.498786 2.5248e-11    25.3325    25.3319 1.0000e-12     33.000          1      11198    1483.99 3.9495e+00  51433.991    466.533 1531622496      -0.11     -0.452   40.68987  -71.71202    32.8741  1025.4839    25.3340     9.0087 0.0000e+00
     31.749     9.0681    32.7187  1025.4674     3.2894     5.9018     90.466    0.01239    6.52377    6.52795      8.597     0.9945   11.77088   3.504097 2.5230e-11    25.3220    25.3215 1.0000e-12     32.000          1      11236    1484.17 3.9495e+00  51418.683    468.114 1531622497      -0.13     -0.608   40.68988  -71.71200    32.8782  1025.4738    25.3285     9.0647 0.0000e+00
     30.756     9.1324    32.7198  1025.4535     3.3172     5.9687     91.716    0.01588    6.50783    6.51180      8.604     1.2082   11.74443   3.509864 2.5317e-11    25.3128    25.3123 1.0000e-12     31.000          1      11276    1484.40 3.9495e+00  51405.983    469.798 1531622499       0.10     -0.614   40.68988  -71.71200    32.8794  1025.4600    25.3193     9.1291 0.0000e+00
     29.766     9.2375    32.7193  1025.4319     3.3723     6.1470     94.660    0.02802    6.49374    6.49751      8.612     1.2981   11.72117   3.519413 2.5320e-11    25.2957    25.2952 1.0000e-12     30.000          1      11325    1484.77 3.9495e+00  51383.002    471.817 1531622501      -0.03     -0.486   40.68988  -71.71200    32.8822  1025.4411    25.3050     9.2343 0.0000e+00
     28.776     9.3608    32.7183  1025.4069     3.4284     6.2710     96.271    0.02381    6.51388    6.51789      8.619     1.3164   11.75499   3.530255 2.5320e-11    25.2754    25.2749 1.0000e-12     29.000          1      11380    1485.20 3.9495e+00  51355.977    474.136 1531622503       0.08     -0.416   40.68988  -71.71200    32.8815  1025.4164    25.2849     9.3577 0.0000e+00
     27.786     9.3650    32.7106  1025.3956     3.4501     6.2602     95.926    0.01095    6.52609    6.53024      8.612     1.4645   11.77555   3.528971 2.5320e-11    25.2686    25.2681 1.0000e-12     28.000          1      11426    1485.19 3.9495e+00  51343.198    476.041 1531622505      -0.30     -0.508   40.68990  -71.71198    32.8647  1025.3981    25.2711     9.3620 0.0000e+00
     26.783     9.2371    32.6689  1025.3788     3.4441     6.1819     94.705   -0.00078    6.52751    6.53168 -9.990e-29     1.5205   11.77796   3.513056 2.5320e-11    25.2563    25.2559 1.0000e-12     27.000          1      11457    1484.66 3.9495e+00  51310.058    477.328 1531622506      -0.01     -0.768   40.68990  -71.71198    32.8178  1025.3773    25.2548     9.2343 0.0000e+00
     25.796     9.1794    32.6370  1025.3585     3.4546     6.2287     95.526    0.00462    6.52051    6.52457      8.617     1.3674   11.76649   3.505517 2.4959e-11    25.2405    25.2401 1.0000e-12     26.000          1      11612    1484.39 3.9495e+00  51276.085    483.807 1531622513      -0.05     -0.196   40.68990  -71.71197    32.7930  1025.3627    25.2447     9.1767 0.0000e+00
     24.804     9.2662    32.6341  1025.3379     3.5172     6.4408     99.074    0.02082    6.50109    6.50489      8.631     1.1683   11.73424   3.513177 2.5303e-11    25.2245    25.2241 1.0000e-12     25.000          1      11743    1484.69 3.9495e+00  51253.485    489.253 1531622518       0.05     -0.353   40.68990  -71.71195    32.7932  1025.3445    25.2311     9.2636 0.0000e+00
     23.808     9.4366    32.6479  1025.3169     3.5961     6.5256    100.615    0.00672    6.48578    6.48938      8.644     0.7400   11.70883   3.529461 2.5320e-11    25.2081    25.2077 1.0000e-12     24.000          1      12312    1485.31 3.9495e+00  51238.038    512.979 1531622542      -0.11     -0.238   40.68992  -71.71187    32.8058  1025.3226    25.2138     9.4341 0.0000e+00
     22.823     9.5023    32.6489  1025.3026     3.6502     6.6923    103.630    0.02062    6.45789    6.46109      8.670     0.5656   11.66291   3.535449 2.5320e-11    25.1983    25.1979 1.0000e-12     23.000          1      13127    1485.54 3.9495e+00  51225.419    546.924 1531622576      -0.07     -0.389   40.68996  -71.71177    32.8079  1025.3091    25.2049     9.4998 0.0000e+00
     21.830     9.6251    32.6415  1025.2724     3.7241     6.9040    107.247    0.03348    6.43749    6.44038      8.684     0.4959   11.62947   3.545956 2.5320e-11    25.1727    25.1723 1.0000e-12     22.000          1      13149    1485.96 3.9495e+00  51190.604    547.818 1531622577       0.06     -0.442   40.68996  -71.71176    32.8042  1025.2819    25.1822     9.6227 0.0000e+00
     20.835     9.7524    32.6145  1025.2259     3.8079     7.1160    111.023    0.04436    6.40958    6.41206      8.695     0.5316   11.58382   3.554776 2.5320e-11    25.1309    25.1305 1.0000e-12     21.000          1      13195    1486.38 3.9495e+00  51126.819    549.739 1531622579      -0.13     -0.538   40.68996  -71.71176    32.7791  1025.2371    25.1420     9.7501 0.0000e+00
     19.845     9.9197    32.5787  1025.1659     3.9108     7.2924    114.777    0.04769    6.35375    6.35548      8.709     0.5386   11.49150   3.566557 2.5320e-11    25.0754    25.0750 1.0000e-12     20.000          1      13247    1486.92 3.9495e+00  51043.433    551.901 1531622581       0.09     -0.455   40.68996  -71.71176    32.7479  1025.1808    25.0904     9.9174 0.0000e+00
     18.853    10.2670    32.5518  1025.0822     4.0155     7.4812    118.664    0.05189    6.30456    6.30564      8.720     0.6014   11.41005   3.595971 2.5118e-11    24.9964    24.9961 1.0000e-12     19.000          1      13296    1488.13 3.9495e+00  50941.293    553.947 1531622583      -0.09     -0.504   40.68996  -71.71175    32.7330  1025.1067    25.0209    10.2648 0.0000e+00
     17.861    10.5594    32.5446  1025.0221     4.0781     7.4689    119.731    0.03920    6.23810    6.23829      8.728     0.6309   11.30063   3.621812 2.5323e-11    24.9410    24.9406 1.0000e-12     18.000          1      13335    1489.15 3.9495e+00  50877.835    555.564 1531622585      -0.08     -0.602   40.68996  -71.71174    32.7308  1025.0506    24.9695    10.5573 0.0000e+00
     16.866    11.0261    32.5248  1024.9204     4.1879     7.5016    124.206    0.05253    6.04246    6.04024      8.748     0.7399   10.97683   3.662496 2.5320e-11    24.8439    24.8435 1.0000e-12     17.000          1      13384    1490.75 3.9495e+00  50770.222    557.644 1531622587       0.13     -0.475   40.68996  -71.71174    32.7203  1024.9564    24.8799    11.0241 0.0000e+00
     15.879    12.4426    32.4571  1024.6015     4.3790     7.6676    132.211    0.07801    5.79888    5.79379      8.765     0.8020   10.57447   3.792203 2.5320e-11    24.5299    24.5295 1.0000e-12     16.000          1      13448    1495.55 3.9495e+00  50461.050    560.290 1531622589      -0.20     -0.375   40.68997  -71.71174    32.7397  1024.7055    24.6339    12.4405 0.0000e+00
     14.881    13.9726    32.4286  1024.2717     4.4640     7.5250    133.173    0.05065    5.65075    5.64419      8.762     0.7638   10.32724   3.926792 2.5320e-11    24.2051    24.2047 1.0000e-12     15.000          1      13491    1500.60 3.9495e+00  50223.848    562.088 1531622591       0.06     -0.539   40.68997  -71.71172    32.6932  1024.3622    24.2956    13.9705 0.0000e+00
     13.892    15.9805    32.3125  1023.7461     4.4484     7.0823    128.494   -0.01746    5.51110    5.50319      8.749     0.6477   10.09530   4.102153 2.5320e-11    23.6844    23.6839 1.0000e-12     14.000          1      13549    1506.85 3.9495e+00  49853.863    564.517 1531622594      -0.05     -0.392   40.68998  -71.71172    32.6055  1023.8588    23.7971    15.9784 0.0000e+00
     12.897    17.5313    32.4271  1023.4705     4.3370     6.8123    124.951   -0.01139    5.45184    5.44339      8.743     0.5852    9.99682   4.252239 2.5320e-11    23.4136    23.4131 1.0000e-12     13.000          1      13764    1511.68 3.9495e+00  49886.833    573.474 1531622603      -0.07     -0.256   40.68998  -71.71169    32.6539  1023.5321    23.4752    17.5292 0.0000e+00
     11.904    18.2848    32.4103  1023.2728     4.3290     6.6675    125.884    0.01060    5.29685    5.28713      8.743     0.6238    9.73903   4.315203 2.5320e-11    23.2204    23.2199 1.0000e-12     12.000          1      14054    1513.88 3.9495e+00  49809.020    585.541 1531622615      -0.08     -0.410   40.68998  -71.71164    32.5878  1023.2968    23.2445    18.2828 0.0000e+00
     10.911    19.7748    32.4191  1022.9002     4.2135     6.2984    120.047   -0.02427    5.24688    5.23679      8.751     0.5819    9.65569   4.459312 2.5320e-11    22.8525    22.8520 1.0000e-12     11.000          1      14647    1518.14 3.9495e+00  49734.784    610.252 1531622639      -0.06     -0.255   40.69000  -71.71158    32.6149  1022.9378    22.8901    19.7729 0.0000e+00
      9.929    20.2295    32.4277  1022.7853     4.1383     6.0563    117.645   -0.02097    5.14788    5.13709      8.764     0.3904    9.49171   4.499756 2.5156e-11    22.7419    22.7414 1.0000e-12     10.000          1      15409    1519.41 3.9495e+00  49723.091    641.983 1531622671       0.04     -0.340   40.69005  -71.71149    32.5925  1022.7992    22.7559    20.2277 0.0000e+00
      8.928    20.6789    32.3731  1022.6203     4.0428     5.7628    112.667   -0.05508    5.11480    5.10379      8.752     0.2314    9.43721   4.538368 2.5317e-11    22.5814    22.5809 1.0000e-12      9.000          1      15348    1520.57 3.9495e+00  49627.917    639.456 1531622669      -0.13     -0.622   40.69004  -71.71150    32.5586  1022.6500    22.6111    20.6772 0.0000e+00
      7.942    21.2159    32.3384  1022.4458     3.9475     5.5701    109.037   -0.06138    5.10846    5.09740      8.745     0.1984    9.42696   4.586694 2.5057e-11    22.4112    22.4108 1.0000e-12      8.000          1      15387    1521.97 3.9495e+00  49557.386    641.083 1531622670      -0.01     -0.596   40.69004  -71.71148    32.5353  1022.4841    22.4495    21.2144 0.0000e+00
      6.942    21.5191    32.2866  1022.3199     3.9089     5.5556    108.939   -0.03526    5.09970    5.08857      8.743     0.2147    9.41311   4.606754 2.6582e-11    22.2897    22.2894 1.0000e-12      7.000          1      15420    1522.72 3.9495e+00  49474.468    642.455 1531622672      -0.02     -0.722   40.69004  -71.71148    32.4650  1022.3443    22.3141    21.5178 0.0000e+00
      5.959    21.6071    32.2508  1022.2645     3.8760     5.5369    108.612   -0.01775    5.09794    5.08679 -9.990e-29     0.1832    9.41031   4.610461 2.5245e-11    22.2386    22.2383 1.0000e-12      6.000          1      15462    1522.89 3.9495e+00  49422.292    644.193 1531622673       0.08     -0.562   40.69004  -71.71148    32.4282  1022.2882    22.2623    21.6059 0.0000e+00
      4.958    21.7290    32.1776  1022.1712     3.8526     5.4869    107.635   -0.02091    5.09767    5.08653 -9.990e-29     0.1728    9.40990   4.612371 2.5320e-11    22.1496    22.1494 1.0000e-12      5.000          1      15492    1523.12 3.9495e+00  49317.072    645.471 1531622675      -0.21     -0.720   40.69004  -71.71148    32.3520  1022.1928    22.1712    21.7281 0.0000e+00
      3.969    21.7460    32.1680  1022.1548     3.8520     5.5306    108.475   -0.00258    5.09849    5.08735      8.741     0.1902    9.41118   4.612069 2.5113e-11    22.1376    22.1374 1.0000e-12      4.000          1      15528    1523.14 3.9495e+00  49302.803    646.970 1531622676       0.15     -0.711   40.69004  -71.71148    32.3372  1022.1726    22.1554    21.7452 0.0000e+00
