CalculateIndicators/WaterTemperature/Data/CTD_NYOS/NY1807C20.cnv
* Sea-Bird SBE 9 Data File:
* FileName = C:\Seabird 9 CTD\Data\2018\OffshoreCruise201807\NY1807C20.hex
* Software Version Seasave V 7.23.2
* Temperature SN = 4590
* Conductivity SN = 3228
* Number of Bytes Per Scan = 44
* Number of Voltage Words = 5
* Number of Scans Averaged by the Deck Unit = 1
* NMEA Latitude = 38 43.92 N
* NMEA Longitude = 073 04.40 W
* NMEA UTC (Time) = Jul 18 2018  13:40:37
* NMEA baud rate = 4800
** Ship: RV Seawolf
** Station: NY1807C20
** Operator: AJB
# nquan = 35
# nvalues = 308                         
# units = specified
# name 0 = depSM: Depth [salt water, m]
# name 1 = t090C: Temperature [ITS-90, deg C]
# name 2 = sal00: Salinity, Practical [PSU]
# name 3 = density00: Density [density, kg/m^3]
# name 4 = sbeox0V: Oxygen raw, SBE 43 [V]
# name 5 = sbeox0ML/L: Oxygen, SBE 43 [ml/l]
# name 6 = sbeox0PS: Oxygen, SBE 43 [% saturation]
# name 7 = sbox0dV/dT: Oxygen, SBE 43 [dov/dt]
# name 8 = oxsolML/L: Oxygen Saturation, Garcia & Gordon [ml/l]
# name 9 = oxsatML/L: Oxygen Saturation, Weiss [ml/l]
# name 10 = ph: pH
# name 11 = flECO-AFL: Fluorescence, WET Labs ECO-AFL/FL [mg/m^3]
# name 12 = n2satML/L: Nitrogen Saturation [ml/l]
# name 13 = c0S/m: Conductivity [S/m]
# name 14 = cpar: CPAR/Corrected Irradiance [%]
# name 15 = sigma-é00: Density [sigma-theta, kg/m^3]
# name 16 = sigma-t00: Density [sigma-t, kg/m^3 ]
# name 17 = par: PAR/Irradiance, Biospherical/Licor
# name 18 = prDM: Pressure, Digiquartz [db]
# name 19 = pumps: Pump Status
# name 20 = scan: Scan Count
# name 21 = svCM: Sound Velocity [Chen-Millero, m/s]
# name 22 = spar: SPAR, Biospherical/Licor
# name 23 = specc: Specific Conductance [uS/cm]
# name 24 = timeS: Time, Elapsed [seconds]
# name 25 = timeY: Time, System [seconds]
# name 26 = accM: Acceleration [m/s^2]
# name 27 = dz/dtM: Descent Rate [m/s]
# name 28 = latitude: Latitude [deg]
# name 29 = longitude: Longitude [deg]
# name 30 = gsw_saA0: Absolute Salinity [g/kg]
# name 31 = gsw_densityA0: density, TEOS-10 [density, kg/m^3]
# name 32 = gsw_sigma0A0: density, TEOS-10 [sigma-0, kg/m^3 ]
# name 33 = gsw_ptA0: potential temperature [ITS-90, deg C]
# name 34 = flag: flag
# span 0 =      0.974,    153.787       
# span 1 =     9.4582,    24.2230       
# span 2 =    32.0021,    35.5403       
# span 3 =  1021.3234,  1027.5378       
# span 4 =     2.9523,     4.3332       
# span 5 =     4.6628,     7.0854       
# span 6 =     78.611,    126.414       
# span 7 =   -0.06485,    0.09443       
# span 8 =    4.88416,    6.46835       
# span 9 =    4.87205,    6.47250       
# span 10 =      8.716,      8.983      
# span 11 =    -0.0874,     1.1673      
# span 12 =    9.05583,   11.67019      
# span 13 =   3.612831,   4.887001      
# span 14 = -1.875e-06, 1.2777e+02      
# span 15 =    21.3173,    26.8502      
# span 16 =    21.3171,    26.8460      
# span 17 = -1.400e-06, 1.4947e+03      
# span 18 =      1.000,    155.000      
# span 19 =          1,          1      
# span 20 =       1652,      38773      
# span 21 =    1486.73,    1529.30      
# span 22 = 7.4174e+02, 2.3965e+03      
# span 23 =  49010.949,  54752.033      
# span 24 =     68.785,   1615.499      
# span 25 = 1531921311, 1531922857      
# span 26 =      -0.90,       0.73      
# span 27 =     -1.331,      1.060      
# span 28 =   38.72718,   38.73180      
# span 29 =  -73.07671,  -73.07373      
# span 30 =    32.1537,    35.7088      
# span 31 =  1021.3283,  1027.5420      
# span 32 =    21.3213,    26.8547      
# span 33 =     9.4536,    24.2228      
# span 34 = 0.0000e+00, 0.0000e+00      
# interval = decibars: 1                
# start_time = Jul 18 2018 13:40:42 [System UTC, first data scan.]
# bad_flag = -9.990e-29
*END*
[from data line 125]
    126.006    12.7932    35.4587  1027.3571     3.1028     4.9772     83.857    0.00210    5.93534    5.93391      8.732    -0.0752   10.76572   4.130181 6.6023e-14    26.7934    26.7900 1.0000e-12    127.000          1      12798    1502.15 1.5791e+03  54634.310    533.191 1531921775       0.14      0.385   38.73044  -73.07482    35.6292  1027.3631    26.7995    12.7759 0.0000e+00
    126.998    12.8107    35.4651  1027.3630     3.1068     4.9806     84.001    0.00177    5.92927    5.92777      8.733    -0.0783   10.75550   4.132603 8.3086e-14    26.7949    26.7914 1.0000e-12    128.000          1      12928    1502.23 1.3645e+03  54641.089    538.640 1531921780       0.11      0.527   38.73042  -73.07482    35.6356  1027.3689    26.8010    12.7933 0.0000e+00
    127.981    12.8336    35.4735  1027.3692     3.1066     4.9702     83.828   -0.00042    5.92900    5.92750      8.733    -0.0624   10.75504   4.135838 5.0608e-14    26.7968    26.7933 1.0000e-12    129.000          1      12985    1502.33 1.9407e+03  54649.651    541.005 1531921783       0.03      0.433   38.73042  -73.07482    35.6448  1027.3758    26.8035    12.8160 0.0000e+00
    128.986    12.8450    35.4780  1027.3750     3.1053     4.9601     83.673   -0.00192    5.92795    5.92644      8.733    -0.0675   10.75326   4.137286 6.3569e-14    26.7981    26.7946 1.0000e-12    130.000          1      13064    1502.39 1.6572e+03  54654.917    544.312 1531921786       0.18      0.717   38.73041  -73.07482    35.6476  1027.3802    26.8034    12.8272 0.0000e+00
    129.978    12.8494    35.4810  1027.3808     3.1031     4.9594     83.680   -0.00096    5.92666    5.92514 -9.990e-29    -0.0703   10.75109   4.138064 7.2061e-14    26.7996    26.7960 1.0000e-12    131.000          1      13166    1502.43 1.5816e+03  54658.929    548.556 1531921790      -0.18      0.713   38.73040  -73.07484    35.6504  1027.3859    26.8047    12.8315 0.0000e+00
    130.960    12.8662    35.4876  1027.3870     3.1038     4.9653     83.822    0.00030    5.92362    5.92206 -9.990e-29    -0.0718   10.74596   4.140456 6.8369e-14    26.8014    26.7978 1.0000e-12    132.000          1      13321    1502.51 1.6146e+03  54666.149    554.987 1531921797       0.17      0.349   38.73038  -73.07484    35.6572  1027.3922    26.8067    12.8481 0.0000e+00
    131.960    12.8766    35.4915  1027.3923     3.1033     4.9610     83.747   -0.00042    5.92374    5.92219 -9.990e-29    -0.0725   10.74617   4.141936 6.8613e-14    26.8023    26.7987 1.0000e-12    133.000          1      13365    1502.57 1.6187e+03  54670.470    556.820 1531921799       0.08      0.586   38.73038  -73.07484    35.6612  1027.3976    26.8077    12.8584 0.0000e+00
    132.947    12.8898    35.4961  1027.3977     3.1066     4.9714     83.959    0.00060    5.92128    5.91970      8.734    -0.0745   10.74202   4.143716 6.9462e-14    26.8033    26.7996 1.0000e-12    134.000          1      13496    1502.63 1.6025e+03  54675.461    562.303 1531921804       0.01      0.370   38.73036  -73.07484    35.6654  1027.4027    26.8083    12.8714 0.0000e+00
    133.938    12.8982    35.4997  1027.4032     3.1060     4.9668     83.890   -0.00011    5.92055    5.91896      8.734    -0.0734   10.74079   4.144962 7.2415e-14    26.8045    26.8007 1.0000e-12    135.000          1      13579    1502.68 1.6009e+03  54679.790    565.741 1531921808       0.14      0.311   38.73036  -73.07486    35.6691  1027.4082    26.8095    12.8797 0.0000e+00
    134.929    12.9067    35.5046  1027.4097     3.1050     4.9626     83.848   -0.00042    5.91861    5.91700      8.734    -0.0741   10.73749   4.146336 1.0854e-13    26.8066    26.8028 1.0000e-12    136.000          1      13685    1502.73 1.0175e+03  54685.839    570.173 1531921812       0.13      0.247   38.73034  -73.07486    35.6738  1027.4146    26.8115    12.8880 0.0000e+00
    135.925    12.9169    35.5098  1027.4162     3.1032     4.9573     83.778   -0.00054    5.91715    5.91553      8.734    -0.0666   10.73502   4.147990 7.3929e-14    26.8086    26.8048 1.0000e-12    137.000          1      13765    1502.79 1.4951e+03  54692.078    573.479 1531921815       0.20      0.387   38.73034  -73.07486    35.6797  1027.4215    26.8140    12.8981 0.0000e+00
    136.914    12.9318    35.5185  1027.4243     3.0967     4.9369     83.450   -0.00205    5.91603    5.91439 -9.990e-29    -0.0639   10.73309   4.150387 1.2643e-13    26.8123    26.8085 1.0000e-12    138.000          1      13868    1502.86 7.9859e+02  54702.378    577.773 1531921820       0.52      0.425   38.73032  -73.07486    35.6883  1027.4296    26.8177    12.9128 0.0000e+00
    137.906    12.9346    35.5210  1027.4301     3.0922     4.9318     83.365   -0.00115    5.91588    5.91425      8.733    -0.0701   10.73283   4.150880 1.0072e-13    26.8137    26.8099 1.0000e-12    139.000          1      13946    1502.89 1.1623e+03  54705.950    581.048 1531921823      -0.07      0.307   38.73032  -73.07486    35.6900  1027.4347    26.8184    12.9155 0.0000e+00
    138.892    12.9333    35.5219  1027.4355     3.0873     4.9093     82.991   -0.00404    5.91540    5.91376      8.733    -0.0642   10.73196   4.150889 7.9997e-14    26.8147    26.8108 1.0000e-12    140.000          1      14060    1502.90 1.4171e+03  54707.998    585.810 1531921828       0.44      0.453   38.73030  -73.07488    35.6909  1027.4401    26.8194    12.9140 0.0000e+00
    139.896    12.9357    35.5273  1027.4437     3.0787     4.8897     82.657   -0.00446    5.91566    5.91403      8.732    -0.0642   10.73241   4.151743 8.3511e-14    26.8185    26.8146 1.0000e-12    141.000          1      14119    1502.93 1.3751e+03  54715.762    588.239 1531921830       0.13      0.638   38.73029  -73.07488    35.6964  1027.4484    26.8232    12.9163 0.0000e+00
    140.884    12.9331    35.5288  1027.4498     3.0703     4.8820     82.523   -0.00237    5.91587    5.91424 -9.990e-29    -0.0698   10.73274   4.151630 7.6833e-14    26.8201    26.8162 1.0000e-12    142.000          1      14224    1502.94 1.4098e+03  54718.702    592.645 1531921834       0.05      0.547   38.73028  -73.07489    35.6972  1027.4540    26.8244    12.9136 0.0000e+00
    141.872    12.9299    35.5310  1027.4566     3.0643     4.8752     82.403   -0.00130    5.91632    5.91470 -9.990e-29    -0.0693   10.73346   4.151593 1.2692e-13    26.8226    26.8186 1.0000e-12    143.000          1      14478    1502.95 7.8629e+02  54722.864    603.201 1531921845       0.01      0.119   38.73025  -73.07490    35.6995  1027.4609    26.8268    12.9103 0.0000e+00
    142.867    12.9186    35.5348  1027.4663     3.0489     4.8358     81.724   -0.00323    5.91728    5.91567 -9.990e-29    -0.0610   10.73502   4.150909 1.0274e-13    26.8278    26.8238 1.0000e-12    144.000          1      14687    1502.94 1.0693e+03  54730.302    611.924 1531921854       0.20      0.394   38.73023  -73.07492    35.7031  1027.4704    26.8319    12.8988 0.0000e+00
    143.857    12.9156    35.5362  1027.4724     3.0409     4.8255     81.539   -0.00202    5.91798    5.91639      8.728    -0.0736   10.73615   4.150811 1.0031e-13    26.8295    26.8255 1.0000e-12    145.000          1      14893    1502.94 1.1488e+03  54733.271    620.512 1531921862       0.05      0.373   38.73020  -73.07492    35.7047  1027.4767    26.8337    12.8956 0.0000e+00
    144.852    12.9072    35.5387  1027.4806     3.0302     4.8014     81.123   -0.00257    5.91861    5.91703      8.728    -0.0697   10.73718   4.150269 1.1248e-13    26.8332    26.8291 1.0000e-12    146.000          1      15119    1502.94 9.7140e+02  54738.646    629.918 1531921872       0.19      0.264   38.73017  -73.07495    35.7069  1027.4846    26.8372    12.8871 0.0000e+00
    145.846    12.9013    35.5403  1027.4875     3.0223     4.7924     80.965   -0.00108    5.91912    5.91754 -9.990e-29    -0.0627   10.73799   4.149927 1.2180e-13    26.8356    26.8316 1.0000e-12    147.000          1      15385    1502.93 8.4718e+02  54742.299    640.997 1531921883       0.26      0.358   38.73013  -73.07497    35.7088  1027.4917    26.8399    12.8811 0.0000e+00
    146.831    12.9029    35.5401  1027.4914     3.0199     4.7897     80.921   -0.00072    5.91893    5.91735 -9.990e-29    -0.0679   10.73769   4.150132 1.1573e-13    26.8351    26.8311 1.0000e-12    148.000          1      15669    1502.96 9.0768e+02  54742.378    652.817 1531921895       0.16      0.148   38.73010  -73.07500    35.7088  1027.4958    26.8395    12.8826 0.0000e+00
    147.828    12.9044    35.5397  1027.4953     3.0232     4.8001     81.093   -0.00012    5.91921    5.91764 -9.990e-29    -0.0666   10.73815   4.150292 1.0565e-13    26.8346    26.8305 1.0000e-12    149.000          1      15872    1502.98 1.0642e+03  54742.229    661.295 1531921903       0.26      0.275   38.73007  -73.07502    35.7085  1027.4998    26.8391    12.8839 0.0000e+00
    148.824    12.8968    35.5401  1027.5016     3.0186     4.7835     80.807   -0.00188    5.91974    5.91817 -9.990e-29    -0.0713   10.73902   4.149607 1.0499e-13    26.8364    26.8323 1.0000e-12    150.000          1      16099    1502.97 1.0496e+03  54744.478    670.733 1531921913       0.33      0.363   38.73004  -73.07503    35.7086  1027.5058    26.8407    12.8762 0.0000e+00
    149.808    12.8845    35.5389  1027.5077     3.0090     4.7625     80.431   -0.00243    5.92120    5.91965      8.725    -0.0644   10.74145   4.148309 1.0164e-13    26.8380    26.8339 1.0000e-12    151.000          1      16343    1502.94 1.1058e+03  54745.342    680.900 1531921923       0.01      0.316   38.73001  -73.07504    35.7074  1027.5118    26.8422    12.8638 0.0000e+00
    150.805    12.8572    35.5369  1027.5161     2.9920     4.7261     79.753   -0.00360    5.92594    5.92445      8.722    -0.0642   10.74932   4.145347 1.1175e-13    26.8419    26.8377 1.0000e-12    152.000          1      16597    1502.87 9.6777e+02  54747.161    691.510 1531921933       0.12      0.373   38.72996  -73.07506    35.7042  1027.5193    26.8453    12.8364 0.0000e+00
    151.791    12.8129    35.5338  1027.5272     2.9643     4.6715     78.773   -0.00369    5.93027    5.92883      8.719    -0.0618   10.75652   4.140733 1.0566e-13    26.8485    26.8443 1.0000e-12    153.000          1      16866    1502.73 1.0429e+03  54750.327    702.690 1531921945       0.09      0.214   38.72993  -73.07507    35.7012  1027.5305    26.8518    12.7919 0.0000e+00
    152.782    12.8037    35.5329  1027.5328     2.9563     4.6651     78.648   -0.00175    5.93164    5.93022      8.716    -0.0708   10.75880   4.139877 1.2790e-13    26.8496    26.8454 1.0000e-12    154.000          1      17109    1502.72 7.7993e+02  54751.054    712.832 1531921955       0.06      0.260   38.72990  -73.07508    35.7012  1027.5368    26.8537    12.7827 0.0000e+00
    153.787    12.8008    35.5329  1027.5378     2.9523     4.6628     78.611   -0.00027    5.93150    5.93007      8.716    -0.0677   10.75855   4.139654 6.3072e-14    26.8502    26.8460 1.0000e-12    155.000          1      17647    1502.73 1.7306e+03  54752.033    735.241 1531921977      -0.41      0.496   38.72982  -73.07513    35.7014  1027.5420    26.8544    12.7796 0.0000e+00
    152.781    12.8082    35.5328  1027.5317     2.9568     4.6759     78.828    0.00051    5.93183    5.93041      8.716    -0.0637   10.75911   4.140361 7.5247e-14    26.8486    26.8444 1.0000e-12    154.000          1      17614    1502.73 1.4945e+03  54750.136    733.865 1531921976      -0.20     -0.386   38.72982  -73.07512    35.7016  1027.5362    26.8531    12.7871 0.0000e+00
    151.775    12.8025    35.5331  1027.5287     2.9579     4.6870     79.015    0.00237    5.93186    5.93044      8.717    -0.0692   10.75914   4.139815 8.9798e-14    26.8500    26.8458 1.0000e-12    153.000          1      18048    1502.70 1.3244e+03  54750.959    751.973 1531921994      -0.19     -0.536   38.72977  -73.07517    35.7022  1027.5334    26.8547    12.7815 0.0000e+00
    150.783    12.8457    35.5338  1027.5160     2.9804     4.7538     80.220    0.00800    5.92598    5.92449      8.720    -0.0679   10.74940   4.144333 9.1743e-14    26.8419    26.8377 1.0000e-12    152.000          1      18622    1502.82 1.1720e+03  54744.691    775.871 1531922018      -0.19     -0.927   38.72969  -73.07522    35.7053  1027.5225    26.8484    12.8249 0.0000e+00
    149.796    12.8638    35.5360  1027.5096     2.9941     4.7661     80.461    0.00493    5.92354    5.92202      8.723    -0.0839   10.74534   4.146149 5.2858e-14    26.8399    26.8358 1.0000e-12    151.000          1      18725    1502.87 1.8658e+03  54744.414    780.168 1531922022      -0.04     -0.765   38.72968  -73.07522    35.7061  1027.5151    26.8454    12.8431 0.0000e+00
    148.807    12.8729    35.5373  1027.5042     3.0008     4.7699     80.547    0.00310    5.92187    5.92033      8.724    -0.0681   10.74257   4.147116 6.8431e-14    26.8390    26.8349 1.0000e-12    150.000          1      18824    1502.89 1.5893e+03  54744.147    784.311 1531922026      -0.04     -0.625   38.72967  -73.07522    35.7072  1027.5096    26.8444    12.8524 0.0000e+00
    147.820    12.8849    35.5382  1027.4981     3.0089     4.7801     80.740    0.00202    5.92043    5.91887      8.725    -0.0658   10.74018   4.148298 9.5918e-14    26.8373    26.8332 1.0000e-12    149.000          1      18932    1502.91 1.1905e+03  54743.097    788.802 1531922031      -0.12     -0.267   38.72966  -73.07522    35.7077  1027.5030    26.8423    12.8645 0.0000e+00
    146.835    12.8982    35.5378  1027.4906     3.0198     4.8049     81.188    0.00307    5.91832    5.91673      8.725    -0.0678   10.73670   4.149511 1.1388e-13    26.8343    26.8302 1.0000e-12    148.000          1      19050    1502.94 9.5472e+02  54739.901    793.699 1531922036      -0.27     -0.187   38.72964  -73.07524    35.7072  1027.4956    26.8393    12.8779 0.0000e+00
    145.832    12.9031    35.5378  1027.4851     3.0262     4.8180     81.411    0.00300    5.91808    5.91648      8.728    -0.0646   10.73630   4.149966 6.2582e-14    26.8333    26.8292 1.0000e-12    147.000          1      19103    1502.94 1.7119e+03  54738.559    795.934 1531922038      -0.14     -0.575   38.72963  -73.07524    35.7074  1027.4902    26.8384    12.8830 0.0000e+00
    144.848    12.9160    35.5359  1027.4767     3.0383     4.8481     81.941    0.00459    5.91657    5.91495      8.728    -0.0763   10.73387   4.150946 8.3892e-14    26.8292    26.8252 1.0000e-12    146.000          1      19238    1502.96 1.3977e+03  54733.519    801.545 1531922043      -0.19     -0.486   38.72960  -73.07524    35.7051  1027.4814    26.8341    12.8959 0.0000e+00
    143.855    12.9256    35.5318  1027.4670     3.0546     4.8905     82.662    0.00657    5.91635    5.91473 -9.990e-29    -0.0766   10.73353   4.151428 6.8003e-14    26.8241    26.8201 1.0000e-12    145.000          1      19327    1502.97 1.6017e+03  54725.771    805.241 1531922047      -0.01     -0.380   38.72960  -73.07524    35.7012  1027.4720    26.8290    12.9056 0.0000e+00
    142.857    12.9335    35.5283  1027.4582     3.0681     4.9123     83.032    0.00523    5.91619    5.91456      8.730    -0.0721   10.73331   4.151755 1.0704e-13    26.8197    26.8158 1.0000e-12    144.000          1      19424    1502.98 9.9087e+02  54719.145    809.274 1531922051      -0.32     -0.524   38.72958  -73.07524    35.6973  1027.4629    26.8244    12.9137 0.0000e+00
