CalculateIndicators/WaterTemperature/Data/CTD_NYOS/NY1807C05.cnv
* Sea-Bird SBE 9 Data File:
* FileName = C:\Seabird 9 CTD\Data\2018\OffshoreCruise201807\NY1807C05.hex
* Software Version Seasave V 7.23.2
* Temperature SN = 4590
* Conductivity SN = 3228
* Number of Bytes Per Scan = 44
* Number of Voltage Words = 5
* Number of Scans Averaged by the Deck Unit = 1
* NMEA Latitude = 39 39.66 N
* NMEA Longitude = 072 01.59 W
* NMEA UTC (Time) = Jul 15 2018  17:16:33
* NMEA baud rate = 4800
** Ship: RV Seawolf
** Station: NY1807C05
** Operator: AJB
# nquan = 35
# nvalues = 338                         
# units = specified
# name 0 = depSM: Depth [salt water, m]
# name 1 = t090C: Temperature [ITS-90, deg C]
# name 2 = sal00: Salinity, Practical [PSU]
# name 3 = density00: Density [density, kg/m^3]
# name 4 = sbeox0V: Oxygen raw, SBE 43 [V]
# name 5 = sbeox0ML/L: Oxygen, SBE 43 [ml/l]
# name 6 = sbeox0PS: Oxygen, SBE 43 [% saturation]
# name 7 = sbox0dV/dT: Oxygen, SBE 43 [dov/dt]
# name 8 = oxsolML/L: Oxygen Saturation, Garcia & Gordon [ml/l]
# name 9 = oxsatML/L: Oxygen Saturation, Weiss [ml/l]
# name 10 = ph: pH
# name 11 = flECO-AFL: Fluorescence, WET Labs ECO-AFL/FL [mg/m^3]
# name 12 = n2satML/L: Nitrogen Saturation [ml/l]
# name 13 = c0S/m: Conductivity [S/m]
# name 14 = cpar: CPAR/Corrected Irradiance [%]
# name 15 = sigma-é00: Density [sigma-theta, kg/m^3]
# name 16 = sigma-t00: Density [sigma-t, kg/m^3 ]
# name 17 = par: PAR/Irradiance, Biospherical/Licor
# name 18 = prDM: Pressure, Digiquartz [db]
# name 19 = pumps: Pump Status
# name 20 = scan: Scan Count
# name 21 = svCM: Sound Velocity [Chen-Millero, m/s]
# name 22 = spar: SPAR, Biospherical/Licor
# name 23 = specc: Specific Conductance [uS/cm]
# name 24 = timeS: Time, Elapsed [seconds]
# name 25 = timeY: Time, System [seconds]
# name 26 = accM: Acceleration [m/s^2]
# name 27 = dz/dtM: Descent Rate [m/s]
# name 28 = latitude: Latitude [deg]
# name 29 = longitude: Longitude [deg]
# name 30 = gsw_saA0: Absolute Salinity [g/kg]
# name 31 = gsw_densityA0: density, TEOS-10 [density, kg/m^3]
# name 32 = gsw_sigma0A0: density, TEOS-10 [sigma-0, kg/m^3 ]
# name 33 = gsw_ptA0: potential temperature [ITS-90, deg C]
# name 34 = flag: flag
# span 0 =      0.981,    168.652       
# span 1 =     8.9019,    22.1066       
# span 2 =    33.3051,    35.4819       
# span 3 =  1022.9117,  1027.6911       
# span 4 =     2.6390,     4.1249       
# span 5 =     4.0687,     6.8063       
# span 6 =     67.685,    118.723       
# span 7 =   -0.03876,    0.02553       
# span 8 =    5.02961,    6.51572       
# span 9 =    5.01841,    6.52089       
# span 10 =      8.612,      8.888      
# span 11 =    -0.0744,     0.7287      
# span 12 =    9.28541,   11.74456      
# span 13 =   3.592597,   4.845401      
# span 14 = 4.7487e-14, 3.4089e+01      
# span 15 =    22.9031,    26.9348      
# span 16 =    22.9030,    26.9305      
# span 17 = 1.0000e-12, 6.1927e+02      
# span 18 =      1.000,    170.000      
# span 19 =          1,          1      
# span 20 =       1013,      46733      
# span 21 =    1485.61,    1525.68      
# span 22 = 9.1276e+02, 2.1296e+03      
# span 23 =  50844.434,  54788.017      
# span 24 =     42.156,   1947.187      
# span 25 = 1531675051, 1531676956      
# span 26 =      -0.50,       0.84      
# span 27 =     -0.813,      0.796      
# span 28 =   39.65518,   39.66095      
# span 29 =  -72.02638,  -72.02299      
# span 30 =    33.4701,    35.6502      
# span 31 =  1022.9198,  1027.6957      
# span 32 =    22.9112,    26.9395      
# span 33 =     8.8938,    22.1062      
# span 34 = 0.0000e+00, 0.0000e+00      
# interval = decibars: 1                
# start_time = Jul 15 2018 17:16:49 [System UTC, first data scan.]
# bad_flag = -9.990e-29
*END*
      0.981    22.1055    33.3380  1022.9305     3.7689     5.3131    105.609   -0.00193    5.03092    5.01973 -9.990e-29     0.0326    9.28726   4.794668 1.7182e+01    22.9262    22.9262 2.9104e+02      1.000          1       1013    1525.33 1.7045e+03  50887.139     42.156 1531675051       0.84     -0.298   39.66095  -72.02638    33.4959  1022.9353    22.9310    22.1053 0.0000e+00
      1.991    22.0984    33.3374  1022.9364     3.7761     5.3357    106.050    0.00202    5.03127    5.02009      8.838     0.0377    9.28786   4.793897 2.6058e+01    22.9278    22.9277 4.6442e+02      2.000          1       1396    1525.33 1.7755e+03  50886.962     58.133 1531675067       0.15      0.242   39.66090  -72.02634    33.4951  1022.9410    22.9324    22.0980 0.0000e+00
      2.985    22.0965    33.3372  1022.9412     3.7778     5.3385    106.106    0.00152    5.03128    5.02010      8.838     0.0528    9.28787   4.793795 3.4089e+01    22.9282    22.9281 6.1927e+02      3.000          1       1797    1525.34 1.8173e+03  50887.232     74.854 1531675084       0.51      0.184   39.66084  -72.02630    33.4954  1022.9461    22.9332    22.0959 0.0000e+00
      3.975    22.0927    33.3360  1022.9456     3.7776     5.3455    106.131    0.00197    5.03670    5.02554      8.838     0.0600    9.29688   4.793073 3.2080e+01    22.9284    22.9282 5.8972e+02      4.000          1       1889    1525.34 1.8385e+03  50886.113     78.652 1531675088       0.36      0.274   39.66083  -72.02630    33.4924  1022.9492    22.9320    22.0919 0.0000e+00
      4.962    22.0080    33.3394  1022.9761     3.7747     5.3419    105.924   -0.00056    5.04312    5.03201      8.840     0.0961    9.30706   4.785067 2.9762e+01    22.9546    22.9543 5.5414e+02      5.000          1       1996    1525.14 1.8622e+03  50894.101     83.125 1531675092       0.03      0.249   39.66081  -72.02628    33.4948  1022.9790    22.9575    22.0070 0.0000e+00
      5.955    21.9505    33.3987  1023.0415     3.7837     5.3660    106.427    0.00329    5.04194    5.03084      8.843     0.1106    9.30472   4.787319 2.7090e+01    23.0157    23.0154 5.1067e+02      6.000          1       2083    1525.07 1.8852e+03  50977.396     86.742 1531675096       0.17      0.307   39.66080  -72.02627    33.5566  1023.0460    23.0202    21.9493 0.0000e+00
      6.951    21.9510    33.4403  1023.0773     3.7855     5.3625    106.359    0.00024    5.04186    5.03077      8.844     0.1146    9.30424   4.792766 2.4531e+01    23.0472    23.0468 4.6739e+02      7.000          1       2182    1525.13 1.9058e+03  51034.313     90.889 1531675100       0.30      0.386   39.66078  -72.02626    33.5987  1023.0820    23.0519    21.9496 0.0000e+00
      7.947    21.9224    33.4982  1023.1336     3.7929     5.3894    106.869    0.00526    5.04300    5.03193      8.846     0.1235    9.30552   4.797439 2.0854e+01    23.0991    23.0987 4.0061e+02      8.000          1       2266    1525.14 1.9215e+03  51114.761     94.391 1531675103       0.35      0.509   39.66076  -72.02626    33.6573  1023.1386    23.1042    21.9209 0.0000e+00
      8.927    21.8837    33.6042  1023.2291     3.7993     5.3881    106.960    0.00196    5.03746    5.02642      8.853     0.1357    9.29428   4.807357 1.5713e+01    23.1904    23.1899 3.0158e+02      9.000          1       2407    1525.17 1.9196e+03  51260.715    100.257 1531675109       0.05      0.213   39.66075  -72.02624    33.7652  1023.2352    23.1965    21.8820 0.0000e+00
      9.936    21.9051    33.7311  1023.3239     3.8045     5.3958    107.123    0.00161    5.03702    5.02597      8.852     0.1416    9.29392   4.826537 1.1102e+01    23.2809    23.2804 2.1402e+02     10.000          1       2464    1525.38 1.9259e+03  51433.606    102.610 1531675112       0.49      0.475   39.66074  -72.02624    33.8992  1023.3349    23.2919    21.9031 0.0000e+00
     10.917    21.9638    33.8452  1023.3986     3.8276     5.4741    108.356    0.01006    5.05200    5.04109      8.860     0.1524    9.31689   4.845401 8.1288e+00    23.3513    23.3507 1.5677e+02     11.000          1       2591    1525.68 1.9275e+03  51586.182    107.914 1531675117       0.36      0.299   39.66072  -72.02622    34.0013  1023.4001    23.3528    21.9616 0.0000e+00
     11.916    21.6088    33.8948  1023.5389     3.8687     5.5966    110.462    0.02386    5.06643    5.05562      8.863     0.1750    9.34058   4.814914 7.7274e+00    23.4873    23.4866 1.5089e+02     12.000          1       2665    1524.81 1.9525e+03  51667.666    110.980 1531675120       0.40      0.507   39.66071  -72.02621    34.0399  1023.5320    23.4803    21.6065 0.0000e+00
     12.906    21.2513    33.9870  1023.7113     3.9122     5.7177    111.625    0.01601    5.12215    5.11173      8.874     0.2175    9.43234   4.790830 7.4006e+00    23.6553    23.6546 1.4475e+02     13.000          1       2771    1523.98 1.9559e+03  51808.096    115.399 1531675124       0.16      0.493   39.66069  -72.02620    34.1317  1023.7038    23.6478    21.2488 0.0000e+00
     13.895    20.3647    34.0273  1023.9839     3.9844     5.9750    114.668    0.02519    5.21036    5.20057      8.883     0.3064    9.57889   4.704484 7.3465e+00    23.9234    23.9227 1.4311e+02     14.000          1       2875    1521.62 1.9481e+03  51904.397    119.743 1531675129       0.06      0.336   39.66068  -72.02618    34.1458  1023.9566    23.8962    20.3621 0.0000e+00
     14.885    19.8046    34.0056  1024.1200     4.0149     6.0162    114.571    0.00274    5.25112    5.24162      8.886     0.3745    9.64704   4.648225 7.0722e+00    24.0551    24.0543 1.3695e+02     15.000          1       2980    1520.07 1.9364e+03  51903.543    124.120 1531675133       0.01      0.244   39.66066  -72.02617    34.1396  1024.1046    24.0397    19.8018 0.0000e+00
     15.877    19.4498    33.9596  1024.1812     4.0276     6.0862    115.168    0.00534    5.28467    5.27542      8.888     0.4287    9.70327   4.607525 6.6498e+00    24.1119    24.1111 1.2845e+02     16.000          1       3073    1519.04 1.9315e+03  51860.996    128.000 1531675137       0.06      0.284   39.66064  -72.02616    34.0924  1024.1652    24.0959    19.4470 0.0000e+00
     16.870    19.1806    33.9194  1024.2240     4.0394     6.1174    115.397    0.00179    5.30112    5.29200      8.888     0.4361    9.73081   4.577385 6.0377e+00    24.1503    24.1495 1.1612e+02     17.000          1       3169    1518.25 1.9234e+03  51822.404    132.003 1531675141      -0.02      0.228   39.66062  -72.02616    34.0619  1024.2156    24.1418    19.1775 0.0000e+00
     17.862    18.9704    33.8913  1024.2603     4.0461     6.1647    115.674    0.00240    5.32935    5.32045      8.886     0.4457    9.77806   4.553343 5.5688e+00    24.1822    24.1814 1.0690e+02     18.000          1       3269    1517.64 1.9194e+03  51797.365    136.176 1531675145       0.03      0.259   39.66060  -72.02615    34.0332  1024.2516    24.1734    18.9672 0.0000e+00
     18.851    18.6559    33.8501  1024.3126     4.0482     6.1944    115.674    0.00077    5.35503    5.34633      8.885     0.4845    9.82102   4.517074 5.0175e+00    24.2300    24.2292 9.8055e+01     19.000          1       3372    1516.70 1.9545e+03  51761.630    140.468 1531675150       0.33      0.253   39.66060  -72.02614    33.9871  1024.3002    24.2176    18.6525 0.0000e+00
     19.849    18.5364    33.8388  1024.3382     4.0545     6.2133    115.929    0.00131    5.35956    5.35091      8.887     0.4668    9.82857   4.505582 4.6060e+00    24.2512    24.2503 9.0156e+01     20.000          1       3449    1516.36 1.9569e+03  51754.370    143.673 1531675153      -0.02      0.356   39.66057  -72.02614    33.9883  1024.3355    24.2485    18.5330 0.0000e+00
     20.839    18.4812    33.8299  1024.3496     4.0582     6.2307    116.015    0.00031    5.37063    5.36207      8.884     0.4697    9.84709   4.498953 4.1823e+00    24.2582    24.2573 8.1466e+01     21.000          1       3554    1516.21 1.9480e+03  51746.435    148.051 1531675157       0.11      0.512   39.66056  -72.02612    33.9775  1024.3454    24.2541    18.4775 0.0000e+00
     21.837    18.3278    33.8176  1024.3827     4.0612     6.2506    116.186    0.00128    5.37985    5.37137      8.883     0.4886    9.86249   4.482966 3.7574e+00    24.2869    24.2860 7.3081e+01     22.000          1       3648    1515.77 1.9449e+03  51740.486    151.970 1531675161       0.20      0.413   39.66055  -72.02612    33.9686  1024.3812    24.2854    18.3240 0.0000e+00
     22.822    18.2287    33.8055  1024.4023     4.0654     6.2863    116.370    0.00171    5.40196    5.39367      8.882     0.4823    9.89940   4.471760 3.4978e+00    24.3022    24.3012 6.8369e+01     23.000          1       3763    1515.48 1.9546e+03  51731.142    156.736 1531675166      -0.00      0.247   39.66052  -72.02610    33.9552  1024.3999    24.2997    18.2248 0.0000e+00
     23.819    17.9837    33.7816  1024.4487     4.0705     6.3269    116.657    0.00345    5.42358    5.41547      8.881     0.4777    9.93553   4.444465 3.0092e+00    24.3441    24.3431 5.8551e+01     24.000          1       3861    1514.76 1.9451e+03  51716.476    160.821 1531675170       0.23      0.367   39.66051  -72.02610    33.9255  1024.4419    24.3372    17.9797 0.0000e+00
     24.812    17.6849    33.7580  1024.5077     4.0693     6.3717    116.502    0.00135    5.46924    5.46155      8.880     0.4869   10.01180   4.412408 2.7071e+00    24.3986    24.3976 5.1992e+01     25.000          1       3960    1513.86 1.9202e+03  51706.354    164.951 1531675174       0.20      0.414   39.66050  -72.02609    33.8991  1024.4989    24.3898    17.6807 0.0000e+00
     25.802    17.2739    33.7101  1024.5740     4.0586     6.4384    115.962   -0.00157    5.55217    5.54524      8.882     0.4869   10.15042   4.366178 2.4767e+00    24.4603    24.4592 4.8095e+01     26.000          1       4057    1512.60 1.9423e+03  51673.276    168.998 1531675178       0.03      0.355   39.66048  -72.02608    33.8428  1024.5589    24.4452    17.2696 0.0000e+00
     26.790    16.0647    33.5738  1024.7547     4.0464     6.6691    115.552   -0.00127    5.77137    5.76663      8.876     0.5857   10.51620   4.229773 2.2115e+00    24.6361    24.6352 4.3094e+01     27.000          1       4177    1508.79 1.9486e+03  51591.450    174.007 1531675183       0.08      0.142   39.66047  -72.02606    33.6632  1024.7070    24.5883    16.0605 0.0000e+00
     27.784    14.7085    33.4436  1024.9602     4.0483     6.7914    115.646   -0.00113    5.87280    5.86920      8.870     0.6329   10.68477   4.087430 1.9840e+00    24.8365    24.8356 3.8480e+01     28.000          1       4268    1504.40 1.9394e+03  51548.520    177.798 1531675187       0.07      0.251   39.66046  -72.02606    33.5401  1024.9180    24.7942    14.7044 0.0000e+00
     28.777    13.8927    33.4254  1025.1216     4.0227     6.7315    114.391   -0.00652    5.88466    5.88127      8.865     0.6676   10.70325   4.009727 1.7520e+00    24.9930    24.9921 3.4062e+01     29.000          1       4355    1501.75 1.9446e+03  51620.764    181.405 1531675190       0.02      0.269   39.66044  -72.02605    33.5287  1025.0842    24.9556    13.8886 0.0000e+00
     29.768    13.8815    33.6211  1025.2800     3.9688     6.5928    112.027   -0.01367    5.88506    5.88178      8.859     0.6873   10.70200   4.034114 1.5256e+00    25.1470    25.1461 2.9904e+01     30.000          1       4472    1501.97 1.9602e+03  51892.746    186.281 1531675195       0.02      0.240   39.66043  -72.02604    33.7658  1025.2737    25.1407    13.8773 0.0000e+00
     30.763    13.7083    33.6986  1025.3802     3.9353     6.5551    111.136   -0.00978    5.89829    5.89520      8.858     0.7058   10.72335   4.025582 1.3247e+00    25.2426    25.2417 2.5936e+01     31.000          1       4547    1501.51 1.9578e+03  52022.138    189.437 1531675198       0.10      0.337   39.66042  -72.02604    33.8384  1025.3698    25.2323    13.7040 0.0000e+00
     31.752    13.5844    33.7796  1025.4727     3.8891     6.4670    109.370   -0.01205    5.91301    5.91013      8.852     0.7131   10.74726   4.022961 1.1517e+00    25.3306    25.3297 2.2613e+01     32.000          1       4656    1501.21 1.9636e+03  52150.372    193.954 1531675203       0.23      0.208   39.66040  -72.02603    33.9232  1025.4649    25.3229    13.5799 0.0000e+00
     32.750    13.3541    33.7941  1025.5353     3.8572     6.4154    108.312   -0.01134    5.92310    5.92033      8.847     0.7114   10.76420   4.001971 9.3426e-01    25.3886    25.3877 1.8407e+01     33.000          1       4732    1500.48 1.9704e+03  52201.227    197.112 1531675206       0.56      0.485   39.66040  -72.02602    33.9296  1025.5211    25.3745    13.3496 0.0000e+00
     33.744    13.2097    33.7882  1025.5644     3.8379     6.4296    107.857   -0.00836    5.96131    5.95902      8.841     0.6871   10.82721   3.988639 8.0434e-01    25.4132    25.4123 1.5881e+01     34.000          1       4828    1500.02 1.9744e+03  52212.820    201.133 1531675210       0.33      0.537   39.66038  -72.02602    33.9317  1025.5564    25.4052    13.2050 0.0000e+00
     34.735    12.9431    33.7932  1025.6260     3.7997     6.3840    106.240   -0.01233    6.00942    6.00770      8.833     0.6765   10.90726   3.963515 7.3471e-01    25.4702    25.4693 1.4422e+01     35.000          1       4924    1499.15 1.9627e+03  52257.111    205.128 1531675214       0.16      0.438   39.66038  -72.02600    33.9307  1025.6131    25.4573    12.9384 0.0000e+00
     35.723    12.3517    33.7359  1025.7018     3.7398     6.3696    104.127   -0.01275    6.11709    6.11666      8.819     0.6949   11.08656   3.900486 6.4054e-01    25.5411    25.5402 1.2475e+01     36.000          1       5036    1497.11 1.9479e+03  52263.155    209.795 1531675219       0.11      0.259   39.66037  -72.02600    33.8564  1025.6758    25.5151    12.3470 0.0000e+00
     36.714    11.7171    33.6981  1025.7976     3.6659     6.2122    101.068   -0.01898    6.14647    6.14644      8.795     0.6398   11.13486   3.838503 5.5243e-01    25.6320    25.6312 1.0649e+01     37.000          1       5136    1494.91 1.9274e+03  52309.805    213.952 1531675223       0.18      0.252   39.66036  -72.02600    33.8280  1025.7788    25.6132    11.7125 0.0000e+00
     37.705    11.6108    33.7065  1025.8283     3.6201     6.1728    100.232   -0.00917    6.15851    6.15864      8.789     0.5811   11.15489   3.830677 4.7436e-01    25.6581    25.6572 9.1055e+00     38.000          1       5241    1494.57 1.9199e+03  52338.336    218.339 1531675227       0.22      0.292   39.66034  -72.02598    33.8474  1025.8178    25.6477    11.6061 0.0000e+00
     38.705    11.4884    33.7079  1025.8566     3.5909     6.1134     99.068   -0.01106    6.17092    6.17121      8.786     0.5603   11.17539   3.819758 3.9188e-01    25.6818    25.6809 7.5528e+00     39.000          1       5326    1494.16 1.9273e+03  52361.137    221.875 1531675231       0.36      0.452   39.66034  -72.02598    33.8512  1025.8479    25.6732    11.4836 0.0000e+00
     39.699    11.3946    33.7081  1025.8785     3.5547     6.0514     97.752   -0.01190    6.19065    6.19122      8.777     0.4897   11.20786   3.811690 3.4013e-01    25.6991    25.6982 6.6528e+00     40.000          1       5425    1493.85 1.9559e+03  52377.450    226.008 1531675235       0.31      0.465   39.66032  -72.02597    33.8570  1025.8741    25.6947    11.3897 0.0000e+00
     40.684    11.2226    33.7390  1025.9383     3.4891     5.9040     95.002   -0.01779    6.21462    6.21554      8.759     0.3523   11.24710   3.798862 3.1927e-01    25.7544    25.7535 6.2182e+00     41.000          1       5530    1493.31 1.9475e+03  52450.155    230.360 1531675239       0.02      0.298   39.66031  -72.02595    33.8873  1025.9333    25.7494    11.2177 0.0000e+00
