CalculateIndicators/WaterTemperature/Data/CTD_NYOS/NY1807C17.cnv
* Sea-Bird SBE 9 Data File:
* FileName = C:\Seabird 9 CTD\Data\2018\OffshoreCruise201807\NY1807C17.hex
* Software Version Seasave V 7.23.2
* Temperature SN = 4590
* Conductivity SN = 3228
* Number of Bytes Per Scan = 44
* Number of Voltage Words = 5
* Number of Scans Averaged by the Deck Unit = 1
* NMEA Latitude = 39 34.19 N
* NMEA Longitude = 073 22.57 W
* NMEA UTC (Time) = Jul 18 2018  05:09:39
* NMEA baud rate = 4800
** Ship: RV Seawolf
** Station: NY1807C17
** Operator: jdw
# nquan = 35
# nvalues = 58                          
# units = specified
# name 0 = depSM: Depth [salt water, m]
# name 1 = t090C: Temperature [ITS-90, deg C]
# name 2 = sal00: Salinity, Practical [PSU]
# name 3 = density00: Density [density, kg/m^3]
# name 4 = sbeox0V: Oxygen raw, SBE 43 [V]
# name 5 = sbeox0ML/L: Oxygen, SBE 43 [ml/l]
# name 6 = sbeox0PS: Oxygen, SBE 43 [% saturation]
# name 7 = sbox0dV/dT: Oxygen, SBE 43 [dov/dt]
# name 8 = oxsolML/L: Oxygen Saturation, Garcia & Gordon [ml/l]
# name 9 = oxsatML/L: Oxygen Saturation, Weiss [ml/l]
# name 10 = ph: pH
# name 11 = flECO-AFL: Fluorescence, WET Labs ECO-AFL/FL [mg/m^3]
# name 12 = n2satML/L: Nitrogen Saturation [ml/l]
# name 13 = c0S/m: Conductivity [S/m]
# name 14 = cpar: CPAR/Corrected Irradiance [%]
# name 15 = sigma-é00: Density [sigma-theta, kg/m^3]
# name 16 = sigma-t00: Density [sigma-t, kg/m^3 ]
# name 17 = par: PAR/Irradiance, Biospherical/Licor
# name 18 = prDM: Pressure, Digiquartz [db]
# name 19 = pumps: Pump Status
# name 20 = scan: Scan Count
# name 21 = svCM: Sound Velocity [Chen-Millero, m/s]
# name 22 = spar: SPAR, Biospherical/Licor
# name 23 = specc: Specific Conductance [uS/cm]
# name 24 = timeS: Time, Elapsed [seconds]
# name 25 = timeY: Time, System [seconds]
# name 26 = accM: Acceleration [m/s^2]
# name 27 = dz/dtM: Descent Rate [m/s]
# name 28 = latitude: Latitude [deg]
# name 29 = longitude: Longitude [deg]
# name 30 = gsw_saA0: Absolute Salinity [g/kg]
# name 31 = gsw_densityA0: density, TEOS-10 [density, kg/m^3]
# name 32 = gsw_sigma0A0: density, TEOS-10 [sigma-0, kg/m^3 ]
# name 33 = gsw_ptA0: potential temperature [ITS-90, deg C]
# name 34 = flag: flag
# span 0 =      0.993,     29.782       
# span 1 =     8.6623,    23.7661       
# span 2 =    31.0600,    32.7108       
# span 3 =  1020.7388,  1025.3849       
# span 4 =     2.7657,     4.1190       
# span 5 =     4.4081,     7.3655       
# span 6 =     67.377,    121.210       
# span 7 =   -0.19921,    0.24318       
# span 8 =    4.95015,    6.60113       
# span 9 =    4.93806,    6.60625       
# span 10 =      8.594,      8.903      
# span 11 =     0.0982,     0.8759      
# span 12 =    9.17493,   11.90067      
# span 13 =   3.450913,   4.656751      
# span 14 = 2.5034e-11, 9.8798e+00      
# span 15 =    20.7336,    25.2518      
# span 16 =    20.7333,    25.2514      
# span 17 = 1.0000e-12, 3.9004e-01      
# span 18 =      1.000,     30.000      
# span 19 =          1,          1      
# span 20 =         91,       7467      
# span 21 =    1482.42,    1527.26      
# span 22 = 3.9495e+00, 3.9495e+00      
# span 23 =  47729.886,  51266.196      
# span 24 =      3.759,    311.063      
# span 25 = 1531890621, 1531890928      
# span 26 =      -0.36,       0.38      
# span 27 =     -1.051,      0.940      
# span 28 =   39.56984,   39.57000      
# span 29 =  -73.37616,  -73.37541      
# span 30 =    31.2110,    32.8338      
# span 31 =  1020.7427,  1025.3862      
# span 32 =    20.7382,    25.2497      
# span 33 =     8.6593,    23.7650      
# span 34 = 0.0000e+00, 0.0000e+00      
# interval = decibars: 1                
# start_time = Jul 18 2018 05:10:17 [System UTC, first data scan.]
# bad_flag = -9.990e-29
*END*
[from data line 42]
     15.871    18.0499    31.7071  1022.8120     4.0154     6.2198    114.013   -0.00630    5.45832    5.44974      8.770     0.8700   10.01436   4.209567 2.5129e-11    22.7421    22.7414 1.0000e-12     16.000          1       4430    1512.48 3.9495e+00  48852.103    184.536 1531890802      -0.34     -0.295   39.56996  -73.37573    31.8792  1022.8346    22.7646    18.0472 0.0000e+00
     14.878    18.2906    31.7201  1022.7571     4.0731     6.1341    116.576    0.00258    5.26215    5.25186      8.773     0.8243    9.69070   4.238568 2.5312e-11    22.6916    22.6910 1.0000e-12     15.000          1       4735    1513.16 3.9495e+00  48859.159    197.261 1531890814      -0.04     -0.753   39.56996  -73.37570    31.9366  1022.8133    22.7478    18.2881 0.0000e+00
     13.896    19.9662    31.5129  1022.1740     4.0377     5.9362    114.232   -0.01958    5.19666    5.18591      8.779     0.5833    9.58175   4.371865 2.5320e-11    22.1132    22.1125 1.0000e-12     14.000          1       4812    1517.71 3.9495e+00  48480.408    200.439 1531890818       0.12     -0.432   39.56996  -73.37568    31.7555  1022.2504    22.1896    19.9637 0.0000e+00
     12.901    20.6383    31.4325  1021.9333     3.9945     5.7939    112.486   -0.02503    5.15063    5.13960      8.794     0.6070    9.50530   4.421701 2.5320e-11    21.8770    21.8763 1.0000e-12     13.000          1       4854    1519.48 3.9495e+00  48339.244    202.188 1531890819      -0.16     -0.565   39.56996  -73.37568    31.6533  1021.9932    21.9369    20.6359 0.0000e+00
     11.906    21.3927    31.4178  1021.7143     3.9656     5.6830    112.099   -0.01286    5.06953    5.05800      8.797     0.5734    9.37161   4.489073 2.5320e-11    21.6625    21.6618 1.0000e-12     12.000          1       4914    1521.48 3.9495e+00  48292.171    204.719 1531890822       0.07     -0.398   39.56997  -73.37568    31.6303  1021.7676    21.7158    21.3904 0.0000e+00
     10.913    22.7205    31.2390  1021.2100     3.8881     5.4867    109.632   -0.00796    5.00462    4.99277      8.816     0.5415    9.26451   4.587130 2.5109e-11    21.1627    21.1621 1.0000e-12     11.000          1       5251    1524.80 3.9495e+00  48001.248    218.768 1531890836      -0.10     -0.326   39.56998  -73.37564    31.4280  1021.2457    21.1983    22.7183 0.0000e+00
      9.922    23.4194    31.1293  1020.9250     3.8578     5.3844    108.623   -0.00651    4.95693    4.94486      8.840     0.5091    9.18622   4.634562 2.5316e-11    20.8821    20.8815 1.0000e-12     10.000          1       5919    1526.47 3.9495e+00  47832.440    246.590 1531890864      -0.07     -0.421   39.56998  -73.37558    31.2914  1020.9405    20.8976    23.4173 0.0000e+00
      8.936    23.6734    31.0722  1020.8046     3.8546     5.3859    108.754   -0.00049    4.95236    4.94027      8.842     0.4891    9.17870   4.650532 2.5320e-11    20.7660    20.7655 1.0000e-12      9.000          1       5984    1527.03 3.9495e+00  47749.244    249.294 1531890866       0.01     -0.437   39.56998  -73.37556    31.2329  1020.8191    20.7805    23.6715 0.0000e+00
      7.942    23.7257    31.0600  1020.7760     3.8558     5.3875    108.815    0.00018    4.95103    4.93894      8.845     0.4972    9.17647   4.653319 2.5320e-11    20.7417    20.7412 1.0000e-12      8.000          1       6024    1527.14 3.9495e+00  47730.614    250.953 1531890868      -0.14     -0.583   39.56998  -73.37556    31.2174  1020.7880    20.7537    23.7241 0.0000e+00
      6.940    23.7399    31.0600  1020.7675     3.8490     5.3680    108.417   -0.00337    4.95127    4.93918      8.845     0.5059    9.17687   4.654478 2.5320e-11    20.7375    20.7371 1.0000e-12      7.000          1       6056    1527.16 3.9495e+00  47729.886    252.285 1531890869      -0.02     -0.742   39.56998  -73.37555    31.2164  1020.7788    20.7488    23.7385 0.0000e+00
      5.953    23.7549    31.0609  1020.7595     3.8440     5.3635    108.326   -0.00125    4.95123    4.93914      8.846     0.5204    9.17679   4.655580 2.5320e-11    20.7338    20.7335 1.0000e-12      6.000          1       6121    1527.18 3.9495e+00  47730.518    255.012 1531890872       0.11     -0.369   39.56998  -73.37554    31.2145  1020.7686    20.7429    23.7537 0.0000e+00
      4.962    23.7560    31.0612  1020.7550     3.8412     5.3594    108.240   -0.00080    4.95139    4.93930      8.851     0.4990    9.17705   4.655268 2.5320e-11    20.7336    20.7333 1.0000e-12      5.000          1       6228    1527.16 3.9495e+00  47730.398    259.474 1531890877      -0.02     -0.186   39.56998  -73.37554    31.2116  1020.7618    20.7403    23.7550 0.0000e+00
      3.968    23.7558    31.0640  1020.7529     3.8468     5.3721    108.523    0.00152    4.95024    4.93815      8.860     0.4909    9.17511   4.655133 8.5367e-02    20.7357    20.7355 3.3715e-03      4.000          1       6789    1527.15 3.9495e+00  47733.843    282.837 1531890900      -0.19     -0.290   39.56999  -73.37547    31.2111  1020.7571    20.7400    23.7550 0.0000e+00
      2.980    23.7629    31.0647  1020.7470     3.8436     5.3624    108.324    0.00009    4.95036    4.93827 -9.990e-29     0.4724    9.17531   4.655863 4.1487e-02    20.7341    20.7340 1.6385e-03      3.000          1       7096    1527.15 3.9495e+00  47734.286    295.611 1531890913      -0.19     -0.748   39.57000  -73.37544    31.2118  1020.7513    20.7384    23.7623 0.0000e+00
      1.979    23.7640    31.0648  1020.7424     3.8441     5.3622    108.320   -0.00048    4.95030    4.93821      8.872     0.4813    9.17521   4.655946 1.4677e+00    20.7339    20.7337 5.8126e-02      2.000          1       7153    1527.14 3.9495e+00  47733.980    298.013 1531890915       0.10     -0.542   39.57000  -73.37544    31.2120  1020.7468    20.7382    23.7636 0.0000e+00
      0.993    23.7604    31.0644  1020.7388     3.8505     5.3597    108.272   -0.00684    4.95028    4.93818 -9.990e-29     0.5046    9.17517   4.655439 9.8798e+00    20.7345    20.7345 3.9004e-01      1.000          1       7467    1527.11 3.9495e+00  47733.087    311.063 1531890928      -0.22      0.141   39.57000  -73.37541    31.2110  1020.7427    20.7384    23.7602 0.0000e+00
