CalculateIndicators/WaterTemperature/Data/CTD_NYOS/NY1807C07.cnv
* Sea-Bird SBE 9 Data File:
* FileName = C:\Seabird 9 CTD\Data\2018\OffshoreCruise201807\NY1807C07.hex
* Software Version Seasave V 7.23.2
* Temperature SN = 4590
* Conductivity SN = 3228
* Number of Bytes Per Scan = 44
* Number of Voltage Words = 5
* Number of Scans Averaged by the Deck Unit = 1
* NMEA Latitude = 40 13.98 N
* NMEA Longitude = 072 14.23 W
* NMEA UTC (Time) = Jul 16 2018  00:45:04
* NMEA baud rate = 4800
** Ship: RV Seawolf
** Station: NY1807C07
** Operator: jdw
# nquan = 35
# nvalues = 110                         
# units = specified
# name 0 = depSM: Depth [salt water, m]
# name 1 = t090C: Temperature [ITS-90, deg C]
# name 2 = sal00: Salinity, Practical [PSU]
# name 3 = density00: Density [density, kg/m^3]
# name 4 = sbeox0V: Oxygen raw, SBE 43 [V]
# name 5 = sbeox0ML/L: Oxygen, SBE 43 [ml/l]
# name 6 = sbeox0PS: Oxygen, SBE 43 [% saturation]
# name 7 = sbox0dV/dT: Oxygen, SBE 43 [dov/dt]
# name 8 = oxsolML/L: Oxygen Saturation, Garcia & Gordon [ml/l]
# name 9 = oxsatML/L: Oxygen Saturation, Weiss [ml/l]
# name 10 = ph: pH
# name 11 = flECO-AFL: Fluorescence, WET Labs ECO-AFL/FL [mg/m^3]
# name 12 = n2satML/L: Nitrogen Saturation [ml/l]
# name 13 = c0S/m: Conductivity [S/m]
# name 14 = cpar: CPAR/Corrected Irradiance [%]
# name 15 = sigma-é00: Density [sigma-theta, kg/m^3]
# name 16 = sigma-t00: Density [sigma-t, kg/m^3 ]
# name 17 = par: PAR/Irradiance, Biospherical/Licor
# name 18 = prDM: Pressure, Digiquartz [db]
# name 19 = pumps: Pump Status
# name 20 = scan: Scan Count
# name 21 = svCM: Sound Velocity [Chen-Millero, m/s]
# name 22 = spar: SPAR, Biospherical/Licor
# name 23 = specc: Specific Conductance [uS/cm]
# name 24 = timeS: Time, Elapsed [seconds]
# name 25 = timeY: Time, System [seconds]
# name 26 = accM: Acceleration [m/s^2]
# name 27 = dz/dtM: Descent Rate [m/s]
# name 28 = latitude: Latitude [deg]
# name 29 = longitude: Longitude [deg]
# name 30 = gsw_saA0: Absolute Salinity [g/kg]
# name 31 = gsw_densityA0: density, TEOS-10 [density, kg/m^3]
# name 32 = gsw_sigma0A0: density, TEOS-10 [sigma-0, kg/m^3 ]
# name 33 = gsw_ptA0: potential temperature [ITS-90, deg C]
# name 34 = flag: flag
# span 0 =      0.977,     55.564       
# span 1 =     8.3252,    22.5493       
# span 2 =    32.5689,    33.2993       
# span 3 =  1022.2257,  1026.0369       
# span 4 =     3.1132,     4.1511       
# span 5 =     5.5368,     6.9038       
# span 6 =     83.559,    119.712       
# span 7 =   -0.04293,    0.03324       
# span 8 =    5.01389,    6.63083       
# span 9 =    5.00242,    6.63701       
# span 10 =      8.609,      8.888      
# span 11 =    -0.0071,     2.0650      
# span 12 =    9.26645,   11.94257      
# span 13 =   3.480626,   4.739042      
# span 14 = -1.145e+00, 1.2532e+00      
# span 15 =    22.2204,    25.7878      
# span 16 =    22.2202,    25.7871      
# span 17 = -4.937e-02, 7.4243e-02      
# span 18 =      1.000,     56.000      
# span 19 =          1,          1      
# span 20 =        -10,      11737      
# span 21 =    1482.28,    1525.71      
# span 22 = 3.9131e+00, 6.0183e+00      
# span 23 =  49825.092,  52230.843      
# span 24 =     -0.445,    488.980      
# span 25 = 1531701928, 1531702417      
# span 26 =      -0.61,       0.53      
# span 27 =     -0.988,      0.712      
# span 28 =   40.23321,   40.23529      
# span 29 =  -72.23723,  -72.23583      
# span 30 =    32.7253,    33.4556      
# span 31 =  1022.2292,  1026.0395      
# span 32 =    22.2249,    25.7845      
# span 33 =     8.3196,    22.5491      
# span 34 = 0.0000e+00, 0.0000e+00      
# interval = decibars: 1                
# start_time = Jul 16 2018 00:45:28 [System UTC, first data scan.]
# bad_flag = -9.990e-29
*END*
[from data line 42]
     43.660     9.4664    33.2674  1025.8868     3.2863     5.7736     87.874   -0.01832    6.57030    6.57565      8.704     0.0816   11.84201   3.588481 1.7164e-11    25.6876    25.6868 1.0000e-12     44.000          1       2579    1486.51 5.9239e+00  52119.001    107.416 1531702036       0.40      0.597   40.23365  -72.23692    33.3790  1025.8543    25.6550     9.4616 0.0000e+00
     44.649     8.8066    33.2120  1025.9535     3.2443     5.6863     86.308   -0.01948    6.58834    6.59393      8.686     0.0381   11.87195   3.525604 1.7792e-11    25.7491    25.7484 1.0000e-12     45.000          1       2630    1484.03 5.9242e+00  52180.339    109.559 1531702038      -0.20      0.468   40.23366  -72.23690    33.3412  1025.9345    25.7300     8.8019 0.0000e+00
     45.645     8.6484    33.1936  1025.9682     3.2145     5.6505     85.685   -0.01481    6.59454    6.60022      8.679     0.0352   11.88229   3.510140 1.7343e-11    25.7590    25.7583 1.0000e-12     46.000          1       2678    1483.43 -9.990e-29  52190.201    111.554 1531702040       0.20      0.555   40.23366  -72.23690    33.3268  1025.9522    25.7430     8.6437 0.0000e+00
     46.632     8.5729    33.1864  1025.9787     3.1912     5.6429     85.338   -0.00975    6.61247    6.61840      8.673     0.0191   11.91196   3.503369 1.7124e-11    25.7650    25.7642 1.0000e-12     47.000          1       2735    1483.16 -9.990e-29  52197.506    113.903 1531702042      -0.12      0.418   40.23368  -72.23690    33.3261  1025.9678    25.7540     8.5681 0.0000e+00
     47.625     8.4777    33.1815  1025.9940     3.1687     5.5961     84.483   -0.01063    6.62390    6.63000      8.666     0.0021   11.93094   3.494433 1.8258e-11    25.7755    25.7748 1.0000e-12     48.000          1       2786    1482.81 -9.990e-29  52212.847    116.060 1531702044       0.18      0.478   40.23370  -72.23689    33.3210  1025.9828    25.7644     8.4728 0.0000e+00
     48.617     8.4106    33.1784  1026.0063     3.1511     5.5623     83.922   -0.01007    6.62795    6.63410      8.660    -0.0001   11.93763   3.488493 1.7221e-11    25.7832    25.7825 1.0000e-12     49.000          1       2829    1482.57 -9.990e-29  52224.280    117.816 1531702046      -0.07      0.579   40.23370  -72.23688    33.3209  1025.9975    25.7745     8.4057 0.0000e+00
     49.611     8.3523    33.1731  1026.0155     3.1349     5.5401     83.580   -0.00767    6.62847    6.63463      8.657    -0.0006   11.93855   3.483083 2.0474e-11    25.7878    25.7871 1.0000e-12     50.000          1       2879    1482.36 3.9495e+00  52230.843    119.925 1531702048      -0.09      0.473   40.23370  -72.23688    33.3183  1026.0088    25.7811     8.3473 0.0000e+00
     50.599     8.3359    33.1682  1026.0187     3.1252     5.5510     83.739   -0.00231    6.62885    6.63501      8.653    -0.0033   11.93920   3.481614 2.3845e-11    25.7864    25.7857 1.0000e-12     51.000          1       2946    1482.31 4.3290e+00  52228.212    122.706 1531702051       0.23      0.326   40.23372  -72.23687    33.3177  1026.0153    25.7831     8.3308 0.0000e+00
     51.594     8.3406    33.1675  1026.0220     3.1225     5.5482     83.695   -0.00177    6.62914    6.63531 -9.990e-29    -0.0071   11.93969   3.482182 1.7518e-11    25.7852    25.7845 1.0000e-12     52.000          1       2985    1482.34 5.7108e+00  52226.890    124.320 1531702053       0.05      0.604   40.23372  -72.23686    33.3188  1026.0201    25.7833     8.3354 0.0000e+00
     52.590     8.3348    33.1659  1026.0262     3.1193     5.5425     83.614   -0.00147    6.62864    6.63480      8.650     0.0064   11.93888   3.481716 2.3822e-11    25.7849    25.7841 1.0000e-12     53.000          1       3054    1482.34 4.0371e+00  52226.628    127.190 1531702056       0.06      0.410   40.23373  -72.23686    33.3189  1026.0256    25.7843     8.3295 0.0000e+00
     53.577     8.3372    33.1640  1026.0289     3.1194     5.5580     83.848    0.00093    6.62867    6.63482      8.646    -0.0019   11.93894   3.482002 2.5457e-11    25.7830    25.7822 1.0000e-12     54.000          1       3181    1482.36 3.9495e+00  52223.957    132.482 1531702061       0.11      0.218   40.23376  -72.23684    33.3192  1026.0300    25.7842     8.3318 0.0000e+00
     54.569     8.3380    33.1632  1026.0327     3.1214     5.5595     83.860    0.00017    6.62944    6.63561      8.643     0.0017   11.94023   3.482178 2.2916e-11    25.7823    25.7815 1.0000e-12     55.000          1       3279    1482.38 4.5121e+00  52223.356    136.566 1531702065      -0.02      0.229   40.23378  -72.23683    33.3198  1026.0350    25.7845     8.3325 0.0000e+00
     55.564     8.3252    33.1602  1026.0369     3.1155     5.5440     83.612   -0.00030    6.63063    6.63681      8.622     0.0064   11.94223   3.480842 1.9633e-11    25.7819    25.7811 1.0000e-12     56.000          1       3828    1482.34 4.7306e+00  52222.728    159.447 1531702088      -0.06      0.086   40.23387  -72.23676    33.3173  1026.0395    25.7845     8.3196 0.0000e+00
     54.583     8.3255    33.1578  1026.0304     3.1132     5.5418     83.576    0.00051    6.63083    6.63701      8.610     0.0183   11.94257   3.480631 1.9454e-11    25.7799    25.7791 1.0000e-12     55.000          1       4656    1482.32 5.3671e+00  52218.533    193.972 1531702122      -0.44     -0.267   40.23401  -72.23666    33.3152  1026.0332    25.7828     8.3200 0.0000e+00
     53.570     8.3259    33.1583  1026.0261     3.1137     5.5403     83.559    0.00016    6.63046    6.63664      8.611     0.0014   11.94197   3.480675 1.8211e-11    25.7803    25.7795 1.0000e-12     54.000          1       4623    1482.31 5.6127e+00  52218.542    192.575 1531702121      -0.40     -0.825   40.23400  -72.23666    33.3158  1026.0291    25.7832     8.3205 0.0000e+00
     52.589     8.3260    33.1583  1026.0216     3.1149     5.5444     83.627    0.00068    6.62995    6.63612      8.609     0.0012   11.94112   3.480626 1.8840e-11    25.7802    25.7794 1.0000e-12     53.000          1       4674    1482.29 5.4457e+00  52217.825    194.712 1531702123       0.31     -0.473   40.23402  -72.23666    33.3157  1026.0244    25.7831     8.3207 0.0000e+00
     51.600     8.3276    33.1583  1026.0168     3.1176     5.5562     83.816    0.00186    6.62899    6.63514      8.609     0.0044   11.93952   3.480766 1.8018e-11    25.7800    25.7792 1.0000e-12     52.000          1       4715    1482.28 -9.990e-29  52216.889    196.408 1531702125      -0.61     -0.549   40.23402  -72.23665    33.3161  1026.0199    25.7832     8.3224 0.0000e+00
     50.591     8.3307    33.1588  1026.0120     3.1167     5.5368     83.606    0.00003    6.62242    6.62848      8.610     0.0020   11.92865   3.481028 1.8044e-11    25.7798    25.7791 1.0000e-12     51.000          1       4738    1482.28 -9.990e-29  52216.072    197.359 1531702126      -0.20     -0.988   40.23402  -72.23664    33.3164  1026.0151    25.7829     8.3256 0.0000e+00
     49.615     8.3342    33.1594  1026.0075     3.1199     5.5369     83.822    0.00139    6.60561    6.61142      8.612     0.0077   11.90084   3.481477 1.8366e-11    25.7798    25.7791 1.0000e-12     50.000          1       4778    1482.28 -9.990e-29  52215.504    199.045 1531702127       0.32     -0.631   40.23404  -72.23664    33.3183  1026.0115    25.7839     8.3292 0.0000e+00
     48.614     8.3854    33.1610  1025.9965     3.1307     5.5843     84.632    0.00634    6.59836    6.60407      8.619     0.0090   11.88881   3.486438 1.8971e-11    25.7734    25.7727 1.0000e-12     49.000          1       4812    1482.45 -9.990e-29  52205.510    200.466 1531702129      -0.22     -0.664   40.23404  -72.23664    33.3229  1026.0029    25.7798     8.3805 0.0000e+00
     47.626     8.5071    33.1630  1025.9750     3.1502     5.6443     85.660    0.01041    6.58918    6.59476      8.622     0.0252   11.87363   3.497788 1.7880e-11    25.7566    25.7558 1.0000e-12     48.000          1       4857    1482.90 -9.990e-29  52179.761    202.347 1531702131       0.19     -0.552   40.23404  -72.23664    33.3287  1025.9844    25.7660     8.5022 0.0000e+00
     46.638     8.5576    33.1679  1025.9665     3.1685     5.6670     86.214    0.00969    6.57315    6.57851      8.625     0.0211   11.84706   3.502549 1.8171e-11    25.7527    25.7520 1.0000e-12     47.000          1       4902    1483.07 5.8021e+00  52174.756    204.196 1531702133      -0.25     -0.523   40.23406  -72.23662    33.3318  1025.9746    25.7608     8.5528 0.0000e+00
     45.635     8.6062    33.1675  1025.9542     3.1803     5.6621     86.596    0.00975    6.53857    6.54346      8.630     0.0310   11.78950   3.506954 1.8765e-11    25.7450    25.7443 1.0000e-12     46.000          1       4931    1483.24 5.4927e+00  52162.631    205.428 1531702134      -0.09     -0.776   40.23406  -72.23662    33.3330  1025.9635    25.7543     8.6015 0.0000e+00
     44.656     8.7273    33.1754  1025.9372     3.2176     5.7031     88.571    0.01860    6.43895    6.44248      8.642     0.0650   11.62411   3.519093 2.5417e-11    25.7327    25.7319 1.0000e-12     45.000          1       4978    1483.69 3.9268e+00  52146.365    207.390 1531702136       0.19     -0.492   40.23406  -72.23662    33.3473  1025.9515    25.7469     8.7226 0.0000e+00
     43.652     9.1902    33.2250  1025.8980     3.2594     5.8281     90.575    0.02502    6.43462    6.43810      8.647     0.0811   11.61682   3.568108 2.0586e-11    25.6986    25.6978 1.0000e-12     44.000          1       5017    1485.44 5.0572e+00  52116.873    208.988 1531702137       0.02     -0.627   40.23407  -72.23662    33.4256  1025.9347    25.7352     9.1855 0.0000e+00
     42.664     9.6452    33.2702  1025.8554     3.2992     5.8212     90.534    0.00815    6.42984    6.43326      8.648     0.1058   11.60880   3.611374 2.1522e-11    25.6609    25.6601 1.0000e-12     43.000          1       5114    1487.15 4.8381e+00  52085.710    213.052 1531702141       0.02     -0.220   40.23409  -72.23660    33.4496  1025.8756    25.6811     9.6405 0.0000e+00
     41.665     9.6587    33.2771  1025.8541     3.3249     5.8648     91.014    0.00325    6.44373    6.44729      8.641     0.1305   11.63249   3.610083 1.9211e-11    25.6641    25.6634 1.0000e-12     42.000          1       5987    1487.19 5.0762e+00  52091.931    249.437 1531702178      -0.48     -0.497   40.23424  -72.23649    33.4243  1025.8492    25.6592     9.6540 0.0000e+00
     40.675     9.5345    33.2078  1025.8158     3.3391     5.9328     91.978    0.00896    6.45027    6.45388      8.641     0.1823   11.64379   3.592508 1.9216e-11    25.6302    25.6295 1.0000e-12     41.000          1       6254    1486.63 5.3586e+00  52018.887    260.556 1531702189       0.10     -0.735   40.23428  -72.23645    33.3590  1025.8142    25.6286     9.5301 0.0000e+00
     39.697     9.5476    33.1727  1025.7818     3.3503     5.9136     91.907    0.00387    6.43439    6.43778      8.644     0.2228   11.61748   3.590732 2.0681e-11    25.6007    25.6000 1.0000e-12     40.000          1       6336    1486.62 5.0349e+00  51966.119    263.951 1531702192      -0.00     -0.361   40.23430  -72.23644    33.3290  1025.7842    25.6032     9.5432 0.0000e+00
     38.699     9.5651    33.1740  1025.7753     3.3615     5.9373     92.578    0.00742    6.41330    6.41641      8.651     0.2532   11.58248   3.592449 1.9249e-11    25.5988    25.5981 1.0000e-12     39.000          1       6366    1486.67 5.3700e+00  51963.725    265.229 1531702194      -0.29     -0.685   40.23430  -72.23644    33.3308  1025.7783    25.6018     9.5608 0.0000e+00
     37.696     9.6262    33.1797  1025.7652     3.3733     5.9751     93.212    0.01015    6.41028    6.41336      8.654     0.2449   11.57740   3.599258 1.8765e-11    25.5933    25.5926 1.0000e-12     38.000          1       6394    1486.89 5.4831e+00  51959.011    266.376 1531702195      -0.02     -0.875   40.23430  -72.23643    33.3447  1025.7745    25.6026     9.6221 0.0000e+00
     36.719     9.8270    33.1921  1025.7372     3.3879     5.9976     93.456    0.00711    6.41757    6.42070      8.657     0.2582   11.59004   3.618744 1.8876e-11    25.5699    25.5692 1.0000e-12     37.000          1       6443    1487.61 5.4572e+00  51935.842    268.410 1531702197       0.20     -0.455   40.23432  -72.23642    33.3592  1025.7482    25.5810     9.8230 0.0000e+00
     35.718     9.8445    33.1976  1025.7340     3.3985     5.9971     93.742    0.00635    6.39751    6.40037      8.659     0.2897   11.55678   3.620106 2.1892e-11    25.5713    25.5707 1.0000e-12     36.000          1       6476    1487.67 4.7516e+00  51940.112    269.811 1531702198      -0.30     -0.660   40.23432  -72.23642    33.3575  1025.7394    25.5767     9.8405 0.0000e+00
     34.725     9.8095    33.1507  1025.6987     3.4281     6.0734     95.596    0.01678    6.35336    6.35566      8.670     0.3107   11.48327   3.612452 2.5221e-11    25.5404    25.5398 1.0000e-12     35.000          1       6515    1487.47 3.9727e+00  51879.775    271.411 1531702200       0.16     -0.667   40.23433  -72.23642    33.3118  1025.7052    25.5470     9.8056 0.0000e+00
     33.741    10.0732    33.1717  1025.6664     3.4834     6.1840     98.193    0.02576    6.29771    6.29925      8.688     0.3392   11.39118   3.640455 2.5320e-11    25.5129    25.5122 1.0000e-12     34.000          1       6568    1488.43 3.9495e+00  51857.927    273.632 1531702202      -0.01     -0.416   40.23434  -72.23641    33.3550  1025.6901    25.5366    10.0693 0.0000e+00
     32.739    10.4093    33.2134  1025.6370     3.5211     6.2750     99.597    0.02678    6.30044    6.30199      8.695     0.3861   11.39604   3.675620 2.5320e-11    25.4882    25.4876 1.0000e-12     33.000          1       6602    1489.67 3.9495e+00  51854.027    275.040 1531702203      -0.28     -0.647   40.23435  -72.23640    33.4030  1025.6656    25.5169    10.4055 0.0000e+00
     31.748    10.6643    33.1791  1025.5616     3.5957     6.4066    101.887    0.02299    6.28809    6.28949      8.703     0.4096   11.37551   3.693655 2.2317e-11    25.4175    25.4168 1.0000e-12     32.000          1       6826    1490.52 4.6522e+00  51758.673    284.395 1531702213       0.07     -0.412   40.23439  -72.23637    33.3518  1025.5773    25.4332    10.6605 0.0000e+00
     30.764    10.8192    33.1653  1025.5191     3.6765     6.5420    105.171    0.03018    6.22032    6.22078      8.723     0.4161   11.26381   3.705699 1.9225e-11    25.3796    25.3790 1.0000e-12     31.000          1       7744    1491.03 5.3756e+00  51711.530    322.610 1531702251      -0.07     -0.455   40.23455  -72.23627    33.3317  1025.5301    25.3906    10.8155 0.0000e+00
     29.764    10.9863    33.1526  1025.4751     3.7245     6.6313    107.051    0.03324    6.19459    6.19472      8.731     0.4698   11.22127   3.720069 2.0864e-11    25.3402    25.3395 1.0000e-12     30.000          1       7733    1491.59 4.9921e+00  51664.251    322.153 1531702251      -0.10     -0.667   40.23454  -72.23628    33.3237  1025.4898    25.3549    10.9827 0.0000e+00
     28.775    11.3566    33.1285  1025.3852     3.7882     6.7082    108.777    0.02732    6.16700    6.16676      8.741     0.4154   11.17580   3.752226 2.2379e-11    25.2550    25.2543 1.0000e-12     29.000          1       7788    1492.84 4.6376e+00  51568.056    324.476 1531702253       0.14     -0.420   40.23456  -72.23627    33.3081  1025.4067    25.2766    11.3530 0.0000e+00
