CalculateIndicators/WaterTemperature/Data/CTD_NYOS/NY1807C13.cnv
* Sea-Bird SBE 9 Data File:
* FileName = C:\Seabird 9 CTD\Data\2018\OffshoreCruise201807\NY1807C13.hex
* Software Version Seasave V 7.23.2
* Temperature SN = 4590
* Conductivity SN = 3228
* Number of Bytes Per Scan = 44
* Number of Voltage Words = 5
* Number of Scans Averaged by the Deck Unit = 1
* NMEA Latitude = 40 01.80 N
* NMEA Longitude = 072 51.04 W
* NMEA UTC (Time) = Jul 17 2018  06:48:35
* NMEA baud rate = 4800
** Ship: RV Seawolf
** Station: NY1807C13
** Operator: jdw
# nquan = 35
# nvalues = 92                          
# units = specified
# name 0 = depSM: Depth [salt water, m]
# name 1 = t090C: Temperature [ITS-90, deg C]
# name 2 = sal00: Salinity, Practical [PSU]
# name 3 = density00: Density [density, kg/m^3]
# name 4 = sbeox0V: Oxygen raw, SBE 43 [V]
# name 5 = sbeox0ML/L: Oxygen, SBE 43 [ml/l]
# name 6 = sbeox0PS: Oxygen, SBE 43 [% saturation]
# name 7 = sbox0dV/dT: Oxygen, SBE 43 [dov/dt]
# name 8 = oxsolML/L: Oxygen Saturation, Garcia & Gordon [ml/l]
# name 9 = oxsatML/L: Oxygen Saturation, Weiss [ml/l]
# name 10 = ph: pH
# name 11 = flECO-AFL: Fluorescence, WET Labs ECO-AFL/FL [mg/m^3]
# name 12 = n2satML/L: Nitrogen Saturation [ml/l]
# name 13 = c0S/m: Conductivity [S/m]
# name 14 = cpar: CPAR/Corrected Irradiance [%]
# name 15 = sigma-é00: Density [sigma-theta, kg/m^3]
# name 16 = sigma-t00: Density [sigma-t, kg/m^3 ]
# name 17 = par: PAR/Irradiance, Biospherical/Licor
# name 18 = prDM: Pressure, Digiquartz [db]
# name 19 = pumps: Pump Status
# name 20 = scan: Scan Count
# name 21 = svCM: Sound Velocity [Chen-Millero, m/s]
# name 22 = spar: SPAR, Biospherical/Licor
# name 23 = specc: Specific Conductance [uS/cm]
# name 24 = timeS: Time, Elapsed [seconds]
# name 25 = timeY: Time, System [seconds]
# name 26 = accM: Acceleration [m/s^2]
# name 27 = dz/dtM: Descent Rate [m/s]
# name 28 = latitude: Latitude [deg]
# name 29 = longitude: Longitude [deg]
# name 30 = gsw_saA0: Absolute Salinity [g/kg]
# name 31 = gsw_densityA0: density, TEOS-10 [density, kg/m^3]
# name 32 = gsw_sigma0A0: density, TEOS-10 [sigma-0, kg/m^3 ]
# name 33 = gsw_ptA0: potential temperature [ITS-90, deg C]
# name 34 = flag: flag
# span 0 =      0.963,     48.627       
# span 1 =     7.6274,    22.1754       
# span 2 =    31.0881,    32.9053       
# span 3 =  1021.2049,  1025.8996       
# span 4 =     2.9910,     4.3301       
# span 5 =     4.8681,     7.3626       
# span 6 =     73.828,    129.021       
# span 7 =   -0.11741,    0.10662       
# span 8 =    5.06759,    6.74750       
# span 9 =    5.05594,    6.75513       
# span 10 =      8.569,      8.863      
# span 11 =     0.1031,     1.5244      
# span 12 =    9.37093,   12.13857      
# span 13 =   3.393844,   4.516457      
# span 14 = 2.3185e-11, 9.2418e+00      
# span 15 =    21.2004,    25.6784      
# span 16 =    21.2003,    25.6779      
# span 17 = 1.0000e-12, 3.8570e-01      
# span 18 =      1.000,     49.000      
# span 19 =          1,          1      
# span 20 =          6,       8486      
# span 21 =    1479.13,    1523.12      
# span 22 = 3.9495e+00, 3.9495e+00      
# span 23 =  47805.546,  52011.053      
# span 24 =      0.204,    353.550      
# span 25 = 1531810233, 1531810587      
# span 26 =      -0.77,       0.51      
# span 27 =     -1.251,      0.917      
# span 28 =   40.03006,   40.03012      
# span 29 =  -72.85002,  -72.84803      
# span 30 =    31.2359,    33.0527      
# span 31 =  1021.2099,  1025.9018      
# span 32 =    21.2056,    25.6783      
# span 33 =     7.6228,    22.1752      
# span 34 = 0.0000e+00, 0.0000e+00      
# interval = decibars: 1                
# start_time = Jul 17 2018 06:50:33 [System UTC, first data scan.]
# bad_flag = -9.990e-29
*END*
[from data line 42]
     47.631     7.6304    32.8982  1025.8966     2.9914     5.3421     79.171   -0.00094    6.74750    6.75513      8.624     0.1129   12.13857   3.394320 2.5161e-11    25.6771    25.6764 1.0000e-12     48.000          1       1662    1479.25 3.9495e+00  52011.053     69.212 1531810302       0.12      0.453   40.03006  -72.84960    33.0527  1025.8978    25.6783     7.6259 0.0000e+00
     48.627     7.6274    32.8956  1025.8996     2.9916     5.3453     79.219   -0.00048    6.74747    6.75509      8.603     0.1174   12.13857   3.393983 2.5072e-11    25.6755    25.6749 1.0000e-12     49.000          1       2128    1479.25 3.9495e+00  52008.813     88.626 1531810322      -0.00      0.193   40.03007  -72.84948    33.0514  1025.9018    25.6777     7.6228 0.0000e+00
     47.623     7.6328    32.8922  1025.8915     2.9932     5.3558     79.378    0.00081    6.74712    6.75473      8.592     0.1040   12.13802   3.394132 2.5353e-11    25.6720    25.6714 1.0000e-12     48.000          1       2640    1479.25 3.9495e+00  52001.876    109.940 1531810343      -0.56     -0.535   40.03008  -72.84936    33.0484  1025.8941    25.6746     7.6282 0.0000e+00
     46.635     7.6294    32.8934  1025.8884     2.9953     5.3650     79.517    0.00162    6.74693    6.75454      8.591     0.1067   12.13772   3.393883 2.4318e-11    25.6734    25.6728 1.0000e-12     47.000          1       2645    1479.22 3.9495e+00  52003.833    110.148 1531810343      -0.77     -0.867   40.03008  -72.84936    33.0493  1025.8907    25.6758     7.6250 0.0000e+00
     45.625     7.6298    32.8929  1025.8832     2.9940     5.3545     79.362    0.00047    6.74693    6.75454      8.591     0.1182   12.13772   3.393844 2.4931e-11    25.6730    25.6724 1.0000e-12     46.000          1       2663    1479.21 3.9495e+00  52002.313    110.930 1531810344      -0.21     -1.251   40.03008  -72.84936    33.0490  1025.8859    25.6755     7.6254 0.0000e+00
     44.650     7.6340    32.8905  1025.8762     2.9910     5.3381     79.125   -0.00075    6.74638    6.75398      8.591     0.1103   12.13682   3.393946 2.5355e-11    25.6704    25.6698 1.0000e-12     45.000          1       2754    1479.20 3.9495e+00  51997.116    114.689 1531810348      -0.11     -0.455   40.03008  -72.84934    33.0466  1025.8788    25.6730     7.6297 0.0000e+00
     43.657     7.6369    32.8898  1025.8707     2.9923     5.3483     79.279    0.00047    6.74623    6.75382 -9.990e-29     0.1336   12.13656   3.394118 2.5320e-11    25.6695    25.6690 1.0000e-12     44.000          1       2802    1479.20 3.9495e+00  51994.833    116.724 1531810350      -0.15     -0.670   40.03008  -72.84932    33.0462  1025.8735    25.6723     7.6327 0.0000e+00
     42.666     7.6385    32.8897  1025.8658     2.9938     5.3541     79.365    0.00098    6.74610    6.75370 -9.990e-29     0.1117   12.13637   3.394192 2.5320e-11    25.6692    25.6686 1.0000e-12     43.000          1       2867    1479.18 3.9495e+00  51993.611    119.414 1531810353      -0.01     -0.402   40.03008  -72.84931    33.0459  1025.8684    25.6718     7.6345 0.0000e+00
     41.683     7.6401    32.8896  1025.8609     2.9963     5.3586     79.433    0.00090    6.74608    6.75367      8.586     0.1191   12.13633   3.394279 2.5320e-11    25.6688    25.6683 1.0000e-12     42.000          1       2934    1479.18 3.9495e+00  51992.341    122.195 1531810355      -0.53     -0.478   40.03008  -72.84930    33.0458  1025.8635    25.6715     7.6362 0.0000e+00
     40.672     7.6401    32.8896  1025.8563     2.9951     5.3480     79.276   -0.00035    6.74605    6.75364      8.585     0.1244   12.13628   3.394224 2.4995e-11    25.6688    25.6683 1.0000e-12     41.000          1       2955    1479.16 3.9495e+00  51991.671    123.087 1531810356      -0.32     -0.932   40.03008  -72.84930    33.0457  1025.8589    25.6714     7.6362 0.0000e+00
     39.681     7.6407    32.8890  1025.8511     2.9921     5.3382     79.138   -0.00048    6.74543    6.75301      8.584     0.1123   12.13528   3.394179 2.5122e-11    25.6682    25.6677 1.0000e-12     40.000          1       3029    1479.15 3.9495e+00  51989.962    126.178 1531810359      -0.27     -0.537   40.03008  -72.84928    33.0451  1025.8537    25.6708     7.6369 0.0000e+00
     38.698     7.6428    32.8874  1025.8451     2.9922     5.3433     79.219    0.00042    6.74492    6.75249 -9.990e-29     0.1159   12.13445   3.394170 2.5323e-11    25.6667    25.6662 1.0000e-12     39.000          1       3091    1479.13 3.9495e+00  51986.580    128.751 1531810362       0.04     -0.628   40.03008  -72.84927    33.0435  1025.8476    25.6693     7.6391 0.0000e+00
     37.696     7.6489    32.8865  1025.8388     2.9946     5.3595     79.455    0.00200    6.74531    6.75289      8.581     0.1100   12.13509   3.394621 2.5044e-11    25.6651    25.6646 1.0000e-12     38.000          1       3187    1479.14 3.9495e+00  51983.124    132.742 1531810366      -0.07     -0.527   40.03008  -72.84925    33.0430  1025.8418    25.6680     7.6453 0.0000e+00
     36.703     7.6615    32.8857  1025.8318     3.0126     5.4188     80.595    0.00792    6.72358    6.73080      8.585     0.1790   12.09955   3.395675 2.4549e-11    25.6627    25.6622 1.0000e-12     37.000          1       3831    1479.17 3.9495e+00  51978.224    159.564 1531810393      -0.29     -0.674   40.03010  -72.84911    33.0429  1025.8353    25.6662     7.6580 0.0000e+00
     35.718     7.7085    32.8774  1025.8141     3.0515     5.5761     83.354    0.02379    6.68973    6.69639      8.605     0.2553   12.04426   3.399474 2.5060e-11    25.6495    25.6491 1.0000e-12     36.000          1       4131    1479.32 3.9495e+00  51954.466    172.096 1531810405      -0.05     -0.801   40.03012  -72.84903    33.0398  1025.8216    25.6571     7.7050 0.0000e+00
     34.728     7.8482    32.8523  1025.7697     3.1348     5.9283     88.884    0.05289    6.66978    6.67612      8.632     0.2658   12.01154   3.409679 2.4292e-11    25.6098    25.6093 1.0000e-12     35.000          1       4173    1479.81 3.9495e+00  51883.719    173.842 1531810407       0.03     -0.692   40.03012  -72.84902    33.0178  1025.7798    25.6200     7.8448 0.0000e+00
     33.738     8.0542    32.8001  1025.6942     3.2497     6.2599     94.123    0.06695    6.65079    6.65682      8.645     0.2618   11.98054   3.423481 2.5327e-11    25.5390    25.5386 1.0000e-12     34.000          1       4215    1480.51 3.9495e+00  51760.300    175.575 1531810409       0.15     -0.595   40.03012  -72.84901    32.9718  1025.7094    25.5543     8.0509 0.0000e+00
     32.749     8.1990    32.7744  1025.6481     3.3178     6.2781     94.467    0.04438    6.64586    6.65180      8.648     0.2837   11.97252   3.433688 2.5320e-11    25.4976    25.4971 1.0000e-12     33.000          1       4253    1481.01 3.9495e+00  51689.136    177.179 1531810410      -0.32     -0.545   40.03012  -72.84900    32.9450  1025.6627    25.5122     8.1958 0.0000e+00
     31.749     8.3039    32.7500  1025.6088     3.3411     6.1929     93.292    0.02248    6.63819    6.64401      8.648     0.2925   11.96012   3.440447 2.5197e-11    25.4630    25.4625 1.0000e-12     32.000          1       4289    1481.36 3.9495e+00  51629.885    178.671 1531810412       0.14     -0.665   40.03012  -72.84900    32.9191  1025.6223    25.4765     8.3007 0.0000e+00
     30.772     8.3542    32.7308  1025.5818     3.3616     6.1268     92.595    0.00716    6.61675    6.62221      8.644     0.3766   11.92525   3.442775 2.5334e-11    25.4405    25.4400 1.0000e-12     31.000          1       4344    1481.51 3.9495e+00  51590.660    180.954 1531810414      -0.33     -0.280   40.03012  -72.84898    32.8971  1025.5932    25.4519     8.3511 0.0000e+00
     29.766     8.4150    32.7134  1025.5544     3.3618     6.1008     92.276    0.00345    6.61153    6.61691      8.642     0.4032   11.91664   3.446549 2.4965e-11    25.4177    25.4173 1.0000e-12     30.000          1       4367    1481.70 3.9495e+00  51551.542    181.905 1531810415      -0.40     -0.818   40.03012  -72.84898    32.8808  1025.5668    25.4301     8.4120 0.0000e+00
     28.768     8.5102    32.6815  1025.5104     3.3452     6.0068     90.891   -0.00551    6.60873    6.61406      8.639     0.4230   11.91204   3.451987 2.5285e-11    25.3784    25.3780 1.0000e-12     29.000          1       4407    1482.00 3.9495e+00  51484.144    183.577 1531810417       0.05     -0.722   40.03012  -72.84898    32.8500  1025.5239    25.3918     8.5073 0.0000e+00
     27.773     8.6358    32.6623  1025.4718     3.2888     5.8450     88.495   -0.01017    6.60485    6.61012      8.629     0.4381   11.90566   3.460703 2.5185e-11    25.3444    25.3440 1.0000e-12     28.000          1       4613    1482.43 3.9495e+00  51428.724    192.175 1531810425      -0.36     -0.373   40.03012  -72.84893    32.8257  1025.4814    25.3539     8.6329 0.0000e+00
     26.786     8.6757    32.6611  1025.4602     3.2649     5.7770     87.543   -0.01113    6.59894    6.60406      8.597     0.4800   11.89680   3.463654 2.5060e-11    25.3373    25.3369 1.0000e-12     27.000          1       5279    1482.56 3.9495e+00  51417.573    219.906 1531810453      -0.06     -0.785   40.03011  -72.84877    32.8201  1025.4663    25.3435     8.6730 0.0000e+00
     25.802     8.7068    32.6119  1025.4124     3.1336     5.1238     78.102   -0.06650    6.55994    6.56448      8.569     0.9187   11.83257   3.461120 2.5191e-11    25.2941    25.2937 1.0000e-12     26.000          1       5361    1482.60 3.9495e+00  51340.496    223.334 1531810456       0.15     -0.468   40.03010  -72.84876    32.7651  1025.4142    25.2959     8.7041 0.0000e+00
     24.810     8.7557    32.5690  1025.3668     3.0578     4.9840     76.568   -0.05397    6.50920    6.51305      8.595     1.4870   11.74844   3.462286 2.5323e-11    25.2530    25.2526 1.0000e-12     25.000          1       5399    1482.72 3.9495e+00  51268.398    224.928 1531810458      -0.29     -0.589   40.03012  -72.84874    32.7326  1025.3768    25.2631     8.7531 0.0000e+00
     23.813     8.9226    32.5589  1025.3285     3.0955     5.3841     83.021    0.00626    6.48535    6.48888      8.629     1.3896   11.70879   3.476914 2.5320e-11    25.2194    25.2190 1.0000e-12     24.000          1       5427    1483.31 3.9495e+00  51217.584    226.081 1531810459      -0.09     -0.839   40.03011  -72.84874    32.7322  1025.3463    25.2372     8.9201 0.0000e+00
     22.815     9.2240    32.5726  1025.2873     3.2125     6.0210     92.714    0.07211    6.49397    6.49759      8.644     1.2865   11.72349   3.505528 2.5126e-11    25.1830    25.1826 1.0000e-12     23.000          1       5459    1484.42 3.9495e+00  51174.240    227.407 1531810460       0.10     -0.801   40.03010  -72.84874    32.7534  1025.3110    25.2066     9.2216 0.0000e+00
     21.848     9.5310    32.5911  1025.2484     3.3592     6.2652     96.770    0.06035    6.47421    6.47752      8.629     0.9812   11.69141   3.533365 2.5375e-11    25.1486    25.1483 1.0000e-12     22.000          1       5517    1485.56 3.9495e+00  51136.954    229.832 1531810463       0.12     -0.269   40.03010  -72.84871    32.7607  1025.2633    25.1636     9.5286 0.0000e+00
     20.843     9.4067    32.5463  1025.2287     3.3212     5.7928     90.008   -0.00393    6.43590    6.43868      8.631     1.0609   11.62793   3.517288 2.5320e-11    25.1335    25.1331 1.0000e-12     21.000          1       5538    1485.03 3.9495e+00  51098.878    230.691 1531810464      -0.76     -0.699   40.03010  -72.84870    32.7087  1025.2382    25.1430     9.4045 0.0000e+00
     19.827     9.4870    32.5200  1025.1906     3.3195     5.7525     89.425   -0.01013    6.43273    6.43546      8.642     1.0631   11.62288   3.523319 2.4977e-11    25.1000    25.0997 1.0000e-12     20.000          1       5556    1485.27 3.9495e+00  51045.002    231.447 1531810465      -0.40     -1.187   40.03010  -72.84870    32.6981  1025.2126    25.1219     9.4848 0.0000e+00
     18.860     9.8462    32.5046  1025.1157     3.3911     6.1018     95.509    0.03387    6.38885    6.39096      8.658     0.9156   11.55068   3.553526 2.5371e-11    25.0296    25.0293 1.0000e-12     19.000          1       5615    1486.55 3.9495e+00  50952.346    233.919 1531810467       0.16     -0.327   40.03010  -72.84869    32.6819  1025.1371    25.0511     9.8441 0.0000e+00
     17.857    10.0257    32.4738  1025.0573     3.4566     6.1850     97.689    0.03350    6.33148    6.33286      8.683     0.9444   11.45536   3.566582 2.5320e-11    24.9759    24.9756 1.0000e-12     18.000          1       5658    1487.14 3.9495e+00  50874.903    235.708 1531810469       0.03     -0.596   40.03010  -72.84868    32.6530  1025.0804    24.9990    10.0237 0.0000e+00
     16.864    10.5857    32.4925  1024.9723     3.6513     6.8044    107.306    0.06823    6.34262    6.34414      8.716     0.9212   11.47391   3.619580 2.5320e-11    24.8956    24.8953 1.0000e-12     17.000          1       6015    1489.16 3.9495e+00  50799.561    250.593 1531810484      -0.10     -0.378   40.03010  -72.84860    32.6849  1025.0058    24.9292    10.5837 0.0000e+00
     15.887    11.1442    32.5196  1024.8916     3.8918     7.0922    115.735    0.07584    6.12601    6.12471      8.746     0.6746   11.11606   3.670790 2.5320e-11    24.8196    24.8192 1.0000e-12     16.000          1       6790    1491.15 3.9495e+00  50742.290    282.883 1531810516       0.01     -0.434   40.03010  -72.84840    32.6981  1024.9144    24.8424    11.1423 0.0000e+00
     14.894    11.1818    32.4783  1024.8481     3.9383     6.9889    115.515    0.05298    6.05037    6.04808      8.749     0.7300   10.99207   3.669496 2.5320e-11    24.7805    24.7802 1.0000e-12     15.000          1       6732    1491.22 3.9495e+00  50677.731    280.448 1531810514      -0.54     -0.679   40.03010  -72.84840    32.6521  1024.8674    24.7999    11.1800 0.0000e+00
     13.878    11.5729    32.4621  1024.7601     4.0057     7.0790    118.649    0.06639    5.96688    5.96355      8.758     0.7417   10.85487   3.707143 2.5320e-11    24.6973    24.6970 1.0000e-12     14.000          1       6750    1492.55 3.9495e+00  50592.715    281.199 1531810514      -0.46     -1.114   40.03010  -72.84840    32.6775  1024.8120    24.7491    11.5712 0.0000e+00
     12.903    12.8156    32.2736  1024.3742     4.2393     7.1361    128.454    0.10662    5.55791    5.55029      8.761     0.6750   10.17777   3.804140 2.5320e-11    24.3161    24.3158 1.0000e-12     13.000          1       6801    1496.54 3.9495e+00  50151.609    283.341 1531810516       0.25     -0.490   40.03010  -72.84839    32.5320  1024.4602    24.4022    12.8139 0.0000e+00
     11.906    14.6450    32.0798  1023.8501     4.3301     6.9636    129.021    0.06714    5.39742    5.38833      8.768     0.6285    9.91070   3.954183 2.4957e-11    23.7969    23.7965 1.0000e-12     12.000          1       6841    1502.33 3.9495e+00  49657.539    284.982 1531810518      -0.58     -0.607   40.03010  -72.84838    32.3809  1023.9698    23.9167    14.6433 0.0000e+00
     10.910    17.1229    31.9664  1023.2014     4.2627     6.4677    121.443   -0.02947    5.32512    5.31543      8.759     0.5008    9.79099   4.177884 2.5301e-11    23.1532    23.1528 1.0000e-12     11.000          1       6870    1509.86 3.9495e+00  49281.814    286.223 1531810519       0.08     -0.864   40.03010  -72.84838    32.3416  1023.3781    23.3298    17.1212 0.0000e+00
