CalculateIndicators/WaterTemperature/Data/CTD_NYOS/NY1807C24.cnv
* Sea-Bird SBE 9 Data File:
* FileName = C:\Seabird 9 CTD\Data\2018\OffshoreCruise201807\NY1807C24.hex
* Software Version Seasave V 7.23.2
* Temperature SN = 4590
* Conductivity SN = 3228
* Number of Bytes Per Scan = 44
* Number of Voltage Words = 5
* Number of Scans Averaged by the Deck Unit = 1
* NMEA Latitude = 39 24.47 N
* NMEA Longitude = 072 16.74 W
* NMEA UTC (Time) = Jul 19 2018  12:01:49
* NMEA baud rate = 4800
** Ship: RV Seawolf
** Station: NY1807C24
** Operator: ajb
# nquan = 35
# nvalues = 348                         
# units = specified
# name 0 = depSM: Depth [salt water, m]
# name 1 = t090C: Temperature [ITS-90, deg C]
# name 2 = sal00: Salinity, Practical [PSU]
# name 3 = density00: Density [density, kg/m^3]
# name 4 = sbeox0V: Oxygen raw, SBE 43 [V]
# name 5 = sbeox0ML/L: Oxygen, SBE 43 [ml/l]
# name 6 = sbeox0PS: Oxygen, SBE 43 [% saturation]
# name 7 = sbox0dV/dT: Oxygen, SBE 43 [dov/dt]
# name 8 = oxsolML/L: Oxygen Saturation, Garcia & Gordon [ml/l]
# name 9 = oxsatML/L: Oxygen Saturation, Weiss [ml/l]
# name 10 = ph: pH
# name 11 = flECO-AFL: Fluorescence, WET Labs ECO-AFL/FL [mg/m^3]
# name 12 = n2satML/L: Nitrogen Saturation [ml/l]
# name 13 = c0S/m: Conductivity [S/m]
# name 14 = cpar: CPAR/Corrected Irradiance [%]
# name 15 = sigma-é00: Density [sigma-theta, kg/m^3]
# name 16 = sigma-t00: Density [sigma-t, kg/m^3 ]
# name 17 = par: PAR/Irradiance, Biospherical/Licor
# name 18 = prDM: Pressure, Digiquartz [db]
# name 19 = pumps: Pump Status
# name 20 = scan: Scan Count
# name 21 = svCM: Sound Velocity [Chen-Millero, m/s]
# name 22 = spar: SPAR, Biospherical/Licor
# name 23 = specc: Specific Conductance [uS/cm]
# name 24 = timeS: Time, Elapsed [seconds]
# name 25 = timeY: Time, System [seconds]
# name 26 = accM: Acceleration [m/s^2]
# name 27 = dz/dtM: Descent Rate [m/s]
# name 28 = latitude: Latitude [deg]
# name 29 = longitude: Longitude [deg]
# name 30 = gsw_saA0: Absolute Salinity [g/kg]
# name 31 = gsw_densityA0: density, TEOS-10 [density, kg/m^3]
# name 32 = gsw_sigma0A0: density, TEOS-10 [sigma-0, kg/m^3 ]
# name 33 = gsw_ptA0: potential temperature [ITS-90, deg C]
# name 34 = flag: flag
# span 0 =      0.978,    173.599       
# span 1 =     8.8992,    23.0615       
# span 2 =    32.8683,    35.5254       
# span 3 =  1022.3187,  1027.7217       
# span 4 =     2.6302,     4.1957       
# span 5 =     4.0213,     6.7504       
# span 6 =     66.924,    122.297       
# span 7 =   -0.06121,    0.05872       
# span 8 =    4.95777,    6.53467       
# span 9 =    4.94611,    6.53967       
# span 10 =      8.659,      8.967      
# span 11 =    -0.0811,     1.3146      
# span 12 =    9.17006,   11.78103      
# span 13 =   3.544911,   4.831835      
# span 14 = 5.4542e-14, 4.4012e+01      
# span 15 =    22.3101,    26.9503      
# span 16 =    22.3100,    26.9459      
# span 17 = 1.0000e-12, 6.2304e+02      
# span 18 =      1.000,    175.000      
# span 19 =          1,          1      
# span 20 =        830,      33294      
# span 21 =    1484.43,    1527.33      
# span 22 = 1.1852e+03, 1.8801e+03      
# span 23 =  50220.183,  54820.293      
# span 24 =     34.529,   1387.220      
# span 25 = 1532001749, 1532003101      
# span 26 =      -0.57,       0.49      
# span 27 =     -0.700,      0.955      
# span 28 =   39.40205,   39.40769      
# span 29 =  -72.27900,  -72.27660      
# span 30 =    33.0556,    35.6944      
# span 31 =  1022.3372,  1027.7262      
# span 32 =    22.3286,    26.9521      
# span 33 =     8.8954,    23.0610      
# span 34 = 0.0000e+00, 0.0000e+00      
# interval = decibars: 1                
# start_time = Jul 19 2018 12:01:54 [System UTC, first data scan.]
# bad_flag = -9.990e-29
*END*
[from data line 125]
    125.996    12.5032    35.4627  1027.4183     2.8690     4.4839     75.112   -0.00433    5.96960    5.96863 -9.990e-29    -0.0710   10.82226   4.102118 5.6545e-14    26.8540    26.8506 1.0000e-12    127.000          1       5837    1501.18 1.7685e+03  54684.316    243.153 1532001957       0.04      0.650   39.40670  -72.27864    35.6322  1027.4236    26.8592    12.4861 0.0000e+00
    126.987    12.5057    35.4684  1027.4268     2.8624     4.4704     74.890   -0.00433    5.96931    5.96834 -9.990e-29    -0.0631   10.82177   4.103020 5.6779e-14    26.8580    26.8546 1.0000e-12    128.000          1       5875    1501.21 1.7612e+03  54692.502    244.762 1532001959      -0.04      0.629   39.40670  -72.27864    35.6381  1027.4320    26.8633    12.4886 0.0000e+00
    127.977    12.5122    35.4736  1027.4339     2.8581     4.4694     74.874   -0.00264    5.96916    5.96819 -9.990e-29    -0.0720   10.82140   4.104179 5.6636e-14    26.8607    26.8573 1.0000e-12    129.000          1       5915    1501.26 1.7657e+03  54699.171    246.423 1532001961       0.01      0.596   39.40669  -72.27863    35.6428  1027.4389    26.8657    12.4948 0.0000e+00
    128.969    12.5138    35.4742  1027.4386     2.8517     4.4512     74.576   -0.00370    5.96873    5.96776 -9.990e-29    -0.0603   10.82062   4.104460 5.6261e-14    26.8610    26.8575 1.0000e-12    130.000          1       5950    1501.28 1.7774e+03  54700.449    247.862 1532001962       0.09      0.671   39.40668  -72.27862    35.6435  1027.4436    26.8660    12.4964 0.0000e+00
    129.964    12.5117    35.4818  1027.4493     2.8421     4.4172     74.008   -0.00682    5.96857    5.96761 -9.990e-29    -0.0661   10.82032   4.105123 5.5963e-14    26.8673    26.8638 1.0000e-12    131.000          1       5982    1501.30 1.7869e+03  54711.839    249.195 1532001963       0.00      0.754   39.40668  -72.27862    35.6515  1027.4546    26.8726    12.4941 0.0000e+00
    130.953    12.5134    35.4897  1027.4596     2.8320     4.3951     73.637   -0.00705    5.96850    5.96753      8.718    -0.0654   10.82017   4.106088 5.5965e-14    26.8731    26.8696 1.0000e-12    132.000          1       6017    1501.33 1.7868e+03  54723.121    250.668 1532001965      -0.04      0.684   39.40667  -72.27862    35.6589  1027.4644    26.8780    12.4956 0.0000e+00
    131.949    12.5134    35.4944  1027.4677     2.8265     4.3967     73.667   -0.00422    5.96825    5.96728      8.716    -0.0531   10.81975   4.106593 5.6329e-14    26.8767    26.8732 1.0000e-12    133.000          1       6054    1501.35 1.7754e+03  54730.064    252.226 1532001966      -0.07      0.662   39.40666  -72.27862    35.6634  1027.4724    26.8815    12.4955 0.0000e+00
    132.930    12.5133    35.4968  1027.4740     2.8219     4.3982     73.701   -0.00183    5.96761    5.96664      8.715    -0.0639   10.81865   4.106864 6.0122e-14    26.8787    26.8751 1.0000e-12    134.000          1       6105    1501.37 1.6743e+03  54734.055    254.321 1532001968       0.01      0.421   39.40666  -72.27862    35.6657  1027.4786    26.8833    12.4952 0.0000e+00
    133.930    12.5159    35.4983  1027.4792     2.8198     4.3927     73.621   -0.00200    5.96667    5.96568      8.714    -0.0643   10.81704   4.107341 6.0673e-14    26.8794    26.8758 1.0000e-12    135.000          1       6135    1501.40 1.6604e+03  54736.376    255.594 1532001970       0.23      0.708   39.40665  -72.27862    35.6674  1027.4839    26.8841    12.4977 0.0000e+00
    134.923    12.5185    35.5001  1027.4845     2.8174     4.3906     73.582   -0.00154    5.96693    5.96595      8.715    -0.0548   10.81750   4.107853 5.6320e-14    26.8803    26.8767 1.0000e-12    136.000          1       6170    1501.43 1.7763e+03  54739.011    257.021 1532001971      -0.12      0.743   39.40664  -72.27862    35.6695  1027.4894    26.8852    12.5002 0.0000e+00
    135.908    12.5252    35.5057  1027.4919     2.8131     4.3773     73.356   -0.00261    5.96720    5.96622      8.714    -0.0593   10.81798   4.109129 5.5575e-14    26.8833    26.8797 1.0000e-12    137.000          1       6207    1501.47 1.7994e+03  54746.361    258.579 1532001973       0.08      0.602   39.40664  -72.27862    35.6750  1027.4968    26.8882    12.5068 0.0000e+00
    136.907    12.5233    35.5028  1027.4946     2.8115     4.3756     73.328   -0.00229    5.96719    5.96621      8.714    -0.0576   10.81797   4.108633 5.5646e-14    26.8815    26.8778 1.0000e-12    138.000          1       6235    1501.48 1.7971e+03  54743.089    259.756 1532001974       0.14      0.803   39.40664  -72.27862    35.6716  1027.4990    26.8860    12.5047 0.0000e+00
    137.898    12.5230    35.5006  1027.4974     2.8140     4.3951     73.677    0.00099    5.96533    5.96433 -9.990e-29    -0.0718   10.81474   4.108428 5.9063e-14    26.8799    26.8762 1.0000e-12    139.000          1       6278    1501.49 1.7072e+03  54740.832    261.542 1532001976      -0.19      0.599   39.40663  -72.27862    35.6695  1027.5019    26.8844    12.5043 0.0000e+00
    138.882    12.5332    35.5106  1027.5075     2.8103     4.3717     73.286   -0.00264    5.96531    5.96432      8.713    -0.0698   10.81468   4.110645 5.7181e-14    26.8856    26.8819 1.0000e-12    140.000          1       6333    1501.55 1.7483e+03  54753.531    263.851 1532001978       0.24      0.391   39.40662  -72.27862    35.6809  1027.5131    26.8912    12.5143 0.0000e+00
    139.877    12.5347    35.5156  1027.5155     2.8050     4.3574     73.040   -0.00351    5.96581    5.96482      8.713    -0.0540   10.81551   4.111245 6.1944e-14    26.8892    26.8855 1.0000e-12    141.000          1       6364    1501.58 1.6340e+03  54760.847    265.126 1532001979       0.16      0.724   39.40662  -72.27862    35.6848  1027.5203    26.8940    12.5157 0.0000e+00
    140.871    12.5341    35.5163  1027.5207     2.7977     4.3299     72.579   -0.00615    5.96575    5.96477      8.713    -0.0520   10.81541   4.111266 5.5992e-14    26.8899    26.8861 1.0000e-12    142.000          1       6391    1501.60 1.7862e+03  54762.462    266.246 1532001980       0.10      0.850   39.40662  -72.27860    35.6851  1027.5252    26.8944    12.5150 0.0000e+00
    141.870    12.5309    35.5158  1027.5254     2.7987     4.3536     72.977   -0.00152    5.96573    5.96475      8.713    -0.0546   10.81538   4.110931 5.5711e-14    26.8902    26.8864 1.0000e-12    143.000          1       6423    1501.60 1.7950e+03  54762.926    267.578 1532001982      -0.16      0.817   39.40660  -72.27860    35.6845  1027.5298    26.8946    12.5116 0.0000e+00
    142.845    12.5299    35.5160  1027.5302     2.7971     4.3552     73.004   -0.00063    5.96559    5.96460      8.713    -0.0544   10.81513   4.110927 5.9849e-14    26.8906    26.8867 1.0000e-12    144.000          1       6480    1501.61 1.6820e+03  54763.930    269.948 1532001984       0.04      0.278   39.40660  -72.27860    35.6850  1027.5348    26.8951    12.5106 0.0000e+00
    143.850    12.5296    35.5157  1027.5345     2.7953     4.3464     72.857   -0.00188    5.96564    5.96465      8.713    -0.0653   10.81523   4.110892 5.7321e-14    26.8904    26.8866 1.0000e-12    145.000          1       6511    1501.63 1.7450e+03  54764.156    271.230 1532001985       0.15      0.700   39.40660  -72.27860    35.6845  1027.5390    26.8949    12.5100 0.0000e+00
    144.830    12.5309    35.5161  1027.5390     2.7963     4.3634     73.139    0.00128    5.96593    5.96494      8.713    -0.0612   10.81571   4.111131 6.0425e-14    26.8905    26.8866 1.0000e-12    146.000          1       6549    1501.65 1.6690e+03  54765.174    272.849 1532001987      -0.13      0.622   39.40658  -72.27860    35.6852  1027.5436    26.8952    12.5112 0.0000e+00
    145.831    12.5305    35.5157  1027.5433     2.7959     4.3529     72.961   -0.00093    5.96605    5.96507 -9.990e-29    -0.0771   10.81592   4.111065 5.5906e-14    26.8903    26.8864 1.0000e-12    147.000          1       6578    1501.67 1.7890e+03  54765.253    274.025 1532001988       0.26      0.755   39.40658  -72.27860    35.6844  1027.5476    26.8947    12.5108 0.0000e+00
    146.824    12.5291    35.5151  1027.5476     2.7996     4.3740     73.313    0.00181    5.96627    5.96529      8.713    -0.0654   10.81628   4.110892 5.5711e-14    26.8901    26.8862 1.0000e-12    148.000          1       6615    1501.68 1.7950e+03  54765.220    275.604 1532001990      -0.21      0.683   39.40658  -72.27858    35.6837  1027.5518    26.8945    12.5091 0.0000e+00
    147.809    12.5264    35.5146  1027.5521     2.7997     4.3661     73.179   -0.00017    5.96637    5.96539      8.713    -0.0755   10.81644   4.110618 5.9949e-14    26.8903    26.8864 1.0000e-12    149.000          1       6665    1501.68 1.6786e+03  54765.566    277.655 1532001992       0.26      0.423   39.40656  -72.27858    35.6832  1027.5564    26.8946    12.5063 0.0000e+00
    148.806    12.5257    35.5145  1027.5567     2.7963     4.3518     72.933   -0.00190    5.96682    5.96585      8.713    -0.0686   10.81720   4.110606 5.7237e-14    26.8904    26.8864 1.0000e-12    150.000          1       6696    1501.70 1.7475e+03  54766.075    278.960 1532001993       0.09      0.736   39.40656  -72.27858    35.6833  1027.5611    26.8948    12.5055 0.0000e+00
    149.797    12.5253    35.5146  1027.5613     2.7936     4.3446     72.804   -0.00246    5.96749    5.96652      8.713    -0.0522   10.81830   4.110610 5.9901e-14    26.8906    26.8866 1.0000e-12    151.000          1       6732    1501.71 1.6841e+03  54766.925    280.452 1532001995      -0.07      0.687   39.40656  -72.27858    35.6832  1027.5656    26.8949    12.5050 0.0000e+00
    150.787    12.5215    35.5144  1027.5663     2.7937     4.3588     73.039    0.00044    5.96782    5.96686 -9.990e-29    -0.0616   10.81885   4.110228 5.5723e-14    26.8912    26.8871 1.0000e-12    152.000          1       6768    1501.71 1.7943e+03  54767.822    281.978 1532001996       0.02      0.648   39.40656  -72.27858    35.6827  1027.5704    26.8953    12.5011 0.0000e+00
    151.779    12.5164    35.5143  1027.5717     2.7920     4.3473     72.843   -0.00142    5.96807    5.96711 -9.990e-29    -0.0777   10.81926   4.109754 5.5731e-14    26.8921    26.8881 1.0000e-12    153.000          1       6802    1501.72 1.7943e+03  54769.035    283.358 1532001997       0.06      0.706   39.40654  -72.27858    35.6825  1027.5757    26.8961    12.4958 0.0000e+00
    152.776    12.5136    35.5144  1027.5769     2.7918     4.3527     72.929   -0.00028    5.96848    5.96752      8.712    -0.0696   10.81993   4.109554 5.8804e-14    26.8928    26.8887 1.0000e-12    154.000          1       6835    1501.72 1.7162e+03  54770.338    284.757 1532001999      -0.05      0.735   39.40654  -72.27858    35.6828  1027.5810    26.8969    12.4929 0.0000e+00
    153.759    12.5105    35.5146  1027.5821     2.7905     4.3493     72.867   -0.00068    5.96888    5.96793      8.711    -0.0635   10.82059   4.109313 5.8357e-14    26.8936    26.8895 1.0000e-12    155.000          1       6882    1501.73 1.7198e+03  54771.682    286.721 1532002001      -0.09      0.492   39.40654  -72.27858    35.6830  1027.5862    26.8977    12.4896 0.0000e+00
    154.752    12.5069    35.5148  1027.5874     2.7894     4.3469     72.824   -0.00083    5.96909    5.96815      8.711    -0.0683   10.82095   4.109038 6.1648e-14    26.8945    26.8904 1.0000e-12    156.000          1       6918    1501.73 1.6392e+03  54773.097    288.212 1532002002       0.26      0.616   39.40652  -72.27858    35.6833  1027.5916    26.8987    12.4859 0.0000e+00
    155.750    12.5050    35.5149  1027.5924     2.7876     4.3431     72.759   -0.00095    5.96913    5.96819      8.710    -0.0770   10.82101   4.108892 5.6183e-14    26.8950    26.8908 1.0000e-12    157.000          1       6946    1501.74 1.7808e+03  54774.146    289.363 1532002003       0.08      0.848   39.40652  -72.27858    35.6832  1027.5964    26.8991    12.4839 0.0000e+00
    156.740    12.5032    35.5148  1027.5971     2.7849     4.3332     72.587   -0.00200    5.96965    5.96872      8.709    -0.0553   10.82188   4.108758 5.5868e-14    26.8953    26.8911 1.0000e-12    158.000          1       6982    1501.75 1.7899e+03  54774.871    290.889 1532002005      -0.16      0.700   39.40652  -72.27857    35.6832  1027.6012    26.8994    12.4820 0.0000e+00
    157.728    12.5012    35.5147  1027.6019     2.7825     4.3330     72.583   -0.00113    5.96973    5.96879      8.709    -0.0628   10.82200   4.108591 5.8390e-14    26.8956    26.8914 1.0000e-12    159.000          1       7028    1501.76 1.7259e+03  54775.622    292.794 1532002007      -0.02      0.513   39.40651  -72.27856    35.6830  1027.6059    26.8997    12.4798 0.0000e+00
    158.719    12.4980    35.5149  1027.6071     2.7814     4.3323     72.569   -0.00097    5.96989    5.96896      8.708    -0.0544   10.82227   4.108360 5.9425e-14    26.8964    26.8922 1.0000e-12    160.000          1       7066    1501.77 1.6954e+03  54777.080    294.357 1532002008       0.14      0.615   39.40650  -72.27856    35.6834  1027.6113    26.9007    12.4764 0.0000e+00
    159.713    12.4981    35.5148  1027.6115     2.7823     4.3443     72.741    0.00071    5.97230    5.97139      8.709    -0.0588   10.82625   4.108409 5.7693e-14    26.8963    26.8921 1.0000e-12    161.000          1       7097    1501.79 1.7368e+03  54777.485    295.680 1532002010       0.04      0.745   39.40650  -72.27856    35.6834  1027.6157    26.9006    12.4764 0.0000e+00
    160.704    12.4966    35.5150  1027.6164     2.7774     4.3219     72.330   -0.00241    5.97517    5.97430      8.709    -0.0705   10.83101   4.108327 6.3520e-14    26.8968    26.8925 1.0000e-12    162.000          1       7129    1501.80 1.6036e+03  54778.602    297.014 1532002011      -0.00      0.751   39.40650  -72.27856    35.6835  1027.6206    26.9011    12.4748 0.0000e+00
    161.699    12.4820    35.5144  1027.6234     2.7712     4.3022     71.955   -0.00451    5.97897    5.97815      8.708    -0.0603   10.83733   4.106760 5.6231e-14    26.8993    26.8950 1.0000e-12    163.000          1       7163    1501.77 1.7808e+03  54780.748    298.397 1532002012      -0.04      0.740   39.40649  -72.27856    35.6818  1027.6266    26.9026    12.4601 0.0000e+00
    162.686    12.4445    35.5130  1027.6342     2.7608     4.2778     71.512   -0.00554    5.98192    5.98115      8.705    -0.0528   10.84222   4.102786 5.5934e-14    26.9055    26.9012 1.0000e-12    164.000          1       7207    1501.65 1.7879e+03  54785.211    300.256 1532002014      -0.11      0.537   39.40648  -72.27856    35.6783  1027.6359    26.9073    12.4225 0.0000e+00
    163.682    12.4178    35.5110  1027.6424     2.7492     4.2519     71.050   -0.00626    5.98430    5.98356      8.705    -0.0612   10.84617   4.100076 5.9826e-14    26.9093    26.9049 1.0000e-12    165.000          1       7252    1501.58 1.6867e+03  54787.322    302.113 1532002016      -0.01      0.549   39.40648  -72.27854    35.6769  1027.6446    26.9115    12.3957 0.0000e+00
    164.673    12.3844    35.5104  1027.6531     2.7328     4.2174     70.449   -0.00651    5.98646    5.98574      8.704    -0.0619   10.84972   4.096797 5.8399e-14    26.9154    26.9110 1.0000e-12    166.000          1       7315    1501.48 1.7237e+03  54792.433    304.747 1532002019      -0.04      0.370   39.40647  -72.27854    35.6763  1027.6552    26.9175    12.3623 0.0000e+00
