CalculateIndicators/WaterTemperature/Data/CTD_NYOS/NY1807C29.cnv
* Sea-Bird SBE 9 Data File:
* FileName = C:\Seabird 9 CTD\Data\2018\OffshoreCruise201807\NY1807C29.hex
* Software Version Seasave V 7.23.2
* Temperature SN = 4590
* Conductivity SN = 3228
* Number of Bytes Per Scan = 44
* Number of Voltage Words = 5
* Number of Scans Averaged by the Deck Unit = 1
* NMEA Latitude = 39 55.49 N
* NMEA Longitude = 073 09.60 W
* NMEA UTC (Time) = Jul 20 2018  14:55:49
* NMEA baud rate = 4800
** Ship: RV Seawolf
** Station: NY1807C29
** Operator: ajb
# nquan = 35
# nvalues = 137                         
# units = specified
# name 0 = depSM: Depth [salt water, m]
# name 1 = t090C: Temperature [ITS-90, deg C]
# name 2 = sal00: Salinity, Practical [PSU]
# name 3 = density00: Density [density, kg/m^3]
# name 4 = sbeox0V: Oxygen raw, SBE 43 [V]
# name 5 = sbeox0ML/L: Oxygen, SBE 43 [ml/l]
# name 6 = sbeox0PS: Oxygen, SBE 43 [% saturation]
# name 7 = sbox0dV/dT: Oxygen, SBE 43 [dov/dt]
# name 8 = oxsolML/L: Oxygen Saturation, Garcia & Gordon [ml/l]
# name 9 = oxsatML/L: Oxygen Saturation, Weiss [ml/l]
# name 10 = ph: pH
# name 11 = flECO-AFL: Fluorescence, WET Labs ECO-AFL/FL [mg/m^3]
# name 12 = n2satML/L: Nitrogen Saturation [ml/l]
# name 13 = c0S/m: Conductivity [S/m]
# name 14 = cpar: CPAR/Corrected Irradiance [%]
# name 15 = sigma-é00: Density [sigma-theta, kg/m^3]
# name 16 = sigma-t00: Density [sigma-t, kg/m^3 ]
# name 17 = par: PAR/Irradiance, Biospherical/Licor
# name 18 = prDM: Pressure, Digiquartz [db]
# name 19 = pumps: Pump Status
# name 20 = scan: Scan Count
# name 21 = svCM: Sound Velocity [Chen-Millero, m/s]
# name 22 = spar: SPAR, Biospherical/Licor
# name 23 = specc: Specific Conductance [uS/cm]
# name 24 = timeS: Time, Elapsed [seconds]
# name 25 = timeY: Time, System [seconds]
# name 26 = accM: Acceleration [m/s^2]
# name 27 = dz/dtM: Descent Rate [m/s]
# name 28 = latitude: Latitude [deg]
# name 29 = longitude: Longitude [deg]
# name 30 = gsw_saA0: Absolute Salinity [g/kg]
# name 31 = gsw_densityA0: density, TEOS-10 [density, kg/m^3]
# name 32 = gsw_sigma0A0: density, TEOS-10 [sigma-0, kg/m^3 ]
# name 33 = gsw_ptA0: potential temperature [ITS-90, deg C]
# name 34 = flag: flag
# span 0 =      0.980,     68.464       
# span 1 =     7.3028,    23.5269       
# span 2 =    30.5576,    32.7070       
# span 3 =  1020.4483,  1025.8647       
# span 4 =     2.5406,     4.1282       
# span 5 =     4.3242,     6.9654       
# span 6 =     63.516,    119.054       
# span 7 =   -0.05408,    0.03930       
# span 8 =    4.98568,    6.80804       
# span 9 =    4.97361,    6.81632       
# span 10 =      8.531,      8.958      
# span 11 =     0.0233,     2.4656      
# span 12 =    9.23891,   12.24134      
# span 13 =   3.346135,   4.568754      
# span 14 = -1.307e-05, 8.1016e+01      
# span 15 =    20.4355,    25.5491      
# span 16 =    20.4353,    25.5482      
# span 17 = -2.779e-04, 1.7376e+03      
# span 18 =      1.000,     69.000      
# span 19 =          1,          1      
# span 20 =       1558,      23519      
# span 21 =    1478.04,    1526.03      
# span 22 = 1.1429e+03, 2.1740e+03      
# span 23 =  47047.230,  51790.935      
# span 24 =     64.893,    979.918      
# span 25 = 1532098628, 1532099544      
# span 26 =      -0.43,       0.46      
# span 27 =     -0.677,      0.485      
# span 28 =   39.92450,   39.92472      
# span 29 =  -73.16370,  -73.16035      
# span 30 =    30.7118,    32.8626      
# span 31 =  1020.4489,  1025.8671      
# span 32 =    20.4383,    25.5511      
# span 33 =     7.2965,    23.5263      
# span 34 = 0.0000e+00, 0.0000e+00      
# interval = decibars: 1                
# start_time = Jul 20 2018 14:56:04 [System UTC, first data scan.]
# bad_flag = -9.990e-29
*END*
[from data line 125]
     11.906    19.8997    31.3876  1022.0864     4.1255     6.2382    118.073   -0.00339    5.28305    5.27286      8.797     0.8476    9.72671   4.341223 6.6985e+00    22.0343    22.0337 1.4390e+02     12.000          1      21745    1517.35 2.1486e+03  48311.061    905.988 1532099470      -0.06     -0.222   39.92459  -73.16339    31.5575  1022.1081    22.0560    19.8975 0.0000e+00
     10.916    20.6835    31.2305  1021.7592     4.0949     6.0208    116.963   -0.00453    5.14756    5.13636      8.821     0.6440    9.50512   4.392733 5.0678e+00    21.7115    21.7110 1.0903e+02     11.000          1      22534    1519.34 2.1514e+03  48058.484    938.890 1532099503      -0.21     -0.439   39.92462  -73.16352    31.3890  1021.7726    21.7249    20.6815 0.0000e+00
      9.922    21.4222    30.9976  1021.3801     4.0419     5.8585    114.550   -0.01639    5.11427    5.10285      8.831     0.5466    9.45069   4.433031 5.1423e+00    21.3369    21.3364 1.1053e+02     10.000          1      22591    1521.08 2.1494e+03  47709.326    941.248 1532099505       0.07     -0.357   39.92462  -73.16354    31.1691  1021.4040    21.3608    21.4203 0.0000e+00
      8.938    22.0509    30.7976  1021.0537     4.0052     5.7260    113.868   -0.00377    5.02858    5.01670      8.857     0.4359    9.30931   4.465728 6.8978e+00    21.0148    21.0144 1.4859e+02      9.000          1      22685    1522.53 2.1542e+03  47412.152    945.176 1532099509      -0.27     -0.245   39.92462  -73.16356    30.9718  1021.0800    21.0412    22.0492 0.0000e+00
      7.934    22.5450    30.7688  1020.8905     3.9840     5.6585    112.638   -0.01453    5.02354    5.01164      8.861     0.4415    9.30141   4.509444 7.6007e+00    20.8560    20.8556 1.6342e+02      8.000          1      22717    1523.78 2.1501e+03  47358.252    946.508 1532099510      -0.09     -0.640   39.92462  -73.16356    30.9582  1020.9282    20.8937    22.5434 0.0000e+00
      6.947    23.0584    30.6457  1020.6490     3.9510     5.6043    111.681   -0.00999    5.01817    5.00624      8.875     0.3915    9.29288   4.538445 9.5291e+00    20.6189    20.6185 2.0491e+02      7.000          1      22792    1524.96 2.1494e+03  47174.508    949.622 1532099514       0.10     -0.276   39.92462  -73.16358    30.8186  1020.6745    20.6444    23.0570 0.0000e+00
      5.954    23.1465    30.5987  1020.5841     3.9382     5.5930    111.592   -0.00153    5.01203    5.00006      8.880     0.3432    9.28297   4.539122 1.7828e+01    20.5584    20.5580 3.8401e+02      6.000          1      22869    1525.12 2.1540e+03  47107.710    952.815 1532099517      -0.07     -0.392   39.92462  -73.16359    30.7624  1020.6029    20.5770    23.1453 0.0000e+00
      4.962    23.2030    30.5703  1020.5424     3.9356     5.5821    111.490   -0.00154    5.00679    4.99479      8.884     0.3155    9.27431   4.539997 2.2317e+01    20.5209    20.5206 4.7970e+02      5.000          1      22923    1525.22 2.1495e+03  47066.743    955.094 1532099519      -0.05     -0.439   39.92462  -73.16360    30.7300  1020.5581    20.5366    23.2019 0.0000e+00
      3.969    23.2755    30.5576  1020.5078     3.9310     5.5716    111.321   -0.00148    5.00499    4.99299      8.886     0.2907    9.27128   4.544565 2.0424e+01    20.4906    20.4904 4.3908e+02      4.000          1      22988    1525.38 2.1498e+03  47047.230    957.787 1532099522       0.07     -0.341   39.92462  -73.16362    30.7144  1020.5213    20.5041    23.2747 0.0000e+00
      2.977    23.2925    30.5644  1020.5037     3.9326     5.5731    111.464    0.00086    4.99989    4.98787      8.888     0.2352    9.26274   4.546510 3.3397e+01    20.4908    20.4906 7.1951e+02      3.000          1      23063    1525.41 2.1544e+03  47055.927    960.916 1532099525      -0.08     -0.364   39.92462  -73.16362    30.7176  1020.5145    20.5016    23.2919 0.0000e+00
      1.982    23.3462    30.5653  1020.4847     3.9288     5.5619    111.228   -0.00146    5.00045    4.98844      8.890     0.1897    9.26367   4.551304 4.7955e+01    20.4762    20.4761 1.0311e+03      2.000          1      23148    1525.53 2.1505e+03  47055.438    964.477 1532099528      -0.05     -0.391   39.92462  -73.16364    30.7168  1020.4942    20.4856    23.3458 0.0000e+00
      0.982    23.3094    30.5773  1020.4999     3.9311     5.5699    111.528    0.00334    4.99411    4.98207      8.903     0.2360    9.25295   4.548386 8.1016e+01    20.4956    20.4956 1.7376e+03      1.000          1      23519    1525.43 2.1433e+03  47072.442    979.918 1532099544      -0.12     -0.212   39.92462  -73.16370    30.7206  1020.5033    20.4990    23.3091 0.0000e+00
