CalculateIndicators/WaterTemperature/Data/CTD_NYOS/NY1807C15.cnv
* Sea-Bird SBE 9 Data File:
* FileName = C:\Seabird 9 CTD\Data\2018\OffshoreCruise201807\NY1807C15.hex
* Software Version Seasave V 7.23.2
* Temperature SN = 4590
* Conductivity SN = 3228
* Number of Bytes Per Scan = 44
* Number of Voltage Words = 5
* Number of Scans Averaged by the Deck Unit = 1
* NMEA Latitude = 40 11.20 N
* NMEA Longitude = 073 36.19 W
* NMEA UTC (Time) = Jul 17 2018  22:24:19
* NMEA baud rate = 4800
** Ship: RV Seawolf
** Station: NY1807C15
** Operator: jdw
# nquan = 35
# nvalues = 56                          
# units = specified
# name 0 = depSM: Depth [salt water, m]
# name 1 = t090C: Temperature [ITS-90, deg C]
# name 2 = sal00: Salinity, Practical [PSU]
# name 3 = density00: Density [density, kg/m^3]
# name 4 = sbeox0V: Oxygen raw, SBE 43 [V]
# name 5 = sbeox0ML/L: Oxygen, SBE 43 [ml/l]
# name 6 = sbeox0PS: Oxygen, SBE 43 [% saturation]
# name 7 = sbox0dV/dT: Oxygen, SBE 43 [dov/dt]
# name 8 = oxsolML/L: Oxygen Saturation, Garcia & Gordon [ml/l]
# name 9 = oxsatML/L: Oxygen Saturation, Weiss [ml/l]
# name 10 = ph: pH
# name 11 = flECO-AFL: Fluorescence, WET Labs ECO-AFL/FL [mg/m^3]
# name 12 = n2satML/L: Nitrogen Saturation [ml/l]
# name 13 = c0S/m: Conductivity [S/m]
# name 14 = cpar: CPAR/Corrected Irradiance [%]
# name 15 = sigma-é00: Density [sigma-theta, kg/m^3]
# name 16 = sigma-t00: Density [sigma-t, kg/m^3 ]
# name 17 = par: PAR/Irradiance, Biospherical/Licor
# name 18 = prDM: Pressure, Digiquartz [db]
# name 19 = pumps: Pump Status
# name 20 = scan: Scan Count
# name 21 = svCM: Sound Velocity [Chen-Millero, m/s]
# name 22 = spar: SPAR, Biospherical/Licor
# name 23 = specc: Specific Conductance [uS/cm]
# name 24 = timeS: Time, Elapsed [seconds]
# name 25 = timeY: Time, System [seconds]
# name 26 = accM: Acceleration [m/s^2]
# name 27 = dz/dtM: Descent Rate [m/s]
# name 28 = latitude: Latitude [deg]
# name 29 = longitude: Longitude [deg]
# name 30 = gsw_saA0: Absolute Salinity [g/kg]
# name 31 = gsw_densityA0: density, TEOS-10 [density, kg/m^3]
# name 32 = gsw_sigma0A0: density, TEOS-10 [sigma-0, kg/m^3 ]
# name 33 = gsw_ptA0: potential temperature [ITS-90, deg C]
# name 34 = flag: flag
# span 0 =      0.992,     28.789       
# span 1 =    12.0532,    23.4132       
# span 2 =    30.4942,    32.3042       
# span 3 =  1020.4559,  1024.6169       
# span 4 =     2.9111,     4.0523       
# span 5 =     3.8310,     6.1356       
# span 6 =     76.529,    116.396       
# span 7 =   -0.06255,    0.05414       
# span 8 =    4.98327,    6.14019       
# span 9 =    4.97127,    6.13899       
# span 10 =      8.591,      8.914      
# span 11 =     0.2889,     2.1783      
# span 12 =    9.23094,   11.14089      
# span 13 =   3.728412,   4.614001      
# span 14 = 6.3291e-12, 2.1553e+01      
# span 15 =    20.4492,    24.4869      
# span 16 =    20.4491,    24.4862      
# span 17 = 1.0000e-12, 3.4454e+00      
# span 18 =      1.000,     29.000      
# span 19 =         -0,          1      
# span 20 =        314,      18333      
# span 21 =    1494.27,    1526.27      
# span 22 = 1.5027e+01, 1.5804e+01      
# span 23 =  46959.241,  50306.805      
# span 24 =     13.053,    763.845      
# span 25 = 1531866275, 1531867026      
# span 26 =      -0.30,       0.60      
# span 27 =     -0.700,      0.580      
# span 28 =   40.18677,   40.18774      
# span 29 =  -73.60316,  -73.60241      
# span 30 =    30.6375,    32.4580      
# span 31 =  1020.4596,  1024.6218      
# span 32 =    20.4553,    24.4919      
# span 33 =    12.0496,    23.4118      
# span 34 = 0.0000e+00, 0.0000e+00      
# interval = decibars: 1                
# start_time = Jul 17 2018 22:24:22 [System UTC, first data scan.]
# bad_flag = -9.990e-29
*END*
[from data line 42]
     13.888    18.6621    31.4037  1022.4201     3.9766     6.1356    113.473    0.00780    5.40719    5.39795      8.775     1.5665    9.93302   4.228443 1.1435e+00    22.3591    22.3585 1.7835e-01     14.000          1      14290    1513.88 1.5798e+01  48399.090    595.364 1531866858      -0.07     -0.404   40.18744  -73.60266    31.5660  1022.4363    22.3752    18.6597 0.0000e+00
     12.899    18.9203    31.3812  1022.3347     3.9860     6.0500    113.403    0.00079    5.33528    5.32546      8.778     1.6294    9.81427   4.249136 1.5292e+00    22.2780    22.2775 2.4156e-01     13.000          1      14441    1514.58 1.5798e+01  48352.537    601.664 1531866864      -0.06     -0.231   40.18744  -73.60268    31.5414  1022.3493    22.2926    18.9180 0.0000e+00
     11.909    20.3468    31.1669  1021.7981     4.0523     5.8202    116.396    0.01413    4.99915    4.98714      8.799     1.1914    9.25895   4.361565 2.0764e+00    21.7461    21.7455 3.2803e-01     12.000          1      14544    1518.31 1.5798e+01  47990.060    605.959 1531866868      -0.01     -0.249   40.18744  -73.60268    31.3891  1021.8601    21.8080    20.3446 0.0000e+00
     10.915    23.2994    30.8523  1020.7577     3.9404     5.5218    110.798   -0.02293    4.98392    4.97192      8.852     0.7989    9.23203   4.595179 2.4583e+00    20.7105    20.7098 3.8372e-01     11.000          1      14645    1525.91 1.5798e+01  47453.147    610.187 1531866873      -0.16     -0.271   40.18746  -73.60269    31.0779  1020.8220    20.7748    23.2971 0.0000e+00
      9.918    23.3445    30.9734  1020.8285     3.9086     5.5088    110.518   -0.00412    4.98450    4.97252      8.862     0.7582    9.23298   4.608482 3.2744e+00    20.7856    20.7850 4.8975e-01     10.000          1      15009    1526.10 1.5167e+01  47620.513    625.313 1531866888      -0.05     -0.258   40.18748  -73.60269    31.1472  1020.8534    20.8105    23.3424 0.0000e+00
      8.927    23.4017    30.9942  1020.8237     3.8939     5.4824    110.009   -0.00330    4.98356    4.97157      8.887     0.7188    9.23146   4.613129 3.6873e+00    20.7851    20.7846 5.8096e-01      9.000          1      16120    1526.26 1.5762e+01  47647.451    671.643 1531866934      -0.00     -0.473   40.18758  -73.60266    31.1424  1020.8291    20.7905    23.3999 0.0000e+00
      7.941    23.4103    30.9853  1020.8102     3.8981     5.5051    110.459    0.00398    4.98387    4.97188      8.888     0.7158    9.23211   4.612538 4.2519e+00    20.7758    20.7753 6.7171e-01      8.000          1      16234    1526.25 1.5798e+01  47634.574    676.367 1531866939      -0.09     -0.414   40.18758  -73.60266    31.1322  1020.8146    20.7803    23.4087 0.0000e+00
      6.946    23.4120    30.9746  1020.7972     3.8940     5.4893    110.069   -0.00128    4.98707    4.97508 -9.990e-29     0.6958    9.23801   4.611196 5.3284e+00    20.7672    20.7668 8.3028e-01      7.000          1      16278    1526.23 1.5798e+01  47619.414    678.211 1531866941       0.03     -0.541   40.18758  -73.60266    31.1212  1020.8015    20.7715    23.4105 0.0000e+00
      5.957    23.4093    30.9569  1020.7803     3.8850     5.4639    109.496   -0.00684    4.99010    4.97811      8.889     0.7006    9.24353   4.608301 6.7599e+00    20.7545    20.7541 1.0681e+00      6.000          1      16322    1526.19 1.5798e+01  47594.795    680.044 1531866943      -0.14     -0.512   40.18758  -73.60266    31.1015  1020.7832    20.7574    23.4080 0.0000e+00
      4.958    23.3905    30.8974  1020.7363     3.8810     5.4696    109.552   -0.00214    4.99270    4.98071      8.890     0.7068    9.24833   4.598362 8.6676e+00    20.7148    20.7146 1.3693e+00      5.000          1      16356    1526.06 1.5798e+01  47512.854    681.465 1531866944      -0.01     -0.700   40.18758  -73.60266    31.0400  1020.7379    20.7164    23.3895 0.0000e+00
      3.969    23.3719    30.8489  1020.7006     3.8687     5.4488    108.940   -0.00597    5.00162    4.98963      8.892     0.6927    9.26466   4.590233 1.0491e+01    20.6834    20.6832 1.6574e+00      4.000          1      16402    1525.94 1.5798e+01  47446.198    683.373 1531866946       0.08     -0.527   40.18758  -73.60266    30.9920  1020.7027    20.6855    23.3711 0.0000e+00
      2.980    23.3521    30.7867  1020.6549     3.8436     5.3943    107.659   -0.01495    5.01057    4.99858      8.894     0.7001    9.28100   4.579998 1.4525e+01    20.6420    20.6418 2.2946e+00      3.000          1      16448    1525.81 1.5798e+01  47360.814    685.284 1531866948      -0.09     -0.502   40.18758  -73.60266    30.9288  1020.6565    20.6436    23.3515 0.0000e+00
      1.978    23.2806    30.5857  1020.5188     3.8263     5.3796    107.343   -0.00841    5.01161    4.99962      8.894     0.6968    9.28288   4.545267 1.9585e+01    20.5103    20.5102 3.0939e+00      2.000          1      16510    1525.39 1.5798e+01  47085.034    687.867 1531866950      -0.18     -0.447   40.18758  -73.60265    30.7167  1020.5129    20.5043    23.2802 0.0000e+00
      0.992    23.2432    30.4942  1020.4559     3.8141     5.4918    107.181   -0.00197    5.12377    5.11163      8.914     0.6844    9.50934   4.531292 2.1001e+01    20.4516    20.4516 3.2931e+00      1.000          1      18333    1525.17 1.5798e+01  46959.241    763.845 1531867026      -0.11     -0.229   40.18774  -73.60241    30.6375  1020.4596    20.4553    23.2430 0.0000e+00
