CalculateIndicators/WaterTemperature/Data/CTD_NYOS/NY1807C12.cnv
* Sea-Bird SBE 9 Data File:
* FileName = C:\Seabird 9 CTD\Data\2018\OffshoreCruise201807\NY1807C12.hex
* Software Version Seasave V 7.23.2
* Temperature SN = 4590
* Conductivity SN = 3228
* Number of Bytes Per Scan = 44
* Number of Voltage Words = 5
* Number of Scans Averaged by the Deck Unit = 1
* NMEA Latitude = 39 43.94 N
* NMEA Longitude = 072 44.72 W
* NMEA UTC (Time) = Jul 17 2018  03:48:10
* NMEA baud rate = 4800
** Ship: RV Seawolf
** Station: NY1807C12
** Operator: jdw
# nquan = 35
# nvalues = 132                         
# units = specified
# name 0 = depSM: Depth [salt water, m]
# name 1 = t090C: Temperature [ITS-90, deg C]
# name 2 = sal00: Salinity, Practical [PSU]
# name 3 = density00: Density [density, kg/m^3]
# name 4 = sbeox0V: Oxygen raw, SBE 43 [V]
# name 5 = sbeox0ML/L: Oxygen, SBE 43 [ml/l]
# name 6 = sbeox0PS: Oxygen, SBE 43 [% saturation]
# name 7 = sbox0dV/dT: Oxygen, SBE 43 [dov/dt]
# name 8 = oxsolML/L: Oxygen Saturation, Garcia & Gordon [ml/l]
# name 9 = oxsatML/L: Oxygen Saturation, Weiss [ml/l]
# name 10 = ph: pH
# name 11 = flECO-AFL: Fluorescence, WET Labs ECO-AFL/FL [mg/m^3]
# name 12 = n2satML/L: Nitrogen Saturation [ml/l]
# name 13 = c0S/m: Conductivity [S/m]
# name 14 = cpar: CPAR/Corrected Irradiance [%]
# name 15 = sigma-é00: Density [sigma-theta, kg/m^3]
# name 16 = sigma-t00: Density [sigma-t, kg/m^3 ]
# name 17 = par: PAR/Irradiance, Biospherical/Licor
# name 18 = prDM: Pressure, Digiquartz [db]
# name 19 = pumps: Pump Status
# name 20 = scan: Scan Count
# name 21 = svCM: Sound Velocity [Chen-Millero, m/s]
# name 22 = spar: SPAR, Biospherical/Licor
# name 23 = specc: Specific Conductance [uS/cm]
# name 24 = timeS: Time, Elapsed [seconds]
# name 25 = timeY: Time, System [seconds]
# name 26 = accM: Acceleration [m/s^2]
# name 27 = dz/dtM: Descent Rate [m/s]
# name 28 = latitude: Latitude [deg]
# name 29 = longitude: Longitude [deg]
# name 30 = gsw_saA0: Absolute Salinity [g/kg]
# name 31 = gsw_densityA0: density, TEOS-10 [density, kg/m^3]
# name 32 = gsw_sigma0A0: density, TEOS-10 [sigma-0, kg/m^3 ]
# name 33 = gsw_ptA0: potential temperature [ITS-90, deg C]
# name 34 = flag: flag
# span 0 =      0.973,     66.481       
# span 1 =     7.7260,    22.9981       
# span 2 =    32.9415,    33.4656       
# span 3 =  1022.3970,  1026.0958       
# span 4 =     3.0643,     4.2810       
# span 5 =     5.2547,     7.0407       
# span 6 =     81.526,    125.646       
# span 7 =   -0.08656,    0.09974       
# span 8 =    4.96285,    6.72564       
# span 9 =    4.95124,    6.73311       
# span 10 =      8.582,      8.868      
# span 11 =     0.0786,     1.5430      
# span 12 =    9.17769,   12.10061      
# span 13 =   3.416685,   4.834521      
# span 14 = -2.718e-01, 6.5844e+00      
# span 15 =    22.3866,    25.7939      
# span 16 =    22.3863,    25.7934      
# span 17 = -1.073e-02, 2.5997e-01      
# span 18 =      1.000,     67.000      
# span 19 =          1,          1      
# span 20 =        278,      11032      
# span 21 =    1479.80,    1527.28      
# span 22 = 3.9108e+00, 4.4555e+00      
# span 23 =  50330.098,  52231.098      
# span 24 =     11.552,    459.615      
# span 25 = 1531799720, 1531800168      
# span 26 =      -0.68,       0.71      
# span 27 =     -0.896,      0.810      
# span 28 =   39.73381,   39.73500      
# span 29 =  -72.74181,  -72.73809      
# span 30 =    33.1194,    33.5941      
# span 31 =  1022.4067,  1026.0985      
# span 32 =    22.3982,    25.7942      
# span 33 =     7.7212,    22.9977      
# span 34 = 0.0000e+00, 0.0000e+00      
# interval = decibars: 1                
# start_time = Jul 17 2018 03:55:08 [System UTC, first data scan.]
# bad_flag = -9.990e-29
*END*
      0.973    22.9742    32.9741  1022.4096     3.7942     5.2802    106.364   -0.00495    4.96432    4.95272      8.789     0.1076    9.18003   4.832997 6.5844e+00    22.4053    22.4053 2.5997e-01      1.000          1        278    1527.19 3.9108e+00  50364.683     11.552 1531799720       0.71     -0.683   39.73381  -72.74181    33.1305  1022.4142    22.4100    22.9740 0.0000e+00
      1.990    22.9776    32.9701  1022.4100     3.7988     5.3008    106.784    0.00027    4.96404    4.95243      8.793     0.1041    9.17960   4.832950 1.1215e+00    22.4014    22.4013 4.4576e-02      2.000          1        362    1527.21 4.0926e+00  50359.973     15.028 1531799723       0.49      0.184   39.73382  -72.74178    33.1273  1022.4152    22.4066    22.9772 0.0000e+00
      2.963    22.9793    32.9735  1022.4164     3.7925     5.2799    106.381   -0.00423    4.96320    4.95158      8.796     0.1009    9.17818   4.833481 -5.578e-02    22.4036    22.4034 -2.265e-03      3.000          1        457    1527.23 4.2526e+00  50364.596     18.991 1531799727       0.03      0.282   39.73384  -72.74176    33.1298  1022.4209    22.4080    22.9787 0.0000e+00
      3.975    22.9854    32.9711  1022.4172     3.7970     5.3014    106.793    0.00114    4.96414    4.95253      8.798     0.0835    9.17975   4.833857 2.3480e-11    22.4001    22.3998 1.0000e-12      4.000          1        484    1527.26 4.4555e+00  50361.682     20.127 1531799728      -0.02      0.651   39.73384  -72.74174    33.1277  1022.4220    22.4048    22.9846 0.0000e+00
      4.952    22.9877    32.9707  1022.4205     3.7955     5.2995    106.683   -0.00055    4.96754    4.95595      8.801     0.0941    9.18540   4.834059 2.3775e-11    22.3991    22.3989 1.0000e-12      5.000          1        539    1527.28 -9.990e-29  50361.464     22.431 1531799731       0.06      0.334   39.73384  -72.74172    33.1272  1022.4253    22.4038    22.9867 0.0000e+00
      5.956    22.9763    32.9703  1022.4279     3.7959     5.2961    106.550   -0.00398    4.97055    4.95896      8.801     0.0899    9.19040   4.832508 2.3920e-11    22.4021    22.4018 1.0000e-12      6.000          1        567    1527.27 -9.990e-29  50361.646     23.596 1531799732       0.33      0.715   39.73384  -72.74170    33.1236  1022.4302    22.4045    22.9751 0.0000e+00
      6.950    22.9463    32.9714  1022.4416     3.7990     5.3226    106.990    0.00303    4.97482    4.96326      8.804     0.1045    9.19751   4.829995 2.3945e-11    22.4116    22.4112 1.0000e-12      7.000          1        600    1527.21 -9.990e-29  50364.448     24.966 1531799733      -0.15      0.792   39.73386  -72.74170    33.1266  1022.4454    22.4153    22.9449 0.0000e+00
      7.935    22.9061    32.9719  1022.4577     3.8114     5.3582    107.616    0.00694    4.97895    4.96740      8.806     0.1182    9.20437   4.825915 2.3207e-11    22.4235    22.4230 1.0000e-12      8.000          1        643    1527.13 -9.990e-29  50366.669     26.739 1531799735       0.05      0.518   39.73386  -72.74168    33.1252  1022.4601    22.4258    22.9045 0.0000e+00
      8.933    22.8464    32.9719  1022.4791     3.8179     5.3790    107.810    0.00601    4.98935    4.97786      8.809     0.1248    9.22164   4.819859 2.4311e-11    22.4405    22.4400 1.0000e-12      9.000          1        676    1526.99 -9.990e-29  50368.736     28.123 1531799736       0.06      0.706   39.73386  -72.74167    33.1234  1022.4801    22.4415    22.8445 0.0000e+00
      9.923    22.8072    32.9729  1022.4953     3.8194     5.4105    107.619    0.00039    5.02742    5.01613      8.814     0.1398    9.28475   4.816229 2.4599e-11    22.4524    22.4519 1.0000e-12     10.000          1        715    1526.91 3.9495e+00  50371.607     29.749 1531799738      -0.07      0.626   39.73386  -72.74166    33.1247  1022.4966    22.4537    22.8052 0.0000e+00
     10.913    22.6632    32.9776  1022.5441     3.8371     5.5694    108.700    0.00989    5.12359    5.11287      8.821     0.2281    9.44434   4.801472 2.4293e-11    22.4969    22.4963 1.0000e-12     11.000          1        753    1526.55 3.9495e+00  50382.757     31.313 1531799740       0.07      0.621   39.73387  -72.74164    33.1194  1022.5378    22.4905    22.6610 0.0000e+00
     11.910    22.3146    32.9993  1022.6629     3.9149     5.8867    113.199    0.04435    5.19985    5.18964      8.826     0.3606    9.57093   4.767637 2.4229e-11    22.6113    22.6107 1.0000e-12     12.000          1        784    1525.69 3.9495e+00  50423.748     32.645 1531799741       0.05      0.738   39.73388  -72.74164    33.1211  1022.6415    22.5900    22.3122 0.0000e+00
     12.901    21.2501    33.0372  1022.9890     4.0156     6.2025    117.818    0.06414    5.26431    5.25458      8.835     0.5158    9.67799   4.664284 2.4220e-11    22.9329    22.9322 1.0000e-12     13.000          1        823    1522.92 3.9495e+00  50514.468     34.249 1531799743      -0.11      0.649   39.73388  -72.74162    33.1237  1022.9412    22.8851    21.2477 0.0000e+00
     13.889    20.1386    33.0736  1023.3179     4.1004     6.3552    120.116    0.05065    5.29085    5.28133      8.841     0.6170    9.72214   4.559737 2.4500e-11    23.2573    23.2566 1.0000e-12     14.000          1        865    1519.94 3.9495e+00  50613.810     36.014 1531799744       0.04      0.549   39.73388  -72.74160    33.1487  1023.2615    23.2009    20.1360 0.0000e+00
     14.884    19.6653    33.0783  1023.4491     4.1295     6.3417    119.816    0.02577    5.29282    5.28331      8.846     0.6181    9.72547   4.516480 2.4300e-11    23.3840    23.3833 1.0000e-12     15.000          1        897    1518.64 3.9495e+00  50644.941     37.342 1531799746       0.16      0.704   39.73388  -72.74159    33.1680  1023.4038    23.3387    19.6626 0.0000e+00
     15.881    19.4469    33.0772  1023.5088     4.1443     6.3676    119.613    0.01204    5.32357    5.31431      8.849     0.6843    9.77654   4.497452 2.4381e-11    23.4394    23.4386 1.0000e-12     16.000          1        937    1518.04 3.9495e+00  50655.993     38.986 1531799747      -0.17      0.638   39.73389  -72.74157    33.1843  1023.4766    23.4072    19.4441 0.0000e+00
     16.862    19.3384    33.0697  1023.5352     4.1516     6.4130    119.270    0.00064    5.37691    5.36809      8.854     0.8050    9.86516   4.486714 2.4521e-11    23.4614    23.4606 1.0000e-12     17.000          1        993    1517.74 3.9495e+00  50652.204     41.325 1531799750       0.19      0.352   39.73390  -72.74156    33.1815  1023.5067    23.4329    19.3353 0.0000e+00
     17.862    18.9000    33.0823  1023.6602     4.1672     6.4775    120.380    0.01070    5.38092    5.37213      8.856     0.8962    9.87181   4.444095 2.3752e-11    23.5820    23.5812 1.0000e-12     18.000          1       1022    1516.52 -9.990e-29  50695.541     42.547 1531799751       0.23      0.726   39.73390  -72.74154    33.1770  1023.6187    23.5404    18.8969 0.0000e+00
     18.859    18.6156    33.0820  1023.7357     4.1753     6.5183    120.531    0.00821    5.40797    5.39943      8.858     0.8897    9.91679   4.418806 2.5014e-11    23.6530    23.6521 1.0000e-12     19.000          1       1055    1515.72 -9.990e-29  50713.370     43.908 1531799752      -0.10      0.776   39.73390  -72.74153    33.1932  1023.7067    23.6239    18.6123 0.0000e+00
     19.842    18.3836    33.0810  1023.7967     4.1645     6.7326    119.336   -0.00551    5.64221    5.63595      8.866     1.1224   10.30543   4.396606 2.4031e-11    23.7096    23.7088 1.0000e-12     20.000          1       1114    1515.06 3.9495e+00  50727.386     46.379 1531799755      -0.11      0.339   39.73391  -72.74151    33.1929  1023.7683    23.6812    18.3801 0.0000e+00
     20.838    17.7579    33.0810  1023.9538     4.1487     6.8325    118.068   -0.01613    5.78690    5.78220      8.868     1.3158   10.54448   4.331680 2.5308e-11    23.8621    23.8613 1.0000e-12     21.000          1       1154    1513.24 3.9495e+00  50771.311     48.043 1531799756       0.38      0.586   39.73392  -72.74149    33.1479  1023.8911    23.7993    17.7544 0.0000e+00
     21.834    15.6581    33.1491  1024.4938     4.1697     6.9966    120.403    0.00772    5.81102    5.80662      8.861     1.4988   10.58405   4.136115 2.5081e-11    24.3969    24.3961 1.0000e-12     22.000          1       1194    1506.91 3.9495e+00  51048.396     49.708 1531799758      -0.16      0.611   39.73392  -72.74148    33.1724  1024.3969    24.2999    15.6547 0.0000e+00
     22.821    14.6331    33.2317  1024.7903     4.1585     7.0317    118.979   -0.00786    5.91019    5.90703      8.864     1.5430   10.74677   4.054698 2.4926e-11    24.6886    24.6878 1.0000e-12     23.000          1       1253    1503.83 3.9495e+00  51262.346     52.156 1531799761       0.21      0.375   39.73393  -72.74146    33.3063  1024.7320    24.6302    14.6298 0.0000e+00
     23.814    14.2518    33.3221  1024.9451     4.1227     6.9905    116.799   -0.02088    5.98508    5.98284      8.867     1.4355   10.87040   4.028214 2.5325e-11    24.8388    24.8381 1.0000e-12     24.000          1       1292    1502.72 3.9495e+00  51431.613     53.772 1531799762       0.07      0.603   39.73394  -72.74144    33.3906  1024.8816    24.7752    14.2484 0.0000e+00
     24.811    13.4882    33.4231  1025.1846     4.0745     6.9423    114.625   -0.02729    6.05709    6.05574      8.857     1.4174   10.98971   3.966418 2.4512e-11    25.0735    25.0728 1.0000e-12     25.000          1       1332    1500.35 3.9495e+00  51666.904     55.445 1531799764      -0.11      0.609   39.73394  -72.74143    33.4786  1025.1103    24.9992    13.4848 0.0000e+00
     25.795    12.6708    33.4580  1025.3796     3.9651     6.7297    109.304   -0.04654    6.15656    6.15646      8.837     1.3037   11.15446   3.894619 2.4112e-11    25.2637    25.2630 1.0000e-12     26.000          1       1394    1497.69 3.9495e+00  51824.424     58.033 1531799766       0.09      0.314   39.73394  -72.74140    33.5181  1025.3084    25.1924    12.6674 0.0000e+00
     26.792    11.8610    33.4656  1025.5449     3.8958     6.6031    107.184   -0.04266    6.16056    6.16051      8.825     1.0951   11.16118   3.820763 2.3852e-11    25.4241    25.4235 1.0000e-12     27.000          1       1434    1494.96 3.9495e+00  51956.838     59.706 1531799768       0.05      0.584   39.73394  -72.74138    33.5277  1025.4747    25.3538    11.8576 0.0000e+00
     27.784    11.6745    33.4555  1025.5765     3.8524     6.6390    106.918   -0.02628    6.20949    6.21006      8.824     1.1600   11.24238   3.805299 2.5101e-11    25.4510    25.4504 1.0000e-12     28.000          1       1474    1494.32 3.9495e+00  51972.474     61.386 1531799770       0.01      0.593   39.73396  -72.74138    33.5442  1025.5267    25.4012    11.6710 0.0000e+00
     28.778    11.5393    33.4463  1025.5987     3.7860     6.6183    103.924   -0.03388    6.36979    6.37245      8.800     0.7921   11.50861   3.792162 2.4115e-11    25.4687    25.4681 1.0000e-12     29.000          1       1519    1493.86 3.9495e+00  51982.001     63.269 1531799772      -0.08      0.539   39.73396  -72.74136    33.5369  1025.5503    25.4203    11.5357 0.0000e+00
     29.762    10.8436    33.4123  1025.7024     3.6449     6.1956     95.633   -0.07280    6.47799    6.48207      8.753     0.5726   11.68867   3.721783 2.4628e-11    25.5675    25.5669 1.0000e-12     30.000          1       1569    1491.40 3.9495e+00  52052.158     65.319 1531799774       0.14      0.445   39.73396  -72.74134    33.4707  1025.6289    25.4940    10.8400 0.0000e+00
     30.768     9.8092    33.3263  1025.8169     3.5379     5.9074     90.624   -0.08656    6.51895    6.52360      8.746     0.5258   11.75660   3.616468 2.5040e-11    25.6767    25.6762 1.0000e-12     31.000          1       1598    1487.61 3.9495e+00  52126.834     66.556 1531799775       0.16      0.743   39.73396  -72.74132    33.3544  1025.7193    25.5792     9.8058 0.0000e+00
     31.748     9.0333    33.2419  1025.8822     3.3578     5.7691     86.788   -0.05671    6.64699    6.65341      8.703     0.2868   11.96930   3.542115 2.4563e-11    25.7370    25.7365 1.0000e-12     32.000          1       1670    1484.69 3.9495e+00  52164.754     69.530 1531799778       0.07      0.227   39.73396  -72.74130    33.3073  1025.8135    25.6683     9.0299 0.0000e+00
     32.746     8.5170    33.1915  1025.9273     3.2810     5.6005     84.186   -0.05575    6.65255    6.65904      8.694     0.2726   11.97867   3.491159 2.5027e-11    25.7771    25.7766 1.0000e-12     33.000          1       1705    1482.72 3.9495e+00  52208.134     70.992 1531799779       0.31      0.690   39.73398  -72.74128    33.2560  1025.8577    25.7075     8.5136 0.0000e+00
     33.743     8.2742    33.1623  1025.9457     3.2319     5.5887     83.920   -0.03972    6.65947    6.66605      8.689     0.2413   11.99024   3.468638 2.4702e-11    25.7907    25.7902 1.0000e-12     34.000          1       1739    1481.79 3.9495e+00  52223.016     72.401 1531799781      -0.11      0.750   39.73398  -72.74127    33.2458  1025.8908    25.7359     8.2708 0.0000e+00
     34.726     8.1690    33.1383  1025.9471     3.1824     5.6136     84.007   -0.01979    6.68225    6.68914      8.681     0.2033   12.02817   3.459188 2.4734e-11    25.7876    25.7871 1.0000e-12     35.000          1       1793    1481.38 3.9495e+00  52214.074     74.674 1531799783      -0.04      0.387   39.73398  -72.74125    33.2442  1025.9098    25.7503     8.1656 0.0000e+00
     35.721     8.0861    33.1224  1025.9515     3.1554     5.5900     83.400   -0.01625    6.70261    6.70979      8.675     0.1570   12.06203   3.450753 2.4019e-11    25.7874    25.7868 1.0000e-12     36.000          1       1833    1481.06 3.9495e+00  52211.755     76.350 1531799785       0.14      0.586   39.73399  -72.74124    33.2323  1025.9173    25.7532     8.0825 0.0000e+00
     36.713     7.9939    33.1081  1025.9584     3.1340     5.5421     82.657   -0.01614    6.70495    6.71214      8.670     0.1473   12.06597   3.441455 2.5157e-11    25.7896    25.7891 1.0000e-12     37.000          1       1866    1480.71 3.9495e+00  52214.025     77.720 1531799786       0.06      0.712   39.73400  -72.74122    33.2197  1025.9256    25.7568     7.9903 0.0000e+00
     37.707     7.8698    33.0906  1025.9674     3.1119     5.5258     82.301   -0.01174    6.71406    6.72139      8.668     0.1172   12.08114   3.429808 2.5311e-11    25.7939    25.7934 1.0000e-12     38.000          1       1914    1480.24 3.9495e+00  52219.664     79.692 1531799788      -0.07      0.507   39.73400  -72.74121    33.2122  1025.9423    25.7688     7.8661 0.0000e+00
     38.696     7.8008    33.0779  1025.9720     3.0918     5.5064     81.966   -0.00788    6.71788    6.72525 -9.990e-29     0.1103   12.08753   3.423507 2.5018e-11    25.7939    25.7933 1.0000e-12     39.000          1       1972    1479.97 3.9495e+00  52218.947     82.110 1531799790       0.53      0.415   39.73400  -72.74118    33.2096  1025.9549    25.7767     7.7971 0.0000e+00
     39.700     7.7826    33.0727  1025.9752     3.0872     5.5098     82.016   -0.00569    6.71803    6.72540 -9.990e-29     0.0893   12.08781   3.421804 2.4822e-11    25.7924    25.7919 1.0000e-12     40.000          1       2000    1479.92 3.9495e+00  52216.732     83.292 1531799792       0.12      0.810   39.73401  -72.74117    33.2082  1025.9610    25.7782     7.7787 0.0000e+00
     40.676     7.7727    33.0675  1025.9770     3.0833     5.5321     82.328   -0.00101    6.71953    6.72692      8.660     0.0993   12.09033   3.421052 2.5404e-11    25.7898    25.7892 1.0000e-12     41.000          1       2056    1479.89 3.9495e+00  52212.379     85.629 1531799794      -0.21      0.373   39.73402  -72.74116    33.2090  1025.9676    25.7803     7.7688 0.0000e+00
