CalculateIndicators/WaterTemperature/Data/CTD_NYOS/NY1807C04.cnv
* Sea-Bird SBE 9 Data File:
* FileName = C:\Seabird 9 CTD\Data\2018\OffshoreCruise201807\NY1807C04.hex
* Software Version Seasave V 7.23.2
* Temperature SN = 4590
* Conductivity SN = 3228
* Number of Bytes Per Scan = 44
* Number of Voltage Words = 5
* Number of Scans Averaged by the Deck Unit = 1
* NMEA Latitude = 39 57.63 N
* NMEA Longitude = 071 26.61 W
* NMEA UTC (Time) = Jul 15 2018  08:47:05
* NMEA baud rate = 4800
** Ship: RV Seawolf
** Station: NY1807C04
** Operator: JDW
# nquan = 35
# nvalues = 292                         
# units = specified
# name 0 = depSM: Depth [salt water, m]
# name 1 = t090C: Temperature [ITS-90, deg C]
# name 2 = sal00: Salinity, Practical [PSU]
# name 3 = density00: Density [density, kg/m^3]
# name 4 = sbeox0V: Oxygen raw, SBE 43 [V]
# name 5 = sbeox0ML/L: Oxygen, SBE 43 [ml/l]
# name 6 = sbeox0PS: Oxygen, SBE 43 [% saturation]
# name 7 = sbox0dV/dT: Oxygen, SBE 43 [dov/dt]
# name 8 = oxsolML/L: Oxygen Saturation, Garcia & Gordon [ml/l]
# name 9 = oxsatML/L: Oxygen Saturation, Weiss [ml/l]
# name 10 = ph: pH
# name 11 = flECO-AFL: Fluorescence, WET Labs ECO-AFL/FL [mg/m^3]
# name 12 = n2satML/L: Nitrogen Saturation [ml/l]
# name 13 = c0S/m: Conductivity [S/m]
# name 14 = cpar: CPAR/Corrected Irradiance [%]
# name 15 = sigma-é00: Density [sigma-theta, kg/m^3]
# name 16 = sigma-t00: Density [sigma-t, kg/m^3 ]
# name 17 = par: PAR/Irradiance, Biospherical/Licor
# name 18 = prDM: Pressure, Digiquartz [db]
# name 19 = pumps: Pump Status
# name 20 = scan: Scan Count
# name 21 = svCM: Sound Velocity [Chen-Millero, m/s]
# name 22 = spar: SPAR, Biospherical/Licor
# name 23 = specc: Specific Conductance [uS/cm]
# name 24 = timeS: Time, Elapsed [seconds]
# name 25 = timeY: Time, System [seconds]
# name 26 = accM: Acceleration [m/s^2]
# name 27 = dz/dtM: Descent Rate [m/s]
# name 28 = latitude: Latitude [deg]
# name 29 = longitude: Longitude [deg]
# name 30 = gsw_saA0: Absolute Salinity [g/kg]
# name 31 = gsw_densityA0: density, TEOS-10 [density, kg/m^3]
# name 32 = gsw_sigma0A0: density, TEOS-10 [sigma-0, kg/m^3 ]
# name 33 = gsw_ptA0: potential temperature [ITS-90, deg C]
# name 34 = flag: flag
# span 0 =      0.972,    145.827       
# span 1 =    11.5519,    22.0957       
# span 2 =    33.7361,    35.3755       
# span 3 =  1023.2776,  1027.4556       
# span 4 =     2.9476,     4.1073       
# span 5 =     4.6784,     6.6160       
# span 6 =     78.197,    118.109       
# span 7 =   -0.03575,    0.03064       
# span 8 =    5.01822,    6.11340       
# span 9 =    5.00709,    6.11388       
# span 10 =      8.633,      8.856      
# span 11 =    -0.0843,     1.0661      
# span 12 =    9.26165,   11.06674      
# span 13 =   3.904173,   4.854941      
# span 14 = 2.1422e-11, 4.5574e+04      
# span 15 =    23.2707,    26.8021      
# span 16 =    23.2704,    26.7983      
# span 17 = 1.0000e-12, 3.2728e-01      
# span 18 =      1.000,    147.000      
# span 19 =          1,          1      
# span 20 =        423,      18171      
# span 21 =    1496.46,    1525.87      
# span 22 = 1.6782e-01, 4.6665e+00      
# span 23 =  51483.485,  54588.308      
# span 24 =     17.591,    757.101      
# span 25 = 1531644513, 1531645253      
# span 26 =      -0.75,       0.57      
# span 27 =     -1.086,      1.007      
# span 28 =   39.96069,   39.96156      
# span 29 =  -71.44353,  -71.44316      
# span 30 =    33.9113,    35.5433      
# span 31 =  1023.2825,  1027.4597      
# span 32 =    23.2782,    26.8063      
# span 33 =    11.5417,    22.0955      
# span 34 = 0.0000e+00, 0.0000e+00      
# interval = decibars: 1                
# start_time = Jul 15 2018 08:48:15 [System UTC, first data scan.]
# bad_flag = -9.990e-29
*END*
[from data line 249]
     43.662    13.3856    34.6457  1026.2368     3.5125     5.8382     98.174    0.01399    5.94674    5.94474      8.715     0.3381   10.79556   4.101460 2.5320e-11    26.0416    26.0404 1.0000e-12     44.000          1      15548    1501.78 3.9495e+00  53379.928    647.787 1531645143      -0.46     -0.632   39.96146  -71.44320    34.8394  1026.2642    26.0690    13.3795 0.0000e+00
     42.659    13.3186    34.5916  1026.2042     3.5271     5.8827     98.810    0.01573    5.95356    5.95162      8.712     0.3707   10.80723   4.085728 2.5320e-11    26.0134    26.0122 1.0000e-12     43.000          1      15572    1501.48 3.9495e+00  53313.603    648.791 1531645144      -0.14     -0.959   39.96146  -71.44320    34.7517  1026.2058    26.0150    13.3126 0.0000e+00
     41.674    13.0483    34.4918  1026.1772     3.5500     5.8951     99.382    0.01301    5.93180    5.92958      8.709     0.3761   10.77125   4.049320 2.5320e-11    25.9906    25.9894 1.0000e-12     42.000          1      15615    1500.44 3.9495e+00  53213.042    650.581 1531645146       0.27     -0.606   39.96146  -71.44320    34.6522  1026.1794    25.9928    13.0426 0.0000e+00
     40.689    12.9997    34.4305  1026.1352     3.5668     5.9259     99.726    0.00973    5.94219    5.94002      8.711     0.4681   10.78980   4.039481 2.5320e-11    25.9529    25.9517 1.0000e-12     41.000          1      15658    1500.19 3.9495e+00  53134.439    652.364 1531645148      -0.36     -0.502   39.96146  -71.44320    34.6031  1026.1469    25.9647    12.9941 0.0000e+00
     39.681    13.1425    34.4394  1026.1087     3.5703     5.9026     99.487    0.00485    5.93304    5.93074      8.713     0.5909   10.77492   4.054370 2.5320e-11    25.9311    25.9299 1.0000e-12     40.000          1      15682    1500.66 3.9495e+00  53126.265    653.385 1531645149      -0.22     -0.883   39.96146  -71.44320    34.6152  1026.1231    25.9454    13.1370 0.0000e+00
     38.700    13.1152    34.3542  1026.0438     3.6079     6.0131    101.775    0.01888    5.90825    5.90563      8.720     0.7350   10.73415   4.040994 2.5320e-11    25.8705    25.8695 1.0000e-12     39.000          1      15726    1500.46 3.9495e+00  53011.634    655.205 1531645151       0.28     -0.583   39.96146  -71.44320    34.5129  1026.0453    25.8720    13.1099 0.0000e+00
     37.706    13.2397    34.2751  1025.9529     3.6523     6.1562    104.086    0.02961    5.91456    5.91200      8.727     0.7993   10.74478   4.047135 2.5320e-11    25.7841    25.7831 1.0000e-12     38.000          1      15764    1500.76 3.9495e+00  52884.531    656.784 1531645152      -0.29     -0.600   39.96146  -71.44320    34.4587  1025.9739    25.8052    13.2345 0.0000e+00
     36.711    13.3753    34.2658  1025.9138     3.6731     6.1617    103.931    0.01729    5.92860    5.92619      8.727     0.8617   10.76847   4.057632 2.5320e-11    25.7495    25.7485 1.0000e-12     37.000          1      15798    1501.18 3.9495e+00  52852.847    658.188 1531645154       0.09     -0.745   39.96146  -71.44320    34.4360  1025.9245    25.7603    13.3701 0.0000e+00
     35.723    13.3260    34.2478  1025.9054     3.6897     6.1743    103.949    0.00957    5.93974    5.93744      8.728     0.8714   10.78732   4.050222 2.5320e-11    25.7455    25.7445 1.0000e-12     36.000          1      15839    1500.98 3.9495e+00  52834.060    659.902 1531645155      -0.00     -0.567   39.96148  -71.44320    34.4107  1025.9106    25.7508    13.3210 0.0000e+00
     34.731    13.2151    34.2008  1025.8871     3.7013     6.1985    104.258    0.00835    5.94533    5.94309      8.728     0.9145   10.79681   4.033976 2.9340e-11    25.7316    25.7306 1.0000e-12     35.000          1      15874    1500.54 3.9495e+00  52783.089    661.378 1531645157      -0.07     -0.660   39.96148  -71.44320    34.3572  1025.8873    25.7318    13.2103 0.0000e+00
     33.733    13.1543    34.1777  1025.8770     3.7036     6.2095    104.001    0.00366    5.97064    5.96868      8.729     0.9134   10.83927   4.026138 2.5398e-11    25.7259    25.7249 1.0000e-12     34.000          1      15904    1500.29 3.9495e+00  52759.286    662.641 1531645158      -0.09     -0.765   39.96148  -71.44320    34.3380  1025.8804    25.7293    13.1497 0.0000e+00
     32.745    13.0930    34.1515  1025.8645     3.7081     6.2396    104.004    0.00167    5.99938    5.99768      8.732     0.8954   10.88843   4.016959 2.7327e-11    25.7178    25.7169 1.0000e-12     33.000          1      15946    1500.04 3.7929e+00  52730.772    664.393 1531645160       0.19     -0.599   39.96148  -71.44320    34.3065  1025.8639    25.7172    13.0885 0.0000e+00
     31.757    12.8341    34.0705  1025.8490     3.7395     6.4003    106.357    0.01880    6.01770    6.01616      8.739     0.9305   10.91977   3.980923 4.5482e-11    25.7065    25.7056 1.0000e-12     32.000          1      15987    1499.06 2.3770e+00  52655.293    666.102 1531645162      -0.26     -0.537   39.96148  -71.44320    34.1968  1025.8264    25.6840    12.8298 0.0000e+00
     30.752    12.7384    33.9709  1025.7862     3.7661     6.4642    107.447    0.02109    6.01619    6.01463      8.740     1.0269   10.91727   3.963490 2.7911e-11    25.6482    25.6473 1.0000e-12     31.000          1      16018    1498.61 3.7474e+00  52529.628    667.358 1531645163      -0.01     -0.780   39.96148  -71.44320    34.1166  1025.7790    25.6409    12.7343 0.0000e+00
     29.770    12.6090    33.8737  1025.7319     3.8221     6.5517    109.400    0.02151    5.98873    5.98679      8.748     1.0338   10.87229   3.941690 3.6778e-11    25.5982    25.5974 1.0000e-12     30.000          1      16080    1498.04 3.0558e+00  52413.161    669.973 1531645165       0.11     -0.333   39.96148  -71.44320    34.0244  1025.7289    25.5951    12.6051 0.0000e+00
     28.775    12.8044    33.8302  1025.6553     3.8649     6.5893    110.558    0.01713    5.96004    5.95775      8.756     0.8811   10.82477   3.956986 3.5632e-11    25.5261    25.5253 1.0000e-12     29.000          1      16139    1498.63 3.1452e+00  52323.995    672.420 1531645168      -0.04     -0.427   39.96148  -71.44320    33.9954  1025.6636    25.5345    12.8006 0.0000e+00
     27.780    13.3048    33.8468  1025.5636     3.9302     6.6160    112.192    0.00882    5.89712    5.89408      8.761     0.8336   10.72046   4.006484 2.4566e-11    25.4392    25.4384 1.0000e-12     28.000          1      16976    1500.30 4.0083e+00  52277.248    707.297 1531645203      -0.28     -0.405   39.96151  -71.44320    34.0184  1025.5770    25.4525    13.3009 0.0000e+00
     26.788    13.4877    33.8483  1025.5232     3.9523     6.5681    112.959    0.00948    5.81473    5.81074      8.763     0.8185   10.58373   4.024196 2.5320e-11    25.4033    25.4026 1.0000e-12     27.000          1      17136    1500.89 3.9495e+00  52254.880    713.970 1531645209       0.02     -0.643   39.96153  -71.44320    34.0229  1025.5390    25.4191    13.4840 0.0000e+00
     25.804    13.8065    33.8361  1025.4438     4.0106     6.5971    116.266    0.03029    5.67414    5.66860      8.770     0.7251   10.35014   4.054985 2.5320e-11    25.3285    25.3278 1.0000e-12     26.000          1      17191    1501.91 3.9495e+00  52196.967    716.265 1531645212       0.03     -0.470   39.96154  -71.44320    34.0291  1025.4738    25.3586    13.8028 0.0000e+00
     24.809    14.5732    33.8597  1025.2959     4.0503     6.5660    117.511    0.02916    5.58755    5.58108      8.777     0.7551   10.20681   4.135362 2.5320e-11    25.1854    25.1846 1.0000e-12     25.000          1      17225    1504.40 3.9495e+00  52139.532    717.673 1531645213      -0.24     -0.647   39.96154  -71.44320    34.0987  1025.3613    25.2508    14.5695 0.0000e+00
     23.809    15.2650    33.8898  1025.1643     4.0735     6.5106    117.876    0.02258    5.52331    5.51621      8.774     0.7433   10.09998   4.204872 2.5320e-11    25.0586    25.0578 1.0000e-12     24.000          1      17254    1506.61 3.9495e+00  52101.405    718.860 1531645214      -0.03     -0.839   39.96154  -71.44320    34.1289  1025.2298    25.1241    15.2614 0.0000e+00
     22.825    16.2072    33.8782  1024.9392     4.0959     6.4242    118.109    0.01407    5.43911    5.43117      8.772     0.5623    9.96074   4.294843 2.5320e-11    24.8382    24.8374 1.0000e-12     23.000          1      17294    1509.51 3.9495e+00  51994.007    720.558 1531645216       0.16     -0.607   39.96154  -71.44320    34.1226  1025.0088    24.9078    16.2036 0.0000e+00
     21.832    17.0453    33.8723  1024.7351     4.1073     6.3284    118.022    0.00594    5.36205    5.35340      8.779     0.5154    9.83297   4.375798 2.5320e-11    24.6389    24.6380 1.0000e-12     22.000          1      17332    1512.04 3.9495e+00  51911.793    722.105 1531645218      -0.16     -0.616   39.96154  -71.44320    34.1209  1024.8079    24.7117    17.0418 0.0000e+00
     20.837    17.6072    33.8071  1024.5461     4.0915     6.1880    116.889   -0.00484    5.29379    5.28454      8.779     0.4607    9.72028   4.424200 2.5320e-11    24.4544    24.4535 1.0000e-12     21.000          1      17362    1513.62 3.9495e+00  51776.029    723.387 1531645219      -0.04     -0.769   39.96154  -71.44320    34.0668  1024.6275    24.5358    17.6037 0.0000e+00
     19.844    18.3530    33.8347  1024.3805     4.0759     6.1124    116.021   -0.01075    5.26823    5.25881      8.776     0.3993    9.67682   4.499047 2.5320e-11    24.2935    24.2926 1.0000e-12     20.000          1      17397    1515.82 3.9495e+00  51763.225    724.826 1531645220       0.08     -0.720   39.96154  -71.44320    34.0851  1024.4546    24.3676    18.3495 0.0000e+00
     18.854    19.1687    33.7714  1024.1226     4.0476     5.9648    114.806   -0.01550    5.19556    5.18558      8.768     0.3534    9.55616   4.571071 2.5320e-11    24.0401    24.0393 1.0000e-12     19.000          1      17440    1518.08 3.9495e+00  51621.396    726.621 1531645222       0.07     -0.562   39.96154  -71.44320    34.0183  1024.1941    24.1117    19.1653 0.0000e+00
     17.863    19.6812    33.8382  1024.0372     3.9925     5.8042    112.022   -0.03213    5.18135    5.17127      8.767     0.2556    9.53263   4.631680 2.5320e-11    23.9593    23.9584 1.0000e-12     18.000          1      17482    1519.58 3.9495e+00  51685.102    728.379 1531645224      -0.08     -0.555   39.96154  -71.44320    34.1027  1024.1216    24.0437    19.6779 0.0000e+00
     16.869    20.1885    33.8186  1023.8856     3.9668     5.7863    111.701   -0.02049    5.18016    5.17006      8.764     0.2081    9.53078   4.674593 2.5320e-11    23.8121    23.8113 1.0000e-12     17.000          1      17517    1520.96 3.9495e+00  51629.069    729.853 1531645225      -0.03     -0.672   39.96154  -71.44320    34.0440  1023.9402    23.8667    20.1853 0.0000e+00
     15.881    20.3120    33.8186  1023.8487     3.9517     5.7618    111.602   -0.01209    5.16280    5.15256      8.762     0.2129    9.50230   4.685854 2.5320e-11    23.7795    23.7787 1.0000e-12     16.000          1      17552    1521.28 3.9495e+00  51622.872    731.273 1531645227      -0.05     -0.682   39.96154  -71.44320    34.0365  1023.8976    23.8284    20.3090 0.0000e+00
     14.881    20.3215    33.8106  1023.8357     3.9429     5.7612    111.577   -0.00636    5.16342    5.15319      8.759     0.2304    9.50344   4.684146 2.5320e-11    23.7709    23.7701 1.0000e-12     15.000          1      17579    1521.29 3.9495e+00  51610.990    732.436 1531645228      -0.11     -0.818   39.96154  -71.44320    34.0153  1023.8746    23.8098    20.3187 0.0000e+00
     13.889    20.4767    33.7746  1023.7627     3.9321     5.7203    111.128   -0.00768    5.14752    5.13717      8.756     0.2342    9.47714   4.695042 2.5320e-11    23.7022    23.7015 1.0000e-12     14.000          1      17617    1521.65 3.9495e+00  51554.189    733.985 1531645229       0.18     -0.699   39.96155  -71.44320    33.9795  1023.8019    23.7414    20.4741 0.0000e+00
     12.903    20.5609    33.7575  1023.7229     3.9280     5.6911    111.264   -0.00189    5.11492    5.10436      8.755     0.1604    9.42280   4.700089 2.5320e-11    23.6667    23.6661 1.0000e-12     13.000          1      17664    1521.85 3.9495e+00  51526.142    735.965 1531645231      -0.07     -0.473   39.96156  -71.44320    33.9532  1023.7551    23.6990    20.5585 0.0000e+00
     11.909    20.7482    33.7361  1023.6521     3.9315     5.6322    111.581    0.00216    5.04765    5.03669      8.753     0.1434    9.31055   4.715927 2.5320e-11    23.6003    23.5997 1.0000e-12     12.000          1      17700    1522.32 3.9495e+00  51487.741    737.464 1531645233      -0.08     -0.648   39.96156  -71.44320    33.9319  1023.6844    23.6327    20.7460 0.0000e+00
     10.916    20.9587    33.7565  1023.6066     3.9015     5.5447    109.764   -0.01368    5.05149    5.04055      8.754     0.1349    9.31680   4.741204 2.5320e-11    23.5592    23.5586 1.0000e-12     11.000          1      17732    1522.90 3.9495e+00  51506.423    738.779 1531645234      -0.07     -0.735   39.96156  -71.44320    33.9678  1023.6506    23.6031    20.9567 0.0000e+00
      9.920    21.6392    33.7919  1023.4434     3.8592     5.4156    107.412   -0.03193    5.04187    5.03087      8.750     0.1235    9.30084   4.814381 2.5320e-11    23.4004    23.3998 1.0000e-12     10.000          1      17765    1524.74 3.9495e+00  51525.459    740.157 1531645236       0.08     -0.756   39.96156  -71.44320    34.0122  1023.4938    23.4507    21.6373 0.0000e+00
      8.933    21.7494    33.8122  1023.4242     3.8354     5.4229    107.393   -0.01448    5.04955    5.03860      8.750     0.1081    9.31356   4.823920 2.5320e-11    23.3855    23.3850 1.0000e-12      9.000          1      17805    1525.05 3.9495e+00  51548.018    741.848 1531645237       0.02     -0.577   39.96156  -71.44320    34.0012  1023.4508    23.4121    21.7477 0.0000e+00
      7.936    21.7941    33.8124  1023.4076     3.8324     5.4178    107.832   -0.00294    5.02433    5.01323      8.744     0.0771    9.27198   4.827587 2.5320e-11    23.3733    23.3728 1.0000e-12      8.000          1      17842    1525.15 3.9495e+00  51547.693    743.380 1531645239       0.00     -0.656   39.96156  -71.44320    33.9954  1023.4297    23.3953    21.7925 0.0000e+00
      6.951    21.8091    33.8099  1023.3972     3.7944     5.3056    105.635   -0.02110    5.02259    5.01148      8.742     0.0499    9.26914   4.830124 2.5320e-11    23.3671    23.3667 1.0000e-12      7.000          1      17886    1525.17 3.9495e+00  51541.993    745.217 1531645241       0.04     -0.527   39.96156  -71.44320    34.0040  1023.4276    23.3975    21.8077 0.0000e+00
      5.954    22.0562    33.7761  1023.2986     3.7787     5.2907    105.353   -0.01523    5.02185    5.01074      8.739     0.0445    9.26789   4.849198 2.5320e-11    23.2728    23.2725 1.0000e-12      6.000          1      17918    1525.76 3.9495e+00  51486.865    746.547 1531645242      -0.20     -0.695   39.96156  -71.44320    33.9604  1023.3216    23.2958    22.0550 0.0000e+00
      4.957    22.0574    33.7738  1023.2922     3.7687     5.2874    105.312   -0.00852    5.02071    5.00959      8.741     0.0379    9.26601   4.848152 2.5320e-11    23.2707    23.2704 1.0000e-12      5.000          1      17949    1525.75 3.9495e+00  51483.485    747.821 1531645243       0.03     -0.803   39.96156  -71.44320    33.9516  1023.3103    23.2888    22.0564 0.0000e+00
      3.973    22.0594    33.7762  1023.2891     3.7610     5.2882    105.245   -0.00402    5.02468    5.01358      8.743     0.0460    9.27253   4.848414 2.5320e-11    23.2719    23.2717 1.0000e-12      4.000          1      17990    1525.74 3.9495e+00  51486.205    749.551 1531645245       0.13     -0.581   39.96156  -71.44320    33.9524  1023.3060    23.2888    22.0586 0.0000e+00
