CalculateIndicators/WaterTemperature/Data/CTD_NYOS/NY1807C25.cnv
* Sea-Bird SBE 9 Data File:
* FileName = C:\Seabird 9 CTD\Data\2018\OffshoreCruise201807\NY1807C25.hex
* Software Version Seasave V 7.23.2
* Temperature SN = 4590
* Conductivity SN = 3228
* Number of Bytes Per Scan = 44
* Number of Voltage Words = 5
* Number of Scans Averaged by the Deck Unit = 1
* NMEA Latitude = 38 59.96 N
* NMEA Longitude = 072 49.25 W
* NMEA UTC (Time) = Jul 20 2018  05:27:36
* NMEA baud rate = 4800
** Ship: RV Seawolf
** Station: NY1807C25
** Operator: jdw
# nquan = 35
# nvalues = 278                         
# units = specified
# name 0 = depSM: Depth [salt water, m]
# name 1 = t090C: Temperature [ITS-90, deg C]
# name 2 = sal00: Salinity, Practical [PSU]
# name 3 = density00: Density [density, kg/m^3]
# name 4 = sbeox0V: Oxygen raw, SBE 43 [V]
# name 5 = sbeox0ML/L: Oxygen, SBE 43 [ml/l]
# name 6 = sbeox0PS: Oxygen, SBE 43 [% saturation]
# name 7 = sbox0dV/dT: Oxygen, SBE 43 [dov/dt]
# name 8 = oxsolML/L: Oxygen Saturation, Garcia & Gordon [ml/l]
# name 9 = oxsatML/L: Oxygen Saturation, Weiss [ml/l]
# name 10 = ph: pH
# name 11 = flECO-AFL: Fluorescence, WET Labs ECO-AFL/FL [mg/m^3]
# name 12 = n2satML/L: Nitrogen Saturation [ml/l]
# name 13 = c0S/m: Conductivity [S/m]
# name 14 = cpar: CPAR/Corrected Irradiance [%]
# name 15 = sigma-é00: Density [sigma-theta, kg/m^3]
# name 16 = sigma-t00: Density [sigma-t, kg/m^3 ]
# name 17 = par: PAR/Irradiance, Biospherical/Licor
# name 18 = prDM: Pressure, Digiquartz [db]
# name 19 = pumps: Pump Status
# name 20 = scan: Scan Count
# name 21 = svCM: Sound Velocity [Chen-Millero, m/s]
# name 22 = spar: SPAR, Biospherical/Licor
# name 23 = specc: Specific Conductance [uS/cm]
# name 24 = timeS: Time, Elapsed [seconds]
# name 25 = timeY: Time, System [seconds]
# name 26 = accM: Acceleration [m/s^2]
# name 27 = dz/dtM: Descent Rate [m/s]
# name 28 = latitude: Latitude [deg]
# name 29 = longitude: Longitude [deg]
# name 30 = gsw_saA0: Absolute Salinity [g/kg]
# name 31 = gsw_densityA0: density, TEOS-10 [density, kg/m^3]
# name 32 = gsw_sigma0A0: density, TEOS-10 [sigma-0, kg/m^3 ]
# name 33 = gsw_ptA0: potential temperature [ITS-90, deg C]
# name 34 = flag: flag
# span 0 =      0.994,    138.903       
# span 1 =    10.4979,    23.8970       
# span 2 =    33.8789,    35.3895       
# span 3 =  1022.8472,  1027.4296       
# span 4 =     2.9682,     4.3688       
# span 5 =     4.7066,     6.7336       
# span 6 =     78.694,    127.652       
# span 7 =   -0.08616,    0.10203       
# span 8 =    4.86246,    6.27169       
# span 9 =    4.85067,    6.27388       
# span 10 =      8.711,      8.980      
# span 11 =    -0.0833,     1.0706      
# span 12 =    9.00170,   11.33480      
# span 13 =   3.789656,   5.046659      
# span 14 = -1.103e+03, 7.3444e+04      
# span 15 =    22.8386,    26.8094      
# span 16 =    22.8385,    26.8058      
# span 17 = 1.0000e-12, 2.3874e-01      
# span 18 =      1.000,    140.000      
# span 19 =          1,          1      
# span 20 =        305,      15471      
# span 21 =    1491.47,    1530.55      
# span 22 = 9.9952e-01, 5.0859e+00      
# span 23 =  51574.793,  54599.320      
# span 24 =     12.662,    644.598      
# span 25 = 1532064521, 1532065153      
# span 26 =      -0.64,       0.56      
# span 27 =     -1.399,      1.095      
# span 28 =   38.99804,   38.99925      
# span 29 =  -72.82155,  -72.82090      
# span 30 =    34.0489,    35.5576      
# span 31 =  1022.8507,  1027.4339      
# span 32 =    22.8419,    26.8137      
# span 33 =    10.4932,    23.8966      
# span 34 = 0.0000e+00, 0.0000e+00      
# interval = decibars: 1                
# start_time = Jul 20 2018 05:28:29 [System UTC, first data scan.]
# bad_flag = -9.990e-29
*END*
      1.983    23.8970    33.8992  1022.8472     3.7581     5.1206    105.308   -0.00093    4.86246    4.85067      8.908    -0.0121    9.00170   5.046659 9.1373e-02    22.8386    22.8385 4.1262e-03      2.000          1        305    1530.55 4.7959e+00  51599.503     12.662 1532064521       0.16      0.140   38.99925  -72.82090    34.0594  1022.8507    22.8422    23.8966 0.0000e+00
      2.976    23.8904    33.8982  1022.8527     3.7675     5.1628    105.834    0.00290    4.87827    4.86653      8.909    -0.0039    9.02796   5.045616 8.5595e-03    22.8399    22.8397 3.3028e-04      3.000          1        571    1530.54 4.3955e+00  51598.745     23.769 1532064533       0.34      0.542   38.99923  -72.82090    34.0562  1022.8547    22.8419    23.8897 0.0000e+00
      3.972    23.8090    33.8966  1022.8797     3.7770     5.2036    106.351    0.00684    4.89289    4.88121      8.911    -0.0030    9.05211   5.036820 2.7849e-04    22.8627    22.8624 1.0999e-05      4.000          1        603    1530.36 5.0859e+00  51598.922     25.102 1532064534      -0.09      0.703   38.99922  -72.82090    34.0515  1022.8793    22.8622    23.8082 0.0000e+00
      4.956    23.6438    33.9012  1022.9358     3.8038     5.2720    107.624    0.01405    4.89856    4.88692      8.914    -0.0121    9.06116   5.019854 2.0733e-11    22.9145    22.9142 1.0000e-12      5.000          1        645    1529.97 5.0228e+00  51609.391     26.828 1532064536       0.09      0.533   38.99922  -72.82090    34.0489  1022.9301    22.9088    23.6428 0.0000e+00
      5.957    23.4889    33.9143  1022.9953     3.8151     5.2955    108.056    0.01470    4.90070    4.88906      8.915    -0.0034    9.06472   5.006562 2.1939e-11    22.9696    22.9693 1.0000e-12      6.000          1        673    1529.61 4.7404e+00  51631.558     27.996 1532064537       0.18      0.783   38.99922  -72.82090    34.0663  1022.9928    22.9672    23.4877 0.0000e+00
      6.949    23.4320    33.9506  1023.0436     3.8187     5.2816    107.705    0.00365    4.90375    4.89213      8.915    -0.0032    9.06964   5.005669 2.1623e-11    23.0137    23.0133 1.0000e-12      7.000          1        705    1529.52 4.8145e+00  51682.719     29.353 1532064538      -0.13      0.786   38.99922  -72.82090    34.1030  1023.0414    23.0114    23.4306 0.0000e+00
      7.939    23.3885    33.9564  1023.0650     3.8146     5.3057    107.340   -0.00158    4.94289    4.93148      8.922     0.0128    9.13303   5.002173 2.2977e-11    23.0308    23.0303 1.0000e-12      8.000          1        744    1529.43 4.4977e+00  51692.014     30.941 1532064540      -0.01      0.624   38.99921  -72.82090    34.1096  1023.0633    23.0291    23.3868 0.0000e+00
      8.931    23.3408    33.9763  1023.0982     3.8681     5.4862    110.407    0.02417    4.96897    4.95770      8.933     0.0456    9.17568   4.999905 2.3623e-11    23.0597    23.0592 1.0000e-12      9.000          1        780    1529.35 4.3465e+00  51720.526     32.454 1532064541       0.01      0.659   38.99920  -72.82090    34.1288  1023.0959    23.0574    23.3389 0.0000e+00
      9.923    22.8392    34.1451  1023.3747     3.9461     5.7343    114.764    0.05859    4.99662    4.98550      8.940     0.1100    9.22145   4.968391 2.3693e-11    23.3319    23.3313 1.0000e-12     10.000          1        815    1528.27 4.3301e+00  51964.433     33.898 1532064543       0.04      0.680   38.99920  -72.82090    34.2758  1023.3556    23.3128    22.8371 0.0000e+00
     10.918    22.5397    34.2133  1023.5161     3.9871     5.8154    115.005    0.03202    5.05660    5.04584      8.949     0.1369    9.32043   4.947498 2.2153e-11    23.4689    23.4683 1.0000e-12     11.000          1        848    1527.59 4.6905e+00  52066.373     35.309 1532064544      -0.02      0.719   38.99920  -72.82090    34.3481  1023.4999    23.4528    22.5375 0.0000e+00
     11.906    22.1631    34.2393  1023.6462     4.0809     6.0567    119.403    0.05420    5.07241    5.06178      8.957     0.1581    9.34581   4.909922 2.1640e-11    23.5947    23.5941 1.0000e-12     12.000          1        888    1526.65 4.8105e+00  52114.823     36.947 1532064546      -0.05      0.610   38.99920  -72.82090    34.3509  1023.6126    23.5611    22.1607 0.0000e+00
     12.898    21.4747    34.3091  1023.8950     4.1346     6.1906    121.048    0.04840    5.11420    5.10385      8.966     0.1868    9.41504   4.850198 2.0794e-11    23.8391    23.8384 1.0000e-12     13.000          1        921    1524.93 5.0085e+00  52236.108     38.316 1532064547       0.14      0.688   38.99920  -72.82090    34.4267  1023.8658    23.8099    21.4722 0.0000e+00
     13.895    21.3497    34.3854  1023.9918     4.1571     6.2031    120.496    0.02124    5.14795    5.13784      8.970     0.2521    9.47123   4.848927 2.2118e-11    23.9315    23.9308 1.0000e-12     14.000          1        948    1524.70 4.6988e+00  52345.272     39.455 1532064548       0.10      0.839   38.99920  -72.82090    34.5166  1023.9725    23.9123    21.3470 0.0000e+00
     14.892    21.0513    34.4113  1024.0971     4.2021     6.3461    122.573    0.03068    5.17726    5.16735      8.972     0.3337    9.52027   4.819567 2.1411e-11    24.0325    24.0317 1.0000e-12     15.000          1        979    1523.94 4.8640e+00  52393.659     40.744 1532064550      -0.11      0.828   38.99919  -72.82090    34.5216  1024.0620    23.9974    21.0485 0.0000e+00
     15.875    20.3358    34.3972  1024.2831     4.2551     6.6292    124.087    0.02285    5.34271    5.33411      8.980     0.5662    9.79625   4.745464 2.3717e-11    24.2140    24.2132 1.0000e-12     16.000          1       1034    1522.00 4.3245e+00  52408.776     43.055 1532064552      -0.12      0.388   38.99918  -72.82092    34.5027  1024.2446    24.1755    20.3329 0.0000e+00
     16.862    19.8538    34.3321  1024.3649     4.2504     6.6937    122.357   -0.00539    5.47055    5.46312      8.974     0.9336   10.00831   4.687239 2.3203e-11    24.2914    24.2906 1.0000e-12     17.000          1       1075    1520.60 4.4447e+00  52346.056     44.764 1532064554       0.35      0.556   38.99918  -72.82092    34.4198  1024.3132    24.2396    19.8507 0.0000e+00
     17.863    18.9260    34.2405  1024.5373     4.2370     6.6681    121.785   -0.00719    5.47527    5.46789      8.974     0.9998   10.01608   4.572075 2.2518e-11    24.4591    24.4583 1.0000e-12     18.000          1       1098    1517.89 4.6052e+00  52276.609     45.693 1532064555       0.34      0.905   38.99918  -72.82092    34.2254  1024.4079    24.3297    18.9228 0.0000e+00
     18.859    17.7415    34.2434  1024.8392     4.2143     6.5925    120.263   -0.01949    5.48171    5.47439      8.969     0.9806   10.02683   4.463962 2.1440e-11    24.7563    24.7555 1.0000e-12     19.000          1       1120    1514.48 4.8573e+00  52363.057     46.606 1532064555       0.07      1.095   38.99918  -72.82092    34.2971  1024.7618    24.6790    17.7383 0.0000e+00
     19.855    17.3208    34.2726  1024.9677     4.1851     6.5367    118.997   -0.02367    5.49320    5.48599      8.964     1.0081   10.04594   4.428451 2.2594e-11    24.8803    24.8795 1.0000e-12     20.000          1       1150    1513.29 4.5872e+00  52436.511     47.876 1532064557      -0.26      0.914   38.99918  -72.82092    34.3459  1024.9051    24.8178    17.3175 0.0000e+00
     20.834    17.0886    34.2714  1025.0267     4.1624     6.5683    119.285   -0.00593    5.50643    5.49937      8.962     0.9968   10.06743   4.408474 2.2918e-11    24.9349    24.9341 1.0000e-12     21.000          1       1210    1512.61 4.5115e+00  52453.734     50.394 1532064559      -0.02      0.288   38.99916  -72.82092    34.3695  1024.9830    24.8912    17.0851 0.0000e+00
     21.828    16.9969    34.2767  1025.0569     4.1444     6.6059    118.380   -0.01042    5.58027    5.57401      8.963     1.0349   10.18901   4.401821 2.3174e-11    24.9607    24.9599 1.0000e-12     22.000          1       1247    1512.36 4.4515e+00  52469.174     51.926 1532064561       0.29      0.611   38.99916  -72.82092    34.3893  1025.0243    24.9281    16.9933 0.0000e+00
     22.823    16.9787    34.3003  1025.0838     4.1101     6.5200    116.329   -0.02401    5.60485    5.59885      8.957     1.0470   10.22969   4.403199 2.1901e-11    24.9832    24.9823 1.0000e-12     23.000          1       1272    1512.35 4.7495e+00  52503.511     52.976 1532064562       0.19      0.864   38.99916  -72.82092    34.4165  1025.0538    24.9532    16.9750 0.0000e+00
     23.820    16.7647    34.3454  1025.1731     4.0825     6.4585    114.848   -0.03202    5.62351    5.61772      8.953     1.0015   10.26061   4.384444 2.4150e-11    25.0680    25.0671 1.0000e-12     24.000          1       1296    1511.77 4.2233e+00  52584.054     53.950 1532064563       0.08      1.003   38.99916  -72.82092    34.4351  1025.1227    25.0177    16.7608 0.0000e+00
     24.816    16.1454    34.4006  1025.3637     4.0491     6.4581    114.001   -0.02663    5.66505    5.65971      8.948     0.9717   10.32956   4.331032 2.3703e-11    25.2540    25.2530 1.0000e-12     25.000          1       1327    1509.96 4.3279e+00  52716.844     55.249 1532064564      -0.22      0.871   38.99916  -72.82092    34.4971  1025.3181    25.2084    16.1414 0.0000e+00
     25.797    15.6739    34.4116  1025.4839     3.9919     6.4302    112.075   -0.02505    5.73754    5.73301      8.936     0.8529   10.44951   4.286437 2.2516e-11    25.3696    25.3687 1.0000e-12     26.000          1       1381    1508.53 4.6057e+00  52778.247     57.514 1532064566      -0.04      0.371   38.99914  -72.82092    34.5084  1025.4384    25.3241    15.6699 0.0000e+00
     26.791    15.1734    34.4038  1025.5940     3.9286     6.4294    109.053   -0.03543    5.89559    5.89296      8.922     0.8936   10.71098   4.237373 2.3080e-11    25.4751    25.4742 1.0000e-12     27.000          1       1418    1506.97 4.4736e+00  52820.416     59.060 1532064568       0.23      0.609   38.99914  -72.82092    34.5035  1025.5506    25.4317    15.1694 0.0000e+00
     27.789    15.0073    34.4269  1025.6528     3.8276     6.0984    102.853   -0.07231    5.92929    5.92713      8.888     0.8181   10.76579   4.223632 7.3444e+04    25.5294    25.5285 1.0000e-12     28.000          1       1448    1506.49 9.9952e-01  52870.466     60.279 1532064569       0.06      0.805   38.99914  -72.82092    34.5244  1025.6075    25.4841    15.0032 0.0000e+00
     28.776    13.6287    34.4520  1025.9696     3.7048     5.7975     97.546   -0.08616    5.94339    5.94143      8.870     0.6368   10.78868   4.087093 5.5031e+04    25.8411    25.8402 1.0000e-12     29.000          1       1482    1502.10 1.7212e+00  53072.669     61.727 1532064571      -0.11      0.717   38.99914  -72.82093    34.4892  1025.8775    25.7489    13.6246 0.0000e+00
     29.767    13.1785    34.5223  1026.1210     3.6121     5.6504     95.017   -0.07622    5.94674    5.94484      8.869     0.5642   10.79415   4.055917 -1.103e+03    25.9877    25.9869 1.0000e-12     30.000          1       1514    1500.71 3.9942e+00  53229.825     63.026 1532064572       0.14      0.714   38.99914  -72.82094    34.6014  1026.0605    25.9272    13.1743 0.0000e+00
     30.769    13.0335    34.5996  1026.2146     3.5681     5.6207     95.193   -0.05313    5.90453    5.90220      8.866     0.5328   10.72249   4.051358 2.3937e-11    26.0768    26.0759 1.0000e-12     31.000          1       1540    1500.34 -9.990e-29  53357.457     64.112 1532064573       0.10      0.891   38.99914  -72.82094    34.6899  1026.1623    26.0245    13.0292 0.0000e+00
     31.756    12.9800    34.6064  1026.2350     3.5319     5.6506     96.077   -0.02337    5.88133    5.87878      8.870     0.3554   10.68315   4.050214 2.3638e-11    26.0928    26.0919 1.0000e-12     32.000          1       1580    1500.19 3.9495e+00  53375.004     65.809 1532064575      -0.23      0.639   38.99912  -72.82094    34.7275  1026.2064    26.0642    12.9757 0.0000e+00
     32.747    13.4191    34.8287  1026.3224     3.4852     5.6005     94.273   -0.02560    5.94085    5.93898      8.867     0.2845   10.78270   4.119271 2.4429e-11    26.1761    26.1751 1.0000e-12     33.000          1       1625    1501.92 3.9495e+00  53621.134     67.682 1532064576       0.13      0.524   38.99912  -72.82094    34.9821  1026.3180    26.1717    13.4145 0.0000e+00
     33.736    13.3868    34.8368  1026.3398     3.4355     5.6438     92.202   -0.02903    6.12176    6.12207      8.852     0.2555   11.08475   4.114544 2.3940e-11    26.1890    26.1881 1.0000e-12     34.000          1       1664    1501.84 3.9495e+00  53637.226     69.287 1532064578      -0.02      0.625   38.99912  -72.82094    34.9665  1026.3172    26.1664    13.3821 0.0000e+00
     34.727    13.0380    34.7668  1026.3609     3.3822     5.5593     89.298   -0.04158    6.22556    6.22717      8.833     0.2187   11.25784   4.070082 2.4996e-11    26.2054    26.2045 1.0000e-12     35.000          1       1694    1500.62 3.9495e+00  53590.126     70.559 1532064579       0.20      0.709   38.99912  -72.82094    34.8630  1026.3125    26.1570    13.0332 0.0000e+00
     35.726    12.3944    34.6483  1026.4009     3.3459     5.5086     88.194   -0.03934    6.24603    6.24789      8.820     0.1684   11.29209   3.989646 2.3543e-11    26.2404    26.2395 1.0000e-12     36.000          1       1718    1498.34 -9.990e-29  53521.894     71.535 1532064580       0.20      0.939   38.99912  -72.82094    34.6808  1026.3035    26.1430    12.3896 0.0000e+00
     36.724    11.2747    34.4683  1026.4772     3.3095     5.4623     87.375   -0.03372    6.25166    6.25358      8.813     0.1118   11.30159   3.866661 2.3816e-11    26.3114    26.3106 1.0000e-12     37.000          1       1746    1494.29 -9.990e-29  53456.025     72.705 1532064581      -0.15      0.942   38.99912  -72.82094    34.5138  1026.3899    26.2241    11.2701 0.0000e+00
     37.708    10.6990    34.3630  1026.5047     3.2678     5.4549     86.977   -0.02066    6.27169    6.27388      8.805     0.0658   11.33480   3.807032 2.4291e-11    26.3340    26.3332 1.0000e-12     38.000          1       1794    1492.17 4.0393e+00  53411.409     74.722 1532064584      -0.14      0.485   38.99911  -72.82094    34.4583  1026.4561    26.2853    10.6945 0.0000e+00
     38.698    10.5653    34.3318  1026.5086     3.2477     5.4470     87.194   -0.00954    6.24691    6.24883      8.801     0.0215   11.29288   3.792313 2.3015e-11    26.3333    26.3325 1.0000e-12     39.000          1       1843    1491.68 4.4940e+00  53392.933     76.733 1532064586       0.08      0.496   38.99910  -72.82094    34.4355  1026.4664    26.2911    10.5607 0.0000e+00
     39.687    10.4979    34.3467  1026.5366     3.2348     5.4185     86.831   -0.00857    6.24031    6.24215      8.804     0.0184   11.28181   3.789656 2.3778e-11    26.3567    26.3559 1.0000e-12     40.000          1       1876    1491.47 4.3102e+00  53427.224     78.126 1532064587       0.19      0.658   38.99910  -72.82094    34.4718  1026.5110    26.3311    10.4932 0.0000e+00
     40.687    10.6298    34.4050  1026.5633     3.2264     5.3856     86.440   -0.00981    6.23050    6.23223      8.803     0.0212   11.26524   3.809587 2.3487e-11    26.3790    26.3782 1.0000e-12     41.000          1       1900    1492.03 4.3784e+00  53484.668     79.118 1532064588       0.24      0.895   38.99910  -72.82094    34.5482  1026.5515    26.3673    10.6249 0.0000e+00
     41.685    10.6885    34.4264  1026.5741     3.2216     5.3879     86.561   -0.00624    6.22443    6.22609      8.803     0.0212   11.25500   3.816793 2.2819e-11    26.3854    26.3845 1.0000e-12     42.000          1       1926    1492.28 4.5346e+00  53504.119     80.206 1532064589      -0.08      0.982   38.99910  -72.82094    34.5649  1026.5586    26.3699    10.6835 0.0000e+00
