CalculateIndicators/WaterTemperature/Data/CTD_NYOS/NY1807C22.cnv
* Sea-Bird SBE 9 Data File:
* FileName = C:\Seabird 9 CTD\Data\2018\OffshoreCruise201807\NY1807C22.hex
* Software Version Seasave V 7.23.2
* Temperature SN = 4590
* Conductivity SN = 3228
* Number of Bytes Per Scan = 44
* Number of Voltage Words = 5
* Number of Scans Averaged by the Deck Unit = 1
* NMEA Latitude = 39 26.77 N
* NMEA Longitude = 072 38.09 W
* NMEA UTC (Time) = Jul 19 2018  05:02:16
* NMEA baud rate = 4800
** Ship: RV Seawolf
** Station: NY1807C22
** Operator: jdw
# nquan = 35
# nvalues = 182                         
# units = specified
# name 0 = depSM: Depth [salt water, m]
# name 1 = t090C: Temperature [ITS-90, deg C]
# name 2 = sal00: Salinity, Practical [PSU]
# name 3 = density00: Density [density, kg/m^3]
# name 4 = sbeox0V: Oxygen raw, SBE 43 [V]
# name 5 = sbeox0ML/L: Oxygen, SBE 43 [ml/l]
# name 6 = sbeox0PS: Oxygen, SBE 43 [% saturation]
# name 7 = sbox0dV/dT: Oxygen, SBE 43 [dov/dt]
# name 8 = oxsolML/L: Oxygen Saturation, Garcia & Gordon [ml/l]
# name 9 = oxsatML/L: Oxygen Saturation, Weiss [ml/l]
# name 10 = ph: pH
# name 11 = flECO-AFL: Fluorescence, WET Labs ECO-AFL/FL [mg/m^3]
# name 12 = n2satML/L: Nitrogen Saturation [ml/l]
# name 13 = c0S/m: Conductivity [S/m]
# name 14 = cpar: CPAR/Corrected Irradiance [%]
# name 15 = sigma-é00: Density [sigma-theta, kg/m^3]
# name 16 = sigma-t00: Density [sigma-t, kg/m^3 ]
# name 17 = par: PAR/Irradiance, Biospherical/Licor
# name 18 = prDM: Pressure, Digiquartz [db]
# name 19 = pumps: Pump Status
# name 20 = scan: Scan Count
# name 21 = svCM: Sound Velocity [Chen-Millero, m/s]
# name 22 = spar: SPAR, Biospherical/Licor
# name 23 = specc: Specific Conductance [uS/cm]
# name 24 = timeS: Time, Elapsed [seconds]
# name 25 = timeY: Time, System [seconds]
# name 26 = accM: Acceleration [m/s^2]
# name 27 = dz/dtM: Descent Rate [m/s]
# name 28 = latitude: Latitude [deg]
# name 29 = longitude: Longitude [deg]
# name 30 = gsw_saA0: Absolute Salinity [g/kg]
# name 31 = gsw_densityA0: density, TEOS-10 [density, kg/m^3]
# name 32 = gsw_sigma0A0: density, TEOS-10 [sigma-0, kg/m^3 ]
# name 33 = gsw_ptA0: potential temperature [ITS-90, deg C]
# name 34 = flag: flag
# span 0 =      0.970,     91.285       
# span 1 =     8.4760,    23.1660       
# span 2 =    32.9379,    33.6979       
# span 3 =  1022.3414,  1026.5295       
# span 4 =     3.1099,     4.2107       
# span 5 =     5.2168,     6.8006       
# span 6 =     83.442,    122.113       
# span 7 =   -0.06785,    0.05624       
# span 8 =    4.94805,    6.59271       
# span 9 =    4.93637,    6.59871       
# span 10 =      8.634,      8.938      
# span 11 =    -0.0405,     1.1542      
# span 12 =    9.15311,   11.87530      
# span 13 =   3.523624,   4.849620      
# span 14 = 2.5320e-11, 8.8534e+01      
# span 15 =    22.3328,    26.1123      
# span 16 =    22.3327,    26.1108      
# span 17 = 1.0000e-12, 3.4966e+00      
# span 18 =      1.000,     92.000      
# span 19 =          1,          1      
# span 20 =        -76,      13386      
# span 21 =    1483.38,    1527.75      
# span 22 = 3.9495e+00, 3.9495e+00      
# span 23 =  50314.223,  52871.709      
# span 24 =     -3.206,    557.727      
# span 25 = 1531976599, 1531977160      
# span 26 =      -0.42,       0.37      
# span 27 =     -0.900,      0.987      
# span 28 =   39.44634,   39.44769      
# span 29 =  -72.63514,  -72.63496      
# span 30 =    33.1069,    33.8576      
# span 31 =  1022.3459,  1026.5320      
# span 32 =    22.3404,    26.1161      
# span 33 =     8.4697,    23.1658      
# span 34 = 0.0000e+00, 0.0000e+00      
# interval = decibars: 1                
# start_time = Jul 19 2018 05:03:23 [System UTC, first data scan.]
# bad_flag = -9.990e-29
*END*
[from data line 125]
     56.560     8.5173    33.4572  1026.2450     3.2116     5.7586     87.476    0.00534    6.58311    6.58887      8.648     0.0454   11.86043   3.526245 2.5320e-11    25.9858    25.9849 1.0000e-12     57.000          1       7021    1483.45 3.9495e+00  52599.819    292.517 1531976895       0.11     -0.447   39.44720  -72.63500    33.6161  1026.2480    25.9888     8.5115 0.0000e+00
     55.563     8.5413    33.4434  1026.2259     3.2218     5.7789     87.858    0.00570    6.57755    6.58322      8.651     0.0546   11.85150   3.527103 2.5320e-11    25.9713    25.9704 1.0000e-12     56.000          1       7066    1483.50 3.9495e+00  52574.110    294.388 1531976897      -0.13     -0.537   39.44720  -72.63500    33.6029  1026.2294    25.9748     8.5356 0.0000e+00
     54.574     8.6028    33.4112  1026.1867     3.2328     5.7893     87.989    0.00290    6.57956    6.58523      8.652     0.0717   11.85501   3.529607 2.5320e-11    25.9367    25.9358 1.0000e-12     55.000          1       7161    1483.67 3.9495e+00  52514.048    298.344 1531976901       0.03     -0.258   39.44721  -72.63500    33.5714  1026.1909    25.9409     8.5971 0.0000e+00
     53.580     8.5922    33.3764  1026.1564     3.2501     5.8345     88.615    0.00318    6.58407    6.58978      8.652     0.0984   11.86282   3.524998 2.5320e-11    25.9110    25.9101 1.0000e-12     54.000          1       7461    1483.58 3.9495e+00  52466.504    310.824 1531976913      -0.13     -0.286   39.44725  -72.63500    33.5332  1026.1582    25.9127     8.5866 0.0000e+00
     52.590     8.5970    33.3626  1026.1404     3.2590     5.8448     88.840    0.00255    6.57904    6.58467      8.652     0.1071   11.85459   3.524290 2.5320e-11    25.8994    25.8986 1.0000e-12     53.000          1       8138    1483.56 3.9495e+00  52445.322    339.044 1531976942      -0.02     -0.689   39.44732  -72.63502    33.5215  1026.1438    25.9029     8.5916 0.0000e+00
     51.596     8.6100    33.3592  1026.1312     3.2601     5.8373     88.737    0.00110    6.57822    6.58384      8.652     0.1087   11.85326   3.525086 2.5320e-11    25.8948    25.8940 1.0000e-12     52.000          1       8175    1483.59 3.9495e+00  52436.886    340.579 1531976943      -0.00     -0.688   39.44732  -72.63502    33.5181  1026.1346    25.8982     8.6046 0.0000e+00
     50.605     8.6186    33.3558  1026.1226     3.2636     5.8477     88.920    0.00190    6.57635    6.58193      8.651     0.1103   11.85025   3.525489 2.5320e-11    25.8907    25.8899 1.0000e-12     51.000          1       8217    1483.60 3.9495e+00  52429.442    342.324 1531976945       0.09     -0.586   39.44733  -72.63502    33.5146  1026.1260    25.8941     8.6134 0.0000e+00
     49.616     8.6277    33.3524  1026.1140     3.2662     5.8458     88.946    0.00135    6.57224    6.57775      8.651     0.1180   11.84356   3.525963 2.5320e-11    25.8867    25.8859 1.0000e-12     50.000          1       8260    1483.61 3.9495e+00  52421.972    344.143 1531976947      -0.08     -0.532   39.44734  -72.63502    33.5115  1026.1176    25.8903     8.6225 0.0000e+00
     48.620     8.6407    33.3459  1026.1023     3.2693     5.8428     89.088    0.00192    6.55844    6.56375      8.655     0.1414   11.82080   3.526508 2.5320e-11    25.8796    25.8788 1.0000e-12     49.000          1       8294    1483.64 3.9495e+00  52409.151    345.562 1531976948      -0.08     -0.684   39.44734  -72.63502    33.5054  1026.1062    25.8835     8.6357 0.0000e+00
     47.628     8.6706    33.3377  1026.0867     3.2758     5.8462     89.448    0.00376    6.53582    6.54080      8.659     0.1410   11.78337   3.528542 2.5320e-11    25.8685    25.8678 1.0000e-12     48.000          1       8332    1483.72 3.9495e+00  52390.353    347.118 1531976950       0.08     -0.663   39.44734  -72.63502    33.4990  1026.0921    25.8740     8.6656 0.0000e+00
     46.642     8.7798    33.3345  1026.0627     3.2858     5.8808     90.023    0.00646    6.53254    6.53746      8.661     0.1663   11.77805   3.538867 2.5320e-11    25.8492    25.8484 1.0000e-12     47.000          1       8370    1484.11 3.9495e+00  52360.762    348.727 1531976951      -0.08     -0.591   39.44734  -72.63502    33.5049  1026.0752    25.8617     8.7749 0.0000e+00
     45.641     8.9080    33.3364  1026.0395     3.2903     5.8754     90.003    0.00454    6.52801    6.53288      8.661     0.1815   11.77058   3.550633 2.5320e-11    25.8307    25.8300 1.0000e-12     46.000          1       8399    1484.57 3.9495e+00  52334.866    349.931 1531976953      -0.14     -0.782   39.44734  -72.63502    33.5078  1026.0529    25.8441     8.9032 0.0000e+00
     44.651     8.9479    33.3291  1026.0230     3.2976     5.8685     90.191    0.00408    6.50679    6.51134      8.665     0.1841   11.73553   3.552817 2.5320e-11    25.8188    25.8180 1.0000e-12     45.000          1       8442    1484.69 3.9495e+00  52315.153    351.693 1531976954       0.19     -0.605   39.44736  -72.63502    33.4935  1026.0310    25.8268     8.9432 0.0000e+00
     43.664     9.0610    33.3305  1026.0017     3.3094     5.8960     90.728    0.00574    6.49855    6.50297      8.671     0.2255   11.72202   3.563869 2.5320e-11    25.8021    25.8013 1.0000e-12     44.000          1       8491    1485.10 3.9495e+00  52292.423    353.736 1531976956      -0.18     -0.464   39.44736  -72.63502    33.5032  1026.0161    25.8165     9.0563 0.0000e+00
     42.667     9.1474    33.3187  1025.9741     3.3198     5.9265     91.224    0.00738    6.49657    6.50097      8.672     0.2467   11.71879   3.570112 2.5320e-11    25.7791    25.7784 1.0000e-12     43.000          1       8525    1485.38 3.9495e+00  52256.269    355.153 1531976958      -0.06     -0.691   39.44736  -72.63502    33.4876  1025.9857    25.7907     9.1428 0.0000e+00
     41.676     9.1844    33.3134  1025.9595     3.3289     5.9332     91.400    0.00590    6.49149    6.49581      8.672     0.2514   11.71047   3.572656 2.5320e-11    25.7691    25.7684 1.0000e-12     42.000          1       8563    1485.50 3.9495e+00  52240.593    356.749 1531976959       0.07     -0.639   39.44736  -72.63504    33.4797  1025.9692    25.7788     9.1799 0.0000e+00
     40.686     9.2008    33.3107  1025.9502     3.3357     5.9341     91.506    0.00456    6.48490    6.48911      8.673     0.3061   11.69959   3.573745 2.5320e-11    25.7643    25.7636 1.0000e-12     41.000          1       8600    1485.54 3.9495e+00  52232.644    358.303 1531976961      -0.07     -0.624   39.44736  -72.63504    33.4762  1025.9592    25.7733     9.1964 0.0000e+00
     39.689     9.2324    33.3038  1025.9352     3.3419     5.9442     91.688    0.00427    6.48306    6.48725      8.676     0.3491   11.69653   3.575932 2.5320e-11    25.7539    25.7532 1.0000e-12     40.000          1       8632    1485.63 3.9495e+00  52215.567    359.634 1531976962      -0.05     -0.741   39.44738  -72.63502    33.4697  1025.9446    25.7633     9.2282 0.0000e+00
     38.699     9.2820    33.3020  1025.9213     3.3508     5.9655     92.068    0.00523    6.47939    6.48353 -9.990e-29     0.3304   11.69046   3.580141 2.5320e-11    25.7446    25.7439 1.0000e-12     39.000          1       8674    1485.79 3.9495e+00  52202.041    361.355 1531976964       0.14     -0.604   39.44738  -72.63502    33.4675  1025.9304    25.7536     9.2778 0.0000e+00
     37.708     9.3020    33.3037  1025.9149     3.3580     5.9703     92.198    0.00400    6.47549    6.47958 -9.990e-29     0.3484   11.68403   3.581926 2.5320e-11    25.7427    25.7420 1.0000e-12     38.000          1       8717    1485.85 3.9495e+00  52199.786    363.183 1531976966      -0.10     -0.534   39.44738  -72.63504    33.4677  1025.9228    25.7506     9.2979 0.0000e+00
     36.715     9.3296    33.3026  1025.9050     3.3629     5.9716     92.266    0.00291    6.47209    6.47612 -9.990e-29     0.3448   11.67841   3.584254 2.5320e-11    25.7374    25.7367 1.0000e-12     37.000          1       8756    1485.93 3.9495e+00  52191.637    364.810 1531976967       0.02     -0.620   39.44738  -72.63504    33.4665  1025.9129    25.7453     9.3256 0.0000e+00
     35.720     9.3537    33.3026  1025.8966     3.3685     5.9842     92.506    0.00348    6.46904    6.47303 -9.990e-29     0.3805   11.67337   3.586340 2.5320e-11    25.7335    25.7329 1.0000e-12     36.000          1       8796    1486.01 3.9495e+00  52186.157    366.464 1531976969      -0.01     -0.605   39.44738  -72.63504    33.4660  1025.9040    25.7410     9.3499 0.0000e+00
     34.728     9.3750    33.3020  1025.8881     3.3756     5.9923     92.665    0.00252    6.46655    6.47051      8.682     0.3910   11.66923   3.588010 2.5320e-11    25.7296    25.7290 1.0000e-12     35.000          1       9072    1486.07 3.9495e+00  52180.313    377.946 1531976981       0.00     -0.482   39.44742  -72.63504    33.4639  1025.8944    25.7359     9.3712 0.0000e+00
     33.743     9.3787    33.3019  1025.8829     3.3839     5.9911     92.974    0.00328    6.44378    6.44741      8.686     0.4202   11.63160   3.588218 2.5320e-11    25.7289    25.7283 1.0000e-12     34.000          1       9665    1486.07 3.9495e+00  52178.701    402.650 1531977005      -0.09     -0.661   39.44746  -72.63504    33.4631  1025.8886    25.7346     9.3750 0.0000e+00
     32.744     9.4434    33.3009  1025.8670     3.3954     6.0230     93.740    0.00779    6.42519    6.42858      8.693     0.4544   11.60072   3.594253 2.5320e-11    25.7176    25.7170 1.0000e-12     33.000          1       9680    1486.28 3.9495e+00  52163.416    403.306 1531977006      -0.14     -0.815   39.44746  -72.63504    33.4655  1025.8755    25.7261     9.4398 0.0000e+00
     31.749     9.5349    33.3021  1025.8485     3.4151     6.0613     94.811    0.01277    6.39309    6.39604      8.702     0.5043   11.54753   3.603110 2.5320e-11    25.7037    25.7031 1.0000e-12     32.000          1       9714    1486.60 3.9495e+00  52145.880    404.726 1531977007       0.16     -0.764   39.44746  -72.63504    33.4721  1025.8612    25.7164     9.5314 0.0000e+00
     30.766     9.7557    33.3156  1025.8182     3.4669     6.1294     97.528    0.02538    6.28483    6.28628      8.721     0.7092   11.36877   3.624570 2.5320e-11    25.6780    25.6775 1.0000e-12     31.000          1       9765    1487.41 3.9495e+00  52119.988    406.830 1531977009       0.01     -0.428   39.44746  -72.63504    33.4878  1025.8327    25.6925     9.7523 0.0000e+00
     29.772    10.0990    33.3211  1025.7603     3.5342     6.3052    101.080    0.04140    6.23789    6.23869      8.746     0.9915   11.29134   3.659566 2.5320e-11    25.6249    25.6243 1.0000e-12     30.000          1       9801    1488.64 3.9495e+00  52060.925    408.322 1531977011      -0.18     -0.633   39.44748  -72.63506    33.5275  1025.8014    25.6660    10.0956 0.0000e+00
     28.777    10.5945    33.3084  1025.6608     3.6026     6.5185    104.614    0.05617    6.23098    6.23169      8.756     1.0178   11.28008   3.702995 2.5320e-11    25.5302    25.5296 1.0000e-12     29.000          1       9829    1490.37 3.9495e+00  51951.683    409.482 1531977012      -0.13     -0.811   39.44748  -72.63506    33.5109  1025.6992    25.5686    10.5911 0.0000e+00
     27.782    10.9704    33.2569  1025.5499     3.6631     6.6452    106.724    0.05624    6.22656    6.22721      8.759     1.0540   11.27269   3.732396 2.5320e-11    25.4241    25.4235 1.0000e-12     28.000          1       9856    1491.63 3.9495e+00  51810.722    410.624 1531977013       0.01     -0.888   39.44748  -72.63505    33.4619  1025.5906    25.4648    10.9670 0.0000e+00
     26.789    11.1187    33.2579  1025.5198     3.7154     6.6535    107.081    0.03781    6.21347    6.21395      8.760     1.1211   11.25098   3.744460 2.5320e-11    25.3985    25.3979 1.0000e-12     27.000          1       9893    1492.13 3.9495e+00  51787.457    412.177 1531977015       0.18     -0.698   39.44748  -72.63504    33.4475  1025.5485    25.4272    11.1154 0.0000e+00
     25.804    11.2100    33.2557  1025.4972     3.7729     6.5987    107.797    0.02280    6.12167    6.12097      8.766     1.0406   11.09907   3.752142 2.5320e-11    25.3804    25.3798 1.0000e-12     26.000          1       9950    1492.43 3.9495e+00  51768.144    414.522 1531977017       0.01     -0.385   39.44748  -72.63506    33.4412  1025.5227    25.4060    11.2069 0.0000e+00
     24.815    11.3871    33.2684  1025.4704     3.8345     6.6188    110.747    0.03600    5.97664    5.97412      8.781     1.1116   10.85931   3.770431 2.5320e-11    25.3582    25.3576 1.0000e-12     25.000          1       9987    1493.05 3.9495e+00  51756.546    416.090 1531977019      -0.29     -0.578   39.44748  -72.63506    33.4620  1025.5023    25.3901    11.3841 0.0000e+00
     23.811    11.6662    33.2544  1025.4037     3.8909     6.7144    113.694    0.05126    5.90569    5.90234      8.790     1.1542   10.74144   3.796896 2.5320e-11    25.2962    25.2957 1.0000e-12     24.000          1      10011    1493.99 3.9495e+00  51690.361    417.080 1531977020      -0.24     -0.900   39.44748  -72.63506    33.4707  1025.4533    25.3458    11.6632 0.0000e+00
     22.822    12.5985    33.2247  1025.1991     3.9546     6.7773    116.046    0.05460    5.84024    5.83615      8.797     1.0399   10.63283   3.882626 2.5320e-11    25.0965    25.0959 1.0000e-12     23.000          1      10041    1497.12 3.9495e+00  51507.485    418.330 1531977021       0.18     -0.881   39.44748  -72.63506    33.4686  1025.2704    25.1678    12.5955 0.0000e+00
     21.829    13.5638    33.2144  1024.9948     4.0130     6.7793    117.235    0.04330    5.78274    5.77798      8.804     1.0226   10.53808   3.972298 2.5320e-11    24.8971    24.8965 1.0000e-12     22.000          1      10074    1500.31 3.9495e+00  51369.423    419.714 1531977022      -0.01     -0.714   39.44748  -72.63506    33.4689  1025.0745    24.9768    13.5608 0.0000e+00
     20.840    14.4201    33.2100  1024.8093     4.0818     6.7265    118.883    0.03397    5.65846    5.65236      8.813     0.9762   10.33187   4.051069 2.5320e-11    24.7163    24.7157 1.0000e-12     21.000          1      10124    1503.08 3.9495e+00  51255.468    421.811 1531977024       0.17     -0.471   39.44749  -72.63506    33.4571  1024.8834    24.7904    14.4170 0.0000e+00
     19.850    15.2730    33.2130  1024.6239     4.1447     6.7548    120.947    0.03308    5.58494    5.57807      8.815     0.9565   10.21044   4.133522 2.5320e-11    24.5356    24.5350 1.0000e-12     20.000          1      10171    1505.79 3.9495e+00  51166.351    423.745 1531977026      -0.33     -0.519   39.44750  -72.63506    33.4774  1024.7112    24.6230    15.2700 0.0000e+00
     18.854    15.9959    33.1594  1024.4172     4.1669     6.6684    120.942    0.02097    5.51373    5.50614      8.814     0.9425   10.09281   4.194172 2.5320e-11    24.3336    24.3330 1.0000e-12     19.000          1      10199    1507.97 3.9495e+00  51023.119    424.931 1531977028      -0.11     -0.802   39.44750  -72.63506    33.4088  1024.4934    24.4098    15.9930 0.0000e+00
     17.861    16.3997    33.1197  1024.2904     4.1971     6.6797    122.089    0.02295    5.47113    5.46316      8.816     0.9261   10.02149   4.227419 2.5320e-11    24.2114    24.2107 1.0000e-12     18.000          1      10227    1509.15 3.9495e+00  50929.672    426.081 1531977029      -0.03     -0.859   39.44750  -72.63506    33.3646  1024.3633    24.2842    16.3969 0.0000e+00
