CalculateIndicators/WaterTemperature/Data/CTD_NYOS/NY1807C16.cnv
* Sea-Bird SBE 9 Data File:
* FileName = C:\Seabird 9 CTD\Data\2018\OffshoreCruise201807\NY1807C16.hex
* Software Version Seasave V 7.23.2
* Temperature SN = 4590
* Conductivity SN = 3228
* Number of Bytes Per Scan = 44
* Number of Voltage Words = 5
* Number of Scans Averaged by the Deck Unit = 1
* NMEA Latitude = 39 56.52 N
* NMEA Longitude = 073 30.75 W
* NMEA UTC (Time) = Jul 18 2018  01:46:03
* NMEA baud rate = 4800
** Ship: RV Seawolf
** Station: NY1807C16
** Operator: jdw
# nquan = 35
# nvalues = 65                          
# units = specified
# name 0 = depSM: Depth [salt water, m]
# name 1 = t090C: Temperature [ITS-90, deg C]
# name 2 = sal00: Salinity, Practical [PSU]
# name 3 = density00: Density [density, kg/m^3]
# name 4 = sbeox0V: Oxygen raw, SBE 43 [V]
# name 5 = sbeox0ML/L: Oxygen, SBE 43 [ml/l]
# name 6 = sbeox0PS: Oxygen, SBE 43 [% saturation]
# name 7 = sbox0dV/dT: Oxygen, SBE 43 [dov/dt]
# name 8 = oxsolML/L: Oxygen Saturation, Garcia & Gordon [ml/l]
# name 9 = oxsatML/L: Oxygen Saturation, Weiss [ml/l]
# name 10 = ph: pH
# name 11 = flECO-AFL: Fluorescence, WET Labs ECO-AFL/FL [mg/m^3]
# name 12 = n2satML/L: Nitrogen Saturation [ml/l]
# name 13 = c0S/m: Conductivity [S/m]
# name 14 = cpar: CPAR/Corrected Irradiance [%]
# name 15 = sigma-é00: Density [sigma-theta, kg/m^3]
# name 16 = sigma-t00: Density [sigma-t, kg/m^3 ]
# name 17 = par: PAR/Irradiance, Biospherical/Licor
# name 18 = prDM: Pressure, Digiquartz [db]
# name 19 = pumps: Pump Status
# name 20 = scan: Scan Count
# name 21 = svCM: Sound Velocity [Chen-Millero, m/s]
# name 22 = spar: SPAR, Biospherical/Licor
# name 23 = specc: Specific Conductance [uS/cm]
# name 24 = timeS: Time, Elapsed [seconds]
# name 25 = timeY: Time, System [seconds]
# name 26 = accM: Acceleration [m/s^2]
# name 27 = dz/dtM: Descent Rate [m/s]
# name 28 = latitude: Latitude [deg]
# name 29 = longitude: Longitude [deg]
# name 30 = gsw_saA0: Absolute Salinity [g/kg]
# name 31 = gsw_densityA0: density, TEOS-10 [density, kg/m^3]
# name 32 = gsw_sigma0A0: density, TEOS-10 [sigma-0, kg/m^3 ]
# name 33 = gsw_ptA0: potential temperature [ITS-90, deg C]
# name 34 = flag: flag
# span 0 =      1.980,     33.740       
# span 1 =     9.6642,    23.5145       
# span 2 =    30.7422,    32.5568       
# span 3 =  1020.6049,  1025.2453       
# span 4 =     2.7743,     4.1190       
# span 5 =     4.5618,     6.3414       
# span 6 =     70.806,    120.761       
# span 7 =   -0.11326,    0.09562       
# span 8 =    4.97304,    6.46224       
# span 9 =    4.96101,    6.46543       
# span 10 =      8.596,      8.921      
# span 11 =     0.0556,     1.7008      
# span 12 =    9.21377,   11.67095      
# span 13 =   3.538539,   4.627200      
# span 14 = -8.610e+03, 1.1030e+05      
# span 15 =    20.5963,    25.0913      
# span 16 =    20.5962,    25.0907      
# span 17 = 1.0000e-12, 3.1081e-02      
# span 18 =      2.000,     34.000      
# span 19 =          1,          1      
# span 20 =        176,       7702      
# span 21 =    1486.18,    1526.47      
# span 22 = -4.069e-01, 4.2334e+00      
# span 23 =  47298.018,  51054.199      
# span 24 =      7.292,    320.869      
# span 25 = 1531878429, 1531878743      
# span 26 =      -0.48,       0.45      
# span 27 =     -0.929,      0.988      
# span 28 =   39.94200,   39.94202      
# span 29 =  -73.51283,  -73.51256      
# span 30 =    30.8853,    32.6872      
# span 31 =  1020.6074,  1025.2391      
# span 32 =    20.5988,    25.0851      
# span 33 =     9.6605,    23.5137      
# span 34 = 0.0000e+00, 0.0000e+00      
# interval = decibars: 1                
# start_time = Jul 18 2018 01:47:02 [System UTC, first data scan.]
# bad_flag = -9.990e-29
*END*
[from data line 42]
     23.821    12.1035    32.3107  1024.5899     2.9717     4.7696     78.477    0.00632    6.07773    6.07568      8.596     0.4379   11.03884   3.734821 -1.650e+01    24.4823    24.4818 1.0000e-12     24.000          1       3704    1494.36 3.9512e+00  50305.129    154.282 1531878576      -0.36     -0.586   39.94202  -73.51268    32.4784  1024.6056    24.4981    12.1005 0.0000e+00
     22.817    12.2457    32.2616  1024.5205     2.9863     4.8145     79.462    0.01303    6.05886    6.05655      8.598     0.4483   11.00807   3.742669 2.5311e-11    24.4176    24.4170 1.0000e-12     23.000          1       3725    1494.78 3.9495e+00  50216.498    155.160 1531878577      -0.22     -0.929   39.94202  -73.51268    32.4312  1024.5380    24.4350    12.2428 0.0000e+00
     21.827    12.5044    32.1744  1024.3993     3.0137     4.8862     80.809    0.01861    6.04663    6.04416      8.599     0.5187   10.98822   3.757497 6.2685e+04    24.3010    24.3004 1.0000e-12     22.000          1       3756    1495.54 1.4221e+00  50056.977    156.456 1531878579       0.20     -0.857   39.94202  -73.51268    32.3508  1024.4224    24.3241    12.5015 0.0000e+00
     20.838    12.8123    32.1021  1024.2796     3.0596     4.9615     82.875    0.02591    5.98684    5.98359      8.596     0.5608   10.89057   3.777434 1.9691e+04    24.1858    24.1853 1.0000e-12     21.000          1       3798    1496.48 1.5876e+00  49913.367    158.224 1531878580       0.09     -0.573   39.94202  -73.51268    32.2775  1024.3023    24.2085    12.8096 0.0000e+00
     19.848    13.0654    32.0195  1024.1618     3.1171     5.0618     85.178    0.03083    5.94261    5.93881      8.598     0.7433   10.81793   3.792122 -6.633e+02    24.0725    24.0720 1.0000e-12     20.000          1       3843    1497.21 1.9878e+00  49763.816    160.082 1531878582      -0.05     -0.528   39.94202  -73.51268    32.2017  1024.1900    24.1008    13.0627 0.0000e+00
     18.848    13.6098    31.8931  1023.9512     3.1615     5.0973     86.411    0.02673    5.89892    5.89459      8.603     0.8165   10.74639   3.828168 4.7457e-11    23.8666    23.8661 1.0000e-12     19.000          1       3884    1498.86 2.3067e+00  49520.086    161.811 1531878584       0.04     -0.581   39.94202  -73.51268    32.0814  1023.9848    23.9002    13.6072 0.0000e+00
     17.862    14.4742    31.7444  1023.6554     3.2915     5.2531     90.775    0.02635    5.79010    5.78463      8.629     1.5586   10.56566   3.887843 2.1387e-11    23.5756    23.5750 1.0000e-12     18.000          1       4529    1501.50 4.1951e+00  49214.474    188.656 1531878611      -0.14     -0.168   39.94201  -73.51271    31.9142  1023.6756    23.5958    14.4716 0.0000e+00
     16.865    15.3709    31.7254  1023.4436     3.4792     5.7905    101.636    0.09562    5.69813    5.69169      8.672     1.4203   10.41300   3.970854 2.3789e-11    23.3684    23.3679 1.0000e-12     17.000          1       4821    1504.31 3.9452e+00  49097.224    200.822 1531878623      -0.09     -0.578   39.94200  -73.51272    31.9324  1023.4925    23.4174    15.3684 0.0000e+00
     15.884    16.0360    31.7689  1023.3271     3.6373     5.8109    103.425    0.03759    5.61825    5.61095      8.700     1.3844   10.28191   4.034160 2.5692e-11    23.2566    23.2560 1.0000e-12     16.000          1       4911    1506.44 4.0229e+00  49096.614    204.592 1531878627       0.08     -0.240   39.94201  -73.51272    31.9588  1023.3629    23.2924    16.0335 0.0000e+00
     14.879    16.2866    31.6802  1023.1978     3.6642     5.8682    103.906    0.02954    5.64762    5.64065      8.708     1.4312   10.33003   4.046676 -9.990e-29    23.1317    23.1312 1.0000e-12     15.000          1       4946    1507.10 2.0944e+00  48949.939    206.048 1531878628      -0.30     -0.665   39.94201  -73.51272    31.8680  1023.2324    23.1663    16.2843 0.0000e+00
     13.893    16.6393    31.6300  1023.0745     3.7112     5.7877    104.918    0.02084    5.51748    5.50921      8.707     1.5964   10.11573   4.071868 3.8613e-11    23.0129    23.0124 1.0000e-12     14.000          1       5005    1508.10 3.2794e+00  48851.815    208.515 1531878631       0.19     -0.385   39.94200  -73.51272    31.8078  1023.1016    23.0400    16.6371 0.0000e+00
     12.901    17.2998    31.5135  1022.8271     3.8637     6.1772    113.239    0.07447    5.45485    5.44602      8.720     1.5437   10.01205   4.123561 2.7757e-11    22.7701    22.7696 1.0000e-12     13.000          1       5059    1509.96 3.8566e+00  48640.046    210.750 1531878633      -0.15     -0.515   39.94202  -73.51272    31.7341  1022.8874    22.8303    17.2977 0.0000e+00
     11.901    18.0682    31.4382  1022.5825     3.9173     6.2438    113.244    0.04012    5.51360    5.50531      8.736     1.5016   10.10902   4.182537 4.1996e-11    22.5300    22.5295 1.0000e-12     12.000          1       5120    1512.14 2.6548e+00  48482.796    213.291 1531878635      -0.06     -0.563   39.94200  -73.51272    31.6381  1022.6271    22.5747    18.0662 0.0000e+00
     10.919    18.6584    31.4097  1022.4123     4.0624     6.0511    117.742    0.03627    5.14178    5.13069      8.764     1.3807    9.49380   4.229943 2.2292e-11    22.3642    22.3638 1.0000e-12     11.000          1       5883    1513.82 4.1675e+00  48405.871    245.101 1531878667      -0.26     -0.392   39.94200  -73.51275    31.5822  1022.4360    22.3880    18.6565 0.0000e+00
      9.920    19.3214    31.3620  1022.2060     4.1190     6.1231    120.761    0.05963    5.07084    5.05926      8.796     1.0607    9.37599   4.289424 2.5060e-11    22.1625    22.1621 1.0000e-12     10.000          1       6079    1515.66 3.9495e+00  48303.513    253.246 1531878675      -0.25     -0.767   39.94200  -73.51276    31.5702  1022.2570    22.2135    19.3196 0.0000e+00
      8.929    21.5226    31.1195  1021.4377     4.0075     5.6476    111.145   -0.06380    5.08098    5.06946      8.807     1.0452    9.39225   4.472836 2.5054e-11    21.3988    21.3983 1.0000e-12      9.000          1       6114    1521.43 3.9495e+00  47875.029    254.702 1531878677       0.11     -0.802   39.94200  -73.51276    31.4089  1021.5501    21.5112    21.5209 0.0000e+00
      7.937    22.3330    31.1034  1021.2023     3.9596     5.6192    110.867   -0.03354    5.06828    5.05671      8.817     1.0182    9.37128   4.535899 2.7678e-11    21.1679    21.1674 1.0000e-12      8.000          1       6156    1523.59 -9.990e-29  47826.121    256.460 1531878679       0.12     -0.592   39.94200  -73.51276    31.3132  1021.2544    21.2199    22.3314 0.0000e+00
      6.953    22.3508    31.1193  1021.2059     3.9583     5.5932    112.469    0.00216    4.97304    4.96101      8.834     0.8916    9.21377   4.536775 3.3568e-11    21.1757    21.1753 1.0000e-12      7.000          1       6203    1523.64 3.9495e+00  47845.158    258.428 1531878681      -0.13     -0.465   39.94200  -73.51278    31.3071  1021.2412    21.2110    22.3495 0.0000e+00
      5.949    22.4331    31.1181  1021.1766     3.9252     5.5425    110.488   -0.01578    5.01667    5.00484      8.837     0.8110    9.28590   4.547938 3.4629e-11    21.1508    21.1504 1.0000e-12      6.000          1       6234    1523.83 3.2646e+00  47842.355    259.695 1531878682      -0.11     -0.741   39.94200  -73.51278    31.3344  1021.2334    21.2075    22.4320 0.0000e+00
      4.956    23.3452    31.0155  1020.8383     3.8930     5.4794    109.377   -0.01571    5.00969    4.99782      8.834     0.8417    9.27430   4.616029 3.5334e-11    20.8169    20.8166 1.0000e-12      5.000          1       6414    1526.07 3.1447e+00  47676.521    267.200 1531878689       0.01     -0.418   39.94200  -73.51278    31.2053  1020.8751    20.8536    23.3442 0.0000e+00
      3.967    23.4307    30.8557  1020.6889     3.8421     5.3962    108.125   -0.00355    4.99069    4.97870      8.874     0.7321    9.24486   4.597419 2.6354e-11    20.6717    20.6715 1.0000e-12      4.000          1       7422    1526.10 3.8576e+00  47454.156    309.220 1531878731      -0.00     -0.385   39.94202  -73.51282    31.0050  1020.6957    20.6785    23.4299 0.0000e+00
      2.978    23.4238    30.8125  1020.6539     3.8281     5.3736    107.625   -0.00354    4.99284    4.98082      8.882     0.7031    9.24940   4.590352 2.6461e-11    20.6410    20.6408 1.0000e-12      3.000          1       7617    1526.02 3.9495e+00  47394.642    317.325 1531878740      -0.24     -0.347   39.94202  -73.51282    30.9568  1020.6570    20.6441    23.4232 0.0000e+00
      1.980    23.3940    30.7422  1020.6049     3.8226     5.3663    107.486   -0.00235    4.99260    4.98059      8.887     0.7034    9.24896   4.578063 6.8733e-02    20.5963    20.5962 2.7146e-03      2.000          1       7702    1525.85 3.9495e+00  47298.018    320.869 1531878743       0.07     -0.364   39.94202  -73.51283    30.8853  1020.6074    20.5988    23.3936 0.0000e+00
