CalculateIndicators/WaterTemperature/Data/CTD_NYOS/NY1807C12.cnv
* Sea-Bird SBE 9 Data File:
* FileName = C:\Seabird 9 CTD\Data\2018\OffshoreCruise201807\NY1807C12.hex
* Software Version Seasave V 7.23.2
* Temperature SN = 4590
* Conductivity SN = 3228
* Number of Bytes Per Scan = 44
* Number of Voltage Words = 5
* Number of Scans Averaged by the Deck Unit = 1
* NMEA Latitude = 39 43.94 N
* NMEA Longitude = 072 44.72 W
* NMEA UTC (Time) = Jul 17 2018  03:48:10
* NMEA baud rate = 4800
** Ship: RV Seawolf
** Station: NY1807C12
** Operator: jdw
# nquan = 35
# nvalues = 132                         
# units = specified
# name 0 = depSM: Depth [salt water, m]
# name 1 = t090C: Temperature [ITS-90, deg C]
# name 2 = sal00: Salinity, Practical [PSU]
# name 3 = density00: Density [density, kg/m^3]
# name 4 = sbeox0V: Oxygen raw, SBE 43 [V]
# name 5 = sbeox0ML/L: Oxygen, SBE 43 [ml/l]
# name 6 = sbeox0PS: Oxygen, SBE 43 [% saturation]
# name 7 = sbox0dV/dT: Oxygen, SBE 43 [dov/dt]
# name 8 = oxsolML/L: Oxygen Saturation, Garcia & Gordon [ml/l]
# name 9 = oxsatML/L: Oxygen Saturation, Weiss [ml/l]
# name 10 = ph: pH
# name 11 = flECO-AFL: Fluorescence, WET Labs ECO-AFL/FL [mg/m^3]
# name 12 = n2satML/L: Nitrogen Saturation [ml/l]
# name 13 = c0S/m: Conductivity [S/m]
# name 14 = cpar: CPAR/Corrected Irradiance [%]
# name 15 = sigma-é00: Density [sigma-theta, kg/m^3]
# name 16 = sigma-t00: Density [sigma-t, kg/m^3 ]
# name 17 = par: PAR/Irradiance, Biospherical/Licor
# name 18 = prDM: Pressure, Digiquartz [db]
# name 19 = pumps: Pump Status
# name 20 = scan: Scan Count
# name 21 = svCM: Sound Velocity [Chen-Millero, m/s]
# name 22 = spar: SPAR, Biospherical/Licor
# name 23 = specc: Specific Conductance [uS/cm]
# name 24 = timeS: Time, Elapsed [seconds]
# name 25 = timeY: Time, System [seconds]
# name 26 = accM: Acceleration [m/s^2]
# name 27 = dz/dtM: Descent Rate [m/s]
# name 28 = latitude: Latitude [deg]
# name 29 = longitude: Longitude [deg]
# name 30 = gsw_saA0: Absolute Salinity [g/kg]
# name 31 = gsw_densityA0: density, TEOS-10 [density, kg/m^3]
# name 32 = gsw_sigma0A0: density, TEOS-10 [sigma-0, kg/m^3 ]
# name 33 = gsw_ptA0: potential temperature [ITS-90, deg C]
# name 34 = flag: flag
# span 0 =      0.973,     66.481       
# span 1 =     7.7260,    22.9981       
# span 2 =    32.9415,    33.4656       
# span 3 =  1022.3970,  1026.0958       
# span 4 =     3.0643,     4.2810       
# span 5 =     5.2547,     7.0407       
# span 6 =     81.526,    125.646       
# span 7 =   -0.08656,    0.09974       
# span 8 =    4.96285,    6.72564       
# span 9 =    4.95124,    6.73311       
# span 10 =      8.582,      8.868      
# span 11 =     0.0786,     1.5430      
# span 12 =    9.17769,   12.10061      
# span 13 =   3.416685,   4.834521      
# span 14 = -2.718e-01, 6.5844e+00      
# span 15 =    22.3866,    25.7939      
# span 16 =    22.3863,    25.7934      
# span 17 = -1.073e-02, 2.5997e-01      
# span 18 =      1.000,     67.000      
# span 19 =          1,          1      
# span 20 =        278,      11032      
# span 21 =    1479.80,    1527.28      
# span 22 = 3.9108e+00, 4.4555e+00      
# span 23 =  50330.098,  52231.098      
# span 24 =     11.552,    459.615      
# span 25 = 1531799720, 1531800168      
# span 26 =      -0.68,       0.71      
# span 27 =     -0.896,      0.810      
# span 28 =   39.73381,   39.73500      
# span 29 =  -72.74181,  -72.73809      
# span 30 =    33.1194,    33.5941      
# span 31 =  1022.4067,  1026.0985      
# span 32 =    22.3982,    25.7942      
# span 33 =     7.7212,    22.9977      
# span 34 = 0.0000e+00, 0.0000e+00      
# interval = decibars: 1                
# start_time = Jul 17 2018 03:55:08 [System UTC, first data scan.]
# bad_flag = -9.990e-29
*END*
[from data line 125]
      7.936    22.7963    32.9457  1022.4691     3.8301     5.3397    107.545   -0.00806    4.96504    4.95343      8.801     0.1114    9.18145   4.816809 2.5041e-11    22.4348    22.4344 1.0000e-12      8.000          1      10724    1526.81 3.9495e+00  50334.019    446.782 1531800155      -0.32     -0.613   39.73496  -72.73820    33.1380  1022.5010    22.4667    22.7947 0.0000e+00
      6.948    22.9569    32.9478  1022.4207     3.8103     5.2991    106.746   -0.01007    4.96421    4.95259      8.801     0.1026    9.18003   4.831944 2.5043e-11    22.3907    22.3903 1.0000e-12      7.000          1      10772    1527.21 3.9495e+00  50332.015    448.787 1531800157       0.22     -0.508   39.73497  -72.73819    33.1336  1022.4476    22.4175    22.9555 0.0000e+00
      5.951    22.9694    32.9529  1022.4166     3.8047     5.3054    106.878   -0.00252    4.96402    4.95241      8.801     0.0988    9.17970   4.832734 2.5315e-11    22.3909    22.3906 1.0000e-12      6.000          1      10814    1527.23 3.9495e+00  50338.154    450.547 1531800159      -0.41     -0.560   39.73498  -72.73816    33.1306  1022.4374    22.4117    22.9682 0.0000e+00
      4.962    22.9886    32.9545  1022.4081     3.7992     5.2927    106.638   -0.00343    4.96323    4.95161      8.801     0.1095    9.17836   4.834193 2.5162e-11    22.3866    22.3863 1.0000e-12      5.000          1      10857    1527.27 3.9495e+00  50339.387    452.331 1531800161       0.19     -0.595   39.73498  -72.73815    33.1276  1022.4253    22.4039    22.9876 0.0000e+00
      3.965    22.9882    32.9569  1022.4056     3.7983     5.2971    106.723   -0.00064    4.96339    4.95177 -9.990e-29     0.1090    9.17860   4.833913 2.5248e-11    22.3885    22.3883 1.0000e-12      4.000          1      10905    1527.25 3.9495e+00  50342.208    454.335 1531800163      -0.04     -0.518   39.73498  -72.73813    33.1261  1022.4199    22.4028    22.9874 0.0000e+00
      2.977    22.9903    32.9604  1022.4033     3.8019     5.3107    107.007    0.00291    4.96293    4.95131 -9.990e-29     0.1111    9.17782   4.833869 4.4818e-01    22.3905    22.3903 1.7701e-02      3.000          1      10982    1527.25 3.9495e+00  50346.502    457.536 1531800166      -0.21     -0.265   39.73500  -72.73811    33.1244  1022.4137    22.4009    22.9897 0.0000e+00
      1.942    22.9981    32.9609  1022.3970     3.7914     5.2547    105.882   -0.01394    4.96285    4.95124 -9.990e-29     0.1086    9.17769   4.834521 -2.718e-01    22.3885    22.3885 -1.073e-02      2.000          1      11032    1527.25 3.9495e+00  50346.328    459.615 1531800168       0.22     -0.796   39.73500  -72.73809    33.1239  1022.4067    22.3982    22.9977 0.0000e+00
