CalculateIndicators/WaterTemperature/Data/CTD_NYOS/NY1807C23.cnv
* Sea-Bird SBE 9 Data File:
* FileName = C:\Seabird 9 CTD\Data\2018\OffshoreCruise201807\NY1807C23.hex
* Software Version Seasave V 7.23.2
* Temperature SN = 4590
* Conductivity SN = 3228
* Number of Bytes Per Scan = 44
* Number of Voltage Words = 5
* Number of Scans Averaged by the Deck Unit = 1
* NMEA Latitude = 39 29.69 N
* NMEA Longitude = 072 18.71 W
* NMEA UTC (Time) = Jul 19 2018  10:43:08
* NMEA baud rate = 4800
** Ship: RV Seawolf
** Station: NY1807C23
** Operator: jdw
** we're going deep!
# nquan = 35
# nvalues = 1110                        
# units = specified
# name 0 = depSM: Depth [salt water, m]
# name 1 = t090C: Temperature [ITS-90, deg C]
# name 2 = sal00: Salinity, Practical [PSU]
# name 3 = density00: Density [density, kg/m^3]
# name 4 = sbeox0V: Oxygen raw, SBE 43 [V]
# name 5 = sbeox0ML/L: Oxygen, SBE 43 [ml/l]
# name 6 = sbeox0PS: Oxygen, SBE 43 [% saturation]
# name 7 = sbox0dV/dT: Oxygen, SBE 43 [dov/dt]
# name 8 = oxsolML/L: Oxygen Saturation, Garcia & Gordon [ml/l]
# name 9 = oxsatML/L: Oxygen Saturation, Weiss [ml/l]
# name 10 = ph: pH
# name 11 = flECO-AFL: Fluorescence, WET Labs ECO-AFL/FL [mg/m^3]
# name 12 = n2satML/L: Nitrogen Saturation [ml/l]
# name 13 = c0S/m: Conductivity [S/m]
# name 14 = cpar: CPAR/Corrected Irradiance [%]
# name 15 = sigma-é00: Density [sigma-theta, kg/m^3]
# name 16 = sigma-t00: Density [sigma-t, kg/m^3 ]
# name 17 = par: PAR/Irradiance, Biospherical/Licor
# name 18 = prDM: Pressure, Digiquartz [db]
# name 19 = pumps: Pump Status
# name 20 = scan: Scan Count
# name 21 = svCM: Sound Velocity [Chen-Millero, m/s]
# name 22 = spar: SPAR, Biospherical/Licor
# name 23 = specc: Specific Conductance [uS/cm]
# name 24 = timeS: Time, Elapsed [seconds]
# name 25 = timeY: Time, System [seconds]
# name 26 = accM: Acceleration [m/s^2]
# name 27 = dz/dtM: Descent Rate [m/s]
# name 28 = latitude: Latitude [deg]
# name 29 = longitude: Longitude [deg]
# name 30 = gsw_saA0: Absolute Salinity [g/kg]
# name 31 = gsw_densityA0: density, TEOS-10 [density, kg/m^3]
# name 32 = gsw_sigma0A0: density, TEOS-10 [sigma-0, kg/m^3 ]
# name 33 = gsw_ptA0: potential temperature [ITS-90, deg C]
# name 34 = flag: flag
# span 0 =      0.976,    551.031       
# span 1 =     5.7379,    22.2778       
# span 2 =    32.9663,    35.5238       
# span 3 =  1022.6124,  1030.1715       
# span 4 =     2.1678,     4.1330       
# span 5 =     3.2082,     6.9089       
# span 6 =     51.384,    119.258       
# span 7 =   -0.05668,    0.05419       
# span 8 =    5.02470,    6.94922       
# span 9 =    5.01338,    6.96288       
# span 10 =      8.533,      8.935      
# span 11 =    -0.0868,     1.3073      
# span 12 =    9.28036,   12.44501      
# span 13 =   3.441565,   4.765588      
# span 14 = 6.6782e-14, 3.4974e+01      
# span 15 =    22.6038,    27.6303      
# span 16 =    22.6037,    27.6244      
# span 17 = 1.0000e-12, 5.1345e+02      
# span 18 =      1.000,    556.000      
# span 19 =          1,          1      
# span 20 =        565,      49893      
# span 21 =    1482.74,    1525.40      
# span 22 = 8.7802e+02, 1.4970e+03      
# span 23 =  50379.843,  55981.034      
# span 24 =     23.486,   2078.844      
# span 25 = 1531997072, 1531999127      
# span 26 =      -0.71,       0.54      
# span 27 =     -1.251,      1.131      
# span 28 =   39.49066,   39.49477      
# span 29 =  -72.31222,  -72.31198      
# span 30 =    33.1364,    35.6914      
# span 31 =  1022.6200,  1030.1746      
# span 32 =    22.6114,    27.6330      
# span 33 =     5.6905,    22.2774      
# span 34 = 0.0000e+00, 0.0000e+00      
# interval = decibars: 1                
# start_time = Jul 19 2018 10:44:08 [System UTC, first data scan.]
# bad_flag = -9.990e-29
*END*
[from data line 374]
    372.794     8.6366    35.2075  1029.0430     2.2808     3.6714     56.512    0.00002    6.49660    6.50296 -9.990e-29    -0.0509   11.69625   3.717076 8.2099e-14    27.3451    27.3387 1.0000e-12    376.000          1      14209    1491.30 1.2180e+03  55252.104    591.989 1531997640       0.29      0.547   39.49354  -72.31220    35.3749  1029.0460    27.3481     8.5961 0.0000e+00
    373.794     8.6442    35.2075  1029.0463     2.2802     3.6657     56.428   -0.00067    6.49629    6.50265      8.571    -0.0551   11.69575   3.717898 8.2093e-14    27.3439    27.3376 1.0000e-12    377.000          1      14240    1491.35 1.2181e+03  55250.947    593.271 1531997642      -0.01      0.779   39.49354  -72.31220    35.3756  1029.0497    27.3475     8.6036 0.0000e+00
    374.772     8.6459    35.2077  1029.0506     2.2805     3.6737     56.541    0.00031    6.49744    6.50382      8.571    -0.0566   11.69765   3.718143 8.3097e-14    27.3438    27.3374 1.0000e-12    378.000          1      14287    1491.37 1.2034e+03  55251.388    595.250 1531997644      -0.10      0.460   39.49354  -72.31220    35.3760  1029.0543    27.3476     8.6052 0.0000e+00
    375.772     8.6460    35.2071  1029.0547     2.2794     3.6667     56.408   -0.00073    6.50037    6.50680      8.571    -0.0554   11.70251   3.718116 8.3765e-14    27.3434    27.3370 1.0000e-12    379.000          1      14320    1491.38 1.1938e+03  55251.276    596.632 1531997645       0.18      0.679   39.49353  -72.31220    35.3751  1029.0581    27.3469     8.6052 0.0000e+00
    376.759     8.6386    35.2069  1029.0603     2.2797     3.6835     56.515    0.00008    6.51770    6.52438      8.572    -0.0484   11.73121   3.717375 8.3177e-14    27.3444    27.3380 1.0000e-12    380.000          1      14358    1491.38 1.2023e+03  55253.409    598.221 1531997647      -0.13      0.657   39.49352  -72.31222    35.3742  1029.0631    27.3473     8.5977 0.0000e+00
    377.747     8.6179    35.2052  1029.0668     2.2799     3.6920     56.539    0.00010    6.53008    6.53695      8.570    -0.0464   11.75167   3.715216 8.1926e-14    27.3463    27.3399 1.0000e-12    381.000          1      14394    1491.31 1.2206e+03  55256.799    599.728 1531997648       0.14      0.628   39.49352  -72.31222    35.3715  1029.0689    27.3484     8.5769 0.0000e+00
    378.742     8.5305    35.1980  1029.0801     2.2828     3.7104     56.793    0.00152    6.53324    6.54017      8.569    -0.0597   11.75692   3.705366 8.1911e-14    27.3543    27.3479 1.0000e-12    382.000          1      14424    1490.99 1.2208e+03  55268.843    600.955 1531997649       0.07      0.793   39.49352  -72.31222    35.3536  1029.0739    27.3481     8.4897 0.0000e+00
    379.735     8.4261    35.1960  1029.1002     2.2869     3.7316     57.099    0.00299    6.53536    6.54232 -9.990e-29    -0.0456   11.76043   3.696008 8.2024e-14    27.3689    27.3626 1.0000e-12    383.000          1      14459    1490.62 1.2192e+03  55292.754    602.402 1531997651      -0.12      0.731   39.49352  -72.31221    35.3578  1029.0987    27.3675     8.3855 0.0000e+00
    380.718     8.3859    35.1927  1029.1086     2.2912     3.7369     57.138    0.00165    6.54020    6.54723 -9.990e-29    -0.0456   11.76845   3.692086 8.3774e-14    27.3725    27.3663 1.0000e-12    384.000          1      14518    1490.48 1.1939e+03  55298.727    604.866 1531997653      -0.10      0.357   39.49352  -72.31222    35.3558  1029.1082    27.3722     8.3453 0.0000e+00
    381.706     8.3696    35.1914  1029.1148     2.2948     3.7528     57.346    0.00225    6.54417    6.55126 -9.990e-29    -0.0500   11.77502   3.690561 8.4398e-14    27.3741    27.3678 1.0000e-12    385.000          1      14560    1490.43 1.1849e+03  55301.829    606.632 1531997655       0.45      0.529   39.49352  -72.31222    35.3553  1029.1150    27.3743     8.3289 0.0000e+00
    382.706     8.3592    35.1904  1029.1203     2.2948     3.7434     57.211    0.00093    6.54321    6.55029 -9.990e-29    -0.0474   11.77345   3.689457 8.2429e-14    27.3749    27.3686 1.0000e-12    386.000          1      14583    1490.41 1.2133e+03  55303.673    607.587 1531997656       0.25      0.932   39.49352  -72.31222    35.3534  1029.1198    27.3745     8.3185 0.0000e+00
    383.692     8.3296    35.1887  1029.1282     2.2946     3.7340     57.065   -0.00044    6.54348    6.55056 -9.990e-29    -0.0411   11.77390   3.686574 8.0782e-14    27.3781    27.3719 1.0000e-12    387.000          1      14608    1490.32 1.2379e+03  55309.478    608.632 1531997657      -0.05      0.975   39.49352  -72.31222    35.3519  1029.1279    27.3778     8.2888 0.0000e+00
    384.687     8.3264    35.1881  1029.1329     2.2966     3.7493     57.248    0.00048    6.54926    6.55642      8.568    -0.0564   11.78346   3.686468 8.1879e-14    27.3782    27.3719 1.0000e-12    388.000          1      14658    1490.32 1.2215e+03  55310.107    610.709 1531997659      -0.12      0.472   39.49350  -72.31222    35.3534  1029.1341    27.3795     8.2855 0.0000e+00
    385.669     8.3085    35.1862  1029.1388     2.2974     3.7565     57.266    0.00017    6.55982    6.56715      8.569    -0.0539   11.80093   3.684492 8.4364e-14    27.3795    27.3732 1.0000e-12    389.000          1      14714    1490.27 1.1853e+03  55312.647    613.054 1531997662       0.36      0.449   39.49350  -72.31222    35.3498  1029.1387    27.3794     8.2675 0.0000e+00
    386.664     8.2836    35.1855  1029.1468     2.2978     3.7576     57.292    0.00024    6.55874    6.56606      8.569    -0.0610   11.79915   3.682251 8.4253e-14    27.3827    27.3765 1.0000e-12    390.000          1      14741    1490.19 1.1869e+03  55318.600    614.155 1531997663       0.21      0.799   39.49350  -72.31222    35.3503  1029.1476    27.3836     8.2426 0.0000e+00
    387.657     8.2362    35.1820  1029.1562     2.2993     3.7668     57.431    0.00100    6.55882    6.56614 -9.990e-29    -0.0539   11.79929   3.677233 8.3073e-14    27.3872    27.3810 1.0000e-12    391.000          1      14766    1490.02 1.2038e+03  55326.540    615.210 1531997664       0.05      0.934   39.49350  -72.31222    35.3436  1029.1546    27.3856     8.1953 0.0000e+00
    388.648     8.2187    35.1819  1029.1635     2.3008     3.7743     57.529    0.00139    6.56068    6.56802 -9.990e-29    -0.0597   11.80238   3.675928 8.1260e-14    27.3898    27.3836 1.0000e-12    392.000          1      14794    1489.97 1.2307e+03  55331.573    616.392 1531997665      -0.10      0.893   39.49350  -72.31222    35.3468  1029.1644    27.3908     8.1776 0.0000e+00
    389.641     8.2266    35.1817  1029.1666     2.3016     3.7720     57.493    0.00074    6.56072    6.56806      8.568    -0.0505   11.80244   3.676778 8.0010e-14    27.3885    27.3822 1.0000e-12    393.000          1      14828    1490.02 1.2499e+03  55329.815    617.788 1531997666      -0.09      0.750   39.49350  -72.31222    35.3474  1029.1681    27.3901     8.1855 0.0000e+00
    390.623     8.2094    35.1796  1029.1722     2.3022     3.7791     57.472    0.00008    6.57565    6.58322      8.567    -0.0446   11.82717   3.675040 8.3674e-14    27.3895    27.3832 1.0000e-12    394.000          1      14895    1489.97 1.1954e+03  55332.005    620.582 1531997669      -0.11      0.271   39.49350  -72.31222    35.3456  1029.1740    27.3913     8.1682 0.0000e+00
    391.614     8.1935    35.1777  1029.1778     2.3003     3.7743     57.296   -0.00115    6.58741    6.59516      8.565    -0.0213   11.84662   3.673156 8.5536e-14    27.3905    27.3842 1.0000e-12    395.000          1      14938    1489.92 1.1691e+03  55334.002    622.359 1531997671       0.51      0.579   39.49348  -72.31222    35.3409  1029.1774    27.3901     8.1523 0.0000e+00
    392.611     8.1137    35.1724  1029.1910     2.2987     3.7675     57.213   -0.00140    6.58512    6.59284 -9.990e-29 -9.990e-29   11.84284   3.664732 8.4064e-14    27.3984    27.3921 1.0000e-12    396.000          1      14961    1489.63 1.1897e+03  55347.917    623.334 1531997672       0.20      0.958   39.49348  -72.31222    35.3301  1029.1863    27.3937     8.0726 0.0000e+00
    393.596     8.0529    35.1710  1029.2041     2.2990     3.7720     57.280   -0.00089    6.58531    6.59304 -9.990e-29 -9.990e-29   11.84316   3.659304 8.1376e-14    27.4064    27.4002 1.0000e-12    397.000          1      14986    1489.42 1.2290e+03  55362.303    624.379 1531997673      -0.05      0.978   39.49348  -72.31222    35.3324  1029.2023    27.4046     8.0119 0.0000e+00
    394.595     8.0437    35.1704  1029.2097     2.3014     3.7956     57.602    0.00132    6.58935    6.59714      8.565    -0.0392   11.84986   3.658722 7.8991e-14    27.4073    27.4011 1.0000e-12    398.000          1      15017    1489.40 1.2662e+03  55364.537    625.683 1531997674      -0.23      0.856   39.49348  -72.31222    35.3349  1029.2102    27.4080     8.0026 0.0000e+00
    395.577     8.0381    35.1689  1029.2139     2.3037     3.8041     57.649    0.00080    6.59866    6.60659      8.565    -0.0493   11.86524   3.658049 8.2036e-14    27.4071    27.4009 1.0000e-12    399.000          1      15073    1489.39 1.2193e+03  55364.639    628.021 1531997676       0.02      0.366   39.49348  -72.31222    35.3329  1029.2141    27.4073     7.9969 0.0000e+00
    396.566     7.9843    35.1658  1029.2246     2.3077     3.8269     57.960    0.00225    6.60266    6.61065      8.566    -0.0538   11.87187   3.652541 8.5540e-14    27.4127    27.4065 1.0000e-12    400.000          1      15117    1489.20 1.1690e+03  55374.980    629.849 1531997678       0.10      0.537   39.49348  -72.31222    35.3271  1029.2227    27.4108     7.9432 0.0000e+00
    397.558     7.9586    35.1652  1029.2327     2.3098     3.8330     58.029    0.00209    6.60531    6.61334      8.566    -0.0598   11.87626   3.650375 8.5114e-14    27.4161    27.4099 1.0000e-12    401.000          1      15147    1489.12 1.1749e+03  55381.645    631.088 1531997680       0.19      0.735   39.49348  -72.31222    35.3293  1029.2329    27.4164     7.9174 0.0000e+00
    398.553     7.9444    35.1639  1029.2385     2.3114     3.8316     58.002    0.00122    6.60605    6.61410      8.566    -0.0691   11.87749   3.648882 8.2396e-14    27.4172    27.4110 1.0000e-12    402.000          1      15173    1489.08 1.2138e+03  55384.137    632.166 1531997681       0.09      0.897   39.49348  -72.31222    35.3270  1029.2380    27.4167     7.9031 0.0000e+00
    399.545     7.9254    35.1628  1029.2451     2.3139     3.8437     58.189    0.00205    6.60552    6.61356      8.566    -0.0764   11.87662   3.647126 7.9047e-14    27.4192    27.4130 1.0000e-12    403.000          1      15202    1489.03 1.2652e+03  55388.305    633.378 1531997682      -0.10      0.879   39.49348  -72.31222    35.3267  1029.2452    27.4193     7.8841 0.0000e+00
    400.532     7.9106    35.1618  1029.2512     2.3152     3.8407     58.137    0.00103    6.60633    6.61437      8.566    -0.0532   11.87795   3.645815 7.9546e-14    27.4206    27.4144 1.0000e-12    404.000          1      15240    1488.99 1.2573e+03  55391.541    634.978 1531997683      -0.12      0.643   39.49346  -72.31222    35.3269  1029.2523    27.4217     7.8693 0.0000e+00
    401.522     7.9142    35.1613  1029.2548     2.3154     3.8352     58.049    0.00003    6.60680    6.61485      8.566    -0.0673   11.87874   3.646252 8.2238e-14    27.4197    27.4135 1.0000e-12    405.000          1      15281    1489.02 1.2161e+03  55390.540    636.658 1531997685       0.03      0.592   39.49346  -72.31222    35.3275  1029.2567    27.4217     7.8728 0.0000e+00
    402.509     7.9076    35.1606  1029.2598     2.3170     3.8464     58.214    0.00093    6.60728    6.61535      8.566    -0.0489   11.87955   3.645627 8.4657e-14    27.4202    27.4140 1.0000e-12    406.000          1      15324    1489.01 1.1813e+03  55391.998    638.464 1531997687      -0.08      0.557   39.49346  -72.31222    35.3270  1029.2619    27.4222     7.8661 0.0000e+00
    403.499     7.9049    35.1601  1029.2644     2.3175     3.8461     58.204    0.00059    6.60804    6.61611 -9.990e-29    -0.0613   11.88080   3.645370 8.4174e-14    27.4202    27.4139 1.0000e-12    407.000          1      15358    1489.01 1.1881e+03  55392.630    639.895 1531997688       0.29      0.624   39.49346  -72.31222    35.3264  1029.2663    27.4222     7.8633 0.0000e+00
    404.498     7.9033    35.1599  1029.2690     2.3167     3.8373     58.065   -0.00051    6.60865    6.61673 -9.990e-29    -0.0498   11.88181   3.645334 8.1700e-14    27.4203    27.4141 1.0000e-12    408.000          1      15384    1489.02 1.2241e+03  55393.526    640.952 1531997689       0.13      0.898   39.49346  -72.31222    35.3271  1029.2717    27.4230     7.8616 0.0000e+00
    405.486     7.9002    35.1594  1029.2737     2.3169     3.8422     58.123   -0.00006    6.61049    6.61860      8.565    -0.0445   11.88485   3.645014 7.9587e-14    27.4204    27.4141 1.0000e-12    409.000          1      15415    1489.03 1.2566e+03  55394.328    642.266 1531997691      -0.17      0.830   39.49346  -72.31222    35.3264  1029.2762    27.4229     7.8583 0.0000e+00
    406.475     7.8897    35.1588  1029.2794     2.3167     3.8484     58.130   -0.00008    6.62031    6.62857      8.564    -0.0537   11.90112   3.644018 8.0826e-14    27.4215    27.4152 1.0000e-12    410.000          1      15463    1489.00 1.2378e+03  55396.924    644.256 1531997693      -0.13      0.514   39.49346  -72.31222    35.3257  1029.2818    27.4240     7.8478 0.0000e+00
    407.455     7.8637    35.1563  1029.2860     2.3136     3.8451     57.882   -0.00156    6.64310    6.65172      8.562    -0.0333   11.93882   3.641136 8.5080e-14    27.4234    27.4171 1.0000e-12    411.000          1      15513    1488.92 1.1751e+03  55400.904    646.338 1531997695       0.23      0.425   39.49346  -72.31222    35.3203  1029.2862    27.4236     7.8218 0.0000e+00
    408.457     7.8168    35.1524  1029.2949     2.3115     3.8384     57.718   -0.00249    6.65028    6.65902      8.563    -0.0551   11.95068   3.636206 8.3992e-14    27.4273    27.4210 1.0000e-12    412.000          1      15538    1488.75 1.1906e+03  55408.702    647.374 1531997696       0.29      0.814   39.49346  -72.31222    35.3138  1029.2930    27.4254     7.7749 0.0000e+00
    409.448     7.7269    35.1496  1029.3113     2.3153     3.8773     58.276    0.00140    6.65330    6.66208      8.563    -0.0617   11.95568   3.627247 8.2290e-14    27.4383    27.4322 1.0000e-12    413.000          1      15568    1488.42 1.2153e+03  55429.635    648.644 1531997697      -0.15      0.856   39.49346  -72.31222    35.3070  1029.3064    27.4334     7.6851 0.0000e+00
    410.434     7.6230    35.1452  1029.3287     2.3216     3.9142     58.817    0.00431    6.65481    6.66362      8.563    -0.0532   11.95820   3.617438 8.0362e-14    27.4501    27.4441 1.0000e-12    414.000          1      15604    1488.04 1.2444e+03  55452.415    650.145 1531997699       0.00      0.646   39.49346  -72.31222    35.3051  1029.3255    27.4470     7.5815 0.0000e+00
    411.432     7.6008    35.1436  1029.3354     2.3265     3.9241     58.932    0.00360    6.65864    6.66751      8.563    -0.0567   11.96454   3.615428 7.9637e-14    27.4521    27.4460 1.0000e-12    415.000          1      15639    1487.97 1.2558e+03  55456.787    651.596 1531997700      -0.06      0.704   39.49346  -72.31222    35.3051  1029.3335    27.4503     7.5593 0.0000e+00
