CalculateIndicators/WaterTemperature/Data/CTD_NYOS/NY1807C01.cnv
* Sea-Bird SBE 9 Data File:
* FileName = C:\Seabird 9 CTD\Data\2018\OffshoreCruise201807\NY1807C01.hex
* Software Version Seasave V 7.23.2
* Temperature SN = 4590
* Conductivity SN = 3228
* Number of Bytes Per Scan = 44
* Number of Voltage Words = 5
* Number of Scans Averaged by the Deck Unit = 1
* NMEA Latitude = 40 57.52 N
* NMEA Longitude = 071 49.24 W
* NMEA UTC (Time) = Jul 14 2018  23:44:21
* NMEA baud rate = 4800
** Ship: Seawolf
** Station: NY1807C01
** Operator: jn
# nquan = 35
# nvalues = 69                          
# units = specified
# name 0 = depSM: Depth [salt water, m]
# name 1 = t090C: Temperature [ITS-90, deg C]
# name 2 = sal00: Salinity, Practical [PSU]
# name 3 = density00: Density [density, kg/m^3]
# name 4 = sbeox0V: Oxygen raw, SBE 43 [V]
# name 5 = sbeox0ML/L: Oxygen, SBE 43 [ml/l]
# name 6 = sbeox0PS: Oxygen, SBE 43 [% saturation]
# name 7 = sbox0dV/dT: Oxygen, SBE 43 [dov/dt]
# name 8 = oxsolML/L: Oxygen Saturation, Garcia & Gordon [ml/l]
# name 9 = oxsatML/L: Oxygen Saturation, Weiss [ml/l]
# name 10 = ph: pH
# name 11 = flECO-AFL: Fluorescence, WET Labs ECO-AFL/FL [mg/m^3]
# name 12 = n2satML/L: Nitrogen Saturation [ml/l]
# name 13 = c0S/m: Conductivity [S/m]
# name 14 = cpar: CPAR/Corrected Irradiance [%]
# name 15 = sigma-é00: Density [sigma-theta, kg/m^3]
# name 16 = sigma-t00: Density [sigma-t, kg/m^3 ]
# name 17 = par: PAR/Irradiance, Biospherical/Licor
# name 18 = prDM: Pressure, Digiquartz [db]
# name 19 = pumps: Pump Status
# name 20 = scan: Scan Count
# name 21 = svCM: Sound Velocity [Chen-Millero, m/s]
# name 22 = spar: SPAR, Biospherical/Licor
# name 23 = specc: Specific Conductance [uS/cm]
# name 24 = timeS: Time, Elapsed [seconds]
# name 25 = timeY: Time, System [seconds]
# name 26 = accM: Acceleration [m/s^2]
# name 27 = dz/dtM: Descent Rate [m/s]
# name 28 = latitude: Latitude [deg]
# name 29 = longitude: Longitude [deg]
# name 30 = gsw_saA0: Absolute Salinity [g/kg]
# name 31 = gsw_densityA0: density, TEOS-10 [density, kg/m^3]
# name 32 = gsw_sigma0A0: density, TEOS-10 [sigma-0, kg/m^3 ]
# name 33 = gsw_ptA0: potential temperature [ITS-90, deg C]
# name 34 = flag: flag
# span 0 =      0.968,     34.732       
# span 1 =    10.8194,    19.8045       
# span 2 =    31.0919,    32.2323       
# span 3 =  1022.0770,  1024.8087       
# span 4 =     3.2933,     3.8857       
# span 5 =     5.6462,     5.9311       
# span 6 =     89.425,    109.786       
# span 7 =   -0.01392,    0.02637       
# span 8 =    5.30803,    6.31455       
# span 9 =    5.29806,    6.31550       
# span 10 =      8.579,      8.719      
# span 11 =     0.5305,     1.4606      
# span 12 =    9.76702,   11.43033      
# span 13 =   3.610832,   4.344154      
# span 14 = 1.3001e-12, 3.5110e+01      
# span 15 =    22.0726,    24.6533      
# span 16 =    22.0726,    24.6526      
# span 17 = 1.0000e-12, 2.5053e+01      
# span 18 =      1.000,     35.000      
# span 19 =          1,          1      
# span 20 =       1232,      13711      
# span 21 =    1489.95,    1517.12      
# span 22 = 5.6065e+01, 7.9036e+01      
# span 23 =  47950.892,  50403.477      
# span 24 =     51.287,    571.267      
# span 25 = 1531611915, 1531612435      
# span 26 =      -0.39,       0.58      
# span 27 =     -0.676,      0.384      
# span 28 =   40.95882,   40.95938      
# span 29 =  -71.82237,  -71.82096      
# span 30 =    31.2382,    32.3825      
# span 31 =  1022.0821,  1024.8121      
# span 32 =    22.0778,    24.6551      
# span 33 =    10.8154,    19.8034      
# span 34 = 0.0000e+00, 0.0000e+00      
# interval = decibars: 1                
# start_time = Jul 14 2018 23:44:23 [System UTC, first data scan.]
# bad_flag = -9.990e-29
*END*
      0.968    19.5640    31.3560  1022.1007     3.8737     5.8096    108.925   -0.00721    5.33364    5.32380 -9.990e-29     0.9111    9.81107   4.302988 3.1716e+01    22.0964    22.0964 2.5053e+01      1.000          1       1232    1516.19 7.8989e+01  48278.146     51.287 1531611915       0.11     -0.676   40.95882  -71.82096    31.5015  1022.1041    22.0998    19.5639 0.0000e+00
      1.988    19.5522    31.3540  1022.1067     3.8761     5.8193    109.103   -0.00566    5.33374    5.32391      8.708     0.9231    9.81120   4.302368 1.7018e+01    22.0979    22.0979 1.3443e+01      2.000          1       1302    1516.18 7.8989e+01  48276.509     54.216 1531611917       0.58      0.131   40.95882  -71.82096    31.5049  1022.1142    22.1055    19.5519 0.0000e+00
      2.982    19.5300    31.3440  1022.1091     3.8787     5.8508    109.585    0.00140    5.33909    5.32929      8.709     0.9419    9.82029   4.298778 1.5987e+01    22.0960    22.0959 1.2628e+01      3.000          1       1398    1516.12 7.8989e+01  48263.766     58.206 1531611921       0.35      0.260   40.95882  -71.82096    31.4920  1022.1144    22.1014    19.5295 0.0000e+00
      3.967    19.4742    31.3234  1022.1119     3.8819     5.8410    109.705    0.00128    5.32428    5.31439      8.708     0.9838    9.79502   4.290618 1.1577e+01    22.0945    22.0943 9.1449e+00      4.000          1       1475    1515.95 7.8989e+01  48239.263     61.418 1531611925      -0.04      0.384   40.95882  -71.82098    31.4669  1022.1139    22.0965    19.4735 0.0000e+00
      4.964    19.6414    31.4051  1022.1360     3.8857     5.8275    109.786    0.00003    5.30803    5.29806      8.711     0.9052    9.76702   4.318385 8.2832e+00    22.1143    22.1141 6.5429e+00      5.000          1       1557    1516.53 7.8989e+01  48343.627     64.851 1531611928       0.12      0.278   40.95882  -71.82098    31.5675  1022.1520    22.1303    19.6405 0.0000e+00
      5.950    19.8045    31.5030  1022.1733     3.8786     5.8429    109.327   -0.00411    5.34440    5.33468      8.719     0.9041    9.82790   4.344154 6.3265e+00    22.1472    22.1470 4.9973e+00      6.000          1       1652    1517.12 7.8989e+01  48470.982     68.806 1531611932       0.03      0.300   40.95882  -71.82100    31.6545  1022.1807    22.1546    19.8034 0.0000e+00
      6.947    19.3633    31.4278  1022.2325     3.8610     5.8557    108.649   -0.00517    5.38963    5.38023      8.713     0.9247    9.90431   4.292143 5.3116e+00    22.2020    22.2017 4.1942e+00      7.000          1       1727    1515.80 7.8962e+01  48390.402     71.917 1531611935      -0.00      0.277   40.95884  -71.82100    31.5616  1022.2268    22.1963    19.3620 0.0000e+00
      7.934    18.8300    31.2927  1022.2677     3.8269     5.8254    107.135   -0.01105    5.43741    5.42846      8.704     1.0353    9.98216   4.225892 3.8040e+00    22.2328    22.2325 2.9650e+00      8.000          1       1836    1514.14 7.7956e+01  48232.960     76.468 1531611940       0.27      0.253   40.95884  -71.82100    31.4190  1022.2569    22.2220    18.8286 0.0000e+00
      8.932    18.4567    31.4613  1022.4927     3.7933     5.7924    105.796   -0.01372    5.47514    5.46656      8.699     1.2650   10.04363   4.212580 3.2768e+00    22.4534    22.4530 2.5898e+00      9.000          1       1901    1513.26 7.9028e+01  48488.567     79.182 1531611942      -0.07      0.339   40.95884  -71.82102    31.5925  1022.4850    22.4457    18.4551 0.0000e+00
      9.921    17.7417    31.6718  1022.8309     3.7276     5.8624    103.619   -0.01069    5.65740    5.65058      8.701     1.4606   10.34484   4.169449 2.6288e+00    22.7872    22.7868 2.0248e+00     10.000          1       2011    1511.41 7.7225e+01  48825.592     83.759 1531611947       0.10      0.206   40.95884  -71.82102    31.7812  1022.8058    22.7621    17.7400 0.0000e+00
     10.914    16.2740    31.7995  1023.2746     3.6881     5.7989    102.037   -0.01392    5.68312    5.67655      8.689     1.2910   10.38769   4.047918 2.0786e+00    23.2261    23.2257 1.6220e+00     11.000          1       2091    1507.13 7.9036e+01  49115.263     87.066 1531611950       0.00      0.271   40.95884  -71.82102    31.8905  1023.2347    23.1863    16.2723 0.0000e+00
     11.907    16.0531    31.7920  1023.3229     3.6441     5.7389    100.749   -0.01012    5.69628    5.68984      8.679     1.0907   10.40959   4.030221 1.6331e+00    23.2701    23.2696 1.2898e+00     12.000          1       2179    1506.45 7.8989e+01  49124.049     90.742 1531611954       0.01      0.293   40.95886  -71.82104    31.9114  1023.3047    23.2519    16.0513 0.0000e+00
     12.900    15.9431    31.7911  1023.3512     3.6248     5.7391    100.424   -0.00467    5.71487    5.70861      8.677     1.0182   10.44051   4.021293 1.3249e+00    23.2939    23.2934 1.0446e+00     13.000          1       2272    1506.13 7.8989e+01  49132.872     94.638 1531611958       0.06      0.240   40.95886  -71.82105    31.9206  1023.3407    23.2834    15.9411 0.0000e+00
     13.891    15.7434    31.7856  1023.3956     3.5869     5.7074     98.517   -0.01360    5.79351    5.78807      8.672     0.8662   10.57105   4.002231 1.0973e+00    23.3339    23.3334 8.6601e-01     14.000          1       2362    1505.51 7.8989e+01  49143.620     98.367 1531611962       0.00      0.311   40.95886  -71.82106    31.9122  1023.3830    23.3212    15.7413 0.0000e+00
     14.883    14.9316    31.8133  1023.5979     3.5432     5.6999     97.335   -0.00837    5.85588    5.85114      8.662     0.7374   10.67383   3.930474 9.1873e-01    23.5315    23.5310 7.1976e-01     15.000          1       2455    1502.99 7.8336e+01  49260.964    102.270 1531611965      -0.00      0.236   40.95888  -71.82106    31.9281  1023.5757    23.5093    14.9293 0.0000e+00
     15.875    14.5128    31.8777  1023.7406     3.5342     5.7306     97.431   -0.00242    5.88172    5.87728      8.660     0.7564   10.71643   3.900822 7.6790e-01    23.6697    23.6692 5.9213e-01     16.000          1       2543    1501.74 7.7018e+01  49394.216    105.909 1531611969      -0.01      0.289   40.95888  -71.82108    32.0020  1023.7255    23.6545    14.5105 0.0000e+00
     16.868    14.2618    31.9034  1023.8173     3.5270     5.7512     97.274   -0.00122    5.91233    5.90823      8.660     0.7525   10.76700   3.881454 6.2727e-01    23.7418    23.7413 4.8741e-01     17.000          1       2634    1500.97 7.7731e+01  49458.037    109.708 1531611973      -0.00      0.251   40.95888  -71.82108    32.0317  1023.8050    23.7295    14.2594 0.0000e+00
     17.859    14.0247    31.9209  1023.8841     3.5216     5.7585     97.043   -0.00203    5.93393    5.93008      8.657     0.7498   10.80280   3.862459 5.1367e-01    23.8041    23.8036 3.9798e-01     18.000          1       2723    1500.24 7.7499e+01  49509.421    113.419 1531611977      -0.01      0.285   40.95888  -71.82110    32.0532  1023.8748    23.7948    14.0222 0.0000e+00
     18.853    13.8656    31.9249  1023.9242     3.5156     5.7598     96.855   -0.00184    5.94686    5.94315      8.657     0.7734   10.82427   3.848897 4.2521e-01    23.8397    23.8392 3.2818e-01     19.000          1       2802    1499.74 7.7255e+01  49533.948    116.710 1531611980       0.10      0.274   40.95889  -71.82110    32.0599  1023.9169    23.8324    13.8629 0.0000e+00
     19.841    13.7315    31.9225  1023.9541     3.5000     5.7404     96.114   -0.00496    5.97243    5.96901      8.651     0.6911   10.86663   3.836912 3.5135e-01    23.8652    23.8646 2.7050e-01     20.000          1       2912    1499.31 -9.990e-29  49546.822    121.297 1531611985       0.08      0.211   40.95890  -71.82110    32.0602  1023.9488    23.8598    13.7288 0.0000e+00
     20.840    13.5861    31.9290  1023.9929     3.4918     5.7356     95.970   -0.00301    5.97643    5.97306      8.651     0.7317   10.87326   3.824674 2.7916e-01    23.8994    23.8989 2.1499e-01     21.000          1       2977    1498.85 7.7015e+01  49573.732    124.020 1531611987       0.17      0.335   40.95890  -71.82111    32.0676  1023.9882    23.8947    13.5832 0.0000e+00
     21.826    13.4869    31.9332  1024.0205     3.4745     5.7321     95.269   -0.00464    6.01681    6.01392      8.645     0.7017   10.93996   3.816253 2.2618e-01    23.9226    23.9220 1.7419e-01     22.000          1       3084    1498.55 7.7015e+01  49592.207    128.469 1531611992       0.04      0.257   40.95891  -71.82112    32.0718  1024.0158    23.9178    13.4839 0.0000e+00
     22.822    13.2458    31.9500  1024.0860     3.4641     5.7185     95.008   -0.00328    6.01902    6.01615      8.644     0.7364   10.94366   3.796640 1.7697e-01    23.9835    23.9829 1.3630e-01     23.000          1       3156    1497.78 7.7015e+01  49646.048    131.467 1531611995       0.03      0.302   40.95892  -71.82112    32.0904  1024.0824    23.9799    13.2427 0.0000e+00
     23.812    13.1224    31.9563  1024.1197     3.4530     5.7234     94.672   -0.00283    6.04549    6.04293      8.641     0.7280   10.98735   3.786355 1.3786e-01    24.0126    24.0120 1.0617e-01     24.000          1       3260    1497.40 7.7015e+01  49670.977    135.793 1531611999       0.03      0.245   40.95892  -71.82114    32.0973  1024.1166    24.0095    13.1192 0.0000e+00
     24.806    12.9516    31.9732  1024.1707     3.4429     5.7191     94.282   -0.00347    6.06593    6.06363      8.639     0.7248   11.02104   3.772796 1.0056e-01    24.0591    24.0585 7.7443e-02     25.000          1       3336    1496.86 7.7015e+01  49717.166    138.962 1531612002      -0.02      0.317   40.95892  -71.82114    32.1134  1024.1668    24.0552    12.9483 0.0000e+00
     25.795    12.5680    32.0179  1024.2837     3.4028     5.7300     92.248   -0.01218    6.21146    6.21103      8.632     0.6356   11.26052   3.741701 5.8731e-02    24.1674    24.1668 4.5013e-02     26.000          1       3448    1495.63 7.7015e+01  49832.022    143.613 1531612007       0.06      0.179   40.95892  -71.82114    32.1435  1024.2682    24.1519    12.5646 0.0000e+00
     26.791    11.6567    32.1431  1024.5554     3.3606     5.6754     90.710   -0.01304    6.25684    6.25702      8.630     0.6428   11.33523   3.672146 2.9457e-02    24.4342    24.4336 2.2671e-02     27.000          1       3519    1492.67 7.7015e+01  50140.585    146.570 1531612010      -0.04      0.318   40.95892  -71.82116    32.2563  1024.5294    24.4081    11.6534 0.0000e+00
     27.780    11.0954    32.2077  1024.7118     3.3261     5.6798     90.272   -0.00350    6.29186    6.29250      8.613     0.5639   11.39289   3.630001 2.1367e-03    24.5858    24.5852 1.6455e-03     28.000          1       3631    1490.80 7.7015e+01  50319.128    151.250 1531612014       0.11      0.202   40.95894  -71.82116    32.3321  1024.6940    24.5679    11.0920 0.0000e+00
     28.774    11.0095    32.2167  1024.7384     3.3188     5.6727     90.088   -0.00276    6.29683    6.29754      8.615     0.5730   11.40110   3.624215 4.2647e-04    24.6078    24.6072 3.2844e-04     29.000          1       3708    1490.53 7.7015e+01  50346.860    154.455 1531612018      -0.06      0.268   40.95894  -71.82116    32.3500  1024.7272    24.5967    11.0060 0.0000e+00
     29.766    10.9423    32.2215  1024.7584     3.3115     5.6683     89.945   -0.00149    6.30192    6.30269      8.615     0.5639   11.40949   3.619511 7.4091e-08    24.6233    24.6227 5.7062e-08     30.000          1       3803    1490.31 7.7015e+01  50365.236    158.432 1531612022       0.09      0.302   40.95894  -71.82116    32.3621  1024.7529    24.6178    10.9388 0.0000e+00
     30.755    10.8952    32.2251  1024.7741     3.3051     5.6624     89.756   -0.00125    6.30870    6.30956      8.612     0.5621   11.42067   3.616151 1.3030e-12    24.6344    24.6338 1.0000e-12     31.000          1       3909    1490.17 7.6385e+01  50378.863    162.816 1531612026       0.01      0.194   40.95894  -71.82118    32.3698  1024.7717    24.6321    10.8915 0.0000e+00
     31.751    10.8683    32.2276  1024.7852     3.3042     5.6649     89.821   -0.00011    6.30683    6.30767      8.610     0.5888   11.41763   3.614384 1.3001e-12    24.6411    24.6404 1.0000e-12     32.000          1       3994    1490.09 -9.990e-29  50387.503    166.380 1531612030      -0.01      0.265   40.95895  -71.82118    32.3755  1024.7854    24.6412    10.8645 0.0000e+00
     32.738    10.8875    32.2218  1024.7818     3.2990     5.6523     89.520   -0.00185    6.31396    6.31490      8.610     0.5667   11.42935   3.615794 1.3170e-12    24.6332    24.6325 1.0000e-12     33.000          1       4131    1490.17 7.5791e+01  50376.562    172.081 1531612035       0.17      0.160   40.95896  -71.82120    32.3722  1024.7839    24.6353    10.8837 0.0000e+00
     33.733    10.8194    32.2323  1024.8064     3.2957     5.6525     89.515   -0.00054    6.31455    6.31550 -9.990e-29     0.5537   11.43033   3.610832 1.3122e-12    24.6533    24.6526 1.0000e-12     34.000          1       4219    1489.96 7.6248e+01  50403.477    175.768 1531612039      -0.04      0.253   40.95896  -71.82120    32.3825  1024.8083    24.6551    10.8154 0.0000e+00
     34.732    10.8234    32.2302  1024.8087     3.2933     5.6462     89.425   -0.00061    6.31384    6.31477      8.603     0.5305   11.42918   3.611214 1.3329e-12    24.6509    24.6502 1.0000e-12     35.000          1       4354    1489.98 7.5021e+01  50400.452    181.368 1531612045      -0.14      0.266   40.95896  -71.82120    32.3824  1024.8121    24.6544    10.8192 0.0000e+00
     33.730    10.8207    32.2293  1024.8039     3.2936     5.6526     89.518    0.00055    6.31442    6.31536      8.590     0.5516   11.43014   3.610891 1.3479e-12    24.6507    24.6500 1.0000e-12     34.000          1       5681    1489.96 7.4211e+01  50399.013    236.687 1531612100      -0.17     -0.219   40.95901  -71.82131    32.3820  1024.8077    24.6545    10.8167 0.0000e+00
     32.741    10.8234    32.2268  1024.7969     3.2946     5.6559     89.580    0.00105    6.31382    6.31475      8.580     0.5872   11.42917   3.610893 1.3671e-12    24.6482    24.6476 1.0000e-12     33.000          1       6886    1489.95 7.3148e+01  50394.420    286.879 1531612150      -0.03     -0.236   40.95906  -71.82142    32.3800  1024.8012    24.6525    10.8195 0.0000e+00
     31.751    10.8346    32.2245  1024.7887     3.2955     5.6501     89.552    0.00048    6.30927    6.31013      8.579     0.5438   11.42172   3.611665 1.3686e-12    24.6445    24.6438 1.0000e-12     32.000          1       7079    1489.97 7.3065e+01  50388.756    294.931 1531612158      -0.03     -0.196   40.95907  -71.82144    32.3782  1024.7933    24.6491    10.8309 0.0000e+00
     30.756    10.8751    32.2176  1024.7717     3.3022     5.6651     89.847    0.00136    6.30526    6.30606      8.579     0.5480   11.41512   3.614607 1.3693e-12    24.6320    24.6314 1.0000e-12     31.000          1       7180    1490.09 7.3065e+01  50371.593    299.129 1531612162      -0.02     -0.247   40.95908  -71.82145    32.3722  1024.7770    24.6374    10.8714 0.0000e+00
     29.766    10.9134    32.2130  1024.7569     3.3074     5.6681     90.005    0.00133    6.29755    6.29825      8.579     0.5536   11.40246   3.617486 1.3869e-12    24.6217    24.6211 1.0000e-12     30.000          1       7323    1490.20 7.2144e+01  50358.156    305.095 1531612168      -0.12     -0.192   40.95908  -71.82148    32.3674  1024.7622    24.6270    10.9099 0.0000e+00
     28.772    10.9721    32.2038  1024.7349     3.3129     5.6747     90.177    0.00116    6.29279    6.29343      8.580     0.5844   11.39463   3.621830 1.4052e-12    24.6043    24.6037 1.0000e-12     29.000          1       7427    1490.38 7.1169e+01  50334.730    309.399 1531612173      -0.01     -0.221   40.95908  -71.82148    32.3592  1024.7410    24.6104    10.9687 0.0000e+00
