CalculateIndicators/WaterTemperature/Data/CTD_NYOS/NY1807C26.cnv
* Sea-Bird SBE 9 Data File:
* FileName = C:\Seabird 9 CTD\Data\2018\OffshoreCruise201807\NY1807C26.hex
* Software Version Seasave V 7.23.2
* Temperature SN = 4590
* Conductivity SN = 3228
* Number of Bytes Per Scan = 44
* Number of Voltage Words = 5
* Number of Scans Averaged by the Deck Unit = 1
* NMEA Latitude = 39 09.46 N
* NMEA Longitude = 072 52.71 W
* NMEA UTC (Time) = Jul 20 2018  07:03:44
* NMEA baud rate = 4800
** Ship: RV Seawolf
** Station: NY1807C26
** Operator: jdw
# nquan = 35
# nvalues = 166                         
# units = specified
# name 0 = depSM: Depth [salt water, m]
# name 1 = t090C: Temperature [ITS-90, deg C]
# name 2 = sal00: Salinity, Practical [PSU]
# name 3 = density00: Density [density, kg/m^3]
# name 4 = sbeox0V: Oxygen raw, SBE 43 [V]
# name 5 = sbeox0ML/L: Oxygen, SBE 43 [ml/l]
# name 6 = sbeox0PS: Oxygen, SBE 43 [% saturation]
# name 7 = sbox0dV/dT: Oxygen, SBE 43 [dov/dt]
# name 8 = oxsolML/L: Oxygen Saturation, Garcia & Gordon [ml/l]
# name 9 = oxsatML/L: Oxygen Saturation, Weiss [ml/l]
# name 10 = ph: pH
# name 11 = flECO-AFL: Fluorescence, WET Labs ECO-AFL/FL [mg/m^3]
# name 12 = n2satML/L: Nitrogen Saturation [ml/l]
# name 13 = c0S/m: Conductivity [S/m]
# name 14 = cpar: CPAR/Corrected Irradiance [%]
# name 15 = sigma-é00: Density [sigma-theta, kg/m^3]
# name 16 = sigma-t00: Density [sigma-t, kg/m^3 ]
# name 17 = par: PAR/Irradiance, Biospherical/Licor
# name 18 = prDM: Pressure, Digiquartz [db]
# name 19 = pumps: Pump Status
# name 20 = scan: Scan Count
# name 21 = svCM: Sound Velocity [Chen-Millero, m/s]
# name 22 = spar: SPAR, Biospherical/Licor
# name 23 = specc: Specific Conductance [uS/cm]
# name 24 = timeS: Time, Elapsed [seconds]
# name 25 = timeY: Time, System [seconds]
# name 26 = accM: Acceleration [m/s^2]
# name 27 = dz/dtM: Descent Rate [m/s]
# name 28 = latitude: Latitude [deg]
# name 29 = longitude: Longitude [deg]
# name 30 = gsw_saA0: Absolute Salinity [g/kg]
# name 31 = gsw_densityA0: density, TEOS-10 [density, kg/m^3]
# name 32 = gsw_sigma0A0: density, TEOS-10 [sigma-0, kg/m^3 ]
# name 33 = gsw_ptA0: potential temperature [ITS-90, deg C]
# name 34 = flag: flag
# span 0 =      0.985,     83.360       
# span 1 =     8.1483,    24.1613       
# span 2 =    33.2532,    34.2725       
# span 3 =  1022.3509,  1026.7046       
# span 4 =     3.1632,     4.3034       
# span 5 =     5.0998,     7.0877       
# span 6 =     85.197,    126.872       
# span 7 =   -0.13698,    0.14556       
# span 8 =    4.86201,    6.64900       
# span 9 =    4.85010,    6.65563       
# span 10 =      8.649,      8.981      
# span 11 =    -0.0463,     1.1337      
# span 12 =    9.00603,   11.97053      
# span 13 =   3.480950,   4.999883      
# span 14 = -5.409e+00, 1.5246e+01      
# span 15 =    22.3467,    26.3266      
# span 16 =    22.3467,    26.3249      
# span 17 = -2.136e-01, 6.0215e-01      
# span 18 =      1.000,     84.000      
# span 19 =          1,          1      
# span 20 =        269,      11669      
# span 21 =    1481.79,    1530.60      
# span 22 = 3.9495e+00, 3.9495e+00      
# span 23 =  50850.196,  53379.656      
# span 24 =     11.156,    486.167      
# span 25 = 1532070299, 1532070774      
# span 26 =      -0.45,       0.42      
# span 27 =     -1.014,      0.973      
# span 28 =   39.15595,   39.15751      
# span 29 =  -72.87927,  -72.87868      
# span 30 =    33.3684,    34.4263      
# span 31 =  1022.3524,  1026.7054      
# span 32 =    22.3481,    26.3318      
# span 33 =     8.1435,    24.1611      
# span 34 = 0.0000e+00, 0.0000e+00      
# interval = decibars: 1                
# start_time = Jul 20 2018 07:04:48 [System UTC, first data scan.]
# bad_flag = -9.990e-29
*END*
[from data line 125]
     40.690     8.3341    33.2879  1026.0672     3.2771     5.9094     89.470    0.00388    6.60488    6.61081      8.657     0.1539   11.89823   3.493161 2.5320e-11    25.8804    25.8798 1.0000e-12     41.000          1       8138    1482.29 3.9495e+00  52391.898    339.045 1532070627      -0.11     -0.551   39.15634  -72.87910    33.4467  1026.0706    25.8839     8.3300 0.0000e+00
     39.690     8.4325    33.2745  1026.0371     3.2822     5.9057     89.602    0.00356    6.59103    6.59674      8.661     0.1866   11.87544   3.501884 2.5320e-11    25.8551    25.8545 1.0000e-12     40.000          1       8168    1482.62 3.9495e+00  52349.385    340.294 1532070628      -0.14     -0.752   39.15634  -72.87910    33.4464  1026.0509    25.8689     8.4285 0.0000e+00
     38.700     8.4704    33.2770  1026.0288     3.2904     5.9276     90.013    0.00514    6.58523    6.59086      8.661     0.2524   11.86584   3.504914 2.5320e-11    25.8513    25.8507 1.0000e-12     39.000          1       8206    1482.75 3.9495e+00  52343.756    341.860 1532070630       0.16     -0.679   39.15634  -72.87910    33.4430  1026.0380    25.8606     8.4664 0.0000e+00
     37.711     8.5596    33.2715  1026.0063     3.3002     5.9416     90.412    0.00599    6.57173    6.57715      8.662     0.2678   11.84368   3.511981 2.5320e-11    25.8334    25.8329 1.0000e-12     38.000          1       8246    1483.06 3.9495e+00  52314.948    343.531 1532070631      -0.12     -0.568   39.15632  -72.87910    33.4337  1026.0127    25.8398     8.5557 0.0000e+00
     36.713     8.6077    33.2698  1025.9930     3.3133     5.9853     91.054    0.00814    6.57337    6.57883      8.667     0.3084   11.84629   3.516578 2.5320e-11    25.8248    25.8242 1.0000e-12     37.000          1       8280    1483.22 3.9495e+00  52300.988    344.971 1532070633       0.02     -0.700   39.15632  -72.87910    33.4372  1026.0035    25.8352     8.6039 0.0000e+00
     35.727     8.7055    33.2582  1025.9643     3.3348     6.0145     92.064    0.01166    6.53298    6.53784      8.671     0.4004   11.77969   3.524057 2.5320e-11    25.8007    25.8001 1.0000e-12     36.000          1       8325    1483.56 3.9495e+00  52262.364    346.836 1532070635       0.06     -0.526   39.15632  -72.87911    33.4242  1025.9737    25.8101     8.7018 0.0000e+00
     34.736     8.6655    33.2699  1025.9751     3.3497     6.0323     92.504    0.01094    6.52112    6.52582      8.681     0.4925   11.75992   3.521729 2.5320e-11    25.8160    25.8155 1.0000e-12     35.000          1       8361    1483.41 3.9495e+00  52286.899    348.319 1532070636      -0.20     -0.626   39.15632  -72.87912    33.4379  1025.9860    25.8269     8.6619 0.0000e+00
     33.735     8.9077    33.2532  1025.9198     3.3577     6.0027     92.453    0.00746    6.49273    6.49702      8.681     0.5514   11.71297   3.543453 2.5320e-11    25.7654    25.7648 1.0000e-12     34.000          1       8387    1484.27 3.9495e+00  52209.822    349.420 1532070637      -0.14     -0.853   39.15630  -72.87910    33.4383  1025.9441    25.7897     8.9042 0.0000e+00
     32.744     9.0601    33.2595  1025.8961     3.3730     6.0416     93.112    0.00906    6.48856    6.49281      8.681     0.5951   11.70592   3.556928 2.5320e-11    25.7464    25.7459 1.0000e-12     33.000          1       8426    1484.82 3.9495e+00  52185.128    351.044 1532070639       0.21     -0.673   39.15630  -72.87911    33.4364  1025.9142    25.7644     9.0566 0.0000e+00
     31.760     9.2221    33.2662  1025.8711     3.3932     6.0752     93.839    0.00954    6.47396    6.47802      8.691     0.6326   11.68157   3.571089 2.5320e-11    25.7260    25.7255 1.0000e-12     32.000          1       8476    1485.41 3.9495e+00  52160.001    353.122 1532070641      -0.13     -0.439   39.15630  -72.87912    33.4326  1025.8809    25.7359     9.2187 0.0000e+00
     30.757     9.3044    33.2882  1025.8704     3.4043     6.0956     94.057    0.00748    6.48072    6.48487      8.692     0.6127   11.69277   3.581777 2.5320e-11    25.7300    25.7294 1.0000e-12     31.000          1       8530    1485.73 3.9495e+00  52172.972    355.371 1532070643      -0.07     -0.517   39.15630  -72.87912    33.4671  1025.8901    25.7496     9.3010 0.0000e+00
     29.772     9.5038    33.3060  1025.8476     3.4673     6.1710     95.925    0.00408    6.43344    6.43695      8.700     0.7141   11.61435   3.599462 2.5320e-11    25.7118    25.7113 1.0000e-12     30.000          1       9126    1486.46 3.9495e+00  52156.563    380.191 1532070668      -0.14     -0.083   39.15622  -72.87914    33.4643  1025.8512    25.7154     9.5005 0.0000e+00
     28.783     9.6723    33.3080  1025.8170     3.5052     6.2700     97.828    0.01150    6.40919    6.41235      8.717     0.8972   11.57433   3.615895 2.5320e-11    25.6858    25.6853 1.0000e-12     29.000          1       9364    1487.06 3.9495e+00  52124.317    390.126 1532070678      -0.20     -0.587   39.15620  -72.87916    33.4772  1025.8291    25.6979     9.6691 0.0000e+00
     27.786     9.7703    33.3132  1025.8003     3.5165     6.2915     98.180    0.01106    6.40813    6.41127      8.720     0.9419   11.57266   3.625141 2.5320e-11    25.6737    25.6732 1.0000e-12     28.000          1       9381    1487.41 3.9495e+00  52111.971    390.813 1532070679      -0.18     -0.826   39.15620  -72.87916    33.4815  1025.8117    25.6852     9.7672 0.0000e+00
     26.788     9.7923    33.3099  1025.7895     3.5290     6.2987     98.546    0.01049    6.39157    6.39446      8.719     0.9688   11.54561   3.626431 2.5320e-11    25.6675    25.6670 1.0000e-12     27.000          1       9409    1487.47 3.9495e+00  52102.270    392.007 1532070680       0.08     -0.883   39.15618  -72.87916    33.4747  1025.7983    25.6762     9.7893 0.0000e+00
     25.802     9.8419    33.2964  1025.7662     3.5619     6.2819    100.068    0.01647    6.27832    6.27969      8.734     1.0458   11.35811   3.629884 2.5320e-11    25.6487    25.6482 1.0000e-12     26.000          1       9453    1487.61 3.9495e+00  52072.814    393.824 1532070682       0.15     -0.560   39.15618  -72.87916    33.4645  1025.7776    25.6600     9.8390 0.0000e+00
     24.810     9.9487    33.2770  1025.7287     3.6586     6.5754    106.260    0.05382    6.18781    6.18797      8.776     0.7855   11.20830   3.638242 2.5320e-11    25.6157    25.6152 1.0000e-12     25.000          1       9495    1487.96 3.9495e+00  52024.121    395.566 1532070683      -0.12     -0.561   39.15618  -72.87916    33.4514  1025.7451    25.6321     9.9459 0.0000e+00
     23.816    11.0340    33.2635  1025.5247     3.7597     6.8628    111.213    0.07288    6.17080    6.17077      8.777     0.7278   11.17981   3.743738 2.5320e-11    25.4169    25.4163 1.0000e-12     24.000          1       9529    1491.78 3.9495e+00  51809.903    396.988 1532070685      -0.04     -0.694   39.15618  -72.87916    33.5185  1025.6041    25.4962    11.0311 0.0000e+00
     22.824    11.4515    33.2739  1025.4538     3.8222     6.8585    111.534    0.04926    6.14921    6.14890      8.776     0.7287   11.14404   3.777001 2.5320e-11    25.3506    25.3501 1.0000e-12     23.000          1       9563    1493.25 3.9495e+00  51752.213    398.428 1532070686       0.02     -0.700   39.15617  -72.87916    33.4695  1025.4873    25.3841    11.4486 0.0000e+00
     21.833    11.5751    33.3058  1025.4514     3.8690     6.6416    111.443    0.02941    5.95985    5.95725      8.801     0.7442   10.82954   3.791973 2.5320e-11    25.3528    25.3523 1.0000e-12     22.000          1       9600    1493.70 3.9495e+00  51776.662    399.956 1532070688       0.03     -0.658   39.15616  -72.87916    33.5055  1025.4880    25.3894    11.5724 0.0000e+00
     20.840    11.7458    33.3063  1025.4157     3.9715     6.7815    117.036    0.06197    5.79461    5.79022      8.827     0.7391   10.55318   3.807155 2.5320e-11    25.3217    25.3212 1.0000e-12     21.000          1       9635    1494.27 3.9495e+00  51747.184    401.398 1532070689      -0.05     -0.681   39.15616  -72.87916    33.5008  1025.4483    25.3543    11.7432 0.0000e+00
     19.846    13.0742    33.3528  1025.1901     4.0616     7.0100    120.928    0.07283    5.79653    5.79223      8.829     0.6937   10.55545   3.947237 2.5320e-11    25.1010    25.1005 1.0000e-12     20.000          1       9669    1498.80 3.9495e+00  51621.624    402.815 1532070691       0.02     -0.713   39.15616  -72.87916    33.6633  1025.3125    25.2234    13.0715 0.0000e+00
     18.855    14.4780    33.5952  1025.0854     4.1117     6.8271    119.847    0.03230    5.69663    5.69127      8.815     0.6393   10.38860   4.099042 2.5320e-11    25.0013    25.0008 1.0000e-12     19.000          1       9706    1503.68 3.9495e+00  51782.883    404.363 1532070692       0.04     -0.652   39.15616  -72.87916    33.8503  1025.1643    25.0802    14.4752 0.0000e+00
     17.863    14.5390    33.6886  1025.1387     4.1624     6.8318    121.528    0.03201    5.62159    5.61548      8.841     0.6467   10.26328   4.116427 2.5320e-11    25.0591    25.0585 1.0000e-12     18.000          1       9744    1503.96 3.9495e+00  51903.791    405.944 1532070694      -0.00     -0.631   39.15614  -72.87916    33.9560  1025.2268    25.1472    14.5364 0.0000e+00
     16.867    15.4218    33.7844  1025.0169     4.2296     6.7426    124.117    0.03880    5.43325    5.42531      8.842     0.6507    9.95021   4.212728 2.5320e-11    24.9420    24.9414 1.0000e-12     17.000          1       9783    1506.86 3.9495e+00  51938.070    407.596 1532070695       0.07     -0.620   39.15614  -72.87916    34.0660  1025.1154    25.0406    15.4192 0.0000e+00
     15.877    17.3568    33.9147  1024.6629     4.3034     6.7121    125.722    0.02231    5.33872    5.33000      8.847     0.5650    9.79132   4.415077 2.5320e-11    24.5929    24.5923 1.0000e-12     16.000          1       9849    1512.88 3.9495e+00  51946.602    410.353 1532070698       0.07     -0.340   39.15614  -72.87917    34.1981  1024.7620    24.6921    17.3542 0.0000e+00
     14.887    18.7538    34.1135  1024.4721     4.2885     6.5462    123.596   -0.00642    5.29650    5.28741      8.849     0.4364    9.72130   4.570538 2.5320e-11    24.4069    24.4062 1.0000e-12     15.000          1       9938    1517.22 3.9495e+00  52111.402    414.058 1532070702      -0.01     -0.261   39.15614  -72.87918    34.3582  1024.5407    24.4755    18.7511 0.0000e+00
     13.890    19.0336    34.0802  1024.3709     4.2932     6.5383    124.292    0.00334    5.26051    5.25113      8.849     0.3490    9.66138   4.590399 2.5320e-11    24.3102    24.3096 1.0000e-12     14.000          1      10131    1517.96 3.9495e+00  52048.888    422.065 1532070710      -0.21     -0.357   39.15611  -72.87919    34.2926  1024.4150    24.3543    19.0311 0.0000e+00
     12.903    19.4999    34.1497  1024.3004     4.2903     6.4589    123.944   -0.00085    5.21114    5.20132      8.861     0.2867    9.58103   4.640927 2.5320e-11    24.2440    24.2434 1.0000e-12     13.000          1      10780    1519.34 3.9495e+00  52115.401    449.112 1532070737      -0.40     -0.515   39.15604  -72.87922    34.3293  1024.3191    24.2628    19.4976 0.0000e+00
     11.908    19.9582    34.1098  1024.1463     4.2784     6.4005    122.969   -0.01144    5.20493    5.19502      8.859     0.2812    9.57157   4.681182 2.5320e-11    24.0944    24.0938 1.0000e-12     12.000          1      10800    1520.56 3.9495e+00  52036.262    449.958 1532070738      -0.06     -0.764   39.15604  -72.87922    34.2866  1024.1629    24.1110    19.9560 0.0000e+00
     10.915    19.9164    33.9563  1024.0357     4.2710     6.4110    122.956   -0.00637    5.21411    5.20423      8.860     0.2606    9.58794   4.657271 2.5320e-11    23.9882    23.9876 1.0000e-12     11.000          1      10833    1520.26 3.9495e+00  51828.290    451.315 1532070739       0.04     -0.750   39.15604  -72.87922    34.1245  1024.0466    23.9990    19.9144 0.0000e+00
      9.922    20.0465    33.8556  1023.9205     4.2852     6.3465    124.023    0.00481    5.11749    5.10689      8.853     0.2698    9.42922   4.657343 2.5320e-11    23.8773    23.8768 1.0000e-12     10.000          1      10868    1520.49 3.9495e+00  51683.419    452.788 1532070741       0.04     -0.693   39.15603  -72.87922    34.0200  1023.9289    23.8856    20.0447 0.0000e+00
      8.933    20.0603    33.7141  1023.8047     4.2952     6.1986    124.783    0.01338    4.96685    4.95536      8.842     0.1311    9.18067   4.643423 2.5320e-11    23.7657    23.7653 1.0000e-12      9.000          1      10909    1520.35 3.9495e+00  51490.002    454.490 1532070742       0.05     -0.591   39.15602  -72.87922    33.8955  1023.8263    23.7874    20.0586 0.0000e+00
      7.940    21.4206    33.4996  1023.2719     4.1332     5.6191    114.474   -0.09135    4.90852    4.89678      8.830     0.0647    9.08360   4.759908 2.5320e-11    23.2375    23.2371 1.0000e-12      8.000          1      10947    1523.80 3.9495e+00  51137.364    456.070 1532070744      -0.08     -0.616   39.15602  -72.87923    33.7529  1023.3485    23.3140    21.4190 0.0000e+00
      6.945    22.8773    33.3357  1022.7361     3.9367     5.1791    105.606   -0.13698    4.90422    4.89246      8.824     0.0214    9.07626   4.883703 4.0194e-02    22.7062    22.7058 1.5874e-03      7.000          1      10982    1527.42 3.9495e+00  50862.378    457.554 1532070745       0.03     -0.683   39.15602  -72.87924    33.5924  1022.8152    22.7852    22.8759 0.0000e+00
      5.957    23.5199    33.3482  1022.5577     3.8494     5.1918    106.020   -0.05792    4.89696    4.88517      8.820     0.0151    9.06403   4.944540 8.9159e-01    22.5320    22.5317 3.5213e-02      6.000          1      11022    1529.07 3.9495e+00  50862.107    459.210 1532070747       0.01     -0.595   39.15601  -72.87924    33.5696  1022.6096    22.5840    23.5186 0.0000e+00
      4.962    23.5375    33.3653  1022.5611     3.8281     5.2290    106.950   -0.01963    4.88926    4.87744      8.819     0.0204    9.05128   4.946532 3.3382e+00    22.5397    22.5395 1.3184e-01      5.000          1      11055    1529.11 3.9495e+00  50884.713    460.582 1532070748      -0.11     -0.697   39.15600  -72.87924    33.5718  1022.6017    22.5803    23.5365 0.0000e+00
      3.965    23.6176    33.3783  1022.5433     3.8116     5.2219    106.696   -0.01204    4.89422    4.88243      8.817     0.0187    9.05943   4.955773 7.0937e+00    22.5262    22.5260 2.8016e-01      4.000          1      11092    1529.31 3.9495e+00  50899.704    462.138 1532070750       0.13     -0.676   39.15600  -72.87924    33.5816  1022.5815    22.5644    23.6168 0.0000e+00
      2.978    23.6795    33.3821  1022.5239     3.8156     5.2496    107.520    0.00400    4.88243    4.87060      8.817     0.0382    9.03993   4.959873 1.3294e+01    22.5110    22.5108 5.2503e-01      3.000          1      11157    1529.46 3.9495e+00  50903.063    464.835 1532070753       0.00     -0.329   39.15600  -72.87924    33.5663  1022.5475    22.5347    23.6789 0.0000e+00
      1.983    23.7407    33.3809  1022.5007     3.7993     5.1879    106.523   -0.00588    4.87025    4.85837      8.818     0.0208    9.01966   4.965471 1.5246e+01    22.4922    22.4921 6.0215e-01      2.000          1      11240    1529.59 3.9495e+00  50899.560    468.280 1532070756      -0.04     -0.320   39.15598  -72.87924    33.5628  1022.5227    22.5141    23.7403 0.0000e+00
      0.985    24.1613    33.3516  1022.3509     3.7812     5.1901    106.747    0.01392    4.86201    4.85010      8.834     0.0396    9.00603   4.999883 -5.409e+00    22.3467    22.3467 -2.136e-01      1.000          1      11669    1530.60 3.9495e+00  50850.196    486.167 1532070774      -0.07     -0.143   39.15595  -72.87927    33.5063  1022.3524    22.3481    24.1611 0.0000e+00
