CalculateIndicators/WaterTemperature/Data/CTD_NYOS/NY1807C19.cnv
* Sea-Bird SBE 9 Data File:
* FileName = C:\Seabird 9 CTD\Data\2018\OffshoreCruise201807\NY1807C19.hex
* Software Version Seasave V 7.23.2
* Temperature SN = 4590
* Conductivity SN = 3228
* Number of Bytes Per Scan = 44
* Number of Voltage Words = 5
* Number of Scans Averaged by the Deck Unit = 1
* NMEA Latitude = 38 51.66 N
* NMEA Longitude = 073 07.05 W
* NMEA UTC (Time) = Jul 18 2018  11:53:14
* NMEA baud rate = 4800
** Ship: RV Seawolf
** Station: NY1807C19
** Operator: jdw
# nquan = 35
# nvalues = 144                         
# units = specified
# name 0 = depSM: Depth [salt water, m]
# name 1 = t090C: Temperature [ITS-90, deg C]
# name 2 = sal00: Salinity, Practical [PSU]
# name 3 = density00: Density [density, kg/m^3]
# name 4 = sbeox0V: Oxygen raw, SBE 43 [V]
# name 5 = sbeox0ML/L: Oxygen, SBE 43 [ml/l]
# name 6 = sbeox0PS: Oxygen, SBE 43 [% saturation]
# name 7 = sbox0dV/dT: Oxygen, SBE 43 [dov/dt]
# name 8 = oxsolML/L: Oxygen Saturation, Garcia & Gordon [ml/l]
# name 9 = oxsatML/L: Oxygen Saturation, Weiss [ml/l]
# name 10 = ph: pH
# name 11 = flECO-AFL: Fluorescence, WET Labs ECO-AFL/FL [mg/m^3]
# name 12 = n2satML/L: Nitrogen Saturation [ml/l]
# name 13 = c0S/m: Conductivity [S/m]
# name 14 = cpar: CPAR/Corrected Irradiance [%]
# name 15 = sigma-é00: Density [sigma-theta, kg/m^3]
# name 16 = sigma-t00: Density [sigma-t, kg/m^3 ]
# name 17 = par: PAR/Irradiance, Biospherical/Licor
# name 18 = prDM: Pressure, Digiquartz [db]
# name 19 = pumps: Pump Status
# name 20 = scan: Scan Count
# name 21 = svCM: Sound Velocity [Chen-Millero, m/s]
# name 22 = spar: SPAR, Biospherical/Licor
# name 23 = specc: Specific Conductance [uS/cm]
# name 24 = timeS: Time, Elapsed [seconds]
# name 25 = timeY: Time, System [seconds]
# name 26 = accM: Acceleration [m/s^2]
# name 27 = dz/dtM: Descent Rate [m/s]
# name 28 = latitude: Latitude [deg]
# name 29 = longitude: Longitude [deg]
# name 30 = gsw_saA0: Absolute Salinity [g/kg]
# name 31 = gsw_densityA0: density, TEOS-10 [density, kg/m^3]
# name 32 = gsw_sigma0A0: density, TEOS-10 [sigma-0, kg/m^3 ]
# name 33 = gsw_ptA0: potential temperature [ITS-90, deg C]
# name 34 = flag: flag
# span 0 =      1.918,     73.438       
# span 1 =     7.3103,    23.8931       
# span 2 =    32.2274,    34.0337       
# span 3 =  1021.6017,  1026.2824       
# span 4 =     3.0162,     4.2428       
# span 5 =     5.0250,     6.6902       
# span 6 =     80.152,    124.009       
# span 7 =   -0.06199,    0.06626       
# span 8 =    4.90446,    6.78482       
# span 9 =    4.89247,    6.79331       
# span 10 =      8.586,      8.965      
# span 11 =     0.0084,     0.9472      
# span 12 =    9.08692,   12.19701      
# span 13 =   3.390876,   4.832784      
# span 14 = 1.2011e-13, 2.5479e+01      
# span 15 =    21.5864,    25.9441      
# span 16 =    21.5862,    25.9431      
# span 17 = 1.0000e-12, 2.2812e+02      
# span 18 =      2.000,     74.000      
# span 19 =          1,          1      
# span 20 =       -176,      11624      
# span 21 =    1478.38,    1528.83      
# span 22 = 5.8272e+02, 1.3200e+03      
# span 23 =  49326.436,  52511.006      
# span 24 =     -7.375,    484.286      
# span 25 = 1531914834, 1531915326      
# span 26 =      -1.09,       0.66      
# span 27 =     -1.236,      0.948      
# span 28 =   38.85966,   38.86099      
# span 29 =  -73.12040,  -73.11780      
# span 30 =    32.3926,    34.1664      
# span 31 =  1021.6110,  1026.2867      
# span 32 =    21.5979,    25.9484      
# span 33 =     7.3047,    23.8925      
# span 34 = 0.0000e+00, 0.0000e+00      
# interval = decibars: 1                
# start_time = Jul 18 2018 11:54:01 [System UTC, first data scan.]
# bad_flag = -9.990e-29
*END*
[from data line 125]
     19.850    15.2197    33.8539  1025.1273     4.0574     6.6581    119.242    0.05439    5.58356    5.57708      8.814     0.7033   10.19957   4.201860 1.3270e+00    25.0391    25.0385 1.6987e+01     20.000          1       9781    1506.35 1.2810e+03  52058.608    407.510 1531915249       0.37     -0.581   38.85984  -73.11999    34.1415  1025.2300    25.1419    15.2167 0.0000e+00
     18.856    16.0547    33.8911  1024.9664     4.0811     6.5143    117.651    0.01561    5.53694    5.52998      8.815     0.7268   10.12226   4.282393 1.5793e+00    24.8829    24.8822 1.9557e+01     19.000          1       9820    1508.99 1.2392e+03  52023.586    409.144 1531915250      -0.45     -0.581   38.85983  -73.12001    34.1444  1025.0427    24.9592    16.0517 0.0000e+00
     17.860    16.3313    33.9174  1024.9188     4.1196     6.5256    119.344    0.02229    5.46816    5.46043      8.816     0.7308   10.01034   4.310872 1.8413e+00    24.8398    24.8392 2.2537e+01     18.000          1       9853    1509.86 1.2241e+03  52032.763    410.512 1531915252       0.12     -0.775   38.85982  -73.12002    34.1602  1024.9870    24.9080    16.3284 0.0000e+00
     16.873    16.7612    33.9092  1024.8081     4.1917     6.6423    123.087    0.04477    5.39651    5.38804      8.818     0.7895    9.89324   4.353193 2.0469e+00    24.7336    24.7330 2.6652e+01     17.000          1       9893    1511.14 1.3018e+03  51982.789    412.180 1531915254      -0.10     -0.548   38.85982  -73.12002    34.1664  1024.8873    24.8128    16.7584 0.0000e+00
     15.878    17.5648    33.6650  1024.4257     4.2382     6.5707    124.009    0.03354    5.29862    5.28929      8.815     0.7565    9.73162   4.401526 2.2849e+00    24.3558    24.3551 3.0160e+01     16.000          1       9930    1513.25 1.3200e+03  51583.632    413.727 1531915255       0.08     -0.663   38.85982  -73.12003    33.9095  1024.4960    24.4261    17.5621 0.0000e+00
     14.885    18.2876    33.5168  1024.1315     4.2428     6.4520    122.726    0.00696    5.25722    5.24753      8.812     0.6895    9.66349   4.455834 2.3735e+00    24.0662    24.0656 2.9737e+01     15.000          1       9968    1515.19 1.2540e+03  51330.174    415.294 1531915257      -0.16     -0.597   38.85982  -73.12004    33.7743  1024.2122    24.1469    18.2850 0.0000e+00
     13.890    19.3721    33.3811  1023.7501     4.2042     6.2801    120.267   -0.01469    5.22172    5.21173      8.806     0.5513    9.60567   4.544579 3.2661e+00    23.6894    23.6888 3.5403e+01     14.000          1      10016    1518.13 1.0910e+03  51076.993    417.278 1531915259       0.10     -0.534   38.85981  -73.12004    33.6352  1023.8285    23.7678    19.3696 0.0000e+00
     12.891    20.2014    33.1025  1023.3191     4.1363     6.1090    117.957   -0.01371    5.17913    5.16877      8.804     0.4427    9.53676   4.585168 5.0994e+00    23.2628    23.2622 5.2641e+01     13.000          1      10263    1520.13 1.0319e+03  50649.395    427.577 1531915269      -0.35     -0.383   38.85978  -73.12011    33.3065  1023.3603    23.3040    20.1991 0.0000e+00
     11.906    20.5936    33.0422  1023.1653     4.1191     5.9820    117.538   -0.01011    5.08955    5.07853      8.819     0.4280    9.39146   4.611835 6.6620e+00    23.1134    23.1128 7.8074e+01     12.000          1      10862    1521.13 1.1734e+03  50547.938    452.553 1531915294      -0.38     -0.399   38.85972  -73.12023    33.2146  1023.1826    23.1307    20.5914 0.0000e+00
     10.913    20.9899    32.8561  1022.9134     4.0449     5.6932    113.542   -0.04158    5.01414    5.00262      8.812     0.3234    9.26868   4.628641 7.4064e+00    22.8659    22.8653 8.5852e+01     11.000          1      10891    1521.98 1.1596e+03  50278.094    453.736 1531915295      -0.62     -0.618   38.85972  -73.12024    33.0417  1022.9412    22.8937    20.9879 0.0000e+00
      9.921    22.2574    32.4598  1022.2605     3.9427     5.4582    109.169   -0.05930    4.99973    4.98813      8.811     0.2347    9.24493   4.703415 8.0446e+00    22.2175    22.2169 9.1418e+01     10.000          1      10933    1524.91 1.1360e+03  49687.975    455.514 1531915297       0.21     -0.602   38.85972  -73.12025    32.6661  1022.3049    22.2619    22.2554 0.0000e+00
      8.932    22.7235    32.3721  1022.0594     3.8785     5.3786    108.673   -0.02109    4.94934    4.93751      8.804     0.1868    9.16181   4.735182 9.1991e+00    22.0207    22.0202 1.0250e+02      9.000          1      10996    1526.02 1.1159e+03  49553.330    458.109 1531915299      -0.00     -0.400   38.85970  -73.12026    32.5633  1022.0926    22.0539    22.7217 0.0000e+00
      7.949    23.0242    32.3130  1021.9251     3.8004     5.1725    105.177   -0.03912    4.91800    4.90605      8.796     0.1266    9.10993   4.757665 1.2059e+01    21.8907    21.8902 1.3095e+02      8.000          1      11047    1526.71 1.0840e+03  49464.424    460.234 1531915302      -0.30     -0.418   38.85970  -73.12027    32.5133  1021.9652    21.9308    23.0225 0.0000e+00
      6.937    23.4787    32.2688  1021.7568     3.7416     5.0509    102.675   -0.04934    4.91925    4.90730      8.798     0.1106    9.11201   4.795847 1.2709e+01    21.7268    21.7264 1.3922e+02      7.000          1      11078    1527.80 1.0951e+03  49392.294    461.521 1531915303      -0.18     -0.749   38.85970  -73.12028    32.4699  1021.7975    21.7675    23.4773 0.0000e+00
      5.950    23.7828    32.2355  1021.6394     3.6946     5.0371    102.578   -0.01345    4.91050    4.89851      8.799     0.0963    9.09765   4.818210 1.4130e+01    21.6137    21.6133 1.5139e+02      6.000          1      11167    1528.52 1.0712e+03  49339.445    465.260 1531915307      -0.35     -0.451   38.85969  -73.12030    32.4170  1021.6653    21.6396    23.7815 0.0000e+00
      4.961    23.8534    32.2274  1021.6084     3.6922     5.0589    103.048   -0.00049    4.90931    4.89732      8.801     0.0970    9.09566   4.822501 1.5606e+01    21.5870    21.5867 1.6586e+02      5.000          1      11235    1528.67 1.0629e+03  49326.436    468.077 1531915309       0.08     -0.368   38.85968  -73.12032    32.3982  1021.6262    21.6048    23.8524 0.0000e+00
      3.972    23.8622    32.2301  1021.6036     3.6849     5.0435    102.747   -0.00123    4.90871    4.89672      8.804     0.0892    9.09464   4.822557 1.8951e+01    21.5864    21.5862 1.9934e+02      4.000          1      11334    1528.68 1.0518e+03  49329.543    472.193 1531915313      -0.18     -0.219   38.85968  -73.12034    32.3926  1021.6150    21.5979    23.8614 0.0000e+00
      2.973    23.8625    32.2335  1021.6017     3.6852     5.0475    102.851    0.00092    4.90758    4.89559      8.808     0.0916    9.09272   4.822610 2.0328e+01    21.5888    21.5887 2.0287e+02      3.000          1      11418    1528.67 9.9796e+02  49333.770    475.688 1531915317      -0.00     -0.332   38.85966  -73.12035    32.3930  1021.6110    21.5981    23.8619 0.0000e+00
      1.918    23.8655    32.2454  1021.6052     3.6816     5.0374    102.612   -0.00163    4.90917    4.89718      8.817     0.0968    9.09537   4.823810 2.3388e+01    21.5969    21.5968 2.2812e+02      2.000          1      11624    1528.67 9.7341e+02  49349.481    484.286 1531915326      -0.78     -0.908   38.85966  -73.12040    32.4002  1021.6111    21.6026    23.8651 0.0000e+00
