CalculateIndicators/WaterTemperature/Data/CTD_NYOS/NY1807C29.cnv
* Sea-Bird SBE 9 Data File:
* FileName = C:\Seabird 9 CTD\Data\2018\OffshoreCruise201807\NY1807C29.hex
* Software Version Seasave V 7.23.2
* Temperature SN = 4590
* Conductivity SN = 3228
* Number of Bytes Per Scan = 44
* Number of Voltage Words = 5
* Number of Scans Averaged by the Deck Unit = 1
* NMEA Latitude = 39 55.49 N
* NMEA Longitude = 073 09.60 W
* NMEA UTC (Time) = Jul 20 2018  14:55:49
* NMEA baud rate = 4800
** Ship: RV Seawolf
** Station: NY1807C29
** Operator: ajb
# nquan = 35
# nvalues = 137                         
# units = specified
# name 0 = depSM: Depth [salt water, m]
# name 1 = t090C: Temperature [ITS-90, deg C]
# name 2 = sal00: Salinity, Practical [PSU]
# name 3 = density00: Density [density, kg/m^3]
# name 4 = sbeox0V: Oxygen raw, SBE 43 [V]
# name 5 = sbeox0ML/L: Oxygen, SBE 43 [ml/l]
# name 6 = sbeox0PS: Oxygen, SBE 43 [% saturation]
# name 7 = sbox0dV/dT: Oxygen, SBE 43 [dov/dt]
# name 8 = oxsolML/L: Oxygen Saturation, Garcia & Gordon [ml/l]
# name 9 = oxsatML/L: Oxygen Saturation, Weiss [ml/l]
# name 10 = ph: pH
# name 11 = flECO-AFL: Fluorescence, WET Labs ECO-AFL/FL [mg/m^3]
# name 12 = n2satML/L: Nitrogen Saturation [ml/l]
# name 13 = c0S/m: Conductivity [S/m]
# name 14 = cpar: CPAR/Corrected Irradiance [%]
# name 15 = sigma-é00: Density [sigma-theta, kg/m^3]
# name 16 = sigma-t00: Density [sigma-t, kg/m^3 ]
# name 17 = par: PAR/Irradiance, Biospherical/Licor
# name 18 = prDM: Pressure, Digiquartz [db]
# name 19 = pumps: Pump Status
# name 20 = scan: Scan Count
# name 21 = svCM: Sound Velocity [Chen-Millero, m/s]
# name 22 = spar: SPAR, Biospherical/Licor
# name 23 = specc: Specific Conductance [uS/cm]
# name 24 = timeS: Time, Elapsed [seconds]
# name 25 = timeY: Time, System [seconds]
# name 26 = accM: Acceleration [m/s^2]
# name 27 = dz/dtM: Descent Rate [m/s]
# name 28 = latitude: Latitude [deg]
# name 29 = longitude: Longitude [deg]
# name 30 = gsw_saA0: Absolute Salinity [g/kg]
# name 31 = gsw_densityA0: density, TEOS-10 [density, kg/m^3]
# name 32 = gsw_sigma0A0: density, TEOS-10 [sigma-0, kg/m^3 ]
# name 33 = gsw_ptA0: potential temperature [ITS-90, deg C]
# name 34 = flag: flag
# span 0 =      0.980,     68.464       
# span 1 =     7.3028,    23.5269       
# span 2 =    30.5576,    32.7070       
# span 3 =  1020.4483,  1025.8647       
# span 4 =     2.5406,     4.1282       
# span 5 =     4.3242,     6.9654       
# span 6 =     63.516,    119.054       
# span 7 =   -0.05408,    0.03930       
# span 8 =    4.98568,    6.80804       
# span 9 =    4.97361,    6.81632       
# span 10 =      8.531,      8.958      
# span 11 =     0.0233,     2.4656      
# span 12 =    9.23891,   12.24134      
# span 13 =   3.346135,   4.568754      
# span 14 = -1.307e-05, 8.1016e+01      
# span 15 =    20.4355,    25.5491      
# span 16 =    20.4353,    25.5482      
# span 17 = -2.779e-04, 1.7376e+03      
# span 18 =      1.000,     69.000      
# span 19 =          1,          1      
# span 20 =       1558,      23519      
# span 21 =    1478.04,    1526.03      
# span 22 = 1.1429e+03, 2.1740e+03      
# span 23 =  47047.230,  51790.935      
# span 24 =     64.893,    979.918      
# span 25 = 1532098628, 1532099544      
# span 26 =      -0.43,       0.46      
# span 27 =     -0.677,      0.485      
# span 28 =   39.92450,   39.92472      
# span 29 =  -73.16370,  -73.16035      
# span 30 =    30.7118,    32.8626      
# span 31 =  1020.4489,  1025.8671      
# span 32 =    20.4383,    25.5511      
# span 33 =     7.2965,    23.5263      
# span 34 = 0.0000e+00, 0.0000e+00      
# interval = decibars: 1                
# start_time = Jul 20 2018 14:56:04 [System UTC, first data scan.]
# bad_flag = -9.990e-29
*END*
[from data line 83]
     53.579     7.9336    32.6820  1025.7107     2.8117     4.9095     73.215    0.00289    6.70559    6.71234      8.578     0.1684   12.07206   3.401446 1.4636e-03    25.4641    25.4633 3.1349e-02     54.000          1      12590    1480.24 2.1415e+03  51633.757    524.535 1532099089       0.05     -0.206   39.92452  -73.16205    32.8401  1025.7156    25.4691     7.9284 0.0000e+00
     52.589     7.9841    32.6682  1025.6880     2.8036     4.8362     72.141   -0.00551    6.70385    6.71056      8.566     0.1677   12.06936   3.404437 2.1179e-03    25.4460    25.4452 4.5406e-02     53.000          1      12842    1480.39 2.1441e+03  51601.548    535.048 1532099099      -0.10     -0.286   39.92452  -73.16208    32.8251  1025.6921    25.4501     7.9790 0.0000e+00
     51.595     7.9816    32.6602  1025.6775     2.7584     4.6837     69.899   -0.01254    6.70068    6.70733      8.554     0.1540   12.06422   3.403356 3.0302e-03    25.4400    25.4393 6.4874e-02     52.000          1      12916    1480.36 2.1408e+03  51590.109    538.116 1532099102      -0.02     -0.260   39.92452  -73.16210    32.8164  1025.6810    25.4436     7.9766 0.0000e+00
     50.603     8.0238    32.6459  1025.6555     2.7138     4.5934     68.647   -0.00891    6.69126    6.69777      8.546     0.1211   12.04879   3.405797 4.1632e-03    25.4227    25.4220 8.9260e-02     51.000          1      13019    1480.48 2.1441e+03  51559.177    542.407 1532099106      -0.01     -0.269   39.92452  -73.16211    32.8034  1025.6602    25.4274     8.0188 0.0000e+00
     49.611     8.0856    32.6376  1025.6353     2.7016     4.6047     68.890   -0.00145    6.68420    6.69059      8.549     0.1569   12.03718   3.410469 5.1559e-03    25.4072    25.4064 1.1035e-01     50.000          1      13110    1480.69 2.1402e+03  51532.194    546.189 1532099110       0.00     -0.256   39.92452  -73.16213    32.7959  1025.6408    25.4126     8.0807 0.0000e+00
     48.618     8.1212    32.6333  1025.6222     2.7022     4.6166     69.078    0.00046    6.68323    6.68961      8.549     0.1818   12.03561   3.413028 6.4496e-03    25.3986    25.3979 1.3820e-01     49.000          1      13203    1480.81 2.1427e+03  51517.148    550.088 1532099114       0.00     -0.269   39.92452  -73.16214    32.7903  1025.6266    25.4030     8.1164 0.0000e+00
     47.634     8.1326    32.6298  1025.6132     2.7071     4.6277     69.285    0.00104    6.67923    6.68555      8.547     0.1562   12.02904   3.413597 8.0805e-03    25.3942    25.3935 1.7302e-01     48.000          1      13327    1480.83 2.1426e+03  51508.976    555.233 1532099119      -0.22     -0.172   39.92452  -73.16216    32.7862  1025.6171    25.3981     8.1279 0.0000e+00
     46.633     8.1487    32.6280  1025.6048     2.7057     4.6189     69.157    0.00022    6.67884    6.68515 -9.990e-29     0.1865   12.02841   3.414787 9.5216e-03    25.3904    25.3897 2.0397e-01     47.000          1      13407    1480.86 2.1441e+03  51501.958    558.600 1532099123      -0.06     -0.359   39.92452  -73.16217    32.7843  1025.6087    25.3943     8.1441 0.0000e+00
     45.641     8.1588    32.6255  1025.5968     2.7049     4.6166     69.137    0.00039    6.67752    6.68381      8.545     0.1905   12.02627   3.415340 1.1486e-02    25.3869    25.3863 2.4582e-01     46.000          1      13518    1480.89 2.1402e+03  51495.446    563.214 1532099127      -0.11     -0.417   39.92452  -73.16218    32.7812  1025.6002    25.3904     8.1543 0.0000e+00
     44.649     8.1688    32.6224  1025.5883     2.7081     4.6238     69.251    0.00052    6.67674    6.68301      8.545     0.2027   12.02498   3.415863 1.4113e-02    25.3830    25.3824 3.0230e-01     45.000          1      13640    1480.91 2.1420e+03  51488.080    568.285 1532099132      -0.02     -0.265   39.92452  -73.16220    32.7779  1025.5916    25.3863     8.1644 0.0000e+00
     43.661     8.1753    32.6218  1025.5823     2.7085     4.6203     69.207   -0.00004    6.67608    6.68234      8.545     0.1834   12.02389   3.416304 1.7122e-02    25.3816    25.3810 3.6650e-01     44.000          1      13771    1480.91 2.1405e+03  51485.065    573.757 1532099138      -0.04     -0.159   39.92452  -73.16222    32.7770  1025.5854    25.3847     8.1710 0.0000e+00
     42.663     8.1760    32.6224  1025.5780     2.7069     4.6124     69.095   -0.00057    6.67545    6.68170 -9.990e-29     0.1754   12.02286   3.416370 1.9548e-02    25.3819    25.3813 4.1845e-01     43.000          1      13854    1480.90 2.1406e+03  51485.028    577.214 1532099141      -0.19     -0.449   39.92452  -73.16222    32.7775  1025.5811    25.3849     8.1718 0.0000e+00
     41.679     8.1869    32.6206  1025.5706     2.7126     4.6427     69.560    0.00250    6.67435    6.68059 -9.990e-29     0.2015   12.02105   3.417134 2.3345e-02    25.3790    25.3784 4.9938e-01     42.000          1      14003    1480.92 2.1391e+03  51479.454    583.422 1532099147      -0.15     -0.338   39.92452  -73.16224    32.7760  1025.5737    25.3821     8.1827 0.0000e+00
     40.673     8.1897    32.6203  1025.5652     2.7161     4.6469     69.624    0.00182    6.67423    6.68046 -9.990e-29     0.1849   12.02085   3.417286 2.7195e-02    25.3782    25.3776 5.8148e-01     41.000          1      14092    1480.92 2.1382e+03  51477.578    587.111 1532099151      -0.10     -0.646   39.92452  -73.16226    32.7754  1025.5683    25.3812     8.1857 0.0000e+00
     39.682     8.1916    32.6205  1025.5605     2.7193     4.6449     69.597    0.00038    6.67390    6.68013 -9.990e-29     0.1971   12.02030   3.417406 3.2534e-02    25.3781    25.3775 6.9497e-01     40.000          1      15642    1480.91 2.1361e+03  51476.765    651.706 1532099216       0.04     -0.561   39.92451  -73.16246    32.7753  1025.5634    25.3809     8.1877 0.0000e+00
     38.695     8.1966    32.6198  1025.5547     2.7204     4.6412     69.582    0.00007    6.67020    6.67637      8.547     0.2299   12.01423   3.417751 3.7361e-02    25.3769    25.3763 8.0082e-01     39.000          1      16201    1480.91 2.1435e+03  51474.081    675.018 1532099239      -0.09     -0.533   39.92450  -73.16254    32.7748  1025.5577    25.3798     8.1927 0.0000e+00
     37.704     8.2213    32.6170  1025.5442     2.7338     4.6784     70.459    0.00487    6.64040    6.64612      8.557     0.3715   11.96529   3.419865 4.3841e-02    25.3709    25.3704 9.3844e-01     38.000          1      16305    1480.98 2.1405e+03  51463.792    679.316 1532099243      -0.01     -0.373   39.92450  -73.16256    32.7747  1025.5493    25.3760     8.2176 0.0000e+00
     36.716     8.4253    32.5814  1025.4814     2.8128     4.9698     75.899    0.03630    6.54780    6.55212      8.594     0.7299   11.81308   3.435566 5.0181e-02    25.3128    25.3123 1.0758e+00     37.000          1      16421    1481.69 2.1439e+03  51366.162    684.159 1532099248      -0.19     -0.436   39.92450  -73.16256    32.7517  1025.4965    25.3279     8.4216 0.0000e+00
     35.719     8.9387    32.5240  1025.3533     2.9349     5.2280     79.934    0.03355    6.54028    6.54450      8.602     0.7792   11.80061   3.475976 5.9666e-02    25.1897    25.1891 1.2780e+00     36.000          1      16509    1483.52 2.1420e+03  51172.924    687.850 1532099252      -0.06     -0.409   39.92450  -73.16259    32.7022  1025.3751    25.2114     8.9349 0.0000e+00
     34.726     9.1193    32.5095  1025.3093     2.9871     5.1621     79.119    0.00334    6.52440    6.52838      8.601     0.7364   11.77448   3.489408 6.9924e-02    25.1504    25.1498 1.4997e+00     35.000          1      16607    1484.16 2.1448e+03  51113.741    691.907 1532099256      -0.19     -0.539   39.92450  -73.16260    32.6768  1025.3226    25.1637     9.1156 0.0000e+00
     33.738     9.2349    32.5071  1025.2846     2.9662     5.0848     78.035   -0.00056    6.51611    6.51998      8.596     0.7843   11.76080   3.498962 8.1921e-02    25.1303    25.1297 1.7559e+00     34.000          1      16731    1484.56 2.1433e+03  51086.110    697.099 1532099261      -0.10     -0.294   39.92450  -73.16262    32.6706  1025.2950    25.1407     9.2313 0.0000e+00
     32.743     9.3144    32.4976  1025.2600     2.9940     5.1665     79.580    0.00637    6.49243    6.49597      8.609     0.7953   11.72163   3.504763 9.8757e-02    25.1103    25.1097 2.1165e+00     33.000          1      16840    1484.83 2.1433e+03  51055.799    701.628 1532099266      -0.05     -0.275   39.92451  -73.16263    32.6583  1025.2683    25.1186     9.3109 0.0000e+00
     31.752     9.4782    32.4932  1025.2258     3.0798     5.4495     84.672    0.03183    6.43602    6.43878      8.643     0.7823   11.62846   3.519560 1.1424e-01    25.0807    25.0801 2.4478e+00     32.000          1      16947    1485.41 -9.990e-29  51016.393    706.091 1532099270      -0.11     -0.348   39.92452  -73.16264    32.6621  1025.2406    25.0955     9.4748 0.0000e+00
     30.760     9.9079    32.4694  1025.1326     3.2029     5.6470     87.976    0.02007    6.41873    6.42121      8.657     0.6469   11.60053   3.555258 1.3673e-01    24.9923    24.9918 2.9291e+00     31.000          1      17062    1486.93 2.1406e+03  50898.244    710.875 1532099275      -0.09     -0.239   39.92452  -73.16266    32.6386  1025.1479    25.0077     9.9044 0.0000e+00
     29.768    10.0686    32.4205  1025.0630     3.2950     5.8487     91.613    0.02561    6.38417    6.38619      8.674     0.6438   11.54335   3.564623 1.6121e-01    24.9274    24.9269 3.4532e+00     30.000          1      17162    1487.43 2.1420e+03  50799.043    715.023 1532099279       0.01     -0.265   39.92452  -73.16267    32.5893  1025.0783    24.9427    10.0652 0.0000e+00
     28.772    10.3185    32.4267  1025.0213     3.3648     5.9337     93.474    0.01914    6.34805    6.34958      8.691     0.7960   11.48364   3.587458 1.9248e-01    24.8904    24.8898 4.1239e+00     29.000          1      17271    1488.32 2.1425e+03  50761.642    719.576 1532099284      -0.23     -0.416   39.92452  -73.16268    32.5963  1025.0373    24.9063    10.3152 0.0000e+00
     27.787    10.5890    32.4131  1024.9600     3.4580     6.1009     96.237    0.01319    6.33943    6.34084      8.697     1.2403   11.46942   3.609547 2.3332e-01    24.8337    24.8332 4.9972e+00     28.000          1      17395    1489.26 2.1418e+03  50693.658    724.738 1532099289       0.04     -0.111   39.92451  -73.16271    32.5769  1024.9717    24.8454    10.5858 0.0000e+00
     26.788    10.5746    32.4118  1024.9569     3.4577     6.0415     95.312    0.00197    6.33863    6.34003      8.692     1.5763   11.46819   3.607717 2.8782e-01    24.8351    24.8346 6.1617e+00     27.000          1      17469    1489.19 2.1408e+03  50693.818    727.834 1532099292      -0.07     -0.424   39.92450  -73.16272    32.5718  1024.9656    24.8439    10.5715 0.0000e+00
     25.803    10.5972    32.3970  1024.9370     3.4487     5.9916     94.658   -0.00193    6.32972    6.33098      8.681     1.8971   11.45373   3.607878 3.5852e-01    24.8197    24.8192 7.6822e+00     26.000          1      17614    1489.23 2.1428e+03  50668.493    733.865 1532099298      -0.21     -0.250   39.92450  -73.16274    32.5537  1024.9432    24.8259    10.5941 0.0000e+00
     24.801    10.7314    32.3806  1024.8964     3.4656     6.0350     95.589    0.00239    6.31376    6.31481      8.691     2.1176   11.42736   3.618165 4.8748e-01    24.7838    24.7833 1.0443e+01     25.000          1      18857    1489.67 2.1421e+03  50621.836    785.660 1532099350      -0.07     -0.373   39.92451  -73.16292    32.5375  1024.9029    24.7902    10.7284 0.0000e+00
     23.816    10.8878    32.3697  1024.8561     3.5202     6.0939     97.891    0.00833    6.22511    6.22498      8.705     2.3297   11.28131   3.631150 6.1864e-01    24.7480    24.7475 1.3300e+01     24.000          1      20161    1490.20 2.1499e+03  50579.518    839.993 1532099404      -0.29     -0.343   39.92452  -73.16312    32.5285  1024.8642    24.7561    10.8849 0.0000e+00
     22.822    11.3410    32.3137  1024.7275     3.5709     6.2345    100.344    0.01721    6.21318    6.21290      8.717     2.2385   11.26152   3.667258 7.5211e-01    24.6241    24.6236 1.6134e+01     23.000          1      20225    1491.71 2.1452e+03  50425.868    842.659 1532099407       0.05     -0.337   39.92453  -73.16313    32.4860  1024.7464    24.6430    11.3382 0.0000e+00
     21.831    11.5438    32.3111  1024.6845     3.6250     6.2560    101.650    0.01039    6.15449    6.15343      8.721     1.9401   11.16506   3.684329 9.0652e-01    24.5857    24.5852 1.9494e+01     22.000          1      20349    1492.40 2.1504e+03  50389.952    847.853 1532099412      -0.35     -0.391   39.92454  -73.16316    32.4761  1024.6978    24.5990    11.5411 0.0000e+00
     20.838    11.9750    32.2431  1024.5478     3.6571     6.2515    102.923    0.01342    6.07523    6.07316      8.725     1.6734   11.03497   3.717092 1.1091e+00    24.4536    24.4531 2.3820e+01     21.000          1      20443    1493.79 2.1477e+03  50228.269    851.735 1532099416       0.02     -0.317   39.92454  -73.16317    32.4196  1024.5704    24.4763    11.9724 0.0000e+00
     19.843    12.6229    32.1273  1024.3306     3.7569     6.3960    108.096    0.03930    5.91756    5.91356      8.739     1.6477   10.77508   3.765397 1.3603e+00    24.2413    24.2408 2.9234e+01     20.000          1      20539    1495.84 2.1491e+03  49974.820    855.771 1532099420      -0.09     -0.437   39.92454  -73.16318    32.3254  1024.3707    24.2813    12.6203 0.0000e+00
     18.855    14.2881    31.9473  1023.8553     3.9096     6.5837    113.134    0.03668    5.82055    5.81549      8.773     1.4786   10.61438   3.896958 1.5739e+00    23.7709    23.7704 3.3817e+01     19.000          1      20650    1501.15 2.1484e+03  49515.905    860.381 1532099424       0.03     -0.166   39.92454  -73.16321    32.1515  1023.9011    23.8168    14.2854 0.0000e+00
     17.861    15.1483    31.9351  1023.6579     4.0796     6.7765    119.054    0.03838    5.69187    5.68531      8.777     1.4005   10.40386   3.974011 1.9082e+00    23.5783    23.5777 4.0995e+01     18.000          1      20751    1503.87 2.1485e+03  49410.183    864.597 1532099429      -0.02     -0.331   39.92455  -73.16322    32.1426  1023.7065    23.6269    15.1457 0.0000e+00
     16.869    16.2342    31.6084  1023.1635     4.0502     6.4651    115.246   -0.00577    5.61028    5.60290      8.761     1.2453   10.26915   4.035003 2.2740e+00    23.0887    23.0881 4.8898e+01     17.000          1      20870    1506.89 2.1501e+03  48857.184    869.540 1532099434      -0.10     -0.206   39.92456  -73.16324    31.8064  1023.2061    23.1312    16.2316 0.0000e+00
     15.876    16.9961    31.5421  1022.9333     4.0822     6.4706    117.268    0.00922    5.51786    5.50961      8.763     1.1616   10.11571   4.097153 2.8176e+00    22.8631    22.8625 6.0517e+01     16.000          1      20959    1509.12 2.1479e+03  48703.595    873.240 1532099437       0.02     -0.317   39.92456  -73.16326    31.7439  1022.9791    22.9089    16.9936 0.0000e+00
     14.886    17.9721    31.5382  1022.6961     4.1134     6.4243    118.238    0.00756    5.43362    5.42467      8.777     1.1599    9.97535   4.184513 3.7069e+00    22.6305    22.6299 7.9742e+01     15.000          1      21082    1512.03 2.1511e+03  48627.459    878.382 1532099442      -0.02     -0.152   39.92456  -73.16327    31.7284  1022.7331    22.6674    17.9696 0.0000e+00
     13.892    18.7539    31.5136  1022.4807     4.1282     6.3707    118.419    0.00145    5.37986    5.37044      8.777     1.1338    9.88660   4.253847 5.2227e+00    22.4197    22.4191 1.1222e+02     14.000          1      21172    1514.26 2.1487e+03  48546.759    882.141 1532099446      -0.02     -0.245   39.92456  -73.16329    31.7073  1022.5202    22.4592    18.7515 0.0000e+00
