CalculateIndicators/WaterTemperature/Data/CTD_NYOS/NY1807C03.cnv
* Sea-Bird SBE 9 Data File:
* FileName = C:\Seabird 9 CTD\Data\2018\OffshoreCruise201807\NY1807C03.hex
* Software Version Seasave V 7.23.2
* Temperature SN = 4590
* Conductivity SN = 3228
* Number of Bytes Per Scan = 44
* Number of Voltage Words = 5
* Number of Scans Averaged by the Deck Unit = 1
* NMEA Latitude = 40 05.19 N
* NMEA Longitude = 071 29.57 W
* NMEA UTC (Time) = Jul 15 2018  07:25:50
* NMEA baud rate = 4800
** Ship: Seawolf
** Station: NY1807C03
** Operator: jw
# nquan = 35
# nvalues = 166                         
# units = specified
# name 0 = depSM: Depth [salt water, m]
# name 1 = t090C: Temperature [ITS-90, deg C]
# name 2 = sal00: Salinity, Practical [PSU]
# name 3 = density00: Density [density, kg/m^3]
# name 4 = sbeox0V: Oxygen raw, SBE 43 [V]
# name 5 = sbeox0ML/L: Oxygen, SBE 43 [ml/l]
# name 6 = sbeox0PS: Oxygen, SBE 43 [% saturation]
# name 7 = sbox0dV/dT: Oxygen, SBE 43 [dov/dt]
# name 8 = oxsolML/L: Oxygen Saturation, Garcia & Gordon [ml/l]
# name 9 = oxsatML/L: Oxygen Saturation, Weiss [ml/l]
# name 10 = ph: pH
# name 11 = flECO-AFL: Fluorescence, WET Labs ECO-AFL/FL [mg/m^3]
# name 12 = n2satML/L: Nitrogen Saturation [ml/l]
# name 13 = c0S/m: Conductivity [S/m]
# name 14 = cpar: CPAR/Corrected Irradiance [%]
# name 15 = sigma-é00: Density [sigma-theta, kg/m^3]
# name 16 = sigma-t00: Density [sigma-t, kg/m^3 ]
# name 17 = par: PAR/Irradiance, Biospherical/Licor
# name 18 = prDM: Pressure, Digiquartz [db]
# name 19 = pumps: Pump Status
# name 20 = scan: Scan Count
# name 21 = svCM: Sound Velocity [Chen-Millero, m/s]
# name 22 = spar: SPAR, Biospherical/Licor
# name 23 = specc: Specific Conductance [uS/cm]
# name 24 = timeS: Time, Elapsed [seconds]
# name 25 = timeY: Time, System [seconds]
# name 26 = accM: Acceleration [m/s^2]
# name 27 = dz/dtM: Descent Rate [m/s]
# name 28 = latitude: Latitude [deg]
# name 29 = longitude: Longitude [deg]
# name 30 = gsw_saA0: Absolute Salinity [g/kg]
# name 31 = gsw_densityA0: density, TEOS-10 [density, kg/m^3]
# name 32 = gsw_sigma0A0: density, TEOS-10 [sigma-0, kg/m^3 ]
# name 33 = gsw_ptA0: potential temperature [ITS-90, deg C]
# name 34 = flag: flag
# span 0 =      0.969,     83.350       
# span 1 =     8.6669,    20.4182       
# span 2 =    32.5385,    33.9728       
# span 3 =  1022.8641,  1026.5512       
# span 4 =     3.1099,     4.1516       
# span 5 =     5.3860,     6.9309       
# span 6 =     82.685,    123.752       
# span 7 =   -0.04464,    0.07534       
# span 8 =    5.20745,    6.57138       
# span 9 =    5.19715,    6.57687       
# span 10 =      8.561,      8.800      
# span 11 =    -0.0391,     1.4460      
# span 12 =    9.58778,   11.84225      
# span 13 =   3.516310,   4.543503      
# span 14 = -7.215e+03, 1.1629e+05      
# span 15 =    22.8599,    26.1737      
# span 16 =    22.8598,    26.1721      
# span 17 = -1.675e-02, 1.1439e-01      
# span 18 =      1.000,     84.000      
# span 19 =          1,          1      
# span 20 =        273,      14458      
# span 21 =    1483.89,    1520.06      
# span 22 = -4.217e-02, 4.4863e+00      
# span 23 =  49969.068,  53053.622      
# span 24 =     11.334,    602.387      
# span 25 = 1531639665, 1531640256      
# span 26 =      -0.82,       0.59      
# span 27 =     -1.123,      1.015      
# span 28 =   40.08662,   40.08667      
# span 29 =  -71.49543,  -71.49337      
# span 30 =    32.6498,    34.1350      
# span 31 =  1022.8698,  1026.5550      
# span 32 =    22.8648,    26.1779      
# span 33 =     8.6607,    20.4176      
# span 34 = 0.0000e+00, 0.0000e+00      
# interval = decibars: 1                
# start_time = Jul 15 2018 07:27:34 [System UTC, first data scan.]
# bad_flag = -9.990e-29
*END*
[from data line 83]
     83.350     9.8593    33.9690  1026.5512     3.1396     5.4052     84.767    0.00127    6.37657    6.37990      8.611    -0.0293   11.51257   3.698900 2.4993e+04    26.1722    26.1706 1.0000e-12     84.000          1       4976    1489.45 2.8360e+00  53050.606    207.298 1531639861      -0.13      0.224   40.08662  -71.49407    34.1307  1026.5550    26.1760     9.8498 0.0000e+00
     82.338     9.8677    33.9728  1026.5481     3.1403     5.3994     84.688   -0.00001    6.37572    6.37903      8.610    -0.0287   11.51113   3.700044 2.4540e+03    26.1737    26.1721 1.0000e-12     83.000          1       5148    1489.47 3.8246e+00  53053.622    214.476 1531639869      -0.32     -0.534   40.08662  -71.49410    34.1350  1026.5524    26.1779     9.8583 0.0000e+00
     81.347     9.8234    33.9579  1026.5395     3.1379     5.3984     84.578   -0.00019    6.38274    6.38614      8.607    -0.0322   11.52293   3.694280 2.4511e-11    26.1695    26.1679 1.0000e-12     82.000          1       5868    1489.27 3.9495e+00  53041.027    244.455 1531639899      -0.14     -0.520   40.08663  -71.49422    34.1181  1026.5423    26.1722     9.8141 0.0000e+00
     80.364     9.7943    33.9480  1026.5322     3.1358     5.3953     84.465   -0.00043    6.38758    6.39104 -9.990e-29    -0.0251   11.53106   3.690550 2.5127e-11    26.1666    26.1651 1.0000e-12     81.000          1       6100    1489.14 3.9495e+00  53032.395    254.111 1531639908      -0.07     -0.282   40.08664  -71.49425    34.1078  1026.5346    26.1690     9.7852 0.0000e+00
     79.371     9.7819    33.9418  1026.5249     3.1365     5.4040     84.561    0.00058    6.39066    6.39416 -9.990e-29    -0.0265   11.53624   3.688815 2.5318e-11    26.1637    26.1622 1.0000e-12     80.000          1       6162    1489.07 3.9495e+00  53025.434    256.698 1531639911      -0.08     -0.492   40.08664  -71.49426    34.1021  1026.5278    26.1667     9.7729 0.0000e+00
     78.379     9.7738    33.9398  1026.5202     3.1376     5.4076     84.593    0.00063    6.39250    6.39601      8.603    -0.0236   11.53936   3.687766 2.4972e-11    26.1635    26.1621 1.0000e-12     79.000          1       6209    1489.02 3.9495e+00  53023.671    258.669 1531639913       0.02     -0.511   40.08664  -71.49426    34.0994  1026.5225    26.1659     9.7649 0.0000e+00
     77.388     9.7642    33.9356  1026.5140     3.1361     5.4002     84.409   -0.00091    6.39759    6.40117      8.603    -0.0342   11.54790   3.686513 2.5326e-11    26.1618    26.1604 1.0000e-12     78.000          1       6254    1488.97 3.9495e+00  53019.181    260.550 1531639915      -0.06     -0.523   40.08664  -71.49428    34.0960  1026.5169    26.1648     9.7555 0.0000e+00
     76.394     9.7442    33.9252  1026.5047     3.1367     5.4091     84.524    0.00037    6.39944    6.40304      8.601    -0.0199   11.55104   3.683323 2.5320e-11    26.1571    26.1556 1.0000e-12     77.000          1       6336    1488.87 3.9495e+00  53007.953    263.954 1531639918      -0.24     -0.339   40.08664  -71.49429    34.0826  1026.5054    26.1577     9.7355 0.0000e+00
     75.397     9.7139    33.9166  1026.4985     3.1369     5.4109     84.498    0.00010    6.40360    6.40725      8.599    -0.0235   11.55803   3.679690 2.4301e-11    26.1554    26.1539 1.0000e-12     76.000          1       6390    1488.73 3.9495e+00  53001.473    266.220 1531639920      -0.27     -0.687   40.08664  -71.49430    34.0743  1026.4994    26.1562     9.7054 0.0000e+00
     74.415     9.6837    33.9058  1026.4906     3.1372     5.4151     84.496    0.00011    6.40864    6.41234      8.599    -0.0225   11.56649   3.675877 2.5253e-11    26.1518    26.1505 1.0000e-12     75.000          1       6440    1488.59 3.9495e+00  52991.665    268.299 1531639922       0.22     -0.490   40.08664  -71.49430    34.0641  1026.4920    26.1533     9.6753 0.0000e+00
     73.418     9.6779    33.9015  1026.4837     3.1380     5.4286     84.553    0.00047    6.42031    6.42417      8.599    -0.0197   11.58610   3.674977 2.5428e-11    26.1494    26.1481 1.0000e-12     74.000          1       6479    1488.54 3.9495e+00  52986.186    269.904 1531639924      -0.29     -0.605   40.08664  -71.49430    34.0608  1026.4858    26.1516     9.6696 0.0000e+00
     72.425     9.6258    33.8856  1026.4754     3.1395     5.4363     84.630    0.00082    6.42362    6.42750      8.598    -0.0287   11.59178   3.668137 4.8796e-11    26.1455    26.1442 1.0000e-12     73.000          1       6522    1488.32 2.1786e+00  52973.858    271.708 1531639926       0.15     -0.574   40.08664  -71.49432    34.0399  1026.4738    26.1440     9.6177 0.0000e+00
     71.437     9.5568    33.8523  1026.4564     3.1382     5.4281     84.412   -0.00102    6.43049    6.43445      8.597    -0.0250   11.60339   3.658755 2.9902e-11    26.1309    26.1296 1.0000e-12     72.000          1       6581    1488.01 3.5986e+00  52940.761    274.164 1531639928      -0.09     -0.391   40.08664  -71.49433    34.0088  1026.4565    26.1310     9.5489 0.0000e+00
     70.441     9.5387    33.8384  1026.4439     3.1407     5.4469     84.684    0.00117    6.43207    6.43604      8.598    -0.0275   11.60613   3.655584 -9.990e-29    26.1230    26.1217 1.0000e-12     71.000          1       6624    1487.91 3.9368e+00  52924.239    275.960 1531639930      -0.04     -0.554   40.08664  -71.49434    33.9936  1026.4431    26.1222     9.5309 0.0000e+00
     69.455     9.4988    33.8165  1026.4289     3.1488     5.4709     85.120    0.00315    6.42731    6.43121      8.600    -0.0224   11.59833   3.650002 -9.990e-29    26.1124    26.1111 1.0000e-12     70.000          1       6691    1487.73 2.7034e+00  52901.109    278.730 1531639933       0.08     -0.305   40.08664  -71.49434    33.9741  1026.4300    26.1135     9.4911 0.0000e+00
     68.461     9.5203    33.8143  1026.4191     3.1571     5.4959     85.564    0.00510    6.42320    6.42703      8.604    -0.0303   11.59157   3.651886 -9.990e-29    26.1071    26.1058 1.0000e-12     69.000          1       6733    1487.79 -9.990e-29  52892.902    280.495 1531639935      -0.31     -0.582   40.08664  -71.49435    33.9737  1026.4216    26.1096     9.5127 0.0000e+00
     67.463     9.5413    33.8106  1026.4082     3.1638     5.5114     85.797    0.00510    6.42382    6.42766 -9.990e-29    -0.0222   11.59265   3.653528 -9.990e-29    26.1008    26.0996 1.0000e-12     68.000          1       6763    1487.84 -9.990e-29  52882.810    281.758 1531639936      -0.01     -0.789   40.08664  -71.49436    33.9712  1026.4117    26.1043     9.5338 0.0000e+00
     66.472     9.5608    33.8035  1026.3949     3.1763     5.5314     86.103    0.00353    6.42415    6.42799      8.606    -0.0083   11.59323   3.654554 2.5320e-11    26.0920    26.0908 1.0000e-12     67.000          1       6914    1487.89 2.7118e+00  52868.121    288.031 1531639942       0.06     -0.407   40.08664  -71.49438    33.9639  1026.3982    26.0954     9.5534 0.0000e+00
     65.478     9.5417    33.7934  1026.3856     3.1877     5.5447     86.114   -0.00096    6.43875    6.44277      8.603    -0.0310   11.61770   3.651733 2.4963e-11    26.0872    26.0860 1.0000e-12     66.000          1       7878    1487.79 4.2308e+00  52857.178    328.198 1531639982      -0.20     -0.438   40.08664  -71.49452    33.9532  1026.3885    26.0902     9.5344 0.0000e+00
     64.488     9.4855    33.7737  1026.3749     3.1826     5.5555     85.836   -0.00200    6.47230    6.47673      8.596    -0.0232   11.67408   3.644047 2.5162e-11    26.0810    26.0798 1.0000e-12     65.000          1       7941    1487.54 3.9495e+00  52840.532    330.850 1531639985       0.14     -0.523   40.08664  -71.49453    33.9272  1026.3730    26.0791     9.4784 0.0000e+00
     63.503     9.2938    33.7101  1026.3521     3.1692     5.5145     84.956   -0.00670    6.49103    6.49569      8.588    -0.0296   11.70549   3.619809 2.4906e-11    26.0623    26.0612 1.0000e-12     64.000          1       8018    1486.75 3.9495e+00  52790.310    334.045 1531639988      -0.31     -0.353   40.08664  -71.49455    33.8576  1026.3456    26.0559     9.2869 0.0000e+00
     62.507     9.1598    33.6614  1026.3311     3.1577     5.5173     84.770   -0.00411    6.50857    6.51344      8.586    -0.0232   11.73500   3.602811 2.5147e-11    26.0456    26.0446 1.0000e-12     63.000          1       8078    1486.18 3.9495e+00  52749.964    336.562 1531639991      -0.19     -0.387   40.08664  -71.49456    33.8080  1026.3240    26.0386     9.1531 0.0000e+00
     61.511     9.0952    33.6416  1026.3214     3.1544     5.5464     84.909   -0.00116    6.53224    6.53739      8.583    -0.0275   11.77484   3.595083 2.5317e-11    26.0404    26.0393 1.0000e-12     62.000          1       8125    1485.90 3.9495e+00  52735.114    338.482 1531639993      -0.62     -0.651   40.08664  -71.49456    33.7890  1026.3151    26.0341     9.0886 0.0000e+00
     60.520     8.9909    33.6004  1026.3012     3.1531     5.5626     84.889   -0.00085    6.55273    6.55811      8.574    -0.0277   11.80952   3.581241 2.5320e-11    26.0246    26.0236 1.0000e-12     61.000          1       8165    1485.45 3.9495e+00  52698.962    340.187 1531639994       0.20     -0.640   40.08664  -71.49456    33.7435  1026.2917    26.0151     8.9844 0.0000e+00
     59.532     8.8065    33.5153  1026.2592     3.1415     5.5144     83.998   -0.00622    6.56497    6.57048      8.566    -0.0229   11.83036   3.556093 2.5320e-11    25.9869    25.9859 1.0000e-12     60.000          1       8219    1484.64 3.9495e+00  52619.238    342.397 1531639997      -0.20     -0.446   40.08664  -71.49457    33.6550  1026.2472    25.9748     8.8002 0.0000e+00
     58.537     8.7143    33.4592  1026.2252     3.1279     5.4759     83.379   -0.00770    6.56746    6.57298      8.563    -0.0233   11.83481   3.542932 2.5151e-11    25.9572    25.9563 1.0000e-12     59.000          1       8261    1484.22 3.9495e+00  52559.163    344.161 1531639998       0.04     -0.570   40.08664  -71.49458    33.6043  1026.2175    25.9495     8.7082 0.0000e+00
     57.550     8.6798    33.4178  1026.1936     3.1166     5.4695     83.266   -0.00440    6.56864    6.57414      8.561    -0.0359   11.83713   3.536196 2.5331e-11    25.9301    25.9292 1.0000e-12     58.000          1       8317    1484.02 3.9495e+00  52508.068    346.513 1531640001       0.03     -0.396   40.08664  -71.49459    33.5665  1026.1889    25.9254     8.6738 0.0000e+00
     56.555     8.6828    33.3876  1026.1649     3.1110     5.4692     83.249   -0.00222    6.56972    6.57521      8.564    -0.0245   11.83931   3.533827 2.5320e-11    25.9059    25.9050 1.0000e-12     57.000          1       8374    1483.98 3.9495e+00  52463.961    348.888 1531640003       0.01     -0.391   40.08664  -71.49460    33.5391  1026.1625    25.9035     8.6769 0.0000e+00
     55.569     8.6857    33.3528  1026.1326     3.1204     5.5418     84.367    0.00673    6.56869    6.57412      8.568    -0.0277   11.83803   3.530830 2.7249e-11    25.8781    25.8772 1.0000e-12     56.000          1       8436    1483.93 3.7990e+00  52413.328    351.441 1531640006      -0.51     -0.372   40.08664  -71.49460    33.5052  1026.1311    25.8766     8.6800 0.0000e+00
     54.568     8.6869    33.3280  1026.1084     3.1350     5.5791     85.022    0.00851    6.56205    6.56738      8.573    -0.0206   11.82720   3.528693 3.6523e+04    25.8585    25.8576 1.0000e-12     55.000          1       8475    1483.89 1.3683e+00  52377.408    353.065 1531640007      -0.02     -0.573   40.08664  -71.49461    33.4820  1026.1082    25.8583     8.6813 0.0000e+00
     53.588     8.7240    33.3052  1026.0804     3.1638     5.6476     86.249    0.01124    6.54799    6.55306      8.581    -0.0144   11.80442   3.530319 -9.990e-29    25.8350    25.8341 1.0000e-12     54.000          1       8539    1483.98 3.4696e+00  52336.295    355.759 1531640010      -0.46     -0.273   40.08664  -71.49462    33.4645  1026.0843    25.8390     8.7184 0.0000e+00
     52.581     8.7975    33.2885  1026.0512     3.1811     5.6949     86.970    0.01264    6.54811    6.55319      8.584    -0.0104   11.80469   3.535444 -9.990e-29    25.8105    25.8097 1.0000e-12     53.000          1       8570    1484.22 3.8790e+00  52295.884    357.041 1531640011      -0.01     -0.702   40.08664  -71.49462    33.4495  1026.0566    25.8159     8.7920 0.0000e+00
     51.598     8.8603    33.2546  1026.0104     3.2105     5.7608     87.988    0.01255    6.54720    6.55226      8.589     0.0010   11.80329   3.537683 2.6530e+04    25.7742    25.7734 1.0000e-12     52.000          1       8626    1484.39 1.9036e+00  52233.565    359.388 1531640014      -0.00     -0.348   40.08664  -71.49462    33.4143  1026.0149    25.7788     8.8549 0.0000e+00
     50.602     8.8660    33.2471  1025.9990     3.2231     5.7439     87.738    0.00476    6.54669    6.55174      8.589    -0.0039   11.80248   3.537412 7.5192e+04    25.7675    25.7666 1.0000e-12     51.000          1       8688    1484.39 4.9130e-01  52221.034    361.952 1531640016       0.06     -0.365   40.08664  -71.49464    33.4066  1026.0034    25.7718     8.8606 0.0000e+00
     49.609     8.8740    33.2412  1025.9885     3.2299     5.7380     87.658    0.00122    6.54592    6.55095      8.589     0.0037   11.80124   3.537468 4.5010e+04    25.7615    25.7607 1.0000e-12     50.000          1       8792    1484.39 2.1755e+00  52210.222    366.273 1531640020      -0.10     -0.225   40.08664  -71.49466    33.4000  1025.9925    25.7655     8.8688 0.0000e+00
     48.616     8.8831    33.2357  1025.9783     3.2372     5.7499     87.894    0.00121    6.54185    6.54680      8.589     0.0129   11.79476   3.537674 1.0759e+03    25.7558    25.7550 1.0000e-12     49.000          1       9571    1484.40 3.9070e+00  52199.876    398.763 1531640053       0.08     -0.380   40.08664  -71.49476    33.3941  1025.9819    25.7594     8.8780 0.0000e+00
     47.625     8.9108    33.2193  1025.9565     3.2456     5.7721     88.371    0.00357    6.53167    6.53644      8.595     0.0270   11.77838   3.538594 2.5320e-11    25.7386    25.7378 1.0000e-12     48.000          1       9795    1484.47 3.9495e+00  52170.068    408.085 1531640062      -0.20     -0.402   40.08664  -71.49479    33.3782  1025.9606    25.7427     8.9057 0.0000e+00
     46.639     8.9578    33.1957  1025.9262     3.2566     5.7903     88.847    0.00492    6.51713    6.52165      8.602     0.0471   11.75476   3.540684 2.4775e-11    25.7128    25.7120 1.0000e-12     47.000          1       9853    1484.60 3.9495e+00  52125.908    410.487 1531640065       0.08     -0.436   40.08664  -71.49480    33.3564  1025.9317    25.7184     8.9529 0.0000e+00
     45.641     9.0326    33.1670  1025.8873     3.2683     5.8128     89.433    0.00719    6.49968    6.50392      8.606     0.0724   11.72630   3.544852 2.5314e-11    25.6786    25.6778 1.0000e-12     46.000          1       9889    1484.82 3.9495e+00  52068.890    411.998 1531640066      -0.22     -0.634   40.08664  -71.49480    33.3303  1025.8951    25.6864     9.0277 0.0000e+00
     44.647     9.1172    33.1431  1025.8507     3.2903     5.8748     90.583    0.01180    6.48550    6.48953      8.609     0.2090   11.70301   3.550314 4.3441e-11    25.6466    25.6458 1.0000e-12     45.000          1       9931    1485.09 2.5362e+00  52016.518    413.761 1531640068       0.13     -0.591   40.08664  -71.49481    33.3085  1025.8602    25.6561     9.1125 0.0000e+00
     43.662     9.3593    33.0878  1025.7642     3.3254     5.9593     91.977    0.01383    6.47915    6.48309      8.609     0.3634   11.69248   3.567130 4.0811e-11    25.5648    25.5640 1.0000e-12     44.000          1       9993    1485.90 2.7413e+00  51886.841    416.336 1531640070      -0.10     -0.331   40.08664  -71.49482    33.2581  1025.7778    25.5784     9.3546 0.0000e+00
