CalculateIndicators/WaterTemperature/Data/CTD_NYOS/NY1807C21.cnv
* Sea-Bird SBE 9 Data File:
* FileName = C:\Seabird 9 CTD\Data\2018\OffshoreCruise201807\NY1807C21.hex
* Software Version Seasave V 7.23.2
* Temperature SN = 4590
* Conductivity SN = 3228
* Number of Bytes Per Scan = 44
* Number of Voltage Words = 5
* Number of Scans Averaged by the Deck Unit = 1
* NMEA Latitude = 39 13.62 N
* NMEA Longitude = 072 33.41 W
* NMEA UTC (Time) = Jul 19 2018  02:54:04
* NMEA baud rate = 4800
** Ship: RV Seawolf
** Station: NY1807C21
** Operator: jdw
# nquan = 35
# nvalues = 265                         
# units = specified
# name 0 = depSM: Depth [salt water, m]
# name 1 = t090C: Temperature [ITS-90, deg C]
# name 2 = sal00: Salinity, Practical [PSU]
# name 3 = density00: Density [density, kg/m^3]
# name 4 = sbeox0V: Oxygen raw, SBE 43 [V]
# name 5 = sbeox0ML/L: Oxygen, SBE 43 [ml/l]
# name 6 = sbeox0PS: Oxygen, SBE 43 [% saturation]
# name 7 = sbox0dV/dT: Oxygen, SBE 43 [dov/dt]
# name 8 = oxsolML/L: Oxygen Saturation, Garcia & Gordon [ml/l]
# name 9 = oxsatML/L: Oxygen Saturation, Weiss [ml/l]
# name 10 = ph: pH
# name 11 = flECO-AFL: Fluorescence, WET Labs ECO-AFL/FL [mg/m^3]
# name 12 = n2satML/L: Nitrogen Saturation [ml/l]
# name 13 = c0S/m: Conductivity [S/m]
# name 14 = cpar: CPAR/Corrected Irradiance [%]
# name 15 = sigma-é00: Density [sigma-theta, kg/m^3]
# name 16 = sigma-t00: Density [sigma-t, kg/m^3 ]
# name 17 = par: PAR/Irradiance, Biospherical/Licor
# name 18 = prDM: Pressure, Digiquartz [db]
# name 19 = pumps: Pump Status
# name 20 = scan: Scan Count
# name 21 = svCM: Sound Velocity [Chen-Millero, m/s]
# name 22 = spar: SPAR, Biospherical/Licor
# name 23 = specc: Specific Conductance [uS/cm]
# name 24 = timeS: Time, Elapsed [seconds]
# name 25 = timeY: Time, System [seconds]
# name 26 = accM: Acceleration [m/s^2]
# name 27 = dz/dtM: Descent Rate [m/s]
# name 28 = latitude: Latitude [deg]
# name 29 = longitude: Longitude [deg]
# name 30 = gsw_saA0: Absolute Salinity [g/kg]
# name 31 = gsw_densityA0: density, TEOS-10 [density, kg/m^3]
# name 32 = gsw_sigma0A0: density, TEOS-10 [sigma-0, kg/m^3 ]
# name 33 = gsw_ptA0: potential temperature [ITS-90, deg C]
# name 34 = flag: flag
# span 0 =      1.979,    132.944       
# span 1 =     9.2376,    23.7410       
# span 2 =    33.8106,    35.5513       
# span 3 =  1022.8328,  1027.4631       
# span 4 =     2.8936,     4.5107       
# span 5 =     4.5336,     6.8748       
# span 6 =     75.727,    134.367       
# span 7 =   -0.09131,    0.12289       
# span 8 =    4.87427,    6.46679       
# span 9 =    4.86250,    6.47133       
# span 10 =      8.684,      9.007      
# span 11 =    -0.0980,     1.3137      
# span 12 =    9.02201,   11.66270      
# span 13 =   3.630243,   5.021592      
# span 14 = -4.152e+03, 9.3451e+04      
# span 15 =    22.8242,    26.8684      
# span 16 =    22.8241,    26.8649      
# span 17 = -1.617e-04, 8.6652e-01      
# span 18 =      2.000,    134.000      
# span 19 =          1,          1      
# span 20 =        202,      15601      
# span 21 =    1486.51,    1530.11      
# span 22 = 3.7453e-01, 4.2255e+00      
# span 23 =  51484.281,  54768.196      
# span 24 =      8.390,    649.987      
# span 25 = 1531968908, 1531969549      
# span 26 =      -0.67,       0.60      
# span 27 =     -1.216,      1.125      
# span 28 =   39.22686,   39.22708      
# span 29 =  -72.55839,  -72.55710      
# span 30 =    33.9781,    35.7201      
# span 31 =  1022.8368,  1027.4674      
# span 32 =    22.8283,    26.8729      
# span 33 =     9.2323,    23.7402      
# span 34 = 0.0000e+00, 0.0000e+00      
# interval = decibars: 1                
# start_time = Jul 19 2018 02:54:59 [System UTC, first data scan.]
# bad_flag = -9.990e-29
*END*
[from data line 249]
     16.874    20.9098    34.7984  1024.4390     4.4627     6.5722    129.843   -0.00544    5.06169    5.05111      8.912     0.5139    9.32425   4.864299 2.5320e-11    24.3658    24.3649 1.0000e-12     17.000          1      14758    1524.02 3.9495e+00  52926.210    614.888 1531969514      -0.06     -0.377   39.22688  -72.55832    34.9967  1024.4691    24.3958    20.9065 0.0000e+00
     15.879    20.9565    34.7987  1024.4221     4.4558     6.5124    129.715   -0.00293    5.02045    5.00957      8.908     0.3778    9.25727   4.869410 2.5320e-11    24.3532    24.3524 1.0000e-12     16.000          1      14800    1524.13 3.9495e+00  52923.475    616.633 1531969516      -0.01     -0.572   39.22688  -72.55832    34.9998  1024.4543    24.3854    20.9535 0.0000e+00
     14.891    21.3777    34.7748  1024.2846     4.3989     6.3282    126.462   -0.02943    5.00403    4.99303      8.899     0.2727    9.23083   4.910061 2.5320e-11    24.2201    24.2193 1.0000e-12     15.000          1      14837    1525.22 3.9495e+00  52873.148    618.180 1531969517      -0.15     -0.602   39.22688  -72.55834    34.9822  1024.3214    24.2569    21.3748 0.0000e+00
     13.890    21.6859    34.6738  1024.1182     4.3080     6.0772    121.276   -0.07141    5.01106    5.00012      8.899     0.2578    9.24207   4.928496 2.5320e-11    24.0581    24.0574 1.0000e-12     14.000          1      14864    1525.91 3.9495e+00  52722.173    619.295 1531969518      -0.15     -0.838   39.22688  -72.55834    34.8792  1024.1539    24.0937    21.6832 0.0000e+00
     12.901    22.0051    34.5350  1023.9196     4.2608     6.0349    120.568   -0.05155    5.00540    4.99442      8.894     0.2735    9.23285   4.942313 2.5320e-11    23.8638    23.8631 1.0000e-12     13.000          1      14896    1526.58 3.9495e+00  52521.025    620.619 1531969520       0.13     -0.801   39.22688  -72.55834    34.7316  1023.9490    23.8932    22.0025 0.0000e+00
     11.906    21.9404    34.5740  1023.9630     4.2474     6.1047    122.015   -0.01074    5.00324    4.99224      8.893     0.2599    9.22940   4.939735 2.5320e-11    23.9115    23.9108 1.0000e-12     12.000          1      14932    1526.44 3.9495e+00  52576.916    622.118 1531969521       0.06     -0.689   39.22688  -72.55834    34.7636  1023.9869    23.9354    21.9380 0.0000e+00
     10.920    22.0124    34.5541  1023.9234     4.2286     6.0605    121.322   -0.01131    4.99536    4.98432      8.892     0.2335    9.21661   4.943964 2.5320e-11    23.8762    23.8756 1.0000e-12     11.000          1      14975    1526.59 3.9495e+00  52546.220    623.913 1531969523       0.01     -0.537   39.22688  -72.55834    34.7395  1023.9442    23.8970    22.0102 0.0000e+00
      9.919    22.0141    34.5534  1023.9180     4.2038     6.0041    120.232   -0.01581    4.99375    4.98266      8.891     0.2013    9.21502   4.943740 2.5320e-11    23.8751    23.8746 1.0000e-12     10.000          1      15010    1526.58 3.9495e+00  52545.191    625.374 1531969524      -0.05     -0.675   39.22688  -72.55834    34.7366  1023.9372    23.8943    22.0122 0.0000e+00
      8.939    22.1220    34.5017  1023.8442     4.1834     5.9433    119.882   -0.00779    4.95760    4.94625      8.876     0.1399    9.15779   4.946861 2.5320e-11    23.8056    23.8051 1.0000e-12      9.000          1      15059    1526.78 3.9495e+00  52470.764    627.400 1531969527       0.10     -0.462   39.22688  -72.55834    34.6751  1023.8562    23.8176    22.1202 0.0000e+00
      7.944    22.1719    34.3904  1023.7413     4.1193     5.7484    116.182   -0.03986    4.94774    4.93633      8.866     0.0945    9.14159   4.938617 2.5320e-11    23.7070    23.7065 1.0000e-12      8.000          1      15089    1526.78 3.9495e+00  52316.886    628.654 1531969528      -0.38     -0.681   39.22688  -72.55834    34.5709  1023.7590    23.7247    22.1704 0.0000e+00
      6.944    22.4749    34.1997  1023.5068     4.0619     5.5979    113.201   -0.06136    4.94511    4.93369      8.865     0.0945    9.13726   4.945416 2.5320e-11    23.4768    23.4764 1.0000e-12      7.000          1      15111    1527.34 3.9495e+00  52049.095    629.590 1531969529      -0.21     -0.981   39.22688  -72.55834    34.3842  1023.5282    23.4982    22.4735 0.0000e+00
      5.946    22.7195    34.1143  1023.3682     4.0221     5.5745    112.648   -0.04277    4.94856    4.93716      8.865     0.0973    9.14280   4.959437 2.5320e-11    23.3425    23.3421 1.0000e-12      6.000          1      15141    1527.86 3.9495e+00  51924.241    630.833 1531969530       0.20     -0.912   39.22688  -72.55835    34.3014  1023.3918    23.3660    22.7183 0.0000e+00
      4.964    22.8387    34.0944  1023.3148     3.9906     5.5644    112.917   -0.01255    4.92778    4.91627      8.859     0.0976    9.10891   4.968029 4.7518e+00    23.2933    23.2931 1.8767e-01      5.000          1      15214    1528.13 3.9495e+00  51893.351    633.873 1531969533       0.06     -0.240   39.22688  -72.55836    34.2749  1023.3334    23.3120    22.8377 0.0000e+00
      3.967    22.9148    34.0801  1023.2778     3.9411     5.4217    110.850   -0.02037    4.89089    4.87920      8.845     0.0500    9.04926   4.973225 1.1973e+01    23.2607    23.2605 4.7289e-01      4.000          1      15280    1528.29 3.9495e+00  51871.138    636.636 1531969536      -0.22     -0.453   39.22688  -72.55836    34.2560  1023.2930    23.2758    22.9140 0.0000e+00
      2.977    23.4952    33.8857  1022.9586     3.7969     5.1136    104.788   -0.04388    4.87995    4.86820      8.842     0.0336    9.03157   5.007479 2.0637e+01    22.9457    22.9456 8.1506e-01      3.000          1      15356    1529.54 3.9495e+00  51591.176    639.782 1531969539       0.09     -0.297   39.22688  -72.55838    34.0697  1022.9804    22.9675    23.4946 0.0000e+00
      1.979    23.6915    33.8106  1022.8403     3.7428     5.1072    104.710   -0.00222    4.87750    4.86574      8.851     0.0258    9.02761   5.015227 2.1940e+01    22.8318    22.8317 8.6652e-01      2.000          1      15601    1529.94 3.9495e+00  51484.281    649.987 1531969549      -0.20     -0.134   39.22688  -72.55839    33.9781  1022.8499    22.8413    23.6911 0.0000e+00
