CalculateIndicators/WaterTemperature/Data/CTD_NYOS/NY1807C05.cnv
* Sea-Bird SBE 9 Data File:
* FileName = C:\Seabird 9 CTD\Data\2018\OffshoreCruise201807\NY1807C05.hex
* Software Version Seasave V 7.23.2
* Temperature SN = 4590
* Conductivity SN = 3228
* Number of Bytes Per Scan = 44
* Number of Voltage Words = 5
* Number of Scans Averaged by the Deck Unit = 1
* NMEA Latitude = 39 39.66 N
* NMEA Longitude = 072 01.59 W
* NMEA UTC (Time) = Jul 15 2018  17:16:33
* NMEA baud rate = 4800
** Ship: RV Seawolf
** Station: NY1807C05
** Operator: AJB
# nquan = 35
# nvalues = 338                         
# units = specified
# name 0 = depSM: Depth [salt water, m]
# name 1 = t090C: Temperature [ITS-90, deg C]
# name 2 = sal00: Salinity, Practical [PSU]
# name 3 = density00: Density [density, kg/m^3]
# name 4 = sbeox0V: Oxygen raw, SBE 43 [V]
# name 5 = sbeox0ML/L: Oxygen, SBE 43 [ml/l]
# name 6 = sbeox0PS: Oxygen, SBE 43 [% saturation]
# name 7 = sbox0dV/dT: Oxygen, SBE 43 [dov/dt]
# name 8 = oxsolML/L: Oxygen Saturation, Garcia & Gordon [ml/l]
# name 9 = oxsatML/L: Oxygen Saturation, Weiss [ml/l]
# name 10 = ph: pH
# name 11 = flECO-AFL: Fluorescence, WET Labs ECO-AFL/FL [mg/m^3]
# name 12 = n2satML/L: Nitrogen Saturation [ml/l]
# name 13 = c0S/m: Conductivity [S/m]
# name 14 = cpar: CPAR/Corrected Irradiance [%]
# name 15 = sigma-é00: Density [sigma-theta, kg/m^3]
# name 16 = sigma-t00: Density [sigma-t, kg/m^3 ]
# name 17 = par: PAR/Irradiance, Biospherical/Licor
# name 18 = prDM: Pressure, Digiquartz [db]
# name 19 = pumps: Pump Status
# name 20 = scan: Scan Count
# name 21 = svCM: Sound Velocity [Chen-Millero, m/s]
# name 22 = spar: SPAR, Biospherical/Licor
# name 23 = specc: Specific Conductance [uS/cm]
# name 24 = timeS: Time, Elapsed [seconds]
# name 25 = timeY: Time, System [seconds]
# name 26 = accM: Acceleration [m/s^2]
# name 27 = dz/dtM: Descent Rate [m/s]
# name 28 = latitude: Latitude [deg]
# name 29 = longitude: Longitude [deg]
# name 30 = gsw_saA0: Absolute Salinity [g/kg]
# name 31 = gsw_densityA0: density, TEOS-10 [density, kg/m^3]
# name 32 = gsw_sigma0A0: density, TEOS-10 [sigma-0, kg/m^3 ]
# name 33 = gsw_ptA0: potential temperature [ITS-90, deg C]
# name 34 = flag: flag
# span 0 =      0.981,    168.652       
# span 1 =     8.9019,    22.1066       
# span 2 =    33.3051,    35.4819       
# span 3 =  1022.9117,  1027.6911       
# span 4 =     2.6390,     4.1249       
# span 5 =     4.0687,     6.8063       
# span 6 =     67.685,    118.723       
# span 7 =   -0.03876,    0.02553       
# span 8 =    5.02961,    6.51572       
# span 9 =    5.01841,    6.52089       
# span 10 =      8.612,      8.888      
# span 11 =    -0.0744,     0.7287      
# span 12 =    9.28541,   11.74456      
# span 13 =   3.592597,   4.845401      
# span 14 = 4.7487e-14, 3.4089e+01      
# span 15 =    22.9031,    26.9348      
# span 16 =    22.9030,    26.9305      
# span 17 = 1.0000e-12, 6.1927e+02      
# span 18 =      1.000,    170.000      
# span 19 =          1,          1      
# span 20 =       1013,      46733      
# span 21 =    1485.61,    1525.68      
# span 22 = 9.1276e+02, 2.1296e+03      
# span 23 =  50844.434,  54788.017      
# span 24 =     42.156,   1947.187      
# span 25 = 1531675051, 1531676956      
# span 26 =      -0.50,       0.84      
# span 27 =     -0.813,      0.796      
# span 28 =   39.65518,   39.66095      
# span 29 =  -72.02638,  -72.02299      
# span 30 =    33.4701,    35.6502      
# span 31 =  1022.9198,  1027.6957      
# span 32 =    22.9112,    26.9395      
# span 33 =     8.8938,    22.1062      
# span 34 = 0.0000e+00, 0.0000e+00      
# interval = decibars: 1                
# start_time = Jul 15 2018 17:16:49 [System UTC, first data scan.]
# bad_flag = -9.990e-29
*END*
[from data line 249]
     89.292    11.1107    34.6066  1026.8543     3.1764     5.3132     85.946   -0.00022    6.18197    6.18316 -9.990e-29    -0.0205   11.18338   3.879112 7.5630e-14    26.4511    26.4490 1.0000e-12     90.000          1      34388    1494.77 1.3222e+03  53708.350   1432.791 1531676442      -0.00     -0.259   39.65693  -72.02393    34.7701  1026.8577    26.4545    11.0997 0.0000e+00
     88.300    11.0724    34.5899  1026.8438     3.1767     5.3473     85.936   -0.00043    6.22247    6.22412      8.655    -0.0221   11.25149   3.873416 7.6056e-14    26.4450    26.4430 1.0000e-12     89.000          1      34572    1494.60 1.3148e+03  53691.344   1440.467 1531676450      -0.09     -0.270   39.65690  -72.02392    34.7498  1026.8445    26.4457    11.0615 0.0000e+00
     87.310    10.7800    34.4809  1026.8074     3.1857     5.4107     86.553    0.00316    6.25126    6.25322      8.650    -0.0276   11.30033   3.833347 7.6222e-14    26.4125    26.4106 9.0278e-08     88.000          1      34678    1493.42 1.3116e+03  53592.053   1444.864 1531676454      -0.09     -0.227   39.65690  -72.02392    34.6245  1026.7958    26.4008    10.7694 0.0000e+00
     86.315    10.5165    34.3465  1026.7453     3.1941     5.4502     86.667    0.00096    6.28867    6.29108      8.648    -0.0194   11.36326   3.795761 3.8961e-06    26.3543    26.3525 3.5505e-05     87.000          1      34833    1492.31 1.3010e+03  53452.845   1451.313 1531676460      -0.25     -0.256   39.65688  -72.02391    34.4951  1026.7380    26.3469    10.5062 0.0000e+00
     85.326    10.3396    34.2876  1026.7260     3.1922     5.4506     86.506   -0.00012    6.30083    6.30337 -9.990e-29    -0.0206   11.38374   3.773801 1.2272e-04    26.3391    26.3374 1.5906e-03     86.000          1      34941    1491.59 1.3005e+03  53403.693   1455.832 1531676465      -0.04     -0.226   39.65686  -72.02390    34.4402  1026.7219    26.3350    10.3296 0.0000e+00
     84.332    10.3125    34.2731  1026.7150     3.1912     5.4493     86.454   -0.00023    6.30312    6.30569      8.645    -0.0146   11.38760   3.770356 3.0200e-04    26.3325    26.3308 3.8964e-03     85.000          1      35083    1491.46 1.2897e+03  53388.044   1461.771 1531676471      -0.20     -0.229   39.65684  -72.02390    34.4314  1026.7152    26.3328    10.3026 0.0000e+00
     83.344    10.2933    34.2660  1026.7083     3.1938     5.4675     86.644    0.00112    6.31035    6.31301      8.642    -0.0113   11.39977   3.767987 7.8785e-04    26.3302    26.3285 1.0111e-02     84.000          1      35203    1491.37 1.2835e+03  53381.137   1466.765 1531676476      -0.01     -0.251   39.65684  -72.02388    34.4259  1026.7098    26.3318    10.2835 0.0000e+00
     82.349    10.2059    34.2388  1026.6977     3.1879     5.4598     86.204   -0.00167    6.33360    6.33654      8.638    -0.0282   11.43883   3.756769 1.2568e-03    26.3240    26.3223 1.6049e-02     83.000          1      35334    1491.01 1.2767e+03  53359.410   1472.209 1531676481      -0.08     -0.271   39.65681  -72.02388    34.3949  1026.6964    26.3227    10.1963 0.0000e+00
     81.349    10.0774    34.1894  1026.6768     3.1832     5.4629     86.111   -0.00081    6.34407    6.34713      8.635    -0.0204   11.45642   3.739955 1.5877e-03    26.3074    26.3058 2.0168e-02     82.000          1      35437    1490.47 1.2709e+03  53314.748   1476.484 1531676486      -0.32     -0.439   39.65680  -72.02388    34.3457  1026.6758    26.3063    10.0679 0.0000e+00
     80.369     9.9643    34.1532  1026.6635     3.1798     5.4798     86.009   -0.00049    6.37131    6.37469      8.632    -0.0237   11.50221   3.725891 2.0728e-03    26.2983    26.2967 2.6197e-02     81.000          1      35628    1490.00 1.2635e+03  53285.943   1484.459 1531676493      -0.05     -0.122   39.65678  -72.02386    34.3094  1026.6625    26.2973     9.9551 0.0000e+00
     79.370     9.7130    34.0663  1026.6335     3.1749     5.5171     85.850   -0.00053    6.42645    6.43052      8.625    -0.0327   11.59465   3.693204 2.5345e-03    26.2723    26.2708 3.1899e-02     80.000          1      35732    1488.97 1.2586e+03  53214.284   1488.781 1531676498      -0.15     -0.273   39.65677  -72.02385    34.2123  1026.6247    26.2636     9.7040 0.0000e+00
     78.382     9.3217    33.9482  1026.6017     3.1716     5.5430     85.691   -0.00114    6.46859    6.47317      8.617    -0.0274   11.66552   3.645521 3.0966e-03    26.2443    26.2429 3.8794e-02     79.000          1      35874    1487.39 1.2534e+03  53129.190   1494.706 1531676504      -0.15     -0.174   39.65675  -72.02384    34.0918  1026.5914    26.2340     9.3131 0.0000e+00
     77.391     9.1144    33.8653  1026.5660     3.1666     5.5728     85.528   -0.00104    6.51572    6.52089      8.613    -0.0326   11.74456   3.618885 3.6504e-03    26.2127    26.2114 4.5624e-02     78.000          1      36007    1486.51 1.2498e+03  53056.576   1500.266 1531676509      -0.02     -0.239   39.65673  -72.02384    34.0121  1026.5584    26.2051     9.1061 0.0000e+00
     76.397     8.9019    33.7899  1026.5365     3.1769     5.6015     86.066    0.00106    6.50833    6.51337      8.612    -0.0330   11.73259   3.592597 4.6810e-03    26.1873    26.1860 5.8198e-02     77.000          1      36161    1485.61 1.2435e+03  52996.269   1506.662 1531676516      -0.06     -0.232   39.65671  -72.02382    33.9400  1026.5316    26.1824     8.8938 0.0000e+00
     75.404     9.0538    33.7773  1026.4978     3.1674     5.5376     85.337   -0.00319    6.48914    6.49390      8.616    -0.0249   11.70082   3.606538 5.6071e-03    26.1534    26.1521 6.9205e-02     76.000          1      36316    1486.14 1.2344e+03  52944.325   1513.122 1531676522      -0.08     -0.214   39.65668  -72.02381    33.9417  1026.5042    26.1598     9.0457 0.0000e+00
     74.415     9.2200    33.8058  1026.4888     3.1667     5.5286     85.728    0.00195    6.44899    6.45323      8.621    -0.0168   11.63388   3.624961 6.6153e-03    26.1492    26.1479 8.1430e-02     75.000          1      36488    1486.77 1.2313e+03  52948.385   1520.275 1531676529      -0.26     -0.171   39.65666  -72.02379    33.9763  1026.4998    26.1602     9.2119 0.0000e+00
     73.417     9.4559    33.8448  1026.4761     3.1725     5.5176     85.837    0.00104    6.42803    6.43198      8.623    -0.0075   11.59892   3.650611 7.3452e-03    26.1415    26.1402 9.0038e-02     74.000          1      36587    1487.67 1.2259e+03  52952.535   1524.408 1531676533      -0.15     -0.396   39.65664  -72.02378    34.0191  1026.4901    26.1555     9.4478 0.0000e+00
     72.430     9.5469    33.8606  1026.4690     3.1750     5.5228     85.928    0.00125    6.42726    6.43120      8.623    -0.0153   11.59772   3.659346 8.6042e-03    26.1390    26.1377 1.0469e-01     73.000          1      36742    1488.00 1.2166e+03  52954.955   1530.880 1531676540      -0.05     -0.249   39.65663  -72.02378    34.0238  1026.4743    26.1443     9.5388 0.0000e+00
     71.435     9.5148    33.8521  1026.4631     3.1781     5.5280     85.978    0.00068    6.42949    6.43346      8.623    -0.0044   11.60148   3.655384 9.4576e-03    26.1376    26.1363 1.1492e-01     72.000          1      36871    1487.86 1.2152e+03  52949.143   1536.267 1531676545      -0.26     -0.234   39.65661  -72.02377    34.0137  1026.4672    26.1417     9.5069 0.0000e+00
     70.449     9.5139    33.8486  1026.4560     3.1796     5.5215     85.936   -0.00028    6.42511    6.42902      8.623    -0.0044   11.59424   3.654926 1.0908e-02    26.1350    26.1337 1.3225e-01     71.000          1      37008    1487.84 1.2126e+03  52943.683   1541.951 1531676551      -0.05     -0.211   39.65659  -72.02376    34.0103  1026.4602    26.1392     9.5060 0.0000e+00
     69.446     9.5553    33.8495  1026.4453     3.1825     5.5345     86.192    0.00162    6.42110    6.42495      8.622    -0.0149   11.58760   3.659041 1.2454e-02    26.1289    26.1276 1.5056e-01     70.000          1      37096    1487.97 1.2089e+03  52935.727   1545.612 1531676555      -0.31     -0.514   39.65658  -72.02376    34.0141  1026.4517    26.1354     9.5475 0.0000e+00
     68.457     9.5964    33.8493  1026.4338     3.1850     5.5253     86.094   -0.00037    6.41775    6.42154 -9.990e-29    -0.0120   11.58209   3.662521 1.4074e-02    26.1220    26.1207 1.7042e-01     69.000          1      37245    1488.10 1.2108e+03  52926.417   1551.813 1531676561      -0.28     -0.424   39.65656  -72.02374    34.0115  1026.4384    26.1266     9.5888 0.0000e+00
     67.467     9.5920    33.8453  1026.4269     3.1880     5.5393     86.298    0.00090    6.41884    6.42265      8.622    -0.0123   11.58392   3.661568 1.5655e-02    26.1196    26.1183 1.8916e-01     68.000          1      37360    1488.07 1.2083e+03  52921.083   1556.630 1531676566      -0.14     -0.403   39.65654  -72.02374    34.0063  1026.4306    26.1233     9.5845 0.0000e+00
     66.468     9.5880    33.8430  1026.4211     3.1917     5.5469     86.422    0.00091    6.41843    6.42223      8.622    -0.0081   11.58327   3.660899 1.7221e-02    26.1184    26.1172 2.0794e-01     67.000          1      37493    1488.03 1.2076e+03  52917.923   1562.161 1531676571      -0.29     -0.459   39.65653  -72.02372    34.0036  1026.4246    26.1218     9.5806 0.0000e+00
     65.471     9.5765    33.8367  1026.4136     3.1906     5.5402     86.293   -0.00004    6.42020    6.42402      8.618    -0.0079   11.58627   3.659152 1.8332e-02    26.1153    26.1141 2.0719e-01     66.000          1      39133    1487.97 1.1300e+03  52910.850   1630.508 1531676640      -0.23     -0.510   39.65630  -72.02359    33.9969  1026.4168    26.1185     9.5692 0.0000e+00
     64.491     9.5949    33.8390  1026.4079     3.1915     5.5395     86.311    0.00005    6.41807    6.42187      8.618    -0.0074   11.58272   3.661118 1.9872e-02    26.1142    26.1130 2.2186e-01     65.000          1      39428    1488.02 1.1166e+03  52909.738   1642.787 1531676652      -0.02     -0.406   39.65625  -72.02356    34.0002  1026.4118    26.1180     9.5877 0.0000e+00
     63.503     9.6039    33.8402  1026.4028     3.1910     5.5388     86.314    0.00046    6.41708    6.42086      8.618    -0.0089   11.58106   3.661962 2.2457e-02    26.1135    26.1124 2.5001e-01     64.000          1      39559    1488.04 1.1133e+03  52908.841   1648.259 1531676657      -0.35     -0.179   39.65622  -72.02356    34.0009  1026.4063    26.1171     9.5968 0.0000e+00
     62.505     9.6041    33.8402  1026.3982     3.1918     5.5404     86.386    0.00108    6.41350    6.41723      8.618    -0.0030   11.57510   3.661943 2.4459e-02    26.1135    26.1124 2.7067e-01     63.000          1      39631    1488.02 1.1067e+03  52908.162   1651.248 1531676660      -0.27     -0.414   39.65621  -72.02355    34.0010  1026.4018    26.1171     9.5971 0.0000e+00
     61.516     9.6212    33.8424  1026.3925     3.1967     5.5490     86.589    0.00160    6.40842    6.41208      8.618    -0.0072   11.56663   3.663763 2.6321e-02    26.1124    26.1112 2.9119e-01     62.000          1      39721    1488.07 1.1064e+03  52907.100   1654.989 1531676664      -0.15     -0.369   39.65620  -72.02354    34.0040  1026.3967    26.1165     9.6144 0.0000e+00
     60.531     9.7139    33.8563  1026.3835     3.2027     5.5525     86.770    0.00141    6.39905    6.40259      8.622    -0.0149   11.55097   3.673944 3.0552e-02    26.1079    26.1068 3.3598e-01     61.000          1      39836    1488.41 1.0996e+03  52907.219   1659.796 1531676669      -0.48     -0.288   39.65618  -72.02352    34.0218  1026.3906    26.1151     9.7071 0.0000e+00
     59.525     9.7210    33.8622  1026.3823     3.2027     5.5432     86.708    0.00083    6.39303    6.39650      8.623    -0.0189   11.54096   3.674849 3.2152e-02    26.1113    26.1102 3.5317e-01     60.000          1      39902    1488.42 1.0985e+03  52913.364   1662.562 1531676672      -0.34     -0.556   39.65617  -72.02352    34.0249  1026.3873    26.1163     9.7143 0.0000e+00
     58.532     9.7703    33.8696  1026.3753     3.2051     5.5470     86.823    0.00119    6.38886    6.39228      8.624     0.0070   11.53399   3.680490 3.4213e-02    26.1089    26.1078 3.7450e-01     59.000          1      39986    1488.60 1.0946e+03  52913.183   1666.062 1531676675      -0.13     -0.625   39.65616  -72.02352    34.0368  1026.3838    26.1174     9.7636 0.0000e+00
     57.545     9.9076    33.8906  1026.3640     3.2172     5.5408     87.272    0.00262    6.34899    6.35188      8.629     0.0110   11.46757   3.695271 3.7299e-02    26.1023    26.1012 4.0700e-01     58.000          1      40168    1489.10 1.0912e+03  52914.497   1673.634 1531676683      -0.20     -0.306   39.65612  -72.02350    34.0593  1026.3737    26.1120     9.9011 0.0000e+00
     56.557    10.1923    33.9321  1026.3432     3.2389     5.5560     88.362    0.00658    6.28787    6.28996      8.639     0.0385   11.36576   3.726532 4.0655e-02    26.0863    26.0852 4.4250e-01     57.000          1      40287    1490.16 1.0885e+03  52916.762   1678.587 1531676688      -0.14     -0.224   39.65610  -72.02348    34.1109  1026.3607    26.1038    10.1857 0.0000e+00
     55.567    10.6424    33.9950  1026.3094     3.2637     5.5712     89.113    0.00544    6.25175    6.25339      8.650     0.0424   11.30558   3.774582 4.4911e-02    26.0576    26.0564 4.8740e-01     56.000          1      40392    1491.82 1.0853e+03  52918.944   1682.961 1531676692      -0.12     -0.279   39.65608  -72.02348    34.1763  1026.3287    26.0770    10.6358 0.0000e+00
     54.568    10.7548    34.0158  1026.3011     3.2746     5.5793     89.275    0.00286    6.24958    6.25118      8.649     0.0574   11.30207   3.786272 4.8648e-02    26.0540    26.0528 5.2612e-01     55.000          1      40481    1492.23 1.0815e+03  52927.334   1686.653 1531676696      -0.34     -0.348   39.65607  -72.02347    34.1892  1026.3143    26.0672    10.7482 0.0000e+00
     53.581    10.7881    34.0063  1026.2833     3.2853     5.6058     89.612    0.00250    6.25559    6.25724      8.651     0.0643   11.31243   3.787813 5.1875e-02    26.0407    26.0395 5.5969e-01     54.000          1      40584    1492.32 1.0790e+03  52907.265   1690.964 1531676700      -0.07     -0.311   39.65605  -72.02346    34.1741  1026.2921    26.0495    10.7816 0.0000e+00
     52.587    10.7445    33.9701  1026.2583     3.2985     5.6469     90.165    0.00370    6.26290    6.26460      8.652     0.0779   11.32503   3.779369 5.6844e-02    26.0201    26.0190 6.1086e-01     53.000          1      40681    1492.10 1.0747e+03  52864.022   1695.006 1531676704      -0.11     -0.298   39.65603  -72.02345    34.1302  1026.2613    26.0232    10.7382 0.0000e+00
     51.596    10.7241    33.9168  1026.2159     3.3135     5.6735     90.636    0.00319    6.25962    6.26126 -9.990e-29     0.1257   11.31998   3.772301 6.1788e-02    25.9821    25.9810 6.6302e-01     52.000          1      40780    1491.95 1.0699e+03  52792.520   1699.105 1531676708      -0.10     -0.356   39.65602  -72.02344    34.0787  1026.2205    25.9868    10.7179 0.0000e+00
     50.606    10.7441    33.8939  1026.1900     3.3302     5.6988     91.225    0.00341    6.24701    6.24848      8.655     0.1324   11.29911   3.771954 6.8931e-02    25.9608    25.9597 7.3556e-01     51.000          1      40888    1491.98 1.0674e+03  52756.338   1703.641 1531676713      -0.04     -0.192   39.65600  -72.02344    34.0569  1026.1956    25.9664    10.7380 0.0000e+00
     49.611    10.8382    33.8973  1026.1714     3.3409     5.7091     91.540    0.00285    6.23676    6.23809      8.658     0.1297   11.28210   3.781448 7.4271e-02    25.9467    25.9457 7.9066e-01     50.000          1      40977    1492.30 1.0646e+03  52743.526   1707.315 1531676716      -0.22     -0.344   39.65598  -72.02343    34.0651  1026.1807    25.9561    10.8322 0.0000e+00
