CalculateIndicators/WaterTemperature/Data/CTD_NYOS/NY1807C18.cnv
* Sea-Bird SBE 9 Data File:
* FileName = C:\Seabird 9 CTD\Data\2018\OffshoreCruise201807\NY1807C18.hex
* Software Version Seasave V 7.23.2
* Temperature SN = 4590
* Conductivity SN = 3228
* Number of Bytes Per Scan = 44
* Number of Voltage Words = 5
* Number of Scans Averaged by the Deck Unit = 1
* NMEA Latitude = 39 14.12 N
* NMEA Longitude = 073 15.31 W
* NMEA UTC (Time) = Jul 18 2018  08:19:59
* NMEA baud rate = 4800
** Ship: RV Seawolf
** Station: NY1807C18
** Operator: jdw
# nquan = 35
# nvalues = 111                         
# units = specified
# name 0 = depSM: Depth [salt water, m]
# name 1 = t090C: Temperature [ITS-90, deg C]
# name 2 = sal00: Salinity, Practical [PSU]
# name 3 = density00: Density [density, kg/m^3]
# name 4 = sbeox0V: Oxygen raw, SBE 43 [V]
# name 5 = sbeox0ML/L: Oxygen, SBE 43 [ml/l]
# name 6 = sbeox0PS: Oxygen, SBE 43 [% saturation]
# name 7 = sbox0dV/dT: Oxygen, SBE 43 [dov/dt]
# name 8 = oxsolML/L: Oxygen Saturation, Garcia & Gordon [ml/l]
# name 9 = oxsatML/L: Oxygen Saturation, Weiss [ml/l]
# name 10 = ph: pH
# name 11 = flECO-AFL: Fluorescence, WET Labs ECO-AFL/FL [mg/m^3]
# name 12 = n2satML/L: Nitrogen Saturation [ml/l]
# name 13 = c0S/m: Conductivity [S/m]
# name 14 = cpar: CPAR/Corrected Irradiance [%]
# name 15 = sigma-é00: Density [sigma-theta, kg/m^3]
# name 16 = sigma-t00: Density [sigma-t, kg/m^3 ]
# name 17 = par: PAR/Irradiance, Biospherical/Licor
# name 18 = prDM: Pressure, Digiquartz [db]
# name 19 = pumps: Pump Status
# name 20 = scan: Scan Count
# name 21 = svCM: Sound Velocity [Chen-Millero, m/s]
# name 22 = spar: SPAR, Biospherical/Licor
# name 23 = specc: Specific Conductance [uS/cm]
# name 24 = timeS: Time, Elapsed [seconds]
# name 25 = timeY: Time, System [seconds]
# name 26 = accM: Acceleration [m/s^2]
# name 27 = dz/dtM: Descent Rate [m/s]
# name 28 = latitude: Latitude [deg]
# name 29 = longitude: Longitude [deg]
# name 30 = gsw_saA0: Absolute Salinity [g/kg]
# name 31 = gsw_densityA0: density, TEOS-10 [density, kg/m^3]
# name 32 = gsw_sigma0A0: density, TEOS-10 [sigma-0, kg/m^3 ]
# name 33 = gsw_ptA0: potential temperature [ITS-90, deg C]
# name 34 = flag: flag
# span 0 =      1.976,     56.563       
# span 1 =     7.0047,    24.0049       
# span 2 =    31.0968,    33.1527       
# span 3 =  1020.7040,  1026.0815       
# span 4 =     2.7625,     4.3103       
# span 5 =     4.8382,     7.2553       
# span 6 =     70.737,    125.597       
# span 7 =   -0.08408,    0.08683       
# span 8 =    4.92833,    6.84205       
# span 9 =    4.91617,    6.85117       
# span 10 =      8.537,      8.935      
# span 11 =     0.1067,     1.0929      
# span 12 =    9.13820,   12.29422      
# span 13 =   3.343360,   4.683937      
# span 14 = -6.862e-02, 1.7353e+00      
# span 15 =    20.6943,    25.8256      
# span 16 =    20.6941,    25.8252      
# span 17 = -2.822e-03, 6.8537e-02      
# span 18 =      2.000,     57.000      
# span 19 =          1,          1      
# span 20 =        322,       9622      
# span 21 =    1476.69,    1527.82      
# span 22 = 3.9495e+00, 3.9495e+00      
# span 23 =  47775.243,  52285.269      
# span 24 =     13.358,    400.864      
# span 25 = 1531902060, 1531902447      
# span 26 =      -0.60,       0.49      
# span 27 =     -0.969,      1.007      
# span 28 =   39.23341,   39.23514      
# span 29 =  -73.25595,  -73.25528      
# span 30 =    31.2516,    33.2609      
# span 31 =  1020.7083,  1026.0838      
# span 32 =    20.6985,    25.8271      
# span 33 =     7.0011,    24.0043      
# span 34 = 0.0000e+00, 0.0000e+00      
# interval = decibars: 1                
# start_time = Jul 18 2018 08:20:46 [System UTC, first data scan.]
# bad_flag = -9.990e-29
*END*
[from data line 83]
     28.769     7.5961    32.9277  1025.8373     3.0865     5.8840     88.008    0.06219    6.68589    6.69262      8.642     0.6883   12.03653   3.396900 2.5320e-11    25.7047    25.7044 1.0000e-12     29.000          1       6171    1478.84 3.9495e+00  52049.452    257.078 1531902303      -0.40     -0.911   39.23408  -73.25570    33.1219  1025.8695    25.7369     7.5934 0.0000e+00
     27.782     7.8660    32.9023  1025.7743     3.2112     6.2266     93.918    0.08100    6.63032    6.63623      8.664     0.7395   11.94468   3.416504 2.5320e-11    25.6464    25.6460 1.0000e-12     28.000          1       6207    1479.83 3.9495e+00  51946.233    258.589 1531902305       0.28     -0.765   39.23406  -73.25571    33.0774  1025.7918    25.6639     7.8633 0.0000e+00
     26.800     8.1163    32.9215  1025.7483     3.3651     6.4412     98.758    0.07839    6.52238    6.52676      8.691     0.7134   11.76608   3.441888 2.5320e-11    25.6251    25.6247 1.0000e-12     27.000          1       6254    1480.78 3.9495e+00  51914.196    260.529 1531902307      -0.18     -0.457   39.23406  -73.25572    33.1130  1025.7786    25.6554     8.1136 0.0000e+00
     25.799     8.4651    32.9059  1025.6794     3.4740     6.6675    103.132    0.08683    6.46509    6.46868      8.708     0.7568   11.67112   3.471410 2.5320e-11    25.5610    25.5606 1.0000e-12     26.000          1       6282    1482.06 3.9495e+00  51809.382    261.724 1531902308      -0.19     -0.763   39.23405  -73.25572    33.0990  1025.7111    25.5927     8.4625 0.0000e+00
     24.805     9.0536    32.9243  1025.5976     3.6202     6.9139    107.450    0.07825    6.43490    6.43809      8.728     0.7421   11.62097   3.527132 2.5320e-11    25.4841    25.4837 1.0000e-12     25.000          1       6329    1484.25 3.9495e+00  51710.139    263.657 1531902310       0.06     -0.549   39.23404  -73.25572    33.1342  1025.6425    25.5290     9.0510 0.0000e+00
     23.817     9.7052    32.9609  1025.5177     3.7688     6.9726    109.322    0.04004    6.37807    6.38050      8.744     0.7650   11.52666   3.588144 2.5320e-11    25.4091    25.4087 1.0000e-12     24.000          1       6400    1486.68 3.9495e+00  51626.208    266.632 1531902313      -0.31     -0.359   39.23403  -73.25572    33.1634  1025.5570    25.4484     9.7025 0.0000e+00
     22.824    10.0644    32.9817  1025.4698     3.8380     7.0441    110.795    0.02893    6.35777    6.35995      8.751     0.7076   11.49282   3.622031 2.5320e-11    25.3659    25.3654 1.0000e-12     23.000          1       6457    1487.98 3.9495e+00  51585.822    268.987 1531902315       0.09     -0.413   39.23402  -73.25572    33.1801  1025.5059    25.4020    10.0618 0.0000e+00
     21.828    10.3086    33.0080  1025.4443     3.9136     7.0981    112.430    0.01744    6.31493    6.31656      8.762     0.7717   11.42181   3.645134 2.5320e-11    25.3451    25.3447 1.0000e-12     22.000          1       6836    1488.88 3.9495e+00  51576.957    284.781 1531902331       0.01     -0.364   39.23395  -73.25575    33.1915  1025.4689    25.3697    10.3061 0.0000e+00
     20.840    11.0683    33.0332  1025.3266     4.0349     7.2321    117.762    0.03391    6.14120    6.14058      8.784     0.7856   11.13380   3.718566 2.5320e-11    25.2322    25.2317 1.0000e-12     21.000          1       7451    1491.58 3.9495e+00  51477.776    310.424 1531902357      -0.13     -0.405   39.23382  -73.25580    33.2379  1025.3679    25.2735    11.0658 0.0000e+00
     19.852    11.9183    33.0222  1025.1590     4.0914     7.1384    118.456    0.01875    6.02656    6.02452      8.792     0.8291   10.94408   3.794461 2.5320e-11    25.0694    25.0690 1.0000e-12     20.000          1       7518    1494.52 3.9495e+00  51324.219    313.190 1531902360       0.04     -0.302   39.23382  -73.25580    33.2226  1025.1972    25.1077    11.9158 0.0000e+00
     18.851    12.2439    33.0409  1025.1071     4.1396     7.2553    121.083    0.03217    5.99206    5.98961      8.798     0.8970   10.88676   3.828231 2.5320e-11    25.0222    25.0217 1.0000e-12     19.000          1       7556    1495.63 3.9495e+00  51303.673    314.802 1531902361      -0.40     -0.640   39.23380  -73.25580    33.2609  1025.1605    25.0756    12.2414 0.0000e+00
     17.862    12.9778    33.0297  1024.9517     4.1532     7.1264    119.752    0.00734    5.95088    5.94794      8.796     0.8977   10.81853   3.893309 2.5320e-11    24.8715    24.8710 1.0000e-12     18.000          1       7615    1498.08 3.9495e+00  51182.105    317.238 1531902364       0.10     -0.418   39.23379  -73.25580    33.2375  1024.9960    24.9158    12.9754 0.0000e+00
     16.870    13.2128    33.0418  1024.9101     4.1892     7.0566    121.682    0.01865    5.79948    5.79474      8.795     0.9439   10.56877   3.915382 2.5320e-11    24.8344    24.8339 1.0000e-12     17.000          1       7678    1498.86 3.9495e+00  51167.685    319.865 1531902366      -0.18     -0.478   39.23378  -73.25580    33.2414  1024.9481    24.8724    13.2105 0.0000e+00
     15.876    14.0296    32.9819  1024.6921     4.2402     6.9652    123.804    0.02561    5.62648    5.61986      8.797     1.0392   10.28327   3.988313 2.5320e-11    24.6212    24.6207 1.0000e-12     16.000          1       7724    1501.46 3.9495e+00  50983.567    321.774 1531902368       0.05     -0.528   39.23378  -73.25581    33.2154  1024.7566    24.6857    14.0274 0.0000e+00
     14.887    16.1475    32.7678  1024.0618     4.2871     6.7823    124.557    0.01152    5.44448    5.43612      8.799     1.0555    9.98130   4.166219 2.5320e-11    23.9958    23.9952 1.0000e-12     15.000          1       7793    1507.90 3.9495e+00  50470.355    324.654 1531902371       0.05     -0.313   39.23376  -73.25582    33.0346  1024.1526    24.0867    16.1451 0.0000e+00
     13.895    17.4487    32.7814  1023.7682     4.3103     6.6272    125.597    0.01693    5.27658    5.26667      8.790     0.9688    9.70609   4.289691 2.5320e-11    23.7069    23.7064 1.0000e-12     14.000          1       7849    1511.87 3.9495e+00  50378.932    326.980 1531902373      -0.26     -0.449   39.23375  -73.25582    33.0424  1023.8545    23.7933    17.4464 0.0000e+00
     12.901    19.2092    32.4819  1023.0995     4.1825     6.1347    117.726   -0.05013    5.21010    5.19968      8.774     0.7304    9.59682   4.422580 2.5320e-11    23.0430    23.0424 1.0000e-12     13.000          1       7902    1516.62 3.9495e+00  49854.774    329.219 1531902376       0.13     -0.417   39.23374  -73.25582    32.7562  1023.1966    23.1401    19.2069 0.0000e+00
     11.911    20.1885    32.2443  1022.6647     4.0477     5.8341    112.615   -0.05879    5.18070    5.17006      8.763     0.5282    9.54836   4.484231 2.5320e-11    22.6127    22.6122 1.0000e-12     12.000          1       7957    1519.12 3.9495e+00  49474.485    331.500 1531902378      -0.39     -0.470   39.23374  -73.25582    32.4974  1022.7463    22.6943    20.1863 0.0000e+00
     10.903    20.8469    32.1435  1022.4095     3.9493     5.6601    109.184   -0.05840    5.18393    5.17332      8.758     0.4538    9.55334   4.534157 2.5320e-11    22.3619    22.3614 1.0000e-12     11.000          1       8023    1520.80 3.9495e+00  49306.753    334.252 1531902381      -0.16     -0.702   39.23372  -73.25583    32.3962  1022.4909    22.4433    20.8448 0.0000e+00
      9.920    22.1636    31.9924  1021.9326     3.8140     5.3190    105.793   -0.03405    5.02756    5.01598      8.776     0.2703    9.29716   4.632066 2.5320e-11    21.8895    21.8890 1.0000e-12     10.000          1       8876    1524.15 3.9495e+00  49050.516    369.773 1531902416      -0.13     -0.603   39.23356  -73.25589    32.1805  1021.9651    21.9221    22.1617 0.0000e+00
      8.931    22.6346    31.8839  1021.7146     3.7940     5.2623    106.251   -0.00947    4.95276    4.94071      8.797     0.2632    9.17742   4.661473 2.5320e-11    21.6759    21.6754 1.0000e-12      9.000          1       9073    1525.25 3.9495e+00  48888.141    377.990 1531902424       0.03     -0.619   39.23352  -73.25592    32.0615  1021.7393    21.7006    22.6328 0.0000e+00
      7.939    23.2775    31.5194  1021.2517     3.7976     5.2751    106.845    0.00174    4.93715    4.92503      8.827     0.3302    9.15274   4.675099 2.5320e-11    21.2174    21.2169 1.0000e-12      8.000          1       9118    1526.49 3.9495e+00  48371.278    379.882 1531902426       0.07     -0.547   39.23350  -73.25592    31.7013  1021.2807    21.2464    23.2758 0.0000e+00
      6.954    23.7394    31.2173  1020.8866     3.7998     5.2732    106.938    0.00237    4.93105    4.91890 -9.990e-29     0.3700    9.14285   4.678598 2.5320e-11    20.8566    20.8561 1.0000e-12      7.000          1       9162    1527.33 3.9495e+00  47945.787    381.688 1531902428      -0.14     -0.520   39.23350  -73.25592    31.3977  1020.9153    20.8853    23.7380 0.0000e+00
      5.950    23.8913    31.1248  1020.7683     3.7954     5.2548    106.534   -0.00331    4.93246    4.92031 -9.990e-29     0.3892    9.14515   4.680309 2.5320e-11    20.7426    20.7422 1.0000e-12      6.000          1       9189    1527.59 3.9495e+00  47815.769    382.818 1531902429      -0.22     -0.790   39.23349  -73.25592    31.3039  1020.7963    20.7706    23.8901 0.0000e+00
      4.961    23.9669    31.0968  1020.7208     3.7953     5.2594    106.640   -0.00043    4.93191    4.91976 -9.990e-29     0.3764    9.14423   4.682587 2.5320e-11    20.6994    20.6991 1.0000e-12      5.000          1       9238    1527.73 3.9495e+00  47775.243    384.868 1531902431       0.21     -0.508   39.23348  -73.25592    31.2682  1020.7431    20.7217    23.9659 0.0000e+00
      3.975    23.9594    31.1002  1020.7213     3.7975     5.2692    106.857    0.00315    4.93106    4.91891 -9.990e-29     0.3873    9.14281   4.681484 1.1575e-02    20.7041    20.7039 4.5713e-04      4.000          1       9290    1527.70 3.9495e+00  47779.668    387.024 1531902433      -0.33     -0.463   39.23347  -73.25592    31.2655  1020.7389    20.7218    23.9586 0.0000e+00
      2.973    23.9745    31.0980  1020.7109     3.7946     5.2537    106.555   -0.00144    4.93054    4.91839 -9.990e-29     0.3871    9.14194   4.682117 7.5799e-03    20.6980    20.6978 2.9937e-04      3.000          1       9327    1527.72 3.9495e+00  47775.967    388.582 1531902435       0.12     -0.616   39.23346  -73.25592    31.2600  1020.7260    20.7132    23.9739 0.0000e+00
      1.979    23.9839    31.1025  1020.7072     3.7928     5.2514    106.533   -0.00063    4.92935    4.91720      8.866     0.3862    9.13997   4.682285 1.7353e+00    20.6986    20.6985 6.8537e-02      2.000          1       9622    1527.73 3.9495e+00  47781.651    400.864 1531902447      -0.08     -0.052   39.23341  -73.25595    31.2550  1020.7152    20.7066    23.9835 0.0000e+00
