CalculateIndicators/WaterTemperature/Data/CTD_NYOS/NY1807C04.cnv
* Sea-Bird SBE 9 Data File:
* FileName = C:\Seabird 9 CTD\Data\2018\OffshoreCruise201807\NY1807C04.hex
* Software Version Seasave V 7.23.2
* Temperature SN = 4590
* Conductivity SN = 3228
* Number of Bytes Per Scan = 44
* Number of Voltage Words = 5
* Number of Scans Averaged by the Deck Unit = 1
* NMEA Latitude = 39 57.63 N
* NMEA Longitude = 071 26.61 W
* NMEA UTC (Time) = Jul 15 2018  08:47:05
* NMEA baud rate = 4800
** Ship: RV Seawolf
** Station: NY1807C04
** Operator: JDW
# nquan = 35
# nvalues = 292                         
# units = specified
# name 0 = depSM: Depth [salt water, m]
# name 1 = t090C: Temperature [ITS-90, deg C]
# name 2 = sal00: Salinity, Practical [PSU]
# name 3 = density00: Density [density, kg/m^3]
# name 4 = sbeox0V: Oxygen raw, SBE 43 [V]
# name 5 = sbeox0ML/L: Oxygen, SBE 43 [ml/l]
# name 6 = sbeox0PS: Oxygen, SBE 43 [% saturation]
# name 7 = sbox0dV/dT: Oxygen, SBE 43 [dov/dt]
# name 8 = oxsolML/L: Oxygen Saturation, Garcia & Gordon [ml/l]
# name 9 = oxsatML/L: Oxygen Saturation, Weiss [ml/l]
# name 10 = ph: pH
# name 11 = flECO-AFL: Fluorescence, WET Labs ECO-AFL/FL [mg/m^3]
# name 12 = n2satML/L: Nitrogen Saturation [ml/l]
# name 13 = c0S/m: Conductivity [S/m]
# name 14 = cpar: CPAR/Corrected Irradiance [%]
# name 15 = sigma-é00: Density [sigma-theta, kg/m^3]
# name 16 = sigma-t00: Density [sigma-t, kg/m^3 ]
# name 17 = par: PAR/Irradiance, Biospherical/Licor
# name 18 = prDM: Pressure, Digiquartz [db]
# name 19 = pumps: Pump Status
# name 20 = scan: Scan Count
# name 21 = svCM: Sound Velocity [Chen-Millero, m/s]
# name 22 = spar: SPAR, Biospherical/Licor
# name 23 = specc: Specific Conductance [uS/cm]
# name 24 = timeS: Time, Elapsed [seconds]
# name 25 = timeY: Time, System [seconds]
# name 26 = accM: Acceleration [m/s^2]
# name 27 = dz/dtM: Descent Rate [m/s]
# name 28 = latitude: Latitude [deg]
# name 29 = longitude: Longitude [deg]
# name 30 = gsw_saA0: Absolute Salinity [g/kg]
# name 31 = gsw_densityA0: density, TEOS-10 [density, kg/m^3]
# name 32 = gsw_sigma0A0: density, TEOS-10 [sigma-0, kg/m^3 ]
# name 33 = gsw_ptA0: potential temperature [ITS-90, deg C]
# name 34 = flag: flag
# span 0 =      0.972,    145.827       
# span 1 =    11.5519,    22.0957       
# span 2 =    33.7361,    35.3755       
# span 3 =  1023.2776,  1027.4556       
# span 4 =     2.9476,     4.1073       
# span 5 =     4.6784,     6.6160       
# span 6 =     78.197,    118.109       
# span 7 =   -0.03575,    0.03064       
# span 8 =    5.01822,    6.11340       
# span 9 =    5.00709,    6.11388       
# span 10 =      8.633,      8.856      
# span 11 =    -0.0843,     1.0661      
# span 12 =    9.26165,   11.06674      
# span 13 =   3.904173,   4.854941      
# span 14 = 2.1422e-11, 4.5574e+04      
# span 15 =    23.2707,    26.8021      
# span 16 =    23.2704,    26.7983      
# span 17 = 1.0000e-12, 3.2728e-01      
# span 18 =      1.000,    147.000      
# span 19 =          1,          1      
# span 20 =        423,      18171      
# span 21 =    1496.46,    1525.87      
# span 22 = 1.6782e-01, 4.6665e+00      
# span 23 =  51483.485,  54588.308      
# span 24 =     17.591,    757.101      
# span 25 = 1531644513, 1531645253      
# span 26 =      -0.75,       0.57      
# span 27 =     -1.086,      1.007      
# span 28 =   39.96069,   39.96156      
# span 29 =  -71.44353,  -71.44316      
# span 30 =    33.9113,    35.5433      
# span 31 =  1023.2825,  1027.4597      
# span 32 =    23.2782,    26.8063      
# span 33 =    11.5417,    22.0955      
# span 34 = 0.0000e+00, 0.0000e+00      
# interval = decibars: 1                
# start_time = Jul 15 2018 08:48:15 [System UTC, first data scan.]
# bad_flag = -9.990e-29
*END*
[from data line 208]
     84.336    11.6577    34.9578  1027.0029     3.0668     5.0160     82.166    0.00209    6.10468    6.10509 -9.990e-29    -0.0397   11.05178   3.965954 2.5326e-11    26.6233    26.6212 1.0000e-12     85.000          1      13048    1497.01 3.9495e+00  54098.201    543.614 1531645039      -0.13     -0.562   39.96128  -71.44316    35.1180  1027.0026    26.6230    11.6469 0.0000e+00
     83.336    11.6305    34.9462  1026.9945     3.0694     5.0238     82.270    0.00232    6.10644    6.10687 -9.990e-29    -0.0306   11.05477   3.962254 2.5320e-11    26.6193    26.6173 1.0000e-12     84.000          1      13078    1496.88 3.9495e+00  54086.122    544.854 1531645040      -0.08     -0.781   39.96129  -71.44316    35.1076  1026.9953    26.6200    11.6199 0.0000e+00
     82.348    11.6064    34.9345  1026.9855     3.0687     5.0123     82.048   -0.00011    6.10898    6.10943      8.633    -0.0398   11.05913   3.958705 2.5320e-11    26.6147    26.6127 1.0000e-12     83.000          1      13115    1496.77 3.9495e+00  54073.376    546.400 1531645042       0.11     -0.670   39.96130  -71.44316    35.0958  1026.9861    26.6154    11.5959 0.0000e+00
     81.355    11.5898    34.9248  1026.9766     3.0715     5.0280     82.257    0.00145    6.11258    6.11306      8.634    -0.0354   11.06527   3.956127 2.4916e-11    26.6102    26.6083 1.0000e-12     82.000          1      13154    1496.68 3.9495e+00  54062.090    548.052 1531645043       0.01     -0.610   39.96130  -71.44316    35.0865  1026.9776    26.6112    11.5794 0.0000e+00
     80.367    11.5714    34.9080  1026.9626     3.0755     5.0407     82.454    0.00228    6.11340    6.11388      8.635    -0.0363   11.06674   3.952587 2.5334e-11    26.6007    26.5987 1.0000e-12     81.000          1      13195    1496.58 3.9495e+00  54041.442    549.762 1531645045      -0.01     -0.575   39.96130  -71.44316    35.0694  1026.9633    26.6014    11.5611 0.0000e+00
     79.370    11.5519    34.8948  1026.9515     3.0790     5.0474     82.586    0.00248    6.11169    6.11216      8.635    -0.0556   11.06398   3.949436 2.5320e-11    26.5940    26.5921 1.0000e-12     80.000          1      13229    1496.48 3.9495e+00  54025.762    551.174 1531645047      -0.08     -0.688   39.96130  -71.44317    35.0571  1026.9530    26.5955    11.5417 0.0000e+00
     78.379    11.5526    34.8845  1026.9389     3.0870     5.0691     82.983    0.00415    6.10863    6.10905      8.635    -0.0342   11.05892   3.948590 2.5320e-11    26.5858    26.5839 1.0000e-12     79.000          1      13272    1496.46 3.9495e+00  54010.718    552.971 1531645048       0.13     -0.576   39.96130  -71.44318    35.0484  1026.9417    26.5886    11.5426 0.0000e+00
     77.389    11.5731    34.8807  1026.9276     3.0966     5.0894     83.375    0.00502    6.10420    6.10456      8.639    -0.0392   11.05158   3.950269 2.5320e-11    26.5790    26.5771 1.0000e-12     78.000          1      13319    1496.51 3.9495e+00  54001.316    554.909 1531645050      -0.13     -0.497   39.96131  -71.44318    35.0461  1026.9316    26.5830    11.5632 0.0000e+00
     76.398    11.5981    34.8801  1026.9179     3.1024     5.0934     83.447    0.00352    6.10381    6.10415      8.639    -0.0272   11.05110   3.952678 2.4940e-11    26.5739    26.5720 1.0000e-12     77.000          1      13361    1496.57 3.9495e+00  53995.730    556.665 1531645052       0.08     -0.578   39.96132  -71.44318    35.0467  1026.9228    26.5787    11.5884 0.0000e+00
     75.412    11.6292    34.8811  1026.9084     3.1095     5.1101     83.739    0.00415    6.10236    6.10268      8.640    -0.0035   11.04875   3.955859 2.5334e-11    26.5688    26.5670 1.0000e-12     76.000          1      13396    1496.67 3.9495e+00  53991.241    558.118 1531645054      -0.31     -0.596   39.96132  -71.44318    35.0492  1026.9145    26.5749    11.6195 0.0000e+00
     74.403    11.6298    34.8699  1026.8950     3.1149     5.1294     84.054    0.00587    6.10257    6.10289      8.641    -0.0359   11.04910   3.954386 2.5320e-11    26.5599    26.5581 1.0000e-12     75.000          1      13419    1496.64 3.9495e+00  53974.881    559.073 1531645055      -0.23     -0.944   39.96132  -71.44318    35.0345  1026.8985    26.5634    11.6203 0.0000e+00
     73.423    11.6380    34.8634  1026.8839     3.1209     5.1315     84.065    0.00348    6.10423    6.10456      8.642    -0.0310   11.05191   3.954673 2.5153e-11    26.5533    26.5515 1.0000e-12     74.000          1      13462    1496.64 3.9495e+00  53963.906    560.878 1531645056       0.32     -0.598   39.96132  -71.44318    35.0301  1026.8890    26.5584    11.6286 0.0000e+00
     72.433    11.6391    34.8612  1026.8775     3.1244     5.1339     84.114    0.00257    6.10354    6.10386      8.643    -0.0147   11.05087   3.954372 2.5324e-11    26.5513    26.5496 1.0000e-12     73.000          1      13500    1496.63 3.9495e+00  53960.032    562.455 1531645058      -0.39     -0.568   39.96132  -71.44318    35.0264  1026.8815    26.5553    11.6299 0.0000e+00
     71.428    11.6315    34.8553  1026.8699     3.1273     5.1341     84.168    0.00211    6.09985    6.10012      8.644    -0.0202   11.04480   3.953007 2.5320e-11    26.5482    26.5465 1.0000e-12     72.000          1      13533    1496.58 3.9495e+00  53952.590    563.816 1531645059      -0.05     -0.749   39.96132  -71.44318    35.0206  1026.8739    26.5522    11.6224 0.0000e+00
     70.464    11.6470    34.8455  1026.8550     3.1410     5.1683     84.905    0.00572    6.08716    6.08725      8.647    -0.0281   11.02404   3.953710 2.5320e-11    26.5377    26.5360 1.0000e-12     71.000          1      13600    1496.60 3.9495e+00  53935.772    566.620 1531645062      -0.64     -0.173   39.96132  -71.44318    35.0134  1026.8609    26.5437    11.6379 0.0000e+00
     69.441    11.7008    34.8424  1026.8377     3.1462     5.1879     85.237    0.00769    6.08636    6.08643      8.647    -0.0276   11.02268   3.958855 2.5320e-11    26.5251    26.5234 1.0000e-12     70.000          1      13616    1496.77 3.9495e+00  53921.727    567.295 1531645063      -0.75     -0.890   39.96132  -71.44318    35.0138  1026.8466    26.5339    11.6919 0.0000e+00
     68.457    11.7487    34.8300  1026.8146     3.1589     5.2111     85.673    0.00781    6.08256    6.08257      8.651    -0.0204   11.01657   3.961930 2.5320e-11    26.5064    26.5047 1.0000e-12     69.000          1      13655    1496.90 3.9495e+00  53896.046    568.904 1531645064       0.31     -0.738   39.96134  -71.44318    34.9994  1026.8219    26.5137    11.7399 0.0000e+00
     67.478    11.8019    34.8295  1026.7997     3.1738     5.2319     86.153    0.00748    6.07274    6.07260      8.654    -0.0088   11.00065   3.967161 2.5320e-11    26.4959    26.4943 1.0000e-12     68.000          1      13702    1497.07 3.9495e+00  53885.948    570.856 1531645066      -0.42     -0.429   39.96134  -71.44318    35.0012  1026.8088    26.5052    11.7932 0.0000e+00
     66.469    11.8160    34.8145  1026.7808     3.1841     5.2553     86.614    0.00881    6.06758    6.06738      8.656     0.0095   10.99206   3.966330 2.5320e-11    26.4816    26.4800 1.0000e-12     67.000          1      13724    1497.08 3.9495e+00  53862.198    571.809 1531645067      -0.32     -0.886   39.96134  -71.44318    34.9802  1026.7853    26.4862    11.8075 0.0000e+00
     65.483    11.8669    34.7875  1026.7456     3.2030     5.2930     87.427    0.01104    6.05419    6.05381      8.659     0.0163   10.96982   3.969054 2.5320e-11    26.4510    26.4494 1.0000e-12     66.000          1      13765    1497.21 3.9495e+00  53815.870    573.494 1531645069       0.27     -0.665   39.96134  -71.44318    34.9596  1026.7552    26.4606    11.8584 0.0000e+00
     64.497    11.9715    34.7907  1026.7236     3.2218     5.3143     87.983    0.00988    6.04019    6.03963      8.662     0.0435   10.94659   3.979739 2.5320e-11    26.4335    26.4319 1.0000e-12     65.000          1      13810    1497.55 3.9495e+00  53802.633    575.389 1531645071      -0.32     -0.468   39.96134  -71.44318    34.9666  1026.7362    26.4462    11.9631 0.0000e+00
     63.494    12.0563    34.7947  1026.7059     3.2355     5.3236     88.445    0.00990    6.01919    6.01837      8.665     0.0397   10.91169   3.988258 2.5320e-11    26.4204    26.4188 1.0000e-12     64.000          1      13843    1497.83 3.9495e+00  53793.870    576.750 1531645072       0.04     -0.721   39.96134  -71.44318    34.9710  1026.7188    26.4334    12.0480 0.0000e+00
     62.519    12.2230    34.8061  1026.6781     3.2648     5.3759     89.636    0.01252    5.99737    5.99626      8.672     0.0397   10.87552   4.005974 2.5110e-11    26.3973    26.3957 1.0000e-12     63.000          1      13902    1498.39 3.9495e+00  53782.846    579.202 1531645075       0.01     -0.285   39.96135  -71.44318    34.9885  1026.6957    26.4149    12.2147 0.0000e+00
     61.516    12.3935    34.8232  1026.6535     3.2796     5.3990     90.159    0.01269    5.98835    5.98714      8.673     0.0649   10.86057   4.024189 2.5319e-11    26.3774    26.3758 1.0000e-12     62.000          1      13929    1498.97 3.9495e+00  53778.899    580.325 1531645076      -0.44     -0.703   39.96136  -71.44318    35.0068  1026.6721    26.3960    12.3853 0.0000e+00
     60.516    12.4408    34.8186  1026.6362     3.2934     5.4174     90.613    0.01246    5.97862    5.97729      8.675     0.0535   10.84433   4.027854 2.5320e-11    26.3646    26.3631 1.0000e-12     61.000          1      13957    1499.11 3.9495e+00  53765.039    581.500 1531645077       0.07     -0.901   39.96136  -71.44318    34.9987  1026.6522    26.3806    12.4327 0.0000e+00
     59.539    12.5817    34.8235  1026.6078     3.3114     5.4224     90.911    0.00813    5.96454    5.96304      8.678     0.0524   10.82093   4.042072 2.5320e-11    26.3408    26.3392 1.0000e-12     60.000          1      14007    1499.58 3.9495e+00  53749.581    583.583 1531645079       0.12     -0.411   39.96136  -71.44318    35.0056  1026.6253    26.3583    12.5737 0.0000e+00
     58.531    12.6752    34.8402  1026.5977     3.3278     5.4529     91.391    0.00684    5.96655    5.96506      8.679     0.0720   10.82428   4.052377 2.5320e-11    26.3353    26.3338 1.0000e-12     59.000          1      14177    1499.89 3.9495e+00  53758.499    590.655 1531645086      -0.23     -0.543   39.96137  -71.44318    35.0186  1026.6123    26.3499    12.6673 0.0000e+00
     57.540    12.7283    34.8420  1026.5841     3.3435     5.4693     91.700    0.00400    5.96432    5.96279      8.680     0.0926   10.82090   4.056636 2.5320e-11    26.3262    26.3247 1.0000e-12     58.000          1      14974    1500.06 3.9495e+00  53752.252    623.881 1531645119      -0.30     -0.853   39.96142  -71.44320    35.0108  1026.5913    26.3334    12.7204 0.0000e+00
     56.558    12.6888    34.8255  1026.5747     3.3553     5.5021     92.303    0.00667    5.96095    5.95938      8.683     0.0900   10.81523   4.050467 2.5102e-11    26.3212    26.3197 1.0000e-12     57.000          1      15056    1499.89 3.9495e+00  53734.661    627.276 1531645123       0.24     -0.712   39.96142  -71.44320    34.9883  1026.5773    26.3238    12.6812 0.0000e+00
     55.560    12.7486    34.8107  1026.5469     3.3604     5.5139     92.382    0.00536    5.96857    5.96708      8.684     0.0930   10.82814   4.055396 2.5315e-11    26.2979    26.2964 1.0000e-12     56.000          1      15089    1500.05 3.9495e+00  53704.848    628.673 1531645124      -0.16     -0.682   39.96142  -71.44320    34.9807  1026.5552    26.3062    12.7411 0.0000e+00
     54.577    12.7739    34.8139  1026.5399     3.3468     5.5184     90.972   -0.00703    6.06596    6.06555      8.669     0.0837   10.99201   4.057258 2.5152e-11    26.2953    26.2938 1.0000e-12     55.000          1      15145    1500.13 3.9495e+00  53705.035    630.997 1531645126       0.18     -0.387   39.96143  -71.44320    34.9757  1026.5418    26.2972    12.7664 0.0000e+00
     53.586    12.4880    34.7216  1026.5204     3.3346     5.4996     90.368   -0.00924    6.08581    6.08562      8.657     0.1018   11.02547   4.014760 2.5322e-11    26.2799    26.2785 1.0000e-12     54.000          1      15180    1499.04 3.9495e+00  53619.796    632.441 1531645128      -0.71     -0.590   39.96144  -71.44320    34.8307  1026.4819    26.2414    12.4808 0.0000e+00
     52.575    12.1292    34.5870  1026.4812     3.3295     5.5038     90.378   -0.00669    6.08983    6.08967      8.656     0.1063   11.03234   3.968549 2.5320e-11    26.2448    26.2435 1.0000e-12     53.000          1      15199    1497.64 3.9495e+00  53487.821    633.252 1531645129      -0.38     -1.086   39.96144  -71.44320    34.7149  1026.4577    26.2212    12.1223 0.0000e+00
     51.595    11.9266    34.5152  1026.4600     3.3245     5.4964     90.434   -0.00343    6.07775    6.07743      8.661     0.1052   11.01241   3.943022 2.5320e-11    26.2277    26.2265 1.0000e-12     52.000          1      15241    1496.85 3.9495e+00  53420.349    634.985 1531645130       0.38     -0.670   39.96144  -71.44320    34.6541  1026.4450    26.2128    11.9199 0.0000e+00
     50.608    11.8655    34.4743  1026.4354     3.3317     5.5419     91.276    0.00454    6.07162    6.07123      8.665     0.1389   11.00221   3.934218 2.5320e-11    26.2075    26.2063 1.0000e-12     51.000          1      15284    1496.58 3.9495e+00  53372.757    636.798 1531645132      -0.36     -0.510   39.96144  -71.44320    34.6250  1026.4297    26.2019    11.8590 0.0000e+00
     49.609    11.9483    34.4748  1026.4155     3.3374     5.5516     91.502    0.00493    6.06717    6.06672      8.665     0.1280   10.99486   3.942961 2.5320e-11    26.1922    26.1910 1.0000e-12     50.000          1      15310    1496.85 3.9495e+00  53359.369    637.871 1531645133      -0.18     -0.853   39.96144  -71.44320    34.6342  1026.4166    26.1933    11.9419 0.0000e+00
     48.614    11.9953    34.4798  1026.4059     3.3497     5.5419     92.074    0.00722    6.01914    6.01810      8.670     0.1470   10.91496   3.947788 2.5320e-11    26.1871    26.1859 1.0000e-12     49.000          1      15346    1497.00 3.9495e+00  53358.256    639.359 1531645135       0.19     -0.740   39.96144  -71.44320    34.6383  1026.4063    26.1875    11.9889 0.0000e+00
     47.638    12.1924    34.5049  1026.3829     3.4029     5.6348     95.161    0.02504    5.92102    5.91880      8.693     0.2128   10.75155   3.972058 2.5320e-11    26.1688    26.1676 1.0000e-12     48.000          1      15407    1497.68 3.9495e+00  53361.434    641.921 1531645137      -0.11     -0.257   39.96144  -71.44320    34.6924  1026.4057    26.1916    12.1862 0.0000e+00
     46.637    12.5770    34.5189  1026.3144     3.4367     5.7189     96.711    0.03030    5.91345    5.91115      8.697     0.2438   10.73880   4.011307 2.5320e-11    26.1051    26.1039 1.0000e-12     47.000          1      15433    1498.98 3.9495e+00  53321.349    642.992 1531645138      -0.45     -0.707   39.96144  -71.44320    34.7179  1026.3461    26.1368    12.5708 0.0000e+00
     45.632    12.9682    34.5683  1026.2703     3.4595     5.7407     97.148    0.02540    5.90923    5.90687      8.699     0.2599   10.73172   4.053555 2.5320e-11    26.0659    26.0647 1.0000e-12     46.000          1      15458    1500.34 3.9495e+00  53332.267    644.028 1531645139      -0.05     -0.978   39.96145  -71.44320    34.7644  1026.2998    26.0954    12.9620 0.0000e+00
