CalculateIndicators/WaterTemperature/Data/CTD_NYOS/NY1807C06.cnv
* Sea-Bird SBE 9 Data File:
* FileName = C:\Seabird 9 CTD\Data\2018\OffshoreCruise201807\NY1807C06.hex
* Software Version Seasave V 7.23.2
* Temperature SN = 4590
* Conductivity SN = 3228
* Number of Bytes Per Scan = 44
* Number of Voltage Words = 5
* Number of Scans Averaged by the Deck Unit = 1
* NMEA Latitude = 39 53.85 N
* NMEA Longitude = 072 07.13 W
* NMEA UTC (Time) = Jul 15 2018  21:14:05
* NMEA baud rate = 4800
** Ship: RV Seawolf
** Station: NY1807C06
** Operator: AJB
# nquan = 35
# nvalues = 157                         
# units = specified
# name 0 = depSM: Depth [salt water, m]
# name 1 = t090C: Temperature [ITS-90, deg C]
# name 2 = sal00: Salinity, Practical [PSU]
# name 3 = density00: Density [density, kg/m^3]
# name 4 = sbeox0V: Oxygen raw, SBE 43 [V]
# name 5 = sbeox0ML/L: Oxygen, SBE 43 [ml/l]
# name 6 = sbeox0PS: Oxygen, SBE 43 [% saturation]
# name 7 = sbox0dV/dT: Oxygen, SBE 43 [dov/dt]
# name 8 = oxsolML/L: Oxygen Saturation, Garcia & Gordon [ml/l]
# name 9 = oxsatML/L: Oxygen Saturation, Weiss [ml/l]
# name 10 = ph: pH
# name 11 = flECO-AFL: Fluorescence, WET Labs ECO-AFL/FL [mg/m^3]
# name 12 = n2satML/L: Nitrogen Saturation [ml/l]
# name 13 = c0S/m: Conductivity [S/m]
# name 14 = cpar: CPAR/Corrected Irradiance [%]
# name 15 = sigma-é00: Density [sigma-theta, kg/m^3]
# name 16 = sigma-t00: Density [sigma-t, kg/m^3 ]
# name 17 = par: PAR/Irradiance, Biospherical/Licor
# name 18 = prDM: Pressure, Digiquartz [db]
# name 19 = pumps: Pump Status
# name 20 = scan: Scan Count
# name 21 = svCM: Sound Velocity [Chen-Millero, m/s]
# name 22 = spar: SPAR, Biospherical/Licor
# name 23 = specc: Specific Conductance [uS/cm]
# name 24 = timeS: Time, Elapsed [seconds]
# name 25 = timeY: Time, System [seconds]
# name 26 = accM: Acceleration [m/s^2]
# name 27 = dz/dtM: Descent Rate [m/s]
# name 28 = latitude: Latitude [deg]
# name 29 = longitude: Longitude [deg]
# name 30 = gsw_saA0: Absolute Salinity [g/kg]
# name 31 = gsw_densityA0: density, TEOS-10 [density, kg/m^3]
# name 32 = gsw_sigma0A0: density, TEOS-10 [sigma-0, kg/m^3 ]
# name 33 = gsw_ptA0: potential temperature [ITS-90, deg C]
# name 34 = flag: flag
# span 0 =      0.964,     78.394       
# span 1 =     7.9614,    22.6022       
# span 2 =    32.9915,    33.3846       
# span 3 =  1022.7113,  1026.3161       
# span 4 =     3.1468,     4.2785       
# span 5 =     5.2724,     7.1651       
# span 6 =     84.401,    123.758       
# span 7 =   -0.03138,    0.27958       
# span 8 =    4.98970,    6.68604       
# span 9 =    4.97827,    6.69301       
# span 10 =      8.586,      8.899      
# span 11 =    -0.0282,     1.3076      
# span 12 =    9.21973,   12.03413      
# span 13 =   3.444698,   4.830085      
# span 14 = 7.6506e-14, 5.4705e+01      
# span 15 =    22.7070,    25.9569      
# span 16 =    22.7069,    25.9557      
# span 17 = 1.0000e-12, 5.8730e+02      
# span 18 =      1.000,     79.000      
# span 19 =          1,          1      
# span 20 =         57,      29250      
# span 21 =    1480.77,    1526.51      
# span 22 = 8.7346e+02, 1.4595e+03      
# span 23 =  50695.576,  52553.266      
# span 24 =      2.339,   1218.705      
# span 25 = 1531689258, 1531690474      
# span 26 =      -0.66,       0.52      
# span 27 =     -0.524,      0.640      
# span 28 =   39.89670,   39.89759      
# span 29 =  -72.12342,  -72.11892      
# span 30 =    33.1465,    33.5433      
# span 31 =  1022.7160,  1026.3190      
# span 32 =    22.7117,    25.9602      
# span 33 =     7.9569,    22.6020      
# span 34 = 0.0000e+00, 0.0000e+00      
# interval = decibars: 1                
# start_time = Jul 15 2018 21:14:16 [System UTC, first data scan.]
# bad_flag = -9.990e-29
*END*
      0.964    22.5515    33.2310  1022.7242     3.6880     5.7785    115.708    0.27958    4.99400    4.98259 -9.990e-29     0.0485    9.22689   4.824790 5.4705e+01    22.7200    22.7199 5.8730e+02      1.000          1         57    1526.38 1.0714e+03  50727.106      2.339 1531689258      -0.10     -0.524   39.89759  -72.11892    33.3882  1022.7286    22.7244    22.5513 0.0000e+00
      1.983    22.5469    33.2309  1022.7298     3.7492     5.3889    107.890    0.06240    4.99486    4.98346 -9.990e-29     0.0591    9.22833   4.824387 4.2066e+01    22.7213    22.7212 4.5763e+02      2.000          1        392    1526.38 1.0883e+03  50727.444     16.308 1531689272       0.17      0.070   39.89757  -72.11896    33.3882  1022.7343    22.7258    22.5465 0.0000e+00
      2.975    22.5429    33.2306  1022.7350     3.7690     5.2758    105.614   -0.00264    4.99539    4.98399 -9.990e-29     0.0887    9.22921   4.823966 3.3185e+01    22.7222    22.7220 3.6342e+02      3.000          1        654    1526.39 1.0954e+03  50727.498     27.213 1531689283       0.21      0.299   39.89756  -72.11899    33.3876  1022.7394    22.7265    22.5423 0.0000e+00
      3.969    22.5361    33.2306  1022.7414     3.7731     5.2978    106.041    0.00324    4.99598    4.98458      8.841     0.0728    9.23019   4.823343 2.5918e+01    22.7242    22.7240 2.8700e+02      4.000          1        733    1526.39 1.1068e+03  50728.268     30.516 1531689286       0.08      0.276   39.89756  -72.11900    33.3877  1022.7457    22.7285    22.5353 0.0000e+00
      4.962    22.4943    33.2297  1022.7568     3.7707     5.3117    105.792   -0.00053    5.02094    5.00967      8.842     0.0752    9.27184   4.818674 1.7879e+01    22.7353    22.7351 1.9795e+02      5.000          1        819    1526.29 1.1070e+03  50728.747     34.072 1531689290      -0.06      0.276   39.89756  -72.11902    33.3831  1022.7584    22.7369    22.4933 0.0000e+00
      5.956    22.2024    33.2143  1022.8313     3.7845     5.3692    106.576    0.00574    5.03791    5.02672      8.846     0.0871    9.30025   4.787105 9.4818e+00    22.8055    22.8052 1.0653e+02      6.000          1        898    1525.53 1.1252e+03  50717.580     37.375 1531689293       0.06      0.381   39.89754  -72.11902    33.3606  1022.8277    22.8019    22.2012 0.0000e+00
      6.944    22.0244    33.1948  1022.8705     3.8003     5.4076    107.081    0.00438    5.04998    5.03886      8.848     0.1183    9.32037   4.767532 8.8089e+00    22.8404    22.8400 9.8020e+01      7.000          1       1005    1525.06 1.1128e+03  50697.405     41.834 1531689297       0.02      0.210   39.89754  -72.11904    33.3439  1022.8691    22.8390    22.0231 0.0000e+00
      7.941    21.9333    33.1944  1022.8998     3.8183     5.4512    107.794    0.00599    5.05701    5.04593      8.848     0.1347    9.33201   4.758641 8.3590e+00    22.8654    22.8650 9.2923e+01      8.000          1       1078    1524.83 1.1117e+03  50700.471     44.855 1531689300       0.15      0.382   39.89754  -72.11904    33.3440  1022.8989    22.8645    21.9318 0.0000e+00
      8.928    21.6636    33.2198  1022.9976     3.8690     5.7725    110.367    0.02092    5.22944    5.21951      8.864     0.3637    9.61825   4.733059 7.3562e+00    22.9588    22.9583 8.0295e+01      9.000          1       1182    1524.16 1.0906e+03  50745.592     49.217 1531689305       0.05      0.181   39.89754  -72.11907    33.3503  1022.9822    22.9434    21.6619 0.0000e+00
      9.923    19.7619    33.2352  1023.5196     4.0349     6.4042    118.119    0.05466    5.42138    5.41298      8.878     0.5601    9.93845   4.542587 6.9965e+00    23.4762    23.4758 7.6701e+01     10.000          1       1257    1518.98 1.0963e+03  50854.408     52.326 1531689308      -0.05      0.298   39.89754  -72.11908    33.3056  1023.4590    23.4156    19.7601 0.0000e+00
     10.916    17.8800    33.1242  1023.9138     4.1847     6.6664    121.847    0.02744    5.47119    5.46323      8.886     0.7030   10.02134   4.349872 7.2237e+00    23.8658    23.8653 7.8219e+01     11.000          1       1351    1513.49 1.0829e+03  50815.937     56.245 1531689312       0.06      0.241   39.89752  -72.11909    33.2081  1023.8638    23.8158    17.8782 0.0000e+00
     11.908    17.6178    33.1300  1023.9857     4.1907     6.6064    120.371   -0.00184    5.48833    5.48053      8.890     0.7125   10.04979   4.328711 7.1526e+00    23.9332    23.9328 7.8495e+01     12.000          1       1430    1512.74 1.0975e+03  50843.950     59.548 1531689315       0.02      0.353   39.89752  -72.11911    33.2403  1023.9558    23.9034    17.6158 0.0000e+00
     12.900    17.2616    33.1214  1024.0682     4.1899     6.7574    120.491    0.00072    5.60847    5.60183      8.895     0.7979   10.24965   4.292252 5.7453e+00    24.0114    24.0108 6.2167e+01     13.000          1       1528    1511.68 1.0818e+03  50860.070     63.639 1531689319       0.23      0.220   39.89752  -72.11912    33.2175  1024.0275    23.9706    17.2595 0.0000e+00
     13.893    15.8287    33.0874  1024.3768     4.2096     7.0282    121.934    0.01203    5.76400    5.75895      8.898     1.0122   10.50836   4.150534 4.9458e+00    24.3152    24.3147 5.3473e+01     14.000          1       1611    1507.28 1.0814e+03  50936.794     67.067 1531689323       0.03      0.311   39.89752  -72.11913    33.1619  1024.3195    24.2579    15.8265 0.0000e+00
     14.886    14.9094    33.0448  1024.5511     4.2422     7.1126    122.904    0.00920    5.78718    5.78237      8.898     1.1096   10.54699   4.062697 4.2631e+00    24.4848    24.4844 4.5590e+01     15.000          1       1701    1504.36 1.0689e+03  50969.906     70.853 1531689326       0.10      0.299   39.89751  -72.11915    33.1465  1024.5144    24.4481    14.9072 0.0000e+00
     15.877    14.6363    33.0377  1024.6088     4.2377     7.0793    121.850   -0.00472    5.80984    5.80529      8.899     1.1216   10.58460   4.038222 3.6215e+00    24.5380    24.5375 3.8004e+01     16.000          1       1792    1503.49 1.0498e+03  50990.188     74.629 1531689330       0.24      0.443   39.89750  -72.11916    33.1553  1024.5842    24.5134    14.6340 0.0000e+00
     16.873    14.5164    33.0309  1024.6335     4.2277     7.0912    121.588   -0.00352    5.83214    5.82783      8.898     1.1344   10.62158   4.027094 3.2659e+00    24.5582    24.5577 3.4546e+01     17.000          1       1868    1503.12 1.0576e+03  50994.439     77.796 1531689333       0.12      0.327   39.89750  -72.11917    33.1553  1024.6140    24.5388    14.5140 0.0000e+00
     17.862    14.2102    33.0396  1024.7090     4.2023     7.1045    120.460   -0.00730    5.89782    5.89427      8.893     1.0543   10.73036   4.000085 2.8473e+00    24.6292    24.6287 2.9830e+01     18.000          1       1975    1502.15 1.0475e+03  51041.950     82.248 1531689338       0.16      0.249   39.89750  -72.11918    33.1685  1024.6929    24.6131    14.2077 0.0000e+00
     18.853    13.7719    33.0545  1024.8159     4.1718     7.0729    119.351   -0.00811    5.92608    5.92287      8.887     0.9436   10.77697   3.961082 2.4887e+00    24.7315    24.7309 2.5771e+01     19.000          1       2055    1500.76 1.0357e+03  51115.162     85.595 1531689341      -0.03      0.310   39.89750  -72.11920    33.1838  1024.7999    24.7155    13.7692 0.0000e+00
     19.845    13.5245    33.0776  1024.8885     4.1452     7.0641    118.410   -0.00845    5.96583    5.96310      8.882     0.8622   10.84268   3.940551 2.0864e+00    24.7996    24.7991 2.1792e+01     20.000          1       2145    1499.99 1.0445e+03  51178.814     89.313 1531689345       0.15      0.246   39.89750  -72.11920    33.2057  1024.8714    24.7825    13.5217 0.0000e+00
     20.839    13.0197    33.0999  1025.0112     4.1008     7.0838    116.574   -0.01254    6.07702    6.07566      8.875     0.8558   11.02670   3.895813 1.8905e+00    24.9177    24.9171 1.9090e+01     21.000          1       2242    1498.35 1.0102e+03  51276.337     93.394 1531689349       0.13      0.267   39.89750  -72.11922    33.2233  1024.9902    24.8967    13.0169 0.0000e+00
     21.833    12.3827    33.1136  1025.1503     4.0631     7.0435    115.252   -0.01271    6.11144    6.11051      8.872     0.9115   11.08369   3.837576 1.6438e+00    25.0520    25.0515 1.6954e+01     22.000          1       2308    1496.24 1.0337e+03  51385.284     96.117 1531689352       0.03      0.437   39.89750  -72.11924    33.2267  1025.1210    25.0227    12.3798 0.0000e+00
     22.821    11.8403    33.1162  1025.2594     3.9968     6.9898    112.569   -0.01762    6.20969    6.21001      8.859     0.9542   11.24631   3.788936 1.4150e+00    25.1564    25.1559 1.4804e+01     23.000          1       2422    1494.40 1.0460e+03  51470.421    100.858 1531689356       0.05      0.193   39.89748  -72.11924    33.2368  1025.2356    25.1326    11.8374 0.0000e+00
     23.815    11.1881    33.1225  1025.3882     3.9193     6.8260    109.161   -0.02662    6.25319    6.25407      8.841     0.9542   11.31839   3.728331 1.2270e+00    25.2804    25.2799 1.2869e+01     24.000          1       2504    1492.16 1.0501e+03  51585.241    104.276 1531689360       0.33      0.316   39.89748  -72.11926    33.2255  1025.3505    25.2427    11.1852 0.0000e+00
     24.808    10.9363    33.1209  1025.4367     3.8734     6.8188    108.565   -0.01399    6.28087    6.28212      8.835     0.9698   11.36416   3.707764 1.0518e+00    25.3242    25.3237 1.1318e+01     25.000          1       2581    1491.29 1.0759e+03  51625.385    107.484 1531689363      -0.04      0.288   39.89748  -72.11927    33.2484  1025.4177    25.3052    10.9333 0.0000e+00
     25.800    10.7444    33.1285  1025.4810     3.8263     6.7665    107.182   -0.01094    6.31322    6.31492      8.822     0.9688   11.41755   3.692116 8.9904e-01    25.3640    25.3634 9.5548e+00     26.000          1       2687    1490.64 1.0645e+03  51670.024    111.929 1531689368       0.04      0.261   39.89748  -72.11928    33.2658  1025.4695    25.3524    10.7414 0.0000e+00
     26.786    10.5567    33.1356  1025.5237     3.7689     6.6277    104.486   -0.01958    6.34309    6.34519      8.805     0.9602   11.46683   3.675418 7.3518e-01    25.4021    25.4016 8.0344e+00     27.000          1       2773    1490.00 1.0915e+03  51713.881    115.520 1531689371       0.14      0.262   39.89748  -72.11929    33.2686  1025.5089    25.3872    10.5536 0.0000e+00
     27.792    10.3280    33.1492  1025.5783     3.7373     6.5887    103.849   -0.01389    6.34448    6.34662      8.803     1.0003   11.46903   3.656312 6.3236e-01    25.4520    25.4515 6.6340e+00     28.000          1       2839    1489.22 1.0523e+03  51774.582    118.270 1531689374       0.30      0.441   39.89747  -72.11930    33.2845  1025.5650    25.4387    10.3248 0.0000e+00
     28.778    10.2247    33.1874  1025.6303     3.6744     6.4697    101.420   -0.01694    6.37921    6.38188      8.780     1.3076   11.52565   3.651454 5.1074e-01    25.4994    25.4989 5.5717e+00     29.000          1       2951    1488.91 1.0905e+03  51848.686    122.911 1531689379       0.13      0.294   39.89746  -72.11931    33.3296  1025.6221    25.4912    10.2214 0.0000e+00
     29.770    10.0336    33.2261  1025.6974     3.5864     6.2104     97.142   -0.03138    6.39329    6.39616      8.766     1.3037   11.54898   3.638259 4.4840e-01    25.5619    25.5613 4.7852e+00     30.000          1       3027    1488.29 1.0700e+03  51939.591    126.072 1531689382       0.05      0.354   39.89746  -72.11932    33.3709  1025.6910    25.5555    10.0302 0.0000e+00
     30.763     9.7948    33.2130  1025.7316     3.4797     6.0293     93.809   -0.02656    6.42748    6.43081      8.746     1.1684   11.60566   3.614965 3.5816e-01    25.5914    25.5908 3.9214e+00     31.000          1       3124    1487.42 1.0970e+03  51968.161    130.142 1531689386       0.04      0.333   39.89746  -72.11934    33.3529  1025.7213    25.5811     9.7914 0.0000e+00
     31.749     9.6786    33.2163  1025.7580     3.4024     5.9669     92.059   -0.01536    6.48161    6.48566      8.722     0.8749   11.69559   3.605251 3.1862e-01    25.6132    25.6126 3.3256e+00     32.000          1       3223    1487.02 1.0442e+03  51996.237    134.271 1531689390       0.12      0.214   39.89746  -72.11935    33.3605  1025.7509    25.6062     9.6751 0.0000e+00
     32.746     9.3673    33.1839  1025.7879     3.3543     5.8722     90.439   -0.01473    6.49298    6.49719      8.716     0.8009   11.71450   3.573748 2.5821e-01    25.6383    25.6378 2.8253e+00     33.000          1       3298    1485.86 1.0950e+03  52014.115    137.381 1531689393      -0.04      0.271   39.89746  -72.11936    33.3241  1025.7778    25.6283     9.3637 0.0000e+00
     33.738     9.2510    33.1712  1025.8013     3.3156     5.8308     89.607   -0.00880    6.50709    6.51149      8.701     0.7019   11.73782   3.562666 2.2979e-01    25.6471    25.6466 2.4274e+00     34.000          1       3390    1485.44 1.0589e+03  52020.951    141.214 1531689397       0.01      0.315   39.89746  -72.11937    33.3171  1025.7956    25.6414     9.2473 0.0000e+00
     34.724     9.1318    33.1745  1025.8274     3.2949     5.8267     89.423   -0.00274    6.51589    6.52043      8.690     0.4356   11.75228   3.552454 1.8334e-01    25.6686    25.6680 2.0448e+00     35.000          1       3491    1485.02 1.1116e+03  52051.105    145.404 1531689401       0.06      0.177   39.89744  -72.11939    33.3217  1025.8227    25.6639     9.1281 0.0000e+00
     35.727     9.1078    33.1797  1025.8399     3.2944     5.8361     89.553   -0.00110    6.51694    6.52150      8.691     0.4524   11.75403   3.551190 1.6633e-01    25.6765    25.6759 1.7288e+00     36.000          1       3548    1484.95 1.0416e+03  52064.236    147.794 1531689403       0.26      0.464   39.89744  -72.11940    33.3305  1025.8379    25.6746     9.1040 0.0000e+00
     36.722     9.0750    33.1853  1025.8540     3.2869     5.8108     89.031   -0.00427    6.52677    6.53148      8.688     0.4437   11.77019   3.548802 1.3438e-01    25.6861    25.6855 1.4793e+00     37.000          1       3628    1484.85 1.1028e+03  52079.720    151.124 1531689407       0.28      0.640   39.89744  -72.11940    33.3358  1025.8518    25.6839     9.0711 0.0000e+00
     37.698     8.9893    33.1906  1025.8762     3.2684     5.8167     88.924    0.00164    6.54115    6.54607      8.680     0.2427   11.79386   3.541925 1.2643e-01    25.7038    25.7032 1.3891e+00     38.000          1       3766    1484.56 1.0984e+03  52106.117    156.858 1531689412      -0.01      0.005   39.89744  -72.11944    33.3439  1025.8761    25.7036     8.9852 0.0000e+00
     38.706     8.9366    33.1956  1025.8930     3.2805     5.8531     89.431    0.00251    6.54478    6.54975      8.678     0.2683   11.79985   3.537508 1.0241e-01    25.7159    25.7153 1.1369e+00     39.000          1       3805    1484.39 1.1116e+03  52125.193    158.482 1531689414       0.25      0.562   39.89744  -72.11944    33.3466  1025.8910    25.7139     8.9325 0.0000e+00
     39.695     8.8725    33.1992  1025.9104     3.2809     5.8455     89.204   -0.00047    6.55297    6.55806      8.675     0.2150   11.81333   3.532139 9.0299e-02    25.7287    25.7281 1.0269e+00     40.000          1       3889    1484.17 1.1375e+03  52144.767    162.006 1531689418       0.44      0.402   39.89744  -72.11944    33.3500  1025.9082    25.7266     8.8684 0.0000e+00
     40.683     8.8394    33.2047  1025.9245     3.2766     5.8294     89.023   -0.00094    6.54822    6.55326      8.671     0.1706   11.80526   3.530087 8.2998e-02    25.7382    25.7376 9.4507e-01     41.000          1       3984    1484.07 1.1386e+03  52160.492    165.976 1531689422       0.12      0.264   39.89744  -72.11946    33.3592  1025.9251    25.7389     8.8351 0.0000e+00
