CalculateIndicators/WaterTemperature/Data/CTD_NYOS/NY1807C28.cnv
* Sea-Bird SBE 9 Data File:
* FileName = C:\Seabird 9 CTD\Data\2018\OffshoreCruise201807\NY1807C28.hex
* Software Version Seasave V 7.23.2
* Temperature SN = 4590
* Conductivity SN = 3228
* Number of Bytes Per Scan = 44
* Number of Voltage Words = 5
* Number of Scans Averaged by the Deck Unit = 1
* NMEA Latitude = 39 42.04 N
* NMEA Longitude = 073 05.06 W
* NMEA UTC (Time) = Jul 20 2018  12:12:32
* NMEA baud rate = 4800
** Ship: RV Seawolf
** Station: NY1807C28
** Operator: ajb
# nquan = 35
# nvalues = 85                          
# units = specified
# name 0 = depSM: Depth [salt water, m]
# name 1 = t090C: Temperature [ITS-90, deg C]
# name 2 = sal00: Salinity, Practical [PSU]
# name 3 = density00: Density [density, kg/m^3]
# name 4 = sbeox0V: Oxygen raw, SBE 43 [V]
# name 5 = sbeox0ML/L: Oxygen, SBE 43 [ml/l]
# name 6 = sbeox0PS: Oxygen, SBE 43 [% saturation]
# name 7 = sbox0dV/dT: Oxygen, SBE 43 [dov/dt]
# name 8 = oxsolML/L: Oxygen Saturation, Garcia & Gordon [ml/l]
# name 9 = oxsatML/L: Oxygen Saturation, Weiss [ml/l]
# name 10 = ph: pH
# name 11 = flECO-AFL: Fluorescence, WET Labs ECO-AFL/FL [mg/m^3]
# name 12 = n2satML/L: Nitrogen Saturation [ml/l]
# name 13 = c0S/m: Conductivity [S/m]
# name 14 = cpar: CPAR/Corrected Irradiance [%]
# name 15 = sigma-é00: Density [sigma-theta, kg/m^3]
# name 16 = sigma-t00: Density [sigma-t, kg/m^3 ]
# name 17 = par: PAR/Irradiance, Biospherical/Licor
# name 18 = prDM: Pressure, Digiquartz [db]
# name 19 = pumps: Pump Status
# name 20 = scan: Scan Count
# name 21 = svCM: Sound Velocity [Chen-Millero, m/s]
# name 22 = spar: SPAR, Biospherical/Licor
# name 23 = specc: Specific Conductance [uS/cm]
# name 24 = timeS: Time, Elapsed [seconds]
# name 25 = timeY: Time, System [seconds]
# name 26 = accM: Acceleration [m/s^2]
# name 27 = dz/dtM: Descent Rate [m/s]
# name 28 = latitude: Latitude [deg]
# name 29 = longitude: Longitude [deg]
# name 30 = gsw_saA0: Absolute Salinity [g/kg]
# name 31 = gsw_densityA0: density, TEOS-10 [density, kg/m^3]
# name 32 = gsw_sigma0A0: density, TEOS-10 [sigma-0, kg/m^3 ]
# name 33 = gsw_ptA0: potential temperature [ITS-90, deg C]
# name 34 = flag: flag
# span 0 =      1.983,     43.667       
# span 1 =     7.6866,    23.7188       
# span 2 =    30.9820,    33.0133       
# span 3 =  1020.6948,  1025.8527       
# span 4 =     3.0015,     4.1892       
# span 5 =     5.2915,     7.3607       
# span 6 =     79.480,    122.047       
# span 7 =   -0.04735,    0.05265       
# span 8 =    4.95758,    6.73904       
# span 9 =    4.94550,    6.74652       
# span 10 =      8.608,      8.951      
# span 11 =     0.2058,     1.3025      
# span 12 =    9.18811,   12.12482      
# span 13 =   3.397279,   4.640953      
# span 14 = 1.3221e-02, 4.7253e+00      
# span 15 =    20.6863,    25.6546      
# span 16 =    20.6861,    25.6540      
# span 17 = 2.6324e-01, 9.5851e+01      
# span 18 =      2.000,     44.000      
# span 19 =          1,          1      
# span 20 =       1641,      15681      
# span 21 =    1479.36,    1526.94      
# span 22 = 1.8071e+03, 2.0556e+03      
# span 23 =  47622.306,  51966.218      
# span 24 =     68.335,    653.347      
# span 25 = 1532088827, 1532089412      
# span 26 =      -0.21,       0.41      
# span 27 =     -0.506,      0.543      
# span 28 =   39.69987,   39.70066      
# span 29 =  -73.08480,  -73.08443      
# span 30 =    31.1313,    33.1553      
# span 31 =  1020.6991,  1025.8553      
# span 32 =    20.6905,    25.6554      
# span 33 =     7.6825,    23.7184      
# span 34 = 0.0000e+00, 0.0000e+00      
# interval = decibars: 1                
# start_time = Jul 20 2018 12:12:39 [System UTC, first data scan.]
# bad_flag = -9.990e-29
*END*
      1.985    23.7188    30.9846  1020.6948     3.8051     5.3110    107.129    0.00313    4.95758    4.94550      8.904     0.2769    9.18811   4.640953 4.7253e+00    20.6863    20.6861 9.5851e+01      2.000          1       1641    1526.94 2.0279e+03  47624.622     68.335 1532088827       0.03      0.092   39.70066  -73.08443    31.1313  1020.6991    20.6905    23.7184 0.0000e+00
      2.977    23.7050    30.9858  1020.7042     3.7996     5.2915    106.716   -0.00220    4.95847    4.94639 -9.990e-29     0.3145    9.18959   4.639831 3.6768e+00    20.6913    20.6911 7.5199e+01      3.000          1       1736    1526.92 2.0437e+03  47627.099     72.277 1532088831       0.13      0.323   39.70066  -73.08444    31.1322  1020.7081    20.6953    23.7043 0.0000e+00
      3.970    23.6926    30.9873  1020.7132     3.8000     5.3012    106.815   -0.00053    4.96301    4.95095      8.905     0.3322    9.19701   4.638906 2.8838e+00    20.6960    20.6958 5.8405e+01      4.000          1       1828    1526.91 2.0260e+03  47629.748     76.129 1532088835      -0.05      0.229   39.70066  -73.08444    31.1337  1020.7171    20.7000    23.6918 0.0000e+00
      4.962    23.5637    31.0240  1020.7823     3.7954     5.3323    106.654   -0.00075    4.99959    4.98770      8.899     0.3595    9.25688   4.631191 2.4267e+00    20.7608    20.7605 4.9371e+01      5.000          1       1928    1526.64 2.0343e+03  47683.240     80.307 1532088839      -0.02      0.260   39.70066  -73.08444    31.1658  1020.7828    20.7613    23.5627 0.0000e+00
      5.953    23.0262    31.1370  1021.0253     3.8330     5.4734    108.565    0.01217    5.04149    5.02979      8.892     0.4075    9.32608   4.594349 2.0830e+00    20.9995    20.9991 4.2373e+01      6.000          1       2030    1525.40 2.0342e+03  47851.420     84.526 1532088843       0.01      0.220   39.70066  -73.08444    31.2663  1021.0161    20.9903    23.0250 0.0000e+00
      6.948    22.6221    31.1929  1021.1859     3.8768     5.5883    110.079    0.01149    5.07650    5.06500      8.892     0.4731    9.38360   4.564162 1.8408e+00    21.1557    21.1553 3.7513e+01      7.000          1       2121    1524.43 2.0378e+03  47939.031     88.333 1532088847       0.02      0.302   39.70065  -73.08444    31.3234  1021.1776    21.1475    22.6207 0.0000e+00
      7.938    22.1058    31.2900  1021.4073     3.9303     5.7864    111.907    0.01028    5.17073    5.15982      8.897     0.5730    9.53907   4.527986 1.6496e+00    21.3728    21.3724 3.3611e+01      8.000          1       2228    1523.20 2.0376e+03  48087.743     92.784 1532088851       0.02      0.200   39.70064  -73.08446    31.4154  1021.3951    21.3606    22.1042 0.0000e+00
      8.932    20.6943    31.5069  1021.9545     4.0303     6.2975    116.863    0.03628    5.38780    5.37860      8.912     0.7003    9.89594   4.418461 1.4489e+00    21.9155    21.9151 2.9486e+01      9.000          1       2316    1519.62 2.0353e+03  48441.088     96.448 1532088855      -0.01      0.280   39.70064  -73.08446    31.5882  1021.9085    21.8695    20.6927 0.0000e+00
      9.923    18.4148    31.9210  1022.8582     4.1170     6.5418    118.404    0.00927    5.52528    5.51733      8.912     0.7594   10.12281   4.257053 1.2736e+00    22.8145    22.8141 2.5982e+01     10.000          1       2418    1513.67 2.0399e+03  49126.269    100.696 1532088859      -0.01      0.224   39.70064  -73.08446    31.9973  1022.8070    22.7634    18.4131 0.0000e+00
     10.916    17.1646    32.0477  1023.2596     4.0719     6.5101    115.148   -0.01865    5.65394    5.64724      8.908     0.6726   10.33602   4.155686 1.1718e+00    23.2114    23.2110 2.3777e+01     11.000          1       2508    1510.13 2.0294e+03  49387.256    104.452 1532088863       0.05      0.295   39.70064  -73.08446    32.1177  1023.2031    23.1548    17.1628 0.0000e+00
     11.907    15.8063    32.1129  1023.6238     3.9859     6.5806    112.238   -0.01628    5.86274    5.85829      8.902     0.6752   10.68130   4.037855 9.9310e-01    23.5709    23.5705 2.0329e+01     12.000          1       2610    1506.05 2.0469e+03  49591.499    108.701 1532088867       0.03      0.203   39.70064  -73.08448    32.1783  1023.5631    23.5102    15.8045 0.0000e+00
     12.902    14.3608    32.2330  1024.0319     3.9544     6.6152    111.355   -0.01268    5.94068    5.93714      8.898     0.7081   10.80982   3.918032 8.7739e-01    23.9742    23.9738 1.7810e+01     13.000          1       2678    1501.60 2.0295e+03  49905.062    111.550 1532088870       0.01      0.417   39.70064  -73.08448    32.2867  1023.9611    23.9034    14.3589 0.0000e+00
     13.890    13.4916    32.3354  1024.2951     3.9852     6.8498    114.290    0.01343    5.99343    5.99066      8.900     0.7140   10.89455   3.855014 8.0397e-01    24.2328    24.2324 1.6453e+01     14.000          1       2793    1498.91 2.0465e+03  50146.997    116.325 1532088875       0.00      0.131   39.70063  -73.08448    32.4339  1024.2580    24.1956    13.4896 0.0000e+00
     14.888    13.1999    32.5393  1024.5149     4.0955     7.2772    120.577    0.04634    6.03460    6.03245      8.918     0.7693   10.96073   3.851744 7.2100e-01    24.4480    24.4476 1.4664e+01     15.000          1       2855    1498.19 2.0339e+03  50469.141    118.934 1532088877       0.02      0.425   39.70063  -73.08448    32.6521  1024.4879    24.4211    13.1979 0.0000e+00
     15.876    12.6315    32.8152  1024.8443     4.1624     7.2876    119.500   -0.00105    6.09869    6.09745      8.951     0.8175   11.06479   3.829032 6.7221e-01    24.7729    24.7724 1.3744e+01     16.000          1       2962    1496.63 2.0451e+03  50930.315    123.358 1532088882       0.04      0.218   39.70062  -73.08448    32.9285  1024.8164    24.7450    12.6294 0.0000e+00
     16.869    12.1775    32.9239  1025.0200     4.1242     7.2425    117.378   -0.01193    6.17030    6.16995      8.948     0.9159   11.18358   3.799045 6.0800e-01    24.9439    24.9435 1.2336e+01     17.000          1       3045    1495.23 2.0288e+03  51147.540    126.815 1532088885       0.05      0.311   39.70062  -73.08448    33.0381  1024.9922    24.9161    12.1753 0.0000e+00
     17.862    11.6495    32.9001  1025.1045     4.0718     7.1580    115.460   -0.01329    6.19955    6.19957      8.939     0.9976   11.23201   3.748796 5.2666e-01    25.0237    25.0233 1.0731e+01     18.000          1       3130    1493.40 2.0382e+03  51195.407    130.383 1532088889      -0.03      0.248   39.70062  -73.08449    33.0162  1025.0779    24.9972    11.6473 0.0000e+00
     18.853    11.4684    32.9156  1025.1543     4.0535     7.2343    115.674   -0.00266    6.25408    6.25481      8.936     1.0432   11.32231   3.736073 4.5189e-01    25.0690    25.0686 9.2035e+00     19.000          1       3223    1492.81 2.0363e+03  51246.015    134.242 1532088893       0.05      0.294   39.70062  -73.08450    33.0525  1025.1437    25.0584    11.4661 0.0000e+00
     19.847    11.0918    32.9107  1025.2228     4.0178     7.1377    113.772   -0.01118    6.27375    6.27473      8.929     1.1282   11.35475   3.700342 4.2070e-01    25.1329    25.1324 8.5243e+00     20.000          1       3297    1491.50 2.0263e+03  51301.898    137.337 1532088896      -0.04      0.287   39.70062  -73.08450    33.0362  1025.2031    25.1132    11.0894 0.0000e+00
     20.838    10.8817    32.9182  1025.2705     3.9851     7.1116    113.005   -0.00674    6.29317    6.29441      8.914     1.2032   11.38686   3.683201 3.6781e-01    25.1760    25.1755 7.5387e+00     21.000          1       3390    1490.79 2.0493e+03  51348.247    141.212 1532088900       0.04      0.287   39.70062  -73.08450    33.0543  1025.2590    25.1644    10.8792 0.0000e+00
     21.831    10.7842    32.9203  1025.2938     3.9678     7.0863    112.428   -0.00659    6.30293    6.30431      8.909     1.2400   11.40298   3.675069 3.2596e-01    25.1948    25.1943 6.5535e+00     22.000          1       3455    1490.47 2.0103e+03  51368.671    143.927 1532088902       0.04      0.386   39.70062  -73.08450    33.0606  1025.2855    25.1865    10.7816 0.0000e+00
     22.823    10.6770    32.9244  1025.3202     3.9479     7.0930    111.789   -0.00616    6.34526    6.34721      8.902     1.3025   11.47295   3.665972 2.7945e-01    25.2166    25.2161 5.6801e+00     23.000          1       3539    1490.11 2.0338e+03  51393.685    147.414 1532088906      -0.05      0.250   39.70062  -73.08452    33.0660  1025.3129    25.2093    10.6743 0.0000e+00
     23.814    10.2887    32.9383  1025.4024     3.8927     6.9808    108.674   -0.02095    6.42362    6.42664      8.876     0.8423   11.60246   3.630588 2.2293e-01    25.2941    25.2936 4.5056e+00     24.000          1       3630    1488.75 2.0206e+03  51483.738    151.208 1532088910       0.26      0.359   39.70062  -73.08452    33.0615  1025.3805    25.2722    10.2860 0.0000e+00
     24.810     9.9155    32.9470  1025.4766     3.8570     6.9324    107.848   -0.01591    6.42794    6.43102      8.874     0.9028   11.60964   3.598554 1.9855e-01    25.3635    25.3631 3.9973e+00     25.000          1       3685    1487.44 2.0135e+03  51566.711    153.488 1532088912      -0.05      0.421   39.70060  -73.08452    33.0762  1025.4591    25.3461     9.9127 0.0000e+00
     25.798     9.7162    32.9374  1025.5067     3.8138     6.9017    106.942   -0.00906    6.45371    6.45714      8.858     0.5290   11.65229   3.580659 1.6446e-01    25.3890    25.3886 3.3568e+00     26.000          1       3800    1486.72 2.0405e+03  51592.255    158.303 1532088917       0.22      0.260   39.70060  -73.08452    33.0755  1025.4960    25.3784     9.7134 0.0000e+00
     26.794     9.6357    32.9411  1025.5274     3.7962     6.8688    106.371   -0.00856    6.45737    6.46086      8.854     0.5429   11.65829   3.574225 1.4618e-01    25.4051    25.4046 2.9376e+00     27.000          1       3849    1486.45 2.0091e+03  51613.953    160.349 1532088919       0.01      0.471   39.70060  -73.08452    33.0831  1025.5197    25.3974     9.6327 0.0000e+00
     27.783     9.5756    32.9518  1025.5502     3.7711     6.8564    105.842   -0.00476    6.47813    6.48195      8.845     0.5494   11.69207   3.570663 1.2467e-01    25.4234    25.4229 2.5328e+00     28.000          1       3957    1486.26 2.0318e+03  51640.012    164.819 1532088923      -0.03      0.135   39.70060  -73.08452    33.1014  1025.5482    25.4214     9.5725 0.0000e+00
     28.778     9.5210    33.0133  1025.6114     3.6806     6.5055     99.317   -0.04367    6.55041    6.55525      8.827     0.6145   11.81169   3.570462 1.0318e-01    25.4801    25.4796 2.0885e+00     29.000          1       4026    1486.15 2.0240e+03  51740.205    167.726 1532088926       0.14      0.483   39.70060  -73.08452    33.1492  1025.5987    25.4673     9.5178 0.0000e+00
     29.769     8.9318    32.9865  1025.6890     3.5091     6.1193     92.974   -0.04735    6.58188    6.58715      8.798     0.5221   11.86401   3.514923 9.3043e-02    25.5527    25.5522 1.8777e+00     30.000          1       4106    1483.97 2.0183e+03  51825.025    171.062 1532088930      -0.07      0.267   39.70060  -73.08452    33.1185  1025.6730    25.5367     8.9287 0.0000e+00
     30.761     8.6192    32.9541  1025.7166     3.3689     5.9275     89.377   -0.03232    6.63217    6.63814      8.752     0.3503   11.94748   3.484305 7.7887e-02    25.5755    25.5751 1.5806e+00     31.000          1       4206    1482.78 2.0294e+03  51847.827    175.193 1532088934       0.03      0.289   39.70060  -73.08452    33.0885  1025.7024    25.5614     8.6161 0.0000e+00
     31.752     8.3908    32.9349  1025.7407     3.2914     5.7954     87.195   -0.02639    6.64644    6.65262      8.734     0.3530   11.97104   3.462115 6.9207e-02    25.5950    25.5945 1.3953e+00     32.000          1       4272    1481.92 2.0161e+03  51872.395    177.975 1532088936       0.10      0.382   39.70059  -73.08452    33.0675  1025.7252    25.5794     8.3876 0.0000e+00
     32.746     8.2725    32.9355  1025.7635     3.2467     5.7963     86.868   -0.01282    6.67268    6.67922      8.721     0.3025   12.01458   3.452639 5.9586e-02    25.6131    25.6126 1.2029e+00     33.000          1       4360    1481.49 2.0186e+03  51901.062    181.617 1532088940       0.09      0.317   39.70058  -73.08452    33.0776  1025.7553    25.6049     8.2693 0.0000e+00
     33.738     8.0886    32.9226  1025.7852     3.1922     5.6331     84.071   -0.02266    6.70048    6.70742      8.706     0.2985   12.06068   3.434427 5.1692e-02    25.6301    25.6296 1.0452e+00     34.000          1       4442    1480.79 2.0221e+03  51926.221    185.050 1532088944       0.15      0.509   39.70058  -73.08452    33.0563  1025.7703    25.6152     8.0853 0.0000e+00
     34.730     7.9199    32.9104  1025.8049     3.1334     5.5458     82.646   -0.01577    6.71025    6.71733      8.695     0.2660   12.07694   3.419261 4.6661e-02    25.6451    25.6446 9.3909e-01     35.000          1       4529    1480.16 2.0122e+03  51949.366    188.654 1532088947       0.01      0.283   39.70058  -73.08452    33.0528  1025.7969    25.6370     7.9165 0.0000e+00
     35.722     7.8866    32.9044  1025.8096     3.1004     5.5272     82.246   -0.00769    6.72031    6.72753      8.685     0.2596   12.09365   3.416236 3.9513e-02    25.6452    25.6447 7.9616e-01     36.000          1       4614    1480.04 2.0153e+03  51949.510    192.197 1532088951       0.17      0.437   39.70058  -73.08452    33.0513  1025.8051    25.6407     7.8832 0.0000e+00
     36.715     7.8060    32.8967  1025.8198     3.0709     5.4574     81.166   -0.00827    6.72370    6.73096      8.679     0.2694   12.09928   3.408610 3.6306e-02    25.6508    25.6502 7.3290e-01     37.000          1       4693    1479.74 2.0181e+03  51958.615    195.507 1532088954      -0.07      0.270   39.70057  -73.08452    33.0452  1025.8165    25.6475     7.8025 0.0000e+00
     37.705     7.7840    32.8935  1025.8250     3.0521     5.4502     81.006   -0.00302    6.72819    6.73551 -9.990e-29     0.2453   12.10675   3.406718 3.0797e-02    25.6514    25.6509 6.1532e-01     38.000          1       4787    1479.67 1.9986e+03  51960.051    199.429 1532088958       0.11      0.322   39.70056  -73.08453    33.0452  1025.8242    25.6506     7.7804 0.0000e+00
     38.699     7.7571    32.8904  1025.8311     3.0399     5.4187     80.495   -0.00401    6.73168    6.73906      8.664     0.2448   12.11256   3.404152 2.7524e-02    25.6529    25.6523 5.5601e-01     39.000          1       4862    1479.58 2.0201e+03  51962.928    202.537 1532088961      -0.05      0.284   39.70056  -73.08454    33.0426  1025.8306    25.6524     7.7534 0.0000e+00
     39.688     7.7232    32.8864  1025.8374     3.0247     5.3866     79.998   -0.00375    6.73340    6.74080 -9.990e-29     0.2276   12.11543   3.400829 2.3246e-02    25.6546    25.6540 4.6189e-01     40.000          1       4956    1479.46 1.9872e+03  51966.175    206.464 1532088965       0.29      0.326   39.70056  -73.08454    33.0386  1025.8369    25.6541     7.7193 0.0000e+00
     40.685     7.7237    32.8854  1025.8411     3.0202     5.3851     79.988   -0.00217    6.73244    6.73982      8.655     0.2407   12.11384   3.401010 2.0487e-02    25.6537    25.6532 4.1207e-01     41.000          1       5017    1479.47 2.0114e+03  51965.310    208.999 1532088968      -0.05      0.405   39.70056  -73.08454    33.0396  1025.8422    25.6548     7.7198 0.0000e+00
     41.681     7.7172    32.8831  1025.8449     3.0121     5.3559     79.548   -0.00394    6.73299    6.74038      8.651     0.2361   12.11478   3.400105 1.6987e-02    25.6529    25.6523 3.3760e-01     42.000          1       5134    1479.46 1.9872e+03  51964.265    213.873 1532088972       0.41      0.543   39.70056  -73.08454    33.0354  1025.8445    25.6525     7.7133 0.0000e+00
