CalculateIndicators/WaterTemperature/Data/CTD_NYOS/NY1807C07.cnv
* Sea-Bird SBE 9 Data File:
* FileName = C:\Seabird 9 CTD\Data\2018\OffshoreCruise201807\NY1807C07.hex
* Software Version Seasave V 7.23.2
* Temperature SN = 4590
* Conductivity SN = 3228
* Number of Bytes Per Scan = 44
* Number of Voltage Words = 5
* Number of Scans Averaged by the Deck Unit = 1
* NMEA Latitude = 40 13.98 N
* NMEA Longitude = 072 14.23 W
* NMEA UTC (Time) = Jul 16 2018  00:45:04
* NMEA baud rate = 4800
** Ship: RV Seawolf
** Station: NY1807C07
** Operator: jdw
# nquan = 35
# nvalues = 110                         
# units = specified
# name 0 = depSM: Depth [salt water, m]
# name 1 = t090C: Temperature [ITS-90, deg C]
# name 2 = sal00: Salinity, Practical [PSU]
# name 3 = density00: Density [density, kg/m^3]
# name 4 = sbeox0V: Oxygen raw, SBE 43 [V]
# name 5 = sbeox0ML/L: Oxygen, SBE 43 [ml/l]
# name 6 = sbeox0PS: Oxygen, SBE 43 [% saturation]
# name 7 = sbox0dV/dT: Oxygen, SBE 43 [dov/dt]
# name 8 = oxsolML/L: Oxygen Saturation, Garcia & Gordon [ml/l]
# name 9 = oxsatML/L: Oxygen Saturation, Weiss [ml/l]
# name 10 = ph: pH
# name 11 = flECO-AFL: Fluorescence, WET Labs ECO-AFL/FL [mg/m^3]
# name 12 = n2satML/L: Nitrogen Saturation [ml/l]
# name 13 = c0S/m: Conductivity [S/m]
# name 14 = cpar: CPAR/Corrected Irradiance [%]
# name 15 = sigma-é00: Density [sigma-theta, kg/m^3]
# name 16 = sigma-t00: Density [sigma-t, kg/m^3 ]
# name 17 = par: PAR/Irradiance, Biospherical/Licor
# name 18 = prDM: Pressure, Digiquartz [db]
# name 19 = pumps: Pump Status
# name 20 = scan: Scan Count
# name 21 = svCM: Sound Velocity [Chen-Millero, m/s]
# name 22 = spar: SPAR, Biospherical/Licor
# name 23 = specc: Specific Conductance [uS/cm]
# name 24 = timeS: Time, Elapsed [seconds]
# name 25 = timeY: Time, System [seconds]
# name 26 = accM: Acceleration [m/s^2]
# name 27 = dz/dtM: Descent Rate [m/s]
# name 28 = latitude: Latitude [deg]
# name 29 = longitude: Longitude [deg]
# name 30 = gsw_saA0: Absolute Salinity [g/kg]
# name 31 = gsw_densityA0: density, TEOS-10 [density, kg/m^3]
# name 32 = gsw_sigma0A0: density, TEOS-10 [sigma-0, kg/m^3 ]
# name 33 = gsw_ptA0: potential temperature [ITS-90, deg C]
# name 34 = flag: flag
# span 0 =      0.977,     55.564       
# span 1 =     8.3252,    22.5493       
# span 2 =    32.5689,    33.2993       
# span 3 =  1022.2257,  1026.0369       
# span 4 =     3.1132,     4.1511       
# span 5 =     5.5368,     6.9038       
# span 6 =     83.559,    119.712       
# span 7 =   -0.04293,    0.03324       
# span 8 =    5.01389,    6.63083       
# span 9 =    5.00242,    6.63701       
# span 10 =      8.609,      8.888      
# span 11 =    -0.0071,     2.0650      
# span 12 =    9.26645,   11.94257      
# span 13 =   3.480626,   4.739042      
# span 14 = -1.145e+00, 1.2532e+00      
# span 15 =    22.2204,    25.7878      
# span 16 =    22.2202,    25.7871      
# span 17 = -4.937e-02, 7.4243e-02      
# span 18 =      1.000,     56.000      
# span 19 =          1,          1      
# span 20 =        -10,      11737      
# span 21 =    1482.28,    1525.71      
# span 22 = 3.9131e+00, 6.0183e+00      
# span 23 =  49825.092,  52230.843      
# span 24 =     -0.445,    488.980      
# span 25 = 1531701928, 1531702417      
# span 26 =      -0.61,       0.53      
# span 27 =     -0.988,      0.712      
# span 28 =   40.23321,   40.23529      
# span 29 =  -72.23723,  -72.23583      
# span 30 =    32.7253,    33.4556      
# span 31 =  1022.2292,  1026.0395      
# span 32 =    22.2249,    25.7845      
# span 33 =     8.3196,    22.5491      
# span 34 = 0.0000e+00, 0.0000e+00      
# interval = decibars: 1                
# start_time = Jul 16 2018 00:45:28 [System UTC, first data scan.]
# bad_flag = -9.990e-29
*END*
[from data line 83]
     26.794    11.7690    33.0845  1025.2663     3.8819     6.7887    111.306    0.01880    6.09923    6.09810      8.747     0.4821   11.06424   3.784605 2.1934e-11    25.1453    25.1447 1.0000e-12     27.000          1       7899    1494.19 4.7417e+00  51439.377    329.092 1531702258       0.01     -0.458   40.23458  -72.23626    33.2568  1025.2825    25.1616    11.7656 0.0000e+00
     25.798    11.8691    33.0642  1025.2274     3.9279     6.8369    113.464    0.02732    6.02575    6.02371      8.755     0.5449   10.94244   3.792082 2.2302e-11    25.1109    25.1103 1.0000e-12     26.000          1       7937    1494.49 4.6556e+00  51395.053    330.681 1531702259      -0.12     -0.611   40.23458  -72.23626    33.2407  1025.2470    25.1306    11.8659 0.0000e+00
     24.802    12.3681    33.0481  1025.1155     3.9787     6.8926    115.333    0.02936    5.97641    5.97378      8.760     0.5543   10.86071   3.838751 2.4046e-11    25.0038    25.0032 1.0000e-12     25.000          1       7979    1496.16 4.2477e+00  51298.340    332.399 1531702261       0.10     -0.599   40.23459  -72.23625    33.2496  1025.1547    25.0430    12.3648 0.0000e+00
     23.821    13.1667    33.0442  1024.9528     4.0390     6.8328    116.504    0.01761    5.86485    5.86089      8.762     0.6277   10.67614   3.911914 2.5476e-11    24.8460    24.8453 1.0000e-12     24.000          1       8049    1498.83 3.9131e+00  51180.049    335.315 1531702264      -0.11     -0.224   40.23460  -72.23624    33.2464  1024.9928    24.8860    13.1635 0.0000e+00
     22.820    13.7638    33.0270  1024.8137     4.0503     6.8066    116.209    0.00757    5.85718    5.85315      8.761     0.6913   10.66323   3.966606 2.5320e-11    24.7115    24.7109 1.0000e-12     23.000          1       8093    1500.76 3.9495e+00  51081.062    337.160 1531702266       0.05     -0.503   40.23461  -72.23624    33.2407  1024.8627    24.7605    13.7606 0.0000e+00
     21.832    14.2019    33.0194  1024.7131     4.0436     6.7184    115.173   -0.00389    5.83331    5.82900      8.757     0.7276   10.62368   4.004279 2.5320e-11    24.6156    24.6150 1.0000e-12     22.000          1       8158    1502.17 3.9495e+00  51016.787    339.855 1531702268      -0.04     -0.345   40.23462  -72.23622    33.2130  1024.7469    24.6493    14.1987 0.0000e+00
     20.840    14.2558    33.0308  1024.7062     4.0558     6.7344    116.317    0.00697    5.78967    5.78487      8.756     0.8468   10.55165   4.009966 2.5320e-11    24.6131    24.6125 1.0000e-12     21.000          1       8206    1502.34 3.9495e+00  51025.923    341.892 1531702270      -0.04     -0.492   40.23462  -72.23622    33.2195  1024.7361    24.6430    14.2528 0.0000e+00
     19.839    14.7009    32.9991  1024.5828     4.0516     6.6811    115.669   -0.00044    5.77634    5.77140      8.758     1.1255   10.52943   4.048011 2.3608e-11    24.4943    24.4937 1.0000e-12     20.000          1       8446    1503.72 4.1409e+00  50932.299    351.878 1531702280      -0.11     -0.395   40.23467  -72.23619    33.1882  1024.6132    24.5247    14.6980 0.0000e+00
     18.856    15.4954    32.9611  1024.3762     4.1152     6.5506    119.151    0.02111    5.49747    5.48960      8.774     1.9025   10.06839   4.119733 2.0798e-11    24.2925    24.2918 1.0000e-12     19.000          1       9437    1506.18 5.0146e+00  50796.906    393.170 1531702322      -0.27     -0.352   40.23485  -72.23608    33.1647  1024.4180    24.3343    15.4925 0.0000e+00
     17.858    16.6522    32.8832  1024.0498     4.1156     6.4515    118.120    0.00339    5.46166    5.45347      8.773     2.0351   10.00890   4.222354 2.0237e-11    23.9708    23.9702 1.0000e-12     18.000          1       9450    1509.64 5.1387e+00  50585.357    393.729 1531702322      -0.00     -0.579   40.23485  -72.23607    33.1099  1024.1096    24.0307    16.6493 0.0000e+00
     16.875    17.6941    32.7917  1023.7307     4.0961     6.2614    116.606   -0.01134    5.36989    5.36087      8.775     1.9750    9.85698   4.309033 1.9665e-11    23.6564    23.6557 1.0000e-12     17.000          1       9502    1512.66 5.2726e+00  50375.167    395.887 1531702324       0.03     -0.430   40.23486  -72.23606    33.0077  1023.7827    23.7084    17.6913 0.0000e+00
     15.873    17.9631    32.7991  1023.6665     4.0967     6.2436    117.236   -0.00038    5.32563    5.31626      8.781     1.9470    9.78342   4.335780 2.1011e-11    23.5967    23.5960 1.0000e-12     16.000          1       9535    1513.45 4.9577e+00  50366.891    397.243 1531702326      -0.26     -0.670   40.23486  -72.23606    33.0185  1023.7210    23.6511    17.9604 0.0000e+00
     14.884    18.7241    32.7449  1023.4333     4.0994     6.2040    117.404    0.00107    5.28427    5.27456      8.785     1.7665    9.71488   4.403212 2.3710e-11    23.3680    23.3673 1.0000e-12     15.000          1       9574    1515.58 4.3263e+00  50242.282    398.878 1531702327       0.17     -0.652   40.23487  -72.23606    32.9768  1023.4973    23.4320    18.7215 0.0000e+00
     13.890    19.3269    32.7314  1023.2667     4.1070     6.1806    117.784    0.00336    5.24739    5.23740      8.791     1.6972    9.65368   4.457875 2.5236e-11    23.2058    23.2052 1.0000e-12     14.000          1       9620    1517.28 3.9691e+00  50188.215    400.811 1531702329       0.01     -0.531   40.23488  -72.23606    32.9531  1023.3228    23.2620    19.3245 0.0000e+00
     12.902    19.8442    32.7030  1023.1080     4.1422     6.1744    119.712    0.01761    5.15781    5.14719      8.798     1.5966    9.50496   4.502897 2.5320e-11    23.0517    23.0510 1.0000e-12     13.000          1       9674    1518.69 3.9495e+00  50121.024    403.027 1531702331      -0.01     -0.432   40.23489  -72.23606    32.9165  1023.1580    23.1016    19.8418 0.0000e+00
     11.910    20.2068    32.6965  1023.0042     4.1511     6.0669    119.554    0.00831    5.07457    5.06342      8.804     1.3591    9.36696   4.538103 2.4305e-11    22.9522    22.9516 1.0000e-12     12.000          1       9714    1519.67 3.9495e+00  50093.611    404.726 1531702333      -0.11     -0.574   40.23490  -72.23604    32.9202  1023.0617    23.0097    20.2046 0.0000e+00
     10.911    21.0210    32.6664  1022.7604     4.1144     5.9136    116.913   -0.02032    5.05811    5.04687      8.806     1.1915    9.33963   4.614929 2.4000e-11    22.7129    22.7123 1.0000e-12     11.000          1       9748    1521.86 3.9495e+00  50016.436    406.130 1531702334      -0.03     -0.706   40.23490  -72.23604    32.9079  1022.8313    22.7838    21.0189 0.0000e+00
      9.922    21.9463    32.6153  1022.4654     4.0656     5.8160    115.210   -0.02026    5.04823    5.03694      8.806     1.0015    9.32308   4.695132 2.5327e-11    22.4223    22.4218 1.0000e-12     10.000          1       9804    1524.26 3.9495e+00  49910.474    408.449 1531702337       0.11     -0.422   40.23492  -72.23604    32.8354  1022.5199    22.4768    21.9443 0.0000e+00
      8.925    22.1713    32.6320  1022.4113     4.0378     5.7981    114.960   -0.00482    5.04361    5.03230      8.826     0.8851    9.31531   4.714079 2.0685e-11    22.3726    22.3721 1.0000e-12      9.000          1      10107    1524.86 5.0339e+00  49925.522    421.098 1531702350      -0.14     -0.334   40.23497  -72.23601    32.8135  1022.4365    22.3978    22.1695 0.0000e+00
      7.927    22.2101    32.6410  1022.4029     4.0337     5.7614    114.760   -0.00544    5.02040    5.00896      8.832     0.7145    9.27711   4.716416 2.1726e-11    22.3685    22.3681 1.0000e-12      8.000          1      10701    1524.95 4.7905e+00  49935.991    445.839 1531702374      -0.07     -0.900   40.23509  -72.23595    32.8027  1022.4132    22.3787    22.2086 0.0000e+00
      6.955    22.4105    32.6059  1022.3161     4.0083     5.6892    113.458   -0.01414    5.01435    5.00287      8.831     0.5393    9.26722   4.731742 2.4277e-11    22.2859    22.2856 1.0000e-12      7.000          1      10806    1525.42 4.1934e+00  49881.424    450.205 1531702379       0.20     -0.450   40.23510  -72.23592    32.7713  1022.3290    22.2990    22.4091 0.0000e+00
      5.948    22.4985    32.5812  1022.2682     3.9930     5.6663    113.000   -0.01224    5.01443    5.00295      8.831     0.5420    9.26735   4.736574 2.2703e-11    22.2425    22.2421 1.0000e-12      6.000          1      10837    1525.61 4.5618e+00  49844.460    451.496 1531702380      -0.27     -0.697   40.23511  -72.23592    32.7430  1022.2786    22.2528    22.4973 0.0000e+00
      4.967    22.5421    32.5693  1022.2426     3.9871     5.6773    113.224   -0.00241    5.01423    5.00275 -9.990e-29     0.5127    9.26703   4.739042 2.3056e-11    22.2211    22.2208 1.0000e-12      5.000          1      10887    1525.69 4.4791e+00  49826.505    453.601 1531702382       0.27     -0.474   40.23512  -72.23591    32.7297  1022.2519    22.2304    22.5412 0.0000e+00
      3.968    22.5395    32.5692  1022.2389     3.9822     5.6644    112.971   -0.00403    5.01401    5.00253      8.832     0.5324    9.26665   4.738546 1.0569e-03    22.2217    22.2215 5.3166e-05      4.000          1      10922    1525.67 4.4813e+00  49825.992    455.026 1531702383      -0.47     -0.643   40.23512  -72.23590    32.7282  1022.2471    22.2299    22.5387 0.0000e+00
      2.972    22.5432    32.5689  1022.2333     3.9784     5.6596    112.878   -0.00298    5.01389    5.00242      8.833     0.5312    9.26646   4.738741 7.6470e-01    22.2204    22.2202 3.2967e-02      3.000          1      10950    1525.66 4.5005e+00  49825.092    456.226 1531702385       0.05     -0.881   40.23513  -72.23590    32.7272  1022.2410    22.2281    22.5426 0.0000e+00
      1.977    22.5429    32.5699  1022.2298     3.9800     5.6696    113.078    0.00006    5.01389    5.00242      8.835     0.5295    9.26645   4.738639 1.1467e+00    22.2212    22.2211 4.9434e-02      2.000          1      11041    1525.65 4.5992e+00  49825.989    459.983 1531702388       0.07     -0.501   40.23515  -72.23590    32.7270  1022.2366    22.2280    22.5425 0.0000e+00
      0.977    22.5493    32.5727  1022.2257     3.9810     5.6798    113.277    0.00366    5.01405    5.00258 -9.990e-29     0.4660    9.26668   4.738998 -1.145e+00    22.2215    22.2214 -4.937e-02      1.000          1      11737    1525.66 5.0179e+00  49829.162    488.980 1531702417       0.01     -0.361   40.23529  -72.23583    32.7253  1022.2292    22.2249    22.5491 0.0000e+00
