CalculateIndicators/WaterTemperature/Data/CTD_NYOS/NY1807C02.cnv
* Sea-Bird SBE 9 Data File:
* FileName = C:\Seabird 9 CTD\Data\2018\OffshoreCruise201807\NY1807C02.hex
* Software Version Seasave V 7.23.2
* Temperature SN = 4590
* Conductivity SN = 3228
* Number of Bytes Per Scan = 44
* Number of Voltage Words = 5
* Number of Scans Averaged by the Deck Unit = 1
* NMEA Latitude = 40 41.35 N
* NMEA Longitude = 071 42.78 W
* NMEA UTC (Time) = Jul 15 2018  02:32:47
* NMEA baud rate = 4800
** Ship: Seawolf
** Station: NY1807C02
** Operator: jw
# nquan = 35
# nvalues = 127                         
# units = specified
# name 0 = depSM: Depth [salt water, m]
# name 1 = t090C: Temperature [ITS-90, deg C]
# name 2 = sal00: Salinity, Practical [PSU]
# name 3 = density00: Density [density, kg/m^3]
# name 4 = sbeox0V: Oxygen raw, SBE 43 [V]
# name 5 = sbeox0ML/L: Oxygen, SBE 43 [ml/l]
# name 6 = sbeox0PS: Oxygen, SBE 43 [% saturation]
# name 7 = sbox0dV/dT: Oxygen, SBE 43 [dov/dt]
# name 8 = oxsolML/L: Oxygen Saturation, Garcia & Gordon [ml/l]
# name 9 = oxsatML/L: Oxygen Saturation, Weiss [ml/l]
# name 10 = ph: pH
# name 11 = flECO-AFL: Fluorescence, WET Labs ECO-AFL/FL [mg/m^3]
# name 12 = n2satML/L: Nitrogen Saturation [ml/l]
# name 13 = c0S/m: Conductivity [S/m]
# name 14 = cpar: CPAR/Corrected Irradiance [%]
# name 15 = sigma-é00: Density [sigma-theta, kg/m^3]
# name 16 = sigma-t00: Density [sigma-t, kg/m^3 ]
# name 17 = par: PAR/Irradiance, Biospherical/Licor
# name 18 = prDM: Pressure, Digiquartz [db]
# name 19 = pumps: Pump Status
# name 20 = scan: Scan Count
# name 21 = svCM: Sound Velocity [Chen-Millero, m/s]
# name 22 = spar: SPAR, Biospherical/Licor
# name 23 = specc: Specific Conductance [uS/cm]
# name 24 = timeS: Time, Elapsed [seconds]
# name 25 = timeY: Time, System [seconds]
# name 26 = accM: Acceleration [m/s^2]
# name 27 = dz/dtM: Descent Rate [m/s]
# name 28 = latitude: Latitude [deg]
# name 29 = longitude: Longitude [deg]
# name 30 = gsw_saA0: Absolute Salinity [g/kg]
# name 31 = gsw_densityA0: density, TEOS-10 [density, kg/m^3]
# name 32 = gsw_sigma0A0: density, TEOS-10 [sigma-0, kg/m^3 ]
# name 33 = gsw_ptA0: potential temperature [ITS-90, deg C]
# name 34 = flag: flag
# span 0 =      0.980,     63.506       
# span 1 =     8.3162,    21.7767       
# span 2 =    32.1637,    32.9968       
# span 3 =  1022.1300,  1025.8891       
# span 4 =     2.9782,     4.4640       
# span 5 =     5.2356,     7.8100       
# span 6 =     78.826,    133.173       
# span 7 =   -0.07188,    0.07801       
# span 8 =    5.09308,    6.64227       
# span 9 =    5.08193,    6.64836       
# span 10 =      8.530,      8.849      
# span 11 =     0.0081,     1.5205      
# span 12 =    9.40151,   11.96437      
# span 13 =   3.457522,   4.623706      
# span 14 = 2.2767e-11, 9.8221e+00      
# span 15 =    22.1257,    25.6013      
# span 16 =    22.1257,    25.6005      
# span 17 = 1.0000e-12, 4.2628e-01      
# span 18 =      1.000,     64.000      
# span 19 =          1,          1      
# span 20 =        293,      15715      
# span 21 =    1482.01,    1523.34      
# span 22 = 3.9495e+00, 4.6994e+00      
# span 23 =  49294.855,  51895.748      
# span 24 =     12.169,    654.736      
# span 25 = 1531622041, 1531622683      
# span 26 =      -0.41,       0.62      
# span 27 =     -0.847,      0.842      
# span 28 =   40.68933,   40.69005      
# span 29 =  -71.71293,  -71.71143      
# span 30 =    32.3243,    33.1520      
# span 31 =  1022.1413,  1025.8919      
# span 32 =    22.1370,    25.6006      
# span 33 =     8.3099,    21.7765      
# span 34 = 0.0000e+00, 0.0000e+00      
# interval = decibars: 1                
# start_time = Jul 15 2018 02:33:49 [System UTC, first data scan.]
# bad_flag = -9.990e-29
*END*
      0.992    21.7567    32.1771  1022.1457     3.8292     5.4748    107.419   -0.00784    5.09672    5.08557 -9.990e-29     0.1966    9.40818   4.611997 9.8221e+00    22.1415    22.1414 4.2628e-01      1.000          1        293    1523.13 4.4664e+00  49313.575     12.169 1531622041       0.62     -0.555   40.68933  -71.71293    32.3296  1022.1508    22.1465    21.7565 0.0000e+00
      1.984    21.7574    32.1776  1022.1503     3.8242     5.4879    107.684    0.00110    5.09626    5.08511      8.779     0.1705    9.40743   4.612178 5.1838e+00    22.1417    22.1416 2.3840e-01      2.000          1        862    1523.15 4.6994e+00  49314.718     35.861 1531622065       0.00      0.285   40.68935  -71.71291    32.3302  1022.1555    22.1469    21.7570 0.0000e+00
      2.978    21.7638    32.1781  1022.1533     3.8331     5.5065    108.058    0.00192    5.09591    5.08476      8.779     0.1843    9.40684   4.612914 4.4111e-02    22.1404    22.1402 1.9979e-03      3.000          1       1291    1523.18 4.3484e+00  49315.578     53.755 1531622083       0.11      0.494   40.68938  -71.71290    32.3309  1022.1586    22.1457    21.7632 0.0000e+00
      3.968    21.7638    32.1777  1022.1573     3.8324     5.5022    107.978    0.00042    5.09565    5.08450      8.780     0.1663    9.40635   4.612882 1.4594e-04    22.1401    22.1399 5.7638e-06      4.000          1       1352    1523.20 4.4852e+00  49315.487     56.306 1531622085      -0.08      0.394   40.68938  -71.71290    32.3303  1022.1625    22.1453    21.7630 0.0000e+00
      4.962    21.7637    32.1784  1022.1623     3.8376     5.5139    108.229    0.00153    5.09472    5.08357 -9.990e-29     0.1733    9.40462   4.613030 9.6522e-07    22.1407    22.1404 3.8122e-08      5.000          1       1403    1523.22 4.3988e+00  49316.806     58.423 1531622088       0.08      0.505   40.68938  -71.71288    32.3312  1022.1676    22.1460    21.7627 0.0000e+00
      5.953    21.7661    32.1889  1022.1740     3.8359     5.5032    108.051   -0.00122    5.09308    5.08193      8.781     0.1730    9.40151   4.614711 2.3330e-11    22.1481    22.1478 1.0000e-12      6.000          1       1448    1523.25 4.4150e+00  49331.642     60.299 1531622089       0.00      0.532   40.68938  -71.71288    32.3422  1022.1797    22.1538    21.7649 0.0000e+00
      6.947    21.7718    32.2160  1022.1974     3.8429     5.5349    108.546    0.00378    5.09912    5.08802      8.783     0.1610    9.41083   4.618933 2.2881e-11    22.1672    22.1668 1.0000e-12      7.000          1       1492    1523.31 4.5202e+00  49369.049     62.129 1531622091      -0.01      0.549   40.68940  -71.71288    32.3708  1022.2040    22.1739    21.7704 0.0000e+00
      7.937    21.7573    32.2652  1022.2430     3.8483     5.6118    108.660    0.00217    5.16454    5.15388      8.792     0.1565    9.51891   4.623706 2.3307e-11    22.2085    22.2081 1.0000e-12      8.000          1       1540    1523.34 4.4204e+00  49437.203     64.129 1531622093      -0.00      0.493   40.68940  -71.71288    32.4188  1022.2486    22.2141    21.7557 0.0000e+00
      8.933    21.4323    32.3586  1022.4068     3.9242     5.9136    113.167    0.03821    5.22499    5.21475      8.805     0.3559    9.61914   4.601310 2.3851e-11    22.3679    22.3675 1.0000e-12      9.000          1       1585    1522.59 4.3491e+00  49577.715     65.989 1531622095      -0.01      0.542   40.68940  -71.71286    32.4867  1022.3929    22.3540    21.4306 0.0000e+00
      9.918    20.5416    32.4137  1022.6922     4.0685     6.4616    119.874    0.06626    5.39073    5.38177      8.824     0.5336    9.89456   4.521278 2.3204e-11    22.6489    22.6484 1.0000e-12     10.000          1       1639    1520.25 -9.990e-29  49689.676     68.253 1531622097      -0.00      0.414   40.68940  -71.71286    32.5262  1022.6665    22.6232    20.5397 0.0000e+00
     10.915    19.9048    32.4467  1022.8879     4.1833     6.7456    124.360    0.07342    5.42423    5.41557      8.826     0.5950    9.95022   4.459902 2.4212e-11    22.8402    22.8396 1.0000e-12     11.000          1       1676    1518.53 -9.990e-29  49765.996     69.785 1531622099       0.19      0.618   40.68940  -71.71286    32.5184  1022.8312    22.7835    19.9028 0.0000e+00
     11.911    18.6189    32.4631  1023.2306     4.2459     6.8400    125.231    0.04937    5.46203    5.45370      8.829     0.5563   10.01313   4.340714 2.3172e-11    23.1783    23.1778 1.0000e-12     12.000          1       1713    1514.91 4.5238e+00  49860.908     71.334 1531622100      -0.10      0.669   40.68941  -71.71286    32.5378  1023.1762    23.1239    18.6168 0.0000e+00
     12.896    18.1643    32.4624  1023.3469     4.2596     6.9436    122.944    0.00055    5.64770    5.64115      8.838     0.5743   10.32134   4.300079 2.3462e-11    23.2901    23.2896 1.0000e-12     13.000          1       1767    1513.61 4.3800e+00  49888.648     73.604 1531622103      -0.02      0.400   40.68942  -71.71286    32.5554  1023.3064    23.2497    18.1621 0.0000e+00
     13.891    17.4490    32.4574  1023.5195     4.2776     7.3230    124.262    0.01041    5.89310    5.88918      8.847     0.7181   10.72803   4.227996 2.3275e-11    23.4582    23.4576 1.0000e-12     14.000          1       1807    1511.50 4.0979e+00  49932.592     75.251 1531622104       0.16      0.595   40.68942  -71.71286    32.5116  1023.4493    23.3880    17.4467 0.0000e+00
     14.883    15.9782    32.4950  1023.8904     4.3160     7.8100    126.959    0.02626    6.15128    6.15049      8.849     0.7838   11.15526   4.088381 2.3638e-11    23.8243    23.8238 1.0000e-12     15.000          1       1843    1507.06 -9.990e-29  50108.814     76.745 1531622106      -0.04      0.680   40.68942  -71.71286    32.4836  1023.7695    23.7035    15.9759 0.0000e+00
     15.878    13.9934    32.5511  1024.3668     4.2793     7.6772    122.388   -0.01722    6.27312    6.27390      8.822     0.7390   11.35661   3.910461 2.4545e-11    24.2958    24.2953 1.0000e-12     16.000          1       1880    1500.83 3.9495e+00  50390.623     78.308 1531622107       0.02      0.640   40.68942  -71.71286    32.5235  1024.2322    24.1612    13.9912 0.0000e+00
     16.864    11.5106    32.6474  1024.9292     4.2062     7.4580    117.844   -0.04231    6.32878    6.33027      8.809     0.6373   11.44893   3.691552 2.4776e-11    24.8529    24.8525 1.0000e-12     17.000          1       1923    1492.60 3.9495e+00  50863.098     80.075 1531622109      -0.06      0.561   40.68942  -71.71284    32.5793  1024.7612    24.6848    11.5085 0.0000e+00
     17.861    10.9598    32.6679  1025.0483     4.1520     7.4113    115.971   -0.04173    6.39073    6.39304      8.806     0.5870   11.55146   3.651024 2.5214e-11    24.9673    24.9669 1.0000e-12     18.000          1       1955    1490.71 3.9495e+00  50982.120     81.418 1531622111       0.21      0.687   40.68942  -71.71284    32.6649  1024.9301    24.8490    10.9577 0.0000e+00
     18.854    10.6627    32.6564  1025.0959     4.0990     7.3581    114.429   -0.03785    6.43038    6.43325      8.791     0.5170   11.61677   3.624524 2.4526e-11    25.0103    25.0099 1.0000e-12     19.000          1       1988    1489.66 3.9495e+00  51017.779     82.787 1531622112      -0.09      0.767   40.68942  -71.71284    32.6649  1024.9863    24.9006    10.6605 0.0000e+00
     19.842    10.1982    32.6524  1025.1768     4.0216     7.1350    110.680   -0.05031    6.44659    6.44970      8.781     0.5062   11.64347   3.583390 2.5332e-11    25.0864    25.0860 1.0000e-12     20.000          1       2023    1488.02 3.9495e+00  51095.832     84.271 1531622113       0.06      0.643   40.68942  -71.71284    32.6671  1025.0716    24.9813    10.1959 0.0000e+00
     20.841     9.8813    32.6814  1025.2569     3.9489     6.9675    107.672   -0.05566    6.47118    6.47463      8.772     0.5085   11.68400   3.560566 2.5320e-11    25.1619    25.1615 1.0000e-12     21.000          1       2055    1486.92 3.9495e+00  51196.635     85.565 1531622115       0.01      0.772   40.68942  -71.71284    32.7211  1025.1708    25.0758     9.8790 0.0000e+00
     21.825     9.7277    32.6935  1025.2962     3.8473     6.7459    103.762   -0.05963    6.50134    6.50519      8.746     0.6844   11.73399   3.550415 2.4666e-11    25.1966    25.1962 1.0000e-12     22.000          1       2095    1486.40 3.9495e+00  51243.744     87.239 1531622116      -0.10      0.600   40.68942  -71.71284    32.7565  1025.2281    25.1285     9.7253 0.0000e+00
     22.821     9.5462    32.7071  1025.3410     3.7463     6.4628     99.166   -0.07188    6.51717    6.52124      8.733     0.9435   11.76035   3.536050 2.4159e-11    25.2368    25.2364 1.0000e-12     23.000          1       2128    1485.77 -9.990e-29  51299.165     88.617 1531622118       0.17      0.682   40.68944  -71.71282    32.7740  1025.2757    25.1715     9.5437 0.0000e+00
     23.816     9.3760    32.7002  1025.3676     3.6656     6.3222     96.870   -0.06567    6.52651    6.53069      8.720     1.1175   11.77587   3.521520 2.4585e-11    25.2587    25.2583 1.0000e-12     24.000          1       2159    1485.16 -9.990e-29  51324.079     89.925 1531622119      -0.03      0.783   40.68944  -71.71282    32.7793  1025.3117    25.2029     9.3734 0.0000e+00
     24.804     9.2447    32.6849  1025.3811     3.5778     6.1768     94.773   -0.05456    6.51743    6.52152      8.706     1.3918   11.76058   3.509698 2.3481e-11    25.2676    25.2672 1.0000e-12     25.000          1       2198    1484.67 4.2727e+00  51329.731     91.562 1531622121      -0.09      0.623   40.68944  -71.71282    32.7768  1025.3352    25.2217     9.2421 0.0000e+00
     25.795     9.1682    32.6757  1025.3906     3.5225     6.1063     94.180   -0.03928    6.48362    6.48730      8.713     1.4219   11.70384   3.503265 2.2767e-11    25.2726    25.2721 1.0000e-12     26.000          1       2236    1484.39 4.5497e+00  51333.107     93.128 1531622122       0.09      0.617   40.68944  -71.71282    32.7799  1025.3542    25.2362     9.1655 0.0000e+00
     26.788     9.2069    32.6925  1025.4021     3.5152     6.2553     96.315   -0.01136    6.49463    6.49846      8.712     1.2786   11.72207   3.510325 2.4683e-11    25.2796    25.2791 1.0000e-12     27.000          1       2266    1484.57 4.0985e+00  51349.487     94.384 1531622124       0.11      0.757   40.68944  -71.71282    32.8172  1025.3817    25.2591     9.2041 0.0000e+00
     27.785     9.3960    32.7499  1025.4214     3.4951     6.2198     95.566   -0.01197    6.50847    6.51249      8.707     1.3573   11.74506   3.534162 2.3386e-11    25.2944    25.2939 1.0000e-12     28.000          1       2295    1485.36 4.6008e+00  51392.736     95.572 1531622125       0.02      0.842   40.68944  -71.71282    32.8899  1025.4127    25.2858     9.3930 0.0000e+00
     28.776     9.3947    32.7672  1025.4397     3.4611     6.0983     93.501   -0.02225    6.52221    6.52641      8.699     1.4157   11.76783   3.534578 2.3902e-11    25.3082    25.3077 1.0000e-12     29.000          1       2331    1485.39 -9.990e-29  51418.112     97.073 1531622126      -0.15      0.709   40.68944  -71.71282    32.8951  1025.4215    25.2900     9.3916 0.0000e+00
     29.764     9.2639    32.7589  1025.4586     3.4175     6.0070     91.838   -0.02395    6.54087    6.54533      8.686     0.9928   11.79880   3.522472 2.3626e-11    25.3225    25.3220 1.0000e-12     30.000          1       2373    1484.91 -9.990e-29  51433.569     98.847 1531622128       0.02      0.551   40.68944  -71.71282    32.8896  1025.4426    25.3065     9.2607 0.0000e+00
     30.758     9.1590    32.7525  1025.4748     3.3711     5.8727     89.681   -0.03011    6.54838    6.55294      8.679     0.8312   11.81128   3.512465 2.4352e-11    25.3341    25.3336 1.0000e-12     31.000          1       2410    1484.54 3.9495e+00  51446.735    100.369 1531622130       0.06      0.644   40.68944  -71.71282    32.8818  1025.4578    25.3170     9.1557 0.0000e+00
     31.753     9.0588    32.7466  1025.4906     3.3305     5.7874     88.377   -0.02887    6.54844    6.55300      8.672     0.7127   11.81139   3.503299 2.5286e-11    25.3453    25.3448 1.0000e-12     32.000          1       2445    1484.17 3.9495e+00  51460.009    101.822 1531622131      -0.00      0.692   40.68944  -71.71282    32.8784  1025.4754    25.3301     9.0555 0.0000e+00
     32.739     9.0014    32.7411  1025.4998     3.2944     5.7583     87.961   -0.01923    6.54643    6.55096      8.667     0.6555   11.80806   3.498479 2.5320e-11    25.3499    25.3494 1.0000e-12     33.000          1       2490    1483.97 3.9495e+00  51464.833    103.704 1531622133      -0.10      0.524   40.68944  -71.71282    32.8808  1025.4908    25.3409     8.9980 0.0000e+00
     33.739     9.0116    32.7408  1025.5026     3.2804     5.7634     88.225   -0.01059    6.53257    6.53693      8.665     0.6476   11.78476   3.499756 2.4398e-11    25.3481    25.3476 1.0000e-12     34.000          1       2528    1484.03 3.9495e+00  51462.914    105.305 1531622134       0.04      0.626   40.68944  -71.71280    32.8842  1025.4964    25.3420     9.0081 0.0000e+00
     34.725     9.0450    32.7508  1025.5097     3.2751     5.7899     88.796   -0.00197    6.52051    6.52474      8.667     0.5874   11.76445   3.504591 2.4963e-11    25.3508    25.3502 1.0000e-12     35.000          1       2578    1484.18 3.9495e+00  51470.685    107.375 1531622137      -0.05      0.461   40.68944  -71.71280    32.9033  1025.5106    25.3517     9.0414 0.0000e+00
     35.718     9.1520    32.7876  1025.5262     3.2809     5.8075     89.420    0.00290    6.49469    6.49863      8.671     0.5196   11.72092   3.517873 2.3690e-11    25.3628    25.3622 1.0000e-12     36.000          1       2626    1484.64 3.9495e+00  51501.092    109.393 1531622139      -0.03      0.495   40.68946  -71.71280    32.9423  1025.5287    25.3653     9.1482 0.0000e+00
     36.711     9.2128    32.8191  1025.5457     3.2916     5.8327     90.047    0.00585    6.47734    6.48107      8.678     0.5601   11.69171   3.527004 2.3559e-11    25.3778    25.3772 1.0000e-12     37.000          1       2667    1484.91 -9.990e-29  51533.633    111.095 1531622140       0.17      0.575   40.68946  -71.71280    32.9807  1025.5535    25.3856     9.2089 0.0000e+00
     37.705     9.3774    32.8860  1025.5762     3.3061     5.8828     90.825    0.00888    6.47712    6.48086      8.680     0.6135   11.69126   3.548815 2.3568e-11    25.4040    25.4033 1.0000e-12     38.000          1       2706    1485.62 -9.990e-29  51594.974    112.699 1531622142      -0.06      0.639   40.68946  -71.71280    33.0543  1025.5891    25.4168     9.3733 0.0000e+00
     38.693     9.4548    32.9179  1025.5932     3.3203     5.9112     91.135    0.00643    6.48629    6.49016      8.680     0.5832   11.70641   3.558118 2.4268e-11    25.4165    25.4159 1.0000e-12     39.000          1       2758    1485.96 -9.990e-29  51624.932    114.860 1531622144      -0.07      0.447   40.68946  -71.71278    33.0785  1025.6000    25.4233     9.4506 0.0000e+00
     39.689     9.4229    32.9236  1025.6074     3.3233     5.8936     90.861    0.00188    6.48640    6.49029      8.677     0.5693   11.70642   3.555425 2.4405e-11    25.4261    25.4254 1.0000e-12     40.000          1       2801    1485.86 3.9495e+00  51640.091    116.679 1531622146       0.16      0.550   40.68946  -71.71278    33.0798  1025.6107    25.4294     9.4186 0.0000e+00
     40.677     9.3611    32.9208  1025.6197     3.3255     5.8803     90.882    0.00115    6.47026    6.47397      8.675     0.3939   11.67918   3.549558 2.4343e-11    25.4338    25.4331 1.0000e-12     41.000          1       2849    1485.65 3.9495e+00  51649.234    118.651 1531622148      -0.12      0.511   40.68946  -71.71278    33.0757  1025.6220    25.4362     9.3567 0.0000e+00
