CalculateIndicators/WaterTemperature/Data/CTD_NYOS/NY1807C09.cnv
* Sea-Bird SBE 9 Data File:
* FileName = C:\Seabird 9 CTD\Data\2018\OffshoreCruise201807\NY1807C09.hex
* Software Version Seasave V 7.23.2
* Temperature SN = 4590
* Conductivity SN = 3228
* Number of Bytes Per Scan = 44
* Number of Voltage Words = 5
* Number of Scans Averaged by the Deck Unit = 1
* NMEA Latitude = 40 34.46 N
* NMEA Longitude = 072 42.76 W
* NMEA UTC (Time) = Jul 16 2018  12:23:49
* NMEA baud rate = 4800
** Ship: RV Seawolf
** Station: NY1807C09
** Operator: ajb
# nquan = 35
# nvalues = 66                          
# units = specified
# name 0 = depSM: Depth [salt water, m]
# name 1 = t090C: Temperature [ITS-90, deg C]
# name 2 = sal00: Salinity, Practical [PSU]
# name 3 = density00: Density [density, kg/m^3]
# name 4 = sbeox0V: Oxygen raw, SBE 43 [V]
# name 5 = sbeox0ML/L: Oxygen, SBE 43 [ml/l]
# name 6 = sbeox0PS: Oxygen, SBE 43 [% saturation]
# name 7 = sbox0dV/dT: Oxygen, SBE 43 [dov/dt]
# name 8 = oxsolML/L: Oxygen Saturation, Garcia & Gordon [ml/l]
# name 9 = oxsatML/L: Oxygen Saturation, Weiss [ml/l]
# name 10 = ph: pH
# name 11 = flECO-AFL: Fluorescence, WET Labs ECO-AFL/FL [mg/m^3]
# name 12 = n2satML/L: Nitrogen Saturation [ml/l]
# name 13 = c0S/m: Conductivity [S/m]
# name 14 = cpar: CPAR/Corrected Irradiance [%]
# name 15 = sigma-é00: Density [sigma-theta, kg/m^3]
# name 16 = sigma-t00: Density [sigma-t, kg/m^3 ]
# name 17 = par: PAR/Irradiance, Biospherical/Licor
# name 18 = prDM: Pressure, Digiquartz [db]
# name 19 = pumps: Pump Status
# name 20 = scan: Scan Count
# name 21 = svCM: Sound Velocity [Chen-Millero, m/s]
# name 22 = spar: SPAR, Biospherical/Licor
# name 23 = specc: Specific Conductance [uS/cm]
# name 24 = timeS: Time, Elapsed [seconds]
# name 25 = timeY: Time, System [seconds]
# name 26 = accM: Acceleration [m/s^2]
# name 27 = dz/dtM: Descent Rate [m/s]
# name 28 = latitude: Latitude [deg]
# name 29 = longitude: Longitude [deg]
# name 30 = gsw_saA0: Absolute Salinity [g/kg]
# name 31 = gsw_densityA0: density, TEOS-10 [density, kg/m^3]
# name 32 = gsw_sigma0A0: density, TEOS-10 [sigma-0, kg/m^3 ]
# name 33 = gsw_ptA0: potential temperature [ITS-90, deg C]
# name 34 = flag: flag
# span 0 =      0.991,     33.747       
# span 1 =     8.9167,    22.2334       
# span 2 =    31.2676,    32.6671       
# span 3 =  1021.3266,  1025.4358       
# span 4 =     2.9983,     4.4305       
# span 5 =     5.1982,     7.5229       
# span 6 =     79.169,    129.849       
# span 7 =   -0.03615,    0.03925       
# span 8 =    5.08045,    6.56601       
# span 9 =    5.06896,    6.57071       
# span 10 =      8.565,      8.896      
# span 11 =     0.2099,     1.5455      
# span 12 =    9.39007,   11.84167      
# span 13 =   3.482532,   4.541733      
# span 14 = 7.4814e-02, 5.8329e+00      
# span 15 =    21.3222,    25.2829      
# span 16 =    21.3222,    25.2824      
# span 17 = 1.4470e+00, 1.1556e+02      
# span 18 =      1.000,     34.000      
# span 19 =          1,          1      
# span 20 =        768,      22237      
# span 21 =    1483.51,    1523.40      
# span 22 = 1.8930e+03, 1.9824e+03      
# span 23 =  48053.800,  51336.790      
# span 24 =     31.941,    926.500      
# span 25 = 1531743864, 1531744758      
# span 26 =      -0.45,       0.27      
# span 27 =     -0.319,      0.360      
# span 28 =   40.57446,   40.57564      
# span 29 =  -72.71369,  -72.71272      
# span 30 =    31.4172,    32.8098      
# span 31 =  1021.3316,  1025.4389      
# span 32 =    21.3273,    25.2856      
# span 33 =     8.9133,    22.2332      
# span 34 = 0.0000e+00, 0.0000e+00      
# interval = decibars: 1                
# start_time = Jul 16 2018 12:23:52 [System UTC, first data scan.]
# bad_flag = -9.990e-29
*END*
      1.990    22.1915    31.2713  1021.3434     3.7884     5.4122    106.463    0.00158    5.08367    5.07220      8.807     0.2099    9.39541   4.536266 5.7927e+00    21.3348    21.3347 1.1143e+02      2.000          1        768    1523.30 1.9250e+03  48057.052     31.941 1531743864       0.27      0.166   40.57446  -72.71272    31.4195  1021.3483    21.3397    22.1911 0.0000e+00
      2.978    22.1924    31.2718  1021.3478     3.7821     5.3903    106.029   -0.00339    5.08385    5.07238 -9.990e-29     0.2435    9.39572   4.536450 3.9930e+00    21.3349    21.3347 7.6334e+01      3.000          1        869    1523.32 1.9112e+03  48058.029     36.183 1531743868       0.25      0.321   40.57446  -72.71272    31.4199  1021.3528    21.3398    22.1918 0.0000e+00
      3.969    22.1889    31.2713  1021.3528     3.7846     5.4077    106.342    0.00120    5.08520    5.07374 -9.990e-29     0.2412    9.39797   4.536087 3.0587e+00    21.3356    21.3354 5.8217e+01      4.000          1        968    1523.33 1.9039e+03  48057.968     40.281 1531743872      -0.04      0.210   40.57446  -72.71273    31.4194  1021.3577    21.3405    22.1881 0.0000e+00
      4.961    22.1671    31.2724  1021.3641     3.7860     5.4128    106.412    0.00133    5.08662    5.07516 -9.990e-29     0.2773    9.40031   4.534166 2.3871e+00    21.3425    21.3422 4.5593e+01      5.000          1       1065    1523.29 1.9096e+03  48060.549     44.353 1531743876       0.00      0.303   40.57448  -72.71274    31.4199  1021.3685    21.3470    22.1661 0.0000e+00
      5.954    22.1595    31.2752  1021.3726     3.7838     5.4070    106.309    0.00058    5.08608    5.07463      8.806     0.2934    9.39934   4.533931 2.0166e+00    21.3468    21.3465 3.8384e+01      6.000          1       1167    1523.29 1.9036e+03  48065.066     48.592 1531743880       0.08      0.210   40.57448  -72.71274    31.4233  1021.3775    21.3516    22.1583 0.0000e+00
      6.946    22.1576    31.3041  1021.3994     3.8091     5.5114    107.718    0.01130    5.11636    5.10520      8.810     0.3707    9.44516   4.538081 2.0498e+00    21.3692    21.3688 3.9155e+01      7.000          1       1265    1523.33 1.9103e+03  48105.193     52.654 1531743884       0.01      0.285   40.57448  -72.71274    31.4565  1021.4075    21.3773    22.1562 0.0000e+00
      7.938    21.4775    31.8040  1021.9690     3.9398     5.9195    113.220    0.02995    5.22844    5.21803      8.829     0.4219    9.63088   4.535163 2.1918e+00    21.9345    21.9341 4.1659e+01      8.000          1       1361    1522.09 1.9009e+03  48815.110     56.653 1531743888       0.03      0.238   40.57448  -72.71274    31.9315  1021.9567    21.9221    21.4760 0.0000e+00
      8.929    19.9683    31.8577  1022.4145     4.0843     6.3458    118.863    0.03925    5.33879    5.32922      8.852     0.5816    9.81337   4.396228 2.3919e+00    22.3755    22.3750 4.5776e+01      9.000          1       1470    1518.03 1.9135e+03  48952.638     61.222 1531743893       0.05      0.203   40.57449  -72.71274    31.9529  1022.3779    22.3388    19.9667 0.0000e+00
      9.924    19.1493    31.9848  1022.7243     4.1852     6.5998    121.666    0.02507    5.42438    5.41555      8.867     0.7172    9.95485   4.336091 2.6139e+00    22.6807    22.6803 4.9673e+01     10.000          1       1552    1515.86 1.9008e+03  49170.911     64.635 1531743896      -0.02      0.302   40.57450  -72.71274    32.0865  1022.6921    22.6486    19.1475 0.0000e+00
     10.915    18.1142    32.0672  1023.0484     4.2426     6.8328    122.387    0.00234    5.58371    5.57643      8.881     1.0145   10.21739   4.250448 2.6719e+00    23.0003    22.9999 5.1065e+01     11.000          1       1667    1512.98 1.9111e+03  49346.643     69.409 1531743901       0.04      0.222   40.57450  -72.71274    32.1762  1023.0215    22.9735    18.1124 0.0000e+00
     11.908    16.2619    32.3344  1023.6886     4.3087     7.3400    125.999    0.02169    5.82575    5.82105      8.896     1.3949   10.61716   4.103759 2.6366e+00    23.6358    23.6354 5.0103e+01     12.000          1       1754    1507.69 1.9003e+03  49862.001     73.049 1531743905      -0.02      0.270   40.57450  -72.71274    32.3904  1023.6200    23.5672    16.2601 0.0000e+00
     12.898    14.0021    32.5126  1024.3213     4.2911     7.4477    123.455   -0.00787    6.03262    6.03033      8.889     1.4787   10.95923   3.915329 2.3446e+00    24.2636    24.2632 4.4768e+01     13.000          1       1859    1500.76 1.9094e+03  50335.319     77.421 1531743909      -0.01      0.204   40.57452  -72.71274    32.5628  1024.2467    24.1890    14.0003 0.0000e+00
     13.891    12.7193    32.5760  1024.6321     4.2673     7.5036    122.623   -0.00803    6.11941    6.11820      8.888     1.2841   11.10262   3.807163 2.0078e+00    24.5696    24.5692 3.8245e+01     14.000          1       1953    1496.60 1.9046e+03  50585.175     81.313 1531743913       0.03      0.250   40.57452  -72.71275    32.6433  1024.5697    24.5072    12.7175 0.0000e+00
     14.885    12.0537    32.6197  1024.7981     4.2274     7.4754    121.019   -0.01105    6.17716    6.17669      8.891     1.1143   11.19805   3.753694 1.6799e+00    24.7309    24.7305 3.2051e+01     15.000          1       2044    1494.41 1.9081e+03  50740.372     85.129 1531743917       0.01      0.282   40.57452  -72.71276    32.7083  1024.7516    24.6844    12.0518 0.0000e+00
     15.875    11.6227    32.6383  1024.8971     4.1814     7.4232    119.485   -0.01037    6.21271    6.21269      8.888     0.9489   11.25683   3.719270 1.4240e+00    24.8253    24.8250 2.7087e+01     16.000          1       2153    1492.97 1.9021e+03  50832.129     89.677 1531743921      -0.00      0.212   40.57452  -72.71276    32.7516  1024.8694    24.7976    11.6208 0.0000e+00
     16.868    11.4091    32.6489  1024.9487     4.0972     7.2182    114.984   -0.03037    6.27790    6.27871      8.885     0.8133   11.36484   3.701922 1.2156e+00    24.8724    24.8720 2.3302e+01     17.000          1       2247    1492.25 1.9169e+03  50881.105     93.581 1531743925       0.07      0.289   40.57453  -72.71276    32.7699  1024.9268    24.8504    11.4070 0.0000e+00
     17.859    10.8889    32.6398  1025.0390     3.9370     6.8788    108.928   -0.03615    6.31493    6.31622      8.867     0.6618   11.42615   3.654335 1.0034e+00    24.9580    24.9576 1.9065e+01     18.000          1       2346    1490.43 1.9002e+03  50954.669     97.727 1531743929      -0.00      0.196   40.57454  -72.71276    32.7612  1025.0171    24.9361    10.8868 0.0000e+00
     18.853    10.5281    32.6475  1025.1122     3.8234     6.7052    105.428   -0.03011    6.36004    6.36193      8.831     0.5577   11.50079   3.623209 8.7452e-01    25.0265    25.0261 1.6758e+01     19.000          1       2449    1489.18 1.9166e+03  51028.816    102.003 1531743934       0.04      0.247   40.57454  -72.71276    32.7725  1025.0929    25.0072    10.5259 0.0000e+00
     19.845    10.3360    32.6456  1025.1482     3.7545     6.6541    104.537   -0.01162    6.36528    6.36725      8.817     0.6273   11.50937   3.607046 7.3576e-01    25.0579    25.0575 1.4004e+01     20.000          1       2542    1488.50 1.9031e+03  51060.997    105.892 1531743937       0.12      0.273   40.57454  -72.71276    32.7823  1025.1378    25.0475    10.3337 0.0000e+00
     20.838    10.2932    32.6616  1025.1725     3.7980     6.9044    108.129    0.01339    6.38527    6.38752      8.821     0.7721   11.54237   3.605511 6.3891e-01    25.0777    25.0773 1.2235e+01     21.000          1       2641    1488.39 1.9154e+03  51091.951    109.989 1531743942       0.02      0.265   40.57454  -72.71276    32.8049  1025.1672    25.0724    10.2909 0.0000e+00
     21.831    10.0943    32.6589  1025.2084     3.7644     6.6915    104.192   -0.02032    6.42258    6.42532      8.812     0.8090   11.60421   3.587104 5.5819e-01    25.1090    25.1086 1.0591e+01     22.000          1       2742    1487.68 1.8970e+03  51125.402    114.192 1531743946       0.08      0.323   40.57454  -72.71276    32.7979  1025.1997    25.1002    10.0918 0.0000e+00
     22.821     9.8122    32.6549  1025.2567     3.6260     6.3540     98.321   -0.03270    6.46259    6.46588      8.783     0.7017   11.67028   3.561585 4.7873e-01    25.1526    25.1522 9.1935e+00     23.000          1       2848    1486.67 1.9208e+03  51173.521    118.635 1531743950       0.01      0.210   40.57454  -72.71276    32.7935  1025.2475    25.1434     9.8097 0.0000e+00
     23.812     9.5388    32.6668  1025.3152     3.5189     6.1958     95.351   -0.02349    6.49799    6.50177      8.757     0.5911   11.72880   3.538454 4.1462e-01    25.2064    25.2060 7.8484e+00     24.000          1       2954    1485.71 1.8930e+03  51244.242    123.055 1531743955       0.01      0.208   40.57456  -72.71277    32.8050  1025.3056    25.1968     9.5362 0.0000e+00
     24.806     9.3325    32.6671  1025.3532     3.4485     6.0966     93.568   -0.01567    6.51584    6.51986      8.729     0.5017   11.75839   3.520475 3.6030e-01    25.2398    25.2394 6.9103e+00     25.000          1       3059    1484.97 1.9179e+03  51286.801    127.421 1531743959       0.11      0.225   40.57456  -72.71278    32.8080  1025.3455    25.2321     9.3298 0.0000e+00
     25.800     9.2146    32.6607  1025.3715     3.3655     5.8599     89.813   -0.02560    6.52468    6.52883      8.713     0.4815   11.77310   3.509795 3.1877e-01    25.2535    25.2531 6.0464e+00     26.000          1       3149    1484.55 1.8965e+03  51302.388    131.172 1531743963       0.01      0.360   40.57456  -72.71278    32.8051  1025.3665    25.2485     9.2118 0.0000e+00
     26.789     9.1127    32.6510  1025.3846     3.2403     5.5997     85.558   -0.02412    6.54501    6.54943      8.688     0.4598   11.80678   3.499960 2.7074e-01    25.2620    25.2615 5.1903e+00     27.000          1       3312    1484.17 1.9164e+03  51310.480    137.942 1531743970       0.20      0.122   40.57456  -72.71278    32.7962  1025.3801    25.2575     9.1099 0.0000e+00
     27.784     8.9655    32.6458  1025.4081     3.0992     5.3115     80.967   -0.02013    6.55998    6.56461      8.641     0.3953   11.83163   3.486891 2.4178e-01    25.2809    25.2804 4.6070e+00     28.000          1       3498    1483.64 1.9057e+03  51334.347    145.704 1531743977       0.04      0.258   40.57456  -72.71279    32.7952  1025.4069    25.2797     8.9626 0.0000e+00
     28.775     8.9446    32.6432  1025.4139     3.0502     5.3067     80.875   -0.00162    6.56162    6.56626      8.627     0.3879   11.83437   3.485224 2.0290e-01    25.2821    25.2816 3.8749e+00     29.000          1       3720    1483.58 1.9101e+03  51335.804    154.978 1531743987       0.06      0.160   40.57458  -72.71280    32.7966  1025.4158    25.2840     8.9416 0.0000e+00
     29.769     8.9287    32.6410  1025.4192     3.0256     5.2356     79.767   -0.00452    6.56356    6.56823      8.615     0.3989   11.83761   3.483679 1.6960e-01    25.2829    25.2824 3.2464e+00     30.000          1       3926    1483.53 1.9145e+03  51336.641    163.544 1531743995       0.13      0.212   40.57458  -72.71280    32.7946  1025.4213    25.2850     8.9256 0.0000e+00
     30.759     8.9244    32.6399  1025.4236     3.0119     5.2233     79.569   -0.00140    6.56449    6.56917      8.601     0.4018   11.83915   3.483330 1.3965e-01    25.2827    25.2822 2.6684e+00     31.000          1       4147    1483.53 1.9113e+03  51336.692    172.747 1531744004       0.12      0.148   40.57458  -72.71281    32.7945  1025.4265    25.2856     8.9212 0.0000e+00
     31.752     8.9189    32.6387  1025.4280     3.0035     5.2070     79.307   -0.00118    6.56564    6.57034      8.598     0.4038   11.84106   3.482759 1.1752e-01    25.2826    25.2821 2.2453e+00     32.000          1       4353    1483.52 1.9111e+03  51336.731    181.348 1531744013       0.10      0.187   40.57460  -72.71282    32.7932  1025.4308    25.2854     8.9156 0.0000e+00
     32.744     8.9167    32.6380  1025.4324     2.9983     5.1982     79.169   -0.00076    6.56601    6.57071      8.594     0.3928   11.84167   3.482532 9.6734e-02    25.2824    25.2819 1.8497e+00     33.000          1       4575    1483.53 1.9124e+03  51336.790    190.568 1531744022       0.12      0.119   40.57460  -72.71282    32.7924  1025.4352    25.2852     8.9133 0.0000e+00
     33.747     8.9274    32.6385  1025.4358     3.0150     5.2480     79.947    0.00141    6.56434    6.56902      8.587     0.3706   11.83892   3.483625 7.4814e-02    25.2812    25.2807 1.4470e+00     34.000          1       6000    1483.59 1.9317e+03  51336.052    249.946 1531744082      -0.32      0.357   40.57466  -72.71288    32.7935  1025.4389    25.2844     8.9238 0.0000e+00
     32.743     8.9192    32.6370  1025.4313     3.0000     5.2086     79.335    0.00049    6.56539    6.57008      8.567     0.3875   11.84066   3.482718 9.1464e-02    25.2813    25.2807 1.7620e+00     33.000          1       6481    1483.54 1.9267e+03  51334.939    270.016 1531744102      -0.08     -0.087   40.57470  -72.71292    32.7920  1025.4344    25.2845     8.9158 0.0000e+00
     31.750     8.9199    32.6375  1025.4269     3.0032     5.2177     79.471    0.00089    6.56553    6.57023      8.565     0.4004   11.84090   3.482770 1.0950e-01    25.2815    25.2810 2.1116e+00     32.000          1       6992    1483.53 1.9286e+03  51334.816    291.282 1531744123      -0.07     -0.163   40.57472  -72.71295    32.7925  1025.4301    25.2847     8.9165 0.0000e+00
     30.759     8.9206    32.6376  1025.4224     3.0067     5.2267     79.624    0.00138    6.56426    6.56894      8.567     0.3812   11.83879   3.482821 1.3004e-01    25.2815    25.2810 2.5150e+00     31.000          1       7202    1483.51 1.9339e+03  51334.241    300.028 1531744132      -0.07     -0.140   40.57474  -72.71296    32.7928  1025.4257    25.2848     8.9174 0.0000e+00
     29.766     8.9383    32.6395  1025.4166     3.0323     5.2944     80.681    0.00331    6.56213    6.56678      8.571     0.3993   11.83524   3.484516 1.5354e-01    25.2802    25.2797 2.9602e+00     30.000          1       7377    1483.56 1.9279e+03  51332.524    307.316 1531744139      -0.14     -0.172   40.57474  -72.71296    32.7945  1025.4198    25.2834     8.9352 0.0000e+00
     28.773     8.9590    32.6386  1025.4080     3.0626     5.3798     82.081    0.00740    6.55432    6.55886      8.581     0.4143   11.82234   3.486300 1.8440e-01    25.2763    25.2758 3.5662e+00     29.000          1       7552    1483.62 1.9336e+03  51326.199    314.621 1531744146      -0.06     -0.179   40.57475  -72.71297    32.7946  1025.4120    25.2802     8.9560 0.0000e+00
     27.783     9.0598    32.6388  1025.3879     3.1736     5.6702     86.693    0.01593    6.54063    6.54498      8.605     0.4319   11.79966   3.495345 2.1641e-01    25.2607    25.2602 4.1851e+00     28.000          1       7737    1483.98 1.9337e+03  51304.634    322.314 1531744154      -0.03     -0.122   40.57476  -72.71298    32.7964  1025.3932    25.2660     9.0569 0.0000e+00
     26.787     9.1223    32.6443  1025.3778     3.2520     5.8039     88.881    0.00968    6.53013    6.53434      8.624     0.4376   11.78223   3.501375 2.5095e-01    25.2552    25.2548 4.8422e+00     27.000          1       7925    1484.20 1.9294e+03  51298.849    330.179 1531744162      -0.16     -0.233   40.57477  -72.71299    32.8021  1025.3832    25.2607     9.1194 0.0000e+00
     25.793     9.2998    32.6522  1025.3513     3.4108     6.1355     94.345    0.00881    6.50338    6.50722      8.654     0.4778   11.73789   3.517800 2.8262e-01    25.2333    25.2329 5.4523e+00     26.000          1       8437    1484.85 1.9291e+03  51272.972    351.515 1531744183      -0.16     -0.206   40.57480  -72.71303    32.8098  1025.3566    25.2387     9.2970 0.0000e+00
