CalculateIndicators/WaterTemperature/Data/CTD_NYOS/NY1807C26.cnv
* Sea-Bird SBE 9 Data File:
* FileName = C:\Seabird 9 CTD\Data\2018\OffshoreCruise201807\NY1807C26.hex
* Software Version Seasave V 7.23.2
* Temperature SN = 4590
* Conductivity SN = 3228
* Number of Bytes Per Scan = 44
* Number of Voltage Words = 5
* Number of Scans Averaged by the Deck Unit = 1
* NMEA Latitude = 39 09.46 N
* NMEA Longitude = 072 52.71 W
* NMEA UTC (Time) = Jul 20 2018  07:03:44
* NMEA baud rate = 4800
** Ship: RV Seawolf
** Station: NY1807C26
** Operator: jdw
# nquan = 35
# nvalues = 166                         
# units = specified
# name 0 = depSM: Depth [salt water, m]
# name 1 = t090C: Temperature [ITS-90, deg C]
# name 2 = sal00: Salinity, Practical [PSU]
# name 3 = density00: Density [density, kg/m^3]
# name 4 = sbeox0V: Oxygen raw, SBE 43 [V]
# name 5 = sbeox0ML/L: Oxygen, SBE 43 [ml/l]
# name 6 = sbeox0PS: Oxygen, SBE 43 [% saturation]
# name 7 = sbox0dV/dT: Oxygen, SBE 43 [dov/dt]
# name 8 = oxsolML/L: Oxygen Saturation, Garcia & Gordon [ml/l]
# name 9 = oxsatML/L: Oxygen Saturation, Weiss [ml/l]
# name 10 = ph: pH
# name 11 = flECO-AFL: Fluorescence, WET Labs ECO-AFL/FL [mg/m^3]
# name 12 = n2satML/L: Nitrogen Saturation [ml/l]
# name 13 = c0S/m: Conductivity [S/m]
# name 14 = cpar: CPAR/Corrected Irradiance [%]
# name 15 = sigma-é00: Density [sigma-theta, kg/m^3]
# name 16 = sigma-t00: Density [sigma-t, kg/m^3 ]
# name 17 = par: PAR/Irradiance, Biospherical/Licor
# name 18 = prDM: Pressure, Digiquartz [db]
# name 19 = pumps: Pump Status
# name 20 = scan: Scan Count
# name 21 = svCM: Sound Velocity [Chen-Millero, m/s]
# name 22 = spar: SPAR, Biospherical/Licor
# name 23 = specc: Specific Conductance [uS/cm]
# name 24 = timeS: Time, Elapsed [seconds]
# name 25 = timeY: Time, System [seconds]
# name 26 = accM: Acceleration [m/s^2]
# name 27 = dz/dtM: Descent Rate [m/s]
# name 28 = latitude: Latitude [deg]
# name 29 = longitude: Longitude [deg]
# name 30 = gsw_saA0: Absolute Salinity [g/kg]
# name 31 = gsw_densityA0: density, TEOS-10 [density, kg/m^3]
# name 32 = gsw_sigma0A0: density, TEOS-10 [sigma-0, kg/m^3 ]
# name 33 = gsw_ptA0: potential temperature [ITS-90, deg C]
# name 34 = flag: flag
# span 0 =      0.985,     83.360       
# span 1 =     8.1483,    24.1613       
# span 2 =    33.2532,    34.2725       
# span 3 =  1022.3509,  1026.7046       
# span 4 =     3.1632,     4.3034       
# span 5 =     5.0998,     7.0877       
# span 6 =     85.197,    126.872       
# span 7 =   -0.13698,    0.14556       
# span 8 =    4.86201,    6.64900       
# span 9 =    4.85010,    6.65563       
# span 10 =      8.649,      8.981      
# span 11 =    -0.0463,     1.1337      
# span 12 =    9.00603,   11.97053      
# span 13 =   3.480950,   4.999883      
# span 14 = -5.409e+00, 1.5246e+01      
# span 15 =    22.3467,    26.3266      
# span 16 =    22.3467,    26.3249      
# span 17 = -2.136e-01, 6.0215e-01      
# span 18 =      1.000,     84.000      
# span 19 =          1,          1      
# span 20 =        269,      11669      
# span 21 =    1481.79,    1530.60      
# span 22 = 3.9495e+00, 3.9495e+00      
# span 23 =  50850.196,  53379.656      
# span 24 =     11.156,    486.167      
# span 25 = 1532070299, 1532070774      
# span 26 =      -0.45,       0.42      
# span 27 =     -1.014,      0.973      
# span 28 =   39.15595,   39.15751      
# span 29 =  -72.87927,  -72.87868      
# span 30 =    33.3684,    34.4263      
# span 31 =  1022.3524,  1026.7054      
# span 32 =    22.3481,    26.3318      
# span 33 =     8.1435,    24.1611      
# span 34 = 0.0000e+00, 0.0000e+00      
# interval = decibars: 1                
# start_time = Jul 20 2018 07:04:48 [System UTC, first data scan.]
# bad_flag = -9.990e-29
*END*
      1.982    24.0900    33.3708  1022.3907     3.7457     5.0998    104.732   -0.00430    4.86936    4.85748      8.906     0.0050    9.01809   4.996093 2.5032e-11    22.3822    22.3821 1.0000e-12      2.000          1        269    1530.45 3.9495e+00  50878.307     11.156 1532070299       0.10      0.000   39.15751  -72.87868    33.5311  1022.3962    22.3877    24.0896 0.0000e+00
      2.972    24.0521    33.3727  1022.4075     3.7673     5.1985    106.193    0.01121    4.89535    4.88357      8.907     0.0093    9.06104   4.991232 2.4482e-11    22.3948    22.3946 1.0000e-12      3.000          1        383    1530.38 3.9495e+00  50881.761     15.904 1532070304       0.18      0.409   39.15750  -72.87870    33.5226  1022.4053    22.3925    24.0514 0.0000e+00
      3.971    23.7524    33.4042  1022.5236     3.7749     5.2055    106.302    0.00744    4.89694    4.88516      8.908     0.0157    9.06370   4.964963 2.5320e-11    22.5065    22.5063 1.0000e-12      4.000          1        409    1529.68 3.9495e+00  50931.960     16.999 1532070305       0.24      0.701   39.15749  -72.87870    33.5495  1022.5179    22.5008    23.7516 0.0000e+00
      4.965    23.6581    33.4118  1022.5613     3.7805     5.2633    106.388    0.00457    4.94727    4.93573      8.913     0.0211    9.14673   4.957154 2.4907e-11    22.5399    22.5396 1.0000e-12      5.000          1        443    1529.47 3.9495e+00  50944.839     18.406 1532070306      -0.11      0.749   39.15748  -72.87870    33.5612  1022.5586    22.5372    23.6571 0.0000e+00
      5.951    23.6101    33.4127  1022.5803     3.8139     5.5603    107.992    0.01295    5.14818    5.13782      8.936     0.0662    9.47902   4.952550 2.5060e-11    22.5546    22.5543 1.0000e-12      6.000          1        483    1529.36 3.9495e+00  50947.566     20.085 1532070308       0.00      0.576   39.15748  -72.87870    33.5623  1022.5778    22.5521    23.6088 0.0000e+00
      6.947    23.0897    33.4815  1022.7867     3.9842     6.1762    118.450    0.10003    5.21417    5.20430      8.948     0.2492    9.58779   4.902194 2.5077e-11    22.7567    22.7563 1.0000e-12      7.000          1        515    1528.13 3.9495e+00  51054.774     21.410 1532070309       0.13      0.715   39.15748  -72.87870    33.5726  1022.7401    22.7101    23.0883 0.0000e+00
      7.942    21.2464    33.6159  1023.4069     4.1580     6.6049    126.872    0.14556    5.20597    5.19607      8.953     0.2738    9.57341   4.728851 2.5315e-11    23.3725    23.3720 1.0000e-12      8.000          1        546    1523.45 3.9495e+00  51302.901     22.703 1532070311      -0.02      0.786   39.15746  -72.87870    33.6423  1023.3114    23.2769    21.2449 0.0000e+00
      8.931    19.9988    33.7560  1023.8529     4.2273     6.4839    124.440    0.05105    5.21043    5.20062      8.960     0.2675    9.57918   4.631185 2.5131e-11    23.8139    23.8135 1.0000e-12      9.000          1        586    1520.23 3.9495e+00  51549.825     24.383 1532070312      -0.13      0.616   39.15746  -72.87870    33.8448  1023.8042    23.7652    19.9971 0.0000e+00
      9.919    20.0765    33.8632  1023.9185     4.2372     6.3578    122.288    0.00259    5.19899    5.18917      8.965     0.2674    9.55817   4.655205 2.5223e-11    23.8753    23.8748 1.0000e-12     10.000          1        625    1520.58 3.9495e+00  51693.257     26.011 1532070314       0.16      0.573   39.15746  -72.87870    33.9784  1023.8894    23.8462    20.0746 0.0000e+00
     10.921    19.8772    33.9387  1024.0326     4.2269     6.3946    121.805    0.00026    5.24996    5.24053      8.972     0.2760    9.64294   4.644656 2.4961e-11    23.9849    23.9844 1.0000e-12     11.000          1        653    1520.13 3.9495e+00  51805.545     27.162 1532070315       0.15      0.813   39.15746  -72.87870    34.0528  1024.0024    23.9548    19.8752 0.0000e+00
     11.909    20.0197    34.1737  1024.1787     4.2326     6.4293    121.938   -0.00130    5.27250    5.26325      8.973     0.3122    9.68059   4.687590 2.4678e-11    24.1268    24.1263 1.0000e-12     12.000          1        690    1520.80 3.9495e+00  52119.906     28.711 1532070317      -0.19      0.694   39.15744  -72.87870    34.2888  1024.1483    24.0964    20.0175 0.0000e+00
     12.897    19.4268    34.1843  1024.3456     4.2524     6.5346    123.513    0.01494    5.29062    5.28156      8.974     0.3581    9.70949   4.629022 2.5336e-11    24.2893    24.2887 1.0000e-12     13.000          1        729    1519.18 3.9495e+00  52166.926     30.351 1532070318       0.13      0.574   39.15744  -72.87870    34.2908  1024.3088    24.2524    19.4244 0.0000e+00
     13.897    19.2865    34.1670  1024.3728     4.2657     6.6700    123.753    0.01045    5.38973    5.38148      8.981     0.4413    9.87564   4.613610 2.5070e-11    24.3121    24.3115 1.0000e-12     14.000          1        760    1518.78 3.9495e+00  52152.103     31.636 1532070319       0.06      0.761   39.15744  -72.87872    34.2776  1024.3392    24.2785    19.2840 0.0000e+00
     14.885    18.9983    34.2600  1024.5218     4.2366     6.6985    121.277   -0.01435    5.52338    5.51639      8.972     0.4964   10.09779   4.595392 2.5324e-11    24.4567    24.4560 1.0000e-12     15.000          1        802    1518.08 3.9495e+00  52297.235     33.383 1532070321      -0.15      0.592   39.15744  -72.87872    34.3632  1024.4822    24.4170    18.9956 0.0000e+00
     15.874    17.6621    34.0554  1024.7011     4.2177     6.8340    120.846   -0.01003    5.65518    5.64946      8.970     0.5468   10.31814   4.432119 2.5320e-11    24.6313    24.6306 1.0000e-12     16.000          1        842    1513.98 3.9495e+00  52110.049     35.024 1532070323       0.18      0.574   39.15742  -72.87872    34.0909  1024.6107    24.5408    17.6594 0.0000e+00
     16.873    16.9826    34.1289  1024.9247     4.2022     6.8352    120.068   -0.01375    5.69278    5.68744      8.961     0.5528   10.38108   4.376980 2.5032e-11    24.8503    24.8497 1.0000e-12     17.000          1        870    1512.06 3.9495e+00  52266.372     36.197 1532070324       0.14      0.802   39.15742  -72.87872    34.1862  1024.8504    24.7760    16.9798 0.0000e+00
     17.865    15.9731    34.0045  1025.0670     4.1914     6.8344    119.956   -0.00982    5.69737    5.69209      8.959     0.5415   10.38852   4.261901 2.5101e-11    24.9879    24.9873 1.0000e-12     18.000          1        903    1508.85 3.9495e+00  52186.762     37.575 1532070325      -0.12      0.773   39.15742  -72.87872    34.0311  1024.9695    24.8904    15.9703 0.0000e+00
     18.854    15.3514    33.8982  1025.1297     4.1624     7.0877    118.686   -0.01275    5.97329    5.97099      8.959     0.5602   10.84989   4.196925 2.5119e-11    25.0461    25.0454 1.0000e-12     19.000          1        945    1506.81 3.9495e+00  52102.154     39.323 1532070327      -0.05      0.569   39.15741  -72.87872    33.9840  1025.0777    24.9940    15.3485 0.0000e+00
     19.844    15.2134    33.8932  1025.1606     4.0720     6.8713    112.199   -0.05721    6.12391    6.12337      8.919     0.6063   11.10073   4.179131 2.5326e-11    25.0724    25.0718 1.0000e-12     20.000          1        983    1506.39 3.9495e+00  52110.367     40.919 1532070329       0.09      0.606   39.15740  -72.87872    33.9414  1025.0797    24.9916    15.2104 0.0000e+00
     20.838    13.3531    33.5558  1025.2937     4.0107     6.7727    110.355   -0.05311    6.13724    6.13686      8.916     0.6487   11.12309   3.950529 2.5320e-11    25.2003    25.1997 1.0000e-12     21.000          1       1012    1499.97 3.9495e+00  51870.583     42.134 1532070330       0.15      0.764   39.15740  -72.87872    33.4451  1025.0909    24.9975    13.3502 0.0000e+00
     21.837    12.0449    33.4515  1025.4766     3.9691     6.7798    109.626   -0.04322    6.18449    6.18470      8.919     0.6440   11.20155   3.831246 2.5027e-11    25.3782    25.3777 1.0000e-12     22.000          1       1039    1495.49 3.9495e+00  51906.276     43.240 1532070331       0.05      0.893   39.15740  -72.87873    33.4664  1025.3701    25.2717    12.0421 0.0000e+00
     22.826    11.8402    33.4132  1025.4902     3.9137     6.8682    108.262   -0.03488    6.34452    6.34685      8.897     0.7887   11.46661   3.811187 2.5311e-11    25.3872    25.3867 1.0000e-12     23.000          1       1076    1494.76 3.9495e+00  51884.469     44.806 1532070333      -0.20      0.696   39.15740  -72.87873    33.4544  1025.4039    25.3010    11.8373 0.0000e+00
     23.812    11.1768    33.3763  1025.5873     3.8034     6.5505    102.324   -0.05968    6.40168    6.40480      8.852     1.1337   11.56109   3.743233 2.5320e-11    25.4795    25.4790 1.0000e-12     24.000          1       1120    1492.43 3.9495e+00  51942.404     46.638 1532070334       0.11      0.511   39.15740  -72.87872    33.3832  1025.4742    25.3664    11.1739 0.0000e+00
     24.809    10.1503    33.3634  1025.7618     3.7020     6.2190     97.084   -0.07991    6.40578    6.40896      8.847     1.0305   11.56778   3.648372 2.5019e-11    25.6489    25.6485 1.0000e-12     25.000          1       1150    1488.79 3.9495e+00  52107.614     47.893 1532070336       0.17      0.740   39.15738  -72.87872    33.3684  1025.6464    25.5336    10.1474 0.0000e+00
     25.804     9.8721    33.3751  1025.8226     3.6300     6.1535     95.934   -0.06354    6.41427    6.41757      8.842     0.8827   11.58190   3.629283 2.5315e-11    25.7052    25.7047 1.0000e-12     26.000          1       1182    1487.82 3.9495e+00  52177.793     49.189 1532070337      -0.06      0.802   39.15738  -72.87873    33.4303  1025.7460    25.6285     9.8692 0.0000e+00
     26.790     9.8289    33.3799  1025.8381     3.5769     6.1923     96.282   -0.03723    6.43141    6.43494      8.840     0.8147   11.61038   3.627602 2.5320e-11    25.7161    25.7156 1.0000e-12     27.000          1       1218    1487.68 3.9495e+00  52193.427     50.704 1532070339      -0.04      0.654   39.15738  -72.87874    33.4527  1025.7751    25.6531     9.8258 0.0000e+00
     27.787     9.7720    33.3777  1025.8504     3.5481     6.1925     96.227   -0.02599    6.43535    6.43894      8.839     0.8286   11.61684   3.623314 2.5018e-11    25.7238    25.7233 1.0000e-12     28.000          1       1248    1487.49 3.9495e+00  52202.293     51.938 1532070340       0.15      0.759   39.15738  -72.87874    33.4611  1025.7957    25.6690     9.7689 0.0000e+00
     28.782     9.6625    33.3673  1025.8649     3.5210     6.2022     95.953   -0.01821    6.46385    6.46781      8.830     0.6797   11.66423   3.613487 2.5300e-11    25.7337    25.7332 1.0000e-12     29.000          1       1286    1487.10 3.9495e+00  52210.005     53.534 1532070341      -0.18      0.673   39.15737  -72.87874    33.4615  1025.8185    25.6873     9.6593 0.0000e+00
     29.760     9.5857    33.3713  1025.8852     3.4742     6.1124     93.911   -0.02307    6.50868    6.51325      8.814     0.5797   11.73884   3.608251 2.5050e-11    25.7495    25.7489 1.0000e-12     30.000          1       1336    1486.84 3.9495e+00  52231.773     55.642 1532070344       0.17      0.392   39.15736  -72.87874    33.4786  1025.8489    25.7132     9.5824 0.0000e+00
     30.763     9.4038    33.3455  1025.8992     3.4456     6.0356     92.610   -0.02658    6.51721    6.52189      8.808     0.5945   11.75303   3.588233 2.5317e-11    25.7588    25.7583 1.0000e-12     31.000          1       1361    1486.16 3.9495e+00  52232.937     56.672 1532070344       0.36      0.785   39.15736  -72.87874    33.4410  1025.8537    25.7133     9.4005 0.0000e+00
     31.761     9.2100    33.3225  1025.9170     3.4207     5.9956     91.829   -0.02557    6.52908    6.53392      8.805     0.5906   11.77273   3.569538 2.5320e-11    25.7719    25.7714 1.0000e-12     32.000          1       1386    1485.44 3.9495e+00  52241.595     57.727 1532070346       0.01      0.973   39.15736  -72.87874    33.4278  1025.8792    25.7341     9.2065 0.0000e+00
     32.748     9.0847    33.3037  1025.9269     3.3943     5.9917     91.509   -0.01873    6.54761    6.55272      8.802     0.5481   11.80340   3.557325 2.5118e-11    25.7771    25.7766 1.0000e-12     33.000          1       1423    1484.97 3.9495e+00  52242.210     59.238 1532070347      -0.21      0.717   39.15734  -72.87874    33.4175  1025.8956    25.7459     9.0812 0.0000e+00
     33.740     8.9450    33.2939  1025.9458     3.3804     6.0385     91.950   -0.00842    6.56718    6.57258      8.796     0.4130   11.83568   3.544180 2.5319e-11    25.7915    25.7909 1.0000e-12     34.000          1       1466    1484.46 3.9495e+00  52258.979     61.037 1532070349      -0.02      0.559   39.15734  -72.87874    33.4108  1025.9169    25.7626     8.9414 0.0000e+00
     34.728     8.8264    33.2921  1025.9675     3.3747     6.0750     92.316   -0.00231    6.58059    6.58619      8.785     0.3012   11.85775   3.534218 2.5320e-11    25.8086    25.8080 1.0000e-12     35.000          1       1509    1484.03 3.9495e+00  52282.875     62.816 1532070351       0.05      0.548   39.15732  -72.87874    33.4175  1025.9452    25.7862     8.8228 0.0000e+00
     35.720     8.6973    33.2998  1025.9981     3.3575     5.9873     90.967   -0.01083    6.58179    6.58741      8.780     0.2598   11.85977   3.523198 2.5320e-11    25.8346    25.8340 1.0000e-12     36.000          1       1540    1483.58 3.9495e+00  52322.971     64.120 1532070352       0.18      0.705   39.15732  -72.87874    33.4229  1025.9740    25.8104     8.6936 0.0000e+00
     36.716     8.6370    33.3059  1026.0169     3.3423     5.9292     90.071   -0.01495    6.58275    6.58838      8.779     0.2929   11.86137   3.519125 2.4984e-11    25.8486    25.8481 1.0000e-12     37.000          1       1565    1483.38 3.9495e+00  52345.737     65.162 1532070353       0.15      0.894   39.15732  -72.87874    33.4364  1025.9983    25.8301     8.6332 0.0000e+00
     37.716     8.6187    33.3045  1026.0232     3.3334     5.9363     90.128   -0.01085    6.58654    6.59223      8.779     0.2859   11.86764   3.517778 2.5300e-11    25.8504    25.8498 1.0000e-12     38.000          1       1591    1483.32 3.9495e+00  52348.455     66.264 1532070354      -0.05      0.950   39.15732  -72.87874    33.4391  1026.0078    25.8350     8.6148 0.0000e+00
     38.696     8.5997    33.3019  1026.0286     3.3186     5.9483     90.082   -0.00588    6.60318    6.60912      8.770     0.2013   11.89507   3.516377 2.5177e-11    25.8512    25.8506 1.0000e-12     39.000          1       1647    1483.27 3.9495e+00  52349.696     68.595 1532070356      -0.21      0.375   39.15730  -72.87876    33.4418  1026.0173    25.8400     8.5957 0.0000e+00
     39.690     8.5409    33.3052  1026.0447     3.3003     5.9044     89.040   -0.01059    6.63121    6.63756      8.765     0.1418   11.94145   3.511580 2.5321e-11    25.8628    25.8622 1.0000e-12     40.000          1       1688    1483.07 3.9495e+00  52368.240     70.293 1532070358       0.42      0.583   39.15730  -72.87876    33.4463  1026.0344    25.8525     8.5369 0.0000e+00
     40.688     8.4823    33.3087  1026.0610     3.2881     5.8745     88.479   -0.01216    6.63936    6.64583      8.760     0.1094   11.95485   3.506478 2.5320e-11    25.8745    25.8738 1.0000e-12     41.000          1       1714    1482.87 3.9495e+00  52387.225     71.361 1532070359       0.13      0.895   39.15730  -72.87876    33.4474  1026.0487    25.8622     8.4781 0.0000e+00
     41.678     8.3823    33.3049  1026.0778     3.2821     5.8910     88.749   -0.00695    6.63787    6.64432      8.756     0.0967   11.95239   3.496691 2.5066e-11    25.8866    25.8859 1.0000e-12     42.000          1       1744    1482.51 3.9495e+00  52405.276     72.618 1532070360      -0.13      0.848   39.15728  -72.87876    33.4379  1026.0611    25.8699     8.3781 0.0000e+00
