CalculateIndicators/WaterTemperature/Data/CTD_NYOS/NY1807C25.cnv
* Sea-Bird SBE 9 Data File:
* FileName = C:\Seabird 9 CTD\Data\2018\OffshoreCruise201807\NY1807C25.hex
* Software Version Seasave V 7.23.2
* Temperature SN = 4590
* Conductivity SN = 3228
* Number of Bytes Per Scan = 44
* Number of Voltage Words = 5
* Number of Scans Averaged by the Deck Unit = 1
* NMEA Latitude = 38 59.96 N
* NMEA Longitude = 072 49.25 W
* NMEA UTC (Time) = Jul 20 2018  05:27:36
* NMEA baud rate = 4800
** Ship: RV Seawolf
** Station: NY1807C25
** Operator: jdw
# nquan = 35
# nvalues = 278                         
# units = specified
# name 0 = depSM: Depth [salt water, m]
# name 1 = t090C: Temperature [ITS-90, deg C]
# name 2 = sal00: Salinity, Practical [PSU]
# name 3 = density00: Density [density, kg/m^3]
# name 4 = sbeox0V: Oxygen raw, SBE 43 [V]
# name 5 = sbeox0ML/L: Oxygen, SBE 43 [ml/l]
# name 6 = sbeox0PS: Oxygen, SBE 43 [% saturation]
# name 7 = sbox0dV/dT: Oxygen, SBE 43 [dov/dt]
# name 8 = oxsolML/L: Oxygen Saturation, Garcia & Gordon [ml/l]
# name 9 = oxsatML/L: Oxygen Saturation, Weiss [ml/l]
# name 10 = ph: pH
# name 11 = flECO-AFL: Fluorescence, WET Labs ECO-AFL/FL [mg/m^3]
# name 12 = n2satML/L: Nitrogen Saturation [ml/l]
# name 13 = c0S/m: Conductivity [S/m]
# name 14 = cpar: CPAR/Corrected Irradiance [%]
# name 15 = sigma-é00: Density [sigma-theta, kg/m^3]
# name 16 = sigma-t00: Density [sigma-t, kg/m^3 ]
# name 17 = par: PAR/Irradiance, Biospherical/Licor
# name 18 = prDM: Pressure, Digiquartz [db]
# name 19 = pumps: Pump Status
# name 20 = scan: Scan Count
# name 21 = svCM: Sound Velocity [Chen-Millero, m/s]
# name 22 = spar: SPAR, Biospherical/Licor
# name 23 = specc: Specific Conductance [uS/cm]
# name 24 = timeS: Time, Elapsed [seconds]
# name 25 = timeY: Time, System [seconds]
# name 26 = accM: Acceleration [m/s^2]
# name 27 = dz/dtM: Descent Rate [m/s]
# name 28 = latitude: Latitude [deg]
# name 29 = longitude: Longitude [deg]
# name 30 = gsw_saA0: Absolute Salinity [g/kg]
# name 31 = gsw_densityA0: density, TEOS-10 [density, kg/m^3]
# name 32 = gsw_sigma0A0: density, TEOS-10 [sigma-0, kg/m^3 ]
# name 33 = gsw_ptA0: potential temperature [ITS-90, deg C]
# name 34 = flag: flag
# span 0 =      0.994,    138.903       
# span 1 =    10.4979,    23.8970       
# span 2 =    33.8789,    35.3895       
# span 3 =  1022.8472,  1027.4296       
# span 4 =     2.9682,     4.3688       
# span 5 =     4.7066,     6.7336       
# span 6 =     78.694,    127.652       
# span 7 =   -0.08616,    0.10203       
# span 8 =    4.86246,    6.27169       
# span 9 =    4.85067,    6.27388       
# span 10 =      8.711,      8.980      
# span 11 =    -0.0833,     1.0706      
# span 12 =    9.00170,   11.33480      
# span 13 =   3.789656,   5.046659      
# span 14 = -1.103e+03, 7.3444e+04      
# span 15 =    22.8386,    26.8094      
# span 16 =    22.8385,    26.8058      
# span 17 = 1.0000e-12, 2.3874e-01      
# span 18 =      1.000,    140.000      
# span 19 =          1,          1      
# span 20 =        305,      15471      
# span 21 =    1491.47,    1530.55      
# span 22 = 9.9952e-01, 5.0859e+00      
# span 23 =  51574.793,  54599.320      
# span 24 =     12.662,    644.598      
# span 25 = 1532064521, 1532065153      
# span 26 =      -0.64,       0.56      
# span 27 =     -1.399,      1.095      
# span 28 =   38.99804,   38.99925      
# span 29 =  -72.82155,  -72.82090      
# span 30 =    34.0489,    35.5576      
# span 31 =  1022.8507,  1027.4339      
# span 32 =    22.8419,    26.8137      
# span 33 =    10.4932,    23.8966      
# span 34 = 0.0000e+00, 0.0000e+00      
# interval = decibars: 1                
# start_time = Jul 20 2018 05:28:29 [System UTC, first data scan.]
# bad_flag = -9.990e-29
*END*
[from data line 208]
     69.460    11.3361    34.8550  1026.9160     3.1151     5.1376     83.625    0.00077    6.14360    6.14447      8.716    -0.0315   11.11713   3.923880 2.5320e-11    26.6027    26.6011 1.0000e-12     70.000          1      10990    1495.52 3.9495e+00  54001.730    457.889 1532064967       0.07     -0.569   38.99832  -72.82128    35.0120  1026.9135    26.6003    11.3274 0.0000e+00
     68.463    11.3219    34.8452  1026.9065     3.1149     5.1451     83.560    0.00013    6.15735    6.15836      8.716    -0.0283   11.14041   3.921947 2.5320e-11    26.5977    26.5961 1.0000e-12     69.000          1      11031    1495.45 3.9495e+00  53989.746    459.584 1532064968       0.02     -0.597   38.99832  -72.82128    35.0067  1026.9075    26.5988    11.3133 0.0000e+00
     67.479    11.2916    34.8313  1026.8968     3.1144     5.1500     83.496   -0.00026    6.16789    6.16901      8.716    -0.0336   11.15836   3.916966 2.5320e-11    26.5925    26.5909 1.0000e-12     68.000          1      11085    1495.31 3.9495e+00  53975.242    461.821 1532064971       0.03     -0.410   38.99832  -72.82128    34.9862  1026.8928    26.5884    11.2832 0.0000e+00
     66.487    11.2053    34.7788  1026.8674     3.1173     5.1663     83.745    0.00172    6.16903    6.17016      8.715    -0.0275   11.16032   3.903531 2.5320e-11    26.5674    26.5659 1.0000e-12     67.000          1      11118    1494.93 3.9495e+00  53916.783    463.214 1532064972      -0.31     -0.637   38.99832  -72.82128    34.9346  1026.8642    26.5642    11.1970 0.0000e+00
     65.488    11.1883    34.7643  1026.8548     3.1199     5.1775     83.881    0.00232    6.17249    6.17366      8.717    -0.0261   11.16616   3.900394 2.5320e-11    26.5592    26.5578 1.0000e-12     66.000          1      11142    1494.83 3.9495e+00  53899.119    464.206 1532064973      -0.20     -0.922   38.99832  -72.82128    34.9198  1026.8514    26.5559    11.1802 0.0000e+00
     64.491    11.1636    34.7515  1026.8449     3.1213     5.1778     83.872    0.00167    6.17343    6.17460      8.717    -0.0202   11.16775   3.897094 2.5320e-11    26.5538    26.5523 1.0000e-12     65.000          1      11171    1494.72 3.9495e+00  53885.056    465.405 1532064974       0.15     -0.917   38.99831  -72.82128    34.9108  1026.8445    26.5534    11.1555 0.0000e+00
     63.507    11.1396    34.7376  1026.8339     3.1220     5.1724     83.775    0.00025    6.17418    6.17537      8.717    -0.0279   11.16905   3.893332 2.5320e-11    26.5472    26.5458 1.0000e-12     64.000          1      11219    1494.60 3.9495e+00  53869.284    467.437 1532064976       0.12     -0.474   38.99830  -72.82128    34.8964  1026.8332    26.5465    11.1317 0.0000e+00
     62.515    11.1309    34.7321  1026.8268     3.1216     5.1709     83.722   -0.00003    6.17626    6.17747      8.716    -0.0385   11.17263   3.892158 2.5320e-11    26.5445    26.5431 1.0000e-12     63.000          1      11272    1494.55 3.9495e+00  53862.648    469.625 1532064978       0.02     -0.458   38.99830  -72.82128    34.8933  1026.8279    26.5457    11.1232 0.0000e+00
     61.526    11.1284    34.7274  1026.8191     3.1170     5.1516     83.329   -0.00272    6.18218    6.18344      8.714    -0.0273   11.18274   3.891336 2.5320e-11    26.5413    26.5399 1.0000e-12     62.000          1      11315    1494.51 3.9495e+00  53855.910    471.431 1532064980      -0.22     -0.523   38.99830  -72.82128    34.8880  1026.8197    26.5420    11.1208 0.0000e+00
     60.530    11.1207    34.7203  1026.8105     3.1169     5.1546     83.387   -0.00188    6.18150    6.18275      8.714    -0.0315   11.18164   3.889838 2.4984e-11    26.5371    26.5358 1.0000e-12     61.000          1      11342    1494.46 3.9495e+00  53846.784    472.537 1532064981      -0.22     -0.810   38.99830  -72.82128    34.8807  1026.8110    26.5377    11.1132 0.0000e+00
     59.535    11.0996    34.7054  1026.7982     3.1205     5.1834     83.845    0.00233    6.18212    6.18337      8.714    -0.0348   11.18281   3.886135 2.5315e-11    26.5293    26.5280 1.0000e-12     60.000          1      11368    1494.35 3.9495e+00  53829.262    473.608 1532064982      -0.03     -0.936   38.99830  -72.82129    34.8641  1026.7976    26.5287    11.0922 0.0000e+00
     58.539    11.0821    34.6882  1026.7835     3.1254     5.2002     84.122    0.00372    6.18173    6.18298      8.716    -0.0202   11.18216   3.882963 2.5320e-11    26.5191    26.5178 1.0000e-12     59.000          1      11397    1494.26 3.9495e+00  53807.704    474.844 1532064984       0.11     -0.864   38.99830  -72.82130    34.8495  1026.7849    26.5205    11.0748 0.0000e+00
     57.554    11.0874    34.6754  1026.7682     3.1348     5.2171     84.437    0.00379    6.17870    6.17989      8.716    -0.0192   11.17723   3.882292 2.5199e-11    26.5082    26.5069 1.0000e-12     58.000          1      11458    1494.24 3.9495e+00  53788.473    477.373 1532064986       0.14     -0.348   38.99829  -72.82130    34.8381  1026.7706    26.5107    11.0803 0.0000e+00
     56.567    11.1055    34.6715  1026.7573     3.1384     5.2118     84.338    0.00118    6.17968    6.18087 -9.990e-29    -0.0146   11.17907   3.883695 2.5325e-11    26.5019    26.5006 1.0000e-12     57.000          1      11509    1494.29 3.9495e+00  53779.220    479.517 1532064988      -0.28     -0.501   38.99828  -72.82130    34.8355  1026.7608    26.5053    11.0985 0.0000e+00
     55.570    11.1139    34.6686  1026.7490     3.1428     5.2282     84.576    0.00232    6.18168    6.18290 -9.990e-29    -0.0154   11.18248   3.884185 2.5320e-11    26.4981    26.4968 1.0000e-12     56.000          1      11535    1494.29 3.9495e+00  53773.168    480.584 1532064989      -0.25     -0.807   38.99828  -72.82130    34.8329  1026.7528    26.5018    11.1070 0.0000e+00
     54.572    11.1232    34.6607  1026.7366     3.1457     5.2422     84.797    0.00387    6.18200    6.18322 -9.990e-29 -9.990e-29   11.18303   3.884107 2.5320e-11    26.4902    26.4889 1.0000e-12     55.000          1      11560    1494.30 3.9495e+00  53759.765    481.604 1532064990      -0.06     -0.973   38.99828  -72.82130    34.8238  1026.7395    26.4930    11.1164 0.0000e+00
     53.581    11.1036    34.6459  1026.7242     3.1503     5.2456     84.888    0.00294    6.17942    6.18062 -9.990e-29 -9.990e-29   11.17860   3.880651 2.5320e-11    26.4822    26.4810 1.0000e-12     54.000          1      11590    1494.20 3.9495e+00  53742.122    482.890 1532064992       0.17     -0.850   38.99828  -72.82130    34.8082  1026.7265    26.4845    11.0970 0.0000e+00
     52.587    11.0905    34.6306  1026.7101     3.1625     5.2682     85.181    0.00132    6.18467    6.18591 -9.990e-29     0.0013   11.18763   3.877938 2.5320e-11    26.4726    26.4714 1.0000e-12     53.000          1      12019    1494.12 3.9495e+00  53722.441    500.761 1532065010      -0.04     -0.351   38.99826  -72.82131    34.7939  1026.7133    26.4757    11.0840 0.0000e+00
     51.600    11.0743    34.6128  1026.6948     3.1731     5.3040     85.653    0.00297    6.19241    6.19372 -9.990e-29     0.0090   11.20086   3.874573 2.5320e-11    26.4617    26.4606 1.0000e-12     52.000          1      12505    1494.02 3.9495e+00  53700.010    521.001 1532065030      -0.12     -0.578   38.99821  -72.82134    34.7760  1026.6979    26.4649    11.0679 0.0000e+00
     50.612    11.0663    34.6033  1026.6844     3.1761     5.3111     85.671    0.00204    6.19940    6.20078 -9.990e-29     0.0003   11.21279   3.872695 2.5320e-11    26.4557    26.4546 1.0000e-12     51.000          1      12544    1493.97 3.9495e+00  53687.663    522.624 1532065031      -0.03     -0.641   38.99820  -72.82134    34.7653  1026.6865    26.4579    11.0600 0.0000e+00
     49.617    11.0420    34.5883  1026.6726     3.1812     5.3346     85.957    0.00344    6.20612    6.20757 -9.990e-29     0.0080   11.22415   3.868662 2.5320e-11    26.4484    26.4473 1.0000e-12     50.000          1      12572    1493.85 3.9495e+00  53670.376    523.782 1532065033      -0.19     -0.785   38.99820  -72.82134    34.7483  1026.6733    26.4491    11.0359 0.0000e+00
     48.621    11.0133    34.5702  1026.6592     3.1847     5.3422     86.112    0.00386    6.20381    6.20524 -9.990e-29     0.0195   11.22025   3.864117 2.5320e-11    26.4395    26.4384 1.0000e-12     49.000          1      12597    1493.71 3.9495e+00  53649.705    524.852 1532065034      -0.05     -0.927   38.99820  -72.82134    34.7303  1026.6601    26.4404    11.0074 0.0000e+00
     47.624    10.9676    34.5422  1026.6412     3.1897     5.3564     86.272    0.00372    6.20878    6.21026      8.718     0.0047   11.22868   3.856722 2.5320e-11    26.4259    26.4248 1.0000e-12     48.000          1      12631    1493.50 3.9495e+00  53618.306    526.234 1532065035       0.18     -0.799   38.99820  -72.82135    34.6999  1026.6402    26.4249    10.9618 0.0000e+00
     46.647    10.9430    34.5272  1026.6295     3.1930     5.3713     86.090    0.00022    6.23912    6.24093      8.716     0.0081   11.27999   3.852997 2.5320e-11    26.4186    26.4175 1.0000e-12     47.000          1      12703    1493.38 3.9495e+00  53601.270    529.241 1532065038       0.01     -0.173   38.99820  -72.82136    34.6862  1026.6296    26.4188    10.9373 0.0000e+00
     45.652    10.8625    34.4895  1026.6101     3.1969     5.4048     86.391    0.00237    6.25613    6.25814      8.713     0.0214   11.30865   3.841236 2.5320e-11    26.4036    26.4026 1.0000e-12     46.000          1      12735    1493.03 3.9495e+00  53562.787    530.604 1532065039      -0.40     -0.637   38.99820  -72.82136    34.6447  1026.6074    26.4009    10.8570 0.0000e+00
     44.654    10.7693    34.4382  1026.5824     3.1998     5.4234     86.568    0.00329    6.26497    6.26707      8.713     0.0137   11.32359   3.826551 2.5320e-11    26.3803    26.3793 1.0000e-12     45.000          1      12758    1492.63 3.9495e+00  53507.648    531.534 1532065040      -0.25     -0.959   38.99820  -72.82136    34.5855  1026.5737    26.3716    10.7639 0.0000e+00
     43.657    10.7049    34.4095  1026.5669     3.2032     5.4274     86.681    0.00327    6.26130    6.26336      8.711     0.0216   11.31745   3.817638 2.5320e-11    26.3693    26.3684 1.0000e-12     44.000          1      12780    1492.35 3.9495e+00  53478.453    532.472 1532065041      -0.02     -1.083   38.99820  -72.82136    34.5571  1026.5586    26.3610    10.6996 0.0000e+00
     42.663    10.6135    34.3740  1026.5511     3.2085     5.4447     86.940    0.00420    6.26258    6.26465      8.712     0.0255   11.31961   3.805522 2.5320e-11    26.3578    26.3569 1.0000e-12     43.000          1      12810    1491.97 3.9495e+00  53445.690    533.695 1532065042       0.21     -0.922   38.99820  -72.82136    34.5217  1026.5429    26.3496    10.6083 0.0000e+00
     41.683    10.5533    34.3364  1026.5279     3.2189     5.4404     87.232    0.00379    6.23681    6.23852      8.716     0.0604   11.27721   3.796809 2.5320e-11    26.3390    26.3382 1.0000e-12     42.000          1      12884    1491.69 3.9495e+00  53403.664    536.785 1532065046       0.02     -0.198   38.99820  -72.82136    34.4909  1026.5251    26.3363    10.5484 0.0000e+00
     40.689    10.5683    34.3282  1026.5143     3.2403     5.4150     88.444    0.01067    6.12268    6.12292      8.723     0.1187   11.08722   3.798223 2.5320e-11    26.3300    26.3291 1.0000e-12     41.000          1      12926    1491.72 3.9495e+00  53388.752    538.527 1532065047      -0.42     -0.607   38.99820  -72.82136    34.4915  1026.5184    26.3341    10.5635 0.0000e+00
     39.693    10.7482    34.3329  1026.4815     3.2720     5.5515     90.663    0.02513    6.12332    6.12361      8.729     0.1584   11.08785   3.817005 2.5320e-11    26.3018    26.3010 1.0000e-12     40.000          1      12950    1492.34 3.9495e+00  53361.410    539.531 1532065048      -0.18     -0.928   38.99820  -72.82136    34.5116  1026.4976    26.3179    10.7434 0.0000e+00
     38.701    10.9487    34.3525  1026.4563     3.2958     5.5473     91.575    0.02702    6.05740    6.05686      8.732     0.1797   10.97814   3.840605 2.5320e-11    26.2812    26.2804 1.0000e-12     39.000          1      12974    1493.05 3.9495e+00  53353.125    540.534 1532065049      -0.01     -0.995   38.99820  -72.82136    34.5599  1026.4946    26.3196    10.9440 0.0000e+00
     37.703    11.5893    34.4343  1026.3976     3.3174     5.6533     92.273    0.02528    6.12653    6.12684      8.739     0.1612   11.09343   3.907701 2.5320e-11    26.2276    26.2267 1.0000e-12     38.000          1      12999    1495.36 3.9495e+00  53353.877    541.580 1532065050       0.04     -0.986   38.99820  -72.82136    34.6270  1026.4245    26.2545    11.5845 0.0000e+00
     36.718    11.9454    34.5010  1026.3773     3.3522     5.5378     92.631    0.01594    5.97906    5.97755      8.753     0.2349   10.84795   3.954250 2.5320e-11    26.2120    26.2111 1.0000e-12     37.000          1      13057    1496.65 3.9495e+00  53390.272    544.007 1532065053       0.13     -0.435   38.99819  -72.82138    34.7530  1026.4499    26.2847    11.9406 0.0000e+00
     35.735    12.9144    34.6795  1026.3226     3.4195     5.6881     95.672    0.02590    5.94539    5.94343      8.776     0.4002   10.79247   4.066746 2.5320e-11    26.1625    26.1615 1.0000e-12     36.000          1      13113    1500.12 3.9495e+00  53487.929    546.348 1532065055      -0.64     -0.475   38.99818  -72.82138    34.9452  1026.4052    26.2452    12.9095 0.0000e+00
     34.726    12.9934    34.6342  1026.2672     3.4455     5.7608     96.959    0.03126    5.94144    5.93940      8.775     0.4507   10.78642   4.060969 2.5320e-11    26.1117    26.1107 1.0000e-12     35.000          1      13132    1500.31 3.9495e+00  53412.271    547.141 1532065056      -0.50     -0.993   38.99818  -72.82138    34.8169  1026.2861    26.1305    12.9886 0.0000e+00
     33.732    12.9541    34.5679  1026.2193     3.4699     5.7985     97.479    0.02662    5.94850    5.94655      8.775     0.4924   10.79796   4.051612 2.5320e-11    26.0682    26.0673 1.0000e-12     34.000          1      13159    1500.09 3.9495e+00  53326.651    548.241 1532065057       0.20     -1.052   38.99818  -72.82138    34.7638  1026.2486    26.0975    12.9495 0.0000e+00
     32.747    13.0075    34.5216  1026.1683     3.4990     5.7704     97.749    0.01681    5.90338    5.90082      8.772     0.5656   10.72418   4.051101 2.5320e-11    26.0216    26.0207 1.0000e-12     33.000          1      13201    1500.20 3.9495e+00  53254.396    550.002 1532065059       0.13     -0.574   38.99818  -72.82138    34.7104  1026.1922    26.0456    13.0030 0.0000e+00
     31.758    13.0253    34.5083  1026.1499     3.5863     5.8785    102.359    0.04212    5.74353    5.73901      8.802     0.7643   10.46058   4.051609 2.5320e-11    26.0077    26.0068 1.0000e-12     32.000          1      13249    1500.22 3.9495e+00  53233.505    552.017 1532065061       0.03     -0.490   38.99818  -72.82138    34.6994  1026.1757    26.0335    13.0209 0.0000e+00
     30.768    13.6825    34.3811  1025.9124     3.7421     6.4055    111.757    0.10203    5.73162    5.72698      8.834     0.8280   10.44060   4.106506 2.5320e-11    25.7750    25.7741 1.0000e-12     31.000          1      13286    1502.22 3.9495e+00  52968.966    553.540 1532065062      -0.27     -0.592   38.99818  -72.82138    34.6218  1025.9771    25.8397    13.6782 0.0000e+00
