CalculateIndicators/WaterTemperature/Data/CTD_NYOS/NY1807C18.cnv
* Sea-Bird SBE 9 Data File:
* FileName = C:\Seabird 9 CTD\Data\2018\OffshoreCruise201807\NY1807C18.hex
* Software Version Seasave V 7.23.2
* Temperature SN = 4590
* Conductivity SN = 3228
* Number of Bytes Per Scan = 44
* Number of Voltage Words = 5
* Number of Scans Averaged by the Deck Unit = 1
* NMEA Latitude = 39 14.12 N
* NMEA Longitude = 073 15.31 W
* NMEA UTC (Time) = Jul 18 2018  08:19:59
* NMEA baud rate = 4800
** Ship: RV Seawolf
** Station: NY1807C18
** Operator: jdw
# nquan = 35
# nvalues = 111                         
# units = specified
# name 0 = depSM: Depth [salt water, m]
# name 1 = t090C: Temperature [ITS-90, deg C]
# name 2 = sal00: Salinity, Practical [PSU]
# name 3 = density00: Density [density, kg/m^3]
# name 4 = sbeox0V: Oxygen raw, SBE 43 [V]
# name 5 = sbeox0ML/L: Oxygen, SBE 43 [ml/l]
# name 6 = sbeox0PS: Oxygen, SBE 43 [% saturation]
# name 7 = sbox0dV/dT: Oxygen, SBE 43 [dov/dt]
# name 8 = oxsolML/L: Oxygen Saturation, Garcia & Gordon [ml/l]
# name 9 = oxsatML/L: Oxygen Saturation, Weiss [ml/l]
# name 10 = ph: pH
# name 11 = flECO-AFL: Fluorescence, WET Labs ECO-AFL/FL [mg/m^3]
# name 12 = n2satML/L: Nitrogen Saturation [ml/l]
# name 13 = c0S/m: Conductivity [S/m]
# name 14 = cpar: CPAR/Corrected Irradiance [%]
# name 15 = sigma-é00: Density [sigma-theta, kg/m^3]
# name 16 = sigma-t00: Density [sigma-t, kg/m^3 ]
# name 17 = par: PAR/Irradiance, Biospherical/Licor
# name 18 = prDM: Pressure, Digiquartz [db]
# name 19 = pumps: Pump Status
# name 20 = scan: Scan Count
# name 21 = svCM: Sound Velocity [Chen-Millero, m/s]
# name 22 = spar: SPAR, Biospherical/Licor
# name 23 = specc: Specific Conductance [uS/cm]
# name 24 = timeS: Time, Elapsed [seconds]
# name 25 = timeY: Time, System [seconds]
# name 26 = accM: Acceleration [m/s^2]
# name 27 = dz/dtM: Descent Rate [m/s]
# name 28 = latitude: Latitude [deg]
# name 29 = longitude: Longitude [deg]
# name 30 = gsw_saA0: Absolute Salinity [g/kg]
# name 31 = gsw_densityA0: density, TEOS-10 [density, kg/m^3]
# name 32 = gsw_sigma0A0: density, TEOS-10 [sigma-0, kg/m^3 ]
# name 33 = gsw_ptA0: potential temperature [ITS-90, deg C]
# name 34 = flag: flag
# span 0 =      1.976,     56.563       
# span 1 =     7.0047,    24.0049       
# span 2 =    31.0968,    33.1527       
# span 3 =  1020.7040,  1026.0815       
# span 4 =     2.7625,     4.3103       
# span 5 =     4.8382,     7.2553       
# span 6 =     70.737,    125.597       
# span 7 =   -0.08408,    0.08683       
# span 8 =    4.92833,    6.84205       
# span 9 =    4.91617,    6.85117       
# span 10 =      8.537,      8.935      
# span 11 =     0.1067,     1.0929      
# span 12 =    9.13820,   12.29422      
# span 13 =   3.343360,   4.683937      
# span 14 = -6.862e-02, 1.7353e+00      
# span 15 =    20.6943,    25.8256      
# span 16 =    20.6941,    25.8252      
# span 17 = -2.822e-03, 6.8537e-02      
# span 18 =      2.000,     57.000      
# span 19 =          1,          1      
# span 20 =        322,       9622      
# span 21 =    1476.69,    1527.82      
# span 22 = 3.9495e+00, 3.9495e+00      
# span 23 =  47775.243,  52285.269      
# span 24 =     13.358,    400.864      
# span 25 = 1531902060, 1531902447      
# span 26 =      -0.60,       0.49      
# span 27 =     -0.969,      1.007      
# span 28 =   39.23341,   39.23514      
# span 29 =  -73.25595,  -73.25528      
# span 30 =    31.2516,    33.2609      
# span 31 =  1020.7083,  1026.0838      
# span 32 =    20.6985,    25.8271      
# span 33 =     7.0011,    24.0043      
# span 34 = 0.0000e+00, 0.0000e+00      
# interval = decibars: 1                
# start_time = Jul 18 2018 08:20:46 [System UTC, first data scan.]
# bad_flag = -9.990e-29
*END*
      1.976    24.0011    31.1050  1020.7040     3.7900     5.2424    106.373   -0.00223    4.92833    4.91617      8.929     0.4027    9.13820   4.683572 -6.862e-02    20.6955    20.6954 -2.822e-03      2.000          1        322    1527.78 3.9495e+00  47784.702     13.358 1531902060       0.46     -0.023   39.23514  -73.25528    31.2525  1020.7083    20.6998    24.0007 0.0000e+00
      2.976    24.0049    31.1048  1020.7072     3.7907     5.2501    106.509    0.00000    4.92922    4.91707 -9.990e-29     0.3917    9.13969   4.683937 5.5837e-01    20.6943    20.6941 2.2869e-02      3.000          1        383    1527.80 3.9495e+00  47784.808     15.919 1531902062      -0.03      0.353   39.23514  -73.25528    31.2523  1020.7114    20.6985    24.0043 0.0000e+00
      3.971    24.0033    31.1051  1020.7122     3.7893     5.2485    106.459   -0.00037    4.93011    4.91796      8.929     0.4019    9.14117   4.683863 -9.990e-29    20.6950    20.6948 -9.990e-29      4.000          1        439    1527.82 3.9495e+00  47785.567     18.231 1531902065       0.26      0.484   39.23512  -73.25528    31.2525  1020.7164    20.6992    24.0025 0.0000e+00
      4.963    23.9879    31.1049  1020.7209     3.7889     5.2565    106.454   -0.00050    4.93783    4.92573      8.930     0.3890    9.15308   4.682328 2.5320e-11    20.6995    20.6992 1.0000e-12      5.000          1        485    1527.80 3.9495e+00  47786.036     20.183 1531902067      -0.09      0.523   39.23512  -73.25528    31.2516  1020.7245    20.7031    23.9868 0.0000e+00
      5.951    23.9824    31.1164  1020.7355     3.7818     5.3025    106.094   -0.00329    4.99799    4.98624      8.904     0.3043    9.24772   4.683587 2.4744e-11    20.7098    20.7095 1.0000e-12      6.000          1        539    1527.81 3.9495e+00  47802.248     22.435 1531902069       0.03      0.429   39.23511  -73.25528    31.2646  1020.7402    20.7145    23.9811 0.0000e+00
      6.941    23.6847    31.3286  1020.9864     3.7582     5.2418    104.665   -0.01680    5.00816    4.99648      8.887     0.2510    9.26383   4.682748 2.5027e-11    20.9564    20.9560 1.0000e-12      7.000          1        575    1527.31 3.9495e+00  48099.767     23.910 1531902070       0.23      0.626   39.23510  -73.25528    31.4680  1020.9839    20.9539    23.6832 0.0000e+00
      7.943    23.1432    31.6802  1021.4121     3.7504     5.2581    104.702   -0.00988    5.02196    5.01037      8.888     0.2386    9.28587   4.676963 2.5320e-11    21.3777    21.3773 1.0000e-12      8.000          1        600    1526.33 3.9495e+00  48595.062     24.938 1531902071       0.22      0.870   39.23510  -73.25528    31.8107  1021.4019    21.3675    23.1415 0.0000e+00
      8.932    22.7785    31.8944  1021.6820     3.7473     5.3705    104.899   -0.00330    5.11949    5.10849      8.880     0.2974    9.44652   4.670170 2.4672e-11    21.6433    21.6428 1.0000e-12      9.000          1        647    1525.64 3.9495e+00  48898.499     26.928 1531902073      -0.21      0.536   39.23509  -73.25528    32.0231  1021.6698    21.6311    22.7767 0.0000e+00
      9.917    22.3928    32.0002  1021.8746     3.8238     5.7595    109.863    0.04148    5.24239    5.23224      8.892     0.4877    9.64876   4.642675 2.4342e-11    21.8316    21.8311 1.0000e-12     10.000          1        697    1524.76 3.9495e+00  49053.674     29.004 1531902075       0.49      0.484   39.23508  -73.25528    32.0935  1021.8355    21.7925    22.3909 0.0000e+00
     10.918    21.4335    32.1423  1022.2508     3.8995     6.0066    114.215    0.07401    5.25896    5.24897      8.897     0.5300    9.67508   4.566642 2.4942e-11    22.2033    22.2028 1.0000e-12     11.000          1        721    1522.39 3.9495e+00  49283.601     29.982 1531902076       0.28      0.902   39.23507  -73.25528    32.2115  1022.1932    22.1457    21.4314 0.0000e+00
     11.917    20.6480    32.2747  1022.5667     3.9746     6.3025    117.202    0.07665    5.37710    5.36818      8.908     0.6283    9.86830   4.509501 2.5303e-11    22.5147    22.5142 1.0000e-12     12.000          1        745    1520.42 3.9495e+00  49495.571     31.013 1531902077      -0.03      1.007   39.23506  -73.25528    32.3496  1022.5131    22.4611    20.6458 0.0000e+00
     12.899    19.7029    32.5286  1023.0107     4.0803     6.7102    120.141    0.05723    5.58389    5.57697      8.927     0.9800   10.21015   4.449709 2.4237e-11    22.9543    22.9537 1.0000e-12     13.000          1        792    1518.09 3.9495e+00  49889.861     32.967 1531902079      -0.25      0.524   39.23506  -73.25530    32.5921  1022.9476    22.8912    19.7005 0.0000e+00
     13.891    18.0049    32.8976  1023.7230     4.0970     6.8700    117.727    0.00740    5.83587    5.83165      8.935     1.0929   10.62684   4.329524 2.5057e-11    23.6619    23.6614 1.0000e-12     14.000          1        835    1513.65 3.9495e+00  50498.900     34.732 1531902081       0.26      0.561   39.23505  -73.25530    32.9322  1023.6364    23.5753    18.0025 0.0000e+00
     14.886    16.7138    32.9530  1024.0742     4.1084     6.9728    117.728    0.00090    5.92267    5.91948      8.933     1.0012   10.77042   4.203303 2.5322e-11    24.0084    24.0078 1.0000e-12     15.000          1        865    1509.85 3.9495e+00  50676.114     35.988 1531902082       0.07      0.777   39.23504  -73.25530    32.8924  1023.9144    23.8485    16.7114 0.0000e+00
     15.879    14.5866    33.1066  1024.6716     4.1171     7.1022    118.575    0.00813    5.98961    5.98720      8.926     0.8927   10.88143   4.025143 2.4885e-11    24.6007    24.6002 1.0000e-12     16.000          1        900    1503.41 3.9495e+00  51092.344     37.443 1531902084      -0.12      0.724   39.23504  -73.25530    33.0776  1024.5342    24.4634    14.5843 0.0000e+00
     16.868    13.5829    33.1527  1024.9212     4.1158     7.1142    117.880   -0.00126    6.03510    6.03324      8.930     0.8385   10.95700   3.938372 2.4583e-11    24.8457    24.8452 1.0000e-12     17.000          1        938    1500.22 3.9495e+00  51273.940     39.022 1531902085       0.08      0.604   39.23504  -73.25530    33.1357  1024.7923    24.7167    13.5806 0.0000e+00
     17.865    13.0670    33.1479  1025.0257     4.1131     7.2005    117.848   -0.00089    6.11003    6.10910      8.932     0.8251   11.08107   3.893400 2.5301e-11    24.9455    24.9450 1.0000e-12     18.000          1        970    1498.52 3.9495e+00  51334.994     40.381 1531902087       0.02      0.733   39.23502  -73.25530    33.1602  1024.9189    24.8388    13.0646 0.0000e+00
     18.852    12.6854    33.1315  1025.0924     4.0878     7.2202    116.044   -0.01336    6.22220    6.22270      8.926     0.7464   11.26697   3.857757 2.5021e-11    25.0077    25.0072 1.0000e-12     19.000          1       1010    1497.24 3.9495e+00  51364.825     42.036 1531902088      -0.10      0.612   39.23502  -73.25530    33.1547  1024.9939    24.9092    12.6829 0.0000e+00
     19.846    12.0857    33.1386  1025.2173     4.0438     7.1731    113.226   -0.02943    6.33526    6.33724      8.926     0.7529   11.45422   3.802793 2.4825e-11    25.1278    25.1274 1.0000e-12     20.000          1       1043    1495.22 3.9495e+00  51462.632     43.411 1531902090       0.20      0.672   39.23502  -73.25530    33.1544  1025.1127    25.0232    12.0831 0.0000e+00
     20.843    11.3018    33.1302  1025.3594     3.9922     7.0910    111.038   -0.03409    6.38636    6.38901      8.901     0.7045   11.53916   3.729603 2.5219e-11    25.2651    25.2646 1.0000e-12     21.000          1       1078    1492.51 3.9495e+00  51576.108     44.887 1531902091      -0.14      0.710   39.23501  -73.25531    33.1362  1025.2466    25.1523    11.2993 0.0000e+00
     21.823    10.2517    33.1083  1025.5326     3.9158     6.9800    107.992   -0.03838    6.46344    6.46710      8.886     0.7183   11.66723   3.634895 2.4879e-11    25.4334    25.4329 1.0000e-12     22.000          1       1127    1488.80 3.9495e+00  51728.016     46.904 1531902093       0.15      0.398   39.23500  -73.25532    33.1400  1025.4390    25.3398    10.2492 0.0000e+00
     22.825    10.0108    33.0837  1025.5583     3.8681     6.9232    106.015   -0.04164    6.53059    6.53517      8.887     0.7348   11.77858   3.611308 2.4994e-11    25.4544    25.4540 1.0000e-12     23.000          1       1153    1487.92 3.9495e+00  51739.183     48.006 1531902094       0.29      0.783   39.23500  -73.25532    33.1199  1025.4681    25.3642    10.0082 0.0000e+00
     23.822     9.6843    33.0546  1025.5943     3.8057     6.8090    103.326   -0.04709    6.59000    6.59542      8.865     0.7122   11.87692   3.579800 2.5095e-11    25.4857    25.4853 1.0000e-12     24.000          1       1183    1486.71 3.9495e+00  51762.626     49.270 1531902096      -0.11      0.845   39.23499  -73.25532    33.0967  1025.5086    25.3999     9.6817 0.0000e+00
     24.805     8.9306    33.0124  1025.6864     3.6902     6.5609     98.315   -0.05734    6.67364    6.68026      8.828     0.7294   12.01547   3.508037 2.4969e-11    25.5729    25.5725 1.0000e-12     25.000          1       1232    1483.91 3.9495e+00  51859.324     51.299 1531902098      -0.10      0.462   39.23498  -73.25532    33.0496  1025.5965    25.4829     8.9280 0.0000e+00
     25.798     8.5509    32.9995  1025.7398     3.5859     6.3021     94.014   -0.06416    6.70338    6.71044      8.804     0.7160   12.06461   3.475314 2.5327e-11    25.6214    25.6210 1.0000e-12     26.000          1       1270    1482.50 3.9495e+00  51924.101     52.886 1531902099       0.20      0.598   39.23497  -73.25532    33.0598  1025.6676    25.5493     8.5483 0.0000e+00
     26.795     8.1251    32.9866  1025.7980     3.5010     6.0554     90.343   -0.07174    6.70277    6.70986      8.794     0.6938   12.06320   3.435241 2.5320e-11    25.6748    25.6745 1.0000e-12     27.000          1       1299    1480.89 3.9495e+00  52003.998     54.063 1531902100       0.12      0.808   39.23496  -73.25532    33.0337  1025.7153    25.5921     8.1225 0.0000e+00
     27.788     7.9106    32.9821  1025.8305     3.4124     5.9546     88.105   -0.06178    6.75866    6.76655      8.769     0.6504   12.15592   3.419528 2.5141e-11    25.7026    25.7022 1.0000e-12     28.000          1       1335    1480.09 3.9495e+00  52048.831     55.563 1531902102      -0.18      0.720   39.23496  -73.25532    33.0676  1025.7777    25.6498     7.9079 0.0000e+00
     28.773     7.8345    33.0141  1025.8712     3.2899     5.6667     83.334   -0.06635    6.80004    6.80856      8.730     0.5080   12.22437   3.415447 2.5327e-11    25.7387    25.7383 1.0000e-12     29.000          1       1378    1479.86 3.9495e+00  52113.552     57.360 1531902104       0.10      0.517   39.23496  -73.25532    33.0954  1025.8149    25.6824     7.8317 0.0000e+00
     29.772     7.4972    32.9820  1025.8987     3.1778     5.2911     77.707   -0.08408    6.80911    6.81776      8.713     0.3983   12.23930   3.382935 2.5320e-11    25.7614    25.7610 1.0000e-12     30.000          1       1409    1478.55 3.9495e+00  52151.472     58.661 1531902105       0.12      0.731   39.23494  -73.25532    33.0645  1025.8432    25.7059     7.4944 0.0000e+00
     30.765     7.2929    32.9806  1025.9307     3.0666     5.0729     74.325   -0.07836    6.82537    6.83428      8.695     0.2871   12.26612   3.366253 2.5320e-11    25.7887    25.7883 1.0000e-12     31.000          1       1444    1477.77 3.9495e+00  52202.095     60.138 1531902106      -0.11      0.711   39.23494  -73.25532    33.0777  1025.8866    25.7446     7.2900 0.0000e+00
     31.750     7.1832    32.9848  1025.9538     2.9603     4.9650     72.613   -0.05709    6.83766    6.84675      8.675     0.1816   12.28650   3.358069 2.5320e-11    25.8071    25.8067 1.0000e-12     32.000          1       1489    1477.37 3.9495e+00  52236.975     61.981 1531902108      -0.00      0.519   39.23494  -73.25533    33.0929  1025.9182    25.7715     7.1803 0.0000e+00
     32.748     7.0855    32.9887  1025.9748     2.8965     4.8642     71.123   -0.04928    6.83918    6.84829      8.669     0.1727   12.28908   3.350447 2.5320e-11    25.8235    25.8231 1.0000e-12     33.000          1       1521    1477.01 3.9495e+00  52268.792     63.342 1531902110       0.17      0.689   39.23492  -73.25534    33.1027  1025.9438    25.7924     7.0825 0.0000e+00
     33.739     7.0267    32.9813  1025.9816     2.8452     4.8382     70.737   -0.03460    6.83973    6.84884      8.662     0.1217   12.29002   3.345453 2.5320e-11    25.8256    25.8252 1.0000e-12     34.000          1       1560    1476.79 3.9495e+00  52274.337     64.942 1531902111      -0.16      0.660   39.23492  -73.25534    33.1040  1025.9573    25.8014     7.0237 0.0000e+00
     34.728     7.0140    32.9755  1025.9833     2.8142     4.8580     71.024   -0.02031    6.83989    6.84901      8.659     0.1327   12.29033   3.344510 2.5023e-11    25.8228    25.8223 1.0000e-12     35.000          1       1598    1476.75 3.9495e+00  52270.077     66.529 1531902113       0.21      0.574   39.23492  -73.25534    33.1054  1025.9648    25.8042     7.0108 0.0000e+00
     35.729     7.0125    32.9734  1025.9865     2.8015     4.8784     71.317   -0.01268    6.84055    6.84968      8.656     0.1350   12.29144   3.344636 2.5076e-11    25.8213    25.8208 1.0000e-12     36.000          1       1627    1476.76 3.9495e+00  52268.121     67.770 1531902114       0.02      0.802   39.23491  -73.25534    33.1077  1025.9713    25.8062     7.0093 0.0000e+00
     36.712     7.0119    32.9702  1025.9886     2.7897     4.8909     71.491   -0.00664    6.84122    6.85035      8.655     0.1288   12.29258   3.344775 2.5332e-11    25.8189    25.8185 1.0000e-12     37.000          1       1670    1476.77 3.9495e+00  52264.466     69.538 1531902116      -0.13      0.564   39.23490  -73.25534    33.1093  1025.9773    25.8076     7.0086 0.0000e+00
     37.707     7.0080    32.9679  1025.9919     2.7816     4.8775     71.296   -0.00576    6.84119    6.85032      8.653     0.1138   12.29253   3.344539 2.5034e-11    25.8176    25.8171 1.0000e-12     38.000          1       1705    1476.77 3.9495e+00  52262.845     71.002 1531902117       0.18      0.644   39.23490  -73.25534    33.1100  1025.9830    25.8087     7.0046 0.0000e+00
     38.705     7.0054    32.9663  1025.9957     2.7786     4.8893     71.467   -0.00296    6.84137    6.85050      8.650     0.1320   12.29286   3.344458 2.4994e-11    25.8167    25.8163 1.0000e-12     39.000          1       1741    1476.77 3.9495e+00  52261.975     72.490 1531902119      -0.11      0.694   39.23489  -73.25534    33.1112  1025.9888    25.8099     7.0019 0.0000e+00
     39.682     7.0053    32.9636  1025.9981     2.7756     4.8973     71.584   -0.00087    6.84133    6.85045      8.647     0.1288   12.29281   3.344550 2.5362e-11    25.8146    25.8141 1.0000e-12     40.000          1       1797    1476.78 3.9495e+00  52258.806     74.826 1531902121       0.07      0.320   39.23488  -73.25535    33.1118  1025.9939    25.8104     7.0017 0.0000e+00
     40.685     7.0047    32.9625  1026.0019     2.7719     4.8777     71.305   -0.00242    6.84070    6.84981      8.647     0.1113   12.29178   3.344558 2.5320e-11    25.8139    25.8134 1.0000e-12     41.000          1       1824    1476.80 3.9495e+00  52258.095     75.955 1531902122       0.36      0.727   39.23488  -73.25536    33.1119  1025.9987    25.8106     7.0011 0.0000e+00
     41.680     7.0051    32.9615  1026.0057     2.7700     4.8705     71.195   -0.00294    6.84105    6.85017 -9.990e-29     0.1371   12.29234   3.344633 2.5320e-11    25.8130    25.8125 1.0000e-12     42.000          1       1850    1476.82 3.9495e+00  52257.220     77.021 1531902123       0.05      0.933   39.23488  -73.25536    33.1119  1026.0032    25.8106     7.0013 0.0000e+00
