CalculateIndicators/WaterTemperature/Data/CTD_NYOS/NY1807C08.cnv
* Sea-Bird SBE 9 Data File:
* FileName = C:\Seabird 9 CTD\Data\2018\OffshoreCruise201807\NY1807C08.hex
* Software Version Seasave V 7.23.2
* Temperature SN = 4590
* Conductivity SN = 3228
* Number of Bytes Per Scan = 44
* Number of Voltage Words = 5
* Number of Scans Averaged by the Deck Unit = 1
* NMEA Latitude = 40 42.76 N
* NMEA Longitude = 072 25.05 W
* NMEA UTC (Time) = Jul 16 2018  06:51:37
* NMEA baud rate = 4800
** Ship: RV Seawolf
** Station: NY1807C08
** Operator: jdw
# nquan = 35
# nvalues = 60                          
# units = specified
# name 0 = depSM: Depth [salt water, m]
# name 1 = t090C: Temperature [ITS-90, deg C]
# name 2 = sal00: Salinity, Practical [PSU]
# name 3 = density00: Density [density, kg/m^3]
# name 4 = sbeox0V: Oxygen raw, SBE 43 [V]
# name 5 = sbeox0ML/L: Oxygen, SBE 43 [ml/l]
# name 6 = sbeox0PS: Oxygen, SBE 43 [% saturation]
# name 7 = sbox0dV/dT: Oxygen, SBE 43 [dov/dt]
# name 8 = oxsolML/L: Oxygen Saturation, Garcia & Gordon [ml/l]
# name 9 = oxsatML/L: Oxygen Saturation, Weiss [ml/l]
# name 10 = ph: pH
# name 11 = flECO-AFL: Fluorescence, WET Labs ECO-AFL/FL [mg/m^3]
# name 12 = n2satML/L: Nitrogen Saturation [ml/l]
# name 13 = c0S/m: Conductivity [S/m]
# name 14 = cpar: CPAR/Corrected Irradiance [%]
# name 15 = sigma-é00: Density [sigma-theta, kg/m^3]
# name 16 = sigma-t00: Density [sigma-t, kg/m^3 ]
# name 17 = par: PAR/Irradiance, Biospherical/Licor
# name 18 = prDM: Pressure, Digiquartz [db]
# name 19 = pumps: Pump Status
# name 20 = scan: Scan Count
# name 21 = svCM: Sound Velocity [Chen-Millero, m/s]
# name 22 = spar: SPAR, Biospherical/Licor
# name 23 = specc: Specific Conductance [uS/cm]
# name 24 = timeS: Time, Elapsed [seconds]
# name 25 = timeY: Time, System [seconds]
# name 26 = accM: Acceleration [m/s^2]
# name 27 = dz/dtM: Descent Rate [m/s]
# name 28 = latitude: Latitude [deg]
# name 29 = longitude: Longitude [deg]
# name 30 = gsw_saA0: Absolute Salinity [g/kg]
# name 31 = gsw_densityA0: density, TEOS-10 [density, kg/m^3]
# name 32 = gsw_sigma0A0: density, TEOS-10 [sigma-0, kg/m^3 ]
# name 33 = gsw_ptA0: potential temperature [ITS-90, deg C]
# name 34 = flag: flag
# span 0 =      0.981,     30.760       
# span 1 =     9.5724,    21.6212       
# span 2 =    31.4893,    32.5446       
# span 3 =  1021.7269,  1025.2020       
# span 4 =     3.3664,     4.2235       
# span 5 =     5.5184,     7.1279       
# span 6 =     90.242,    123.355       
# span 7 =   -0.11026,    0.10584       
# span 8 =    5.12653,    6.48086       
# span 9 =    5.11538,    6.48419       
# span 10 =      8.634,      8.841      
# span 11 =     0.4521,     1.2710      
# span 12 =    9.46366,   11.70314      
# span 13 =   3.517555,   4.524034      
# span 14 = 1.6886e-11, 4.7342e+00      
# span 15 =    21.7182,    25.0617      
# span 16 =    21.7181,    25.0612      
# span 17 = 1.0000e-12, 2.3048e-01      
# span 18 =      1.000,     31.000      
# span 19 =          1,          1      
# span 20 =        287,       9076      
# span 21 =    1485.59,    1522.17      
# span 22 = 3.9128e+00, 5.9242e+00      
# span 23 =  48429.269,  51017.176      
# span 24 =     11.930,    378.130      
# span 25 = 1531723979, 1531724345      
# span 26 =      -0.26,       0.40      
# span 27 =     -0.831,      0.899      
# span 28 =   40.71252,   40.71270      
# span 29 =  -72.41768,  -72.41746      
# span 30 =    31.6376,    32.6989      
# span 31 =  1021.7469,  1025.2054      
# span 32 =    21.7382,    25.0652      
# span 33 =     9.5695,    21.6208      
# span 34 = 0.0000e+00, 0.0000e+00      
# interval = decibars: 1                
# start_time = Jul 16 2018 06:52:47 [System UTC, first data scan.]
# bad_flag = -9.990e-29
*END*
      1.987    21.6212    31.5903  1021.7417     3.8583     5.5729    108.706   -0.00217    5.12653    5.11538      8.789     0.4584    9.46366   4.524034 4.6412e-01    21.7331    21.7330 2.6764e-02      2.000          1        287    1522.14 5.2929e+00  48513.799     11.930 1531723979       0.32     -0.053   40.71270  -72.41768    31.7399  1021.7469    21.7382    21.6208 0.0000e+00
      2.982    21.6149    31.5905  1021.7480     3.8539     5.5720    108.676   -0.00039    5.12716    5.11602      8.791     0.4656    9.46470   4.523505 3.5561e-02    21.7350    21.7349 2.5343e-03      3.000          1        522    1522.14 5.5383e+00  48514.760     21.718 1531723988       0.33      0.528   40.71270  -72.41768    31.7401  1021.7531    21.7401    21.6143 0.0000e+00
      3.965    21.6130    31.5905  1021.7528     3.8688     5.6269    109.689    0.00956    5.12988    5.11875      8.791     0.4521    9.46923   4.523368 4.0661e-03    21.7356    21.7354 4.9459e-04      4.000          1        581    1522.15 5.6472e+00  48515.278     24.174 1531723991      -0.11      0.526   40.71270  -72.41768    31.7401  1021.7580    21.7407    21.6122 0.0000e+00
      4.964    21.6145    31.5909  1021.7571     3.8475     5.8234    107.868   -0.00991    5.39988    5.39072      8.805     0.5055    9.91825   4.523628 1.5672e-04    21.7356    21.7353 1.9335e-05      5.000          1        620    1522.17 5.9136e+00  48516.230     25.787 1531723992       0.02      0.619   40.71270  -72.41768    31.7407  1021.7624    21.7408    21.6136 0.0000e+00
      5.950    21.1697    31.5815  1021.8721     3.9591     6.3326    115.437    0.05436    5.48611    5.47777      8.806     0.6538   10.05856   4.469285 1.7639e-11    21.8462    21.8459 1.0000e-12      6.000          1        664    1520.96 -9.990e-29  48521.995     27.627 1531723994      -0.02      0.528   40.71270  -72.41768    31.6376  1021.8067    21.7808    21.1685 0.0000e+00
      6.946    18.3264    31.6581  1022.6651     4.0986     6.8041    123.355    0.10584    5.51581    5.50779      8.831     0.8155   10.10645   4.211457 1.9020e-11    22.6345    22.6342 1.0000e-12      7.000          1        697    1513.06 -9.990e-29  48768.045     29.013 1531723996       0.16      0.680   40.71270  -72.41768    31.6840  1022.5766    22.5461    18.3252 0.0000e+00
      7.940    17.8885    31.8993  1022.9610     4.1560     6.8261    122.655    0.05794    5.56539    5.55784      8.838     0.8333   10.18864   4.207857 1.7435e-11    22.9261    22.9257 1.0000e-12      8.000          1        729    1512.07 -9.990e-29  49129.434     30.334 1531723997      -0.03      0.773   40.71270  -72.41768    31.9936  1022.9236    22.8886    17.8871 0.0000e+00
      8.930    17.6110    32.0771  1023.1678     4.1734     6.8059    120.704    0.01428    5.63852    5.63170      8.841     0.8521   10.30965   4.200089 1.9282e-11    23.1284    23.1281 1.0000e-12      9.000          1        764    1511.46 -9.990e-29  49394.319     31.810 1531723999      -0.03      0.680   40.71270  -72.41768    32.1455  1023.1100    23.0706    17.6096 0.0000e+00
      9.922    17.0357    32.1120  1023.3348     4.1530     6.9378    118.529   -0.00873    5.85410    5.84955      8.839     0.8212   10.66728   4.151282 1.6886e-11    23.2909    23.2905 1.0000e-12     10.000          1        803    1509.80 5.9242e+00  49485.226     33.413 1531724000      -0.07      0.638   40.71270  -72.41768    32.1828  1023.2785    23.2347    17.0341 0.0000e+00
     10.912    16.2560    32.1624  1023.5563     4.1085     7.0806    115.681   -0.02649    6.12103    6.11961      8.825     0.7354   11.10875   4.078817 2.3328e-11    23.5079    23.5075 1.0000e-12     11.000          1        839    1507.48 4.4155e+00  49619.667     34.932 1531724002       0.14      0.617   40.71270  -72.41768    32.1758  1023.4558    23.4074    16.2543 0.0000e+00
     11.907    14.8052    32.1929  1023.9031     4.0634     6.9920    113.287   -0.03720    6.17198    6.17121      8.811     0.6648   11.19285   3.946935 2.5251e-11    23.8500    23.8496 1.0000e-12     12.000          1        869    1502.98 3.9656e+00  49800.093     36.187 1531724003       0.04      0.791   40.71270  -72.41768    32.1815  1023.7828    23.7297    14.8034 0.0000e+00
     12.898    12.8869    32.2500  1024.3421     4.0379     7.0154    113.353   -0.02462    6.18894    6.18837      8.818     0.7443   11.22131   3.773615 1.9544e-11    24.2841    24.2837 1.0000e-12     13.000          1        899    1496.76 5.3262e+00  50108.893     37.415 1531724004       0.04      0.788   40.71270  -72.41768    32.1807  1024.1758    24.1178    12.8852 0.0000e+00
     13.893    11.9912    32.3220  1024.5741     3.9985     7.0633    112.100   -0.02286    6.30113    6.30203      8.809     0.5812   11.40637   3.708775 1.8338e-11    24.5113    24.5110 1.0000e-12     14.000          1        941    1493.82 -9.990e-29  50332.987     39.161 1531724006      -0.21      0.603   40.71270  -72.41768    32.3277  1024.4646    24.4019    11.9894 0.0000e+00
     14.873    10.9872    32.3752  1024.8022     3.9378     6.9899    109.603   -0.02764    6.37746    6.37934      8.799     0.4673   11.53284   3.623687 1.7916e-11    24.7347    24.7344 1.0000e-12     15.000          1        992    1490.41 5.9242e+00  50565.494     41.311 1531724008       0.40      0.382   40.71270  -72.41768    32.3705  1024.6837    24.6162    10.9854 0.0000e+00
     15.879    10.8330    32.3822  1024.8393     3.9017     6.9025    107.832   -0.03384    6.40117    6.40336      8.789     0.5315   11.57217   3.615001 2.0013e-11    24.7672    24.7669 1.0000e-12     16.000          1       1015    1489.89 5.1950e+00  50601.208     42.255 1531724009       0.37      0.858   40.71270  -72.41768    32.4195  1024.7531    24.6810    10.8312 0.0000e+00
     16.873    10.5667    32.3814  1024.8892     3.8369     6.7015    104.508   -0.04670    6.41247    6.41481      8.771     0.5604   11.59087   3.590883 1.9887e-11    24.8125    24.8121 1.0000e-12     17.000          1       1045    1488.96 5.2206e+00  50646.662     43.494 1531724010      -0.18      0.899   40.71270  -72.41768    32.4141  1024.7993    24.7226    10.5647 0.0000e+00
     17.861    10.1615    32.3657  1024.9504     3.7424     6.4366    100.476   -0.05574    6.40613    6.40843      8.768     0.5220   11.57988   3.556053 1.9532e-11    24.8690    24.8687 1.0000e-12     18.000          1       1087    1487.50 5.3037e+00  50697.463     45.239 1531724012      -0.07      0.573   40.71270  -72.41768    32.4241  1024.8802    24.7988    10.1594 0.0000e+00
     18.847    10.0612    32.3759  1024.9796     3.7171     6.6111    102.868   -0.01613    6.42674    6.42931      8.777     0.6009   11.61401   3.550941 1.7703e-11    24.8937    24.8934 1.0000e-12     19.000          1       1129    1487.17 5.7317e+00  50730.696     47.003 1531724014       0.04      0.552   40.71270  -72.41768    32.4616  1024.9306    24.8446    10.0590 0.0000e+00
     19.849    10.1056    32.4102  1025.0035     3.7066     6.6694    103.470   -0.00467    6.44577    6.44858      8.763     0.7283   11.64566   3.558722 1.8531e-11    24.9131    24.9127 1.0000e-12     20.000          1       1160    1487.39 5.5379e+00  50771.727     48.302 1531724015       0.14      0.728   40.71270  -72.41768    32.5003  1024.9578    24.8674    10.1033 0.0000e+00
     20.832     9.9603    32.4075  1025.0301     3.6515     6.4071     99.280   -0.03184    6.45347    6.45638      8.747     0.9448   11.65846   3.546381 2.5477e-11    24.9351    24.9347 1.0000e-12     21.000          1       1199    1486.88 3.9128e+00  50795.256     49.937 1531724017      -0.16      0.633   40.71270  -72.41768    32.5050  1024.9901    24.8950     9.9580 0.0000e+00
     21.835     9.8248    32.3942  1025.0467     3.5935     6.2291     96.494   -0.04098    6.45540    6.45834      8.742     0.9041   11.66151   3.533751 2.4619e-11    24.9471    24.9467 1.0000e-12     22.000          1       1233    1486.39 4.1134e+00  50802.821     51.354 1531724018       0.06      0.697   40.71270  -72.41768    32.4979  1025.0113    24.9117     9.8224 0.0000e+00
     22.812     9.7743    32.3917  1025.0575     3.5464     6.2400     96.383   -0.02279    6.47416    6.47737      8.733     0.8691   11.69254   3.530802 1.7337e-11    24.9534    24.9530 1.0000e-12     23.000          1       1280    1486.22 5.8173e+00  50809.450     53.310 1531724020      -0.13      0.478   40.71270  -72.41768    32.5129  1025.0357    24.9316     9.7718 0.0000e+00
     23.816     9.7551    32.4034  1025.0744     3.5170     6.1827     95.490   -0.02126    6.47477    6.47799      8.727     0.9849   11.69345   3.529733 1.9878e-11    24.9657    24.9652 1.0000e-12     24.000          1       1310    1486.18 5.2227e+00  50830.365     54.532 1531724021       0.33      0.708   40.71270  -72.41768    32.5189  1025.0481    24.9394     9.7524 0.0000e+00
     24.807     9.6374    32.4040  1025.0986     3.4750     6.0612     93.534   -0.02715    6.48018    6.48349      8.710     1.0966   11.70225   3.520406 2.1496e-11    24.9853    24.9849 1.0000e-12     25.000          1       1347    1485.77 4.8443e+00  50854.533     56.091 1531724023      -0.21      0.697   40.71269  -72.41768    32.5293  1025.0799    24.9666     9.6347 0.0000e+00
     25.794     9.6096    32.4133  1025.1149     3.4212     5.9252     91.426   -0.02991    6.48086    6.48419      8.697     1.2710   11.70314   3.519458 2.5392e-11    24.9971    24.9966 1.0000e-12     26.000          1       1388    1485.69 3.9326e+00  50873.680     57.802 1531724025       0.24      0.527   40.71268  -72.41768    32.5443  1025.1006    24.9827     9.6068 0.0000e+00
     26.794     9.5724    32.4239  1025.1338     3.3875     5.8479     90.242   -0.02995    6.48022    6.48354      8.697     1.2664   11.70212   3.517555 2.5320e-11    25.0114    25.0109 1.0000e-12     27.000          1       1419    1485.59 3.9495e+00  50896.530     59.104 1531724026       0.00      0.768   40.71268  -72.41768    32.5581  1025.1218    24.9994     9.5695 0.0000e+00
     27.781     9.5743    32.4478  1025.1566     3.3705     5.9407     91.942   -0.00288    6.46142    6.46453      8.702     1.0674   11.67043   3.520982 2.5320e-11    25.0297    25.0293 1.0000e-12     28.000          1       1493    1485.64 3.9495e+00  50930.612     62.169 1531724029      -0.08      0.282   40.71268  -72.41768    32.5912  1025.1518    25.0249     9.5713 0.0000e+00
     28.777     9.6828    32.4893  1025.1760     3.4189     6.1645     95.691    0.02159    6.44219    6.44508      8.706     0.8810   11.63816   3.535748 2.0280e-11    25.0446    25.0441 1.0000e-12     29.000          1       1562    1486.10 5.1288e+00  50968.658     65.043 1531724032       0.06      0.442   40.71268  -72.41768    32.6438  1025.1797    25.0483     9.6796 0.0000e+00
     29.764     9.8299    32.5332  1025.1906     3.4836     6.2743     97.476    0.01570    6.43679    6.43963      8.722     0.5565   11.62891   3.553272 2.4681e-11    25.0549    25.0543 1.0000e-12     30.000          1       1645    1486.71 4.0264e+00  51002.863     68.519 1531724035      -0.04      0.250   40.71268  -72.41768    32.6895  1025.1956    25.0599     9.8265 0.0000e+00
     30.760     9.8425    32.5446  1025.2020     3.4654     6.1362     95.314   -0.00248    6.43790    6.44074      8.705     0.5528   11.63084   3.555361 1.9010e-11    25.0617    25.0612 1.0000e-12     31.000          1       2168    1486.78 4.4072e+00  51017.176     90.307 1531724057      -0.04      0.020   40.71268  -72.41767    32.6989  1025.2054    25.0652     9.8391 0.0000e+00
     29.765     9.8487    32.5402  1025.1930     3.4737     6.2104     96.350    0.00666    6.44568    6.44860      8.669     0.6283   11.64408   3.555510 1.9158e-11    25.0573    25.0567 1.0000e-12     30.000          1       3662    1486.78 5.3496e+00  51009.213    152.548 1531724119      -0.01     -0.345   40.71264  -72.41764    32.6952  1025.1970    25.0613     9.8454 0.0000e+00
     28.782     9.8156    32.5227  1025.1803     3.4734     6.1921     95.584   -0.00223    6.47819    6.48147      8.650     0.8269   11.69889   3.550258 2.1235e-11    25.0490    25.0485 1.0000e-12     29.000          1       3795    1486.62 4.9052e+00  50990.221    158.074 1531724125      -0.14     -0.356   40.71264  -72.41764    32.6720  1025.1798    25.0486     9.8124 0.0000e+00
     27.778     9.7536    32.5008  1025.1688     3.4440     6.0408     93.290   -0.01710    6.47525    6.47849      8.636     0.9162   11.69410   3.542154 1.9797e-11    25.0420    25.0415 1.0000e-12     28.000          1       3824    1486.36 5.2417e+00  50970.557    159.310 1531724126      -0.22     -0.708   40.71264  -72.41764    32.6457  1025.1651    25.0383     9.7505 0.0000e+00
     26.789     9.6035    32.4356  1025.1378     3.3970     5.8671     90.614   -0.02919    6.47483    6.47807      8.634     1.1676   11.69341   3.522347 2.3941e-11    25.0155    25.0150 1.0000e-12     27.000          1       3863    1485.71 4.2722e+00  50906.950    160.927 1531724128       0.16     -0.657   40.71264  -72.41762    32.5791  1025.1332    25.0108     9.6005 0.0000e+00
     25.796     9.6168    32.4280  1025.1252     3.3708     5.8868     90.903   -0.01478    6.47590    6.47913      8.639     1.2464   11.69538   3.523460 2.2377e-11    25.0074    25.0069 1.0000e-12     26.000          1       3906    1485.74 4.6381e+00  50893.015    162.717 1531724129      -0.07     -0.553   40.71264  -72.41762    32.5789  1025.1263    25.0085     9.6140 0.0000e+00
     24.808     9.6021    32.4147  1025.1126     3.3664     5.9458     91.869   -0.00132    6.47201    6.47517      8.644     1.1233   11.68917   3.520754 2.3584e-11    24.9993    24.9989 1.0000e-12     25.000          1       3959    1485.65 4.3556e+00  50876.443    164.928 1531724132       0.10     -0.437   40.71264  -72.41762    32.5649  1025.1132    24.9999     9.5994 0.0000e+00
     23.808     9.6246    32.3929  1025.0874     3.3965     6.1043     94.376    0.01605    6.46811    6.47122      8.659     1.0142   11.68268   3.520792 2.4991e-11    24.9786    24.9782 1.0000e-12     24.000          1       4003    1485.69 3.9736e+00  50840.636    166.737 1531724133      -0.15     -0.571   40.71264  -72.41762    32.5453  1025.0898    24.9811     9.6220 0.0000e+00
     22.820     9.6506    32.3896  1025.0760     3.4302     6.1431     94.987    0.00929    6.46726    6.47035      8.659     0.9912   11.68130   3.522921 2.3407e-11    24.9718    24.9714 1.0000e-12     23.000          1       4084    1485.76 4.2368e+00  50830.323    170.127 1531724137       0.01     -0.251   40.71264  -72.41762    32.5440  1025.0800    24.9758     9.6481 0.0000e+00
     21.823     9.7531    32.3647  1025.0353     3.4989     6.2241     96.444   -0.00171    6.45361    6.45650      8.650     0.9903   11.65905   3.529341 2.0682e-11    24.9357    24.9353 1.0000e-12     22.000          1       5069    1486.09 5.0281e+00  50774.791    211.151 1531724178      -0.04     -0.414   40.71261  -72.41759    32.5176  1025.0383    24.9387     9.7506 0.0000e+00
     20.837     9.7985    32.3548  1025.0156     3.5248     6.3213     98.116    0.00776    6.44266    6.44540      8.653     1.0079   11.64092   3.532579 2.2825e-11    24.9205    24.9202 1.0000e-12     21.000          1       5452    1486.23 4.5333e+00  50751.458    227.138 1531724194      -0.15     -0.283   40.71260  -72.41758    32.5100  1025.0205    24.9254     9.7962 0.0000e+00
     19.849     9.8486    32.3594  1025.0065     3.5660     6.4383    100.194    0.01585    6.42582    6.42833      8.670     0.7486   11.61302   3.537572 2.0219e-11    24.9160    24.9156 1.0000e-12     20.000          1       5524    1486.40 5.1430e+00  50747.975    230.144 1531724197       0.03     -0.310   40.71260  -72.41758    32.5163  1025.0126    24.9221     9.8465 0.0000e+00
