CalculateIndicators/WaterTemperature/Data/CTD_NYOS/NY1807C25.cnv
* Sea-Bird SBE 9 Data File:
* FileName = C:\Seabird 9 CTD\Data\2018\OffshoreCruise201807\NY1807C25.hex
* Software Version Seasave V 7.23.2
* Temperature SN = 4590
* Conductivity SN = 3228
* Number of Bytes Per Scan = 44
* Number of Voltage Words = 5
* Number of Scans Averaged by the Deck Unit = 1
* NMEA Latitude = 38 59.96 N
* NMEA Longitude = 072 49.25 W
* NMEA UTC (Time) = Jul 20 2018  05:27:36
* NMEA baud rate = 4800
** Ship: RV Seawolf
** Station: NY1807C25
** Operator: jdw
# nquan = 35
# nvalues = 278                         
# units = specified
# name 0 = depSM: Depth [salt water, m]
# name 1 = t090C: Temperature [ITS-90, deg C]
# name 2 = sal00: Salinity, Practical [PSU]
# name 3 = density00: Density [density, kg/m^3]
# name 4 = sbeox0V: Oxygen raw, SBE 43 [V]
# name 5 = sbeox0ML/L: Oxygen, SBE 43 [ml/l]
# name 6 = sbeox0PS: Oxygen, SBE 43 [% saturation]
# name 7 = sbox0dV/dT: Oxygen, SBE 43 [dov/dt]
# name 8 = oxsolML/L: Oxygen Saturation, Garcia & Gordon [ml/l]
# name 9 = oxsatML/L: Oxygen Saturation, Weiss [ml/l]
# name 10 = ph: pH
# name 11 = flECO-AFL: Fluorescence, WET Labs ECO-AFL/FL [mg/m^3]
# name 12 = n2satML/L: Nitrogen Saturation [ml/l]
# name 13 = c0S/m: Conductivity [S/m]
# name 14 = cpar: CPAR/Corrected Irradiance [%]
# name 15 = sigma-é00: Density [sigma-theta, kg/m^3]
# name 16 = sigma-t00: Density [sigma-t, kg/m^3 ]
# name 17 = par: PAR/Irradiance, Biospherical/Licor
# name 18 = prDM: Pressure, Digiquartz [db]
# name 19 = pumps: Pump Status
# name 20 = scan: Scan Count
# name 21 = svCM: Sound Velocity [Chen-Millero, m/s]
# name 22 = spar: SPAR, Biospherical/Licor
# name 23 = specc: Specific Conductance [uS/cm]
# name 24 = timeS: Time, Elapsed [seconds]
# name 25 = timeY: Time, System [seconds]
# name 26 = accM: Acceleration [m/s^2]
# name 27 = dz/dtM: Descent Rate [m/s]
# name 28 = latitude: Latitude [deg]
# name 29 = longitude: Longitude [deg]
# name 30 = gsw_saA0: Absolute Salinity [g/kg]
# name 31 = gsw_densityA0: density, TEOS-10 [density, kg/m^3]
# name 32 = gsw_sigma0A0: density, TEOS-10 [sigma-0, kg/m^3 ]
# name 33 = gsw_ptA0: potential temperature [ITS-90, deg C]
# name 34 = flag: flag
# span 0 =      0.994,    138.903       
# span 1 =    10.4979,    23.8970       
# span 2 =    33.8789,    35.3895       
# span 3 =  1022.8472,  1027.4296       
# span 4 =     2.9682,     4.3688       
# span 5 =     4.7066,     6.7336       
# span 6 =     78.694,    127.652       
# span 7 =   -0.08616,    0.10203       
# span 8 =    4.86246,    6.27169       
# span 9 =    4.85067,    6.27388       
# span 10 =      8.711,      8.980      
# span 11 =    -0.0833,     1.0706      
# span 12 =    9.00170,   11.33480      
# span 13 =   3.789656,   5.046659      
# span 14 = -1.103e+03, 7.3444e+04      
# span 15 =    22.8386,    26.8094      
# span 16 =    22.8385,    26.8058      
# span 17 = 1.0000e-12, 2.3874e-01      
# span 18 =      1.000,    140.000      
# span 19 =          1,          1      
# span 20 =        305,      15471      
# span 21 =    1491.47,    1530.55      
# span 22 = 9.9952e-01, 5.0859e+00      
# span 23 =  51574.793,  54599.320      
# span 24 =     12.662,    644.598      
# span 25 = 1532064521, 1532065153      
# span 26 =      -0.64,       0.56      
# span 27 =     -1.399,      1.095      
# span 28 =   38.99804,   38.99925      
# span 29 =  -72.82155,  -72.82090      
# span 30 =    34.0489,    35.5576      
# span 31 =  1022.8507,  1027.4339      
# span 32 =    22.8419,    26.8137      
# span 33 =    10.4932,    23.8966      
# span 34 = 0.0000e+00, 0.0000e+00      
# interval = decibars: 1                
# start_time = Jul 20 2018 05:28:29 [System UTC, first data scan.]
# bad_flag = -9.990e-29
*END*
[from data line 125]
    126.004    12.4466    35.3874  1027.3713     2.9775     4.7227     78.964   -0.00421    5.98084    5.97995      8.727    -0.0692   10.84180   4.088701 2.4974e-11    26.8067    26.8034 1.0000e-12    127.000          1       5026    1500.90 3.9495e+00  54589.374    209.355 1532064718       0.10      0.999   38.99884  -72.82104    35.5554  1027.3755    26.8110    12.4296 0.0000e+00
    126.996    12.4467    35.3873  1027.3757     2.9799     4.7491     79.406    0.00032    5.98083    5.97994      8.727    -0.0627   10.84178   4.088743 2.4815e-11    26.8066    26.8033 1.0000e-12    128.000          1       5065    1500.92 3.9495e+00  54589.850    211.011 1532064720      -0.25      0.692   38.99883  -72.82104    35.5553  1027.3799    26.8109    12.4295 0.0000e+00
    127.974    12.4467    35.3874  1027.3801     2.9837     4.7643     79.660    0.00158    5.98078    5.97989      8.727    -0.0685   10.84170   4.088800 2.5137e-11    26.8068    26.8034 1.0000e-12    129.000          1       5127    1500.93 3.9495e+00  54590.600    213.603 1532064722       0.23      0.294   38.99882  -72.82105    35.5554  1027.3845    26.8110    12.4294 0.0000e+00
    128.971    12.4468    35.3874  1027.3846     2.9805     4.7441     79.324   -0.00146    5.98066    5.97977      8.727    -0.0745   10.84151   4.088861 2.4967e-11    26.8067    26.8033 1.0000e-12    130.000          1       5154    1500.95 3.9495e+00  54591.118    214.701 1532064724       0.35      0.725   38.99882  -72.82106    35.5554  1027.3889    26.8110    12.4294 0.0000e+00
    129.967    12.4472    35.3875  1027.3891     2.9759     4.7236     78.982   -0.00384    5.98065    5.97976      8.727    -0.0759   10.84147   4.088951 2.4119e-11    26.8068    26.8033 1.0000e-12    131.000          1       5176    1500.97 3.9495e+00  54591.830    215.620 1532064724       0.22      0.994   38.99882  -72.82106    35.5555  1027.3934    26.8111    12.4296 0.0000e+00
    130.964    12.4469    35.3877  1027.3938     2.9752     4.7256     79.015   -0.00314    5.98064    5.97975      8.727    -0.0685   10.84146   4.088995 2.5297e-11    26.8070    26.8035 1.0000e-12    132.000          1       5199    1500.98 3.9495e+00  54592.708    216.565 1532064725      -0.00      1.086   38.99882  -72.82106    35.5557  1027.3981    26.8113    12.4293 0.0000e+00
    131.956    12.4479    35.3880  1027.3983     2.9762     4.7437     79.317    0.00026    5.98067    5.97978      8.727    -0.0627   10.84152   4.089162 2.5172e-11    26.8070    26.8035 1.0000e-12    133.000          1       5232    1501.00 3.9495e+00  54593.560    217.965 1532064727      -0.26      0.822   38.99882  -72.82106    35.5560  1027.4026    26.8114    12.4301 0.0000e+00
    132.938    12.4481    35.3882  1027.4028     2.9771     4.7473     79.374    0.00030    5.98093    5.98004 -9.990e-29    -0.0686   10.84194   4.089243 2.4671e-11    26.8072    26.8036 1.0000e-12    134.000          1       5290    1501.02 3.9495e+00  54594.377    220.382 1532064729      -0.03      0.353   38.99880  -72.82106    35.5562  1027.4071    26.8115    12.4302 0.0000e+00
    133.927    12.4463    35.3883  1027.4076     2.9765     4.7452     79.339   -0.00006    5.98086    5.97997 -9.990e-29    -0.0734   10.84182   4.089103 2.5341e-11    26.8076    26.8041 1.0000e-12    135.000          1       5329    1501.03 3.9495e+00  54595.387    222.018 1532064731       0.31      0.571   38.99880  -72.82106    35.5560  1027.4118    26.8118    12.4283 0.0000e+00
    134.924    12.4457    35.3883  1027.4123     2.9712     4.7210     78.934   -0.00296    5.98092    5.98003 -9.990e-29    -0.0628   10.84193   4.089117 2.5320e-11    26.8077    26.8042 1.0000e-12    136.000          1       5353    1501.05 3.9495e+00  54596.109    223.004 1532064732       0.26      0.885   38.99880  -72.82106    35.5563  1027.4166    26.8121    12.4275 0.0000e+00
    135.921    12.4460    35.3883  1027.4167     2.9682     4.7066     78.694   -0.00474    5.98088    5.98000 -9.990e-29    -0.0735   10.84187   4.089181 2.4634e-11    26.8077    26.8041 1.0000e-12    137.000          1       5376    1501.06 3.9495e+00  54596.657    223.955 1532064733       0.07      1.036   38.99880  -72.82106    35.5562  1027.4210    26.8120    12.4277 0.0000e+00
    136.917    12.4462    35.3881  1027.4210     2.9692     4.7276     79.034   -0.00075    5.98175    5.98087      8.726    -0.0597   10.84330   4.089211 2.5214e-11    26.8076    26.8039 1.0000e-12    138.000          1       5410    1501.08 3.9495e+00  54596.962    225.378 1532064734      -0.23      0.823   38.99879  -72.82106    35.5560  1027.4252    26.8118    12.4277 0.0000e+00
    137.900    12.4381    35.3884  1027.4273     2.9690     4.7267     79.023   -0.00094    5.98142    5.98054      8.725    -0.0657   10.84276   4.088500 2.4415e-11    26.8094    26.8058 1.0000e-12    139.000          1       5505    1501.07 3.9495e+00  54599.320    229.341 1532064738       0.21      0.176   38.99878  -72.82106    35.5563  1027.4315    26.8137    12.4195 0.0000e+00
    138.903    12.4469    35.3878  1027.4296     2.9746     4.7446     79.330    0.00055    5.98083    5.97995      8.724    -0.0710   10.84179   4.089363 2.4285e-11    26.8073    26.8036 1.0000e-12    140.000          1       5848    1501.11 3.9495e+00  54597.746    243.612 1532064752      -0.32      0.325   38.99876  -72.82108    35.5559  1027.4339    26.8117    12.4281 0.0000e+00
    137.898    12.4472    35.3878  1027.4250     2.9765     4.7418     79.284   -0.00084    5.98078    5.97990      8.723    -0.0578   10.84170   4.089333 2.4056e-11    26.8072    26.8035 1.0000e-12    139.000          1       6071    1501.10 3.9495e+00  54597.003    252.898 1532064762      -0.20     -0.403   38.99873  -72.82109    35.5558  1027.4293    26.8115    12.4286 0.0000e+00
    136.912    12.4474    35.3878  1027.4205     2.9785     4.7523     79.459    0.00084    5.98075    5.97986      8.723    -0.0580   10.84166   4.089307 2.4516e-11    26.8071    26.8035 1.0000e-12    138.000          1       6299    1501.08 3.9495e+00  54596.334    262.400 1532064771      -0.20     -0.635   38.99872  -72.82110    35.5557  1027.4247    26.8114    12.4289 0.0000e+00
    135.912    12.4475    35.3878  1027.4160     2.9793     4.7524     79.462    0.00057    5.98076    5.97987      8.723    -0.0615   10.84167   4.089275 2.5289e-11    26.8070    26.8034 1.0000e-12    137.000          1       6327    1501.07 3.9495e+00  54595.716    263.596 1532064772      -0.05     -0.799   38.99872  -72.82110    35.5557  1027.4202    26.8113    12.4292 0.0000e+00
    134.926    12.4473    35.3878  1027.4116     2.9793     4.7497     79.415    0.00012    5.98079    5.97990 -9.990e-29    -0.0561   10.84171   4.089208 2.5152e-11    26.8071    26.8035 1.0000e-12    136.000          1       6371    1501.05 3.9495e+00  54595.212    265.404 1532064774       0.17     -0.573   38.99872  -72.82110    35.5557  1027.4159    26.8114    12.4291 0.0000e+00
    133.934    12.4472    35.3878  1027.4071     2.9783     4.7434     79.310   -0.00058    5.98083    5.97994 -9.990e-29    -0.0615   10.84179   4.089152 2.5098e-11    26.8071    26.8035 1.0000e-12    135.000          1       6414    1501.03 3.9495e+00  54594.596    267.223 1532064776      -0.10     -0.547   38.99872  -72.82110    35.5557  1027.4114    26.8113    12.4291 0.0000e+00
    132.947    12.4469    35.3876  1027.4026     2.9776     4.7415     79.279   -0.00055    5.98085    5.97997 -9.990e-29    -0.0528   10.84182   4.089061 2.5063e-11    26.8070    26.8034 1.0000e-12    134.000          1       6451    1501.02 3.9495e+00  54593.805    268.756 1532064778      -0.04     -0.640   38.99870  -72.82110    35.5555  1027.4068    26.8112    12.4290 0.0000e+00
    131.951    12.4467    35.3875  1027.3981     2.9787     4.7483     79.391    0.00050    5.98082    5.97993 -9.990e-29    -0.0627   10.84177   4.088984 2.5322e-11    26.8069    26.8034 1.0000e-12    133.000          1       6479    1501.00 3.9495e+00  54593.059    269.903 1532064779      -0.21     -0.781   38.99870  -72.82110    35.5554  1027.4023    26.8111    12.4289 0.0000e+00
    130.951    12.4466    35.3876  1027.3937     2.9774     4.7407     79.265   -0.00044    5.98077    5.97989 -9.990e-29    -0.0562   10.84170   4.088940 2.4956e-11    26.8070    26.8035 1.0000e-12    132.000          1       6508    1500.98 3.9495e+00  54592.646    271.139 1532064780       0.11     -0.862   38.99870  -72.82110    35.5555  1027.3980    26.8112    12.4289 0.0000e+00
    129.975    12.4470    35.3875  1027.3892     2.9793     4.7514     79.444    0.00120    5.98088    5.97999 -9.990e-29    -0.0619   10.84187   4.088924 2.5371e-11    26.8068    26.8034 1.0000e-12    131.000          1       6563    1500.97 3.9495e+00  54591.859    273.405 1532064782       0.07     -0.348   38.99870  -72.82112    35.5555  1027.3934    26.8111    12.4294 0.0000e+00
    128.974    12.4471    35.3874  1027.3845     2.9813     4.7564     79.527    0.00147    5.98090    5.98001 -9.990e-29    -0.0763   10.84191   4.088882 2.5320e-11    26.8067    26.8033 1.0000e-12    130.000          1       6596    1500.95 3.9495e+00  54591.127    274.805 1532064784      -0.23     -0.661   38.99870  -72.82112    35.5553  1027.3888    26.8109    12.4297 0.0000e+00
    127.982    12.4465    35.3872  1027.3801     2.9845     4.7642     79.656    0.00181    5.98096    5.98007 -9.990e-29    -0.0747   10.84200   4.088752 2.5082e-11    26.8066    26.8032 1.0000e-12    129.000          1       6630    1500.93 3.9495e+00  54590.316    276.188 1532064785       0.05     -0.745   38.99870  -72.82112    35.5551  1027.3842    26.8108    12.4292 0.0000e+00
    126.991    12.4463    35.3870  1027.3754     2.9854     4.7626     79.624    0.00111    5.98134    5.98045 -9.990e-29    -0.0703   10.84264   4.088665 2.5085e-11    26.8064    26.8031 1.0000e-12    128.000          1       6665    1500.91 3.9495e+00  54589.394    277.677 1532064786       0.02     -0.674   38.99868  -72.82112    35.5548  1027.3796    26.8106    12.4292 0.0000e+00
    126.002    12.4460    35.3866  1027.3707     2.9858     4.7590     79.562    0.00024    5.98149    5.98061 -9.990e-29    -0.0594   10.84290   4.088536 2.5324e-11    26.8062    26.8028 1.0000e-12    127.000          1       6702    1500.90 3.9495e+00  54588.287    279.213 1532064788       0.01     -0.650   38.99868  -72.82112    35.5543  1027.3748    26.8103    12.4290 0.0000e+00
    125.006    12.4434    35.3858  1027.3661     2.9850     4.7536     79.469   -0.00057    5.98165    5.98077 -9.990e-29    -0.0605   10.84318   4.088144 2.5320e-11    26.8060    26.8027 1.0000e-12    126.000          1       6734    1500.87 3.9495e+00  54587.019    280.541 1532064789      -0.11     -0.720   38.99868  -72.82112    35.5535  1027.3702    26.8101    12.4265 0.0000e+00
    124.015    12.4417    35.3850  1027.3614     2.9862     4.7598     79.578    0.00050    5.98130    5.98042 -9.990e-29    -0.0603   10.84260   4.087867 2.5320e-11    26.8057    26.8025 1.0000e-12    125.000          1       6781    1500.85 3.9495e+00  54585.641    282.494 1532064791       0.19     -0.523   38.99868  -72.82112    35.5528  1027.3656    26.8099    12.4250 0.0000e+00
    123.034    12.4414    35.3847  1027.3569     2.9884     4.7648     79.664    0.00081    5.98114    5.98025      8.723    -0.0568   10.84233   4.087764 2.5038e-11    26.8056    26.8023 1.0000e-12    124.000          1       6830    1500.83 3.9495e+00  54584.708    284.535 1532064793      -0.40     -0.444   38.99868  -72.82112    35.5525  1027.3609    26.8097    12.4248 0.0000e+00
    122.030    12.4437    35.3841  1027.3514     2.9892     4.7700     79.753    0.00169    5.98091    5.98002      8.723    -0.0619   10.84196   4.087927 2.5265e-11    26.8046    26.8013 1.0000e-12    123.000          1       6852    1500.82 3.9495e+00  54582.856    285.463 1532064794      -0.38     -0.882   38.99866  -72.82112    35.5523  1027.3558    26.8091    12.4273 0.0000e+00
    121.032    12.4458    35.3839  1027.3463     2.9899     4.7663     79.693    0.00059    5.98082    5.97993      8.723    -0.0618   10.84181   4.088035 2.5316e-11    26.8040    26.8008 1.0000e-12    122.000          1       6879    1500.81 3.9495e+00  54581.645    286.583 1532064795       0.12     -0.979   38.99866  -72.82112    35.5518  1027.3506    26.8082    12.4295 0.0000e+00
    120.050    12.4471    35.3840  1027.3417     2.9924     4.7737     79.818    0.00128    5.98065    5.97976      8.723    -0.0621   10.84154   4.088129 2.5320e-11    26.8037    26.8006 1.0000e-12    121.000          1       6932    1500.80 3.9495e+00  54580.908    288.784 1532064798       0.16     -0.428   38.99866  -72.82112    35.5519  1027.3460    26.8081    12.4309 0.0000e+00
    119.060    12.4494    35.3838  1027.3367     2.9921     4.7624     79.633   -0.00074    5.98048    5.97959 -9.990e-29    -0.0633   10.84125   4.088296 2.5320e-11    26.8032    26.8000 1.0000e-12    120.000          1       6981    1500.79 3.9495e+00  54579.760    290.824 1532064800      -0.16     -0.498   38.99866  -72.82113    35.5519  1027.3410    26.8076    12.4333 0.0000e+00
    118.069    12.4489    35.3837  1027.3322     2.9936     4.7730     79.822    0.00112    5.97960    5.97869 -9.990e-29    -0.0763   10.83976   4.088183 2.5276e-11    26.8031    26.8000 1.0000e-12    119.000          1       7011    1500.77 3.9495e+00  54579.068    292.077 1532064801      -0.19     -0.722   38.99866  -72.82114    35.5516  1027.3365    26.8074    12.4330 0.0000e+00
    117.070    12.4494    35.3835  1027.3275     2.9960     4.7796     79.951    0.00172    5.97819    5.97727 -9.990e-29    -0.0833   10.83741   4.088173 2.5019e-11    26.8029    26.7998 1.0000e-12    118.000          1       7035    1500.76 3.9495e+00  54578.150    293.089 1532064802      -0.17     -0.920   38.99864  -72.82114    35.5515  1027.3318    26.8072    12.4336 0.0000e+00
    116.077    12.4575    35.3859  1027.3232     2.9960     4.7753     79.880    0.00084    5.97814    5.97722 -9.990e-29    -0.0649   10.83733   4.089232 2.5275e-11    26.8031    26.8000 1.0000e-12    117.000          1       7076    1500.77 3.9495e+00  54579.567    294.811 1532064804       0.22     -0.649   38.99864  -72.82114    35.5546  1027.3281    26.8080    12.4418 0.0000e+00
    115.096    12.4703    35.3887  1027.3185     2.9987     4.7789     79.938    0.00066    5.97819    5.97727 -9.990e-29    -0.0602   10.83741   4.090662 2.5320e-11    26.8028    26.7997 1.0000e-12    116.000          1       7162    1500.80 3.9495e+00  54580.823    298.379 1532064807      -0.22     -0.166   38.99864  -72.82114    35.5568  1027.3228    26.8072    12.4547 0.0000e+00
    114.096    12.4672    35.3883  1027.3143     3.0012     4.7876     80.086    0.00150    5.97802    5.97710 -9.990e-29    -0.0609   10.83713   4.090271 2.5320e-11    26.8030    26.8000 1.0000e-12    115.000          1       7194    1500.77 3.9495e+00  54580.109    299.695 1532064809      -0.20     -0.650   38.99864  -72.82114    35.5563  1027.3186    26.8074    12.4518 0.0000e+00
    113.102    12.4682    35.3886  1027.3098     3.0022     4.7861     80.062    0.00076    5.97797    5.97704 -9.990e-29    -0.0557   10.83703   4.090370 2.5320e-11    26.8030    26.8000 1.0000e-12    114.000          1       7234    1500.76 3.9495e+00  54579.745    301.372 1532064810       0.11     -0.619   38.99862  -72.82115    35.5567  1027.3142    26.8075    12.4530 0.0000e+00
