CalculateIndicators/WaterTemperature/Data/CTD_NYOS/NY1807C23.cnv
* Sea-Bird SBE 9 Data File:
* FileName = C:\Seabird 9 CTD\Data\2018\OffshoreCruise201807\NY1807C23.hex
* Software Version Seasave V 7.23.2
* Temperature SN = 4590
* Conductivity SN = 3228
* Number of Bytes Per Scan = 44
* Number of Voltage Words = 5
* Number of Scans Averaged by the Deck Unit = 1
* NMEA Latitude = 39 29.69 N
* NMEA Longitude = 072 18.71 W
* NMEA UTC (Time) = Jul 19 2018  10:43:08
* NMEA baud rate = 4800
** Ship: RV Seawolf
** Station: NY1807C23
** Operator: jdw
** we're going deep!
# nquan = 35
# nvalues = 1110                        
# units = specified
# name 0 = depSM: Depth [salt water, m]
# name 1 = t090C: Temperature [ITS-90, deg C]
# name 2 = sal00: Salinity, Practical [PSU]
# name 3 = density00: Density [density, kg/m^3]
# name 4 = sbeox0V: Oxygen raw, SBE 43 [V]
# name 5 = sbeox0ML/L: Oxygen, SBE 43 [ml/l]
# name 6 = sbeox0PS: Oxygen, SBE 43 [% saturation]
# name 7 = sbox0dV/dT: Oxygen, SBE 43 [dov/dt]
# name 8 = oxsolML/L: Oxygen Saturation, Garcia & Gordon [ml/l]
# name 9 = oxsatML/L: Oxygen Saturation, Weiss [ml/l]
# name 10 = ph: pH
# name 11 = flECO-AFL: Fluorescence, WET Labs ECO-AFL/FL [mg/m^3]
# name 12 = n2satML/L: Nitrogen Saturation [ml/l]
# name 13 = c0S/m: Conductivity [S/m]
# name 14 = cpar: CPAR/Corrected Irradiance [%]
# name 15 = sigma-é00: Density [sigma-theta, kg/m^3]
# name 16 = sigma-t00: Density [sigma-t, kg/m^3 ]
# name 17 = par: PAR/Irradiance, Biospherical/Licor
# name 18 = prDM: Pressure, Digiquartz [db]
# name 19 = pumps: Pump Status
# name 20 = scan: Scan Count
# name 21 = svCM: Sound Velocity [Chen-Millero, m/s]
# name 22 = spar: SPAR, Biospherical/Licor
# name 23 = specc: Specific Conductance [uS/cm]
# name 24 = timeS: Time, Elapsed [seconds]
# name 25 = timeY: Time, System [seconds]
# name 26 = accM: Acceleration [m/s^2]
# name 27 = dz/dtM: Descent Rate [m/s]
# name 28 = latitude: Latitude [deg]
# name 29 = longitude: Longitude [deg]
# name 30 = gsw_saA0: Absolute Salinity [g/kg]
# name 31 = gsw_densityA0: density, TEOS-10 [density, kg/m^3]
# name 32 = gsw_sigma0A0: density, TEOS-10 [sigma-0, kg/m^3 ]
# name 33 = gsw_ptA0: potential temperature [ITS-90, deg C]
# name 34 = flag: flag
# span 0 =      0.976,    551.031       
# span 1 =     5.7379,    22.2778       
# span 2 =    32.9663,    35.5238       
# span 3 =  1022.6124,  1030.1715       
# span 4 =     2.1678,     4.1330       
# span 5 =     3.2082,     6.9089       
# span 6 =     51.384,    119.258       
# span 7 =   -0.05668,    0.05419       
# span 8 =    5.02470,    6.94922       
# span 9 =    5.01338,    6.96288       
# span 10 =      8.533,      8.935      
# span 11 =    -0.0868,     1.3073      
# span 12 =    9.28036,   12.44501      
# span 13 =   3.441565,   4.765588      
# span 14 = 6.6782e-14, 3.4974e+01      
# span 15 =    22.6038,    27.6303      
# span 16 =    22.6037,    27.6244      
# span 17 = 1.0000e-12, 5.1345e+02      
# span 18 =      1.000,    556.000      
# span 19 =          1,          1      
# span 20 =        565,      49893      
# span 21 =    1482.74,    1525.40      
# span 22 = 8.7802e+02, 1.4970e+03      
# span 23 =  50379.843,  55981.034      
# span 24 =     23.486,   2078.844      
# span 25 = 1531997072, 1531999127      
# span 26 =      -0.71,       0.54      
# span 27 =     -1.251,      1.131      
# span 28 =   39.49066,   39.49477      
# span 29 =  -72.31222,  -72.31198      
# span 30 =    33.1364,    35.6914      
# span 31 =  1022.6200,  1030.1746      
# span 32 =    22.6114,    27.6330      
# span 33 =     5.6905,    22.2774      
# span 34 = 0.0000e+00, 0.0000e+00      
# interval = decibars: 1                
# start_time = Jul 19 2018 10:44:08 [System UTC, first data scan.]
# bad_flag = -9.990e-29
*END*
[from data line 622]
    483.716     6.2271    35.0691  1029.8127     2.5089     4.5465     66.205    0.00136    6.86722    6.87948 -9.990e-29    -0.0601   12.30953   3.485685 7.6884e-14    27.5837    27.5779 1.0000e-12    488.000          1      25141    1483.75 1.3007e+03  55808.436   1047.502 1531998096       0.08     -0.555   39.49294  -72.31216    35.2378  1029.8163    27.5873     6.1831 0.0000e+00
    482.721     6.2334    35.0686  1029.8069 -9.990e-29     4.5364     66.096    0.00041    6.86335    6.87555 -9.990e-29    -0.0525   12.30318   3.486205 7.7368e-14    27.5824    27.5767 1.0000e-12    487.000          1      25177    1483.76 1.2926e+03  55804.989   1048.997 1531998097      -0.10     -0.653   39.49294  -72.31216    35.2377  1029.8107    27.5863     6.1895 0.0000e+00
    481.730     6.2457    35.0671  1029.7994     2.5093     4.5314     66.001   -0.00023    6.86560    6.87784      8.546    -0.0569   12.30684   3.487222 7.6871e-14    27.5797    27.5739 1.0000e-12    486.000          1      25219    1483.79 1.3009e+03  55798.241   1050.767 1531998099       0.11     -0.585   39.49294  -72.31216    35.2369  1029.8038    27.5841     6.2018 0.0000e+00
    480.747     6.2580    35.0683  1029.7940     2.5089     4.5261     65.938   -0.00036    6.86414    6.87635      8.546 -9.990e-29   12.30445   3.488284 7.5656e-14    27.5790    27.5732 1.0000e-12    485.000          1      25278    1483.82 1.3218e+03  55795.424   1053.195 1531998102      -0.03     -0.375   39.49292  -72.31216    35.2367  1029.7974    27.5823     6.2141 0.0000e+00
    479.756     6.2443    35.0699  1029.7927     2.5089     4.5255     65.972    0.00003    6.85975    6.87189      8.546    -0.0520   12.29719   3.487084 7.5836e-14    27.5820    27.5763 1.0000e-12    484.000          1      25315    1483.75 1.3187e+03  55801.163   1054.753 1531998103      -0.21     -0.605   39.49292  -72.31216    35.2378  1029.7956    27.5850     6.2006 0.0000e+00
    478.762     6.2521    35.0686  1029.7860     2.5084     4.5206     65.922   -0.00022    6.85747    6.86957      8.546    -0.0450   12.29344   3.487910 7.7195e-14    27.5799    27.5742 1.0000e-12    483.000          1      25342    1483.76 1.2955e+03  55796.157   1055.881 1531998104      -0.16     -0.823   39.49292  -72.31216    35.2395  1029.7913    27.5853     6.2085 0.0000e+00
    477.767     6.2813    35.0685  1029.7772     2.5059     4.5040     65.691   -0.00137    6.85624    6.86832 -9.990e-29    -0.0496   12.29139   3.490471 7.7959e-14    27.5761    27.5703 1.0000e-12    482.000          1      25374    1483.86 1.2827e+03  55786.065   1057.199 1531998106       0.14     -0.819   39.49292  -72.31216    35.2387  1029.7819    27.5808     6.2377 0.0000e+00
    476.784     6.3033    35.0701  1029.7707     2.5012     4.4832     65.410   -0.00218    6.85398    6.86602 -9.990e-29    -0.0501   12.28768   3.492598 7.6595e-14    27.5744    27.5686 1.0000e-12    481.000          1      25428    1483.93 1.3057e+03  55780.625   1059.449 1531998108       0.07     -0.410   39.49292  -72.31216    35.2404  1029.7756    27.5793     6.2597 0.0000e+00
    475.792     6.3191    35.0699  1029.7638     2.4979     4.4784     65.351   -0.00154    6.85296    6.86499 -9.990e-29    -0.0492   12.28596   3.493969 7.5381e-14    27.5722    27.5665 1.0000e-12    480.000          1      25478    1483.98 1.3266e+03  55774.743   1061.559 1531998110      -0.03     -0.483   39.49292  -72.31216    35.2401  1029.7686    27.5770     6.2755 0.0000e+00
    474.805     6.3238    35.0716  1029.7599     2.4961     4.4754     65.328   -0.00099    6.85066    6.86265 -9.990e-29    -0.0419   12.28215   3.494474 7.6054e-14    27.5728    27.5671 1.0000e-12    479.000          1      25525    1483.98 1.3149e+03  55774.798   1063.490 1531998112      -0.04     -0.513   39.49291  -72.31216    35.2413  1029.7643    27.5773     6.2803 0.0000e+00
    473.818     6.3318    35.0718  1029.7544     2.4960     4.4820     65.434    0.00002    6.84962    6.86159 -9.990e-29    -0.0532   12.28043   3.495127 7.6957e-14    27.5720    27.5662 1.0000e-12    478.000          1      25558    1484.00 1.2994e+03  55771.960   1064.883 1531998113      -0.21     -0.653   39.49290  -72.31216    35.2410  1029.7583    27.5760     6.2883 0.0000e+00
    472.817     6.3368    35.0730  1029.7500     2.4955     4.4753     65.357   -0.00043    6.84751    6.85944 -9.990e-29    -0.0515   12.27695   3.495780 7.7643e-14    27.5723    27.5666 1.0000e-12    477.000          1      25583    1484.00 1.2880e+03  55771.440   1065.901 1531998114      -0.20     -0.903   39.49290  -72.31216    35.2436  1029.7551    27.5774     6.2934 0.0000e+00
    471.827     6.3499    35.0736  1029.7441     2.4935     4.4631     65.215   -0.00098    6.84362    6.85549      8.545    -0.0431   12.27054   3.496945 7.7200e-14    27.5710    27.5653 1.0000e-12    476.000          1      25623    1484.04 1.2954e+03  55767.440   1067.570 1531998116       0.21     -0.674   39.49290  -72.31216    35.2437  1029.7488    27.5757     6.3066 0.0000e+00
    470.852     6.3812    35.0730  1029.7346     2.4900     4.4430     65.040   -0.00112    6.83123    6.84289      8.542    -0.0599   12.25009   3.499796 7.4976e-14    27.5664    27.5607 1.0000e-12    475.000          1      25694    1484.15 1.3336e+03  55756.092   1070.534 1531998119      -0.16     -0.217   39.49290  -72.31216    35.2439  1029.7399    27.5718     6.3378 0.0000e+00
    469.852     6.4126    35.0731  1029.7256     2.4872     4.4288     64.845   -0.00187    6.82983    6.84147      8.540    -0.0520   12.24779   3.502934 7.5371e-14    27.5623    27.5566 1.0000e-12    474.000          1      25721    1484.25 1.3268e+03  55745.771   1071.653 1531998120      -0.38     -0.696   39.49290  -72.31216    35.2472  1029.7335    27.5703     6.3693 0.0000e+00
    468.855     6.4496    35.0738  1029.7163     2.4822     4.3981     64.440   -0.00374    6.82503    6.83659 -9.990e-29    -0.0520   12.23986   3.506221 7.6460e-14    27.5580    27.5522 1.0000e-12    473.000          1      25750    1484.38 1.3079e+03  55734.460   1072.854 1531998121       0.05     -0.873   39.49290  -72.31216    35.2464  1029.7230    27.5647     6.4062 0.0000e+00
    467.873     6.4750    35.0755  1029.7094     2.4757     4.3792     64.199   -0.00365    6.82127    6.83276 -9.990e-29    -0.0520   12.23361   3.508684 7.7524e-14    27.5559    27.5501 1.0000e-12    472.000          1      25793    1484.47 1.2899e+03  55728.226   1074.653 1531998123       0.12     -0.554   39.49290  -72.31216    35.2484  1029.7163    27.5629     6.4316 0.0000e+00
    466.880     6.5146    35.0760  1029.6995     2.4701     4.3658     64.021   -0.00327    6.81925    6.83071 -9.990e-29    -0.0520   12.23026   3.512324 7.6593e-14    27.5510    27.5452 1.0000e-12    471.000          1      25835    1484.61 1.3057e+03  55715.960   1076.422 1531998125      -0.02     -0.570   39.49289  -72.31216    35.2488  1029.7064    27.5579     6.4712 0.0000e+00
    465.895     6.5279    35.0800  1029.6962     2.4668     4.3669     64.076   -0.00161    6.81513    6.82653 -9.990e-29    -0.0593   12.22344   3.513733 7.4993e-14    27.5524    27.5466 1.0000e-12    470.000          1      25882    1484.65 1.3334e+03  55716.975   1078.361 1531998127       0.03     -0.506   39.49288  -72.31216    35.2514  1029.7020    27.5582     6.4845 0.0000e+00
    464.902     6.5487    35.0799  1029.6885     2.4660     4.3676     64.123   -0.00084    6.81135    6.82267      8.540    -0.0551   12.21721   3.515658 7.6075e-14    27.5495    27.5437 1.0000e-12    469.000          1      25915    1484.71 1.3145e+03  55709.532   1079.769 1531998128      -0.24     -0.650   39.49288  -72.31216    35.2520  1029.6948    27.5559     6.5053 0.0000e+00
    463.907     6.5655    35.0826  1029.6837     2.4646     4.3619     64.066   -0.00079    6.80851    6.81979      8.540    -0.0545   12.21252   3.517457 7.6303e-14    27.5494    27.5436 1.0000e-12    468.000          1      25951    1484.76 1.3106e+03  55707.684   1081.267 1531998130       0.14     -0.703   39.49288  -72.31216    35.2554  1029.6905    27.5563     6.5221 0.0000e+00
    462.922     6.5987    35.0813  1029.6732     2.4597     4.3340     63.673   -0.00258    6.80668    6.81793      8.540    -0.0542   12.20948   3.520248 7.6742e-14    27.5439    27.5380 1.0000e-12    467.000          1      26000    1484.88 1.3031e+03  55694.806   1083.286 1531998132      -0.09     -0.457   39.49288  -72.31216    35.2529  1029.6792    27.5499     6.5553 0.0000e+00
    461.933     6.6117    35.0830  1029.6682     2.4547     4.3195     63.470   -0.00261    6.80550    6.81674      8.540    -0.0525   12.20752   3.521528 7.6082e-14    27.5435    27.5377 1.0000e-12    466.000          1      26045    1484.91 1.3145e+03  55692.683   1085.174 1531998134       0.08     -0.534   39.49288  -72.31216    35.2543  1029.6738    27.5492     6.5685 0.0000e+00
    460.945     6.6199    35.0842  1029.6634     2.4509     4.3059     63.295   -0.00285    6.80290    6.81409      8.539 -9.990e-29   12.20323   3.522331 7.5294e-14    27.5433    27.5375 1.0000e-12    465.000          1      26082    1484.93 1.3281e+03  55691.160   1086.690 1531998135      -0.31     -0.588   39.49288  -72.31216    35.2554  1029.6689    27.5490     6.5766 0.0000e+00
    459.943     6.6229    35.0851  1029.6591     2.4497     4.3118     63.407   -0.00140    6.80022    6.81137      8.539    -0.0642   12.19882   3.522617 7.5958e-14    27.5436    27.5378 1.0000e-12    464.000          1      26109    1484.93 1.3165e+03  55690.852   1087.839 1531998136      -0.03     -0.861   39.49288  -72.31216    35.2559  1029.6644    27.5489     6.5798 0.0000e+00
    458.963     6.6429    35.0859  1029.6523     2.4482     4.3093     63.400   -0.00087    6.79706    6.80816      8.539    -0.0524   12.19359   3.524571 7.6430e-14    27.5416    27.5357 1.0000e-12    463.000          1      26154    1484.99 1.3084e+03  55685.180   1089.699 1531998138       0.15     -0.527   39.49286  -72.31216    35.2577  1029.6583    27.5476     6.5998 0.0000e+00
    457.970     6.6726    35.0844  1029.6422     2.4452     4.2956     63.223   -0.00134    6.79435    6.80540      8.539    -0.0539   12.18908   3.527062 7.6080e-14    27.5364    27.5305 1.0000e-12    462.000          1      26206    1485.09 1.3144e+03  55673.313   1091.859 1531998140       0.09     -0.452   39.49286  -72.31216    35.2554  1029.6477    27.5419     6.6294 0.0000e+00
    456.991     6.6840    35.0895  1029.6400     2.4437     4.2962     63.243   -0.00053    6.79304    6.80407 -9.990e-29    -0.0633   12.18691   3.528615 7.5657e-14    27.5388    27.5330 1.0000e-12    461.000          1      26254    1485.12 1.3218e+03  55676.405   1093.893 1531998142      -0.37     -0.446   39.49286  -72.31216    35.2616  1029.6463    27.5451     6.6409 0.0000e+00
    455.987     6.6977    35.0887  1029.6328     2.4431     4.2939     63.215   -0.00059    6.79258    6.80360 -9.990e-29    -0.0517   12.18615   3.529663 7.5808e-14    27.5363    27.5305 1.0000e-12    460.000          1      26276    1485.16 1.3191e+03  55670.437   1094.792 1531998143      -0.42     -0.879   39.49286  -72.31216    35.2596  1029.6382    27.5418     6.6547 0.0000e+00
    454.990     6.7016    35.0893  1029.6281     2.4423     4.2910     63.172   -0.00066    6.79253    6.80355 -9.990e-29    -0.0458   12.18606   3.529993 7.5870e-14    27.5362    27.5304 1.0000e-12    459.000          1      26304    1485.16 1.3180e+03  55669.334   1095.975 1531998144       0.16     -0.946   39.49286  -72.31217    35.2598  1029.6332    27.5413     6.6587 0.0000e+00
    454.015     6.7076    35.0900  1029.6232     2.4421     4.2944     63.224    0.00002    6.79239    6.80341 -9.990e-29    -0.0474   12.18583   3.530500 7.6434e-14    27.5359    27.5301 1.0000e-12    458.000          1      26366    1485.16 1.3083e+03  55667.762   1098.540 1531998147       0.06     -0.278   39.49286  -72.31218    35.2598  1029.6278    27.5405     6.6647 0.0000e+00
    453.021     6.7071    35.0902  1029.6190     2.4429     4.2981     63.296    0.00047    6.79058    6.80157 -9.990e-29    -0.0521   12.18286   3.530401 7.5159e-14    27.5362    27.5304 1.0000e-12    457.000          1      26405    1485.15 1.3305e+03  55667.584   1100.149 1531998149      -0.27     -0.593   39.49286  -72.31218    35.2597  1029.6232    27.5405     6.6643 0.0000e+00
    452.023     6.7081    35.0905  1029.6144     2.4439     4.2957     63.349    0.00071    6.78098    6.79180      8.538    -0.0529   12.16703   3.530467 7.5384e-14    27.5362    27.5304 1.0000e-12    456.000          1      26437    1485.13 1.3265e+03  55666.942   1101.479 1531998150       0.04     -0.764   39.49285  -72.31218    35.2599  1029.6187    27.5405     6.6654 0.0000e+00
    451.041     6.7242    35.0897  1029.6069     2.4437     4.2794     63.249    0.00006    6.76596    6.77654      8.538    -0.0644   12.14224   3.531996 7.6000e-14    27.5334    27.5276 1.0000e-12    455.000          1      26483    1485.18 1.3158e+03  55660.283   1103.430 1531998152       0.07     -0.490   39.49284  -72.31218    35.2609  1029.6126    27.5391     6.6816 0.0000e+00
    450.049     6.8252    35.0865  1029.5850     2.4362     4.2244     62.484   -0.00428    6.76077    6.77126      8.538    -0.0520   12.13364   3.541594 7.5820e-14    27.5171    27.5113 1.0000e-12    454.000          1      26521    1485.55 1.3189e+03  55624.550   1105.018 1531998153      -0.12     -0.614   39.49284  -72.31218    35.2645  1029.5960    27.5282     6.7823 0.0000e+00
    449.055     6.8744    35.0908  1029.5766     2.4288     4.1954     62.128   -0.00489    6.75280    6.76317 -9.990e-29    -0.0535   12.12042   3.546160 7.6546e-14    27.5138    27.5079 1.0000e-12    453.000          1      26559    1485.73 1.3064e+03  55615.698   1106.596 1531998155       0.07     -0.650   39.49284  -72.31218    35.2652  1029.5848    27.5220     6.8315 0.0000e+00
    448.074     6.9314    35.0944  1029.5664     2.4222     4.1875     62.042   -0.00334    6.74949    6.75981 -9.990e-29    -0.0715   12.11492   3.551872 7.5642e-14    27.5087    27.5028 1.0000e-12    452.000          1      26606    1485.94 1.3221e+03  55602.923   1108.525 1531998157      -0.04     -0.480   39.49284  -72.31218    35.2707  1029.5761    27.5185     6.8883 0.0000e+00
    447.076     6.9674    35.0980  1029.5594     2.4190     4.1819     61.974   -0.00284    6.74789    6.75818      8.538    -0.0561   12.11227   3.555269 7.5411e-14    27.5066    27.5007 1.0000e-12    451.000          1      26636    1486.07 1.3261e+03  55596.952   1109.797 1531998158      -0.21     -0.718   39.49284  -72.31218    35.2720  1029.5672    27.5145     6.9243 0.0000e+00
    446.085     6.9823    35.1010  1029.5549     2.4168     4.1856     62.034   -0.00146    6.74724    6.75752      8.537    -0.0523   12.11118   3.556816 7.6205e-14    27.5069    27.5009 1.0000e-12    450.000          1      26678    1486.11 1.3123e+03  55596.089   1111.524 1531998160       0.18     -0.613   39.49284  -72.31218    35.2744  1029.5623    27.5143     6.9392 0.0000e+00
    445.103     6.9910    35.1043  1029.5517     2.4153     4.1854     62.059   -0.00059    6.74423    6.75446      8.536    -0.0520   12.10621   3.557747 7.6144e-14    27.5083    27.5023 1.0000e-12    449.000          1      26730    1486.14 1.3133e+03  55597.504   1113.727 1531998162      -0.24     -0.401   39.49283  -72.31218    35.2762  1029.5579    27.5145     6.9480 0.0000e+00
    444.103     6.9957    35.1041  1029.5463     2.4142     4.1803     62.000   -0.00074    6.74250    6.75270      8.536    -0.0520   12.10334   3.558114 7.6014e-14    27.5075    27.5015 1.0000e-12    448.000          1      26761    1486.14 1.3155e+03  55595.226   1115.012 1531998163      -0.10     -0.732   39.49282  -72.31218    35.2760  1029.5525    27.5137     6.9528 0.0000e+00
