CalculateIndicators/WaterTemperature/Data/CTD_NYOS/NY1807C10.cnv
* Sea-Bird SBE 9 Data File:
* FileName = C:\Seabird 9 CTD\Data\2018\OffshoreCruise201807\NY1807C10.hex
* Software Version Seasave V 7.23.2
* Temperature SN = 4590
* Conductivity SN = 3228
* Number of Bytes Per Scan = 44
* Number of Voltage Words = 5
* Number of Scans Averaged by the Deck Unit = 1
* NMEA Latitude = 40 01.22 N
* NMEA Longitude = 072 30.29 W
* NMEA UTC (Time) = Jul 16 2018  20:32:19
* NMEA baud rate = 4800
** Ship: RV Seawolf
** Station: NY1807C10
** Operator: ajb
# nquan = 35
# nvalues = 116                         
# units = specified
# name 0 = depSM: Depth [salt water, m]
# name 1 = t090C: Temperature [ITS-90, deg C]
# name 2 = sal00: Salinity, Practical [PSU]
# name 3 = density00: Density [density, kg/m^3]
# name 4 = sbeox0V: Oxygen raw, SBE 43 [V]
# name 5 = sbeox0ML/L: Oxygen, SBE 43 [ml/l]
# name 6 = sbeox0PS: Oxygen, SBE 43 [% saturation]
# name 7 = sbox0dV/dT: Oxygen, SBE 43 [dov/dt]
# name 8 = oxsolML/L: Oxygen Saturation, Garcia & Gordon [ml/l]
# name 9 = oxsatML/L: Oxygen Saturation, Weiss [ml/l]
# name 10 = ph: pH
# name 11 = flECO-AFL: Fluorescence, WET Labs ECO-AFL/FL [mg/m^3]
# name 12 = n2satML/L: Nitrogen Saturation [ml/l]
# name 13 = c0S/m: Conductivity [S/m]
# name 14 = cpar: CPAR/Corrected Irradiance [%]
# name 15 = sigma-é00: Density [sigma-theta, kg/m^3]
# name 16 = sigma-t00: Density [sigma-t, kg/m^3 ]
# name 17 = par: PAR/Irradiance, Biospherical/Licor
# name 18 = prDM: Pressure, Digiquartz [db]
# name 19 = pumps: Pump Status
# name 20 = scan: Scan Count
# name 21 = svCM: Sound Velocity [Chen-Millero, m/s]
# name 22 = spar: SPAR, Biospherical/Licor
# name 23 = specc: Specific Conductance [uS/cm]
# name 24 = timeS: Time, Elapsed [seconds]
# name 25 = timeY: Time, System [seconds]
# name 26 = accM: Acceleration [m/s^2]
# name 27 = dz/dtM: Descent Rate [m/s]
# name 28 = latitude: Latitude [deg]
# name 29 = longitude: Longitude [deg]
# name 30 = gsw_saA0: Absolute Salinity [g/kg]
# name 31 = gsw_densityA0: density, TEOS-10 [density, kg/m^3]
# name 32 = gsw_sigma0A0: density, TEOS-10 [sigma-0, kg/m^3 ]
# name 33 = gsw_ptA0: potential temperature [ITS-90, deg C]
# name 34 = flag: flag
# span 0 =      0.945,     58.546       
# span 1 =     7.5684,    23.5551       
# span 2 =    32.6551,    33.2120       
# span 3 =  1022.0108,  1026.0149       
# span 4 =     3.0839,     4.2675       
# span 5 =     5.4514,     7.2172       
# span 6 =     82.544,    123.828       
# span 7 =   -0.03445,    0.25336       
# span 8 =    4.92256,    6.75307       
# span 9 =    4.91071,    6.76086       
# span 10 =      8.579,      8.920      
# span 11 =     0.0475,     2.6984      
# span 12 =    9.11351,   12.14682      
# span 13 =   3.396580,   4.849994      
# span 14 = -8.550e-08, 1.4254e+02      
# span 15 =    22.0040,    25.7466      
# span 16 =    22.0039,    25.7459      
# span 17 = -5.017e-07, 1.1766e+03      
# span 18 =      1.000,     59.000      
# span 19 =          1,          1      
# span 20 =        467,      22791      
# span 21 =    1479.20,    1528.35      
# span 22 = 5.4866e+02, 2.0161e+03      
# span 23 =  49917.525,  52143.114      
# span 24 =     19.412,    949.566      
# span 25 = 1531773161, 1531774092      
# span 26 =      -0.71,       0.30      
# span 27 =     -0.472,      0.436      
# span 28 =   40.02050,   40.02236      
# span 29 =  -72.50501,  -72.50436      
# span 30 =    32.8181,    33.3802      
# span 31 =  1022.0129,  1026.0180      
# span 32 =    22.0086,    25.7488      
# span 33 =     7.5630,    23.5546      
# span 34 = 0.0000e+00, 0.0000e+00      
# interval = decibars: 1                
# start_time = Jul 16 2018 20:32:22 [System UTC, first data scan.]
# bad_flag = -9.990e-29
*END*
[from data line 42]
     43.656     7.6136    32.9792  1025.9442     3.0991     5.5991     82.998   -0.00015    6.74607    6.75377      8.629     0.0591   12.13521   3.400299 1.9365e-02    25.7430    25.7424 3.9614e-01     44.000          1       4807    1479.22 1.9611e+03  52127.811    200.243 1531773342       0.08      0.353   40.02086  -72.50494    33.1351  1025.9463    25.7451     7.6095 0.0000e+00
     44.655     7.6134    32.9788  1025.9486     3.0970     5.5903     82.867   -0.00086    6.74607    6.75376      8.626     0.0755   12.13522   3.400311 2.3876e-02    25.7428    25.7422 3.4298e-01     45.000          1       4899    1479.24 1.5081e+03  52128.097    204.088 1531773346       0.21      0.360   40.02088  -72.50494    33.1350  1025.9508    25.7451     7.6092 0.0000e+00
     45.643     7.6133    32.9787  1025.9530     3.0959     5.5921     82.892   -0.00031    6.74620    6.75390      8.623     0.0728   12.13544   3.400347 1.5964e-02    25.7427    25.7421 3.0330e-01     46.000          1       4993    1479.25 1.9064e+03  52128.534    207.998 1531773350      -0.05      0.325   40.02088  -72.50494    33.1350  1025.9554    25.7451     7.6090 0.0000e+00
     46.633     7.6128    32.9786  1025.9576     3.0965     5.5995     83.002    0.00049    6.74631    6.75401      8.620     0.0740   12.13562   3.400348 1.4817e-02    25.7428    25.7421 2.4365e-01     47.000          1       5104    1479.26 1.7564e+03  52129.259    212.621 1531773354       0.00      0.186   40.02088  -72.50492    33.1350  1025.9601    25.7452     7.6084 0.0000e+00
     47.629     7.6123    32.9783  1025.9620     3.0963     5.5940     82.919   -0.00039    6.74634    6.75404 -9.990e-29     0.0731   12.13567   3.400301 2.1602e-02    25.7426    25.7419 2.0242e-01     48.000          1       5176    1479.28 1.1238e+03  52129.617    215.645 1531773357      -0.03      0.375   40.02090  -72.50492    33.1346  1025.9644    25.7450     7.6077 0.0000e+00
     48.618     7.6121    32.9781  1025.9665     3.0947     5.5901     82.859   -0.00055    6.74659    6.75429 -9.990e-29     0.0701   12.13609   3.400321 8.7635e-03    25.7425    25.7418 1.6986e-01     49.000          1       5290    1479.29 1.8889e+03  52130.042    220.384 1531773362       0.11      0.146   40.02090  -72.50492    33.1345  1025.9690    25.7449     7.6074 0.0000e+00
     49.608     7.6104    32.9779  1025.9712     3.0956     5.6020     83.028    0.00075    6.74712    6.75483 -9.990e-29     0.0733   12.13696   3.400199 2.1253e-02    25.7426    25.7419 1.2654e-01     50.000          1       5390    1479.30 5.4866e+02  52130.909    224.525 1531773366       0.04      0.320   40.02090  -72.50492    33.1343  1025.9736    25.7450     7.6057 0.0000e+00
     50.604     7.6056    32.9777  1025.9762     3.0943     5.5936     82.895   -0.00023    6.74779    6.75551 -9.990e-29     0.0694   12.13807   3.399782 1.0252e-02    25.7431    25.7424 1.0936e-01     51.000          1       5471    1479.30 1.4333e+03  52132.357    227.904 1531773370       0.04      0.265   40.02092  -72.50492    33.1339  1025.9786    25.7454     7.6008 0.0000e+00
     51.595     7.6037    32.9774  1025.9809     3.0934     5.5927     82.880   -0.00014    6.74797    6.75570      8.607     0.0703   12.13837   3.399657 1.1371e-02    25.7432    25.7425 8.4692e-02     52.000          1       5614    1479.31 8.9483e+02  52133.205    233.874 1531773376       0.06      0.180   40.02092  -72.50490    33.1339  1025.9834    25.7456     7.5988 0.0000e+00
     52.590     7.5955    32.9771  1025.9865     3.0900     5.5823     82.709   -0.00082    6.74930    6.75705      8.605     0.0625   12.14058   3.398922 7.5204e-03    25.7441    25.7434 6.3445e-02     53.000          1       5807    1479.29 1.1250e+03  52135.467    241.920 1531773384       0.12      0.210   40.02094  -72.50490    33.1333  1025.9887    25.7464     7.5905 0.0000e+00
     53.581     7.5900    32.9768  1025.9916     3.0894     5.5862     82.762   -0.00014    6.74969    6.75744      8.602     0.0545   12.14122   3.398470 6.2788e-03    25.7446    25.7439 4.2500e-02     54.000          1       6006    1479.29 7.3170e+02  52137.075    250.191 1531773392       0.13      0.205   40.02095  -72.50489    33.1331  1025.9939    25.7470     7.5850 0.0000e+00
     54.570     7.5905    32.9767  1025.9960     3.0917     5.5952     82.892    0.00026    6.74995    6.75770      8.600     0.0756   12.14166   3.398565 4.7121e-03    25.7445    25.7438 2.7828e-02     55.000          1       6224    1479.31 5.8407e+02  52137.475    259.273 1531773401       0.09      0.094   40.02097  -72.50487    33.1332  1025.9985    25.7470     7.5854 0.0000e+00
     55.563     7.5824    32.9765  1026.0015     3.0909     5.5932     82.843    0.00009    6.75158    6.75936      8.598     0.0664   12.14435   3.397851 1.9800e-03    25.7455    25.7447 1.1854e-02     56.000          1       6387    1479.29 5.9778e+02  52139.791    266.083 1531773408       0.02      0.161   40.02098  -72.50486    33.1328  1026.0039    25.7479     7.5771 0.0000e+00
     56.559     7.5770    32.9761  1026.0066     3.0888     5.5850     82.709   -0.00079    6.75255    6.76034      8.594     0.0565   12.14596   3.397366 1.1336e-04    25.7460    25.7452 6.7317e-04     57.000          1       6515    1479.29 5.9357e+02  52141.277    271.397 1531773413       0.30      0.275   40.02100  -72.50486    33.1322  1026.0088    25.7482     7.5716 0.0000e+00
     57.551     7.5684    32.9754  1026.0119     3.0839     5.5743     82.544   -0.00085    6.75307    6.76086      8.593     0.0475   12.14682   3.396580 -8.550e-08    25.7466    25.7459 -5.017e-07     58.000          1       6662    1479.27 6.0539e+02  52143.114    277.527 1531773419       0.20      0.251   40.02100  -72.50486    33.1314  1026.0140    25.7488     7.5630 0.0000e+00
     58.546     7.5755    32.9747  1026.0149     3.0856     5.5838     82.707    0.00022    6.75124    6.75901      8.585     0.0782   12.14379   3.397299 1.6596e-13    25.7451    25.7443 1.0000e-12     59.000          1       7158    1479.31 6.0227e+02  52141.021    298.211 1531773440      -0.22      0.193   40.02104  -72.50484    33.1319  1026.0180    25.7482     7.5700 0.0000e+00
     57.545     7.5763    32.9752  1026.0106     3.0852     5.5840     82.712    0.00050    6.75121    6.75898      8.587     0.0804   12.14375   3.397317 7.3786e-07    25.7453    25.7446 9.6208e-06     58.000          1       7918    1479.30 1.0280e+03  52140.840    329.879 1531773472      -0.17     -0.298   40.02111  -72.50482    33.1319  1026.0132    25.7480     7.5708 0.0000e+00
     56.555     7.5787    32.9751  1026.0055     3.0852     5.5822     82.684    0.00037    6.75125    6.75902 -9.990e-29     0.0649   12.14382   3.397483 1.1226e-04    25.7449    25.7442 2.1382e-03     57.000          1       8553    1479.29 1.6513e+03  52139.412    356.325 1531773498       0.02     -0.223   40.02117  -72.50480    33.1318  1026.0082    25.7476     7.5734 0.0000e+00
     55.564     7.5840    32.9751  1026.0002     3.0874     5.5866     82.759    0.00049    6.75042    6.75817 -9.990e-29     0.0603   12.14244   3.397912 9.1446e-04    25.7441    25.7434 1.3816e-02     56.000          1       8668    1479.30 1.5770e+03  52137.409    361.119 1531773503       0.01     -0.207   40.02118  -72.50478    33.1319  1026.0030    25.7469     7.5787 0.0000e+00
     54.571     7.5863    32.9755  1025.9956     3.0884     5.5856     82.744    0.00004    6.75040    6.75816 -9.990e-29     0.0692   12.14242   3.398091 1.3713e-03    25.7441    25.7434 2.4140e-02     55.000          1       8771    1479.29 1.7730e+03  52136.728    365.404 1531773507      -0.02     -0.232   40.02118  -72.50478    33.1321  1025.9982    25.7468     7.5811 0.0000e+00
     53.577     7.5867    32.9756  1025.9911     3.0888     5.5869     82.767    0.00021    6.75019    6.75794 -9.990e-29     0.0707   12.14206   3.398099 2.7892e-03    25.7442    25.7434 4.1089e-02     54.000          1       8870    1479.28 1.4908e+03  52136.172    369.526 1531773511      -0.21     -0.296   40.02120  -72.50478    33.1323  1025.9937    25.7468     7.5816 0.0000e+00
     52.585     7.5893    32.9755  1025.9860     3.0903     5.5877     82.783   -0.00005    6.74984    6.75759 -9.990e-29     0.0825   12.14149   3.398275 3.5965e-03    25.7437    25.7430 6.2281e-02     53.000          1       8972    1479.27 1.7474e+03  52134.627    373.774 1531773515       0.01     -0.354   40.02120  -72.50478    33.1322  1025.9887    25.7464     7.5843 0.0000e+00
     51.596     7.5878    32.9755  1025.9817     3.0897     5.5864     82.766    0.00013    6.74970    6.75744      8.580     0.0703   12.14125   3.398071 4.1984e-03    25.7439    25.7432 8.0324e-02     52.000          1       9099    1479.25 1.9128e+03  52134.338    379.092 1531773521      -0.00     -0.157   40.02121  -72.50476    33.1319  1025.9841    25.7463     7.5829 0.0000e+00
     50.602     7.5951    32.9751  1025.9758     3.0916     5.5903     82.848    0.00042    6.74768    6.75539 -9.990e-29     0.0710   12.13792   3.398681 5.5498e-03    25.7426    25.7419 1.0571e-01     51.000          1       9195    1479.26 1.9051e+03  52131.390    383.082 1531773525      -0.01     -0.261   40.02122  -72.50476    33.1320  1025.9786    25.7454     7.5903 0.0000e+00
     49.611     7.6057    32.9752  1025.9697     3.0920     5.5877     82.815    0.00003    6.74717    6.75488 -9.990e-29     0.0738   12.13708   3.399571 6.7995e-03    25.7411    25.7404 1.2865e-01     50.000          1       9318    1479.29 1.8923e+03  52128.166    388.193 1531773530      -0.01     -0.189   40.02124  -72.50476    33.1320  1025.9725    25.7439     7.6010 0.0000e+00
     48.619     7.6085    32.9756  1025.9651     3.0956     5.6039     83.063    0.00145    6.74657    6.75427 -9.990e-29     0.0717   12.13608   3.399813 8.2379e-03    25.7410    25.7404 1.5694e-01     49.000          1       9420    1479.28 1.9044e+03  52127.428    392.476 1531773534      -0.18     -0.298   40.02124  -72.50476    33.1325  1025.9679    25.7438     7.6038 0.0000e+00
     47.626     7.6122    32.9756  1025.9600     3.0969     5.6013     83.028    0.00071    6.74631    6.75401 -9.990e-29     0.0883   12.13565   3.400089 9.9554e-03    25.7405    25.7399 1.8726e-01     48.000          1       9540    1479.27 1.8824e+03  52125.841    397.442 1531773539      -0.03     -0.215   40.02126  -72.50476    33.1323  1025.9627    25.7432     7.6077 0.0000e+00
     46.634     7.6134    32.9754  1025.9550     3.0933     5.5772     82.672   -0.00166    6.74624    6.75393 -9.990e-29     0.0688   12.13554   3.400118 1.1876e-02    25.7401    25.7395 2.2600e-01     47.000          1       9644    1479.26 1.9033e+03  52124.494    401.784 1531773544      -0.08     -0.254   40.02126  -72.50475    33.1320  1025.9576    25.7427     7.6090 0.0000e+00
     45.640     7.6149    32.9752  1025.9501     3.0952     5.5960     82.954    0.00071    6.74592    6.75360      8.581     0.0638   12.13501   3.400190 1.4923e-02    25.7398    25.7392 2.7298e-01     46.000          1       9813    1479.25 1.8449e+03  52123.236    408.822 1531773551      -0.19     -0.316   40.02127  -72.50474    33.1318  1025.9527    25.7424     7.6105 0.0000e+00
     44.650     7.6220    32.9752  1025.9445     3.0953     5.5922     82.911    0.00040    6.74485    6.75253      8.579     0.0682   12.13325   3.400765 2.1583e-02    25.7387    25.7381 3.3106e-01     45.000          1      11446    1479.26 1.5616e+03  52120.788    476.857 1531773619      -0.08     -0.229   40.02141  -72.50469    33.1317  1025.9470    25.7413     7.6178 0.0000e+00
     43.658     7.6241    32.9751  1025.9395     3.0973     5.5930     82.929   -0.00007    6.74441    6.75208      8.579     0.0708   12.13253   3.400893 2.2632e-02    25.7384    25.7378 3.7906e-01     44.000          1      11734    1479.25 1.7091e+03  52119.478    488.864 1531773631      -0.05     -0.193   40.02144  -72.50468    33.1316  1025.9421    25.7409     7.6199 0.0000e+00
     42.667     7.6266    32.9749  1025.9345     3.0969     5.5908     82.902   -0.00009    6.74387    6.75153      8.580     0.0860   12.13163   3.401065 2.7459e-02    25.7379    25.7373 4.4704e-01     43.000          1      11873    1479.25 1.6607e+03  52117.923    494.657 1531773636      -0.02     -0.154   40.02145  -72.50468    33.1315  1025.9371    25.7405     7.6226 0.0000e+00
     41.674     7.6309    32.9747  1025.9291     3.0995     5.5956     82.978    0.00038    6.74345    6.75110      8.580     0.0952   12.13093   3.401381 2.7945e-02    25.7371    25.7365 5.1349e-01     42.000          1      12001    1479.25 1.8471e+03  52115.906    499.998 1531773642      -0.03     -0.184   40.02146  -72.50467    33.1313  1025.9317    25.7397     7.6269 0.0000e+00
     40.681     7.6330    32.9747  1025.9242     3.0991     5.5941     82.956   -0.00009    6.74340    6.75105      8.580     0.0857   12.13086   3.401516 3.5340e-02    25.7367    25.7362 5.9814e-01     41.000          1      12127    1479.24 1.7184e+03  52114.627    505.254 1531773647      -0.12     -0.316   40.02147  -72.50466    33.1313  1025.9268    25.7394     7.6291 0.0000e+00
     39.688     7.6479    32.9741  1025.9170     3.1027     5.6064     83.223    0.00157    6.73654    6.74409      8.582     0.0907   12.11953   3.402818 3.8729e-02    25.7341    25.7336 6.8617e-01     40.000          1      12261    1479.28 1.7954e+03  52109.389    510.849 1531773653      -0.07     -0.218   40.02148  -72.50466    33.1316  1025.9203    25.7375     7.6441 0.0000e+00
     38.700     7.7273    32.9715  1025.8990     3.1199     5.6528     84.103    0.00483    6.72132    6.72863      8.590     0.1492   12.09445   3.409747 4.9512e-02    25.7208    25.7203 7.9353e-01     39.000          1      12417    1479.56 1.6417e+03  52085.543    517.320 1531773659      -0.13     -0.160   40.02150  -72.50466    33.1313  1025.9042    25.7260     7.7236 0.0000e+00
     37.702     7.7820    32.9671  1025.8831     3.1451     5.7129     85.043    0.00547    6.71765    6.72490      8.597     0.1977   12.08844   3.414069 5.5686e-02    25.7095    25.7090 9.0268e-01     38.000          1      12521    1479.75 1.7387e+03  52065.334    521.665 1531773663      -0.11     -0.309   40.02150  -72.50466    33.1263  1025.8879    25.7143     7.7784 0.0000e+00
     36.711     7.8416    32.9543  1025.8598     3.1742     5.7697     86.111    0.00627    6.70040    6.70738      8.603     0.2733   12.06005   3.418186 1.4238e-01    25.6909    25.6904 1.0555e+00     37.000          1      12658    1479.94 9.6922e+02  52031.925    527.382 1531773669      -0.10     -0.324   40.02151  -72.50466    33.1145  1025.8655    25.6965     7.8381 0.0000e+00
     35.721     8.1058    32.9533  1025.8158     3.2255     5.8746     88.386    0.01217    6.64676    6.65296      8.619     0.3692   11.97135   3.442257 9.4026e-02    25.6516    25.6511 1.2061e+00     36.000          1      12806    1480.93 1.5055e+03  51967.358    533.556 1531773675      -0.03     -0.172   40.02152  -72.50466    33.1227  1025.8287    25.6645     8.1023 0.0000e+00
     34.728     8.4042    32.9631  1025.7745     3.2908     5.9946     90.670    0.01255    6.61140    6.61709      8.631     0.4014   11.91268   3.469633 1.9324e-01    25.6151    25.6146 1.4312e+00     35.000          1      12930    1482.05 8.8442e+02  51911.385    538.692 1531773680      -0.09     -0.220   40.02154  -72.50466    33.1332  1025.7881    25.6287     8.4007 0.0000e+00
