CalculateIndicators/WaterTemperature/Data/CTD_NYOS/NY1807C20.cnv
* Sea-Bird SBE 9 Data File:
* FileName = C:\Seabird 9 CTD\Data\2018\OffshoreCruise201807\NY1807C20.hex
* Software Version Seasave V 7.23.2
* Temperature SN = 4590
* Conductivity SN = 3228
* Number of Bytes Per Scan = 44
* Number of Voltage Words = 5
* Number of Scans Averaged by the Deck Unit = 1
* NMEA Latitude = 38 43.92 N
* NMEA Longitude = 073 04.40 W
* NMEA UTC (Time) = Jul 18 2018  13:40:37
* NMEA baud rate = 4800
** Ship: RV Seawolf
** Station: NY1807C20
** Operator: AJB
# nquan = 35
# nvalues = 308                         
# units = specified
# name 0 = depSM: Depth [salt water, m]
# name 1 = t090C: Temperature [ITS-90, deg C]
# name 2 = sal00: Salinity, Practical [PSU]
# name 3 = density00: Density [density, kg/m^3]
# name 4 = sbeox0V: Oxygen raw, SBE 43 [V]
# name 5 = sbeox0ML/L: Oxygen, SBE 43 [ml/l]
# name 6 = sbeox0PS: Oxygen, SBE 43 [% saturation]
# name 7 = sbox0dV/dT: Oxygen, SBE 43 [dov/dt]
# name 8 = oxsolML/L: Oxygen Saturation, Garcia & Gordon [ml/l]
# name 9 = oxsatML/L: Oxygen Saturation, Weiss [ml/l]
# name 10 = ph: pH
# name 11 = flECO-AFL: Fluorescence, WET Labs ECO-AFL/FL [mg/m^3]
# name 12 = n2satML/L: Nitrogen Saturation [ml/l]
# name 13 = c0S/m: Conductivity [S/m]
# name 14 = cpar: CPAR/Corrected Irradiance [%]
# name 15 = sigma-é00: Density [sigma-theta, kg/m^3]
# name 16 = sigma-t00: Density [sigma-t, kg/m^3 ]
# name 17 = par: PAR/Irradiance, Biospherical/Licor
# name 18 = prDM: Pressure, Digiquartz [db]
# name 19 = pumps: Pump Status
# name 20 = scan: Scan Count
# name 21 = svCM: Sound Velocity [Chen-Millero, m/s]
# name 22 = spar: SPAR, Biospherical/Licor
# name 23 = specc: Specific Conductance [uS/cm]
# name 24 = timeS: Time, Elapsed [seconds]
# name 25 = timeY: Time, System [seconds]
# name 26 = accM: Acceleration [m/s^2]
# name 27 = dz/dtM: Descent Rate [m/s]
# name 28 = latitude: Latitude [deg]
# name 29 = longitude: Longitude [deg]
# name 30 = gsw_saA0: Absolute Salinity [g/kg]
# name 31 = gsw_densityA0: density, TEOS-10 [density, kg/m^3]
# name 32 = gsw_sigma0A0: density, TEOS-10 [sigma-0, kg/m^3 ]
# name 33 = gsw_ptA0: potential temperature [ITS-90, deg C]
# name 34 = flag: flag
# span 0 =      0.974,    153.787       
# span 1 =     9.4582,    24.2230       
# span 2 =    32.0021,    35.5403       
# span 3 =  1021.3234,  1027.5378       
# span 4 =     2.9523,     4.3332       
# span 5 =     4.6628,     7.0854       
# span 6 =     78.611,    126.414       
# span 7 =   -0.06485,    0.09443       
# span 8 =    4.88416,    6.46835       
# span 9 =    4.87205,    6.47250       
# span 10 =      8.716,      8.983      
# span 11 =    -0.0874,     1.1673      
# span 12 =    9.05583,   11.67019      
# span 13 =   3.612831,   4.887001      
# span 14 = -1.875e-06, 1.2777e+02      
# span 15 =    21.3173,    26.8502      
# span 16 =    21.3171,    26.8460      
# span 17 = -1.400e-06, 1.4947e+03      
# span 18 =      1.000,    155.000      
# span 19 =          1,          1      
# span 20 =       1652,      38773      
# span 21 =    1486.73,    1529.30      
# span 22 = 7.4174e+02, 2.3965e+03      
# span 23 =  49010.949,  54752.033      
# span 24 =     68.785,   1615.499      
# span 25 = 1531921311, 1531922857      
# span 26 =      -0.90,       0.73      
# span 27 =     -1.331,      1.060      
# span 28 =   38.72718,   38.73180      
# span 29 =  -73.07671,  -73.07373      
# span 30 =    32.1537,    35.7088      
# span 31 =  1021.3283,  1027.5420      
# span 32 =    21.3213,    26.8547      
# span 33 =     9.4536,    24.2228      
# span 34 = 0.0000e+00, 0.0000e+00      
# interval = decibars: 1                
# start_time = Jul 18 2018 13:40:42 [System UTC, first data scan.]
# bad_flag = -9.990e-29
*END*
[from data line 42]
     43.668     9.9258    33.6347  1026.0978     3.4272     5.9850     94.470    0.00177    6.33533    6.33786      8.788     0.6410   11.44701   3.669770 1.1214e-01    25.8992    25.8983 2.1736e+00     44.000          1       4873    1488.62 1.9384e+03  52543.138    202.989 1531921445       0.09      0.582   38.73144  -73.07418    33.7870  1026.0957    25.8970     9.9208 0.0000e+00
     44.655    10.2211    33.7451  1026.1382     3.4323     5.9790     94.584    0.00091    6.32137    6.32374      8.791     0.5944   11.42357   3.709514 1.0510e-01    25.9353    25.9344 1.9181e+00     45.000          1       4982    1489.84 1.8290e+03  52641.407    207.534 1531921449       0.04      0.222   38.73143  -73.07420    33.9159  1026.1501    25.9473    10.2159 0.0000e+00
     45.645    10.3378    33.7801  1026.1498     3.4617     5.9991     96.613    0.01382    6.20930    6.21033      8.793     0.5381   11.23572   3.724207 8.5672e-02    25.9426    25.9417 1.6516e+00     46.000          1       5078    1490.31 1.9287e+03  52668.184    211.542 1531921453       0.08      0.261   38.73142  -73.07420    33.9558  1026.1657    25.9585    10.3324 0.0000e+00
     46.641    11.0690    33.9732  1026.1739     3.5014     6.0625     97.788    0.01111    6.19960    6.20051      8.811     0.5299   11.21957   3.814040 7.7658e-02    25.9630    25.9620 1.5233e+00     47.000          1       5145    1493.15 1.9615e+03  52806.809    214.326 1531921456       0.03      0.320   38.73140  -73.07422    34.1782  1026.2134    26.0025    11.0633 0.0000e+00
     47.636    11.2484    34.0249  1026.1876     3.5574     6.1011    100.394    0.02064    6.07894    6.07846      8.817     0.4979   11.01711   3.835210 6.6032e-02    25.9724    25.9713 1.2985e+00     48.000          1       5257    1493.85 1.9666e+03  52848.909    218.986 1531921461       0.32      0.381   38.73140  -73.07422    34.2213  1026.2186    26.0034    11.2425 0.0000e+00
     48.628    12.1952    34.2837  1026.2146     3.6072     6.1507    101.857    0.01683    6.03884    6.03791      8.823     0.5023   10.94961   3.952909 5.9737e-02    25.9960    25.9947 1.1834e+00     49.000          1       5326    1497.44 1.9816e+03  53055.913    221.890 1531921464      -0.06      0.480   38.73138  -73.07423    34.5017  1026.2618    26.0431    12.1888 0.0000e+00
     49.613    12.0480    34.3136  1026.2706     3.5516     5.9650     96.696   -0.02572    6.16879    6.16946      8.821     0.3638   11.16618   3.933925 5.2233e-02    26.0474    26.0462 1.0261e+00     50.000          1       5450    1496.99 1.9638e+03  53121.116    227.023 1531921469       0.14      0.094   38.73136  -73.07424    34.4522  1026.2563    26.0331    12.0416 0.0000e+00
     50.609    11.1794    34.1792  1026.3337     3.4703     5.8560     94.254   -0.02036    6.21295    6.21417      8.794     0.3092   11.23974   3.838511 4.6534e-02    26.1051    26.1039 8.8724e-01     51.000          1       5534    1493.85 1.9154e+03  53077.403    230.541 1531921472       0.07      0.306   38.73136  -73.07424    34.3175  1026.3192    26.0906    11.1731 0.0000e+00
     51.602    11.0102    34.1679  1026.3602     3.4359     5.8405     94.057   -0.00779    6.20947    6.21068      8.785     0.2718   11.23352   3.822948 4.1966e-02    26.1268    26.1257 7.9268e-01     52.000          1       5623    1493.26 1.8984e+03  53091.876    234.245 1531921476       0.12      0.280   38.73134  -73.07425    34.3195  1026.3560    26.1227    11.0039 0.0000e+00
     52.592    11.0058    34.2116  1026.3994     3.4179     5.8240     93.789   -0.00342    6.20971    6.21095      8.783     0.2284   11.23368   3.827542 3.8158e-02    26.1616    26.1605 7.1686e-01     53.000          1       5726    1493.32 1.8868e+03  53154.156    238.552 1531921480       0.14      0.245   38.73133  -73.07426    34.3692  1026.3997    26.1620    10.9994 0.0000e+00
     53.588    10.9985    34.2214  1026.4129     3.4034     5.7870     93.130   -0.00540    6.21397    6.21526      8.781     0.2173   11.24073   3.827808 3.3089e-02    26.1706    26.1694 6.1543e-01     54.000          1       5802    1493.32 1.8705e+03  53169.708    241.726 1531921484       0.15      0.346   38.73132  -73.07428    34.3783  1026.4126    26.1703    10.9919 0.0000e+00
     54.579    10.9622    34.2165  1026.4202     3.3834     5.7484     92.356   -0.00647    6.22431    6.22574      8.772     0.1881   11.25796   3.824008 2.9834e-02    26.1734    26.1722 5.4174e-01     55.000          1       5914    1493.20 1.8456e+03  53169.948    246.383 1531921488       0.45      0.235   38.73131  -73.07428    34.3738  1026.4202    26.1734    10.9555 0.0000e+00
     55.578    10.8227    34.2056  1026.4413     3.3572     5.6557     90.784   -0.01465    6.22988    6.23138      8.768     0.1728   11.26721   3.808868 2.9038e-02    26.1898    26.1886 4.4200e-01     56.000          1       5976    1492.71 1.5565e+03  53180.417    248.938 1531921491       0.39      0.723   38.73130  -73.07428    34.3523  1026.4330    26.1816    10.8159 0.0000e+00
     56.573    10.7096    34.2009  1026.4623     3.3267     5.6317     89.888   -0.01258    6.26554    6.26752      8.763     0.1640   11.32635   3.797685 3.5035e-02    26.2062    26.2050 3.7395e-01     57.000          1       6091    1492.33 1.2261e+03  53194.924    253.748 1531921496       0.10      0.803   38.73129  -73.07429    34.3455  1026.4525    26.1963    10.7028 0.0000e+00
     57.550    10.4567    34.1833  1026.4978     3.3147     5.6467     91.093    0.00751    6.19887    6.20005      8.756     0.1089   11.21449   3.773407 2.4955e-02    26.2369    26.2357 3.7667e-01     58.000          1       6255    1491.42 1.5786e+03  53217.995    260.578 1531921502       0.08      0.271   38.73126  -73.07431    34.3379  1026.4956    26.2348    10.4499 0.0000e+00
     58.557    10.9296    34.3172  1026.5222     3.3703     5.8802     95.022    0.03245    6.18841    6.18948      8.755     0.1077   11.19675   3.836303 2.5223e-02    26.2574    26.2561 3.1339e-01     59.000          1       6300    1493.27 1.4295e+03  53319.302    262.456 1531921504       0.25      0.656   38.73126  -73.07432    34.5252  1026.5610    26.2963    10.9225 0.0000e+00
     59.540    11.6059    34.5078  1026.5503     3.5108     6.0385     99.824    0.03252    6.04936    6.04882      8.785     0.0971   10.96334   3.919336 3.4321e-02    26.2820    26.2806 3.0144e-01     60.000          1       6419    1495.87 9.2143e+02  53468.161    267.433 1531921509       0.10      0.360   38.73124  -73.07432    34.7159  1026.5887    26.3205    11.5984 0.0000e+00
     60.534    12.2640    34.7158  1026.5913     3.5351     5.9021     97.834   -0.00513    6.03266    6.03195      8.789     0.0565   10.93501   4.002385 2.2957e-02    26.3194    26.3179 2.4992e-01     61.000          1       6516    1498.39 1.3157e+03  53649.250    271.465 1531921513       0.45      0.322   38.73123  -73.07432    34.9163  1026.6234    26.3515    12.2560 0.0000e+00
     61.533    12.3345    34.7593  1026.6155     3.5028     5.7911     95.816   -0.01684    6.04399    6.04341      8.789     0.0550   10.95395   4.012452 1.7349e-02    26.3393    26.3377 2.0860e-01     62.000          1       6584    1498.70 1.3288e+03  53699.857    274.275 1531921516       0.17      0.676   38.73122  -73.07432    34.9475  1026.6378    26.3617    12.3264 0.0000e+00
     62.512    12.3951    34.7928  1026.6341     3.4744     5.7306     95.666   -0.00593    5.99020    5.98904      8.783     0.0515   10.86305   4.020590 1.3383e-02    26.3536    26.3520 2.0243e-01     63.000          1       6725    1498.96 1.6688e+03  53737.453    280.166 1531921522       0.06      0.265   38.73122  -73.07434    34.9697  1026.6477    26.3671    12.3867 0.0000e+00
     63.510    12.4785    34.8554  1026.6708     3.4350     5.6255     93.791   -0.01257    5.99792    5.99686      8.778     0.0438   10.87592   4.035062 1.6870e-02    26.3859    26.3842 1.7479e-01     64.000          1       6799    1499.33 1.1479e+03  53811.822    283.231 1531921525       0.22      0.317   38.73120  -73.07434    35.0319  1026.6838    26.3990    12.4699 0.0000e+00
     64.501    12.4479    34.8614  1026.6859     3.4112     5.6163     93.458   -0.00598    6.00939    6.00847      8.773     0.0353   10.89501   4.031886 1.6296e-02    26.3965    26.3949 1.5678e-01     65.000          1       6892    1499.25 1.0514e+03  53825.419    287.120 1531921529       0.08      0.312   38.73119  -73.07434    35.0292  1026.6922    26.4028    12.4393 0.0000e+00
     65.489    12.3223    34.8471  1026.7039     3.3870     5.5864     92.701   -0.00500    6.02620    6.02549      8.766     0.0376   10.92302   4.017640 1.1805e-02    26.4099    26.4082 1.3534e-01     66.000          1       7006    1498.83 1.2426e+03  53825.660    291.870 1531921534       0.13      0.193   38.73118  -73.07436    35.0077  1026.7046    26.4107    12.3136 0.0000e+00
     66.489    12.2569    34.8386  1026.7146     3.3781     5.5753     92.499   -0.00359    6.02741    6.02672      8.765     0.0379   10.92503   4.010670 1.3100e-02    26.4160    26.4143 1.1308e-01     67.000          1       7076    1498.61 8.9751e+02  53824.657    294.786 1531921537       0.25      0.416   38.73116  -73.07437    35.0005  1026.7163    26.4178    12.2481 0.0000e+00
     67.478    12.2209    34.8357  1026.7238     3.3635     5.5510     91.946   -0.00434    6.03726    6.03670      8.762     0.0377   10.94122   4.006947 1.2370e-02    26.4207    26.4190 1.0833e-01     68.000          1       7172    1498.50 9.0900e+02  53826.929    298.799 1531921541      -0.00      0.377   38.73115  -73.07438    34.9975  1026.7254    26.4224    12.2120 0.0000e+00
     68.470    12.1448    34.8498  1026.7540     3.3366     5.4760     90.697   -0.00840    6.03766    6.03712      8.756     0.0317   10.94170   4.001240 1.1376e-02    26.4464    26.4446 9.3386e-02     69.000          1       7261    1498.28 8.2249e+02  53859.011    302.491 1531921544       0.07      0.308   38.73114  -73.07438    35.0126  1026.7563    26.4487    12.1358 0.0000e+00
     69.462    12.1510    34.8818  1026.7822     3.3053     5.3954     89.498   -0.01003    6.02849    6.02789      8.750     0.0112   10.92563   4.005432 9.5280e-03    26.4701    26.4684 7.6493e-02     70.000          1       7380    1498.35 8.0274e+02  53903.079    307.476 1531921549       0.38      0.449   38.73112  -73.07439    35.0473  1026.7864    26.4744    12.1419 0.0000e+00
     70.451    12.1803    34.9204  1026.8108     3.2811     5.3287     88.393   -0.01333    6.02845    6.02785      8.748     0.0334   10.92559   4.012612 8.7544e-03    26.4944    26.4926 7.0330e-02     71.000          1       7425    1498.52 8.0320e+02  53952.327    309.354 1531921551      -0.06      0.566   38.73112  -73.07440    35.0895  1026.8178    26.5014    12.1710 0.0000e+00
     71.452    12.1995    34.9517  1026.8359     3.2606     5.3092     88.046   -0.00850    6.03005    6.02947 -9.990e-29     0.0183   10.92816   4.017374 4.7822e-03    26.5151    26.5132 4.8200e-02     72.000          1       7526    1498.64 1.1436e+03  53993.232    313.545 1531921555       0.25      0.618   38.73111  -73.07440    35.1175  1026.8401    26.5193    12.1901 0.0000e+00
     72.442    12.1889    34.9609  1026.8496     3.2504     5.3101     88.025   -0.00423    6.03254    6.03201      8.744     0.0233   10.93214   4.017290 4.4630e-03    26.5243    26.5224 4.0796e-02     73.000          1       7625    1498.63 9.9914e+02  54008.261    317.648 1531921560       0.03      0.464   38.73110  -73.07441    35.1263  1026.8535    26.5282    12.1793 0.0000e+00
     73.426    12.1372    34.9582  1026.8620     3.2371     5.3025     87.675   -0.00296    6.04796    6.04763      8.741     0.0161   10.95772   4.011462 3.6474e-03    26.5322    26.5303 3.9260e-02     74.000          1       7767    1498.46 1.2351e+03  54013.292    323.577 1531921565       0.32      0.194   38.73108  -73.07444    35.1174  1026.8611    26.5313    12.1276 0.0000e+00
     74.420    12.0037    34.9532  1026.8884     3.2277     5.2818     87.345   -0.00312    6.04704    6.04671      8.739     0.0083   10.95597   3.998375 3.0911e-03    26.5540    26.5521 3.2374e-02     75.000          1       7841    1498.02 1.2033e+03  54028.566    326.652 1531921569       0.03      0.330   38.73108  -73.07444    35.1145  1026.8891    26.5547    11.9940 0.0000e+00
     75.420    12.0369    34.9723  1026.9014     3.2189     5.2572     86.906   -0.00477    6.04922    6.04892      8.739     0.0059   10.95966   4.004337 2.5529e-03    26.5625    26.5606 2.1931e-02     76.000          1       7895    1498.17 8.6646e+02  54050.186    328.934 1531921571       0.29      0.548   38.73107  -73.07444    35.1412  1026.9079    26.5690    12.0270 0.0000e+00
     76.407    12.0963    35.0063  1026.9207     3.2014     5.2004     86.067   -0.00797    6.04225    6.04189      8.739     0.0094   10.94753   4.013432 1.5271e-03    26.5775    26.5755 1.6214e-02     77.000          1       8032    1498.43 1.3435e+03  54088.245    334.620 1531921576       0.03      0.568   38.73105  -73.07446    35.1739  1026.9261    26.5829    12.0863 0.0000e+00
     77.400    12.0785    35.0196  1026.9389     3.1837     5.1671     85.549   -0.00664    6.03992    6.03954 -9.990e-29     0.0223   10.94356   4.012981 1.1496e-03    26.5912    26.5893 1.7185e-02     78.000          1       8105    1498.40 1.6407e+03  54110.082    337.674 1531921580       0.11      0.363   38.73103  -73.07447    35.1858  1026.9432    26.5955    12.0683 0.0000e+00
     78.390    12.1189    35.0530  1026.9615     3.1729     5.1588     85.509   -0.00238    6.03304    6.03260 -9.990e-29     0.0084   10.93178   4.020775 2.6012e-04    26.6095    26.6075 4.7704e-03     79.000          1       8237    1498.60 1.4885e+03  54150.381    343.181 1531921585       0.49      0.254   38.73102  -73.07448    35.2236  1026.9691    26.6170    12.1085 0.0000e+00
     79.387    12.1180    35.0630  1026.9740     3.1709     5.1604     85.527   -0.00133    6.03367    6.03323      8.737     0.0084   10.93279   4.021419 6.2615e-05    26.6174    26.6154 1.1268e-03     80.000          1       8310    1498.62 1.4344e+03  54165.053    346.202 1531921588       0.11      0.523   38.73101  -73.07449    35.2303  1026.9789    26.6224    12.1076 0.0000e+00
     80.365    12.1190    35.0696  1026.9834     3.1672     5.1547     85.472   -0.00063    6.03089    6.03043      8.737     0.0093   10.92802   4.022187 -1.875e-06    26.6224    26.6204 -9.990e-29     81.000          1       8441    1498.65 1.6985e+03  54174.625    351.649 1531921594       0.23      0.282   38.73100  -73.07450    35.2364  1026.9879    26.6269    12.1084 0.0000e+00
     81.372    12.1277    35.0765  1026.9915     3.1650     5.1470     85.328   -0.00142    6.03195    6.03150      8.737    -0.0075   10.92982   4.023894 1.4643e-09    26.6261    26.6240 -9.990e-29     82.000          1       8478    1498.70 1.1322e+03  54183.349    353.189 1531921595       0.08      0.631   38.73099  -73.07451    35.2445  1026.9969    26.6316    12.1169 0.0000e+00
     82.363    12.1570    35.0962  1027.0056     3.1574     5.1154     84.890   -0.00389    6.02596    6.02545      8.737    -0.0012   10.91961   4.028894 7.7739e-14    26.6358    26.6337 1.0000e-12     83.000          1       8605    1498.85 1.4571e+03  54206.476    358.500 1531921600       0.10      0.680   38.73096  -73.07454    35.2653  1027.0118    26.6420    12.1461 0.0000e+00
