CalculateIndicators/WaterTemperature/Data/CTD_NYOS/NY1807C18.cnv
* Sea-Bird SBE 9 Data File:
* FileName = C:\Seabird 9 CTD\Data\2018\OffshoreCruise201807\NY1807C18.hex
* Software Version Seasave V 7.23.2
* Temperature SN = 4590
* Conductivity SN = 3228
* Number of Bytes Per Scan = 44
* Number of Voltage Words = 5
* Number of Scans Averaged by the Deck Unit = 1
* NMEA Latitude = 39 14.12 N
* NMEA Longitude = 073 15.31 W
* NMEA UTC (Time) = Jul 18 2018  08:19:59
* NMEA baud rate = 4800
** Ship: RV Seawolf
** Station: NY1807C18
** Operator: jdw
# nquan = 35
# nvalues = 111                         
# units = specified
# name 0 = depSM: Depth [salt water, m]
# name 1 = t090C: Temperature [ITS-90, deg C]
# name 2 = sal00: Salinity, Practical [PSU]
# name 3 = density00: Density [density, kg/m^3]
# name 4 = sbeox0V: Oxygen raw, SBE 43 [V]
# name 5 = sbeox0ML/L: Oxygen, SBE 43 [ml/l]
# name 6 = sbeox0PS: Oxygen, SBE 43 [% saturation]
# name 7 = sbox0dV/dT: Oxygen, SBE 43 [dov/dt]
# name 8 = oxsolML/L: Oxygen Saturation, Garcia & Gordon [ml/l]
# name 9 = oxsatML/L: Oxygen Saturation, Weiss [ml/l]
# name 10 = ph: pH
# name 11 = flECO-AFL: Fluorescence, WET Labs ECO-AFL/FL [mg/m^3]
# name 12 = n2satML/L: Nitrogen Saturation [ml/l]
# name 13 = c0S/m: Conductivity [S/m]
# name 14 = cpar: CPAR/Corrected Irradiance [%]
# name 15 = sigma-é00: Density [sigma-theta, kg/m^3]
# name 16 = sigma-t00: Density [sigma-t, kg/m^3 ]
# name 17 = par: PAR/Irradiance, Biospherical/Licor
# name 18 = prDM: Pressure, Digiquartz [db]
# name 19 = pumps: Pump Status
# name 20 = scan: Scan Count
# name 21 = svCM: Sound Velocity [Chen-Millero, m/s]
# name 22 = spar: SPAR, Biospherical/Licor
# name 23 = specc: Specific Conductance [uS/cm]
# name 24 = timeS: Time, Elapsed [seconds]
# name 25 = timeY: Time, System [seconds]
# name 26 = accM: Acceleration [m/s^2]
# name 27 = dz/dtM: Descent Rate [m/s]
# name 28 = latitude: Latitude [deg]
# name 29 = longitude: Longitude [deg]
# name 30 = gsw_saA0: Absolute Salinity [g/kg]
# name 31 = gsw_densityA0: density, TEOS-10 [density, kg/m^3]
# name 32 = gsw_sigma0A0: density, TEOS-10 [sigma-0, kg/m^3 ]
# name 33 = gsw_ptA0: potential temperature [ITS-90, deg C]
# name 34 = flag: flag
# span 0 =      1.976,     56.563       
# span 1 =     7.0047,    24.0049       
# span 2 =    31.0968,    33.1527       
# span 3 =  1020.7040,  1026.0815       
# span 4 =     2.7625,     4.3103       
# span 5 =     4.8382,     7.2553       
# span 6 =     70.737,    125.597       
# span 7 =   -0.08408,    0.08683       
# span 8 =    4.92833,    6.84205       
# span 9 =    4.91617,    6.85117       
# span 10 =      8.537,      8.935      
# span 11 =     0.1067,     1.0929      
# span 12 =    9.13820,   12.29422      
# span 13 =   3.343360,   4.683937      
# span 14 = -6.862e-02, 1.7353e+00      
# span 15 =    20.6943,    25.8256      
# span 16 =    20.6941,    25.8252      
# span 17 = -2.822e-03, 6.8537e-02      
# span 18 =      2.000,     57.000      
# span 19 =          1,          1      
# span 20 =        322,       9622      
# span 21 =    1476.69,    1527.82      
# span 22 = 3.9495e+00, 3.9495e+00      
# span 23 =  47775.243,  52285.269      
# span 24 =     13.358,    400.864      
# span 25 = 1531902060, 1531902447      
# span 26 =      -0.60,       0.49      
# span 27 =     -0.969,      1.007      
# span 28 =   39.23341,   39.23514      
# span 29 =  -73.25595,  -73.25528      
# span 30 =    31.2516,    33.2609      
# span 31 =  1020.7083,  1026.0838      
# span 32 =    20.6985,    25.8271      
# span 33 =     7.0011,    24.0043      
# span 34 = 0.0000e+00, 0.0000e+00      
# interval = decibars: 1                
# start_time = Jul 18 2018 08:20:46 [System UTC, first data scan.]
# bad_flag = -9.990e-29
*END*
[from data line 42]
     43.659     7.0087    32.9631  1026.0156     2.7752     4.9177     71.909    0.00235    6.83885    6.84796      8.642     0.1075   12.28860   3.345462 2.5320e-11    25.8138    25.8133 1.0000e-12     44.000          1       1938    1476.86 3.9495e+00  52259.917     80.710 1531902127       0.33      0.561   39.23486  -73.25536    33.1165  1026.0156    25.8137     7.0048 0.0000e+00
     44.656     7.0152    32.9699  1026.0247     2.7840     4.9630     72.583    0.00609    6.83773    6.84682      8.641     0.1131   12.28669   3.346771 2.5320e-11    25.8183    25.8178 1.0000e-12     45.000          1       1969    1476.91 3.9495e+00  52268.642     81.990 1531902128       0.01      0.781   39.23486  -73.25536    33.1242  1026.0253    25.8189     7.0112 0.0000e+00
     45.646     7.0180    32.9719  1026.0305     2.7931     4.9837     72.903    0.00598    6.83598    6.84505      8.639     0.1089   12.28374   3.347267 2.5320e-11    25.8195    25.8190 1.0000e-12     46.000          1       2006    1476.94 3.9495e+00  52271.386     83.540 1531902130      -0.06      0.652   39.23484  -73.25538    33.1265  1026.0313    25.8203     7.0139 0.0000e+00
     46.636     7.0260    32.9775  1026.0384     2.8049     5.0170     73.399    0.00669    6.83525    6.84430      8.639     0.1181   12.28252   3.348636 2.5320e-11    25.8229    25.8223 1.0000e-12     47.000          1       2048    1477.00 3.9495e+00  52278.046     85.277 1531902132      -0.06      0.580   39.23484  -73.25538    33.1333  1026.0402    25.8246     7.0218 0.0000e+00
     47.628     7.0352    32.9806  1026.0442     2.8147     5.0422     73.783    0.00702    6.83378    6.84282      8.637     0.1240   12.28008   3.349749 2.5027e-11    25.8241    25.8235 1.0000e-12     48.000          1       2083    1477.05 3.9495e+00  52280.667     86.760 1531902133       0.19      0.632   39.23483  -73.25538    33.1363  1026.0458    25.8257     7.0309 0.0000e+00
     48.626     7.0371    32.9808  1026.0487     2.8206     5.0439     73.814    0.00510    6.83321    6.84224      8.637     0.1182   12.27913   3.350012 2.5314e-11    25.8240    25.8234 1.0000e-12     49.000          1       2112    1477.08 3.9495e+00  52281.135     87.952 1531902134       0.07      0.819   39.23482  -73.25538    33.1368  1026.0506    25.8258     7.0327 0.0000e+00
     49.613     7.0461    32.9826  1026.0535     2.8279     5.0587     74.036    0.00464    6.83279    6.84181      8.637     0.1192   12.27842   3.351066 2.5320e-11    25.8242    25.8236 1.0000e-12     50.000          1       2151    1477.13 3.9495e+00  52282.063     89.580 1531902136      -0.20      0.650   39.23482  -73.25538    33.1393  1026.0559    25.8266     7.0416 0.0000e+00
     50.608     7.0519    32.9841  1026.0584     2.8341     5.0697     74.203    0.00400    6.83217    6.84118      8.634     0.1255   12.27739   3.351760 2.5320e-11    25.8246    25.8239 1.0000e-12     51.000          1       2188    1477.17 3.9495e+00  52283.243     91.144 1531902137       0.18      0.614   39.23482  -73.25538    33.1408  1026.0609    25.8270     7.0473 0.0000e+00
     51.597     7.0532    32.9837  1026.0625     2.8386     5.0737     74.266    0.00288    6.83188    6.84089      8.632     0.1356   12.27692   3.351851 2.5320e-11    25.8241    25.8235 1.0000e-12     52.000          1       2230    1477.19 3.9495e+00  52282.992     92.860 1531902139      -0.14      0.604   39.23480  -73.25538    33.1401  1026.0647    25.8263     7.0485 0.0000e+00
     52.590     7.0585    32.9852  1026.0676     2.8403     5.0655     74.146    0.00095    6.83176    6.84077      8.631     0.1332   12.27672   3.352536 2.5320e-11    25.8246    25.8239 1.0000e-12     53.000          1       2266    1477.23 3.9495e+00  52284.485     94.371 1531902141       0.23      0.619   39.23480  -73.25538    33.1421  1026.0702    25.8271     7.0537 0.0000e+00
     53.586     7.0589    32.9850  1026.0720     2.8416     5.0697     74.207    0.00107    6.83176    6.84077      8.629     0.1524   12.27672   3.352570 2.5320e-11    25.8244    25.8237 1.0000e-12     54.000          1       2299    1477.25 3.9495e+00  52284.731     95.744 1531902142      -0.06      0.753   39.23480  -73.25540    33.1415  1026.0743    25.8267     7.0540 0.0000e+00
     54.578     7.0597    32.9850  1026.0765     2.8425     5.0684     74.188    0.00048    6.83174    6.84074      8.627     0.1483   12.27668   3.352685 2.5196e-11    25.8243    25.8237 1.0000e-12     55.000          1       2349    1477.27 3.9495e+00  52285.269     97.815 1531902144      -0.11      0.497   39.23478  -73.25540    33.1415  1026.0788    25.8266     7.0547 0.0000e+00
     55.569     7.0597    32.9833  1026.0798     2.8426     5.0655     74.147   -0.00001    6.83181    6.84081      8.613     0.1412   12.27682   3.352568 2.5199e-11    25.8230    25.8223 1.0000e-12     56.000          1       2640    1477.28 3.9495e+00  52283.584    109.971 1531902156       0.04      0.187   39.23474  -73.25542    33.1398  1026.0820    25.8253     7.0546 0.0000e+00
     56.563     7.0604    32.9798  1026.0815     2.8428     5.0683     74.186    0.00011    6.83193    6.84093      8.565     0.1378   12.27705   3.352366 2.5011e-11    25.8202    25.8195 1.0000e-12     57.000          1       3778    1477.29 3.9495e+00  52279.036    157.370 1531902204      -0.07      0.074   39.23453  -73.25552    33.1363  1026.0838    25.8225     7.0553 0.0000e+00
     55.575     7.0620    32.9805  1026.0773     2.8442     5.0691     74.197    0.00021    6.83187    6.84087 -9.990e-29     0.1305   12.27695   3.352517 2.5346e-11    25.8205    25.8198 1.0000e-12     56.000          1       3589    1477.29 3.9495e+00  52278.942    149.499 1531902196      -0.44     -0.301   39.23457  -73.25550    33.1370  1026.0795    25.8228     7.0569 0.0000e+00
     54.575     7.0618    32.9805  1026.0726     2.8436     5.0635     74.113   -0.00043    6.83209    6.84110 -9.990e-29     0.1454   12.27733   3.352441 2.5320e-11    25.8205    25.8198 1.0000e-12     55.000          1       3586    1477.27 3.9495e+00  52278.233    149.385 1531902196      -0.22     -0.749   39.23456  -73.25550    33.1369  1026.0748    25.8227     7.0568 0.0000e+00
     53.577     7.0607    32.9804  1026.0681     2.8425     5.0586     74.043   -0.00067    6.83204    6.84104 -9.990e-29     0.1397   12.27724   3.352286 2.5320e-11    25.8205    25.8199 1.0000e-12     54.000          1       3619    1477.25 3.9495e+00  52277.708    150.752 1531902197       0.11     -0.776   39.23456  -73.25550    33.1367  1026.0702    25.8226     7.0558 0.0000e+00
     52.596     7.0592    32.9795  1026.0631     2.8430     5.0664     74.153    0.00043    6.83235    6.84137 -9.990e-29     0.1254   12.27777   3.352044 2.5320e-11    25.8200    25.8194 1.0000e-12     53.000          1       3670    1477.23 3.9495e+00  52276.208    152.870 1531902199       0.05     -0.422   39.23455  -73.25550    33.1359  1026.0652    25.8222     7.0545 0.0000e+00
     51.598     7.0595    32.9794  1026.0583     2.8422     5.0593     74.028   -0.00047    6.83437    6.84341 -9.990e-29     0.1256   12.28114   3.352001 2.5320e-11    25.8199    25.8192 1.0000e-12     52.000          1       3705    1477.21 3.9495e+00  52275.180    154.349 1531902201      -0.19     -0.641   39.23454  -73.25550    33.1357  1026.0604    25.8220     7.0548 0.0000e+00
     50.610     7.0589    32.9791  1026.0536     2.8408     5.0540     73.935   -0.00088    6.83578    6.84484      8.573     0.1316   12.28350   3.351874 2.5320e-11    25.8198    25.8191 1.0000e-12     51.000          1       3738    1477.19 3.9495e+00  52274.393    155.701 1531902202       0.01     -0.740   39.23454  -73.25552    33.1353  1026.0557    25.8218     7.0543 0.0000e+00
     49.611     7.0498    32.9767  1026.0483     2.8381     5.0418     73.747   -0.00181    6.83657    6.84564      8.571     0.1419   12.28484   3.350700 2.5320e-11    25.8190    25.8184 1.0000e-12     50.000          1       3766    1477.14 3.9495e+00  52272.569    156.855 1531902203      -0.12     -0.819   39.23453  -73.25552    33.1317  1026.0495    25.8202     7.0453 0.0000e+00
     48.623     7.0373    32.9731  1026.0426     2.8297     5.0069     73.228   -0.00397    6.83746    6.84654      8.569     0.1116   12.28634   3.349265 2.5320e-11    25.8179    25.8173 1.0000e-12     49.000          1       3814    1477.07 3.9495e+00  52270.111    158.858 1531902205       0.21     -0.516   39.23452  -73.25552    33.1285  1026.0440    25.8193     7.0329 0.0000e+00
     47.638     7.0315    32.9696  1026.0361     2.8212     4.9841     72.878   -0.00436    6.83890    6.84799      8.566     0.1067   12.28878   3.348412 2.5320e-11    25.8159    25.8153 1.0000e-12     48.000          1       3861    1477.03 3.9495e+00  52265.913    160.834 1531902207      -0.60     -0.452   39.23452  -73.25552    33.1251  1026.0376    25.8175     7.0272 0.0000e+00
     46.631     7.0282    32.9685  1026.0310     2.8183     4.9805     72.818   -0.00388    6.83967    6.84877      8.565     0.1077   12.29010   3.347973 2.5320e-11    25.8154    25.8149 1.0000e-12     47.000          1       3882    1477.00 3.9495e+00  52264.478    161.701 1531902208      -0.40     -0.969   39.23452  -73.25552    33.1239  1026.0325    25.8169     7.0240 0.0000e+00
     45.640     7.0247    32.9668  1026.0255     2.8129     4.9676     72.626   -0.00388    6.83997    6.84907      8.562     0.1162   12.29061   3.347448 2.5320e-11    25.8146    25.8140 1.0000e-12     46.000          1       3911    1476.96 3.9495e+00  52262.282    162.921 1531902209       0.24     -0.945   39.23451  -73.25552    33.1220  1026.0269    25.8159     7.0206 0.0000e+00
     44.652     7.0162    32.9586  1026.0157     2.7973     4.9171     71.878   -0.00589    6.84099    6.85010      8.559     0.1315   12.29236   3.345923 2.5320e-11    25.8093    25.8087 1.0000e-12     45.000          1       3973    1476.90 3.9495e+00  52252.204    165.504 1531902212       0.12     -0.375   39.23450  -73.25554    33.1140  1026.0171    25.8107     7.0122 0.0000e+00
     43.659     7.0089    32.9502  1026.0055     2.7783     4.8919     71.503   -0.00278    6.84149    6.85061      8.556     0.1481   12.29323   3.344497 2.5173e-11    25.8036    25.8031 1.0000e-12     44.000          1       4321    1476.85 3.9495e+00  52241.453    179.999 1531902226      -0.17     -0.286   39.23443  -73.25556    33.1058  1026.0071    25.8053     7.0049 0.0000e+00
     42.667     7.0075    32.9471  1025.9986     2.7706     4.8754     71.259   -0.00225    6.84188    6.85100      8.541     0.1201   12.29392   3.344072 2.5315e-11    25.8013    25.8008 1.0000e-12     43.000          1       4823    1476.82 3.9495e+00  52236.644    200.930 1531902247       0.01     -0.624   39.23434  -73.25560    33.1030  1026.0005    25.8033     7.0036 0.0000e+00
     41.684     7.0060    32.9452  1025.9927     2.7659     4.8615     71.054   -0.00252    6.84191    6.85103      8.539     0.1323   12.29398   3.343747 2.5320e-11    25.8000    25.7995 1.0000e-12     42.000          1       4890    1476.80 3.9495e+00  52233.668    203.726 1531902250      -0.04     -0.490   39.23432  -73.25560    33.1013  1025.9948    25.8022     7.0022 0.0000e+00
     40.683     7.0066    32.9452  1025.9880     2.7649     4.8685     71.155   -0.00106    6.84204    6.85116      8.537     0.1311   12.29420   3.343766 2.5320e-11    25.8000    25.7995 1.0000e-12     41.000          1       4919    1476.78 3.9495e+00  52232.844    204.899 1531902251      -0.27     -0.747   39.23432  -73.25560    33.1014  1025.9902    25.8021     7.0030 0.0000e+00
     39.688     7.0066    32.9450  1025.9833     2.7643     4.8692     71.166   -0.00066    6.84205    6.85117 -9.990e-29     0.1311   12.29422   3.343701 2.5320e-11    25.7998    25.7993 1.0000e-12     40.000          1       4950    1476.77 3.9495e+00  52231.838    206.202 1531902253       0.12     -0.822   39.23431  -73.25560    33.1011  1025.9854    25.8019     7.0031 0.0000e+00
     38.700     7.0059    32.9444  1025.9783     2.7635     4.8671     71.141   -0.00048    6.84144    6.85054 -9.990e-29     0.1311   12.29321   3.343529 2.5320e-11    25.7994    25.7989 1.0000e-12     39.000          1       4993    1476.75 3.9495e+00  52230.533    208.006 1531902254       0.07     -0.558   39.23430  -73.25562    33.1005  1025.9804    25.8015     7.0024 0.0000e+00
     37.713     7.0070    32.9439  1025.9732     2.7639     4.8721     71.215    0.00027    6.84138    6.85048 -9.990e-29     0.1351   12.29312   3.343566 2.5320e-11    25.7989    25.7984 1.0000e-12     38.000          1       5036    1476.74 3.9495e+00  52228.849    209.800 1531902256      -0.06     -0.536   39.23429  -73.25562    33.1003  1025.9755    25.8012     7.0036 0.0000e+00
     36.715     7.0102    32.9436  1025.9679     2.7639     4.8712     71.196    0.00014    6.84190    6.85101 -9.990e-29     0.1435   12.29399   3.343773 2.5320e-11    25.7982    25.7977 1.0000e-12     37.000          1       5066    1476.73 3.9495e+00  52226.886    211.037 1531902257      -0.19     -0.740   39.23428  -73.25562    33.1000  1025.9702    25.8005     7.0069 0.0000e+00
     35.720     7.0109    32.9431  1025.9628     2.7631     4.8644     71.102   -0.00048    6.84142    6.85052 -9.990e-29     0.1437   12.29320   3.343733 2.5320e-11    25.7977    25.7973 1.0000e-12     36.000          1       5095    1476.72 3.9495e+00  52225.357    212.248 1531902259       0.02     -0.841   39.23428  -73.25562    33.0993  1025.9650    25.7999     7.0077 0.0000e+00
     34.732     7.0083    32.9421  1025.9578     2.7625     4.8581     71.066   -0.00050    6.83603    6.84505      8.537     0.1371   12.28428   3.343360 2.5320e-11    25.7972    25.7968 1.0000e-12     35.000          1       5136    1476.69 3.9495e+00  52223.780    213.951 1531902260       0.17     -0.616   39.23427  -73.25562    33.0982  1025.9598    25.7993     7.0052 0.0000e+00
     33.738     7.0140    32.9424  1025.9527     2.7682     4.8839     71.575    0.00290    6.82353    6.83235      8.543     0.1862   12.26364   3.343932 2.5320e-11    25.7967    25.7963 1.0000e-12     34.000          1       5178    1476.69 3.9495e+00  52222.086    215.693 1531902262      -0.13     -0.562   39.23426  -73.25564    33.0995  1025.9556    25.7996     7.0109 0.0000e+00
     32.750     7.0573    32.9436  1025.9431     2.7898     4.9829     73.169    0.01182    6.81010    6.81871      8.553     0.2366   12.24156   3.348077 2.5320e-11    25.7918    25.7914 1.0000e-12     33.000          1       5218    1476.85 3.9495e+00  52211.704    217.371 1531902264       0.07     -0.605   39.23426  -73.25564    33.1038  1025.9485    25.7971     7.0543 0.0000e+00
     31.746     7.1648    32.9393  1025.9204     2.8454     5.1609     75.791    0.01885    6.80946    6.81807      8.564     0.3436   12.24050   3.357353 2.5320e-11    25.7737    25.7734 1.0000e-12     32.000          1       5478    1477.24 3.9495e+00  52176.791    228.209 1531902275      -0.12     -0.544   39.23421  -73.25566    33.1027  1025.9284    25.7817     7.1619 0.0000e+00
     30.762     7.2965    32.9228  1025.8847     2.9288     5.3110     78.593    0.01847    6.75814    6.76594      8.588     0.4737   12.15593   3.367288 2.5320e-11    25.7427    25.7423 1.0000e-12     31.000          1       6074    1477.72 3.9495e+00  52118.533    253.037 1531902299       0.03     -0.446   39.23409  -73.25570    33.0855  1025.8922    25.7502     7.2937 0.0000e+00
