CalculateIndicators/WaterTemperature/Data/CTD_NYOS/NY1807C23.cnv
* Sea-Bird SBE 9 Data File:
* FileName = C:\Seabird 9 CTD\Data\2018\OffshoreCruise201807\NY1807C23.hex
* Software Version Seasave V 7.23.2
* Temperature SN = 4590
* Conductivity SN = 3228
* Number of Bytes Per Scan = 44
* Number of Voltage Words = 5
* Number of Scans Averaged by the Deck Unit = 1
* NMEA Latitude = 39 29.69 N
* NMEA Longitude = 072 18.71 W
* NMEA UTC (Time) = Jul 19 2018  10:43:08
* NMEA baud rate = 4800
** Ship: RV Seawolf
** Station: NY1807C23
** Operator: jdw
** we're going deep!
# nquan = 35
# nvalues = 1110                        
# units = specified
# name 0 = depSM: Depth [salt water, m]
# name 1 = t090C: Temperature [ITS-90, deg C]
# name 2 = sal00: Salinity, Practical [PSU]
# name 3 = density00: Density [density, kg/m^3]
# name 4 = sbeox0V: Oxygen raw, SBE 43 [V]
# name 5 = sbeox0ML/L: Oxygen, SBE 43 [ml/l]
# name 6 = sbeox0PS: Oxygen, SBE 43 [% saturation]
# name 7 = sbox0dV/dT: Oxygen, SBE 43 [dov/dt]
# name 8 = oxsolML/L: Oxygen Saturation, Garcia & Gordon [ml/l]
# name 9 = oxsatML/L: Oxygen Saturation, Weiss [ml/l]
# name 10 = ph: pH
# name 11 = flECO-AFL: Fluorescence, WET Labs ECO-AFL/FL [mg/m^3]
# name 12 = n2satML/L: Nitrogen Saturation [ml/l]
# name 13 = c0S/m: Conductivity [S/m]
# name 14 = cpar: CPAR/Corrected Irradiance [%]
# name 15 = sigma-é00: Density [sigma-theta, kg/m^3]
# name 16 = sigma-t00: Density [sigma-t, kg/m^3 ]
# name 17 = par: PAR/Irradiance, Biospherical/Licor
# name 18 = prDM: Pressure, Digiquartz [db]
# name 19 = pumps: Pump Status
# name 20 = scan: Scan Count
# name 21 = svCM: Sound Velocity [Chen-Millero, m/s]
# name 22 = spar: SPAR, Biospherical/Licor
# name 23 = specc: Specific Conductance [uS/cm]
# name 24 = timeS: Time, Elapsed [seconds]
# name 25 = timeY: Time, System [seconds]
# name 26 = accM: Acceleration [m/s^2]
# name 27 = dz/dtM: Descent Rate [m/s]
# name 28 = latitude: Latitude [deg]
# name 29 = longitude: Longitude [deg]
# name 30 = gsw_saA0: Absolute Salinity [g/kg]
# name 31 = gsw_densityA0: density, TEOS-10 [density, kg/m^3]
# name 32 = gsw_sigma0A0: density, TEOS-10 [sigma-0, kg/m^3 ]
# name 33 = gsw_ptA0: potential temperature [ITS-90, deg C]
# name 34 = flag: flag
# span 0 =      0.976,    551.031       
# span 1 =     5.7379,    22.2778       
# span 2 =    32.9663,    35.5238       
# span 3 =  1022.6124,  1030.1715       
# span 4 =     2.1678,     4.1330       
# span 5 =     3.2082,     6.9089       
# span 6 =     51.384,    119.258       
# span 7 =   -0.05668,    0.05419       
# span 8 =    5.02470,    6.94922       
# span 9 =    5.01338,    6.96288       
# span 10 =      8.533,      8.935      
# span 11 =    -0.0868,     1.3073      
# span 12 =    9.28036,   12.44501      
# span 13 =   3.441565,   4.765588      
# span 14 = 6.6782e-14, 3.4974e+01      
# span 15 =    22.6038,    27.6303      
# span 16 =    22.6037,    27.6244      
# span 17 = 1.0000e-12, 5.1345e+02      
# span 18 =      1.000,    556.000      
# span 19 =          1,          1      
# span 20 =        565,      49893      
# span 21 =    1482.74,    1525.40      
# span 22 = 8.7802e+02, 1.4970e+03      
# span 23 =  50379.843,  55981.034      
# span 24 =     23.486,   2078.844      
# span 25 = 1531997072, 1531999127      
# span 26 =      -0.71,       0.54      
# span 27 =     -1.251,      1.131      
# span 28 =   39.49066,   39.49477      
# span 29 =  -72.31222,  -72.31198      
# span 30 =    33.1364,    35.6914      
# span 31 =  1022.6200,  1030.1746      
# span 32 =    22.6114,    27.6330      
# span 33 =     5.6905,    22.2774      
# span 34 = 0.0000e+00, 0.0000e+00      
# interval = decibars: 1                
# start_time = Jul 19 2018 10:44:08 [System UTC, first data scan.]
# bad_flag = -9.990e-29
*END*
[from data line 664]
    442.126     7.0282    35.1055  1029.5334     2.4101     4.1639     61.767   -0.00129    6.74129    6.75147      8.535    -0.0522   12.10133   3.561127 7.6668e-14    27.5040    27.4980 1.0000e-12    446.000          1      26844    1486.23 1.3044e+03  55586.251   1118.447 1531998167       0.01     -0.564   39.49282  -72.31218    35.2770  1029.5393    27.5100     6.9854 0.0000e+00
    441.138     7.0299    35.1062  1029.5292     2.4092     4.1660     61.803   -0.00056    6.74075    6.75093      8.535 -9.990e-29   12.10043   3.561206 7.5701e-14    27.5043    27.4984 1.0000e-12    445.000          1      26885    1486.22 1.3210e+03  55586.073   1120.159 1531998169      -0.05     -0.572   39.49282  -72.31218    35.2767  1029.5343    27.5095     6.9872 0.0000e+00
    440.144     7.0333    35.1066  1029.5244     2.4091     4.1683     61.849   -0.00004    6.73951    6.74967      8.535    -0.0642   12.09839   3.561490 7.6745e-14    27.5041    27.4982 1.0000e-12    444.000          1      26921    1486.22 1.3030e+03  55584.927   1121.658 1531998170      -0.02     -0.665   39.49282  -72.31218    35.2768  1029.5293    27.5091     6.9907 0.0000e+00
    439.157     7.0370    35.1068  1029.5195     2.4072     4.1552     61.661   -0.00108    6.73874    6.74888      8.536    -0.0569   12.09710   3.561805 7.6294e-14    27.5038    27.4978 1.0000e-12    443.000          1      26962    1486.22 1.3107e+03  55583.423   1123.363 1531998172       0.06     -0.591   39.49280  -72.31218    35.2770  1029.5244    27.5087     6.9945 0.0000e+00
    438.163     7.0456    35.1071  1029.5139     2.4062     4.1546     61.655   -0.00070    6.73848    6.74862      8.536    -0.0551   12.09669   3.562588 7.6653e-14    27.5028    27.4969 1.0000e-12    442.000          1      27000    1486.24 1.3046e+03  55580.721   1124.949 1531998173      -0.08     -0.619   39.49280  -72.31218    35.2773  1029.5188    27.5077     7.0032 0.0000e+00
    437.176     7.0501    35.1071  1029.5087     2.4060     4.1578     61.709   -0.00006    6.73778    6.74791      8.535    -0.0519   12.09552   3.562900 7.6312e-14    27.5022    27.4963 1.0000e-12    441.000          1      27049    1486.24 1.3105e+03  55578.735   1126.993 1531998175       0.13     -0.488   39.49280  -72.31218    35.2767  1029.5131    27.5067     7.0077 0.0000e+00
    436.190     7.0515    35.1084  1029.5050 -9.990e-29     4.1586     61.723    0.00010    6.73750    6.74762      8.535 -9.990e-29   12.09505   3.563105 7.6137e-14    27.5029    27.4970 1.0000e-12    440.000          1      27093    1486.23 1.3134e+03  55579.407   1128.850 1531998177      -0.26     -0.516   39.49280  -72.31218    35.2780  1029.5094    27.5074     7.0092 0.0000e+00
    435.192     7.0552    35.1080  1029.4995     2.4054     4.1542     61.659   -0.00025    6.73747    6.74760      8.536    -0.0640   12.09500   3.563353 7.6510e-14    27.5021    27.4962 1.0000e-12    439.000          1      27121    1486.22 1.3070e+03  55577.022   1130.016 1531998178      -0.14     -0.807   39.49280  -72.31218    35.2775  1029.5039    27.5065     7.0130 0.0000e+00
    434.200     7.0571    35.1083  1029.4949     2.4055     4.1539     61.651   -0.00025    6.73773    6.74786      8.536    -0.0568   12.09543   3.563478 7.6902e-14    27.5021    27.4962 1.0000e-12    438.000          1      27154    1486.21 1.3004e+03  55576.211   1131.387 1531998180       0.11     -0.773   39.49280  -72.31218    35.2774  1029.4990    27.5061     7.0150 0.0000e+00
    433.218     7.0553    35.1086  1029.4910     2.4042     4.1450     61.591   -0.00019    6.72989    6.73990      8.536    -0.0596   12.08248   3.563259 7.6416e-14    27.5026    27.4967 1.0000e-12    437.000          1      27224    1486.19 1.3087e+03  55576.561   1134.303 1531998183      -0.02     -0.235   39.49278  -72.31218    35.2774  1029.4947    27.5064     7.0132 0.0000e+00
    432.216     7.0730    35.1080  1029.4832     2.4028     4.1380     61.503   -0.00054    6.72809    6.73806      8.535    -0.0534   12.07949   3.565056 7.6152e-14    27.4996    27.4937 1.0000e-12    436.000          1      27265    1486.24 1.3132e+03  55569.864   1136.004 1531998184      -0.22     -0.636   39.49278  -72.31218    35.2795  1029.4892    27.5056     7.0311 0.0000e+00
    431.235     7.1198    35.1103  1029.4735     2.3963     4.1159     61.194   -0.00100    6.72604    6.73598      8.535    -0.0430   12.07611   3.569420 7.7084e-14    27.4949    27.4890 1.0000e-12    435.000          1      27361    1486.41 1.2973e+03  55558.808   1140.011 1531998189      -0.15     -0.249   39.49278  -72.31218    35.2804  1029.4783    27.4997     7.0778 0.0000e+00
    430.249     7.1336    35.1100  1029.4666     2.3950     4.1129     61.157   -0.00080    6.72517    6.73509      8.535    -0.0592   12.07466   3.570561 7.5954e-14    27.4927    27.4868 1.0000e-12    434.000          1      27408    1486.45 1.3166e+03  55553.655   1141.964 1531998190      -0.11     -0.539   39.49278  -72.31218    35.2794  1029.4709    27.4970     7.0917 0.0000e+00
    429.249     7.1291    35.1114  1029.4639     2.3947     4.1165     61.208   -0.00026    6.72541    6.73534      8.535    -0.0543   12.07506   3.570303 7.7268e-14    27.4944    27.4885 1.0000e-12    433.000          1      27437    1486.42 1.2942e+03  55556.410   1143.156 1531998192      -0.19     -0.760   39.49278  -72.31218    35.2817  1029.4688    27.4994     7.0872 0.0000e+00
    428.257     7.1378    35.1122  1029.4586     2.3946     4.1149     61.203   -0.00005    6.72336    6.73325      8.536    -0.0576   12.07166   3.571069 7.6637e-14    27.4938    27.4879 1.0000e-12    432.000          1      27524    1486.43 1.3052e+03  55554.229   1146.772 1531998195      -0.13     -0.590   39.49277  -72.31218    35.2817  1029.4630    27.4982     7.0960 0.0000e+00
    427.270     7.1527    35.1123  1029.4519 -9.990e-29     4.1119     61.163   -0.00018    6.72280    6.73270 -9.990e-29    -0.0521   12.07074   3.572509 7.6208e-14    27.4918    27.4859 1.0000e-12    431.000          1      27595    1486.47 1.3123e+03  55549.360   1149.749 1531998198      -0.17     -0.738   39.49276  -72.31218    35.2828  1029.4571    27.4970     7.1110 0.0000e+00
    426.278     7.1593    35.1137  1029.4475 -9.990e-29     4.1140     61.172   -0.00005    6.72526    6.73519 -9.990e-29    -0.0567   12.07478   3.573070 7.7730e-14    27.4919    27.4860 1.0000e-12    430.000          1      27635    1486.49 1.2866e+03  55548.726   1151.434 1531998200       0.15     -0.640   39.49276  -72.31218    35.2828  1029.4516    27.4961     7.1176 0.0000e+00
    425.294     7.1333    35.1147  1029.4477     2.3946     4.1126     61.184    0.00011    6.72165    6.73152      8.537    -0.0542   12.06884   3.570637 7.6670e-14    27.4964    27.4905 1.0000e-12    429.000          1      27729    1486.37 1.3047e+03  55557.067   1155.352 1531998204      -0.03     -0.152   39.49275  -72.31218    35.2831  1029.4511    27.4999     7.0918 0.0000e+00
    424.303     7.1459    35.1134  1029.4402     2.3952     4.1143     61.280    0.00070    6.71385    6.72359      8.536    -0.0644   12.05594   3.571782 7.6496e-14    27.4935    27.4877 1.0000e-12    428.000          1      27794    1486.40 1.3073e+03  55551.003   1158.027 1531998207      -0.28     -0.534   39.49274  -72.31218    35.2833  1029.4448    27.4982     7.1045 0.0000e+00
    423.308     7.1870    35.1136  1029.4296     2.3932     4.1009     61.090   -0.00032    6.71289    6.72261      8.536    -0.0545   12.05435   3.575610 7.7386e-14    27.4879    27.4820 1.0000e-12    427.000          1      27845    1486.54 1.2923e+03  55538.496   1160.151 1531998209      -0.04     -0.499   39.49274  -72.31218    35.2840  1029.4347    27.4931     7.1455 0.0000e+00
    422.323     7.2120    35.1161  1029.4232     2.3898     4.0832     60.887   -0.00088    6.70626    6.71588      8.536    -0.0592   12.04342   3.578241 7.6532e-14    27.4863    27.4804 1.0000e-12    426.000          1      27918    1486.63 1.3067e+03  55534.249   1163.207 1531998212      -0.52     -0.437   39.49274  -72.31218    35.2879  1029.4294    27.4926     7.1706 0.0000e+00
    421.327     7.2395    35.1175  1029.4157     2.3880     4.0765     60.804   -0.00100    6.70440    6.71399 -9.990e-29    -0.0538   12.04031   3.580815 7.6441e-14    27.4835    27.4777 1.0000e-12    425.000          1      27959    1486.72 1.3082e+03  55527.808   1164.907 1531998213       0.11     -0.573   39.49273  -72.31218    35.2887  1029.4213    27.4893     7.1981 0.0000e+00
    420.341     7.2714    35.1173  1029.4061     2.3847     4.0685     60.690   -0.00086    6.70378    6.71336 -9.990e-29    -0.0547   12.03928   3.583643 7.6898e-14    27.4788    27.4729 1.0000e-12    424.000          1      28048    1486.82 1.3005e+03  55517.693   1168.627 1531998217      -0.07     -0.191   39.49272  -72.31218    35.2877  1029.4112    27.4840     7.2300 0.0000e+00
    419.345     7.2668    35.1203  1029.4046     2.3838     4.0702     60.713   -0.00026    6.70404    6.71362 -9.990e-29    -0.0620   12.03970   3.583296 7.6436e-14    27.4818    27.4759 1.0000e-12    423.000          1      28688    1486.79 1.3083e+03  55522.521   1195.298 1531998244      -0.18     -0.337   39.49267  -72.31218    35.2891  1029.4085    27.4857     7.2255 0.0000e+00
    418.356     7.2661    35.1204  1029.4003     2.3845     4.0700     60.760    0.00009    6.69845    6.70795 -9.990e-29 -9.990e-29   12.03049   3.583210 7.5515e-14    27.4820    27.4762 1.0000e-12    422.000          1      29136    1486.77 1.3243e+03  55522.265   1213.973 1531998262      -0.01     -0.460   39.49264  -72.31218    35.2894  1029.4042    27.4860     7.2249 0.0000e+00
    417.382     7.2967    35.1188  1029.3899     2.3839     4.0615     60.664   -0.00039    6.69503    6.70447 -9.990e-29    -0.0642   12.02479   3.586084 7.4633e-14    27.4763    27.4705 1.0000e-12    421.000          1      29231    1486.87 1.3398e+03  55510.525   1217.908 1531998266      -0.03     -0.299   39.49263  -72.31218    35.2903  1029.3957    27.4823     7.2555 0.0000e+00
    416.378     7.3220    35.1205  1029.3828     2.3822     4.0498     60.494   -0.00138    6.69450    6.70393 -9.990e-29    -0.0570   12.02392   3.588495 7.5987e-14    27.4741    27.4682 1.0000e-12    420.000          1      29253    1486.95 1.3160e+03  55505.027   1218.847 1531998267      -0.52     -0.735   39.49262  -72.31218    35.2915  1029.3883    27.4797     7.2808 0.0000e+00
    415.378     7.3250    35.1223  1029.3791     2.3805     4.0448     60.424   -0.00142    6.69394    6.70336 -9.990e-29    -0.0600   12.02300   3.588828 7.6694e-14    27.4751    27.4692 1.0000e-12    419.000          1      29279    1486.95 1.3039e+03  55506.105   1219.914 1531998268       0.02     -0.990   39.49262  -72.31218    35.2926  1029.3842    27.4801     7.2839 0.0000e+00
    414.401     7.3333    35.1227  1029.3738     2.3772     4.0337     60.250   -0.00179    6.69493    6.70437 -9.990e-29    -0.0458   12.02462   3.589575 7.6781e-14    27.4742    27.4684 1.0000e-12    418.000          1      29326    1486.97 1.3024e+03  55503.741   1221.875 1531998270       0.19     -0.487   39.49262  -72.31218    35.2928  1029.3786    27.4792     7.2923 0.0000e+00
    413.408     7.3390    35.1233  1029.3688     2.3772     4.0464     60.432   -0.00005    6.69573    6.70519 -9.990e-29    -0.0553   12.02595   3.590058 7.5815e-14    27.4738    27.4680 1.0000e-12    417.000          1      29366    1486.97 1.3190e+03  55502.152   1223.529 1531998272      -0.17     -0.588   39.49262  -72.31218    35.2928  1029.3731    27.4783     7.2981 0.0000e+00
    412.413     7.3275    35.1239  1029.3664     2.3779     4.0509     60.498    0.00038    6.69593    6.70538      8.537    -0.0538   12.02627   3.588934 7.5103e-14    27.4759    27.4701 1.0000e-12    416.000          1      29407    1486.91 1.3315e+03  55505.598   1225.245 1531998274       0.12     -0.595   39.49262  -72.31218    35.2927  1029.3703    27.4799     7.2867 0.0000e+00
    411.434     7.3253    35.1234  1029.3619 -9.990e-29     4.0463     60.456    0.00004    6.69286    6.70227      8.537    -0.0540   12.02123   3.588639 7.5647e-14    27.4759    27.4701 1.0000e-12    415.000          1      29467    1486.89 1.3219e+03  55504.921   1227.760 1531998276      -0.11     -0.323   39.49260  -72.31218    35.2922  1029.3657    27.4797     7.2846 0.0000e+00
    410.440     7.3235    35.1235  1029.3577 -9.990e-29     4.0417     60.430   -0.00004    6.68809    6.69741      8.537    -0.0589   12.01335   3.588445 7.5849e-14    27.4762    27.4704 1.0000e-12    414.000          1      29496    1486.86 1.3184e+03  55504.839   1228.971 1531998277      -0.33     -0.687   39.49260  -72.31218    35.2924  1029.3616    27.4801     7.2829 0.0000e+00
    409.442     7.3335    35.1226  1029.3509     2.3778     4.0375     60.407   -0.00018    6.68381    6.69307      8.537    -0.0569   12.00628   3.589389 7.6341e-14    27.4740    27.4682 1.0000e-12    413.000          1      29520    1486.89 1.3099e+03  55499.992   1229.970 1531998278      -0.15     -0.948   39.49260  -72.31218    35.2930  1029.3560    27.4792     7.2930 0.0000e+00
    408.449     7.3523    35.1232  1029.3440     2.3772     4.0255     60.341   -0.00045    6.67124    6.68028      8.536    -0.0448   11.98560   3.591221 7.6877e-14    27.4718    27.4660 1.0000e-12    412.000          1      29550    1486.94 1.3008e+03  55495.111   1231.217 1531998280       0.17     -0.885   39.49260  -72.31218    35.2944  1029.3497    27.4776     7.3119 0.0000e+00
    407.466     7.4512    35.1198  1029.3216     2.3732     3.9974     60.030   -0.00185    6.65899    6.66785      8.536    -0.0522   11.96526   3.600461 7.5554e-14    27.4549    27.4490 1.0000e-12    411.000          1      29608    1487.30 1.3237e+03  55461.660   1233.608 1531998282       0.13     -0.391   39.49260  -72.31218    35.2956  1029.3310    27.4644     7.4105 0.0000e+00
    406.477     7.5521    35.1275  1029.3076     2.3637     3.9482     59.359   -0.00472    6.65143    6.66018 -9.990e-29    -0.0520   11.95273   3.610372 7.4226e-14    27.4464    27.4404 1.0000e-12    410.000          1      29661    1487.68 1.3472e+03  55443.802   1235.820 1531998284      -0.21     -0.472   39.49260  -72.31218    35.3018  1029.3158    27.4547     7.5112 0.0000e+00
    405.486     7.5764    35.1299  1029.3012     2.3588     3.9384     59.272   -0.00373    6.64462    6.65326 -9.990e-29    -0.0599   11.94144   3.612912 7.5305e-14    27.4448    27.4389 1.0000e-12    409.000          1      29695    1487.76 1.3280e+03  55440.268   1237.238 1531998286      -0.06     -0.687   39.49259  -72.31218    35.3054  1029.3103    27.4540     7.5355 0.0000e+00
    404.494     7.6037    35.1332  1029.2950     2.3548     3.9310     59.188   -0.00308    6.64159    6.65018 -9.990e-29    -0.0311   11.93644   3.615744 7.6625e-14    27.4434    27.4374 1.0000e-12    408.000          1      29724    1487.85 1.3051e+03  55436.435   1238.465 1531998287      -0.11     -0.770   39.49258  -72.31218    35.3091  1029.3045    27.4529     7.5629 0.0000e+00
    403.498     7.6470    35.1361  1029.2860     2.3501     3.9135     58.954   -0.00361    6.63823    6.64676 -9.990e-29    -0.0543   11.93092   3.619957 7.6934e-14    27.4393    27.4333 1.0000e-12    407.000          1      29755    1488.00 1.2998e+03  55428.070   1239.741 1531998288       0.08     -0.822   39.49258  -72.31218    35.3115  1029.2951    27.4485     7.6061 0.0000e+00
