CalculateIndicators/WaterTemperature/Data/CTD_NYOS/NY1807C29.cnv
* Sea-Bird SBE 9 Data File:
* FileName = C:\Seabird 9 CTD\Data\2018\OffshoreCruise201807\NY1807C29.hex
* Software Version Seasave V 7.23.2
* Temperature SN = 4590
* Conductivity SN = 3228
* Number of Bytes Per Scan = 44
* Number of Voltage Words = 5
* Number of Scans Averaged by the Deck Unit = 1
* NMEA Latitude = 39 55.49 N
* NMEA Longitude = 073 09.60 W
* NMEA UTC (Time) = Jul 20 2018  14:55:49
* NMEA baud rate = 4800
** Ship: RV Seawolf
** Station: NY1807C29
** Operator: ajb
# nquan = 35
# nvalues = 137                         
# units = specified
# name 0 = depSM: Depth [salt water, m]
# name 1 = t090C: Temperature [ITS-90, deg C]
# name 2 = sal00: Salinity, Practical [PSU]
# name 3 = density00: Density [density, kg/m^3]
# name 4 = sbeox0V: Oxygen raw, SBE 43 [V]
# name 5 = sbeox0ML/L: Oxygen, SBE 43 [ml/l]
# name 6 = sbeox0PS: Oxygen, SBE 43 [% saturation]
# name 7 = sbox0dV/dT: Oxygen, SBE 43 [dov/dt]
# name 8 = oxsolML/L: Oxygen Saturation, Garcia & Gordon [ml/l]
# name 9 = oxsatML/L: Oxygen Saturation, Weiss [ml/l]
# name 10 = ph: pH
# name 11 = flECO-AFL: Fluorescence, WET Labs ECO-AFL/FL [mg/m^3]
# name 12 = n2satML/L: Nitrogen Saturation [ml/l]
# name 13 = c0S/m: Conductivity [S/m]
# name 14 = cpar: CPAR/Corrected Irradiance [%]
# name 15 = sigma-é00: Density [sigma-theta, kg/m^3]
# name 16 = sigma-t00: Density [sigma-t, kg/m^3 ]
# name 17 = par: PAR/Irradiance, Biospherical/Licor
# name 18 = prDM: Pressure, Digiquartz [db]
# name 19 = pumps: Pump Status
# name 20 = scan: Scan Count
# name 21 = svCM: Sound Velocity [Chen-Millero, m/s]
# name 22 = spar: SPAR, Biospherical/Licor
# name 23 = specc: Specific Conductance [uS/cm]
# name 24 = timeS: Time, Elapsed [seconds]
# name 25 = timeY: Time, System [seconds]
# name 26 = accM: Acceleration [m/s^2]
# name 27 = dz/dtM: Descent Rate [m/s]
# name 28 = latitude: Latitude [deg]
# name 29 = longitude: Longitude [deg]
# name 30 = gsw_saA0: Absolute Salinity [g/kg]
# name 31 = gsw_densityA0: density, TEOS-10 [density, kg/m^3]
# name 32 = gsw_sigma0A0: density, TEOS-10 [sigma-0, kg/m^3 ]
# name 33 = gsw_ptA0: potential temperature [ITS-90, deg C]
# name 34 = flag: flag
# span 0 =      0.980,     68.464       
# span 1 =     7.3028,    23.5269       
# span 2 =    30.5576,    32.7070       
# span 3 =  1020.4483,  1025.8647       
# span 4 =     2.5406,     4.1282       
# span 5 =     4.3242,     6.9654       
# span 6 =     63.516,    119.054       
# span 7 =   -0.05408,    0.03930       
# span 8 =    4.98568,    6.80804       
# span 9 =    4.97361,    6.81632       
# span 10 =      8.531,      8.958      
# span 11 =     0.0233,     2.4656      
# span 12 =    9.23891,   12.24134      
# span 13 =   3.346135,   4.568754      
# span 14 = -1.307e-05, 8.1016e+01      
# span 15 =    20.4355,    25.5491      
# span 16 =    20.4353,    25.5482      
# span 17 = -2.779e-04, 1.7376e+03      
# span 18 =      1.000,     69.000      
# span 19 =          1,          1      
# span 20 =       1558,      23519      
# span 21 =    1478.04,    1526.03      
# span 22 = 1.1429e+03, 2.1740e+03      
# span 23 =  47047.230,  51790.935      
# span 24 =     64.893,    979.918      
# span 25 = 1532098628, 1532099544      
# span 26 =      -0.43,       0.46      
# span 27 =     -0.677,      0.485      
# span 28 =   39.92450,   39.92472      
# span 29 =  -73.16370,  -73.16035      
# span 30 =    30.7118,    32.8626      
# span 31 =  1020.4489,  1025.8671      
# span 32 =    20.4383,    25.5511      
# span 33 =     7.2965,    23.5263      
# span 34 = 0.0000e+00, 0.0000e+00      
# interval = decibars: 1                
# start_time = Jul 20 2018 14:56:04 [System UTC, first data scan.]
# bad_flag = -9.990e-29
*END*
      0.980    23.4765    30.5843  1020.4575     3.8719     5.4296    108.868   -0.01011    4.98728    4.97521      8.957     0.0678    9.24156   4.562614 5.2175e+01    20.4532    20.4531 1.1510e+03      1.000          1       1558    1525.87 2.1740e+03  47076.529     64.893 1532098628       0.46     -0.561   39.92472  -73.16035    30.7119  1020.4489    20.4446    23.4763 0.0000e+00
      1.984    23.5087    30.5790  1020.4487     3.8838     5.4745    109.805    0.00162    4.98568    4.97361      8.955     0.1355    9.23891   4.567235 7.4338e+01    20.4401    20.4400 1.5157e+03      2.000          1       1679    1525.96 2.0423e+03  47070.801     69.906 1532098634       0.11      0.106   39.92472  -73.16038    30.7240  1020.4532    20.4446    23.5083 0.0000e+00
      2.974    23.5269    30.5797  1020.4483     3.8878     5.5072    109.926    0.00069    5.00990    4.99792      8.957     0.1928    9.27935   4.568754 5.3745e+01    20.4355    20.4353 1.1241e+03      3.000          1       1829    1526.03 2.0887e+03  47071.786     76.159 1532098640       0.15      0.245   39.92472  -73.16040    30.7225  1020.4512    20.4383    23.5263 0.0000e+00
      3.971    23.2980    30.5747  1020.5143     3.8948     5.5253    110.290    0.00332    5.00979    4.99781      8.958     0.2878    9.27917   4.546287 7.3403e+01    20.4971    20.4969 9.4002e+02      4.000          1       1880    1525.45 1.5404e+03  47070.318     78.291 1532098642      -0.03      0.414   39.92472  -73.16040    30.7118  1020.5129    20.4957    23.2972 0.0000e+00
      4.960    23.2315    30.5722  1020.5356     3.8848     5.5007    109.668   -0.00324    5.01577    5.00382      8.957     0.3322    9.28883   4.540503 3.6682e+01    20.5142    20.5139 7.5082e+02      5.000          1       1993    1525.30 2.0015e+03  47068.668     83.008 1532098648       0.02      0.164   39.92471  -73.16040    30.7140  1020.5379    20.5164    23.2305 0.0000e+00
      5.955    23.1656    30.6057  1020.5840     3.8883     5.5302    110.018    0.00161    5.02663    5.01475      8.954     0.3861    9.30618   4.538839 3.4364e+01    20.5582    20.5579 6.3192e+02      6.000          1       2066    1525.18 1.8935e+03  47116.714     86.044 1532098650       0.03      0.377   39.92470  -73.16042    30.7470  1020.5858    20.5600    23.1644 0.0000e+00
      6.946    23.0084    30.7115  1020.7129     3.9135     5.5951    111.057    0.00497    5.03809    5.02627      8.946     0.3961    9.32436   4.538476 3.4252e+01    20.6828    20.6824 4.6592e+02      7.000          1       2165    1524.91 1.7062e+03  47266.628     90.150 1532098654      -0.04      0.212   39.92470  -73.16043    30.8538  1020.7151    20.6850    23.0070 0.0000e+00
      7.938    22.8030    30.7899  1020.8343     3.9194     5.6983    111.154    0.00229    5.12645    5.11512      8.926     0.4463    9.47022   4.527750 3.2711e+01    20.7999    20.7995 3.9798e+02      8.000          1       2259    1524.48 1.5768e+03  47380.196     94.096 1532098658       0.06      0.303   39.92470  -73.16044    30.9160  1020.8241    20.7897    22.8014 0.0000e+00
      8.931    21.8528    30.9264  1021.2051     3.9724     5.8739    113.652    0.01563    5.16829    5.15725      8.920     0.4874    9.53837   4.456921 2.0997e+01    21.1663    21.1658 3.1620e+02      9.000          1       2344    1522.14 1.8428e+03  47596.175     97.643 1532098662       0.01      0.248   39.92470  -73.16045    31.0454  1021.1895    21.1506    21.8511 0.0000e+00
      9.923    20.9926    31.1791  1021.6335     4.0258     6.0909    115.619    0.01694    5.26810    5.25781      8.906     0.6852    9.70148   4.408948 2.5705e+01    21.5902    21.5897 2.5110e+02     10.000          1       2445    1520.12 1.4862e+03  47975.007    101.830 1532098666       0.05      0.326   39.92468  -73.16046    31.2916  1021.6122    21.5689    20.9907 0.0000e+00
     10.917    20.2412    31.3750  1021.9842     4.0819     6.2437    117.861    0.02199    5.29751    5.28744      8.906     0.7805    9.74979   4.362803 1.3158e+01    21.9364    21.9359 1.9823e+02     11.000          1       2517    1518.28 1.8244e+03  48277.205    104.826 1532098669       0.03      0.344   39.92468  -73.16048    31.4772  1021.9546    21.9068    20.2392 0.0000e+00
     11.904    19.7069    31.4826  1022.2092     4.1037     6.2738    117.364   -0.00244    5.34560    5.33592      8.900     0.9606    9.82906   4.329294 6.9661e+00    22.1571    22.1565 1.4782e+02     12.000          1       2641    1516.92 2.0790e+03  48450.443    109.986 1532098674       0.21      0.225   39.92468  -73.16050    31.6049  1022.1945    22.1423    19.7048 0.0000e+00
     12.902    19.4464    31.5179  1022.3067     4.1014     6.3315    117.382   -0.00045    5.39406    5.38479      8.902     1.0035    9.90924   4.309456 1.8427e+01    22.2501    22.2496 1.2866e+02     13.000          1       2695    1516.24 1.1429e+03  48512.937    112.232 1532098676      -0.05      0.373   39.92468  -73.16050    31.6392  1022.2912    22.2346    19.4441 0.0000e+00
     13.892    18.5682    31.6011  1022.5932     4.0817     6.4317    116.371   -0.00577    5.52696    5.51884      8.896     1.0553   10.12963   4.236120 6.0977e+00    22.5321    22.5315 1.1990e+02     14.000          1       2790    1513.82 1.9830e+03  48678.334    116.188 1532098680       0.03      0.242   39.92468  -73.16052    31.7018  1022.5618    22.5006    18.5658 0.0000e+00
     14.882    17.2952    31.6499  1022.9426     4.0283     6.4630    113.710   -0.01840    5.68342    5.67679      8.882     1.0901   10.38953   4.123511 5.2139e+00    22.8768    22.8762 1.0720e+02     15.000          1       2882    1510.14 2.0499e+03  48828.807    120.054 1532098684       0.04      0.250   39.92468  -73.16053    31.7363  1022.9000    22.8342    17.2928 0.0000e+00
     15.879    16.3462    31.6678  1023.1783     4.0010     6.4558    113.164   -0.01166    5.70483    5.69854      8.885     1.2047   10.42263   4.038919 5.2806e+00    23.1078    23.1072 9.1768e+01     16.000          1       2941    1507.27 1.8119e+03  48929.900    122.516 1532098687      -0.05      0.377   39.92467  -73.16054    31.7517  1023.1335    23.0630    16.3437 0.0000e+00
     16.866    15.5234    32.0549  1023.6646     4.0798     6.9654    118.475    0.02755    5.88108    5.87673      8.910     1.3673   10.71322   4.010262 3.3793e+00    23.5896    23.5890 7.4188e+01     17.000          1       3058    1505.19 2.1296e+03  49539.368    127.357 1532098691       0.07      0.121   39.92466  -73.16055    32.1604  1023.6348    23.5597    15.5208 0.0000e+00
     17.864    14.4830    32.0547  1023.8917     3.9446     6.4583    108.156   -0.05408    5.97258    5.96927      8.901     1.3471   10.86510   3.912508 3.1250e+00    23.8119    23.8114 6.0707e+01     18.000          1       3109    1501.88 1.9783e+03  49645.316    129.496 1532098694       0.01      0.452   39.92466  -73.16056    32.1326  1023.8403    23.7605    14.4804 0.0000e+00
     18.854    13.2376    32.1258  1024.2044     3.7443     6.2334    102.013   -0.04087    6.10972    6.10812      8.878     1.5344   11.09082   3.807249 2.4162e+00    24.1197    24.1192 4.6601e+01     19.000          1       3200    1497.89 1.9706e+03  49892.456    133.287 1532098697      -0.03      0.223   39.92466  -73.16057    32.1985  1024.1481    24.0634    13.2351 0.0000e+00
     19.844    12.2637    32.2510  1024.4956     3.6642     6.2004    100.037   -0.02894    6.19812    6.19767      8.838     1.6409   11.23612   3.734450 1.6633e+00    24.4061    24.4056 3.4972e+01     20.000          1       3288    1494.78 2.0971e+03  50196.188    136.970 1532098701       0.08      0.321   39.92466  -73.16060    32.3377  1024.4491    24.3595    12.2611 0.0000e+00
     20.840    11.7539    32.3315  1024.6573     3.6115     6.1481     98.927   -0.01946    6.21477    6.21454      8.838     1.8503   11.26366   3.698061 1.6926e+00    24.5630    24.5626 2.7542e+01     21.000          1       3349    1493.13 1.7362e+03  50385.452    139.501 1532098704      -0.05      0.371   39.92466  -73.16060    32.4270  1024.6169    24.5227    11.7513 0.0000e+00
     21.828    11.4550    32.3550  1024.7347     3.5672     6.1667     98.294   -0.00789    6.27381    6.27436      8.835     2.2499   11.36106   3.675757 1.1674e+00    24.6359    24.6354 2.2272e+01     22.000          1       3448    1492.14 1.9895e+03  50464.847    143.630 1532098708       0.06      0.202   39.92465  -73.16061    32.4698  1024.7091    24.6102    11.4523 0.0000e+00
     22.823    11.1756    32.3790  1024.8080     3.5273     6.0627     96.089   -0.01823    6.30954    6.31055      8.826     2.4656   11.42012   3.653057 8.6554e-01    24.7045    24.7040 1.7780e+01     23.000          1       3502    1491.21 2.0575e+03  50544.304    145.872 1532098710       0.01      0.448   39.92464  -73.16062    32.4916  1024.7804    24.6769    11.1728 0.0000e+00
     23.816    10.8139    32.3945  1024.8883     3.4572     5.9093     93.275   -0.02283    6.33541    6.33677      8.819     2.3572   11.46290   3.623043 8.1878e-01    24.7802    24.7797 1.3799e+01     24.000          1       3573    1489.97 1.7624e+03  50626.637    148.832 1532098713      -0.05      0.315   39.92464  -73.16063    32.5132  1024.8652    24.7571    10.8111 0.0000e+00
     24.808    10.5815    32.4021  1024.9391     3.4091     5.8911     92.869   -0.00712    6.34343    6.34490      8.804     1.9914   11.47604   3.604407 5.1073e-01    24.8263    24.8258 1.0462e+01     25.000          1       3670    1489.17 2.0448e+03  50677.763    152.862 1532098717       0.03      0.260   39.92464  -73.16065    32.5333  1024.9255    24.8127    10.5786 0.0000e+00
     25.797    10.5433    32.4109  1024.9570     3.4074     5.9347     93.529    0.00160    6.34530    6.34681      8.803     1.7595   11.47897   3.603005 4.1872e-01    24.8398    24.8392 8.4992e+00     26.000          1       3779    1489.06 2.0292e+03  50697.389    157.406 1532098721       0.11      0.211   39.92464  -73.16066    32.5529  1024.9518    24.8345    10.5402 0.0000e+00
     26.792    10.5400    32.4249  1024.9731     3.4239     5.9850     94.292    0.00377    6.34734    6.34887      8.805     1.7218   11.48230   3.604576 3.3502e-01    24.8513    24.8507 6.8321e+00     27.000          1       3862    1489.08 2.0412e+03  50718.354    160.867 1532098725      -0.05      0.250   39.92464  -73.16068    32.5712  1024.9711    24.8493    10.5369 0.0000e+00
     27.782    10.5084    32.4314  1024.9881     3.4184     5.9518     93.359   -0.00562    6.37523    6.37714      8.807     0.9655   11.52834   3.602581 2.6695e-01    24.8618    24.8612 5.4136e+00     28.000          1       3971    1488.99 2.0276e+03  50733.721    165.437 1532098729       0.13      0.256   39.92462  -73.16070    32.5790  1024.9870    24.8607    10.5052 0.0000e+00
     28.777    10.3102    32.4398  1025.0330     3.3341     5.6601     88.555   -0.02830    6.39164    6.39377      8.800     0.8895   11.55550   3.585306 2.1982e-01    24.9020    24.9014 4.4756e+00     29.000          1       4047    1488.31 2.0364e+03  50781.584    168.565 1532098733      -0.03      0.294   39.92462  -73.16070    32.5820  1025.0276    24.8967    10.3069 0.0000e+00
     29.766    10.1520    32.4455  1025.0686     3.2490     5.6101     87.348   -0.00701    6.42261    6.42517      8.769     0.6509   11.60653   3.572210 1.7682e-01    24.9331    24.9325 3.6008e+00     30.000          1       4168    1487.76 2.0366e+03  50818.803    173.618 1532098738       0.09      0.180   39.92462  -73.16072    32.5912  1025.0659    24.9304    10.1486 0.0000e+00
     30.761     9.9681    32.4593  1025.1147     3.2123     5.5019     85.431   -0.01467    6.44029    6.44310      8.761     0.6259   11.63563   3.556817 1.4919e-01    24.9744    24.9739 3.0443e+00     31.000          1       4238    1487.13 2.0407e+03  50873.243    176.542 1532098741      -0.03      0.309   39.92462  -73.16074    32.6000  1025.1079    24.9677     9.9646 0.0000e+00
     31.753     9.8078    32.4880  1025.1681     3.1670     5.4772     84.888   -0.00246    6.45222    6.45524      8.747     0.6178   11.65471   3.546037 1.2613e-01    25.0232    25.0227 2.5728e+00     32.000          1       4346    1486.60 2.0404e+03  50944.592    181.042 1532098745       0.12      0.294   39.92462  -73.16076    32.6345  1025.1657    25.0208     9.8043 0.0000e+00
     32.744     9.6923    32.5360  1025.2290     3.1864     5.5844     85.975    0.00206    6.49573    6.49935      8.747     0.7058   11.72661   3.540168 1.0841e-01    25.0796    25.0790 2.2138e+00     33.000          1       4436    1486.26 2.0447e+03  51035.281    184.787 1532098749      -0.03      0.251   39.92462  -73.16076    32.6787  1025.2234    25.0740     9.6887 0.0000e+00
     33.736     9.3805    32.5342  1025.2826     3.0802     5.1967     79.677   -0.02814    6.52251    6.52650      8.720     0.7201   11.77098   3.511947 9.2981e-02    25.1284    25.1278 1.8962e+00     34.000          1       4535    1485.13 2.0393e+03  51094.959    188.921 1532098753       0.05      0.217   39.92462  -73.16078    32.6718  1025.2728    25.1186     9.3769 0.0000e+00
     34.730     9.1873    32.5284  1025.3134     2.9856     5.0218     76.777   -0.02338    6.54074    6.54499      8.691     0.7120   11.80110   3.494820 7.3376e-02    25.1545    25.1539 1.5384e+00     35.000          1       4626    1484.43 2.0981e+03  51126.560    192.711 1532098757       0.15      0.419   39.92460  -73.16080    32.6707  1025.3072    25.1483     9.1836 0.0000e+00
     35.722     9.1080    32.5350  1025.3356     2.9705     5.1284     78.180   -0.00133    6.55944    6.56395      8.690     0.6961   11.83193   3.488810 6.4341e-02    25.1721    25.1715 1.3353e+00     36.000          1       4722    1484.16 2.0756e+03  51152.780    196.702 1532098761      -0.05      0.222   39.92460  -73.16080    32.6805  1025.3318    25.1683     9.1042 0.0000e+00
     36.709     8.9971    32.5364  1025.3586     2.9688     5.1689     77.520   -0.00871    6.66779    6.67395      8.674     0.6023   12.00995   3.478591 5.0516e-02    25.1905    25.1899 1.0749e+00     37.000          1       4843    1483.77 2.1269e+03  51178.374    201.755 1532098766       0.23      0.267   39.92460  -73.16082    32.6753  1025.3497    25.1815     8.9933 0.0000e+00
     37.709     8.4203    32.6129  1025.5112     2.8520     4.6987     70.473   -0.04120    6.66747    6.67362      8.655     0.5517   12.00943   3.433904 4.3995e-02    25.3380    25.3375 9.3384e-01     38.000          1       4901    1481.73 2.1226e+03  51413.721    204.182 1532098768       0.01      0.448   39.92460  -73.16083    32.7384  1025.4912    25.3180     8.4165 0.0000e+00
     38.694     8.1906    32.6316  1025.5648     2.7279     4.6235     69.274   -0.00649    6.67416    6.68040      8.625     0.1842   12.02064   3.417280 3.6722e-02    25.3870    25.3864 7.7976e-01     39.000          1       5041    1480.90 2.1235e+03  51492.104    209.999 1532098774       0.25      0.344   39.92460  -73.16086    32.7753  1025.5589    25.3811     8.1868 0.0000e+00
     39.693     8.1911    32.6299  1025.5681     2.7241     4.6257     69.309   -0.00467    6.67402    6.68026      8.625     0.2050   12.02041   3.417434 3.3371e-02    25.3856    25.3850 7.0248e-01     40.000          1       5093    1480.92 2.1053e+03  51490.321    212.159 1532098776      -0.02      0.485   39.92460  -73.16086    32.7761  1025.5640    25.3816     8.1872 0.0000e+00
     40.680     8.1872    32.6274  1025.5712     2.7137     4.6238     69.272   -0.00120    6.67481    6.68106      8.621     0.2191   12.02174   3.417343 2.6946e-02    25.3842    25.3836 5.7235e-01     41.000          1       5231    1480.92 2.1241e+03  51488.244    217.931 1532098782       0.32      0.412   39.92458  -73.16088    32.7783  1025.5709    25.3839     8.1832 0.0000e+00
