CalculateIndicators/WaterTemperature/Data/CTD_NYOS/NY1807C21.cnv
* Sea-Bird SBE 9 Data File:
* FileName = C:\Seabird 9 CTD\Data\2018\OffshoreCruise201807\NY1807C21.hex
* Software Version Seasave V 7.23.2
* Temperature SN = 4590
* Conductivity SN = 3228
* Number of Bytes Per Scan = 44
* Number of Voltage Words = 5
* Number of Scans Averaged by the Deck Unit = 1
* NMEA Latitude = 39 13.62 N
* NMEA Longitude = 072 33.41 W
* NMEA UTC (Time) = Jul 19 2018  02:54:04
* NMEA baud rate = 4800
** Ship: RV Seawolf
** Station: NY1807C21
** Operator: jdw
# nquan = 35
# nvalues = 265                         
# units = specified
# name 0 = depSM: Depth [salt water, m]
# name 1 = t090C: Temperature [ITS-90, deg C]
# name 2 = sal00: Salinity, Practical [PSU]
# name 3 = density00: Density [density, kg/m^3]
# name 4 = sbeox0V: Oxygen raw, SBE 43 [V]
# name 5 = sbeox0ML/L: Oxygen, SBE 43 [ml/l]
# name 6 = sbeox0PS: Oxygen, SBE 43 [% saturation]
# name 7 = sbox0dV/dT: Oxygen, SBE 43 [dov/dt]
# name 8 = oxsolML/L: Oxygen Saturation, Garcia & Gordon [ml/l]
# name 9 = oxsatML/L: Oxygen Saturation, Weiss [ml/l]
# name 10 = ph: pH
# name 11 = flECO-AFL: Fluorescence, WET Labs ECO-AFL/FL [mg/m^3]
# name 12 = n2satML/L: Nitrogen Saturation [ml/l]
# name 13 = c0S/m: Conductivity [S/m]
# name 14 = cpar: CPAR/Corrected Irradiance [%]
# name 15 = sigma-é00: Density [sigma-theta, kg/m^3]
# name 16 = sigma-t00: Density [sigma-t, kg/m^3 ]
# name 17 = par: PAR/Irradiance, Biospherical/Licor
# name 18 = prDM: Pressure, Digiquartz [db]
# name 19 = pumps: Pump Status
# name 20 = scan: Scan Count
# name 21 = svCM: Sound Velocity [Chen-Millero, m/s]
# name 22 = spar: SPAR, Biospherical/Licor
# name 23 = specc: Specific Conductance [uS/cm]
# name 24 = timeS: Time, Elapsed [seconds]
# name 25 = timeY: Time, System [seconds]
# name 26 = accM: Acceleration [m/s^2]
# name 27 = dz/dtM: Descent Rate [m/s]
# name 28 = latitude: Latitude [deg]
# name 29 = longitude: Longitude [deg]
# name 30 = gsw_saA0: Absolute Salinity [g/kg]
# name 31 = gsw_densityA0: density, TEOS-10 [density, kg/m^3]
# name 32 = gsw_sigma0A0: density, TEOS-10 [sigma-0, kg/m^3 ]
# name 33 = gsw_ptA0: potential temperature [ITS-90, deg C]
# name 34 = flag: flag
# span 0 =      1.979,    132.944       
# span 1 =     9.2376,    23.7410       
# span 2 =    33.8106,    35.5513       
# span 3 =  1022.8328,  1027.4631       
# span 4 =     2.8936,     4.5107       
# span 5 =     4.5336,     6.8748       
# span 6 =     75.727,    134.367       
# span 7 =   -0.09131,    0.12289       
# span 8 =    4.87427,    6.46679       
# span 9 =    4.86250,    6.47133       
# span 10 =      8.684,      9.007      
# span 11 =    -0.0980,     1.3137      
# span 12 =    9.02201,   11.66270      
# span 13 =   3.630243,   5.021592      
# span 14 = -4.152e+03, 9.3451e+04      
# span 15 =    22.8242,    26.8684      
# span 16 =    22.8241,    26.8649      
# span 17 = -1.617e-04, 8.6652e-01      
# span 18 =      2.000,    134.000      
# span 19 =          1,          1      
# span 20 =        202,      15601      
# span 21 =    1486.51,    1530.11      
# span 22 = 3.7453e-01, 4.2255e+00      
# span 23 =  51484.281,  54768.196      
# span 24 =      8.390,    649.987      
# span 25 = 1531968908, 1531969549      
# span 26 =      -0.67,       0.60      
# span 27 =     -1.216,      1.125      
# span 28 =   39.22686,   39.22708      
# span 29 =  -72.55839,  -72.55710      
# span 30 =    33.9781,    35.7201      
# span 31 =  1022.8368,  1027.4674      
# span 32 =    22.8283,    26.8729      
# span 33 =     9.2323,    23.7402      
# span 34 = 0.0000e+00, 0.0000e+00      
# interval = decibars: 1                
# start_time = Jul 19 2018 02:54:59 [System UTC, first data scan.]
# bad_flag = -9.990e-29
*END*
      1.985    23.7390    33.8189  1022.8328     3.7212     5.0724    104.058    0.00013    4.87462    4.86285      8.910     0.0233    9.02268   5.020168 5.7722e-01    22.8242    22.8241 2.2798e-02      2.000          1        202    1530.06 3.9495e+00  51494.340      8.390 1531968908       0.13     -0.031   39.22705  -72.55710    33.9793  1022.8368    22.8283    23.7386 0.0000e+00
      2.977    23.7407    33.8244  1022.8407     3.7241     5.0758    104.135   -0.00098    4.87427    4.86250      8.910     0.0307    9.02201   5.021112 -4.093e-03    22.8279    22.8277 -1.617e-04      3.000          1        459    1530.09 3.9495e+00  51502.156     19.075 1531968918       0.12      0.401   39.22706  -72.55712    33.9848  1022.8448    22.8320    23.7401 0.0000e+00
      3.969    23.7410    33.8277  1022.8475     3.7310     5.1324    104.559    0.00265    4.90843    4.89684      8.917     0.0231    9.07720   5.021592 2.5028e-11    22.8304    22.8301 1.0000e-12      4.000          1        528    1530.11 3.9495e+00  51506.973     21.967 1531968921      -0.07      0.298   39.22706  -72.55712    33.9879  1022.8514    22.8344    23.7402 0.0000e+00
      4.955    23.5112    33.9325  1022.9981     3.8568     5.5989    112.082    0.06923    4.99551    4.98441      8.942     0.0897    9.21834   5.010356 2.5334e-11    22.9767    22.9764 1.0000e-12      5.000          1        589    1529.66 3.9495e+00  51655.050     24.516 1531968924       0.26      0.466   39.22706  -72.55714    34.0787  1022.9912    22.9698    23.5101 0.0000e+00
      5.953    23.0603    34.0852  1023.2486     3.9764     5.8612    117.392    0.09313    4.99286    4.98180      8.950     0.1608    9.21219   4.982289 2.5270e-11    23.2229    23.2226 1.0000e-12      6.000          1        615    1528.70 3.9495e+00  51874.843     25.601 1531968925       0.29      0.766   39.22706  -72.55714    34.2118  1023.2265    23.2008    23.0591 0.0000e+00
      6.955    22.5272    34.1971  1023.4898     4.0861     6.0917    122.021    0.10999    4.99234    4.98128      8.958     0.1815    9.21128   4.942501 2.5102e-11    23.4597    23.4594 1.0000e-12      7.000          1        641    1527.47 3.9495e+00  52043.487     26.665 1531968926       0.02      0.958   39.22706  -72.55714    34.3205  1023.4650    23.4350    22.5258 0.0000e+00
      7.940    22.1373    34.5104  1023.8422     4.1472     6.0366    120.916    0.04048    4.99236    4.98130      8.964     0.1993    9.21129   4.945562 2.5160e-11    23.8079    23.8074 1.0000e-12      8.000          1        684    1526.82 3.9495e+00  52481.300     28.470 1531968928      -0.20      0.589   39.22706  -72.55714    34.6531  1023.8309    23.7965    22.1357 0.0000e+00
      8.927    22.1395    34.5551  1023.8799     4.1645     5.9898    119.932    0.00606    4.99429    4.98324      8.967     0.1966    9.21448   4.951684 2.5106e-11    23.8413    23.8408 1.0000e-12      9.000          1        734    1526.89 3.9495e+00  52542.309     30.551 1531968930       0.08      0.459   39.22706  -72.55716    34.6991  1023.8694    23.8308    22.1377 0.0000e+00
      9.922    22.1367    34.5535  1023.8837     4.1679     5.9875    119.818    0.00075    4.99715    4.98612      8.969     0.1892    9.21922   4.951669 2.5322e-11    23.8408    23.8403 1.0000e-12     10.000          1        766    1526.90 3.9495e+00  52540.637     31.892 1531968931       0.21      0.681   39.22706  -72.55716    34.7009  1023.8758    23.8329    22.1347 0.0000e+00
     10.916    22.1241    34.5550  1023.8927     4.1824     6.0413    120.820    0.01103    5.00023    4.98923      8.969     0.2089    9.22418   4.950771 2.5320e-11    23.8456    23.8449 1.0000e-12     11.000          1        795    1526.88 3.9495e+00  52543.532     33.078 1531968932       0.03      0.839   39.22706  -72.55716    34.7035  1023.8857    23.8385    22.1220 0.0000e+00
     11.905    22.0989    34.5558  1023.9048     4.1859     6.0393    120.681    0.00536    5.00434    4.99336      8.969     0.2284    9.23066   4.948538 2.5320e-11    23.8533    23.8526 1.0000e-12     12.000          1        823    1526.83 3.9495e+00  52546.042     34.230 1531968933       0.04      0.835   39.22706  -72.55716    34.7058  1023.8988    23.8474    22.0966 0.0000e+00
     12.910    22.0697    34.5607  1023.9211     4.2154     6.1239    122.258    0.01681    5.00899    4.99805      8.970     0.2382    9.23803   4.946420 2.5320e-11    23.8653    23.8646 1.0000e-12     13.000          1        848    1526.78 3.9495e+00  52554.175     35.294 1531968934       0.04      0.938   39.22706  -72.55716    34.7122  1023.9162    23.8605    22.0671 0.0000e+00
     13.888    21.9623    34.6197  1024.0003     4.2904     6.3489    125.744    0.03372    5.04895    5.03830      8.988     0.3179    9.30268   4.943153 2.5182e-11    23.9402    23.9394 1.0000e-12     14.000          1        905    1526.58 3.9495e+00  52638.462     37.673 1531968937      -0.24      0.368   39.22706  -72.55716    34.7722  1023.9961    23.9360    21.9596 0.0000e+00
     14.881    21.7484    34.7545  1024.1666     4.3625     6.5376    128.877    0.04539    5.07276    5.06226      8.995     0.3891    9.34223   4.937696 2.5320e-11    24.1022    24.1014 1.0000e-12     15.000          1        945    1526.18 3.9495e+00  52829.693     39.352 1531968938       0.49      0.584   39.22706  -72.55717    34.9013  1024.1576    24.0932    21.7455 0.0000e+00
     15.881    21.4376    34.8197  1024.3065     4.3886     6.5671    129.241    0.03398    5.08130    5.07086      8.998     0.4352    9.35639   4.912262 2.5320e-11    24.2377    24.2369 1.0000e-12     16.000          1        969    1525.45 3.9495e+00  52931.218     40.321 1531968939       0.22      0.956   39.22706  -72.55718    34.9506  1024.2853    24.2165    21.4345 0.0000e+00
     16.874    21.2806    34.8182  1024.3529     4.4131     6.5971    129.655    0.02483    5.08820    5.07781      8.999     0.4741    9.36782   4.897115 2.5320e-11    24.2798    24.2789 1.0000e-12     17.000          1        995    1525.04 3.9495e+00  52936.089     41.419 1531968941      -0.11      0.972   39.22706  -72.55718    34.9570  1024.3378    24.2646    21.2774 0.0000e+00
     17.865    21.1026    34.8230  1024.4096     4.4294     6.6182    129.673    0.01328    5.10373    5.09345      9.000     0.4982    9.39351   4.879856 2.5320e-11    24.3321    24.3312 1.0000e-12     18.000          1       1030    1524.59 3.9495e+00  52950.838     42.894 1531968942      -0.18      0.736   39.22706  -72.55718    34.9636  1024.3958    24.3184    21.0992 0.0000e+00
     18.850    20.9645    34.8284  1024.4557     4.4411     6.6453    129.781    0.00697    5.12039    5.11023      9.001     0.5760    9.42106   4.866622 2.5320e-11    24.3739    24.3730 1.0000e-12     19.000          1       1073    1524.24 3.9495e+00  52964.962     44.657 1531968944       0.05      0.530   39.22706  -72.55718    34.9698  1024.4426    24.3608    20.9608 0.0000e+00
     19.851    20.8001    34.8388  1024.5125     4.4544     6.6934    130.347    0.00871    5.13503    5.12497      9.003     0.6066    9.44526   4.850866 2.5086e-11    24.4263    24.4253 1.0000e-12     20.000          1       1105    1523.82 3.9495e+00  52987.082     45.996 1531968945       0.08      0.723   39.22706  -72.55718    34.9772  1024.4970    24.4109    20.7963 0.0000e+00
     20.836    20.6130    34.8517  1024.5772     4.4502     6.8328    129.704   -0.00083    5.26817    5.25913      9.007     0.6820    9.66699   4.833964 2.5332e-11    24.4866    24.4856 1.0000e-12     21.000          1       1150    1523.34 3.9495e+00  53014.156     47.856 1531968947      -0.15      0.543   39.22706  -72.55720    34.9939  1024.5646    24.4741    20.6090 0.0000e+00
     21.822    20.4191    34.8668  1024.6449     4.4120     6.7292    127.108   -0.02404    5.29396    5.28513      9.002     0.8286    9.70996   4.813712 2.5320e-11    24.5501    24.5490 1.0000e-12     22.000          1       1185    1522.85 3.9495e+00  53044.932     49.313 1531968948       0.36      0.585   39.22706  -72.55720    34.9888  1024.6170    24.5221    20.4150 0.0000e+00
     22.828    19.6334    34.8288  1024.8274     4.4019     6.7226    126.712   -0.02462    5.30542    5.29668      9.003     0.8060    9.72914   4.722248 2.5320e-11    24.7279    24.7268 1.0000e-12     23.000          1       1205    1520.64 3.9495e+00  53036.560     50.160 1531968949       0.40      0.971   39.22706  -72.55720    34.8891  1024.7529    24.6534    19.6292 0.0000e+00
     23.827    18.9219    34.7869  1024.9829     4.3928     6.7858    127.172   -0.01047    5.33586    5.32740      9.004     0.8100    9.77960   4.650804 2.5138e-11    24.8787    24.8776 1.0000e-12     24.000          1       1231    1518.60 3.9495e+00  53023.820     51.264 1531968950      -0.15      1.021   39.22708  -72.55720    34.8890  1024.9403    24.8362    18.9176 0.0000e+00
     24.798    18.6069    34.7692  1025.0537     4.3322     6.7400    124.118   -0.02632    5.43026    5.42266      8.982     0.7119    9.93642   4.617453 2.5365e-11    24.9452    24.9441 1.0000e-12     25.000          1       1295    1517.70 3.9495e+00  53020.584     53.919 1531968953      -0.10      0.185   39.22708  -72.55720    34.8734  1025.0129    24.9043    18.6025 0.0000e+00
     25.797    18.2413    34.7757  1025.1548     4.2696     6.6861    120.800   -0.04343    5.53515    5.52858      8.979     0.7413   10.11110   4.582523 2.5320e-11    25.0417    25.0406 1.0000e-12     26.000          1       1326    1516.67 3.9495e+00  53055.685     55.210 1531968954       0.43      0.654   39.22708  -72.55721    34.8867  1025.1191    25.0060    18.2368 0.0000e+00
     26.799    17.6949    34.7594  1025.2811     4.2075     6.7219    117.765   -0.05366    5.70849    5.70369      8.966     0.7645   10.40037   4.522391 2.5004e-11    25.1634    25.1622 1.0000e-12     27.000          1       1350    1515.07 3.9495e+00  53074.490     56.200 1531968955       0.15      0.956   39.22708  -72.55722    34.8372  1025.2200    25.1023    17.6903 0.0000e+00
     27.786    17.1363    34.7374  1025.4031     4.0813     6.4712    110.997   -0.08573    5.83034    5.82685      8.931     0.9699   10.60398   4.463157 2.5316e-11    25.2808    25.2797 1.0000e-12     28.000          1       1382    1513.40 3.9495e+00  53090.814     57.548 1531968957      -0.23      0.827   39.22708  -72.55722    34.8026  1025.3324    25.2101    17.1317 0.0000e+00
     28.776    15.3108    34.5606  1025.6922     3.9553     6.2091    106.179   -0.09131    5.84775    5.84445      8.915     1.2290   10.63323   4.251895 2.5320e-11    25.5646    25.5636 1.0000e-12     29.000          1       1417    1507.61 3.9495e+00  53022.795     59.003 1531968958       0.09      0.650   39.22708  -72.55722    34.5127  1025.5352    25.4075    15.3064 0.0000e+00
     29.776    14.1193    34.3807  1025.8164     3.8820     6.2589    105.571   -0.06166    5.92868    5.92630      8.911     1.2592   10.76822   4.125972 2.5320e-11    25.6836    25.6827 1.0000e-12     30.000          1       1450    1503.62 3.9495e+00  52912.943     60.371 1531968959      -0.05      0.748   39.22708  -72.55722    34.4113  1025.7196    25.5868    14.1150 0.0000e+00
     30.754    13.6272    34.2921  1025.8553     3.7734     6.1619    102.911   -0.04502    5.98746    5.98575      8.887     1.1363   10.86635   4.070617 2.5320e-11    25.7178    25.7169 1.0000e-12     31.000          1       1506    1501.94 3.9495e+00  52852.934     62.693 1531968962      -0.09      0.352   39.22708  -72.55722    34.3333  1025.7668    25.6293    13.6229 0.0000e+00
     31.753    12.9299    34.2108  1025.9387     3.7285     6.1629    101.911   -0.03676    6.04741    6.04642      8.890     1.1568   10.96626   3.998045 2.5320e-11    25.7964    25.7955 1.0000e-12     32.000          1       1537    1499.55 3.9495e+00  52835.116     63.986 1531968963       0.40      0.666   39.22708  -72.55722    34.2740  1025.8670    25.7246    12.9255 0.0000e+00
     32.751    12.8621    34.1953  1025.9446     3.6954     6.1821    100.962   -0.03351    6.12332    6.12327      8.880     1.0493   11.09268   3.991729 2.5320e-11    25.7978    25.7969 1.0000e-12     33.000          1       1561    1499.32 3.9495e+00  52824.206     65.018 1531968964       0.11      0.941   39.22708  -72.55724    34.2745  1025.8853    25.7384    12.8577 0.0000e+00
     33.739    12.6048    34.1487  1025.9635     3.6412     6.0817     98.649   -0.03858    6.16508    6.16553      8.866     0.8485   11.16236   3.960369 2.5320e-11    25.8120    25.8111 1.0000e-12     34.000          1       1592    1498.42 3.9495e+00  52797.459     66.279 1531968965      -0.16      0.855   39.22708  -72.55724    34.2061  1025.8875    25.7360    12.6003 0.0000e+00
     34.734    11.9841    34.0790  1026.0336     3.5783     5.9793     95.671   -0.04761    6.25013    6.25166      8.863     0.8514   11.30394   3.893058 2.4885e-11    25.8772    25.8764 1.0000e-12     35.000          1       1623    1496.24 3.9495e+00  52796.480     67.595 1531968967       0.02      0.750   39.22708  -72.55724    34.1187  1025.9438    25.7874    11.9796 0.0000e+00
     35.722    11.2258    33.9733  1026.0971     3.4912     5.8354     93.076   -0.04197    6.26954    6.27140      8.832     0.4628   11.33521   3.812858 2.5147e-11    25.9357    25.9349 1.0000e-12     36.000          1       1673    1493.51 3.9495e+00  52773.463     69.657 1531968969      -0.19      0.484   39.22708  -72.55724    34.0250  1026.0165    25.8550    11.2214 0.0000e+00
     36.707    10.5728    33.9649  1026.2123     3.4273     5.7520     91.431   -0.03467    6.29108    6.29323      8.827     0.3401   11.37090   3.757963 2.5329e-11    26.0459    26.0451 1.0000e-12     37.000          1       1717    1491.23 3.9495e+00  52878.437     71.506 1531968971       0.45      0.496   39.22708  -72.55725    34.0819  1026.1819    26.0155    10.5684 0.0000e+00
     37.710    10.6689    33.9948  1026.2232     3.4033     5.7260     90.876   -0.03114    6.30092    6.30320      8.825     0.3167   11.38728   3.766318 2.5320e-11    26.0524    26.0516 1.0000e-12     38.000          1       1739    1491.62 3.9495e+00  52902.819     72.399 1531968972       0.35      0.928   39.22708  -72.55726    34.0761  1026.1650    25.9942    10.6644 0.0000e+00
     38.707    10.5672    33.9987  1026.2487     3.3830     5.7304     90.746   -0.02404    6.31475    6.31723      8.824     0.3077   11.41015   3.758640 2.5320e-11    26.0732    26.0724 1.0000e-12     39.000          1       1762    1491.28 3.9495e+00  52927.622     73.381 1531968973      -0.02      1.062   39.22708  -72.55726    34.0931  1026.2006    26.0252    10.5627 0.0000e+00
     39.695    10.4370    33.9889  1026.2683     3.3584     5.7290     90.482   -0.01689    6.33164    6.33435      8.816     0.2280   11.43806   3.746582 2.4993e-11    26.0883    26.0875 1.0000e-12     40.000          1       1799    1490.82 3.9495e+00  52938.743     74.931 1531968974      -0.26      0.728   39.22708  -72.55726    34.0926  1026.2274    26.0474    10.4324 0.0000e+00
     40.680    10.2495    33.9862  1026.3033     3.3253     5.6745     89.375   -0.01641    6.34916    6.35211      8.807     0.1533   11.46715   3.729927 2.5337e-11    26.1186    26.1178 1.0000e-12     41.000          1       1848    1490.17 3.9495e+00  52971.133     76.971 1531968976       0.06      0.460   39.22708  -72.55726    34.0990  1026.2694    26.0847    10.2448 0.0000e+00
     41.678    10.1462    33.9864  1026.3258     3.3052     5.6487     88.796   -0.01508    6.36146    6.36458      8.804     0.1218   11.48760   3.721029 2.5320e-11    26.1365    26.1356 1.0000e-12     42.000          1       1882    1489.81 3.9495e+00  52991.901     78.369 1531968978       0.16      0.674   39.22708  -72.55726    34.1052  1026.2964    26.1071    10.1414 0.0000e+00
