CalculateIndicators/WaterTemperature/Data/CTD_NYOS/NY1807C14.cnv
* Sea-Bird SBE 9 Data File:
* FileName = C:\Seabird 9 CTD\Data\2018\OffshoreCruise201807\NY1807C14.hex
* Software Version Seasave V 7.23.2
* Temperature SN = 4590
* Conductivity SN = 3228
* Number of Bytes Per Scan = 44
* Number of Voltage Words = 5
* Number of Scans Averaged by the Deck Unit = 1
* NMEA Latitude = 40 25.54 N
* NMEA Longitude = 072 59.92 W
* NMEA UTC (Time) = Jul 17 2018  11:00:37
* NMEA baud rate = 4800
** Ship: RV Seawolf
** Station: NY1807C14
** Operator: jdw
# nquan = 35
# nvalues = 64                          
# units = specified
# name 0 = depSM: Depth [salt water, m]
# name 1 = t090C: Temperature [ITS-90, deg C]
# name 2 = sal00: Salinity, Practical [PSU]
# name 3 = density00: Density [density, kg/m^3]
# name 4 = sbeox0V: Oxygen raw, SBE 43 [V]
# name 5 = sbeox0ML/L: Oxygen, SBE 43 [ml/l]
# name 6 = sbeox0PS: Oxygen, SBE 43 [% saturation]
# name 7 = sbox0dV/dT: Oxygen, SBE 43 [dov/dt]
# name 8 = oxsolML/L: Oxygen Saturation, Garcia & Gordon [ml/l]
# name 9 = oxsatML/L: Oxygen Saturation, Weiss [ml/l]
# name 10 = ph: pH
# name 11 = flECO-AFL: Fluorescence, WET Labs ECO-AFL/FL [mg/m^3]
# name 12 = n2satML/L: Nitrogen Saturation [ml/l]
# name 13 = c0S/m: Conductivity [S/m]
# name 14 = cpar: CPAR/Corrected Irradiance [%]
# name 15 = sigma-é00: Density [sigma-theta, kg/m^3]
# name 16 = sigma-t00: Density [sigma-t, kg/m^3 ]
# name 17 = par: PAR/Irradiance, Biospherical/Licor
# name 18 = prDM: Pressure, Digiquartz [db]
# name 19 = pumps: Pump Status
# name 20 = scan: Scan Count
# name 21 = svCM: Sound Velocity [Chen-Millero, m/s]
# name 22 = spar: SPAR, Biospherical/Licor
# name 23 = specc: Specific Conductance [uS/cm]
# name 24 = timeS: Time, Elapsed [seconds]
# name 25 = timeY: Time, System [seconds]
# name 26 = accM: Acceleration [m/s^2]
# name 27 = dz/dtM: Descent Rate [m/s]
# name 28 = latitude: Latitude [deg]
# name 29 = longitude: Longitude [deg]
# name 30 = gsw_saA0: Absolute Salinity [g/kg]
# name 31 = gsw_densityA0: density, TEOS-10 [density, kg/m^3]
# name 32 = gsw_sigma0A0: density, TEOS-10 [sigma-0, kg/m^3 ]
# name 33 = gsw_ptA0: potential temperature [ITS-90, deg C]
# name 34 = flag: flag
# span 0 =      0.971,     32.752       
# span 1 =     9.3140,    22.6492       
# span 2 =    30.5057,    32.5225       
# span 3 =  1020.6488,  1025.2678       
# span 4 =     2.5397,     4.0757       
# span 5 =     3.9888,     7.0903       
# span 6 =     61.262,    118.052       
# span 7 =   -0.13472,    0.19449       
# span 8 =    5.06493,    6.51208       
# span 9 =    5.05318,    6.51590       
# span 10 =      8.528,      8.916      
# span 11 =     0.1506,     2.0189      
# span 12 =    9.37153,   11.75410      
# span 13 =   3.504471,   4.479509      
# span 14 = 2.1002e-03, 4.0329e+00      
# span 15 =    20.6369,    25.1227      
# span 16 =    20.6367,    25.1221      
# span 17 = 2.1672e-02, 4.5288e+01      
# span 18 =      1.000,     33.000      
# span 19 =          1,          1      
# span 20 =        216,       7948      
# span 21 =    1484.84,    1523.70      
# span 22 = 1.0027e+03, 1.1259e+03      
# span 23 =  46991.328,  51079.377      
# span 24 =      8.960,    331.132      
# span 25 = 1531825270, 1531825592      
# span 26 =      -0.82,       0.51      
# span 27 =     -1.074,      0.911      
# span 28 =   40.42542,   40.42568      
# span 29 =  -72.99868,  -72.99768      
# span 30 =    30.6567,    32.6779      
# span 31 =  1020.6415,  1025.2664      
# span 32 =    20.6371,    25.1167      
# span 33 =     9.3105,    22.6490      
# span 34 = 0.0000e+00, 0.0000e+00      
# interval = decibars: 1                
# start_time = Jul 17 2018 11:01:01 [System UTC, first data scan.]
# bad_flag = -9.990e-29
*END*
      1.962    22.6364    30.5217  1020.6518     3.9717     5.6949    112.417   -0.00807    5.06588    5.05413 -9.990e-29     0.9900    9.37317   4.479509 3.9370e+00    20.6433    20.6432 4.0311e+01      2.000          1        216    1523.65 1.0242e+03  47012.285      8.960 1531825270       0.49     -0.417   40.42568  -72.99868    30.6664  1020.6568    20.6482    22.6360 0.0000e+00
      2.986    22.6316    30.5227  1020.6584     3.9767     5.7296    113.099    0.00244    5.06604    5.05429      8.916     1.0308    9.37344   4.479193 2.4319e+00    20.6454    20.6453 2.4907e+01      3.000          1        325    1523.66 1.0241e+03  47014.185     13.515 1531825274       0.49      0.377   40.42567  -72.99866    30.6671  1020.6630    20.6501    22.6310 0.0000e+00
      3.969    22.6292    30.5232  1020.6638     3.9809     5.7389    113.275    0.00249    5.06633    5.05459      8.916     1.0620    9.37392   4.479113 1.9758e+00    20.6466    20.6464 2.0100e+01      4.000          1        402    1523.67 1.0173e+03  47015.447     16.724 1531825277      -0.04      0.585   40.42566  -72.99864    30.6678  1020.6686    20.6514    22.6284 0.0000e+00
      4.963    22.6296    30.5231  1020.6680     3.9826     5.7439    113.319    0.00190    5.06878    5.05705      8.916     1.0708    9.37794   4.479168 1.5084e+00    20.6464    20.6461 1.5315e+01      5.000          1        444    1523.68 1.0154e+03  47015.608     18.442 1531825279       0.10      0.574   40.42566  -72.99864    30.6677  1020.6727    20.6512    22.6286 0.0000e+00
      5.954    22.6282    30.5235  1020.6730     3.9739     5.7232    112.666   -0.00580    5.07979    5.06813      8.914     1.0650    9.39597   4.479146 1.2655e+00    20.6472    20.6469 1.2988e+01      6.000          1        485    1523.70 1.0264e+03  47016.705     20.171 1531825281      -0.05      0.585   40.42566  -72.99864    30.6682  1020.6779    20.6520    22.6270 0.0000e+00
      6.944    22.5234    30.5492  1020.7260     3.9839     5.8204    113.533    0.00500    5.12666    5.11527      8.903     1.0605    9.47282   4.472355 1.0424e+00    20.6959    20.6955 1.0646e+01      7.000          1        540    1523.47 1.0213e+03  47055.259     22.474 1531825283      -0.11      0.411   40.42566  -72.99864    30.6894  1020.7274    20.6973    22.5220 0.0000e+00
      7.932    22.3442    30.5905  1020.8113     3.9677     5.7376    112.187   -0.01175    5.11433    5.10287      8.893     1.0717    9.45265   4.460019 8.1921e-01    20.7769    20.7764 8.3371e+00      8.000          1        585    1523.06 1.0176e+03  47117.568     24.314 1531825285       0.46      0.498   40.42566  -72.99864    30.7203  1020.8049    20.7704    22.3427 0.0000e+00
      8.939    21.9253    30.6872  1021.0042     3.9923     5.8210    113.909    0.00635    5.11006    5.09857      8.902     1.0675    9.44570   4.432450 4.1590e-01    20.9654    20.9649 4.2222e+00      9.000          1        609    1522.07 1.0151e+03  47263.785     25.320 1531825286       0.20      0.911   40.42566  -72.99862    30.8034  1020.9873    20.9484    21.9235 0.0000e+00
      9.929    21.3739    30.8212  1021.2595     3.9176     5.8520    110.033   -0.01749    5.31925    5.30932      8.834     1.2219    9.78690   4.395362 4.6588e-01    21.2163    21.2158 4.7654e+00     10.000          1        690    1520.75 1.0227e+03  47467.524     28.703 1531825289       0.51      0.471   40.42566  -72.99862    30.9079  1021.2200    21.1767    21.3720 0.0000e+00
     10.918    20.0196    31.2027  1021.9107     3.9065     5.9076    110.506   -0.00157    5.34602    5.33633      8.811     1.1781    9.83030   4.318373 4.1819e-01    21.8629    21.8624 4.2712e+00     11.000          1        728    1517.47 1.0214e+03  48050.474     30.274 1531825291       0.05      0.779   40.42566  -72.99862    31.2836  1021.8656    21.8178    20.0176 0.0000e+00
     11.911    19.5420    31.4099  1022.1957     3.9240     6.0541    111.670    0.00845    5.42125    5.41220      8.813     1.1565    9.95460   4.301873 4.0639e-01    22.1435    22.1429 4.1017e+00     12.000          1        770    1516.37 1.0091e+03  48358.841     32.032 1531825293      -0.15      0.609   40.42564  -72.99862    31.5056  1022.1611    22.1089    19.5398 0.0000e+00
     12.892    18.9553    31.5608  1022.4628     3.9049     6.1688    109.676   -0.01405    5.62424    5.61708      8.810     1.5092   10.28990   4.264213 3.4139e-01    22.4062    22.4056 3.4970e+00     13.000          1        836    1514.88 1.0251e+03  48598.817     34.777 1531825296       0.11      0.279   40.42564  -72.99860    31.6393  1022.4147    22.3581    18.9531 0.0000e+00
     13.894    17.6977    31.6112  1022.8119     3.9190     6.2570    111.194    0.00290    5.62703    5.61995      8.810     1.4979   10.29379   4.148955 2.5045e-01    22.7506    22.7500 2.5730e+00     14.000          1        869    1511.27 1.0271e+03  48748.052     36.167 1531825297       0.20      0.651   40.42564  -72.99860    31.6398  1022.7255    22.6642    17.6954 0.0000e+00
     14.883    16.6065    31.8212  1023.2334     3.9732     6.6406    114.581    0.02545    5.79513    5.78984      8.838     1.7379   10.57138   4.078610 2.3946e-01    23.1674    23.1669 2.4144e+00     15.000          1        924    1508.24 1.0085e+03  49118.368     38.469 1531825299      -0.15      0.414   40.42564  -72.99859    31.8922  1023.1783    23.1124    16.6041 0.0000e+00
     15.875    15.7434    31.9665  1023.5433     3.9720     6.6852    112.855   -0.00063    5.92377    5.91989      8.842     1.8273   10.78449   4.012303 1.6054e-01    23.4727    23.4722 1.6432e+00     16.000          1        974    1505.75 1.0239e+03  49396.222     40.539 1531825301       0.44      0.528   40.42564  -72.99858    32.0010  1023.4595    23.3889    15.7410 0.0000e+00
     16.875    14.6850    32.0341  1023.8281     3.9005     6.4121    107.446   -0.04230    5.96828    5.96489      8.823     1.9204   10.85839   3.922849 1.3770e-01    23.7527    23.7522 1.3856e+00     17.000          1       1007    1502.48 1.0068e+03  49596.134     41.926 1531825303      -0.05      0.733   40.42564  -72.99858    32.0600  1023.7369    23.6616    14.6825 0.0000e+00
     17.855    13.6068    32.0524  1024.0712     3.7581     6.1609    101.652   -0.05277    6.06050    6.05818      8.773     1.8200   11.01131   3.830476 1.3318e-01    23.9911    23.9906 1.3679e+00     18.000          1       1073    1499.02 1.0279e+03  49741.048     44.671 1531825305      -0.03      0.247   40.42563  -72.99858    32.1057  1024.0005    23.9203    13.6044 0.0000e+00
     18.856    13.1093    32.0456  1024.1688     3.6461     5.8982     96.880   -0.06411    6.08835    6.08639      8.754     1.6927   11.05692   3.785667 9.6030e-02    24.0840    24.0835 9.6585e-01     19.000          1       1114    1497.37 1.0052e+03  49794.801     46.371 1531825307       0.07      0.583   40.42563  -72.99857    32.1038  1024.1016    24.0168    13.1067 0.0000e+00
     19.843    12.7359    32.0734  1024.2677     3.5492     5.7686     94.469   -0.05062    6.10633    6.10462      8.741     1.6666   11.08625   3.756944 8.1298e-02    24.1784    24.1779 8.1445e-01     20.000          1       1161    1496.17 1.0027e+03  49883.057     48.341 1531825309      -0.02      0.491   40.42562  -72.99856    32.1481  1024.2129    24.1235    12.7333 0.0000e+00
     20.836    12.4685    32.1296  1024.3670     3.6001     6.2420    101.861    0.02455    6.12720    6.12585      8.797     1.5677   11.11920   3.740937 6.5578e-02    24.2731    24.2726 6.6345e-01     21.000          1       1215    1495.34 1.0117e+03  49998.464     50.595 1531825311      -0.10      0.418   40.42562  -72.99856    32.2233  1024.3265    24.2325    12.4658 0.0000e+00
     21.828    12.3844    32.2516  1024.4821     3.7685     7.0053    113.244    0.09581    6.18589    6.18527      8.837     1.4305   11.21631   3.747814 4.6232e-02    24.3836    24.3831 4.7514e-01     22.000          1       1261    1495.22 1.0277e+03  50181.982     52.484 1531825313       0.42      0.529   40.42562  -72.99856    32.3613  1024.4534    24.3549    12.3815 0.0000e+00
     22.824    12.1598    32.2954  1024.5629     3.8467     7.0903    113.926    0.06776    6.22367    6.22353      8.836     1.2992   11.27879   3.731112 3.8642e-02    24.4599    24.4593 3.9330e-01     23.000          1       1295    1494.52 1.0179e+03  50275.723     53.916 1531825315      -0.10      0.726   40.42562  -72.99856    32.3941  1024.5254    24.4224    12.1569 0.0000e+00
     23.814    11.6322    32.3111  1024.6771     3.8456     6.8341    108.891    0.00271    6.27650    6.27707      8.822     1.1992   11.36570   3.685349 3.3471e-02    24.5694    24.5688 3.4039e-01     24.000          1       1349    1492.73 1.0170e+03  50377.264     56.158 1531825317      -0.11      0.448   40.42562  -72.99855    32.4078  1024.6377    24.5300    11.6292 0.0000e+00
     24.797    11.1555    32.3210  1024.7754     3.7962     6.6263    105.243   -0.02205    6.29616    6.29705      8.796     1.0340   11.39721   3.643383 2.5361e-02    24.6630    24.6624 2.6091e-01     25.000          1       1407    1491.10 1.0291e+03  50466.926     58.565 1531825319       0.40      0.335   40.42562  -72.99854    32.4128  1024.7320    24.6196    11.1525 0.0000e+00
     25.798    10.9484    32.3911  1024.8712     3.7392     6.3717    101.210   -0.04763    6.29554    6.29643      8.793     1.0659   11.39625   3.634113 1.2371e-02    24.7542    24.7536 1.2737e-01     26.000          1       1432    1490.47 1.0291e+03  50600.324     59.620 1531825320       0.25      0.831   40.42562  -72.99854    32.5035  1024.8433    24.7262    10.9453 0.0000e+00
     26.798    10.8987    32.4442  1024.9258     3.6955     6.3809    101.322   -0.02699    6.29757    6.29849      8.793     1.0718   11.39958   3.636029 1.4341e-02    24.8042    24.8036 1.4640e-01     27.000          1       1491    1490.38 1.0210e+03  50683.728     62.079 1531825323      -0.05      0.563   40.42562  -72.99853    32.5662  1024.9051    24.7835    10.8956 0.0000e+00
     27.790    10.7097    32.4953  1025.0031     3.6456     6.4141    101.019   -0.00886    6.35060    6.35225      8.781     0.9050   11.48685   3.624916 1.2040e-02    24.8769    24.8763 1.2408e-01     28.000          1       1627    1489.79 1.0310e+03  50788.563     67.741 1531825328       0.47      0.386   40.42562  -72.99851    32.6231  1024.9866    24.8604    10.7064 0.0000e+00
     28.768    10.4251    32.4996  1025.0599     3.4767     5.6715     88.573   -0.08842    6.40333    6.40569      8.762     0.7369   11.57394   3.598076 2.1002e-03    24.9291    24.9285 2.1672e-02     29.000          1       1705    1488.79 1.0302e+03  50845.202     71.016 1531825332       0.12      0.789   40.42562  -72.99850    32.6078  1025.0280    24.8972    10.4218 0.0000e+00
     29.778     9.8195    32.5225  1025.1837     3.1715     4.7692     73.862   -0.13472    6.46191    6.46506      8.685     0.5477   11.67085   3.546582 4.9306e-03    25.0479    25.0473 5.0153e-02     30.000          1       1786    1486.65 1.0182e+03  50990.368     74.369 1531825335       0.12      0.585   40.42561  -72.99849    32.6303  1025.1511    25.0153     9.8162 0.0000e+00
     30.760     9.4452    32.5206  1025.2480     2.7987     3.9888     61.262   -0.12748    6.51129    6.51511      8.583     0.3431   11.75262   3.514836 6.4573e-03    25.1074    25.1069 6.5592e-02     31.000          1       1881    1485.30 1.0164e+03  51060.910     78.353 1531825339       0.03      0.445   40.42560  -72.99848    32.6440  1025.2272    25.0867     9.4419 0.0000e+00
     31.753     9.3358    32.5178  1025.2678     2.6407     3.9914     61.294   -0.06252    6.51197    6.51580      8.567     0.2162   11.75377   3.505911 5.5390e-03    25.1227    25.1221 5.6966e-02     32.000          1       1940    1484.92 1.0276e+03  51079.377     80.811 1531825342      -0.04      0.415   40.42560  -72.99848    32.6512  1025.2549    25.1097     9.3324 0.0000e+00
     32.752     9.3140    32.5047  1025.2657     2.5397     4.0944     62.873   -0.00280    6.51208    6.51590      8.528     0.1506   11.75410   3.504471 2.2552e-03    25.1159    25.1153 2.3182e-02     33.000          1       2795    1484.84 1.0266e+03  51065.898    116.408 1531825377      -0.11      0.235   40.42557  -72.99835    32.6558  1025.2664    25.1167     9.3105 0.0000e+00
     31.753     9.3304    32.4985  1025.2536     2.5473     4.1264     63.966    0.00763    6.45267    6.45566      8.556     0.2759   11.65612   3.505739 2.7364e-03    25.1084    25.1079 2.8234e-02     32.000          1       3443    1484.87 1.0321e+03  51053.112    143.437 1531825404      -0.09     -0.404   40.42556  -72.99825    32.6543  1025.2581    25.1130     9.3270 0.0000e+00
     30.765     9.3962    32.4968  1025.2373     2.6875     4.6862     73.902    0.07042    6.34095    6.34242      8.663     0.4986   11.47150   3.512367 4.6812e-03    25.0967    25.0961 4.7525e-02     31.000          1       3453    1485.10 1.0148e+03  51037.048    143.814 1531825405      -0.72     -0.562   40.42556  -72.99826    32.6632  1025.2500    25.1094     9.3929 0.0000e+00
     29.755     9.6880    32.4839  1025.1752     2.8903     5.6418     88.981    0.16919    6.34053    6.34199      8.693     0.7109   11.47075   3.539582 7.4765e-03    25.0394    25.0389 7.7326e-02     30.000          1       3473    1486.13 1.0333e+03  50960.690    144.658 1531825405      -0.32     -1.047   40.42556  -72.99825    32.6779  1025.2097    25.0739     9.6847 0.0000e+00
     28.775    10.4600    32.4520  1025.0169     3.3373     6.7276    106.526    0.19449    6.31545    6.31656      8.721     0.8758   11.42961   3.604588 8.8756e-03    24.8860    24.8854 9.3380e-02     29.000          1       3527    1488.86 1.0525e+03  50772.136    146.924 1531825408       0.29     -0.460   40.42556  -72.99824    32.6421  1025.0487    24.9179    10.4567 0.0000e+00
     27.792    10.6217    32.4662  1024.9957     3.5478     6.5952    104.805    0.08242    6.29279    6.29352      8.734     1.0215   11.39339   3.619713 1.1844e-02    24.8694    24.8689 1.2347e-01     28.000          1       3579    1489.44 1.0424e+03  50763.183    149.079 1531825410      -0.47     -0.497   40.42556  -72.99824    32.6497  1025.0225    24.8962    10.6184 0.0000e+00
     26.790    10.7881    32.4285  1024.9329     3.5900     6.5774    104.553    0.06060    6.29096    6.29165      8.739     1.0262   11.39059   3.630776 1.5471e-02    24.8113    24.8107 1.6166e-01     27.000          1       3599    1489.97 1.0449e+03  50680.314    149.926 1531825411      -0.43     -0.918   40.42556  -72.99824    32.6123  1024.9601    24.8384    10.7849 0.0000e+00
     25.786    10.9012    32.3586  1024.8541     3.6546     6.6460    106.197    0.05377    6.25905    6.25932      8.746     1.0671   11.33794   3.633125 1.8894e-02    24.7371    24.7366 1.9806e-01     26.000          1       3630    1490.27 1.0482e+03  50562.438    151.190 1531825412      -0.03     -0.952   40.42556  -72.99823    32.5355  1024.8763    24.7593    10.8982 0.0000e+00
     24.819    11.1067    32.2770  1024.7501     3.8166     6.8525    111.964    0.05899    6.11999    6.11849      8.762     1.3528   11.10815   3.644723 2.3432e-02    24.6375    24.6370 2.4489e-01     25.000          1       3700    1490.88 1.0455e+03  50413.832    154.118 1531825415      -0.82     -0.252   40.42556  -72.99820    32.4692  1024.7843    24.6718    11.1037 0.0000e+00
     23.804    11.5027    32.2575  1024.6591     3.8514     6.9040    112.828    0.05439    6.11905    6.11753      8.759     1.4126   11.10674   3.680356 3.2041e-02    24.5513    24.5508 3.3224e-01     24.000          1       3717    1492.22 1.0370e+03  50322.424    154.844 1531825416      -0.63     -0.964   40.42555  -72.99820    32.4723  1024.7113    24.6034    11.4998 0.0000e+00
