CalculateIndicators/WaterTemperature/Data/CTD_NYOS/NY1807C06.cnv
* Sea-Bird SBE 9 Data File:
* FileName = C:\Seabird 9 CTD\Data\2018\OffshoreCruise201807\NY1807C06.hex
* Software Version Seasave V 7.23.2
* Temperature SN = 4590
* Conductivity SN = 3228
* Number of Bytes Per Scan = 44
* Number of Voltage Words = 5
* Number of Scans Averaged by the Deck Unit = 1
* NMEA Latitude = 39 53.85 N
* NMEA Longitude = 072 07.13 W
* NMEA UTC (Time) = Jul 15 2018  21:14:05
* NMEA baud rate = 4800
** Ship: RV Seawolf
** Station: NY1807C06
** Operator: AJB
# nquan = 35
# nvalues = 157                         
# units = specified
# name 0 = depSM: Depth [salt water, m]
# name 1 = t090C: Temperature [ITS-90, deg C]
# name 2 = sal00: Salinity, Practical [PSU]
# name 3 = density00: Density [density, kg/m^3]
# name 4 = sbeox0V: Oxygen raw, SBE 43 [V]
# name 5 = sbeox0ML/L: Oxygen, SBE 43 [ml/l]
# name 6 = sbeox0PS: Oxygen, SBE 43 [% saturation]
# name 7 = sbox0dV/dT: Oxygen, SBE 43 [dov/dt]
# name 8 = oxsolML/L: Oxygen Saturation, Garcia & Gordon [ml/l]
# name 9 = oxsatML/L: Oxygen Saturation, Weiss [ml/l]
# name 10 = ph: pH
# name 11 = flECO-AFL: Fluorescence, WET Labs ECO-AFL/FL [mg/m^3]
# name 12 = n2satML/L: Nitrogen Saturation [ml/l]
# name 13 = c0S/m: Conductivity [S/m]
# name 14 = cpar: CPAR/Corrected Irradiance [%]
# name 15 = sigma-é00: Density [sigma-theta, kg/m^3]
# name 16 = sigma-t00: Density [sigma-t, kg/m^3 ]
# name 17 = par: PAR/Irradiance, Biospherical/Licor
# name 18 = prDM: Pressure, Digiquartz [db]
# name 19 = pumps: Pump Status
# name 20 = scan: Scan Count
# name 21 = svCM: Sound Velocity [Chen-Millero, m/s]
# name 22 = spar: SPAR, Biospherical/Licor
# name 23 = specc: Specific Conductance [uS/cm]
# name 24 = timeS: Time, Elapsed [seconds]
# name 25 = timeY: Time, System [seconds]
# name 26 = accM: Acceleration [m/s^2]
# name 27 = dz/dtM: Descent Rate [m/s]
# name 28 = latitude: Latitude [deg]
# name 29 = longitude: Longitude [deg]
# name 30 = gsw_saA0: Absolute Salinity [g/kg]
# name 31 = gsw_densityA0: density, TEOS-10 [density, kg/m^3]
# name 32 = gsw_sigma0A0: density, TEOS-10 [sigma-0, kg/m^3 ]
# name 33 = gsw_ptA0: potential temperature [ITS-90, deg C]
# name 34 = flag: flag
# span 0 =      0.964,     78.394       
# span 1 =     7.9614,    22.6022       
# span 2 =    32.9915,    33.3846       
# span 3 =  1022.7113,  1026.3161       
# span 4 =     3.1468,     4.2785       
# span 5 =     5.2724,     7.1651       
# span 6 =     84.401,    123.758       
# span 7 =   -0.03138,    0.27958       
# span 8 =    4.98970,    6.68604       
# span 9 =    4.97827,    6.69301       
# span 10 =      8.586,      8.899      
# span 11 =    -0.0282,     1.3076      
# span 12 =    9.21973,   12.03413      
# span 13 =   3.444698,   4.830085      
# span 14 = 7.6506e-14, 5.4705e+01      
# span 15 =    22.7070,    25.9569      
# span 16 =    22.7069,    25.9557      
# span 17 = 1.0000e-12, 5.8730e+02      
# span 18 =      1.000,     79.000      
# span 19 =          1,          1      
# span 20 =         57,      29250      
# span 21 =    1480.77,    1526.51      
# span 22 = 8.7346e+02, 1.4595e+03      
# span 23 =  50695.576,  52553.266      
# span 24 =      2.339,   1218.705      
# span 25 = 1531689258, 1531690474      
# span 26 =      -0.66,       0.52      
# span 27 =     -0.524,      0.640      
# span 28 =   39.89670,   39.89759      
# span 29 =  -72.12342,  -72.11892      
# span 30 =    33.1465,    33.5433      
# span 31 =  1022.7160,  1026.3190      
# span 32 =    22.7117,    25.9602      
# span 33 =     7.9569,    22.6020      
# span 34 = 0.0000e+00, 0.0000e+00      
# interval = decibars: 1                
# start_time = Jul 15 2018 21:14:16 [System UTC, first data scan.]
# bad_flag = -9.990e-29
*END*
[from data line 83]
     73.418     8.2921    33.3693  1026.2880     3.1731     5.6909     85.872    0.00012    6.62715    6.63350      8.595 -9.990e-29   11.93397   3.498372 7.7138e-14    25.9511    25.9500 1.0000e-12     74.000          1      10164    1482.77 1.2964e+03  52538.628    423.467 1531689679      -0.14     -0.399   39.89727  -72.12045    33.5269  1026.2902    25.9533     8.2847 0.0000e+00
     72.423     8.2902    33.3657  1026.2808     3.1736     5.6901     85.867   -0.00003    6.62668    6.63302      8.596    -0.0096   11.93321   3.497860 7.6506e-14    25.9486    25.9475 1.0000e-12     73.000          1      10249    1482.74 1.3071e+03  52533.277    426.981 1531689683      -0.35     -0.348   39.89726  -72.12046    33.5237  1026.2834    25.9511     8.2829 0.0000e+00
     71.437     8.2942    33.3633  1026.2738     3.1724     5.6849     85.794   -0.00020    6.62625    6.63258      8.596    -0.0141   11.93253   3.497985 7.6897e-14    25.9461    25.9450 1.0000e-12     72.000          1      10353    1482.74 1.3005e+03  52528.302    431.315 1531689687      -0.06     -0.347   39.89726  -72.12048    33.5217  1026.2766    25.9489     8.2870 0.0000e+00
     70.444     8.2965    33.3626  1026.2684     3.1727     5.6876     85.842    0.00031    6.62569    6.63201      8.595    -0.0081   11.93163   3.498087 7.6553e-14    25.9452    25.9441 1.0000e-12     71.000          1      10439    1482.73 1.3063e+03  52526.130    434.907 1531689690      -0.17     -0.243   39.89726  -72.12049    33.5211  1026.2713    25.9481     8.2894 0.0000e+00
     69.450     8.3017    33.3601  1026.2610     3.1724     5.6807     85.743   -0.00051    6.62527    6.63159      8.596    -0.0066   11.93096   3.498286 7.7066e-14    25.9424    25.9413 1.0000e-12     70.000          1      10523    1482.73 1.2976e+03  52520.676    438.411 1531689694       0.01     -0.330   39.89726  -72.12050    33.5186  1026.2640    25.9454     8.2947 0.0000e+00
     68.461     8.3039    33.3597  1026.2558     3.1748     5.6933     85.934    0.00074    6.62527    6.63159 -9.990e-29    -0.0132   11.93097   3.498399 7.9929e-06    25.9417    25.9407 1.0418e-04     69.000          1      10617    1482.72 1.3128e+03  52518.932    442.321 1531689698       0.03     -0.268   39.89726  -72.12052    33.5182  1026.2588    25.9447     8.2970 0.0000e+00
     67.470     8.3031    33.3563  1026.2487     3.1779     5.7028     86.052    0.00093    6.62714    6.63347 -9.990e-29    -0.0098   11.93421   3.497921 2.6927e-04    25.9391    25.9381 3.5216e-03     68.000          1      10713    1482.70 1.3087e+03  52513.592    446.327 1531689702      -0.05     -0.213   39.89726  -72.12053    33.5144  1026.2514    25.9418     8.2963 0.0000e+00
     66.469     8.2791    33.3322  1026.2288     3.1815     5.7144     86.177    0.00095    6.63098    6.63735      8.596     0.0020   11.94076   3.493343 6.1754e-04    25.9238    25.9228 8.1685e-03     67.000          1      10860    1482.56 1.3219e+03  52484.392    452.460 1531689708      -0.30     -0.321   39.89726  -72.12055    33.4890  1026.2306    25.9256     8.2724 0.0000e+00
     65.475     8.2430    33.3115  1026.2135     3.1870     5.7365     86.421    0.00153    6.63790    6.64434      8.596     0.0054   11.95245   3.488105 1.1743e-03    25.9130    25.9120 1.5570e-02     66.000          1      11019    1482.38 1.3255e+03  52463.037    459.071 1531689715      -0.28     -0.414   39.89726  -72.12058    33.4680  1026.2151    25.9146     8.2364 0.0000e+00
     64.489     8.2248    33.3003  1026.2029     3.1922     5.7407     86.457    0.00008    6.63993    6.64640      8.594     0.0069   11.95592   3.485467 1.5048e-03    25.9069    25.9059 2.0168e-02     65.000          1      11205    1482.28 1.3403e+03  52450.618    466.824 1531689722      -0.07     -0.333   39.89725  -72.12060    33.4577  1026.2052    25.9091     8.2184 0.0000e+00
     63.492     8.2196    33.2975  1026.1969     3.1930     5.7423     86.436   -0.00037    6.64339    6.64990      8.594     0.0035   11.96173   3.484728 2.4959e-03    25.9054    25.9045 3.3826e-02     64.000          1      11375    1482.24 1.3546e+03  52447.241    473.917 1531689730      -0.29     -0.404   39.89724  -72.12063    33.4552  1026.1995    25.9080     8.2133 0.0000e+00
     62.506     8.1656    33.2806  1026.1872     3.1916     5.7457     86.390   -0.00028    6.65085    6.65746      8.593     0.0074   11.97424   3.478091 3.1896e-03    25.9001    25.8992 4.3458e-02     63.000          1      11594    1482.00 1.3623e+03  52435.230    483.059 1531689739      -0.07     -0.240   39.89724  -72.12065    33.4363  1026.1882    25.9012     8.1594 0.0000e+00
     61.511     8.1458    33.2709  1026.1780     3.1937     5.7460     86.350   -0.00139    6.65434    6.66099      8.590    -0.0035   11.98010   3.475557 3.7793e-03    25.8955    25.8946 4.9150e-02     62.000          1      13053    1481.90 1.2997e+03  52425.546    543.813 1531689799      -0.25     -0.298   39.89717  -72.12087    33.4286  1026.1806    25.8981     8.1396 0.0000e+00
     60.524     8.1173    33.2651  1026.1731     3.1894     5.7467     86.274   -0.00044    6.66096    6.66770      8.588     0.0072   11.99119   3.472337 4.5479e-03    25.8951    25.8942 6.0047e-02     61.000          1      13363    1481.77 1.3205e+03  52423.386    556.732 1531689812      -0.03     -0.212   39.89716  -72.12091    33.4218  1026.1749    25.8969     8.1113 0.0000e+00
     59.531     8.0856    33.2529  1026.1636     3.1849     5.7342     86.049   -0.00104    6.66382    6.67059      8.588     0.0118   11.99601   3.468296 5.5877e-03    25.8901    25.8893 7.3426e-02     60.000          1      13463    1481.62 1.3143e+03  52412.912    560.907 1531689817      -0.04     -0.243   39.89714  -72.12093    33.4093  1026.1653    25.8918     8.0797 0.0000e+00
     58.541     8.0768    33.2462  1026.1552     3.1865     5.7523     86.331    0.00155    6.66310    6.66985 -9.990e-29     0.0168   11.99489   3.466932 6.3126e-03    25.8862    25.8853 8.3818e-02     59.000          1      13562    1481.56 1.3279e+03  52404.891    565.056 1531689821      -0.12     -0.309   39.89714  -72.12094    33.4035  1026.1575    25.8886     8.0710 0.0000e+00
     57.547     8.0858    33.2423  1026.1462     3.1920     5.7638     86.485    0.00117    6.66451    6.67128      8.589     0.0150   11.99726   3.467344 7.7849e-03    25.8818    25.8810 1.0436e-01     58.000          1      13668    1481.57 1.3401e+03  52396.515    569.455 1531689825      -0.23     -0.321   39.89714  -72.12095    33.3998  1026.1488    25.8844     8.0801 0.0000e+00
     56.552     8.0634    33.2352  1026.1393     3.1847     5.7275     85.890   -0.00235    6.66842    6.67523      8.587     0.0135   12.00384   3.464508 9.1633e-03    25.8795    25.8787 1.2443e-01     57.000          1      13784    1481.46 1.3575e+03  52391.056    574.291 1531689830      -0.11     -0.339   39.89714  -72.12097    33.3913  1026.1408    25.8809     8.0578 0.0000e+00
     55.564     8.0418    33.2250  1026.1300     3.1780     5.7260     85.787   -0.00086    6.67462    6.68151      8.586     0.0084   12.01434   3.461525 1.0522e-02    25.8746    25.8738 1.4554e-01     56.000          1      13895    1481.35 1.3830e+03  52381.116    578.927 1531689835      -0.17     -0.221   39.89714  -72.12099    33.3804  1026.1309    25.8756     8.0364 0.0000e+00
     54.565     8.0006    33.1966  1026.1092     3.1705     5.7131     85.523   -0.00079    6.68023    6.68718 -9.990e-29     0.0195   12.02385   3.455171 1.2018e-02    25.8583    25.8576 1.6879e-01     55.000          1      14017    1481.14 1.4035e+03  52349.933    584.019 1531689840      -0.25     -0.361   39.89712  -72.12101    33.3520  1026.1103    25.8594     7.9952 0.0000e+00
     53.582     8.0331    33.1884  1026.0935     3.1885     5.7827     86.897    0.00766    6.65463    6.66122      8.592     0.0382   11.98134   3.457728 1.3576e-02    25.8472    25.8464 1.9243e-01     54.000          1      14193    1481.24 1.4177e+03  52329.860    591.325 1531689847      -0.07     -0.184   39.89712  -72.12104    33.3489  1026.0985    25.8523     8.0278 0.0000e+00
     52.586     8.1792    33.2091  1026.0834     3.2517     5.9435     89.424    0.01110    6.64639    6.65286      8.598     0.0522   11.96765   3.472820 1.5165e-02    25.8419    25.8411 2.1535e-01     53.000          1      14315    1481.80 1.4202e+03  52324.192    596.422 1531689852      -0.11     -0.243   39.89712  -72.12106    33.3717  1026.0901    25.8486     8.1740 0.0000e+00
     51.592     8.2074    33.2106  1026.0758     3.2749     5.9385     89.325    0.00117    6.64820    6.65468 -9.990e-29     0.0530   11.97075   3.475055 1.7268e-02    25.8389    25.8381 2.4404e-01     52.000          1      14453    1481.90 1.4135e+03  52318.946    602.171 1531689858      -0.25     -0.376   39.89712  -72.12108    33.3692  1026.0794    25.8425     8.2023 0.0000e+00
     50.602     8.1379    33.1874  1026.0634     3.2419     5.8216     87.343   -0.00778    6.66525    6.67195 -9.990e-29     0.0420   11.99930   3.466222 1.9552e-02    25.8309    25.8302 2.7093e-01     51.000          1      14612    1481.59 1.3858e+03  52301.659    608.796 1531689864      -0.19     -0.282   39.89712  -72.12110    33.3415  1026.0635    25.8310     8.1328 0.0000e+00
     49.608     8.0523    33.1594  1026.0496     3.1916     5.7167     85.611   -0.00728    6.67763    6.68449      8.589     0.0467   12.02006   3.455922 2.2839e-02    25.8216    25.8208 3.1222e-01     50.000          1      14766    1481.21 1.3681e+03  52281.545    615.196 1531689871      -0.16     -0.288   39.89711  -72.12111    33.3132  1026.0495    25.8215     8.0474 0.0000e+00
     48.615     7.9893    33.1386  1026.0379     3.1572     5.6553     84.628   -0.00479    6.68252    6.68945      8.587     0.0472   12.02831   3.448438 2.6042e-02    25.8144    25.8137 3.4652e-01     49.000          1      14919    1480.93 1.3384e+03  52266.428    621.572 1531689877      -0.06     -0.280   39.89710  -72.12114    33.2935  1026.0388    25.8152     7.9845 0.0000e+00
     47.626     7.9740    33.1300  1026.0288     3.1470     5.6588     84.659   -0.00041    6.68423    6.69117      8.586     0.0555   12.03118   3.446429 2.9073e-02    25.8098    25.8092 3.8511e-01     48.000          1      15365    1480.85 1.3271e+03  52257.105    640.185 1531689896      -0.04     -0.156   39.89708  -72.12120    33.2869  1026.0313    25.8123     7.9693 0.0000e+00
     46.631     7.9798    33.1307  1026.0240     3.1482     5.6640     84.742    0.00015    6.68392    6.69086      8.586     0.0475   12.03066   3.447110 3.3339e-02    25.8096    25.8089 4.4281e-01     47.000          1      15674    1480.85 1.3293e+03  52256.116    653.036 1531689909      -0.11     -0.270   39.89707  -72.12124    33.2892  1026.0277    25.8132     7.9752 0.0000e+00
     45.645     8.4756    33.1841  1025.9873     3.2080     5.7471     87.674    0.01066    6.55481    6.55995      8.600     0.0828   11.81611   3.497937 3.5134e-02    25.7780    25.7773 4.9843e-01     46.000          1      17734    1482.77 1.4188e+03  52215.490    738.880 1531689994      -0.17     -0.226   39.89699  -72.12154    33.3611  1026.0055    25.7961     8.4709 0.0000e+00
     44.648     8.7421    33.2101  1025.9619     3.2442     5.8284     88.907    0.01029    6.55569    6.56083      8.602     0.1045   11.81774   3.523830 3.8835e-02    25.7574    25.7567 5.5088e-01     45.000          1      17568    1483.78 1.4185e+03  52192.368    731.961 1531689988      -0.11     -0.292   39.89699  -72.12151    33.3831  1025.9770    25.7725     8.7374 0.0000e+00
     43.659     8.8212    33.2036  1025.9401     3.2730     5.8505     89.207    0.00235    6.55827    6.56343      8.603     0.1493   11.82217   3.529234 4.4116e-02    25.7402    25.7395 6.3265e-01     44.000          1      17698    1484.05 1.4336e+03  52164.764    737.355 1531689993      -0.03     -0.217   39.89698  -72.12153    33.3660  1025.9469    25.7471     8.8166 0.0000e+00
     42.664     8.8221    33.1936  1025.9275     3.2808     5.8667     89.565    0.00348    6.55015    6.55518      8.606     0.1738   11.80885   3.528294 4.9655e-02    25.7322    25.7315 7.1561e-01     43.000          1      17798    1484.03 1.4412e+03  52149.755    741.528 1531689997      -0.13     -0.331   39.89698  -72.12155    33.3557  1025.9342    25.7389     8.8176 0.0000e+00
     41.675     8.8919    33.1837  1025.9043     3.2946     5.8789     89.878    0.00176    6.54102    6.54592      8.607     0.2504   11.79382   3.533473 5.4749e-02    25.7136    25.7129 7.9913e-01     42.000          1      17926    1484.26 1.4595e+03  52119.961    746.866 1531690002      -0.04     -0.188   39.89698  -72.12157    33.3449  1025.9103    25.7196     8.8875 0.0000e+00
     40.682     8.9399    33.1821  1025.8910     3.3000     5.8809     89.991    0.00103    6.53493    6.53974      8.608     0.2890   11.78376   3.537538 6.3417e-02    25.7049    25.7042 9.0845e-01     41.000          1      18030    1484.42 1.4332e+03  52106.746    751.199 1531690007      -0.00     -0.217   39.89698  -72.12158    33.3429  1025.8967    25.7106     8.9356 0.0000e+00
     39.691     8.9901    33.1806  1025.8774     3.3021     5.8765     90.009    0.00059    6.52879    6.53351      8.610     0.2831   11.77360   3.541806 7.1592e-02    25.6958    25.6951 1.0263e+00     40.000          1      18155    1484.58 1.4341e+03  52093.074    756.405 1531690012      -0.13     -0.168   39.89698  -72.12161    33.3409  1025.8827    25.7012     8.9859 0.0000e+00
     38.698     9.0315    33.1786  1025.8647     3.3060     5.8777     90.110    0.00029    6.52284    6.52747      8.611     0.3225   11.76383   3.545229 8.2514e-02    25.6877    25.6871 1.1678e+00     39.000          1      18290    1484.72 1.4151e+03  52080.757    762.047 1531690018      -0.06     -0.186   39.89698  -72.12163    33.3384  1025.8697    25.6927     9.0274 0.0000e+00
     37.706     9.0796    33.1727  1025.8479     3.2888     5.8122     89.205   -0.00298    6.51562    6.52015      8.609     0.3962   11.75197   3.548881 9.5773e-02    25.6755    25.6749 1.3549e+00     38.000          1      18458    1484.87 1.4147e+03  52061.527    769.038 1531690025      -0.17     -0.127   39.89696  -72.12166    33.3319  1025.8525    25.6801     9.0756 0.0000e+00
     36.711     9.1283    33.1664  1025.8308     3.3027     5.8695     90.194    0.00299    6.50767    6.51207      8.613     0.4937   11.73892   3.552647 1.1029e-01    25.6629    25.6623 1.5634e+00     37.000          1      18582    1485.03 1.4183e+03  52041.805    774.217 1531690030      -0.14     -0.214   39.89696  -72.12167    33.3261  1025.8358    25.6679     9.1243 0.0000e+00
     35.722     9.2355    33.1528  1025.7985     3.3173     5.8752     90.541    0.00136    6.48899    6.49312      8.617     0.7068   11.70814   3.561099 1.3780e-01    25.6353    25.6346 1.8586e+00     36.000          1      18747    1485.39 1.3551e+03  51999.533    781.073 1531690037      -0.03     -0.171   39.89696  -72.12169    33.3144  1025.8050    25.6418     9.2316 0.0000e+00
     34.728     9.3267    33.1540  1025.7802     3.3382     5.9269     91.534    0.00461    6.47508    6.47903      8.623     0.8278   11.68501   3.569455 1.5522e-01    25.6216    25.6210 2.1711e+00     35.000          1      18869    1485.71 1.3984e+03  51981.652    786.165 1531690042      -0.04     -0.186   39.89696  -72.12172    33.3165  1025.7875    25.6289     9.3230 0.0000e+00
     33.737     9.5160    33.1736  1025.7603     3.3714     5.9807     92.806    0.00622    6.44428    6.44782      8.632     0.8858   11.63373   3.588635 1.8582e-01    25.6063    25.6057 2.5898e+00     34.000          1      19021    1486.41 1.3945e+03  51969.848    792.512 1531690048      -0.13     -0.314   39.89696  -72.12174    33.3393  1025.7701    25.6162     9.5123 0.0000e+00
