CalculateIndicators/WaterTemperature/Data/CTD_NYOS/NY1807C04.cnv
* Sea-Bird SBE 9 Data File:
* FileName = C:\Seabird 9 CTD\Data\2018\OffshoreCruise201807\NY1807C04.hex
* Software Version Seasave V 7.23.2
* Temperature SN = 4590
* Conductivity SN = 3228
* Number of Bytes Per Scan = 44
* Number of Voltage Words = 5
* Number of Scans Averaged by the Deck Unit = 1
* NMEA Latitude = 39 57.63 N
* NMEA Longitude = 071 26.61 W
* NMEA UTC (Time) = Jul 15 2018  08:47:05
* NMEA baud rate = 4800
** Ship: RV Seawolf
** Station: NY1807C04
** Operator: JDW
# nquan = 35
# nvalues = 292                         
# units = specified
# name 0 = depSM: Depth [salt water, m]
# name 1 = t090C: Temperature [ITS-90, deg C]
# name 2 = sal00: Salinity, Practical [PSU]
# name 3 = density00: Density [density, kg/m^3]
# name 4 = sbeox0V: Oxygen raw, SBE 43 [V]
# name 5 = sbeox0ML/L: Oxygen, SBE 43 [ml/l]
# name 6 = sbeox0PS: Oxygen, SBE 43 [% saturation]
# name 7 = sbox0dV/dT: Oxygen, SBE 43 [dov/dt]
# name 8 = oxsolML/L: Oxygen Saturation, Garcia & Gordon [ml/l]
# name 9 = oxsatML/L: Oxygen Saturation, Weiss [ml/l]
# name 10 = ph: pH
# name 11 = flECO-AFL: Fluorescence, WET Labs ECO-AFL/FL [mg/m^3]
# name 12 = n2satML/L: Nitrogen Saturation [ml/l]
# name 13 = c0S/m: Conductivity [S/m]
# name 14 = cpar: CPAR/Corrected Irradiance [%]
# name 15 = sigma-é00: Density [sigma-theta, kg/m^3]
# name 16 = sigma-t00: Density [sigma-t, kg/m^3 ]
# name 17 = par: PAR/Irradiance, Biospherical/Licor
# name 18 = prDM: Pressure, Digiquartz [db]
# name 19 = pumps: Pump Status
# name 20 = scan: Scan Count
# name 21 = svCM: Sound Velocity [Chen-Millero, m/s]
# name 22 = spar: SPAR, Biospherical/Licor
# name 23 = specc: Specific Conductance [uS/cm]
# name 24 = timeS: Time, Elapsed [seconds]
# name 25 = timeY: Time, System [seconds]
# name 26 = accM: Acceleration [m/s^2]
# name 27 = dz/dtM: Descent Rate [m/s]
# name 28 = latitude: Latitude [deg]
# name 29 = longitude: Longitude [deg]
# name 30 = gsw_saA0: Absolute Salinity [g/kg]
# name 31 = gsw_densityA0: density, TEOS-10 [density, kg/m^3]
# name 32 = gsw_sigma0A0: density, TEOS-10 [sigma-0, kg/m^3 ]
# name 33 = gsw_ptA0: potential temperature [ITS-90, deg C]
# name 34 = flag: flag
# span 0 =      0.972,    145.827       
# span 1 =    11.5519,    22.0957       
# span 2 =    33.7361,    35.3755       
# span 3 =  1023.2776,  1027.4556       
# span 4 =     2.9476,     4.1073       
# span 5 =     4.6784,     6.6160       
# span 6 =     78.197,    118.109       
# span 7 =   -0.03575,    0.03064       
# span 8 =    5.01822,    6.11340       
# span 9 =    5.00709,    6.11388       
# span 10 =      8.633,      8.856      
# span 11 =    -0.0843,     1.0661      
# span 12 =    9.26165,   11.06674      
# span 13 =   3.904173,   4.854941      
# span 14 = 2.1422e-11, 4.5574e+04      
# span 15 =    23.2707,    26.8021      
# span 16 =    23.2704,    26.7983      
# span 17 = 1.0000e-12, 3.2728e-01      
# span 18 =      1.000,    147.000      
# span 19 =          1,          1      
# span 20 =        423,      18171      
# span 21 =    1496.46,    1525.87      
# span 22 = 1.6782e-01, 4.6665e+00      
# span 23 =  51483.485,  54588.308      
# span 24 =     17.591,    757.101      
# span 25 = 1531644513, 1531645253      
# span 26 =      -0.75,       0.57      
# span 27 =     -1.086,      1.007      
# span 28 =   39.96069,   39.96156      
# span 29 =  -71.44353,  -71.44316      
# span 30 =    33.9113,    35.5433      
# span 31 =  1023.2825,  1027.4597      
# span 32 =    23.2782,    26.8063      
# span 33 =    11.5417,    22.0955      
# span 34 = 0.0000e+00, 0.0000e+00      
# interval = decibars: 1                
# start_time = Jul 15 2018 08:48:15 [System UTC, first data scan.]
# bad_flag = -9.990e-29
*END*
[from data line 42]
     42.673    13.2284    34.5825  1026.2154     3.5564     5.7813     98.023   -0.00985    5.89793    5.89545      8.780     0.3037   10.71276   4.081398 2.5265e-11    26.0245    26.0233 1.0000e-12     43.000          1       2888    1501.17 3.9495e+00  53313.687    120.308 1531644616       0.17      0.909   39.96080  -71.44344    34.7927  1026.2557    26.0648    13.2224 0.0000e+00
     43.658    13.4105    34.6562  1026.2399     3.5260     5.7200     96.449   -0.01703    5.93064    5.92854      8.772     0.2754   10.76726   4.103447 2.5152e-11    26.0447    26.0435 1.0000e-12     44.000          1       2929    1501.87 3.9495e+00  53390.893    121.997 1531644617      -0.27      0.648   39.96082  -71.44344    34.8355  1026.2561    26.0610    13.4043 0.0000e+00
     44.653    13.2450    34.6404  1026.2659     3.4912     5.6412     94.975   -0.02066    5.93965    5.93766      8.764     0.2764   10.78227   4.083240 2.4844e-11    26.0661    26.0649 1.0000e-12     45.000          1       2970    1501.32 3.9495e+00  53392.596    123.714 1531644619       0.20      0.574   39.96082  -71.44344    34.7944  1026.2626    26.0628    13.2388 0.0000e+00
     45.639    13.0544    34.6181  1026.2917     3.4585     5.7074     94.147   -0.01622    6.06227    6.06176      8.750     0.1993   10.98660   4.063395 2.5353e-11    26.0873    26.0861 1.0000e-12     46.000          1       3016    1500.68 3.9495e+00  53388.738    125.641 1531644621      -0.15      0.528   39.96082  -71.44344    34.7796  1026.2942    26.0899    13.0481 0.0000e+00
     46.628    13.0062    34.6088  1026.2986     3.4158     5.5594     91.688   -0.02900    6.06339    6.06290      8.733     0.1445   10.98842   4.055946 2.5320e-11    26.0898    26.0885 1.0000e-12     47.000          1       3051    1500.53 3.9495e+00  53383.920    127.077 1531644623       0.39      0.606   39.96082  -71.44344    34.7521  1026.2873    26.0784    12.9998 0.0000e+00
     47.631    12.2998    34.5095  1026.3654     3.3907     5.5000     90.729   -0.03009    6.06202    6.06150      8.730     0.1650   10.98624   3.971990 2.5320e-11    26.1514    26.1502 1.0000e-12     48.000          1       3073    1498.05 3.9495e+00  53351.182    127.995 1531644623       0.29      0.967   39.96082  -71.44344    34.5923  1026.3074    26.0934    12.2935 0.0000e+00
     48.623    12.0597    34.4950  1026.4053     3.3663     5.5198     90.736   -0.01880    6.08343    6.08319      8.727     0.1581   11.02178   3.953176 2.3393e-11    26.1866    26.1854 1.0000e-12     49.000          1       3111    1497.23 3.9495e+00  53369.373    129.600 1531644625      -0.26      0.711   39.96082  -71.44344    34.6311  1026.3883    26.1696    12.0534 0.0000e+00
     49.605    11.8990    34.4666  1026.4184     3.3395     5.4976     90.465   -0.01027    6.07713    6.07682      8.721     0.0986   11.01112   3.934520 2.5437e-11    26.1951    26.1939 1.0000e-12     50.000          1       3168    1496.67 -9.990e-29  53355.699    131.961 1531644627       0.37      0.331   39.96082  -71.44344    34.5973  1026.3974    26.1741    11.8926 0.0000e+00
     50.607    11.8827    34.4831  1026.4389     3.3307     5.4941     90.365   -0.00766    6.07997    6.07972      8.719     0.0970   11.01546   3.937132 4.0340e+04    26.2110    26.2098 1.0000e-12     51.000          1       3199    1496.65 6.9942e-01  53381.999    133.251 1531644629       0.06      0.730   39.96082  -71.44344    34.6376  1026.4362    26.2084    11.8762 0.0000e+00
     51.590    11.9513    34.5001  1026.4435     3.3191     5.4600     90.012   -0.00710    6.06580    6.06541      8.715     0.0721   10.99149   3.944474 4.5574e+04    26.2113    26.2101 1.0000e-12     52.000          1       3237    1496.92 1.2540e+00  53395.194    134.845 1531644630      -0.03      0.606   39.96082  -71.44344    34.6454  1026.4336    26.2014    11.9446 0.0000e+00
     52.589    11.9073    34.5252  1026.4759     3.3138     5.4086     89.887   -0.00631    6.01705    6.01610      8.716     0.0785   10.90951   3.944604 5.2043e+02    26.2392    26.2379 1.0000e-12     53.000          1       3267    1496.82 3.8757e+00  53437.722    136.069 1531644632       0.15      0.764   39.96082  -71.44344    34.6872  1026.4787    26.2420    11.9005 0.0000e+00
     53.582    11.9805    34.5647  1026.4971     3.3289     5.4560     91.422    0.00718    5.96798    5.96650      8.731     0.0772   10.82699   3.956722 2.5036e-11    26.2560    26.2547 1.0000e-12     54.000          1       3301    1497.13 3.9483e+00  53481.699    137.500 1531644633      -0.13      0.744   39.96082  -71.44344    34.7372  1026.5079    26.2669    11.9736 0.0000e+00
     54.568    12.4375    34.7157  1026.5301     3.3469     5.5192     92.386    0.01146    5.97406    5.97265      8.742     0.0985   10.83699   4.019180 2.4107e-11    26.2851    26.2837 1.0000e-12     55.000          1       3343    1498.88 3.9495e+00  53619.574    139.245 1531644635       0.01      0.548   39.96083  -71.44344    34.9199  1026.5650    26.3200    12.4302 0.0000e+00
     55.567    12.7256    34.8102  1026.5511     3.3508     5.4835     91.981    0.00400    5.96157    5.96004      8.737     0.0675   10.81591   4.053902 2.5004e-11    26.3020    26.3005 1.0000e-12     56.000          1       3378    1499.98 3.9495e+00  53707.529    140.729 1531644636       0.01      0.670   39.96084  -71.44344    34.9877  1026.5650    26.3160    12.7181 0.0000e+00
     56.550    12.6715    34.8175  1026.5719     3.3438     5.4465     91.195   -0.00351    5.97237    5.97096      8.735     0.0637   10.83383   4.049218 2.4841e-11    26.3184    26.3169 1.0000e-12     57.000          1       3421    1499.82 3.9495e+00  53726.044    142.486 1531644638      -0.02      0.543   39.96084  -71.44344    34.9924  1026.5839    26.3304    12.6638 0.0000e+00
     57.551    12.7753    34.8543  1026.5843     3.3310     5.4130     90.330   -0.00923    5.99245    5.99130      8.732     0.0530   10.86723   4.063453 2.3796e-11    26.3265    26.3249 1.0000e-12     58.000          1       3452    1500.23 3.9495e+00  53762.400    143.782 1531644639       0.14      0.730   39.96084  -71.44343    35.0328  1026.5989    26.3410    12.7675 0.0000e+00
     58.539    12.6781    34.8472  1026.6026     3.3153     5.3885     89.775   -0.00950    6.00221    6.00119      8.725     0.0547   10.88328   4.051631 2.4932e-11    26.3402    26.3386 1.0000e-12     59.000          1       3491    1499.91 3.9495e+00  53767.525    145.433 1531644641      -0.15      0.634   39.96084  -71.44342    35.0087  1026.6041    26.3417    12.6702 0.0000e+00
     59.528    12.4895    34.8288  1026.6301     3.3011     5.3690     89.357   -0.00854    6.00851    6.00757      8.722     0.0532   10.89372   4.031003 2.5053e-11    26.3630    26.3614 1.0000e-12     60.000          1       3531    1499.27 3.9495e+00  53771.046    147.065 1531644643       0.14      0.577   39.96084  -71.44342    34.9842  1026.6269    26.3598    12.4815 0.0000e+00
     60.529    12.4408    34.8405  1026.6533     3.2868     5.3600     88.708   -0.01056    6.04233    6.04182      8.719     0.0456   10.94992   4.028798 2.5223e-11    26.3817    26.3801 1.0000e-12     61.000          1       3560    1499.14 3.9495e+00  53795.308    148.305 1531644644       0.07      0.781   39.96084  -71.44342    35.0078  1026.6592    26.3876    12.4327 0.0000e+00
     61.513    12.3557    34.8363  1026.6711     3.2638     5.3149     87.757   -0.01265    6.05644    6.05610      8.710     0.0133   10.97335   4.018229 2.5015e-11    26.3949    26.3933 1.0000e-12     62.000          1       3604    1498.86 3.9495e+00  53803.293    150.137 1531644646      -0.17      0.551   39.96084  -71.44342    34.9841  1026.6619    26.3857    12.3475 0.0000e+00
     62.508    12.0898    34.8190  1026.7139     3.2456     5.2926     87.181   -0.01193    6.07080    6.07064      8.707     0.0090   10.99726   3.991409 2.5048e-11    26.4329    26.4313 1.0000e-12     63.000          1       3641    1497.96 3.9495e+00  53821.662    151.678 1531644647       0.20      0.618   39.96084  -71.44342    34.9709  1026.7079    26.4269    12.0816 0.0000e+00
     63.501    12.0287    34.8122  1026.7248     3.2307     5.2691     86.696   -0.01151    6.07771    6.07764      8.704     0.0101   11.00875   3.984820 2.5064e-11    26.4393    26.4377 1.0000e-12     64.000          1       3673    1497.76 3.9495e+00  53822.579    153.003 1531644648       0.00      0.759   39.96084  -71.44342    34.9633  1026.7182    26.4327    12.0204 0.0000e+00
     64.494    11.9223    34.8000  1026.7403     3.2197     5.2638     86.575   -0.00821    6.08007    6.08005      8.700     0.0154   11.01251   3.973362 2.5313e-11    26.4502    26.4486 1.0000e-12     65.000          1       3709    1497.39 3.9495e+00  53823.491    154.501 1531644650      -0.08      0.691   39.96086  -71.44342    34.9503  1026.7330    26.4429    11.9139 0.0000e+00
     65.481    11.8415    34.7933  1026.7549     3.2088     5.2475     86.395   -0.00566    6.07391    6.07383      8.698     0.0042   11.00192   3.965270 2.4164e-11    26.4603    26.4587 1.0000e-12     66.000          1       3753    1497.13 3.9495e+00  53828.032    156.323 1531644652      -0.02      0.525   39.96086  -71.44342    34.9462  1026.7498    26.4551    11.8330 0.0000e+00
     66.477    11.8567    34.8194  1026.7768     3.1953     5.2205     85.794   -0.00748    6.08495    6.08502      8.695     0.0035   11.02015   3.970271 2.4822e-11    26.4777    26.4761 1.0000e-12     67.000          1       3794    1497.23 3.9495e+00  53862.322    158.049 1531644654      -0.10      0.576   39.96086  -71.44342    34.9806  1026.7779    26.4788    11.8481 0.0000e+00
     67.459    11.8241    34.8424  1026.8053     3.1752     5.1622     84.822   -0.01105    6.08587    6.08595      8.693    -0.0036   11.02165   3.968596 2.4709e-11    26.5018    26.5001 1.0000e-12     68.000          1       3841    1497.16 3.9495e+00  53900.040    159.988 1531644655       0.28      0.426   39.96086  -71.44342    34.9945  1026.7993    26.4957    11.8154 0.0000e+00
     68.469    11.7792    34.8446  1026.8202     3.1710     5.1802     85.045   -0.00640    6.09108    6.09125      8.691    -0.0141   11.03002   3.965160 2.5058e-11    26.5120    26.5103 1.0000e-12     69.000          1       3868    1497.02 3.9495e+00  53911.185    161.127 1531644656       0.09      0.806   39.96086  -71.44342    35.0024  1026.8185    26.5104    11.7704 0.0000e+00
     69.439    11.7644    34.8522  1026.8333     3.1539     5.1416     84.354   -0.00769    6.09529    6.09552      8.685    -0.0118   11.03693   3.964745 2.4768e-11    26.5208    26.5191 1.0000e-12     70.000          1       3922    1497.00 3.9495e+00  53924.856    163.370 1531644659      -0.20      0.329   39.96086  -71.44342    35.0119  1026.8331    26.5205    11.7555 0.0000e+00
     70.451    11.7179    34.8716  1026.8618     3.1433     5.1108     83.832   -0.00966    6.09654    6.09678      8.685    -0.0186   11.03902   3.962182 2.3790e-11    26.5446    26.5429 1.0000e-12     71.000          1       3949    1496.88 3.9495e+00  53960.082    164.496 1531644660       0.34      0.736   39.96086  -71.44342    35.0301  1026.8605    26.5434    11.7088 0.0000e+00
     71.432    11.6846    34.8712  1026.8722     3.1320     5.1177     83.907   -0.00386    6.09921    6.09950      8.682    -0.0288   11.04342   3.959178 2.5544e-11    26.5506    26.5489 1.0000e-12     72.000          1       4016    1496.78 3.9495e+00  53965.759    167.295 1531644663      -0.04      0.280   39.96086  -71.44342    35.0314  1026.8722    26.5506    11.6754 0.0000e+00
     72.426    11.6681    34.8710  1026.8797     3.1266     5.1044     83.725   -0.00389    6.09659    6.09685 -9.990e-29    -0.0274   11.03897   3.957726 2.5016e-11    26.5536    26.5518 1.0000e-12     73.000          1       4055    1496.74 3.9495e+00  53968.824    168.914 1531644664       0.37      0.651   39.96087  -71.44342    35.0322  1026.8805    26.5544    11.6588 0.0000e+00
     73.421    11.6618    34.8703  1026.8848     3.1234     5.1043     83.721   -0.00256    6.09680    6.09707 -9.990e-29    -0.0276   11.03933   3.957108 2.4996e-11    26.5542    26.5524 1.0000e-12     74.000          1       4081    1496.73 3.9495e+00  53969.487    170.008 1531644665       0.09      0.875   39.96088  -71.44341    35.0316  1026.8857    26.5551    11.6524 0.0000e+00
     74.418    11.6745    34.8791  1026.8938     3.1238     5.1162     83.894   -0.00062    6.09838    6.09866 -9.990e-29    -0.0222   11.04193   3.959516 2.8029e-11    26.5587    26.5569 1.0000e-12     75.000          1       4115    1496.80 3.9495e+00  53980.237    171.428 1531644667      -0.19      0.774   39.96088  -71.44340    35.0430  1026.8966    26.5616    11.6649 0.0000e+00
     75.393    11.6742    34.8815  1026.9001     3.1178     5.0915     83.489   -0.00329    6.09837    6.09866 -9.990e-29    -0.0430   11.04183   3.959635 2.5673e-11    26.5606    26.5588 1.0000e-12     76.000          1       4179    1496.82 -9.990e-29  53984.114    174.078 1531644670       0.14      0.194   39.96088  -71.44340    35.0440  1026.9019    26.5624    11.6645 0.0000e+00
     76.400    11.6640    34.8849  1026.9092     3.1145     5.0934     83.452   -0.00242    6.10334    6.10369 -9.990e-29    -0.0328   11.05006   3.959248 2.5377e-11    26.5652    26.5634 1.0000e-12     77.000          1       4212    1496.81 3.9495e+00  53991.225    175.451 1531644671       0.01      0.640   39.96088  -71.44340    35.0493  1026.9124    26.5685    11.6542 0.0000e+00
     77.380    11.6552    34.8900  1026.9193     3.1062     5.0714     83.035   -0.00422    6.10752    6.10793 -9.990e-29    -0.0240   11.05696   3.958750 2.6017e-11    26.5709    26.5690 1.0000e-12     78.000          1       4263    1496.80 3.9495e+00  54000.358    177.578 1531644673       0.01      0.401   39.96088  -71.44340    35.0523  1026.9209    26.5725    11.6452 0.0000e+00
     78.380    11.6177    34.8889  1026.9300     3.1010     5.0582     82.823   -0.00459    6.10725    6.10766 -9.990e-29    -0.0174   11.05647   3.955047 2.5325e-11    26.5770    26.5752 1.0000e-12     79.000          1       4292    1496.68 3.9495e+00  54005.712    178.780 1531644674       0.29      0.721   39.96088  -71.44340    35.0507  1026.9312    26.5782    11.6077 0.0000e+00
     79.374    11.5994    34.8908  1026.9395     3.0969     5.0581     82.826   -0.00289    6.10690    6.10731 -9.990e-29    -0.0383   11.05584   3.953681 2.5104e-11    26.5820    26.5801 1.0000e-12     80.000          1       4333    1496.64 3.9495e+00  54012.195    180.514 1531644676      -0.18      0.605   39.96088  -71.44340    35.0541  1026.9417    26.5843    11.5893 0.0000e+00
     80.356    11.5953    34.8964  1026.9490     3.0879     5.0336     82.436   -0.00400    6.10610    6.10651 -9.990e-29    -0.0340   11.05444   3.954011 2.4477e-11    26.5871    26.5852 1.0000e-12     81.000          1       4391    1496.65 3.9495e+00  54021.155    182.928 1531644678       0.38      0.324   39.96088  -71.44340    35.0607  1026.9522    26.5902    11.5851 0.0000e+00
     81.362    11.5958    34.9021  1026.9579     3.0857     5.0345     82.445   -0.00295    6.10642    6.10683      8.666    -0.0277   11.05494   3.954747 2.5269e-11    26.5915    26.5895 1.0000e-12     82.000          1       4420    1496.68 3.9495e+00  54029.626    184.122 1531644680       0.13      0.764   39.96088  -71.44340    35.0672  1026.9615    26.5951    11.5854 0.0000e+00
