CalculateIndicators/WaterTemperature/Data/CTD_NYOS/NY1807C06.cnv
* Sea-Bird SBE 9 Data File:
* FileName = C:\Seabird 9 CTD\Data\2018\OffshoreCruise201807\NY1807C06.hex
* Software Version Seasave V 7.23.2
* Temperature SN = 4590
* Conductivity SN = 3228
* Number of Bytes Per Scan = 44
* Number of Voltage Words = 5
* Number of Scans Averaged by the Deck Unit = 1
* NMEA Latitude = 39 53.85 N
* NMEA Longitude = 072 07.13 W
* NMEA UTC (Time) = Jul 15 2018  21:14:05
* NMEA baud rate = 4800
** Ship: RV Seawolf
** Station: NY1807C06
** Operator: AJB
# nquan = 35
# nvalues = 157                         
# units = specified
# name 0 = depSM: Depth [salt water, m]
# name 1 = t090C: Temperature [ITS-90, deg C]
# name 2 = sal00: Salinity, Practical [PSU]
# name 3 = density00: Density [density, kg/m^3]
# name 4 = sbeox0V: Oxygen raw, SBE 43 [V]
# name 5 = sbeox0ML/L: Oxygen, SBE 43 [ml/l]
# name 6 = sbeox0PS: Oxygen, SBE 43 [% saturation]
# name 7 = sbox0dV/dT: Oxygen, SBE 43 [dov/dt]
# name 8 = oxsolML/L: Oxygen Saturation, Garcia & Gordon [ml/l]
# name 9 = oxsatML/L: Oxygen Saturation, Weiss [ml/l]
# name 10 = ph: pH
# name 11 = flECO-AFL: Fluorescence, WET Labs ECO-AFL/FL [mg/m^3]
# name 12 = n2satML/L: Nitrogen Saturation [ml/l]
# name 13 = c0S/m: Conductivity [S/m]
# name 14 = cpar: CPAR/Corrected Irradiance [%]
# name 15 = sigma-é00: Density [sigma-theta, kg/m^3]
# name 16 = sigma-t00: Density [sigma-t, kg/m^3 ]
# name 17 = par: PAR/Irradiance, Biospherical/Licor
# name 18 = prDM: Pressure, Digiquartz [db]
# name 19 = pumps: Pump Status
# name 20 = scan: Scan Count
# name 21 = svCM: Sound Velocity [Chen-Millero, m/s]
# name 22 = spar: SPAR, Biospherical/Licor
# name 23 = specc: Specific Conductance [uS/cm]
# name 24 = timeS: Time, Elapsed [seconds]
# name 25 = timeY: Time, System [seconds]
# name 26 = accM: Acceleration [m/s^2]
# name 27 = dz/dtM: Descent Rate [m/s]
# name 28 = latitude: Latitude [deg]
# name 29 = longitude: Longitude [deg]
# name 30 = gsw_saA0: Absolute Salinity [g/kg]
# name 31 = gsw_densityA0: density, TEOS-10 [density, kg/m^3]
# name 32 = gsw_sigma0A0: density, TEOS-10 [sigma-0, kg/m^3 ]
# name 33 = gsw_ptA0: potential temperature [ITS-90, deg C]
# name 34 = flag: flag
# span 0 =      0.964,     78.394       
# span 1 =     7.9614,    22.6022       
# span 2 =    32.9915,    33.3846       
# span 3 =  1022.7113,  1026.3161       
# span 4 =     3.1468,     4.2785       
# span 5 =     5.2724,     7.1651       
# span 6 =     84.401,    123.758       
# span 7 =   -0.03138,    0.27958       
# span 8 =    4.98970,    6.68604       
# span 9 =    4.97827,    6.69301       
# span 10 =      8.586,      8.899      
# span 11 =    -0.0282,     1.3076      
# span 12 =    9.21973,   12.03413      
# span 13 =   3.444698,   4.830085      
# span 14 = 7.6506e-14, 5.4705e+01      
# span 15 =    22.7070,    25.9569      
# span 16 =    22.7069,    25.9557      
# span 17 = 1.0000e-12, 5.8730e+02      
# span 18 =      1.000,     79.000      
# span 19 =          1,          1      
# span 20 =         57,      29250      
# span 21 =    1480.77,    1526.51      
# span 22 = 8.7346e+02, 1.4595e+03      
# span 23 =  50695.576,  52553.266      
# span 24 =      2.339,   1218.705      
# span 25 = 1531689258, 1531690474      
# span 26 =      -0.66,       0.52      
# span 27 =     -0.524,      0.640      
# span 28 =   39.89670,   39.89759      
# span 29 =  -72.12342,  -72.11892      
# span 30 =    33.1465,    33.5433      
# span 31 =  1022.7160,  1026.3190      
# span 32 =    22.7117,    25.9602      
# span 33 =     7.9569,    22.6020      
# span 34 = 0.0000e+00, 0.0000e+00      
# interval = decibars: 1                
# start_time = Jul 15 2018 21:14:16 [System UTC, first data scan.]
# bad_flag = -9.990e-29
*END*
[from data line 125]
     31.747     9.7557    33.1867  1025.7221     3.4487     6.1648     96.142    0.01425    6.41228    6.41538      8.653     1.1533   11.58080   3.611626 2.6292e-01    25.5774    25.5768 3.7250e+00     32.000          1      19364    1487.27 1.4169e+03  51939.521    806.776 1531690062      -0.44     -0.336   39.89696  -72.12180    33.3544  1025.7335    25.5888     9.7521 0.0000e+00
     30.756    10.1542    33.1972  1025.6589     3.6020     6.4755    101.781    0.01813    6.36252    6.36494      8.683     1.2880   11.49834   3.648775 3.2567e-01    25.5190    25.5184 4.5578e+00     31.000          1      19555    1488.70 1.4008e+03  51876.815    814.751 1531690070      -0.26     -0.258   39.89696  -72.12182    33.3663  1025.6716    25.5317    10.1507 0.0000e+00
     29.762    10.2728    33.1627  1025.6074     3.6951     6.5989    104.002    0.00581    6.34501    6.34715      8.698     1.1119   11.46987   3.655103 3.7835e-01    25.4720    25.4715 5.1997e+00     30.000          1      20222    1489.07 1.3762e+03  51805.440    842.534 1531690098      -0.12     -0.339   39.89693  -72.12194    33.3220  1025.6126    25.4773    10.2694 0.0000e+00
     28.776    10.3860    33.1207  1025.5507     3.7532     6.7248    106.296    0.00940    6.32653    6.32839      8.710     1.0267   11.43980   3.661296 4.8238e-01    25.4199    25.4193 6.0272e+00     29.000          1      20859    1489.41 1.2584e+03  51724.955    869.078 1531690125       0.01     -0.224   39.89692  -72.12204    33.2813  1025.5572    25.4264    10.3827 0.0000e+00
     27.782    10.5063    33.1137  1025.5200     3.7906     6.7738    107.472    0.00809    6.30292    6.30445      8.719     0.9414   11.40087   3.671855 5.2914e-01    25.3938    25.3933 7.1969e+00     28.000          1      21000    1489.81 1.3600e+03  51692.960    874.978 1531690131      -0.27     -0.357   39.89692  -72.12207    33.2783  1025.5297    25.4035    10.5030 0.0000e+00
     26.789    10.7617    33.1001  1025.4603     3.8400     6.8519    109.181    0.00824    6.27577    6.27693      8.728     0.9749   11.35609   3.693697 6.2449e-01    25.3388    25.3382 8.5006e+00     27.000          1      21124    1490.68 1.3614e+03  51628.072    880.145 1531690136      -0.13     -0.240   39.89692  -72.12209    33.2655  1025.4707    25.3492    10.7585 0.0000e+00
     25.800    11.0019    33.0824  1025.3996     3.8901     6.9148    110.905    0.00845    6.23499    6.23561      8.738     0.9612   11.28871   3.713811 7.4493e-01    25.2826    25.2821 1.0046e+01     26.000          1      21293    1491.49 1.3496e+03  51560.969    887.160 1531690143      -0.02     -0.155   39.89692  -72.12213    33.2488  1025.4109    25.2940    10.9988 0.0000e+00
     24.807    11.2855    33.0809  1025.3431     3.9382     6.9723    112.429    0.00685    6.20155    6.20174      8.746     0.9769   11.23328   3.739623 8.8300e-01    25.2308    25.2303 1.1829e+01     25.000          1      21443    1492.47 1.3398e+03  51510.552    893.429 1531690149      -0.14     -0.193   39.89692  -72.12215    33.2493  1025.3561    25.2439    11.2824 0.0000e+00
     23.813    11.4609    33.0802  1025.3061     3.9729     7.0206    113.836    0.00976    6.16736    6.16711      8.753     0.9962   11.17659   3.755655 1.0641e+00    25.1985    25.1979 1.4166e+01     24.000          1      21547    1493.06 1.3314e+03  51480.508    897.741 1531690153      -0.00     -0.349   39.89690  -72.12216    33.2501  1025.3204    25.2127    11.4579 0.0000e+00
     22.819    11.8229    33.0869  1025.2401     4.0237     7.0947    115.760    0.01219    6.12884    6.12810      8.763     0.9727   11.11284   3.790473 1.2267e+00    25.1371    25.1365 1.6487e+01     23.000          1      21668    1494.31 1.3443e+03  51432.132    902.808 1531690158      -0.66     -0.405   39.89690  -72.12219    33.2675  1025.2628    25.1598    11.8200 0.0000e+00
     21.823    12.2178    33.0576  1025.1383     4.0726     7.1168    117.605    0.01507    6.05190    6.05019      8.768     0.9815   10.98576   3.824180 1.4737e+00    25.0400    25.0394 1.9844e+01     22.000          1      21776    1495.61 1.3466e+03  51331.265    907.303 1531690163      -0.10     -0.507   39.89690  -72.12220    33.2436  1025.1655    25.0671    12.2150 0.0000e+00
     20.839    12.9325    33.0328  1024.9766     4.1242     7.1051    118.899    0.00873    5.97570    5.97306      8.771     0.8994   10.85955   3.886856 1.7913e+00    24.8830    24.8824 2.3903e+01     21.000          1      21902    1497.98 1.3343e+03  51194.647    912.561 1531690168       0.01     -0.154   39.89690  -72.12223    33.2147  1025.0009    24.9073    12.9297 0.0000e+00
     19.847    13.3335    33.0434  1024.9008     4.1591     7.1001    119.899    0.00623    5.92168    5.91840      8.779     0.8960   10.77002   3.924607 2.1527e+00    24.8118    24.8112 2.8725e+01     20.000          1      22038    1499.32 1.3339e+03  51155.457    918.214 1531690174      -0.08     -0.223   39.89690  -72.12224    33.2220  1024.9226    24.8336    13.3308 0.0000e+00
     18.853    13.6891    33.0233  1024.8087     4.1895     7.1346    120.943    0.00618    5.89916    5.89560      8.782     1.0180   10.73301   3.954986 2.4512e+00    24.7243    24.7237 3.2093e+01     19.000          1      22132    1500.45 1.3105e+03  51082.691    922.139 1531690178      -0.15     -0.261   39.89690  -72.12226    33.1986  1024.8281    24.7437    13.6864 0.0000e+00
     17.856    13.8514    33.0220  1024.7699     4.2061     7.1417    121.293    0.00311    5.88797    5.88430      8.784     1.0698   10.71431   3.969426 2.9425e+00    24.6900    24.6895 3.8045e+01     18.000          1      22265    1500.96 1.2924e+03  51060.071    927.653 1531690183      -0.13     -0.393   39.89690  -72.12228    33.1932  1024.7863    24.7064    13.8489 0.0000e+00
     16.867    14.0675    33.0163  1024.7164     4.2184     7.1315    121.676    0.00269    5.86103    5.85703      8.787     1.1295   10.66976   3.988195 3.7224e+00    24.6410    24.6405 4.4765e+01     17.000          1      22407    1501.65 1.2071e+03  51025.830    933.589 1531690189      -0.05     -0.251   39.89690  -72.12231    33.1816  1024.7283    24.6529    14.0651 0.0000e+00
     15.878    14.2049    33.0077  1024.6766     4.2333     7.1444    122.140    0.00220    5.84937    5.84524      8.791     1.1445   10.65045   3.999502 3.9582e+00    24.6057    24.6052 5.0611e+01     16.000          1      22576    1502.07 1.2790e+03  50997.170    940.630 1531690196      -0.15     -0.122   39.89690  -72.12233    33.1685  1024.6852    24.6143    14.2027 0.0000e+00
     14.881    14.3510    33.0016  1024.6369     4.2456     7.1421    122.537    0.00197    5.82854    5.82417      8.793     1.1860   10.61602   4.012625 4.7407e+00    24.5704    24.5700 5.9930e+01     15.000          1      22707    1502.52 1.2643e+03  50971.335    946.103 1531690202      -0.20     -0.222   39.89690  -72.12235    33.1646  1024.6472    24.5807    14.3488 0.0000e+00
     13.893    14.6361    32.9915  1024.5643     4.2754     7.1651    123.758    0.00502    5.78959    5.78479      8.797     1.2479   10.55147   4.038636 5.5974e+00    24.5023    24.5019 6.8537e+01     14.000          1      22863    1503.41 1.2290e+03  50925.103    952.577 1531690208      -0.07     -0.183   39.89689  -72.12238    33.1601  1024.5789    24.5170    14.6341 0.0000e+00
     12.895    15.0308    33.0144  1024.4924     4.2785     7.0672    123.193   -0.00523    5.73670    5.73134      8.803     1.1017   10.46347   4.078913 6.7756e+00    24.4350    24.4346 7.3731e+01     13.000          1      23350    1504.67 1.1000e+03  50915.468    972.872 1531690228      -0.16     -0.244   39.89687  -72.12246    33.1913  1024.5135    24.4561    15.0289 0.0000e+00
     11.908    16.8361    33.0518  1024.1107     4.2612     6.7174    122.600   -0.00553    5.47922    5.47130      8.806     0.8049   10.03529   4.257022 7.8436e+00    24.0581    24.0577 6.9157e+01     12.000          1      24425    1510.30 8.8020e+02  50796.713   1017.672 1531690273      -0.07     -0.205   39.89684  -72.12262    33.2634  1024.1584    24.1058    16.8342 0.0000e+00
     10.916    17.6687    33.0708  1023.9239     4.2269     6.6373    121.442   -0.00479    5.46538    5.45735      8.807     0.7233   10.01221   4.335370 9.2333e+00    23.8759    23.8754 8.0689e+01     11.000          1      24518    1512.80 8.7346e+02  50758.281   1021.525 1531690277      -0.10     -0.164   39.89684  -72.12263    33.2563  1023.9516    23.9035    17.6669 0.0000e+00
      9.922    17.6455    33.0867  1023.9371     4.2229     6.6563    121.480   -0.00141    5.47932    5.47142      8.809     0.7198   10.03524   4.332666 1.0453e+01    23.8933    23.8929 9.1406e+01     10.000          1      24651    1512.73 8.7451e+02  50781.589   1027.096 1531690283      -0.04     -0.218   39.89682  -72.12266    33.2524  1023.9495    23.9058    17.6438 0.0000e+00
      8.925    17.6673    33.0846  1023.9257     4.2197     6.6311    121.243   -0.00341    5.46921    5.46121      8.811     0.6850   10.01851   4.334858 1.0794e+01    23.8864    23.8860 9.4795e+01      9.000          1      24813    1512.78 8.7819e+02  50776.191   1033.834 1531690289      -0.30     -0.253   39.89682  -72.12268    33.2537  1023.9408    23.9015    17.6658 0.0000e+00
      7.937    18.4033    33.0959  1023.7484     4.1845     6.3147    119.431   -0.01592    5.28483    5.27538      8.797     0.4186    9.71120   4.409433 1.1115e+01    23.7135    23.7132 9.7975e+01      8.000          1      25038    1514.92 8.8152e+02  50742.327   1043.207 1531690299      -0.17     -0.206   39.89682  -72.12272    33.2882  1023.7810    23.7461    18.4019 0.0000e+00
      6.942    21.2883    33.1812  1023.0571     3.8977     5.5188    109.376   -0.01891    5.04441    5.03328      8.776     0.1315    9.31129   4.701760 1.2977e+01    23.0270    23.0266 1.1557e+02      7.000          1      25236    1523.04 8.9044e+02  50711.602   1051.443 1531690307      -0.18     -0.246   39.89681  -72.12275    33.3916  1023.1024    23.0722    21.2870 0.0000e+00
      5.953    22.0898    33.1953  1022.8482     3.8061     5.3805    106.960   -0.00192    5.03036    5.01914      8.779     0.0886    9.28770   4.777031 1.5569e+01    22.8224    22.8221 1.4240e+02      6.000          1      25477    1525.21 9.1438e+02  50695.576   1061.517 1531690317      -0.06     -0.128   39.89680  -72.12279    33.3683  1022.8649    22.8391    22.0886 0.0000e+00
      4.959    22.3513    33.2126  1022.7839     3.7928     5.3382    106.647    0.00143    5.00543    4.99408      8.786     0.0893    9.24602   4.803168 1.9438e+01    22.7625    22.7622 1.7791e+02      5.000          1      25806    1525.90 9.1675e+02  50709.898   1075.206 1531690331      -0.12     -0.191   39.89679  -72.12284    33.3720  1022.7902    22.7687    22.3503 0.0000e+00
      3.969    22.5320    33.2306  1022.7425     3.7759     5.2940    106.024    0.00101    4.99325    4.98184      8.803     0.0601    9.22566   4.823107 1.7113e+01    22.7253    22.7251 1.6874e+02      4.000          1      26421    1526.37 9.8701e+02  50728.339   1100.834 1531690356      -0.17     -0.186   39.89678  -72.12294    33.3890  1022.7479    22.7307    22.5312 0.0000e+00
      2.974    22.5773    33.2315  1022.7261     3.7788     5.2889    105.983   -0.00178    4.99032    4.97889      8.809     0.0692    9.22077   4.827615 2.1100e+01    22.7132    22.7130 2.1662e+02      3.000          1      26654    1526.48 1.0276e+03  50727.731   1110.558 1531690366      -0.13     -0.179   39.89676  -72.12298    33.3896  1022.7312    22.7183    22.5767 0.0000e+00
      1.975    22.5973    33.2319  1022.7163     3.7706     5.2724    105.666   -0.00224    4.98970    4.97827      8.820     0.0689    9.21973   4.829495 2.6493e+01    22.7078    22.7077 2.6192e+02      2.000          1      27358    1526.51 9.9470e+02  50727.179   1139.876 1531690395      -0.29     -0.303   39.89675  -72.12309    33.3893  1022.7209    22.7123    22.5969 0.0000e+00
      0.989    22.6022    33.2328  1022.7113     3.7562     5.8709    104.898   -0.00755    5.59522    5.58276      8.838     0.0856   10.44078   4.830085 3.0841e+01    22.7070    22.7069 3.3322e+02      1.000          1      29250    1526.51 1.0745e+03  50727.812   1218.705 1531690474      -0.10     -0.447   39.89670  -72.12342    33.3904  1022.7160    22.7117    22.6020 0.0000e+00
