CalculateIndicators/WaterTemperature/Data/CTD_NYOS/NY1807C11.cnv
* Sea-Bird SBE 9 Data File:
* FileName = C:\Seabird 9 CTD\Data\2018\OffshoreCruise201807\NY1807C11.hex
* Software Version Seasave V 7.23.2
* Temperature SN = 4590
* Conductivity SN = 3228
* Number of Bytes Per Scan = 44
* Number of Voltage Words = 5
* Number of Scans Averaged by the Deck Unit = 1
* NMEA Latitude = 39 44.39 N
* NMEA Longitude = 072 23.91 W
* NMEA UTC (Time) = Jul 16 2018  23:54:31
* NMEA baud rate = 4800
** Ship: RV Seawolf
** Station: NY1807C11
** Operator: jdw
# nquan = 35
# nvalues = 165                         
# units = specified
# name 0 = depSM: Depth [salt water, m]
# name 1 = t090C: Temperature [ITS-90, deg C]
# name 2 = sal00: Salinity, Practical [PSU]
# name 3 = density00: Density [density, kg/m^3]
# name 4 = sbeox0V: Oxygen raw, SBE 43 [V]
# name 5 = sbeox0ML/L: Oxygen, SBE 43 [ml/l]
# name 6 = sbeox0PS: Oxygen, SBE 43 [% saturation]
# name 7 = sbox0dV/dT: Oxygen, SBE 43 [dov/dt]
# name 8 = oxsolML/L: Oxygen Saturation, Garcia & Gordon [ml/l]
# name 9 = oxsatML/L: Oxygen Saturation, Weiss [ml/l]
# name 10 = ph: pH
# name 11 = flECO-AFL: Fluorescence, WET Labs ECO-AFL/FL [mg/m^3]
# name 12 = n2satML/L: Nitrogen Saturation [ml/l]
# name 13 = c0S/m: Conductivity [S/m]
# name 14 = cpar: CPAR/Corrected Irradiance [%]
# name 15 = sigma-é00: Density [sigma-theta, kg/m^3]
# name 16 = sigma-t00: Density [sigma-t, kg/m^3 ]
# name 17 = par: PAR/Irradiance, Biospherical/Licor
# name 18 = prDM: Pressure, Digiquartz [db]
# name 19 = pumps: Pump Status
# name 20 = scan: Scan Count
# name 21 = svCM: Sound Velocity [Chen-Millero, m/s]
# name 22 = spar: SPAR, Biospherical/Licor
# name 23 = specc: Specific Conductance [uS/cm]
# name 24 = timeS: Time, Elapsed [seconds]
# name 25 = timeY: Time, System [seconds]
# name 26 = accM: Acceleration [m/s^2]
# name 27 = dz/dtM: Descent Rate [m/s]
# name 28 = latitude: Latitude [deg]
# name 29 = longitude: Longitude [deg]
# name 30 = gsw_saA0: Absolute Salinity [g/kg]
# name 31 = gsw_densityA0: density, TEOS-10 [density, kg/m^3]
# name 32 = gsw_sigma0A0: density, TEOS-10 [sigma-0, kg/m^3 ]
# name 33 = gsw_ptA0: potential temperature [ITS-90, deg C]
# name 34 = flag: flag
# span 0 =      1.980,     83.345       
# span 1 =     8.2341,    23.6083       
# span 2 =    32.7379,    33.6044       
# span 3 =  1022.0658,  1026.4561       
# span 4 =     3.0641,     4.2261       
# span 5 =     5.3732,     6.8720       
# span 6 =     81.922,    122.571       
# span 7 =   -0.03728,    0.06368       
# span 8 =    4.91684,    6.63551       
# span 9 =    4.90499,    6.64193       
# span 10 =      8.607,      8.902      
# span 11 =    -0.0416,     1.5062      
# span 12 =    9.10311,   11.94839      
# span 13 =   3.486859,   4.867646      
# span 14 = 1.8754e-12, 2.5636e+01      
# span 15 =    22.0444,    26.0747      
# span 16 =    22.0441,    26.0734      
# span 17 = 1.0000e-12, 1.3627e+01      
# span 18 =      2.000,     84.000      
# span 19 =          1,          1      
# span 20 =        435,      12761      
# span 21 =    1482.31,    1528.61      
# span 22 = 4.3641e+01, 5.3321e+01      
# span 23 =  50028.490,  52785.387      
# span 24 =     18.088,    531.684      
# span 25 = 1531785348, 1531785861      
# span 26 =      -0.63,       0.57      
# span 27 =     -0.991,      0.860      
# span 28 =   39.74020,   39.74252      
# span 29 =  -72.39832,  -72.39712      
# span 30 =    32.9127,    33.7638      
# span 31 =  1022.0764,  1026.4600      
# span 32 =    22.0678,    26.0829      
# span 33 =     8.2277,    23.6073      
# span 34 = 0.0000e+00, 0.0000e+00      
# interval = decibars: 1                
# start_time = Jul 16 2018 23:55:30 [System UTC, first data scan.]
# bad_flag = -9.990e-29
*END*
[from data line 83]
     82.343     8.6933    33.6044  1026.4514     3.0641     5.3825     82.082    0.00002    6.55738    6.56295      8.617    -0.0344   11.81579   3.557208 1.9032e-12    26.0746    26.0733 1.0000e-12     83.000          1       5011    1484.71 5.2275e+01  52784.999    208.761 1531785538      -0.17     -0.286   39.74107  -72.39789    33.7638  1026.4544    26.0775     8.6847 0.0000e+00
     81.361     8.6926    33.6042  1026.4469     3.0651     5.3919     82.216    0.00147    6.55820    6.56378      8.613    -0.0387   11.81716   3.557082 1.8755e-12    26.0745    26.0732 1.0000e-12     82.000          1       5420    1484.69 5.3312e+01  52784.194    225.789 1531785555      -0.42     -0.413   39.74115  -72.39786    33.7636  1026.4497    26.0774     8.6841 0.0000e+00
     80.364     8.6896    33.6038  1026.4425     3.0669     5.3962     82.277    0.00150    6.55856    6.56416      8.613    -0.0296   11.81777   3.556720 1.9078e-12    26.0747    26.0734 1.0000e-12     81.000          1       5447    1484.66 5.2435e+01  52783.666    226.936 1531785556      -0.06     -0.748   39.74116  -72.39786    33.7631  1026.4453    26.0775     8.6812 0.0000e+00
     79.371     8.6884    33.6035  1026.4379     3.0645     5.3756     81.950   -0.00106    6.55962    6.56522      8.613    -0.0274   11.81954   3.556533 1.9464e-12    26.0746    26.0733 1.0000e-12     80.000          1       5483    1484.64 5.1380e+01  52782.891    228.407 1531785558       0.06     -0.698   39.74116  -72.39786    33.7627  1026.4406    26.0774     8.6801 0.0000e+00
     78.386     8.6848    33.6028  1026.4333     3.0646     5.3848     82.020   -0.00023    6.56521    6.57089      8.613    -0.0355   11.82887   3.556081 1.9477e-12    26.0746    26.0733 1.0000e-12     79.000          1       5525    1484.61 5.1343e+01  52782.030    230.165 1531785560       0.05     -0.558   39.74118  -72.39786    33.7618  1026.4360    26.0772     8.6766 0.0000e+00
     77.386     8.6787    33.6015  1026.4287     3.0667     5.4049     82.253    0.00152    6.57107    6.57683      8.611    -0.0207   11.83869   3.555316 1.9362e-12    26.0745    26.0733 1.0000e-12     78.000          1       5557    1484.57 5.1343e+01  52780.916    231.520 1531785561      -0.17     -0.694   39.74118  -72.39785    33.7601  1026.4310    26.0768     8.6706 0.0000e+00
     76.398     8.6315    33.5901  1026.4226     3.0679     5.4206     82.208    0.00060    6.59379    6.59984      8.610    -0.0312   11.87667   3.549599 1.9351e-12    26.0728    26.0716 1.0000e-12     77.000          1       5608    1484.36 5.1395e+01  52774.771    233.616 1531785563       0.19     -0.477   39.74119  -72.39784    33.7452  1026.4221    26.0724     8.6236 0.0000e+00
     75.410     8.5494    33.5690  1026.4143     3.0736     5.4655     82.648    0.00328    6.61303    6.61932      8.607    -0.0115   11.90902   3.539559 1.8779e-12    26.0688    26.0677 1.0000e-12     76.000          1       5655    1484.02 5.3261e+01  52763.308    235.573 1531785565      -0.39     -0.500   39.74120  -72.39784    33.7178  1026.4089    26.0636     8.5416 0.0000e+00
     74.410     8.4500    33.5439  1026.4052     3.0798     5.4899     82.992    0.00466    6.61496    6.62128      8.610    -0.0267   11.91227   3.528094 1.9365e-12    26.0642    26.0631 1.0000e-12     75.000          1       5682    1483.60 5.1649e+01  52749.694    236.697 1531785566      -0.12     -0.842   39.74120  -72.39784    33.6916  1026.3992    26.0582     8.4424 0.0000e+00
     73.417     8.3633    33.5097  1026.3872     3.0916     5.5324     83.622    0.00712    6.61599    6.62231      8.611    -0.0116   11.91409   3.517091 1.9470e-12    26.0505    26.0494 1.0000e-12     74.000          1       5719    1483.21 5.1361e+01  52720.686    238.261 1531785568       0.16     -0.692   39.74121  -72.39784    33.6581  1026.3817    26.0451     8.3558 0.0000e+00
     72.438     8.3292    33.4917  1026.3738     3.1076     5.5702     84.174    0.00716    6.61750    6.62383      8.611    -0.0116   11.91672   3.512744 1.9456e-12    26.0415    26.0404 1.0000e-12     73.000          1       5774    1483.05 5.1343e+01  52702.667    240.528 1531785570      -0.03     -0.368   39.74122  -72.39782    33.6449  1026.3721    26.0399     8.3219 0.0000e+00
     71.434     8.3270    33.4833  1026.3629     3.1150     5.5785     84.313    0.00588    6.61641    6.62271      8.613    -0.0092   11.91498   3.511725 1.8869e-12    26.0353    26.0342 1.0000e-12     72.000          1       5804    1483.01 5.2732e+01  52690.563    241.789 1531785571      -0.24     -0.705   39.74122  -72.39782    33.6367  1026.3614    26.0338     8.3197 0.0000e+00
     70.443     8.3233    33.4764  1026.3535     3.1237     5.5979     84.649    0.00633    6.61314    6.61939      8.613    -0.0071   11.90968   3.510812 1.9353e-12    26.0304    26.0293 1.0000e-12     71.000          1       5839    1482.97 5.1676e+01  52681.035    243.254 1531785573       0.11     -0.718   39.74123  -72.39782    33.6309  1026.3529    26.0298     8.3162 0.0000e+00
     69.458     8.3418    33.4659  1026.3379     3.1304     5.5902     84.531    0.00268    6.61316    6.61937 -9.990e-29    -0.0107   11.91010   3.511707 1.9488e-12    26.0194    26.0183 1.0000e-12     70.000          1       5893    1483.01 5.1312e+01  52661.211    245.493 1531785575       0.12     -0.405   39.74124  -72.39782    33.6232  1026.3395    26.0210     8.3347 0.0000e+00
     68.468     8.3658    33.4548  1026.3211     3.1300     5.5780     84.315    0.00049    6.61571    6.62195 -9.990e-29    -0.0107   11.91448   3.512732 1.9477e-12    26.0071    26.0060 1.0000e-12     69.000          1       5928    1483.07 5.1343e+01  52639.280    246.967 1531785576      -0.55     -0.572   39.74124  -72.39782    33.6117  1026.3223    26.0084     8.3588 0.0000e+00
     67.456     8.3688    33.4382  1026.3029     3.1273     5.5580     83.996   -0.00190    6.61703    6.62328 -9.990e-29    -0.0131   11.91674   3.511306 1.9477e-12    25.9935    25.9925 1.0000e-12     68.000          1       5951    1483.05 5.1343e+01  52614.356    247.910 1531785577      -0.18     -0.991   39.74126  -72.39782    33.5942  1026.3037    25.9943     8.3619 0.0000e+00
     66.488     8.3486    33.4118  1026.2808     3.1273     5.5746     84.190    0.00031    6.62144    6.62773 -9.990e-29    -0.0149   11.92429   3.507001 1.9477e-12    25.9759    25.9748 1.0000e-12     67.000          1       6007    1482.92 5.1343e+01  52580.986    250.253 1531785580       0.34     -0.318   39.74126  -72.39780    33.5681  1026.2818    25.9770     8.3418 0.0000e+00
     65.472     8.3301    33.3952  1026.2659     3.1276     5.5715     84.155   -0.00026    6.62048    6.62676 -9.990e-29    -0.0081   11.92265   3.503592 1.9279e-12    25.9656    25.9646 1.0000e-12     66.000          1       6113    1482.81 5.1886e+01  52561.135    254.648 1531785584      -0.22     -0.598   39.74128  -72.39779    33.5500  1026.2659    25.9655     8.3234 0.0000e+00
     64.486     8.2396    33.3340  1026.2271     3.1144     5.5589     83.781    0.00094    6.63508    6.64150      8.607     0.0069   11.94766   3.489533 1.8916e-12    25.9311    25.9301 1.0000e-12     65.000          1       6863    1482.38 5.2848e+01  52494.899    285.907 1531785615      -0.63     -0.595   39.74142  -72.39773    33.4869  1026.2258    25.9298     8.2331 0.0000e+00
     63.503     8.2341    33.3130  1026.2069     3.1204     5.5844     84.210    0.00358    6.63150    6.63785      8.611    -0.0037   11.94201   3.487470 1.9472e-12    25.9155    25.9145 1.0000e-12     64.000          1       6983    1482.32 5.1357e+01  52465.826    290.914 1531785620       0.24     -0.498   39.74145  -72.39772    33.4706  1026.2093    25.9179     8.2277 0.0000e+00
     62.512     8.2593    33.3010  1026.1891     3.1313     5.6170     84.805    0.00609    6.62346    6.62969      8.616     0.0091   11.92865   3.488698 1.9175e-12    25.9022    25.9013 1.0000e-12     63.000          1       7025    1482.38 5.2169e+01  52442.206    292.654 1531785622      -0.57     -0.515   39.74146  -72.39772    33.4601  1026.1928    25.9059     8.2530 0.0000e+00
     61.510     8.2835    33.2975  1026.1782     3.1405     5.6185     85.142    0.00654    6.59906    6.60494      8.621     0.0220   11.88815   3.490538 1.9079e-12    25.8959    25.8950 1.0000e-12     62.000          1       7055    1482.45 5.2431e+01  52430.953    293.903 1531785623       0.05     -0.816   39.74146  -72.39771    33.4572  1026.1823    25.9000     8.2773 0.0000e+00
     60.535     8.3552    33.3057  1026.1692     3.1716     5.7264     87.084    0.01638    6.57567    6.58122      8.630     0.0431   11.84941   3.498477 1.9516e-12    25.8915    25.8906 1.0000e-12     61.000          1       7103    1482.72 5.1237e+01  52425.254    295.933 1531785626      -0.01     -0.389   39.74146  -72.39770    33.4739  1026.1800    25.9024     8.3491 0.0000e+00
     59.528     8.5384    33.3186  1026.1468     3.1945     5.7776     87.983    0.01761    6.56675    6.57217      8.632     0.0339   11.83461   3.516548 1.8855e-12    25.8740    25.8730 1.0000e-12     60.000          1       7135    1483.40 5.3046e+01  52400.893    297.237 1531785627      -0.09     -0.716   39.74148  -72.39770    33.4920  1026.1616    25.8888     8.5323 0.0000e+00
     58.545     8.6472    33.3243  1026.1300     3.2166     5.7936     88.335    0.01305    6.55865    6.56395      8.637 -9.990e-29   11.82130   3.526367 1.9354e-12    25.8618    25.8609 1.0000e-12     59.000          1       7177    1483.80 5.1678e+01  52383.864    298.995 1531785629       0.09     -0.554   39.74148  -72.39770    33.4931  1026.1413    25.8731     8.6412 0.0000e+00
     57.546     8.7264    33.3252  1026.1138     3.2248     5.7699     88.004    0.00622    6.55638    6.56164      8.636     0.0622   11.81764   3.533545 1.9468e-12    25.8504    25.8494 1.0000e-12     58.000          1       7216    1484.08 5.1368e+01  52366.737    300.619 1531785630       0.05     -0.620   39.74149  -72.39768    33.4943  1026.1254    25.8619     8.7204 0.0000e+00
     56.560     8.7755    33.3199  1026.0975     3.2269     5.7354     87.572    0.00064    6.54937    6.55452      8.635     0.0867   11.80621   3.537111 1.9477e-12    25.8386    25.8376 1.0000e-12     57.000          1       7265    1484.24 5.1343e+01  52347.644    302.651 1531785632      -0.05     -0.458   39.74150  -72.39768    33.4860  1026.1067    25.8478     8.7696 0.0000e+00
     55.564     8.8061    33.3062  1026.0774     3.2275     5.7197     87.544    0.00038    6.53359    6.53850      8.636     0.0884   11.78012   3.538497 1.9477e-12    25.8231    25.8222 1.0000e-12     56.000          1       7311    1484.32 5.1343e+01  52320.853    304.563 1531785634       0.09     -0.519   39.74152  -72.39768    33.4720  1026.0865    25.8322     8.8003 0.0000e+00
     54.584     8.8772    33.3015  1026.0581     3.2302     5.7013     87.688    0.00133    6.50175    6.50621      8.640     0.1306   11.72744   3.544664 1.9477e-12    25.8083    25.8075 1.0000e-12     55.000          1       7362    1484.56 5.1343e+01  52298.032    306.688 1531785636      -0.24     -0.396   39.74152  -72.39768    33.4702  1026.0694    25.8197     8.8715 0.0000e+00
     53.574     8.9383    33.2974  1026.0407     3.2372     5.7278     88.156    0.00398    6.49733    6.50173      8.643     0.1385   11.72008   3.549859 1.9394e-12    25.7956    25.7947 1.0000e-12     54.000          1       7385    1484.77 5.1343e+01  52278.242    307.665 1531785637      -0.34     -0.825   39.74153  -72.39768    33.4676  1026.0533    25.8082     8.9326 0.0000e+00
     52.585     9.1147    33.3028  1026.0123     3.2498     5.7684     88.883    0.00741    6.48983    6.49412      8.646     0.1660   11.70765   3.566628 1.9473e-12    25.7720    25.7711 1.0000e-12     53.000          1       7425    1485.41 5.1343e+01  52247.491    309.316 1531785639       0.23     -0.674   39.74154  -72.39767    33.4774  1026.0284    25.7881     9.1091 0.0000e+00
     51.599     9.2327    33.3092  1025.9939     3.2680     5.7902     89.513    0.00770    6.46853    6.47253      8.651     0.1935   11.67241   3.577415 1.9477e-12    25.7583    25.7574 1.0000e-12     52.000          1       7482    1485.83 5.1343e+01  52230.798    311.711 1531785641      -0.06     -0.391   39.74154  -72.39766    33.4795  1026.0067    25.7711     9.2271 0.0000e+00
     50.605     9.2705    33.3085  1025.9828     3.2863     5.8250     90.383    0.01058    6.44486    6.44852      8.658     0.2414   11.63319   3.580612 1.9477e-12    25.7517    25.7509 1.0000e-12     51.000          1       7521    1485.96 5.1343e+01  52221.331    313.330 1531785643      -0.19     -0.589   39.74156  -72.39766    33.4777  1025.9948    25.7637     9.2650 0.0000e+00
     49.608     9.4493    33.3136  1025.9532     3.3119     5.8937     91.508    0.01330    6.44067    6.44429      8.661     0.2640   11.62624   3.597842 1.9700e-12    25.7268    25.7260 1.0000e-12     50.000          1       7565    1486.60 5.0778e+01  52190.982    315.162 1531785645       0.13     -0.547   39.74156  -72.39766    33.4894  1025.9704    25.7440     9.4439 0.0000e+00
     48.617     9.5913    33.3221  1025.9321     3.3458     5.9235     92.095    0.00645    6.43201    6.43551      8.665     0.2651   11.61180   3.610773 2.0398e-12    25.7105    25.7096 1.0000e-12     49.000          1       8066    1487.11 4.9008e+01  52173.470    336.028 1531785665      -0.17     -0.304   39.74165  -72.39760    33.4910  1025.9439    25.7223     9.5859 0.0000e+00
     47.628     9.6591    33.3303  1025.9228     3.3603     5.9572     93.007    0.01172    6.40516    6.40829      8.671     0.2687   11.56729   3.617702 2.0001e-12    25.7057    25.7049 1.0000e-12     48.000          1       8529    1487.35 5.0015e+01  52170.591    355.317 1531785685       0.10     -0.533   39.74174  -72.39756    33.4996  1025.9349    25.7178     9.6538 0.0000e+00
     46.638     9.7832    33.3378  1025.9036     3.3822     5.9997     93.730    0.01139    6.40107    6.40414      8.673     0.2788   11.56060   3.629731 2.0023e-12    25.6912    25.6903 1.0000e-12     47.000          1       8573    1487.80 4.9958e+01  52155.925    357.182 1531785687      -0.06     -0.510   39.74174  -72.39756    33.5082  1025.9165    25.7041     9.7780 0.0000e+00
     45.642     9.8498    33.3354  1025.8860     3.3957     6.0149     94.018    0.00935    6.39765    6.40067      8.672     0.3103   11.55494   3.635140 2.0253e-12    25.6782    25.6773 1.0000e-12     46.000          1       8609    1488.02 4.9376e+01  52138.778    358.687 1531785688      -0.07     -0.650   39.74174  -72.39756    33.5022  1025.8963    25.6884     9.8447 0.0000e+00
     44.651     9.8702    33.3313  1025.8749     3.4075     6.0057     94.209    0.00704    6.37483    6.37754      8.677     0.3159   11.51708   3.636417 2.0256e-12    25.6716    25.6708 1.0000e-12     45.000          1       8651    1488.07 4.9368e+01  52128.339    360.402 1531785690       0.08     -0.597   39.74176  -72.39755    33.4968  1025.8841    25.6808     9.8652 0.0000e+00
     43.663     9.9138    33.3319  1025.8635     3.4232     6.0130     94.824    0.00814    6.34118    6.34344      8.687     0.3730   11.46138   3.640715 2.0224e-12    25.6648    25.6639 1.0000e-12     44.000          1       8694    1488.21 4.9448e+01  52120.023    362.189 1531785692      -0.08     -0.533   39.74176  -72.39754    33.5007  1025.8754    25.6766     9.9089 0.0000e+00
     42.664    10.1340    33.3410  1025.8288     3.4516     6.1036     96.340    0.01471    6.33549    6.33765      8.691     0.3987   11.45222   3.662267 2.0256e-12    25.6348    25.6340 1.0000e-12     43.000          1       8735    1489.00 4.9399e+01  52090.081    363.907 1531785693       0.12     -0.570   39.74177  -72.39754    33.5170  1025.8463    25.6523    10.1291 0.0000e+00
