CalculateIndicators/WaterTemperature/Data/CTD_NYOS/NY1807C24.cnv
* Sea-Bird SBE 9 Data File:
* FileName = C:\Seabird 9 CTD\Data\2018\OffshoreCruise201807\NY1807C24.hex
* Software Version Seasave V 7.23.2
* Temperature SN = 4590
* Conductivity SN = 3228
* Number of Bytes Per Scan = 44
* Number of Voltage Words = 5
* Number of Scans Averaged by the Deck Unit = 1
* NMEA Latitude = 39 24.47 N
* NMEA Longitude = 072 16.74 W
* NMEA UTC (Time) = Jul 19 2018  12:01:49
* NMEA baud rate = 4800
** Ship: RV Seawolf
** Station: NY1807C24
** Operator: ajb
# nquan = 35
# nvalues = 348                         
# units = specified
# name 0 = depSM: Depth [salt water, m]
# name 1 = t090C: Temperature [ITS-90, deg C]
# name 2 = sal00: Salinity, Practical [PSU]
# name 3 = density00: Density [density, kg/m^3]
# name 4 = sbeox0V: Oxygen raw, SBE 43 [V]
# name 5 = sbeox0ML/L: Oxygen, SBE 43 [ml/l]
# name 6 = sbeox0PS: Oxygen, SBE 43 [% saturation]
# name 7 = sbox0dV/dT: Oxygen, SBE 43 [dov/dt]
# name 8 = oxsolML/L: Oxygen Saturation, Garcia & Gordon [ml/l]
# name 9 = oxsatML/L: Oxygen Saturation, Weiss [ml/l]
# name 10 = ph: pH
# name 11 = flECO-AFL: Fluorescence, WET Labs ECO-AFL/FL [mg/m^3]
# name 12 = n2satML/L: Nitrogen Saturation [ml/l]
# name 13 = c0S/m: Conductivity [S/m]
# name 14 = cpar: CPAR/Corrected Irradiance [%]
# name 15 = sigma-é00: Density [sigma-theta, kg/m^3]
# name 16 = sigma-t00: Density [sigma-t, kg/m^3 ]
# name 17 = par: PAR/Irradiance, Biospherical/Licor
# name 18 = prDM: Pressure, Digiquartz [db]
# name 19 = pumps: Pump Status
# name 20 = scan: Scan Count
# name 21 = svCM: Sound Velocity [Chen-Millero, m/s]
# name 22 = spar: SPAR, Biospherical/Licor
# name 23 = specc: Specific Conductance [uS/cm]
# name 24 = timeS: Time, Elapsed [seconds]
# name 25 = timeY: Time, System [seconds]
# name 26 = accM: Acceleration [m/s^2]
# name 27 = dz/dtM: Descent Rate [m/s]
# name 28 = latitude: Latitude [deg]
# name 29 = longitude: Longitude [deg]
# name 30 = gsw_saA0: Absolute Salinity [g/kg]
# name 31 = gsw_densityA0: density, TEOS-10 [density, kg/m^3]
# name 32 = gsw_sigma0A0: density, TEOS-10 [sigma-0, kg/m^3 ]
# name 33 = gsw_ptA0: potential temperature [ITS-90, deg C]
# name 34 = flag: flag
# span 0 =      0.978,    173.599       
# span 1 =     8.8992,    23.0615       
# span 2 =    32.8683,    35.5254       
# span 3 =  1022.3187,  1027.7217       
# span 4 =     2.6302,     4.1957       
# span 5 =     4.0213,     6.7504       
# span 6 =     66.924,    122.297       
# span 7 =   -0.06121,    0.05872       
# span 8 =    4.95777,    6.53467       
# span 9 =    4.94611,    6.53967       
# span 10 =      8.659,      8.967      
# span 11 =    -0.0811,     1.3146      
# span 12 =    9.17006,   11.78103      
# span 13 =   3.544911,   4.831835      
# span 14 = 5.4542e-14, 4.4012e+01      
# span 15 =    22.3101,    26.9503      
# span 16 =    22.3100,    26.9459      
# span 17 = 1.0000e-12, 6.2304e+02      
# span 18 =      1.000,    175.000      
# span 19 =          1,          1      
# span 20 =        830,      33294      
# span 21 =    1484.43,    1527.33      
# span 22 = 1.1852e+03, 1.8801e+03      
# span 23 =  50220.183,  54820.293      
# span 24 =     34.529,   1387.220      
# span 25 = 1532001749, 1532003101      
# span 26 =      -0.57,       0.49      
# span 27 =     -0.700,      0.955      
# span 28 =   39.40205,   39.40769      
# span 29 =  -72.27900,  -72.27660      
# span 30 =    33.0556,    35.6944      
# span 31 =  1022.3372,  1027.7262      
# span 32 =    22.3286,    26.9521      
# span 33 =     8.8954,    23.0610      
# span 34 = 0.0000e+00, 0.0000e+00      
# interval = decibars: 1                
# start_time = Jul 19 2018 12:01:54 [System UTC, first data scan.]
# bad_flag = -9.990e-29
*END*
[from data line 42]
     43.656     9.1016    33.4425  1026.0828     3.2580     5.7336     88.506    0.00048    6.47829    6.48261      8.789     0.0840   11.68631   3.576641 6.7120e-02    25.8833    25.8825 1.1781e+00     44.000          1       2640    1485.39 1.7552e+03  52441.446    109.950 1532001824      -0.01      0.564   39.40732  -72.27886    33.5984  1026.0838    25.8843     9.0969 0.0000e+00
     44.658     9.1833    33.4711  1026.0966     3.2579     5.7241     88.446   -0.00021    6.47184    6.47609 -9.990e-29     0.0948   11.67546   3.587140 5.7184e-02    25.8927    25.8919 1.0003e+00     45.000          1       2673    1485.74 1.7491e+03  52464.986    111.348 1532001825       0.03      0.706   39.40730  -72.27886    33.6304  1026.1002    25.8963     9.1785 0.0000e+00
     45.642     9.2875    33.5047  1026.1107     3.2553     5.7078     88.279   -0.00126    6.46560    6.46979      8.789     0.0691   11.66473   3.600084 5.5975e-02    25.9024    25.9016 9.7786e-01     46.000          1       2722    1486.18 1.7470e+03  52491.079    113.393 1532001827      -0.11      0.468   39.40730  -72.27886    33.6665  1026.1161    25.9078     9.2825 0.0000e+00
     46.636     9.3349    33.5278  1026.1256     3.2494     5.6988     87.926   -0.00321    6.48135    6.48577      8.787     0.0425   11.69072   3.606873 4.6095e-02    25.9128    25.9119 8.0794e-01     47.000          1       2761    1486.40 1.7528e+03  52514.242    115.011 1532001829       0.15      0.606   39.40730  -72.27886    33.6919  1026.1328    25.9200     9.3298 0.0000e+00
     47.625     9.3614    33.5503  1026.1435     3.2398     5.6588     87.285   -0.00676    6.48314    6.48758      8.782     0.0332   11.69363   3.610845 4.1252e-02    25.9261    25.9253 7.2425e-01     48.000          1       2793    1486.54 1.7556e+03  52541.078    116.341 1532001830       0.07      0.725   39.40728  -72.27884    33.7077  1026.1454    25.9281     9.3562 0.0000e+00
     48.625     9.2599    33.5519  1026.1658     3.2337     5.6491     87.113   -0.00633    6.48479    6.48926      8.780     0.0261   11.69635   3.601444 3.2029e-02    25.9438    25.9429 5.6322e-01     49.000          1       2820    1486.18 1.7586e+03  52565.289    117.467 1532001832       0.10      0.854   39.40728  -72.27884    33.7053  1026.1644    25.9425     9.2546 0.0000e+00
     49.613     9.2144    33.5580  1026.1824     3.2253     5.6529     87.065   -0.00376    6.49272    6.49731      8.775     0.0127   11.70933   3.598262 3.5426e-02    25.9558    25.9550 6.1973e-01     50.000          1       2872    1486.04 1.7494e+03  52584.191    119.610 1532001834      -0.24      0.454   39.40727  -72.27884    33.7147  1026.1836    25.9571     9.2090 0.0000e+00
     50.604     9.1935    33.5599  1026.1917     3.2148     5.6246     86.542   -0.00568    6.49928    6.50399      8.771     0.0027   11.71999   3.596438 2.6518e-02    25.9606    25.9598 4.6054e-01     51.000          1       2917    1485.98 1.7368e+03  52591.827    121.489 1532001836       0.43      0.560   39.40726  -72.27884    33.7150  1026.1917    25.9606     9.1880 0.0000e+00
     51.604     9.1423    33.5693  1026.2119     3.2076     5.6095     86.240   -0.00635    6.50451    6.50930      8.767    -0.0069   11.72867   3.592669 2.4410e-02    25.9762    25.9753 4.2693e-01     52.000          1       2946    1485.82 1.7486e+03  52616.630    122.728 1532001837       0.01      0.813   39.40726  -72.27884    33.7236  1026.2112    25.9755     9.1367 0.0000e+00
     52.584     9.0941    33.5862  1026.2373     3.1979     5.6025     86.060   -0.00471    6.50998    6.51486      8.761     0.0041   11.73752   3.589935 2.7050e-02    25.9971    25.9962 4.7575e-01     53.000          1       2993    1485.68 1.7588e+03  52651.446    124.669 1532001839      -0.15      0.489   39.40724  -72.27884    33.7402  1026.2363    25.9961     9.0885 0.0000e+00
     53.582     9.0546    33.5834  1026.2460     3.1861     5.5523     85.340   -0.00823    6.50610    6.51093      8.758    -0.0031   11.73097   3.585955 1.9004e-02    26.0012    26.0003 3.3467e-01     54.000          1       3026    1485.55 1.7614e+03  52656.678    126.025 1532001840       0.30      0.663   39.40724  -72.27884    33.7356  1026.2436    25.9988     9.0488 0.0000e+00
     54.581     9.0291    33.5962  1026.2646     3.1811     5.5554     85.426   -0.00535    6.50320    6.50801      8.756    -0.0032   11.72600   3.585306 1.7721e-02    26.0152    26.0143 3.1187e-01     55.000          1       3058    1485.49 1.7608e+03  52680.941    127.360 1532001841      -0.09      0.783   39.40723  -72.27882    33.7525  1026.2653    26.0159     9.0233 0.0000e+00
     55.559     9.0532    33.6162  1026.2810     3.1766     5.5601     85.629   -0.00136    6.49319    6.49788      8.753    -0.0047   11.70914   3.589670 1.9202e-02    26.0271    26.0262 3.3225e-01     56.000          1       3114    1485.62 1.7296e+03  52704.472    129.725 1532001844       0.00      0.311   39.40722  -72.27882    33.7748  1026.2835    26.0296     9.0473 0.0000e+00
     56.560     9.0733    33.6351  1026.2972     3.1749     5.5574     85.568   -0.00148    6.49476    6.49948      8.753    -0.0232   11.71170   3.593560 1.5384e-02    26.0388    26.0378 2.6796e-01     57.000          1       3148    1485.73 1.7421e+03  52727.518    131.137 1532001845       0.16      0.660   39.40722  -72.27882    33.7960  1026.3013    26.0429     9.0673 0.0000e+00
     57.549     9.1284    33.6522  1026.3062     3.1707     5.5524     85.382   -0.00216    6.50301    6.50785      8.751    -0.0216   11.72528   3.600425 1.5306e-02    26.0434    26.0424 2.6957e-01     58.000          1       3188    1485.97 1.7612e+03  52740.424    132.796 1532001847      -0.13      0.626   39.40720  -72.27882    33.8150  1026.3118    26.0490     9.1222 0.0000e+00
     58.540     9.1028    33.6534  1026.3158     3.1640     5.5216     84.991   -0.00398    6.49670    6.50147      8.748    -0.0151   11.71461   3.597432 1.2059e-02    26.0484    26.0474 2.1271e-01     59.000          1       3224    1485.89 1.7640e+03  52748.003    134.281 1532001848       0.22      0.612   39.40720  -72.27880    33.8076  1026.3147    26.0473     9.0965 0.0000e+00
     59.541     9.0547    33.6558  1026.3300     3.1595     5.4989     84.757   -0.00490    6.48785    6.49250      8.747    -0.0241   11.69979   3.593646 8.3239e-03    26.0579    26.0569 1.4689e-01     60.000          1       3251    1485.74 1.7647e+03  52762.669    135.427 1532001850       0.09      0.851   39.40719  -72.27880    33.8132  1026.3313    26.0593     9.0483 0.0000e+00
     60.527     9.0870    33.6769  1026.3458     3.1580     5.5041     85.042   -0.00101    6.47227    6.47672      8.745    -0.0083   11.67367   3.599204 1.0785e-02    26.0693    26.0683 1.8880e-01     61.000          1       3293    1485.90 1.7502e+03  52786.004    137.184 1532001851      -0.20      0.598   39.40718  -72.27880    33.8402  1026.3517    26.0753     9.0804 0.0000e+00
     61.518     9.1992    33.7091  1026.3575     3.1625     5.4907     85.482    0.00230    6.42322    6.42708      8.750    -0.0028   11.59135   3.613083 9.6336e-03    26.0767    26.0756 1.6799e-01     62.000          1       3348    1486.37 1.7438e+03  52807.943    139.467 1532001854      -0.05      0.431   39.40716  -72.27880    33.8781  1026.3677    26.0869     9.1925 0.0000e+00
     62.505     9.3881    33.7715  1026.3801     3.1720     5.5082     86.116    0.00578    6.39627    6.39980      8.758    -0.0001   11.54601   3.637345 7.4051e-03    26.0951    26.0940 1.3003e-01     63.000          1       3393    1487.15 1.7563e+03  52856.312    141.326 1532001855       0.33      0.493   39.40716  -72.27880    33.9508  1026.3982    26.1132     9.3813 0.0000e+00
     63.504     9.5434    33.8221  1026.3987     3.1728     5.4876     85.827    0.00201    6.39379    6.39731      8.758    -0.0120   11.54175   3.657322 3.2729e-03    26.1093    26.1082 5.7763e-02     64.000          1       3418    1487.80 1.7658e+03  52896.231    142.385 1532001856       0.21      0.863   39.40714  -72.27880    34.0102  1026.4235    26.1342     9.5363 0.0000e+00
     64.499     9.7074    33.8796  1026.4209     3.1745     5.4851     85.830    0.00129    6.39067    6.39414      8.757    -0.0176   11.53650   3.677070 4.9567e-03    26.1273    26.1261 8.7815e-02     65.000          1       3449    1488.48 1.7714e+03  52943.831    143.646 1532001858      -0.14      0.857   39.40714  -72.27878    34.0583  1026.4382    26.1446     9.7002 0.0000e+00
     65.488     9.7450    33.9060  1026.4397     3.1742     5.4782     85.724    0.00013    6.39044    6.39392      8.754    -0.0343   11.53610   3.682746 5.5938e-03    26.1417    26.1404 9.8666e-02     66.000          1       3485    1488.66 1.7631e+03  52973.705    145.179 1532001859       0.01      0.627   39.40714  -72.27878    34.0807  1026.4539    26.1559     9.7376 0.0000e+00
     66.477     9.7737    33.9182  1026.4489     3.1722     5.4640     85.623   -0.00048    6.38147    6.38484      8.752    -0.0188   11.52099   3.686141 4.6181e-03    26.1465    26.1452 8.0469e-02     67.000          1       3545    1488.80 1.7431e+03  52985.807    147.648 1532001862      -0.08      0.362   39.40712  -72.27878    34.0881  1026.4593    26.1568     9.7662 0.0000e+00
     67.470     9.7927    33.9253  1026.4558     3.1729     5.4809     85.768    0.00073    6.39036    6.39389      8.749    -0.0246   11.53531   3.688630 2.6054e-03    26.1489    26.1476 4.5565e-02     68.000          1       3589    1488.89 1.7500e+03  52992.518    149.507 1532001864       0.49      0.575   39.40712  -72.27878    34.0953  1026.4663    26.1593     9.7850 0.0000e+00
     68.463     9.8057    33.9300  1026.4618     3.1606     5.4251     84.765   -0.00607    6.40014    6.40379      8.749    -0.0054   11.55160   3.690325 3.3267e-04    26.1503    26.1490 5.8601e-03     69.000          1       3615    1488.96 1.7666e+03  52996.900    150.569 1532001865       0.12      0.909   39.40710  -72.27878    34.0999  1026.4722    26.1608     9.7980 0.0000e+00
     69.465     9.8643    33.9660  1026.4846     3.1469     5.3582     83.705   -0.01290    6.40132    6.40501      8.744    -0.0355   11.55329   3.699040 2.9717e-04    26.1687    26.1674 5.2803e-03     70.000          1       3640    1489.23 1.7771e+03  53036.576    151.638 1532001866       0.00      0.944   39.40710  -72.27878    34.1336  1026.4930    26.1772     9.8564 0.0000e+00
     70.446     9.6735    33.9715  1026.5255     3.1310     5.3242     83.642   -0.00715    6.36553    6.36880      8.736    -0.0314   11.49299   3.681344 2.5683e-03    26.2048    26.2035 4.5221e-02     71.000          1       3692    1488.57 1.7578e+03  53083.431    153.810 1532001868      -0.23      0.453   39.40709  -72.27876    34.1319  1026.5282    26.2076     9.6656 0.0000e+00
     71.436     9.7908    34.0370  1026.5614     3.1255     5.2850     83.790   -0.00308    6.30752    6.31011      8.738    -0.0401   11.39536   3.700165 1.3515e-03    26.2364    26.2351 2.3607e-02     72.000          1       3739    1489.09 1.7473e+03  53152.103    155.754 1532001870       0.21      0.533   39.40708  -72.27876    34.2139  1026.5769    26.2519     9.7827 0.0000e+00
     72.432     9.8961    34.0782  1026.5803     3.1237     5.2860     83.909   -0.00090    6.29967    6.30217      8.740    -0.0476   11.38215   3.713970 7.1993e-04    26.2511    26.2497 1.2644e-02     73.000          1       3768    1489.54 1.7573e+03  53189.205    156.976 1532001871       0.15      0.758   39.40708  -72.27876    34.2554  1026.5959    26.2666     9.8878 0.0000e+00
     73.428    10.1993    34.1957  1026.6245     3.1208     5.2529     83.712   -0.00207    6.27500    6.27721      8.745    -0.0372   11.34066   3.754883 6.3725e-04    26.2912    26.2898 1.1230e-02     74.000          1       3804    1490.78 1.7625e+03  53294.887    158.453 1532001873      -0.16      0.725   39.40706  -72.27876    34.3858  1026.6497    26.3165    10.1907 0.0000e+00
     74.409    10.3776    34.2632  1026.6507     3.1230     5.2402     84.091    0.00163    6.23154    6.23325      8.747    -0.0264   11.26743   3.777406 3.0959e-04    26.3133    26.3118 5.4480e-03     75.000          1       3854    1491.52 1.7585e+03  53355.249    160.554 1532001875       0.11      0.399   39.40706  -72.27876    34.4458  1026.6699    26.3325    10.3688 0.0000e+00
     75.411    10.5588    34.3303  1026.6756     3.1298     5.2355     84.473    0.00347    6.19784    6.19918      8.751    -0.0307   11.21041   3.802012 1.4282e-05    26.3340    26.3324 2.5107e-04     76.000          1       3886    1492.26 1.7549e+03  53415.657    161.894 1532001876       0.12      0.703   39.40705  -72.27876    34.5231  1026.7025    26.3610    10.5498 0.0000e+00
     76.400    10.7921    34.4281  1026.7146     3.1463     5.2867     85.585    0.01001    6.17707    6.17820      8.761    -0.0333   11.17511   3.834264 1.1854e-08    26.3690    26.3673 2.0787e-07     77.000          1       3926    1493.22 1.7610e+03  53509.115    163.559 1532001878      -0.11      0.620   39.40704  -72.27875    34.6272  1026.7462    26.4006    10.7828 0.0000e+00
     77.387    11.0514    34.5587  1026.7739     3.1494     5.2546     85.108    0.00262    6.17408    6.17518      8.762 -9.990e-29   11.17003   3.871691 5.6630e-14    26.4243    26.4225 1.0000e-12     78.000          1       3966    1494.30 1.7658e+03  53645.086    165.194 1532001879       0.12      0.580   39.40704  -72.27874    34.7573  1026.8046    26.4551    11.0418 0.0000e+00
     78.392    11.1337    34.6161  1026.8080     3.1505     5.2465     84.962    0.00021    6.17513    6.17625      8.760 -9.990e-29   11.17172   3.884128 5.6720e-14    26.4541    26.4523 1.0000e-12     79.000          1       3995    1494.68 1.7630e+03  53710.840    166.405 1532001880       0.11      0.786   39.40703  -72.27874    34.8034  1026.8298    26.4759    11.1239 0.0000e+00
     79.369    11.1618    34.6333  1026.8207     3.1464     5.2335     84.679   -0.00180    6.18036    6.18156      8.756    -0.0371   11.18012   3.887605 5.7246e-14    26.4624    26.4606 1.0000e-12     80.000          1       4054    1494.81 1.7468e+03  53730.332    168.874 1532001883      -0.23      0.325   39.40702  -72.27874    34.8111  1026.8351    26.4767    11.1520 0.0000e+00
     80.370    11.1174    34.6310  1026.8316     3.1348     5.1638     83.805   -0.00765    6.16168    6.16268      8.752    -0.0329   11.14855   3.882520 5.7148e-14    26.4687    26.4669 1.0000e-12     81.000          1       4088    1494.67 1.7498e+03  53735.667    170.306 1532001884       0.37      0.674   39.40700  -72.27874    34.8018  1026.8405    26.4776    11.1075 0.0000e+00
     81.361    11.1198    34.6623  1026.8600     3.1366     5.1652     84.473   -0.00009    6.11467    6.11514      8.752    -0.0267   11.06933   3.886712 5.6799e-14    26.4926    26.4908 1.0000e-12     82.000          1       4126    1494.74 1.7606e+03  53779.318    171.888 1532001886      -0.20      0.680   39.40700  -72.27874    34.8411  1026.8750    26.5077    11.1097 0.0000e+00
     82.348    11.2589    34.7278  1026.8897     3.1340     5.1408     84.324   -0.00090    6.09648    6.09674      8.755    -0.0273   11.03866   3.908515 5.6625e-14    26.5182    26.5163 1.0000e-12     83.000          1       4164    1495.31 1.7660e+03  53846.088    173.472 1532001888       0.28      0.561   39.40700  -72.27874    34.9264  1026.9199    26.5484    11.2486 0.0000e+00
