CalculateIndicators/WaterTemperature/Data/CTD_NYOS/NY1807C03.cnv
* Sea-Bird SBE 9 Data File:
* FileName = C:\Seabird 9 CTD\Data\2018\OffshoreCruise201807\NY1807C03.hex
* Software Version Seasave V 7.23.2
* Temperature SN = 4590
* Conductivity SN = 3228
* Number of Bytes Per Scan = 44
* Number of Voltage Words = 5
* Number of Scans Averaged by the Deck Unit = 1
* NMEA Latitude = 40 05.19 N
* NMEA Longitude = 071 29.57 W
* NMEA UTC (Time) = Jul 15 2018  07:25:50
* NMEA baud rate = 4800
** Ship: Seawolf
** Station: NY1807C03
** Operator: jw
# nquan = 35
# nvalues = 166                         
# units = specified
# name 0 = depSM: Depth [salt water, m]
# name 1 = t090C: Temperature [ITS-90, deg C]
# name 2 = sal00: Salinity, Practical [PSU]
# name 3 = density00: Density [density, kg/m^3]
# name 4 = sbeox0V: Oxygen raw, SBE 43 [V]
# name 5 = sbeox0ML/L: Oxygen, SBE 43 [ml/l]
# name 6 = sbeox0PS: Oxygen, SBE 43 [% saturation]
# name 7 = sbox0dV/dT: Oxygen, SBE 43 [dov/dt]
# name 8 = oxsolML/L: Oxygen Saturation, Garcia & Gordon [ml/l]
# name 9 = oxsatML/L: Oxygen Saturation, Weiss [ml/l]
# name 10 = ph: pH
# name 11 = flECO-AFL: Fluorescence, WET Labs ECO-AFL/FL [mg/m^3]
# name 12 = n2satML/L: Nitrogen Saturation [ml/l]
# name 13 = c0S/m: Conductivity [S/m]
# name 14 = cpar: CPAR/Corrected Irradiance [%]
# name 15 = sigma-é00: Density [sigma-theta, kg/m^3]
# name 16 = sigma-t00: Density [sigma-t, kg/m^3 ]
# name 17 = par: PAR/Irradiance, Biospherical/Licor
# name 18 = prDM: Pressure, Digiquartz [db]
# name 19 = pumps: Pump Status
# name 20 = scan: Scan Count
# name 21 = svCM: Sound Velocity [Chen-Millero, m/s]
# name 22 = spar: SPAR, Biospherical/Licor
# name 23 = specc: Specific Conductance [uS/cm]
# name 24 = timeS: Time, Elapsed [seconds]
# name 25 = timeY: Time, System [seconds]
# name 26 = accM: Acceleration [m/s^2]
# name 27 = dz/dtM: Descent Rate [m/s]
# name 28 = latitude: Latitude [deg]
# name 29 = longitude: Longitude [deg]
# name 30 = gsw_saA0: Absolute Salinity [g/kg]
# name 31 = gsw_densityA0: density, TEOS-10 [density, kg/m^3]
# name 32 = gsw_sigma0A0: density, TEOS-10 [sigma-0, kg/m^3 ]
# name 33 = gsw_ptA0: potential temperature [ITS-90, deg C]
# name 34 = flag: flag
# span 0 =      0.969,     83.350       
# span 1 =     8.6669,    20.4182       
# span 2 =    32.5385,    33.9728       
# span 3 =  1022.8641,  1026.5512       
# span 4 =     3.1099,     4.1516       
# span 5 =     5.3860,     6.9309       
# span 6 =     82.685,    123.752       
# span 7 =   -0.04464,    0.07534       
# span 8 =    5.20745,    6.57138       
# span 9 =    5.19715,    6.57687       
# span 10 =      8.561,      8.800      
# span 11 =    -0.0391,     1.4460      
# span 12 =    9.58778,   11.84225      
# span 13 =   3.516310,   4.543503      
# span 14 = -7.215e+03, 1.1629e+05      
# span 15 =    22.8599,    26.1737      
# span 16 =    22.8598,    26.1721      
# span 17 = -1.675e-02, 1.1439e-01      
# span 18 =      1.000,     84.000      
# span 19 =          1,          1      
# span 20 =        273,      14458      
# span 21 =    1483.89,    1520.06      
# span 22 = -4.217e-02, 4.4863e+00      
# span 23 =  49969.068,  53053.622      
# span 24 =     11.334,    602.387      
# span 25 = 1531639665, 1531640256      
# span 26 =      -0.82,       0.59      
# span 27 =     -1.123,      1.015      
# span 28 =   40.08662,   40.08667      
# span 29 =  -71.49543,  -71.49337      
# span 30 =    32.6498,    34.1350      
# span 31 =  1022.8698,  1026.5550      
# span 32 =    22.8648,    26.1779      
# span 33 =     8.6607,    20.4176      
# span 34 = 0.0000e+00, 0.0000e+00      
# interval = decibars: 1                
# start_time = Jul 15 2018 07:27:34 [System UTC, first data scan.]
# bad_flag = -9.990e-29
*END*
[from data line 125]
     41.682     9.4089    33.0936  1025.7516     3.3572     5.9827     92.427    0.00647    6.47291    6.47676      8.616     0.4054   11.68226   3.571466 2.5320e-11    25.5613    25.5606 1.0000e-12     42.000          1      10102    1486.05 3.9495e+00  51883.981    420.857 1531640075      -0.82     -0.572   40.08664  -71.49482    33.2577  1025.7604    25.5702     9.4044 0.0000e+00
     40.665     9.4269    33.0911  1025.7421     3.3605     5.9824     92.447    0.00539    6.47120    6.47502      8.615     0.4316   11.67945   3.572784 2.5320e-11    25.5564    25.5557 1.0000e-12     41.000          1      10119    1486.10 3.9495e+00  51876.031    421.591 1531640076      -0.54     -1.123   40.08664  -71.49482    33.2552  1025.7510    25.5653     9.4224 0.0000e+00
     39.684     9.4542    33.0893  1025.7318     3.3702     5.9823     92.614    0.00365    6.45942    6.46305      8.615     0.4798   11.66022   3.575056 3.6825e+02    25.5506    25.5499 1.0000e-12     40.000          1      10191    1486.18 3.8712e+00  51867.715    424.597 1531640079      -0.22     -0.580   40.08664  -71.49484    33.2537  1025.7409    25.5597     9.4499 0.0000e+00
     38.693     9.5430    33.0724  1025.6995     3.3681     5.9460     92.052   -0.00191    6.45938    6.46299      8.610     0.4155   11.66043   3.581309 2.6597e+01    25.5230    25.5223 1.0000e-12     39.000          1      10247    1486.47 3.9438e+00  51824.945    426.933 1531640081       0.04     -0.627   40.08664  -71.49486    33.2364  1025.7085    25.5319     9.5387 0.0000e+00
     37.709     9.5531    33.0535  1025.6786     3.3500     5.8709     90.793   -0.00908    6.46622    6.46991      8.606     0.3646   11.67207   3.579844 2.5320e-11    25.5066    25.5059 1.0000e-12     38.000          1      10303    1486.47 3.9495e+00  51795.694    429.245 1531640083      -0.07     -0.397   40.08664  -71.49486    33.2124  1025.6836    25.5116     9.5489 0.0000e+00
     36.709     9.5305    33.0368  1025.6647     3.3400     5.8739     90.669   -0.00642    6.47835    6.48215      8.600     0.3784   11.69272   3.576094 2.5320e-11    25.4972    25.4965 1.0000e-12     37.000          1      10342    1486.35 3.9495e+00  51776.109    430.876 1531640085      -0.02     -0.603   40.08664  -71.49486    33.1950  1025.6693    25.5017     9.5265 0.0000e+00
     35.722     9.4402    32.9791  1025.6298     3.3081     5.7688     89.003   -0.01265    6.48166    6.48545      8.590     0.2956   11.69880   3.561741 5.5631e+04    25.4666    25.4660 1.0000e-12     36.000          1      10409    1485.93 1.7523e+00  51712.305    433.654 1531640088       0.08     -0.318   40.08664  -71.49487    33.1308  1025.6294    25.4663     9.4363 0.0000e+00
     34.730     9.4283    32.9290  1025.5880     3.2857     5.7516     88.613   -0.00794    6.49068    6.49456      8.587     0.3137   11.71428   3.556102 1.0107e+05    25.4294    25.4287 1.0000e-12     35.000          1      10465    1485.81 -4.217e-02  51643.325    435.992 1531640090      -0.14     -0.462   40.08664  -71.49488    33.0839  1025.5903    25.4317     9.4246 0.0000e+00
     33.736     9.3829    32.8882  1025.5588     3.2664     5.7162     88.014   -0.00697    6.49465    6.49857      8.584     0.3702   11.72104   3.547847 9.9999e+04    25.4047    25.4041 1.0000e-12     34.000          1      10528    1485.57 0.0000e+00  51594.379    438.642 1531640093       0.03     -0.347   40.08664  -71.49488    33.0409  1025.5596    25.4055     9.3792 0.0000e+00
     32.743     9.3391    32.8499  1025.5314     3.2484     5.7067     87.764   -0.00248    6.50239    6.50638      8.582     0.4244   11.73427   3.540290 6.9999e+04    25.3818    25.3812 1.0000e-12     33.000          1      10632    1485.35 1.1552e+00  51548.623    442.952 1531640097      -0.20     -0.233   40.08664  -71.49490    33.0035  1025.5330    25.3834     9.3356 0.0000e+00
     31.752     9.2796    32.8002  1025.4976     3.2563     5.7538     88.416    0.00203    6.50766    6.51170      8.582     0.5193   11.74332   3.530189 -7.215e+03    25.3524    25.3519 1.0000e-12     32.000          1      11282    1485.05 4.2811e+00  51490.030    470.040 1531640124      -0.19     -0.400   40.08664  -71.49498    32.9542  1025.4995    25.3544     9.2762 0.0000e+00
     30.755     9.2578    32.7838  1025.4836     3.2648     5.7817     88.797    0.00314    6.51118    6.51525      8.582     0.5894   11.74937   3.526678 2.5301e-11    25.3430    25.3425 1.0000e-12     31.000          1      11712    1484.94 3.9510e+00  51470.591    487.975 1531640142      -0.22     -0.675   40.08664  -71.49504    32.9383  1025.4861    25.3455     9.2545 0.0000e+00
     29.770     9.2537    32.7724  1025.4709     3.2682     5.7772     88.718    0.00101    6.51187    6.51591      8.587     0.6979   11.75099   3.525191 2.5320e-11    25.3348    25.3343 1.0000e-12     30.000          1      11810    1484.89 3.9495e+00  51454.789    492.039 1531640146       0.02     -0.280   40.08664  -71.49505    32.9272  1025.4735    25.3374     9.2505 0.0000e+00
     28.769     9.2581    32.7491  1025.4473     3.2905     5.8870     90.404    0.01166    6.51188    6.51588      8.593     0.7720   11.75143   3.523228 2.5320e-11    25.3158    25.3153 1.0000e-12     29.000          1      11863    1484.86 3.9495e+00  51420.208    494.249 1531640148      -0.19     -0.591   40.08664  -71.49506    32.9032  1025.4496    25.3180     9.2550 0.0000e+00
     27.794     9.2723    32.6926  1025.3964     3.3497     6.0708     93.210    0.02042    6.51297    6.51695      8.600     0.8078   11.75368   3.519106 2.5320e-11    25.2693    25.2689 1.0000e-12     28.000          1      11939    1484.83 3.9495e+00  51336.910    497.398 1531640152      -0.04     -0.192   40.08664  -71.49508    32.8478  1025.3997    25.2727     9.2693 0.0000e+00
     26.784     9.2693    32.6802  1025.3826     3.3730     6.0981     93.761    0.01749    6.50393    6.50779      8.606     0.9666   11.73873   3.517483 2.5320e-11    25.2601    25.2597 1.0000e-12     27.000          1      11971    1484.79 3.9495e+00  51319.379    498.761 1531640153      -0.03     -0.650   40.08664  -71.49508    32.8341  1025.3850    25.2625     9.2664 0.0000e+00
     25.799     9.3334    32.6582  1025.3506     3.4362     6.2493     96.317    0.02181    6.48831    6.49193      8.618     1.4460   11.71316   3.521537 3.7668e-11    25.2327    25.2322 1.0000e-12     26.000          1      12042    1484.98 2.9864e+00  51274.585    501.703 1531640156       0.05     -0.307   40.08664  -71.49509    32.8176  1025.3574    25.2395     9.3306 0.0000e+00
     24.811     9.4743    32.6331  1025.3039     3.5191     6.4234     99.435    0.02506    6.45985    6.46305      8.637     1.1675   11.66646   3.531673 4.1002e-11    25.1905    25.1901 1.0000e-12     25.000          1      12128    1485.45 2.7264e+00  51209.953    505.276 1531640159      -0.04     -0.243   40.08664  -71.49510    32.7937  1025.3117    25.1984     9.4716 0.0000e+00
     23.813     9.5736    32.6190  1025.2722     3.5792     6.5891    102.172    0.03290    6.44906    6.45208      8.647     1.0571   11.64893   3.539495 2.5515e-11    25.1635    25.1631 1.0000e-12     24.000          1      12169    1485.78 3.9672e+00  51170.355    506.981 1531640161      -0.13     -0.574   40.08664  -71.49510    32.7839  1025.2835    25.1748     9.5710 0.0000e+00
     22.821     9.7013    32.5943  1025.2276     3.6422     6.7097    104.257    0.03177    6.43577    6.43860      8.652     0.9977   11.62716   3.548281 2.5315e-11    25.1235    25.1230 1.0000e-12     23.000          1      12216    1486.20 3.9506e+00  51109.338    508.979 1531640163       0.09     -0.507   40.08664  -71.49512    32.7581  1025.2382    25.1341     9.6988 0.0000e+00
     21.832     9.8877    32.5520  1025.1594     3.7258     6.7694    106.289    0.02221    6.36901    6.37093      8.660     0.6212   11.51681   3.561347 2.5320e-11    25.0599    25.0595 1.0000e-12     22.000          1      12303    1486.81 3.9495e+00  51013.568    512.584 1531640167      -0.05     -0.211   40.08664  -71.49513    32.7228  1025.1757    25.0761     9.8852 0.0000e+00
     20.838    10.2813    32.5385  1025.0785     3.7704     6.7732    107.528    0.01926    6.29908    6.30012      8.665     0.5258   11.40066   3.596159 7.2652e+04    24.9836    24.9832 1.0000e-12     21.000          1      12358    1488.19 1.0249e+00  50920.971    514.870 1531640169      -0.19     -0.545   40.08664  -71.49514    32.7210  1025.1041    25.0092    10.2789 0.0000e+00
     19.845    10.6510    32.5601  1025.0270     3.8187     6.7844    109.345    0.02224    6.20528    6.20515      8.675     0.5038   11.24484   3.631483 7.0661e+04    24.9369    24.9365 1.0000e-12     20.000          1      12408    1489.52 1.1259e+00  50885.362    516.970 1531640171       0.08     -0.464   40.08664  -71.49514    32.7443  1025.0540    24.9638    10.6487 0.0000e+00
     18.859    11.2955    32.5894  1024.9321     3.9027     6.8134    113.130    0.03647    6.02284    6.02048      8.696     0.4595   10.94227   3.694047 -2.271e+03    24.8467    24.8463 1.0000e-12     19.000          1      12474    1491.82 4.0402e+00  50818.626    519.704 1531640174      -0.48     -0.326   40.08664  -71.49516    32.7922  1024.9736    24.8882    11.2932 0.0000e+00
     17.860    12.4168    32.6541  1024.7668     4.0157     6.8692    118.005    0.05452    5.82572    5.82124      8.703     0.4054   10.61406   3.806227 2.5002e-11    24.6864    24.6859 1.0000e-12     18.000          1      12520    1495.72 3.9495e+00  50742.381    521.637 1531640176      -0.04     -0.479   40.08664  -71.49516    32.8948  1024.8378    24.7573    12.4145 0.0000e+00
     16.876    13.4791    32.7369  1024.6209     4.1516     6.9309    123.752    0.07534    5.60005    5.59316      8.724     0.3318   10.23917   3.916628 2.5331e-11    24.5453    24.5448 1.0000e-12     17.000          1      12576    1499.39 3.9495e+00  50711.428    523.970 1531640178      -0.61     -0.415   40.08664  -71.49516    33.0214  1024.7254    24.6498    13.4768 0.0000e+00
     15.867    15.3944    32.7825  1024.2438     4.1339     6.6560    119.378    0.01396    5.57544    5.56828      8.721     0.3178   10.19860   4.104683 4.0200e-11    24.1732    24.1727 1.0000e-12     16.000          1      12609    1505.57 2.8745e+00  50561.813    525.322 1531640180      -0.13     -0.778   40.08664  -71.49518    33.1134  1024.3839    24.3133    15.3920 0.0000e+00
     14.876    16.6370    32.7779  1023.9597     4.0887     6.4989    116.752   -0.00316    5.56646    5.55924      8.721     0.2890   10.18327   4.207437 2.6399e-11    23.8938    23.8933 1.0000e-12     15.000          1      13040    1509.43 3.8716e+00  50439.618    543.290 1531640197      -0.19     -0.403   40.08665  -71.49523    32.9931  1024.0112    23.9453    16.6346 0.0000e+00
     13.898    16.7621    32.8061  1023.9484     4.1027     6.5087    117.525    0.00222    5.53808    5.53055      8.734     0.2943   10.13690   4.216233 2.5320e-11    23.8869    23.8864 1.0000e-12     14.000          1      13896    1509.83 3.9495e+00  50466.061    578.954 1531640233       0.04     -0.301   40.08666  -71.49536    32.9675  1023.9586    23.8972    16.7599 0.0000e+00
     12.898    16.9724    32.7321  1023.8382     4.1051     6.4728    117.619    0.00252    5.50316    5.49532      8.730     0.2752   10.07850   4.228391 2.5320e-11    23.7812    23.7807 1.0000e-12     13.000          1      13832    1510.37 3.9495e+00  50346.475    576.293 1531640230      -0.08     -0.568   40.08666  -71.49534    32.9014  1023.8548    23.7978    16.9703 0.0000e+00
     11.911    17.2561    32.7168  1023.7554     4.0987     6.4055    117.063   -0.00314    5.47184    5.46374      8.730     0.2595   10.02586   4.254511 2.5320e-11    23.7028    23.7024 1.0000e-12     12.000          1      13877    1511.19 3.9495e+00  50303.083    578.186 1531640232       0.00     -0.513   40.08666  -71.49535    32.8966  1023.7800    23.7275    17.2541 0.0000e+00
     10.912    17.5208    32.7661  1023.7258     4.0871     6.3400    116.499   -0.00586    5.44213    5.43378      8.730     0.2603    9.97611   4.285522 2.5320e-11    23.6777    23.6772 1.0000e-12     11.000          1      13921    1512.01 3.8905e+00  50350.862    579.996 1531640234       0.10     -0.544   40.08666  -71.49536    32.9488  1023.7524    23.7043    17.5190 0.0000e+00
      9.928    18.0283    32.8345  1023.6515     4.0616     6.2362    115.323   -0.01079    5.40761    5.39898      8.732     0.2202    9.91810   4.342142 -9.990e-29    23.6079    23.6074 1.0000e-12     10.000          1      13988    1513.58 1.3835e+00  50407.677    582.779 1531640237      -0.14     -0.290   40.08666  -71.49536    33.0222  1023.6817    23.6381    18.0266 0.0000e+00
      8.930    18.1217    32.8568  1023.6413     4.0593     6.2111    115.738   -0.00185    5.36654    5.35757      8.731     0.2121    9.84949   4.352802 -9.990e-29    23.6020    23.6016 1.0000e-12      9.000          1      14028    1513.86 3.9151e+00  50431.717    584.452 1531640239      -0.03     -0.582   40.08666  -71.49536    33.0375  1023.6661    23.6268    18.1202 0.0000e+00
      7.938    18.4395    32.9099  1023.5993     4.0451     6.1462    114.930   -0.00762    5.34770    5.33858      8.731     0.2181    9.81801   4.390991 -9.990e-29    23.5644    23.5641 1.0000e-12      8.000          1      14070    1514.83 3.9495e+00  50482.927    586.229 1531640240      -0.01     -0.559   40.08666  -71.49538    33.1047  1023.6345    23.5997    18.4382 0.0000e+00
      6.947    18.8258    32.9396  1023.5216     4.0250     6.0670    114.266   -0.00684    5.30953    5.30009      8.731     0.1934    9.75498   4.430066 -9.990e-29    23.4911    23.4908 1.0000e-12      7.000          1      14130    1515.96 2.6870e+00  50499.187    588.726 1531640243       0.11     -0.369   40.08666  -71.49539    33.1230  1023.5480    23.5175    18.8246 0.0000e+00
      5.955    19.2291    32.9286  1023.4070     4.0156     6.0094    113.901   -0.00758    5.27599    5.26624      8.726     0.1998    9.70029   4.469383 2.5320e-11    23.3809    23.3807 1.0000e-12      6.000          1      14187    1517.09 3.9634e+00  50460.274    591.067 1531640245      -0.38     -0.458   40.08666  -71.49540    33.1289  1023.4462    23.4201    19.2281 0.0000e+00
      4.962    19.4972    32.8519  1023.2758     4.0249     6.0320    114.863    0.00482    5.25143    5.24146      8.720     0.1974    9.66077   4.483637 2.6894e-11    23.2540    23.2538 1.0000e-12      5.000          1      14235    1517.75 3.4284e+00  50340.194    593.098 1531640247       0.16     -0.480   40.08666  -71.49540    33.0343  1023.3016    23.2799    19.4963 0.0000e+00
      3.967    19.8491    32.6824  1023.0515     4.0133     5.9490    113.807   -0.00793    5.22726    5.21709      8.716     0.1791    9.62103   4.497491 6.4671e-01    23.0342    23.0340 9.9772e-03      4.000          1      14285    1518.53 1.4885e+00  50088.439    595.158 1531640249      -0.37     -0.505   40.08666  -71.49540    32.8716  1023.0831    23.0658    19.8484 0.0000e+00
      2.976    20.1619    32.6292  1022.9252     3.9768     5.8621    112.342   -0.01153    5.21804    5.20781      8.714     0.1726    9.60582   4.519426 5.1842e-01    22.9122    22.9121 2.1979e-02      3.000          1      14356    1519.33 4.1518e+00  49998.376    598.124 1531640252      -0.19     -0.360   40.08666  -71.49542    32.8066  1022.9480    22.9351    20.1613 0.0000e+00
      1.974    20.2922    32.6119  1022.8736     3.9605     5.8487    112.075   -0.00555    5.21858    5.20835      8.716     0.1636    9.60663   4.528818 2.8959e+00    22.8650    22.8649 1.1439e-01      2.000          1      14458    1519.65 3.9490e+00  49969.068    602.387 1531640256      -0.25     -0.403   40.08667  -71.49543    32.7820  1022.8909    22.8822    20.2918 0.0000e+00
