CalculateIndicators/WaterTemperature/Data/CTD_NYOS/NY1807C20.cnv
* Sea-Bird SBE 9 Data File:
* FileName = C:\Seabird 9 CTD\Data\2018\OffshoreCruise201807\NY1807C20.hex
* Software Version Seasave V 7.23.2
* Temperature SN = 4590
* Conductivity SN = 3228
* Number of Bytes Per Scan = 44
* Number of Voltage Words = 5
* Number of Scans Averaged by the Deck Unit = 1
* NMEA Latitude = 38 43.92 N
* NMEA Longitude = 073 04.40 W
* NMEA UTC (Time) = Jul 18 2018  13:40:37
* NMEA baud rate = 4800
** Ship: RV Seawolf
** Station: NY1807C20
** Operator: AJB
# nquan = 35
# nvalues = 308                         
# units = specified
# name 0 = depSM: Depth [salt water, m]
# name 1 = t090C: Temperature [ITS-90, deg C]
# name 2 = sal00: Salinity, Practical [PSU]
# name 3 = density00: Density [density, kg/m^3]
# name 4 = sbeox0V: Oxygen raw, SBE 43 [V]
# name 5 = sbeox0ML/L: Oxygen, SBE 43 [ml/l]
# name 6 = sbeox0PS: Oxygen, SBE 43 [% saturation]
# name 7 = sbox0dV/dT: Oxygen, SBE 43 [dov/dt]
# name 8 = oxsolML/L: Oxygen Saturation, Garcia & Gordon [ml/l]
# name 9 = oxsatML/L: Oxygen Saturation, Weiss [ml/l]
# name 10 = ph: pH
# name 11 = flECO-AFL: Fluorescence, WET Labs ECO-AFL/FL [mg/m^3]
# name 12 = n2satML/L: Nitrogen Saturation [ml/l]
# name 13 = c0S/m: Conductivity [S/m]
# name 14 = cpar: CPAR/Corrected Irradiance [%]
# name 15 = sigma-é00: Density [sigma-theta, kg/m^3]
# name 16 = sigma-t00: Density [sigma-t, kg/m^3 ]
# name 17 = par: PAR/Irradiance, Biospherical/Licor
# name 18 = prDM: Pressure, Digiquartz [db]
# name 19 = pumps: Pump Status
# name 20 = scan: Scan Count
# name 21 = svCM: Sound Velocity [Chen-Millero, m/s]
# name 22 = spar: SPAR, Biospherical/Licor
# name 23 = specc: Specific Conductance [uS/cm]
# name 24 = timeS: Time, Elapsed [seconds]
# name 25 = timeY: Time, System [seconds]
# name 26 = accM: Acceleration [m/s^2]
# name 27 = dz/dtM: Descent Rate [m/s]
# name 28 = latitude: Latitude [deg]
# name 29 = longitude: Longitude [deg]
# name 30 = gsw_saA0: Absolute Salinity [g/kg]
# name 31 = gsw_densityA0: density, TEOS-10 [density, kg/m^3]
# name 32 = gsw_sigma0A0: density, TEOS-10 [sigma-0, kg/m^3 ]
# name 33 = gsw_ptA0: potential temperature [ITS-90, deg C]
# name 34 = flag: flag
# span 0 =      0.974,    153.787       
# span 1 =     9.4582,    24.2230       
# span 2 =    32.0021,    35.5403       
# span 3 =  1021.3234,  1027.5378       
# span 4 =     2.9523,     4.3332       
# span 5 =     4.6628,     7.0854       
# span 6 =     78.611,    126.414       
# span 7 =   -0.06485,    0.09443       
# span 8 =    4.88416,    6.46835       
# span 9 =    4.87205,    6.47250       
# span 10 =      8.716,      8.983      
# span 11 =    -0.0874,     1.1673      
# span 12 =    9.05583,   11.67019      
# span 13 =   3.612831,   4.887001      
# span 14 = -1.875e-06, 1.2777e+02      
# span 15 =    21.3173,    26.8502      
# span 16 =    21.3171,    26.8460      
# span 17 = -1.400e-06, 1.4947e+03      
# span 18 =      1.000,    155.000      
# span 19 =          1,          1      
# span 20 =       1652,      38773      
# span 21 =    1486.73,    1529.30      
# span 22 = 7.4174e+02, 2.3965e+03      
# span 23 =  49010.949,  54752.033      
# span 24 =     68.785,   1615.499      
# span 25 = 1531921311, 1531922857      
# span 26 =      -0.90,       0.73      
# span 27 =     -1.331,      1.060      
# span 28 =   38.72718,   38.73180      
# span 29 =  -73.07671,  -73.07373      
# span 30 =    32.1537,    35.7088      
# span 31 =  1021.3283,  1027.5420      
# span 32 =    21.3213,    26.8547      
# span 33 =     9.4536,    24.2228      
# span 34 = 0.0000e+00, 0.0000e+00      
# interval = decibars: 1                
# start_time = Jul 18 2018 13:40:42 [System UTC, first data scan.]
# bad_flag = -9.990e-29
*END*
[from data line 166]
    140.877    12.9305    35.5226  1027.4455     3.0770     4.9112     83.010    0.00099    5.91641    5.91478      8.732    -0.0686   10.73371   4.150743 1.0042e-13    26.8159    26.8120 1.0000e-12    142.000          1      19620    1502.93 1.0991e+03  54710.596    817.440 1531922059      -0.19     -0.346   38.72956  -73.07526    35.6912  1027.4499    26.8203    12.9110 0.0000e+00
    139.895    12.9289    35.5208  1027.4400     3.0866     4.9397     83.492    0.00314    5.91641    5.91478      8.734    -0.0727   10.73373   4.150328 1.2941e-13    26.8147    26.8108 1.0000e-12    141.000          1      19738    1502.91 7.6620e+02  54707.696    822.391 1531922064      -0.32     -0.428   38.72954  -73.07528    35.6892  1027.4442    26.8190    12.9095 0.0000e+00
    138.887    12.9301    35.5199  1027.4346     3.0891     4.9411     83.515    0.00227    5.91643    5.91480 -9.990e-29    -0.0731   10.73377   4.150336 1.2061e-13    26.8138    26.8100 1.0000e-12    140.000          1      19785    1502.89 8.6463e+02  54705.791    824.337 1531922066      -0.19     -0.599   38.72954  -73.07528    35.6886  1027.4390    26.8183    12.9108 0.0000e+00
    137.905    12.9307    35.5179  1027.4285     3.0952     4.9505     83.649    0.00139    5.91821    5.91660 -9.990e-29    -0.0641   10.73679   4.150096 9.6714e-14    26.8121    26.8083 1.0000e-12    139.000          1      19923    1502.87 1.1735e+03  54702.273    830.078 1531922072      -0.24     -0.208   38.72953  -73.07528    35.6860  1027.4325    26.8162    12.9116 0.0000e+00
    136.912    12.9167    35.5122  1027.4225     3.0968     4.9505     83.622    0.00044    5.92008    5.91849      8.734    -0.0671   10.73995   4.148041 1.2827e-13    26.8105    26.8067 1.0000e-12    138.000          1      19995    1502.81 7.7942e+02  54695.955    833.094 1531922075      -0.06     -0.341   38.72952  -73.07528    35.6799  1027.4262    26.8142    12.8978 0.0000e+00
    135.915    12.9064    35.5075  1027.4164     3.0985     4.9550     83.687    0.00052    5.92079    5.91921      8.734    -0.0874   10.74115   4.146470 1.2370e-13    26.8089    26.8051 1.0000e-12    137.000          1      20069    1502.75 8.2058e+02  54690.382    836.160 1531922078      -0.27     -0.425   38.72950  -73.07530    35.6750  1027.4200    26.8125    12.8876 0.0000e+00
    134.928    12.8921    35.5014  1027.4102     3.0990     4.9581     83.677    0.00040    5.92520    5.92367      8.733    -0.0785   10.74859   4.144371 1.2804e-13    26.8070    26.8032 1.0000e-12    136.000          1      20189    1502.68 7.8164e+02  54683.566    841.158 1531922083      -0.17     -0.314   38.72948  -73.07530    35.6688  1027.4137    26.8105    12.8734 0.0000e+00
    133.934    12.8707    35.4932  1027.4037     3.0988     4.9553     83.585   -0.00068    5.92847    5.92697      8.733 -9.990e-29   10.75410   4.141178 1.2778e-13    26.8049    26.8012 1.0000e-12    135.000          1      20256    1502.58 7.8285e+02  54674.920    843.939 1531922086      -0.36     -0.465   38.72948  -73.07530    35.6586  1027.4057    26.8069    12.8522 0.0000e+00
    132.948    12.8350    35.4799  1027.3963     3.0966     4.9556     83.562    0.00026    5.93049    5.92901      8.732    -0.0693   10.75750   4.136450 5.2212e-14    26.8017    26.7981 1.0000e-12    134.000          1      20383    1502.43 1.8565e+03  54661.371    849.249 1531922091      -0.13     -0.276   38.72946  -73.07532    35.6472  1027.3997    26.8052    12.8166 0.0000e+00
    131.951    12.8312    35.4784  1027.3913     3.0984     4.9615     83.664    0.00086    5.93029    5.92881      8.732    -0.0707   10.75717   4.135863 1.2056e-13    26.8013    26.7976 1.0000e-12    133.000          1      20445    1502.40 8.7649e+02  54659.230    851.854 1531922094       0.06     -0.451   38.72945  -73.07532    35.6456  1027.3948    26.8047    12.8130 0.0000e+00
    130.962    12.8280    35.4766  1027.3862     3.0965     4.9540     83.501   -0.00024    5.93287    5.93142      8.732    -0.0759   10.76151   4.135358 8.0008e-14    26.8005    26.7969 1.0000e-12    132.000          1      20566    1502.37 1.4774e+03  54656.642    856.861 1531922099      -0.20     -0.172   38.72944  -73.07532    35.6441  1027.3899    26.8042    12.8099 0.0000e+00
    129.970    12.8061    35.4698  1027.3809     3.0924     4.9418     83.207   -0.00207    5.93919    5.93780      8.731    -0.0714   10.77212   4.132381 1.2217e-13    26.7995    26.7960 1.0000e-12    131.000          1      20645    1502.27 8.3225e+02  54649.983    860.147 1531922102       0.05     -0.375   38.72943  -73.07533    35.6365  1027.3840    26.8027    12.7882 0.0000e+00
    128.971    12.7689    35.4572  1027.3742     3.0912     4.9493     83.336    0.00025    5.93892    5.93753      8.730    -0.0676   10.77170   4.127199 6.0454e-14    26.7972    26.7937 1.0000e-12    130.000          1      20735    1502.11 1.7337e+03  54637.687    863.935 1531922106      -0.19     -0.426   38.72942  -73.07534    35.6221  1027.3759    26.7990    12.7512 0.0000e+00
    127.987    12.7369    35.4446  1027.3664     3.0893     4.9450     83.195   -0.00057    5.94380    5.94247      8.730    -0.0734   10.77991   4.122901 8.8226e-14    26.7937    26.7903 1.0000e-12    129.000          1      20861    1501.98 1.3428e+03  54624.526    869.162 1531922111       0.03     -0.342   38.72940  -73.07534    35.6113  1027.3695    26.7969    12.7193 0.0000e+00
    126.985    12.7296    35.4417  1027.3611     3.0903     4.9553     83.349    0.00110    5.94525    5.94393      8.730    -0.0590   10.78236   4.121778 6.4885e-14    26.7929    26.7894 1.0000e-12    128.000          1      20973    1501.93 1.7392e+03  54621.072    873.841 1531922116      -0.34     -0.547   38.72938  -73.07536    35.6077  1027.3638    26.7956    12.7122 0.0000e+00
    126.001    12.7094    35.4334  1027.3543     3.0936     4.9643     83.455    0.00112    5.94852    5.94724      8.731    -0.0675   10.78789   4.118977 1.0008e-13    26.7905    26.7870 1.0000e-12    127.000          1      21108    1501.84 1.1305e+03  54612.098    879.474 1531922121      -0.06     -0.228   38.72937  -73.07536    35.6002  1027.3576    26.7938    12.6921 0.0000e+00
    125.010    12.6902    35.4248  1027.3471     3.0951     4.9638     83.426    0.00017    5.94995    5.94869 -9.990e-29    -0.0678   10.79032   4.116176 6.5662e-14    26.7876    26.7842 1.0000e-12    126.000          1      21214    1501.75 1.5547e+03  54602.609    883.885 1531922126      -0.08     -0.297   38.72936  -73.07536    35.5917  1027.3505    26.7910    12.6731 0.0000e+00
    124.015    12.6871    35.4214  1027.3406     3.1021     4.9869     83.815    0.00204    5.94989    5.94863      8.731    -0.0634   10.79022   4.115549 1.1435e-13    26.7856    26.7822 1.0000e-12    125.000          1      21317    1501.71 9.4209e+02  54597.852    888.164 1531922130      -0.63     -0.346   38.72934  -73.07538    35.5889  1027.3445    26.7895    12.6702 0.0000e+00
    123.011    12.6822    35.4186  1027.3349     3.1003     4.9749     83.582    0.00004    5.95218    5.95093      8.731    -0.0670   10.79413   4.114622 5.2605e-14    26.7844    26.7810 1.0000e-12    124.000          1      21421    1501.68 1.9377e+03  54594.094    892.502 1531922134      -0.32     -0.835   38.72932  -73.07538    35.5851  1027.3381    26.7874    12.6654 0.0000e+00
    122.032    12.6671    35.4078  1027.3252     3.1078     5.0017     84.028    0.00244    5.95241    5.95117 -9.990e-29    -0.0599   10.79451   4.112074 8.1115e-14    26.7789    26.7756 1.0000e-12    123.000          1      21592    1501.60 1.3929e+03  54580.918    899.604 1531922141       0.15     -0.338   38.72930  -73.07539    35.5751  1027.3289    26.7827    12.6504 0.0000e+00
    121.033    12.6566    35.4043  1027.3201     3.1095     5.0040     84.026    0.00182    5.95525    5.95404 -9.990e-29    -0.0641   10.79932   4.110505 1.1024e-13    26.7783    26.7750 1.0000e-12    122.000          1      22818    1501.54 9.8545e+02  54577.087    950.708 1531922193      -0.27     -0.424   38.72914  -73.07547    35.5702  1027.3228    26.7810    12.6401 0.0000e+00
    120.048    12.6441    35.3965  1027.3121     3.1132     5.0152     84.186    0.00248    5.95723    5.95603      8.731    -0.0645   10.80268   4.108569 8.7808e-14    26.7747    26.7714 1.0000e-12    121.000          1      23208    1501.47 1.3484e+03  54567.665    966.945 1531922209      -0.03     -0.410   38.72908  -73.07550    35.5638  1027.3159    26.7784    12.6278 0.0000e+00
    119.059    12.6358    35.3917  1027.3056     3.1134     5.0045     83.954   -0.00063    5.96098    5.95982      8.731    -0.0635   10.80899   4.107101 1.0619e-13    26.7726    26.7694 1.0000e-12    120.000          1      23329    1501.43 1.0737e+03  54561.743    972.010 1531922214      -0.06     -0.305   38.72906  -73.07550    35.5579  1027.3085    26.7755    12.6196 0.0000e+00
    118.066    12.5919    35.3782  1027.2994     3.1124     5.0117     83.893   -0.00080    5.97395    5.97294      8.731    -0.0604   10.83084   4.101151 4.1578e-14    26.7707    26.7675 1.0000e-12    119.000          1      23434    1501.24 2.1490e+03  54549.163    976.355 1531922218      -0.41     -0.289   38.72905  -73.07552    35.5421  1027.3007    26.7720    12.5759 0.0000e+00
    117.073    12.4935    35.3426  1027.2870     3.1108     5.0152     83.858   -0.00044    5.98062    5.97969 -9.990e-29    -0.0589   10.84210   4.087635 6.9000e-14    26.7624    26.7593 1.0000e-12    118.000          1      23506    1500.86 1.5054e+03  54514.779    979.375 1531922221      -0.02     -0.388   38.72903  -73.07552    35.5045  1027.2867    26.7622    12.4777 0.0000e+00
    116.083    12.4619    35.3255  1027.2756     3.1150     5.0374     84.167    0.00187    5.98498    5.98409      8.729    -0.0569   10.84951   4.083112 4.8132e-14    26.7554    26.7523 1.0000e-12    117.000          1      23618    1500.71 2.0581e+03  54495.582    984.061 1531922226      -0.34     -0.281   38.72902  -73.07553    35.4908  1027.2780    26.7579    12.4463 0.0000e+00
    115.089    12.4477    35.3154  1027.2661     3.1196     5.0449     84.286    0.00133    5.98543    5.98454      8.728    -0.0569   10.85030   4.080485 7.3571e-14    26.7503    26.7473 1.0000e-12    116.000          1      23687    1500.64 1.5893e+03  54483.228    986.915 1531922229       0.02     -0.459   38.72901  -73.07554    35.4792  1027.2674    26.7516    12.4322 0.0000e+00
    114.107    12.4155    35.2980  1027.2545     3.1193     5.0418     84.100   -0.00074    5.99500    5.99422      8.728    -0.0613   10.86645   4.075495 4.8159e-14    26.7430    26.7400 1.0000e-12    115.000          1      23819    1500.49 2.0604e+03  54463.627    992.404 1531922234      -0.64     -0.442   38.72900  -73.07554    35.4615  1027.2557    26.7443    12.4002 0.0000e+00
    113.096    12.3878    35.2878  1027.2475     3.1182     5.0416     84.099   -0.00026    5.99488    5.99410      8.728    -0.0629   10.86625   4.071666 5.0085e-14    26.7405    26.7375 1.0000e-12    114.000          1      23849    1500.37 2.0038e+03  54453.223    993.658 1531922236      -0.17     -0.850   38.72898  -73.07554    35.4509  1027.2485    26.7414    12.3727 0.0000e+00
    112.126    12.3632    35.2766  1027.2393     3.1159     5.0431     84.084    0.00092    5.99773    5.99697      8.728    -0.0742   10.87108   4.068350 5.3783e-14    26.7366    26.7337 1.0000e-12    113.000          1      24016    1500.25 1.8811e+03  54441.062   1000.618 1531922242      -0.68     -0.321   38.72896  -73.07556    35.4423  1027.2422    26.7396    12.3482 0.0000e+00
    111.112    12.3541    35.2724  1027.2333     3.1161     5.0427     84.078    0.00073    5.99767    5.99692      8.728    -0.0653   10.87098   4.066964 1.0218e-13    26.7351    26.7322 1.0000e-12    112.000          1      24051    1500.20 1.1501e+03  54436.074   1002.075 1531922244      -0.27     -0.750   38.72896  -73.07556    35.4378  1027.2361    26.7379    12.3393 0.0000e+00
    110.140    12.3461    35.2670  1027.2263     3.1205     5.0581     84.327    0.00229    5.99824    5.99749      8.728    -0.0673   10.87197   4.065735 4.3939e-14    26.7324    26.7296 1.0000e-12    111.000          1      24230    1500.15 2.0689e+03  54429.367   1009.555 1531922251      -0.74     -0.231   38.72894  -73.07558    35.4339  1027.2302    26.7364    12.3314 0.0000e+00
    109.129    12.3468    35.2663  1027.2211     3.1234     5.0674     84.481    0.00296    5.99826    5.99751 -9.990e-29    -0.0718   10.87201   4.065655 8.8125e-14    26.7317    26.7289 1.0000e-12    110.000          1      24248    1500.14 1.2861e+03  54427.599   1010.290 1531922252      -0.22     -0.896   38.72894  -73.07558    35.4329  1027.2248    26.7355    12.3321 0.0000e+00
    108.157    12.3429    35.2627  1027.2147     3.1247     5.0594     84.333    0.00057    5.99930    5.99856      8.728    -0.0533   10.87377   4.064811 8.5681e-14    26.7297    26.7268 1.0000e-12    109.000          1      24396    1500.10 1.5092e+03  54422.686   1016.441 1531922258      -0.03     -0.449   38.72891  -73.07559    35.4288  1027.2180    26.7330    12.3284 0.0000e+00
    107.143    12.3356    35.2587  1027.2084     3.1271     5.0727     84.550    0.00230    5.99970    5.99897      8.728 -9.990e-29   10.87447   4.063619 6.9409e-14    26.7280    26.7252 1.0000e-12    108.000          1      24458    1500.06 1.6003e+03  54417.706   1019.050 1531922261      -0.54     -0.942   38.72890  -73.07560    35.4246  1027.2117    26.7311    12.3212 0.0000e+00
    106.161    12.3262    35.2510  1027.1999     3.1277     5.0664     84.424    0.00057    6.00107    6.00035      8.728    -0.0451   10.87682   4.061972 6.0364e-14    26.7238    26.7211 1.0000e-12    107.000          1      24636    1500.00 1.8281e+03  54408.036   1026.465 1531922268       0.00     -0.352   38.72888  -73.07560    35.4178  1027.2038    26.7277    12.3120 0.0000e+00
    105.171    12.3234    35.2470  1027.1929     3.1321     5.0756     84.568    0.00061    6.00177    6.00105 -9.990e-29    -0.0428   10.87802   4.061236 5.1662e-14    26.7212    26.7185 1.0000e-12    106.000          1      24762    1499.97 1.9606e+03  54402.323   1031.688 1531922274      -0.18     -0.286   38.72887  -73.07562    35.4138  1027.1968    26.7251    12.3093 0.0000e+00
    104.179    12.3207    35.2446  1027.1871     3.1334     5.0725     84.516   -0.00045    6.00179    6.00108 -9.990e-29    -0.0458   10.87808   4.060713 5.0998e-14    26.7199    26.7172 1.0000e-12    105.000          1      24897    1499.94 1.9701e+03  54398.849   1037.349 1531922279      -0.28     -0.292   38.72885  -73.07563    35.4116  1027.1911    26.7239    12.3068 0.0000e+00
    103.190    12.3209    35.2444  1027.1824     3.1341     5.0801     84.641    0.00097    6.00187    6.00114 -9.990e-29    -0.0569   10.87821   4.060665 5.0760e-14    26.7196    26.7169 1.0000e-12    104.000          1      24972    1499.92 1.9801e+03  54397.858   1040.478 1531922282      -0.10     -0.574   38.72884  -73.07564    35.4114  1027.1865    26.7237    12.3071 0.0000e+00
    102.187    12.3220    35.2430  1027.1766     3.1385     5.0989     84.954    0.00294    6.00195    6.00123 -9.990e-29    -0.0477   10.87835   4.060573 4.8306e-14    26.7183    26.7157 1.0000e-12    103.000          1      25027    1499.91 2.0702e+03  54395.215   1042.729 1531922284      -0.11     -0.700   38.72884  -73.07564    35.4099  1027.1806    26.7223    12.3084 0.0000e+00
    101.194    12.3205    35.2401  1027.1701     3.1369     5.0881     84.768    0.00150    6.00236    6.00164 -9.990e-29    -0.0512   10.87907   4.060073 5.2715e-14    26.7163    26.7136 1.0000e-12    102.000          1      25148    1499.89 1.9296e+03  54390.749   1047.793 1531922290       0.21     -0.871   38.72882  -73.07564    35.4069  1027.1741    26.7202    12.3070 0.0000e+00
