CalculateIndicators/WaterTemperature/Data/CTD_NYOS/NY1807C12.cnv
* Sea-Bird SBE 9 Data File:
* FileName = C:\Seabird 9 CTD\Data\2018\OffshoreCruise201807\NY1807C12.hex
* Software Version Seasave V 7.23.2
* Temperature SN = 4590
* Conductivity SN = 3228
* Number of Bytes Per Scan = 44
* Number of Voltage Words = 5
* Number of Scans Averaged by the Deck Unit = 1
* NMEA Latitude = 39 43.94 N
* NMEA Longitude = 072 44.72 W
* NMEA UTC (Time) = Jul 17 2018  03:48:10
* NMEA baud rate = 4800
** Ship: RV Seawolf
** Station: NY1807C12
** Operator: jdw
# nquan = 35
# nvalues = 132                         
# units = specified
# name 0 = depSM: Depth [salt water, m]
# name 1 = t090C: Temperature [ITS-90, deg C]
# name 2 = sal00: Salinity, Practical [PSU]
# name 3 = density00: Density [density, kg/m^3]
# name 4 = sbeox0V: Oxygen raw, SBE 43 [V]
# name 5 = sbeox0ML/L: Oxygen, SBE 43 [ml/l]
# name 6 = sbeox0PS: Oxygen, SBE 43 [% saturation]
# name 7 = sbox0dV/dT: Oxygen, SBE 43 [dov/dt]
# name 8 = oxsolML/L: Oxygen Saturation, Garcia & Gordon [ml/l]
# name 9 = oxsatML/L: Oxygen Saturation, Weiss [ml/l]
# name 10 = ph: pH
# name 11 = flECO-AFL: Fluorescence, WET Labs ECO-AFL/FL [mg/m^3]
# name 12 = n2satML/L: Nitrogen Saturation [ml/l]
# name 13 = c0S/m: Conductivity [S/m]
# name 14 = cpar: CPAR/Corrected Irradiance [%]
# name 15 = sigma-é00: Density [sigma-theta, kg/m^3]
# name 16 = sigma-t00: Density [sigma-t, kg/m^3 ]
# name 17 = par: PAR/Irradiance, Biospherical/Licor
# name 18 = prDM: Pressure, Digiquartz [db]
# name 19 = pumps: Pump Status
# name 20 = scan: Scan Count
# name 21 = svCM: Sound Velocity [Chen-Millero, m/s]
# name 22 = spar: SPAR, Biospherical/Licor
# name 23 = specc: Specific Conductance [uS/cm]
# name 24 = timeS: Time, Elapsed [seconds]
# name 25 = timeY: Time, System [seconds]
# name 26 = accM: Acceleration [m/s^2]
# name 27 = dz/dtM: Descent Rate [m/s]
# name 28 = latitude: Latitude [deg]
# name 29 = longitude: Longitude [deg]
# name 30 = gsw_saA0: Absolute Salinity [g/kg]
# name 31 = gsw_densityA0: density, TEOS-10 [density, kg/m^3]
# name 32 = gsw_sigma0A0: density, TEOS-10 [sigma-0, kg/m^3 ]
# name 33 = gsw_ptA0: potential temperature [ITS-90, deg C]
# name 34 = flag: flag
# span 0 =      0.973,     66.481       
# span 1 =     7.7260,    22.9981       
# span 2 =    32.9415,    33.4656       
# span 3 =  1022.3970,  1026.0958       
# span 4 =     3.0643,     4.2810       
# span 5 =     5.2547,     7.0407       
# span 6 =     81.526,    125.646       
# span 7 =   -0.08656,    0.09974       
# span 8 =    4.96285,    6.72564       
# span 9 =    4.95124,    6.73311       
# span 10 =      8.582,      8.868      
# span 11 =     0.0786,     1.5430      
# span 12 =    9.17769,   12.10061      
# span 13 =   3.416685,   4.834521      
# span 14 = -2.718e-01, 6.5844e+00      
# span 15 =    22.3866,    25.7939      
# span 16 =    22.3863,    25.7934      
# span 17 = -1.073e-02, 2.5997e-01      
# span 18 =      1.000,     67.000      
# span 19 =          1,          1      
# span 20 =        278,      11032      
# span 21 =    1479.80,    1527.28      
# span 22 = 3.9108e+00, 4.4555e+00      
# span 23 =  50330.098,  52231.098      
# span 24 =     11.552,    459.615      
# span 25 = 1531799720, 1531800168      
# span 26 =      -0.68,       0.71      
# span 27 =     -0.896,      0.810      
# span 28 =   39.73381,   39.73500      
# span 29 =  -72.74181,  -72.73809      
# span 30 =    33.1194,    33.5941      
# span 31 =  1022.4067,  1026.0985      
# span 32 =    22.3982,    25.7942      
# span 33 =     7.7212,    22.9977      
# span 34 = 0.0000e+00, 0.0000e+00      
# interval = decibars: 1                
# start_time = Jul 17 2018 03:55:08 [System UTC, first data scan.]
# bad_flag = -9.990e-29
*END*
[from data line 42]
     42.671     7.7595    33.0617  1025.9836     3.0747     5.5063     81.918   -0.00236    6.72168    6.72910      8.657     0.0913   12.09395   3.419853 2.4442e-11    25.7871    25.7866 1.0000e-12     43.000          1       2133    1479.86 3.9495e+00  52208.732     88.825 1531799797      -0.14      0.644   39.73402  -72.74112    33.2077  1025.9776    25.7812     7.7554 0.0000e+00
     43.656     7.7461    33.0572  1025.9865     3.0738     5.5218     82.120   -0.00002    6.72410    6.73156      8.655     0.1110   12.09801   3.418672 2.5162e-11    25.7855    25.7849 1.0000e-12     44.000          1       2187    1479.82 3.9495e+00  52206.224     91.082 1531799799       0.08      0.407   39.73402  -72.74110    33.2073  1025.9838    25.7828     7.7419 0.0000e+00
     44.651     7.7520    33.0561  1025.9894     3.0722     5.5106     81.956   -0.00117    6.72387    6.73132      8.652     0.0952   12.09763   3.419114 2.4528e-11    25.7838    25.7832 1.0000e-12     45.000          1       2224    1479.86 3.9495e+00  52203.930     92.607 1531799801       0.15      0.626   39.73404  -72.74108    33.2060  1025.9865    25.7809     7.7477 0.0000e+00
     45.646     7.7374    33.0523  1025.9931     3.0710     5.5144     82.000   -0.00037    6.72484    6.73229      8.651     0.0941   12.09926   3.417701 2.4786e-11    25.7829    25.7823 1.0000e-12     46.000          1       2287    1479.82 3.9495e+00  52202.673     95.252 1531799804      -0.03      0.419   39.73404  -72.74107    33.2042  1025.9918    25.7816     7.7330 0.0000e+00
     46.626     7.7298    33.0492  1025.9963     3.0668     5.5049     81.849   -0.00064    6.72564    6.73311 -9.990e-29     0.0917   12.10061   3.416979 2.4824e-11    25.7816    25.7809 1.0000e-12     47.000          1       2375    1479.80 3.9495e+00  52200.786     98.930 1531799807       0.27      0.303   39.73404  -72.74104    33.2031  1025.9966    25.7819     7.7253 0.0000e+00
     47.631     7.7277    33.0485  1026.0007     3.0643     5.4831     81.526   -0.00320    6.72561    6.73308 -9.990e-29     0.0810   12.10057   3.416797 2.5019e-11    25.7814    25.7807 1.0000e-12     48.000          1       2400    1479.81 3.9495e+00  52201.072     99.942 1531799808       0.27      0.769   39.73404  -72.74102    33.2027  1026.0012    25.7819     7.7232 0.0000e+00
     48.619     7.7277    33.0476  1026.0046     3.0688     5.5264     82.177    0.00191    6.72491    6.73237 -9.990e-29     0.0856   12.09939   3.416838 2.4637e-11    25.7807    25.7800 1.0000e-12     49.000          1       2455    1479.82 3.9495e+00  52200.524    102.238 1531799811      -0.11      0.381   39.73406  -72.74100    33.2027  1026.0058    25.7819     7.7230 0.0000e+00
     49.614     7.7260    33.0469  1026.0089     3.0679     5.5063     81.894   -0.00088    6.72368    6.73112 -9.990e-29     0.0950   12.09732   3.416685 2.4478e-11    25.7804    25.7797 1.0000e-12     50.000          1       2495    1479.83 3.9495e+00  52200.558    103.919 1531799812       0.33      0.639   39.73406  -72.74098    33.2022  1026.0102    25.7818     7.7212 0.0000e+00
     50.603     7.7334    33.0497  1026.0146     3.0712     5.5291     82.251    0.00159    6.72218    6.72960 -9.990e-29     0.1047   12.09482   3.417763 2.4846e-11    25.7816    25.7809 1.0000e-12     51.000          1       2538    1479.88 3.9495e+00  52203.436    105.710 1531799814      -0.20      0.585   39.73406  -72.74097    33.2063  1026.0169    25.7839     7.7285 0.0000e+00
     51.595     7.7424    33.0522  1026.0198     3.0706     5.5148     82.058   -0.00029    6.72064    6.72804 -9.990e-29     0.0988   12.09225   3.418825 2.5322e-11    25.7822    25.7815 1.0000e-12     52.000          1       2578    1479.93 3.9495e+00  52205.437    107.361 1531799816       0.28      0.574   39.73406  -72.74096    33.2088  1026.0221    25.7846     7.7374 0.0000e+00
     52.592     7.7509    33.0542  1026.0247     3.0722     5.5243     82.210    0.00062    6.71968    6.72707      8.638     0.0987   12.09064   3.419867 2.5320e-11    25.7826    25.7819 1.0000e-12     53.000          1       2618    1479.98 3.9495e+00  52206.832    109.030 1531799817      -0.14      0.604   39.73408  -72.74094    33.2114  1026.0276    25.7855     7.7458 0.0000e+00
     53.573     7.7605    33.0568  1026.0299     3.0763     5.5401     82.487    0.00183    6.71639    6.72373      8.638     0.0938   12.08514   3.421004 2.5111e-11    25.7832    25.7825 1.0000e-12     54.000          1       2681    1480.04 3.9495e+00  52208.782    111.671 1531799820       0.18      0.301   39.73408  -72.74092    33.2140  1026.0328    25.7861     7.7554 0.0000e+00
     54.572     7.7694    33.0592  1026.0351     3.0741     5.5144     82.101   -0.00150    6.71654    6.72389      8.638     0.0945   12.08540   3.422187 2.5319e-11    25.7839    25.7832 1.0000e-12     55.000          1       2712    1480.09 3.9495e+00  52210.740    112.972 1531799821       0.25      0.669   39.73408  -72.74090    33.2178  1026.0391    25.7879     7.7641 0.0000e+00
     55.571     7.7805    33.0621  1026.0404     3.0768     5.5345     82.439    0.00101    6.71344    6.72075      8.638     0.0945   12.08021   3.423394 2.5009e-11    25.7846    25.7838 1.0000e-12     56.000          1       2745    1480.16 3.9495e+00  52212.751    114.331 1531799823      -0.10      0.766   39.73408  -72.74090    33.2197  1026.0435    25.7878     7.7752 0.0000e+00
     56.549     7.7875    33.0639  1026.0453     3.0801     5.5427     82.620    0.00157    6.70870    6.71595 -9.990e-29     0.1150   12.07228   3.424293 2.5130e-11    25.7850    25.7842 1.0000e-12     57.000          1       2799    1480.20 3.9495e+00  52214.278    116.567 1531799825       0.04      0.331   39.73408  -72.74088    33.2223  1026.0491    25.7888     7.7821 0.0000e+00
     57.551     7.8103    33.0705  1026.0518     3.0799     5.5318     82.453   -0.00021    6.70905    6.71630      8.635     0.1096   12.07287   3.427120 2.4777e-11    25.7870    25.7862 1.0000e-12     58.000          1       2830    1480.31 3.9495e+00  52218.860    117.869 1531799826       0.19      0.699   39.73410  -72.74086    33.2306  1026.0569    25.7921     7.8047 0.0000e+00
     58.543     7.8277    33.0750  1026.0574     3.0813     5.5401     82.599    0.00073    6.70726    6.71448      8.634     0.1094   12.06986   3.428949 2.5003e-11    25.7880    25.7872 1.0000e-12     59.000          1       2872    1480.40 3.9495e+00  52221.598    119.609 1531799828      -0.16      0.603   39.73410  -72.74085    33.2332  1026.0610    25.7916     7.8220 0.0000e+00
     59.529     7.8321    33.0764  1026.0624     3.0839     5.5501     82.777    0.00149    6.70490    6.71210      8.632     0.1183   12.06591   3.429566 2.5334e-11    25.7885    25.7876 1.0000e-12     60.000          1       2921    1480.44 3.9495e+00  52223.206    121.672 1531799830       0.13      0.462   39.73410  -72.74082    33.2352  1026.0665    25.7925     7.8263 0.0000e+00
     60.526     7.8428    33.0791  1026.0676     3.0852     5.5487     82.768    0.00086    6.70386    6.71104 -9.990e-29     0.0971   12.06417   3.430789 2.5046e-11    25.7891    25.7883 1.0000e-12     61.000          1       2954    1480.50 3.9495e+00  52225.197    123.048 1531799831       0.14      0.685   39.73410  -72.74082    33.2377  1026.0714    25.7930     7.8369 0.0000e+00
     61.522     7.8535    33.0823  1026.0731     3.0852     5.5452     82.716    0.00025    6.70396    6.71114 -9.990e-29     0.0971   12.06437   3.432106 2.4797e-11    25.7901    25.7892 1.0000e-12     62.000          1       2991    1480.56 3.9495e+00  52227.785    124.572 1531799833      -0.10      0.685   39.73410  -72.74081    33.2412  1026.0772    25.7942     7.8475 0.0000e+00
     62.511     7.8608    33.0841  1026.0774     3.0845     5.5394     82.628   -0.00045    6.70404    6.71122      8.630     0.1183   12.06449   3.432797 2.5197e-11    25.7904    25.7896 1.0000e-12     63.000          1       3095    1480.60 3.9495e+00  52229.194    128.928 1531799837      -0.05      0.382   39.73411  -72.74077    33.2412  1026.0807    25.7932     7.8547 0.0000e+00
     63.498     7.8628    33.0845  1026.0827     3.0847     5.5435     82.696    0.00004    6.70346    6.71064 -9.990e-29     0.1054   12.06351   3.433080 2.5188e-11    25.7905    25.7896 1.0000e-12     64.000          1       3259    1480.63 3.9495e+00  52229.946    135.740 1531799844       0.13      0.171   39.73412  -72.74072    33.2419  1026.0855    25.7934     7.8566 0.0000e+00
     64.495     7.8624    33.0841  1026.0869     3.0843     5.5381     82.619   -0.00077    6.70319    6.71036 -9.990e-29     0.1074   12.06306   3.433039 2.4989e-11    25.7902    25.7893 1.0000e-12     65.000          1       3330    1480.64 3.9495e+00  52230.146    138.722 1531799847       0.20      0.322   39.73413  -72.74069    33.2414  1026.0898    25.7931     7.8561 0.0000e+00
     65.487     7.8648    33.0847  1026.0916     3.0832     5.5392     82.636   -0.00028    6.70313    6.71030 -9.990e-29     0.1087   12.06297   3.433348 2.5187e-11    25.7904    25.7894 1.0000e-12     66.000          1       3405    1480.67 3.9495e+00  52231.098    141.827 1531799850       0.04      0.346   39.73414  -72.74066    33.2419  1026.0944    25.7932     7.8584 0.0000e+00
     66.481     7.8634    33.0839  1026.0958     3.0832     5.5357     82.580   -0.00084    6.70343    6.71061      8.614     0.1223   12.06347   3.433175 2.4438e-11    25.7900    25.7891 1.0000e-12     67.000          1       3614    1480.68 4.1650e+00  52231.023    150.556 1531799859      -0.17      0.047   39.73416  -72.74059    33.2410  1026.0985    25.7926     7.8569 0.0000e+00
     65.479     7.8601    33.0823  1026.0904     3.0837     5.5455     82.721    0.00054    6.70392    6.71110      8.604     0.1137   12.06429   3.432664 2.4407e-11    25.7892    25.7883 1.0000e-12     66.000          1       4361    1480.65 3.9666e+00  52228.832    181.686 1531799890      -0.23     -0.330   39.73426  -72.74033    33.2391  1026.0929    25.7917     7.8537 0.0000e+00
     64.487     7.8582    33.0817  1026.0857     3.0843     5.5472     82.738    0.00081    6.70446    6.71165 -9.990e-29     0.1012   12.06521   3.432421 2.5070e-11    25.7890    25.7881 1.0000e-12     65.000          1       4567    1480.63 3.9525e+00  52227.817    190.232 1531799899      -0.13     -0.673   39.73429  -72.74026    33.2387  1026.0883    25.7916     7.8520 0.0000e+00
     63.511     7.8584    33.0817  1026.0812     3.0847     5.5439     82.674    0.00009    6.70573    6.71294      8.603     0.1109   12.06733   3.432386 2.5159e-11    25.7889    25.7881 1.0000e-12     64.000          1       4645    1480.61 3.9495e+00  52227.140    193.488 1531799902       0.14     -0.355   39.73430  -72.74024    33.2386  1026.0836    25.7915     7.8522 0.0000e+00
     62.501     7.8550    33.0807  1026.0762     3.0848     5.5424     82.656   -0.00005    6.70544    6.71265      8.602     0.0974   12.06685   3.431917 2.4815e-11    25.7886    25.7878 1.0000e-12     63.000          1       4675    1480.58 3.9495e+00  52225.815    194.746 1531799903      -0.27     -0.710   39.73430  -72.74022    33.2373  1026.0785    25.7909     7.8489 0.0000e+00
     61.531     7.8484    33.0790  1026.0713     3.0869     5.5556     82.829    0.00121    6.70732    6.71455      8.600     0.1072   12.06999   3.431134 2.4818e-11    25.7882    25.7873 1.0000e-12     62.000          1       4728    1480.53 3.9495e+00  52224.251    196.959 1531799905       0.33     -0.413   39.73430  -72.74022    33.2356  1026.0736    25.7905     7.8424 0.0000e+00
     60.527     7.8520    33.0799  1026.0669     3.0864     5.5480     82.710    0.00012    6.70789    6.71512 -9.990e-29     0.1255   12.07094   3.431515 2.5326e-11    25.7884    25.7875 1.0000e-12     61.000          1       4753    1480.53 3.9495e+00  52224.125    198.016 1531799906      -0.68     -0.683   39.73430  -72.74020    33.2368  1026.0694    25.7909     7.8461 0.0000e+00
     59.523     7.8443    33.0778  1026.0617     3.0849     5.5382     82.558   -0.00088    6.70829    6.71553 -9.990e-29     0.1059   12.07161   3.430512 2.6159e-11    25.7878    25.7870 1.0000e-12     60.000          1       4782    1480.48 3.9495e+00  52222.209    199.191 1531799908       0.09     -0.896   39.73431  -72.74019    33.2338  1026.0636    25.7897     7.8385 0.0000e+00
     58.548     7.8335    33.0745  1026.0562     3.0839     5.5418     82.577   -0.00007    6.71100    6.71827      8.599     0.0925   12.07615   3.429239 2.5010e-11    25.7868    25.7860 1.0000e-12     59.000          1       4853    1480.42 3.9495e+00  52219.521    202.173 1531799911      -0.07     -0.161   39.73432  -72.74017    33.2308  1026.0583    25.7889     7.8278 0.0000e+00
     57.555     7.8286    33.0730  1026.0512     3.0840     5.5462     82.585    0.00004    6.71574    6.72307      8.598     0.1033   12.08408   3.428618 2.5324e-11    25.7863    25.7855 1.0000e-12     58.000          1       4893    1480.39 3.9495e+00  52217.950    203.850 1531799912      -0.15     -0.561   39.73432  -72.74016    33.2293  1026.0532    25.7884     7.8230 0.0000e+00
     56.556     7.8202    33.0701  1026.0455     3.0825     5.5403     82.476   -0.00056    6.71744    6.72480      8.596     0.0953   12.08693   3.427401 2.5320e-11    25.7853    25.7845 1.0000e-12     57.000          1       4921    1480.34 3.9495e+00  52215.244    204.992 1531799913      -0.22     -0.784   39.73432  -72.74015    33.2247  1026.0462    25.7860     7.8147 0.0000e+00
     55.561     7.7939    33.0630  1026.0391     3.0805     5.5318     82.335   -0.00118    6.71869    6.72606 -9.990e-29     0.0967   12.08902   3.424368 2.5088e-11    25.7834    25.7827 1.0000e-12     56.000          1       4959    1480.21 3.9495e+00  52210.885    206.587 1531799915       0.20     -0.675   39.73433  -72.74014    33.2175  1026.0398    25.7841     7.7886 0.0000e+00
     54.581     7.7746    33.0568  1026.0325     3.0783     5.5293     82.282   -0.00086    6.71991    6.72730 -9.990e-29     0.1079   12.09107   3.422105 2.5339e-11    25.7813    25.7805 1.0000e-12     55.000          1       5017    1480.11 3.9495e+00  52206.047    209.017 1531799917      -0.32     -0.294   39.73434  -72.74012    33.2120  1026.0338    25.7826     7.7693 0.0000e+00
     53.573     7.7657    33.0543  1026.0272     3.0770     5.5274     82.248   -0.00072    6.72033    6.72773 -9.990e-29     0.1072   12.09178   3.421039 2.5320e-11    25.7805    25.7798 1.0000e-12     54.000          1       5058    1480.06 3.9495e+00  52203.953    210.721 1531799919      -0.14     -0.605   39.73434  -72.74010    33.2095  1026.0285    25.7819     7.7605 0.0000e+00
     52.580     7.7596    33.0520  1026.0217     3.0742     5.5261     82.216    0.00009    6.72149    6.72890      8.587     0.1053   12.09372   3.420243 2.3516e-11    25.7796    25.7789 1.0000e-12     53.000          1       5377    1480.02 3.9495e+00  52201.526    223.985 1531799932      -0.49     -0.477   39.73438  -72.74001    33.2071  1026.0229    25.7809     7.7545 0.0000e+00
     51.591     7.7593    33.0518  1026.0170     3.0723     5.5193     82.084   -0.00037    6.72394    6.73138      8.587     0.1126   12.09784   3.420180 2.4862e-11    25.7795    25.7788 1.0000e-12     52.000          1       5905    1480.00 3.9495e+00  52200.631    246.006 1531799954      -0.26     -0.800   39.73444  -72.73985    33.2072  1026.0185    25.7810     7.7543 0.0000e+00
