CalculateIndicators/WaterTemperature/Data/CTD_NYOS/NY1807C22.cnv
* Sea-Bird SBE 9 Data File:
* FileName = C:\Seabird 9 CTD\Data\2018\OffshoreCruise201807\NY1807C22.hex
* Software Version Seasave V 7.23.2
* Temperature SN = 4590
* Conductivity SN = 3228
* Number of Bytes Per Scan = 44
* Number of Voltage Words = 5
* Number of Scans Averaged by the Deck Unit = 1
* NMEA Latitude = 39 26.77 N
* NMEA Longitude = 072 38.09 W
* NMEA UTC (Time) = Jul 19 2018  05:02:16
* NMEA baud rate = 4800
** Ship: RV Seawolf
** Station: NY1807C22
** Operator: jdw
# nquan = 35
# nvalues = 182                         
# units = specified
# name 0 = depSM: Depth [salt water, m]
# name 1 = t090C: Temperature [ITS-90, deg C]
# name 2 = sal00: Salinity, Practical [PSU]
# name 3 = density00: Density [density, kg/m^3]
# name 4 = sbeox0V: Oxygen raw, SBE 43 [V]
# name 5 = sbeox0ML/L: Oxygen, SBE 43 [ml/l]
# name 6 = sbeox0PS: Oxygen, SBE 43 [% saturation]
# name 7 = sbox0dV/dT: Oxygen, SBE 43 [dov/dt]
# name 8 = oxsolML/L: Oxygen Saturation, Garcia & Gordon [ml/l]
# name 9 = oxsatML/L: Oxygen Saturation, Weiss [ml/l]
# name 10 = ph: pH
# name 11 = flECO-AFL: Fluorescence, WET Labs ECO-AFL/FL [mg/m^3]
# name 12 = n2satML/L: Nitrogen Saturation [ml/l]
# name 13 = c0S/m: Conductivity [S/m]
# name 14 = cpar: CPAR/Corrected Irradiance [%]
# name 15 = sigma-é00: Density [sigma-theta, kg/m^3]
# name 16 = sigma-t00: Density [sigma-t, kg/m^3 ]
# name 17 = par: PAR/Irradiance, Biospherical/Licor
# name 18 = prDM: Pressure, Digiquartz [db]
# name 19 = pumps: Pump Status
# name 20 = scan: Scan Count
# name 21 = svCM: Sound Velocity [Chen-Millero, m/s]
# name 22 = spar: SPAR, Biospherical/Licor
# name 23 = specc: Specific Conductance [uS/cm]
# name 24 = timeS: Time, Elapsed [seconds]
# name 25 = timeY: Time, System [seconds]
# name 26 = accM: Acceleration [m/s^2]
# name 27 = dz/dtM: Descent Rate [m/s]
# name 28 = latitude: Latitude [deg]
# name 29 = longitude: Longitude [deg]
# name 30 = gsw_saA0: Absolute Salinity [g/kg]
# name 31 = gsw_densityA0: density, TEOS-10 [density, kg/m^3]
# name 32 = gsw_sigma0A0: density, TEOS-10 [sigma-0, kg/m^3 ]
# name 33 = gsw_ptA0: potential temperature [ITS-90, deg C]
# name 34 = flag: flag
# span 0 =      0.970,     91.285       
# span 1 =     8.4760,    23.1660       
# span 2 =    32.9379,    33.6979       
# span 3 =  1022.3414,  1026.5295       
# span 4 =     3.1099,     4.2107       
# span 5 =     5.2168,     6.8006       
# span 6 =     83.442,    122.113       
# span 7 =   -0.06785,    0.05624       
# span 8 =    4.94805,    6.59271       
# span 9 =    4.93637,    6.59871       
# span 10 =      8.634,      8.938      
# span 11 =    -0.0405,     1.1542      
# span 12 =    9.15311,   11.87530      
# span 13 =   3.523624,   4.849620      
# span 14 = 2.5320e-11, 8.8534e+01      
# span 15 =    22.3328,    26.1123      
# span 16 =    22.3327,    26.1108      
# span 17 = 1.0000e-12, 3.4966e+00      
# span 18 =      1.000,     92.000      
# span 19 =          1,          1      
# span 20 =        -76,      13386      
# span 21 =    1483.38,    1527.75      
# span 22 = 3.9495e+00, 3.9495e+00      
# span 23 =  50314.223,  52871.709      
# span 24 =     -3.206,    557.727      
# span 25 = 1531976599, 1531977160      
# span 26 =      -0.42,       0.37      
# span 27 =     -0.900,      0.987      
# span 28 =   39.44634,   39.44769      
# span 29 =  -72.63514,  -72.63496      
# span 30 =    33.1069,    33.8576      
# span 31 =  1022.3459,  1026.5320      
# span 32 =    22.3404,    26.1161      
# span 33 =     8.4697,    23.1658      
# span 34 = 0.0000e+00, 0.0000e+00      
# interval = decibars: 1                
# start_time = Jul 19 2018 05:03:23 [System UTC, first data scan.]
# bad_flag = -9.990e-29
*END*
[from data line 42]
     43.661     9.1940    33.3466  1025.9930     3.3346     5.8963     90.568   -0.00687    6.51034    6.51499      8.777     0.1985   11.74084   3.574869 2.5320e-11    25.7935    25.7928 1.0000e-12     44.000          1       1916    1485.61 3.9495e+00  52286.559     79.776 1531976682      -0.15      0.562   39.44656  -72.63507    33.4929  1025.9869    25.7875     9.1893 0.0000e+00
     44.649     9.1656    33.3695  1026.0201     3.3192     5.8762     89.944   -0.00811    6.53311    6.53808      8.770     0.1654   11.77857   3.574479 2.5320e-11    25.8161    25.8153 1.0000e-12     45.000          1       1963    1485.55 3.9495e+00  52325.631     81.740 1531976684       0.10      0.496   39.44656  -72.63508    33.5151  1026.0133    25.8093     9.1608 0.0000e+00
     45.644     9.0581    33.3695  1026.0417     3.3078     5.8761     89.596   -0.00771    6.55843    6.56376      8.768     0.1607   11.82054   3.564533 2.5320e-11    25.8331    25.8323 1.0000e-12     46.000          1       1995    1485.17 3.9495e+00  52349.044     83.095 1531976686       0.16      0.686   39.44656  -72.63508    33.5119  1026.0325    25.8238     9.0533 0.0000e+00
     46.641     8.9696    33.3649  1026.0567     3.2982     5.8618     89.221   -0.00830    6.56999    6.57549      8.763     0.1368   11.83962   3.555842 2.5320e-11    25.8434    25.8426 1.0000e-12     47.000          1       2026    1484.85 3.9495e+00  52362.364     84.361 1531976687      -0.01      0.803   39.44657  -72.63508    33.5039  1026.0448    25.8315     8.9646 0.0000e+00
     47.628     8.7615    33.3552  1026.0862     3.2906     5.8729     89.306   -0.00452    6.57608    6.58168      8.755     0.1013   11.84958   3.536101 2.5320e-11    25.8682    25.8674 1.0000e-12     48.000          1       2068    1484.08 3.9495e+00  52394.742     86.117 1531976689      -0.14      0.584   39.44658  -72.63508    33.4926  1026.0730    25.8550     8.7565 0.0000e+00
     48.619     8.6656    33.3585  1026.1083     3.2834     5.8589     89.088   -0.00426    6.57653    6.58214      8.751     0.1074   11.85028   3.528336 2.5320e-11    25.8857    25.8849 1.0000e-12     49.000          1       2107    1483.75 3.9495e+00  52421.486     87.763 1531976690       0.16      0.580   39.44658  -72.63508    33.5011  1026.0991    25.8764     8.6606 0.0000e+00
     49.616     8.6345    33.3663  1026.1238     3.2772     5.8460     88.865   -0.00447    6.57851    6.58415      8.751     0.1022   11.85353   3.526640 2.5320e-11    25.8965    25.8958 1.0000e-12     50.000          1       2141    1483.66 3.9495e+00  52440.150     89.178 1531976692      -0.03      0.716   39.44658  -72.63508    33.5122  1026.1171    25.8899     8.6293 0.0000e+00
     50.602     8.6308    33.3694  1026.1314     3.2697     5.8307     88.600   -0.00459    6.58093    6.58661      8.747     0.1044   11.85746   3.526888 2.5320e-11    25.8996    25.8987 1.0000e-12     51.000          1       2181    1483.66 3.9495e+00  52445.976     90.816 1531976693      -0.01      0.594   39.44658  -72.63508    33.5178  1026.1266    25.8948     8.6256 0.0000e+00
     51.602     8.6170    33.3718  1026.1399     3.2656     5.8269     88.551   -0.00362    6.58022    6.58590      8.745     0.0966   11.85611   3.525966 2.5320e-11    25.9035    25.9027 1.0000e-12     52.000          1       2213    1483.63 3.9495e+00  52453.064     92.172 1531976695       0.08      0.717   39.44658  -72.63508    33.5208  1026.1356    25.8992     8.6116 0.0000e+00
     52.588     8.5974    33.3765  1026.1511     3.2620     5.8291     88.595   -0.00187    6.57948    6.58519      8.741     0.0732   11.85452   3.524876 2.5320e-11    25.9102    25.9094 1.0000e-12     53.000          1       2255    1483.58 3.9495e+00  52464.808     93.900 1531976697      -0.13      0.592   39.44659  -72.63508    33.5274  1026.1483    25.9074     8.5919 0.0000e+00
     53.583     8.6043    33.3957  1026.1697     3.2545     5.8013     88.089   -0.00472    6.58577    6.59159      8.738     0.0580   11.86472   3.527839 2.5320e-11    25.9243    25.9234 1.0000e-12     54.000          1       2291    1483.65 3.9495e+00  52491.071     95.428 1531976698       0.16      0.628   39.44660  -72.63508    33.5517  1026.1707    25.9253     8.5987 0.0000e+00
     54.575     8.5931    33.4228  1026.1972     3.2443     5.7744     87.597   -0.00637    6.59196    6.59788      8.734     0.0339   11.87480   3.529161 2.5320e-11    25.9472    25.9464 1.0000e-12     55.000          1       2328    1483.65 3.9495e+00  52532.620     96.947 1531976700      -0.08      0.681   39.44660  -72.63508    33.5758  1026.1958    25.9458     8.5875 0.0000e+00
     55.564     8.5431    33.4392  1026.2223     3.2338     5.7483     87.215   -0.00667    6.59103    6.59696      8.730     0.0334   11.87301   3.526130 2.5320e-11    25.9677    25.9669 1.0000e-12     56.000          1       2367    1483.50 3.9495e+00  52567.775     98.567 1531976701       0.05      0.600   39.44660  -72.63508    33.5909  1026.2198    25.9652     8.5374 0.0000e+00
     56.558     8.5022    33.4501  1026.2417     3.2263     5.7388     87.071   -0.00544    6.59087    6.59682      8.728     0.0257   11.87259   3.523624 2.5320e-11    25.9825    25.9817 1.0000e-12     57.000          1       2400    1483.38 3.9495e+00  52593.236     99.949 1531976703       0.07      0.706   39.44660  -72.63508    33.6028  1026.2399    25.9807     8.4964 0.0000e+00
     57.553     8.5006    33.4691  1026.2614     3.2173     5.7106     86.684   -0.00634    6.58784    6.59375      8.727     0.0217   11.86740   3.525636 2.5320e-11    25.9977    25.9968 1.0000e-12     58.000          1       2434    1483.41 3.9495e+00  52621.096    101.381 1531976704      -0.06      0.719   39.44661  -72.63509    33.6252  1026.2622    25.9984     8.4947 0.0000e+00
     58.538     8.5003    33.4862  1026.2794     3.2107     5.7130     86.706   -0.00362    6.58897    6.59491 -9.990e-29     0.0129   11.86922   3.527315 2.5320e-11    26.0112    26.0103 1.0000e-12     59.000          1       2474    1483.45 3.9495e+00  52646.062    103.062 1531976706      -0.00      0.571   39.44662  -72.63510    33.6428  1026.2805    26.0123     8.4943 0.0000e+00
     59.538     8.5173    33.4997  1026.2920     3.2046     5.6961     86.400   -0.00474    6.59271    6.59871 -9.990e-29     0.0205   11.87530   3.530233 2.5320e-11    26.0192    26.0182 1.0000e-12     60.000          1       2507    1483.55 3.9495e+00  52661.888    104.409 1531976707       0.08      0.722   39.44662  -72.63510    33.6570  1026.2935    26.0208     8.5112 0.0000e+00
     60.525     8.5057    33.5041  1026.3017     3.2018     5.7043     86.585   -0.00174    6.58809    6.59407      8.717     0.0120   11.86713   3.529483 2.5320e-11    26.0244    26.0235 1.0000e-12     61.000          1       2547    1483.53 3.9495e+00  52671.399    106.102 1531976709      -0.11      0.603   39.44662  -72.63510    33.6597  1026.3020    26.0246     8.4995 0.0000e+00
     61.518     8.4760    33.5172  1026.3211     3.1935     5.6672     86.069   -0.00432    6.58447    6.59042      8.713    -0.0032   11.86089   3.528344 2.5320e-11    26.0392    26.0382 1.0000e-12     62.000          1       2585    1483.45 3.9495e+00  52697.395    107.670 1531976710       0.12      0.616   39.44662  -72.63510    33.6754  1026.3234    26.0415     8.4697 0.0000e+00
     62.513     8.4975    33.5558  1026.3526     3.1765     5.5834     84.857   -0.01123    6.57978    6.58567      8.709    -0.0262   11.85299   3.534190 2.5320e-11    26.0662    26.0652 1.0000e-12     63.000          1       2618    1483.59 3.9495e+00  52747.719    109.053 1531976712       0.01      0.725   39.44664  -72.63510    33.7165  1026.3567    26.0703     8.4910 0.0000e+00
     63.500     8.5163    33.5787  1026.3722     3.1586     5.5388     84.220   -0.01142    6.57664    6.58249 -9.990e-29    -0.0189   11.84773   3.538027 2.5320e-11    26.0813    26.0803 1.0000e-12     64.000          1       2657    1483.71 3.9495e+00  52776.436    110.651 1531976713      -0.07      0.631   39.44664  -72.63510    33.7387  1026.3757    26.0847     8.5098 0.0000e+00
     64.497     8.5451    33.5906  1026.3817     3.1478     5.5289     84.084   -0.00882    6.57551    6.58135 -9.990e-29    -0.0195   11.84584   3.541930 2.5320e-11    26.0863    26.0852 1.0000e-12     65.000          1       2691    1483.85 3.9495e+00  52787.359    112.069 1531976715       0.10      0.684   39.44664  -72.63510    33.7521  1026.3862    26.0908     8.5384 0.0000e+00
     65.488     8.5637    33.5966  1026.3881     3.1436     5.5520     84.446   -0.00322    6.57456    6.58038 -9.990e-29    -0.0102   11.84424   3.544141 2.5320e-11    26.0881    26.0871 1.0000e-12     66.000          1       2728    1483.94 3.9495e+00  52792.196    113.634 1531976716      -0.09      0.662   39.44664  -72.63510    33.7573  1026.3920    26.0921     8.5569 0.0000e+00
     66.479     8.5724    33.5990  1026.3931     3.1390     5.5451     84.356   -0.00260    6.57345    6.57926 -9.990e-29    -0.0135   11.84239   3.545178 2.5320e-11    26.0887    26.0876 1.0000e-12     67.000          1       2770    1483.99 3.9495e+00  52794.246    115.355 1531976718       0.01      0.576   39.44664  -72.63510    33.7595  1026.3969    26.0924     8.5655 0.0000e+00
     67.466     8.5781    33.6008  1026.3982     3.1357     5.5404     84.290   -0.00213    6.57294    6.57874 -9.990e-29    -0.0327   11.84153   3.545898 2.5320e-11    26.0892    26.0881 1.0000e-12     68.000          1       2806    1484.03 3.9495e+00  52796.119    116.888 1531976720       0.07      0.631   39.44665  -72.63510    33.7612  1026.4019    26.0929     8.5711 0.0000e+00
     68.466     8.5835    33.6022  1026.4031     3.1328     5.5309     84.155   -0.00259    6.57230    6.57810 -9.990e-29    -0.0239   11.84046   3.546593 2.5320e-11    26.0896    26.0885 1.0000e-12     69.000          1       2835    1484.07 3.9495e+00  52797.641    118.077 1531976721       0.14      0.788   39.44666  -72.63510    33.7629  1026.4069    26.0934     8.5764 0.0000e+00
     69.458     8.5865    33.6029  1026.4077     3.1319     5.5358     84.271   -0.00103    6.56907    6.57482 -9.990e-29    -0.0166   11.83504   3.546949 2.5320e-11    26.0896    26.0885 1.0000e-12     70.000          1       2868    1484.10 3.9495e+00  52798.547    119.477 1531976722      -0.14      0.765   39.44666  -72.63510    33.7633  1026.4113    26.0933     8.5793 0.0000e+00
     70.445     8.5932    33.6049  1026.4128     3.1303     5.5292     84.246   -0.00080    6.56313    6.56881 -9.990e-29    -0.0182   11.82507   3.547861 2.5320e-11    26.0902    26.0891 1.0000e-12     71.000          1       2912    1484.14 3.9495e+00  52800.547    121.274 1531976724      -0.00      0.536   39.44666  -72.63510    33.7661  1026.4170    26.0944     8.5859 0.0000e+00
     71.438     8.6187    33.6133  1026.4199     3.1252     5.5057     83.901   -0.00277    6.56207    6.56774 -9.990e-29    -0.0317   11.82329   3.551170 2.5320e-11    26.0929    26.0917 1.0000e-12     72.000          1       2949    1484.26 3.9495e+00  52807.203    122.821 1531976725       0.05      0.638   39.44666  -72.63511    33.7762  1026.4256    26.0985     8.6113 0.0000e+00
     72.432     8.6479    33.6237  1026.4281     3.1182     5.4768     83.462   -0.00499    6.56193    6.56760 -9.990e-29    -0.0317   11.82306   3.554782 2.5320e-11    26.0965    26.0953 1.0000e-12     73.000          1       2983    1484.40 3.9495e+00  52815.875    124.238 1531976727       0.05      0.692   39.44666  -72.63512    33.7861  1026.4333    26.1017     8.6404 0.0000e+00
     73.425     8.6547    33.6263  1026.4337     3.1153     5.4846     83.583   -0.00265    6.56179    6.56745 -9.990e-29    -0.0219   11.82281   3.555584 2.5320e-11    26.0976    26.0964 1.0000e-12     74.000          1       3017    1484.45 3.9495e+00  52818.782    125.679 1531976728      -0.04      0.709   39.44668  -72.63512    33.7876  1026.4380    26.1019     8.6470 0.0000e+00
     74.414     8.6558    33.6267  1026.4383     3.1146     5.4948     83.763   -0.00049    6.55993    6.56557 -9.990e-29    -0.0291   11.81970   3.555729 2.5320e-11    26.0977    26.0965 1.0000e-12     75.000          1       3057    1484.47 3.9495e+00  52819.730    127.346 1531976730      -0.05      0.604   39.44668  -72.63512    33.7876  1026.4424    26.1018     8.6480 0.0000e+00
     75.404     8.6569    33.6270  1026.4429     3.1133     5.4892     83.700   -0.00078    6.55817    6.56379 -9.990e-29    -0.0268   11.81676   3.555889 2.5320e-11    26.0978    26.0966 1.0000e-12     76.000          1       3093    1484.49 3.9495e+00  52820.513    128.837 1531976731       0.12      0.634   39.44668  -72.63512    33.7878  1026.4469    26.1018     8.6490 0.0000e+00
     76.403     8.6650    33.6293  1026.4481     3.1127     5.4873     83.686   -0.00076    6.55705    6.56265      8.684    -0.0272   11.81488   3.556973 2.5320e-11    26.0984    26.0971 1.0000e-12     77.000          1       3121    1484.54 3.9495e+00  52822.642    130.015 1531976733       0.11      0.812   39.44668  -72.63512    33.7911  1026.4527    26.1031     8.6570 0.0000e+00
     77.395     8.6778    33.6326  1026.4533     3.1138     5.4969     83.844    0.00045    6.55609    6.56168      8.683    -0.0203   11.81328   3.558464 2.5320e-11    26.0990    26.0978 1.0000e-12     78.000          1       3158    1484.61 3.9495e+00  52825.105    131.526 1531976734      -0.16      0.713   39.44668  -72.63512    33.7941  1026.4576    26.1035     8.6697 0.0000e+00
     78.376     8.6888    33.6356  1026.4584     3.1132     5.4926     83.794   -0.00002    6.55485    6.56043      8.680    -0.0357   11.81120   3.559755 2.5320e-11    26.0997    26.0984 1.0000e-12     79.000          1       3205    1484.67 3.9495e+00  52827.492    133.494 1531976736       0.04      0.459   39.44670  -72.63512    33.7968  1026.4626    26.1039     8.6806 0.0000e+00
     79.378     8.6938    33.6372  1026.4634     3.1100     5.4694     83.442   -0.00279    6.55473    6.56030      8.680    -0.0257   11.81100   3.560415 2.5320e-11    26.1002    26.0989 1.0000e-12     80.000          1       3235    1484.70 3.9495e+00  52829.208    134.746 1531976737       0.22      0.720   39.44670  -72.63512    33.7985  1026.4677    26.1044     8.6855 0.0000e+00
     80.371     8.6996    33.6387  1026.4682     3.1099     5.4834     83.662   -0.00038    6.55416    6.55973 -9.990e-29    -0.0273   11.81006   3.561087 2.5320e-11    26.1004    26.0991 1.0000e-12     81.000          1       3269    1484.74 3.9495e+00  52830.629    136.185 1531976739      -0.13      0.739   39.44670  -72.63512    33.7996  1026.4722    26.1044     8.6912 0.0000e+00
     81.358     8.7020    33.6393  1026.4728     3.1109     5.4868     83.788    0.00045    6.54843    6.55392      8.678    -0.0324   11.80047   3.561384 2.5320e-11    26.1005    26.0992 1.0000e-12     82.000          1       3316    1484.77 3.9495e+00  52831.595    138.120 1531976741      -0.02      0.496   39.44670  -72.63512    33.7999  1026.4766    26.1043     8.6935 0.0000e+00
     82.345     8.7066    33.6405  1026.4776     3.1128     5.4932     83.962    0.00157    6.54254    6.54795      8.677    -0.0293   11.79062   3.562003 2.5320e-11    26.1008    26.0995 1.0000e-12     83.000          1       3352    1484.81 3.9495e+00  52832.878    139.607 1531976742       0.20      0.621   39.44671  -72.63514    33.8016  1026.4818    26.1050     8.6980 0.0000e+00
