CalculateIndicators/WaterTemperature/Data/CTD_NYOS/NY1807C19.cnv
* Sea-Bird SBE 9 Data File:
* FileName = C:\Seabird 9 CTD\Data\2018\OffshoreCruise201807\NY1807C19.hex
* Software Version Seasave V 7.23.2
* Temperature SN = 4590
* Conductivity SN = 3228
* Number of Bytes Per Scan = 44
* Number of Voltage Words = 5
* Number of Scans Averaged by the Deck Unit = 1
* NMEA Latitude = 38 51.66 N
* NMEA Longitude = 073 07.05 W
* NMEA UTC (Time) = Jul 18 2018  11:53:14
* NMEA baud rate = 4800
** Ship: RV Seawolf
** Station: NY1807C19
** Operator: jdw
# nquan = 35
# nvalues = 144                         
# units = specified
# name 0 = depSM: Depth [salt water, m]
# name 1 = t090C: Temperature [ITS-90, deg C]
# name 2 = sal00: Salinity, Practical [PSU]
# name 3 = density00: Density [density, kg/m^3]
# name 4 = sbeox0V: Oxygen raw, SBE 43 [V]
# name 5 = sbeox0ML/L: Oxygen, SBE 43 [ml/l]
# name 6 = sbeox0PS: Oxygen, SBE 43 [% saturation]
# name 7 = sbox0dV/dT: Oxygen, SBE 43 [dov/dt]
# name 8 = oxsolML/L: Oxygen Saturation, Garcia & Gordon [ml/l]
# name 9 = oxsatML/L: Oxygen Saturation, Weiss [ml/l]
# name 10 = ph: pH
# name 11 = flECO-AFL: Fluorescence, WET Labs ECO-AFL/FL [mg/m^3]
# name 12 = n2satML/L: Nitrogen Saturation [ml/l]
# name 13 = c0S/m: Conductivity [S/m]
# name 14 = cpar: CPAR/Corrected Irradiance [%]
# name 15 = sigma-é00: Density [sigma-theta, kg/m^3]
# name 16 = sigma-t00: Density [sigma-t, kg/m^3 ]
# name 17 = par: PAR/Irradiance, Biospherical/Licor
# name 18 = prDM: Pressure, Digiquartz [db]
# name 19 = pumps: Pump Status
# name 20 = scan: Scan Count
# name 21 = svCM: Sound Velocity [Chen-Millero, m/s]
# name 22 = spar: SPAR, Biospherical/Licor
# name 23 = specc: Specific Conductance [uS/cm]
# name 24 = timeS: Time, Elapsed [seconds]
# name 25 = timeY: Time, System [seconds]
# name 26 = accM: Acceleration [m/s^2]
# name 27 = dz/dtM: Descent Rate [m/s]
# name 28 = latitude: Latitude [deg]
# name 29 = longitude: Longitude [deg]
# name 30 = gsw_saA0: Absolute Salinity [g/kg]
# name 31 = gsw_densityA0: density, TEOS-10 [density, kg/m^3]
# name 32 = gsw_sigma0A0: density, TEOS-10 [sigma-0, kg/m^3 ]
# name 33 = gsw_ptA0: potential temperature [ITS-90, deg C]
# name 34 = flag: flag
# span 0 =      1.918,     73.438       
# span 1 =     7.3103,    23.8931       
# span 2 =    32.2274,    34.0337       
# span 3 =  1021.6017,  1026.2824       
# span 4 =     3.0162,     4.2428       
# span 5 =     5.0250,     6.6902       
# span 6 =     80.152,    124.009       
# span 7 =   -0.06199,    0.06626       
# span 8 =    4.90446,    6.78482       
# span 9 =    4.89247,    6.79331       
# span 10 =      8.586,      8.965      
# span 11 =     0.0084,     0.9472      
# span 12 =    9.08692,   12.19701      
# span 13 =   3.390876,   4.832784      
# span 14 = 1.2011e-13, 2.5479e+01      
# span 15 =    21.5864,    25.9441      
# span 16 =    21.5862,    25.9431      
# span 17 = 1.0000e-12, 2.2812e+02      
# span 18 =      2.000,     74.000      
# span 19 =          1,          1      
# span 20 =       -176,      11624      
# span 21 =    1478.38,    1528.83      
# span 22 = 5.8272e+02, 1.3200e+03      
# span 23 =  49326.436,  52511.006      
# span 24 =     -7.375,    484.286      
# span 25 = 1531914834, 1531915326      
# span 26 =      -1.09,       0.66      
# span 27 =     -1.236,      0.948      
# span 28 =   38.85966,   38.86099      
# span 29 =  -73.12040,  -73.11780      
# span 30 =    32.3926,    34.1664      
# span 31 =  1021.6110,  1026.2867      
# span 32 =    21.5979,    25.9484      
# span 33 =     7.3047,    23.8925      
# span 34 = 0.0000e+00, 0.0000e+00      
# interval = decibars: 1                
# start_time = Jul 18 2018 11:54:01 [System UTC, first data scan.]
# bad_flag = -9.990e-29
*END*
      2.975    23.8931    32.2937  1021.6383     3.6746     5.0250    102.457    0.00037    4.90446    4.89247      8.898     0.0872    9.08692   4.832784 9.6721e+00    21.6254    21.6253 5.5882e+01      3.000          1       -176    1528.81 5.8272e+02  49415.378     -7.375 1531914834       0.18     -0.027   38.86099  -73.11780    32.4473  1021.6428    21.6300    23.8925 0.0000e+00
      3.979    23.8887    32.2965  1021.6460     3.6719     5.0269    102.481    0.00280    4.90524    4.89325      8.896     0.0834    9.08827   4.832680 2.4140e+01    21.6289    21.6286 1.4410e+02      4.000          1        778    1528.82 5.9719e+02  49419.671     32.386 1531914874       0.32      0.349   38.86085  -73.11804    32.4494  1021.6501    21.6330    23.8879 0.0000e+00
      4.952    23.8901    32.2897  1021.6447     3.6807     5.0790    102.833    0.00290    4.93906    4.92720      8.901     0.1000    9.14402   4.831911 2.5479e+01    21.6234    21.6231 1.5383e+02      5.000          1        976    1528.83 6.0395e+02  49410.791     40.607 1531914882      -0.05      0.336   38.86083  -73.11809    32.4423  1021.6487    21.6273    23.8890 0.0000e+00
      5.959    23.7967    32.2962  1021.6813     3.7140     5.2064    104.868    0.02225    4.96466    4.95290      8.904     0.1208    9.18642   4.821965 2.1711e+01    21.6556    21.6552 1.3119e+02      6.000          1        973    1528.62 6.0425e+02  49421.675     40.495 1531914882       0.65      0.654   38.86082  -73.11808    32.4352  1021.6749    21.6492    23.7954 0.0000e+00
      6.950    23.4943    32.3494  1021.8135     3.7566     5.3303    106.689    0.02904    4.99598    4.98437      8.909     0.1493    9.23836   4.799813 1.9008e+01    21.7835    21.7831 1.1616e+02      7.000          1       1007    1527.93 6.1139e+02  49502.029     41.918 1531914883      -0.20      0.789   38.86082  -73.11810    32.4886  1021.8072    21.7772    23.4929 0.0000e+00
      7.933    23.1172    32.3733  1021.9441     3.8214     5.4796    109.491    0.04055    5.00461    4.99305      8.913     0.2098    9.25252   4.763743 1.5951e+01    21.9098    21.9093 9.7887e+01      8.000          1       1049    1527.01 6.1356e+02  49543.961     43.667 1531914885       0.22      0.492   38.86082  -73.11810    32.4911  1021.9218    21.8875    23.1156 0.0000e+00
      8.933    22.7753    32.3988  1022.0650     3.8552     5.5632    109.924    0.02345    5.06096    5.04977      8.919     0.2118    9.34362   4.735906 1.3219e+01    22.0264    22.0259 8.0159e+01      9.000          1       1090    1526.18 6.0631e+02  49588.732     45.389 1531914887      -0.07      0.562   38.86081  -73.11812    32.5304  1022.0531    22.0145    22.7735 0.0000e+00
      9.922    22.5137    32.4471  1022.1796     3.9078     5.7400    111.656    0.01993    5.14081    5.13020      8.927     0.2808    9.47255   4.716924 7.1538e+00    22.1367    22.1361 4.3475e+01     10.000          1       1143    1525.57 6.0784e+02  49662.222     47.564 1531914889       0.55      0.375   38.86080  -73.11812    32.5784  1022.1675    22.1245    22.5117 0.0000e+00
     10.916    21.8495    32.6755  1022.5415     3.9747     6.0051    115.810    0.05530    5.18523    5.17494      8.932     0.3246    9.54594   4.676448 2.4093e+00    22.4941    22.4935 1.4810e+01     11.000          1       1169    1524.08 6.1511e+02  49996.135     48.668 1531914890       0.15      0.873   38.86080  -73.11814    32.7620  1022.4949    22.4475    21.8473 0.0000e+00
     11.911    21.0705    33.0513  1023.0445     4.0333     6.1144    117.303    0.04354    5.21243    5.20243      8.937     0.3990    9.58838   4.651347 5.9184e+00    22.9927    22.9921 3.6784e+01     12.000          1       1204    1522.44 6.2158e+02  50541.110     50.117 1531914891      -0.22      0.747   38.86080  -73.11814    33.1601  1023.0135    22.9617    21.0683 0.0000e+00
     12.902    20.5134    33.1314  1023.2588     4.0943     6.3075    119.583    0.04504    5.27459    5.26512      8.945     0.4120    9.69023   4.605956 5.1126e+00    23.2026    23.2020 3.1522e+01     13.000          1       1240    1521.02 6.1646e+02  50674.125     51.626 1531914893       0.24      0.602   38.86080  -73.11814    33.2298  1023.2197    23.1635    20.5110 0.0000e+00
     13.897    20.1715    33.3921  1023.5520     4.1208     6.3586    119.333    0.02241    5.32841    5.31940      8.949     0.5448    9.77929   4.605656 3.9779e+00    23.4914    23.4908 2.4505e+01     14.000          1       1273    1520.39 6.1603e+02  51047.374     52.980 1531914894      -0.06      0.763   38.86078  -73.11817    33.4966  1023.5166    23.4560    20.1690 0.0000e+00
     14.885    19.3857    33.5550  1023.8844     4.1511     6.5304    120.170    0.01742    5.43426    5.42625      8.953     0.6851    9.95346   4.546237 4.0363e+00    23.8194    23.8187 2.4822e+01     15.000          1       1316    1518.39 6.1500e+02  51312.372     54.779 1531914896      -0.09      0.560   38.86078  -73.11818    33.6370  1023.8315    23.7664    19.3830 0.0000e+00
     15.873    18.6422    33.6094  1024.1188     4.1707     6.6902    120.641    0.01286    5.54554    5.53873      8.960     0.7258   10.13527   4.478996 3.3307e+00    24.0493    24.0486 2.0697e+01     16.000          1       1356    1516.34 6.2150e+02  51432.338     56.449 1531914898       0.14      0.566   38.86078  -73.11818    33.6787  1024.0559    23.9863    18.6394 0.0000e+00
     16.871    17.8728    33.6841  1024.3702     4.1476     6.6141    118.594   -0.00757    5.57708    5.57059      8.963     0.6874   10.18760   4.412832 2.4398e+00    24.2960    24.2953 1.5281e+01     17.000          1       1382    1514.20 6.2645e+02  51586.677     57.560 1531914899       0.22      0.807   38.86076  -73.11818    33.7497  1024.3041    24.2300    17.8700 0.0000e+00
     17.864    17.2825    33.9554  1024.7247     4.1220     6.5380    116.638   -0.02462    5.60541    5.59921      8.965     0.6713   10.23484   4.384875 1.9591e+00    24.6460    24.6453 1.2356e+01     18.000          1       1408    1512.78 6.3072e+02  52005.343     58.624 1531914900       0.03      0.932   38.86076  -73.11818    34.0008  1024.6422    24.5635    17.2796 0.0000e+00
     18.861    16.4929    34.0337  1024.9751     4.0975     6.5409    115.934   -0.02192    5.64197    5.63614      8.962     0.6947   10.29586   4.319340 1.9680e+00    24.8918    24.8911 1.2397e+01     19.000          1       1436    1510.50 6.3008e+02  52179.100     59.811 1531914901      -0.11      0.899   38.86076  -73.11820    34.0964  1024.9052    24.8219    16.4898 0.0000e+00
     19.847    16.0281    34.0069  1025.0657     4.0510     6.6217    114.186   -0.02265    5.79980    5.79569      8.945     0.7087   10.55823   4.272169 2.0526e+00    24.9779    24.9772 1.2745e+01     20.000          1       1486    1509.06 6.2097e+02  52185.476     61.881 1531914903      -0.18      0.486   38.86076  -73.11821    34.0754  1025.0002    24.9124    16.0250 0.0000e+00
     20.834    15.2241    33.9338  1025.1938     3.9631     6.5385    109.406   -0.04565    5.97645    5.97435      8.922     0.8115   10.85225   4.183429 1.5274e+00    25.1012    25.1006 9.6133e+00     21.000          1       1534    1506.49 6.2949e+02  52166.092     63.875 1531914905       0.32      0.462   38.86076  -73.11822    33.9709  1025.1043    25.0118    15.2209 0.0000e+00
     21.832    14.3587    33.9266  1025.3799     3.8915     6.4011    105.613   -0.06199    6.06106    6.05996      8.926     0.7908   10.99324   4.098018 9.9170e-01    25.2826    25.2819 6.2821e+00     22.000          1       1559    1503.74 6.3358e+02  52252.888     64.928 1531914906       0.24      0.842   38.86074  -73.11822    33.9433  1025.2744    25.1770    14.3555 0.0000e+00
     22.827    13.6025    33.8852  1025.5104     3.8356     6.3866    103.638   -0.06058    6.16244    6.16260      8.925     0.7905   11.16174   4.022721 8.4306e-01    25.4083    25.4076 5.3919e+00     23.000          1       1585    1501.25 6.3955e+02  52289.668     65.979 1531914907       0.02      0.948   38.86074  -73.11824    33.9082  1025.4093    25.3072    13.5993 0.0000e+00
     23.822    12.6734    33.7735  1025.6141     3.7759     6.3689    102.568   -0.04695    6.20950    6.21023      8.906     0.7846   11.24032   3.921773 1.1153e+00    25.5071    25.5065 7.1232e+00     24.000          1       1617    1498.04 6.3886e+02  52262.566     67.341 1531914909      -0.20      0.813   38.86074  -73.11824    33.7766  1025.4977    25.3907    12.6702 0.0000e+00
     24.807    11.4368    33.6555  1025.7624     3.7062     6.3715    101.060   -0.03464    6.30473    6.30666      8.878     0.8464   11.39896   3.797106 1.0107e+00    25.6503    25.6497 6.4345e+00     25.000          1       1665    1493.69 6.3679e+02  52287.395     69.333 1531914911      -0.04      0.477   38.86073  -73.11825    33.6808  1025.6626    25.5505    11.4337 0.0000e+00
     25.801    10.9383    33.5781  1025.7969     3.6693     6.3557    100.711   -0.02323    6.31083    6.31282      8.870     0.8962   11.40929   3.743231 7.8943e-01    25.6795    25.6789 5.0536e+00     26.000          1       1705    1491.87 6.4012e+02  52265.660     71.005 1531914912       0.11      0.586   38.86072  -73.11826    33.5999  1025.6938    25.5770    10.9352 0.0000e+00
     26.790    10.5131    33.5235  1025.8336     3.6511     6.3906    100.830   -0.01403    6.33797    6.34031      8.872     0.8930   11.45449   3.702717 7.0364e-01    25.7120    25.7115 4.5085e+00     27.000          1       1737    1490.32 6.4082e+02  52265.447     72.350 1531914914       0.10      0.709   38.86072  -73.11827    33.5839  1025.7609    25.6393    10.5100 0.0000e+00
     27.788    10.4938    33.5111  1025.8319     3.6349     6.3724    100.232   -0.01449    6.35770    6.36029      8.872     0.9125   11.48731   3.701312 5.4030e-01    25.7057    25.7052 3.5018e+00     28.000          1       1764    1490.25 6.4830e+02  52252.205     73.459 1531914915       0.13      0.852   38.86072  -73.11828    33.5870  1025.7712    25.6451    10.4906 0.0000e+00
     28.784    10.3624    33.4879  1025.8410     3.6130     6.3555     99.406   -0.01539    6.39365    6.39672      8.861     0.9227   11.54708   3.687273 5.1111e-01    25.7103    25.7097 3.3099e+00     29.000          1       1796    1489.77 6.4770e+02  52244.582     74.810 1531914916      -0.16      0.807   38.86072  -73.11828    33.5659  1025.7820    25.6513    10.3590 0.0000e+00
     29.765    10.0793    33.4564  1025.8693     3.5511     6.2390     96.031   -0.02973    6.49695    6.50142      8.829     0.7031   11.71863   3.659452 4.7051e-01    25.7339    25.7334 3.0610e+00     30.000          1       1848    1488.73 6.5090e+02  52254.430     76.938 1531914918      -0.02      0.400   38.86070  -73.11830    33.5447  1025.8183    25.6829    10.0759 0.0000e+00
     30.760     9.7772    33.4242  1025.8993     3.4747     5.9752     91.375   -0.05229    6.53920    6.54425      8.812     0.5562   11.78878   3.627506 3.3484e-01    25.7592    25.7587 2.2082e+00     31.000          1       1880    1487.62 6.5941e+02  52268.243     78.281 1531914920       0.26      0.670   38.86070  -73.11830    33.4979  1025.8369    25.6968     9.7738 0.0000e+00
     31.759     9.3336    33.3902  1025.9501     3.4139     5.8365     88.843   -0.05658    6.56957    6.57504      8.807     0.5160   11.83921   3.584018 2.7138e-01    25.8050    25.8045 1.7746e+00     32.000          1       1907    1485.98 6.5387e+02  52311.091     79.402 1531914921       0.08      0.869   38.86070  -73.11830    33.4624  1025.8862    25.7412     9.3302 0.0000e+00
     32.752     8.9856    33.3601  1025.9866     3.3491     5.7855     87.395   -0.04698    6.62022    6.62640      8.787     0.4176   11.92335   3.550874 2.9278e-01    25.8368    25.8363 1.9161e+00     33.000          1       1941    1484.67 6.5446e+02  52343.336     80.849 1531914922      -0.17      0.750   38.86069  -73.11832    33.4431  1025.9311    25.7813     8.9821 0.0000e+00
     33.733     8.5996    33.3237  1026.0228     3.2620     5.6881     84.763   -0.04183    6.71048    6.71795      8.758     0.2168   12.07314   3.513440 2.5884e-01    25.8683    25.8677 1.7207e+00     34.000          1       1991    1483.21 6.6475e+02  52377.210     82.905 1531914924      -0.01      0.438   38.86068  -73.11832    33.4132  1025.9723    25.8177     8.5961 0.0000e+00
     34.733     8.2663    33.2878  1026.0498     3.2075     5.5655     82.760   -0.04274    6.72494    6.73261      8.751     0.2212   12.09724   3.478519 1.8382e-01    25.8903    25.8898 1.2302e+00     35.000          1       2021    1481.93 6.6950e+02  52403.603     84.184 1531914925       0.30      0.689   38.86068  -73.11834    33.3579  1025.9839    25.8245     8.2628 0.0000e+00
     35.728     7.8586    33.2541  1026.0882     3.1584     5.5098     81.583   -0.03687    6.75371    6.76178      8.740     0.1240   12.14504   3.440875 1.7606e-01    25.9238    25.9233 1.1984e+00     36.000          1       2056    1480.36 6.8037e+02  52453.636     85.612 1531914927      -0.16      0.748   38.86068  -73.11834    33.3427  1026.0367    25.8723     7.8551 0.0000e+00
     36.711     7.6522    33.2259  1026.1004     3.1117     5.4937     81.146   -0.02410    6.77011    6.77842      8.730     0.0763   12.17236   3.421179 1.6597e-01    25.9313    25.9308 1.1351e+00     37.000          1       2101    1479.56 6.8401e+02  52464.563     87.493 1531914929       0.18      0.429   38.86068  -73.11835    33.3273  1026.0590    25.8899     7.6487 0.0000e+00
     37.714     7.4698    33.2034  1026.1133     3.0932     5.4984     81.162   -0.01714    6.77463    6.78300      8.726     0.0705   12.17992   3.403126 1.3316e-01    25.9395    25.9390 9.2994e-01     38.000          1       2131    1478.85 6.9822e+02  52479.335     88.760 1531914930       0.05      0.759   38.86068  -73.11836    33.3061  1026.0728    25.8989     7.4662 0.0000e+00
     38.695     7.3976    33.1893  1026.1169     3.0753     5.5005     81.152   -0.01067    6.77796    6.78637      8.721     0.0528   12.18550   3.396956 1.4124e-01    25.9385    25.9380 1.0084e+00     39.000          1       2172    1478.57 7.1414e+02  52478.057     90.448 1531914932      -0.08      0.571   38.86068  -73.11838    33.3079  1026.0889    25.9104     7.3940 0.0000e+00
     39.698     7.3709    33.1812  1026.1189     3.0660     5.4967     81.080   -0.00811    6.77937    6.78779      8.720     0.0636   12.18787   3.394302 1.0104e-01    25.9358    25.9353 7.2009e-01     40.000          1       2202    1478.47 7.1271e+02  52474.027     91.722 1531914933       0.16      0.738   38.86066  -73.11838    33.3042  1026.0944    25.9113     7.3672 0.0000e+00
     40.683     7.3505    33.1746  1026.1212     3.0584     5.5015     81.147   -0.00468    6.77973    6.78815      8.717     0.0576   12.18849   3.392667 1.0573e-01    25.9335    25.9330 7.6520e-01     41.000          1       2242    1478.40 7.2370e+02  52470.614     93.394 1531914935      -0.18      0.626   38.86066  -73.11839    33.3055  1026.1028    25.9152     7.3467 0.0000e+00
     41.682     7.3419    33.1710  1026.1241     3.0537     5.4973     81.085   -0.00362    6.77965    6.78808      8.716     0.0579   12.18839   3.392027 8.3812e-02    25.9319    25.9313 6.0475e-01     42.000          1       2277    1478.38 7.2150e+02  52468.323     94.839 1531914936       0.21      0.655   38.86066  -73.11840    33.3064  1026.1093    25.9171     7.3380 0.0000e+00
     42.667     7.3411    33.1676  1026.1261     3.0493     5.4987     81.114   -0.00189    6.77894    6.78735      8.713     0.0643   12.18723   3.392248 8.0912e-02    25.9293    25.9288 6.3069e-01     43.000          1       2327    1478.39 7.7926e+02  52464.386     96.935 1531914938      -0.22      0.473   38.86065  -73.11841    33.3091  1026.1161    25.9193     7.3371 0.0000e+00
