CalculateIndicators/WaterTemperature/Data/CTD_NYOS/NY1807C27.cnv
* Sea-Bird SBE 9 Data File:
* FileName = C:\Seabird 9 CTD\Data\2018\OffshoreCruise201807\NY1807C27.hex
* Software Version Seasave V 7.23.2
* Temperature SN = 4590
* Conductivity SN = 3228
* Number of Bytes Per Scan = 44
* Number of Voltage Words = 5
* Number of Scans Averaged by the Deck Unit = 1
* NMEA Latitude = 39 24.48 N
* NMEA Longitude = 072 58.30 W
* NMEA UTC (Time) = Jul 20 2018  09:37:34
* NMEA baud rate = 4800
** Ship: RV Seawolf
** Station: NY1807C27
** Operator: jdw
# nquan = 35
# nvalues = 115                         
# units = specified
# name 0 = depSM: Depth [salt water, m]
# name 1 = t090C: Temperature [ITS-90, deg C]
# name 2 = sal00: Salinity, Practical [PSU]
# name 3 = density00: Density [density, kg/m^3]
# name 4 = sbeox0V: Oxygen raw, SBE 43 [V]
# name 5 = sbeox0ML/L: Oxygen, SBE 43 [ml/l]
# name 6 = sbeox0PS: Oxygen, SBE 43 [% saturation]
# name 7 = sbox0dV/dT: Oxygen, SBE 43 [dov/dt]
# name 8 = oxsolML/L: Oxygen Saturation, Garcia & Gordon [ml/l]
# name 9 = oxsatML/L: Oxygen Saturation, Weiss [ml/l]
# name 10 = ph: pH
# name 11 = flECO-AFL: Fluorescence, WET Labs ECO-AFL/FL [mg/m^3]
# name 12 = n2satML/L: Nitrogen Saturation [ml/l]
# name 13 = c0S/m: Conductivity [S/m]
# name 14 = cpar: CPAR/Corrected Irradiance [%]
# name 15 = sigma-é00: Density [sigma-theta, kg/m^3]
# name 16 = sigma-t00: Density [sigma-t, kg/m^3 ]
# name 17 = par: PAR/Irradiance, Biospherical/Licor
# name 18 = prDM: Pressure, Digiquartz [db]
# name 19 = pumps: Pump Status
# name 20 = scan: Scan Count
# name 21 = svCM: Sound Velocity [Chen-Millero, m/s]
# name 22 = spar: SPAR, Biospherical/Licor
# name 23 = specc: Specific Conductance [uS/cm]
# name 24 = timeS: Time, Elapsed [seconds]
# name 25 = timeY: Time, System [seconds]
# name 26 = accM: Acceleration [m/s^2]
# name 27 = dz/dtM: Descent Rate [m/s]
# name 28 = latitude: Latitude [deg]
# name 29 = longitude: Longitude [deg]
# name 30 = gsw_saA0: Absolute Salinity [g/kg]
# name 31 = gsw_densityA0: density, TEOS-10 [density, kg/m^3]
# name 32 = gsw_sigma0A0: density, TEOS-10 [sigma-0, kg/m^3 ]
# name 33 = gsw_ptA0: potential temperature [ITS-90, deg C]
# name 34 = flag: flag
# span 0 =      1.985,     58.550       
# span 1 =     7.9051,    23.7462       
# span 2 =    33.0095,    33.4727       
# span 3 =  1022.2380,  1026.0970       
# span 4 =     3.0684,     4.2106       
# span 5 =     5.2153,     7.0199       
# span 6 =     81.955,    122.097       
# span 7 =   -0.08760,    0.07224       
# span 8 =    4.89359,    6.69466       
# span 9 =    4.88172,    6.70177       
# span 10 =      8.627,      8.944      
# span 11 =     0.0445,     1.7186      
# span 12 =    9.06175,   12.04828      
# span 13 =   3.441750,   4.917417      
# span 14 = -2.032e-06, 1.5329e+01      
# span 15 =    22.2294,    25.8435      
# span 16 =    22.2293,    25.8429      
# span 17 = -5.217e-07, 6.8272e+00      
# span 18 =      2.000,     59.000      
# span 19 =          1,          1      
# span 20 =         -0,       8959      
# span 21 =    1480.64,    1529.23      
# span 22 = 2.3697e+01, 4.8166e+01      
# span 23 =  50407.867,  52314.942      
# span 24 =     -0.044,    373.233      
# span 25 = 1532079492, 1532079865      
# span 26 =      -0.54,       0.51      
# span 27 =     -0.885,      0.988      
# span 28 =   39.40671,   39.40791      
# span 29 =  -72.97172,  -72.97158      
# span 30 =    33.1840,    33.5962      
# span 31 =  1022.2439,  1026.0995      
# span 32 =    22.2354,    25.8337      
# span 33 =     7.8995,    23.7457      
# span 34 = 0.0000e+00, 0.0000e+00      
# interval = decibars: 1                
# start_time = Jul 20 2018 09:38:12 [System UTC, first data scan.]
# bad_flag = -9.990e-29
*END*
      1.986    23.7462    33.0357  1022.2380     3.7879     5.2153    106.574    0.00453    4.89359    4.88172      8.898     0.0445    9.06175   4.917417 1.5329e+01    22.2294    22.2293 3.6324e+00      2.000          1         -0    1529.23 2.3697e+01  50429.828     -0.044 1532079492       0.10     -0.001   39.40791  -72.97172    33.1946  1022.2439    22.2354    23.7457 0.0000e+00
      2.975    23.6874    33.0376  1022.2608     3.8018     5.2691    107.145    0.00543    4.91775    4.90597      8.901     0.0496    9.10192   4.910863 1.3164e+01    22.2480    22.2479 3.1195e+00      3.000          1        330    1529.10 2.3697e+01  50434.243     13.699 1532079506       0.51      0.435   39.40786  -72.97171    33.1886  1022.2608    22.2480    23.6868 0.0000e+00
      3.973    23.5577    33.0393  1022.3041     3.8102     5.2979    107.549    0.00769    4.92600    4.91425      8.902     0.0603    9.11562   4.898130 1.0917e+01    22.2870    22.2868 2.5869e+00      4.000          1        355    1528.79 2.3697e+01  50439.899     14.749 1532079507       0.01      0.746   39.40786  -72.97171    33.1887  1022.3030    22.2859    23.5569 0.0000e+00
      4.960    23.4924    33.0386  1022.3269     3.8125     5.3037    107.354    0.00113    4.94042    4.92873      8.904     0.0652    9.13954   4.891711 9.8252e+00    22.3055    22.3052 2.3283e+00      5.000          1        396    1528.64 2.3697e+01  50440.949     16.469 1532079509      -0.09      0.584   39.40786  -72.97171    33.1885  1022.3262    22.3048    23.4914 0.0000e+00
      5.954    23.3734    33.0415  1022.3678     3.8243     5.3503    108.005    0.00628    4.95374    4.94211      8.906     0.0670    9.16163   4.879745 8.4354e+00    22.3422    22.3418 1.9989e+00      6.000          1        432    1528.36 2.3697e+01  50448.253     17.974 1532079510       0.13      0.639   39.40784  -72.97170    33.1864  1022.3634    22.3377    23.3721 0.0000e+00
      6.949    23.2326    33.0479  1022.4176     3.8331     5.4536    108.394    0.00772    5.03130    5.02006      8.911     0.0795    9.29014   4.866689 7.4698e+00    22.3876    22.3872 1.7768e+00      7.000          1        467    1528.03 2.3697e+01  50460.992     19.403 1532079512      -0.04      0.715   39.40784  -72.97170    33.1922  1022.4127    22.3827    23.2312 0.0000e+00
      7.935    23.0196    33.0576  1022.4902     3.8812     5.6453    110.816    0.02245    5.09408    5.08320      8.916     0.1339    9.39402   4.844719 6.7584e+00    22.4559    22.4555 1.6575e+00      8.000          1        508    1527.51 2.3697e+01  50480.244     21.135 1532079513      -0.04      0.565   39.40784  -72.97170    33.1840  1022.4719    22.4376    23.0180 0.0000e+00
      8.929    22.1237    33.1097  1022.7867     3.9409     5.9146    114.391    0.05149    5.17062    5.16026      8.924     0.1704    9.52065   4.758917 6.2856e+00    22.7480    22.7475 1.4972e+00      9.000          1        540    1525.26 2.3697e+01  50579.337     22.447 1532079515       0.21      0.694   39.40783  -72.97170    33.1998  1022.7411    22.7024    22.1219 0.0000e+00
      9.929    21.6502    33.1526  1022.9549     3.9898     5.9836    115.430    0.03773    5.18375    5.17348      8.925     0.2287    9.54245   4.720793 5.3861e+00    22.9118    22.9113 1.2766e+00     10.000          1        567    1524.07 2.3697e+01  50654.685     23.573 1532079516       0.06      0.877   39.40782  -72.97170    33.2636  1022.9251    22.8820    21.6483 0.0000e+00
     10.916    20.8754    33.2111  1023.2137     4.0606     6.1702    118.551    0.04985    5.20466    5.19454      8.928     0.2344    9.57708   4.649058 4.6832e+00    23.1662    23.1657 1.1098e+00     11.000          1        603    1522.06 2.3697e+01  50766.623     25.095 1532079517      -0.17      0.699   39.40782  -72.97170    33.2940  1023.1626    23.1151    20.8733 0.0000e+00
     11.909    20.4686    33.2358  1023.3458     4.0762     6.1286    117.202    0.01260    5.22912    5.21919      8.932     0.2914    9.61759   4.615433 3.9591e+00    23.2939    23.2933 9.5889e-01     12.000          1        641    1521.00 2.4273e+01  50818.547     26.678 1532079519       0.05      0.627   39.40782  -72.97170    33.3417  1023.3121    23.2602    20.4664 0.0000e+00
     12.900    20.2007    33.2531  1023.4341     4.0979     6.2011    117.939    0.01165    5.25786    5.24815      8.934     0.3148    9.66523   4.591713 3.3186e+00    23.3779    23.3773 8.5187e-01     13.000          1        682    1520.30 2.5670e+01  50855.659     28.393 1532079521      -0.07      0.592   39.40782  -72.97169    33.3603  1023.4013    23.3451    20.1983 0.0000e+00
     13.889    19.9246    33.2701  1023.5237     4.1133     6.3095    118.513    0.01191    5.32395    5.31478      8.938     0.3519    9.77485   4.567235 2.9509e+00    23.4631    23.4624 7.5754e-01     14.000          1        722    1519.57 2.5672e+01  50893.207     30.044 1532079522       0.10      0.582   39.40782  -72.97168    33.3790  1023.4921    23.4315    19.9220 0.0000e+00
     14.883    19.7324    33.2800  1023.5855     4.1156     6.3568    117.941   -0.00002    5.38980    5.38119      8.940     0.3724    9.88407   4.550427 2.4992e+00    23.5205    23.5198 6.3939e-01     15.000          1        750    1519.05 2.5592e+01  50917.277     31.221 1532079523       0.20      0.770   39.40780  -72.97168    33.3937  1023.5576    23.4926    19.7297 0.0000e+00
     15.883    19.4007    33.2898  1023.6827     4.1259     6.4690    118.786    0.00847    5.44590    5.43782      8.941     0.4032    9.97678   4.516485 2.2090e+00    23.6132    23.6125 5.5128e-01     16.000          1        776    1518.15 2.4978e+01  50949.364     32.292 1532079524       0.05      0.928   39.40780  -72.97168    33.3783  1023.6356    23.5662    19.3979 0.0000e+00
     16.872    18.6029    33.3168  1023.9090     4.1305     6.5210    118.720    0.00437    5.49281    5.48518      8.938     0.4587   10.05434   4.441302 2.1931e+00    23.8350    23.8343 5.2611e-01     17.000          1        812    1515.91 2.4030e+01  51035.180     33.774 1532079526      -0.20      0.736   39.40780  -72.97168    33.3931  1023.8526    23.7786    18.5999 0.0000e+00
     17.862    17.6803    33.3813  1024.1893     4.1285     6.5625    118.364   -0.00060    5.54441    5.53730      8.940     0.5262   10.13977   4.359969 1.7307e+00    24.1107    24.1099 4.4412e-01     18.000          1        854    1513.30 2.5664e+01  51187.444     35.533 1532079528       0.01      0.565   39.40780  -72.97168    33.4551  1024.1307    24.0521    17.6773 0.0000e+00
     18.853    17.2197    33.4096  1024.3258     4.1141     6.6256    117.384   -0.00845    5.64438    5.63830      8.942     0.6391   10.30531   4.320983 1.5491e+00    24.2427    24.2420 3.9768e-01     19.000          1        898    1511.98 2.5672e+01  51261.550     37.372 1532079530      -0.04      0.544   39.40780  -72.97168    33.4991  1024.2790    24.1958    17.2166 0.0000e+00
     19.840    16.6787    33.4455  1024.4848     4.1201     6.7249    118.329    0.00295    5.68323    5.67754      8.939     0.7520   10.36991   4.271245 1.3639e+00    24.3972    24.3964 3.5015e-01     20.000          1        934    1510.41 -9.990e-29  51355.920     38.872 1532079531       0.21      0.613   39.40778  -72.97168    33.5159  1024.4232    24.3355    16.6755 0.0000e+00
     20.840    16.1681    33.4727  1024.6278     4.1273     6.7705    118.868    0.00729    5.69578    5.69022      8.940     0.8038   10.39087   4.224695 1.1056e+00    24.5355    24.5347 2.8381e-01     21.000          1        958    1508.89 -9.990e-29  51438.924     39.883 1532079532       0.24      0.876   39.40778  -72.97168    33.5339  1024.5588    24.4665    16.1648 0.0000e+00
     21.837    15.6538    33.4663  1024.7434     4.1270     6.7719    118.595    0.00304    5.71010    5.70469      8.941     0.8323   10.41482   4.176421 9.7782e-01    24.6465    24.6457 2.3952e-01     22.000          1        983    1507.31 -9.990e-29  51479.234     40.937 1532079533      -0.03      0.988   39.40778  -72.97168    33.5386  1024.6828    24.5859    15.6505 0.0000e+00
     22.825    15.5107    33.4523  1024.7690     4.1286     6.8099    118.484    0.00027    5.74745    5.74243      8.944     0.8458   10.47722   4.163568 9.4437e-01    24.6676    24.6669 2.3595e-01     23.000          1       1019    1506.86 -9.990e-29  51474.558     42.423 1532079535      -0.20      0.731   39.40778  -72.97168    33.5446  1024.7237    24.6224    15.5072 0.0000e+00
     23.817    15.2931    33.4220  1024.7982     4.1116     6.9169    117.269   -0.00902    5.89860    5.89525      8.943     0.9366   10.72848   4.140465 7.5160e-01    24.6924    24.6916 1.9285e-01     24.000          1       1065    1506.16 -9.990e-29  51455.233     44.326 1532079536      -0.06      0.530   39.40777  -72.97168    33.5216  1024.7586    24.6527    15.2894 0.0000e+00
     24.803    14.5193    33.3539  1024.9168     4.1012     7.0199    117.286   -0.00411    5.98521    5.98289      8.934     1.1152   10.87190   4.054099 6.6378e-01    24.8062    24.8055 1.7040e-01     25.000          1       1110    1503.63 2.5672e+01  51446.238     46.207 1532079538       0.11      0.509   39.40776  -72.97168    33.3973  1024.8341    24.7235    14.5156 0.0000e+00
     25.797    13.6527    33.3299  1025.0842     4.0798     7.0099    116.052   -0.01097    6.04035    6.03873      8.927     1.1315   10.96282   3.971767 5.4184e-01    24.9687    24.9680 1.3910e-01     26.000          1       1139    1500.81 2.5672e+01  51515.941     47.428 1532079540       0.22      0.738   39.40776  -72.97168    33.3846  1025.0098    24.8943    13.6491 0.0000e+00
     26.795    13.3396    33.3356  1025.1567     4.0480     6.8933    113.751   -0.02709    6.06003    6.05867      8.923     1.1652   10.99527   3.945403 4.2391e-01    25.0366    25.0359 1.0883e-01     27.000          1       1164    1499.80 2.5672e+01  51564.316     48.464 1532079541       0.11      0.924   39.40776  -72.97168    33.4101  1025.0973    24.9773    13.3359 0.0000e+00
     27.791    12.8105    33.3644  1025.2886     4.0129     6.8460    112.359   -0.02921    6.09308    6.09215      8.920     1.2085   11.04972   3.898017 3.8493e-01    25.1638    25.1630 9.8817e-02     28.000          1       1194    1498.08 2.5672e+01  51676.497     49.692 1532079542      -0.14      0.885   39.40776  -72.97168    33.4259  1025.2188    25.0940    12.8068 0.0000e+00
     28.775    12.3822    33.4062  1025.4089     3.9456     6.8842    109.601   -0.03337    6.28176    6.28327      8.893     1.5845   11.36243   3.865260 3.3086e-01    25.2795    25.2787 8.4938e-02     29.000          1       1240    1496.70 2.5672e+01  51796.047     51.635 1532079544      -0.13      0.507   39.40775  -72.97168    33.4917  1025.3573    25.2278    12.3784 0.0000e+00
     29.767    11.7074    33.4235  1025.5536     3.8087     6.4226    101.113   -0.07823    6.35190    6.35434      8.849     1.5012   11.47861   3.799034 2.4532e-01    25.4192    25.4185 6.2978e-02     30.000          1       1282    1494.42 2.5672e+01  51925.290     53.370 1532079546       0.16      0.560   39.40774  -72.97168    33.4513  1025.4568    25.3225    11.7036 0.0000e+00
     30.761    10.6769    33.3955  1025.7232     3.6973     6.1319     96.432   -0.08760    6.35879    6.36132      8.840     1.3909   11.49013   3.702958 1.7177e-01    25.5837    25.5830 4.4096e-02     31.000          1       1313    1490.81 2.5672e+01  52059.324     54.686 1532079547       0.08      0.737   39.40774  -72.97168    33.4339  1025.6341    25.4945    10.6733 0.0000e+00
     31.755    10.2549    33.3882  1025.7953     3.6242     6.0742     95.401   -0.06900    6.36698    6.36961      8.840     1.3712   11.50375   3.666623 1.2234e-01    25.6510    25.6504 3.1407e-02     32.000          1       1343    1489.31 2.5672e+01  52126.767     55.903 1532079548       0.05      0.803   39.40774  -72.97168    33.4544  1025.7275    25.5831    10.2512 0.0000e+00
     32.750    10.1723    33.3792  1025.8070     3.5779     6.1517     96.209   -0.03960    6.39411    6.39710      8.836     1.3122   11.54882   3.660070 8.9012e-02    25.6581    25.6574 2.2851e-02     33.000          1       1376    1489.02 2.5672e+01  52130.149     57.297 1532079549      -0.13      0.763   39.40773  -72.97168    33.4637  1025.7533    25.6044    10.1685 0.0000e+00
     33.736    10.0868    33.3679  1025.8172     3.5262     6.1465     95.418   -0.02733    6.44168    6.44532      8.822     1.1559   11.62780   3.652280 6.3349e-02    25.6637    25.6631 1.6375e-02     34.000          1       1420    1488.72 2.5672e+01  52131.072     59.125 1532079551      -0.01      0.522   39.40772  -72.97168    33.4629  1025.7716    25.6182    10.0830 0.0000e+00
     34.731     9.8501    33.3487  1025.8464     3.4782     6.0321     93.345   -0.03200    6.46221    6.46612      8.812     1.0013   11.66194   3.628443 1.7253e-02    25.6883    25.6876 4.4767e-03     35.000          1       1456    1487.85 -9.990e-29  52150.638     60.614 1532079553       0.09      0.655   39.40772  -72.97166    33.4381  1025.7965    25.6383     9.8462 0.0000e+00
     35.722     9.5938    33.3305  1025.8792     3.4388     5.9714     92.178   -0.02953    6.47813    6.48225      8.807     0.9797   11.68841   3.604533 1.1455e-03    25.7163    25.7157 2.9336e-04     36.000          1       1489    1486.92 2.5672e+01  52176.421     62.000 1532079554       0.03      0.710   39.40772  -72.97166    33.4301  1025.8371    25.6742     9.5898 0.0000e+00
     36.719     9.4616    33.3159  1025.8940     3.4038     5.9308     91.253   -0.02606    6.49933    6.50374      8.803     0.9561   11.72366   3.591904 1.3015e-03    25.7265    25.7258 3.3412e-04     37.000          1       1522    1486.43 2.5672e+01  52183.394     63.376 1532079556      -0.03      0.741   39.40770  -72.97168    33.4224  1025.8572    25.6897     9.4576 0.0000e+00
     37.706     9.3193    33.2987  1025.9082     3.3659     5.9050     90.379   -0.02093    6.53359    6.53847      8.790     0.7392   11.78057   3.578100 7.8891e-05    25.7360    25.7353 2.0253e-05     38.000          1       1566    1485.91 2.6955e+01  52189.031     65.199 1532079557      -0.10      0.550   39.40770  -72.97167    33.4118  1025.8765    25.7043     9.3152 0.0000e+00
     38.698     9.1202    33.2786  1025.9289     3.3299     5.8572     89.055   -0.02176    6.57717    6.58265      8.780     0.6417   11.85293   3.558114 -2.032e-06    25.7520    25.7513 -5.217e-07     39.000          1       1605    1485.17 2.7659e+01  52203.122     66.821 1532079559       0.15      0.591   39.40770  -72.97166    33.3897  1025.8957    25.7188     9.1161 0.0000e+00
     39.694     8.9680    33.2639  1025.9461     3.2940     5.8096     87.439   -0.02576    6.64437    6.65080      8.767     0.4744   11.96443   3.543555 3.6916e-12    25.7645    25.7639 1.0000e-12     40.000          1       1636    1484.61 2.7117e+01  52215.671     68.142 1532079560       0.04      0.746   39.40770  -72.97166    33.3799  1025.9166    25.7350     8.9638 0.0000e+00
     40.684     8.7078    33.2397  1025.9722     3.2445     5.6729     85.097   -0.03238    6.66640    6.67315      8.749     0.3056   12.00100   3.516760 3.8929e-12    25.7859    25.7852 1.0000e-12     41.000          1       1672    1483.63 2.5689e+01  52239.173     69.628 1532079562      -0.07      0.691   39.40769  -72.97166    33.3428  1025.9326    25.7462     8.7036 0.0000e+00
     41.680     8.2424    33.2032  1026.0189     3.1877     5.5477     83.074   -0.03273    6.67808    6.68498      8.739     0.2537   12.02044   3.472017 3.7589e-12    25.8275    25.8269 1.0000e-12     42.000          1       1714    1481.85 2.5672e+01  52294.132     71.370 1532079564      -0.12      0.602   39.40768  -72.97166    33.3080  1025.9805    25.7891     8.2382 0.0000e+00
