CalculateIndicators/WaterTemperature/Data/CTD_NYOS/NY1807C13.cnv
* Sea-Bird SBE 9 Data File:
* FileName = C:\Seabird 9 CTD\Data\2018\OffshoreCruise201807\NY1807C13.hex
* Software Version Seasave V 7.23.2
* Temperature SN = 4590
* Conductivity SN = 3228
* Number of Bytes Per Scan = 44
* Number of Voltage Words = 5
* Number of Scans Averaged by the Deck Unit = 1
* NMEA Latitude = 40 01.80 N
* NMEA Longitude = 072 51.04 W
* NMEA UTC (Time) = Jul 17 2018  06:48:35
* NMEA baud rate = 4800
** Ship: RV Seawolf
** Station: NY1807C13
** Operator: jdw
# nquan = 35
# nvalues = 92                          
# units = specified
# name 0 = depSM: Depth [salt water, m]
# name 1 = t090C: Temperature [ITS-90, deg C]
# name 2 = sal00: Salinity, Practical [PSU]
# name 3 = density00: Density [density, kg/m^3]
# name 4 = sbeox0V: Oxygen raw, SBE 43 [V]
# name 5 = sbeox0ML/L: Oxygen, SBE 43 [ml/l]
# name 6 = sbeox0PS: Oxygen, SBE 43 [% saturation]
# name 7 = sbox0dV/dT: Oxygen, SBE 43 [dov/dt]
# name 8 = oxsolML/L: Oxygen Saturation, Garcia & Gordon [ml/l]
# name 9 = oxsatML/L: Oxygen Saturation, Weiss [ml/l]
# name 10 = ph: pH
# name 11 = flECO-AFL: Fluorescence, WET Labs ECO-AFL/FL [mg/m^3]
# name 12 = n2satML/L: Nitrogen Saturation [ml/l]
# name 13 = c0S/m: Conductivity [S/m]
# name 14 = cpar: CPAR/Corrected Irradiance [%]
# name 15 = sigma-é00: Density [sigma-theta, kg/m^3]
# name 16 = sigma-t00: Density [sigma-t, kg/m^3 ]
# name 17 = par: PAR/Irradiance, Biospherical/Licor
# name 18 = prDM: Pressure, Digiquartz [db]
# name 19 = pumps: Pump Status
# name 20 = scan: Scan Count
# name 21 = svCM: Sound Velocity [Chen-Millero, m/s]
# name 22 = spar: SPAR, Biospherical/Licor
# name 23 = specc: Specific Conductance [uS/cm]
# name 24 = timeS: Time, Elapsed [seconds]
# name 25 = timeY: Time, System [seconds]
# name 26 = accM: Acceleration [m/s^2]
# name 27 = dz/dtM: Descent Rate [m/s]
# name 28 = latitude: Latitude [deg]
# name 29 = longitude: Longitude [deg]
# name 30 = gsw_saA0: Absolute Salinity [g/kg]
# name 31 = gsw_densityA0: density, TEOS-10 [density, kg/m^3]
# name 32 = gsw_sigma0A0: density, TEOS-10 [sigma-0, kg/m^3 ]
# name 33 = gsw_ptA0: potential temperature [ITS-90, deg C]
# name 34 = flag: flag
# span 0 =      0.963,     48.627       
# span 1 =     7.6274,    22.1754       
# span 2 =    31.0881,    32.9053       
# span 3 =  1021.2049,  1025.8996       
# span 4 =     2.9910,     4.3301       
# span 5 =     4.8681,     7.3626       
# span 6 =     73.828,    129.021       
# span 7 =   -0.11741,    0.10662       
# span 8 =    5.06759,    6.74750       
# span 9 =    5.05594,    6.75513       
# span 10 =      8.569,      8.863      
# span 11 =     0.1031,     1.5244      
# span 12 =    9.37093,   12.13857      
# span 13 =   3.393844,   4.516457      
# span 14 = 2.3185e-11, 9.2418e+00      
# span 15 =    21.2004,    25.6784      
# span 16 =    21.2003,    25.6779      
# span 17 = 1.0000e-12, 3.8570e-01      
# span 18 =      1.000,     49.000      
# span 19 =          1,          1      
# span 20 =          6,       8486      
# span 21 =    1479.13,    1523.12      
# span 22 = 3.9495e+00, 3.9495e+00      
# span 23 =  47805.546,  52011.053      
# span 24 =      0.204,    353.550      
# span 25 = 1531810233, 1531810587      
# span 26 =      -0.77,       0.51      
# span 27 =     -1.251,      0.917      
# span 28 =   40.03006,   40.03012      
# span 29 =  -72.85002,  -72.84803      
# span 30 =    31.2359,    33.0527      
# span 31 =  1021.2099,  1025.9018      
# span 32 =    21.2056,    25.6783      
# span 33 =     7.6228,    22.1752      
# span 34 = 0.0000e+00, 0.0000e+00      
# interval = decibars: 1                
# start_time = Jul 17 2018 06:50:33 [System UTC, first data scan.]
# bad_flag = -9.990e-29
*END*
      5.962    22.1662    31.1014  1021.2390     3.8330     5.4898    108.335    0.00707    5.06759    5.05594      8.794     0.2909    9.37093   4.512005 2.3492e-11    21.2131    21.2128 1.0000e-12      6.000          1          6    1523.12 3.9495e+00  47825.767      0.204 1531810233       0.22      0.301   40.03006  -72.85002    31.2486  1021.2439    21.2181    22.1650 0.0000e+00
      6.939    22.1255    31.1332  1021.2786     3.8469     5.6574    108.742    0.00482    5.20241    5.19180      8.808     0.2752    9.58868   4.512338 2.4876e-11    21.2485    21.2481 1.0000e-12      7.000          1         80    1523.06 3.9495e+00  47870.944      3.308 1531810236       0.11      0.262   40.03006  -72.85000    31.2802  1021.2833    21.2531    22.1242 0.0000e+00
      7.937    21.9360    31.3022  1021.4633     3.8786     5.8337    110.234    0.01217    5.29212    5.28225      8.825     0.3338    9.73411   4.516457 2.3187e-11    21.4288    21.4284 1.0000e-12      8.000          1        115    1522.76 3.9495e+00  48110.125      4.754 1531810238       0.07      0.647   40.03006  -72.85000    31.4489  1021.4671    21.4326    21.9345 0.0000e+00
      8.925    20.9908    31.6628  1021.9956     3.9763     6.1858    116.910    0.07432    5.29104    5.28116      8.831     0.3620    9.73212   4.462413 2.4723e-11    21.9567    21.9563 1.0000e-12      9.000          1        147    1520.62 3.9495e+00  48641.163      6.067 1531810239       0.15      0.700   40.03006  -72.84999    31.7177  1021.9291    21.8901    20.9891 0.0000e+00
      9.934    19.8861    32.0115  1022.5564     4.0168     6.2419    117.114    0.05069    5.33009    5.32055      8.838     0.3688    9.79671   4.408512 2.4573e-11    22.5130    22.5125 1.0000e-12     10.000          1        174    1517.98 3.9495e+00  49169.707      7.216 1531810240       0.04      0.865   40.03006  -72.84998    32.1159  1022.5262    22.4828    19.8843 0.0000e+00
     10.900    19.4627    32.1732  1022.7932     4.0265     6.6556    113.998   -0.01205    5.83716    5.83233      8.854     0.6930   10.63963   4.386705 2.3919e-11    22.7455    22.7450 1.0000e-12     11.000          1        250    1516.99 3.9495e+00  49412.891     10.371 1531810244       0.47      0.104   40.03006  -72.84996    32.2613  1022.7502    22.7023    19.4607 0.0000e+00
     11.911    18.1431    32.1526  1023.1078     4.0679     6.8261    117.647    0.02226    5.80210    5.79694      8.858     0.6403   10.58154   4.244546 2.5276e-11    23.0553    23.0549 1.0000e-12     12.000          1        271    1513.15 3.9495e+00  49466.833     11.253 1531810244       0.40      0.819   40.03006  -72.84996    32.1000  1022.9576    22.9052    18.1411 0.0000e+00
     12.911    15.6017    32.1390  1023.6907     4.1083     7.1684    120.325    0.03884    5.95744    5.95412      8.863     0.6403   10.83777   4.010210 2.5070e-11    23.6332    23.6328 1.0000e-12     13.000          1        299    1505.43 3.9495e+00  49650.549     12.437 1531810246      -0.05      0.881   40.03006  -72.84994    32.0969  1023.5475    23.4902    15.5997 0.0000e+00
     13.880    14.2263    32.1843  1024.0265     4.1072     7.3626    117.739    0.00007    6.25267    6.25311      8.858     0.7056   11.32363   3.890321 2.3920e-11    23.9645    23.9640 1.0000e-12     14.000          1        366    1501.12 3.9495e+00  49852.809     15.206 1531810248       0.31      0.157   40.03006  -72.84993    32.1431  1023.8830    23.8209    14.2243 0.0000e+00
     14.886    12.4669    32.4996  1024.6265     4.0633     7.1708    114.732   -0.01853    6.25014    6.25057      8.832     0.6935   11.31910   3.766232 2.4701e-11    24.5594    24.5591 1.0000e-12     15.000          1        390    1495.68 3.9495e+00  50513.881     16.207 1531810249       0.35      0.787   40.03006  -72.84992    32.4700  1024.4895    24.4224    12.4650 0.0000e+00
     15.876    11.5987    32.5866  1024.8611     3.9889     6.8344    108.883   -0.05975    6.27686    6.27765      8.837     0.7123   11.36329   3.697151 2.5319e-11    24.7893    24.7890 1.0000e-12     16.000          1        420    1492.82 3.9495e+00  50763.971     17.456 1531810251      -0.14      0.862   40.03006  -72.84990    32.5559  1024.7222    24.6504    11.5967 0.0000e+00
     16.872    11.2180    32.5932  1024.9399     3.9670     6.9823    110.637   -0.02791    6.31083    6.31203      8.847     0.7580   11.41993   3.668998 2.5212e-11    24.8635    24.8631 1.0000e-12     17.000          1        450    1491.51 3.9495e+00  50834.171     18.701 1531810252       0.09      0.758   40.03006  -72.84990    32.6143  1024.8407    24.7642    11.2160 0.0000e+00
     17.860    10.9656    32.6224  1025.0119     3.8614     6.7423    105.042   -0.05052    6.41935    6.42197      8.790     0.9518   11.59984   3.650431 2.4808e-11    24.9309    24.9305 1.0000e-12     18.000          1        496    1490.68 3.9495e+00  50917.691     20.626 1531810254      -0.24      0.536   40.03006  -72.84989    32.6538  1024.9204    24.8394    10.9635 0.0000e+00
     18.853    10.3200    32.5571  1025.0772     3.6653     5.9642     92.593   -0.11741    6.44127    6.44418      8.773     0.8998   11.63605   3.584040 2.5325e-11    24.9914    24.9910 1.0000e-12     19.000          1        538    1488.32 3.9495e+00  50938.615     22.394 1531810256       0.51      0.518   40.03006  -72.84988    32.5645  1024.9668    24.8810    10.3178 0.0000e+00
     19.846     9.9894    32.5767  1025.1528     3.5641     5.8300     90.061   -0.10453    6.47340    6.47675      8.774     0.8896   11.68931   3.560860 2.3185e-11    25.0623    25.0620 1.0000e-12     20.000          1        565    1487.17 3.9495e+00  51027.887     23.490 1531810257       0.10      0.907   40.03006  -72.84986    32.6266  1025.0751    24.9847     9.9872 0.0000e+00
     20.839     9.7803    32.5746  1025.1902     3.4386     5.7504     88.637   -0.06920    6.48753    6.49114      8.741     1.0271   11.71185   3.543493 2.5251e-11    25.0952    25.0948 1.0000e-12     21.000          1        609    1486.43 3.9495e+00  51065.072     25.339 1531810258      -0.27      0.548   40.03006  -72.84986    32.6381  1025.1230    25.0279     9.7780 0.0000e+00
     21.828     9.4674    32.5779  1025.2482     3.3849     5.7728     89.093   -0.04188    6.47957    6.48309      8.759     1.1495   11.69843   3.517150 2.5322e-11    25.1485    25.1481 1.0000e-12     22.000          1        648    1485.31 3.9495e+00  51132.040     26.952 1531810260       0.40      0.604   40.03006  -72.84985    32.6515  1025.1886    25.0889     9.4650 0.0000e+00
     22.828     9.4594    32.6369  1025.3001     3.4258     6.2216     95.553    0.01679    6.51074    6.51468      8.768     1.1320   11.75023   3.525070 2.4756e-11    25.1958    25.1954 1.0000e-12     23.000          1        675    1485.37 3.9495e+00  51217.278     28.087 1531810261       0.07      0.864   40.03006  -72.84984    32.7401  1025.2633    25.1590     9.4569 0.0000e+00
     23.813     9.5095    32.6613  1025.3157     3.4345     6.2934     95.801    0.01546    6.56948    6.57421      8.736     1.5244   11.84774   3.532113 2.4397e-11    25.2069    25.2065 1.0000e-12     24.000          1        714    1485.59 3.9495e+00  51242.377     29.713 1531810263      -0.20      0.654   40.03006  -72.84984    32.7665  1025.2804    25.1716     9.5069 0.0000e+00
     24.807     9.2267    32.6363  1025.3459     3.2900     5.4199     82.193   -0.08198    6.59431    6.59941      8.694     1.1980   11.88860   3.502618 2.4295e-11    25.2324    25.2320 1.0000e-12     25.000          1        752    1484.54 3.9495e+00  51265.018     31.294 1531810264       0.13      0.616   40.03006  -72.84982    32.7198  1025.2935    25.1801     9.2241 0.0000e+00
     25.797     8.8889    32.6115  1025.3841     3.1304     4.8681     73.828   -0.11343    6.59383    6.59899      8.677     0.6247   11.88697   3.472126 2.3988e-11    25.2659    25.2655 1.0000e-12     26.000          1        788    1483.28 3.9495e+00  51300.739     32.775 1531810266      -0.04      0.685   40.03006  -72.84981    32.7123  1025.3451    25.2269     8.8862 0.0000e+00
     26.793     8.7309    32.6180  1025.4181     3.1041     5.1999     78.788   -0.04679    6.59968    6.60492      8.694     0.5586   11.89673   3.459777 2.4910e-11    25.2952    25.2948 1.0000e-12     27.000          1        820    1482.72 3.9495e+00  51344.566     34.123 1531810267       0.09      0.714   40.03006  -72.84980    32.7283  1025.3864    25.2635     8.7281 0.0000e+00
     27.785     8.7099    32.6918  1025.4837     3.1787     5.9001     89.151    0.04028    6.61789    6.62341      8.719     0.4405   11.92653   3.465794 2.4774e-11    25.3562    25.3558 1.0000e-12     28.000          1        857    1482.75 3.9495e+00  51455.157     35.681 1531810269      -0.13      0.675   40.03006  -72.84980    32.8104  1025.4581    25.3308     8.7071 0.0000e+00
     28.769     8.6617    32.6916  1025.4953     3.2425     6.0379     91.112    0.03689    6.62687    6.63253      8.733     0.4799   11.94127   3.462249 2.5049e-11    25.3634    25.3629 1.0000e-12     29.000          1        898    1482.58 3.9495e+00  51463.860     37.375 1531810271       0.14      0.538   40.03006  -72.84978    32.8174  1025.4755    25.3435     8.6588 0.0000e+00
     29.770     8.5552    32.7121  1025.5322     3.2834     6.1444     92.636    0.03769    6.63285    6.63862      8.735     0.4131   11.95089   3.454377 2.5321e-11    25.3956    25.3952 1.0000e-12     30.000          1        925    1482.23 3.9495e+00  51518.317     38.481 1531810272       0.22      0.815   40.03006  -72.84978    32.8330  1025.5084    25.3718     8.5522 0.0000e+00
     30.760     8.4692    32.7326  1025.5659     3.3212     6.1569     92.644    0.02254    6.64578    6.65177      8.738     0.3832   11.97189   3.449771 2.5040e-11    25.4247    25.4242 1.0000e-12     31.000          1        970    1481.94 3.9495e+00  51567.221     40.361 1531810274      -0.27      0.553   40.03006  -72.84976    32.8639  1025.5500    25.4088     8.4661 0.0000e+00
     31.751     8.3728    32.7637  1025.6093     3.3521     6.2189     93.322    0.01758    6.66389    6.67018      8.739     0.3175   12.00149   3.444348 2.5321e-11    25.4635    25.4630 1.0000e-12     32.000          1       1013    1481.64 3.9495e+00  51633.781     42.172 1531810275       0.49      0.533   40.03006  -72.84976    32.8961  1025.5941    25.4483     8.3696 0.0000e+00
     32.749     8.3401    32.7778  1025.6298     3.3613     6.2231     93.067    0.01081    6.68673    6.69339      8.738     0.2467   12.03881   3.443170 2.5064e-11    25.4794    25.4789 1.0000e-12     33.000          1       1040    1481.55 3.9495e+00  51661.735     43.288 1531810276       0.09      0.880   40.03006  -72.84974    32.9136  1025.6173    25.4669     8.3368 0.0000e+00
     33.733     8.2787    32.7930  1025.6554     3.3657     6.2083     92.656    0.00444    6.70035    6.70724      8.734     0.2647   12.06106   3.438933 2.4777e-11    25.5004    25.4999 1.0000e-12     34.000          1       1073    1481.35 3.9495e+00  51697.847     44.669 1531810278      -0.16      0.766   40.03006  -72.84974    32.9256  1025.6403    25.4853     8.2753 0.0000e+00
     34.734     8.0711    32.8363  1025.7247     3.3411     6.0756     90.440   -0.01046    6.71811    6.72528      8.713     0.2725   12.09015   3.424593 2.4940e-11    25.5649    25.5645 1.0000e-12     35.000          1       1110    1480.64 3.9495e+00  51808.448     46.188 1531810279      -0.09      0.677   40.03006  -72.84974    32.9673  1025.7080    25.5483     8.0677 0.0000e+00
     35.706     7.8836    32.8777  1025.7891     3.2333     5.6020     83.047   -0.04961    6.74534    6.75294      8.654     0.2890   12.13488   3.412155 2.4791e-11    25.6247    25.6242 1.0000e-12     36.000          1       1173    1479.99 3.9495e+00  51912.191     48.834 1531810282       0.28      0.185   40.03006  -72.84972    33.0104  1025.7735    25.6091     7.8801 0.0000e+00
     36.714     7.7444    32.8969  1025.8288     3.1602     5.3152     78.885   -0.06678    6.73788    6.74536      8.654     0.1867   12.12264   3.401504 2.4993e-11    25.6597    25.6592 1.0000e-12     37.000          1       1196    1479.50 3.9495e+00  51973.997     49.797 1531810283       0.37      0.799   40.03006  -72.84971    33.0272  1025.8112    25.6421     7.7409 0.0000e+00
     37.715     7.6682    32.9053  1025.8510     3.1017     5.2158     77.342   -0.06128    6.74384    6.75141      8.652     0.1456   12.13246   3.396120 2.5309e-11    25.6772    25.6767 1.0000e-12     38.000          1       1223    1479.24 3.9495e+00  52005.218     50.899 1531810284      -0.00      0.917   40.03006  -72.84970    33.0409  1025.8374    25.6636     7.6646 0.0000e+00
     38.689     7.6742    32.9020  1025.8520     3.0447     5.3178     78.836   -0.02385    6.74545    6.75305      8.640     0.1031   12.13513   3.397040 2.5320e-11    25.6737    25.6732 1.0000e-12     39.000          1       1273    1479.27 3.9495e+00  51999.653     53.009 1531810286      -0.23      0.419   40.03006  -72.84970    33.0447  1025.8441    25.6658     7.6705 0.0000e+00
     39.692     7.6469    32.9030  1025.8613     3.0267     5.3162     78.812   -0.01737    6.74535    6.75294      8.638     0.1162   12.13498   3.394869 2.5022e-11    25.6784    25.6779 1.0000e-12     40.000          1       1304    1479.19 3.9495e+00  52008.451     54.293 1531810287       0.34      0.714   40.03006  -72.84968    33.0466  1025.8541    25.6712     7.6431 0.0000e+00
     40.684     7.6408    32.9019  1025.8659     3.0120     5.3235     78.914   -0.01085    6.74584    6.75344      8.637     0.1503   12.13578   3.394501 2.5316e-11    25.6784    25.6779 1.0000e-12     41.000          1       1340    1479.18 3.9495e+00  52009.115     55.773 1531810289      -0.18      0.731   40.03006  -72.84968    33.0480  1025.8606    25.6731     7.6370 0.0000e+00
     41.671     7.6407    32.9009  1025.8697     3.0013     5.3226     78.900   -0.00705    6.74598    6.75358      8.635     0.1330   12.13602   3.394638 2.5320e-11    25.6777    25.6771 1.0000e-12     42.000          1       1379    1479.19 3.9495e+00  52008.378     57.405 1531810291       0.11      0.580   40.03006  -72.84966    33.0491  1025.8660    25.6740     7.6368 0.0000e+00
     42.670     7.6375    32.9013  1025.8751     3.0006     5.3548     79.377   -0.00183    6.74611    6.75372      8.634     0.1191   12.13626   3.394552 2.5100e-11    25.6784    25.6778 1.0000e-12     43.000          1       1412    1479.20 3.9495e+00  52010.334     58.780 1531810292       0.01      0.726   40.03006  -72.84966    33.0508  1025.8724    25.6758     7.6335 0.0000e+00
     43.651     7.6367    32.9009  1025.8794     3.0009     5.3722     79.631    0.00070    6.74634    6.75395      8.634     0.1521   12.13664   3.394624 2.5336e-11    25.6782    25.6777 1.0000e-12     44.000          1       1453    1479.21 3.9495e+00  52010.609     60.485 1531810294      -0.08      0.573   40.03006  -72.84964    33.0518  1025.8779    25.6767     7.6326 0.0000e+00
     44.651     7.6362    32.9001  1025.8835     2.9967     5.3413     79.171   -0.00266    6.74661    6.75422      8.631     0.1144   12.13710   3.394620 2.5320e-11    25.6777    25.6771 1.0000e-12     45.000          1       1482    1479.22 3.9495e+00  52010.255     61.690 1531810295       0.25      0.742   40.03006  -72.84964    33.0518  1025.8825    25.6768     7.6320 0.0000e+00
     45.650     7.6342    32.8987  1025.8873     2.9945     5.3444     79.213   -0.00150    6.74679    6.75441      8.628     0.1153   12.13740   3.394464 2.5118e-11    25.6769    25.6763 1.0000e-12     46.000          1       1540    1479.23 3.9495e+00  52009.536     64.108 1531810297       0.26      0.450   40.03006  -72.84963    33.0516  1025.8872    25.6769     7.6298 0.0000e+00
