CalculateIndicators/WaterTemperature/Data/CTD_NYOS/NY1807C19.cnv
* Sea-Bird SBE 9 Data File:
* FileName = C:\Seabird 9 CTD\Data\2018\OffshoreCruise201807\NY1807C19.hex
* Software Version Seasave V 7.23.2
* Temperature SN = 4590
* Conductivity SN = 3228
* Number of Bytes Per Scan = 44
* Number of Voltage Words = 5
* Number of Scans Averaged by the Deck Unit = 1
* NMEA Latitude = 38 51.66 N
* NMEA Longitude = 073 07.05 W
* NMEA UTC (Time) = Jul 18 2018  11:53:14
* NMEA baud rate = 4800
** Ship: RV Seawolf
** Station: NY1807C19
** Operator: jdw
# nquan = 35
# nvalues = 144                         
# units = specified
# name 0 = depSM: Depth [salt water, m]
# name 1 = t090C: Temperature [ITS-90, deg C]
# name 2 = sal00: Salinity, Practical [PSU]
# name 3 = density00: Density [density, kg/m^3]
# name 4 = sbeox0V: Oxygen raw, SBE 43 [V]
# name 5 = sbeox0ML/L: Oxygen, SBE 43 [ml/l]
# name 6 = sbeox0PS: Oxygen, SBE 43 [% saturation]
# name 7 = sbox0dV/dT: Oxygen, SBE 43 [dov/dt]
# name 8 = oxsolML/L: Oxygen Saturation, Garcia & Gordon [ml/l]
# name 9 = oxsatML/L: Oxygen Saturation, Weiss [ml/l]
# name 10 = ph: pH
# name 11 = flECO-AFL: Fluorescence, WET Labs ECO-AFL/FL [mg/m^3]
# name 12 = n2satML/L: Nitrogen Saturation [ml/l]
# name 13 = c0S/m: Conductivity [S/m]
# name 14 = cpar: CPAR/Corrected Irradiance [%]
# name 15 = sigma-é00: Density [sigma-theta, kg/m^3]
# name 16 = sigma-t00: Density [sigma-t, kg/m^3 ]
# name 17 = par: PAR/Irradiance, Biospherical/Licor
# name 18 = prDM: Pressure, Digiquartz [db]
# name 19 = pumps: Pump Status
# name 20 = scan: Scan Count
# name 21 = svCM: Sound Velocity [Chen-Millero, m/s]
# name 22 = spar: SPAR, Biospherical/Licor
# name 23 = specc: Specific Conductance [uS/cm]
# name 24 = timeS: Time, Elapsed [seconds]
# name 25 = timeY: Time, System [seconds]
# name 26 = accM: Acceleration [m/s^2]
# name 27 = dz/dtM: Descent Rate [m/s]
# name 28 = latitude: Latitude [deg]
# name 29 = longitude: Longitude [deg]
# name 30 = gsw_saA0: Absolute Salinity [g/kg]
# name 31 = gsw_densityA0: density, TEOS-10 [density, kg/m^3]
# name 32 = gsw_sigma0A0: density, TEOS-10 [sigma-0, kg/m^3 ]
# name 33 = gsw_ptA0: potential temperature [ITS-90, deg C]
# name 34 = flag: flag
# span 0 =      1.918,     73.438       
# span 1 =     7.3103,    23.8931       
# span 2 =    32.2274,    34.0337       
# span 3 =  1021.6017,  1026.2824       
# span 4 =     3.0162,     4.2428       
# span 5 =     5.0250,     6.6902       
# span 6 =     80.152,    124.009       
# span 7 =   -0.06199,    0.06626       
# span 8 =    4.90446,    6.78482       
# span 9 =    4.89247,    6.79331       
# span 10 =      8.586,      8.965      
# span 11 =     0.0084,     0.9472      
# span 12 =    9.08692,   12.19701      
# span 13 =   3.390876,   4.832784      
# span 14 = 1.2011e-13, 2.5479e+01      
# span 15 =    21.5864,    25.9441      
# span 16 =    21.5862,    25.9431      
# span 17 = 1.0000e-12, 2.2812e+02      
# span 18 =      2.000,     74.000      
# span 19 =          1,          1      
# span 20 =       -176,      11624      
# span 21 =    1478.38,    1528.83      
# span 22 = 5.8272e+02, 1.3200e+03      
# span 23 =  49326.436,  52511.006      
# span 24 =     -7.375,    484.286      
# span 25 = 1531914834, 1531915326      
# span 26 =      -1.09,       0.66      
# span 27 =     -1.236,      0.948      
# span 28 =   38.85966,   38.86099      
# span 29 =  -73.12040,  -73.11780      
# span 30 =    32.3926,    34.1664      
# span 31 =  1021.6110,  1026.2867      
# span 32 =    21.5979,    25.9484      
# span 33 =     7.3047,    23.8925      
# span 34 = 0.0000e+00, 0.0000e+00      
# interval = decibars: 1                
# start_time = Jul 18 2018 11:54:01 [System UTC, first data scan.]
# bad_flag = -9.990e-29
*END*
[from data line 83]
     61.527     7.3140    33.1581  1026.2097     3.0189     5.4509     80.341   -0.00042    6.78464    6.79313 -9.990e-29     0.0098   12.19675   3.391166 1.1083e-03    25.9259    25.9251 8.1008e-03     62.000          1       5471    1478.58 7.2900e+02  52470.795    227.935 1531915069      -0.62     -0.605   38.86030  -73.11916    33.3143  1026.2111    25.9273     7.3082 0.0000e+00
     60.516     7.3121    33.1579  1026.2051     3.0194     5.4562     80.420    0.00029    6.78458    6.79308 -9.990e-29     0.0099   12.19666   3.390944 3.1420e-03    25.9260    25.9252 2.3058e-02     61.000          1       5493    1478.56 7.3352e+02  52470.301    228.831 1531915070      -0.23     -1.047   38.86030  -73.11918    33.3141  1026.2067    25.9275     7.3065 0.0000e+00
     59.548     7.3118    33.1575  1026.2004     3.0183     5.4466     80.290   -0.00051    6.78364    6.79211      8.600     0.0102   12.19508   3.390876 3.6443e-03    25.9257    25.9249 2.6038e-02     60.000          1       5550    1478.54 7.1354e+02  52469.139    231.211 1531915072       0.40     -0.318   38.86028  -73.11918    33.3142  1026.2022    25.9275     7.3062 0.0000e+00
     58.538     7.3143    33.1576  1026.1954     3.0191     5.4538     80.401    0.00041    6.78324    6.79171      8.599     0.0095   12.19443   3.391087 6.3209e-03    25.9254    25.9246 4.5975e-02     59.000          1       5582    1478.54 7.2716e+02  52467.864    232.533 1531915074      -0.52     -0.688   38.86028  -73.11920    33.3145  1026.1975    25.9274     7.3089 0.0000e+00
     57.558     7.3201    33.1581  1026.1904     3.0195     5.4509     80.377    0.00019    6.78171    6.79015      8.598     0.0115   12.19188   3.391618 7.7895e-03    25.9249    25.9242 5.5969e-02     58.000          1       5642    1478.54 7.1850e+02  52466.441    235.034 1531915076      -0.19     -0.375   38.86028  -73.11920    33.3152  1026.1927    25.9272     7.3147 0.0000e+00
     56.548     7.3259    33.1586  1026.1854     3.0196     5.4504     80.372    0.00006    6.78151    6.78996      8.598     0.0218   12.19156   3.392178 1.0173e-02    25.9245    25.9238 7.2819e-02     57.000          1       5676    1478.55 7.1593e+02  52464.980    236.450 1531915078      -0.54     -0.787   38.86028  -73.11920    33.3162  1026.1880    25.9272     7.3206 0.0000e+00
     55.562     7.3321    33.1587  1026.1800     3.0207     5.4572     80.484    0.00094    6.78042    6.78885      8.598     0.0129   12.18976   3.392705 1.3031e-02    25.9238    25.9231 9.5624e-02     56.000          1       6286    1478.55 7.3132e+02  52462.873    261.894 1531915103       0.05     -0.930   38.86022  -73.11932    33.3165  1026.1828    25.9265     7.3269 0.0000e+00
     54.567     7.3363    33.1590  1026.1750     3.0222     5.4563     80.482    0.00055    6.77951    6.78792 -9.990e-29     0.0203   12.18824   3.393065 1.5788e-02    25.9233    25.9226 1.1910e-01     55.000          1       6605    1478.56 7.5323e+02  52461.441    275.177 1531915117       0.20     -0.887   38.86019  -73.11937    33.3168  1026.1779    25.9261     7.3312 0.0000e+00
     53.601     7.3467    33.1593  1026.1694     3.0223     5.4529     80.440    0.00036    6.77891    6.78731 -9.990e-29     0.0084   12.18727   3.393954 1.9560e-02    25.9222    25.9215 1.4844e-01     54.000          1       6744    1478.58 7.5899e+02  52458.622    280.945 1531915122      -0.41     -0.100   38.86018  -73.11940    33.3170  1026.1720    25.9248     7.3417 0.0000e+00
     52.588     7.3472    33.1593  1026.1646     3.0232     5.4566     80.492    0.00066    6.77905    6.78746 -9.990e-29     0.0339   12.18752   3.393961 2.3252e-02    25.9221    25.9214 1.7413e-01     53.000          1       6763    1478.57 7.4910e+02  52457.765    281.745 1531915123      -0.47     -0.788   38.86018  -73.11940    33.3171  1026.1674    25.9248     7.3423 0.0000e+00
     51.597     7.3488    33.1589  1026.1595     3.0230     5.4521     80.434    0.00021    6.77837    6.78677 -9.990e-29     0.0338   12.18641   3.393997 2.5884e-02    25.9215    25.9208 1.9202e-01     52.000          1       6792    1478.56 7.4187e+02  52456.111    282.969 1531915124       0.15     -0.902   38.86017  -73.11940    33.3164  1026.1621    25.9241     7.3440 0.0000e+00
     50.611     7.3483    33.1578  1026.1542     3.0231     5.4505     80.403   -0.00008    6.77900    6.78740 -9.990e-29     0.0426   12.18747   3.393803 2.8526e-02    25.9207    25.9201 2.1792e-01     51.000          1       6829    1478.54 7.6376e+02  52454.026    284.490 1531915126       0.03     -0.642   38.86016  -73.11940    33.3153  1026.1567    25.9232     7.3435 0.0000e+00
     49.611     7.3528    33.1566  1026.1479     3.0241     5.4569     80.492    0.00059    6.77949    6.78790 -9.990e-29     0.0521   12.18829   3.394066 3.3692e-02    25.9191    25.9185 2.5846e-01     50.000          1       6862    1478.54 7.6716e+02  52450.376    285.868 1531915127      -0.01     -0.726   38.86016  -73.11942    33.3142  1026.1506    25.9218     7.3482 0.0000e+00
     48.630     7.3482    33.1543  1026.1422     3.0258     5.4625     80.568    0.00091    6.77997    6.78838 -9.990e-29     0.0452   12.18912   3.393333 3.8696e-02    25.9179    25.9173 2.9633e-01     49.000          1       6909    1478.50 7.6570e+02  52447.626    287.847 1531915129       0.12     -0.477   38.86016  -73.11942    33.3111  1026.1442    25.9200     7.3437 0.0000e+00
     47.627     7.3473    33.1526  1026.1364     3.0273     5.4653     80.607    0.00085    6.78015    6.78856 -9.990e-29     0.0456   12.18945   3.393071 4.4414e-02    25.9167    25.9161 3.4196e-01     48.000          1       6941    1478.48 7.6992e+02  52444.774    289.182 1531915130      -0.26     -0.686   38.86016  -73.11943    33.3097  1026.1386    25.9189     7.3429 0.0000e+00
     46.640     7.3448    33.1498  1026.1300     3.0283     5.4672     80.636    0.00088    6.78007    6.78847 -9.990e-29     0.0359   12.18932   3.392550 5.0253e-02    25.9149    25.9143 3.8669e-01     47.000          1       6981    1478.45 7.6943e+02  52440.808    290.832 1531915132       0.18     -0.646   38.86015  -73.11944    33.3069  1026.1322    25.9171     7.3405 0.0000e+00
     45.644     7.3433    33.1480  1026.1242     3.0272     5.4518     80.436   -0.00068    6.77780    6.78617      8.588     0.0343   12.18558   3.392187 5.8444e-02    25.9136    25.9130 4.5305e-01     46.000          1       7020    1478.42 7.7511e+02  52437.859    292.465 1531915134      -0.11     -0.609   38.86014  -73.11944    33.3048  1026.1263    25.9157     7.3390 0.0000e+00
     44.663     7.3470    33.1466  1026.1181     3.0283     5.4601     80.567    0.00051    6.77711    6.78547      8.589     0.0421   12.18443   3.392431 6.5777e-02    25.9120    25.9115 5.1100e-01     45.000          1       7063    1478.42 7.7685e+02  52434.335    294.265 1531915136       0.11     -0.555   38.86014  -73.11946    33.3045  1026.1208    25.9149     7.3428 0.0000e+00
     43.665     7.3594    33.1472  1026.1122     3.0310     5.4749     80.785    0.00177    6.77719    6.78556      8.591     0.0424   12.18457   3.393574 7.4266e-02    25.9108    25.9102 5.7717e-01     44.000          1       7091    1478.45 7.7719e+02  52431.290    295.427 1531915137      -0.38     -0.710   38.86014  -73.11946    33.3054  1026.1153    25.9139     7.3553 0.0000e+00
     42.662     7.3640    33.1472  1026.1069     3.0344     5.4913     81.024    0.00304    6.77730    6.78567      8.591     0.0454   12.18475   3.393880 8.4279e-02    25.9101    25.9095 6.5636e-01     43.000          1       7116    1478.45 7.7872e+02  52429.405    296.440 1531915138      -0.08     -0.984   38.86014  -73.11946    33.3048  1026.1096    25.9128     7.3600 0.0000e+00
     41.666     7.3636    33.1472  1026.1023     3.0383     5.4878     80.975    0.00109    6.77713    6.78550      8.589     0.0595   12.18447   3.393781 9.4315e-02    25.9101    25.9096 7.5042e-01     42.000          1       7289    1478.43 7.9540e+02  52428.855    303.684 1531915145      -0.15     -0.435   38.86012  -73.11949    33.3046  1026.1049    25.9126     7.3597 0.0000e+00
     40.685     7.3699    33.1480  1026.0976     3.0407     5.4855     80.988    0.00067    6.77323    6.78153      8.586     0.0657   12.17798   3.394358 9.9151e-02    25.9099    25.9094 9.1858e-01     41.000          1       8204    1478.44 9.2621e+02  52427.762    341.788 1531915183      -0.06     -0.497   38.86002  -73.11966    33.3053  1026.1000    25.9123     7.3661 0.0000e+00
     39.698     7.3788    33.1484  1026.0920     3.0434     5.4909     81.136    0.00140    6.76751    6.77573      8.586     0.0503   12.16849   3.395209 1.0946e-01    25.9089    25.9084 1.0423e+00     40.000          1       8270    1478.46 9.5210e+02  52425.284    344.554 1531915186      -0.06     -0.497   38.86002  -73.11966    33.3065  1026.0950    25.9120     7.3751 0.0000e+00
     38.696     7.3963    33.1507  1026.0868     3.0447     5.4869     81.127    0.00096    6.76337    6.77154      8.587     0.0643   12.16160   3.397020 1.2637e-01    25.9083    25.9078 1.1950e+00     39.000          1       8307    1478.52 9.4655e+02  52423.449    346.097 1531915187       0.03     -0.640   38.86000  -73.11968    33.3099  1026.0907    25.9122     7.3927 0.0000e+00
     37.728     7.4371    33.1566  1026.0812     3.0506     5.4949     81.479    0.00284    6.74397    6.75186      8.591     0.0643   12.12938   3.401126 1.4357e-01    25.9072    25.9068 1.3128e+00     38.000          1       8366    1478.66 9.1334e+02  52420.799    348.556 1531915190       0.01     -0.259   38.86000  -73.11969    33.3158  1026.0850    25.9112     7.4335 0.0000e+00
     36.714     7.4479    33.1588  1026.0767     3.0553     5.5096     81.769    0.00428    6.73802    6.74581      8.591     0.0811   12.11956   3.402543 1.5363e-01    25.9075    25.9070 1.4804e+00     37.000          1       8386    1478.69 9.6356e+02  52420.611    349.362 1531915191      -0.66     -0.754   38.86000  -73.11970    33.3213  1026.0832    25.9139     7.4444 0.0000e+00
     35.720     7.5243    33.1673  1026.0680     3.0627     5.5057     82.085    0.00526    6.70733    6.71468      8.593     0.1110   12.06867   3.410244 1.6444e-01    25.9034    25.9029 1.6087e+00     36.000          1       8418    1478.98 9.7829e+02  52412.614    350.693 1531915192       0.22     -0.847   38.85999  -73.11970    33.3320  1026.0762    25.9116     7.5209 0.0000e+00
     34.740     7.6336    33.1710  1026.0508     3.0828     5.5200     83.202    0.01053    6.63443    6.64073      8.603     0.1551   11.94777   3.420779 1.8847e-01    25.8908    25.8903 1.8641e+00     35.000          1       8462    1479.38 9.8938e+02  52389.890    352.528 1531915194      -0.31     -0.406   38.85998  -73.11970    33.3418  1026.0638    25.9038     7.6303 0.0000e+00
     33.734     7.8267    33.1877  1026.0314     3.1108     5.6002     84.868    0.01866    6.59900    6.60480      8.619     0.2481   11.88902   3.440827 2.3227e-01    25.8762    25.8757 2.1094e+00     34.000          1       8493    1480.13 9.1246e+02  52365.537    353.822 1531915195       0.03     -0.747   38.85998  -73.11972    33.3736  1026.0563    25.9010     7.8234 0.0000e+00
     32.760     8.3391    33.2274  1025.9826     3.1710     5.7111     87.861    0.03019    6.49993    6.50434      8.650     0.3879   11.72481   3.490199 2.7241e-01    25.8323    25.8318 2.3677e+00     33.000          1       8542    1482.10 8.6983e+02  52299.045    355.866 1531915197      -0.01     -0.382   38.85998  -73.11972    33.4143  1026.0082    25.8579     8.3358 0.0000e+00
     31.748     8.5373    33.2356  1025.9541     3.2207     5.8301     90.382    0.04029    6.45080    6.45457      8.663     0.4972   11.64286   3.510281 3.1257e-01    25.8085    25.8080 2.7604e+00     32.000          1       8568    1482.84 8.8450e+02  52265.030    356.957 1531915198      -0.29     -0.767   38.85997  -73.11972    33.4395  1025.9931    25.8476     8.5340 0.0000e+00
     30.770     9.1412    33.2783  1025.8889     3.3213     6.0426     94.907    0.05421    6.36673    6.36938      8.697     0.8131   11.50317   3.569424 3.2513e-01    25.7483    25.7478 3.0949e+00     31.000          1       8612    1485.11 9.5232e+02  52193.465    358.796 1531915200       0.29     -0.573   38.85996  -73.11972    33.4916  1025.9352    25.7947     9.1379 0.0000e+00
     29.778     9.5860    33.3326  1025.8548     3.4061     6.2775     98.662    0.06386    6.36277    6.36537      8.710     0.8756   11.49648   3.616343 3.7346e-01    25.7191    25.7185 3.6435e+00     30.000          1       8643    1486.79 9.7538e+02  52177.562    360.099 1531915201      -0.54     -0.615   38.85996  -73.11974    33.5618  1025.9135    25.7778     9.5827 0.0000e+00
     28.766     9.9475    33.3670  1025.8172     3.4537     6.3413    100.112    0.06195    6.33427    6.33649      8.707     0.8990   11.44924   3.651897 4.5020e-01    25.6862    25.6857 4.3681e+00     29.000          1       8664    1488.13 9.7138e+02  52154.134    360.953 1531915202      -0.34     -1.056   38.85996  -73.11974    33.5904  1025.8713    25.7404     9.9442 0.0000e+00
     27.779    10.2931    33.4116  1025.7888     3.5762     6.3627    100.469    0.01384    6.33299    6.33520      8.718     0.9472   11.44693   3.683345 5.7536e-01    25.6626    25.6621 5.3580e+00     28.000          1       8973    1489.41 9.3487e+02  52149.478    373.827 1531915215      -0.02     -0.365   38.85993  -73.11981    33.5906  1025.8085    25.6822    10.2898 0.0000e+00
     26.809    10.3400    33.4370  1025.7962     3.6120     6.3300    100.648    0.00155    6.28926    6.29095      8.727     0.9103   11.37374   3.687966 5.4316e-01    25.6744    25.6739 6.6340e+00     27.000          1       9585    1489.59 1.2191e+03  52176.020    399.338 1531915241      -0.33     -0.433   38.85987  -73.11995    33.5945  1025.7990    25.6773    10.3369 0.0000e+00
     25.802    10.3487    33.4368  1025.7900     3.6185     6.2707    101.166    0.00577    6.19843    6.19895      8.730     0.9145   11.22284   3.689132 6.2896e-01    25.6728    25.6723 7.6797e+00     26.000          1       9559    1489.61 1.2209e+03  52173.605    398.251 1531915240      -0.53     -0.832   38.85986  -73.11994    33.5987  1025.7962    25.6791    10.3457 0.0000e+00
     24.803    10.6072    33.4767  1025.7709     3.6573     6.3370    103.551    0.02017    6.12065    6.12019      8.739     0.8780   11.09377   3.720680 7.0173e-01    25.6584    25.6579 8.6295e+00     25.000          1       9592    1490.55 1.2296e+03  52184.014    399.644 1531915241       0.13     -0.798   38.85986  -73.11995    33.6781  1025.8078    25.6953    10.6043 0.0000e+00
     23.822    11.4311    33.5355  1025.6655     3.7351     6.4096    107.485    0.03895    5.96338    5.96106      8.762     0.8085   10.83164   3.801940 9.4879e-01    25.5579    25.5573 1.0490e+01     24.000          1       9644    1493.51 1.1200e+03  52119.581    401.784 1531915243      -0.48     -0.328   38.85986  -73.11996    33.7339  1025.7002    25.5926    11.4282 0.0000e+00
     22.823    12.1155    33.5873  1025.5724     3.8046     6.4416    110.345    0.04772    5.83819    5.83445      8.779     0.8046   10.62305   3.874591 1.0302e+00    25.4696    25.4691 1.1898e+01     23.000          1       9677    1495.90 1.1684e+03  52084.810    403.165 1531915244       0.06     -0.722   38.85986  -73.11997    33.8236  1025.6364    25.5336    12.1125 0.0000e+00
     21.846    13.0625    33.7029  1025.4739     3.8896     6.4210    113.496    0.05428    5.65730    5.65155      8.791     0.8009   10.32262   3.980081 1.0572e+00    25.3760    25.3754 1.3730e+01     22.000          1       9715    1499.23 1.2976e+03  52108.244    404.752 1531915246      -0.20     -0.511   38.85986  -73.11998    33.9868  1025.5743    25.4764    13.0595 0.0000e+00
