CalculateIndicators/WaterTemperature/Data/CTD_NYOS/NY1807C30.cnv
* Sea-Bird SBE 9 Data File:
* FileName = C:\Seabird 9 CTD\Data\2018\OffshoreCruise201807\NY1807C30.hex
* Software Version Seasave V 7.23.2
* Temperature SN = 4590
* Conductivity SN = 3228
* Number of Bytes Per Scan = 44
* Number of Voltage Words = 5
* Number of Scans Averaged by the Deck Unit = 1
* NMEA Latitude = 40 13.52 N
* NMEA Longitude = 073 16.28 W
* NMEA UTC (Time) = Jul 20 2018  18:04:19
* NMEA baud rate = 4800
** Ship: RV Seawolf
** Station: NY1807C30
** Operator: ajb
# nquan = 35
# nvalues = 66                          
# units = specified
# name 0 = depSM: Depth [salt water, m]
# name 1 = t090C: Temperature [ITS-90, deg C]
# name 2 = sal00: Salinity, Practical [PSU]
# name 3 = density00: Density [density, kg/m^3]
# name 4 = sbeox0V: Oxygen raw, SBE 43 [V]
# name 5 = sbeox0ML/L: Oxygen, SBE 43 [ml/l]
# name 6 = sbeox0PS: Oxygen, SBE 43 [% saturation]
# name 7 = sbox0dV/dT: Oxygen, SBE 43 [dov/dt]
# name 8 = oxsolML/L: Oxygen Saturation, Garcia & Gordon [ml/l]
# name 9 = oxsatML/L: Oxygen Saturation, Weiss [ml/l]
# name 10 = ph: pH
# name 11 = flECO-AFL: Fluorescence, WET Labs ECO-AFL/FL [mg/m^3]
# name 12 = n2satML/L: Nitrogen Saturation [ml/l]
# name 13 = c0S/m: Conductivity [S/m]
# name 14 = cpar: CPAR/Corrected Irradiance [%]
# name 15 = sigma-é00: Density [sigma-theta, kg/m^3]
# name 16 = sigma-t00: Density [sigma-t, kg/m^3 ]
# name 17 = par: PAR/Irradiance, Biospherical/Licor
# name 18 = prDM: Pressure, Digiquartz [db]
# name 19 = pumps: Pump Status
# name 20 = scan: Scan Count
# name 21 = svCM: Sound Velocity [Chen-Millero, m/s]
# name 22 = spar: SPAR, Biospherical/Licor
# name 23 = specc: Specific Conductance [uS/cm]
# name 24 = timeS: Time, Elapsed [seconds]
# name 25 = timeY: Time, System [seconds]
# name 26 = accM: Acceleration [m/s^2]
# name 27 = dz/dtM: Descent Rate [m/s]
# name 28 = latitude: Latitude [deg]
# name 29 = longitude: Longitude [deg]
# name 30 = gsw_saA0: Absolute Salinity [g/kg]
# name 31 = gsw_densityA0: density, TEOS-10 [density, kg/m^3]
# name 32 = gsw_sigma0A0: density, TEOS-10 [sigma-0, kg/m^3 ]
# name 33 = gsw_ptA0: potential temperature [ITS-90, deg C]
# name 34 = flag: flag
# span 0 =      0.984,     33.743       
# span 1 =    10.1685,    24.1232       
# span 2 =    30.4721,    32.4655       
# span 3 =  1020.2060,  1025.0997       
# span 4 =     2.7237,     4.1407       
# span 5 =     4.4537,     6.3104       
# span 6 =     69.724,    118.817       
# span 7 =   -0.04979,    0.03547       
# span 8 =    4.94817,    6.38756       
# span 9 =    4.93595,    6.38964       
# span 10 =      8.610,      8.979      
# span 11 =     0.1586,     2.5791      
# span 12 =    9.17722,   11.54865      
# span 13 =   3.577003,   4.611802      
# span 14 = 1.1901e-01, 8.0297e+01      
# span 15 =    20.1974,    24.9460      
# span 16 =    20.1973,    24.9454      
# span 17 = 2.5036e+00, 1.5289e+03      
# span 18 =      1.000,     34.000      
# span 19 =          1,          1      
# span 20 =       1255,      17230      
# span 21 =    1487.92,    1527.42      
# span 22 = 1.4811e+03, 2.2060e+03      
# span 23 =  46928.410,  50846.408      
# span 24 =     52.235,    717.855      
# span 25 = 1532109918, 1532110584      
# span 26 =      -0.27,       0.19      
# span 27 =     -0.540,      0.459      
# span 28 =   40.22534,   40.22596      
# span 29 =  -73.27357,  -73.27161      
# span 30 =    30.6258,    32.6232      
# span 31 =  1020.2078,  1025.1062      
# span 32 =    20.1992,    24.9526      
# span 33 =    10.1647,    24.1228      
# span 34 = 0.0000e+00, 0.0000e+00      
# interval = decibars: 1                
# start_time = Jul 20 2018 18:04:26 [System UTC, first data scan.]
# bad_flag = -9.990e-29
*END*
      1.986    24.1232    30.4925  1020.2060     3.9408     5.5365    111.526   -0.00477    4.96438    4.95222      8.976     0.1927    9.20419   4.611802 6.7859e+00    20.1974    20.1973 1.4451e+02      2.000          1       1255    1527.42 2.1310e+03  46940.060     52.235 1532109918       0.19      0.342   40.22534  -73.27161    30.6339  1020.2078    20.1992    24.1228 0.0000e+00
      2.978    23.9308    30.4955  1020.2684     3.9421     5.5542    111.759   -0.00057    4.96978    4.95763      8.976     0.2275    9.21321   4.593712 4.6368e+00    20.2555    20.2553 9.8987e+01      3.000          1       1319    1526.96 2.1351e+03  46948.108     54.925 1532109921      -0.02      0.376   40.22534  -73.27162    30.6308  1020.2656    20.2528    23.9302 0.0000e+00
      3.967    23.6979    30.4946  1020.3393     3.9466     5.5680    112.019    0.00131    4.97061    4.95847      8.976     0.2158    9.21466   4.573040 6.6084e+00    20.3222    20.3220 1.4105e+02      4.000          1       1458    1526.39 2.1378e+03  46951.501     60.727 1532109927       0.13      0.172   40.22534  -73.27163    30.6364  1020.3416    20.3244    23.6971 0.0000e+00
      4.964    23.7471    30.4902  1020.3261     3.9478     5.5731    112.141    0.00302    4.96972    4.95758      8.976     0.2469    9.21312   4.576503 3.8989e+00    20.3047    20.3044 8.4237e+01      5.000          1       1515    1526.52 2.1606e+03  46944.924     63.080 1532109929       0.01      0.459   40.22534  -73.27164    30.6280  1020.3254    20.3040    23.7461 0.0000e+00
      5.950    23.5483    30.4880  1020.3859     3.9439     5.5874    111.895   -0.00001    4.99338    4.98132      8.977     0.3452    9.25263   4.558097 3.6551e+00    20.3602    20.3598 7.8134e+01      6.000          1       1655    1526.03 2.1374e+03  46946.210     68.922 1532109935       0.16      0.217   40.22534  -73.27166    30.6269  1020.3861    20.3604    23.5471 0.0000e+00
      6.950    23.4697    30.4892  1020.4138     3.9386     5.5757    111.628   -0.00193    4.99494    4.98288 -9.990e-29     0.3803    9.25523   4.551117 2.7157e+00    20.3837    20.3833 5.8364e+01      7.000          1       1716    1525.85 2.1494e+03  46950.022     71.440 1532109937       0.03      0.436   40.22534  -73.27166    30.6284  1020.4142    20.3841    23.4683 0.0000e+00
      7.936    23.4181    30.4858  1020.4303     3.9224     5.5557    110.917   -0.00558    5.00893    4.99694      8.979     0.4452    9.27842   4.546227 2.5365e+00    20.3959    20.3955 5.4355e+01      8.000          1       1858    1525.73 2.1432e+03  46946.814     77.357 1532109943       0.09      0.109   40.22534  -73.27168    30.6269  1020.4322    20.3978    23.4165 0.0000e+00
      8.932    23.2604    30.5073  1020.4957     3.9631     5.7178    113.514    0.02029    5.03703    5.02516      8.978     0.4977    9.32479   4.533877 2.0484e+00    20.4571    20.4566 4.4352e+01      9.000          1       1924    1525.37 2.1655e+03  46980.252     80.120 1532109946      -0.01      0.365   40.22534  -73.27170    30.6428  1020.4934    20.4548    23.2585 0.0000e+00
      9.922    22.7123    30.6130  1020.7346     4.0534     5.9416    116.619    0.01848    5.09475    5.08323      8.974     0.6739    9.41801   4.496730 2.0534e+00    20.6915    20.6910 4.4197e+01     10.000          1       2038    1524.08 2.1524e+03  47139.598     84.868 1532109951      -0.02      0.170   40.22534  -73.27170    30.7427  1020.7278    20.6847    22.7103 0.0000e+00
     10.915    22.0214    30.9819  1021.2100     4.0951     6.0746    117.364    0.00312    5.17591    5.16492      8.949     0.8486    9.55065   4.479935 1.8608e+00    21.1625    21.1619 4.0161e+01     11.000          1       2134    1522.68 2.1583e+03  47667.756     88.856 1532109955       0.04      0.308   40.22534  -73.27172    31.1026  1021.1953    21.1479    22.0193 0.0000e+00
     11.907    21.1720    31.1153  1021.5461     4.0733     6.0579    116.213   -0.00484    5.21273    5.20198      8.915     0.9329    9.61188   4.417802 1.7514e+00    21.4942    21.4936 3.7734e+01     12.000          1       2235    1520.57 2.1543e+03  47881.037     93.072 1532109959       0.05      0.215   40.22534  -73.27172    31.2296  1021.5264    21.4745    21.1698 0.0000e+00
     12.900    20.6946    31.1434  1021.6985     4.0696     6.1643    116.216   -0.00183    5.30451    5.29443      8.897     1.2227    9.76390   4.377901 1.5186e+00    21.6422    21.6415 3.2953e+01     13.000          1       2335    1519.31 2.1702e+03  47938.810     97.266 1532109963      -0.03      0.260   40.22534  -73.27174    31.2619  1021.6820    21.6257    20.6922 0.0000e+00
     13.894    19.7034    31.2281  1022.0236     4.0615     6.2720    116.045    0.00038    5.40482    5.39552      8.886     1.5518    9.93029   4.293285 1.3440e+00    21.9628    21.9621 2.9113e+01     14.000          1       2420    1516.65 2.1657e+03  48101.674    100.805 1532109967       0.09      0.362   40.22534  -73.27174    31.3132  1021.9817    21.9208    19.7009 0.0000e+00
     14.883    18.3956    31.2753  1022.3923     4.0272     6.3104    114.183   -0.01106    5.52667    5.51840      8.877     1.9811   10.13276   4.180991 1.2627e+00    22.3267    22.3261 2.7314e+01     15.000          1       2544    1512.97 2.1630e+03  48237.835    105.953 1532109972       0.06      0.195   40.22534  -73.27176    31.3728  1022.3596    22.2941    18.3931 0.0000e+00
     15.877    17.5951    31.3161  1022.6197     3.9267     6.1001    109.281   -0.03417    5.58247    5.57474      8.861     2.2397   10.22483   4.113066 1.1174e+00    22.5496    22.5490 2.4149e+01     16.000          1       2623    1510.66 2.1611e+03  48347.539    109.237 1532109975      -0.02      0.301   40.22534  -73.27176    31.4132  1022.5865    22.5164    17.5925 0.0000e+00
     16.868    16.9433    31.4017  1022.8428     3.7598     5.8205    103.378   -0.03487    5.63052    5.62327      8.842     2.3587   10.30410   4.065579 9.7447e-01    22.7682    22.7675 2.1101e+01     17.000          1       2733    1508.82 2.1656e+03  48513.217    113.820 1532109980      -0.00      0.192   40.22534  -73.27178    31.5125  1022.8197    22.7450    16.9406 0.0000e+00
     17.859    16.5507    31.4486  1022.9736     3.6119     5.5796     98.073   -0.03640    5.68912    5.68244      8.799     2.2783   10.40130   4.036439 8.1242e-01    22.8944    22.8937 1.7731e+01     18.000          1       2837    1507.69 2.1823e+03  48609.268    118.172 1532109984       0.06      0.259   40.22534  -73.27178    31.5676  1022.9565    22.8773    16.5479 0.0000e+00
     18.855    16.1633    31.4587  1023.0733     3.5244     5.4785     96.054   -0.01976    5.70357    5.69707      8.785     1.8203   10.42454   4.002956 6.8271e-01    22.9896    22.9889 1.4811e+01     19.000          1       2928    1506.53 2.1695e+03  48655.920    121.948 1532109988       0.09      0.269   40.22534  -73.27179    31.5807  1023.0583    22.9746    16.1603 0.0000e+00
     19.844    15.9561    31.5548  1023.1979     3.4858     5.4819     95.521   -0.00674    5.73894    5.73288      8.782     0.9436   10.48152   3.996348 6.0281e-01    23.1097    23.1090 1.3086e+01     20.000          1       3036    1506.01 2.1699e+03  48807.498    126.458 1532109992       0.09      0.324   40.22534  -73.27182    31.6871  1023.1905    23.1023    15.9530 0.0000e+00
     20.838    15.6018    31.6921  1023.3862     3.4463     5.4132     93.837   -0.01146    5.76894    5.76321      8.778     0.8785   10.53082   3.979624 5.4584e-01    23.2935    23.2928 1.1850e+01     21.000          1       3123    1505.08 2.1710e+03  49030.618    130.104 1532109996      -0.02      0.246   40.22534  -73.27182    31.8228  1023.3769    23.2842    15.5986 0.0000e+00
     21.831    15.2002    31.7629  1023.5325     3.3680     5.2616     90.312   -0.02334    5.82621    5.82110      8.763     0.6450   10.62559   3.950735 4.8349e-01    23.4352    23.4345 1.0473e+01     22.000          1       3224    1503.91 2.1663e+03  49167.770    134.275 1532110000       0.01      0.313   40.22534  -73.27183    31.8891  1023.5194    23.4221    15.1970 0.0000e+00
     22.822    14.7501    31.7771  1023.6443     3.2047     4.8522     82.823   -0.04979    5.85859    5.85382      8.741     0.5806   10.67946   3.911700 4.4595e-01    23.5424    23.5417 9.6449e+00     23.000          1       3315    1502.50 2.1627e+03  49233.095    138.101 1532110004       0.00      0.256   40.22534  -73.27185    31.9033  1023.6310    23.5291    14.7468 0.0000e+00
     23.813    14.4872    31.7747  1023.7023     3.0671     4.7061     79.941   -0.02099    5.88697    5.88253      8.707     0.5322   10.72617   3.888489 3.9775e-01    23.5959    23.5952 8.6058e+00     24.000          1       3421    1501.67 2.1641e+03  49257.894    142.503 1532110008      -0.01      0.199   40.22534  -73.27186    31.9074  1023.6940    23.5875    14.4837 0.0000e+00
     24.808    14.2731    31.8126  1023.7806     3.0493     4.7522     80.431   -0.00465    5.90838    5.90419      8.694     0.4801   10.76138   3.873526 3.5552e-01    23.6696    23.6689 7.6502e+00     25.000          1       3504    1501.04 2.1516e+03  49334.520    145.944 1532110012      -0.01      0.326   40.22534  -73.27188    31.9465  1023.7729    23.6620    14.2696 0.0000e+00
     25.798    14.0004    31.8573  1023.8758     3.0314     4.7737     79.723   -0.00587    5.98803    5.98483      8.693     0.5256   10.89193   3.853837 3.2424e-01    23.7602    23.7595 6.9527e+00     26.000          1       3612    1500.22 2.1446e+03  49427.937    150.478 1532110016       0.02      0.191   40.22534  -73.27188    31.9908  1023.8676    23.7520    13.9968 0.0000e+00
     26.791    13.1660    32.0381  1024.1876     3.0378     4.9216     80.884    0.00670    6.08448    6.08252      8.700     0.8058   11.04995   3.796420 2.9110e-01    24.0672    24.0664 6.1919e+00     27.000          1       3709    1497.68 2.1265e+03  49781.747    154.493 1532110020      -0.00      0.242   40.22534  -73.27190    32.1544  1024.1651    24.0447    13.1624 0.0000e+00
     27.783    12.3892    32.1920  1024.4617     3.0544     4.9962     80.912   -0.00112    6.17509    6.17431      8.711     0.6561   11.19872   3.742450 2.5523e-01    24.3365    24.3358 5.3838e+00     28.000          1       3806    1495.26 2.1099e+03  50101.487    158.530 1532110024       0.01      0.251   40.22535  -73.27192    32.3034  1024.4345    24.3092    12.3856 0.0000e+00
     28.775    11.7569    32.2904  1024.6608     2.9988     4.8634     78.060   -0.01312    6.23062    6.23059      8.705     0.5723   11.28995   3.696846 2.2937e-01    24.5307    24.5301 4.8599e+00     29.000          1       3909    1493.23 2.1186e+03  50331.994    162.825 1532110029      -0.03      0.219   40.22536  -73.27193    32.4094  1024.6388    24.5087    11.7533 0.0000e+00
     29.769    11.2815    32.3699  1024.8135     2.9263     4.7066     75.006   -0.01973    6.27524    6.27581      8.694     0.4562   11.36329   3.662504 2.0264e-01    24.6786    24.6779 4.3215e+00     30.000          1       4005    1491.68 2.1333e+03  50518.601    166.837 1532110033       0.06      0.290   40.22536  -73.27194    32.4888  1024.7908    24.6560    11.2779 0.0000e+00
     30.759    10.9080    32.4062  1024.9127     2.8598     4.6511     73.685   -0.00715    6.31214    6.31320      8.682     0.4019   11.42420   3.634391 1.7798e-01    24.7731    24.7724 3.7987e+00     31.000          1       4156    1490.43 2.1345e+03  50631.170    173.136 1532110039       0.03      0.150   40.22536  -73.27196    32.5400  1024.9012    24.7616    10.9044 0.0000e+00
     31.750    10.6722    32.4220  1024.9707     2.8184     4.5880     72.252   -0.00708    6.35007    6.35166      8.670     0.3453   11.48649   3.615584 1.5890e-01    24.8264    24.8258 3.3359e+00     32.000          1       4313    1489.63 2.0994e+03  50694.161    179.676 1532110046       0.08      0.137   40.22538  -73.27199    32.5616  1024.9635    24.8193    10.6685 0.0000e+00
     32.746    10.3220    32.4554  1025.0612     2.7637     4.4952     70.471   -0.00556    6.37884    6.38083      8.657     0.3272   11.53398   3.588124 1.3826e-01    24.9122    24.9115 2.9237e+00     33.000          1       4543    1488.44 2.1147e+03  50803.912    189.240 1532110055       0.02      0.194   40.22538  -73.27202    32.5981  1025.0562    24.9072    10.3183 0.0000e+00
     33.743    10.1685    32.4655  1025.0997     2.7237     4.4537     69.724    0.00238    6.38756    6.38964      8.626     0.2183   11.54865   3.577003 1.1901e-01    24.9460    24.9454 2.5036e+00     34.000          1       5187    1487.92 2.1044e+03  50846.408    216.065 1532110082      -0.17      0.181   40.22541  -73.27211    32.6232  1025.1062    24.9526    10.1647 0.0000e+00
     32.741    10.2747    32.4512  1025.0660     2.7483     4.5049     70.730    0.00460    6.36930    6.37113      8.618     0.2770   11.51857   3.584905 1.3982e-01    24.9170    24.9163 3.0048e+00     33.000          1       5670    1488.26 2.1477e+03  50806.432    236.204 1532110102      -0.07     -0.234   40.22543  -73.27218    32.6081  1025.0720    24.9230    10.2710 0.0000e+00
     31.753    10.5541    32.4071  1024.9795     2.7918     4.5831     72.678    0.01015    6.30595    6.30690      8.617     0.2993   11.41439   3.606058 1.6019e-01    24.8351    24.8345 3.5086e+00     32.000          1       6253    1489.19 2.1905e+03  50693.671    260.507 1532110126      -0.17     -0.258   40.22546  -73.27226    32.5714  1024.9914    24.8471    10.5504 0.0000e+00
     30.759    10.8248    32.3783  1024.9055     2.8292     4.6521     74.009    0.01060    6.28599    6.28668      8.620     0.3700   11.38140   3.627651 1.8519e-01    24.7659    24.7652 4.0473e+00     31.000          1       6321    1490.10 2.1855e+03  50606.314    263.353 1532110129      -0.00     -0.274   40.22546  -73.27228    32.5467  1024.9210    24.7813    10.8212 0.0000e+00
     29.765    11.0601    32.3538  1024.8405     2.8785     4.7385     76.117    0.01613    6.22545    6.22532      8.626     0.4077   11.28183   3.646339 2.1383e-01    24.7055    24.7049 4.6724e+00     30.000          1       6431    1490.89 2.1859e+03  50531.520    267.901 1532110134      -0.07     -0.414   40.22546  -73.27228    32.5244  1024.8578    24.7228    11.0565 0.0000e+00
     28.776    11.6472    32.2641  1024.6607     2.9695     4.8828     79.200    0.01553    6.16520    6.16426      8.639     0.5422   11.18308   3.689945 2.6403e-01    24.5305    24.5299 5.3072e+00     29.000          1       6566    1492.82 2.0782e+03  50311.945    273.560 1532110139      -0.05     -0.197   40.22548  -73.27230    32.4377  1024.6810    24.5508    11.6437 0.0000e+00
     27.782    12.0301    32.2031  1024.5377     3.0324     4.9602     81.507    0.01774    6.08597    6.08399      8.644     0.7099   11.05305   3.718252 3.3118e-01    24.4123    24.4116 6.2117e+00     28.000          1       6658    1494.05 1.9638e+03  50168.163    277.371 1532110143      -0.09     -0.297   40.22548  -73.27232    32.3802  1024.5611    24.4356    12.0266 0.0000e+00
     26.789    12.8460    32.0456  1024.2558     3.0720     4.8531     81.453   -0.00152    5.95807    5.95445      8.629     0.6853   10.84362   3.776005 3.9283e-01    24.1352    24.1346 7.3836e+00     27.000          1       6779    1496.62 1.9826e+03  49834.737    282.427 1532110148      -0.04     -0.350   40.22548  -73.27234    32.2331  1024.2880    24.1674    12.8424 0.0000e+00
     25.796    13.8852    31.8322  1023.8803     3.0325     4.7551     79.885   -0.00400    5.95260    5.94893      8.613     0.4884   10.83420   3.845126 4.1214e-01    23.7647    23.7639 9.0280e+00     26.000          1       7413    1499.81 2.1844e+03  49405.826    308.817 1532110175       0.02     -0.269   40.22551  -73.27242    32.0058  1023.9029    23.7873    13.8815 0.0000e+00
