CalculateIndicators/WaterTemperature/Data/CTD_NYOS/NY1807C12.cnv
* Sea-Bird SBE 9 Data File:
* FileName = C:\Seabird 9 CTD\Data\2018\OffshoreCruise201807\NY1807C12.hex
* Software Version Seasave V 7.23.2
* Temperature SN = 4590
* Conductivity SN = 3228
* Number of Bytes Per Scan = 44
* Number of Voltage Words = 5
* Number of Scans Averaged by the Deck Unit = 1
* NMEA Latitude = 39 43.94 N
* NMEA Longitude = 072 44.72 W
* NMEA UTC (Time) = Jul 17 2018  03:48:10
* NMEA baud rate = 4800
** Ship: RV Seawolf
** Station: NY1807C12
** Operator: jdw
# nquan = 35
# nvalues = 132                         
# units = specified
# name 0 = depSM: Depth [salt water, m]
# name 1 = t090C: Temperature [ITS-90, deg C]
# name 2 = sal00: Salinity, Practical [PSU]
# name 3 = density00: Density [density, kg/m^3]
# name 4 = sbeox0V: Oxygen raw, SBE 43 [V]
# name 5 = sbeox0ML/L: Oxygen, SBE 43 [ml/l]
# name 6 = sbeox0PS: Oxygen, SBE 43 [% saturation]
# name 7 = sbox0dV/dT: Oxygen, SBE 43 [dov/dt]
# name 8 = oxsolML/L: Oxygen Saturation, Garcia & Gordon [ml/l]
# name 9 = oxsatML/L: Oxygen Saturation, Weiss [ml/l]
# name 10 = ph: pH
# name 11 = flECO-AFL: Fluorescence, WET Labs ECO-AFL/FL [mg/m^3]
# name 12 = n2satML/L: Nitrogen Saturation [ml/l]
# name 13 = c0S/m: Conductivity [S/m]
# name 14 = cpar: CPAR/Corrected Irradiance [%]
# name 15 = sigma-é00: Density [sigma-theta, kg/m^3]
# name 16 = sigma-t00: Density [sigma-t, kg/m^3 ]
# name 17 = par: PAR/Irradiance, Biospherical/Licor
# name 18 = prDM: Pressure, Digiquartz [db]
# name 19 = pumps: Pump Status
# name 20 = scan: Scan Count
# name 21 = svCM: Sound Velocity [Chen-Millero, m/s]
# name 22 = spar: SPAR, Biospherical/Licor
# name 23 = specc: Specific Conductance [uS/cm]
# name 24 = timeS: Time, Elapsed [seconds]
# name 25 = timeY: Time, System [seconds]
# name 26 = accM: Acceleration [m/s^2]
# name 27 = dz/dtM: Descent Rate [m/s]
# name 28 = latitude: Latitude [deg]
# name 29 = longitude: Longitude [deg]
# name 30 = gsw_saA0: Absolute Salinity [g/kg]
# name 31 = gsw_densityA0: density, TEOS-10 [density, kg/m^3]
# name 32 = gsw_sigma0A0: density, TEOS-10 [sigma-0, kg/m^3 ]
# name 33 = gsw_ptA0: potential temperature [ITS-90, deg C]
# name 34 = flag: flag
# span 0 =      0.973,     66.481       
# span 1 =     7.7260,    22.9981       
# span 2 =    32.9415,    33.4656       
# span 3 =  1022.3970,  1026.0958       
# span 4 =     3.0643,     4.2810       
# span 5 =     5.2547,     7.0407       
# span 6 =     81.526,    125.646       
# span 7 =   -0.08656,    0.09974       
# span 8 =    4.96285,    6.72564       
# span 9 =    4.95124,    6.73311       
# span 10 =      8.582,      8.868      
# span 11 =     0.0786,     1.5430      
# span 12 =    9.17769,   12.10061      
# span 13 =   3.416685,   4.834521      
# span 14 = -2.718e-01, 6.5844e+00      
# span 15 =    22.3866,    25.7939      
# span 16 =    22.3863,    25.7934      
# span 17 = -1.073e-02, 2.5997e-01      
# span 18 =      1.000,     67.000      
# span 19 =          1,          1      
# span 20 =        278,      11032      
# span 21 =    1479.80,    1527.28      
# span 22 = 3.9108e+00, 4.4555e+00      
# span 23 =  50330.098,  52231.098      
# span 24 =     11.552,    459.615      
# span 25 = 1531799720, 1531800168      
# span 26 =      -0.68,       0.71      
# span 27 =     -0.896,      0.810      
# span 28 =   39.73381,   39.73500      
# span 29 =  -72.74181,  -72.73809      
# span 30 =    33.1194,    33.5941      
# span 31 =  1022.4067,  1026.0985      
# span 32 =    22.3982,    25.7942      
# span 33 =     7.7212,    22.9977      
# span 34 = 0.0000e+00, 0.0000e+00      
# interval = decibars: 1                
# start_time = Jul 17 2018 03:55:08 [System UTC, first data scan.]
# bad_flag = -9.990e-29
*END*
[from data line 83]
     49.611     7.7365    33.0443  1026.0053     3.0699     5.5141     81.998   -0.00012    6.72465    6.73210 -9.990e-29     0.1044   12.09904   3.417417 2.4734e-11    25.7768    25.7762 1.0000e-12     50.000          1       6017    1479.87 3.9495e+00  52194.250    250.683 1531799959      -0.00     -0.452   39.73446  -72.73981    33.2001  1026.0070    25.7786     7.7317 0.0000e+00
     48.630     7.7346    33.0428  1025.9999     3.0709     5.5203     82.101    0.00075    6.72384    6.73127 -9.990e-29     0.1025   12.09769   3.417112 2.5121e-11    25.7759    25.7753 1.0000e-12     49.000          1       6070    1479.84 3.9495e+00  52191.991    252.870 1531799961      -0.10     -0.418   39.73446  -72.73980    33.1991  1026.0020    25.7781     7.7299 0.0000e+00
     47.624     7.7354    33.0428  1025.9951     3.0702     5.5097     81.942   -0.00067    6.72392    6.73136 -9.990e-29     0.0935   12.09783   3.417144 2.4273e-11    25.7758    25.7751 1.0000e-12     48.000          1       6095    1479.83 3.9495e+00  52191.060    253.925 1531799962      -0.38     -0.762   39.73446  -72.73980    33.1991  1025.9973    25.7780     7.7309 0.0000e+00
     46.636     7.7389    33.0428  1025.9900     3.0704     5.5145     82.029    0.00035    6.72268    6.73009 -9.990e-29     0.0910   12.09576   3.417460 2.4783e-11    25.7753    25.7747 1.0000e-12     47.000          1       6146    1479.83 3.9495e+00  52189.578    256.054 1531799964       0.03     -0.485   39.73447  -72.73977    33.1996  1025.9926    25.7779     7.7345 0.0000e+00
     45.641     7.7463    33.0436  1025.9850     3.0708     5.5151     82.051    0.00058    6.72159    6.72899 -9.990e-29     0.0954   12.09395   3.418192 2.5314e-11    25.7749    25.7742 1.0000e-12     46.000          1       6192    1479.84 3.9495e+00  52188.198    257.938 1531799966      -0.62     -0.576   39.73448  -72.73976    33.2010  1025.9881    25.7779     7.7419 0.0000e+00
     44.648     7.7498    33.0441  1025.9803     3.0700     5.5057     81.917   -0.00046    6.72113    6.72852      8.586     0.0820   12.09319   3.418471 2.5320e-11    25.7747    25.7741 1.0000e-12     45.000          1       6228    1479.84 3.9495e+00  52187.320    259.479 1531799968       0.16     -0.697   39.73448  -72.73976    33.2011  1025.9830    25.7774     7.7455 0.0000e+00
     43.664     7.7571    33.0450  1025.9754     3.0707     5.5138     82.040    0.00069    6.72085    6.72824      8.586     0.1044   12.09273   3.419171 2.5320e-11    25.7744    25.7738 1.0000e-12     44.000          1       6278    1479.85 3.9495e+00  52186.224    261.548 1531799970      -0.19     -0.425   39.73448  -72.73974    33.2022  1025.9783    25.7773     7.7529 0.0000e+00
     42.665     7.7586    33.0450  1025.9706     3.0706     5.5096     81.979    0.00021    6.72066    6.72805      8.586     0.0860   12.09242   3.419252 2.5320e-11    25.7741    25.7736 1.0000e-12     43.000          1       6322    1479.84 3.9495e+00  52185.164    263.361 1531799972       0.11     -0.528   39.73450  -72.73974    33.2021  1025.9734    25.7769     7.7545 0.0000e+00
     41.685     7.7606    33.0454  1025.9660     3.0710     5.5066     81.944   -0.00011    6.71995    6.72733      8.585     0.1053   12.09124   3.419405 2.5057e-11    25.7741    25.7735 1.0000e-12     42.000          1       6381    1479.83 3.9495e+00  52184.518    265.852 1531799974      -0.25     -0.321   39.73450  -72.73972    33.2023  1025.9687    25.7768     7.7566 0.0000e+00
     40.680     7.7611    33.0451  1025.9611     3.0725     5.5149     82.069    0.00063    6.71985    6.72723      8.585     0.1231   12.09107   3.419380 2.5315e-11    25.7738    25.7732 1.0000e-12     41.000          1       6407    1479.82 3.9495e+00  52183.335    266.932 1531799975      -0.30     -0.761   39.73451  -72.73970    33.2021  1025.9638    25.7766     7.7571 0.0000e+00
     39.685     7.7653    33.0459  1025.9565     3.0736     5.5172     82.113    0.00071    6.71904    6.72641      8.585     0.1217   12.08972   3.419824 2.5272e-11    25.7738    25.7733 1.0000e-12     40.000          1       6461    1479.82 3.9495e+00  52182.778    269.175 1531799978       0.06     -0.542   39.73452  -72.73969    33.2033  1025.9596    25.7769     7.7615 0.0000e+00
     38.686     7.7797    33.0479  1025.9495     3.0740     5.5130     82.073    0.00027    6.71713    6.72448      8.585     0.0786   12.08655   3.421141 2.4542e-11    25.7733    25.7728 1.0000e-12     39.000          1       7068    1479.85 3.9495e+00  52181.463    294.458 1531800003      -0.42     -0.702   39.73458  -72.73950    33.2043  1025.9537    25.7756     7.7759 0.0000e+00
     37.705     7.7854    33.0491  1025.9472     3.0752     5.5117     82.093    0.00034    6.71396    6.72126      8.582     0.0886   12.08128   3.421815 2.5380e-11    25.7734    25.7729 1.0000e-12     38.000          1       7511    1479.86 3.9495e+00  52181.138    312.909 1531800021      -0.09     -0.509   39.73464  -72.73938    33.2065  1025.9501    25.7765     7.7818 0.0000e+00
     36.706     7.7905    33.0496  1025.9421     3.0754     5.5070     82.080    0.00025    6.70931    6.71654      8.584     0.0971   12.07354   3.422290 2.5320e-11    25.7731    25.7726 1.0000e-12     37.000          1       7515    1479.87 3.9495e+00  52179.939    313.093 1531800021      -0.27     -0.717   39.73464  -72.73937    33.2073  1025.9454    25.7763     7.7870 0.0000e+00
     35.729     7.8099    33.0523  1025.9369     3.0800     5.5218     82.418    0.00236    6.69980    6.70690      8.586     0.1047   12.05775   3.424321 2.5320e-11    25.7724    25.7719 1.0000e-12     36.000          1       7561    1479.93 3.9495e+00  52178.390    315.003 1531800023       0.18     -0.520   39.73464  -72.73935    33.2111  1025.9410    25.7766     7.8065 0.0000e+00
     34.724     7.8392    33.0552  1025.9303     3.0840     5.5174     82.581    0.00285    6.68125    6.68809      8.589     0.1141   12.02690   3.427291 2.5074e-11    25.7705    25.7700 1.0000e-12     35.000          1       7594    1480.03 3.9495e+00  52174.678    316.356 1531800025      -0.17     -0.698   39.73464  -72.73934    33.2157  1025.9358    25.7759     7.8358 0.0000e+00
     33.743     7.9022    33.0627  1025.9225     3.1014     5.5381     83.658    0.00865    6.62003    6.62601      8.603     0.1588   11.92523   3.433738 2.5345e-11    25.7673    25.7668 1.0000e-12     34.000          1       7638    1480.26 3.9495e+00  52169.517    318.222 1531800027       0.19     -0.543   39.73466  -72.73933    33.2255  1025.9298    25.7746     7.8989 0.0000e+00
     32.739     8.0676    33.0821  1025.9088     3.1317     5.6391     85.629    0.01927    6.58572    6.59123      8.618     0.2297   11.86813   3.452020 2.5320e-11    25.7583    25.7578 1.0000e-12     33.000          1       7672    1480.89 3.9495e+00  52157.123    319.629 1531800028      -0.24     -0.672   39.73466  -72.73932    33.2647  1025.9316    25.7811     8.0644 0.0000e+00
     31.758     8.5196    33.1297  1025.8740     3.2219     5.7600     90.329    0.04072    6.37716    6.37985      8.663     0.4221   11.52173   3.496852 2.5158e-11    25.7284    25.7279 1.0000e-12     32.000          1       7728    1482.64 3.9495e+00  52119.089    321.953 1531800030       0.23     -0.399   39.73466  -72.73930    33.3144  1025.8984    25.7528     8.5164 0.0000e+00
     30.758     9.0879    33.1859  1025.8246     3.3481     6.0776     97.296    0.07560    6.24741    6.24841      8.706     0.5768   11.30625   3.558278 2.4519e-11    25.6840    25.6835 1.0000e-12     31.000          1       7765    1484.80 3.9495e+00  52075.324    323.498 1531800032      -0.29     -0.656   39.73468  -72.73929    33.4249  1025.8913    25.7507     9.0846 0.0000e+00
     29.773    10.0715    33.2773  1025.7307     3.4892     6.4205    103.921    0.09949    6.17828    6.17839      8.736     0.7256   11.19147   3.656777 2.5347e-11    25.5953    25.5947 1.0000e-12     30.000          1       7798    1488.48 3.9495e+00  52003.300    324.877 1531800033       0.06     -0.740   39.73468  -72.73928    33.5247  1025.8039    25.6685    10.0681 0.0000e+00
     28.768    10.7474    33.3289  1025.6492     3.6077     6.6607    108.038    0.09974    6.16531    6.16526      8.743     0.8051   11.16992   3.724809 2.5114e-11    25.5188    25.5182 1.0000e-12     29.000          1       7828    1490.94 3.9495e+00  51954.687    326.115 1531800034      -0.01     -0.807   39.73468  -72.73927    33.5891  1025.7323    25.6018    10.7440 0.0000e+00
     27.793    11.6064    33.3714  1025.5243     3.7528     6.7293    110.043    0.06137    6.11508    6.11439      8.751     0.9028   11.08675   3.804012 2.5358e-11    25.3988    25.3981 1.0000e-12     28.000          1       7881    1493.99 3.9495e+00  51864.089    328.314 1531800037       0.16     -0.379   39.73468  -72.73926    33.5936  1025.5779    25.4525    11.6029 0.0000e+00
     26.788    11.7694    33.3759  1025.4924     3.8147     6.7325    110.538    0.03961    6.09084    6.08985      8.756     0.9609   11.04652   3.819104 2.5320e-11    25.3715    25.3708 1.0000e-12     27.000          1       7927    1494.54 3.9495e+00  51846.100    330.257 1531800039      -0.08     -0.472   39.73470  -72.73924    33.5941  1025.5430    25.4221    11.7660 0.0000e+00
     25.794    12.3565    33.3877  1025.3857     3.9247     6.8224    112.690    0.01747    6.05423    6.05279      8.765     1.1556   10.98575   3.872739 2.5130e-11    25.2696    25.2690 1.0000e-12     26.000          1       8107    1496.54 3.9495e+00  51772.791    337.733 1531800046      -0.24     -0.203   39.73471  -72.73917    33.5880  1025.4228    25.3067    12.3531 0.0000e+00
     24.798    12.6495    33.3982  1025.3329     3.9886     6.8923    114.175    0.00751    6.03668    6.03503      8.771     1.2557   10.95661   3.898723 2.4359e-11    25.2215    25.2208 1.0000e-12     25.000          1       8461    1497.53 3.9495e+00  51744.095    352.514 1531800061      -0.32     -0.384   39.73476  -72.73904    33.5769  1025.3534    25.2419    12.6462 0.0000e+00
     23.809    12.8828    33.4012  1025.2851     4.0736     7.0038    118.674    0.03119    5.90304    5.89975      8.791     1.4003   10.73590   3.921207 2.5386e-11    25.1782    25.1775 1.0000e-12     24.000          1       8837    1498.30 3.9495e+00  51715.192    368.167 1531800077      -0.29     -0.432   39.73480  -72.73891    33.5850  1025.3094    25.2025    12.8796 0.0000e+00
     22.826    13.9148    33.3299  1025.0171     4.1603     7.0407    121.663    0.03216    5.78662    5.78187      8.795     1.4296   10.54484   4.012254 2.4688e-11    24.9151    24.9144 1.0000e-12     23.000          1       8936    1501.62 3.9495e+00  51481.133    372.308 1531800081       0.13     -0.435   39.73480  -72.73887    33.5357  1025.0591    24.9570    13.9116 0.0000e+00
     21.829    14.3893    33.2115  1024.8216     4.1942     6.9410    121.918    0.01901    5.69324    5.68748      8.796     1.4488   10.39044   4.043872 2.4769e-11    24.7242    24.7236 1.0000e-12     22.000          1       8976    1503.00 3.9495e+00  51261.945    373.950 1531800082      -0.04     -0.557   39.73480  -72.73885    33.4171  1024.8639    24.7665    14.3861 0.0000e+00
     20.841    14.8326    33.1406  1024.6683     4.2674     6.9198    125.646    0.04063    5.50753    5.49986      8.801     1.4058   10.08280   4.077022 2.5333e-11    24.5755    24.5748 1.0000e-12     21.000          1       9020    1504.33 3.9495e+00  51113.356    375.792 1531800084      -0.07     -0.520   39.73480  -72.73884    33.3403  1024.7064    24.6136    14.8295 0.0000e+00
     19.844    16.1384    33.0655  1024.3146     4.2810     6.7664    124.549    0.01410    5.43253    5.42418      8.799     1.2006    9.95823   4.199906 2.4979e-11    24.2267    24.2260 1.0000e-12     20.000          1       9060    1508.29 3.9495e+00  50884.169    377.467 1531800086       0.06     -0.604   39.73482  -72.73882    33.3383  1024.4090    24.3211    16.1353 0.0000e+00
     18.852    17.7150    33.0265  1023.9124     4.2356     6.5320    121.149   -0.01789    5.39152    5.38280      8.795     1.0243    9.89002   4.343030 2.5186e-11    23.8294    23.8287 1.0000e-12     19.000          1       9117    1513.01 3.9495e+00  50700.059    379.847 1531800088       0.07     -0.421   39.73482  -72.73880    33.2805  1023.9924    23.9094    17.7118 0.0000e+00
     17.870    18.4284    33.0248  1023.7342     4.1973     6.4361    120.186   -0.01110    5.35512    5.34610      8.792     0.8789    9.82943   4.407453 2.5333e-11    23.6558    23.6550 1.0000e-12     18.000          1       9184    1515.10 3.9495e+00  50646.163    382.630 1531800091      -0.17     -0.311   39.73482  -72.73878    33.2491  1023.7914    23.7130    18.4253 0.0000e+00
     16.866    18.6081    33.0294  1023.6884     4.2000     6.4419    120.776   -0.00200    5.33381    5.32462      8.791     0.8151    9.79397   4.424256 2.6811e-11    23.6144    23.6137 1.0000e-12     17.000          1       9222    1515.60 3.9495e+00  50640.675    384.218 1531800093       0.06     -0.557   39.73482  -72.73876    33.2457  1023.7396    23.6656    18.6052 0.0000e+00
     15.884    18.9052    33.0427  1023.6200     4.1916     6.3546    120.386   -0.00367    5.27852    5.26888      8.790     0.6893    9.70218   4.453374 2.5124e-11    23.5503    23.5496 1.0000e-12     16.000          1       9292    1516.46 3.9495e+00  50639.966    387.123 1531800095      -0.21     -0.227   39.73482  -72.73874    33.2510  1023.6649    23.5953    18.9024 0.0000e+00
     14.884    19.3360    33.0300  1023.4967     4.1707     6.2803    119.225   -0.01187    5.26760    5.25788      8.789     0.6517    9.68399   4.493218 2.5320e-11    23.4316    23.4309 1.0000e-12     15.000          1       9330    1517.66 3.9495e+00  50596.927    388.716 1531800097       0.01     -0.595   39.73482  -72.73872    33.2379  1023.5414    23.4762    19.3333 0.0000e+00
     13.895    19.6368    33.0271  1023.4130     4.1639     6.1892    119.609    0.00018    5.17480    5.16441      8.784     0.5185    9.52987   4.520339 2.5320e-11    23.3523    23.3517 1.0000e-12     14.000          1       9391    1518.49 3.9495e+00  50575.997    391.251 1531800100       0.10     -0.351   39.73484  -72.73870    33.2228  1023.4483    23.3876    19.6343 0.0000e+00
     12.898    20.0129    33.0346  1023.3167     4.1246     6.0253    117.207   -0.02102    5.14079    5.13015      8.778     0.3908    9.47335   4.562056 2.5320e-11    23.2604    23.2597 1.0000e-12     13.000          1       9437    1519.53 3.9495e+00  50567.875    393.167 1531800102      -0.52     -0.522   39.73484  -72.73868    33.2669  1023.3796    23.3233    20.0105 0.0000e+00
     11.905    20.7388    33.0128  1023.1040     4.0837     5.8639    115.422   -0.02851    5.08047    5.06948      8.801     0.3430    9.37324   4.625575 2.5020e-11    23.0522    23.0516 1.0000e-12     12.000          1      10294    1521.49 3.9495e+00  50501.278    428.857 1531800137       0.05     -0.420   39.73492  -72.73836    33.2117  1023.1415    23.0896    20.7365 0.0000e+00
     10.923    21.2696    33.0154  1022.9589     3.9967     5.5875    111.967   -0.03924    4.99045    4.97895      8.803     0.2139    9.22381   4.678821 2.5330e-11    22.9114    22.9108 1.0000e-12     11.000          1      10604    1522.92 3.9495e+00  50483.632    441.808 1531800150      -0.45     -0.366   39.73496  -72.73826    33.2250  1023.0042    22.9567    21.2675 0.0000e+00
      9.915    22.1713    32.9451  1022.6526     3.9085     5.3498    107.271   -0.07462    4.98715    4.97564      8.802     0.1693    9.21832   4.760180 2.5320e-11    22.6096    22.6091 1.0000e-12     10.000          1      10625    1525.22 3.9495e+00  50353.109    442.651 1531800151      -0.14     -0.807   39.73496  -72.73824    33.1728  1022.7115    22.6685    22.1694 0.0000e+00
