CalculateIndicators/WaterTemperature/Data/CTD_NYOS/NY1807C10.cnv
* Sea-Bird SBE 9 Data File:
* FileName = C:\Seabird 9 CTD\Data\2018\OffshoreCruise201807\NY1807C10.hex
* Software Version Seasave V 7.23.2
* Temperature SN = 4590
* Conductivity SN = 3228
* Number of Bytes Per Scan = 44
* Number of Voltage Words = 5
* Number of Scans Averaged by the Deck Unit = 1
* NMEA Latitude = 40 01.22 N
* NMEA Longitude = 072 30.29 W
* NMEA UTC (Time) = Jul 16 2018  20:32:19
* NMEA baud rate = 4800
** Ship: RV Seawolf
** Station: NY1807C10
** Operator: ajb
# nquan = 35
# nvalues = 116                         
# units = specified
# name 0 = depSM: Depth [salt water, m]
# name 1 = t090C: Temperature [ITS-90, deg C]
# name 2 = sal00: Salinity, Practical [PSU]
# name 3 = density00: Density [density, kg/m^3]
# name 4 = sbeox0V: Oxygen raw, SBE 43 [V]
# name 5 = sbeox0ML/L: Oxygen, SBE 43 [ml/l]
# name 6 = sbeox0PS: Oxygen, SBE 43 [% saturation]
# name 7 = sbox0dV/dT: Oxygen, SBE 43 [dov/dt]
# name 8 = oxsolML/L: Oxygen Saturation, Garcia & Gordon [ml/l]
# name 9 = oxsatML/L: Oxygen Saturation, Weiss [ml/l]
# name 10 = ph: pH
# name 11 = flECO-AFL: Fluorescence, WET Labs ECO-AFL/FL [mg/m^3]
# name 12 = n2satML/L: Nitrogen Saturation [ml/l]
# name 13 = c0S/m: Conductivity [S/m]
# name 14 = cpar: CPAR/Corrected Irradiance [%]
# name 15 = sigma-é00: Density [sigma-theta, kg/m^3]
# name 16 = sigma-t00: Density [sigma-t, kg/m^3 ]
# name 17 = par: PAR/Irradiance, Biospherical/Licor
# name 18 = prDM: Pressure, Digiquartz [db]
# name 19 = pumps: Pump Status
# name 20 = scan: Scan Count
# name 21 = svCM: Sound Velocity [Chen-Millero, m/s]
# name 22 = spar: SPAR, Biospherical/Licor
# name 23 = specc: Specific Conductance [uS/cm]
# name 24 = timeS: Time, Elapsed [seconds]
# name 25 = timeY: Time, System [seconds]
# name 26 = accM: Acceleration [m/s^2]
# name 27 = dz/dtM: Descent Rate [m/s]
# name 28 = latitude: Latitude [deg]
# name 29 = longitude: Longitude [deg]
# name 30 = gsw_saA0: Absolute Salinity [g/kg]
# name 31 = gsw_densityA0: density, TEOS-10 [density, kg/m^3]
# name 32 = gsw_sigma0A0: density, TEOS-10 [sigma-0, kg/m^3 ]
# name 33 = gsw_ptA0: potential temperature [ITS-90, deg C]
# name 34 = flag: flag
# span 0 =      0.945,     58.546       
# span 1 =     7.5684,    23.5551       
# span 2 =    32.6551,    33.2120       
# span 3 =  1022.0108,  1026.0149       
# span 4 =     3.0839,     4.2675       
# span 5 =     5.4514,     7.2172       
# span 6 =     82.544,    123.828       
# span 7 =   -0.03445,    0.25336       
# span 8 =    4.92256,    6.75307       
# span 9 =    4.91071,    6.76086       
# span 10 =      8.579,      8.920      
# span 11 =     0.0475,     2.6984      
# span 12 =    9.11351,   12.14682      
# span 13 =   3.396580,   4.849994      
# span 14 = -8.550e-08, 1.4254e+02      
# span 15 =    22.0040,    25.7466      
# span 16 =    22.0039,    25.7459      
# span 17 = -5.017e-07, 1.1766e+03      
# span 18 =      1.000,     59.000      
# span 19 =          1,          1      
# span 20 =        467,      22791      
# span 21 =    1479.20,    1528.35      
# span 22 = 5.4866e+02, 2.0161e+03      
# span 23 =  49917.525,  52143.114      
# span 24 =     19.412,    949.566      
# span 25 = 1531773161, 1531774092      
# span 26 =      -0.71,       0.30      
# span 27 =     -0.472,      0.436      
# span 28 =   40.02050,   40.02236      
# span 29 =  -72.50501,  -72.50436      
# span 30 =    32.8181,    33.3802      
# span 31 =  1022.0129,  1026.0180      
# span 32 =    22.0086,    25.7488      
# span 33 =     7.5630,    23.5546      
# span 34 = 0.0000e+00, 0.0000e+00      
# interval = decibars: 1                
# start_time = Jul 16 2018 20:32:22 [System UTC, first data scan.]
# bad_flag = -9.990e-29
*END*
[from data line 83]
     32.744     8.8363    32.9781  1025.7109     3.4041     6.1809     94.646    0.01373    6.53071    6.53529      8.660     0.4922   11.77895   3.509398 3.2196e-01    25.5610    25.5604 1.9153e+00     33.000          1      14651    1483.65 6.0743e+02  51835.881    610.404 1531773752      -0.07     -0.193   40.02169  -72.50462    33.1483  1025.7247    25.5747     8.8329 0.0000e+00
     31.753     9.1645    33.0191  1025.6871     3.4589     6.2331     95.913    0.00660    6.49875    6.50290      8.669     0.6302   11.72571   3.542344 3.2699e-01    25.5419    25.5413 2.2877e+00     32.000          1      14849    1484.90 7.7406e+02  51823.007    618.676 1531773760      -0.07     -0.181   40.02170  -72.50462    33.1872  1025.6991    25.5540     9.1611 0.0000e+00
     30.757     9.3101    33.0351  1025.6717     3.4924     6.3090     97.322    0.00957    6.48259    6.48651      8.676     0.7499   11.69900   3.556741 4.4480e-01    25.5312    25.5306 2.6500e+00     31.000          1      14952    1485.44 6.0047e+02  51814.766    622.975 1531773765      -0.25     -0.278   40.02172  -72.50462    33.2019  1025.6828    25.5423     9.3068 0.0000e+00
     29.769     9.2866    32.9947  1025.6394     3.5559     6.4934     99.587    0.00991    6.52042    6.52478      8.688     0.7836   11.76271   3.549313 5.3777e-01    25.5033    25.5028 3.2217e+00     30.000          1      15111    1485.29 5.9956e+02  51761.927    629.599 1531773771      -0.15     -0.198   40.02173  -72.50462    33.1470  1025.6393    25.5033     9.2834 0.0000e+00
     28.775     9.1676    32.9394  1025.6106     3.6136     6.6079    101.627    0.01038    6.50212    6.50622      8.698     0.7911   11.73242   3.533594 6.1517e-01    25.4790    25.4785 3.8006e+00     29.000          1      15225    1484.76 6.2558e+02  51707.879    634.329 1531773776      -0.11     -0.190   40.02174  -72.50461    33.0946  1025.6129    25.4813     9.1645 0.0000e+00
     27.781     9.3518    32.9411  1025.5779     3.6575     6.6610    103.070    0.00979    6.46281    6.46638      8.712     0.8035   11.66715   3.551298 7.4635e-01    25.4509    25.4505 4.4631e+00     28.000          1      15343    1485.43 5.9857e+02  51671.708    639.256 1531773781      -0.14     -0.348   40.02175  -72.50460    33.1081  1025.5895    25.4625     9.3488 0.0000e+00
     26.789     9.7064    32.9686  1025.5369     3.7076     6.6898    104.807    0.01051    6.38326    6.38579      8.725     0.8156   11.53493   3.586578 8.8749e-01    25.4148    25.4143 5.3503e+00     27.000          1      15478    1486.74 6.0287e+02  51639.285    644.879 1531773787      -0.09     -0.294   40.02176  -72.50460    33.1446  1025.5556    25.4335     9.7034 0.0000e+00
     25.799    10.5523    33.0447  1025.4481     3.7932     6.7493    108.234    0.01758    6.23621    6.23685      8.742     0.9291   11.29052   3.672225 1.0744e+00    25.3309    25.3304 6.3887e+00     26.000          1      15617    1489.85 5.9454e+02  51588.669    650.678 1531773792      -0.03     -0.165   40.02177  -72.50460    33.2396  1025.4814    25.3643    10.5493 0.0000e+00
     24.808    11.5082    33.1473  1025.3547     3.8649     6.7760    110.013    0.00918    6.15916    6.15887      8.751     0.9860   11.16209   3.768207 1.2551e+00    25.2426    25.2420 7.5666e+00     25.000          1      15756    1493.33 6.0305e+02  51566.398    656.451 1531773798      -0.09     -0.230   40.02178  -72.50460    33.3314  1025.3797    25.2676    11.5051 0.0000e+00
     23.813    11.8071    33.1722  1025.3137     3.9238     6.8716    112.276    0.01228    6.12035    6.11958      8.760     0.9968   11.09767   3.798192 1.4915e+00    25.2062    25.2056 8.9865e+00     24.000          1      15882    1494.37 6.0268e+02  51554.104    661.717 1531773803      -0.08     -0.196   40.02180  -72.50460    33.3567  1025.3391    25.2316    11.8041 0.0000e+00
     22.822    12.1570    33.1867  1025.2548     3.9814     6.9374    114.099    0.01023    6.08016    6.07889      8.768     1.2329   11.03098   3.830909 1.1806e+00    25.1519    25.1514 1.0452e+01     23.000          1      16007    1495.58 1.1120e+03  51520.272    666.927 1531773809       0.02     -0.222   40.02180  -72.50459    33.3627  1025.2737    25.1709    12.1540 0.0000e+00
     21.826    12.2513    33.1990  1025.2417     3.9992     6.9662    114.256    0.00393    6.09720    6.09616      8.778     1.3443   11.05905   3.840023 1.1286e+00    25.1434    25.1429 1.2100e+01     22.000          1      17010    1495.89 1.3060e+03  51522.964    708.701 1531773850      -0.17     -0.175   40.02188  -72.50455    33.3673  1025.2547    25.1563    12.2484 0.0000e+00
     20.837    12.3325    33.2058  1025.2271     4.0199     6.9903    115.531    0.01202    6.05064    6.04902      8.793     1.4080   10.98183   3.848802 1.2340e+00    25.1332    25.1327 1.3575e+01     21.000          1      18807    1496.16 1.3134e+03  51519.987    783.586 1531773925      -0.06     -0.222   40.02202  -72.50448    33.3802  1025.2448    25.1509    12.3298 0.0000e+00
     19.846    12.6006    33.2120  1025.1758     4.0561     7.0251    116.305    0.00562    6.04020    6.03844      8.797     1.5662   10.96479   3.873389 1.9681e+00    25.0865    25.0860 1.6459e+01     20.000          1      18863    1497.06 1.0442e+03  51489.139    785.916 1531773928       0.02     -0.220   40.02202  -72.50448    33.3793  1025.1881    25.0988    12.5979 0.0000e+00
     18.854    12.7856    33.1516  1025.0884     4.1281     7.1585    119.667    0.01801    5.98226    5.97971      8.810     1.5360   10.87022   3.884263 2.8924e+00    25.0037    25.0032 2.0807e+01     19.000          1      18990    1497.60 8.9344e+02  51378.863    791.222 1531773933       0.00     -0.184   40.02204  -72.50448    33.3202  1025.1020    25.0173    12.7830 0.0000e+00
     17.861    13.4241    33.0115  1024.8480     4.2209     7.2172    122.879    0.01876    5.87363    5.86975      8.815     1.7812   10.69133   3.930652 2.3223e+00    24.7679    24.7675 2.5566e+01     18.000          1      19093    1499.54 1.3713e+03  51100.022    795.494 1531773937      -0.00     -0.234   40.02204  -72.50446    33.2007  1024.8781    24.7981    13.4216 0.0000e+00
     16.870    14.5694    32.9117  1024.5306     4.2478     7.0217    122.580    0.00132    5.72845    5.72294      8.814     2.0405   10.45102   4.026840 4.9792e+00    24.4554    24.4548 3.2333e+01     17.000          1      19231    1503.15 6.6895e+02  50823.106    801.252 1531773943      -0.04     -0.164   40.02206  -72.50446    33.1077  1024.5666    24.4914    14.5670 0.0000e+00
     15.875    15.5277    32.8978  1024.3072     4.2373     6.9053    122.030   -0.00152    5.65885    5.65261      8.815     2.2295   10.33541   4.115950 3.9490e+00    24.2367    24.2362 3.9202e+01     16.000          1      19332    1506.16 1.3897e+03  50704.619    805.446 1531773947      -0.12     -0.244   40.02207  -72.50446    33.1048  1024.3519    24.2814    15.5253 0.0000e+00
     14.883    16.5471    32.8731  1024.0536     4.2675     6.7882    123.828    0.01097    5.48212    5.47417      8.818     2.6697   10.04185   4.209978 7.2306e+00    23.9877    23.9872 4.7785e+01     15.000          1      19462    1509.26 6.5888e+02  50577.302    810.867 1531773953      -0.09     -0.238   40.02208  -72.50446    33.0893  1024.1054    24.0396    16.5447 0.0000e+00
     13.891    18.1513    32.9244  1023.7066     4.2413     6.5787    121.942   -0.00608    5.39486    5.38614      8.818     2.6984    9.89640   4.367006 9.2775e+00    23.6455    23.6450 5.7516e+01     14.000          1      19596    1514.10 6.3621e+02  50526.396    816.471 1531773958      -0.05     -0.203   40.02209  -72.50445    33.1316  1023.7513    23.6903    18.1489 0.0000e+00
     12.899    18.6919    32.9496  1023.5889     4.2358     6.4938    122.205    0.00212    5.31397    5.30457      8.821     2.4528    9.76220   4.419547 1.0806e+01    23.5323    23.5317 6.4171e+01     13.000          1      19734    1515.69 5.9367e+02  50524.294    822.204 1531773964      -0.02     -0.185   40.02210  -72.50444    33.1401  1023.6207    23.5641    18.6896 0.0000e+00
     11.909    20.4959    32.8226  1023.0210     4.2108     6.1389    120.609   -0.01375    5.08938    5.07836      8.827     1.5050    9.39017   4.581624 1.2458e+01    22.9691    22.9685 7.3586e+01     12.000          1      19880    1520.59 5.9086e+02  50255.838    828.302 1531773970      -0.06     -0.140   40.02212  -72.50444    33.0464  1023.0781    23.0261    20.4937 0.0000e+00
     10.914    21.8434    32.7703  1022.6156     4.1033     5.9262    117.012   -0.01022    5.06456    5.05341      8.827     0.9695    9.34871   4.701841 1.5338e+01    22.5682    22.5676 9.2814e+01     11.000          1      20021    1524.18 6.0800e+02  50126.696    834.181 1531773976      -0.07     -0.182   40.02212  -72.50444    32.9659  1022.6510    22.6036    21.8412 0.0000e+00
      9.921    22.1111    32.7822  1022.5463     4.0711     5.8141    115.856   -0.01086    5.01833    5.00692      8.875     0.7910    9.27219   4.725368 1.8715e+01    22.5033    22.5027 1.6313e+02     10.000          1      21680    1524.88 9.9261e+02  50133.219    903.307 1531774045      -0.10     -0.253   40.02226  -72.50438    32.9469  1022.5582    22.5152    22.1091 0.0000e+00
      8.931    22.5193    32.7278  1022.3866     4.0117     5.6807    113.507   -0.01648    5.00477    4.99328      8.880     0.6594    9.24974   4.758504 9.9705e+00    22.3479    22.3474 1.9320e+02      9.000          1      21841    1525.88 1.8942e+03  50045.220    909.992 1531774052      -0.00     -0.308   40.02228  -72.50438    32.8962  1022.4014    22.3628    22.5175 0.0000e+00
      7.936    22.5738    32.7278  1022.3669     3.9994     5.6792    113.578   -0.00534    5.00028    4.98877      8.883     0.6283    9.24228   4.763322 1.1854e+01    22.3326    22.3321 1.9539e+02      8.000          1      21895    1526.00 1.6633e+03  50043.298    912.260 1531774054      -0.07     -0.459   40.02228  -72.50438    32.8928  1022.3791    22.3447    22.5722 0.0000e+00
      6.947    22.6497    32.7249  1022.3389     3.9973     5.6793    113.731   -0.00018    4.99364    4.98211      8.883     0.5348    9.23127   4.769971 3.3650e+01    22.3089    22.3085 2.4668e+02      7.000          1      21966    1526.18 8.0375e+02  50036.622    915.194 1531774057       0.04     -0.320   40.02229  -72.50438    32.8874  1022.3492    22.3191    22.6483 0.0000e+00
      5.955    22.7539    32.7176  1022.2996     3.9988     5.6404    113.800    0.00052    4.95639    4.94468      8.879     0.3887    9.16974   4.779403 1.5722e+01    22.2738    22.2735 2.9669e+02      6.000          1      22048    1526.42 1.8551e+03  50023.263    918.612 1531774060       0.02     -0.270   40.02230  -72.50437    32.8822  1022.3115    22.2857    22.7527 0.0000e+00
      4.961    23.0444    32.6799  1022.1840     3.9881     5.5746    113.160   -0.00535    4.92636    4.91452      8.870     0.3132    9.11993   4.803761 1.8178e+01    22.1626    22.1623 1.9936e+02      5.000          1      22108    1527.11 1.2293e+03  49963.011    921.122 1531774063      -0.20     -0.464   40.02230  -72.50436    32.8523  1022.2018    22.1804    23.0434 0.0000e+00
      3.969    23.5183    32.6551  1022.0249     3.9622     5.5197    112.099   -0.00870    4.92393    4.91208      8.869     0.2455    9.11582   4.847066 3.6312e+01    22.0078    22.0075 2.6856e+02      4.000          1      22176    1528.28 8.8182e+02  49917.525    923.960 1531774066       0.06     -0.304   40.02230  -72.50436    32.8303  1022.0446    22.0275    23.5175 0.0000e+00
      2.979    23.5469    32.6630  1022.0182     3.9536     5.5153    112.031   -0.00301    4.92301    4.91116 -9.990e-29     0.2050    9.11427   4.849523 3.7713e+01    22.0054    22.0052 7.1688e+02      3.000          1      22258    1528.34 1.8925e+03  49926.990    927.357 1531774069      -0.06     -0.276   40.02232  -72.50436    32.8281  1022.0302    22.0174    23.5463 0.0000e+00
      1.980    23.5551    32.6644  1022.0125     3.9574     5.5279    112.296    0.00004    4.92256    4.91071      8.871     0.2075    9.11351   4.849994 8.8842e+01    22.0040    22.0039 9.0693e+02      2.000          1      22337    1528.35 1.2236e+03  49928.275    930.678 1531774072      -0.06     -0.253   40.02232  -72.50436    32.8259  1022.0219    22.0133    23.5546 0.0000e+00
      0.945    23.5509    32.6665  1022.0108     3.9356     5.4514    110.723   -0.01845    4.92346    4.91161 -9.990e-29     0.1315    9.11497   4.848510 2.9618e+01    22.0067    22.0066 1.0561e+03      1.000          1      22791    1528.32 1.9853e+03  49930.854    949.566 1531774092      -0.71     -0.472   40.02236  -72.50436    32.8181  1022.0129    22.0086    23.5507 0.0000e+00
