CalculateIndicators/WaterTemperature/Data/CTD_NYOS/NY1807C09.cnv
* Sea-Bird SBE 9 Data File:
* FileName = C:\Seabird 9 CTD\Data\2018\OffshoreCruise201807\NY1807C09.hex
* Software Version Seasave V 7.23.2
* Temperature SN = 4590
* Conductivity SN = 3228
* Number of Bytes Per Scan = 44
* Number of Voltage Words = 5
* Number of Scans Averaged by the Deck Unit = 1
* NMEA Latitude = 40 34.46 N
* NMEA Longitude = 072 42.76 W
* NMEA UTC (Time) = Jul 16 2018  12:23:49
* NMEA baud rate = 4800
** Ship: RV Seawolf
** Station: NY1807C09
** Operator: ajb
# nquan = 35
# nvalues = 66                          
# units = specified
# name 0 = depSM: Depth [salt water, m]
# name 1 = t090C: Temperature [ITS-90, deg C]
# name 2 = sal00: Salinity, Practical [PSU]
# name 3 = density00: Density [density, kg/m^3]
# name 4 = sbeox0V: Oxygen raw, SBE 43 [V]
# name 5 = sbeox0ML/L: Oxygen, SBE 43 [ml/l]
# name 6 = sbeox0PS: Oxygen, SBE 43 [% saturation]
# name 7 = sbox0dV/dT: Oxygen, SBE 43 [dov/dt]
# name 8 = oxsolML/L: Oxygen Saturation, Garcia & Gordon [ml/l]
# name 9 = oxsatML/L: Oxygen Saturation, Weiss [ml/l]
# name 10 = ph: pH
# name 11 = flECO-AFL: Fluorescence, WET Labs ECO-AFL/FL [mg/m^3]
# name 12 = n2satML/L: Nitrogen Saturation [ml/l]
# name 13 = c0S/m: Conductivity [S/m]
# name 14 = cpar: CPAR/Corrected Irradiance [%]
# name 15 = sigma-é00: Density [sigma-theta, kg/m^3]
# name 16 = sigma-t00: Density [sigma-t, kg/m^3 ]
# name 17 = par: PAR/Irradiance, Biospherical/Licor
# name 18 = prDM: Pressure, Digiquartz [db]
# name 19 = pumps: Pump Status
# name 20 = scan: Scan Count
# name 21 = svCM: Sound Velocity [Chen-Millero, m/s]
# name 22 = spar: SPAR, Biospherical/Licor
# name 23 = specc: Specific Conductance [uS/cm]
# name 24 = timeS: Time, Elapsed [seconds]
# name 25 = timeY: Time, System [seconds]
# name 26 = accM: Acceleration [m/s^2]
# name 27 = dz/dtM: Descent Rate [m/s]
# name 28 = latitude: Latitude [deg]
# name 29 = longitude: Longitude [deg]
# name 30 = gsw_saA0: Absolute Salinity [g/kg]
# name 31 = gsw_densityA0: density, TEOS-10 [density, kg/m^3]
# name 32 = gsw_sigma0A0: density, TEOS-10 [sigma-0, kg/m^3 ]
# name 33 = gsw_ptA0: potential temperature [ITS-90, deg C]
# name 34 = flag: flag
# span 0 =      0.991,     33.747       
# span 1 =     8.9167,    22.2334       
# span 2 =    31.2676,    32.6671       
# span 3 =  1021.3266,  1025.4358       
# span 4 =     2.9983,     4.4305       
# span 5 =     5.1982,     7.5229       
# span 6 =     79.169,    129.849       
# span 7 =   -0.03615,    0.03925       
# span 8 =    5.08045,    6.56601       
# span 9 =    5.06896,    6.57071       
# span 10 =      8.565,      8.896      
# span 11 =     0.2099,     1.5455      
# span 12 =    9.39007,   11.84167      
# span 13 =   3.482532,   4.541733      
# span 14 = 7.4814e-02, 5.8329e+00      
# span 15 =    21.3222,    25.2829      
# span 16 =    21.3222,    25.2824      
# span 17 = 1.4470e+00, 1.1556e+02      
# span 18 =      1.000,     34.000      
# span 19 =          1,          1      
# span 20 =        768,      22237      
# span 21 =    1483.51,    1523.40      
# span 22 = 1.8930e+03, 1.9824e+03      
# span 23 =  48053.800,  51336.790      
# span 24 =     31.941,    926.500      
# span 25 = 1531743864, 1531744758      
# span 26 =      -0.45,       0.27      
# span 27 =     -0.319,      0.360      
# span 28 =   40.57446,   40.57564      
# span 29 =  -72.71369,  -72.71272      
# span 30 =    31.4172,    32.8098      
# span 31 =  1021.3316,  1025.4389      
# span 32 =    21.3273,    25.2856      
# span 33 =     8.9133,    22.2332      
# span 34 = 0.0000e+00, 0.0000e+00      
# interval = decibars: 1                
# start_time = Jul 16 2018 12:23:52 [System UTC, first data scan.]
# bad_flag = -9.990e-29
*END*
[from data line 42]
     23.809     9.7372    32.6349  1025.2580     3.5649     6.4015     99.440    0.00618    6.43760    6.44052      8.692     0.6657   11.62935   3.555351 3.7314e-01    25.1494    25.1489 7.1714e+00     24.000          1      10242    1486.39 1.9216e+03  51160.094    426.720 1531744258      -0.45     -0.295   40.57491  -72.71316    32.7976  1025.2676    25.1589     9.7346 0.0000e+00
     22.816     9.9564    32.6281  1025.2119     3.6508     6.5893    103.047    0.01405    6.39495    6.39728      8.710     0.7179   11.55889   3.574358 4.1930e-01    25.1079    25.1075 8.1152e+00     23.000          1      10407    1487.16 1.9352e+03  51108.501    433.602 1531744265      -0.22     -0.315   40.57492  -72.71318    32.7928  1025.2231    25.1191     9.9539 0.0000e+00
     21.829    10.2598    32.6204  1025.1506     3.7281     6.6772    104.766    0.00233    6.37342    6.37547      8.717     0.7025   11.52322   3.600299 4.7797e-01    25.0512    25.0508 9.2424e+00     22.000          1      10620    1488.23 1.9338e+03  51040.593    442.467 1531744274       0.01     -0.139   40.57494  -72.71319    32.7820  1025.1596    25.0603    10.2573 0.0000e+00
     20.836    10.3810    32.6135  1025.1199     3.7386     6.7105    105.850    0.01168    6.34007    6.34166      8.727     0.5647   11.46812   3.610467 5.4484e-01    25.0252    25.0248 1.0533e+01     21.000          1      10829    1488.64 1.9333e+03  51008.456    451.147 1531744283      -0.10     -0.143   40.57495  -72.71321    32.7758  1025.1296    25.0348    10.3786 0.0000e+00
     19.844    10.7388    32.5876  1025.0336     3.8484     6.8921    109.621    0.01144    6.28749    6.28838      8.744     0.6616   11.38129   3.640038 6.3180e-01    24.9435    24.9431 1.2241e+01     20.000          1      11036    1489.87 1.9376e+03  50908.396    459.780 1531744291      -0.11     -0.158   40.57496  -72.71322    32.7518  1025.0450    24.9549    10.7365 0.0000e+00
     18.849    11.1179    32.5764  1024.9535     3.9440     7.1547    114.717    0.03457    6.23685    6.23710      8.768     0.8699   11.29731   3.673815 7.5351e-01    24.8681    24.8677 1.4632e+01     19.000          1      12147    1491.18 1.9414e+03  50828.496    506.098 1531744338      -0.11     -0.254   40.57503  -72.71328    32.7499  1024.9723    24.8869    11.1156 0.0000e+00
     17.862    11.5043    32.6103  1024.9061     4.0843     7.4099    119.722    0.03698    6.18922    6.18888      8.789     0.9421   11.21822   3.711683 8.8502e-01    24.8252    24.8248 1.7231e+01     18.000          1      13744    1492.55 1.9471e+03  50812.157    572.629 1531744404      -0.05     -0.171   40.57513  -72.71335    32.7811  1024.9228    24.8420    11.5021 0.0000e+00
     16.866    11.6650    32.6041  1024.8674     4.1838     7.4889    121.274    0.01210    6.17516    6.17463      8.792     1.0193   11.19518   3.724704 1.0278e+00    24.7911    24.7908 2.0021e+01     17.000          1      13718    1493.09 1.9479e+03  50778.172    571.558 1531744403      -0.13     -0.261   40.57513  -72.71335    32.7671  1024.8782    24.8019    11.6629 0.0000e+00
     15.873    11.8541    32.5871  1024.8147     4.2351     7.5229    122.988    0.01182    6.11688    6.11560      8.795     1.0801   11.09915   3.740498 1.2308e+00    24.7430    24.7427 2.3980e+01     16.000          1      13843    1493.70 1.9481e+03  50725.268    576.733 1531744408      -0.23     -0.319   40.57514  -72.71336    32.7550  1024.8295    24.7578    11.8521 0.0000e+00
     14.883    12.5166    32.5205  1024.6335     4.2867     7.4933    124.262    0.00543    6.03029    6.02792      8.795     1.3763   10.95634   3.793940 1.4512e+00    24.5665    24.5661 2.8293e+01     15.000          1      13994    1495.87 1.9497e+03  50534.718    583.051 1531744415      -0.11     -0.211   40.57514  -72.71337    32.6926  1024.6520    24.5849    12.5146 0.0000e+00
     13.892    13.4513    32.4438  1024.3860     4.3552     7.4410    127.300    0.01610    5.84529    5.84074      8.791     1.5455   10.65076   3.872339 1.6794e+00    24.3237    24.3233 3.2687e+01     14.000          1      14131    1498.90 1.9468e+03  50304.866    588.765 1531744420      -0.08     -0.191   40.57516  -72.71338    32.6308  1024.4165    24.3542    13.4494 0.0000e+00
     12.899    15.3178    32.2624  1023.8499     4.4305     7.2974    129.849    0.01681    5.62084    5.61388      8.797     1.5163   10.28016   4.026422 2.1481e+00    23.7925    23.7921 4.2003e+01     13.000          1      14266    1504.70 1.9553e+03  49846.210    594.391 1531744426      -0.01     -0.162   40.57516  -72.71338    32.4766  1023.9024    23.8450    15.3158 0.0000e+00
     11.905    17.4878    32.1123  1023.2348     4.3468     6.8377    124.387   -0.02637    5.49737    5.48922      8.800     1.1508   10.07533   4.209267 2.5309e+00    23.1822    23.1817 4.9481e+01     12.000          1      15149    1511.17 1.9547e+03  49456.193    631.157 1531744463      -0.02     -0.216   40.57521  -72.71341    32.3208  1023.2835    23.2310    17.4858 0.0000e+00
     10.915    18.6600    31.9939  1022.8577     4.2694     6.6093    122.966   -0.00485    5.37480    5.36552      8.821     0.8313    9.87321   4.299590 2.8759e+00    22.8098    22.8093 5.6095e+01     11.000          1      17209    1514.48 1.9508e+03  49212.036    717.015 1531744549      -0.04     -0.129   40.57532  -72.71348    32.1621  1022.8762    22.8282    18.6581 0.0000e+00
      9.923    19.3791    31.8964  1022.5991     4.2004     6.3584    119.997   -0.01589    5.29835    5.28844      8.810     0.6501    9.74701   4.355235 2.5639e+00    22.5556    22.5551 5.0211e+01     10.000          1      17431    1516.42 1.9585e+03  49036.280    726.243 1531744558      -0.13     -0.198   40.57532  -72.71348    32.0674  1022.6199    22.5764    19.3773 0.0000e+00
      8.927    20.4307    31.8461  1022.2841     4.0574     5.9594    114.886   -0.01913    5.18700    5.17631      8.793     0.4917    9.56206   4.448815 2.4785e+00    22.2451    22.2447 4.8417e+01      9.000          1      17628    1519.29 1.9535e+03  48916.421    734.474 1531744566      -0.13     -0.184   40.57534  -72.71349    32.0273  1022.3126    22.2736    20.4290 0.0000e+00
      7.938    21.6940    31.6553  1021.7971     3.9174     5.6199    110.136   -0.01751    5.10240    5.09111      8.776     0.3911    9.42393   4.541733 2.2251e+00    21.7626    21.7622 4.3461e+01      8.000          1      17858    1522.50 1.9532e+03  48603.661    744.047 1531744576      -0.11     -0.136   40.57535  -72.71350    31.8243  1021.8167    21.7821    21.6925 0.0000e+00
      6.944    22.1216    31.2983  1021.4048     3.8131     5.4486    107.090   -0.00468    5.08782    5.07638      8.766     0.3343    9.40219   4.534463 2.0891e+00    21.3747    21.3743 4.0837e+01      7.000          1      18109    1523.23 1.9549e+03  48098.418    754.504 1531744586      -0.10     -0.125   40.57536  -72.71350    31.4547  1021.4160    21.3858    22.1202 0.0000e+00
      5.953    22.1681    31.2676  1021.3644     3.8082     5.4476    107.154    0.00065    5.08394    5.07248      8.771     0.2912    9.39592   4.533948 2.0458e+00    21.3386    21.3383 3.9937e+01      6.000          1      18419    1523.30 1.9521e+03  48054.262    767.429 1531744599      -0.09     -0.141   40.57538  -72.71352    31.4172  1021.3705    21.3446    22.1670 0.0000e+00
      4.957    22.1680    31.2699  1021.3619     3.8057     5.4368    106.907   -0.00252    5.08557    5.07411      8.784     0.2792    9.39861   4.534019 2.0888e+00    21.3404    21.3401 4.1158e+01      5.000          1      19546    1523.29 1.9704e+03  48057.093    814.382 1531744646      -0.11     -0.223   40.57546  -72.71357    31.4182  1021.3669    21.3454    22.1670 0.0000e+00
      3.971    22.1675    31.2702  1021.3579     3.8049     5.4445    107.105    0.00284    5.08331    5.07185      8.796     0.2603    9.39485   4.533999 2.2692e+00    21.3406    21.3404 4.4271e+01      4.000          1      20621    1523.27 1.9506e+03  48056.979    859.156 1531744691      -0.07     -0.208   40.57554  -72.71362    31.4186  1021.3631    21.3458    22.1667 0.0000e+00
      2.976    22.2058    31.2690  1021.3421     3.8076     5.4401    107.074    0.00029    5.08074    5.06926      8.796     0.2356    9.39056   4.537558 2.6592e+00    21.3291    21.3290 5.2609e+01      3.000          1      20672    1523.36 1.9781e+03  48053.903    861.292 1531744693       0.02     -0.289   40.57554  -72.71362    31.4188  1021.3482    21.3353    22.2052 0.0000e+00
      1.984    22.2260    31.2699  1021.3328     3.8076     5.4382    107.041   -0.00014    5.08045    5.06896      8.796     0.2363    9.39007   4.539368 3.1503e+00    21.3241    21.3240 6.1738e+01      2.000          1      20791    1523.39 1.9596e+03  48054.067    866.239 1531744698      -0.03     -0.193   40.57554  -72.71363    31.4185  1021.3380    21.3294    22.2256 0.0000e+00
      0.991    22.2334    31.2702  1021.3266     3.7937     5.8008    106.503   -0.00107    5.44713    5.43509      8.806     0.7525   10.13023   4.540019 5.8329e+00    21.3222    21.3222 1.1556e+02      1.000          1      22237    1523.40 1.9824e+03  48053.800    926.500 1531744758      -0.01     -0.219   40.57564  -72.71369    31.4185  1021.3316    21.3273    22.2332 0.0000e+00
