CalculateIndicators/WaterTemperature/Data/CTD_NYOS/NY1807C22.cnv
* Sea-Bird SBE 9 Data File:
* FileName = C:\Seabird 9 CTD\Data\2018\OffshoreCruise201807\NY1807C22.hex
* Software Version Seasave V 7.23.2
* Temperature SN = 4590
* Conductivity SN = 3228
* Number of Bytes Per Scan = 44
* Number of Voltage Words = 5
* Number of Scans Averaged by the Deck Unit = 1
* NMEA Latitude = 39 26.77 N
* NMEA Longitude = 072 38.09 W
* NMEA UTC (Time) = Jul 19 2018  05:02:16
* NMEA baud rate = 4800
** Ship: RV Seawolf
** Station: NY1807C22
** Operator: jdw
# nquan = 35
# nvalues = 182                         
# units = specified
# name 0 = depSM: Depth [salt water, m]
# name 1 = t090C: Temperature [ITS-90, deg C]
# name 2 = sal00: Salinity, Practical [PSU]
# name 3 = density00: Density [density, kg/m^3]
# name 4 = sbeox0V: Oxygen raw, SBE 43 [V]
# name 5 = sbeox0ML/L: Oxygen, SBE 43 [ml/l]
# name 6 = sbeox0PS: Oxygen, SBE 43 [% saturation]
# name 7 = sbox0dV/dT: Oxygen, SBE 43 [dov/dt]
# name 8 = oxsolML/L: Oxygen Saturation, Garcia & Gordon [ml/l]
# name 9 = oxsatML/L: Oxygen Saturation, Weiss [ml/l]
# name 10 = ph: pH
# name 11 = flECO-AFL: Fluorescence, WET Labs ECO-AFL/FL [mg/m^3]
# name 12 = n2satML/L: Nitrogen Saturation [ml/l]
# name 13 = c0S/m: Conductivity [S/m]
# name 14 = cpar: CPAR/Corrected Irradiance [%]
# name 15 = sigma-é00: Density [sigma-theta, kg/m^3]
# name 16 = sigma-t00: Density [sigma-t, kg/m^3 ]
# name 17 = par: PAR/Irradiance, Biospherical/Licor
# name 18 = prDM: Pressure, Digiquartz [db]
# name 19 = pumps: Pump Status
# name 20 = scan: Scan Count
# name 21 = svCM: Sound Velocity [Chen-Millero, m/s]
# name 22 = spar: SPAR, Biospherical/Licor
# name 23 = specc: Specific Conductance [uS/cm]
# name 24 = timeS: Time, Elapsed [seconds]
# name 25 = timeY: Time, System [seconds]
# name 26 = accM: Acceleration [m/s^2]
# name 27 = dz/dtM: Descent Rate [m/s]
# name 28 = latitude: Latitude [deg]
# name 29 = longitude: Longitude [deg]
# name 30 = gsw_saA0: Absolute Salinity [g/kg]
# name 31 = gsw_densityA0: density, TEOS-10 [density, kg/m^3]
# name 32 = gsw_sigma0A0: density, TEOS-10 [sigma-0, kg/m^3 ]
# name 33 = gsw_ptA0: potential temperature [ITS-90, deg C]
# name 34 = flag: flag
# span 0 =      0.970,     91.285       
# span 1 =     8.4760,    23.1660       
# span 2 =    32.9379,    33.6979       
# span 3 =  1022.3414,  1026.5295       
# span 4 =     3.1099,     4.2107       
# span 5 =     5.2168,     6.8006       
# span 6 =     83.442,    122.113       
# span 7 =   -0.06785,    0.05624       
# span 8 =    4.94805,    6.59271       
# span 9 =    4.93637,    6.59871       
# span 10 =      8.634,      8.938      
# span 11 =    -0.0405,     1.1542      
# span 12 =    9.15311,   11.87530      
# span 13 =   3.523624,   4.849620      
# span 14 = 2.5320e-11, 8.8534e+01      
# span 15 =    22.3328,    26.1123      
# span 16 =    22.3327,    26.1108      
# span 17 = 1.0000e-12, 3.4966e+00      
# span 18 =      1.000,     92.000      
# span 19 =          1,          1      
# span 20 =        -76,      13386      
# span 21 =    1483.38,    1527.75      
# span 22 = 3.9495e+00, 3.9495e+00      
# span 23 =  50314.223,  52871.709      
# span 24 =     -3.206,    557.727      
# span 25 = 1531976599, 1531977160      
# span 26 =      -0.42,       0.37      
# span 27 =     -0.900,      0.987      
# span 28 =   39.44634,   39.44769      
# span 29 =  -72.63514,  -72.63496      
# span 30 =    33.1069,    33.8576      
# span 31 =  1022.3459,  1026.5320      
# span 32 =    22.3404,    26.1161      
# span 33 =     8.4697,    23.1658      
# span 34 = 0.0000e+00, 0.0000e+00      
# interval = decibars: 1                
# start_time = Jul 19 2018 05:03:23 [System UTC, first data scan.]
# bad_flag = -9.990e-29
*END*
      1.987    23.1583    32.9628  1022.3527     3.7997     5.2990    107.081    0.00679    4.94861    4.93693      8.908     0.1429    9.15397   4.849620 2.5320e-11    22.3442    22.3440 1.0000e-12      2.000          1        -76    1527.66 3.9495e+00  50344.773     -3.206 1531976599       0.37     -0.236   39.44634  -72.63496    33.1191  1022.3573    22.3487    23.1578 0.0000e+00
      2.973    23.1548    32.9593  1022.3555     3.7795     5.2489    106.051   -0.00158    4.94938    4.93770      8.908     0.1281    9.15533   4.848817 2.5320e-11    22.3426    22.3425 1.0000e-12      3.000          1        516    1527.67 3.9495e+00  50340.647     21.441 1531976624       0.05      0.223   39.44639  -72.63501    33.1153  1022.3597    22.3469    23.1542 0.0000e+00
      3.971    23.1538    32.9574  1022.3587     3.7788     5.2490    106.057   -0.00115    4.94924    4.93756 -9.990e-29     0.1142    9.15509   4.848528 2.5320e-11    22.3415    22.3413 1.0000e-12      4.000          1        483    1527.68 3.9495e+00  50338.515     20.084 1531976623       0.14      0.573   39.44640  -72.63500    33.1135  1022.3630    22.3458    23.1530 0.0000e+00
      4.960    23.1538    32.9568  1022.3625     3.7762     5.2435    105.946   -0.00192    4.94921    4.93754      8.908     0.1178    9.15504   4.848492 2.5320e-11    22.3411    22.3408 1.0000e-12      5.000          1        526    1527.69 3.9495e+00  50338.011     21.886 1531976625      -0.04      0.562   39.44640  -72.63500    33.1129  1022.3669    22.3455    23.1527 0.0000e+00
      5.954    23.1541    32.9574  1022.3672     3.7802     5.2609    106.296    0.00247    4.94925    4.93757      8.908     0.1208    9.15505   4.848646 2.5320e-11    22.3415    22.3412 1.0000e-12      6.000          1        566    1527.71 3.9495e+00  50339.319     23.534 1531976626       0.04      0.602   39.44640  -72.63500    33.1135  1022.3716    22.3459    23.1529 0.0000e+00
      6.946    23.1543    32.9581  1022.3721     3.7889     5.2858    106.742    0.00533    4.95192    4.94025      8.908     0.1395    9.15942   4.848829 2.5320e-11    22.3421    22.3417 1.0000e-12      7.000          1        602    1527.73 3.9495e+00  50340.752     25.048 1531976628       0.03      0.653   39.44640  -72.63500    33.1144  1022.3766    22.3466    23.1529 0.0000e+00
      7.939    23.1528    32.9630  1022.3805     3.7914     5.3066    106.695    0.00204    4.97358    4.96203      8.911     0.1399    9.19479   4.849311 2.5320e-11    22.3463    22.3458 1.0000e-12      8.000          1        637    1527.75 3.9495e+00  50347.842     26.495 1531976629       0.01      0.688   39.44640  -72.63500    33.1190  1022.3848    22.3505    23.1512 0.0000e+00
      8.929    23.1294    32.9684  1022.3957     3.8093     5.3817    107.687    0.00974    4.99752    4.98611      8.914     0.1445    9.23374   4.847462 2.5320e-11    22.3571    22.3566 1.0000e-12      9.000          1        671    1527.71 3.9495e+00  50356.167     27.903 1531976631       0.02      0.703   39.44641  -72.63500    33.1221  1022.3982    22.3597    23.1275 0.0000e+00
      9.923    22.9275    33.0180  1022.4952     3.8408     5.4780    109.354    0.02173    5.00937    4.99803      8.915     0.1610    9.25306   4.832659 2.5320e-11    22.4524    22.4518 1.0000e-12     10.000          1        701    1527.26 3.9495e+00  50429.631     29.178 1531976632       0.06      0.762   39.44642  -72.63500    33.1603  1022.4891    22.4462    22.9255 0.0000e+00
     10.920    22.6218    33.1072  1022.6540     3.8668     5.5341    110.308    0.02247    5.01700    5.00570      8.917     0.1907    9.26554   4.813934 2.5320e-11    22.6068    22.6062 1.0000e-12     11.000          1        733    1526.59 3.9495e+00  50560.729     30.511 1531976633      -0.06      0.777   39.44642  -72.63500    33.2472  1022.6459    22.5986    22.6196 0.0000e+00
     11.907    22.3827    33.1750  1022.7771     3.8835     5.5646    110.282    0.00883    5.04580    5.03467      8.918     0.1965    9.31289   4.799421 2.5320e-11    22.7256    22.7249 1.0000e-12     12.000          1        779    1526.06 3.9495e+00  50660.733     32.420 1531976635      -0.12      0.524   39.44642  -72.63500    33.3165  1022.7701    22.7185    22.3803 0.0000e+00
     12.894    22.2525    33.2033  1022.8394     3.8967     5.6365    110.625    0.00598    5.09506    5.08421      8.919     0.2407    9.39518   4.789939 2.5320e-11    22.7836    22.7829 1.0000e-12     13.000          1        819    1525.77 3.9495e+00  50703.899     34.084 1531976637       0.22      0.560   39.44642  -72.63502    33.3420  1022.8302    22.7743    22.2499 0.0000e+00
     13.895    22.0322    33.2441  1022.9362     3.9113     5.7780    111.508    0.01326    5.18166    5.17134      8.925     0.3185    9.54022   4.772367 2.5320e-11    22.8761    22.8753 1.0000e-12     14.000          1        844    1525.25 3.9495e+00  50767.589     35.116 1531976638       0.25      0.849   39.44642  -72.63502    33.3735  1022.9198    22.8596    22.0294 0.0000e+00
     14.889    21.7598    33.2594  1023.0276     3.9354     5.9445    112.559    0.01679    5.28108    5.27151      8.931     0.4855    9.70524   4.746308 2.5320e-11    22.9631    22.9623 1.0000e-12     15.000          1        871    1524.56 3.9495e+00  50798.918     36.254 1531976639      -0.08      0.936   39.44644  -72.63502    33.3785  1023.0034    22.9389    21.7569 0.0000e+00
     15.879    20.8221    33.1422  1023.1970     4.0140     6.3207    116.990    0.04593    5.40223    5.39368      8.933     0.6724    9.90618   4.633804 2.5320e-11    23.1279    23.1271 1.0000e-12     16.000          1        908    1521.92 3.9495e+00  50677.426     37.804 1531976640      -0.15      0.683   39.44644  -72.63502    33.2106  1023.1351    23.0660    20.8191 0.0000e+00
     16.869    19.1363    33.1570  1023.6524     4.0980     6.6317    120.116    0.04705    5.52098    5.51354      8.935     0.7862   10.10306   4.469018 2.5320e-11    23.5785    23.5778 1.0000e-12     17.000          1        953    1517.26 3.9495e+00  50784.284     39.650 1531976642      -0.02      0.538   39.44644  -72.63502    33.1955  1023.5679    23.4940    19.1333 0.0000e+00
     17.858    17.9536    33.1921  1023.9786     4.1253     6.6692    119.299    0.01633    5.59030    5.58354      8.933     0.8888   10.21786   4.361729 2.5320e-11    23.9001    23.8994 1.0000e-12     18.000          1        993    1513.90 3.9495e+00  50907.687     41.341 1531976644       0.07      0.575   39.44644  -72.63502    33.2466  1023.9060    23.8275    17.9505 0.0000e+00
     18.852    17.1945    33.2125  1024.1804     4.1347     6.6996    119.216    0.00945    5.61971    5.61328      8.935     0.9144   10.26614   4.287497 2.5320e-11    24.0972    24.0965 1.0000e-12     19.000          1       1022    1511.68 3.9495e+00  50993.316     42.559 1531976645       0.19      0.748   39.44645  -72.63502    33.2296  1024.0791    23.9959    17.1914 0.0000e+00
     19.853    16.5777    33.2499  1024.3583     4.1334     6.7748    118.801    0.00332    5.70285    5.69731      8.938     0.9245   10.40388   4.238039 2.5320e-11    24.2705    24.2698 1.0000e-12     20.000          1       1049    1509.88 3.9495e+00  51095.959     43.656 1531976646       0.05      0.904   39.44646  -72.63502    33.3088  1024.2884    24.2007    16.5745 0.0000e+00
     20.838    16.2437    33.2906  1024.4705     4.0851     6.7370    115.178   -0.02561    5.84935    5.84543      8.928     0.9282   10.64671   4.211371 2.5320e-11    24.3783    24.3775 1.0000e-12     21.000          1       1089    1508.92 3.9495e+00  51181.619     45.341 1531976648      -0.22      0.633   39.44646  -72.63503    33.3524  1024.4028    24.3105    16.2404 0.0000e+00
     21.829    15.0871    33.3301  1024.7627     4.0461     6.6943    113.875   -0.02476    5.87857    5.87498      8.918     0.9604   10.69533   4.099480 2.5320e-11    24.6655    24.6648 1.0000e-12     22.000          1       1129    1505.36 3.9495e+00  51349.959     46.986 1531976650       0.19      0.575   39.44646  -72.63504    33.3265  1024.6443    24.5472    15.0838 0.0000e+00
     22.827    14.1504    33.3434  1024.9781     4.0158     6.7626    113.076   -0.02061    5.98084    5.97846      8.918     1.0195   10.86481   4.018416 2.5320e-11    24.8762    24.8755 1.0000e-12     23.000          1       1163    1502.40 3.9495e+00  51472.630     48.421 1531976651      -0.05      0.710   39.44647  -72.63504    33.3878  1024.8960    24.7940    14.1472 0.0000e+00
     23.810    13.8286    33.3297  1025.0389     3.9589     6.8006    110.254   -0.03101    6.16821    6.16818      8.904     1.0394   11.17502   3.987038 2.5320e-11    24.9324    24.9317 1.0000e-12     24.000          1       1205    1501.35 3.9495e+00  51492.860     50.170 1531976653       0.00      0.544   39.44648  -72.63504    33.3748  1024.9571    24.8506    13.8252 0.0000e+00
     24.807    13.1442    33.3356  1025.1869     3.9041     6.6477    107.260   -0.04483    6.19772    6.19807      8.888     1.0145   11.22391   3.922297 2.5320e-11    25.0756    25.0749 1.0000e-12     25.000          1       1234    1499.11 3.9495e+00  51588.971     51.394 1531976654       0.23      0.735   39.44648  -72.63504    33.3638  1025.0917    24.9805    13.1408 0.0000e+00
     25.804    12.0635    33.3345  1025.3999     3.8624     6.6020    106.190   -0.03973    6.21722    6.21782      8.885     1.0732   11.25634   3.818290 2.5320e-11    25.2836    25.2829 1.0000e-12     26.000          1       1261    1495.47 3.9495e+00  51743.722     52.503 1531976655       0.05      0.898   39.44648  -72.63504    33.3221  1025.2726    25.1563    12.0602 0.0000e+00
     26.797    11.4498    33.3489  1025.5304     3.8264     6.5873    105.802   -0.02865    6.22607    6.22677      8.885     1.0956   11.27111   3.769043 2.5320e-11    25.4093    25.4087 1.0000e-12     27.000          1       1295    1493.40 3.9495e+00  51859.836     53.931 1531976656      -0.17      0.762   39.44648  -72.63504    33.3908  1025.4447    25.3236    11.4465 0.0000e+00
     27.783    11.1781    33.3281  1025.5682     3.7962     6.6503    106.081   -0.01202    6.26913    6.27047      8.879     1.0085   11.34150   3.745196 2.5320e-11    25.4425    25.4419 1.0000e-12     28.000          1       1349    1492.44 3.9495e+00  51875.935     56.161 1531976659      -0.06      0.419   39.44649  -72.63504    33.4004  1025.5059    25.3801    11.1747 0.0000e+00
     28.769    11.1484    33.3295  1025.5791     3.7349     6.5484    102.348   -0.03146    6.39816    6.40126      8.865     0.7435   11.55492   3.744816 2.5320e-11    25.4489    25.4483 1.0000e-12     29.000          1       1391    1492.35 3.9495e+00  51883.097     57.913 1531976661       0.23      0.542   39.44650  -72.63504    33.4232  1025.5334    25.4032    11.1449 0.0000e+00
     29.771    10.9043    33.3981  1025.6806     3.6581     6.2011     96.769   -0.06591    6.40815    6.41137      8.852     0.6476   11.57168   3.727586 2.5320e-11    25.5457    25.5451 1.0000e-12     30.000          1       1415    1491.60 3.9495e+00  52022.225     58.924 1531976662       0.29      0.843   39.44650  -72.63504    33.4734  1025.6203    25.4854    10.9007 0.0000e+00
     30.769    10.3710    33.4218  1025.7965     3.5926     6.0495     94.308   -0.06785    6.41462    6.41792      8.836     0.5779   11.58252   3.678160 2.5320e-11    25.6568    25.6562 1.0000e-12     31.000          1       1440    1489.75 3.9495e+00  52152.519     59.974 1531976663      -0.02      0.987   39.44650  -72.63504    33.4644  1025.7104    25.5706    10.3674 0.0000e+00
     31.755     9.8287    33.3902  1025.8689     3.5230     6.0184     93.718   -0.04593    6.42180    6.42520      8.827     0.5263   11.59443   3.629923 2.5320e-11    25.7242    25.7236 1.0000e-12     32.000          1       1480    1487.78 3.9495e+00  52211.271     61.609 1531976664      -0.21      0.660   39.44650  -72.63504    33.4745  1025.8147    25.6701     9.8251 0.0000e+00
     32.744     9.7448    33.3699  1025.8715     3.4801     6.0554     94.260   -0.02181    6.42416    6.42759      8.821     0.4916   11.59832   3.622098 2.5320e-11    25.7223    25.7217 1.0000e-12     33.000          1       1526    1487.47 3.9495e+00  52199.755     63.527 1531976666       0.03      0.510   39.44650  -72.63504    33.4717  1025.8310    25.6818     9.7412 0.0000e+00
     33.738     9.6926    33.3721  1025.8864     3.4629     6.0543     94.428   -0.01281    6.41161    6.41487      8.820     0.4884   11.57741   3.618543 2.5320e-11    25.7326    25.7320 1.0000e-12     34.000          1       1562    1487.30 3.9495e+00  52213.859     65.035 1531976668       0.12      0.640   39.44652  -72.63504    33.4833  1025.8532    25.6995     9.6888 0.0000e+00
     34.730     9.6905    33.3705  1025.8901     3.4569     6.0939     94.856   -0.00543    6.42432    6.42775      8.823     0.4887   11.59862   3.619350 2.5320e-11    25.7318    25.7311 1.0000e-12     35.000          1       1596    1487.30 3.9495e+00  52212.772     66.469 1531976669      -0.02      0.706   39.44652  -72.63505    33.4931  1025.8657    25.7074     9.6866 0.0000e+00
     35.722     9.7711    33.3826  1025.8906     3.4521     6.1186     94.932   -0.00279    6.44527    6.44898      8.821     0.4824   11.63342   3.629030 2.5320e-11    25.7279    25.7272 1.0000e-12     36.000          1       1630    1487.63 3.9495e+00  52214.260     67.875 1531976670       0.05      0.693   39.44652  -72.63506    33.5171  1025.8756    25.7129     9.7671 0.0000e+00
     36.716     9.7308    33.3740  1025.8951     3.4409     6.0751     94.145   -0.00753    6.45294    6.45676      8.815     0.4557   11.64609   3.623817 2.5320e-11    25.7278    25.7272 1.0000e-12     37.000          1       1660    1487.49 3.9495e+00  52210.809     69.124 1531976672       0.06      0.781   39.44652  -72.63506    33.5007  1025.8740    25.7067     9.7267 0.0000e+00
     37.710     9.5820    33.3563  1025.9104     3.4267     6.0343     93.432   -0.01018    6.45852    6.46242      8.809     0.4071   11.65536   3.608634 2.5320e-11    25.7385    25.7378 1.0000e-12     38.000          1       1692    1486.94 3.9495e+00  52216.383     70.464 1531976673      -0.06      0.772   39.44652  -72.63506    33.4825  1025.8889    25.7169     9.5778 0.0000e+00
     38.701     9.4941    33.3568  1025.9298     3.4082     6.0135     92.756   -0.01071    6.48319    6.48743      8.802     0.3574   11.69634   3.601670 2.5320e-11    25.7532    25.7526 1.0000e-12     39.000          1       1733    1486.64 3.9495e+00  52235.597     72.181 1531976675      -0.11      0.600   39.44654  -72.63506    33.4922  1025.9153    25.7387     9.4899 0.0000e+00
     39.690     9.3887    33.3460  1025.9430     3.3821     5.9455     91.589   -0.01384    6.49144    6.49579      8.791     0.2533   11.70996   3.590695 2.5320e-11    25.7618    25.7611 1.0000e-12     40.000          1       1780    1486.26 3.9495e+00  52242.637     74.104 1531976677       0.04      0.510   39.44654  -72.63506    33.4766  1025.9248    25.7437     9.3844 0.0000e+00
     40.679     9.2573    33.3369  1025.9616     3.3644     5.9171     91.130   -0.01209    6.49303    6.49740      8.786     0.2365   11.71257   3.578699 2.5320e-11    25.7758    25.7751 1.0000e-12     41.000          1       1816    1485.78 3.9495e+00  52257.767     75.615 1531976678       0.13      0.630   39.44654  -72.63506    33.4748  1025.9491    25.7633     9.2529 0.0000e+00
     41.677     9.2318    33.3383  1025.9714     3.3549     5.9121     91.003   -0.00981    6.49657    6.50099      8.785     0.2447   11.71837   3.576828 2.5320e-11    25.7810    25.7803 1.0000e-12     42.000          1       1843    1485.70 3.9495e+00  52265.695     76.738 1531976679       0.18      0.818   39.44654  -72.63506    33.4787  1025.9608    25.7705     9.2273 0.0000e+00
