CalculateIndicators/WaterTemperature/Data/CTD_NYOS/NY1807C27.cnv
* Sea-Bird SBE 9 Data File:
* FileName = C:\Seabird 9 CTD\Data\2018\OffshoreCruise201807\NY1807C27.hex
* Software Version Seasave V 7.23.2
* Temperature SN = 4590
* Conductivity SN = 3228
* Number of Bytes Per Scan = 44
* Number of Voltage Words = 5
* Number of Scans Averaged by the Deck Unit = 1
* NMEA Latitude = 39 24.48 N
* NMEA Longitude = 072 58.30 W
* NMEA UTC (Time) = Jul 20 2018  09:37:34
* NMEA baud rate = 4800
** Ship: RV Seawolf
** Station: NY1807C27
** Operator: jdw
# nquan = 35
# nvalues = 115                         
# units = specified
# name 0 = depSM: Depth [salt water, m]
# name 1 = t090C: Temperature [ITS-90, deg C]
# name 2 = sal00: Salinity, Practical [PSU]
# name 3 = density00: Density [density, kg/m^3]
# name 4 = sbeox0V: Oxygen raw, SBE 43 [V]
# name 5 = sbeox0ML/L: Oxygen, SBE 43 [ml/l]
# name 6 = sbeox0PS: Oxygen, SBE 43 [% saturation]
# name 7 = sbox0dV/dT: Oxygen, SBE 43 [dov/dt]
# name 8 = oxsolML/L: Oxygen Saturation, Garcia & Gordon [ml/l]
# name 9 = oxsatML/L: Oxygen Saturation, Weiss [ml/l]
# name 10 = ph: pH
# name 11 = flECO-AFL: Fluorescence, WET Labs ECO-AFL/FL [mg/m^3]
# name 12 = n2satML/L: Nitrogen Saturation [ml/l]
# name 13 = c0S/m: Conductivity [S/m]
# name 14 = cpar: CPAR/Corrected Irradiance [%]
# name 15 = sigma-é00: Density [sigma-theta, kg/m^3]
# name 16 = sigma-t00: Density [sigma-t, kg/m^3 ]
# name 17 = par: PAR/Irradiance, Biospherical/Licor
# name 18 = prDM: Pressure, Digiquartz [db]
# name 19 = pumps: Pump Status
# name 20 = scan: Scan Count
# name 21 = svCM: Sound Velocity [Chen-Millero, m/s]
# name 22 = spar: SPAR, Biospherical/Licor
# name 23 = specc: Specific Conductance [uS/cm]
# name 24 = timeS: Time, Elapsed [seconds]
# name 25 = timeY: Time, System [seconds]
# name 26 = accM: Acceleration [m/s^2]
# name 27 = dz/dtM: Descent Rate [m/s]
# name 28 = latitude: Latitude [deg]
# name 29 = longitude: Longitude [deg]
# name 30 = gsw_saA0: Absolute Salinity [g/kg]
# name 31 = gsw_densityA0: density, TEOS-10 [density, kg/m^3]
# name 32 = gsw_sigma0A0: density, TEOS-10 [sigma-0, kg/m^3 ]
# name 33 = gsw_ptA0: potential temperature [ITS-90, deg C]
# name 34 = flag: flag
# span 0 =      1.985,     58.550       
# span 1 =     7.9051,    23.7462       
# span 2 =    33.0095,    33.4727       
# span 3 =  1022.2380,  1026.0970       
# span 4 =     3.0684,     4.2106       
# span 5 =     5.2153,     7.0199       
# span 6 =     81.955,    122.097       
# span 7 =   -0.08760,    0.07224       
# span 8 =    4.89359,    6.69466       
# span 9 =    4.88172,    6.70177       
# span 10 =      8.627,      8.944      
# span 11 =     0.0445,     1.7186      
# span 12 =    9.06175,   12.04828      
# span 13 =   3.441750,   4.917417      
# span 14 = -2.032e-06, 1.5329e+01      
# span 15 =    22.2294,    25.8435      
# span 16 =    22.2293,    25.8429      
# span 17 = -5.217e-07, 6.8272e+00      
# span 18 =      2.000,     59.000      
# span 19 =          1,          1      
# span 20 =         -0,       8959      
# span 21 =    1480.64,    1529.23      
# span 22 = 2.3697e+01, 4.8166e+01      
# span 23 =  50407.867,  52314.942      
# span 24 =     -0.044,    373.233      
# span 25 = 1532079492, 1532079865      
# span 26 =      -0.54,       0.51      
# span 27 =     -0.885,      0.988      
# span 28 =   39.40671,   39.40791      
# span 29 =  -72.97172,  -72.97158      
# span 30 =    33.1840,    33.5962      
# span 31 =  1022.2439,  1026.0995      
# span 32 =    22.2354,    25.8337      
# span 33 =     7.8995,    23.7457      
# span 34 = 0.0000e+00, 0.0000e+00      
# interval = decibars: 1                
# start_time = Jul 20 2018 09:38:12 [System UTC, first data scan.]
# bad_flag = -9.990e-29
*END*
[from data line 83]
     32.748    10.1172    33.3160  1025.7670     3.5183     6.1919     98.175    0.01047    6.30709    6.30886      8.721     1.4330   11.40542   3.656833 4.4946e-02    25.6180    25.6174 1.6346e-02     33.000          1       6227    1488.75 3.6594e+01  52051.644    259.418 1532079752      -0.07     -0.575   39.40706  -72.97162    33.4816  1025.7765    25.6276    10.1135 0.0000e+00
     31.757    10.1923    33.3148  1025.7488     3.5552     6.2162    100.257    0.02171    6.20024    6.20058      8.746     1.5440   11.22868   3.663619 9.1343e-02    25.6044    25.6038 3.3845e-02     32.000          1       6256    1489.00 3.6956e+01  52035.306    260.620 1532079753      -0.10     -0.658   39.40706  -72.97162    33.4817  1025.7593    25.6149    10.1887 0.0000e+00
     30.759    10.4195    33.2945  1025.6894     3.6166     6.4443    104.149    0.04454    6.18792    6.18811      8.768     1.6063   11.20814   3.684720 1.5258e-01    25.5496    25.5490 5.8474e-02     31.000          1       6284    1489.77 3.8207e+01  51964.240    261.795 1532079754      -0.11     -0.813   39.40706  -72.97162    33.4865  1025.7196    25.5798    10.4159 0.0000e+00
     29.767    11.1567    33.2967  1025.5560     3.6995     6.5922    107.968    0.05856    6.10603    6.10511      8.768     1.7186   11.07367   3.754447 2.2094e-01    25.4213    25.4207 8.7238e-02     30.000          1       6317    1492.36 3.9481e+01  51839.001    263.172 1532079755       0.13     -0.774   39.40704  -72.97162    33.5108  1025.6037    25.4690    11.1530 0.0000e+00
     28.775    11.5450    33.2875  1025.4736     3.8216     6.7589    112.631    0.06691    6.00153    5.99934      8.795     1.4445   10.90012   3.789358 2.7904e-01    25.3436    25.3429 1.1021e-01     29.000          1       6360    1493.68 3.9495e+01  51760.535    264.976 1532079757       0.09     -0.573   39.40704  -72.97162    33.5042  1025.5234    25.3934    11.5414 0.0000e+00
     27.792    12.5762    33.2192  1025.2222     3.9694     6.9301    117.906    0.07224    5.87762    5.87394      8.811     1.1555   10.69507   3.879194 3.6168e-01    25.0972    25.0965 1.3650e-01     28.000          1       6410    1497.12 3.7937e+01  51507.755    267.048 1532079759      -0.07     -0.445   39.40704  -72.97162    33.4531  1025.2857    25.1608    12.5725 0.0000e+00
     26.793    13.0590    33.2253  1025.1275     4.0533     6.9563    120.405    0.06893    5.77759    5.77280      8.815     1.1797   10.52884   3.922839 4.7092e-01    25.0072    25.0065 1.7670e-01     27.000          1       6440    1498.73 3.7526e+01  51446.774    268.277 1532079760      -0.25     -0.721   39.40704  -72.97162    33.4433  1025.1789    25.0587    13.0554 0.0000e+00
     25.796    13.6960    33.2029  1024.9766     4.1146     6.9796    121.570    0.05515    5.74120    5.73605      8.811     0.9847   10.46774   3.983569 5.9060e-01    24.8611    24.8604 2.2159e-01     26.000          1       6471    1500.79 3.7520e+01  51333.354    269.583 1532079762       0.09     -0.810   39.40703  -72.97162    33.4572  1025.0562    24.9408    13.6923 0.0000e+00
     24.814    14.7526    33.2568  1024.7927     4.1388     6.8002    119.734    0.01475    5.67944    5.67364      8.818     0.9014   10.36501   4.089499 6.8137e-01    24.6821    24.6814 2.6241e-01     25.000          1       6511    1504.27 3.8854e+01  51288.577    271.260 1532079763       0.03     -0.570   39.40702  -72.97162    33.5217  1024.8803    24.7698    14.7489 0.0000e+00
     23.813    15.0693    33.3112  1024.7618     4.1438     6.7613    119.397    0.00688    5.66290    5.65696      8.820     0.8819   10.33697   4.121970 8.0944e-01    24.6559    24.6551 3.1953e-01     24.000          1       6541    1505.32 3.9479e+01  51326.169    272.510 1532079765      -0.17     -0.744   39.40702  -72.97162    33.5457  1024.8259    24.7200    15.0657 0.0000e+00
     22.823    15.5499    33.3230  1024.6606     4.1388     6.6988    118.618   -0.00268    5.64737    5.64128      8.815     0.7833   10.31103   4.168903 9.4222e-01    24.5593    24.5585 3.7213e-01     23.000          1       6577    1506.83 3.9495e+01  51290.618    274.011 1532079766       0.15     -0.710   39.40702  -72.97160    33.5591  1024.7260    24.6247    15.5464 0.0000e+00
     21.826    15.9414    33.3903  1024.6202     4.1388     6.6803    118.786    0.00002    5.62389    5.61756      8.816     0.7730   10.27199   4.210175 1.1573e+00    24.5235    24.5227 4.5745e-01     22.000          1       6739    1508.11 3.9517e+01  51347.639    280.760 1532079773      -0.07     -0.333   39.40700  -72.97160    33.5962  1024.6622    24.5654    15.9379 0.0000e+00
     20.836    16.5631    33.3961  1024.4782     4.1669     6.6051    119.994    0.00433    5.50453    5.49698      8.823     0.5789   10.07448   4.267495 1.3602e+00    24.3861    24.3853 5.6343e-01     21.000          1       7345    1510.02 4.1413e+01  51298.503    306.004 1532079798      -0.35     -0.545   39.40692  -72.97160    33.5794  1024.5029    24.4108    16.5598 0.0000e+00
     19.852    17.0398    33.3499  1024.3271     4.1685     6.5334    119.758   -0.00056    5.45552    5.44749      8.824     0.5387    9.99361   4.307964 1.5478e+00    24.2395    24.2387 6.4187e-01     20.000          1       7400    1511.39 4.1469e+01  51194.360    308.297 1532079800       0.06     -0.622   39.40692  -72.97160    33.5352  1024.3535    24.2659    17.0366 0.0000e+00
     18.850    17.2518    33.3392  1024.2643     4.1842     6.5118    120.834    0.00887    5.38916    5.38053      8.825     0.5182    9.88367   4.327002 1.8079e+00    24.1812    24.1804 7.4970e-01     19.000          1       7430    1512.00 -9.990e-29  51162.498    309.541 1532079802      -0.16     -0.751   39.40691  -72.97160    33.5246  1024.2909    24.2077    17.2486 0.0000e+00
     17.864    17.6828    33.2984  1024.1251     4.2106     6.4844    122.097    0.01553    5.31084    5.30153      8.822     0.4054    9.75377   4.365559 1.9410e+00    24.0465    24.0457 8.1340e-01     18.000          1       7472    1513.22 -9.990e-29  51074.688    311.301 1532079803       0.20     -0.598   39.40690  -72.97160    33.5012  1024.1651    24.0864    17.6798 0.0000e+00
     16.875    18.6492    33.2483  1023.8454     4.2020     6.3775    120.732   -0.00412    5.28235    5.27281      8.825     0.3833    9.70670   4.455986 2.0709e+00    23.7714    23.7706 8.9997e-01     17.000          1       7510    1515.97 4.3444e+01  50936.633    312.869 1532079805      -0.31     -0.577   39.40690  -72.97160    33.4794  1023.9069    23.8330    18.6462 0.0000e+00
     15.872    19.0786    33.2353  1023.7231     4.1841     6.3055    119.576   -0.01402    5.27326    5.26364      8.822     0.3688    9.69145   4.495810 2.3338e+00    23.6536    23.6529 1.0133e+00     16.000          1       7536    1517.17 4.3419e+01  50893.506    313.948 1532079806      -0.14     -0.885   39.40690  -72.97160    33.4654  1023.7839    23.7144    19.0758 0.0000e+00
     14.883    19.3970    33.2184  1023.6249     4.1724     6.2729    119.383   -0.00986    5.25442    5.24466      8.821     0.3723    9.66020   4.521656 2.9008e+00    23.5598    23.5591 1.1704e+00     15.000          1       7572    1518.04 4.0430e+01  50851.385    315.464 1532079808       0.20     -0.718   39.40688  -72.97160    33.4245  1023.6674    23.6022    19.3944 0.0000e+00
     13.895    19.5959    33.2223  1023.5724     4.1634     6.2272    119.362   -0.00416    5.21708    5.20704      8.821     0.2977    9.59832   4.540788 3.0756e+00    23.5117    23.5110 1.2707e+00     14.000          1       7618    1518.59 4.1321e+01  50845.425    317.387 1532079810       0.01     -0.508   39.40688  -72.97160    33.4237  1023.6113    23.5506    19.5933 0.0000e+00
     12.904    19.8487    33.1968  1023.4832     4.1549     6.1829    119.014   -0.00513    5.19514    5.18494      8.822     0.2978    9.56192   4.562204 3.3248e+00    23.4268    23.4262 1.3997e+00     13.000          1       7657    1519.25 4.2111e+01  50796.735    318.987 1532079811      -0.13     -0.598   39.40688  -72.97160    33.3985  1023.5223    23.4660    19.8463 0.0000e+00
     11.904    20.1598    33.1941  1023.3954     4.1341     6.0798    117.929   -0.01247    5.15543    5.14494      8.818     0.2901    9.49632   4.592042 3.3539e+00    23.3434    23.3429 1.4514e+00     12.000          1       7692    1520.10 4.3276e+01  50776.364    320.475 1532079813       0.09     -0.684   39.40688  -72.97160    33.3956  1023.4343    23.3824    20.1576 0.0000e+00
     10.915    20.6701    33.1604  1023.2300     4.1011     5.9654    116.751   -0.01344    5.10928    5.09849      8.815     0.2329    9.41974   4.638138 3.8583e+00    23.1825    23.1820 1.6155e+00     11.000          1       7761    1521.45 4.1985e+01  50706.859    323.313 1532079815       0.01     -0.315   39.40687  -72.97159    33.3669  1023.2727    23.2252    20.6681 0.0000e+00
      9.923    21.4438    33.1012  1022.9724     4.0336     5.7348    114.203   -0.01811    5.02153    5.01022      8.809     0.1676    9.27443   4.705136 3.7722e+00    22.9293    22.9287 1.6257e+00     10.000          1       7846    1523.46 4.3103e+01  50592.304    326.857 1532079819      -0.54     -0.461   39.40686  -72.97160    33.2994  1023.0087    22.9656    21.4418 0.0000e+00
      8.923    22.1354    33.0717  1022.7544     3.9624     5.5592    111.638   -0.01965    4.97956    4.96804      8.820     0.1247    9.20490   4.768155 4.2802e+00    22.7157    22.7152 1.9784e+00      9.000          1       8295    1525.24 4.6206e+01  50526.565    345.588 1532079838      -0.29     -0.555   39.40680  -72.97159    33.2630  1022.7854    22.7467    22.1336 0.0000e+00
      7.937    22.6557    33.0504  1022.5882     3.9088     5.4245    109.786   -0.01958    4.94097    4.92927      8.829     0.0904    9.14085   4.815138 4.8729e+00    22.5539    22.5535 2.3085e+00      8.000          1       8631    1526.56 4.7372e+01  50481.526    359.565 1532079852      -0.15     -0.728   39.40676  -72.97158    33.2316  1022.6114    22.5771    22.6541 0.0000e+00
      6.945    23.0848    33.0095  1022.4309     3.8786     5.3556    108.704   -0.01999    4.92680    4.91504      8.828     0.0613    9.11718   4.851299 5.5500e+00    22.4009    22.4005 2.5619e+00      7.000          1       8674    1527.61 4.6190e+01  50412.030    361.384 1532079854       0.13     -0.657   39.40675  -72.97158    33.1858  1022.4503    22.4203    23.0833 0.0000e+00
      5.956    23.2935    33.0116  1022.3682     3.8497     5.2985    107.836   -0.01652    4.91345    4.90164      8.828     0.0610    9.09496   4.872513 6.3942e+00    22.3425    22.3422 2.7908e+00      6.000          1       8719    1528.13 4.3647e+01  50409.826    363.236 1532079855      -0.03     -0.527   39.40674  -72.97158    33.1913  1022.3901    22.3644    23.2923 0.0000e+00
      4.964    23.4183    33.0176  1022.3325     3.8396     5.3002    107.915   -0.00644    4.91144    4.89963      8.829     0.0477    9.09152   4.885063 7.1422e+00    22.3111    22.3108 3.2912e+00      5.000          1       8755    1528.43 4.6064e+01  50414.271    364.747 1532079857      -0.09     -0.640   39.40674  -72.97158    33.1935  1022.3514    22.3300    23.4173 0.0000e+00
      3.968    23.5398    33.0154  1022.2912     3.8348     5.2895    107.783   -0.00556    4.90758    4.89575      8.829     0.0620    9.08509   4.896583 8.4753e+00    22.2742    22.2739 4.0862e+00      4.000          1       8785    1528.72 4.8166e+01  50407.867    366.010 1532079858      -0.09     -0.764   39.40674  -72.97158    33.1904  1022.3095    22.2924    23.5389 0.0000e+00
      2.974    23.6053    33.0252  1022.2753     3.8293     5.2828    107.701   -0.00297    4.90504    4.89320      8.831     0.0623    9.08086   4.903699 1.1614e+01    22.2625    22.2623 5.5390e+00      3.000          1       8841    1528.88 4.7900e+01  50419.200    368.322 1532079860       0.13     -0.456   39.40673  -72.97158    33.1957  1022.2901    22.2772    23.6047 0.0000e+00
      1.985    23.6384    33.0289  1022.2643     3.8210     5.2682    107.460   -0.00159    4.90247    4.89063      8.833     0.0552    9.07657   4.906323 1.4943e+01    22.2557    22.2556 6.8272e+00      2.000          1       8959    1528.95 4.5521e+01  50423.196    373.233 1532079865      -0.10     -0.167   39.40671  -72.97158    33.1912  1022.2727    22.2641    23.6380 0.0000e+00
