CalculateIndicators/WaterTemperature/Data/CTD_NYOS/NY1807C11.cnv
* Sea-Bird SBE 9 Data File:
* FileName = C:\Seabird 9 CTD\Data\2018\OffshoreCruise201807\NY1807C11.hex
* Software Version Seasave V 7.23.2
* Temperature SN = 4590
* Conductivity SN = 3228
* Number of Bytes Per Scan = 44
* Number of Voltage Words = 5
* Number of Scans Averaged by the Deck Unit = 1
* NMEA Latitude = 39 44.39 N
* NMEA Longitude = 072 23.91 W
* NMEA UTC (Time) = Jul 16 2018  23:54:31
* NMEA baud rate = 4800
** Ship: RV Seawolf
** Station: NY1807C11
** Operator: jdw
# nquan = 35
# nvalues = 165                         
# units = specified
# name 0 = depSM: Depth [salt water, m]
# name 1 = t090C: Temperature [ITS-90, deg C]
# name 2 = sal00: Salinity, Practical [PSU]
# name 3 = density00: Density [density, kg/m^3]
# name 4 = sbeox0V: Oxygen raw, SBE 43 [V]
# name 5 = sbeox0ML/L: Oxygen, SBE 43 [ml/l]
# name 6 = sbeox0PS: Oxygen, SBE 43 [% saturation]
# name 7 = sbox0dV/dT: Oxygen, SBE 43 [dov/dt]
# name 8 = oxsolML/L: Oxygen Saturation, Garcia & Gordon [ml/l]
# name 9 = oxsatML/L: Oxygen Saturation, Weiss [ml/l]
# name 10 = ph: pH
# name 11 = flECO-AFL: Fluorescence, WET Labs ECO-AFL/FL [mg/m^3]
# name 12 = n2satML/L: Nitrogen Saturation [ml/l]
# name 13 = c0S/m: Conductivity [S/m]
# name 14 = cpar: CPAR/Corrected Irradiance [%]
# name 15 = sigma-é00: Density [sigma-theta, kg/m^3]
# name 16 = sigma-t00: Density [sigma-t, kg/m^3 ]
# name 17 = par: PAR/Irradiance, Biospherical/Licor
# name 18 = prDM: Pressure, Digiquartz [db]
# name 19 = pumps: Pump Status
# name 20 = scan: Scan Count
# name 21 = svCM: Sound Velocity [Chen-Millero, m/s]
# name 22 = spar: SPAR, Biospherical/Licor
# name 23 = specc: Specific Conductance [uS/cm]
# name 24 = timeS: Time, Elapsed [seconds]
# name 25 = timeY: Time, System [seconds]
# name 26 = accM: Acceleration [m/s^2]
# name 27 = dz/dtM: Descent Rate [m/s]
# name 28 = latitude: Latitude [deg]
# name 29 = longitude: Longitude [deg]
# name 30 = gsw_saA0: Absolute Salinity [g/kg]
# name 31 = gsw_densityA0: density, TEOS-10 [density, kg/m^3]
# name 32 = gsw_sigma0A0: density, TEOS-10 [sigma-0, kg/m^3 ]
# name 33 = gsw_ptA0: potential temperature [ITS-90, deg C]
# name 34 = flag: flag
# span 0 =      1.980,     83.345       
# span 1 =     8.2341,    23.6083       
# span 2 =    32.7379,    33.6044       
# span 3 =  1022.0658,  1026.4561       
# span 4 =     3.0641,     4.2261       
# span 5 =     5.3732,     6.8720       
# span 6 =     81.922,    122.571       
# span 7 =   -0.03728,    0.06368       
# span 8 =    4.91684,    6.63551       
# span 9 =    4.90499,    6.64193       
# span 10 =      8.607,      8.902      
# span 11 =    -0.0416,     1.5062      
# span 12 =    9.10311,   11.94839      
# span 13 =   3.486859,   4.867646      
# span 14 = 1.8754e-12, 2.5636e+01      
# span 15 =    22.0444,    26.0747      
# span 16 =    22.0441,    26.0734      
# span 17 = 1.0000e-12, 1.3627e+01      
# span 18 =      2.000,     84.000      
# span 19 =          1,          1      
# span 20 =        435,      12761      
# span 21 =    1482.31,    1528.61      
# span 22 = 4.3641e+01, 5.3321e+01      
# span 23 =  50028.490,  52785.387      
# span 24 =     18.088,    531.684      
# span 25 = 1531785348, 1531785861      
# span 26 =      -0.63,       0.57      
# span 27 =     -0.991,      0.860      
# span 28 =   39.74020,   39.74252      
# span 29 =  -72.39832,  -72.39712      
# span 30 =    32.9127,    33.7638      
# span 31 =  1022.0764,  1026.4600      
# span 32 =    22.0678,    26.0829      
# span 33 =     8.2277,    23.6073      
# span 34 = 0.0000e+00, 0.0000e+00      
# interval = decibars: 1                
# start_time = Jul 16 2018 23:55:30 [System UTC, first data scan.]
# bad_flag = -9.990e-29
*END*
      1.985    23.5900    32.7581  1022.0733     3.8977     5.4267    110.349    0.00311    4.91771    4.90586 -9.990e-29     0.2076    9.10454   4.864939 2.5636e+01    22.0648    22.0646 1.3627e+01      2.000          1        435    1528.54 5.3318e+01  50055.212     18.088 1531785348       0.49     -0.053   39.74020  -72.39832    32.9134  1022.0776    22.0691    23.5895 0.0000e+00
      2.972    23.5872    32.7584  1022.0787     3.8841     5.3907    109.638   -0.00319    4.91684    4.90499 -9.990e-29     0.2160    9.10311   4.864744 1.9370e+01    22.0659    22.0657 1.0332e+01      3.000          1        592    1528.55 5.3318e+01  50056.196     24.618 1531785354       0.02      0.373   39.74023  -72.39830    32.9136  1022.0830    22.0701    23.5866 0.0000e+00
      3.975    23.5913    32.7583  1022.0818     3.8902     5.4173    110.100    0.00226    4.92032    4.90848      8.887     0.1972    9.10887   4.865257 1.5248e+01    22.0647    22.0644 8.1300e+00      4.000          1        617    1528.57 5.3318e+01  50056.365     25.659 1531785355       0.26      0.646   39.74024  -72.39830    32.9142  1022.0865    22.0694    23.5905 0.0000e+00
      4.958    23.5930    32.7579  1022.0853     3.8887     5.4394    109.987    0.00047    4.94555    4.93382      8.889     0.2115    9.15062   4.865279 1.3460e+01    22.0639    22.0637 7.1764e+00      5.000          1        661    1528.59 5.3318e+01  50056.216     27.493 1531785357      -0.19      0.566   39.74024  -72.39830    32.9127  1022.0893    22.0679    23.5920 0.0000e+00
      5.952    23.5409    32.7619  1022.1078     3.8907     5.4758    109.979   -0.00140    4.97889    4.96731      8.892     0.2218    9.20579   4.860238 1.2549e+01    22.0821    22.0818 6.6908e+00      6.000          1        695    1528.48 5.3318e+01  50063.291     28.914 1531785358       0.31      0.629   39.74026  -72.39830    32.9129  1022.1088    22.0831    23.5397 0.0000e+00
      6.953    23.3514    32.7759  1022.1774     3.9045     5.5401    110.919    0.00837    4.99473    4.98322      8.893     0.2303    9.23205   4.841812 1.0348e+01    22.1474    22.1470 5.5117e+00      7.000          1        723    1528.03 -9.990e-29  50087.353     30.087 1531785360       0.01      0.860   39.74026  -72.39830    32.9134  1022.1683    22.1383    23.3500 0.0000e+00
      7.935    22.8810    32.8153  1022.3463     3.9356     5.6268    112.467    0.01806    5.00307    4.99160      8.897     0.2726    9.24591   4.800191 9.6486e+00    22.3120    22.3115 5.1447e+00      8.000          1        765    1526.89 -9.990e-29  50153.929     31.846 1531785361      -0.15      0.564   39.74026  -72.39830    32.9463  1022.3323    22.2980    22.8793 0.0000e+00
      8.931    22.6512    32.8279  1022.4253     3.9504     5.6444    112.790    0.01362    5.00437    4.99291      8.898     0.2890    9.24808   4.779906 8.6229e+00    22.3866    22.3861 4.5975e+00      9.000          1        799    1526.33 5.3318e+01  50178.058     33.268 1531785363       0.20      0.657   39.74028  -72.39828    32.9623  1022.4140    22.3754    22.6495 0.0000e+00
      9.926    22.5890    32.8289  1022.4479     3.9454     5.6092    111.959   -0.00087    5.01009    4.99865      8.898     0.2888    9.25755   4.774737 7.1764e+00    22.4050    22.4044 3.8263e+00     10.000          1        832    1526.18 5.3318e+01  50181.656     34.642 1531785364      -0.06      0.754   39.74028  -72.39828    32.9689  1022.4409    22.3980    22.5871 0.0000e+00
     10.915    22.5608    32.8285  1022.4600     3.9487     5.6632    112.172    0.00084    5.04858    5.03736      8.899     0.3292    9.32112   4.772250 5.9732e+00    22.4127    22.4121 3.1848e+00     11.000          1        877    1526.13 5.3318e+01  50182.443     36.487 1531785366      -0.09      0.548   39.74028  -72.39828    32.9707  1022.4545    22.4073    22.5587 0.0000e+00
     11.899    22.4430    32.8382  1022.5048     3.9711     5.7546    113.534    0.01286    5.06857    5.05747      8.898     0.4360    9.35414   4.760984 4.9958e+00    22.4532    22.4526 2.6555e+00     12.000          1        917    1525.85 5.3318e+01  50199.609     38.182 1531785368       0.19      0.540   39.74028  -72.39826    32.9720  1022.4931    22.4416    22.4406 0.0000e+00
     12.905    22.1423    32.8723  1022.6191     3.9952     5.8295    114.780    0.02115    5.07880    5.06776      8.899     0.4701    9.37108   4.734996 3.9349e+00    22.5631    22.5624 2.0837e+00     13.000          1        941    1525.11 -9.990e-29  50256.388     39.160 1531785369       0.34      0.853   39.74030  -72.39826    32.9973  1022.6007    22.5448    22.1398 0.0000e+00
     13.896    21.8724    32.9013  1022.7203     4.0024     5.9551    114.475    0.00948    5.20245    5.19230      8.902     0.5502    9.57576   4.713253 3.1555e+00    22.6600    22.6592 1.6761e+00     14.000          1        978    1524.45 -9.990e-29  50305.546     40.703 1531785370      -0.24      0.728   39.74030  -72.39826    33.0324  1022.7065    22.6462    21.8697 0.0000e+00
     14.875    21.5080    32.9299  1022.8464     3.9952     6.1864    113.284   -0.00767    5.46079    5.45276      8.901     0.9303   10.00310   4.678441 2.3020e+00    22.7818    22.7810 1.2276e+00     15.000          1       1027    1523.53 -9.990e-29  50358.326     42.734 1531785372       0.29      0.404   39.74030  -72.39826    33.0368  1022.8143    22.7497    21.5051 0.0000e+00
     15.880    20.7315    32.9864  1023.1030     4.0627     6.4489    118.064    0.03413    5.46208    5.45407      8.893     1.0396   10.00548   4.601604 1.6915e+00    23.0339    23.0331 8.9682e-01     16.000          1       1051    1521.50 -9.990e-29  50468.050     43.758 1531785373       0.32      0.825   39.74032  -72.39826    33.0228  1023.0175    22.9484    20.7285 0.0000e+00
     16.873    18.2786    33.1710  1023.8755     4.1135     6.6508    120.245    0.04008    5.53105    5.52370      8.894     1.2545   10.11971   4.387124 1.8406e+00    23.8014    23.8007 9.7274e-01     17.000          1       1088    1514.78 -9.990e-29  50860.150     45.288 1531785375      -0.23      0.725   39.74032  -72.39826    33.1986  1023.7826    23.7085    18.2756 0.0000e+00
     17.858    17.4326    33.2085  1024.1165     4.1264     6.6252    118.489    0.00260    5.59140    5.58466      8.896     1.3101   10.21970   4.313092 1.5933e+00    24.0378    24.0371 8.4658e-01     18.000          1       1136    1512.37 -9.990e-29  50968.306     47.309 1531785377       0.20      0.441   39.74033  -72.39824    33.2555  1024.0381    23.9594    17.4296 0.0000e+00
     18.856    16.8635    33.2376  1024.2778     4.1002     6.8043    116.608   -0.01173    5.83619    5.83211      8.897     1.3541   10.62542   4.264075 1.3098e+00    24.1946    24.1939 6.8864e-01     19.000          1       1171    1510.71 -9.990e-29  51054.202     48.757 1531785378       0.01      0.680   39.74034  -72.39824    33.2996  1024.2105    24.1273    16.8605 0.0000e+00
     19.841    16.4060    33.2538  1024.4005     4.0439     6.7439    112.830   -0.03728    5.97686    5.97439      8.887     1.3724   10.85879   4.218717 1.1248e+00    24.3127    24.3120 6.0017e-01     20.000          1       1211    1509.35 5.3318e+01  51115.579     50.398 1531785380       0.00      0.584   39.74034  -72.39824    33.2814  1024.3068    24.2190    16.4028 0.0000e+00
     20.844    14.3992    33.2994  1024.8813     4.0252     6.8096    113.360   -0.02073    6.00707    6.00496      8.877     1.2071   10.90916   4.026586 7.7147e-01    24.7883    24.7877 4.1133e-01     21.000          1       1241    1503.10 5.3318e+01  51384.757     51.657 1531785381       0.11      0.757   39.74034  -72.39824    33.2487  1024.7265    24.6335    14.3962 0.0000e+00
     21.826    13.0831    33.2776  1025.1414     3.9966     6.8170    112.803   -0.01470    6.04330    6.04161      8.871     1.0813   10.96944   3.909941 7.9246e-01    25.0435    25.0429 4.2252e-01     22.000          1       1284    1498.80 5.3318e+01  51513.961     53.438 1531785383      -0.19      0.572   39.74036  -72.39824    33.3018  1025.0434    24.9454    13.0802 0.0000e+00
     22.825    12.8343    33.2528  1025.1753     3.9759     6.7827    112.013   -0.01572    6.05527    6.05371      8.871     1.1142   10.98942   3.885319 5.6472e-01    25.0728    25.0722 2.9563e-01     23.000          1       1317    1497.95 5.2267e+01  51515.040     54.851 1531785384       0.25      0.661   39.74036  -72.39822    33.2857  1025.0838    24.9813    12.8312 0.0000e+00
     23.815    12.5917    33.2315  1025.2106     3.9619     6.8045    112.091   -0.00828    6.07051    6.06913      8.870     1.0223   11.01476   3.863881 5.3982e-01    25.1035    25.1029 2.8420e-01     24.000          1       1360    1497.12 5.2626e+01  51519.970     56.621 1531785386      -0.20      0.592   39.74037  -72.39822    33.2942  1025.1421    25.0350    12.5886 0.0000e+00
     24.807    12.4715    33.2183  1025.2281     3.9484     6.7812    111.577   -0.00899    6.07755    6.07626      8.869     1.0393   11.02650   3.852937 3.8779e-01    25.1165    25.1158 2.0000e-01     25.000          1       1400    1496.72 5.1536e+01  51519.265     58.284 1531785388       0.32      0.561   39.74038  -72.39822    33.2950  1025.1704    25.0588    12.4683 0.0000e+00
     25.801    12.3806    33.2104  1025.2440     3.9412     6.7974    111.646   -0.00494    6.08839    6.08725      8.870     1.0055   11.04432   3.845529 3.4011e-01    25.1279    25.1272 1.7881e-01     26.000          1       1437    1496.41 5.2545e+01  51522.103     59.846 1531785389      -0.14      0.671   39.74038  -72.39821    33.3039  1025.1992    25.0831    12.3772 0.0000e+00
     26.787    12.3122    33.2076  1025.2593     3.9282     6.7584    110.975   -0.00804    6.09003    6.08891 -9.990e-29     0.9986   11.04706   3.839943 2.6294e-01    25.1387    25.1381 1.3791e-01     27.000          1       1479    1496.19 5.2360e+01  51528.765     61.563 1531785391       0.18      0.533   39.74038  -72.39820    33.3103  1025.2217    25.1010    12.3087 0.0000e+00
     27.787    12.2442    33.2182  1025.2851     3.9234     6.7601    111.008   -0.00547    6.08975    6.08862 -9.990e-29     1.0082   11.04659   3.835897 1.7859e-01    25.1600    25.1593 9.2478e-02     28.000          1       1508    1495.99 5.1826e+01  51554.077     62.776 1531785392       0.12      0.788   39.74040  -72.39820    33.3313  1025.2554    25.1302    12.2406 0.0000e+00
     28.779    12.2343    33.2168  1025.2904     3.9214     6.7759    111.237   -0.00167    6.09139    6.09029      8.869     0.9850   11.04912   3.835768 1.8061e-01    25.1608    25.1601 9.5465e-02     29.000          1       1544    1495.97 5.2874e+01  51554.151     64.310 1531785394      -0.16      0.696   39.74040  -72.39820    33.3384  1025.2673    25.1376    12.2305 0.0000e+00
     29.765    12.2360    33.2172  1025.2949     3.9162     6.7689    111.004   -0.00259    6.09791    6.09692      8.869     0.9454   11.05961   3.836936 1.4425e-01    25.1608    25.1600 7.4865e-02     30.000          1       1588    1496.00 5.1990e+01  51555.095     66.113 1531785396       0.07      0.526   39.74042  -72.39820    33.3478  1025.2787    25.1446    12.2321 0.0000e+00
     30.765    12.2157    33.2339  1025.3162     3.9108     6.7566    110.698   -0.00430    6.10357    6.10265      8.868     0.9075   11.06882   3.837130 8.3860e-02    25.1776    25.1768 4.3681e-02     31.000          1       1621    1495.96 5.2060e+01  51581.915     67.484 1531785397       0.09      0.704   39.74042  -72.39820    33.3674  1025.3021    25.1636    12.2117 0.0000e+00
     31.750    12.1579    33.2601  1025.3520     3.9058     6.7995    110.700   -0.00230    6.14229    6.14190      8.866     0.8406   11.13247   3.835038 7.9935e-02    25.2090    25.2082 4.2233e-02     32.000          1       1663    1495.81 5.2882e+01  51627.690     69.265 1531785399      -0.15      0.572   39.74042  -72.39819    33.3983  1025.3414    25.1984    12.1538 0.0000e+00
     32.748    12.0698    33.2813  1025.3897     3.8899     6.7609    109.600   -0.00962    6.16875    6.16870      8.860     0.8024   11.17636   3.828270 3.2682e-02    25.2421    25.2413 1.7422e-02     33.000          1       1699    1495.55 5.3314e+01  51671.306     70.759 1531785400       0.20      0.640   39.74043  -72.39818    33.4109  1025.3723    25.2247    12.0656 0.0000e+00
     33.736    11.7717    33.3164  1025.4774     3.8515     6.6869    107.387   -0.02093    6.22701    6.22768      8.849     0.6554   11.27328   3.804459 2.4775e-02    25.3251    25.3243 1.2912e-02     34.000          1       1741    1494.59 5.2091e+01  51766.642     72.484 1531785402      -0.16      0.604   39.74044  -72.39818    33.4457  1025.4595    25.3073    11.7674 0.0000e+00
     34.730    11.5171    33.3040  1025.5193     3.8049     6.5819    105.100   -0.02920    6.26258    6.26370      8.840     0.6593   11.33243   3.778290 2.8744e-03    25.3624    25.3616 1.4769e-03     35.000          1       1779    1493.71 5.1347e+01  51790.648     74.095 1531785404       0.20      0.596   39.74044  -72.39818    33.4178  1025.4894    25.3324    11.5128 0.0000e+00
     35.723    11.1342    33.2665  1025.5642     3.7773     6.5729    104.867   -0.02020    6.26781    6.26905      8.832     0.6127   11.34028   3.739566 3.7783e-03    25.4025    25.4018 1.9701e-03     36.000          1       1816    1492.34 5.1656e+01  51802.337     75.624 1531785405      -0.08      0.676   39.74046  -72.39818    33.3808  1025.5347    25.3730    11.1298 0.0000e+00
     36.710    10.8955    33.2490  1025.5978     3.7393     6.5187    103.536   -0.02029    6.29608    6.29771      8.824     0.5627   11.38697   3.717691 5.4040e-04    25.4314    25.4307 2.8920e-04     37.000          1       1856    1491.50 5.3289e+01  51818.704     77.288 1531785407       0.08      0.569   39.74046  -72.39818    33.3795  1025.5808    25.4144    10.8911 0.0000e+00
     37.710    10.8598    33.3182  1025.6626     3.6947     6.3695    100.921   -0.03331    6.31144    6.31327      8.816     0.5398   11.41260   3.721076 2.5798e-05    25.4916    25.4908 1.3755e-05     38.000          1       1887    1491.48 5.3156e+01  51922.953     78.588 1531785408       0.07      0.748   39.74046  -72.39818    33.4455  1025.6427    25.4718    10.8553 0.0000e+00
     38.697    10.6319    33.3240  1025.7117     3.6522     6.3241    100.067   -0.02559    6.31990    6.32182      8.810     0.5378   11.42671   3.700694 1.8754e-12    25.5361    25.5353 1.0000e-12     39.000          1       1929    1490.69 5.3321e+01  51971.621     80.318 1531785410      -0.13      0.593   39.74047  -72.39816    33.4491  1025.6900    25.5144    10.6273 0.0000e+00
     39.691    10.4966    33.3022  1025.7229     3.6246     6.3208     99.927   -0.01564    6.32538    6.32738      8.803     0.5179   11.43577   3.687016 1.9342e-12    25.5427    25.5419 1.0000e-12     40.000          1       1973    1490.20 5.1711e+01  51966.365     82.147 1531785412      -0.00      0.553   39.74048  -72.39816    33.4350  1025.7071    25.5269    10.4919 0.0000e+00
     40.679    10.4543    33.2948  1025.7289     3.6100     6.3243     99.997   -0.00865    6.32442    6.32648      8.801     0.5246   11.43333   3.682837 1.9411e-12    25.5442    25.5434 1.0000e-12     41.000          1       2012    1490.06 5.1524e+01  51964.251     83.811 1531785413       0.14      0.563   39.74048  -72.39816    33.4312  1025.7160    25.5312    10.4495 0.0000e+00
     41.679    10.4265    33.3002  1025.7425     3.5898     6.2830     99.024   -0.01205    6.34501    6.34735      8.791     0.4301   11.46734   3.681552 1.9224e-12    25.5532    25.5524 1.0000e-12     42.000          1       2047    1489.98 5.2035e+01  51977.380     85.232 1531785415      -0.06      0.711   39.74050  -72.39815    33.4433  1025.7347    25.5454    10.4216 0.0000e+00
