CalculateIndicators/WaterTemperature/Data/CTD_NYOS/NY1807C07.cnv
* Sea-Bird SBE 9 Data File:
* FileName = C:\Seabird 9 CTD\Data\2018\OffshoreCruise201807\NY1807C07.hex
* Software Version Seasave V 7.23.2
* Temperature SN = 4590
* Conductivity SN = 3228
* Number of Bytes Per Scan = 44
* Number of Voltage Words = 5
* Number of Scans Averaged by the Deck Unit = 1
* NMEA Latitude = 40 13.98 N
* NMEA Longitude = 072 14.23 W
* NMEA UTC (Time) = Jul 16 2018  00:45:04
* NMEA baud rate = 4800
** Ship: RV Seawolf
** Station: NY1807C07
** Operator: jdw
# nquan = 35
# nvalues = 110                         
# units = specified
# name 0 = depSM: Depth [salt water, m]
# name 1 = t090C: Temperature [ITS-90, deg C]
# name 2 = sal00: Salinity, Practical [PSU]
# name 3 = density00: Density [density, kg/m^3]
# name 4 = sbeox0V: Oxygen raw, SBE 43 [V]
# name 5 = sbeox0ML/L: Oxygen, SBE 43 [ml/l]
# name 6 = sbeox0PS: Oxygen, SBE 43 [% saturation]
# name 7 = sbox0dV/dT: Oxygen, SBE 43 [dov/dt]
# name 8 = oxsolML/L: Oxygen Saturation, Garcia & Gordon [ml/l]
# name 9 = oxsatML/L: Oxygen Saturation, Weiss [ml/l]
# name 10 = ph: pH
# name 11 = flECO-AFL: Fluorescence, WET Labs ECO-AFL/FL [mg/m^3]
# name 12 = n2satML/L: Nitrogen Saturation [ml/l]
# name 13 = c0S/m: Conductivity [S/m]
# name 14 = cpar: CPAR/Corrected Irradiance [%]
# name 15 = sigma-é00: Density [sigma-theta, kg/m^3]
# name 16 = sigma-t00: Density [sigma-t, kg/m^3 ]
# name 17 = par: PAR/Irradiance, Biospherical/Licor
# name 18 = prDM: Pressure, Digiquartz [db]
# name 19 = pumps: Pump Status
# name 20 = scan: Scan Count
# name 21 = svCM: Sound Velocity [Chen-Millero, m/s]
# name 22 = spar: SPAR, Biospherical/Licor
# name 23 = specc: Specific Conductance [uS/cm]
# name 24 = timeS: Time, Elapsed [seconds]
# name 25 = timeY: Time, System [seconds]
# name 26 = accM: Acceleration [m/s^2]
# name 27 = dz/dtM: Descent Rate [m/s]
# name 28 = latitude: Latitude [deg]
# name 29 = longitude: Longitude [deg]
# name 30 = gsw_saA0: Absolute Salinity [g/kg]
# name 31 = gsw_densityA0: density, TEOS-10 [density, kg/m^3]
# name 32 = gsw_sigma0A0: density, TEOS-10 [sigma-0, kg/m^3 ]
# name 33 = gsw_ptA0: potential temperature [ITS-90, deg C]
# name 34 = flag: flag
# span 0 =      0.977,     55.564       
# span 1 =     8.3252,    22.5493       
# span 2 =    32.5689,    33.2993       
# span 3 =  1022.2257,  1026.0369       
# span 4 =     3.1132,     4.1511       
# span 5 =     5.5368,     6.9038       
# span 6 =     83.559,    119.712       
# span 7 =   -0.04293,    0.03324       
# span 8 =    5.01389,    6.63083       
# span 9 =    5.00242,    6.63701       
# span 10 =      8.609,      8.888      
# span 11 =    -0.0071,     2.0650      
# span 12 =    9.26645,   11.94257      
# span 13 =   3.480626,   4.739042      
# span 14 = -1.145e+00, 1.2532e+00      
# span 15 =    22.2204,    25.7878      
# span 16 =    22.2202,    25.7871      
# span 17 = -4.937e-02, 7.4243e-02      
# span 18 =      1.000,     56.000      
# span 19 =          1,          1      
# span 20 =        -10,      11737      
# span 21 =    1482.28,    1525.71      
# span 22 = 3.9131e+00, 6.0183e+00      
# span 23 =  49825.092,  52230.843      
# span 24 =     -0.445,    488.980      
# span 25 = 1531701928, 1531702417      
# span 26 =      -0.61,       0.53      
# span 27 =     -0.988,      0.712      
# span 28 =   40.23321,   40.23529      
# span 29 =  -72.23723,  -72.23583      
# span 30 =    32.7253,    33.4556      
# span 31 =  1022.2292,  1026.0395      
# span 32 =    22.2249,    25.7845      
# span 33 =     8.3196,    22.5491      
# span 34 = 0.0000e+00, 0.0000e+00      
# interval = decibars: 1                
# start_time = Jul 16 2018 00:45:28 [System UTC, first data scan.]
# bad_flag = -9.990e-29
*END*
      1.987    22.5416    32.5715  1022.2314     3.9669     5.6406    112.493   -0.00260    5.01420    5.00272      8.879     0.5161    9.26695   4.738370 1.2532e+00    22.2228    22.2227 7.4243e-02      2.000          1        -10    1525.64 5.9242e+00  49828.242     -0.445 1531701928       0.45     -0.060   40.23321  -72.23723    32.7259  1022.2362    22.2276    22.5411 0.0000e+00
      2.976    22.5427    32.5714  1022.2354     3.9728     5.6625    112.932    0.00165    5.01405    5.00257 -9.990e-29     0.5097    9.26669   4.738507 4.3314e-01    22.2225    22.2223 2.5660e-02      3.000          1        574    1525.66 5.9242e+00  49828.576     23.861 1531701952       0.12      0.301   40.23332  -72.23716    32.7258  1022.2401    22.2272    22.5421 0.0000e+00
      3.970    22.5428    32.5723  1022.2404     3.9751     5.6651    112.983    0.00076    5.01410    5.00262      8.880     0.5212    9.26677   4.738682 1.5768e-01    22.2232    22.2230 9.3415e-03      4.000          1        633    1525.68 -9.990e-29  49830.225     26.314 1531701955       0.15      0.452   40.23332  -72.23716    32.7267  1022.2451    22.2280    22.5420 0.0000e+00
      4.959    22.5426    32.5725  1022.2449     3.9701     5.6515    112.669   -0.00269    5.01606    5.00460      8.880     0.5124    9.26990   4.738722 9.2080e-02    22.2234    22.2231 5.3271e-03      5.000          1        693    1525.70 -9.990e-29  49830.856     28.816 1531701957      -0.11      0.375   40.23334  -72.23716    32.7269  1022.2496    22.2281    22.5416 0.0000e+00
      5.957    22.5375    32.5768  1022.2540     3.9771     5.6958    113.210    0.00346    5.03116    5.01978      8.884     0.5980    9.29454   4.738809 8.8328e-03    22.2282    22.2278 5.1861e-04      6.000          1        739    1525.71 -9.990e-29  49837.310     30.763 1531701959       0.13      0.558   40.23334  -72.23714    32.7310  1022.2586    22.2328    22.5363 0.0000e+00
      6.943    22.4492    32.6086  1022.3072     4.0066     5.7918    114.816    0.01568    5.04443    5.03312      8.888     0.8223    9.31642   4.733724 -3.034e-04    22.2771    22.2767 -1.797e-05      7.000          1        790    1525.53 5.9242e+00  49883.831     32.863 1531701961      -0.08      0.465   40.23336  -72.23714    32.7576  1022.3078    22.2777    22.4478 0.0000e+00
      7.938    22.2162    32.6519  1022.4095     4.0166     5.8790    114.616    0.00378    5.12947    5.11870      8.888     0.9975    9.45748   4.716320 1.6884e-11    22.3752    22.3747 1.0000e-12      8.000          1        846    1524.98 5.9242e+00  49950.851     35.203 1531701964      -0.08      0.398   40.23336  -72.23713    32.7974  1022.4074    22.3730    22.2147 0.0000e+00
      8.927    21.9064    32.6647  1022.5095     4.0382     6.0162    115.491    0.00589    5.20916    5.19890      8.884     1.3266    9.58975   4.684271 1.6880e-11    22.4707    22.4703 1.0000e-12      9.000          1        899    1524.19 5.9242e+00  49978.830     37.408 1531701966       0.48      0.439   40.23337  -72.23712    32.7809  1022.4852    22.4465    21.9046 0.0000e+00
      9.927    20.8645    32.7186  1022.8368     4.0839     6.1889    118.089    0.02523    5.24079    5.23077      8.878     1.4725    9.64214   4.588460 1.9113e-11    22.7936    22.7931 1.0000e-12     10.000          1        935    1521.46 5.4018e+00  50094.553     38.929 1531701967      -0.10      0.628   40.23338  -72.23712    32.8170  1022.7993    22.7561    20.8626 0.0000e+00
     10.910    20.1193    32.7515  1023.0647     4.0843     6.1780    116.379   -0.00801    5.30850    5.29901      8.869     1.6317    9.75438   4.522656 2.0399e-11    23.0171    23.0166 1.0000e-12     11.000          1        999    1519.48 5.1009e+00  50172.655     41.572 1531701970       0.20      0.274   40.23338  -72.23712    32.8633  1023.0373    22.9896    20.1173 0.0000e+00
     11.910    19.7022    32.7777  1023.1972     4.0576     6.1571    115.002   -0.01598    5.35392    5.34480      8.866     1.7047    9.82973   4.484604 1.6994e-11    23.1451    23.1445 1.0000e-12     12.000          1       1037    1518.36 5.8975e+00  50230.384     43.148 1531701971       0.04      0.604   40.23339  -72.23710    32.8784  1023.1612    23.1092    19.7000 0.0000e+00
     12.895    19.1822    32.7985  1023.3504     4.0413     6.2100    114.895   -0.00742    5.40496    5.39629      8.859     1.8478    9.91428   4.437344 1.6880e-11    23.2939    23.2933 1.0000e-12     13.000          1       1086    1516.93 5.9242e+00  50287.401     45.204 1531701974      -0.06      0.464   40.23340  -72.23710    32.8979  1023.3135    23.2570    19.1799 0.0000e+00
     13.895    18.6779    32.8220  1023.4995     4.0382     6.2438    115.086   -0.00215    5.42532    5.41683      8.858     1.9163    9.94803   4.391676 1.6880e-11    23.4385    23.4379 1.0000e-12     14.000          1       1121    1515.52 -9.990e-29  50350.579     46.680 1531701975       0.19      0.647   40.23340  -72.23710    32.9174  1023.4594    23.3985    18.6755 0.0000e+00
     14.884    18.2754    32.8442  1023.6204     4.0292     6.2919    114.649   -0.00425    5.48812    5.48022      8.857     2.0089   10.05175   4.357472 1.7018e-11    23.5550    23.5544 1.0000e-12     15.000          1       1172    1514.40 5.9242e+00  50407.222     48.773 1531701977      -0.16      0.480   40.23342  -72.23710    32.9512  1023.5892    23.5237    18.2729 0.0000e+00
     15.877    17.9782    32.8665  1023.7144     4.0234     6.4204    114.479   -0.00363    5.60824    5.60153      8.859     2.0650   10.25064   4.331260 1.7515e-11    23.6446    23.6439 1.0000e-12     16.000          1       1222    1513.57 5.9242e+00  50458.144     50.863 1531701979       0.16      0.499   40.23342  -72.23708    32.9678  1023.6788    23.6089    17.9755 0.0000e+00
     16.867    16.9281    32.9577  1024.0391     4.0195     6.5953    114.418   -0.00219    5.76441    5.75937      8.855     1.5748   10.50903   4.239218 1.6857e-11    23.9646    23.9639 1.0000e-12     17.000          1       1270    1510.56 5.9242e+00  50663.373     52.885 1531701981      -0.10      0.493   40.23344  -72.23708    33.0303  1023.9810    23.9064    16.9254 0.0000e+00
     17.864    15.6420    33.0123  1024.3780     4.0208     6.6699    114.746    0.00172    5.81270    5.80820      8.854     1.2180   10.58888   4.120933 1.8109e-11    24.2987    24.2981 1.0000e-12     18.000          1       1314    1506.67 5.9242e+00  50854.140     54.713 1531701983       0.14      0.555   40.23344  -72.23708    33.0526  1024.2946    24.2153    15.6393 0.0000e+00
     18.850    14.7806    33.0612  1024.6095     4.0287     6.7228    115.209    0.00427    5.83531    5.83107      8.855     0.8007   10.62625   4.049072 1.6816e-11    24.5255    24.5250 1.0000e-12     19.000          1       1361    1504.03 -9.990e-29  51008.131     56.653 1531701985      -0.09      0.514   40.23345  -72.23706    33.1305  1024.5478    24.4638    14.7778 0.0000e+00
     19.850    14.4451    33.0831  1024.7022     4.0326     6.7295    115.259    0.00296    5.83856    5.83436      8.858     0.8271   10.63174   4.021409 1.7553e-11    24.6136    24.6130 1.0000e-12     20.000          1       1398    1503.00 5.9242e+00  51076.562     58.196 1531701987       0.14      0.632   40.23346  -72.23706    33.1629  1024.6483    24.5597    14.4422 0.0000e+00
     20.830    14.3226    33.0829  1024.7323     4.0202     6.7722    114.104   -0.00806    5.93517    5.93210      8.864     0.6410   10.79157   4.013291 1.7302e-11    24.6393    24.6386 1.0000e-12     21.000          1       1468    1502.62 5.9242e+00  51090.138     61.114 1531701990      -0.03      0.237   40.23346  -72.23706    33.1928  1024.7016    24.6085    14.3196 0.0000e+00
     21.832    14.0180    33.0950  1024.8095     4.0176     6.8378    114.384   -0.00294    5.97797    5.97540      8.863     0.6215   10.86256   3.982880 1.6882e-11    24.7119    24.7113 1.0000e-12     22.000          1       1501    1501.66 5.9242e+00  51143.583     62.494 1531701991       0.41      0.693   40.23347  -72.23705    33.1729  1024.7540    24.6564    14.0149 0.0000e+00
     22.823    13.4325    33.1140  1024.9486     4.0009     6.9038    113.489   -0.00749    6.08356    6.08228      8.858     0.5932   11.03750   3.932190 2.4846e-11    24.8463    24.8457 1.0000e-12     23.000          1       1544    1499.78 4.0604e+00  51242.711     64.304 1531701993      -0.23      0.582   40.23348  -72.23704    33.2059  1024.9035    24.8012    13.4294 0.0000e+00
     23.813    12.8706    33.1147  1025.0655     3.9694     6.8379    111.553   -0.01882    6.12978    6.12907      8.852     0.5472   11.11413   3.878602 1.7050e-11    24.9586    24.9579 1.0000e-12     24.000          1       1589    1497.92 5.8845e+00  51318.945     66.183 1531701995       0.42      0.494   40.23348  -72.23704    33.1891  1025.0067    24.8997    12.8674 0.0000e+00
     24.807    12.1240    33.1116  1025.2115     3.9455     6.8337    111.161   -0.01312    6.14764    6.14718      8.846     0.4676   11.14347   3.810337 1.7679e-11    25.0997    25.0991 1.0000e-12     25.000          1       1636    1495.40 5.9227e+00  51422.282     68.125 1531701997      -0.05      0.497   40.23350  -72.23703    33.1917  1025.1566    25.0447    12.1208 0.0000e+00
     25.798    11.8511    33.1164  1025.2713     3.9131     6.7755    109.909   -0.01489    6.16466    6.16443      8.842     0.4666   11.17139   3.788330 1.6878e-11    25.1548    25.1542 1.0000e-12     26.000          1       1690    1494.49 5.9242e+00  51470.601     70.381 1531701999       0.47      0.465   40.23350  -72.23702    33.2202  1025.2345    25.1181    11.8478 0.0000e+00
     26.795    11.7555    33.1417  1025.3132     3.8849     6.7516    108.812   -0.01644    6.20496    6.20526      8.840     0.4223   11.23791   3.783255 1.7320e-11    25.1922    25.1916 1.0000e-12     27.000          1       1730    1494.21 -9.990e-29  51521.281     72.036 1531702000      -0.11      0.616   40.23351  -72.23702    33.2556  1025.2841    25.1632    11.7521 0.0000e+00
     27.778    11.5185    33.1611  1025.3765     3.8307     6.6513    106.343   -0.02385    6.25454    6.25551      8.824     0.4163   11.31976   3.763193 1.6840e-11    25.2509    25.2503 1.0000e-12     28.000          1       1787    1493.43 -9.990e-29  51586.596     74.407 1531702003       0.07      0.375   40.23352  -72.23701    33.2709  1025.3440    25.2184    11.5150 0.0000e+00
     28.778    11.1841    33.1819  1025.4580     3.7867     6.5346    104.321   -0.02992    6.26401    6.26510      8.821     0.4353   11.33543   3.734725 1.6880e-11    25.3277    25.3271 1.0000e-12     29.000          1       1822    1492.30 -9.990e-29  51671.315     75.863 1531702004       0.17      0.646   40.23353  -72.23700    33.2907  1025.4244    25.2942    11.1806 0.0000e+00
     29.768    10.9607    33.1916  1025.5100     3.7335     6.4719    102.870   -0.02480    6.29140    6.29288      8.809     0.4129   11.38043   3.716427 1.8037e-11    25.3751    25.3744 1.0000e-12     30.000          1       1874    1491.55 4.5857e+00  51723.176     78.024 1531702006      -0.14      0.465   40.23354  -72.23700    33.3107  1025.4843    25.3494    10.9571 0.0000e+00
     30.758    10.6922    33.2058  1025.5729     3.6583     6.3231     99.829   -0.02986    6.33430    6.33637      8.788     0.3867   11.45121   3.694147 2.5219e-11    25.4334    25.4328 1.0000e-12     31.000          1       1937    1490.63 3.9920e+00  51790.555     80.670 1531702009       0.09      0.392   40.23354  -72.23700    33.3317  1025.5523    25.4127    10.6886 0.0000e+00
     31.747    10.6547    33.2632  1025.6287     3.5800     6.1401     95.992   -0.04293    6.39643    6.39932      8.772     0.3189   11.55445   3.696801 1.6697e-11    25.4846    25.4840 1.0000e-12     32.000          1       1981    1490.59 5.9671e+00  51878.194     82.518 1531702011       0.09      0.532   40.23355  -72.23698    33.3921  1025.6102    25.4662    10.6510 0.0000e+00
     32.748    10.3136    33.2304  1025.6666     3.5357     6.0936     94.987   -0.03630    6.41520    6.41831      8.765     0.3381   11.58586   3.660027 1.6883e-11    25.5178    25.5171 1.0000e-12     33.000          1       2013    1489.35 5.9236e+00  51894.874     83.851 1531702012       0.13      0.712   40.23356  -72.23698    33.3330  1025.6276    25.4788    10.3098 0.0000e+00
     33.738     9.8893    33.1878  1025.7098     3.4905     6.0766     94.805   -0.01970    6.40957    6.41264      8.752     0.2981   11.57616   3.619251 1.6880e-11    25.5561    25.5555 1.0000e-12     34.000          1       2069    1487.78 5.9242e+00  51916.075     86.150 1531702015      -0.14      0.434   40.23356  -72.23698    33.3081  1025.6845    25.5308     9.8855 0.0000e+00
     34.724     9.8335    33.1961  1025.7301     3.4442     5.9923     93.388   -0.01746    6.41662    6.41979      8.745     0.2321   11.58766   3.617215 1.7085e-11    25.5719    25.5713 1.0000e-12     35.000          1       2133    1487.61 -9.990e-29  51939.145     88.854 1531702017       0.14      0.388   40.23358  -72.23696    33.3385  1025.7219    25.5637     9.8296 0.0000e+00
     35.721     9.8538    33.2242  1025.7533     3.4162     5.9402     92.364   -0.01806    6.43126    6.43463      8.742     0.2534   11.61199   3.621376 1.7871e-11    25.5906    25.5899 1.0000e-12     36.000          1       2172    1487.73 -9.990e-29  51975.399     90.448 1531702019       0.02      0.609   40.23358  -72.23696    33.3619  1025.7413    25.5786     9.8498 0.0000e+00
     36.715     9.7575    33.2122  1025.7644     3.3983     5.9534     92.377   -0.01060    6.44466    6.44820      8.739     0.2542   11.63430   3.611503 1.6924e-11    25.5971    25.5964 1.0000e-12     37.000          1       2215    1487.39 -9.990e-29  51977.955     92.232 1531702021      -0.01      0.567   40.23359  -72.23696    33.3494  1025.7520    25.5847     9.7534 0.0000e+00
     37.700     9.6343    33.2018  1025.7811     3.3820     5.9478     92.177   -0.00640    6.45261    6.45626      8.727     0.2154   11.64752   3.599668 1.6880e-11    25.6092    25.6085 1.0000e-12     38.000          1       2271    1486.94 -9.990e-29  51988.383     94.592 1531702023      -0.05      0.386   40.23360  -72.23696    33.3415  1025.7707    25.5988     9.6301 0.0000e+00
     38.697     9.5556    33.1909  1025.7901     3.3694     5.9278     91.816   -0.00560    6.45620    6.45991      8.724     0.2103   11.65338   3.592007 1.7326e-11    25.6136    25.6129 1.0000e-12     39.000          1       2325    1486.66 5.9242e+00  51989.570     96.835 1531702025       0.02      0.402   40.23361  -72.23695    33.3351  1025.7832    25.6067     9.5513 0.0000e+00
     39.686     9.5260    33.1885  1025.7976     3.3572     5.8959     91.397   -0.00565    6.45092    6.45460      8.722     0.1869   11.64415   3.589335 1.7486e-11    25.6165    25.6158 1.0000e-12     40.000          1       2384    1486.56 5.9242e+00  51992.605     99.278 1531702028       0.53      0.402   40.23362  -72.23694    33.3346  1025.7921    25.6110     9.5216 0.0000e+00
     40.686     9.4978    33.2049  1025.8196     3.3557     5.8931     91.624   -0.00235    6.43183    6.43529      8.718     0.1334   11.61203   3.588886 2.1782e-11    25.6339    25.6332 1.0000e-12     41.000          1       2417    1486.50 4.7950e+00  52022.180    100.687 1531702029      -0.06      0.688   40.23363  -72.23694    33.3558  1025.8177    25.6321     9.4933 0.0000e+00
     41.670     9.6115    33.2684  1025.8551     3.3424     5.8342     90.773   -0.00697    6.42732    6.43072      8.716     0.1220   11.60442   3.606663 2.3607e-11    25.6651    25.6643 1.0000e-12     42.000          1       2472    1487.01 4.3503e+00  52089.344    102.966 1531702031       0.11      0.352   40.23364  -72.23694    33.4329  1025.8637    25.6736     9.6069 0.0000e+00
