CalculateIndicators/WaterTemperature/Data/CTD_NYOS/NY1807C27.cnv
* Sea-Bird SBE 9 Data File:
* FileName = C:\Seabird 9 CTD\Data\2018\OffshoreCruise201807\NY1807C27.hex
* Software Version Seasave V 7.23.2
* Temperature SN = 4590
* Conductivity SN = 3228
* Number of Bytes Per Scan = 44
* Number of Voltage Words = 5
* Number of Scans Averaged by the Deck Unit = 1
* NMEA Latitude = 39 24.48 N
* NMEA Longitude = 072 58.30 W
* NMEA UTC (Time) = Jul 20 2018  09:37:34
* NMEA baud rate = 4800
** Ship: RV Seawolf
** Station: NY1807C27
** Operator: jdw
# nquan = 35
# nvalues = 115                         
# units = specified
# name 0 = depSM: Depth [salt water, m]
# name 1 = t090C: Temperature [ITS-90, deg C]
# name 2 = sal00: Salinity, Practical [PSU]
# name 3 = density00: Density [density, kg/m^3]
# name 4 = sbeox0V: Oxygen raw, SBE 43 [V]
# name 5 = sbeox0ML/L: Oxygen, SBE 43 [ml/l]
# name 6 = sbeox0PS: Oxygen, SBE 43 [% saturation]
# name 7 = sbox0dV/dT: Oxygen, SBE 43 [dov/dt]
# name 8 = oxsolML/L: Oxygen Saturation, Garcia & Gordon [ml/l]
# name 9 = oxsatML/L: Oxygen Saturation, Weiss [ml/l]
# name 10 = ph: pH
# name 11 = flECO-AFL: Fluorescence, WET Labs ECO-AFL/FL [mg/m^3]
# name 12 = n2satML/L: Nitrogen Saturation [ml/l]
# name 13 = c0S/m: Conductivity [S/m]
# name 14 = cpar: CPAR/Corrected Irradiance [%]
# name 15 = sigma-é00: Density [sigma-theta, kg/m^3]
# name 16 = sigma-t00: Density [sigma-t, kg/m^3 ]
# name 17 = par: PAR/Irradiance, Biospherical/Licor
# name 18 = prDM: Pressure, Digiquartz [db]
# name 19 = pumps: Pump Status
# name 20 = scan: Scan Count
# name 21 = svCM: Sound Velocity [Chen-Millero, m/s]
# name 22 = spar: SPAR, Biospherical/Licor
# name 23 = specc: Specific Conductance [uS/cm]
# name 24 = timeS: Time, Elapsed [seconds]
# name 25 = timeY: Time, System [seconds]
# name 26 = accM: Acceleration [m/s^2]
# name 27 = dz/dtM: Descent Rate [m/s]
# name 28 = latitude: Latitude [deg]
# name 29 = longitude: Longitude [deg]
# name 30 = gsw_saA0: Absolute Salinity [g/kg]
# name 31 = gsw_densityA0: density, TEOS-10 [density, kg/m^3]
# name 32 = gsw_sigma0A0: density, TEOS-10 [sigma-0, kg/m^3 ]
# name 33 = gsw_ptA0: potential temperature [ITS-90, deg C]
# name 34 = flag: flag
# span 0 =      1.985,     58.550       
# span 1 =     7.9051,    23.7462       
# span 2 =    33.0095,    33.4727       
# span 3 =  1022.2380,  1026.0970       
# span 4 =     3.0684,     4.2106       
# span 5 =     5.2153,     7.0199       
# span 6 =     81.955,    122.097       
# span 7 =   -0.08760,    0.07224       
# span 8 =    4.89359,    6.69466       
# span 9 =    4.88172,    6.70177       
# span 10 =      8.627,      8.944      
# span 11 =     0.0445,     1.7186      
# span 12 =    9.06175,   12.04828      
# span 13 =   3.441750,   4.917417      
# span 14 = -2.032e-06, 1.5329e+01      
# span 15 =    22.2294,    25.8435      
# span 16 =    22.2293,    25.8429      
# span 17 = -5.217e-07, 6.8272e+00      
# span 18 =      2.000,     59.000      
# span 19 =          1,          1      
# span 20 =         -0,       8959      
# span 21 =    1480.64,    1529.23      
# span 22 = 2.3697e+01, 4.8166e+01      
# span 23 =  50407.867,  52314.942      
# span 24 =     -0.044,    373.233      
# span 25 = 1532079492, 1532079865      
# span 26 =      -0.54,       0.51      
# span 27 =     -0.885,      0.988      
# span 28 =   39.40671,   39.40791      
# span 29 =  -72.97172,  -72.97158      
# span 30 =    33.1840,    33.5962      
# span 31 =  1022.2439,  1026.0995      
# span 32 =    22.2354,    25.8337      
# span 33 =     7.8995,    23.7457      
# span 34 = 0.0000e+00, 0.0000e+00      
# interval = decibars: 1                
# start_time = Jul 20 2018 09:38:12 [System UTC, first data scan.]
# bad_flag = -9.990e-29
*END*
[from data line 42]
     43.661     7.9488    33.1683  1026.0443     3.1066     5.5052     82.294   -0.01041    6.68971    6.69676      8.727     0.1480   12.03985   3.445232 3.6171e-12    25.8435    25.8429 1.0000e-12     44.000          1       1835    1480.73 2.7646e+01  52314.942     76.416 1532079569      -0.07      0.430   39.40766  -72.97166    33.2999  1026.0268    25.8260     7.9445 0.0000e+00
     44.647     7.9359    33.1626  1026.0463     3.0923     5.5049     82.271   -0.00532    6.69123    6.69831      8.723     0.1618   12.04242   3.444328 3.6171e-12    25.8409    25.8403 1.0000e-12     45.000          1       1892    1480.69 2.7646e+01  52310.597     78.777 1532079571       0.23      0.396   39.40766  -72.97166    33.3020  1026.0349    25.8296     7.9315 0.0000e+00
     45.651     7.9269    33.1600  1026.0502     3.0883     5.5057     82.280   -0.00372    6.69140    6.69848      8.722     0.1600   12.04272   3.443566 3.6286e-12    25.8402    25.8396 1.0000e-12     46.000          1       1925    1480.67 -9.990e-29  52309.739     80.167 1532079572       0.02      0.681   39.40766  -72.97166    33.3019  1026.0407    25.8308     7.9225 0.0000e+00
     46.632     7.9208    33.1551  1026.0518     3.0838     5.5157     82.421   -0.00069    6.69219    6.69928      8.717     0.1242   12.04406   3.443204 3.6146e-12    25.8373    25.8366 1.0000e-12     47.000          1       2012    1480.66 2.7646e+01  52304.927     83.783 1532079576       0.02      0.155   39.40764  -72.97166    33.3034  1026.0474    25.8329     7.9162 0.0000e+00
     47.629     7.9193    33.1534  1026.0552     3.0814     5.5058     82.269   -0.00154    6.69244    6.69952      8.714     0.1379   12.04448   3.443125 3.6171e-12    25.8362    25.8355 1.0000e-12     48.000          1       2055    1480.67 2.7646e+01  52303.548     85.582 1532079578       0.12      0.575   39.40764  -72.97166    33.3035  1026.0522    25.8332     7.9147 0.0000e+00
     48.623     7.9166    33.1521  1026.0592     3.0810     5.5139     82.394   -0.00007    6.69213    6.69921      8.713     0.1497   12.04398   3.442949 3.6171e-12    25.8356    25.8349 1.0000e-12     49.000          1       2094    1480.67 2.7646e+01  52303.052     87.203 1532079579      -0.01      0.621   39.40763  -72.97166    33.3037  1026.0573    25.8337     7.9119 0.0000e+00
     49.612     7.9157    33.1499  1026.0621     3.0773     5.5023     82.210   -0.00080    6.69295    6.70004      8.711     0.1461   12.04536   3.442884 3.6171e-12    25.8340    25.8333 1.0000e-12     50.000          1       2169    1480.68 2.7646e+01  52300.731     90.346 1532079582       0.09      0.290   39.40762  -72.97166    33.3034  1026.0618    25.8336     7.9109 0.0000e+00
     50.606     7.9137    33.1485  1026.0660     3.0774     5.5072     82.280   -0.00021    6.69319    6.70029      8.704     0.1743   12.04579   3.442717 3.6171e-12    25.8332    25.8325 1.0000e-12     51.000          1       2226    1480.69 -9.990e-29  52299.988     92.693 1532079585       0.33      0.588   39.40762  -72.97166    33.3030  1026.0664    25.8337     7.9088 0.0000e+00
     51.600     7.9128    33.1474  1026.0698     3.0763     5.5040     82.230   -0.00041    6.69338    6.70047      8.702     0.1335   12.04610   3.442637 3.5977e-12    25.8325    25.8317 1.0000e-12     52.000          1       2273    1480.70 -9.990e-29  52299.227     94.685 1532079587      -0.12      0.502   39.40761  -72.97164    33.3025  1026.0707    25.8334     7.9078 0.0000e+00
     52.587     7.9117    33.1460  1026.0734     3.0746     5.5001     82.166   -0.00059    6.69383    6.70093      8.698     0.1398   12.04686   3.442509 3.6150e-12    25.8316    25.8308 1.0000e-12     53.000          1       2347    1480.71 -9.990e-29  52298.265     97.754 1532079590       0.25      0.290   39.40760  -72.97164    33.3018  1026.0749    25.8330     7.9065 0.0000e+00
     53.584     7.9095    33.1452  1026.0777     3.0741     5.5015     82.187   -0.00027    6.69386    6.70096      8.696     0.1392   12.04691   3.442315 3.5197e-12    25.8312    25.8305 1.0000e-12     54.000          1       2398    1480.72 2.9211e+01  52298.241     99.891 1532079592      -0.07      0.434   39.40760  -72.97164    33.3013  1026.0794    25.8330     7.9042 0.0000e+00
     54.573     7.9088    33.1442  1026.0816     3.0729     5.4992     82.151   -0.00035    6.69408    6.70118      8.692     0.1252   12.04729   3.442242 3.4365e-12    25.8306    25.8298 1.0000e-12     55.000          1       2469    1480.73 2.9099e+01  52297.732    102.848 1532079595       0.05      0.333   39.40758  -72.97164    33.3008  1026.0837    25.8327     7.9034 0.0000e+00
     55.568     7.9082    33.1436  1026.0858     3.0716     5.4948     82.082   -0.00070    6.69426    6.70137      8.689     0.1361   12.04760   3.442195 3.5946e-12    25.8302    25.8295 1.0000e-12     56.000          1       2519    1480.74 2.7831e+01  52297.711    104.921 1532079597       0.07      0.493   39.40758  -72.97164    33.3003  1026.0880    25.8324     7.9028 0.0000e+00
     56.559     7.9067    33.1430  1026.0901     3.0715     5.5000     82.156    0.00007    6.69450    6.70161      8.686     0.1290   12.04800   3.442052 3.3900e-12    25.8300    25.8292 1.0000e-12     57.000          1       2578    1480.75 2.9488e+01  52297.878    107.359 1532079600      -0.06      0.398   39.40757  -72.97164    33.2998  1026.0924    25.8323     7.9011 0.0000e+00
     57.549     7.9051    33.1423  1026.0943     3.0698     5.4907     82.016   -0.00093    6.69466    6.70177      8.682     0.1391   12.04828   3.441895 3.3864e-12    25.8297    25.8289 1.0000e-12     58.000          1       2651    1480.76 -9.990e-29  52297.861    110.411 1532079603       0.02      0.304   39.40756  -72.97164    33.2991  1026.0966    25.8320     7.8995 0.0000e+00
     58.550     7.9052    33.1398  1026.0970     3.0684     5.4949     82.083    0.00043    6.69437    6.70148      8.657     0.1282   12.04783   3.441750 3.3672e-12    25.8277    25.8269 1.0000e-12     59.000          1       3335    1480.78 2.9693e+01  52294.938    138.930 1532079631      -0.04      0.112   39.40747  -72.97163    33.2970  1026.0995    25.8303     7.8995 0.0000e+00
     57.555     7.9086    33.1389  1026.0912     3.0690     5.4910     82.026   -0.00013    6.69417    6.70127      8.647     0.1219   12.04749   3.441937 3.2260e-12    25.8265    25.8257 1.0000e-12     58.000          1       3650    1480.77 3.1669e+01  52292.283    152.021 1532079644      -0.26     -0.465   39.40744  -72.97162    33.2962  1026.0939    25.8292     7.9030 0.0000e+00
     56.558     7.9086    33.1390  1026.0867     3.0702     5.4996     82.156    0.00088    6.69407    6.70116 -9.990e-29     0.1455   12.04732   3.441896 3.1649e-12    25.8266    25.8258 1.0000e-12     57.000          1       3655    1480.76 3.1596e+01  52291.742    152.232 1532079644      -0.19     -0.708   39.40744  -72.97162    33.2963  1026.0893    25.8292     7.9031 0.0000e+00
     55.563     7.9081    33.1389  1026.0821     3.0717     5.5036     82.215    0.00103    6.69407    6.70117 -9.990e-29     0.1379   12.04733   3.441794 3.1650e-12    25.8265    25.8257 1.0000e-12     56.000          1       3685    1480.74 3.1596e+01  52290.974    153.510 1532079646       0.04     -0.805   39.40743  -72.97162    33.2961  1026.0847    25.8292     7.9027 0.0000e+00
     54.572     7.9088    33.1389  1026.0774     3.0720     5.4994     82.156    0.00038    6.69389    6.70098 -9.990e-29     0.1309   12.04703   3.441817 3.1650e-12    25.8265    25.8257 1.0000e-12     55.000          1       3725    1480.72 3.1596e+01  52290.196    155.187 1532079647       0.13     -0.626   39.40742  -72.97162    33.2962  1026.0801    25.8291     7.9034 0.0000e+00
     53.586     7.9094    33.1390  1026.0729     3.0714     5.4920     82.048   -0.00039    6.69370    6.70080 -9.990e-29     0.1304   12.04672   3.441836 3.1802e-12    25.8264    25.8257 1.0000e-12     54.000          1       3776    1480.71 3.1596e+01  52289.508    157.297 1532079649      -0.03     -0.445   39.40741  -72.97162    33.2963  1026.0755    25.8291     7.9041 0.0000e+00
     52.591     7.9103    33.1390  1026.0681     3.0708     5.4918     82.047   -0.00006    6.69347    6.70056 -9.990e-29     0.1388   12.04634   3.441873 3.1650e-12    25.8263    25.8255 1.0000e-12     53.000          1       3811    1480.70 3.1596e+01  52288.596    158.732 1532079651      -0.19     -0.650   39.40740  -72.97162    33.2962  1026.0708    25.8289     7.9052 0.0000e+00
     51.595     7.9110    33.1390  1026.0634     3.0704     5.4853     81.955   -0.00078    6.69304    6.70012      8.644     0.1187   12.04563   3.441898 3.1768e-12    25.8261    25.8254 1.0000e-12     52.000          1       3842    1480.68 3.1596e+01  52287.756    160.051 1532079652       0.02     -0.773   39.40740  -72.97162    33.2963  1026.0662    25.8288     7.9060 0.0000e+00
     50.607     7.9129    33.1390  1026.0586     3.0719     5.4985     82.153    0.00089    6.69297    6.70005      8.642     0.1361   12.04551   3.442027 3.1648e-12    25.8258    25.8251 1.0000e-12     51.000          1       3881    1480.67 3.1596e+01  52286.649    161.648 1532079654       0.07     -0.632   39.40740  -72.97162    33.2964  1026.0614    25.8286     7.9079 0.0000e+00
     49.612     7.9157    33.1391  1026.0537     3.0723     5.4968     82.130    0.00061    6.69275    6.69982      8.641     0.1450   12.04514   3.442243 3.1650e-12    25.8255    25.8248 1.0000e-12     50.000          1       3918    1480.67 3.1596e+01  52285.432    163.222 1532079655      -0.01     -0.636   39.40740  -72.97162    33.2965  1026.0564    25.8282     7.9109 0.0000e+00
     48.622     7.9163    33.1392  1026.0491     3.0714     5.4852     81.961   -0.00078    6.69244    6.69951      8.641     0.1218   12.04463   3.442258 3.1650e-12    25.8254    25.8248 1.0000e-12     49.000          1       3959    1480.66 3.1596e+01  52284.711    164.898 1532079657       0.03     -0.596   39.40739  -72.97162    33.2965  1026.0518    25.8282     7.9116 0.0000e+00
     47.630     7.9177    33.1392  1026.0443     3.0716     5.4902     82.043    0.00013    6.69190    6.69896      8.641     0.1445   12.04374   3.442335 3.1650e-12    25.8253    25.8246 1.0000e-12     48.000          1       3996    1480.64 3.1596e+01  52283.734    166.447 1532079659      -0.05     -0.636   39.40738  -72.97162    33.2965  1026.0470    25.8280     7.9130 0.0000e+00
     46.632     7.9200    33.1392  1026.0394     3.0745     5.5059     82.283    0.00165    6.69148    6.69854      8.641     0.1548   12.04304   3.442508 3.1650e-12    25.8249    25.8243 1.0000e-12     47.000          1       4033    1480.64 3.1596e+01  52282.552    167.990 1532079660       0.03     -0.658   39.40738  -72.97162    33.2967  1026.0423    25.8278     7.9154 0.0000e+00
     45.644     7.9256    33.1395  1026.0342     3.0771     5.5052     82.280    0.00067    6.69083    6.69788      8.639     0.1690   12.04196   3.442984 3.0879e-12    25.8243    25.8237 1.0000e-12     46.000          1       4276    1480.64 3.2414e+01  52280.905    178.114 1532079670      -0.03     -0.297   39.40735  -72.97162    33.2969  1026.0371    25.8271     7.9211 0.0000e+00
     44.650     7.9283    33.1394  1026.0292     3.0778     5.5036     82.318    0.00118    6.68574    6.69271      8.627     0.1544   12.03355   3.443179 2.9812e-12    25.8239    25.8232 1.0000e-12     45.000          1       4826    1480.64 3.3545e+01  52279.548    201.059 1532079693      -0.40     -0.679   39.40727  -72.97162    33.2969  1026.0321    25.8267     7.9239 0.0000e+00
     43.660     7.9354    33.1391  1026.0234     3.0805     5.5071     82.472    0.00198    6.67754    6.68440      8.628     0.1610   12.01995   3.443801 2.9720e-12    25.8226    25.8220 1.0000e-12     44.000          1       4871    1480.65 3.3652e+01  52276.738    202.934 1532079695       0.14     -0.765   39.40726  -72.97162    33.2973  1026.0267    25.8259     7.9311 0.0000e+00
     42.670     7.9586    33.1397  1026.0159     3.0880     5.5062     82.905    0.00422    6.64153    6.64783      8.636     0.1864   11.96058   3.446052 2.9218e-12    25.8197    25.8191 1.0000e-12     43.000          1       4906    1480.72 3.3839e+01  52271.352    204.375 1532079697      -0.11     -0.650   39.40726  -72.97162    33.2998  1026.0207    25.8245     7.9545 0.0000e+00
     41.672     8.0369    33.1399  1025.9999     3.1101     5.5559     84.346    0.01226    6.58723    6.59279      8.649     0.3285   11.87035   3.453883 2.9731e-12    25.8083    25.8077 1.0000e-12     42.000          1       4942    1481.00 3.3592e+01  52252.451    205.889 1532079698       0.13     -0.688   39.40726  -72.97162    33.3096  1026.0124    25.8208     8.0328 0.0000e+00
     40.689     8.4121    33.1504  1025.9475     3.1655     5.7254     87.594    0.02783    6.53624    6.54109      8.666     0.6018   11.78570   3.489567 2.9789e-12    25.7609    25.7602 1.0000e-12     41.000          1       4994    1482.41 3.3571e+01  52178.476    208.022 1532079700      -0.10     -0.407   39.40724  -72.97162    33.3345  1025.9713    25.7846     8.4080 0.0000e+00
     39.693     8.7146    33.1806  1025.9204     3.2086     5.8154     89.324    0.03091    6.51045    6.51495      8.674     0.7302   11.74283   3.519686 2.9788e-12    25.7386    25.7379 1.0000e-12     40.000          1       5027    1483.56 3.3571e+01  52153.887    209.406 1532079702      -0.14     -0.679   39.40724  -72.97162    33.3677  1025.9465    25.7647     8.7105 0.0000e+00
     38.702     8.9051    33.1940  1025.8967     3.2446     5.8654     90.416    0.02935    6.48712    6.49132      8.682     0.8262   11.70394   3.538078 2.9014e-12    25.7196    25.7190 1.0000e-12     39.000          1       5057    1484.27 3.4494e+01  52130.171    210.655 1532079703      -0.05     -0.779   39.40724  -72.97162    33.3821  1025.9236    25.7465     8.9010 0.0000e+00
     37.707     9.0420    33.2092  1025.8824     3.2735     5.8976     91.219    0.02729    6.46529    6.46918      8.689     0.8175   11.66772   3.551767 2.8581e-12    25.7100    25.7093 1.0000e-12     38.000          1       5083    1484.78 3.5011e+01  52120.517    211.765 1532079704      -0.09     -0.863   39.40724  -72.97162    33.3972  1025.9093    25.7369     9.0380 0.0000e+00
     36.708     9.2269    33.2358  1025.8692     3.3071     5.9532     92.178    0.02486    6.45840    6.46220      8.690     0.8979   11.65628   3.571055 2.9088e-12    25.7015    25.7009 1.0000e-12     37.000          1       5117    1485.48 3.4406e+01  52119.087    213.161 1532079705       0.18     -0.785   39.40722  -72.97162    33.4254  1025.8973    25.7296     9.2230 0.0000e+00
     35.730     9.5049    33.2615  1025.8400     3.3599     5.9931     93.257    0.01640    6.42646    6.42983      8.697     1.0583   11.60333   3.597645 3.0646e-12    25.6770    25.6763 1.0000e-12     36.000          1       5186    1486.51 3.2646e+01  52097.279    216.034 1532079708      -0.05     -0.209   39.40722  -72.97162    33.4419  1025.8609    25.6979     9.5010 0.0000e+00
     34.726     9.5700    33.2645  1025.8270     3.3877     6.0386     94.311    0.01758    6.40289    6.40595      8.702     1.1914   11.56413   3.603648 2.9478e-12    25.6686    25.6680 1.0000e-12     35.000          1       5224    1486.73 3.3946e+01  52087.448    217.629 1532079710      -0.05     -0.594   39.40721  -72.97162    33.4436  1025.8470    25.6886     9.5662 0.0000e+00
