CalculateIndicators/WaterTemperature/Data/CTD_NYOS/NY1807C24.cnv
* Sea-Bird SBE 9 Data File:
* FileName = C:\Seabird 9 CTD\Data\2018\OffshoreCruise201807\NY1807C24.hex
* Software Version Seasave V 7.23.2
* Temperature SN = 4590
* Conductivity SN = 3228
* Number of Bytes Per Scan = 44
* Number of Voltage Words = 5
* Number of Scans Averaged by the Deck Unit = 1
* NMEA Latitude = 39 24.47 N
* NMEA Longitude = 072 16.74 W
* NMEA UTC (Time) = Jul 19 2018  12:01:49
* NMEA baud rate = 4800
** Ship: RV Seawolf
** Station: NY1807C24
** Operator: ajb
# nquan = 35
# nvalues = 348                         
# units = specified
# name 0 = depSM: Depth [salt water, m]
# name 1 = t090C: Temperature [ITS-90, deg C]
# name 2 = sal00: Salinity, Practical [PSU]
# name 3 = density00: Density [density, kg/m^3]
# name 4 = sbeox0V: Oxygen raw, SBE 43 [V]
# name 5 = sbeox0ML/L: Oxygen, SBE 43 [ml/l]
# name 6 = sbeox0PS: Oxygen, SBE 43 [% saturation]
# name 7 = sbox0dV/dT: Oxygen, SBE 43 [dov/dt]
# name 8 = oxsolML/L: Oxygen Saturation, Garcia & Gordon [ml/l]
# name 9 = oxsatML/L: Oxygen Saturation, Weiss [ml/l]
# name 10 = ph: pH
# name 11 = flECO-AFL: Fluorescence, WET Labs ECO-AFL/FL [mg/m^3]
# name 12 = n2satML/L: Nitrogen Saturation [ml/l]
# name 13 = c0S/m: Conductivity [S/m]
# name 14 = cpar: CPAR/Corrected Irradiance [%]
# name 15 = sigma-é00: Density [sigma-theta, kg/m^3]
# name 16 = sigma-t00: Density [sigma-t, kg/m^3 ]
# name 17 = par: PAR/Irradiance, Biospherical/Licor
# name 18 = prDM: Pressure, Digiquartz [db]
# name 19 = pumps: Pump Status
# name 20 = scan: Scan Count
# name 21 = svCM: Sound Velocity [Chen-Millero, m/s]
# name 22 = spar: SPAR, Biospherical/Licor
# name 23 = specc: Specific Conductance [uS/cm]
# name 24 = timeS: Time, Elapsed [seconds]
# name 25 = timeY: Time, System [seconds]
# name 26 = accM: Acceleration [m/s^2]
# name 27 = dz/dtM: Descent Rate [m/s]
# name 28 = latitude: Latitude [deg]
# name 29 = longitude: Longitude [deg]
# name 30 = gsw_saA0: Absolute Salinity [g/kg]
# name 31 = gsw_densityA0: density, TEOS-10 [density, kg/m^3]
# name 32 = gsw_sigma0A0: density, TEOS-10 [sigma-0, kg/m^3 ]
# name 33 = gsw_ptA0: potential temperature [ITS-90, deg C]
# name 34 = flag: flag
# span 0 =      0.978,    173.599       
# span 1 =     8.8992,    23.0615       
# span 2 =    32.8683,    35.5254       
# span 3 =  1022.3187,  1027.7217       
# span 4 =     2.6302,     4.1957       
# span 5 =     4.0213,     6.7504       
# span 6 =     66.924,    122.297       
# span 7 =   -0.06121,    0.05872       
# span 8 =    4.95777,    6.53467       
# span 9 =    4.94611,    6.53967       
# span 10 =      8.659,      8.967      
# span 11 =    -0.0811,     1.3146      
# span 12 =    9.17006,   11.78103      
# span 13 =   3.544911,   4.831835      
# span 14 = 5.4542e-14, 4.4012e+01      
# span 15 =    22.3101,    26.9503      
# span 16 =    22.3100,    26.9459      
# span 17 = 1.0000e-12, 6.2304e+02      
# span 18 =      1.000,    175.000      
# span 19 =          1,          1      
# span 20 =        830,      33294      
# span 21 =    1484.43,    1527.33      
# span 22 = 1.1852e+03, 1.8801e+03      
# span 23 =  50220.183,  54820.293      
# span 24 =     34.529,   1387.220      
# span 25 = 1532001749, 1532003101      
# span 26 =      -0.57,       0.49      
# span 27 =     -0.700,      0.955      
# span 28 =   39.40205,   39.40769      
# span 29 =  -72.27900,  -72.27660      
# span 30 =    33.0556,    35.6944      
# span 31 =  1022.3372,  1027.7262      
# span 32 =    22.3286,    26.9521      
# span 33 =     8.8954,    23.0610      
# span 34 = 0.0000e+00, 0.0000e+00      
# interval = decibars: 1                
# start_time = Jul 19 2018 12:01:54 [System UTC, first data scan.]
# bad_flag = -9.990e-29
*END*
[from data line 166]
    166.655    12.3382    35.5088  1027.6699     2.7086     4.1880     69.917   -0.00250    5.99000    5.98933 -9.990e-29    -0.0528   10.85560   4.092322 5.7729e-14    26.9232    26.9188 1.0000e-12    168.000          1       7504    1501.36 1.7413e+03  54798.783    312.618 1532002027      -0.04      0.339   39.40644  -72.27854    35.6758  1027.6729    26.9262    12.3158 0.0000e+00
    167.643    12.3360    35.5078  1027.6741     2.7009     4.1675     69.502   -0.00445    5.99633    5.99574      8.697    -0.0557   10.86610   4.091930 5.6086e-14    26.9229    26.9185 1.0000e-12    169.000          1       7632    1501.36 1.7809e+03  54798.399    317.964 1532002032       0.34      0.118   39.40643  -72.27853    35.6736  1027.6762    26.9250    12.3134 0.0000e+00
    168.640    12.2461    35.5063  1027.6952     2.6664     4.0694     67.740   -0.01140    6.00745    6.00701      8.692    -0.0541   10.88450   4.082916 5.6284e-14    26.9393    26.9349 1.0000e-12    170.000          1       7713    1501.07 1.7782e+03  54811.443    321.337 1532002035       0.08      0.287   39.40641  -72.27852    35.6708  1027.6962    26.9404    12.2235 0.0000e+00
    169.628    12.1836    35.5049  1027.7109     2.6322     4.0213     66.924   -0.00636    6.00877    6.00834      8.689    -0.0543   10.88670   4.076816 5.8893e-14    26.9503    26.9459 1.0000e-12    171.000          1       7813    1500.88 1.7091e+03  54820.293    325.487 1532002040       0.04      0.242   39.40640  -72.27852    35.6704  1027.7127    26.9521    12.1610 0.0000e+00
    170.618    12.1951    35.5037  1027.7122     2.6302     4.0504     67.453    0.00118    6.00484    6.00437      8.691    -0.0530   10.88021   4.078174 6.0394e-14    26.9472    26.9428 1.0000e-12    172.000          1       7924    1500.93 1.6788e+03  54817.351    330.126 1532002044       0.12      0.188   39.40638  -72.27852    35.6722  1027.7163    26.9513    12.1724 0.0000e+00
    171.613    12.2149    35.5039  1027.7129     2.6405     4.0796     67.932    0.00250    6.00533    6.00485      8.691    -0.0561   10.88100   4.080192 5.9094e-14    26.9436    26.9391 1.0000e-12    173.000          1       8001    1501.02 1.7111e+03  54815.048    333.320 1532002047       0.08      0.290   39.40637  -72.27852    35.6726  1027.7172    26.9479    12.1920 0.0000e+00
    172.606    12.2138    35.5040  1027.7176     2.6400     4.0595     67.614   -0.00136    6.00394    6.00345      8.691    -0.0527   10.87872   4.080116 6.0145e-14    26.9438    26.9394 1.0000e-12    174.000          1       8082    1501.03 1.6816e+03  54815.927    336.706 1532002051       0.04      0.357   39.40636  -72.27851    35.6725  1027.7217    26.9480    12.1908 0.0000e+00
    173.599    12.2146    35.5037  1027.7217     2.6415     4.0766     67.888    0.00143    6.00486    6.00438      8.690    -0.0569   10.88023   4.080256 5.6962e-14    26.9435    26.9390 1.0000e-12    175.000          1       9251    1501.05 1.7607e+03  54815.921    385.403 1532002100       0.02      0.035   39.40617  -72.27846    35.6727  1027.7262    26.9480    12.1914 0.0000e+00
    172.600    12.2245    35.5035  1027.7151     2.6450     4.0807     67.968    0.00093    6.00388    6.00339      8.689    -0.0557   10.87862   4.081170 5.5876e-14    26.9414    26.9369 1.0000e-12    174.000          1       9904    1501.06 1.7898e+03  54813.468    412.621 1532002127      -0.24     -0.327   39.40607  -72.27843    35.6727  1027.7198    26.9461    12.2014 0.0000e+00
    171.610    12.2319    35.5033  1027.7086     2.6514     4.0986     68.320    0.00273    5.99912    5.99856      8.690    -0.0634   10.87073   4.081814 5.5744e-14    26.9393    26.9348 1.0000e-12    173.000          1       9998    1501.07 1.7939e+03  54811.530    416.547 1532002131       0.02     -0.466   39.40605  -72.27842    35.6723  1027.7136    26.9444    12.2089 0.0000e+00
    170.622    12.2745    35.5050  1027.6975     2.6695     4.1419     69.087    0.00437    5.99519    5.99459      8.691    -0.0646   10.86423   4.086245 5.5783e-14    26.9328    26.9284 1.0000e-12    172.000          1      10100    1501.20 1.7927e+03  54806.229    420.777 1532002135       0.01     -0.179   39.40604  -72.27842    35.6754  1027.7031    26.9384    12.2516 0.0000e+00
    169.627    12.3001    35.5060  1027.6887     2.6836     4.1627     69.455    0.00281    5.99335    5.99272      8.693    -0.0668   10.86116   4.088769 5.7294e-14    26.9286    26.9241 1.0000e-12    171.000          1      10198    1501.27 1.7498e+03  54802.899    424.891 1532002139       0.01     -0.322   39.40602  -72.27842    35.6761  1027.6941    26.9340    12.2773 0.0000e+00
    168.638    12.3126    35.5066  1027.6822     2.6899     4.1700     69.575    0.00163    5.99356    5.99293      8.693    -0.0652   10.86149   4.089994 5.5956e-14    26.9265    26.9221 1.0000e-12    170.000          1      10286    1501.30 1.7871e+03  54801.052    428.557 1532002143      -0.03     -0.289   39.40600  -72.27840    35.6765  1027.6875    26.9319    12.2900 0.0000e+00
    167.642    12.3098    35.5083  1027.6796     2.6878     4.1499     69.246   -0.00164    5.99300    5.99237      8.691    -0.0645   10.86057   4.089718 5.5761e-14    26.9284    26.9240 1.0000e-12    169.000          1      10344    1501.27 1.7934e+03  54803.346    430.942 1532002145      -0.16     -0.456   39.40600  -72.27840    35.6770  1027.6840    26.9327    12.2873 0.0000e+00
    166.659    12.3223    35.5084  1027.6728     2.6955     4.1869     69.955    0.00426    5.98514    5.98440      8.692    -0.0547   10.84755   4.091026 5.5546e-14    26.9260    26.9216 1.0000e-12    168.000          1      10487    1501.30 1.8003e+03  54800.845    436.915 1532002151      -0.11     -0.277   39.40598  -72.27840    35.6783  1027.6780    26.9313    12.2999 0.0000e+00
    165.657    12.3437    35.5083  1027.6640     2.7059     4.2154     70.448    0.00586    5.98378    5.98302      8.695    -0.0571   10.84528   4.093188 5.5964e-14    26.9217    26.9174 1.0000e-12    167.000          1      10516    1501.36 1.7869e+03  54796.605    438.123 1532002152      -0.21     -0.644   39.40596  -72.27838    35.6794  1027.6702    26.9280    12.3214 0.0000e+00
    164.672    12.3919    35.5108  1027.6519     2.7260     4.2524     71.111    0.00533    5.97996    5.97916      8.699    -0.0594   10.83896   4.098094 5.5534e-14    26.9142    26.9099 1.0000e-12    166.000          1      10619    1501.51 1.8010e+03  54791.867    442.432 1532002157       0.00     -0.353   39.40595  -72.27838    35.6818  1027.6580    26.9203    12.3697 0.0000e+00
    163.673    12.4115    35.5120  1027.6444     2.7361     4.2635     71.341    0.00380    5.97626    5.97540      8.699    -0.0602   10.83281   4.100089 5.8366e-14    26.9113    26.9069 1.0000e-12    165.000          1      10695    1501.56 1.7238e+03  54789.722    445.580 1532002160      -0.19     -0.665   39.40594  -72.27838    35.6830  1027.6506    26.9175    12.3894 0.0000e+00
    162.686    12.4398    35.5131  1027.6352     2.7488     4.2942     71.869    0.00479    5.97506    5.97419      8.700    -0.0644   10.83082   4.102940 5.6336e-14    26.9066    26.9023 1.0000e-12    164.000          1      10763    1501.64 1.7749e+03  54786.207    448.403 1532002162       0.08     -0.384   39.40593  -72.27838    35.6843  1027.6414    26.9128    12.4178 0.0000e+00
    161.693    12.4645    35.5143  1027.6267     2.7622     4.3114     72.194    0.00307    5.97200    5.97110 -9.990e-29    -0.0690   10.82576   4.105349 5.6621e-14    26.9026    26.8983 1.0000e-12    163.000          1      10874    1501.71 1.7720e+03  54783.222    453.048 1532002167       0.01     -0.441   39.40590  -72.27836    35.6846  1027.6323    26.9083    12.4426 0.0000e+00
    160.704    12.4796    35.5151  1027.6198     2.7674     4.3132     72.229    0.00119    5.97147    5.97056 -9.990e-29    -0.0670   10.82487   4.106879 5.6431e-14    26.9002    26.8959 1.0000e-12    162.000          1      10947    1501.74 1.7722e+03  54781.350    456.071 1532002170      -0.15     -0.359   39.40590  -72.27836    35.6856  1027.6256    26.9060    12.4578 0.0000e+00
    159.712    12.4860    35.5160  1027.6149     2.7700     4.3135     72.241    0.00026    5.97103    5.97011 -9.990e-29    -0.0643   10.82413   4.107468 5.8640e-14    26.8997    26.8954 1.0000e-12    161.000          1      11040    1501.75 1.7227e+03  54781.051    459.953 1532002174      -0.03     -0.245   39.40588  -72.27836    35.6857  1027.6199    26.9048    12.4644 0.0000e+00
    158.723    12.4868    35.5167  1027.6108     2.7691     4.3069     72.160   -0.00017    5.96855    5.96760      8.704    -0.0685   10.81999   4.107552 5.6363e-14    26.9000    26.8958 1.0000e-12    160.000          1      11139    1501.73 1.7765e+03  54781.303    464.092 1532002178      -0.11     -0.262   39.40587  -72.27834    35.6862  1027.6157    26.9050    12.4653 0.0000e+00
    157.734    12.5036    35.5194  1027.6050     2.7755     4.3358     72.645    0.00324    5.96843    5.96748      8.704    -0.0709   10.81980   4.109517 5.6078e-14    26.8988    26.8945 1.0000e-12    159.000          1      11195    1501.78 1.7831e+03  54781.704    466.422 1532002181      -0.10     -0.416   39.40586  -72.27834    35.6897  1027.6106    26.9044    12.4822 0.0000e+00
    156.736    12.5110    35.5207  1027.6001     2.7782     4.3298     72.567    0.00111    5.96669    5.96572      8.704    -0.0544   10.81689   4.110267 6.0485e-14    26.8983    26.8941 1.0000e-12    158.000          1      11296    1501.79 1.6757e+03  54781.776    470.638 1532002185      -0.07     -0.328   39.40585  -72.27833    35.6904  1027.6052    26.9034    12.4898 0.0000e+00
    155.749    12.5256    35.5240  1027.5953     2.7811     4.3338     72.644    0.00094    5.96576    5.96478 -9.990e-29    -0.0636   10.81534   4.111982 5.5629e-14    26.8980    26.8938 1.0000e-12    157.000          1      11380    1501.82 1.7964e+03  54783.431    474.111 1532002188      -0.25     -0.420   39.40583  -72.27832    35.6937  1027.6003    26.9030    12.5045 0.0000e+00
    154.752    12.5270    35.5237  1027.5903     2.7836     4.3416     72.776    0.00154    5.96558    5.96460 -9.990e-29    -0.0656   10.81504   4.112011 5.5844e-14    26.8974    26.8933 1.0000e-12    156.000          1      11441    1501.81 1.7908e+03  54782.230    476.680 1532002191      -0.06     -0.389   39.40582  -72.27832    35.6931  1027.5952    26.9023    12.5059 0.0000e+00
    153.763    12.5289    35.5241  1027.5858     2.7852     4.3382     72.725    0.00030    5.96523    5.96424 -9.990e-29    -0.0573   10.81445   4.112167 5.8818e-14    26.8974    26.8932 1.0000e-12    155.000          1      11551    1501.80 1.7118e+03  54781.897    481.249 1532002195      -0.07     -0.233   39.40580  -72.27831    35.6932  1027.5904    26.9020    12.5080 0.0000e+00
    152.774    12.5312    35.5249  1027.5815     2.7856     4.3382     72.728    0.00028    5.96499    5.96400 -9.990e-29    -0.0563   10.81404   4.112435 5.5951e-14    26.8975    26.8934 1.0000e-12    154.000          1      11626    1501.80 1.7865e+03  54781.985    484.392 1532002199      -0.11     -0.400   39.40580  -72.27830    35.6940  1027.5861    26.9022    12.5105 0.0000e+00
    151.778    12.5330    35.5254  1027.5770     2.7867     4.3410     72.777    0.00048    5.96487    5.96388 -9.990e-29    -0.0596   10.81384   4.112592 5.5557e-14    26.8975    26.8934 1.0000e-12    153.000          1      11707    1501.78 1.8000e+03  54781.813    487.756 1532002202      -0.09     -0.312   39.40577  -72.27830    35.6943  1027.5815    26.9020    12.5124 0.0000e+00
    150.788    12.5328    35.5254  1027.5726     2.7894     4.3486     72.894    0.00093    5.96565    5.96467 -9.990e-29    -0.0602   10.81516   4.112533 5.5602e-14    26.8975    26.8934 1.0000e-12    152.000          1      11800    1501.77 1.7985e+03  54781.235    491.637 1532002206      -0.01     -0.356   39.40576  -72.27828    35.6944  1027.5771    26.9020    12.5123 0.0000e+00
    149.795    12.5288    35.5239  1027.5678     2.7889     4.3428     72.795   -0.00005    5.96575    5.96477 -9.990e-29    -0.0628   10.81532   4.111899 5.5856e-14    26.8971    26.8931 1.0000e-12    151.000          1      11871    1501.74 1.7904e+03  54779.246    494.566 1532002209      -0.00     -0.317   39.40575  -72.27828    35.6925  1027.5720    26.9014    12.5084 0.0000e+00
    148.805    12.5273    35.5245  1027.5641     2.7869     4.3359     72.675   -0.00056    5.96621    5.96524 -9.990e-29    -0.0702   10.81608   4.111796 5.5365e-14    26.8979    26.8939 1.0000e-12    150.000          1      11974    1501.71 1.8062e+03  54779.691    498.893 1532002213      -0.04     -0.240   39.40573  -72.27828    35.6933  1027.5685    26.9022    12.5071 0.0000e+00
    147.819    12.5249    35.5240  1027.5598     2.7877     4.3426     72.770    0.00046    5.96757    5.96661 -9.990e-29    -0.0637   10.81837   4.111420 5.5340e-14    26.8979    26.8939 1.0000e-12    149.000          1      12052    1501.69 1.8071e+03  54778.764    502.114 1532002216      -0.14     -0.332   39.40572  -72.27826    35.6923  1027.5638    26.9020    12.5049 0.0000e+00
    146.816    12.5167    35.5216  1027.5550     2.7866     4.3392     72.716    0.00033    5.96738    5.96642 -9.990e-29    -0.0690   10.81805   4.110317 5.6671e-14    26.8976    26.8937 1.0000e-12    148.000          1      12119    1501.64 1.7688e+03  54776.144    504.916 1532002219      -0.18     -0.454   39.40571  -72.27826    35.6899  1027.5591    26.9017    12.4967 0.0000e+00
    145.829    12.5148    35.5211  1027.5506     2.7871     4.3426     72.774    0.00101    5.96733    5.96636 -9.990e-29    -0.0566   10.81795   4.110074 6.5174e-14    26.8976    26.8937 1.0000e-12    147.000          1      12216    1501.62 1.5788e+03  54775.175    508.977 1532002223      -0.05     -0.438   39.40568  -72.27826    35.6898  1027.5549    26.9019    12.4950 0.0000e+00
    144.838    12.5153    35.5212  1027.5461     2.7876     4.3387     72.709    0.00002    5.96722    5.96625 -9.990e-29    -0.0662   10.81777   4.110092 5.5990e-14    26.8975    26.8936 1.0000e-12    146.000          1      12290    1501.60 1.7871e+03  54774.611    512.026 1532002226       0.01     -0.283   39.40567  -72.27825    35.6899  1027.5504    26.9018    12.4957 0.0000e+00
    143.847    12.5152    35.5214  1027.5418     2.7886     4.3389     72.715   -0.00020    5.96703    5.96606 -9.990e-29    -0.0710   10.81745   4.110058 5.5065e-14    26.8977    26.8938 1.0000e-12    145.000          1      12393    1501.59 1.8160e+03  54774.243    516.348 1532002230      -0.12     -0.216   39.40566  -72.27824    35.6901  1027.5461    26.9020    12.4957 0.0000e+00
    142.853    12.5158    35.5219  1027.5376     2.7887     4.3409     72.755    0.00037    5.96655    5.96558 -9.990e-29    -0.0681   10.81666   4.110143 5.5590e-14    26.8979    26.8941 1.0000e-12    144.000          1      12460    1501.57 1.7989e+03  54774.236    519.118 1532002233      -0.20     -0.487   39.40564  -72.27822    35.6908  1027.5421    26.9024    12.4964 0.0000e+00
    141.862    12.5223    35.5206  1027.5309     2.7902     4.3496     72.902    0.00169    5.96634    5.96536      8.706    -0.0596   10.81636   4.110600 5.5513e-14    26.8956    26.8918 1.0000e-12    143.000          1      12542    1501.58 1.8014e+03  54770.914    522.560 1532002237      -0.11     -0.284   39.40564  -72.27822    35.6895  1027.5353    26.9001    12.5030 0.0000e+00
    140.873    12.5242    35.5171  1027.5233     2.7966     4.3617     73.102    0.00154    5.96661    5.96563      8.706    -0.0628   10.81685   4.110369 5.5205e-14    26.8925    26.8887 1.0000e-12    142.000          1      12651    1501.56 1.8114e+03  54765.204    527.101 1532002241      -0.07     -0.225   39.40561  -72.27821    35.6859  1027.5277    26.8969    12.5051 0.0000e+00
