CalculateIndicators/WaterTemperature/Data/CTD_NYOS/NY1807C25.cnv
* Sea-Bird SBE 9 Data File:
* FileName = C:\Seabird 9 CTD\Data\2018\OffshoreCruise201807\NY1807C25.hex
* Software Version Seasave V 7.23.2
* Temperature SN = 4590
* Conductivity SN = 3228
* Number of Bytes Per Scan = 44
* Number of Voltage Words = 5
* Number of Scans Averaged by the Deck Unit = 1
* NMEA Latitude = 38 59.96 N
* NMEA Longitude = 072 49.25 W
* NMEA UTC (Time) = Jul 20 2018  05:27:36
* NMEA baud rate = 4800
** Ship: RV Seawolf
** Station: NY1807C25
** Operator: jdw
# nquan = 35
# nvalues = 278                         
# units = specified
# name 0 = depSM: Depth [salt water, m]
# name 1 = t090C: Temperature [ITS-90, deg C]
# name 2 = sal00: Salinity, Practical [PSU]
# name 3 = density00: Density [density, kg/m^3]
# name 4 = sbeox0V: Oxygen raw, SBE 43 [V]
# name 5 = sbeox0ML/L: Oxygen, SBE 43 [ml/l]
# name 6 = sbeox0PS: Oxygen, SBE 43 [% saturation]
# name 7 = sbox0dV/dT: Oxygen, SBE 43 [dov/dt]
# name 8 = oxsolML/L: Oxygen Saturation, Garcia & Gordon [ml/l]
# name 9 = oxsatML/L: Oxygen Saturation, Weiss [ml/l]
# name 10 = ph: pH
# name 11 = flECO-AFL: Fluorescence, WET Labs ECO-AFL/FL [mg/m^3]
# name 12 = n2satML/L: Nitrogen Saturation [ml/l]
# name 13 = c0S/m: Conductivity [S/m]
# name 14 = cpar: CPAR/Corrected Irradiance [%]
# name 15 = sigma-é00: Density [sigma-theta, kg/m^3]
# name 16 = sigma-t00: Density [sigma-t, kg/m^3 ]
# name 17 = par: PAR/Irradiance, Biospherical/Licor
# name 18 = prDM: Pressure, Digiquartz [db]
# name 19 = pumps: Pump Status
# name 20 = scan: Scan Count
# name 21 = svCM: Sound Velocity [Chen-Millero, m/s]
# name 22 = spar: SPAR, Biospherical/Licor
# name 23 = specc: Specific Conductance [uS/cm]
# name 24 = timeS: Time, Elapsed [seconds]
# name 25 = timeY: Time, System [seconds]
# name 26 = accM: Acceleration [m/s^2]
# name 27 = dz/dtM: Descent Rate [m/s]
# name 28 = latitude: Latitude [deg]
# name 29 = longitude: Longitude [deg]
# name 30 = gsw_saA0: Absolute Salinity [g/kg]
# name 31 = gsw_densityA0: density, TEOS-10 [density, kg/m^3]
# name 32 = gsw_sigma0A0: density, TEOS-10 [sigma-0, kg/m^3 ]
# name 33 = gsw_ptA0: potential temperature [ITS-90, deg C]
# name 34 = flag: flag
# span 0 =      0.994,    138.903       
# span 1 =    10.4979,    23.8970       
# span 2 =    33.8789,    35.3895       
# span 3 =  1022.8472,  1027.4296       
# span 4 =     2.9682,     4.3688       
# span 5 =     4.7066,     6.7336       
# span 6 =     78.694,    127.652       
# span 7 =   -0.08616,    0.10203       
# span 8 =    4.86246,    6.27169       
# span 9 =    4.85067,    6.27388       
# span 10 =      8.711,      8.980      
# span 11 =    -0.0833,     1.0706      
# span 12 =    9.00170,   11.33480      
# span 13 =   3.789656,   5.046659      
# span 14 = -1.103e+03, 7.3444e+04      
# span 15 =    22.8386,    26.8094      
# span 16 =    22.8385,    26.8058      
# span 17 = 1.0000e-12, 2.3874e-01      
# span 18 =      1.000,    140.000      
# span 19 =          1,          1      
# span 20 =        305,      15471      
# span 21 =    1491.47,    1530.55      
# span 22 = 9.9952e-01, 5.0859e+00      
# span 23 =  51574.793,  54599.320      
# span 24 =     12.662,    644.598      
# span 25 = 1532064521, 1532065153      
# span 26 =      -0.64,       0.56      
# span 27 =     -1.399,      1.095      
# span 28 =   38.99804,   38.99925      
# span 29 =  -72.82155,  -72.82090      
# span 30 =    34.0489,    35.5576      
# span 31 =  1022.8507,  1027.4339      
# span 32 =    22.8419,    26.8137      
# span 33 =    10.4932,    23.8966      
# span 34 = 0.0000e+00, 0.0000e+00      
# interval = decibars: 1                
# start_time = Jul 20 2018 05:28:29 [System UTC, first data scan.]
# bad_flag = -9.990e-29
*END*
[from data line 42]
     43.664    10.8469    34.4941  1026.6075     3.2043     5.3297     85.970   -0.00634    6.19955    6.20094      8.802     0.0118   11.21290   3.840294 2.4471e-11    26.4100    26.4091 1.0000e-12     44.000          1       2009    1492.95 3.9538e+00  53570.765     83.653 1532064592       0.08      0.579   38.99908  -72.82094    34.6509  1026.6060    26.4085    10.8416 0.0000e+00
     44.650    10.9322    34.5357  1026.6290     3.1985     5.3248     86.032   -0.00317    6.18935    6.19063      8.802    -0.0039   11.19556   3.852620 2.4906e-11    26.4272    26.4262 1.0000e-12     45.000          1       2050    1493.32 3.9495e+00  53613.822     85.369 1532064594      -0.04      0.583   38.99908  -72.82094    34.6936  1026.6283    26.4264    10.9267 0.0000e+00
     45.644    10.9873    34.5651  1026.6465     3.1908     5.2947     85.604   -0.00521    6.18511    6.18635      8.801     0.0004   11.18835   3.861508 2.3747e-11    26.4402    26.4391 1.0000e-12     46.000          1       2081    1493.56 3.9495e+00  53645.469     86.679 1532064595       0.22      0.692   38.99908  -72.82094    34.7301  1026.6511    26.4448    10.9817 0.0000e+00
     46.644    11.0336    34.5943  1026.6653     3.1831     5.2703     85.213   -0.00682    6.18479    6.18604      8.800    -0.0002   11.18769   3.868759 2.3302e-11    26.4545    26.4535 1.0000e-12     47.000          1       2108    1493.77 3.9495e+00  53678.370     87.785 1532064597       0.07      0.888   38.99908  -72.82094    34.7586  1026.6693    26.4586    11.0278 0.0000e+00
     47.632    11.0715    34.6190  1026.6821     3.1720     5.2466     84.842   -0.00676    6.18389    6.18514      8.797    -0.0124   11.18610   3.874825 2.4054e-11    26.4669    26.4658 1.0000e-12     48.000          1       2147    1493.95 -9.990e-29  53706.548     89.413 1532064598      -0.21      0.663   38.99908  -72.82094    34.7829  1026.6858    26.4706    11.0657 0.0000e+00
     48.617    11.0762    34.6376  1026.7002     3.1597     5.2175     84.435   -0.00662    6.17938    6.18058      8.793    -0.0130   11.17848   3.877063 2.4274e-11    26.4806    26.4795 1.0000e-12     49.000          1       2190    1494.01 3.9495e+00  53732.324     91.225 1532064600       0.13      0.512   38.99908  -72.82094    34.8005  1026.7030    26.4834    11.0702 0.0000e+00
     49.617    11.0791    34.6440  1026.7092     3.1524     5.1974     84.135   -0.00724    6.17740    6.17857      8.792    -0.0248   11.17506   3.878226 2.4310e-11    26.4851    26.4840 1.0000e-12     50.000          1       2218    1494.04 3.9495e+00  53741.353     92.383 1532064601       0.22      0.775   38.99908  -72.82094    34.8089  1026.7135    26.4894    11.0730 0.0000e+00
     50.612    11.0994    34.6523  1026.7164     3.1493     5.2117     84.350   -0.00327    6.17863    6.17983      8.791    -0.0199   11.17706   3.881163 2.4923e-11    26.4878    26.4867 1.0000e-12     51.000          1       2249    1494.14 3.9495e+00  53749.773     93.657 1532064602      -0.10      0.831   38.99908  -72.82094    34.8186  1026.7218    26.4933    11.0932 0.0000e+00
     51.599    11.1223    34.6685  1026.7293     3.1439     5.2024     84.173   -0.00325    6.18068    6.18190      8.787    -0.0074   11.18044   3.884833 2.4869e-11    26.4963    26.4951 1.0000e-12     52.000          1       2289    1494.26 3.9495e+00  53768.867     95.324 1532064604      -0.07      0.601   38.99906  -72.82094    34.8332  1026.7334    26.5004    11.1159 0.0000e+00
     52.591    11.1090    34.6732  1026.7400     3.1392     5.1988     84.086   -0.00254    6.18274    6.18401      8.783    -0.0159   11.18364   3.884006 2.3738e-11    26.5024    26.5013 1.0000e-12     53.000          1       2332    1494.23 -9.990e-29  53778.447     97.145 1532064606      -0.06      0.554   38.99906  -72.82096    34.8371  1026.7434    26.5059    11.1025 0.0000e+00
     53.575    11.0897    34.6742  1026.7487     3.1323     5.1752     83.770   -0.00359    6.17791    6.17914      8.781    -0.0276   11.17541   3.882162 2.3801e-11    26.5067    26.5055 1.0000e-12     54.000          1       2371    1494.18 -9.990e-29  53783.780     98.765 1532064608       0.22      0.556   38.99906  -72.82096    34.8365  1026.7510    26.5090    11.0830 0.0000e+00
     54.577    11.0634    34.6819  1026.7641     3.1227     5.1312     83.072   -0.00817    6.17679    6.17800      8.780    -0.0255   11.17349   3.880646 2.4308e-11    26.5175    26.5163 1.0000e-12     55.000          1       2394    1494.12 4.1283e+00  53799.867     99.727 1532064609       0.33      0.878   38.99906  -72.82096    34.8458  1026.7674    26.5209    11.0567 0.0000e+00
     55.576    11.0882    34.7038  1026.7811     3.1174     5.1213     82.922   -0.00774    6.17598    6.17718      8.778    -0.0113   11.17213   3.885602 2.2752e-11    26.5301    26.5288 1.0000e-12     56.000          1       2418    1494.25 4.5485e+00  53826.549    100.720 1532064610       0.00      1.040   38.99906  -72.82096    34.8715  1026.7873    26.5364    11.0813 0.0000e+00
     56.563    11.1106    34.7162  1026.7912     3.1132     5.1362     83.166   -0.00299    6.17578    6.17698      8.778    -0.0254   11.17174   3.888822 2.3541e-11    26.5357    26.5345 1.0000e-12     57.000          1       2462    1494.36 4.3658e+00  53840.441    102.544 1532064611      -0.25      0.612   38.99906  -72.82096    34.8819  1026.7958    26.5404    11.1036 0.0000e+00
     57.548    11.1199    34.7250  1026.8007     3.1097     5.1387     83.225   -0.00101    6.17447    6.17566      8.773    -0.0283   11.16952   3.890572 2.4180e-11    26.5409    26.5396 1.0000e-12     58.000          1       2521    1494.41 3.9222e+00  53851.593    104.981 1532064614       0.14      0.384   38.99904  -72.82096    34.8902  1026.8051    26.5452    11.1127 0.0000e+00
     58.538    11.1170    34.7266  1026.8070     3.1085     5.1363     83.243   -0.00037    6.17030    6.17145 -9.990e-29    -0.0256   11.16245   3.890446 2.5031e-11    26.5427    26.5413 1.0000e-12     59.000          1       2553    1494.42 -9.990e-29  53854.930    106.331 1532064615       0.24      0.659   38.99904  -72.82096    34.8912  1026.8109    26.5465    11.1097 0.0000e+00
     59.536    11.1183    34.7272  1026.8118     3.1063     5.1207     83.023   -0.00219    6.16779    6.16891 -9.990e-29    -0.0175   11.15817   3.890744 2.3118e-11    26.5430    26.5416 1.0000e-12     60.000          1       2576    1494.45 -9.990e-29  53856.266    107.291 1532064616       0.25      0.915   38.99904  -72.82096    34.8925  1026.8161    26.5473    11.1109 0.0000e+00
     60.535    11.1328    34.7335  1026.8185     3.1080     5.1326     83.223   -0.00046    6.16738    6.16850 -9.990e-29    -0.0123   11.15747   3.893053 2.3548e-11    26.5452    26.5439 1.0000e-12     61.000          1       2599    1494.52 3.9495e+00  53862.949    108.240 1532064617       0.04      1.057   38.99904  -72.82096    34.9015  1026.8249    26.5516    11.1252 0.0000e+00
     61.527    11.1592    34.7498  1026.8309     3.1090     5.1421     83.378    0.00096    6.16720    6.16831      8.771    -0.0163   11.15716   3.897203 2.4541e-11    26.5532    26.5518 1.0000e-12     62.000          1       2633    1494.65 3.9495e+00  53881.645    109.664 1532064618      -0.26      0.809   38.99904  -72.82096    34.9174  1026.8369    26.5592    11.1515 0.0000e+00
     62.506    11.1749    34.7608  1026.8410     3.1107     5.1401     83.429    0.00053    6.16100    6.16205      8.768    -0.0347   11.14662   3.899660 2.4241e-11    26.5588    26.5574 1.0000e-12     63.000          1       2703    1494.73 3.9495e+00  53894.639    112.564 1532064621      -0.01      0.215   38.99904  -72.82096    34.9266  1026.8456    26.5635    11.1672 0.0000e+00
     63.500    11.1794    34.7642  1026.8473     3.1087     5.1269     83.278   -0.00061    6.15641    6.15742      8.767    -0.0353   11.13884   3.900559 2.5327e-11    26.5607    26.5592 1.0000e-12     64.000          1       2736    1494.77 3.9495e+00  53899.233    113.970 1532064623       0.56      0.607   38.99904  -72.82096    34.9308  1026.8526    26.5660    11.1715 0.0000e+00
     64.501    11.1934    34.7714  1026.8549     3.1025     5.0944     82.761   -0.00441    6.15562    6.15661      8.768    -0.0272   11.13748   3.902982 2.3418e-11    26.5638    26.5623 1.0000e-12     65.000          1       2757    1494.84 3.9495e+00  53907.358    114.847 1532064624       0.31      1.030   38.99904  -72.82096    34.9414  1026.8627    26.5716    11.1853 0.0000e+00
     65.499    11.2293    34.7964  1026.8722     3.1029     5.0945     82.845   -0.00358    6.14943    6.15036      8.767    -0.0398   11.12697   3.909058 2.4658e-11    26.5767    26.5752 1.0000e-12     66.000          1       2781    1495.01 3.9495e+00  53936.464    115.846 1532064625      -0.10      1.075   38.99904  -72.82096    34.9674  1026.8807    26.5852    11.2212 0.0000e+00
     66.481    11.2584    34.8116  1026.8831     3.1052     5.1203     83.353    0.00166    6.14299    6.14386      8.766    -0.0460   11.11598   3.913190 2.4031e-11    26.5832    26.5817 1.0000e-12     67.000          1       2829    1495.15 3.9495e+00  53953.024    117.838 1532064627      -0.23      0.518   38.99902  -72.82096    34.9806  1026.8901    26.5902    11.2500 0.0000e+00
     67.472    11.3068    34.8430  1026.9031     3.1029     5.0955     83.053   -0.00128    6.13524    6.13602      8.764    -0.0473   11.10289   3.921225 2.4148e-11    26.5988    26.5972 1.0000e-12     68.000          1       2875    1495.37 3.9495e+00  53988.806    119.733 1532064629       0.15      0.541   38.99902  -72.82096    35.0143  1026.9117    26.6074    11.2983 0.0000e+00
     68.465    11.3360    34.8639  1026.9184     3.1016     5.0864     82.994   -0.00154    6.12868    6.12939      8.764    -0.0209   11.09184   3.925968 2.4264e-11    26.6097    26.6081 1.0000e-12     69.000          1       2908    1495.52 3.9495e+00  54013.304    121.135 1532064630       0.06      0.696   38.99902  -72.82096    35.0334  1026.9255    26.6168    11.3274 0.0000e+00
     69.459    11.3693    34.8791  1026.9286     3.0996     5.0800     82.984   -0.00085    6.12167    6.12231      8.763    -0.0395   11.07996   3.931112 2.5043e-11    26.6154    26.6138 1.0000e-12     70.000          1       2940    1495.67 3.9495e+00  54029.280    122.457 1532064631       0.02      0.753   38.99902  -72.82096    35.0525  1026.9386    26.6255    11.3606 0.0000e+00
     70.452    11.4195    34.8970  1026.9376     3.0991     5.0723     82.960   -0.00108    6.11415    6.11469      8.764    -0.0350   11.06727   3.937675 2.4371e-11    26.6201    26.6184 1.0000e-12     71.000          1       2973    1495.88 3.9495e+00  54046.072    123.844 1532064633      -0.04      0.735   38.99902  -72.82096    35.0696  1026.9470    26.6295    11.4106 0.0000e+00
     71.440    11.4692    34.9250  1026.9546     3.1001     5.0809     83.141    0.00074    6.11112    6.11164      8.766    -0.0233   11.06217   3.945460 2.4569e-11    26.6327    26.6310 1.0000e-12     72.000          1       3010    1496.10 3.9495e+00  54076.991    125.365 1532064634      -0.03      0.658   38.99902  -72.82096    35.0993  1026.9652    26.6433    11.4602 0.0000e+00
     72.437    11.5229    34.9463  1026.9656     3.1007     5.0817     83.161    0.00062    6.11062    6.11113      8.763    -0.0471   11.06132   3.952738 2.4392e-11    26.6392    26.6375 1.0000e-12     73.000          1       3043    1496.33 3.9495e+00  54097.782    126.759 1532064636       0.05      0.706   38.99901  -72.82096    35.1202  1026.9758    26.6495    11.5136 0.0000e+00
     73.427    11.5463    34.9564  1026.9735     3.0999     5.0552     83.057   -0.00048    6.08640    6.08665      8.760    -0.0472   11.02030   3.955698 2.4565e-11    26.6428    26.6410 1.0000e-12     74.000          1       3089    1496.44 3.9495e+00  54108.429    128.669 1532064637      -0.15      0.535   38.99900  -72.82096    35.1268  1026.9811    26.6504    11.5369 0.0000e+00
     74.410    11.5581    34.9657  1026.9830     3.1009     5.0328     83.254    0.00147    6.04509    6.04489      8.761    -0.0518   10.95061   3.958077 2.5065e-11    26.6479    26.6461 1.0000e-12     75.000          1       3135    1496.51 3.9495e+00  54119.926    130.579 1532064639       0.23      0.486   38.99900  -72.82096    35.1387  1026.9925    26.6574    11.5486 0.0000e+00
     75.409    11.6885    35.0346  1027.0164     3.0944     4.9912     82.641   -0.00359    6.03967    6.03941      8.763    -0.0520   10.94146   3.980057 2.5327e-11    26.6770    26.6752 1.0000e-12     76.000          1       3160    1497.06 3.9495e+00  54193.992    131.611 1532064640       0.31      0.816   38.99900  -72.82096    35.2320  1027.0445    26.7052    11.6788 0.0000e+00
     76.407    11.8798    35.1139  1027.0460     3.0874     4.9577     82.131   -0.00707    6.03639    6.03609      8.762    -0.0447   10.93593   4.006033 2.5320e-11    26.7024    26.7006 1.0000e-12     77.000          1       3183    1497.82 3.9495e+00  54272.475    132.580 1532064641       0.09      1.014   38.99900  -72.82097    35.3061  1027.0699    26.7264    11.8698 0.0000e+00
     77.401    12.0076    35.1663  1027.0666     3.0795     4.9408     81.928   -0.00611    6.03060    6.03023      8.762    -0.0547   10.92611   4.022942 2.4944e-11    26.7188    26.7169 1.0000e-12     78.000          1       3216    1498.34 3.9495e+00  54324.626    133.953 1532064643      -0.24      0.828   38.99900  -72.82098    35.3506  1027.0842    26.7365    11.9974 0.0000e+00
     78.383    12.0894    35.2031  1027.0837     3.0710     4.9223     81.900   -0.00280    6.01012    6.00952      8.762    -0.0713   10.89159   4.034218 2.4816e-11    26.7317    26.7297 1.0000e-12     79.000          1       3279    1498.68 3.9495e+00  54362.707    136.583 1532064645      -0.05      0.302   38.99898  -72.82098    35.3832  1027.0980    26.7460    12.0790 0.0000e+00
     79.372    12.1823    35.2418  1027.1002     3.0716     4.9347     82.176    0.00034    6.00510    6.00445      8.761    -0.0655   10.88313   4.047536 2.4667e-11    26.7439    26.7419 1.0000e-12     80.000          1       3321    1499.06 3.9495e+00  54401.866    138.319 1532064647       0.38      0.554   38.99898  -72.82098    35.4250  1027.1168    26.7605    12.1717 0.0000e+00
     80.371    12.2381    35.2622  1027.1097     3.0696     4.9267     82.064   -0.00025    6.00348    6.00282 -9.990e-29    -0.0759   10.88038   4.054975 2.4553e-11    26.7490    26.7469 1.0000e-12     81.000          1       3343    1499.29 3.9495e+00  54421.789    139.268 1532064648       0.29      0.909   38.99898  -72.82098    35.4444  1027.1253    26.7647    12.2274 0.0000e+00
     81.368    12.2724    35.2755  1027.1177     3.0688     4.9173     81.920   -0.00181    6.00257    6.00190 -9.990e-29    -0.0735   10.87881   4.059480 2.4312e-11    26.7527    26.7505 1.0000e-12     82.000          1       3367    1499.44 3.9495e+00  54435.276    140.232 1532064649       0.02      1.052   38.99898  -72.82098    35.4554  1027.1316    26.7666    12.2615 0.0000e+00
     82.361    12.2896    35.2848  1027.1260     3.0692     4.9234     82.071   -0.00012    5.99894    5.99823      8.758    -0.0637   10.87269   4.061823 2.4939e-11    26.7565    26.7544 1.0000e-12     83.000          1       3404    1499.52 3.9495e+00  54445.967    141.805 1532064651      -0.25      0.744   38.99898  -72.82098    35.4616  1027.1375    26.7680    12.2786 0.0000e+00
