CalculateIndicators/WaterTemperature/Data/CTD_NYOS/NY1902_11_4_5.cnv
* Sea-Bird SBE 9 Data File:
* FileName = C:\Seabird 9 CTD\Data\2019\201902_Offshore\NY1902_ctd_casts\NY1902_11_4_5.hex
* Software Version Seasave V 7.23.2
* Temperature SN = 4590
* Conductivity SN = 3228
* Number of Bytes Per Scan = 44
* Number of Voltage Words = 5
* Number of Scans Averaged by the Deck Unit = 1
* NMEA Latitude = 39 44.13 N
* NMEA Longitude = 072 27.92 W
* NMEA UTC (Time) = Feb 11 2019  06:44:47
* NMEA baud rate = 4800
** Ship: Seawolf
** Station: 4.5
** Operator: HBB
# nquan = 35
# nvalues = 158                         
# units = specified
# name 0 = depSM: Depth [salt water, m]
# name 1 = t090C: Temperature [ITS-90, deg C]
# name 2 = sal00: Salinity, Practical [PSU]
# name 3 = density00: Density [density, kg/m^3]
# name 4 = sbeox0V: Oxygen raw, SBE 43 [V]
# name 5 = sbeox0ML/L: Oxygen, SBE 43 [ml/l]
# name 6 = sbeox0PS: Oxygen, SBE 43 [% saturation]
# name 7 = sbox0dV/dT: Oxygen, SBE 43 [dov/dt]
# name 8 = oxsolML/L: Oxygen Saturation, Garcia & Gordon [ml/l]
# name 9 = oxsatML/L: Oxygen Saturation, Weiss [ml/l]
# name 10 = ph: pH
# name 11 = flECO-AFL: Fluorescence, WET Labs ECO-AFL/FL [mg/m^3]
# name 12 = n2satML/L: Nitrogen Saturation [ml/l]
# name 13 = c0S/m: Conductivity [S/m]
# name 14 = cpar: CPAR/Corrected Irradiance [%]
# name 15 = sigma-é00: Density [sigma-theta, kg/m^3]
# name 16 = sigma-t00: Density [sigma-t, kg/m^3 ]
# name 17 = par: PAR/Irradiance, Biospherical/Licor
# name 18 = prDM: Pressure, Digiquartz [db]
# name 19 = pumps: Pump Status
# name 20 = scan: Scan Count
# name 21 = svCM: Sound Velocity [Chen-Millero, m/s]
# name 22 = spar: SPAR, Biospherical/Licor
# name 23 = specc: Specific Conductance [uS/cm]
# name 24 = timeS: Time, Elapsed [seconds]
# name 25 = timeY: Time, System [seconds]
# name 26 = accM: Acceleration [m/s^2]
# name 27 = dz/dtM: Descent Rate [m/s]
# name 28 = latitude: Latitude [deg]
# name 29 = longitude: Longitude [deg]
# name 30 = gsw_saA0: Absolute Salinity [g/kg]
# name 31 = gsw_densityA0: density, TEOS-10 [density, kg/m^3]
# name 32 = gsw_sigma0A0: density, TEOS-10 [sigma-0, kg/m^3 ]
# name 33 = gsw_ptA0: potential temperature [ITS-90, deg C]
# name 34 = flag: flag
# span 0 =      0.997,     79.382       
# span 1 =     7.8408,    11.2591       
# span 2 =    33.0638,    34.8121       
# span 3 =  1025.7745,  1026.9419       
# span 4 =     2.0853,     2.7382       
# span 5 =     4.6635,     7.7736       
# span 6 =     71.305,     99.953       
# span 7 =   -0.03366,    0.08854       
# span 8 =    6.16058,    7.86190       
# span 9 =    6.16163,    7.85940       
# span 10 =      8.208,      8.431      
# span 11 =     0.1734,     1.3583      
# span 12 =   11.14587,   14.28533      
# span 13 =   3.433788,   3.912605      
# span 14 = -5.597e+03, 1.4212e+05      
# span 15 =    25.7654,    26.5838      
# span 16 =    25.7653,    26.5820      
# span 17 = 1.0000e-12, 1.0000e-12      
# span 18 =      1.000,     80.000      
# span 19 =          0,          1      
# span 20 =        346,      17885      
# span 21 =    1479.80,    1495.37      
# span 22 = -8.317e-01, 2.0852e+00      
# span 23 =  52146.342,  53961.799      
# span 24 =     14.394,    745.187      
# span 25 = 1549867501, 1549868231      
# span 26 =      -0.33,       0.24      
# span 27 =     -0.572,      0.576      
# span 28 =   39.73514,   39.73556      
# span 29 =  -72.46541,  -72.46290      
# span 30 =    33.2261,    34.9686      
# span 31 =  1025.7814,  1026.9391      
# span 32 =    25.7723,    26.5810      
# span 33 =     7.8404,    11.2491      
# span 34 = 0.0000e+00, 0.0000e+00      
# interval = decibars: 1                
# start_time = Feb 11 2019 06:44:46 [System UTC, first data scan.]
# bad_flag = -9.990e-29
*END*
[from data line 83]
     74.413    10.1960    34.2895  1026.7028     2.4354     5.5633     88.029    0.01920    6.31989    6.32270      8.323     0.2273   11.41522   3.759044 -9.990e-29    26.3651    26.3636 1.0000e-12     75.000          1       6454    1490.90 -9.990e-29  53427.150    268.879 1549867755       0.06     -0.470   39.73536  -72.46454    34.4312  1026.6901    26.3524    10.1873 0.0000e+00
     73.421    10.1683    34.2774  1026.6937     2.4556     5.5472     87.671    0.00649    6.32734    6.33024      8.320     0.2460   11.42786   3.756428 -9.990e-29    26.3604    26.3589 1.0000e-12     74.000          1       6517    1490.77 -9.990e-29  53415.046    271.494 1549867758       0.02     -0.380   39.73536  -72.46452    34.4313  1026.6904    26.3572    10.1597 0.0000e+00
     72.433    10.1526    34.2580  1026.6767     2.4648     5.5699     87.704    0.00277    6.35076    6.35393      8.322     0.1996   11.46729   3.752342 5.0640e-11    26.3479    26.3465 1.0000e-12     73.000          1       6589    1490.68 1.9747e+00  53390.370    274.494 1549867761      -0.04     -0.315   39.73536  -72.46452    34.4048  1026.6680    26.3393    10.1442 0.0000e+00
     71.434    10.0197    34.2062  1026.6546     2.4819     5.6566     88.954    0.00760    6.35895    6.36222      8.324     0.2190   11.48109   3.735495 5.0640e-11    26.3301    26.3287 1.0000e-12     72.000          1       6636    1490.12 1.9747e+00  53343.542    276.444 1549867763       0.04     -0.494   39.73536  -72.46450    34.3593  1026.6510    26.3265    10.0115 0.0000e+00
     70.446     9.9451    34.1747  1026.6383     2.4986     5.7235     89.518    0.00569    6.39365    6.39733      8.325     0.1734   11.53937   3.724885 3.9762e+04    26.3181    26.3168 1.0000e-12     71.000          1       6705    1489.80 1.1895e+00  53313.533    279.319 1549867765      -0.07     -0.318   39.73536  -72.46450    34.3219  1026.6301    26.3100     9.9370 0.0000e+00
     69.458     9.7453    34.1151  1026.6211     2.5235     5.8415     91.047    0.00976    6.41593    6.41989      8.326     0.2071   11.57685   3.700151 1.0587e+05    26.3051    26.3037 1.0000e-12     70.000          1       6767    1488.99 -1.159e-01  53269.556    281.930 1549867768       0.00     -0.370   39.73536  -72.46450    34.2581  1026.6098    26.2938     9.7374 0.0000e+00
     68.460     9.5860    34.0479  1026.5906     2.5464     5.9252     92.063    0.00965    6.43602    6.44022      8.327     0.2359   11.61065   3.679375 1.0007e+04    26.2789    26.2776 1.0000e-12     69.000          1       6818    1488.31 1.7771e+00  53207.495    284.050 1549867770       0.08     -0.444   39.73536  -72.46448    34.1956  1026.5833    26.2715     9.5783 0.0000e+00
     67.467     9.4416    33.9916  1026.5660     2.5705     6.0129     93.297    0.01109    6.44482    6.44911      8.330     0.2578   11.62554   3.659958 7.5153e+01    26.2586    26.2574 1.0000e-12     68.000          1       6879    1487.70 1.9732e+00  53157.900    286.595 1549867773      -0.18     -0.408   39.73536  -72.46448    34.1325  1026.5534    26.2460     9.4341 0.0000e+00
     66.484     9.3884    33.9635  1026.5483     2.5827     6.0539     92.909    0.00193    6.51587    6.52104      8.333     0.2401   11.74481   3.652472 5.0640e-11    26.2452    26.2440 1.0000e-12     67.000          1       6954    1487.45 1.9747e+00  53129.068    289.710 1549867776       0.04     -0.262   39.73536  -72.46448    34.1059  1026.5369    26.2339     9.3810 0.0000e+00
     65.481     9.0758    33.8552  1026.5097     2.6140     6.2300     95.754    0.01577    6.50629    6.51134      8.332     0.2230   11.72881   3.612945 2.0375e+04    26.2107    26.2095 1.0000e-12     66.000          1       6994    1486.16 1.5724e+00  53042.867    291.381 1549867778       0.02     -0.572   39.73536  -72.46446    33.9922  1026.4945    26.1954     9.0687 0.0000e+00
     64.494     8.9585    33.8115  1026.4898     2.6394     6.2652     96.017    0.00736    6.52507    6.53035      8.334     0.2526   11.76035   3.598947 4.6333e+04    26.1951    26.1940 1.0000e-12     65.000          1       7068    1485.65 1.0598e+00  53005.987    294.473 1549867781       0.06     -0.293   39.73536  -72.46445    33.9582  1026.4822    26.1875     8.9516 0.0000e+00
     63.500     8.8493    33.7693  1026.4695     2.6580     6.3262     96.700    0.00590    6.54207    6.54757      8.335     0.2577   11.78877   3.585061 -9.990e-29    26.1792    26.1781 1.0000e-12     64.000          1       7150    1485.18 -9.990e-29  52970.401    297.856 1549867784      -0.03     -0.321   39.73536  -72.46444    33.9171  1026.4629    26.1725     8.8426 0.0000e+00
     62.508     8.7289    33.7346  1026.4567     2.6742     6.3551     97.017    0.00200    6.55053    6.55613      8.339     0.2595   11.80303   3.571158 5.6818e+04    26.1707    26.1697 1.0000e-12     63.000          1       7370    1484.67 8.5271e-01  52947.630    307.038 1549867793      -0.04     -0.205   39.73536  -72.46441    33.8863  1026.4532    26.1672     8.7223 0.0000e+00
     61.515     8.6284    33.6954  1026.4371     2.6906     6.4091     97.551    0.00022    6.56997    6.57582      8.349     0.2848   11.83567   3.558768 -9.990e-29    26.1555    26.1546 1.0000e-12     62.000          1       8210    1484.24 -9.990e-29  52914.370    342.041 1549867828      -0.14     -0.358   39.73534  -72.46429    33.8520  1026.4376    26.1560     8.6220 0.0000e+00
     60.525     8.5737    33.6789  1026.4282     2.6963     6.4424     97.982    0.00196    6.57509    6.58100      8.349     0.2902   11.84425   3.552266 -9.990e-29    26.1510    26.1501 1.0000e-12     61.000          1       8371    1484.00 -9.990e-29  52902.974    348.747 1549867835       0.01     -0.320   39.73533  -72.46428    33.8361  1026.4291    26.1519     8.5675 0.0000e+00
     59.534     8.5527    33.6730  1026.4223     2.6981     6.4345     97.825   -0.00015    6.57753    6.58347      8.350     0.2746   11.84834   3.549815 -9.990e-29    26.1496    26.1487 1.0000e-12     60.000          1       8443    1483.89 -9.990e-29  52898.746    351.747 1549867838      -0.01     -0.326   39.73534  -72.46427    33.8307  1026.4236    26.1509     8.5466 0.0000e+00
     58.541     8.5370    33.6671  1026.4155     2.7006     6.4540     98.077    0.00128    6.58051    6.58649      8.350     0.2659   11.85333   3.547814 5.0640e-11    26.1473    26.1464 1.0000e-12     59.000          1       8515    1483.81 1.9747e+00  52893.267    354.769 1549867841       0.01     -0.319   39.73533  -72.46426    33.8251  1026.4170    26.1489     8.5309 0.0000e+00
     57.549     8.5215    33.6638  1026.4108     2.7013     6.4487     97.949   -0.00018    6.58375    6.58977      8.350     0.2577   11.85877   3.546052 5.0640e-11    26.1471    26.1462 1.0000e-12     58.000          1       8579    1483.73 1.9747e+00  52891.546    357.413 1549867844      -0.01     -0.391   39.73533  -72.46425    33.8217  1026.4122    26.1486     8.5155 0.0000e+00
     56.557     8.4985    33.6561  1026.4037     2.7034     6.4637     98.137    0.00081    6.58635    6.59240      8.353     0.2697   11.86312   3.543203 5.0640e-11    26.1446    26.1437 1.0000e-12     57.000          1       8655    1483.62 1.9747e+00  52885.316    360.596 1549867847       0.05     -0.275   39.73532  -72.46424    33.8140  1026.4052    26.1461     8.4926 0.0000e+00
     55.564     8.4821    33.6498  1026.3968     2.7050     6.4717     98.155    0.00046    6.59334    6.59949 -9.990e-29     0.2966   11.87480   3.541041 5.1865e+04    26.1422    26.1413 1.0000e-12     56.000          1       8733    1483.53 9.5050e-01  52879.546    363.831 1549867850      -0.06     -0.383   39.73532  -72.46423    33.8073  1026.3979    26.1433     8.4764 0.0000e+00
     54.574     8.4424    33.6417  1026.3919     2.7072     6.4875     98.290    0.00086    6.60035    6.60659 -9.990e-29     0.3179   11.88651   3.536481 5.5327e+04    26.1418    26.1409 1.0000e-12     55.000          1       8792    1483.36 8.8215e-01  52876.586    366.306 1549867852      -0.09     -0.400   39.73532  -72.46422    33.7974  1026.3917    26.1416     8.4368 0.0000e+00
     53.580     8.3887    33.6311  1026.3872     2.7090     6.5086     98.366    0.00087    6.61665    6.62311      8.359     0.2947   11.91367   3.530490 -5.264e+02    26.1415    26.1407 1.0000e-12     54.000          1       8864    1483.13 1.9851e+00  52873.363    369.300 1549867855       0.07     -0.307   39.73532  -72.46422    33.7856  1026.3861    26.1405     8.3833 0.0000e+00
     52.590     8.2719    33.6064  1026.3810     2.7108     6.5293     98.348    0.00004    6.63899    6.64573      8.357     0.2958   11.95115   3.517336 -9.990e-29    26.1398    26.1390 1.0000e-12     53.000          1       8950    1482.64 -9.990e-29  52865.051    372.891 1549867859      -0.03     -0.304   39.73532  -72.46420    33.7581  1026.3778    26.1365     8.2666 0.0000e+00
     51.594     8.1761    33.5721  1026.3640     2.7144     6.5567     98.651    0.00136    6.64637    6.65321      8.360     0.3250   11.96347   3.505384 -9.990e-29    26.1272    26.1264 1.0000e-12     52.000          1       9007    1482.22 -9.990e-29  52838.662    375.255 1549867861       0.03     -0.421   39.73532  -72.46419    33.7230  1026.3602    26.1234     8.1709 0.0000e+00
     50.606     8.0963    33.5511  1026.3549     2.7183     6.5695     98.767    0.00094    6.65148    6.65839      8.361     0.2732   11.97203   3.496424 9.9999e+04    26.1225    26.1217 1.0000e-12     51.000          1       9089    1481.88 0.0000e+00  52827.178    378.678 1549867865      -0.06     -0.256   39.73532  -72.46418    33.7043  1026.3530    26.1206     8.0913 0.0000e+00
     49.614     8.0771    33.5445  1026.3480     2.7189     6.5670     98.696    0.00017    6.65373    6.66066      8.362     0.2879   11.97583   3.494152 8.9945e+04    26.1202    26.1194 1.0000e-12     50.000          1       9156    1481.78 1.9854e-01  52821.775    381.447 1549867868       0.01     -0.354   39.73532  -72.46418    33.6989  1026.3470    26.1192     8.0722 0.0000e+00
     48.619     8.0638    33.5383  1026.3406     2.7173     6.5589     98.562   -0.00033    6.65459    6.66154      8.362     0.3034   11.97727   3.492462 1.1465e+04    26.1172    26.1165 1.0000e-12     49.000          1       9220    1481.71 1.7483e+00  52815.554    384.129 1549867870       0.06     -0.340   39.73532  -72.46416    33.6942  1026.3407    26.1174     8.0589 0.0000e+00
     47.628     8.0547    33.5354  1026.3350     2.7155     6.5547     98.438   -0.00061    6.65870    6.66570      8.362     0.2832   11.98412   3.491406 1.8726e+02    26.1163    26.1156 1.0000e-12     48.000          1       9303    1481.65 1.9710e+00  52812.860    387.569 1549867874      -0.02     -0.313   39.73532  -72.46414    33.6920  1026.3358    26.1170     8.0500 0.0000e+00
     46.634     8.0313    33.5305  1026.3301     2.7177     6.5769     98.690    0.00080    6.66427    6.67135      8.366     0.3368   11.99340   3.488776 4.4817e+04    26.1159    26.1152 1.0000e-12     47.000          1       9372    1481.54 1.0897e+00  52811.054    390.463 1549867877      -0.03     -0.364   39.73532  -72.46414    33.6868  1026.3306    26.1164     8.0267 0.0000e+00
     45.644     8.0181    33.5271  1026.3248     2.7225     6.5862     98.894    0.00087    6.65985    6.66686      8.371     0.3358   11.98606   3.487466 7.5164e+03    26.1151    26.1145 1.0000e-12     46.000          1      10335    1481.47 1.8263e+00  52808.693    430.578 1549867917      -0.08     -0.130   39.73530  -72.46400    33.6859  1026.3273    26.1176     8.0136 0.0000e+00
     44.652     8.0263    33.5278  1026.3196     2.7203     6.5701     98.616   -0.00063    6.66229    6.66934 -9.990e-29     0.3100   11.99013   3.488234 -1.187e+02    26.1145    26.1138 1.0000e-12     45.000          1      10537    1481.49 1.9770e+00  52807.017    439.020 1549867925       0.00     -0.320   39.73530  -72.46398    33.6867  1026.3222    26.1170     8.0219 0.0000e+00
     43.659     8.0086    33.5243  1026.3149     2.7214     6.5804     98.755    0.00031    6.66338    6.67045 -9.990e-29     0.3013   11.99195   3.486199 3.3645e+03    26.1143    26.1137 1.0000e-12     44.000          1      10609    1481.40 1.9083e+00  52805.640    442.007 1549867928       0.02     -0.310   39.73530  -72.46396    33.6824  1026.3168    26.1162     8.0043 0.0000e+00
     42.666     8.0011    33.5230  1026.3104     2.7217     6.5809     98.746    0.00024    6.66442    6.67151      8.376     0.3813   11.99369   3.485380 7.1039e+04    26.1144    26.1138 1.0000e-12     43.000          1      10685    1481.35 5.7188e-01  52804.940    445.150 1549867931       0.01     -0.346   39.73530  -72.46395    33.6813  1026.3125    26.1164     7.9969 0.0000e+00
     41.675     7.9949    33.5217  1026.3057     2.7215     6.5768     98.659   -0.00039    6.66620    6.67330      8.375     0.3400   11.99664   3.484664 2.6505e+04    26.1142    26.1136 1.0000e-12     42.000          1      10754    1481.31 1.4513e+00  52803.912    448.043 1549867934      -0.21     -0.353   39.73530  -72.46394    33.6801  1026.3079    26.1164     7.9907 0.0000e+00
     40.684     7.9846    33.5199  1026.3013     2.7194     6.5726     98.502   -0.00088    6.67254    6.67973      8.374     0.2802   12.00723   3.483419 -3.610e+03    26.1143    26.1137 1.0000e-12     41.000          1      10823    1481.25 2.0460e+00  52803.205    450.908 1549867937       0.08     -0.325   39.73530  -72.46392    33.6771  1026.3025    26.1155     7.9806 0.0000e+00
     39.692     7.9458    33.5113  1026.2957     2.7205     6.5898     98.741    0.00099    6.67382    6.68103      8.376     0.3278   12.00935   3.479160 -9.990e-29    26.1133    26.1127 1.0000e-12     40.000          1      10903    1481.08 -9.990e-29  52799.799    454.264 1549867940      -0.13     -0.260   39.73530  -72.46391    33.6691  1026.2974    26.1150     7.9419 0.0000e+00
     38.697     7.9353    33.5105  1026.2920     2.7236     6.6009     98.859    0.00089    6.67716    6.68442 -9.990e-29     0.3377   12.01494   3.478068 -9.990e-29    26.1141    26.1136 1.0000e-12     39.000          1      10967    1481.02 -9.990e-29  52800.517    456.916 1549867943       0.04     -0.406   39.73530  -72.46390    33.6680  1026.2935    26.1156     7.9315 0.0000e+00
     37.706     7.9160    33.5054  1026.2863     2.7238     6.5964     98.772    0.00010    6.67839    6.68567      8.375     0.3440   12.01700   3.475813 -9.990e-29    26.1129    26.1124 1.0000e-12     38.000          1      11040    1480.93 -9.990e-29  52797.295    459.957 1549867946      -0.08     -0.312   39.73530  -72.46389    33.6628  1026.2877    26.1144     7.9123 0.0000e+00
     36.713     7.9068    33.5028  1026.2810     2.7243     6.5975     98.780    0.00014    6.67901    6.68629      8.376     0.3633   12.01802   3.474726 -9.990e-29    26.1122    26.1117 1.0000e-12     37.000          1      11118    1480.87 -9.990e-29  52795.143    463.188 1549867949      -0.33     -0.350   39.73530  -72.46388    33.6605  1026.2826    26.1139     7.9032 0.0000e+00
     35.721     7.9046    33.5025  1026.2765     2.7251     6.6011     98.830    0.00032    6.67930    6.68659 -9.990e-29     0.3471   12.01851   3.474499 9.9999e+04    26.1123    26.1118 1.0000e-12     36.000          1      11178    1480.85 0.0000e+00  52794.646    465.729 1549867952       0.09     -0.387   39.73530  -72.46386    33.6606  1026.2785    26.1143     7.9011 0.0000e+00
     34.730     7.9015    33.5021  1026.2721     2.7256     6.5968     98.796   -0.00005    6.67716    6.68442      8.377     0.3442   12.01495   3.474175 7.0365e+04    26.1124    26.1120 1.0000e-12     35.000          1      11265    1480.82 5.8518e-01  52794.195    469.342 1549867956      -0.01     -0.260   39.73528  -72.46386    33.6605  1026.2743    26.1146     7.8981 0.0000e+00
