CalculateIndicators/WaterTemperature/Data/CTD_NYOS/NY1902_07_2_4.cnv
* Sea-Bird SBE 9 Data File:
* FileName = C:\Seabird 9 CTD\Data\2019\201902_Offshore\NY1902_ctd_casts\NY1902_07_2_4.hex
* Software Version Seasave V 7.23.2
* Temperature SN = 4590
* Conductivity SN = 3228
* Number of Bytes Per Scan = 44
* Number of Voltage Words = 5
* Number of Scans Averaged by the Deck Unit = 1
* NMEA Latitude = 40 09.92 N
* NMEA Longitude = 071 56.22 W
* NMEA UTC (Time) = Feb 07 2019  16:44:25
* NMEA baud rate = 4800
** Ship: Seawolf
** Station: 2_4
** Operator: AJB
# nquan = 35
# nvalues = 136                         
# units = specified
# name 0 = depSM: Depth [salt water, m]
# name 1 = t090C: Temperature [ITS-90, deg C]
# name 2 = sal00: Salinity, Practical [PSU]
# name 3 = density00: Density [density, kg/m^3]
# name 4 = sbeox0V: Oxygen raw, SBE 43 [V]
# name 5 = sbeox0ML/L: Oxygen, SBE 43 [ml/l]
# name 6 = sbeox0PS: Oxygen, SBE 43 [% saturation]
# name 7 = sbox0dV/dT: Oxygen, SBE 43 [dov/dt]
# name 8 = oxsolML/L: Oxygen Saturation, Garcia & Gordon [ml/l]
# name 9 = oxsatML/L: Oxygen Saturation, Weiss [ml/l]
# name 10 = ph: pH
# name 11 = flECO-AFL: Fluorescence, WET Labs ECO-AFL/FL [mg/m^3]
# name 12 = n2satML/L: Nitrogen Saturation [ml/l]
# name 13 = c0S/m: Conductivity [S/m]
# name 14 = cpar: CPAR/Corrected Irradiance [%]
# name 15 = sigma-é00: Density [sigma-theta, kg/m^3]
# name 16 = sigma-t00: Density [sigma-t, kg/m^3 ]
# name 17 = par: PAR/Irradiance, Biospherical/Licor
# name 18 = prDM: Pressure, Digiquartz [db]
# name 19 = pumps: Pump Status
# name 20 = scan: Scan Count
# name 21 = svCM: Sound Velocity [Chen-Millero, m/s]
# name 22 = spar: SPAR, Biospherical/Licor
# name 23 = specc: Specific Conductance [uS/cm]
# name 24 = timeS: Time, Elapsed [seconds]
# name 25 = timeY: Time, System [seconds]
# name 26 = accM: Acceleration [m/s^2]
# name 27 = dz/dtM: Descent Rate [m/s]
# name 28 = latitude: Latitude [deg]
# name 29 = longitude: Longitude [deg]
# name 30 = gsw_saA0: Absolute Salinity [g/kg]
# name 31 = gsw_densityA0: density, TEOS-10 [density, kg/m^3]
# name 32 = gsw_sigma0A0: density, TEOS-10 [sigma-0, kg/m^3 ]
# name 33 = gsw_ptA0: potential temperature [ITS-90, deg C]
# name 34 = flag: flag
# span 0 =      1.981,     69.478       
# span 1 =     7.3554,     7.8362       
# span 2 =    33.0519,    33.2696       
# span 3 =  1025.8460,  1026.2594       
# span 4 =     2.6497,     2.7731       
# span 5 =     6.4140,     6.8267       
# span 6 =     95.673,    100.682       
# span 7 =   -0.00516,    0.01800       
# span 8 =    6.70365,    6.78254       
# span 9 =    6.71103,    6.79088       
# span 10 =      8.100,      8.140      
# span 11 =     0.2706,     1.1439      
# span 12 =   12.06165,   12.19453      
# span 13 =   3.382635,   3.448307      
# span 14 = 1.0877e-13, 1.7157e-13      
# span 15 =    25.8357,    25.9398      
# span 16 =    25.8357,    25.9388      
# span 17 = 1.0000e-12, 1.0000e-12      
# span 18 =      2.000,     70.000      
# span 19 =          1,          1      
# span 20 =        437,      18107      
# span 21 =    1477.65,    1480.86      
# span 22 = 5.8285e+02, 9.1941e+02      
# span 23 =  52268.377,  52503.587      
# span 24 =     18.169,    754.396      
# span 25 = 1549557884, 1549558621      
# span 26 =      -1.12,       0.61      
# span 27 =     -1.362,      0.898      
# span 28 =   40.16176,   40.16531      
# span 29 =  -71.93802,  -71.93712      
# span 30 =    33.2086,    33.4284      
# span 31 =  1025.8482,  1026.2625      
# span 32 =    25.8379,    25.9431      
# span 33 =     7.3549,     7.8295      
# span 34 = 0.0000e+00, 0.0000e+00      
# interval = decibars: 1                
# start_time = Feb 07 2019 16:44:26 [System UTC, first data scan.]
# bad_flag = -9.990e-29
*END*
[from data line 42]
     44.648     7.6691    33.2276  1026.1360     2.6806     6.4970     96.608   -0.00311    6.72512    6.73279 -9.990e-29     0.4163   12.09753   3.428412 1.6127e-13    25.9304    25.9298 1.0000e-12     45.000          1       5312    1479.76 6.2007e+02  52468.324    221.272 1549558088       0.44      0.551   40.16434  -71.93730    33.3857  1026.1389    25.9333     7.6648 0.0000e+00
     45.648     7.6751    33.2298  1026.1414     2.6773     6.4885     96.484   -0.00294    6.72492    6.73258 -9.990e-29     0.4466   12.09718   3.429187 1.6140e-13    25.9313    25.9306 1.0000e-12     46.000          1       5341    1479.80 6.1959e+02  52470.509    222.514 1549558089       0.01      0.811   40.16433  -71.93730    33.3878  1026.1442    25.9341     7.6708 0.0000e+00
     46.628     7.6793    33.2306  1026.1460     2.6760     6.5064     96.778    0.00006    6.72301    6.73065      8.110     0.3936   12.09399   3.429676 1.6146e-13    25.9313    25.9307 1.0000e-12     47.000          1       5403    1479.83 6.1934e+02  52471.339    225.099 1549558091      -0.17      0.285   40.16432  -71.93732    33.3886  1026.1488    25.9341     7.6749 0.0000e+00
     47.626     7.6835    33.2324  1026.1515     2.6742     6.4896     96.541   -0.00140    6.72211    6.72974      8.110     0.2861   12.09248   3.430314 1.6067e-13    25.9322    25.9315 1.0000e-12     48.000          1       5439    1479.87 6.2237e+02  52473.546    226.596 1549558093       0.46      0.647   40.16431  -71.93732    33.3910  1026.1547    25.9354     7.6790 0.0000e+00
     48.623     7.6909    33.2343  1026.1565     2.6748     6.4978     96.684   -0.00044    6.72067    6.72828      8.110     0.4209   12.09007   3.431197 1.6100e-13    25.9326    25.9320 1.0000e-12     49.000          1       5477    1479.91 6.2114e+02  52475.124    228.155 1549558094      -0.06      0.654   40.16430  -71.93732    33.3930  1026.1598    25.9360     7.6862 0.0000e+00
     49.608     7.7022    33.2380  1026.1623     2.6724     6.4778     96.397   -0.00215    6.71991    6.72750      8.110     0.4913   12.08879   3.432605 1.6144e-13    25.9339    25.9332 1.0000e-12     50.000          1       5529    1479.98 6.1944e+02  52478.136    230.354 1549558097       0.53      0.381   40.16430  -71.93732    33.3969  1026.1658    25.9374     7.6974 0.0000e+00
     50.606     7.7084    33.2392  1026.1669     2.6719     6.4846     96.526   -0.00090    6.71799    6.72556      8.107     0.3646   12.08560   3.433286 1.6148e-13    25.9340    25.9333 1.0000e-12     51.000          1       5582    1480.02 6.1929e+02  52478.989    232.539 1549558099       0.20      0.452   40.16429  -71.93734    33.3978  1026.1702    25.9372     7.7035 0.0000e+00
     51.595     7.7144    33.2410  1026.1721     2.6671     6.4492     96.025   -0.00355    6.71620    6.72375      8.107     0.4128   12.08261   3.434135 1.6154e-13    25.9346    25.9339 1.0000e-12     52.000          1       5632    1480.06 6.1904e+02  52480.836    234.636 1549558101       0.56      0.611   40.16428  -71.93734    33.4008  1026.1763    25.9388     7.7094 0.0000e+00
     52.592     7.7316    33.2440  1026.1766     2.6656     6.4617     96.215   -0.00131    6.71589    6.72344 -9.990e-29     0.4140   12.08210   3.435890 1.6133e-13    25.9345    25.9337 1.0000e-12     53.000          1       5688    1480.15 6.1987e+02  52481.476    236.965 1549558103       0.16      0.454   40.16427  -71.93734    33.4028  1026.1799    25.9379     7.7265 0.0000e+00
     53.581     7.7352    33.2449  1026.1813     2.6649     6.4663     96.322   -0.00022    6.71323    6.72073 -9.990e-29     0.3991   12.07765   3.436316 1.6206e-13    25.9347    25.9339 1.0000e-12     54.000          1       5757    1480.18 6.1709e+02  52482.530    239.852 1549558106       0.01      0.436   40.16425  -71.93734    33.4034  1026.1845    25.9379     7.7300 0.0000e+00
     54.566     7.7388    33.2462  1026.1863     2.6646     6.4639     96.325   -0.00014    6.71054    6.71801 -9.990e-29     1.1439   12.07316   3.436857 1.6212e-13    25.9352    25.9344 1.0000e-12     55.000          1       5817    1480.21 6.1685e+02  52484.077    242.346 1549558109       0.21      0.378   40.16424  -71.93736    33.4053  1026.1900    25.9388     7.7336 0.0000e+00
     55.560     7.7676    33.2521  1026.1914     2.6617     6.4479     96.108   -0.00104    6.70907    6.71653 -9.990e-29     0.8354   12.07071   3.440047 1.6223e-13    25.9357    25.9349 1.0000e-12     56.000          1       5873    1480.35 6.1640e+02  52486.095    244.648 1549558111      -0.02      0.376   40.16423  -71.93736    33.4117  1026.1954    25.9397     7.7622 0.0000e+00
     56.566     7.7741    33.2544  1026.1969     2.6578     6.4244     95.755   -0.00269    6.70919    6.71664 -9.990e-29     0.3857   12.07090   3.440884 1.6338e-13    25.9366    25.9358 1.0000e-12     57.000          1       5924    1480.39 6.1205e+02  52488.461    246.782 1549558113       0.44      0.552   40.16422  -71.93736    33.4140  1026.2008    25.9406     7.7687 0.0000e+00
     57.547     7.7781    33.2554  1026.2016     2.6538     6.4184     95.673   -0.00194    6.70876    6.71621 -9.990e-29     0.4719   12.07018   3.441279 1.6371e-13    25.9368    25.9360 1.0000e-12     58.000          1       6019    1480.42 6.1081e+02  52489.605    250.743 1549558117       0.52      0.592   40.16420  -71.93738    33.4140  1026.2048    25.9400     7.7725 0.0000e+00
     58.540     7.7785    33.2555  1026.2063     2.6553     6.4399     95.998    0.00024    6.70840    6.71584 -9.990e-29     0.4367   12.06958   3.441349 1.6378e-13    25.9369    25.9361 1.0000e-12     59.000          1       6076    1480.44 6.1058e+02  52490.301    253.137 1549558119      -0.02      0.402   40.16419  -71.93738    33.4139  1026.2093    25.9399     7.7728 0.0000e+00
     59.533     7.7802    33.2561  1026.2110     2.6562     6.4436     96.055    0.00031    6.70821    6.71565      8.104     0.5135   12.06926   3.441598 1.6489e-13    25.9371    25.9362 1.0000e-12     60.000          1       6134    1480.46 6.0646e+02  52491.321    255.562 1549558122       0.26      0.517   40.16418  -71.93738    33.4144  1026.2140    25.9401     7.7745 0.0000e+00
     60.525     7.7817    33.2565  1026.2157     2.6570     6.4468     96.103    0.00039    6.70821    6.71565      8.103     0.6124   12.06926   3.441798 1.6524e-13    25.9372    25.9364 1.0000e-12     61.000          1       6203    1480.49 6.0516e+02  52492.239    258.408 1549558125      -0.09      0.355   40.16416  -71.93738    33.4147  1026.2186    25.9401     7.7759 0.0000e+00
     61.516     7.7824    33.2567  1026.2195     2.6568     6.4355     95.935   -0.00121    6.70816    6.71561      8.104     0.6109   12.06919   3.441831 1.6498e-13    25.9373    25.9364 1.0000e-12     62.000          1       6304    1480.50 6.0612e+02  52493.073    262.619 1549558129       0.61      0.607   40.16414  -71.93740    33.4139  1026.2224    25.9394     7.7765 0.0000e+00
     62.520     7.7835    33.2569  1026.2250     2.6564     6.4341     95.917   -0.00123    6.70803    6.71547      8.104     0.6373   12.06896   3.442066 1.6469e-13    25.9373    25.9364 1.0000e-12     63.000          1       6361    1480.53 6.0719e+02  52493.791    264.980 1549558131       0.24      0.752   40.16413  -71.93741    33.4150  1026.2277    25.9401     7.7774 0.0000e+00
     63.509     7.7841    33.2570  1026.2295     2.6552     6.4279     95.827   -0.00162    6.70786    6.71530      8.103     0.7135   12.06868   3.442185 1.6217e-13    25.9373    25.9364 1.0000e-12     64.000          1       6509    1480.54 6.1666e+02  52494.383    271.184 1549558137       0.18      0.708   40.16410  -71.93742    33.4151  1026.2323    25.9401     7.7780 0.0000e+00
     64.497     7.7864    33.2575  1026.2340     2.6562     6.4425     96.054   -0.00021    6.70720    6.71463      8.102     0.7858   12.06758   3.442442 1.5697e-13    25.9374    25.9365 1.0000e-12     65.000          1       6694    1480.57 6.3722e+02  52495.074    278.887 1549558145       0.07      0.465   40.16406  -71.93744    33.4153  1026.2367    25.9399     7.7801 0.0000e+00
     65.480     7.7875    33.2579  1026.2389     2.6573     6.4440     96.079   -0.00056    6.70693    6.71436      8.102     0.7076   12.06713   3.442668 1.5361e-13    25.9376    25.9366 1.0000e-12     66.000          1       6840    1480.59 6.5098e+02  52496.222    284.945 1549558151       0.29      0.336   40.16403  -71.93746    33.4161  1026.2418    25.9405     7.7812 0.0000e+00
     66.481     7.7905    33.2583  1026.2433     2.6553     6.4379     95.990   -0.00058    6.70682    6.71424      8.101     0.6847   12.06694   3.442998 1.5148e-13    25.9374    25.9365 1.0000e-12     67.000          1       6940    1480.62 6.6023e+02  52496.670    289.136 1549558155       0.15      0.442   40.16401  -71.93746    33.4164  1026.2461    25.9403     7.7841 0.0000e+00
     67.473     7.7925    33.2586  1026.2479     2.6559     6.4448     96.100    0.00000    6.70636    6.71378      8.101     0.7010   12.06618   3.443246 1.4697e-13    25.9374    25.9365 1.0000e-12     68.000          1       7077    1480.64 6.8053e+02  52497.307    294.824 1549558161       0.22      0.382   40.16397  -71.93747    33.4167  1026.2506    25.9402     7.7859 0.0000e+00
     68.463     7.8055    33.2612  1026.2526     2.6549     6.4331     95.958   -0.00091    6.70414    6.71152      8.101     0.6930   12.06247   3.444724 1.3958e-13    25.9376    25.9366 1.0000e-12     69.000          1       7301    1480.71 7.1685e+02  52498.421    304.181 1549558170       0.19      0.166   40.16393  -71.93749    33.4196  1026.2556    25.9407     7.7989 0.0000e+00
     69.478     7.8362    33.2696  1026.2594     2.6497     6.4140     95.679   -0.00128    6.70365    6.71103      8.100     0.6621   12.06165   3.448307 1.2640e-13    25.9398    25.9388 1.0000e-12     70.000          1       8043    1480.86 7.6100e+02  52503.587    335.090 1549558201      -0.22      0.653   40.16378  -71.93755    33.4284  1026.2625    25.9431     7.8295 0.0000e+00
     68.450     7.8150    33.2635  1026.2529     2.6517     6.4353     95.992    0.00068    6.70402    6.71141      8.100     0.7015   12.06227   3.445662 1.2860e-13    25.9380    25.9371 1.0000e-12     69.000          1       7979    1480.75 7.7579e+02  52499.360    332.401 1549558199      -0.78     -0.419   40.16379  -71.93754    33.4207  1026.2550    25.9401     7.8084 0.0000e+00
     67.462     7.8132    33.2632  1026.2484     2.6520     6.4369     96.005    0.00095    6.70471    6.71210      8.100     0.6172   12.06341   3.445395 1.2366e-13    25.9381    25.9371 1.0000e-12     68.000          1       8486    1480.73 8.0885e+02  52498.820    353.522 1549558220      -0.49     -0.763   40.16369  -71.93759    33.4200  1026.2501    25.9398     7.8067 0.0000e+00
     66.463     7.8064    33.2622  1026.2440     2.6522     6.4374     96.013    0.00099    6.70475    6.71214      8.100     0.6315   12.06347   3.444689 1.2293e-13    25.9382    25.9373 1.0000e-12     67.000          1       8561    1480.68 8.1351e+02  52498.280    356.680 1549558223      -0.12     -1.073   40.16368  -71.93760    33.4194  1026.2461    25.9403     7.8000 0.0000e+00
     65.488     7.8030    33.2614  1026.2394     2.6537     6.4366     95.999    0.00047    6.70485    6.71225      8.100     0.7563   12.06365   3.444308 1.2169e-13    25.9381    25.9372 1.0000e-12     66.000          1       8635    1480.66 8.2176e+02  52497.366    359.752 1549558226       0.25     -0.321   40.16367  -71.93761    33.4191  1026.2418    25.9405     7.7966 0.0000e+00
     64.500     7.8029    33.2613  1026.2347     2.6546     6.4430     96.079    0.00099    6.70594    6.71335 -9.990e-29     0.7348   12.06547   3.444246 1.2101e-13    25.9380    25.9371 1.0000e-12     65.000          1       8687    1480.64 8.2638e+02  52496.534    361.924 1549558228      -0.70     -0.520   40.16366  -71.93762    33.4189  1026.2371    25.9404     7.7966 0.0000e+00
     63.489     7.8028    33.2613  1026.2301     2.6546     6.4369     95.995    0.00016    6.70550    6.71291 -9.990e-29     0.7504   12.06474   3.444199 1.2089e-13    25.9380    25.9371 1.0000e-12     64.000          1       8706    1480.62 8.2721e+02  52495.920    362.720 1549558229      -0.46     -1.052   40.16365  -71.93762    33.4190  1026.2326    25.9405     7.7966 0.0000e+00
     62.491     7.8008    33.2608  1026.2254     2.6548     6.4418     96.068    0.00077    6.70551    6.71292 -9.990e-29     0.7397   12.06476   3.443899 1.1931e-13    25.9379    25.9370 1.0000e-12     63.000          1       8759    1480.60 8.3814e+02  52494.967    364.898 1549558231      -0.10     -0.908   40.16364  -71.93762    33.4181  1026.2276    25.9401     7.7947 0.0000e+00
     61.504     7.7950    33.2593  1026.2205     2.6550     6.4408     96.035    0.00060    6.70673    6.71415 -9.990e-29     0.8204   12.06679   3.443206 1.1776e-13    25.9375    25.9366 1.0000e-12     62.000          1       8890    1480.55 8.4920e+02  52493.608    370.361 1549558237      -0.42     -0.556   40.16363  -71.93762    33.4167  1026.2228    25.9398     7.7890 0.0000e+00
     60.523     7.7893    33.2581  1026.2158     2.6557     6.4430     96.048    0.00056    6.70814    6.71558 -9.990e-29     0.6712   12.06914   3.442540 1.1720e-13    25.9373    25.9365 1.0000e-12     61.000          1       8979    1480.51 8.5324e+02  52492.613    374.081 1549558240       0.07     -0.381   40.16361  -71.93763    33.4155  1026.2181    25.9396     7.7834 0.0000e+00
     59.529     7.7829    33.2568  1026.2112     2.6552     6.4342     95.908   -0.00042    6.70865    6.71610 -9.990e-29     0.5493   12.07000   3.441818 1.1678e-13    25.9372    25.9364 1.0000e-12     60.000          1       9046    1480.47 8.5631e+02  52491.715    376.876 1549558243      -0.03     -0.368   40.16360  -71.93764    33.4142  1026.2135    25.9396     7.7772 0.0000e+00
     58.540     7.7798    33.2558  1026.2063     2.6562     6.4408     95.976   -0.00003    6.71085    6.71833 -9.990e-29     0.7374   12.07365   3.441406 1.1614e-13    25.9369    25.9361 1.0000e-12     59.000          1       9128    1480.44 8.6104e+02  52490.452    380.285 1549558247      -0.34     -0.298   40.16358  -71.93764    33.4133  1026.2086    25.9393     7.7741 0.0000e+00
     57.545     7.7712    33.2544  1026.2019     2.6560     6.4392     95.950   -0.00013    6.71095    6.71843 -9.990e-29     0.6624   12.07384   3.440428 1.1594e-13    25.9370    25.9363 1.0000e-12     58.000          1       9174    1480.39 8.6252e+02  52489.887    382.201 1549558248       0.05     -0.516   40.16358  -71.93765    33.4114  1026.2038    25.9390     7.7656 0.0000e+00
     56.559     7.7634    33.2527  1026.1971     2.6578     6.4507     96.122    0.00085    6.71093    6.71841 -9.990e-29     0.3699   12.07381   3.439580 1.1650e-13    25.9368    25.9360 1.0000e-12     57.000          1       9255    1480.34 8.5833e+02  52488.695    385.571 1549558252       0.00     -0.198   40.16356  -71.93766    33.4102  1026.1994    25.9391     7.7580 0.0000e+00
     55.560     7.7647    33.2528  1026.1924     2.6578     6.4438     96.018   -0.00018    6.71109    6.71857 -9.990e-29     0.4115   12.07407   3.439656 1.1477e-13    25.9367    25.9359 1.0000e-12     56.000          1       9294    1480.33 8.7133e+02  52487.870    387.204 1549558253      -0.29     -0.626   40.16356  -71.93766    33.4103  1026.1947    25.9390     7.7593 0.0000e+00
