CalculateIndicators/WaterTemperature/Data/CTD_NYOS/NY1902_07_3_4.cnv
* Sea-Bird SBE 9 Data File:
* FileName = C:\Seabird 9 CTD\Data\2019\201902_Offshore\NY1902_ctd_casts\NY1902_07_3_4.hex
* Software Version Seasave V 7.23.2
* Temperature SN = 4590
* Conductivity SN = 3228
* Number of Bytes Per Scan = 44
* Number of Voltage Words = 5
* Number of Scans Averaged by the Deck Unit = 1
* NMEA Latitude = 39 59.15 N
* NMEA Longitude = 072 13.06 W
* NMEA UTC (Time) = Feb 07 2019  10:06:34
* NMEA baud rate = 4800
** Ship: Seawolf
** Station: 3_4
** Operator: HBB
# nquan = 35
# nvalues = 158                         
# units = specified
# name 0 = depSM: Depth [salt water, m]
# name 1 = t090C: Temperature [ITS-90, deg C]
# name 2 = sal00: Salinity, Practical [PSU]
# name 3 = density00: Density [density, kg/m^3]
# name 4 = sbeox0V: Oxygen raw, SBE 43 [V]
# name 5 = sbeox0ML/L: Oxygen, SBE 43 [ml/l]
# name 6 = sbeox0PS: Oxygen, SBE 43 [% saturation]
# name 7 = sbox0dV/dT: Oxygen, SBE 43 [dov/dt]
# name 8 = oxsolML/L: Oxygen Saturation, Garcia & Gordon [ml/l]
# name 9 = oxsatML/L: Oxygen Saturation, Weiss [ml/l]
# name 10 = ph: pH
# name 11 = flECO-AFL: Fluorescence, WET Labs ECO-AFL/FL [mg/m^3]
# name 12 = n2satML/L: Nitrogen Saturation [ml/l]
# name 13 = c0S/m: Conductivity [S/m]
# name 14 = cpar: CPAR/Corrected Irradiance [%]
# name 15 = sigma-é00: Density [sigma-theta, kg/m^3]
# name 16 = sigma-t00: Density [sigma-t, kg/m^3 ]
# name 17 = par: PAR/Irradiance, Biospherical/Licor
# name 18 = prDM: Pressure, Digiquartz [db]
# name 19 = pumps: Pump Status
# name 20 = scan: Scan Count
# name 21 = svCM: Sound Velocity [Chen-Millero, m/s]
# name 22 = spar: SPAR, Biospherical/Licor
# name 23 = specc: Specific Conductance [uS/cm]
# name 24 = timeS: Time, Elapsed [seconds]
# name 25 = timeY: Time, System [seconds]
# name 26 = accM: Acceleration [m/s^2]
# name 27 = dz/dtM: Descent Rate [m/s]
# name 28 = latitude: Latitude [deg]
# name 29 = longitude: Longitude [deg]
# name 30 = gsw_saA0: Absolute Salinity [g/kg]
# name 31 = gsw_densityA0: density, TEOS-10 [density, kg/m^3]
# name 32 = gsw_sigma0A0: density, TEOS-10 [sigma-0, kg/m^3 ]
# name 33 = gsw_ptA0: potential temperature [ITS-90, deg C]
# name 34 = flag: flag
# span 0 =      0.995,     79.388       
# span 1 =     7.4229,     9.6948       
# span 2 =    33.1235,    33.9845       
# span 3 =  1025.8851,  1026.5730       
# span 4 =     2.4603,     2.7673       
# span 5 =     5.6261,     6.7806       
# span 6 =     87.541,    101.035       
# span 7 =   -0.02874,    0.02513       
# span 8 =    6.41276,    6.81899       
# span 9 =    6.41658,    6.82662       
# span 10 =      8.050,      8.102      
# span 11 =     0.2420,     1.2521      
# span 12 =   11.57264,   12.26946      
# span 13 =   3.395684,   3.685167      
# span 14 = -1.437e+04, 1.0135e+05      
# span 15 =    25.8805,    26.2116      
# span 16 =    25.8805,    26.2102      
# span 17 = 1.0000e-12, 1.0000e-12      
# span 18 =      1.000,     80.000      
# span 19 =          1,          1      
# span 20 =       1370,      19615      
# span 21 =    1478.02,    1488.81      
# span 22 = -2.678e-02, 2.2584e+00      
# span 23 =  52348.129,  53103.344      
# span 24 =     57.029,    817.233      
# span 25 = 1549534052, 1549534812      
# span 26 =      -0.73,       0.69      
# span 27 =     -0.923,      0.939      
# span 28 =   39.98608,   39.98848      
# span 29 =  -72.21900,  -72.21772      
# span 30 =    33.2804,    34.1472      
# span 31 =  1025.8875,  1026.5774      
# span 32 =    25.8829,    26.2162      
# span 33 =     7.4215,     9.6858      
# span 34 = 0.0000e+00, 0.0000e+00      
# interval = decibars: 1                
# start_time = Feb 07 2019 10:06:35 [System UTC, first data scan.]
# bad_flag = -9.990e-29
*END*
[from data line 42]
     43.652     8.0881    33.4199  1026.2212     2.7382     6.6297     99.585    0.00065    6.65728    6.66415      8.091     0.4991   11.98307   3.483695 -1.329e+04    26.0207    26.0200 1.0000e-12     44.000          1       4216    1481.57 2.2372e+00  52638.538    175.627 1549534170       0.00      0.258   39.98646  -72.21804    33.5792  1026.2245    26.0239     8.0838 0.0000e+00
     44.651     8.0825    33.4220  1026.2283     2.7298     6.5642     98.599   -0.00499    6.65744    6.66431 -9.990e-29     0.4706   11.98334   3.483292 -9.990e-29    26.0232    26.0225 1.0000e-12     45.000          1       4249    1481.57 -9.990e-29  52643.636    176.997 1549534172       0.49      0.643   39.98646  -72.21804    33.5798  1026.2303    26.0253     8.0781 0.0000e+00
     45.652     8.0695    33.4237  1026.2361     2.7258     6.5546     98.453   -0.00472    6.65760    6.66447 -9.990e-29     0.4840   11.98360   3.482389 5.0640e-11    26.0264    26.0258 1.0000e-12     46.000          1       4279    1481.54 1.9747e+00  52649.762    178.262 1549534173      -0.04      0.822   39.98646  -72.21804    33.5821  1026.2386    26.0289     8.0650 0.0000e+00
     46.630     8.0694    33.4239  1026.2408     2.7218     6.5734     98.731   -0.00059    6.65785    6.66473 -9.990e-29     0.5013   11.98399   3.482468 5.0640e-11    26.0266    26.0259 1.0000e-12     47.000          1       4352    1481.56 1.9747e+00  52650.776    181.282 1549534176       0.12      0.204   39.98646  -72.21804    33.5826  1026.2436    26.0294     8.0647 0.0000e+00
     47.622     8.0666    33.4256  1026.2471     2.7188     6.5626     98.580   -0.00099    6.65712    6.66400      8.088     0.5350   11.98269   3.482376 5.0640e-11    26.0283    26.0276 1.0000e-12     48.000          1       4432    1481.56 1.9747e+00  52654.392    184.639 1549534179       0.19      0.269   39.98647  -72.21804    33.5838  1026.2495    26.0307     8.0619 0.0000e+00
     48.620     8.0621    33.4281  1026.2544     2.7123     6.5208     97.963   -0.00405    6.65642    6.66329      8.087     0.4523   11.98148   3.482280 -9.990e-29    26.0310    26.0303 1.0000e-12     49.000          1       4471    1481.56 -9.990e-29  52659.771    186.259 1549534181       0.46      0.701   39.98648  -72.21804    33.5867  1026.2570    26.0337     8.0572 0.0000e+00
     49.622     8.0661    33.4327  1026.2620     2.7097     6.5164     97.896   -0.00361    6.65644    6.66330      8.087     0.4612   11.98151   3.483208 9.0908e+03    26.0340    26.0333 1.0000e-12     50.000          1       4501    1481.60 1.7952e+00  52665.976    187.499 1549534182       0.01      0.852   39.98648  -72.21806    33.5923  1026.2654    26.0375     8.0612 0.0000e+00
     50.600     8.0756    33.4398  1026.2707     2.7053     6.5208     97.980   -0.00120    6.65518    6.66204      8.086     0.4967   11.97934   3.484734 1.0135e+05    26.0383    26.0375 1.0000e-12     51.000          1       4590    1481.66 -2.678e-02  52674.460    191.221 1549534186       0.19      0.218   39.98649  -72.21806    33.5990  1026.2738    26.0414     8.0706 0.0000e+00
     51.591     8.0789    33.4447  1026.2785     2.7009     6.5015     97.690   -0.00211    6.65525    6.66211      8.085     0.4411   11.97945   3.485502 3.8496e+04    26.0416    26.0408 1.0000e-12     52.000          1       4639    1481.70 1.2145e+00  52681.265    193.258 1549534188       0.08      0.477   39.98650  -72.21806    33.6036  1026.2815    26.0445     8.0738 0.0000e+00
     52.586     8.0779    33.4461  1026.2844     2.6961     6.4864     97.468   -0.00230    6.65486    6.66171      8.085     0.5041   11.97874   3.485583 1.1310e+04    26.0429    26.0421 1.0000e-12     53.000          1       4692    1481.71 1.7514e+00  52684.149    195.454 1549534190      -0.02      0.411   39.98650  -72.21806    33.6050  1026.2872    26.0457     8.0727 0.0000e+00
     53.582     8.0774    33.4495  1026.2917     2.6901     6.4585     97.061   -0.00368    6.65412    6.66097      8.085     0.4651   11.97748   3.485953 2.0969e+02    26.0456    26.0448 1.0000e-12     54.000          1       4745    1481.73 1.9706e+00  52689.769    197.666 1549534192       0.45      0.497   39.98650  -72.21808    33.6090  1026.2950    26.0489     8.0721 0.0000e+00
     54.570     8.0827    33.4539  1026.2989     2.6889     6.4788     97.376   -0.00037    6.65339    6.66023 -9.990e-29     0.4780   11.97625   3.486833 5.0640e-11    26.0483    26.0475 1.0000e-12     55.000          1       4800    1481.77 1.9747e+00  52695.397    199.963 1549534195      -0.22      0.434   39.98652  -72.21808    33.6129  1026.3018    26.0512     8.0772 0.0000e+00
     55.565     8.0865    33.4556  1026.3043     2.6871     6.4722     97.283   -0.00062    6.65290    6.65973 -9.990e-29     0.5090   11.97542   3.487396 5.0640e-11    26.0491    26.0483 1.0000e-12     56.000          1       4859    1481.81 1.9747e+00  52697.574    202.409 1549534197      -0.06      0.418   39.98652  -72.21808    33.6147  1026.3073    26.0521     8.0810 0.0000e+00
     56.550     8.0887    33.4573  1026.3098     2.6873     6.4808     97.427    0.00049    6.65197    6.65879      8.085     0.3650   11.97386   3.487808 5.0640e-11    26.0501    26.0493 1.0000e-12     57.000          1       4924    1481.84 1.9747e+00  52700.050    205.120 1549534200       0.21      0.372   39.98652  -72.21808    33.6166  1026.3130    26.0533     8.0831 0.0000e+00
     57.556     8.0926    33.4585  1026.3148     2.6869     6.4727     97.305   -0.00045    6.65200    6.65883      8.085     0.4575   11.97392   3.488308 5.0640e-11    26.0505    26.0497 1.0000e-12     58.000          1       4958    1481.87 1.9747e+00  52701.593    206.533 1549534201       0.12      0.659   39.98652  -72.21808    33.6177  1026.3179    26.0536     8.0869 0.0000e+00
     58.538     8.1000    33.4611  1026.3203     2.6880     6.4701     97.281   -0.00131    6.65099    6.65780      8.090     0.4089   11.97222   3.489322 5.0640e-11    26.0515    26.0506 1.0000e-12     59.000          1       5046    1481.91 1.9747e+00  52704.115    210.216 1549534205       0.68      0.332   39.98654  -72.21808    33.6210  1026.3239    26.0551     8.0941 0.0000e+00
     59.535     8.1009    33.4609  1026.3246     2.6897     6.4862     97.525    0.00010    6.65082    6.65763      8.090     0.4205   11.97194   3.489324 5.0640e-11    26.0512    26.0503 1.0000e-12     60.000          1       5096    1481.93 1.9747e+00  52704.241    212.303 1549534207       0.22      0.448   39.98654  -72.21809    33.6197  1026.3273    26.0539     8.0950 0.0000e+00
     60.532     8.1026    33.4620  1026.3298     2.6905     6.4857     97.525   -0.00024    6.65030    6.65710      8.090     0.3903   11.97106   3.489676 4.8839e+04    26.0518    26.0509 1.0000e-12     61.000          1       5149    1481.96 1.0103e+00  52706.179    214.517 1549534209       0.31      0.586   39.98656  -72.21810    33.6214  1026.3329    26.0550     8.0966 0.0000e+00
     61.514     8.1105    33.4661  1026.3363     2.6934     6.4917     97.748    0.00041    6.64120    6.64788      8.092     0.3927   11.95578   3.490836 7.4393e+04    26.0539    26.0530 1.0000e-12     62.000          1       5255    1482.01 5.0565e-01  52710.692    218.935 1549534213       0.40      0.371   39.98656  -72.21810    33.6258  1026.3397    26.0573     8.1043 0.0000e+00
     62.510     8.1366    33.4748  1026.3439     2.6938     6.4810     97.739    0.00008    6.63095    6.63750      8.089     0.3630   11.93860   3.494235 7.7086e+03    26.0569    26.0560 1.0000e-12     63.000          1       5300    1482.14 1.8225e+00  52717.553    220.809 1549534216      -0.12      0.582   39.98658  -72.21810    33.6366  1026.3489    26.0619     8.1303 0.0000e+00
     63.499     8.1997    33.4969  1026.3562     2.6877     6.4366     97.099   -0.00327    6.62893    6.63546      8.088     0.4231   11.93521   3.502416 5.0640e-11    26.0648    26.0638 1.0000e-12     64.000          1       5357    1482.42 1.9747e+00  52734.416    223.149 1549534218       0.28      0.380   39.98658  -72.21810    33.6630  1026.3646    26.0732     8.1934 0.0000e+00
     64.498     8.2603    33.5166  1026.3672     2.6804     6.4087     96.792   -0.00325    6.62117    6.62761      8.088     0.3243   11.92214   3.509340 5.0640e-11    26.0713    26.0703 1.0000e-12     65.000          1       5466    1482.69 1.9747e+00  52748.829    227.703 1549534222       0.25      0.697   39.98659  -72.21810    33.6785  1026.3721    26.0763     8.2537 0.0000e+00
     65.492     8.2816    33.5292  1026.3785     2.6819     6.4304     97.223   -0.00001    6.61401    6.62036      8.089     0.2811   11.91012   3.512651 5.0640e-11    26.0780    26.0770 1.0000e-12     66.000          1       5524    1482.80 1.9747e+00  52762.264    230.113 1549534225      -0.01      0.850   39.98660  -72.21810    33.6928  1026.3847    26.0843     8.2750 0.0000e+00
     66.477     8.3202    33.5435  1026.3883     2.6823     6.4318     97.223   -0.00013    6.61548    6.62185      8.090     0.3273   11.91257   3.517620 5.0640e-11    26.0834    26.0824 1.0000e-12     67.000          1       5588    1482.98 1.9747e+00  52774.053    232.797 1549534227      -0.11      0.558   39.98660  -72.21812    33.7084  1026.3956    26.0907     8.3134 0.0000e+00
     67.472     8.3845    33.5638  1026.3990     2.6810     6.4002     97.000   -0.00192    6.59820    6.60435      8.092     0.3204   11.88359   3.525379 5.0640e-11    26.0896    26.0886 1.0000e-12     68.000          1       5715    1483.26 1.9747e+00  52788.124    238.100 1549534233      -0.16      0.604   39.98662  -72.21813    33.7288  1026.4063    26.0970     8.3777 0.0000e+00
     68.457     8.4173    33.5771  1026.4089     2.6783     6.3918     96.903   -0.00176    6.59613    6.60225 -9.990e-29     0.2521   11.88012   3.529690 5.0640e-11    26.0951    26.0941 1.0000e-12     69.000          1       5776    1483.42 1.9747e+00  52800.739    240.606 1549534235       0.41      0.373   39.98662  -72.21814    33.7427  1026.4167    26.1029     8.4103 0.0000e+00
     69.458     8.4428    33.5829  1026.4142     2.6777     6.3895     96.929   -0.00127    6.59193    6.59800 -9.990e-29     0.2468   11.87308   3.532337 5.0640e-11    26.0959    26.0948 1.0000e-12     70.000          1       5842    1483.53 1.9747e+00  52803.288    243.364 1549534238      -0.01      0.737   39.98663  -72.21814    33.7460  1026.4199    26.1016     8.4357 0.0000e+00
     70.449     8.4696    33.5932  1026.4227     2.6773     6.3806     96.931   -0.00128    6.58265    6.58861 -9.990e-29     0.2420   11.85753   3.535750 5.0640e-11    26.0999    26.0988 1.0000e-12     71.000          1       5961    1483.67 1.9747e+00  52812.339    248.331 1549534243       0.11      0.814   39.98664  -72.21814    33.7561  1026.4283    26.1055     8.4624 0.0000e+00
     71.442     8.5145    33.6071  1026.4312     2.6776     6.3855     97.088   -0.00002    6.57708    6.58296      8.092     0.4136   11.84819   3.541234 8.0412e+04    26.1039    26.1028 1.0000e-12     72.000          1       6031    1483.87 3.8679e-01  52822.259    251.268 1549534246      -0.01      0.514   39.98665  -72.21816    33.7709  1026.4374    26.1102     8.5071 0.0000e+00
     72.423     8.5644    33.6207  1026.4387     2.6776     6.3824     97.104   -0.00004    6.57278    6.57860      8.092     0.2942   11.84099   3.546961 -9.990e-29    26.1070    26.1059 1.0000e-12     73.000          1       6147    1484.09 -9.990e-29  52830.720    256.063 1549534251       0.28      0.253   39.98666  -72.21816    33.7833  1026.4440    26.1124     8.5569 0.0000e+00
     73.421     8.5783    33.6246  1026.4442     2.6767     6.3766     97.042   -0.00032    6.57097    6.57677      8.092     0.3954   11.83798   3.548574 5.0640e-11    26.1080    26.1068 1.0000e-12     74.000          1       6193    1484.16 1.9747e+00  52833.728    258.020 1549534253      -0.08      0.453   39.98668  -72.21817    33.7866  1026.4490    26.1128     8.5707 0.0000e+00
     74.413     8.5881    33.6275  1026.4495     2.6743     6.3613     96.837   -0.00128    6.56907    6.57484      8.092     0.3996   11.83479   3.549786 5.0640e-11    26.1087    26.1075 1.0000e-12     75.000          1       6252    1484.22 1.9747e+00  52836.184    260.478 1549534255       0.14      0.421   39.98668  -72.21818    33.7896  1026.4544    26.1137     8.5804 0.0000e+00
     75.405     8.6941    33.6679  1026.4690     2.6644     6.2012     95.896   -0.00607    6.46633    6.47081      8.081     0.5423   11.66263   3.566340 5.0640e-11    26.1240    26.1228 1.0000e-12     76.000          1       6349    1484.68 1.9747e+00  52870.120    264.514 1549534259       0.27      0.294   39.98670  -72.21818    33.8623  1026.4990    26.1539     8.6862 0.0000e+00
     76.396     9.3729    33.8594  1026.5148     2.5733     5.7531     89.465   -0.02874    6.43056    6.43460      8.066     0.7250   11.60249   3.645329 -9.990e-29    26.1665    26.1652 1.0000e-12     77.000          1       6428    1487.43 -9.990e-29  52992.231    267.810 1549534262      -0.07      0.308   39.98671  -72.21820    34.0420  1026.5352    26.1869     9.3645 0.0000e+00
     77.383     9.4639    33.9075  1026.5420     2.5280     5.7284     89.328   -0.01027    6.41276    6.41658      8.054     1.1424   11.57264   3.657990 5.0640e-11    26.1894    26.1880 1.0000e-12     78.000          1       6500    1487.84 1.9747e+00  53041.418    270.778 1549534266       0.24      0.408   39.98672  -72.21820    34.0864  1026.5593    26.2067     9.4553 0.0000e+00
     78.389     9.5710    33.9431  1026.5567     2.5039     5.6519     88.081   -0.01171    6.41672    6.42060      8.054     1.0203   11.57924   3.671227 1.6651e+04    26.1997    26.1982 1.0000e-12     79.000          1       6566    1488.29 1.6459e+00  53069.803    273.548 1549534268       0.10      0.620   39.98672  -72.21820    34.1211  1026.5731    26.2162     9.5623 0.0000e+00
     79.388     9.6948    33.9845  1026.5730     2.4603     5.6261     87.541    0.00233    6.42679    6.43079      8.050     1.2521   11.59607   3.685167 -1.437e+04    26.2116    26.2102 1.0000e-12     80.000          1       6810    1488.81 2.2584e+00  53103.344    283.700 1549534278      -0.45      0.219   39.98675  -72.21826    34.1472  1026.5774    26.2161     9.6858 0.0000e+00
     78.382     9.6272    33.9636  1026.5633     2.4771     5.6456     87.864   -0.00200    6.42536    6.42934      8.056     1.1783   11.59369   3.676917 5.0640e-11    26.2064    26.2050 1.0000e-12     79.000          1       6739    1488.52 1.9747e+00  53086.931    280.767 1549534275      -0.53     -0.282   39.98674  -72.21824    34.1266  1026.5681    26.2112     9.6184 0.0000e+00
     77.373     9.2489    33.8448  1026.5276     2.5247     5.9985     92.830    0.02513    6.46126    6.46569      8.077     0.5877   11.65399   3.625255 5.0640e-11    26.1746    26.1732 1.0000e-12     78.000          1       7012    1486.97 1.9747e+00  52999.871    292.121 1549534287      -0.15     -0.686   39.98678  -72.21826    33.9493  1026.4872    26.1341     9.2405 0.0000e+00
     76.384     8.8186    33.7031  1026.4815     2.5889     6.2879     95.772    0.02485    6.56544    6.57117      8.097     0.3598   11.82865   3.574350 5.0640e-11    26.1322    26.1309 1.0000e-12     77.000          1       7951    1485.20 1.9747e+00  52892.668    331.240 1549534326      -0.43     -0.656   39.98691  -72.21830    33.8275  1026.4569    26.1075     8.8106 0.0000e+00
