CalculateIndicators/WaterTemperature/Data/CTD_NYOS/NY1902_07_3_3.cnv
* Sea-Bird SBE 9 Data File:
* FileName = C:\Seabird 9 CTD\Data\2019\201902_Offshore\NY1902_ctd_casts\NY1902_07_3_3.hex
* Software Version Seasave V 7.23.2
* Temperature SN = 4590
* Conductivity SN = 3228
* Number of Bytes Per Scan = 44
* Number of Voltage Words = 5
* Number of Scans Averaged by the Deck Unit = 1
* NMEA Latitude = 40 14.50 N
* NMEA Longitude = 072 18.49 W
* NMEA UTC (Time) = Feb 07 2019  12:55:42
* NMEA baud rate = 4800
** Ship: Seawolf
** Station: 3_3
** Operator: AJB
# nquan = 35
# nvalues = 105                         
# units = specified
# name 0 = depSM: Depth [salt water, m]
# name 1 = t090C: Temperature [ITS-90, deg C]
# name 2 = sal00: Salinity, Practical [PSU]
# name 3 = density00: Density [density, kg/m^3]
# name 4 = sbeox0V: Oxygen raw, SBE 43 [V]
# name 5 = sbeox0ML/L: Oxygen, SBE 43 [ml/l]
# name 6 = sbeox0PS: Oxygen, SBE 43 [% saturation]
# name 7 = sbox0dV/dT: Oxygen, SBE 43 [dov/dt]
# name 8 = oxsolML/L: Oxygen Saturation, Garcia & Gordon [ml/l]
# name 9 = oxsatML/L: Oxygen Saturation, Weiss [ml/l]
# name 10 = ph: pH
# name 11 = flECO-AFL: Fluorescence, WET Labs ECO-AFL/FL [mg/m^3]
# name 12 = n2satML/L: Nitrogen Saturation [ml/l]
# name 13 = c0S/m: Conductivity [S/m]
# name 14 = cpar: CPAR/Corrected Irradiance [%]
# name 15 = sigma-é00: Density [sigma-theta, kg/m^3]
# name 16 = sigma-t00: Density [sigma-t, kg/m^3 ]
# name 17 = par: PAR/Irradiance, Biospherical/Licor
# name 18 = prDM: Pressure, Digiquartz [db]
# name 19 = pumps: Pump Status
# name 20 = scan: Scan Count
# name 21 = svCM: Sound Velocity [Chen-Millero, m/s]
# name 22 = spar: SPAR, Biospherical/Licor
# name 23 = specc: Specific Conductance [uS/cm]
# name 24 = timeS: Time, Elapsed [seconds]
# name 25 = timeY: Time, System [seconds]
# name 26 = accM: Acceleration [m/s^2]
# name 27 = dz/dtM: Descent Rate [m/s]
# name 28 = latitude: Latitude [deg]
# name 29 = longitude: Longitude [deg]
# name 30 = gsw_saA0: Absolute Salinity [g/kg]
# name 31 = gsw_densityA0: density, TEOS-10 [density, kg/m^3]
# name 32 = gsw_sigma0A0: density, TEOS-10 [sigma-0, kg/m^3 ]
# name 33 = gsw_ptA0: potential temperature [ITS-90, deg C]
# name 34 = flag: flag
# span 0 =      1.969,     53.587       
# span 1 =     7.3728,     7.5232       
# span 2 =    33.1684,    33.2446       
# span 3 =  1025.9247,  1026.2145       
# span 4 =     1.9801,     2.7547       
# span 5 =     4.3278,     6.7676       
# span 6 =     63.987,    100.172       
# span 7 =   -0.00961,    0.00489       
# span 8 =    6.74834,    6.77202       
# span 9 =    6.75637,    6.78039       
# span 10 =      8.101,      8.116      
# span 11 =     0.3726,     0.8792      
# span 12 =   12.13570,   12.17511      
# span 13 =   3.400779,   3.415501      
# span 14 = 6.2374e-13, 2.3635e-12      
# span 15 =    25.9156,    25.9673      
# span 16 =    25.9155,    25.9666      
# span 17 = 1.0000e-12, 1.0000e-12      
# span 18 =      2.000,     54.000      
# span 19 =         -0,          1      
# span 20 =        203,      14520      
# span 21 =    1478.10,    1478.90      
# span 22 = 4.2333e+01, 1.6680e+02      
# span 23 =  52412.195,  52540.305      
# span 24 =      8.412,    604.942      
# span 25 = 1549544151, 1549544748      
# span 26 =      -0.62,       0.52      
# span 27 =     -0.961,      0.985      
# span 28 =   40.24023,   40.24179      
# span 29 =  -72.30937,  -72.30828      
# span 30 =    33.3260,    33.4021      
# span 31 =  1025.9274,  1026.2166      
# span 32 =    25.9182,    25.9702      
# span 33 =     7.3677,     7.5221      
# span 34 = 0.0000e+00, 0.0000e+00      
# interval = decibars: 1                
# start_time = Feb 07 2019 12:55:43 [System UTC, first data scan.]
# bad_flag = -9.990e-29
*END*
[from data line 83]
     22.825     7.4859    33.2385  1026.0698     2.7479     6.7414     99.802    0.00109    6.75483    6.76296      8.107     0.7142   12.14650   3.412179 7.9021e-13    25.9646    25.9643 1.0000e-12     23.000          1      10685    1478.71 1.2641e+02  52514.742    445.179 1549544588      -0.31     -0.234   40.24066  -72.30898    33.3962  1026.0723    25.9671     7.4837 0.0000e+00
     21.822     7.4841    33.2384  1026.0654     2.7489     6.7411     99.797    0.00066    6.75484    6.76296      8.107     0.5548   12.14652   3.411968 7.8695e-13    25.9648    25.9645 1.0000e-12     22.000          1      10771    1478.68 1.2638e+02  52514.455    448.770 1549544591      -0.20     -0.501   40.24065  -72.30900    33.3960  1026.0678    25.9671     7.4821 0.0000e+00
     20.833     7.4852    33.2382  1026.0605     2.7495     6.7374     99.757    0.00018    6.75383    6.76194      8.107     0.4989   12.14484   3.412027 7.8840e-13    25.9645    25.9642 1.0000e-12     21.000          1      10917    1478.67 1.2684e+02  52513.247    454.832 1549544598      -0.08     -0.324   40.24063  -72.30901    33.3961  1026.0631    25.9670     7.4832 0.0000e+00
     19.839     7.4911    33.2395  1026.0561     2.7493     6.7349     99.729    0.00007    6.75321    6.76132      8.107     0.6753   12.14383   3.412554 8.6837e-13    25.9646    25.9644 1.0000e-12     20.000          1      11403    1478.68 1.1809e+02  52512.919    475.097 1549544618      -0.32     -0.230   40.24058  -72.30905    33.3967  1026.0581    25.9667     7.4892 0.0000e+00
     18.856     7.5054    33.2420  1026.0514     2.7512     6.7401     99.833    0.00062    6.75134    6.75943      8.109     0.5236   12.14071   3.414072 7.1705e-13    25.9645    25.9643 1.0000e-12     19.000          1      12169    1478.72 1.3913e+02  52512.081    507.008 1549544650       0.12     -0.440   40.24050  -72.30912    33.3998  1026.0540    25.9671     7.5036 0.0000e+00
     17.860     7.5029    33.2415  1026.0468     2.7506     6.7289     99.668   -0.00059    6.75133    6.75941      8.109     0.4671   12.14069   3.413728 7.2429e-13    25.9645    25.9643 1.0000e-12     18.000          1      12176    1478.70 1.3823e+02  52511.397    507.308 1549544650      -0.56     -0.546   40.24048  -72.30912    33.3990  1026.0491    25.9668     7.5012 0.0000e+00
     16.867     7.5035    33.2419  1026.0424     2.7528     6.7436     99.907    0.00085    6.74987    6.75793      8.110     0.4855   12.13825   3.413798 7.1537e-13    25.9647    25.9645 1.0000e-12     17.000          1      12221    1478.68 1.3978e+02  52511.096    509.148 1549544652       0.16     -0.556   40.24048  -72.30912    33.3996  1026.0449    25.9672     7.5019 0.0000e+00
     15.884     7.5133    33.2435  1026.0378     2.7542     6.7422     99.892    0.00025    6.74949    6.75755      8.108     0.4910   12.13763   3.414827 7.1318e-13    25.9645    25.9643 1.0000e-12     16.000          1      12275    1478.71 1.4022e+02  52510.208    511.424 1549544654      -0.43     -0.396   40.24048  -72.30912    33.4019  1026.0408    25.9676     7.5118 0.0000e+00
     14.876     7.5139    33.2433  1026.0329     2.7547     6.7444     99.925    0.00038    6.74944    6.75749      8.110     0.4594   12.13753   3.414764 8.7519e-13    25.9643    25.9641 1.0000e-12     15.000          1      12301    1478.69 1.1737e+02  52509.064    512.510 1549544655      -0.18     -0.830   40.24048  -72.30912    33.4010  1026.0354    25.9668     7.5125 0.0000e+00
     13.891     7.5169    33.2437  1026.0283     2.7534     6.7390     99.847    0.00031    6.74927    6.75732      8.109     0.4486   12.13726   3.415021 7.3750e-13    25.9642    25.9640 1.0000e-12     14.000          1      12416    1478.69 1.2981e+02  52508.312    517.279 1549544660      -0.02     -0.209   40.24046  -72.30915    33.4015  1026.0307    25.9667     7.5156 0.0000e+00
     12.900     7.5139    33.2434  1026.0238     2.7546     6.7399     99.873    0.00020    6.74845    6.75649      8.109     0.3726   12.13590   3.414682 7.0325e-13    25.9644    25.9642 1.0000e-12     13.000          1      12508    1478.66 -9.990e-29  52507.915    521.114 1549544664      -0.21     -0.396   40.24046  -72.30916    33.4012  1026.0263    25.9669     7.5127 0.0000e+00
     11.906     7.5204    33.2442  1026.0190     2.7544     6.7369     99.831   -0.00002    6.74834    6.75637      8.109     0.4829   12.13570   3.415297 7.0012e-13    25.9641    25.9639 1.0000e-12     12.000          1      12576    1478.67 -9.990e-29  52506.773    523.942 1549544667       0.07     -0.327   40.24044  -72.30916    33.4021  1026.0215    25.9666     7.5193 0.0000e+00
     10.915     7.5232    33.2446  1026.0143     2.7537     6.7341     99.741   -0.00040    6.75154    6.75962      8.108     0.4554   12.14103   3.415501 6.9398e-13    25.9640    25.9638 1.0000e-12     11.000          1      12685    1478.66 1.4416e+02  52505.899    528.513 1549544671      -0.11     -0.254   40.24044  -72.30918    33.4021  1026.0166    25.9663     7.5221 0.0000e+00
      9.924     7.5009    33.2411  1026.0101     2.7477     6.7068     99.306   -0.00183    6.75370    6.76182      8.106     0.5279   12.14465   3.413076 6.9369e-13    25.9644    25.9643 1.0000e-12     10.000          1      12765    1478.56 1.4416e+02  52505.965    531.840 1549544675       0.03     -0.274   40.24042  -72.30918    33.3976  1026.0116    25.9659     7.5000 0.0000e+00
      8.928     7.4833    33.2376  1026.0052     2.7455     6.7069     99.310   -0.00086    6.75352    6.76163 -9.990e-29     0.5039   12.14435   3.411148 7.1426e-13    25.9641    25.9639 1.0000e-12      9.000          1      12854    1478.47 1.4109e+02  52504.641    535.537 1549544678      -0.18     -0.334   40.24042  -72.30919    33.3942  1026.0068    25.9656     7.4824 0.0000e+00
      7.937     7.4740    33.2350  1026.0000     2.7425     6.7010     99.178   -0.00062    6.75653    6.76468 -9.990e-29     0.5254   12.14937   3.410116 6.5614e-13    25.9634    25.9633 1.0000e-12      8.000          1      13631    1478.41 1.5287e+02  52502.696    567.930 1549544711      -0.12     -0.320   40.24032  -72.30930    33.3924  1026.0021    25.9655     7.4732 0.0000e+00
      6.945     7.4674    33.2336  1025.9952 -9.990e-29     6.7057     99.224   -0.00005    6.75812    6.76629 -9.990e-29     0.4783   12.15200   3.409347 6.3793e-13    25.9631    25.9631 1.0000e-12      7.000          1      14061    1478.37 1.5677e+02  52501.663    585.834 1549544729      -0.02     -0.455   40.24028  -72.30934    33.3909  1025.9973    25.9653     7.4667 0.0000e+00
      5.953     7.4630    33.2333  1025.9909     2.7424     6.7046     99.216   -0.00003    6.75763    6.76580      8.102     0.5408   12.15120   3.408889 6.3395e-13    25.9635    25.9634 1.0000e-12      6.000          1      14125    1478.33 1.5788e+02  52501.603    588.491 1549544731       0.05     -0.373   40.24027  -72.30934    33.3905  1025.9931    25.9656     7.4625 0.0000e+00
      4.963     7.4683    33.2335  1025.9858     2.7442     6.7129     99.352    0.00057    6.75675    6.76491      8.103     0.5048   12.14974   3.409387 6.3269e-13    25.9629    25.9629 1.0000e-12      5.000          1      14212    1478.34 1.5805e+02  52499.980    592.109 1549544735       0.01     -0.247   40.24026  -72.30934    33.3913  1025.9884    25.9655     7.4678 0.0000e+00
      3.967     7.4689    33.2337  1025.9813     2.7424     6.6981     99.122   -0.00066    6.75742    6.76558 -9.990e-29     0.5400   12.15084   3.409363 6.2982e-13    25.9630    25.9629 1.0000e-12      4.000          1      14274    1478.32 1.5878e+02  52499.361    594.716 1549544737       0.01     -0.429   40.24026  -72.30934    33.3910  1025.9834    25.9651     7.4685 0.0000e+00
      2.980     7.4663    33.2332  1025.9766     2.7421     6.7025     99.179    0.00007    6.75799    6.76616 -9.990e-29     0.5310   12.15180   3.409041 6.2828e-13    25.9629    25.9629 1.0000e-12      3.000          1      14357    1478.30 1.5904e+02  52498.601    598.181 1549544741      -0.13     -0.194   40.24024  -72.30936    33.3905  1025.9788    25.9650     7.4660 0.0000e+00
      1.969     7.4614    33.2321  1025.9718     2.7435     6.7173     99.391    0.00146    6.75845    6.76663 -9.990e-29     0.5532   12.15257   3.408439 6.2374e-13    25.9627    25.9627 1.0000e-12      2.000          1      14520    1478.26 1.6680e+02  52497.613    604.942 1549544748      -0.46     -0.420   40.24023  -72.30937    33.3892  1025.9739    25.9647     7.4612 0.0000e+00
