CalculateIndicators/WaterTemperature/Data/CTD_NYOS/NY1902_11_6_2.cnv
* Sea-Bird SBE 9 Data File:
* FileName = C:\Seabird 9 CTD\Data\2019\201902_Offshore\NY1902_ctd_casts\NY1902_11_6_2.hex
* Software Version Seasave V 7.23.2
* Temperature SN = 4590
* Conductivity SN = 3228
* Number of Bytes Per Scan = 44
* Number of Voltage Words = 5
* Number of Scans Averaged by the Deck Unit = 1
* NMEA Latitude = 40 15.79 N
* NMEA Longitude = 073 21.04 W
* NMEA UTC (Time) = Feb 12 2019  06:39:39
* NMEA baud rate = 4800
** Ship: Seawolf
** Station: 6.2
** Operator: HBB
# nquan = 35
# nvalues = 66                          
# units = specified
# name 0 = depSM: Depth [salt water, m]
# name 1 = t090C: Temperature [ITS-90, deg C]
# name 2 = sal00: Salinity, Practical [PSU]
# name 3 = density00: Density [density, kg/m^3]
# name 4 = sbeox0V: Oxygen raw, SBE 43 [V]
# name 5 = sbeox0ML/L: Oxygen, SBE 43 [ml/l]
# name 6 = sbeox0PS: Oxygen, SBE 43 [% saturation]
# name 7 = sbox0dV/dT: Oxygen, SBE 43 [dov/dt]
# name 8 = oxsolML/L: Oxygen Saturation, Garcia & Gordon [ml/l]
# name 9 = oxsatML/L: Oxygen Saturation, Weiss [ml/l]
# name 10 = ph: pH
# name 11 = flECO-AFL: Fluorescence, WET Labs ECO-AFL/FL [mg/m^3]
# name 12 = n2satML/L: Nitrogen Saturation [ml/l]
# name 13 = c0S/m: Conductivity [S/m]
# name 14 = cpar: CPAR/Corrected Irradiance [%]
# name 15 = sigma-é00: Density [sigma-theta, kg/m^3]
# name 16 = sigma-t00: Density [sigma-t, kg/m^3 ]
# name 17 = par: PAR/Irradiance, Biospherical/Licor
# name 18 = prDM: Pressure, Digiquartz [db]
# name 19 = pumps: Pump Status
# name 20 = scan: Scan Count
# name 21 = svCM: Sound Velocity [Chen-Millero, m/s]
# name 22 = spar: SPAR, Biospherical/Licor
# name 23 = specc: Specific Conductance [uS/cm]
# name 24 = timeS: Time, Elapsed [seconds]
# name 25 = timeY: Time, System [seconds]
# name 26 = accM: Acceleration [m/s^2]
# name 27 = dz/dtM: Descent Rate [m/s]
# name 28 = latitude: Latitude [deg]
# name 29 = longitude: Longitude [deg]
# name 30 = gsw_saA0: Absolute Salinity [g/kg]
# name 31 = gsw_densityA0: density, TEOS-10 [density, kg/m^3]
# name 32 = gsw_sigma0A0: density, TEOS-10 [sigma-0, kg/m^3 ]
# name 33 = gsw_ptA0: potential temperature [ITS-90, deg C]
# name 34 = flag: flag
# span 0 =      0.994,     33.738       
# span 1 =     4.5149,     6.2961       
# span 2 =    31.3294,    32.7396       
# span 3 =  1024.8337,  1025.8870       
# span 4 =     2.1610,     2.7639       
# span 5 =     5.4374,     8.0491       
# span 6 =     74.198,    102.571       
# span 7 =   -0.02108,    0.10059       
# span 8 =    6.96601,    8.03272       
# span 9 =    6.97680,    8.03914       
# span 10 =     -3.163,      3.329      
# span 11 =     0.2279,     1.0963      
# span 12 =   12.50155,   14.44836      
# span 13 =   2.989198,   3.263066      
# span 14 = -3.109e+03, 9.9999e+04      
# span 15 =    24.8151,    25.7303      
# span 16 =    24.8150,    25.7300      
# span 17 = 1.0000e-12, 1.0000e-12      
# span 18 =      1.000,     34.000      
# span 19 =          0,          1      
# span 20 =         49,      14527      
# span 21 =    1464.14,    1473.62      
# span 22 = 0.0000e+00, 2.0361e+00      
# span 23 =  50601.140,  52128.091      
# span 24 =      1.999,    605.242      
# span 25 = 1549953579, 1549954183      
# span 26 =      -0.20,       0.29      
# span 27 =     -0.531,      0.588      
# span 28 =   40.26321,   40.26398      
# span 29 =  -73.35206,  -73.35075      
# span 30 =    31.4809,    32.8960      
# span 31 =  1024.8375,  1025.8898      
# span 32 =    24.8188,    25.7332      
# span 33 =     4.5147,     6.2933      
# span 34 = 0.0000e+00, 0.0000e+00      
# interval = decibars: 1                
# start_time = Feb 12 2019 06:39:37 [System UTC, first data scan.]
# bad_flag = -9.990e-29
*END*
[from data line 42]
     23.813     5.0945    31.9846  1025.3866     2.6825     7.0059     97.274    0.00197    7.20227    7.21579     -3.116     0.2913   12.90126   3.093072 5.0640e-11    25.2752    25.2750 1.0000e-12     24.000          1       5684    1467.67 1.9747e+00  51390.025    236.793 1549953814       0.05     -0.320   40.26350  -73.35124    32.1343  1025.3866    25.2752     5.0928 0.0000e+00
     22.822     5.0883    31.9793  1025.3785     2.6882     7.0200     97.445    0.00141    7.20406    7.21759     -3.116     0.3006   12.90431   3.092118 5.0640e-11    25.2717    25.2715 1.0000e-12     23.000          1       5776    1467.62 1.9747e+00  51383.598    240.641 1549953818      -0.00     -0.266   40.26350  -73.35125    32.1298  1025.3791    25.2723     5.0867 0.0000e+00
     21.830     5.0795    31.9722  1025.3691     2.6907     7.0255     97.446    0.00052    7.20968    7.22328     -3.117     0.3211   12.91378   3.090659 5.0640e-11    25.2670    25.2668 1.0000e-12     22.000          1       5861    1467.56 1.9747e+00  51375.279    244.173 1549953822      -0.06     -0.277   40.26350  -73.35126    32.1220  1025.3693    25.2671     5.0779 0.0000e+00
     20.838     5.0351    31.9514  1025.3529     2.6996     7.0858     98.140    0.00296    7.22012    7.23386     -3.119     0.3501   12.93131   3.084975 3.0251e+04    25.2553    25.2552 1.0000e-12     21.000          1       5960    1467.34 1.3773e+00  51358.379    248.273 1549953826      -0.09     -0.234   40.26352  -73.35128    32.0998  1025.3520    25.2545     5.0336 0.0000e+00
     19.842     4.9991    31.9347  1025.3389     2.7093     7.1151     98.475    0.00215    7.22527    7.23907     -3.120     0.3678   12.93994   3.080420 8.2064e+04    25.2460    25.2459 1.0000e-12     20.000          1       6112    1467.15 3.5417e-01  51344.799    254.625 1549953832      -0.14     -0.337   40.26352  -73.35129    32.0826  1025.3377    25.2448     4.9977 0.0000e+00
     18.854     4.9303    31.9119  1025.3238     2.7262     7.1830     99.180    0.00176    7.24239    7.25645     -3.123     0.4054   12.96851   3.072824 -9.990e-29    25.2354    25.2353 1.0000e-12     19.000          1       7745    1466.82 -9.990e-29  51332.982    322.649 1549953900      -0.07     -0.216   40.26361  -73.35145    32.0619  1025.3242    25.2359     4.9289 0.0000e+00
     17.861     4.8742    31.9021  1025.3174     2.7321     7.2131     99.503    0.00226    7.24914    7.26329     -3.125     0.3848   12.97975   3.066998 5.0640e-11    25.2337    25.2336 1.0000e-12     18.000          1       7708    1466.56 1.9747e+00  51335.970    321.106 1549953898      -0.00     -0.313   40.26362  -73.35144    32.0492  1025.3156    25.2318     4.8729 0.0000e+00
     16.869     4.8421    31.8946  1025.3102     2.7361     7.2244     99.505    0.00085    7.26028    7.27459     -3.127     0.4114   12.99830   3.063682 5.0640e-11    25.2311    25.2310 1.0000e-12     17.000          1       7780    1466.40 1.9747e+00  51334.595    324.131 1549953901       0.00     -0.341   40.26362  -73.35144    32.0423  1025.3089    25.2299     4.8409 0.0000e+00
     15.876     4.7848    31.8827  1025.3022     2.7380     7.2401     99.585    0.00085    7.27024    7.28468     -3.129     0.3781   13.01503   3.057721 -9.990e-29    25.2278    25.2276 1.0000e-12     16.000          1       7848    1466.14 -9.990e-29  51335.096    326.974 1549953904       0.03     -0.356   40.26362  -73.35145    32.0291  1025.2999    25.2255     4.7837 0.0000e+00
     14.885     4.7244    31.8571  1025.2837     2.7403     7.2596     99.663    0.00066    7.28416    7.29875     -3.131     0.3902   13.03860   3.050344 5.0746e+04    25.2139    25.2137 1.0000e-12     15.000          1       7928    1465.84 9.7261e-01  51316.737    330.294 1549953908      -0.01     -0.285   40.26362  -73.35146    32.0024  1025.2806    25.2108     4.7234 0.0000e+00
     13.893     4.6614    31.8126  1025.2504     2.7442     7.2888     99.924    0.00139    7.29437    7.30904     -3.133     0.4100   13.05630   3.041179 -3.109e+03    25.1852    25.1851 1.0000e-12     14.000          1       8003    1465.51 2.0361e+00  51271.862    333.412 1549953911      -0.03     -0.324   40.26363  -73.35147    31.9574  1025.2470    25.1819     4.6604 0.0000e+00
     12.897     4.6278    31.7533  1025.2022     2.7506     7.3173    100.298    0.00208    7.29548    7.31015     -3.133     0.4290   13.05825   3.033321 5.2183e+04    25.1416    25.1415 1.0000e-12     13.000          1       8085    1465.27 9.4424e-01  51195.701    336.823 1549953914      -0.02     -0.277   40.26364  -73.35148    31.8990  1025.1998    25.1392     4.6269 0.0000e+00
     11.907     4.6003    31.6975  1025.1561     2.7571     7.3361    100.424    0.00085    7.30517    7.31989     -0.769     0.4287   13.07517   3.026400 1.2179e+03    25.1002    25.1001 1.0000e-12     12.000          1       9558    1465.07 1.9506e+00  51122.609    398.191 1549953976      -0.05     -0.205   40.26371  -73.35162    31.8455  1025.1557    25.0998     4.5995 0.0000e+00
     10.916     4.5791    31.6567  1025.1213     2.7599     7.3389    100.421   -0.00006    7.30816    7.32290     -2.430     0.4003   13.08034   3.021221 6.5132e+03    25.0700    25.0699 1.0000e-12     11.000          1       9806    1464.92 1.8461e+00  51069.250    408.534 1549953986      -0.04     -0.205   40.26374  -73.35164    31.8061  1025.1222    25.0709     4.5784 0.0000e+00
      9.922     4.5719    31.6483  1025.1107     2.7569     7.3278    100.253   -0.00027    7.30934    7.32409     -3.163     0.4106   13.08237   3.019862 4.9065e+04    25.0641    25.0640 1.0000e-12     10.000          1       9901    1464.86 1.0058e+00  51058.661    412.485 1549953990      -0.07     -0.238   40.26374  -73.35164    31.7977  1025.1116    25.0650     4.5712 0.0000e+00
      8.931     4.5689    31.6447  1025.1035     2.7599     7.3428    100.461    0.00043    7.30910    7.32385     -3.134     0.4174   13.08197   3.019319 -2.040e+03    25.0615    25.0615 1.0000e-12      9.000          1      10017    1464.83 2.0150e+00  51053.644    417.347 1549953995      -0.15     -0.180   40.26374  -73.35166    31.7948  1025.1050    25.0630     4.5683 0.0000e+00
      7.938     4.5708    31.6450  1025.0989     2.7608     7.3460    100.503    0.00056    7.30922    7.32397     -3.135     0.4255   13.08218   3.019448 5.0640e-11    25.0616    25.0615 1.0000e-12      8.000          1      10123    1464.82 1.9747e+00  51052.765    421.739 1549953999      -0.17     -0.212   40.26376  -73.35166    31.7949  1025.1002    25.0629     4.5703 0.0000e+00
      6.944     4.5687    31.6438  1025.0935     2.7619     7.3406    100.419   -0.00005    7.30991    7.32467     -3.135     0.4145   13.08334   3.019121 5.0640e-11    25.0608    25.0608 1.0000e-12      7.000          1      10241    1464.79 1.9747e+00  51050.973    426.660 1549954004      -0.13     -0.220   40.26376  -73.35168    31.7937  1025.0948    25.0622     4.5682 0.0000e+00
      5.954     4.5649    31.6427  1025.0883     2.7605     7.3392    100.398 6.7886e-07    7.31010    7.32486     -3.135     0.3884   13.08365   3.018664 3.7803e+04    25.0604    25.0603 1.0000e-12      6.000          1      10352    1464.76 1.2282e+00  51049.919    431.279 1549954009       0.01     -0.207   40.26376  -73.35169    31.7925  1025.0896    25.0616     4.5645 0.0000e+00
      4.959     4.5623    31.6419  1025.0832     2.7616     7.3403    100.407   -0.00020    7.31057    7.32534     -3.135     0.3983   13.08444   3.018354 1.4985e+04    25.0599    25.0599 1.0000e-12      5.000          1      11887    1464.73 1.6788e+00  51048.796    495.233 1549954073      -0.07     -0.227   40.26384  -73.35182    31.7919  1025.0847    25.0614     4.5620 0.0000e+00
      3.969     4.5614    31.6410  1025.0779     2.7624     7.3453    100.474    0.00022    7.31064    7.32541     -3.135     0.3772   13.08456   3.018156 5.1694e+02    25.0593    25.0593 1.0000e-12      4.000          1      12689    1464.71 1.9645e+00  51047.035    528.686 1549954106      -0.04     -0.243   40.26388  -73.35188    31.7910  1025.0794    25.0607     4.5611 0.0000e+00
      2.977     4.5620    31.6408  1025.0731     2.7637     7.3495    100.534    0.00024    7.31052    7.32529     -3.135     0.3962   13.08437   3.018149 5.0640e-11    25.0591    25.0591 1.0000e-12      3.000          1      12798    1464.70 1.9747e+00  51045.806    533.199 1549954111      -0.04     -0.306   40.26388  -73.35190    31.7908  1025.0745    25.0605     4.5618 0.0000e+00
      1.977     4.5612    31.6398  1025.0676     2.7639     7.3490    100.521    0.00018    7.31088    7.32565      1.178     0.3868   13.08499   3.017950 5.0640e-11    25.0584    25.0583 1.0000e-12      2.000          1      13935    1464.67 1.9747e+00  51043.881    580.582 1549954158      -0.20     -0.271   40.26395  -73.35201    31.7897  1025.0691    25.0598     4.5611 0.0000e+00
      0.994     4.5605    31.6379  1025.0617     2.7612     8.0491    100.236   -0.00167    8.03272    8.03914      3.329     1.0963   14.44836   3.017688 5.0640e-11    25.0570    25.0570 1.0000e-12      1.000          1      14527    1464.65 1.9747e+00  51040.683    605.242 1549954183      -0.13     -0.263   40.26398  -73.35206    31.7879  1025.0630    25.0584     4.5604 0.0000e+00
