CalculateIndicators/WaterTemperature/Data/CTD_NYOS/NY1902_07_2_4.cnv
* Sea-Bird SBE 9 Data File:
* FileName = C:\Seabird 9 CTD\Data\2019\201902_Offshore\NY1902_ctd_casts\NY1902_07_2_4.hex
* Software Version Seasave V 7.23.2
* Temperature SN = 4590
* Conductivity SN = 3228
* Number of Bytes Per Scan = 44
* Number of Voltage Words = 5
* Number of Scans Averaged by the Deck Unit = 1
* NMEA Latitude = 40 09.92 N
* NMEA Longitude = 071 56.22 W
* NMEA UTC (Time) = Feb 07 2019  16:44:25
* NMEA baud rate = 4800
** Ship: Seawolf
** Station: 2_4
** Operator: AJB
# nquan = 35
# nvalues = 136                         
# units = specified
# name 0 = depSM: Depth [salt water, m]
# name 1 = t090C: Temperature [ITS-90, deg C]
# name 2 = sal00: Salinity, Practical [PSU]
# name 3 = density00: Density [density, kg/m^3]
# name 4 = sbeox0V: Oxygen raw, SBE 43 [V]
# name 5 = sbeox0ML/L: Oxygen, SBE 43 [ml/l]
# name 6 = sbeox0PS: Oxygen, SBE 43 [% saturation]
# name 7 = sbox0dV/dT: Oxygen, SBE 43 [dov/dt]
# name 8 = oxsolML/L: Oxygen Saturation, Garcia & Gordon [ml/l]
# name 9 = oxsatML/L: Oxygen Saturation, Weiss [ml/l]
# name 10 = ph: pH
# name 11 = flECO-AFL: Fluorescence, WET Labs ECO-AFL/FL [mg/m^3]
# name 12 = n2satML/L: Nitrogen Saturation [ml/l]
# name 13 = c0S/m: Conductivity [S/m]
# name 14 = cpar: CPAR/Corrected Irradiance [%]
# name 15 = sigma-é00: Density [sigma-theta, kg/m^3]
# name 16 = sigma-t00: Density [sigma-t, kg/m^3 ]
# name 17 = par: PAR/Irradiance, Biospherical/Licor
# name 18 = prDM: Pressure, Digiquartz [db]
# name 19 = pumps: Pump Status
# name 20 = scan: Scan Count
# name 21 = svCM: Sound Velocity [Chen-Millero, m/s]
# name 22 = spar: SPAR, Biospherical/Licor
# name 23 = specc: Specific Conductance [uS/cm]
# name 24 = timeS: Time, Elapsed [seconds]
# name 25 = timeY: Time, System [seconds]
# name 26 = accM: Acceleration [m/s^2]
# name 27 = dz/dtM: Descent Rate [m/s]
# name 28 = latitude: Latitude [deg]
# name 29 = longitude: Longitude [deg]
# name 30 = gsw_saA0: Absolute Salinity [g/kg]
# name 31 = gsw_densityA0: density, TEOS-10 [density, kg/m^3]
# name 32 = gsw_sigma0A0: density, TEOS-10 [sigma-0, kg/m^3 ]
# name 33 = gsw_ptA0: potential temperature [ITS-90, deg C]
# name 34 = flag: flag
# span 0 =      1.981,     69.478       
# span 1 =     7.3554,     7.8362       
# span 2 =    33.0519,    33.2696       
# span 3 =  1025.8460,  1026.2594       
# span 4 =     2.6497,     2.7731       
# span 5 =     6.4140,     6.8267       
# span 6 =     95.673,    100.682       
# span 7 =   -0.00516,    0.01800       
# span 8 =    6.70365,    6.78254       
# span 9 =    6.71103,    6.79088       
# span 10 =      8.100,      8.140      
# span 11 =     0.2706,     1.1439      
# span 12 =   12.06165,   12.19453      
# span 13 =   3.382635,   3.448307      
# span 14 = 1.0877e-13, 1.7157e-13      
# span 15 =    25.8357,    25.9398      
# span 16 =    25.8357,    25.9388      
# span 17 = 1.0000e-12, 1.0000e-12      
# span 18 =      2.000,     70.000      
# span 19 =          1,          1      
# span 20 =        437,      18107      
# span 21 =    1477.65,    1480.86      
# span 22 = 5.8285e+02, 9.1941e+02      
# span 23 =  52268.377,  52503.587      
# span 24 =     18.169,    754.396      
# span 25 = 1549557884, 1549558621      
# span 26 =      -1.12,       0.61      
# span 27 =     -1.362,      0.898      
# span 28 =   40.16176,   40.16531      
# span 29 =  -71.93802,  -71.93712      
# span 30 =    33.2086,    33.4284      
# span 31 =  1025.8482,  1026.2625      
# span 32 =    25.8379,    25.9431      
# span 33 =     7.3549,     7.8295      
# span 34 = 0.0000e+00, 0.0000e+00      
# interval = decibars: 1                
# start_time = Feb 07 2019 16:44:26 [System UTC, first data scan.]
# bad_flag = -9.990e-29
*END*
[from data line 125]
     11.898     7.3709    33.0613  1025.8961     2.7663     6.8143    100.496    0.00101    6.78066    6.78898      8.125     0.3612   12.19142   3.385062 1.4236e-13    25.8412    25.8410 1.0000e-12     12.000          1      16616    1477.86 7.0247e+02  52284.203    692.286 1549558559      -0.20     -0.621   40.16206  -71.93798    33.2169  1025.8975    25.8426     7.3698 0.0000e+00
     10.916     7.3777    33.0666  1025.8948     2.7668     6.8139    100.496    0.00112    6.78032    6.78863      8.124     0.3658   12.19082   3.386171 1.3978e-13    25.8444    25.8442 1.0000e-12     11.000          1      17715    1477.88 7.1541e+02  52289.323    738.082 1549558604       0.04     -0.621   40.16184  -71.93801    33.2229  1025.8967    25.8464     7.3767 0.0000e+00
      9.923     7.3710    33.0615  1025.8871     2.7679     6.8149    100.507    0.00087    6.78058    6.78889      8.124     0.3868   12.19126   3.385038 1.3980e-13    25.8413    25.8412 1.0000e-12     10.000          1      17738    1477.83 7.1530e+02  52283.094    739.040 1549558605      -0.08     -0.610   40.16183  -71.93802    33.2175  1025.8888    25.8430     7.3701 0.0000e+00
      8.928     7.3684    33.0586  1025.8806     2.7677     6.8061    100.376   -0.00013    6.78060    6.78891 -9.990e-29     0.4090   12.19131   3.384518 1.4027e-13    25.8394    25.8393 1.0000e-12      9.000          1      17776    1477.80 7.1295e+02  52278.998    740.638 1549558607       0.05     -0.640   40.16182  -71.93802    33.2149  1025.8825    25.8413     7.3675 0.0000e+00
      7.945     7.3672    33.0573  1025.8752     2.7707     6.8267    100.682    0.00165    6.78051    6.78881 -9.990e-29     0.3541   12.19116   3.384264 1.4076e-13    25.8385    25.8384 1.0000e-12      8.000          1      17825    1477.78 7.1045e+02  52276.724    742.647 1549558609       0.03     -0.470   40.16182  -71.93802    33.2137  1025.8772    25.8406     7.3664 0.0000e+00
      6.948     7.3672    33.0572  1025.8704     2.7715     6.8240    100.641    0.00105    6.78050    6.78881 -9.990e-29     0.3349   12.19116   3.384213 1.4166e-13    25.8384    25.8383 1.0000e-12      7.000          1      17855    1477.76 7.0593e+02  52275.836    743.909 1549558610      -0.35     -0.678   40.16182  -71.93802    33.2136  1025.8725    25.8405     7.3666 0.0000e+00
      5.948     7.3675    33.0569  1025.8656     2.7709     6.8115    100.457   -0.00032    6.78055    6.78886 -9.990e-29     0.3451   12.19124   3.384178 1.4185e-13    25.8381    25.8381 1.0000e-12      6.000          1      17880    1477.74 7.0498e+02  52274.775    744.967 1549558611      -0.07     -0.939   40.16181  -71.93802    33.2135  1025.8678    25.8403     7.3669 0.0000e+00
      4.962     7.3681    33.0568  1025.8608     2.7719     6.8201    100.584    0.00052    6.78055    6.78886 -9.990e-29     0.3120   12.19123   3.384176 1.4253e-13    25.8379    25.8378 1.0000e-12      5.000          1      17920    1477.73 7.0161e+02  52273.693    746.618 1549558613       0.23     -0.650   40.16180  -71.93802    33.2133  1025.8630    25.8401     7.3676 0.0000e+00
      3.968     7.3676    33.0568  1025.8563 -9.990e-29     6.8161    100.526    0.00005    6.78048    6.78879 -9.990e-29     0.3136   12.19113   3.384093 1.4300e-13    25.8380    25.8380 1.0000e-12      4.000          1      17962    1477.71 6.9933e+02  52273.226    748.361 1549558615      -0.07     -0.579   40.16178  -71.93802    33.2134  1025.8585    25.8402     7.3672 0.0000e+00
      2.977     7.3680    33.0561  1025.8511     2.7718     6.8158    100.521    0.00004    6.78049    6.78880 -9.990e-29     0.2706   12.19114   3.384018 1.4305e-13    25.8373    25.8373 1.0000e-12      3.000          1      18012    1477.70 6.9905e+02  52271.326    750.460 1549558617       0.09     -0.463   40.16178  -71.93802    33.2126  1025.8533    25.8395     7.3677 0.0000e+00
      1.981     7.3685    33.0556  1025.8460     2.7731     6.8203    100.587    0.00021    6.78048    6.78879 -9.990e-29     0.3078   12.19113   3.383977 1.4382e-13    25.8369    25.8368 1.0000e-12      2.000          1      18107    1477.68 6.9531e+02  52269.802    754.396 1549558621      -0.09     -0.276   40.16176  -71.93802    33.2122  1025.8482    25.8391     7.3684 0.0000e+00
