CalculateIndicators/WaterTemperature/Data/CTD_NYOS/NY1902_11_6_2.cnv
* Sea-Bird SBE 9 Data File:
* FileName = C:\Seabird 9 CTD\Data\2019\201902_Offshore\NY1902_ctd_casts\NY1902_11_6_2.hex
* Software Version Seasave V 7.23.2
* Temperature SN = 4590
* Conductivity SN = 3228
* Number of Bytes Per Scan = 44
* Number of Voltage Words = 5
* Number of Scans Averaged by the Deck Unit = 1
* NMEA Latitude = 40 15.79 N
* NMEA Longitude = 073 21.04 W
* NMEA UTC (Time) = Feb 12 2019  06:39:39
* NMEA baud rate = 4800
** Ship: Seawolf
** Station: 6.2
** Operator: HBB
# nquan = 35
# nvalues = 66                          
# units = specified
# name 0 = depSM: Depth [salt water, m]
# name 1 = t090C: Temperature [ITS-90, deg C]
# name 2 = sal00: Salinity, Practical [PSU]
# name 3 = density00: Density [density, kg/m^3]
# name 4 = sbeox0V: Oxygen raw, SBE 43 [V]
# name 5 = sbeox0ML/L: Oxygen, SBE 43 [ml/l]
# name 6 = sbeox0PS: Oxygen, SBE 43 [% saturation]
# name 7 = sbox0dV/dT: Oxygen, SBE 43 [dov/dt]
# name 8 = oxsolML/L: Oxygen Saturation, Garcia & Gordon [ml/l]
# name 9 = oxsatML/L: Oxygen Saturation, Weiss [ml/l]
# name 10 = ph: pH
# name 11 = flECO-AFL: Fluorescence, WET Labs ECO-AFL/FL [mg/m^3]
# name 12 = n2satML/L: Nitrogen Saturation [ml/l]
# name 13 = c0S/m: Conductivity [S/m]
# name 14 = cpar: CPAR/Corrected Irradiance [%]
# name 15 = sigma-é00: Density [sigma-theta, kg/m^3]
# name 16 = sigma-t00: Density [sigma-t, kg/m^3 ]
# name 17 = par: PAR/Irradiance, Biospherical/Licor
# name 18 = prDM: Pressure, Digiquartz [db]
# name 19 = pumps: Pump Status
# name 20 = scan: Scan Count
# name 21 = svCM: Sound Velocity [Chen-Millero, m/s]
# name 22 = spar: SPAR, Biospherical/Licor
# name 23 = specc: Specific Conductance [uS/cm]
# name 24 = timeS: Time, Elapsed [seconds]
# name 25 = timeY: Time, System [seconds]
# name 26 = accM: Acceleration [m/s^2]
# name 27 = dz/dtM: Descent Rate [m/s]
# name 28 = latitude: Latitude [deg]
# name 29 = longitude: Longitude [deg]
# name 30 = gsw_saA0: Absolute Salinity [g/kg]
# name 31 = gsw_densityA0: density, TEOS-10 [density, kg/m^3]
# name 32 = gsw_sigma0A0: density, TEOS-10 [sigma-0, kg/m^3 ]
# name 33 = gsw_ptA0: potential temperature [ITS-90, deg C]
# name 34 = flag: flag
# span 0 =      0.994,     33.738       
# span 1 =     4.5149,     6.2961       
# span 2 =    31.3294,    32.7396       
# span 3 =  1024.8337,  1025.8870       
# span 4 =     2.1610,     2.7639       
# span 5 =     5.4374,     8.0491       
# span 6 =     74.198,    102.571       
# span 7 =   -0.02108,    0.10059       
# span 8 =    6.96601,    8.03272       
# span 9 =    6.97680,    8.03914       
# span 10 =     -3.163,      3.329      
# span 11 =     0.2279,     1.0963      
# span 12 =   12.50155,   14.44836      
# span 13 =   2.989198,   3.263066      
# span 14 = -3.109e+03, 9.9999e+04      
# span 15 =    24.8151,    25.7303      
# span 16 =    24.8150,    25.7300      
# span 17 = 1.0000e-12, 1.0000e-12      
# span 18 =      1.000,     34.000      
# span 19 =          0,          1      
# span 20 =         49,      14527      
# span 21 =    1464.14,    1473.62      
# span 22 = 0.0000e+00, 2.0361e+00      
# span 23 =  50601.140,  52128.091      
# span 24 =      1.999,    605.242      
# span 25 = 1549953579, 1549954183      
# span 26 =      -0.20,       0.29      
# span 27 =     -0.531,      0.588      
# span 28 =   40.26321,   40.26398      
# span 29 =  -73.35206,  -73.35075      
# span 30 =    31.4809,    32.8960      
# span 31 =  1024.8375,  1025.8898      
# span 32 =    24.8188,    25.7332      
# span 33 =     4.5147,     6.2933      
# span 34 = 0.0000e+00, 0.0000e+00      
# interval = decibars: 1                
# start_time = Feb 12 2019 06:39:37 [System UTC, first data scan.]
# bad_flag = -9.990e-29
*END*
      1.964     4.5783    31.3856  1024.8642     2.3380     5.7666     78.698   -0.02108    7.32744    7.34200     -3.135     0.4150   13.11643   2.997846 -9.990e-29    24.8550    24.8550 1.0000e-12      2.000          0         49    1464.42 -9.990e-29  50666.789      1.999 1549953579       0.24     -0.531   40.26321  -73.35075    31.5396  1024.8699    24.8606     4.5781 0.0000e+00
      2.982     4.5149    31.3554  1024.8515     2.1689     5.4374     74.198    0.00329    7.32831    7.34289     -3.135     0.4070   13.11775   2.989636 5.0640e-11    24.8375    24.8375 1.0000e-12      3.000          0        566    1464.14 1.9747e+00  50644.415     23.554 1549953601       0.29      0.252   40.26325  -73.35081    31.5040  1024.8528    24.8388     4.5147 0.0000e+00
      3.968     4.5332    31.3294  1024.8337     2.1610     5.5671     76.032    0.02049    7.32204    7.33666     -3.135     0.4185   13.10616   2.989198 -9.990e-29    24.8151    24.8150 1.0000e-12      4.000          0        775    1464.20 -9.990e-29  50601.140     32.247 1549953610       0.17      0.349   40.26326  -73.35082    31.4809  1024.8375    24.8188     4.5330 0.0000e+00
      4.961     4.5579    31.3567  1024.8575     2.1891     5.5862     76.370    0.01310    7.31472    7.32945     -3.135     0.4360   13.09222   2.993773 5.0640e-11    24.8342    24.8342 1.0000e-12      5.000          0        822    1464.35 1.9747e+00  50633.656     34.195 1549953612      -0.02      0.515   40.26326  -73.35084    31.5101  1024.8627    24.8393     4.5576 0.0000e+00
      5.953     4.5579    31.4967  1024.9732     2.3291     6.5586     89.739    0.06900    7.30868    7.32341     -3.134     0.4418   13.08136   3.006136 5.0640e-11    24.9452    24.9452 1.0000e-12      6.000          0        871    1464.54 1.9747e+00  50839.057     36.244 1549953614      -0.04      0.486   40.26326  -73.35084    31.6535  1024.9805    24.9526     4.5575 0.0000e+00
      6.948     4.5632    31.6242  1025.0785     2.5254     7.4949    102.571    0.10059    7.30707    7.32178     -3.134     0.4378   13.07864   3.017196 5.0640e-11    25.0459    25.0458 1.0000e-12      7.000          1        918    1464.74 1.9747e+00  51024.174     38.190 1549953616       0.05      0.525   40.26327  -73.35084    31.7765  1025.0818    25.0492     4.5628 0.0000e+00
      7.937     4.5820    31.6420  1025.0953     2.6497     7.4571    102.059    0.05220    7.30666    7.32137     -3.134     0.4473   13.07791   3.020230 -9.990e-29    25.0580    25.0580 1.0000e-12      8.000          1        971    1464.86 -9.990e-29  51044.650     40.408 1549953618      -0.03      0.437   40.26328  -73.35084    31.7933  1025.0978    25.0605     4.5814 0.0000e+00
      8.931     4.5825    31.6453  1025.1026     2.6969     7.3449    100.531    0.02323    7.30609    7.32080     -3.134     0.4384   13.07693   3.020578 -9.990e-29    25.0606    25.0606 1.0000e-12      9.000          1       1020    1464.88 -9.990e-29  51050.133     42.457 1549953620      -0.01      0.494   40.26328  -73.35085    31.7964  1025.1049    25.0629     4.5819 0.0000e+00
      9.924     4.5835    31.6471  1025.1086     2.7211     7.3109    100.128    0.01135    7.30158    7.31627     -3.133     0.4066   13.06908   3.020850 -9.990e-29    25.0619    25.0619 1.0000e-12     10.000          1       1070    1464.91 -9.990e-29  51053.087     44.555 1549953622       0.00      0.481   40.26328  -73.35086    31.7981  1025.1107    25.0641     4.5828 0.0000e+00
     10.913     4.5926    31.6634  1025.1252     2.7328     7.2876     99.871    0.00509    7.29702    7.31168     -3.133     0.5035   13.06107   3.023238 9.9999e+04    25.0740    25.0739 1.0000e-12     11.000          1       1121    1464.98 0.0000e+00  51074.610     46.655 1549953624       0.07      0.457   40.26328  -73.35086    31.8166  1025.1291    25.0778     4.5918 0.0000e+00
     11.907     4.6112    31.7010  1025.1578     2.7393     7.2868     99.946    0.00327    7.29077    7.30542     -3.132     0.4744   13.05004   3.028031 9.9999e+04    25.1019    25.1018 1.0000e-12     12.000          1       1171    1465.12 0.0000e+00  51124.052     48.736 1549953626      -0.09      0.470   40.26328  -73.35086    31.8540  1025.1613    25.1054     4.6104 0.0000e+00
     12.901     4.6263    31.7501  1025.1998     2.7418     7.2599     99.762    0.00092    7.27723    7.29174     -2.990     0.3984   13.02689   3.033623 9.9999e+04    25.1392    25.1391 1.0000e-12     13.000          1       1221    1465.26 0.0000e+00  51191.400     50.834 1549953628       0.10      0.504   40.26328  -73.35086    31.9039  1025.2039    25.1433     4.6254 0.0000e+00
     13.889     4.6669    31.8121  1025.2494     2.7435     7.2472     99.826    0.00082    7.25986    7.27416     -2.670     0.3659   12.99770   3.042689 -9.990e-29    25.1842    25.1841 1.0000e-12     14.000          1       1275    1465.53 -9.990e-29  51269.362     53.088 1549953630      -0.04      0.421   40.26328  -73.35086    31.9696  1025.2561    25.1909     4.6660 0.0000e+00
     14.886     4.7446    31.8589  1025.2830     2.7414     7.2168     99.506   -0.00103    7.25263    7.26681     -2.769     0.3800   12.98564   3.053377 5.0640e-11    25.2132    25.2131 1.0000e-12     15.000          1       1320    1465.93 1.9747e+00  51312.842     54.939 1549953632      -0.03      0.543   40.26330  -73.35088    32.0180  1025.2908    25.2210     4.7436 0.0000e+00
     15.878     4.8053    31.8796  1025.2976     2.7380     7.1949     99.271   -0.00174    7.24773    7.26186     -2.731     0.3647   12.97748   3.060116 5.0640e-11    25.2232    25.2230 1.0000e-12     16.000          1       1368    1466.22 1.9747e+00  51323.967     56.944 1549953634       0.08      0.495   40.26330  -73.35088    32.0370  1025.3041    25.2296     4.8042 0.0000e+00
     16.864     4.8422    31.8884  1025.3053     2.7366     7.1895     99.394   -0.00028    7.23332    7.24723     -2.770     0.3950   12.95345   3.063902 5.0640e-11    25.2262    25.2261 1.0000e-12     17.000          1       1427    1466.40 1.9747e+00  51325.581     59.417 1549953637      -0.09      0.370   40.26330  -73.35088    32.0448  1025.3109    25.2318     4.8410 0.0000e+00
     17.866     4.8986    31.9007  1025.3136     2.7324     7.1510     98.963   -0.00228    7.22593    7.23974     -2.740     0.3930   12.94108   3.069901 -9.990e-29    25.2299    25.2298 1.0000e-12     18.000          1       1469    1466.66 -9.990e-29  51326.010     61.152 1549953639       0.02      0.588   40.26330  -73.35089    32.0592  1025.3208    25.2371     4.8973 0.0000e+00
     18.848     4.9428    31.9134  1025.3235     2.7298     7.1506     99.056   -0.00065    7.21878    7.23249     -2.698     0.4053   12.92911   3.074742 5.0640e-11    25.2352    25.2351 1.0000e-12     19.000          1       1524    1466.88 1.9747e+00  51331.103     63.441 1549953641       0.04      0.373   40.26330  -73.35090    32.0719  1025.3307    25.2424     4.9415 0.0000e+00
     19.846     4.9929    31.9288  1025.3350     2.7227     7.0923     98.409   -0.00330    7.20699    7.22056     -2.693     0.3481   12.90928   3.080227 3.0744e+03    25.2420    25.2419 1.0000e-12     20.000          1       1570    1467.12 1.9140e+00  51338.201     65.377 1549953643      -0.08      0.499   40.26330  -73.35090    32.0864  1025.3414    25.2484     4.9915 0.0000e+00
     20.837     5.0460    31.9535  1025.3534     2.7113     7.0348     97.662   -0.00529    7.20322    7.21674     -2.813     0.3429   12.90291   3.087130 9.9082e+04    25.2558    25.2556 1.0000e-12     21.000          1       1625    1467.38 1.8117e-02  51358.015     67.646 1549953645       0.14      0.436   40.26330  -73.35090    32.1142  1025.3621    25.2646     5.0445 0.0000e+00
     21.828     5.0859    31.9731  1025.3692     2.6997     6.9955     97.118   -0.00555    7.20308    7.21660     -2.861     0.2823   12.90268   3.091853 9.8709e+04    25.2670    25.2668 1.0000e-12     22.000          1       1675    1467.59 2.5476e-02  51374.613     69.754 1549953647      -0.08      0.471   40.26331  -73.35090    32.1296  1025.3746    25.2724     5.0843 0.0000e+00
     22.826     5.0859    31.9745  1025.3749     2.6944     7.0001     97.188   -0.00310    7.20260    7.21611     -2.968     0.2888   12.90185   3.091911 1.2492e+04    25.2681    25.2679 1.0000e-12     23.000          1       1722    1467.60 1.7280e+00  51377.333     71.696 1549953649      -0.01      0.527   40.26332  -73.35090    32.1298  1025.3793    25.2725     5.0842 0.0000e+00
     23.810     5.0873    31.9763  1025.3808     2.6911     7.0088     97.352   -0.00071    7.19949    7.21297     -2.840     0.2871   12.89659   3.092133 -3.109e+01    25.2694    25.2692 1.0000e-12     24.000          1       1793    1467.63 1.9753e+00  51380.248     74.674 1549953652       0.17      0.241   40.26332  -73.35092    32.1305  1025.3844    25.2730     5.0855 0.0000e+00
     24.805     5.0984    31.9837  1025.3901     2.6882     6.9849     97.178   -0.00109    7.18772    7.20105     -2.752     0.2279   12.87679   3.093803 -9.990e-29    25.2741    25.2739 1.0000e-12     25.000          1       1851    1467.70 -9.990e-29  51388.262     77.078 1549953654      -0.08      0.399   40.26332  -73.35092    32.1385  1025.3941    25.2780     5.0966 0.0000e+00
     25.801     5.1488    32.0070  1025.4076     2.6850     6.9690     96.999   -0.00142    7.18461    7.19790     -2.755     0.2579   12.87156   3.100262 9.9999e+04    25.2869    25.2867 1.0000e-12     26.000          1       1906    1467.95 0.0000e+00  51406.943     79.358 1549953657      -0.05      0.453   40.26332  -73.35092    32.1637  1025.4130    25.2924     5.1469 0.0000e+00
     26.792     5.1796    32.0220  1025.4207     2.6803     6.9398     96.762   -0.00168    7.17204    7.18519     -2.717     0.2514   12.85030   3.104092 1.7102e+04    25.2954    25.2952 1.0000e-12     27.000          1       1975    1468.11 1.6370e+00  51419.746     82.270 1549953660       0.02      0.345   40.26332  -73.35092    32.1775  1025.4251    25.2998     5.1776 0.0000e+00
     27.781     5.2206    32.0503  1025.4432     2.6865     6.9016     97.603    0.00346    7.07108    7.08304     -2.581     0.3103   12.67964   3.110485 -9.846e+02    25.3133    25.3130 1.0000e-12     28.000          1       2048    1468.33 1.9941e+00  51448.918     85.283 1549953663       0.05      0.320   40.26332  -73.35094    32.2107  1025.4514    25.3215     5.2185 0.0000e+00
     28.775     5.6681    32.3205  1025.6096     2.6725     6.7092     95.749   -0.00659    7.00689    7.01815     -2.536     0.3233   12.57070   3.174956 5.0640e-11    25.4754    25.4752 1.0000e-12     29.000          1       2109    1470.50 1.9747e+00  51704.170     87.845 1549953665      -0.06      0.372   40.26334  -73.35094    32.5125  1025.6418    25.5076     5.6658 0.0000e+00
     29.767     6.0870    32.6112  1025.7933     2.6354     6.5405     93.603   -0.01065    6.98750    6.99853     -2.511     0.4003   12.53792   3.235403 5.0640e-11    25.6549    25.6546 1.0000e-12     30.000          1       2188    1472.57 1.9747e+00  52000.598     91.130 1549953668      -0.02      0.288   40.26334  -73.35094    32.7900  1025.8142    25.6758     6.0846 0.0000e+00
     30.760     6.1778    32.6656  1025.8296     2.6188     6.5302     93.537   -0.00496    6.98141    6.99238     -2.565     0.5120   12.52763   3.247466 7.2069e+04    25.6867    25.6863 1.0000e-12     31.000          1       2259    1473.01 5.5154e-01  52053.344     94.082 1549953671       0.03      0.375   40.26334  -73.35096    32.8372  1025.8446    25.7017     6.1753 0.0000e+00
     31.753     6.2107    32.6855  1025.8459     2.6091     6.5056     93.285   -0.00345    6.97389    6.98477     -2.485     0.5090   12.51492   3.251610 7.2939e+04    25.6983    25.6980 1.0000e-12     32.000          1       2323    1473.18 5.3435e-01  52073.353     96.741 1549953674       0.08      0.385   40.26334  -73.35096    32.8515  1025.8563    25.7088     6.2080 0.0000e+00
     32.744     6.2516    32.7100  1025.8646     2.6031     6.4937     93.207   -0.00190    6.96697    6.97777     -2.559     0.5577   12.50322   3.257263 4.5021e+04    25.7126    25.7122 1.0000e-12     33.000          1       2404    1473.39 1.0857e+00  52097.557    100.108 1549953677      -0.07      0.284   40.26334  -73.35096    32.8746  1025.8740    25.7219     6.2489 0.0000e+00
     33.738     6.2961    32.7396  1025.8870     2.5898     6.4688     92.862    0.00030    6.96601    6.97680     -2.800     0.6121   12.50155   3.263066 3.5689e+04    25.7303    25.7300 1.0000e-12     34.000          1       2934    1473.62 1.2699e+00  52128.091    122.200 1549953700      -0.03      0.038   40.26336  -73.35100    32.8960  1025.8898    25.7332     6.2933 0.0000e+00
     32.742     6.2601    32.7213  1025.8725     2.5947     6.5034     93.197    0.00134    6.97815    6.98908     -3.047     0.6107   12.52201   3.258003 -9.990e-29    25.7204    25.7201 1.0000e-12     33.000          1       3770    1473.44 -9.990e-29  52111.374    157.054 1549953734      -0.03     -0.353   40.26340  -73.35107    32.8747  1025.8730    25.7209     6.2574 0.0000e+00
     31.753     6.2199    32.7003  1025.8563     2.5987     6.5198     93.354    0.00123    6.98396    6.99497     -3.072     0.5267   12.53184   3.252533 5.0640e-11    25.7088    25.7085 1.0000e-12     32.000          1       3931    1473.24 1.9747e+00  52091.906    163.744 1549953741       0.00     -0.248   40.26340  -73.35109    32.8528  1025.8562    25.7087     6.2173 0.0000e+00
     30.759     6.1908    32.6838  1025.8423     2.5998     6.5245     93.199   -0.00047    7.00059    7.01179     -3.068     0.4493   12.55991   3.248430 1.1651e+04    25.6994    25.6991 1.0000e-12     31.000          1       4010    1473.09 1.7446e+00  52075.767    167.039 1549953744      -0.04     -0.361   40.26341  -73.35110    32.8355  1025.8416    25.6987     6.1883 0.0000e+00
     29.765     6.1278    32.6498  1025.8188     2.6002     6.5741     93.332    0.00034    7.04364    7.05534     -3.071     0.3533   12.63279   3.239497 7.5301e+04    25.6804    25.6801 1.0000e-12     30.000          1       4075    1472.78 4.8771e-01  52044.486    169.730 1549953747      -0.13     -0.345   40.26342  -73.35110    32.7968  1025.8144    25.6761     6.1253 0.0000e+00
     28.775     5.7806    32.4216  1025.6760     2.6162     6.7743     94.770    0.00572    7.14786    7.16076     -3.104     0.2750   12.80914   3.187438 7.6148e+03    25.5420    25.5417 1.0000e-12     29.000          1       4161    1471.08 1.8243e+00  51816.713    173.335 1549953751      -0.05     -0.296   40.26342  -73.35112    32.5453  1025.6542    25.5202     5.7783 0.0000e+00
     27.781     5.3371    32.1442  1025.5042     2.6463     6.9428     96.722    0.01048    7.17802    7.19125     -3.111     0.2613   12.86024   3.125252 5.0640e-11    25.3744    25.3742 1.0000e-12     28.000          1       4234    1468.93 1.9747e+00  51548.905    176.378 1549953754      -0.08     -0.359   40.26342  -73.35112    32.2671  1025.4825    25.3527     5.3350 0.0000e+00
     26.791     5.1950    32.0467  1025.4386     2.6695     6.9850     97.206    0.00598    7.18578    7.19910     -3.113     0.2604   12.87343   3.105886 9.0918e+03    25.3133    25.3131 1.0000e-12     27.000          1       4312    1468.21 1.7952e+00  51450.806    179.608 1549953757      -0.01     -0.286   40.26342  -73.35112    32.1831  1025.4279    25.3026     5.1930 0.0000e+00
     25.798     5.1703    32.0242  1025.4188     2.6734     6.9478     96.608   -0.00027    7.19171    7.20509     -3.113     0.2521   12.88344   3.102423 8.9727e+04    25.2982    25.2979 1.0000e-12     26.000          1       4641    1468.06 2.0284e-01  51425.148    193.317 1549953771       0.02     -0.256   40.26344  -73.35115    32.1677  1025.4138    25.2932     5.1684 0.0000e+00
