CalculateIndicators/WaterTemperature/Data/CTD_NYOS/NY1902_11_6_3.cnv
* Sea-Bird SBE 9 Data File:
* FileName = C:\Seabird 9 CTD\Data\2019\201902_Offshore\NY1902_ctd_casts\NY1902_11_6_3.hex
* Software Version Seasave V 7.23.2
* Temperature SN = 4590
* Conductivity SN = 3228
* Number of Bytes Per Scan = 44
* Number of Voltage Words = 5
* Number of Scans Averaged by the Deck Unit = 1
* NMEA Latitude = 39 57.96 N
* NMEA Longitude = 073 14.94 W
* NMEA UTC (Time) = Feb 12 2019  03:23:01
* NMEA baud rate = 4800
** Ship: Seawolf
** Station: 6.3
** Operator: HBB
# nquan = 35
# nvalues = 126                         
# units = specified
# name 0 = depSM: Depth [salt water, m]
# name 1 = t090C: Temperature [ITS-90, deg C]
# name 2 = sal00: Salinity, Practical [PSU]
# name 3 = density00: Density [density, kg/m^3]
# name 4 = sbeox0V: Oxygen raw, SBE 43 [V]
# name 5 = sbeox0ML/L: Oxygen, SBE 43 [ml/l]
# name 6 = sbeox0PS: Oxygen, SBE 43 [% saturation]
# name 7 = sbox0dV/dT: Oxygen, SBE 43 [dov/dt]
# name 8 = oxsolML/L: Oxygen Saturation, Garcia & Gordon [ml/l]
# name 9 = oxsatML/L: Oxygen Saturation, Weiss [ml/l]
# name 10 = ph: pH
# name 11 = flECO-AFL: Fluorescence, WET Labs ECO-AFL/FL [mg/m^3]
# name 12 = n2satML/L: Nitrogen Saturation [ml/l]
# name 13 = c0S/m: Conductivity [S/m]
# name 14 = cpar: CPAR/Corrected Irradiance [%]
# name 15 = sigma-é00: Density [sigma-theta, kg/m^3]
# name 16 = sigma-t00: Density [sigma-t, kg/m^3 ]
# name 17 = par: PAR/Irradiance, Biospherical/Licor
# name 18 = prDM: Pressure, Digiquartz [db]
# name 19 = pumps: Pump Status
# name 20 = scan: Scan Count
# name 21 = svCM: Sound Velocity [Chen-Millero, m/s]
# name 22 = spar: SPAR, Biospherical/Licor
# name 23 = specc: Specific Conductance [uS/cm]
# name 24 = timeS: Time, Elapsed [seconds]
# name 25 = timeY: Time, System [seconds]
# name 26 = accM: Acceleration [m/s^2]
# name 27 = dz/dtM: Descent Rate [m/s]
# name 28 = latitude: Latitude [deg]
# name 29 = longitude: Longitude [deg]
# name 30 = gsw_saA0: Absolute Salinity [g/kg]
# name 31 = gsw_densityA0: density, TEOS-10 [density, kg/m^3]
# name 32 = gsw_sigma0A0: density, TEOS-10 [sigma-0, kg/m^3 ]
# name 33 = gsw_ptA0: potential temperature [ITS-90, deg C]
# name 34 = flag: flag
# span 0 =      0.990,     63.501       
# span 1 =     5.5823,     6.9611       
# span 2 =    32.6206,    33.1204       
# span 3 =  1025.7297,  1026.2380       
# span 4 =     2.6743,     2.7364       
# span 5 =     6.5869,     7.0290       
# span 6 =     96.234,     99.298       
# span 7 =   -0.01118,    0.00848       
# span 8 =    6.84119,    7.08794       
# span 9 =    6.85051,    7.10052       
# span 10 =     -3.098,     -2.840      
# span 11 =     0.1966,     0.5961      
# span 12 =   12.29062,   12.70429      
# span 13 =   3.189865,   3.356669      
# span 14 = -4.069e+03, 1.2746e+05      
# span 15 =    25.7222,    25.9445      
# span 16 =    25.7221,    25.9438      
# span 17 = 1.0000e-12, 1.0000e-12      
# span 18 =      1.000,     64.000      
# span 19 =          1,          1      
# span 20 =        745,      19850      
# span 21 =    1470.09,    1477.18      
# span 22 = -5.423e-01, 2.0551e+00      
# span 23 =  52142.212,  52511.497      
# span 24 =     30.991,    827.027      
# span 25 = 1549941811, 1549942607      
# span 26 =      -0.30,       0.62      
# span 27 =     -0.606,      0.716      
# span 28 =   39.96608,   39.96633      
# span 29 =  -73.25416,  -73.24920      
# span 30 =    32.7755,    33.2776      
# span 31 =  1025.7313,  1026.2402      
# span 32 =    25.7240,    25.9468      
# span 33 =     5.5819,     6.9559      
# span 34 = 0.0000e+00, 0.0000e+00      
# interval = decibars: 1                
# start_time = Feb 12 2019 03:23:00 [System UTC, first data scan.]
# bad_flag = -9.990e-29
*END*
[from data line 83]
     42.666     6.9300    33.1070  1026.1349     2.6797     6.6247     96.771   -0.00124    6.84568    6.85505     -2.947     0.2421   12.29819   3.351909 5.0640e-11    25.9377    25.9372 1.0000e-12     43.000          1       8389    1476.72 1.9747e+00  52485.795    349.503 1549942130       0.06     -0.415   39.96612  -73.25112    33.2640  1026.1371    25.9399     6.9261 0.0000e+00
     41.676     6.9354    33.1068  1026.1294     2.6776     6.6206     96.725   -0.00064    6.84470    6.85406     -3.036     0.2522   12.29657   3.352354 5.0640e-11    25.9368    25.9363 1.0000e-12     42.000          1       8451    1476.73 1.9747e+00  52483.338    352.090 1549942132      -0.05     -0.391   39.96612  -73.25112    33.2641  1026.1319    25.9392     6.9317 0.0000e+00
     40.679     6.9403    33.1073  1026.1246     2.6759     6.6113     96.590   -0.00106    6.84464    6.85400     -3.048     0.2045   12.29648   3.352805 9.5422e+03    25.9365    25.9360 1.0000e-12     41.000          1       8496    1476.73 1.7863e+00  52482.121    353.948 1549942134      -0.06     -0.541   39.96612  -73.25114    33.2648  1026.1271    25.9391     6.9367 0.0000e+00
     39.691     6.9426    33.1075  1026.1199     2.6749     6.6132     96.621   -0.00033    6.84443    6.85379     -3.049     0.2312   12.29613   3.352956 1.0266e+05    25.9363    25.9359 1.0000e-12     40.000          1       8551    1476.72 -5.253e-02  52481.099    356.251 1549942137       0.05     -0.418   39.96613  -73.25116    33.2648  1026.1222    25.9387     6.9390 0.0000e+00
     38.698     6.9438    33.1077  1026.1152     2.6752     6.6171     96.680    0.00019    6.84433    6.85369     -3.049     0.2335   12.29596   3.353036 4.6654e+04    25.9363    25.9358 1.0000e-12     39.000          1       8606    1476.71 1.0534e+00  52480.321    358.527 1549942139       0.00     -0.441   39.96614  -73.25117    33.2650  1026.1176    25.9387     6.9403 0.0000e+00
     37.704     6.9443    33.1079  1026.1107     2.6766     6.6237     96.777    0.00062    6.84436    6.85372     -3.049     0.2042   12.29601   3.353054 1.1144e+04    25.9364    25.9359 1.0000e-12     38.000          1       8656    1476.70 1.7546e+00  52479.792    360.612 1549942141      -0.03     -0.487   39.96614  -73.25119    33.2651  1026.1131    25.9387     6.9409 0.0000e+00
     36.711     6.9446    33.1080  1026.1062     2.6752     6.6097     96.571   -0.00063    6.84436    6.85371     -3.049     0.1966   12.29601   3.353030 8.7612e+04    25.9364    25.9360 1.0000e-12     37.000          1       8843    1476.68 2.4460e-01  52479.205    368.436 1549942149       0.00     -0.406   39.96614  -73.25124    33.2651  1026.1084    25.9387     6.9413 0.0000e+00
     35.721     6.9443    33.1081  1026.1017     2.6768     6.6155     96.657   -0.00027    6.84431    6.85367     -3.049     0.2123   12.29592   3.352974 1.5622e+03    25.9366    25.9361 1.0000e-12     36.000          1      10153    1476.66 1.9439e+00  52478.799    422.982 1549942203      -0.18     -0.455   39.96618  -73.25157    33.2652  1026.1040    25.9388     6.9411 0.0000e+00
     34.728     6.9446    33.1081  1026.0971     2.6772     6.6199     96.722    0.00023    6.84429    6.85364     -3.049     0.2335   12.29589   3.352949 5.0640e-11    25.9365    25.9361 1.0000e-12     35.000          1      10221    1476.65 1.9747e+00  52478.003    425.821 1549942206      -0.01     -0.518   39.96618  -73.25159    33.2652  1026.0993    25.9387     6.9414 0.0000e+00
     33.737     6.9448    33.1080  1026.0923     2.6772     6.6184     96.682   -0.00000    6.84556    6.85493     -3.049     0.2272   12.29800   3.352915 -9.990e-29    25.9364    25.9360 1.0000e-12     34.000          1      10272    1476.63 -9.990e-29  52477.048    427.943 1549942208       0.06     -0.466   39.96618  -73.25160    33.2650  1026.0945    25.9386     6.9418 0.0000e+00
     32.742     6.9425    33.1076  1026.0878     2.6765     6.6253     96.607   -0.00036    6.85797    6.86752     -3.051     0.2474   12.31873   3.352583 5.0640e-11    25.9364    25.9360 1.0000e-12     33.000          1      10322    1476.61 1.9747e+00  52476.483    430.035 1549942210      -0.01     -0.493   39.96618  -73.25162    33.2641  1026.0895    25.9381     6.9396 0.0000e+00
     31.757     6.9028    33.0991  1026.0819     2.6817     6.6786     97.163    0.00253    6.87364    6.88340     -3.055     0.3006   12.34490   3.347903 5.0640e-11    25.9350    25.9346 1.0000e-12     32.000          1      10380    1476.42 1.9747e+00  52474.398    432.442 1549942213      -0.05     -0.371   39.96618  -73.25164    33.2515  1026.0804    25.9335     6.8999 0.0000e+00
     30.759     6.8070    33.0760  1026.0718     2.6974     6.7767     98.544    0.00848    6.87687    6.88668     -3.056     0.2548   12.35030   3.337145 2.2439e+04    25.9295    25.9291 1.0000e-12     31.000          1      10421    1476.01 1.5316e+00  52466.350    434.147 1549942214       0.02     -0.577   39.96618  -73.25164    33.2260  1026.0686    25.9262     6.8043 0.0000e+00
     29.767     6.7709    33.0635  1026.0622     2.7103     6.8065     98.916    0.00675    6.88107    6.89092     -3.056     0.3004   12.35736   3.332947 9.3774e+04    25.9244    25.9241 1.0000e-12     30.000          1      10467    1475.83 1.2293e-01  52457.564    436.078 1549942216      -0.05     -0.515   39.96618  -73.25166    33.2151  1026.0602    25.9224     6.7683 0.0000e+00
     28.777     6.7396    33.0549  1026.0550     2.7175     6.8108     98.813    0.00307    6.89266    6.90266     -3.059     0.3261   12.37678   3.329457 5.0485e+04    25.9218    25.9214 1.0000e-12     29.000          1      10520    1475.68 9.7776e-01  52453.206    438.292 1549942219       0.06     -0.441   39.96618  -73.25167    33.2072  1026.0536    25.9204     6.7371 0.0000e+00
     27.785     6.6874    33.0350  1026.0416     2.7218     6.8357     98.842    0.00166    6.91583    6.92614     -3.063     0.3471   12.41560   3.322793 -1.686e+03    25.9130    25.9126 1.0000e-12     28.000          1      10576    1475.44 2.0080e+00  52438.275    440.617 1549942221       0.02     -0.429   39.96618  -73.25168    33.1846  1026.0381    25.9095     6.6849 0.0000e+00
     26.791     6.6113    33.0073  1026.0252     2.7238     6.8472     98.872    0.00116    6.92530    6.93575     -3.065     0.3771   12.43143   3.313122 5.0640e-11    25.9010    25.9007 1.0000e-12     27.000          1      10619    1475.09 1.9747e+00  52419.070    442.398 1549942223      -0.21     -0.551   39.96618  -73.25168    33.1516  1026.0176    25.8935     6.6090 0.0000e+00
     25.798     6.5050    32.9762  1026.0098     2.7264     6.8666     99.006    0.00137    6.93554    6.94612     -3.067     0.3697   12.44860   3.301270 5.0640e-11    25.8902    25.8900 1.0000e-12     26.000          1      10662    1474.61 1.9747e+00  52403.148    444.213 1549942224       0.12     -0.563   39.96618  -73.25170    33.1235  1026.0047    25.8851     6.5027 0.0000e+00
     24.808     6.4458    32.9560  1025.9970     2.7281     6.8776     99.005    0.00073    6.94679    6.95752     -3.070     0.3807   12.46751   3.294163 5.0640e-11    25.8819    25.8817 1.0000e-12     25.000          1      10715    1474.34 1.9747e+00  52390.300    446.412 1549942227      -0.06     -0.445   39.96618  -73.25172    33.1023  1025.9911    25.8761     6.4437 0.0000e+00
     23.812     6.3720    32.9260  1025.9781     2.7293     6.8807     98.983    0.00009    6.95142    6.96220     -3.071     0.4015   12.47532   3.285173 6.8973e+04    25.8677    25.8674 1.0000e-12     24.000          1      11022    1473.99 6.1267e-01  52367.155    459.218 1549942239       0.02     -0.327   39.96618  -73.25179    33.0742  1025.9739    25.8634     6.3699 0.0000e+00
     22.826     6.3426    32.9109  1025.9654     2.7321     6.8976     99.058   -0.00018    6.96313    6.97406     -3.073     0.4561   12.49498   3.281702 -9.990e-29    25.8595    25.8593 1.0000e-12     23.000          1      12775    1473.84 -9.990e-29  52353.117    532.250 1549942313      -0.05     -0.287   39.96620  -73.25224    33.0644  1025.9653    25.8594     6.3407 0.0000e+00
     21.828     6.2891    32.8896  1025.9508     2.7302     6.8927     98.906   -0.00074    6.96888    6.97989     -3.074     0.4356   12.50467   3.274843 5.0640e-11    25.8494    25.8492 1.0000e-12     22.000          1      12697    1473.59 1.9747e+00  52337.118    529.020 1549942309       0.01     -0.463   39.96620  -73.25222    33.0401  1025.9484    25.8471     6.2873 0.0000e+00
     20.839     6.2335    32.8657  1025.9344     2.7301     6.9020     98.987    0.00007    6.97266    6.98371     -3.075     0.4549   12.51105   3.267989 5.0640e-11    25.8376    25.8374 1.0000e-12     21.000          1      12766    1473.32 1.9747e+00  52318.011    531.855 1549942312      -0.01     -0.338   39.96620  -73.25222    33.0180  1025.9335    25.8367     6.2317 0.0000e+00
     19.847     6.2158    32.8557  1025.9241     2.7304     6.9053     98.985    0.00004    6.97613    6.98721     -3.075     0.4615   12.51692   3.265566 7.0293e+04    25.8319    25.8317 1.0000e-12     20.000          1      12832    1473.22 5.8660e-01  52307.993    534.622 1549942315      -0.02     -0.355   39.96620  -73.25225    33.0085  1025.9236    25.8315     6.2141 0.0000e+00
     18.854     6.2043    32.8457  1025.9130     2.7269     6.9110     98.657   -0.00147    7.00506    7.01655     -3.081     0.5323   12.56523   3.263591 5.0513e+04    25.8254    25.8252 1.0000e-12     19.000          1      12892    1473.15 9.7721e-01  52296.204    537.127 1549942317       0.02     -0.397   39.96620  -73.25226    32.9981  1025.9122    25.8247     6.2027 0.0000e+00
     17.861     6.0586    32.8069  1025.8959     2.7272     6.9539     98.893    0.00037    7.03170    7.04354     -3.087     0.5961   12.60996   3.246625 6.3230e+02    25.8129    25.8127 1.0000e-12     18.000          1      12956    1472.50 1.9622e+00  52281.916    539.799 1549942320       0.02     -0.373   39.96620  -73.25228    32.9497  1025.8877    25.8046     6.0571 0.0000e+00
     16.871     5.8782    32.7381  1025.8591     2.7296     6.9843     99.025    0.00057    7.05304    7.06515     -3.091     0.5548   12.64589   3.225069 5.0640e-11    25.7806    25.7804 1.0000e-12     17.000          1      13029    1471.68 1.9747e+00  52235.301    542.846 1549942323      -0.02     -0.313   39.96620  -73.25229    32.8828  1025.8526    25.7741     5.8768 0.0000e+00
     15.876     5.7966    32.6968  1025.8317     2.7302     6.9945     99.036    0.00045    7.06260    7.07483     -3.093     0.5366   12.66192   3.214212 5.0640e-11    25.7577    25.7576 1.0000e-12     16.000          1      13087    1471.28 1.9747e+00  52199.060    545.257 1549942326       0.03     -0.412   39.96620  -73.25230    32.8398  1025.8240    25.7501     5.7954 0.0000e+00
     14.885     5.7255    32.6666  1025.8117     2.7331     7.0103     99.206    0.00090    7.06640    7.07868     -3.093     0.4896   12.66830   3.205745 5.0640e-11    25.7424    25.7422 1.0000e-12     15.000          1      13161    1470.94 1.9747e+00  52176.316    548.343 1549942329       0.03     -0.299   39.96620  -73.25232    32.8137  1025.8073    25.7380     5.7243 0.0000e+00
     13.891     5.7027    32.6577  1025.8028     2.7328     7.0066     99.043   -0.00027    7.07427    7.08667     -3.095     0.5247   12.68146   3.203024 5.0640e-11    25.7380    25.7379 1.0000e-12     14.000          1      13231    1470.82 1.9747e+00  52169.544    551.263 1549942332      -0.04     -0.388   39.96620  -73.25233    32.8056  1025.7990    25.7343     5.7015 0.0000e+00
     12.900     5.6615    32.6474  1025.7949     2.7320     7.0073     98.993   -0.00034    7.07856    7.09101     -3.096     0.4627   12.68862   3.198641 5.0640e-11    25.7348    25.7347 1.0000e-12     13.000          1      13295    1470.63 1.9747e+00  52166.469    553.907 1549942334      -0.10     -0.374   39.96620  -73.25234    32.7964  1025.7921    25.7320     5.6604 0.0000e+00
     11.909     5.6312    32.6379  1025.7864     2.7304     7.0062     98.922   -0.00029    7.08261    7.09512     -3.097     0.4379   12.69541   3.195300 3.5196e+04    25.7309    25.7308 1.0000e-12     12.000          1      13369    1470.48 1.2797e+00  52161.308    556.996 1549942337       0.06     -0.295   39.96620  -73.25237    32.7885  1025.7848    25.7293     5.6302 0.0000e+00
     10.913     5.6077    32.6296  1025.7780     2.7314     7.0143     99.038    0.00034    7.08242    7.09492     -3.097     0.4576   12.69510   3.192646 4.4596e+04    25.7271    25.7270 1.0000e-12     11.000          1      13799    1470.36 1.0941e+00  52155.715    574.910 1549942355      -0.05     -0.210   39.96621  -73.25248    32.7818  1025.7776    25.7268     5.6068 0.0000e+00
      9.925     5.5955    32.6240  1025.7703     2.7327     7.0179     99.041    0.00009    7.08580    7.09835     -3.097     0.4828   12.70076   3.191291 4.6223e+04    25.7241    25.7240 1.0000e-12     10.000          1      14596    1470.29 1.0619e+00  52150.573    608.121 1549942388      -0.06     -0.309   39.96622  -73.25270    32.7787  1025.7720    25.7257     5.5947 0.0000e+00
      8.929     5.5953    32.6241  1025.7657     2.7315     7.0095     98.922   -0.00045    7.08594    7.09849     -3.097     0.4996   12.70099   3.191217 6.6327e+04    25.7241    25.7240 1.0000e-12      9.000          1      14636    1470.27 6.6493e-01  52150.018    609.791 1549942390       0.05     -0.308   39.96622  -73.25271    32.7785  1025.7673    25.7256     5.5946 0.0000e+00
      7.938     5.5855    32.6226  1025.7611     2.7331     7.0205     99.061    0.00026    7.08708    7.09965     -3.098     0.4581   12.70290   3.190212 1.9401e+03    25.7241    25.7240 1.0000e-12      8.000          1      16286    1470.21 1.9364e+00  52150.174    678.552 1549942459      -0.00     -0.264   39.96626  -73.25315    32.7772  1025.7627    25.7257     5.5849 0.0000e+00
      6.946     5.5868    32.6231  1025.7567     2.7343     7.0205     99.068    0.00000    7.08658    7.09914     -3.097     0.4482   12.70206   3.190351 5.0640e-11    25.7243    25.7243 1.0000e-12      7.000          1      16522    1470.20 1.9747e+00  52149.810    688.363 1549942469      -0.16     -0.246   39.96626  -73.25321    32.7780  1025.7586    25.7262     5.5862 0.0000e+00
      5.952     5.5890    32.6234  1025.7521     2.7330     7.0129     98.945   -0.00044    7.08768    7.10026     -3.098     0.4426   12.70387   3.190485 4.9226e+04    25.7243    25.7242 1.0000e-12      6.000          1      16606    1470.19 1.0026e+00  52148.818    691.870 1549942472      -0.02     -0.319   39.96626  -73.25324    32.7779  1025.7536    25.7258     5.5885 0.0000e+00
      4.962     5.5823    32.6238  1025.7485     2.7350     7.0290     99.168    0.00076    7.08794    7.10052     -3.098     0.4639   12.70429   3.189893 6.3954e+04    25.7254    25.7253 1.0000e-12      5.000          1      16703    1470.15 7.1179e-01  52150.651    695.906 1549942476      -0.00     -0.237   39.96626  -73.25326    32.7781  1025.7500    25.7268     5.5819 0.0000e+00
      3.968     5.5829    32.6235  1025.7436     2.7364     7.0267     99.142    0.00016    7.08755    7.10013     -3.098     0.4706   12.70365   3.189898 5.3213e+03    25.7251    25.7250 1.0000e-12      4.000          1      16786    1470.14 1.8696e+00  52149.342    699.372 1549942480      -0.06     -0.332   39.96626  -73.25328    32.7781  1025.7452    25.7267     5.5826 0.0000e+00
      2.978     5.5854    32.6235  1025.7387     2.7352     7.0179     99.022   -0.00041    7.08726    7.09983     -3.098     0.4343   12.70317   3.190083 5.0640e-11    25.7248    25.7248 1.0000e-12      3.000          1      16883    1470.13 1.9747e+00  52147.963    703.403 1549942484      -0.07     -0.193   39.96627  -73.25331    32.7783  1025.7404    25.7265     5.5852 0.0000e+00
