CalculateIndicators/WaterTemperature/Data/CTD_NYOS/NY1902_06_1_5.cnv
* Sea-Bird SBE 9 Data File:
* FileName = C:\Seabird 9 CTD\Data\2019\201902_Offshore\NY1902_ctd_casts\NY1902_06_1_5.hex
* Software Version Seasave V 7.23.2
* Temperature SN = 4590
* Conductivity SN = 3228
* Number of Bytes Per Scan = 44
* Number of Voltage Words = 5
* Number of Scans Averaged by the Deck Unit = 1
* NMEA Latitude = 40 02.71 N
* NMEA Longitude = 071 32.56 W
* NMEA UTC (Time) = Feb 06 2019  18:32:58
* NMEA baud rate = 4800
** Ship: Seawolf
** Station: 1_5
** Operator: JES
# nquan = 35
# nvalues = 138                         
# units = specified
# name 0 = depSM: Depth [salt water, m]
# name 1 = t090C: Temperature [ITS-90, deg C]
# name 2 = sal00: Salinity, Practical [PSU]
# name 3 = density00: Density [density, kg/m^3]
# name 4 = sbeox0V: Oxygen raw, SBE 43 [V]
# name 5 = sbeox0ML/L: Oxygen, SBE 43 [ml/l]
# name 6 = sbeox0PS: Oxygen, SBE 43 [% saturation]
# name 7 = sbox0dV/dT: Oxygen, SBE 43 [dov/dt]
# name 8 = oxsolML/L: Oxygen Saturation, Garcia & Gordon [ml/l]
# name 9 = oxsatML/L: Oxygen Saturation, Weiss [ml/l]
# name 10 = ph: pH
# name 11 = flECO-AFL: Fluorescence, WET Labs ECO-AFL/FL [mg/m^3]
# name 12 = n2satML/L: Nitrogen Saturation [ml/l]
# name 13 = c0S/m: Conductivity [S/m]
# name 14 = cpar: CPAR/Corrected Irradiance [%]
# name 15 = sigma-é00: Density [sigma-theta, kg/m^3]
# name 16 = sigma-t00: Density [sigma-t, kg/m^3 ]
# name 17 = par: PAR/Irradiance, Biospherical/Licor
# name 18 = prDM: Pressure, Digiquartz [db]
# name 19 = pumps: Pump Status
# name 20 = scan: Scan Count
# name 21 = svCM: Sound Velocity [Chen-Millero, m/s]
# name 22 = spar: SPAR, Biospherical/Licor
# name 23 = specc: Specific Conductance [uS/cm]
# name 24 = timeS: Time, Elapsed [seconds]
# name 25 = timeY: Time, System [seconds]
# name 26 = accM: Acceleration [m/s^2]
# name 27 = dz/dtM: Descent Rate [m/s]
# name 28 = latitude: Latitude [deg]
# name 29 = longitude: Longitude [deg]
# name 30 = gsw_saA0: Absolute Salinity [g/kg]
# name 31 = gsw_densityA0: density, TEOS-10 [density, kg/m^3]
# name 32 = gsw_sigma0A0: density, TEOS-10 [sigma-0, kg/m^3 ]
# name 33 = gsw_ptA0: potential temperature [ITS-90, deg C]
# name 34 = flag: flag
# span 0 =      1.975,     70.452       
# span 1 =     5.9472,    12.1650       
# span 2 =    32.5095,    34.9666       
# span 3 =  1025.6038,  1026.8498       
# span 4 =     2.0768,     2.7364       
# span 5 =     4.9207,     7.0616       
# span 6 =     70.052,    100.550       
# span 7 =   -0.01687,    0.10529       
# span 8 =    6.04497,    7.03161       
# span 9 =    6.04458,    7.04308       
# span 10 =      8.038,      8.102      
# span 11 =     0.0422,     0.4128      
# span 12 =   10.95301,   12.61323      
# span 13 =   3.212155,   4.015391      
# span 14 = 6.1536e-03, 5.2317e+00      
# span 15 =    25.5900,    26.5334      
# span 16 =    25.5899,    26.5316      
# span 17 = 9.1387e-02, 8.5027e+01      
# span 18 =      2.000,     71.000      
# span 19 =          0,          1      
# span 20 =        378,      17585      
# span 21 =    1471.49,    1498.52      
# span 22 = 1.2049e+03, 1.6697e+03      
# span 23 =  51871.882,  54018.761      
# span 24 =     15.715,    732.648      
# span 25 = 1549477995, 1549478712      
# span 26 =      -0.60,       0.68      
# span 27 =     -1.364,      0.990      
# span 28 =   40.04357,   40.04517      
# span 29 =  -71.54750,  -71.54278      
# span 30 =    32.6646,    35.1314      
# span 31 =  1025.6064,  1026.8563      
# span 32 =    25.5925,    26.5441      
# span 33 =     5.9465,    12.1557      
# span 34 = 0.0000e+00, 0.0000e+00      
# interval = decibars: 1                
# start_time = Feb 06 2019 18:33:00 [System UTC, first data scan.]
# bad_flag = -9.990e-29
*END*
[from data line 83]
     55.560    10.5723    34.3990  1026.6365     2.5544     5.7568     91.660    0.00403    6.28061    6.28294 -9.990e-29     0.0597   11.34932   3.804508 2.2831e-02    26.3848    26.3836 3.3853e-01     56.000          1       8992    1492.06 1.4827e+03  53496.353    374.644 1549478354      -0.32     -1.060   40.04438  -71.54510    34.5447  1026.6267    26.3750    10.5657 0.0000e+00
     54.563    10.5340    34.3858  1026.6284     2.5569     5.7551     91.653    0.00278    6.27927    6.28159      8.099     0.0684   11.34711   3.800147 2.4856e-02    26.3812    26.3800 3.7188e-01     55.000          1       9015    1491.89 1.4960e+03  53484.252    375.572 1549478355       0.07     -1.161   40.04438  -71.54510    34.5373  1026.6232    26.3760    10.5275 0.0000e+00
     53.570    10.4820    34.3687  1026.6198     2.5609     5.7658     91.789    0.00234    6.28156    6.28390      8.099     0.0668   11.35097   3.793401 2.8515e-02    26.3770    26.3759 4.1759e-01     54.000          1       9086    1491.67 1.4650e+03  53469.589    378.559 1549478358       0.18     -0.755   40.04436  -71.54512    34.5187  1026.6134    26.3706    10.4756 0.0000e+00
     52.583    10.3799    34.3326  1026.6050     2.5698     5.8209     92.272    0.00333    6.30835    6.31101      8.100     0.0777   11.39601   3.780546 3.1601e-02    26.3666    26.3655 4.7925e-01     53.000          1       9248    1491.25 1.5158e+03  53438.146    385.290 1549478365       0.15     -0.448   40.04434  -71.54517    34.4855  1026.6009    26.3624    10.3737 0.0000e+00
     51.603    10.2031    34.2679  1026.5808     2.5824     5.9081     92.591    0.00106    6.38089    6.38442      8.102     0.0899   11.51799   3.757521 3.4466e-02    26.3466    26.3456 5.0984e-01     52.000          1       9375    1490.52 1.4790e+03  53381.012    390.575 1549478370      -0.29     -0.232   40.04434  -71.54521    34.4194  1026.5758    26.3416    10.1971 0.0000e+00
     50.602    10.0824    34.2270  1026.5652     2.5853     5.9255     92.832    0.00210    6.38312    6.38668      8.101     0.0881   11.52159   3.741294 3.6460e-02    26.3353    26.3343 5.4586e-01     51.000          1       9402    1490.03 1.4971e+03  53346.665    391.700 1549478371      -0.18     -0.681   40.04434  -71.54522    34.3686  1026.5525    26.3227    10.0766 0.0000e+00
     49.605     9.9307    34.1772  1026.5476     2.5941     5.9667     93.332    0.00328    6.39310    6.39678      8.097     0.0933   11.53846   3.721952 4.4703e-02    26.3221    26.3211 6.5549e-01     50.000          1      10451    1489.40 1.4647e+03  53306.977    435.418 1549478415      -0.06     -0.534   40.04424  -71.54551    34.3150  1026.5321    26.3066     9.9251 0.0000e+00
     48.625     9.7832    34.1238  1026.5264     2.5978     6.0448     93.482    0.00318    6.46624    6.47082      8.095     0.0896   11.66129   3.703535 4.9392e-02    26.3051    26.3042 7.5737e-01     49.000          1      11379    1488.79 1.5338e+03  53260.437    474.069 1549478454      -0.11     -0.454   40.04414  -71.54575    34.2664  1026.5148    26.2936     9.7777 0.0000e+00
     47.620     9.5759    34.0450  1026.4947     2.6079     6.1037     94.264    0.00638    6.47504    6.47972      8.095     0.0805   11.67612   3.674876 5.3824e-02    26.2779    26.2770 8.3268e-01     48.000          1      11360    1487.92 1.5468e+03  53192.189    473.278 1549478453      -0.18     -0.732   40.04414  -71.54576    34.1682  1026.4683    26.2514     9.5705 0.0000e+00
     46.637     9.1884    33.9126  1026.4503     2.6284     6.2031     95.416    0.00863    6.50114    6.50615      8.094     0.1206   11.71989   3.627918 5.8004e-02    26.2374    26.2366 8.9802e-01     47.000          1      11418    1486.33 1.5487e+03  53086.691    475.690 1549478455       0.20     -0.382   40.04414  -71.54577    34.0503  1026.4355    26.2226     9.1833 0.0000e+00
     45.639     9.0661    33.8675  1026.4300     2.6362     6.2038     95.265    0.00386    6.51218    6.51732      8.094     0.1187   11.73844   3.612291 6.5105e-02    26.2215    26.2208 1.0034e+00     46.000          1      11470    1485.81 1.5412e+03  53049.219    477.873 1549478457       0.01     -0.502   40.04414  -71.54578    34.0040  1026.4143    26.2058     9.0612 0.0000e+00
     44.657     8.9283    33.8279  1026.4165     2.6420     6.2263     95.268    0.00152    6.53559    6.54102      8.093     0.1127   11.77768   3.596710 7.2000e-02    26.2124    26.2116 1.1136e+00     45.000          1      11537    1485.23 1.5471e+03  53023.023    480.653 1549478460      -0.04     -0.299   40.04412  -71.54580    33.9729  1026.4075    26.2034     8.9235 0.0000e+00
     43.658     8.9075    33.8101  1026.4013     2.6407     6.2216     95.004   -0.00040    6.54872    6.55433 -9.990e-29     0.1321   11.79967   3.592910 8.0147e-02    26.2017    26.2010 1.2363e+00     44.000          1      11571    1485.12 1.5425e+03  53001.957    482.085 1549478462      -0.25     -0.635   40.04412  -71.54582    33.9533  1026.3909    26.1913     8.9029 0.0000e+00
     42.663     8.7798    33.7770  1026.3909     2.6439     6.2496     95.334    0.00139    6.55544    6.56113      8.092     0.1450   11.81092   3.577955 8.6845e-02    26.1957    26.1950 1.3515e+00     43.000          1      11612    1484.59 1.5562e+03  52982.982    483.803 1549478463       0.15     -0.601   40.04412  -71.54582    33.9185  1026.3793    26.1841     8.7753 0.0000e+00
     41.674     8.6662    33.7429  1026.3774     2.6484     6.2837     95.513    0.00124    6.57887    6.58486      8.093     0.1597   11.85015   3.564832 9.8101e-02    26.1867    26.1860 1.5213e+00     42.000          1      11685    1484.11 1.5507e+03  52959.774    486.850 1549478466       0.01     -0.305   40.04412  -71.54584    33.8893  1026.3697    26.1789     8.6618 0.0000e+00
     40.685     8.5916    33.7181  1026.3650     2.6427     6.3208     94.760   -0.00347    6.67035    6.67753      8.095     0.1746   12.00333   3.555737 1.0630e-01    26.1787    26.1780 1.6623e+00     41.000          1      11750    1483.78 1.5639e+03  52941.083    489.526 1549478469      -0.20     -0.385   40.04410  -71.54586    33.8651  1026.3578    26.1715     8.5873 0.0000e+00
     39.687     8.3465    33.6572  1026.3501     2.6466     6.3673     95.392    0.00070    6.67491    6.68213      8.092     0.1795   12.01121   3.524789 1.1859e-01    26.1681    26.1675 1.8476e+00     40.000          1      11785    1482.77 1.5578e+03  52911.572    491.021 1549478470      -0.06     -0.646   40.04410  -71.54586    33.7717  1026.3176    26.1356     8.3424 0.0000e+00
     38.696     7.8703    33.4970  1026.2910     2.6569     6.4409     96.021    0.00230    6.70798    6.71564      8.088     0.2219   12.06657   3.468806 1.3692e-01    26.1131    26.1125 2.1366e+00     39.000          1      11876    1480.76 1.5606e+03  52796.830    494.794 1549478474      -0.13     -0.330   40.04410  -71.54589    33.6311  1026.2742    26.0963     7.8665 0.0000e+00
     37.705     7.8082    33.4543  1026.2619     2.6562     6.4352     95.635   -0.00090    6.72895    6.73686      8.087     0.1873   12.10184   3.459473 1.4823e-01    26.0885    26.0879 2.3213e+00     38.000          1      11944    1480.45 1.5661e+03  52751.062    497.612 1549478477      -0.08     -0.523   40.04408  -71.54592    33.5906  1026.2470    26.0735     7.8046 0.0000e+00
     36.711     7.6161    33.4142  1026.2536     2.6617     6.4822     96.261    0.00257    6.73397    6.74191      8.086     0.2368   12.11069   3.438885 1.6524e-01    26.0845    26.0840 2.5768e+00     37.000          1      11991    1479.66 1.5597e+03  52741.508    499.595 1549478479       0.07     -0.500   40.04408  -71.54592    33.5538  1026.2412    26.0722     7.6126 0.0000e+00
     35.721     7.5852    33.3431  1026.1975     2.6587     6.4445     95.676   -0.00136    6.73569    6.74361      8.077     0.2082   12.11407   3.430180 1.9921e-01    26.0330    26.0325 3.0990e+00     36.000          1      12078    1479.43 1.5553e+03  52647.330    503.214 1549478483       0.03     -0.244   40.04408  -71.54595    33.4897  1026.1910    26.0264     7.5818 0.0000e+00
     34.734     7.5788    33.3027  1026.1621     2.6546     6.4140     95.526   -0.00081    6.71440    6.72195      8.070     0.1816   12.07938   3.426308 2.1501e-01    26.0021    26.0016 3.3437e+00     35.000          1      12157    1479.34 1.5551e+03  52590.850    506.496 1549478486      -0.14     -0.343   40.04406  -71.54597    33.4545  1026.1597    25.9997     7.5755 0.0000e+00
     33.734     7.6459    33.2787  1026.1291     2.6479     6.3596     94.915   -0.00353    6.70030    6.70764      8.067     0.1735   12.05607   3.430526 2.3453e-01    25.9737    25.9732 3.6573e+00     34.000          1      12196    1479.55 1.5594e+03  52539.175    508.143 1549478488       0.00     -0.576   40.04406  -71.54598    33.4360  1026.1312    25.9758     7.6426 0.0000e+00
     32.744     7.8136    33.2642  1026.0889     2.6234     6.2664     93.419   -0.00707    6.70784    6.71526      8.061     0.1417   12.06884   3.444316 2.7834e-01    25.9382    25.9378 4.3197e+00     33.000          1      12277    1480.16 1.5523e+03  52476.574    511.505 1549478491       0.07     -0.264   40.04406  -71.54601    33.4245  1026.0934    25.9428     7.8104 0.0000e+00
     31.754     7.7738    33.2359  1026.0680     2.6071     6.3010     93.175   -0.00256    6.76256    6.77065      8.055     0.1727   12.16088   3.437564 3.1483e-01    25.9218    25.9214 4.9254e+00     32.000          1      12367    1479.95 1.5645e+03  52445.512    515.257 1549478495      -0.13     -0.341   40.04405  -71.54603    33.3903  1026.0679    25.9218     7.7707 0.0000e+00
     30.760     7.6339    33.1762  1026.0365     2.6007     6.2916     92.760   -0.00379    6.78265    6.79099      8.053     0.1579   12.19466   3.418267 4.5121e-01    25.8948    25.8944 5.2707e+00     31.000          1      12413    1479.33 1.2049e+03  52394.689    517.164 1549478497      -0.09     -0.516   40.04404  -71.54604    33.3162  1026.0254    25.8837     7.6309 0.0000e+00
     29.761     7.3213    33.0359  1025.9658     2.6076     6.4053     93.917    0.00371    6.82055    6.82939      8.042     0.1807   12.25816   3.377223 3.7610e-01    25.8284    25.8280 6.2437e+00     30.000          1      13553    1477.94 1.6402e+03  52273.022    564.676 1549478544       0.01     -0.510   40.04393  -71.54636    33.1708  1025.9510    25.8136     7.3185 0.0000e+00
     28.773     7.1113    32.9894  1025.9534     2.6114     6.5065     94.409    0.00625    6.89184    6.90164      8.042     0.2164   12.37736   3.353677 4.4625e-01    25.8204    25.8200 7.1451e+00     29.000          1      14031    1477.05 1.6010e+03  52260.486    584.601 1549478564      -0.29     -0.696   40.04388  -71.54648    33.1152  1025.9316    25.7987     7.1086 0.0000e+00
     27.778     6.7910    32.8823  1025.9075     2.6413     6.6131     95.876    0.00742    6.89757    6.90744      8.042     0.2176   12.38697   3.316906 5.0066e-01    25.7789    25.7786 7.9508e+00     28.000          1      14114    1475.65 1.5886e+03  52191.403    588.058 1549478568      -0.14     -0.519   40.04387  -71.54651    33.0194  1025.8949    25.7662     6.7885 0.0000e+00
     26.792     6.6706    32.8586  1025.9002     2.6600     6.6526     96.327    0.00419    6.90627    6.91626      8.043     0.2586   12.40153   3.304729 5.4767e-01    25.7761    25.7758 8.6928e+00     27.000          1      14193    1475.13 1.5872e+03  52189.611    591.338 1549478571      -0.01     -0.546   40.04386  -71.54654    33.0012  1025.8919    25.7678     6.6683 0.0000e+00
     25.805     6.6491    32.8484  1025.8904     2.6649     6.6658     96.465    0.00352    6.91013    6.92017      8.043     0.2464   12.40797   3.302156 6.0627e-01    25.7708    25.7705 9.6654e+00     26.000          1      14230    1475.02 1.5944e+03  52180.216    592.886 1549478572      -0.23     -0.580   40.04386  -71.54654    32.9939  1025.8844    25.7648     6.6468 0.0000e+00
     24.798     6.6337    32.8448  1025.8849     2.6654     6.6505     96.242    0.00135    6.91016    6.92020 -9.990e-29     0.2567   12.40804   3.300523 7.0745e-01    25.7700    25.7697 1.1303e+01     25.000          1      14257    1474.94 1.5976e+03  52178.719    594.016 1549478573      -0.08     -0.858   40.04386  -71.54655    32.9911  1025.8796    25.7646     6.6316 0.0000e+00
     23.817     6.6093    32.8376  1025.8778     2.6669     6.6434     96.110   -0.00014    6.91228    6.92235 -9.990e-29     0.2731   12.41159   3.297997 7.8993e-01    25.7675    25.7672 1.2545e+01     24.000          1      14349    1474.82 1.5883e+03  52174.206    597.833 1549478577      -0.15     -0.349   40.04384  -71.54657    32.9871  1025.8750    25.7646     6.6073 0.0000e+00
     22.821     6.6041    32.8355  1025.8723     2.6691     6.6584     96.272    0.00051    6.91625    6.92637 -9.990e-29     0.2837   12.41823   3.297435 8.7748e-01    25.7665    25.7663 1.3746e+01     23.000          1      14397    1474.78 1.5666e+03  52172.037    599.818 1549478579      -0.27     -0.762   40.04384  -71.54659    32.9864  1025.8706    25.7648     6.6021 0.0000e+00
     21.827     6.5937    32.8332  1025.8672     2.6719     6.6797     96.538    0.00180    6.91917    6.92933      8.044     0.2659   12.42314   3.296282 9.4203e-01    25.7660    25.7657 1.4947e+01     22.000          1      14428    1474.72 1.5865e+03  52170.816    601.127 1549478581       0.10     -0.806   40.04384  -71.54660    32.9841  1025.8655    25.7643     6.5918 0.0000e+00
     20.833     6.5706    32.8262  1025.8601     2.6738     6.6817     96.562    0.00122    6.91958    6.92974      8.044     0.2811   12.42384   3.293603 1.1209e+00    25.7635    25.7633 1.7889e+01     21.000          1      14471    1474.60 1.5962e+03  52166.573    602.906 1549478582       0.10     -0.594   40.04384  -71.54661    32.9771  1025.8583    25.7617     6.5688 0.0000e+00
     19.849     6.5412    32.8133  1025.8491     2.6755     6.6899     96.416   -0.00042    6.93857    6.94900      8.048     0.3309   12.45560   3.289791 1.2022e+00    25.7571    25.7569 1.8810e+01     20.000          1      14581    1474.45 1.5650e+03  52155.535    607.490 1549478587      -0.51     -0.350   40.04383  -71.54664    32.9637  1025.8470    25.7550     6.5395 0.0000e+00
     18.860     6.5026    32.8037  1025.8419     2.6796     6.7431     96.964    0.00264    6.95426    6.96490      8.048     0.3151   12.48177   3.285488 1.4168e+00    25.7545    25.7543 2.1886e+01     19.000          1      14610    1474.27 1.5445e+03  52151.614    608.709 1549478588      -0.14     -0.765   40.04382  -71.54665    32.9536  1025.8394    25.7520     6.5010 0.0000e+00
     17.855     6.4754    32.7957  1025.8345     2.6807     6.7420     97.012    0.00262    6.94966    6.96024      8.048     0.3601   12.47405   3.282317 1.5167e+00    25.7517    25.7515 2.3782e+01     18.000          1      14633    1474.14 1.5680e+03  52147.295    609.657 1549478589      -0.23     -0.933   40.04382  -71.54666    32.9451  1025.8317    25.7488     6.4738 0.0000e+00
     16.857     6.4047    32.7780  1025.8249     2.6834     6.7436     96.883    0.00050    6.96061    6.97134      8.048     0.3659   12.49234   3.274107 1.6607e+00    25.7467    25.7465 2.5988e+01     17.000          1      14742    1473.82 1.5665e+03  52140.702    614.212 1549478594       0.01     -0.813   40.04382  -71.54669    32.9224  1025.8183    25.7400     6.4032 0.0000e+00
     15.875     6.2490    32.7492  1025.8174     2.6930     6.8069     97.600    0.00295    6.97425    6.98517      8.049     0.3797   12.51512   3.258379 1.8825e+00    25.7436    25.7435 2.9724e+01     16.000          1      14920    1473.15 1.5791e+03  52142.742    621.635 1549478601       0.07     -0.446   40.04380  -71.54675    32.8978  1025.8141    25.7403     6.2476 0.0000e+00
