CalculateIndicators/WaterTemperature/Data/CTD_NYOS/NY1902_06_1_4.cnv
* Sea-Bird SBE 9 Data File:
* FileName = C:\Seabird 9 CTD\Data\2019\201902_Offshore\NY1902_ctd_casts\NY1902_06_1_4.hex
* Software Version Seasave V 7.23.2
* Temperature SN = 4590
* Conductivity SN = 3228
* Number of Bytes Per Scan = 44
* Number of Voltage Words = 5
* Number of Scans Averaged by the Deck Unit = 1
* NMEA Latitude = 40 17.03 N
* NMEA Longitude = 071 37.97 W
* NMEA UTC (Time) = Feb 06 2019  15:36:29
* NMEA baud rate = 4800
** Ship: Seawolf
** Station: 1_4
** Operator: AJB
# nquan = 35
# nvalues = 115                         
# units = specified
# name 0 = depSM: Depth [salt water, m]
# name 1 = t090C: Temperature [ITS-90, deg C]
# name 2 = sal00: Salinity, Practical [PSU]
# name 3 = density00: Density [density, kg/m^3]
# name 4 = sbeox0V: Oxygen raw, SBE 43 [V]
# name 5 = sbeox0ML/L: Oxygen, SBE 43 [ml/l]
# name 6 = sbeox0PS: Oxygen, SBE 43 [% saturation]
# name 7 = sbox0dV/dT: Oxygen, SBE 43 [dov/dt]
# name 8 = oxsolML/L: Oxygen Saturation, Garcia & Gordon [ml/l]
# name 9 = oxsatML/L: Oxygen Saturation, Weiss [ml/l]
# name 10 = ph: pH
# name 11 = flECO-AFL: Fluorescence, WET Labs ECO-AFL/FL [mg/m^3]
# name 12 = n2satML/L: Nitrogen Saturation [ml/l]
# name 13 = c0S/m: Conductivity [S/m]
# name 14 = cpar: CPAR/Corrected Irradiance [%]
# name 15 = sigma-é00: Density [sigma-theta, kg/m^3]
# name 16 = sigma-t00: Density [sigma-t, kg/m^3 ]
# name 17 = par: PAR/Irradiance, Biospherical/Licor
# name 18 = prDM: Pressure, Digiquartz [db]
# name 19 = pumps: Pump Status
# name 20 = scan: Scan Count
# name 21 = svCM: Sound Velocity [Chen-Millero, m/s]
# name 22 = spar: SPAR, Biospherical/Licor
# name 23 = specc: Specific Conductance [uS/cm]
# name 24 = timeS: Time, Elapsed [seconds]
# name 25 = timeY: Time, System [seconds]
# name 26 = accM: Acceleration [m/s^2]
# name 27 = dz/dtM: Descent Rate [m/s]
# name 28 = latitude: Latitude [deg]
# name 29 = longitude: Longitude [deg]
# name 30 = gsw_saA0: Absolute Salinity [g/kg]
# name 31 = gsw_densityA0: density, TEOS-10 [density, kg/m^3]
# name 32 = gsw_sigma0A0: density, TEOS-10 [sigma-0, kg/m^3 ]
# name 33 = gsw_ptA0: potential temperature [ITS-90, deg C]
# name 34 = flag: flag
# span 0 =     -1.545,     67.472       
# span 1 =     6.4360,     6.9223       
# span 2 =    31.3677,    33.7331       
# span 3 =   980.4631,  1054.6551       
# span 4 =     2.5630,     2.7568       
# span 5 =     6.3828,     6.8657       
# span 6 =     92.612,     99.620       
# span 7 =   -0.00224,    0.00301       
# span 8 =    6.58779,    7.08589       
# span 9 =    6.59708,    7.09587       
# span 10 =      7.674,      8.254      
# span 11 =     0.1777,     0.4618      
# span 12 =   11.83220,   12.72681      
# span 13 =   3.160319,   3.399266      
# span 14 = 1.3980e-04, 5.1105e+00      
# span 15 =    24.5983,    26.4534      
# span 16 =    24.5983,    26.4533      
# span 17 = 2.6452e-03, 9.7927e+01      
# span 18 =      1.000,     68.000      
# span 19 =          1,          1      
# span 20 =       7235,      24938      
# span 21 =    1409.78,    1516.59      
# span 22 = 5.8620e+02, 1.9435e+03      
# span 23 =  49792.899,  53557.957      
# span 24 =    301.418,   1039.055      
# span 25 = 1481090686, 1593078222      
# span 26 =      -0.76,      52.41      
# span 27 =     -0.986,     21.997      
# span 28 =   38.50570,   41.41718      
# span 29 =  -73.65015,  -68.47282      
# span 30 =    31.5127,    33.8910      
# span 31 =   980.4956,  1054.6729      
# span 32 =    24.5973,    26.4539      
# span 33 =     6.4355,     6.9209      
# span 34 = 0.0000e+00, 0.0000e+00      
# interval = decibars: 1                
# start_time = Feb 06 2019 15:36:31 [System UTC, first data scan.]
# bad_flag = -9.990e-29
*END*
[from data line 83]
     31.753     6.7496    32.7902  1025.8590     2.6962     6.7209     97.580    0.00045    6.88756    6.89719      8.032     0.4618   12.37130   3.306878 2.6401e-01    25.7119    25.7116 5.0383e+00     32.000          1      20811    1475.44 1.9088e+03  52073.632    867.072 1549468258       0.06     -0.681   40.28255  -71.63582    32.9466  1025.8617    25.7147     6.7468 0.0000e+00
     30.755     6.7615    32.7900  1025.8526     2.6964     6.7198     97.559    0.00014    6.88799    6.89762      8.032     0.3441   12.37201   3.307911 3.2939e-01    25.7101    25.7098 6.2835e+00     31.000          1      20843    1475.47 1.9072e+03  52069.422    868.429 1549468259      -0.18     -0.686   40.28254  -71.63582    32.9470  1025.8559    25.7134     6.7588 0.0000e+00
     29.762     6.7675    32.7901  1025.8473     2.6996     6.7337     97.799    0.00123    6.88528    6.89487      8.032     0.3726   12.36753   3.308355 3.6316e-01    25.7094    25.7091 6.9264e+00     30.000          1      20952    1475.48 1.9078e+03  52067.288    872.974 1549468264       0.01     -0.494   40.28254  -71.63584    32.9466  1025.8502    25.7123     6.7649 0.0000e+00
     28.782     6.7813    32.7896  1025.8405     2.7030     6.7409     97.919    0.00104    6.88413    6.89370      8.032     0.3425   12.36562   3.309463 4.1477e-01    25.7072    25.7069 7.9217e+00     29.000          1      21032    1475.51 1.9090e+03  52062.185    876.287 1549468267      -0.37     -0.335   40.28254  -71.63584    32.9461  1025.8433    25.7101     6.7788 0.0000e+00
     27.778     6.7819    32.7908  1025.8367     2.7027     6.7343     97.818    0.00032    6.88448    6.89407      8.032     0.4107   12.36621   3.309551 4.9203e-01    25.7081    25.7078 9.5670e+00     28.000          1      21085    1475.50 1.9435e+03  52063.067    878.490 1549468269      -0.13     -0.474   40.28253  -71.63585    32.9470  1025.8394    25.7107     6.7794 0.0000e+00
     26.795     6.7797    32.7908  1025.8325     2.7018     6.7253     97.690   -0.00030    6.88431    6.89389      8.032     0.3757   12.36592   3.309274 5.9212e-01    25.7084    25.7081 1.0693e+01     27.000          1      21212    1475.48 1.8099e+03  52062.984    883.777 1549468274      -0.04     -0.160   40.28252  -71.63586    32.9465  1025.8347    25.7106     6.7773 0.0000e+00
     25.790     6.7848    32.7912  1025.8274     2.7032     6.7340     97.825    0.00038    6.88371    6.89329      8.032     0.3670   12.36493   3.309718 7.0898e-01    25.7080    25.7077 1.3663e+01     26.000          1      21990    1475.48 1.9281e+03  52061.384    916.194 1549468307      -0.32     -0.502   40.28246  -71.63595    32.9469  1025.8298    25.7103     6.7825 0.0000e+00
     24.805     6.7891    32.7917  1025.8226     2.7068     6.7482     98.042    0.00110    6.88302    6.89258      8.032     0.3556   12.36378   3.310077 8.6362e-01    25.7078    25.7075 1.6462e+01     25.000          1      23105    1475.48 1.9064e+03  52060.265    962.675 1549468353       0.09     -0.535   40.28236  -71.63609    32.9473  1025.8248    25.7100     6.7869 0.0000e+00
     23.820     6.7902    32.7918  1025.8181     2.7083     6.7479     98.039    0.00056    6.88286    6.89242      8.032     0.3640   12.36352   3.310142 1.0078e+00    25.7078    25.7075 1.9427e+01     24.000          1      23213    1475.47 1.9275e+03  52059.509    967.171 1549468358      -0.25     -0.416   40.28234  -71.63610    32.9474  1025.8202    25.7099     6.7881 0.0000e+00
     22.818     6.7908    32.7918  1025.8133     2.7088     6.7458     98.007    0.00020    6.88293    6.89249      8.032     0.3549   12.36363   3.310152 1.1642e+00    25.7077    25.7074 2.2396e+01     23.000          1      23261    1475.46 1.9236e+03  52058.678    969.171 1549468360      -0.20     -0.511   40.28234  -71.63611    32.9473  1025.8154    25.7098     6.7888 0.0000e+00
     21.822     6.7910    32.7918  1025.8087     2.7085     6.7389     97.911   -0.00050    6.88261    6.89217      8.032     0.3612   12.36311   3.310125 1.2537e+00    25.7076    25.7074 2.3884e+01     22.000          1      23319    1475.44 1.9053e+03  52057.940    971.589 1549468362      -0.76     -0.562   40.28234  -71.63612    32.9474  1025.8108    25.7098     6.7891 0.0000e+00
     20.829     6.7923    32.7919  1025.8040     2.7083     6.7419     97.963    0.00028    6.88213    6.89168      8.032     0.3178   12.36232   3.310202 1.4156e+00    25.7075    25.7073 2.7029e+01     21.000          1      23393    1475.43 1.9095e+03  52056.985    974.648 1549468365      -0.39     -0.570   40.28234  -71.63613    32.9474  1025.8061    25.7096     6.7904 0.0000e+00
     19.841     6.7925    32.7921  1025.7995     2.7087     6.7457     98.033    0.00090    6.88109    6.89063      8.033     0.3571   12.36060   3.310189 1.6264e+00    25.7076    25.7073 3.0837e+01     20.000          1      23445    1475.41 1.8964e+03  52056.456    976.837 1549468367      -0.09     -0.772   40.28233  -71.63614    32.9475  1025.8016    25.7097     6.7908 0.0000e+00
     18.856     6.7958    32.7918  1025.7942     2.7103     6.7469     98.079    0.00074    6.87907    6.88857      8.033     0.3605   12.35726   3.310450 1.8760e+00    25.7069    25.7067 3.5743e+01     19.000          1      23482    1475.41 1.9048e+03  52054.468    978.395 1549468369       0.02     -0.641   40.28232  -71.63614    32.9477  1025.7967    25.7094     6.7942 0.0000e+00
     17.855     6.8042    32.7919  1025.7886     2.7135     6.7629     98.308    0.00149    6.87929    6.88879      8.035     0.3693   12.35762   3.311149 2.2459e+00    25.7059    25.7057 4.3346e+01     18.000          1      23532    1475.43 1.9293e+03  52051.752    980.459 1549468371      -0.03     -0.599   40.28232  -71.63616    32.9478  1025.7911    25.7083     6.8026 0.0000e+00
     16.873     6.8142    32.7919  1025.7827     2.7183     6.7682     98.390    0.00066    6.87896    6.88846      8.036     0.4272   12.35707   3.311964 2.0468e+00    25.7046    25.7044 3.9195e+01     17.000          1      23628    1475.45 1.9150e+03  52048.399    984.440 1549468375      -0.63     -0.554   40.28232  -71.63616    32.9478  1025.7851    25.7070     6.8127 0.0000e+00
     15.870     6.8139    32.7920  1025.7781     2.7186     6.7665     98.366    0.00036    6.87894    6.88844      8.035     0.4023   12.35705   3.311891 2.5823e+00    25.7046    25.7045 4.8975e+01     16.000          1      23649    1475.43 1.8973e+03  52047.799    985.352 1549468376      -0.22     -0.981   40.28232  -71.63616    32.9477  1025.7804    25.7069     6.8125 0.0000e+00
     14.879     6.8152    32.7921  1025.7734     2.7194     6.7710     98.432    0.00063    6.87889    6.88839      8.036     0.3605   12.35696   3.311964 3.3305e+00    25.7045    25.7044 6.3292e+01     15.000          1      23681    1475.42 1.9000e+03  52046.945    986.686 1549468377       0.23     -0.845   40.28232  -71.63617    32.9478  1025.7757    25.7068     6.8139 0.0000e+00
     13.895     6.8158    32.7921  1025.7688     2.7206     6.7707     98.440    0.00041    6.87797    6.88746      8.037     0.3837   12.35544   3.311966 3.1296e+00    25.7045    25.7044 5.9980e+01     14.000          1      23786    1475.40 1.9155e+03  52046.196    991.045 1549468382      -0.09     -0.181   40.28230  -71.63620    32.9477  1025.7710    25.7067     6.8146 0.0000e+00
     12.901     6.8161    32.7922  1025.7643     2.7230     6.7804     98.619    0.00123    6.87539    6.88484 -9.990e-29     0.3852   12.35119   3.311989 3.4458e+00    25.7045    25.7044 6.5731e+01     13.000          1      23840    1475.39 1.9076e+03  52045.608    993.271 1549468384      -0.40     -0.573   40.28230  -71.63620    32.9482  1025.7667    25.7070     6.8149 0.0000e+00
     11.903     6.8242    32.7915  1025.7580     2.7238     6.7785     98.599    0.00078    6.87482    6.88425 -9.990e-29     0.3199   12.35024   3.312585 4.1178e+00    25.7029    25.7028 7.8464e+01     12.000          1      23871    1475.41 1.9055e+03  52041.675    994.572 1549468385       0.05     -0.801   40.28230  -71.63620    32.9474  1025.7604    25.7053     6.8232 0.0000e+00
     10.912     6.8384    32.7912  1025.7512     2.7241     6.7744     98.548    0.00027    6.87428    6.88371 -9.990e-29     0.3053   12.34936   3.313793 4.3313e+00    25.7007    25.7006 8.3268e+01     11.000          1      23925    1475.45 1.9225e+03  52036.686    996.815 1549468387       0.14     -0.471   40.28230  -71.63620    32.9475  1025.7541    25.7035     6.8375 0.0000e+00
      9.931     6.8474    32.7908  1025.7453     2.7281     6.7953     98.850    0.00164    6.87440    6.88383 -9.990e-29     0.2925   12.34956   3.314447 3.1621e+00    25.6993    25.6991 5.9862e+01     10.000          1      24018    1475.46 1.8952e+03  52033.131   1000.709 1549468391      -0.14     -0.171   40.28230  -71.63622    32.9466  1025.7476    25.7016     6.8465 0.0000e+00
      8.933     6.8444    32.7910  1025.7412     2.7289     6.7896     98.766    0.00063    6.87443    6.88386 -9.990e-29     0.2376   12.34960   3.314129 2.8005e+00    25.6998    25.6997 5.3661e+01      9.000          1      24047    1475.44 1.9160e+03  52033.536   1001.933 1549468393      -0.35     -0.638   40.28230  -71.63622    32.9465  1025.7432    25.7019     6.8436 0.0000e+00
      7.933     6.8452    32.7912  1025.7365     2.7290     6.7865     98.727    0.00028    6.87401    6.88343 -9.990e-29     0.2492   12.34890   3.314224 3.8104e+00    25.6998    25.6997 7.2689e+01      8.000          1      24074    1475.42 1.9079e+03  52032.819   1003.028 1549468394      -0.08     -0.889   40.28230  -71.63622    32.9472  1025.7391    25.7024     6.8445 0.0000e+00
      6.936     6.8469    32.7914  1025.7318     2.7286     6.7800     98.634   -0.00035    6.87389    6.88331 -9.990e-29     0.2241   12.34870   3.314297 4.5906e+00    25.6997    25.6996 8.8458e+01      7.000          1      24291    1475.41 1.9254e+03  52031.987   1012.093 1549468403      -0.09     -0.492   40.28228  -71.63625    32.9469  1025.7340    25.7018     6.8463 0.0000e+00
      5.956     6.8473    32.7913  1025.7272     2.7303     6.7908     98.794    0.00066    6.87368    6.88310 -9.990e-29     0.1907   12.34836   3.314279 4.5623e+00    25.6996    25.6995 8.7153e+01      6.000          1      24614    1475.40 1.9095e+03  52031.059   1025.540 1549468416       0.03     -0.540   40.28226  -71.63630    32.9468  1025.7293    25.7017     6.8468 0.0000e+00
      4.958     6.8492    32.7913  1025.7223     2.7299     6.7825     98.664   -0.00020    6.87428    6.88371 -9.990e-29     0.1922   12.34936   3.314410 4.0615e+00    25.6993    25.6993 7.7561e+01      5.000          1      24637    1475.39 1.9116e+03  52029.832   1026.479 1549468417      -0.28     -0.607   40.28226  -71.63630    32.9469  1025.7245    25.7015     6.8488 0.0000e+00
      3.976     6.8489    32.7919  1025.7182     2.7283     6.7718     98.505   -0.00087    6.87456    6.88399 -9.990e-29     0.1856   12.34980   3.314370 3.6893e+00    25.6999    25.6998 7.0445e+01      4.000          1      24678    1475.37 1.9103e+03  52030.149   1028.195 1549468419       0.22     -0.621   40.28226  -71.63631    32.9472  1025.7202    25.7018     6.8485 0.0000e+00
      2.979     6.8459    32.7919  1025.7140     2.7276     6.7676     98.444   -0.00119    6.87458    6.88401 -9.990e-29     0.1923   12.34984   3.314043 3.6627e+00    25.7002    25.7002 7.0119e+01      3.000          1      24707    1475.34 1.9147e+03  52030.247   1029.400 1549468420      -0.47     -0.659   40.28226  -71.63632    32.9470  1025.7158    25.7021     6.8456 0.0000e+00
      1.976     6.8445    32.7917  1025.7093     2.7291     6.7764     98.574   -0.00049    6.87446    6.88389      8.037     0.1799   12.34964   3.313868 3.7139e+00    25.7002    25.7002 7.1126e+01      2.000          1      24817    1475.32 1.9158e+03  52029.548   1034.012 1549468425      -0.11     -0.543   40.28224  -71.63633    32.9469  1025.7113    25.7022     6.8443 0.0000e+00
      0.996     6.8448    32.7920  1025.7051     2.7284     6.7733     98.531   -0.00053    6.87430    6.88373 -9.990e-29     0.1777   12.34938   3.313901 5.1105e+00    25.7005    25.7005 9.7927e+01      1.000          1      24938    1475.31 1.9160e+03  52029.393   1039.055 1549468430      -0.01     -0.167   40.28224  -71.63635    32.9475  1025.7071    25.7025     6.8447 0.0000e+00
