CalculateIndicators/WaterTemperature/Data/CTD_NYOS/NY1902_11_6_3.cnv
* Sea-Bird SBE 9 Data File:
* FileName = C:\Seabird 9 CTD\Data\2019\201902_Offshore\NY1902_ctd_casts\NY1902_11_6_3.hex
* Software Version Seasave V 7.23.2
* Temperature SN = 4590
* Conductivity SN = 3228
* Number of Bytes Per Scan = 44
* Number of Voltage Words = 5
* Number of Scans Averaged by the Deck Unit = 1
* NMEA Latitude = 39 57.96 N
* NMEA Longitude = 073 14.94 W
* NMEA UTC (Time) = Feb 12 2019  03:23:01
* NMEA baud rate = 4800
** Ship: Seawolf
** Station: 6.3
** Operator: HBB
# nquan = 35
# nvalues = 126                         
# units = specified
# name 0 = depSM: Depth [salt water, m]
# name 1 = t090C: Temperature [ITS-90, deg C]
# name 2 = sal00: Salinity, Practical [PSU]
# name 3 = density00: Density [density, kg/m^3]
# name 4 = sbeox0V: Oxygen raw, SBE 43 [V]
# name 5 = sbeox0ML/L: Oxygen, SBE 43 [ml/l]
# name 6 = sbeox0PS: Oxygen, SBE 43 [% saturation]
# name 7 = sbox0dV/dT: Oxygen, SBE 43 [dov/dt]
# name 8 = oxsolML/L: Oxygen Saturation, Garcia & Gordon [ml/l]
# name 9 = oxsatML/L: Oxygen Saturation, Weiss [ml/l]
# name 10 = ph: pH
# name 11 = flECO-AFL: Fluorescence, WET Labs ECO-AFL/FL [mg/m^3]
# name 12 = n2satML/L: Nitrogen Saturation [ml/l]
# name 13 = c0S/m: Conductivity [S/m]
# name 14 = cpar: CPAR/Corrected Irradiance [%]
# name 15 = sigma-é00: Density [sigma-theta, kg/m^3]
# name 16 = sigma-t00: Density [sigma-t, kg/m^3 ]
# name 17 = par: PAR/Irradiance, Biospherical/Licor
# name 18 = prDM: Pressure, Digiquartz [db]
# name 19 = pumps: Pump Status
# name 20 = scan: Scan Count
# name 21 = svCM: Sound Velocity [Chen-Millero, m/s]
# name 22 = spar: SPAR, Biospherical/Licor
# name 23 = specc: Specific Conductance [uS/cm]
# name 24 = timeS: Time, Elapsed [seconds]
# name 25 = timeY: Time, System [seconds]
# name 26 = accM: Acceleration [m/s^2]
# name 27 = dz/dtM: Descent Rate [m/s]
# name 28 = latitude: Latitude [deg]
# name 29 = longitude: Longitude [deg]
# name 30 = gsw_saA0: Absolute Salinity [g/kg]
# name 31 = gsw_densityA0: density, TEOS-10 [density, kg/m^3]
# name 32 = gsw_sigma0A0: density, TEOS-10 [sigma-0, kg/m^3 ]
# name 33 = gsw_ptA0: potential temperature [ITS-90, deg C]
# name 34 = flag: flag
# span 0 =      0.990,     63.501       
# span 1 =     5.5823,     6.9611       
# span 2 =    32.6206,    33.1204       
# span 3 =  1025.7297,  1026.2380       
# span 4 =     2.6743,     2.7364       
# span 5 =     6.5869,     7.0290       
# span 6 =     96.234,     99.298       
# span 7 =   -0.01118,    0.00848       
# span 8 =    6.84119,    7.08794       
# span 9 =    6.85051,    7.10052       
# span 10 =     -3.098,     -2.840      
# span 11 =     0.1966,     0.5961      
# span 12 =   12.29062,   12.70429      
# span 13 =   3.189865,   3.356669      
# span 14 = -4.069e+03, 1.2746e+05      
# span 15 =    25.7222,    25.9445      
# span 16 =    25.7221,    25.9438      
# span 17 = 1.0000e-12, 1.0000e-12      
# span 18 =      1.000,     64.000      
# span 19 =          1,          1      
# span 20 =        745,      19850      
# span 21 =    1470.09,    1477.18      
# span 22 = -5.423e-01, 2.0551e+00      
# span 23 =  52142.212,  52511.497      
# span 24 =     30.991,    827.027      
# span 25 = 1549941811, 1549942607      
# span 26 =      -0.30,       0.62      
# span 27 =     -0.606,      0.716      
# span 28 =   39.96608,   39.96633      
# span 29 =  -73.25416,  -73.24920      
# span 30 =    32.7755,    33.2776      
# span 31 =  1025.7313,  1026.2402      
# span 32 =    25.7240,    25.9468      
# span 33 =     5.5819,     6.9559      
# span 34 = 0.0000e+00, 0.0000e+00      
# interval = decibars: 1                
# start_time = Feb 12 2019 03:23:00 [System UTC, first data scan.]
# bad_flag = -9.990e-29
*END*
[from data line 42]
     43.656     6.9257    33.1052  1026.1387     2.6803     6.6452     97.052    0.00063    6.84709    6.85649     -3.049     0.2335   12.30052   3.351454 5.0640e-11    25.9369    25.9363 1.0000e-12     44.000          1       2961    1476.72 1.9747e+00  52485.158    123.342 1549941904       0.05      0.303   39.96610  -73.24975    33.2627  1026.1413    25.9394     6.9217 0.0000e+00
     44.652     6.9270    33.1071  1026.1447     2.6831     6.6603     97.269    0.00130    6.84725    6.85665     -3.049     0.2589   12.30079   3.351778 1.6060e+03    25.9382    25.9377 1.0000e-12     45.000          1       3016    1476.74 1.9430e+00  52488.170    125.612 1549941906      -0.05      0.474   39.96610  -73.24977    33.2645  1026.1471    25.9406     6.9230 0.0000e+00
     45.644     6.9261    33.1078  1026.1499     2.6834     6.6492     97.111   -0.00031    6.84704    6.85644     -3.049     0.2648   12.30043   3.351795 4.4188e+04    25.9389    25.9384 1.0000e-12     46.000          1       3076    1476.76 1.1021e+00  52490.134    128.114 1549941908       0.16      0.412   39.96610  -73.24978    33.2651  1026.1523    25.9413     6.9220 0.0000e+00
     46.633     6.9269    33.1083  1026.1548     2.6845     6.6577     97.267    0.00052    6.84481    6.85417     -3.049     0.2693   12.29667   3.351958 1.0326e+05    25.9392    25.9386 1.0000e-12     47.000          1       3138    1476.78 -6.436e-02  52491.331    130.727 1549941911      -0.06      0.366   39.96610  -73.24980    33.2656  1026.1572    25.9416     6.9227 0.0000e+00
     47.628     6.9373    33.1123  1026.1612     2.6858     6.6596     97.325    0.00043    6.84262    6.85196     -3.048     0.2545   12.29302   3.353352 3.5337e+04    25.9410    25.9404 1.0000e-12     48.000          1       3197    1476.84 1.2769e+00  52494.927    133.184 1549941913      -0.02      0.419   39.96610  -73.24981    33.2704  1026.1641    25.9440     6.9330 0.0000e+00
     48.618     6.9509    33.1170  1026.1676     2.6834     6.6400     97.049   -0.00115    6.84194    6.85127     -3.035     0.2410   12.29187   3.355039 -2.503e+02    25.9428    25.9423 1.0000e-12     49.000          1       3259    1476.91 1.9796e+00  52498.668    135.769 1549941916       0.05      0.386   39.96610  -73.24984    33.2753  1026.1707    25.9460     6.9465 0.0000e+00
     49.611     6.9565    33.1190  1026.1730     2.6825     6.6441     97.109   -0.00035    6.84187    6.85120     -3.048     0.3669   12.29175   3.355708 6.6205e+03    25.9437    25.9431 1.0000e-12     50.000          1       3316    1476.95 1.8440e+00  52500.691    138.129 1549941918      -0.02      0.421   39.96610  -73.24984    33.2768  1026.1757    25.9464     6.9520 0.0000e+00
     50.604     6.9570    33.1192  1026.1777     2.6814     6.6400     97.052   -0.00054    6.84167    6.85099     -3.048     0.2817   12.29142   3.355790 4.3843e+04    25.9437    25.9431 1.0000e-12     51.000          1       3378    1476.97 1.1089e+00  52501.493    140.708 1549941921       0.00      0.383   39.96610  -73.24986    33.2768  1026.1803    25.9463     6.9524 0.0000e+00
     51.592     6.9579    33.1194  1026.1823     2.6813     6.6471     97.157    0.00026    6.84160    6.85092     -3.048     0.2405   12.29129   3.355940 7.6082e+04    25.9438    25.9432 1.0000e-12     52.000          1       3447    1476.99 4.7229e-01  52502.325    143.563 1549941924       0.00      0.329   39.96610  -73.24988    33.2770  1026.1849    25.9464     6.9532 0.0000e+00
     52.590     6.9587    33.1196  1026.1870     2.6803     6.6382     97.025   -0.00056    6.84175    6.85108     -3.048     0.2329   12.29155   3.356058 6.8229e+04    25.9439    25.9433 1.0000e-12     53.000          1       3497    1477.01 6.2737e-01  52503.059    145.655 1549941926      -0.04      0.478   39.96610  -73.24988    33.2770  1026.1894    25.9463     6.9540 0.0000e+00
     53.580     6.9578    33.1196  1026.1917     2.6803     6.6462     97.141    0.00031    6.84178    6.85111     -3.048     0.2312   12.29160   3.356004 2.2839e+03    25.9440    25.9434 1.0000e-12     54.000          1       3565    1477.02 1.9296e+00  52503.950    148.493 1549941929       0.02      0.346   39.96610  -73.24990    33.2769  1026.1940    25.9464     6.9529 0.0000e+00
     54.570     6.9574    33.1196  1026.1963     2.6798     6.6393     97.043   -0.00046    6.84162    6.85094     -3.048     0.2604   12.29133   3.356011 5.0640e-11    25.9441    25.9434 1.0000e-12     55.000          1       3631    1477.04 1.9747e+00  52504.720    151.234 1549941931       0.06      0.356   39.96610  -73.24991    33.2769  1026.1986    25.9464     6.9525 0.0000e+00
     55.563     6.9583    33.1198  1026.2010     2.6810     6.6516     97.226    0.00059    6.84137    6.85069     -3.048     0.2429   12.29092   3.356160 5.0640e-11    25.9441    25.9435 1.0000e-12     56.000          1       3691    1477.06 1.9747e+00  52505.495    153.750 1549941934      -0.07      0.379   39.96610  -73.24993    33.2771  1026.2033    25.9465     6.9533 0.0000e+00
     56.557     6.9597    33.1199  1026.2055     2.6817     6.6516     97.227    0.00024    6.84127    6.85059     -3.048     0.2398   12.29075   3.356334 5.0640e-11    25.9440    25.9433 1.0000e-12     57.000          1       3751    1477.08 1.9747e+00  52505.937    156.244 1549941936       0.00      0.404   39.96610  -73.24994    33.2773  1026.2078    25.9464     6.9546 0.0000e+00
     57.545     6.9611    33.1201  1026.2100     2.6824     6.6526     97.240   -0.00004    6.84145    6.85078     -3.048     0.2360   12.29106   3.356515 5.0640e-11    25.9440    25.9433 1.0000e-12     58.000          1       3822    1477.10 1.9747e+00  52506.553    159.209 1549941940       0.32      0.296   39.96610  -73.24996    33.2774  1026.2124    25.9464     6.9559 0.0000e+00
     58.540     6.9599    33.1197  1026.2144     2.6818     6.6497     97.199   -0.00030    6.84127    6.85059     -3.032     0.2535   12.29076   3.356404 5.0640e-11    25.9438    25.9431 1.0000e-12     59.000          1       3879    1477.12 1.9747e+00  52506.919    161.565 1549941942      -0.12      0.403   39.96610  -73.24997    33.2769  1026.2167    25.9461     6.9546 0.0000e+00
     59.535     6.9606    33.1199  1026.2192     2.6807     6.6448     97.128   -0.00045    6.84126    6.85058     -2.959     0.2711   12.29073   3.356543 5.0640e-11    25.9440    25.9433 1.0000e-12     60.000          1       3937    1477.13 1.9747e+00  52507.824    164.016 1549941944       0.02      0.457   39.96610  -73.24998    33.2772  1026.2215    25.9463     6.9552 0.0000e+00
     60.523     6.9606    33.1200  1026.2238     2.6805     6.6478     97.174   -0.00002    6.84119    6.85051     -2.985     0.2852   12.29062   3.356598 9.9636e+04    25.9441    25.9433 1.0000e-12     61.000          1       4010    1477.15 7.1717e-03  52508.645    167.029 1549941947       0.01      0.302   39.96608  -73.25000    33.2773  1026.2261    25.9464     6.9551 0.0000e+00
     61.516     6.9609    33.1202  1026.2285     2.6807     6.6509     97.213   -0.00005    6.84163    6.85096     -3.030     0.2336   12.29135   3.356669 -2.811e+03    25.9442    25.9434 1.0000e-12     62.000          1       4099    1477.17 2.0302e+00  52509.464    170.748 1549941951       0.08      0.234   39.96608  -73.25003    33.2773  1026.2307    25.9464     6.9553 0.0000e+00
     62.509     6.9579    33.1200  1026.2333     2.6802     6.6484     97.171   -0.00030    6.84196    6.85129     -3.048     0.2501   12.29190   3.356423 1.5654e+02    25.9444    25.9436 1.0000e-12     63.000          1       4188    1477.17 1.9716e+00  52510.608    174.470 1549941955      -0.03      0.281   39.96608  -73.25005    33.2770  1026.2355    25.9466     6.9523 0.0000e+00
     63.501     6.9559    33.1197  1026.2380     2.6767     6.6380     97.019   -0.00033    6.84202    6.85136     -3.041     0.2393   12.29200   3.356271 4.7102e+04    25.9445    25.9437 1.0000e-12     64.000          1       4861    1477.18 1.0446e+00  52511.497    202.499 1549941983      -0.09      0.070   39.96608  -73.25020    33.2768  1026.2402    25.9467     6.9501 0.0000e+00
     62.508     6.9559    33.1198  1026.2335     2.6780     6.6466     97.143    0.00053    6.84206    6.85140     -3.048     0.2559   12.29207   3.356248 -1.831e+03    25.9445    25.9438 1.0000e-12     63.000          1       5766    1477.16 2.0108e+00  52510.956    240.222 1549942020       0.04     -0.377   39.96608  -73.25043    33.2770  1026.2357    25.9468     6.9503 0.0000e+00
     61.515     6.9556    33.1197  1026.2288     2.6787     6.6442     97.113    0.00015    6.84178    6.85111     -3.048     0.2457   12.29160   3.356159 5.0640e-11    25.9445    25.9437 1.0000e-12     62.000          1       5793    1477.15 1.9747e+00  52510.155    241.343 1549942022      -0.01     -0.440   39.96608  -73.25043    33.2768  1026.2311    25.9467     6.9500 0.0000e+00
     60.531     6.9567    33.1199  1026.2243     2.6796     6.6488     97.184    0.00053    6.84139    6.85071     -3.048     0.2469   12.29094   3.356243 1.4674e+04    25.9445    25.9438 1.0000e-12     61.000          1       5848    1477.14 1.6849e+00  52509.538    243.635 1549942024      -0.16     -0.393   39.96608  -73.25046    33.2772  1026.2266    25.9468     6.9512 0.0000e+00
     59.529     6.9585    33.1200  1026.2195     2.6793     6.6425     97.092   -0.00004    6.84143    6.85075     -3.048     0.2382   12.29101   3.356375 9.0677e+04    25.9443    25.9436 1.0000e-12     60.000          1       5889    1477.13 1.8409e-01  52508.486    245.323 1549942026       0.10     -0.556   39.96608  -73.25046    33.2774  1026.2219    25.9467     6.9531 0.0000e+00
     58.543     6.9592    33.1201  1026.2149     2.6803     6.6502     97.204    0.00061    6.84143    6.85076     -3.048     0.2267   12.29102   3.356390 9.9999e+04    25.9443    25.9436 1.0000e-12     59.000          1       5945    1477.11 0.0000e+00  52507.735    247.673 1549942028      -0.24     -0.356   39.96608  -73.25048    33.2773  1026.2171    25.9466     6.9539 0.0000e+00
     57.548     6.9599    33.1202  1026.2102     2.6814     6.6518     97.227    0.00053    6.84155    6.85087     -3.048     0.2396   12.29121   3.356417 1.2542e+04    25.9442    25.9435 1.0000e-12     58.000          1       5992    1477.10 1.7270e+00  52506.995    249.623 1549942030       0.11     -0.503   39.96608  -73.25048    33.2774  1026.2125    25.9465     6.9547 0.0000e+00
     56.555     6.9583    33.1201  1026.2058     2.6813     6.6463     97.151   -0.00002    6.84127    6.85060     -3.048     0.2797   12.29076   3.356213 5.5085e+01    25.9443    25.9437 1.0000e-12     57.000          1       6037    1477.08 1.9736e+00  52506.546    251.513 1549942032      -0.30     -0.515   39.96608  -73.25050    33.2772  1026.2080    25.9466     6.9532 0.0000e+00
     55.563     6.9597    33.1202  1026.2011     2.6811     6.6439     97.114   -0.00014    6.84129    6.85061     -3.035     0.2501   12.29078   3.356321 5.0640e-11    25.9443    25.9436 1.0000e-12     56.000          1       6084    1477.07 1.9747e+00  52505.702    253.458 1549942034       0.15     -0.521   39.96608  -73.25051    33.2775  1026.2034    25.9466     6.9547 0.0000e+00
     54.570     6.9605    33.1203  1026.1964     2.6814     6.6466     97.155    0.00020    6.84126    6.85058     -3.047     0.2562   12.29073   3.356345 -9.990e-29    25.9442    25.9435 1.0000e-12     55.000          1       6135    1477.05 -9.990e-29  52504.882    255.576 1549942036      -0.15     -0.495   39.96608  -73.25052    33.2775  1026.1987    25.9465     6.9556 0.0000e+00
     53.582     6.9603    33.1204  1026.1919     2.6825     6.6519     97.228    0.00054    6.84147    6.85079     -2.901     0.2755   12.29108   3.356292 5.0640e-11    25.9442    25.9436 1.0000e-12     54.000          1       6192    1477.04 1.9747e+00  52504.342    257.974 1549942038       0.11     -0.397   39.96608  -73.25053    33.2776  1026.1942    25.9466     6.9555 0.0000e+00
     52.584     6.9598    33.1202  1026.1873     2.6824     6.6464     97.147   -0.00006    6.84163    6.85096     -3.044     0.2289   12.29136   3.356177 5.0640e-11    25.9442    25.9436 1.0000e-12     53.000          1       6236    1477.02 1.9747e+00  52503.639    259.773 1549942040      -0.20     -0.570   39.96608  -73.25054    33.2773  1026.1895    25.9464     6.9550 0.0000e+00
     51.598     6.9591    33.1198  1026.1825     2.6814     6.6415     97.039   -0.00048    6.84415    6.85351     -3.049     0.2569   12.29557   3.356045 5.0640e-11    25.9440    25.9433 1.0000e-12     52.000          1       6288    1477.00 1.9747e+00  52502.561    261.963 1549942042       0.15     -0.446   39.96608  -73.25056    33.2770  1026.1847    25.9462     6.9545 0.0000e+00
     50.599     6.9505    33.1177  1026.1774     2.6830     6.6559     97.240    0.00070    6.84485    6.85422     -3.049     0.2465   12.29673   3.354980 2.1908e+04    25.9435    25.9429 1.0000e-12     51.000          1       6333    1476.95 1.5421e+00  52501.161    263.820 1549942044      -0.05     -0.564   39.96608  -73.25058    33.2741  1026.1790    25.9451     6.9460 0.0000e+00
     49.609     6.9392    33.1145  1026.1718     2.6862     6.6668     97.389    0.00073    6.84557    6.85494     -3.049     0.2603   12.29793   3.353667 5.5720e+04    25.9425    25.9419 1.0000e-12     50.000          1       6566    1476.88 8.7438e-01  52498.938    273.525 1549942054      -0.01     -0.286   39.96608  -73.25063    33.2711  1026.1736    25.9442     6.9347 0.0000e+00
     48.623     6.9412    33.1149  1026.1672     2.6843     6.6474     97.088   -0.00087    6.84676    6.85615     -3.034     0.2596   12.29992   3.353817 -9.990e-29    25.9424    25.9419 1.0000e-12     49.000          1       8251    1476.87 -9.990e-29  52498.168    343.758 1549942124       0.02     -0.387   39.96612  -73.25109    33.2713  1026.1689    25.9441     6.9368 0.0000e+00
     47.622     6.9316    33.1124  1026.1620     2.6866     6.6703     97.416    0.00116    6.84726    6.85666     -2.935     0.2719   12.30077   3.352721 5.0640e-11    25.9418    25.9412 1.0000e-12     48.000          1       8112    1476.82 1.9747e+00  52496.584    337.966 1549942118      -0.16     -0.606   39.96612  -73.25104    33.2690  1026.1638    25.9436     6.9273 0.0000e+00
     46.637     6.9262    33.1104  1026.1565     2.6883     6.6701     97.423    0.00064    6.84652    6.85591     -3.032     0.2523   12.29957   3.352024 5.0640e-11    25.9409    25.9404 1.0000e-12     47.000          1       8171    1476.78 1.9747e+00  52494.440    340.432 1549942121       0.13     -0.370   39.96612  -73.25106    33.2670  1026.1584    25.9428     6.9220 0.0000e+00
     45.643     6.9292    33.1088  1026.1503     2.6864     6.6509     97.147   -0.00086    6.84618    6.85556     -3.050     0.2220   12.29900   3.352156 5.0640e-11    25.9393    25.9387 1.0000e-12     46.000          1       8235    1476.77 1.9747e+00  52490.689    343.063 1549942123       0.04     -0.371   39.96612  -73.25108    33.2660  1026.1526    25.9416     6.9251 0.0000e+00
     44.650     6.9334    33.1086  1026.1449     2.6832     6.6355     96.916   -0.00152    6.84665    6.85604     -3.031     0.2288   12.29980   3.352444 5.0640e-11    25.9385    25.9379 1.0000e-12     45.000          1       8288    1476.77 1.9747e+00  52488.501    345.295 1549942126      -0.16     -0.495   39.96612  -73.25110    33.2656  1026.1471    25.9407     6.9294 0.0000e+00
