CalculateIndicators/WaterTemperature/Data/CTD_NYOS/NY1902_11_6_4.cnv
* Sea-Bird SBE 9 Data File:
* FileName = C:\Seabird 9 CTD\Data\2019\201902_Offshore\NY1902_ctd_casts\NY1902_11_6_4.hex
* Software Version Seasave V 7.23.2
* Temperature SN = 4590
* Conductivity SN = 3228
* Number of Bytes Per Scan = 44
* Number of Voltage Words = 5
* Number of Scans Averaged by the Deck Unit = 1
* NMEA Latitude = 39 40.46 N
* NMEA Longitude = 073 08.24 W
* NMEA UTC (Time) = Feb 11 2019  23:18:26
* NMEA baud rate = 4800
** Ship: Seawolf
** Station: 6.4
** Operator: AJB
# nquan = 35
# nvalues = 76                          
# units = specified
# name 0 = depSM: Depth [salt water, m]
# name 1 = t090C: Temperature [ITS-90, deg C]
# name 2 = sal00: Salinity, Practical [PSU]
# name 3 = density00: Density [density, kg/m^3]
# name 4 = sbeox0V: Oxygen raw, SBE 43 [V]
# name 5 = sbeox0ML/L: Oxygen, SBE 43 [ml/l]
# name 6 = sbeox0PS: Oxygen, SBE 43 [% saturation]
# name 7 = sbox0dV/dT: Oxygen, SBE 43 [dov/dt]
# name 8 = oxsolML/L: Oxygen Saturation, Garcia & Gordon [ml/l]
# name 9 = oxsatML/L: Oxygen Saturation, Weiss [ml/l]
# name 10 = ph: pH
# name 11 = flECO-AFL: Fluorescence, WET Labs ECO-AFL/FL [mg/m^3]
# name 12 = n2satML/L: Nitrogen Saturation [ml/l]
# name 13 = c0S/m: Conductivity [S/m]
# name 14 = cpar: CPAR/Corrected Irradiance [%]
# name 15 = sigma-é00: Density [sigma-theta, kg/m^3]
# name 16 = sigma-t00: Density [sigma-t, kg/m^3 ]
# name 17 = par: PAR/Irradiance, Biospherical/Licor
# name 18 = prDM: Pressure, Digiquartz [db]
# name 19 = pumps: Pump Status
# name 20 = scan: Scan Count
# name 21 = svCM: Sound Velocity [Chen-Millero, m/s]
# name 22 = spar: SPAR, Biospherical/Licor
# name 23 = specc: Specific Conductance [uS/cm]
# name 24 = timeS: Time, Elapsed [seconds]
# name 25 = timeY: Time, System [seconds]
# name 26 = accM: Acceleration [m/s^2]
# name 27 = dz/dtM: Descent Rate [m/s]
# name 28 = latitude: Latitude [deg]
# name 29 = longitude: Longitude [deg]
# name 30 = gsw_saA0: Absolute Salinity [g/kg]
# name 31 = gsw_densityA0: density, TEOS-10 [density, kg/m^3]
# name 32 = gsw_sigma0A0: density, TEOS-10 [sigma-0, kg/m^3 ]
# name 33 = gsw_ptA0: potential temperature [ITS-90, deg C]
# name 34 = flag: flag
# span 0 =      0.986,     38.712       
# span 1 =     5.4995,     5.9037       
# span 2 =    32.3612,    32.7736       
# span 3 =  1025.5366,  1025.9859       
# span 4 =     1.9842,     2.7806       
# span 5 =     4.3053,     7.9536       
# span 6 =     60.662,    102.351       
# span 7 =   -0.03908,    0.08354       
# span 8 =    7.02762,    7.88786       
# span 9 =    7.03944,    7.89069       
# span 10 =     -4.266,      4.967      
# span 11 =     0.4419,     1.1253      
# span 12 =   12.60283,   14.24461      
# span 13 =   3.159734,   3.232282      
# span 14 = -1.556e+04, 1.0551e+05      
# span 15 =    25.5274,    25.8058      
# span 16 =    25.5274,    25.8055      
# span 17 = 1.0000e-12, 1.0000e-12      
# span 18 =      1.000,     39.000      
# span 19 =         -0,          1      
# span 20 =       -114,      17835      
# span 21 =    1469.44,    1472.18      
# span 22 = -1.089e-01, 2.2820e+00      
# span 23 =  51794.409,  52294.519      
# span 24 =     -4.792,    743.064      
# span 25 = 1549927100, 1549927848      
# span 26 =      -0.47,       0.50      
# span 27 =     -0.778,      0.608      
# span 28 =   39.67392,   39.67444      
# span 29 =  -73.14166,  -73.13734      
# span 30 =    32.5170,    32.9291      
# span 31 =  1025.5402,  1025.9877      
# span 32 =    25.5309,    25.8077      
# span 33 =     5.4993,     5.9008      
# span 34 = 0.0000e+00, 0.0000e+00      
# interval = decibars: 1                
# start_time = Feb 11 2019 23:18:25 [System UTC, first data scan.]
# bad_flag = -9.990e-29
*END*
      1.984     5.4995    32.3612  1025.5366     1.9842     4.3053     60.662   -0.03908    7.09350    7.10568     -4.266     0.6124   12.71796   3.159734 5.0640e-11    25.5274    25.5274 1.0000e-12      2.000         -0       -114    1469.44 1.9747e+00  51794.409     -4.792 1549927100       0.12     -0.057   39.67441  -73.13734    32.5170  1025.5402    25.5309     5.4993 0.0000e+00
      2.978     5.6467    32.6442  1025.7478     2.5851     7.2412    102.351    0.08354    7.07518    7.08759     -0.164     0.7191   12.68302   3.197219 5.0640e-11    25.7339    25.7339 1.0000e-12      3.000          1        377    1470.40 1.9747e+00  52159.123     15.663 1549927120       0.19      0.339   39.67444  -73.13750    32.7996  1025.7500    25.7361     5.6465 0.0000e+00
      3.967     5.6541    32.6588  1025.7631     2.7109     7.1871    101.589    0.02998    7.07467    7.08708      0.137     0.6193   12.68193   3.199161 5.0640e-11    25.7446    25.7446 1.0000e-12      4.000          1        462    1470.47 1.9747e+00  52178.666     19.193 1549927124      -0.02      0.353   39.67444  -73.13752    32.8140  1025.7651    25.7466     5.6538 0.0000e+00
      4.959     5.6518    32.6589  1025.7681     2.7451     7.1239    100.696    0.00958    7.07471    7.08713     -0.159     0.6857   12.68200   3.198985 5.0640e-11    25.7450    25.7449 1.0000e-12      5.000          1        530    1470.48 1.9747e+00  52180.221     22.027 1549927127      -0.04      0.314   39.67443  -73.13753    32.8137  1025.7698    25.7467     5.6514 0.0000e+00
      5.955     5.6515    32.6591  1025.7730     2.7546     7.1189    100.610    0.00520    7.07577    7.08821     -0.912     0.6904   12.68377   3.199034 5.0640e-11    25.7452    25.7452 1.0000e-12      6.000          1        584    1470.49 1.9747e+00  52181.423     24.301 1549927129      -0.05      0.458   39.67442  -73.13755    32.8141  1025.7748    25.7470     5.6510 0.0000e+00
      6.947     5.6493    32.6590  1025.7777     2.7611     7.1157    100.556    0.00222    7.07636    7.08880     -1.987     0.6042   12.68475   3.198813 5.0640e-11    25.7453    25.7453 1.0000e-12      7.000          1        638    1470.50 1.9747e+00  52182.554     26.560 1549927131       0.42      0.389   39.67442  -73.13756    32.8132  1025.7790    25.7466     5.6487 0.0000e+00
      7.936     5.6416    32.6570  1025.7817     2.7673     7.1331    100.807    0.00185    7.07600    7.08844     -2.539     0.6922   12.68415   3.198067 3.9468e+04    25.7447    25.7446 1.0000e-12      8.000          1        706    1470.48 1.1953e+00  52182.779     29.358 1549927134       0.09      0.318   39.67442  -73.13758    32.8118  1025.7834    25.7464     5.6410 0.0000e+00
      8.935     5.6436    32.6577  1025.7866     2.7676     7.1183    100.628    0.00016    7.07385    7.08625     -2.893     0.6272   12.68057   3.198335 3.8320e+03    25.7450    25.7449 1.0000e-12      9.000          1        754    1470.51 1.8990e+00  52183.803     31.382 1549927136      -0.00      0.557   39.67442  -73.13759    32.8123  1025.7882    25.7466     5.6429 0.0000e+00
      9.918     5.6475    32.6587  1025.7916     2.7722     7.1536    101.150    0.00271    7.07226    7.08464     -3.020     0.5960   12.67794   3.198902 1.0769e+04    25.7453    25.7452 1.0000e-12     10.000          1        812    1470.54 1.7620e+00  52184.839     33.798 1549927139       0.13      0.340   39.67442  -73.13760    32.8145  1025.7941    25.7478     5.6467 0.0000e+00
     10.916     5.6641    32.6606  1025.7958     2.7727     7.1367    100.909    0.00040    7.07241    7.08480     -2.842     0.6435   12.67819   3.200494 8.1188e+04    25.7449    25.7448 1.0000e-12     11.000          1        866    1470.62 3.7147e-01  52183.285     36.052 1549927141      -0.06      0.407   39.67442  -73.13762    32.8159  1025.7979    25.7470     5.6632 0.0000e+00
     11.910     5.6647    32.6609  1025.8006     2.7719     7.1286    100.807   -0.00031    7.07156    7.08393     -2.597     0.6437   12.67676   3.200609 3.9205e+04    25.7451    25.7450 1.0000e-12     12.000          1        930    1470.64 1.2005e+00  52184.278     38.724 1549927144       0.07      0.444   39.67442  -73.13763    32.8161  1025.8026    25.7471     5.6638 0.0000e+00
     12.896     5.6684    32.6618  1025.8055 -9.990e-29     7.1286    100.813   -0.00019    7.07105    7.08342     -2.959     0.5962   12.67592   3.201068 -2.140e+03    25.7454    25.7452 1.0000e-12     13.000          1        989    1470.67 2.0170e+00  52185.112     41.168 1549927146       0.08      0.384   39.67442  -73.13764    32.8173  1025.8077    25.7476     5.6673 0.0000e+00
     13.893     5.6706    32.6624  1025.8104     2.7719     7.1313    100.874    0.00012    7.06959    7.08194     -3.079     0.6297   12.67348   3.201314 -9.990e-29    25.7456    25.7455 1.0000e-12     14.000          1       1044    1470.70 -9.990e-29  52186.128     43.444 1549927148      -0.09      0.410   39.67442  -73.13765    32.8173  1025.8121    25.7474     5.6695 0.0000e+00
     14.883     5.6765    32.6646  1025.8160     2.7723     7.1303    100.933    0.00031    7.06444    7.07671     -3.093     0.6119   12.66490   3.202164 5.0640e-11    25.7466    25.7465 1.0000e-12     15.000          1       1104    1470.75 1.9747e+00  52188.135     45.939 1549927151       0.25      0.419   39.67442  -73.13767    32.8207  1025.8187    25.7494     5.6753 0.0000e+00
     15.877     5.6898    32.6671  1025.8210     2.7724     7.1233    100.912    0.00004    7.05886    7.07105     -3.092     0.6095   12.65558   3.203656 5.0640e-11    25.7470    25.7469 1.0000e-12     16.000          1       1149    1470.82 1.9747e+00  52188.452     47.815 1549927153      -0.11      0.529   39.67442  -73.13768    32.8242  1025.8245    25.7505     5.6886 0.0000e+00
     16.874     5.7290    32.6762  1025.8281     2.7689     7.0940    100.528   -0.00190    7.05668    7.06885     -3.092     0.6050   12.65195   3.207901 5.0640e-11    25.7496    25.7494 1.0000e-12     17.000          1       1195    1471.00 1.9747e+00  52190.484     49.757 1549927155       0.10      0.533   39.67442  -73.13769    32.8337  1025.8319    25.7533     5.7277 0.0000e+00
     17.857     5.7534    32.6819  1025.8343     2.7640     7.0759    100.335   -0.00179    7.05225    7.06435     -3.091     0.5483   12.64454   3.210478 -9.990e-29    25.7512    25.7510 1.0000e-12     18.000          1       1258    1471.12 -9.990e-29  52192.020     52.394 1549927157      -0.09      0.333   39.67442  -73.13771    32.8386  1025.8375    25.7543     5.7520 0.0000e+00
     18.857     5.7677    32.6865  1025.8410     2.7611     7.0678    100.229   -0.00171    7.05172    7.06381     -3.090     0.5540   12.64364   3.212259 5.0640e-11    25.7531    25.7530 1.0000e-12     19.000          1       1302    1471.20 1.9747e+00  52195.185     54.213 1549927159       0.03      0.560   39.67442  -73.13772    32.8444  1025.8450    25.7572     5.7662 0.0000e+00
     19.842     5.7793    32.6903  1025.8471     2.7578     7.0597    100.119   -0.00150    7.05128    7.06337     -3.090     0.5249   12.64292   3.213564 5.0640e-11    25.7547    25.7545 1.0000e-12     20.000          1       1350    1471.27 1.9747e+00  52197.819     56.222 1549927161       0.06      0.454   39.67442  -73.13772    32.8474  1025.8505    25.7581     5.7777 0.0000e+00
     20.841     5.7768    32.6892  1025.8513     2.7575     7.0645    100.239   -0.00045    7.04765    7.05969     -3.090     0.5193   12.63686   3.213193 8.3992e+04    25.7542    25.7540 1.0000e-12     21.000          1       1390    1471.28 3.1609e-01  52197.851     57.855 1549927163      -0.06      0.608   39.67442  -73.13774    32.8451  1025.8537    25.7567     5.7751 0.0000e+00
     21.830     5.7993    32.6955  1025.8581     2.7542     7.0435     99.959   -0.00166    7.04637    7.05839     -3.089     0.4983   12.63470   3.215849 1.0001e+05    25.7565    25.7563 1.0000e-12     22.000          1       1445    1471.39 -1.471e-04  52200.840     60.147 1549927165      -0.02      0.422   39.67442  -73.13774    32.8528  1025.8616    25.7600     5.7976 0.0000e+00
     22.823     5.8092    32.6993  1025.8645     2.7504     7.0311     99.779   -0.00185    7.04673    7.05876     -3.089     0.4860   12.63529   3.217024 5.4242e+04    25.7583    25.7581 1.0000e-12     23.000          1       1494    1471.45 9.0357e-01  52203.987     62.216 1549927167       0.08      0.484   39.67441  -73.13776    32.8559  1025.8676    25.7613     5.8074 0.0000e+00
     23.814     5.8092    32.7003  1025.8699     2.7490     7.0373     99.869   -0.00068    7.04654    7.05856     -3.090     0.4717   12.63495   3.217075 -2.054e+03    25.7591    25.7588 1.0000e-12     24.000          1       1540    1471.47 2.0153e+00  52206.118     64.111 1549927169      -0.03      0.528   39.67440  -73.13777    32.8560  1025.8723    25.7614     5.8073 0.0000e+00
     24.810     5.8074    32.7005  1025.8750     2.7471     7.0269     99.741   -0.00107    7.04515    7.05715 -9.990e-29     0.5458   12.63263   3.216995 5.0640e-11    25.7595    25.7593 1.0000e-12     25.000          1       1583    1471.48 1.9747e+00  52207.784     65.917 1549927171      -0.01      0.561   39.67440  -73.13778    32.8564  1025.8774    25.7620     5.8054 0.0000e+00
     25.801     5.8178    32.7049  1025.8818     2.7449     7.0227     99.696   -0.00068    7.04414    7.05613     -3.089     0.5153   12.63093   3.218339 6.5536e+04    25.7617    25.7615 1.0000e-12     26.000          1       1675    1471.54 6.8055e-01  52211.686     69.744 1549927175       0.01      0.254   39.67440  -73.13781    32.8610  1025.8844    25.7643     5.8157 0.0000e+00
     26.796     5.8378    32.7129  1025.8903     2.7441     7.0201     99.732   -0.00015    7.03894    7.05087     -3.088     0.5027   12.62221   3.220834 1.1281e+03    25.7656    25.7654 1.0000e-12     27.000          1       2049    1471.65 1.9524e+00  52217.949     85.350 1549927190       0.50      0.173   39.67440  -73.13790    32.8693  1025.8931    25.7684     5.8357 0.0000e+00
     27.784     5.8579    32.7205  1025.8986     2.7437     7.0133     99.676   -0.00058    7.03611    7.04799     -3.087     0.5085   12.61746   3.223304 -8.425e+02    25.7693    25.7690 1.0000e-12     28.000          1       2107    1471.76 1.9913e+00  52223.662     87.733 1549927193       0.19      0.340   39.67440  -73.13790    32.8771  1025.9015    25.7722     5.8557 0.0000e+00
     28.778     5.8642    32.7229  1025.9043 -9.990e-29     7.0106     99.640   -0.00052    7.03593    7.04781     -3.087     0.5017   12.61716   3.224043 5.0640e-11    25.7703    25.7701 1.0000e-12     29.000          1       2169    1471.80 1.9747e+00  52225.885     90.344 1549927195       0.02      0.367   39.67440  -73.13792    32.8789  1025.9067    25.7728     5.8619 0.0000e+00
     29.770     5.8665    32.7238  1025.9094     2.7424     7.0128     99.698   -0.00006    7.03404    7.04590     -3.087     0.4656   12.61399   3.224350 2.3717e+04    25.7708    25.7705 1.0000e-12     30.000          1       2242    1471.83 1.5063e+00  52227.257     93.366 1549927198       0.06      0.359   39.67440  -73.13794    32.8796  1025.9116    25.7731     5.8641 0.0000e+00
     30.759     5.8773    32.7282  1025.9161     2.7427     7.0110     99.716   -0.00017    7.03095    7.04277     -3.086     0.4739   12.60880   3.225835 1.0031e+05    25.7730    25.7727 1.0000e-12     31.000          1       2318    1471.89 -6.197e-03  52231.072     96.533 1549927201       0.38      0.310   39.67440  -73.13797    32.8854  1025.9195    25.7764     5.8748 0.0000e+00
     31.755     5.8941    32.7341  1025.9234     2.7415     7.0059     99.654   -0.00034    7.03023    7.04204 -9.990e-29     0.4964   12.60759   3.227757 1.8611e+04    25.7757    25.7753 1.0000e-12     32.000          1       2385    1471.98 1.6072e+00  52235.316     99.322 1549927204       0.05      0.326   39.67440  -73.13798    32.8902  1025.9259    25.7781     5.8916 0.0000e+00
     32.744     5.8979    32.7366  1025.9295     2.7397     6.9974     99.548   -0.00068    7.02915    7.04094     -3.086     0.5673   12.60576   3.228347 -9.990e-29    25.7772    25.7769 1.0000e-12     33.000          1       2465    1472.02 -9.990e-29  52238.559    102.667 1549927207      -0.02      0.303   39.67440  -73.13800    32.8927  1025.9320    25.7796     5.8953 0.0000e+00
     33.738     5.9026    32.7395  1025.9359     2.7383     6.9978     99.555   -0.00022    7.02908    7.04087     -3.086     0.4950   12.60564   3.229029 5.0640e-11    25.7789    25.7786 1.0000e-12     34.000          1       2531    1472.06 1.9747e+00  52242.036    105.411 1549927210      -0.03      0.365   39.67439  -73.13802    32.8954  1025.9382    25.7812     5.8998 0.0000e+00
     34.731     5.9033    32.7402  1025.9409     2.7381     6.9968     99.543   -0.00031    7.02897    7.04076     -3.086     0.5355   12.60544   3.229178 6.8589e+03    25.7794    25.7790 1.0000e-12     35.000          1       2598    1472.08 1.8393e+00  52243.512    108.214 1549927213      -0.01      0.379   39.67438  -73.13804    32.8959  1025.9431    25.7815     5.9005 0.0000e+00
     35.720     5.9035    32.7417  1025.9467     2.7380     7.0013     99.612    0.00015    7.02863    7.04043     -3.086     0.5033   12.60478   3.229362 1.0551e+05    25.7805    25.7802 1.0000e-12     36.000          1       2685    1472.10 -1.089e-01  52246.328    111.818 1549927217      -0.01      0.233   39.67438  -73.13806    32.8973  1025.9488    25.7826     5.9006 0.0000e+00
     36.719     5.9033    32.7492  1025.9573     2.7374     6.9949     99.527   -0.00040    7.02812    7.03992     -3.086     0.5026   12.60379   3.230085 -9.990e-29    25.7865    25.7862 1.0000e-12     37.000          1       2743    1472.12 -9.990e-29  52257.931    114.238 1549927219       0.10      0.481   39.67438  -73.13807    32.9051  1025.9596    25.7888     5.9004 0.0000e+00
     37.709     5.9034    32.7636  1025.9733     2.7389     7.0061     99.690    0.00034    7.02792    7.03973     -3.086     0.4794   12.60341   3.231398 5.0000e+04    25.7979    25.7975 1.0000e-12     38.000          1       2857    1472.16 9.8735e-01  52279.245    118.983 1549927224       0.12      0.209   39.67438  -73.13810    32.9194  1025.9754    25.8000     5.9003 0.0000e+00
     38.712     5.9032    32.7736  1025.9859     2.7410     7.0058     99.689   -0.00014    7.02762    7.03944     -3.086     0.4419   12.60283   3.232282 5.0181e+04    25.8058    25.8055 1.0000e-12     39.000          1       3072    1472.18 9.8376e-01  52294.519    127.953 1549927233      -0.02      0.198   39.67438  -73.13815    32.9291  1025.9877    25.8077     5.9000 0.0000e+00
     37.696     5.9031    32.7699  1025.9782     2.7415     7.0154     99.822    0.00050    7.02792    7.03973     -3.086     0.4942   12.60341   3.231871 -9.990e-29    25.8029    25.8025 1.0000e-12     38.000          1       3538    1472.16 -9.990e-29  52288.458    147.359 1549927252      -0.47     -0.387   39.67435  -73.13825    32.9250  1025.9799    25.8044     5.9000 0.0000e+00
     36.713     5.9033    32.7615  1025.9670     2.7419     7.0045     99.655   -0.00076    7.02878    7.04058     -3.086     0.5378   12.60506   3.231090 5.0640e-11    25.7962    25.7958 1.0000e-12     37.000          1       4216    1472.14 1.9747e+00  52275.575    175.643 1549927280       0.05     -0.532   39.67432  -73.13842    32.9165  1025.9685    25.7977     5.9003 0.0000e+00
     35.722     5.9037    32.7509  1025.9540     2.7401     6.9979     99.553   -0.00086    7.02940    7.04120     -3.086     0.5232   12.60616   3.230145 5.0640e-11    25.7878    25.7875 1.0000e-12     36.000          1       4275    1472.11 1.9747e+00  52259.574    178.087 1549927283      -0.04     -0.475   39.67432  -73.13842    32.9059  1025.9556    25.7894     5.9008 0.0000e+00
